# Position (bp)	A	C	G	T	N
0.0	27.14795003690988	24.030529744677363	23.153627128176886	25.66789309023587	0.0
1.0	27.43280666743552	20.069751722990187	15.147131172071282	37.35031043750301	0.0
2.0	28.207613625117162	19.945014001199272	17.740625600363273	34.10674677332029	0.0
3.0	23.873960193371367	21.9560704382794	14.98671660641958	39.18281724082865	4.355211009973433E-4
4.0	34.28168961069232	14.30149448633999	14.403414314234464	37.01238818135359	0.0010134073796325385
5.0	36.07845348112748	14.821480456739422	22.23272663142389	26.85866606531333	0.008673365395874079
6.0	32.53884754099071	17.810769503868517	20.013970249718213	29.629629629629626	0.006783075792934344
7.0	35.31893669988339	16.925534107797446	20.203913066667436	27.550030487497246	0.0015856381544901669
8.0	23.433105968647	26.509080908134013	21.951995668695528	28.10466551184413	0.0011519426793322764
9.0	28.890289330219748	18.470286423824383	15.947333813895737	36.69165878918418	4.3164287595015387E-4
10.0	26.89180153429149	17.274943021274456	24.500204907719628	31.332475357150564	5.751795638700957E-4
11.0	28.450584820530505	18.660229330114664	19.628991004971695	33.25818317671064	0.0020116676725005027
12.0	26.724298890921993	19.74078425402224	20.9305799320363	32.59715563573064	0.007181287288834247
13.0	27.88520886383014	21.335804120722173	18.380476377760615	32.39836709852815	1.435391589179444E-4
14.0	31.384693558249626	18.659660041856018	20.336628035494364	29.6183006686054	7.17695794589722E-4
15.0	29.92834525186816	19.013340529429833	19.27616072940859	31.781435793498826	7.17695794589722E-4
16.0	30.65250030860919	17.743306051323863	19.088698587861757	32.51348550398034	0.0020095482248512217
17.0	30.221882831855357	18.648894604937173	20.285815173237413	30.84111076342737	0.0022966265426871105
18.0	32.00492626393407	18.31545313877079	18.193731932008372	31.47785047238737	0.008038192899404887
19.0	30.937138460743473	18.464159707409777	19.526349483402566	31.072352348444177	0.0
20.0	30.245853871394658	18.615306441750374	19.466493654133785	31.672346032721187	0.0
21.0	30.197911792316063	17.462830534798197	19.319796633719648	33.019173960848256	2.870783178358888E-4
22.0	28.828404677079956	19.043770831120437	19.820604759184356	32.305784341026076	0.001435391589179444
23.0	29.88298687765009	17.755650418990804	20.003473647645816	32.357314899077615	5.741566356717776E-4
24.0	30.93900446980941	17.95847125054186	18.446217312545034	32.653866801402096	0.002440165701605055
25.0	29.344140875072128	18.351194389341355	19.30472502203326	32.9995090960765	4.306174767538332E-4
26.0	31.743828533862324	17.942681943060887	19.984670017827565	30.32867596609031	1.435391589179444E-4
27.0	29.067397376678333	18.315740217088624	19.829360647878346	32.78735821919578	1.435391589179444E-4
28.0	29.916287962519057	18.026795890186804	19.986679566052416	32.06707871974553	0.0031578614961947768
29.0	29.306390076276713	18.734013326175514	19.421709436551385	32.53587761277154	0.0020095482248512217
30.0	30.046004894748553	18.399948325235226	19.238371383663598	32.314527068246576	0.0011483281060481005
31.0	30.59882525866128	18.226864026273784	19.3110308556205	31.861126741154987	0.0021531182894479976
32.0	29.538385130256668	18.539236330908917	19.46148998870329	32.460745008705786	1.4354142533764533E-4
33.0	29.575158004131147	18.23015277201615	19.25820236299251	32.93505143836511	0.0014354224950800893
34.0	29.791015039051004	18.317440677065914	19.418419213008484	32.47269444041726	4.3063045734390004E-4
35.0	30.29680673524081	17.56841376576597	19.511603124039535	32.62317637495368	0.0
36.0	30.82885292431975	17.721160793416637	18.752792026188665	32.69690697363753	2.8728243741911203E-4
37.0	29.202923223015713	18.975521526948732	19.206816448085785	32.614020494741276	7.183072085001602E-4
38.0	30.817288349905166	18.35335364101385	19.08543594459452	31.74262888671763	0.0012931777688372894
39.0	29.65573049470056	18.88911566776958	19.354379691088834	32.100486680254235	2.8746618678977885E-4
40.0	30.08698554652993	18.748075700157397	19.38946102339661	31.771305416238643	0.004172313677419726
41.0	29.712613299034558	18.41216435183518	20.253611237939133	31.62031482476368	0.0012962864274490091
42.0	29.152997745709065	18.466736236429572	19.689155765161694	32.68894820896297	0.002162043736703431
43.0	29.562563815611103	18.345293652762315	20.37556749023657	31.713113855703167	0.003461185686843456
44.0	29.723743672913432	18.705378528595258	19.898218315508792	31.672370904347723	2.885786347921945E-4
45.0	29.426565673626175	18.57789788385223	19.58869443830922	32.40669764594981	1.443582625616951E-4
46.0	30.3452080433012	17.550674992634868	19.52626319225015	32.577709357471704	1.4441434207714037E-4
47.0	29.770713371489986	18.418193847745126	19.777705226845256	32.030931736956006	0.002455816963627906
48.0	30.225463731004226	17.9755374308522	18.693316146336105	33.10452661576078	0.0011560760466823507
49.0	29.416892425210555	17.976644471493707	20.056610701677794	32.54884046364107	0.0010119379768757715
50.0	29.796926922915564	18.48765025772935	19.48992302116954	32.22506578861709	4.3400956846428607E-4
51.0	30.042220983031942	18.25380387158448	19.494506926993186	32.209468218390384	0.0
52.0	29.773015023559967	18.148791110298948	19.811549243891015	32.2664995931935	1.450290565714841E-4
53.0	31.199213554281595	17.728862093200206	19.227261902687506	31.83304582178931	0.011616628041378429
54.0	30.102948615819376	18.537437710418132	19.179376551788298	32.17863808953419	0.0015990324400072104
55.0	28.93174016237305	18.465677992616232	18.055306956080113	34.54611071577731	0.0011641731532939551
56.0	29.4001377922076	18.042913678862586	20.492730951246905	32.06319797360974	0.0010196040731726146
57.0	28.179180009357495	18.92560790927019	19.520872899847102	33.373901915371505	4.3726615370488325E-4
58.0	30.836262096191806	17.78032600814364	21.960396415165086	29.42286958944799	1.4589105148057533E-4
59.0	29.53998340598086	20.384934500368107	21.006918069951972	29.05954565108153	0.00861837261753123
60.0	31.29153322365147	18.961252246819324	19.621978137789306	30.125090019145535	1.4637259436641158E-4
61.0	29.2469845068316	21.102000357782803	19.340946482144584	30.31006865324101	0.0
62.0	31.384574214683553	16.560458044898752	21.369253118622336	30.68527351538285	4.411064125109541E-4
63.0	26.638014752980553	20.447843579442644	25.04774499009679	27.864035256022362	0.00236142145764643
64.0	26.19902487847996	20.089931492753216	18.014133783829802	35.695577307178084	0.001332537758937997
65.0	27.77101240933581	19.354613552254055	18.46935684117357	34.39981941416529	0.005197783071266062
66.0	26.803788790996553	19.54690685392053	17.107827942631648	36.535217396487795	0.0062590159634711914
67.0	33.493908512528456	14.097912472817878	17.837753762125395	34.5693783482243	0.0010469043039731513
68.0	34.63388917505918	15.48355813226304	22.754717152140714	27.12783554053707	0.0
69.0	31.979755705273416	17.075957741114205	20.32463657265694	30.619649980955437	0.0
70.0	33.26856642231124	16.093609480415612	22.00426764718571	28.633556450087443	0.0
71.0	25.961552511987442	20.195055558686796	25.1929367509806	28.650455178345158	0.0
