# Position (bp)	A	C	G	T	N
0.0	25.789991001777533	24.305630466297313	24.682733932008816	25.22164459991634	0.0
1.0	26.841659648321148	21.53887247738775	15.674841001252693	35.94462687303841	0.0
2.0	28.52624967540826	20.897255299134592	17.306729202628528	33.26976582282862	0.0
3.0	23.413003674860356	22.495002931048262	15.388382869462763	38.703610524628616	0.0
4.0	33.31978592868798	14.054617689785859	15.333720338269991	37.291876043256174	0.0
5.0	34.678275855606124	15.21873100673561	24.27837867024614	25.824614467412133	0.0
6.0	31.310911107348122	17.67547943008075	21.529928390859144	29.48368107171199	0.0
7.0	35.079108724214116	17.762980146796842	20.85410694497338	26.303804184015654	0.0
8.0	22.93022989128895	26.926148011857443	22.741083772900613	27.402538323952996	0.0
9.0	26.940627350243147	19.014182389242542	16.02579419394148	38.01939606657283	0.0
10.0	26.416314667034342	17.114511041220602	25.048519169729307	31.420655122015756	0.0
11.0	27.765458813198464	19.263588435180644	19.53517084838437	33.435781903236524	0.0
12.0	25.54579185582952	20.82327420899642	20.69438801815785	32.93654591701621	0.0
13.0	26.876329271310006	21.562657496270287	19.18641735432369	32.37459587809602	0.0
14.0	30.312506065593407	19.080666870582156	19.75459194703373	30.8522351167907	0.0
15.0	29.38451210541851	18.890048277103748	20.999658876604133	30.72578074087361	0.0
16.0	28.39487498351832	18.879383987815046	18.83007838252627	33.89566264614036	0.0
17.0	29.65161016266611	18.13640875373055	19.968725521496015	32.24325556210733	0.0
18.0	32.15635722156444	17.800907535480516	19.652031825987358	30.390703416967686	0.0
19.0	30.331692862221622	18.974180149295588	20.46057682203733	30.23355016644546	0.0
20.0	29.78477991740307	17.785848131150235	20.292714661769125	32.13665728967757	0.0
21.0	29.466457575203876	19.07756574880155	19.89342849984461	31.562548176149964	0.0
22.0	30.006900553717564	19.034841660960826	23.122767164430176	27.835490620891434	0.0
23.0	29.502466284224727	20.51262658544851	21.841959248582576	28.142947881744185	0.0
24.0	32.91506116683834	19.75057610587899	17.789306216589036	29.54505651069363	0.0
25.0	28.852658564930238	21.400417513618724	20.292625420854577	29.454298500596465	0.0
26.0	31.047025723024312	16.902162285049315	22.987433317515382	29.063378674410995	0.0
27.0	25.90918085987637	20.85651644966623	25.149941469115173	28.08436122134223	0.0
28.0	27.00581783832179	20.36227795466071	19.299909487402417	33.33199471961509	0.0
29.0	27.39031231865967	21.112927907396486	17.38979695237815	34.10696282156569	0.0
30.0	26.604600297378695	19.60898321423735	16.1627377431844	37.62367874519955	0.0
31.0	33.84048927952836	15.45429320911285	18.953687168067017	31.751530343291773	0.0
32.0	33.983780684072414	15.626431220570836	23.357113815959043	27.032674279397707	0.0
33.0	31.0142581997446	18.123901360827155	21.199633992615865	29.662206446812384	0.0
34.0	33.141033455185266	17.165921798375926	22.054465709377506	27.638579037061294	0.0
35.0	26.992489652378467	21.51250764523106	25.10506585679943	26.389936845591045	0.0
