# Position (bp)	A	C	G	T	N
0.0	26.000226769106476	23.672789207304128	24.440101264974295	25.886882758615098	0.0
1.0	26.447548427299488	20.1521245008343	15.556225562013715	37.84410150985249	0.0
2.0	28.533151807921758	18.95830338236105	18.18528455135155	34.32326025836564	0.0
3.0	22.79322812033043	22.227810562557643	15.355678499042934	39.623282818068986	0.0
4.0	33.98008694250915	13.04949439323068	14.856787184820572	38.1136314794396	0.0
5.0	34.15700717266559	14.83598872060316	23.354545457001148	27.652458649730104	0.0
6.0	30.49648790447781	17.478106211430187	21.374426023689846	30.650979860402156	0.0
7.0	34.8997314927375	16.903896927569757	20.215716095673997	27.980655484018747	0.0
8.0	22.654822508474503	26.70922679875623	22.351889160158823	28.284061532610444	0.0
9.0	27.522622422280985	18.510659188638336	15.910348475994052	38.05636991308663	0.0
10.0	25.98276750885199	16.64458706186931	25.121669674616086	32.25097575466261	0.0
11.0	28.074695827501678	17.90575139828118	19.274191685904444	34.745361088312706	0.0
12.0	25.813405752816383	19.60682411727613	21.12016729808169	33.459602831825805	0.0
13.0	26.2131616233824	20.67504570674026	18.774723068543295	34.33706960133404	0.0
14.0	30.322412651404214	18.32584688643808	20.07032699649351	31.281413465664198	0.0
15.0	29.483977418972756	18.36061061530855	19.941374361196225	32.214037604522474	0.0
16.0	29.81806846833901	17.398246876227756	18.562278058779334	34.2214065966539	0.0
17.0	30.28735179664596	17.75568931922922	19.790758547535212	32.166200336589604	0.0
18.0	31.258791381026267	17.457658548061936	18.782407824459106	32.50114224645269	0.0
19.0	29.777780899100236	18.110065963297657	20.12325592168518	31.98889721591693	0.0
20.0	29.512055815368132	17.404473014148998	20.384254002657116	32.69921716782575	0.0
21.0	28.964695907185433	17.88610057252107	19.987753011134522	33.161450509158975	0.0
22.0	29.563647674064786	18.81921091737753	22.652823661593064	28.964317746964625	0.0
23.0	29.68162015723632	19.857800952396516	20.981504048542806	29.47907484182436	0.0
24.0	32.52042841771416	19.108246877578328	17.92537521259695	30.445949492110564	0.0
25.0	28.952446217175527	21.024236153494694	19.633119758344815	30.39019787098497	0.0
26.0	31.55772703557907	16.723190364909758	21.831837822207703	29.887244777303472	0.0
27.0	26.00791516353606	20.766965651842202	25.075615162009917	28.149504022611822	0.0
28.0	26.408737986153664	19.465797366357165	18.873652483452453	35.25181216403672	0.0
29.0	28.000481884167094	19.850453839535003	17.483697580409356	34.66536669588855	0.0
30.0	26.38868617063513	18.60952216823867	16.330466991163167	38.671324669963035	0.0
31.0	34.21250824268922	14.16828464459154	18.602297970074368	33.01690914264487	0.0
32.0	33.87093798392721	15.546186617707292	22.612632595457725	27.97024280290777	0.0
33.0	31.14273267912622	17.4821403566669	20.720516930110602	30.65461003409628	0.0
34.0	33.20182461100728	16.535128194601377	21.74954349025131	28.51350370414003	0.0
35.0	26.115280377599138	20.658674054808117	25.014357127382397	28.21168844021035	0.0
