# Position (bp)	A	C	G	T	N
0.0	17.427430093209054	21.07057256990679	32.05858854860186	29.443408788282287	0.0
1.0	22.62583222370173	33.27296937416778	17.62450066577896	26.47669773635153	0.0
2.0	14.446988657543	25.03860695457692	25.091857926407158	35.42254646147292	0.0
3.0	21.599318532715753	27.48229782249907	18.990576585210032	31.927807059575148	0.0
4.0	31.814310051107324	13.708475298126066	23.030238500851787	31.446976149914825	0.0
5.0	29.427734894862922	12.770827788128827	37.67367580516369	20.127761511844557	0.0
6.0	24.411796018311506	17.065900138400934	33.258809751942934	25.26349409134462	0.0
7.0	24.353241775790483	13.648461620355585	34.5363568614926	27.461939742361334	0.0
8.0	19.47727030767593	28.984350047908013	28.031512828702226	23.506866815713828	0.0
9.0	29.644416054508678	20.989034387309697	19.35483870967742	30.0117108485042	0.0
10.0	20.270414138188013	20.094751410624934	30.410944320238475	29.223890130948575	0.0
11.0	19.796657085063345	18.56701799212179	24.821675715958694	36.81464920685617	0.0
12.0	19.322900031938676	19.519855211327584	29.335675503034174	31.82156925369956	0.0
13.0	18.636218460555735	29.692324071116786	29.026934951559674	22.644522516767807	0.0
14.0	25.64143511125306	19.184499095070798	25.236878526562336	29.937187267113806	0.0
15.0	22.926647503460025	25.444479931864155	20.962418822527415	30.66645374214841	0.0
16.0	25.630788885340145	21.287128712871286	24.58213563291813	28.499946768870437	0.0
17.0	22.037687639731715	17.491749174917494	26.439902054721603	34.03066113062919	0.0
18.0	36.1066751836474	15.053763440860216	24.98669221760886	23.85286915788353	0.0
19.0	18.60427978281699	21.92590226764612	36.35686149260087	23.112956456936015	0.0
20.0	18.01341424465027	19.030128819333548	39.00244863195997	23.954008304056213	0.0
21.0	26.90833599488981	21.015649952091984	27.509847758969446	24.56616629404876	0.0
22.0	19.019482593420634	25.369956350473753	35.23368465878846	20.37687639731715	0.0
23.0	32.683913552645585	17.848397743000106	28.28702225061216	21.18066645374215	0.0
24.0	18.769296284467156	29.84669434685404	20.51527733418503	30.868732034493775	0.0
25.0	21.212605131480892	25.093154476737993	33.27477909081231	20.419461300968806	0.0
26.0	28.952411370169273	14.97391674651336	25.550942190993293	30.52272969232407	0.0
27.0	19.82327264984563	18.646864686468646	32.928776748642605	28.601085915043118	0.0
28.0	23.677206430320453	25.22623230064942	24.262748855530713	26.833812413499412	0.0
29.0	19.759395294368147	27.318215692536995	21.654423506866816	31.26796550622804	0.0
30.0	25.435130806193275	17.69353977576081	20.993059263214096	35.87827015483182	0.0
31.0	26.586749438081984	18.034892432837417	31.820614363694744	23.55774376538585	0.0
32.0	29.16555013666327	15.011522589635028	36.4864140629187	19.336513210783	0.0
33.0	28.122289679098007	25.607111882046834	25.027103209019945	21.24349522983521	0.0
34.0	28.850462457631988	12.494973286608836	34.325271442523125	24.32929281323605	0.0
35.0	17.475895316804408	24.259641873278238	37.48278236914601	20.78168044077135	0.0
