# Position (bp)	A	C	G	T	N
0.0	30.16337059329321	19.363714531384353	18.8993981083405	31.57351676698194	0.0
1.0	22.407566638005157	25.073086844368014	24.350816852966467	28.168529664660362	0.0
2.0	29.849211788896508	18.98560657984921	18.45442083618917	32.71076079506511	0.0
3.0	30.26878959082349	21.691491183016606	18.661188152713574	29.37853107344633	0.0
4.0	28.524982888432582	18.83983572895277	18.925393566050648	33.709787816563995	0.0
5.0	30.242901128977078	18.217584673280875	18.046527540198426	33.492986657543625	0.0
6.0	31.258549931600548	18.826949384404926	19.972640218878247	29.941860465116278	0.0
7.0	29.69738416823389	20.037613267225165	19.558898957086683	30.706103607454267	0.0
8.0	31.38561421493251	19.05005979839399	19.186741841790536	30.37758414488297	0.0
9.0	27.885928961748636	20.184426229508194	17.46926229508197	34.4603825136612	0.0
10.0	26.237623762376238	18.026630249231822	20.484807101399795	35.250938886992145	0.0
11.0	26.35711847046774	19.8702628883578	20.638443154660294	33.13417548651417	0.0
12.0	27.193581427108228	19.665414817343805	18.692386480027313	34.448617275520654	0.0
13.0	30.175797917733398	20.54958183990442	18.911076975593105	30.36354326676907	0.0
14.0	28.639699607441543	19.559651817716333	21.300563236047108	30.500085338795017	0.0
15.0	25.14929192970483	19.860092134448045	22.96536427230848	32.02525166353865	0.0
16.0	29.568333048967755	18.136836717283742	21.27623272479099	31.01859750895752	0.0
17.0	28.373997611329127	17.983279303873058	20.798498549735537	32.844224535062274	0.0
18.0	26.296043656207367	19.96930422919509	21.00954979536153	32.725102319236015	0.0
19.0	25.89940323955669	21.63682864450128	22.506393861892583	29.957374254049444	0.0
20.0	26.230625106455456	21.63174927610288	19.110884006131833	33.02674161130983	0.0
21.0	24.91925888152303	20.34676185619582	20.27876933537311	34.45520992690804	0.0
22.0	28.559307653147805	19.82012557271339	19.073477006618024	32.54708976752079	0.0
23.0	27.91249788027811	22.723418687468204	17.568255044938105	31.795828387315584	0.0
24.0	27.354336043360433	18.157181571815716	18.191056910569106	36.29742547425474	0.0
25.0	28.873477672530445	19.113667117726656	16.76251691474966	35.250338294993234	0.0
26.0	30.36649214659686	17.801047120418847	17.733490964364126	34.098969768620165	0.0
27.0	27.614709851551954	18.55600539811066	18.91025641025641	34.91902834008097	0.0
28.0	31.490222521915033	17.801753202966957	17.91975724881996	32.788267026298044	0.0
29.0	28.653295128939828	18.32125400303388	17.529074667116127	35.49637620091016	0.0
30.0	32.07833867972311	16.039169339861555	17.5586695931116	34.32382238730373	0.0
31.0	30.2994417188293	17.560480460159024	17.661986127558787	34.47809169345288	0.0
32.0	29.318220267298255	19.015395026222297	19.133818304855353	32.53256640162409	0.0
33.0	28.651210018615668	18.632594347605348	20.104924691149094	32.611270942629886	0.0
34.0	32.729734303604666	15.671010323235743	18.920291081401253	32.678964291758334	0.0
35.0	30.91247672253259	18.012527509734213	18.588115794819707	32.48687997291349	0.0
36.0	30.777044184865414	17.216861350939563	17.28457761977315	34.72151684442187	0.0
37.0	29.466553767993226	20.745131244707874	18.79762912785775	30.990685859441154	0.0
38.0	27.422086720867213	18.91937669376694	19.20731707317073	34.45121951219512	0.0
39.0	28.372409106354063	17.04043493034319	18.807339449541285	35.77981651376147	0.0
40.0	28.46926613315171	17.640047675804528	19.632215222203303	34.258470968840456	0.0
41.0	27.95295721833987	16.669507414351457	22.243054371910688	33.13448099539799	0.0
42.0	31.651846785225718	16.1593707250342	20.417236662106703	31.77154582763338	0.0
43.0	29.630263608353303	17.97329681615885	20.438206093803494	31.958233481684356	0.0
44.0	30.60455557458469	19.900667922589484	16.972084261003598	32.522692241822234	0.0
45.0	32.395815469044756	17.235465614817354	18.144400617389813	32.224318298748074	0.0
46.0	31.880812952118497	15.122287289011368	19.96210816396831	33.034791594901826	0.0
47.0	32.3960669311713	16.73279282387442	20.113851992409867	30.757288252544416	0.0
48.0	26.57463330457291	19.08541846419327	20.672993960310613	33.66695427092321	0.0
49.0	29.587433108924564	17.918177110305542	19.506300707750736	32.98808907301916	0.0
50.0	27.602278612118074	18.643190056965302	19.955118246159156	33.79941308475747	0.0
51.0	29.131410809877394	17.06095665688137	18.476946986703506	35.33068554653773	0.0
52.0	27.51770599412679	17.80963897046122	21.45448263948869	33.218172395923304	0.0
53.0	30.212471929521506	20.089825531179827	18.586975297978924	31.110727241319747	0.0
54.0	29.543883897719418	19.43676572218383	19.350380096751902	31.668970283344848	0.0
55.0	29.259002770083104	18.73268698060942	18.109418282548475	33.898891966759	0.0
56.0	25.879092326346786	19.608522432011085	20.249437034470812	34.26294820717131	0.0
57.0	30.538714706391822	17.56452451065304	18.880997748137883	33.015763034817255	0.0
58.0	28.155339805825243	19.43481276005548	18.377253814147018	34.03259361997226	0.0
59.0	28.204237582493924	18.270232719694338	19.71170545328239	33.81382424452935	0.0
60.0	29.923584577978463	18.218131295588748	20.059048280653005	31.799235845779783	0.0
61.0	27.24904480722473	18.391802709274053	21.15317818687044	33.20597429663078	0.0
62.0	29.003126085446336	20.284821118443904	20.510593956234803	30.201458839874956	0.0
63.0	29.119638826185103	18.371245007813858	19.968744573710715	32.54037159229033	0.0
64.0	28.223420915260135	19.140421089263963	19.99303984687663	32.64311814859927	0.0
65.0	28.414825126152778	18.32260309726814	19.940838698451365	33.32173307812772	0.0
66.0	29.66765268835914	17.504785105272315	20.636854010788237	32.19070819558031	0.0
67.0	29.568395405499476	20.657848938391925	17.542638357117994	32.231117298990604	0.0
68.0	27.720703465087933	21.591502698937838	19.34528991816124	31.34250391781299	0.0
69.0	29.926880222841223	20.76949860724234	18.297353760445684	31.00626740947075	0.0
70.0	27.97701949860724	21.709610027855152	17.9491643454039	32.3642061281337	0.0
71.0	27.312314927712944	20.710677582302733	21.39000174185682	30.587005748127506	0.0
72.0	28.566451837658946	18.376589444347672	20.832607559658594	32.224351158334784	0.0
73.0	30.278745644599304	16.202090592334496	21.829268292682926	31.689895470383277	0.0
74.0	29.041811846689896	18.205574912891986	20.679442508710803	32.073170731707314	0.0
75.0	30.562815821571704	19.079979090433874	21.989893709705523	28.3673113782889	0.0
76.0	29.056998431235836	20.097611992330485	18.720585671953984	32.12480390447969	0.0
77.0	31.915635349485793	20.428795537737493	17.76189646156528	29.893672651211432	0.0
78.0	29.968619246861927	16.649232914923292	21.304044630404462	32.07810320781032	0.0
79.0	31.276150627615063	19.54323570432357	17.974198047419804	31.206415620641565	0.0
80.0	33.29264039065225	17.125915591210326	18.521102197418905	31.060341820718524	0.0
81.0	30.141287284144425	18.07081807081807	19.553462410605267	32.234432234432234	0.0
82.0	33.52520495377638	15.489272632129774	21.227978370835512	29.757544043258328	0.0
83.0	32.69398430688753	16.216216216216218	21.1333914559721	29.95640802092415	0.0
84.0	29.93897122929381	16.355710549258937	20.68003487358326	33.02528334786399	0.0
85.0	29.358437935843796	17.067642956764296	20.781032078103205	32.7928870292887	0.0
86.0	30.49694856146469	19.79075850043592	19.128160418483	30.584132519616393	0.0
87.0	30.501660548855096	17.32214647788848	21.08023072889355	31.095962244362873	0.0
88.0	30.823117338003502	17.84588441330998	19.15936952714536	32.171628721541154	0.0
89.0	31.021194605009633	16.044841478367488	18.076720966894378	34.8572429497285	0.0
90.0	27.535470310036786	16.903135400245226	19.845857418111752	35.71553687160623	0.0
91.0	30.793483972674725	17.603783499737258	16.500262743037307	35.10246978455071	0.0
92.0	30.618321947801718	18.35698020669119	17.270975652478544	33.75372219302855	0.0
93.0	32.48072880168185	17.764540995094606	19.656622284512963	30.098107918710582	0.0
94.0	30.021030494216618	17.47283561163687	19.31300385559061	33.19313003855591	0.0
95.0	30.757097791798106	16.912022432527166	18.839817735716792	33.49106203995794	0.0
96.0	28.799298860648552	17.914110429447852	20.035056967572302	33.25153374233129	0.0
97.0	29.851007887817705	17.82646801051709	18.492550394390886	33.82997370727432	0.0
98.0	28.992112182296232	20.368098159509202	17.177914110429448	33.46187554776512	0.0
99.0	28.453716690042075	19.372370266479663	19.67040673211781	32.50350631136045	0.0
100.0	30.964912280701757	16.964912280701753	19.771929824561404	32.29824561403509	0.0
101.0	29.424157303370784	20.804073033707866	19.4873595505618	30.28441011235955	0.0
102.0	28.03656178590262	19.28282650729478	19.827737739497277	32.85287396730532	0.0
103.0	29.13662739581502	19.289607877615612	21.364515561807632	30.209249164761736	0.0
104.0	27.656579873328642	17.733990147783253	21.02392681210415	33.58550316678395	0.0
105.0	29.746389573793593	19.10884114124692	19.302571327932373	31.842197957027125	0.0
106.0	33.8382948740532	19.570195525805882	17.597322529505018	28.994187070635903	0.0
107.0	30.67160232681121	20.130442446677243	19.319583994359245	29.8783712321523	0.0
108.0	33.056976539072146	17.481037219968247	19.3861351208326	30.075851120127005	0.0
109.0	27.205363443895553	19.230769230769234	18.330980945659846	35.23288637967537	0.0
110.0	28.321863419798838	18.775366154932062	18.951826363155106	33.95094406211399	0.0
111.0	30.767872903795237	18.55251544571933	18.976169461606354	31.703442188879084	0.0
112.0	28.218258873388663	19.65389369592089	18.912237330037083	33.215610100653365	0.0
113.0	29.899275490369327	16.999469871001942	20.127230959533488	32.97402367909525	0.0
114.0	31.488684582743986	16.407355021216407	18.05162659123055	34.05233380480905	0.0
115.0	27.148921117792714	19.136894234170498	15.634948708878671	38.07923593915812	0.0
116.0	30.603219529453384	18.397311162214752	17.24747921457633	33.75199009375553	0.0
117.0	32.11252653927813	17.852087756546357	17.32130219391366	32.71408351026185	0.0
118.0	30.08849557522124	18.690265486725664	19.20353982300885	32.017699115044245	0.0
119.0	24.898176022666902	19.992916592881176	23.215866831946165	31.893040552505752	0.0
120.0	29.21905436514964	19.1783247742164	20.825216929343014	30.77740393129095	0.0
121.0	28.83968113374668	20.212577502214348	19.71656333038087	31.231178033658104	0.0
122.0	30.64516129032258	18.876285005317264	19.071251329315846	31.40730237504431	0.0
123.0	31.170212765957444	17.127659574468083	19.43262411347518	32.269503546099294	0.0
124.0	31.317609505231424	18.123780812200746	18.283383578648696	32.27522610391914	0.0
125.0	31.547196593328604	18.523775727466287	18.931866572036906	30.997161107168203	0.0
126.0	32.197373091941785	18.086616968406105	19.47106851260206	30.244941427050055	0.0
127.0	29.309426593289544	18.92419669802947	19.634297887448962	32.13207882123202	0.0
128.0	32.00142070680164	16.78209909429941	19.23281832711774	31.98366187178121	0.0
129.0	30.79381992541289	18.717812111525483	21.02646066418043	29.461907298881197	0.0
130.0	30.915555555555557	17.244444444444447	17.866666666666667	33.973333333333336	0.0
131.0	30.61333333333333	18.79111111111111	19.288888888888888	31.306666666666665	0.0
132.0	27.08036984352774	17.620910384068278	22.43954480796586	32.85917496443812	0.0
133.0	28.223368308731995	17.926373821803306	20.469500266761514	33.380757602703184	0.0
134.0	26.596690980252625	20.138765344244796	22.02455079167408	31.2399928838285	0.0
135.0	27.89248843004628	19.206123175507297	21.520113919544322	31.3812744749021	0.0
136.0	29.143670998753784	18.46181235534983	19.209542460388107	33.184974185508274	0.0
137.0	30.34728406055209	17.06144256455922	19.198575244879788	33.3926981300089	0.0
138.0	27.873819283550173	18.517198360363572	18.90928533238282	34.69969702370344	0.0
139.0	30.404562466583496	18.07164498306897	19.08750668330066	32.43628586704687	0.0
140.0	29.078267070779106	17.133178819753965	20.78801925476912	33.000534854697804	0.0
141.0	28.347298983776074	17.382777678730612	22.713496166874666	31.55642717061865	0.0
142.0	31.574255660545553	18.363344624710287	19.201283651274736	30.861116063469424	0.0
143.0	32.15623327982878	18.048867487069735	19.654003923666846	30.140895309434633	0.0
144.0	29.91971454058876	19.12578055307761	18.537020517395185	32.41748438893845	0.0
145.0	31.12062812276945	17.273376159885796	18.112062812276942	33.49393290506781	0.0
146.0	29.369755400821283	16.90769505445456	18.121763970719513	35.60078557400464	0.0
147.0	28.696428571428573	19.625	20.642857142857142	31.035714285714285	0.0
148.0	28.31874218331249	17.902447739860637	19.367518313382167	34.4112917634447	0.0
149.0	29.912390488110134	18.45163597353835	17.95101019131057	33.68496334704094	0.0
150.0	28.538200035784577	16.818751118268025	19.216317767042405	35.42673107890499	0.0
151.0	28.834795059960623	19.366386253803473	18.91891891891892	32.879899767316985	0.0
152.0	26.852846401718583	19.20873612602936	18.259935553168635	35.678481919083424	0.0
153.0	31.88898836168308	17.94091316025067	17.708146821844224	32.46195165622202	0.0
154.0	30.19340974212034	17.17406876790831	19.537965616045845	33.0945558739255	0.0
155.0	29.54667622289912	18.580899480379863	19.745565310876188	32.126858985844834	0.0
156.0	29.910394265232977	16.32616487455197	19.60573476702509	34.157706093189965	0.0
157.0	30.698924731182796	18.960573476702507	20.39426523297491	29.946236559139784	0.0
158.0	31.57045536034421	18.23234134098243	18.537110075295804	31.660093223377554	0.0
159.0	30.81061692969871	15.853658536585366	22.094691535150645	31.24103299856528	0.0
160.0	27.027997128499642	18.21608040201005	23.151471643933956	31.604450825556352	0.0
161.0	28.14070351758794	16.780330222541277	22.738693467336685	32.340272792534094	0.0
162.0	29.12028725314183	18.5278276481149	22.96229802513465	29.38958707360862	0.0
163.0	30.077213144191056	16.573891183336325	20.63207038965703	32.716825282815584	0.0
164.0	31.932471264367816	17.45689655172414	21.210488505747126	29.400143678160916	0.0
165.0	32.267337405677324	16.92418253683076	21.056413941789437	29.75206611570248	0.0
166.0	31.206183713823478	18.641021031817363	20.51051590868237	29.64227934567679	0.0
167.0	28.825750764251033	17.820535874842655	20.42798057903255	32.92573278187376	0.0
168.0	27.329974811083126	17.95609931630083	20.349046419575387	34.364879453040665	0.0
169.0	27.22362261433201	17.716960749009722	19.787540511343177	35.27187612531509	0.0
170.0	28.800432276657062	16.354466858789625	20.85734870317003	33.987752161383284	0.0
171.0	28.56628242074928	17.201008645533143	19.704610951008643	34.528097982708935	0.0
172.0	29.405405405405403	20.1981981981982	18.072072072072075	32.32432432432432	0.0
173.0	27.36614386154678	17.36073553272039	18.334234721471066	36.938885884261765	0.0
174.0	28.002163721601153	18.968626036783267	20.39307609087631	32.636134150739274	0.0
175.0	27.958152958152958	18.037518037518037	20.075757575757574	33.92857142857143	0.0
176.0	29.58483754512635	17.00361010830325	17.79783393501805	35.61371841155235	0.0
177.0	29.52862560953585	18.7646740111974	19.50514719162001	32.201553187646745	0.0
178.0	31.695864186382515	18.114502438143397	19.5773884775149	30.612244897959183	0.0
179.0	27.727601156069365	19.436416184971097	20.935693641618496	31.900289017341038	0.0
180.0	30.29810298102981	16.9286359530262	19.060523938572718	33.71273712737127	0.0
181.0	30.007230657989876	18.09472161966739	19.125090383224872	32.77295733911786	0.0
182.0	32.977761706743806	17.1397577291629	19.978304104140303	29.904176459952993	0.0
183.0	30.93342981186686	21.888567293777133	18.541968162083936	28.63603473227207	0.0
184.0	30.997646206771684	20.061560745971395	18.95708853883759	29.98370450841934	0.0
185.0	30.621489400253672	20.27541221235731	19.967385395905055	29.135712991483963	0.0
186.0	32.79550398839739	17.059463379260333	22.4075416968818	27.737490935460478	0.0
187.0	30.346453836386722	21.00489751496463	19.644476691456557	29.004171957192092	0.0
188.0	30.852994555353902	18.40290381125227	20.108892921960074	30.63520871143376	0.0
189.0	32.25630785986567	18.152114721365038	19.477219096024687	30.1143583227446	0.0
190.0	34.229651162790695	17.405523255813954	17.46002906976744	30.904796511627907	0.0
191.0	31.114748136024733	17.530460083651572	18.057828696126567	33.29696308419713	0.0
192.0	32.41128298453139	17.979981801637855	19.1992720655141	30.40946314831665	0.0
193.0	29.87249544626594	17.231329690346083	20.783242258652095	32.11293260473588	0.0
194.0	29.43857090776522	17.936565803864383	21.509296390812978	31.115566897557418	0.0
195.0	30.652808169219547	19.037199124726477	18.544857768052516	31.76513493800146	0.0
196.0	30.29197080291971	20.82116788321168	17.645985401459853	31.24087591240876	0.0
197.0	31.45780051150895	19.017172086225795	19.437340153452684	30.087687248812568	0.0
198.0	31.577021587998537	18.642517380168314	17.325283571167216	32.45517746066594	0.0
199.0	28.90882460637129	18.729403149029658	19.73636030757964	32.62541193701941	0.0
200.0	27.69738047261403	18.959516394944128	20.992855834401905	32.35024729803994	0.0
201.0	29.63709677419355	16.03739002932551	20.161290322580644	34.16422287390029	0.0
202.0	30.04402054292003	17.901687454145268	19.240645634629495	32.81364636830521	0.0
203.0	32.17104055790053	15.83776839787117	21.545237658285924	30.445953385942374	0.0
204.0	30.59276931547073	17.342631675536797	20.44411818682327	31.620480822169206	0.0
205.0	31.89496878442894	16.489166360631657	20.78589790672053	30.82996694821888	0.0
206.0	30.91343503032531	16.41242418673038	19.867671383936777	32.80646939900754	0.0
207.0	29.735196763515997	18.830452372195662	19.952188304523723	31.48216255976462	0.0
208.0	28.487302171512695	17.740154582259844	21.494295178505705	32.278248067721755	0.0
209.0	31.2707182320442	15.930018416206263	19.92633517495396	32.87292817679558	0.0
210.0	30.377880184331797	16.755760368663594	20.47926267281106	32.387096774193544	0.0
211.0	29.496402877697843	17.616675890057184	22.615753551005348	30.271167681239625	0.0
212.0	29.935364727608494	16.98984302862419	21.735918744228993	31.338873499538323	0.0
213.0	31.171470805617147	17.830746489283076	20.066518847006652	30.93126385809313	0.0
214.0	30.59715289332594	19.911259012756517	20.558328711406915	28.933259382510627	0.0
215.0	31.89639222941721	20.61054579093432	19.315448658649398	28.177613320999072	0.0
216.0	34.99259807549963	17.709104367135456	18.708364174685418	28.589933382679494	0.0
217.0	29.29948109710897	18.68050407709414	18.977020014825797	33.04299481097109	0.0
218.0	27.770558752552443	18.359012437349172	19.89975867829961	33.97067013179878	0.0
219.0	27.645748236167844	20.181953212031193	21.778685480876344	30.39361307092462	0.0
220.0	29.79356518504742	20.606286033103963	19.50901989957225	30.091128882276365	0.0
221.0	30.223463687150836	19.869646182495345	16.368715083798882	33.53817504655493	0.0
222.0	30.522388059701495	19.720149253731343	19.402985074626866	30.3544776119403	0.0
223.0	32.940956651718984	17.451420029895367	19.30119581464873	30.30642750373692	0.0
224.0	34.955089820359284	15.905688622754491	18.918413173652695	30.220808383233532	0.0
225.0	35.90560029968159	17.156770930885934	18.561528376100394	28.37610039333208	0.0
226.0	32.5267304445695	18.476833614706432	17.93284561995873	31.063590320765332	0.0
227.0	31.38138138138138	16.46021021021021	18.63738738738739	33.52102102102102	0.0
228.0	28.850488354620584	18.106686701728027	19.515401953418483	33.52742299023291	0.0
229.0	31.05134474327628	20.105322550310326	16.66353206695505	32.17980063945834	0.0
230.0	30.96762048192771	21.442018072289155	16.434487951807228	31.155873493975903	0.0
231.0	29.804069329314242	19.95101733232856	18.36850037678975	31.876412961567446	0.0
232.0	28.350612629594725	17.511781338360038	18.567389255419418	35.57021677662583	0.0
233.0	29.601661317727014	18.350009439305268	20.521049650745702	31.527279592222012	0.0
234.0	27.283040272263186	18.47230100207979	21.648704859141617	32.59595386651541	0.0
235.0	27.629334849346222	18.343755921925336	20.788326700776956	33.238582527951486	0.0
236.0	28.603988603988604	17.37891737891738	21.690408357075025	32.326685660018995	0.0
237.0	28.658420551855375	19.2197906755471	20.152235965746907	31.969552806850622	0.0
238.0	30.94375595805529	15.74833174451859	19.65681601525262	33.6510962821735	0.0
239.0	28.677875429881546	16.163546045089795	20.748949178448605	34.409629346580054	0.0
240.0	27.467482785003828	17.387146136189745	19.472073450650345	35.67329762815608	0.0
241.0	28.040605248036776	16.471940241333076	22.830875311243055	32.656579199387096	0.0
242.0	27.905638665132336	16.43651706942846	22.842347525891828	32.81549673954737	0.0
243.0	28.261287223823246	15.658021133525457	21.69068203650336	34.390009606147935	0.0
244.0	26.847575057736723	17.705927636643572	20.034642032332563	35.411855273287145	0.0
245.0	28.882886359251398	17.094346903337833	21.763457457071194	32.25930928033957	0.0
246.0	28.28692962103635	15.293890177880897	20.784996133023974	35.63418406805878	0.0
247.0	26.510457010069715	16.944229279628196	23.83810999225407	32.70720371804802	0.0
248.0	26.053193554649585	16.928751698699283	23.471170646476413	33.54688410017472	0.0
249.0	27.003891050583658	18.832684824902724	18.715953307392997	35.447470817120625	0.0
250.0	28.142076502732237	16.939890710382514	20.19906323185012	34.71896955503513	0.0
251.0	28.183062781146095	18.44318404068062	21.435556424799532	31.938196753373756	0.0
252.0	28.658178256611166	20.548481880509303	19.255631733594516	31.537708129285015	0.0
253.0	31.449872474004316	15.028448106729448	19.58014518344124	33.941534235824996	0.0
254.0	29.542329601257123	17.206835592221566	21.135336868984485	32.11549793753683	0.0
255.0	29.17651694247439	18.242710795902287	20.429472025216704	32.15130023640662	0.0
256.0	29.454760964045835	19.08336625839589	19.35993678387989	32.10193599367839	0.0
257.0	28.526148969889064	18.066561014263076	18.14580031695721	35.26148969889065	0.0
258.0	30.749354005167955	17.59093619558736	18.6046511627907	33.055058636453985	0.0
259.0	31.235011990407674	17.366107114308555	17.126298960831335	34.27258193445244	0.0
260.0	30.437399678972714	18.980738362760835	17.11476725521669	33.46709470304976	0.0
261.0	31.188417454252964	18.238487834305246	18.942288357128493	31.63080635431329	0.0
262.0	30.744401855961268	16.300181561428285	19.669154730683882	33.28626185192657	0.0
263.0	30.49372723593687	20.518008903278027	17.82679077296641	31.1614730878187	0.0
264.0	30.18255578093306	18.78296146044625	19.350912778904668	31.683569979716026	0.0
265.0	30.7645384302562	19.74379829198861	18.25945506303375	31.232208214721428	0.0
266.0	33.483054307880764	18.129848917925685	18.579011841567986	29.80808493262556	0.0
267.0	30.860655737704917	18.09426229508197	19.692622950819672	31.352459016393443	0.0
268.0	31.55179529508873	18.17994222038795	20.28477094510937	29.983491539413947	0.0
269.0	32.18057568854835	19.98343342306896	18.59598260509422	29.240008283288464	0.0
270.0	32.016632016632016	20.582120582120584	16.881496881496883	30.51975051975052	0.0
271.0	33.49322210636079	18.852971845672574	17.309697601668404	30.34410844629823	0.0
272.0	32.17645828977629	18.52393895044951	17.499477315492367	31.80012544428183	0.0
273.0	31.458551941238195	16.66316894018888	19.24449108079748	32.633788037775446	0.0
274.0	32.83424715309996	17.144664698439477	19.56980177140447	30.451286377056096	0.0
275.0	29.870954093505393	18.93378464142162	20.499259572667654	30.696001692405332	0.0
276.0	30.537269059248246	19.60076449352304	20.62008919091102	29.24187725631769	0.0
277.0	26.375266524520256	20.575692963752665	20.255863539445627	32.79317697228145	0.0
278.0	26.955217484465393	19.17720162845511	22.58410113563317	31.283479751446325	0.0
279.0	30.702889176369126	20.288917636912462	19.534282018111256	29.47391116860716	0.0
280.0	30.621077688811944	20.168794633196278	20.666522397749404	28.543605280242375	0.0
281.0	31.51013292656352	17.86881673567226	21.355415123120505	29.265635214643716	0.0
282.0	30.14866637516397	18.627022299956273	21.928290336685613	29.296020988194137	0.0
283.0	29.12728072103759	19.037151022202682	21.38931633326006	30.446251923499666	0.0
284.0	27.609799161333036	20.348708894283824	21.121165305672037	30.9203266387111	0.0
285.0	28.83421985815603	19.148936170212767	21.34308510638298	30.673758865248228	0.0
286.0	27.68990866562709	17.375807529516596	22.43261305413232	32.501670750723996	0.0
287.0	26.908439668681446	20.25968211327513	21.6252518468771	31.20662637116633	0.0
288.0	26.09185051778478	18.932913102206214	21.814497973885636	33.16073840612337	0.0
289.0	27.021517553793885	18.550396375990942	21.177802944507363	33.25028312570781	0.0
290.0	29.904415111515704	16.613563950842057	20.755575785161582	32.72644515248066	0.0
291.0	29.876656007309272	15.395157606212884	22.77295568752855	31.955230698949293	0.0
292.0	27.928341754708313	19.47634359209922	22.53100597152044	30.064308681672024	0.0
293.0	27.840777597778292	17.657949548715575	21.962508678546634	32.5387641749595	0.0
294.0	29.8110566829951	18.917658035922557	21.017028224865875	30.254257056216467	0.0
295.0	29.87561605256982	17.085191269655013	21.356489087068763	31.682703590706407	0.0
296.0	29.515938606847698	17.92207792207792	22.880755608028338	29.681227863046043	0.0
297.0	29.575786463298382	18.374642516682556	21.973307912297425	30.07626310772164	0.0
298.0	27.274945108563063	20.883142229812147	22.786045376921198	29.055867284703584	0.0
299.0	28.48928384736017	18.58337689492943	21.01411395713539	31.913225300575014	0.0
300.0	31.391076115485568	7.874015748031496	23.56955380577428	37.16535433070866	0.0
