# Position (bp)	A	C	G	T	N
0.0	78.11320754716982	4.976415094339623	6.7924528301886795	10.117924528301888	0.0
1.0	6.650943396226415	78.70283018867924	7.476415094339623	7.169811320754717	0.0
2.0	9.56296992481203	76.50375939849624	5.7918233082706765	8.141447368421053	0.0
3.0	78.37552742616035	5.8837318330989214	5.637599624941397	10.103141115799344	0.0
4.0	79.18668697996016	6.492441110980899	5.660377358490567	8.660494550568382	0.0
5.0	9.28788943546498	76.6104474115718	5.094869992972593	9.006793159990629	0.0
6.0	9.635874019435663	75.41271513874254	5.397494438590329	9.553916403231472	0.0
7.0	79.5951795951796	6.598806598806599	5.545805545805546	8.26020826020826	0.0
8.0	77.52309671383463	9.156823763302539	5.122207928897205	8.197871593965617	0.0
9.0	8.709375730652326	74.87725040916531	5.41267243394903	11.000701426233341	0.0
10.0	8.844491178876037	4.40472017759084	5.713284262180161	81.03750438135296	0.0
11.0	7.494746672892832	6.047163203362129	5.802007938360962	80.65608218538408	0.0
12.0	8.001866324507173	6.403825965239706	6.345503324390528	79.2488043858626	0.0
13.0	8.715382825226904	74.01675587619269	6.527810100069815	10.740051198510589	0.0
14.0	9.18177591817759	5.206880520688053	76.91771269177127	8.693630869363087	0.0
15.0	75.19119351100811	7.230590961761298	6.292004634994207	11.286210892236385	0.0
16.0	7.810691969451517	6.838694746586437	6.491552881277482	78.85906040268456	0.0
17.0	9.79417206290472	74.12118408880666	5.099444958371878	10.985198889916743	0.0
18.0	7.810514153668399	7.07105719237435	6.57423454650491	78.54419410745234	0.0
19.0	8.291950571659545	74.89317473149325	6.986949994225661	9.82792470262155	0.0
20.0	8.31603229527105	7.208765859284891	5.905420991926182	78.56978085351788	0.0
21.0	8.853327193184434	5.802440709187198	7.183974211374626	78.16025788625373	0.0
22.0	9.307409111826967	5.913483663138519	75.49470777726646	9.284399447768063	0.0
23.0	10.071280754196367	6.472752356863647	5.909404460795585	77.54656242814441	0.0
24.0	76.36175591817972	5.987129395541254	7.412089174902321	10.239025511376695	0.0
25.0	11.005169442848937	5.100516944284894	73.58989086731764	10.304422745548536	0.0
26.0	77.55711169785329	5.946504419699231	5.016645620479853	11.479738261967627	0.0
27.0	8.608815426997245	7.6905417814508725	4.39623507805326	79.30440771349862	0.0
28.0	8.756024787697958	73.94996557264173	4.578838650447556	12.715170989212762	0.0
29.0	10.004589261128958	5.162918770078018	5.472693896282699	79.35979807251033	0.0
30.0	9.504654637398	5.666015400528675	72.6238363406505	12.205493621422825	0.0
31.0	11.10598546880406	5.489562910852267	5.328105178180141	78.07634644216354	0.0
32.0	9.648614171402064	5.995593181027484	4.963469790096254	79.3923228574742	0.0
33.0	8.721402856811055	75.18290558587853	5.179421669957032	10.916269887353385	0.0
34.0	10.073196235622168	6.006738701057279	5.239920994539329	78.68014406878122	0.0
35.0	8.818732525629077	73.82339235787512	5.4753028890959925	11.882572227399814	0.0
36.0	8.481882791564722	5.522544564837469	6.163346149365024	79.83222649423278	0.0
37.0	78.18160570293327	6.041837092438939	6.731331073974524	9.045226130653267	0.0
38.0	79.16715542521993	6.2756598240469215	4.609970674486803	9.947214076246334	0.0
39.0	78.26699542092285	6.739462251966655	4.027239638370318	10.966302688740166	0.0
40.0	8.428487345497352	75.22071806945262	7.098293113596234	9.252501471453796	0.0
41.0	8.742004264392325	4.963278843875859	76.71167969675432	9.583037194977493	0.0
42.0	79.91924949530934	5.46253414083838	5.569409808811305	9.04880655504097	0.0
43.0	79.91172611237027	6.107598711678397	5.880949540737206	8.099725635214124	0.0
44.0	9.023188754055028	76.4027393968521	4.445512435419921	10.128559413672955	0.0
45.0	19.476672426561343	9.454455689953098	10.441866205875092	60.62700567761047	0.0
46.0	28.623853211009177	14.128440366972479	18.788990825688074	38.45871559633027	0.0
47.0	30.113177041228777	17.219078415521423	18.43168957154406	34.236054971705734	0.0
48.0	29.56630525437865	19.307756463719766	20.308590492076732	30.817347789824858	0.0
49.0	31.919361612767744	19.319613607727845	17.345653086938263	31.415371692566147	0.0
50.0	26.01380500431406	20.836928386540123	18.4641932700604	34.68507333908542	0.0
51.0	29.896013864818023	17.374350086655113	17.89428076256499	34.835355285961874	0.0
52.0	27.84090909090909	17.91958041958042	20.62937062937063	33.61013986013986	0.0
53.0	32.23972003499563	17.016622922134733	21.478565179352582	29.26509186351706	0.0
54.0	26.59947414548642	23.049956178790534	18.229623137598598	32.12094653812445	0.0
55.0	29.287598944591032	19.92084432717678	18.86543535620053	31.926121372031663	0.0
56.0	26.9538188277087	17.584369449378332	20.603907637655418	34.857904085257545	0.0
57.0	29.78628673196794	17.6313446126447	22.083704363312556	30.4986642920748	0.0
58.0	29.424877396344186	17.61034329023629	17.253678109674542	35.71110120374498	0.0
59.0	28.023203926818386	21.10664881749219	21.10664881749219	29.76349843819723	0.0
60.0	27.325581395348834	18.067978533094813	22.31663685152057	32.28980322003578	0.0
61.0	26.02063705697622	23.1045311799013	20.95109914759982	29.92373261552266	0.0
62.0	27.101123595505616	20.9438202247191	20.08988764044944	31.865168539325843	0.0
63.0	33.693207377417906	17.049032838506523	20.19793072424651	29.059829059829063	0.0
64.0	31.368136813681367	17.82178217821782	20.747074707470748	30.063006300630065	0.0
65.0	30.423042304230425	18.45184518451845	21.557155715571557	29.567956795679567	0.0
66.0	30.184435447593344	17.183985605038238	24.066576698155647	28.565002249212775	0.0
67.0	26.96122633002705	17.312894499549145	20.24346257889991	35.482416591523894	0.0
68.0	25.147526100771678	18.837948252383114	20.10894235133908	35.905583295506126	0.0
69.0	24.51202905129369	19.70040853381752	23.286427598729006	32.501134816159784	0.0
70.0	29.900181488203266	20.190562613430128	17.695099818511796	32.21415607985481	0.0
71.0	31.26747437092265	20.03727865796831	17.61416589002796	31.08108108108108	0.0
72.0	28.1630740393627	18.088097469540767	20.00937207122774	33.73945641986879	0.0
73.0	29.14903620122238	17.77150916784203	19.605077574047954	33.47437705688763	0.0
74.0	29.08235294117647	16.141176470588235	23.71764705882353	31.058823529411768	0.0
75.0	27.461139896373055	22.42110221384833	21.008007536504948	29.109750353273668	0.0
76.0	28.36946277097078	21.81903864278982	18.473138548539115	31.33836003770028	0.0
77.0	29.77819726285984	21.04766399244927	18.404907975460123	30.76923076923077	0.0
78.0	29.400660689004248	22.652194431335534	17.225106182161397	30.72203869749882	0.0
79.0	29.381199811053378	19.697685403873404	19.461502125649506	31.459612659423712	0.0
80.0	29.545454545454547	19.602272727272727	19.791666666666664	31.060606060606062	0.0
81.0	25.794215267899478	20.531057373162636	18.207681365576104	35.467045993361786	0.0
82.0	31.24108416547789	18.307180218735137	20.922491678554447	29.529243937232525	0.0
83.0	29.590865842055187	19.12464319695528	20.17126546146527	31.113225499524262	0.0
84.0	26.930409914204006	20.257387988560534	21.973307912297425	30.838894184938038	0.0
85.0	33.79408960915157	17.874165872259297	19.82840800762631	28.503336510962825	0.0
86.0	30.58879846816659	18.334131163236	22.020105313547152	29.056965055050266	0.0
87.0	32.166826462128476	20.421860019175455	21.188878235858102	26.22243528283797	0.0
88.0	33.76623376623377	20.105820105820104	17.364117364117366	28.763828763828762	0.0
89.0	29.210779595765157	17.324350336862366	17.51684311838306	35.948026948989416	0.0
90.0	30.028873917228104	16.506256015399423	21.462945139557267	32.0019249278152	0.0
91.0	28.605885190545106	21.99710564399421	17.173178967679693	32.223830197781	0.0
92.0	28.758486905916588	18.331716779825413	18.42870999030068	34.48108632395732	0.0
93.0	34.33999025815879	18.119824646858255	18.55820750121773	28.981977593765222	0.0
94.0	30.22915650901999	18.137493905411993	19.063871282301317	32.5694783032667	0.0
95.0	28.839506172839506	18.37037037037037	19.753086419753085	33.03703703703704	0.0
96.0	30.118694362017806	17.457962413452027	18.743818001978237	33.67952522255193	0.0
97.0	30.77684314695695	17.31815932706581	19.445818901533894	32.45917862444335	0.0
98.0	32.0436507936508	20.28769841269841	18.452380952380953	29.216269841269842	0.0
99.0	30.849478390462	19.026328862394436	18.877297565822158	31.24689518132141	0.0
100.0	33.715710723192025	13.366583541147131	18.35411471321696	34.56359102244389	0.0
101.0	32.4	18.7	19.1	29.799999999999997	0.0
102.0	32.91583166332666	14.829659318637276	21.24248496993988	31.012024048096194	0.0
103.0	26.992936427850655	18.6175580221998	19.122098890010093	35.267406659939454	0.0
104.0	26.150733434496715	18.057663125948405	22.357106727364695	33.43449671219019	0.0
105.0	29.355002539360083	19.553072625698324	18.435754189944134	32.65617064499746	0.0
106.0	32.364933741080534	18.705402650356778	18.34862385321101	30.58103975535168	0.0
107.0	31.157572667006626	18.612952575216728	18.867924528301888	31.361550229474755	0.0
108.0	32.9417773237998	17.10929519918284	17.67109295199183	32.27783452502553	0.0
109.0	27.547363031234003	20.12288786482335	21.249359959037378	31.080389144905276	0.0
110.0	26.62904053360698	19.90764494612622	20.369420215495126	33.09389430477167	0.0
111.0	29.40267765190525	18.537590113285273	19.979402677651905	32.08032955715757	0.0
112.0	26.972666322846827	20.113460546673544	21.918514698298093	30.995358432181536	0.0
113.0	28.940568475452196	20.568475452196385	19.276485788113696	31.214470284237727	0.0
114.0	29.539575788929124	18.520434557682357	19.555095706156234	32.38489394723228	0.0
115.0	27.423535510627268	19.02540176257128	19.12908242612753	34.42198030067393	0.0
116.0	27.466251298027	19.262720664589825	19.36656282450675	33.90446521287643	0.0
117.0	31.584415584415588	18.7012987012987	19.79220779220779	29.92207792207792	0.0
118.0	29.843750000000004	17.083333333333332	20.833333333333336	32.239583333333336	0.0
119.0	23.630672926447573	20.865936358894103	26.76056338028169	28.74282733437663	0.0
120.0	28.152799581371006	20.87912087912088	22.762951334379906	28.205128205128204	0.0
121.0	33.123359580052494	19.37007874015748	17.79527559055118	29.711286089238847	0.0
122.0	31.125131440588856	18.82229232386961	20.767613038906415	29.284963196635122	0.0
123.0	34.86286919831223	17.827004219409282	17.29957805907173	30.010548523206754	0.0
124.0	31.240105540897094	18.311345646437996	20.052770448548813	30.395778364116094	0.0
125.0	26.910828025477706	21.019108280254777	18.895966029723994	33.174097664543524	0.0
126.0	30.527437400106557	19.712306872669153	18.9664358018114	30.79381992541289	0.0
127.0	28.113308391234632	19.18760021378942	21.165152324959916	31.533939070016032	0.0
128.0	31.293612453032743	18.089103596349972	18.303811057434245	32.31347289318304	0.0
129.0	29.218328840970347	19.137466307277627	17.25067385444744	34.39353099730458	0.0
130.0	31.19266055045872	18.726389638424177	15.974096060442525	34.10685375067458	0.0
131.0	31.131564699512726	20.844612885760693	19.05793178126692	28.96589063345966	0.0
132.0	30.765056972327727	19.750406945198044	19.37059142702116	30.113944655453068	0.0
133.0	28.781284004352557	21.218715995647443	20.40261153427639	29.59738846572361	0.0
134.0	25.831062670299726	20.108991825613078	21.525885558583106	32.53405994550408	0.0
135.0	27.838427947598255	16.266375545851528	21.997816593886462	33.89737991266376	0.0
136.0	25.958378970427166	18.893756845564074	21.796276013143483	33.351588170865284	0.0
137.0	29.835164835164836	15.879120879120878	19.395604395604398	34.89010989010989	0.0
138.0	29.295154185022028	17.841409691629956	20.484581497797357	32.378854625550666	0.0
139.0	28.7292817679558	18.7292817679558	19.723756906077348	32.81767955801105	0.0
140.0	30.155210643015522	17.516629711751662	20.17738359201774	32.15077605321508	0.0
141.0	30.016675931072818	18.732629238465815	21.734296831573097	29.516397998888273	0.0
142.0	32.533482142857146	15.401785714285715	18.470982142857142	33.59375	0.0
143.0	33.9135317237507	18.641212801796744	18.135878719820326	29.309376754632225	0.0
144.0	31.302876480541453	18.048505358150027	18.048505358150027	32.60011280315849	0.0
145.0	28.628117913832202	18.877551020408163	19.5578231292517	32.93650793650794	0.0
146.0	27.40193291642979	18.646958499147242	19.897669130187605	34.05343945423536	0.0
147.0	29.674099485420243	18.524871355060036	19.611206403659235	32.18982275586049	0.0
148.0	27.110855829982768	21.367030442274555	19.58644457208501	31.93566915565767	0.0
149.0	33.084004602991946	18.296892980437285	17.03107019562716	31.588032220943614	0.0
150.0	28.365106874638933	19.75736568457539	17.33102253032929	34.546504910456385	0.0
151.0	27.520278099652373	18.88760139049826	21.089223638470454	32.50289687137891	0.0
152.0	29.06032482598608	19.489559164733176	17.865429234338748	33.584686774942	0.0
153.0	31.042516016307513	18.229470005824112	20.151426907396623	30.576587070471756	0.0
154.0	31.71728971962617	15.82943925233645	20.852803738317757	31.600467289719624	0.0
155.0	30.116959064327485	22.16374269005848	15.964912280701753	31.75438596491228	0.0
156.0	31.33450911228689	16.049382716049383	20.458553791887123	32.157554379776606	0.0
157.0	30.560471976401182	18.466076696165192	20.412979351032448	30.560471976401182	0.0
158.0	28.17483756645009	22.268163024217365	17.48375664500886	32.07324276432368	0.0
159.0	35.01184834123222	14.869668246445498	20.260663507109005	29.85781990521327	0.0
160.0	27.245687091017253	19.214753123140987	22.248661511005356	31.290898274836408	0.0
161.0	28.92215568862275	19.64071856287425	21.077844311377245	30.359281437125745	0.0
162.0	30.66265060240964	19.216867469879517	18.55421686746988	31.566265060240962	0.0
163.0	29.468599033816425	17.874396135265698	17.51207729468599	35.14492753623188	0.0
164.0	29.71497877501516	17.343844754396603	21.83141297756216	31.109763493026076	0.0
165.0	29.550970873786408	17.53640776699029	22.451456310679614	30.461165048543688	0.0
166.0	29.61608775137112	19.134673979280926	19.683120048750762	31.566118220597193	0.0
167.0	27.078239608801958	19.621026894865526	21.943765281173594	31.356968215158926	0.0
168.0	28.782287822878228	17.89667896678967	20.479704797047972	32.84132841328413	0.0
169.0	27.91846819024089	17.047560222359483	20.753551575046323	34.280420012353304	0.0
170.0	29.228855721393032	17.599502487562187	19.092039800995025	34.07960199004975	0.0
171.0	30.630068621335	18.02869619463506	17.52963194011229	33.81160324391765	0.0
172.0	29.655172413793103	21.065830721003135	16.551724137931036	32.72727272727273	0.0
173.0	28.030303030303028	17.424242424242426	20.643939393939394	33.90151515151515	0.0
174.0	28.4717818642993	21.36968928344959	17.564996829422956	32.59353202282816	0.0
175.0	29.731457800511507	17.838874680306905	20.971867007672635	31.45780051150895	0.0
176.0	28.93041237113402	19.394329896907216	19.201030927835053	32.47422680412371	0.0
177.0	29.392764857881136	22.739018087855296	17.89405684754522	29.97416020671835	0.0
178.0	28.83116883116883	20.194805194805195	19.22077922077922	31.753246753246756	0.0
179.0	27.071102413568166	19.569471624266143	22.439660795825176	30.919765166340508	0.0
180.0	30.809743252139565	14.549045424621463	22.448979591836736	32.19223173140224	0.0
181.0	26.99468085106383	20.944148936170212	18.816489361702125	33.244680851063826	0.0
182.0	32.30563002680965	18.83378016085791	19.70509383378016	29.15549597855228	0.0
183.0	31.08108108108108	21.95945945945946	19.93243243243243	27.027027027027028	0.0
184.0	30.86335825968729	20.598232494901428	18.49082256968049	30.0475866757308	0.0
185.0	27.036276522929498	21.492128678986997	22.381930184804926	29.089664613278575	0.0
186.0	29.73158981417756	17.274604267033723	22.711631108052305	30.282174810736407	0.0
187.0	30.311418685121104	21.10726643598616	17.439446366782008	31.141868512110726	0.0
188.0	29.554937413073713	19.054242002781642	20.58414464534075	30.806675938803895	0.0
189.0	30.419580419580424	19.16083916083916	21.11888111888112	29.3006993006993	0.0
190.0	30.09845288326301	17.229254571026722	19.40928270042194	33.26300984528833	0.0
191.0	27.954706298655342	18.400566171266806	20.099079971691435	33.54564755838641	0.0
192.0	30.938833570412516	20.483641536273115	21.408250355618776	27.169274537695593	0.0
193.0	29.770444763271165	17.001434720229554	21.37733142037303	31.850789096126253	0.0
194.0	24.81962481962482	23.232323232323232	23.593073593073594	28.354978354978357	0.0
195.0	29.330422125181947	20.451237263464336	18.922852983988356	31.29548762736536	0.0
196.0	28.57142857142857	20.839469808541974	21.207658321060382	29.381443298969074	0.0
197.0	30.694548170276327	20.089619118745333	19.492158327109784	29.72367438386856	0.0
198.0	27.509578544061302	25.517241379310345	20.766283524904214	26.20689655172414	0.0
199.0	28.05466237942122	22.588424437299036	18.890675241157556	30.466237942122188	0.0
200.0	27.039848197343453	15.085388994307399	20.113851992409867	37.76091081593928	0.0
201.0	30.678851174934724	18.79895561357702	19.712793733681462	30.809399477806785	0.0
202.0	40.0	15.686274509803921	20.130718954248366	24.18300653594771	0.0
203.0	33.46560846560847	18.51851851851852	18.915343915343914	29.100529100529098	0.0
204.0	34.3046357615894	16.29139072847682	25.695364238410594	23.70860927152318	0.0
205.0	35.37234042553192	15.691489361702127	22.872340425531913	26.063829787234045	0.0
206.0	28.78179384203481	21.954484605087014	20.34805890227577	28.915662650602407	0.0
207.0	27.77777777777778	24.390243902439025	14.905149051490515	32.926829268292686	0.0
208.0	27.247956403269757	18.80108991825613	19.346049046321525	34.60490463215259	0.0
209.0	23.35164835164835	20.467032967032967	19.917582417582416	36.26373626373626	0.0
210.0	26.68500687757909	17.881705639614857	18.707015130674005	36.72627235213205	0.0
211.0	31.17241379310345	20.413793103448278	19.586206896551726	28.827586206896548	0.0
212.0	26.25	20.0	21.666666666666668	32.083333333333336	0.0
213.0	27.932960893854748	22.206703910614525	16.899441340782122	32.960893854748605	0.0
214.0	27.566807313642755	29.535864978902953	16.033755274261605	26.863572433192683	0.0
215.0	28.693181818181817	23.15340909090909	15.198863636363635	32.95454545454545	0.0
216.0	30.45977011494253	18.67816091954023	17.67241379310345	33.189655172413794	0.0
217.0	27.631578947368425	19.736842105263158	23.24561403508772	29.385964912280706	0.0
218.0	25.78241430700447	18.181818181818183	18.628912071535023	37.40685543964232	0.0
219.0	18.151815181518153	21.947194719471945	26.237623762376238	33.663366336633665	0.0
220.0	0.0	29.82005141388175	24.42159383033419	45.75835475578406	0.0
