# Position (bp)	A	C	G	T	N
0.0	50.91077493053412	14.757641247298551	13.399197283112072	20.932386539055265	0.0
1.0	13.954924359370176	51.21951219512195	25.65606668724915	9.169496758258722	0.0
2.0	17.39797483890764	48.910708806382324	8.284749923289352	25.40656643142068	0.0
3.0	51.40500916310323	13.866829566279781	8.460598656078192	26.267562614538793	0.0
4.0	51.81679389312978	22.900763358778626	7.66412213740458	17.61832061068702	0.0
5.0	19.957277998169058	45.95666768385719	19.59108941104669	14.494964906927068	0.0
6.0	17.306520414381474	59.506398537477146	7.190737355271176	15.996343692870202	0.0
7.0	61.62046908315565	8.16326530612245	12.031678342978983	18.18458726774292	0.0
8.0	53.80633373934226	9.165651644336176	11.266747868453105	25.761266747868454	0.0
9.0	11.662606577344702	47.53349573690621	11.0231425091352	29.780755176613887	0.0
10.0	14.76407914764079	20.426179604261797	11.385083713850836	53.42465753424658	0.0
11.0	24.741326841144247	8.642726719415702	14.790018259281801	51.82592818015824	0.0
12.0	26.520681265206814	9.276155717761556	8.85036496350365	55.352798053527984	0.0
13.0	14.632665452337584	57.61991499696417	14.207650273224044	13.539769277474194	0.0
14.0	11.916312916919345	22.710733778047302	51.121892055791385	14.251061249241964	0.0
15.0	59.55259975816203	14.419588875453446	10.76178960096735	15.26602176541717	0.0
16.0	14.234016887816647	8.202653799758746	21.35102533172497	56.21230398069964	0.0
17.0	17.83132530120482	44.036144578313255	20.75301204819277	17.37951807228916	0.0
18.0	24.81180367359229	11.623005118940078	8.732309545317674	54.83288166214996	0.0
19.0	17.779783393501805	57.2202166064982	12.033694344163658	12.96630565583634	0.0
20.0	24.894894894894897	9.3993993993994	12.042042042042041	53.66366366366366	0.0
21.0	16.41164116411641	9.48094809480948	22.082208220822082	52.02520252025202	0.0
22.0	27.39273927392739	7.680768076807682	44.884488448844884	20.042004200420042	0.0
23.0	14.101410141014101	21.66216621662166	15.271527152715272	48.964896489648964	0.0
24.0	51.7996400719856	11.397720455908818	8.338332333533295	28.464307138572288	0.0
25.0	17.666466706658667	8.968206358728255	47.630473905218956	25.734853029394124	0.0
26.0	48.756367995205274	13.485166317051245	6.65268204974528	31.1057836379982	0.0
27.0	13.125561881929876	10.788133053640996	9.829187893317352	66.25711717111177	0.0
28.0	17.62061732094696	45.010488462691036	7.102187593646988	30.266706622715013	0.0
29.0	17.530716212166617	18.39976026370992	12.076715612825891	51.99280791129757	0.0
30.0	24.773413897280967	10.211480362537765	46.10271903323263	18.91238670694864	0.0
31.0	16.802906448683018	7.478050257341811	18.619436875567665	57.09960641840751	0.0
32.0	12.12496133622023	8.846272811630065	16.57902876585215	62.44973708629755	0.0
33.0	16.329074478030538	45.715176067310686	22.28108444998442	15.674665004674354	0.0
34.0	14.423676012461058	7.196261682242991	10.74766355140187	67.63239875389408	0.0
35.0	14.014325755216445	46.558704453441294	11.616318903768297	27.810650887573964	0.0
36.0	26.93026151930262	11.270236612702366	8.655043586550436	53.144458281444585	0.0
37.0	51.35303265940902	11.695178849144634	22.23950233281493	14.712286158631416	0.0
38.0	53.21072319201995	21.820448877805486	6.733167082294264	18.2356608478803	0.0
39.0	54.18872625350358	12.239177826222361	6.384303955154158	27.1877919651199	0.0
40.0	15.940224159402241	48.06973848069738	10.95890410958904	25.03113325031133	0.0
41.0	13.3816120906801	9.82367758186398	62.37405541561712	14.42065491183879	0.0
42.0	52.69291338582677	10.047244094488189	10.173228346456693	27.086614173228345	0.0
43.0	54.966887417218544	11.573636076947336	8.609271523178808	24.850204982655313	0.0
44.0	27.839291363492563	48.592217652641565	6.390382790256248	17.178108193609617	0.0
45.0	20.94218415417559	28.865096359743042	13.190578158458244	37.00214132762313	0.0
46.0	44.74304573314474	10.278170674210278	11.362564827911363	33.61621876473362	0.0
47.0	43.15579890492782	14.88302638128422	15.729218516674962	26.231956197112993	0.0
48.0	20.469296055916125	13.729405891163255	14.528207688467297	51.273090364453324	0.0
49.0	20.980788675429725	18.958543983822043	34.73205257836198	25.32861476238625	0.0
50.0	30.572472594397077	19.488428745432397	13.946406820950061	35.99269183922046	0.0
51.0	34.67397928092627	16.148689823278488	17.97684338817794	31.200487507617307	0.0
52.0	24.69437652811736	28.30073349633252	17.420537897310513	29.584352078239608	0.0
53.0	30.354957160342718	14.38188494492044	21.052631578947366	34.21052631578947	0.0
54.0	23.943661971830984	26.76056338028169	16.962645437844458	32.33312921004286	0.0
55.0	30.943627450980394	16.973039215686274	23.100490196078432	28.982843137254903	0.0
56.0	25.245098039215684	17.58578431372549	21.936274509803923	35.2328431372549	0.0
57.0	25.50582464745555	21.45922746781116	18.148375229920294	34.886572654812994	0.0
58.0	30.246913580246915	22.160493827160494	19.691358024691358	27.901234567901234	0.0
59.0	27.801857585139317	22.910216718266255	24.024767801857585	25.263157894736842	0.0
60.0	27.340359578425293	15.251084934903906	20.830750154990703	36.577805331680096	0.0
61.0	22.532588454376164	19.056486654252016	24.643078833022965	33.76784605834885	0.0
62.0	24.75124378109453	19.402985074626866	21.144278606965177	34.701492537313435	0.0
63.0	36.12334801762114	20.13845185651353	17.180616740088105	26.557583385777217	0.0
64.0	24.040276903713025	17.180616740088105	28.57142857142857	30.207677784770297	0.0
65.0	29.70234325522483	16.212792906903104	25.839138695376825	28.24572514249525	0.0
66.0	32.31939163498099	17.61723700887199	22.306717363751584	27.756653992395435	0.0
67.0	30.0570703868104	18.6429930247305	18.833227647431833	32.466708941027264	0.0
68.0	22.320862396956244	17.374762206721623	22.764743183259352	37.53963221306278	0.0
69.0	35.20749665327978	16.265060240963855	20.548862115127175	27.978580990629183	0.0
70.0	26.541554959785525	21.84986595174263	24.262734584450403	27.34584450402145	0.0
71.0	33.13212608987257	22.736418511066397	17.773306505700873	26.358148893360163	0.0
72.0	27.50504371217216	23.20107599193006	17.753866845998655	31.540013449899124	0.0
73.0	31.043771043771045	18.98989898989899	18.45117845117845	31.515151515151512	0.0
74.0	27.003367003367	14.882154882154882	28.484848484848484	29.629629629629626	0.0
75.0	27.125506072874494	22.672064777327936	26.045883940620783	24.156545209176787	0.0
76.0	25.304465493910687	24.08660351826793	16.508795669824085	34.10013531799729	0.0
77.0	36.222071767095464	18.686526743398783	17.73865944482058	27.352742044685176	0.0
78.0	30.60257278266757	25.795531482735274	17.264725795531483	26.337169939065674	0.0
79.0	26.187245590230663	23.94843962008141	22.184531886024423	27.6797829036635	0.0
80.0	29.579375848032562	16.28222523744912	20.013568521031207	34.12483039348711	0.0
81.0	27.22335369993211	18.601493550577054	15.953835709436524	38.22131704005431	0.0
82.0	38.90020366598778	15.274949083503056	18.87304820095044	26.951799049558723	0.0
83.0	32.61021693491952	17.984604618614416	22.393282015395382	27.01189643107068	0.0
84.0	24.422673198040588	21.763470958712386	18.68439468159552	35.129461161651506	0.0
85.0	36.06442577030812	16.246498599439775	17.99719887955182	29.69187675070028	0.0
86.0	30.93797276853253	20.12102874432678	21.104387291981848	27.83661119515885	0.0
87.0	35.25835866261398	18.009118541033434	19.756838905775076	26.975683890577507	0.0
88.0	36.09422492401216	18.693009118541035	16.565349544072948	28.64741641337386	0.0
89.0	28.77752467729689	16.476841305998484	18.83067577828398	35.91495823842065	0.0
90.0	29.86322188449848	16.109422492401215	20.89665653495441	33.130699088145896	0.0
91.0	30.3951367781155	20.51671732522796	16.261398176291795	32.82674772036474	0.0
92.0	30.851063829787233	20.364741641337385	16.109422492401215	32.67477203647417	0.0
93.0	32.165109034267914	18.847352024922117	18.06853582554517	30.919003115264797	0.0
94.0	32.320872274143305	18.53582554517134	19.781931464174455	29.361370716510905	0.0
95.0	33.021806853582554	16.121495327102803	19.314641744548286	31.542056074766357	0.0
96.0	29.439252336448597	16.588785046728972	19.781931464174455	34.190031152647975	0.0
97.0	31.074766355140188	15.887850467289718	20.24922118380062	32.78816199376947	0.0
98.0	28.39313572542902	21.996879875195006	17.472698907956318	32.13728549141966	0.0
99.0	31.549960660896932	17.545239968528715	17.859952793076317	33.044846577498035	0.0
100.0	30.33884948778566	14.814814814814813	20.33096926713948	34.515366430260045	0.0
101.0	32.413249211356465	17.981072555205046	20.347003154574132	29.258675078864353	0.0
102.0	31.30434782608696	14.861660079051383	22.292490118577074	31.541501976284586	0.0
103.0	28.05071315372425	16.00633914421553	20.44374009508716	35.49920760697306	0.0
104.0	26.645519429024585	18.23949246629659	21.570182394924664	33.54480570975416	0.0
105.0	30.708035003977724	18.217979315831347	19.013524264120925	32.060461416070005	0.0
106.0	32.58964143426295	18.326693227091635	19.282868525896415	29.800796812749002	0.0
107.0	33.945686900958464	17.012779552715653	18.450479233226837	30.591054313099043	0.0
108.0	34.05275779376499	17.505995203836928	17.186250999200638	31.254996003197444	0.0
109.0	29.2	20.16	19.919999999999998	30.72	0.0
110.0	25.48076923076923	20.673076923076923	20.432692307692307	33.41346153846153	0.0
111.0	27.826784282277465	17.40176423416199	21.331194867682438	33.440256615878106	0.0
112.0	27.506014434643145	19.566960705693663	20.850040096230956	32.076984763432236	0.0
113.0	30.08849557522124	18.744971842316975	17.45776347546259	33.7087691069992	0.0
114.0	29.89524576954069	18.694601128122482	19.3392425463336	32.07091055600323	0.0
115.0	27.62520193861066	19.7092084006462	18.578352180936992	34.087237479806134	0.0
116.0	28.34008097165992	19.51417004048583	18.704453441295545	33.441295546558706	0.0
117.0	32.035685320356855	20.03244120032441	17.35604217356042	30.57583130575831	0.0
118.0	27.64227642276423	16.34146341463415	22.032520325203254	33.983739837398375	0.0
119.0	21.533442088091352	21.778140293637847	29.526916802610113	27.161500815660684	0.0
120.0	27.54686226568867	21.923390383048087	22.00488997555012	28.52485737571312	0.0
121.0	29.378068739770868	20.049099836333877	18.494271685761046	32.0785597381342	0.0
122.0	30.523731587561375	17.6759410801964	20.621931260229132	31.178396072013093	0.0
123.0	34.561834561834566	17.936117936117938	16.216216216216218	31.285831285831282	0.0
124.0	30.098684210526315	17.763157894736842	20.065789473684212	32.07236842105263	0.0
125.0	29.44078947368421	19.407894736842106	19.736842105263158	31.414473684210524	0.0
126.0	32.319078947368425	18.832236842105264	17.351973684210524	31.49671052631579	0.0
127.0	26.935749588138385	18.451400329489292	21.16968698517298	33.44316309719934	0.0
128.0	30.363036303630363	16.08910891089109	21.204620462046204	32.34323432343234	0.0
129.0	30.247933884297524	19.75206611570248	16.694214876033058	33.30578512396694	0.0
130.0	31.674958540630183	19.900497512437813	14.759535655058043	33.66500829187397	0.0
131.0	31.255195344970904	20.36575228595179	18.86949293433084	29.509559434746468	0.0
132.0	32.5	16.833333333333332	20.916666666666668	29.75	0.0
133.0	28.643216080402013	21.273031825795645	19.68174204355109	30.402010050251256	0.0
134.0	24.181360201511335	20.65491183879093	21.158690176322416	34.005037783375315	0.0
135.0	27.333894028595456	17.24137931034483	20.94196804037006	34.48275862068966	0.0
136.0	24.579124579124578	18.77104377104377	21.548821548821547	35.1010101010101	0.0
137.0	26.919831223628695	16.371308016877638	20.0	36.708860759493675	0.0
138.0	28.270042194092827	17.29957805907173	20.0	34.43037974683544	0.0
139.0	29.476351351351347	18.074324324324326	18.83445945945946	33.61486486486486	0.0
140.0	29.466553767993226	16.257408975444537	22.269263336155802	32.00677392040643	0.0
141.0	31.918505942275043	16.808149405772497	19.269949066213922	32.003395585738545	0.0
142.0	32.82182438192668	14.492753623188406	18.584825234441603	34.10059676044331	0.0
143.0	32.10930828351836	19.385140905209223	19.128949615713065	29.37660119555935	0.0
144.0	31.673819742489272	16.824034334763947	18.71244635193133	32.78969957081545	0.0
145.0	28.632846087704213	18.142734307824593	20.46431642304385	32.76010318142734	0.0
146.0	28.82960413080895	19.535283993115318	18.244406196213426	33.3907056798623	0.0
147.0	28.85443583118002	19.810508182601204	18.1739879414298	33.161068044788976	0.0
148.0	25.692041522491348	21.10726643598616	19.290657439446367	33.910034602076124	0.0
149.0	29.921942758022553	20.555073720728533	17.69297484822203	31.83000867302689	0.0
150.0	28.670721112076453	20.243266724587315	19.721980886185925	31.364031277150307	0.0
151.0	27.24107919930374	20.887728459530024	20.278503046127067	31.59268929503917	0.0
152.0	27.763272410791995	20.278503046127067	17.232375979112273	34.72584856396867	0.0
153.0	30.279232111692846	18.06282722513089	18.93542757417103	32.72251308900523	0.0
154.0	31.989482909728306	15.425065731814197	19.807186678352323	32.778264680105174	0.0
155.0	28.910369068541304	18.89279437609842	19.068541300527244	33.12829525483304	0.0
156.0	29.401408450704224	14.964788732394366	18.485915492957748	37.147887323943664	0.0
157.0	30.27360988526037	17.29920564872021	20.476610767872906	31.950573698146513	0.0
158.0	28.86142983230362	21.35922330097087	15.798764342453664	33.980582524271846	0.0
159.0	34.89399293286219	13.250883392226148	18.81625441696113	33.03886925795053	0.0
160.0	27.23253757736516	17.595048629531387	23.7842617152962	31.388152077807252	0.0
161.0	27.939876215738284	19.27497789566755	22.369584438549957	30.41556145004421	0.0
162.0	30.044444444444444	18.755555555555556	20.444444444444446	30.75555555555556	0.0
163.0	30.365093499554764	16.829919857524487	16.295636687444347	36.5093499554764	0.0
164.0	29.55357142857143	17.410714285714285	22.767857142857142	30.267857142857142	0.0
165.0	30.52820053715309	17.994628469113696	22.112802148612353	29.364368845120858	0.0
166.0	28.45601436265709	19.389587073608617	20.017953321364452	32.13644524236984	0.0
167.0	27.33812949640288	18.974820143884894	21.6726618705036	32.014388489208635	0.0
168.0	28.82882882882883	18.37837837837838	19.45945945945946	33.33333333333333	0.0
169.0	27.64227642276423	17.88617886178862	20.957542908762424	33.51400180668473	0.0
170.0	29.773755656108598	16.651583710407238	18.461538461538463	35.1131221719457	0.0
171.0	31.607629427792915	17.529518619436875	16.439600363306088	34.42325158946412	0.0
172.0	29.170464904284408	22.333637192342753	15.679124886052872	32.81677301731996	0.0
173.0	31.444241316270567	18.190127970749543	19.012797074954296	31.352833638025597	0.0
174.0	30.952380952380953	18.58974358974359	17.582417582417584	32.875457875457876	0.0
175.0	28.58455882352941	18.75	20.863970588235293	31.801470588235293	0.0
176.0	30.434782608695656	17.576318223866792	18.501387604070306	33.48751156336725	0.0
177.0	29.155060352831942	21.262766945218196	18.012999071494892	31.569173630454966	0.0
178.0	26.58582089552239	21.73507462686567	20.42910447761194	31.25	0.0
179.0	26.009389671361504	20.56338028169014	23.661971830985916	29.765258215962444	0.0
180.0	29.90566037735849	16.60377358490566	21.88679245283019	31.60377358490566	0.0
181.0	27.083333333333332	18.46590909090909	19.981060606060606	34.46969696969697	0.0
182.0	31.749049429657795	18.5361216730038	21.102661596958175	28.612167300380225	0.0
183.0	28.653295128939828	22.82712511938873	20.15281757402101	28.36676217765043	0.0
184.0	28.942307692307693	21.153846153846153	19.423076923076923	30.480769230769234	0.0
185.0	28.929604628736737	19.864995178399226	24.397299903567983	26.808100289296043	0.0
186.0	29.497098646034814	17.504835589941973	22.823984526112184	30.174081237911025	0.0
187.0	29.474708171206228	23.443579766536963	15.953307392996107	31.1284046692607	0.0
188.0	29.98046875	20.703125	21.09375	28.22265625	0.0
189.0	31.047992164544564	18.02154750244858	19.58863858961802	31.341821743388838	0.0
190.0	31.09575518262586	18.16386969397828	19.94076999012833	30.799605133267523	0.0
191.0	27.596439169139465	19.386745796241346	21.8595450049456	31.15727002967359	0.0
192.0	31.082423038728894	20.158887785501488	19.165839126117177	29.59285004965243	0.0
193.0	30.13972055888224	18.562874251497004	21.457085828343313	29.840319361277444	0.0
194.0	28.14070351758794	20.603015075376884	22.412060301507537	28.84422110552764	0.0
195.0	27.38336713995943	19.776876267748477	20.385395537525355	32.454361054766736	0.0
196.0	30.071355759429153	20.285423037716615	19.673802242609582	29.96941896024465	0.0
197.0	30.05181347150259	20.82901554404145	20.51813471502591	28.601036269430054	0.0
198.0	28.375527426160335	20.991561181434598	22.468354430379748	28.164556962025316	0.0
199.0	28.040540540540544	24.88738738738739	19.707207207207208	27.364864864864863	0.0
200.0	27.490039840637447	17.397078353253654	20.45152722443559	34.66135458167331	0.0
201.0	31.843575418994412	17.877094972067038	17.877094972067038	32.402234636871505	0.0
202.0	37.03007518796993	17.857142857142858	17.481203007518797	27.631578947368425	0.0
203.0	36.15819209039548	16.760828625235405	18.64406779661017	28.436911487758948	0.0
204.0	34.659090909090914	18.37121212121212	22.348484848484848	24.62121212121212	0.0
205.0	36.69201520912547	15.96958174904943	23.574144486692013	23.76425855513308	0.0
206.0	32.129277566539926	18.250950570342205	19.96197718631179	29.65779467680608	0.0
207.0	26.81992337164751	23.371647509578544	17.049808429118773	32.758620689655174	0.0
208.0	26.640926640926644	18.33976833976834	21.042471042471043	33.97683397683397	0.0
209.0	22.437137330754354	21.663442940038685	18.95551257253385	36.94390715667311	0.0
210.0	26.744186046511626	18.992248062015506	19.379844961240313	34.883720930232556	0.0
211.0	31.456310679611647	20.19417475728155	20.19417475728155	28.155339805825243	0.0
212.0	27.042801556420233	17.509727626459142	25.680933852140075	29.766536964980546	0.0
213.0	29.549902152641877	21.135029354207436	16.046966731898237	33.268101761252446	0.0
214.0	30.392156862745097	23.92156862745098	19.411764705882355	26.27450980392157	0.0
215.0	29.133858267716533	22.83464566929134	17.716535433070867	30.314960629921263	0.0
216.0	28.71287128712871	18.217821782178216	18.613861386138613	34.45544554455445	0.0
217.0	26.104417670682732	16.666666666666664	24.497991967871485	32.730923694779115	0.0
218.0	25.81967213114754	18.647540983606557	21.51639344262295	34.01639344262295	0.0
219.0	19.340659340659343	22.41758241758242	24.175824175824175	34.065934065934066	0.0
220.0	0.0	33.33333333333333	25.170068027210885	41.49659863945578	0.0
