# Position (bp)	A	C	G	T	N
0.0	38.090548525483634	11.214013976202681	28.195909667323203	22.468499581793164	0.031028249197312684
1.0	31.51575652924671	16.08366609108569	22.1346859486294	30.26184437729333	0.004047053744873732
2.0	33.80500824872245	16.809286854353044	21.372909317703233	28.008101184328773	0.004694394892498357
3.0	33.75737696192257	17.14848402184978	23.682126960259218	25.408685353861305	0.003326702107133115
4.0	33.66374531439734	17.052953909508474	21.913441740140435	27.369859035953752	0.0
5.0	33.952696062373064	17.350455349538098	21.001113804625565	27.69376924588875	0.001965537574526633
6.0	27.957115161924094	17.617783676177837	20.2323796140885	34.19272154780957	0.0
7.0	28.876114197132154	20.176979718382636	20.200232528097146	30.746673556388064	0.0
8.0	28.69246607752612	19.070760809791157	20.577289527195532	31.65884414205875	6.394434284398858E-4
9.0	32.38477487588214	18.245166853715293	20.89998922092662	28.47006904947595	0.0
10.0	29.718356672958855	22.322632433822285	21.107884884326182	26.851126008892678	0.0
11.0	28.65856682370444	19.531366228613937	20.079345400446318	31.73072154723531	0.0
12.0	30.076754318582655	18.72829954463611	21.08377835270115	30.111167784080084	0.0
13.0	32.16389979423994	19.35548866487975	20.058858367474038	28.421753173406277	0.0
14.0	30.449864695519512	18.882693739670547	19.383955976099234	31.283485588710704	0.0
15.0	28.77313673373664	19.14801496145381	21.83422131886899	30.244626985940563	0.0
16.0	28.73782232389781	20.317530477788996	20.723104583166585	30.221542615146614	0.0
17.0	29.780636883653795	18.865346805186782	19.712980617875747	31.641035693283676	0.0
18.0	29.31052774274162	19.784164181391674	20.47788007025568	30.426838612332464	5.893932785590514E-4
19.0	28.967830461960663	18.929949452895023	20.003635638640972	32.09799805317415	5.863933291894871E-4
20.0	29.567257071995133	17.622663141393108	19.897517489880435	32.91197735089731	5.849458340157701E-4
21.0	30.11767725975928	18.356952409845917	20.42345143843968	31.101335464787255	5.83427167869499E-4
22.0	30.019871447468866	19.263649236901454	20.207105936376404	30.508790638858297	5.827403949814397E-4
23.0	29.37175638250832	19.06548907351812	19.118434220019083	32.44373850915777	5.8181479671391E-4
24.0	29.06397932216188	18.40850347050794	20.917143437981007	31.61037376934917	0.0
25.0	29.92834353261154	17.581114772390467	21.591087399968618	30.899454295029376	0.0
26.0	28.663328040389235	17.77498589517644	19.546086420399355	34.015599644034964	0.0
27.0	29.162736535662297	17.705967976710333	20.584570596797672	32.546724890829694	0.0
28.0	30.704690160225763	17.126897870653263	20.724980758915034	31.443431210205937	0.0
29.0	28.982931334898982	18.045349386075838	20.121094865414538	32.85062441361064	0.0
30.0	30.710908772544215	17.38457946652659	20.57491390883091	31.329014183155312	5.836689429755443E-4
31.0	30.65094223786609	17.695244666109254	21.023919920013565	30.62930847984845	5.846961626390846E-4
32.0	28.191324214287803	18.43062593362819	20.34738291204124	33.030666940042764	0.0
33.0	30.661535749955938	16.74049703307679	21.277245755243523	31.319546442629694	0.0011750190940602785
34.0	29.655245608759483	17.570858318740086	21.388687433298546	31.385208639201885	0.0
35.0	28.973970478569143	18.750369905659262	19.98259963778838	32.29305997798321	0.0
36.0	28.94786763572555	17.528425595485103	21.595153124740644	31.92855364404871	0.0
37.0	28.691762863481596	17.374746408190866	21.65110512641033	32.28119920748852	0.001186394428691763
38.0	29.792468977321352	17.751866115152378	19.953763134122568	32.50011886083773	0.0017829125659677648
39.0	29.62102944241017	18.320383436039414	20.321514691435205	31.73707243011521	0.0
40.0	30.36685713604757	17.891807830496155	20.319845558925348	31.42148947453093	0.0
41.0	30.347242486139482	17.384753726410317	19.667943045324346	32.600060742125855	0.0
42.0	29.736868780223126	17.31371227886066	21.255016069309708	31.694402871606513	0.0
43.0	29.72993946919137	18.990795019042732	20.802540622500267	30.476127938490194	5.969507754390573E-4
44.0	30.118063190096077	18.143253190574065	20.102409062664307	31.63627455666555	0.0
45.0	30.472485711720875	18.37158502648194	20.09695083635058	31.05837996349382	5.984619527813519E-4
46.0	28.304454703519394	18.219317704898373	22.132022303495415	31.34420528808682	0.0
47.0	28.07815202767634	19.556025369978858	20.09297520661157	32.27284739573323	0.0
48.0	30.458086443889677	18.900953469485966	20.845189039612595	29.79516948897645	6.015580353114568E-4
49.0	29.08333033022211	18.84452292575108	21.979170420555697	30.092976323471117	0.0
50.0	28.193684007637497	19.216012239268053	19.798461658926776	32.79123976798395	6.023261837215326E-4
51.0	29.256490548506402	19.190785623352095	20.992995094756274	30.558522031362184	0.0012067020230359417
52.0	28.693778485264833	19.528256777450263	19.894441855257025	31.883522882027876	0.0
53.0	28.62746286753562	18.144892391633828	20.353440436495905	32.87299181570173	0.0012124886329190664
54.0	28.58339453606308	18.762025577682955	20.942865987265787	31.71171389898818	0.0
55.0	29.397663665125336	19.240691165733757	20.818934047213432	30.542102701387197	6.084205402774397E-4
56.0	28.348118952031143	17.5560409522996	19.69578640373891	34.400053691930346	0.0
57.0	27.957002389435154	19.042759278158364	22.2688022879911	30.730824935680808	6.111087345771433E-4
58.0	28.669477399745073	18.88788116482008	20.614766153544466	31.827875281890382	0.0
59.0	26.08058878550682	18.46354551272584	20.715182395510265	34.740683306257075	0.0
60.0	27.34787402447813	17.986559818662265	22.505220235418758	32.16034592144085	0.0
61.0	28.031965191809693	18.224856459478	22.863888356685063	30.879289992027243	0.0
62.0	28.69457138086905	18.161974313151987	21.10662453545391	32.03621140634566	6.183641793998157E-4
63.0	29.145220702228723	16.952337248384577	22.661821429014374	31.240620620372322	0.0
64.0	27.416322159685215	18.555436569208545	22.848906709169697	31.179334561936546	0.0
65.0	29.19067009438742	18.59038111501004	19.858262495856085	32.36068629474646	0.0
66.0	29.574623207170063	17.568162105765968	21.287066483979235	31.570148203084734	0.0
67.0	29.152758409631556	16.853968033619594	21.823080660529158	32.17019289621969	0.0
68.0	29.586256281566257	17.323498285837406	20.281616952782898	32.80862847981344	0.0
69.0	30.44679547716889	18.137905510605172	20.800045942979658	30.61525306924628	0.0
70.0	30.645554671253628	17.748581551179686	20.646453236117175	30.95941054144951	0.0
71.0	29.64567768098722	18.619518400609586	19.821256756145914	31.913547162257277	0.0
72.0	29.506098234533486	16.2998628953131	21.707375712327075	32.48666315782634	0.0
73.0	29.956679361838574	18.11417802033845	21.021634143468532	30.907508474354444	0.0
74.0	29.947870328265353	18.83522146872549	20.59023178262388	30.625358350303483	0.0013180700817862485
75.0	30.050536913197373	17.474748145540996	21.677081742294945	30.79696911337933	6.640855873504977E-4
76.0	30.615749996645512	18.544956861271757	21.292954231352397	29.54633891073034	0.0
77.0	29.403318658990855	17.924144937351848	21.152048763968846	31.51913308499831	0.0013545546901456145
78.0	28.99695757044184	17.767377480539416	22.05487336914812	31.180791579870625	0.0
79.0	28.82911633908935	18.142903724876682	22.068281311789313	30.959698624244652	0.0
80.0	28.34840058071439	18.00845823134595	20.177721046688596	33.46542014125106	0.0
81.0	28.71566412300521	17.63581589006835	23.261712921515965	30.386807065410466	0.0
82.0	29.58085732417931	19.184503548145155	20.150147118213813	31.083770841746954	7.211677147637455E-4
83.0	29.330531371960372	18.532484934576154	20.561466197069656	31.575517496393818	0.0
84.0	28.225115322418382	18.84059051039951	21.70073552973791	31.233558637444204	0.0
85.0	27.53986971721507	18.520175631507506	21.912988086481075	32.026208224953926	7.583398424169808E-4
86.0	27.3140677717471	18.092539548960413	20.884321703481234	33.70829891216232	7.720636489272175E-4
87.0	28.164766284490362	18.114526899332244	21.70215446642308	32.01776489857629	7.874511780269623E-4
88.0	28.35874886454071	20.47202951792217	21.140041318660117	30.02837643389416	8.038649828374826E-4
89.0	28.76396917940579	19.466807009464915	19.146101786903714	32.62229970314209	8.223210834902595E-4
90.0	27.76306020518359	19.192933315334773	22.261406587473	30.781756209503243	8.436825053995681E-4
91.0	29.040417119870167	19.132093713851624	20.139500353930355	31.687125567583436	8.632447644205037E-4
92.0	29.128919244107866	18.454066105173755	21.18426640243471	31.23186354306745	8.847052162219548E-4
93.0	29.3257734946743	18.224222882399825	22.308166074922106	30.140026085066303	0.0018114629374682994
94.0	28.910613227272304	19.372554850340578	20.955106819934766	30.759866556392936	0.0018585460594177175
95.0	29.81676740328331	18.373786870555037	20.425381814021772	31.383110568764653	9.533433752168856E-4
96.0	28.34965719882468	18.29382957884427	23.034280117531832	30.321253672869737	9.79431929480901E-4
97.0	27.293589524221712	19.889686270167985	22.825682163598483	29.991042042011816	0.0
98.0	28.2575788993489	19.508149131174054	20.119852361796543	32.1144196076805	0.0
99.0	26.258247741880382	19.06963336251628	22.30253464585424	32.3695842497491	0.0
100.0	28.776202219482123	19.725427162233576	21.58820679936586	29.909062885326758	0.0011009335916857496
101.0	28.139337298215807	17.470404984423677	22.758425375247803	31.631832342112716	0.0
102.0	29.098240897668166	19.80831044357431	21.153643854830225	29.9398048039273	0.0
103.0	29.5615856308242	19.93626575249867	20.547052291053063	29.955096325624066	0.0
104.0	26.8519325867889	19.073006066192498	20.535369514580037	33.53844620769547	0.0012456247430898968
105.0	27.33076754752925	19.857380066676107	21.978658497341964	30.831906704938923	0.0012871835137535559
106.0	27.502455339367714	18.941947814084354	21.447721179624665	32.10654845645423	0.0013272104690361796
107.0	27.16154214887352	18.601657193727316	20.498527699787715	33.735533794425805	0.002739163185646785
108.0	27.497273641423654	18.24889883439319	22.646479810783635	31.604515133060463	0.0028325803390598665
109.0	28.39419475655431	18.59930945692884	22.151509831460675	30.852059925093634	0.0029260299625468167
110.0	27.141412464341236	19.20063997102018	20.125881092176957	33.53055710684799	0.0015093656136325902
111.0	26.37056627255756	18.651213441194773	22.602675793403858	32.37398879900436	0.0015556938394523955
112.0	27.493671697266812	19.03136915633311	21.564292351565253	31.90586048896152	0.004806305873305777
113.0	25.94086464061111	18.637845312963027	20.79944684073623	34.62019689835699	0.0016463073326528598
114.0	24.85719143148589	18.672220333219993	23.42060523631418	33.049982998979935	0.0
115.0	27.01166512181046	19.811469245702092	22.294898476713477	30.88196715577397	0.0
116.0	26.729639110213792	18.25720157190756	22.36182716227422	32.64952950931968	0.0018026462847460074
117.0	25.685428369480302	18.347531713849932	24.009523455228603	31.957516461441166	0.0
118.0	27.253210657465978	19.23327582902051	22.545524247651908	30.967989265861608	0.0
119.0	26.79923306516969	18.756300527761855	20.802118953964143	33.64234745310431	0.0
120.0	28.191359531364412	17.913513953299162	23.283296721178097	30.609795785534132	0.0020340086241965663
121.0	27.124966138073308	18.700118777219778	23.188647398362125	30.98626768634479	0.0
122.0	26.59197733565128	19.341961238812697	21.533277530959584	32.53278389457644	0.0
123.0	25.518777427393214	18.631883035261428	22.588043310472578	33.26129622687278	0.0
124.0	25.51780523255814	17.816587936046513	22.82203851744186	33.84356831395349	0.0
125.0	25.071371741470493	18.044180277998784	21.27579912949876	35.608648851031965	0.0
126.0	25.55052281597841	17.414349732568784	23.6616392810678	33.3710788801619	0.002409290223100275
127.0	24.972707423580786	19.11969035331481	23.493946010321558	32.411175069472016	0.0024811433108376337
128.0	25.75536995887927	22.194978673409445	20.110847189231986	31.936250095778103	0.0025540827011978646
129.0	26.02656686521533	20.228243107901534	22.268198829792844	31.4769911970903	0.0
130.0	26.87122900472903	18.924281132793393	23.832690112518346	30.371799749959234	0.0
131.0	27.308662741799832	19.167367535744322	21.292402579198207	32.23156714325764	0.0
132.0	26.83032616238723	18.985658107795512	23.53111265325006	30.650011566042103	0.0028915105250983115
133.0	27.958818263205014	19.003282602208298	23.81080274544912	29.224112205311847	0.0029841838257236644
134.0	27.334277097310274	19.32972241029113	21.21006955130178	32.12285344986767	0.0030774912291499966
135.0	27.502935296544283	18.785897883413195	22.771554596515724	30.939612223526797	0.0
136.0	24.272798742138367	18.936713836477985	25.124475890985327	31.662735849056606	0.003275681341719078
137.0	26.180475577535393	18.02384662285753	22.34604701578484	33.44624347943906	0.0033873043831718717
138.0	25.754125354727954	19.030935781102194	22.17706618084995	33.03436919735137	0.003503485968538696
139.0	25.574660633484164	20.61900452488688	24.025339366515837	29.78099547511312	0.0
140.0	24.86537023186238	19.233358264771876	23.17875841436051	32.72251308900523	0.0
141.0	25.450676982591876	18.16247582205029	23.16441005802708	33.21856866537718	0.003868471953578336
142.0	26.688784075465666	20.309377248381168	23.331201534894877	29.670637141258293	0.0
143.0	27.217908475136298	18.581695027259208	22.431025937551627	31.769370560052867	0.0
144.0	24.625112145939248	19.754774212842314	21.01508095868757	34.60503268253087	0.0
145.0	23.536150152002467	21.04683438339869	18.91879984138873	36.48940388597612	0.008811737233995682
146.0	22.502638461891433	20.194557885559583	20.460698389391087	36.83292800440508	0.009177258752810535
147.0	25.382395382395384	18.335738335738334	18.4992784992785	37.76815776815777	0.01443001443001443
148.0	25.21989609587984	21.161462887711536	18.702741628517053	34.90561185124222	0.010287536649349314
149.0	22.449810881582778	27.035205120744838	14.518475414605762	35.967413441955195	0.02909514111143439
150.0	27.944266283313056	24.4166758818976	11.600132699325446	36.016808581223046	0.022116554240849278
