# Position (bp)	A	C	G	T	N
0.0	39.582599926867545	11.55242938289382	24.030143289643128	24.80802730883926	0.026800091756246352
1.0	30.50158412918318	16.962332928311056	19.49444135315293	33.03346543872997	0.008176150622863696
2.0	31.62351116934698	18.03077634555833	19.913265838165753	30.431993253505862	4.533934230750049E-4
3.0	34.195883284324815	18.35240895724949	20.438814747794616	27.01176204478625	0.001130965844831486
4.0	33.66195180412895	17.799565302764595	19.8125791358869	28.725903757219562	0.0
5.0	32.0842669429025	18.416898427032077	19.77863601049396	29.71952304279779	6.755767736705212E-4
6.0	27.259325180121262	18.481138393358773	18.4964200477327	35.76311637878727	0.0
7.0	28.070895455442525	20.18407879864363	18.723872831332866	33.02115291458098	0.0
8.0	27.841507627825628	19.919349247282007	19.606676611952683	32.632466512939686	0.0
9.0	32.219250442235065	17.54686130214526	19.868121376516594	30.365766879103084	0.0
10.0	29.78073987786524	21.87754956861577	19.901696414875808	28.44001413864318	0.0
11.0	27.96214097191598	20.734266586593332	19.247739073202837	32.055853368287856	0.0
12.0	29.1400837692634	18.600001767284038	19.753154602007637	32.506759861444934	0.0
13.0	30.749328379096113	18.182359124898348	19.19899152181914	31.868659821532862	6.61152653536175E-4
14.0	30.26765444687898	18.81097165662697	18.783940293652904	32.13699406848385	4.395343573018744E-4
15.0	29.244652479658495	18.781240892067856	19.893148205367574	32.08052014647198	4.3827643409527695E-4
16.0	30.032993198022595	18.996123463214442	19.607011437204697	31.363871901558266	0.0
17.0	30.062630935754193	18.860858938547487	19.32982716480447	31.746246508379887	4.364525139664804E-4
18.0	29.423866073080735	18.950484919071307	19.595737501496664	32.029258416692976	6.530896583252604E-4
19.0	28.54170742842236	19.194982499619556	19.693036805147937	32.56940368268875	8.695841213939435E-4
20.0	29.927092902797053	18.29301399286349	18.736059802497127	33.043616122523886	2.1717931844786288E-4
21.0	30.024831669929803	18.331155497479934	19.800000868240208	31.842926664090886	0.0010853002591697017
22.0	29.937465849068058	18.544714953554735	19.843751355195714	31.673634179553673	4.3366262782205955E-4
23.0	30.14794931289904	18.058958743611576	18.95198417598797	32.83937457888933	0.0017331886120842245
24.0	29.598420782639	18.306453882134456	20.006017302992852	32.08867513273781	4.3289949588853704E-4
25.0	31.268958653367662	17.895454250416496	19.557973993379346	31.277180380363056	4.327224734416582E-4
26.0	29.72353819196573	18.06217145823869	18.694053258917947	33.518506500529995	0.0017305903476323363
27.0	30.13419420727617	18.132445917700565	19.254120813733593	32.47902268881744	2.163724722285932E-4
28.0	30.512289449707076	18.467395138758135	19.602088892640182	31.418010098190074	2.1642070453596154E-4
29.0	30.18528773025775	19.086409925850297	18.83484603338034	31.892807392474282	6.489180373257655E-4
30.0	29.288560735444687	18.014022282398116	19.690721872639234	33.00669510951796	0.0
31.0	29.809754470185045	18.56897754400863	19.60967388337442	32.01137747122054	2.1663121135840767E-4
32.0	29.701367000359852	18.686457028150755	19.00923906681523	32.602503349215915	4.3355545824644157E-4
33.0	30.30078198093133	17.96859021501212	19.884813382013135	31.84429136513766	0.0015230569057575903
34.0	30.027119160939698	18.596774017883398	19.171830924556453	32.20275112451942	0.0015247721010270428
35.0	29.65731162398797	18.706083433563332	18.85102583860314	32.78492424358183	6.548602637340569E-4
36.0	30.285937820980717	17.76381063940452	19.846278918314095	32.102879920975916	0.0010927003247505366
37.0	30.366118808156195	18.498646029739223	19.76380984045462	31.370987851452618	4.37470197342806E-4
38.0	29.934546919719796	18.808399191526355	19.038547024830127	32.21850686392372	0.0
39.0	30.1568606808701	18.975712036074448	19.047211731213785	31.819338254968788	8.772968728752966E-4
40.0	30.745282293919402	18.598355526769346	18.92922617544707	31.72581866883295	0.001317335031231818
41.0	30.431364453882452	18.768734806277987	19.06629568547705	31.732507043738156	0.001098010624350801
42.0	30.136272721278328	17.987120029892083	20.233202189155328	31.642306086115568	0.0010989735586961777
43.0	30.577183982479323	19.28417664041937	19.620825151667738	30.516055121521095	0.0017591039124669893
44.0	31.326918379875853	18.760548256278344	19.269725101714346	30.64236817842754	4.400837039204857E-4
45.0	31.10263698471795	18.43643561217368	18.711869183364783	31.74839770758246	6.6051216112974E-4
46.0	29.747404417337965	19.075549523188382	19.76608908709524	31.410295958118134	6.610142602809752E-4
47.0	29.776387134046445	19.13708057428	19.122747829691715	31.962902446930258	8.820150515868552E-4
48.0	29.611812241673412	18.676308652409652	20.589773522200915	31.119898843005846	0.002206740710173295
49.0	30.528681133603953	18.569949650466963	20.3307485326676	30.569517010902075	0.0011036723594086964
50.0	29.649866659007202	18.745070139350727	19.209277970123665	32.3946805008407	0.0011047306777080817
51.0	29.927853247046233	18.759925154931945	20.017295757452437	31.293819973724602	0.0011058668447849532
52.0	29.338490541794876	19.207500105226547	19.623532643490243	31.829147532049788	0.001329177438542158
53.0	30.068122518560227	18.404607414336986	19.448059073507146	32.07876763193889	4.4336165675383895E-4
54.0	30.002351698769576	18.54824754069992	19.89315300684655	31.554472886688057	0.0017748669959044944
55.0	29.884348017220137	19.45457734517754	19.79049873113634	30.869909836302156	6.660701638310579E-4
56.0	29.459517719400786	18.446310671197168	19.669901574934386	32.423825577183344	4.4445728432154704E-4
57.0	28.804468677452927	17.963211684026078	20.947147927099362	32.284282245368104	8.894660535280671E-4
58.0	29.111174417776514	18.230761697884766	20.25274196994516	32.40376397692472	0.0015579374688412507
59.0	27.879722298965305	18.55588332278735	20.051556498257682	33.511946669993854	8.912099958113131E-4
60.0	28.584227194016616	18.23943803222133	20.93628610079138	32.23938008820862	6.685847620618262E-4
61.0	29.634229272806323	18.07516081203108	20.472904426929468	31.815698821640787	0.0020066665923456815
62.0	29.061272006315875	18.253812495260867	20.220163516907004	32.46385990891939	8.920725968679331E-4
63.0	29.240395042775475	17.626083890805393	20.21269474332484	32.91971063518344	0.0011156879108520732
64.0	29.128533590605976	18.891003050646084	20.299972754112567	31.679150642958277	0.001339961677096035
65.0	29.45888916705411	18.418064446908193	19.253826758699617	32.86810199921319	0.0011176281248882372
66.0	29.176840253610457	17.80666790502812	20.86019868987326	32.154502749386225	0.0017904021019320676
67.0	29.889611974112206	17.830654783891543	19.87275490992776	32.40518740891476	0.0017909231537261276
68.0	30.12201760261284	17.627029799892924	19.18814724547558	33.06101328148276	0.001792070535896293
69.0	29.70268167273233	17.98799425051519	20.682224359966185	31.62575428352315	0.0013454332631465647
70.0	30.520316812133995	17.95351028741951	19.70405438757881	31.821221028068834	8.974847988512194E-4
71.0	29.66891819063701	18.406657564761257	19.94844249631732	31.97530808752201	6.736607624043402E-4
72.0	30.74674288693245	17.470889341296914	19.648514918229495	32.1329540296522	8.988238889413203E-4
73.0	30.591666610448108	17.915056004929244	19.60835902521515	31.88356911397301	0.001349245434490761
74.0	29.45037284793701	19.388542888204142	19.605971869281515	31.55443714929448	6.752452828489949E-4
75.0	30.777981006613448	18.07682951002829	19.778170219667345	31.36611824914854	9.010145423747139E-4
76.0	30.50435998962176	18.38212235044615	20.25426692386657	30.85834828025765	9.024558078671585E-4
77.0	30.789549135453516	17.895513930497643	19.588711115726642	31.72464550094932	0.0015803173728803994
78.0	30.573896066920646	18.058813161783647	19.78267058935181	31.58349037631566	0.0011298056282397176
79.0	30.264115957759536	18.34565723718427	20.138163399136197	31.250706645863012	0.0013567600569839224
80.0	30.121673330753683	17.871520022809506	19.29892446840046	32.70561933015177	0.002262847884576655
81.0	29.947196094503592	17.847357766838602	20.434567990689125	31.76929312507642	0.001585022892259201
82.0	30.23456090651558	18.889065155807366	19.638753541076486	31.236713881019828	9.065155807365438E-4
83.0	30.270026349564848	18.737216379361172	19.151961251173486	31.83966221762654	0.0011338022739538405
84.0	29.90697684974004	17.73453793660628	20.497772573262253	31.86003181713995	6.808232514756843E-4
85.0	30.05422909749883	18.72970382919197	20.01594171961649	31.19944408362363	6.81270069080785E-4
86.0	30.2572737436261	18.22071642170898	19.90065352348231	31.62112907770476	2.2723347785382525E-4
87.0	29.810082393903354	17.385045381461257	20.359458469879492	32.4435944027636	0.001819351992304141
88.0	29.99920337767864	18.471623174881362	19.99908957448988	31.528718234684938	0.0013656382651841905
89.0	30.051905517836687	18.366217456561298	18.813529597988463	32.767664160595075	6.832670184732626E-4
90.0	29.48954784092101	17.82066895642615	20.468032312064114	32.2215228268951	2.2806369362835655E-4
91.0	30.97121308616443	17.869526411782296	19.089848680951697	32.06895528452501	4.5653657656917327E-4
92.0	30.83044682270579	17.886845736951294	18.9908789310619	32.29137154189934	4.5696738166829654E-4
93.0	30.805603762670085	17.586641332208373	20.09562157453201	31.51121872920711	9.146013824199896E-4
94.0	31.045405338600375	17.743305006969067	19.8637771181262	31.34636819085851	0.001144345445848429
95.0	30.505577690155818	17.938648844940445	19.907622728657802	31.64677607447001	0.0013746617759255483
96.0	30.826734909617077	18.18482007113227	19.515053119890666	31.472703966392178	6.879329678116165E-4
97.0	30.10845967071956	18.73901289306877	20.373710807870786	30.777669149810205	0.001147478530676691
98.0	30.694929698464872	17.99723893333701	19.324250756307155	31.983350905845786	2.2970604517399084E-4
99.0	30.427644814987687	17.846163750784633	19.709967648999694	32.01599385629902	2.2992892896805597E-4
100.0	30.29346317845958	18.665620419312006	19.666612206577092	31.373843969542236	4.6022610908739466E-4
101.0	30.595038505471827	17.948340027267033	20.15158075094882	31.303889236891557	0.0011514794207597922
102.0	30.37491212096765	18.187790288934732	19.539686747265666	31.896458330932266	0.0011525118996853643
103.0	30.63662496943074	18.492670299601794	19.23902159919897	31.631452420393043	2.307113754550782E-4
104.0	29.415051945862693	18.718984313480984	19.607340542712453	32.25793043249347	6.927654504014576E-4
105.0	30.3685499141106	18.260109633253414	19.690520723274293	31.679894944431986	9.247849297047855E-4
106.0	29.79600905392082	18.338587014381662	19.475187350432098	32.389522262184144	6.943190812769916E-4
107.0	29.758432393736435	18.690155430811394	19.493141259246734	32.05734421588411	9.267003213333364E-4
108.0	29.361122646171122	18.860325760405335	20.12722333448555	31.65040029880316	9.279601348326077E-4
109.0	30.702078296674586	18.124539878725386	19.623403074364887	31.548817560898573	0.0011611893365660844
110.0	30.20163878012258	18.669956007775372	19.397036802797647	31.73043834113041	9.300681739971541E-4
111.0	29.248247353573724	18.78892830209759	19.90801515701664	32.05434367697307	4.6551033898462887E-4
112.0	29.858596309708567	18.47942096260772	20.076853884406912	31.5851288432768	0.0
113.0	28.86619590126061	18.804402107709755	19.664101259678617	32.66483401085592	4.667204950971012E-4
114.0	28.230603750643034	18.312912126455597	21.20750128606837	32.24804751438059	9.353224524154703E-4
115.0	29.88608845943072	18.931704598148	19.941311200520843	31.240427355631645	4.683862687881442E-4
116.0	29.286775038885903	18.895616860646527	20.56882511783074	31.248313771123314	4.6921151351211855E-4
117.0	29.85817969859073	18.03331860445439	20.078595805089925	32.029200785958054	7.051059069072174E-4
118.0	30.153283863629404	18.25253098528861	20.45346966938821	31.14047998643547	2.3549525830297404E-4
119.0	29.56165877213478	18.39343325993425	19.846782358730362	32.1976535893569	4.720198437142298E-4
120.0	30.837965043400107	18.039544949267995	20.787587805397223	30.33371963766231	0.0011825642723682032
121.0	30.257549392871873	18.09602154463257	19.53051287035764	32.11544205849861	4.7413363930757526E-4
122.0	29.693791019675192	19.024102882036736	19.71319779470625	31.56819569250357	7.126110782518225E-4
123.0	29.660395506859228	18.388973805884508	19.84462570651734	32.10481455556667	0.0011904251722545224
124.0	29.37051587434185	18.715779826148392	19.94352925451933	31.968504312875616	0.0016707321148127108
125.0	29.862826182681445	17.99126031436065	18.62160894453698	33.523107996860226	0.0011965615606991749
126.0	29.06737007337287	18.549871711481643	20.17285947786933	32.20821862571675	0.0016801115594075446
127.0	29.84768028513287	18.355187901118615	20.075377186961916	31.720068875001505	0.0016857517850907295
128.0	30.185184738015145	18.695955588503043	19.012042199615095	32.10609305840962	7.244154570940798E-4
129.0	29.794512251256133	18.458284678783063	20.03856832067911	31.707665695998294	9.690532833947874E-4
130.0	30.01857154664035	19.008853085453424	20.084981841694578	30.88662119392681	9.723322848350194E-4
131.0	29.867477435050276	18.36014611399722	19.115361246605193	32.65628317029308	7.320340542242025E-4
132.0	28.86232152177269	18.663180618618338	20.72957072111697	31.744682102312403	2.4503617959191677E-4
133.0	30.135442402527733	17.953746813264694	20.266652229976476	31.64342031439174	7.382398393590109E-4
134.0	30.035307731107398	18.089772626123764	19.805708577701733	32.068963812048146	2.472530189593615E-4
135.0	29.559015105559922	18.001372328682663	20.393003112600564	32.046360842888255	2.486102685985342E-4
136.0	29.001083250150728	18.3942380098218	20.718847802102957	31.885330591434567	5.003464899442864E-4
137.0	29.403396215013046	18.319870677933668	20.36444851793286	31.91203279381994	2.517953004925116E-4
138.0	29.507020106721853	17.93576399456246	21.288321464077747	31.26864081806562	2.5361657232130175E-4
139.0	28.406248163394633	19.283398109606054	21.045772677444823	31.264581049554486	0.0
140.0	27.833845931924845	19.13898891859728	20.962706520563188	32.063685867218936	7.727616957482652E-4
141.0	29.080677373720565	18.383591994674212	20.195868353166347	32.33934218190896	5.200965299159523E-4
142.0	29.451466373120567	18.508642182890082	21.415641838726543	30.62424960526281	0.0
143.0	30.38860992006635	18.051926302610138	20.742077743250032	30.815791082626458	0.0015949514470197004
144.0	28.11542741064236	18.829561098882746	20.083679753864057	32.970523496876154	8.082397346818364E-4
145.0	27.43498131363502	18.97077036046601	19.27956117181592	34.31331718597591	0.0013699681071424657
146.0	25.868388604427118	20.08240809138479	19.399887089118142	34.64650748666556	0.0028087284043894806
147.0	27.35614970121423	19.644099898691803	18.689453669852735	34.305011085172296	0.005285645068933621
148.0	27.920531501749206	20.17877202554803	17.98022916198607	33.90923388002696	0.011233430689732643
149.0	28.423201498115304	20.159054194160245	14.684584039928309	36.71065638989576	0.022503877900388193
150.0	28.230346780878694	12.95592705167173	11.51992953854656	47.267891682785304	0.025904946117712078
