# Position (bp)	A	C	G	T	N
0.0	49.49087078651686	11.446629213483146	21.752106741573034	17.310393258426966	0.0
1.0	15.280701754385964	51.91228070175439	14.543859649122806	18.263157894736842	0.0
2.0	18.134354333449355	45.59693699965193	11.347024016707275	24.921684650191438	0.0
3.0	49.038961038961034	11.861471861471863	19.6017316017316	19.497835497835496	0.0
4.0	54.03630077787381	15.194468452895418	12.774416594641313	17.994814174589454	0.0
5.0	17.023480662983424	44.319751381215475	11.757596685082873	26.89917127071823	0.0
6.0	21.883608815426996	46.17768595041322	13.274793388429751	18.663911845730027	0.0
7.0	54.59859033866255	10.899088877428227	16.52054323534468	17.98177754856455	0.0
8.0	48.85876094044963	13.557576797666037	20.54230307190664	17.04135918997769	0.0
9.0	18.57876712328767	44.07534246575342	12.397260273972604	24.948630136986303	0.0
10.0	23.80789608613912	9.810288839514612	12.544864125790465	53.83695094855581	0.0
11.0	16.75178753830439	15.628192032686414	12.036091249574396	55.5839291794348	0.0
12.0	20.240514905149052	11.161924119241192	13.075880758807587	55.521680216802174	0.0
13.0	17.394957983193276	43.12605042016806	13.176470588235295	26.302521008403364	0.0
14.0	17.509986684420774	12.716378162450068	47.88615179760319	21.887483355525966	0.0
15.0	49.20295809367297	13.541495480690221	17.962202136400986	19.293344289235826	0.0
16.0	18.425351192420777	14.325383861483177	16.51421104214309	50.73505390395295	0.0
17.0	22.49353169469599	42.189521345407506	13.098318240620957	22.21862871927555	0.0
18.0	17.94458762886598	13.25708762886598	13.595360824742267	55.20296391752577	0.0
19.0	19.39987163029525	45.95635430038511	16.54364569961489	18.10012836970475	0.0
20.0	17.315051020408163	15.27423469387755	12.213010204081632	55.19770408163265	0.0
21.0	16.86766105998096	15.614090764836561	15.328467153284672	52.18978102189781	0.0
22.0	21.155977830562154	11.528107680126682	44.48139350752177	22.834520981789392	0.0
23.0	17.293708504584256	18.906101802086628	14.385077458109391	49.41511223521972	0.0
24.0	50.591575958353054	10.790345480359678	17.10048903612557	21.5175895251617	0.0
25.0	24.752007557864903	13.147535821130528	40.59203275074791	21.508423870256653	0.0
26.0	52.564505978602895	10.13215859030837	11.107614852108243	26.19572057898049	0.0
27.0	16.755737189563032	14.146494812951902	16.80289217227287	52.294875825212195	0.0
28.0	17.69786432160804	42.43090452261307	14.714195979899497	25.1570351758794	0.0
29.0	20.991528082836524	9.413241292751804	13.602133668026356	55.993096956385315	0.0
30.0	20.01628664495114	14.85342019543974	42.57328990228013	22.55700325732899	0.0
31.0	20.81699346405229	14.26470588235294	14.068627450980392	50.849673202614376	0.0
32.0	22.617097936455945	11.595152309204062	13.593187029151654	52.19456272518834	0.0
33.0	21.46253484177734	42.90867355304148	15.150024594195768	20.478767010985408	0.0
34.0	21.822068738694295	14.125966123992765	14.027298141753	50.02466699555994	0.0
35.0	19.874855919644325	12.152148855590319	13.420055985509633	54.55293923925573	0.0
36.0	21.49317546456175	12.810393027462588	13.649070876500577	52.04736063147508	0.0
37.0	47.86140583554377	17.655835543766578	13.14655172413793	21.336206896551722	0.0
38.0	53.18091451292246	13.933068257123923	10.984095427435388	21.901921802518224	0.0
39.0	50.74900133155792	13.132490013315579	13.881491344873503	22.237017310252995	0.0
40.0	18.484596169858452	43.36386344712739	13.139050791007495	25.01248959200666	0.0
41.0	18.86824905400757	11.07671138630891	46.59442724458204	23.46061231510148	0.0
42.0	52.80937607721475	12.616339193381593	14.39158910720441	20.182695622199244	0.0
43.0	53.06546588153793	13.145133356425356	12.902667128507101	20.886733633529616	0.0
44.0	21.316886726893678	44.093120222376655	11.674774148714386	22.91521890201529	0.0
45.0	29.360967184801385	14.3566493955095	15.781519861830743	40.500863557858374	0.0
46.0	29.17669715936447	17.693789118921522	20.197400096292732	32.93211362542128	0.0
47.0	31.406844106463875	17.008871989860584	20.101394169835235	31.482889733840302	0.0
48.0	28.397256794513588	20.269240538481075	18.89763779527559	32.43586487172974	0.0
49.0	28.520499108734406	19.25133689839572	19.913419913419915	32.314744079449966	0.0
50.0	26.49158592554819	22.59051504334523	18.07751147373789	32.840387557368686	0.0
51.0	29.384733214194537	18.50906305846311	17.283635435282104	34.822568292060254	0.0
52.0	26.35480572597137	17.995910020449898	21.114519427402865	34.534764826175866	0.0
53.0	30.289076490150933	19.288820670248143	20.465592223074953	29.956510616525968	0.0
54.0	28.780487804878046	23.517329910141207	17.9204107830552	29.781771501925547	0.0
55.0	32.913992297817714	17.612323491655967	18.382541720154045	31.09114249037227	0.0
56.0	25.84789311408017	20.889003083247687	19.06474820143885	34.1983556012333	0.0
57.0	29.383033419023135	17.969151670951156	18.431876606683804	34.2159383033419	0.0
58.0	28.967842323651453	18.827800829875518	18.87966804979253	33.3246887966805	0.0
59.0	28.545454545454547	19.350649350649352	22.103896103896105	30.0	0.0
60.0	27.89911596463859	17.420696827873115	21.788871554862194	32.891315652626105	0.0
61.0	28.50052246603971	19.82758620689655	21.185997910135843	30.4858934169279	0.0
62.0	27.865404837013667	20.425867507886437	21.188222923238694	30.520504731861198	0.0
63.0	31.824164253750986	16.162147933666756	21.663595683074494	30.350092129507765	0.0
64.0	28.92518440463646	18.545837723919917	22.31296101159115	30.216016859852473	0.0
65.0	28.394410756657003	19.166886369628262	22.014236751911415	30.424466121803324	0.0
66.0	29.00158478605388	16.613840464870574	20.734284204965665	33.65029054410988	0.0
67.0	29.809725158562365	16.516913319238903	20.5338266384778	33.13953488372093	0.0
68.0	24.32503970354685	18.44891476971943	20.804658549497088	36.42138697723663	0.0
69.0	26.07190412782956	17.762982689747002	23.62183754993342	32.543275632490015	0.0
70.0	28.39605017347211	19.962636776087535	19.829196690685883	31.812116359754473	0.0
71.0	27.61293771718792	21.785618818497728	18.952151831061215	31.649291633253142	0.0
72.0	26.318607764390894	18.179384203480588	21.5528781793842	33.949129852744306	0.0
73.0	28.68258653072176	18.51354977193453	20.230748591360342	32.57311510598336	0.0
74.0	29.39116379310345	16.837284482758623	21.901939655172413	31.86961206896552	0.0
75.0	30.05390835579515	18.89487870619946	22.2911051212938	28.76010781671159	0.0
76.0	27.831715210355988	21.467098166127293	18.473570658036678	32.22761596548004	0.0
77.0	29.07667386609071	19.27645788336933	18.92548596112311	32.721382289416844	0.0
78.0	31.19891008174387	19.373297002724797	17.9291553133515	31.498637602179834	0.0
79.0	29.035782573067472	20.732040426113084	18.71073477192024	31.52144222889921	0.0
80.0	29.66912770030079	16.762373530216024	21.438337435056056	32.13016133442713	0.0
81.0	25.794956140350877	19.92872807017544	18.311403508771928	35.96491228070175	0.0
82.0	31.079967023907667	17.642209398186314	20.74745809288266	30.53036548502336	0.0
83.0	29.117404454220512	18.394281000824854	21.52873247181743	30.9595820731372	0.0
84.0	28.248898678414097	19.1079295154185	20.346916299559474	32.29625550660793	0.0
85.0	33.1218974076117	16.767788196359625	19.911748483177057	30.198565912851628	0.0
86.0	28.29928216454997	18.774157923799006	22.887907233572612	30.03865267807841	0.0
87.0	31.629834254143645	18.563535911602212	21.76795580110497	28.03867403314917	0.0
88.0	31.997789444597956	20.22658192870959	17.408123791102515	30.36750483558994	0.0
89.0	29.7536673124827	17.13257680597841	17.02186548574592	36.09189039579297	0.0
90.0	30.10246469122127	16.97590695098311	20.160620326779284	32.76100803101634	0.0
91.0	28.907982261640797	20.87028824833703	17.655210643015522	32.566518847006655	0.0
92.0	29.697474326949763	18.540105467665835	17.29114626699972	34.47127393838468	0.0
93.0	31.681514476614698	18.374164810690424	19.738307349665924	30.206013363028955	0.0
94.0	30.655509065550905	16.708507670850768	19.525801952580196	33.11018131101813	0.0
95.0	31.351200446677836	16.052484645449468	20.016750418760466	32.57956448911223	0.0
96.0	29.714605484051482	16.508114157806382	19.222160044767765	34.555120313374374	0.0
97.0	31.03448275862069	16.62461452200729	20.63358564620129	31.70731707317073	0.0
98.0	29.8117448721551	21.326215228996908	18.46024164091037	30.401798257937624	0.0
99.0	29.23943661971831	18.3943661971831	18.845070422535212	33.52112676056338	0.0
100.0	30.093246679853063	15.202034473014974	21.588019214467362	33.11669963266459	0.0
101.0	30.773590252196087	17.93709266081043	18.985548313969964	32.30376877302351	0.0
102.0	29.977246871444823	15.55745164960182	20.819112627986346	33.64618885096701	0.0
103.0	29.297544260422615	17.190177041690465	21.273557966876073	32.23872073101085	0.0
104.0	28.395415472779366	19.541547277936964	19.7134670487106	32.34957020057306	0.0
105.0	29.99135695764909	19.33160472486315	18.380870066263324	32.29616825122443	0.0
106.0	29.81492192018508	18.334297281665705	18.507807981492192	33.34297281665703	0.0
107.0	29.64576074332172	19.10569105691057	18.641114982578397	32.60743321718931	0.0
108.0	33.09059131954559	17.739586367608506	16.86571511797262	32.30410719487329	0.0
109.0	29.959159859976666	19.39906651108518	19.982497082847143	30.659276546091014	0.0
110.0	27.059513339196716	19.876868953386104	19.847552037525652	33.21606566989153	0.0
111.0	30.05013270421705	17.81185491005603	19.34532586257741	32.79268652314951	0.0
112.0	25.70162481536189	18.75923190546529	20.561299852289512	34.97784342688331	0.0
113.0	28.888888888888886	20.029629629629632	18.340740740740742	32.74074074074074	0.0
114.0	31.22400475341652	17.40938799762329	19.013666072489602	32.35294117647059	0.0
115.0	28.43488649940263	19.145758661887694	19.71326164874552	32.70609318996416	0.0
116.0	30.07789095266627	18.334331935290592	18.394248052726184	33.19352905931696	0.0
117.0	29.906822963630898	18.84580703336339	19.987977156597537	31.259392846408176	0.0
118.0	28.222155146392996	17.476607304557803	21.309990944763054	32.99124660428615	0.0
119.0	24.83363581367211	21.657592256503328	25.438596491228072	28.07017543859649	0.0
120.0	27.597697667373524	21.750984550136323	20.751287488639804	29.90003029385035	0.0
121.0	30.397813543880957	20.194351655025812	18.129365320376557	31.27846948071667	0.0
122.0	31.265206812652067	18.248175182481752	20.802919708029197	29.683698296836987	0.0
123.0	32.5503355704698	17.38865161683954	18.334350213544845	31.726662599145822	0.0
124.0	28.645833333333332	19.087009803921568	21.568627450980394	30.698529411764707	0.0
125.0	29.901659496004918	19.575906576521206	18.77688998156116	31.745543945912726	0.0
126.0	29.898179574205493	18.605368713360075	19.345880900956494	32.15057081147794	0.0
127.0	28.394679863903495	19.517476028456542	21.93009588617383	30.15774822146613	0.0
128.0	30.27579795475674	18.252246668732568	19.677719243879764	31.794236132630928	0.0
129.0	30.018645121193288	18.645121193287757	17.93039154754506	33.4058421379739	0.0
130.0	30.533874492663127	18.04558226662504	17.608492038713706	33.81205120199813	0.0
131.0	31.974921630094045	19.21630094043887	17.115987460815045	31.692789968652036	0.0
132.0	28.71536523929471	18.4823677581864	21.25314861460957	31.54911838790932	0.0
133.0	30.791139240506325	20.031645569620256	19.810126582278482	29.367088607594937	0.0
134.0	27.058823529411764	21.685214626391097	18.79173290937997	32.46422893481717	0.0
135.0	28.503184713375795	16.4968152866242	19.745222929936308	35.25477707006369	0.0
136.0	24.376996805111823	18.817891373801917	21.309904153354633	35.495207667731634	0.0
137.0	27.44469381211927	16.35139467778134	21.160628406540557	35.04328310355883	0.0
138.0	28.84739214423696	16.870573084352866	21.15260785576304	33.12942691564714	0.0
139.0	28.622250970245794	18.919793014230272	19.08150064683053	33.3764553686934	0.0
140.0	27.897135416666668	17.936197916666664	20.052083333333336	34.11458333333333	0.0
141.0	31.186662307943774	18.045112781954884	18.66623079437725	32.10199411572409	0.0
142.0	31.497869550966897	15.601442150114716	19.600131104555885	33.300557194362504	0.0
143.0	31.391905231984207	19.216847647252386	19.118130964132938	30.27311615663047	0.0
144.0	30.799735624586916	16.688697951090546	18.30799735624587	34.20356906807667	0.0
145.0	27.912379688018586	18.65250580816462	20.511118486558246	32.923996017258546	0.0
146.0	29.81345769487009	19.153897401732177	17.521652231845437	33.510992671552295	0.0
147.0	29.561432875795113	18.613993973886846	18.781386006026114	33.04318714429193	0.0
148.0	26.446837146702556	19.650067294751008	21.164199192462988	32.738896366083445	0.0
149.0	28.364249578414842	20.101180438448566	17.5716694772344	33.96290050590219	0.0
150.0	30.67027758970887	17.637102234258634	18.48341232227488	33.20920785375762	0.0
151.0	29.996606718696977	19.002375296912113	20.936545639633525	30.06447234475738	0.0
152.0	28.391274710293114	20.31356509884117	16.666666666666664	34.628493524199044	0.0
153.0	30.53173241852487	17.632933104631217	19.039451114922812	32.7958833619211	0.0
154.0	31.18093922651934	16.40193370165746	20.85635359116022	31.560773480662984	0.0
155.0	29.497400346620452	20.901213171577123	16.707105719237436	32.89428076256499	0.0
156.0	30.11502265597769	15.998605785988149	18.821889159986057	35.0644823980481	0.0
157.0	29.64260686755431	17.90469516468115	20.042046250875963	32.41065171688858	0.0
158.0	30.316901408450704	21.725352112676056	15.774647887323944	32.183098591549296	0.0
159.0	34.360609280906836	15.409139213602552	19.19943322706341	31.0308182784272	0.0
160.0	27.629233511586452	19.53654188948307	21.96078431372549	30.87344028520499	0.0
161.0	27.425707124955245	20.0859291084855	20.157536698890084	32.33082706766917	0.0
162.0	30.66088840736728	18.020946189960274	19.646081617912603	31.67208378475984	0.0
163.0	29.336734693877553	18.47667638483965	16.94606413994169	35.24052478134111	0.0
164.0	30.043859649122805	15.679824561403507	22.002923976608187	32.2733918128655	0.0
165.0	29.852941176470587	18.566176470588236	22.683823529411764	28.89705882352941	0.0
166.0	27.400295420974892	20.901033973412112	19.97784342688331	31.72082717872969	0.0
167.0	26.71869193608324	19.806763285024154	22.073578595317723	31.40096618357488	0.0
168.0	28.795225662066393	16.89668034315554	20.10443864229765	34.20365535248042	0.0
169.0	27.10911136107986	18.485189351331083	20.622422197225347	33.783277090363704	0.0
170.0	30.67924528301887	16.566037735849058	17.92452830188679	34.83018867924528	0.0
171.0	30.568181818181817	18.977272727272727	16.553030303030305	33.90151515151515	0.0
172.0	30.60836501901141	20.190114068441066	16.4638783269962	32.73764258555133	0.0
173.0	29.270156667940388	18.723729461215132	19.449751623996946	32.556362246847534	0.0
174.0	28.461241804859238	20.439645198611647	18.472811415349017	32.6263015811801	0.0
175.0	27.438787407695298	20.054411193159734	22.075398367664206	30.431403031480762	0.0
176.0	29.158512720156555	20.195694716242663	18.512720156555773	32.13307240704501	0.0
177.0	27.290679304897314	22.35387045813586	18.285939968404424	32.069510268562404	0.0
178.0	26.447264076130057	19.984139571768438	21.451229183187944	32.11736716891356	0.0
179.0	25.549780087964812	19.072371051579367	21.591363454618154	33.78648540583767	0.0
180.0	30.490748189863233	16.8141592920354	20.716009654062752	31.979082864038617	0.0
181.0	27.49391727493917	21.208434712084347	19.626926196269263	31.67072181670722	0.0
182.0	32.92583537082315	17.400162999185003	19.23390383048085	30.440097799511	0.0
183.0	29.38038572014772	22.527697989331145	20.763233483791545	27.32868280672959	0.0
184.0	28.29409334985543	19.950433705080545	20.404791408508878	31.350681536555143	0.0
185.0	27.6578073089701	20.141196013289036	22.591362126245848	29.609634551495017	0.0
186.0	30.589218554116172	18.67948182198078	21.980777267028834	28.750522356874214	0.0
187.0	31.024349286314024	21.20067170445004	17.926112510495383	29.848866498740556	0.0
188.0	29.81418918918919	19.00337837837838	20.14358108108108	31.038851351351347	0.0
189.0	29.574468085106382	19.404255319148938	20.5531914893617	30.46808510638298	0.0
190.0	30.425440481306403	18.865492049849593	19.123334765792865	31.58573270305114	0.0
191.0	27.150886294855166	21.27107652399481	20.536100302637266	31.041936878512754	0.0
192.0	32.807709154621115	18.96627244853263	19.316688567674113	28.909329829172144	0.0
193.0	29.234851835471034	18.22202565236621	20.787262273330384	31.755860238832373	0.0
194.0	28.0053428317008	20.21371326803206	23.018699910952805	28.762243989314335	0.0
195.0	29.34293429342934	19.666966696669665	18.496849684968495	32.49324932493249	0.0
196.0	29.07930720145852	18.77848678213309	19.963536918869647	32.178669097538744	0.0
197.0	29.56238361266294	21.2756052141527	20.90316573556797	28.258845437616387	0.0
198.0	28.298279158699806	21.319311663479922	19.646271510516254	30.736137667304014	0.0
199.0	27.82828282828283	23.585858585858585	19.393939393939394	29.19191919191919	0.0
200.0	27.832655432887854	17.083091226031378	19.233004067402675	35.85124927367809	0.0
201.0	30.55339049103663	16.913484021823848	18.23850350740452	34.294621979735	0.0
202.0	35.546875	18.359375	18.28125	27.8125	0.0
203.0	32.521602513747055	17.831893165750195	21.445404556166537	28.201099764336213	0.0
204.0	32.278481012658226	18.037974683544302	23.575949367088608	26.10759493670886	0.0
205.0	36.10888710968775	16.172938350680543	24.09927942353883	23.618895116092876	0.0
206.0	28.62903225806452	20.483870967741936	20.967741935483872	29.919354838709676	0.0
207.0	27.49391727493917	21.73560421735604	17.0316301703163	33.73884833738848	0.0
208.0	28.255528255528255	18.181818181818183	20.31122031122031	33.25143325143325	0.0
209.0	24.44260941370768	19.48802642444261	21.965317919075144	34.104046242774565	0.0
210.0	25.49833887043189	17.524916943521596	20.09966777408638	36.87707641196013	0.0
211.0	29.411764705882355	19.66386554621849	19.15966386554622	31.76470588235294	0.0
212.0	27.411167512690355	17.00507614213198	23.942470389170897	31.64128595600677	0.0
213.0	27.924850555081125	19.64133219470538	18.104184457728437	34.32963279248506	0.0
214.0	28.28890799656062	23.6457437661221	19.604471195184868	28.460877042132417	0.0
215.0	30.337078651685395	21.78046672428695	17.891097666378567	29.99135695764909	0.0
216.0	29.991281604184827	18.91891891891892	17.872711421098515	33.21708805579773	0.0
217.0	28.596961572832885	18.856121537086683	22.966934763181413	29.57998212689902	0.0
218.0	25.844748858447485	18.538812785388128	17.62557077625571	37.990867579908674	0.0
219.0	18.824701195219124	23.107569721115535	24.10358565737052	33.96414342629482	0.0
220.0	0.0	30.04484304932735	26.15844544095665	43.796711509716	0.0
