# Position (bp)	A	C	G	T	N
0.0	25.568854677719504	25.700494840128574	23.39705633564541	25.33359414650651	0.0
1.0	25.33359414650651	21.38544662493656	14.299610894941633	38.981348333615294	0.0
2.0	27.62427437288386	20.750690633269773	18.00875770524881	33.61627728859755	0.0
3.0	22.972330763544196	24.230647375646846	14.890167916358642	37.90685394445031	0.0
4.0	33.22263521361745	14.383539946358049	14.190830183100674	38.20299465692382	0.0
5.0	34.0894214527027	15.98975929054054	23.383129222972972	26.537690033783782	0.0
6.0	31.773387313870078	18.687153934262685	20.178832521337974	29.36062623052927	0.0
7.0	33.78839770550457	18.12060349240357	19.94279592816773	28.148202873924127	0.0
8.0	22.462085633172567	27.346891391301593	22.18557723766002	28.00544573786582	0.0
9.0	29.063153006733224	18.81714756105283	15.132870380142263	36.98682905207168	0.0
10.0	25.960868739314886	17.2354840752232	24.319318685493574	32.48432849996834	0.0
11.0	28.05789179321043	19.421609699988394	18.583729936789677	33.9367685700115	0.0
12.0	25.91611711949354	21.29570034291744	20.72276444209971	32.06541809548932	0.0
13.0	26.508089744198436	21.859454212628123	17.581148020953677	34.051308022219764	0.0
14.0	30.237072831052636	19.102984775429675	19.453793481815975	31.206148911701714	0.0
15.0	29.824496621283014	19.464680406606565	18.531510953795188	32.17931201831523	0.0
16.0	29.6369553407071	18.145903550274014	18.122695697580582	34.09444541143831	0.0
17.0	29.7389946891827	18.539340657022464	19.795583636143093	31.926081017651743	0.0
18.0	30.919779611420132	18.138296470092005	18.452534732291145	32.48938918619672	0.0
19.0	29.265965578134473	18.352178382225034	19.230384017290003	33.15147202235049	0.0
20.0	29.71718002234731	18.501359812788564	19.267176859991988	32.51428330487214	0.0
21.0	29.797583224861267	17.592499881427297	19.324188303988784	33.285728589722645	0.0
22.0	27.940231193163257	19.258896300277137	19.470700428877016	33.33017207768259	0.0
23.0	29.221928429214028	17.84213132196319	20.01063975475892	32.92530049406386	0.0
24.0	30.020013693579816	19.23473955864539	18.19666087322905	32.54858587454574	0.0
25.0	28.35436504592568	19.093389230639588	18.6615193393444	33.890726384090335	0.0
26.0	30.20408163265306	18.088215931533906	20.292297564186963	31.41540487162607	0.0
27.0	28.180147349240876	18.71461748705823	19.6030312445692	33.5022039191317	0.0
28.0	28.313709796322428	18.198285485603556	20.201360658845335	33.286644059228685	0.0
29.0	28.620698733644	18.485638311876365	19.579812021167363	33.313850933312274	0.0
30.0	29.395905299519757	19.043306091498863	18.50355969331873	33.05722891566265	0.0
31.0	29.288238050855934	18.468319037012463	19.538305188274386	32.70513772385721	0.0
32.0	29.05138548062644	19.226110859514055	19.439383247848845	32.28312041201066	0.0
33.0	30.28161225252935	18.099657135634196	19.627009917259613	31.99172069457684	0.0
34.0	29.11046386078383	18.428551113171075	20.048139974613274	32.41284505143182	0.0
35.0	29.896483603318845	19.140260766495455	19.372053206901093	31.591202423284603	0.0
36.0	29.81555919648925	18.534167118856583	18.963001206425137	32.687272478229026	0.0
37.0	28.38929922346669	19.519223677417315	19.059309443782993	33.032167655333005	0.0
38.0	29.348358647721707	18.778481979632584	19.781047662699606	32.0921117099461	0.0
39.0	28.055655069226393	18.879733631171895	20.126230164583905	32.938381135017806	0.0
40.0	29.660342765622282	18.754642825155816	19.508031758241177	32.076982650980725	0.0
41.0	29.041911435420566	18.729748952872686	20.7939727615184	31.43436685018835	0.0
42.0	29.616632945540385	19.194170460293375	19.591974371944023	31.59722222222222	0.0
43.0	28.99816103824935	18.50343290424226	19.68005227077526	32.81835378673313	0.0
44.0	29.120120563190287	19.079862574825057	20.35505016440435	31.444966697580305	0.0
45.0	29.066084912868668	19.714287219859724	19.671077245733017	31.548550621538592	0.0
46.0	29.662338757271733	18.782670095270213	19.179980608717646	32.37501053874041	0.0
47.0	29.416724191534094	18.96423621906172	20.07082145510689	31.54821813429729	0.0
48.0	30.142920381964206	19.28002276607854	19.205189822719703	31.37186702923755	0.0
49.0	28.06263076623082	19.795833399210526	19.012158294992805	33.12937753956584	0.0
50.0	29.291252259802135	19.395558928787903	19.616927301572243	31.696261509837715	0.0
51.0	29.388508170795998	19.23510806536637	19.82024248813917	31.556141275698472	0.0
52.0	29.72823365052587	19.294620027941058	18.637741518833856	32.339404802699214	0.0
53.0	31.258499457088945	18.472680504749153	18.994507637651672	31.27431240051023	0.0
54.0	29.86439176649232	18.997806647545133	19.876729374050953	31.26107221191159	0.0
55.0	29.621403171856368	18.46714712306507	18.589019847843748	33.32242985723481	0.0
56.0	29.58900495937533	18.76332172628469	19.86968449931413	31.777988815025854	0.0
57.0	27.983662872611564	19.370260729155124	19.322241394776974	33.32383500345634	0.0
58.0	29.70039033653339	18.160670956851988	18.82582550901994	33.31311319759468	0.0
59.0	29.238698650010285	18.7806306282543	20.176516826073424	31.80415389566199	0.0
60.0	29.861716114111925	19.139038929633088	19.199231228186893	31.800013728068095	0.0
61.0	29.90389692681381	18.20730805787306	18.903791319041083	32.985003696272045	0.0
62.0	28.73263980567144	19.612399007234515	19.145059935575855	32.509901251518194	0.0
63.0	29.139817886041453	18.76175184332284	19.33376291382334	32.764667356812375	0.0
64.0	28.45439563922165	19.736536308127867	19.562231941011177	32.246836111639304	0.0
65.0	29.74210793221485	19.04185859781093	19.969467100536704	31.246566369437517	0.0
66.0	29.611032120638715	18.96687509580164	19.746502249026125	31.67559053453352	0.0
67.0	29.39335796478654	18.53278996136139	18.98207612493327	33.09177594891881	0.0
68.0	29.213073332663775	18.764767759635053	19.391687238012675	32.6304716696885	0.0
69.0	29.191134884851817	18.370852736123812	19.443842466079253	32.99416991294512	0.0
70.0	27.591802646115138	19.58262634591903	19.739088607327297	33.08648240063853	0.0
71.0	29.451725286402304	18.377326770883446	20.603519827444927	31.567428115269326	0.0
72.0	30.32275118289234	18.751817292696465	19.14303084771748	31.78240067669372	0.0
73.0	29.09163961639722	18.35277075821817	18.476479482326567	34.07911014305804	0.0
74.0	29.43515131008522	18.18470192653372	20.4236893860892	31.95645737729186	0.0
75.0	29.272096687215164	18.652258044050626	19.68109291235342	32.394552356380785	0.0
76.0	28.862839649128375	18.71632589396655	18.908787124132207	33.51204733277287	0.0
77.0	28.98876404494382	17.742762723066754	21.360475875743557	31.907997356245872	0.0
78.0	28.99012811768003	18.888236755973626	18.66668781692338	33.45494730942297	0.0
79.0	30.39130664692507	17.412616995399503	18.733541325154672	33.462535032520755	0.0
80.0	30.206757971550953	18.43583099783195	19.724498968854107	31.632912061762998	0.0
81.0	29.857431439117516	18.891391947203097	18.337722498968812	32.913454114710575	0.0
82.0	29.439949230525148	18.022634724205407	19.207255804114443	33.330160241155006	0.0
83.0	29.217571584213925	18.570113921238853	20.52010281471139	31.692211679835836	0.0
84.0	30.655150710579626	18.251873634772124	18.430113555225287	32.662862099422966	0.0
85.0	29.092043879785468	18.335784028519743	18.72190075213422	33.850271339560564	0.0
86.0	30.122502089305925	18.30760930508098	19.223730283828246	32.34615832178485	0.0
87.0	29.347061219954817	18.762797145079283	19.862227324913892	32.02791431005201	0.0
88.0	29.160758502465555	18.263105542739837	19.41757846394785	33.15855749084676	0.0
89.0	29.342068359695407	19.29237819559615	19.72260293907531	31.642950505633138	0.0
90.0	30.21423203531018	18.959111741482054	18.075827979296548	32.750828243911215	0.0
91.0	29.48753909743796	18.64822096734074	19.368513529962794	32.49572640525851	0.0
92.0	28.641899509349876	18.762206708198146	19.652998682072482	32.9428951003795	0.0
93.0	29.26602056857338	19.074361267989563	19.39935107897676	32.260267084460295	0.0
94.0	29.867077450809127	17.723006558782895	19.999258894588344	32.41065709581964	0.0
95.0	29.992905848968697	18.462263351827538	20.211448053873195	31.333382745330567	0.0
96.0	29.277228351792633	19.261027932487664	19.276381271044663	32.185362444675036	0.0
97.0	28.645714739601257	19.059546188673252	20.13926765336652	32.15547141835897	0.0
98.0	28.54858099126723	18.696280761959233	20.71027225690969	32.044865989863844	0.0
99.0	29.885763614890447	18.577049979080495	19.51498525042501	32.022201155604044	0.0
100.0	29.609846232265735	18.385757369807155	19.63883697221986	32.36555942570725	0.0
101.0	28.679500420575177	18.812487356126024	20.474557863691054	32.03345435960775	0.0
102.0	30.02798517426646	18.317471507460933	19.536215165400925	32.11832815287168	0.0
103.0	28.602430555555557	18.37169924554184	20.048332475994513	32.977537722908096	0.0
104.0	29.4559845995838	18.560082594410897	20.296931208964935	31.687001597040364	0.0
105.0	30.522953057799505	18.707268243458365	19.205344471245947	31.56443422749618	0.0
106.0	28.729425400659686	18.023321941364763	20.020798015522686	33.22645464245287	0.0
107.0	29.745452173062077	18.235345286896386	20.308371481074733	31.710831058966804	0.0
108.0	28.83756198414733	19.3674207503014	19.591081919994764	32.20393534555651	0.0
109.0	28.06344445599882	18.714253657415263	20.43172003874972	32.7905818478362	0.0
110.0	28.94996925239392	19.177721163138013	20.435078626021262	31.437230958446804	0.0
111.0	28.743721913825006	19.121728786677238	19.732465415455106	32.402083884042646	0.0
112.0	29.00403470955618	18.383352677831205	18.777980434422155	33.83463217819046	0.0
113.0	29.644626128049968	17.80585615317629	20.334019269062452	32.2154984497113	0.0
114.0	29.480502843393356	18.506842524465437	19.003670511699408	33.008984120441795	0.0
115.0	29.59745845661646	17.880853967525965	20.197551303491824	32.32413627236575	0.0
116.0	29.623678266829977	18.458193341049295	20.1437191689234	31.77440922319733	0.0
117.0	29.723690818094106	18.27917552996406	19.6920368562707	32.30509679567114	0.0
118.0	29.753892174858933	18.381603100142772	19.630838262288393	32.233666462709905	0.0
119.0	30.194121730027423	18.807391645710776	19.23181957830297	31.76666704595883	0.0
120.0	29.757320932783383	18.64652719856495	19.130400009140455	32.465751859511215	0.0
121.0	29.874002833072392	17.985995217039726	19.19836668215107	32.941635267736814	0.0
122.0	29.085067055158554	18.376395662864283	19.915583630364555	32.622953651612605	0.0
123.0	29.114634245093672	18.747867128620097	19.06888234647664	33.06861627980959	0.0
124.0	28.67289350250798	18.495678606924688	19.169316074884772	33.66211181568256	0.0
125.0	29.18981116426314	18.699001793150984	20.050582043958485	32.06060499862739	0.0
126.0	29.316922571254167	18.77435789078274	19.417640982297975	32.49107855566511	0.0
127.0	29.75129600905879	18.295696483230024	18.67137692484622	33.28163058286496	0.0
128.0	28.652244482092716	18.534600210882985	20.450318101579253	32.36283720544505	0.0
129.0	29.509436208846818	18.512234327558495	19.03018396142168	32.94814550217301	0.0
130.0	29.362259546368076	18.330103359173126	19.49947363384056	32.80816346061824	0.0
131.0	29.973140086168044	18.252122654264234	20.394906831551683	31.37983042801603	0.0
132.0	30.529747351263243	18.578284886353348	18.86866491593468	32.02330284644873	0.0
133.0	30.05756853324598	18.245403313375434	19.320946089404114	32.37608206397447	0.0
134.0	30.199140007929003	18.030557165075784	20.28849379402885	31.481809032966364	0.0
135.0	28.937780612870778	18.791555239333643	20.335386049706813	31.935278098088766	0.0
136.0	27.534721365665938	19.442114611342724	19.63453141574364	33.3886326072477	0.0
137.0	30.779679097951412	18.188584222832795	22.500976847171486	28.53075983204431	0.0
138.0	30.66215786222774	20.39194155191884	18.69302903062784	30.252871555225575	0.0
139.0	29.800493275512572	19.317447267843583	20.339142604318987	30.542916852324858	0.0
140.0	28.57872920333882	21.83988542514464	19.586243446330894	29.99514192518565	0.0
141.0	31.163283699556978	17.044314965027862	20.782715767292483	31.009685568122674	0.0
142.0	26.70351553524471	20.562817534274554	23.844111414639126	28.889555515841607	0.0
143.0	28.033598993826924	19.537596735071038	18.42169432359245	34.0071099475096	0.0
144.0	27.638330418169964	20.175942479846647	18.253225504559918	33.93250159742347	0.0
145.0	27.0059763544238	20.258542289203586	17.00922437313239	35.726256983240226	0.0
146.0	33.15327702481503	15.202645190859688	19.182871734433313	32.46120604989196	0.0
147.0	32.94386016100582	16.922189360883806	22.27490351586849	27.85904696224188	0.0
148.0	31.653676719756014	16.643171806167402	21.322263639444255	30.380887834632333	0.0
149.0	32.81128208089148	16.93972112358902	23.04555558763244	27.203441207887064	0.0
150.0	28.297887890082585	16.81922823942118	26.266169699627273	28.616714170868963	0.0
