# Position (bp)	A	C	G	T	N
0.0	26.871471057943452	24.48639474225359	24.27615445448528	24.365775131898925	2.046134187526152E-4
1.0	26.955398333958236	20.20860163343821	15.129680648158713	37.70631938444484	0.0
2.0	28.342825237297596	19.857164610933456	18.074310948682808	33.72529313232831	4.060707578295518E-4
3.0	23.56750759936877	22.55547311448096	15.067855302755007	38.806835838451036	0.0023281449442308063
4.0	35.016406021262206	13.290896425001767	14.260113681107331	37.43137235105857	0.001211521570131955
5.0	36.64121214197961	14.848114393178175	22.989698929781188	25.51563301542893	0.005341519632100316
6.0	32.705916919816744	17.47434874437896	20.240770126311745	29.578863586738326	1.0062275422590413E-4
7.0	35.908887043022325	16.65674457519705	20.23845199283196	27.195011333307857	9.050556408095623E-4
8.0	22.323108277591974	27.780703305891436	22.70850752508361	27.18747990095189	2.0099048109081555E-4
9.0	28.891361858637637	18.053862084619755	15.839337761913274	37.21493611234425	5.021824850801583E-4
10.0	26.51974524339215	16.884251190657853	25.699235408919698	30.894860695038993	0.0019074619913100046
11.0	28.33892957565564	18.5210867614917	19.988620193436642	33.15136346941602	0.0
12.0	26.473848573827606	19.818845559268443	21.34087190481015	32.36633364398508	1.0031810872275986E-4
13.0	27.132150668871667	21.95818586799876	18.631327804783144	32.27783421770747	5.014406389557197E-4
14.0	31.98659749460199	18.17521739958902	20.637692089372766	29.200292440180636	2.0057625558228792E-4
15.0	29.882953726054957	18.982035387668773	19.824555949242175	31.310053784522935	4.0115251116457583E-4
16.0	30.62217751600348	17.533774534236862	19.254718807132893	32.58922885449898	1.0028812779114396E-4
17.0	30.129361656037794	18.295462864810602	20.37303172013194	31.201642318380706	5.014406389557197E-4
18.0	31.285282616958522	18.13590445349489	18.432055294862142	32.14675763468445	0.0
19.0	30.76940048760088	18.212023142488366	19.655670742041885	31.362705051613286	2.0057625558228792E-4
20.0	30.14891784095707	18.297769491749797	19.25632341717755	32.296387521348834	6.017287667468638E-4
21.0	30.3716577727812	17.477011453907075	19.247999502570888	32.90242867759072	9.025931501202957E-4
22.0	29.004530014732328	19.255119959644055	19.703107026487096	32.03704242288094	2.0057625558228792E-4
23.0	29.93781133195671	17.837948425827403	20.3168703685689	31.90656756862466	8.023050223291517E-4
24.0	31.186599099212035	18.129987453955213	18.719079916600393	31.964233242104566	1.0028812779114396E-4
25.0	29.769126701012006	18.103611676346144	19.46030946910474	32.66695215353711	0.0
26.0	32.05098247264391	18.073224373625425	19.816633187146675	30.05865852594504	5.014406389557197E-4
27.0	29.594123918016464	17.963709738077497	20.132239925305402	32.30972584234505	2.0057625558228792E-4
28.0	30.46532688413813	17.98677600746946	19.79426893464925	31.753026444976417	6.017287667468638E-4
29.0	29.35687164911957	18.646590300523705	19.69460228697276	32.3015346104705	4.0115291347332237E-4
30.0	30.26186863343105	18.265515197527236	19.62124274021841	31.850771685573104	6.017432501958174E-4
31.0	30.626320735509893	18.218452536764964	19.567395497037843	31.586226540176938	0.0016046905103617877
32.0	29.120910532444437	18.4755321485633	19.888209435300183	32.51484640080719	5.014828848906215E-4
33.0	29.43070952936421	18.72322627688907	19.64738674420494	32.198577149946885	1.0029959488993623E-4
34.0	29.858511573043174	18.25748366052407	19.61529511360399	32.267706615632136	0.0010030371966314
35.0	30.224167421269744	17.722306067008752	19.53838414327397	32.514538685984505	6.036824630244491E-4
36.0	30.94029847740678	17.418901421100433	19.19109843793736	32.44909753980672	6.041237487086855E-4
37.0	29.39147694927379	18.729149558935397	19.18437054464299	32.69419688962554	8.060575222799337E-4
38.0	30.664483019081036	18.554516731829857	19.421891403198625	31.358705462715797	4.0338317468609225E-4
39.0	29.451629230680638	18.815990333625304	19.88304979779213	31.848320356265713	0.0010102816362117268
40.0	29.951395168746757	18.812678056172125	19.65719841712059	31.577713431436134	0.0010149265243942665
41.0	29.935660310932644	18.40237561928864	20.59084345709752	31.070814476174924	3.0613650626814496E-4
42.0	29.34614380022227	18.34771608700328	19.620397732219587	32.685435093236094	3.0728731876450015E-4
43.0	29.2730481518539	18.45680673719159	20.40367266518878	31.86585608888688	6.163568788509464E-4
44.0	29.550440742350613	18.742313531686275	20.317820658342793	31.389219065119452	2.0600250087036056E-4
45.0	29.27607258067847	18.686261632445696	19.71361362725782	32.32250323209543	0.0015489275225833634
46.0	30.197030268418047	17.656680654532813	19.620465324162588	32.525513371241274	3.1038164527102523E-4
47.0	29.694091460653432	18.059287460350852	20.06306559298341	32.18283011770655	7.253683057572483E-4
48.0	30.356292219605773	17.889333650212805	19.02968461844218	32.72437816728122	3.1134445801675654E-4
49.0	29.776713634742723	17.878919883267713	19.950013463511805	32.39435301847776	0.0
50.0	29.798987008002136	18.726271037941306	19.749901955057865	31.723796967699407	0.0010430312992832289
51.0	30.177758581286074	18.38002344115285	19.466954893602743	31.97484374312019	4.1934083813653314E-4
52.0	29.925760926770256	17.946576132754945	19.947835423185918	32.17961658086828	2.1093642059878524E-4
53.0	31.561871246037228	17.55616294226892	19.575069709822586	31.306790038999317	1.0606287194923406E-4
54.0	30.150192404037817	18.409815270804685	19.586517859998082	31.852834894950593	6.395702088196731E-4
55.0	28.996043706602563	18.44061009363406	18.524018823176704	34.03932737658666	0.0
56.0	29.375642243844137	18.627436227067324	20.349617125929235	31.646874449121388	4.299540379133471E-4
57.0	28.19358705940951	18.58431026713039	19.805252910317588	33.416634144132686	2.1561900983438302E-4
58.0	30.82445491522345	18.019855076537837	21.899293114297517	29.255964415689444	4.324782517499151E-4
59.0	29.761299381427648	20.237562141854198	21.109093176187404	28.892045300530743	0.0
60.0	31.420670132556683	19.145975666185798	19.559160565067092	29.873975883938048	2.1775225237486052E-4
61.0	29.41128184024088	20.899062345744547	19.75586184402783	29.931933327714923	0.001860642271822324
62.0	31.026926279453203	16.42839418352661	21.95801419378319	30.586113914208674	5.514290283269092E-4
63.0	26.568923114588085	20.156130023035576	25.81731785758004	27.457295155851813	3.3384894448092054E-4
64.0	26.35386066628306	19.486777418475608	18.7971864509059	35.3616146388901	5.608254453234448E-4
65.0	27.60296933242011	19.351181878392094	18.791267413972772	34.253677193601106	9.041816139189719E-4
66.0	26.69205483753884	19.614922054826163	16.85210954309257	36.836931255098776	0.003982309443648614
67.0	33.561597567216964	14.283555243112286	17.814571280382594	34.33787152093593	0.0024043883522268644
68.0	34.41050468461565	15.341971137659202	22.92059953792391	27.325647545075636	0.0012770947255987832
69.0	32.01145828261151	17.166877867391282	20.6389227694175	30.18202850081531	7.125797643973773E-4
70.0	32.91727356271231	16.124705298106484	22.022966908913116	28.93479824599577	2.5598427232630827E-4
71.0	25.744036080742294	19.87138481817477	26.10523119071619	28.279347910366752	0.0
