# Position (bp)	A	C	G	T	N
0.0	25.777559609550405	24.638882406431314	24.415170560164807	25.168387423853478	0.0
1.0	25.213451680655364	20.59838895281933	14.796365889576476	39.39179347694883	0.0
2.0	27.925921160557763	19.2450584621323	18.512472457661193	34.31654791964874	0.0
3.0	23.37352302869544	23.036733381560968	15.314685314685313	38.27505827505828	0.0
4.0	33.52673154346236	13.856365667264004	14.383523115371943	38.23337967390169	0.0
5.0	34.621750168718066	15.644181637047271	23.061349101777164	26.6727190924575	0.0
6.0	32.38571095777069	17.975370922264975	20.552346831396047	29.086571288568287	0.0
7.0	34.702106979621014	17.328963539532978	19.688170229173192	28.28075925167281	0.0
8.0	23.417004698983895	26.36330776336399	22.160729346560103	28.05895819109201	0.0
9.0	29.421166341388975	18.99059505738541	15.52257266542981	36.065665935795806	0.0
10.0	26.66243695589322	16.878152205339074	24.330206559799546	32.12920427896817	0.0
11.0	28.044618263292726	18.24562530616834	19.936076066268882	33.77368036427006	0.0
12.0	26.027815250208775	20.252778313098222	20.97626389156549	32.74314254512751	0.0
13.0	27.143017728674202	20.944405190133608	18.36218525179856	33.550391829393625	0.0
14.0	30.402806882321297	18.57311462774285	19.89787316039213	31.126205329543723	0.0
15.0	29.605516665596298	18.661293430094407	18.69982660073213	33.03336330357716	0.0
16.0	29.279000890915075	16.964307213201597	19.035885417084703	34.72080647879863	0.0
17.0	30.068768506110526	18.053939544699528	20.423524125147445	31.453767824042494	0.0
18.0	31.054704735621858	17.463157134720138	18.44429647576032	33.03784165389768	0.0
19.0	29.902869013530964	18.273619031577596	19.644361028898675	32.179150925992765	0.0
20.0	30.36305747808583	17.61554562879438	19.510630278047334	32.51076661507246	0.0
21.0	30.1195544971254	17.656539414495683	19.782219977067346	32.441686111311576	0.0
22.0	28.82410480909543	18.507560815253125	19.72466766087779	32.943666714773656	0.0
23.0	29.617425882277487	17.569387656933955	20.391392884057275	32.42179357673128	0.0
24.0	30.870966190544895	18.583177030731495	18.337902178617803	32.2079546001058	0.0
25.0	29.667211695681445	17.814433650732582	19.03754288095925	33.480811772626716	0.0
26.0	31.68710427186022	17.658090887232508	20.09777991504368	30.55702492586359	0.0
27.0	29.28410575327975	18.167830038226974	19.442062493488592	33.10600171500469	0.0
28.0	29.98156903598045	17.563106018110425	20.00240403878516	32.45292090712397	0.0
29.0	29.480584002436018	18.00326938795134	19.90800839783964	32.608138211773	0.0
30.0	30.131662245871034	17.602513042014923	19.5658271161721	32.69999759594195	0.0
31.0	29.487004816592798	18.117120943763673	20.06459523790442	32.331279001739105	0.0
32.0	30.173512322179924	17.97876177118814	19.577639751552795	32.27008615507914	0.0
33.0	30.843338730102754	17.651443502236187	19.770610583011397	31.734607184649665	0.0
34.0	29.84915520502709	17.63168862812991	20.004969382193583	32.51418678464942	0.0
35.0	30.23349016904592	18.220729566604412	19.698779246387037	31.847001017962633	0.0
36.0	30.391221756450232	17.344084383992048	19.07616841531544	33.18852544424228	0.0
37.0	28.854616722643943	19.254045994885892	19.164268594743213	32.72706868772695	0.0
38.0	29.919038076152304	17.918236472945893	19.652104208416834	32.51062124248497	0.0
39.0	28.5343251996024	18.983069868855612	19.985089941321704	32.49751499022028	0.0
40.0	30.163768847846477	18.30475594994749	19.848656101451713	31.682819100754315	0.0
41.0	29.82402693710667	17.919589529803183	20.911532448791437	31.344851084298714	0.0
42.0	30.215348598550445	18.726348534410878	19.402219229042398	31.65608363799628	0.0
43.0	29.886310793258826	18.321761300771293	19.469877972515754	32.32204993345413	0.0
44.0	29.45501487343548	18.196104843688612	20.786728565815952	31.56215171705995	0.0
45.0	29.422518722837854	19.41001010311593	19.636929294225187	31.53054187982103	0.0
46.0	30.084117170648	17.673426511743525	19.30284587072097	32.9396104468875	0.0
47.0	29.905530249566947	17.946044780907165	19.984602553409893	32.16382241611599	0.0
48.0	30.340187335600177	18.622890870597292	19.3454481298518	31.691473663950724	0.0
49.0	29.27396524207842	18.35417151197761	19.1457282402098	33.22613500573418	0.0
50.0	29.568348785730326	18.4410188957685	19.955246864072375	32.03538545442879	0.0
51.0	29.99398435933427	18.757569681171045	19.335071185081212	31.913374774413477	0.0
52.0	29.858097430673098	18.489848631911634	19.23024473981855	32.421809197596716	0.0
53.0	31.100593614631798	18.055510989892507	19.97753890582384	30.866356489651853	0.0
54.0	30.612244897959183	18.08817866769349	19.648472596585805	31.651103837761518	0.0
55.0	29.19808747553188	17.860924814684083	18.75862400924173	34.18236370054231	0.0
56.0	29.463863105791372	18.455527833711724	20.344000449254317	31.736608611242588	0.0
57.0	28.70678658247956	17.964105485265918	19.208459359931965	34.12064857232255	0.0
58.0	29.531542084192452	18.039520871609316	19.226109769501697	33.20282727469653	0.0
59.0	29.541078305519896	17.433408215661103	20.659499358151475	32.36601412066752	0.0
60.0	29.552365745829757	18.284884420659058	19.847873356173725	32.314876477337464	0.0
61.0	30.38611525684849	17.656026832282187	19.402853337184858	32.555004573684464	0.0
62.0	29.275162292069556	18.078814966979884	19.841760216977878	32.80426252397268	0.0
63.0	29.337987481945117	18.03161611298347	19.946236559139784	32.68415984593163	0.0
64.0	28.552055080325474	18.57356080181033	19.61915614116741	33.25522797669678	0.0
65.0	30.13401813658615	17.911082577642244	20.531257523473236	31.42364176229837	0.0
66.0	29.96765935591561	17.954273699753635	20.64183739798252	31.436229546348237	0.0
67.0	29.02555295175115	17.524317036371222	19.473692658341626	33.97643735353601	0.0
68.0	29.616758296881894	18.122717605040332	20.109956258276817	32.15056783980096	0.0
69.0	30.001364464527935	17.58634251270156	19.622605164096925	32.789687858673574	0.0
70.0	28.3434735845119	18.242017562165895	20.149133931581396	33.2653749217408	0.0
71.0	29.66423451409123	17.684077026191794	20.835440396208092	31.816248063508883	0.0
72.0	29.971102905763363	17.96676834162787	19.654037566222506	32.40809118638626	0.0
73.0	30.179728200229576	17.404496817229504	19.25556081780746	33.16021416473346	0.0
74.0	29.747368928063967	17.90493622008686	20.555675970747135	31.79201888110204	0.0
75.0	30.484975474258007	17.912221125053186	19.42792000834919	32.17488339233962	0.0
76.0	28.85907656735471	18.101752611254284	19.38871360100195	33.65045722038906	0.0
77.0	29.096514680733193	17.731692238520765	21.60400157365256	31.567791507093478	0.0
78.0	30.215584728411415	17.597655465895862	18.4527680757959	33.73399172989682	0.0
79.0	30.013730197602435	17.31851649631051	19.289723228122014	33.37803007796504	0.0
80.0	30.94588084149671	18.074514212301267	19.998394090252127	30.981210855949897	0.0
81.0	30.26923293104971	18.73790539509712	19.409984021069704	31.582877652783463	0.0
82.0	29.830252613660086	18.17276654515088	18.315694808010406	33.68128603317862	0.0
83.0	29.544779295447793	18.33570218335702	20.054122200541222	32.06539632065396	0.0
84.0	30.745758084332415	18.0300487428833	18.959937686198618	32.26425548658567	0.0
85.0	29.629808078374687	17.131614871918412	19.172890066650606	34.065686983056295	0.0
86.0	30.65346407433284	17.484600990997503	19.90668240698356	31.955252527686095	0.0
87.0	29.456691964823516	18.78568847126852	19.840179898004255	31.917439665903707	0.0
88.0	29.89944905793726	17.503252646288768	18.913535827296528	33.68376246847744	0.0
89.0	29.78749036237471	18.591782318170136	20.107298894885634	31.51342842456952	0.0
90.0	30.448087256138205	18.61180495875734	19.38525544748488	31.55485233761957	0.0
91.0	30.335571547902074	18.109458330656043	19.404195849129348	32.15077427231254	0.0
92.0	28.86516790760062	18.726456390609062	20.297502871416754	32.110872830373566	0.0
93.0	30.049478706485246	18.561743963758452	19.368182621407573	32.020594708348725	0.0
94.0	29.883524781106917	17.384528877821513	19.689934934532893	33.04201140653868	0.0
95.0	30.4717685899959	18.247395352199796	20.498196627814504	30.7826394299898	0.0
96.0	30.30317636284764	18.91116787969345	18.997927411191977	31.78772834626693	0.0
97.0	29.922796982575093	18.413040160029563	19.554616515500854	32.109546341894486	0.0
98.0	28.768377922390936	18.255001205109664	21.0902225435848	31.886398328914602	0.0
99.0	29.452219883341634	18.762553629103532	19.087140263204407	32.698086224350426	0.0
100.0	29.84816421117003	18.34099083513707	19.872222982161105	31.938621971531795	0.0
101.0	29.7011509075083	18.65630742448177	20.6091427834553	31.03339888455463	0.0
102.0	29.985872855701313	18.064984863773965	19.46236125126135	32.486781029263376	0.0
103.0	29.283998155593487	17.36168973523059	19.702791687227485	33.65152042194844	0.0
104.0	30.34766185446675	18.158826914815148	19.550609158040643	31.94290207267746	0.0
105.0	30.446757171756563	18.138389919325355	19.382225580280615	32.03262732863747	0.0
106.0	29.120261821023835	18.079165038426467	19.75869480265729	33.041878337892406	0.0
107.0	29.328056790828605	18.37052751825711	20.350862877891558	31.950552813022725	0.0
108.0	29.452553252381534	18.98278752197555	20.122654237703912	31.442004987938997	0.0
109.0	28.73304279441641	18.19336129497346	20.138934399370864	32.93466151123926	0.0
110.0	29.339622641509433	17.548810500410173	21.230516817063165	31.88105004101723	0.0
111.0	28.80550898990895	18.901817703711007	19.79505637182395	32.49761693455609	0.0
112.0	29.170233783338823	17.64158709252552	18.89940730984524	34.28877181429042	0.0
113.0	30.237084072073557	17.59205046798334	20.471694223395044	31.699171236548057	0.0
114.0	30.10613149063497	18.139062009224514	18.80114397183052	32.95366252831	0.0
115.0	29.423312680163015	17.14240747490143	20.47480202776581	32.95947781716974	0.0
116.0	30.174911382107073	17.46208316384556	20.5120329401217	31.85097251392567	0.0
117.0	30.100084027321362	18.129934525245634	19.692343530312233	32.077637917120775	0.0
118.0	29.80564796518172	18.037803180002836	19.753704027948004	32.40284482686744	0.0
119.0	30.606278296606916	17.853383898290925	19.523196952737358	32.017140852364804	0.0
120.0	29.594971248734026	18.26856277150486	19.683945326559137	32.45252065320198	0.0
121.0	29.59844342312724	17.209567580260995	19.759133147707068	33.432855848904694	0.0
122.0	30.00588334173811	17.67608001344764	20.35552193645991	31.962514708354345	0.0
123.0	28.72984465120195	18.510503936344882	19.661516440028628	33.09813497242454	0.0
124.0	29.15484873041599	17.94131550513236	19.31135197190708	33.59248379254457	0.0
125.0	28.911155870753714	18.268986645452852	19.97342631302788	32.84643117076556	0.0
126.0	29.63915120353637	17.930443488516133	19.658750562102817	32.77165474584468	0.0
127.0	30.03751818483449	17.64971116952945	18.53959827467395	33.773172370962115	0.0
128.0	29.387727245583058	17.51763792559227	21.18086658306247	31.91376824576221	0.0
129.0	30.036275902191957	17.934326928012865	19.02089286630961	33.008504303485566	0.0
130.0	30.302562519296078	17.77983602620836	19.477033377928716	32.44056807656684	0.0
131.0	30.2416754790952	17.92662900965498	20.246232149458788	31.585463361791028	0.0
132.0	30.66008051654727	18.073982120843784	18.767941655675383	32.497995706933565	0.0
133.0	29.96234302395882	17.96738698588727	19.9046483909416	32.165621599212315	0.0
134.0	30.840498393814237	17.212596652553014	20.173866361881014	31.77303859175174	0.0
135.0	29.55958459240735	18.11764092945712	20.3640026397138	31.95877183842173	0.0
136.0	28.652287115004484	18.56860474229138	19.48292827349594	33.296179869208196	0.0
137.0	30.861252381202046	17.883045841416312	23.263251717086984	27.992450060294654	0.0
138.0	30.510243457517717	20.071213077948503	19.627446853294042	29.791096611239738	0.0
139.0	30.60996525792691	18.904965038040373	19.711508861427504	30.773560842605214	0.0
140.0	28.733544365185036	21.352426131504	20.003350644999163	29.910678858311808	0.0
141.0	31.32857117598175	16.986403097759784	21.071662216878547	30.613363509379916	0.0
142.0	26.606471964273055	19.797795420713122	24.566704472956687	29.029028142057133	0.0
143.0	27.387867483790746	19.071853628208544	18.897770672351008	34.642508215649706	0.0
144.0	27.7734235838974	19.39258995368721	18.333630210188815	34.500356252226574	0.0
145.0	27.168374188703538	19.528330561962488	16.742655867260275	36.5606393820737	0.0
146.0	33.16343927783062	14.007286301394448	19.596740905583175	33.23253351519176	0.0
147.0	34.45432966714381	16.178042725905524	22.049683813803476	27.317943793147187	0.0
148.0	31.91896413090694	16.84396343773972	20.746032772946148	30.491039658407193	0.0
149.0	33.118536354306464	17.278163732533354	22.815189073971737	26.788110839188445	0.0
150.0	27.310646269122696	18.797377458632532	25.782079300655635	28.109896971589137	0.0
