# Position (bp)	A	C	G	T	N
0.0	26.502429766799896	24.1884003795612	25.192656065790608	24.11651378784829	0.0
1.0	26.482594925396608	20.552215223810173	15.255982212435567	37.709207638357654	0.0
2.0	27.341085326516517	20.441906335225045	17.74959590421328	34.46527624486425	0.0021361891809138617
3.0	23.911995348771253	22.435797444660306	14.936400119116833	38.71368000113445	0.0021270863171627503
4.0	33.43651286101083	14.815546028880867	14.239479918772563	37.50846119133574	0.0
5.0	35.32750109002939	14.714693596253111	22.33013122547434	27.620641640529403	0.007032447713751248
6.0	31.257057490934848	17.613393276709754	20.768836925493936	30.36071230686146	0.0
7.0	35.15780504668851	17.54398217665505	19.725107030862603	27.57240733886006	6.984069337840386E-4
8.0	24.23126804166841	26.55873042435399	21.208634899385014	28.00136663459259	0.0
9.0	28.323292823066478	18.55138071525577	16.17090921753665	36.953024340982694	0.0013929031584079118
10.0	26.722644646496967	17.23305529854536	24.975129915754763	31.06708313912638	0.002087000076523336
11.0	27.31935120710503	19.031536227049717	20.219877969117015	33.429234596728236	0.0
12.0	26.763741910396355	20.183734688775935	20.765630641890954	32.28689275893675	0.0
13.0	26.569632723286755	21.961676679940613	18.495650122795578	32.97304047397705	0.0
14.0	30.31038836702696	19.86790803513202	20.110724147021685	29.71097945081933	0.0
15.0	29.798393251099608	18.82032995240804	18.92092519876233	32.46035159773001	0.0
16.0	29.59095891551387	18.32984140639092	18.745403837882087	33.33379584021312	0.0
17.0	30.069653536096347	18.476918594164086	20.33342120964049	31.119312899779384	6.937603196847553E-4
18.0	32.22516684935688	18.26879049825866	18.101594261214636	31.40444839116982	0.0
19.0	30.35548278780647	18.96185705762373	19.62370440260299	31.05895575196681	0.0
20.0	30.679468857099252	17.550054807065255	20.295958152377516	31.473824423138296	6.937603196847553E-4
21.0	29.295417019328163	17.79148339831555	18.90566247172927	34.00743711062702	0.0
22.0	28.700864425358326	18.809229787293084	20.0510607595288	32.43884502781979	0.0
23.0	29.765786516074428	17.666606540772296	19.702099318727367	32.86481386410623	6.937603196847553E-4
24.0	30.44636538968517	18.023893105409943	19.160966269373255	32.36877523553163	0.0
25.0	28.961718305559796	18.55184470869004	19.006257718083557	33.48017926766661	0.0
26.0	30.457465554800127	17.688806871002207	21.224903220435404	30.628824353762262	0.0
27.0	28.790359506597664	18.525481816542023	19.899127249517836	32.78503142734248	0.0
28.0	29.969752050061743	17.80327732375019	19.95393431477293	32.27234255109545	6.937603196847553E-4
29.0	29.790274800369083	18.38408225279414	18.93840059386295	32.88724235297382	0.0
30.0	29.899260410451383	18.20389359901203	18.706203949102918	33.18994824260758	6.937988260923863E-4
31.0	30.091098946083022	18.44944459477274	19.338925545865163	32.11636797591047	0.004162937368607289
32.0	29.189361716890666	19.24910318413	18.76548178266873	32.79466559349436	0.0013877228162446833
33.0	29.86960715599259	17.52982241868663	19.23762864062511	33.36294178469567	0.0
34.0	29.13086330635646	18.698030178935824	19.12142371281425	33.04829462637256	0.0013881755209128642
35.0	29.765178465758385	17.889739002095503	19.48329515946004	32.86109119262606	6.961800600107212E-4
36.0	30.9024923724209	18.07213809052787	18.295741094191893	32.72962844285933	0.0
37.0	28.849679672631705	19.658828696312924	19.055818525309	32.43567310574637	0.0
38.0	30.608955348856682	17.94419130422647	19.45419402558073	31.992659321336113	0.0
39.0	30.19481200327133	18.78359580878087	19.281285605441038	31.74030658250676	0.0
40.0	29.41432584269663	19.866573033707866	18.81179775280899	31.906601123595507	7.022471910112359E-4
41.0	29.59762202311608	17.687262149357846	20.205036961725025	32.50866676551369	0.0014121002873624085
42.0	28.11200600689943	19.52667332525802	19.504005780223984	32.85731488761856	0.0
43.0	29.27721801412594	18.81279577074481	19.96461409467506	31.94537212045419	0.0
44.0	29.106088344030262	19.23594737254511	19.70822677959582	31.949737503828814	0.0
45.0	29.614610255165424	18.608370339697	20.082675310210902	31.69434409492668	0.0
46.0	30.083260611436174	17.199324759302442	19.5755425530393	33.141872076222086	0.0
47.0	30.075365724356313	19.10936626882352	19.410256042869626	31.405011963950543	0.0
48.0	30.009973666649927	18.857405268105076	18.74044788221028	32.39217318303472	0.0
49.0	28.162757768082397	19.02865726997635	20.106808886844394	32.70177607509686	0.0
50.0	28.952624027570494	18.471654445958517	19.470219684352447	33.10550184211854	0.0
51.0	30.601215616102927	18.17193940755015	18.887689532516642	32.33915544383027	0.0
52.0	28.87903090695862	18.869051521309995	20.062935687594237	32.18898188413715	0.0
53.0	30.428671820098387	18.785137034434293	19.538387210119463	31.247803935347857	0.0
54.0	30.043237201641247	18.75376854861244	19.008191537861965	32.19406738532582	7.353265585246408E-4
55.0	29.017774725477597	18.553800482952656	18.57521581485338	33.85320897671637	0.0
56.0	28.970480333810134	18.573747285569233	21.174412830641753	31.281359549978877	0.0
57.0	27.490892870418556	19.834213069660247	18.980744926027803	33.69414913389339	0.0
58.0	30.275578222162576	17.93197035446398	21.754723452482143	30.037727970891304	0.0
59.0	28.304512769093783	21.32023375709914	21.097251633082166	29.278001840724915	0.0
60.0	31.073000112828613	19.051487457219153	19.675053593591336	30.200458836360898	0.0
61.0	28.70393506424672	21.442579257812206	19.30051715391197	30.550696984152225	0.0022715398768825387
62.0	31.302192564347	16.740514775977122	21.082936129647283	30.87283126787417	0.0015252621544327933
63.0	25.907266606580237	20.890819871661545	24.57689137451565	28.625022147242575	0.0
64.0	25.862859184799074	21.295900690598078	17.757459469117293	35.08300382975087	7.768257346829386E-4
65.0	27.479845501766704	19.473671840111564	18.75758976488377	34.28732597403615	0.0015669192018113586
66.0	27.563905143209116	19.333033253575294	17.458324449393128	35.639999052379714	0.004738101442751889
67.0	33.39592466761614	14.25252420772897	17.622112775793067	34.725460086089605	0.0039782627722126295
68.0	34.17470404180511	16.184155349827424	23.023450856423985	26.616883326344308	8.064255991742203E-4
69.0	31.89269253365771	16.931046181598525	20.251719087456248	30.924542197287526	0.0
70.0	32.16055677812964	16.58526112393323	22.82038895747231	28.433793140464818	0.0
71.0	26.185796571272764	19.6907556151373	24.8974676497654	29.225980163824545	0.0
