# Position (bp)	A	C	G	T	N
0.0	31.632449671118195	18.935618895754438	18.8558899740881	30.576041459039267	0.0
1.0	24.63623679489735	23.300777356986245	23.739286426151086	28.32369942196532	0.0
2.0	30.456349206349202	18.710317460317462	19.88095238095238	30.952380952380953	0.0
3.0	30.612244897959183	20.96294828611056	19.338220725183277	29.08658609074698	0.0
4.0	29.835676103741832	19.24371411601663	19.936646208671547	30.983963571569983	0.0
5.0	30.76618491387844	18.808156800633537	18.154820827558897	32.270837457929126	0.0
6.0	30.28503562945368	18.94299287410926	22.14964370546318	28.622327790973873	0.0
7.0	30.403800475059384	20.19002375296912	19.002375296912113	30.403800475059384	0.0
8.0	29.382667194301543	20.518401266323703	20.122675108824694	29.97625643055006	0.0
9.0	28.065664556962027	20.866297468354432	17.484177215189874	33.583860759493675	0.0
10.0	26.754993078900537	18.66719398853075	20.189835871069807	34.387977061498916	0.0
11.0	25.800711743772244	19.948596283115855	20.818505338078293	33.43218663503361	0.0
12.0	26.433372874654015	20.18584420719652	18.426255436931594	34.95452748121787	0.0
13.0	29.017592409567104	20.201620873690455	19.173749752915594	31.607036963826847	0.0
14.0	27.509881422924902	19.66403162055336	21.521739130434785	31.30434782608696	0.0
15.0	26.00276625172891	21.280379371665678	21.537245603635647	31.179608772969768	0.0
16.0	27.188302706974905	18.86978857933215	22.011460185734045	31.930448527958898	0.0
17.0	29.658170322070738	18.435091879075284	20.54929855759731	31.357439241256667	0.0
18.0	27.069749061450306	20.569057498518077	19.877494566291247	32.483698873740366	0.0
19.0	27.400237060450415	21.63176610035559	21.137890161991308	29.83010667720269	0.0
20.0	26.678515007898895	20.734597156398106	20.774091627172194	31.81279620853081	0.0
21.0	26.540284360189574	20.00394944707741	20.537124802527646	32.91864139020537	0.0
22.0	29.042448173741363	18.99308983218164	19.842053307008882	32.122408687068116	0.0
23.0	28.326095538886698	20.923805763916306	18.61429135412554	32.135807343071455	0.0
24.0	28.938018160284244	17.943150414528226	17.666798262929333	35.45203316225819	0.0
25.0	28.123149792776793	18.84744424708901	17.169923031379515	35.85948292875469	0.0
26.0	30.781373322809785	18.587213891081294	16.65351223362273	33.97790055248619	0.0
27.0	27.1310181531176	21.48776637726914	17.46250986582478	33.91870560378848	0.0
28.0	29.36069455406472	18.705603788476715	16.318074191002367	35.615627466456196	0.0
29.0	28.09232590254488	16.946143223515485	18.32708621029789	36.634444663641744	0.0
30.0	31.41898559305309	17.84093151766331	17.88040260509177	32.859680284191825	0.0
31.0	30.36597428288823	17.190900098911968	18.259149357072204	34.1839762611276	0.0
32.0	29.673590504451035	18.87240356083086	19.34718100890208	32.10682492581603	0.0
33.0	28.466719492868464	19.374009508716323	19.492868462757528	32.66640253565768	0.0
34.0	32.10463733650416	16.44867221561633	19.322235434007133	32.12445501387237	0.0
35.0	28.642220019821607	19.504459861248762	19.60356788899901	32.24975222993062	0.0
36.0	30.578676179151802	17.300832342449464	17.39992072929053	34.720570749108205	0.0
37.0	30.275411135327918	20.051515751931838	19.258965722211215	30.414107390529026	0.0
38.0	29.69865186360032	19.052339413164155	18.6558287073751	32.593180015860426	0.0
39.0	30.333068992862806	18.001586042823156	17.386994448850118	34.27835051546392	0.0
40.0	27.420634920634924	17.71825396825397	20.515873015873016	34.345238095238095	0.0
41.0	28.389914631725233	16.557474687313878	22.314869962279136	32.737740718681756	0.0
42.0	31.830818109610803	14.99205718824464	19.777601270849882	33.39952343129468	0.0
43.0	30.504769475357712	18.243243243243242	19.6939586645469	31.558028616852145	0.0
44.0	30.145158083117916	20.30224696758799	17.776894014714657	31.775700934579437	0.0
45.0	32.53349330133973	16.436712657468505	17.55648870225955	33.473305338932214	0.0
46.0	30.046009201840366	15.543108621724343	21.964392878575715	32.44648929785957	0.0
47.0	31.965572457966374	17.193755004003204	18.514811849479585	32.32586068855084	0.0
48.0	28.14814814814815	18.67867867867868	20.12012012012012	33.053053053053056	0.0
49.0	30.056067280736887	18.56227472967561	19.663596315578694	31.718061674008812	0.0
50.0	29.5814139795714	19.987983176447024	19.607450430602842	30.82315241337873	0.0
51.0	29.541357901061488	17.504506308832365	18.505908271580214	34.44822751852594	0.0
52.0	28.966346153846157	18.429487179487182	21.995192307692307	30.60897435897436	0.0
53.0	31.328923631990378	19.843656043295248	19.302465423932652	29.52495490078172	0.0
54.0	29.87169206094627	20.809943865276665	17.622293504410585	31.69607056936648	0.0
55.0	30.599558853017843	16.422699017445357	18.608381792660918	34.36936033687588	0.0
56.0	27.371165029075595	18.76879887708041	20.553438941247244	33.30659715259675	0.0
57.0	30.36502206177296	17.749699157641395	19.354191736863218	32.53108704372242	0.0
58.0	29.02448815736652	19.710959454034523	19.16900843034926	32.0955439582497	0.0
59.0	27.20883534136546	20.602409638554217	19.819277108433734	32.36947791164659	0.0
60.0	29.833366793816502	17.44629592451315	18.630797028709097	34.08954025296126	0.0
61.0	30.040160642570278	17.83132530120482	21.465863453815263	30.66265060240964	0.0
62.0	28.846926476496588	20.008035355564484	21.27360385697067	29.871434310968258	0.0
63.0	31.263813542294557	18.022905364677516	20.17279485633916	30.540486236688768	0.0
64.0	27.205143660839866	20.634920634920633	20.795660036166367	31.364275668073137	0.0
65.0	29.409401366010446	19.72679791080755	19.485737243873043	31.37806347930896	0.0
66.0	29.670550421856166	18.84290879871434	20.128565689031742	31.35797509039775	0.0
67.0	30.184887459807076	19.835209003215436	18.528938906752412	31.45096463022508	0.0
68.0	28.310227044404257	20.413903958207754	19.931685754470564	31.344183242917424	0.0
69.0	28.772352822985738	21.398432790837855	19.12798874824191	30.7012256379345	0.0
70.0	28.336012861736336	21.020900321543408	19.212218649517684	31.430868167202576	0.0
71.0	28.476688102893892	22.608520900321544	18.830385852090032	30.084405144694532	0.0
72.0	28.103656086781843	20.06830052229811	21.052631578947366	30.77541181197268	0.0
73.0	28.812537673297168	17.741611412497488	20.795660036166367	32.650190878038984	0.0
74.0	29.883440514469456	17.584405144694536	21.262057877813508	31.270096463022508	0.0
75.0	30.182988135934043	19.344460084456063	21.83792479388699	28.634626985722907	0.0
76.0	30.74602855419264	19.947717675447414	19.424894429921576	29.88135934043837	0.0
77.0	31.2009656004828	20.31784349225508	17.783142224904445	30.698048682357676	0.0
78.0	29.33252915158826	17.048652995577	22.0345798150382	31.584238037796542	0.0
79.0	28.614518399356527	20.450432334606877	18.62055097526644	32.31449829077016	0.0
80.0	31.033789219629927	17.51810136765889	18.704746580852778	32.743362831858406	0.0
81.0	27.660430496881915	19.010259505129753	21.08227720780527	32.24703279018306	0.0
82.0	32.48843291088312	15.610541138603903	19.975859987929994	31.92516596258298	0.0
83.0	30.3420523138833	17.50503018108652	21.06639839034205	31.086519114688127	0.0
84.0	29.885288790501107	16.582813443348762	19.7222781243711	33.80961964177903	0.0
85.0	29.32179512980479	16.240692292211712	21.15113704970819	33.28637552827531	0.0
86.0	29.72429060173073	19.66190380358221	18.89716240692292	31.716643187764138	0.0
87.0	32.058764338901184	16.78406117931173	19.84302676594888	31.314147715838196	0.0
88.0	31.716643187764138	17.568927349567318	18.595290802978468	32.11913865969008	0.0
89.0	31.656268866975246	16.099818877037634	18.414167840611793	33.82974441537533	0.0
90.0	30.730529281545582	16.623062990541356	19.319782652445163	33.3266250754679	0.0
91.0	30.52928154558261	18.555041255785873	17.045683236063596	33.869993962567925	0.0
92.0	30.227409941638157	17.89092372710807	18.051921915878445	33.82974441537533	0.0
93.0	31.448692152917506	16.659959758551306	20.38229376257545	31.50905432595573	0.0
94.0	30.523138832997986	16.76056338028169	19.839034205231385	32.87726358148893	0.0
95.0	31.032400885490034	16.643187764137654	19.239283558059974	33.085127792312335	0.0
96.0	28.75830146910847	16.66331253773395	18.796538538941437	35.78184745421614	0.0
97.0	29.25553319919517	17.78672032193159	19.698189134808853	33.25955734406439	0.0
98.0	31.12676056338028	19.396378269617706	18.209255533199194	31.26760563380282	0.0
99.0	30.04024144869215	19.557344064386317	18.651911468812877	31.75050301810865	0.0
100.0	32.13207167304208	17.53573585665392	19.00543587678679	31.326756593517214	0.0
101.0	29.339508658880387	21.325010068465566	19.3717277486911	29.96375352396295	0.0
102.0	29.818548387096772	18.16532258064516	18.508064516129032	33.50806451612903	0.0
103.0	29.38092357330107	19.943537003428112	20.85097801976205	29.82456140350877	0.0
104.0	28.225317989097515	18.049666868564508	19.92731677771048	33.7976983646275	0.0
105.0	28.51657235246564	20.270816491511724	18.067906224737268	33.14470493128537	0.0
106.0	30.960566228513652	19.67644084934277	18.3417593528817	31.02123356926188	0.0
107.0	31.00728155339806	20.61084142394822	18.183656957928804	30.198220064724918	0.0
108.0	32.45649534601376	17.70538243626062	18.8587616349656	30.97936058276002	0.0
109.0	27.825030376670718	19.866342648845688	18.894289185905226	33.41433778857837	0.0
110.0	28.313741386299146	19.618970409404135	19.254154843940007	32.81313336035671	0.0
111.0	31.959390862944165	18.436548223350254	18.98477157360406	30.619289340101524	0.0
112.0	27.245022348638763	19.301097114993905	20.824867939861843	32.62901259650548	0.0
113.0	28.46982320666531	17.354196301564723	20.3210729526519	33.85490753911807	0.0
114.0	31.14320585842148	15.947925142392188	19.304312449145648	33.604556550040684	0.0
115.0	27.230142566191446	18.81873727087576	18.757637474541752	35.193482688391036	0.0
116.0	29.34826883910387	17.94297352342159	18.798370672097757	33.91038696537678	0.0
117.0	30.678345895294356	17.82440415563251	18.61886331228356	32.87838663678957	0.0
118.0	28.810105949470255	17.705786471067643	21.291768541157293	32.19233903830481	0.0
119.0	24.398695474928658	20.485120260905017	22.849571952710967	32.26661231145536	0.0
120.0	28.038336052202283	20.90130505709625	20.432300163132137	30.62805872756933	0.0
121.0	30.78335373317013	18.35985312117503	18.93104855161159	31.92574459404325	0.0
122.0	30.76923076923077	18.20036727198531	19.159355233625792	31.87104672515813	0.0
123.0	31.850642725974293	15.935523362579065	19.751071209957153	32.46276270148949	0.0
124.0	32.81600980191954	16.33653257096181	18.909536450888297	31.937921176230343	0.0
125.0	30.745658835546475	18.651685393258425	19.75485188968335	30.847803881511748	0.0
126.0	31.910112359550563	17.548518896833503	19.244126659856995	31.297242083758935	0.0
127.0	29.765066394279877	19.40755873340143	19.89785495403473	30.929519918283965	0.0
128.0	30.40278061746064	17.501533428746676	18.994070742179513	33.101615211613165	0.0
129.0	31.533742331288344	19.652351738241308	18.282208588957054	30.531697341513294	0.0
130.0	31.0683585755219	18.19484240687679	17.703643061809252	33.03315595579206	0.0
131.0	30.868496517820564	17.738631708316262	20.79065956575174	30.60221220811143	0.0
132.0	27.049180327868854	18.48360655737705	21.065573770491802	33.40163934426229	0.0
133.0	28.448452551752407	18.425906948145112	18.876819020291045	34.24882147981144	0.0
134.0	26.14848236259229	20.775225594749795	21.78014766201805	31.296144380639866	0.0
135.0	28.958162428219854	17.698933552091876	20.693191140278916	32.64971287940936	0.0
136.0	29.312820512820515	17.476923076923075	19.076923076923077	34.13333333333333	0.0
137.0	28.026261797291752	17.64464505539598	19.03980303652031	35.28929011079196	0.0
138.0	27.185063602790315	19.01928600738613	19.162905211325402	34.632745178498155	0.0
139.0	30.281256415520424	17.71710121125026	18.41510983370971	33.5865325395196	0.0
140.0	28.929525374974318	17.93712759400041	20.402712143003903	32.73063488802137	0.0
141.0	29.708059210526315	17.804276315789476	20.127467105263158	32.36019736842105	0.0
142.0	31.620065789473685	17.351973684210524	19.407894736842106	31.620065789473685	0.0
143.0	32.510795805058606	18.507094386181368	18.692165330043185	30.28994447871684	0.0
144.0	29.987659399424103	19.0662278897573	18.69600987248046	32.25010283833814	0.0
145.0	31.125282863608312	17.794692450113146	18.24727422341082	32.83275046286772	0.0
146.0	29.785920131741456	18.340881020996296	18.237958007410455	33.6352408398518	0.0
147.0	28.382565585622803	19.396818839082833	19.624044618880397	32.59657095641396	0.0
148.0	29.882207067575944	19.01219260177723	18.764207480884483	32.34139284976234	0.0
149.0	29.799545360611695	18.846869187848732	18.764207480884483	32.58937797065509	0.0
150.0	28.967515001034556	17.64949306848748	19.428926132836747	33.95406579764121	0.0
151.0	28.84933774834437	19.49503311258278	20.48841059602649	31.16721854304636	0.0
152.0	29.426382273762684	19.734934769103337	18.47173327811141	32.366949679022575	0.0
153.0	31.951927061748858	17.98590965602984	17.11562370493162	32.94653957728968	0.0
154.0	31.466055810079137	16.909620991253643	19.65847563515202	31.965847563515204	0.0
155.0	29.393370856785488	19.44965603502189	19.72065874504899	31.43631436314363	0.0
156.0	32.16520650813517	16.87526074259491	19.54526491447643	31.414267834793492	0.0
157.0	31.718521612027562	18.47984965546043	19.398621841720608	30.403006890791396	0.0
158.0	29.82456140350877	19.674185463659146	19.903926482873853	30.59732664995823	0.0
159.0	30.363864491844417	16.06022584692597	21.037222919280634	32.53868674194897	0.0
160.0	26.99707235466332	17.858636553743203	23.17022166457549	31.97406942701798	0.0
161.0	27.95901296528649	17.37766624843162	22.417398578000835	32.24592220828105	0.0
162.0	29.05946857865879	18.937157317587516	21.425558835934204	30.577815267819485	0.0
163.0	28.62265344863953	16.70533642691415	21.3246150601139	33.34739506433242	0.0
164.0	30.517423442449843	18.60612460401267	21.161562829989442	29.714889123548044	0.0
165.0	31.169380418693173	17.001480228378092	21.590188200465217	30.23895115246352	0.0
166.0	28.550264550264547	18.412698412698415	21.248677248677247	31.788359788359788	0.0
167.0	28.459252971137524	18.10271646859083	20.797962648556876	32.64006791171477	0.0
168.0	28.450106157112526	17.876857749469213	20.276008492569	33.397027600849256	0.0
169.0	26.51370299553856	18.143190992139367	20.480135967707668	34.86297004461441	0.0
170.0	28.24054398640034	16.42583935401615	19.67700807479813	35.65660858478538	0.0
171.0	27.133432645243673	17.556927005745905	18.91891891891892	36.39072143009151	0.0
172.0	28.15161839863714	19.229131175468485	19.867972742759797	32.75127768313458	0.0
173.0	26.794462193823215	17.209797657082003	19.233226837060702	36.76251331203408	0.0
174.0	27.890574909168624	18.743321222483438	18.93567001496046	34.43043385338748	0.0
175.0	28.531737550758706	17.439623851250268	21.628553109638812	32.40008548835221	0.0
176.0	28.165098374679214	16.80923866552609	19.16167664670659	35.863986313088105	0.0
177.0	28.305519897304237	19.23406076166025	18.95592640136928	33.504492939666235	0.0
178.0	29.96575342465753	18.51455479452055	19.9486301369863	31.57106164383562	0.0
179.0	28.45215157353886	18.133162063797904	21.665596232070218	31.74909013059302	0.0
180.0	30.471092077087796	17.77301927194861	18.394004282655246	33.36188436830835	0.0
181.0	29.037800687285227	19.480240549828178	18.256013745704465	33.22594501718213	0.0
182.0	31.420588867397374	18.719105953148507	19.213410702772403	30.646894476681712	0.0
183.0	32.422547332185886	22.095524956970742	17.3407917383821	28.141135972461274	0.0
184.0	32.29278794402583	20.92572658772874	18.04090419806243	28.74058127018299	0.0
185.0	31.430417923308916	21.15467470917708	19.194312796208532	28.220594571305472	0.0
186.0	32.8660772050895	17.770109984904035	20.401121414707784	28.962691395298684	0.0
187.0	31.09809027777778	21.33246527777778	19.35763888888889	28.211805555555557	0.0
188.0	31.589231437255755	19.58315240990013	18.193660442900565	30.63395570994355	0.0
189.0	32.47176368375326	19.005212858384013	17.74543874891399	30.77758470894874	0.0
190.0	34.27515757444034	16.77896109541404	17.84394696805042	31.101934362095196	0.0
191.0	30.006523157208086	18.960643618177862	18.02565775168515	33.00717547292889	0.0
192.0	33.59442993907746	17.362924281984334	18.90774586597041	30.1348999129678	0.0
193.0	29.623961521644077	17.40271097507652	21.44731088762571	31.526016615653695	0.0
194.0	30.348149770089773	18.13006349901467	19.881760455441206	31.640026275454346	0.0
195.0	30.87204206836109	19.851007887817705	18.73356704645048	30.543382997370728	0.0
196.0	30.19074764306073	18.811664108748083	18.460863845647886	32.53672440254331	0.0
197.0	32.15617459969292	18.97345909190612	19.192805439789428	29.677560868611536	0.0
198.0	33.40649692712906	18.4811237928007	18.327480245829676	29.784899034240564	0.0
199.0	29.795649307844428	18.479455064820918	19.99560536145902	31.729290265875633	0.0
200.0	29.561963460268547	17.543473475676866	20.845256438476778	32.04930662557781	0.0
201.0	31.371252204585538	16.181657848324516	18.606701940035272	33.84038800705467	0.0
202.0	30.886243386243383	17.46031746031746	18.82716049382716	32.826278659611994	0.0
203.0	32.53915729097728	16.30266931392014	20.075005515111403	31.083167879991176	0.0
204.0	30.271583130933983	17.86266283947891	21.351291675866637	30.514462353720468	0.0
205.0	31.16166077738516	16.431095406360424	21.643109540636043	30.764134275618378	0.0
206.0	29.2817679558011	17.23756906077348	19.933701657458563	33.54696132596685	0.0
207.0	28.432456334291402	17.621047977006413	20.14149900508512	33.80499668361707	0.0
208.0	28.324084350721417	17.957824639289676	20.843507214206436	32.87458379578246	0.0
209.0	28.225627359538088	16.92205196535643	20.541860981567844	34.310459693537645	0.0
210.0	29.37513898154325	17.278185456971315	20.369134978874808	32.97754058261063	0.0
211.0	29.906542056074763	16.889185580774367	21.806853582554517	31.397418780596354	0.0
212.0	27.626892252894038	16.829919857524487	23.219056099732857	32.32413178984862	0.0
213.0	30.904634581105167	18.38235294117647	19.407308377896612	31.305704099821746	0.0
214.0	28.979045920642	19.97325011145787	20.463664734730273	30.584039233169865	0.0
215.0	30.27870680044593	20.735785953177256	19.576365663322186	29.409141583054627	0.0
216.0	34.99888467544056	16.439884006245816	19.51817979031898	29.043051527994646	0.0
217.0	28.37354781054513	18.096514745308312	21.447721179624665	32.0822162645219	0.0
218.0	28.197674418604652	18.17978533094812	19.476744186046513	34.14579606440071	0.0
219.0	28.510638297872344	18.656215005599105	22.127659574468083	30.70548712206047	0.0
220.0	29.7109567555456	19.000672193591754	21.196504593322878	30.091866457539773	0.0
221.0	29.55819690513568	19.825072886297377	17.784256559766764	32.83247364880018	0.0
222.0	31.019766397124886	18.778077268643305	19.137466307277627	31.064690026954178	0.0
223.0	32.79424977538185	18.328840970350406	18.48607367475292	30.390835579514825	0.0
224.0	34.801168276791735	16.715344866322173	18.714895529094587	29.768591327791505	0.0
225.0	34.27864055818141	17.62322754895341	19.06369570110286	29.034436191762325	0.0
226.0	30.748422001803426	19.071235347159604	19.454463480613164	30.725879170423802	0.0
227.0	31.281010374379793	16.328371673432567	18.696436626071268	33.69418132611637	0.0
228.0	29.706546275395034	18.419864559819413	18.48758465011287	33.386004514672685	0.0
229.0	31.646713349898352	19.584368646939236	17.91280777049921	30.8561102326632	0.0
230.0	29.97951286137036	20.965171864329616	17.04985203733212	32.0054632369679	0.0
231.0	30.02051515842261	20.583542284020968	17.893777068611808	31.502165488944613	0.0
232.0	28.783721993598537	17.123914037494284	18.244170096021946	35.84819387288523	0.0
233.0	28.968527452331728	18.12543073742247	19.27406386400184	33.63197794624397	0.0
234.0	25.6156501726122	20.04602991944764	21.680092059838895	32.65822784810127	0.0
235.0	26.95852534562212	18.525345622119815	21.267281105990783	33.24884792626728	0.0
236.0	27.562326869806093	17.24376731301939	22.34533702677747	32.848568790397046	0.0
237.0	27.18582420144556	18.442527395663326	21.26369783166239	33.10795057122872	0.0
238.0	28.94859813084112	16.355140186915886	21.16822429906542	33.52803738317757	0.0
239.0	27.187646233036965	17.36078614880674	19.86429574169396	35.58727187646233	0.0
240.0	27.05744431418523	15.685814771395076	21.359906213364596	35.8968347010551	0.0
241.0	26.454652532391048	16.489988221436985	23.08598351001178	33.96937573616019	0.0
242.0	27.255550307038263	16.957959376476143	21.3982050070855	34.388285309400096	0.0
243.0	25.977121067683505	16.84938036224976	21.90181124880839	35.27168732125834	0.0
244.0	27.381236571974217	16.25686321317737	21.03127238004297	35.33062783480545	0.0
245.0	29.681894283664196	16.909830184166466	20.23439368572112	33.17388184644822	0.0
246.0	28.034474503231984	15.752932726837443	20.205889394302133	36.00670337562844	0.0
247.0	26.73860911270983	17.48201438848921	22.58992805755396	33.189448441247	0.0
248.0	27.25090036014406	17.45498199279712	22.304921968787514	32.98919567827131	0.0
249.0	27.62019230769231	18.197115384615383	20.16826923076923	34.01442307692308	0.0
250.0	27.055702917771885	18.013021461297324	21.82300458162527	33.10827103930552	0.0
251.0	28.136330674401737	18.12907904278463	19.41020062847474	34.324389654338894	0.0
252.0	29.534940345751153	19.64937910883857	19.52763574385196	31.288044801558314	0.0
253.0	31.496830814236958	16.333495855680155	19.673330082886398	32.49634324719649	0.0
254.0	30.5101293629485	17.525018306077616	20.063461069074933	31.901391261898947	0.0
255.0	28.5958904109589	19.69178082191781	18.909001956947165	32.803326810176124	0.0
256.0	29.154302670623146	18.793273986152325	18.966369930761623	33.08605341246291	0.0
257.0	28.16063460585027	19.2117005453644	17.67476450173525	34.952900347050075	0.0
258.0	29.32405566600398	19.01093439363817	18.116302186878727	33.54870775347912	0.0
259.0	32.086761406133135	18.37447020693094	16.37995512341062	33.1588132635253	0.0
260.0	30.267433141714573	19.145213696575855	17.045738565358658	33.54161459635091	0.0
261.0	30.140421263791374	18.204613841524576	18.58074222668004	33.07422266800401	0.0
262.0	31.85929648241206	16.532663316582916	20.57788944723618	31.030150753768844	0.0
263.0	30.991943605236656	20.619335347432024	16.993957703927492	31.394763343403824	0.0
264.0	29.868819374369327	18.794147325933398	19.6518668012109	31.685166498486378	0.0
265.0	31.037974683544306	19.544303797468356	18.860759493670887	30.55696202531645	0.0
266.0	31.913814955640053	17.97211660329531	20.228136882129277	29.885931558935365	0.0
267.0	30.80243778567801	18.105637379380397	18.6135093956323	32.478415439309295	0.0
268.0	30.23906408952187	17.57375381485249	22.126144455747713	30.061037639877924	0.0
269.0	31.854118847232847	18.235144095893904	20.428462127008416	29.482274929864833	0.0
270.0	30.14856557377049	21.10655737704918	16.77766393442623	31.967213114754102	0.0
271.0	33.18777292576419	18.032365784741845	16.876444901104545	31.903416388389417	0.0
272.0	30.056613484302623	16.855378281008747	17.93618116314977	35.151827071538854	0.0
273.0	30.9376609994848	17.671303451828955	18.39258114374034	32.9984544049459	0.0
274.0	31.05590062111801	18.348861283643892	20.13457556935818	30.46066252587992	0.0
275.0	29.701686121919586	19.818417639429313	19.74059662775616	30.739299610894943	0.0
276.0	31.302301255230127	19.69142259414226	19.586820083682007	29.419456066945603	0.0
277.0	29.199578725645075	20.063191153238545	20.01053185887309	30.726698262243286	0.0
278.0	28.19022457067371	20.264200792602377	21.241743725231178	30.303830911492735	0.0
279.0	31.0079575596817	19.840848806366047	19.124668435013263	30.02652519893899	0.0
280.0	30.471874166888828	20.741135697147428	20.07464676086377	28.712343375099973	0.0
281.0	29.769560557341908	17.765273311897108	20.659163987138264	31.806002143622724	0.0
282.0	29.22043010752688	18.844086021505376	22.177419354838708	29.758064516129036	0.0
283.0	28.38971583220568	19.70230040595399	21.732070365358595	30.17591339648173	0.0
284.0	26.911564625850342	20.680272108843536	21.170068027210885	31.238095238095237	0.0
285.0	27.138562448756492	18.88494124077617	22.164525826728614	31.811970483738726	0.0
286.0	28.649986252405828	17.294473467143252	23.123453395655762	30.93208688479516	0.0
287.0	27.960253933204527	19.293403256969363	22.936792713221088	29.809550096605026	0.0
288.0	25.54196775986659	19.705391884380212	22.29016120066704	32.46247915508616	0.0
289.0	28.890128276631344	17.95872838817624	21.862799776910204	31.28834355828221	0.0
290.0	28.927471296555584	17.250070008401007	20.16241949033884	33.66003920470457	0.0
291.0	28.884518123068275	16.971059286316382	22.141050856982297	32.00337173363304	0.0
292.0	29.193776520509196	17.1994342291372	22.857142857142858	30.74964639321075	0.0
293.0	28.144564598747866	18.070574843483207	21.542401821286283	32.24245873648265	0.0
294.0	31.532304173813607	19.010863350485995	18.782161234991424	30.674671240708978	0.0
295.0	31.14047687446136	17.293881068658433	22.263717322608446	29.30192473427176	0.0
296.0	29.045284107297377	17.940582636284972	22.29593308335737	30.718200173060282	0.0
297.0	28.72557596967046	17.78944298629338	22.397200349956258	31.087780694079907	0.0
298.0	26.989311163895486	20.279097387173397	24.524940617577197	28.20665083135392	0.0
299.0	31.029040404040405	16.63510101010101	21.180555555555554	31.155303030303028	0.0
300.0	31.14395183360701	8.483853311439518	22.71483305966065	37.65736179529283	0.0
