# Position (bp)	A	C	G	T	N
0.0	66.26657362177251	8.653175157013258	10.746685275645499	14.333565945568738	0.0
1.0	12.97976273551989	64.31263084438241	12.212142358688068	10.49546406140963	0.0
2.0	14.897450110864746	59.65909090909091	9.22949002217295	16.213968957871398	0.0
3.0	64.80662983425415	10.220994475138122	9.19889502762431	15.773480662983424	0.0
4.0	63.676511178581286	12.834667402704941	8.956665746618825	14.532155672094948	0.0
5.0	15.420689655172415	60.5103448275862	9.655172413793103	14.413793103448274	0.0
6.0	14.191146048820851	61.46738380912977	7.860984691766652	16.48048545028272	0.0
7.0	67.53515301902398	9.112213950923628	7.995588640749932	15.357044389302455	0.0
8.0	64.23357664233576	11.348299132350915	9.613000964054539	14.805123261258778	0.0
9.0	14.517682675106647	60.01100866932709	10.705930920599972	14.765377734966286	0.0
10.0	16.267876787678766	7.191969196919692	8.608360836083609	67.93179317931794	0.0
11.0	13.30861145447054	12.237330037082819	8.899876390605685	65.55418211784095	0.0
12.0	13.623903508771928	9.457236842105262	8.867872807017543	68.05098684210526	0.0
13.0	13.90556768558952	59.63427947598253	8.815502183406114	17.644650655021834	0.0
14.0	14.984334559324342	9.807928075194114	61.108840757390006	14.098896608091541	0.0
15.0	61.277634612776346	11.37935711379357	12.288078122880782	15.0549301505493	0.0
16.0	12.66576454668471	9.959404600811908	11.637347767253045	65.73748308525033	0.0
17.0	15.23912456092948	59.57849229937855	10.672791137530398	14.509592002161579	0.0
18.0	13.72654879200972	11.094614657848563	12.17438250776083	63.004454042380885	0.0
19.0	16.078167115902964	59.555256064690035	8.881401617250674	15.485175202156334	0.0
20.0	14.293397875487427	11.308323248621756	9.439290036304962	64.95898883958586	0.0
21.0	13.119807022246047	10.734387563655856	12.664165103189493	63.4816403109086	0.0
22.0	15.096359743040685	8.404710920770878	58.592077087794436	17.906852248394003	0.0
23.0	13.613265579031827	8.972987429794063	11.727734688419364	65.68601230275475	0.0
24.0	62.99265197060788	10.487641950567802	10.647962591850368	15.871743486973946	0.0
25.0	14.073975163573241	8.906396047536386	57.95166243824276	19.067966350647616	0.0
26.0	64.12753468516541	8.95144076840982	9.378335112059766	17.542689434364995	0.0
27.0	12.84990669154892	13.036523593708344	8.890962410023993	65.22260730471874	0.0
28.0	12.8529568460309	58.88385721896644	9.416622269579115	18.84656366542355	0.0
29.0	16.342826723449562	8.756986957678999	9.914825658770296	64.98536066010115	0.0
30.0	17.008797653958943	10.463876299653425	57.104772060783795	15.422553985603841	0.0
31.0	15.56774107262271	9.92376621639695	7.757121840310285	66.75137087067006	0.0
32.0	14.05114401076716	9.676985195154778	9.730820995962315	66.54104979811575	0.0
33.0	15.51654287643484	59.00067521944632	10.141796083727211	15.340985820391628	0.0
34.0	16.80205794746818	10.479285134037369	9.788789601949635	62.929867316544815	0.0
35.0	13.640690874473005	59.309125526995786	9.111927104583163	17.93825649394805	0.0
36.0	14.603217889282794	11.480774475047722	8.999181892555223	64.91682574311426	0.0
37.0	63.51258423875671	10.961353321413835	8.733324164489066	16.792738275340394	0.0
38.0	63.725355025506694	11.733075968564732	8.713635736936439	15.827933268992142	0.0
39.0	64.38431805632247	10.505245720596355	6.819436775262286	18.290999447818884	0.0
40.0	14.075104311543809	55.493741307371344	11.321279554937414	19.109874826147426	0.0
41.0	13.899280575539569	7.366906474820143	62.73381294964029	16.0	0.0
42.0	66.46905725853094	7.620011567379989	10.121457489878543	15.789473684210526	0.0
43.0	66.06042827808741	9.25491346435905	9.225579348782635	15.459078908770902	0.0
44.0	15.106320141760188	59.4949793266391	8.41701122268163	16.98168930891908	0.0
45.0	21.773863170831625	10.569438754608768	12.371978697255223	55.284719377304384	0.0
46.0	26.56826568265683	16.526093832366897	15.972588297311544	40.93305218766473	0.0
47.0	30.462475768485188	14.372749930767101	17.557463306563278	37.60731099418443	0.0
48.0	26.380368098159508	22.26993865030675	17.177914110429448	34.171779141104295	0.0
49.0	28.113440197287296	19.91368680641184	19.88286066584464	32.090012330456226	0.0
50.0	26.346749226006196	24.860681114551085	18.885448916408667	29.907120743034056	0.0
51.0	30.239056193728658	16.827072337783296	17.230673703818688	35.70319776466936	0.0
52.0	28.30423940149626	19.233167082294266	17.612219451371573	34.85037406483791	0.0
53.0	34.395501405810684	18.431740081224618	19.400187441424556	27.772571071540142	0.0
54.0	31.572327044025155	21.540880503144656	18.238993710691823	28.647798742138363	0.0
55.0	32.722678458622866	18.85660138976627	18.31964624131396	30.101073910296904	0.0
56.0	30.231085786641344	20.639442861665085	19.34156378600823	29.787907565685344	0.0
57.0	34.278432621854094	14.84549219496655	19.815227779547627	31.06084740363173	0.0
58.0	28.30739299610895	21.69260700389105	18.579766536964982	31.420233463035018	0.0
59.0	29.6260162601626	20.520325203252032	19.83739837398374	30.016260162601625	0.0
60.0	27.55468494939602	19.19686581782566	20.30688867123735	32.941560561540975	0.0
61.0	29.74828375286041	17.881660673422687	21.77182085648905	30.59823471722785	0.0
62.0	27.86885245901639	19.114754098360656	25.049180327868854	27.967213114754095	0.0
63.0	32.44488318525831	18.49292530437644	19.41428101349128	29.64791049687397	0.0
64.0	31.31849883759548	20.192627034207906	19.993357688475587	28.495516439721026	0.0
65.0	29.38435940099834	17.73710482529118	21.231281198003327	31.647254575707155	0.0
66.0	28.70556673373575	16.599597585513077	24.949698189134807	29.745137491616365	0.0
67.0	27.443735303997315	17.46724890829694	20.322472287537792	34.766543500167955	0.0
68.0	27.370907863651706	20.283496456294298	19.50725615929801	32.83833952075599	0.0
69.0	24.074702886247877	20.64516129032258	23.769100169779286	31.511035653650254	0.0
70.0	26.168543159331286	23.609689525759126	18.93551688843398	31.286250426475604	0.0
71.0	28.990450204638474	20.361527967257846	20.702592087312414	29.94542974079127	0.0
72.0	27.720739219712527	18.754277891854894	19.50718685831622	34.01779603011636	0.0
73.0	26.9852182880715	21.244413887933998	19.972499140598142	31.79786868339636	0.0
74.0	29.38322938322938	16.562716562716563	20.963270963270965	33.09078309078309	0.0
75.0	29.094076655052266	18.850174216027874	24.84320557491289	27.212543554006967	0.0
76.0	27.161358067903397	24.18620931046552	17.67588379418971	30.976548827441373	0.0
77.0	29.444834855938158	19.922698524244552	20.590302178496135	30.04216444132115	0.0
78.0	28.854314002828858	21.746817538896746	21.463932107496465	27.934936350777935	0.0
79.0	29.701916252661466	19.26898509581263	17.955997161107167	33.073101490418736	0.0
80.0	31.505873976504095	18.476326094695622	20.50551797792809	29.5122819508722	0.0
81.0	26.946758420862004	17.27634914885911	19.232162260050707	36.54473017022818	0.0
82.0	30.09814612868048	17.448200654307524	22.2828062522719	30.170846964740093	0.0
83.0	28.082939250636596	17.133503092033468	22.262640960349216	32.52091669698072	0.0
84.0	27.93791574279379	19.475240206947525	21.766444937176644	30.820399113082043	0.0
85.0	32.70300333704116	18.094178717093065	20.467185761957733	28.735632183908045	0.0
86.0	30.846325167037865	18.151447661469934	21.93763919821826	29.06458797327394	0.0
87.0	31.215161649944257	18.914901523597173	21.92493496841323	27.945001858045337	0.0
88.0	33.9531424321309	17.664559315730756	18.891781331349943	29.490516920788394	0.0
89.0	30.16759776536313	17.169459962756054	18.472998137802605	34.18994413407821	0.0
90.0	29.608938547486037	17.728119180633147	20.37243947858473	32.29050279329609	0.0
91.0	29.854640327991056	20.909429742825196	17.07044353335818	32.16548639582557	0.0
92.0	28.96603210153042	19.372900335946248	18.290406868234417	33.370660694288915	0.0
93.0	32.172284644194754	18.726591760299627	17.528089887640448	31.573033707865168	0.0
94.0	29.310344827586203	17.65367316341829	19.302848575712144	33.733133433283356	0.0
95.0	29.77844536237326	17.311303041682315	18.926023282012768	33.98422831393166	0.0
96.0	28.549962434259957	17.580766341096922	20.848985725018782	33.02028549962434	0.0
97.0	30.02257336343115	17.98344620015049	18.623024830699777	33.370955605718585	0.0
98.0	31.00716710675217	19.91701244813278	18.370426254243682	30.70539419087137	0.0
99.0	30.777945619335345	18.013595166163142	20.128398791540786	31.080060422960727	0.0
100.0	31.257121154576527	15.077857956703381	19.103684010634257	34.56133687808583	0.0
101.0	30.830792682926827	18.978658536585368	19.664634146341463	30.52591463414634	0.0
102.0	31.649445082280902	15.729047072330655	21.20168388825105	31.41982395713739	0.0
103.0	27.506723011909333	18.32500960430273	21.744141375336152	32.424126008451786	0.0
104.0	28.345545699961434	18.588507520246818	21.056691091399923	32.009255688391825	0.0
105.0	29.51200619674671	19.79085979860573	18.47405112316034	32.22308288148722	0.0
106.0	32.2568093385214	17.704280155642024	18.40466926070039	31.634241245136185	0.0
107.0	30.694227769110764	20.00780031201248	18.681747269890796	30.616224648985956	0.0
108.0	33.5812133072407	18.356164383561644	17.26027397260274	30.802348336594914	0.0
109.0	28.459427675421406	20.697765582124656	19.835358682869465	31.007448059584476	0.0
110.0	26.20173364854216	19.46414499605989	19.70055161544523	34.63356973995272	0.0
111.0	29.453681710213775	17.933491686460805	19.67537608867775	32.937450514647665	0.0
112.0	27.243844320889593	19.976171564733917	21.76330420969023	31.016679904686256	0.0
113.0	29.582504970178924	18.926441351888666	20.238568588469185	31.25248508946322	0.0
114.0	30.60654429369513	16.0415003990423	21.189146049481245	32.162809257781326	0.0
115.0	26.991150442477874	19.10699919549477	20.474658085277557	33.4271922767498	0.0
116.0	28.715670436187402	18.093699515347332	18.861066235864296	34.32956381260097	0.0
117.0	30.489284270117267	18.560452891225232	19.32875050545896	31.62151233319854	0.0
118.0	29.225780299959464	17.511147142278073	20.997162545601945	32.26591001216052	0.0
119.0	23.629719853836782	21.193666260657736	27.446203816483962	27.730410069021517	0.0
120.0	26.672104404567698	22.02283849918434	23.205546492659053	28.099510603588907	0.0
121.0	30.70318887980376	18.806214227309894	19.133278822567455	31.35731807031889	0.0
122.0	30.636550308008214	17.987679671457908	21.31416837782341	30.06160164271047	0.0
123.0	33.81383855024712	17.58649093904448	18.080724876441515	30.518945634266885	0.0
124.0	29.462809917355372	20.123966942148762	20.24793388429752	30.165289256198346	0.0
125.0	27.807708246995443	18.856195607128058	19.394944053046	33.9411520928305	0.0
126.0	29.933388842631143	19.150707743547045	18.984179850124896	31.931723563696917	0.0
127.0	28.452231956612433	20.317062995410932	22.528160200250312	28.702544847726326	0.0
128.0	32.49686323713927	17.39857800083647	19.573400250941027	30.531158511083227	0.0
129.0	29.128248113998325	20.1173512154233	17.015926236378874	33.738474434199496	0.0
130.0	29.537815126050422	19.2436974789916	17.352941176470587	33.865546218487395	0.0
131.0	30.918281381634372	20.30328559393429	18.57624262847515	30.20219039595619	0.0
132.0	29.771959459459456	19.552364864864867	22.339527027027025	28.336148648648653	0.0
133.0	30.39423484527342	21.068249258160236	19.07587961000424	29.461636286562104	0.0
134.0	25.72525597269625	20.349829351535835	20.392491467576793	33.532423208191126	0.0
135.0	27.18321917808219	17.208904109589042	21.83219178082192	33.77568493150685	0.0
136.0	25.139425139425136	19.176319176319176	20.97812097812098	34.706134706134705	0.0
137.0	29.36371453138435	16.50902837489252	20.378331900257955	33.748925193465176	0.0
138.0	30.185424752048295	18.844329452350152	18.758085381630014	32.21216041397154	0.0
139.0	28.84948096885813	19.074394463667822	18.9878892733564	33.088235294117645	0.0
140.0	29.322328410078192	18.201563857515204	18.375325803649	34.1007819287576	0.0
141.0	31.895424836601304	17.86492374727669	20.566448801742922	29.673202614379086	0.0
142.0	30.839895013123357	15.616797900262466	19.9912510936133	33.55205599300087	0.0
143.0	33.06982872200264	19.148001756697408	18.31357048748353	29.468599033816425	0.0
144.0	30.962897526501763	17.800353356890458	18.860424028268554	32.37632508833922	0.0
145.0	29.059449866903282	17.968056787932564	20.097604259094943	32.87488908606921	0.0
146.0	29.959875167186805	19.170753455193935	19.572001783325906	31.297369594293357	0.0
147.0	28.90380313199105	19.552572706935123	18.120805369127517	33.422818791946305	0.0
148.0	27.489860297431274	20.549797205948625	18.74718341595313	33.21315908066696	0.0
149.0	32.368896925858955	19.89150090415913	17.224231464737795	30.51537070524412	0.0
150.0	27.153218495013597	19.265639165911153	19.12964641885766	34.45149592021759	0.0
151.0	29.014598540145986	19.114963503649633	21.16788321167883	30.702554744525546	0.0
152.0	28.15934065934066	18.36080586080586	17.261904761904763	36.217948717948715	0.0
153.0	30.289123451124368	19.963285910968334	18.95364846259752	30.793942175309773	0.0
154.0	32.48847926267281	17.1889400921659	19.262672811059907	31.05990783410138	0.0
155.0	30.282015718908923	20.943134535367545	17.15210355987055	31.622746185852986	0.0
156.0	31.659693165969315	15.109251510925152	19.618781961878195	33.61227336122734	0.0
157.0	30.686595049042502	16.8612797758057	20.364315740308268	32.08780943484353	0.0
158.0	28.129395218002813	21.518987341772153	17.862165963431785	32.48945147679325	0.0
159.0	34.227871939736346	13.653483992467045	20.33898305084746	31.779661016949152	0.0
160.0	26.25592417061611	21.421800947867297	21.61137440758294	30.71090047393365	0.0
161.0	29.21830314585319	18.255481410867493	22.545281220209723	29.98093422306959	0.0
162.0	31.366906474820144	17.88968824940048	21.05515587529976	29.688249400479616	0.0
163.0	30.587668593448942	18.015414258188827	16.8111753371869	34.58574181117534	0.0
164.0	30.468372766779332	15.64461612747465	21.245774987928538	32.64123611781748	0.0
165.0	29.888403687530325	17.709849587578848	22.173702086365843	30.228044638524988	0.0
166.0	26.510721247563353	20.419103313840157	20.760233918128655	32.30994152046784	0.0
167.0	26.715686274509803	20.294117647058822	23.92156862745098	29.068627450980394	0.0
168.0	27.95275590551181	19.19291338582677	18.996062992125985	33.85826771653544	0.0
169.0	28.098765432098766	18.271604938271604	20.88888888888889	32.74074074074074	0.0
170.0	30.104321907600596	16.939890710382514	18.877297565822158	34.07848981619473	0.0
171.0	29.875311720698257	18.703241895261847	17.75561097256858	33.66583541147132	0.0
172.0	27.797290516808832	22.478675363773206	17.31058705469142	32.41344706472654	0.0
173.0	29.0176322418136	17.178841309823678	20.1007556675063	33.702770780856426	0.0
174.0	30.41940373926225	19.55533097524002	17.584638706417383	32.440626579080345	0.0
175.0	26.43619725470259	19.013726487036095	21.098118962887646	33.45195729537366	0.0
176.0	30.276639344262296	18.852459016393443	18.442622950819672	32.42827868852459	0.0
177.0	29.042224510813597	23.68692070030896	18.28012358393409	28.99073120494336	0.0
178.0	29.417879417879416	20.686070686070686	18.97089397089397	30.925155925155924	0.0
179.0	25.732217573221757	18.985355648535567	24.320083682008367	30.962343096234306	0.0
180.0	30.121116377040547	15.850447604002108	20.95839915745129	33.07003686150606	0.0
181.0	28.49576271186441	20.07415254237288	19.597457627118644	31.83262711864407	0.0
182.0	30.650319829424305	19.34968017057569	19.776119402985074	30.223880597014922	0.0
183.0	29.721030042918457	20.869098712446352	20.65450643776824	28.75536480686695	0.0
184.0	29.475392103839916	20.010816657652786	19.68631692806923	30.827474310438074	0.0
185.0	26.804123711340207	20.564297341291375	22.951709169831798	29.679869777536627	0.0
186.0	31.154684095860567	18.681917211328976	21.405228758169933	28.75816993464052	0.0
187.0	30.65934065934066	22.142857142857142	18.24175824175824	28.95604395604396	0.0
188.0	29.91120976692564	19.644839067702552	19.97780244173141	30.4661487236404	0.0
189.0	30.42016806722689	18.599439775910366	19.77591036414566	31.204481792717086	0.0
190.0	28.983050847457626	17.853107344632768	19.26553672316384	33.89830508474576	0.0
191.0	25.681818181818183	19.943181818181817	20.34090909090909	34.03409090909091	0.0
192.0	30.342857142857145	20.057142857142857	20.57142857142857	29.028571428571425	0.0
193.0	30.17888055395268	17.59953837276399	20.657818811309866	31.563762261973455	0.0
194.0	27.367809413131898	21.731551423590936	22.60313771063335	28.297501452643814	0.0
195.0	27.699530516431924	19.600938967136152	21.009389671361504	31.690140845070424	0.0
196.0	29.25531914893617	19.030732860520093	20.921985815602838	30.791962174940895	0.0
197.0	29.061371841155236	20.637785800240675	21.239470517448858	29.061371841155236	0.0
198.0	28.783199505867817	23.162445954292775	20.38295243977764	27.671402100061766	0.0
199.0	28.321451717433572	24.303305249513933	20.609202851587817	26.76604018146468	0.0
200.0	28.18181818181818	15.151515151515152	19.848484848484848	36.81818181818181	0.0
201.0	29.698857736240914	20.041536863966773	17.341640706126686	32.91796469366563	0.0
202.0	37.578288100208766	17.014613778705638	18.580375782881003	26.826722338204593	0.0
203.0	33.22851153039832	16.9811320754717	20.545073375262053	29.245283018867923	0.0
204.0	33.33333333333333	18.941798941798943	23.49206349206349	24.232804232804234	0.0
205.0	34.8936170212766	15.851063829787234	24.25531914893617	25.0	0.0
206.0	31.049250535331907	21.841541755888652	19.48608137044968	27.62312633832976	0.0
207.0	27.664155005382128	23.78902045209903	16.79224973089343	31.754574811625403	0.0
208.0	29.75027144408252	16.178067318132463	20.30401737242128	33.76764386536373	0.0
209.0	21.99124726477024	22.64770240700219	20.568927789934357	34.79212253829322	0.0
210.0	25.11013215859031	19.383259911894275	17.51101321585903	37.99559471365639	0.0
211.0	30.718232044198896	19.66850828729282	18.011049723756905	31.60220994475138	0.0
212.0	28.06236080178174	16.035634743875278	22.160356347438753	33.74164810690423	0.0
213.0	27.3542600896861	20.739910313901344	20.067264573991032	31.838565022421523	0.0
214.0	29.133858267716533	24.9718785151856	18.222722159730033	27.671541057367826	0.0
215.0	26.27406568516421	25.481313703284258	16.08154020385051	32.16308040770102	0.0
216.0	29.498861047835987	18.109339407744876	17.312072892938495	35.079726651480634	0.0
217.0	26.843317972350228	18.663594470046082	24.42396313364055	30.069124423963135	0.0
218.0	25.207100591715975	19.526627218934912	20.710059171597635	34.55621301775148	0.0
219.0	20.496083550913838	21.671018276762403	24.934725848563968	32.89817232375979	0.0
220.0	0.0	31.83673469387755	28.163265306122447	40.0	0.0
