# Position (bp)	A	C	G	T	N
0.0	31.59640905542545	18.110850897736146	19.12568306010929	31.16705698672912	0.0
1.0	24.063231850117095	24.492583918813427	23.829039812646368	27.615144418423103	0.0
2.0	29.634667703070345	20.015546055188498	19.782355227361055	30.5674310143801	0.0
3.0	32.86129970902037	20.11639185257032	18.254122211445196	28.76818622696411	0.0
4.0	31.96975571927104	18.321054672353625	19.523070957735555	30.18611865063978	0.0
5.0	30.1937984496124	20.63953488372093	18.6046511627907	30.562015503875966	0.0
6.0	30.304204611509398	20.286766130594845	20.228637860879676	29.18039139701608	0.0
7.0	31.493317838466005	19.852798760410614	19.174898314933177	29.4789850861902	0.0
8.0	31.254841208365608	20.13942680092951	19.539116963594115	29.066615027110764	0.0
9.0	26.771196283391408	21.680216802168022	17.653890824622533	33.89469608981804	0.0
10.0	27.216415021293074	16.56987998451413	19.938056523422375	36.27564847077042	0.0
11.0	25.97754548974061	19.57026713124274	19.938056523422375	34.514130855594274	0.0
12.0	26.132404181184672	19.202477739063106	19.31862175764615	35.34649632210608	0.0
13.0	28.928018575851393	21.594427244582043	18.653250773993808	30.824303405572756	0.0
14.0	27.360681114551085	19.71749226006192	22.774767801857585	30.14705882352941	0.0
15.0	28.104448742746612	20.13539651837524	21.1605415860735	30.599613152804643	0.0
16.0	27.48017791529685	19.31928060336492	19.957455037710307	33.243086443627924	0.0
17.0	29.23999226455231	19.62869851092632	20.34422742216206	30.78708180235931	0.0
18.0	27.22877586540321	21.04041771417521	20.034809514600656	31.695996905820923	0.0
19.0	26.59965203943553	22.63676783297893	20.104388169340808	30.65919195824473	0.0
20.0	27.058368766911478	20.37108620023193	19.868573637417857	32.70197139543873	0.0
21.0	25.289799072642964	19.629057187017	20.15069551777434	34.93044822256569	0.0
22.0	28.51072049449488	18.48560942630867	20.610392118987832	32.393277960208614	0.0
23.0	26.78640401699498	20.81884897643878	18.53997682502897	33.854770181537276	0.0
24.0	30.030899961375045	18.906913866357666	16.705291618385477	34.35689455388181	0.0
25.0	27.28325931647036	18.594323228422475	18.22745703803823	35.89496041706893	0.0
26.0	32.5738559567484	18.324000772349873	16.95307974512454	32.14906352577718	0.0
27.0	26.89708437922379	19.984553002510136	17.223402201197143	35.89496041706893	0.0
28.0	28.58521520941903	19.513607411696583	16.30959274271376	35.59158463617062	0.0
29.0	29.35160169818603	16.113469702817447	17.232728676186802	37.30219992280973	0.0
30.0	30.29951690821256	17.66183574879227	19.36231884057971	32.67632850241546	0.0
31.0	30.62330623306233	16.51180797522261	17.150600077429345	35.714285714285715	0.0
32.0	28.55759922555663	18.39303000968054	19.399806389157792	33.64956437560503	0.0
33.0	28.283611003487017	21.173963580007747	18.44246416117784	32.09996125532739	0.0
34.0	31.56365045533811	15.888393722146871	18.659174578570045	33.88878124394497	0.0
35.0	29.998060888113244	19.604421175101802	19.429901105293776	30.967616831491178	0.0
36.0	29.177975959674292	17.913920124079098	18.224117875145403	34.6839860411012	0.0
37.0	31.336048089974796	19.274772154353307	18.731820826061664	30.65735892961024	0.0
38.0	31.108092373374735	19.115078594993207	18.202988550359013	31.573840481273045	0.0
39.0	31.450203843913805	18.171228887594644	17.608231411376433	32.77033585711512	0.0
40.0	27.819840807610174	19.18074160357212	19.0254319549602	33.9739856338575	0.0
41.0	27.28155339805825	16.03883495145631	24.388349514563107	32.29126213592233	0.0
42.0	32.71173271173271	16.627816627816628	19.444444444444446	31.216006216006214	0.0
43.0	31.888845705402254	18.247182277497085	18.558103381267006	31.305868635833654	0.0
44.0	29.865837060081663	21.154967917557848	17.363406572039665	31.615788450320824	0.0
45.0	32.69803454437165	16.65674012308914	17.748659916617036	32.896565415922176	0.0
46.0	30.307845084409134	15.213505461767626	20.973187686196624	33.50546176762661	0.0
47.0	32.8103277060576	16.365441906653427	19.68222442899702	31.142005958291957	0.0
48.0	29.598728645212553	18.81207787048073	19.626539531187923	31.962653953118792	0.0
49.0	30.286168521462635	18.56120826709062	18.879173290938	32.273449920508746	0.0
50.0	29.338103756708406	19.359968197177498	19.39972172530312	31.902206320810972	0.0
51.0	29.71576227390181	17.65056648777579	18.266746173722918	34.366925064599485	0.0
52.0	28.69928400954654	18.337311058074782	21.67859984089101	31.284805091487666	0.0
53.0	30.694251044360456	19.51462104634971	19.136662025064652	30.654465884225186	0.0
54.0	30.827366746221163	20.12728719172633	17.780429594272075	31.26491646778043	0.0
55.0	29.73940720111398	16.351700815595784	18.440421722697433	35.4684702605928	0.0
56.0	27.99442896935933	18.881814564265817	20.194986072423397	32.92877039395145	0.0
57.0	29.731343283582092	18.865671641791046	19.64179104477612	31.76119402985075	0.0
58.0	29.074626865671643	20.676616915422883	18.26865671641791	31.980099502487562	0.0
59.0	29.23964968152866	18.2921974522293	20.461783439490446	32.00636942675159	0.0
60.0	30.34647550776583	17.8215850258861	19.255276782158504	32.576662684189564	0.0
61.0	28.70794346008362	18.236113876169618	21.521003384431616	31.53493927931515	0.0
62.0	29.94226557833964	20.00796336850488	20.127413896078043	29.922357157077446	0.0
63.0	29.100318471337577	19.287420382165603	20.601114649681527	31.011146496815282	0.0
64.0	27.26548496315475	19.737104162517426	20.474009161521607	32.52340171280622	0.0
65.0	29.143426294820717	19.52191235059761	20.179282868525895	31.155378486055778	0.0
66.0	30.856573705179287	18.784860557768923	19.9402390438247	30.418326693227094	0.0
67.0	30.191311279394178	19.788760462335592	18.413710641689917	31.606217616580313	0.0
68.0	27.05718270571827	21.27913927077107	19.764893405060768	31.898784618449888	0.0
69.0	29.203187250996017	21.095617529880478	19.103585657370516	30.597609561752986	0.0
70.0	29.647340107591152	20.06375772066149	18.5694361426579	31.71946602908946	0.0
71.0	28.218413710641688	22.040653646871263	20.486249501793544	29.254683140693505	0.0
72.0	27.93941809485851	19.629334396173775	21.42287764049422	31.008369868473494	0.0
73.0	28.935831008369867	17.5966520526106	21.024312475089676	32.44320446392985	0.0
74.0	29.525518341307816	17.862838915470494	21.13237639553429	31.4792663476874	0.0
75.0	30.468594217347956	20.099700897308075	21.23629112662014	28.19541375872383	0.0
76.0	31.119090365050866	19.68880909634949	18.950728106922003	30.24137243167764	0.0
77.0	30.951905807224104	20.05587707044502	18.89842346836959	30.09379365396129	0.0
78.0	28.942115768463072	16.746506986027946	22.355289421157686	31.956087824351297	0.0
79.0	28.303393213572853	20.23952095808383	18.742514970059883	32.71457085828343	0.0
80.0	30.359281437125745	17.744510978043913	20.019960079840317	31.87624750499002	0.0
81.0	28.483033932135726	18.22355289421158	20.179640718562876	33.113772455089816	0.0
82.0	31.87624750499002	15.848303393213573	20.838323353293415	31.437125748502993	0.0
83.0	30.413091199361403	16.42386749151866	21.213330672520456	31.949710636599484	0.0
84.0	28.982035928143713	16.806387225548903	20.35928143712575	33.852295409181636	0.0
85.0	29.58083832335329	16.986027944111775	20.37924151696607	33.053892215568865	0.0
86.0	30.42523457776003	19.14553803154322	19.26532241964464	31.16390497105211	0.0
87.0	31.98243162307846	16.749850269514873	20.303453783190257	30.964264324216412	0.0
88.0	31.543222200039928	17.30884408065482	18.626472349770413	32.52146136953484	0.0
89.0	31.309904153354633	15.694888178913738	18.78993610223642	34.20527156549521	0.0
90.0	30.551118210862622	16.89297124600639	19.488817891373802	33.06709265175719	0.0
91.0	31.369808306709263	17.931309904153355	16.273961661341854	34.42492012779553	0.0
92.0	30.85680047932894	16.996205312562413	18.633912522468542	33.5130816856401	0.0
93.0	31.6956261234272	17.275813860595164	20.55122828040743	30.4773317355702	0.0
94.0	30.836828440183744	16.676652686239265	18.893549031356102	33.592969842220896	0.0
95.0	31.57579388855602	15.418414220091872	19.672458558018775	33.33333333333333	0.0
96.0	29.03934491711604	17.73517076093469	19.552626323147592	33.672857998801675	0.0
97.0	30.137807070101857	17.195925704014382	18.194527661274215	34.47173956460955	0.0
98.0	29.718394248052725	19.39285000998602	19.233073696824444	31.655682045136807	0.0
99.0	29.079288995406433	19.57259836229279	18.733772718194526	32.61433992410625	0.0
100.0	32.121454254894125	17.518977227327206	18.477826608070316	31.88174190970835	0.0
101.0	30.3236116660008	20.455453455852975	20.175789053136235	29.04514582500999	0.0
102.0	29.631852741096438	19.447779111644657	19.287715086034414	31.63265306122449	0.0
103.0	28.765753150630125	20.444088817763554	20.164032806561313	30.62612522504501	0.0
104.0	28.671468587434973	17.867146858743496	20.028011204481793	33.43337334933973	0.0
105.0	28.891556622649063	19.5078031212485	18.76750700280112	32.83313325330132	0.0
106.0	32.297514033680834	19.74739374498797	18.404170008019246	29.55092221331195	0.0
107.0	31.788079470198678	21.07164358819988	18.282159341761993	28.858117599839456	0.0
108.0	32.57727820152549	17.824167001204337	18.305901244480125	31.292653552790046	0.0
109.0	28.734939759036145	19.29718875502008	18.453815261044177	33.5140562248996	0.0
110.0	28.158264711789517	19.06005221932115	19.039967865033137	33.741715203856195	0.0
111.0	31.522832428082882	18.909676121504727	18.990142828404746	30.577348622007644	0.0
112.0	27.398913699456852	19.452826393079864	19.85515992757996	33.29309997988332	0.0
113.0	29.468599033816425	17.371175523349436	20.26972624798712	32.890499194847024	0.0
114.0	30.78936770036246	16.995569875151027	19.432138542086186	32.782923882400326	0.0
115.0	27.446637132501007	19.895287958115183	16.814337494965766	35.843737414418044	0.0
116.0	28.545527800161157	18.31184528605963	18.835616438356166	34.30701047542304	0.0
117.0	30.828128148297402	18.335684062059237	18.154342131775138	32.68184565786822	0.0
118.0	29.657258064516128	17.862903225806452	20.241935483870968	32.237903225806456	0.0
119.0	25.0	19.93951612903226	21.95564516129032	33.10483870967742	0.0
120.0	27.8886872353297	20.72998588425086	20.89130873159911	30.490018148820326	0.0
121.0	31.51735270379338	19.06779661016949	18.664245359160613	30.750605326876514	0.0
122.0	29.80827447023209	18.163471241170534	19.556004036326943	32.472250252270435	0.0
123.0	30.141414141414142	17.09090909090909	19.737373737373737	33.03030303030303	0.0
124.0	32.44390539721043	17.667273094804933	18.233272690519506	31.655548817465128	0.0
125.0	31.72260412454509	18.236959158916296	18.661544682571776	31.378892033966842	0.0
126.0	30.71789686552073	18.685540950455003	19.11021233569262	31.486349848331646	0.0
127.0	30.29935275080906	18.830906148867314	19.741100323624593	31.12864077669903	0.0
128.0	31.38922640745241	18.12474686107736	18.327257999189957	32.15876873228027	0.0
129.0	31.199351701782817	18.881685575364667	19.75283630470016	30.166126418152352	0.0
130.0	31.690997566909974	17.741281427412815	17.011354420113545	33.556366585563666	0.0
131.0	30.574152972205315	18.360722256035707	20.835869344694665	30.22925542706431	0.0
132.0	27.791311408850994	18.43280552172148	21.416971173365816	32.35891189606171	0.0
133.0	27.6751269035533	18.253807106598984	19.472081218274113	34.598984771573605	0.0
134.0	26.79804957334417	20.174725721251523	21.982933766761477	31.044290938642828	0.0
135.0	28.4349593495935	18.272357723577233	21.788617886178862	31.50406504065041	0.0
136.0	28.948973368570847	18.316731042894897	18.21508436674121	34.51921122179304	0.0
137.0	29.436877414108558	17.198617605204312	19.21122179304737	34.153283187639765	0.0
138.0	26.916039845497053	19.21122179304737	19.455173815816224	34.41756454563936	0.0
139.0	31.476209841398944	17.791785278568522	18.4017893452623	32.33021553477023	0.0
140.0	28.585961342828075	18.351983723296033	20.345879959308242	32.71617497456765	0.0
141.0	29.54822954822955	17.582417582417584	20.980870980870982	31.88848188848189	0.0
142.0	29.91853360488798	18.73727087576375	18.920570264765786	32.42362525458248	0.0
143.0	32.9938900203666	18.16700610997963	19.022403258655803	29.816700610997966	0.0
144.0	29.922543823889114	19.62902568283734	19.364044027721157	31.084386465552384	0.0
145.0	32.04892966360856	17.49235474006116	17.696228338430174	32.762487257900105	0.0
146.0	29.300142827994286	18.48602326055907	18.30238726790451	33.911446643542135	0.0
147.0	29.817734998976043	18.328896170387058	20.131066967028467	31.722301863608436	0.0
148.0	28.77918885702581	19.315854158131913	19.21343711593609	32.69151986890619	0.0
149.0	29.28878868620619	19.40971510555442	18.958803033408486	32.342693174830906	0.0
150.0	28.970045137464094	16.844480919162905	20.61961427985228	33.56585966352072	0.0
151.0	28.832341473424993	19.12579519802996	19.310486353375744	32.731376975169304	0.0
152.0	28.694581280788178	19.334975369458128	18.760262725779967	33.21018062397373	0.0
153.0	31.593011305241518	17.965056526207604	17.965056526207604	32.476875642343266	0.0
154.0	30.805785123966945	17.00413223140496	18.966942148760328	33.22314049586777	0.0
155.0	30.3080421749018	18.37916063675832	20.198470126111225	31.114327062228654	0.0
156.0	31.89904840711626	16.301199834505585	20.08688456764584	31.712867190732315	0.0
157.0	31.000207082211638	19.755642990267138	19.25864568233589	29.98550424518534	0.0
158.0	31.08947804473902	18.475559237779617	19.32477216238608	31.11019055509528	0.0
159.0	30.853709075839202	16.307501036054703	21.342726895980107	31.496062992125985	0.0
160.0	27.689119170984455	18.507772020725387	21.927461139896373	31.875647668393782	0.0
161.0	28.30188679245283	17.084801990462367	22.641509433962266	31.97180178312254	0.0
162.0	28.777128547579302	18.969115191986642	22.09933222036728	30.15442404006678	0.0
163.0	29.84763097474431	15.967438948027551	19.933208098518055	34.25172197871008	0.0
164.0	30.76923076923077	17.182274247491637	22.554347826086957	29.494147157190636	0.0
165.0	31.324544883866917	17.38857501569366	22.20129734254028	29.085582757899143	0.0
166.0	28.972158258321123	18.29600167469123	20.745237596818086	31.98660247016956	0.0
167.0	27.84650870203397	17.802474313273223	21.15747536171105	33.19354162298176	0.0
168.0	27.78360243237576	18.15894317466974	20.44453763891801	33.61291675403649	0.0
169.0	26.751993285774233	17.184221569450273	20.10071338648762	35.963071758287875	0.0
170.0	28.085642317380355	16.078925272879932	20.864819479429052	34.970612930310665	0.0
171.0	27.28036990332072	17.94871794871795	19.440941572089113	35.32997057587222	0.0
172.0	28.862728610468785	19.46605003153248	18.83540046247635	32.83582089552239	0.0
173.0	25.41517763296195	17.952491065797773	19.634223249947446	36.99810805129283	0.0
174.0	28.15267819485449	18.83171657528469	19.31674398987769	33.69886123998313	0.0
175.0	28.258118937157317	17.503163222269087	20.83509067903838	33.40362716153521	0.0
176.0	28.375527426160335	17.320675105485233	18.966244725738395	35.33755274261603	0.0
177.0	27.68743400211193	19.852164730728617	20.10559662090813	32.35480464625132	0.0
178.0	31.46661031276416	18.27979712595097	18.617920540997464	31.6356720202874	0.0
179.0	28.12103258569615	18.662716885315277	22.407955988150654	30.808294540837917	0.0
180.0	29.76921448232056	17.679441033241584	18.44166843108194	34.10967605335592	0.0
181.0	28.935627788400254	18.461865306989587	18.419375398342893	34.18313150626726	0.0
182.0	32.17853347502657	17.78958554729012	19.872476089266737	30.15940488841658	0.0
183.0	30.64001701041888	22.77269827769509	17.945991920051032	28.641292791835	0.0
184.0	31.396338867603234	20.625798212005108	17.369093231162196	30.608769689229458	0.0
185.0	31.059475591558304	21.5732253250906	20.272862929013	27.09443615433809	0.0
186.0	33.19803460798975	18.201239051484723	19.226660969878232	29.374065370647294	0.0
187.0	30.48990116029222	20.949720670391063	19.252256123764504	29.308122045552214	0.0
188.0	32.20812728445496	18.684153945388086	18.899161470651475	30.208557299505483	0.0
189.0	33.77070337707034	18.305011830501183	16.84233168423317	31.08195310819531	0.0
190.0	34.44492254733218	17.276247848537004	17.706540447504302	30.57228915662651	0.0
191.0	30.269106566200215	19.46178686759957	18.148546824542517	32.120559741657694	0.0
192.0	34.06546080964686	17.03273040482343	18.906115417743326	29.99569336778639	0.0
193.0	29.895788102475034	17.65089014329136	20.234476769431176	32.21884498480243	0.0
194.0	30.115242444009567	18.504022613611653	20.59143292020004	30.78930202217873	0.0
195.0	31.236395298215065	19.895515890291684	18.72006965607314	30.148019155420116	0.0
196.0	31.0239651416122	19.106753812636164	18.235294117647058	31.633986928104573	0.0
197.0	32.5850043591979	18.504795117698343	19.39843068875327	29.51176983435048	0.0
198.0	31.69029443838604	19.149400218102507	18.342420937840785	30.817884405670664	0.0
199.0	30.229007633587784	17.491821155943292	19.127589967284624	33.151581243184296	0.0
200.0	30.277232045404933	17.52892381576075	21.676489849377862	30.51735428945645	0.0
201.0	31.621503496503493	15.712412587412588	19.16520979020979	33.50087412587413	0.0
202.0	29.879781420765028	17.48633879781421	19.366120218579237	33.26775956284153	0.0
203.0	33.10736934178876	15.263503170785043	20.577301552591294	31.0518259348349	0.0
204.0	29.483814523184606	18.15398075240595	21.084864391951005	31.277340332458444	0.0
205.0	31.713722915298753	15.298752462245568	21.864740643466842	31.12278397898884	0.0
206.0	30.02410694718387	17.18167872014026	20.578566732412888	32.21564760026298	0.0
207.0	29.872695346795435	17.603160667251974	19.468832309043023	33.05531167690957	0.0
208.0	28.191021126760564	17.451584507042252	21.830985915492956	32.526408450704224	0.0
209.0	30.103501431402773	17.28694120237833	19.64325038537767	32.966306980841225	0.0
210.0	29.953713907868636	17.36830504738814	20.608331496583645	32.06964954815958	0.0
211.0	29.276895943562607	16.843033509700174	21.847442680776012	32.0326278659612	0.0
212.0	29.037952338923212	16.593115622241836	22.969991173874668	31.398940864960284	0.0
213.0	30.23409893992933	18.551236749116608	19.390459363957596	31.824204946996463	0.0
214.0	28.751381215469614	20.044198895027623	19.97790055248619	31.226519337016573	0.0
215.0	31.608051316080516	19.110816191108164	19.99557619995576	29.285556292855563	0.0
216.0	33.61381753764393	17.404782993799824	19.66341895482728	29.317980513728966	0.0
217.0	29.499113475177307	18.772163120567377	19.259751773049647	32.468971631205676	0.0
218.0	27.740790057700842	18.708388814913448	20.03994673768309	33.510874389702614	0.0
219.0	28.37777777777778	18.8	21.955555555555556	30.866666666666664	0.0
220.0	31.087391594396262	17.433844785412496	20.769401823437846	30.70936179675339	0.0
221.0	30.425105720008904	19.296683730247054	18.473180503004674	31.805030046739375	0.0
222.0	30.577223088923557	18.587029195453532	19.61221305995097	31.22353465567194	0.0
223.0	32.91675965186342	17.763891988395446	17.942423566168266	31.376924793572865	0.0
224.0	35.077129443326626	16.700201207243463	19.114688128772634	29.107981220657276	0.0
225.0	35.29543419874665	17.97224709042077	19.001790510295436	27.73052820053715	0.0
226.0	32.130044843049326	18.946188340807176	18.318385650224215	30.605381165919283	0.0
227.0	31.22334455667789	16.58810325476992	18.608305274971944	33.58024691358025	0.0
228.0	29.896675651392634	17.99191374663073	19.654088050314467	32.45732255166217	0.0
229.0	30.308489079036256	19.815356901598737	17.788786309389774	32.087367709975226	0.0
230.0	29.31972789115646	21.31519274376417	17.369614512471657	31.995464852607707	0.0
231.0	28.649262202043136	21.13507377979569	18.070374574347333	32.145289443813844	0.0
232.0	29.211184360081837	16.54921573084792	18.572402818822457	35.66719709024778	0.0
233.0	28.483466362599774	18.358038768529074	19.817559863169897	33.340935005701255	0.0
234.0	26.59817351598174	19.041095890410958	21.552511415525114	32.80821917808219	0.0
235.0	26.713893967093238	18.875685557586838	21.09232175502742	33.318098720292504	0.0
236.0	28.021978021978022	17.07875457875458	23.054029304029307	31.845238095238095	0.0
237.0	27.867715078630894	18.408880666049953	20.952821461609624	32.77058279370953	0.0
238.0	30.12968967114405	15.910143584993053	19.68503937007874	34.27512737378416	0.0
239.0	26.92664809656453	17.64159702878366	20.10213556174559	35.32961931290622	0.0
240.0	27.731287773128777	14.760576476057647	21.05997210599721	36.44816364481637	0.0
241.0	26.320710612435715	16.97054698457223	23.305282842449742	33.40345956054231	0.0
242.0	28.106716592557923	16.756377252515797	21.787970980575707	33.34893517435057	0.0
243.0	27.23203769140165	16.113074204946997	22.497055359246172	34.157832744405184	0.0
244.0	27.157001414427157	16.148043375766147	20.627062706270628	36.06789250353607	0.0
245.0	28.878394332939788	16.95395513577332	20.755608028335303	33.41204250295159	0.0
246.0	28.43299456393288	15.69368943512172	20.9170408886788	34.9562751122666	0.0
247.0	27.66863905325444	17.940828402366865	21.70414201183432	32.68639053254438	0.0
248.0	26.925811803744963	16.852334676463617	22.96752785020147	33.25432566958995	0.0
249.0	27.913600759553763	19.178732494659386	19.344884880132923	33.56278186565393	0.0
250.0	27.00452058053771	17.939566975969544	20.866048060908874	34.18986438258387	0.0
251.0	27.389749702026222	18.02145411203814	20.59594755661502	33.99284862932062	0.0
252.0	29.116658665386463	19.70715314450312	20.115218434949593	31.060969755160826	0.0
253.0	30.896850204376054	15.917287809569608	19.04303919211349	34.14282279394085	0.0
254.0	29.734939759036145	17.542168674698797	20.722891566265062	32.0	0.0
255.0	29.7029702970297	18.763583675440714	18.64283989374547	32.89060613378411	0.0
256.0	28.371750858263855	19.396763119176068	19.077979401667484	33.15350662089259	0.0
257.0	30.157170923379173	18.05009823182711	16.55206286836935	35.24066797642436	0.0
258.0	29.91389913899139	18.79458794587946	19.23739237392374	32.054120541205414	0.0
259.0	30.972359328726558	18.410661401776903	17.20138203356367	33.41559723593287	0.0
260.0	30.87580405739733	18.97575457694211	16.006927263730827	34.14151410192974	0.0
261.0	31.36182902584493	18.041749502982107	19.40854870775348	31.187872763419485	0.0
262.0	31.167537963654468	16.35548917102315	20.48792631316903	31.98904655215335	0.0
263.0	30.86512091747694	20.219396659187236	17.975567190226876	30.939915233108948	0.0
264.0	29.9800299550674	19.296055916125813	19.495756365451822	31.228157763354968	0.0
265.0	30.15753938484621	19.679919979995	18.104526131532882	32.05801450362591	0.0
266.0	32.43920782150915	17.573326648282777	19.804462271245924	30.18300325896214	0.0
267.0	30.047774704551166	18.38068896152879	20.015086748805633	31.55644958511441	0.0
268.0	32.00705112062453	16.217577436414	20.624527826743893	31.15084361621758	0.0
269.0	31.161616161616163	19.772727272727273	19.747474747474747	29.318181818181817	0.0
270.0	31.73150266971777	20.111873887617595	17.34045258072718	30.816170861937454	0.0
271.0	32.14558411809621	19.52150674471876	17.816238228556884	30.51667090862815	0.0
272.0	31.08108108108108	17.69505354411015	17.41458439571647	33.8092809790923	0.0
273.0	30.92071611253197	16.930946291560105	18.465473145780052	33.68286445012787	0.0
274.0	31.530376826454752	18.68751602153294	19.302742886439376	30.47936426557293	0.0
275.0	29.251350656032933	18.93491124260355	20.27270388474402	31.5410342166195	0.0
276.0	31.514679137438296	18.965965185762535	20.031176929072487	29.488178747726685	0.0
277.0	27.944633063463044	20.47531992687386	20.005223295899714	31.574823713763383	0.0
278.0	26.38888888888889	20.49266247379455	22.353249475890983	30.765199161425578	0.0
279.0	30.749014454664913	19.7634691195795	19.02759526938239	30.45992115637319	0.0
280.0	30.065876152832676	20.737812911725957	19.78919631093544	29.40711462450593	0.0
281.0	29.615894039735096	18.41059602649007	21.324503311258276	30.649006622516556	0.0
282.0	30.09037745879851	19.11217437533227	22.22222222222222	28.575225943647	0.0
283.0	28.453112476623026	20.518300828212663	21.293080416777986	29.73550627838632	0.0
284.0	27.48443000270783	20.037909558624424	21.391822366639587	31.08583807202816	0.0
285.0	28.023919543354168	19.026909486273443	22.968197879858657	29.980973090513725	0.0
286.0	28.51284855112083	17.68726079825041	22.58064516129032	31.219245489338437	0.0
287.0	26.818556135053527	18.940433708482022	23.222618720834475	31.018391435629976	0.0
288.0	24.37673130193906	19.61218836565097	23.047091412742382	32.96398891966759	0.0
289.0	29.56376771325368	18.227285357043623	20.366768546818562	31.842178382884136	0.0
290.0	29.997204361196534	16.38244338831423	21.945764607212748	31.674587643276485	0.0
291.0	29.32246274950801	17.093055946021927	22.575203823446724	31.009277481023332	0.0
292.0	29.322033898305083	17.937853107344633	22.796610169491522	29.943502824858758	0.0
293.0	30.005672149744754	17.555303460011345	22.12138400453772	30.317640385706184	0.0
294.0	33.20991170606665	18.285388778125892	19.25377385360296	29.2509256622045	0.0
295.0	30.751577739529544	17.78542742398164	22.375215146299485	29.08777969018933	0.0
296.0	29.337175792507203	18.069164265129682	21.844380403458214	30.7492795389049	0.0
297.0	28.62950058072009	17.828106852497097	23.170731707317074	30.371660859465738	0.0
298.0	27.856719952634695	19.923031379514505	22.942569567791594	29.277679100059206	0.0
299.0	29.276003793866582	17.135630730319317	21.2772684160607	32.31109705975339	0.0
300.0	32.617297908422834	7.2922555115884675	22.046353872244207	38.04409270774449	0.0
