# Position (bp)	A	C	G	T	N
0.0	37.98505256935354	11.279539472758238	29.906121127672453	20.806767160691916	0.022519669523849737
1.0	31.625946463253303	16.64719790581811	23.338587553128605	28.382638556590763	0.005629521209221156
2.0	33.04859331485996	17.595544165954816	22.017348306491378	27.32879138279476	0.009722829899090915
3.0	33.335838331944196	17.169032751718202	24.6553349638597	24.83091259376665	0.008881358711246533
4.0	33.08529214237744	17.644056413700472	22.55137676292814	26.719274680993955	0.0
5.0	33.30342179231713	17.676401113765028	21.84378257828686	27.172435635202362	0.0039588804286147875
6.0	27.619511245253626	18.160516665043975	21.430565021257262	32.788757991756725	6.490766884107357E-4
7.0	27.63063798548221	20.38629732996652	21.186864371918766	30.796200312632504	0.0
8.0	27.59839048198607	19.021124923932888	21.89180462239664	31.488059015660514	6.209560238943879E-4
9.0	30.701358018660546	18.527429045967466	22.465316789604806	28.305896145767186	0.0
10.0	28.27482723164112	22.77672828140319	21.585284200961286	27.363160285994404	0.0
11.0	28.014944105542742	19.481042584863257	21.356060827179594	31.14795248241441	0.0
12.0	29.22496968721806	19.395008591015923	22.304461007131405	29.07556071463461	0.0
13.0	31.132851268963563	19.4096129306678	21.111016588685665	28.346519211682974	0.0
14.0	29.841035202947484	19.272871837082082	20.515361744301288	30.370731215669146	0.0
15.0	28.14737808350982	18.939842181806117	22.868707870449732	30.04407186423433	0.0
16.0	27.686961628817542	20.13399460541199	22.011224223440355	30.167275733054904	5.43809275210998E-4
17.0	28.343390457800304	18.85911980046665	21.262638453080164	31.53485128865288	0.0
18.0	28.035119267995977	20.04918813137991	21.847463902258426	30.067699793727193	5.289046384936795E-4
19.0	27.837907182540306	19.382438722987587	20.882095749749972	31.89755834472214	0.0
20.0	28.332525574681195	18.061483461793017	21.53015545445544	32.07531437445606	5.211346142822153E-4
21.0	29.622336639424752	18.413491762480973	21.72304686891148	30.238526962223272	0.0025977669595215955
22.0	29.084564647897533	19.6915414643238	20.982739161498078	30.241154726280584	0.0
23.0	28.77859952142477	19.27634877074386	20.35391827010042	31.58854933821211	0.0025840995188406695
24.0	28.312195222426478	18.32604699303292	21.475393797084433	31.886363987456168	0.0
25.0	29.178123101321223	17.87152316516832	22.879401073043137	30.07095266046732	0.0
26.0	27.733274148093855	18.2660445334517	21.14461500345821	32.85606631499623	0.0
27.0	28.129447081675686	18.11189247021429	21.25614151717547	32.50251893093455	0.0
28.0	29.16414925310944	18.035792412341927	21.361903372986937	31.438154961561697	0.0
29.0	27.78847154302362	18.59952138175008	20.785037977317657	32.826969097908645	0.0
30.0	29.059556039651664	18.476877719767703	21.459654488042187	31.00391175253845	0.0
31.0	28.883456868001893	18.1380434211218	22.103769121589657	30.874730589286653	0.0
32.0	27.27483091939878	18.938605071892127	20.917084766442628	32.86947924226647	0.0
33.0	29.23816603140964	17.739223035843256	21.857586445038404	31.1650244877087	0.0
34.0	28.489311541416125	18.146804058170645	21.942729993907445	31.42062461921539	5.297872904029032E-4
35.0	28.23986172051589	19.310729956122856	20.697779550591676	31.75109692859992	5.318441696582901E-4
36.0	28.2143753973724	18.238792094760296	22.019907355463303	31.526390870185452	5.342822185534843E-4
37.0	27.96067379747646	17.964196502914238	22.24588483955678	31.82871111680437	5.337432481479109E-4
38.0	28.46313697627582	18.479857686986158	21.323446923763175	31.731421580935184	0.002136832039659603
39.0	28.82315112540193	18.79581993569132	20.969453376205788	31.41103965702036	5.359056806002144E-4
40.0	28.923432751526235	18.803754403894253	21.190328913750907	31.0824839308286	0.0
41.0	29.570516384284474	18.136871252071312	20.659149668859875	31.633462694784342	0.0
42.0	28.491489984074192	17.81848910652958	21.629307823147677	32.06071308624855	0.0
43.0	28.351811915018445	19.5929098741356	21.643570702982828	30.411707507863127	0.0
44.0	29.747025025188574	18.613947662228032	20.51194074558179	31.126541949187157	5.446178144487107E-4
45.0	29.734688194470987	18.66738013464888	20.541325630791242	31.05660604008889	0.0
46.0	27.757689315494776	18.798417759661636	22.139859526861926	31.304033397981655	0.0
47.0	27.65863778691276	19.702397657922397	20.775483025990678	31.863481529174166	0.0
48.0	29.985019927365997	19.046250283294732	21.202606864300442	29.766122925038836	0.0
49.0	28.422885599729376	19.1362166778503	22.23288210599868	30.20801561642164	0.0
50.0	27.94553088980712	19.078686897413164	20.2603007845827	32.71492380012379	5.576280732277186E-4
51.0	28.471370057209455	19.79861823194204	21.33671771251828	30.393293998330222	0.0
52.0	27.63028238407613	19.9718460542245	20.71116867028914	31.686139812494723	5.630789155100087E-4
53.0	27.485644526834562	19.173034317493332	20.76852647284894	32.57222950671429	5.651761088755256E-4
54.0	28.097151744258646	19.409347364597167	21.19504137860573	31.298459512538457	0.0
55.0	28.582671776621954	19.85012318642212	21.047198649511817	30.51886577242449	0.0011406150196185782
56.0	27.73433014079331	18.652242816784952	20.199706010703046	33.413721031718694	0.0
57.0	27.338607613224614	19.3792222652435	22.32245537184829	30.959714749683602	0.0
58.0	28.087420265607026	19.418592491895847	20.955767018717975	31.538220223779152	0.0
59.0	26.454216775987245	19.437062303967664	20.567843980164593	33.54029285843618	5.840814443165955E-4
60.0	27.365894030017195	18.271516531763407	22.84100980812237	31.521579630097023	0.0
61.0	27.843475792909345	19.238546865022112	22.66029658711951	30.257089472812847	5.912821361841016E-4
62.0	28.423775683149476	19.124617168683656	21.043679938152298	31.40792721001457	0.0
63.0	27.976076555023923	17.63995215311005	22.88696172248804	31.497009569377994	0.0
64.0	26.79958103080868	19.27499066950795	22.650822889201912	31.274003443252553	6.019672289040585E-4
65.0	28.347813425229333	18.768504586710673	20.55889918943843	32.32478279862156	0.0
66.0	28.937404038488594	18.22641717183457	21.27271726297889	31.563461526697946	0.0
67.0	28.906481025135534	17.30039428289798	22.17225234105471	31.620872350911778	0.0
68.0	29.47278943221091	17.54245543497819	20.49463606524828	32.490119067562624	0.0
69.0	30.211646493491884	18.511413413651105	20.845961095037836	30.430978997819174	0.0
70.0	29.95899829685233	18.788872768561156	20.880590424525327	30.37090771462815	6.307954330410648E-4
71.0	29.104051015612097	19.067339083599038	19.637707854320958	32.190902046467905	0.0
72.0	28.75093617375385	17.403550098898354	21.53999782359606	32.30551590375173	0.0
73.0	28.875968992248062	19.183462532299743	21.286175710594314	30.65374677002584	6.459948320413437E-4
74.0	28.85148217929578	19.955146718473944	20.33522612442874	30.858144977801537	0.0
75.0	29.100135095060793	18.545586345513858	21.513723681175655	30.840554878249694	0.0
76.0	29.68147007658315	19.429058940366453	20.922730332660148	29.96607413035799	6.665200322595696E-4
77.0	28.965056935015205	18.405954411536673	21.08449574251485	31.544492910933275	0.0
78.0	28.497345520223305	18.46984292047507	22.29078868151716	30.74202287778447	0.0
79.0	28.8557904526589	18.600519148818034	21.719576352354906	30.822725947724212	0.0013880984439416444
80.0	28.15863664166145	18.141552479312697	20.415222480789105	33.28388534628824	7.030519485084752E-4
81.0	28.45967937992478	18.396327598781586	22.973958556780644	30.169319433123114	7.150313898780157E-4
82.0	28.712971901834255	19.485798485849294	20.516524276495822	31.28470533582062	0.0
83.0	28.59360561818518	19.009425244871558	21.11994086120865	31.275549805950842	0.0014784697837737942
84.0	27.948536283879527	19.40064518074105	21.6180771202026	31.031233983538847	0.0015074316379752178
85.0	26.847534700085262	19.319133246791154	21.95841366649512	31.874918386628465	0.0
86.0	26.892633228840126	18.86755485893417	20.911442006269592	33.327586206896555	7.836990595611285E-4
87.0	27.99019097152657	18.37910612823862	21.789025748699743	31.840875760319914	8.013912151494996E-4
88.0	28.4159097616159	20.41266354067613	21.373413778404434	29.79719316654097	8.197527625668098E-4
89.0	27.98325601684465	19.955203972921055	19.5240212403634	32.5375187698709	0.0
90.0	27.791356133496276	19.07175682886108	22.38936986867244	30.747517168970205	0.0
91.0	28.467926259960997	19.970525163920684	20.612970692835145	30.94857788328318	0.0
92.0	28.376717281272594	18.721981200289225	21.23553868402025	31.664859002169198	9.038322487346349E-4
93.0	28.753253730790252	18.597908349003735	22.510722258760758	30.13811566144526	0.0
94.0	28.3275803209043	19.706596366119182	20.815157607252587	31.148769108219852	0.0018965975040776846
95.0	28.51834558966577	19.467141356367456	20.373720866892338	31.640792187074435	0.0
96.0	27.22137236669766	19.165741823889938	22.860113780657286	30.75177219872622	9.998300288950879E-4
97.0	26.156072330206687	20.451140165431745	23.070134028447693	30.322653475913874	0.0
98.0	27.744951146939034	19.527507544263194	20.970941397429673	31.756599911368095	0.0
99.0	26.310459722554935	19.474509462314074	22.58977765195235	31.62307541540539	0.0021777477732529017
100.0	28.857190992306396	19.915763463806368	21.81389341270287	29.412028977368447	0.0011231538159150896
101.0	27.958378515561915	18.051357774035022	22.473063701174354	31.516046420413907	0.0011535888148028516
102.0	28.828507158924555	19.92001999500125	21.377988836124302	29.868723295366635	0.004760714583258947
103.0	29.233596765300497	20.11394964161	21.339214605158364	29.310788458004044	0.0024505299270967344
104.0	26.76717933176756	19.39919690885673	21.396822991640782	32.435538045811555	0.0012627219233780336
105.0	26.12529304506382	20.515759312320917	22.669966137014846	30.688981505600417	0.0
106.0	26.765005905723182	19.547943734564587	21.69279501771717	31.99425534199506	0.0
107.0	26.99973719518099	18.8472550728246	21.017469604547905	33.13415494418855	0.0013831832579498458
108.0	26.644141254294794	18.696092268651185	23.501988794320177	31.156352023722967	0.0014256590108777784
109.0	28.444078318304182	18.738139719619294	22.077406257814914	30.74037570426161	0.0
110.0	27.19569033351492	19.24217662369106	21.21390956963864	32.34822347315538	0.0
111.0	26.565948584040537	18.696571233174797	23.390531256800028	31.345394634586093	0.0015542913985514004
112.0	27.882552591975923	19.27251769075598	21.978162722935547	30.866766994332558	0.0
113.0	25.797846224346177	19.06975221760335	21.73251284736997	33.39825210304082	0.0016366076396844619
114.0	24.88396340643078	19.098950625588593	23.510022870980762	32.507063096999865	0.0
115.0	27.082614397128857	20.332666160535577	21.975291600524535	30.607702394920285	0.0017254468907447029
116.0	25.515075153945805	19.949956522510693	21.932175116679385	32.60279320686411	0.0
117.0	24.878236349653935	19.028088036034717	24.171457867945946	31.9222177463654	0.0
118.0	26.53697232977618	19.775238455000473	22.889791292851072	30.79799792237227	0.0
119.0	26.00465928945836	19.646670549407883	21.213356629780623	33.135313531353134	0.0
120.0	27.401455789348077	18.18742293464858	24.189570820571973	30.221550455431366	0.0
121.0	26.963361454130496	19.753841137873415	22.867506215103724	30.413253453967474	0.002037738924888943
122.0	26.662349328375356	19.42802231089014	21.343667091437048	32.56596126929745	0.0
123.0	25.352383804247857	18.689709751245907	23.243428229204543	32.71447821530169	0.0
124.0	25.73749559704121	18.736791123635083	22.802923564635435	32.720588235294116	0.0022014793941528706
125.0	25.802519301097114	18.65998464941984	21.201860129125468	34.33337848209852	0.0022574382590636144
126.0	25.56694337522608	18.480730881602746	23.373371052265455	32.5719983304735	0.0069563604322218624
127.0	24.786893030986583	20.03799121453164	23.83236376587914	31.342751988602636	0.0
128.0	25.348502233832182	21.698688996850663	20.98337442933522	31.966992993335126	0.0024413466468103805
129.0	25.566776066649837	20.308003029537996	22.10805352183792	32.012118151981824	0.005049229992426155
130.0	26.592747195408293	19.10253065483955	23.845551787111923	30.45917036264023	0.0
131.0	26.44367902696303	20.289543081642538	21.44125719821323	31.8228297723481	0.00269092083310909
132.0	26.125097471315584	19.06538932828339	23.543500055697894	31.26322824997215	0.002784894730979169
133.0	27.494065195993283	18.70476521336344	23.484453708528747	30.316715882114526	0.0
134.0	26.63607462059864	19.239997600623838	21.765341011337053	32.358586767440464	0.0
135.0	26.642096386294785	18.730674329262577	22.33813286691445	32.28909641752819	0.0
136.0	24.287106203312764	19.249756414420265	24.478726859369925	31.984410522897043	0.0
137.0	25.55072023749283	18.16617751239753	22.85868501838545	33.424417231724185	0.0
138.0	25.15380807580793	19.167668481719822	22.406477618273108	33.27204582419914	0.0
139.0	25.47646256497217	20.853761934603902	24.14937147491429	29.520404025509638	0.0
140.0	24.642692485016138	19.336867988320268	22.61410788381743	33.40248962655601	0.00384201629014907
141.0	25.1587748211271	19.426802797652545	22.791221159257173	32.615161990513705	0.00803923144947343
142.0	26.57902498630599	20.23343024480681	23.890784982935152	29.296759785952048	0.0
143.0	27.89646852379908	18.464575564816847	21.693353805659136	31.92805439789427	0.01754770783066462
144.0	24.893059196909064	20.224460696380113	21.135182374315807	33.742698127961	0.0045996044340186745
145.0	23.759564945377544	21.343664276432936	19.370518311757063	35.52625246643245	0.0
146.0	22.527528548123982	21.533442088091352	19.866435562805872	36.067495921696576	0.005097879282218597
147.0	25.90010349147557	19.36379977122937	18.879023911977775	35.84617898578354	0.010893839533743668
148.0	25.028045108342685	22.13497077404499	18.840408572946803	33.990671311330225	0.005904233335301411
149.0	21.680819517455184	28.056341825043805	14.24720312710608	35.988677719369186	0.026957811025744707
150.0	26.10245576973858	23.778716662265644	12.02799049379456	38.07763401109057	0.013203063110641669
