# Position (bp)	A	C	G	T	N
0.0	52.62901061363914	14.98109064291814	16.90862510674637	15.481273636696352	0.0
1.0	19.921922654629743	47.5173844089301	16.847627180675858	15.713065755764305	0.0
2.0	22.226281817074657	44.17245158933139	12.87297527706735	20.72829131652661	0.0
3.0	50.17646342947548	15.833029086041133	14.056224899598394	19.934282584884993	0.0
4.0	51.73378756539725	14.39347852536805	12.665774425112545	21.206959484122155	0.0
5.0	20.43742405832321	43.64520048602673	13.268529769137302	22.648845686512757	0.0
6.0	21.354040281485076	43.30259645717059	15.578743023537978	19.76462023780636	0.0
7.0	50.65454545454545	14.521212121212121	13.830303030303032	20.993939393939392	0.0
8.0	48.66174155262202	16.591982560251907	12.147268983892454	22.599006903233622	0.0
9.0	19.716775599128542	42.38683127572017	14.245945291696927	23.65044783345437	0.0
10.0	17.595839883903736	13.653404281049703	13.085016326037005	55.66573950900955	0.0
11.0	17.89206809127128	14.354702402511169	13.83556682361463	53.917662682602916	0.0
12.0	18.7530149541727	13.76025084418717	13.410516160154366	54.07621804148577	0.0
13.0	20.32285266835321	43.34417540055415	14.877725575231901	21.45524635586074	0.0
14.0	21.2223291626564	12.897016361886429	43.78007699711261	22.10057747834456	0.0
15.0	48.8235294117647	15.018007202881153	16.602641056422566	19.555822328931573	0.0
16.0	18.80546893739506	18.08587191172943	13.048692732070041	50.059966418805466	0.0
17.0	21.24880153403643	43.45637583892618	13.494726749760307	21.800095877277084	0.0
18.0	17.94350011970314	15.477615513526455	15.226238927459901	51.35264543931051	0.0
19.0	20.157819225251075	44.727403156384504	14.49067431850789	20.62410329985653	0.0
20.0	19.34790397706915	15.717186193717902	13.925713603248537	51.009196225964416	0.0
21.0	18.9505068574836	14.776386404293381	16.899224806201552	49.37388193202147	0.0
22.0	19.189994044073856	12.412150089338892	44.88385944014294	23.51399642644431	0.0
23.0	21.24747053922152	13.605523152005713	14.724437566956313	50.422568741816455	0.0
24.0	49.60199596055602	13.282642271593204	13.983604609718428	23.131757158132352	0.0
25.0	19.361348528015196	14.209401709401709	41.52421652421652	24.905033238366574	0.0
26.0	51.53636255783604	13.690829279867126	12.94340965713608	21.829398505160754	0.0
27.0	19.012082444918267	17.590618336886994	10.672826344468135	52.724472873726604	0.0
28.0	19.93379049420667	41.53464175928116	12.165996689524711	26.36557105698747	0.0
29.0	22.390174775625884	11.726499763816722	14.348134152102032	51.53519130845537	0.0
30.0	22.039317858834675	14.365229748934155	40.916627190904784	22.678825201326386	0.0
31.0	22.020417853751187	12.630579297245964	12.274453941120608	53.074548907882246	0.0
32.0	21.601999523922878	13.008807426803143	13.068317067364912	52.32087598190907	0.0
33.0	22.985895290461393	43.49748983982787	12.479081998565624	21.03753287114511	0.0
34.0	26.378093985411933	11.407389692694009	11.407389692694009	50.80712662920005	0.0
35.0	21.689197272401007	41.18913745663357	14.307931570762053	22.81373370020337	0.0
36.0	22.589564799230587	13.681173358980525	14.43856696321231	49.29069487857658	0.0
37.0	50.0783604581073	14.50271247739602	14.358047016274863	21.06088004822182	0.0
38.0	49.67399178942284	15.431055300652016	12.798840859695726	22.096112050229415	0.0
39.0	51.31435493640218	13.918837068443368	12.804360993337372	21.962447001817083	0.0
40.0	18.364594826529363	43.422827019737646	14.024764006374893	24.187814147358097	0.0
41.0	21.447919231716327	13.247968480669787	44.54567840433391	20.75843388327998	0.0
42.0	52.864197530864196	13.666666666666666	12.37037037037037	21.098765432098766	0.0
43.0	52.12726138490331	13.873986275733	11.827822832189645	22.170929507174048	0.0
44.0	22.285497342444952	43.59655783345988	11.946342698051126	22.17160212604404	0.0
45.0	29.433778067035473	14.871461112918972	16.335828180930687	39.358932639114876	0.0
46.0	30.338304838122955	16.933430338304838	19.87995634776282	32.84830847580938	0.0
47.0	32.26456577500916	17.27739098570905	18.046903627702456	32.41113961157933	0.0
48.0	28.13876651982379	20.301027900146842	18.465491923641704	33.09471365638766	0.0
49.0	29.5976483556862	19.309204482821972	17.931287892706226	33.1618592687856	0.0
50.0	28.452732644017726	21.251846381093056	18.685376661742982	31.610044313146236	0.0
51.0	30.730712166172108	18.026706231454007	18.65727002967359	32.5853115727003	0.0
52.0	27.98958527059699	20.624883764180773	20.234331411567787	31.15119955365445	0.0
53.0	29.60820895522388	20.05597014925373	18.936567164179106	31.399253731343286	0.0
54.0	27.70813844714687	22.91861552853134	19.363891487371376	30.009354536950422	0.0
55.0	32.10318207493881	18.58407079646018	17.83091696479006	31.481830163810958	0.0
56.0	28.966824644549767	18.407582938388625	21.061611374407583	31.563981042654028	0.0
57.0	31.625877442610513	19.180421172453045	20.622272813507873	28.57142857142857	0.0
58.0	29.998094149037545	21.536115875738517	18.84886601867734	29.616923956546596	0.0
59.0	27.258863896301943	19.386199008768585	22.16927182615326	31.18566526877621	0.0
60.0	29.406148558334927	17.94920756158106	20.374260072560627	32.27038380752339	0.0
61.0	31.287052973799963	18.167909734174795	20.864410021036527	29.68062727098872	0.0
62.0	31.14942528735632	18.697318007662837	20.344827586206897	29.808429118773944	0.0
63.0	30.766283524904214	19.674329501915707	19.923371647509576	29.6360153256705	0.0
64.0	26.082790341126866	19.777692602529704	22.805672671521656	31.33384438482177	0.0
65.0	28.850949549203914	19.04853251486668	18.549779397659698	33.55073853826971	0.0
66.0	28.779739063699157	17.17191097467383	22.927858787413662	31.120491174213356	0.0
67.0	29.892555640828856	17.92018419033001	18.092862624712204	34.09439754412894	0.0
68.0	27.628786417132932	20.219949836002314	19.35172679915107	32.79953694771368	0.0
69.0	29.342359767891686	21.6247582205029	20.34816247582205	28.684719535783366	0.0
70.0	29.1311093871218	20.752521334367728	21.198603568657877	28.9177657098526	0.0
71.0	30.190884300740162	22.38021036229061	19.458511881573823	27.970393455395403	0.0
72.0	28.482247366367535	19.44986344127975	20.074131876706982	31.993757315645727	0.0
73.0	30.313111545988257	18.003913894324853	19.275929549902152	32.40704500978474	0.0
74.0	30.918727915194346	17.216332940714565	21.94738908519827	29.917550058892818	0.0
75.0	32.436677793049284	19.615158060082464	19.497349302964853	28.450814843903398	0.0
76.0	29.43952802359882	21.43559488692232	17.148475909537854	31.976401179941007	0.0
77.0	28.1496062992126	20.059055118110237	17.874015748031496	33.91732283464567	0.0
78.0	28.900709219858157	18.79432624113475	20.724980299448383	31.579984239558705	0.0
79.0	30.635609948677455	18.061587050927756	18.693249111725226	32.60955388866956	0.0
80.0	29.940711462450594	19.110671936758894	19.466403162055336	31.48221343873518	0.0
81.0	27.762376237623766	19.683168316831683	20.95049504950495	31.603960396039604	0.0
82.0	32.21583019242214	18.170997817893277	21.106923229517953	28.506248760166635	0.0
83.0	31.163159984120682	17.58634378721715	22.072250893211592	29.178245335450576	0.0
84.0	27.614314115308154	19.840954274353876	21.51093439363817	31.0337972166998	0.0
85.0	28.989838613269576	19.246861924686193	22.295277943813506	29.468021518230724	0.0
86.0	27.848860455817675	19.672131147540984	22.131147540983605	30.34786085565774	0.0
87.0	29.911964785914364	19.16766706682673	22.86914765906363	28.051220488195277	0.0
88.0	32.21799238629533	18.71368463233821	17.190943698657584	31.87737928270888	0.0
89.0	30.480961923847694	16.392785571142284	18.336673346693384	34.789579158316634	0.0
90.0	28.327645051194537	16.101184501104196	22.64605500903433	32.925115438666936	0.0
91.0	29.090544067456335	18.992170246938368	17.265609315398514	34.651676370206786	0.0
92.0	29.252110977080818	18.375552874949737	18.998793727382388	33.37354242058706	0.0
93.0	32.50854958760813	17.501508750754375	19.814926574129956	30.175015087507546	0.0
94.0	31.136638452237005	16.82789197904071	19.347037484885128	32.68843208383716	0.0
95.0	29.445005045408678	16.67003027245207	21.917255297679112	31.967709384460143	0.0
96.0	30.20432935464293	14.586283633420999	19.765324701598217	35.444062310337856	0.0
97.0	29.491594085477008	17.82458983188171	20.174194855175205	32.50962122746607	0.0
98.0	30.81761006289308	20.105498072631363	17.54919862040982	31.527693244065734	0.0
99.0	27.599512591389114	20.572705117790413	19.780666125101543	32.047116165718926	0.0
100.0	33.007534107106494	17.24699653838322	18.57055589492975	31.174913459580534	0.0
101.0	30.445443400081736	20.53534940743768	19.411524315488354	29.607682876992236	0.0
102.0	30.547019053472653	16.635935259168203	18.951034624052447	33.8660110633067	0.0
103.0	29.149548069022185	20.213640098603122	19.5152013147083	31.121610517666394	0.0
104.0	28.265788932318454	17.712404854968113	20.71590207776178	33.30590413495166	0.0
105.0	28.17394888705688	18.61088211046991	20.589447650453423	32.62572135201979	0.0
106.0	30.52109181141439	19.31348221670802	19.230769230769234	30.934656741108352	0.0
107.0	30.338244449055825	19.672131147540984	19.153351317700768	30.836273085702427	0.0
108.0	33.05561341387211	17.517183920016663	18.058737762966047	31.368464903145178	0.0
109.0	27.398119122257054	18.725182863113897	21.128526645768027	32.74817136886102	0.0
110.0	24.13648733514758	18.547205359011933	21.79191961482102	35.52438769101946	0.0
111.0	27.265100671140942	20.63758389261745	19.966442953020135	32.13087248322148	0.0
112.0	27.230736930505984	19.60948981734201	19.315557421792988	33.84421583035902	0.0
113.0	28.872053872053872	16.351010101010104	21.254208754208754	33.52272727272727	0.0
114.0	32.63113545397093	15.989045713081945	21.25552980829998	30.124289024647144	0.0
115.0	28.074245939675173	20.059059270196162	18.983336848766083	32.88335794136258	0.0
116.0	30.62130177514793	17.899408284023668	19.420963651732883	32.05832628909552	0.0
117.0	26.76265085750582	21.40588608934999	18.90747406309549	32.9239889900487	0.0
118.0	28.174097664543524	17.282377919320595	22.314225053078555	32.22929936305732	0.0
119.0	23.217705894871248	20.06809959565865	24.303043200680996	32.4111513087891	0.0
120.0	26.97972251867663	20.0	22.177161152614726	30.843116328708643	0.0
121.0	26.776541095890412	20.3125	20.098458904109588	32.8125	0.0
122.0	26.252676659528905	18.41541755888651	20.51391862955032	34.81798715203426	0.0
123.0	28.767711464147705	17.453842851009014	20.09446114212108	33.6839845427222	0.0
124.0	30.659767141009052	17.033203967227255	20.288917636912462	32.01811125485123	0.0
125.0	27.908482624649256	19.12367796244334	22.27498381178502	30.692855601122382	0.0
126.0	31.095712429623212	20.095279341706366	18.16803811173668	30.640970116933737	0.0
127.0	31.387019752550465	19.036249186021273	20.685912741480355	28.890818319947904	0.0
128.0	32.29732666811563	20.14779395783525	18.0612910236905	29.493588350358618	0.0
129.0	30.923344947735192	19.294425087108014	20.884146341463413	28.89808362369338	0.0
130.0	31.000654022236755	18.181818181818183	17.48419446261173	33.33333333333333	0.0
131.0	32.40174672489083	19.847161572052403	17.401746724890828	30.349344978165938	0.0
132.0	29.50568678915136	19.488188976377952	20.516185476815398	30.489938757655295	0.0
133.0	28.32420591456736	21.182913472070098	19.780941949616647	30.71193866374589	0.0
134.0	30.320315928038617	21.32514260640632	17.81483106625713	30.539710399297938	0.0
135.0	30.131868131868135	16.21978021978022	19.912087912087912	33.73626373626374	0.0
136.0	29.052122278425337	17.33010776336046	19.485374972509348	34.13239498570486	0.0
137.0	30.396475770925107	15.859030837004406	19.251101321585903	34.49339207048458	0.0
138.0	30.375275938189844	18.432671081677704	20.309050772626932	30.883002207505516	0.0
139.0	29.604244970152553	19.43400397965952	20.871103250055274	30.090647800132654	0.0
140.0	30.08202172467302	16.714697406340058	19.48570161826646	33.71757925072046	0.0
141.0	34.02176326893182	17.3217854763491	19.453697534976683	29.20275371974239	0.0
142.0	33.058587658721315	17.77678770327467	18.333704611271997	30.830920026732013	0.0
143.0	32.946169309805676	18.40518204154568	19.54433772615591	29.104310922492743	0.0
144.0	28.804834377797672	20.680393912264996	17.591763652641003	32.92300805729633	0.0
145.0	33.61740300515811	19.511101143754207	17.986095537115947	28.885400313971743	0.0
146.0	30.143755615453728	20.934411500449237	17.92452830188679	30.997304582210244	0.0
147.0	30.103650292924737	18.319062640829202	19.986480396575036	31.590806669671025	0.0
148.0	27.68119214269587	20.45608489501016	19.21426958681418	32.64845337547979	0.0
149.0	30.890999547715964	18.792401628222525	18.54364540931705	31.77295341474446	0.0
150.0	27.84953546340358	17.108542941309768	21.11941989576252	33.92250169952413	0.0
151.0	28.496821071752954	19.141689373297	19.55040871934605	32.811080835603995	0.0
152.0	26.138433515482696	19.148451730418945	19.87704918032787	34.83606557377049	0.0
153.0	29.410420475319928	17.43601462522852	20.109689213893965	33.04387568555759	0.0
154.0	31.33608815426997	14.94490358126722	19.88062442607897	33.83838383838384	0.0
155.0	29.11100875172731	18.562874251497004	20.543528327959464	31.782588668816214	0.0
156.0	32.200647249190936	16.689782709200184	20.550161812297734	30.559408229311142	0.0
157.0	31.642344220523512	17.53532545749363	19.50428538336808	31.31804493861478	0.0
158.0	29.35161515221938	19.21914943062979	20.660004647920054	30.76923076923077	0.0
159.0	31.53111162899091	16.87252388720578	20.205080400838966	31.391284082964344	0.0
160.0	28.831350594821554	17.797993935152785	23.466293445299744	29.904362024725916	0.0
161.0	28.965195047886006	17.565989254846997	21.607101144592384	31.86171455267461	0.0
162.0	30.27115474520804	18.653576437587656	20.710612435717625	30.364656381486675	0.0
163.0	29.32771140782385	17.779339423752635	20.520028109627546	32.372921058795974	0.0
164.0	30.377668308702795	17.311752287121745	20.314332629603566	31.996246774571897	0.0
165.0	30.452190296749883	16.29769194536034	23.951954780970325	29.298162976919457	0.0
166.0	32.271010387157695	18.7204910292729	19.169027384324835	29.83947119924457	0.0
167.0	33.02556818181818	18.607954545454543	19.15246212121212	29.21401515151515	0.0
168.0	28.57142857142857	17.803660565723796	20.798668885191347	32.82624197765629	0.0
169.0	28.476031481039826	19.031719532554256	20.510374433579777	31.981874552826138	0.0
170.0	26.929510155316606	18.42293906810036	21.60095579450418	33.04659498207885	0.0
171.0	28.9681589657649	19.344026813502513	18.218817333014126	33.46899688771846	0.0
172.0	30.743405275779377	21.34292565947242	17.985611510791365	29.928057553956833	0.0
173.0	28.914505283381363	19.812680115273775	19.068203650336216	32.20461095100865	0.0
174.0	29.427333974975937	20.332050048123197	18.407122232916265	31.833493743984604	0.0
175.0	29.674306393244876	19.203860072376358	19.27623642943305	31.845597104945718	0.0
176.0	30.47688211086904	16.412490922294847	19.414185427257323	33.69644153957879	0.0
177.0	26.444876153472556	19.159786304031083	19.839728023312286	34.555609519184074	0.0
178.0	27.587046505965425	16.386656927197468	22.59556854151449	33.43072802532262	0.0
179.0	28.093727117402977	18.965096412008787	20.868928484256774	32.07224798633146	0.0
180.0	29.90951332844216	18.855465884079237	18.659819026656884	32.57520176082171	0.0
181.0	28.753680078508342	18.89106967615309	19.627085377821395	32.72816486751717	0.0
182.0	32.95622233152976	15.125430398425971	19.724545007378257	32.19380226266601	0.0
183.0	30.60014818473697	19.95554457890837	21.931341071869596	27.512966164485057	0.0
184.0	32.27486975936492	19.201190771520714	18.63061275117837	29.893326717936	0.0
185.0	28.0238924838228	20.681931309109007	21.951219512195124	29.342956694873074	0.0
186.0	31.041355256601893	17.638266068759343	20.40358744394619	30.916791230692574	0.0
187.0	29.466067864271455	20.434131736526943	20.25948103792415	29.840319361277444	0.0
188.0	32.2911455727864	17.90895447723862	19.43471735867934	30.365182591295646	0.0
189.0	31.062124248496993	18.937875751503004	19.589178356713425	30.410821643286575	0.0
190.0	31.05699221692192	18.629173989455182	17.8508661812704	32.4629676123525	0.0
191.0	27.921588338778587	18.34631817039457	19.728575018848957	34.003518471977884	0.0
192.0	32.50126071608674	18.078668683812403	17.650025214321737	31.77004538577912	0.0
193.0	27.33485193621868	15.995950392305748	23.588964819033155	33.08023285244242	0.0
194.0	27.314343845371315	17.70091556459817	20.854526958290943	34.13021363173957	0.0
195.0	26.55251725019167	19.93355481727575	21.006900076667517	32.50702785586507	0.0
196.0	30.7948717948718	17.51282051282051	16.897435897435898	34.794871794871796	0.0
197.0	28.9311408016444	19.527235354573484	19.732785200411097	31.80883864337102	0.0
198.0	30.55483870967742	19.27741935483871	18.296774193548387	31.870967741935484	0.0
199.0	29.05650596163816	20.839813374805598	19.388284085018146	30.7153965785381	0.0
200.0	26.07792207792208	19.038961038961038	20.20779220779221	34.675324675324674	0.0
201.0	30.015633142261596	18.655549765502865	18.030224075039083	33.29859301719645	0.0
202.0	32.84595300261097	18.25065274151436	17.83289817232376	31.070496083550914	0.0
203.0	32.85340314136126	17.722513089005236	20.680628272251308	28.743455497382197	0.0
204.0	33.709635074822785	17.56366500393804	20.50406930953006	28.22263061170911	0.0
205.0	31.903132403264017	17.557251908396946	20.847591471439852	29.69202421689918	0.0
206.0	30.834213305174234	17.608236536430834	19.482576557550157	32.07497360084478	0.0
207.0	27.91313559322034	18.352754237288135	19.703389830508474	34.03072033898305	0.0
208.0	25.504246284501065	19.32059447983015	20.64755838641189	34.5276008492569	0.0
209.0	28.423291677745283	16.990162190906673	20.44668971018346	34.13985642116458	0.0
210.0	29.82689747003995	16.617842876165113	19.094540612516646	34.460719041278296	0.0
211.0	28.31550802139037	18.422459893048128	20.294117647058822	32.967914438502675	0.0
212.0	28.15690488984417	17.06072004298764	20.47286405158517	34.30951101558302	0.0
213.0	29.57974137931034	17.079741379310345	20.177801724137932	33.16271551724138	0.0
214.0	30.966522678185743	17.980561555075596	20.761339092872568	30.29157667386609	0.0
215.0	32.73712737127371	19.07859078590786	19.48509485094851	28.69918699186992	0.0
216.0	29.662860250135942	19.113648722131593	21.88689505165851	29.336595976073955	0.0
217.0	26.28135223555071	21.23773173391494	21.12868047982552	31.352235550708834	0.0
218.0	27.08390270565728	17.573107406395188	18.393003552883304	36.949986335064224	0.0
219.0	26.65935271530444	18.732857926494788	23.368074602303896	31.239714755896873	0.0
220.0	29.851566794942276	19.516217702034087	18.609125893347993	32.02308960967565	0.0
221.0	32.42198287765811	18.227009113504558	16.92902513117923	32.42198287765811	0.0
222.0	31.07845855281397	19.101746603825895	17.90962018297754	31.91017466038259	0.0
223.0	31.866295264623957	17.43732590529248	16.239554317548745	34.456824512534816	0.0
224.0	31.755810697283675	19.238308597031644	18.174180901708205	30.831699803976477	0.0
225.0	32.09563994374121	20.028129395218002	19.015471167369903	28.860759493670884	0.0
226.0	31.532805429864254	18.58031674208145	22.737556561085974	27.149321266968325	0.0
227.0	28.417163967036092	18.69849389030975	21.710713270815575	31.173628871838588	0.0
228.0	26.93074950128242	20.54716443431177	21.373610715303506	31.148475349102306	0.0
229.0	31.82857142857143	20.942857142857143	18.82857142857143	28.4	0.0
230.0	27.16580608146873	21.9162363740677	20.080321285140563	30.837636259323002	0.0
231.0	31.363505332948975	19.976938599019892	19.198616315941194	29.46093975208994	0.0
232.0	27.604166666666668	21.93287037037037	19.502314814814813	30.960648148148145	0.0
233.0	27.33081614870752	19.9535288992158	20.273017717107177	32.4426372349695	0.0
234.0	25.46674445740957	21.441073512252043	22.549591598599765	30.542590431738624	0.0
235.0	28.563067017851917	17.998244073748904	22.680714076675446	30.757974831723732	0.0
236.0	30.791788856304986	18.299120234604104	21.642228739002935	29.266862170087975	0.0
237.0	27.31822196055343	20.42979099205181	20.812481601413012	31.439505445981748	0.0
238.0	26.958321016848952	19.627549512267215	24.741353827963348	28.672775642920485	0.0
239.0	29.064919594997026	17.361524717093506	19.446098868374033	34.12745681953544	0.0
240.0	28.52852852852853	17.32732732732733	20.48048048048048	33.66366366366366	0.0
241.0	29.08762420957543	17.223727792833486	24.420355314664256	29.268292682926827	0.0
242.0	27.64153799576143	18.013926733272783	22.888283378746593	31.456251892219196	0.0
243.0	27.568389057750757	18.480243161094226	22.91793313069909	31.033434650455927	0.0
244.0	28.81148793156126	19.34005499541705	21.96761380996028	29.88084326306141	0.0
245.0	30.15432098765432	16.913580246913583	20.030864197530864	32.901234567901234	0.0
246.0	28.34842335310646	21.011551670309085	21.230096784264752	29.4099281923197	0.0
247.0	23.750397962432345	21.840178287169692	22.82712511938873	31.58229863100923	0.0
248.0	23.531342303905483	21.102723990810635	24.58155562848704	30.78437807679685	0.0
249.0	19.484020023103582	21.255294570658453	23.796688486715443	35.46399691952253	0.0
250.0	16.68466522678186	19.708423326133907	23.920086393088553	39.686825053995676	0.0
