# Position (bp)	A	C	G	T	N
0.0	25.84185064858071	24.61938865043041	24.00578624107757	25.532974459911312	0.0
1.0	25.20571984158979	20.230501078991676	14.739500580995518	39.82427849842301	0.0
2.0	27.699452645546526	18.783024903442882	18.833376774162975	34.68414567684761	0.0
3.0	23.43472495204717	22.739704942101397	15.222951052594189	38.60261905325724	0.0
4.0	33.19208872370897	13.584930225951922	14.427071620485993	38.79590942985311	0.0
5.0	34.48267703028044	15.477394663212129	22.80704867704211	27.232879629465316	0.0
6.0	32.16152918076223	17.76690875541151	20.508741217383076	29.562820846443188	0.0
7.0	34.219785808481326	17.20096273824519	19.640333291937953	28.93891816133553	0.0
8.0	23.419641326135416	26.345322635005292	21.863377541789113	28.37165849707018	0.0
9.0	29.325339813287453	18.713232468354057	15.584999142706799	36.376428575651694	0.0
10.0	26.253908766869028	16.801934137647706	24.498288713786643	32.44586838169663	0.0
11.0	27.710530048702065	18.162206250886566	19.996808359733322	34.13045534067805	0.0
12.0	25.96022576165007	19.51774474749564	21.2275050973671	33.294524393487194	0.0
13.0	26.782527507593397	21.04345667923369	18.1461477550731	34.02786805809982	0.0
14.0	30.285322634965468	18.270929469946292	19.90818153349838	31.53556636158987	0.0
15.0	29.682561251558244	18.78164491524923	18.857858573445743	32.67793525974678	0.0
16.0	29.153573538098048	16.74896633195511	18.782043709391612	35.31541642055523	0.0
17.0	29.820966732406674	18.147194633725803	20.502025343363606	31.529813290503917	0.0
18.0	30.880494975853395	17.327697157903437	18.437614386416502	33.35419347982666	0.0
19.0	29.364718659434192	18.105783816646106	19.527095224322842	33.00240229959686	0.0
20.0	30.342389764894723	17.608700783684263	19.447526201491833	32.601383249929185	0.0
21.0	29.81963431255126	17.31911805485902	19.630772498510225	33.2304751340795	0.0
22.0	28.609269179035795	18.293531868702363	19.71057413219435	33.38662482006749	0.0
23.0	29.39628985165305	17.671867166071902	20.287846167458046	32.643996814817	0.0
24.0	30.394857126006308	18.686561882574974	18.342720651116156	32.57586034030256	0.0
25.0	29.80722166854393	17.693264847587763	18.965283388275257	33.534230095593045	0.0
26.0	30.92140953369342	17.79960846286294	19.724862608203413	31.554119395240228	0.0
27.0	29.251251451920073	18.1712587631115	19.476660200586075	33.10082958438235	0.0
28.0	29.543310614814988	17.57069075301276	19.69789873358017	33.188099898592085	0.0
29.0	29.35960997694997	18.03561848954495	19.745801180208804	32.85897035329627	0.0
30.0	29.878483788994558	17.866007888825344	19.40250107601691	32.85300724616319	0.0
31.0	29.83459622018457	18.012206268243062	19.383200165108942	32.76999734646343	0.0
32.0	29.581667433275545	18.064843316939697	19.505478304968804	32.848010944815954	0.0
33.0	30.630635943830757	17.69826432097382	19.439251234083713	32.231848501111706	0.0
34.0	29.513766013164418	17.608582820204308	19.72302828697478	33.1546228796565	0.0
35.0	29.878901203909606	18.10229397573305	19.667199509234297	32.35160531112304	0.0
36.0	30.311342346806352	17.121469526438734	18.828602439772542	33.738585686982375	0.0
37.0	28.86883166681415	18.987110285225498	18.93401763855706	33.2100404094033	0.0
38.0	29.8651957169405	17.77705672399044	19.43659479071414	32.921152768354915	0.0
39.0	28.254148079964125	18.962566971134557	20.075998961504872	32.707285987396446	0.0
40.0	29.996636354516433	18.073988398373647	19.54514071250273	32.384234534607195	0.0
41.0	29.492127564147957	17.979722871373603	20.516724500153437	32.011425064325	0.0
42.0	29.873877914765785	18.53056262135636	19.075891618812673	32.519667845065186	0.0
43.0	29.72167467333955	18.099998819655102	19.462116830537884	32.716209676467464	0.0
44.0	29.40107179111877	18.07703203569489	20.496824759791306	32.025071413395025	0.0
45.0	29.289858750892765	19.02406488132832	19.18697651357302	32.499099854205895	0.0
46.0	29.880762646833126	17.655982527595775	19.27040906676111	33.19284575880999	0.0
47.0	29.457881469499558	18.005679168314728	19.709429662732965	32.827009699452745	0.0
48.0	30.218855715812282	18.651442605723194	19.00626398474445	32.12343769372008	0.0
49.0	29.206716576529768	18.270434310275608	18.913988144439458	33.60886096875517	0.0
50.0	29.40568628029878	18.428153877948688	19.79805733518349	32.36810250656904	0.0
51.0	29.700906433611856	18.40916472290295	19.2028108299625	32.68711801352269	0.0
52.0	29.380082561167903	18.204796579440025	19.30443101890403	33.11068984048804	0.0
53.0	30.554341534863394	18.21779137480953	19.57086665327963	31.65700043704745	0.0
54.0	30.137738768856394	18.183053169999884	19.397422418579378	32.28178564256435	0.0
55.0	28.82879690010396	17.66550893110292	18.770083167942538	34.73561100085058	0.0
56.0	28.94155452902189	18.358871968148577	20.157012393228026	32.5425611096015	0.0
57.0	28.458339240984927	18.050238669124248	19.116569781180583	34.37485230871024	0.0
58.0	29.49829851592778	17.59677190660743	19.240949050004726	33.66398052746006	0.0
59.0	29.232741710585397	17.63642379410583	20.557511875782854	32.57332261952591	0.0
60.0	29.393239306795554	18.226455451628723	19.734937338619616	32.64536790295611	0.0
61.0	30.032558661726732	17.48890582805954	19.255109819006933	33.2234256912068	0.0
62.0	28.735129512856727	18.056745719840908	19.934874210305477	33.273250556996885	0.0
63.0	28.997387675977258	17.901511838201397	19.75437061903805	33.3467298667833	0.0
64.0	28.585782169791248	18.177734698219815	19.529421499326226	33.70706163266271	0.0
65.0	29.61531186456708	17.811628126921075	20.54664964297536	32.026410365536485	0.0
66.0	29.987290515177488	17.727071202671947	20.34758963142494	31.938048650725626	0.0
67.0	28.827997990009163	17.499334929502528	19.30477963997517	34.36788744051314	0.0
68.0	29.269489541332135	17.929313830982252	20.039375199536487	32.761821428149126	0.0
69.0	29.649557438405004	17.43816849860166	19.738188010335307	33.17408605265803	0.0
70.0	28.260998107852416	18.17999053926206	19.73864711447493	33.82036423841059	0.0
71.0	29.412077774623903	17.639440817485095	20.60684549153184	32.34163591635916	0.0
72.0	29.646737362565872	17.747115287938918	19.804117553125426	32.80202979636979	0.0
73.0	29.777015437392794	17.331874371562076	19.176672384219554	33.71443780682558	0.0
74.0	29.180690536327987	17.94601820687697	20.39371336294859	32.479577893846454	0.0
75.0	30.420893844834218	17.508355763258304	19.235706468691767	32.835043923215714	0.0
76.0	28.464519182417842	18.2027390777058	19.510752211080547	33.82198952879581	0.0
77.0	29.169994616117336	17.744922288682606	21.26929471137064	31.815788383829418	0.0
78.0	29.7784720249929	17.76128940641863	18.451789264413517	34.008449304174945	0.0
79.0	29.740925283751316	17.5600345590759	19.163717704425217	33.535322452747565	0.0
80.0	30.649322980778337	18.030371176971876	19.801628633652115	31.518677208597673	0.0
81.0	30.07605125321812	18.307341757168643	19.5348149024946	32.08179208711863	0.0
82.0	29.64256331642528	17.86887477582523	18.165406947494272	34.32315496025522	0.0
83.0	29.68741676383718	18.264899643083336	19.89913996697189	32.148543626107596	0.0
84.0	30.32728176775958	18.13101925569887	18.8277286799221	32.71397029661945	0.0
85.0	29.660194174757283	17.10277054226853	18.7206961875444	34.516339095429785	0.0
86.0	30.591571643399284	17.197731282488483	20.005209998460682	32.20548707565155	0.0
87.0	29.431721295945433	18.607308639636226	19.654698749526336	32.306271314892	0.0
88.0	29.523183591784054	17.669384395852948	18.969631300661373	33.83780071170163	0.0
89.0	29.306291635825314	18.37216876387861	19.92716506291636	32.39437453737972	0.0
90.0	30.167293400053296	18.350161371509785	19.252065259230747	32.23047996920617	0.0
91.0	29.964999970389144	18.11355170351244	19.24054081264028	32.68090751345814	0.0
92.0	28.807476369838675	18.42205007935944	20.414919574538647	32.35555397626324	0.0
93.0	29.923834117103564	18.296987716326505	19.148671539072033	32.630506627497894	0.0
94.0	29.551512136181103	17.147020149969794	19.5920253029603	33.7094424108888	0.0
95.0	30.288994059007152	17.901165097999726	20.315470866626782	31.494369976366336	0.0
96.0	30.022272506486274	18.595173500456113	19.0038976886351	32.37865630442251	0.0
97.0	29.561570314027264	18.14912888683526	19.298370328244683	32.99093047089279	0.0
98.0	28.548915522747066	17.838036388196052	21.07102866859015	32.54201942046674	0.0
99.0	29.300517827730445	18.400658838027752	19.23190861584766	33.066914718394145	0.0
100.0	29.43322792507906	18.259755207622618	19.417268363877994	32.88974850342033	0.0
101.0	29.433433147963306	18.643352820951566	20.248110651646943	31.675103379438184	0.0
102.0	29.79194439154447	17.71091220719863	19.22431441630166	33.27282898495525	0.0
103.0	29.058147300133562	17.253983018507917	19.47863003243656	34.209239648921965	0.0
104.0	30.129399956986163	17.935574832126555	19.27856238201066	32.65646282887662	0.0
105.0	30.27389469272907	17.966294489178914	19.016373813871347	32.743437004220674	0.0
106.0	28.882397399138643	17.816140216178606	19.64921962162746	33.65224276305529	0.0
107.0	29.674061341138714	17.766451698210734	20.06779620269141	32.49169075795914	0.0
108.0	29.250963391136803	18.404383429672446	20.367292870905587	31.977360308285164	0.0
109.0	28.19866335319806	18.13581200086858	19.930875576036865	33.73464906989649	0.0
110.0	29.15478492025133	17.35318994683422	21.210125664572256	32.281899468342196	0.0
111.0	28.851064344753308	18.40305931044498	19.912141638328514	32.8337347064732	0.0
112.0	28.89986964561797	17.693030587807318	19.037196471337193	34.36990329523752	0.0
113.0	30.106292517006807	17.511540330417883	20.405126336248784	31.97704081632653	0.0
114.0	29.927029510750824	18.279137986647434	18.50979532964525	33.284037172956495	0.0
115.0	29.327664973071222	17.263084702136613	20.144433397783484	33.26481692700868	0.0
116.0	30.38420393067824	17.46859430876914	20.30320628419476	31.843995476357854	0.0
117.0	29.7655441128721	18.020082215782736	19.55351071194457	32.660862959400596	0.0
118.0	29.350963605321017	17.82761966762065	19.673762175573923	33.14765455148441	0.0
119.0	30.533650975395055	17.86798155706169	19.597160920177043	32.001206547366216	0.0
120.0	29.40780909724664	18.10071995706169	19.559141974051933	32.932328971639734	0.0
121.0	29.360463319508746	17.364592153978332	19.474747974213326	33.800196552299596	0.0
122.0	29.482774630884943	17.750332745225492	20.061287027579162	32.7056055963104	0.0
123.0	28.672630050990662	18.5383918712703	19.221368931677482	33.567609146061564	0.0
124.0	29.00671307807061	17.998508204873197	19.361014420686224	33.63376429636997	0.0
125.0	28.68859099718935	18.100971575647666	19.910133926623917	33.300303500539066	0.0
126.0	29.19538362524135	17.802535631939715	19.501496510225632	33.500584232593305	0.0
127.0	29.70767120370312	17.47646399288439	18.691003388683924	34.124861414728564	0.0
128.0	29.001915167498666	17.44811779849926	20.75099682898496	32.798970205017106	0.0
129.0	30.002077052348014	17.960838122092916	18.90747046494502	33.12961436061405	0.0
130.0	30.10810333518341	17.40186184974015	19.370931934002726	33.11910288107372	0.0
131.0	30.082935093175557	17.790588889731726	19.9012617259602	32.22521429113252	0.0
132.0	30.44938196516704	18.183718852755025	18.601232901881033	32.76566628019691	0.0
133.0	29.718299126193866	17.989864864864867	19.560302783986995	32.731533224954276	0.0
134.0	30.456151519974533	17.186057615788634	20.070030240331054	32.287760623905776	0.0
135.0	29.108274968237048	17.88366139093016	20.27146952352374	32.73659411730905	0.0
136.0	28.521293627921867	18.267691322446368	19.328210054434837	33.88280499519693	0.0
137.0	30.548718970292448	17.73842189478013	23.144643580071588	28.56821555485583	0.0
138.0	30.202752796312417	19.95809560648551	19.594494407375173	30.244657189826903	0.0
139.0	30.44183821247543	18.928442122685425	19.497388021102722	31.13233164373642	0.0
140.0	28.514667945709803	21.242918811008412	19.89409004290844	30.348323200373343	0.0
141.0	31.01230043470633	16.971091054406518	21.04524454667732	30.97136396420983	0.0
142.0	26.339375858991815	19.64852171987259	24.473205969138174	29.53889645199742	0.0
143.0	26.764609859614758	18.832517140058766	18.9624551093699	35.440417890956574	0.0
144.0	27.527633715752525	19.172691078631672	18.22253653936822	35.07713866624758	0.0
145.0	27.061313561550193	19.34256191828364	16.48064889309565	37.115475627070516	0.0
146.0	33.226421693823546	14.077359150514429	19.05930956199225	33.63690959366977	0.0
147.0	34.21280507300437	15.897767238623043	21.967254609399976	27.922173078972612	0.0
148.0	31.320862448679954	16.921340982625953	20.660567171483727	31.097229397210363	0.0
149.0	32.90301992979606	16.766267297148328	22.576223492210843	27.75448928084477	0.0
150.0	26.74477511582709	18.503781075280703	25.43130048725672	29.320143321635488	0.0
