# Position (bp)	A	C	G	T	N
0.0	28.40731459196586	23.82701039624842	19.19211969332308	28.573555318462645	0.0
1.0	26.994681950888683	20.957910494669544	14.236326493478565	37.811081060963204	0.0
2.0	27.941504707895543	19.824414923078194	18.549687104747576	33.68439326427869	0.0
3.0	23.865082381715723	22.604154616516006	15.580638231065427	37.95012477070285	0.0
4.0	33.02881875325233	13.807230706963914	15.610364508908289	37.553586030875465	0.0
5.0	35.275174435407294	15.95557574006028	22.593617109120185	26.175632715412245	0.0
6.0	32.407216282045994	17.56512405564959	20.610163893819923	29.417495768484496	0.0
7.0	34.20103199174407	17.386171310629514	20.345098039215685	28.067698658410734	0.0
8.0	24.707144920955958	24.97874272505882	21.465307301770753	28.84880505221447	0.0
9.0	29.74434327508069	17.988426518297164	16.136834545439534	36.130395661182604	0.0
10.0	27.826754494576793	17.248609116272927	24.02060323906691	30.90403315008337	0.0
11.0	28.771284015219674	18.700220371577846	18.810818841357225	33.71767677184526	0.0
12.0	26.97532392506396	19.57085087067756	20.879755715111	32.574069489147476	0.0
13.0	26.779392468992153	21.38654387311333	18.369519471195503	33.464544186699015	0.0
14.0	31.4075430910006	17.984768599882837	19.434474450687723	31.173213858428838	0.0
15.0	30.65114821169328	18.19734063613567	19.466807443579253	31.684703708591787	0.0
16.0	30.599285837985835	16.788580005112937	18.83375528818004	33.778378868721184	0.0
17.0	29.955725581050217	18.096447328282036	19.282045362728688	32.665781727939056	0.0
18.0	31.39698790711477	17.775799391646267	19.270305248493543	31.556907452745424	0.0
19.0	29.725296915050563	19.01822287791249	18.979485869233752	32.2769943378032	0.0
20.0	30.804156332144007	17.685011989419646	19.2621768830805	32.248654795355854	0.0
21.0	30.107110488588614	17.426052566532093	19.24940265304441	33.217434291834884	0.0
22.0	29.73596408122915	18.012934052807182	19.43073691148	32.820364954483665	0.0
23.0	29.978334472901615	17.530953695084477	19.2534866670511	33.23722516496281	0.0
24.0	30.963639059591085	17.762821885760417	19.097319472132064	32.17621958251644	0.0
25.0	29.16450441100156	18.42406569962356	19.466890717539396	32.94453917183549	0.0
26.0	30.52133091747653	17.7524295832647	20.059298303409655	31.66694119584912	0.0
27.0	29.79000247055917	18.21049164127481	19.662356913448075	32.33714897471794	0.0
28.0	30.559306960044797	17.682565301887415	18.628742712210546	33.129385025857246	0.0
29.0	30.212776469425734	18.146110900676867	19.50231386176117	32.138798768136226	0.0
30.0	30.159501321629435	18.11249907362423	19.165685394553734	32.5623142101926	0.0
31.0	29.85243012665316	18.106955218472585	19.20961180558987	32.83100284928439	0.0
32.0	29.717777466667766	18.171112337250577	19.89722389215097	32.21388630393069	0.0
33.0	30.58506695656471	18.443939319069035	18.760191728022928	32.21080199634333	0.0
34.0	30.46010147601476	17.585332103321033	19.03993147074328	32.91463494992093	0.0
35.0	30.666073576170945	17.56948219904776	19.830639713998583	31.933804510782714	0.0
36.0	29.992585880220773	17.800477798830215	19.503253974791992	32.70368234615702	0.0
37.0	29.430470996284424	18.571275570311663	19.035104340877073	32.96314909252684	0.0
38.0	29.94298614200735	18.822812134394514	19.386359516865227	31.847842206732906	0.0
39.0	29.337903305539992	18.411989585736414	19.70800514121873	32.54210196750486	0.0
40.0	30.20655675573242	18.31244696014699	19.65049311614801	31.83050316797258	0.0
41.0	29.88003822957519	18.164815608212766	19.57370728009755	32.38143888211449	0.0
42.0	29.772262869949245	18.35904027420737	20.43784193527124	31.430854920572145	0.0
43.0	30.145768270474715	18.689486391390687	19.178951358388886	31.985793979745708	0.0
44.0	30.399492394152645	18.018359510193317	20.228422631310053	31.353725464343984	0.0
45.0	30.517944703119205	18.514153858832255	19.73134451357699	31.236556924471547	0.0
46.0	30.075900546385043	18.441113208013647	19.12677286699686	32.35621337860445	0.0
47.0	29.455492463264076	18.47139007244167	19.93588211539571	32.13723534889854	0.0
48.0	30.432704195170196	18.06230940410451	19.250803593505317	32.254182807219976	0.0
49.0	29.75940258648401	18.475474559646564	19.337635897562706	32.427486956306716	0.0
50.0	29.58917885227254	18.270166009990273	20.03659803161938	32.10405710611781	0.0
51.0	30.68236147518011	17.769589659890862	19.542674382181776	32.00537448274725	0.0
52.0	29.856811943054513	17.612048570180285	19.69763166788944	32.83350781887576	0.0
53.0	30.823956143604963	17.751123201846585	19.160793042331314	32.26412761221714	0.0
54.0	30.463243114009416	18.20325317196633	19.87765567161595	31.455848042408302	0.0
55.0	29.905517264122945	17.770339346370744	19.046598291725754	33.27754509778057	0.0
56.0	29.91985752448798	17.701428053164474	19.732198806107977	32.64651561623957	0.0
57.0	29.436354941376297	17.594531752444713	20.307217888887056	32.66189541729193	0.0
58.0	29.55606128069394	18.076650340539917	19.47261663286004	32.8946717459061	0.0
59.0	29.61756654243214	17.940895148256867	20.17381839770441	32.267719911606584	0.0
60.0	29.427237944455438	18.446962200672868	19.253413813576092	32.8723860412956	0.0
61.0	29.337599261158893	17.840209118420727	19.559498973373685	33.2626926470467	0.0
62.0	29.619031912261896	17.644099942277563	19.618207306011378	33.11866083944916	0.0
63.0	29.491704324306493	17.382986443249663	19.758716231817132	33.36659300062671	0.0
64.0	29.45673148285587	18.273877261557235	19.831609849421934	32.43778140616496	0.0
65.0	29.709224654054857	18.02295855255562	19.921327373785687	32.346489419603834	0.0
66.0	30.463969387586797	17.889128964686865	19.944251100958287	31.702650546768048	0.0
67.0	29.219311846402533	17.53455613103289	20.00709266651272	33.23903935605186	0.0
68.0	29.75966613882291	17.881532066508314	19.780944840327265	32.57785695434151	0.0
69.0	29.37561860772022	17.425767073573077	20.546849224678322	32.65176509402837	0.0
70.0	29.119478698395678	17.235121870746898	19.92493916773209	33.72046026312533	0.0
71.0	30.390490959482648	17.4417645506137	19.82809819189653	32.339646298007125	0.0
72.0	29.756660892518354	18.48304875030933	19.679947207786853	32.08034314938546	0.0
73.0	29.61096170662091	18.264836415832107	18.736697959116334	33.38750391843065	0.0
74.0	30.26860697256183	17.824085531851704	19.542477189856292	32.36483030573017	0.0
75.0	30.052882116604657	17.953519836981183	19.538333347083235	32.45526469933093	0.0
76.0	30.32053133121571	17.997607359432365	18.57514128955076	33.10672001980116	0.0
77.0	30.49440575596554	17.3075018977524	19.947853064457576	32.250239281824484	0.0
78.0	30.3129074315515	18.134933078078326	18.81322925090357	32.738930239466605	0.0
79.0	30.265492568353814	17.94076140330607	19.296696404255144	32.49704962408497	0.0
80.0	30.210714845781162	18.21820913015129	19.726144983038818	31.84493104102873	0.0
81.0	31.349678058444773	17.578008915304604	18.70067690275714	32.37163612349348	0.0
82.0	30.471504173443524	18.026303839898286	19.089685691404608	32.412506295253586	0.0
83.0	30.530809052403875	18.0783870142094	18.559739755773343	32.831064177613385	0.0
84.0	28.81901726515345	17.82084203746976	20.036165170793733	33.32397552658305	0.0
85.0	28.780459608762786	17.629621066364994	19.12669380609894	34.46322551877328	0.0
86.0	30.891254263040985	16.716901047902955	22.941560211066978	29.450284477989086	0.0
87.0	30.166974962013608	20.317764418312745	20.71414415009579	28.801116469577853	0.0
88.0	32.03125	18.373414376321353	18.742567389006343	30.852768234672308	0.0
89.0	28.066698050097866	23.387263282211375	18.792068250704062	29.753970416986697	0.0
90.0	33.348751156336725	14.903528478921633	19.68663274745606	32.06108761728558	0.0
91.0	27.3080957848393	20.683445809206777	26.75301289411298	25.25544551184094	0.0
92.0	26.067274649748878	19.471153846153847	17.7397237642083	36.72184773988898	0.0
93.0	27.825282342346807	19.365339017357755	18.720103105559275	34.08927553473616	0.0
94.0	24.0632255612384	21.687722574301603	17.073049815330464	37.17600204912953	0.0
95.0	33.53718502847037	13.955025908448551	16.402072675884067	36.10571638719701	0.0
96.0	35.23207274230213	15.421368051250258	22.93366398016119	26.41289522628642	0.0
97.0	30.84218795220573	17.188572373589118	21.031959316988466	30.937280357216686	0.0
98.0	34.9414333928926	13.27178876315267	22.4273707894911	29.359407054463638	0.0
99.0	26.92492224207531	18.056382767520347	25.407815498643373	29.610879491760965	0.0
