# Position (bp)	A	C	G	T	N
0.0	40.7494001579137	18.876819648757003	18.27122827728419	22.102551916045105	0.0
1.0	39.82874795900376	13.53381729538294	15.108354861212256	31.52907988440104	0.0
2.0	36.99121556362967	17.847123212068254	21.27734596575143	23.884315258550647	0.0
3.0	37.897334876555036	19.725899297118723	18.80226577650368	23.574500049822554	0.0
4.0	41.39099242726186	10.988135021614495	22.019192445657172	25.601680105466475	0.0
5.0	27.281854761448553	17.004023759340868	26.0731940984863	29.640927380724275	0.0
6.0	30.33352237021596	12.302469230415523	17.379642260472387	39.98436613889613	0.0
7.0	23.086237154089616	25.25806772984696	21.19718903509108	30.45850608097234	0.0
8.0	22.083684573530537	20.496589776994405	20.117250364012566	37.30247528546249	0.0
9.0	29.388549577371965	18.518234694581317	16.847647000222235	35.245568727824484	0.0
10.0	36.1035756433246	20.017778595184453	13.7554217052125	30.123224056278445	0.0
11.0	33.98622190548441	23.21892457297869	18.91307846157383	23.881775059963065	0.0
12.0	25.172606686641274	20.0062835730542	14.50049425666097	40.32061548364355	0.0
13.0	23.493532765279227	26.012229510206588	24.68966468460737	25.804573039906824	0.0
14.0	34.144771624945406	17.16893087833023	15.078653579446627	33.607643917277734	0.0
15.0	20.08964486840593	20.7140941654216	29.41347737807915	29.78278358809332	0.0
16.0	25.10955503799951	22.03282054425104	24.961694042657516	27.895930375091933	0.0
17.0	22.111826935598778	19.691131521897333	17.944553818340598	40.25248772416329	0.0
18.0	24.458436743573245	22.960903269295585	19.27413671599718	33.30652327113398	0.0
19.0	28.96272806654718	16.72641205937773	23.407938477564837	30.90292139651026	0.0
20.0	29.488583705451177	20.10815033816129	24.176043015035347	26.227222941352185	0.0
21.0	25.80588338911397	13.639322667361053	20.931140911841066	39.623653031683915	0.0
22.0	26.203331418724872	22.270725636607313	21.072946582423892	30.452996362243923	0.0
23.0	23.45152396998009	22.191759840710677	20.32393934752642	34.03277684178281	0.0
24.0	28.367832992548685	12.662638515557392	21.396680987279925	37.572847504613996	0.0
25.0	30.70190216558949	16.497687383220512	22.286887003400004	30.513523447789996	0.0
26.0	29.954209929860028	28.34696315354222	13.074673037459034	28.62415387913872	0.0
27.0	29.676816709671	19.896330212010078	14.472424908312725	35.9544281700062	0.0
28.0	25.108718953848037	14.808746516399719	22.820261537990383	37.26227299176186	0.0
29.0	22.177051991700928	18.644586845510155	35.46705252761891	23.71130863517	0.0
30.0	17.51168839211072	19.664365111310648	21.36730965724371	41.45663683933492	0.0
31.0	32.49774973912905	25.171059653818272	12.544109095833234	29.787081511219444	0.0
32.0	34.05749249788938	20.338869709862664	16.796368894870145	28.807268897377813	0.0
33.0	31.528599007886694	18.408636406922284	16.33870367324324	33.72406091194778	0.0
34.0	17.381857686040195	20.38837588267246	23.424769147202607	38.804997284084735	0.0
35.0	36.39139407989596	20.312308576705966	21.15009471035594	22.146202633042133	0.0
36.0	26.311255359217856	15.896341707737308	17.673398244981367	40.11900468806347	0.0
37.0	25.940437238188522	19.606944126044638	25.57676677156493	28.875851864201906	0.0
38.0	22.123015873015873	21.413796014859845	19.735731171901385	36.72745694022289	0.0
39.0	27.314580941446614	13.898966704936855	10.411021814006888	48.375430539609646	0.0
40.0	32.56130959019542	22.66627012156586	15.511109458839858	29.261310829398862	0.0
41.0	35.7789273622072	16.323679341464338	24.348953416657228	23.548439879671236	0.0
42.0	16.878719746065336	23.069699775162018	21.33976987171009	38.71181060706256	0.0
43.0	27.58726913760029	18.617416021395467	13.29375358808127	40.501561252922976	0.0
44.0	20.47818891121882	15.086003073649367	33.01217638018678	31.423631634945025	0.0
45.0	35.6213499506803	22.07800341323647	13.530820899027699	28.769825737055537	0.0
46.0	33.66699978702141	23.51447435246318	20.527859237536656	22.29066662297875	0.0
47.0	34.51678944513465	28.243713800766418	13.867259269628516	23.37223748447042	0.0
48.0	41.97115475492883	26.588284218286297	10.802790011908588	20.637771014876282	0.0
49.0	25.085466687867708	17.846636985212275	18.806646525679756	38.26124980124026	0.0
50.0	30.224650081172395	38.142249133429864	12.015707954894477	19.61739283050327	0.0
51.0	50.92613766293162	10.74014787712478	9.533246944635007	28.800467515308586	0.0
52.0	17.96145956721463	22.254644208823272	23.340941264842687	36.442954959119405	0.0
53.0	42.51554567574875	15.969239087987022	24.45852984469344	17.056685391570788	0.0
54.0	31.614498102433757	27.51645137704119	17.1268409874308	23.742209533094254	0.0
55.0	35.52250982718979	19.60617073351628	12.330341912037381	32.540977527256544	0.0
56.0	32.05515906616669	30.716503366799724	12.709164953026086	24.519172614007502	0.0
57.0	39.967174925878865	17.72024565861923	17.301990681914443	25.010588733587465	0.0
58.0	15.862398471094124	27.335164835164832	33.95246058289537	22.849976110845677	0.0
59.0	51.376261834597784	7.097623675465546	7.279453257257508	34.246661232679166	0.0
60.0	9.326067462233565	38.8977029730289	15.003104090501482	36.77312547423605	0.0
61.0	29.212488006494947	8.362240755775334	21.794966418185844	40.63030481954388	0.0
62.0	42.454518341783476	12.406799880703847	9.85684461676111	35.281837160751564	0.0
63.0	37.83077425677883	42.94348252205162	5.423064358052923	13.802678863116629	0.0
64.0	54.05355150613611	9.975827445146896	8.358125697285237	27.61249535143176	0.0
65.0	52.55419415645617	26.107445805843543	8.972667295004713	12.36569274269557	0.0
66.0	31.37535816618911	7.688634192932186	43.361986628462276	17.574021012416427	0.0
67.0	22.923990786762033	9.5647957328161	51.1577160867984	16.35349739362347	0.0
68.0	14.346895074946467	46.00560039532202	14.41278207873497	25.23472245099654	0.0
69.0	21.451652995277158	24.881928908774547	16.157096694009446	37.50932140193885	0.0
70.0	28.9807976366322	15.5096011816839	28.389955686853767	27.11964549483013	0.0
71.0	25.023938716884775	22.023619533992978	22.757740185126078	30.19470156399617	0.0
72.0	32.705026455026456	15.83994708994709	20.8994708994709	30.555555555555557	0.0
73.0	31.57894736842105	16.196943972835314	21.01867572156197	31.205432937181666	0.0
74.0	30.60360042357925	17.931521355453583	19.41404871161313	32.05082950935404	0.0
75.0	28.389513108614235	18.389513108614235	17.97752808988764	35.243445692883896	0.0
76.0	30.558722919042193	17.141771189661725	21.70277461041429	30.596731280881794	0.0
77.0	29.688101655756643	18.482864844050827	20.06160954948017	31.76742395071236	0.0
78.0	30.632411067193676	17.549407114624508	21.34387351778656	30.474308300395258	0.0
79.0	28.50356294536817	17.418844022169438	22.446555819477435	31.631037212984957	0.0
80.0	30.507131537242472	17.868462757527734	20.324881141045957	31.299524564183834	0.0
81.0	30.37272006344171	18.596352101506742	19.032513877874703	31.99841395717684	0.0
82.0	29.456133386264387	19.213973799126638	19.29337038507344	32.03652242953553	0.0
83.0	27.550615323541088	20.00793965859468	20.087336244541483	32.35410877332275	0.0
84.0	30.182684670373312	18.864177918983323	19.49960285941223	31.453534551231137	0.0
85.0	30.294585987261147	19.068471337579616	18.590764331210192	32.046178343949045	0.0
86.0	31.314741035856574	18.725099601593627	19.960159362549803	30.0	0.0
87.0	31.274900398406373	17.649402390438247	20.717131474103585	30.35856573705179	0.0
88.0	30.845969672785316	18.196328810853952	18.954509177972863	32.00319233838787	0.0
89.0	32.161406312425086	19.017179384738313	19.057131442269277	29.76428286056732	0.0
90.0	31.00279664402717	18.13823411905713	20.015980823012384	30.842988413903317	0.0
91.0	31.721933679584495	19.176987614862163	17.658809428685576	31.44226927686776	0.0
92.0	30.74770091963215	18.952419032387045	19.392243102758897	30.90763694522191	0.0
93.0	30.880000000000003	18.240000000000002	19.36	31.52	0.0
94.0	30.184147317854283	20.09607686148919	19.175340272217774	30.544435548438752	0.0
95.0	32.171474358974365	18.790064102564102	18.108974358974358	30.929487179487182	0.0
96.0	33.894230769230774	18.229166666666664	18.870192307692307	29.00641025641026	0.0
97.0	28.938906752411576	18.488745980707396	20.69935691318328	31.87299035369775	0.0
98.0	31.239935587761675	19.887278582930755	19.122383252818036	29.75040257648953	0.0
99.0	31.15679161628376	17.372027408303104	18.25876662636034	33.2124143490528	0.0
100.0	32.42375601926163	18.45906902086677	19.62279293739968	29.49438202247191	0.0
101.0	31.45748987854251	18.097165991902834	19.473684210526315	30.971659919028337	0.0
102.0	31.890567578603513	17.35402204981625	19.232339730502247	31.523070641077993	0.0
103.0	30.724876441515654	18.945634266886326	19.151565074135092	31.177924217462934	0.0
104.0	30.88723051409619	17.16417910447761	19.776119402985074	32.172470978441126	0.0
105.0	28.488129945855896	18.533944189920867	21.574344023323615	31.403581840899626	0.0
106.0	29.727463312368975	20.08385744234801	19.20335429769392	30.9853249475891	0.0
107.0	28.70528109028961	19.207836456558773	20.05962521294719	32.027257240204435	0.0
108.0	29.267241379310345	18.53448275862069	21.465517241379313	30.732758620689655	0.0
109.0	30.20515058926233	18.638149279790483	19.423832387603667	31.73286774334352	0.0
110.0	29.432468103827542	17.861856577210737	19.137703475582928	33.5679718433788	0.0
111.0	29.946761313220943	17.8793256433008	20.851818988464952	31.32209405501331	0.0
112.0	30.42505592841163	17.807606263982105	19.86577181208054	31.901565995525726	0.0
113.0	28.15183009489381	18.029823768639854	19.792137370085854	34.02620876638048	0.0
114.0	30.660592255125284	18.633257403189067	19.81776765375854	30.888382687927106	0.0
115.0	31.41938447404685	18.695452457510335	18.465778594395957	31.41938447404685	0.0
116.0	30.162412993039446	18.700696055684453	20.97447795823666	30.162412993039446	0.0
117.0	30.347091932457786	18.574108818011258	20.356472795497186	30.722326454033773	0.0
118.0	32.544938505203405	18.968779564806056	19.5364238410596	28.949858088930934	0.0
119.0	30.805913209346684	18.073438245112065	19.45636623748212	31.664282308059132	0.0
120.0	30.86181993259509	18.728935965334617	19.6437168993741	30.765527202696198	0.0
121.0	29.388942774005823	18.574199806013578	20.999030067895248	31.03782735208536	0.0
122.0	31.295843520782395	17.163814180929098	19.951100244498775	31.58924205378973	0.0
123.0	28.705533596837945	17.490118577075098	21.245059288537547	32.559288537549406	0.0
124.0	29.526184538653368	18.952618453865338	22.144638403990026	29.376558603491272	0.0
125.0	29.45032778618255	18.608169440242055	20.37317196167423	31.568330811901156	0.0
126.0	30.051020408163264	17.857142857142858	20.408163265306122	31.683673469387756	0.0
127.0	30.231362467866322	19.640102827763496	17.63496143958869	32.49357326478149	0.0
128.0	32.2463768115942	18.892339544513455	17.184265010351968	31.67701863354037	0.0
129.0	32.35908141962422	18.11064718162839	19.154488517745303	30.37578288100209	0.0
130.0	30.24236037934668	19.17808219178082	18.440463645943098	32.1390937829294	0.0
131.0	31.366294524189257	18.71345029239766	17.27804359383307	32.642211589580015	0.0
132.0	31.307154384077464	17.966648735879506	18.558364712210864	32.16783216783217	0.0
133.0	31.090613130765053	18.556701030927837	16.766142159522516	33.586543678784594	0.0
134.0	31.503841931942922	19.374313940724477	16.794731064763997	32.32711306256861	0.0
135.0	30.72656683305602	18.302828618968388	19.911259012756517	31.05934553521908	0.0
136.0	30.992196209587515	18.67335562987737	17.391304347826086	32.94314381270903	0.0
137.0	32.54504504504504	18.91891891891892	19.98873873873874	28.5472972972973	0.0
138.0	32.027257240204435	18.45542305508234	18.909710391822827	30.607609312890403	0.0
139.0	29.73744292237443	20.776255707762555	18.493150684931507	30.993150684931507	0.0
140.0	31.990794016110474	17.433831990794015	16.858457997698505	33.71691599539701	0.0
141.0	33.64377182770664	19.20838183934808	19.79045401629802	27.357392316647267	0.0
142.0	35.16998827667057	19.753810082063307	16.881594372801874	28.194607268464246	0.0
143.0	35.36076326774001	17.829457364341085	16.57722122838402	30.23255813953488	0.0
144.0	27.569528415961308	23.035066505441353	19.28657799274486	30.10882708585248	0.0
145.0	27.658266748617088	24.769514443761526	20.95881991395206	26.61339889366933	0.0
146.0	27.038895859473023	23.27478042659975	23.27478042659975	26.411543287327476	0.0
147.0	27.480417754569192	26.762402088772845	22.193211488250654	23.563968668407313	0.0
148.0	25.23098791755508	30.49040511727079	21.890547263681594	22.388059701492537	0.0
149.0	20.837696335078533	31.518324607329845	20.209424083769633	27.43455497382199	0.0
