# Position (bp)	A	C	G	T	N
0.0	54.45289166440402	10.62992125984252	13.833831115938095	21.083355959815368	0.0
1.0	19.427097474884604	52.07711105077383	15.069237035025795	13.426554439315774	0.0
2.0	23.804377195352608	46.811672520940284	12.064306944069171	17.319643339637935	0.0
3.0	52.318059299191376	12.735849056603774	12.452830188679245	22.493261455525605	0.0
4.0	52.9229525862069	12.271012931034484	15.719288793103448	19.08674568965517	0.0
5.0	18.527987082884824	45.64047362755651	12.567276641550054	23.26426264800861	0.0
6.0	17.39714977144394	47.714439365420816	16.41570314600699	18.472707717128262	0.0
7.0	52.628041403414436	12.017744320473183	12.407581664202178	22.946632611910204	0.0
8.0	57.864338482202825	12.048354600402956	11.752854264607118	18.334452652787107	0.0
9.0	21.862837203059993	47.37619111528654	11.917863374043753	18.843108307609715	0.0
10.0	21.75429184549356	10.79667381974249	12.459763948497853	54.9892703862661	0.0
11.0	21.583601286173636	11.72293676312969	10.932475884244374	55.760986066452304	0.0
12.0	18.28517924023542	9.911717495987158	10.914927768860354	60.888175494917064	0.0
13.0	18.094475580464373	43.95516413130505	12.289831865492394	25.66052842273819	0.0
14.0	19.757688723205966	12.488350419384902	49.181200905338834	18.572759952070296	0.0
15.0	54.92901685020565	12.77696696298262	12.922913626111185	19.371102560700542	0.0
16.0	16.295707472178062	11.433492315845257	14.825119236883943	57.44568097509274	0.0
17.0	17.96090861067089	44.426835710512414	12.559429477020604	25.05282620179609	0.0
18.0	15.787391189659719	13.044051701398049	13.004484304932735	58.16407280400949	0.0
19.0	17.37243556023146	47.44871120462914	12.861651762230405	22.317201472908994	0.0
20.0	20.740351798372274	13.402467839327908	11.249671829876608	54.60750853242321	0.0
21.0	18.866195339094002	11.874836344592826	16.719036396962554	52.539931919350614	0.0
22.0	18.26382533664531	11.635507909530657	46.89501895672637	23.205647797097658	0.0
23.0	20.55867380237567	14.045163816734107	12.348257407649132	53.04790497324109	0.0
24.0	53.287242368901644	9.444299504304722	16.853639446908428	20.414818679885208	0.0
25.0	18.865710560625814	11.003911342894394	45.42372881355932	24.70664928292047	0.0
26.0	51.84847695912522	9.997396511325176	16.42801353814111	21.726112991408485	0.0
27.0	16.280583029672048	17.764185320145756	11.673607496095784	54.281624154086416	0.0
28.0	17.660818713450293	45.87394411955815	10.253411306042885	26.211825860948668	0.0
29.0	22.23232848232848	9.121621621621621	10.369022869022869	58.27702702702703	0.0
30.0	18.296817944705268	12.506520605112154	43.635889410537295	25.56077203964528	0.0
31.0	19.02765037347661	14.152797798453676	12.423011400864894	54.39654042720482	0.0
32.0	16.97338805772541	16.179001721170398	10.27406328611148	56.57354693499271	0.0
33.0	18.888741193672736	50.192742257078294	11.205636049448358	19.71288049980061	0.0
34.0	18.990033222591364	15.574750830564785	12.159468438538205	53.27574750830565	0.0
35.0	22.716378162450066	46.11185086551265	10.492676431424767	20.679094540612518	0.0
36.0	16.811671797617453	12.019809931736045	11.63164235042163	59.53687592022487	0.0
37.0	51.91477885652643	12.459546925566343	16.558791801510246	19.06688241639698	0.0
38.0	53.13558174183937	12.759041040227551	10.212650684003792	23.8927265339293	0.0
39.0	53.16490084216245	12.34718826405868	14.574843792447703	19.913067101331162	0.0
40.0	22.09032610178742	46.2000272888525	12.020739527902851	19.688907081457224	0.0
41.0	17.87724838665385	10.421529589454895	48.52395990663188	23.17726211725937	0.0
42.0	55.733186328555675	10.611907386990078	10.584343991179713	23.070562293274534	0.0
43.0	54.66148723640399	12.000554938956714	11.182019977802442	22.15593784683685	0.0
44.0	18.323586744639375	46.936786410470624	8.98078529657477	25.75884154831523	0.0
45.0	30.993539374890865	11.698969792212328	14.143530644316396	43.16396018858041	0.0
46.0	34.76457166562954	14.021987139597595	19.31134619373574	31.90209500103713	0.0
47.0	30.092892633398144	15.770144739684596	17.692806221646144	36.444156405271116	0.0
48.0	32.55966717757828	20.53864681410116	16.72870593387344	30.17298007444712	0.0
49.0	26.797529775033084	19.188354653727394	24.614027348919276	29.400088222320246	0.0
50.0	25.82649212336366	28.111826048369203	17.151098291546482	28.910583536720658	0.0
51.0	25.364758698092032	18.810325476992144	14.927048260381593	40.89786756453423	0.0
52.0	25.428313796212805	16.56898106402164	19.702434625789	38.30027051397656	0.0
53.0	27.391992761818596	24.655055417326395	20.040714770413935	27.912237050441075	0.0
54.0	25.36396724294813	23.202911737943584	18.926296633303004	32.506824385805274	0.0
55.0	26.951969041657183	17.77828363305258	16.731163214204418	38.53858411108582	0.0
56.0	32.20338983050847	17.773705909299128	19.44571690334402	30.577187356848373	0.0
57.0	31.231300345224394	14.568469505178367	26.398158803222096	27.802071346375147	0.0
58.0	27.02078521939954	18.290993071593533	25.381062355658194	29.307159353348727	0.0
59.0	32.36940298507462	18.983208955223883	18.959888059701495	29.6875	0.0
60.0	24.753405354626583	16.90934711131987	25.81023954908408	32.52700798496947	0.0
61.0	34.026956727358716	15.819342634192479	19.50815795696382	30.645542681484983	0.0
62.0	33.28550932568149	19.416547106647535	19.703491152558584	27.594452415112386	0.0
63.0	33.96029258098224	17.81609195402299	18.15569487983281	30.067920585161968	0.0
64.0	28.124170867604136	18.439904483948	21.305386044043512	32.13053860440435	0.0
65.0	31.209850107066384	18.41541755888651	21.25267665952891	29.1220556745182	0.0
66.0	28.294782140935986	16.29908552985476	20.97902097902098	34.42711135018827	0.0
67.0	28.69870410367171	17.92656587473002	20.38336933045356	32.99136069114471	0.0
68.0	25.569414316702822	19.739696312364423	20.47180043383948	34.219088937093275	0.0
69.0	27.876956879978028	19.66492721779731	20.32408678934359	32.13402911288107	0.0
70.0	27.325581395348834	22.452934662236988	20.29346622369878	29.928017718715395	0.0
71.0	28.484005563282338	21.863699582753824	19.33240611961057	30.319888734353267	0.0
72.0	26.683431126012852	19.61441743503772	20.452640402347026	33.2495110366024	0.0
73.0	26.614481409001954	18.98238747553816	22.169415711490075	32.23371540396981	0.0
74.0	28.22831308279175	17.971178298954506	22.548742582650465	31.25176603560328	0.0
75.0	28.945868945868945	20.883190883190885	20.997150997151	29.17378917378917	0.0
76.0	29.511494252873565	19.45402298850575	18.79310344827586	32.241379310344826	0.0
77.0	29.226774379688404	19.35949221004039	19.446047316791688	31.967686093479514	0.0
78.0	30.081300813008134	19.91869918699187	19.279907084785133	30.720092915214863	0.0
79.0	28.112215078901226	19.170075978959673	18.790181180596143	33.92752776154296	0.0
80.0	29.582843713278496	17.62632197414806	23.031727379553466	29.759106933019975	0.0
81.0	26.984126984126984	18.69488536155203	18.841857730746618	35.47912992357437	0.0
82.0	33.07783018867924	17.21698113207547	21.13797169811321	28.567216981132077	0.0
83.0	30.017761989342805	18.67969212551806	20.929544108940203	30.373001776198933	0.0
84.0	27.693225902715607	20.65055207400776	21.128021486123547	30.52820053715309	0.0
85.0	32.661654135338345	17.082706766917294	18.82706766917293	31.428571428571427	0.0
86.0	31.503941782898725	17.131594906003638	21.437234687689507	29.927228623408126	0.0
87.0	31.919438510833082	19.163869392737258	22.368019530057982	26.548672566371685	0.0
88.0	33.650891210817456	18.930547019053474	17.48617086662569	29.932390903503382	0.0
89.0	28.867574257425744	16.707920792079207	17.1720297029703	37.25247524752475	0.0
90.0	31.871890547263682	16.106965174129353	18.407960199004975	33.613184079601986	0.0
91.0	28.504380475594495	21.339173967459324	17.5531914893617	32.60325406758448	0.0
92.0	28.616253529965483	17.885158456228428	18.073423282083464	35.425164731722624	0.0
93.0	33.57526033449037	18.207636478384348	17.70274534553487	30.514357841590407	0.0
94.0	30.766793409378963	16.79340937896071	20.342205323193916	32.09759188846641	0.0
95.0	30.612892981899016	18.06922832645284	19.530009526833915	31.787869164814225	0.0
96.0	28.75837855090967	17.874241940631983	20.01276731567188	33.35461219278646	0.0
97.0	31.847338037203336	16.10006414368185	19.30724823604875	32.745349583066066	0.0
98.0	31.227844021914276	20.496293909120205	17.595874959716404	30.67998710924911	0.0
99.0	30.235559858018718	19.94191674733785	18.489835430784122	31.332687963859307	0.0
100.0	32.74910743265173	12.4634858812074	19.01979876663421	35.76760791950665	0.0
101.0	34.29319371727749	17.048429319371728	19.404450261780106	29.25392670157068	0.0
102.0	31.092161364381766	16.62840275500164	21.31846507051492	30.960970810101674	0.0
103.0	30.65525189331577	17.089232795521898	19.19657556799473	33.0589397431676	0.0
104.0	28.142527218739687	17.617947871989443	21.115143516991093	33.12438139227978	0.0
105.0	29.152878888153538	18.762409000661815	20.416942422236932	31.66776968894772	0.0
106.0	30.856381206264576	17.52749083638787	19.760079973342222	31.856047984005333	0.0
107.0	31.936997319034855	19.638069705093834	17.79490616621984	30.630026809651472	0.0
108.0	34.71380471380471	17.60942760942761	15.31986531986532	32.35690235690235	0.0
109.0	30.519918973666442	19.480081026333558	17.85955435516543	32.14044564483457	0.0
110.0	26.585283146829436	19.192946761614106	20.718887758562225	33.50288233299423	0.0
111.0	30.129076086956523	18.58016304347826	19.53125	31.759510869565215	0.0
112.0	25.92844974446337	19.31856899488927	21.567291311754687	33.18568994889268	0.0
113.0	29.488054607508534	19.522184300341298	17.81569965870307	33.1740614334471	0.0
114.0	29.660144181256438	16.95846206659801	20.562993477514592	32.81840027463097	0.0
115.0	27.632484514796975	18.444597384721266	19.683413626978666	34.2395044735031	0.0
116.0	30.20689655172414	18.241379310344826	17.93103448275862	33.62068965517241	0.0
117.0	30.617198335644936	18.793342579750348	19.27877947295423	31.31067961165049	0.0
118.0	26.921739130434787	16.243478260869566	22.36521739130435	34.469565217391306	0.0
119.0	24.45064527380537	20.230205790024417	25.60167422392745	29.717474712242765	0.0
120.0	25.480601188395667	23.138762670394968	22.404753582663403	28.975882558545962	0.0
121.0	29.66339410939691	18.513323983169705	18.05750350631136	33.76577840112202	0.0
122.0	29.153494906919562	17.035475939585528	21.777309448542326	32.03371970495258	0.0
123.0	33.54474982381959	17.019027484143763	18.217054263565892	31.219168428470756	0.0
124.0	31.95621468926554	17.231638418079097	21.00988700564972	29.80225988700565	0.0
125.0	28.444916755224938	18.7743535246192	20.155862557562877	32.624867162592984	0.0
126.0	30.3806474564212	17.893987904660264	19.28139452152259	32.44397011739594	0.0
127.0	28.952991452991455	18.233618233618234	21.18945868945869	31.62393162393162	0.0
128.0	30.824117017481267	15.947199429183017	20.08562254727078	33.143061006064926	0.0
129.0	31.086410899964147	18.39368949444245	18.142703477949084	32.37719612764431	0.0
130.0	32.758620689655174	18.031609195402297	15.301724137931034	33.90804597701149	0.0
131.0	31.4368023046453	19.913575801224344	18.005041411595247	30.644580482535112	0.0
132.0	30.137481910274964	16.316931982633864	23.33574529667149	30.20984081041968	0.0
133.0	29.37545388525781	20.588235294117645	19.680464778503996	30.355846042120554	0.0
134.0	25.32798833819242	22.339650145772595	19.56997084548105	32.762390670553934	0.0
135.0	28.775137111517367	16.380255941499087	20.585009140767824	34.25959780621572	0.0
136.0	25.183553597650516	18.979441997063144	20.594713656387665	35.24229074889868	0.0
137.0	29.023941068139962	15.543278084714549	21.694290976058934	33.73848987108656	0.0
138.0	30.458919319022947	18.393782383419687	19.87416728349371	31.273131014063654	0.0
139.0	30.415430267062316	17.359050445103858	18.620178041543024	33.6053412462908	0.0
140.0	29.389880952380953	16.741071428571427	20.535714285714285	33.33333333333333	0.0
141.0	29.71662938105891	16.62938105891126	20.13422818791946	33.51976137211036	0.0
142.0	30.460846759085804	14.64968152866242	20.232296740352194	34.65717497189959	0.0
143.0	35.107587768969424	18.23329558323896	18.648546621366556	28.010570026425064	0.0
144.0	31.674895556399544	18.609950626661604	18.571971135586786	31.143182681352073	0.0
145.0	28.380443086325442	18.983957219251337	18.94576012223071	33.68983957219251	0.0
146.0	29.700690713737526	17.191097467382964	18.76438986953185	34.34382194934766	0.0
147.0	29.78805394990366	17.341040462427745	19.03660886319846	33.834296724470136	0.0
148.0	25.552539744086854	20.58937572702598	21.40364482357503	32.45443970531214	0.0
149.0	29.996104402025708	19.322165952473703	17.763926762758082	32.9178028827425	0.0
150.0	29.67590784849668	18.313158922295976	17.805544709098008	34.20538852010933	0.0
151.0	28.70007830853563	19.694596711041505	19.537979639780737	32.06734534064213	0.0
152.0	28.1335952848723	21.218074656188605	15.599214145383103	35.049115913555994	0.0
153.0	31.9006309148265	18.53312302839117	17.981072555205046	31.585173501577284	0.0
154.0	29.841897233201582	15.889328063241107	21.976284584980238	32.29249011857708	0.0
155.0	31.12609040444092	20.697858842188737	16.256938937351308	31.91911181601903	0.0
156.0	32.098765432098766	14.814814814814813	20.111509358821188	32.97491039426524	0.0
157.0	30.73541167066347	17.54596322941647	21.502797761790568	30.215827338129497	0.0
158.0	29.43305186972256	21.95416164053076	16.123843988741456	32.488942501005226	0.0
159.0	36.10662358642973	14.135702746365105	18.25525040387722	31.502423263327948	0.0
160.0	26.48845686512758	18.752531389226405	24.139327663021465	30.619684082624545	0.0
161.0	29.922858302882666	18.026796589524967	20.828258221680876	31.222086885911487	0.0
162.0	30.875763747454176	18.73727087576375	20.65173116089613	29.735234215885946	0.0
163.0	30.036779730281975	17.490805067429505	16.71434409480997	35.75807110747854	0.0
164.0	31.980319803198032	15.293152931529317	21.894218942189422	30.83230832308323	0.0
165.0	32.84011508425812	16.48170982326346	20.96177558569667	29.716399506781748	0.0
166.0	29.392310872261262	19.636213311285655	20.463001240181892	30.508474576271187	0.0
167.0	27.66222961730449	19.17637271214642	22.37936772046589	30.782029950083196	0.0
168.0	28.123694107814458	17.969076473046385	20.434600919348096	33.47262849979106	0.0
169.0	27.938101212881637	18.36051861145964	19.615223755750733	34.08615641990799	0.0
170.0	30.28139437211256	16.841663166736666	19.361612767744646	33.51532969340613	0.0
171.0	30.374421539755996	18.25830879259571	16.870004206983594	34.49726546066471	0.0
172.0	29.995775242923532	19.814110688635402	17.068018588931135	33.12209547950993	0.0
173.0	29.080118694362017	17.422636710470538	19.626960576515472	33.87028401865197	0.0
174.0	29.476818375159507	19.948957890259464	18.37515950659294	32.19906422798809	0.0
175.0	27.8372591006424	18.501070663811564	21.970021413276232	31.69164882226981	0.0
176.0	29.100301334481276	18.63969005596212	18.42445114076625	33.835557468790356	0.0
177.0	28.676789587852497	20.17353579175705	20.0	31.149674620390456	0.0
178.0	27.59372275501308	20.53182214472537	19.57279860505667	32.30165649520488	0.0
179.0	25.904677846425418	18.976169461606354	23.87466902030009	31.24448367166814	0.0
180.0	29.19254658385093	15.084294587400176	21.73913043478261	33.984028393966284	0.0
181.0	27.79510022271715	19.643652561247215	19.643652561247215	32.91759465478842	0.0
182.0	32.88590604026846	16.241610738255034	18.88143176733781	31.991051454138702	0.0
183.0	27.92995060619668	22.496632240682533	20.88010776829816	28.69330938482263	0.0
184.0	30.613165013525702	18.935978358881876	19.47700631199279	30.973850315599638	0.0
185.0	27.55333635950976	20.426690876078073	23.876532001815708	28.143440762596462	0.0
186.0	29.749430523917997	18.041002277904326	21.73120728929385	30.478359908883828	0.0
187.0	30.983981693363845	20.320366132723112	17.894736842105264	30.800915331807783	0.0
188.0	29.136029411764707	18.887867647058822	20.909926470588236	31.066176470588236	0.0
189.0	28.723404255319153	18.87141535615171	20.582793709528215	31.822386679000925	0.0
190.0	31.136890951276104	16.334106728538284	19.953596287703014	32.575406032482604	0.0
191.0	27.45920745920746	20.79254079254079	20.186480186480185	31.56177156177156	0.0
192.0	30.412371134020617	19.587628865979383	21.1340206185567	28.865979381443296	0.0
193.0	31.276495525200186	17.663683466792275	20.160150730098916	30.89967027790862	0.0
194.0	26.95035460992908	21.70212765957447	23.073286052009458	28.274231678487	0.0
195.0	29.073634204275535	16.91211401425178	20.380047505938244	33.634204275534444	0.0
196.0	28.633093525179852	18.513189448441246	22.350119904076738	30.503597122302157	0.0
197.0	29.61165048543689	19.07766990291262	22.03883495145631	29.271844660194173	0.0
198.0	28.706467661691544	20.298507462686565	21.542288557213933	29.45273631840796	0.0
199.0	27.26321297749869	22.919937205651493	20.251177394034535	29.565672422815283	0.0
200.0	28.597560975609753	15.060975609756097	20.853658536585364	35.48780487804878	0.0
201.0	30.948275862068964	17.586206896551722	17.75862068965517	33.706896551724135	0.0
202.0	36.71875	16.319444444444446	17.100694444444446	29.86111111111111	0.0
203.0	34.81288076588338	17.145343777197564	20.017406440382942	28.024369016536117	0.0
204.0	34.79404031551271	15.86327782646801	24.101665205959684	25.241016652059596	0.0
205.0	35.45534924845269	16.445623342175068	23.607427055702917	24.49160035366932	0.0
206.0	31.826241134751772	20.124113475177303	18.882978723404257	29.166666666666668	0.0
207.0	26.690391459074732	22.68683274021352	15.92526690391459	34.69750889679715	0.0
208.0	28.456735057983945	16.057091882247992	20.785013380909902	34.70115967885816	0.0
209.0	24.573991031390136	17.937219730941703	21.076233183856502	36.412556053811656	0.0
210.0	26.666666666666668	17.207207207207205	17.92792792792793	38.1981981981982	0.0
211.0	30.88768115942029	19.202898550724637	20.47101449275362	29.438405797101446	0.0
212.0	26.800364630811302	15.770282588878759	22.51595259799453	34.91340018231541	0.0
213.0	27.772685609532537	22.181484876260313	18.240146654445464	31.805682859761685	0.0
214.0	28.978840846366143	25.758969641214353	17.571297148114077	27.69089236430543	0.0
215.0	29.732225300092335	23.361034164358262	16.15881809787627	30.747922437673132	0.0
216.0	29.897864438254413	16.991643454038996	17.827298050139277	35.28319405756732	0.0
217.0	25.918944392082942	18.001885014137606	22.90292177191329	33.17624882186617	0.0
218.0	26.382153249272548	17.652764306498543	20.077594568380214	35.88748787584869	0.0
219.0	20.27027027027027	20.686070686070686	24.636174636174637	34.407484407484404	0.0
220.0	0.0	30.914368650217703	24.092888243831638	44.99274310595066	0.0
