# Position (bp)	A	C	G	T	N
0.0	27.44585511575803	24.15982076176251	20.509708737864077	27.884615384615387	0.0
1.0	26.23226288274832	21.135175504107544	13.95631067961165	38.676250933532486	0.0
2.0	27.24897349757372	21.45390070921986	18.439716312056735	32.85740948114969	0.0
3.0	22.51352864340362	23.987684269453254	14.666915469303973	38.83187161783915	0.0
4.0	33.143656716417915	14.001865671641792	14.076492537313435	38.77798507462686	0.0
5.0	36.39246409252006	15.398246595784368	23.605670583846297	24.603618727849284	0.0
6.0	32.36336504383511	17.160977429584033	21.311322514456258	29.164335012124603	0.0
7.0	34.803692996362955	17.560384220833722	20.60990394479157	27.02601883801175	0.0
8.0	24.04177935279306	26.634337405576797	21.673039261400728	27.65084398022941	0.0
9.0	29.264198451925765	17.56970996922503	16.021635736267836	37.14445584258137	0.0
10.0	27.277814044577077	17.44847524013802	24.909073953184745	30.36463676210016	0.0
11.0	28.462184090273247	19.052503963443066	18.43700456961671	34.048307376666976	0.0
12.0	25.878951785880815	20.20889676396531	21.868879977618207	32.04327147253567	0.0
13.0	25.897603282663432	22.092697939009607	18.21318660822531	33.79651217010165	0.0
14.0	31.074025731866495	18.22673876561626	19.951519671825473	30.74771583069178	0.0
15.0	29.604772557792693	17.971662938105894	19.612229679343773	32.811334824757644	0.0
16.0	30.369956201658745	16.624732084614667	18.86124312738794	34.14406858633864	0.0
17.0	29.618932264977172	18.280070809652475	19.4633373707258	32.63765955464456	0.0
18.0	32.423367185316316	17.9446566663561	19.23972794186155	30.39224820646604	0.0
19.0	29.34873753843287	19.65899562098202	19.863970930774247	31.128295909810866	0.0
20.0	31.206334420121102	18.267349790405216	18.50023288309269	32.026082906381	0.0
21.0	29.735518718569566	17.787297448314398	18.914136710746877	33.563047122369156	0.0
22.0	29.381635313838707	18.05736636245111	20.171354069659152	32.38964425405103	0.0
23.0	29.434770462799143	18.13949157277214	19.471086693360647	32.95465127106807	0.0
24.0	31.75342210634137	17.236241735729585	19.322097029518577	31.688239128410466	0.0
25.0	28.975791433891995	18.379888268156424	19.67411545623836	32.970204841713226	0.0
26.0	29.953445065176908	17.802607076350093	20.065176908752328	32.17877094972067	0.0
27.0	29.382739037333582	18.843683083511777	20.15641001768923	31.61716786146541	0.0
28.0	30.481333209198397	17.624057350339818	18.992645005120565	32.90196443534121	0.0
29.0	30.090308164975326	18.67610092170189	19.30918908853924	31.924401824783537	0.0
30.0	30.497114131446658	17.976168311301432	18.96294917147645	32.56376838577546	0.0
31.0	29.175200148948054	17.976168311301432	19.633215416123626	33.21541612362688	0.0
32.0	29.066194953914902	18.331626477981565	19.914346895074946	32.68783167302858	0.0
33.0	29.94971130564351	19.072452970758054	18.681318681318682	32.29651704227975	0.0
34.0	31.380947946736192	17.375919545581525	18.418847192476022	32.82428531520626	0.0
35.0	31.570124790463773	17.26578506239523	19.351834606071893	31.8122555410691	0.0
36.0	29.46162444113264	18.70342771982116	18.908345752608046	32.92660208643815	0.0
37.0	28.681881695388917	18.854215183977644	18.835584536562646	33.6283185840708	0.0
38.0	29.973919523099852	18.312220566318928	19.597615499254843	32.11624441132638	0.0
39.0	29.498882265275704	18.489195230998508	19.551043219076007	32.46087928464977	0.0
40.0	29.194224499301352	18.816953889147648	20.204937121564974	31.783884489986026	0.0
41.0	29.66930600838379	19.059152305542618	19.28272007452259	31.988821611551	0.0
42.0	30.10712622263624	18.667908709827667	20.139729855612483	31.08523521192361	0.0
43.0	30.706167318800077	18.87460406185951	19.51742127818148	30.901807341158932	0.0
44.0	30.613005403391092	18.4460592509782	20.91485000931619	30.026085336314512	0.0
45.0	31.171976895844978	18.623066890255263	19.237935531954538	30.967020681945222	0.0
46.0	30.389416806409542	17.840506800819824	19.46152412893609	32.30855226383454	0.0
47.0	29.08125232948192	18.66380916884085	20.387625792023854	31.867312709653373	0.0
48.0	30.516213194185614	18.011554230339172	19.10175177040626	32.37048080506895	0.0
49.0	28.62467387253075	19.83786805814387	19.60491986582184	31.93253820350354	0.0
50.0	28.823036063740563	18.38598453079862	20.389525673283014	32.401453732177806	0.0
51.0	30.276768241543195	17.73366880998975	19.64402199235859	32.34554095610847	0.0
52.0	29.328984156570364	17.800559179869524	19.72972972972973	33.140726933830386	0.0
53.0	30.67101584342964	18.303821062441752	18.90959925442684	32.11556383970177	0.0
54.0	31.342031686859272	17.856477166821993	19.934762348555452	30.866728797763283	0.0
55.0	30.18551319101333	18.411485037755195	19.13862216836021	32.26437960287126	0.0
56.0	30.241446816444483	17.82418197072807	19.753892048102916	32.18047916472453	0.0
57.0	28.16520604139474	17.508856983031883	20.82789483498042	33.49804214059296	0.0
58.0	29.246690285288086	18.17079992541488	19.970165951892596	32.61234383740444	0.0
59.0	29.414506805892227	17.75125862390453	20.06339735222823	32.770837217975014	0.0
60.0	29.134812604885322	18.385232146186837	19.289576729442476	33.190378519485364	0.0
61.0	29.31195226552303	17.52750326309901	19.522655230281558	33.6378892410964	0.0
62.0	29.426573426573427	18.424242424242422	19.729603729603728	32.41958041958042	0.0
63.0	29.67832167832168	17.2027972027972	19.60839160839161	33.51048951048951	0.0
64.0	29.21212121212121	18.72261072261072	19.916083916083917	32.14918414918415	0.0
65.0	30.172494172494176	18.25641025641026	19.953379953379955	31.617715617715618	0.0
66.0	31.020979020979023	17.836829836829835	19.18881118881119	31.95337995337995	0.0
67.0	29.783662812383437	17.549421857515853	20.048489369638194	32.61842596046252	0.0
68.0	29.901137847416525	17.82316731952994	19.66051109867562	32.615183734377915	0.0
69.0	28.75664583527656	17.955414606846375	20.902900848801416	32.385038709075644	0.0
70.0	28.840593228243634	16.938718403134036	20.194011752635017	34.02667661598732	0.0
71.0	30.808693218916144	17.647607499300438	19.92351459751889	31.62018468426453	0.0
72.0	29.894599384385785	18.90681839380655	19.074713179740694	32.12386904206697	0.0
73.0	28.86857569256599	18.71094114355004	19.08404066784815	33.336442496035815	0.0
74.0	30.39828374218823	17.097285700960732	19.75561981158474	32.7488107452663	0.0
75.0	29.5961197649473	18.188601809532692	18.78556104840966	33.42971737711034	0.0
76.0	30.652985074626866	17.78917910447761	18.48880597014925	33.06902985074627	0.0
77.0	31.287313432835823	17.238805970149254	19.43097014925373	32.042910447761194	0.0
78.0	29.748134328358212	18.64738805970149	18.386194029850746	33.218283582089555	0.0
79.0	30.87686567164179	18.041044776119403	19.300373134328357	31.78171641791045	0.0
80.0	29.968277663743237	19.05206195185669	19.070722149654788	31.90893823474529	0.0
81.0	31.053466455164692	17.514229728468788	18.71792479238593	32.71437902398059	0.0
82.0	30.362142990479747	18.340489079708792	19.423184618256485	31.874183311554976	0.0
83.0	30.194138510360276	18.275154004106774	18.70449878663431	32.82620869889863	0.0
84.0	29.587455665484413	17.173791301101364	19.115176404704126	34.1235766287101	0.0
85.0	29.45678551428038	17.603136083628897	18.91917117789808	34.02090722419264	0.0
86.0	31.394697535474236	16.103435399551906	23.87042569081404	28.63144137415982	0.0
87.0	29.85436893203883	21.013816280806573	20.164301717699775	28.967513069454814	0.0
88.0	31.99215832710978	18.502613890963403	19.305451829723673	30.199775952203133	0.0
89.0	28.174010455563852	24.271844660194176	19.352128454070204	28.202016430171774	0.0
90.0	34.316654219566836	14.805825242718445	19.548170276325617	31.329350261389095	0.0
91.0	26.549663928304707	21.396564600448094	28.47274085138163	23.58103061986557	0.0
92.0	24.612511671335202	19.66386554621849	17.38562091503268	38.33800186741364	0.0
93.0	27.376283846872084	20.45751633986928	18.291316526610643	33.87488328664799	0.0
94.0	23.18394024276377	22.054154995331466	16.694677871148457	38.0672268907563	0.0
95.0	33.66013071895425	14.360410830999065	15.95704948646125	36.022408963585434	0.0
96.0	35.94246217074538	15.159723519521764	22.800298897814308	26.097515411918547	0.0
97.0	30.42503503035964	16.97337692666978	21.46660439047174	31.134983652498832	0.0
98.0	35.78101644245142	14.228325859491777	22.234678624813153	27.755979073243648	0.0
99.0	26.48542600896861	19.5254110612855	25.186846038863976	28.80231689088191	0.0
