# Position (bp)	A	C	G	T	N
0.0	33.03675066461976	18.58454712247725	22.01178529973415	26.36691691316883	0.0
1.0	29.97669150410005	19.25876174785637	15.16643576590407	35.59811098213952	0.0
2.0	33.51795044586554	18.299557059323167	18.123597530014905	30.058894964796394	0.0
3.0	26.137544102645695	24.02833799706138	14.169232496981834	35.66488540331109	0.0
4.0	39.65557980830193	9.804582131418691	13.052500567327105	37.48733749295228	0.0
5.0	40.94016254228486	15.493451988265514	20.809061942927727	22.7573235265219	0.0
6.0	37.611996163473464	18.840152525323415	19.53985074976022	24.00800056144291	0.0
7.0	41.67216412847685	19.374692960909538	15.07801717079561	23.875125739818	0.0
8.0	26.938966477179687	30.69735887898566	19.67506491683627	22.688609726998386	0.0
9.0	33.13799798816291	22.616323952558073	12.929328373920976	31.316349685358034	0.0
10.0	31.678246426649824	17.02832947341334	20.311600814092216	30.981823285844623	0.0
11.0	33.877465085269144	20.277914239595763	17.409876716494725	28.434743958640375	0.0
12.0	25.84696002058624	21.442440405174633	17.648489952511287	35.062109621727835	0.0
13.0	26.555781692282498	21.78094369195499	17.808033312279225	33.85524130348328	0.0
14.0	33.225255573490536	19.714833789505697	18.82588251807144	28.234028118932326	0.0
15.0	33.71441270732449	17.367768498374154	13.899688867055	35.018129927246356	0.0
16.0	32.15172994596112	16.39272931433785	18.534867943949283	32.92067279575175	0.0
17.0	32.974477741128034	19.244859288371114	20.7815753152268	26.999087655274057	0.0
18.0	30.83795354059934	16.996280440732683	20.914216202306594	31.251549816361386	0.0
19.0	36.27973892904765	18.381406882354316	17.67586029428966	27.662993894308375	0.0
20.0	37.962664046599755	15.970945329496807	20.303880974103446	25.762509649799988	0.0
21.0	32.45420731279388	18.52059793669731	18.767398881792875	30.25779586871593	0.0
22.0	35.856317402390815	16.153882143776173	21.899782440873043	26.090018012959977	0.0
23.0	28.393103609610034	18.150513486326524	24.936486771001473	28.519896133061966	0.0
24.0	39.51598942615856	16.475074274218073	16.06732636208389	27.941609937539475	0.0
25.0	38.41439165321543	15.125739817998923	19.21748894659274	27.242379582192903	0.0
26.0	34.014550728706105	16.020071583970804	24.663485156853113	25.301892530469978	0.0
27.0	32.74522188691604	19.586403724237957	22.260977378529486	25.40739701031651	0.0
28.0	27.846398577677967	18.355440147846632	21.386296114347207	32.411865160128194	0.0
29.0	33.982735630570566	18.001263246543616	20.932930965915737	27.08307015697008	0.0
30.0	32.62599283053349	15.983927274431245	15.327194770506782	36.06288512452848	0.0
31.0	40.55985733727533	10.476793842977147	17.71387676568586	31.249472054061666	0.0
32.0	38.082997387040756	13.832662226128178	23.47940615847869	24.604934228352374	0.0
33.0	37.14244030307669	13.928564595132405	19.201314480330627	29.72768062146028	0.0
34.0	30.062808925023592	16.920505625837897	20.166523784205932	32.85016166493258	0.0
35.0	27.565122975366492	18.036173558774827	25.624165244045006	28.77453822181367	0.0
