# Position (bp)	A	C	G	T	N
0.0	26.07781617166372	23.933145624984682	24.14922879952099	25.8398094038306	0.0
1.0	26.789107617024634	20.563827130810992	15.80308241747688	36.843982834687495	0.0
2.0	29.066113784751142	19.614818358476853	17.801979164679977	33.51708869209203	0.0
3.0	23.458472925248472	22.57173626367224	14.968737722741823	39.001053088337464	0.0
4.0	34.354616201388026	13.100402744274597	14.860389928480455	37.684591125856926	0.0
5.0	35.223269782130394	14.812768908531353	23.437962686817094	26.525998622521158	0.0
6.0	31.670657533339952	17.336364538866274	21.013322743969027	29.979655183824743	0.0
7.0	35.1433866110725	17.25878420861048	20.252834309540354	27.344994870776663	0.0
8.0	22.392719812038784	27.221774380356727	22.876296369833547	27.509209437770938	0.0
9.0	27.502207220622786	18.62101326979715	15.577444654025612	38.29933485555445	0.0
10.0	26.870631059929185	16.589404017340083	25.133750289552932	31.406214633177804	0.0
11.0	28.13272444488567	18.582600350772694	19.381912042092722	33.90276316224892	0.0
12.0	26.128144544822796	19.840550646943974	21.00814719216387	33.02315761606936	0.0
13.0	26.394387636917173	20.903312485522356	19.135603428306695	33.56669644925378	0.0
14.0	30.71713822429597	18.42647341076806	20.44332373672193	30.413064628214038	0.0
15.0	29.547688540322316	18.68306694463748	20.18990701214468	31.579337502895527	0.0
16.0	29.98019788874549	17.84237731228697	18.831741619510904	33.34568317945663	0.0
17.0	30.4586783149674	17.833071908401998	19.786941990138654	31.921307786491944	0.0
18.0	31.805949899070125	17.865898937754395	19.275422747278203	31.052728415897285	0.0
19.0	30.138111783976967	18.65839372580165	19.915113008372217	31.28838148184917	0.0
20.0	29.661140342168835	17.98745160329594	20.22094708627023	32.130460968265	0.0
21.0	29.169992388894407	18.654157980078757	20.417220953704625	31.758628677322214	0.0
22.0	29.97446639531421	18.876561103941228	22.904119924550777	28.244852576193786	0.0
23.0	29.80733975313544	20.272993811840234	21.274774148714386	28.644892286309936	0.0
24.0	33.25022006022701	19.480750521195276	17.780019193222806	29.48901022535491	0.0
25.0	29.723935272510673	20.866474734438597	19.63483900857077	29.774750984479965	0.0
26.0	32.12593401502366	16.562771766107414	22.506131903769152	28.805162315099768	0.0
27.0	26.306998907971806	21.100301135047488	24.968344419074093	27.624355537906613	0.0
28.0	26.943194678844435	19.791813097719977	18.96274529269665	34.30224693073894	0.0
29.0	28.18348721003342	20.248651510639	17.296879446705717	34.270981832621864	0.0
30.0	26.777044570067687	18.950966728859065	16.076170625576957	38.19581807549629	0.0
31.0	34.66102462707646	14.307220247389935	18.492171137130338	32.539583988403265	0.0
32.0	34.67022243691024	15.477100504181385	22.57856407263164	27.274112986276737	0.0
33.0	31.52099732243425	17.334188091913056	21.267502761443925	29.877311824208768	0.0
34.0	33.10457208012714	16.716246963855895	22.100627744048936	28.07855321196802	0.0
35.0	26.61201045817719	20.350599426536178	25.7634446506911	27.27394546459554	0.0
