# Position (bp)	A	C	G	T	N
0.0	25.9893403185604	23.824720281660987	23.816237549257686	26.369701850520926	0.0
1.0	26.010694716742904	19.654881317434032	15.566575597092488	38.767848368730576	0.0
2.0	28.28687689948556	18.916784315345613	18.570154230112156	34.226184555056676	0.0
3.0	22.8759221786743	22.19480570650131	15.273728535951717	39.655543578872674	0.0
4.0	33.82899483216625	13.351486917885987	14.730619481557072	38.08889876839069	0.0
5.0	34.902220477872525	14.897482189793177	22.859737633948214	27.34055969838608	0.0
6.0	30.690421136827865	17.39071694502093	20.863968095986053	31.05489382216515	0.0
7.0	34.52836380135839	17.165143098914072	19.917811923227067	28.388681176500473	0.0
8.0	22.17027747514468	27.09598671883912	22.372227386885548	28.361508419130647	0.0
9.0	27.920702739263213	18.405575667138287	15.672354012315463	38.00136758128303	0.0
10.0	25.948679833085436	16.27754726285371	25.433225184617285	32.34054771944356	0.0
11.0	27.912710751801505	17.740080968347257	19.414754369595357	34.93245391025588	0.0
12.0	26.21290064713215	19.22581998029214	21.392038667518765	33.16924070505694	0.0
13.0	25.908453496194817	20.77035718570534	18.69883403562923	34.622355282470615	0.0
14.0	30.51684278057608	18.035061419850784	20.749378218618343	30.69871758095479	0.0
15.0	29.73393246599338	18.107626763148986	19.826018238666816	32.332422532190826	0.0
16.0	29.5974121944599	17.684926740590647	18.611017316258263	34.1066437486912	0.0
17.0	30.06140415223709	17.88566833994147	19.623763870260742	32.429163637560706	0.0
18.0	30.386326013909677	17.49896080377321	18.709585161619394	33.40512802069773	0.0
19.0	29.67334558961696	18.055364873711852	19.752805924955048	32.518483611716135	0.0
20.0	29.847932458572245	17.525334362396862	19.771777380905828	32.85495579812506	0.0
21.0	28.884555455687426	18.24941794069888	19.510810447468526	33.35521615614517	0.0
22.0	29.61379576875641	18.884838029529824	22.395955978230205	29.105410223483563	0.0
23.0	29.649464769939698	20.25506427984058	21.033312601737286	29.06215834848243	0.0
24.0	31.83594885394424	19.51955406232247	18.305190596056697	30.33930648767659	0.0
25.0	28.954580488685295	21.04897309145393	19.24408738020463	30.752359039656145	0.0
26.0	32.267126091774465	16.588778088862718	21.47357596816982	29.670519851193	0.0
27.0	26.19348202045435	20.97648386232203	25.098617795282767	27.73141632194085	0.0
28.0	26.02303385929174	19.45003328567635	18.315542122673772	36.21139073235814	0.0
29.0	27.906555018601825	19.579512996826896	17.25562381410561	35.25830817046567	0.0
30.0	26.274834580654797	19.335965101108844	16.543116137687825	37.84608418054853	0.0
31.0	33.8981155998396	14.15367248258195	17.646980066153834	34.30123185142462	0.0
32.0	34.193069331227235	15.501365695713776	22.40693680846107	27.898628164597923	0.0
33.0	30.757022466127896	17.74589242363914	20.812618766294985	30.684466343937977	0.0
34.0	33.25671318063385	16.25444666771254	21.19849827867703	29.290341872976583	0.0
35.0	25.6484468186442	20.21039116454876	25.500715766400745	28.640446250406292	0.0
