# Position (bp)	A	C	G	T	N
0.0	26.17297866171761	23.81896244628661	23.841614141215654	26.166444750780123	0.0
1.0	26.607242635336043	20.244081355629802	15.31496886446776	37.8337071445664	0.0
2.0	28.863285498839016	19.149029263833498	17.964272145551604	34.023413091775886	0.0
3.0	23.098724251655696	22.59104250108283	15.00176313535842	39.308470111903056	0.0
4.0	34.199393149189376	12.958216947959771	14.700033017697004	38.142356885153845	0.0
5.0	34.81317566427769	14.758773092475938	23.2697451814865	27.158306061759873	0.0
6.0	31.073964705224622	17.262580077383234	21.00545673266926	30.65799848472288	0.0
7.0	35.05976042813326	16.93272776870625	20.099736465163083	27.907775337997403	0.0
8.0	22.357747577195273	26.90554290682588	22.831837977162884	27.90487153881596	0.0
9.0	27.701593547155774	18.466945849085338	15.578244013595082	38.25321659016381	0.0
10.0	26.50001108504252	16.522243824667402	24.976215354422546	32.001529735867535	0.0
11.0	28.10955925870947	18.23488289375517	19.25270667820796	34.4028511693274	0.0
12.0	26.077683014051978	19.81764623098915	20.97364748022525	33.13102327473362	0.0
13.0	26.158929146336057	20.683002484977358	18.72975774844472	34.42831062024187	0.0
14.0	30.353087521712226	18.57931444313566	20.193176144217368	30.87442189093475	0.0
15.0	29.710251447320985	18.497008002436782	19.899518909154704	31.89322164108753	0.0
16.0	29.892154585255543	17.605577800611893	18.540131227625086	33.96213638650748	0.0
17.0	30.43033339952228	17.79762616224261	19.758883456682547	32.01315698155256	0.0
18.0	31.1762724182936	17.788059288590887	18.788785599855025	32.24688269326049	0.0
19.0	29.827307086523096	18.38335016974574	19.90756761393978	31.88177512979139	0.0
20.0	29.53549334222707	17.783697565339097	20.01221282510502	32.668596267328816	0.0
21.0	29.007773024597228	18.35326391847578	19.85190142216276	32.787061634764235	0.0
22.0	29.754049414227797	18.831655796898886	22.73749462616417	28.67680016270915	0.0
23.0	29.829608437741584	20.118026785318392	20.88281037637093	29.169554400569098	0.0
24.0	32.68728420313967	19.243995280663636	17.860220505593606	30.208500010603085	0.0
25.0	29.499539247797934	20.964273389921672	19.333747978184636	30.202439384095758	0.0
26.0	31.90493322948737	16.578512464407375	22.001267068555684	29.515287237549572	0.0
27.0	26.325397567459714	21.126127059649097	24.902391381042072	27.646083991849117	0.0
28.0	26.504143878068387	19.625995485013988	18.567928176635814	35.30193246028181	0.0
29.0	28.20449300871188	19.909640034932345	17.278581095279314	34.60728586107646	0.0
30.0	26.533119894775965	18.998003268695378	15.884835887421584	38.58404094910707	0.0
31.0	34.357001502309444	14.1836355500768	18.19861478321441	33.26074816439935	0.0
32.0	34.262848740552485	15.526439390807125	22.48557191139381	27.725139957246586	0.0
33.0	31.212716565819697	17.146895941013163	20.840980621749477	30.799406871417666	0.0
34.0	33.200161724515866	16.396290965416437	21.9079852343338	28.495562075733893	0.0
35.0	26.278173966657718	20.26733481292696	25.588319558739194	27.866171661676127	0.0
