# Position (bp)	A	C	G	T	N
0.0	48.11588464330496	15.42928792978288	19.91024879561803	16.544578631294133	0.0
1.0	20.331265672429723	42.86656988253926	18.93889402138049	17.86327042365052	0.0
2.0	24.212883678039784	38.65762086681597	14.866289026478723	22.263206428665523	0.0
3.0	45.69924317209608	18.308654162553474	15.623560381704507	20.368542283645937	0.0
4.0	48.20806207667522	15.223252449529824	14.098770303149866	22.4699151706451	0.0
5.0	22.055055515406348	38.5191511727219	14.808488272781025	24.61730503909073	0.0
6.0	22.294414911071733	38.452451269935025	17.523134475290412	21.72999934370283	0.0
7.0	46.62950819672131	15.22622950819672	14.957377049180328	23.18688524590164	0.0
8.0	45.01637197118533	17.341191879502293	13.785199738048462	23.857236411263916	0.0
9.0	20.98789663068368	38.75040889761204	15.034347399411189	25.2273470722931	0.0
10.0	19.53211788538195	14.925178069659545	14.859831405606744	50.682872639351764	0.0
11.0	18.92861803471225	16.07725433903171	14.46561398929923	50.52851363695681	0.0
12.0	19.71436024520673	15.03195513238555	14.581974696752315	50.671709925655406	0.0
13.0	22.106496549928394	38.06795990105455	16.059106887124074	23.766436661892985	0.0
14.0	21.944877795111807	15.01560062402496	39.49557982319293	23.543941757670307	0.0
15.0	44.81998053843659	15.296788842036976	17.943561466104445	21.939669153421992	0.0
16.0	20.13092228919567	17.39581307926632	15.490310454339232	46.982954177198785	0.0
17.0	21.989257749304343	38.70445868116224	15.336827800427102	23.969455769106325	0.0
18.0	19.407809671580036	17.423066976984742	15.528833721230928	47.64028963020429	0.0
19.0	21.76664299089559	39.833408665332215	14.960934977723253	23.439013366048943	0.0
20.0	20.554480980012897	16.50548033526757	15.918762088974855	47.02127659574468	0.0
21.0	20.89744415116204	16.38447176978047	17.79437326981266	44.92371080924483	0.0
22.0	20.61961691734156	13.652140377940608	39.19526931482196	26.532973389895876	0.0
23.0	22.3770386541672	15.204828560421216	15.2947219725183	47.12341081289328	0.0
24.0	45.55826176131265	13.479041148570698	14.427637482374053	26.535059607742596	0.0
25.0	21.72215108834827	15.032010243277849	36.56209987195903	26.68373879641485	0.0
26.0	47.670479964210394	13.676743145650924	14.55870134850131	24.094075541637373	0.0
27.0	20.320173480451558	18.642770584858727	12.806939218062377	48.230116716627336	0.0
28.0	23.319327731092436	36.223580341227404	12.738731856378916	27.718360071301245	0.0
29.0	23.63520813473149	12.430886558627265	15.030187480139814	48.90371782650143	0.0
30.0	24.80738618274435	14.243871378541867	36.28780643107291	24.66093600764088	0.0
31.0	24.150919305413687	12.831971399387129	13.789581205311544	49.22752808988764	0.0
32.0	22.91639994879017	13.737037511202152	14.50518499551914	48.84137754448854	0.0
33.0	24.083333333333336	38.730769230769226	13.467948717948719	23.717948717948715	0.0
34.0	26.584225027231373	12.50720830396617	14.064201960658679	46.84436470814378	0.0
35.0	23.07247494217425	36.28887175533282	14.764841942945258	25.873811359547673	0.0
36.0	23.285815648584148	14.726182029284654	15.061600980455395	46.926401341675806	0.0
37.0	45.93057081905747	16.025599586269312	15.075311914150882	22.968517680522336	0.0
38.0	45.10337675805302	16.118996694536264	14.083868040702574	24.693758506708146	0.0
39.0	46.586188992731046	14.388629283489095	14.213395638629283	24.811786085150572	0.0
40.0	20.8955223880597	37.01885310290652	15.403246923278346	26.682377585755436	0.0
41.0	23.08805155520484	13.783126191885318	39.55415269283883	23.574669560071023	0.0
42.0	48.02931273519509	14.795008912655971	14.346075130388854	22.829603221760085	0.0
43.0	47.181225900811064	15.622922483712273	13.076718521473207	24.119133094003455	0.0
44.0	25.22600950914083	37.574499430790866	12.884216165539408	24.315274894528898	0.0
45.0	31.08681462140992	15.208877284595301	17.74640992167102	35.95789817232376	0.0
46.0	29.318639027376893	16.732266246829354	20.956879209306393	32.99221551648736	0.0
47.0	31.89094107299912	17.449428320140722	18.32014072119613	32.33948988566403	0.0
48.0	27.297535211267604	20.633802816901408	19.110915492957748	32.95774647887324	0.0
49.0	29.652496031046038	17.70153466219792	18.54824484035985	34.09772446639619	0.0
50.0	27.199504337050804	22.517259691980883	19.552133120906355	30.73110285006196	0.0
51.0	30.314855875831487	19.405764966740577	17.756097560975608	32.52328159645233	0.0
52.0	27.772351948859097	19.461955074136554	21.43301074314126	31.33268223386309	0.0
53.0	29.27763427451679	19.39075443128173	20.67337668121493	30.65823461298655	0.0
54.0	27.975022301516507	23.238180196253346	19.393398751115075	29.393398751115075	0.0
55.0	30.123500984428137	18.739931984965096	17.549668874172188	33.58689815643458	0.0
56.0	27.059983860844618	18.766251232852145	21.16022594817538	33.01353895812786	0.0
57.0	31.332554587114746	18.564111780034146	20.136580106029292	29.966753526821815	0.0
58.0	28.948316225463717	21.7720151269584	18.935710426796327	30.34395822078156	0.0
59.0	26.951823502926608	19.60378208014408	20.459252588923906	32.9851418280054	0.0
60.0	29.762656799927807	17.426225069939534	20.566735854164786	32.24438227596787	0.0
61.0	30.489017445539186	19.00027117418422	20.934647021603546	29.576064358673054	0.0
62.0	30.716353111432703	19.13892908827786	20.40520984081042	29.739507959479017	0.0
63.0	31.055112400290064	18.174401740391588	20.703408266860045	30.067077592458304	0.0
64.0	26.36454454636273	21.051675597130142	22.17782217782218	30.405957678684953	0.0
65.0	28.406298352598526	17.875671247838355	20.36952762355511	33.34850277600801	0.0
66.0	27.95149968091895	16.929528671711186	23.42966542073115	31.68930622663871	0.0
67.0	29.681074659599744	17.801334186237778	18.285662067074842	34.231929087087636	0.0
68.0	28.10637322329207	19.220541036221917	20.29344337459881	32.37964236588721	0.0
69.0	28.610804851157663	20.442851892686512	20.49797868430724	30.448364571848586	0.0
70.0	28.960236184149828	20.444690469600516	20.250945659193654	30.344127687055998	0.0
71.0	28.927911275415894	21.367837338262476	19.48243992606285	30.22181146025878	0.0
72.0	28.52510654067074	19.770242727441172	20.251991847322586	31.452658884565498	0.0
73.0	30.105028348359514	17.018310251882145	20.1412770703597	32.73538432939864	0.0
74.0	31.886757310486125	17.10746880238406	21.568262246228347	29.43751164090147	0.0
75.0	32.620270901447924	20.093414292386736	18.93507706679122	28.351237739374124	0.0
76.0	30.143271841932766	21.125573555576366	16.771233261541344	31.959921340949528	0.0
77.0	29.45205479452055	19.91930943891912	18.024019515856633	32.60461625070369	0.0
78.0	30.172899830858864	17.355760195451982	21.236609659838376	31.23473031385078	0.0
79.0	29.96141902700668	19.3845864307895	18.895266773313256	31.75872776889056	0.0
80.0	28.934727324102855	18.865969671281906	20.259960440802484	31.93934256381275	0.0
81.0	26.77039132484677	20.056577086280054	21.065535124941064	32.10749646393211	0.0
82.0	31.167359274650547	17.48205515678126	22.08160181337363	29.26898375519456	0.0
83.0	30.977386696943892	17.712177121771216	20.79666950515659	30.513766676128302	0.0
84.0	27.235695339143618	20.092838196286472	20.538082607048125	32.13338385752179	0.0
85.0	28.79248148851338	19.14752230871464	21.51129675337004	30.54869944940194	0.0
86.0	27.643360640121927	20.422937702419507	22.36616498380644	29.56753667365212	0.0
87.0	29.251311397234144	19.046256556986172	22.1173104434907	29.585121602288982	0.0
88.0	31.874223454076265	20.12807034311383	16.993214183312624	31.004492019497278	0.0
89.0	30.251698727150924	17.169107091587712	19.064025265575655	33.51516891568571	0.0
90.0	29.7193755387415	16.655492768891868	20.764294607796188	32.86083708457044	0.0
91.0	28.396126929345222	19.72006519029815	17.323363052439845	34.56044482791679	0.0
92.0	29.07780979827089	18.280499519692604	18.703170028818445	33.938520653218056	0.0
93.0	32.72306802852187	17.450375794950858	19.52206590865292	30.30449026787435	0.0
94.0	30.631152287203246	17.322910635012544	18.84771279675738	33.198224281026825	0.0
95.0	30.42678796090196	16.539243201393596	20.623245911158424	32.410722926546015	0.0
96.0	30.920031055900623	15.178571428571427	19.031444099378884	34.869953416149066	0.0
97.0	29.13225148187737	17.957438538528812	20.960062190263336	31.950247789330483	0.0
98.0	31.843847352024923	19.694314641744548	16.705607476635514	31.756230529595015	0.0
99.0	27.23196881091618	20.701754385964914	20.077972709551656	31.988304093567248	0.0
100.0	32.42794333170493	17.127503663898388	18.47581827063996	31.968734733756715	0.0
101.0	29.884494909945186	20.43852779953015	20.82028191072827	28.8566953797964	0.0
102.0	29.681978798586574	16.52925009815469	19.51315272870043	34.275618374558306	0.0
103.0	29.154346540508573	19.79105066035876	20.244431302976544	30.81017149615612	0.0
104.0	28.32575607827634	17.879027475785726	20.41905514923898	33.37616129669895	0.0
105.0	28.834538073076544	17.714625210416873	20.774334092484402	32.67650262402218	0.0
106.0	31.400198609731877	19.572989076464747	18.669314796425024	30.357497517378352	0.0
107.0	30.474198047419804	19.266786212392905	19.9442119944212	30.31480374576609	0.0
108.0	31.27494014365523	18.425778132482044	18.066640063846766	32.23264166001596	0.0
109.0	28.36596084698362	18.677586895725128	20.994806232520975	31.961646024770275	0.0
110.0	25.135027005401078	17.71354270854171	22.554510902180436	34.596919383876774	0.0
111.0	26.454390707920293	20.626814859317115	19.59547411635126	33.32332031641133	0.0
112.0	26.36180904522613	20.09045226130653	20.48241206030151	33.06532663316583	0.0
113.0	29.658713379643615	16.772374911909797	20.618141548374105	32.95077016007249	0.0
114.0	30.80032336297494	15.986257073565078	22.86782538399353	30.345594179466453	0.0
115.0	27.6832725799919	19.54232482786553	18.955042527339003	33.81936006480357	0.0
116.0	29.67401238956027	18.2187468264446	19.366304458210625	32.7409363257845	0.0
117.0	26.81933842239186	19.603053435114504	20.10178117048346	33.47582697201018	0.0
118.0	28.96910370143775	17.23258896706434	21.117569083307842	32.68073824819007	0.0
119.0	22.92368985596077	19.807947696393914	24.445806517519664	32.82255593012565	0.0
120.0	27.445958405901035	19.946726769798175	21.473209712119658	31.134105112181125	0.0
121.0	27.75782452539764	18.994356080041047	20.31811185223191	32.9297075423294	0.0
122.0	26.173805601317955	17.864497528830313	21.85955518945634	34.102141680395384	0.0
123.0	29.318345880169122	17.345570795091263	20.7280602248118	32.60802309992781	0.0
124.0	31.430934656741112	16.542597187758478	20.895368072787427	31.131100082712987	0.0
125.0	28.630662382087696	19.249507618948897	21.913548253343006	30.2062817456204	0.0
126.0	31.49148317407561	18.778562525965935	19.13169921063565	30.598255089322805	0.0
127.0	30.27934125495101	19.136960600375236	20.992286845945383	29.59141129872837	0.0
128.0	32.15665796344648	19.112271540469976	18.026109660574413	30.704960835509137	0.0
129.0	31.191796588887726	18.541383279271738	21.220048132259077	29.046771999581463	0.0
130.0	30.245488879563574	18.70541334452371	18.23331934536299	32.81577843054973	0.0
131.0	30.481395837712842	20.433046037418542	17.269287365986965	31.81627075888165	0.0
132.0	30.03581963758955	18.68942267172356	21.40750105351875	29.867256637168143	0.0
133.0	28.673986486486484	20.977618243243242	19.921875	30.42652027027027	0.0
134.0	28.87383573243014	21.359017781541066	18.98814563928874	30.77900084674005	0.0
135.0	30.118820284319963	15.839168258009762	19.594737958837257	34.44727349883301	0.0
136.0	27.815554611134726	17.870803229919254	19.793880152996174	34.51976200594985	0.0
137.0	28.86641830761043	16.51942522618414	19.552953698775944	35.061202767429485	0.0
138.0	30.635344367325146	18.36625734116391	19.562199679658303	31.436198611852646	0.0
139.0	29.48224219084296	19.127086007702182	20.32520325203252	31.065468549422338	0.0
140.0	30.464642128983797	16.39660907822728	19.52999248846443	33.6087563043245	0.0
141.0	34.02106168063615	17.61229314420804	19.56802063185042	28.798624543305394	0.0
142.0	33.35486649440138	17.81869078380706	18.324720068906114	30.501722652885444	0.0
143.0	32.5817240263243	18.610421836228287	19.063545150501675	29.744308986945732	0.0
144.0	28.963876270819817	18.82976422236643	18.570192515682457	33.6361669911313	0.0
145.0	32.263660017346055	19.102341717259325	18.798785776235906	29.835212489158717	0.0
146.0	30.098880799739213	20.134738672172116	17.831142018906878	31.93523850918179	0.0
147.0	30.329119442022666	18.897122929380995	19.823452484742806	30.95030514385353	0.0
148.0	28.267045454545453	19.89729020979021	19.569493006993007	32.26617132867133	0.0
149.0	30.82739726027397	19.89041095890411	18.52054794520548	30.761643835616436	0.0
150.0	28.155872667398462	17.672886937431397	20.285400658616904	33.88583973655324	0.0
151.0	28.753572213673333	19.311936689382282	18.685425368212794	33.249065728731594	0.0
152.0	26.453744493392072	18.314977973568283	19.889867841409693	35.341409691629956	0.0
153.0	28.479964676012802	17.286676233579865	20.631416271111604	33.60194281929573	0.0
154.0	29.388297872340424	15.746897163120568	20.70035460992908	34.164450354609926	0.0
155.0	30.391720454039618	17.54952147785444	19.76407745381705	32.29468061428889	0.0
156.0	30.077120822622106	17.659550687381245	20.610260422487986	31.65306806750866	0.0
157.0	32.334791877033545	17.300572197913162	19.89229215752272	30.472343767530575	0.0
158.0	29.832263874817066	20.297196892941574	19.047619047619047	30.82292018462231	0.0
159.0	33.2129963898917	16.008574007220215	20.80324909747292	29.97518050541516	0.0
160.0	28.042986425339368	18.020361990950224	24.400452488687783	29.536199095022624	0.0
161.0	29.5619609623241	17.79391738538357	21.391284611892875	31.252837040399456	0.0
162.0	29.011713863300354	19.037871033776867	20.311611509155007	31.638803593767772	0.0
163.0	28.920059299806134	17.9609989736572	20.561067396510435	32.55787433002622	0.0
164.0	31.28216859201647	17.36246139768958	20.679400663387852	30.675969346906097	0.0
165.0	31.88538681948424	16.98567335243553	22.234957020057305	28.893982808022923	0.0
166.0	32.5709688541547	18.9288587518676	20.135616595793586	28.364555798184117	0.0
167.0	33.51394973483975	17.685035738990084	19.725616785796635	29.075397740373532	0.0
168.0	28.207798218211273	18.43110031239153	20.594700914034476	32.76640055536272	0.0
169.0	28.647769516728626	18.92425650557621	20.434479553903344	31.993494423791823	0.0
170.0	27.575757575757574	18.135198135198134	21.678321678321677	32.61072261072261	0.0
171.0	27.605567902678672	19.744999415136274	18.92619019768394	33.72324248450111	0.0
172.0	31.4660728934724	20.12187976092816	17.180358607758116	31.231688737841324	0.0
173.0	28.82851093860268	19.618913196894848	19.489531874852975	32.06304398964949	0.0
174.0	30.844538806322248	19.21443736730361	18.648266100495402	31.292757725878744	0.0
175.0	28.61534823223365	18.446257538134088	19.569587324110206	33.36880690552205	0.0
176.0	28.955789972739126	15.965390541661728	19.841175773379163	35.237643712219985	0.0
177.0	26.315164469777937	18.525115781973636	20.876380477377985	34.28333927087044	0.0
178.0	28.032377097964527	17.271753362694916	21.735507677657424	32.96036186168313	0.0
179.0	28.184637404580155	19.441793893129773	20.56297709923664	31.810591603053435	0.0
180.0	30.701018573996404	18.11863391252247	17.783103654883163	33.39724385859796	0.0
181.0	29.42448636309023	19.05562897993512	19.428090832632464	32.09179382434218	0.0
182.0	32.62231863099542	15.5941190648349	19.980718245360325	31.802844058809356	0.0
183.0	30.51195363438783	19.572567012798842	21.613136923448444	28.302342429364884	0.0
184.0	33.21212121212121	19.53939393939394	18.169696969696968	29.078787878787875	0.0
185.0	27.13781778372461	20.6665855735312	22.67364067631675	29.521955966427445	0.0
186.0	30.238240684178376	16.24923640806353	20.7697006719609	32.74282223579719	0.0
187.0	29.430496019595836	19.118187385180647	19.804041641151255	31.64727495407226	0.0
188.0	31.348231827111984	18.467583497053045	19.69548133595285	30.48870333988212	0.0
189.0	31.280848963474828	19.052319842053304	19.817374136229024	29.849457058242844	0.0
190.0	31.295631728746443	19.52728622695211	17.547333250835294	31.629748793466156	0.0
191.0	27.873741767118183	18.20554243817572	18.491363240959362	35.42935255374674	0.0
192.0	31.889665501747377	16.98701947079381	18.74687968047928	32.376435346979534	0.0
193.0	26.468746085431544	16.823249404985592	23.02392584241513	33.68407866716773	0.0
194.0	27.83155248271527	18.11439346323067	20.13827781269642	33.915776241357634	0.0
195.0	26.681812444781016	19.449703395178595	20.244856746182002	33.62362741385839	0.0
196.0	31.49087221095335	16.455375253549693	17.811866125760652	34.24188640973631	0.0
197.0	28.760498854670402	19.216085517943498	19.9160091626368	32.1074064647493	0.0
198.0	29.40650925335035	20.127632418634334	18.481174218251436	31.98468410976388	0.0
199.0	29.13093562012031	20.42749264047101	19.3651606297197	31.07641110968898	0.0
200.0	25.182809493264912	19.345734445157152	20.75689544579859	34.71456061577934	0.0
201.0	30.867379816986723	18.146668385101172	18.80396958370924	32.18198221420286	0.0
202.0	31.98705501618123	18.588996763754047	18.796116504854368	30.62783171521036	0.0
203.0	31.973496167337924	16.720800311809796	19.955826945563206	31.349876575289077	0.0
204.0	33.198486232545996	17.917264778807258	20.40976119013441	28.47448779851233	0.0
205.0	32.89748953974895	17.403242677824267	20.109832635983263	29.589435146443517	0.0
206.0	30.438205195486752	17.829965888218315	19.32563631592758	32.406192600367355	0.0
207.0	27.899314707432787	18.845545598313127	19.41222983658408	33.84290985767001	0.0
208.0	27.03203600741329	18.797987821021973	19.23484246756685	34.935133703997884	0.0
209.0	29.332801701222756	17.118553960659224	20.188729399255713	33.3599149388623	0.0
210.0	29.458917835671343	17.341349365397463	19.7060788243153	33.4936539746159	0.0
211.0	28.521645891971588	19.03230130009382	20.318992092212838	32.127060715721754	0.0
212.0	29.010514963602045	17.403612833647884	20.531140469129145	33.054731733620926	0.0
213.0	29.947175944737914	17.310036570499797	19.734525260734117	33.00826222402817	0.0
214.0	31.09026644915715	18.338771071234365	20.799347471451878	29.771615008156605	0.0
215.0	32.364975450081836	20.0354609929078	19.435351882160393	28.16421167484997	0.0
216.0	29.016819362778612	18.706413236701763	21.085737727334884	31.19102967318474	0.0
217.0	26.096491228070175	20.052083333333336	21.148574561403507	32.702850877192986	0.0
218.0	26.886013215859027	16.86398678414097	19.796255506607928	36.45374449339207	0.0
219.0	26.312154696132595	19.005524861878452	22.55524861878453	32.12707182320442	0.0
220.0	30.170857063481037	19.502708709542993	18.43311571051535	31.893318516460617	0.0
221.0	32.01784967229117	17.696276669920515	16.999023846046576	33.28684981174174	0.0
222.0	30.291561536305018	19.764507989907486	18.334735071488645	31.60919540229885	0.0
223.0	31.01845330328215	19.073108888575856	17.31229750669108	32.59614030145091	0.0
224.0	30.721269661329174	19.271645175003542	18.70483208162109	31.302253082046192	0.0
225.0	31.484386140025666	19.22144588621132	20.262369884500213	29.0317980892628	0.0
226.0	29.954049396898334	20.045950603101666	22.515795519816198	27.484204480183806	0.0
227.0	29.691553761891036	18.29057365234938	21.115595272412797	30.902277313346787	0.0
228.0	27.19361856417694	20.82668600435098	20.580130529369107	31.399564902102973	0.0
229.0	30.59886347078537	21.288066443246397	19.21900043712662	28.894069648841615	0.0
230.0	28.241485162987868	21.809676947814648	19.602397310334744	30.346440578862737	0.0
231.0	29.765395894428153	19.882697947214076	19.941348973607038	30.41055718475073	0.0
232.0	26.93835515668677	21.391790495806973	19.87641606591143	31.79343828159482	0.0
233.0	26.412867050317253	20.21543455806404	20.466283016083814	32.90541537553489	0.0
234.0	24.733096085409255	21.545077105575324	22.345788849347567	31.37603795966785	0.0
235.0	28.5416045332538	17.700566656725318	22.57679689830003	31.181031911720847	0.0
236.0	30.807248764415156	17.597723528530775	22.345364684738655	29.24966302231541	0.0
237.0	26.768814781433075	20.32447048219919	20.700015021781585	32.20669971458615	0.0
238.0	28.148595590456054	18.302627604953187	24.796134098459678	28.752642706131077	0.0
239.0	27.666362807657247	18.003646308113037	21.118201154664234	33.21178972956548	0.0
240.0	28.83906633906634	17.152948402948404	19.48710073710074	34.52088452088452	0.0
241.0	27.321897697419256	17.076186060887036	25.915623551228556	29.686292690465155	0.0
242.0	26.590944453088532	18.46895907888595	24.661583942741558	30.278512525283958	0.0
243.0	28.15139192993431	17.594619956208945	23.7722865186112	30.481701595245543	0.0
244.0	27.001100802012896	20.97814121717251	21.418462022330555	30.60229595848404	0.0
245.0	29.719448407037564	16.769694087811065	21.03344428594072	32.477413219210646	0.0
246.0	26.030473135525263	21.475541299117886	22.85485164394547	29.639133921411386	0.0
247.0	23.708306082406803	21.56638325703074	22.08960104643558	32.63570961412688	0.0
248.0	23.867478025693035	21.095334685598377	24.830966869506423	30.20622041920216	0.0
249.0	18.874847125968202	21.83041174072564	23.68528332653893	35.609457806767224	0.0
250.0	15.123634272570444	21.075330649798733	22.972972972972975	40.828062104657846	0.0
