# Position (bp)	A	C	G	T	N
0.0	27.110960458638527	24.39225973796295	23.857810266311	24.638792684184928	1.768529025982639E-4
1.0	27.269352820014646	20.158660145785966	15.439557438391011	37.132135932993194	2.93662815180958E-4
2.0	28.366415037358117	20.14364993989224	18.099049630164615	33.38989042478102	9.949678040124127E-4
3.0	23.749380014587892	22.454792122538294	15.350430342815462	38.44306345733042	0.0023340627279358132
4.0	34.61984731047646	13.640167120545584	14.591218024812047	37.14708004562065	0.001687498545259875
5.0	36.47544055250115	15.010071514433902	23.222582502464864	25.287315585545127	0.004589845054964847
6.0	32.73840848076875	17.90187888412281	19.910439257265498	29.4490412950683	2.3208277464240395E-4
7.0	35.89569917103283	16.7017602867026	20.32323630638441	27.07878232580526	5.219100748940957E-4
8.0	23.117269694042015	27.719592705135465	22.29840277773753	26.864445040752088	2.8978233289846664E-4
9.0	28.969160372205	18.374363433401708	16.112875690874976	36.542905356283235	6.95147235080837E-4
10.0	26.239046459284072	17.35270155007114	25.815178525414417	30.59116258520064	0.0019108800297402417
11.0	28.48383394082314	18.803531602493866	20.200844986776463	32.51178946990653	0.0
12.0	26.73606630329173	19.90383430195381	21.170631326823912	32.18946806793055	0.0
13.0	27.13343515690086	22.288311117282237	18.954052115153196	31.624028047764508	1.7356289919466815E-4
14.0	31.91289456632417	18.37076506525965	20.709872257706195	29.006178839211334	2.8927149865778023E-4
15.0	29.65351059890771	19.2750856243636	20.104311302415994	30.9667453485143	3.471257983893363E-4
16.0	30.410244839396466	17.663727668240302	19.56198509673239	32.36392668703138	1.157085994631121E-4
17.0	30.03882023511987	18.486705081921688	20.659423308340273	30.81464639452004	4.049800981208923E-4
18.0	31.411182079052114	18.43984309913913	18.3712278996575	31.777746922151255	0.0
19.0	30.955579468666112	18.523616125150422	19.592647875590114	30.92775155049523	4.049800981208923E-4
20.0	30.33729056743497	18.603917893177822	19.13640886790706	31.922035545681755	3.471257983893363E-4
21.0	30.544177543275016	17.880507729334443	19.156195038415255	32.41830972877904	8.099601962417846E-4
22.0	28.833541608812368	19.54636443580487	19.829619087290567	31.79035915949273	1.157085994631121E-4
23.0	30.03453901693974	18.179151624548737	20.43876700916412	31.346385263352772	0.001157085994631121
24.0	31.25104137739517	18.2410557252615	19.032328982689993	31.475342497454413	2.314171989262242E-4
25.0	29.525016199203925	18.524194668147736	19.56048088493937	32.39007683051005	2.314171989262242E-4
26.0	31.981567620105526	18.33206053873924	19.9240951587522	29.761582430806254	6.942515967786726E-4
27.0	29.466583356475052	18.201714801444044	20.29928029251134	32.03190086087198	5.206886975840044E-4
28.0	30.48927381282977	18.33206053873924	19.74451541238545	31.433918818846617	2.314171989262242E-4
29.0	29.41069610293437	19.01821253355549	19.60149958344904	31.969186799962973	4.049800981208923E-4
30.0	30.260990608364818	18.46477746285262	19.562059251828078	31.71124699369899	9.25683255489157E-4
31.0	30.855699096806745	18.528334788416956	19.548629010375354	31.065369993340752	0.001967111060197648
32.0	28.956278436836087	18.93094853482312	20.128419941772467	31.98389022860555	4.628579627769626E-4
33.0	29.37346528329048	19.04634063362826	19.715077890127592	31.865116192953668	0.0
34.0	29.921163710426352	18.311659380939844	19.699583107914584	32.06649443227746	0.001099368441760957
35.0	30.161469797512975	17.800200270818127	19.749301778882916	32.288738073385446	2.9007940053351407E-4
36.0	30.980246681365838	17.523421725747816	19.22125737135612	32.27472589991791	3.483216123110791E-4
37.0	29.330168583350325	18.821432699976707	19.414474781043797	32.432994493637096	9.294419920730216E-4
38.0	30.452687815739143	18.829243621269992	19.49574751332717	31.222088514507284	2.3253515640895956E-4
39.0	29.190365722431068	19.186219843388255	19.938242706280775	31.684298298326276	8.734295736266193E-4
40.0	29.868118491650193	19.04128802694576	19.807658914674295	31.281648317147052	0.0012862495826997094
41.0	29.940555209642746	18.738560402250915	20.751635906533053	30.568602342547667	6.461390256223494E-4
42.0	29.214424606681987	18.628837428554593	19.652171351128395	32.5041541453067	4.124683283247894E-4
43.0	29.02102073723192	18.688847019355144	20.554902574582567	31.734698096379994	5.315724503718054E-4
44.0	29.768647056699788	18.873769444886697	20.4107167271451	30.94674839886528	1.1837240313142355E-4
45.0	29.505547615800182	18.560407042595966	19.608731490651184	32.32478014125517	5.337096975052036E-4
46.0	30.36763190360421	17.736295550081703	19.34437700134061	32.55133915710706	3.563878664186999E-4
47.0	29.41632663013839	17.985568296641503	20.371563133200947	32.22618510238564	3.56837633524182E-4
48.0	29.93811979940144	18.388220848959193	18.71500928322101	32.95763778646091	0.0010122819574436665
49.0	29.82600611921315	17.643870381446057	20.178436303117508	32.351567936563406	1.1925965988337597E-4
50.0	29.951271479019116	18.891314055945436	19.675179062817406	31.481697361868605	5.380403494392723E-4
51.0	30.05674458693614	18.558252934164514	19.619137823202255	31.765444503265783	4.2015243130207644E-4
52.0	30.077677935052517	17.88136175775724	20.154596095239587	31.88594211480319	4.220971474674774E-4
53.0	31.421813775802153	17.66653890100947	19.478752450103272	31.432713215752596	1.81657332507398E-4
54.0	30.088775251596733	18.681638589247175	19.463337285788	31.76558033926283	6.685341052673802E-4
55.0	28.9196326601045	18.409006790824673	18.47229920360096	34.198939394770875	1.2195069899091895E-4
56.0	29.446839840446447	19.133829425926415	20.36704899918242	31.05197598257948	3.057518652392539E-4
57.0	28.316992843196253	18.614737451079648	20.118107485656363	32.94985579757485	3.0642249288180545E-4
58.0	30.546330163674284	18.368649116040963	21.891773052084435	29.19300202167094	2.456465293830096E-4
59.0	29.814006733177827	20.327426929018518	21.20243231432985	28.655887837812887	2.4618566091617997E-4
60.0	31.162367399206108	19.2367701746771	19.866610439381656	29.734128500750483	1.2348598464945724E-4
61.0	29.03024262529194	21.052008489157977	19.96501693368837	29.950066693443215	0.0026652584184976374
62.0	30.740120497921797	16.66453725095964	22.223745706630503	30.370786327780024	8.102167080396558E-4
63.0	26.252718117563212	20.269032469349423	25.804958047196436	27.672789463051796	5.019028391388854E-4
64.0	26.13894012546247	19.49716570423242	19.213956989885133	35.148927523684335	0.001009656735640946
65.0	27.400981867935208	19.52541357506035	19.023627783714904	34.049342163714044	6.346095754969628E-4
66.0	26.463426922081084	19.990548867203294	17.023454369905348	36.51880724408284	0.003762596727433667
67.0	33.39970252418673	14.521972004462777	18.382108387062047	33.6935896589666	0.002627425321843581
68.0	33.56832169103326	15.750603754966372	22.99553351164663	27.683982965021166	0.0015580773325716065
69.0	32.17110989629221	17.360572993514282	20.624130903223755	29.84372180411222	4.644028575371257E-4
70.0	32.74722748541101	16.42947810902154	21.861564887621597	28.96172951794585	0.0
71.0	25.624879152108708	20.1046823780167	25.91815169052148	28.35165724615198	6.295332011313612E-4
