# Position (bp)	A	C	G	T	N
0.0	22.617688574002553	32.87841890448165	26.50538571256052	17.998506808955277	0.0
1.0	31.961774674977768	17.541436619020295	26.144622898953685	24.352165807048255	0.0
2.0	28.974020798111226	25.245080186432382	23.369734489940136	22.411164525516252	0.0
3.0	31.49393952409888	22.187566425140727	18.92979467741824	27.388699373342156	0.0
4.0	28.418224829847667	16.550042311803978	26.060082761649873	28.971650096698486	0.0
5.0	30.617400347333568	21.084589511191012	22.496603913328425	25.801406228146995	0.0
6.0	24.47729923570679	25.333100301718243	17.579619162476902	32.60998130009807	0.0
7.0	25.89702993241599	26.44410920764182	17.764636904657458	29.894223955284737	0.0
8.0	27.8228273215055	23.093173540124546	21.146105040535776	27.937894097834175	0.0
9.0	26.732607718381	20.876820536400658	21.990756609124222	30.399815136094123	0.0
10.0	29.853237213871857	23.380509074470705	21.149456072896225	25.616797638761213	0.0
11.0	29.44485537355408	23.902220773670006	16.759395693506303	29.893528159269618	0.0
12.0	24.500365427559995	22.796118912672416	20.350186544993313	32.35332911477428	0.0
13.0	29.503715466884948	18.845567640665866	22.201789611030183	29.448927281419003	0.0
14.0	26.385120891877595	25.332005467180373	18.953391547670627	29.3294820932714	0.0
15.0	32.11273070643163	21.276231171758685	22.369599021305852	24.241439100503836	0.0
16.0	27.32632352649657	27.887449474857245	20.70946842827208	24.076758570374103	0.0
17.0	26.737828435103033	27.417064549862356	18.41859406436507	27.42651295066954	0.0
18.0	29.44353557414527	24.16288322921299	21.83355954548485	24.560021651156895	0.0
19.0	27.91935465883894	21.791454960766828	18.853517699898127	31.435672680496097	0.0
20.0	28.193888140905525	26.20663315714134	19.41766418509337	26.181814516859763	0.0
21.0	33.40582496438212	19.09994024137834	17.42687317128448	30.067361622955058	0.0
22.0	24.48784450475744	27.79779283860285	21.656215145867296	26.05814751077241	0.0
23.0	32.39808431424414	20.062504946236224	20.58632708412868	26.95308365539096	0.0
24.0	27.984134563409434	19.861269292946055	21.84665358149138	30.307942562153134	0.0
25.0	30.94201371502369	22.364836256846395	21.50050363175529	25.192646396374624	0.0
26.0	30.91795025717551	17.296683689295882	25.881086791443447	25.90427926208516	0.0
27.0	26.079540744865582	24.112459619929318	22.39376942682568	27.414230208379426	0.0
28.0	34.77031662876914	20.89097362059542	16.574769623163366	27.763940127472075	0.0
29.0	30.74234742795833	19.54623831458511	20.408278146910302	29.303136110546262	0.0
30.0	30.974522416610046	20.842822786815805	18.207816351834225	29.974838444739927	0.0
31.0	24.209396392562812	26.400464092817018	24.340096300418217	25.05004321420195	0.0
32.0	29.034667985016004	20.96133930903496	18.65226138271221	31.351731323236827	0.0
33.0	25.968304376555306	22.394331747757136	25.07761875236999	26.55974512331757	0.0
34.0	29.618887321318727	25.47336595295551	19.416274854597408	25.49147187112835	0.0
35.0	24.601857955911964	26.140783827507548	19.11828374796762	30.13907446861287	0.0
36.0	26.783104826890654	23.23495070471786	23.23049494047971	26.75144952791178	0.0
37.0	26.163070793412192	25.024575623716476	22.9580699849748	25.854283597896533	0.0
38.0	25.99484381904775	17.542876454978423	25.738530780830448	30.723748945143374	0.0
39.0	24.934644805425833	19.17609113332051	20.741930672855695	35.14733338839796	0.0
40.0	35.14554578903677	18.260044173896407	19.784979842530028	26.809430194536805	0.0
41.0	30.40001303577931	22.73667257439859	22.990636095292327	23.872678294529774	0.0
42.0	24.35816332502266	23.956685360880257	20.936626899248306	30.74852441484877	0.0
43.0	27.62944164273834	26.77483025013057	18.93604535310741	26.659682754023684	0.0
44.0	29.47343627850907	20.593457151414686	21.377699949630298	28.555406620445943	0.0
45.0	31.405192449630174	18.749577961337334	16.614543256018468	33.23068633301403	0.0
46.0	31.35786282545035	22.06631149961841	22.475135276186524	24.10069039874471	0.0
47.0	23.5794431549865	22.091705758932026	21.77506283933586	32.55378824674561	0.0
48.0	28.22126968493459	20.597989091842457	21.98476146241701	29.19597976080594	0.0
49.0	30.349209049930238	19.2617753292426	25.06989885416212	25.31911676666504	0.0
50.0	33.82132168111123	18.81409898848707	20.05140814097605	27.31317118942565	0.0
51.0	27.655622044445817	25.25078276396635	21.975813293418234	25.1177818981696	0.0
52.0	33.99433871194007	18.40327780890795	21.53968330708624	26.06270017206575	0.0
53.0	30.119154478203626	23.760280729490326	21.635305630224693	24.48525916208136	0.0
54.0	24.960950370391636	25.602700302374505	20.086225555428523	29.350123771805336	0.0
55.0	23.552080382239	24.916232026840767	23.19226903475739	28.339418556162837	0.0
56.0	26.443666051144245	28.0482679553688	19.666474309683984	25.84159168380297	0.0
57.0	28.822243392447117	23.61111444815791	16.263157641823824	31.30348451757115	0.0
58.0	26.079775371190976	19.06914920164838	26.714669566750853	28.136405860409784	0.0
59.0	27.03455484878965	21.260096374715907	21.60230554549263	30.103043231001813	0.0
60.0	30.33739898642216	20.10154230672602	22.97097374726739	26.59008495958443	0.0
61.0	31.837222958156534	20.038491673465185	22.281468406233166	25.842816962145115	0.0
62.0	28.059293766898552	22.828941079921336	21.40594320040612	27.70582195277399	0.0
63.0	28.326226309651904	21.675553548695852	22.61045347016789	27.387766671484354	0.0
64.0	24.546974773534664	19.128826696071187	23.468215017587816	32.85598351280633	0.0
65.0	30.755659325528654	18.150405447964584	22.147595705817047	28.94633952068972	0.0
66.0	26.079730655628747	24.395589280627785	23.096998360222436	26.42768170352103	0.0
67.0	25.52009201750603	24.735493885619345	24.668080738657245	25.07633335821738	0.0
68.0	28.633148663960306	21.925823427188107	18.58206300619384	30.858964902657743	0.0
69.0	36.50129046440729	19.5408156370512	16.859451461589302	27.098442436952208	0.0
70.0	25.330698661005552	31.532444706543327	17.67466886741565	25.46218776503547	0.0
71.0	30.576521516326594	21.494101142156083	19.752914319755234	28.17646302176209	0.0
72.0	34.90507729475867	17.32530409245386	22.079163902032608	25.690454710754864	0.0
73.0	31.720103017396895	23.738510355634958	19.080743216238723	25.46064341072943	0.0
74.0	33.962578047423015	24.381601640247787	16.210876865022907	25.44494344730629	0.0
75.0	33.005928822839266	18.12335288749837	20.677898579064006	28.192819710598354	0.0
76.0	30.957023844119174	24.989705703238876	18.755780422597855	25.297490030044095	0.0
77.0	31.914903190021242	21.82573419060186	17.518691232341123	28.74067138703577	0.0
78.0	30.7645278590556	22.676162417880754	18.950506336316973	27.608803386746672	0.0
79.0	30.970734813178254	24.271707031669713	21.982110239604598	22.775447915547435	0.0
80.0	36.048228819590264	20.111308914705507	19.84570829301639	23.994753972687832	0.0
81.0	32.51576489565718	19.242470467360317	22.823651958166263	25.41811267881624	0.0
82.0	30.994966384055694	20.449904131389488	25.423613394345455	23.131516090209363	0.0
83.0	33.56215391428272	18.72877079602764	25.508442371814915	22.200632917874728	0.0
84.0	31.573712155050693	22.56198724824078	20.092971086265123	25.7713295104434	0.0
85.0	36.03836567760963	21.79584266501031	16.836154873356747	25.329636784023307	0.0
86.0	28.79637784296869	26.56448190945054	20.940212930469208	23.69892731711157	0.0
87.0	34.027028172340266	22.782943060556573	19.199459368409936	23.990569398693225	0.0
88.0	35.11523269396287	19.788560750440592	18.031177848818942	27.0650287067776	0.0
89.0	32.52134986189078	21.992696543019672	19.60280569928382	25.883147895805724	0.0
90.0	31.2451750696552	20.32203086091593	25.045580762813252	23.387213306615614	0.0
91.0	25.411806025616997	21.340159752550353	18.216533038619566	35.03150118321308	0.0
92.0	27.51165129630719	19.303488996150268	19.009659438369937	34.175200269172606	0.0
93.0	31.6302118547173	18.466012304327066	23.218959051388236	26.6848167895674	0.0
94.0	29.364649244282553	23.800527494390856	18.102239396569722	28.732583864756865	0.0
95.0	32.770916199883146	22.250113106693387	20.65304443444816	24.32592625897531	0.0
96.0	27.035225807513445	22.293844070222065	23.93533438984913	26.73559573241536	0.0
97.0	31.769899054040433	22.536100592554874	18.286110924598	27.40788942880669	0.0
98.0	32.14225763310944	22.168038958060286	21.427943592473188	24.26175981635709	0.0
99.0	31.31415696828036	17.448855921480487	22.52851556866512	28.70847154157404	0.0
100.0	30.117895288189878	26.048097736285303	19.744339786495164	24.089667189029658	0.0
101.0	28.297863511075583	17.628829277455257	22.47560357668602	31.59770363478314	0.0
102.0	28.26665123556219	19.606749678862016	21.048252575092906	31.078346510482884	0.0
103.0	28.208667361787715	20.735973653772742	21.147753983249597	29.907605001189946	0.0
104.0	25.30085229685981	21.388702374793315	23.35889119095695	29.95155413738993	0.0
105.0	31.109942480355755	22.683775186417247	20.953601963534176	25.252680369692822	0.0
106.0	27.054215844980327	21.018937099671536	22.32577309867627	29.601073956671865	0.0
107.0	29.27036998332257	19.63488207669233	20.0277335482687	31.0670143917164	0.0
108.0	30.503554222616856	20.42194152555372	20.68019317559619	28.39431107623323	0.0
109.0	23.424010491933483	21.598637006004985	23.987289300927063	30.990063201134472	0.0
110.0	28.53690232641663	20.960868125773644	25.879280449334598	24.62294909847513	0.0
111.0	28.620875575570576	19.02748962107717	17.711189689137683	34.64044511421457	0.0
112.0	26.73591697984551	20.055352711982056	24.16774278370215	29.040987524470292	0.0
113.0	31.904749518834635	16.144639966849518	22.13818379428572	29.812426720030132	0.0
114.0	27.136270737640473	18.17577780728364	20.265557236295983	34.42239421877991	0.0
115.0	22.929939731536074	18.605952533290186	30.158905885234667	28.305201849939078	0.0
116.0	26.241741253316214	19.407747325048078	24.819812480792145	29.530698940843564	0.0
117.0	23.7774605513738	20.755331421572887	23.103535736582156	32.363672290471165	0.0
118.0	27.99298059436966	18.62580161497293	22.718087135295278	30.663130655362135	0.0
119.0	24.156024694038933	25.377710987188735	22.906070028509028	27.560194290263308	0.0
120.0	27.009694977377407	23.08918865153119	20.40360960627819	29.497506764813213	0.0
121.0	30.473964567287492	19.12628303359659	17.243637862596945	33.15611453651897	0.0
122.0	29.777713661993978	20.745913320365055	25.301803688745885	24.174569328895085	0.0
123.0	32.53683052673926	20.05237263112224	22.0740916212112	25.336705220927303	0.0
124.0	28.745850319403033	24.23099326055659	23.768712473527774	23.254443946512602	0.0
125.0	29.89717427966681	26.005438473489388	17.416491465394206	26.680895781449593	0.0
126.0	33.01447470013002	22.527788381778468	17.494530727523745	26.963206190567767	0.0
127.0	25.07739229090963	22.78732157712376	24.2261547680107	27.909131363955915	0.0
128.0	28.13354582294858	23.830434948672128	21.678648728518287	26.35737049986101	0.0
129.0	29.24533692889496	26.101815533437012	19.6605747870495	24.992272750618525	0.0
130.0	31.99190137173532	20.822848653984646	17.95044763177408	29.234802342505954	0.0
131.0	26.553111281339266	18.75604799999814	23.858423101420794	30.8324176172418	0.0
132.0	27.48305746753553	21.435998641262362	19.139333227373875	31.94161066382823	0.0
133.0	29.758065138611876	24.70273897657769	20.46337049500583	25.075825389804606	0.0
134.0	37.7733968687715	18.42157241172757	16.96121811907766	26.843812600423274	0.0
135.0	33.74387429056779	22.295732306556733	17.768811236473006	26.191582166402476	0.0
136.0	32.46178426053165	19.81008616428215	23.392893043233514	24.335236531952688	0.0
137.0	28.014219931650103	22.43699765771482	18.953038416896366	30.59574399373871	0.0
138.0	25.61972659457849	22.590025075532164	22.46231985913395	29.3279284707554	0.0
139.0	26.223770107627264	16.88502745554349	24.774470609772813	32.116731827056434	0.0
140.0	25.761165303344534	23.52411744492236	23.311274893924523	27.403442357808583	0.0
141.0	30.97927088708087	18.438149120292984	22.656816839033016	27.925763153593135	0.0
142.0	29.979406905302298	22.217727024450483	21.355266990514767	26.44759907973245	0.0
143.0	28.497844708795682	24.57568559942793	25.26338088029717	21.663088811479213	0.0
144.0	25.973981412073144	20.080125064903093	22.873914416519213	31.07197910650455	0.0
145.0	29.099315612674737	23.07156296159356	18.697394950657216	29.131726475074487	0.0
146.0	29.991918075862696	21.31870977925308	20.761191879014895	27.92818026586933	0.0
147.0	28.711587877603396	22.817902580101784	19.843208432110835	28.62730111018399	0.0
148.0	32.82755072515306	17.522764886366804	17.814801160777034	31.834883227703102	0.0
149.0	27.334070146941837	28.162128092291884	18.732070046136588	25.7717317146297	0.0
150.0	18.771056635748014	32.22294580507989	21.382739683231783	27.623257875940315	0.0
