# Position (bp)	A	C	G	T	N
0.0	25.988915143725517	23.81410057033449	24.57477532255629	25.622208963383702	0.0
1.0	26.63383789930934	20.51929380038322	15.866828693177917	36.98003960712952	0.0
2.0	28.301712985009743	19.63452387869395	17.719215160949467	34.34454797534684	0.0
3.0	23.11047848058923	22.187919870562745	15.37623467303695	39.32536697581108	0.0
4.0	33.78745890267441	13.34185679074027	15.106845750713093	37.763838555872226	0.0
5.0	34.45401076813211	14.903701736891978	23.43818682220473	27.204100672771187	0.0
6.0	30.842688532128026	17.588240545749592	21.49052401367058	30.078546908451802	0.0
7.0	35.043293870236845	17.095506178544984	20.344253226690192	27.51694672452798	0.0
8.0	22.878909621164777	26.99083531874197	22.30087999845952	27.829375061633737	0.0
9.0	27.193256554474303	18.60994554057673	15.90302103045188	38.293776874497084	0.0
10.0	26.37105522207693	16.8579573602497	24.98113788859888	31.789849529074495	0.0
11.0	27.970468906546042	18.36313342704579	19.48574269454233	34.18065497186584	0.0
12.0	26.08679605520749	19.66988533353406	20.87954040051279	33.36377821074565	0.0
13.0	26.43347670288542	20.913048729892814	18.909303149286973	33.74417141793479	0.0
14.0	30.432419374320567	18.363104251312762	20.210205321303594	30.994271053063073	0.0
15.0	29.246615469090354	18.563760355197047	20.207389863066616	31.98223431264599	0.0
16.0	29.99809482463342	17.646548248201462	18.582739169530267	33.772617757634855	0.0
17.0	30.270114771498573	17.91527133723471	19.677120915324437	32.13749297594227	0.0
18.0	31.787325828167766	17.69988148817245	19.105612068950425	31.407180614709358	0.0
19.0	30.116081488989373	18.31674401153492	20.04533325397534	31.52184124550037	0.0
20.0	29.521596752857615	17.800960815240003	20.257119900008927	32.420322531893454	0.0
21.0	29.15150257942656	18.315912503143686	20.440970781670405	32.09161413575936	0.0
22.0	29.520210905538896	19.160856319434597	22.72655394330455	28.59237883172196	0.0
23.0	29.708569437952843	20.08302830104455	21.211195545682486	28.997206715320118	0.0
24.0	32.69034394104634	19.383379635221644	17.78667929392392	30.139597129808088	0.0
25.0	28.82035800958481	21.008920188615278	20.05229166630197	30.11843013549794	0.0
26.0	31.748011527915633	16.49575522260209	22.316853712291092	29.439379537191186	0.0
27.0	25.8282407091337	20.706688770202007	25.175725440013817	28.28934508065048	0.0
28.0	26.54516140890782	19.855968158772004	19.00676468545934	34.59210574686084	0.0
29.0	27.689375306709895	20.18613534155739	17.476935124256528	34.64755422747619	0.0
30.0	26.367016929773186	18.940804833537342	16.3310611826407	38.361117054048776	0.0
31.0	34.19174842689035	14.50719502685754	18.775875493004538	32.52518105324757	0.0
32.0	34.35703252096166	15.516723390590967	22.390135738612848	27.736108349834527	0.0
33.0	31.348240536336814	17.577238084805106	20.9369409817606	30.137580397097487	0.0
34.0	33.053270163398416	16.893830028147296	21.74274595596684	28.310153852487446	0.0
35.0	26.421220193902496	20.506694588338114	25.28796296660987	27.78412225114952	0.0
