# Position (bp)	A	C	G	T	N
0.0	28.452819477327417	22.644844559418363	21.182690260691174	27.719645702563046	0.0
1.0	27.233597994149605	19.348741521746117	15.040663473592849	38.376997010511424	0.0
2.0	28.23967614447953	20.05265214355716	17.436378659868435	34.271293052094876	0.0
3.0	25.018916235397782	21.380613811884825	15.676051886355728	37.92441806636167	0.0
4.0	33.23455454053538	14.922494191043064	14.73915396123118	37.10188751312983	0.0019097940605404718
5.0	35.378772228137365	14.942075738554198	21.509685826433806	28.161520491998665	0.007945714875967392
6.0	32.09066043902346	17.767504140832735	19.83982433984655	30.295664976487686	0.006346103809566117
7.0	34.924468617867625	16.67807719858763	20.136419248299514	28.260717976025205	3.1695922002675133E-4
8.0	25.140181293752235	25.479592579810728	21.094791366542026	28.28385168486675	0.0015830750282578893
9.0	29.376374017429264	18.65120913533775	16.94877188542869	35.02332864124504	3.163205592547488E-4
10.0	27.071501935687763	17.591846409101684	24.138421426878406	31.197282136367228	9.480919649205973E-4
11.0	28.678929501855215	18.622246782979396	20.43830425515118	32.257361648377675	0.0031578116365358804
12.0	26.48066692330508	19.422374241917467	21.287525479777102	32.80406919139967	0.00536416360067904
13.0	28.227177124622	21.196239992179787	18.4872306678397	32.089036884276645	3.153310818694088E-4
14.0	31.127907746738686	18.275643511905326	19.75580761020033	30.840325800073785	3.153310818694088E-4
15.0	29.306555417860984	19.021716851608346	19.290063602279215	32.38134879716959	3.153310818694088E-4
16.0	30.487785650543785	17.40438373270015	18.814544330820144	33.29076363728096	0.0025226486549552703
17.0	29.842933588120847	18.22613653205183	19.949736225550016	31.97835567454048	0.002837979736824679
18.0	31.36787470004131	18.013918713953718	18.697241168364727	31.912451478429777	0.008513939210474037
19.0	30.142813446978657	18.58214532348239	19.294478237425388	31.98056299211357	0.0
20.0	29.710179202653826	18.24127242398156	19.181589710116135	32.8666433321666	3.153310818694088E-4
21.0	29.806985844787736	17.040491664222852	19.635666468008083	33.51622536081759	6.306621637388176E-4
22.0	29.170332390493396	18.3800181000041	19.64827971128286	32.80042380497403	9.459932456082263E-4
23.0	30.08857650089712	17.029455076357422	19.928293711982896	32.95304404859883	6.306621637388176E-4
24.0	31.012496570774484	17.70331759831235	18.419749816319644	32.862544028102306	0.0018919864912164525
25.0	29.63702239166012	17.62259284135378	19.129875412689554	33.61050935429654	0.0
26.0	31.607841653343925	17.466188624746554	19.780718765668013	31.145250956241505	0.0
27.0	28.983656390026706	18.419749816319644	19.786079394059794	32.80988373743011	6.306621637388176E-4
28.0	30.03339356156997	18.163070315677945	19.746978339907987	32.053089140943534	0.0034686419005634963
29.0	29.700719270197744	18.616831742488024	18.85869068228186	32.82218164962302	0.0015766554093470438
30.0	29.684006722858662	18.460742856962668	19.345877203770097	32.50937321640856	0.0
31.0	30.934294462470874	18.13910515345587	19.114424189677955	31.81091487006783	0.0012613243274776352
32.0	29.800048560986607	18.141627802110825	19.289117609033603	32.76920602786896	0.0
33.0	29.88581861525509	18.152349058894387	19.666253582949416	32.29400208749176	0.0015766554093470438
34.0	29.968120027623	18.100319430385934	19.284702973887434	32.646857568103634	0.0
35.0	30.46080682190882	17.085046799707342	19.41525594772561	33.03889043065823	0.0
36.0	30.876096342528786	16.88801142940043	19.332528061007263	32.90336416706352	0.0
37.0	28.7416575199021	18.595056962264863	19.24100778421205	33.42227773362098	0.0
38.0	30.300440014509437	17.993596921475547	18.999479552730772	32.70585266610942	6.30845174822969E-4
39.0	30.386515492797788	18.06262737155584	19.319465212974706	32.23139192267166	0.0
40.0	30.087758328520987	18.627107572587594	19.021562483235666	32.26010041244206	0.003471203213703048
41.0	30.04545741524086	17.946208725298316	19.946650672390934	32.06010480459625	0.0015783824736410128
42.0	29.15084063461994	18.498697608335306	19.382429552450866	32.966137816717975	0.0018943878759175943
43.0	29.25242675525297	18.219453198517105	20.588736824155767	31.934014993147613	0.005368228926543682
44.0	29.37691083204892	18.613083356494933	19.96551027111706	32.044495540339085	0.0
45.0	29.788376669941524	18.92289758744981	19.248593442488303	32.04013230012036	0.0
46.0	30.699329202594715	17.229666749871246	18.507752244153824	33.562935836632555	3.159667476594763E-4
47.0	29.393340813198275	18.128664212006765	19.06607038447559	33.410660387794124	0.0012642025252445441
48.0	30.352220423853115	17.384047342066662	18.808482120277173	33.45430175509585	9.483587071974104E-4
49.0	29.84379446640316	17.68695652173913	19.723003952569172	32.74403162055336	0.0022134387351778655
50.0	29.798265788066775	18.216501270131506	19.241147831918738	32.74408510988298	0.0
51.0	30.544492075452585	18.034281661780444	19.432079378447003	31.989146884319968	0.0
52.0	30.454963089693628	18.29325476032063	19.290941925672463	31.96084022431328	0.0
53.0	31.345720899261188	18.20908773821226	19.01290547610743	31.419919459682276	0.012366426736848781
54.0	30.19412731553463	18.127010921644658	19.28803061360478	32.38797540250163	0.0028557467143047527
55.0	29.654596489445474	18.784133919272485	18.348489851906418	33.2118271648843	9.525744913252216E-4
56.0	29.39868138851378	18.173643657161016	20.569703709587735	31.85797124473747	0.0
57.0	28.80160231445421	18.84054745743852	19.89699407080068	32.46053823777202	3.179195345658014E-4
58.0	30.327819300070953	18.313399450823923	21.574092634486096	29.78437043612726	3.181784917703133E-4
59.0	29.13303047486763	20.26167736016158	20.792104441570192	29.804904777985204	0.008282945415389712
60.0	30.328815917984336	19.24572143527414	20.186016226947455	30.23944641979407	0.0
61.0	29.08671215095498	20.61084077728258	19.82498992908799	30.4771374311821	3.19711492349304E-4
62.0	30.445720658646174	17.068973252914745	20.82497420152932	31.65969093111648	6.409557932789376E-4
63.0	26.523710014467127	19.79103038096769	24.693136151744095	28.989230027326794	0.002893425494293522
64.0	27.127338855552797	19.320244662911385	18.007615890836746	35.542543552771164	0.0022570379279102087
65.0	28.11021025680813	18.900806889595778	18.6130938526392	34.372656270204565	0.003232730752321101
66.0	27.160161507402425	18.90155507629441	17.75511196873632	36.176685206505695	0.006486241061149038
67.0	32.92020478504406	14.778241751803911	18.043996888517132	34.25690563679621	6.509378386910942E-4
68.0	33.71442319100413	15.387835005338992	22.455409520545235	28.442332283111643	0.0
69.0	32.427241937165554	16.744528640762006	20.280437641471675	30.547791780600765	0.0
70.0	34.427784399802306	14.944980666918624	21.867459371456814	28.75941215803704	3.634037852138268E-4
71.0	27.113177247759996	19.033194036387524	24.186116534973266	29.667512180879214	0.0
