# Position (bp)	A	C	G	T	N
0.0	57.66992859032002	9.527902671250992	14.195979899497488	18.6061888389315	0.0
1.0	14.66816499206769	55.975674246430465	15.01850872554204	14.337652035959811	0.0
2.0	19.290275857528474	51.80064520376588	10.764368951214696	18.14470998749095	0.0
3.0	57.275236593059944	13.045478443743427	12.453995793901157	17.22528916929548	0.0
4.0	57.91650256006302	12.504923198109491	11.251148746225548	18.327425495601943	0.0
5.0	18.011933643695496	51.74086945118353	11.743492230017702	18.503704675103272	0.0
6.0	17.41267448718789	53.21449636280228	11.494855495117635	17.877973654892195	0.0
7.0	57.207413714061175	11.271203091230598	12.220839609666644	19.300543585041588	0.0
8.0	57.507360157016684	12.901537455021261	11.324828263002944	18.26627412495911	0.0
9.0	17.27902719665272	51.31406903765691	12.055439330543933	19.351464435146443	0.0
10.0	17.2546713707043	9.767411472625115	11.910361949562263	61.06755520710833	0.0
11.0	15.30831973898858	14.29037520391517	10.544861337683525	59.856443719412724	0.0
12.0	16.610191580867976	11.788088101133846	10.745471132542681	60.85624918545549	0.0
13.0	17.251918324879696	49.60332943165561	12.446351931330472	20.69840031213422	0.0
14.0	17.307817061303922	12.0596821277976	52.604605903340904	18.027894907557574	0.0
15.0	54.89650711513584	12.192755498059508	13.984476067270373	18.926261319534284	0.0
16.0	16.01421188630491	12.655038759689925	13.468992248062014	57.861757105943155	0.0
17.0	17.58716246697171	50.77012309080363	12.089965843913127	19.552748598311528	0.0
18.0	15.914504603103072	11.929440545934462	13.989570591643597	58.16648425931887	0.0
19.0	17.755206994085885	51.76137824633582	11.9632296220108	18.5201851375675	0.0
20.0	17.23540731237973	13.89352148813342	11.494547787042976	57.376523412443866	0.0
21.0	16.896	12.761600000000001	13.516800000000002	56.8256	0.0
22.0	18.181237218813905	10.64672801635992	50.32592024539877	20.846114519427402	0.0
23.0	17.050603024695295	12.96662625231319	12.775189841107778	57.207580881883736	0.0
24.0	56.91170849789782	10.332526436488724	12.402853866734615	20.352911198878836	0.0
25.0	17.74214076619575	11.181112383861525	49.382716049382715	21.69403080056001	0.0
26.0	57.19097553225294	9.971401334604385	12.113123609787099	20.724499523355576	0.0
27.0	15.77443322537626	15.431510763955039	10.38928049787261	58.40477551279609	0.0
28.0	16.30090067233287	50.49473550678676	9.882024609920082	23.322339210960294	0.0
29.0	18.856925611456088	9.650234444303637	11.23431757698644	60.25852236725383	0.0
30.0	19.063992359121297	11.970709964979307	48.086596625278574	20.878701050620823	0.0
31.0	19.051286988895306	10.74523396880416	10.854355221772899	59.34912382052764	0.0
32.0	18.140076311194463	11.058656146931385	10.961650391256548	59.839617150617606	0.0
33.0	18.251693590411673	51.01615424700364	12.21990620114643	18.512245961438246	0.0
34.0	19.861446964250703	10.371871119534672	11.541729298738645	58.22495261747598	0.0
35.0	17.57464641173389	50.33394447354635	11.550550026191724	20.540859088528023	0.0
36.0	17.639718920338872	11.991856570565442	11.348262953963355	59.02016155513233	0.0
37.0	56.913629160063394	12.513206550449022	11.23217115689382	19.340993132593766	0.0
38.0	57.30098760522304	12.374892291376682	10.061642473652814	20.262477629747462	0.0
39.0	57.2674031678424	12.997471050179687	9.403700252894982	20.33142552908292	0.0
40.0	17.450113834203833	50.90397750100442	12.414624347127361	19.23128431766439	0.0
41.0	16.532121294349096	10.006105420256429	54.78597110101079	18.67580218438369	0.0
42.0	59.58404364132288	11.462666212069553	11.27855438117968	17.67473576542789	0.0
43.0	59.422481952561014	11.997249914059815	9.982811962873841	18.59745617050533	0.0
44.0	17.74495527355939	53.20019416129256	9.236530060328688	19.81832050481936	0.0
45.0	26.240546024718686	12.396236856668512	13.881202730123594	47.482014388489205	0.0
46.0	27.76277290119289	16.14899842448796	19.997749268512266	36.09047940580689	0.0
47.0	32.38948626045401	18.231780167264038	18.315412186379927	31.063321385902032	0.0
48.0	26.163141993957705	21.993957703927492	17.921450151057403	33.9214501510574	0.0
49.0	26.340212480156307	19.147637074123825	20.61301746244963	33.89913298327024	0.0
50.0	25.666871542716656	24.511370620774432	17.701290719114933	32.12046711739397	0.0
51.0	29.615861214374224	19.02106567534077	16.902106567534076	34.46096654275093	0.0
52.0	28.79509018036072	18.14879759519038	20.465931863727455	32.59018036072144	0.0
53.0	32.46556299759889	18.324276507013774	20.649564008593455	28.560596486793884	0.0
54.0	29.663412127440903	23.137204522096606	18.769270298047278	28.430113052415212	0.0
55.0	30.08392511297611	17.714654615881216	19.35442220787605	32.846998063266625	0.0
56.0	26.364345114345117	18.08731808731809	22.31029106029106	33.23804573804574	0.0
57.0	31.49699031667103	17.69170374247579	20.688301491756082	30.123004449097095	0.0
58.0	29.072978303747533	20.039447731755423	18.330046022353716	32.557527942143324	0.0
59.0	27.76158940397351	20.86092715231788	19.576158940397352	31.801324503311257	0.0
60.0	27.271512560128276	18.813468733297704	19.481560662747192	34.43345804382683	0.0
61.0	29.145864255835917	17.70341384428552	21.508568344352987	31.64215355552557	0.0
62.0	28.837272480304264	21.706058136375987	19.47840260798696	29.97826677533279	0.0
63.0	34.312783193738845	18.687354112316353	18.275435946725253	28.72442674721955	0.0
64.0	28.601021958293053	19.00290015191272	21.04681673801961	31.349261151774616	0.0
65.0	30.93776165224672	17.95981021490371	21.950879151548982	29.151548981300586	0.0
66.0	28.88857664746382	17.928902627511594	20.500210762961924	32.68230996206267	0.0
67.0	29.071902811131515	16.99392569571973	20.878655177284926	33.05551631586382	0.0
68.0	26.44217107132708	19.25262858766695	20.474566638249502	33.830633702756465	0.0
69.0	27.544136644179705	19.606717381943447	21.429596670015787	31.41954930386106	0.0
70.0	29.13181424862994	21.04124603403519	19.180847995385058	30.646091721949816	0.0
71.0	28.58179706778923	20.235157497459717	19.407751487879228	31.775293946871823	0.0
72.0	28.146853146853147	18.691724941724942	20.614801864801866	32.54662004662004	0.0
73.0	28.03628914252268	19.505414105940883	21.94907813871817	30.509218612818263	0.0
74.0	30.74547860608734	16.806352007057786	22.026172621673286	30.421996765181593	0.0
75.0	28.812805691418408	20.58692752334371	21.87638950644731	28.72387727879057	0.0
76.0	29.50844165546093	19.647392798446138	18.227999402360677	32.61616614373226	0.0
77.0	30.142964635063958	19.774266365688487	18.94657637321294	31.136192626034614	0.0
78.0	29.2962851102386	19.842947749924495	18.93687707641196	31.92389006342495	0.0
79.0	28.820027476721112	20.912837734696993	17.844603877270647	32.42253091131125	0.0
80.0	30.57736720554273	17.721324095458044	21.862971516551195	29.838337182448036	0.0
81.0	27.175596159801795	19.804893155775783	17.43573861876742	35.583772065655	0.0
82.0	31.402391675726044	18.046280478335145	20.20500077651809	30.34632706942072	0.0
83.0	30.30208657739022	19.464341326689507	19.97819993771411	30.255372158206168	0.0
84.0	28.98936170212766	18.46057571964956	21.135794743429287	31.414267834793492	0.0
85.0	30.697893744105624	17.431625275070733	20.26092423766111	31.609556743162525	0.0
86.0	29.868691662711594	18.30406581237146	22.053472551811424	29.773769973105523	0.0
87.0	31.50031786395423	19.62809917355372	20.9631277813096	27.908455181182457	0.0
88.0	34.21767620265303	18.331468754994408	16.189867348569603	31.260987693782965	0.0
89.0	30.224719101123597	17.078651685393258	16.597110754414125	36.09951845906902	0.0
90.0	32.44637961619093	17.20690211256249	17.916465086276407	32.43025318497016	0.0
91.0	28.999352331606215	21.1139896373057	16.968911917098445	32.91774611398964	0.0
92.0	29.414634146341463	18.211382113821138	17.902439024390244	34.47154471544715	0.0
93.0	32.54824991822048	17.68073274452077	18.743866535819432	31.02715080143932	0.0
94.0	29.53461601710245	16.691333662226608	18.894918598914654	34.87913172175629	0.0
95.0	30.822596630327055	17.22827882391807	20.53187974892633	31.41724479682854	0.0
96.0	28.851261620185927	17.745683930942896	20.53452855245684	32.86852589641434	0.0
97.0	30.78078078078078	17.183850517183853	19.71971971971972	32.31564898231565	0.0
98.0	30.204835460040297	20.819341840161183	18.922095366017462	30.05372733378106	0.0
99.0	29.681978798586574	18.694262157159685	19.687026754164563	31.936732290089182	0.0
100.0	31.843575418994412	13.8310479092602	19.603859827323515	34.72151684442187	0.0
101.0	31.26597376043619	18.384733344692453	20.12267848014994	30.22661441472142	0.0
102.0	31.35709389993146	15.695681973954764	20.904729266620972	32.042494859492805	0.0
103.0	28.768066070199588	17.70474879559532	20.388850653819684	33.13833448038541	0.0
104.0	27.790275134106246	18.757570513929743	19.81311645613428	33.63903789582972	0.0
105.0	28.769979152189016	19.232105628908965	19.023627519110494	32.974287699791525	0.0
106.0	30.833623997209624	18.782699686083014	19.480292989187305	30.903383327520057	0.0
107.0	31.012103139800036	19.172075074548324	18.575688475706016	31.240133309945623	0.0
108.0	33.6270708494889	18.047232992597813	16.038068382093762	32.28762777581953	0.0
109.0	30.451727192205492	19.238263950398583	19.521700620017715	30.78830823737821	0.0
110.0	25.90682788051209	19.096728307254622	21.10597439544808	33.89046941678521	0.0
111.0	29.91971454058876	18.715432649420162	19.571810883140053	31.793041926851025	0.0
112.0	26.02935911206588	19.387755102040817	21.052631578947366	33.53025420694593	0.0
113.0	28.8099084544965	19.92460958535272	19.170705438879914	32.094776521270866	0.0
114.0	30.13328530259366	17.8314121037464	20.587175792507203	31.448126801152736	0.0
115.0	26.437613019891497	19.023508137432188	19.69258589511754	34.84629294755877	0.0
116.0	29.83827003452662	18.31728148282755	18.299109576594585	33.54533890605125	0.0
117.0	30.140485312899106	18.956394818463785	19.850392264185366	31.05272760445174	0.0
118.0	28.744049798608568	16.587330648114243	21.768582936653242	32.90003661662394	0.0
119.0	25.128865979381445	19.808541973490428	25.699558173784975	29.363033873343152	0.0
120.0	25.84041374214998	21.33357960842261	21.94311045437754	30.88289619504987	0.0
121.0	29.425925925925927	18.62962962962963	18.962962962962962	32.98148148148148	0.0
122.0	29.48073701842546	17.960171226502887	21.626651777405545	30.93243997766611	0.0
123.0	32.654205607476634	18.16822429906542	18.16822429906542	31.009345794392523	0.0
124.0	31.88813813813814	17.774024024024023	19.66966966966967	30.66816816816817	0.0
125.0	28.056603773584904	20.641509433962263	19.245283018867926	32.05660377358491	0.0
126.0	28.731272520386874	19.83690498767305	19.495543333965486	31.93627915797459	0.0
127.0	29.177769318614388	18.519223448800915	21.164826798629615	31.138180433955082	0.0
128.0	31.473342251098796	17.198547678196064	20.33250525511179	30.995604815593346	0.0
129.0	31.23440199654444	19.293530428105203	17.143405644077557	32.3286619312728	0.0
130.0	29.50250674893945	19.687620516775937	17.4315464712688	33.378326263015815	0.0
131.0	31.70826078545173	20.0038692203521	18.49487328303347	29.7929967111627	0.0
132.0	29.07994553588796	18.24547753355378	21.766193347597742	30.908383582960514	0.0
133.0	29.068177378394218	20.531353780035165	19.417855049814417	30.982613791756204	0.0
134.0	26.427310182460275	21.345889739062194	19.207376888365705	33.01942319011183	0.0
135.0	28.09476801579467	17.453109575518262	19.782823297137217	34.66929911154985	0.0
136.0	26.45481628599801	18.530287984111222	20.67527308838133	34.33962264150943	0.0
137.0	28.081372157957716	17.151974471479857	20.542481053051457	34.22417231751097	0.0
138.0	29.195909364347305	18.127130539402447	20.33286545017044	32.34409464607981	0.0
139.0	28.735400724929523	17.680225533628676	20.157068062827225	33.42730567861458	0.0
140.0	30.347755762232108	17.751718560452893	19.793772745653055	32.106752931661944	0.0
141.0	30.788026878436163	17.898594990836898	20.321726735899002	30.991651394827933	0.0
142.0	31.189842310055294	16.52672537374565	18.902314151136597	33.38111816506246	0.0
143.0	33.443367031153294	18.91891891891892	18.09366618526924	29.544047864658552	0.0
144.0	31.74075612796012	17.490652264229333	16.555878687162444	34.21271292064811	0.0
145.0	28.833715835593576	17.9428332985604	19.090340079282285	34.13311078656373	0.0
146.0	29.861693210393963	18.063704945515507	19.111483654652137	32.96311818943839	0.0
147.0	29.799789251844043	18.229715489989463	17.85036880927292	34.12012644889357	0.0
148.0	25.286380992787443	21.192193466270684	20.470937632583794	33.050487908358086	0.0
149.0	29.97443544951001	19.471665956540267	18.57690668939071	31.97699190455901	0.0
150.0	28.782683240462926	18.816973853407628	19.031290184312045	33.369052721817404	0.0
151.0	28.728685516943663	18.109216490394992	21.044679473343404	32.11741851931794	0.0
152.0	28.9587852494577	19.95661605206074	16.572668112798265	34.511930585683295	0.0
153.0	31.800348735832607	18.657367044463818	18.30863121185702	31.233653007846556	0.0
154.0	31.4611671785871	15.73058358929355	20.908293111013602	31.89995612110575	0.0
155.0	30.4635761589404	19.602649006622517	17.59381898454746	32.33995584988962	0.0
156.0	31.76156583629893	15.81405693950178	19.016903914590745	33.40747330960854	0.0
157.0	30.3463687150838	18.279329608938546	20.044692737430168	31.329608938547487	0.0
158.0	28.108837418484374	22.419608724983135	17.472453339329885	31.99910051720261	0.0
159.0	35.4421768707483	14.331065759637188	18.435374149659864	31.79138321995465	0.0
160.0	27.18136135221562	19.82640475102787	22.95568752855185	30.036546368204657	0.0
161.0	30.204738900391074	19.277662755923625	20.86496434322521	29.652634000460086	0.0
162.0	30.17861285084667	18.232428670842033	20.27371839480399	31.315240083507305	0.0
163.0	28.768403832671186	18.111708343070813	16.849731245618134	36.27015657863987	0.0
164.0	30.115104533709186	15.221987315010571	22.316185106882784	32.346723044397464	0.0
165.0	29.53846153846154	17.01775147928994	22.130177514792898	31.31360946745562	0.0
166.0	28.547579298831387	20.057238254233244	20.176484617219177	31.21869782971619	0.0
167.0	26.604181687094446	20.067291516462387	23.57606344628695	29.752463350156212	0.0
168.0	27.562862669245646	18.834622823984525	19.559961315280464	34.04255319148936	0.0
169.0	26.506316812439263	17.90573372206025	20.456754130223516	35.13119533527696	0.0
170.0	29.53989231522271	16.740088105726873	19.652471855115028	34.06754772393539	0.0
171.0	30.1555939738207	18.523092121511482	16.7695727340084	34.551741170659426	0.0
172.0	30.552788844621514	20.84163346613546	15.961155378486055	32.64442231075697	0.0
173.0	27.698472326571498	18.8580015026296	18.883045329326322	34.56048084147258	0.0
174.0	30.08805031446541	20.17610062893082	18.540880503144656	31.19496855345912	0.0
175.0	26.926977687626774	18.45841784989858	20.841784989858013	33.77281947261663	0.0
176.0	28.859918200408995	19.529652351738243	18.711656441717793	32.89877300613497	0.0
177.0	29.40721649484536	20.747422680412374	19.510309278350515	30.33505154639175	0.0
178.0	28.791036998436688	19.124544033350706	20.323084940072956	31.761334028139654	0.0
179.0	24.100813861906012	19.13888159621948	24.967182987660802	31.793121554213705	0.0
180.0	31.246684350132625	15.172413793103448	20.424403183023873	33.15649867374005	0.0
181.0	29.026217228464418	19.93044408774746	19.288389513108616	31.75494917067951	0.0
182.0	33.37816030123722	16.4873587950511	18.908015061861217	31.22646584185046	0.0
183.0	27.809369076631462	22.583265637692932	20.82317898727322	28.784186298402382	0.0
184.0	30.300546448087434	19.453551912568308	18.360655737704917	31.88524590163934	0.0
185.0	25.061898211829437	22.916093535075653	23.57634112792297	28.44566712517194	0.0
186.0	29.661487236403993	19.173140954495004	21.670366259711432	29.495005549389568	0.0
187.0	31.18881118881119	20.475524475524477	17.286713286713287	31.04895104895105	0.0
188.0	29.22077922077922	19.057029926595142	20.327498588368154	31.394692264257486	0.0
189.0	29.036867676478995	18.94827093455273	20.491569019719922	31.523292369248356	0.0
190.0	31.134792626728107	17.713133640552993	18.548387096774192	32.6036866359447	0.0
191.0	26.91637630662021	20.441347270615566	19.221835075493612	33.42044134727061	0.0
192.0	31.295700497221407	18.631178707224336	20.23983620941796	29.8332845861363	0.0
193.0	30.55309080153801	17.77580597456374	21.887015675835553	29.784087548062704	0.0
194.0	28.176959619952495	20.13064133016627	24.287410926365798	27.404988123515437	0.0
195.0	27.86786786786787	19.60960960960961	20.09009009009009	32.432432432432435	0.0
196.0	29.65998785670917	19.55069823922283	21.311475409836063	29.47783849423194	0.0
197.0	28.72962165487542	19.10181482620732	22.823746539526297	29.34481697939096	0.0
198.0	27.688426363923053	22.106590980763166	20.08830022075055	30.11668243456323	0.0
199.0	27.851458885941643	23.773209549071616	18.70026525198939	29.67506631299735	0.0
200.0	28.110599078341014	14.78494623655914	21.274961597542244	35.8294930875576	0.0
201.0	31.332280147446024	17.904160084254872	18.37809373354397	32.38546603475513	0.0
202.0	36.00212089077412	17.815482502651115	17.709437963944858	28.4729586426299	0.0
203.0	35.158346752549654	17.01556629092861	17.659688674181428	30.16639828234031	0.0
204.0	35.259179265658744	17.49460043196544	21.058315334773216	26.18790496760259	0.0
205.0	34.29504627109418	18.617310832879692	21.829069134458358	25.25857376156777	0.0
206.0	29.65212589729431	20.15461071231364	20.762009939260075	29.431253451131973	0.0
207.0	29.392080312325714	22.922476296709426	15.895147796988288	31.790295593976577	0.0
208.0	30.886504799548277	15.810276679841898	19.932241671372104	33.37097684923772	0.0
209.0	24.387464387464387	20.45584045584046	19.715099715099715	35.44159544159544	0.0
210.0	27.882960413080895	16.810097532989097	19.334480780263913	35.9724612736661	0.0
211.0	31.15228720324262	19.281991893456862	19.9189345686161	29.64678633468442	0.0
212.0	27.02227432590856	17.409144196951935	23.974208675263775	31.594372801875732	0.0
213.0	27.70230360307147	19.551092734790313	18.54695806261075	34.199645599527464	0.0
214.0	30.481283422459892	24.9554367201426	18.241235888294714	26.322043969102793	0.0
215.0	30.312124849939977	21.48859543817527	17.346938775510203	30.85234093637455	0.0
216.0	30.890369473046636	15.808600847970927	17.201695941853423	36.099333737129015	0.0
217.0	27.552275522755227	17.22017220172202	25.21525215252153	30.01230012300123	0.0
218.0	26.68769716088328	18.801261829652997	18.61198738170347	35.89905362776025	0.0
219.0	19.131614654002714	22.3202170963365	25.10176390773406	33.44640434192673	0.0
220.0	0.0	30.020491803278688	26.946721311475407	43.0327868852459	0.0
