# Position (bp)	A	C	G	T	N
0.0	26.754550936457044	23.304854531234138	25.375388822219435	24.565205710089376	0.0
1.0	26.394805163942703	20.555961525893977	15.560744054514885	37.48848925564843	0.0
2.0	28.298516643402966	19.76862476046275	17.40282476519435	34.530033830939935	0.0
3.0	23.56742301076789	21.646521052755592	15.695907259489644	39.087792464833534	0.0023562121533422867
4.0	32.38610047664554	15.674778825915917	14.288226913764094	37.64972122391788	0.0011725597565765944
5.0	35.32535588541484	15.13375676971845	21.516299961399447	28.018153957726543	0.006433425740721246
6.0	31.659193870947057	16.55695553054906	21.451102261662516	30.33274833684137	0.0
7.0	36.14891495873134	17.000718723917277	19.83620050078828	27.01300658443847	0.001159232124640638
8.0	24.84194437368287	26.467080428892338	21.594567054954723	27.096408142470068	0.0
9.0	27.664939391135373	19.19415656518923	16.26549921347275	36.87482650134172	5.783288609234755E-4
10.0	26.458417615442407	17.14904929780963	25.920360631104433	30.47217245564353	0.0
11.0	26.136521136521136	19.97920997920998	20.91938091938092	32.964887964887964	0.0
12.0	27.145273097724136	21.382602321460524	20.051023647498166	31.42110093331717	0.0
13.0	25.94004695187721	21.821663619216817	18.621552872774256	33.61673655613172	0.0
14.0	30.369327849846282	20.263138161955137	19.502333173750785	29.865200814447796	0.0
15.0	29.870392053942744	18.47965899324562	19.613656420698046	32.036292532113585	0.0
16.0	29.386453172135734	17.902854604917835	19.50694760885741	33.203744614089025	0.0
17.0	29.073248389273747	18.397752770103075	21.462891289676932	31.064953942169595	0.0011536087766555727
18.0	32.9084207672652	18.2425923896429	18.350454810260196	30.498532032831704	0.0
19.0	30.721178526726234	19.520214109788945	19.63903581378447	30.119571549700353	0.0
20.0	29.68177701895956	17.18934757655636	21.112771025961965	32.014950769745454	0.0011536087766555727
21.0	28.2045809804521	17.48928585848681	19.256037699934822	35.05009546112627	0.0
22.0	27.749482318061474	19.478684193829345	20.696318257589304	32.075515230519876	0.0
23.0	29.283781991013385	17.417762114334163	20.453483610103305	32.8420882626075	0.002884021941638932
24.0	30.73675224521108	17.215303774031113	19.69960027455889	32.34776690181059	5.768043883277864E-4
25.0	28.341283620485786	18.411019271034615	19.041466467476884	34.20623064100272	0.0
26.0	29.318390254313055	17.312783715658508	22.45153401127076	30.91729201875768	0.0
27.0	29.269938685693518	17.824409208105255	19.671913663919156	33.23373844228207	0.0
28.0	29.381261932640783	17.225109448632686	20.62710173098997	32.76652688773656	0.0
29.0	29.513520372848507	17.97044437266393	19.96331502930183	32.55272022518573	0.0
30.0	29.86848177203507	17.279649284725426	19.2455006922012	33.60521458237194	0.0011536686663590216
31.0	29.26042790311323	18.55362056334616	19.81864014721067	32.365004009067995	0.002307377261950772
32.0	28.099364262556104	19.869968040059536	19.21807755766058	32.81201324549157	5.768942322114664E-4
33.0	29.508083220825977	17.12765834689191	19.739559894300783	33.62469853798133	0.0
34.0	29.428769257400035	18.788298424787953	19.03583174658127	32.74594656973054	0.0011540015002019504
35.0	30.14633976981431	17.445043022387843	19.94132521684788	32.46729199094997	0.0
36.0	30.75640179284945	17.848580660852644	18.347752568245255	33.047264978052645	0.0
37.0	28.100768455092318	19.65935301412891	19.08098334434438	33.15889518643439	0.0
38.0	30.106092333393274	18.231755773012292	20.19930741254198	31.462844481052453	0.0
39.0	30.490050835148875	18.808424110384895	18.483660130718953	32.21786492374727	0.0
40.0	28.922892114271054	20.07732364552415	19.902966405616752	31.09681783458804	0.0
41.0	29.19442052291487	17.12742461789018	20.843365729919096	32.834203295898575	5.858333772708367E-4
42.0	27.410702219297367	19.047647027716245	20.49074852076221	33.050902232224175	0.0
43.0	30.01903145788038	19.10510903316659	20.25583464432385	30.62002486462918	0.0
44.0	27.706164270368532	19.91170290624926	20.97823264159407	31.403900181788135	0.0
45.0	29.99550460777703	18.28914835977334	20.064236788870353	31.65111024357928	0.0
46.0	29.48065565224603	17.68863034553845	19.857353577119703	32.972768039618735	5.92385477077644E-4
47.0	30.223659231134313	19.1344328429046	19.034171808258186	31.607142857142854	5.932605600379687E-4
48.0	29.58622410188177	19.292316099600836	18.44409332826459	32.676772476715456	5.939935373503137E-4
49.0	26.845709458052465	19.690145705293343	21.43337359217987	32.03077124447432	0.0
50.0	29.467555863089203	18.722635139165604	19.214158743035757	32.59565025470944	0.0
51.0	30.390371320049365	17.75782120562192	19.049473394121662	32.802334080207046	0.0
52.0	27.941025965191113	18.14733876356806	21.30795210316242	32.603683168078405	0.0
53.0	30.271195461528226	18.41576852826263	19.921737973412686	31.391298036796456	0.0
54.0	29.938891552227393	19.06013144081219	19.55773747034086	31.442025863376806	0.0012136732427528536
55.0	28.989434582711688	19.252199859939715	18.614621076028378	33.14374448132022	0.0
56.0	29.678825965079426	18.810575108554257	20.739207172214996	30.7707810410216	6.107131297215759E-4
57.0	26.525739683006115	19.641009629806486	20.00710144661365	33.82614924057375	0.0
58.0	30.1313044545343	17.18431709412198	22.343845870658978	30.339919008467298	6.135722174499939E-4
59.0	27.44683076279476	21.433185478661557	22.36214756347395	28.757836195069736	0.0
60.0	30.703915720310988	18.896854949764414	20.24799767810939	30.151231651815213	0.0
61.0	29.09579063162278	19.96047308005444	19.822501755716175	31.119991547702654	0.0012429849039483417
62.0	30.23302342738885	15.88960929342695	22.66460757404293	31.21275970514127	0.0
63.0	25.382604038685695	19.879658507387454	25.575402450934064	29.162335002992783	0.0
64.0	26.24234928487616	20.700218818380744	18.404845717185168	34.65195192338185	6.342561760695145E-4
65.0	26.73599356128595	19.517351951096433	19.429841651070245	34.316174075233306	6.387613140597753E-4
66.0	27.235281265663353	18.21318870567672	18.254957652713696	36.294644578390674	0.0019277975555526995
67.0	33.135941661710326	14.413901890305397	17.792402575573426	34.65516795531535	0.0025859170954979182
68.0	33.705190256955106	16.19971405710988	22.57833917024095	27.514789018743684	0.0019674969503797267
69.0	32.05298370198689	16.57290312148387	20.29065576089959	31.082783665604385	6.737500252656259E-4
70.0	31.253162543914183	16.09102343535399	24.669288264974192	27.986525755757636	0.0
71.0	25.09064671982172	19.16869879716141	26.17292745522463	29.56772702779224	0.0
