# Position (bp)	A	C	G	T	N
0.0	47.05882352941176	11.76470588235294	23.52941176470588	17.647058823529413	0.0
1.0	47.05882352941176	29.411764705882355	5.88235294117647	17.647058823529413	0.0
2.0	55.55555555555556	5.555555555555555	16.666666666666664	22.22222222222222	0.0
3.0	66.66666666666666	11.11111111111111	11.11111111111111	11.11111111111111	0.0
4.0	72.22222222222221	11.11111111111111	5.555555555555555	11.11111111111111	0.0
5.0	83.33333333333334	5.555555555555555	0.0	11.11111111111111	0.0
6.0	78.94736842105263	5.263157894736842	10.526315789473683	5.263157894736842	0.0
7.0	70.0	5.0	15.0	10.0	0.0
8.0	80.0	0.0	5.0	15.0	0.0
9.0	65.0	15.0	10.0	10.0	0.0
10.0	75.0	10.0	10.0	5.0	0.0
11.0	70.0	20.0	10.0	0.0	0.0
12.0	65.0	10.0	15.0	10.0	0.0
13.0	65.0	20.0	10.0	5.0	0.0
14.0	60.0	15.0	10.0	15.0	0.0
15.0	70.0	5.0	10.0	15.0	0.0
16.0	65.0	5.0	5.0	25.0	0.0
17.0	65.0	5.0	10.0	20.0	0.0
18.0	75.0	15.0	5.0	5.0	0.0
19.0	75.0	10.0	0.0	15.0	0.0
20.0	75.0	5.0	10.0	10.0	0.0
21.0	70.0	5.0	15.0	10.0	0.0
22.0	60.0	0.0	15.0	25.0	0.0
23.0	60.0	0.0	15.0	25.0	0.0
24.0	60.0	15.0	10.0	15.0	0.0
25.0	65.0	10.0	10.0	15.0	0.0
26.0	60.0	10.0	10.0	20.0	0.0
27.0	80.0	5.0	5.0	10.0	0.0
28.0	70.0	15.0	0.0	15.0	0.0
29.0	65.0	15.0	5.0	15.0	0.0
30.0	88.88888888888889	5.555555555555555	0.0	5.555555555555555	0.0
31.0	75.0	12.5	12.5	0.0	0.0
32.0	75.0	0.0	0.0	25.0	0.0
33.0	68.75	0.0	25.0	6.25	0.0
34.0	57.14285714285714	0.0	21.428571428571427	21.428571428571427	0.0
35.0	50.0	20.0	30.0	0.0	0.0
36.0	40.0	30.0	10.0	20.0	0.0
37.0	50.0	10.0	40.0	0.0	0.0
38.0	40.0	40.0	0.0	20.0	0.0
39.0	22.22222222222222	33.33333333333333	22.22222222222222	22.22222222222222	0.0
40.0	25.0	25.0	25.0	25.0	0.0
41.0	50.0	12.5	12.5	25.0	0.0
42.0	25.0	12.5	25.0	37.5	0.0
43.0	50.0	25.0	0.0	25.0	0.0
44.0	25.0	25.0	25.0	25.0	0.0
45.0	12.5	37.5	12.5	37.5	0.0
46.0	75.0	0.0	12.5	12.5	0.0
47.0	12.5	50.0	25.0	12.5	0.0
48.0	37.5	12.5	0.0	50.0	0.0
49.0	25.0	50.0	0.0	25.0	0.0
50.0	37.5	37.5	0.0	25.0	0.0
51.0	37.5	37.5	0.0	25.0	0.0
52.0	37.5	12.5	25.0	25.0	0.0
53.0	37.5	0.0	25.0	37.5	0.0
54.0	50.0	0.0	12.5	37.5	0.0
55.0	50.0	0.0	37.5	12.5	0.0
56.0	62.5	25.0	0.0	12.5	0.0
57.0	25.0	25.0	25.0	25.0	0.0
58.0	50.0	25.0	12.5	12.5	0.0
59.0	62.5	12.5	0.0	25.0	0.0
60.0	37.5	37.5	0.0	25.0	0.0
61.0	50.0	25.0	25.0	0.0	0.0
62.0	12.5	37.5	12.5	37.5	0.0
63.0	12.5	25.0	12.5	50.0	0.0
64.0	0.0	0.0	50.0	50.0	0.0
65.0	37.5	0.0	25.0	37.5	0.0
66.0	25.0	50.0	12.5	12.5	0.0
67.0	12.5	0.0	50.0	37.5	0.0
68.0	50.0	25.0	12.5	12.5	0.0
69.0	25.0	37.5	25.0	12.5	0.0
70.0	0.0	37.5	25.0	37.5	0.0
71.0	25.0	12.5	37.5	25.0	0.0
72.0	25.0	37.5	12.5	25.0	0.0
73.0	25.0	25.0	25.0	25.0	0.0
74.0	12.5	37.5	25.0	25.0	0.0
75.0	50.0	12.5	0.0	37.5	0.0
76.0	37.5	37.5	12.5	12.5	0.0
77.0	25.0	12.5	12.5	50.0	0.0
78.0	12.5	25.0	0.0	62.5	0.0
79.0	30.0	20.0	40.0	10.0	0.0
80.0	40.0	50.0	0.0	10.0	0.0
81.0	40.0	30.0	10.0	20.0	0.0
82.0	60.0	20.0	0.0	20.0	0.0
83.0	30.0	30.0	20.0	20.0	0.0
84.0	40.0	30.0	0.0	30.0	0.0
85.0	70.0	20.0	10.0	0.0	0.0
86.0	40.0	10.0	20.0	30.0	0.0
87.0	60.0	10.0	20.0	10.0	0.0
88.0	50.0	10.0	20.0	20.0	0.0
89.0	30.0	30.0	20.0	20.0	0.0
90.0	80.0	0.0	10.0	10.0	0.0
91.0	60.0	10.0	30.0	0.0	0.0
92.0	30.0	20.0	10.0	40.0	0.0
93.0	50.0	0.0	30.0	20.0	0.0
94.0	70.0	20.0	0.0	10.0	0.0
95.0	50.0	30.0	10.0	10.0	0.0
96.0	60.0	10.0	10.0	20.0	0.0
97.0	40.0	10.0	40.0	10.0	0.0
98.0	30.0	10.0	10.0	50.0	0.0
99.0	40.0	0.0	30.0	30.0	0.0
100.0	40.0	10.0	10.0	40.0	0.0
101.0	30.0	10.0	40.0	20.0	0.0
102.0	60.0	10.0	10.0	20.0	0.0
103.0	40.0	10.0	10.0	40.0	0.0
104.0	70.0	10.0	20.0	0.0	0.0
105.0	50.0	30.0	20.0	0.0	0.0
106.0	50.0	10.0	10.0	30.0	0.0
107.0	50.0	0.0	20.0	30.0	0.0
108.0	40.0	20.0	20.0	20.0	0.0
109.0	50.0	10.0	10.0	30.0	0.0
110.0	50.0	20.0	0.0	30.0	0.0
111.0	50.0	30.0	10.0	10.0	0.0
112.0	50.0	30.0	0.0	20.0	0.0
113.0	27.27272727272727	27.27272727272727	9.090909090909092	36.36363636363637	0.0
114.0	33.33333333333333	22.22222222222222	11.11111111111111	33.33333333333333	0.0
115.0	33.33333333333333	0.0	22.22222222222222	44.44444444444444	0.0
116.0	44.44444444444444	11.11111111111111	11.11111111111111	33.33333333333333	0.0
117.0	36.36363636363637	36.36363636363637	18.181818181818183	9.090909090909092	0.0
118.0	54.54545454545454	9.090909090909092	36.36363636363637	0.0	0.0
119.0	63.63636363636363	18.181818181818183	18.181818181818183	0.0	0.0
120.0	54.54545454545454	0.0	18.181818181818183	27.27272727272727	0.0
121.0	36.36363636363637	27.27272727272727	18.181818181818183	18.181818181818183	0.0
122.0	45.45454545454545	18.181818181818183	9.090909090909092	27.27272727272727	0.0
123.0	63.63636363636363	9.090909090909092	0.0	27.27272727272727	0.0
124.0	54.54545454545454	9.090909090909092	18.181818181818183	18.181818181818183	0.0
125.0	45.45454545454545	9.090909090909092	18.181818181818183	27.27272727272727	0.0
126.0	45.45454545454545	9.090909090909092	9.090909090909092	36.36363636363637	0.0
127.0	54.54545454545454	27.27272727272727	0.0	18.181818181818183	0.0
128.0	45.45454545454545	18.181818181818183	9.090909090909092	27.27272727272727	0.0
129.0	72.72727272727273	18.181818181818183	0.0	9.090909090909092	0.0
130.0	54.54545454545454	18.181818181818183	18.181818181818183	9.090909090909092	0.0
131.0	45.45454545454545	18.181818181818183	27.27272727272727	9.090909090909092	0.0
132.0	81.81818181818183	0.0	9.090909090909092	9.090909090909092	0.0
133.0	63.63636363636363	18.181818181818183	9.090909090909092	9.090909090909092	0.0
134.0	45.45454545454545	9.090909090909092	27.27272727272727	18.181818181818183	0.0
135.0	45.45454545454545	27.27272727272727	18.181818181818183	9.090909090909092	0.0
136.0	54.54545454545454	0.0	9.090909090909092	36.36363636363637	0.0
137.0	63.63636363636363	18.181818181818183	0.0	18.181818181818183	0.0
138.0	45.45454545454545	18.181818181818183	0.0	36.36363636363637	0.0
139.0	36.36363636363637	18.181818181818183	0.0	45.45454545454545	0.0
140.0	63.63636363636363	9.090909090909092	9.090909090909092	18.181818181818183	0.0
141.0	45.45454545454545	18.181818181818183	9.090909090909092	27.27272727272727	0.0
142.0	45.45454545454545	9.090909090909092	27.27272727272727	18.181818181818183	0.0
143.0	63.63636363636363	36.36363636363637	0.0	0.0	0.0
144.0	63.63636363636363	9.090909090909092	18.181818181818183	9.090909090909092	0.0
145.0	45.45454545454545	27.27272727272727	9.090909090909092	18.181818181818183	0.0
146.0	63.63636363636363	9.090909090909092	0.0	27.27272727272727	0.0
147.0	22.22222222222222	11.11111111111111	33.33333333333333	33.33333333333333	0.0
148.0	33.33333333333333	11.11111111111111	22.22222222222222	33.33333333333333	0.0
149.0	33.33333333333333	11.11111111111111	22.22222222222222	33.33333333333333	0.0
150.0	50.0	25.0	25.0	0.0	0.0
