# Position (bp)	A	C	G	T	N
0.0	28.154198707726476	23.961397167393127	18.968307405176184	28.91609671970422	0.0
1.0	27.118253658882313	20.99649172543322	14.267573856857673	37.61768075882679	0.0
2.0	28.168282344050727	19.648486852203895	18.558642594844788	33.62458820890059	0.0
3.0	24.16289966598605	22.607905390253404	15.58180981269253	37.64738513106802	0.0
4.0	33.14121547482804	14.05665608740281	15.467748976485717	37.33437946128343	0.0
5.0	34.91901520603051	16.13266642286685	22.198563153983176	26.749755217119464	0.0
6.0	32.304162685634076	17.59262535829293	20.589900562652605	29.513311393420384	0.0
7.0	33.908340852662434	17.474331074585848	20.341112153005078	28.276215919746644	0.0
8.0	24.860975969335104	24.858617131062953	21.163496977738465	29.11690992186348	0.0
9.0	29.567755631560328	18.17195423988678	15.906356881707747	36.35393324684515	0.0
10.0	27.60678317884856	17.449704002452886	23.679803768956813	31.26370904974174	0.0
11.0	28.65590858975644	18.842750089912684	18.62165333207554	33.87968798825534	0.0
12.0	27.113597773794922	19.498160550891424	20.903098764267522	32.485142911046125	0.0
13.0	26.660731971890772	21.308305428477105	18.22501532801962	33.80594727161251	0.0
14.0	31.27188483712376	17.903417866279963	19.4443461960174	31.380351100578878	0.0
15.0	30.61889634768054	18.01170486759826	19.522846887837193	31.846551896884005	0.0
16.0	30.634659690182836	16.999287031635763	18.74635413904651	33.61969913913489	0.0
17.0	29.92247057298724	18.07154387246527	19.320498167807614	32.68548738673987	0.0
18.0	31.46743164120024	17.699068129071783	19.246492230481955	31.58700799924602	0.0
19.0	29.712650109250678	18.92539739565235	19.03435359526011	32.327598899836865	0.0
20.0	30.70124302967137	17.918234438575727	19.06351757965459	32.31700495209831	0.0
21.0	30.476151223791664	17.51579418397207	19.05723588532804	32.95081870690822	0.0
22.0	29.617723769656934	18.128830563258386	19.25157932540874	33.00186634167594	0.0
23.0	29.847758768882976	17.70025079181924	19.445785402267724	33.006205037030064	0.0
24.0	30.782000565131394	17.93762362249223	19.052580766694923	32.227795045681454	0.0
25.0	29.18891236910109	18.412083610484864	19.372744771401493	33.026259249012554	0.0
26.0	30.481000141262893	17.855629326176015	19.99340773178886	31.66996280077224	0.0
27.0	29.63438176852811	18.52281288256898	19.46805254732084	32.37475280158207	0.0
28.0	30.387621536360854	17.836123078371823	18.65656708336276	33.11968830190456	0.0
29.0	30.0595010387669	18.2099074232107	19.370501374232695	32.36009016378971	0.0
30.0	30.194986728189793	18.238586537499486	19.123177701004657	32.44324903330607	0.0
31.0	29.850271911858183	17.924994703015752	19.176848647503355	33.04788473762271	0.0
32.0	29.74649644788963	18.140189171213486	19.77586683853348	32.33744754236341	0.0
33.0	30.439977633244062	18.205950734277053	18.938167691809646	32.41590394066924	0.0
34.0	30.168166648027267	17.775514888958213	19.162875019865677	32.89344344314884	0.0
35.0	30.299017011007123	17.706162811230797	19.791629878156456	32.20319029960563	0.0
36.0	29.829291264421947	17.860842947963267	19.42724275959501	32.88262302801978	0.0
37.0	29.626664468959348	18.71916832475835	18.80452570728893	32.84964149899337	0.0
38.0	29.81038106283151	18.93893457822885	19.254475560291286	31.996208798648357	0.0
39.0	29.475797430795136	18.41184989815022	19.630514900681746	32.4818377703729	0.0
40.0	30.21542918037999	18.480161557166156	19.53876135580846	31.765647906645395	0.0
41.0	29.863225016338813	18.334206699206906	19.437591629818478	32.36497665463581	0.0
42.0	29.9120286407424	18.47398544409638	20.266975999246295	31.347009915914924	0.0
43.0	30.13196092402089	18.611731037609747	19.193513246144516	32.06279479222485	0.0
44.0	30.154224842035838	18.15130405083119	20.277710712119518	31.416760395013455	0.0
45.0	30.643071668335196	18.244508568399976	19.79683175313586	31.31558801012897	0.0
46.0	30.128442960371725	18.577410293104364	19.20225202146016	32.09189472506375	0.0
47.0	29.609300462902976	18.441913332312513	19.84593458109047	32.102851623694036	0.0
48.0	30.270852841923002	18.254150544473696	19.109289327844426	32.36570728575888	0.0
49.0	29.74456531341842	18.477050927916412	19.25389748452491	32.52448627414026	0.0
50.0	29.651837410249914	18.302243531220366	19.926727413018252	32.119191645511464	0.0
51.0	30.380641589010754	17.99241308624813	19.46797356361109	32.158971761130026	0.0
52.0	29.863626991841187	17.61361962828783	19.621218815351536	32.90153456451945	0.0
53.0	30.61202848945784	17.813569606532074	19.116096308034898	32.45830559597518	0.0
54.0	30.572100174970394	18.096769822614185	19.746911507396476	31.58421849501894	0.0
55.0	29.954340589742834	17.87315521253719	19.017880814210386	33.15462338350959	0.0
56.0	30.001355101367473	17.81310206269995	19.639543036251908	32.54599979968067	0.0
57.0	29.18367948151421	17.85299749594933	20.124907939313598	32.83841508322286	0.0
58.0	29.399252895912138	18.035964695207458	19.535475660197264	33.02930674868314	0.0
59.0	29.75341012874525	18.062045193412484	19.935774681082993	32.24876999675927	0.0
60.0	29.468194808638522	18.495624760614007	19.27462361156124	32.76155681918623	0.0
61.0	29.296506694323966	17.95328116160664	19.556147463699794	33.1940646803696	0.0
62.0	29.670990211619948	17.85598529091113	19.429433499714186	33.04359099775474	0.0
63.0	29.43655082593245	17.433274204859536	19.77169730150218	33.358477667705834	0.0
64.0	29.18567235953467	18.339756962860815	19.73056115413175	32.74400952347277	0.0
65.0	29.612560261200628	17.98818939402869	19.92833484600243	32.47091549876826	0.0
66.0	30.119111467351907	18.004043071083792	20.017916816464613	31.858928645099695	0.0
67.0	29.252594788615347	17.684641091078408	19.886601401568957	33.17616271873729	0.0
68.0	29.63109222399698	17.995084373139694	19.725573637151296	32.64824976571203	0.0
69.0	29.3087899846162	17.598241177892124	20.340801254280645	32.752167583211026	0.0
70.0	29.19513129586514	17.400607114438124	19.78367864194984	33.6205829477469	0.0
71.0	30.55380353090277	17.361549117274308	19.604468154086476	32.48017919773645	0.0
72.0	29.765799541384453	18.53089760140532	19.726363320187925	31.976939537022297	0.0
73.0	29.659693116640433	18.26268413885794	18.674141274809745	33.40348146969188	0.0
74.0	30.265981277559007	17.756844066118042	19.541842533424507	32.435332122898444	0.0
75.0	30.012969403996937	18.22967635441844	19.589105700642577	32.16824854094205	0.0
76.0	30.322485555948592	17.755571276972056	18.687654757693668	33.234288409385684	0.0
77.0	30.261365847331216	17.48551079246974	20.081481525154913	32.17164183504413	0.0
78.0	30.19062612397479	18.04609696991138	18.881597179228653	32.88167972688518	0.0
79.0	30.09181453110903	17.953072572988717	19.209109511089096	32.74600338481316	0.0
80.0	30.02706894619826	18.346140463651537	19.665972742337836	31.96081784781237	0.0
81.0	30.941735776050205	17.590746617277542	18.801684578088686	32.66583302858356	0.0
82.0	30.548558551649684	18.11145784788546	18.913737265289026	32.426246335175826	0.0
83.0	30.59170550410005	18.18830747448528	18.538729278508644	32.68125774290602	0.0
84.0	28.799490274508415	17.99673162126924	19.808498964620096	33.395279139602245	0.0
85.0	28.595871215920422	17.70751594461128	19.08279397969238	34.61381885977592	0.0
86.0	30.630115000855575	16.913209462050897	22.75648023035574	29.700195306737786	0.0
87.0	30.38749992624107	20.141499135545317	20.270724784771435	29.200276153442182	0.0
88.0	32.01487032720621	18.264538400259642	18.684684153069956	31.035907119464195	0.0
89.0	28.12664129119825	22.976011330441708	18.96373668525567	29.933610693104363	0.0
90.0	33.22435201359709	15.021717577073792	19.51336103111279	32.24056937821633	0.0
91.0	27.24751096238853	20.680700884663278	26.560554286692277	25.51123386625591	0.0
92.0	26.340763823722092	19.504004438227778	17.736975985174432	36.4182557528757	0.0
93.0	27.903723683666904	19.320777434795698	18.635534648731916	34.13996423280548	0.0
94.0	24.37652364340399	21.579217651537956	17.095500345309983	36.948758359748076	0.0
95.0	33.25717456887645	14.210398918427469	16.510511680629104	36.02191483206697	0.0
96.0	34.673966324716666	15.486968692971423	23.13743555216952	26.701629430142393	0.0
97.0	30.678877400295423	17.12437223042836	20.940620384047268	31.256129985228952	0.0
98.0	34.34417461096106	13.433885543058766	22.45994361668804	29.761996229292137	0.0
99.0	27.117181543626145	18.013108824520238	25.129581144096598	29.740128487757016	0.0
