# Position (bp)	A	C	G	T	N
0.0	26.914423908042238	23.827395359655636	23.747459470879264	25.51072126142286	0.0
1.0	27.10463651789366	20.079698377279485	15.077592525847303	37.737971336122236	1.0124285731641632E-4
2.0	27.969116224984404	19.88811747866621	17.993866851320604	34.1487985044646	1.0094056417700129E-4
3.0	23.653725357557015	22.108841483056306	15.055747487437184	39.18158500837521	1.0066357428166474E-4
4.0	34.04322994429193	14.01019842989934	14.482994589734947	37.4624733098942	0.0011037261795822698
5.0	35.98408387620926	14.923069063034381	22.471406976126815	26.612023445428072	0.009416639201468997
6.0	32.359333663400996	17.624613045674366	20.05621152336229	29.95454068083957	0.00530108672277817
7.0	35.474585531066566	16.812372093673623	20.44313892736968	27.269204301547813	6.991463423160322E-4
8.0	23.313861125303358	26.520488727806875	22.001033816579387	28.163818016349467	7.983139609145485E-4
9.0	28.933650801247534	18.40167268898514	15.99394178691362	36.6707347228537	0.0
10.0	26.921141599965726	17.064215247172953	24.858884286609626	31.155260664262673	4.98201989021621E-4
11.0	28.422112193805777	18.658047147165384	19.694400664285777	33.22394654650051	0.0014934482425598898
12.0	26.576357865621297	19.765588466474973	21.024008278030387	32.62757817863432	0.006467211239018177
13.0	27.63310579356359	21.200972471499526	18.38438477256795	32.78153696236893	0.0
14.0	31.40446561299015	18.5480543112406	20.440396346768622	29.606487120718718	5.966082819173002E-4
15.0	30.10763807752925	18.772577894668807	19.323247338878478	31.79554234178694	9.943471365288334E-4
16.0	30.683563939006746	17.587614412067396	19.01609350840472	32.71113718510269	0.0015909554184461339
17.0	30.128221063255396	18.22986322755137	20.36323500897398	31.27510105052775	0.0035796496915038007
18.0	31.834520749538868	18.04650561557545	18.356642487458796	31.755271282757526	0.007059864669354718
19.0	30.44671045108558	18.291413315302503	19.77110128917106	31.49077494444085	0.0
20.0	30.344193261309453	18.029999453109074	19.532656845831447	32.093051005036365	9.943471365288337E-5
21.0	29.998061023083768	17.36050552608421	19.45022546821321	33.19120798261881	0.0
22.0	28.72509781889956	18.956730984353946	19.753600779568156	32.56377493946912	7.954777092230669E-4
23.0	29.9215957282847	17.479330008899407	20.040967102024986	32.55631733594515	0.0017898248457519003
24.0	30.76778514147074	17.933448346152126	18.534133451329193	32.763042105629495	0.0015909554184461339
25.0	29.55368728776903	18.047897701566594	19.152418500822822	33.2458970751279	9.943471365288337E-5
26.0	31.757061107603274	17.68565703972914	20.086806505018966	30.470375912934966	9.943471365288337E-5
27.0	29.169968727782557	18.178256611165526	19.790491058333377	32.86108473329124	1.9886942730576673E-4
28.0	30.20359257620428	17.862949134172233	19.852538319652773	32.076743711997295	0.004176257973421102
29.0	29.269432545411878	18.39981544898795	19.526511309715577	32.800561607821145	0.0036790880634473655
30.0	29.98923107059864	18.30727941841815	19.071943011183578	32.62975665003764	0.0017898497619996997
31.0	30.57760842587584	18.22696248448786	19.38390953638591	31.80933194386992	0.0021876093804690236
32.0	29.395807914626953	18.293016406190183	19.490144253955375	32.820931987745325	9.943748216340164E-5
33.0	29.81208962659563	17.953758754384026	19.36987328454843	32.863085063327894	0.0011932711440188776
34.0	29.759005593536358	18.02053449347421	19.388241143567434	32.83211932877564	9.944064636420138E-5
35.0	30.208277342124703	17.57247999745178	19.51709200077243	32.70195157979817	1.9907985291980467E-4
36.0	30.87138863000932	17.44639201535753	19.015202204857378	32.66671844258051	2.987071952589194E-4
37.0	29.092844885369367	18.935392724074774	19.235477082339443	32.736086115147536	1.9919306887797533E-4
38.0	30.616134424981716	18.22988377491427	19.247575572208795	31.90600771911507	3.9850878014469857E-4
39.0	29.793100973185073	18.775832471004826	19.400596950646896	32.02997114937922	4.984557839812262E-4
40.0	30.003205822812873	18.4867118145057	19.4670344541063	32.04055116183613	0.0024967467389990844
41.0	29.6769274182412	18.18186366629242	20.474071939336085	31.665535922637094	0.0016010534931985248
42.0	29.315565655836924	18.345036833962595	19.55807260980048	32.77841906548349	0.002905834916512357
43.0	29.503153253011565	18.37824390840871	20.18513261517875	31.931363707948684	0.002106515452293945
44.0	29.492763663893424	18.71979002877666	19.86322551624285	31.924220791087066	0.0
45.0	29.4663962500804	18.48648453077764	19.71401234964945	32.332905866083486	2.0100340901781696E-4
46.0	30.201682497917997	17.643798856609497	19.467711891341693	32.686404435164285	4.023189665230388E-4
47.0	29.85516260616729	18.30772435907113	19.601709747513326	32.23379297642806	0.001610310820181623
48.0	30.42458981560458	17.85798803458912	18.80458677440437	32.91213046144675	7.049139551815707E-4
49.0	29.276642660910124	17.96652497021956	20.092173236504067	32.66425601302882	4.0311933743305704E-4
50.0	29.822057879630716	18.356740042224924	19.542448964762777	32.27865219339499	1.0091998659782579E-4
51.0	30.118457863105917	18.074331499960554	19.48051291283759	32.32649543949364	2.0228460229835765E-4
52.0	29.75808896671936	18.14773841525306	19.689532128222886	32.40453908936319	1.0140044149752228E-4
53.0	31.161277863045445	17.800026427329925	19.421851336104815	31.606781659433032	0.010062714086783286
54.0	30.09674619860167	18.426595935396602	19.233221695268828	32.24058410339152	0.002852067341384312
55.0	28.86621190225423	18.510217911349518	18.176492680497383	34.445342542925026	0.0017349629738490052
56.0	29.3587060643267	18.09831285787747	20.43810694127666	32.104362974269115	5.111622500544388E-4
57.0	28.09031779925602	18.863841556915403	19.6152956374513	33.4299308224128	6.141839644755996E-4
58.0	30.607169328143307	17.781028662345292	21.85141179401329	29.760185184235965	2.0503126214169507E-4
59.0	29.524043295494106	20.270191161170857	21.064085670768968	29.134079847506523	0.007600025059542088
60.0	31.216456026045215	18.887001803431154	19.653794775508356	30.24233541759576	4.119774195176362E-4
61.0	29.097569744329334	20.951915567107868	19.564777202457943	30.385634176477637	1.0330962721754115E-4
62.0	30.838323042652288	16.56424404217813	21.66365606748999	30.93336183113599	4.150165435969691E-4
63.0	26.60246978509906	20.15700687257253	25.113064566284947	28.125997858712598	0.001460917330862296
64.0	26.243729831372708	19.88971424915812	18.256297960300905	35.607845851647	0.0024121075212658744
65.0	27.57742495637734	19.475305780108066	18.598848530316697	34.34336303327123	0.005057699926663351
66.0	26.641622824060303	19.471093525834934	17.089775611264223	36.790943559239665	0.00656447960087964
67.0	33.50626988105158	14.075545069392787	17.82076536927008	34.595716920431094	0.0017027598544566013
68.0	34.3923523269208	15.503224209019173	22.93376107480811	27.17066238925192	0.0
69.0	31.895760770792947	16.97396879599906	20.472702549874256	30.657567883333737	0.0
70.0	33.18293469395497	16.005600235200397	22.19537755353654	28.61608751730809	0.0
71.0	26.07666873938727	19.78586205247172	25.64782483916485	28.48964436897616	0.0
