# Position (bp)	A	C	G	T	N
0.0	27.52837849547553	24.545541760023767	25.49360632806407	22.432473416436626	0.0
1.0	26.723289553495167	19.846688040800665	14.823508659000037	38.60651374670414	0.0
2.0	26.103898909836165	21.24476832475277	18.656092200945714	33.99524056446535	0.0
3.0	23.982732813494103	22.38325900472404	15.971840163266812	37.66216801851505	0.0
4.0	34.99990061450814	14.41701234979412	14.483677079717868	36.09940995597987	0.0
5.0	35.730021666946776	15.487400314632533	23.559132898177463	25.223445120243227	0.0
6.0	32.67312888195256	17.378066657946135	21.79667026012747	28.152134199973837	0.0
7.0	34.95305395880227	17.51934786702657	20.40964568517904	27.11795248899212	0.0
8.0	24.015374839845418	25.859403250263764	22.34039228758034	27.784829622310482	0.0
9.0	29.642534788350183	18.723090809117224	17.651243547352024	33.98313085518057	0.0
10.0	27.330953706561594	17.29103563975975	24.992136007927495	30.385874645751155	0.0
11.0	27.898941182013047	18.275946340659083	20.403298942359786	33.42181353496808	0.0
12.0	26.12247653770846	20.348272288810023	22.64386340352206	30.88538776995946	0.0
13.0	26.451204816630963	22.04381763686972	19.397423301565084	32.107554244934235	0.0
14.0	30.519356201160104	18.959124648703472	21.028102260720118	29.493416889416313	0.0
15.0	30.529821427528997	19.275056478870773	20.06838759391254	30.126734499687686	0.0
16.0	30.365877832776544	18.355400859380012	19.530489333543223	31.74823197430022	0.0
17.0	30.346080659461933	18.442105630962796	20.595227869313096	30.61658584026218	0.0
18.0	31.313257692033513	18.297503371561337	19.923999842878697	30.46523909352646	0.0
19.0	30.11340176208892	18.96760780436742	20.14814922508796	30.7708412084557	0.0
20.0	29.87452270389334	18.87884088967413	20.745598995716684	30.501037410715842	0.0
21.0	29.676978060997023	18.796063265421708	20.517113932653782	31.009844740927488	0.0
22.0	29.25761402897541	19.020410533344947	20.357111749847572	31.364863687832074	0.0
23.0	29.259068996642025	18.698864906124747	20.71669670558666	31.325369391646568	0.0
24.0	29.434240339786534	19.121405797143495	20.60521574645983	30.839138116610144	0.0
25.0	29.324662331165584	18.824919706229927	20.289130072282518	31.56128789032197	0.0
26.0	30.34713958776902	18.154280074149977	20.810258090043813	30.688322248037185	0.0
27.0	29.340561747452693	19.540622885696113	20.42814155676512	30.69067381008607	0.0
28.0	29.64456640576919	18.987930173119114	20.22778449530457	31.13971892580713	0.0
29.0	29.290677798057313	19.148240191402795	20.42657465128767	31.134507359252222	0.0
30.0	29.878236755913395	19.504407820752	20.116769981372958	30.500585441961643	0.0
31.0	29.85944562726966	19.025570735279857	20.114139819107347	31.00084381834313	0.0
32.0	29.590910735608063	19.012049064659696	20.59224952057025	30.804790679161993	0.0
33.0	29.394074033336278	18.996785626933	20.795879350294303	30.81326098943642	0.0
34.0	29.380603981676472	18.92519340295116	20.262260914873753	31.431941700498616	0.0
35.0	29.98898501469871	18.48621389914558	20.763464408281067	30.761336677874645	0.0
36.0	29.90208567358803	18.883394517724174	20.389891257773506	30.82462855091429	0.0
37.0	29.371120350210777	19.62798790938991	19.738731644045025	31.262160096354286	0.0
38.0	29.80993635589736	19.18936292195345	20.5577979951239	30.442902727025288	0.0
39.0	29.6299460347017	19.284015006609916	20.58022469372123	30.505814264967153	0.0
40.0	30.33097738024388	19.205578989590073	19.87037189885185	30.593071731314193	0.0
41.0	29.999058700862374	18.962543535085118	20.601852187072343	30.436545576980166	0.0
42.0	30.003273000066617	19.33705818119676	19.774278853812753	30.885389964923863	0.0
43.0	29.56141532374278	19.360117948472855	19.976074302903378	31.102392424880986	0.0
44.0	29.78941285017591	18.737896561863142	20.59492788994254	30.8777626980184	0.0
45.0	29.86828057844715	19.282778840874883	20.69268220607216	30.156258374605805	0.0
46.0	29.95894288802158	18.678523102955708	19.86633983235254	31.496194176670173	0.0
47.0	29.761918560847544	18.89655512153281	20.144917876971938	31.19660844064771	0.0
48.0	30.245111962576733	18.85814402392863	20.35064024160498	30.546103771889655	0.0
49.0	29.4104006029335	19.390399443445997	19.682880166966203	31.5163197866543	0.0
50.0	29.47807545851579	18.95377372301921	20.348055991616043	31.220094826848953	0.0
51.0	29.74712630347453	19.275403709239466	20.44358363620285	30.533886351083154	0.0
52.0	29.660445635201967	19.09672536849934	20.088233972253995	31.154595024044703	0.0
53.0	30.112481405336123	18.90261760671815	20.551561951765514	30.43333903618021	0.0
54.0	29.68375228035372	18.973413033327244	20.298120901526424	31.044713784792616	0.0
55.0	29.27124637058996	18.787363706769774	20.341519870748044	31.599870051892225	0.0
56.0	29.563109894062634	18.798370908415812	20.854170776139146	30.784348421382408	0.0
57.0	28.866028728954802	19.366007696447245	20.469126454688	31.29883711990995	0.0
58.0	29.61831994626799	18.777625782080722	19.69936766243996	31.904686609211325	0.0
59.0	29.571575725042436	19.07452812395723	20.65344494900402	30.700451201996316	0.0
60.0	29.761555850253472	18.952058710016278	20.71579674355574	30.570588696174504	0.0
61.0	29.38910251759414	19.129362257853877	20.555321773198866	30.926213451353117	0.0
62.0	29.487903243361696	19.286312401225423	20.547289168428705	30.67849518698418	0.0
63.0	29.257584246016656	18.65894332896948	20.46244234347469	31.62103008153917	0.0
64.0	29.222149648015094	19.16278394658538	20.214093911024023	31.4009724943755	0.0
65.0	29.289018759081596	18.751097775706825	20.70002162890318	31.259861836308396	0.0
66.0	29.55599657956362	19.24474557963766	20.783651591678872	30.415606249119847	0.0
67.0	29.31330870908542	19.245388761121564	20.18317188189653	31.258130647896486	0.0
68.0	29.649027787659705	18.771226987005708	20.33100668373296	31.24873854160163	0.0
69.0	29.478833746934296	19.324869639462904	20.490454748085796	30.70584186551701	0.0
70.0	29.12712301313563	18.76471314362061	20.205348649767277	31.902815193476474	0.0
71.0	29.724689629530655	18.537700499032724	21.082680253060136	30.654929618376485	0.0
72.0	29.669006525752252	19.381324409624938	20.5454442464303	30.404224818192517	0.0
73.0	29.662619730339824	18.887107036091237	20.119200141773504	31.331073091795442	0.0
74.0	29.15163136639647	19.348470321624685	20.607077486272118	30.89282082570673	0.0
75.0	29.663228243498473	18.94377451692576	20.21720180154003	31.175795438035742	0.0
76.0	29.247847724218097	19.11046532747285	20.284790584474553	31.3568963638345	0.0
77.0	29.216622807463672	19.221810350965654	20.760345661862257	30.80122117970842	0.0
78.0	29.252144545957876	19.500073386122903	20.321126048295334	30.926656019623884	0.0
79.0	29.631233605336394	19.444852166457157	19.654849187260666	31.269065040945787	0.0
80.0	29.924337114055334	18.999145413428053	20.266782161813353	30.809735310703264	0.0
81.0	29.734219751981072	19.37742364958751	20.48699731981419	30.401359278617235	0.0
82.0	29.971335709426654	19.08646382659558	19.851765499357523	31.09043496462024	0.0
83.0	29.78713507416258	19.205957427014834	20.646037200486084	30.3608702983365	0.0
84.0	29.358362310581832	19.507454615232536	20.385348948096805	30.748834126088827	0.0
85.0	29.410225396013118	19.25751901560792	19.840053732176504	31.492201856202463	0.0
86.0	29.93192927157633	18.78516575702152	20.76011828779292	30.522786683609233	0.0
87.0	29.31708104382622	18.98118326865279	20.995174041315092	30.7065616462059	0.0
88.0	29.355012730490216	19.26644457983566	19.97865407237549	31.399888617298632	0.0
89.0	29.632150211147174	19.49141451156947	20.541042822741073	30.33539245454228	0.0
90.0	29.827837453425367	19.41664267036646	19.978446959450615	30.777072916757565	0.0
91.0	29.77523595642897	18.940221462326242	20.120258144842122	31.164284436402667	0.0
92.0	29.56678075466813	19.19267587031496	20.51562152263117	30.72492185238574	0.0
93.0	30.209372899651726	19.102949434524415	20.148650103435333	30.539027562388526	0.0
94.0	29.74518428415743	18.883979042051212	20.406936900627255	30.963899773164105	0.0
95.0	29.632119579689963	18.855308516938855	21.306389486719432	30.20618241665175	0.0
96.0	29.644318246318235	19.335092409726055	20.076465973805966	30.944123370149747	0.0
97.0	29.151788898479886	19.089880885664503	20.196597606650492	31.561732609205123	0.0
98.0	28.961984111154948	18.74618756523904	21.27436864624536	31.017459677360655	0.0
99.0	29.39757246777754	19.689190842006557	20.55874593033076	30.354490759885145	0.0
100.0	29.46425708196922	19.17182430127777	20.378025707030805	30.985892909722203	0.0
101.0	29.8313030051387	19.070685193806707	20.368567688227987	30.729444112826602	0.0
102.0	29.554523948337813	19.15560172947635	20.59663719426216	30.693237127923677	0.0
103.0	29.246389786078737	18.804855357393624	20.226413659130273	31.72234119739737	0.0
104.0	29.917129539460486	18.950815158894844	20.671779379181782	30.460275922462888	0.0
105.0	29.586327111942516	19.266715436975616	20.648312806311015	30.49864464477085	0.0
106.0	29.533110599619512	19.324106912182636	20.14012847311929	31.002654015078562	0.0
107.0	29.829900021609795	18.67748038580104	20.812440187167308	30.680179405421853	0.0
108.0	29.023848462678725	19.271018104576417	20.974605899038906	30.730527533705953	0.0
109.0	29.400284778500698	18.562782456936834	20.449218922735408	31.587713841827064	0.0
110.0	29.182471624872697	18.91399642820244	21.34075243900639	30.56277950791847	0.0
111.0	29.268480121067736	19.453007924379957	20.757234950032956	30.521277004519348	0.0
112.0	30.008938587170462	18.71509289323124	20.25566727145187	31.020301248146424	0.0
113.0	29.73558849895169	18.784551671000674	20.96948414197764	30.510375688069995	0.0
114.0	30.283423880379956	18.9203507517062	20.197012170057295	30.59921319785655	0.0
115.0	29.366461510114682	19.192935323678793	20.520162500631518	30.920440665575004	0.0
116.0	29.89913748339168	18.822115062721043	20.45177599266779	30.826971461219486	0.0
117.0	29.897718332022027	19.16812698185633	20.47212884152302	30.46202584459862	0.0
118.0	29.676747264686966	18.92593349879782	20.374220374220375	31.02309886229484	0.0
119.0	29.81113125458646	18.798246571083965	20.517599302932794	30.87302287139678	0.0
120.0	30.140074303146058	19.02693414202618	20.314366372587468	30.51862518224029	0.0
121.0	29.702946550765308	19.136166111293488	20.154425222486545	31.006462115454664	0.0
122.0	29.45615865604756	19.186752640389134	20.7440380125958	30.6130506909675	0.0
123.0	29.427465935629204	19.288080590564384	20.354861945500012	30.9295915283064	0.0
124.0	29.588665984850426	18.803216686523687	20.029431567087858	31.578685761538033	0.0
125.0	29.357465899470782	19.211888819976068	20.330087388500814	31.10055789205234	0.0
126.0	29.870528345918757	19.058300030833784	20.344552396268508	30.72661922697895	0.0
127.0	29.683104029945216	18.677904198326484	20.419105822781745	31.21988594894656	0.0
128.0	29.30276086554242	18.856914904912284	21.31609043723058	30.524233792314714	0.0
129.0	29.849453608372738	19.26273596946528	20.505336283078268	30.382474139083715	0.0
130.0	29.963570820729775	19.060087594441086	19.918068598899968	31.058272985929175	0.0
131.0	30.055023989117206	18.94942002153378	20.393952241373526	30.601603747975485	0.0
132.0	29.70051645631513	19.096048650796078	20.759404700058063	30.44403019283073	0.0
133.0	30.05323708411398	19.128154733477828	20.337392699264047	30.48121548314414	0.0
134.0	29.757640073118967	18.85021653519157	20.90730085509931	30.48484253659015	0.0
135.0	29.71066368840043	19.0821552897511	20.39933142634168	30.80784959550679	0.0
136.0	29.38565234322691	19.104606722376058	20.05645847731425	31.453282457082782	0.0
137.0	29.41858636079043	18.71235276519229	21.203200227001453	30.665860647015826	0.0
138.0	29.539663481968052	19.164437686681904	20.564716135342735	30.731182696007302	0.0
139.0	29.260664725162606	19.469229328168375	20.62190059932713	30.64820534734189	0.0
140.0	29.941825289710057	18.770109058190222	20.456089728673152	30.83197592342657	0.0
141.0	29.730994188405095	19.03884085182842	20.734446328623232	30.495718631143248	0.0
142.0	29.811757999934592	18.96249643746525	20.413051569929248	30.812693992670916	0.0
143.0	29.757798966900236	19.029791351300737	20.97801151703366	30.23439816476537	0.0
144.0	29.8951530165403	19.022595901208618	20.464867502439755	30.617383579811325	0.0
145.0	29.708143824817334	19.463086196466133	20.083723321223594	30.745046657492942	0.0
146.0	29.07987911003877	19.06797232851407	20.582081393376185	31.270067168070977	0.0
147.0	29.39993860056519	19.335626628462574	20.40303218747294	30.8614025834993	0.0
148.0	29.342508127900004	18.697168649979485	20.130204223351537	31.83011899876898	0.0
149.0	29.92645418692248	19.206072235941424	20.96205959916029	29.905413977975805	0.0
150.0	30.006596285149794	19.51485591239626	19.947578560804747	30.530969241649196	0.0
151.0	30.330018629314786	18.68987595292442	19.736264854176337	31.243840563584456	0.0
152.0	29.640483349985736	19.121422322508476	20.931355441989872	30.306738885515916	0.0
153.0	29.662688746228273	18.96639027281048	20.76675734259367	30.604163638367577	0.0
154.0	29.510822129513226	18.958385048405308	20.43640847833572	31.094384343745745	0.0
155.0	29.899601552692328	18.76876250164548	20.854590812915987	30.477045132746206	0.0
156.0	29.97062350602419	18.941158480148733	20.46664359471706	30.621574419110015	0.0
157.0	29.971047611670038	18.77967458419271	20.118036660114456	31.131241144022802	0.0
158.0	29.52318693072319	18.669933122869132	20.889030564774377	30.917849381633307	0.0
159.0	29.533318080699416	18.876919357377325	20.626428920292007	30.96333364163125	0.0
160.0	29.822223740704047	18.797232241490672	20.224062839116307	31.156481178688978	0.0
161.0	29.48110398963807	19.032549065027986	20.74083257614439	30.745514369189557	0.0
162.0	30.02470186000098	19.35022657004041	20.271884048487625	30.353187521470986	0.0
163.0	29.514770182361094	19.281712209087704	20.118784915628254	31.084732692922945	0.0
164.0	29.780515257628814	18.669696690450486	20.704431162949895	30.845356888970798	0.0
165.0	29.459982305325568	19.36659007777734	20.816827107184828	30.356600509712262	0.0
166.0	29.51659420601782	19.068353625626237	19.876789303417517	31.538262864938428	0.0
167.0	28.960363980538993	19.32567291566345	20.536339936569085	31.177623167228468	0.0
168.0	29.727213062323223	19.397256805514374	20.21415173856697	30.66137839359544	0.0
169.0	29.4481520965408	19.31668176091381	20.14848060528488	31.08668553726051	0.0
170.0	29.76499379798183	18.96057527909082	21.03590465654229	30.238526266385062	0.0
171.0	29.8160000269055	19.16798111234054	20.324749358472037	30.69126950228192	0.0
172.0	29.45106561027953	19.014462335839326	20.38595473012188	31.14851732375926	0.0
173.0	29.590554966802213	18.946947868806944	20.873469194280702	30.589027970110138	0.0
174.0	29.683768146469568	19.362915801740158	20.32166772552923	30.631648326261036	0.0
175.0	29.438650087114247	19.156611306781958	20.001670684264543	31.403067921839252	0.0
176.0	29.785464712384456	18.757721251279033	20.80297591140709	30.65383812492942	0.0
177.0	29.515454056829444	19.23158160452932	20.279596592362868	30.97336774627837	0.0
178.0	29.462797739583312	18.96175249505814	20.383560793937754	31.191888971420788	0.0
179.0	29.989880906048107	18.856628871418316	20.240955519230603	30.912534703302974	0.0
180.0	29.686607411060155	19.14231589986856	20.5866061956199	30.58447049345138	0.0
181.0	29.848149374989102	18.907756411373978	20.079847975034433	31.164246238602487	0.0
182.0	29.748937719193858	18.81742070520045	20.85132968856097	30.58231188704472	0.0
183.0	29.88194945911804	19.00088375386313	20.648039313869663	30.469127473149165	0.0
184.0	29.75319878504376	18.85633953864118	19.598401224833932	31.792060451481124	0.0
185.0	29.297898867967298	18.818095521457618	20.837937971975464	31.046067638599624	0.0
186.0	29.402058629512474	19.37170726850197	20.199924254951434	31.026309847034117	0.0
187.0	29.01634514957017	19.59311200578463	19.97125538961445	31.419287455030755	0.0
188.0	29.413768558975452	18.85292488198096	20.771888430100276	30.961418128943308	0.0
189.0	29.501978505701377	19.183850638579152	20.461189048606222	30.852981807113256	0.0
190.0	29.843955773600193	18.714272276009783	20.349426185617737	31.092345764772283	0.0
191.0	29.795273701467472	17.931362891177358	20.7292647374218	31.54409866993337	0.0
192.0	29.30768191560445	19.25371608422759	20.746539504960257	30.6920624952077	0.0
193.0	29.846310761181822	18.567633904822003	20.475266268715856	31.11078906528032	0.0
194.0	29.840429551776065	18.882287993600226	20.823418165999716	30.453864288623993	0.0
195.0	29.817180547402884	19.02911075270211	20.47474173257216	30.67896696732285	0.0
196.0	29.265071111648545	18.59767270968402	20.093761336471115	32.043494842196324	0.0
197.0	29.438274074101766	18.954605098374934	20.704344347787078	30.90277647973622	0.0
198.0	29.347962888867603	19.284601960751164	20.474803088962652	30.892632061418585	0.0
199.0	29.64427101326975	18.901229184011356	20.2631295768745	31.191370225844388	0.0
200.0	29.62778826721823	19.072838885357267	20.857519663747546	30.441853183676955	0.0
201.0	29.886388347366292	19.04578419890051	20.361397980322067	30.706429473411134	0.0
202.0	30.258217672934506	18.583772133354298	20.20352906434924	30.954481129361955	0.0
203.0	29.580462861737267	18.731960134427727	20.80930428059378	30.878272723241228	0.0
204.0	30.18274009350214	19.063660539149176	20.50050007365426	30.25309929369442	0.0
205.0	29.820923216053764	19.12738073891587	19.872104717429774	31.17959132760059	0.0
206.0	29.188397786806686	18.828802872525788	20.964577539184614	31.01822180148291	0.0
207.0	29.490224523545304	19.02428544115299	20.586548297890374	30.898941737411327	0.0
208.0	29.32333659112941	18.59104614902732	20.288007675975507	31.797609583867764	0.0
209.0	29.604110219925477	19.564814316388844	20.54810907155204	30.28296639213364	0.0
210.0	29.567821135830798	19.38958671354337	20.375120584501406	30.667471566124426	0.0
211.0	29.627656891525184	19.07796911095643	20.136186181642103	31.158187815876282	0.0
212.0	29.66326528540952	19.011129763337753	20.88287055738131	30.442734393871422	0.0
213.0	29.87458009464728	19.346704917898798	20.193871629518835	30.58484335793509	0.0
214.0	29.864822900107146	18.747519285307384	19.767157291193232	31.62050052339224	0.0
215.0	30.041564549248196	18.969621447969796	20.882874080943235	30.105939921838775	0.0
216.0	29.66615010331267	19.43527961074452	20.028077717789774	30.870492568153036	0.0
217.0	29.868828470741644	18.71977258290724	20.381376452016628	31.030022494334485	0.0
218.0	29.64357313187161	18.993394812923377	20.770042416696562	30.59298963850845	0.0
219.0	30.06223612329934	19.261750813276755	20.205810546356243	30.47020251706766	0.0
220.0	29.79555239799019	18.868497864363544	19.96584693606786	31.370102801578405	0.0
221.0	29.65704613327871	19.188813299839357	20.357724278459997	30.79641628842194	0.0
222.0	29.919480643633413	18.69978403604903	20.70016642694813	30.680568893369433	0.0
223.0	29.03363524705913	19.32401100813788	20.19428443819745	31.448069306605543	0.0
224.0	29.70913821998765	18.64999558966217	20.329893269824467	31.310972920525714	0.0
225.0	29.46812553757526	19.227136243518537	20.331957585173036	30.972780633733166	0.0
226.0	29.685068460944237	19.10256266723391	19.753025604281188	31.459343267540667	0.0
227.0	29.95895137577206	18.901548744959186	20.76712860473041	30.372371274538345	0.0
228.0	29.770147088582842	19.08877383737719	20.225419108100674	30.915659965939295	0.0
229.0	29.774236935506416	18.999796073147873	20.114978083591676	31.110988907754034	0.0
230.0	29.94964990407857	18.86177848266373	20.636844450292845	30.55172716296486	0.0
231.0	29.636403404675143	19.106389117697702	19.843541308910513	31.413666168716638	0.0
232.0	30.391715126511876	18.80382797576304	19.484377860069557	31.32007903765553	0.0
233.0	29.830120233889346	18.76273388342921	20.52281982900805	30.884326053673394	0.0
234.0	29.994391742736116	18.709384881570312	19.89785812302369	31.39836525266989	0.0
235.0	29.589854796900987	18.54209638328034	20.562857562330468	31.3051912574882	0.0
236.0	29.506306778603797	18.878347252661904	21.889388059230566	29.725957909503737	0.0
237.0	30.495182393079496	19.484978961238717	22.298392824778222	27.72144582090356	0.0
238.0	30.59268930795215	19.325212540245403	20.68403586601186	29.398062285790587	0.0
239.0	30.559546266568393	19.621222531762587	20.613639486801503	29.205591714867513	0.0
240.0	30.68702212949328	20.397982303477924	20.24036554962528	28.67463001740352	0.0
241.0	30.338032345978228	18.478522086382068	22.08382547693189	29.099620090707816	0.0
242.0	27.86110535047698	20.249637080049773	22.912173372044794	28.977084197428454	0.0
243.0	28.140760394621857	20.467323667835373	18.426829653495055	32.965086284047715	0.0
244.0	27.515006773797985	20.33451317008391	18.234100316467558	33.91637973965055	0.0
245.0	29.75424671274995	18.05479840380296	18.55906147103077	33.63189341241632	0.0
246.0	34.30456492703986	15.36263931146469	19.628853752750206	30.703942008745237	0.0
247.0	33.393683306688956	16.572140343345215	22.191184196403857	27.84299215356197	0.0
248.0	33.54628964578687	16.865034938599376	21.696535800796187	27.892139614817573	0.0
249.0	32.211474464214405	17.29790376460297	22.24437274577045	28.24624902541218	0.0
250.0	28.069501881245678	16.009236203284228	24.720007020392046	31.201254895078044	0.0
