# Position (bp)	A	C	G	T	N
0.0	26.876072571593745	23.924563875137693	24.551114953633657	24.64772777579575	5.208238391487655E-4
1.0	26.665664866881535	20.488273760790936	15.798037163317547	37.04776512285865	2.5908615132703923E-4
2.0	27.6225445293934	20.155694833996897	17.82698108387756	34.39477955273214	0.0
3.0	23.97276645616957	21.645475597500766	15.228526854443441	39.15168898861157	0.0015421032746563037
4.0	33.71998465669352	15.181946042705535	14.531134126070835	36.56514512210715	0.0017900524229638155
5.0	35.13473531174678	14.84218178108222	21.937178784130182	28.081823167076887	0.004080955963934552
6.0	31.820551885868635	17.38142898202009	21.116285694664526	29.681733437446745	0.0
7.0	35.25758573527177	17.45858872397548	20.14892862570285	27.134137075122837	7.59839927055367E-4
8.0	24.50614865462634	26.190867383693746	21.53356166980524	27.769422291874672	0.0
9.0	28.288558495100897	18.652437685089108	16.682950721169018	36.37403337095076	0.002019727690214167
10.0	26.872348903246635	16.898929221706084	24.739366611690297	31.488094337433864	0.0012609259231238683
11.0	27.814436054612013	18.96152518587384	20.24695837081044	32.977080388703705	0.0
12.0	26.724361443174928	20.276743618207586	20.760302368959607	32.23834084724729	2.517224105944928E-4
13.0	26.823845989412398	21.51571164510166	18.770983439586555	32.889458925899376	0.0
14.0	30.64695009242144	19.593094169275844	19.994467287839353	29.765236963546972	2.5148691639317465E-4
15.0	29.395551196449006	18.785066706904573	19.71959208822161	32.09953852150842	2.5148691639317465E-4
16.0	29.944295648018908	17.949627170646448	19.392910583826875	32.712915110591375	2.5148691639317465E-4
17.0	29.87060998151571	18.579098922378563	20.560564336640386	30.989223785632554	5.029738327863493E-4
18.0	32.29343493404755	18.214694380524854	18.20639531228388	31.28547537314371	0.0
19.0	31.052849975480022	18.80946093779471	19.68362945917739	30.453808140631484	2.5148691639317465E-4
20.0	30.097451180102354	17.659411269128725	20.618406327410817	31.624228249525316	5.029738327863493E-4
21.0	29.086222289285402	17.63753190740252	19.378827316508858	33.89741848680322	0.0
22.0	28.002816653463604	19.355690520200685	20.12599494511298	32.51549788122273	0.0
23.0	29.746375444817485	17.529141046437058	20.084499603908107	32.63922944408817	7.54460749179524E-4
24.0	30.75005972814264	17.836961032102305	19.230198548920495	32.182529203918165	2.5148691639317465E-4
25.0	28.97305317690847	18.53760358117369	19.164057489909087	33.325034265092356	2.5148691639317465E-4
26.0	30.745784450563963	17.058860512781823	21.43624177952142	30.75861028330001	5.029738327863493E-4
27.0	28.722572208180868	18.316043607831304	20.248217586480063	32.712915110591375	2.5148691639317465E-4
28.0	29.907578558225506	17.67802130094182	20.35660844744552	32.05754020647076	2.5148691639317465E-4
29.0	29.590574151849708	18.47094032140432	19.197495158815986	32.74048738777255	5.029801574327893E-4
30.0	29.770731265655964	17.732613703811754	19.274569177992614	33.22183435107593	2.5150146373851894E-4
31.0	30.215543259557343	18.39989939637827	19.584758551307846	31.796780684104625	0.003018108651911469
32.0	29.35218395198978	18.925655588029638	18.898491380394486	32.82341755914503	2.5152044106624546E-4
33.0	29.81773911993601	17.287618031904458	19.704096467972292	33.190294847093035	2.5153309420920507E-4
34.0	29.494187699204318	18.582759566209415	19.17744812197656	32.74510149200416	5.031206055559609E-4
35.0	30.03323046512566	17.460113356730808	19.58050950018153	32.92564242204203	5.042559199645003E-4
36.0	31.01830245083818	17.753251176225735	18.832982252551115	32.394959573153045	5.045472319277489E-4
37.0	28.766379817389176	19.662091719404355	19.00020952029949	32.56980433833237	0.0015146045746106836
38.0	30.989050412567522	17.981425619103923	19.23327623580773	31.796247732520833	0.0
39.0	30.242200702265663	18.905011991135666	19.105370207340396	31.746658166621135	7.589326371391275E-4
40.0	29.41433233683377	19.29140252660857	19.31881049420626	31.97342442252935	0.002030219822051233
41.0	29.16368434324781	17.65501501562695	20.98035869390791	32.20068722920291	2.54718014422134E-4
42.0	28.332282012712895	18.675029560411776	20.146282538798836	32.84640588807649	0.0
43.0	29.772047325708467	18.52617732041081	20.339152221815585	31.36262313206514	0.0
44.0	28.761448723305538	19.173359240622492	20.234857437280347	31.830078260178567	2.563386130543002E-4
45.0	29.885042714193645	18.469684092140433	20.080678086219248	31.5633112422936	0.0012838651530752423
46.0	30.096088822378388	17.541031238509582	19.59959990846235	32.76302290241212	2.571282375659213E-4
47.0	30.307578632463226	18.85428439759951	19.247929437388812	31.589692627329626	5.149052188218454E-4
48.0	29.96711272397369	18.45270005567125	18.888276046928805	32.69113796160746	7.732118188003876E-4
49.0	27.81568204455959	19.0720106521885	20.550105025211213	32.561944230838705	2.580472019941888E-4
50.0	29.268034065135478	18.593584727067714	19.234698231830162	32.90316574038394	5.172355827046766E-4
51.0	30.15787329130646	17.94897082601237	19.17422120947084	32.718415609290204	5.19063920126444E-4
52.0	28.987621769636206	18.36256151988307	20.47762096196384	32.17167466957081	5.210789460657237E-4
53.0	30.802601335184704	18.609431016764336	19.44856296366028	31.139143191107138	2.6149328354501213E-4
54.0	29.979673464035145	18.972395252770312	19.215789128581733	31.83161759884598	5.245557668349616E-4
55.0	28.917263130759135	18.917447265208846	18.456058944067845	33.70923065996417	0.0
56.0	29.53457096144718	18.532777807077686	20.942724539844946	30.989662992458207	2.6369917198459995E-4
57.0	27.734674354813986	19.431158137297906	19.505943163380177	33.32822434450792	0.0
58.0	30.54498359248989	17.568086532069465	22.08776627442256	29.799163601018087	0.0
59.0	28.588158439820273	21.105923966731464	21.32022561422517	28.9856919792231	0.0
60.0	31.077288054270902	18.470498860471004	20.22390745158668	30.228305633671415	0.0
61.0	28.96416903218896	20.895774195276097	19.741577847999572	30.396604359702213	0.0018745648331637299
62.0	30.929314578666204	16.67644968119938	21.443649836291574	30.949778132000688	8.077718421506117E-4
63.0	25.811691833723856	20.489998264340883	25.13505597500651	28.56325392692875	0.0
64.0	26.107324104381252	21.129859600175806	17.93749027465733	34.82478003663554	5.459841500801231E-4
65.0	27.648618571997748	19.53178452196134	18.527484303515738	34.29211260252518	0.0
66.0	27.68847458845717	18.61365440080525	17.97625730379645	35.7180188426196	0.003594864321524665
67.0	33.296030910902886	14.470556140145757	17.674388824862344	34.55763224265504	0.0013918814339719285
68.0	34.47170380562738	15.988597497878242	22.604248024158416	26.934604789389244	8.458829467178332E-4
69.0	31.94805795492652	17.047097050219122	20.181889663625537	30.822955331228822	0.0
70.0	31.827020154806867	16.365964925401038	23.4098642635456	28.397150656246495	0.0
71.0	25.461084872926556	20.00856541238892	25.147812845739303	29.38174377520551	7.930937397145657E-4
