# Position (bp)	A	C	G	T	N
0.0	45.302013422818796	12.320230105465004	17.857142857142858	24.520613614573346	0.0
1.0	20.96812844476396	41.8164390127007	19.674095375029953	17.541337167505393	0.0
2.0	24.768463547850867	39.61054381382095	14.41462835431014	21.206364284018047	0.0
3.0	46.617786187322615	15.633869441816461	15.68117313150426	22.06717123935667	0.0
4.0	46.91562278421177	14.913731978255731	15.528243913968328	22.64240132356417	0.0
5.0	20.793013924946894	36.960113287703564	16.261505782393204	25.985367004956338	0.0
6.0	22.667295004712535	37.51178133836004	16.046182846371348	23.77474081055608	0.0
7.0	46.858084255118854	15.32125205930807	17.462932454695224	20.357731230877853	0.0
8.0	45.08235294117647	19.08235294117647	15.082352941176472	20.75294117647059	0.0
9.0	25.18796992481203	36.2546992481203	15.625	22.932330827067666	0.0
10.0	23.996243249589106	13.430382718948112	15.073961023714489	47.499413007748295	0.0
11.0	19.9812382739212	18.621013133208255	14.77485928705441	46.62288930581614	0.0
12.0	23.94003279456547	13.141250878425861	15.460295151089248	47.45842117591942	0.0
13.0	25.245671502105754	34.698175011698645	14.997660271408517	25.058493214787088	0.0
14.0	22.289719626168225	16.05140186915888	38.45794392523364	23.200934579439252	0.0
15.0	40.884749708963916	18.0209545983702	18.114086146682187	22.9802095459837	0.0
16.0	21.627906976744185	17.953488372093023	15.837209302325581	44.58139534883721	0.0
17.0	24.936150452751335	36.01114464824704	15.81146970048758	23.241235198514048	0.0
18.0	22.07792207792208	15.282931354359928	17.277365491651206	45.36178107606679	0.0
19.0	23.395876766272874	38.80009265693769	15.960157516794071	21.843873059995367	0.0
20.0	24.571957427117074	17.700138824618232	14.854234150856085	42.87366959740861	0.0
21.0	21.270207852193995	17.875288683602772	17.6905311778291	43.16397228637413	0.0
22.0	21.039319383766383	14.922970797884572	36.81306047367211	27.224649344676937	0.0
23.0	24.431687715269803	15.866819747416763	15.866819747416763	43.83467278989667	0.0
24.0	44.30437772175109	13.774925509970204	15.516846206738483	26.403850561540228	0.0
25.0	22.847985347985347	15.544871794871796	34.40934065934066	27.197802197802197	0.0
26.0	46.36488340192044	14.014631915866484	15.249199817101053	24.371284865112024	0.0
27.0	19.671007539410553	22.732465158784557	12.017363490975553	45.579163810829336	0.0
28.0	20.87987235012537	36.92728516070207	12.28630043309779	29.906542056074763	0.0
29.0	25.03413746017296	11.857077833409194	14.929449248975876	48.179335457441965	0.0
30.0	25.389550870760768	14.871677360219982	34.30339138405133	25.43538038496792	0.0
31.0	25.138504155124654	13.94275161588181	14.058171745152354	46.86057248384118	0.0
32.0	22.857142857142858	14.564459930313589	14.471544715447154	48.1068524970964	0.0
33.0	23.271028037383175	37.47663551401869	14.813084112149532	24.439252336448597	0.0
34.0	26.2233668929993	13.837508780145166	15.710606415359402	44.228517911496134	0.0
35.0	23.015312131919906	35.50058892815077	15.571260306242637	25.91283863368669	0.0
36.0	21.058851335381707	16.426376743086742	15.150082722760578	47.364689198770975	0.0
37.0	41.50450878025629	17.536782154722356	15.187470336971998	25.77123872804936	0.0
38.0	42.93529971455756	18.506184586108468	12.511893434823978	26.04662226450999	0.0
39.0	45.49141221374045	15.648854961832063	11.40267175572519	27.457061068702288	0.0
40.0	21.3358962037482	35.67996155694378	16.7948101874099	26.189332051898123	0.0
41.0	21.449345613184683	13.839069316529326	40.911294231701405	23.800290838584587	0.0
42.0	47.00584225900681	15.384615384615385	14.82473222979552	22.78481012658228	0.0
43.0	47.71225838023	15.928553951553706	14.166870565206754	22.192317103009543	0.0
44.0	24.139626352015732	37.684365781710916	12.733529990167158	25.442477876106196	0.0
45.0	33.391659375911345	14.785651793525808	16.3021289005541	35.52055993000875	0.0
46.0	30.282345640707415	16.630468507601613	21.408625504188645	31.678560347502327	0.0
47.0	31.39825218476904	16.978776529338326	18.258426966292134	33.3645443196005	0.0
48.0	26.775956284153008	21.600771456123432	18.675666988106716	32.947605271616844	0.0
49.0	27.407886231415645	20.2650290885585	19.586296056884294	32.74078862314156	0.0
50.0	24.780201888635624	26.668837512211006	16.997720612178444	31.55323998697493	0.0
51.0	29.52318745917701	19.268451992161985	16.949706074461137	34.258654474199865	0.0
52.0	28.337159724499838	17.776320104952443	19.38340439488357	34.50311577566415	0.0
53.0	30.345963756177923	18.945634266886326	22.372322899505768	28.336079077429982	0.0
54.0	30.828067841702694	23.811107416029266	16.8274027269704	28.53342201529764	0.0
55.0	31.756081306231255	18.927024325224924	19.660113295568145	29.656781072975676	0.0
56.0	28.46128059001006	17.733825008380823	21.58900435802883	32.21589004358029	0.0
57.0	32.67226890756302	17.647058823529413	19.26050420168067	30.42016806722689	0.0
58.0	29.784366576819405	22.675202156334233	18.96900269541779	28.57142857142857	0.0
59.0	27.4476704929102	24.00405131667792	19.34503713706955	29.20324105334234	0.0
60.0	28.69269949066214	19.151103565365023	19.796264855687607	32.359932088285234	0.0
61.0	29.034459228932104	18.18491982258615	22.10849539406346	30.67212555441829	0.0
62.0	29.718599862731644	20.727522306108444	21.036376115305423	28.517501715854493	0.0
63.0	32.89700310024113	18.911470892180503	18.601446779193935	29.59007922838443	0.0
64.0	29.80269989615784	20.1453790238837	21.218414676358602	28.833506403599863	0.0
65.0	29.91304347826087	19.443478260869565	21.008695652173913	29.63478260869565	0.0
66.0	28.855547801814375	15.491974877878576	22.400558269364968	33.25191905094208	0.0
67.0	27.584998247458813	17.981072555205046	22.78303540133193	31.650893796004205	0.0
68.0	26.064016883573686	20.084417868448824	19.591980302497362	34.25958494548013	0.0
69.0	29.18287937743191	17.934205871949064	21.365405022992572	31.517509727626457	0.0
70.0	28.850942725008892	22.518676627534685	18.961223763785128	29.669156883671295	0.0
71.0	29.92154065620542	21.184022824536378	17.68901569186876	31.205420827389446	0.0
72.0	28.000000000000004	18.035714285714285	20.42857142857143	33.535714285714285	0.0
73.0	27.06766917293233	18.009308986752597	22.735409953455065	32.187611886860005	0.0
74.0	30.212459488656823	18.041051494418436	22.11019085343896	29.636298163485776	0.0
75.0	28.839898807372606	20.527647271413084	23.093603180339716	27.538850740874594	0.0
76.0	28.31215970961887	20.43557168784029	19.45553539019964	31.7967332123412	0.0
77.0	29.486712777575537	21.223152530032763	17.036767382599198	32.2533673097925	0.0
78.0	29.341099381143067	20.93192573716782	18.96614488532945	30.760829996359668	0.0
79.0	29.581056466302368	21.530054644808743	18.251366120218577	30.637522768670312	0.0
80.0	31.824817518248178	18.613138686131386	20.182481751824817	29.37956204379562	0.0
81.0	26.10765287440498	21.384108385206886	17.57597949469059	34.932259245697544	0.0
82.0	31.534508076358296	18.318649045521294	20.154185022026432	29.99265785609398	0.0
83.0	30.27185892725937	19.948567229977957	20.20573108008817	29.573842762674502	0.0
84.0	29.941002949852507	19.800884955752213	20.722713864306787	29.535398230088493	0.0
85.0	31.430689399555227	18.198665678280207	21.200889547813194	29.169755374351368	0.0
86.0	28.390932738758828	18.69193608324043	22.259383128948347	30.657748049052397	0.0
87.0	31.808035714285715	19.122023809523807	20.424107142857142	28.645833333333332	0.0
88.0	34.68552288797916	18.161518422032007	17.156680312616302	29.996278377372533	0.0
89.0	30.809399477806785	17.00857888847445	17.71726967549422	34.46475195822455	0.0
90.0	31.177570093457945	16.448598130841123	19.588785046728972	32.78504672897196	0.0
91.0	28.860569715142432	22.151424287856074	17.278860569715143	31.709145427286355	0.0
92.0	29.59489872468117	18.00450112528132	18.37959489872468	34.02100525131283	0.0
93.0	33.57196684250188	18.161266013564433	17.97287113790505	30.293896006028636	0.0
94.0	30.049075122687807	16.836542091355227	19.101547753869387	34.01283503208758	0.0
95.0	28.17700453857791	18.22995461422088	19.818456883509832	33.77458396369138	0.0
96.0	28.04693414080242	16.767600302800908	19.530658591975776	35.65480696442089	0.0
97.0	30.456273764258558	18.250950570342205	18.97338403041825	32.31939163498099	0.0
98.0	31.530845392231534	22.84843869002285	17.25057121096725	28.370144706778373	0.0
99.0	29.950400610454025	21.671117893933616	18.428080885158337	29.950400610454025	0.0
100.0	31.879066207424415	15.53769613471106	19.97703788748565	32.60619977037887	0.0
101.0	31.998459761263	18.75240662302657	18.44435887562572	30.80477474008471	0.0
102.0	31.452859350850076	15.301391035548686	20.71097372488408	32.53477588871716	0.0
103.0	29.665629860031107	18.234836702954897	20.99533437013997	31.104199066874028	0.0
104.0	29.407176287051485	18.525741029641186	20.63182527301092	31.435257410296412	0.0
105.0	29.589041095890412	21.448140900195696	17.76908023483366	31.193737769080236	0.0
106.0	30.125687352710134	18.89238020424195	20.424194815396703	30.557737627651214	0.0
107.0	32.505910165484636	19.26713947990544	18.124507486209616	30.102442868400313	0.0
108.0	33.12177707259024	16.93772312574375	15.946053153510512	33.994446648155495	0.0
109.0	29.796569605105706	20.14359792580774	18.867171918627843	31.19266055045872	0.0
110.0	26.55435218612114	19.895707982350583	19.775371038908947	33.774568792619334	0.0
111.0	30.84977849375755	19.3717277486911	19.331453886427706	30.447039871123643	0.0
112.0	25.819506272764066	19.18251719951437	20.88223391339539	34.11574261432618	0.0
113.0	29.62510187449063	20.741646291768543	17.766911165444174	31.86634066829666	0.0
114.0	30.810147299509	17.83960720130933	19.639934533551553	31.71031096563011	0.0
115.0	27.62022194821208	19.646526921496097	18.41348129880806	34.31976983148377	0.0
116.0	28.96152254861398	21.26603227141084	17.50103434009102	32.271410839884155	0.0
117.0	30.425709515859765	18.65609348914858	18.697829716193656	32.220367278797994	0.0
118.0	30.062893081761004	15.639412997903564	20.71278825995807	33.58490566037736	0.0
119.0	24.30497051390059	21.48272957034541	25.989890480202188	28.22240943555181	0.0
120.0	26.077768385460693	21.851225697379544	21.344040574809807	30.72696534234996	0.0
121.0	29.8728813559322	18.983050847457626	18.89830508474576	32.24576271186441	0.0
122.0	27.6478094427903	19.438536792854105	21.90557209698001	31.008081667375585	0.0
123.0	32.0682302771855	18.550106609808104	19.616204690831555	29.765458422174838	0.0
124.0	30.509199828840394	19.04150620453573	22.036799315361574	28.412494651262303	0.0
125.0	28.030954428202925	18.916595012897677	20.292347377472055	32.76010318142734	0.0
126.0	29.767040552200175	17.90336496980155	19.456427955133737	32.87316652286454	0.0
127.0	28.67711053089643	20.452567449956486	22.49782419495213	28.37249782419495	0.0
128.0	30.161501527717157	18.856394587516366	20.34046268005238	30.641641204714098	0.0
129.0	30.951337132836475	18.71985971065322	18.018412976764576	32.310390179745724	0.0
130.0	31.541850220264315	18.634361233480178	16.6079295154185	33.215859030837	0.0
131.0	32.35945108455069	19.12350597609562	18.725099601593627	29.791943337760067	0.0
132.0	29.89782318969347	20.25766326077299	18.036428254109286	31.808085295424256	0.0
133.0	30.23255813953488	20.03577817531306	19.991055456171736	29.74060822898032	0.0
134.0	27.415730337078653	20.04494382022472	19.95505617977528	32.58426966292135	0.0
135.0	28.707052441229656	16.04882459312839	19.981916817359853	35.2622061482821	0.0
136.0	24.181818181818183	19.772727272727273	20.727272727272727	35.31818181818182	0.0
137.0	28.127853881278536	16.210045662100455	20.091324200913242	35.57077625570776	0.0
138.0	27.80330882352941	19.852941176470587	18.106617647058822	34.237132352941174	0.0
139.0	30.29045643153527	17.796219455970494	17.88842784693407	34.024896265560166	0.0
140.0	27.878787878787882	18.88111888111888	19.3006993006993	33.939393939393945	0.0
141.0	29.18032786885246	19.578454332552695	20.046838407494143	31.194379391100703	0.0
142.0	31.276495525200186	15.544041450777202	19.265190767781444	33.91427225624117	0.0
143.0	34.56264775413712	19.763593380614658	17.77777777777778	27.89598108747045	0.0
144.0	31.476190476190474	18.047619047619047	16.380952380952383	34.095238095238095	0.0
145.0	27.594452415112386	20.133907221425154	19.607843137254903	32.663797226207556	0.0
146.0	28.345323741007196	18.752997601918466	18.513189448441246	34.388489208633096	0.0
147.0	30.14954172696575	18.958031837916064	17.655571635311144	33.23685479980704	0.0
148.0	25.42620555284949	22.454943984413053	20.99366780321481	31.12518265952265	0.0
149.0	29.480901077375123	19.09892262487757	19.29480901077375	32.12536728697356	0.0
150.0	28.550295857988168	19.13214990138067	17.11045364891519	35.20710059171598	0.0
151.0	28.52897473997028	19.66319960376424	20.406141654284298	31.401684001981177	0.0
152.0	27.79711586275485	20.984584783689705	18.59771258080557	32.620586772749874	0.0
153.0	30.015007503751878	21.46073036518259	17.508754377188595	31.015507753876935	0.0
154.0	32.274331820474025	16.893595562279376	19.61674230963187	31.215330307614725	0.0
155.0	29.79261507334345	21.44663631765301	16.894284269094587	31.86646433990895	0.0
156.0	32.689374682257245	17.0310116929334	16.929334011184544	33.350279613624814	0.0
157.0	28.989225243714728	19.548486403283736	20.420728578758336	31.0415597742432	0.0
158.0	29.323696437790396	24.212700051626225	15.178110480123902	31.28549303045947	0.0
159.0	33.575505967825634	15.360664244940322	18.16294758692268	32.900882200311365	0.0
160.0	26.16431187859759	19.15227629513344	23.390894819466247	31.292517006802722	0.0
161.0	26.845991561181435	19.40928270042194	23.259493670886076	30.485232067510548	0.0
162.0	31.071049840933192	18.23966065747614	19.353128313891833	31.336161187698835	0.0
163.0	31.056563500533617	16.969050160085377	15.955176093916757	36.019210245464244	0.0
164.0	28.94029047875202	16.29908552985476	24.15277030661646	30.60785368477676	0.0
165.0	29.61559285327558	17.21710882512182	21.710882512181918	31.456415809420683	0.0
166.0	29.350791052918712	20.130932896890343	20.076377523186036	30.441898527004913	0.0
167.0	26.373626373626376	18.956043956043956	24.67032967032967	30.0	0.0
168.0	27.383592017738362	18.12638580931264	19.67849223946785	34.811529933481154	0.0
169.0	26.089385474860332	17.877094972067038	20.837988826815643	35.19553072625698	0.0
170.0	32.30163196398424	15.475520540236353	18.0641530669668	34.15869442881261	0.0
171.0	31.519274376417233	16.950113378684808	16.439909297052154	35.090702947845806	0.0
172.0	30.892448512585812	20.652173913043477	17.448512585812356	31.006864988558352	0.0
173.0	28.867165037377802	17.481311098332377	19.551466359977	34.10005750431282	0.0
174.0	30.578034682080922	20.86705202312139	18.265895953757223	30.289017341040463	0.0
175.0	27.457824316463057	20.651541593949972	19.255381035485748	32.63525305410122	0.0
176.0	29.342723004694836	19.77699530516432	19.77699530516432	31.103286384976524	0.0
177.0	29.846335697399528	19.444444444444446	18.617021276595743	32.09219858156028	0.0
178.0	27.688651218062983	21.92513368983957	19.429590017825312	30.956625074272132	0.0
179.0	25.8703481392557	20.948379351740694	24.009603841536613	29.17166866746699	0.0
180.0	31.378476420798062	16.807738814993954	17.89600967351874	33.91777509068924	0.0
181.0	29.90255785627284	21.132764920828258	17.90499390986602	31.059683313032888	0.0
182.0	33.96805896805897	18.98034398034398	18.366093366093367	28.68550368550369	0.0
183.0	29.390018484288355	21.5033887861984	20.640788662969808	28.465804066543438	0.0
184.0	29.627329192546586	19.25465838509317	20.0	31.11801242236025	0.0
185.0	28.64290181363352	23.139462163852407	21.450906816760476	26.7667292057536	0.0
186.0	34.38287153652393	17.443324937027707	19.899244332493705	28.274559193954662	0.0
187.0	32.29695431472081	21.51015228426396	17.131979695431472	29.060913705583758	0.0
188.0	29.833546734955185	21.44686299615877	20.03841229193342	28.681177976952625	0.0
189.0	31.41564318034906	19.392372333548806	19.263089851325148	29.928894634776988	0.0
190.0	31.791530944625407	18.566775244299674	18.957654723127035	30.684039087947884	0.0
191.0	27.009222661396574	21.277997364953887	19.696969696969695	32.015810276679844	0.0
192.0	30.99337748344371	21.059602649006624	18.47682119205298	29.47019867549669	0.0
193.0	29.64453386988598	16.633132126089873	21.32796780684105	32.3943661971831	0.0
194.0	27.525423728813557	19.1864406779661	23.66101694915254	29.627118644067796	0.0
195.0	29.29500342231348	19.917864476386036	18.275154004106774	32.511978097193705	0.0
196.0	28.94919972164231	19.624217118997915	20.528879610299235	30.89770354906054	0.0
197.0	30.148619957537154	20.665251238499646	21.51450813871196	27.67162066525124	0.0
198.0	28.55061908230153	23.088128186453023	18.42680262199563	29.934450109249816	0.0
199.0	28.649068322981368	23.369565217391305	18.866459627329192	29.11490683229814	0.0
200.0	29.28571428571429	15.803571428571427	21.696428571428573	33.214285714285715	0.0
201.0	30.16627078384798	17.577197149643705	18.052256532066508	34.204275534441805	0.0
202.0	36.57074340527578	15.707434052757794	20.14388489208633	27.577937649880095	0.0
203.0	32.76492082825822	16.930572472594395	21.07186358099878	29.232643118148598	0.0
204.0	33.414932680538556	17.258261933904528	25.82619339045288	23.50061199510404	0.0
205.0	35.111662531017366	17.24565756823821	24.317617866004962	23.325062034739457	0.0
206.0	27.091136079900124	23.096129837702872	20.973782771535582	28.83895131086142	0.0
207.0	30.303030303030305	21.71717171717172	15.277777777777779	32.70202020202021	0.0
208.0	32.4905183312263	15.6763590391909	20.733249051833123	31.099873577749683	0.0
209.0	25.255102040816325	20.28061224489796	20.408163265306122	34.05612244897959	0.0
210.0	26.092544987146532	18.123393316195372	20.69408740359897	35.08997429305913	0.0
211.0	28.645833333333332	19.661458333333336	21.484375	30.208333333333332	0.0
212.0	26.544021024967147	19.185282522996058	21.944809461235216	32.32588699080158	0.0
213.0	26.781002638522427	20.844327176781004	17.150395778364118	35.224274406332455	0.0
214.0	27.200000000000003	29.06666666666667	22.666666666666664	21.066666666666666	0.0
215.0	29.878869448183043	24.49528936742934	17.496635262449526	28.129205921938087	0.0
216.0	29.539295392953928	16.395663956639567	19.78319783197832	34.28184281842818	0.0
217.0	26.00276625172891	18.39557399723375	26.00276625172891	29.59889349930844	0.0
218.0	24.611032531824613	18.528995756718526	21.923620933521924	34.93635077793494	0.0
219.0	17.873651771956855	21.725731895223422	25.115562403698	35.28505392912172	0.0
220.0	0.0	31.386861313868614	25.304136253041364	43.30900243309003	0.0
