# Position (bp)	A	C	G	T	N
0.0	66.31820499745028	8.4140744518103	12.544620091789904	12.723100458949515	0.0
1.0	12.009178990311066	66.42019377868435	12.162162162162163	9.408465068842427	0.0
2.0	15.24867457712699	62.02979045695531	9.012875536480687	13.708659429437011	0.0
3.0	67.07684580612757	9.819186338523355	9.417378201908589	13.686589653440482	0.0
4.0	65.52156469408224	10.180541624874625	9.102306920762288	15.195586760280843	0.0
5.0	14.47533183070373	61.55772602053594	8.990733784122213	14.976208364638117	0.0
6.0	15.69069069069069	60.93593593593594	9.034034034034034	14.339339339339338	0.0
7.0	67.51687921980495	9.102275568892223	9.752438109527382	13.628407101775444	0.0
8.0	65.30102423182613	11.491381463902073	10.317262053459904	12.890332250811893	0.0
9.0	14.831460674157304	60.82397003745318	9.488139825218477	14.856429463171036	0.0
10.0	13.850761167956078	9.009233840778636	9.059146493636137	68.08085849762915	0.0
11.0	13.338319621042134	9.723261032161554	9.399152331089503	67.5392670157068	0.0
12.0	13.510823587957201	8.036825080865887	11.321224185120677	67.13112714605623	0.0
13.0	14.462912428677749	60.48127015628876	10.171173406102705	14.884644008930787	0.0
14.0	12.6143952510512	9.621568142468465	62.651496413554284	15.112540192926044	0.0
15.0	62.419911286347954	10.07885657959586	11.089206505667816	16.412025628388367	0.0
16.0	12.64763779527559	9.202755905511811	11.195866141732283	66.95374015748031	0.0
17.0	15.337423312883436	58.895705521472394	10.159509202453988	15.607361963190183	0.0
18.0	13.756743501716528	10.617949975478176	10.32368808239333	65.30161844041197	0.0
19.0	13.956904995102839	62.04701273261508	10.528893241919686	13.46718903036239	0.0
20.0	13.16560820713239	11.11382510991695	10.33219345383488	65.38837322911579	0.0
21.0	14.623446258835	10.431391664635631	10.772605410675116	64.17255666585426	0.0
22.0	15.206812652068127	8.613138686131387	60.8029197080292	15.37712895377129	0.0
23.0	14.87964989059081	10.162898127887185	9.287624604911256	65.66982737661074	0.0
24.0	65.94607724070926	8.379888268156424	9.885839203303377	15.788195287830945	0.0
25.0	14.36544528027178	9.293860713419074	59.815578743023536	16.52511526328561	0.0
26.0	65.3323629306162	9.70402717127608	7.860262008733625	17.103347889374092	0.0
27.0	13.558088770312878	11.617754062575795	7.49454280863449	67.32961435847685	0.0
28.0	14.129907901114883	59.549200193892396	8.337372758119244	17.983519146873487	0.0
29.0	16.521317829457363	7.6065891472868215	8.187984496124031	67.68410852713178	0.0
30.0	14.431239388794568	9.265098229444579	59.22871695367451	17.074945428086345	0.0
31.0	15.808644973288006	8.159300631374453	8.960660514813016	67.07139388052452	0.0
32.0	14.355112946320137	8.744231236337138	9.618654359970852	67.28200145737188	0.0
33.0	14.810311284046692	59.849221789883266	9.241245136186771	16.09922178988327	0.0
34.0	16.164316966456006	8.945065629557607	11.035488575595528	63.85512882839086	0.0
35.0	13.218111002921129	59.81012658227848	8.617332035053554	18.354430379746837	0.0
36.0	14.709457816678823	9.579382445903233	9.263311451495259	66.44784828592269	0.0
37.0	65.52478134110787	10.204081632653061	9.329446064139942	14.941690962099125	0.0
38.0	65.53480475382003	10.308028134853261	7.664322095561485	16.49284501576522	0.0
39.0	65.94255370504465	10.11344436398745	7.168718320057929	16.77528361090997	0.0
40.0	14.838238871320847	60.131354901483824	10.192167355874483	14.838238871320847	0.0
41.0	14.22963689892051	8.415112855740922	61.53091265947007	15.824337585868498	0.0
42.0	65.76620825147347	8.349705304518663	10.363457760314342	15.520628683693516	0.0
43.0	65.51639142223318	9.218634458959823	10.327828444663545	14.937145674143457	0.0
44.0	16.95167286245353	59.157372986369275	8.550185873605948	15.340768277571252	0.0
45.0	27.397798742138363	14.072327044025156	14.30817610062893	44.221698113207545	0.0
46.0	30.418943533697636	15.52823315118397	16.666666666666664	37.38615664845173	0.0
47.0	29.926650366748163	16.43031784841076	18.337408312958438	35.30562347188264	0.0
48.0	26.892822025565387	18.58407079646018	19.714847590953784	34.80825958702065	0.0
49.0	26.354679802955665	20.935960591133004	19.408866995073893	33.30049261083744	0.0
50.0	26.981782373215164	21.467257508616445	18.709995076317085	32.840965041851305	0.0
51.0	28.9590527873705	18.302910705476073	16.872224962999507	35.86581154415392	0.0
52.0	29.60039467192896	18.056240749876665	19.68426245683276	32.65910212136161	0.0
53.0	32.83730158730159	18.3531746031746	19.642857142857142	29.166666666666668	0.0
54.0	29.590818363273453	21.906187624750498	18.063872255489024	30.439121756487026	0.0
55.0	33.05084745762712	16.999002991026916	19.59122632103689	30.35892323030907	0.0
56.0	26.819541375872387	18.64406779661017	21.23629112662014	33.300099700897306	0.0
57.0	29.02743142144638	17.007481296758105	22.24438902743142	31.720698254364088	0.0
58.0	29.34131736526946	18.013972055888225	17.465069860279442	35.17964071856288	0.0
59.0	27.880299251870323	18.304239401496257	22.29426433915212	31.521197007481295	0.0
60.0	28.735632183908045	17.391304347826086	19.79010494752624	34.08295852073963	0.0
61.0	27.45490981963928	18.637274549098194	21.142284569138276	32.765531062124246	0.0
62.0	29.33801404212638	20.561685055165498	21.76529588766299	28.335005015045134	0.0
63.0	34.036144578313255	16.817269076305223	20.281124497991968	28.865461847389557	0.0
64.0	31.42570281124498	18.22289156626506	20.33132530120482	30.020080321285143	0.0
65.0	29.21686746987952	18.022088353413654	23.54417670682731	29.21686746987952	0.0
66.0	29.116465863453815	15.66265060240964	23.443775100401606	31.77710843373494	0.0
67.0	30.035158211953792	16.423907584128578	21.145153189352083	32.39578101456554	0.0
68.0	26.030150753768844	20.100502512562816	19.547738693467338	34.321608040201006	0.0
69.0	26.006036217303823	18.91348088531187	23.591549295774648	31.48893360160966	0.0
70.0	27.542799597180263	20.694864048338367	17.623363544813696	34.13897280966767	0.0
71.0	28.211586901763226	19.345088161209066	19.697732997481108	32.7455919395466	0.0
72.0	27.1536523929471	18.639798488664987	19.54659949622166	34.659949622166245	0.0
73.0	27.281896116994453	19.717599596570853	20.423600605143722	32.57690368129097	0.0
74.0	31.196365471983846	16.052498738011106	21.60524987380111	31.145885916203937	0.0
75.0	29.00454775138959	19.403739262253662	21.930267812026276	29.66144517433047	0.0
76.0	26.65655032878098	21.699544764795146	20.13151239251391	31.512392513909965	0.0
77.0	29.37310414560162	20.323559150657232	18.503538928210315	31.79979777553084	0.0
78.0	29.42366026289181	22.345803842264914	18.857431749241655	29.37310414560162	0.0
79.0	29.236216489630756	19.878603945371776	19.878603945371776	31.0065756196257	0.0
80.0	29.77215189873418	16.40506329113924	21.974683544303797	31.848101265822788	0.0
81.0	28.2719836400818	18.404907975460123	18.353783231083845	34.96932515337423	0.0
82.0	30.741687979539645	18.36317135549872	21.687979539641944	29.207161125319693	0.0
83.0	29.902713773681516	17.357910906298002	21.300563236047108	31.43881208397337	0.0
84.0	26.19169656586366	21.06611993849308	21.527421834956435	31.21476166068683	0.0
85.0	34.44387493593029	16.8118913377755	19.374679651460788	29.36955407483342	0.0
86.0	31.77857508969759	18.14454126089185	21.219887237314197	28.856996412096358	0.0
87.0	34.03382880574065	18.862121988723732	20.70732957457714	26.396719630958483	0.0
88.0	33.7782340862423	19.917864476386036	17.299794661190965	29.0041067761807	0.0
89.0	29.254498714652954	16.760925449871465	18.251928020565554	35.732647814910024	0.0
90.0	31.397738951695786	16.34121274409044	20.40082219938335	31.86022610483042	0.0
91.0	28.894601542416453	22.056555269922878	17.68637532133676	31.362467866323907	0.0
92.0	31.121399176954732	18.3641975308642	16.97530864197531	33.53909465020576	0.0
93.0	33.23045267489712	16.306584362139915	19.444444444444446	31.01851851851852	0.0
94.0	31.71987641606591	17.25025746652935	19.567456230690013	31.462409886714727	0.0
95.0	30.895983522142124	17.353244078269825	20.803295571575696	30.94747682801236	0.0
96.0	29.36630602782071	16.589386913961874	19.526017516743945	34.518289541473465	0.0
97.0	31.15007735946364	16.91593604951006	19.391438886023725	32.542547705002576	0.0
98.0	31.043388429752067	20.196280991735538	17.97520661157025	30.785123966942145	0.0
99.0	31.663223140495866	19.00826446280992	19.78305785123967	29.545454545454547	0.0
100.0	30.533955417314672	14.774494556765164	19.9585277345775	34.733022291342664	0.0
101.0	31.237006237006238	17.671517671517673	19.906444906444907	31.185031185031185	0.0
102.0	32.83038501560874	14.932362122788762	21.383975026014568	30.853277835587928	0.0
103.0	27.230046948356808	17.47522170057381	22.22222222222222	33.07250912884715	0.0
104.0	28.848167539267017	18.06282722513089	20.680628272251308	32.40837696335079	0.0
105.0	27.26796014682748	19.454640797063448	19.34976402726796	33.92763502884112	0.0
106.0	31.039915966386555	17.22689075630252	18.75	32.983193277310924	0.0
107.0	33.263268523384134	17.76142932212296	20.17866526537047	28.79663688912244	0.0
108.0	34.562697576396204	17.650158061116965	16.859852476290833	30.927291886195995	0.0
109.0	28.443271767810025	20.316622691292878	20.738786279683378	30.501319261213723	0.0
110.0	28.14814814814815	19.365079365079367	18.88888888888889	33.5978835978836	0.0
111.0	30.4923239809423	17.84012705134992	19.85177342509264	31.81577554261514	0.0
112.0	25.145579671784013	19.37533086289042	24.139756484912652	31.339332980412916	0.0
113.0	29.17109458023379	18.65037194473964	18.012752391073324	34.16578108395324	0.0
114.0	29.96274614156466	18.25439063331559	20.17030335284726	31.612559872272485	0.0
115.0	30.802139037433157	18.02139037433155	18.34224598930481	32.83422459893048	0.0
116.0	27.54555198285102	19.614147909967848	18.64951768488746	34.19078242229367	0.0
117.0	32.18884120171674	17.86480686695279	18.830472103004293	31.115879828326182	0.0
118.0	28.62513426423201	16.541353383458645	21.106337271750807	33.72717508055854	0.0
119.0	24.2749731471536	21.321160042964554	25.832438238453275	28.57142857142857	0.0
120.0	27.8494623655914	21.774193548387096	21.666666666666668	28.70967741935484	0.0
121.0	30.51668460710441	20.07534983853606	18.29924650161464	31.10871905274489	0.0
122.0	30.93952483801296	18.250539956803454	21.598272138228943	29.211663066954646	0.0
123.0	33.6767895878525	17.299349240780913	18.872017353579178	30.151843817787416	0.0
124.0	29.67391304347826	19.34782608695652	20.706521739130434	30.27173913043478	0.0
125.0	27.27272727272727	21.393576483396842	18.78062057702776	32.55307566684812	0.0
126.0	30.861504907306436	17.77535441657579	18.75681570338059	32.60632497273719	0.0
127.0	27.62582056892779	18.87308533916849	21.717724288840262	31.783369803063454	0.0
128.0	30.608886450905104	17.38891936368623	20.29621503017005	31.705979155238616	0.0
129.0	29.120879120879124	20.0	16.813186813186814	34.065934065934066	0.0
130.0	28.068244358833244	21.35388002201431	17.446340121078702	33.13153549807375	0.0
131.0	30.281301709873137	20.2426916712631	18.257032542746828	31.218974076116936	0.0
132.0	29.155162893429043	19.32633903920486	21.369409166206516	30.149088901159583	0.0
133.0	28.247650635710336	21.558872305140962	20.398009950248756	29.795467108899942	0.0
134.0	25.45757071547421	21.186910704381585	21.020521353300055	32.334997226844145	0.0
135.0	27.121464226289515	16.139767054908486	20.9095951192457	35.8291735995563	0.0
136.0	25.62534741523068	17.73207337409672	22.623679822123403	34.018899388549194	0.0
137.0	29.342984409799556	15.701559020044542	20.601336302895323	34.354120267260576	0.0
138.0	29.81574539363484	17.86711334450028	20.65884980457845	31.65829145728643	0.0
139.0	28.71564778463264	19.62983735277622	19.293325855300054	32.36118900729108	0.0
140.0	28.820224719101123	17.359550561797754	19.719101123595507	34.10112359550562	0.0
141.0	31.57006190208216	17.22003376477209	19.24592009003939	31.96398424310636	0.0
142.0	32.371250707413694	15.959252971137522	19.24165251839276	32.42784380305603	0.0
143.0	32.19761499148211	18.45542305508234	18.56899488926746	30.777967064168088	0.0
144.0	31.24644280022766	17.416050085372795	18.042117245304496	33.29538986909505	0.0
145.0	29.05251141552511	17.86529680365297	19.63470319634703	33.44748858447489	0.0
146.0	27.96561604584527	18.911174785100286	19.025787965616043	34.097421203438394	0.0
147.0	28.637147786083954	18.05635422656699	19.091431857389303	34.21506612995975	0.0
148.0	26.76300578034682	20.23121387283237	19.76878612716763	33.23699421965318	0.0
149.0	29.391304347826086	20.0	18.144927536231883	32.463768115942024	0.0
150.0	28.845037724898432	19.79106210098665	18.68833430063842	32.67556587347649	0.0
151.0	28.86178861788618	19.628339140534262	19.337979094076655	32.17189314750291	0.0
152.0	28.57974388824214	19.09196740395809	18.39348079161816	33.93480791618161	0.0
153.0	30.373831775700932	17.75700934579439	20.911214953271028	30.957943925233643	0.0
154.0	31.652989449003517	15.650644783118405	21.16060961313013	31.535756154747947	0.0
155.0	30.299471520845568	20.37580739870816	16.970052847915444	32.35466823253083	0.0
156.0	31.703005303476722	14.672952268709489	19.210371243370655	34.41367118444313	0.0
157.0	30.76467101363367	17.131001778304682	21.10254890337878	31.00177830468287	0.0
158.0	28.16399286987522	21.74688057040998	16.161616161616163	33.92751039809863	0.0
159.0	35.82089552238806	13.791044776119401	19.582089552238806	30.80597014925373	0.0
160.0	27.734608487746566	17.872086072922894	22.17573221757322	32.21757322175732	0.0
161.0	28.827751196172247	18.181818181818183	22.727272727272727	30.263157894736842	0.0
162.0	30.43217286914766	19.5078031212485	20.108043217286912	29.951980792316927	0.0
163.0	30.547203848466626	17.799158147925436	17.318099819603127	34.33553818400481	0.0
164.0	31.046931407942242	16.064981949458485	21.179302045728036	31.708784596871237	0.0
165.0	30.699638118214718	18.998793727382388	21.95416164053076	28.347406513872137	0.0
166.0	27.548543689320386	19.781553398058254	19.84223300970874	32.82766990291262	0.0
167.0	28.35458409228901	18.70066788099575	21.311475409836063	31.633272616879175	0.0
168.0	28.70201096892139	18.34247410115783	19.683120048750762	33.27239488117002	0.0
169.0	26.57299938912645	17.837507635919366	19.914477703115455	35.67501527183873	0.0
170.0	30.755064456721914	17.556783302639655	18.47759361571516	33.210558624923266	0.0
171.0	32.71719038817005	17.498459642637094	16.389402341343192	33.39494762784966	0.0
172.0	29.629629629629626	20.432098765432098	17.901234567901234	32.03703703703704	0.0
173.0	29.375386518243662	18.305504019789733	19.727891156462583	32.59121830550402	0.0
174.0	30.8504034761018	19.366852886405958	17.380509000620734	32.402234636871505	0.0
175.0	27.352024922118378	19.68847352024922	21.246105919003117	31.713395638629283	0.0
176.0	30.031347962382444	19.62382445141066	18.683385579937305	31.661442006269592	0.0
177.0	27.690371302706108	23.348017621145374	17.369414726242923	31.5921963499056	0.0
178.0	27.74968394437421	20.733249051833123	20.922882427307208	30.59418457648546	0.0
179.0	25.937698664971393	18.436109345200254	23.26764144945963	32.358550540368725	0.0
180.0	30.887045309508615	15.25207402680281	21.825143586470965	32.03573707721761	0.0
181.0	27.72087067861716	20.03841229193342	20.806658130601793	31.434058898847635	0.0
182.0	31.984585741811177	18.24020552344252	20.937700706486833	28.837508028259474	0.0
183.0	29.87012987012987	19.935064935064936	20.584415584415584	29.61038961038961	0.0
184.0	29.554390563564876	18.938401048492793	20.9043250327654	30.602883355176935	0.0
185.0	27.960526315789476	20.723684210526315	23.42105263157895	27.89473684210526	0.0
186.0	28.778877887788777	17.88778877887789	23.16831683168317	30.165016501650165	0.0
187.0	31.893687707641195	21.3953488372093	16.943521594684384	29.767441860465116	0.0
188.0	30.774365821094797	19.959946595460615	20.093457943925234	29.172229639519358	0.0
189.0	29.61719274680994	17.797179314976493	21.82672934855608	30.75889858965749	0.0
190.0	30.437710437710436	18.65319865319865	20.134680134680135	30.774410774410775	0.0
191.0	26.662143826322932	18.9280868385346	20.352781546811396	34.05698778833107	0.0
192.0	30.061349693251532	19.427402862985684	20.995228357191547	29.516019086571234	0.0
193.0	31.100478468899524	16.609706083390293	21.599453178400545	30.69036226930964	0.0
194.0	27.884615384615387	21.84065934065934	22.802197802197803	27.472527472527474	0.0
195.0	27.72413793103448	19.586206896551726	20.137931034482758	32.55172413793103	0.0
196.0	27.812718378756113	18.798043326345212	22.15234102026555	31.236897274633122	0.0
197.0	29.036827195467424	20.396600566572236	20.96317280453258	29.603399433427764	0.0
198.0	28.2703488372093	23.328488372093023	21.584302325581394	26.816860465116278	0.0
199.0	28.36279784780938	24.36587240584166	18.293620292083013	28.97770945426595	0.0
200.0	27.643784786641927	15.213358070500927	20.59369202226345	36.54916512059369	0.0
201.0	30.84967320261438	19.084967320261438	16.33986928104575	33.72549019607843	0.0
202.0	36.136662286465175	18.00262812089356	17.21419185282523	28.64651773981603	0.0
203.0	35.224274406332455	16.094986807387862	20.184696569920842	28.49604221635884	0.0
204.0	33.77483443708609	14.966887417218544	24.503311258278146	26.75496688741722	0.0
205.0	36.569148936170215	17.02127659574468	23.670212765957448	22.73936170212766	0.0
206.0	30.388219544846052	20.615796519410978	19.946452476572958	29.049531459170012	0.0
207.0	26.31578947368421	23.751686909581647	15.92442645074224	34.0080971659919	0.0
208.0	27.61904761904762	16.19047619047619	21.360544217687075	34.82993197278911	0.0
209.0	24.246575342465754	20.273972602739725	21.91780821917808	33.56164383561644	0.0
210.0	26.236263736263737	18.818681318681318	20.192307692307693	34.75274725274725	0.0
211.0	29.517241379310345	19.586206896551726	19.586206896551726	31.310344827586206	0.0
212.0	26.068965517241377	17.655172413793103	24.96551724137931	31.310344827586206	0.0
213.0	27.53824756606398	21.279554937413074	18.776077885952713	32.40611961057024	0.0
214.0	29.18994413407821	23.743016759776538	17.59776536312849	29.46927374301676	0.0
215.0	29.634831460674153	24.15730337078652	18.53932584269663	27.668539325842694	0.0
216.0	31.444759206798867	20.113314447592067	16.855524079320112	31.586402266288953	0.0
217.0	27.38944365192582	17.68901569186876	23.537803138373754	31.383737517831666	0.0
218.0	25.65982404692082	18.475073313782993	20.381231671554254	35.483870967741936	0.0
219.0	18.72	21.92	26.400000000000002	32.96	0.0
220.0	0.49261083743842365	33.743842364532014	22.167487684729064	43.5960591133005	0.0
