# Position (bp)	A	C	G	T	N
0.0	29.314932415652606	25.11441444637599	16.128002270550255	29.44265086742115	0.0
1.0	27.438510189739983	19.94729444834856	15.277582572030921	37.33661278988053	0.0
2.0	27.57830404889228	19.216612264740608	18.6401833460657	34.564900340301406	0.0
3.0	25.394381138144613	21.270916743660813	16.05242446018547	37.2822776580091	0.0
4.0	34.152293087311136	13.989169675090253	16.26554352186121	35.5929937157374	0.0
5.0	34.48651144383616	15.681683266275313	23.14161335004287	26.690191939845658	0.0
6.0	32.40236223041535	18.27465822702209	19.51124017096806	29.811739371594502	0.0
7.0	31.814212245690072	18.400879774881133	20.047223210531424	29.73768476889737	0.0
8.0	24.502631241175717	23.581696829675266	21.71094853035554	30.204723398793483	0.0
9.0	28.842232700395055	18.07697209124506	17.436599974512554	35.644195233847334	0.0
10.0	28.155278323095434	16.75954657716421	22.642644544360714	32.44253055537965	0.0
11.0	28.609213136433766	18.79467237633427	20.104537296514373	32.49157719071759	0.0
12.0	27.748559979964938	19.800275482093664	20.000626095667418	32.45053844227398	0.0
13.0	27.87563799327773	20.095232167309845	18.679198306983693	33.349931532428734	0.0
14.0	30.963743414936474	18.224356987914472	20.30368763557484	30.508211961574215	0.0
15.0	29.75683515398383	18.73418502746405	18.81441708325619	32.69456273529593	0.0
16.0	29.910302881366345	17.564661792713647	19.14972046445905	33.37531486146096	0.0
17.0	30.23398073099862	18.559412754243766	19.89294999235357	31.313656522404038	0.0
18.0	30.8503183743107	18.1793254729915	18.331657679066506	32.638698473631294	0.0
19.0	29.88858192416285	18.276207535140713	19.138407359057652	32.69680318163879	0.0
20.0	30.02934858249372	18.038788538924692	19.990317993404133	31.941544885177453	0.0
21.0	29.91282840165294	18.583536934817364	19.045033631948844	32.458601031580855	0.0
22.0	29.61993319490837	17.811681863320395	19.776714513556616	32.79167042821462	0.0
23.0	29.94445278486714	17.97327728569284	20.162137817144572	31.92013211229545	0.0
24.0	30.20433844678811	18.857861936720997	18.764980824544583	32.172818791946305	0.0
25.0	29.934171154997006	18.129862357869538	19.248952722920407	32.68701376421305	0.0
26.0	30.48026060189474	17.644421864259886	20.190669734915275	31.6846477989301	0.0
27.0	29.51499776152813	18.940456648261453	19.450828234591853	32.09371735561856	0.0
28.0	30.07720511521149	17.980743434584316	19.077711866932958	32.86433958327123	0.0
29.0	30.292742487864437	18.49965752404777	19.556865898329313	31.65073408975848	0.0
30.0	30.045564191905655	18.8183090622115	18.940409184311623	32.19571756157122	0.0
31.0	30.093213020042285	17.701539652759166	19.44667798326335	32.75856934393519	0.0
32.0	30.179576521039937	18.13931326126448	20.078024956073737	31.60308526162185	0.0
33.0	29.930311513490977	18.622312228244684	19.34302221692775	32.10435404133659	0.0
34.0	29.666140512851058	18.140393721892963	19.304881317568572	32.8885844476874	0.0
35.0	30.232904455563496	17.994996426018584	19.883249940433643	31.888849177984273	0.0
36.0	29.732225300092335	18.505942275042443	19.14335924701397	32.61847317785125	0.0
37.0	29.544235924932977	18.33482275841525	19.63955913017575	32.48138218647602	0.0
38.0	29.829579311166725	18.370873554999402	20.116791800738888	31.68275533309498	0.0
39.0	29.818810346882824	18.342472285135297	19.570270592442483	32.268446775539395	0.0
40.0	30.190816935002985	18.28861061419201	19.177101967799643	32.34347048300536	0.0
41.0	29.920343685670815	18.094215221217816	20.292968167308096	31.692472925803276	0.0
42.0	29.936723973256925	18.529130850047757	19.337989493791785	32.19615568290353	0.0
43.0	29.56880076445294	18.290133779264213	19.589106545628283	32.55195891065456	0.0
44.0	29.769373244906493	18.6801696839338	20.075282308657467	31.47517476250224	0.0
45.0	29.401392666088878	19.431577059860732	19.105824691431817	32.06120558261857	0.0
46.0	29.553542059148945	18.0586704943034	19.323584821028078	33.06420262551957	0.0
47.0	29.596050269299823	18.261520047875525	20.047875523638538	32.09455415918612	0.0
48.0	30.290419161676645	18.862275449101794	18.928143712574848	31.919161676646706	0.0
49.0	29.54518216682646	18.384467881112176	19.4001677852349	32.670182166826464	0.0
50.0	29.296535173241338	18.72206389680516	20.317984100794963	31.663416829158542	0.0
51.0	30.382408603442578	18.333383399921896	19.093394214305025	32.1908137823305	0.0
52.0	29.646789818882002	18.391599975931165	19.486732053673506	32.47487815151332	0.0
53.0	30.398626050799965	17.94570490222664	20.142215794389706	31.51345325258369	0.0
54.0	29.993062049410273	18.304123555850502	19.2573376368737	32.44547675786553	0.0
55.0	29.59091183757327	18.215602151187383	19.520816967792616	32.67266904344673	0.0
56.0	29.816069699903196	18.05118586640852	20.498547918683446	31.63419651500484	0.0
57.0	29.56390066626287	18.55239248940036	19.31556632344034	32.56814052089643	0.0
58.0	29.90087604959229	17.687714086513687	19.47618903270787	32.93522083118615	0.0
59.0	29.79169197133487	17.936961010567227	20.417830681404105	31.853516336693794	0.0
60.0	29.93367005415931	18.779285583886082	19.41215846163208	31.874885900322518	0.0
61.0	29.712664714494874	18.13079551000488	19.338701805758905	32.81783796974133	0.0
62.0	29.52043063371666	18.71482750183509	19.984095913873258	31.780645950574993	0.0
63.0	29.60429447852761	18.432515337423315	19.03680981595092	32.92638036809816	0.0
64.0	29.776231955431072	18.021484194650498	19.3296192557481	32.87266459417034	0.0
65.0	29.448799456823654	18.162459107462503	20.538855626195915	31.84988580951793	0.0
66.0	30.224354015163236	18.325854866161226	19.415132291505493	32.03465882717004	0.0
67.0	29.609874092910747	18.340259256962106	19.23339328909012	32.816473361037026	0.0
68.0	30.020826209940633	17.770663019489604	20.241832706474774	31.966678064094996	0.0
69.0	29.647865378622623	18.71922717357432	19.439077594266127	32.193829853536926	0.0
70.0	29.40201931793317	17.848769966553093	19.568003500984652	33.18120721452908	0.0
71.0	29.5902359437751	18.141315261044177	20.67645582329317	31.59199297188755	0.0
72.0	29.827933946804485	18.555401487457456	19.46615404008572	32.15051052565234	0.0
73.0	30.265032772869766	17.55485893416928	19.138089357525097	33.04201893543586	0.0
74.0	29.86736219345399	18.26075892999141	20.624065650943095	31.247813225611505	0.0
75.0	30.15984654731458	18.31841432225064	19.187979539641944	32.33375959079284	0.0
76.0	29.568650105911804	17.8894665896399	19.824764105526672	32.71711919892162	0.0
77.0	29.67939423231835	18.3373610439826	20.618656355727406	31.364588367971646	0.0
78.0	30.036878881987576	18.387681159420293	19.222308488612835	32.353131469979296	0.0
79.0	29.704257393565157	18.134546636334093	19.155021124471887	33.00617484562886	0.0
80.0	30.203775063679707	17.951146234733198	20.13585004245314	31.709228659133952	0.0
81.0	30.20429613085463	18.37679826578204	19.053406030348814	32.36549957301452	0.0
82.0	29.955394019494463	17.885346109367255	18.982322815132992	33.176937056005286	0.0
83.0	29.609551682852203	18.311826526539843	20.230810163629105	31.84781162697885	0.0
84.0	29.953114534494308	18.54655056932351	19.125920964501006	32.374413931681175	0.0
85.0	30.101507436009843	17.546285367416452	19.013253296462416	33.338953900111285	0.0
86.0	30.112961769395163	18.131551273788123	20.21778215000509	31.53770480681163	0.0
87.0	30.04778156996587	18.69283276450512	19.034129692832767	32.225255972696246	0.0
88.0	29.90702302123718	18.097917452911105	19.621230315298316	32.3738292105534	0.0
89.0	30.47001620745543	18.066140211731437	20.06276078485465	31.40108279595848	0.0
90.0	30.10345785307596	18.264824329954173	19.20219413970282	32.42952367726705	0.0
91.0	29.791695791975393	18.06934153502027	19.386970501887323	32.75199217111701	0.0
92.0	30.16995671909638	18.005559660790315	19.96903480066153	31.855448819451777	0.0
93.0	30.341183146545607	18.23662930912186	19.321889629734716	32.10029791459782	0.0
94.0	30.091565920309034	17.987695829458474	19.468488446956147	32.452249803276345	0.0
95.0	30.477152963257055	18.075507110373206	19.952356890204285	31.494983036165454	0.0
96.0	29.916333212077117	18.548563113859583	19.210622044379775	32.32448162968352	0.0
97.0	29.718242772872166	18.16583006631737	19.73766167149086	32.37826548931961	0.0
98.0	29.99520312903583	17.94029740599978	20.604405741485554	31.46009372347884	0.0
99.0	29.88890127447702	18.86820495671237	19.26578233567421	31.9771114331364	0.0
100.0	29.738928785158585	17.799970077797724	19.344703770197487	33.1163973668462	0.0
101.0	29.898190045248867	18.389894419306184	20.154600301659126	31.557315233785822	0.0
102.0	30.160118662761953	18.09607119765717	19.10394401551744	32.63986612406344	0.0
103.0	29.935523487872274	17.815474362910656	19.289223211544364	32.95977893767271	0.0
104.0	30.266371990229153	18.219533945950136	19.941064712496605	31.573029351324106	0.0
105.0	29.503446115288224	18.679511278195488	19.356986215538846	32.46005639097744	0.0
106.0	29.599588509931156	17.3181926090053	19.747566669304423	33.33465221175912	0.0
107.0	29.68706286719156	17.77706726349866	20.11909995603693	32.41676991327285	0.0
108.0	29.61200290392837	18.448011615713476	19.726546745180286	32.21343873517787	0.0
109.0	29.174976596524075	17.802922381863322	19.801375717367414	33.220725304245185	0.0
110.0	29.608800952341856	18.266902015516603	20.78732400147777	31.336973030663767	0.0
111.0	29.887770737565745	18.47848594028244	19.41856131196422	32.2151820101876	0.0
112.0	29.702846157061057	17.565929702846155	19.149914322731643	33.58130981736114	0.0
113.0	30.217923811132696	18.10541430864093	20.652082101528848	31.024579778697525	0.0
114.0	29.947894422140596	18.241223199794995	19.454172717177755	32.35670966088665	0.0
115.0	30.024631606240003	17.49708309926105	19.925673047837172	32.552612246661774	0.0
116.0	30.23296472747935	17.824205603391757	20.34179815551379	31.60103151361511	0.0
117.0	29.782060916847175	18.005393218690596	19.5658901021175	32.64665576234472	0.0
118.0	30.229226361031518	17.706840974212035	19.493194842406876	32.57073782234957	0.0
119.0	30.16110055208616	17.843243732464476	19.97918363652819	32.01647207892117	0.0
120.0	29.848975680978235	17.840032851211387	19.482593420632384	32.82839804717799	0.0
121.0	29.500276090557705	17.872262101969447	19.717467329284005	32.90999447818885	0.0
122.0	29.759798901405826	17.973186854110416	20.49622940135928	31.770784843124478	0.0
123.0	29.791244521935816	18.034022901842516	19.768154186890342	32.40657838933132	0.0
124.0	29.590179594956055	18.098012991975544	19.215705005731753	33.096102407336645	0.0
125.0	30.061557849837623	18.089283117638505	20.18806650186612	31.661092530657747	0.0
126.0	29.85662905848155	18.047002020002957	19.342760013795143	32.753608907720356	0.0
127.0	30.103494825258736	17.604119794010302	19.35903204839758	32.93335333233338	0.0
128.0	29.389371097913813	17.892492766864628	20.603015075376884	32.115121059844675	0.0
129.0	29.897544148689697	17.788189260155484	20.00720794933841	32.307058641816404	0.0
130.0	29.23125097855018	17.98444757580502	19.654506549762537	33.129794895882256	0.0
131.0	29.77305189652436	18.272231920859124	20.18727186160927	31.76744432100725	0.0
132.0	30.296200901481	18.008156256707448	19.172569220862844	32.5230736209487	0.0
133.0	30.043035354360736	18.025821212616442	19.719997820994717	32.211145612028105	0.0
134.0	30.50744286425765	17.746665928836258	19.899286149078634	31.84660505782746	0.0
135.0	29.614193185018305	18.225851872711914	19.85356237679527	32.30639256547451	0.0
136.0	29.054674936825176	18.039283252929014	20.0723638869745	32.83367792327131	0.0
137.0	30.22479803301721	17.62674159934434	21.648518908792884	30.49994145884557	0.0
138.0	29.73295183595613	19.25369575584168	19.63519313304721	31.37815927515498	0.0
139.0	30.710952178919936	18.188981150372747	19.20116370689133	31.89890296381599	0.0
140.0	29.814929056138183	19.84577421344849	19.432449105490438	30.90684762492289	0.0
141.0	31.778224287328893	17.07271128971493	19.458746703503703	31.690317719452466	0.0
142.0	28.41997700855793	19.01264529314089	22.678503001660495	29.888874696640695	0.0
143.0	28.29391891891892	18.886434511434512	19.516632016632016	33.303014553014556	0.0
144.0	29.05602761550717	18.321826872012746	19.005576208178436	33.61656930430165	0.0
145.0	27.452842990907854	19.405618130004072	17.648256208440767	35.49328267064731	0.0
146.0	32.38128491620112	15.146648044692737	19.120111731843576	33.35195530726257	0.0
147.0	32.96783094909593	16.30237455522475	21.937404691017356	28.792389804661973	0.0
148.0	31.27477889600488	16.04910033546813	21.035376639219276	31.64074412930772	0.0
149.0	33.91989274342215	13.800904977375566	22.532260767554884	29.746941511647396	0.0
150.0	29.140859140859142	15.114885114885116	24.745254745254744	30.999000999000998	0.0
