# Position (bp)	A	C	G	T	N
0.0	26.386098834873444	24.583883372553522	24.988520920622165	24.04149687195087	0.0
1.0	26.48641703901443	20.525046037886682	15.417338796020042	37.571198127078844	0.0
2.0	27.498578333807224	20.56440147853284	17.503554165481944	34.432755189081604	7.108330963889679E-4
3.0	23.96029509635944	22.355248438849635	14.827034451508759	38.85600600387987	0.0014160094023024314
4.0	33.68431431931992	14.784868611030898	14.005902115041941	37.52421064493637	7.043096708760909E-4
5.0	35.47410492894924	14.896426740093984	22.388541966662686	27.23460449695497	0.006321867339126037
6.0	31.27236566594536	17.498967065134423	20.875088412221547	30.35357885669867	0.0
7.0	35.00729784277164	17.40308534635073	20.166488585335877	27.423128225541753	0.0
8.0	23.51235695069765	26.810331609539872	21.5922554745543	28.085055965208177	0.0
9.0	28.069821340330314	18.53620172465392	15.96383655458968	37.42874840793146	0.0013919724946235062
10.0	26.640999089588647	16.98924880638817	24.78820774058141	31.578764481447763	0.0027798819940093545
11.0	27.596573078952485	19.077869421533507	20.016523646866062	33.30903385264795	0.0
12.0	26.443208146616907	20.517071546497593	21.007505653519058	32.032214653366445	0.0
13.0	26.78187840403565	21.665950635419986	18.32254666906884	33.22962429147553	0.0
14.0	30.48976537272891	19.31690619066757	20.333439583131227	29.859888853472288	0.0
15.0	29.567470931441164	18.55121471236332	19.26840084815056	32.612220574580434	6.92933464528736E-4
16.0	29.711601092063137	18.12298183128456	19.0716077442244	33.093116398963375	6.92933464528736E-4
17.0	30.168937178652104	18.486078966697615	20.161592083928102	31.183391770722174	0.0
18.0	32.20546863090206	18.240780520254447	18.105658494671342	31.448092354172154	0.0
19.0	30.50223817509043	18.89005917651787	19.467272752470308	31.140429895921397	0.0
20.0	30.466205634934933	17.770278697839434	19.824133486702607	31.939382180523022	0.0
21.0	29.186357525950356	17.888770320273846	19.154066826503318	33.77011239380794	6.92933464528736E-4
22.0	28.41165791260723	19.00023559737794	20.159513283534515	32.428593206480315	0.0
23.0	29.69982122316615	17.809775905317572	19.650900120570423	32.839502750945854	0.0
24.0	30.529955513671574	18.078634089554722	18.74246434857325	32.64894604820045	0.0
25.0	29.175270590517897	18.224150117105754	19.139515223748216	33.46106406862813	0.0
26.0	30.67685740815167	17.587344263203846	20.73672685948695	30.99907146915753	0.0
27.0	28.345829233476998	18.367587344263203	20.191388222902837	33.09519519935696	0.0
28.0	29.993625012126333	17.81739817342739	20.519838685089457	31.66913812935682	0.0
29.0	29.48175147076147	18.4702694836917	18.87425249284541	33.17303361443529	6.929382661298705E-4
30.0	30.01559197533003	18.296663317279375	18.92657912061259	32.759779633415334	0.0013859533626693463
31.0	30.252188195180775	18.42172740944025	19.313637844168625	32.01106052100876	0.001386030201598093
32.0	29.360519512921986	18.984815197277687	18.843432278274854	32.81123301152548	0.0
33.0	29.67748196103167	17.726362193372193	19.304641958536365	33.2901276070728	0.001386279986968968
34.0	29.115310493989767	18.67192590846701	19.083699585453438	33.1269843470545	0.0020796650352849833
35.0	30.162726008344926	17.990264255910986	19.042420027816412	32.804589707927676	0.0
36.0	30.86345004210424	17.667077269975152	18.528648279989703	32.94012847011991	6.959378109972093E-4
37.0	28.73292609025751	19.119296217097244	19.576922273224348	32.569462341624465	0.0013930777964295416
38.0	30.769552517654603	18.163502896540184	19.161781006225294	31.905163579579916	0.0
39.0	30.28726279691854	18.891038490281396	18.955293723241535	31.86640498955852	0.0
40.0	29.649506812027333	19.507934503514754	18.891975698390652	31.94917989083919	0.0014030952280731294
41.0	29.575099999294537	17.916628454120254	20.48027879873863	32.02517089826527	0.002821849581308068
42.0	28.596606714373685	19.119614380056486	19.612964417924815	32.67081448764502	0.0
43.0	29.034342229511456	18.70824369706135	20.125384282235334	32.130609810645595	0.0014199805462665161
44.0	29.303043889802222	19.11736447680253	19.789197998733197	31.78968194660916	7.116880528926561E-4
45.0	29.39086004624211	18.962835041246827	19.87554591385265	31.76933177289984	0.0014272257585704908
46.0	29.55097955097955	17.50822250822251	19.756184756184755	33.184613184613184	0.0
47.0	30.246745621446674	18.910481318649843	19.456099901187184	31.38595712383107	7.16034885219608E-4
48.0	30.23495997934418	18.478354419485328	18.821900909429957	32.463350259632215	0.001434432108328313
49.0	28.231879059607977	19.01118008852101	19.905730873139046	32.851209978731966	0.0
50.0	29.316707510451202	18.428715583105088	19.22228629090385	33.032290615539864	0.0
51.0	30.39247650719818	18.15593279283587	19.046377000601357	32.40521369936459	0.0
52.0	28.839709781753548	18.93193274862321	19.940849092339523	32.28750837728372	0.0
53.0	30.911726804123713	18.66652999062793	19.307931115276475	31.11381208997188	0.0
54.0	29.875173778402196	18.742322488580278	19.118198736290815	32.261362716901196	0.0029422798255228063
55.0	28.776340766236547	18.632976091115232	18.72087097179239	33.86981217085583	0.0
56.0	29.250383819504705	18.23346609408955	20.940598832595363	31.57555125381038	0.0
57.0	27.690899892869897	19.381621235567195	19.262587787168194	33.66489108439472	0.0
58.0	30.342948837556445	17.973653767212745	22.097249692129715	29.586147703101094	0.0
59.0	28.52082085080887	21.374325943678848	20.978879568603954	29.12597363690833	0.0
60.0	31.017052420962365	18.699743499093596	19.949903342033803	30.333300737910236	0.0
61.0	29.13618724138192	21.14484125483195	19.442027943990983	30.273917680966466	0.0030258788286823056
62.0	31.31169157831353	16.81440886605639	21.055359497549485	30.817777845530003	7.62212550591858E-4
63.0	25.557060199433707	21.142896713037054	24.959220731256927	28.340822356272312	0.0
64.0	26.15419251162538	20.728497900056674	18.240394991188776	34.87691459712917	0.0
65.0	27.393396122925513	19.81946686308003	18.641770227703688	34.14379965836611	0.0015671279246524893
66.0	27.238405156072286	19.32263364084418	17.449924175407556	35.9842979906483	0.004739037027675976
67.0	33.35005214677526	14.458589091372295	17.540423702500657	34.650138925378364	7.961339734250479E-4
68.0	34.08364540289256	15.678267045454545	23.180849690082646	27.055623708677683	0.0016141528925619835
69.0	31.8604593379107	17.25208921723718	20.150904016100846	30.7357191959516	8.282327996753328E-4
70.0	32.126806209600886	16.598327633440167	22.52591810059267	28.748948056366274	0.0
71.0	26.066836874259142	20.201513631804506	24.648946840521564	29.08270265341479	0.0
