# Position (bp)	A	C	G	T	N
0.0	28.74103114135661	21.898809083512095	24.91678378578297	24.443375989348322	0.0
1.0	23.023152600044384	25.035135734891632	13.588283157038243	38.35342850802574	0.0
2.0	23.51244406641766	18.734514256129582	18.368403535372213	39.38463814208055	0.0
3.0	27.264995192663267	19.70268471266918	11.944382811922196	41.08793728274536	0.0
4.0	30.720597478463414	13.476540836321957	13.069841387214847	42.73302029799978	0.0
5.0	30.51047942926847	16.922337633534173	24.75141389125051	27.815769045946848	0.0
6.0	36.23493753234272	12.504620388851926	22.588157019294744	28.67228505951061	0.0
7.0	31.570192947438457	18.95468322614031	24.695054335772898	24.780069490648334	0.0
8.0	27.515339690988394	27.25290160419901	22.473571375766983	22.75818732904561	0.0
9.0	35.99098100096104	18.537000073926222	11.473349597102093	33.99866932801064	0.0
10.0	36.72654690618762	11.776447105788424	23.92622163081245	27.570784357211505	0.0
11.0	33.7214459968951	15.08094921268574	21.13550676424928	30.06209802616988	0.0
12.0	27.70015524506542	17.073260885636135	21.25009240777704	33.976491461521405	0.0
13.0	33.51075626524728	12.719006431581281	16.019812227397058	37.75042507577438	0.0
14.0	28.343313373253494	17.306128483773193	26.06638574702447	28.284172395948843	0.0
15.0	24.51393509277741	20.728912545279808	29.09736083388778	25.659791528055003	0.0
16.0	24.717232202262142	20.19294743845642	22.03371035706365	33.056110002217785	0.0
17.0	28.764692836549123	16.18984253714793	22.55858653064242	32.48687809566053	0.0
18.0	26.628225031418644	24.325423227618835	20.647593701485917	28.3987580394766	0.0
19.0	26.842611074148	20.063576550602498	21.017224809639977	32.07658756560952	0.0
20.0	25.29755304206402	20.23730317143491	24.085163007318698	30.379980779182375	0.0
21.0	34.73053892215569	16.056775338212464	20.222517927108747	28.990167812523104	0.0
22.0	24.565683447918975	16.297035558512604	32.06180232128336	27.07547867228506	0.0
23.0	31.159902417387446	22.499445553337768	24.443705182228136	21.896946847046646	0.0
24.0	28.03282324240408	19.99334664005323	20.484956013898127	31.488874103644566	0.0
25.0	29.064094034153914	21.937606268943593	20.488652324979668	28.50964737192282	0.0
26.0	30.372588157019294	15.690840541139941	24.606342869815922	29.33022843202484	0.0
27.0	20.030309750868632	22.90603977230724	30.372588157019294	26.691062319804836	0.0
28.0	21.68625711539883	26.606047164929404	18.067568566570564	33.640127153101204	0.0
29.0	23.656390921859984	22.765579951208696	16.28225031418644	37.29577881274488	0.0
30.0	21.31657956188146	21.06823825938693	19.133400051892213	38.48178212683939	0.0
31.0	28.3648663717801	13.518938408355947	20.127866780656433	37.98832843920753	0.0
32.0	28.23604060913706	18.434607345476262	20.771125709166917	32.55822633621976	0.0
33.0	33.55423265565914	12.527612415290726	27.170616646074357	26.747538282975775	0.0
34.0	28.375295043273013	16.333595594020455	25.357985837922897	29.933123524783632	0.0
35.0	21.612234318299635	26.16381544841887	27.195438050803528	25.028512182477968	0.0
