# Position (bp)	A	C	G	T	N
0.0	54.80139676996944	16.04103011785247	14.818856394587515	14.338716717590572	0.0
1.0	18.114360541248363	52.422522915757305	15.768223483195113	13.694893059799215	0.0
2.0	22.835674616138515	47.4463682892301	10.878797778503756	18.839159316127628	0.0
3.0	51.59429752965502	16.574164762215695	12.112308194580477	19.719229513548807	0.0
4.0	54.47127937336814	12.630548302872063	12.532637075718014	20.365535248041773	0.0
5.0	18.80639199913034	46.842048048700946	14.827698662898142	19.52386128927057	0.0
6.0	20.132551064754455	46.61016949152542	14.308996088657105	18.948283355063015	0.0
7.0	53.114825265899725	16.90905144345561	11.786411981766877	18.189711308877797	0.0
8.0	50.40130151843818	17.744034707158352	10.726681127982648	21.127982646420822	0.0
9.0	19.2607847387817	45.761977021461085	13.895512681552136	21.081725558205072	0.0
10.0	16.6901332178057	11.545543160402904	12.921044081013754	58.84327954077765	0.0
11.0	17.47835497835498	12.272727272727273	11.720779220779221	58.52813852813853	0.0
12.0	15.475289283010706	14.404671785443929	12.090407699794529	58.029631231750834	0.0
13.0	20.097244732576986	48.03889789303079	13.484602917341979	18.379254457050244	0.0
14.0	22.311015118790497	13.120950323974082	45.52915766738661	19.03887688984881	0.0
15.0	52.60775862068966	13.685344827586206	16.357758620689655	17.349137931034484	0.0
16.0	16.6343669250646	15.794573643410853	12.618432385874245	54.9526270456503	0.0
17.0	21.396299483648882	47.31067125645439	11.811531841652323	19.481497418244405	0.0
18.0	16.265577997421573	15.588740868070477	14.170605930382466	53.97507520412549	0.0
19.0	18.82112948249946	49.05518574189392	12.787202061412927	19.336482714193686	0.0
20.0	18.54475209272376	12.803176647349215	13.811976819059884	54.84009444086714	0.0
21.0	15.998714102014574	13.984140591513071	17.26318045435062	52.753964852121726	0.0
22.0	17.76921430100621	10.864911153928496	47.32391350888461	24.04196103618069	0.0
23.0	20.464022238853843	11.47225489147867	15.000534587832782	53.063188281834705	0.0
24.0	55.78340275552708	13.585389298301825	11.716330236035459	18.91487771013564	0.0
25.0	17.63764404609475	14.212548015364918	47.19376867264191	20.956039265898422	0.0
26.0	55.30553481923857	12.946571398101739	13.959688599765382	17.788205182894316	0.0
27.0	20.47101449275362	16.538789428815004	9.345694799658993	53.64450127877238	0.0
28.0	20.119225037257824	43.69810517351501	10.453480945284225	25.72918884394294	0.0
29.0	22.836487348500956	10.323197958749734	12.640867531362959	54.19944716138635	0.0
30.0	19.576099691127915	14.0483544573437	44.40302481627436	21.97252103525402	0.0
31.0	19.816062453213558	10.790289808576622	11.784835846433536	57.60881189177628	0.0
32.0	21.24263524370648	11.419389394750937	12.929833958221746	54.40814140332083	0.0
33.0	21.540948275862068	50.452586206896555	10.344827586206897	17.661637931034484	0.0
34.0	23.164816212137545	10.31583486040746	11.50156300528188	55.01778592217311	0.0
35.0	19.530995548800348	47.23699924003908	11.37770057539898	21.85430463576159	0.0
36.0	20.150885633063634	13.10955609009403	11.283621255193527	55.45593702164881	0.0
37.0	53.64165659672635	11.853235197187741	15.00604196418763	19.499066241898273	0.0
38.0	51.881690762608976	16.69793621013133	10.970091601368502	20.45028142589118	0.0
39.0	54.08749447635881	13.256738842244808	11.080424215642951	21.575342465753426	0.0
40.0	15.334002453440393	49.04650384744061	12.735586037693766	22.883907661425226	0.0
41.0	16.879052090319696	12.765481779566286	52.80572322825844	17.549742901855577	0.0
42.0	56.29496402877698	13.062050359712229	10.094424460431654	20.548561151079138	0.0
43.0	57.39504356682132	14.065859454566029	10.16181962204368	18.37727735656897	0.0
44.0	19.134110121087502	51.91912268677176	10.692254969156958	18.25451222298378	0.0
45.0	32.532612153993	13.840279987273304	17.59465478841871	36.032453070314986	0.0
46.0	32.142231564196884	15.712033631108776	20.65160273252759	31.494132072166753	0.0
47.0	32.0	19.235555555555557	15.697777777777777	33.06666666666666	0.0
48.0	31.7051350867776	20.03936303453212	16.836643406691714	31.41885847199857	0.0
49.0	28.52635486265776	18.98663697104677	19.951744617668894	32.535263548626574	0.0
50.0	28.921933085501863	21.00371747211896	20.260223048327138	29.814126394052042	0.0
51.0	31.964152352501866	17.17699775952203	19.342793129200896	31.516056758775207	0.0
52.0	28.619591683835928	22.21389773365799	21.371043266529313	27.795467315976772	0.0
53.0	30.05064715813168	22.3597824048021	19.414743950478332	28.174826486587882	0.0
54.0	26.08695652173913	23.000188217579524	18.31357048748353	32.599284773197816	0.0
55.0	34.415833973866256	17.67870868562644	17.08301306687164	30.822444273635664	0.0
56.0	27.222550758919773	18.96313818253499	20.54011433077075	33.27419672777449	0.0
57.0	30.3681592039801	18.746268656716417	19.462686567164177	31.422885572139304	0.0
58.0	28.176025487853444	23.297491039426525	19.494225408203903	29.03225806451613	0.0
59.0	25.30506101220244	18.943788757751552	22.124424884976996	33.62672534506901	0.0
60.0	27.298273785628265	18.74749096748294	21.035728623042953	32.91850662384584	0.0
61.0	28.953184649387183	18.685955394816155	20.996584287723525	31.364275668073137	0.0
62.0	29.592451314996985	19.755069263200163	20.357357960248944	30.295121461553904	0.0
63.0	28.99492385786802	20.751269035532996	18.84263959390863	31.41116751269036	0.0
64.0	25.807762649867914	20.524283682178417	22.210932737248527	31.45702093070514	0.0
65.0	29.330348056177492	18.888662731528598	20.21168328923265	31.569305923061265	0.0
66.0	29.40456769983687	17.39396411092985	22.24714518760196	30.954323001631323	0.0
67.0	29.451494064674584	17.928776094965208	18.317642243143677	34.302087597216534	0.0
68.0	26.203646793689817	19.893464454005326	20.38516697398074	33.517721778324116	0.0
69.0	29.897330595482547	20.944558521560573	20.143737166324435	29.01437371663244	0.0
70.0	27.285861713106296	20.784313725490197	22.641898864809082	29.287925696594424	0.0
71.0	30.41226434638492	21.359022166977418	20.61321731924591	27.615496167391758	0.0
72.0	27.497403946002073	19.397715472481828	20.456905503634477	32.64797507788162	0.0
73.0	29.76714915040906	16.677155443675268	21.145374449339208	32.41032095657646	0.0
74.0	29.52581664910432	17.112750263435196	23.603793466807165	29.757639620653322	0.0
75.0	32.34667802385008	20.63458262350937	20.74105621805792	26.277683134582624	0.0
76.0	30.45056587657485	20.47832585949178	17.80909673286355	31.262011531069827	0.0
77.0	28.92933618843683	20.89935760171306	16.338329764453963	33.83297644539615	0.0
78.0	28.78917990553886	18.699012451696007	20.91026191498497	31.601545727780163	0.0
79.0	28.045630650021526	20.167886353852776	19.1562634524322	32.6302195436935	0.0
80.0	29.685124864277956	19.32681867535288	18.023887079261673	32.964169381107496	0.0
81.0	26.697127937336813	18.45082680591819	21.562228024369016	33.28981723237598	0.0
82.0	32.29393807239425	16.484954208460532	20.846053205407763	30.37505451373746	0.0
83.0	31.776112825033053	18.37814014984575	21.419127368884972	28.42661965623623	0.0
84.0	28.373015873015873	20.8994708994709	19.35626102292769	31.371252204585538	0.0
85.0	29.352137505509035	20.890260026443368	21.17672983693257	28.580872631115028	0.0
86.0	29.98236331569665	19.047619047619047	23.28042328042328	27.689594356261022	0.0
87.0	30.303702061627135	18.975836843272003	21.81334515628464	28.907115938816226	0.0
88.0	30.86145648312611	19.626998223801063	17.761989342806395	31.749555950266426	0.0
89.0	31.266726137377344	16.391614629794827	18.064228367528994	34.27743086529884	0.0
90.0	28.178770949720672	17.877094972067038	21.899441340782122	32.04469273743017	0.0
91.0	28.28373237860819	19.221302304766166	18.43812933542179	34.05683598120385	0.0
92.0	28.04220925011226	18.25325550067355	18.904355635383922	34.80017961383027	0.0
93.0	31.473922902494333	17.596371882086167	20.408163265306122	30.521541950113377	0.0
94.0	30.347806319618094	17.458513298476927	18.11775403500796	34.07592634689702	0.0
95.0	30.95834281811974	16.685636239471886	20.16844980651036	32.18757113589802	0.0
96.0	29.594163246694027	14.09028727770178	19.015047879616965	37.300501595987235	0.0
97.0	28.35275302718757	17.089330591729496	21.2245830477496	33.33333333333333	0.0
98.0	30.05038937242327	20.132844709115897	16.674301420064133	33.1424644983967	0.0
99.0	27.301951779563723	19.79334098737084	19.242250287026405	33.662456946039036	0.0
100.0	32.31370745170194	17.61729530818767	18.767249310027598	31.301747930082797	0.0
101.0	30.179972311952007	21.29672358098754	18.435625288417167	30.087678818643287	0.0
102.0	29.99768892997458	15.946383175410213	18.442338802865727	35.61358909174948	0.0
103.0	28.373061791252024	20.759083545475583	18.537375607498262	32.33047905577413	0.0
104.0	27.10410387201484	18.479016925573845	20.79758868536981	33.6192905170415	0.0
105.0	27.7803738317757	17.75700934579439	19.158878504672895	35.30373831775701	0.0
106.0	30.485801455057498	21.074865055151374	18.892278807791598	29.54705468199953	0.0
107.0	30.537229029217723	20.16965127238454	19.651272384542885	29.641847313854853	0.0
108.0	32.16999050332384	17.806267806267805	17.52136752136752	32.502374169040834	0.0
109.0	28.993096881694836	19.304927398238515	20.28088550345156	31.421090216615095	0.0
110.0	23.856053384175404	18.63679694947569	22.426120114394664	35.08102955195424	0.0
111.0	27.83628530397319	19.626615605552896	20.70368597415031	31.8334131163236	0.0
112.0	25.933014354066984	20.69377990430622	20.0	33.37320574162679	0.0
113.0	29.180642069956875	16.530905606133206	20.65165309056061	33.63679923334931	0.0
114.0	30.348139255702282	16.614645858343337	21.896758703481392	31.14045618247299	0.0
115.0	27.349194905070895	20.668108627733716	18.40903628935352	33.573660177841866	0.0
116.0	29.319875030040855	18.985820716173997	20.091324200913242	31.602980052871903	0.0
117.0	28.022110069694783	20.259552992069214	18.625330449411198	33.0930064888248	0.0
118.0	29.59306525403323	17.36094389597881	21.261738502287503	31.78425234770046	0.0
119.0	24.059787849566057	19.6480231436837	25.36162005785921	30.93056894889103	0.0
120.0	26.46845540246556	21.078075900410926	22.480058013052936	29.973410684070583	0.0
121.0	26.212415130940837	20.61105722599418	20.441319107662466	32.73520853540252	0.0
122.0	27.00534759358289	17.185221195916384	19.445794846864363	36.36363636363637	0.0
123.0	29.292682926829265	17.268292682926827	19.682926829268293	33.75609756097561	0.0
124.0	29.269484485707302	17.346689469826533	20.81602736379184	32.56779868067432	0.0
125.0	26.358296622613803	20.019579050416056	21.830641213901124	31.791483113069013	0.0
126.0	29.894633668218574	20.21563342318059	18.132810585640772	31.756922322960058	0.0
127.0	31.29452223041022	18.54581183984279	21.198722672562024	28.96094325718497	0.0
128.0	33.34975369458128	20.8128078817734	16.945812807881776	28.891625615763544	0.0
129.0	30.46373951652689	19.264923532313762	20.99161322150962	29.279723729649724	0.0
130.0	30.541141586360265	17.889794909809737	18.655794415616505	32.91326908821349	0.0
131.0	31.3953488372093	20.682830282038594	17.788223651657596	30.133597229094505	0.0
132.0	29.541511771995044	18.76084262701363	21.486988847583643	30.210656753407683	0.0
133.0	29.312484487465873	21.22114668652271	19.880863737900224	29.58550508811119	0.0
134.0	30.246452576549665	21.184963903410505	17.898929549414984	30.669653970624843	0.0
135.0	30.39680559021712	15.622660344397305	20.289493386573497	33.69104067881208	0.0
136.0	29.54716037027771	17.613209907430573	19.189392044033024	33.65023767825869	0.0
137.0	28.82205513784461	16.8671679197995	18.947368421052634	35.363408521303256	0.0
138.0	32.354417670682736	18.39859437751004	18.925702811244978	30.32128514056225	0.0
139.0	30.75182298214735	19.91450842343475	20.870002514458132	28.463666079959772	0.0
140.0	31.451612903225808	17.212701612903224	19.657258064516128	31.678427419354836	0.0
141.0	34.771637648246276	16.855917234418367	19.80822609134494	28.56421902599041	0.0
142.0	33.864441072331815	18.437025796661608	16.9195751138088	30.778958017197773	0.0
143.0	34.35676224308551	18.24410048211114	18.066480588683078	29.332656686120274	0.0
144.0	30.906313645621182	18.966395112016293	18.533604887983707	31.593686354378818	0.0
145.0	32.798165137614674	19.77573904179409	18.450560652395513	28.97553516819572	0.0
146.0	28.48763070645244	20.811017597551647	18.821729150726853	31.879622545269065	0.0
147.0	28.750319447993867	18.042422693585483	20.853565039611553	32.3536928188091	0.0
148.0	26.47735993860322	19.46789460220005	20.28651829112305	33.76822716807368	0.0
149.0	31.0017934921855	19.70279272354599	16.833205226748653	32.46220855751986	0.0
150.0	28.707029245767057	16.546947152385837	20.831195484864033	33.91482811698307	0.0
151.0	27.413127413127413	19.63963963963964	19.871299871299872	33.07593307593308	0.0
152.0	25.780645161290323	19.45806451612903	19.174193548387098	35.58709677419355	0.0
153.0	27.74327122153209	16.69254658385093	20.72981366459627	34.834368530020704	0.0
154.0	29.813181110534508	16.190970420342502	20.83549558899844	33.16035288012454	0.0
155.0	29.820452771272443	18.657298985167838	20.062451209992194	31.459797033567526	0.0
156.0	29.913860610806577	16.418689637170452	21.952492821717566	31.714956930305405	0.0
157.0	32.564841498559076	17.788839402672256	20.565889441970135	29.080429656798536	0.0
158.0	29.637414608512874	18.83867577509196	19.7845507094062	31.73935890698896	0.0
159.0	31.711806468577443	15.855903234288721	20.694188798317118	31.73810149881672	0.0
160.0	28.36056931997891	17.76489193463363	23.827095413811282	30.047443331576172	0.0
161.0	28.30338266384778	17.362579281183933	22.674418604651162	31.659619450317123	0.0
162.0	28.21939586645469	19.342872284048752	19.289878113407525	33.147853736089026	0.0
163.0	27.197875166002657	17.66268260292165	21.885790172642764	33.253652058432934	0.0
164.0	30.48910154173312	17.62360446570973	19.883040935672515	32.004253056884636	0.0
165.0	30.06657789613848	16.617842876165113	24.127829560585887	29.18774966711052	0.0
166.0	33.44891971192318	18.458255534809282	19.871965857562017	28.22085889570552	0.0
167.0	35.756280064136824	16.889363976483164	19.267771245323356	28.086584714056656	0.0
168.0	28.024625267665954	19.48608137044968	21.975374732334046	30.513918629550325	0.0
169.0	27.8209595282766	17.877244706513	22.03162690967569	32.270168855534706	0.0
170.0	26.295997851195274	18.61402095084609	22.105828632822995	32.984152565135645	0.0
171.0	28.667563930013458	20.296096904441455	18.358008075370122	32.678331090174964	0.0
172.0	30.920874966243588	22.279233054280315	17.607345395625167	29.19254658385093	0.0
173.0	31.02140341370902	19.832023841777296	19.317258195610947	29.829314548902737	0.0
174.0	28.715023091551206	22.11355609888617	18.364574843792447	30.80684596577017	0.0
175.0	28.692098092643054	19.373297002724797	20.326975476839237	31.607629427792915	0.0
176.0	30.861833105335158	15.567715458276336	19.343365253077977	34.22708618331053	0.0
177.0	27.170638181320182	18.049849356340726	20.076691317447278	34.70282114489181	0.0
178.0	29.140346058775062	17.27547377094205	22.054380664652566	31.529799505630322	0.0
179.0	28.233351678591085	19.15244909190974	20.170610897083105	32.44358833241607	0.0
180.0	29.79603087100331	18.55016538037486	18.16427783902977	33.48952590959206	0.0
181.0	29.930843706777317	19.280774550484097	19.502074688796682	31.286307053941908	0.0
182.0	33.65758754863813	14.980544747081712	20.122290161200667	31.239577543079488	0.0
183.0	32.8125	20.731026785714285	19.503348214285715	26.953125	0.0
184.0	34.13542249580302	18.047006155567992	18.158925573587016	29.65864577504197	0.0
185.0	28.63547212104231	20.874194452227517	20.902213505183525	29.588119921546653	0.0
186.0	31.627776215912284	15.74360416080967	21.253865617093055	31.374754006184986	0.0
187.0	29.03498871331828	20.118510158013546	20.711060948081265	30.135440180586908	0.0
188.0	31.497175141242938	17.598870056497177	20.084745762711865	30.819209039548024	0.0
189.0	31.737035987531883	18.588835364125813	19.325587985264946	30.34854066307736	0.0
190.0	30.482954545454543	19.0625	18.72159090909091	31.732954545454543	0.0
191.0	28.12411044691147	17.477939083404497	20.125249074864787	34.272701394819244	0.0
192.0	32.87710293698318	17.422298260621613	18.676931850584545	31.023666951810664	0.0
193.0	27.168949771689498	16.409817351598175	24.143835616438356	32.27739726027397	0.0
194.0	27.96682871032313	17.443523019731195	20.30311695739205	34.28653131255362	0.0
195.0	26.804123711340207	18.900343642611684	21.90721649484536	32.38831615120275	0.0
196.0	30.892908412288257	16.853287395923054	16.652311225954637	35.601492965834055	0.0
197.0	28.324697754749568	19.833045480713874	19.31491076568797	32.52734599884859	0.0
198.0	29.719572130673605	19.080659150043367	18.444637178375253	32.755131540907776	0.0
199.0	27.974463145676147	21.213000580383053	19.616947185142195	31.19558908879861	0.0
200.0	24.512939808083743	19.656876999127654	19.744111660366386	36.08607153242222	0.0
201.0	29.97378386251092	18.17652199242645	17.885231575881154	33.96446256918148	0.0
202.0	32.81751824817518	18.89051094890511	18.744525547445257	29.547445255474454	0.0
203.0	31.830161054172766	17.04245973645681	20.878477306002928	30.248901903367496	0.0
204.0	33.48030570252792	18.165784832451497	20.693709582598473	27.660199882422106	0.0
205.0	34.32527990571597	16.882734236888627	19.91750147318798	28.874484384207427	0.0
206.0	29.533372711163615	18.103957471943296	20.023626698168933	32.339043118724156	0.0
207.0	27.838719241031722	17.729024607174622	18.4998517640083	35.932404387785354	0.0
208.0	25.385985748218527	19.328978622327792	19.863420427553443	35.42161520190024	0.0
209.0	28.133373027686808	17.564751414111342	20.095266448347722	34.20660910985413	0.0
210.0	29.288702928870293	17.3341303048416	17.692767483562463	35.68439928272564	0.0
211.0	29.332535169111047	20.113738401676144	20.263394193355282	30.290332235857527	0.0
212.0	28.537098227696006	17.00210273355362	20.366476419345148	34.094322619405226	0.0
213.0	28.05061765592046	18.439288942452546	20.156673696896657	33.35341970473034	0.0
214.0	30.30852994555354	19.237749546279492	21.566848154869934	28.88687235329704	0.0
215.0	29.30982061416844	21.252660383095165	18.729096989966553	30.708422012769837	0.0
216.0	29.70417810308021	19.457151570600793	20.860018298261664	29.978652028057333	0.0
217.0	26.58499234303216	21.470137825421133	21.837672281776417	30.10719754977029	0.0
218.0	25.784615384615385	17.29230769230769	19.6	37.323076923076925	0.0
219.0	26.49783817171093	19.147621988882026	22.63743051266214	31.717109326744904	0.0
220.0	31.526788479405386	19.41777640136265	19.41777640136265	29.637658717869307	0.0
221.0	34.25551756294685	18.34006838669568	14.672054709356544	32.73235934100093	0.0
222.0	32.65751715533375	19.369931378665004	17.654398003742983	30.31815346225827	0.0
223.0	30.593749999999996	19.40625	17.03125	32.96875	0.0
224.0	32.465495608531995	19.259723964868254	17.659974905897112	30.61480552070264	0.0
225.0	32.777603019817555	19.031141868512112	19.377162629757784	28.81409248191255	0.0
226.0	31.921618204804048	17.667509481668773	24.905183312262956	25.50568900126422	0.0
227.0	30.228136882129274	17.332065906210392	21.451204055766794	30.988593155893536	0.0
228.0	27.93509385937003	20.203627107858736	21.221762647152403	30.639516385618837	0.0
229.0	32.00382897255903	20.772176132737716	19.4639438417358	27.760051052967455	0.0
230.0	27.176696542893726	22.311139564660692	20.550576184379	29.961587708066585	0.0
231.0	30.500320718409235	19.050673508659397	18.729955099422707	31.719050673508658	0.0
232.0	26.713871902156423	20.920502092050206	22.04699066623753	30.318635339555843	0.0
233.0	27.993527508090615	20.679611650485437	19.449838187702266	31.87702265372168	0.0
234.0	24.432186891628813	21.02530824140169	24.529526281635302	30.0129785853342	0.0
235.0	28.692257644762524	18.867924528301888	24.268054651919325	28.171763175016267	0.0
236.0	30.183126226291694	18.247220405493785	22.531066056245912	29.038587311968605	0.0
237.0	26.70174284774745	19.960539296284114	21.144360407760605	32.19335744820783	0.0
238.0	27.735537190082642	19.50413223140496	23.702479338842974	29.057851239669418	0.0
239.0	29.38041305796136	19.72018654230513	19.453697534976683	31.445702864756832	0.0
240.0	29.3821356615178	17.528542646071188	18.905305574210878	34.184016118200134	0.0
241.0	28.10391363022942	16.666666666666664	27.091767881241562	28.13765182186235	0.0
242.0	28.357701462087725	19.10914654879293	23.291397483849032	29.24175450527032	0.0
243.0	27.867168777815817	17.083190688120506	24.340979116740844	30.708661417322837	0.0
244.0	26.87543014452856	19.201651754989676	22.711631108052305	31.211286992429454	0.0
245.0	30.335524040124522	17.018332756831548	21.06537530266344	31.58076790038049	0.0
246.0	26.212914485165793	22.30366492146597	22.547993019197207	28.93542757417103	0.0
247.0	23.101377605086544	21.229247615683505	22.960084775697634	32.709290003532324	0.0
248.0	22.157006603081438	20.139398385913427	26.265590608950845	31.438004402054293	0.0
249.0	18.952507767421217	20.77230359520639	24.855747891699956	35.41944074567244	0.0
250.0	13.745271122320302	20.239596469104665	26.229508196721312	39.78562421185372	0.0
