# Position (bp)	A	C	G	T	N
0.0	25.247079964061097	25.60646900269542	20.754716981132077	28.39173405211141	0.0
1.0	26.23539982030548	18.328840970350406	11.949685534591195	43.486073674752916	0.0
2.0	32.13644524236984	21.18491921005386	15.080789946140035	31.597845601436266	0.0
3.0	25.829596412556054	19.641255605381165	13.542600896860987	40.98654708520179	0.0
4.0	35.3309481216458	14.221824686940964	14.490161001788909	35.95706618962433	0.0
5.0	37.644959857270294	14.362176628010706	19.625334522747547	28.36752899197145	0.0
6.0	33.274179236912154	15.616681455190772	19.964507542147295	31.144631765749782	0.0
7.0	32.94951284322409	17.891939769707708	19.929140832595216	29.229406554472988	0.0
8.0	25.991189427312776	25.903083700440526	21.145374449339208	26.96035242290749	0.0
9.0	29.023746701846964	19.788918205804748	13.632365875109938	37.55496921723835	0.0
10.0	29.97370727432077	15.337423312883436	22.87467134092901	31.814198071866784	0.0
11.0	29.483814523184606	14.260717410323709	19.510061242344705	36.74540682414698	0.0
12.0	26.136363636363637	17.657342657342657	20.54195804195804	35.66433566433567	0.0
13.0	27.961672473867594	22.822299651567945	18.989547038327526	30.226480836236934	0.0
14.0	29.304347826086957	19.82608695652174	18.521739130434785	32.34782608695652	0.0
15.0	31.07638888888889	18.75	18.57638888888889	31.59722222222222	0.0
16.0	32.38095238095238	17.402597402597404	18.26839826839827	31.948051948051948	0.0
17.0	31.40138408304498	17.906574394463668	19.377162629757784	31.314878892733567	0.0
18.0	30.88235294117647	16.608996539792386	20.242214532871973	32.266435986159166	0.0
19.0	30.423509075194467	15.643906655142612	19.533275713050994	34.39930855661193	0.0
20.0	28.324697754749568	17.012089810017272	21.243523316062177	33.41968911917099	0.0
21.0	30.948275862068964	17.155172413793103	20.603448275862068	31.29310344827586	0.0
22.0	29.396551724137932	19.137931034482758	17.5	33.96551724137931	0.0
23.0	30.180567497850387	19.260533104041272	20.120378331900255	30.438521066208086	0.0
24.0	29.588336192109775	16.552315608919383	17.495711835334475	36.36363636363637	0.0
25.0	30.565068493150683	15.582191780821919	18.15068493150685	35.70205479452055	0.0
26.0	28.205128205128204	18.29059829059829	19.82905982905983	33.675213675213676	0.0
27.0	28.985507246376812	16.453537936913897	20.716112531969312	33.84484228473998	0.0
28.0	31.574468085106382	15.829787234042552	20.340425531914892	32.25531914893617	0.0
29.0	30.135823429541595	17.232597623089983	20.71307300509338	31.918505942275043	0.0
30.0	27.33446519524618	20.1188455008489	20.203735144312393	32.34295415959253	0.0
31.0	33.39011925042589	15.247018739352642	18.82453151618399	32.538330494037474	0.0
32.0	29.572649572649574	17.17948717948718	19.401709401709404	33.84615384615385	0.0
33.0	29.70639032815199	17.530224525043177	19.94818652849741	32.81519861830743	0.0
34.0	28.682842287694974	17.85095320623917	20.45060658578856	33.015597920277294	0.0
35.0	30.129870129870127	16.70995670995671	19.567099567099568	33.59307359307359	0.0
36.0	31.743278404163057	17.77970511708586	18.73373807458803	31.743278404163057	0.0
37.0	30.90277777777778	20.3125	18.92361111111111	29.86111111111111	0.0
38.0	29.365768896611645	15.986099044309295	20.59079061685491	34.05734144222416	0.0
39.0	29.67798085291558	18.97302001740644	18.27676240208877	33.072236727589214	0.0
40.0	29.61672473867596	17.1602787456446	18.37979094076655	34.84320557491289	0.0
41.0	31.70305676855895	16.681222707423583	19.213973799126638	32.40174672489083	0.0
42.0	29.95633187772926	18.078602620087338	20.349344978165938	31.615720524017465	0.0
43.0	31.03146853146853	17.832167832167833	17.22027972027972	33.91608391608392	0.0
44.0	32.399299474605954	18.739054290718038	18.476357267950963	30.385288966725042	0.0
45.0	30.37752414398595	19.051799824407375	19.402985074626866	31.167690956979804	0.0
46.0	28.295254833040424	17.223198594024606	19.77152899824253	34.71001757469244	0.0
47.0	30.228471001757466	17.926186291739896	18.89279437609842	32.95254833040422	0.0
48.0	32.31173380035026	17.513134851138354	16.81260945709282	33.36252189141856	0.0
49.0	27.78264680105171	17.879053461875547	20.3330411919369	34.005258545135845	0.0
50.0	31.89806678383128	17.66256590509666	19.947275922671352	30.492091388400706	0.0
51.0	29.753521126760564	17.077464788732392	19.8943661971831	33.274647887323944	0.0
52.0	28.671943711521546	17.502198768689535	19.349164467897978	34.47669305189094	0.0
53.0	31.338028169014088	17.693661971830984	18.045774647887324	32.92253521126761	0.0
54.0	31.013215859030836	19.295154185022025	17.09251101321586	32.59911894273127	0.0
55.0	29.691629955947135	18.854625550660792	17.53303964757709	33.92070484581498	0.0
56.0	30.565371024734983	17.6678445229682	19.434628975265017	32.332155477031804	0.0
57.0	29.521276595744684	17.375886524822697	18.351063829787233	34.751773049645394	0.0
58.0	26.70807453416149	20.408163265306122	18.633540372670808	34.25022182786158	0.0
59.0	32.41563055062167	17.2291296625222	17.2291296625222	33.12611012433393	0.0
60.0	30.789707187222714	17.657497781721386	19.78704525288376	31.765749778172136	0.0
61.0	29.724933451641526	18.899733806566104	19.343389529724934	32.03194321206744	0.0
62.0	29.84014209591474	19.449378330373	18.47246891651865	32.238010657193605	0.0
63.0	29.84014209591474	17.140319715808168	19.538188277087034	33.48134991119006	0.0
64.0	28.152753108348133	16.785079928952044	21.22557726465364	33.83658969804618	0.0
65.0	28.685612788632326	16.785079928952044	21.22557726465364	33.30373001776199	0.0
66.0	29.37000887311446	17.657497781721386	19.25465838509317	33.71783496007099	0.0
67.0	28.888888888888886	16.177777777777777	20.266666666666666	34.66666666666667	0.0
68.0	28.825622775800714	19.661921708185055	20.818505338078293	30.693950177935942	0.0
69.0	33.362989323843415	16.72597864768683	15.480427046263346	34.430604982206404	0.0
70.0	26.755555555555553	20.0	22.844444444444445	30.4	0.0
71.0	29.955555555555556	17.066666666666666	18.044444444444444	34.93333333333333	0.0
72.0	27.22419928825623	19.306049822064058	20.373665480427047	33.096085409252666	0.0
73.0	29.017857142857146	18.571428571428573	18.839285714285715	33.57142857142857	0.0
74.0	28.8272157564906	16.83079677708147	19.068934646374217	35.273052820053714	0.0
75.0	31.781557743957027	17.815577439570276	19.427036705461056	30.975828111011637	0.0
76.0	30.376344086021508	17.38351254480287	19.35483870967742	32.88530465949821	0.0
77.0	28.430493273542602	18.744394618834082	19.55156950672646	33.27354260089686	0.0
78.0	30.215827338129497	20.14388489208633	18.345323741007196	31.294964028776977	0.0
79.0	29.522952295229523	18.991899189918993	17.82178217821782	33.663366336633665	0.0
80.0	30.333033303330332	18.36183618361836	18.991899189918993	32.313231323132314	0.0
81.0	29.693140794223826	14.981949458483754	18.32129963898917	37.00361010830325	0.0
82.0	29.502262443438916	17.647058823529413	20.09049773755656	32.76018099547511	0.0
83.0	29.438405797101446	17.844202898550723	20.28985507246377	32.427536231884055	0.0
84.0	30.344202898550726	18.478260869565215	17.30072463768116	33.8768115942029	0.0
85.0	30.190389845874886	15.14052583862194	19.67361740707162	34.99546690843155	0.0
86.0	29.465095194922934	16.86310063463282	21.214868540344515	32.45693563009973	0.0
87.0	29.28377153218495	17.951042611060743	19.67361740707162	33.09156844968268	0.0
88.0	29.011786038077968	17.860380779691752	19.58295557570263	33.54487760652765	0.0
89.0	29.85480943738657	17.24137931034483	22.323049001814883	30.58076225045372	0.0
90.0	29.764065335753177	17.33212341197822	19.509981851179674	33.39382940108893	0.0
91.0	28.909090909090907	16.090909090909093	20.545454545454543	34.45454545454545	0.0
92.0	30.454545454545457	16.272727272727273	19.636363636363637	33.63636363636363	0.0
93.0	32.39308462238398	17.8343949044586	18.3803457688808	31.392174704276616	0.0
94.0	30.418943533697636	16.939890710382514	17.395264116575593	35.24590163934426	0.0
95.0	29.899726526891524	16.773017319963536	19.143117593436646	34.184138559708295	0.0
96.0	27.894257064721966	19.78122151321787	19.143117593436646	33.181403828623516	0.0
97.0	31.295620437956206	17.062043795620436	17.244525547445257	34.3978102189781	0.0
98.0	30.319634703196346	17.716894977168952	19.269406392694062	32.69406392694064	0.0
99.0	32.02195791399817	15.736505032021958	17.200365965233303	35.04117108874657	0.0
100.0	28.14814814814815	18.24074074074074	20.27777777777778	33.33333333333333	0.0
101.0	31.593662628145385	15.7502329916123	19.384902143522833	33.271202236719475	0.0
102.0	28.89518413597734	18.413597733711047	19.07459867799811	33.6166194523135	0.0
103.0	31.32760267430755	18.911174785100286	19.38872970391595	30.37249283667622	0.0
104.0	30.03875968992248	20.058139534883722	17.732558139534884	32.17054263565892	0.0
105.0	31.4453125	16.30859375	18.75	33.49609375	0.0
106.0	28.16205533596838	15.711462450592887	20.652173913043477	35.47430830039526	0.0
107.0	30.412890231621347	17.623363544813696	16.51560926485398	35.44813695871098	0.0
108.0	29.65235173824131	15.235173824130879	21.063394683026583	34.04907975460122	0.0
109.0	27.657378740970074	20.123839009287924	18.059855521155832	34.15892672858617	0.0
110.0	29.811715481171547	15.794979079497908	19.97907949790795	34.41422594142259	0.0
111.0	29.574468085106382	16.48936170212766	17.872340425531917	36.06382978723404	0.0
112.0	27.939590075512406	19.741100323624593	19.30960086299892	33.00970873786408	0.0
113.0	29.48294829482948	17.71177117711771	19.58195819581958	33.223322332233224	0.0
114.0	32.26164079822617	18.625277161862527	16.96230598669623	32.15077605321508	0.0
115.0	26.43419572553431	19.910011248593925	20.58492688413948	33.07086614173229	0.0
116.0	30.09153318077803	17.505720823798626	17.276887871853546	35.12585812356979	0.0
117.0	30.409356725146196	16.140350877192983	19.649122807017545	33.801169590643276	0.0
118.0	30.631704410011917	18.474374255065555	18.71275327771156	32.18116805721097	0.0
119.0	30.434782608695656	17.02898550724638	19.082125603864732	33.45410628019324	0.0
120.0	31.812577065351416	15.04315659679408	19.60542540073983	33.53884093711467	0.0
121.0	32.1608040201005	17.462311557788944	21.231155778894472	29.145728643216078	0.0
122.0	31.928480204342275	18.135376756066414	16.85823754789272	33.077905491698594	0.0
123.0	27.88586251621271	19.06614785992218	21.011673151750973	32.03631647211414	0.0
124.0	28.968253968253972	17.857142857142858	21.296296296296298	31.878306878306876	0.0
125.0	29.93288590604027	17.71812080536913	16.241610738255034	36.10738255033557	0.0
126.0	29.81029810298103	17.88617886178862	19.241192411924118	33.06233062330624	0.0
127.0	28.80658436213992	20.16460905349794	18.51851851851852	32.510288065843625	0.0
128.0	28.71012482662968	16.50485436893204	21.914008321775313	32.87101248266297	0.0
129.0	30.508474576271187	17.51412429378531	17.231638418079097	34.74576271186441	0.0
130.0	27.507163323782237	18.48137535816619	20.057306590257877	33.95415472779369	0.0
131.0	29.257641921397383	18.340611353711793	16.157205240174672	36.24454148471616	0.0
132.0	29.20353982300885	17.404129793510325	20.79646017699115	32.59587020648967	0.0
133.0	32.28228228228228	18.46846846846847	16.966966966966968	32.28228228228228	0.0
134.0	27.397260273972602	17.35159817351598	21.765601217656013	33.4855403348554	0.0
135.0	30.139103554868623	19.165378670788254	20.09273570324575	30.602782071097373	0.0
136.0	24.006359300476948	19.236883942766294	19.236883942766294	37.51987281399046	0.0
137.0	32.62987012987013	17.532467532467532	23.7012987012987	26.136363636363637	0.0
138.0	29.80132450331126	19.205298013245034	16.721854304635762	34.271523178807946	0.0
139.0	31.543624161073826	18.288590604026847	20.80536912751678	29.36241610738255	0.0
140.0	31.25	18.91891891891892	18.75	31.08108108108108	0.0
141.0	30.292598967297764	15.49053356282272	23.752151462994835	30.46471600688468	0.0
142.0	26.480836236933797	18.989547038327526	22.299651567944252	32.22996515679443	0.0
143.0	28.49462365591398	17.921146953405017	19.892473118279568	33.691756272401435	0.0
144.0	29.853479853479854	18.681318681318682	17.399267399267398	34.065934065934066	0.0
145.0	27.54158964879852	18.11460258780037	16.45101663585952	37.89279112754159	0.0
146.0	34.3984962406015	15.601503759398497	19.924812030075188	30.075187969924812	0.0
147.0	33.204633204633204	15.444015444015443	22.779922779922778	28.57142857142857	0.0
148.0	32.21343873517787	16.205533596837945	19.76284584980237	31.818181818181817	0.0
149.0	32.21052631578947	13.052631578947368	21.47368421052632	33.26315789473684	0.0
150.0	24.07932011331445	13.881019830028329	26.628895184135974	35.41076487252124	0.0
