# Position (bp)	A	C	G	T	N
0.0	65.2588729169317	7.79799007759827	11.029131153797227	15.914005851672815	0.0
1.0	10.79740557039298	64.975200305227	12.501589724023908	11.725804400356097	0.0
2.0	14.771291382360374	60.61410159211525	8.971443012383117	15.64316401314127	0.0
3.0	64.81271282633371	9.925589607768948	11.855215033421617	13.406482532475723	0.0
4.0	64.57020418452231	10.675573481220066	9.3647592639274	15.389463070330226	0.0
5.0	14.269521410579344	60.340050377833755	9.672544080604533	15.717884130982368	0.0
6.0	14.21556283052128	62.62906069000251	9.34273482749937	13.812641651976831	0.0
7.0	66.11726220432813	9.876698540513337	10.027679919476599	13.978359335681933	0.0
8.0	65.83647798742138	11.10691823899371	9.861635220125786	13.19496855345912	0.0
9.0	14.598264805733685	60.55576512008047	8.613101974097825	16.232868100088016	0.0
10.0	14.57835867789368	8.269448284529345	9.551338444137238	67.60085459343973	0.0
11.0	13.546767106089138	11.437539234149403	8.386691776522285	66.62900188323917	0.0
12.0	14.894684052156471	9.215145436308928	10.055165496489469	65.83500501504514	0.0
13.0	13.986977210117708	58.602554470323064	9.979964938642624	17.430503380916605	0.0
14.0	13.745318352059927	8.451935081148566	62.833957553058674	14.968789013732833	0.0
15.0	62.51711689281713	10.357276235528445	11.83866550479273	15.286941366861695	0.0
16.0	12.369467926404774	10.57931377424167	11.62357036300348	65.42764793635007	0.0
17.0	15.999007813468932	58.11732605729877	9.760634999379883	16.12303112985241	0.0
18.0	13.201238390092879	10.117647058823529	11.034055727554179	65.64705882352942	0.0
19.0	15.432175095832818	61.44429331025102	9.13812291331767	13.985408680598491	0.0
20.0	14.567657579869248	10.80547674848896	9.917355371900827	64.70951029974097	0.0
21.0	14.327953677467045	11.494394480719478	10.718245657262536	63.459406184550936	0.0
22.0	13.781223083548666	8.379475821336287	60.071367048111235	17.767934047003813	0.0
23.0	13.91518131530424	10.866625691456669	10.669944683466502	64.54824830977259	0.0
24.0	65.09028374892519	8.647586291610368	9.728534578061664	16.533595381402776	0.0
25.0	16.110429447852763	8.736196319018404	58.84662576687116	16.30674846625767	0.0
26.0	65.25361431021808	9.372702768929184	9.899534427836315	15.474148493016418	0.0
27.0	13.775385368240764	11.842427208221189	8.380229997553219	66.00195742598483	0.0
28.0	14.196701282834454	58.26511912034209	7.318265119120341	20.219914477703117	0.0
29.0	16.487673907737367	8.29875518672199	9.092018550158652	66.12155235538198	0.0
30.0	15.390261805725473	10.484462931245412	56.98556398336188	17.13971127966724	0.0
31.0	15.41100085752787	8.367021928212667	9.298052186696069	66.92392502756339	0.0
32.0	14.650934119960668	8.52999016715831	9.525565388397247	67.29351032448378	0.0
33.0	15.095502156500306	59.38385705483672	9.254467036352434	16.266173752310536	0.0
34.0	15.474722564734893	10.542540073982737	10.073982737361282	63.908754623921084	0.0
35.0	14.301593182660245	59.88637767074225	8.694578238853897	17.11745090774361	0.0
36.0	16.502098247346332	8.923722537645027	8.812638854603803	65.76154036040484	0.0
37.0	63.71386212008896	10.106251544353842	9.871509760316284	16.308376575240917	0.0
38.0	64.25037110341415	10.774369124195943	8.325086590796635	16.65017318159327	0.0
39.0	64.87455197132617	9.912248176986775	8.42911877394636	16.7840810777407	0.0
40.0	14.42736737729301	59.184432325235505	10.547843331680713	15.840356965790777	0.0
41.0	13.881554130516784	8.499937130642525	62.328681000880174	15.289827737960518	0.0
42.0	66.00126342387871	8.717624763108024	9.602021478205938	15.679090334807327	0.0
43.0	65.43538969281543	10.015232292460015	9.46940847930947	15.07996953541508	0.0
44.0	15.452566892843425	60.555626680322625	8.347202662911279	15.644603763922674	0.0
45.0	25.4941508672852	13.231141589350544	12.7470754336426	48.527632109721665	0.0
46.0	28.067143915082692	17.575907183411505	18.736114539619848	35.620834361885954	0.0
47.0	32.793310687222366	18.343349882414422	18.47400052260256	30.38933890776065	0.0
48.0	27.246376811594203	19.525691699604746	18.31357048748353	34.91436100131752	0.0
49.0	26.72299973593874	19.250066015315554	19.408502772643253	34.61843147610246	0.0
50.0	25.292553191489365	22.79255319148936	19.388297872340427	32.526595744680854	0.0
51.0	29.436882839605016	17.373899119295437	17.961035495062717	35.22818254603683	0.0
52.0	29.346949744692285	17.60279494759473	19.564633163128192	33.48562214458479	0.0
53.0	32.073434125269976	19.43844492440605	20.032397408207345	28.45572354211663	0.0
54.0	28.340192043895744	22.359396433470508	16.84499314128944	32.45541838134431	0.0
55.0	31.093362709997248	18.06664830625172	19.030570090884055	31.80941889286698	0.0
56.0	26.76056338028169	20.270643468655066	20.51919359293013	32.449599558133116	0.0
57.0	30.978110279855915	18.038237738985867	18.426156830146855	32.55749515101136	0.0
58.0	29.48717948717949	18.422519509476032	19.425863991081382	32.6644370122631	0.0
59.0	26.31284916201117	21.11731843575419	22.23463687150838	30.335195530726256	0.0
60.0	30.179674340258284	18.248175182481752	17.827063447501406	33.745087029758565	0.0
61.0	28.507042253521124	17.549295774647888	22.422535211267604	31.521126760563376	0.0
62.0	28.292820802713397	21.56585641605427	22.131147540983605	28.01017524024873	0.0
63.0	33.97563049022386	16.916973646925474	20.402380277699063	28.7050155851516	0.0
64.0	29.917683792222537	19.67073516889015	20.5790519443656	29.832529094521714	0.0
65.0	30.415008527572486	18.87436043206367	21.06310403638431	29.647527003979533	0.0
66.0	27.82189449801475	17.04480998298355	22.20646625070902	32.926829268292686	0.0
67.0	28.327645051194537	17.064846416382252	21.331058020477816	33.27645051194539	0.0
68.0	26.006280331144733	19.95432486440194	19.44047958892378	34.598915215529544	0.0
69.0	26.843910806174957	19.639794168096056	22.698684962835905	30.81761006289308	0.0
70.0	26.666666666666668	22.01149425287356	19.54022988505747	31.7816091954023	0.0
71.0	28.332371609924984	18.667051356030008	20.773225620311596	32.227351413733416	0.0
72.0	28.39791787160208	20.358588779641412	19.172932330827066	32.070561017929435	0.0
73.0	28.339611706751665	19.356708200521588	20.254998551144595	32.048681541582155	0.0
74.0	32.08041958041958	16.60839160839161	21.707459207459205	29.603729603729604	0.0
75.0	29.89209682123068	19.568387284922718	21.289005540974046	29.250510352872556	0.0
76.0	28.48378615249781	20.595968448729185	17.47005550686532	33.450189891907684	0.0
77.0	30.24276104124013	20.15209125475285	18.660427025446037	30.944720678560984	0.0
78.0	30.697129466900996	19.947275922671352	18.219097832454597	31.13649677797305	0.0
79.0	28.349912229373903	23.02516091281451	18.28554710356934	30.339379754242245	0.0
80.0	30.343007915567284	18.440340076223983	20.668425681618295	30.548226326590445	0.0
81.0	28.428192273665587	18.283692126216454	17.428487171925685	35.85962842819227	0.0
82.0	31.109799291617474	18.44746162927981	19.805194805194805	30.637544273907913	0.0
83.0	30.221565731166912	17.22304283604136	22.18611521418021	30.369276218611525	0.0
84.0	28.305235137533273	18.485655131617865	20.556048506359065	32.6530612244898	0.0
85.0	30.903703703703705	18.28148148148148	22.548148148148147	28.26666666666667	0.0
86.0	30.525066745772765	17.82853752595669	23.079204983684367	28.567190744586174	0.0
87.0	32.640332640332645	18.146718146718147	20.225720225720227	28.987228987228985	0.0
88.0	33.88010736653743	18.222487324783778	16.701461377870565	31.19594393080823	0.0
89.0	30.026889752016732	18.822826411711983	18.075888855691662	33.074394980579626	0.0
90.0	30.00898472596586	17.49026654687032	19.34710991314765	33.153638814016176	0.0
91.0	30.102040816326532	19.98799519807923	16.77671068427371	33.13325330132052	0.0
92.0	29.353383458646615	18.646616541353385	19.428571428571427	32.57142857142858	0.0
93.0	33.443708609271525	18.452739313666466	18.452739313666466	29.650812763395546	0.0
94.0	29.079939668174966	16.621417797888384	19.457013574660635	34.841628959276015	0.0
95.0	30.72743736794446	16.782372472079686	20.88741322064594	31.602776939329914	0.0
96.0	29.133858267716533	16.838279830405813	20.59357964869776	33.434282253179894	0.0
97.0	29.975728155339805	19.720873786407765	19.174757281553397	31.12864077669903	0.0
98.0	31.263318112633183	20.0	18.56925418569254	30.167427701674278	0.0
99.0	32.23543763342482	18.908203720646537	18.57273559011894	30.2836230558097	0.0
100.0	33.43511450381679	15.358778625954198	17.83206106870229	33.37404580152672	0.0
101.0	33.44573881054568	17.381974248927037	18.945432250153278	30.226854690374005	0.0
102.0	31.402157164869028	16.887519260400616	20.184899845916796	31.52542372881356	0.0
103.0	27.770897832817337	19.907120743034056	21.08359133126935	31.23839009287926	0.0
104.0	27.230338824992227	17.314267951507617	20.982281628846753	34.4731115946534	0.0
105.0	28.116213683223997	19.49390815370197	21.46204311152765	30.927835051546392	0.0
106.0	29.758544998432114	17.8425838820947	19.09689557855127	33.301975540921916	0.0
107.0	30.167245187756393	18.775639002840013	19.280530135689492	31.776585673714102	0.0
108.0	33.74563907389788	19.790675547098	15.604186489058039	30.859498889946085	0.0
109.0	27.577401851260774	19.75742100223428	21.00223428024258	31.662942866262366	0.0
110.0	27.34550112071726	19.340377841818764	19.436439321165548	33.87768171629843	0.0
111.0	29.28709055876686	19.588953114964674	19.556840077071293	31.567116249197174	0.0
112.0	25.36208561313164	19.69745735436112	22.81943997425169	32.12101705825555	0.0
113.0	27.495961227786754	21.09854604200323	19.38610662358643	32.019386106623585	0.0
114.0	31.3915857605178	16.763754045307444	19.644012944983817	32.200647249190936	0.0
115.0	27.09551656920078	18.61598440545809	19.68810916179337	34.60038986354776	0.0
116.0	28.650767722966354	19.209408689970598	18.458020254818685	33.681803332244364	0.0
117.0	32.142857142857146	18.34862385321101	17.627785058977718	31.880733944954127	0.0
118.0	28.303130148270185	15.617792421746293	21.84514003294893	34.233937397034595	0.0
119.0	23.735537190082646	21.024793388429753	27.107438016528924	28.13223140495868	0.0
120.0	27.490039840637447	22.87516600265604	20.68393094289509	28.950863213811424	0.0
121.0	31.148086522462563	18.502495840266224	18.169717138103163	32.17970049916805	0.0
122.0	29.72972972972973	18.88555221888555	21.65498832165499	29.72972972972973	0.0
123.0	32.51759973181361	19.14180355346966	18.404290982232652	29.936305732484076	0.0
124.0	31.79521724486359	19.568878410239137	18.659481306837318	29.976423038059952	0.0
125.0	28.22771941714673	19.349373093866486	21.382582175533717	31.040325313453067	0.0
126.0	31.099013269819665	18.679823069071112	18.986049676760803	31.235113984348416	0.0
127.0	28.551912568306008	18.476775956284154	21.755464480874316	31.215846994535518	0.0
128.0	30.202262598560164	17.449434350359958	21.528968117929377	30.8193349331505	0.0
129.0	29.938059187887127	20.23399862353751	17.549896765313143	32.27804542326221	0.0
130.0	29.740932642487046	20.48359240069085	17.409326424870468	32.36614853195164	0.0
131.0	29.968782518210197	19.701699618453	20.81165452653486	29.51786333680194	0.0
132.0	29.13331012878524	19.700661329620605	20.53602506091194	30.630003480682216	0.0
133.0	29.3891797556719	20.069808027923212	19.406631762652705	31.13438045375218	0.0
134.0	26.725043782837126	21.260945709281962	20.52539404553415	31.48861646234676	0.0
135.0	27.483327483327486	17.47981747981748	19.059319059319062	35.97753597753598	0.0
136.0	25.63291139240506	20.499296765119553	20.253164556962027	33.61462728551336	0.0
137.0	28.39506172839506	16.89594356261023	20.74074074074074	33.96825396825397	0.0
138.0	30.26874115983027	17.786421499292786	20.084865629420083	31.859971711456858	0.0
139.0	28.738898756660745	18.3303730017762	20.0	32.93072824156306	0.0
140.0	28.439059158945117	18.210976478973627	21.026372059871704	32.323592302209555	0.0
141.0	29.685264663805437	18.88412017167382	20.10014306151645	31.330472103004293	0.0
142.0	30.481667864845434	16.42703091301222	18.33213515456506	34.75916606757728	0.0
143.0	33.261026753434564	20.10122921185828	18.257411424439624	28.380332610267534	0.0
144.0	30.954115076474874	17.589220684632192	18.31755280407866	33.139111434814275	0.0
145.0	28.001464128843338	18.301610541727673	18.960468521229867	34.73645680819912	0.0
146.0	28.812936420433665	21.499448732083792	18.081587651598678	31.60602719588387	0.0
147.0	29.737717029922422	17.879571481344662	17.694865164388624	34.68784632434429	0.0
148.0	26.89732142857143	21.354166666666664	19.047619047619047	32.700892857142854	0.0
149.0	30.532633158289574	19.654913728432106	18.529632408102024	31.282820705176295	0.0
150.0	26.460610629476065	20.128156803618545	18.43196381454957	34.97926875235582	0.0
151.0	28.219696969696972	18.181818181818183	20.681818181818183	32.916666666666664	0.0
152.0	28.81614008374572	20.860296916634947	18.50019033117625	31.82337266844309	0.0
153.0	30.845771144278604	18.407960199004975	19.441255262150783	31.305013394565634	0.0
154.0	30.923076923076927	16.230769230769234	19.923076923076923	32.92307692307692	0.0
155.0	29.35708752904725	20.449264136328427	17.23470178156468	32.95894655305964	0.0
156.0	32.56360078277887	16.086105675146772	18.47358121330724	32.87671232876712	0.0
157.0	29.460417487199685	17.684127609294997	20.992516738873572	31.862938164631743	0.0
158.0	27.391822151647478	22.03255260023819	17.98332671695117	32.59229853116316	0.0
159.0	35.30115676106901	14.160351017151973	19.864379736737135	30.67411248504188	0.0
160.0	25.020048115477145	19.647153167602248	24.017642341619887	31.315156375300724	0.0
161.0	29.4236195082628	17.009270455461508	22.007255139056834	31.559854897218862	0.0
162.0	30.67260940032415	19.20583468395462	18.80064829821718	31.32090761750405	0.0
163.0	30.069359445124437	18.482252141982862	17.99265605875153	33.45573235414116	0.0
164.0	31.529315293152933	15.662156621566215	22.55022550225502	30.25830258302583	0.0
165.0	28.47709451093686	17.829137432934377	21.543541064795708	32.15022699133306	0.0
166.0	27.07641196013289	21.553156146179404	19.975083056478404	31.3953488372093	0.0
167.0	27.67295597484277	18.82599580712788	22.72536687631027	30.77568134171908	0.0
168.0	28.51727042965459	20.513900589721988	18.323504633529907	32.64532434709351	0.0
169.0	28.03062526584432	18.50276478094428	19.48107188430455	33.98553806890685	0.0
170.0	29.691516709511568	17.69494430162811	18.080548414738644	34.53299057412168	0.0
171.0	29.68075927523727	18.33477135461605	15.918895599654876	36.0655737704918	0.0
172.0	31.068801384681954	19.385547382085676	16.5296408481177	33.01601038511467	0.0
173.0	29.3605915615485	18.181818181818183	20.791648542844715	31.665941713788605	0.0
174.0	28.615249780893954	20.245398773006134	16.95880806310254	34.18054338299737	0.0
175.0	27.38938053097345	19.82300884955752	19.911504424778762	32.876106194690266	0.0
176.0	29.02938557435441	19.590382902938558	18.96705253784506	32.41317898486198	0.0
177.0	29.146177916852928	22.53017434063478	18.417523468931606	29.906124273580687	0.0
178.0	27.99097065462754	20.40632054176072	21.21896162528217	30.383747178329575	0.0
179.0	25.614194722474977	19.017288444040037	25.70518653321201	29.66333030027298	0.0
180.0	30.022883295194507	16.201372997711672	21.464530892448515	32.31121281464531	0.0
181.0	29.93984266543267	19.250347061545583	17.538176770013884	33.27163350300787	0.0
182.0	33.97017707362535	17.194780987884435	20.410065237651445	28.424976700838773	0.0
183.0	29.079008882655444	20.570359981299674	22.62739597942964	27.72323515661524	0.0
184.0	28.71287128712871	21.404997642621403	17.68033946251768	32.2017916077322	0.0
185.0	28.5442435775452	21.69362511893435	21.69362511893435	28.068506184586106	0.0
186.0	32.10526315789474	17.99043062200957	20.14354066985646	29.76076555023923	0.0
187.0	32.07729468599034	21.06280193236715	17.14975845410628	29.71014492753623	0.0
188.0	28.668941979522184	20.331545587518285	20.575329107752317	30.424183325207217	0.0
189.0	30.093734583127773	19.634928465712875	18.84558460779477	31.42575234336458	0.0
190.0	30.119284294234593	18.24055666003976	17.992047713717692	33.64811133200795	0.0
191.0	26.973026973026975	21.628371628371628	21.078921078921077	30.31968031968032	0.0
192.0	33.23278029160382	18.149824032176973	19.75867269984917	28.858722976370032	0.0
193.0	28.469387755102044	18.46938775510204	22.653061224489797	30.408163265306122	0.0
194.0	27.29604925602873	21.08773730118009	22.67829656233966	28.937916880451514	0.0
195.0	28.120145002589332	21.439668565510097	19.575349559813567	30.864836872087004	0.0
196.0	30.926216640502357	17.896389324960754	20.355834641548928	30.821559392987965	0.0
197.0	28.49604221635884	19.683377308707122	22.691292875989447	29.129287598944593	0.0
198.0	26.804123711340207	24.145415084102005	19.641888225718937	29.408572978838848	0.0
199.0	29.8225529479107	21.29364625071551	19.290211791642818	29.59358900973097	0.0
200.0	26.499670402109427	15.293342122610415	23.665128543177325	34.54185893210283	0.0
201.0	33.479789103690685	17.486818980667838	16.16871704745167	32.86467486818981	0.0
202.0	37.56613756613756	17.28395061728395	18.95943562610229	26.190476190476193	0.0
203.0	32.7693677649154	15.405164737310775	22.083704363312556	29.741763134461262	0.0
204.0	32.46636771300449	16.50224215246637	26.726457399103136	24.30493273542601	0.0
205.0	34.51086956521739	15.942028985507244	25.996376811594203	23.55072463768116	0.0
206.0	31.062670299727518	20.254314259763852	22.3433242506812	26.33969118982743	0.0
207.0	28.21691176470588	24.264705882352942	14.430147058823529	33.088235294117645	0.0
208.0	30.932594644506	16.06648199445983	21.052631578947366	31.948291782086795	0.0
209.0	21.90121155638397	23.299161230195715	19.94408201304753	34.85554520037278	0.0
210.0	24.48210922787194	17.04331450094162	18.832391713747647	39.64218455743879	0.0
211.0	29.47867298578199	17.345971563981042	20.0	33.175355450236964	0.0
212.0	26.26070409134158	18.648905803996193	24.1674595623216	30.922930542340627	0.0
213.0	26.19502868068834	20.745697896749522	16.44359464627151	36.615678776290636	0.0
214.0	29.343629343629345	25.675675675675674	17.664092664092664	27.316602316602317	0.0
215.0	28.487804878048777	23.804878048780488	16.975609756097562	30.73170731707317	0.0
216.0	31.08910891089109	17.82178217821782	16.13861386138614	34.95049504950495	0.0
217.0	25.480283114256824	16.683518705763397	28.71587462082912	29.120323559150656	0.0
218.0	24.166666666666668	21.25	19.270833333333336	35.3125	0.0
219.0	18.900343642611684	22.22222222222222	23.367697594501717	35.50973654066438	0.0
220.0	0.17094017094017094	29.059829059829063	25.811965811965816	44.95726495726496	0.0
