# Position (bp)	A	C	G	T	N
0.0	55.402678407631626	14.272610530177948	14.199229499174463	16.12548156301596	0.0
1.0	13.648029330889091	52.887259395050414	15.197066911090742	18.267644362969754	0.0
2.0	23.06639912440715	48.30353885443269	11.957314848595404	16.67274717256476	0.0
3.0	58.64798471476663	12.74679283049768	12.055317987444273	16.54990446729142	0.0
4.0	59.4616713649177	12.17604801309448	11.60316449940893	16.759116122578885	0.0
5.0	17.701044979554748	48.86869604725125	15.683780099954566	17.74647887323944	0.0
6.0	17.23574282600799	48.81038866690883	11.36033418089357	22.593534326189612	0.0
7.0	54.55618079506262	15.20239607914322	12.225449264839353	18.0159738609548	0.0
8.0	59.709750566893426	12.507936507936506	10.875283446712018	16.90702947845805	0.0
9.0	17.583612797969728	48.59059186078129	10.885525242454456	22.940270098794528	0.0
10.0	17.812811452387425	9.042312222524236	11.135272266014315	62.00960405907402	0.0
11.0	15.507876154263986	11.071881223972477	11.053775122216186	62.366467499547355	0.0
12.0	15.095362921449878	11.714724758203019	15.194793455663023	57.99511886468408	0.0
13.0	20.79689894528081	47.19192283421978	11.78220499414045	20.228973226358963	0.0
14.0	16.2876404494382	16.323595505617977	49.47415730337079	17.91460674157303	0.0
15.0	51.93944280211412	12.084565081071396	12.102481411806862	23.873510705007615	0.0
16.0	14.90161001788909	12.42397137745975	13.61359570661896	59.06082289803221	0.0
17.0	21.394809596004638	47.82841344867565	11.504503701061267	19.27227325425845	0.0
18.0	15.061904337757193	12.532288233722277	16.727531842878772	55.67827558564176	0.0
19.0	18.247330960854093	48.80782918149466	15.94306049822064	17.001779359430603	0.0
20.0	17.117996981266092	17.53529255083015	11.14267957027435	54.20403089762941	0.0
21.0	16.176731007614663	12.661590224898175	17.203825039844165	53.957853727643	0.0
22.0	22.456016267350368	10.078684466448589	47.61736362832641	19.847935637874635	0.0
23.0	16.37809187279152	17.56183745583039	11.749116607773852	54.31095406360424	0.0
24.0	53.546850185283226	9.272983942121051	17.30192341626963	19.8782424563261	0.0
25.0	21.81080842810544	9.91801110817244	47.244996914396545	21.026183549325577	0.0
26.0	53.531172948221204	10.954561465304685	15.37513208876365	20.139133497710464	0.0
27.0	15.560640732265446	18.350642492518922	10.376694243971132	55.7120225312445	0.0
28.0	16.140381739818803	47.603131322016004	10.792505937197642	25.463981000967546	0.0
29.0	17.298057484398345	9.176408543552782	11.162872461984707	62.362661510064164	0.0
30.0	17.383623354827314	12.675558696228247	50.154579984100344	19.786237964844094	0.0
31.0	18.313850513637973	9.36946510804109	15.621679064824653	56.69500531349628	0.0
32.0	16.84613330960221	15.769333451988965	10.643410162854854	56.74112307555398	0.0
33.0	21.94598461813629	48.0325523162225	11.411196565909497	18.61026649973171	0.0
34.0	18.652571223795018	14.961476437914353	12.363375739114854	54.02257659917578	0.0
35.0	16.879038047379755	48.10660445082556	10.642498205312275	24.371859296482413	0.0
36.0	16.6351606805293	12.197317490323162	15.104869925285804	56.062651903861735	0.0
37.0	58.242254538885376	12.546292114533466	10.97461837232409	18.236834974257068	0.0
38.0	54.70860146832231	12.453548445572373	10.477657935285054	22.360192150820264	0.0
39.0	54.01526162790697	17.151162790697676	8.975290697674419	19.85828488372093	0.0
40.0	17.910311443967487	52.61667732212988	11.316101927116632	18.156909306786005	0.0
41.0	17.115027829313544	8.849721706864564	51.679035250463826	22.356215213358073	0.0
42.0	56.3983248022336	10.805025593299208	11.34481154025128	21.451838064215913	0.0
43.0	60.93163035311796	11.739293764087153	10.377535687453044	16.95154019534185	0.0
44.0	18.533625149224033	50.58694787107043	10.525268603263033	20.3541583764425	0.0
45.0	24.92716909436352	12.742241925269157	13.920202659911338	48.410386320455984	0.0
46.0	28.98134863701578	15.415271799776823	20.006376534353578	35.59700302885382	0.0
47.0	31.611148878314072	17.573079537729434	20.207341944255607	30.608429639700883	0.0
48.0	26.638078902229843	20.857632933104632	17.821612349914236	34.682675814751285	0.0
49.0	27.5879917184265	18.236714975845413	21.325051759834366	32.850241545893724	0.0
50.0	25.86745315752949	25.208188757807076	18.52879944482998	30.395558639833446	0.0
51.0	26.62608695652174	18.4	17.286956521739132	37.68695652173913	0.0
52.0	27.170671811962816	19.189615856867217	20.4525521838274	33.18716014734257	0.0
53.0	32.137175181191445	18.84391019975252	21.000530316422132	28.018384302633905	0.0
54.0	29.937332139659805	23.95702775290958	17.779767233661595	28.325872873769026	0.0
55.0	30.97041847041847	17.929292929292927	19.137806637806637	31.962481962481963	0.0
56.0	26.611721611721613	19.761904761904763	19.816849816849818	33.80952380952381	0.0
57.0	31.563421828908556	16.924778761061948	19.911504424778762	31.600294985250738	0.0
58.0	28.82298424467099	20.222428174235404	18.924930491195553	32.02965708989806	0.0
59.0	25.89418777943368	21.06929955290611	20.32414307004471	32.7123695976155	0.0
60.0	27.793480309025814	19.16336913510458	19.709817222536273	33.33333333333333	0.0
61.0	28.590400303547714	17.75754126351736	21.608802883703284	32.043255549231645	0.0
62.0	28.842105263157897	20.89952153110048	21.07177033492823	29.1866028708134	0.0
63.0	34.364128333977575	18.728256667955158	18.592964824120603	28.314650173946653	0.0
64.0	29.60872104341055	17.811952501459995	20.90714424761534	31.672182207514116	0.0
65.0	30.20935237722559	18.293875953825083	21.58090393269419	29.915867736255137	0.0
66.0	27.390536029844885	17.92656587473002	22.403298645199293	32.279599450225795	0.0
67.0	30.923137876386686	16.77892234548336	18.462757527733757	33.835182250396194	0.0
68.0	25.324286569546995	20.155657553382557	21.03372580323289	33.48633007383756	0.0
69.0	27.184857027788965	18.183648811921064	22.5130890052356	32.11840515505437	0.0
70.0	27.769929364278507	20.887991927346114	19.656912209889	31.685166498486378	0.0
71.0	26.859922967768092	20.981147374822623	19.25805797689033	32.900871680518954	0.0
72.0	27.86985880908533	19.99181501943933	20.032739922242683	32.10558624923266	0.0
73.0	28.553719008264462	18.884297520661157	20.123966942148762	32.438016528925615	0.0
74.0	30.105963016829417	16.289216704757948	23.436526075212967	30.168294203199668	0.0
75.0	29.292294807370183	20.477386934673365	21.566164154103852	28.664154103852596	0.0
76.0	30.1116024426195	20.53063802905875	18.277532112023582	31.080227416298168	0.0
77.0	28.996832101372753	19.345300950369587	18.90179514255544	32.75607180570222	0.0
78.0	29.305585049904437	19.791887874283287	18.00806965385432	32.89445742195795	0.0
79.0	28.79726554155095	20.209356975005342	17.966246528519548	33.02713095492416	0.0
80.0	29.571397803144517	18.371742407925908	21.753176825328453	30.30368296360112	0.0
81.0	26.697028844068534	19.149859032747777	17.805248319236608	36.347863803947085	0.0
82.0	31.770606192760575	17.640645442651547	20.06105538595726	30.527692978630615	0.0
83.0	29.901423877327492	19.474260679079954	20.94194961664841	29.68236582694414	0.0
84.0	27.166482910694594	19.426681367144432	21.19073869900772	32.21609702315325	0.0
85.0	32.123090546823114	16.891742306840822	20.07969891520921	30.905468231126854	0.0
86.0	30.52841918294849	17.606571936056838	22.71314387211368	29.151865008880996	0.0
87.0	31.248608947251277	18.896060538615625	21.52236812819942	28.332962385933673	0.0
88.0	33.908561183325865	17.97400268937696	17.144778126400716	30.97265800089646	0.0
89.0	30.146892655367232	16.88135593220339	18.32768361581921	34.644067796610166	0.0
90.0	32.10130047912389	17.88729180926306	18.571754506046087	31.439653205566962	0.0
91.0	29.99084249084249	21.474358974358974	16.826923076923077	31.707875457875456	0.0
92.0	29.003021148036257	17.638856611666277	17.940971415291656	35.41715082500581	0.0
93.0	32.78114792347177	17.545496966868875	18.198786747550162	31.474568362109196	0.0
94.0	31.169439887508787	16.709632059995315	19.873447386922898	32.247480665573	0.0
95.0	30.82901554404145	17.875647668393782	21.21997173810645	30.075365049458313	0.0
96.0	30.628706998813758	17.295373665480426	19.33570581257414	32.74021352313167	0.0
97.0	30.637079455977094	17.131949415413985	19.160104986876643	33.07086614173229	0.0
98.0	30.64400287287527	20.3255925305243	18.43428297821403	30.5961216183864	0.0
99.0	31.601731601731604	18.80711880711881	17.652717652717655	31.93843193843194	0.0
100.0	30.36750483558994	13.878143133462281	20.067698259187623	35.686653771760156	0.0
101.0	31.839220462850182	18.319123020706453	19.342265529841658	30.499390986601703	0.0
102.0	31.522271169848263	16.348507097405776	20.509055310817427	31.620166421928538	0.0
103.0	27.525190464487586	18.30916687146719	20.422708282133204	33.742934381912015	0.0
104.0	27.643280632411066	18.947628458498023	20.034584980237156	33.37450592885375	0.0
105.0	29.42637198907375	19.120933697541595	18.42562701763099	33.02706729575367	0.0
106.0	31.44072036018009	18.309154577288645	19.384692346173086	30.86543271635818	0.0
107.0	32.280701754385966	18.922305764411025	17.74436090225564	31.05263157894737	0.0
108.0	34.18008048289739	18.46076458752515	16.498993963782695	30.86016096579477	0.0
109.0	32.06068268015171	18.710493046776232	19.94943109987358	29.279393173198482	0.0
110.0	25.14590205531591	19.309819842679524	22.126363867038823	33.41791423496574	0.0
111.0	30.403679100664284	18.165559529892693	18.216658150229943	33.21410321921308	0.0
112.0	25.672559569561876	17.858057904176274	22.23930310017935	34.2300794260825	0.0
113.0	29.004885574697862	18.92517356646953	19.95371560812548	32.11622525070712	0.0
114.0	29.92004126902244	18.15836987361362	18.9321640443642	32.989424812999744	0.0
115.0	27.896103896103895	18.98701298701299	19.68831168831169	33.42857142857143	0.0
116.0	28.832116788321166	19.03023983315954	18.45672575599583	33.68091762252346	0.0
117.0	31.02906520031422	18.984027232259752	18.59125425504059	31.39565331238544	0.0
118.0	28.139779295848662	17.104571728849187	19.837099316868105	34.91854965843405	0.0
119.0	25.204323754284207	21.170577379383072	26.627998945425784	26.997099920906937	0.0
120.0	26.215644820295985	22.700845665961943	21.19450317124736	29.889006342494717	0.0
121.0	30.781456953642383	18.543046357615893	18.649006622516556	32.026490066225165	0.0
122.0	28.84871044934858	17.973943100239296	21.88247806434459	31.294868386067538	0.0
123.0	33.796419983970075	17.39246593641464	18.00694629975955	30.804167779855728	0.0
124.0	31.679184549356222	18.34763948497854	20.22532188841202	29.747854077253216	0.0
125.0	27.30696798493409	20.04304546677428	19.693301049233252	32.95668549905838	0.0
126.0	30.509846236849203	19.449689776099273	18.532506069598057	31.507957917453467	0.0
127.0	28.212063835542335	19.502299161482284	21.42277522315391	30.862861779821475	0.0
128.0	32.10211841390549	17.19174361759913	19.39163498098859	31.31450298750679	0.0
129.0	30.99128540305011	18.38235294117647	17.892156862745097	32.73420479302832	0.0
130.0	29.2896174863388	19.071038251366122	16.39344262295082	35.24590163934426	0.0
131.0	30.079517411571153	20.839045791061146	17.65834932821497	31.423087469152726	0.0
132.0	29.592959295929592	17.546754675467547	22.35973597359736	30.500550055005498	0.0
133.0	27.980132450331123	21.385209713024285	19.757174392935983	30.87748344370861	0.0
134.0	25.997782705099777	20.593126385809313	20.454545454545457	32.95454545454545	0.0
135.0	26.733500417710943	17.543859649122805	20.551378446115287	35.171261487050955	0.0
136.0	25.125628140703515	16.973757677275263	22.166387493020657	35.73422668900056	0.0
137.0	28.852090934605666	16.110019646365423	20.993544765646927	34.044344653381984	0.0
138.0	29.87598647125141	18.122886133032694	19.673055242390078	32.32807215332581	0.0
139.0	28.88700084961767	18.323421127159445	19.314641744548286	33.47493627867459	0.0
140.0	29.042341574310882	17.760727479397556	19.69309462915601	33.50383631713555	0.0
141.0	31.401655723665428	17.185269768769626	19.925777904653156	31.48729660291179	0.0
142.0	31.25	15.825688073394495	18.86467889908257	34.059633027522935	0.0
143.0	34.79388872874027	17.93023926203517	19.400403574517153	27.875468434707408	0.0
144.0	31.10338835794961	17.694758181291633	17.115551694178972	34.08630176657979	0.0
145.0	28.625399593141527	18.831734960767218	19.44202266782912	33.100842778262134	0.0
146.0	29.067055393586006	18.80466472303207	19.183673469387756	32.94460641399417	0.0
147.0	29.97658079625293	17.21311475409836	16.949648711943794	35.86065573770492	0.0
148.0	25.694034258712346	19.93502658003544	21.14589486119315	33.22504430005907	0.0
149.0	30.074294205052006	19.85141158989599	17.087667161961367	32.986627043090635	0.0
150.0	29.065950462548496	18.91972545508803	18.41241420471501	33.60190987764846	0.0
151.0	29.235382308845576	18.140929535232384	21.10944527736132	31.514242878560722	0.0
152.0	28.024132730015083	20.392156862745097	16.923076923076923	34.660633484162894	0.0
153.0	31.14952987564453	18.198362147406733	17.59175007582651	33.06035790112223	0.0
154.0	31.861102650015226	15.656411818458727	19.52482485531526	32.95766067621078	0.0
155.0	31.495098039215684	19.332107843137255	17.892156862745097	31.28063725490196	0.0
156.0	30.987654320987655	15.648148148148147	19.25925925925926	34.10493827160494	0.0
157.0	29.745657568238215	18.641439205955336	20.812655086848636	30.800248138957816	0.0
158.0	28.36239103362391	22.104607721046076	16.998754669987548	32.534246575342465	0.0
159.0	34.99217527386541	14.460093896713616	19.092331768388107	31.455399061032864	0.0
160.0	26.14173228346457	19.37007874015748	23.46456692913386	31.023622047244093	0.0
161.0	29.329962073324907	18.268015170670036	21.11251580278129	31.289506953223768	0.0
162.0	31.31345177664975	18.11548223350254	19.194162436548222	31.37690355329949	0.0
163.0	29.303213490295892	17.69010499522749	17.881005408845052	35.12567610563156	0.0
164.0	29.853128991060025	16.985951468710088	22.286079182630907	30.874840357598977	0.0
165.0	29.589216944801027	17.394094993581515	22.111681643132222	30.905006418485236	0.0
166.0	28.447164948453608	19.072164948453608	20.650773195876287	31.829896907216494	0.0
167.0	27.490297542043983	20.278137128072444	22.57438551099612	29.657179818887453	0.0
168.0	27.379019162065603	19.259499837609614	19.97401753816174	33.38746346216304	0.0
169.0	27.302416721097323	18.06009144350098	20.411495754408886	34.225996080992815	0.0
170.0	28.557377049180328	16.491803278688526	19.60655737704918	35.34426229508197	0.0
171.0	30.310026385224276	17.216358839050134	16.91952506596306	35.55408970976253	0.0
172.0	29.811195760185495	20.73534282875124	16.92613448161643	32.527326929446836	0.0
173.0	28.27677977378576	17.99733865602129	19.42781104457751	34.29807052561544	0.0
174.0	30.157665213015765	20.026836632002684	18.718550821871855	31.096947333109693	0.0
175.0	28.894896924636704	18.0466373774924	21.122000675904022	31.93646502196688	0.0
176.0	30.855397148676172	18.329938900203665	18.29599456890699	32.518669382213176	0.0
177.0	29.13681337427499	21.8014329580348	17.604912998976456	31.45684066871375	0.0
178.0	27.479338842975203	19.765840220385673	20.179063360881543	32.57575757575758	0.0
179.0	25.520833333333332	18.819444444444443	23.09027777777778	32.56944444444444	0.0
180.0	30.59727558505065	15.333566189311911	20.852252881592733	33.216905344044704	0.0
181.0	28.817733990147783	19.141449683321603	20.056298381421534	31.984517945109076	0.0
182.0	30.954063604240282	18.19787985865724	19.399293286219084	31.448763250883395	0.0
183.0	29.048295454545453	21.875	20.525568181818183	28.551136363636363	0.0
184.0	29.88876928597058	20.73914603516326	18.550412630068173	30.821672048797993	0.0
185.0	26.984126984126984	22.4025974025974	23.160173160173162	27.453102453102453	0.0
186.0	29.20899854862119	18.505079825834542	22.02467343976778	30.26124818577649	0.0
187.0	31.538461538461537	21.318681318681318	17.28937728937729	29.853479853479854	0.0
188.0	28.51361295069904	18.874172185430464	21.08167770419426	31.530537159676232	0.0
189.0	28.555555555555557	20.444444444444446	19.555555555555557	31.444444444444446	0.0
190.0	30.516080777860882	15.594614809274496	20.867614061331338	33.02169035153328	0.0
191.0	27.31029301277235	19.083395942900076	20.2854996243426	33.32081141998498	0.0
192.0	31.278366111951588	19.024205748865356	20.461422087745838	29.23600605143722	0.0
193.0	30.751621518504386	17.855780236550935	21.404044257916826	29.98855398702785	0.0
194.0	27.77991535205848	19.545979222777994	23.778376298576376	28.89572912658715	0.0
195.0	27.900659681800544	19.984478075281334	18.820333721381452	33.29452852153667	0.0
196.0	28.302626421011368	19.012152097216777	21.364170913367307	31.321050568404544	0.0
197.0	28.128724672228845	20.858164481525627	22.40762812872467	28.605482717520857	0.0
198.0	27.938186254575033	22.5294835298902	20.130134200894673	29.402196014640097	0.0
199.0	27.682403433476395	24.07725321888412	18.068669527896997	30.17167381974249	0.0
200.0	27.123695976154995	16.145057128663687	19.771485345255837	36.95976154992549	0.0
201.0	31.38888888888889	17.63888888888889	17.083333333333332	33.88888888888889	0.0
202.0	36.26220362622036	16.736401673640167	17.433751743375176	29.567642956764296	0.0
203.0	35.17869656622285	17.379117028731606	20.322354590049056	27.1198318149965	0.0
204.0	34.24753867791843	18.143459915611814	22.0112517580872	25.59774964838256	0.0
205.0	35.486160397445	16.11071682044003	24.27253371185238	24.130589070262598	0.0
206.0	30.955777460770328	19.258202567760343	20.542082738944366	29.243937232524964	0.0
207.0	26.887131560028756	24.51473759884975	16.822429906542055	31.775700934579437	0.0
208.0	28.851744186046513	17.223837209302324	20.63953488372093	33.28488372093023	0.0
209.0	25.29325513196481	19.35483870967742	21.334310850439884	34.01759530791789	0.0
210.0	26.91740412979351	15.781710914454278	19.837758112094395	37.46312684365782	0.0
211.0	31.82827535159141	18.208734270910437	20.133234641006663	29.829755736491485	0.0
212.0	28.817365269461074	16.541916167664674	22.979041916167663	31.66167664670659	0.0
213.0	30.867924528301888	19.471698113207548	17.735849056603772	31.924528301886788	0.0
214.0	28.87537993920973	25.379939209726444	20.592705167173253	25.151975683890576	0.0
215.0	31.092436974789916	22.765469824293355	16.730328495034378	29.411764705882355	0.0
216.0	30.324074074074076	17.206790123456788	17.824074074074073	34.64506172839506	0.0
217.0	26.03921568627451	17.254901960784313	25.56862745098039	31.137254901960787	0.0
218.0	25.581395348837212	18.043303929430635	18.92542101042502	37.44987971130714	0.0
219.0	18.300086730268863	21.769297484822204	24.197745013009538	35.73287077189939	0.0
220.0	0.0	32.390745501285345	23.90745501285347	43.70179948586118	0.0
