# Position (bp)	A	C	G	T	N
0.0	26.168546207853467	23.8703463847862	23.81913577180068	26.141971635559653	0.0
1.0	26.540949682780486	20.087963118088282	15.343374927032258	38.027712272098974	0.0
2.0	28.754883976398517	19.03384713254957	18.194353218979924	34.01691567207199	0.0
3.0	22.968017073987706	22.518875201008218	15.073184316674732	39.43992340832934	0.0
4.0	34.13873946474217	13.01584266663929	14.64282781205408	38.20259005656445	0.0
5.0	34.68773183735927	14.753946704255917	23.163655651898104	27.394665806486714	0.0
6.0	30.81155676832756	17.326030185466358	21.050343067984144	30.81206997822194	0.0
7.0	34.895860731257386	16.92512344622497	20.08163373184937	28.097382090668276	0.0
8.0	22.46209367568881	26.786130810530352	22.7209567464135	28.030818767367343	0.0
9.0	27.60658663842644	18.62978860114636	15.638018691617564	38.125606068809645	0.0
10.0	26.344385393943764	16.499916218484742	24.988446362252798	32.167252025318696	0.0
11.0	28.088323936032495	18.0549165379579	19.331115582309756	34.52564394369985	0.0
12.0	26.01482766026839	19.65608008743044	21.064366528348046	33.26472572395312	0.0
13.0	26.189832234251575	20.69758824708285	18.699893072718506	34.41268644594707	0.0
14.0	30.40821228208787	18.439785467999954	20.21352867470473	30.938473575207446	0.0
15.0	29.743733771340867	18.502602359071922	19.83522883131073	31.918435038276478	0.0
16.0	29.889126134418397	17.56190145292287	18.519897532512488	34.02907488014624	0.0
17.0	30.379395546518502	17.854816000139593	19.686718718124855	32.079069735217054	0.0
18.0	31.141640542144668	17.73848414733127	18.728286410125015	32.39158890039905	0.0
19.0	29.72275631690814	18.310713179563674	20.015019087558997	31.951511415969193	0.0
20.0	29.586229654756007	17.768211830463166	19.892413243791893	32.75314527098894	0.0
21.0	29.00540435679276	18.303861827473717	19.788064842017313	32.90266897371621	0.0
22.0	29.72348764100763	18.983030971447313	22.569880583755726	28.723600803789335	0.0
23.0	29.8021627178159	20.19690067412686	20.93793727086782	29.06299933718942	0.0
24.0	32.66444977099292	19.275855706932514	17.92110988824598	30.138584633828593	0.0
25.0	29.31288123476248	21.034125635321775	19.30023317691551	30.352759953000234	0.0
26.0	32.02558043397542	16.613066169947917	21.8449459474509	29.516407448625763	0.0
27.0	26.18449485135004	21.094042890490503	24.890256479210766	27.831205778948693	0.0
28.0	26.393999960482837	19.6714763842618	18.56181395063588	35.37270970461948	0.0
29.0	28.16766618570346	19.923411121412375	17.234037311898952	34.674885380985216	0.0
30.0	26.442548830952433	18.99504869891003	16.054801646604144	38.50760082353339	0.0
31.0	34.26554759345269	14.198611079588245	18.083226900674084	33.45261442628498	0.0
32.0	34.244075181752564	15.467791428956296	22.54343023948436	27.74470314980678	0.0
33.0	31.09127271467036	17.449984931668048	20.80029380282399	30.6584485508376	0.0
34.0	33.35707643914442	16.44993194930145	21.715716758780687	28.477274852773437	0.0
35.0	26.299425734119726	20.436298420922995	25.38724223602034	27.87703360893694	0.0
