# Position (bp)	A	C	G	T	N
0.0	36.69494187873076	16.9127657346319	21.154047544245472	25.23824484239187	0.0
1.0	23.664921465968586	28.146596858638745	23.319371727748692	24.86910994764398	0.0
2.0	28.96767466110532	23.10740354535975	17.10114702815433	30.823774765380605	0.0
3.0	32.7159209157128	18.314255983350677	20.32258064516129	28.647242455775235	0.0
4.0	35.02237020081157	17.04297159504734	17.01175736135678	30.922900842784312	0.0
5.0	28.523908523908524	22.266112266112266	17.85862785862786	31.351351351351354	0.0
6.0	28.177944080656896	24.238644631535184	18.948134289574888	28.635276998233035	0.0
7.0	35.203657522859515	18.86949293433084	17.17581047381546	28.75103906899418	0.0
8.0	33.949719509661335	18.356534386037815	17.961770205692915	29.73197589860794	0.0
9.0	27.690070627336933	23.753635230577483	18.45658496053178	30.099709181553802	0.0
10.0	26.4015780730897	15.39659468438538	20.182724252491692	38.01910299003322	0.0
11.0	25.850975508509755	16.957243669572435	18.52428393524284	38.66749688667497	0.0
12.0	25.881742738589214	16.452282157676347	20.477178423236513	37.18879668049793	0.0
13.0	28.408501814411615	22.581648522550545	19.97926386728875	29.030585795749094	0.0
14.0	27.324556857054006	17.342178915725096	26.412356172903493	28.920908054317408	0.0
15.0	29.478810485960004	19.666355818049944	20.288053051497254	30.5667806444928	0.0
16.0	25.649787718753238	18.846432639536086	19.177798488143317	36.32598115356736	0.0
17.0	28.841974542067682	21.804822518886475	18.648452861430197	30.704750077615646	0.0
18.0	25.506826644600743	19.41456350848159	19.82829954489036	35.2503103020273	0.0
19.0	27.677832919768402	24.917287014061205	18.14516129032258	29.25971877584781	0.0
20.0	26.845151953690305	17.872648335745296	19.474881124664048	35.80731858590035	0.0
21.0	27.203223473499328	18.503977683645005	20.353342287426386	33.93945655542928	0.0
22.0	28.031398471390208	17.85788060318116	24.158231770295394	29.95248915513324	0.0
23.0	26.368518901053502	18.446601941747574	19.582730840735387	35.60214831646354	0.0
24.0	33.92857142857143	15.452105697770438	19.415772089182493	31.20355078447564	0.0
25.0	28.925108314421294	17.247782133278317	22.32308644522385	31.50402310707654	0.0
26.0	34.17904290429043	16.429455445544555	17.027640264026402	32.363861386138616	0.0
27.0	27.466749149396847	18.445200536137747	16.228477162594082	37.85957315187133	0.0
28.0	26.82675461197568	22.683706070287542	15.881686076471194	34.60785324126559	0.0
29.0	29.504481302153085	14.628618522715566	16.792005769032656	39.07489440609869	0.0
30.0	27.907457136955177	16.9076637058459	22.392067754596155	32.792811402602766	0.0
31.0	30.78433398780614	15.118321793944403	17.226413144569598	36.870931073679856	0.0
32.0	27.106378579551325	18.288018194975706	17.481649953478755	37.12395327199421	0.0
33.0	28.28314188140329	23.37783297112698	16.7649798199317	31.57404532753803	0.0
34.0	28.957169459962756	16.149389613076764	19.63583695427271	35.257603972687775	0.0
35.0	25.855631611698815	23.09686786973657	17.517112632233978	33.53038788633064	0.0
36.0	27.606598194833488	15.603278348376387	18.456271397447868	38.333852059342256	0.0
37.0	34.93150684931507	18.72146118721461	17.507264425072645	28.839767538397677	0.0
38.0	32.50259605399792	19.252336448598133	16.448598130841123	31.796469366562825	0.0
39.0	35.991692627206646	17.1858774662513	16.116303219106957	30.7061266874351	0.0
40.0	27.12727272727273	22.97142857142857	19.272727272727273	30.628571428571426	0.0
41.0	27.616369884411125	15.182755388940954	26.356346974903676	30.844527751744245	0.0
42.0	35.216847372810676	16.11759799833194	19.52668890742285	29.13886572143453	0.0
43.0	35.40229885057472	18.06687565308255	17.711598746081506	28.819226750261233	0.0
44.0	29.68357082984074	22.799664710813076	15.852891869237219	31.663872590108973	0.0
45.0	31.616516582473093	15.912585108719526	18.789808917197455	33.68108939160992	0.0
46.0	30.76582068048321	16.169788318740995	19.195389560013297	33.869001440762496	0.0
47.0	30.307743584046214	17.909121208754584	18.87568047994667	32.90745472725253	0.0
48.0	28.668297020898176	17.707870164517566	18.997332147621165	34.626500666963096	0.0
49.0	29.99444135630906	18.665925514174543	18.488048916064482	32.851584213451915	0.0
50.0	28.309232480533925	20.87875417130145	17.57508342602892	33.23692992213571	0.0
51.0	29.85091232754784	18.81397418780596	18.635959056519805	32.69915442812639	0.0
52.0	28.258208124652196	17.98553144129104	19.59933222036728	34.15692821368948	0.0
53.0	29.875333926981302	19.434550311665184	19.935440783615316	30.7546749777382	0.0
54.0	27.744955969234198	23.15237989075911	18.526362724333964	30.576301415672724	0.0
55.0	30.11927321368855	18.548656782967342	18.34801025526697	32.98405974807714	0.0
56.0	27.803790412486062	18.78483835005574	19.888517279821627	33.52285395763657	0.0
57.0	29.753540760566523	17.94357087097134	20.107059217129475	32.19582915133267	0.0
58.0	30.915987950463013	18.197032243668414	18.542898583063703	32.34408122280487	0.0
59.0	28.957356552801965	18.30765795936593	21.07613306541639	31.658852422415716	0.0
60.0	29.682610639248995	17.847563701385784	20.071524362986143	32.39830129637908	0.0
61.0	29.856919293539015	18.086295551084284	20.154258886653253	31.902526268723452	0.0
62.0	28.44846858931366	19.539458976078695	20.914375139727255	31.097697294880394	0.0
63.0	32.17041261321704	17.68981326176898	19.445376271944536	30.69439785306944	0.0
64.0	27.74669948534348	18.236742000447528	22.376370552696354	31.640187961512645	0.0
65.0	30.318970341354223	18.55623950755456	19.127028539451597	31.997761611639618	0.0
66.0	29.25109145863652	16.937199149221986	21.123922534422928	32.68778685771857	0.0
67.0	28.66898018582783	18.582782939661925	18.885033023620284	33.86320385088996	0.0
68.0	26.780913978494624	18.80600358422939	20.519713261648747	33.89336917562724	0.0
69.0	27.610936799641415	20.12550425818019	20.562528014343343	31.70103092783505	0.0
70.0	26.92911619560341	19.885598923283982	19.68371467025572	33.50157021085688	0.0
71.0	29.073159784560143	18.50314183123878	20.66876122082585	31.754937163375224	0.0
72.0	28.46231607323374	18.81388296079973	21.183870605413905	31.53993036055262	0.0
73.0	28.97427255364566	17.413773733288394	20.694304010785306	32.91764970228064	0.0
74.0	28.47027087782398	18.051028436551647	21.883781049792063	31.5949196358323	0.0
75.0	29.028995279838167	18.329961789166106	22.387053270397843	30.253989660597885	0.0
76.0	30.039347948285556	18.54974704890388	18.77459246767847	32.63631253513209	0.0
77.0	28.378682257701822	19.361367213852034	18.90038228018889	33.359568248257254	0.0
78.0	29.093567251461987	18.79217273954116	19.084570400359873	33.02968960863698	0.0
79.0	28.736924980317173	20.16646046563941	17.78202676864245	33.31458778540097	0.0
80.0	29.062042562774465	17.39668956198626	20.853507487895506	32.687760387343765	0.0
81.0	26.774847870182555	17.94004958305161	19.731800766283524	35.55330178048231	0.0
82.0	29.231462700022536	17.635789948163175	20.70092404778003	32.43182330403426	0.0
83.0	28.671249859123183	17.908261016567113	22.055674518201286	31.36481460610842	0.0
84.0	27.33829163849448	17.748478701825558	20.655848546315077	34.257381113364886	0.0
85.0	29.331529703528354	17.190846578739713	20.640288580768797	32.837335136963134	0.0
86.0	30.84650112866817	17.178329571106094	19.954853273137697	32.020316027088036	0.0
87.0	32.10294615645107	17.372163901117506	21.582571396320127	28.942318546111302	0.0
88.0	31.093291167833748	19.019652134628416	17.381974248927037	32.50508244861079	0.0
89.0	30.84481590241699	17.167381974248926	18.56787892477976	33.41992319855432	0.0
90.0	30.01242516661019	16.50288037953236	19.46232915395911	34.02236529989834	0.0
91.0	28.88135593220339	19.423728813559322	17.084745762711865	34.610169491525426	0.0
92.0	28.82007233273056	17.292043399638338	18.365732368896925	35.52215189873418	0.0
93.0	32.32734260201198	17.508760031649146	18.446931163106136	31.716966203232733	0.0
94.0	30.549276672694393	17.755424954792044	19.111663652802893	32.583634719710666	0.0
95.0	30.801401605063866	16.468859500395613	20.628461625409745	32.101277269130776	0.0
96.0	29.818017407030634	16.60449870012434	19.837232960325537	33.7402509325195	0.0
97.0	29.62586187408161	17.87046456425907	20.628461625409745	31.875211936249574	0.0
98.0	31.019669907302738	19.6699073027357	18.211621071670812	31.09880171829075	0.0
99.0	30.35613340870548	18.609383832673824	19.909553420011306	31.124929338609387	0.0
100.0	31.400363141171127	16.13708579210168	18.92873354516568	33.53381752156151	0.0
101.0	32.224247948951685	18.42525068368277	18.86964448495898	30.480856882406567	0.0
102.0	31.186363116348243	17.686763528200437	19.72314380505663	31.403729550394694	0.0
103.0	30.012624813497073	19.97015953173419	18.042006197635715	31.97520945713302	0.0
104.0	28.426746461042697	18.137875474738173	19.41535274484981	34.02002531936932	0.0
105.0	30.386037910309753	17.591308368007397	19.232547387887195	32.790106333795656	0.0
106.0	31.5521038599745	18.986901588037554	17.56114524168309	31.899849310304855	0.0
107.0	29.80255516840883	18.26945412311266	19.14053426248548	32.78745644599303	0.0
108.0	33.35665150985193	17.88504138976332	16.998950682056662	31.75935641832809	0.0
109.0	28.474576271186443	17.72063120981882	20.853302162478084	32.95149035651666	0.0
110.0	26.836985819758585	19.102308683932968	19.360131255127154	34.7005742411813	0.0
111.0	31.105882352941176	18.91764705882353	19.305882352941175	30.670588235294115	0.0
112.0	28.938679245283016	18.30188679245283	19.44575471698113	33.31367924528302	0.0
113.0	29.516931091641013	18.29268292682927	17.72436656405399	34.46601941747573	0.0
114.0	31.026706231454003	17.40059347181009	19.240356083086052	32.33234421364985	0.0
115.0	26.62298987492555	20.571768910065515	18.30851697438952	34.496724240619415	0.0
116.0	29.333014582835286	17.905809227826918	18.53932584269663	34.22185034664116	0.0
117.0	29.62073931829093	18.518963034085452	20.31925108017283	31.541046567450792	0.0
118.0	29.43655189019986	16.963640741632556	20.768119431736096	32.8316879364315	0.0
119.0	26.111111111111114	18.647342995169083	24.106280193236714	31.13526570048309	0.0
120.0	26.91375968992248	21.426841085271317	20.4093992248062	31.25	0.0
121.0	30.245562849501578	18.830537320690492	18.46584001945052	32.458059810357405	0.0
122.0	27.176298463789323	17.495732748110218	19.55620580346257	35.771762984637895	0.0
123.0	29.320459545343436	17.41627963823026	19.481789293571254	33.78147152285505	0.0
124.0	31.04294478527607	17.202453987730063	20.736196319018404	31.018404907975462	0.0
125.0	27.6142382066757	17.871659071314202	18.85700209385392	35.65710062815617	0.0
126.0	30.17166851920464	19.13054217611461	18.648882302087195	32.04890700259355	0.0
127.0	29.55811362792425	17.26698848867434	20.262408713949746	32.91248916945166	0.0
128.0	29.848145382125963	17.37615135673388	19.84067712223052	32.935026138909635	0.0
129.0	30.228492945436386	17.89237108253215	18.928705206642526	32.95043076538894	0.0
130.0	29.419144398444363	18.855852465186302	17.036758248651363	34.68824488771798	0.0
131.0	30.152335389651263	19.224474379957197	19.652524235175626	30.970665995215914	0.0
132.0	30.107526881720432	16.44528779253637	21.96078431372549	31.486401012017712	0.0
133.0	28.95939086294416	19.9746192893401	19.1751269035533	31.890862944162436	0.0
134.0	27.327212445804644	20.122417750573835	19.33180311145116	33.21856669217036	0.0
135.0	28.99014463074363	17.16370152310252	21.528222193779598	32.31793165237425	0.0
136.0	28.14748201438849	17.61305241521069	19.578622816032887	34.660842754367934	0.0
137.0	29.50290510006456	16.229825693996126	19.05745642349903	35.20981278244029	0.0
138.0	28.497342149617527	17.801115000648256	19.62919745883573	34.072345390898484	0.0
139.0	30.151081010679864	18.559520708517844	18.754884084396977	32.53451419640531	0.0
140.0	28.791639451338995	18.249510124101896	20.888308295231877	32.07054212932724	0.0
141.0	29.98294187114552	17.92415693478546	19.787429471198006	32.30547172287102	0.0
142.0	32.04267088107468	17.371263005399708	17.96391413143685	32.622151982088766	0.0
143.0	33.39944466481555	19.55573185243951	18.74917360835647	28.295649874388467	0.0
144.0	30.627159181504123	18.336433696518736	17.93781557268137	33.098591549295776	0.0
145.0	29.86111111111111	18.870192307692307	18.215811965811966	33.05288461538461	0.0
146.0	29.834921487048717	19.581264259830895	16.96416588377399	33.61964836934639	0.0
147.0	29.399054692775152	17.974341661039837	17.960837272113437	34.66576637407157	0.0
148.0	29.42133080363193	18.99986448028188	19.785878845372	31.79292587071419	0.0
149.0	30.478658120823678	18.84631119596345	17.755352516023457	32.91967816718942	0.0
150.0	27.76635129576306	18.181818181818183	19.690113807760866	34.361716714657895	0.0
151.0	29.474118942731277	19.259361233480178	20.580947136563875	30.68557268722467	0.0
152.0	29.202436998061476	18.5267238991969	17.363611188036554	34.90722791470507	0.0
153.0	31.026319454115026	18.353989695028545	19.468040662860325	31.1516501879961	0.0
154.0	30.707778556412052	18.121934127540296	19.06096706377015	32.109320252277506	0.0
155.0	28.847237880496053	20.335400225479145	17.841037204058622	32.97632468996618	0.0
156.0	31.56404812455768	16.88605803255485	19.476291578202407	32.07360226468507	0.0
157.0	30.982511019479595	18.996160955495522	19.394284089293333	30.627043935731553	0.0
158.0	27.811919394026013	19.92282406745748	19.265399456910103	32.99985708160641	0.0
159.0	33.046100818612665	15.108430274307052	19.962659773086315	31.882809133993966	0.0
160.0	27.368421052631582	18.71665465032444	20.865176640230715	33.04974765681327	0.0
161.0	30.385619020005798	16.541026384459265	20.02029573789504	33.0530588576399	0.0
162.0	30.78605804287589	17.719119148315592	20.285839288318506	31.20898352049001	0.0
163.0	28.8543347513569	17.735074079507115	19.979463106938535	33.431128062197445	0.0
164.0	27.94573071818316	17.26883940421767	19.09747824804601	35.68795162955316	0.0
165.0	28.03198578409596	17.38486598548793	21.07211609654968	33.51103213386643	0.0
166.0	27.219991075412764	19.589468987059348	20.437304774654173	32.753235162873715	0.0
167.0	27.8465900611849	17.594388897179524	21.66840770034323	32.890613341292344	0.0
168.0	30.38657476775547	17.635600839077014	19.328738387773452	32.64908600539407	0.0
169.0	27.38220683426163	18.83185307842842	20.261929850970947	33.524010236339	0.0
170.0	28.277634961439592	17.32950249508544	18.59972780886133	35.79313473461364	0.0
171.0	29.278663629460894	16.461655277145027	18.83067577828398	35.4290053151101	0.0
172.0	28.719987765713412	19.314879951062856	17.57149411224958	34.39363817097416	0.0
173.0	28.758471965495996	16.574245224892177	18.776956253850894	35.890326555760936	0.0
174.0	30.670382412138103	18.64065644836662	18.934819631521908	31.754141507973372	0.0
175.0	28.958852867830426	17.565461346633416	20.885286783042396	32.59039900249376	0.0
176.0	28.436911487758948	17.231638418079097	18.3458882611425	35.98556183301946	0.0
177.0	26.50260293421675	19.466792869537784	19.65609717621076	34.374507020034706	0.0
178.0	26.88955791475202	19.521470448423386	20.74156235144985	32.84740928537474	0.0
179.0	28.505269881826894	16.480357713190674	22.037687639731715	32.97668476525072	0.0
180.0	28.71159723339231	16.294032491555413	20.041820813897377	34.952549461154895	0.0
181.0	29.388879883287405	17.490679202463934	18.787485816177664	34.332955098071	0.0
182.0	29.034369885433716	17.18494271685761	20.7037643207856	33.07692307692307	0.0
183.0	29.270301433042334	20.5238016801186	19.716685883709438	30.489211003129636	0.0
184.0	31.661962477170846	19.890420056450274	17.84824838120538	30.5993690851735	0.0
185.0	28.59769346481698	19.973257563095437	20.173825839879658	31.25522313220792	0.0
186.0	28.573836817262304	18.341200269723533	20.71813890761969	32.36682400539447	0.0
187.0	30.783613802481728	21.87659357470678	16.91313955464899	30.4266530681625	0.0
188.0	30.145672664952873	17.68637532133676	18.303341902313626	33.86461011139674	0.0
189.0	29.617448502683054	19.02371473082915	19.73342565345335	31.625411113034446	0.0
190.0	31.28823632232127	17.898968711763676	17.829050865233352	32.9837441006817	0.0
191.0	28.440366972477065	18.7014820042343	19.07198306280875	33.78616796047989	0.0
192.0	32.2724039829303	17.940967283072546	18.43883357041252	31.347795163584635	0.0
193.0	31.483801682477182	17.25434043314838	18.91891891891892	32.34293896545552	0.0
194.0	29.646337062432337	18.856008661133163	20.19126669072537	31.30638758570913	0.0
195.0	29.87604812249362	19.13962814436748	20.17863652934743	30.80568720379147	0.0
196.0	30.132450331125828	19.812362030905078	18.432671081677704	31.62251655629139	0.0
197.0	28.470413100111646	20.13397841458876	20.04093784890212	31.35467063639747	0.0
198.0	28.6933434477527	21.543713256210886	19.476578797648397	30.286364498388014	0.0
199.0	28.682479569463826	21.12816424157863	19.214670121586604	30.97468606737094	0.0
200.0	25.105485232067508	18.120018752930143	21.237693389592124	35.53680262541022	0.0
201.0	30.807743658210946	17.456608811749	19.72630173564753	32.00934579439252	0.0
202.0	30.34274193548387	18.581989247311828	20.396505376344088	30.678763440860212	0.0
203.0	29.055198103623436	19.607179139857774	20.3860480866915	30.95157466982729	0.0
204.0	31.602323197813458	18.653911855141782	21.89955585924154	27.84420908780321	0.0
205.0	28.970994475138124	17.36878453038674	23.86049723756906	29.799723756906076	0.0
206.0	29.940745904496342	21.680027884280236	19.205298013245034	29.173928197978388	0.0
207.0	29.940329940329942	18.35731835731836	20.182520182520182	31.51983151983152	0.0
208.0	28.69257950530035	16.537102473498233	22.897526501766784	31.872791519434628	0.0
209.0	26.742532005689903	18.421052631578945	19.950213371266003	34.88620199146515	0.0
210.0	28.090290218559655	18.237190970978144	19.312074525259764	34.36044428520243	0.0
211.0	29.679047962495492	18.71619184998197	20.411107104219255	31.19365308330328	0.0
212.0	25.655021834061138	17.540029112081516	23.94468704512373	32.86026200873363	0.0
213.0	29.45280940139552	19.757620271759087	17.994858611825194	32.7947117150202	0.0
214.0	30.33791310805793	21.574452283698477	19.123653917564056	28.96398069067954	0.0
215.0	26.832018038331455	20.14280345734686	18.940248027057496	34.08493047726419	0.0
216.0	29.78723404255319	17.439209726443767	21.808510638297875	30.965045592705167	0.0
217.0	26.287262872628723	20.518776616337593	24.119241192411923	29.074719318621757	0.0
218.0	27.225548902195605	19.920159680638722	17.684630738522955	35.169660678642714	0.0
219.0	23.049801674746583	22.47686205376818	24.592331423534596	29.88100484795064	0.0
220.0	14.465826144658262	24.35301924353019	21.366954213669544	39.814200398142	0.0
