# Position (bp)	A	C	G	T	N
0.0	27.087471983549527	24.191412635684543	23.412441578687176	25.30849182784024	1.819742385136344E-4
1.0	27.10875995256854	20.40308280319449	15.208527992902205	37.279387500770575	2.4175056418537915E-4
2.0	28.348875354554238	19.78000488583865	18.088493849980686	33.78226488706613	3.610225602997932E-4
3.0	23.79058768764157	22.293354321035054	15.271312435213268	38.64252601067301	0.002219545437094483
4.0	34.267413357288596	13.726054692539623	14.48461145169845	37.52054673426383	0.0013737642095002366
5.0	36.472065585070325	15.0516162231104	22.66963768768384	25.801910333917878	0.004770170217561502
6.0	32.781873795821284	17.556828902312795	20.012713627330015	29.6482265501727	3.571243632026199E-4
7.0	35.90330242920586	16.55540903448026	20.061435844469496	27.479080138180134	7.725536642517431E-4
8.0	23.0025533249351	27.25019555297392	22.564348361661047	27.182783973505764	1.187869241729609E-4
9.0	28.90409568288393	18.300414192858216	16.08934740136576	36.70525224089794	8.904819941572509E-4
10.0	26.38358503991165	17.047980027262525	25.46191702910871	31.10461890324415	0.0018990004729698053
11.0	28.262174648635952	18.797472409350092	19.97981866459119	32.9604749554492	5.932197357087434E-5
12.0	26.589045555653733	20.091193142901872	21.13631471300371	32.183387287398354	5.930104233442111E-5
13.0	27.001387903246364	21.990410958091964	18.625649708872324	32.382254995947754	2.964338415987981E-4
14.0	31.639984656584357	18.338938897277966	20.764360589239335	29.256537996593384	1.7786030495927887E-4
15.0	29.839267642408302	19.256994504709443	19.696546605032143	31.206954100776834	2.3714707327903854E-4
16.0	30.282554809135142	17.648485193426048	19.183004617846382	32.88583680605579	1.1857353663951927E-4
17.0	30.124733431867945	18.33538169117878	20.58157948250951	30.957712526760567	5.928676831975962E-4
18.0	31.11660106585752	18.54733188792192	18.422473953840505	31.91359309238005	0.0
19.0	30.604244814038157	18.430181233722077	19.772492955249753	31.19278456314841	2.964338415987981E-4
20.0	30.52480054448968	18.208745154047776	19.039708498817525	32.226034361425185	7.114412198371155E-4
21.0	29.952327509594078	17.61048237493308	19.44297709692853	32.99379801116607	4.150073782383174E-4
22.0	28.85196508957934	19.26547251257917	19.791820441721995	32.09062338258285	1.1857353663951927E-4
23.0	30.058035817508213	17.833934204730255	20.507945316256375	31.598306058455567	0.0017786030495927888
24.0	30.907970928140287	18.13866819389382	19.32683431779012	31.626289413102494	2.3714707327903854E-4
25.0	29.271003968063404	18.472867706912304	19.447245744247553	32.80834899986186	5.335809148778367E-4
26.0	31.90375148883897	18.304078277505948	20.039579846530273	29.75217537974657	4.150073782383174E-4
27.0	29.24551065768591	18.2373213763779	20.386822448579103	32.130108370283814	2.3714707327903854E-4
28.0	30.115840416619978	18.159655709879015	19.89213365371903	31.831895925635422	4.742941465580771E-4
29.0	29.76338057895901	18.354472030577742	19.74842252731193	32.133547002846356	1.7786030495927887E-4
30.0	29.809722902380862	18.55738253083836	19.730858754797836	31.900672200951206	0.0013636110317318216
31.0	30.200323239701326	18.56387185668363	19.76185083780268	31.47146395806184	0.0024901077505196617
32.0	28.929160505567815	18.707704822198693	20.00773126502231	32.35492909647362	4.7431073756505464E-4
33.0	29.730029384072836	18.72926335860664	19.68341566723664	31.857291590083886	0.0
34.0	29.692546224790185	18.09248811955449	19.633106940314658	32.580317147863	0.0015415674776695057
35.0	29.9370054147198	17.70100937407407	19.711325783958678	32.65012502130201	5.344059454442784E-4
36.0	30.632755742739526	17.629423260842447	19.233766773789227	32.503757209982005	2.9701264679850064E-4
37.0	29.302079588301538	18.893798078780115	19.025543964321052	32.77756813853225	0.0010102300650409886
38.0	30.36301687887884	18.632282290048472	19.641531161807396	31.36299131472858	1.7835453671517315E-4
39.0	29.169855289106394	18.9449993870704	19.958356491757584	31.926134247054666	6.545850109553727E-4
40.0	30.078142245375478	18.80604280939807	19.628869079224472	31.48521573535922	0.0017301306427614316
41.0	29.780916968446704	18.311420242393556	20.859359430349407	31.04746549653215	8.378622781834427E-4
42.0	29.341430852218682	18.382671341572397	19.529886489994254	32.745411559236196	5.99756978472323E-4
43.0	28.961973513148504	18.72355099716195	20.278590155503917	32.03546479353857	4.20540647055855E-4
44.0	29.272378394282857	18.765317106601948	20.50532236548775	31.456681282036936	3.0085159051210355E-4
45.0	29.079527028126318	18.525635579304982	19.988924701831642	32.40512934538239	7.833453546716608E-4
46.0	30.199102965883146	17.57058789818331	19.45013678714593	32.779810398236094	3.6195055152215286E-4
47.0	29.357264699222586	18.094527888897275	20.13525549098045	32.41258962940599	3.6229149369763756E-4
48.0	29.711608139544023	18.238366144099835	19.208153807380565	32.84084446348912	0.001027445486462197
49.0	29.42758090766634	17.467948524028778	20.176426812519285	32.9278017436971	2.4201208850382078E-4
50.0	29.647200316676496	19.008409749320002	19.78409743258046	31.55962568644056	6.668149824839828E-4
51.0	29.904933577567437	18.596030952537333	19.16976216366118	32.32860433831775	6.689679162987343E-4
52.0	29.975648215922	17.84181779444506	20.128590117778632	32.053821777173546	1.2209468076209058E-4
53.0	30.975123256520586	17.73742195387315	19.851528576889525	31.43592621271674	0.0
54.0	30.15861407799806	18.35013089809614	19.643195142635903	31.847260972701907	7.989085679871192E-4
55.0	28.90497453106655	18.5942627876233	18.404439883764287	34.09619953591998	1.2326162588247622E-4
56.0	29.142746995573987	18.77973226443397	20.441155755672145	31.635870733690346	4.942506295517394E-4
57.0	27.83681270797021	18.620018618285535	20.147176061638408	33.39599261210584	0.0
58.0	30.41005046565074	18.465045498461475	21.8801896585724	29.24440431556349	3.1006175189850807E-4
59.0	29.851107004879847	20.315593005931117	21.035764390690645	28.797411334606625	1.2426389177112081E-4
60.0	31.255397122282435	19.08877261495481	19.55337683844832	30.1020172932209	4.361310935301821E-4
61.0	29.073692398892437	20.915989864856417	19.886154723522186	30.121286552925607	0.0028764598033502
62.0	31.221919936350282	16.46031413849469	21.953935655215627	30.363076126391945	7.5414354745354E-4
63.0	26.400539851351144	20.106300626875186	25.680506154912546	27.81252687872824	1.2648813288337288E-4
64.0	26.058400610821742	19.498615034174357	19.052895713376603	35.38907145304753	0.0010171885797695178
65.0	27.41195025447497	19.413809350588576	18.96150175073408	34.21146003614625	0.0012786080561257792
66.0	26.36510230959494	19.59795702033343	17.044168192476953	36.98923902219652	0.0035334553981561786
67.0	33.2614497111738	14.110696902997798	18.346792944167156	34.27886453586302	0.002195905798224675
68.0	34.036311788565726	15.592177790812464	22.884845517129413	27.484635507362125	0.0020293961302689017
69.0	31.93180275781742	17.2784488931889	20.52209042105425	30.26739047728575	2.674506536828289E-4
70.0	32.44543347801906	16.11184617122416	22.273688421328302	29.168816087959716	2.1584146875802663E-4
71.0	25.508043877010973	19.518817379704345	26.20404405101101	28.76891344222836	1.8125004531251133E-4
