# Position (bp)	A	C	G	T	N
0.0	28.423032796204613	23.99301284767801	18.87771449834107	28.706239857776307	0.0
1.0	27.024568729392552	20.896340013850274	14.146916247196353	37.93217500956082	0.0
2.0	28.219781128253885	19.908235075282374	18.343684444398516	33.528299352065225	0.0
3.0	24.090298584564522	22.917656782725487	14.979853290629197	38.01219134208079	0.0
4.0	33.44316820228897	13.708011403545015	15.346238069660787	37.50258232450523	0.0
5.0	35.87858006011093	15.78066741719255	22.4166244926204	25.924128030076123	0.0
6.0	32.19106635682933	17.81048282984766	20.61967467079783	29.378776142525176	0.0
7.0	34.29483207336721	17.455694633783615	20.47651505762796	27.772958235221218	0.0
8.0	24.548975060670212	25.610574688903803	21.28362678783498	28.55682346259101	0.0
9.0	29.593638663706308	18.060618577993495	15.57597975938452	36.76976299891568	0.0
10.0	27.67319627017482	17.056825105069134	24.381202176763974	30.88877644799207	0.0
11.0	28.73531173202817	19.012659273485742	18.2031266133862	34.048902381099886	0.0
12.0	26.965132006897193	19.672486603132647	20.992039318127844	32.37034207184231	0.0
13.0	26.656341954468022	21.41242062877497	18.214857260853854	33.71638015590315	0.0
14.0	31.85389372399624	17.761534570157238	19.53521024973932	30.849361456107204	0.0
15.0	30.805041444305665	17.812277423949958	19.541273986601567	31.84140714514281	0.0
16.0	30.824568827603287	16.820626090187538	18.57111893236451	33.78368614984467	0.0
17.0	29.889885344534	17.987801731700017	19.237556631131383	32.8847562926346	0.0
18.0	31.643740906229684	17.862486714066065	19.033712734890152	31.4600596448141	0.0
19.0	30.01227854762322	18.99563544063477	19.12151634904093	31.870569662701076	0.0
20.0	30.86159940579351	17.890154328629198	18.93826854832054	32.30997771725675	0.0
21.0	30.136887385110533	17.635468996606182	19.053857500954187	33.173786117329094	0.0
22.0	29.67600854074907	18.19241441199831	19.293015771504017	32.83856127574861	0.0
23.0	29.905722655444155	17.580558649997936	19.371209308082683	33.14250938647522	0.0
24.0	30.98401237751418	17.77720474471377	18.99948427024239	32.239298607529655	0.0
25.0	29.112305201167505	18.589300632225992	19.141080250415126	33.15731391619138	0.0
26.0	30.50235656900055	17.822262099976278	20.02928952280767	31.646091808215505	0.0
27.0	29.754034961068427	18.27050997782705	19.702985613365648	32.27246944773888	0.0
28.0	30.32546819569342	17.944064021120372	18.68038940681462	33.05007837637159	0.0
29.0	30.227905537795195	18.12931834588017	19.26265855419202	32.38011756213262	0.0
30.0	30.144784061378544	18.179474487480924	18.827084106752466	32.84865734438807	0.0
31.0	29.97854918218757	18.095002371965432	18.953035084462595	32.9734133613844	0.0
32.0	29.770425527526246	18.262824611703554	19.62418266949939	32.3425671912708	0.0
33.0	30.55930857372704	18.377871058901185	18.71306428490393	32.34975608246785	0.0
34.0	30.31787615000619	17.70803250959198	18.966335244853337	33.007756095548494	0.0
35.0	30.818420916920218	17.50399669949977	19.63488216182765	32.042700221752355	0.0
36.0	30.19700876740588	17.82568334192883	19.030428055698813	32.946879834966474	0.0
37.0	29.275789864565176	18.840191032213475	18.822655677844597	33.06136342537675	0.0
38.0	29.994223350044358	18.980421282828907	19.167130861752387	31.85822450537435	0.0
39.0	29.3178324960543	18.548395415768354	19.638749342383512	32.49502274579383	0.0
40.0	30.53466613024686	18.102105447755807	19.55972312485171	31.80350529714563	0.0
41.0	30.032598155522088	18.395262951577294	19.544451092450846	32.02768780044977	0.0
42.0	30.06901389562293	18.26237659510816	20.36374139905299	31.30486811021591	0.0
43.0	30.312064785681127	18.426780832516634	19.39753443028834	31.8636199515139	0.0
44.0	30.269673585606405	18.340692444187678	20.18528452936079	31.20434944084513	0.0
45.0	30.71471310376132	18.384674108156066	19.77840592568139	31.12220686240122	0.0
46.0	30.217779290850384	18.286857932798945	19.25556827912063	32.239794497230044	0.0
47.0	29.58205659929638	18.60884995924768	19.832451226180527	31.976642215275415	0.0
48.0	30.462414625590657	18.13548480283928	19.17132657903968	32.23077399253038	0.0
49.0	29.67086256706562	18.44614114733801	19.267437061494018	32.615559224102356	0.0
50.0	29.40763746298379	18.500366292807247	19.94593311802883	32.14606312618014	0.0
51.0	30.710733227397487	17.744598303650662	19.36562312978517	32.179045339166684	0.0
52.0	30.161072301961557	17.48991363387781	19.54536543085035	32.80364863331029	0.0
53.0	30.643263992075287	17.899744097738154	19.03789004457652	32.41910186561004	0.0
54.0	30.33670763293399	18.09739033526298	19.83613493070819	31.72976710109484	0.0
55.0	30.011247897468706	18.005923204722052	18.880988989443487	33.101839908365754	0.0
56.0	30.030132293150064	17.847192124326668	19.433265226095394	32.68941035642788	0.0
57.0	29.35379344505903	17.610212168744326	19.794848509865435	33.24114587633121	0.0
58.0	29.48752347732761	17.95628573197664	19.636333615405256	32.9198571752905	0.0
59.0	29.963571067378048	18.088564617496207	19.837772572006482	32.11009174311927	0.0
60.0	29.50980392156863	18.40454076367389	19.202270381836943	32.883384932920535	0.0
61.0	29.314633063975148	17.927283610431697	19.376244878582412	33.38183844701074	0.0
62.0	29.878426354029063	17.843873844121532	19.290785997357993	32.986913804491415	0.0
63.0	29.500583117459467	17.445016667870743	19.8321860196299	33.22221419503989	0.0
64.0	29.571257534472796	18.372760300553214	19.76715382709933	32.28882833787466	0.0
65.0	30.014656400305512	18.09239725037673	19.609644324257374	32.28330202506038	0.0
66.0	30.277132683077873	17.83454611136915	20.054704030551683	31.83361717500129	0.0
67.0	29.61510275280493	17.449913813568944	20.027249362633277	32.907734070992845	0.0
68.0	29.79727079419476	17.674807489832574	19.770226470406076	32.75769524556659	0.0
69.0	29.503695445724432	17.340724224782196	20.58920682109088	32.5663735084025	0.0
70.0	29.116602667327307	17.23440274164912	20.06069614765267	33.58829844337091	0.0
71.0	30.825290322580646	17.32748387096774	19.67277419354839	32.174451612903226	0.0
72.0	29.72303372526349	18.74038669983793	19.55383964241104	31.982739932487537	0.0
73.0	29.44315976380229	18.310484370483547	18.74199942189371	33.504356443820456	0.0
74.0	30.383523460486245	17.84855210860476	19.692355339906054	32.07556909100294	0.0
75.0	29.965002116391194	18.196834704685998	19.3582688952438	32.47989428367901	0.0
76.0	30.665909560189963	17.67396241998761	18.508156101589922	33.1519719182325	0.0
77.0	30.478550410407312	17.279438335656394	20.097052294667286	32.14495895926901	0.0
78.0	30.45740836344863	18.20650490449148	18.46670108415075	32.86938564790914	0.0
79.0	30.22232778116255	17.836821941573128	19.301108024659484	32.63974225260483	0.0
80.0	29.99493974161701	18.36150898970392	19.73294228207326	31.910608986605805	0.0
81.0	31.363617583870436	17.635514790943645	18.612626012229384	32.388241612956534	0.0
82.0	30.600946144152708	18.27524944739397	19.07781932365154	32.045985084801785	0.0
83.0	30.926163127014295	18.090447070490043	18.308404264110404	32.67498553838526	0.0
84.0	28.81979236609679	17.794535406229016	19.992768968545015	33.39290325912918	0.0
85.0	28.873530444843905	17.603669497303663	19.028285708382406	34.49451434947003	0.0
86.0	30.661542117389374	16.72090836768641	23.176187376664704	29.441362138259514	0.0
87.0	30.32090755052279	20.369260652146963	20.530437657560853	28.779394139769394	0.0
88.0	32.44164781004928	18.123017472076707	18.75949288614736	30.675841831726647	0.0
89.0	28.178474001818632	23.813755476564438	18.66061833512441	29.34715218649252	0.0
90.0	33.7535650808085	14.658165585086596	19.672012565618154	31.91625676848675	0.0
91.0	27.271693862577116	20.9110543883762	27.111515289303174	24.70573645974351	0.0
92.0	25.89809838776354	19.75816453079785	17.64468788755684	36.69904919388177	0.0
93.0	27.805165410969522	19.458655008836388	18.473733709525728	34.262445870668365	0.0
94.0	23.670339210781982	21.92570849783988	16.99051202017488	37.41344027120326	0.0
95.0	33.7450643954272	13.915820809129059	16.155706695884067	36.18340809955967	0.0
96.0	35.3050041356493	15.21298593879239	23.10070306038048	26.381306865177834	0.0
97.0	30.6929464442675	17.104950208369956	20.956950663371355	31.24515268399119	0.0
98.0	35.13379327465117	13.282098490882197	22.172343528584285	29.411764705882355	0.0
99.0	26.942769370804413	17.773249619876086	25.680861407337684	29.603119601981813	0.0
