# Position (bp)	A	C	G	T	N
0.0	33.95075545607163	9.96082820369334	34.34806939003917	21.723559037493004	0.016787912702853944
1.0	31.16941110801005	17.20346078704996	25.76053586380128	25.861010326542004	0.0055819145967066705
2.0	32.24737432446212	18.3899255633731	26.781890486387272	22.575711226674823	0.005098399102681758
3.0	29.720732383946736	18.568522285925653	29.35084150175698	22.35528019234326	0.0046236360273719255
4.0	29.511207580247945	18.136661518554074	26.393121008473514	25.959009892724467	0.0
5.0	30.25094534204194	18.536343149612314	25.613994881784503	25.598716626561245	0.0
6.0	25.023780165580412	21.148493922846573	26.147613175973227	27.68011273559979	0.0
7.0	23.749765287600926	21.458972272641923	26.32847217875696	28.462790261000187	0.0
8.0	24.81041968162084	18.943560057887122	27.293777134587554	28.952243125904488	0.0
9.0	25.69187068848911	20.638441769241176	26.284323008251047	27.385364534018663	0.0
10.0	27.295866935483872	22.139616935483872	24.372479838709676	26.19203629032258	0.0
11.0	27.185979938092025	19.11466939744455	26.818255870784558	26.881094793678873	0.0
12.0	29.339734836805707	20.990617980002643	22.668810289389068	27.000836893802582	0.0
13.0	27.411478702039954	20.55596659972519	24.754254307155694	27.27830039107917	0.0
14.0	27.769117081367806	19.09784787318041	25.59269532119936	27.540339724252423	0.0
15.0	25.5743769470405	18.383956386292834	26.921728971962615	29.119937694704053	0.0
16.0	23.848550025958616	19.3651264555366	26.713268560409404	30.07305495809538	0.0
17.0	23.87204668374609	18.73398804440649	26.442855109592937	30.951110162254487	0.0
18.0	24.647346785610726	20.91186654613062	26.032374162075495	28.408412506183154	0.0
19.0	23.96773605843285	19.755867300462096	24.297331765407357	31.9790648756977	0.0
20.0	24.772905502548685	18.807998954385045	27.004639916350804	29.414455626715462	0.0
21.0	27.91036559696901	17.776302580874972	25.9172306596289	28.39610116252712	0.0
22.0	27.28729627077357	19.035561467331206	23.687879613455344	29.98926264843988	0.0
23.0	26.792801695968887	19.184851044837973	24.500693370738162	29.521653888454978	0.0
24.0	25.736245699315045	16.9533789968751	23.681386319876268	33.62898898393359	0.0
25.0	26.342812006319114	17.347551342812007	28.072669826224327	28.23696682464455	0.0
26.0	24.832896721441614	19.507819322060808	25.912518853695328	29.746765102802254	0.0
27.0	24.59777177691897	17.699658813446955	25.63911841275488	32.0634509968792	0.0
28.0	26.114961271911945	18.203016714227477	25.932327761924174	29.749694251936404	0.0
29.0	25.29641693811075	19.237785016286647	24.532573289902277	30.93322475570033	0.0
30.0	25.96224036100604	19.088857920233593	24.65989780343752	30.289003915322848	0.0
31.0	24.83230502832742	18.539750853184945	27.982784997394212	28.64515912109342	0.0
32.0	24.688901628840252	18.323609752807474	24.149327218156678	32.838161400195595	0.0
33.0	24.817022432795014	18.33681457707134	26.471037750267463	30.375125239866186	0.0
34.0	24.794337423733463	17.44875574141359	25.077123466099955	32.679783368753	0.0
35.0	25.421499047948764	18.350354855461312	25.36610697593907	30.86203912065086	0.0
36.0	25.154285914089407	18.225843109145266	25.57212538680746	31.047745589957863	0.0
37.0	24.897687921928014	18.35496169855539	26.65185910664941	30.095491272867186	0.0
38.0	25.648929835008932	19.01776018495814	25.361684240025223	29.971625740007706	0.0
39.0	26.498138903099477	18.420449132958176	23.89789546104045	31.1835165029019	0.0
40.0	24.816506424496616	18.882510796353234	25.81172581705735	30.489256962092803	0.0
41.0	25.881995133819952	18.752683555173892	25.540289108344066	29.82503220266209	0.0
42.0	25.053808171607372	18.043372099332597	24.279693971676103	32.62312575738393	0.0
43.0	24.875676266462648	19.87175984115708	26.220012022514894	29.032551869865387	0.0
44.0	26.26761211897965	18.23740675937011	24.237959296436134	31.25702182521411	0.0
45.0	26.57659329646264	18.707546119297724	23.731487324152777	30.984373260086855	0.0
46.0	24.600572763584296	18.643077850629286	26.038133996533276	30.718215389253146	0.0
47.0	25.30436447166922	20.269908116385913	24.758805513016846	29.666921898928024	0.0
48.0	29.019463684556747	19.914483612583677	22.71408118252525	28.35197152033433	0.0
49.0	25.455326292775293	19.226189314228826	24.489038983348625	30.829445409647256	0.0
50.0	26.27864562683372	19.120212512885576	23.76694948854175	30.834192371738954	0.0
51.0	26.213768115942027	21.44927536231884	23.639291465378424	28.697665056360712	0.0
52.0	25.44088298782226	18.36028183928644	25.367572190770986	30.83126298212031	0.0
53.0	25.212912228857558	19.343717293603397	25.64386710172587	29.79950337581317	0.0
54.0	24.747349237905897	19.92213386348575	24.608598409542743	30.71984758117959	0.00207090788601723
55.0	25.104541272894537	18.9930584594798	25.32198712051518	30.58041314711048	0.0
56.0	24.151544094237504	20.68555661678871	24.266157274753265	30.896742014220525	0.0
57.0	24.634938385771736	19.656336695412804	23.723090819157402	31.985634099658057	0.0
58.0	24.421487603305785	19.480208786428882	24.38234014789039	31.715963462374948	0.0
59.0	23.433026472272385	21.16019909263093	24.437299035369776	30.96947539972691	0.0
60.0	25.986140724946694	18.432391613361762	24.28038379530917	31.301083866382374	0.0
61.0	25.08703712076683	20.466157254600535	25.663516751819866	28.78328887281277	0.0
62.0	25.31616568914956	19.959677419354836	24.83275293255132	29.89140395894428	0.0
63.0	25.83993697576347	18.337272348116223	24.16469715927522	31.65809351684508	0.0
64.0	22.809323724795192	19.797657331987512	26.5604093800615	30.832609563155795	0.0
65.0	25.198412698412696	18.53843947217441	24.61751768980685	31.645630139606045	0.0
66.0	26.590942187272464	18.85830784913354	23.43575554584729	31.11499441774671	0.0
67.0	25.298487337272302	17.931305008703326	26.50469489323102	30.26551276079335	0.0
68.0	25.55951106574722	19.998008414448954	24.185317035524907	30.25716348427892	0.0
69.0	28.830583948993016	18.434368990992812	22.39145835441757	30.3435887055966	0.0
70.0	26.9551817131116	19.15243354308463	23.703608578399898	30.18877616540388	0.0
71.0	26.786779001944268	20.248865845755024	21.998703823720025	30.965651328580684	0.0
72.0	27.204247639473756	16.93040043941098	23.960976120105666	31.9043758010096	0.0
73.0	26.280917561967108	18.86334239632553	24.13747591267851	30.71826412902885	0.0
74.0	27.539208364451085	18.71065827376507	23.927771257868347	29.822362103915502	0.0
75.0	26.73508624658128	18.698042189065504	23.55601288959896	31.01085867475426	0.0
76.0	28.276525563496424	18.232545354590435	23.87575590984057	29.615173172072566	0.0
77.0	27.377899197145407	18.44335414808207	25.02230151650312	29.156445138269405	0.0
78.0	26.59550111613531	18.52212237422014	23.722168164386698	31.160208345257857	0.0
79.0	28.09771584795837	19.20804303730488	23.69697504189082	28.991386659611372	0.005879413234559191
80.0	25.78155267471316	18.52182983161973	23.64476233050216	32.05185516316496	0.0
81.0	28.598807495741056	18.85191044049647	23.886590411292286	28.662691652470183	0.0
82.0	26.512692081748757	19.738428717187645	23.773304888229294	29.975574312834308	0.0
83.0	27.584567098880893	18.276638239863043	25.457312240433694	28.68148242082237	0.0
84.0	27.083738099863996	19.221553008224856	22.30749303801567	31.387215853895473	0.0
85.0	25.69937576378109	19.030947583974633	25.127984939062653	30.141691713181622	0.0
86.0	24.508320726172467	18.184568835098336	26.02790384938645	31.279206589342746	0.0
87.0	25.77564809707667	19.27399338113624	24.817291781577495	30.133066740209596	0.0
88.0	27.162152605897745	19.34445937345308	25.015911180255994	28.477476840393184	0.0
89.0	25.443851039260966	21.04503464203233	23.921045034642034	29.59006928406466	0.0
90.0	26.85466538204995	19.825094493441043	24.901800933817537	28.41843919069147	0.0
91.0	26.44986862648033	20.34956780015993	25.10186207684399	28.098701496515744	0.0
92.0	27.255375506388287	17.688532253038332	24.937675288251793	30.118416952321596	0.0
93.0	26.143168748760658	18.730914138409677	26.242316081697403	28.88360103113226	0.0
94.0	25.6836955650012	18.132969765017243	25.00200497233138	31.181329697650174	0.0
95.0	26.03357860075613	19.000772389121508	24.28554006260417	30.680108947518193	0.0
96.0	24.70262679662977	17.962167520237898	26.44969436642987	30.885511316702463	0.0
97.0	23.920628914953546	19.53588094337243	26.451423046201704	30.09206709547232	0.0
98.0	24.771508260030036	18.343703068011155	25.06758206393478	31.812915683329756	0.004290924694271615
99.0	25.405976323548828	18.21062359723628	25.595211899837167	30.788188179377723	0.0
100.0	26.88969827780026	18.49453662484824	26.017356895543863	28.598408201807636	0.0
101.0	26.428441864683478	18.587883185198624	25.063486305097044	29.92018864502086	0.0
102.0	28.405154496328116	19.749665142487647	23.731005496281927	28.114174864902314	0.0
103.0	25.71775360627422	20.470566266747582	26.072545632790252	27.739134494187944	0.0
104.0	25.547306301161242	19.341328764515513	24.371787549971444	30.7395773843518	0.0
105.0	23.23139898868288	19.816999759210212	25.52853359017578	31.418251866120876	0.004815795810257645
106.0	22.481566482738415	19.156208799257776	25.767859758777284	32.594364959226525	0.0
107.0	24.201564883617934	19.38388858816003	24.506667978938044	31.907878549283993	0.0
108.0	24.05285020769731	19.4134427706321	26.490165657374504	30.043541364296082	0.0
109.0	25.54940871948434	20.123839009287924	24.311018626605087	30.015733644622642	0.0
110.0	26.233379536937214	19.04101853277889	24.939678628266336	29.785923302017558	0.0
111.0	24.63235294117647	18.926056338028168	26.729494614747306	29.71209610604805	0.0
112.0	25.42247959989471	19.18399578836536	25.196104237957357	30.197420373782574	0.0
113.0	24.99736147757256	17.87335092348285	26.121372031662272	31.007915567282325	0.0
114.0	24.276655832045613	18.511216497042682	26.333457665050354	30.878670005861352	0.0
115.0	25.028052364413572	19.29468340903019	25.578413037670316	30.098851188885924	0.0
116.0	24.183396635919696	19.321758003255564	26.337493217580032	30.157352143244708	0.0
117.0	23.297630279149786	18.41944614018536	26.771740940118764	31.511182640546092	0.0
118.0	23.968057586323248	19.91901923293218	25.728264537172425	30.38465864357215	0.0
119.0	24.14677226368868	19.713976411600477	25.30909919662697	30.83015212808387	0.0
120.0	24.987063761283274	17.90950382337722	27.453573276605532	29.649859138733976	0.0
121.0	25.242323988623834	20.047594172615938	24.928898949445703	29.78118288931453	0.0
122.0	25.08933278659715	18.434772421064963	25.177201101282876	31.298693691055007	0.0
123.0	23.364375810444418	18.86714605681952	27.130732052339972	30.63185193917246	0.005894141223623718
124.0	24.765096654497576	18.612723681848106	25.6209228559459	31.001256807708423	0.0
125.0	23.30890813298613	19.899473142372674	24.865257675770604	31.92636104887059	0.0
126.0	22.536249692799213	20.361268124846397	25.270336692061935	31.832145490292458	0.0
127.0	23.523560860375483	20.6141986820838	26.159393261220938	29.70284719631978	0.0
128.0	23.674460201865337	21.004216174779607	24.0449725309825	31.276351092372558	0.0
129.0	22.858085808580856	21.61056105610561	25.504950495049506	30.026402640264028	0.0
130.0	25.464354001638895	17.659109532914506	26.08576891559683	30.790767549849768	0.0
131.0	22.926104190260478	20.385050962627407	24.97876557191393	31.71007927519819	0.0
132.0	23.483104344597102	18.195321203119196	26.490902339398442	31.830672112885257	0.0
133.0	24.302882727201318	17.79907312858377	26.510093472625872	31.38795067158903	0.0
134.0	22.342013600928844	17.341184275999336	26.306186763974125	34.0106153590977	0.0
135.0	23.571996115476296	18.25726141078838	25.611371060298403	32.55937141343692	0.0
136.0	22.293173067893697	18.518170720255423	27.251385106582777	31.9372711052681	0.0
137.0	23.352635782747605	17.302316293929714	27.076677316293928	32.26837060702875	0.0
138.0	22.42908772314095	18.081261636184426	26.787865513087283	32.70178512758734	0.0
139.0	22.35753133128399	20.34759990541499	26.578387325608894	30.716481437692128	0.0
140.0	20.982938629997452	20.19353195823784	26.674306086070793	32.14922332569392	0.0
141.0	20.738991526600916	19.29434643700514	28.990137519099875	30.976524517294067	0.0
142.0	21.579754601226995	21.288343558282207	24.92331288343558	32.20858895705521	0.0
143.0	22.74842140245929	17.730142904619477	25.72283150548355	33.79860418743769	0.0
144.0	22.14022140221402	18.708487084870846	26.494464944649447	32.656826568265686	0.0
145.0	21.790922160607927	19.572807558020127	23.310741425344013	35.32552885602793	0.0
146.0	18.40665873959572	18.240190249702735	26.492271105826397	36.86087990487515	0.0
147.0	16.270617836175568	22.225328487559405	26.726306961140622	34.77774671512441	0.0
148.0	18.33944648216072	20.80693564521507	24.84161387129043	36.01200400133378	0.0
149.0	19.24174480228292	24.663677130044842	21.035466775377092	35.05911129229515	0.0
150.0	16.702819956616054	22.198120028922634	24.295010845986983	36.80404916847433	0.0
