# Position (bp)	A	C	G	T	N
0.0	41.63346613545817	14.99003984063745	21.862549800796813	21.51394422310757	0.0
1.0	20.358387257341963	40.11946241911399	21.752115480338478	17.770034843205575	0.0
2.0	25.03653190452996	34.33999025815879	15.586945932781296	25.03653190452996	0.0
3.0	41.68686379059622	17.49878817256423	16.52932622394571	24.285021812893845	0.0
4.0	43.389830508474574	16.222760290556902	15.157384987893463	25.23002421307506	0.0
5.0	25.241312741312743	33.59073359073359	14.864864864864865	26.303088803088805	0.0
6.0	24.96385542168675	32.867469879518076	16.14457831325301	26.024096385542165	0.0
7.0	42.705825710158884	16.610495907558978	17.188252286952334	23.4954260953298	0.0
8.0	41.51034151034151	18.085618085618087	18.037518037518037	22.366522366522368	0.0
9.0	25.072046109510087	32.32468780019212	16.37848222862632	26.22478386167147	0.0
10.0	23.81180988958233	12.818050888142102	16.322611617858858	47.04752760441671	0.0
11.0	23.11004784688995	16.842105263157894	16.602870813397132	43.44497607655502	0.0
12.0	23.89127324749642	14.401525989508823	17.691940867906535	44.01525989508822	0.0
13.0	25.72515454113172	31.669044222539227	16.214931050879695	26.390870185449355	0.0
14.0	23.117006158218853	15.67977261961156	36.66508763619138	24.53813358597821	0.0
15.0	36.594543744120415	16.509877704609597	20.272812793979302	26.62276575729069	0.0
16.0	21.75339896858884	17.440225035161745	17.440225035161745	43.36615096108767	0.0
17.0	25.607476635514022	31.16822429906542	17.61682242990654	25.607476635514022	0.0
18.0	24.26504899673355	16.005599626691556	19.225384974335043	40.50396640223985	0.0
19.0	25.3953488372093	35.06976744186046	16.6046511627907	22.930232558139537	0.0
20.0	22.489588153632578	19.11152244331328	17.029153169828785	41.36973623322536	0.0
21.0	23.169046522339936	17.871948410870566	18.562874251497004	40.396130815292494	0.0
22.0	23.829201101928373	14.967860422405877	33.14967860422406	28.05325987144169	0.0
23.0	23.820430600091616	17.224003664681632	18.231791113147043	40.72377462207971	0.0
24.0	40.61355311355312	14.606227106227108	16.575091575091573	28.205128205128204	0.0
25.0	24.83989021043001	15.233302836230559	30.37511436413541	29.551692589204027	0.0
26.0	42.321755027422306	14.625228519195613	15.859232175502742	27.19378427787934	0.0
27.0	22.69406392694064	19.360730593607308	12.922374429223742	45.02283105022831	0.0
28.0	24.27007299270073	31.25	14.142335766423358	30.33759124087591	0.0
29.0	27.00729927007299	14.005474452554745	13.458029197080293	45.52919708029197	0.0
30.0	26.724531749657377	14.527181361352214	31.155778894472363	27.592507994518044	0.0
31.0	25.91575091575092	13.736263736263737	16.071428571428573	44.276556776556774	0.0
32.0	24.20470262793914	13.416320885200554	17.05855232826187	45.320424158598435	0.0
33.0	25.87476979742173	31.813996316758747	15.05524861878453	27.255985267034994	0.0
34.0	26.807922616305852	14.279134039613082	18.332565637954858	40.58037770612621	0.0
35.0	24.242424242424242	31.910009182736452	15.426997245179063	28.42056932966024	0.0
36.0	22.61467889908257	16.422018348623855	16.51376146788991	44.44954128440367	0.0
37.0	39.650413983440664	17.111315547378105	17.203311867525297	26.034958601655934	0.0
38.0	40.827586206896555	17.655172413793103	14.160919540229886	27.35632183908046	0.0
39.0	41.502519468621166	17.086578103527255	12.872194228126432	28.53870819972515	0.0
40.0	23.70472260430995	30.719853278312705	16.735442457588263	28.83998165978909	0.0
41.0	23.03448275862069	13.655172413793103	35.218390804597696	28.091954022988507	0.0
42.0	41.63979732842008	15.384615384615385	17.964071856287426	25.011515430677107	0.0
43.0	41.68585905112851	16.39797328420083	16.90465223399355	25.011515430677107	0.0
44.0	28.169663439372982	32.2268326417704	13.692946058091287	25.910557860765334	0.0
45.0	30.97938144329897	15.515463917525773	17.628865979381445	35.876288659793815	0.0
46.0	31.422505307855626	14.8619957537155	20.063694267515924	33.65180467091295	0.0
47.0	29.23570283270978	17.049706039551044	19.18760021378942	34.52699091394976	0.0
48.0	27.282668124658283	19.737561509021322	17.987971569163477	34.99179879715692	0.0
49.0	28.602739726027398	20.164383561643838	18.684931506849313	32.54794520547945	0.0
50.0	27.811300054854637	22.87438288535381	18.102029621503014	31.212287438288534	0.0
51.0	29.276315789473685	19.791666666666664	16.228070175438596	34.70394736842105	0.0
52.0	26.608026388125346	17.866959868059375	20.615722924683894	34.909290819131385	0.0
53.0	31.51815181518152	18.646864686468646	21.342134213421343	28.492849284928496	0.0
54.0	29.60308710033076	21.885336273428887	17.199558985667036	31.31201764057332	0.0
55.0	31.773127753303964	17.345814977973568	20.429515418502202	30.451541850220266	0.0
56.0	26.776859504132233	19.11845730027548	22.258953168044076	31.845730027548207	0.0
57.0	30.892070484581495	17.51101321585903	18.66740088105727	32.929515418502206	0.0
58.0	29.311294765840216	18.56749311294766	19.11845730027548	33.002754820936644	0.0
59.0	27.107438016528924	21.15702479338843	21.928374655647385	29.80716253443526	0.0
60.0	27.262693156732894	19.867549668874172	19.97792494481236	32.89183222958057	0.0
61.0	29.194260485651213	17.27373068432671	21.247240618101547	32.28476821192053	0.0
62.0	29.872998343456654	19.712865819988956	21.811154058531198	28.60298177802319	0.0
63.0	32.32044198895028	18.011049723756905	20.276243093922652	29.392265193370164	0.0
64.0	29.0929203539823	18.196902654867255	22.8429203539823	29.867256637168143	0.0
65.0	29.297954671089	19.347705914870094	21.06135986733002	30.292979546710892	0.0
66.0	28.96627971254837	16.086235489220563	22.996130458817028	31.95135433941404	0.0
67.0	28.011049723756905	17.23756906077348	20.331491712707184	34.41988950276243	0.0
68.0	25.594250967385296	18.79491431730238	19.955776672194585	35.65505804311774	0.0
69.0	25.303867403314918	19.834254143646408	22.81767955801105	32.04419889502763	0.0
70.0	26.810392482034274	20.729684908789388	20.342730790491984	32.117191818684354	0.0
71.0	28.579325594250964	19.84521835268104	19.126589275843006	32.448866777224985	0.0
72.0	27.227448810182626	17.985611510791365	21.859435528500278	32.927504150525735	0.0
73.0	29.33038184836746	17.432208079690096	22.302158273381295	30.935251798561154	0.0
74.0	30.398671096345513	17.497231450719823	22.259136212624583	29.844961240310074	0.0
75.0	30.376940133037696	19.17960088691796	22.283813747228383	28.159645232815965	0.0
76.0	28.975069252077564	19.33518005540166	19.667590027700832	32.02216066481994	0.0
77.0	27.146814404432135	22.437673130193904	19.168975069252078	31.24653739612188	0.0
78.0	28.95174708818636	20.687742651136993	18.746533555185803	31.61397670549085	0.0
79.0	30.34521158129176	20.545657015590198	17.70601336302895	31.403118040089083	0.0
80.0	29.398663697104677	17.70601336302895	21.714922048997774	31.180400890868597	0.0
81.0	28.22085889570552	20.747350808700503	15.895147796988288	35.13664249860569	0.0
82.0	30.451756832124932	19.185722253206915	21.639709983268265	28.722810931399888	0.0
83.0	28.58738135120045	17.811278615298715	21.105527638190953	32.49581239530988	0.0
84.0	26.689000558347292	19.765494137353436	21.831379117811277	31.714126186487995	0.0
85.0	30.837988826815643	18.71508379888268	20.391061452513966	30.05586592178771	0.0
86.0	31.69368362213527	16.60145332588038	21.073225265511457	30.631637786472886	0.0
87.0	32.86752375628843	17.32811626607043	21.967579653437674	27.836780324203463	0.0
88.0	33.836689038031324	19.742729306487696	16.610738255033556	29.809843400447427	0.0
89.0	29.73124300111982	16.74132138857783	17.469204927211646	36.058230683090706	0.0
90.0	30.30812324929972	16.470588235294116	19.047619047619047	34.173669467787114	0.0
91.0	29.613011777902408	19.910263600673023	17.386427369601794	33.09029725182277	0.0
92.0	29.797979797979796	17.115600448933783	18.74298540965208	34.34343434343434	0.0
93.0	32.49158249158249	16.4983164983165	19.19191919191919	31.818181818181817	0.0
94.0	32.098765432098766	16.666666666666664	20.2020202020202	31.032547699214362	0.0
95.0	31.049971925884336	17.405951712521055	21.055586749017404	30.4884896125772	0.0
96.0	28.186412128017967	16.900617630544637	20.10106681639528	34.81190342504211	0.0
97.0	30.635188308038224	16.807195053400786	19.111860595840362	33.44575604272063	0.0
98.0	30.57897695334458	21.19168071950534	17.987633501967398	30.24170882518269	0.0
99.0	29.848229342327148	18.999437886453062	18.77459246767847	32.377740303541316	0.0
100.0	32.6369282891022	14.850367024280068	17.95595708639187	34.55674760022586	0.0
101.0	31.766704416761044	18.912797281993203	18.68629671574179	30.634201585503963	0.0
102.0	30.664395229982965	15.445769449176606	20.499716070414536	33.39011925042589	0.0
103.0	28.75854214123007	16.799544419134396	21.070615034168565	33.37129840546697	0.0
104.0	26.971428571428575	18.685714285714287	21.142857142857142	33.2	0.0
105.0	28.022922636103154	18.85386819484241	19.88538681948424	33.2378223495702	0.0
106.0	31.530494821634065	17.836593785960876	18.8722669735328	31.760644418872268	0.0
107.0	30.831408775981522	18.418013856812934	18.18706697459584	32.5635103926097	0.0
108.0	33.10144927536232	16.28985507246377	17.217391304347824	33.39130434782609	0.0
109.0	28.770301624129928	19.37354988399072	20.88167053364269	30.97447795823666	0.0
110.0	26.07683352735739	19.67403958090803	19.732246798603025	34.51688009313155	0.0
111.0	29.52158693115519	17.79463243873979	19.486581096849477	33.19719953325554	0.0
112.0	26.36203866432337	20.152314001171646	20.855301698886937	32.63034563561804	0.0
113.0	29.59483264826776	19.260129183793307	17.8508514386377	33.29418672930123	0.0
114.0	30.23529411764706	16.823529411764707	19.52941176470588	33.411764705882355	0.0
115.0	28.84955752212389	18.466076696165192	18.525073746312685	34.15929203539823	0.0
116.0	28.46153846153846	19.40828402366864	18.04733727810651	34.08284023668639	0.0
117.0	29.60331557134399	18.29484902309059	19.419775014801658	32.682060390763766	0.0
118.0	26.733847065797274	17.605216360403084	21.991701244813278	33.66923532898637	0.0
119.0	23.159144893111637	21.43705463182898	26.959619952494062	28.444180522565322	0.0
120.0	24.95533055390113	22.81119714115545	21.381774865991662	30.85169743895176	0.0
121.0	29.68936678614098	18.817204301075268	17.980884109916367	33.51254480286738	0.0
122.0	30.479041916167667	17.24550898203593	20.65868263473054	31.616766467065872	0.0
123.0	32.25225225225225	18.13813813813814	20.48048048048048	29.129129129129126	0.0
124.0	31.028262176788935	17.498496692723993	20.384846662657846	31.08839446782922	0.0
125.0	28.89963724304716	18.500604594921402	18.923821039903267	33.675937122128175	0.0
126.0	29.586877278250306	18.772782503037668	18.833535844471445	32.806804374240585	0.0
127.0	28.806333739342264	19.549330085261875	20.889159561510354	30.755176613885503	0.0
128.0	30.966952264381888	17.809057527539778	19.3390452876377	31.88494492044064	0.0
129.0	29.85257985257985	18.488943488943487	17.874692874692872	33.78378378378378	0.0
130.0	30.37037037037037	19.876543209876544	16.728395061728396	33.0246913580247	0.0
131.0	32.15613382899628	19.764560099132588	18.029739776951672	30.049566294919455	0.0
132.0	31.425015556938398	18.668326073428748	20.41070317361543	29.495955196017427	0.0
133.0	29.27590511860175	21.098626716604244	19.101123595505616	30.52434456928839	0.0
134.0	25.82864290181363	21.013133208255162	19.69981238273921	33.45841150719199	0.0
135.0	28.025078369905955	16.238244514106583	20.752351097178686	34.98432601880877	0.0
136.0	26.22641509433962	17.61006289308176	21.0062893081761	35.15723270440251	0.0
137.0	27.542640555906505	18.382817435249528	21.22552116234997	32.849020846494	0.0
138.0	27.873015873015873	16.126984126984127	20.0	36.0	0.0
139.0	28.30788804071247	17.8117048346056	19.27480916030534	34.605597964376585	0.0
140.0	28.69009584664537	16.805111821086264	21.98083067092652	32.52396166134186	0.0
141.0	32.177263969171484	17.533718689788053	18.689788053949904	31.59922928709056	0.0
142.0	32.366215344938745	15.151515151515152	19.729206963249517	32.75306254029658	0.0
143.0	34.627831715210355	19.54692556634304	18.25242718446602	27.57281553398058	0.0
144.0	32.81351526965562	17.73879142300195	16.50422352176738	32.94346978557505	0.0
145.0	27.669270833333332	18.684895833333336	19.791666666666664	33.85416666666667	0.0
146.0	28.31050228310502	19.047619047619047	18.134377038486626	34.5075016307893	0.0
147.0	29.673202614379086	19.019607843137255	17.058823529411764	34.248366013071895	0.0
148.0	26.544021024967147	19.842312746386334	19.908015768725363	33.70565045992115	0.0
149.0	28.26086956521739	21.277997364953887	18.24769433465086	32.21343873517787	0.0
150.0	28.193249503639972	17.802779616148246	19.060225016545335	34.94374586366645	0.0
151.0	28.818061088977426	18.857901726427624	20.783532536520585	31.540504648074368	0.0
152.0	28.780812791472353	20.253164556962027	15.656229180546303	35.30979347101932	0.0
153.0	30.91272485009993	19.053964023984012	18.854097268487674	31.17921385742838	0.0
154.0	32.46492985971944	16.76686706746827	19.839679358717436	30.928523714094858	0.0
155.0	32.03492276695769	20.617864338482203	16.118200134318332	31.229012760241776	0.0
156.0	31.245791245791242	15.622895622895621	18.585858585858585	34.54545454545455	0.0
157.0	32.043448744059745	17.922606924643585	19.551934826883908	30.482009504412762	0.0
158.0	28.63978127136022	21.462747778537253	17.361585782638414	32.535885167464116	0.0
159.0	34.81836874571624	15.558601782042494	18.1631254283756	31.45990404386566	0.0
160.0	29.0633608815427	18.52617079889807	22.865013774104685	29.545454545454547	0.0
161.0	29.833101529902645	19.610570236439496	20.653685674547983	29.902642559109875	0.0
162.0	31.236897274633122	18.798043326345212	19.28721174004193	30.677847658979733	0.0
163.0	29.873772791023846	17.741935483870968	16.760168302945303	35.62412342215989	0.0
164.0	32.815808045165845	15.59633027522936	21.73606210303458	29.85179957657022	0.0
165.0	31.444759206798867	17.70538243626062	22.025495750708217	28.824362606232295	0.0
166.0	26.865671641791046	20.46908315565032	21.46410803127221	31.201137171286426	0.0
167.0	27.500000000000004	20.142857142857142	22.357142857142858	30.0	0.0
168.0	28.274874731567646	16.678596993557623	19.68503937007874	35.36148890479599	0.0
169.0	25.57471264367816	17.81609195402299	20.617816091954023	35.991379310344826	0.0
170.0	29.776496034607064	17.303532804614274	18.096611391492427	34.82335976928623	0.0
171.0	31.490909090909092	17.89090909090909	16.07272727272727	34.54545454545455	0.0
172.0	30.380673499267935	20.424597364568083	15.666178623718888	33.52855051244509	0.0
173.0	29.94849153789551	18.8373804267844	19.27888153053716	31.935246504782928	0.0
174.0	28.867505551443372	21.39156180606958	16.87638786084382	32.86454478164323	0.0
175.0	28.94540014958863	18.69857890800299	20.344053851907255	32.01196709050112	0.0
176.0	29.902329075882793	19.00826446280992	18.707738542449288	32.38166791885801	0.0
177.0	28.50678733031674	20.96530920060332	17.873303167420815	32.65460030165912	0.0
178.0	25.588458618071375	21.64009111617312	21.48823082763857	31.283219438116934	0.0
179.0	27.119938884644768	18.94576012223071	21.92513368983957	32.009167303284954	0.0
180.0	30.438124519600308	14.98847040737894	20.13835511145273	34.435049961568026	0.0
181.0	26.91415313225058	19.79891724671307	20.726991492652747	32.55993812838361	0.0
182.0	31.57076205287714	16.874027993779162	20.37325038880249	31.181959564541213	0.0
183.0	29.586260733801716	21.935987509758	19.750195160031225	28.727556596409055	0.0
184.0	28.91849529780564	19.905956112852667	20.454545454545457	30.721003134796238	0.0
185.0	25.963808025177027	21.557828481510622	23.760818253343825	28.71754523996853	0.0
186.0	30.860299921073402	18.468823993685874	21.54696132596685	29.123914759273877	0.0
187.0	31.19047619047619	22.936507936507937	17.46031746031746	28.41269841269841	0.0
188.0	31.39442231075697	21.35458167330677	18.725099601593627	28.52589641434263	0.0
189.0	30.200803212851408	17.91164658634538	19.518072289156628	32.36947791164659	0.0
190.0	28.953771289537713	17.680454176804542	21.57339821573398	31.792376317923765	0.0
191.0	27.027027027027028	18.91891891891892	20.638820638820636	33.415233415233416	0.0
192.0	31.59636062861869	19.768403639371382	18.775847808105873	29.859387923904052	0.0
193.0	30.994152046783626	17.627401837928154	21.553884711779446	29.82456140350877	0.0
194.0	28.34314550042052	19.596299411269975	23.044575273338943	29.015979814970567	0.0
195.0	29.106382978723406	20.170212765957444	19.659574468085104	31.06382978723404	0.0
196.0	29.012875536480685	19.570815450643778	20.686695278969957	30.72961373390558	0.0
197.0	28.37249782419495	21.148825065274153	20.539599651871193	29.939077458659703	0.0
198.0	28.62222222222222	23.644444444444446	18.933333333333334	28.799999999999997	0.0
199.0	29.962546816479403	22.284644194756552	19.194756554307116	28.558052434456926	0.0
200.0	28.36322869955157	17.713004484304935	19.843049327354258	34.08071748878923	0.0
201.0	33.07573415765069	17.31066460587326	16.0741885625966	33.53941267387944	0.0
202.0	33.28173374613003	19.040247678018577	17.956656346749224	29.721362229102166	0.0
203.0	35.0	18.125	19.53125	27.34375	0.0
204.0	35.488958990536275	18.29652996845426	23.817034700315457	22.397476340694006	0.0
205.0	33.43898573692552	17.74960380348653	25.356576862123614	23.454833597464344	0.0
206.0	32.26837060702875	19.329073482428115	19.808306709265175	28.594249201277954	0.0
207.0	27.214170692431562	23.027375201288244	16.908212560386474	32.850241545893724	0.0
208.0	27.435064935064936	15.909090909090908	22.4025974025974	34.25324675324675	0.0
209.0	21.661237785016286	20.195439739413683	22.80130293159609	35.34201954397394	0.0
210.0	23.60655737704918	18.19672131147541	20.491803278688526	37.704918032786885	0.0
211.0	30.098684210526315	16.447368421052634	22.532894736842106	30.92105263157895	0.0
212.0	28.760330578512395	14.380165289256198	25.6198347107438	31.239669421487605	0.0
213.0	25.79034941763727	20.632279534109816	20.798668885191347	32.77870216306156	0.0
214.0	29.026845637583893	25.0	17.449664429530202	28.523489932885905	0.0
215.0	29.51096121416526	23.102866779089375	18.381112984822934	29.00505902192243	0.0
216.0	32.76450511945392	17.064846416382252	18.25938566552901	31.91126279863481	0.0
217.0	26.72413793103448	16.896551724137932	23.448275862068964	32.93103448275862	0.0
218.0	25.176056338028168	18.838028169014084	19.19014084507042	36.79577464788733	0.0
219.0	18.618042226487525	23.608445297504797	23.41650671785029	34.357005758157385	0.0
220.0	0.30303030303030304	29.393939393939394	26.666666666666668	43.63636363636363	0.0
