# Position (bp)	A	C	G	T	N
0.0	26.34921336815444	24.24146725599431	23.860355660156742	25.548963715694512	0.0
1.0	26.71610216567129	20.34161555589142	15.854724180011129	37.087558098426165	0.0
2.0	28.950060105605495	19.214986697579167	18.62077157340308	33.21418162341226	0.0
3.0	23.0548881399172	22.665101523540375	15.166731728236904	39.11327860830552	0.0
4.0	34.40594323396608	13.278169575065633	14.893972840624956	37.421914350343336	0.0
5.0	35.23232483148575	14.977863093098145	23.368855730254065	26.42095634516204	0.0
6.0	31.604278939088893	17.423133461074563	20.812889807632878	30.159697792203666	0.0
7.0	35.07133305841374	17.231510622314683	20.277533195111296	27.419623124160275	0.0
8.0	22.5403097825603	27.331331499485543	22.904613053242233	27.223745664711924	0.0
9.0	28.31584193171653	18.595363914638018	15.527529539655538	37.56126461398992	0.0
10.0	26.69158826309563	16.266239430923047	25.830044064457837	31.21212824152349	0.0
11.0	28.55222074159468	18.057357783806562	19.979061109655646	33.41136036494311	0.0
12.0	26.11044225737641	19.703599156243854	21.669849570024954	32.51610901635478	0.0
13.0	26.77937417058259	20.909899556870812	19.108512946305037	33.20221332624156	0.0
14.0	31.33412701614876	18.354356693106514	20.64124279779019	29.670273492954536	0.0
15.0	30.22964067804362	18.633864384020523	20.024773545889932	31.111721392045926	0.0
16.0	30.07788154630286	17.661535139703822	19.325784441566743	32.934798872426576	0.0
17.0	30.821043947593186	17.77109986782092	19.79913572932609	31.608720455259803	0.0
18.0	31.47122034944398	17.655983244490184	19.414735697355965	31.458060708709866	0.0
19.0	30.085951033603475	18.65397213916062	20.060745429333554	31.199331397902352	0.0
20.0	30.014721867090266	18.047815120350247	19.890153829274055	32.047309183285435	0.0
21.0	29.301462742990235	18.62223288870165	20.0689908182647	32.007313550043406	0.0
22.0	30.131058807982814	19.03959248869255	22.550501083279197	28.278847620045443	0.0
23.0	29.679651248632226	20.55203868340708	21.36110922688705	28.40720084107365	0.0
24.0	32.533358369998744	19.590934161888647	18.529994471191873	29.34571299692073	0.0
25.0	29.679112549888725	21.21429732850498	19.370584388092645	29.73600573351365	0.0
26.0	32.65622565892476	16.87005475927697	22.039319951103746	28.43439963069453	0.0
27.0	26.705561448870945	21.171707146212622	24.994324423952392	27.128406980964037	0.0
28.0	26.770095359572068	20.034602049495863	18.52893906140869	34.66636352952339	0.0
29.0	27.969139817939613	20.171585444272	17.717251981174567	34.14202275661382	0.0
30.0	26.87401384284635	19.44438968470394	16.232156385595747	37.44944008685396	0.0
31.0	34.65920326504856	14.297623264001281	18.22649241702988	32.81668105392028	0.0
32.0	34.67352621932774	15.905721187209737	22.761648338938414	26.659104254524102	0.0
33.0	31.691181125863753	17.839023099743134	20.807982254621756	29.66181351977135	0.0
34.0	33.448085043637064	16.624366067956107	22.360987997529012	27.566560890877817	0.0
35.0	26.480286298094324	20.32764098304202	26.082086032940826	27.10998668592283	0.0
