# Position (bp)	A	C	G	T	N
0.0	26.239830716864898	24.047950612810126	23.638383786092383	26.073834884232593	0.0
1.0	26.52855682244684	20.227716877839182	15.502064270645944	37.74166202906804	0.0
2.0	28.888576021996382	19.286639329921933	18.044697233992114	33.78008741408957	0.0
3.0	23.18889874165487	22.70936344260416	15.049606966063674	39.0521308496773	0.0
4.0	34.19386143655031	13.056620038683597	14.857650462950986	37.89186806181511	0.0
5.0	35.10520278136672	14.770672022207886	23.144805917033175	26.979319279392218	0.0
6.0	31.203155578738983	17.31531613796254	21.01935995722477	30.462168326073712	0.0
7.0	35.140489449953094	16.96391305421908	20.098512890707806	27.797084605120016	0.0
8.0	22.558580222378954	26.908055109585018	22.878838301681533	27.6545263663545	0.0
9.0	27.744042386178137	18.485594853417357	15.524788797938635	38.245573962465876	0.0
10.0	26.669384525304473	16.36545817237544	25.134328999116224	31.830828303203862	0.0
11.0	28.167164344350446	18.186315676607762	19.445605986980404	34.20091399206139	0.0
12.0	26.183209453905715	19.75188244261164	21.06810809748128	32.996800006001365	0.0
13.0	26.38781195608606	20.905334060567462	18.81887744246743	33.887976540879045	0.0
14.0	30.654690498458464	18.34527419179813	20.360762105842056	30.63927320390135	0.0
15.0	29.703565003620863	18.649946834908324	19.955786510307018	31.690701651163796	0.0
16.0	30.079322756534665	17.611129010291172	18.65509455574199	33.65445367743217	0.0
17.0	30.4573310205667	17.878319002707986	19.682672758739905	31.98167721798541	0.0
18.0	31.433367345368225	17.85347284260378	18.85827432100851	31.85488549101949	0.0
19.0	30.01630844522405	18.344588691285104	19.98358161601443	31.655521247476422	0.0
20.0	29.613415219171973	17.941604927429424	19.95406629203848	32.49091356136012	0.0
21.0	29.29706319939645	18.27356825134122	20.144790642323034	32.28457790693929	0.0
22.0	29.745820289961543	19.092288675389252	22.5783691994531	28.58352183519611	0.0
23.0	29.80138463343248	20.365547675461293	21.094493400246805	28.738574290859418	0.0
24.0	32.77441329239817	19.463416066347136	17.96501541664786	29.79715522460683	0.0
25.0	29.53376781994152	21.049457309938195	19.464541321906257	29.95223354821403	0.0
26.0	32.308699764614644	16.653588265369407	22.04662774489603	28.991084225119923	0.0
27.0	26.364000513737366	21.26332053603036	24.819981744992	27.55269720524028	0.0
28.0	26.597471641296465	19.725768753256936	18.610743965946405	35.0660156395002	0.0
29.0	28.150983945448644	19.99705881477996	17.278260308343306	34.57369693142809	0.0
30.0	26.702318159495142	18.90760344490501	16.052156384623324	38.33792201097653	0.0
31.0	34.33174237857521	14.253248566298844	18.363324221150478	33.05168483397548	0.0
32.0	34.460294359391966	15.584577659004644	22.41124634620119	27.5438816354022	0.0
33.0	31.39326880883318	17.266618229330273	20.982891602409932	30.357221359426617	0.0
34.0	33.37122131811511	16.427915065021942	21.941340231954683	28.259523384908263	0.0
35.0	26.53046475614449	19.952972678780373	25.852062865515045	27.664499699560086	0.0
