# Position (bp)	A	C	G	T	N
0.0	25.97130582799708	24.562535462430088	23.753910999432602	25.71224771014023	0.0
1.0	25.22525735592121	20.388425062819163	14.696603712409825	39.6897138688498	0.0
2.0	27.541462687631014	18.857544605395738	18.656346488428678	34.94464621854457	0.0
3.0	23.512476318474018	22.839840018135597	15.246530757646907	38.40115290574348	0.0
4.0	33.28714839286119	13.855482141643169	14.224530030462637	38.632839435033006	0.0
5.0	34.666209249112406	15.584129768497093	22.903026399681533	26.846634582708965	0.0
6.0	32.18871759025539	17.879564547655107	20.305036697603978	29.626681164485525	0.0
7.0	34.17238600953278	17.172589867298303	19.756082565630877	28.898941557538045	0.0
8.0	23.70795787293935	25.845372332680828	22.02287544691246	28.423794347467364	0.0
9.0	29.485968306555456	18.39261564742499	15.759367942902621	36.36204810311693	0.0
10.0	26.396581174461037	16.691361060068843	24.49662258340019	32.41543518206993	0.0
11.0	27.768594506642685	18.31906242216234	19.901208849151022	34.01113422204395	0.0
12.0	26.273143655630165	19.484014542819807	20.97387726584637	33.26896453570366	0.0
13.0	26.88571992276319	20.87205146533238	18.300402032479568	33.94182657942487	0.0
14.0	30.30174644243208	18.091849935316947	20.186287192755497	31.420116429495472	0.0
15.0	29.812085875881607	18.819546173323374	18.816959160773127	32.55140879002189	0.0
16.0	29.378710086261528	16.94127232518138	18.66714948980252	35.01286809875457	0.0
17.0	30.03998306295474	17.98591380854028	20.368413057039703	31.605690071465283	0.0
18.0	30.75319622012229	17.31743733598769	18.53484493969518	33.394521504194834	0.0
19.0	29.373293480895065	18.05089264076258	19.433233702237658	33.142580176104694	0.0
20.0	30.312056783414693	17.559372849541397	19.64545903911452	32.483111327929386	0.0
21.0	29.960038636855558	17.2819165947879	19.436664308397056	33.321380459959485	0.0
22.0	28.920932095535267	17.996847361926726	19.465925021480576	33.616295521057424	0.0
23.0	29.325982054611345	17.558768240925563	20.489267003869436	32.62598270059366	0.0
24.0	30.139711534114028	18.734457657005922	18.394706076127605	32.73112473275244	0.0
25.0	29.50112382773142	17.724507195080992	18.966207662696668	33.80816131449092	0.0
26.0	31.05503816892494	17.614861984784095	19.705434066572806	31.624665779718157	0.0
27.0	29.41030219469747	18.068072108259255	19.282792112392276	33.238833584651	0.0
28.0	29.44253233544921	17.533465494863133	19.528157508991935	33.495844660695724	0.0
29.0	29.55623355449013	18.20749995964292	19.711043311217654	32.5252231746493	0.0
30.0	29.90326496874516	17.984127189130547	19.243361574624167	32.86924626750013	0.0
31.0	29.687822897292833	18.170076462078942	19.42873010952676	32.71337053110147	0.0
32.0	29.754708207393634	17.99678369371464	19.62302048619184	32.625487612699885	0.0
33.0	30.495485021121578	17.703044865584104	19.468343474273016	32.3331266390213	0.0
34.0	29.559195907188258	17.791393209653247	19.542917678672936	33.10649320448555	0.0
35.0	29.94418712815643	18.003204072272503	19.760275963644116	32.29233283592695	0.0
36.0	30.032753842277653	17.431569018870608	18.810848175927543	33.7248289629242	0.0
37.0	29.128562614473672	18.69405528331325	19.017085044045107	33.16029705816797	0.0
38.0	29.99011506580265	17.689509694342327	19.605442528475717	32.714932711379305	0.0
39.0	28.41881170207267	18.79135008011578	20.012469633534916	32.77736858427664	0.0
40.0	29.99424945725215	17.861896516075674	19.453633826113926	32.69022020055826	0.0
41.0	29.458135718070327	18.085835024101524	20.56803349659477	31.887995761233377	0.0
42.0	29.933797087588808	18.53455378461598	19.067666549274158	32.46398257852105	0.0
43.0	29.749876408379027	18.048254046211955	19.458329429022868	32.74354011638615	0.0
44.0	29.642710578442426	17.821171102759887	20.58396802264524	31.952150296152443	0.0
45.0	29.17277974186126	18.921233430065342	19.21045998332504	32.69552684474836	0.0
46.0	29.772946141764855	17.655327977456196	19.251103599382112	33.32062228139684	0.0
47.0	29.531888765007192	17.887763181282015	19.7042997721654	32.876048281545394	0.0
48.0	30.456295022735574	18.32871727418745	18.86713182753929	32.34785587553769	0.0
49.0	29.17271314021247	18.259003454973836	18.998154546247846	33.570128858565845	0.0
50.0	29.449599700057856	18.330085037476607	19.833997537112992	32.38631772535254	0.0
51.0	29.771251442405593	18.26432951169924	19.366214255007613	32.59820479088755	0.0
52.0	29.420682432345068	18.332126556418977	19.249492507208338	32.99769850402762	0.0
53.0	30.547204820367607	17.81324954582776	19.691356827453337	31.9481888063513	0.0
54.0	30.391760708847993	17.920975474143923	19.41573702023941	32.27152679676868	0.0
55.0	29.094241667016874	17.62638883052146	18.888095091855966	34.3912744106057	0.0
56.0	28.981135735415354	18.09934856052891	20.25249341286391	32.66702229119183	0.0
57.0	28.731971795012722	17.93396205064871	19.157988664983332	34.17607748935524	0.0
58.0	29.343661798795374	17.704093344153222	19.082982279741486	33.869262577309925	0.0
59.0	29.48597738015946	17.658413248578984	20.38016593056265	32.475443440698896	0.0
60.0	29.845862339904745	18.339374460421187	19.58327540102629	32.23148779864778	0.0
61.0	29.987938600036863	17.588302058845404	19.381990680709198	33.041768660408536	0.0
62.0	28.752101927305652	18.033566162204114	20.079873237614798	33.13445867287544	0.0
63.0	29.05179690001197	17.983875922865728	19.56814896499982	33.396178212122486	0.0
64.0	28.671912139939653	18.080713022162286	19.552808850685114	33.69456598721295	0.0
65.0	29.341944831645637	17.78757369849191	20.541787004485784	32.328694465376664	0.0
66.0	29.896343731302256	17.98509031517327	20.08441274923592	32.03415320428856	0.0
67.0	29.002147588490995	17.424899089215483	19.31503570689298	34.257917615400544	0.0
68.0	29.476949350998005	17.856368888011982	19.910598479139104	32.75608328185091	0.0
69.0	29.57247152667484	17.666562078479956	19.579232020805502	33.1817343740397	0.0
70.0	28.499479210470135	17.990528746935105	19.516668499673294	33.993323542921466	0.0
71.0	29.61202894659373	17.504795856638662	20.607140893048353	32.27603430371925	0.0
72.0	29.66786253837519	17.957485628511996	19.663948188238187	32.71070364487463	0.0
73.0	29.77463749830153	17.46381453371379	19.119255132609947	33.64229283537473	0.0
74.0	29.188869153345177	17.830901979054442	20.524641929294987	32.455586938305395	0.0
75.0	30.220601558253307	17.754251546605236	19.237439494732484	32.787707400408976	0.0
76.0	28.8527995651161	18.06159560974347	19.44358157956046	33.64202324557998	0.0
77.0	29.239043205881593	17.728261150948768	21.00203215201015	32.03066349115949	0.0
78.0	30.134588064734302	17.918108065252074	18.33523721995877	33.61206665005485	0.0
79.0	29.632110703352037	17.71357190475266	18.997689365255045	33.65662802664026	0.0
80.0	30.4382299922652	17.990698818419833	19.856113245283876	31.7149579440311	0.0
81.0	29.989287228499208	18.113645999540417	19.451609666738946	32.44545710522143	0.0
82.0	29.66330173381968	17.812351320997763	18.273559654465956	34.25078729071661	0.0
83.0	29.879528991370886	18.262265579989254	19.70908290554581	32.14912252309405	0.0
84.0	30.583985550872967	17.886620962886717	18.784836184964362	32.744557301275954	0.0
85.0	29.530748788595808	17.142219014109582	18.925095245339698	34.401936951954916	0.0
86.0	30.39983685413335	17.193761612813425	20.15693078601348	32.249470747039744	0.0
87.0	29.62526544776506	18.632490806443258	19.65770186978816	32.08454187600352	0.0
88.0	29.783494007885896	17.522482567512448	18.88827021812461	33.80575320647705	0.0
89.0	29.55544620484697	18.111714698246	20.01495658704928	32.317882509857746	0.0
90.0	30.190041440041437	18.047785547785548	19.32821807821808	32.43395493395494	0.0
91.0	29.692978622143222	18.07906860793017	19.300614172259618	32.92733859766699	0.0
92.0	28.905149665700737	18.386945330333006	20.383998963915108	32.323906040051156	0.0
93.0	29.939549747611295	18.3397064584959	19.319149487289906	32.4015943066029	0.0
94.0	29.632459841275494	17.400764804735182	19.386601993932075	33.580173360057245	0.0
95.0	30.118449343315284	17.93092505763801	20.32970235473927	31.620923244307438	0.0
96.0	29.813608279471005	18.631400334183905	19.168296568786186	32.386694817558904	0.0
97.0	29.808028601406754	18.040065285819765	19.110351170351947	33.041554942421534	0.0
98.0	28.843089757373992	17.663251162609946	20.983004520901073	32.510654559115	0.0
99.0	29.41799421589043	18.455390135923334	19.104402206122863	33.02221344206336	0.0
100.0	29.524755109523394	18.048403791057076	19.438414790443836	32.98842630897569	0.0
101.0	29.598868770926114	18.386373240581218	20.308162402886584	31.706595585606085	0.0
102.0	29.860212987063754	17.576482162577737	19.265588809220535	33.29771604113797	0.0
103.0	29.01741841748698	17.301532886037513	19.470101376169254	34.21094732030625	0.0
104.0	29.861854313738966	17.734423836594697	19.50534614969219	32.898375699974146	0.0
105.0	30.183342029527683	17.98602702055255	19.128345983834922	32.70228496608485	0.0
106.0	28.86996114658692	17.739330115836466	19.597451005550017	33.793257732026596	0.0
107.0	29.903616524389438	17.66469633597657	20.04030821601509	32.3913789236189	0.0
108.0	29.067095968027186	18.432631311010987	20.263332749324807	32.23693997163702	0.0
109.0	28.463284135897567	18.0450231078865	19.818118570789643	33.6735741854263	0.0
110.0	29.202152915433988	17.577272863105257	21.170224422507992	32.05034979895276	0.0
111.0	28.965657197417055	18.579978508717943	19.70710642842172	32.74725786544328	0.0
112.0	28.98676857001854	17.709708828511598	18.89980392941459	34.40371867205527	0.0
113.0	30.137059552893756	17.626573711703703	20.250122822203583	31.986243913198958	0.0
114.0	30.077382727799808	18.266211329582053	18.520914114891067	33.13549182772708	0.0
115.0	29.27995591086737	17.16350952184126	20.136165522432698	33.420369044858674	0.0
116.0	30.26635932897938	17.618335119396647	20.205430980447662	31.909874571176307	0.0
117.0	29.83759233852164	18.165259764397376	19.31285946972513	32.68428842735586	0.0
118.0	29.353963506542335	17.647198295571943	19.586357801179417	33.41248039670631	0.0
119.0	30.4936481470791	17.691803545899397	19.674274401404503	32.140273905617	0.0
120.0	29.23899576576944	18.258587591389944	19.4413810943648	33.061035548475814	0.0
121.0	29.109670816987894	17.38904997441583	19.398601398601397	34.10267780999489	0.0
122.0	29.507596996758796	17.798922334213156	20.104689487288194	32.58879118173986	0.0
123.0	28.788231907105548	18.414378350218662	19.163250757440743	33.63413898523505	0.0
124.0	29.190699784819092	17.963824857863727	19.062759952976442	33.78271540434074	0.0
125.0	28.726756251766766	18.087204131302613	19.966698612097435	33.21934100483318	0.0
126.0	29.206131842215378	18.030354901289513	19.485508975409694	33.278004281085416	0.0
127.0	29.82178094210915	17.417887103654202	18.79501860566736	33.96531334856929	0.0
128.0	28.99739836945936	17.42292495617574	20.750090431008097	32.8295862433568	0.0
129.0	29.830644458009942	18.08284642888288	18.824103950466554	33.262405162640626	0.0
130.0	30.005036514731803	17.32770922521615	19.29404851842525	33.37320574162679	0.0
131.0	29.827914528895423	17.868552931975916	19.948518143146217	32.35501439598245	0.0
132.0	30.315230577190178	18.194764324267304	18.750329647145694	32.73967545139683	0.0
133.0	29.722927241962775	18.033347433728146	19.427876480541457	32.815848843767625	0.0
134.0	30.46425731200848	17.168861005566846	20.06750905717063	32.299372625254044	0.0
135.0	29.253844572222654	18.04520607190715	20.05062285969527	32.65032649617493	0.0
136.0	28.35211427921006	18.306086733822777	19.361803539923738	33.97999544704343	0.0
137.0	30.45833645600248	17.710351915891355	22.935737253264527	28.895574374841637	0.0
138.0	30.079271873165002	19.95903928504934	19.540122882144853	30.421565959640805	0.0
139.0	30.501924955467448	18.838346836752283	19.497356777567088	31.16237143021318	0.0
140.0	28.606099014464366	21.113939730012927	19.744560109752012	30.535401145770695	0.0
141.0	30.813638628338712	17.104607586162075	20.77998974647806	31.30176403902115	0.0
142.0	26.628776223143337	19.701341249298604	24.24240230238746	29.427480225170598	0.0
143.0	26.690696315332872	18.804833516641075	18.94567194084786	35.55879822717819	0.0
144.0	27.636072377762407	19.06469581679834	18.185094841082027	35.11413696435723	0.0
145.0	27.031107212048106	19.188873048945425	16.704682530979273	37.0753372080272	0.0
146.0	33.21819376484365	14.152622942996738	19.112189499418182	33.51699379274143	0.0
147.0	34.11515281803423	15.887071067984197	22.054277644756446	27.943498469225126	0.0
148.0	31.37167439082476	16.720471161043026	20.6541215250739	31.253732923058315	0.0
149.0	32.786323131351025	16.55270620792035	22.832835134513683	27.828135526214943	0.0
150.0	27.010028374460937	18.112534955901786	25.36748512133411	29.509951548303164	0.0
