# Position (bp)	A	C	G	T	N
0.0	26.019099047643774	24.7578003643271	23.666117147171704	25.556983440857422	0.0
1.0	25.37741604683464	20.436932902371588	14.830968668734936	39.35468238205884	0.0
2.0	27.768147767110317	18.920881657495343	18.807194698643105	34.50377587675123	0.0
3.0	23.348942493779376	22.929914293613493	15.32476845452032	38.39637475808681	0.0
4.0	33.00486654777378	14.076284323843494	14.51889403707558	38.39995509130715	0.0
5.0	34.756671357408635	15.517866546952025	22.86261881534304	26.862843280296296	0.0
6.0	32.25101965946611	17.832063704439026	20.34484991044261	29.572066725652256	0.0
7.0	34.06278994497789	17.399072176070774	19.770849066781746	28.7672888121696	0.0
8.0	23.842299908083078	25.987028062710642	21.778268768529028	28.392403260677252	0.0
9.0	29.68582117567865	18.68416851135074	15.746050650062351	35.88395966290826	0.0
10.0	26.477530150374317	16.66026622942331	24.509503570581	32.35270004962137	0.0
11.0	27.722934608149387	18.304626960978894	20.067134942961186	33.90530348791053	0.0
12.0	26.18243316119402	19.553128060434275	21.241301355974613	33.02313742239709	0.0
13.0	26.832645947298488	20.894665999413277	18.361403993166405	33.91128406012183	0.0
14.0	30.230792459341703	18.074716362538286	20.270911522367456	31.423579655752555	0.0
15.0	29.826294380772033	18.75735995065328	18.92731280383386	32.48903286474082	0.0
16.0	29.473997464008768	16.88159336156852	18.967748057033926	34.67666111738879	0.0
17.0	29.895089064339338	18.065551008792166	20.42033366248259	31.61902626438591	0.0
18.0	31.020181160513733	17.518506223350823	18.343256491728784	33.11805612440666	0.0
19.0	29.43253239531335	17.943942960108288	19.63289622291769	32.99062842166067	0.0
20.0	30.46446674252612	17.582583359194512	19.522171649253476	32.43077824902589	0.0
21.0	29.803647772721003	17.40061715625431	19.69383533305751	33.10189973796718	0.0
22.0	28.767819896226577	18.218958473392977	19.48768337039527	33.525538259985176	0.0
23.0	29.34175087802461	17.581607808493676	20.550731507616728	32.52590980586499	0.0
24.0	30.298525470324122	18.70093159940364	18.294164792264535	32.7063781380077	0.0
25.0	29.618937644341802	17.47139016235221	19.159973803040227	33.749698390265756	0.0
26.0	31.06727098825537	17.664773853325634	19.817669513067305	31.450285645351695	0.0
27.0	29.334344317736317	18.120602971777164	19.48801681910416	33.05703589138236	0.0
28.0	29.670523767264328	17.52841129386626	19.645795817788613	33.15526912108079	0.0
29.0	29.550222497921485	17.98248448114691	19.72283608386427	32.74445693706733	0.0
30.0	29.841725255031708	17.9517335263303	19.490108905431487	32.716432313206504	0.0
31.0	29.773731873131304	18.202693504054043	19.429676796746424	32.59389782606822	0.0
32.0	29.658990543073177	18.13920423946059	19.466189870963575	32.73561534650266	0.0
33.0	30.330334212386024	17.830980574659154	19.569695089370356	32.268990123584466	0.0
34.0	29.47508586252516	18.190789331931377	19.564158805810642	32.769965999732825	0.0
35.0	29.984615318316386	18.145736460833703	19.598877823218373	32.27077039763154	0.0
36.0	29.91725564557835	17.519393208067573	18.77348732977073	33.78986381658335	0.0
37.0	29.07457849188015	18.8308106057994	19.122159776574836	32.972451125745614	0.0
38.0	30.097581159595194	17.933555160939953	19.361929555367826	32.60693412409703	0.0
39.0	28.482638529705874	18.81616151167201	20.072152684390193	32.62904727423192	0.0
40.0	30.21466442519074	17.891288417604205	19.42109573688521	32.47295142031984	0.0
41.0	29.659373060211045	18.059004069246154	20.668666804607213	31.61295606593558	0.0
42.0	29.862700722060566	18.62485181592844	19.089988145274276	32.42245931673672	0.0
43.0	29.617830276119246	18.107473110167483	19.44474381911064	32.82995279460263	0.0
44.0	29.566990575880116	18.025677062226784	20.462756188620354	31.944576173272747	0.0
45.0	29.299113167118634	19.205946134710647	19.382709130024274	32.11223156814645	0.0
46.0	29.931491788930902	17.70348749477242	19.23748507176332	33.12753564453336	0.0
47.0	29.61140979818143	17.939475987427837	19.777012257427533	32.672101956963196	0.0
48.0	30.309615276825635	18.273811833589875	19.093445089745746	32.323127799838744	0.0
49.0	29.326112545974308	18.2047489899665	19.020968166158596	33.448170297900596	0.0
50.0	29.29577343325543	18.435713238528077	19.932819924627232	32.33569340358926	0.0
51.0	29.616261971600196	18.332664950431862	19.30893520135574	32.742137876612205	0.0
52.0	29.56195880912133	18.48544174974989	19.191361644875286	32.761237796253496	0.0
53.0	30.772050420675413	17.977135612297264	19.553752010660272	31.697061956367058	0.0
54.0	30.259707774845175	17.987631320188378	19.47032034363194	32.28234056133451	0.0
55.0	29.184582673837383	17.682829528742523	18.941298750587617	34.19128904683248	0.0
56.0	29.049551667177038	18.322773754738872	20.33779150259425	32.28988307548985	0.0
57.0	28.77938950065346	17.986741027333153	19.334204612604218	33.89966485940917	0.0
58.0	29.49100634085321	17.824267782426777	19.27317430876073	33.41155156795928	0.0
59.0	29.669059286355164	17.53485402719304	20.297294499275313	32.49879218717648	0.0
60.0	29.742729209983693	18.176327981433708	19.639976188216618	32.44096662036598	0.0
61.0	30.015529959880936	17.525128337862906	19.50390405935896	32.9554376428972	0.0
62.0	28.80179461185048	18.070792260736397	19.888268156424584	33.23914497098855	0.0
63.0	29.09194445283279	17.837128941385576	19.661522931109605	33.40940367467203	0.0
64.0	28.601381404960463	18.02772301148007	19.616640709598652	33.75425487396082	0.0
65.0	29.4636116156365	17.887234620843778	20.548252520589667	32.10090124293005	0.0
66.0	30.24794957308839	17.780145913599476	20.348518644755178	31.62338586855696	0.0
67.0	29.035793179621706	17.71408601408256	19.4899385613696	33.760182244926135	0.0
68.0	29.566125330065756	17.737259030426454	20.083961824551714	32.612653814956076	0.0
69.0	29.718943081012046	17.668962065513792	19.648096372234303	32.96399848123986	0.0
70.0	28.405747076843426	17.933295939940457	19.8235319497778	33.83742503343832	0.0
71.0	29.54450336326256	17.36556657706596	20.752559660696644	32.33737039897484	0.0
72.0	29.70235937796648	17.98227446107113	19.848461312759973	32.46690484820242	0.0
73.0	29.76626581923464	17.49748661324911	19.297632454403065	33.43861511311319	0.0
74.0	29.14298782724264	17.966144114055414	20.668660219981273	32.22220783872067	0.0
75.0	30.185854035323917	17.642972111106797	19.247780927846172	32.923392925723114	0.0
76.0	29.088594484960943	18.054632546498077	19.483450567470765	33.37332240107021	0.0
77.0	29.02522807108395	18.03077772886944	21.079637157677602	31.864357042369008	0.0
78.0	29.942344706156515	17.827828173414694	18.441494549503286	33.788332570925505	0.0
79.0	29.707055188247683	17.78081789777141	19.10442092906834	33.40770598491257	0.0
80.0	30.545509473048206	18.0164861248975	19.67588796340253	31.76211643865176	0.0
81.0	30.036641102772037	18.393919907469346	19.58507943221396	31.984359557544657	0.0
82.0	29.82693137678032	17.84031074665516	18.230038843331894	34.102719033232624	0.0
83.0	29.706038489924342	18.237612053673548	19.803018597564922	32.25333085883719	0.0
84.0	30.509074429746004	17.84630656682276	18.837264507218542	32.807354496212696	0.0
85.0	29.48016297779773	17.09669900901212	18.910344946652394	34.51279306653775	0.0
86.0	30.4175928523642	17.43013142844811	19.995683794807604	32.15659192438009	0.0
87.0	29.488037224238916	18.564639562839645	19.790052530031037	32.157270682890406	0.0
88.0	29.666383221178126	17.469882118330577	19.09976561791836	33.76396904257294	0.0
89.0	29.774504894935856	18.14752145311394	20.000604313068703	32.0773693388815	0.0
90.0	30.092074989532026	18.149953163917655	19.54165389645988	32.216317950090435	0.0
91.0	29.873387121143445	18.049134258000183	19.388217620472176	32.6892610003842	0.0
92.0	29.090814903711248	18.513945788203603	20.399573488972443	31.995665819112702	0.0
93.0	30.27223512549754	18.44041133147411	19.24252497431337	32.044828568714976	0.0
94.0	29.836853988853058	17.377921107959573	19.578384772463338	33.20684013072403	0.0
95.0	30.229636441347512	18.051004416583556	20.19626382071175	31.523095321357182	0.0
96.0	30.109017118925802	18.48369060725773	19.2250070159532	32.18228525786326	0.0
97.0	29.79547426913462	18.05068024126869	19.203053421930928	32.950792067665766	0.0
98.0	28.60621761658031	17.810017271157168	21.042746113989637	32.54101899827289	0.0
99.0	29.29998186481515	18.42362064647616	19.33556137032911	32.94083611837958	0.0
100.0	29.439112891018627	18.218343330897014	19.652456719271008	32.690087058813354	0.0
101.0	29.666478970849397	18.336293151990297	20.400658379174427	31.596569497985875	0.0
102.0	29.97604416206645	17.68695969169878	19.278373780508975	33.058622365725796	0.0
103.0	29.322265319256257	17.351677595533367	19.38322926269285	33.94282782251752	0.0
104.0	30.018559827123486	17.89367745983061	19.506988254156354	32.58077445888955	0.0
105.0	30.096040511633998	18.013271052516696	19.244335792552494	32.64635264329681	0.0
106.0	29.117927540923365	17.843113238086072	19.713645788677066	33.32531343231349	0.0
107.0	29.745309486235318	17.887076977029633	20.164825530422583	32.20278800631247	0.0
108.0	29.444063746419975	18.583188375239402	20.244935252051377	31.727812626289246	0.0
109.0	28.51088362922604	18.14701041272412	19.84931036607371	33.492795591976126	0.0
110.0	29.318143742670465	17.6243926955939	21.03852360000353	32.01893996173211	0.0
111.0	29.23424139636775	18.4187513249947	19.923503639318778	32.423503639318774	0.0
112.0	28.76750526707151	17.99125400563001	19.008816812138164	34.23242391516032	0.0
113.0	30.10430802799287	17.548317855654012	20.354700513557383	31.99267360279574	0.0
114.0	30.0272481986407	18.32474696513742	18.599006974294234	33.048997861927646	0.0
115.0	29.322236281656007	17.2359252196539	20.089198196432072	33.352640302258024	0.0
116.0	30.09509261368458	17.816130458668884	20.27049359721645	31.81828333043008	0.0
117.0	29.925653887495525	18.213006091006807	19.37343246148334	32.487907560014335	0.0
118.0	29.41815423423747	17.717950904659524	19.725213316516378	33.13868154458663	0.0
119.0	30.370077110645227	17.716553145160567	19.82247455888572	32.09089518530849	0.0
120.0	29.454760251427132	18.08372487306898	19.606446201989414	32.85506867351448	0.0
121.0	29.51247836676412	17.448023750242882	19.503124675219045	33.536373207773956	0.0
122.0	29.785085494855817	17.82305100710042	19.714081292566295	32.67778220547747	0.0
123.0	28.870742988384706	18.45737655063478	19.33431073064231	33.3375697303382	0.0
124.0	28.840045506257113	18.02047781569966	19.395221843003412	33.74425483503982	0.0
125.0	28.795386314070097	18.202889028808162	19.95537791891374	33.046346738208	0.0
126.0	29.272253967673016	17.923039267267214	19.699513676977205	33.105193088082565	0.0
127.0	29.748020224451032	17.329344724116098	18.83883755287813	34.08379749855474	0.0
128.0	28.90948821161587	17.579298447383554	20.956411730879815	32.55480161012076	0.0
129.0	30.100052124896788	17.850240097422816	18.85721929820515	33.192488479475244	0.0
130.0	30.02357836338419	17.527045769764214	19.475265834489136	32.97411003236246	0.0
131.0	29.805664601109562	17.91148539356047	20.158416025138926	32.12443398019105	0.0
132.0	30.441409499203054	17.864096618447284	18.642917884543	33.05157599780666	0.0
133.0	29.68644458626617	18.04376080161366	19.834441250867624	32.435353361252545	0.0
134.0	30.192802476687664	17.287317248560637	19.978800599560138	32.54107967519156	0.0
135.0	29.064348575469882	17.886365445953096	20.220224908551863	32.82906107002515	0.0
136.0	28.333388140123738	18.377499776858066	19.440125147391118	33.848986935627075	0.0
137.0	30.69825307138044	17.5065150494107	22.862757479936473	28.93247439927239	0.0
138.0	30.012761733705158	19.892706905515904	19.631327692962138	30.463203667816796	0.0
139.0	30.473507483922376	18.798493730199382	19.50230493426669	31.22569385161156	0.0
140.0	28.748215815015698	20.962032543534114	19.734513274336283	30.5552383671139	0.0
141.0	30.81275253910629	16.910042409873057	21.056573530323774	31.22063152069688	0.0
142.0	26.77404540714306	19.539614048851426	24.186527109384716	29.49981343462079	0.0
143.0	26.99556301714834	18.713035136107447	19.108286365271614	35.1831154814726	0.0
144.0	27.57108542766784	19.152510553905547	18.320713573983237	34.95569044444338	0.0
145.0	27.20713667840971	19.006335445148384	16.600219396803766	37.18630847963814	0.0
146.0	33.0976071445906	14.016890744066398	19.51317769256904	33.372324418773964	0.0
147.0	34.34446393743078	15.788828885338772	21.89138595132852	27.975321225901933	0.0
148.0	31.471540814490496	16.800115955936747	20.8940602571023	30.83428297247046	0.0
149.0	32.96025606828488	16.663643638303547	22.840224059749268	27.53587623366231	0.0
150.0	26.932127063978257	17.978416974319444	25.641337714849826	29.448118246852474	0.0
