# Position (bp)	A	C	G	T	N
0.0	36.16294947655894	17.15217721134881	21.445911090881506	25.23896222121074	0.0
1.0	23.25140342891822	29.191321499013807	23.054164770141103	24.50311030192687	0.0
2.0	29.95541449406786	22.95775712234565	16.980276581274087	30.106551802312403	0.0
3.0	33.051742344244985	18.585005279831044	20.78744908734349	27.57580328858048	0.0
4.0	34.82654600301659	17.2473604826546	16.96078431372549	30.96530920060332	0.0
5.0	27.339214355726455	22.61931689662972	18.14823192339591	31.893236824247907	0.0
6.0	27.14662646061063	25.699208443271772	18.98982284206559	28.164342254052016	0.0
7.0	35.888738127544094	19.65174129353234	17.14910296999849	27.310417608925068	0.0
8.0	35.421377958691394	17.54862053369516	16.96818935624906	30.061812151364393	0.0
9.0	28.510061044539903	23.129097897354736	17.846107468535685	30.514733589569676	0.0
10.0	26.110525523264567	15.298900767956633	19.944285499171812	38.646288209606986	0.0
11.0	25.547610086563793	18.02032367331577	17.922468949943546	38.50959729017689	0.0
12.0	25.502446368084307	16.38690252164095	20.08280015054573	38.02785095972902	0.0
13.0	27.822095123419626	23.126128838049368	19.205298013245034	29.846478025285972	0.0
14.0	26.800090286660144	17.350086524715973	26.822661951696634	29.027161236927245	0.0
15.0	30.600270798856627	18.986008725740934	19.926282533473746	30.48743794192869	0.0
16.0	25.19365270361736	18.74858990749793	19.237421974881553	36.82033541400316	0.0
17.0	28.490863974734943	22.43025791412888	18.903676968193096	30.17520114294308	0.0
18.0	25.360793746241733	18.971737823211065	19.685808779314492	35.98165965123271	0.0
19.0	26.922209695603154	25.749718151071026	18.136039083051482	29.19203307027433	0.0
20.0	26.898520243371145	17.952377375497633	18.78614887703748	36.362953504093745	0.0
21.0	25.888096132181747	18.07735636500188	20.923770184003004	35.11077731881337	0.0
22.0	27.738980250807238	18.10467823083277	24.95306750769693	29.203274010663062	0.0
23.0	25.36416879411323	18.914251389097462	19.312209040396453	36.409370776392855	0.0
24.0	34.72451583846269	15.74087974778562	18.330580993844766	31.204023419906925	0.0
25.0	28.356976656909104	17.030698791563463	23.005329130075808	31.60699542145162	0.0
26.0	34.27864055818141	16.370320354115087	16.58038862630355	32.77065046139995	0.0
27.0	26.068696565171738	18.366581670916453	16.47667616619169	39.08804559772011	0.0
28.0	26.604679064187163	23.672765446910617	15.551889622075585	34.17066586682663	0.0
29.0	29.219124700239806	14.965527577937651	16.23201438848921	39.58333333333333	0.0
30.0	27.09474157977646	16.472882754482036	22.803990698372214	33.62838496736929	0.0
31.0	30.15908749812397	14.46045324928711	17.567161939066487	37.81329731352244	0.0
32.0	27.134696331930247	18.129885748647023	17.032471437161757	37.70294648226098	0.0
33.0	28.490779074143774	23.9969890854347	16.61272111403839	30.899510726383138	0.0
34.0	28.742379769699706	16.075863626100702	19.583051102581468	35.59870550161812	0.0
35.0	26.239638281838733	23.044461190655614	17.912584777694047	32.80331574981161	0.0
36.0	28.032873407223104	15.298197994420567	18.17839101259142	38.49053758576491	0.0
37.0	35.735849056603776	18.226415094339625	17.471698113207548	28.566037735849058	0.0
38.0	33.15980081484835	19.405462501886223	15.753734721593482	31.68100196167195	0.0
39.0	37.114180061882124	16.5044147611501	15.915779941136519	30.465625235831258	0.0
40.0	26.225545736082783	23.604501850592946	18.770299871591508	31.39965254173276	0.0
41.0	27.033981684704457	14.735487777189132	27.32157723454174	30.908953303564672	0.0
42.0	35.85177326462564	16.254925735071236	18.672324946953623	29.220976053349503	0.0
43.0	35.95198298130983	17.550524236438232	18.325482449475764	28.172010332776175	0.0
44.0	29.65979146053733	23.411218509780042	15.678514346601721	31.250475683080904	0.0
45.0	31.849479583666934	16.21297037630104	18.294635708566855	33.64291433146517	0.0
46.0	30.54948612122684	16.662620377114187	18.87189447276847	33.91599902889051	0.0
47.0	30.35583421545477	17.36829248432538	18.93168308769644	33.34419021252341	0.0
48.0	27.166829586184427	18.670576735092865	18.336591723688496	35.826001955034215	0.0
49.0	30.160541113193705	17.635074566050037	18.979708255235924	33.22467606552033	0.0
50.0	28.021843671040834	20.873746841633384	18.306300431983047	32.798109055342735	0.0
51.0	29.437194127243067	19.151712887438826	18.4094616639478	33.00163132137031	0.0
52.0	29.102773246329527	17.56933115823817	19.477977161500814	33.849918433931485	0.0
53.0	30.273357813137498	19.102407180742553	19.363525091799268	31.260709914320685	0.0
54.0	27.895382100531265	22.95055169595423	18.389865140988967	30.764201062525544	0.0
55.0	29.11319983653453	18.504290968532896	19.08459337964855	33.29791581528402	0.0
56.0	27.6160889470242	19.113799869195553	19.74329627207325	33.526814911707	0.0
57.0	29.84366047311124	18.032250143243022	19.13726774167144	32.986821641974295	0.0
58.0	31.45570656623547	18.21680039299165	18.18405108891436	32.14344195185853	0.0
59.0	28.467272876218562	18.636847710330137	20.652084869337266	32.24379454411404	0.0
60.0	30.078701426463354	16.986391211674047	19.806525659944253	33.12838170191835	0.0
61.0	30.494708343588485	17.761916482074	20.214947903847733	31.528427270489782	0.0
62.0	27.94878108840187	19.757038496265288	21.103176557498156	31.191003857834687	0.0
63.0	33.1172028890348	17.662508207485224	19.755416940249507	29.464871963230465	0.0
64.0	27.62639527248851	18.122127380170717	22.628036769533814	31.62344057780696	0.0
65.0	30.12315270935961	19.105090311986864	19.014778325123153	31.756978653530375	0.0
66.0	28.93071422700748	17.20226843100189	21.68981671735021	32.17720062464042	0.0
67.0	28.8919940818675	17.779056386651323	19.258589511754067	34.07036001972711	0.0
68.0	26.251747101866318	18.89336512373592	20.554139603716187	34.30074817068158	0.0
69.0	27.234602417564346	20.261491653646903	21.62651097771565	30.8773949510731	0.0
70.0	27.553873992432965	19.493337720019742	19.337062016779075	33.61572627076822	0.0
71.0	28.384602730712288	18.91758512913308	20.07731534791907	32.62049679223556	0.0
72.0	28.458563081227883	18.54168381203193	21.405645625874413	31.594107480865773	0.0
73.0	28.758438992260828	17.82479828750206	20.764037543224106	32.65272517701301	0.0
74.0	29.976928147659855	17.715886618325644	21.324983520105473	30.98220171390903	0.0
75.0	29.331795336574114	17.92040866771031	22.42728845678504	30.320507538930542	0.0
76.0	29.461196243203165	18.627450980392158	19.097050584939858	32.814302191464826	0.0
77.0	28.885775506840282	18.650074171748805	19.128069886269987	33.33608043514092	0.0
78.0	28.687984176693586	18.509971979561563	19.97692434481622	32.82511949892863	0.0
79.0	28.881015161502965	20.748187211601845	17.435728411338168	32.93506921555702	0.0
80.0	29.689174705251876	16.868661884739055	20.587022837826694	32.85514057218237	0.0
81.0	26.450441528431128	17.694148716679045	20.178261946026243	35.67714780886358	0.0
82.0	29.228229467602144	17.317375154766818	20.899711101939744	32.554684275691294	0.0
83.0	28.44521509371646	18.08273470398811	21.95524729584675	31.51680290644868	0.0
84.0	27.41162867525603	17.153947803105385	20.622728774364056	34.81169474727453	0.0
85.0	28.84631266000495	17.268147658766207	21.793707159963663	32.091832521265175	0.0
86.0	30.288262988353843	17.11406624266953	20.888742050053686	31.708928718922934	0.0
87.0	32.267922035018174	16.997026759167493	21.17608192930294	29.558969276511398	0.0
88.0	32.13548120611318	19.149111937216027	17.422552664188352	31.292854192482444	0.0
89.0	31.675479180436216	17.151354923992066	18.01883674818242	33.15432914738929	0.0
90.0	29.700925313945802	16.771315267680105	19.431592861863848	34.09616655651024	0.0
91.0	29.639728970418112	18.666336142786317	17.121137002148405	34.572797884647166	0.0
92.0	28.689472814410845	16.71624524871922	18.35233845645348	36.24194348041646	0.0
93.0	31.50718889439762	17.01371674103454	19.583539910758553	31.89555445380929	0.0
94.0	30.247933884297524	16.826446280991735	19.793388429752063	33.13223140495868	0.0
95.0	31.04388792462187	16.596412926688156	19.47268369286718	32.88701545582279	0.0
96.0	29.380165289256198	16.826446280991735	20.264462809917354	33.52892561983471	0.0
97.0	30.3290888043658	18.008930047957662	19.86935670580453	31.792624441872004	0.0
98.0	32.01489449731071	19.098055440628876	18.088539511791478	30.798510550268926	0.0
99.0	30.028961522548613	18.477451386015723	20.48820852296235	31.00537856847331	0.0
100.0	31.400083090984626	16.22766929788118	19.14416285832987	33.22808475280432	0.0
101.0	31.83979974968711	18.623279098873592	19.3825615352524	30.1543596161869	0.0
102.0	31.626506024096386	17.043172690763054	19.712182061579654	31.61813922356091	0.0
103.0	30.02013085052844	19.627579265223954	19.669518537158197	30.682771347089417	0.0
104.0	28.265993265993266	18.324915824915823	18.863636363636363	34.54545454545455	0.0
105.0	29.454022988505745	17.88370520622042	19.25287356321839	33.409398242055445	0.0
106.0	32.52184239545339	18.44940198490118	17.592671134108066	31.436084485537364	0.0
107.0	29.55803457378864	19.024099463510176	18.62386102358852	32.79400493911267	0.0
108.0	33.17385732592909	17.556599743699273	17.343015805211447	31.926527125160188	0.0
109.0	28.953229398663698	17.885900291245502	20.669864656501627	32.49100565358917	0.0
110.0	26.650051564111376	18.305259539360605	19.654520453764178	35.39016844276384	0.0
111.0	31.109006371620456	18.71017737213708	19.123471672119855	31.05734458412261	0.0
112.0	27.979274611398964	18.37651122625216	20.043177892918827	33.601036269430054	0.0
113.0	28.655732014232406	18.15499435910787	17.59090514622928	35.598368480430445	0.0
114.0	31.316385164548144	17.116489639561205	19.040571130071392	32.526554065819255	0.0
115.0	26.97080929907359	20.249956301345918	18.117461982170948	34.661772417409544	0.0
116.0	29.81241234221599	17.890953716690042	17.67180925666199	34.62482468443198	0.0
117.0	29.914605158904834	18.94532969451536	19.746456554274143	31.39360859230566	0.0
118.0	30.085681476901332	16.49147601801961	20.890380708417986	32.532461796661075	0.0
119.0	25.644432633537072	19.222251749490653	23.474178403755868	31.659137213216404	0.0
120.0	26.84593539226127	20.456159034433792	20.962016329428472	31.735889243876464	0.0
121.0	31.003201707577375	18.472073995019567	18.36535040910708	32.15937388829598	0.0
122.0	27.43505044192483	17.605570931166863	18.989375948576022	35.97000267833229	0.0
123.0	30.475252841671885	17.166383245323548	18.598406873713415	33.75995703929115	0.0
124.0	31.52651889078345	17.804899937180295	19.447186574531095	31.22139459750516	0.0
125.0	28.376191332494155	17.829527063477794	18.68368998381586	35.1105916202122	0.0
126.0	31.00831225153596	18.548970003614023	17.636429345861945	32.80628839898807	0.0
127.0	30.027173913043477	17.092391304347824	21.1231884057971	31.757246376811594	0.0
128.0	29.182206858910213	18.366233057400162	20.103702356044757	32.347857727644865	0.0
129.0	31.00768105340161	17.840160936356988	18.02304316020483	33.12911485003658	0.0
130.0	30.26605504587156	19.146788990825687	17.75229357798165	32.8348623853211	0.0
131.0	31.156149239981573	18.97742975587287	19.438046982957164	30.428374021188393	0.0
132.0	29.491211840888067	17.012025901942646	22.23866790009251	31.258094357076782	0.0
133.0	29.392080312325714	19.715560513106524	19.222903885480573	31.66945528908719	0.0
134.0	27.755979073243648	19.46001494768311	19.263826606875934	33.52017937219731	0.0
135.0	28.95477575530118	17.235879151810845	21.03584162131732	32.773503471570656	0.0
136.0	27.949491142103277	17.41424802110818	19.609875612514134	35.02638522427441	0.0
137.0	29.975383450104147	16.52149214163984	18.064760462033703	35.43836394622231	0.0
138.0	28.690860725821775	18.18354550636519	18.744062321869656	34.38153144594338	0.0
139.0	29.182953570407093	18.752979311659836	18.79111450090571	33.272952617027364	0.0
140.0	28.50431447746884	18.28379674017258	20.853307766059444	32.35858101629914	0.0
141.0	29.8728813559322	17.998844375963017	19.28929121725732	32.83898305084746	0.0
142.0	32.585356417448494	17.245381564948254	18.202920978818067	31.966341038785185	0.0
143.0	32.824650077760495	20.20800933125972	18.53615863141524	28.43118195956454	0.0
144.0	31.42885047367907	18.478367028030082	17.980271510889736	32.112510987401116	0.0
145.0	30.038321705807213	19.16085290360617	17.726245455438736	33.07457993514788	0.0
146.0	30.010866343969177	19.075372913168035	17.19845895485528	33.71530178800751	0.0
147.0	29.652432969215493	17.79543197616683	18.470705064548163	34.08142999006951	0.0
148.0	29.099422195656505	18.72883044431162	19.77485554891413	32.39689181111775	0.0
149.0	30.086103323988787	18.802563075690827	18.762515018021624	32.34881858229876	0.0
150.0	28.75389721412049	17.358945992155288	19.782761741928994	34.10439505179524	0.0
151.0	29.417112839680776	18.64834831801192	20.719264572179007	31.215274270128297	0.0
152.0	29.491353001017295	18.972533062054932	17.1617497456765	34.374364191251274	0.0
153.0	30.380523731587562	18.52495908346972	19.384206219312603	31.71031096563011	0.0
154.0	30.372581309180735	17.682173734046934	19.678880197612187	32.26636475916015	0.0
155.0	28.750778169744763	20.491803278688526	17.337621913260012	33.41979663830671	0.0
156.0	30.979451340356732	16.584958798372796	19.912381349744447	32.52320851152602	0.0
157.0	31.003678402522333	18.549658434051498	20.084077771939043	30.362585391487123	0.0
158.0	27.434189660640662	21.18617189977799	18.553758325404377	32.825880114176975	0.0
159.0	33.148936170212764	15.585106382978722	19.46808510638298	31.79787234042553	0.0
160.0	27.63045337895637	18.41317365269461	21.22540633019675	32.73096663815227	0.0
161.0	29.307377930737793	17.433856743385675	19.832221983222198	33.426543342654334	0.0
162.0	30.615334703146967	17.95176814101871	20.30928949929707	31.123607656537256	0.0
163.0	28.63196783657503	17.820275996957513	18.88514614799522	34.662610018472236	0.0
164.0	27.597509013438216	17.895771878072765	19.47995192832951	35.02676718015951	0.0
165.0	29.333626084092657	16.59896805357339	20.430343616203757	33.6370622461302	0.0
166.0	26.95152920393066	19.44352434580987	20.73534282875124	32.869603621508226	0.0
167.0	27.84992784992785	17.493617493617496	20.67932067932068	33.977133977133974	0.0
168.0	30.346982037264308	18.275131094499606	18.810666071627804	32.567220796608275	0.0
169.0	27.51263335204941	18.85457608085345	20.370578326782706	33.26221224031443	0.0
170.0	28.39575812274368	17.159296028880867	17.937725631768952	36.5072202166065	0.0
171.0	30.808539632069042	16.89756983874631	17.624347036111743	34.66954349307291	0.0
172.0	29.345217689406926	19.65489658324763	17.095189121243287	33.904696606102156	0.0
173.0	29.052655782938608	16.440561048516898	19.36077259140032	35.14601057714417	0.0
174.0	31.479768786127167	19.202312138728324	17.98843930635838	31.32947976878613	0.0
175.0	28.133348821001274	17.563015448948775	21.2916715065629	33.01196422348705	0.0
176.0	29.059127170342563	16.459408728296573	17.550445800093854	36.93101830126701	0.0
177.0	27.30605487228004	19.25260170293283	19.69016083254494	33.751182592242195	0.0
178.0	26.945965246369912	19.995239228755057	19.721494882170912	33.33730064270412	0.0
179.0	27.815045519885	18.112122664111162	20.855294681360807	33.217537134643024	0.0
180.0	30.794302269435054	15.391115403186866	19.579913085465957	34.234669241912115	0.0
181.0	28.758964385559743	18.378509784854746	18.68238726145618	34.18013856812933	0.0
182.0	29.627359646972295	17.590095611669526	19.26942878156411	33.513115959794064	0.0
183.0	29.619129791692345	19.992604461974608	20.41168495008012	29.97658079625293	0.0
184.0	31.33159268929504	20.09200547059555	17.195076464005968	31.38132537610344	0.0
185.0	29.030234600426546	19.746581357420652	19.395307991469075	31.827876050683727	0.0
186.0	28.903193234885777	17.972990029029408	20.888552316041903	32.23526442004292	0.0
187.0	29.975805424678466	21.711447854323186	18.26053737425188	30.052209346746466	0.0
188.0	29.742930591259643	17.87917737789203	18.58611825192802	33.79177377892031	0.0
189.0	30.340276879285806	18.12653642127054	20.248415060163023	31.284771639280635	0.0
190.0	31.338808499543735	18.159301264502673	17.52053187328901	32.98135836266458	0.0
191.0	28.84185618509268	18.680163007756015	18.759037728408046	33.718943078743266	0.0
192.0	31.966016195406876	17.960971724412584	18.71764237355635	31.355369706624188	0.0
193.0	31.329495247021022	18.19520685500067	18.958361226402467	31.516936671575845	0.0
194.0	29.218328840970347	18.840970350404312	20.390835579514825	31.549865229110512	0.0
195.0	28.54223433242507	20.572207084468666	18.923705722070842	31.96185286103542	0.0
196.0	30.931386056764946	19.17883714521907	18.255717828602922	31.634058969413058	0.0
197.0	28.12805815741647	20.41101635677338	20.033552355654972	31.42737313015518	0.0
198.0	29.61910176236498	21.38999431495168	18.817509948834566	30.17339397384878	0.0
199.0	27.929135030519575	22.614262319487864	18.564835492035133	30.89176715795742	0.0
200.0	23.632575099843724	18.71852752213926	22.000347282514326	35.64855009550269	0.0
201.0	31.64091243561442	16.678930586215355	19.082658817758155	32.59749816041207	0.0
202.0	32.52654976537417	18.399604840701407	20.12842677204248	28.945418621881945	0.0
203.0	29.84293193717277	19.396659187235105	19.645973572675143	31.114435302916977	0.0
204.0	31.570996978851962	17.648539778449145	23.464249748237663	27.316213494461227	0.0
205.0	29.086294416243653	17.385786802030456	24.111675126903553	29.41624365482233	0.0
206.0	29.83128834355828	20.756646216768917	21.42126789366053	27.99079754601227	0.0
207.0	28.718741943799948	19.412219644238206	19.721577726218097	32.14746068574375	0.0
208.0	27.384374183433497	17.48105565717272	22.524170368434806	32.61039979095898	0.0
209.0	28.115100316789864	18.717001055966207	20.116156282998944	33.051742344244985	0.0
210.0	29.38034188034188	17.147435897435898	20.11217948717949	33.36004273504273	0.0
211.0	30.172879524581308	18.82766072393301	20.42139384116694	30.578065910318745	0.0
212.0	25.928961748633878	16.885245901639344	24.07103825136612	33.114754098360656	0.0
213.0	29.20011071132023	18.90395792969831	17.935233877663993	33.96069748131747	0.0
214.0	31.223746849621953	21.73060767292075	19.098291795015403	27.947353682441893	0.0
215.0	27.16189396087326	18.23079104054437	19.79018996314148	34.81712503544088	0.0
216.0	30.353549870652486	19.37338315607933	21.29922391491808	28.973843058350102	0.0
217.0	25.92267135325132	20.181605155243115	23.198594024604567	30.697129466900996	0.0
218.0	26.039453717754174	19.575113808801213	19.878603945371776	34.50682852807284	0.0
219.0	22.367538564721663	23.07176391683434	24.178403755868544	30.38229376257545	0.0
220.0	13.537344398340249	24.844398340248965	22.510373443983404	39.107883817427386	0.0
