# Position (bp)	A	C	G	T	N
0.0	25.037608058176374	25.027902752840536	25.41403525798781	24.520453930995277	0.0
1.0	24.98214917054301	20.876111777388026	14.869914246694997	39.27182480537397	0.0
2.0	27.523927672934178	20.223301845601537	18.735315928449154	33.51745455301513	0.0
3.0	22.75415512465374	23.50207756232687	15.614265927977838	38.12950138504155	0.0
4.0	33.950061626667036	13.964325776565248	14.957276793751472	37.12833580301624	0.0
5.0	34.67740260459578	15.423333356411446	23.821458490552974	26.0778055484398	0.0
6.0	32.30156807089203	18.272006646128283	21.1360725535671	28.290352729412575	0.0
7.0	33.97622723276405	17.679351475586877	20.41868869028252	27.925732601366555	0.0
8.0	22.490034877927254	26.90928970824337	22.531556219897027	28.069119193932345	0.0
9.0	29.71918121046877	18.262217485779136	15.308014892115207	36.71058641163689	0.0
10.0	26.56508411008006	16.987399057524236	25.178357656404614	31.269159175991085	0.0
11.0	27.753794639768653	18.808545376558328	19.873258339905636	33.56440164376738	0.0
12.0	26.060191045354248	20.220926452380457	21.270915039461034	32.44796746280426	0.0
13.0	26.69985480190832	21.69397773629261	18.437391965705594	33.16877549609348	0.0
14.0	30.490393324068886	18.883565290136133	19.66620344443753	30.95983794135745	0.0
15.0	29.972484548483884	18.93934156492402	18.758901041162563	32.32927284542953	0.0
16.0	29.637616549512373	17.741790559921483	18.483422149418374	34.13717074114776	0.0
17.0	30.07131701518942	18.12226168921814	20.200268129863307	31.606153165729133	0.0
18.0	31.445784797357984	17.457060343517252	18.702759468833342	32.39439539029142	0.0
19.0	29.9908810810064	18.59223233900272	19.535211462204842	31.881675117786035	0.0
20.0	29.74393689256678	18.21315336846977	20.011880996622207	32.03102874234125	0.0
21.0	29.82732421605194	17.898881060920015	19.73131648017682	32.542478242851224	0.0
22.0	28.157598602682793	18.5876326381266	20.354990369281115	32.89977838990949	0.0
23.0	29.964240349036288	17.540177831777765	20.0965096371569	32.39907218202905	0.0
24.0	31.285490537006755	18.418855609143534	17.999351424451298	32.29630242939841	0.0
25.0	29.83014129594878	17.86207086874931	19.393696876034884	32.91409095926703	0.0
26.0	30.61925656097359	17.694621519441455	20.388691116814307	31.29743080277065	0.0
27.0	28.639223043814148	18.309927160357574	19.292848471471142	33.75800132435713	0.0
28.0	30.084345409278683	17.363568024607066	20.371174973620505	32.18091159249374	0.0
29.0	29.679795311756468	18.229529451521024	19.781932538396287	32.30874269832622	0.0
30.0	29.960136831360867	18.161190653535268	19.583988523821347	32.29468399128252	0.0
31.0	30.332979295694994	17.864877167331063	19.477357683766225	32.32478585320772	0.0
32.0	29.671549964133977	18.473072890801745	19.37455167466755	32.48082547039674	0.0
33.0	30.857623705011655	18.025685947221035	19.856947759032156	31.25974258873515	0.0
34.0	30.170017588026347	17.768044970169328	20.060695934062146	32.00124150774218	0.0
35.0	29.91019698725377	18.426171163714617	20.280858577498208	31.38277327153341	0.0
36.0	30.339419104308778	17.73518274556327	19.06430409082444	32.861094059303504	0.0
37.0	28.58926342072409	19.343224284561426	19.344603775667156	32.72290851904732	0.0
38.0	30.595944268174918	18.148710166919575	19.412332735549732	31.84301282935577	0.0
39.0	29.020843966837262	18.930625870797755	19.810735125739747	32.237795036625236	0.0
40.0	30.366047964905746	18.455521758023465	19.419096295376637	31.759333981694155	0.0
41.0	30.708797196816068	17.76200526976507	20.65692725792879	30.872270275490077	0.0
42.0	30.330537468270613	19.43838980245006	19.637733142037302	30.593339587242024	0.0
43.0	30.08173823072944	18.762545266425246	19.392998792895327	31.76271770994999	0.0
44.0	29.880324193826524	18.591481289877564	20.083462665976892	31.44473185031902	0.0
45.0	29.307121917571994	19.57027073633385	19.54405932057251	31.57854802552164	0.0
46.0	30.5656915425631	18.053016768639676	19.44155118539314	31.939740503404085	0.0
47.0	29.829486666574695	18.88821443845103	19.811138548981198	31.471160345993077	0.0
48.0	30.81173175879813	18.457102652889485	19.460730889676768	31.27043469863562	0.0
49.0	29.501762421449808	18.63683081443875	19.37697884404467	32.48442792006677	0.0
50.0	30.154240935930687	18.297831245516253	19.819546382649964	31.728381435903096	0.0
51.0	30.066910395254194	19.232944747189073	19.633717320825	31.066427536731737	0.0
52.0	29.70103747033828	18.596517852215662	19.40566193918658	32.29678273825948	0.0
53.0	30.999944815407538	18.334391038022186	19.751255449478506	30.914408697091773	0.0
54.0	30.75803458718191	18.062041706043445	19.753461132533612	31.426462574241032	0.0
55.0	29.41359067925804	18.041347341119014	18.764270489145808	33.78079149047714	0.0
56.0	29.335844266931556	18.829242718982382	20.51791454547963	31.31699846860643	0.0
57.0	28.016114456792423	18.315018315018314	19.60707214944503	34.06179507874423	0.0
58.0	29.95778262189233	18.45147760823377	18.988162578295302	32.6025771915786	0.0
59.0	29.711999448142656	17.91673852309178	20.58014003380126	31.7911219949643	0.0
60.0	29.65977759995585	19.015065809442344	19.63728925802268	31.687867332579124	0.0
61.0	30.61099192196522	18.086933727002435	19.145149385007002	32.15692496602534	0.0
62.0	29.291124570577114	18.08335977704502	19.746554269394736	32.87896138298312	0.0
63.0	29.496005849808917	18.173728287413255	19.78104606724521	32.54921979553262	0.0
64.0	28.175854195266314	18.747801132718457	19.57905919523182	33.49728547678341	0.0
65.0	29.934258179786287	17.935168769531113	20.719365898414054	31.41120715226854	0.0
66.0	30.11637612875187	18.53602003297439	20.226129786632267	31.121474051641474	0.0
67.0	29.223032401818422	17.57507191589462	20.011589324025085	33.19030635826188	0.0
68.0	29.604028697571742	18.616859823399558	19.526766004415013	32.25234547461368	0.0
69.0	29.756895100649842	17.96313414920184	19.84298900371142	32.4369817464369	0.0
70.0	28.75433743334322	18.13547278885754	19.78145544602267	33.32873433177657	0.0
71.0	30.107133741264768	17.84711539124856	20.830717651197926	31.215033216288745	0.0
72.0	30.63279961920267	18.25619657972254	19.46274463813906	31.648259162935727	0.0
73.0	30.60865486102967	17.397333038997235	18.91293400202816	33.08107809794494	0.0
74.0	29.44349781662401	18.482467456315234	20.48993163584186	31.584103091218896	0.0
75.0	30.284425251277945	18.3458771100794	19.46895329024069	31.90074434840196	0.0
76.0	29.288971364316808	18.256886429956058	18.866024186149186	33.58811801957795	0.0
77.0	29.078567043094942	18.29896729420043	21.323270717927137	31.299194944777486	0.0
78.0	29.94522551359704	17.72858345175844	18.915134038825038	33.41105699581948	0.0
79.0	30.655030871649824	17.713773239971026	19.191473215825603	32.43972267255355	0.0
80.0	31.327869531023634	17.843591760144598	19.91873283938353	30.90980586944824	0.0
81.0	30.264501352171752	18.45093548209062	19.49886859098184	31.78569457475578	0.0
82.0	30.430763287157127	17.9714664164689	18.734477620177714	32.86329267619626	0.0
83.0	29.847811689386834	18.190849384623874	20.046636127821625	31.91470279816767	0.0
84.0	31.004056515260224	18.105993708262044	18.97317732766709	31.916772448810644	0.0
85.0	29.71714384270438	17.48120041393584	18.94653328734046	33.855122456019316	0.0
86.0	30.26836840289755	17.865470852017935	19.885477750948603	31.98068299413591	0.0
87.0	29.628352041062715	19.06118703819964	20.266438540452157	31.04402238028548	0.0
88.0	29.995377684564918	17.80419319898723	19.090852644723316	33.10957647172454	0.0
89.0	29.936046471517567	18.968740729497963	20.082235820874928	31.012976978109542	0.0
90.0	30.837053032445894	18.679673540348674	18.77694913383328	31.706324293372152	0.0
91.0	29.8941689433452	18.079587162292686	20.02649225929299	31.999751635069128	0.0
92.0	29.442972652261503	18.722576372216242	20.05615807048045	31.77829290504181	0.0
93.0	30.39662773289547	18.5040049121403	19.789992204046996	31.30937515091723	0.0
94.0	30.613258639364734	16.962751902419505	20.36951437421954	32.05447508399622	0.0
95.0	30.651203543364126	17.944490054985614	21.182225227151992	30.222081174498268	0.0
96.0	30.05622822449895	18.72779330090724	19.48049260064162	31.73548587395219	0.0
97.0	30.281558957659215	18.57212835390464	19.768460705242752	31.377851983193395	0.0
98.0	28.891066019966743	17.96455109320344	21.09823997350646	32.04614291332335	0.0
99.0	29.778250010349254	18.63417461259297	19.572506865004346	32.01506851205343	0.0
100.0	30.47891687065234	18.22871288497974	20.203570786485773	31.088799457882143	0.0
101.0	29.944548416164135	18.581132598599847	20.765925001732864	30.70839398350315	0.0
102.0	30.636541174671788	18.064175359830976	19.526433937742812	31.77284952775442	0.0
103.0	29.780798048440495	17.564035546262417	19.758146018470114	32.89702038682697	0.0
104.0	30.316422502709695	18.095171497500086	20.030768154959617	31.557637844830598	0.0
105.0	30.83184226221801	18.193874329017998	19.3811177770761	31.593165631687892	0.0
106.0	29.668851789524087	17.89312848099929	20.06886305546363	32.369156674013	0.0
107.0	29.85396251209914	17.904605797695336	20.48198729678746	31.759444393418068	0.0
108.0	29.455996371419257	19.173363949483353	20.362574591430313	31.00806508766708	0.0
109.0	28.83509295794675	18.40460701716967	20.173474103302407	32.58682592158117	0.0
110.0	29.484977011084577	17.526463984032507	21.41925366218769	31.569305342695227	0.0
111.0	29.208727730275385	19.0654579770654	19.781091824187136	31.944722468472076	0.0
112.0	29.341072479157397	18.319964413322047	19.078333739901563	33.260629367618996	0.0
113.0	30.717551755175514	18.04068406840684	20.131773177317733	31.109990999099914	0.0
114.0	30.244780521658665	18.32022439419351	19.041697993175642	32.39329709097218	0.0
115.0	29.855577327817695	17.49473836998331	20.373757166702955	32.27592713549605	0.0
116.0	29.950725989853638	18.385182809493266	20.627296052247946	31.036795148405155	0.0
117.0	30.878605945233563	18.22594816224923	19.518963244984626	31.376482647532583	0.0
118.0	30.01580708010146	17.962724699481676	20.346285336176155	31.67518288424071	0.0
119.0	30.94270007010294	17.499169833597758	19.693760838283588	31.864369258015717	0.0
120.0	29.887032853068636	18.218452535279084	19.996296159117005	31.898218452535275	0.0
121.0	29.71220828655758	17.83624644070569	19.70529414825994	32.74625112447679	0.0
122.0	29.652099937315302	18.19124802244709	20.437449628369304	31.719202411868302	0.0
123.0	29.0160913340525	18.944774062087976	19.64970634064485	32.38942826321467	0.0
124.0	29.359172154280337	17.695578551269993	19.16613358419567	33.779115710254	0.0
125.0	29.40553942912433	18.142235123367197	20.341225205611998	32.11100024189647	0.0
126.0	29.9929347949951	18.178848447554145	19.910203523486107	31.918013233964643	0.0
127.0	30.232842294974304	17.413151885877493	19.109257944053702	33.244747875094504	0.0
128.0	29.719504240052185	17.690802348336597	21.6054641034496	30.98422930816162	0.0
129.0	30.113312263932784	17.576505048947816	19.558313420180376	32.751869266939025	0.0
130.0	30.151566757493185	17.847411444141688	19.90958632648006	32.09143547188506	0.0
131.0	30.431943278290884	17.97042634574121	20.635475946139252	30.962154429828654	0.0
132.0	30.596805171686885	18.282818819193956	19.040146156368575	32.08022985275058	0.0
133.0	30.264902220723087	18.015233642660476	19.966897027792378	31.75296710882406	0.0
134.0	30.766077861067103	17.348877170580217	20.661007196512884	31.224037771839804	0.0
135.0	29.895462105013067	18.19672131147541	20.249465431218816	31.658351152292706	0.0
136.0	28.632165605095537	18.324044585987263	20.170382165605098	32.873407643312106	0.0
137.0	30.656256256256253	18.125325325325324	23.134334334334334	28.084084084084083	0.0
138.0	30.837078923203325	19.90317851561871	19.84920980136291	29.410532759815055	0.0
139.0	30.994142571273485	19.05244140545883	20.180988876556512	29.772427146711173	0.0
140.0	28.952404218069294	21.628598184113024	20.069215422824804	29.34978217499287	0.0
141.0	31.876964379256158	16.93786013619696	20.912454164484025	30.27272132006286	0.0
142.0	26.878146697818288	19.859159564316037	25.042778637006812	28.219915100858863	0.0
143.0	28.21219114739724	19.097368704039177	19.34800770942419	33.342432439139394	0.0
144.0	28.442000349420542	19.479363389046497	18.828775613773825	33.249860647759135	0.0
145.0	27.351551504590844	19.829435024462168	17.18132162723678	35.63769184371021	0.0
146.0	33.29818730862989	14.639865714068815	19.829105969482004	32.23284100781928	0.0
147.0	34.710729687033	16.305025404551472	22.50971350497417	26.474531403441354	0.0
148.0	32.20530026999397	17.231556965232816	21.181857104161754	29.38128566061146	0.0
149.0	33.12979533644737	17.11970285328381	22.95289549214925	26.79760631811957	0.0
150.0	28.526275613654256	17.47095727678252	26.095512988716873	27.907254120846353	0.0
