# Position (bp)	A	C	G	T	N
0.0	44.87341047084431	16.473822889219843	19.028525604307482	19.624241035628366	0.0
1.0	19.3241695303551	41.37457044673539	20.446735395189002	18.854524627720505	0.0
2.0	24.665523156089193	37.1412235563179	14.899942824471127	23.293310463121784	0.0
3.0	43.06444241316271	17.904478976234003	16.007769652650822	23.02330895795247	0.0
4.0	46.220598310116465	15.631422699246404	14.53528202786024	23.612696962776887	0.0
5.0	23.539479689639435	38.64673664993154	14.90187129164765	22.91191236878138	0.0
6.0	24.23896933074906	36.917113214000686	16.24672215254817	22.597195302702087	0.0
7.0	46.74643874643875	14.826210826210826	15.430199430199428	22.997150997150996	0.0
8.0	45.112097416638214	17.16171617161716	13.804483896665529	23.921702515079094	0.0
9.0	20.71826343902716	36.25411978633936	15.933628821456983	27.093987953176494	0.0
10.0	19.920544835414304	15.15323496027242	16.03859250851305	48.88762769580023	0.0
11.0	20.33340893626673	16.318893173055116	15.479700612383759	47.867997278294396	0.0
12.0	19.911654774040095	15.573677653188355	14.950730547060823	49.56393702571072	0.0
13.0	22.0789503449836	37.993439656147494	15.767447121366363	24.160162877502543	0.0
14.0	23.61706931587266	14.416346805147889	37.79634228945586	24.170241589523595	0.0
15.0	43.71338440739071	15.085624155024785	18.56692203695358	22.634069400630917	0.0
16.0	21.13500731899561	16.766129940322035	16.732349960590025	45.366512780092336	0.0
17.0	22.640449438202246	37.80898876404494	15.370786516853933	24.179775280898877	0.0
18.0	20.763187429854096	18.40628507295174	14.725028058361392	46.10549943883277	0.0
19.0	21.728893373696604	39.320551631348806	15.31561834286355	23.63493665209104	0.0
20.0	19.87014440837345	17.40736594649054	16.198365610657113	46.524124034478895	0.0
21.0	20.527728085867622	16.916368515205722	17.576028622540253	44.9798747763864	0.0
22.0	22.21602320910511	15.108234769024772	37.32425797812988	25.351484043740236	0.0
23.0	22.213553276861347	15.994204190815871	15.804725813642442	45.98751671868034	0.0
24.0	44.92157080876627	13.305150739793081	15.352097007453555	26.421181443987095	0.0
25.0	21.711621711621714	14.585414585414586	35.98623598623599	27.716727716727718	0.0
26.0	46.62896429363495	13.118208028387668	14.737192282102463	25.51563539587492	0.0
27.0	21.510855117412493	17.766947275143995	12.915374390784226	47.80682321665928	0.0
28.0	22.785090144895477	35.60446853224201	13.41665744939719	28.19378387346532	0.0
29.0	24.13259668508287	13.602209944751381	15.027624309392266	47.23756906077348	0.0
30.0	24.012393493415956	14.341042381321234	35.39891556932611	26.247648555936703	0.0
31.0	24.383744170552966	12.29180546302465	14.512547190761715	48.81190317566067	0.0
32.0	22.86510590858417	15.36231884057971	14.927536231884059	46.845039018952065	0.0
33.0	24.944021495745634	36.54276757725034	13.390058217644423	25.12315270935961	0.0
34.0	27.221974095578382	11.790978115230013	13.644484144707459	47.342563644484144	0.0
35.0	22.876111173624395	35.658827500843934	14.594351299651176	26.870710025880502	0.0
36.0	23.455807075418043	14.787851211466272	15.595495393015584	46.1608463201001	0.0
37.0	44.74104494638376	14.989733059548255	15.890942276979239	24.378279717088752	0.0
38.0	44.01098272508867	15.513099187735957	15.673263928612288	24.802654158563094	0.0
39.0	44.77270124813924	14.118859498454139	14.07305622351998	27.03538302988664	0.0
40.0	20.0	36.3001745200698	16.230366492146597	27.469458987783597	0.0
41.0	22.864820656618765	13.073957237995092	38.9881995560229	25.073022549363245	0.0
42.0	46.539995308468214	14.74313863476425	15.09500351864884	23.621862538118695	0.0
43.0	47.88782392616258	15.039640279256894	13.809016684416045	23.263519110164477	0.0
44.0	26.178822967649516	35.836218216545305	13.549003223110898	24.43595559269428	0.0
45.0	29.05233380480905	15.063649222065065	18.217821782178216	37.66619519094767	0.0
46.0	28.211394531846643	17.41255536887124	19.993890331449517	34.38215976783259	0.0
47.0	32.42703533026114	17.480798771121353	18.556067588325654	31.53609831029186	0.0
48.0	28.643989533630908	18.56241342157919	19.101123595505616	33.692473449284286	0.0
49.0	28.13078346699568	18.152375077112893	20.9284392350401	32.788402220851324	0.0
50.0	26.83641975308642	21.91358024691358	20.13888888888889	31.11111111111111	0.0
51.0	30.040322580645164	18.62593052109181	18.889578163771713	32.44416873449131	0.0
52.0	30.243826195686154	18.84964051266021	21.397311659893717	29.509221631759925	0.0
53.0	31.37440758293839	17.977883096366508	19.210110584518166	31.437598736176938	0.0
54.0	28.632546347646965	22.27856124227539	19.901758833782285	29.18713357629536	0.0
55.0	31.607369758576876	18.599110546378654	16.31194409148666	33.481575603557815	0.0
56.0	28.319287645094608	18.96962951184608	21.195738591190967	31.515344251868342	0.0
57.0	30.186276070689384	19.041553892692246	19.69431619168922	31.077853844929155	0.0
58.0	28.753993610223645	20.431309904153355	20.031948881789138	30.782747603833865	0.0
59.0	24.220124780035192	19.1649336106223	22.23644216925292	34.37849944008959	0.0
60.0	28.29010566762728	17.050912584053794	20.7492795389049	33.90970220941403	0.0
61.0	30.882588499119013	17.63575204228736	21.94457792727855	29.537081531315074	0.0
62.0	31.757731132831278	18.47460342893767	19.01938791860279	30.748277519628264	0.0
63.0	31.984585741811177	18.754014129736674	19.82980089916506	29.43159922928709	0.0
64.0	25.884244372990356	19.82315112540193	22.266881028938908	32.02572347266881	0.0
65.0	29.407025459233	19.110538188849503	19.174991943280695	32.307444408636805	0.0
66.0	29.17472598323662	16.795615731785947	22.195357833655706	31.834300451321727	0.0
67.0	29.004678173899016	19.809646717212452	17.38990159703178	33.79577351185675	0.0
68.0	26.70546395085677	18.71968962172648	20.142256708697058	34.43258971871969	0.0
69.0	29.410812560699256	20.055033991583038	19.893169310456457	30.640984137261253	0.0
70.0	29.442282749675748	20.671206225680933	19.763294422827496	30.123216601815823	0.0
71.0	28.956338256776498	22.33403668235676	19.72082454147054	28.9888005193962	0.0
72.0	29.679100830754194	19.351685942335887	20.768854862355433	30.200358364554486	0.0
73.0	30.687397708674304	17.46317512274959	19.950900163666123	31.898527004909983	0.0
74.0	31.676814217541548	18.51242389336844	20.931380615435245	28.879381273654765	0.0
75.0	34.020448548812666	19.739445910290236	18.66754617414248	27.572559366754618	0.0
76.0	29.98513133983149	20.337022963819592	17.792830001652074	31.885015694696843	0.0
77.0	29.603187780175993	20.37190768719907	16.901876141457745	33.12302839116719	0.0
78.0	28.706939590614077	18.00632384756199	20.635713097021135	32.6510234648028	0.0
79.0	30.313646980313646	18.51851851851852	19.01901901901902	32.14881548214882	0.0
80.0	30.900283948555202	19.141473191915818	18.17270753298814	31.78553532654084	0.0
81.0	27.371773382500837	19.05799530673818	19.979886020784445	33.59034528997654	0.0
82.0	32.94038396766588	17.12697878073425	22.22970697204446	27.702930279555403	0.0
83.0	31.93929173693086	17.06576728499157	21.231028667790895	29.763912310286678	0.0
84.0	27.289593523359756	20.30696576151122	20.728622027323325	31.6748186878057	0.0
85.0	30.538214948540578	18.896574995782014	21.275518812215285	29.289691243462123	0.0
86.0	30.35835023664638	18.931710615280593	22.58282623394185	28.127112914131168	0.0
87.0	29.187817258883246	19.035532994923855	21.79357021996616	29.983079526226735	0.0
88.0	33.16352521650535	18.15248768891153	17.541178468330788	31.142808626252332	0.0
89.0	31.549439347604487	16.3438668025824	18.416581719334012	33.69011213047911	0.0
90.0	28.32851555857847	16.37476619622513	21.322904267981635	33.97381397721476	0.0
91.0	28.904389248043554	18.237495746852673	19.037087444709087	33.82102756039469	0.0
92.0	29.735720375106567	17.459505541346974	18.192668371696506	34.612105711849956	0.0
93.0	31.683168316831683	17.634004779788324	19.8702628883578	30.812564015022193	0.0
94.0	30.447404371584703	17.127732240437158	18.42554644808743	33.99931693989071	0.0
95.0	30.270362765229297	17.21423682409309	20.396988364134156	32.11841204654347	0.0
96.0	30.865467009425878	14.858611825192803	19.365895458440445	34.91002570694087	0.0
97.0	28.855721393034827	17.27569051295248	20.8268999828444	33.0416881111683	0.0
98.0	31.66236003445306	19.53488372093023	16.709732988802756	32.093023255813954	0.0
99.0	26.420943851188426	20.70272132276955	19.238718566999655	33.63761625904237	0.0
100.0	32.216850828729285	17.196132596685082	18.283839779005525	32.303176795580114	0.0
101.0	30.80117667416508	20.453365634192767	19.622772105900673	29.122685585741475	0.0
102.0	29.54861111111111	16.458333333333332	19.010416666666664	34.98263888888889	0.0
103.0	28.6758308682791	18.89681572994606	20.480250565512442	31.9471028362624	0.0
104.0	26.65620641562064	18.32287308228731	21.896792189679218	33.12412831241283	0.0
105.0	27.54585152838428	18.480349344978166	19.737991266375545	34.23580786026201	0.0
106.0	30.099982459217685	20.101736537449572	19.049289598316086	30.748991405016664	0.0
107.0	30.52520267888615	20.215015861825872	19.245682058512514	30.014099400775468	0.0
108.0	32.44058176658389	19.17346576800284	17.328840014189428	31.05711245122384	0.0
109.0	27.974390894540278	18.97563578161124	20.949670994131246	32.10030232971724	0.0
110.0	24.183473139389612	18.66857040870962	22.30947706585758	34.83847938604319	0.0
111.0	28.551009469358586	19.510452027872073	18.813650169733787	33.12488833303556	0.0
112.0	27.632521489971346	19.50214899713467	18.982808022922637	33.882521489971346	0.0
113.0	28.576557171064444	15.293484114162629	21.32471728594507	34.80524142882786	0.0
114.0	30.295389048991357	16.084293948126803	22.172190201729105	31.448126801152736	0.0
115.0	27.44496571634789	20.20931071815229	17.881631180079395	34.46409238542042	0.0
116.0	29.762981726072006	18.400578975936313	19.648995838610457	32.18744345938122	0.0
117.0	26.897301213548268	20.79333454084405	18.384350661112116	33.92501358449556	0.0
118.0	29.70369023813852	16.815124522814035	20.614433739320123	32.86675149972732	0.0
119.0	23.235455042859748	20.554440999452854	24.566842969177458	31.64326098850994	0.0
120.0	25.910338517840803	20.60384263494968	22.561756633119852	30.92406221408966	0.0
121.0	27.137886833913207	19.923091008972715	20.911920893609228	32.02710126350485	0.0
122.0	26.60297629983465	16.626860187396655	21.2750321513871	35.495131361381596	0.0
123.0	29.355432780847146	17.07182320441989	20.03683241252302	33.53591160220994	0.0
124.0	30.42675041566599	16.811380011084427	20.17365601330131	32.58821355994827	0.0
125.0	28.071798667653592	19.300518134715023	21.299037749814953	31.328645447816434	0.0
126.0	30.392883617494444	19.125277983691625	18.198665678280207	32.28317272053373	0.0
127.0	30.809205642167782	18.188567186340016	21.306607275426874	29.695619896065327	0.0
128.0	31.206992746884882	19.3974335131114	18.653524270039053	30.742049469964666	0.0
129.0	29.72922502334267	18.954248366013072	21.38188608776844	29.934640522875817	0.0
130.0	30.102899906454635	18.671655753040227	18.914873713751167	32.31057062675398	0.0
131.0	30.816785312851252	20.382165605095544	17.66579243162233	31.135256650430872	0.0
132.0	29.88182329769274	18.439317201275557	22.00337647720878	29.675483023822924	0.0
133.0	28.850488354620584	21.093163035311797	18.933132982719762	31.12321562734786	0.0
134.0	29.759217456734387	20.805116629044395	17.400300978179082	32.035364936042136	0.0
135.0	30.050933786078097	15.129220901716659	20.222599509526503	34.59724580267874	0.0
136.0	30.19081806159078	18.118269412431516	19.686378235405254	32.00453429057246	0.0
137.0	30.215827338129497	17.17152593714502	19.17834153729648	33.434305187429004	0.0
138.0	32.07977207977208	16.866096866096868	19.240265906932574	31.813865147198477	0.0
139.0	30.523311132254992	20.019029495718364	20.456707897240722	29.000951474785918	0.0
140.0	32.11219232970807	16.35184125166953	19.17572982255295	32.360236596069456	0.0
141.0	35.252486610558535	17.214996174445293	19.03213465952563	28.500382555470544	0.0
142.0	33.179900268507865	17.60644418872267	18.200997314921366	31.0126582278481	0.0
143.0	31.95084485407066	18.932411674347158	19.25883256528418	29.857910906298002	0.0
144.0	28.947874591267553	19.022889017118676	18.25351029044047	33.775726101173305	0.0
145.0	32.01542912246866	19.51783992285439	18.70781099324976	29.758919961427193	0.0
146.0	30.125847047434657	20.46466602129719	17.96708615682478	31.442400774443367	0.0
147.0	30.43900543900544	18.88111888111888	18.68686868686869	31.993006993006993	0.0
148.0	27.02492211838006	19.39252336448598	19.859813084112147	33.72274143302181	0.0
149.0	32.390243902439025	19.336585365853658	17.6390243902439	30.634146341463413	0.0
150.0	28.613338548797184	16.467827107373363	20.63367885781342	34.28515548601604	0.0
151.0	28.546238244514104	19.06347962382445	19.3769592476489	33.01332288401254	0.0
152.0	26.123650637880274	18.233562315996075	20.43179587831207	35.21099116781158	0.0
153.0	29.69887817358788	16.68962802597914	20.606179885849244	33.005313914583745	0.0
154.0	29.950641658440276	15.281342546890425	20.533070088845015	34.23494570582428	0.0
155.0	29.628164556962027	19.20490506329114	19.046677215189874	32.120253164556964	0.0
156.0	31.15697559039492	16.808890652907323	19.785671760269896	32.248461996427864	0.0
157.0	30.46937151949085	18.377088305489263	20.007955449482896	31.145584725536995	0.0
158.0	27.8220981252493	20.32309533306741	18.767451136816913	33.08735540486637	0.0
159.0	30.84	15.5	21.64	32.019999999999996	0.0
160.0	27.25085221576098	16.723481050731902	24.202927611790656	31.822739121716463	0.0
161.0	28.052208835341364	17.048192771084338	23.27309236947791	31.626506024096386	0.0
162.0	29.646017699115045	18.90587288817377	20.01206757843926	31.436041834271922	0.0
163.0	29.92744860943168	17.533252720677147	20.354695687222893	32.18460298266828	0.0
164.0	31.70337441907456	16.69024045261669	19.114972721761973	32.49141240654678	0.0
165.0	29.682121887021662	16.055881757440776	24.417898359991902	29.84409799554566	0.0
166.0	33.33333333333333	18.91727493917275	18.896999188969993	28.852392538523926	0.0
167.0	33.3604225924421	17.73669240146282	18.955709061357172	29.947175944737914	0.0
168.0	27.661306737227765	19.60105841644616	20.35416242621616	32.38347242010991	0.0
169.0	28.33809718252348	18.19109840751327	20.518579011841567	32.95222539812168	0.0
170.0	25.890298812934915	18.522308636921817	21.756037658616457	33.83135489152681	0.0
171.0	28.193561615747388	20.01230264506869	18.002870617182694	33.79126512200123	0.0
172.0	31.786447638603697	20.718685831622178	16.878850102669404	30.616016427104725	0.0
173.0	29.206088029617444	19.93006993006993	18.67544220485397	32.18839983545866	0.0
174.0	28.795056642636457	21.00926879505664	17.61071060762101	32.58496395468589	0.0
175.0	30.42311661506708	17.502579979360164	19.442724458204335	32.631578947368425	0.0
176.0	29.372800662388737	16.621817429103704	20.099358310908713	33.90602359759884	0.0
177.0	26.72753683336792	18.883585806183856	19.44386802241129	34.94500933803694	0.0
178.0	29.172744321733695	16.75349031048135	21.52531777453636	32.54844759324859	0.0
179.0	27.470686767169177	18.927973199329983	20.95896147403685	32.642378559463985	0.0
180.0	28.54740382594072	18.64620559175951	19.213790203910026	33.59260037838974	0.0
181.0	29.58430048533446	18.52711542519519	19.35007385524372	32.53851023422663	0.0
182.0	32.90226839092644	15.179139283442867	21.115115539537843	30.803476786092855	0.0
183.0	30.49585018088955	20.32347307937859	20.366035326665248	28.81464141306661	0.0
184.0	33.376068376068375	18.461538461538463	17.84188034188034	30.320512820512818	0.0
185.0	28.013728013728013	21.664521664521665	21.45002145002145	28.871728871728873	0.0
186.0	31.305095678348742	16.018060632122125	20.44721565254784	32.229628036981296	0.0
187.0	29.83401595171373	19.93964216425954	19.961198534166847	30.265143349859887	0.0
188.0	30.74929820773051	18.44094148132153	19.585402720794644	31.22435759015331	0.0
189.0	33.13122563880468	18.860978778692076	19.09917713295799	28.90861844954526	0.0
190.0	31.923660811103883	18.932986337020168	17.54500108436348	31.598351767512472	0.0
191.0	27.865999564933652	17.315640635196868	19.752012181857733	35.06634761801175	0.0
192.0	32.58304195804196	17.22027972027972	18.312937062937063	31.88374125874126	0.0
193.0	26.364234056541747	16.26123164584703	23.405654174884944	33.968880122726276	0.0
194.0	27.462620932277925	17.832014072119613	19.525065963060687	35.180299032541775	0.0
195.0	26.146384479717817	18.98148148148148	21.56084656084656	33.311287477954146	0.0
196.0	30.709705947380055	16.714569975679858	16.957771390669908	35.61795268627018	0.0
197.0	27.94052374611629	18.974700399467377	20.505992010652463	32.57878384376387	0.0
198.0	29.841765099175394	19.567639848451083	18.00757744595498	32.583017606418544	0.0
199.0	28.75641884349185	21.522661308327752	18.66488055369502	31.056039294485377	0.0
200.0	25.52095003360968	19.874523862872508	20.389872283217567	34.21465382030024	0.0
201.0	31.084120557804766	17.83625730994152	17.858749437696805	33.22087269455691	0.0
202.0	33.57400722021661	18.185920577617328	17.17057761732852	31.069494584837543	0.0
203.0	33.50678733031674	16.76470588235294	19.90950226244344	29.81900452488688	0.0
204.0	32.96203682655149	17.822232325528528	21.050238690611504	28.16549215730848	0.0
205.0	33.9191965304725	17.64437343072358	19.767176443734307	28.66925359506962	0.0
206.0	31.67545267018107	16.869126747650697	20.215448086179236	31.239972495989	0.0
207.0	28.735368372733532	18.980950195088365	19.095708056001836	33.18797337617627	0.0
208.0	26.243093922651934	19.613259668508288	19.912523020257826	34.23112338858195	0.0
209.0	29.43213296398892	17.566943674976915	19.71375807940905	33.287165281625114	0.0
210.0	29.87494210282538	17.78601204261232	17.832329782306626	34.50671607225567	0.0
211.0	30.54198650849035	18.748546173528727	19.00441963247267	31.70504768550826	0.0
212.0	27.851644506648004	17.68136225798927	19.687427105201774	34.77956613016095	0.0
213.0	27.661574618096356	17.81433607520564	21.222091656874266	33.30199764982374	0.0
214.0	28.510738730233655	19.730941704035875	22.279915034222327	29.47840453150814	0.0
215.0	32.29092632077707	19.450367211561243	18.952854773750296	29.305851693911393	0.0
216.0	30.527817403708983	18.901569186875893	20.066571564431765	30.50404184498336	0.0
217.0	27.522060577152395	21.249701884092534	20.510374433579777	30.71786310517529	0.0
218.0	27.501196744853996	18.07084729535663	18.573480134035425	35.85447582575395	0.0
219.0	26.59293099302717	18.00913681173359	22.81798509257033	32.57994710266891	0.0
220.0	30.821256038647345	20.265700483091788	18.067632850241548	30.845410628019327	0.0
221.0	33.065888645757354	18.040359834670557	15.536105032822759	33.35764648674933	0.0
222.0	32.958984375	19.6533203125	17.7978515625	29.58984375	0.0
223.0	32.171779141104295	18.085889570552148	16.539877300613497	33.20245398773006	0.0
224.0	31.419418432725482	19.418432725480532	18.210941350418924	30.95120749137506	0.0
225.0	32.327479594360625	18.525847143210488	19.119465743259955	30.027207519168936	0.0
226.0	31.939258152850385	18.595967139656462	22.902663679362707	26.56211102813045	0.0
227.0	29.129129129129126	18.01801801801802	21.196196196196198	31.656656656656658	0.0
228.0	26.831109992449033	20.035237855524795	21.746790838157565	31.386861313868614	0.0
229.0	30.159131093710535	21.343773680222277	19.222025764081838	29.275069461985346	0.0
230.0	27.083861160374965	22.751456802634912	20.395236888776285	29.769445148213837	0.0
231.0	31.27865511971472	20.50433010697911	17.982679572083544	30.234335201222617	0.0
232.0	28.257537046499742	21.742462953500254	19.46857434849259	30.53142565150741	0.0
233.0	27.78633795582948	19.82537236774525	19.619928094504367	32.7683615819209	0.0
234.0	25.709128416709643	20.577617328519857	24.239298607529655	29.473955647240846	0.0
235.0	27.946127946127948	18.6998186998187	22.92152292152292	30.43253043253043	0.0
236.0	30.29121164846594	18.174726989079563	22.02288091523661	29.51118044721789	0.0
237.0	27.011494252873565	20.715778474399162	20.245559038662485	32.02716823406478	0.0
238.0	27.95275590551181	19.711286089238843	24.04199475065617	28.293963254593173	0.0
239.0	29.232804232804234	17.539682539682538	19.444444444444446	33.783068783068785	0.0
240.0	27.653333333333336	17.44	21.04	33.86666666666667	0.0
241.0	29.241490217099976	16.83194853926561	24.819083355668724	29.107477887965693	0.0
242.0	26.429341963322546	18.635382955771306	24.865156418554477	30.070118662351675	0.0
243.0	26.847090663058186	17.212449255751014	24.384303112313937	31.55615696887686	0.0
244.0	27.67638245709616	19.476981748842277	22.09207300463089	30.754562789430672	0.0
245.0	29.695640252262134	16.89059500959693	20.537428023032632	32.87633671510831	0.0
246.0	26.80011120378093	22.101751459549625	22.768974145120936	28.329163191548513	0.0
247.0	24.978855370735833	21.313786298280238	22.526078376092475	31.181279954891455	0.0
248.0	24.21943390720747	21.126349576889407	24.598774438284213	30.05544207761891	0.0
249.0	19.112036073534515	22.407214706902533	24.349635796045785	34.13111342351717	0.0
250.0	16.92461308037943	17.77333999001498	24.113829256115828	41.18821767348976	0.0
