# Position (bp)	A	C	G	T	N
0.0	26.653872841041924	24.255343089146294	25.105486550855456	23.985297518956326	0.0
1.0	26.427651753114677	20.648624440975052	15.223516679003055	37.700207126907216	0.0
2.0	27.349945479777954	20.45933287073751	17.764918715305313	34.425802934179224	0.0
3.0	23.800293830788036	22.260768651464833	14.887220829886788	39.05109939628884	6.172915715008827E-4
4.0	33.59789659917436	14.552413013563987	14.240343031256142	37.60689011205032	0.0024572439551798705
5.0	35.28759299432536	14.649287298844236	22.66487725361866	27.395178389773385	0.003064063438369428
6.0	31.078265438925584	17.56741068428031	21.009281380414393	30.34504249637971	0.0
7.0	34.694176088745316	17.560113369701032	19.845183311492395	27.89930820101789	0.0012190290433669582
8.0	24.06015037593985	26.750127746550845	21.35253181497433	27.83719006253498	0.0
9.0	28.017639341075856	18.255260216725787	16.242285825355946	37.484814616842414	0.0
10.0	26.879065139306864	16.695587807009026	24.97997767207067	31.444155907193476	0.0012134744199592273
11.0	27.28727563694557	19.09109094546182	19.988846254099304	33.632787163493305	0.0
12.0	26.395905263795505	20.366466775698104	20.923132836634565	32.31449512387183	0.0
13.0	26.890466420958987	21.788098307279846	18.19447218238046	33.12635789804947	6.051913312393714E-4
14.0	30.462910849264997	19.17064579966957	20.525063998983278	29.84137935208216	0.0
15.0	29.13270030320086	18.748827441795722	19.12586164115785	32.99261061384557	0.0
16.0	29.91944903381204	17.729685239988623	18.71433153591508	33.63653419028426	0.0
17.0	29.790543280258053	18.78211296501389	20.146214225627432	31.280524337769382	6.051913312393714E-4
18.0	31.387038012067514	18.085537742757374	18.65502278545362	31.872401459721488	0.0
19.0	30.153658079001676	18.62839436687909	19.681427283235596	31.535915079552403	6.051913312393714E-4
20.0	30.488328885177047	17.40772345176928	20.22670467268227	31.877242990371407	0.0
21.0	29.488552805969608	17.82833142698064	18.922517353861423	33.75999322185709	6.051913312393714E-4
22.0	28.642495324896966	18.538220858524422	20.256359047912998	32.56292476866561	0.0
23.0	29.706421685215783	17.42466880904398	19.679611709241875	33.189297796498366	0.0
24.0	30.440518770009138	18.086142934088613	18.831738654175517	32.641599641726735	0.0
25.0	29.067944830758247	18.07040795947639	19.18456520028807	33.67587162681482	0.0012103826624787427
26.0	30.692883555135957	17.386541755175898	20.863971144477325	31.055393162548338	0.0012103826624787427
27.0	28.65520434285299	18.512802822612368	20.05180437795409	32.78018845658055	0.0
28.0	29.782070601620703	17.87674673347979	20.36771425286104	31.972863220707225	6.051913312393714E-4
29.0	29.704785882011187	18.390665472415215	19.001912416180495	32.90263622939311	0.0
30.0	29.872904436240393	18.44822368819222	18.758094776977547	32.920777098589845	0.0
31.0	29.847837402704307	18.421116343255576	19.219455507269185	32.508564442131004	0.003026304639930274
32.0	29.101749288783974	18.881423642636644	19.072695357423886	32.9441317111555	0.0
33.0	29.93504488743334	17.467053289828137	19.242573747964478	33.35532807477405	0.0
34.0	29.226251740630865	18.741296845674153	19.267421444572257	32.76502996912272	0.0
35.0	30.217955024382544	17.703000601213358	19.10522448335125	32.97321260483279	6.072862200683805E-4
36.0	30.785873601429415	17.834243936235513	18.53618810888339	32.84247886570684	0.0012154877448448127
37.0	28.744510808082037	19.35479946963154	19.57801647061686	32.3214568102473	0.001216441422263311
38.0	30.41416299867892	18.507357283314764	19.287223226733392	31.79125649127293	0.0
39.0	30.078529881595472	18.68925823405319	19.322740741644008	31.908861438657677	6.097040496542978E-4
40.0	29.5417935038924	19.2855874120306	18.95361585623549	32.21777824055076	0.0012249872907568583
41.0	29.241699450221326	17.870577298388834	20.829408541578168	32.05769905620302	6.156536086536271E-4
42.0	28.62807589682775	19.373208815100305	19.229914023124813	32.76880126494713	0.0
43.0	29.031518695641402	18.499269023961144	20.222018485021188	32.24719379537627	0.0
44.0	29.428307146005476	18.988968420007076	19.77241546283593	31.809067375204087	0.0012415959474308277
45.0	29.519643046056764	19.00705071160536	19.776219250371827	31.695842382680016	0.001244609286029883
46.0	29.59669776026338	17.519454282436275	19.71679054222577	33.16581034568763	0.0012470693869406893
47.0	30.153267712601178	18.97359348456081	19.451384031178176	31.421754771659838	0.0
48.0	30.531853668301473	18.352767490741666	18.818811930737663	32.29531578420578	0.001251126013412071
49.0	27.837500705183256	19.108899099245924	20.04475563049651	33.00884456507431	0.0
50.0	29.518216230491596	18.7035476690519	19.431693851629213	32.34654224882729	0.0
51.0	30.77588930308966	18.055853920515574	19.010551589056675	32.157705187338095	0.0
52.0	28.874178916741837	18.890314711525022	19.83813383815925	32.39673726606274	6.352675111489448E-4
53.0	30.297709874927374	18.7366324243914	19.511073939053432	31.454583761627795	0.0
54.0	29.758737201146367	18.949676542434172	19.02789621147521	32.26176661045964	0.0019234344846157298
55.0	28.911093799293074	18.46112244963656	18.70577706813631	33.922006682934054	0.0
56.0	29.168874814192463	18.090221676468687	20.962321463193952	31.778582046144898	0.0
57.0	27.68617279948128	19.501377857027073	19.087048143945534	33.72540119954612	0.0
58.0	30.417536398691663	17.83812254930649	21.951711177438337	29.791329340694357	0.0013005338691532875
59.0	28.0557748647714	21.412119353512683	20.948851290951918	29.583254490764	0.0
60.0	30.658691274947696	19.148154706858445	19.859118902858942	30.334035115334924	0.0
61.0	28.76229686664951	21.17073428211371	19.09964833105705	30.964021561990723	0.003298958189003913
62.0	31.042600449545798	16.820726987378137	21.054171598813625	31.082500964262437	0.0
63.0	25.790342716765334	20.883170230759937	24.893614165089335	28.43287288738539	0.0
64.0	25.73441257154469	21.2788295458394	17.757984217834526	35.22809631862363	6.773461577539201E-4
65.0	27.52178307066182	19.567889432137882	19.147250826254407	33.76239381606621	6.828548796809702E-4
66.0	27.413794289882397	19.419079142037283	17.285182458144384	35.881255978144935	6.881317910006125E-4
67.0	33.661245372488665	14.114776146305616	17.615046517754394	34.6075454432012	0.001386520250128253
68.0	34.175694473717485	15.890345515603704	23.272070704941758	26.659079093425508	0.002810212311540137
69.0	32.023098912018206	16.95120282832065	20.490203843578314	30.53549441608283	0.0
70.0	31.81013051584835	16.644655065257925	22.863579863269113	28.681634555624612	0.0
71.0	26.040773695153074	19.603496014267837	24.919447811049693	29.436282479529396	0.0
