# Position (bp)	A	C	G	T	N
0.0	27.73357289527721	24.69199178644764	19.73177618069815	27.842659137577	0.0
1.0	26.19994866529774	21.258983572895275	13.85395277207392	38.687114989733054	0.0
2.0	27.77777777777778	20.284834488067744	18.475750577367204	33.46163715678727	0.0
3.0	22.957547774785173	23.162754905732974	14.903167885084006	38.97652943439785	0.0
4.0	32.57245447550654	13.484226724801232	14.721723518850988	39.22159528084124	0.0
5.0	36.045393344874014	16.17618772840931	22.22222222222222	25.556196704494454	0.0
6.0	32.455128205128204	17.55128205128205	20.647435897435898	29.346153846153843	0.0
7.0	35.108632955200925	17.913221816317375	20.04101775299622	26.937127475485482	0.0
8.0	24.45526788003076	25.98051781594463	21.456036913611896	28.108177390412713	0.0
9.0	29.287362214816714	18.431171494488595	15.617790310176877	36.663675980517816	0.0
10.0	27.574495354053184	17.347004165331626	25.177827619352772	29.900672861262418	0.0
11.0	27.88849727651394	19.243832105094523	18.295418135213072	34.57225248317847	0.0
12.0	26.13097526592336	20.36396257849545	21.14571318723568	32.35934896834551	0.0
13.0	26.092528514673845	21.856978085351788	17.762399077277973	34.2880943226964	0.0
14.0	31.216761709489333	18.613442685974242	19.247773434997118	30.92202216953931	0.0
15.0	30.79633544749824	17.95758857069639	19.860336985072717	31.385738996732655	0.0
16.0	31.244794669741815	16.926132359536165	18.566211800884105	33.26286116983791	0.0
17.0	29.944262925235442	18.0665000960984	19.668140175539754	32.3210968031264	0.0
18.0	31.928251121076233	17.69378603459321	19.071108263933375	31.306854580397182	0.0
19.0	29.05643456537057	19.704054833130485	19.140349753379027	32.099160848119915	0.0
20.0	30.771693884085817	18.270893371757925	18.744796669868716	32.212616074287546	0.0
21.0	29.81366459627329	17.525773195876287	19.113786258564385	33.54677594928604	0.0
22.0	29.55113017865147	17.634628930012166	19.16501248639303	33.64922840494333	0.0
23.0	30.106287616852352	17.473428095786915	19.586374695863746	32.83390959149699	0.0
24.0	31.843790012804096	17.765685019206146	18.898847631241996	31.49167733674776	0.0
25.0	28.687580025608195	18.092189500640206	20.102432778489117	33.11779769526248	0.0
26.0	30.388579476345946	18.475129633186096	19.56980987132706	31.5664810191409	0.0
27.0	29.549964790986493	17.84776902887139	20.017924588694704	32.58434159144741	0.0
28.0	30.898732556650877	17.1680962744847	18.48674945589553	33.446421712968885	0.0
29.0	30.120327700972858	18.023553507424474	20.1036866359447	31.75243215565796	0.0
30.0	30.273349977594265	18.078228026374752	19.179309903335255	32.46911209269573	0.0
31.0	30.153649167733676	17.42637644046095	19.3854033290653	33.03457106274008	0.0
32.0	30.091555157180355	18.266214226262885	20.09731736987003	31.54491324668673	0.0
33.0	29.528138805301236	19.015301875920354	19.00249695883219	32.45406235994622	0.0
34.0	30.27470064673113	17.333674841518857	18.473458410706282	33.91816610104373	0.0
35.0	31.53614650701159	16.91105846193251	19.677274764679517	31.875520266376384	0.0
36.0	30.210667861945318	17.634628930012166	19.305884612921815	32.848818595120704	0.0
37.0	29.213627049180328	18.583504098360656	18.557889344262296	33.64497950819672	0.0
38.0	29.886014344262296	19.23027663934426	19.52484631147541	31.35886270491803	0.0
39.0	29.18988152417547	19.065001601024655	19.506884406019854	32.23823246878002	0.0
40.0	30.53474223503042	18.520653218059557	18.847262247838618	32.09734229907141	0.0
41.0	29.657380723663145	18.87287864233109	20.38424591738713	31.085494716618634	0.0
42.0	30.090309357586627	18.087491193236403	20.78396208287965	31.038237366297317	0.0
43.0	29.93659130212003	19.009799526035994	19.36847498879139	31.685134183052583	0.0
44.0	29.637458365359983	18.479374839866768	20.99666922879836	30.886497565974892	0.0
45.0	30.649500384319754	18.447348193697156	19.715603382013835	31.187548039969254	0.0
46.0	30.190250464416117	18.23714047786817	19.012234962526424	32.56037409518929	0.0
47.0	28.71052463006854	18.4549356223176	20.51117801550189	32.32336173211197	0.0
48.0	29.964130156290032	18.690750704586215	18.780425313861134	32.56469382526262	0.0
49.0	29.850746268656714	18.7111652040228	18.88412017167382	32.55396835564666	0.0
50.0	29.385009609224856	18.930172966047408	19.833440102498397	31.85137732222934	0.0
51.0	30.75592568866111	17.687379884689303	18.763613068545805	32.793081358103784	0.0
52.0	29.925043244282147	17.983214811967454	19.21327439297841	32.87846755077199	0.0
53.0	31.174322506246394	17.733358959574606	18.23947722467807	32.85284130950093	0.0
54.0	30.894413121476166	17.779343926191697	19.874423372629423	31.45181957970272	0.0
55.0	29.946181445412606	17.580727831881088	19.451563300871346	33.02152742183495	0.0
56.0	29.97180932854946	17.80497180932855	19.68862121988724	32.53459764223475	0.0
57.0	28.728856996412095	17.234751409533573	20.342132239876985	33.69425935417735	0.0
58.0	29.017170681701693	18.093285494618144	19.374679651460788	33.514864172219376	0.0
59.0	29.61301896463352	17.875448487954895	19.835981547924142	32.67555099948744	0.0
60.0	29.209379805228085	19.003075345976423	18.644284982060483	33.14325986673501	0.0
61.0	29.632239876986162	17.420553562275757	19.07355202460277	33.87365453613532	0.0
62.0	29.407995899538697	17.952332137365453	19.464377242439774	33.175294720656076	0.0
63.0	29.275325174601143	17.549817389632857	19.72191965143846	33.452937784327546	0.0
64.0	29.315647827758557	18.40317826476996	19.806484685377416	32.474689222094064	0.0
65.0	29.847494553376908	18.742791234140714	20.133282070998334	31.276432141484044	0.0
66.0	30.73817762399077	17.640651031654492	20.043572984749456	31.57759835960528	0.0
67.0	29.86222364626722	17.443127202819607	20.089714834988786	32.60493431592438	0.0
68.0	30.261471417585234	17.931299666752114	18.847731350935657	32.959497564726995	0.0
69.0	29.63983593950269	17.46987951807229	21.05229428351705	31.837990258907972	0.0
70.0	29.204050243527302	17.02768520892079	19.744937195590875	34.023327351961036	0.0
71.0	30.707601589539802	17.779771824125113	20.023073964876296	31.489552621458788	0.0
72.0	30.355082681707472	18.997564414818612	19.20907575951801	31.4382771439559	0.0
73.0	29.303935392898346	18.311754903217537	18.35662094603256	34.02768875785156	0.0
74.0	30.69478272016408	17.837456736315858	19.625689014228946	31.842071529291115	0.0
75.0	29.786552144093324	17.761681943465163	19.34491378757772	33.10685212486379	0.0
76.0	30.491635151592845	18.223190821101213	17.51810781360169	33.76706621370425	0.0
77.0	30.171142875456702	17.543747195692582	20.24870200628165	32.03640792256907	0.0
78.0	30.155779216616452	18.08449259567921	18.67427399192256	33.085454195781786	0.0
79.0	29.922420978393284	17.96499326793614	19.644803487850226	32.46778226582035	0.0
80.0	30.23598820058997	18.885468770039758	19.33435936898807	31.544183660382195	0.0
81.0	31.535402770651615	17.438429964084147	18.426115956900972	32.60005130836326	0.0
82.0	30.29253271747498	17.98178085706954	19.47652040030793	32.24916602514755	0.0
83.0	30.674964711920953	17.69536763762351	18.677017836519955	32.95264981393558	0.0
84.0	28.963747192813607	17.279435354507537	20.28232274623035	33.47449470644851	0.0
85.0	28.73459958932238	17.665554414784392	18.512577002053387	35.087268993839835	0.0
86.0	31.149329397420267	16.543669383302316	23.384457421549122	28.922543797728295	0.0
87.0	29.84021048578579	20.9138163383174	20.458191619072068	28.787781556824743	0.0
88.0	31.793094596329098	19.34283147221153	18.720318316005645	30.143755615453728	0.0
89.0	28.951928631024966	23.631345869969834	18.77286438611129	28.64386111289391	0.0
90.0	33.11509082739585	14.866165992682456	20.136080621349254	31.882662558572438	0.0
91.0	26.396199768904864	21.061753755295932	27.551675439722683	24.990371036076517	0.0
92.0	25.638721273590964	19.7522146617024	17.524714340736935	37.0843497239697	0.0
93.0	28.155090512260884	19.983309795865964	17.993323918346384	33.86827577352677	0.0
94.0	23.545653011429305	22.3770386541672	16.30923333761397	37.76807499678952	0.0
95.0	34.290117511076865	13.696782893469466	16.265331021640016	35.74776857381365	0.0
96.0	35.25595735114651	15.113366304836534	23.45044639989723	26.180229944119727	0.0
97.0	30.157404433022805	16.787664632187603	21.50979762287183	31.545133311917766	0.0
98.0	36.21875200822569	13.321765953344899	22.49212775528565	27.96735428314376	0.0
99.0	26.71422145106356	18.822697770066192	25.679583574320414	28.783497204549835	0.0
