# Position (bp)	A	C	G	T	N
0.0	29.468647193699532	25.0789220084405	15.501943973681588	29.95048682417838	0.0
1.0	27.556212046610867	19.894961431150502	15.194485475135403	37.35434104710323	0.0
2.0	28.017632568391026	19.324517049137818	18.092830286529235	34.56502009594192	0.0
3.0	25.628830439223698	21.188712972420838	15.682456588355464	37.5	0.0
4.0	33.955270371293295	13.708572140543234	16.814104161475203	35.522053326688265	0.0
5.0	34.74857248111991	15.702707680972555	22.56400810462332	26.984711733284218	0.0
6.0	32.07083725020469	18.19449919640962	19.568183885738545	30.16647966764715	0.0
7.0	31.90747972364073	18.20967257434665	20.258335836587563	29.624511865425053	0.0
8.0	24.559415536007158	23.47100044729387	21.550618756523036	30.418965260175934	0.0
9.0	29.121415677803096	17.962299884591484	17.172195425088034	35.744089012517385	0.0
10.0	28.27448328580249	16.740657983712108	22.650163172904477	32.33469555758092	0.0
11.0	29.058555399719495	18.884408602150536	19.980130902290792	32.07690509583917	0.0
12.0	27.803094070182567	19.710910515775115	19.972135953327722	32.51385946071459	0.0
13.0	28.175712679791314	20.191393076413107	18.72712074481884	32.905773498976735	0.0
14.0	30.481298760899495	18.319756769160165	20.54841670491051	30.65052776502983	0.0
15.0	30.257712834270382	18.687747938011928	18.956020434373126	32.09851879334456	0.0
16.0	30.031812759188774	17.741294097597002	19.184229960802135	33.04266318241209	0.0
17.0	30.322051630050613	18.72649645149433	19.747221986597676	31.20422993185738	0.0
18.0	30.898291247923883	18.331785040677868	18.191031162908537	32.57889254848971	0.0
19.0	30.036117255088612	17.9242377579304	19.24573732396338	32.79390766301761	0.0
20.0	30.178885384980326	17.83551474897441	20.13786174755114	31.847738118494124	0.0
21.0	30.023081843210324	18.17625629188798	19.177396479323676	32.62326538557802	0.0
22.0	29.864366349540955	17.751643413862926	19.82636673785815	32.55762349873797	0.0
23.0	29.953508966127963	18.08722603497897	20.281713526677	31.67755147221607	0.0
24.0	29.997239094422973	18.98398674765323	18.602981778023192	32.41579237990061	0.0
25.0	30.166997354497354	18.174052028218696	19.292879188712522	32.36607142857143	0.0
26.0	30.289017341040463	17.894302229562346	20.02202036884118	31.794660060556012	0.0
27.0	29.681055815232334	18.570250206213913	19.18339290624141	32.565301072312344	0.0
28.0	29.90805544119665	18.180321119802386	19.374228077398108	32.537395361602854	0.0
29.0	30.211447220470067	18.369305871705567	19.438883251515236	31.980363656309134	0.0
30.0	29.942681622466612	18.736801689383757	18.86295697007926	32.45755971807037	0.0
31.0	29.778131256342043	17.96067246249623	19.74330142884568	32.51789485231605	0.0
32.0	30.329127811300054	18.291278113000548	19.914975315414154	31.464618760285244	0.0
33.0	30.016456390565004	18.332419089413055	19.3993417443774	32.25178277564454	0.0
34.0	30.05567898187004	18.143668230066652	19.070736992237855	32.72991579582545	0.0
35.0	30.03264119373509	17.94442768192665	20.015360561757685	32.007570562580575	0.0
36.0	29.662039831019914	18.450650134415977	19.210511877983212	32.676798156580894	0.0
37.0	29.502619955556774	18.432964802063044	19.832103371649612	32.23231187073057	0.0
38.0	29.65432098765432	18.60082304526749	20.175582990397807	31.569272976680384	0.0
39.0	30.04061025134453	18.343211502579297	19.55054329930853	32.065634946767645	0.0
40.0	30.08757240508414	18.392950284129903	19.238476953907817	32.281000356878145	0.0
41.0	29.723198594024602	18.291410369068544	20.128514938488575	31.85687609841828	0.0
42.0	29.80248880586765	18.646814822954152	19.19896711809466	32.35172925308354	0.0
43.0	29.735374130966445	18.05116649721085	19.70542167019318	32.50803770162952	0.0
44.0	29.990378006872852	18.40274914089347	19.96426116838488	31.6426116838488	0.0
45.0	29.685136807369723	18.84779320775471	19.46102021174206	32.006049773133505	0.0
46.0	29.588973258501156	18.006492791900516	19.549906459777706	32.85462748982062	0.0
47.0	29.920739762219284	18.686701893439015	19.773778071334213	31.618780273007484	0.0
48.0	30.557238037553	18.83982159572711	18.768239634381366	31.83470073233853	0.0
49.0	29.839642916184495	18.402490769824215	19.17947870171378	32.57838761227751	0.0
50.0	29.564449838634044	18.721209279232063	20.0948886988663	31.619452183267594	0.0
51.0	30.438024745912507	18.606385329209015	18.816283694211226	32.13930623066726	0.0
52.0	30.006638636866562	18.068156671830053	19.21608763000664	32.70911706129675	0.0
53.0	30.350711950800598	18.145049587234748	20.11745803091584	31.386780431048813	0.0
54.0	30.171146431444342	18.398934842306733	19.059110704280048	32.37080802196888	0.0
55.0	29.47973667398128	18.257826171495235	19.699452792977972	32.56298436154551	0.0
56.0	29.59399332591769	17.981090100111235	20.411568409343715	32.01334816462737	0.0
57.0	29.636950832451696	18.792805835514226	19.126900161478925	32.44334317055515	0.0
58.0	29.75413948820873	17.826280871940682	19.440263143223504	32.97931649662708	0.0
59.0	29.839497557571526	18.006978367062107	20.34333565945569	31.81018841591068	0.0
60.0	29.963363816875017	18.522247392119027	19.534636574656712	31.979752216349244	0.0
61.0	29.912516823687753	18.28174069089278	18.876177658142666	32.929564827276806	0.0
62.0	29.643168461603352	18.451761662401935	20.195146641172006	31.709923234822707	0.0
63.0	29.88722864392444	18.288694671553426	19.278263321116437	32.5458133634057	0.0
64.0	29.553488109040522	17.967932584905128	19.492124536945397	32.98645476910896	0.0
65.0	29.300663603879528	18.138506040496853	20.324995746128977	32.23583460949464	0.0
66.0	30.211205548764887	18.0960231956565	19.446260553170926	32.24651070240769	0.0
67.0	29.556074766355138	18.096079325279234	19.195919762935947	33.15192614542968	0.0
68.0	29.54013139103113	18.163381890888317	20.428449014567267	31.86803770351328	0.0
69.0	29.807224084099566	18.48414539829853	19.223167483028273	32.485463034573634	0.0
70.0	29.288258272058826	17.715992647058822	19.809857536764707	33.185891544117645	0.0
71.0	29.945522151442656	18.12469374225348	19.9665638601447	31.963220246159167	0.0
72.0	30.07729944124374	18.21892823021916	19.220636345212935	32.48313598332416	0.0
73.0	30.00843587282194	17.764784594350875	19.367600430520408	32.859179102306776	0.0
74.0	30.103351629101947	18.346373934368795	20.31998131495971	31.23029312156954	0.0
75.0	30.39831055317651	18.202616296122486	18.979879157623042	32.41919399307796	0.0
76.0	29.879809108584222	17.90196193955105	19.6341247864255	32.58410416543923	0.0
77.0	30.117097403749483	18.18262463776687	20.35306641433556	31.347211544148085	0.0
78.0	30.162075516504395	18.629779149845643	19.039420565186415	32.16872476846355	0.0
79.0	29.905873942571194	17.991183128797807	19.114142737995948	32.988800190635054	0.0
80.0	29.952167414050823	18.33183856502242	19.781763826606877	31.93423019431988	0.0
81.0	30.087964213876127	18.352397249992496	19.280074454351677	32.2795640817797	0.0
82.0	29.898556850431735	18.075599299559205	19.135317915584807	32.89052593442425	0.0
83.0	29.867088415097783	18.099698895951825	19.8363697192737	32.196842969676695	0.0
84.0	30.373817469307777	18.253069222055537	19.153170253803996	32.21994305483268	0.0
85.0	30.29518703395575	17.640352498921548	19.140937942934617	32.92352252418808	0.0
86.0	30.299931833674165	18.04238706079197	19.814711532502944	31.84296957303092	0.0
87.0	30.340962167211583	18.499143702319788	19.202864704966526	31.957029425502103	0.0
88.0	30.008138224615	18.023037435833228	19.638162013271565	32.330662326280205	0.0
89.0	30.609357313545466	18.242988303358068	19.639039114576782	31.508615268519684	0.0
90.0	29.636886515185033	18.440097335903673	19.343930727175046	32.579085421736245	0.0
91.0	29.929443173150265	18.036486142893466	19.673277396389523	32.36079328756674	0.0
92.0	30.017591556053098	18.116104269950423	19.926435311050696	31.939868862945787	0.0
93.0	30.093518219929056	18.05546597871654	19.25185424056756	32.59916156078685	0.0
94.0	29.727709903821157	18.260982583831556	19.40148167403171	32.60982583831557	0.0
95.0	30.095494372067076	17.737013093558232	20.26384012076264	31.90365241361205	0.0
96.0	30.183562096907558	18.28013891185712	19.484041673557137	32.05225731767819	0.0
97.0	30.123251165889407	18.121252498334446	19.62025316455696	32.13524317121919	0.0
98.0	29.99698016978157	17.900882461497165	20.56839915444754	31.533738214273733	0.0
99.0	29.938438641591127	18.732241915843595	19.073873630090652	32.25544581247463	0.0
100.0	29.904982460920206	17.85580492456493	19.619929843680822	32.61928277083404	0.0
101.0	30.458942169170612	18.234204568841324	19.743431433079508	31.563421828908556	0.0
102.0	29.814244698882703	17.952886644297624	19.24314227403231	32.98972638278737	0.0
103.0	29.587988826815643	17.950418994413408	19.647346368715084	32.814245810055866	0.0
104.0	30.614115490375802	17.898187971515195	19.847704998942394	31.639991539166605	0.0
105.0	30.221208990845295	18.131300537883373	19.064581626473835	32.582908844797494	0.0
106.0	29.950005395101247	17.92612308024314	19.27130165809445	32.85256986656116	0.0
107.0	30.05589430894309	17.89343786295006	20.009436701509873	32.04123112659698	0.0
108.0	29.74328926648845	18.20046142014868	19.614018383564655	32.44223092979822	0.0
109.0	29.116777531411675	17.642276422764226	19.896526237989654	33.34441980783444	0.0
110.0	29.240005966587113	18.13096658711217	20.532517899761338	32.09650954653938	0.0
111.0	29.335238381711537	18.438862986915325	19.77365017295834	32.4522484584148	0.0
112.0	29.363153904473087	17.941622441243364	19.64746019711903	33.04776345716452	0.0
113.0	30.028708133971293	17.645933014354068	20.4555023923445	31.869856459330144	0.0
114.0	29.920253948590897	18.209972127593684	19.35583772065655	32.51393620315887	0.0
115.0	29.994908150875403	17.51987779562101	19.764208217461128	32.72100583604246	0.0
116.0	30.249504950495048	18.01188118811881	19.861386138613863	31.87722772277228	0.0
117.0	30.009215112784965	17.833246524299852	19.32369085299892	32.83384750991626	0.0
118.0	30.049021593809506	18.12178422395981	19.46683952517927	32.36235465705141	0.0
119.0	30.35035362413638	17.85290871182699	19.802951637300193	31.993786026736437	0.0
120.0	30.69809685010114	17.83428972464187	19.473227923874003	31.994385501382983	0.0
121.0	29.88999083256938	17.57229769147429	19.718309859154928	32.8194016168014	0.0
122.0	29.759097035040433	17.932951482479783	20.148247978436657	32.15970350404312	0.0
123.0	29.623951279758103	18.278608236446487	19.32626378774328	32.77117669605213	0.0
124.0	29.59223300970874	18.13160733549083	19.624595469255663	32.65156418554477	0.0
125.0	30.015320639089516	18.231560516524404	19.9080761654629	31.84504267892318	0.0
126.0	29.959586090509394	18.097437491672956	19.53635031309677	32.40662610472088	0.0
127.0	30.302210193955798	17.546233649075326	19.29634641407307	32.85520974289581	0.0
128.0	29.829779445410452	17.81824837558342	20.577468655623683	31.774503523382446	0.0
129.0	29.94617668893838	18.55976243504083	19.2047141796585	32.28934669636229	0.0
130.0	29.639732856739727	17.735866804627975	19.570125105822594	33.05427523280971	0.0
131.0	29.542533441233875	18.222497262817157	20.340838768029705	31.894130527919266	0.0
132.0	30.04871460955964	17.81700670428785	19.336323735108284	32.797954951044225	0.0
133.0	29.821559520899537	17.888046932290393	19.985333659252017	32.30505988755805	0.0
134.0	30.31943961448656	17.7952208256744	20.32391077549804	31.561428784341	0.0
135.0	29.56486582099358	18.50204679840299	19.75539495628443	32.177692424319	0.0
136.0	29.512245317966663	18.064416546614527	19.875488783700348	32.54784935171846	0.0
137.0	29.925134809695823	17.81058583320245	21.758023140149728	30.506256216951993	0.0
138.0	30.52816713745137	19.14938975643554	19.634386825134573	30.688056280978522	0.0
139.0	30.961278093690765	17.70376387760628	19.83753046303818	31.497427565664772	0.0
140.0	29.578628477003583	19.460203800605893	19.746626273753787	31.21454144863674	0.0
141.0	31.658263305322127	16.868347338935575	20.089635854341736	31.38375350140056	0.0
142.0	29.55723972875947	18.508177104108498	22.61097498432959	29.32360818280244	0.0
143.0	27.781316962992992	18.850987432675044	19.424335437539817	33.94336016679215	0.0
144.0	29.088978050507436	18.769176303988672	18.598064668397452	33.543780977106444	0.0
145.0	27.803611329186545	18.672625158524063	18.49749381001268	35.02626970227671	0.0
146.0	31.7478013130187	15.31648705561749	18.716710021057846	34.21900161030596	0.0
147.0	33.118515176902754	16.034027195978602	21.56989108719469	29.277566539923956	0.0
148.0	31.386910817226177	16.412343167175315	21.322482197355036	30.87826381824347	0.0
149.0	33.83676809761179	13.748977010639091	22.26024849341567	30.154006398333454	0.0
150.0	29.03054448871182	14.590526781761842	24.648074369189906	31.73085436033643	0.0
