# Position (bp)	A	C	G	T	N
0.0	31.191828607591027	14.63179341534567	26.3582007192801	27.80843379072962	0.009743467053575563
1.0	27.894467237824944	17.11883095522218	20.30287273769133	34.67736567474463	0.006463394516919141
2.0	29.56750888046375	18.852906351122545	19.305800360232492	32.26992752924478	0.0038568789364270646
3.0	31.204271421427066	18.332962349474506	20.263523807045996	30.198086108726212	0.0011563133262220064
4.0	32.06182955942924	18.05252873884224	19.895743752666352	29.989512742162727	3.852068994407759E-4
5.0	32.267964446429055	18.145659546457154	19.736350793180303	29.84877414089777	0.0012510730357190975
6.0	27.85463400747104	18.030522780519895	17.75295552383847	36.361599156718746	2.885314518517948E-4
7.0	27.589352486451258	19.666198220159608	19.521338667599714	33.22282225242666	2.8837336276023296E-4
8.0	27.013345295718423	19.507300865191667	19.596058176383064	33.88310354731466	1.9211539218916447E-4
9.0	30.648129393570834	17.361078446148248	19.71026791242569	32.27966029291912	8.639549361105324E-4
10.0	28.92899182922044	20.395002556666377	21.333630092107146	29.3416080424186	7.674795874413478E-4
11.0	27.299389744056835	19.993480376412386	20.00076701453972	32.70549997363387	8.628913571842897E-4
12.0	28.33823315216141	18.964694473617637	20.073669766265226	32.62301931052458	3.832974311406165E-4
13.0	29.045991617343308	18.479573378888613	20.91402941111693	31.56021407661982	1.915160313281924E-4
14.0	29.158815541543415	18.62776527871215	20.118338665240145	32.09488912090047	1.9139360381715403E-4
15.0	29.341435331290622	18.504821798123306	20.62088540531029	31.53228366938646	5.737958893262488E-4
16.0	29.629300467208893	18.906335559002205	20.56531415951614	30.89895425098932	9.556328343974305E-5
17.0	29.068472478247166	19.511170116237977	19.80534675593845	31.6150106495764	0.0
18.0	28.91278204100332	18.984556942694613	20.14555415569045	31.95701141526362	9.54453479937388E-5
19.0	28.466543282898627	18.85377115491023	20.7341970197096	31.945393142660894	9.539982064833718E-5
20.0	28.632879622689728	18.91262017419895	19.596523649595778	32.85740440894605	5.721445694898187E-4
21.0	28.74476987447699	18.52765413978136	20.19862563261883	32.52818787468667	7.624784361567275E-4
22.0	29.234080338105244	18.572446632762137	19.764027537742447	32.42935021827072	9.527311945153171E-5
23.0	28.767898212916716	18.246629874242288	18.812039598680045	34.173432314160955	0.0
24.0	29.097180372567443	18.204147614165063	18.996712640198325	33.701959373069165	0.0
25.0	30.275567281417842	18.028418084096895	19.127336963401415	32.56763071909422	0.0010469519896370788
26.0	29.021626404574558	18.601467132241705	18.79156636822926	33.58495951590344	3.8057905102613625E-4
27.0	29.72999451181292	18.42813375957936	18.779682103659205	33.06161892958475	5.706953637659806E-4
28.0	29.931157766621023	17.97248212383995	18.954434809067397	33.141354784725394	5.705157462345961E-4
29.0	29.84344050701248	18.488790294680093	18.680402690177203	32.98698632480582	3.801833243990252E-4
30.0	29.992506342981258	18.12352361643127	19.250805473032344	32.632879276044264	2.852915108658027E-4
31.0	30.09428845989173	18.298811641913172	19.274140604930402	32.33218842468816	5.708685765392044E-4
32.0	29.873237183759432	18.83809320694501	18.88750728357777	32.40040064438241	7.616813353797172E-4
33.0	30.422385960364867	17.88793678504858	19.70292708400834	31.985511334398097	0.001238836180115345
34.0	30.40130210791591	18.7042615047661	19.474026970873247	31.41955126096413	8.581554806099768E-4
35.0	29.77755004479915	18.868027148570004	19.043025311757226	32.3100616310325	0.001335863841123805
36.0	30.037821677617227	18.148103234751257	19.699068924063507	32.11386034147408	0.0011458220939325856
37.0	29.716124434049785	18.550269372718407	20.361692228174313	31.37124519079652	6.687742609805568E-4
38.0	30.36564412015838	18.273026897661527	19.22478589247246	32.135778163852855	7.649258547807388E-4
39.0	30.14323664285769	18.356740390283488	19.3424971100036	32.15609042817881	0.001435428676419926
40.0	30.101040480366116	18.268988551172036	19.955231471681557	31.673398548135744	0.0013409486445403755
41.0	30.372004421525116	18.227574325626342	19.391436314986688	32.007355147596684	0.0016297902651668762
42.0	30.30945938165697	17.918993609303932	19.563590304565608	32.20642140211488	0.0015353023586082487
43.0	30.43560522388203	18.281762320666758	19.46576029227309	31.815239459940187	0.0016327032379386448
44.0	30.873836613036087	17.935118498946068	18.928400819308933	32.2615867718709	0.001057296838009629
45.0	30.32643849769413	17.80366360692703	19.565819674812076	32.302539051602565	0.001539168964197006
46.0	29.912607627793413	18.394086934084566	19.615770101352815	32.07628371085901	0.0012516259101968037
47.0	29.685923753383136	18.779152282224445	19.36785856403843	32.165427428702465	0.0016379716515282758
48.0	29.612095237360446	18.412987123205234	19.643670002237428	32.33037966870607	8.679684908149646E-4
49.0	29.99254814746174	18.508490478617432	19.81256467281348	31.685238382059953	0.0011583190473984154
50.0	28.99882134714225	18.97428218108745	19.47086215558218	32.554681763728404	0.001352552459713259
51.0	29.725610640589974	17.89990697026723	19.998974932258495	32.374056889325566	0.0014505675587334805
52.0	29.279939441576996	18.494325551859923	20.314950263878295	31.90913913336405	0.0016456093207311928
53.0	30.152829689524417	18.669816741978405	19.16248438609871	32.01322178862387	0.0016473937745958315
54.0	29.03426694577391	18.51002904241512	20.02267908034292	32.43253992119553	4.8501027251757195E-4
55.0	29.21743166570696	18.903660517737446	19.822746927396544	32.05451012645813	0.001650762700919669
56.0	29.94405370067029	18.183081955738746	19.321645044791065	32.55053880515037	6.804936495360492E-4
57.0	29.48694496393007	18.1091069020342	20.210737103080003	32.19175149796736	0.001459532988364603
58.0	29.475478498027563	18.455559343495835	20.15993766132567	31.90678420104223	0.0022402961087030636
59.0	28.958309155328603	18.343035418054363	19.80990480611597	32.886800126001944	0.0019504944991178886
60.0	29.364509763139985	18.14263548633102	20.168595664320232	32.3224038113205	0.0018552748882685111
61.0	29.388011310527162	18.263548580122098	20.81193706466008	31.53415646229238	0.0023465823982854305
62.0	29.312740042665546	18.570674728543136	19.71876765289549	32.39625114912089	0.001566426774932864
63.0	29.291408213064784	17.82023491949581	20.070215066729805	32.81667122544997	0.0014705752596300622
64.0	29.12169411894055	18.43430253161699	20.398222400230885	32.044308451059564	0.0014724981520148194
65.0	29.151230214391806	18.815286486465233	19.515050479533453	32.51784304801822	5.897715912922191E-4
66.0	29.379125016610807	18.298462946830657	20.031302139471702	32.290027118677436	0.0010827784093985166
67.0	29.492740051455442	18.969018305124845	20.141453172592584	31.39521129259613	0.0015771782309974666
68.0	29.529275764064323	18.42204762031687	19.500163380787804	32.54772347875704	7.897560739646052E-4
69.0	29.486257926028024	18.456806175306486	19.959995372672864	32.096446153435444	4.943725571816018E-4
70.0	29.761842278566004	18.548454980377166	20.288910697539002	31.400098832136887	6.932113809463919E-4
71.0	29.907560991095377	18.90644592942969	19.30574514690243	31.879950318248916	2.976143235821654E-4
72.0	29.846415279965417	18.087023060067477	19.901220827101664	32.164943331163634	3.975017018041609E-4
73.0	29.76441921991985	18.317530403138953	20.191685595013666	31.725966639659347	3.981422681766876E-4
74.0	29.845156414058273	19.209618669376187	18.83469956116516	32.110226217814045	2.9913758633858586E-4
75.0	29.808623910025272	18.05777240628465	19.837689902813707	32.29561413146618	2.9964941019007763E-4
76.0	30.228208604980463	18.65946833048969	19.545984459199143	31.5660383966857	3.002086450082807E-4
77.0	29.915792998557283	18.165111492315695	19.359188629097183	32.5595058465666	4.0103346323475597E-4
78.0	29.75687947621673	18.022173813046173	19.95130960881971	32.26903449806615	6.026038512412133E-4
79.0	29.877882518898176	18.192556639188474	20.170161558902038	31.75889620366262	5.03079348693352E-4
80.0	29.575158951219336	18.198818312228884	19.81872453932625	32.405987675042915	0.0013105221826041286
81.0	29.46109344763644	18.24331694468123	20.151881193718715	32.142597433028044	0.0011109809355671456
82.0	29.55966123272187	18.549218708098092	20.29679073763549	31.592710168584183	0.0016191529603681956
83.0	29.842849654196236	18.284253634716446	19.48719040651841	32.38398260892489	0.00172369564401832
84.0	29.371027966166274	18.226523406741343	20.400924585333637	32.000508013919585	0.0010160278391627931
85.0	29.92966708953294	18.056559551856775	20.153412897353455	31.859138696743795	0.0012217645130352091
86.0	29.785091281615927	18.074392578292404	19.533714812804323	32.604964675055406	0.0018366522319406067
87.0	30.223126636125652	17.437418193717278	19.534317735602095	32.80319453534031	0.0019428992146596857
88.0	29.913784444713198	17.84483659835973	20.15447466111301	32.08516194626594	0.00174234954811652
89.0	29.53652288419543	18.248910692164998	19.068896024257516	33.14402693635895	0.0016434630231091443
90.0	30.056509156871847	17.602051584037422	19.66990169321571	32.669375619629236	0.0021619462457803445
91.0	29.83776677257938	18.1652506560637	19.432384934734173	32.56335929381437	0.001238342808375738
92.0	29.835014839250928	17.809066580600046	19.267233754666684	33.085684907204254	0.0029999182780882866
93.0	29.621667252610038	17.619680230477975	19.6213250201969	33.13608301521275	0.0012444815023380698
94.0	30.092532906365015	17.945145661350356	19.940945291218732	32.02044041504647	9.357260194215134E-4
95.0	29.491804936323163	18.330089638558235	19.715896119762704	32.461166875326406	0.0010424300294903455
96.0	29.533489721845886	18.070922608593843	19.635539498553197	32.75963001990399	4.1815110308260995E-4
97.0	30.17777843008165	18.32141015050048	19.54283749386718	31.95703041459968	9.435109510171047E-4
98.0	29.66232930646041	18.338654720966197	19.405420351074916	32.59296483468654	6.307868119298607E-4
99.0	29.175588921537926	18.02975525872694	20.045736770022486	32.74765385552115	0.0012651941914934668
100.0	29.468165871174712	18.591143922363933	19.896674159869562	32.04274720696677	0.001268839625015596
101.0	29.581188758308297	18.42773705751403	19.52151009192021	32.468609572979894	9.545192775773875E-4
102.0	29.225659645132566	18.59846619142501	19.20101104984718	32.97337377249038	0.0014893411048570605
103.0	29.922720181322653	18.554412803564986	19.52451889524647	31.99760114564503	7.469742208525323E-4
104.0	29.408483994694695	18.916051764207165	19.120727841834206	32.553451821370885	0.0012845778930567493
105.0	29.478810396945992	18.539036870392543	19.48745483148722	32.49319452125403	0.00150337992021348
106.0	29.96082284945889	18.546221710778674	19.248522775759298	32.24303194079897	0.0014007232041651043
107.0	29.808057166640538	18.456133143786857	18.875802014021396	32.85957525013108	4.324254201283222E-4
108.0	28.94826750311553	18.653178494847573	19.468911369175252	32.92855802592861	0.0010846069330244373
109.0	29.717835315421986	18.153088053490276	19.512763141857185	32.61587818425589	4.3530497466525044E-4
110.0	29.247658693411143	18.40131567452344	19.07465972428494	33.27592909684972	4.368109307567313E-4
111.0	29.223010734777787	17.826569122939286	19.63874776998032	33.31156278902589	1.0958327671530702E-4
112.0	29.057212174001023	18.22833840326763	20.00633466845269	32.70778482363007	3.29930648577669E-4
113.0	29.21295483819697	18.109312379899094	19.188661481287713	33.48907130061622	0.0
114.0	28.774645671733722	17.58037607428431	20.232437570206514	33.41242990426434	1.1077951110786158E-4
115.0	29.36469724852252	18.01197551524182	20.365047507324856	32.25805734236964	2.223865411665286E-4
116.0	28.525045036196378	18.424994363499586	20.40547086543162	32.6438200516549	6.696832175153414E-4
117.0	28.605681965875934	18.067513120330574	20.493597816490162	32.832758922048875	4.481752544515007E-4
118.0	28.897299911703005	18.15116220213825	20.848550973235326	32.10253699194079	4.4992098262742607E-4
119.0	29.04476277153846	18.3757489255896	19.818496344859206	32.76042737030856	5.645877041831432E-4
120.0	29.534262729112694	18.041579027932897	20.284828246979654	32.13887644781078	4.535481639803387E-4
121.0	30.058381263348682	18.16126343975846	20.014026075749918	31.765190740968436	0.0011384801745062411
122.0	30.112000621971603	18.060500458475392	19.536654021435155	32.28970156796297	0.001143330154875503
123.0	30.041890395983668	18.05524295970346	19.529215335926985	32.37273265935116	9.186490347295267E-4
124.0	29.987822485043335	18.057893935689805	19.606836936616958	32.34652410363803	9.225390118684644E-4
125.0	29.92421390604748	18.299278045661612	19.20273446141836	32.57331027589011	4.633109824393555E-4
126.0	29.641329591414063	18.028813709200747	19.521043641762425	32.80846399798942	3.490596333477611E-4
127.0	29.246950143405787	18.757290086417473	19.956662700703824	32.038512693808194	5.843756647273187E-4
128.0	29.355376558720614	18.979757180095344	19.339877415870184	32.32416692107179	8.219242420684311E-4
129.0	28.960317488406222	18.618939589666997	19.877473447271466	32.54208974662981	0.0011797280255010012
130.0	28.87209667573446	18.922058448755106	20.42197843879831	31.783392303634823	4.741330773014716E-4
131.0	28.819225679974558	18.848131372621413	19.79057367140409	32.541592873978566	4.764020213737767E-4
132.0	28.436891205598396	18.71568613372775	20.282815663636754	32.56412833804813	4.7865898897648347E-4
133.0	28.629604996506153	18.5907697414551	20.66278514566528	32.11671984615033	1.20270223137345E-4
134.0	28.41589640307251	18.831947543900792	19.87340517356015	32.878629990594845	1.2088887169580492E-4
135.0	28.71697035610346	17.88197123709649	20.507938051000384	32.89275580695924	3.6454884043089677E-4
136.0	28.983208157782254	18.731025218293947	20.649813763204495	31.635830738230446	1.221224888563229E-4
137.0	29.5038542740708	18.695193204693865	19.987725241812736	31.813104531840725	1.227475818726371E-4
138.0	29.618195525645913	18.388260218819134	20.614332196915015	31.378718500174596	4.93558445340253E-4
139.0	28.861690806756084	18.99993302458494	21.458674928621573	30.679081097305357	6.20142732051209E-4
140.0	28.831889219779615	19.0438421900643	20.078540821772943	32.04510423057929	6.235378038499718E-4
141.0	29.26572685655963	18.263854843098187	19.388818324416295	33.081349203861386	2.5077206449355954E-4
142.0	30.314708985904094	18.258617842208043	21.357801033523323	30.06836785765164	5.042807129016438E-4
143.0	30.44433568987027	18.342825410027285	20.081701169477945	31.130377012100496	7.607185240032052E-4
144.0	30.61817068425518	18.028691896994943	19.288252141686176	32.06450254833545	3.827287282562241E-4
145.0	27.784961772010014	18.843416919034812	19.65270886570587	33.71826973998797	6.427032613334294E-4
146.0	27.88724763688363	18.932801279429885	19.74117070959911	33.4376082579489	0.0011721161384764052
147.0	28.026020803893026	18.801730824399417	19.78880011050076	33.381456060010414	0.001992201196383225
148.0	29.363816796206233	18.91759740948414	19.40352573505612	32.31161668959951	0.003443369653996444
149.0	30.01386314796915	20.905715814334318	15.812560780592774	33.261652877416076	0.006207379687680125
150.0	25.604224283410108	25.088420537613455	12.416814206993203	36.88183367402364	0.008707297959589846
