# Position (bp)	A	C	G	T	N
0.0	62.09925340360123	9.398331137461573	12.40667545015371	16.095740008783487	0.0
1.0	12.667398463227222	61.84412733260154	13.194291986827661	12.294182217343579	0.0
2.0	17.81897491821156	56.42311886586696	10.490730643402399	15.267175572519085	0.0
3.0	62.413494809688586	11.61332179930796	10.79152249134948	15.181660899653979	0.0
4.0	60.65573770491803	11.281276962899051	10.073339085418464	17.98964624676445	0.0
5.0	15.633074935400519	56.97674418604651	10.357450473729543	17.03273040482343	0.0
6.0	16.254568909911846	56.52547839174371	11.56740485917007	15.652547839174371	0.0
7.0	63.337628865979376	11.232817869415808	9.77233676975945	15.657216494845361	0.0
8.0	62.167381974248926	11.523605150214593	10.343347639484978	15.965665236051501	0.0
9.0	16.97385340762966	54.67209601371624	10.672953279039863	17.681097299614233	0.0
10.0	15.063209770730662	8.999357188772231	11.249196485965287	64.68823655453181	0.0
11.0	15.02568493150685	11.172945205479452	11.643835616438356	62.15753424657534	0.0
12.0	14.282659824673935	11.032713277742143	11.054094505024588	63.63053239255934	0.0
13.0	15.602988260405551	53.89541088580576	12.358591248665956	18.14300960512273	0.0
14.0	14.897698209718671	10.976129582267689	57.651321398124466	16.474850809889176	0.0
15.0	57.03955763504892	13.419821352615907	11.37813696299447	18.162484049340705	0.0
16.0	14.847068819031437	10.492778249787596	11.745964316057773	62.91418861512319	0.0
17.0	18.029661016949152	52.73305084745763	11.73728813559322	17.5	0.0
18.0	15.597883597883596	12.0	11.724867724867725	60.67724867724868	0.0
19.0	15.839493136219641	56.325237592397045	10.74973600844773	17.085533262935588	0.0
20.0	15.802781289506953	12.13653603034134	10.851243152128108	61.2094395280236	0.0
21.0	15.646687697160882	12.597266035751838	12.618296529968454	59.137749737118824	0.0
22.0	15.934412444818163	10.88921589236914	55.3920538154299	17.784317847382805	0.0
23.0	16.925661486770267	10.961780764384713	11.696766064678707	60.41579168416632	0.0
24.0	60.868652958455726	8.875367184221568	11.85480486781368	18.401174989509023	0.0
25.0	17.369414726242923	9.964338158170758	53.15712187958884	19.50912523599748	0.0
26.0	59.99161249737891	10.840847137764731	10.819878381211995	18.34766198364437	0.0
27.0	15.313807531380752	12.405857740585773	8.138075313807532	64.14225941422595	0.0
28.0	15.990802675585284	53.574414715719065	8.152173913043478	22.282608695652172	0.0
29.0	16.478696741854638	9.753550543024227	10.944026733500417	62.82372598162071	0.0
30.0	17.928286852589643	9.855315579786119	53.51226672258335	18.70413084504089	0.0
31.0	16.158856902710653	9.308678293759193	10.170203824332843	64.3622609791973	0.0
32.0	17.19046614638262	10.040075933347396	10.272094494832313	62.49736342543767	0.0
33.0	16.589278176445756	54.72773322076826	10.215280709159984	18.467707893626002	0.0
34.0	18.61152141802068	9.93880565520152	11.816838995568684	59.63283393120912	0.0
35.0	16.353264314388337	54.65877878723854	10.141559264736953	18.846397633636172	0.0
36.0	17.18220338983051	11.038135593220339	9.915254237288137	61.86440677966102	0.0
37.0	60.19541206457094	11.342395921835175	10.556499575191165	17.905692438402717	0.0
38.0	59.65993623804463	12.667375132837408	9.819341126461211	17.85334750265675	0.0
39.0	62.8158844765343	10.4480781482268	8.303249097472925	18.43278827776598	0.0
40.0	14.806135492117598	54.878568385172564	11.631870472944183	18.68342564976566	0.0
41.0	16.241149967818064	9.440034327397555	56.897661446041624	17.42115425874276	0.0
42.0	61.065573770491795	11.08714408973253	10.698878343399482	17.148403796376186	0.0
43.0	61.005199306759096	11.395147313691508	9.467071057192374	18.13258232235702	0.0
44.0	17.49074275756916	55.87018078849923	9.017643214985842	17.621433238945762	0.0
45.0	26.459627329192546	12.391304347826088	13.91304347826087	47.2360248447205	0.0
46.0	31.5343099460293	15.69005397070162	17.347725520431766	35.42791056283732	0.0
47.0	30.171740827478533	17.48633879781421	18.852459016393443	33.48946135831382	0.0
48.0	27.14228776404942	19.96811478676764	17.53686727779992	35.35273017138302	0.0
49.0	26.10088070456365	19.735788630904725	19.495596477181746	34.66773418734988	0.0
50.0	25.7223113964687	21.829855537720707	19.58266452648475	32.86516853932584	0.0
51.0	28.869286287089015	19.446672012830792	17.72253408179631	33.96150761828388	0.0
52.0	28.680304853590048	18.050541516245488	18.491776975531486	34.777376654632974	0.0
53.0	31.044176706827308	19.638554216867472	20.76305220883534	28.55421686746988	0.0
54.0	30.614704700683003	22.45881880273202	18.159903575733228	28.766572920851747	0.0
55.0	31.280193236714975	17.47181964573269	19.726247987117553	31.521739130434785	0.0
56.0	28.125	19.480519480519483	19.926948051948052	32.467532467532465	0.0
57.0	31.382113821138212	18.617886178861788	19.715447154471544	30.284552845528456	0.0
58.0	30.16714227476559	20.383204239706483	18.426416632694657	31.023236852833264	0.0
59.0	25.46049938600082	21.858370855505527	22.30863692181744	30.37249283667622	0.0
60.0	28.788501026694046	18.234086242299792	18.68583162217659	34.29158110882957	0.0
61.0	30.04115226337449	18.559670781893004	20.699588477366255	30.69958847736626	0.0
62.0	31.224152191894127	19.727047146401986	20.843672456575682	28.205128205128204	0.0
63.0	35.49855192387257	16.756309474555234	18.907736863880846	28.837401737691355	0.0
64.0	29.966471081307628	19.237217099748534	21.83570829840738	28.960603520536466	0.0
65.0	30.356394129979037	19.28721174004193	20.50314465408805	29.853249475890987	0.0
66.0	30.21186440677966	16.101694915254235	21.398305084745765	32.28813559322034	0.0
67.0	29.464285714285715	17.091836734693878	18.70748299319728	34.73639455782313	0.0
68.0	25.31049250535332	19.31477516059957	20.856531049250535	34.518201284796575	0.0
69.0	26.318045435062153	20.57436776682383	21.945992284612085	31.161594513501928	0.0
70.0	28.516295025728986	19.897084048027445	19.253859348198972	32.3327615780446	0.0
71.0	28.240343347639485	19.742489270386265	20.085836909871244	31.931330472103003	0.0
72.0	26.288659793814436	19.716494845360824	19.243986254295535	34.750859106529205	0.0
73.0	27.382492453643813	17.59379042690815	20.69857697283312	34.32514014661492	0.0
74.0	27.631009094846252	17.886530965786054	23.516673884798614	30.96578605456908	0.0
75.0	29.159445407279026	19.974003466204508	20.363951473136915	30.502599653379548	0.0
76.0	27.083333333333332	19.618055555555554	18.272569444444446	35.02604166666667	0.0
77.0	30.3122289679098	19.1673894189072	18.169991326973115	32.35039028620989	0.0
78.0	29.726205997392434	19.860930030421557	18.557149065623644	31.855714906562365	0.0
79.0	28.154917319408177	22.193211488250654	18.84247171453438	30.809399477806785	0.0
80.0	28.96341463414634	16.506968641114984	20.252613240418118	34.27700348432056	0.0
81.0	27.557683935568132	18.632999564649545	18.371789290378754	35.43752720940357	0.0
82.0	31.818181818181817	18.575174825174827	20.716783216783217	28.88986013986014	0.0
83.0	28.64651773981603	18.659658344283837	22.339027595269382	30.35479632063075	0.0
84.0	28.859649122807017	19.035087719298247	20.04385964912281	32.06140350877193	0.0
85.0	31.72019357677079	17.641882974043117	20.545534535855698	30.0923889133304	0.0
86.0	30.194518125552612	17.064544650751547	22.944297082228115	29.79664014146773	0.0
87.0	32.24092116917626	18.157661647475642	21.656333038086803	27.945084145261294	0.0
88.0	33.24420677361854	18.672014260249554	18.137254901960784	29.946524064171122	0.0
89.0	32.15878679750223	16.23550401427297	16.993755575379126	34.611953612845674	0.0
90.0	30.625000000000004	16.026785714285715	19.82142857142857	33.52678571428571	0.0
91.0	28.118015198927132	20.78676799284756	16.808225301743406	34.2869915064819	0.0
92.0	28.1981981981982	19.36936936936937	18.55855855855856	33.87387387387387	0.0
93.0	32.17352010845006	17.44238590149119	19.701762313601446	30.6823316764573	0.0
94.0	29.846014492753625	18.2518115942029	20.33514492753623	31.567028985507246	0.0
95.0	30.51386994088222	17.507958162801273	21.145975443383357	30.832196452933154	0.0
96.0	28.519362186788154	17.585421412300683	19.27107061503417	34.62414578587699	0.0
97.0	30.885036496350367	16.56021897810219	20.346715328467152	32.20802919708029	0.0
98.0	32.05304069501601	21.170553269318702	17.05532693187014	29.72107910379515	0.0
99.0	31.5162620247366	19.331195602382042	18.506642235455793	30.645900137425564	0.0
100.0	32.720588235294116	14.430147058823529	18.520220588235293	34.32904411764706	0.0
101.0	31.518227964928474	19.289340101522843	19.058606368251038	30.133825565297645	0.0
102.0	31.73791821561338	16.728624535315987	19.934944237918213	31.59851301115242	0.0
103.0	26.747437092264683	19.524697110904008	20.083876980428705	33.64398881640261	0.0
104.0	28.136704119850187	17.743445692883896	20.692883895131086	33.42696629213483	0.0
105.0	28.685446009389672	19.577464788732392	19.859154929577468	31.877934272300468	0.0
106.0	30.5124588622473	18.61777150916784	18.335684062059237	32.534085566525626	0.0
107.0	30.518867924528305	18.679245283018865	19.764150943396228	31.037735849056602	0.0
108.0	32.654028436018955	18.056872037914694	17.44075829383886	31.84834123222749	0.0
109.0	29.895437262357415	19.53422053231939	19.866920152091254	30.70342205323194	0.0
110.0	26.695319961795605	18.099331423113657	20.248328557784145	34.95702005730659	0.0
111.0	29.572731637061928	18.098895823331734	21.459433509361496	30.868939030244842	0.0
112.0	25.576923076923073	18.701923076923077	20.817307692307693	34.90384615384615	0.0
113.0	29.28709055876686	18.59344894026975	19.36416184971098	32.75529865125241	0.0
114.0	29.742843279961185	18.098010674429887	20.087336244541483	32.07180980106744	0.0
115.0	28.751821272462358	17.4356483729966	18.455560951918407	35.35696940262263	0.0
116.0	27.450024378352023	19.112627986348123	18.966357874207702	34.470989761092156	0.0
117.0	30.972154372252074	18.221787982413286	18.66145578895945	32.14460185637518	0.0
118.0	28.66961217476681	15.463917525773196	20.913107511045656	34.95336278841433	0.0
119.0	23.97833579517479	20.38404726735598	27.326440177252586	28.311176760216643	0.0
120.0	27.73399014778325	22.51231527093596	20.738916256157637	29.014778325123153	0.0
121.0	29.170779861796643	18.756169792694966	19.200394866732477	32.87265547877591	0.0
122.0	28.93954410307235	18.97918731417245	20.961347869177406	31.119920713577798	0.0
123.0	31.094527363184078	19.25373134328358	19.00497512437811	30.646766169154226	0.0
124.0	31.584207896051975	18.290854572713645	19.640179910044978	30.484757621189406	0.0
125.0	28.864432216108053	19.459729864932466	18.90945472736368	32.7663831915958	0.0
126.0	29.76907630522088	18.724899598393574	18.87550200803213	32.630522088353416	0.0
127.0	30.77311773623042	18.292066700353715	21.12177867609904	29.81303688731683	0.0
128.0	31.224696356275306	17.813765182186234	19.281376518218625	31.68016194331984	0.0
129.0	30.30456852791878	18.121827411167512	18.121827411167512	33.45177664974619	0.0
130.0	30.432569974554706	20.10178117048346	16.895674300254456	32.56997455470738	0.0
131.0	30.408163265306122	19.897959183673468	19.48979591836735	30.20408163265306	0.0
132.0	31.26919140225179	17.400204708290687	20.112589559877176	31.218014329580345	0.0
133.0	27.566735112936346	21.45790554414784	19.71252566735113	31.262833675564682	0.0
134.0	25.36082474226804	20.051546391752577	21.443298969072163	33.144329896907216	0.0
135.0	26.77002583979328	17.2609819121447	21.03359173126615	34.935400516795866	0.0
136.0	26.635514018691588	16.87435098650052	21.287642782969883	35.202492211838006	0.0
137.0	30.19260801665799	15.929203539823009	20.82248828735034	33.05570015616866	0.0
138.0	29.62382445141066	18.234064785788924	19.59247648902821	32.549634273772206	0.0
139.0	29.994756161510228	18.563188253801783	18.82538017829051	32.61667540639748	0.0
140.0	28.92518440463646	16.491043203371973	22.0231822971549	32.56059009483667	0.0
141.0	31.3590692755156	16.869381279746165	19.566367001586464	32.20518244315177	0.0
142.0	30.573248407643312	16.348195329087048	19.16135881104034	33.917197452229296	0.0
143.0	30.810234541577824	19.402985074626866	18.86993603411514	30.916844349680172	0.0
144.0	29.94108194965185	17.83610069630423	19.710765934654525	32.512051419389394	0.0
145.0	27.409800753904147	18.686052773290253	18.578352180936992	35.325794291868604	0.0
146.0	28.602383531960996	18.95991332611051	19.068255687974	33.3694474539545	0.0
147.0	30.255296034763717	17.979359043997828	17.490494296577946	34.274850624660516	0.0
148.0	26.510615133369626	20.195971692977682	18.83505715841045	34.458356015242245	0.0
149.0	28.524590163934427	20.437158469945356	18.0327868852459	33.005464480874316	0.0
150.0	28.602739726027398	19.013698630136986	18.465753424657535	33.91780821917808	0.0
151.0	28.477185266630016	19.901044529961517	19.076415612974163	32.54535459043431	0.0
152.0	28.43680709534368	18.8470066518847	17.96008869179601	34.756097560975604	0.0
153.0	32.146829810901004	17.908787541713014	19.299221357063402	30.64516129032258	0.0
154.0	31.53759820426487	17.50841750841751	18.40628507295174	32.547699214365885	0.0
155.0	31.24647490129724	20.022560631697687	17.59729272419628	31.1336717428088	0.0
156.0	32.6519023282226	15.72969903463941	18.34185122089722	33.27654741624077	0.0
157.0	31.05022831050228	18.15068493150685	20.89041095890411	29.908675799086758	0.0
158.0	28.563251287922153	21.007441327990843	16.542644533485976	33.88666285060103	0.0
159.0	35.32796317606444	13.40621403912543	20.195627157652474	31.070195627157656	0.0
160.0	27.131336405529954	18.37557603686636	22.235023041474655	32.25806451612903	0.0
161.0	28.447276940903826	18.192352259559673	22.0162224797219	31.3441483198146	0.0
162.0	30.787172011661806	18.483965014577258	19.65014577259475	31.078717201166178	0.0
163.0	29.239766081871345	17.251461988304094	18.24561403508772	35.26315789473684	0.0
164.0	30.719719133996488	15.038033937975422	23.522527794031596	30.719719133996488	0.0
165.0	29.964747356051703	18.44888366627497	22.444183313748532	29.142185663924796	0.0
166.0	27.685950413223143	19.303423848878396	20.070838252656433	32.93978748524203	0.0
167.0	28.75816993464052	18.36007130124777	22.162804515745695	30.718954248366014	0.0
168.0	27.212918660287084	19.318181818181817	19.198564593301434	34.270334928229666	0.0
169.0	26.606606606606608	18.43843843843844	18.91891891891892	36.03603603603604	0.0
170.0	30.62575210589651	16.967509025270758	17.56919374247894	34.83754512635379	0.0
171.0	31.70289855072464	17.693236714975846	15.70048309178744	34.90338164251207	0.0
172.0	30.28083028083028	20.39072039072039	16.23931623931624	33.089133089133085	0.0
173.0	30.17824216349109	19.422249539028886	18.500307314074984	31.89920098340504	0.0
174.0	30.759728227300805	20.32118591723286	17.294626312538604	31.624459542927735	0.0
175.0	29.05027932960894	18.373680943513346	19.73929236499069	32.83674736188703	0.0
176.0	29.34918648310388	18.961201501877348	19.712140175219023	31.977471839799747	0.0
177.0	28.92249527410208	21.361058601134218	18.021424070573406	31.695022054190297	0.0
178.0	25.190355329949238	20.875634517766496	21.82741116751269	32.10659898477157	0.0
179.0	26.403061224489793	19.005102040816325	23.596938775510203	30.994897959183675	0.0
180.0	27.809890815671164	16.506101477199746	21.57996146435453	34.104046242774565	0.0
181.0	27.738172391445236	18.211276733635774	20.67401166558652	33.37653920933247	0.0
182.0	32.69986893840105	19.0694626474443	20.445609436435124	27.78505897771953	0.0
183.0	29.4543063773833	22.090729783037474	21.499013806706113	26.955950032873112	0.0
184.0	30.483764082173625	22.067594433399602	17.76010603048376	29.68853545394301	0.0
185.0	26.830892143808256	21.571238348868178	23.169107856191744	28.428761651131822	0.0
186.0	30.531271015467382	16.005379959650305	21.51983860121049	31.94351042367182	0.0
187.0	30.115567641060505	20.326308633582595	17.675050985724	31.8830727396329	0.0
188.0	29.158110882956876	20.533880903490758	21.218343600273784	29.089664613278575	0.0
189.0	29.025570145127848	19.143054595715274	20.11057360055287	31.72080165860401	0.0
190.0	30.651872399445214	16.920943134535367	21.081830790568652	31.345353675450767	0.0
191.0	28.591352859135288	19.107391910739192	19.316596931659692	32.98465829846583	0.0
192.0	31.36842105263158	19.929824561403507	18.45614035087719	30.24561403508772	0.0
193.0	29.710656316160904	18.560338743824982	21.665490472829923	30.063514467184195	0.0
194.0	28.601845280340665	21.930447125621008	21.00780695528744	28.459900638750884	0.0
195.0	31.039426523297493	18.494623655913976	18.494623655913976	31.971326164874554	0.0
196.0	29.81186685962373	19.753979739507958	19.971056439942114	30.463096960926194	0.0
197.0	30.073529411764703	19.926470588235297	20.808823529411764	29.191176470588236	0.0
198.0	27.849056603773587	20.37735849056604	21.50943396226415	30.264150943396228	0.0
199.0	29.629629629629626	22.302737520128822	18.438003220611915	29.629629629629626	0.0
200.0	28.056872037914694	15.260663507109005	19.71563981042654	36.96682464454976	0.0
201.0	33.07086614173229	20.209973753280842	15.485564304461944	31.23359580052493	0.0
202.0	34.34610303830912	17.8335535006605	19.154557463672393	28.66578599735799	0.0
203.0	34.88681757656458	16.77762982689747	18.508655126498002	29.82689747003995	0.0
204.0	34.445927903871834	17.623497997329775	24.432576769025367	23.49799732977303	0.0
205.0	34.71849865951743	16.353887399463808	22.654155495978554	26.273458445040216	0.0
206.0	32.65856950067476	18.353576248313093	19.838056680161944	29.1497975708502	0.0
207.0	25.885558583106267	22.20708446866485	16.62125340599455	35.28610354223433	0.0
208.0	29.35528120713306	18.244170096021946	20.438957475994513	31.961591220850483	0.0
209.0	23.140495867768596	18.59504132231405	20.9366391184573	37.327823691460054	0.0
210.0	22.531293463143253	18.08066759388039	22.94853963838665	36.43949930458971	0.0
211.0	30.715287517531557	18.37307152875175	20.897615708274895	30.014025245441793	0.0
212.0	29.33709449929478	14.245416078984485	24.118476727785616	32.29901269393512	0.0
213.0	28.267045454545453	20.880681818181817	18.75	32.10227272727273	0.0
214.0	29.6987087517934	24.2467718794835	18.507890961262554	27.546628407460545	0.0
215.0	29.827089337175792	23.054755043227665	17.723342939481267	29.394812680115272	0.0
216.0	30.523255813953487	19.476744186046513	18.8953488372093	31.1046511627907	0.0
217.0	27.68777614138439	17.673048600883654	24.30044182621502	30.338733431516935	0.0
218.0	24.620060790273556	17.62917933130699	21.732522796352583	36.01823708206687	0.0
219.0	19.24342105263158	22.861842105263158	25.822368421052634	32.07236842105263	0.0
220.0	0.0	30.90452261306533	24.371859296482413	44.72361809045226	0.0
