# Position (bp)	A	C	G	T	N
0.0	43.47044728434505	18.670127795527154	18.25745473908413	19.60197018104366	0.0
1.0	22.856762513312034	39.909478168264116	19.42891373801917	17.804845580404685	0.0
2.0	24.36868686868687	39.15470494417863	13.596491228070176	22.880116959064328	0.0
3.0	47.788844621513945	17.104913678618857	15.378486055776893	19.727755644090305	0.0
4.0	45.16728624535316	17.664630908125332	13.256771109930963	23.911311736590545	0.0
5.0	21.51865126775521	36.40647816275057	16.414443116952075	25.66042745254215	0.0
6.0	22.754411569590022	33.7203131219318	20.843837070452434	22.681438238025738	0.0
7.0	41.293103448275865	19.688328912466844	16.00132625994695	23.017241379310345	0.0
8.0	40.9901252568096	16.859964212340113	13.301080257140963	28.848830273709325	0.0
9.0	21.016028613061334	34.40853093124917	16.392899721817457	28.182540733872035	0.0
10.0	19.59629384513567	13.904698874917273	15.347452018530774	51.151555261416284	0.0
11.0	19.365079365079367	17.037037037037038	16.19047619047619	47.40740740740741	0.0
12.0	25.67728293907757	14.384828862164662	15.138099643187525	44.79978855557024	0.0
13.0	21.77675033025099	34.57067371202114	17.35138705416116	26.301188903566715	0.0
14.0	21.163113076770742	14.667634827381345	36.74830021783616	27.420951878011753	0.0
15.0	39.30220287561008	18.289143912412612	15.848832607835378	26.559820604141933	0.0
16.0	19.547732067510548	19.818037974683545	16.910601265822788	43.72362869198312	0.0
17.0	24.573648515177453	34.134457101468364	15.006255349970369	26.285639033383816	0.0
18.0	19.87491770901909	18.512179065174454	14.437129690585913	47.175773535220536	0.0
19.0	22.98585991450181	35.19894771456757	15.83689575797435	25.978296612956264	0.0
20.0	23.96134630554825	15.625821719694976	14.534577964764658	45.87825400999211	0.0
21.0	22.029556650246302	17.333333333333336	18.535303776683087	42.10180623973727	0.0
22.0	24.509353462422055	15.077125041023958	34.74893337709222	25.66458811946177	0.0
23.0	28.05406114683112	13.036346936097626	15.411363338144602	43.49822857892665	0.0
24.0	40.298800864949875	13.878513858855907	18.635738156084138	27.186947120110084	0.0
25.0	21.931260229132572	14.186579378068739	35.175122749590834	28.707037643207855	0.0
26.0	46.71547159945094	14.295051964180667	15.190535329106478	23.79894110726191	0.0
27.0	21.40060044380629	18.0328938780838	14.56728886568333	45.999216812426575	0.0
28.0	20.56275646453462	32.23474239562301	18.0811567771771	29.121344362665276	0.0
29.0	21.352845528455287	13.157723577235773	15.928455284552845	49.5609756097561	0.0
30.0	26.89354502863092	16.25455491931286	31.285788651743886	25.566111400312337	0.0
31.0	25.914315569487982	15.001306165099267	12.73510971786834	46.34926854754441	0.0
32.0	21.786666666666665	15.253333333333332	13.353333333333333	49.60666666666667	0.0
33.0	25.035058430717864	36.53422370617696	13.09515859766277	25.335559265442402	0.0
34.0	29.058799919727075	12.188106227841327	13.11793430998729	45.635159542444306	0.0
35.0	25.6091030789826	33.31325301204819	16.42570281124498	24.65194109772423	0.0
36.0	24.443098458846492	15.748031496062993	13.88384144289656	45.925028602193954	0.0
37.0	43.443619176232275	15.057393652937204	17.049291019581364	24.449696151249157	0.0
38.0	45.3382949932341	17.110960757780784	13.951285520974292	23.599458728010823	0.0
39.0	47.89619892946676	15.116200284572127	13.862727827088555	23.12487295887255	0.0
40.0	23.739237392373923	35.335520021866884	16.851168511685117	24.074074074074073	0.0
41.0	26.08275195137114	13.303861297230087	37.341990743938666	23.271396007460112	0.0
42.0	46.22996515679442	15.324041811846689	13.979094076655052	24.466898954703833	0.0
43.0	47.75478603603604	16.36402027027027	13.182713963963963	22.69847972972973	0.0
44.0	24.71966288122277	34.31897721591315	15.248910792086278	25.7124491107778	0.0
45.0	28.627037547644147	14.694671964966343	17.98718676506366	38.69110372232585	0.0
46.0	34.91390967276661	15.478229514107996	18.074461372036417	31.533399441088978	0.0
47.0	32.69948139386771	19.6160494950414	16.93203530161041	30.752433809480483	0.0
48.0	26.21199671322925	23.85647767734867	17.410755044280105	32.52077056514197	0.0
49.0	27.427473231445042	18.193465727098015	17.369817882309874	37.00924315914706	0.0
50.0	25.85321100917431	22.522935779816514	20.79816513761468	30.825688073394495	0.0
51.0	33.67309458218549	17.85123966942149	16.978879706152433	31.496786042240586	0.0
52.0	26.97725807936654	18.93011693214253	22.097412761255868	31.995212227235058	0.0
53.0	28.116343490304708	22.493074792243767	21.200369344413666	28.19021237303786	0.0
54.0	27.19696268172979	22.789147143254006	22.020557459023983	27.99333271599222	0.0
55.0	30.409790469126648	20.174300018542553	18.54255516410161	30.87335434822919	0.0
56.0	29.496134860761853	17.59336872496973	22.59476576324858	30.31573065101984	0.0
57.0	31.570602499533667	21.74034695019586	18.186905428091773	28.502145122178696	0.0
58.0	28.01538172950666	25.27668354905271	18.20483961733258	28.503095104108045	0.0
59.0	27.99436355096289	17.961484264913103	21.108501643964303	32.9356505401597	0.0
60.0	29.86927489889965	16.129032258064516	22.8345716166651	31.167121226370732	0.0
61.0	29.055712936732768	17.89423984891407	21.10481586402266	31.9452313503305	0.0
62.0	29.785220929132368	17.901409783328603	18.771880026492575	33.54148926104646	0.0
63.0	29.817078949862573	20.036015543550377	22.708747985972895	27.43815752061416	0.0
64.0	28.288785313421478	18.42480738133739	20.878911823456672	32.40749548178446	0.0
65.0	28.93255747400553	22.159687112467804	18.7064771534866	30.201278260040066	0.0
66.0	26.72018348623853	17.89946483180428	22.343272171253822	33.037079510703364	0.0
67.0	31.977022498803255	18.14265198659646	18.20009573958832	31.68022977501197	0.0
68.0	27.101812572310063	20.082915541843423	19.176629386810646	33.63864249903587	0.0
69.0	30.638133049288275	19.49259223394984	21.913430812433425	27.95584390432846	0.0
70.0	28.255576117658514	19.879224700496735	20.27856238433817	31.58663679750657	0.0
71.0	30.54061980643269	19.75755205787467	21.02844852869293	28.673379606999706	0.0
72.0	30.9773551612587	18.233506518968728	19.596118027644348	31.19302029212822	0.0
73.0	28.297621387851386	16.758403774326716	20.493414586200117	34.45056025162178	0.0
74.0	31.724208167837865	17.924432223240654	21.040839189326814	29.310520419594667	0.0
75.0	30.54705041845275	20.136762604613185	21.19820371504389	28.117983261890185	0.0
76.0	28.986693961105424	21.678607983623337	16.77584442169908	32.55885363357216	0.0
77.0	28.164817098232636	20.766543362104397	18.16687217427045	32.90176736539252	0.0
78.0	28.924343798250128	18.466289243437984	20.319094184251156	32.29027277406073	0.0
79.0	29.25289735099338	19.432947019867548	18.263658940397352	33.050496688741724	0.0
80.0	31.56259707983846	17.583100341721032	18.784301542922233	32.070001035518274	0.0
81.0	28.34890965732087	19.543094496365523	21.131879543094495	30.976116303219108	0.0
82.0	32.22349391322443	18.09385079596296	20.237228176048276	29.445427114764332	0.0
83.0	31.59486805048503	17.58631480129342	20.027120058412436	30.791697089809116	0.0
84.0	28.743581682908935	18.746725348422927	21.523629885780153	30.98606308288798	0.0
85.0	29.577908441831163	20.338093238135237	21.052078958420832	29.03191936161277	0.0
86.0	27.36266049252789	20.679856872237423	21.479688486634394	30.477794148600296	0.0
87.0	30.17295929128876	18.85678126977431	21.3984391478591	29.571820291077834	0.0
88.0	30.433862433862437	20.14814814814815	16.984126984126984	32.43386243386243	0.0
89.0	32.16790648246546	16.928799149840597	16.907545164718385	33.99574920297555	0.0
90.0	30.090570058604154	16.100159829515185	19.968034096963237	33.84123601491742	0.0
91.0	27.495995728777363	20.106780565937	17.96049119060331	34.436732514682326	0.0
92.0	28.465903008243227	18.59543946044321	20.14773578845948	32.79092174285408	0.0
93.0	32.44118281890784	18.616447226419165	19.933088711418087	29.009281243254907	0.0
94.0	30.4267963263101	17.612101566720693	18.962722852512158	32.99837925445705	0.0
95.0	30.106244579358194	16.164353859496963	20.50086730268864	33.2285342584562	0.0
96.0	28.898783666377064	14.921807124239791	20.026064291920072	36.15334491746307	0.0
97.0	29.429724130411078	17.58804928579217	19.976011340093773	33.006215243702975	0.0
98.0	30.462345611542247	21.117061973986228	16.919881954311947	31.50071046015958	0.0
99.0	26.94033935413246	21.19321291735085	19.463601532567047	32.40284619594964	0.0
100.0	31.839648544755626	17.737506864360242	19.571663920922568	30.851180669961558	0.0
101.0	30.779392338177015	19.47380008806693	19.220607661822985	30.526199911933073	0.0
102.0	29.89178445229682	17.15989399293286	18.727915194346288	34.22040636042403	0.0
103.0	29.409166206515735	18.884594146880175	19.01711761457758	32.68912203202651	0.0
104.0	30.171365395245992	17.003869541182972	18.982863460475404	33.84190160309563	0.0
105.0	29.980057611345	18.513184134721914	18.6128960779969	32.893862175936185	0.0
106.0	29.88467509425593	18.962075848303392	19.904635174096253	31.248613883344422	0.0
107.0	31.734931734931738	19.846819846819848	17.615717615717617	30.802530802530804	0.0
108.0	31.979468868556125	17.864316000892657	17.161347913412182	32.99486721713903	0.0
109.0	28.079588642968922	19.65124077800134	20.36664431030628	31.902526268723452	0.0
110.0	25.537634408602152	18.671594982078854	20.12768817204301	35.66308243727598	0.0
111.0	28.4830765770831	19.689643539862814	19.689643539862814	32.137636343191275	0.0
112.0	26.79215509467989	19.578449053201084	18.575293056807933	35.054102795311096	0.0
113.0	29.517256936611773	16.117753214527408	20.967741935483872	33.397247913376944	0.0
114.0	30.541426472250482	15.881089634904487	23.126483553747033	30.451000339098	0.0
115.0	28.035370139439976	18.852737784831653	18.308581793447452	34.80331028228092	0.0
116.0	28.80027266530334	18.791183821858667	19.32515337423313	33.08339013860486	0.0
117.0	27.455001139211667	19.41216678058783	19.81089086352244	33.321941216678056	0.0
118.0	29.525985151342088	16.276413478012564	21.998857795545405	32.19874357509994	0.0
119.0	25.36937349673577	19.57393196655595	22.40293208109037	32.653762455617915	0.0
120.0	26.758462421113023	20.74584050487665	21.181870338496843	31.313826735513484	0.0
121.0	26.972624798711752	20.439383482861746	19.921785139176443	32.66620657925006	0.0
122.0	27.09677419354839	16.808755760368662	19.827188940092167	36.26728110599078	0.0
123.0	28.68369351669941	17.127007974113024	20.328209869409452	33.86108863977812	0.0
124.0	30.288963676453523	16.83880700940002	20.26227225252408	32.609957061622374	0.0
125.0	26.89446768944677	18.991166899116692	20.781032078103205	33.33333333333333	0.0
126.0	31.102040816326532	17.982507288629737	19.941690962099127	30.973760932944604	0.0
127.0	30.122878876535985	19.7776477472206	21.451141018139264	28.648332358104156	0.0
128.0	32.554590279408316	19.81685841746889	17.774125381544962	29.85442592157784	0.0
129.0	30.56732580037665	19.185499058380415	20.645009416195855	29.60216572504708	0.0
130.0	30.873671782762692	19.36245572609209	17.508854781582052	32.25501770956317	0.0
131.0	30.539134547174275	19.827382359895957	18.846062899030503	30.78742019389927	0.0
132.0	29.069353882631894	17.3325429756965	20.30823947836396	33.28986366330764	0.0
133.0	27.873529062165698	21.06264115060026	20.40889100202068	30.65493878521336	0.0
134.0	30.212309160305345	20.96851145038168	18.606870229007633	30.212309160305345	0.0
135.0	32.00574094007894	15.978949886377228	19.507235976557826	32.508073196986004	0.0
136.0	26.995558756451803	18.761253150882247	19.577481694874564	34.66570639779138	0.0
137.0	29.772645254420787	17.31023697822687	19.391314808131842	33.5258029592205	0.0
138.0	31.33824061783516	18.462652347049595	19.874502232412212	30.324604802703032	0.0
139.0	31.100362756952844	19.50423216444982	19.407496977025392	29.987908101571946	0.0
140.0	30.086029322670544	19.035502241609112	17.993456924754632	32.88501151096571	0.0
141.0	33.05373206904936	17.712132263554583	19.353270119134454	29.88086554826161	0.0
142.0	33.39429407461595	17.361619117288466	18.446720312118995	30.79736649597659	0.0
143.0	34.26095447333089	19.126083241791775	17.62480165995362	28.988160624923715	0.0
144.0	31.39748135468884	18.669764029832496	18.400782491747158	31.531972123731506	0.0
145.0	31.032368808239337	20.071113290828837	18.24423737126042	30.652280529671405	0.0
146.0	29.86119641321705	19.248249600786142	17.798796216680998	33.09175776931581	0.0
147.0	30.721852673072185	19.167282581916727	19.672333086967235	30.438531658043853	0.0
148.0	28.43040473840079	20.409674234945708	18.509378084896348	32.65054294175715	0.0
149.0	31.09846610588817	18.047996041563582	19.099455714992576	31.754082137555667	0.0
150.0	27.212992809323083	18.162658070914954	21.522439871063725	33.10190924869824	0.0
151.0	29.553949663593322	18.76401694492898	19.52404684774483	32.15798654373287	0.0
152.0	26.221047331319237	18.731117824773413	20.455689828801614	34.59214501510574	0.0
153.0	28.499114148316885	18.628195393571247	19.197671475575802	33.675018982536066	0.0
154.0	29.085590741447287	17.270761795752257	20.717283479587945	32.92636398321251	0.0
155.0	29.26735711545838	18.09231556066999	19.58828794271832	33.0520393811533	0.0
156.0	30.391276459268763	17.15202052597819	20.064143681847337	32.392559332905705	0.0
157.0	31.110825074012098	17.35101042605226	20.388724417556958	31.149440082378682	0.0
158.0	30.39380245319561	19.238218205293737	19.380245319561006	30.98773402194964	0.0
159.0	31.550317316409792	16.254371195441006	20.450718818805854	31.744592669343348	0.0
160.0	29.148273175798494	18.761360685536225	22.734354713061542	29.35601142560374	0.0
161.0	29.650859822824387	18.264721208963003	20.961438249088065	31.122980719124545	0.0
162.0	30.198537095088817	17.894461859979103	20.402298850574713	31.504702194357364	0.0
163.0	29.452592980618125	17.56155055002619	19.342587742273444	33.643268727082244	0.0
164.0	29.398634453781515	17.607668067226893	22.032563025210084	30.961134453781515	0.0
165.0	30.708454042665263	17.052936528838554	22.083223597577035	30.155385830919144	0.0
166.0	33.386180472981906	18.430439952437574	19.94979521733386	28.233584357246666	0.0
167.0	30.874172185430464	18.953642384105958	19.05960264900662	31.112582781456954	0.0
168.0	28.15740494549322	17.641584684924222	21.417176282903483	32.78383408667908	0.0
169.0	28.28	19.68	18.759999999999998	33.28	0.0
170.0	28.03475935828877	17.967914438502675	20.37433155080214	33.62299465240642	0.0
171.0	29.136497720568517	19.227674979887368	18.476803432555645	33.15902386698847	0.0
172.0	30.376344086021508	21.048387096774192	18.588709677419356	29.986559139784948	0.0
173.0	29.36261959304676	18.366796927637786	18.85190675111171	33.41867672820374	0.0
174.0	29.562634989200866	19.478941684665227	19.546436285097194	31.411987041036717	0.0
175.0	29.684751725071035	18.90136652685699	18.711946962521985	32.701934785549994	0.0
176.0	30.56685652291836	17.39896935177651	18.104149715215623	33.9300244100895	0.0
177.0	27.67954298150163	18.797606093579976	19.314472252448315	34.208378672470076	0.0
178.0	28.115190391701923	16.13211409853965	20.540466766753106	35.212228743005326	0.0
179.0	27.664523190586948	18.716650704610753	20.577370365303054	33.04145573949925	0.0
180.0	29.363336992316135	18.48243688254665	18.208013172338088	33.94621295279912	0.0
181.0	28.19134270747174	18.624207333884755	19.32726771436449	33.85718224427902	0.0
182.0	31.87724633674316	16.65745092618192	18.841581421067183	32.62372131600774	0.0
183.0	29.764216366158113	19.639389736477114	19.542302357836338	31.054091539528432	0.0
184.0	30.823824102421376	19.871973281380463	18.21597550793209	31.088227108266075	0.0
185.0	28.2069157836029	19.98047964305633	20.92861126603458	30.88399330730619	0.0
186.0	30.164942689404526	17.570589879787534	20.380206877271455	31.884260553536482	0.0
187.0	29.294629084279904	18.594867480016827	20.20754452390969	31.902958911793576	0.0
188.0	28.764234500210883	18.06551384788416	19.344861521158442	33.82539013074652	0.0
189.0	30.563002680965145	18.315225059968956	19.683928319458165	31.437843939607735	0.0
190.0	31.494838070994202	17.338424550982886	18.667798048366567	32.498939329656345	0.0
191.0	27.917198355309797	17.141641854529986	18.91393733163193	36.027222458528286	0.0
192.0	31.194879089615934	17.226173541963018	18.392603129445234	33.18634423897582	0.0
193.0	27.806341045415593	16.252499285918308	21.936589545844047	34.00457012282205	0.0
194.0	27.936962750716333	18.638968481375358	20.0	33.42406876790831	0.0
195.0	27.186421173762948	18.397583429228998	19.83601841196778	34.579976985040275	0.0
196.0	30.45231921636416	16.666666666666664	17.689426678190724	35.19158743877845	0.0
197.0	28.043854587420658	18.76803231390652	19.518176572417772	33.66993652625505	0.0
198.0	29.13351656299725	18.183133227253002	20.005786199913207	32.67756400983654	0.0
199.0	27.977919814061593	20.133643230679837	19.247530505520047	32.64090644973852	0.0
200.0	26.731806912644014	19.23581741286277	19.97958290797725	34.05279276651597	0.0
201.0	28.863868986693962	17.692645123556076	19.53501973972803	33.90846615002193	0.0
202.0	31.108829568788497	18.8911704312115	19.155177471399238	30.844822528600762	0.0
203.0	32.23383890443234	16.97835370343101	19.717272861139744	31.07053453099691	0.0
204.0	32.462356067316215	20.00295246530853	19.072925893120757	28.461765574254507	0.0
205.0	30.99112426035503	18.224852071005916	20.51775147928994	30.266272189349113	0.0
206.0	29.576208178438662	18.54275092936803	18.4089219330855	33.4721189591078	0.0
207.0	28.114729608604723	18.65850014938751	19.03196892739767	34.194801314610096	0.0
208.0	27.854360203775848	17.7105184297273	20.00299670362601	34.43212466287085	0.0
209.0	28.03724282925364	18.546328277519148	19.462381738999852	33.95404715422736	0.0
210.0	30.06486649570071	17.740232312565997	19.640971488912353	32.55392970282094	0.0
211.0	29.096686336813438	18.64124678468755	19.367529126948103	32.89453775155092	0.0
212.0	29.58409228901032	17.65330904675167	18.867638129933212	33.89496053430479	0.0
213.0	30.2130898021309	18.767123287671232	18.767123287671232	32.25266362252663	0.0
214.0	31.361760660247594	19.18080391257833	20.26593305823017	29.19150236894391	0.0
215.0	32.77530333282138	18.891107356780832	18.691445246505914	29.642144063891873	0.0
216.0	30.3979025293029	18.12152991980259	21.236890808143123	30.243676742751386	0.0
217.0	27.672080433101314	20.51044083526682	19.969064191802012	31.848414539829857	0.0
218.0	27.10469089779435	18.87232059645853	20.425598011804908	33.59739049394222	0.0
219.0	26.961550484526413	20.146920912785244	21.99124726477024	30.900281337918102	0.0
220.0	31.16964565694575	19.927877077453747	17.544684854186265	31.357792411414238	0.0
221.0	31.735771716853222	19.470282200851333	16.2383730096169	32.55557307267855	0.0
222.0	30.69009180120291	19.65811965811966	18.566001899335234	31.085786641342196	0.0
223.0	32.50119255843536	17.9519796470027	16.997932898712037	32.5488948958499	0.0
224.0	31.134649333975283	19.884448724121327	17.509228053281976	31.47167388862141	0.0
225.0	32.376652692679784	18.92937762012254	19.203482747500804	29.49048693969687	0.0
226.0	31.219591307168344	19.023678235484915	20.677911125527086	29.078819331819656	0.0
227.0	29.874776386404296	19.531631159538136	20.01951536835258	30.574077085704992	0.0
228.0	28.55273916598528	19.885527391659853	19.591169255928044	31.97056418642682	0.0
229.0	30.11158516573679	21.16836232359698	18.181818181818183	30.538234328848045	0.0
230.0	27.995353468304017	22.286757384666444	19.731164951875208	29.98672419515433	0.0
231.0	30.325271059216014	19.599666388657212	18.515429524603835	31.55963302752294	0.0
232.0	28.470824949698187	20.05365526492287	19.701542588866534	31.77397719651241	0.0
233.0	28.475374012439065	19.93612371827198	21.095982518070265	30.492519751218694	0.0
234.0	26.24831309041835	20.799595141700404	22.469635627530366	30.482456140350877	0.0
235.0	27.982276755282893	17.96182685753238	22.443762781186095	31.612133605998636	0.0
236.0	30.55652173913043	17.252173913043478	22.8	29.391304347826086	0.0
237.0	27.001569858712713	20.652363509506365	22.047793476364905	30.298273155416013	0.0
238.0	27.306143882373533	19.25433222475057	23.36775774549274	30.071766147383162	0.0
239.0	28.518583759027656	15.483530033468382	21.40214902237097	34.59573718513299	0.0
240.0	27.824082284092928	17.059762369214397	20.446887746054266	34.669267600638406	0.0
241.0	27.324545778411114	17.04666904168151	24.99109369433559	30.637691485571782	0.0
242.0	27.27109836946784	18.07919727647375	22.09281490772263	32.55688944633578	0.0
243.0	27.798810167658196	18.730845502073194	21.687398593834505	31.782945736434108	0.0
244.0	28.10007251631617	18.09282088469906	21.428571428571427	32.37853517041334	0.0
245.0	29.608735213830755	17.32484076433121	21.05550500454959	32.010919017288444	0.0
246.0	26.498538011695906	19.042397660818715	22.642543859649123	31.816520467836256	0.0
247.0	25.73056423451571	20.860136004410954	23.58022422348833	29.829075537585005	0.0
248.0	25.075131480090157	20.135236664162285	22.389181066867017	32.40045078888054	0.0
249.0	23.3739837398374	19.349593495934958	22.82520325203252	34.45121951219512	0.0
250.0	14.70875366091767	21.086885779368693	22.356003904978845	41.848356654734786	0.0
