# Position (bp)	A	C	G	T	N
0.0	68.09297411516113	8.795562599049129	10.776545166402537	12.334918119387215	0.0
1.0	10.987849973586899	67.77601690438458	10.987849973586899	10.248283148441626	0.0
2.0	13.866317169069461	64.37745740498035	8.309305373525557	13.446920052424641	0.0
3.0	67.9614181438999	8.75912408759124	9.202294056308654	14.077163712200209	0.0
4.0	66.98801459093278	10.03126628452319	8.233454924439812	14.74726420010422	0.0
5.0	13.690786048932848	63.61270171785528	9.942738157209787	12.753774076002083	0.0
6.0	13.553590010405827	63.943808532778355	8.792924037460978	13.709677419354838	0.0
7.0	69.74265661554459	9.04600987782688	8.526124252664413	12.685209253964128	0.0
8.0	67.82653856141262	10.698519864970137	8.958712022851207	12.516229550766035	0.0
9.0	13.388687078360146	62.58432797093928	9.159314997405293	14.867669953295279	0.0
10.0	12.425421530479897	7.626459143968872	9.208819714656292	70.73929961089495	0.0
11.0	12.305699481865284	9.870466321243523	7.772020725388601	70.05181347150258	0.0
12.0	12.20268872802482	8.919338159255428	10.62564632885212	68.25232678386763	0.0
13.0	12.686952037132542	62.79009798865395	10.263022176379577	14.259927797833935	0.0
14.0	13.396760092568783	9.282591925944974	63.94960143995886	13.371046541527384	0.0
15.0	64.96032761709752	9.393396467878167	10.161249040184286	15.48502687484003	0.0
16.0	11.582715418051649	9.307082587573511	10.866785988238302	68.24341600613654	0.0
17.0	13.581822823589482	61.11820270615267	9.982129180495276	15.317845289762575	0.0
18.0	12.372448979591837	9.744897959183675	9.974489795918368	67.90816326530611	0.0
19.0	13.710499490316005	63.63404689092762	9.811416921508664	12.844036697247708	0.0
20.0	13.18262636525273	10.185420370840742	9.22021844043688	67.41173482346964	0.0
21.0	14.17004048582996	9.944331983805668	10.425101214574898	65.46052631578947	0.0
22.0	13.197072924552106	8.024224072672217	62.02371940449155	16.754983598284127	0.0
23.0	14.22087745839637	9.581442259203229	9.152798789712557	67.04488149268785	0.0
24.0	66.93548387096774	8.064516129032258	9.349798387096774	15.650201612903224	0.0
25.0	14.919354838709678	7.913306451612903	61.46673387096774	15.700604838709678	0.0
26.0	66.75050301810866	8.501006036217303	8.702213279678068	16.046277665995976	0.0
27.0	11.493963782696177	12.575452716297786	7.469818913480886	68.46076458752515	0.0
28.0	13.21940185976376	61.724051269163105	8.017089721035436	17.0394571500377	0.0
29.0	15.0	8.115577889447236	8.015075376884422	68.86934673366835	0.0
30.0	14.149043303121852	8.282980866062436	60.52366565961732	17.044310171198386	0.0
31.0	14.466363176530095	7.309054122407689	9.15528578654527	69.06929691451694	0.0
32.0	14.162217137045513	8.82278159166031	8.97533689295703	68.03966437833715	0.0
33.0	14.118544899516664	61.714576443653016	8.547443398626303	15.619435258204021	0.0
34.0	14.452926208651398	9.134860050890586	9.567430025445292	66.84478371501272	0.0
35.0	13.301119023397762	61.953204476093596	8.265513733468973	16.480162767039673	0.0
36.0	13.6791253496059	8.949911009407577	8.441393338418509	68.92957030256801	0.0
37.0	66.61565927059424	9.793420045906656	8.54373884213211	15.047181841367	0.0
38.0	67.95002549719531	10.326364099949005	7.241203467618562	14.482406935237124	0.0
39.0	67.17635066258919	9.964322120285422	6.702344546381243	16.15698267074414	0.0
40.0	13.241308793456033	62.06543967280164	9.585889570552148	15.107361963190183	0.0
41.0	13.75579598145286	7.161257083977331	64.42555383822773	14.657393096342092	0.0
42.0	68.47545219638242	7.751937984496124	8.578811369509044	15.193798449612403	0.0
43.0	68.24902723735408	9.26070038910506	9.208819714656292	13.281452658884566	0.0
44.0	16.25782881002088	61.50835073068893	7.437369519832986	14.796450939457204	0.0
45.0	23.65752910251596	11.265490048817124	11.265490048817124	53.81149079984979	0.0
46.0	30.450733752620547	16.9811320754717	18.134171907756812	34.43396226415094	0.0
47.0	32.508436445444325	18.053993250843643	18.391451068616423	31.046119235095617	0.0
48.0	26.625211984171848	18.76766534765404	17.637083097795365	36.970039570378745	0.0
49.0	25.953329538986907	19.692657939669893	19.464997154240184	34.88901536710301	0.0
50.0	25.37058152793615	21.892816419612316	19.66932725199544	33.0672748004561	0.0
51.0	26.75413576725613	18.368511123787794	17.227609811751282	37.64974329720479	0.0
52.0	28.71004566210046	17.52283105022831	20.091324200913242	33.67579908675799	0.0
53.0	29.398280802292266	20.458452722063036	19.94269340974212	30.20057306590258	0.0
54.0	29.008073817762398	21.510957324106116	17.70472895040369	31.7762399077278	0.0
55.0	31.506058857472592	18.061165608770917	20.138488170802077	30.294287362954414	0.0
56.0	25.08650519031142	22.952710495963093	20.29988465974625	31.66089965397924	0.0
57.0	30.560369728480648	16.86886192952051	19.81513575967649	32.755632582322356	0.0
58.0	29.959514170040485	17.408906882591094	19.722382880277618	32.909196067090804	0.0
59.0	23.930635838150287	19.47976878612717	23.121387283236995	33.468208092485554	0.0
60.0	27.552204176334104	16.995359628770302	21.055684454756378	34.39675174013921	0.0
61.0	27.32018561484919	17.807424593967518	21.867749419953597	33.0046403712297	0.0
62.0	27.511682242990652	20.619158878504674	23.948598130841123	27.920560747663554	0.0
63.0	34.468584850264236	18.3206106870229	18.907809747504402	28.302994715208456	0.0
64.0	29.65801886792453	20.1061320754717	20.16509433962264	30.070754716981128	0.0
65.0	30.71470761961016	18.606024808033077	21.14589486119315	29.533372711163615	0.0
66.0	29.297105729474303	15.1801535735381	22.209096278795037	33.31364441819255	0.0
67.0	26.402835203780274	18.31069108092144	20.25989367985824	35.02658003544005	0.0
68.0	25.46103509815586	20.761451516954192	19.631171921475314	34.146341463414636	0.0
69.0	25.505350772889418	19.14387633769322	22.05707491082045	33.29369797859691	0.0
70.0	27.42415229030339	20.939916716240333	19.869125520523497	31.76680547293278	0.0
71.0	28.58844550327576	18.70160810005956	19.356759976176296	33.353186420488385	0.0
72.0	27.479091995221026	18.39904420549582	20.25089605734767	33.87096774193548	0.0
73.0	28.93006575014943	17.872086072922894	22.11595935445308	31.081888822474596	0.0
74.0	30.580490724117293	16.03830041891083	23.937761819269898	29.443447037701976	0.0
75.0	29.73621103117506	19.7242206235012	21.46282973621103	29.076738609112713	0.0
76.0	27.74774774774775	20.9009009009009	19.0990990990991	32.25225225225225	0.0
77.0	28.983764281419123	20.74564040889958	18.09981960312688	32.17077570655442	0.0
78.0	29.578313253012052	21.325301204819276	17.46987951807229	31.626506024096386	0.0
79.0	28.149487643158526	22.001205545509343	19.770946353224833	30.078360458107294	0.0
80.0	29.11392405063291	20.253164556962027	20.55455093429777	30.078360458107294	0.0
81.0	27.908378541289935	19.107896323086194	17.962628089210366	35.0210970464135	0.0
82.0	32.89156626506024	16.686746987951807	21.746987951807228	28.674698795180724	0.0
83.0	28.674698795180724	19.27710843373494	21.325301204819276	30.72289156626506	0.0
84.0	27.10843373493976	19.638554216867472	21.626506024096386	31.626506024096386	0.0
85.0	30.4583835946924	19.420989143546443	19.96381182147165	30.156815440289503	0.0
86.0	31.382015691007847	18.949909474954737	21.544960772480387	28.123114061557033	0.0
87.0	31.280193236714975	19.625603864734302	21.316425120772948	27.77777777777778	0.0
88.0	35.56763285024155	17.814009661835748	16.304347826086957	30.31400966183575	0.0
89.0	29.18429003021148	18.187311178247732	17.16012084592145	35.468277945619334	0.0
90.0	31.419939577039273	16.676737160120847	20.060422960725074	31.842900302114803	0.0
91.0	29.546827794561935	20.664652567975832	17.643504531722055	32.145015105740185	0.0
92.0	28.276699029126213	18.99271844660194	17.83980582524272	34.890776699029125	0.0
93.0	30.88145896656535	18.17629179331307	18.054711246200608	32.88753799392097	0.0
94.0	32.66423357664234	15.2676399026764	20.68126520681265	31.386861313868614	0.0
95.0	31.5468940316687	16.930572472594395	19.97563946406821	31.5468940316687	0.0
96.0	28.70201096892139	17.61121267519805	19.500304692260816	34.18647166361974	0.0
97.0	29.06764168190128	17.36745886654479	19.561243144424132	34.003656307129795	0.0
98.0	32.05128205128205	20.51282051282051	18.742368742368743	28.69352869352869	0.0
99.0	30.28083028083028	19.413919413919416	17.582417582417584	32.72283272283272	0.0
100.0	33.292608430054976	13.744654856444715	19.120342089187538	33.84239462431277	0.0
101.0	31.675874769797424	19.39840392879067	18.170656844689994	30.755064456721914	0.0
102.0	31.57248157248157	14.680589680589682	20.27027027027027	33.47665847665848	0.0
103.0	27.401477832512317	16.502463054187192	21.366995073891626	34.72906403940887	0.0
104.0	28.02469135802469	18.765432098765434	20.493827160493826	32.71604938271605	0.0
105.0	28.677379480840543	19.962917181705812	19.962917181705812	31.396786155747836	0.0
106.0	31.784386617100374	18.277571251548945	18.649318463444857	31.288723667905828	0.0
107.0	31.533209186840473	18.746120422098077	18.6219739292365	31.098696461824954	0.0
108.0	34.581772784019975	17.04119850187266	16.41697877652934	31.960049937578027	0.0
109.0	27.89968652037618	19.49843260188088	19.87460815047022	32.72727272727273	0.0
110.0	27.42138364779874	18.867924528301888	20.125786163522015	33.58490566037736	0.0
111.0	29.129886506935687	18.915510718789406	20.744010088272383	31.21059268600252	0.0
112.0	25.900189513581807	19.01452937460518	21.667719519898927	33.41756159191409	0.0
113.0	28.48984771573604	19.16243654822335	19.47969543147208	32.86802030456853	0.0
114.0	30.368487928843713	18.04320203303685	17.97966963151207	33.60864040660737	0.0
115.0	28.061224489795915	19.83418367346939	19.57908163265306	32.525510204081634	0.0
116.0	30.24296675191816	18.286445012787723	19.053708439897697	32.41687979539642	0.0
117.0	31.98976327575176	19.129878438899553	17.274472168905948	31.60588611644274	0.0
118.0	27.570694087403595	16.645244215938305	22.750642673521853	33.03341902313625	0.0
119.0	23.680823680823682	21.814671814671815	27.47747747747748	27.027027027027028	0.0
120.0	26.11218568665377	22.501611863313993	23.14635718891038	28.239845261121854	0.0
121.0	31.290322580645164	18.258064516129032	17.483870967741936	32.96774193548387	0.0
122.0	31.504196255648804	17.495158166559072	19.948353776630086	31.052291801162042	0.0
123.0	33.160621761658035	18.329015544041454	17.098445595854923	31.411917098445596	0.0
124.0	29.66818477553676	19.908913467794402	20.104098893949253	30.318802862719586	0.0
125.0	28.403908794788276	19.413680781758956	20.065146579804562	32.11726384364821	0.0
126.0	29.967426710097723	17.00325732899023	19.283387622149835	33.74592833876221	0.0
127.0	26.614481409001954	19.569471624266143	24.331376386170906	29.48467058056099	0.0
128.0	30.522875816993466	17.18954248366013	20.84967320261438	31.437908496732025	0.0
129.0	30.754098360655735	19.21311475409836	16.918032786885245	33.114754098360656	0.0
130.0	29.00461437046803	20.435069215557018	16.545814106789717	34.01450230718523	0.0
131.0	31.785003317850034	19.508958195089583	18.248175182481752	30.45786330457863	0.0
132.0	28.875582168995344	20.093147039254823	21.423819028609447	29.607451763140386	0.0
133.0	30.440587449933243	20.76101468624833	19.02536715620828	29.773030707610147	0.0
134.0	26.136363636363637	20.788770053475936	20.655080213903744	32.419786096256686	0.0
135.0	26.456798392498328	18.888144675150702	20.227729403884794	34.42732752846617	0.0
136.0	24.293405114401075	18.57335127860027	22.543741588156124	34.58950201884253	0.0
137.0	29.256756756756758	16.08108108108108	20.472972972972972	34.18918918918919	0.0
138.0	29.443690637720486	17.978290366350066	19.87788331071913	32.70013568521031	0.0
139.0	27.6797829036635	17.57123473541384	20.759837177747624	33.98914518317503	0.0
140.0	26.944065484311054	17.598908594815825	20.73669849931787	34.720327421555254	0.0
141.0	30.716723549488055	17.8839590443686	19.385665529010236	32.01365187713311	0.0
142.0	29.952021932830707	16.038382453735437	20.150788211103496	33.85880740233036	0.0
143.0	33.1267217630854	20.24793388429752	16.528925619834713	30.09641873278237	0.0
144.0	31.458333333333332	17.36111111111111	17.77777777777778	33.40277777777778	0.0
145.0	29.14923291492329	18.340306834030685	19.246861924686193	33.26359832635983	0.0
146.0	29.120111731843572	19.90223463687151	18.71508379888268	32.262569832402235	0.0
147.0	29.05263157894737	17.684210526315788	19.017543859649123	34.24561403508772	0.0
148.0	26.043878273177633	22.4345364472753	20.099079971691435	31.422505307855626	0.0
149.0	30.50605844618674	20.171062009978616	17.96151104775481	31.361368496079827	0.0
150.0	29.16368834882059	18.87062187276626	18.942101501072194	33.02358827734096	0.0
151.0	29.124820659971306	18.507890961262554	21.736011477761835	30.631276901004306	0.0
152.0	28.900071890726096	18.90726096333573	18.260244428468727	33.93242271746944	0.0
153.0	30.491329479768787	18.352601156069365	17.91907514450867	33.23699421965318	0.0
154.0	32.24873463485177	15.61822125813449	20.607375271149674	31.525668835864064	0.0
155.0	29.774872912127815	19.970951343500364	17.86492374727669	32.38925199709514	0.0
156.0	30.072992700729927	15.62043795620438	18.83211678832117	35.47445255474452	0.0
157.0	30.300807043286866	18.1951577402788	22.377109317681583	29.126925898752752	0.0
158.0	27.822878228782287	22.14022140221402	17.047970479704798	32.98892988929889	0.0
159.0	35.83086053412463	14.317507418397627	19.06528189910979	30.78635014836795	0.0
160.0	27.299925205684367	21.241585639491397	21.54076290201945	29.917726252804787	0.0
161.0	29.01281085154484	18.839487565938207	21.10022607385079	31.047475508666167	0.0
162.0	31.00833965125095	18.877937831690677	21.75890826383624	28.354814253222138	0.0
163.0	29.312977099236644	16.6412213740458	16.56488549618321	37.48091603053435	0.0
164.0	29.402756508422666	16.232771822358348	21.362940275650843	33.00153139356814	0.0
165.0	30.721966205837177	18.586789554531492	22.27342549923195	28.417818740399387	0.0
166.0	27.426810477657938	19.568567026194145	19.953775038520803	33.05084745762712	0.0
167.0	26.026336173508906	20.13942680092951	23.315259488768397	30.518977536793184	0.0
168.0	26.940993788819878	18.788819875776397	20.108695652173914	34.161490683229815	0.0
169.0	26.749611197511662	18.040435458786934	20.52877138413686	34.68118195956454	0.0
170.0	29.21875	16.875	19.375	34.53125	0.0
171.0	29.67032967032967	18.210361067503925	16.16954474097331	35.949764521193096	0.0
172.0	29.527559055118108	21.181102362204722	17.322834645669293	31.968503937007874	0.0
173.0	27.790973871733964	18.606492478226443	20.34837688044339	33.2541567695962	0.0
174.0	28.742038216560513	19.506369426751593	19.5859872611465	32.1656050955414	0.0
175.0	29.209896249002394	18.27613727055068	20.9098164405427	31.604150039904226	0.0
176.0	28.14755412991179	19.0056134723336	18.92542101042502	33.92141138732959	0.0
177.0	27.697262479871178	22.946859903381643	18.035426731078903	31.320450885668276	0.0
178.0	28.640776699029125	21.92556634304207	18.851132686084142	30.582524271844658	0.0
179.0	24.735557363710335	19.528071602929213	24.084621643612696	31.651749389747764	0.0
180.0	30.342577487765087	16.39477977161501	20.0652528548124	33.1973898858075	0.0
181.0	28.48932676518883	20.114942528735632	19.54022988505747	31.85550082101806	0.0
182.0	31.57894736842105	17.763157894736842	19.572368421052634	31.085526315789476	0.0
183.0	29.411764705882355	22.286661143330573	19.80115990057995	28.500414250207122	0.0
184.0	26.955074875207984	22.54575707154742	19.384359400998335	31.114808652246257	0.0
185.0	29.8494983277592	20.819397993311036	21.321070234113712	28.010033444816052	0.0
186.0	29.14911541701769	18.53411962931761	21.56697556866049	30.749789385004213	0.0
187.0	30.228619813717188	21.083827265029637	16.93480101608806	31.752751905165116	0.0
188.0	30.52003410059676	20.11935208866155	19.69309462915601	29.66751918158568	0.0
189.0	29.037800687285227	20.017182130584192	19.587628865979383	31.3573883161512	0.0
190.0	28.41105354058722	18.48013816925734	19.602763385146805	33.506044905008636	0.0
191.0	27.027027027027028	18.22144725370532	20.31386224934612	34.43766346992154	0.0
192.0	29.63940193491645	19.085312225153913	21.723834652594547	29.551451187335093	0.0
193.0	29.63294538943599	18.621307072515666	21.217547000895255	30.52820053715309	0.0
194.0	27.837837837837835	21.98198198198198	20.72072072072072	29.45945945945946	0.0
195.0	29.417122040072858	18.94353369763206	18.852459016393443	32.78688524590164	0.0
196.0	28.254847645429365	20.406278855032316	22.34533702677747	28.99353647276085	0.0
197.0	29.3119698397738	18.09613572101791	20.82940622054665	31.762488218661638	0.0
198.0	25.968992248062015	22.96511627906977	21.899224806201552	29.166666666666668	0.0
199.0	27.3190621814475	24.668705402650357	18.34862385321101	29.66360856269113	0.0
200.0	27.654609101516918	16.102683780630105	19.603267211201867	36.63943990665111	0.0
201.0	30.363036303630363	17.82178217821782	16.33663366336634	35.47854785478548	0.0
202.0	34.775374376039935	19.467554076539102	18.302828618968388	27.454242928452576	0.0
203.0	35.57046979865772	16.2751677852349	18.79194630872483	29.36241610738255	0.0
204.0	36.486486486486484	17.56756756756757	22.2972972972973	23.64864864864865	0.0
205.0	34.125636672325975	18.166383701188455	22.410865874363328	25.29711375212224	0.0
206.0	31.903945111492284	19.554030874785592	19.897084048027445	28.644939965694682	0.0
207.0	28.546712802768166	21.79930795847751	17.99307958477509	31.66089965397924	0.0
208.0	26.923076923076923	17.307692307692307	21.153846153846153	34.61538461538461	0.0
209.0	26.24113475177305	20.921985815602838	20.56737588652482	32.269503546099294	0.0
210.0	25.581395348837212	20.572450805008945	17.71019677996422	36.135957066189626	0.0
211.0	29.96389891696751	18.050541516245488	21.660649819494584	30.324909747292416	0.0
212.0	27.106227106227106	16.666666666666664	23.626373626373624	32.6007326007326	0.0
213.0	27.40740740740741	20.925925925925924	18.51851851851852	33.14814814814815	0.0
214.0	27.881040892193308	26.20817843866171	17.657992565055764	28.25278810408922	0.0
215.0	30.2803738317757	23.177570093457945	15.514018691588785	31.02803738317757	0.0
216.0	30.056710775047257	20.793950850661624	16.068052930056712	33.0812854442344	0.0
217.0	26.908396946564885	17.557251908396946	24.236641221374043	31.297709923664126	0.0
218.0	22.33201581027668	19.565217391304348	19.565217391304348	38.537549407114625	0.0
219.0	17.197452229299362	23.142250530785564	25.690021231422506	33.97027600849257	0.0
220.0	0.3194888178913738	25.878594249201274	28.115015974440894	45.68690095846645	0.0
