# Position (bp)	A	C	G	T	N
0.0	36.891948770368586	10.642775539654862	30.334916721784623	22.109313931814082	0.021045036377848596
1.0	32.612942979951306	17.072950795034416	22.89819351348102	27.41591271153326	0.0
2.0	34.745125267604	17.797836023838453	22.75935890759706	24.697679800960483	0.0
3.0	32.42365887207703	17.86519944979367	26.951856946354884	22.759284731774414	0.0
4.0	34.12376794164553	17.67889356584486	23.864676200684983	24.332662291824622	0.0
5.0	34.35375849660136	18.74750099960016	22.383546581367455	24.515193922431028	0.0
6.0	27.950176914985175	19.855120971597973	23.010901788275795	29.18380032514105	0.0
7.0	26.606508677492123	20.656228362109402	24.321547430256192	28.415715530142275	0.0
8.0	27.832638120371158	19.421980080020433	24.591385034476886	28.153996765131524	0.0
9.0	29.947213356248465	20.42515754153368	25.008183975775435	24.619445126442425	0.0
10.0	28.328523516106387	22.810233211137977	23.52390609156852	25.337337181187113	0.0
11.0	27.641570438799075	19.905773672055428	24.14226327944573	28.31039260969977	0.0
12.0	29.20913569189431	21.316614420062695	22.857142857142858	26.617107030900133	0.0
13.0	30.14965938986358	20.81990347927592	22.633587121278115	26.396850009582383	0.0
14.0	29.86213313033917	19.834221432800472	23.79937410132792	26.504271335532437	0.0
15.0	27.208870025827043	20.0940959713106	23.86945006497886	28.8275839378835	0.0
16.0	25.97836461979001	20.99109131403118	24.650015908367802	28.380528157811007	0.0
17.0	26.587688734030195	19.43012001548587	24.08052651955091	29.901664730933025	0.0
18.0	26.872881101677116	21.113977978458493	24.573220125408778	27.439920794455613	0.0
19.0	26.048080605721356	19.332410217128714	23.54093627552073	31.078572901629204	0.0
20.0	27.534830571792728	18.25546814339501	25.324133081351906	28.88556820346035	0.0
21.0	29.651264676675037	18.353875810502952	24.020094631695777	27.974764881126234	0.0
22.0	29.82264546566486	18.185392276777915	22.43432931446211	29.557632943095115	0.0
23.0	28.259415442780284	18.606950705249382	22.76137850807038	30.37225534389996	0.0
24.0	27.407836604620844	17.288332005504454	23.5358875932498	31.7679437966249	0.0
25.0	27.406556995872812	17.12201360227867	27.160960297622506	28.310469104226005	0.0
26.0	26.120266608071486	18.72116018457482	24.201274445176885	30.957298762176812	0.0
27.0	26.699281773706673	17.377210070038217	24.428616038900206	31.494892117354905	0.0
28.0	28.96677860398177	17.036459582633725	24.063024706164548	29.933737107219955	0.0
29.0	27.505499603429957	18.37690615506637	24.252128758062344	29.865465483441326	0.0
30.0	29.05684440665614	18.37422567715292	23.835479169197132	28.733450746993803	0.0
31.0	27.448062110657624	18.189768926258935	26.084021235461996	28.278147727621445	0.0
32.0	27.451433857539314	18.003391921060746	23.879124267653406	30.666049953746533	0.0
33.0	27.584814843568044	17.801412933778433	24.280723546308515	30.333048676345005	0.0
34.0	27.757249326736392	17.063318093567982	24.632053610571806	30.547378969123816	0.0
35.0	27.888357963355592	19.30635106483972	23.431220530995855	29.374070440808836	0.0
36.0	27.24716857558186	18.20418204182042	24.114630756697178	30.434018625900546	0.0
37.0	27.240246735560365	17.756949451253707	25.272770968517182	29.730032844668745	0.0
38.0	28.120730942929235	18.4262548014336	23.390816605326176	30.06219765031099	0.0
39.0	27.956067419365276	18.76354695739381	23.318559736016304	29.961825887224613	0.0
40.0	28.030007160059885	17.659311332422053	24.503677667122307	29.80700384039576	0.0
41.0	28.364544727260853	17.285180166206796	23.65752910251596	30.692746004016392	0.0
42.0	27.166218379234664	17.988152010692893	23.458358772957542	31.3872708371149	0.0
43.0	27.324771007566707	19.081043409000397	24.548652595247578	29.045532988185318	0.0
44.0	28.148358248798715	18.044247197010144	23.304858515750134	30.502536038441004	0.0
45.0	29.908859402224902	18.270004020908726	22.165259348612786	29.655877228253587	0.0
46.0	26.4122860428929	18.965225627494757	25.07780258439889	29.54468574521345	0.0
47.0	26.75996245413431	20.373752026623432	22.812526666097792	30.05375885314447	0.0
48.0	31.027637280118764	19.853613906678866	22.0010702756823	27.117678537520067	0.0
49.0	27.935545352161483	19.48366975656242	24.13930520661873	28.43974703283375	0.0017326518236160443
50.0	29.312578792547978	18.74212074520241	21.98312088527805	29.962179576971565	0.0
51.0	28.705104302247864	21.701199563794983	22.478629471980863	27.11506666197629	0.0
52.0	27.123777809267395	19.84377214113646	23.480232393368286	29.552217656227857	0.0
53.0	27.217576943604342	18.806262230919764	23.378402419498308	30.59597936310265	0.0017790428749332858
54.0	27.11122231952959	19.50992833014602	23.266787010062377	30.112062340262014	0.0
55.0	27.517068689088646	19.37994271405667	23.552088775197706	29.550899821656966	0.0
56.0	26.516641176898986	19.12096715461365	22.39640230136188	31.96598936712548	0.0
57.0	27.351353336516215	19.420470821550552	23.261963347901133	29.966212494032096	0.0
58.0	26.614637401749963	19.025285481239802	22.84776805576153	31.5123090612487	0.0
59.0	24.185428480527015	20.111167256189997	23.229090636872346	32.47431362641065	0.0
60.0	26.289570644409356	18.319046544852995	24.35709451838484	31.03428829235281	0.0
61.0	26.953578152634883	19.184907669779207	25.141205332521917	28.720308845063997	0.0
62.0	27.537914105759896	18.63071565847811	23.46773733183643	30.36363290392556	0.0
63.0	27.56877835850899	17.946508911990506	24.674056630865547	29.810656098634965	0.0
64.0	24.90182043295738	19.763595209997874	26.072236946470372	29.262347410574375	0.0
65.0	27.46099736707667	19.418791999056864	22.183361496443588	30.93684913742288	0.0
66.0	29.491187892064126	17.839291048491486	22.82983172358857	29.83968933585582	0.0
67.0	28.47888001925468	16.885956115367645	24.672068675037107	29.963095190340567	0.0
68.0	28.742102705329664	18.856309735946866	22.59436254657379	29.807225012149686	0.0
69.0	32.14007941381145	17.866060829342175	21.488804289983214	28.505055466863155	0.0
70.0	30.857000601622303	18.735348422297367	21.473767192913304	28.933883783167026	0.0
71.0	29.76140819220823	19.435638608492532	20.63276883290231	30.170184366396928	0.0
72.0	29.71465847396995	16.331383359286225	22.86940785320483	31.084550313538994	0.0
73.0	29.155330726066996	18.96998809726237	22.86388369324945	29.010797483421186	0.0
74.0	30.696596420447232	18.842010386711877	22.466629469075926	27.99476372376497	0.0
75.0	29.143989201898375	18.570122349457918	22.451778638916707	29.834109809727	0.0
76.0	31.17100822727574	18.77495202593908	22.376866576968037	27.67717316981715	0.0
77.0	29.37209717756342	18.24312254376563	24.225169703465525	28.15961057520543	0.0
78.0	29.022189820932248	18.68136875199344	22.495101836241854	29.80133959083246	0.0
79.0	29.27616306063701	19.33327142724487	23.203175782338192	28.187389729779923	0.0
80.0	26.871635756763744	18.628211456643868	21.72625343769833	32.77389934889406	0.0
81.0	31.16369390103567	18.829113924050635	22.693709244342156	27.31108553893364	0.002397391637897967
82.0	29.39371804236669	19.812515217920623	21.71171171171171	29.082055028000976	0.0
83.0	30.802075317131294	18.27073455303726	22.53804334334583	28.38666434972569	0.002482436759923541
84.0	29.459876933984958	19.69309462915601	21.45552151123041	29.391506925628626	0.0
85.0	28.104254384831968	18.668147650659986	23.33324722961279	29.89435073489525	0.0
86.0	25.44664031620553	18.743083003952567	24.44532279314888	31.364953886693016	0.0
87.0	29.00519592985495	18.096449447932454	23.078588439056073	29.819766183156528	0.0
88.0	30.25419504901146	20.19992246774104	22.268372376363736	27.277510106883756	0.0
89.0	28.513658729709856	21.203551835303433	22.094338555511566	28.18845087947514	0.0
90.0	28.910989267382174	20.421138590760616	23.320111992533832	27.34776014932338	0.0
91.0	28.052706892439783	21.58061054137849	22.72239446696876	27.64130694013833	0.002981159074648223
92.0	30.86107642167464	17.532210410892144	23.31333191191252	28.290335353781487	0.003045901739209893
93.0	29.521326131495623	18.39572856522009	24.498665176631278	27.581175886260635	0.0031042403923759857
94.0	28.005042546485974	19.36022691459187	24.50047273873306	28.134257800189094	0.0
95.0	29.895846727529896	18.490420470618492	21.676096181046674	29.937636620804938	0.0
96.0	27.08517536103743	18.122277892392834	25.467465697350754	29.32508104921898	0.0
97.0	26.582023377670293	19.854225446728467	25.413139862958484	28.150611312642752	0.0
98.0	26.36338628705041	19.169933292070695	22.845746509868647	31.620933911010248	0.0
99.0	26.42746369660228	19.515719723671225	24.665162836599464	29.391653743127026	0.0
100.0	30.138222238261935	18.9938287199105	23.76845068389332	27.099498357934245	0.0
101.0	28.457281090789138	17.575046732397464	24.432796979804277	29.534875197009125	0.0
102.0	30.70445831140516	19.859409066987443	22.641154800390947	26.79497782121645	0.0
103.0	29.13582141076292	20.17567412067048	23.73134900847685	26.957155460089755	0.0
104.0	27.650187118376994	19.153043135710064	23.072680716958835	30.124089028954103	0.0
105.0	25.395292697646347	20.24542345604506	24.135988734661034	30.22329511164756	0.0
106.0	24.581212021678436	18.779766792576776	24.93430776810642	31.704713417638363	0.0
107.0	27.15273412947832	18.985962706892938	23.142677561282213	30.718625602346535	0.0
108.0	27.361942065165927	18.8352774071364	24.4695045839969	29.33327594370077	0.0
109.0	27.768014059753952	18.791739894551846	23.92794376098418	29.507908611599298	0.004393673110720563
110.0	27.558280012528524	19.09257684907602	24.06819097051322	29.28095216788223	0.0
111.0	26.64787707973452	18.46531502863897	26.18874443131194	28.69351759250841	0.0045458678061641965
112.0	27.32237907891692	18.620689655172416	24.725757926405926	29.331173339504744	0.0
113.0	26.947142323496454	17.631677250653716	24.533059394844976	30.888121031004857	0.0
114.0	25.738396624472575	18.977859953539088	25.757360261698192	29.52638316029014	0.0
115.0	27.37233323679892	20.10811854426103	24.191524278405254	28.328023940534802	0.0
116.0	26.27794740470797	18.76292721363144	24.972914409534127	29.986210972126464	0.0
117.0	24.317743735416457	18.99157958810997	26.625748199249266	30.064928477224306	0.0
118.0	26.228910643615915	19.1991251822537	24.72401583003541	29.84794834409498	0.0
119.0	26.891425537563045	19.1239713299708	23.392620122113087	30.59198301035307	0.0
120.0	27.26632730423481	17.074623632622117	26.789775804180653	28.86927325896242	0.0
121.0	27.501106684373617	19.732182381584774	23.84904825143869	28.917662682602923	0.0
122.0	26.48013430330162	18.304420817011753	23.855623950755454	31.35982092893117	0.0
123.0	24.648366606170597	18.954174228675136	26.559664246823957	29.837794918330307	0.0
124.0	25.718091267083622	17.75538568450313	24.102385916145472	32.42413713226778	0.0
125.0	24.603034059382566	19.520689451626232	22.218286996045098	33.65798949294611	0.0
126.0	24.63513595349119	18.28862108641676	24.895536849754738	32.18070611033731	0.0
127.0	24.841118035416795	19.645832047880546	26.30961930030234	29.203430616400322	0.0
128.0	25.246422893481718	21.717011128775834	23.135135135135133	29.90143084260731	0.0
129.0	25.163722960904945	20.361182774359992	24.99173116359066	29.483363101144406	0.0
130.0	27.629160710639166	18.49431624804302	24.824722619290725	29.051800422027092	0.0
131.0	26.09368406245604	20.48811365874244	24.14544943029962	29.2727528485019	0.0
132.0	26.84741766742798	18.028438812348043	24.239298607529655	30.877477344728504	0.007367567965814484
133.0	27.42521450104352	18.373656952925717	26.574940094303162	27.6261884517276	0.0
134.0	27.087559847439746	18.063783169682708	24.888420027590684	29.960236955286863	0.0
135.0	28.32592339261286	18.638850889192888	24.247606019151846	28.787619699042406	0.0
136.0	24.179185031933077	20.11333992983719	26.320050373302152	29.387424664927586	0.0
137.0	27.16213647595514	16.451245010454286	25.632009123740733	30.75460938984984	0.0
138.0	26.086507690719525	17.198307009394036	25.580675131619696	31.13451016826675	0.0
139.0	26.16730453799891	20.732640787315475	27.512301804264627	25.587752870420992	0.0
140.0	24.45090063916328	18.791400348634514	25.183033120278907	31.5746658919233	0.0
141.0	25.725675844026412	16.50678958515012	28.05531331755326	29.712221253270215	0.0
142.0	25.423728813559322	20.32542372881356	26.494915254237288	27.755932203389833	0.0
143.0	25.947731188971858	17.70534175761057	25.358989086731764	30.987937966685813	0.0
144.0	24.760136180748994	17.95109873104302	26.152893840916125	31.135871247291856	0.0
145.0	23.118544023610426	20.5771437940646	22.134776192818496	34.16953598950648	0.0
146.0	22.21820809248555	17.178468208092486	23.609104046242773	36.99421965317919	0.0
147.0	22.059413890004016	19.08871938980329	23.946206342834202	34.90566037735849	0.0
148.0	22.349763673193788	21.224397929327033	21.96713932027909	34.45869907720009	0.0
149.0	22.81258260639704	26.301876817340737	15.754692043351836	35.130848532910385	0.0
150.0	22.450980392156865	23.57843137254902	20.73529411764706	33.23529411764706	0.0
