# Position (bp)	A	C	G	T	N
0.0	25.7957265803687	24.652792942651573	24.00496356624089	25.54651691073884	0.0
1.0	26.193556982874938	20.57604688846257	15.283330241014587	37.9470658876479	0.0
2.0	28.417736503016165	19.292703226817935	18.607218804287555	33.68234146587835	0.0
3.0	22.452660480969513	23.20370721033474	15.403700898398872	38.93993141029687	0.0
4.0	33.79361232599773	14.076065576529443	14.543044852982941	37.58727724448988	0.0
5.0	34.89974497136713	15.386341874675008	23.14703523955527	26.566877914402596	0.0
6.0	30.627786292490022	18.117546639653302	20.90200653549885	30.352660532357827	0.0
7.0	34.934871653727726	17.910445092691404	19.694397962050104	27.460285291530766	0.0
8.0	22.494833241291705	27.7079089926895	22.062214810747445	27.735042955271343	0.0
9.0	27.893187682148557	19.210424826355784	15.997479696591816	36.89890779490384	0.0
10.0	25.838904822788404	17.16035929993956	25.601682473952707	31.39905340331933	0.0
11.0	27.933247086595937	18.30996639910967	19.92666678515865	33.830119729135745	0.0
12.0	25.869972158240646	20.369581397628345	21.275550753708913	32.4848956904221	0.0
13.0	26.451501354752477	21.36976239588262	18.76365046029402	33.41508578907088	0.0
14.0	30.41327023249704	19.179536280579477	20.436648560180448	29.97054492674303	0.0
15.0	30.006681475359787	18.633207616145718	19.74775090475464	31.61236000373986	0.0
16.0	29.399732593747053	18.00587671147732	18.971929915709083	33.62246077906655	0.0
17.0	30.562422890379104	18.337489492162646	19.715379456372112	31.384708161086134	0.0
18.0	30.732146878032523	18.158468441361038	18.790826491034906	32.31855818957153	0.0
19.0	29.274884814751285	18.796999993374264	20.15649565504278	31.771619536831675	0.0
20.0	29.52138319265566	18.1290207300319	19.84751554392184	32.502080533390604	0.0
21.0	28.791311326567865	18.868673619341426	19.282582236151924	33.05743281793879	0.0
22.0	29.60925305985384	19.22950273648116	22.27631018915001	28.884934014514986	0.0
23.0	29.454116206348107	20.564809206700744	21.15947418587332	28.82160040107783	0.0
24.0	31.555946602465045	19.802733988622034	18.983519693525047	29.657799715387874	0.0
25.0	28.52944755357354	21.72268269912253	19.25756219856192	30.490307548742006	0.0
26.0	31.223282117803674	17.154459240633972	21.766664959400543	29.855593682161807	0.0
27.0	26.01356130208945	21.391006816198637	24.85954756325973	27.735884318452175	0.0
28.0	25.996281805763104	20.59408864539371	18.366474453742327	35.04315509510086	0.0
29.0	27.431847216018628	20.572391992367994	17.66334724352069	34.33241354809269	0.0
30.0	26.42133212515212	20.387025398146637	16.140261409673528	37.05138106702772	0.0
31.0	33.669413109511865	14.997902387576806	18.10837554908323	33.2243089538281	0.0
32.0	33.507008062780116	16.705936886447176	22.87979671752632	26.907258333246393	0.0
33.0	31.380514447911096	18.14439482223988	20.53482709734434	29.94026363250468	0.0
34.0	32.925373850586496	17.172480049498862	21.76386750854489	28.138278591369755	0.0
35.0	26.172418089472167	20.824026169677605	25.534678956016275	27.468876784833952	0.0
