# Position (bp)	A	C	G	T	N
0.0	63.92643165668106	9.1403093214435	10.645116343876271	16.288142677999165	0.0
1.0	9.41897728856068	63.9124982583252	14.894802842413265	11.77372161070085	0.0
2.0	16.375727348295925	60.69548351343863	7.079523413688002	15.849265724577446	0.0
3.0	64.17415342087077	10.172771250863857	9.633724948168625	16.019350380096753	0.0
4.0	64.84731242227443	11.55174796186265	7.599834185435954	16.001105430426975	0.0
5.0	14.0016570008285	58.89257111295222	11.253797293565313	15.851974592653963	0.0
6.0	13.469500414021528	61.74441070935689	10.18492961634005	14.601159260281534	0.0
7.0	66.45517241379311	9.972413793103447	9.213793103448275	14.358620689655172	0.0
8.0	64.12518957672687	10.216462153591618	10.133737763683994	15.524610505997519	0.0
9.0	14.61262751585332	58.06451612903226	10.297766749379653	17.025089605734767	0.0
10.0	11.712828992696707	10.376188507647788	9.976574342014606	67.9344081576409	0.0
11.0	14.260151410874053	8.575361321403992	8.671713695801788	68.49277357192017	0.0
12.0	16.173841287305734	8.650804566084446	9.393480951726035	65.78187319488379	0.0
13.0	12.513736263736263	62.32142857142857	10.618131868131869	14.546703296703297	0.0
14.0	12.242657150699973	10.403513587702443	59.52511666209168	17.828712599505902	0.0
15.0	66.36974098944772	10.333013567219405	9.20926408112923	14.087981362203644	0.0
16.0	14.453873528606625	11.49739939775527	10.826717766219545	63.22200930741856	0.0
17.0	15.24890590809628	58.725382932166305	10.74945295404814	15.276258205689278	0.0
18.0	14.695830485304171	10.444292549555707	8.61244019138756	66.24743677375257	0.0
19.0	13.294165869654323	61.975679737669076	9.427517420412626	15.302636972263969	0.0
20.0	16.22765115326873	9.744779582366588	8.079705199945407	65.94786406441926	0.0
21.0	13.756469626804686	10.310542086624897	14.859711250340506	61.07327703622991	0.0
22.0	17.351660315732172	8.043004899292324	58.08383233532935	16.52150244964616	0.0
23.0	12.525499796001633	13.273493812049503	11.42390860873113	62.77709778321774	0.0
24.0	65.39350278646188	7.394318336278374	9.365230392823163	17.84694848443659	0.0
25.0	15.613534447615166	8.887077048512026	56.12175567332518	19.37763283054763	0.0
26.0	63.09928018470732	9.11313323373625	8.311829417357055	19.475757164199376	0.0
27.0	13.796849538294406	10.225420966865833	8.256382400869093	67.72134709397066	0.0
28.0	12.243789873761369	59.41360119451608	6.135468983303923	22.207139948418625	0.0
29.0	13.568521031207597	9.280868385345997	9.26729986431479	67.88331071913161	0.0
30.0	15.31139515909709	8.430785966820778	56.44547185205331	19.812347022028828	0.0
31.0	15.028743498494388	7.035313441007392	11.798521762934575	66.13742129756365	0.0
32.0	14.262182566918325	13.850377487989018	7.838023335621139	64.04941660947152	0.0
33.0	15.334802976026454	57.867181041609264	9.410305869385507	17.387710112978784	0.0
34.0	15.342087076710436	9.025570145127851	8.527988942639944	67.10435383552176	0.0
35.0	16.668983734186014	57.361323508967054	9.356318643125261	16.613374113721672	0.0
36.0	15.081173454856167	7.6616348618627175	9.057248647109086	68.19994303617203	0.0
37.0	64.2070642070642	12.383812383812383	10.23881023881024	13.17031317031317	0.0
38.0	66.55676605504587	12.543004587155963	7.884174311926606	13.01605504587156	0.0
39.0	64.50310111063033	10.615894994951681	6.779172075580557	18.101831818837443	0.0
40.0	13.455612619222304	60.8070432868672	8.26118855465884	17.47615553925165	0.0
41.0	16.568396226415093	8.402122641509434	62.19044811320755	12.839033018867923	0.0
42.0	69.25011093033575	7.927821328205886	8.741310457032982	14.08075728442538	0.0
43.0	67.88364499851588	9.7506678539626	10.032650638171564	12.333036509349956	0.0
44.0	14.822045352154978	61.69094458627421	6.502477849526957	16.984532212043852	0.0
45.0	22.090469916556874	8.871321914800175	14.185331576635923	54.85287659200703	0.0
46.0	27.72887323943662	12.411971830985916	16.60798122065728	43.251173708920184	0.0
47.0	31.697612732095493	19.694960212201593	21.452254641909814	27.155172413793103	0.0
48.0	24.908057505850888	24.57372116349047	15.780675359411568	34.73754597124707	0.0
49.0	31.65931455717679	19.375636240244315	18.730912792670512	30.23413640990838	0.0
50.0	27.105352881009203	23.08216842823048	19.5363109444255	30.27616774633481	0.0
51.0	28.532329798152585	18.3031132398221	15.839890523434827	37.324666438590484	0.0
52.0	29.958391123439664	16.574202496532596	22.260748959778088	31.206657420249652	0.0
53.0	32.89198606271777	16.062717770034844	20.313588850174217	30.73170731707317	0.0
54.0	24.158485273492285	23.5273492286115	17.601683029453017	34.7124824684432	0.0
55.0	27.86596119929453	20.317460317460316	22.363315696649032	29.453262786596117	0.0
56.0	31.88097768331562	16.861494863620262	20.01416932341481	31.243358129649305	0.0
57.0	33.65282215122471	20.802271920482784	18.53035143769968	27.01455449059283	0.0
58.0	29.61511047754811	19.280114041339985	20.81254454739843	30.29223093371347	0.0
59.0	28.101537361458707	22.881658920271718	20.45048265999285	28.56632105827672	0.0
60.0	25.97498160412068	17.91758646063282	23.362766740250184	32.74466519499632	0.0
61.0	23.772321428571427	18.75	24.888392857142858	32.589285714285715	0.0
62.0	26.075570520014963	24.017957351290683	22.22222222222222	27.68424990647213	0.0
63.0	29.429429429429426	18.13063063063063	15.015015015015015	37.42492492492492	0.0
64.0	27.468785471055618	20.96102913356035	20.998864926220204	30.571320469163826	0.0
65.0	32.136033626289645	18.53267099732518	19.335116545662974	29.996178830722204	0.0
66.0	29.88108937476026	14.844649021864212	24.817798235519756	30.456463367855775	0.0
67.0	28.725868725868725	18.030888030888033	18.494208494208493	34.74903474903475	0.0
68.0	25.74730968513352	22.439218812275808	19.80868872060582	32.00478278198485	0.0
69.0	27.64127764127764	17.69041769041769	24.324324324324326	30.34398034398034	0.0
70.0	27.734213784564588	22.162608336772596	17.705323978539	32.39785390012381	0.0
71.0	27.465667915106117	22.638368705784437	19.975031210986266	29.920932168123183	0.0
72.0	29.916317991631797	17.489539748953973	19.539748953974893	33.054393305439326	0.0
73.0	29.309614570097413	17.36552308343922	21.304531977975437	32.02033036848793	0.0
74.0	34.506437768240346	17.98283261802575	20.72961373390558	26.781115879828327	0.0
75.0	29.969944182052384	19.235723486474882	23.57234864748819	27.22198368398454	0.0
76.0	32.81586890901251	21.172919361793877	16.6882276843467	29.322984044846915	0.0
77.0	28.930272845387613	22.78042442615851	17.929839757470766	30.35946297098311	0.0
78.0	32.1475054229935	21.865509761388285	17.39696312364425	28.59002169197397	0.0
79.0	29.502421840598853	19.991193306913253	22.236900044033465	28.269484808454425	0.0
80.0	28.95548699867783	20.890260026443368	20.31732040546496	29.836932569413836	0.0
81.0	26.50442477876106	19.115044247787612	18.893805309734514	35.48672566371681	0.0
82.0	34.16815742397138	16.010733452593918	19.275491949910556	30.545617173524146	0.0
83.0	29.110512129380055	22.05750224618149	20.170709793351303	28.661275831087153	0.0
84.0	27.880184331797235	19.907834101382488	21.52073732718894	30.691244239631338	0.0
85.0	36.023985239852394	16.928044280442805	17.20479704797048	29.843173431734314	0.0
86.0	31.89814814814815	15.555555555555555	23.65740740740741	28.888888888888886	0.0
87.0	32.17270194986072	19.405756731662024	20.51996285979573	27.901578458681524	0.0
88.0	37.598883201489066	18.566775244299674	16.891577477896696	26.942764076314564	0.0
89.0	30.4	17.741176470588236	16.658823529411766	35.199999999999996	0.0
90.0	30.631479736098022	16.069745523091424	21.017907634307257	32.280867106503294	0.0
91.0	29.522909777987717	18.327822390174774	18.894662257912138	33.25460557392537	0.0
92.0	28.60520094562648	18.72340425531915	17.73049645390071	34.94089834515366	0.0
93.0	31.518072289156628	17.25301204819277	17.49397590361446	33.734939759036145	0.0
94.0	33.82497541789577	16.764995083579155	18.928220255653887	30.48180924287119	0.0
95.0	31.618010885700148	17.763483424047504	20.188025729836713	30.430479960415635	0.0
96.0	29.102627664848786	18.096182449181953	17.798710956866636	35.00247892910263	0.0
97.0	30.623441396508728	18.85286783042394	19.052369077306732	31.4713216957606	0.0
98.0	31.90524193548387	17.842741935483872	21.219758064516128	29.03225806451613	0.0
99.0	29.788306451612907	20.614919354838708	17.43951612903226	32.15725806451613	0.0
100.0	35.08329126703685	13.881877839475013	19.131751640585563	31.90307925290257	0.0
101.0	30.383022774327124	19.099378881987576	20.96273291925466	29.554865424430645	0.0
102.0	31.870428422152557	16.405433646812956	20.114942528735632	31.60919540229885	0.0
103.0	27.77777777777778	17.662473794549268	20.59748427672956	33.9622641509434	0.0
104.0	27.506561679790025	19.26509186351706	19.63254593175853	33.59580052493438	0.0
105.0	29.27856766719326	21.32701421800948	18.64139020537125	30.753027909426013	0.0
106.0	31.22340425531915	17.76595744680851	18.03191489361702	32.97872340425532	0.0
107.0	32.42955874534822	19.51089845826688	18.872939925571504	29.1866028708134	0.0
108.0	32.958801498127336	17.549491706795077	16.746923488496524	32.74478330658106	0.0
109.0	28.96995708154507	20.54721030042918	17.918454935622318	32.56437768240343	0.0
110.0	26.089295320064547	20.17213555675094	21.355567509413664	32.383001613770844	0.0
111.0	31.155507559395247	18.304535637149026	19.870410367170628	30.669546436285096	0.0
112.0	26.652221018418203	19.284940411700973	21.50595882990249	32.556879739978335	0.0
113.0	30.510314875135723	19.92399565689468	17.42671009771987	32.13897937024973	0.0
114.0	30.80697928026172	17.230098146128682	19.520174482006546	32.44274809160305	0.0
115.0	26.177437020810512	20.31763417305586	19.331872946330776	34.17305585980285	0.0
116.0	28.767123287671232	19.013698630136986	19.17808219178082	33.04109589041096	0.0
117.0	30.75233388248215	19.494783086216362	18.835804503020317	30.917078528281166	0.0
118.0	26.732673267326735	16.556655665566556	22.55225522552255	34.15841584158416	0.0
119.0	23.386651958080527	20.628792057363484	27.744070601213462	28.240485383342527	0.0
120.0	27.64900662251656	21.467991169977925	22.516556291390728	28.36644591611479	0.0
121.0	31.26729385722192	18.98173768677366	17.6535694521306	32.097399003873825	0.0
122.0	30.41551246537396	17.562326869806093	20.609418282548475	31.412742382271468	0.0
123.0	35.127635960044394	17.36958934517203	17.591564927857934	29.91120976692564	0.0
124.0	31.23608017817372	18.151447661469934	18.98663697104677	31.625835189309576	0.0
125.0	28.30820770519263	18.70463428252373	19.430485762144052	33.556672250139584	0.0
126.0	31.390134529147986	19.002242152466366	18.66591928251121	30.94170403587444	0.0
127.0	29.34232715008432	19.168071950534006	20.123664980326026	31.365935919055648	0.0
128.0	31.78994918125353	16.713721061547147	19.649915302089216	31.846414455110107	0.0
129.0	28.822197055492637	18.176670441676105	17.950169875424688	35.05096262740657	0.0
130.0	30.721181147075526	19.02328222600795	15.67291311754685	34.582623509369675	0.0
131.0	29.505400795906766	20.125071063104034	18.590108015918137	31.779420125071063	0.0
132.0	30.034129692832767	18.031854379977247	20.989761092150168	30.94425483503982	0.0
133.0	28.5876993166287	21.070615034168565	19.98861047835991	30.353075170842825	0.0
134.0	25.499144324015973	19.452367370222476	21.620079863091842	33.42840844266971	0.0
135.0	28.162564396107616	17.85918717801946	20.03434459072696	33.94390383514597	0.0
136.0	26.421596783457783	17.805858701895463	21.424468696151635	34.34807581849512	0.0
137.0	28.818443804034583	15.619596541786743	21.38328530259366	34.178674351585016	0.0
138.0	27.23600692440854	18.00346220427005	20.427005193306407	34.333525678015	0.0
139.0	28.092485549132952	18.034682080924856	20.173410404624278	33.699421965317924	0.0
140.0	29.391304347826086	16.869565217391305	21.565217391304348	32.17391304347826	0.0
141.0	32.78974956319161	17.647058823529413	18.69539895165987	30.867792661619102	0.0
142.0	31.969608416130917	15.020455873758037	19.40385739333723	33.60607831677382	0.0
143.0	32.66862170087976	18.592375366568913	18.7683284457478	29.970674486803517	0.0
144.0	32.88235294117647	17.058823529411764	18.529411764705884	31.529411764705884	0.0
145.0	29.693034238488785	18.122786304604485	19.834710743801654	32.349468713105075	0.0
146.0	28.37677725118483	19.135071090047393	19.431279620853083	33.056872037914694	0.0
147.0	29.798578199052134	19.964454976303315	18.364928909952607	31.87203791469194	0.0
148.0	27.213309566250743	19.964349376114082	19.37017231134878	33.45216874628639	0.0
149.0	30.709600477042336	20.51282051282051	17.05426356589147	31.723315444245674	0.0
150.0	30.0	19.221556886227546	18.802395209580837	31.976047904191617	0.0
151.0	29.136690647482016	17.925659472422062	21.942446043165468	30.995203836930457	0.0
152.0	27.40963855421687	20.180722891566266	17.59036144578313	34.81927710843373	0.0
153.0	32.64936632468316	17.44115872057936	17.56185878092939	32.347616173808085	0.0
154.0	32.72616879174256	15.482695810564662	20.097146326654524	31.693989071038253	0.0
155.0	30.633373934226555	20.584652862362972	17.84409257003654	30.937880633373933	0.0
156.0	30.628431970713848	14.948139109212935	18.547895057962172	35.87553386211104	0.0
157.0	30.128597672994488	18.12614819350888	21.06552357624005	30.679730557256583	0.0
158.0	29.335793357933582	21.648216482164823	17.22017220172202	31.795817958179583	0.0
159.0	34.23645320197045	15.147783251231528	19.58128078817734	31.03448275862069	0.0
160.0	27.05373687461396	18.83878937615812	22.421247683755404	31.68622606547251	0.0
161.0	30.64516129032258	18.486352357320097	22.27047146401985	28.59801488833747	0.0
162.0	31.359102244389025	17.51870324189526	19.70074812967581	31.421446384039903	0.0
163.0	29.636591478696744	17.606516290726816	17.794486215538846	34.962406015037594	0.0
164.0	29.880728185812934	16.258631512868803	22.598870056497177	31.26177024482109	0.0
165.0	29.78589420654912	17.56926952141058	22.607052896725442	30.037783375314863	0.0
166.0	28.417721518987342	19.936708860759495	19.17721518987342	32.46835443037975	0.0
167.0	27.70012706480305	20.330368487928844	22.109275730622617	29.860228716645487	0.0
168.0	27.898089171974522	19.299363057324843	19.23566878980892	33.566878980891715	0.0
169.0	28.56230031948882	18.01916932907348	20.191693290734825	33.22683706070288	0.0
170.0	28.66282789507358	16.76263595649392	19.897632757517595	34.67690339091491	0.0
171.0	29.929351316634556	17.533718689788053	17.276814386640975	35.26011560693642	0.0
172.0	31.677419354838708	20.64516129032258	16.580645161290324	31.096774193548388	0.0
173.0	27.64438676184296	19.72744970798183	19.662556781310837	32.965606748864374	0.0
174.0	30.013020833333332	19.791666666666664	18.619791666666664	31.575520833333332	0.0
175.0	28.692810457516337	17.516339869281044	21.764705882352942	32.02614379084967	0.0
176.0	29.96057818659658	17.67411300919842	19.513797634691198	32.8515111695138	0.0
177.0	28.116710875331563	22.148541114058357	19.628647214854112	30.106100795755967	0.0
178.0	27.781479013990673	21.7854763491006	18.920719520319786	31.51232511658894	0.0
179.0	25.63587684069612	20.548862115127175	21.954484605087014	31.860776439089694	0.0
180.0	31.493943472409153	14.199192462987886	19.784656796769852	34.52220726783311	0.0
181.0	28.13765182186235	21.39001349527665	18.960863697705804	31.511470985155192	0.0
182.0	32.99457994579946	17.818428184281842	19.241192411924118	29.945799457994582	0.0
183.0	31.768707482993197	23.197278911564627	17.959183673469386	27.074829931972786	0.0
184.0	29.411764705882355	20.51983584131327	19.425444596443228	30.64295485636115	0.0
185.0	26.012354152367877	22.30610844200412	24.159231297185997	27.522306108442002	0.0
186.0	28.92561983471074	17.148760330578515	21.556473829201103	32.36914600550964	0.0
187.0	28.135828135828135	21.62162162162162	17.463617463617464	32.77893277893278	0.0
188.0	29.575504523312457	19.554627696590117	19.624217118997915	31.24565066109951	0.0
189.0	29.254571026722925	18.70604781997187	20.745428973277075	31.29395218002813	0.0
190.0	31.537916371367825	16.796598157335225	18.993621545003545	32.67186392629341	0.0
191.0	28.642501776830137	19.47405828002843	20.184790334044063	31.69864960909737	0.0
192.0	28.765167737330476	19.628836545324766	21.841541755888652	29.764453961456105	0.0
193.0	30.35971223021583	18.489208633093526	21.07913669064748	30.071942446043167	0.0
194.0	29.048656499636895	21.641249092229483	21.4960058097313	27.814088598402325	0.0
195.0	29.523809523809526	20.366300366300365	19.560439560439562	30.54945054945055	0.0
196.0	30.066322770817983	20.044215180545322	21.370670596904937	28.51879145173176	0.0
197.0	31.19402985074627	20.522388059701495	18.582089552238806	29.701492537313435	0.0
198.0	28.74617737003058	22.018348623853214	20.412844036697248	28.822629969418962	0.0
199.0	26.247987117552334	25.0402576489533	20.69243156199678	28.019323671497588	0.0
200.0	29.971455756422454	16.079923882017127	20.551855375832538	33.39676498572788	0.0
201.0	31.266490765171508	19.129287598944593	17.941952506596305	31.6622691292876	0.0
202.0	35.145888594164454	15.649867374005305	19.76127320954907	29.44297082228117	0.0
203.0	34.0	20.4	18.4	27.200000000000003	0.0
204.0	37.31543624161074	15.973154362416109	20.93959731543624	25.771812080536915	0.0
205.0	35.22267206477733	16.599190283400812	23.076923076923077	25.101214574898783	0.0
206.0	32.52032520325203	18.157181571815716	18.56368563685637	30.758807588075882	0.0
207.0	26.39455782312925	22.857142857142858	17.82312925170068	32.92517006802721	0.0
208.0	25.788751714677637	18.655692729766805	20.438957475994513	35.11659807956104	0.0
209.0	23.521320495185694	21.458046767537827	21.04539202200825	33.97524071526822	0.0
210.0	28.194444444444443	19.166666666666668	17.63888888888889	35.0	0.0
211.0	29.805013927576603	19.35933147632312	19.637883008356546	31.197771587743734	0.0
212.0	28.011204481792717	14.84593837535014	24.2296918767507	32.91316526610644	0.0
213.0	26.901408450704224	20.422535211267608	19.014084507042252	33.66197183098591	0.0
214.0	27.19546742209632	26.062322946175637	20.53824362606232	26.203966005665723	0.0
215.0	30.472103004291846	23.462088698140203	16.452074391988557	29.613733905579398	0.0
216.0	28.715728715728716	19.336219336219337	19.19191919191919	32.75613275613276	0.0
217.0	26.598837209302324	18.6046511627907	23.401162790697676	31.3953488372093	0.0
218.0	24.47761194029851	17.91044776119403	20.746268656716417	36.86567164179104	0.0
219.0	16.50485436893204	22.815533980582526	24.75728155339806	35.92233009708738	0.0
220.0	0.22935779816513763	29.128440366972473	26.146788990825687	44.4954128440367	0.0
