# Position (bp)	A	C	G	T	N
0.0	26.02233585631515	23.669995775592618	24.412173644789554	25.895494723302676	0.0
1.0	26.484461246473817	20.06687442455553	15.54963106887581	37.899033260094846	0.0
2.0	28.571204956276237	18.94786659672244	18.225185202930362	34.25574324407096	0.0
3.0	22.782665924700808	22.26143899188451	15.361510344177168	39.59438473923751	0.0
4.0	33.959555013984904	13.04772965555154	14.829619560225582	38.16309577023797	0.0
5.0	34.14491382768149	14.80117806297189	23.33544045111006	27.718467658236563	0.0
6.0	30.48552647726367	17.443369711356752	21.424938796268105	30.646165015111475	0.0
7.0	34.900589683705206	16.84247518585608	20.20784371028084	28.049091420157872	0.0
8.0	22.66257798254758	26.672010853815532	22.397436640498107	28.26797452313878	0.0
9.0	27.516455008012198	18.508628930283663	15.89989553801189	38.075020523692245	0.0
10.0	25.98304880434697	16.628544435528394	25.08923078262682	32.29917597749782	0.0
11.0	28.062710389954233	17.90610176105116	19.308066538939507	34.7231213100551	0.0
12.0	25.825920450522595	19.590854038657195	21.135811196725136	33.44741431409508	0.0
13.0	26.255414594909798	20.624589628195324	18.736641232798398	34.383354544096484	0.0
14.0	30.2979765285695	18.38058884561476	20.09893276800323	31.222501857812514	0.0
15.0	29.49716477810603	18.323405498907352	19.921532421175282	32.25789730181134	0.0
16.0	29.8112174052883	17.380186398934864	18.55495519617439	34.25364099960245	0.0
17.0	30.275405228976922	17.751000606527146	19.80999564356231	32.163598520933625	0.0
18.0	31.228828352273364	17.462648512756797	18.813838070585177	32.49468506438467	0.0
19.0	29.79214268435473	18.10661762204896	20.111000726254353	31.990238967341956	0.0
20.0	29.499096739855364	17.437560220744317	20.3877202334354	32.67562280596491	0.0
21.0	28.94896382905023	17.92121732093504	19.99452520135259	33.13529364866214	0.0
22.0	29.569055523764355	18.796137491459234	22.653380756191595	28.981426228584816	0.0
23.0	29.695612623710176	19.842376410910305	20.949608179109724	29.512402786269792	0.0
24.0	32.49727008362673	19.13395869030408	17.916700339943638	30.452070886125547	0.0
25.0	28.967671205144136	21.017226840336424	19.582418712709394	30.43268324181005	0.0
26.0	31.548295914499537	16.689822996929813	21.840256150917234	29.92162493765342	0.0
27.0	26.014830935659962	20.763024211290222	25.044455528281333	28.177689324768483	0.0
28.0	26.402570216605564	19.45184803025615	18.874885340791252	35.27069641234703	0.0
29.0	27.97525510738578	19.88092040834597	17.46455326377727	34.67927122049099	0.0
30.0	26.41853973740324	18.603127527819215	16.310533923120904	38.66779881165664	0.0
31.0	34.16296381061051	14.151416539207752	18.611556962569374	33.07406268761236	0.0
32.0	33.891307816244556	15.509852662661727	22.608203484192284	27.990636036901435	0.0
33.0	31.1068961091906	17.495381979145396	20.746533038074826	30.651188873589174	0.0
34.0	33.21190964167474	16.51540881211384	21.75227284670766	28.52040869950376	0.0
35.0	26.07812296835517	20.693550534137238	24.99145562032776	28.236870877179832	0.0
