# Position (bp)	A	C	G	T	N
0.0	26.36296680813724	23.974277381010086	23.63212703789942	26.030628772953257	0.0
1.0	26.75317263534158	20.359689680208916	15.493399034421865	37.39373865002764	0.0
2.0	29.172124013921692	19.469176145010895	17.734255732794693	33.62444410827272	0.0
3.0	23.315012643013517	22.615418193844388	15.058241195443003	39.01132796769909	0.0
4.0	34.364101799922445	13.067045965222926	14.851962422069073	37.716889812785546	0.0
5.0	35.2002376747056	14.728557856487573	23.2747656716759	26.79643879713093	0.0
6.0	31.510983525658258	17.302400811095946	20.984456736652508	30.20215892659328	0.0
7.0	35.27000685707242	16.98106776801183	20.06135715187691	27.68756822303885	0.0
8.0	22.532723879627365	26.94655779796435	22.95314560198658	27.56757272042171	0.0
9.0	27.85020006432668	18.559748397285013	15.435438462835283	38.15461307555303	0.0
10.0	26.799779100672293	16.415277677480454	25.119959591458997	31.664983630388257	0.0
11.0	28.137815794563103	18.431186451124848	19.392743621623325	34.03825413268873	0.0
12.0	26.151354170597852	19.79672456285347	20.926959707811147	33.12496155873753	0.0
13.0	26.424213679487295	20.93009377252201	18.940667845684402	33.70502470230629	0.0
14.0	30.730875643315752	18.37904344949788	20.405738629188825	30.484342277997545	0.0
15.0	29.65740624543357	18.632941866886608	20.048181021488322	31.6614708661915	0.0
16.0	30.146672922608058	17.73074910545305	18.625968572904938	33.49660939903395	0.0
17.0	30.605108238189437	17.764505594109632	19.630371019721494	32.00001514797944	0.0
18.0	31.69611533984949	17.868530425304336	18.98027458846792	31.455079646378252	0.0
19.0	30.13004932103753	18.40258811063823	19.981869435647663	31.485493132676584	0.0
20.0	29.73577092180809	17.99081118343981	20.00207109442976	32.271346800322334	0.0
21.0	29.267019309886788	18.592708311160912	20.140270289575827	32.00000208937647	0.0
22.0	29.783617643060587	18.9821680858974	22.72469840177064	28.509515869271368	0.0
23.0	29.891546996540907	20.322960145013173	21.11307091722452	28.672421941221398	0.0
24.0	33.00002990420079	19.534481698172073	17.799646294680173	29.665842102946975	0.0
25.0	29.51327844454279	21.00562473205379	19.563550148365316	29.917546675038103	0.0
26.0	32.267311692007105	16.63434880076973	22.117682301688465	28.980657205534705	0.0
27.0	26.50713580829553	21.166480603338798	24.888770084621054	27.43761350374462	0.0
28.0	26.847926169792917	19.650925260783566	18.645713180583375	34.85543538884014	0.0
29.0	28.15989789217172	20.208592900272624	17.285045927759548	34.346463279796104	0.0
30.0	26.723963790088014	18.964164265476555	15.995131506370436	38.316740438065	0.0
31.0	34.57987283923479	14.34526965787824	18.223675623177833	32.85118187970914	0.0
32.0	34.63376735041587	15.559467461409884	22.509178554412713	27.297586633761533	0.0
33.0	31.419422916472662	17.368875575673275	21.04964215067591	30.162059357178144	0.0
34.0	33.52556894066105	16.301672719347017	21.89219862286326	28.280559717128668	0.0
35.0	26.660033446621878	19.970280840656375	25.877508357000796	27.492177355720948	0.0
