# Position (bp)	A	C	G	T	N
0.0	26.97817370158242	23.887621111571615	24.161777262899285	24.97242792394668	0.0
1.0	27.52032743608821	21.459747099231176	15.395688003608587	35.62423746107202	0.0
2.0	30.111800229175905	20.84039487491439	17.002022972513036	32.04578192339667	0.0
3.0	24.191295776935068	22.771666717690763	15.250625932576314	37.78641157279786	0.0
4.0	34.50335674090007	14.0383343271345	14.915635597957738	36.542673334007695	0.0
5.0	35.955798785226825	15.687432128142067	24.084179069915997	24.27259001671511	0.0
6.0	33.07886296794113	17.78873281609731	20.79273851190397	28.339665704057598	0.0
7.0	36.24514259478594	18.18281476651185	20.15542033190051	25.4166223068017	0.0
8.0	23.915867080100607	26.88608719375058	23.09860865283526	26.099437073313545	0.0
9.0	27.850448478234835	19.761172031992334	15.268122113836286	37.120257375936546	0.0
10.0	27.63800353991722	16.884340524067447	24.442995355522136	31.034660580493195	0.0
11.0	28.14056199512929	20.013474308984204	19.27962351782601	32.5663401780605	0.0
12.0	25.30368763557484	21.858207018617833	20.15748306562155	32.68062228018578	0.0
13.0	27.15918315744647	21.95510559865856	19.39558574983698	31.490125494057995	0.0
14.0	30.208452550470437	19.616930386063906	19.884520181520568	30.29009688194509	0.0
15.0	30.279001370719826	19.044355428982072	20.971530947659794	29.705112252638305	0.0
16.0	28.51153800087832	19.28604460828021	18.990674447386983	33.21174294345448	0.0
17.0	29.864741226727702	18.558115859095324	20.41244693451153	31.164695979665435	0.0
18.0	32.33978880268288	17.874120011178686	19.594090600588213	30.192000585550215	0.0
19.0	31.19984562766991	19.214847025005653	20.410650359980302	29.174656987344132	0.0
20.0	30.55549086408581	17.668262512808912	20.292259425362307	31.48398719774297	0.0
21.0	29.712065661472124	19.337446601812545	19.56477981981023	31.385707916905105	0.0
22.0	30.76903370906139	19.1597021678666	23.028808405307213	27.042455717764796	0.0
23.0	29.623883794897726	20.71395539171979	21.94708755306549	27.715073260317	0.0
24.0	34.247884034441	19.286277497571298	17.71881612392372	28.747022344063982	0.0
25.0	30.43708329451845	21.18808471847012	19.831853931836633	28.5429780551748	0.0
26.0	31.37659196465406	17.211366993598872	23.343425202613684	28.068615839133386	0.0
27.0	27.650978800420532	21.405769665837138	24.33649840969884	26.606753124043493	0.0
28.0	28.43335373887122	19.85446082802124	19.2543051248952	32.45788030821234	0.0
29.0	29.48182132733588	20.956892192220167	17.630018764222882	31.931267716221072	0.0
30.0	27.775010826656686	19.344398656911373	15.822098576813277	37.05849193961866	0.0
31.0	35.07309441892768	15.196326521476674	18.498194562340466	31.23238449725518	0.0
32.0	34.430817338763994	15.251628887311423	23.778601492002423	26.538952281922164	0.0
33.0	31.61740043233536	17.678890817844326	20.923503379442398	29.780205370377917	0.0
34.0	32.54865854074647	17.812632344534347	21.54963600862478	28.089073106094403	0.0
35.0	27.570861315625212	20.526609185461492	25.119856961292314	26.782672537620982	0.0
