# Position (bp)	A	C	G	T	N
0.0	26.375258619163873	23.85320890038384	23.675344655073694	26.096187825378593	0.0
1.0	26.46451254324494	19.978305986724774	15.40358840770126	38.15359306232903	0.0
2.0	28.802548944711887	19.039519352885936	18.31953463166154	33.83839707074064	0.0
3.0	23.043046424191246	22.440976680194968	14.926674306854052	39.589302588759736	0.0
4.0	34.22311758815467	13.071464453641896	14.745580994245996	37.959836963957436	0.0
5.0	34.92789551905704	14.802642347324795	23.042271653254343	27.227190480363824	0.0
6.0	31.0539532363247	17.168572952250035	20.991623032920828	30.785850778504436	0.0
7.0	35.02121951356782	16.97455415705254	20.042984604496038	27.9612417248836	0.0
8.0	22.406058182896597	26.858532249881783	22.80738488920702	27.9280246780146	0.0
9.0	27.905041513842793	18.429787007747084	15.474871108784335	38.19030036962579	0.0
10.0	26.532437790110762	16.249602446391854	25.135541516541966	32.08241824695542	0.0
11.0	28.23145757711047	18.04843417574689	19.52310106631085	34.19700718083179	0.0
12.0	26.083467822938438	19.623544729820328	21.16837861185134	33.12460883538989	0.0
13.0	26.473480977670032	20.68102297018517	18.63794487095832	34.20755118118647	0.0
14.0	30.713501477595777	18.257005529168115	20.367505504301274	30.661987488934827	0.0
15.0	30.007868948412845	18.449542651113156	19.717269177417506	31.825319223056493	0.0
16.0	29.92131166445545	17.402171949214672	18.829333408986727	33.84718297734315	0.0
17.0	30.66058621655654	17.674707940953137	19.658610996795105	32.006094845695216	0.0
18.0	31.091385586167743	17.61460254459578	18.85604947088759	32.43796239834889	0.0
19.0	29.884051602199907	18.270960823755196	19.961550004806824	31.883437569238076	0.0
20.0	29.780874308968848	17.765641329632903	19.726423391233066	32.72706097016519	0.0
21.0	29.14386966880468	18.33091690420339	19.821273451068542	32.70393997592338	0.0
22.0	29.91037714556911	18.98164712217131	22.337235034612	28.77074069764757	0.0
23.0	29.86178056005641	20.184111110332626	20.978598091306218	28.975510238304746	0.0
24.0	32.555738193160344	19.301952719002504	18.007177041461468	30.135132046375684	0.0
25.0	29.50496148051548	21.058757762847975	19.204242685214613	30.232038071421936	0.0
26.0	32.39481010060102	16.623523940451438	21.813538197823597	29.168127761123948	0.0
27.0	26.396847458752344	21.1509316221577	24.76449148227396	27.687729436815996	0.0
28.0	26.37634523584046	19.63970530552734	18.507465738028912	35.476483720603284	0.0
29.0	28.070770687173635	19.914090517371584	17.346603459328012	34.668535336126766	0.0
30.0	26.558634678153265	19.009419146857926	15.950905846497934	38.48104032849088	0.0
31.0	34.3519094232353	14.19510216276084	18.142458735812458	33.3105296781914	0.0
32.0	34.425589157051775	15.529354273600498	22.420546260362837	27.624510308984895	0.0
33.0	31.26213218634141	17.532932559769296	20.737889532817356	30.46704572107194	0.0
34.0	33.523871842446525	16.384610923875844	21.682671209270843	28.40884602440679	0.0
35.0	26.31633058087857	20.32190056025143	25.53856690156883	27.823201957301162	0.0
