# Position (bp)	A	C	G	T	N
0.0	37.136397234662375	11.46223748858646	28.836036349406495	22.53924083655811	0.026088090786555936
1.0	31.14031656627291	16.092553478143714	22.976696480568812	29.78608742513929	0.0043460498752683685
2.0	32.507843439798386	17.436438135404345	22.240223559464418	27.811208832656142	0.004286032676713127
3.0	32.26133198278045	17.552122900312312	24.70583270026167	25.47818012999071	0.0025322866548493288
4.0	32.29934726173395	17.362671996947807	22.285164511607462	28.052816229710785	0.0
5.0	32.676219258873076	17.667136421769484	21.830578613380688	27.82362189330314	0.002443812673612525
6.0	26.777736858117308	18.124829872063792	21.14069780474917	33.956735465069734	0.0
7.0	27.382060164368994	20.276346347833567	21.220959783552154	31.120633704245286	0.0
8.0	27.378706302823925	18.980565398125567	21.809089932968266	31.830871412574968	7.669535072783889E-4
9.0	30.593858610836772	18.648834070913217	21.967566589516064	28.789740728733953	0.0
10.0	28.23507669562003	22.6516355571983	21.837737941230824	27.27554980595084	0.0
11.0	27.799010222880465	19.59975436188274	21.363291550771233	31.237943864465556	0.0
12.0	29.169834108912653	19.564491492309333	21.74203403076267	29.523640368015347	0.0
13.0	30.61553787655568	19.69244152600637	21.32564437148349	28.366376225954454	0.0
14.0	29.760166118705662	19.343831112649248	20.43952240872123	30.45648035992386	0.0
15.0	27.637483862594692	18.984419292481505	22.66340617080718	30.71469067411663	0.0
16.0	27.666666666666668	19.834677419354836	21.764112903225808	30.73454301075269	0.0
17.0	27.961604960352947	18.880873361288312	21.565081447034586	31.592440231324154	0.0
18.0	27.819440909061242	20.126229497496947	21.728573946075073	30.325102961236972	6.526861297670563E-4
19.0	27.771998630234346	19.439042197827757	20.7900704912419	31.998888680696	0.0
20.0	27.805633766601094	17.897687095820316	21.600390840950876	32.69628829662771	0.0
21.0	29.001384650888482	18.569065873483936	21.52555193722916	30.903356496320416	6.41042078002E-4
22.0	28.661797688193687	19.670161852000945	20.985169423837547	30.682871035967825	0.0
23.0	28.354247873989625	19.303472430446128	20.39438848094725	31.947253252014367	6.379626026322337E-4
24.0	27.800845706291927	18.907576383810763	20.918195402664296	32.37338250723301	0.0
25.0	29.021672771672772	17.824710012210012	22.77612433862434	30.37749287749288	0.0
26.0	27.585019920318725	18.379601593625498	20.928764940239045	33.106613545816735	0.0
27.0	27.752092083747478	18.019814678251947	21.39728750521017	32.83080573279041	0.0
28.0	28.69893448051906	17.76787494132248	21.617763373652025	31.915427204506436	0.0
29.0	27.90842577901681	18.52553684873167	20.756438009468322	32.809599362783196	0.0
30.0	28.804122911385853	18.330013967202937	21.38792612901557	31.477936992395634	0.0
31.0	28.77129823375746	18.108209973616834	22.370456051882563	30.750035740743147	0.0
32.0	27.235301768990634	18.8039802289282	20.939125910509883	33.02094172736732	6.503642039542144E-4
33.0	29.154026318021387	17.4785848028758	21.89145284089797	31.47528363311347	6.52405091369333E-4
34.0	28.20830303387643	18.09581834738573	21.73437366928061	31.961504949457233	0.0
35.0	28.073003361996935	19.231806727941418	20.95162277210135	31.743567137960298	0.0
36.0	28.145743527358313	17.966043424219183	21.99640335334409	31.89180969507841	0.0
37.0	27.852793222133972	17.812417262377547	22.473523960815463	31.861265554673018	0.0
38.0	28.459294616812514	18.00185627154601	21.439273402280563	32.098912755237336	6.629541235746487E-4
39.0	28.610758294154024	18.674398345491664	21.194730577149432	31.52011278320488	0.0
40.0	28.800828627752345	18.485081359216814	21.333823382004077	31.380266631026764	0.0
41.0	29.17149808642265	17.607592645964733	20.873073855372425	32.347835412240194	0.0
42.0	28.572582653947393	17.596488511589392	21.612888024181874	32.21804081028134	0.0
43.0	28.365297050073867	19.215331790800118	21.898799927145664	30.52057123198036	0.0
44.0	29.17707085676391	18.549571313533228	20.448378299735413	31.82497952996745	0.0
45.0	29.409248900233532	18.514093303644163	20.838537989463966	31.23811980665834	0.0
46.0	27.373829033820712	18.551242776341194	22.234200058676237	31.840728131161853	0.0
47.0	27.442985581930817	19.920097582369387	20.655391700016445	31.981525135683352	0.0
48.0	29.562008619383978	18.9839866716235	21.029369242843572	30.424635466148953	0.0
49.0	27.530716688191948	19.60964424584401	22.177483407117844	30.6821556588462	0.0
50.0	27.510377476364344	19.365967430689565	20.257944496119727	32.86571059682636	0.0
51.0	28.14647863736908	19.918219815645692	21.080028748665487	30.85527279831974	0.0
52.0	27.46180114859511	19.713342075184595	20.488187982525645	32.33596757567895	7.012180156932592E-4
53.0	27.562570303712036	18.94614735658043	20.892154105736783	32.59912823397075	0.0
54.0	27.60799875725523	19.510386804310066	21.28553473330415	31.59607970513056	0.0
55.0	28.061470413110662	19.711361252091073	21.13825172247583	31.088916612322436	0.0
56.0	27.92886581765805	18.503729267979637	19.8820610088276	33.68534390553472	0.0
57.0	27.13892827983327	19.472018105510436	21.771733058312922	31.617320556343376	0.0
58.0	27.889550326439828	19.091871036473442	20.737386897777906	32.281191739308824	0.0
59.0	25.660194385543388	19.634676759854973	20.643513124280823	34.06161573032082	0.0
60.0	26.872208301557905	18.116715691614917	23.0068634927552	32.00421251407198	0.0
61.0	27.439429928741095	19.337840306961446	22.504659236250685	30.718070528046777	0.0
62.0	27.98711684347992	18.994585552669808	21.132485216651258	31.885812387199014	0.0
63.0	27.675244141344212	17.572284986227924	22.7467558291968	32.005715043231056	0.0
64.0	26.27854996521456	19.39769379931021	22.740796660597717	31.582959574877513	0.0
65.0	28.36036626707098	18.62851012151782	20.510508944337243	32.50061466707396	0.0
66.0	28.399720894637724	18.317414824096094	21.25177254413541	32.031091737130765	0.0
67.0	28.552149459430932	17.301225893032164	22.247018199912542	31.898852515870264	7.539317540976191E-4
68.0	28.986552121911235	17.6013903223848	20.789569546475622	32.62248800922834	0.0
69.0	30.043695476143185	18.22758315126885	20.770629306525294	30.95732815913709	7.639069255801873E-4
70.0	29.876317065474222	18.35387019064258	21.180798743929376	30.588244348836675	7.696511171485966E-4
71.0	29.14429815740211	19.206491637916365	19.727091294459832	31.9221189102217	0.0
72.0	28.36704335703549	17.67225601445494	21.44798635503392	32.511935451210675	7.788222649709111E-4
73.0	29.082742428168707	18.758981365874345	21.46261788656191	30.695658319395037	0.0
74.0	29.017514727394932	19.504210651168307	20.52741865338236	30.9508559680544	0.0
75.0	29.01959219504409	18.509237460596147	21.82754080044691	30.643629543912855	0.0
76.0	29.884603606943124	19.006559543571807	21.17830032072461	29.92973068802682	8.058407336374039E-4
77.0	29.136734544448693	17.96984957328929	21.57797538176168	31.31462694338456	8.135571157773132E-4
78.0	28.622537301129334	18.108977001071636	22.2397164289836	31.027944934465417	8.24334350012365E-4
79.0	28.499841314914725	18.58703459334859	21.92359730736466	30.9886915997127	8.351846593281774E-4
80.0	28.24480914871726	17.928044933965285	20.38389528901783	33.442407273095284	8.43355204344966E-4
81.0	28.310400630185544	18.486869707426084	22.833095015883075	30.369634646505293	0.0
82.0	28.4679709276578	19.35551098027978	20.55470167851964	31.620948064014726	8.683495280520314E-4
83.0	28.674002896809974	18.838979757657118	21.374571660719962	31.112445684812943	0.0
84.0	27.86708382781314	19.230769230769234	21.429855791707126	31.47049304132053	0.0017981083899737474
85.0	26.848505366407117	18.820396921978936	22.001811677082284	32.32928603453166	0.0
86.0	26.520928498182155	18.602591591311644	21.548429197352476	33.327118486063206	9.322270905192505E-4
87.0	27.608786690524234	18.539422088552175	21.946739254577988	31.90410020177409	9.517645715155899E-4
88.0	27.86182772190643	20.631589175533207	21.318563863382405	30.187047563523294	9.716756546664723E-4
89.0	27.42013913008961	19.998213736367333	19.64790759062807	32.93274717423017	9.92368684813782E-4
90.0	27.37510299996948	18.92961414431186	22.50129703665273	31.192968535416732	0.0010172836491999064
91.0	28.4132725927007	19.58572664630396	20.75223868149739	31.24876207949795	0.0
92.0	28.105999893145267	19.03296468451141	21.221349575252443	31.637548752471016	0.0021370946198642944
93.0	28.169985440453644	19.16277134944006	22.576054472408018	30.08899933223133	0.0021894054669454512
94.0	28.200447928331467	19.534154535274357	21.01231802911534	31.249720044792834	0.00335946248600224
95.0	28.461714809720313	19.123108665749655	20.53759743237047	31.876432828977535	0.0011462631820265932
96.0	27.062896710905942	18.8466384822827	23.183814783847755	30.90547240246358	0.0011776205000176643
97.0	25.916976755424542	20.289469869037838	23.40767409268835	30.38587928284927	0.0
98.0	27.537275447243292	19.75443518851879	21.030676979230034	31.677612385007887	0.0
99.0	25.77252312771103	19.538597366703772	22.531444730208694	32.15615523396414	0.001279541412357811
100.0	28.390115321252058	19.592751235584842	21.835914332784185	30.181219110378915	0.0
101.0	28.01950639631486	17.794858632661057	22.69712402231618	31.488510948707905	0.0
102.0	28.852094058717125	20.097398079866423	20.894670933630167	30.15305412550438	0.002782802281897871
103.0	28.554035665687888	20.243500680369547	21.503974790517795	29.695624149538062	0.002864713886700566
104.0	26.312134286896388	19.472191027838527	21.518706779360482	32.69549027720314	0.001477628701459897
105.0	25.96193407799095	20.79453850022096	22.225439251481948	31.01808817030614	0.0
106.0	26.216800300676525	19.51891756452017	21.74736908043097	32.51691305437234	0.0
107.0	26.993133240916855	18.798155968922273	20.6163964022051	33.59231438795577	0.0
108.0	25.997937595635683	18.979109839664694	23.612866742066394	31.40842259330717	0.001663229326059477
109.0	27.732114113497037	19.25237165656358	22.137744443302854	30.876057399226003	0.001712387410527758
110.0	26.711364516242565	19.089853236194703	20.94463801780875	33.25414422975398	0.0
111.0	25.82979875462503	19.08311524230665	23.277682519628193	31.809403483440125	0.0
112.0	27.02988676443289	19.257471691108226	22.09021718953035	31.620568034156303	0.001856320772229441
113.0	25.299080481562235	19.036875533225896	21.789743103611716	33.87430088160015	0.0
114.0	24.621131062389352	19.280975818531992	23.32354142754314	32.774351691535514	0.0
115.0	26.21322429440511	20.0498653635185	22.99790565473222	30.737010072803432	0.001994614540740002
116.0	25.30515278119112	19.312689440484966	22.67141803883018	32.71073973949373	0.0
117.0	24.655044902271527	18.759640781827784	24.35499207606973	32.22820919175911	0.0021130480718436345
118.0	26.276549631556133	19.755093194625054	23.112267013437364	30.85609016038145	0.0
119.0	26.169496062640818	19.55294800008923	21.313047939857675	32.96450799741228	0.0
120.0	27.309677124720285	18.075535461478744	24.571859158788875	30.042928255012104	0.0
121.0	26.514903373730757	19.407140517523747	23.03121051892752	31.046745589817977	0.0
122.0	26.116830260952838	19.14292554464927	21.61599233899928	33.12425185539861	0.0
123.0	25.010391452113744	18.702168757182328	23.73896672290276	32.54847306780117	0.0
124.0	25.249975002499752	18.188181181881813	23.192680731926806	33.36916308369163	0.0
125.0	25.26533848239175	18.86652515280939	21.198946318508476	34.669190046290375	0.0
126.0	24.697736630910853	18.492486034252146	23.575231451126438	33.23454588371056	0.0
127.0	24.501714530647238	20.089477068152593	24.164166309472783	31.244642091727385	0.0
128.0	25.050955764887345	21.759488789731723	21.092932297691842	32.09662314768909	0.0
129.0	25.273010920436818	20.788540632534392	22.524464614948233	31.413983832080554	0.0
130.0	26.51191382237574	18.51179673321234	24.3106375504947	30.665651893917218	0.0
131.0	26.098868015414254	20.484104046242773	21.61909922928709	31.797928709055878	0.0
132.0	25.9116365899191	19.107031736154326	23.543870566272556	31.434349719975106	0.003111387678904791
133.0	27.085555447816674	18.61404699570122	24.01176508613724	30.288632470344872	0.0
134.0	26.23604733013777	18.89183119364462	22.086280293634566	32.78248918982335	0.0033519927596956387
135.0	26.043446424212842	19.292862373165036	22.44150772342132	32.22218347920081	0.0
136.0	23.674962866355106	19.323986523204002	25.000905698655945	32.00014491178495	0.0
137.0	25.85507028489814	17.808013230098474	23.2503946478238	33.08652183717958	0.0
138.0	24.80091461010802	18.579988961602144	23.02294409839943	33.59615232989041	0.0
139.0	24.583982293630626	21.083695384867614	24.014263464218377	30.318058857283386	0.0
140.0	24.738169537895953	19.32629419056983	22.686273671611165	33.24926259992305	0.0
141.0	25.18277460770328	19.12892296718973	23.1811697574893	32.50713266761769	0.0
142.0	25.63064320953179	20.66461882155822	24.155263892767383	29.549474076142605	0.0
143.0	27.84063436804951	18.634561454404796	22.02398220674983	31.50082197079586	0.0
144.0	25.0	19.968553459119498	21.038750253601137	33.9876242645567	0.005072022722661797
145.0	23.964715825058104	20.990914853158674	19.01014155926474	36.02894570040144	0.005282062117050497
146.0	22.94302026195007	20.228366730101868	20.24515840143289	36.58345460651517	0.0
147.0	24.812789730179485	18.869606561274217	19.34506121478664	36.96659931059075	0.005943183168905266
148.0	25.075801561189596	22.069543900393523	19.10199341977937	33.752661118637505	0.0
149.0	23.06679347428488	26.614968176165043	14.478015948496598	35.825590752798306	0.014631648255175947
150.0	28.594838181073328	22.886795029359554	13.341526696709	35.13587327597979	0.04096681687832855
