# Position (bp)	A	C	G	T	N
0.0	26.19527146533774	24.202491154264795	23.98753336835043	25.614704012047042	0.0
1.0	26.69333877456941	20.342539780414437	15.65647537970573	37.307646065310415	0.0
2.0	28.923465947662336	19.38765655296427	17.89541001106049	33.7934674883129	0.0
3.0	23.114537680125412	22.489062388640978	15.386480149324228	39.00991978190938	0.0
4.0	34.21900629919731	13.242949992107485	14.92781030992296	37.610233398772245	0.0
5.0	35.057577679234775	14.932844982739082	22.938145975487632	27.07143136253851	0.0
6.0	31.16957062321622	17.57070034235577	21.180650482351204	30.079078552076805	0.0
7.0	35.288795883507355	17.12293459333265	20.13066240242554	27.457607120734455	0.0
8.0	22.743744450972358	27.006457526291523	22.700980306402734	27.54881771633339	0.0
9.0	27.67009984387065	18.613154577761854	15.66579967864961	38.05094589971789	0.0
10.0	26.49526702179592	16.50091995903121	25.12026378160432	31.88354923756855	0.0
11.0	28.22078557056805	18.26654665294911	19.42064224875299	34.092025527729845	0.0
12.0	26.013215895594705	19.80416601171168	21.121145879874508	33.061472212819105	0.0
13.0	26.66021990909076	20.94279807240842	18.90623389880157	33.490748119699255	0.0
14.0	30.76330486519079	18.383334012230623	20.348696970513426	30.504664152065157	0.0
15.0	29.61411265293864	18.522684597386878	20.046155651526234	31.817047098148244	0.0
16.0	30.0971853173798	17.73664922943455	18.648257185531904	33.517908267653745	0.0
17.0	30.58158598153289	17.916171805876576	19.535143916222626	31.967098296367908	0.0
18.0	31.704409737966504	17.687653701601274	19.050653867473546	31.557282692958676	0.0
19.0	30.139898385037426	18.36622324671157	20.062972724801302	31.430905643449698	0.0
20.0	29.73295585792804	17.888475350346116	20.060061340817462	32.318507450908385	0.0
21.0	29.293017645668478	18.35368386481627	20.238958225087522	32.114340264427724	0.0
22.0	29.75613200674675	19.049428021585612	22.572113257433895	28.622326714233743	0.0
23.0	29.794746152216607	20.30346836493994	21.14556064380915	28.756224839034306	0.0
24.0	32.78688273392236	19.468552392206327	17.946077337850916	29.798487536020396	0.0
25.0	29.266138420729977	21.122831417970417	19.710120647496908	29.900909513802702	0.0
26.0	32.094267038012845	16.70642791445179	22.082873055869076	29.116431991666293	0.0
27.0	26.21615723618743	21.018838825144194	24.910082288735996	27.85492164993238	0.0
28.0	26.78486034359183	19.73812356449935	18.798806383643537	34.67820970826528	0.0
29.0	27.96909131747404	20.188123928422346	17.423943604959927	34.418841149143695	0.0
30.0	26.85353173102309	18.830645047710036	16.18729150944918	38.12853171181769	0.0
31.0	34.45687579845102	14.490969625032221	18.434127886964802	32.61802668955195	0.0
32.0	34.50878825306832	15.716019087313029	22.30523325785776	27.46995940176089	0.0
33.0	31.62745357744448	17.638490874270506	20.808435384969044	29.92562016331597	0.0
34.0	33.604523599247294	16.774683368591326	21.548032434047958	28.072760598113423	0.0
35.0	26.615651215317104	20.069315982447428	25.67541392945767	27.6396188727778	0.0
