# Position (bp)	A	C	G	T	N
0.0	31.163872953640453	15.75458445902803	26.387776323841837	26.683483674731868	0.010282588757813524
1.0	27.69959981358909	17.522625541279897	20.886314221792496	33.883499815081706	0.007960608256809222
2.0	29.63124319793532	19.233464253234757	19.268085416538977	31.863231496313425	0.0039756359775177785
3.0	31.008200707265516	18.419503061619434	20.23712250778224	30.334346705657794	8.270176750217505E-4
4.0	32.372669986703336	17.837846766267766	19.87925637785651	29.90973134131133	4.955278610539877E-4
5.0	32.684863408978075	17.799633514157208	19.975292718609136	29.539055812396192	0.0011545458593862105
6.0	28.18266563893775	17.694724983694684	17.772298752890485	36.349816524036335	4.941004407375932E-4
7.0	27.658346297934767	19.553962892186043	19.56481697710446	33.22287383277473	0.0
8.0	26.87401196071318	19.433778590553235	19.942182772698843	33.749862515820936	1.6416021380226243E-4
9.0	30.307350454241554	17.347373526828434	19.91124919704776	32.43369908627312	3.277356091294031E-4
10.0	28.796330527355828	20.52447678279902	21.230496929564836	29.44820501411713	4.907461631829143E-4
11.0	26.898523837597637	20.142700598205874	20.310257034185756	32.648028598911374	4.899310993563939E-4
12.0	28.26515456589328	18.910824422079582	20.36934083079677	32.45435411004576	3.2607118460031007E-4
13.0	29.131851842209315	18.208607444989187	21.237598871389494	31.421779123634597	1.6271777740533487E-4
14.0	29.046129153833157	18.59347992774247	20.63888130791324	31.720859812598285	6.49797912849104E-4
15.0	29.261370547262068	18.543499590506233	21.057710240587724	31.136933094394397	4.8652724958037026E-4
16.0	29.68617966723972	18.83844711870004	21.062838531296237	30.412049043128036	4.856396359645289E-4
17.0	28.71691909272111	19.88127973462529	20.26860783353298	31.13303168298585	1.6165613476948644E-4
18.0	28.78114912846998	19.248063266623628	20.290671400903808	31.679793415106523	3.227888960619755E-4
19.0	28.170942541785738	18.58828386564054	21.10687860041157	32.133411174258306	4.838179038428043E-4
20.0	28.32088806350312	18.78864965598179	19.9625674656143	32.92724998226711	6.448326336899258E-4
21.0	28.572970673815885	18.530822944089813	20.38396968456871	32.511431121651626	8.055758739692657E-4
22.0	28.885774577554407	18.589055880410445	19.976481579922357	32.548365791974746	3.221701380499042E-4
23.0	28.62922961989773	18.27205456161366	18.818346922214925	34.27988587915556	4.830171181266664E-4
24.0	28.77576608172075	18.110575862973615	18.6949852811233	34.41867277418233	0.0
25.0	30.268379264732857	17.987429075332216	18.818249403798312	32.9256204198676	3.218362690165005E-4
26.0	29.009606672042153	18.453855302821808	18.310455323100594	34.225921759297265	1.609427381831818E-4
27.0	29.785128435362328	18.20591174383409	18.625098762392568	33.383378309445305	4.82748965710341E-4
28.0	30.103281853281853	17.72104247104247	18.312741312741313	33.862451737451735	4.8262548262548264E-4
29.0	29.890187299167238	18.364839349872785	18.32141604989498	33.423557301064996	0.0
30.0	30.063645068110684	18.27120362398719	19.032047826331837	32.63294255851565	1.6092305464142319E-4
31.0	30.28709443684083	18.309797922872555	18.842766282907977	32.55921423395861	0.0011271234200144916
32.0	30.125859432528806	18.602091802782088	18.852328262540425	32.41907597810552	6.445240431637752E-4
33.0	30.46578376423793	17.593369837539065	19.87886458145001	32.06101324999354	9.685667794508872E-4
34.0	30.708740279334844	18.70955444057108	19.32809082420902	31.252968296173766	6.46159711295841E-4
35.0	29.719135283387455	18.83611265637735	19.209510071542233	32.234756846966896	4.851417260695758E-4
36.0	29.897304340085295	18.12881871666842	19.67192418810543	32.30146719646513	4.855586757196384E-4
37.0	29.628423903184846	18.504625670527872	20.408503718676307	31.457960817849646	4.858897613309492E-4
38.0	30.434261017020592	18.117796968748834	19.319241101029277	32.12789033154411	8.105816571855632E-4
39.0	30.218077642656688	18.208866022243008	19.01537002390604	32.55671188026193	9.744309323355161E-4
40.0	30.170103721781572	18.111206019930854	19.839902379499694	31.877811673784826	9.762050030506405E-4
41.0	30.57684221505846	18.081690792754674	19.52452972870782	31.816122376471277	8.148870077675029E-4
42.0	30.335768616526178	17.91615092441695	19.569356582286336	32.17758080687671	0.0011430698938251363
43.0	30.707138102970926	17.947057447918453	19.66432976338241	31.68016641237103	0.0013082733571766153
44.0	31.136694087134213	17.602204553194834	18.731170260145134	32.528948678316	9.824212098189726E-4
45.0	30.76962174747094	17.81639914085685	19.365972028659968	32.04603957961011	0.0019675034021412996
46.0	29.929780905921515	18.133038756737946	19.630652161067307	32.3058716162538	6.565600194341765E-4
47.0	29.61620311408734	18.890103118195636	19.52376648453227	31.96877696068362	0.001150322501129781
48.0	29.599384910214344	18.403137353039476	19.598413542512155	32.398734917046845	3.2927718718255624E-4
49.0	29.88848417293115	18.717938993603873	19.580319262079506	31.812598007126592	6.59564258872376E-4
50.0	28.87314408749868	19.131254623269577	19.53430466025573	32.460305928352525	9.907006234809257E-4
51.0	29.58551013691743	17.938680704052288	20.05388053999613	32.42077096470643	0.0011576543277253249
52.0	28.88857965021793	18.67624864777108	20.475023731306937	31.959153989261686	9.93981442366471E-4
53.0	29.920922777757497	18.929753012268087	19.28963235562517	31.858198579065604	0.001493275283639344
54.0	28.6336409932625	18.760332638260046	20.245740253050982	32.359455350541246	8.307648852298311E-4
55.0	29.077184669546064	19.197839787572455	19.893952603102562	31.830357439955275	6.654998236425467E-4
56.0	29.94102802585566	18.21497268087461	19.27473472612535	32.56843115880429	8.334083400839408E-4
57.0	29.467203947478243	18.049430279802227	20.322468642854044	32.1592278647094	0.001669265156092985
58.0	29.18431468287079	18.447688019303154	20.38837061920918	31.976951258868596	0.0026754197482764443
59.0	28.744364277053148	18.212177851022638	20.176055630363567	32.86555995471324	0.0018422868474117545
60.0	29.23506758287397	18.189064243583612	20.572881270608374	32.00130886757784	0.0016780353562049553
61.0	29.228512602441093	18.19363889599117	21.12893784231137	31.446555691620354	0.0023549676360162023
62.0	29.09936553676601	18.610415982069885	19.873612901595006	32.414583385994625	0.002022193574479917
63.0	29.06088820982079	17.780910495260123	20.189426234351654	32.96725559879456	0.0015194617728742307
64.0	28.1277645932464	18.497718972700408	20.852327798085526	32.52117371837052	0.0010149175971487581
65.0	28.767304403247053	19.045649553946006	19.614679863242877	32.57202716835805	3.390112060154148E-4
66.0	28.92986498717115	18.383717632835065	20.08313706578458	32.602261477618704	0.0010188365904973112
67.0	29.038366330316904	19.386982566636213	20.139303584158043	31.433816336356568	0.001531182532269672
68.0	29.393645999174982	18.379999113617227	19.683152249878123	32.542179887974854	0.0010227493548156154
69.0	29.37072854018589	18.637575177692728	19.96189857845817	32.02877255330782	0.0010251503553854566
70.0	29.72088619190551	18.500172081085292	20.608807469517675	31.16962058261005	5.136748814695212E-4
71.0	29.814167597458635	19.17808924279001	19.533077000945376	31.474323009692245	3.431491137316265E-4
72.0	29.96606531352176	18.097868805371757	19.92944749927332	32.006618381833164	0.0
73.0	29.37230556992585	18.383859286083805	20.5602690118986	31.683221245042247	3.448870494912916E-4
74.0	29.633413014883686	19.405482298078137	18.666224183436956	32.2941891235548	6.913800464261701E-4
75.0	29.641127508588745	18.270360779174858	19.847534658304994	32.24045704935537	5.200045760402691E-4
76.0	30.022333260916795	18.92539648055616	19.39587225722355	31.655876602215947	5.213990875515968E-4
77.0	29.762128750818807	18.226401025769675	19.217327981491547	32.79361960112055	5.226407994313668E-4
78.0	29.612634463091236	17.83719743620211	19.879568599766547	32.669725796643576	8.737042965282487E-4
79.0	29.862781678040157	18.161176297314547	20.133886929016782	31.841453749745764	7.013458827489953E-4
80.0	29.189149260976315	18.274392002645147	20.218857942833825	32.316369673647706	0.001231119897008027
81.0	29.349295128535385	18.203327628491277	20.42609877022425	32.02004340384988	0.001235068899200734
82.0	29.389187352685113	18.602729351142067	20.773080217158952	31.23411830491439	8.847740994769217E-4
83.0	29.690273655509326	18.272043682633456	19.929668971981197	32.10641606430266	0.001597625573370067
84.0	29.101561804355956	18.438907983544958	20.594091143839155	31.864726728758924	7.123395010061795E-4
85.0	29.975751792705523	17.91276006068306	20.45694558359199	31.653470424156005	0.0010721388634255908
86.0	29.91827889143228	17.73665332432292	19.91438911723636	32.429244648871695	0.0014340181367443845
87.0	30.562126824389114	17.171969755572785	19.71860377677555	32.54640015399256	8.994892699924981E-4
88.0	29.95473495483426	17.590534604197174	20.41874229257433	32.03454371137259	0.0014444370216430832
89.0	29.589203919522234	18.058937786281675	19.159672696700873	33.19073607004117	0.0014495274540499796
90.0	29.907770989784062	17.541517604628364	19.726568538831305	32.82268786363711	0.0014550031191629367
91.0	30.126312830090168	18.262326865254753	18.985627100573783	32.62482040721694	9.127968643602116E-4
92.0	29.657431718118172	17.665068368911797	19.18525290909124	33.489498689053825	0.0027483148249598287
93.0	29.653071697780035	17.38743362083078	19.655959548023848	33.302799375341436	7.357580239010994E-4
94.0	30.184611238377578	17.623995584540726	19.84390834599332	32.34674645997198	7.383711163986687E-4
95.0	29.253550417598063	18.16820323476314	19.859540252894273	32.71759398273261	0.0011121120119218406
96.0	29.383883610053484	17.86677981115292	19.64378096120707	33.1053695246815	1.8609290502190313E-4
97.0	30.253924672438103	18.03696336349798	19.47646130427068	32.23134321388881	0.0013074459044257044
98.0	29.606726610474038	18.249663331870376	19.313497109718174	32.82898759485789	0.0011253530795287021
99.0	29.149834931288854	17.909908077538038	19.8528788623536	33.08624816616477	0.001129962654734261
100.0	29.26952407785238	18.54127942486201	19.780579260164092	32.406915421662596	0.0017018154589134474
101.0	29.57002006838821	18.585188124526532	19.541901541487643	32.30270040383596	1.8986176165134165E-4
102.0	28.659738773953663	19.002764801220327	19.071598817809132	33.26380017160835	0.0020974354085232147
103.0	29.811524458175885	18.66914751474918	19.479060187365285	32.039310722393864	9.571173157836303E-4
104.0	29.472455900219924	19.221275548652013	18.723759285176016	32.580586869261644	0.0019223966904018577
105.0	29.63730850012355	18.737066036570297	19.27064028910304	32.35421299728194	7.721769211761799E-4
106.0	30.28722651440979	18.817359609922548	18.801461821072323	32.09259492627885	0.0013571283164823234
107.0	30.38560541451998	18.322293226787544	18.83165687270971	32.46044448598276	0.0
108.0	28.83876154910043	18.73228388045862	19.382535158366704	33.04583254268986	5.868693843935781E-4
109.0	29.932655896588383	18.212580986835768	19.327580819801955	32.52698578640502	1.965103688696134E-4
110.0	29.09467782691093	18.456648768161717	18.828963992419457	33.619709412507895	0.0
111.0	29.098997078696698	17.77215420832284	19.499352474183254	33.62949623879721	0.0
112.0	28.801289934247638	18.109504894056773	20.052976595028014	33.03602926667876	1.993099888187096E-4
113.0	29.242526140494146	18.066764343245104	19.080959472226226	33.60934973018847	4.0031384605530737E-4
114.0	28.493315421989124	17.360597187811706	20.221451784162937	33.924032304771714	6.033012645194505E-4
115.0	29.194097387053443	17.959336208550912	20.48602624056885	32.36013615198925	4.0401183754684017E-4
116.0	28.404794040938107	18.576401221851246	20.545164858583913	32.472828017333235	8.118612934980058E-4
117.0	28.07488375887103	18.269842564646382	20.76270495146423	32.89256872501836	0.0
118.0	28.835408022130014	18.142718098458072	21.21387224015163	31.807796731724807	2.049075354746171E-4
119.0	28.69086287829323	18.579081900626772	20.19451991027862	32.53553531080138	0.0
120.0	29.364422388424178	18.346322747271397	20.53520800307938	31.75404686122505	0.0
121.0	30.200528363114433	18.09123624487758	19.848771659767436	31.85904769829218	4.16033948370187E-4
122.0	30.40390283905601	17.96548614990032	19.46838043475987	32.16055697463029	0.0016736016535184339
123.0	30.509550792132288	17.92815617673959	19.28219252967211	32.2794697391798	6.307622762108007E-4
124.0	30.140012557369634	17.903764885450997	19.49795889892586	32.457629447666	6.342105875115479E-4
125.0	30.381492523358528	18.15197227363424	19.024264819942243	32.441632897647466	6.374854175210742E-4
126.0	30.201702142204066	18.026087550948912	19.08266327149681	32.689547035350216	0.0
127.0	29.385535336873037	19.039426430915682	19.898362458545975	31.67624619825764	4.295754076670619E-4
128.0	29.5382208614144	18.937460700912062	19.473116722882818	32.05012132749348	0.001080387297238314
129.0	28.735065064912764	19.024776179743043	19.984393984511357	32.25424329299968	0.0015214778331547408
130.0	28.84425736620565	18.86492100803586	20.488930191876676	31.801235445252285	6.559886295304215E-4
131.0	28.613649107761326	19.109190663104307	19.832217347802665	32.444722982704974	2.1989862673307603E-4
132.0	27.985844622615424	18.755653856787394	20.754658556815038	32.503621786010505	2.211777716339508E-4
133.0	28.285824268005864	18.761612111529672	20.733473809751615	32.218867303186535	2.225075263170777E-4
134.0	27.634474806613753	19.093463488900582	20.269565314735416	33.002272498292825	2.2389145742144207E-4
135.0	28.35192320692219	17.62139750783028	20.918001757588048	33.10822686405732	4.5066360215417203E-4
136.0	28.81808969124285	18.593442169529645	20.74311196555813	31.84535617366938	0.0
137.0	29.167075309675372	19.101000586165135	20.123254334086756	31.60844169025392	2.2807981881339194E-4
138.0	29.708576033575863	18.34572759562026	20.80720742232253	31.138259354243246	2.2959423810300054E-4
139.0	29.14745266192901	18.85898845773535	21.783829740044915	30.208342959588215	0.00138618070251638
140.0	29.04972072495245	18.83955520623567	20.00897586747341	32.100818059631386	9.301417070890751E-4
141.0	29.489844163261104	18.072427336263758	19.417098506233003	33.02016187547105	4.6811877109460213E-4
142.0	30.515443997247697	18.306108791343444	21.642803955020597	29.535407614074444	2.3564231381900788E-4
143.0	30.76782623129639	18.335586066254063	20.02750705461099	30.868132128714045	9.485191245168481E-4
144.0	31.113005358012664	18.184053943057982	18.90848399759319	31.793979160100477	4.775412356857015E-4
145.0	27.960852687043047	18.89334669068421	19.617485286043173	33.527111248109584	0.001204088119984973
146.0	27.845982824544045	19.28781715346746	19.965062728283307	32.89869412785087	0.00244316585431402
147.0	27.85148865489842	19.095135248375176	19.88821994882359	33.16191397774375	0.0032421701590658564
148.0	29.295083494663178	18.97653039040096	19.57051753232636	32.151398134440385	0.0064704481691219866
149.0	29.199828393221534	21.457447569178985	16.403022919405316	32.9333758683468	0.006325249847368972
150.0	25.38945586813818	25.000097048559216	12.696280711016565	36.90368512789059	0.010481244395445706
