# Position (bp)	A	C	G	T	N
0.0	73.08050979173143	6.8697544295927875	8.423997513211066	11.625738265464719	0.0
1.0	9.68694166084052	71.40526683756701	9.66363706983609	9.244154431756389	0.0
2.0	13.010835913312693	68.52941176470588	6.904024767801857	11.555727554179567	0.0
3.0	72.21621621621621	7.884169884169884	8.602316602316602	11.297297297297296	0.0
4.0	71.0481630132757	7.849644952145724	7.718431614695893	13.383760419882679	0.0
5.0	11.075973775549556	68.97030466640956	8.453528731199384	11.500192826841497	0.0
6.0	12.057667103538664	69.53974250250559	7.863695937090433	10.538894456865314	0.0
7.0	73.38933415536376	9.309494451294697	7.390567200986436	9.910604192355118	0.0
8.0	72.47727622862425	9.443845324295177	7.102141426590664	10.976737020489908	0.0
9.0	11.837646333949477	68.09149722735674	7.4014171287738755	12.669439309919902	0.0
10.0	10.226397659017403	6.768827968581549	8.201139688895735	74.80363468350532	0.0
11.0	10.441674361341951	8.487226839027393	7.540781779008926	73.53031702062172	0.0
12.0	10.870903215879366	7.5242344976150175	8.478227419603016	73.12663486690259	0.0
13.0	11.19144681178371	66.93331282209061	8.507037920159988	13.368202445965697	0.0
14.0	11.336717428087987	7.5065374557760345	68.57406552838025	12.58267958775573	0.0
15.0	69.75099907777437	9.291423301567784	8.323086381801414	12.634491238856441	0.0
16.0	11.298870881020047	8.06513557108841	8.011368000614487	72.62462554727705	0.0
17.0	11.987720644666155	67.168073676132	8.726016884113584	12.118188795088258	0.0
18.0	10.09434685893994	8.345478254199586	9.327299225281891	72.23287566157859	0.0
19.0	11.523422525492602	69.60055202024074	7.628613049145136	11.247412405121521	0.0
20.0	11.33404809312299	7.7883289937203255	7.887884821565323	72.98973809159136	0.0
21.0	11.283659730722153	8.430232558139535	9.608323133414933	70.67778457772337	0.0
22.0	10.653104925053533	7.563475068828388	68.07127561945549	13.712144386662589	0.0
23.0	11.087338580270497	8.091999694353175	8.267746618781997	72.55291510659433	0.0
24.0	71.52125791924281	6.762842531104496	8.251278528356613	13.464621021296082	0.0
25.0	11.75034335418892	7.683503738745613	67.86967801007172	12.696474896993742	0.0
26.0	71.90737355271176	7.6477757464960385	7.51066422912858	12.934186471663619	0.0
27.0	10.277883517320136	9.402360106585459	6.600685192234488	73.71907118385992	0.0
28.0	10.637165450121655	67.26733576642336	6.843065693430657	15.252433090024331	0.0
29.0	13.121725263877288	6.644392133039714	7.373376869921786	72.8605057331612	0.0
30.0	12.254229538180155	8.611492150586802	66.12559061118732	13.008687700045723	0.0
31.0	12.527690779925141	6.424260942632342	6.867313421434574	74.18073485600794	0.0
32.0	10.066907636699224	7.998154272091056	7.590556025532569	74.34438206567715	0.0
33.0	12.74116375983948	67.7573699645007	7.007254205895971	12.494212069763853	0.0
34.0	12.5300085185472	7.434368465887091	7.46534500116162	72.57027801440408	0.0
35.0	10.941989593849499	68.41655665139396	8.231730993243767	12.409722761512775	0.0
36.0	11.690129890332116	7.630084778719763	7.000077778641985	73.67970755230614	0.0
37.0	71.3605866749883	7.099391480730223	9.057575284755812	12.482446559525668	0.0
38.0	71.66197623514697	8.825828642901813	7.254534083802376	12.257661038148843	0.0
39.0	73.35889210546905	7.573742273687505	5.72725138878022	13.340114232063218	0.0
40.0	10.385430567548473	68.93005730434099	8.148206295627599	12.536305832482928	0.0
41.0	11.842314417421713	6.811317755523764	70.57701478302336	10.769353044031156	0.0
42.0	73.6359983929289	6.7738047408597835	7.4568099638409	12.13338690237043	0.0
43.0	74.7491097442538	7.534800906442214	7.024927160893493	10.69116218841049	0.0
44.0	12.332898597978481	70.06031953048581	6.211281382458429	11.395500489077275	0.0
45.0	26.392572944297083	12.052387267904509	14.00862068965517	47.54641909814323	0.0
46.0	28.475820379965455	17.206390328151986	22.150259067357513	32.167530224525045	0.0
47.0	32.42350869469514	19.480519480519483	17.103235747303543	30.99273607748184	0.0
48.0	24.79375696767001	20.535117056856187	19.063545150501675	35.60758082497213	0.0
49.0	26.632147681224673	18.14497973885637	21.882035119315624	33.34083746060333	0.0
50.0	24.731673898150262	24.45763873030372	19.98173098881023	30.828956382735782	0.0
51.0	28.970891588356633	19.43616777446711	15.516846206738483	36.07609443043777	0.0
52.0	29.047838086476542	16.76632934682613	20.699172033118675	33.48666053357866	0.0
53.0	30.58767996223743	20.438989851309888	21.80788293603965	27.165447250413028	0.0
54.0	29.274673008323425	21.902497027348396	18.882282996432817	29.940546967895365	0.0
55.0	32.535885167464116	17.99043062200957	19.37799043062201	30.09569377990431	0.0
56.0	27.883001678254615	20.954207624070968	20.426756173579477	30.73603452409494	0.0
57.0	31.228915662650603	18.67469879518072	18.65060240963855	31.44578313253012	0.0
58.0	28.516097797143548	21.66545630597918	19.607843137254903	30.21060275962237	0.0
59.0	23.894020418084587	23.262032085561497	21.609139523578026	31.234807972775886	0.0
60.0	27.08180708180708	18.77899877899878	20.146520146520146	33.99267399267399	0.0
61.0	29.115479115479115	18.32923832923833	22.358722358722357	30.196560196560196	0.0
62.0	29.104846686449058	20.969337289812067	20.375865479723046	29.549950544015825	0.0
63.0	32.060878243512974	19.510978043912175	19.835329341317365	28.592814371257486	0.0
64.0	30.01002004008016	19.263527054108216	21.19238476953908	29.534068136272545	0.0
65.0	28.858218318695105	20.878293601003765	18.795483061480553	31.468005018820577	0.0
66.0	27.71450265755505	19.514047076689444	20.88078967350038	31.890660592255127	0.0
67.0	29.672837940654322	17.423281765153437	19.09713416180573	33.80674613238651	0.0
68.0	26.134625191228967	20.678225395206525	19.50535441101479	33.68179500254972	0.0
69.0	28.425096030729836	19.641485275288094	22.637644046094753	29.295774647887324	0.0
70.0	27.413926999741133	22.650789541806887	18.819570282164122	31.11571317628786	0.0
71.0	27.88036410923277	20.260078023407022	20.57217165149545	31.28738621586476	0.0
72.0	29.18848167539267	19.319371727748692	19.397905759162303	32.09424083769633	0.0
73.0	27.07676130389064	21.81913774973712	18.980021030494218	32.12407991587802	0.0
74.0	29.581221659109097	17.31128300880235	23.28620965590824	29.821285676180313	0.0
75.0	28.70147255689424	19.03614457831325	22.757697456492636	29.50468540829987	0.0
76.0	28.98355351846859	21.6500404421677	17.12051765974656	32.24588837961715	0.0
77.0	30.72761698674601	20.692453340546386	17.825263727346496	30.754665945361104	0.0
78.0	29.194903767958795	20.54757386825698	18.758471130387637	31.499051233396585	0.0
79.0	26.60098522167488	23.754789272030653	19.321291735084838	30.32293377120963	0.0
80.0	28.421343654962676	20.846004976499863	18.413049488526404	32.31960188001106	0.0
81.0	27.461858529819693	19.445214979195562	16.865464632454923	36.22746185852982	0.0
82.0	31.216783216783217	19.216783216783217	19.3006993006993	30.265734265734267	0.0
83.0	29.307929391986555	20.08966096945923	21.350518352479686	29.25189128607453	0.0
84.0	30.30474040632054	18.14334085778781	19.525959367945823	32.02595936794582	0.0
85.0	31.802721088435376	17.913832199546487	21.570294784580497	28.713151927437643	0.0
86.0	28.526734926052335	17.747440273037544	24.20364050056883	29.522184300341298	0.0
87.0	31.844215349369986	18.699885452462773	20.876288659793815	28.579610538373423	0.0
88.0	32.96798384770695	18.229016440726852	16.93106432073839	31.871935390827804	0.0
89.0	31.201157742402312	19.160636758321274	16.324167872648335	33.31403762662807	0.0
90.0	31.43521208599651	17.838466008134805	19.174898314933177	31.5514235909355	0.0
91.0	30.576587070471756	21.520093185789165	16.103669190448457	31.799650553290626	0.0
92.0	29.609101516919488	19.253208868144693	18.757292882147027	32.380396732788796	0.0
93.0	32.43401759530792	18.181818181818183	19.44281524926686	29.94134897360704	0.0
94.0	30.78506321670097	16.642164069391356	19.1414289914731	33.431343722434576	0.0
95.0	30.04431314623338	17.78434268833087	20.64992614475628	31.52141802067947	0.0
96.0	28.706998813760382	16.370106761565836	20.90747330960854	34.015421115065244	0.0
97.0	28.639760837070256	18.863976083707026	20.687593423019432	31.808669656203286	0.0
98.0	30.78766097634022	20.724767894579216	19.07756813417191	29.41000299490866	0.0
99.0	32.32292917166867	18.937575030012006	18.157262905162064	30.58223289315726	0.0
100.0	35.66898218061009	13.258834189066748	19.510721836303233	31.561461794019934	0.0
101.0	32.581530021334956	19.323377019201462	19.780554708930204	28.31453825053337	0.0
102.0	31.198283787925224	17.039534171008274	21.78976402083972	29.972418020226787	0.0
103.0	28.74269904703351	18.198585920688597	20.719335997540732	32.33937903473716	0.0
104.0	26.198577172904425	18.0327868852459	22.888957624497372	32.87967831735231	0.0
105.0	28.244038401982035	20.997212759368225	18.829358934654692	31.92938990399504	0.0
106.0	30.0	18.22429906542056	19.28348909657321	32.49221183800623	0.0
107.0	30.482456140350877	18.984962406015036	19.204260651629074	31.32832080200501	0.0
108.0	32.41965973534972	19.187145557655956	16.194076874606175	32.199117832388154	0.0
109.0	29.39499524865379	18.466898954703833	20.7158694963573	31.422236300285082	0.0
110.0	25.638569604086847	19.955300127713922	19.987228607918265	34.41890166028097	0.0
111.0	27.729747038104385	21.037463976945244	19.88472622478386	31.348062760166506	0.0
112.0	24.17335473515249	18.683788121990368	22.985553772070627	34.157303370786515	0.0
113.0	28.9541639767592	19.46417043253712	19.62556488056811	31.956100710135573	0.0
114.0	30.441845354126055	16.764132553606238	20.37037037037037	32.423651721897336	0.0
115.0	27.910009781545487	19.497880665145093	19.95435278774046	32.63775676556896	0.0
116.0	30.137434554973826	18.88089005235602	18.39005235602094	32.59162303664922	0.0
117.0	31.701708278580814	18.068331143232587	17.772667542706966	32.45729303547964	0.0
118.0	28.45394736842105	15.592105263157896	21.710526315789476	34.243421052631575	0.0
119.0	24.678747940691927	21.680395387149918	26.721581548599673	26.919275123558485	0.0
120.0	28.161109276989105	20.69990095741169	20.93100033014196	30.207989435457243	0.0
121.0	30.158730158730158	19.60978835978836	18.22089947089947	32.01058201058201	0.0
122.0	28.63771958899569	18.097447795823665	22.53894597282068	30.725886642359963	0.0
123.0	32.69166943245934	18.884832392963823	18.221042150680386	30.202456023896453	0.0
124.0	30.9873248832555	19.179452968645762	20.08005336891261	29.753168779186122	0.0
125.0	29.390080428954423	20.00670241286863	20.945040214477213	29.658176943699733	0.0
126.0	30.660377358490564	19.81132075471698	19.00269541778976	30.525606469002696	0.0
127.0	28.57142857142857	19.71496437054632	23.34577536477774	28.367831693247368	0.0
128.0	30.9295967190704	18.591934381408066	19.822282980177715	30.656185919343816	0.0
129.0	30.18543956043956	19.642857142857142	17.616758241758244	32.55494505494506	0.0
130.0	30.434782608695656	19.185645272601796	18.115942028985508	32.26363008971704	0.0
131.0	30.811936155447604	18.4941013185288	19.91672449687717	30.777238029146424	0.0
132.0	27.180739706908586	20.02791346824843	20.760642009769715	32.03070481507327	0.0
133.0	28.661527680448494	19.62158374211633	20.98808689558514	30.728801681850037	0.0
134.0	25.659978880675823	21.013727560718056	21.752903907074973	31.57338965153115	0.0
135.0	27.288794627076708	18.06291975963238	19.19406150583245	35.454224107458465	0.0
136.0	23.675790970494134	20.902950586562387	21.542836829008177	33.8784216139353	0.0
137.0	29.26654740608229	17.101967799642217	20.357781753130592	33.273703041144906	0.0
138.0	30.093592512598992	18.03455723542117	19.402447804175665	32.46940244780417	0.0
139.0	29.06261310170105	17.73434672457474	20.521172638436482	32.68186753528773	0.0
140.0	28.234011627906973	18.386627906976745	20.82122093023256	32.55813953488372	0.0
141.0	30.49360146252285	19.049360146252287	19.3418647166362	31.115173674588664	0.0
142.0	31.245421245421245	15.934065934065933	18.937728937728938	33.88278388278388	0.0
143.0	32.89036544850498	19.748984865263935	17.571059431524546	29.789590254706532	0.0
144.0	29.36802973977695	19.256505576208177	18.25278810408922	33.12267657992565	0.0
145.0	28.908002991772623	19.55871353777113	18.175018698578906	33.35826477187734	0.0
146.0	28.00150545728265	20.210764019570945	18.592397440722618	33.19533308242379	0.0
147.0	29.640831758034025	19.96219281663516	16.748582230623818	33.64839319470699	0.0
148.0	26.05553442373526	21.94750855838722	19.360973754279193	32.63598326359833	0.0
149.0	28.953399541634834	20.35905271199389	19.365928189457602	31.321619556913678	0.0
150.0	27.79060816012317	19.47652040030793	18.12933025404157	34.603541185527334	0.0
151.0	28.538283062645007	18.48414539829853	19.87625676720804	33.101314771848415	0.0
152.0	28.51592851592852	19.65811965811966	18.88111888111888	32.944832944832946	0.0
153.0	30.050801094177416	20.789370847987495	19.148104728409535	30.011723329425553	0.0
154.0	32.10361067503925	16.64050235478807	18.956043956043956	32.299843014128726	0.0
155.0	30.790513833992094	20.55335968379447	17.786561264822133	30.869565217391305	0.0
156.0	30.778443113772454	17.56487025948104	17.80439121756487	33.852295409181636	0.0
157.0	27.788964961739833	18.405155054369715	21.184051550543696	32.62182843334676	0.0
158.0	26.317923763179234	23.195458231954582	18.288726682887265	32.19789132197891	0.0
159.0	34.05295315682281	15.112016293279023	18.533604887983707	32.301425661914465	0.0
160.0	27.339901477832512	18.924466338259442	22.61904761904762	31.11658456486043	0.0
161.0	27.31788079470199	19.70198675496689	23.096026490066226	29.8841059602649	0.0
162.0	29.264214046822744	19.690635451505017	18.729096989966553	32.31605351170568	0.0
163.0	29.194630872483224	18.624161073825505	18.078859060402685	34.10234899328859	0.0
164.0	29.96207332490518	15.170670037926676	24.188790560471976	30.678466076696164	0.0
165.0	29.103214890016922	18.61252115059222	21.700507614213198	30.583756345177665	0.0
166.0	27.195587611370385	22.06194314806958	19.55876113703861	31.183708103521425	0.0
167.0	27.17948717948718	19.05982905982906	23.205128205128204	30.555555555555557	0.0
168.0	25.913192952299095	20.283626987537602	19.166308551783413	34.63687150837989	0.0
169.0	27.607096495023796	17.95759411510169	18.95283427087841	35.482475118996106	0.0
170.0	30.187854958497162	17.911751856705983	18.872870249017037	33.02752293577982	0.0
171.0	31.019332161687167	19.024604569420035	16.080843585237258	33.87521968365554	0.0
172.0	32.40495137046861	20.07073386383731	15.738284703801945	31.786030061892127	0.0
173.0	28.049866429207484	18.788958147818345	20.525378450578806	32.63579697239537	0.0
174.0	29.224562976243835	19.99103541012999	18.511878081577766	32.27252353204841	0.0
175.0	28.416779431664413	18.493459630130808	20.117275597654487	32.97248534055029	0.0
176.0	28.012733060482038	20.691223283310595	18.917689859026833	32.37835379718054	0.0
177.0	27.749885896850753	21.588315837517115	20.08215426745778	30.57964399817435	0.0
178.0	28.880700138185166	20.082911100875172	20.036849378166742	30.999539382772916	0.0
179.0	25.54473806212332	19.564209550301346	24.153917477978673	30.737134909596662	0.0
180.0	29.254571026722925	16.643225503984997	21.003281762775433	33.09892170651664	0.0
181.0	29.08574135480815	19.943154902889624	19.943154902889624	31.027948839412602	0.0
182.0	33.34925943621595	18.394648829431436	18.585762064022934	29.67032967032967	0.0
183.0	28.53693867696765	23.032351521004347	19.555770159343314	28.874939642684694	0.0
184.0	30.131004366812224	20.718098010674428	18.486171761280932	30.664725861232412	0.0
185.0	27.361722956436612	23.05433186490455	22.369065100342635	27.2148800783162	0.0
186.0	33.10276679841897	16.007905138339922	20.50395256916996	30.38537549407115	0.0
187.0	31.502745881178235	20.469296055916125	18.572141787319023	29.45581627558662	0.0
188.0	28.32080200501253	20.952380952380953	20.20050125313283	30.526315789473685	0.0
189.0	30.375253549695742	19.320486815415823	20.08113590263692	30.223123732251523	0.0
190.0	30.682401231400718	18.419702411493073	18.471010774756287	32.426885582349925	0.0
191.0	26.680455015511896	20.992761116856258	20.01034126163392	32.31644260599793	0.0
192.0	32.1689259645464	19.81230448383733	19.08237747653806	28.936392075078203	0.0
193.0	29.091869060190074	17.634635691657866	21.488912354804647	31.784582893347412	0.0
194.0	27.49067661161428	21.41715503462973	22.322855620671284	28.76931273308471	0.0
195.0	28.502415458937197	21.578099838969404	19.108964036500268	30.810520665593128	0.0
196.0	29.776810016330973	20.14153511159499	19.270549809471966	30.811105062602067	0.0
197.0	29.0929203539823	19.800884955752213	22.123893805309734	28.98230088495575	0.0
198.0	26.243567753001717	24.47112635791881	21.09777015437393	28.187535734705545	0.0
199.0	29.443447037701976	23.040095751047275	17.833632555356075	29.682824655894674	0.0
200.0	27.501749475157457	15.95521343596921	22.25332400279916	34.28971308607417	0.0
201.0	31.527093596059114	18.817733990147783	16.354679802955665	33.30049261083744	0.0
202.0	36.59742828882295	16.320474777448073	19.683481701285853	27.398615232443124	0.0
203.0	31.53692614770459	17.664670658682635	22.55489021956088	28.2435129740519	0.0
204.0	31.790744466800803	17.706237424547282	25.15090543259557	25.352112676056336	0.0
205.0	33.56997971602434	17.038539553752535	24.645030425963487	24.746450304259636	0.0
206.0	30.265848670756647	17.893660531697343	24.130879345603272	27.709611451942738	0.0
207.0	27.33887733887734	22.765072765072766	16.839916839916842	33.056133056133056	0.0
208.0	30.261780104712045	16.75392670157068	20.31413612565445	32.67015706806283	0.0
209.0	20.952380952380953	22.433862433862434	20.74074074074074	35.87301587301587	0.0
210.0	25.10729613733906	16.630901287553648	20.386266094420602	37.8755364806867	0.0
211.0	28.354978354978357	19.480519480519483	20.346320346320347	31.818181818181817	0.0
212.0	28.21350762527233	18.40958605664488	23.093681917211327	30.28322440087146	0.0
213.0	28.9647577092511	20.92511013215859	17.731277533039645	32.378854625550666	0.0
214.0	30.48780487804878	26.053215077605323	16.851441241685144	26.607538802660752	0.0
215.0	27.901785714285715	22.098214285714285	18.526785714285715	31.473214285714285	0.0
216.0	29.133858267716533	18.222722159730033	18.785151856017997	33.85826771653544	0.0
217.0	27.872582480091012	16.95108077360637	25.938566552901023	29.23777019340159	0.0
218.0	26.30359212050985	21.320973348783316	19.351100811123985	33.02433371958285	0.0
219.0	18.64831038798498	22.778473091364205	24.28035043804756	34.292866082603254	0.0
220.0	0.19230769230769232	30.76923076923077	26.923076923076923	42.11538461538461	0.0
