# Position (bp)	A	C	G	T	N
0.0	26.31588106397008	24.156794594204253	24.137557518855292	25.389766822970373	0.0
1.0	26.90713997369552	21.226425704047365	15.770199225071412	36.096235097185705	0.0
2.0	29.18990993081024	20.2740129762603	17.55529528597071	32.980781806958746	0.0
3.0	23.478108783703508	22.754030362800105	15.709610815984277	38.05825003751211	0.0
4.0	34.06523368241018	13.596439648006353	15.260290873450904	37.07803579613256	0.0
5.0	34.93284356647494	15.343182612361725	23.97539446759975	25.748579353563585	0.0
6.0	32.031262106040245	17.64972099994547	21.168777969943246	29.150238924071033	0.0
7.0	35.62235648438995	17.682191063315912	20.437616018375333	26.257836433918808	0.0
8.0	23.257732695319262	26.732017647154148	23.1610558909744	26.849193766552194	0.0
9.0	27.70272468189688	19.085666673093648	15.79572178230248	37.41588686270699	0.0
10.0	26.847111897279625	16.882883379479463	24.792330582860703	31.47767414038021	0.0
11.0	28.207069341979086	19.182733827927116	19.405694929737503	33.2045019003563	0.0
12.0	25.76982735034465	20.954901388594976	20.62351748137348	32.65175377968689	0.0
13.0	27.142524415535902	21.385292374290287	19.410887774116237	32.06129543605758	0.0
14.0	30.77318613886707	18.954544395329943	19.911045038047938	30.361224427755058	0.0
15.0	29.63985672481036	18.858470859922015	20.469246236755144	31.032426178512484	0.0
16.0	29.289381130055204	18.390192219226513	18.887676173751387	33.432750476966895	0.0
17.0	30.335780673179524	18.23490369757726	19.925665438166646	31.503650191076567	0.0
18.0	32.34985907755921	17.71855280276974	19.269971247729316	30.66161687194174	0.0
19.0	30.618962209459472	18.748226418897413	20.43199733709994	30.20081403454318	0.0
20.0	30.121028760432562	17.933020824252264	20.52939569840859	31.416554716906585	0.0
21.0	29.412104957912526	19.168113427808404	19.94604646519298	31.47373514908609	0.0
22.0	30.125831254322687	18.922937834555505	23.006299665445972	27.944931245675836	0.0
23.0	29.88712601613851	20.54741096489791	21.694047781975296	27.87141523698829	0.0
24.0	33.12002059157971	19.677059492135086	17.92297817077266	29.279941745512538	0.0
25.0	29.624775001386926	21.128855760881226	20.113353050370236	29.13301618736161	0.0
26.0	31.18235625254541	17.116951727011106	22.72719906609237	28.97349295435111	0.0
27.0	26.360250207565915	21.001175664698867	24.89030855550092	27.7482655722343	0.0
28.0	27.33842121680291	19.956893477255164	19.32104801772333	33.383637288218594	0.0
29.0	27.93659193978288	21.031303625137674	17.718067821859652	33.3140366132198	0.0
30.0	27.157219054564663	19.25476367672933	16.113697107238057	37.47432016146795	0.0
31.0	34.41972822011074	15.058782729981916	18.72867465500661	31.79281439490073	0.0
32.0	34.31321909474552	15.644527522409618	23.25752389189935	26.784729490945512	0.0
33.0	31.653672679747384	18.081204333808607	20.843726236156947	29.421396750287066	0.0
34.0	33.32255439911998	17.04654598946841	21.983935742971887	27.646963868439723	0.0
35.0	27.17186822640647	20.449741406252624	25.633831925826104	26.744558441514798	0.0
