# Position (bp)	A	C	G	T	N
0.0	26.00093695715936	23.83521116609348	24.061693869000976	26.10215800774618	0.0
1.0	26.65097748412164	20.30493311220476	15.603217721324814	37.44087168234878	0.0
2.0	28.846844720407134	19.34484444583603	17.82185152447175	33.98645930928508	0.0
3.0	23.351182116245788	22.63292841822847	15.051493245855	38.96439621967074	0.0
4.0	34.04221098945761	12.996947506648887	14.81339052123527	38.147450982658235	0.0
5.0	35.02220645459139	14.752088833907623	23.39487235489727	26.830832356603718	0.0
6.0	31.272259093342786	17.288906949960133	21.247038861690285	30.191795095006796	0.0
7.0	35.05520717375478	17.120117251447347	20.10110241012584	27.723573164672032	0.0
8.0	22.504304483981926	26.83175534353056	22.89346065104598	27.770479521441533	0.0
9.0	27.450243246678713	18.49733064214812	15.605728526691653	38.44669758448151	0.0
10.0	26.80667955764927	16.462763806126812	24.997717756814954	31.732838879408966	0.0
11.0	27.983864444384526	18.3617249521403	19.445973429681874	34.2084371737933	0.0
12.0	26.28045398342918	19.879667042867652	20.952610231382867	32.8872687423203	0.0
13.0	26.22317642028712	20.804851837157614	18.737043214322856	34.23492852823241	0.0
14.0	30.318310331146748	18.46531182953088	20.527766329112946	30.68861151020943	0.0
15.0	29.630344012048702	18.356399718041853	20.114314383332115	31.89894188657733	0.0
16.0	29.81408866274031	17.681125367373745	18.721144549772163	33.78364142011379	0.0
17.0	30.335094929760835	17.86154776532762	19.74495691664131	32.05840038827023	0.0
18.0	31.558531352436127	17.771779533382382	19.005693089329117	31.663996024852377	0.0
19.0	29.77286383963823	18.459524368964576	20.06626209011105	31.701349701286148	0.0
20.0	29.682305970810397	17.806860596349182	20.120852961908685	32.38998047093173	0.0
21.0	28.922328619907322	18.357651581392304	20.12972193226071	32.59029786643966	0.0
22.0	29.787520270556563	18.689578333904695	22.919297184655623	28.60360421088312	0.0
23.0	29.675237757739403	20.30828579462508	20.997494347355484	29.018982100280034	0.0
24.0	32.83195564166663	19.38897512836414	17.884322048587705	29.89474718138152	0.0
25.0	29.481372273345325	20.868889462392097	19.436555565399267	30.213182698863307	0.0
26.0	31.749739034640022	16.55142462049281	22.360831314302445	29.338005030564723	0.0
27.0	26.274252444985418	21.12341254097445	24.970513803237896	27.631821210802233	0.0
28.0	26.47018831876678	19.60777195286831	18.76187825725214	35.16016147111277	0.0
29.0	28.007563180580323	20.132466401913618	17.35173123071649	34.50823918678957	0.0
30.0	26.78291788374666	18.86024685126827	15.981498744115255	38.375336520869816	0.0
31.0	34.21762653923338	14.332555835892691	18.303737535505128	33.146080089368795	0.0
32.0	34.55429116558787	15.303401611431205	22.61547440224339	27.52683282073754	0.0
33.0	31.178947339274956	17.075036831041196	21.269355209063253	30.4766606206206	0.0
34.0	33.10131989560085	16.389323920720265	21.98560100377424	28.52375517990464	0.0
35.0	26.386273010674056	20.244851656179364	25.55370318797855	27.81517214516803	0.0
