# Position (bp)	A	C	G	T	N
0.0	69.64098989194841	7.888927617055885	10.688974090856279	11.781108400139422	0.0
1.0	10.727969348659004	69.08162080575873	10.84407291303843	9.34633693254383	0.0
2.0	13.408854467691597	65.34504681539707	8.299618541209108	12.946480175702229	0.0
3.0	68.86738103468142	9.436571033529209	9.05634289664708	12.639705035142299	0.0
4.0	68.9103670463698	9.68818317800023	7.847198251064319	13.554251524565641	0.0
5.0	12.997012181107792	64.52539646058378	8.53826706504252	13.939324293265917	0.0
6.0	13.24221890432985	65.70575399104169	8.935339382106351	12.116687722522109	0.0
7.0	69.94033960532354	8.926112895823772	8.788435061955026	12.34511243689766	0.0
8.0	68.9670984752952	9.927777140891896	8.873094118995759	12.23203026481715	0.0
9.0	12.750601443464316	64.1654255928514	9.45125443922557	13.632718524458701	0.0
10.0	12.823448591710557	7.43073047858942	9.090909090909092	70.65491183879094	0.0
11.0	11.911294010059443	9.385002286236855	8.26474622770919	70.43895747599451	0.0
12.0	12.999315224834513	8.445560374343756	8.251540744122346	70.30358365669939	0.0
13.0	13.512289047457243	62.91765771888096	9.027069883338996	14.5429833503228	0.0
14.0	13.343852135692549	8.283556857883468	65.52462526766595	12.84796573875803	0.0
15.0	66.53936875210603	8.54768055711558	10.648096147366056	14.264854543412333	0.0
16.0	11.413835631797287	10.50566206973876	10.191725529767911	67.88877676869605	0.0
17.0	14.129342119959789	62.06858036412376	8.734502401429689	15.067575114486765	0.0
18.0	12.130672315754264	9.343293566729848	9.978815921507413	68.54721819600847	0.0
19.0	13.527644899321393	64.1005673601068	9.478251195906108	12.893536544665702	0.0
20.0	12.917174853087927	9.202794101341611	9.23605721255128	68.64397383301917	0.0
21.0	12.67683465959328	9.460654288240496	10.565870910698496	67.29664014146772	0.0
22.0	13.078958976621086	7.884869872077635	63.630348478164976	15.405822673136305	0.0
23.0	13.782086592486504	9.287209430428556	9.364327420954059	67.56637655613088	0.0
24.0	66.79511174722008	8.884729714851922	9.148959594847518	15.17119894308048	0.0
25.0	14.601672535211268	8.296654929577464	61.960827464788736	15.140845070422534	0.0
26.0	66.98175423169927	8.947021323367773	8.034732908331502	16.036491536601453	0.0
27.0	11.780219780219781	11.604395604395606	7.406593406593406	69.20879120879121	0.0
28.0	12.976177406960149	62.37786804259523	7.498078823141947	17.147875727302665	0.0
29.0	14.356272637471188	7.41960267808144	7.990341345626166	70.23378333882121	0.0
30.0	14.36111722014515	9.00593798108643	61.205190235319996	15.42775456344843	0.0
31.0	14.192909050869854	8.533362695441532	8.037877119577185	69.23585113411143	0.0
32.0	14.050772626931568	8.752759381898455	8.057395143487858	69.13907284768212	0.0
33.0	14.28255582577935	62.62436435993809	9.120053062126907	13.973026752155649	0.0
34.0	15.25254762959681	8.24102791315906	9.647762516614975	66.85866194062915	0.0
35.0	13.039618244367995	61.92431472644545	8.600599267561869	16.435467761624682	0.0
36.0	13.329633740288568	9.00110987791343	8.590455049944506	69.0788013318535	0.0
37.0	66.96756937479104	9.439429399309038	9.105093056948624	14.4879081689513	0.0
38.0	68.1408042775983	9.691433663807508	6.917678511752255	15.25008354684193	0.0
39.0	68.47862484652305	10.023440116084384	6.674852104029467	14.8230829333631	0.0
40.0	12.80241935483871	63.58646953405018	9.62141577060932	13.989695340501793	0.0
41.0	13.889831467028616	7.18244542472571	64.8456057007126	14.082117407533085	0.0
42.0	69.06140052207468	8.409942117807287	9.227102485529452	13.301554874588584	0.0
43.0	68.71940808195788	9.470688673875925	8.90153671030165	12.908366533864543	0.0
44.0	14.125457875457876	63.41575091575091	7.795329670329671	14.663461538461538	0.0
45.0	22.510895072075094	10.023466309084814	11.984579282601409	55.48105933623868	0.0
46.0	26.72811059907834	15.580425718674567	17.687074829931973	40.00438885231512	0.0
47.0	30.66326530612245	18.95408163265306	18.16326530612245	32.21938775510204	0.0
48.0	28.302373581011352	20.356037151702786	16.847265221878224	34.49432404540764	0.0
49.0	26.95403791223059	19.63126460659569	19.63126460659569	33.78343287457803	0.0
50.0	27.230046948356808	22.665623369848724	17.788210745957226	32.316118935837245	0.0
51.0	29.73326359832636	18.226987447698743	18.436192468619247	33.603556485355654	0.0
52.0	28.649921507064363	18.969126111983257	19.518576661433805	32.862375719518575	0.0
53.0	32.079936891927424	20.115698133052852	20.08940310281357	27.71496187220615	0.0
54.0	28.533685601056803	21.875825627476882	19.339498018494055	30.250990752972257	0.0
55.0	31.203605514316013	16.887592788971368	20.307529162248144	31.601272534464474	0.0
56.0	27.117285599786268	20.38471814052899	20.785466203580015	31.712530056104725	0.0
57.0	31.807228915662648	16.49263721552878	20.107095046854084	31.593038821954483	0.0
58.0	29.299704856452912	18.54038100348806	20.847866917091494	31.312047222967532	0.0
59.0	28.821313240043057	20.7481162540366	20.721205597416578	29.709364908503765	0.0
60.0	28.370330265295074	18.97671900378993	21.49431510557661	31.158635625338388	0.0
61.0	28.91369452763409	18.48625102096379	21.998366457936292	30.60168799346583	0.0
62.0	28.49344978165939	20.87882096069869	21.724890829694324	28.902838427947597	0.0
63.0	34.51859956236324	17.86105032822757	20.432166301969364	27.188183807439824	0.0
64.0	30.91058694459682	17.964893033461326	20.68019747668678	30.444322545255076	0.0
65.0	30.35371538250617	17.521250342747464	22.676172196325748	29.448862078420618	0.0
66.0	30.071467839472238	15.310610225398571	23.50192413413964	31.115997800989554	0.0
67.0	28.083700440528638	18.19933920704846	22.136563876651984	31.58039647577093	0.0
68.0	25.048222650868006	20.914852576467347	20.170845963075227	33.86607880958942	0.0
69.0	25.511332227750138	19.76229961304588	23.4383637368712	31.288004422332783	0.0
70.0	27.033028032195393	20.566194837635305	19.70580072162087	32.694976408548435	0.0
71.0	27.540255413659075	20.238756246529704	19.350360910605218	32.870627429205996	0.0
72.0	28.678720445062588	18.136300417246176	20.055632823365784	33.12934631432545	0.0
73.0	28.910614525139668	17.569832402234635	19.94413407821229	33.57541899441341	0.0
74.0	28.827818283791363	16.545148625911384	24.705552439708356	29.921480650588894	0.0
75.0	29.458017410839656	20.02246559955069	21.34231957315361	29.177197416456053	0.0
76.0	28.394714647174585	21.253865617093055	19.87630025302221	30.47511948271015	0.0
77.0	29.9268018018018	20.10135135135135	18.721846846846844	31.25	0.0
78.0	30.285069150437483	20.660457239627434	18.09201241885408	30.962461191081005	0.0
79.0	28.910891089108908	19.886845827439885	18.415841584158414	32.786421499292786	0.0
80.0	29.72206466250709	19.030062393647192	22.036301758366424	29.211571185479297	0.0
81.0	27.114782113358014	19.310737681572203	18.940472799772145	34.63400740529764	0.0
82.0	30.7648401826484	17.38013698630137	21.17579908675799	30.679223744292237	0.0
83.0	28.52655625356939	19.388920616790408	20.588235294117645	31.49628783552256	0.0
84.0	28.285714285714285	19.857142857142858	20.485714285714284	31.371428571428574	0.0
85.0	33.276108726752504	17.8826895565093	19.11301859799714	29.728183118741057	0.0
86.0	30.66781312697048	18.715964459730582	20.63628546861565	29.97993694468329	0.0
87.0	31.41542002301496	19.50517836593786	21.202531645569618	27.876869965477564	0.0
88.0	35.1094470046083	18.663594470046082	16.44585253456221	29.78110599078341	0.0
89.0	28.8972286374134	19.948036951501155	18.562355658198616	32.59237875288684	0.0
90.0	30.782558475310424	17.441524689575512	19.83829049956685	31.937626335547215	0.0
91.0	30.049118751805835	22.161225079456802	17.133776365212366	30.655879803524993	0.0
92.0	30.078012135221034	18.694019069633054	17.162669748627565	34.06529904651835	0.0
93.0	31.22827346465817	18.076477404403242	18.48203939745075	32.21320973348784	0.0
94.0	31.173736199883788	17.112144102266125	19.639744334689134	32.074375363160954	0.0
95.0	30.151338766006987	16.850989522700814	19.353899883585566	33.64377182770664	0.0
96.0	28.7627365356623	17.20524017467249	20.96069868995633	33.07132459970888	0.0
97.0	29.658792650918635	18.13939924176145	18.89763779527559	33.30417031204433	0.0
98.0	29.927007299270077	20.583941605839414	18.802919708029197	30.686131386861316	0.0
99.0	30.805270863836014	18.887262079062957	18.7701317715959	31.537335285505126	0.0
100.0	31.639247943595773	14.042303172737954	19.24206815511163	35.07638072855464	0.0
101.0	30.306603773584907	18.985849056603772	20.194575471698112	30.512971698113205	0.0
102.0	32.74179236912156	15.173025732031945	20.496894409937887	31.588287488908605	0.0
103.0	28.50786116879264	17.29457134381489	21.32898249777514	32.868584989617325	0.0
104.0	28.61392028554432	19.660916121356337	19.482450922070196	32.24271267102915	0.0
105.0	29.09090909090909	21.549925484351714	18.926974664679584	30.432190760059612	0.0
106.0	31.717534410532615	19.120287253141832	18.073010173548774	31.08916816277678	0.0
107.0	32.44377811094453	18.530734632683657	18.950524737631184	30.074962518740627	0.0
108.0	32.82996073693748	18.846270009060706	16.399879190576865	31.92389006342495	0.0
109.0	30.372840254622613	17.762958472264323	20.733555622916036	31.13064565019703	0.0
110.0	26.695044086348435	20.127698388567953	19.15475828519307	34.02249923989055	0.0
111.0	29.935916997253585	17.72963075984132	19.65212084223375	32.682331400671345	0.0
112.0	27.26161369193154	19.71271393643032	22.12713936430318	30.89853300733496	0.0
113.0	29.978521018717398	19.63792574409328	18.042344277385702	32.341208959803616	0.0
114.0	30.776340110905732	16.75908810844116	20.27110289587184	32.19346888478127	0.0
115.0	29.31726907630522	17.94871794871795	19.894964473277728	32.839048501699104	0.0
116.0	29.05027932960894	19.646182495344505	18.373680943513346	32.92985723153321	0.0
117.0	30.740510267579342	18.450528935905414	20.099564405724955	30.709396390790296	0.0
118.0	29.290403251015945	17.16161300406377	21.56924038762113	31.978743357299155	0.0
119.0	23.684210526315788	20.80200501253133	26.00250626566416	29.51127819548872	0.0
120.0	26.319095477386934	21.35678391959799	21.702261306532662	30.621859296482413	0.0
121.0	31.38985187519697	18.78348566025843	19.508351717617398	30.318310746927196	0.0
122.0	31.309297912713475	17.583807716635043	20.872865275142317	30.234029095509175	0.0
123.0	33.840786552489696	18.046305106248017	17.348556929908025	30.76435141135427	0.0
124.0	29.82791586998088	19.439133205863605	20.4270235818993	30.30592734225621	0.0
125.0	29.53964194373401	18.797953964194374	19.852941176470587	31.80946291560102	0.0
126.0	30.3302340493748	18.178903494709843	18.820134658544404	32.67072779737095	0.0
127.0	27.670527670527672	19.401544401544403	21.91119691119691	31.016731016731015	0.0
128.0	31.34280180761782	16.84958037443512	20.045190445448675	31.762427372498387	0.0
129.0	29.68598251861444	19.294269990288118	16.54257041113629	34.47717707996115	0.0
130.0	29.07732293697206	19.883040935672515	17.478882391163094	33.56075373619233	0.0
131.0	29.50766221062928	19.07401369416368	18.845777632865993	32.57254646234105	0.0
132.0	29.136690647482016	20.732504905166778	20.111183780248528	30.019620667102682	0.0
133.0	30.56467498358503	21.109652002626394	19.139855548260012	29.18581746552856	0.0
134.0	25.81494896279223	19.789265722752717	20.118538030951598	34.277247283503456	0.0
135.0	28.005284015852048	17.932628797886395	21.235138705416116	32.826948480845445	0.0
136.0	25.066225165562916	18.940397350993376	22.483443708609272	33.50993377483444	0.0
137.0	27.33621549717326	16.627868307283006	19.321582973062853	36.714333222480874	0.0
138.0	29.449081803005008	18.964941569282136	18.964941569282136	32.62103505843072	0.0
139.0	29.62838968865082	18.74790759959826	18.881821225309675	32.741881486441244	0.0
140.0	28.00808897876643	17.627232895180317	19.952814290529155	34.411863835524095	0.0
141.0	31.008801624915368	17.941773865944484	19.63439404197698	31.41503046716317	0.0
142.0	31.143635125936008	15.282505105513955	19.877467665078285	33.69639210347175	0.0
143.0	32.5	17.568493150684933	18.904109589041095	31.027397260273972	0.0
144.0	32.97725706409373	17.677463818056513	16.712611991729844	32.63266712611992	0.0
145.0	28.65537504320774	18.181818181818183	20.15209125475285	33.010715520221225	0.0
146.0	29.1117279666898	19.083969465648856	19.604441360166554	32.1998612074948	0.0
147.0	28.108672936259143	18.87843956809474	18.7042842215256	34.308603274120514	0.0
148.0	26.944639103013312	18.85073580939033	19.726699369306235	34.47792571829012	0.0
149.0	29.25194071983063	19.124911785462245	18.172194777699367	33.450952717007766	0.0
150.0	27.94326241134752	20.106382978723406	18.79432624113475	33.156028368794324	0.0
151.0	28.90152861713473	19.374333451830786	20.796302879488092	30.927835051546392	0.0
152.0	28.65810135617416	18.98643825838687	17.34475374732334	35.01070663811563	0.0
153.0	31.23434704830054	18.10375670840787	19.28443649373882	31.37745974955277	0.0
154.0	30.15815959741193	16.139468008626885	20.416966211358734	33.28540618260244	0.0
155.0	30.238439306358384	19.58092485549133	15.787572254335261	34.39306358381503	0.0
156.0	29.694323144104807	14.628820960698691	21.14264919941776	34.53420669577875	0.0
157.0	28.649835345773877	18.441273326015367	21.002561287961946	31.90633004024881	0.0
158.0	30.791896869244933	21.325966850828728	16.685082872928177	31.197053406998158	0.0
159.0	35.139146567717994	15.250463821892394	20.222634508348794	29.38775510204082	0.0
160.0	25.457260171705858	20.6047032474804	23.665546845837998	30.27248973497574	0.0
161.0	29.03831705484598	19.684447783621337	19.984973703981968	31.292261457550712	0.0
162.0	29.814604615966704	17.593643586833142	21.188043889519488	31.403707907680666	0.0
163.0	31.23569794050343	17.124332570556827	17.620137299771166	34.019832189168575	0.0
164.0	31.558789735733434	15.741095365760247	22.97970126388357	29.72041363462275	0.0
165.0	29.98073217726397	17.61078998073218	22.196531791907514	30.211946050096337	0.0
166.0	27.928626842513577	19.627618308766486	20.17067494181536	32.27307990690458	0.0
167.0	27.41433021806853	19.509345794392523	22.54672897196262	30.529595015576323	0.0
168.0	27.54303599374022	18.74021909233177	20.73552425665102	32.98122065727699	0.0
169.0	29.42564909520063	18.72541306058222	18.96144767899292	32.88749016522423	0.0
170.0	31.947743467933492	17.14172604908947	18.725257323832146	32.18527315914489	0.0
171.0	29.856687898089174	18.431528662420384	17.67515923566879	34.03662420382166	0.0
172.0	29.811924769907964	21.208483393357344	17.9671868747499	31.012404961984796	0.0
173.0	26.76340185409109	19.50826279725917	20.515920999596936	33.2124143490528	0.0
174.0	31.03448275862069	18.74239350912779	18.133874239350913	32.089249492900606	0.0
175.0	27.68729641693811	18.566775244299674	21.131921824104236	32.61400651465798	0.0
176.0	28.74743326488706	18.850102669404517	18.439425051334702	33.96303901437372	0.0
177.0	29.03225806451613	22.084367245657567	18.610421836228287	30.272952853598017	0.0
178.0	28.141962421711902	20.58455114822547	19.958246346555324	31.315240083507305	0.0
179.0	26.402361872627583	19.148038802193167	24.884015183466893	29.56558414171236	0.0
180.0	30.671197960917585	15.760407816482584	20.64570943075616	32.92268479184367	0.0
181.0	29.42184154175589	19.82869379014989	18.629550321199144	32.11991434689507	0.0
182.0	32.6133909287257	18.876889848812095	18.74730021598272	29.76241900647948	0.0
183.0	28.465562336530077	22.53705318221447	21.22929380993897	27.768090671316475	0.0
184.0	29.155672823218996	19.217238346525946	21.459982409850483	30.167106420404572	0.0
185.0	28.255093002657215	20.90345438441098	22.940655447298493	27.900797165633307	0.0
186.0	28.79394748553627	19.492656875834445	22.207387627948375	29.506008010680908	0.0
187.0	29.187247418051186	21.104625056129322	18.81454872025146	30.89357880556803	0.0
188.0	28.688152519291876	20.381298229686788	19.518837948252383	31.411711302768953	0.0
189.0	29.67535436671239	18.975765889346135	19.433013260173755	31.91586648376772	0.0
190.0	30.133825565297645	18.73557914167051	19.56622058144901	31.564374711582833	0.0
191.0	29.58469435370975	19.505366308912738	18.712085860942604	32.19785347643491	0.0
192.0	30.55295220243674	20.29053420805998	21.46204311152765	27.69447047797563	0.0
193.0	28.834355828220858	17.08352996696555	22.840962718263334	31.24115148655026	0.0
194.0	26.0	20.904761904761905	23.19047619047619	29.904761904761905	0.0
195.0	27.085330776605943	20.949185043144773	18.744007670182167	33.22147651006711	0.0
196.0	28.74454677653902	20.261754726127	21.42510906446922	29.568589432864762	0.0
197.0	28.908554572271388	18.73156342182891	22.123893805309734	30.23598820058997	0.0
198.0	28.456510809451984	22.27249874308698	21.31724484665661	27.953745600804424	0.0
199.0	26.849894291754755	26.32135306553911	18.181818181818183	28.64693446088795	0.0
200.0	27.539779681762543	15.66707466340269	20.4406364749082	36.352509179926564	0.0
201.0	27.842809364548494	19.147157190635454	18.979933110367895	34.03010033444816	0.0
202.0	36.33305298570227	16.31623212783852	19.34398654331371	28.006728343145497	0.0
203.0	36.016949152542374	17.033898305084747	16.271186440677965	30.677966101694913	0.0
204.0	33.16283034953112	17.050298380221655	24.126172208013642	25.66069906223359	0.0
205.0	33.39055793991416	18.369098712446352	23.948497854077253	24.29184549356223	0.0
206.0	29.17383820998279	19.19104991394148	21.514629948364888	30.120481927710845	0.0
207.0	26.557093425605537	23.442906574394463	18.94463667820069	31.055363321799305	0.0
208.0	27.75368603642671	16.99913269731136	20.555073720728533	34.69210754553339	0.0
209.0	24.210526315789473	21.403508771929825	18.947368421052634	35.43859649122807	0.0
210.0	25.991189427312776	20.440528634361232	18.6784140969163	34.889867841409696	0.0
211.0	32.149200710479576	19.715808170515096	17.317939609236234	30.817051509769094	0.0
212.0	27.767857142857146	16.339285714285715	23.125	32.767857142857146	0.0
213.0	26.732673267326735	18.901890189018903	21.062106210621064	33.3033303330333	0.0
214.0	30.58076225045372	25.13611615245009	17.24137931034483	27.041742286751365	0.0
215.0	26.916058394160586	27.28102189781022	16.605839416058394	29.1970802919708	0.0
216.0	27.205882352941174	21.047794117647058	16.636029411764707	35.11029411764706	0.0
217.0	25.210084033613445	20.72829131652661	24.089635854341736	29.971988795518207	0.0
218.0	24.134615384615383	18.173076923076923	18.365384615384617	39.32692307692307	0.0
219.0	19.18238993710692	24.0041928721174	23.270440251572328	33.542976939203356	0.0
220.0	0.16025641025641024	28.846153846153843	24.358974358974358	46.63461538461539	0.0
