# Position (bp)	A	C	G	T	N
0.0	26.241663585160737	24.068934377597234	23.825322012415594	25.864080024826436	0.0
1.0	26.63295043392756	20.29051268728323	15.677275370107688	37.399261508681526	0.0
2.0	28.813123578861738	19.404785204068062	18.069173442731167	33.71291777433903	0.0
3.0	23.204627249815683	22.660068366284715	15.055084396969013	39.08021998693059	0.0
4.0	34.307112977673555	13.09069045048086	14.880686724355252	37.72150984749033	0.0
5.0	35.13631999377241	14.791666016720914	23.284518321859377	26.787495667647303	0.0
6.0	31.52323211075329	17.18233166981158	21.01629027221562	30.278145947219503	0.0
7.0	35.120037103160634	17.0772288264937	20.179537939675278	27.62319613067039	0.0
8.0	22.581037634691338	26.861181947208813	22.98446914225087	27.573311275848987	0.0
9.0	27.75893106768742	18.504919110177788	15.493733790764677	38.24241603137012	0.0
10.0	26.696255902471695	16.270870899243587	25.325313726416482	31.70755947186824	0.0
11.0	28.21092528829376	18.262462077557135	19.671315554834568	33.855297079314546	0.0
12.0	26.131671653666594	19.618415028325032	21.31748605288983	32.93242726511854	0.0
13.0	26.48450524117797	20.885205114698028	18.951461352904598	33.6788282912194	0.0
14.0	30.974914662433434	18.22752188144637	20.542399006937828	30.255164449182363	0.0
15.0	29.749883458402003	18.724156956352385	20.1133268622664	31.41263272297921	0.0
16.0	30.13425532667152	17.564371220568603	18.905334946049187	33.39603850671068	0.0
17.0	30.68171115450905	17.730262874466945	19.511470099838046	32.07655587118596	0.0
18.0	31.647810548076787	17.699393092358882	19.144107808331633	31.508688551232694	0.0
19.0	30.13477527006603	18.45767853890558	20.11530264716552	31.29224354386287	0.0
20.0	29.77781184644972	17.960984041897333	19.83022511172098	32.430978999931966	0.0
21.0	29.318731540152555	18.445244464014124	20.176032035643754	32.05999196018957	0.0
22.0	29.950135942914375	19.013765427091904	22.660024464079488	28.376074165914233	0.0
23.0	29.959985156358865	20.264882934001953	21.221430224636347	28.553701685002842	0.0
24.0	32.92231065221402	19.54733133853336	18.01945539049086	29.510902618761758	0.0
25.0	29.54242604399434	21.082664760405628	19.559557436067017	29.815351759533016	0.0
26.0	32.68330010152266	16.572289512801156	22.031323766969095	28.71308661870709	0.0
27.0	26.47694377866931	21.231279438080833	24.958248545421217	27.33352823782865	0.0
28.0	26.71161651589794	19.692321267972588	18.728866157954048	34.86719605817542	0.0
29.0	28.01805599998336	20.101383019718334	17.33847809894434	34.54208288135397	0.0
30.0	26.724521077756762	18.960019271908145	16.17905852443427	38.13640112590082	0.0
31.0	34.49377188155962	14.30723732351077	18.26140513087214	32.93758566405747	0.0
32.0	34.77278561179563	15.387905921291864	22.452971235036507	27.386337231875995	0.0
33.0	31.433408354237674	17.46767714734002	21.10375229505743	29.995162203364874	0.0
34.0	33.63192882478058	16.44560608799428	21.920855551346122	28.00160953587902	0.0
35.0	26.391106545934484	20.14667289726312	25.997556433571244	27.464664123231152	0.0
