# Position (bp)	A	C	G	T	N
0.0	27.068809141790833	24.11903713173142	23.514158928294417	25.297994798183325	0.0
1.0	27.228389839601792	20.264209207790287	15.455877220426967	37.05152373218096	0.0
2.0	27.82642482670075	20.027142237714195	18.03607327277949	34.110359662805564	0.0
3.0	23.407404743252705	22.40529960313669	15.108791797933524	39.07805427957115	4.4957610592912206E-4
4.0	34.083221554790924	13.94525169237947	14.584520279394017	37.38588494959872	0.0011215238368676287
5.0	36.1268363838433	15.039609761781259	22.77468874043086	26.05012643081932	0.008738683125266782
6.0	33.097530900114805	17.646690224530765	19.856750581300368	29.394552449070478	0.004475844983584839
7.0	35.318793071835216	16.827028429088276	20.302291052685714	27.55076942341319	0.0011180229776082359
8.0	23.06958252274218	27.181332919145003	22.382484303118815	27.36470065022354	0.0018996047704662859
9.0	28.66597868139134	18.478323996390312	16.056861536262186	36.798724100034846	1.1168592131950215E-4
10.0	26.28033639116415	17.29509258349486	25.02244245352961	31.40168195582075	4.4661599063892883E-4
11.0	28.27658945183234	18.981679380793206	19.463941918670514	33.27678476760214	0.0010044811018041595
12.0	26.57180785792374	19.58825104303786	21.449766850360323	32.38403873184445	0.006135516833627095
13.0	27.103342597260077	21.612347044837108	18.618931421663312	32.66526741224177	1.1152399773383236E-4
14.0	31.6303247132718	17.907185268125993	20.974652825795054	29.487056524823014	7.806679841368266E-4
15.0	29.906275232304484	18.843652277096986	19.69413428381519	31.55526906279693	6.691439864029942E-4
16.0	30.458207497089223	17.466330905084156	19.17632836233701	32.89757189952134	0.0015613359682736532
17.0	30.331070139672654	18.401794198075542	20.569263094032575	30.694303800291745	0.0035687679274826354
18.0	31.34627309104373	18.44105064527785	18.471608220656922	31.732592219193727	0.00847582382777126
19.0	30.358505043115176	18.567518858708016	19.708855451516058	31.36512064666075	0.0
20.0	30.530140475627544	18.306775752006317	19.142090495032722	32.020881753335686	1.1152399773383236E-4
21.0	30.41616294994357	17.68179526870592	19.228633117274175	32.6729625680854	4.4609599093532943E-4
22.0	28.673823533347907	19.487257268018933	19.677294160157384	32.160621322496176	0.0010037159796044914
23.0	30.181181886718385	17.583542626702414	20.352237394442536	31.88169980416386	0.0013382879728059884
24.0	31.24757435304929	18.088857860434405	18.621607997608926	32.03961778495496	0.0023420039524104795
25.0	29.32701958807496	18.375363010612624	19.241681425009034	33.05515530831924	7.806679841368266E-4
26.0	32.32801884309466	17.864360052996204	19.764394402387506	30.043226701521636	0.0
27.0	29.068060865337003	18.272872456695232	20.117479379212817	32.54125272676174	3.345719932014971E-4
28.0	29.856424005317468	18.25246356510994	19.887405371887922	32.00002676575945	0.003680291925216468
29.0	29.449807509579912	18.473838700611598	19.751569142648115	32.322442643207964	0.0023420039524104795
30.0	30.124339630427244	18.38651792156867	19.575043745824768	31.91264887242279	0.0014498297565289737
31.0	30.164478159914527	18.486394975096303	19.382504288164665	31.964949690739125	0.0016728860853796447
32.0	29.0200333908435	18.515523842556707	19.86520984148829	32.59912139924809	1.1152586340535302E-4
33.0	29.619327921342865	18.5403239387454	19.475470389259588	32.36420859397915	6.691566729976323E-4
34.0	29.856620591049715	17.933801896409047	19.759837259463644	32.44951719861439	2.2305446320828156E-4
35.0	29.989644313411283	17.58725893456947	19.745660766454716	32.67721280266392	2.231829006188862E-4
36.0	31.144223858142222	17.51592641038576	18.807784856182394	32.53206487528962	0.0
37.0	28.838114756385743	19.07121959496039	19.278617377880323	32.81182502235275	2.2324842079648338E-4
38.0	30.279443123332328	18.527871744202923	19.374239430172715	31.817217626240634	0.0012280760514005648
39.0	29.30126171162568	18.735808955170537	20.124842104557775	31.838087228646	0.0
40.0	29.8209017625878	18.52802064084549	20.004315081433187	31.64363240424935	0.003130110884178072
41.0	29.74671077665513	18.58394402388744	20.447576114351712	31.21975458969205	0.0020144954136654416
42.0	29.297466093047685	18.789083019810462	19.448909119623302	32.46185362859553	0.0026881389230195415
43.0	29.332786464549343	18.485957911275023	20.080394193777575	32.0970512790342	0.0038101513638660934
44.0	29.34623698348775	19.175867543253837	20.305534876629025	31.17213636730557	2.2422932381405112E-4
45.0	29.366850922926446	18.347930257809207	19.843142885345348	32.44185159594038	2.243379786250774E-4
46.0	30.04472882169965	17.836880069303866	19.287593082181637	32.830461382396635	3.3664441821111644E-4
47.0	29.37289246698666	17.923964923466524	20.351079640613705	32.35060369174678	0.0014592771863339814
48.0	30.223295694433215	17.873649176705204	18.71345029239766	33.188706533358484	8.983031054338354E-4
49.0	29.330045719549318	17.73053549162557	20.22871007964413	32.7090237135058	0.001684995675177767
50.0	29.689613036454816	18.93112042150844	19.844036480669807	31.53489281864098	3.3724272595543674E-4
51.0	30.039809517592385	18.632362425307914	19.44239662975348	31.885431427346223	0.0
52.0	29.867255141073816	18.08341579639026	19.837343029035264	32.2118733277281	1.127057725642592E-4
53.0	31.348397537903157	17.419651180375453	19.466997113107933	31.75378128689026	0.011172881723196934
54.0	30.07055431009546	18.693050332658373	19.32311252531096	31.911474905987852	0.0018079259473531963
55.0	28.684510875405373	18.290973792473128	18.419019545075614	34.60436464082149	0.001131146224403575
56.0	29.356966152835884	18.45760188398331	20.240479600559308	31.944273041715967	6.79320905534767E-4
57.0	27.887801119496004	18.66181702812337	19.870940693906224	33.57830806535681	0.0011330931175924036
58.0	30.713465199903382	18.08548156094397	22.063477843762723	29.137575395389923	0.0
59.0	29.968273067296288	20.160848170451384	21.035694218206377	28.826671055842805	0.008513488203143179
60.0	31.180727056073277	19.273398734724136	19.585510726646746	29.960249780555138	1.1370200070040432E-4
61.0	29.2142803453923	21.082391689083153	19.65153278653052	30.051681293376188	1.1388561784086534E-4
62.0	30.995168795349628	16.584662523459652	22.050248181448723	30.369578023041832	3.424767001684985E-4
63.0	26.17905918057663	20.319065479428524	25.959515561027285	27.540870959429668	0.0014888195378933203
64.0	26.054034184892483	19.82689303436868	18.39712369049807	35.71953684984378	0.0024122403969858482
65.0	27.65656577288247	19.31955711908614	18.811384089221043	34.206505029335396	0.005987989474956962
66.0	26.06078799249531	19.917217491701543	17.11231057872709	36.90414201183432	0.005541925241737624
67.0	33.639123899605586	13.86352214221693	18.28246988607545	34.21314706434108	0.001737007760950676
68.0	34.11437063387121	15.842918826571806	23.143027650686292	26.899682888870686	0.0
69.0	32.15764148053499	17.311884734441282	20.240128634380135	30.29034515064359	0.0
70.0	32.88766933586362	16.548209030818647	21.886431973944877	28.677689659372856	0.0
71.0	25.004761766405498	20.98260260395985	25.70482213591857	28.307813493716083	0.0
