# Position (bp)	A	C	G	T	N
0.0	55.820029027576204	11.81422351233672	16.400580551523948	15.965166908563136	0.0
1.0	15.768115942028984	53.91304347826087	15.333333333333332	14.98550724637681	0.0
2.0	18.900343642611684	48.65406643757159	12.457044673539519	19.988545246277205	0.0
3.0	54.63331438317226	13.018760659465606	14.411597498578738	17.9363274587834	0.0
4.0	55.546099290780134	12.879432624113477	11.432624113475178	20.141843971631207	0.0
5.0	18.053197509903793	49.17940011318619	12.705149971703452	20.062252405206564	0.0
6.0	20.039514535704207	48.54642957945244	11.995484053062375	19.418571831780977	0.0
7.0	56.56708004509583	12.514092446448705	12.37316798196167	18.5456595264938	0.0
8.0	54.391891891891895	14.808558558558557	13.288288288288289	17.51126126126126	0.0
9.0	19.600674915635548	47.46906636670416	12.204724409448819	20.725534308211476	0.0
10.0	19.33670601461495	11.157953906689151	12.029229904440697	57.476110174255204	0.0
11.0	17.528089887640448	12.584269662921349	13.258426966292136	56.62921348314607	0.0
12.0	18.14866760168303	12.67882187938289	13.127629733520338	56.04488078541374	0.0
13.0	19.1542985158219	46.62559507140857	13.161579389526743	21.05852702324279	0.0
14.0	18.138624930128564	12.716601453325879	49.97205142537731	19.17272219116825	0.0
15.0	50.543326831986626	12.984118138757314	14.210086375034829	22.26246865422123	0.0
16.0	17.065701559020045	14.309576837416483	13.446547884187082	55.17817371937639	0.0
17.0	20.75	45.13888888888889	13.38888888888889	20.72222222222222	0.0
18.0	18.1465038845727	14.067702552719199	13.762486126526083	54.02330743618202	0.0
19.0	20.049916805324457	49.223516361619524	12.534664448141985	18.191902384914034	0.0
20.0	18.169247787610622	14.629424778761063	13.384955752212392	53.81637168141593	0.0
21.0	19.613259668508288	13.425414364640883	14.25414364640884	52.707182320441994	0.0
22.0	18.101545253863137	12.224061810154526	47.847682119205295	21.82671081677704	0.0
23.0	19.244554728425697	12.544802867383511	13.123793768955059	55.08684863523573	0.0
24.0	54.3878954607978	10.343878954607979	13.507565337001376	21.76066024759285	0.0
25.0	19.664466446644667	12.761276127612762	45.04950495049505	22.524752475247524	0.0
26.0	54.61792193512919	10.940076965365586	10.995052226498075	23.44694887300715	0.0
27.0	16.181318681318682	15.054945054945055	10.851648351648352	57.91208791208792	0.0
28.0	16.991490529783146	45.86878945923689	11.419160032939885	25.720559978040075	0.0
29.0	20.658436213991767	10.2880658436214	11.440329218106996	57.61316872427984	0.0
30.0	20.318506315211422	11.971444261394838	45.46952224052718	22.240527182866558	0.0
31.0	19.725274725274726	10.714285714285714	12.994505494505496	56.565934065934066	0.0
32.0	19.966996699669966	11.001100110011002	12.183718371837184	56.84818481848185	0.0
33.0	19.76360637713029	46.701484332050576	11.572292468389225	21.962616822429908	0.0
34.0	20.345963756177923	12.081274025260846	13.920922570016476	53.65183964854475	0.0
35.0	18.660812294182215	46.6794731064764	12.074643249176729	22.585071350164654	0.0
36.0	19.106359649122805	13.157894736842104	13.130482456140353	54.60526315789473	0.0
37.0	52.439692982456144	13.815789473684212	12.664473684210526	21.080043859649123	0.0
38.0	53.894506695818535	12.817709756764142	11.314566821535939	21.97321672588139	0.0
39.0	54.679399727148706	12.305593451568896	10.177353342428376	22.837653478854026	0.0
40.0	19.039825422804146	45.662847790507364	14.702673213311513	20.594653573376977	0.0
41.0	18.316424458459007	10.693720866465588	48.423361667123665	22.566493007951742	0.0
42.0	54.84048404840484	10.671067106710671	14.96149614961496	19.52695269526953	0.0
43.0	54.04137931034483	12.689655172413794	12.8	20.46896551724138	0.0
44.0	21.75720620842572	45.73170731707317	11.252771618625278	21.25831485587583	0.0
45.0	29.485756566777653	14.835368109507954	16.352201257861633	39.32667406585276	0.0
46.0	31.32628152969894	16.069975589910495	18.185516680227828	34.418226200162735	0.0
47.0	30.316930775646373	16.34695579649708	18.64053377814846	34.695579649708094	0.0
48.0	27.89627770807194	18.65328314512756	18.06775407779172	35.38268506900879	0.0
49.0	27.310748640736094	20.40987034713509	18.61145964031786	33.66792137181096	0.0
50.0	26.915027208036836	21.975722059439097	18.250313938886563	32.858936793637504	0.0
51.0	29.264214046822744	18.478260869565215	16.9314381270903	35.32608695652174	0.0
52.0	29.288702928870293	17.531380753138077	20.418410041841003	32.76150627615063	0.0
53.0	31.530398322851156	20.335429769392032	18.532494758909852	29.60167714884696	0.0
54.0	30.08812421317667	20.856063785144777	17.666806546370122	31.389005455308432	0.0
55.0	30.197396052078957	17.38765224695506	20.453590928181438	31.96136077278454	0.0
56.0	27.402433906840116	20.43642467477969	20.226605119597146	31.934536298783044	0.0
57.0	29.261125104953823	19.563392107472712	19.605373635600337	31.57010915197313	0.0
58.0	27.92944141117178	19.61360772784544	19.739605207895842	32.71734565308694	0.0
59.0	26.80672268907563	19.873949579831933	21.554621848739497	31.76470588235294	0.0
60.0	27.98821548821549	19.023569023569024	19.90740740740741	33.08080808080808	0.0
61.0	28.210526315789476	16.673684210526314	21.768421052631577	33.34736842105263	0.0
62.0	27.529510961214164	19.51939291736931	23.650927487352444	29.300168634064082	0.0
63.0	32.40506329113924	16.160337552742615	20.59071729957806	30.843881856540083	0.0
64.0	29.603040540540544	18.285472972972975	21.79054054054054	30.320945945945947	0.0
65.0	28.08798646362098	19.58544839255499	22.54653130287648	29.780033840947546	0.0
66.0	30.245346869712353	15.736040609137056	22.081218274111674	31.93739424703892	0.0
67.0	28.384094754653134	17.258883248730964	20.008460236886634	34.34856175972927	0.0
68.0	26.364790520524757	18.78967414303851	20.736352094794753	34.109183241641986	0.0
69.0	26.273344651952463	19.185059422750424	21.519524617996606	33.02207130730051	0.0
70.0	27.716468590831916	20.71307300509338	19.439728353140918	32.130730050933785	0.0
71.0	26.85617310140008	20.23759015697921	20.83156554942724	32.07467119219346	0.0
72.0	28.056027164685908	18.505942275042443	20.967741935483872	32.47028862478778	0.0
73.0	28.522920203735147	17.062818336162987	22.410865874363328	32.003395585738545	0.0
74.0	29.536761580960473	17.722056948576288	21.674458138546537	31.0667233319167	0.0
75.0	29.003407155025553	19.761499148211243	21.976149914821125	29.258943781942076	0.0
76.0	30.179028132992325	20.716112531969312	18.584825234441603	30.52003410059676	0.0
77.0	29.81260647359455	20.528109028960817	18.100511073253834	31.5587734241908	0.0
78.0	28.55924978687127	21.312872975277067	19.30946291560102	30.818414322250636	0.0
79.0	29.431866723622385	20.632208457923966	18.667236223835967	31.268688594617682	0.0
80.0	29.738981600342317	17.15875053487377	20.79589216944801	32.3063756953359	0.0
81.0	27.984595635430036	19.084296106118956	17.50106974753958	35.43003851091143	0.0
82.0	32.17652099400171	17.652099400171377	21.379605826906598	28.79177377892031	0.0
83.0	28.454935622317596	19.78540772532189	21.373390557939913	30.3862660944206	0.0
84.0	28.38127951910691	19.45040790038643	21.12494632889652	31.043366251610134	0.0
85.0	33.01846285959639	17.13181623014169	20.652640618291112	29.1970802919708	0.0
86.0	32.7319587628866	16.45189003436426	21.735395189003437	29.080756013745706	0.0
87.0	31.827956989247312	18.53763440860215	21.46236559139785	28.172043010752688	0.0
88.0	33.29032258064516	19.698924731182796	17.93548387096774	29.075268817204304	0.0
89.0	30.32258064516129	16.387096774193548	17.419354838709676	35.87096774193548	0.0
90.0	31.13978494623656	16.559139784946236	19.440860215053764	32.86021505376344	0.0
91.0	30.709677419354836	20.817204301075268	16.21505376344086	32.25806451612903	0.0
92.0	30.795698924731184	19.655913978494624	16.21505376344086	33.33333333333333	0.0
93.0	32.142857142857146	16.824440619621342	19.3631669535284	31.669535283993117	0.0
94.0	31.669535283993117	18.029259896729776	19.793459552495698	30.50774526678141	0.0
95.0	32.38587424633936	16.881998277347115	19.982773471145563	30.749354005167955	0.0
96.0	29.48275862068965	18.318965517241377	19.396551724137932	32.80172413793103	0.0
97.0	31.63573586534312	17.867932671558048	20.457488131204144	30.038843331894693	0.0
98.0	31.018119068162207	20.79378774805867	18.1190681622088	30.06902502157032	0.0
99.0	31.99308257674016	17.942066580198876	18.590575010808475	31.474275832252484	0.0
100.0	31.699913269731134	15.177797051170858	20.33824804856895	32.78404163052905	0.0
101.0	30.956521739130434	17.869565217391305	19.304347826086957	31.869565217391305	0.0
102.0	32.21300742034046	16.28109995635094	20.51505892623309	30.990833697075516	0.0
103.0	26.751313485113837	18.52014010507881	20.796847635726795	33.93169877408056	0.0
104.0	27.463863337713533	16.819973718791065	20.84975908891809	34.866403854577314	0.0
105.0	29.18492550394391	18.536371603856267	19.631901840490798	32.646801051709026	0.0
106.0	30.74561403508772	18.026315789473685	19.035087719298247	32.19298245614035	0.0
107.0	30.33362598770852	17.866549604916592	18.832309043020192	32.967515364354696	0.0
108.0	32.68892794376098	18.760984182776802	17.26713532513181	31.282952548330407	0.0
109.0	28.66578599735799	19.815059445178335	18.97842360193747	32.5407309555262	0.0
110.0	26.3901147396293	19.02030008826125	20.432480141218004	34.15710503089144	0.0
111.0	28.925254312251212	18.22202565236621	19.283502874834145	33.56921716054843	0.0
112.0	27.171985815602838	18.26241134751773	20.0354609929078	34.53014184397163	0.0
113.0	28.476232785428696	19.50244335850733	19.59129275877388	32.43003109729009	0.0
114.0	29.906542056074763	17.489986648865152	19.359145527369826	33.244325767690256	0.0
115.0	28.386231560125168	18.506928922664283	18.998658918194007	34.10818059901654	0.0
116.0	28.584229390681003	18.906810035842295	19.399641577060933	33.10931899641577	0.0
117.0	30.462090623598026	18.304172274562582	18.88739344997757	32.34634365186182	0.0
118.0	26.717557251908396	16.748989672204758	21.95779074988774	34.575662325999104	0.0
119.0	24.179775280898877	19.46067415730337	27.056179775280896	29.30337078651685	0.0
120.0	27.9027902790279	21.287128712871286	21.69216921692169	29.117911791179118	0.0
121.0	29.716343989194055	17.874831157136427	19.090499774876182	33.318325078793336	0.0
122.0	29.260595130748424	17.2678088367899	20.73940486925158	32.7321911632101	0.0
123.0	32.31046931407942	17.82490974729242	18.998194945848375	30.866425992779785	0.0
124.0	29.65641952983725	17.67631103074141	20.88607594936709	31.78119349005425	0.0
125.0	28.493894165535956	17.774762550881952	18.90547263681592	34.82587064676617	0.0
126.0	31.048570131638677	19.064911484339536	18.202451202905127	31.68406718111666	0.0
127.0	29.117379435850772	18.42584167424932	20.518653321201093	31.938125568698815	0.0
128.0	31.042330450614475	16.79563040509786	19.98179335457442	32.18024578971325	0.0
129.0	29.97722095671982	18.177676537585423	18.314350797266517	33.53075170842825	0.0
130.0	30.53400273847558	18.667275216795982	16.887266088544045	33.91145595618439	0.0
131.0	29.899267399267398	20.51282051282051	17.445054945054945	32.142857142857146	0.0
132.0	30.963302752293576	18.211009174311926	19.77064220183486	31.055045871559635	0.0
133.0	27.28110599078341	21.889400921658986	20.0	30.8294930875576	0.0
134.0	25.357967667436487	20.87759815242494	20.092378752886837	33.672055427251735	0.0
135.0	26.478743068391868	17.190388170055453	20.841035120147875	35.48983364140481	0.0
136.0	24.849327770050998	16.921650440426518	21.789522484932778	36.43949930458971	0.0
137.0	29.122155132373432	16.58151416627961	20.622387366465396	33.673943334881564	0.0
138.0	28.804855275443508	17.507002801120446	20.915032679738562	32.773109243697476	0.0
139.0	29.10028116213683	19.540768509840674	19.259606373008435	32.09934395501406	0.0
140.0	29.188174565931487	16.61191928671985	20.36602534021586	33.8338808071328	0.0
141.0	31.717647058823527	17.599999999999998	18.58823529411765	32.09411764705882	0.0
142.0	30.812854442344044	16.351606805293006	19.94328922495274	32.89224952741021	0.0
143.0	32.005689900426745	19.44049312470365	18.16026552868658	30.393551446183025	0.0
144.0	31.273764258555133	16.82509505703422	18.773764258555133	33.127376425855516	0.0
145.0	28.285714285714285	19.428571428571427	19.80952380952381	32.476190476190474	0.0
146.0	29.566046733428706	19.170243204577968	16.452074391988557	34.81163567000477	0.0
147.0	29.083094555873924	18.72015281757402	18.290353390639925	33.90639923591213	0.0
148.0	27.0723526593196	20.747484427407763	19.214183037853378	32.96597987541926	0.0
149.0	29.154658981748323	19.788664745437078	18.107588856868396	32.9490874159462	0.0
150.0	27.57955641272903	18.611378977820635	20.106075216972037	33.70298939247831	0.0
151.0	28.509406657018815	19.054510371442355	19.826338639652676	32.609744331886155	0.0
152.0	27.45762711864407	19.564164648910413	17.723970944309926	35.25423728813559	0.0
153.0	31.195335276967928	17.54130223517979	19.096209912536445	32.16715257531584	0.0
154.0	31.463414634146343	17.804878048780488	19.414634146341463	31.317073170731707	0.0
155.0	30.70519098922625	20.421155729676787	15.670910871694419	33.202742409402546	0.0
156.0	33.70896619304263	15.384615384615385	17.883390494855465	33.023027927486524	0.0
157.0	30.147783251231523	18.620689655172416	20.788177339901477	30.443349753694584	0.0
158.0	28.909718796250615	21.460286137148497	16.28021706956093	33.34977799703996	0.0
159.0	34.34093161546085	14.717542120911794	19.672943508424183	31.268582755203173	0.0
160.0	27.39043824701195	18.326693227091635	22.808764940239044	31.47410358565737	0.0
161.0	30.265132566283143	18.459229614807406	20.710355177588795	30.565282641320664	0.0
162.0	30.920060331825038	17.998994469582705	19.808949220713927	31.27199597787833	0.0
163.0	28.722867238768302	17.61736496718829	17.768803634528016	35.8909641595154	0.0
164.0	30.749746707193516	14.184397163120568	22.847011144883485	32.21884498480243	0.0
165.0	29.014227642276424	18.445121951219512	22.66260162601626	29.878048780487802	0.0
166.0	27.07802141764406	20.09178990311066	20.80571137174911	32.02447730749618	0.0
167.0	27.695452222789985	18.90648952478283	21.921308124680632	31.47675012774655	0.0
168.0	28.270908158029755	17.855310415597742	19.75371985633658	34.120061570035915	0.0
169.0	26.39175257731959	17.216494845360824	19.948453608247423	36.44329896907216	0.0
170.0	29.891584925141974	17.552916881775943	16.778523489932887	35.7769747031492	0.0
171.0	30.924109447599378	18.224057821373258	15.436241610738255	35.41559112028911	0.0
172.0	30.212105535437146	20.434557682359028	15.62338334195551	33.729953440248316	0.0
173.0	29.8546209761163	17.964693665628246	19.88577362409138	32.294911734164074	0.0
174.0	29.92167101827676	19.5822454308094	19.321148825065272	31.174934725848562	0.0
175.0	27.79234399580493	19.140010487676978	20.66072364971159	32.406921866806506	0.0
176.0	30.157894736842106	18.421052631578945	20.157894736842106	31.263157894736842	0.0
177.0	27.921734531993653	22.792173453199364	18.508725542041248	30.77736647276573	0.0
178.0	26.22340425531915	21.436170212765955	21.01063829787234	31.329787234042556	0.0
179.0	27.029914529914528	18.536324786324787	21.8482905982906	32.585470085470085	0.0
180.0	30.369576861274773	15.211569362613819	20.782003213711835	33.63685056239957	0.0
181.0	27.04741379310345	18.857758620689655	20.743534482758623	33.35129310344828	0.0
182.0	31.11111111111111	18.48238482384824	19.40379403794038	31.00271002710027	0.0
183.0	29.01469787697333	22.536744692433317	21.502449646162223	26.94610778443114	0.0
184.0	28.04610318331504	21.89901207464325	18.88035126234907	31.174533479692645	0.0
185.0	27.90954219525648	20.573634859349145	22.00772200772201	29.50910093767237	0.0
186.0	30.713890426120642	18.15163254012175	21.80409518539015	29.33038184836746	0.0
187.0	30.127848804891606	22.234574763757642	17.509727626459142	30.127848804891606	0.0
188.0	30.507529280535415	19.576129392080315	20.41271611823759	29.503625209146684	0.0
189.0	31.10612015721505	19.25884334643459	19.48343627175744	30.151600224592922	0.0
190.0	29.769274057400114	17.670230725942602	18.345526167698367	34.21496904895892	0.0
191.0	27.658371040723985	18.834841628959275	21.60633484162896	31.90045248868778	0.0
192.0	31.21091529277999	18.533257532689028	20.011370096645823	30.244457077885162	0.0
193.0	31.04238258877434	17.697594501718214	20.6758304696449	30.584192439862544	0.0
194.0	27.016129032258064	21.486175115207374	21.025345622119815	30.472350230414747	0.0
195.0	29.586488060570765	18.75364006988934	20.034944670937683	31.624927198602215	0.0
196.0	28.025851938895418	19.858989424206815	21.151586368977675	30.963572267920092	0.0
197.0	30.01786777843955	19.714115544967242	20.07147111375819	30.19654556283502	0.0
198.0	26.993865030674847	22.45398773006135	22.085889570552148	28.46625766871166	0.0
199.0	27.9023746701847	23.218997361477573	19.063324538258573	29.815303430079155	0.0
200.0	29.606299212598426	15.039370078740157	19.921259842519685	35.43307086614173	0.0
201.0	33.58613217768147	17.118093174431202	17.118093174431202	32.17768147345612	0.0
202.0	36.01741022850925	17.08378672470076	18.824809575625682	28.07399347116431	0.0
203.0	33.87978142076503	17.923497267759565	20.327868852459016	27.86885245901639	0.0
204.0	36.00439077936334	16.68496158068057	23.161361141602637	24.149286498353458	0.0
205.0	35.13812154696133	15.91160220994475	23.093922651933703	25.856353591160218	0.0
206.0	30.657748049052397	20.28985507246377	20.178372352285397	28.87402452619844	0.0
207.0	28.37988826815642	22.011173184357542	17.430167597765365	32.17877094972067	0.0
208.0	27.048260381593714	17.17171717171717	20.089786756453424	35.69023569023569	0.0
209.0	23.397075365579305	18.785151856017997	21.934758155230597	35.8830146231721	0.0
210.0	26.47058823529412	17.647058823529413	21.266968325791854	34.61538461538461	0.0
211.0	29.465301478953354	18.998862343572238	22.070534698521048	29.465301478953354	0.0
212.0	28.881278538812786	17.009132420091326	22.37442922374429	31.7351598173516	0.0
213.0	27.126436781609197	19.885057471264368	18.275862068965516	34.71264367816092	0.0
214.0	28.52193995381062	25.40415704387991	18.475750577367204	27.598152424942263	0.0
215.0	29.036004645760745	22.531939605110338	17.770034843205575	30.66202090592334	0.0
216.0	31.802120141342755	17.432273262661955	18.138987043580684	32.6266195524146	0.0
217.0	27.2294887039239	16.884661117717002	24.137931034482758	31.747919143876334	0.0
218.0	23.76847290640394	20.44334975369458	19.82758620689655	35.960591133004925	0.0
219.0	17.462482946793997	22.919508867667123	25.92087312414734	33.69713506139154	0.0
220.0	0.2074688796680498	29.045643153526974	28.42323651452282	42.32365145228216	0.0
