# Position (bp)	A	C	G	T	N
0.0	27.12740410559717	23.79268569084983	23.152805059684418	25.927105143868584	0.0
1.0	27.427822404463413	19.854938997748125	15.330218801465398	37.386885356098546	1.3444022451517495E-4
2.0	28.05620264010496	19.92904383216858	17.864219348274293	34.150534179452166	0.0
3.0	24.059482869104578	21.686896573820917	15.350120685235815	38.903232869104585	2.670027341079973E-4
4.0	34.03333838944284	14.168416346668156	14.598850932586094	37.19753155411501	0.001862777187898335
5.0	35.97280137348546	14.95858016472258	22.109846944606122	26.950798497883167	0.007973019302679732
6.0	32.474909376542456	17.555740724032333	19.936497237510416	30.025555018920798	0.007297642993997357
7.0	35.32406038858349	16.869592420805933	20.541344493034686	27.263942225480225	0.0010604720956651878
8.0	23.62353215389159	26.36488002299024	22.058844952278033	27.951683412726474	0.001059458113661315
9.0	28.858260995006567	18.30099008328558	16.172330871249468	36.66828570407613	1.3234638224546814E-4
10.0	27.044624046278553	17.11216650333216	24.715487153443185	31.127325532953233	3.967639928741187E-4
11.0	28.425810135919356	18.675229154053387	19.54610709101917	33.35153170349964	0.001321915508448362
12.0	26.560080131508702	19.320097891526462	21.29206772063915	32.821279249850676	0.006475006475006475
13.0	27.831644681837453	21.14823018492616	18.63182906646696	32.3880319054091	2.6416136032534113E-4
14.0	31.621699799105286	18.290268427566296	20.380445191140556	29.706265775386235	0.0013208068016267057
15.0	29.727398684212265	18.806307644961848	19.336875737175298	32.12888961092994	5.283227206506823E-4
16.0	30.597546205123937	17.588391693181862	18.969955607683396	32.842257364488525	0.001849129522277388
17.0	30.23841883576164	18.13533778973548	20.52639434272031	31.096414934098345	0.003434097684229435
18.0	31.573754512206236	18.16082936100688	18.534089363146585	31.722741519429725	0.008585244210573587
19.0	30.346989154855354	18.50622033963226	19.827027141258966	31.319763364253422	0.0
20.0	30.157981701542568	18.384706113882604	19.468560175297476	31.988487847917025	2.6416136032534113E-4
21.0	30.337215184523313	17.36266581078386	19.358933210762462	32.94065747120971	5.283227206506823E-4
22.0	28.712490737842305	19.049468177141325	19.841291854716538	32.39648506893951	2.6416136032534113E-4
23.0	30.114659238449214	17.624185557505946	20.03346924435322	32.227025556290805	6.604034008133528E-4
24.0	31.063130602697353	17.928763605961066	18.43265140078165	32.57373734171781	0.0017170488421147175
25.0	29.35519532751386	18.074184434820165	19.396708285288984	33.17338362965634	5.283227206506823E-4
26.0	31.88150249698526	17.656017001425152	20.122755784143187	30.339724717446405	0.0
27.0	28.985765665098867	18.161357683727527	20.083527822134872	32.769216748358566	1.3208068016267057E-4
28.0	30.168416075275424	18.063882141767476	20.03650709999696	31.72828890799656	0.0029057749635787522
29.0	29.36364849104427	18.497106772701034	19.514260090633762	32.62207887065735	0.0029057749635787522
30.0	30.112176714317222	18.465769129676175	19.268031419518195	32.1528340040866	0.0011887324018074017
31.0	30.678663225492862	18.283833439439125	19.42515314896461	31.61036895758322	0.0019812285201807936
32.0	29.180931549694627	18.42309643060927	19.592288509900886	32.80368350979522	0.0
33.0	29.71690699127329	18.267443841706722	19.49964403692506	32.51494846790587	0.0010566621890606405
34.0	29.72225450933567	18.215523526739013	19.66712279552395	32.3948350011095	2.6416729186259073E-4
35.0	30.355210283800872	17.567058643194766	19.525135346204824	32.552331443265594	2.6428353394655925E-4
36.0	31.080318498694947	17.455578683054153	19.15168335150494	32.31215515247629	2.643142696666336E-4
37.0	29.260530058313815	18.83766237199245	19.281888881252346	32.61939000470528	5.286837361022263E-4
38.0	30.655405932374784	18.32165003509616	19.038246223031805	31.983375920200185	0.0013218892970589286
39.0	29.85234089986499	18.78551150450435	19.632300147169857	31.72931853612934	5.289123314587799E-4
40.0	29.803674032198728	18.66472934382452	19.589456940882542	31.939360736394406	0.002778946699802298
41.0	29.72615332446738	18.303247375978213	20.405511372968736	31.564160710406547	9.272161791275691E-4
42.0	29.17741366833052	18.302950134795896	19.548851252660796	32.96826663344264	0.0025183107701524507
43.0	29.62757175724866	18.342140683326594	20.31176029863215	31.715609895173746	0.002917365618846182
44.0	29.445562496766346	18.751218839174257	19.996922223799434	31.806163777492703	1.326627672657275E-4
45.0	29.331259389814672	18.43628728718632	19.76572578290483	32.466462103637014	2.654364571665189E-4
46.0	30.295667874829064	17.389970924443382	19.466815363577222	32.84674924655807	7.965905922651052E-4
47.0	29.692836843642933	18.118376669942364	19.877958088762583	32.309102015882715	0.0017263817694085151
48.0	30.24505968755521	17.8096985137553	18.871814217420237	33.072497765120474	9.298161487812102E-4
49.0	29.377372706024296	17.83557388093318	20.155759804084408	32.62983194896415	0.0014616599939673305
50.0	29.75379779989523	18.441632342656877	19.575188859609703	32.228849186195234	5.318116429522991E-4
51.0	30.126371037929943	18.06629422520554	19.52948879348662	32.2778459433779	0.0
52.0	29.85074825708656	17.955505581452975	19.852493501960403	32.34125265950006	0.0
53.0	31.373903488300765	17.66474013106132	19.281936528341944	31.668884805261655	0.010535047034317582
54.0	30.131287056292194	18.343481963379507	19.311316901540046	32.21177846176845	0.002135617019799839
55.0	28.96616214916441	18.321599850381393	18.26763028173718	34.444073366552225	5.343521647942076E-4
56.0	29.272058617107888	18.248331308043277	20.451419106706716	32.02725519055774	9.357775843837436E-4
57.0	28.248429624715087	18.725855814401438	19.765460304551148	33.25945167952573	8.025768066003917E-4
58.0	30.680870599919423	17.986607184684594	21.929229290726887	29.40248983760241	8.030870666843347E-4
59.0	29.409423921024285	20.230292246595457	21.160545369769924	29.191967372138766	0.007771090471571207
60.0	31.25516512294334	18.909313857018663	19.72687903147908	30.108641988558915	0.0
61.0	29.19374991602961	20.8546170278513	19.68991414867461	30.26118149695691	5.374104875656649E-4
62.0	30.93265978759613	16.361668210508178	21.706097455892806	30.99917063398031	4.039120225759893E-4
63.0	26.382495794856553	20.295204447656943	25.52836191930178	27.792586788081035	0.0013510501036930955
64.0	26.257229935658653	19.96139519133085	18.215509651202165	35.56342702336607	0.002438198442262106
65.0	27.722643165104095	19.353199905457647	18.561000192888134	34.35677241102016	0.006384325529966938
66.0	26.52072634145677	19.372828944679807	17.155525889196145	36.943426555327	0.00749226934027163
67.0	33.27963138325565	14.331998300121478	17.929072432042435	34.4580680689298	0.0012298156506339699
68.0	34.49527116717291	15.475790889865918	23.05656504545122	26.972372897509956	0.0
69.0	31.926901825058728	17.077848598054455	20.370310348763635	30.624939228123182	0.0
70.0	33.20613002645182	15.998192054747978	22.133072050865145	28.66260586793506	0.0
71.0	25.772985818992684	19.907681585256476	25.5096269749533	28.809515195024556	1.90425772985819E-4
