# Position (bp)	A	C	G	T	N
0.0	27.104330306735186	24.03660945567973	23.126662025500174	25.732398212084913	0.0
1.0	27.307120178847573	20.173329098416442	15.0498563357586	37.46969438697739	0.0
2.0	28.318048422597215	19.836757153338226	17.917461482024947	33.92773294203962	0.0
3.0	23.90082176876059	21.994054770759817	15.289509732049957	38.814637900897395	9.758275322419516E-4
4.0	34.30755680131583	13.838279877565125	14.724545857117135	37.12803593239804	0.0015815316038676963
5.0	36.16336955478358	14.941682371539006	22.534578058379598	26.34967733625924	0.010692679038582346
6.0	32.68324647037053	17.684975639944426	20.007644749695118	29.618672604493412	0.005460535496514358
7.0	35.694525599652806	16.69462985547234	20.31812572282014	27.2916277727805	0.0010910492742097772
8.0	22.949711656909876	26.917593591891265	22.467141242691493	27.66349434760332	0.0020591609040443134
9.0	29.06626742979971	18.33964100149714	16.074810921242296	36.519159617691166	1.2102976969245125E-4
10.0	26.745418126221672	17.246013237599428	24.78215536761433	31.225687522981943	7.257455826285538E-4
11.0	28.368652877297823	18.820409426281028	19.77652712908435	33.032597449063466	0.001813118273331206
12.0	26.576209848865524	19.48501700746009	21.158222527153956	32.774873410382284	0.00567720613814696
13.0	27.468276486568065	21.585511620887413	18.58074252942952	32.365227890129795	2.4147298520977965E-4
14.0	31.774222758828856	18.20175067914277	20.707998792635074	29.31530335043767	7.24418955629339E-4
15.0	29.940356172653182	18.846242076667675	19.626803501358285	31.58587383036523	7.24418955629339E-4
16.0	30.670811952912768	17.701660126773316	19.1086024750981	32.515424086930274	0.003501358285541805
17.0	30.295683670389373	18.24002414729852	20.59450648958648	30.865559915484454	0.004225777241171144
18.0	31.510896468457588	18.364744944159373	18.34687594325385	31.76891035315424	0.008572290974947178
19.0	30.53317235134319	18.492242680350135	19.76758225173559	31.207002716571086	0.0
20.0	30.185813462118926	18.403380621792937	19.259281617869	32.15140356172653	1.2073649260488983E-4
21.0	30.19607606399034	17.546513733776035	19.43760941744642	32.819559311801996	2.4147298520977965E-4
22.0	28.54983398732267	19.398128584364624	19.8766073045578	32.17410202233625	0.001328101418653788
23.0	30.09405372773921	17.784485360700273	20.241593721702383	31.878539088439478	0.001328101418653788
24.0	31.25481436764262	18.012556595230908	18.67503773015394	32.05553878659825	0.002052520374283127
25.0	29.544461213401753	18.225052822215517	19.426139450648957	32.804346513733776	0.0
26.0	32.3357681859342	18.02052520374283	19.65384847570178	29.989737398128586	1.2073649260488983E-4
27.0	29.28548143676426	18.160700271657106	20.043344400845157	32.51035315424087	1.2073649260488983E-4
28.0	30.337941442801085	18.05904014488379	19.86549954723815	31.73365529731361	0.0038635677633564744
29.0	29.329912466042863	18.48910353154241	19.681255659523092	32.497072140054335	0.002656202837307576
30.0	30.01782074934078	18.441094937748115	19.65353372419855	31.8864639576552	0.0010866310573644608
31.0	30.635101165595728	18.281887265377676	19.487567703315197	31.5932705983488	0.002173267362595171
32.0	28.889830641490484	18.541297662642485	19.900439846759948	32.66843184910709	0.0
33.0	29.552871688312944	18.563075240177678	19.4773018964287	32.405906010448646	8.4516463203343E-4
34.0	30.01856963128778	17.975958485162405	19.598809032230022	32.40642137366976	2.4147765003610093E-4
35.0	30.31465338114061	17.578596901547293	19.802529211083296	32.304220506228795	0.0
36.0	30.95124464909027	17.479940507187102	19.117684371537692	32.45088882794084	2.4164424409451674E-4
37.0	29.250759463385045	18.877468407048205	19.206267113604124	32.66502166615512	4.833498075059392E-4
38.0	30.528839762446307	18.463345716999786	19.299545341380703	31.707423190248406	8.459889247964188E-4
39.0	29.50763982161056	18.941849345788516	19.66478839525665	31.885480651709003	2.4178563527362277E-4
40.0	29.957360204632298	18.529435252608117	19.705538575463	31.8052460016117	0.0024199656848865885
41.0	29.72842682325638	18.487954776967456	20.549977773659545	31.23146038563609	0.0021802404805250017
42.0	29.499432150809106	18.329468888288247	19.563222765358894	32.60508846205592	0.002787733487830331
43.0	29.368478751218756	18.321101317953172	20.331258822330987	31.976735725407828	0.0024253830892589485
44.0	29.5265445174816	18.863968902186016	20.052703224068775	31.556662032082965	1.2132418063714608E-4
45.0	29.486267617600365	18.30543323639506	19.86279755113534	32.34513746947415	3.6412539507605366E-4
46.0	30.335595730989183	17.78475249207756	19.416714221536893	32.46281613870642	1.214166899381989E-4
47.0	29.62145658270109	18.094883002405897	20.014986768165382	32.26685191639958	0.0018217303280450526
48.0	30.34705113440335	17.9514653216127	18.862705366123883	32.83756335311068	0.0012148247493816542
49.0	29.58566506863049	17.547287895635478	20.227370774774116	32.638339500659264	0.001336760300649544
50.0	29.758393015649126	18.71791442224681	19.78818350944176	31.73538745881008	1.2159385221483201E-4
51.0	30.106006034882547	18.300008398686884	19.476189722685096	32.11767412364571	1.2172009976179378E-4
52.0	30.019216919663037	17.89342591249904	19.85179697086754	32.23531648207294	2.4371489743867827E-4
53.0	31.49864105904684	17.528874445566732	19.39686931233196	31.56573419407726	0.009880988977207851
54.0	30.26581695762974	18.343189486010694	19.463652715010863	31.923799708650254	0.0035411326984530135
55.0	28.967871323974233	18.3236968081531	18.504572613692055	34.20349261403425	3.666401463627464E-4
56.0	29.2211953836294	18.401271018527126	20.4210554639609	31.95525505985724	0.0012230740253323094
57.0	28.17321283248383	18.73669911704777	19.84029762159715	33.2490561650625	7.342638087487533E-4
58.0	30.793562932365724	18.06919810968389	21.917674014766412	29.219564943183972	0.0
59.0	29.671257899802008	20.074415981659588	21.207574002218994	29.03718960137798	0.009562514941429597
60.0	31.35969759936337	19.212829921747204	19.552392040123593	29.87495763148975	1.228072760854935E-4
61.0	29.23443063507389	20.88272011118559	19.667304179914026	30.215176095098116	3.689787283763091E-4
62.0	31.357278908210002	16.365754581486662	21.769843862687928	30.506876082574628	2.465650407756936E-4
63.0	26.58940876554342	20.28792978263639	25.685840133290288	27.435460708679827	0.0013606098500731638
64.0	26.23559618461691	19.695240694111956	18.45586137606827	35.611317150618326	0.0019845945845375274
65.0	27.953712407183605	19.091580502215656	18.61860853736777	34.329881781875876	0.00621677135709632
66.0	26.529645234778986	19.646943078705235	17.00917868191584	36.80787364068596	0.006359363913976511
67.0	33.59237023139462	14.073295809881175	17.97861163227017	34.353971232020015	0.0017510944340212633
68.0	34.35429741567282	15.555513420931216	22.97327190105105	27.11691726234492	0.0
69.0	32.071393360329736	17.110068420142518	20.489393716496455	30.32914450303129	0.0
70.0	33.04822447148124	15.992537251230132	22.18278455549968	28.776453721788947	0.0
71.0	25.554338422036782	20.00240713348776	26.200775864474895	28.242478580000558	0.0
