# Position (bp)	A	C	G	T	N
0.0	26.32724530399025	23.83321381976132	23.866764043572736	25.97277683267569	0.0
1.0	26.61461332768198	20.313667115552974	15.52777912031905	37.543940436446	0.0
2.0	28.80963054652875	19.364727913420094	17.918221447794153	33.907420092257	0.0
3.0	23.21345089494545	22.514611275215394	14.92636858205027	39.34556924778889	0.0
4.0	34.24484264714913	13.094794790339852	14.9456195668156	37.714742995695424	0.0
5.0	35.12588820492586	14.765785963929504	23.05925665878215	27.04906917236249	0.0
6.0	31.250843128170974	17.22062710430006	21.03383355417776	30.494696213351208	0.0
7.0	35.10651929936225	17.08916247625512	20.039681589741928	27.764636634640706	0.0
8.0	22.566221645194766	26.848721331882004	22.68884310845691	27.896213914466315	0.0
9.0	27.72774317647042	18.48143991506056	15.558900687598307	38.231916220870716	0.0
10.0	26.871434747160116	16.394298130121253	24.92652991679258	31.807737205926045	0.0
11.0	28.16514187787702	18.346933688937455	19.364587631116112	34.12333680206942	0.0
12.0	26.23420586831288	19.741013556233657	20.919548322685394	33.10523225276806	0.0
13.0	26.5229323821768	20.815373588508393	18.764857713760275	33.89683631555454	0.0
14.0	30.580691766422163	18.333077519914724	20.427344529981568	30.658886183681545	0.0
15.0	29.85604510577298	18.56775934200095	19.78500407658631	31.791191475639756	0.0
16.0	30.016418997033036	17.61326080436188	18.676609125075863	33.69371107352922	0.0
17.0	30.66574386082999	17.6610814852574	19.61688537540502	32.05628927850759	0.0
18.0	31.480385212764013	17.825116559389315	19.005510080222148	31.688988147624524	0.0
19.0	29.96396551165735	18.395120488120163	19.959515766320777	31.68139823390171	0.0
20.0	29.67985772080101	17.84764691552384	19.90045807030316	32.57203729337199	0.0
21.0	29.1276809363616	18.403034275712418	20.141898999229742	32.32738578869624	0.0
22.0	29.837767354358853	18.99014719363292	22.555055037435594	28.617030414572636	0.0
23.0	29.78558141696226	20.255677297709084	21.037030048454348	28.92171123687431	0.0
24.0	32.8550185664216	19.37521914291709	17.690990533025982	30.078771757635327	0.0
25.0	29.334368790950684	21.095749789129947	19.395721766999504	30.17415965291986	0.0
26.0	32.191232030280794	16.592480775269554	22.056979270664208	29.159307923785438	0.0
27.0	26.41549074636029	21.005388979557928	24.82267905648501	27.756441217596773	0.0
28.0	26.554334066039292	19.762811675793806	18.704462277847167	34.978391980319735	0.0
29.0	28.136105881408653	20.127113453016463	17.286260848014443	34.45051981756044	0.0
30.0	26.540795553168973	19.008572093929264	15.887648909330004	38.56298344357177	0.0
31.0	34.5115250033972	14.375042465008834	18.350743986954747	32.76268854463922	0.0
32.0	34.50375526277437	15.452031235375246	22.438163425126746	27.606050076723637	0.0
33.0	31.321306549994137	17.379331657676232	21.020106006101805	30.27925578622782	0.0
34.0	33.36200265217037	16.522627626785	21.694623386536932	28.4207463345077	0.0
35.0	26.41786767898649	20.315034258384205	25.60225552987152	27.66484253275778	0.0
