# Position (bp)	A	C	G	T	N
0.0	26.207859060263438	24.08134925128616	23.750827729217843	25.959963959232564	0.0
1.0	27.015086092549513	20.875374428191748	15.45109322024637	36.658446259012365	0.0
2.0	29.414277880276934	20.30613985178363	17.291344976695804	32.98823729124363	0.0
3.0	23.602252583460157	22.710256639225022	15.037631722110442	38.64985905520438	0.0
4.0	34.28844129603687	13.443215550897358	15.017438685972731	37.25090446709304	0.0
5.0	35.25802212635773	14.91624977009089	23.714115580414056	26.111612523137325	0.0
6.0	31.86406199869926	17.469336123694767	20.92115799155389	29.74544388605208	0.0
7.0	35.48472057105965	17.510425472610606	20.02998129611571	26.974872660214032	0.0
8.0	23.047816700984292	26.830537616776613	22.995616133679036	27.12602954856006	0.0
9.0	27.585024166899995	19.04230161133243	15.48484402904175	37.88783019272582	0.0
10.0	27.072135390987473	16.830979216481833	24.75774140902595	31.339143983504748	0.0
11.0	28.04672536407838	19.176079414505267	19.22839077743549	33.54880444398086	0.0
12.0	26.034091180684083	20.492410578829585	20.33129791218307	33.14220032830327	0.0
13.0	26.564058310787743	21.26471939662602	19.184958892448943	32.98626340013729	0.0
14.0	30.54084567768065	18.728844960358117	20.133432753940802	30.596876608020434	0.0
15.0	29.661112587506782	18.80322048060293	20.33517575905687	31.200491172833416	0.0
16.0	29.443272560877844	18.357347229848216	18.55272740050197	33.646652808771975	0.0
17.0	30.226091135099598	18.03176637191337	19.874582518128143	31.86755997485889	0.0
18.0	32.05328509819421	18.059655213511874	19.11971609729059	30.767343591003332	0.0
19.0	30.477755483235907	18.81187836729668	19.929822051146743	30.78054409832067	0.0
20.0	29.757520609173337	17.995520374603174	20.253060373010882	31.993898643212603	0.0
21.0	29.33572166492902	18.98071507179794	19.887893821070445	31.79566944220259	0.0
22.0	29.98742153097711	18.92639355967191	22.93483681941215	28.15134808993882	0.0
23.0	29.620466421090804	20.515202821679665	21.42833287880747	28.435997878422057	0.0
24.0	33.50629057988689	19.65810369489164	17.305991716602517	29.52961400861895	0.0
25.0	29.768679311402025	21.06701251784799	19.5576278909942	29.606680279755786	0.0
26.0	31.63677268805539	16.910356367796524	22.667961814762695	28.78490912938539	0.0
27.0	26.471559791887827	21.149697709965228	24.74588627715462	27.63285622099232	0.0
28.0	27.36278397116528	19.957916656048752	18.883642276381586	33.79565709640438	0.0
29.0	28.466213428144844	20.39597090127018	17.255864610278763	33.881951060306214	0.0
30.0	26.93917397444344	19.281813956231336	15.931598067944092	37.847414001381125	0.0
31.0	34.51073101298536	14.725780672248861	18.3507558227375	32.412732492028276	0.0
32.0	34.34619068308221	15.481692538992519	22.778176511112658	27.39394026681261	0.0
33.0	31.50450683614654	17.441546698424684	20.98780987741769	30.066136588011087	0.0
34.0	33.120260002818554	16.68830457075351	21.822629501203107	28.368805925224834	0.0
35.0	27.044739769753708	20.207503710220063	25.694062976368752	27.05369354365748	0.0
