# Position (bp)	A	C	G	T	N
0.0	27.947295423023576	22.799216774088276	22.70539283674635	26.548094966141793	0.0
1.0	25.964754833972425	19.062576486905442	13.87370482173452	41.098963857387616	0.0
2.0	29.058818733950186	19.247544124240818	17.739371458851345	33.95426568295765	0.0
3.0	25.055983062578886	20.82162778388502	14.160661210862749	39.96172794267334	0.0
4.0	34.316953217087345	14.067390155672072	14.299069219200911	37.316587408039666	0.0
5.0	36.26578180640984	14.758012301715764	22.353512463580447	26.622693428293946	0.0
6.0	32.83618187681393	16.405998065140277	20.92873266688165	29.829087391164137	0.0
7.0	35.30286587081474	16.6325013063226	19.65111137907472	28.413521443787932	0.0
8.0	25.08526260883521	24.60377964129519	22.43309392930225	27.87786382056735	0.0
9.0	28.93134663141873	18.949771689497716	16.975086117119282	35.14379556196427	0.0
10.0	27.781774580335732	15.867306155075939	24.044764188649083	32.306155075939245	0.0
11.0	28.25948103792415	17.22954091816367	20.5748502994012	33.93612774451098	0.0
12.0	26.890890252650035	19.79357615366223	20.929305810153824	32.38622778353391	0.0
13.0	26.642524573202277	21.16677941820208	18.89052489155955	33.30017111703609	0.0
14.0	30.75302162849873	18.058206106870227	20.682251908396946	30.506520356234095	0.0
15.0	30.57375421878102	19.00337502481636	19.432201707365497	30.990669049037123	0.0
16.0	30.04836280028542	17.56521049710616	18.599857290097518	33.7865694125109	0.0
17.0	30.272795660608942	17.868313734806193	20.25181137902364	31.60707922556123	0.0
18.0	30.945694735593086	17.711505754855043	19.03255151682949	32.31024799272239	0.0
19.0	30.516710120881722	18.353480287587896	19.791419767717468	31.33838982381291	0.0
20.0	30.159731808321833	17.700650759219087	20.68231118122658	31.4573062512325	0.0
21.0	29.13975106349456	18.185757050575074	19.934614778635577	32.73987710729479	0.0
22.0	28.68613713296072	19.263166181217034	19.337951664961032	32.71274502086121	0.0
23.0	29.07324364723468	18.14176697348753	20.517661867673667	32.26732751160412	0.0
24.0	29.378242414714666	19.19509511083163	19.2108159094482	32.2158465650055	0.0
25.0	29.965457685664937	17.679384518762756	19.677343382006597	32.677814413565706	0.0
26.0	30.30338664158043	18.258074631545938	20.127783004076512	31.31075572279712	0.0
27.0	29.617884269047064	18.910030537937512	19.2663064756088	32.20577871740662	0.0
28.0	29.968725566849102	17.982799061767004	19.831899921813918	32.21657544956998	0.0
29.0	29.84928939559581	18.60065594252694	20.049195689520538	31.50085897235671	0.0
30.0	29.782328344210402	18.71116495369104	19.52792215405057	31.97858454804799	0.0
31.0	30.839259201375324	18.01594123622724	19.211533953270298	31.933265609127137	0.0
32.0	30.487280684615687	18.662811144543003	19.424797780469696	31.425110390371614	0.0
33.0	29.523586012673082	18.270359070640694	20.077446608777283	32.12860830790894	0.0
34.0	30.04540472835447	17.758728667606075	19.64928761546892	32.54657898857054	0.0
35.0	29.51944183129508	18.24239573534023	19.751489495139545	32.48667293822515	0.0
36.0	29.66144913891177	18.64971950884626	18.822329449609665	32.8665019026323	0.0
37.0	29.85707554578294	18.929637191770066	19.279095335322758	31.934191927124232	0.0
38.0	30.760463745333073	18.11750835134604	20.255452937708785	30.866574965612102	0.0
39.0	29.293724178634665	18.378910092465077	19.937045052134568	32.39032067676569	0.0
40.0	30.089018433905785	17.705215062234124	19.938553647392467	32.26721285646762	0.0
41.0	29.471112162055647	18.4440766138567	20.702293686450698	31.38251753763695	0.0
42.0	30.03982178764342	18.799037968694556	19.650672239088436	31.510468004573593	0.0
43.0	29.31340458256103	17.707142012067674	19.939267263477543	33.040186141893756	0.0
44.0	29.78261727226102	17.39456345918649	20.83875803842664	31.984061230125853	0.0
45.0	29.012126239285855	18.975392029071376	20.413161117035983	31.599320614606786	0.0
46.0	29.838773413419744	17.497826602386784	19.89646724097052	32.766932743222945	0.0
47.0	29.52324431256182	17.93471810089021	20.846686449060336	31.695351137487638	0.0
48.0	30.44890843535798	18.83592852331709	19.358928642180754	31.356234399144185	0.0
49.0	29.24595623215985	18.260386933079605	19.33476054551221	33.15889628924833	0.0
50.0	29.090115471608268	19.154001825324393	20.19364310940042	31.56223959366692	0.0
51.0	29.704189001389715	18.300575739527496	19.40440738534842	32.59082787373437	0.0
52.0	29.22232824427481	18.594942748091604	19.262881679389313	32.91984732824427	0.0
53.0	30.445328031809144	18.15506958250497	20.09145129224652	31.308151093439363	0.0
54.0	29.67351970413966	18.96846542331093	19.656420248936254	31.701594623613154	0.0
55.0	29.805013927576603	17.56068444090728	19.05690409868683	33.57739753282929	0.0
56.0	29.846705156281107	18.267967350189128	20.382241688234124	31.50308580529564	0.0
57.0	29.677419354838708	18.2078853046595	19.303066507367582	32.81162883313421	0.0
58.0	29.58403060004781	18.136903338911466	19.18081122001753	33.09825484102319	0.0
59.0	30.625024929201068	18.008854852219695	19.96729288819752	31.398827330381717	0.0
60.0	30.229866709234578	18.493096017240003	19.37105914278873	31.90597813073669	0.0
61.0	29.838580789515746	18.123701454371105	18.914815406744445	33.12290234936871	0.0
62.0	28.723404255319153	18.65701487761958	20.588705807070866	32.0308750599904	0.0
63.0	29.17250490411946	18.53957324152288	19.500380319468352	32.78754153488931	0.0
64.0	29.36768712934765	18.568680878345887	19.18175989741946	32.881872094887	0.0
65.0	28.661909725006012	18.580133087468933	20.893129158983403	31.86482802854165	0.0
66.0	29.418371440032086	18.539911752908143	20.28880866425993	31.75290814279984	0.0
67.0	28.89477486154587	18.508708564090213	19.65647323220162	32.94004334216229	0.0
68.0	29.79645911116464	17.961379421092776	20.149343610743106	32.09281785699948	0.0
69.0	30.29037310735371	18.707578617615166	19.354190931362705	31.647857343668424	0.0
70.0	28.83085576536762	17.758135797509038	19.823222177581357	33.587786259541986	0.0
71.0	29.480117405814	18.38285553455832	20.915926179084074	31.221100880543606	0.0
72.0	29.96216999356085	18.850611719253056	19.76416613007083	31.42305215711526	0.0
73.0	29.652755398001933	18.063164679342574	19.39252336448598	32.89155655816952	0.0
74.0	29.25815305134001	18.776235066193088	20.78624475298676	31.17936712948014	0.0
75.0	30.46360292631664	18.47944707166242	19.227193727011844	31.829756275009096	0.0
76.0	29.6083508658359	18.534552516588445	19.26282569995145	32.594270917624215	0.0
77.0	28.56448083002351	18.87411850530923	20.487152468185137	32.074248196482124	0.0
78.0	30.036124528148722	19.18658927629176	18.6995169866461	32.07776920891342	0.0
79.0	29.5587518283764	18.6697545912563	18.763204940679344	33.008288639687954	0.0
80.0	30.119110532948497	18.277165738444655	20.041465100207326	31.56225862839953	0.0
81.0	30.74920686569593	18.563410070771987	19.791751403237615	30.895631660294477	0.0
82.0	30.236438367313717	18.056403369551948	18.548813738656246	33.15834452447808	0.0
83.0	30.58382867844638	18.601905382297858	19.745949026952204	31.068316912303555	0.0
84.0	29.82970748798175	18.679214535973273	18.728102338466552	32.76297563757842	0.0
85.0	29.827635385681106	18.00660119799519	19.041603846624017	33.124159569699685	0.0
86.0	29.940485895972607	17.646339474971466	20.283711071253872	32.129463557802055	0.0
87.0	29.513478243138536	18.217038456832917	20.382529260633742	31.886954039394805	0.0
88.0	29.625397861748144	18.68930057944993	19.34628254305068	32.33901901575125	0.0
89.0	29.692540116777593	19.366297823690335	19.594953248131965	31.346208811400107	0.0
90.0	29.682585072919643	19.126598308754442	19.322684750194043	31.868131868131865	0.0
91.0	29.62766174847754	18.257244451710466	19.103281971635262	33.01181182817673	0.0
92.0	30.012677381098435	17.92418108207582	20.259272890851836	31.80386864597391	0.0
93.0	30.13463191062733	18.672504808282522	19.838769079674265	31.354094201415883	0.0
94.0	30.47716567683801	18.505017407331557	19.279131681343436	31.738685234486997	0.0
95.0	30.354069338578803	18.572248176378984	20.231948200967135	30.841734284075077	0.0
96.0	29.26509186351706	19.54970472440945	19.89829396325459	31.2869094488189	0.0
97.0	29.668075329257785	18.5204939892504	18.951298568087637	32.86013211340418	0.0
98.0	29.789853882777866	18.207190937448694	20.846330651781315	31.156624527992122	0.0
99.0	28.857682516219104	18.781309025211463	20.004927322000494	32.356081136568946	0.0
100.0	29.499814440641625	17.916786936621172	19.698156777040122	32.88524184569708	0.0
101.0	30.613766255280378	18.417129131119026	19.758966288412157	31.210138325188435	0.0
102.0	30.062039388766294	17.966440438023067	19.8734229920473	32.09809718116334	0.0
103.0	29.442006269592476	17.92685475444096	19.57366771159875	33.05747126436781	0.0
104.0	30.741144871579657	18.201275809971463	20.123384253819037	30.93419506462985	0.0
105.0	31.134742794446556	18.453812718909568	19.065704519559436	31.34573996708444	0.0
106.0	29.496250476634327	18.22225988221836	19.705122230224973	32.576367410922344	0.0
107.0	30.87102676481852	17.612016509935746	20.067231181651845	31.449725543593885	0.0
108.0	29.477101845522895	17.959671907040327	20.58697881066302	31.976247436773754	0.0
109.0	29.195826714181443	18.30320724743463	19.539736378858787	32.96122965952514	0.0
110.0	29.939629150495904	18.663216903837863	20.51315222078482	30.884001724881415	0.0
111.0	29.73910028603623	19.693161133743608	19.073415966022363	31.4943226141978	0.0
112.0	30.319519414939926	18.544314818039354	18.557374194671773	32.57879157234895	0.0
113.0	30.307268674330174	18.40989553739237	20.3374273351108	30.94540845316666	0.0
114.0	30.71422304115118	18.504869702553304	18.737387031675002	32.043520224620515	0.0
115.0	29.68688069758224	18.315937816532347	19.641520236050557	32.35566124983485	0.0
116.0	30.152486187845305	18.554696132596685	19.63314917127072	31.659668508287293	0.0
117.0	30.28459796652311	18.270212671491365	19.455667539848157	31.989521822137373	0.0
118.0	30.157385527665078	17.883097775201747	19.390075348878682	32.56944134825449	0.0
119.0	30.187665158776365	18.184261208402383	19.6936444663412	31.934429166480044	0.0
120.0	29.64227934567679	18.52867158008269	19.777997483372282	32.051051590868234	0.0
121.0	30.39122783267903	17.932403772392945	19.538829475204185	32.13753891972384	0.0
122.0	28.913368693050458	18.554784895054173	20.708101001858655	31.823745410036718	0.0
123.0	29.476897840153104	19.01941128223822	19.479631823566937	32.024059054041736	0.0
124.0	28.81193101239764	17.75012580630404	19.2643762294707	34.173566951827624	0.0
125.0	29.48776899025198	18.19477653117528	20.11679234872172	32.20066212985102	0.0
126.0	29.916462823648864	18.853556099136938	19.89661697512346	31.333364102090737	0.0
127.0	29.487001251216462	18.61995458547662	19.43092821724825	32.46211594605867	0.0
128.0	28.918353105373342	17.93905559432426	21.40963014654571	31.73296115375669	0.0
129.0	30.19670139700042	18.903891977760125	19.212259963556512	31.68714666168294	0.0
130.0	29.901408450704224	18.610328638497652	18.906103286384976	32.582159624413144	0.0
131.0	29.750235626767203	18.30348727615457	20.16965127238454	31.77662582469368	0.0
132.0	30.241477272727273	18.238636363636363	18.87310606060606	32.646780303030305	0.0
133.0	29.737429371824696	18.08556098950667	19.42927686244718	32.74773277622145	0.0
134.0	30.08925588277409	17.435921913035177	20.280654861343134	32.1941673428476	0.0
135.0	28.873981792046	18.361284139913753	19.53042644944897	33.23430761859128	0.0
136.0	29.246327955694678	18.430050565856007	20.375632073200094	31.947989405249217	0.0
137.0	30.58641677132644	19.133417061153512	22.094483624770554	28.18568254274949	0.0
138.0	30.360697121219477	20.57866886742075	19.593184135152192	29.467449876207585	0.0
139.0	30.419955178797625	19.896716359738868	18.415667933352818	31.267660528110692	0.0
140.0	29.19090686873625	20.88486922512833	19.40356880958201	30.520655096553412	0.0
141.0	30.89311140570531	17.179751558894292	20.7688908528502	31.158246182550204	0.0
142.0	26.807734043602643	19.892473118279568	23.17746867909638	30.122324159021407	0.0
143.0	26.699702675916747	19.712586719524282	18.310208126858278	35.27750247770069	0.0
144.0	29.237351375553455	19.32242177006119	16.531515844982835	34.908711009402516	0.0
145.0	27.898840463814473	19.14234306277489	15.618752499000399	37.340063974410235	0.0
146.0	34.95096806638169	14.267035453859695	17.415137037968318	33.36685944179029	0.0
147.0	35.98211563865461	15.79615892693832	20.536530840361753	27.68519459404532	0.0
148.0	33.016959701260305	16.638141175250247	20.102691769099113	30.24220735439033	0.0
149.0	35.67999106744082	16.05627512282269	21.449307726663687	26.8144260830728	0.0
150.0	26.74435977887345	19.871507545196472	23.7337516808606	29.650380995069476	0.0
