# Position (bp)	A	C	G	T	N
0.0	25.94130578916146	22.307289667446	25.177094601668003	26.574309941724533	0.0
1.0	25.909899849949404	20.224726942806296	17.333286806015984	36.53208640122832	0.0
2.0	27.46339864266334	19.82157928143462	17.82114683090487	34.893875244997176	0.0
3.0	24.91389047705373	21.05255818493676	15.856005354827014	38.1775459831825	0.0
4.0	32.871193269344715	14.89164453552484	17.050389298983013	35.18677289614744	0.0
5.0	34.366028374724756	16.43950163057112	21.49287844580093	27.7015915489032	0.0
6.0	31.934921962095874	17.640050167224082	20.364409141583053	30.060618729096987	0.0
7.0	32.57388905146106	18.305394144614915	20.739099535972578	28.381617267951455	0.0
8.0	25.186191521231756	25.087957640993487	20.04389173372348	29.681959104051277	0.0
9.0	28.942748463864238	17.81499491438046	17.293893076590823	35.94836354516448	0.0
10.0	27.09889099420419	17.50863798484173	24.446890325456977	30.945580695497103	0.0
11.0	27.204970674691076	19.226536270043603	19.270419748958638	34.298073306306684	0.0
12.0	26.62459776839818	19.21308872079903	21.168874587320825	32.99343892348197	0.0
13.0	27.77804862760393	20.554251607106792	18.558862245004562	33.108837520284716	0.0
14.0	30.09248297282616	18.884493781077204	18.786300263242197	32.23672298285444	0.0
15.0	28.934010152284262	17.981659042008733	19.261487469797302	33.8228433359097	0.0
16.0	30.217144607587183	17.507327499181965	20.05332887765687	32.222199015573985	0.0
17.0	30.247111234860085	17.859529444521787	18.77418905749687	33.119170263121255	0.0
18.0	30.088668030790217	17.48305285282777	19.70323352960009	32.72504558678192	0.0
19.0	30.40131940626718	18.187764872895805	20.047877189441966	31.36303853139505	0.0
20.0	29.932512349544282	18.385862380852988	18.828358728170876	32.85326654143185	0.0
21.0	29.24782947462155	17.63760574354408	19.75317230632235	33.36139247551202	0.0
22.0	29.281848662335314	18.202813060838352	20.343911295371388	32.17142698145494	0.0
23.0	29.685196004785354	18.313023398158197	19.038477589516734	32.96330300753972	0.0
24.0	30.244994749615785	17.786632730408417	18.673287018685805	33.295085501289996	0.0
25.0	29.8200353253689	17.79132998623145	20.152844804806474	32.23578988359318	0.0
26.0	30.439861491607452	17.971324868931564	19.397432866539653	32.19138077292133	0.0
27.0	29.11246306274987	17.528941421866854	20.157830697027638	33.20076481835564	0.0
28.0	30.321423356902987	17.600066745927457	20.167699142731994	31.910810754437563	0.0
29.0	29.4446452904697	18.167218220751412	19.44158625100809	32.94655023777079	0.0
30.0	29.092160516143384	18.2005895603326	19.63416668984121	33.0730832336828	0.0
31.0	30.524288584678068	18.03063274770046	19.920324264946153	31.524754402675327	0.0
32.0	30.613011103308747	17.998901488552537	19.191968351746148	32.19611905639257	0.0
33.0	30.122366682889524	17.330876729472294	20.109851908503092	32.43690467913509	0.0
34.0	29.834795789239475	18.49230298563502	20.361279915451043	31.311621309674457	0.0
35.0	29.718247180385777	18.079602820309567	18.767296647058004	33.43485335224665	0.0
36.0	29.63372485205043	18.03837300676639	19.555073401066768	32.77282874011641	0.0
37.0	29.584066426976918	18.26811407748423	19.286215985034456	32.86160351050439	0.0
38.0	28.68598214037333	19.018972375997997	19.53431440732189	32.76073107630679	0.0
39.0	29.56809013771039	17.68187508693838	20.141883433022674	32.608151342328554	0.0
40.0	29.926621457137887	18.780733785428623	20.576595374717442	30.716049382716047	0.0
41.0	30.639058522403218	17.735473729603406	19.373461126490184	32.25200662150319	0.0
42.0	29.382959928217183	18.629449039070163	19.54621018731698	32.44138084539567	0.0
43.0	29.84564874133122	18.30373600996084	20.735516092457726	31.11509915625022	0.0
44.0	29.233615736683223	19.037185426317766	19.35088964010962	32.37830919688939	0.0
45.0	29.550924444568103	18.429070268916682	19.250566909197143	32.76943837731807	0.0
46.0	30.35587584690939	17.95239221469414	19.994017724231	31.697714214165472	0.0
47.0	30.058503126891267	18.634741535828816	19.220468442397724	32.08628689488219	0.0
48.0	29.979616115095904	17.750676564097926	19.27146743100438	32.998239889801795	0.0
49.0	29.12959084995513	18.61872725881297	20.316272080257693	31.935409810974207	0.0
50.0	29.691032928195245	19.208693655774088	18.80100461259105	32.29926880343962	0.0
51.0	29.91574304062563	18.509396286014457	19.48416094401191	32.090699729347996	0.0
52.0	30.03464974534524	18.243995435696196	19.971612256825583	31.749742562132976	0.0
53.0	31.16097832515743	18.346727898966705	18.870681557248723	31.621612218627142	0.0
54.0	29.94057394160381	17.555042168842373	19.468644751857934	33.035739137695884	0.0
55.0	29.202708439167985	18.631305715419035	19.837994697249112	32.32799114816387	0.0
56.0	29.609603340292274	18.093249826026444	19.190675017397353	33.10647181628392	0.0
57.0	28.691924393842385	17.661386855218105	19.745706093589067	33.90098265735044	0.0
58.0	29.37369069409742	17.720259181670762	20.429695927841152	32.476354196390666	0.0
59.0	29.205670895943097	18.108170182557192	19.947661834202158	32.73849708729755	0.0
60.0	30.051225657372736	17.59350770472863	19.50681384763151	32.848452790267125	0.0
61.0	29.81784518580905	17.752611906535158	19.9973550313568	32.43218787629899	0.0
62.0	29.040565748809755	18.48706740540691	19.403068184982043	33.069298660801294	0.0
63.0	28.79487125942323	17.605334781186265	20.084782926472737	33.515011032917776	0.0
64.0	29.763255532274798	18.4529817551529	20.308791078750076	31.47497163382223	0.0
65.0	29.707078019713762	17.72498190120844	20.345130032856268	32.222810046221525	0.0
66.0	29.76192133658197	17.66933518969718	19.665158371040725	32.903585102680125	0.0
67.0	29.205708318830492	17.782805429864254	20.690567351200837	32.320918900104424	0.0
68.0	30.01315725354515	17.923103162613906	19.460204529158283	32.60353505468266	0.0
69.0	28.78604346796987	18.162705540008076	19.772217813235315	33.27903317878674	0.0
70.0	29.087504090114802	17.441641893914607	21.203851321716247	32.26700269425435	0.0
71.0	29.591673338670937	17.951752706513034	19.553729940474117	32.90284401434191	0.0
72.0	29.651187077908514	17.801294994082017	19.80714335445241	32.740374573557055	0.0
73.0	29.665011802223972	18.05218045217488	20.39591413272802	31.88689361287313	0.0
74.0	30.38277012206586	17.782760373508992	19.47552764064034	32.35894186378481	0.0
75.0	29.035694887400247	18.159408381265408	19.669094606074957	33.13580212525939	0.0
76.0	29.48607242339833	17.8474930362117	20.504178272980504	32.162256267409475	0.0
77.0	29.44613520345983	17.57213195813108	19.66418508123768	33.31754775717141	0.0
78.0	29.75854696390392	17.625305559618077	19.231974594154146	33.38417288232385	0.0
79.0	30.791784771601886	17.868609275212936	19.837450465571397	31.50215548761378	0.0
80.0	30.53168224429246	18.389491719017702	19.060188603028237	32.0186374336616	0.0
81.0	29.47281174036901	17.950450293578875	19.140785523740536	33.43595244231158	0.0
82.0	29.523782989364	18.561806518120207	20.012676831349385	31.90173366116641	0.0
83.0	31.025187372878992	17.95366526427238	18.61190827784124	32.409239085007385	0.0
84.0	29.692321623861968	17.456934082850953	19.095284865456012	33.75545942783106	0.0
85.0	30.123855831255135	17.3349401618903	20.30385778174067	32.237346225113896	0.0
86.0	30.356607940256502	18.474088626024926	18.85863166767679	32.31067176604178	0.0
87.0	29.193256235195765	17.53378849101296	20.44308206771632	32.829873206074964	0.0
88.0	29.88490531860047	18.344782420889825	19.093037189794753	32.67727507071495	0.0
89.0	30.13697675714843	18.427763223900563	19.777325678613234	31.657934340337775	0.0
90.0	29.921128173685236	18.117527382179986	19.6622167721078	32.29912767202698	0.0
91.0	29.756206322331614	18.67993283306508	20.2803731806052	31.283487663998105	0.0
92.0	29.82469586544223	18.859129610791378	19.19705689720043	32.119117626565966	0.0
93.0	30.16283331359174	17.329868102925705	19.747632750607924	32.75966583287463	0.0
94.0	30.000557436905112	18.034477472581074	20.77706704572376	31.187898044790057	0.0
95.0	30.459625944198233	18.594782172422445	19.058867798310896	31.88672408506843	0.0
96.0	29.646560374623704	18.773692719366707	19.571579886274947	32.00816701973464	0.0
97.0	29.121051421244452	18.284890000766545	20.818670253168968	31.775388324820035	0.0
98.0	29.30186207281039	18.181691475720577	19.533645537157827	32.9828009143112	0.0
99.0	29.51613690057216	17.893805186387997	19.833299649455366	32.75675826358447	0.0
100.0	29.596850745435255	18.740577363336868	21.037606789882183	30.62496510134569	0.0
101.0	30.144112772964693	17.977386671141783	19.08567752581933	32.79282303007419	0.0
102.0	30.187949298707146	17.818606417849555	19.470900215241336	32.52254406820196	0.0
103.0	29.098585989595815	17.812583705750498	20.281110343563643	32.807719961090044	0.0
104.0	30.525973612985744	18.30272279501657	19.077938505678084	32.0933650863196	0.0
105.0	30.26905193921524	17.211244046268995	19.441766840553413	33.077937173962354	0.0
106.0	28.901335569945058	18.149961972862126	21.086936434262807	31.86176602293001	0.0
107.0	29.68077219196441	18.440075280161967	19.02820154552454	32.85095098234908	0.0
108.0	28.969711696516633	18.299481139492002	20.542873886879836	32.18793327711153	0.0
109.0	28.57797672336616	18.263921217547	20.528558639212175	32.629543419874665	0.0
110.0	29.659770213926386	17.996799357000867	19.822457605832923	32.52097282323982	0.0
111.0	28.942958450506694	17.58211724767871	19.879314436956538	33.59560986485806	0.0
112.0	29.82616717355896	17.935338801043574	20.186805425429178	32.05168859996829	0.0
113.0	30.216466475503967	17.962311575936614	19.192349639944815	32.628872308614596	0.0
114.0	29.74608851787227	17.825208696848367	19.422382148726822	33.00632063655254	0.0
115.0	29.976847651742233	17.467321803125206	21.29290260772374	31.262927937408826	0.0
116.0	30.16270337922403	18.189888523445006	18.91535931542335	32.73204878190762	0.0
117.0	29.882927896713955	17.61114555600131	20.035741639009448	32.470184908275286	0.0
118.0	29.89695245478414	17.863280992883944	20.19483226433999	32.04493428799193	0.0
119.0	30.11359047220448	18.18548949636907	19.037234472175108	32.66368555925134	0.0
120.0	29.6477068826748	17.28532715042052	19.96573799906961	33.101227967835065	0.0
121.0	29.834796114773226	17.44487630145436	20.25029540505793	32.47003217871448	0.0
122.0	29.508809716114754	17.605970863621405	19.355948428011608	33.529270992252236	0.0
123.0	28.32714201922065	17.871591643981894	20.017746762719764	33.783519574077694	0.0
124.0	29.499107440016942	17.90793016852743	19.907869655986204	32.68509273546943	0.0
125.0	28.61514570201882	18.184586340245428	20.140221065132	33.06004689260376	0.0
126.0	30.15233249555569	17.65922883589775	18.807086372831485	33.381352295715075	0.0
127.0	29.95040149335473	17.593971043111363	20.255166189708504	32.20046127382541	0.0
128.0	29.550465838509314	17.93167701863354	18.86801242236025	33.649844720496894	0.0
129.0	30.210262300461782	16.91709055108882	20.301915098098966	32.570732050350436	0.0
130.0	29.97908015603372	18.12319114131119	20.070466842833774	31.827261859821316	0.0
131.0	30.589929423679465	17.854543152830963	18.97806753805741	32.57745988543216	0.0
132.0	29.98876914621616	17.7168709726238	20.022780313348786	32.27157956781126	0.0
133.0	30.3689027569445	17.711182590420883	20.36946425276938	31.550450399865245	0.0
134.0	29.461257711314232	18.090500952811603	20.23028971932431	32.21795161654985	0.0
135.0	29.251109196990132	17.609010092473714	20.2523931026637	32.88748760787246	0.0
136.0	30.02821508893887	18.44939685135964	22.637497444285422	28.88489061541607	0.0
137.0	30.922553598049635	19.723588083648373	20.059631176233186	29.294227142068806	0.0
138.0	31.176387703172008	18.597750499382506	19.304760089184327	30.921101708261155	0.0
139.0	28.078020456176063	21.720087430964576	20.46451871256236	29.737373400296995	0.0
140.0	31.60816874239946	17.17448735690024	20.46295131463077	30.754392586069528	0.0
141.0	26.156549062006402	19.92803507023338	24.8380366750851	29.077379192675117	0.0
142.0	27.495938969731505	18.690944965598185	18.787048927973057	35.02606713669725	0.0
143.0	27.974405975365325	19.875627430490123	18.08284652150823	34.06712007263632	0.0
144.0	27.051606167545323	18.630335556571783	17.462056826319923	36.856001449562974	0.0
145.0	33.440819093642986	14.665287604081561	19.190119422184367	32.703773880091084	0.0
146.0	33.8672889789089	16.104971159350097	21.99374752322663	28.033992338514373	0.0
147.0	31.980717322813323	17.488016032787773	20.588952181488267	29.942314462910634	0.0
148.0	31.975156245443852	18.223613230562872	21.726621502094613	28.07460902189866	0.0
149.0	22.63994471319972	24.840108060564177	23.916567192310108	28.60338003392599	0.0
