# Position (bp)	A	C	G	T	N
0.0	56.78997892765161	8.920627487707797	16.07351908218216	18.21587450245844	0.0
1.0	14.80571161048689	55.54775280898876	15.180243445692884	14.466292134831459	0.0
2.0	17.93111473120782	51.12869443797998	10.996043751454502	19.94414707935769	0.0
3.0	54.600301659125186	11.938739993038636	14.96693351896972	18.494024828866458	0.0
4.0	56.59327925840093	13.302433371958285	11.761297798377752	18.342989571263036	0.0
5.0	16.419810229113633	50.18514232816478	11.802823420504513	21.59222402221708	0.0
6.0	18.875780707841777	51.943095072866065	11.357853342586168	17.82327087670599	0.0
7.0	57.81629116117851	11.542461005199307	13.471981513575967	17.169266320046216	0.0
8.0	55.85960050802448	13.924489089019742	13.451102644036487	16.764807758919293	0.0
9.0	16.983962155301718	50.155763239875384	12.29952694127149	20.5607476635514	0.0
10.0	19.069017167876485	9.862887429427353	12.109690056458117	58.95840534623804	0.0
11.0	15.980685214991952	13.704299839043458	10.887560358703151	59.427454587261444	0.0
12.0	18.66039683449937	11.801812134419084	12.111480674389265	57.42631035669228	0.0
13.0	17.201965938964452	48.62269973711281	12.38998742713453	21.785346896788205	0.0
14.0	17.15652768284347	11.973114604693553	52.07336523125997	18.796992481203006	0.0
15.0	53.59366157328805	12.484436898698359	14.827391058290889	19.094510469722696	0.0
16.0	16.369383608037932	13.016482275908784	14.416346805147889	56.1977873109054	0.0
17.0	19.395097818754216	48.33595682482573	12.109287159883067	20.15965819653699	0.0
18.0	16.54143770326343	11.92104968038578	13.782662330380171	57.75485028597062	0.0
19.0	18.2988248461108	51.38220481253497	12.434247341913823	17.884722999440402	0.0
20.0	18.899307881223486	13.150256753739676	10.660861799508819	57.289573565528016	0.0
21.0	17.377268173216077	14.160080151397084	12.991205610597795	55.47144606478904	0.0
22.0	17.362808264830036	11.141968451455233	49.555654299044654	21.939568984670075	0.0
23.0	17.57071547420965	13.987798114254021	12.778702163061565	55.662784248474765	0.0
24.0	55.85206510906876	10.541468275938435	13.021813752629829	20.584652862362972	0.0
25.0	20.475400773908238	11.885019347705915	47.06467661691542	20.574903261470425	0.0
26.0	56.68396070206424	10.762777348493211	11.31471464841594	21.238547301026603	0.0
27.0	15.488141202426917	15.179260893546608	11.96911196911197	57.36348593491451	0.0
28.0	17.204537944707567	47.94580900980284	10.80515475272607	24.04449829276352	0.0
29.0	19.597271126760564	8.714788732394366	12.224911971830986	59.46302816901409	0.0
30.0	19.03914590747331	13.434163701067616	47.07517793594306	20.451512455516013	0.0
31.0	19.819418125069667	12.094526808605506	11.00211793557017	57.083937130754656	0.0
32.0	19.75114897433023	10.783544445689945	11.187086649478758	58.278219930501066	0.0
33.0	18.952112676056338	49.183098591549296	12.754929577464788	19.10985915492958	0.0
34.0	20.627397878582713	12.457684495599187	12.457684495599187	54.45723313021891	0.0
35.0	18.20544694315742	47.72290654311222	11.210306249293705	22.86134026443666	0.0
36.0	18.092328581126953	12.18601493550577	11.937089839330167	57.78456664403711	0.0
37.0	54.624801632282924	14.044434368623895	11.50532759011562	19.825436408977556	0.0
38.0	55.852994555353895	13.248638838475499	10.265426497277677	20.63294010889292	0.0
39.0	55.71558176457246	12.837378090269901	10.625992288500793	20.82104785665684	0.0
40.0	17.184477068396493	48.94730852395585	13.110276544895868	20.757937862751792	0.0
41.0	17.70480308519341	10.13205562697207	52.2963655486736	19.86677573916092	0.0
42.0	57.555477280732646	11.682517318304567	11.57684630738523	19.18515909357755	0.0
43.0	57.5854321863545	12.640416223247014	11.02045642662883	18.753695163769656	0.0
44.0	18.93786384697636	50.599976238564814	9.967922062492574	20.49423785196626	0.0
45.0	29.48105698822031	13.43521171601401	13.785418656478829	43.29831263928685	0.0
46.0	28.19139439385824	17.264774147473666	19.085877521871094	35.457953936797	0.0
47.0	32.21579961464355	16.51252408477842	19.07514450867052	32.19653179190751	0.0
48.0	26.84719535783365	21.08317214700193	18.742746615087043	33.32688588007737	0.0
49.0	26.4945652173913	20.011645962732917	19.83695652173913	33.65683229813665	0.0
50.0	26.62768031189084	23.898635477582847	17.076023391812868	32.397660818713454	0.0
51.0	29.190354832385808	18.29053126837875	17.85924328563027	34.65987061360518	0.0
52.0	28.50088880110606	17.539008492988348	19.00059253407071	34.95951017183488	0.0
53.0	30.938678309188333	18.6346497320897	21.651121254217106	28.77555070450486	0.0
54.0	29.9517878666131	22.45881880273202	17.858577742065087	29.730815588589792	0.0
55.0	31.971008657137105	18.320918059190657	18.72357559895309	30.98449768471915	0.0
56.0	27.62520193861066	19.466882067851373	20.678513731825525	32.229402261712444	0.0
57.0	30.70228698643999	16.858935438170413	20.157862780813602	32.280914794576	0.0
58.0	29.123449257677446	19.86983933292658	20.317266625991458	30.68944478340451	0.0
59.0	28.577260665441926	21.98407838334354	19.697897530108186	29.740763421106347	0.0
60.0	29.637220741955318	18.73334699733552	18.6923549907768	32.93707726993237	0.0
61.0	30.234954657873043	18.61088211046991	21.49629018961253	29.657873042044518	0.0
62.0	28.83856222730106	20.756285061292335	21.46270517348847	28.942447537918138	0.0
63.0	33.30556134138721	17.10060404082483	19.662570297854614	29.931264319933348	0.0
64.0	29.910248382383635	18.993946983928197	21.728240450845334	29.36756418284283	0.0
65.0	28.836917936938818	18.83482981833368	21.65378993526832	30.674462309459177	0.0
66.0	27.72670288340995	16.506477225240285	22.168825741746762	33.59799414960301	0.0
67.0	28.925272879932827	16.603694374475232	21.91435768261965	32.55667506297229	0.0
68.0	25.28929097412161	19.755943614559225	19.314117399537135	35.640648011782034	0.0
69.0	27.00591216216216	18.62331081081081	22.381756756756758	31.98902027027027	0.0
70.0	28.959084163663345	20.69111723553106	19.970320118719524	30.37947848208607	0.0
71.0	29.083580823080187	20.810352142554095	18.328383538396267	31.777683495969455	0.0
72.0	27.862920391656026	17.773520647083867	19.753086419753085	34.61047254150703	0.0
73.0	27.66275346851654	18.762006403415153	20.34151547491996	33.23372465314834	0.0
74.0	29.152397260273972	16.8236301369863	23.0736301369863	30.950342465753423	0.0
75.0	29.82832618025751	19.248927038626608	21.86695278969957	29.055793991416305	0.0
76.0	28.10752688172043	22.0	18.96774193548387	30.9247311827957	0.0
77.0	30.08410610308389	19.84041406081518	18.136726331679963	31.938753504420962	0.0
78.0	30.889033095392605	19.576032879082845	18.148388492321004	31.386545533203545	0.0
79.0	28.49392361111111	21.05034722222222	18.01215277777778	32.44357638888889	0.0
80.0	31.541140618197648	17.80583369612538	20.374401393121463	30.278624292555506	0.0
81.0	27.225244831338415	18.95538628944505	18.454842219804135	35.364526659412405	0.0
82.0	32.18566136413162	17.91239921551536	20.614512965787753	29.287426454565264	0.0
83.0	30.67685589519651	19.104803493449783	20.96069868995633	29.257641921397383	0.0
84.0	29.00262467191601	19.094488188976378	19.57567804024497	32.32720909886264	0.0
85.0	32.90861159929701	17.75043936731107	19.112478031634446	30.228471001757466	0.0
86.0	28.72903795233892	19.329214474845543	21.954986760812005	29.98676081200353	0.0
87.0	31.314917127071823	18.364640883977902	21.723756906077348	28.59668508287293	0.0
88.0	35.86497890295359	17.410615145458582	17.144126138130137	29.580279813457693	0.0
89.0	29.74233673922701	18.414038205242115	17.236783651710354	34.606841403820525	0.0
90.0	29.984406326576075	16.97482735575852	19.00200490086879	34.03876141679662	0.0
91.0	29.31188561215371	22.073279714030384	16.979445933869528	31.63538873994638	0.0
92.0	30.89649005141963	18.063939190699756	18.10865191146881	32.93091884641181	0.0
93.0	33.17620650953984	18.787878787878785	17.912457912457914	30.12345679012346	0.0
94.0	30.29484582489309	16.182759396803963	19.243754220121538	34.27864055818141	0.0
95.0	29.749830966869506	17.24137931034483	19.99098489970701	33.017804823078656	0.0
96.0	28.15599639314698	17.177637511271413	20.536519386834986	34.12984670874662	0.0
97.0	30.607634967246444	18.00316241246894	18.725999548226792	32.663203072057826	0.0
98.0	29.57427536231884	21.557971014492754	18.478260869565215	30.389492753623188	0.0
99.0	30.687230664549787	18.734406894987526	19.43751417555001	31.14084826491268	0.0
100.0	31.083238312428733	14.640820980615734	20.706955530216646	33.56898517673888	0.0
101.0	31.751490142136635	18.15680880330124	18.867491976157726	31.224209078404403	0.0
102.0	31.60073597056118	14.788408463661455	21.527138914443423	32.08371665133395	0.0
103.0	29.15606936416185	17.826589595375722	21.01734104046243	32.0	0.0
104.0	29.016507788886305	18.71657754010695	21.483375959079286	30.78353871192746	0.0
105.0	28.960857409133272	20.060577819198507	18.336439888164026	32.642124883504195	0.0
106.0	30.12415085500117	18.66947762942141	19.606465214335913	31.59990630124151	0.0
107.0	30.73308270676692	19.149436090225564	17.457706766917294	32.65977443609023	0.0
108.0	34.002835538752365	17.55671077504726	16.847826086956523	31.592627599243855	0.0
109.0	29.570784918188288	19.587384396490396	19.919373962532603	30.92245672278871	0.0
110.0	27.439314612089483	19.20514040932889	18.63398381722989	34.72156116135174	0.0
111.0	28.793309438470725	18.2078853046595	20.812425328554358	32.18637992831541	0.0
112.0	25.41966426858513	18.657074340527576	22.014388489208635	33.908872901678656	0.0
113.0	29.865125240847785	20.014450867052023	17.148362235067438	32.972061657032754	0.0
114.0	31.018630534720543	16.743285748850713	20.856520687152187	31.381563029276556	0.0
115.0	27.467706556178406	20.180355837192298	19.717280038995856	32.63465756763344	0.0
116.0	27.979401667484062	20.671897989210397	18.415890142226583	32.93281020107896	0.0
117.0	30.99285538309929	18.8470066518847	19.216555801921658	30.94358216309436	0.0
118.0	28.444224585703687	15.829829334652487	21.49394014345783	34.232005936186	0.0
119.0	25.136747886623574	21.45698657384386	25.808055693684732	27.598209845847837	0.0
120.0	28.08680468944874	20.828136692442005	21.177350960339236	29.907707657770015	0.0
121.0	29.909819639278556	18.7625250501002	19.238476953907817	32.089178356713425	0.0
122.0	29.47845804988662	18.493323255228017	21.340388007054674	30.687830687830687	0.0
123.0	33.36698637051994	17.137809187279153	19.409389197375063	30.08581524482585	0.0
124.0	30.197768762677484	19.295131845841784	21.475659229208922	29.031440162271803	0.0
125.0	29.31165862331725	19.35483870967742	20.116840233680467	31.216662433324867	0.0
126.0	31.345565749235476	18.093781855249745	18.85830784913354	31.702344546381244	0.0
127.0	28.355532786885245	19.723360655737704	22.15676229508197	29.764344262295083	0.0
128.0	31.030927835051546	18.144329896907216	20.0	30.824742268041238	0.0
129.0	31.41821946169772	19.33229813664596	16.330227743271223	32.91925465838509	0.0
130.0	31.2272490899636	19.760790431617263	16.22464898595944	32.7873114924597	0.0
131.0	31.773012552301257	18.017782426778243	18.75	31.4592050209205	0.0
132.0	28.327645051194537	20.00525072197427	21.606720924127067	30.060383302704125	0.0
133.0	29.815303430079155	20.923482849604223	19.947229551451187	29.31398416886544	0.0
134.0	26.233421750663126	20.610079575596817	19.628647214854112	33.52785145888594	0.0
135.0	28.71576708322255	16.883807498005847	20.074448285030577	34.32597713374103	0.0
136.0	26.02190756078012	19.52978893935346	21.052631578947366	33.39567192091905	0.0
137.0	27.57234726688103	17.256162915326904	19.426580921757772	35.7449088960343	0.0
138.0	29.357798165137616	19.400971397733404	18.996222342147867	32.24500809498111	0.0
139.0	29.051490514905147	17.940379403794037	18.346883468834687	34.66124661246612	0.0
140.0	27.02776265650517	18.94393032117583	20.14153511159499	33.88677191072401	0.0
141.0	29.934390377255333	18.425369054127938	19.682886823400768	31.957353745215965	0.0
142.0	30.146045742628825	14.93524386883439	19.233948746211077	35.68476164232571	0.0
143.0	33.09272626318712	18.767351471404776	18.378678511937814	29.761243753470296	0.0
144.0	30.855226383454443	16.93683622135271	17.91503633314701	34.292901062045836	0.0
145.0	26.994382022471907	19.43820224719101	18.96067415730337	34.60674157303371	0.0
146.0	28.720700367127932	19.994351878000565	18.92120869810788	32.36373905676363	0.0
147.0	30.014184397163117	18.49645390070922	17.81560283687943	33.673758865248224	0.0
148.0	25.30670470756063	21.340941512125536	20.7132667617689	32.639087018544934	0.0
149.0	28.842286699224363	18.96006894570526	18.672795173800633	33.52484918126975	0.0
150.0	28.604449581045944	17.91389771742271	18.17393816815949	35.30771453337186	0.0
151.0	29.60812772133527	18.98403483309144	20.58055152394775	30.827285921625545	0.0
152.0	29.310344827586203	19.111630625365283	18.322618351841026	33.255406195207485	0.0
153.0	30.428403755868544	19.65962441314554	18.427230046948356	31.484741784037556	0.0
154.0	32.505910165484636	15.425531914893616	20.47872340425532	31.589834515366434	0.0
155.0	30.83556348498365	19.83348201011002	17.246506095747844	32.08444840915849	0.0
156.0	30.918886560909908	15.534271176294522	19.69470218497456	33.85214007782101	0.0
157.0	30.018083182640144	17.058468957203136	20.91621458710066	32.00723327305606	0.0
158.0	29.33859223300971	22.572815533980584	16.201456310679614	31.887135922330096	0.0
159.0	34.78791577662496	15.166310649984743	19.621605126640222	30.424168446750077	0.0
160.0	26.34656817482302	20.744844567559248	22.776238842720836	30.132348414896892	0.0
161.0	28.08814400993172	19.925512104283055	20.235878336436997	31.750465549348235	0.0
162.0	28.709476309226932	18.640897755610972	19.731920199501246	32.917705735660846	0.0
163.0	30.926216640502357	17.29984301412873	16.42072213500785	35.353218210361064	0.0
164.0	29.15746292205743	16.503628905017358	23.824550331334805	30.514357841590407	0.0
165.0	30.063492063492063	16.317460317460316	22.6984126984127	30.92063492063492	0.0
166.0	28.69009584664537	20.063897763578275	20.287539936102235	30.95846645367412	0.0
167.0	26.806451612903224	19.193548387096772	21.483870967741936	32.516129032258064	0.0
168.0	28.659526127880557	17.2022070756248	18.9873417721519	35.15092502434275	0.0
169.0	29.46370176586004	17.49509483322433	19.914977109221713	33.12622629169392	0.0
170.0	30.217248189598422	18.005266622778144	18.169848584595126	33.607636603028304	0.0
171.0	30.318091451292243	18.986083499005964	16.898608349900595	33.79721669980119	0.0
172.0	31.345769487008663	19.38707528314457	17.421718854097268	31.845436375749504	0.0
173.0	27.16297786720322	19.21529175050302	19.248826291079812	34.372904091213954	0.0
174.0	29.72972972972973	20.2027027027027	17.195945945945944	32.87162162162162	0.0
175.0	27.353342428376536	19.679399727148706	21.418826739427015	31.548431105047747	0.0
176.0	29.176713744402345	20.840509817430245	17.74026868756459	32.242507750602826	0.0
177.0	29.1970802919708	22.175877650330207	18.248175182481752	30.37886687521724	0.0
178.0	26.584938704028023	21.015761821366024	20.385288966725042	32.01401050788091	0.0
179.0	25.336164189667375	18.895966029723994	24.69922151450814	31.068648266100496	0.0
180.0	31.033249910618522	15.302109402931713	20.843761172685017	32.82087951376475	0.0
181.0	28.602461984069517	20.74583635047067	18.75452570601014	31.897175959449676	0.0
182.0	32.68809349890431	17.384952520087655	21.365960555149744	28.56099342585829	0.0
183.0	27.980804724990772	22.369878183831673	20.81949058693245	28.82982650424511	0.0
184.0	29.701492537313435	18.544776119402986	20.37313432835821	31.38059701492537	0.0
185.0	26.892655367231637	22.109227871939733	22.937853107344633	28.06026365348399	0.0
186.0	30.59360730593607	18.15068493150685	22.031963470319635	29.22374429223744	0.0
187.0	32.09355828220859	20.322085889570552	18.328220858895705	29.256134969325153	0.0
188.0	29.44808954071787	20.030876109610187	19.992280972597452	30.52875337707449	0.0
189.0	28.921759439470613	19.696379914363565	19.346049046321525	32.0358115998443	0.0
190.0	31.156569630212434	17.073170731707318	20.377655389457118	31.39260424862313	0.0
191.0	27.3015873015873	20.793650793650794	19.72222222222222	32.182539682539684	0.0
192.0	32.30460921843687	19.639278557114228	18.79759519038076	29.258517034068138	0.0
193.0	30.312880942706215	17.594473791141812	21.90166598943519	30.190979276716785	0.0
194.0	28.068739770867428	20.5810147299509	23.404255319148938	27.94599018003273	0.0
195.0	28.000000000000004	20.329896907216494	19.628865979381445	32.04123711340206	0.0
196.0	30.55322715842414	19.279128248114	19.823973176865046	30.343671416596813	0.0
197.0	29.253731343283583	19.061833688699362	22.686567164179106	28.997867803837952	0.0
198.0	28.017429193899783	23.616557734204793	19.782135076252725	28.583877995642702	0.0
199.0	29.008679762448608	23.84650525354043	18.090452261306535	29.05436272270443	0.0
200.0	27.83882783882784	15.646258503401361	22.08267922553637	34.43223443223443	0.0
201.0	30.531609195402297	17.45689655172414	17.385057471264368	34.62643678160919	0.0
202.0	37.093275488069416	17.064352856109906	18.58279103398409	27.259580621836587	0.0
203.0	32.67543859649123	17.982456140350877	20.687134502923975	28.654970760233915	0.0
204.0	32.4264705882353	17.647058823529413	25.147058823529413	24.779411764705884	0.0
205.0	33.33333333333333	17.297698589458054	24.4988864142539	24.870081662954714	0.0
206.0	28.389513108614235	20.299625468164795	23.520599250936332	27.790262172284645	0.0
207.0	29.229607250755286	22.58308157099698	16.389728096676738	31.797583081570995	0.0
208.0	31.78353658536585	16.3109756097561	19.4359756097561	32.46951219512195	0.0
209.0	25.23076923076923	21.69230769230769	20.0	33.07692307692307	0.0
210.0	25.951825951825953	18.95881895881896	18.64801864801865	36.44133644133644	0.0
211.0	29.72549019607843	19.84313725490196	18.352941176470587	32.07843137254902	0.0
212.0	27.559055118110237	17.00787401574803	22.125984251968504	33.30708661417322	0.0
213.0	26.45418326693227	21.195219123505975	18.247011952191237	34.103585657370516	0.0
214.0	28.31858407079646	26.468222043443284	18.744971842316975	26.468222043443284	0.0
215.0	29.93527508090615	24.029126213592235	16.019417475728158	30.016181229773466	0.0
216.0	32.104832104832106	17.362817362817363	17.1990171990172	33.33333333333333	0.0
217.0	25.79034941763727	17.970049916805326	25.873544093178037	30.366056572379367	0.0
218.0	25.51546391752577	19.587628865979383	18.986254295532646	35.9106529209622	0.0
219.0	19.363891487371376	22.07670720299345	25.16370439663237	33.3956969130028	0.0
220.0	0.28735632183908044	29.022988505747126	24.71264367816092	45.97701149425287	0.0
