# Position (bp)	A	C	G	T	N
0.0	28.586542730561774	23.967277845476616	18.469030143301122	28.97714928066049	0.0
1.0	27.56208613181436	20.826838968080786	14.337196890261758	37.273878009843095	0.0
2.0	28.32043051359517	19.45100075528701	18.492730362537767	33.73583836858006	0.0
3.0	24.466067063675574	22.542681603261638	15.500335035249483	37.49091629781331	0.0
4.0	33.29984055550838	14.002811506420235	15.603388903040766	37.093959035030615	0.0
5.0	35.09624228245848	16.17181641094818	22.10105793403359	26.63088337255975	0.0
6.0	32.20486070170308	17.667089568781336	20.33514599555717	29.792903733958408	0.0
7.0	33.62510906218313	17.57917324969934	20.307496403895584	28.488221284221943	0.0
8.0	24.68049385510691	24.854041104288694	21.283117814059214	29.182347226545186	0.0
9.0	29.5630317092034	18.093675136287327	15.750853564220096	36.592439590289175	0.0
10.0	27.76116869276546	17.191346090368093	23.730819650486172	31.316665566380276	0.0
11.0	28.814606291229904	18.691205386824347	18.724212888958046	33.7699754329877	0.0
12.0	27.28610092132437	19.399205982478808	20.874079382891846	32.44061371330498	0.0
13.0	26.99039105302366	21.014267258856922	18.418248512452028	33.57709317566739	0.0
14.0	31.40445995002593	17.89778888312668	19.47762953184668	31.22012163500071	0.0
15.0	30.714006250559766	18.022918719153772	19.691620196001715	31.571454834284747	0.0
16.0	30.40267317680105	17.149428320969733	18.72449123865361	33.72340726357561	0.0
17.0	29.969369963715188	17.984072381131895	19.205503981904716	32.8410536732482	0.0
18.0	31.308776690978306	17.70415182525772	19.250956446354195	31.736115037409775	0.0
19.0	29.82998308781616	18.764044414503964	19.19603529417307	32.209937203506804	0.0
20.0	30.751767437698113	17.884444193242995	19.15191250653516	32.211875862523726	0.0
21.0	30.36546884566477	17.699335939339708	18.971412424056894	32.96378279093864	0.0
22.0	29.864600748816727	18.101113806014084	19.332658299385404	32.70162714578378	0.0
23.0	29.974757702197397	17.721882623315217	19.373934501888463	32.92942517259892	0.0
24.0	30.746047965944463	18.019485870624745	19.19438309654877	32.040083066882026	0.0
25.0	29.37711309720012	18.56323516947157	19.359031106674326	32.700620626653986	0.0
26.0	30.790889957199564	17.864121555129696	19.968829603401435	31.376158884269305	0.0
27.0	29.73331826656873	18.603687590636007	19.472851573535227	32.19014256926003	0.0
28.0	30.383483603662988	17.954283292921208	18.57294192424492	33.089291179170885	0.0
29.0	30.233149400177027	18.191491365185787	19.37324620049342	32.20211303414377	0.0
30.0	30.388436367060596	18.275342530250953	19.132727529544706	32.203493573143746	0.0
31.0	29.877064038759432	18.129640703056214	19.238936469746264	32.75435878843809	0.0
32.0	29.965110858950876	18.020876983996196	19.641974320462175	32.37203783659075	0.0
33.0	30.503733978735625	18.344053415201483	19.12051381054178	32.03169879552111	0.0
34.0	30.349575273576555	17.91949974572919	19.055242687359915	32.67568229333434	0.0
35.0	30.595985327563557	17.79527336594921	19.622264810167113	31.986476496320122	0.0
36.0	30.082640736467877	17.975655122077555	19.159936901090106	32.781767240364466	0.0
37.0	29.716798990384163	18.781491632055303	18.8332909520715	32.66841842548903	0.0
38.0	29.909490756001773	18.905224295280522	19.415221752356913	31.77006319636079	0.0
39.0	29.313535735981805	18.575552510254344	19.6732737144983	32.43763803926555	0.0
40.0	30.197129240680393	18.420234709062484	19.555164164484715	31.82747188577241	0.0
41.0	29.883774594294216	18.52542548482194	19.54734254471476	32.04345737616908	0.0
42.0	30.194685931186484	18.422638950372512	20.057737046839534	31.324938071601473	0.0
43.0	30.24314892695171	18.457278220204483	19.26541991814975	32.03415293469405	0.0
44.0	30.355948646943027	18.167603869375608	20.19554098731244	31.280906496368928	0.0
45.0	30.480568166833073	18.45458998172673	19.724299681630654	31.34054216980954	0.0
46.0	30.21367581747366	18.520140723681422	19.138514865940444	32.12766859290447	0.0
47.0	29.688449311197456	18.640292005180736	19.686329918756623	31.984928764865185	0.0
48.0	30.320742275810098	18.103334589299173	19.18943104747551	32.38649208741522	0.0
49.0	29.836658565534393	18.320804838071552	19.38384295107293	32.45869364532113	0.0
50.0	29.585564708708368	18.347439864728017	20.139605205522034	31.927390221041573	0.0
51.0	30.617349077532484	17.767331885771345	19.296221109598655	32.31909792709751	0.0
52.0	29.892891459577598	17.962582662923676	19.451457316728526	32.6930685607702	0.0
53.0	30.66785362705893	17.799695723645474	19.29846872689078	32.23398192240482	0.0
54.0	30.466976288494692	18.19012538741981	19.630526325705837	31.71237199837967	0.0
55.0	29.985869053226565	17.911917098445596	19.067828544512484	33.034385303815355	0.0
56.0	29.9949599385772	17.965228286520425	19.59971549559819	32.440096279304186	0.0
57.0	29.35080595777554	17.814446004126353	19.943097779494476	32.89165025860363	0.0
58.0	29.472613193149062	17.986075782412904	19.47364950162983	33.06766152280821	0.0
59.0	29.611851712280373	18.253803759008903	20.06641857835979	32.06792595035093	0.0
60.0	29.665831323485076	18.347245251733494	19.156523213747363	32.83040021103407	0.0
61.0	29.44277214849988	18.062209409137804	19.387798363505322	33.107220078857	0.0
62.0	29.95576659459307	17.670750837325645	19.428310321599	32.945172246482294	0.0
63.0	29.51601202197119	17.72816777998662	19.513562404017375	33.242257794024816	0.0
64.0	29.53862388000641	18.320786892659626	19.738267743242353	32.402321484091615	0.0
65.0	29.787163880985133	17.9662326405246	19.804405585181556	32.44219789330871	0.0
66.0	30.15932088413198	18.10802916957169	19.942433435715767	31.790216510580567	0.0
67.0	29.60466189924343	17.572571299358376	19.89692567153773	32.92584112986046	0.0
68.0	29.76101304464576	18.03402254665027	19.63386425842437	32.5711001502796	0.0
69.0	29.40683196163323	17.57503521508289	20.20427103600654	32.81386178727735	0.0
70.0	29.205611879546222	17.405683488486037	19.89503636980364	33.4936682621641	0.0
71.0	30.47738847351585	17.63694354538559	19.7588794821421	32.126788498956465	0.0
72.0	29.90299312612778	18.55615703900534	19.442363594389715	32.098486240477165	0.0
73.0	29.59448572195864	18.408567295958992	18.7378974694816	33.25904951260076	0.0
74.0	30.34243606415258	17.843142797911838	19.584534780724073	32.22988635721151	0.0
75.0	30.046315710119252	18.19364018865524	19.510080616663288	32.249963484562215	0.0
76.0	30.53037299508076	17.654597885293175	18.52253237084645	33.29249674877961	0.0
77.0	30.272414979289675	17.430129162680892	19.94552642863538	32.35192942939405	0.0
78.0	30.39279907632131	18.073470157166756	18.895355686986026	32.63837507952591	0.0
79.0	30.006174497909626	18.10023425385199	19.144242869868922	32.74934837836946	0.0
80.0	30.09036868727343	18.273613946099342	19.7283753906784	31.907641975948824	0.0
81.0	31.065992719865715	17.732596518360648	18.707681861903776	32.493728899869865	0.0
82.0	30.30547381922439	18.183661536140033	19.312094462049192	32.19877018258639	0.0
83.0	30.430886909281256	18.32342219560389	18.47149978071313	32.774191114401724	0.0
84.0	28.948510200809274	17.91956310542251	19.867290442459513	33.2646362513087	0.0
85.0	28.775438017308463	17.84280897021718	19.098262079373686	34.283490933100666	0.0
86.0	30.96627220888497	16.93134170671773	22.61992915796077	29.482456926436534	0.0
87.0	30.347237944306087	20.230548637838652	20.090936533091842	29.33127688476341	0.0
88.0	32.340913271731594	18.184305235204498	18.52863348851689	30.94614800454702	0.0
89.0	28.537398761314915	23.105769366836636	18.56612531191185	29.790706559936602	0.0
90.0	33.66763056225146	14.943369168864129	19.604975776816502	31.784024492067907	0.0
91.0	27.414591804964573	20.719212008566764	26.34044399996226	25.525752186506402	0.0
92.0	26.661508850058496	19.440408348114882	17.79965656489414	36.09842623693248	0.0
93.0	28.047572320872565	19.292642424471158	18.47036401034099	34.18942124431529	0.0
94.0	24.48419195183747	21.54008747387343	17.148936772525467	36.82678380176363	0.0
95.0	33.28189737346282	14.405371990524458	16.339647215379824	35.9730834206329	0.0
96.0	34.85246845690172	15.624513223791968	22.90408915616017	26.61892916314614	0.0
97.0	30.726111882431834	16.994399267087903	20.877605568620783	31.401883281859483	0.0
98.0	34.373376163257596	13.443714866077755	22.19141197033398	29.991497000330675	0.0
99.0	27.420756766970573	17.531768151542348	25.41924512258491	29.628229958902168	0.0
