# Position (bp)	A	C	G	T	N
0.0	30.88708951243671	20.833823967417278	22.292169875825874	25.98691664432014	0.0
1.0	25.95960605463899	20.093271600845835	17.481943841115697	36.46517850339948	0.0
2.0	28.594454520358457	15.911368896197637	21.801177645125318	33.69299893831859	0.0
3.0	24.41662362948848	22.942179798447494	15.761500820179785	36.87969575188424	0.0
4.0	33.753829928897126	12.499641369266978	14.008660561205158	39.73786814063073	0.0
5.0	35.78479284555419	16.028748367694195	24.08976692651656	24.096691860235055	0.0
6.0	33.98614639473871	16.562200748672414	20.11799900282533	29.333653853763543	0.0
7.0	35.277428239037015	15.240251826175044	21.029602633807386	28.452717300980556	0.0
8.0	20.344737529381042	27.807719398213	21.163845295472353	30.68369777693361	0.0
9.0	29.929287653236464	16.104568801095308	13.748347934819598	40.217795610848626	0.0
10.0	29.739250694460935	15.402391636395294	25.031260634551312	29.827097034592466	0.0
11.0	32.229516370284195	15.850823460512675	17.581633783644754	34.33802638555838	0.0
12.0	26.03160094019326	20.12452812269997	24.57174909185878	29.272121845247987	0.0
13.0	28.5585681837967	19.21470516077463	18.049356189209938	34.17737046621873	0.0
14.0	33.34629264702391	15.465011831556621	19.77640732211116	31.412288199308307	0.0
15.0	32.352778239432716	17.09323583180987	20.01066422912858	30.543321699628827	0.0
16.0	32.81258656030137	14.961280340622205	19.409490570368085	32.81664252870834	0.0
17.0	35.34964426189289	16.06549300790617	19.669369326590534	28.915493403610405	0.0
18.0	34.04738162507815	16.68021953670948	18.267488148658167	31.0049106895542	0.0
19.0	32.91200724930158	16.832862445293888	20.382032653513456	29.873097651891072	0.0
20.0	34.28678268714832	18.42982581099583	17.578369223707433	29.70502227814842	0.0
21.0	28.642952111873498	16.336946112997303	20.89921808843198	34.12088368669722	0.0
22.0	32.26384371265541	16.147799488750127	23.757389776585388	27.83096702200907	0.0
23.0	30.556281013319403	18.15738344531763	21.936457813971526	29.349877727391437	0.0
24.0	33.306920075658645	15.682253456476491	21.482387204507862	29.528439263356997	0.0
25.0	28.290874268936427	21.941305190848155	19.196601692031308	30.571218848184113	0.0
26.0	34.668439421638695	14.139105866710985	21.521166219520882	29.671288492129445	0.0
27.0	29.441780035929945	20.62816068757568	24.987337464485545	24.942721812008834	0.0
28.0	27.52211986672681	16.73304605205885	18.56921262771354	37.175621453500796	0.0
29.0	28.89006940652279	19.843973820207825	18.76320662883734	32.50275014443205	0.0
30.0	27.47559482198722	18.307874605228584	15.74157531767634	38.47495525510786	0.0
31.0	36.3681974115466	12.941074783393125	18.60837099509511	32.082356809965155	0.0
32.0	37.74919434439244	15.12307144161704	21.914930352831746	25.21280386115877	0.0
33.0	29.663218735560438	15.568685705947683	23.990953234056697	30.777142324435186	0.0
34.0	38.457412478850145	13.086635908527969	24.084015070906524	24.37193654171536	0.0
35.0	28.8638801619168	18.766599064856795	25.179945463627405	27.189575309599	0.0
