# Position (bp)	A	C	G	T	N
0.0	67.40625	8.921875	11.328125	12.34375	0.0
1.0	11.539662710805747	66.47407870081199	11.758276077451594	10.227982510930667	0.0
2.0	13.529046287666976	63.0009319664492	8.884746815781298	14.585274930102516	0.0
3.0	65.89291241101826	10.30640668523677	10.12070566388115	13.67997523986382	0.0
4.0	66.55337556001854	10.227097172871929	8.944847829445388	14.274679437664142	0.0
5.0	13.664404688463911	61.35101789019124	9.207279457125232	15.777297964219617	0.0
6.0	14.16692331382815	62.319063751154914	9.655066214967663	13.858946720049275	0.0
7.0	67.02013216536038	8.852005532503458	10.219763331796527	13.908098970339633	0.0
8.0	66.0632095734888	10.079779073335379	10.555385087450137	13.301626265725682	0.0
9.0	13.797332515713629	61.30614747815423	9.305534263375748	15.5909857427564	0.0
10.0	14.204719583205637	8.106037388905914	8.780263561140055	68.90897946674839	0.0
11.0	12.794252522164475	9.278508101498014	8.835218587587894	69.09202078874962	0.0
12.0	13.543570993296768	9.079829372333943	9.414990859232175	67.96160877513712	0.0
13.0	14.097116843702578	59.69650986342943	10.0	16.20637329286798	0.0
14.0	13.219519564888957	9.805106511557637	62.532104547514734	14.443269376038675	0.0
15.0	62.689706987227645	9.992486851990984	10.72877535687453	16.589030803906837	0.0
16.0	12.048553873819872	10.145361906189121	11.524052150457067	66.28203206953394	0.0
17.0	14.882818331094194	59.51634572324227	9.986565158978951	15.614270786684582	0.0
18.0	13.62552176505665	9.958258795468097	10.24150268336315	66.1747167561121	0.0
19.0	15.014122194143006	61.126802437936675	10.138248847926267	13.720826519994054	0.0
20.0	14.029894923782743	10.478022791179518	9.812046766316412	65.68003551872133	0.0
21.0	14.572567547615535	10.025099660416359	10.984792558688913	64.4175402332792	0.0
22.0	14.22680412371134	8.49779086892489	60.618556701030926	16.65684830633284	0.0
23.0	14.147058823529413	10.25	10.352941176470589	65.25	0.0
24.0	65.02716194391425	8.515636470415505	9.57274996329467	16.88445162237557	0.0
25.0	15.417339005427607	8.34678010855215	59.703681971541734	16.53219891447851	0.0
26.0	65.4556108995019	8.45297392323469	8.863170231467917	17.22824494579549	0.0
27.0	13.058117405943491	10.789049919484702	9.105548235983019	67.04728443858879	0.0
28.0	14.009944428195379	58.81836794384323	8.935361216730039	18.236326411231353	0.0
29.0	15.575686732904733	7.641729982466394	9.015195791934541	67.76738749269433	0.0
30.0	14.876154184376375	10.244760369339001	58.30279935512238	16.576286091162245	0.0
31.0	15.292045788083358	8.467860287643088	9.245670678015848	66.99442324625771	0.0
32.0	14.64238507857248	8.82655309149655	9.810544867087678	66.72051696284329	0.0
33.0	15.392531608350485	58.87974125257277	9.673625404292856	16.054101734783888	0.0
34.0	16.240822320117474	9.045521292217327	10.425844346549193	64.28781204111601	0.0
35.0	13.689776733254993	59.73854289071681	9.283196239717979	17.288484136310224	0.0
36.0	14.53556731334509	9.935332157554381	9.376837154614933	66.1522633744856	0.0
37.0	64.43625644804716	10.62638172439204	9.285187914517318	15.65217391304348	0.0
38.0	65.94960954766465	9.827611610431708	8.531015176071902	15.691763665831736	0.0
39.0	64.8576906061053	10.27871995280932	8.125645185075946	16.73794425600944	0.0
40.0	14.62911075062675	59.41601533697095	10.145996165757262	15.808877746645036	0.0
41.0	14.569338707269742	8.031049410359756	61.38229586505448	16.017316017316016	0.0
42.0	65.40135033758439	8.76219054763691	10.232558139534884	15.603900975243812	0.0
43.0	66.04966139954853	9.224981188863806	9.751693002257337	14.973664409330322	0.0
44.0	15.70048309178744	59.163647342995176	9.08816425120773	16.04770531400966	0.0
45.0	25.41551246537396	13.06555863342567	13.965835641735918	47.553093259464454	0.0
46.0	28.635597978663675	15.468837731611455	18.556990454800673	37.3385738349242	0.0
47.0	32.31414868105516	17.11630695443645	18.04556354916067	32.52398081534772	0.0
48.0	27.52487187217365	19.716611395839614	18.299668375037683	34.45884835694905	0.0
49.0	27.688579218418663	19.81217812784005	19.90305967888519	32.596182974856106	0.0
50.0	25.902335456475583	22.202001819836216	19.411586290567183	32.48407643312102	0.0
51.0	30.17607771706132	17.880995749848207	17.091681845780208	34.85124468731026	0.0
52.0	28.371810449574724	19.07654921020656	19.927095990279465	32.62454434993924	0.0
53.0	31.206320267395927	20.297781829231237	19.963536918869647	28.532360984503192	0.0
54.0	30.21911138161899	20.9373097991479	18.411442483262324	30.43213633597078	0.0
55.0	30.687347931873482	17.21411192214112	20.590024330900246	31.508515815085158	0.0
56.0	26.35588056063376	20.90188909201706	19.95734308348568	32.784887263863496	0.0
57.0	31.196581196581196	17.673992673992675	20.45177045177045	30.67765567765568	0.0
58.0	30.14998469543924	19.40618304254668	18.27364554637282	32.170186715641265	0.0
59.0	27.893447642375996	19.718309859154928	21.249234537660747	31.13900796080833	0.0
60.0	28.830211851396992	17.439361375498923	18.79029782007983	34.94012895302426	0.0
61.0	28.201970443349754	17.91871921182266	21.85960591133005	32.01970443349754	0.0
62.0	28.179858330766862	18.848167539267017	22.728672620880815	30.243301509085306	0.0
63.0	33.179155103299415	17.51464693185322	20.62904717853839	28.677150786308975	0.0
64.0	30.39457459926017	18.43403205918619	20.745992601726265	30.425400739827374	0.0
65.0	28.514180024660913	19.821208384710236	21.639950678175094	30.02466091245376	0.0
66.0	28.95061728395062	16.26543209876543	21.666666666666668	33.117283950617285	0.0
67.0	29.475308641975307	16.944444444444446	19.783950617283953	33.7962962962963	0.0
68.0	25.439950602037666	19.666563754245136	20.778017906761345	34.11546773695585	0.0
69.0	25.64814814814815	18.395061728395063	22.561728395061728	33.395061728395056	0.0
70.0	28.081556997219646	20.14210688909484	19.27710843373494	32.49922767995057	0.0
71.0	28.297806611059624	19.33889403768922	19.369786839666357	32.9935125115848	0.0
72.0	27.103960396039607	17.450495049504948	20.42079207920792	35.024752475247524	0.0
73.0	28.18688118811881	17.75990099009901	21.19430693069307	32.85891089108911	0.0
74.0	29.210689869484153	16.87383467992542	23.64822871348664	30.267246737103793	0.0
75.0	29.144634525660962	18.880248833592535	21.61741835147745	30.357698289269052	0.0
76.0	27.71722204920585	20.834630956088446	19.682341949548427	31.76580504515727	0.0
77.0	30.277517929529157	19.738072965388213	17.96071094480823	32.0236981602744	0.0
78.0	28.406610539444966	21.328344246959777	18.303710632990335	31.961334580604927	0.0
79.0	27.003429996881824	20.299345182413468	19.738072965388213	32.95915185531649	0.0
80.0	29.55680399500624	17.571785268414484	22.191011235955056	30.680399500624222	0.0
81.0	27.303967510153075	18.494220556076225	17.46329272102468	36.73851921274602	0.0
82.0	31.917551530293565	16.9893816364772	20.737039350405997	30.356027482823233	0.0
83.0	28.61605748203686	18.775382692908465	21.087160262417996	31.521399562636677	0.0
84.0	27.187499999999996	18.84375	21.40625	32.5625	0.0
85.0	32.6875	16.625	20.78125	29.90625	0.0
86.0	29.580988117573483	19.44965603502189	21.482176360225143	29.48717948717949	0.0
87.0	31.759924976555176	18.193185370428257	21.037824320100032	29.009065332916535	0.0
88.0	34.302689180737964	18.323952470293932	17.88617886178862	29.48717948717949	0.0
89.0	30.350438047559447	17.83479349186483	17.42803504380476	34.386733416770966	0.0
90.0	30.294486215538846	17.481203007518797	19.76817042606516	32.45614035087719	0.0
91.0	28.016295832027577	20.77718583516139	19.304293324976495	31.902225007834534	0.0
92.0	28.692380056444026	19.504546879899657	18.156161806208843	33.64691125744748	0.0
93.0	30.496231155778897	17.6821608040201	19.974874371859297	31.84673366834171	0.0
94.0	30.285893810870245	18.316054037071943	19.25856110587496	32.13949104618285	0.0
95.0	31.02580239144116	17.526746381371932	19.697923222152298	31.749528005034612	0.0
96.0	28.967254408060455	17.884130982367758	19.741813602015114	33.40680100755667	0.0
97.0	30.56080655324512	17.170762444864522	20.069313169502205	32.199117832388154	0.0
98.0	30.96814884894355	20.372122358877327	17.786187322611163	30.87354146956796	0.0
99.0	31.167192429022084	17.917981072555207	18.26498422712934	32.64984227129338	0.0
100.0	32.10110584518168	14.407582938388625	19.11532385466035	34.37598736176935	0.0
101.0	30.808240887480192	19.239302694136292	19.93660855784469	30.015847860538823	0.0
102.0	31.255961844197138	15.930047694753577	20.54054054054054	32.273449920508746	0.0
103.0	29.057924888605985	17.50477402928071	19.732654360280076	33.70464672183323	0.0
104.0	28.935627788400254	18.38750796685787	19.75780752071383	32.919056724028046	0.0
105.0	28.849840255591054	19.64856230031949	18.69009584664537	32.811501597444085	0.0
106.0	30.872913992297818	18.966623876765084	18.26059050064185	31.89987163029525	0.0
107.0	31.026713871902157	19.858384293530737	18.538783392339877	30.57611844222723	0.0
108.0	34.54721237512085	17.33805994199162	16.75797615211086	31.356751530776666	0.0
109.0	29.751532752500808	19.651500484027107	19.457889641819943	31.139077121652146	0.0
110.0	27.998706757193663	19.398642095053344	19.46330423537019	33.1393469123828	0.0
111.0	29.04901006166829	17.65660499837715	20.35053554040896	32.9438493995456	0.0
112.0	26.122316200390372	19.12817176317502	21.665582303188028	33.083929733246585	0.0
113.0	29.465449804432854	18.546284224250325	19.784876140808343	32.20338983050847	0.0
114.0	30.143696930111037	18.321358589157413	19.529719137818418	32.00522534291313	0.0
115.0	28.688524590163933	18.59016393442623	20.065573770491802	32.65573770491803	0.0
116.0	28.839197632357777	19.039789542913514	18.61229858599145	33.508714238737255	0.0
117.0	31.012867040580666	18.013856812933028	18.475750577367204	32.4975255691191	0.0
118.0	28.43429328037074	17.4114531612049	21.317444554783187	32.83680900364118	0.0
119.0	22.343957503320052	21.44754316069057	25.697211155378486	30.51128818061089	0.0
120.0	27.160904255319153	21.54255319148936	20.977393617021274	30.319148936170215	0.0
121.0	29.419613075383587	18.47898599066044	18.579052701801203	33.52234823215477	0.0
122.0	30.83612040133779	17.090301003344482	21.53846153846154	30.535117056856187	0.0
123.0	32.46055723397113	17.623363544813696	17.891910036925143	32.02416918429003	0.0
124.0	29.858299595141702	20.3778677462888	19.838056680161944	29.92577597840756	0.0
125.0	27.62935407507609	20.696652012174503	19.27629354075076	32.39770037199865	0.0
126.0	29.697587495752632	17.737003058103976	19.741760108732585	32.82364933741081	0.0
127.0	29.10269532582736	20.16376663254862	20.470829068577277	30.262708973046742	0.0
128.0	31.324888736733996	17.49400890106128	19.82197877439233	31.359123587812395	0.0
129.0	29.917469050894084	19.291609353507567	17.67537826685007	33.11554332874828	0.0
130.0	28.47270214236351	20.421561852107807	17.035245335176228	34.070490670352456	0.0
131.0	29.878682842287695	19.930675909878683	18.058925476603118	32.1317157712305	0.0
132.0	28.32811956899548	18.908585331942994	21.793534932221064	30.96976016684046	0.0
133.0	29.762735519888345	21.388695045359384	18.84159106769016	30.00697836706211	0.0
134.0	25.14886164623468	21.78633975481611	20.280210157618214	32.784588441330996	0.0
135.0	26.97576396206533	16.754478398314017	19.388830347734455	36.880927291886195	0.0
136.0	24.23172024019781	18.756623101377606	21.90038855528082	35.111268103143765	0.0
137.0	29.420135183208824	16.008537886872997	19.957310565635005	34.614016364283174	0.0
138.0	30.114041339985743	17.640769779044906	19.565217391304348	32.67997148966501	0.0
139.0	27.380100214745884	18.432355046528276	20.042949176807447	34.14459556191839	0.0
140.0	27.282530553558594	17.181883537023722	21.603163191948237	33.93242271746944	0.0
141.0	29.98198198198198	17.62162162162162	20.0	32.3963963963964	0.0
142.0	30.68017366136035	16.642547033285094	19.428364688856732	33.24891461649783	0.0
143.0	32.788077062886224	18.029807342784444	18.611414031261358	30.570701563067974	0.0
144.0	30.512820512820515	17.692307692307693	18.315018315018314	33.479853479853475	0.0
145.0	28.503126149319602	17.32254505332843	20.080912100036777	34.093416697315185	0.0
146.0	28.56614929785661	18.218773096821877	19.844789356984478	33.370288248337026	0.0
147.0	29.514275120504262	17.834631071560995	17.723396366332963	34.92769744160178	0.0
148.0	25.44776119402985	20.82089552238806	19.850746268656717	33.88059701492537	0.0
149.0	29.625468164794004	19.662921348314608	17.640449438202246	33.07116104868914	0.0
150.0	29.409552463332076	19.180142910868746	18.95449417074088	32.45581045505829	0.0
151.0	28.24858757062147	19.133709981167605	20.56497175141243	32.05273069679849	0.0
152.0	28.236184708554124	19.87130961392884	18.319454958364876	33.57305071915216	0.0
153.0	31.750854538549184	17.508545385491832	18.154196733763765	32.58640334219521	0.0
154.0	31.04500381388253	16.285278413424866	21.700991609458427	30.968726163234173	0.0
155.0	29.835312140942165	21.026426656453467	16.507085407889697	32.631175794714665	0.0
156.0	30.739599383667183	15.061633281972265	18.875192604006163	35.32357473035439	0.0
157.0	30.1937984496124	16.82170542635659	20.54263565891473	32.44186046511628	0.0
158.0	30.334890965732086	20.17133956386293	17.133956386292834	32.35981308411215	0.0
159.0	34.296875	14.374999999999998	19.140625	32.1875	0.0
160.0	26.208251473477407	18.467583497053045	23.575638506876228	31.748526522593316	0.0
161.0	27.283511269276396	19.493871095294583	22.064056939501782	31.158560695927246	0.0
162.0	30.301826846703733	18.109610802223987	19.976171564733917	31.612390786338363	0.0
163.0	29.700598802395213	18.642714570858285	17.844311377245507	33.812375249500995	0.0
164.0	30.466237942122188	16.519292604501608	21.221864951768488	31.79260450160772	0.0
165.0	31.13627173473514	16.862110796603318	22.523251112009703	29.47836635665184	0.0
166.0	26.501623376623378	19.318181818181817	21.79383116883117	32.38636363636363	0.0
167.0	27.469387755102044	19.26530612244898	22.775510204081634	30.489795918367346	0.0
168.0	28.00982800982801	18.304668304668304	19.86076986076986	33.824733824733826	0.0
169.0	26.880394574599258	18.66009042334566	20.96177558569667	33.49773941635841	0.0
170.0	31.115702479338843	16.859504132231404	18.925619834710744	33.099173553719005	0.0
171.0	30.57404326123128	18.05324459234609	16.472545757071547	34.900166389351085	0.0
172.0	30.413016270337923	20.191906549853982	15.978306216103464	33.41677096370463	0.0
173.0	28.05695142378559	17.922948073701843	19.932998324958124	34.08710217755444	0.0
174.0	27.314814814814813	20.875420875420875	19.52861952861953	32.28114478114478	0.0
175.0	27.50316856780735	18.75792141951838	20.828052386987746	32.910857625686525	0.0
176.0	29.05837239028547	19.5994887089902	19.216020451640393	32.12611844908393	0.0
177.0	28.22269807280514	22.312633832976445	17.815845824411134	31.64882226980728	0.0
178.0	29.492691315563196	20.63628546861565	20.24935511607911	29.62166809974205	0.0
179.0	25.497835497835496	18.398268398268396	25.93073593073593	30.173160173160174	0.0
180.0	30.391304347826086	15.130434782608695	20.434782608695652	34.04347826086956	0.0
181.0	27.926348092941694	18.982902235861467	20.780359491451115	32.310390179745724	0.0
182.0	31.757950530035334	17.97703180212014	20.58303886925795	29.681978798586574	0.0
183.0	28.2792352156514	22.987994664295243	19.831036016007115	28.901734104046245	0.0
184.0	29.92373261552266	19.42575145805294	18.57335127860027	32.077164647824134	0.0
185.0	27.13318284424379	20.677200902934537	22.75395033860045	29.43566591422122	0.0
186.0	28.078146297137664	18.6278964107224	22.626079054975012	30.667878237164924	0.0
187.0	30.434782608695656	21.60183066361556	17.84897025171625	30.11441647597254	0.0
188.0	30.14265991716521	19.834330418775885	21.53704555913484	28.485964104924065	0.0
189.0	30.269266480965644	18.61652739090065	19.127205199628598	31.987000928505104	0.0
190.0	30.37974683544304	17.76840131270511	19.40928270042194	32.442569151429915	0.0
191.0	27.298444130127297	19.519094766619517	21.263554926921262	31.91890617633192	0.0
192.0	30.714285714285715	19.095238095238095	21.095238095238095	29.095238095238095	0.0
193.0	30.319148936170215	17.504835589941973	21.034816247582206	31.14119922630561	0.0
194.0	27.24171539961014	21.881091617933723	23.586744639376217	27.29044834307992	0.0
195.0	28.26193993106844	20.13786312161497	18.513047759724273	33.08714918759232	0.0
196.0	28.621204579392735	19.661523145843702	21.453459432553508	30.263812842210054	0.0
197.0	29.34947049924357	19.969742813918305	20.423600605143722	30.257186081694403	0.0
198.0	29.030585795749094	21.98030067392431	19.699326075686884	29.28978745463971	0.0
199.0	28.399122807017545	22.861842105263158	18.475877192982455	30.263157894736842	0.0
200.0	27.91293213828425	15.813060179257363	20.998719590268884	35.2752880921895	0.0
201.0	31.993006993006993	18.269230769230766	18.094405594405593	31.643356643356647	0.0
202.0	37.15798764342454	17.475728155339805	17.122683142100616	28.243601059135038	0.0
203.0	34.25266903914591	17.348754448398576	19.839857651245552	28.558718861209965	0.0
204.0	33.81165919282511	18.116591928251122	22.062780269058297	26.00896860986547	0.0
205.0	33.66606170598911	17.05989110707804	23.684210526315788	25.58983666061706	0.0
206.0	31.809872029250457	18.82998171846435	20.840950639853748	28.519195612431442	0.0
207.0	28.74306839186691	22.181146025878004	17.652495378927913	31.42329020332717	0.0
208.0	27.05223880597015	18.563432835820894	20.708955223880597	33.67537313432835	0.0
209.0	25.328330206378986	20.73170731707317	20.637898686679172	33.30206378986867	0.0
210.0	26.748582230623818	18.336483931947072	18.99810964083176	35.916824196597354	0.0
211.0	28.462273161413563	19.866284622731616	19.579751671442217	32.09169054441261	0.0
212.0	26.923076923076923	17.307692307692307	23.173076923076923	32.59615384615385	0.0
213.0	25.922330097087375	21.650485436893206	18.446601941747574	33.980582524271846	0.0
214.0	28.55740922473013	25.024533856722275	16.8792934249264	29.538763493621197	0.0
215.0	28.85375494071146	23.3201581027668	18.774703557312254	29.051383399209485	0.0
216.0	30.94758064516129	18.245967741935484	16.33064516129032	34.475806451612904	0.0
217.0	25.766871165644172	17.484662576687114	25.357873210633947	31.390593047034766	0.0
218.0	24.021164021164022	19.25925925925926	21.904761904761905	34.81481481481482	0.0
219.0	17.497103128621088	23.522595596755504	25.14484356894554	33.83545770567787	0.0
220.0	0.34904013961605584	28.097731239092493	24.083769633507853	47.4694589877836	0.0
