# Position (bp)	A	C	G	T	N
0.0	26.045107770703872	23.781027059955363	24.553677721564206	25.62018744777656	0.0
1.0	26.628595322772096	20.518934431685494	15.871320571044167	36.98114967449824	0.0
2.0	28.329572898306576	19.616161353698867	17.721941452697195	34.33232429529736	0.0
3.0	23.115768036180164	22.18030854966763	15.40028014284803	39.30364327130418	0.0
4.0	33.80548555746893	13.283737895421055	15.096053887424802	37.81472265968521	0.0
5.0	34.44925331407605	14.922192386778143	23.41431122295155	27.21424307619425	0.0
6.0	30.84699658096061	17.588211951881597	21.496068818715617	30.068722648442176	0.0
7.0	35.08888160932423	17.145927912981026	20.25696093946196	27.508229538232786	0.0
8.0	22.89709171775464	26.951328417175024	22.28364655415268	27.867933310917657	0.0
9.0	27.21784991566716	18.62914161671823	15.911825335452582	38.241183132162035	0.0
10.0	26.313188508461916	16.916737022168583	25.03149950329232	31.73857496607718	0.0
11.0	27.938483543592067	18.37115942261032	19.49790044180803	34.19245659198958	0.0
12.0	26.1163373481046	19.670244375562646	20.883287182143505	33.33013109418925	0.0
13.0	26.48442175566656	20.900091725399626	18.895230380190892	33.720256138742926	0.0
14.0	30.41827157267013	18.351253611714657	20.25019584865756	30.980278966957652	0.0
15.0	29.256479016895277	18.56304855474437	20.196176093726944	31.98429633463341	0.0
16.0	30.002672859970264	17.672133696657653	18.54485925942594	33.78033418394614	0.0
17.0	30.27681049480509	17.914955740583434	19.664662093811472	32.14357167080001	0.0
18.0	31.725246727477476	17.738904710162018	19.112636453973078	31.42321210838743	0.0
19.0	30.11390018447494	18.352220053258144	20.013028208986206	31.520851553280714	0.0
20.0	29.510566595827942	17.786693080812256	20.32011140330341	32.38262892005639	0.0
21.0	29.14800677201457	18.363413465761788	20.409976042346873	32.078603719876774	0.0
22.0	29.54733464798232	19.123945262481918	22.71919435125015	28.609525738285612	0.0
23.0	29.681742145029986	20.092954367082484	21.23057145976956	28.99473202811797	0.0
24.0	32.64025050164807	19.431821804334824	17.78336102116233	30.14456667285478	0.0
25.0	28.862791120681287	21.000039090396758	20.00880183029604	30.12836795862592	0.0
26.0	31.75432652078592	16.530319074281707	22.3487587500824	29.36659565484997	0.0
27.0	25.865581828821853	20.731541435315705	25.1486120240618	28.25426471180064	0.0
28.0	26.575685571272974	19.84632425498536	18.983652569169447	34.594337604572225	0.0
29.0	27.679260842428345	20.18531444473822	17.470248385573825	34.66517632725961	0.0
30.0	26.39540553719456	18.956609055281646	16.329154250419894	38.3188311571039	0.0
31.0	34.190245084032334	14.51511885785068	18.790534885711093	32.50410117240589	0.0
32.0	34.37362385217321	15.45020733169963	22.408200494548396	27.767968321578774	0.0
33.0	31.37832000119611	17.58481686266539	20.955493601921237	30.081369534217263	0.0
34.0	33.04647583656934	16.88652811872979	21.732821456771394	28.33417458792947	0.0
35.0	26.41034502703223	20.48628788502764	25.308209120100035	27.795157967840094	0.0
