# Position (bp)	A	C	G	T	N
0.0	71.61218217379157	8.41017043867002	9.611623358480022	10.366024029058396	0.0
1.0	10.226320201173513	70.29896619167366	10.170438670019559	9.304274937133277	0.0
2.0	12.005532503457815	67.05394190871368	8.29875518672199	12.6417704011065	0.0
3.0	70.8505367464905	7.817230938618222	8.12001101018442	13.212221304706853	0.0
4.0	70.53326003298515	8.878504672897195	7.25673446948873	13.331500824628916	0.0
5.0	12.249382037901675	67.15188135127713	8.129634715737435	12.469101895083769	0.0
6.0	12.434806478177327	66.95031567389515	7.9055723304968435	12.709305517430689	0.0
7.0	72.35326385079539	7.734503565551289	7.899067471201317	12.013165112452002	0.0
8.0	70.9898546750754	8.664655881546476	9.240471620510009	11.10501782286811	0.0
9.0	12.195121951219512	66.01808714716361	7.563716086599068	14.223074815017814	0.0
10.0	12.41095890410959	6.5479452054794525	8.191780821917808	72.84931506849315	0.0
11.0	11.542669584245077	8.205689277899344	7.795404814004376	72.45623632385121	0.0
12.0	12.087312414733969	6.984993178717599	8.649386084583902	72.27830832196453	0.0
13.0	12.306016879934658	66.07677647699428	8.167710318540703	13.449496324530358	0.0
14.0	11.705594785442694	7.903313416621402	67.62629005975013	12.764801738185769	0.0
15.0	67.53317086379637	8.85458976441917	9.314920119144327	14.297319252640131	0.0
16.0	10.975939443092727	8.705055420383887	9.110570424439038	71.20843471208434	0.0
17.0	13.315363881401618	64.01617250673854	8.76010781671159	13.908355795148248	0.0
18.0	11.873990306946688	8.777598276790522	8.58912224017232	70.75928917609046	0.0
19.0	11.945117029862793	66.31692224912564	9.308582189938122	12.429378531073446	0.0
20.0	12.181379125301852	9.686074590823718	9.203112422860208	68.92943386101422	0.0
21.0	12.202301311212201	8.884131656408883	8.83061279100883	70.08295424137009	0.0
22.0	12.423189954581886	7.2936147475287205	66.57761154154421	13.705583756345177	0.0
23.0	13.226666666666667	8.72	7.866666666666666	70.18666666666667	0.0
24.0	69.62430055955235	7.434052757793765	8.526512123634426	14.415134559019451	0.0
25.0	12.28023441662227	8.151305274374002	64.4912093766649	15.07725093233884	0.0
26.0	69.80026631158455	8.282290279627164	7.4300932090545935	14.48735019973369	0.0
27.0	11.584553928095872	10.173102529960053	5.885486018641811	72.35685752330227	0.0
28.0	12.35027947830716	64.09369177535268	6.920415224913495	16.63561352142667	0.0
29.0	13.734362523289859	6.308224647324994	8.144796380090497	71.81261644929465	0.0
30.0	12.759722962173681	7.485348961108151	64.62440063931805	15.130527437400106	0.0
31.0	13.082867039701574	7.434052757793765	8.47322142286171	71.00985877964295	0.0
32.0	12.92988536390296	7.9178885630498534	7.2780591842175415	71.87416688882965	0.0
33.0	12.379935965848453	65.55496264674493	7.977588046958378	14.087513340448238	0.0
34.0	13.973333333333333	7.573333333333333	9.520000000000001	68.93333333333334	0.0
35.0	13.059701492537313	64.8454157782516	7.569296375266525	14.525586353944565	0.0
36.0	12.892914224826852	7.9648375066595625	8.044752264251464	71.09749600426211	0.0
37.0	68.01813817017872	9.255801547079221	9.042411309682583	13.683648973059482	0.0
38.0	69.60364220674879	9.560792715586503	6.588109266202463	14.24745581146224	0.0
39.0	70.27316550615961	9.185859667916443	5.570433851098018	14.970540974825925	0.0
40.0	12.78600269179004	64.7913862718708	8.532974427994617	13.88963660834455	0.0
41.0	12.046524508446414	7.754084741068956	66.13126557740237	14.06812517308225	0.0
42.0	69.17105627945661	7.402273357360688	9.25977266426393	14.166897698918767	0.0
43.0	69.96387885523757	8.391219783273131	8.335648791330925	13.309252570158378	0.0
44.0	14.524672428212993	64.28770560356844	7.443546138834681	13.744075829383887	0.0
45.0	26.05566218809981	10.268714011516316	14.44337811900192	49.23224568138196	0.0
46.0	29.896907216494846	15.949060036385687	18.73862947240752	35.41540327471195	0.0
47.0	32.7319587628866	16.559278350515463	18.04123711340206	32.66752577319588	0.0
48.0	27.237604636188024	20.54088860270444	18.480360592401805	33.74114616870573	0.0
49.0	27.208252740167634	21.663442940038685	18.697614442295293	32.43068987749839	0.0
50.0	27.36638763683194	22.086284610431424	18.415969092079845	32.131358660656794	0.0
51.0	27.927927927927925	18.21106821106821	18.146718146718147	35.714285714285715	0.0
52.0	28.62669245647969	17.408123791102515	19.858156028368796	34.107027724049	0.0
53.0	30.174081237911025	20.116054158607348	20.116054158607348	29.593810444874276	0.0
54.0	28.193548387096772	22.451612903225808	17.483870967741936	31.870967741935484	0.0
55.0	32.322580645161295	16.903225806451612	19.870967741935484	30.903225806451612	0.0
56.0	26.903225806451616	18.322580645161292	21.935483870967744	32.83870967741935	0.0
57.0	30.93851132686084	16.763754045307444	20.51779935275081	31.779935275080906	0.0
58.0	30.33052495139339	16.46143875567077	18.14646791963707	35.06156837329877	0.0
59.0	27.154893065456903	18.340894361633183	22.55346727154893	31.950745301360982	0.0
60.0	27.756160830090792	19.26070038910506	20.298313878080414	32.68482490272373	0.0
61.0	28.21011673151751	18.93644617380026	22.892347600518807	29.961089494163424	0.0
62.0	29.017566688353934	20.94990240728692	22.25113858165257	27.781392322706573	0.0
63.0	35.9375	17.643229166666664	19.7265625	26.692708333333332	0.0
64.0	30.944625407166125	19.6742671009772	21.302931596091206	28.078175895765472	0.0
65.0	29.335071707953063	18.839634941329855	21.577574967405475	30.247718383311607	0.0
66.0	29.8371335504886	16.872964169381106	22.866449511400653	30.423452768729643	0.0
67.0	28.8135593220339	17.07953063885267	19.426336375488916	34.68057366362451	0.0
68.0	26.09262883235486	20.221787345075015	18.98238747553816	34.70319634703196	0.0
69.0	25.570776255707763	20.939334637964773	21.787345075016308	31.702544031311152	0.0
70.0	27.788649706457925	21.787345075016308	18.395303326810176	32.02870189171559	0.0
71.0	29.9412915851272	20.417482061317678	18.460534898891062	31.180691454664057	0.0
72.0	28.37573385518591	18.2648401826484	20.221787345075015	33.13763861709067	0.0
73.0	28.57142857142857	16.764514024787996	22.831050228310502	31.83300717547293	0.0
74.0	28.655352480417758	16.77545691906005	23.49869451697128	31.070496083550914	0.0
75.0	29.777486910994767	18.586387434554975	23.82198952879581	27.81413612565445	0.0
76.0	28.79581151832461	19.63350785340314	20.222513089005236	31.348167539267013	0.0
77.0	30.386378519973807	21.676489849377862	18.14014407334643	29.7969875573019	0.0
78.0	28.45901639344262	22.098360655737707	18.688524590163937	30.754098360655735	0.0
79.0	28.590163934426226	20.0	19.34426229508197	32.0655737704918	0.0
80.0	29.704918032786885	15.868852459016395	21.508196721311474	32.91803278688525	0.0
81.0	28.308097432521397	18.169848584595126	19.749835418038185	33.77221856484529	0.0
82.0	32.38973008558262	16.392363396971692	22.58064516129032	28.637261356155364	0.0
83.0	26.763348714568224	19.18259723137772	22.412656558998023	31.641397495056033	0.0
84.0	25.26385224274406	19.788918205804748	20.91029023746702	34.03693931398417	0.0
85.0	32.38786279683377	17.810026385224276	20.052770448548813	29.74934036939314	0.0
86.0	30.957095709570957	17.68976897689769	22.37623762376238	28.976897689768975	0.0
87.0	31.08910891089109	19.933993399339933	21.254125412541256	27.722772277227726	0.0
88.0	33.5973597359736	18.283828382838283	18.019801980198018	30.099009900990097	0.0
89.0	31.419141914191417	17.62376237623762	17.68976897689769	33.26732673267327	0.0
90.0	30.647291941875825	16.116248348745046	20.277410832232498	32.95904887714663	0.0
91.0	28.949107732980835	19.101123595505616	18.241903502974225	33.70786516853933	0.0
92.0	30.702917771883286	17.83819628647215	17.042440318302386	34.41644562334217	0.0
93.0	30.90185676392573	17.24137931034483	18.70026525198939	33.15649867374005	0.0
94.0	30.682571239231276	17.495029821073558	19.748177601060306	32.07422133863486	0.0
95.0	31.21272365805169	17.0311464546057	19.880715705765407	31.875414181577206	0.0
96.0	31.16710875331565	18.103448275862068	18.037135278514587	32.69230769230769	0.0
97.0	31.984074319840744	17.38553417385534	18.31453218314532	32.31585932315859	0.0
98.0	31.117021276595747	19.215425531914892	19.61436170212766	30.0531914893617	0.0
99.0	31.80306054557552	17.964071856287426	18.695941450432468	31.53692614770459	0.0
100.0	33.735747820254865	13.145539906103288	18.91348088531187	34.205231388329985	0.0
101.0	32.75050437121722	16.87962340282448	19.56960322797579	30.800268997982517	0.0
102.0	31.717171717171716	15.69023569023569	21.818181818181817	30.774410774410775	0.0
103.0	27.22972972972973	18.513513513513512	20.27027027027027	33.98648648648649	0.0
104.0	28.32995267072346	18.45841784989858	19.675456389452332	33.536173089925626	0.0
105.0	28.65853658536585	19.78319783197832	18.56368563685637	32.99457994579946	0.0
106.0	33.69565217391305	16.168478260869566	18.75	31.38586956521739	0.0
107.0	33.92250169952413	19.91842284160435	17.199184228416044	28.95989123045547	0.0
108.0	33.42428376534789	16.575716234652116	18.34924965893588	31.65075034106412	0.0
109.0	26.757679180887372	20.0	20.341296928327644	32.901023890784984	0.0
110.0	26.38414217361586	19.070403280929597	20.50580997949419	34.03964456596035	0.0
111.0	29.842573579739906	17.659137577002053	21.149897330595483	31.34839151266256	0.0
112.0	27.104722792607806	19.917864476386036	20.944558521560573	32.03285420944558	0.0
113.0	27.434842249657066	20.027434842249658	19.684499314128946	32.85322359396434	0.0
114.0	29.149519890260635	17.901234567901234	19.06721536351166	33.882030178326474	0.0
115.0	27.472527472527474	18.063186813186814	18.818681318681318	35.645604395604394	0.0
116.0	29.614325068870524	18.388429752066116	18.87052341597796	33.1267217630854	0.0
117.0	30.991735537190085	17.768595041322314	18.319559228650135	32.92011019283746	0.0
118.0	28.78787878787879	17.90633608815427	19.55922865013774	33.7465564738292	0.0
119.0	21.93771626297578	21.453287197231834	28.304498269896193	28.304498269896193	0.0
120.0	26.319444444444446	23.333333333333332	21.52777777777778	28.819444444444443	0.0
121.0	28.769979152189016	18.90201528839472	19.041000694927032	33.28700486448923	0.0
122.0	31.50208623087622	17.17663421418637	19.541029207232267	31.780250347705145	0.0
123.0	33.5191637630662	18.18815331010453	18.60627177700348	29.686411149825787	0.0
124.0	29.44055944055944	19.16083916083916	19.86013986013986	31.538461538461537	0.0
125.0	28.481455563331	19.73407977606718	18.754373687893633	33.03009097270819	0.0
126.0	30.196629213483146	17.97752808988764	18.96067415730337	32.86516853932584	0.0
127.0	28.32980972515856	17.618040873854827	21.916842847075404	32.1353065539112	0.0
128.0	31.898376852505294	17.007762879322513	20.74805928016937	30.345800988002825	0.0
129.0	30.73654390934844	17.91784702549575	17.209631728045327	34.13597733711048	0.0
130.0	31.036931818181817	20.099431818181817	15.696022727272727	33.16761363636363	0.0
131.0	29.92181947405828	20.540156361051885	18.69225302061123	30.845771144278604	0.0
132.0	29.23186344238976	17.63869132290185	22.90184921763869	30.2275960170697	0.0
133.0	27.544483985765122	21.281138790035588	20.2135231316726	30.96085409252669	0.0
134.0	26.533523537803138	19.614835948644792	20.684736091298145	33.16690442225392	0.0
135.0	27.357142857142858	17.142857142857142	20.857142857142858	34.64285714285714	0.0
136.0	26.848528356066044	16.798277099784638	21.39267767408471	34.96051687006461	0.0
137.0	29.136690647482016	15.827338129496402	19.928057553956833	35.10791366906475	0.0
138.0	28.725701943844495	17.92656587473002	20.950323974082075	32.39740820734342	0.0
139.0	28.406633020908433	19.682768565248736	18.817591925018025	33.0930064888248	0.0
140.0	28.395953757225435	16.040462427745663	20.953757225433524	34.60982658959538	0.0
141.0	31.331403762662806	16.931982633863964	20.549927641099856	31.186685962373375	0.0
142.0	32.26976069615664	15.373459028281363	18.564176939811457	33.79260333575054	0.0
143.0	32.04661325564457	19.08230152949745	19.446467589220685	29.42461762563729	0.0
144.0	32.33576642335766	17.00729927007299	16.934306569343065	33.72262773722628	0.0
145.0	30.79736649597659	17.264081931236284	20.482809070958304	31.45574250182882	0.0
146.0	29.692082111436953	18.841642228739	19.13489736070381	32.33137829912023	0.0
147.0	30.095658572479767	18.690213392200146	17.880794701986755	33.33333333333333	0.0
148.0	27.68319763138416	20.503330866025166	19.91117690599556	31.902294596595116	0.0
149.0	31.37546468401487	19.776951672862452	16.802973977695167	32.04460966542751	0.0
150.0	28.859060402684566	18.493661446681582	18.419090231170767	34.22818791946309	0.0
151.0	28.678117998506348	19.492158327109784	20.911127707244212	30.918595967139655	0.0
152.0	28.62481315396114	20.40358744394619	16.965620328849027	34.005979073243644	0.0
153.0	31.654135338345863	17.293233082706767	18.796992481203006	32.25563909774436	0.0
154.0	32.27990970654628	16.17757712565839	19.939804364183598	31.60270880361174	0.0
155.0	33.308214016578745	18.613413715146947	16.201959306706858	31.876412961567446	0.0
156.0	32.526475037821484	15.960665658093799	18.910741301059	32.60211800302572	0.0
157.0	30.927051671732524	17.02127659574468	21.50455927051672	30.547112462006076	0.0
158.0	28.527841342486653	21.662852784134248	17.31502669717773	32.494279176201374	0.0
159.0	34.099616858237546	15.708812260536398	19.157088122605366	31.03448275862069	0.0
160.0	26.692307692307693	17.615384615384617	22.76923076923077	32.92307692307692	0.0
161.0	29.760986892829607	17.810331534309945	21.742482652274482	30.686198920585966	0.0
162.0	31.554524361948953	17.942768754833722	20.5723124516628	29.930394431554525	0.0
163.0	30.465116279069765	17.751937984496124	17.441860465116278	34.34108527131783	0.0
164.0	31.026438569206842	15.085536547433904	22.472783825816485	31.41524105754277	0.0
165.0	29.77396726422447	18.472330475448167	21.745908028059237	30.00779423226812	0.0
166.0	27.094753328112763	18.637431480031324	19.81205951448708	34.455755677368835	0.0
167.0	28.784313725490197	19.450980392156865	21.80392156862745	29.96078431372549	0.0
168.0	29.009433962264154	18.867924528301888	19.025157232704405	33.09748427672956	0.0
169.0	27.73837667454689	17.65169424743893	19.62174940898345	34.988179669030735	0.0
170.0	29.778830963665087	15.797788309636651	20.063191153238545	34.360189573459714	0.0
171.0	30.82408874801902	16.561014263074487	17.67036450079239	34.944532488114106	0.0
172.0	29.15011914217633	21.048451151707702	15.806195393169181	33.995234312946785	0.0
173.0	28.764940239043824	18.326693227091635	20.0796812749004	32.82868525896414	0.0
174.0	31.570512820512818	20.272435897435898	18.75	29.407051282051285	0.0
175.0	30.56451612903226	17.983870967741936	20.967741935483872	30.483870967741932	0.0
176.0	29.278183292781833	18.815896188158963	19.22141119221411	32.684509326845095	0.0
177.0	26.362896663954434	24.32872253864931	18.633034987794954	30.6753458096013	0.0
178.0	27.42200328407225	20.279146141215108	21.01806239737274	31.2807881773399	0.0
179.0	26.606260296540363	19.522240527182866	22.075782537067546	31.795716639209225	0.0
180.0	29.270315091210612	16.832504145936984	21.393034825870647	32.50414593698176	0.0
181.0	27.680798004987533	20.282626766417287	18.204488778054863	33.83208645054032	0.0
182.0	31.746031746031743	18.629908103592314	21.4703425229741	28.153717627401836	0.0
183.0	30.125523012552303	21.841004184100417	21.00418410041841	27.029288702928874	0.0
184.0	29.638958858102438	20.486985726280437	17.80016792611251	32.073887489504614	0.0
185.0	28.87383573243014	19.983065198983912	23.454699407281964	27.68839966130398	0.0
186.0	29.336734693877553	16.83673469387755	21.768707482993197	32.0578231292517	0.0
187.0	30.5982905982906	22.64957264957265	18.37606837606838	28.376068376068375	0.0
188.0	30.438521066208086	17.798796216680998	20.55030094582975	31.212381771281166	0.0
189.0	30.095403295750216	19.25411968777103	19.4275802254987	31.222896790980055	0.0
190.0	29.713292788879237	18.41876629018245	19.635099913119028	32.23284100781928	0.0
191.0	28.671328671328673	18.96853146853147	20.192307692307693	32.16783216783217	0.0
192.0	30.673758865248228	20.390070921985814	20.833333333333336	28.102836879432623	0.0
193.0	30.473637176050044	18.945487042001787	19.928507596067917	30.652368185880253	0.0
194.0	26.1455525606469	21.024258760107816	23.360287511230908	29.469901168014374	0.0
195.0	29.609445958219798	20.254314259763852	19.618528610354225	30.517711171662125	0.0
196.0	29.77941176470588	20.036764705882355	20.128676470588236	30.05514705882353	0.0
197.0	30.532212885154063	19.88795518207283	19.514472455648928	30.065359477124183	0.0
198.0	27.06333973128599	23.608445297504797	20.057581573896353	29.270633397312864	0.0
199.0	27.596741344195518	22.912423625254583	19.551934826883908	29.938900203665987	0.0
200.0	27.690447400241837	15.356711003627568	19.830713422007253	37.12212817412334	0.0
201.0	33.44103392568659	19.547657512116317	16.962843295638123	30.048465266558967	0.0
202.0	36.89320388349515	16.666666666666664	17.637540453074433	28.802588996763756	0.0
203.0	37.66233766233766	14.772727272727273	18.019480519480517	29.545454545454547	0.0
204.0	35.45751633986928	17.81045751633987	21.405228758169933	25.326797385620914	0.0
205.0	34.36988543371522	18.16693944353519	23.731587561374795	23.731587561374795	0.0
206.0	33.27841845140033	21.25205930807249	17.627677100494235	27.84184514003295	0.0
207.0	26.942148760330582	22.31404958677686	17.68595041322314	33.057851239669425	0.0
208.0	27.620632279534107	16.472545757071547	21.96339434276206	33.94342762063228	0.0
209.0	24.833333333333332	21.5	21.5	32.166666666666664	0.0
210.0	26.666666666666668	17.5	18.5	37.333333333333336	0.0
211.0	30.536912751677853	19.798657718120804	20.80536912751678	28.859060402684566	0.0
212.0	25.3781512605042	17.478991596638654	21.84873949579832	35.294117647058826	0.0
213.0	26.767676767676768	20.875420875420875	17.34006734006734	35.01683501683502	0.0
214.0	28.741496598639454	24.65986394557823	19.217687074829932	27.380952380952383	0.0
215.0	28.74354561101549	23.752151462994835	15.834767641996558	31.669535283993117	0.0
216.0	30.139372822299652	18.641114982578397	18.29268292682927	32.926829268292686	0.0
217.0	25.754884547069274	19.715808170515096	23.090586145648313	31.438721136767317	0.0
218.0	24.637681159420293	17.391304347826086	20.108695652173914	37.86231884057971	0.0
219.0	19.32938856015779	22.682445759368836	23.076923076923077	34.9112426035503	0.0
220.0	0.0	29.76878612716763	24.85549132947977	45.3757225433526	0.0
