# Position (bp)	A	C	G	T	N
0.0	31.048374961212232	14.7436063749965	26.11342944051176	28.085041465290267	0.009547757989242168
1.0	27.914079550513755	17.124313374270567	20.269326445196032	34.68605390887608	0.0062267211435580935
2.0	29.535750297728963	19.015336672323862	19.266383391910903	32.17921001199215	0.003319626044126129
3.0	31.226332532838935	18.41852584601474	20.07892957723112	30.275071443088166	0.0011406008270392906
4.0	32.085953346067626	18.057126037338485	19.839477472640795	30.016095782863434	0.0013473610896627347
5.0	32.26072778201346	18.166477442238207	19.72664666688766	29.844801438658138	0.0013466702025391984
6.0	27.82743488372575	18.087175143466006	17.56032199342676	36.52475733483547	3.1064454601370566E-4
7.0	27.58198443636153	19.708559587122632	19.568615192247577	33.14063376593265	2.0701833561398534E-4
8.0	27.01063330112375	19.586048215057946	19.630224315270446	33.77268034091121	4.1382763665105844E-4
9.0	30.89878403517498	17.265790532247006	19.521721191540053	32.31298039089975	7.238501382036728E-4
10.0	29.05811519677511	20.440528179022714	21.26576914132148	29.234553864440944	0.0010336184397529652
11.0	27.277526667871992	20.14092000929824	20.072939535604515	32.50778727690678	8.265103184647572E-4
12.0	28.455095633494444	18.899595158425246	20.16978559920684	32.475110505225764	4.1310364770520924E-4
13.0	29.049476048522283	18.502526858190407	20.96125896993369	31.486531680691005	2.064426626148853E-4
14.0	29.061607599742494	18.63919793334544	20.148747131939057	32.15013783199353	3.095029794820158E-4
15.0	29.257956214013497	18.539958424760364	20.554377773744907	31.647088908319997	6.186791612360385E-4
16.0	29.575721473432093	18.910117014632498	20.602675856894628	30.911176474225655	3.09180815124301E-4
17.0	28.996670471449704	19.558816863567625	19.762688676718437	31.68172097067295	1.0301759128388764E-4
18.0	28.94579953891665	18.982156959856507	20.04899139304215	32.02284617546909	2.0593271560383076E-4
19.0	28.53324303294043	18.743129690851525	20.770874417953582	31.95254700629495	2.0585195950480255E-4
20.0	28.638436790407727	18.740592356183296	19.65792443842218	32.96284064287324	2.0577211355739857E-4
21.0	28.763919203306255	18.44473153140551	20.126967408544175	32.66427899915451	1.0285758955296035E-4
22.0	29.155222569901106	18.62020954651042	19.824243352826432	32.400016041444516	3.084893175290828E-4
23.0	28.690623666747193	18.360876515731743	18.720694139598955	34.22760006785132	2.0561007078126687E-4
24.0	29.0591157762318	18.124973663628264	18.86927806994735	33.946324161938115	3.0832825448180815E-4
25.0	30.191781272349132	18.01956859489186	19.082051640375177	32.70587920985787	7.192825259558237E-4
26.0	28.974186178387395	18.463950229702743	18.74193574897887	33.81951692568151	4.1091724948429884E-4
27.0	29.788265502631916	18.31885993067146	18.59679034535884	33.2955706765952	5.135447425856978E-4
28.0	29.944255801082846	17.90899187093714	18.83371512650514	33.31252380859481	5.133928800621822E-4
29.0	29.92882178761489	18.399901469237363	18.591831183960014	33.07893237813233	5.131810554081586E-4
30.0	29.987351311172116	18.13680296176441	19.085762627641902	32.789364423919984	7.186755015841661E-4
31.0	30.14043599450334	18.253392791486338	19.21048145082275	32.39486813970064	8.216234869289974E-4
32.0	29.943112689487357	18.75452139028641	18.829124330012167	32.472522278123044	7.193120910196968E-4
33.0	30.550925064195578	17.73433057149233	19.609448190543375	32.10457631946723	7.198543014893785E-4
34.0	30.546816325270836	18.7374355703248	19.467587115093778	31.24744081729236	7.201720182306402E-4
35.0	29.756502797942826	18.930378782575755	19.12082007107063	32.19168070098865	6.176474221455425E-4
36.0	30.188893055378134	18.256777527330566	19.490104130181273	32.0630920936059	0.001133193504122764
37.0	29.827165227321682	18.60305720378507	20.25874197228913	31.310211052396692	8.245442074223409E-4
38.0	30.411363026839684	18.21818331854847	19.318589730365357	32.0509355723805	9.283518659872506E-4
39.0	30.176924324486254	18.356867116165535	19.11716549195747	32.34811335470295	9.297126877890502E-4
40.0	30.149952373909798	18.2109551383949	19.857959452150002	31.779891964790824	0.0012410707544779384
41.0	30.423211937331086	18.2632467303849	19.3511509666463	31.961458408839093	9.31956798624846E-4
42.0	30.302068816776163	17.85298045656646	19.527569015860376	32.31624112416219	0.0011405866348131925
43.0	30.490565097867066	18.198573478911957	19.470674126170216	31.838734416559518	0.0014528804912396496
44.0	31.00111644813709	18.003271452680774	18.80638712190056	32.188082565234325	0.0011424120472543165
45.0	30.50834774511108	17.83706930956499	19.26508247971265	32.387421843820675	0.0020786217906079555
46.0	30.010171141414226	18.21736706796569	19.58007121878978	32.191142579018745	0.0012479928115614054
47.0	29.813317516311304	18.77678227661058	19.313208253988076	32.0951310627582	0.0015608903318452844
48.0	29.672418120150496	18.42610324707715	19.464759720872788	32.43619822988944	5.206820101241411E-4
49.0	30.15037515631513	18.425072947061274	19.58576490204252	31.838265944143394	5.210504376823676E-4
50.0	29.16473281566967	18.914783660740824	19.420626932764566	32.49912650775192	7.30083073023952E-4
51.0	29.652976101007066	17.960360405497937	19.878459174641346	32.5073692736777	8.350451759440187E-4
52.0	29.277642016931395	18.47272704477949	20.292909104775912	31.955572596763123	0.001149236750083842
53.0	30.13528604769832	18.641618497109828	19.190061316848332	32.031883924612906	0.0011502137306241267
54.0	29.001539667636937	18.559013440429727	19.990663606171648	32.44825994530046	5.233404612304153E-4
55.0	29.354227732044947	18.88080387354412	19.80152486229517	31.962186432119744	0.0012570999960191834
56.0	29.903438527912023	18.195268288642154	19.232918769457257	32.66785013625978	5.242777287869367E-4
57.0	29.58313481110829	18.00531864653669	20.08408247050502	32.32630966948411	0.001154402365895176
58.0	29.50121858979746	18.386208925119757	20.178481384990334	31.932200184889485	0.0018909152029582318
59.0	29.107304749864856	18.30688910250882	19.84516294596374	32.738855244918525	0.0017879567440676647
60.0	29.608068581680808	18.09292472398232	20.004464295115177	32.29296304953472	0.001579349686972892
61.0	29.54846829601489	18.225074366331395	20.770184318876083	31.453954011987157	0.00231900679047352
62.0	29.497192552877106	18.478490311141133	19.76073373580445	32.2614725376789	0.002110862498416853
63.0	29.34883568570224	17.821294635922612	19.972399247213772	32.85609673366436	0.0013736974970174913
64.0	29.00862374508163	18.305382778536597	20.570557385305037	32.11437809266162	0.001057998415118374
65.0	29.128047269083368	18.861237105976215	19.54182123252991	32.46825882746742	6.355649430851593E-4
66.0	29.230777389468994	18.324097005308456	19.963408231556954	32.48044461650236	0.0012727571632364094
67.0	29.506018786472467	18.971682233561836	20.137526748687122	31.38339165387863	0.0013805773999479628
68.0	29.496917013533665	18.29235091808976	19.50395715510219	32.70603048742877	7.444258456145873E-4
69.0	29.574964701071853	18.45553612842634	19.800941730680357	32.16759909788079	9.583419406637263E-4
70.0	29.93535633978064	18.537153311988025	20.204369071265823	31.32226831756958	8.529593959341558E-4
71.0	30.109824398421775	18.937207352949027	19.32087197475694	31.631775930464123	3.203434081335191E-4
72.0	30.007539099050927	18.114369736666223	19.68111215078198	32.19633738804973	6.416254511428953E-4
73.0	29.754714576279902	18.271466624966397	20.274150722917764	31.69945386211277	2.1421372317374768E-4
74.0	29.86634629824298	19.10851050136228	18.79228970458885	32.23220989852616	6.43597279728831E-4
75.0	29.776293155780376	18.078340909847892	19.80881611901234	32.3360126009023	5.372144570856975E-4
76.0	30.16220101820874	18.660380789838143	19.547412563933975	31.629682797093228	3.228309259113786E-4
77.0	29.97658155342003	18.13620203017348	19.35615976273331	32.53041003296688	6.466207063037974E-4
78.0	29.734222855539006	17.91977027873135	19.873804434656822	32.47166267245288	5.397586199451605E-4
79.0	29.87032649260793	18.12368674618014	20.15481660677382	31.85030501553465	8.651389034580684E-4
80.0	29.518368549559444	18.26542483702611	19.815545401958936	32.39979461714947	8.665943060421123E-4
81.0	29.348852352270878	18.17146888056867	20.174941668023223	32.30365185305768	0.0010852460795485377
82.0	29.423224947923686	18.581349939769776	20.34248600788864	31.651743197463805	0.0011959069540902192
83.0	29.843482276973955	18.17736206256134	19.592328463917266	32.38541114087249	0.0014160556749520446
84.0	29.353143151511713	18.25634163750783	20.370075285458274	32.019457656568214	9.822689539708768E-4
85.0	29.905022281761763	18.006834896246275	20.236870164310904	31.850069715941714	0.0012029417393443968
86.0	29.816466514726507	18.04008152173913	19.511526998597475	32.62984309256662	0.0020818723702664796
87.0	30.28862941108005	17.379693823993815	19.49857145680661	32.831787666434614	0.001317641684912344
88.0	29.829731139373106	17.806157143831744	20.200858716678514	32.16149243286186	0.0017605672547694867
89.0	29.663343144725946	18.19978406848933	19.07067841975189	33.06431957863579	0.0018747883970448925
90.0	30.086218615749683	17.60999477228493	19.637972442315537	32.66316162923453	0.0026525404153215156
91.0	29.90208513575039	18.168807042691945	19.323092465795156	32.60457526838244	0.0014400873800711846
92.0	29.967497965152756	17.85102364198237	19.145441886650403	33.03237211554157	0.003664390672904274
93.0	29.756963575145395	17.544591924757214	19.529176058101676	33.167598853549265	0.0016695884464479505
94.0	30.147850527144982	17.815703999919666	19.955525454592113	32.07868848069106	0.0022315376521769206
95.0	29.52024732563498	18.291605334860478	19.729565882663493	32.456568133112015	0.0020133237290334703
96.0	29.415208482404214	18.158683944308986	19.59335332658916	32.83196917120702	7.850754906161048E-4
97.0	30.209444864850887	18.194166307790738	19.574948473662253	32.019753730529345	0.0016866231667811695
98.0	29.61456375589226	18.430520119643415	19.417138592216865	32.535748149033395	0.0020293832140694883
99.0	29.14928730487074	17.948726643833293	19.962584918670238	32.93781862163293	0.001582510992799575
100.0	29.43081303356319	18.527762287538142	19.904995715626402	32.134728815019336	0.0017001482529276554
101.0	29.57219585665975	18.36437523089602	19.54985933104095	32.512546534428374	0.0010230469749069311
102.0	29.109015176904297	18.590738828207108	19.14907199055234	33.15014807569985	0.0010259286364040518
103.0	29.966241821958477	18.390719187517362	19.564996210350145	32.07769982543604	3.4295473797686427E-4
104.0	29.39428199265699	18.92693912090281	19.052609611957962	32.62456399448701	0.0016052799952300252
105.0	29.610359738706414	18.443164044530317	19.342855828503083	32.601435274634284	0.002185113625908547
106.0	30.157188150431736	18.47168444224974	19.177669683362332	32.19241934069586	0.001038383260338836
107.0	29.923013179884357	18.41839073010171	18.969404335890303	32.688381610195776	8.101439278555258E-4
108.0	28.861028740743492	18.727112712850317	19.360235740508962	33.05046175138107	0.0011610545161537514
109.0	29.786626845087223	18.064964775607574	19.54184993290592	32.60597603250336	5.824138959296258E-4
110.0	29.236307534070455	18.28911381752729	19.07793543561093	33.39617569368148	4.6751910984361484E-4
111.0	29.13541241538483	17.82524358378954	19.524700827035574	33.51417406682898	4.691069610781954E-4
112.0	29.019142669194387	18.143936585716016	20.01678087309965	32.81978683819402	3.5303379592528395E-4
113.0	29.31333132604807	18.080090682063727	19.166150085900004	33.440191754780585	2.3615120761823796E-4
114.0	28.8071509566087	17.474297102625563	20.194414263049325	33.52401919023284	1.184874835746726E-4
115.0	29.4766708326248	18.02428939892478	20.328250547302254	32.170551392900585	2.3782824757444918E-4
116.0	28.67441693919935	18.377217063331024	20.31820677472488	32.62944307846554	7.16144279200783E-4
117.0	28.57296890611934	18.134343199576374	20.478783943414264	32.81354453946218	3.5941142784575976E-4
118.0	29.033499359065317	18.052953470306566	20.894230144853644	32.01895627454612	3.607512283579326E-4
119.0	29.03913473841771	18.32765988266821	19.984548900316266	32.64841505516525	2.4142343255836412E-4
120.0	29.43359365531818	18.184848000077565	20.205373200893916	32.17594275824959	2.4238546075052233E-4
121.0	30.034202780755432	18.0744235961468	20.006984132391896	31.883902791584482	4.866991213864111E-4
122.0	30.111572297236222	17.958693575614845	19.583051369185327	32.345827704229585	8.550537340196565E-4
123.0	30.130154929992052	18.052312175593865	19.435177644553903	32.38198730339394	3.679464662421382E-4
124.0	30.035863128959477	17.922820378927458	19.616466496546696	32.42460368286748	2.463126988975044E-4
125.0	29.94491223556884	18.304499040231136	19.149244058338116	32.6008499396434	4.947262185106763E-4
126.0	29.664429863680063	18.05052806272655	19.31832580141065	32.966343609708105	3.726624746278965E-4
127.0	29.151535036559185	18.783722586850672	20.00444124519541	32.05980211508065	4.990163140908484E-4
128.0	29.404261291017807	18.91142108191282	19.40085306014024	32.28258744868858	8.771182405509304E-4
129.0	28.922769087499844	18.706693681335967	19.79600568818192	32.573524785120114	0.0010067578621496798
130.0	28.838048911216003	18.851397987020047	20.418397453562662	31.89165000139053	5.056468107591529E-4
131.0	28.747601456333488	19.03113439844969	19.756507339448376	32.464629814707344	1.2699106109920923E-4
132.0	28.53725226506888	18.687950637383558	20.075763858674502	32.69865046424183	3.827746312285407E-4
133.0	28.651443398621083	18.707389677885836	20.635382560247372	32.0057843632457	0.0
134.0	28.359754691632027	18.838018417449305	19.864516203825954	32.937453064358024	2.57622734691091E-4
135.0	28.78438793552011	17.867617935701325	20.357580166247725	32.98976678203738	6.471804934621826E-4
136.0	28.92394937762574	18.68618550264688	20.655021266079626	31.73484385364775	0.0
137.0	29.483539723993342	18.73920010875049	19.960159675003332	31.816969782525156	1.3070972767935336E-4
138.0	29.57959969631772	18.36555360281195	20.58091057397527	31.47380477642837	1.3135046668820815E-4
139.0	28.94787225474054	18.892429005837453	21.571239755410634	30.588326944837995	1.3203917338195896E-4
140.0	28.742866243728933	19.060202266875482	20.11254744777427	32.08425132057442	1.3272104690361796E-4
141.0	29.276180184507012	18.113172306604497	19.339083335000968	33.27143076317597	1.3341071154603003E-4
142.0	30.300485718846453	18.18085481687957	21.52307265125226	29.995318534178057	2.6827884366452804E-4
143.0	30.51572028492595	18.395713703902494	20.04838670525376	31.038965592575313	0.001213713342485631
144.0	30.880652986795905	17.891469166019938	19.103744145532694	32.1237266703209	4.0703133055828417E-4
145.0	27.789704996084748	18.822334858893644	19.63340088800456	33.75360265007455	9.566069425065561E-4
146.0	27.962983718204697	18.952856543920166	19.734498947709245	33.34855384393995	0.0011069462259360268
147.0	27.859094870254587	18.899032373603625	19.75554107829285	33.48379345646527	0.0025382213836690837
148.0	29.2781118025497	18.91062608082961	19.54826986862667	32.25772971329419	0.005262534699838177
149.0	30.076387440584952	20.73231089128019	16.107820218703406	33.07569951783152	0.007781931599934009
150.0	25.93429198211159	24.932679768344627	12.438565542022797	36.68404732921492	0.010415378306068911
