# Position (bp)	A	C	G	T	N
0.0	28.123611081716014	24.26810620330589	20.833245148045464	26.775037566932635	0.0
1.0	26.953480496941733	20.357705983195412	13.65227306398019	39.036540455882665	0.0
2.0	28.93991105868725	19.797442309141807	17.52458580668025	33.73806082549069	0.0
3.0	25.472602350353057	22.86973639504123	14.418618794098867	37.23904246050685	0.0
4.0	34.01004089855203	15.95929179676037	13.787993750214802	36.2426735544728	0.0
5.0	35.61936201760808	16.014579131965462	21.627914967397828	26.73814388302863	0.0
6.0	32.07407544447117	18.118196161968015	20.151517954600116	29.656210438960702	0.0
7.0	33.752391724896135	17.671675634533866	19.344693806357498	29.231238834212505	0.0
8.0	24.396634764672694	25.07858778509957	22.118216641979288	28.40656080824845	0.0
9.0	28.99896541746	19.371401918800466	16.251402235913886	35.37823042782565	0.0
10.0	28.30103918239534	17.374759693200062	22.37684070053974	31.94736042386486	0.0
11.0	28.50108274439701	18.559520553646387	20.326395577593598	32.61300112436301	0.0
12.0	27.723851461955856	19.655778791566092	20.621431978195183	31.99893776828287	0.0
13.0	26.937142132395493	21.60892783063862	18.431155983374598	33.02277405359129	0.0
14.0	30.934715748755508	19.06581269750679	20.1083050614583	29.891166492279396	0.0
15.0	30.96560698032326	20.101983526754164	18.413310699683613	30.519098793238967	0.0
16.0	29.79546601359509	18.64027961608268	18.52958504064525	33.03466932967698	0.0
17.0	30.705493393635752	19.03858676772253	19.563371035554038	30.692548803087682	0.0
18.0	30.833290406772097	18.897460992964007	18.357246729986645	31.91200187027725	0.0
19.0	29.726570548549514	18.57648152746446	19.22934684411008	32.467601079875955	0.0
20.0	29.712631381530112	18.799940830434288	20.152123896844202	31.335303891191398	0.0
21.0	30.24235564776748	19.3117210539453	18.560525519913682	31.885397778373548	0.0
22.0	28.96385147582593	19.09006031136883	19.33291690712419	32.61317130568105	0.0
23.0	29.718248109637084	19.025911771619334	20.582044259450495	30.673795859293087	0.0
24.0	30.69523179455081	20.023055988020396	18.536829497931432	30.74488271949736	0.0
25.0	30.080693187625197	18.90909042892437	18.527346024695206	32.48287035875523	0.0
26.0	29.633233819546867	18.912416864615917	20.43377623790353	31.02057307793369	0.0
27.0	29.15411784122793	19.457996369037794	18.868724211916156	32.519161577818124	0.0
28.0	29.096310379656586	18.64099974253857	18.90955181906403	33.35313805874082	0.0
29.0	29.717237090698806	19.909719719204297	19.697815872060247	30.675227318036647	0.0
30.0	30.129471288164055	19.271232182184033	18.67048329257923	31.928813237072678	0.0
31.0	29.872266484278242	19.02363215282601	18.883803960610436	32.22029740228531	0.0
32.0	29.219027498101873	19.586571155052322	20.391509589674182	30.802891757171626	0.0
33.0	30.4351156834749	18.988415142337498	18.476071477158506	32.100397697029095	0.0
34.0	30.345637397733967	18.938599434152167	19.229448390820693	31.486314777293178	0.0
35.0	31.07564563703779	18.20107972730743	19.868356222830144	30.854918412824635	0.0
36.0	29.532728058112763	19.263788769251704	18.948337606719058	32.25514556591648	0.0
37.0	29.623856131872948	19.50642759101736	18.771921249294888	32.097795027814804	0.0
38.0	29.742844497876302	19.525586741265762	20.481018845739726	30.250549915118206	0.0
39.0	28.82279885847162	19.326577528802453	19.75914279674453	32.0914808159814	0.0
40.0	30.470152833033183	18.118384491285465	19.2241678877542	32.18729478792716	0.0
41.0	29.205068134940614	19.6446385934591	20.39634939951665	30.75394387208363	0.0
42.0	29.884007949512142	19.381825005021298	18.795257777730797	31.938909267735767	0.0
43.0	29.246675538065304	18.908897255196308	19.018181962341043	32.82624524439734	0.0
44.0	29.978826999936558	18.677044344350694	20.673941085664744	30.670187570048	0.0
45.0	30.17905314760551	18.910084841083226	19.425026203060835	31.485835808250428	0.0
46.0	30.107272482149888	18.59821459254697	18.709901688920375	32.58461123638276	0.0
47.0	30.163582963897017	19.385427158261496	19.794516745576676	30.65647313226481	0.0
48.0	30.438328532925862	19.74771754834224	18.085397464486018	31.728556454245883	0.0
49.0	29.17892710886215	19.762246562449604	18.727478459956274	32.331347868731974	0.0
50.0	29.726282003828295	19.469986992248227	19.82624604744128	30.977484956482197	0.0
51.0	29.95633441781207	19.09546277188534	18.940921247278336	32.00728156302425	0.0
52.0	30.172759135397843	18.972171064199976	18.548437208724287	32.30663259167789	0.0
53.0	30.106789043711185	18.382999427514473	20.211647766711486	31.29856376206285	0.0
54.0	29.45072264289898	19.300667309250965	19.514465418783825	31.73414462906623	0.0
55.0	30.077034145722266	18.486476051451298	18.876671320978254	32.55981848184818	0.0
56.0	29.32881814924173	19.81149414952206	20.206859253989684	30.652828447246527	0.0
57.0	29.783700224405894	19.583480446801786	19.192059443097833	31.440759885694487	0.0
58.0	29.946531843507447	18.830498141244277	18.86078309755591	32.36218691769236	0.0
59.0	30.603208276077325	18.84548086448082	20.152835511376036	30.39847534806582	0.0
60.0	28.97358810995409	19.97457877076056	19.06724457418118	31.984588545104163	0.0
61.0	29.915969054178998	18.72264497090728	18.538128727525724	32.82325724738801	0.0
62.0	29.07461075610734	19.42681183095089	19.950080487608084	31.54849692533369	0.0
63.0	29.457049546361837	18.904125534557586	19.52872953535653	32.11009538372405	0.0
64.0	29.254306655855107	19.788195735078	18.848357299985054	32.10914030908184	0.0
65.0	29.005968475022886	19.573873106411348	20.031165175429777	31.38899324313599	0.0
66.0	29.891474016731312	19.390354892135438	19.77569885759338	30.942472233539874	0.0
67.0	29.755636810049683	19.295855138876394	18.974261962842824	31.97424608823109	0.0
68.0	30.175457627836156	18.723153183782703	19.392413637091238	31.708975551289903	0.0
69.0	29.690710193109343	19.274156527445022	19.03563070434572	31.999502575099914	0.0
70.0	28.511327374620965	18.814528462641626	19.986823096096142	32.68732106664127	0.0
71.0	29.44325510131175	19.349392552918417	20.34504476134779	30.862307584422044	0.0
72.0	29.590860554384545	20.185721071720142	19.769846657060405	30.453571716834908	0.0
73.0	29.33702432401676	19.379950616238418	18.289061734994984	32.993963324749835	0.0
74.0	29.65680598654219	19.569667656925084	19.65356393783206	31.119962418700663	0.0
75.0	29.93037846536193	19.19945160304212	18.60248763658644	32.26768229500951	0.0
76.0	29.66580248825154	19.43342716219954	19.117135215468924	31.783635134079997	0.0
77.0	29.885656811624887	19.444959106429156	20.585347132156375	30.084036949789578	0.0
78.0	29.31075554849724	20.158282711981048	19.14241473776154	31.38854700176017	0.0
79.0	30.459416428772784	18.860121044641996	18.25675069382958	32.423711832755636	0.0
80.0	29.694653154518395	18.854449704658887	19.98896193190015	31.46193520892257	0.0
81.0	30.02300329299154	19.13005728322904	19.351619495356985	31.495319928422433	0.0
82.0	29.982912589490514	19.006865406530807	18.885228456428425	32.124993547550254	0.0
83.0	29.080979628357497	19.48284009101125	20.337758153091087	31.09842212754017	0.0
84.0	29.431300448193063	19.49110364563892	19.3535748228274	31.724021083340613	0.0
85.0	29.646798444923032	18.54774766665652	18.94419433961515	32.8612595488053	0.0
86.0	29.55181164360441	19.325433964462107	19.587804913564526	31.534949478368958	0.0
87.0	30.033372914854723	19.33153561741216	19.504026327668807	31.13106514006431	0.0
88.0	29.932391554438237	19.853212758098916	18.724904981472875	31.489490705989976	0.0
89.0	29.49446755330557	19.413870435632184	19.87139940849553	31.220262602566716	0.0
90.0	30.316345510991667	19.36280772362298	18.42654680973595	31.89429995564941	0.0
91.0	29.63771550525739	18.72151861864804	19.470871871185384	32.16989400490919	0.0
92.0	29.336399648353513	19.51876330590067	20.11693304947412	31.0279039962717	0.0
93.0	29.535747102391436	19.304282661483583	19.555051252651342	31.604918983473635	0.0
94.0	29.380626351350458	18.9181781710477	19.368749693815268	32.332445783786575	0.0
95.0	29.63562238408544	18.976527773548028	19.854932186490792	31.532917655875735	0.0
96.0	29.158280544903707	20.000767992203556	19.488861464799477	31.352089998093263	0.0
97.0	29.300614666726695	19.43933178496993	17.921202956544306	33.33885059175907	0.0
98.0	29.730399005234702	18.264378212097416	20.954826372933695	31.050396409734187	0.0
99.0	29.555979621862928	19.401607420248094	19.336849758251304	31.705563199637677	0.0
100.0	29.782631186615134	18.143557855810784	19.107578197329712	32.966232760244374	0.0
101.0	30.01186318414239	19.615569067511217	19.68159373177513	30.69097401657126	0.0
102.0	29.855202427883942	18.868255896413125	19.277914744658403	31.998626931044534	0.0
103.0	29.387126307498974	19.151020212344896	19.289749367989415	32.17210411216672	0.0
104.0	29.80186192398812	19.43207981580967	20.202208949247556	30.563849310954655	0.0
105.0	29.587535842473585	20.13528236182685	18.591432562678374	31.685749233021195	0.0
106.0	29.349650967570913	18.359614524675937	19.016443484058577	33.27429102369457	0.0
107.0	29.403869078348364	18.81935048722174	20.160534435387305	31.616245999042587	0.0
108.0	29.55736143958593	19.184854210901648	18.823856471166515	32.433927878345905	0.0
109.0	28.399038597331263	18.918031949019294	19.88710109119472	32.79582836245473	0.0
110.0	29.755730907974105	19.076939241195188	20.46518081085377	30.702149039976938	0.0
111.0	28.802192109054996	19.215222799661092	20.25798565577088	31.724599435513028	0.0
112.0	28.846816485979943	19.45430492928152	18.56192917476863	33.13694940996991	0.0
113.0	29.505725035866064	19.443872993530576	20.245648702054517	30.804753268548847	0.0
114.0	29.960887985087275	19.544619556007454	18.93753601084562	31.556956448059655	0.0
115.0	29.38416939924099	18.391277486982084	19.74731325145794	32.47723986231899	0.0
116.0	29.879655692897643	19.012360788153224	20.027060471314538	31.08092304763459	0.0
117.0	29.57842581797976	18.935836393153266	18.835189200379162	32.650548588487815	0.0
118.0	30.060630861040067	18.87781756180733	18.789838022165387	32.271713554987215	0.0
119.0	29.851264145479185	19.321863952046076	20.16253299018081	30.664338912293932	0.0
120.0	30.38628147977878	19.33706041873613	18.53034619205162	31.746311909433466	0.0
121.0	28.597894182968204	19.409061261626665	19.861795480331274	32.13124907507386	0.0
122.0	29.41738431003291	19.704972396924266	19.998847012251865	30.878796280790947	0.0
123.0	29.797658253521902	19.999587478600453	18.689694527903637	31.513059739974008	0.0
124.0	28.99095887693935	19.25191731311707	18.883468132933707	32.87365567700987	0.0
125.0	29.373309785308237	19.452646393288813	19.885479331088913	31.288564490314037	0.0
126.0	29.380510184340714	19.10966475969378	19.62634386314015	31.883481192825357	0.0
127.0	29.12225484049113	19.067708052191076	19.20376360382506	32.60627350349274	0.0
128.0	28.930474092578294	18.994755717349385	20.953702535637696	31.121067654434626	0.0
129.0	30.38094206581297	19.013360882690282	19.04918615533727	31.556510896159473	0.0
130.0	29.47979210042823	19.1301542000637	19.07410420847815	32.31594949102992	0.0
131.0	29.51626721273795	19.26935105278921	20.10043811076053	31.11394362371231	0.0
132.0	30.549129157120092	18.994867873558245	18.671702978531023	31.784299990790636	0.0
133.0	30.059192273556356	18.79029721929095	19.08702731789815	32.06348318925454	0.0
134.0	29.48700897800787	18.786757963379582	20.02937137145265	31.696861687159895	0.0
135.0	28.42579438151349	19.52249456200853	18.97413745952185	33.07757359695613	0.0
136.0	28.105102139715726	19.029886910974174	19.795285124529965	33.069725824780136	0.0
137.0	30.040002870413495	18.840887633161156	21.630535571317814	29.488573925107538	0.0
138.0	29.74871496364408	20.900674124364176	19.17836600597875	30.172244906012995	0.0
139.0	31.551234689023243	19.35129595410483	18.469869296453826	30.627600060418096	0.0
140.0	28.9117891977713	21.651819481222706	19.064860592916613	30.371530728089386	0.0
141.0	31.17175341732502	18.101025091300954	20.004503094815636	30.722718396558392	0.0
142.0	27.456228440450253	20.35264047748729	22.67397989288308	29.517151189179376	0.0
143.0	27.675663694180635	19.26432391572462	18.66272229705536	34.39729009303938	0.0
144.0	29.593080199530785	19.59703778785049	16.916127599480674	33.893754413138055	0.0
145.0	27.016880736562094	19.726000042790208	16.215919383250487	37.041199837397215	0.0
146.0	33.10120831872715	15.012197652041406	18.615691689142302	33.27090234008914	0.0
147.0	33.935181175111886	16.130070737693085	21.013281362783314	28.921466724411722	0.0
148.0	31.01054622411057	17.298984203459327	20.073122055888664	31.61734751654144	0.0
149.0	33.471744467879965	16.098630516194888	21.857791996376143	28.571833019548997	0.0
150.0	28.78168862361456	16.844543213028942	24.56471780467759	29.809050358678913	0.0
