# Position (bp)	A	C	G	T	N
0.0	26.26216215850788	23.976573037236545	23.48429116880745	26.27697363544813	0.0
1.0	26.31844577088083	19.952767982331444	15.407684980904257	38.32110126588347	0.0
2.0	28.69710401328318	19.13001798661727	18.312809826702907	33.86006817339665	0.0
3.0	22.940135566227397	22.601699247455063	15.0611596368516	39.39700554946594	0.0
4.0	34.02163677041884	12.973055531526715	14.783627380821315	38.22168031723314	0.0
5.0	34.806675315749054	14.812489425679715	23.176256118668785	27.204579139902453	0.0
6.0	31.10996163521819	17.181094671012012	20.97160883280757	30.737334860962225	0.0
7.0	34.93635255053616	16.87531906659008	20.100356617387323	28.08797176548644	0.0
8.0	22.46016236688281	26.843085277937334	22.922358159350534	27.774394195829327	0.0
9.0	27.660571509311676	18.49861929788456	15.47871814325514	38.362091049548624	0.0
10.0	26.416459075006372	16.252071053173157	25.21253597658182	32.11893389523865	0.0
11.0	28.145485150157114	18.033990766650593	19.635752659272207	34.18477142392009	0.0
12.0	25.945576685024836	19.634265985581724	21.401810424531345	33.0183469048621	0.0
13.0	26.40401279030836	20.731787479381616	18.684883538774848	34.17931619153517	0.0
14.0	30.69349641693211	18.217392239194737	20.398059952266717	30.69105139160644	0.0
15.0	29.828129463476667	18.482462472240055	19.957734235576346	31.73167382870693	0.0
16.0	29.944876351137584	17.47125405840416	18.76545879548715	33.81841079497111	0.0
17.0	30.33159580905458	17.88735067990748	19.67459047361615	32.10646303742179	0.0
18.0	31.039768521220424	17.702376527756876	18.823635654366797	32.43421929665591	0.0
19.0	29.895201791380366	18.308030188076508	19.985440427080807	31.811327593462323	0.0
20.0	29.719417985680014	17.892437315509632	19.676359738173417	32.71178496063693	0.0
21.0	29.333767458433037	18.32202457926213	19.816549381218152	32.52765858108668	0.0
22.0	29.794071120749233	19.066897244431885	22.435859552339206	28.70317208247967	0.0
23.0	29.896160143015553	20.199730310020612	21.02998227663803	28.87412727032581	0.0
24.0	32.538802490485594	19.282944105369534	18.21874376073154	29.95950964341333	0.0
25.0	29.731765977902626	20.978612171680094	19.306104269886564	29.983517580530716	0.0
26.0	32.4022005227931	16.626282793595017	21.849680088708958	29.121836594902923	0.0
27.0	26.47459907420775	21.18539496681093	24.821319637915092	27.518686321066227	0.0
28.0	26.461169864755696	19.589899219496314	18.43794826744154	35.51098264830645	0.0
29.0	28.072576706526313	19.88084494669169	17.30901004119069	34.7375683055913	0.0
30.0	26.635093854034192	18.894731400872487	16.15781855309786	38.31235619199546	0.0
31.0	34.24060929899703	14.131272372991448	18.10022728923647	33.527891038775046	0.0
32.0	34.329052002409995	15.601371382514772	22.47668809327157	27.592888521803665	0.0
33.0	31.309758848618998	17.33297605698414	20.882299106309855	30.47496598808701	0.0
34.0	33.509118763872806	16.316519270826856	21.915889466033818	28.258472499266517	0.0
35.0	26.362366839843983	19.825681250300963	26.007255255512334	27.80469665434272	0.0
