# Position (bp)	A	C	G	T	N
0.0	71.47054895151597	8.481367704020302	8.85534927207159	11.192734072392147	0.0
1.0	11.02803738317757	69.85313751668892	9.639519359145527	9.479305740987984	0.0
2.0	13.906229246911941	65.0816841546022	9.111435781644309	11.900650816841546	0.0
3.0	69.15343915343915	8.928571428571429	7.804232804232804	14.113756613756614	0.0
4.0	69.7265882974508	10.38171971998415	7.594769515255581	12.296922467309471	0.0
5.0	12.409240924092408	66.20462046204621	8.924092409240924	12.462046204620462	0.0
6.0	12.743806009488667	64.86557722720084	8.05218766473379	14.3384290985767	0.0
7.0	70.25283118251251	8.480379246773769	7.295233078746379	13.971556491967343	0.0
8.0	68.34627022760164	9.880278910669649	8.393632416787264	13.379818444941455	0.0
9.0	12.726794635813832	64.22561135945305	9.847488824612148	13.200105180120957	0.0
10.0	13.681167039032724	8.187672493100276	7.530555920620317	70.60060454724668	0.0
11.0	10.47244094488189	10.328083989501312	8.359580052493438	70.83989501312335	0.0
12.0	12.090647105056327	7.9119727534713125	8.449043751637412	71.54833638983494	0.0
13.0	11.804648733350746	63.56751109950378	9.166884303995822	15.460955863149648	0.0
14.0	12.889352274208262	9.135931187280073	65.85429427863939	12.12042225987228	0.0
15.0	65.90023382696805	8.625617043387892	10.483242400623539	14.990906729020526	0.0
16.0	10.390452717602802	10.053184589440914	10.76663639901414	68.78972629394214	0.0
17.0	12.943308309603935	65.09189748899819	8.723789800673053	13.241004400724826	0.0
18.0	11.279265295563317	8.67934290518691	11.31807010735998	68.7233216918898	0.0
19.0	13.523637303022475	64.87987600103332	8.189098424179798	13.407388271764404	0.0
20.0	12.305115320190698	10.30795000644247	8.877721943048575	68.50921273031825	0.0
21.0	11.640755492740588	9.752023641269433	11.91057432866504	66.69664653732494	0.0
22.0	12.774425471819232	7.677493901656182	63.42277570933368	16.12530491719091	0.0
23.0	13.358141922237907	8.276658539715129	10.85589631720775	67.50930322083921	0.0
24.0	67.98717948717949	9.294871794871796	8.512820512820513	14.205128205128206	0.0
25.0	12.725874663590927	8.624887863642188	62.001794181724975	16.64744329104191	0.0
26.0	67.67456758488149	8.366431774503523	8.80204996796925	15.156950672645738	0.0
27.0	11.066991161777892	12.002049442807737	8.505187652107084	68.42577174330728	0.0
28.0	11.241997439180537	63.68758002560819	7.9769526248399485	17.09346991037132	0.0
29.0	13.671825041565416	8.389819670034532	7.929402736922881	70.00895255147717	0.0
30.0	16.319176319176318	7.644787644787645	61.994851994852	14.04118404118404	0.0
31.0	12.389953392024857	9.774728120145003	7.2889694458829615	70.54634904194718	0.0
32.0	11.596091205211726	8.742671009771987	7.869706840390879	71.7915309446254	0.0
33.0	13.455737704918032	64.57704918032788	8.99672131147541	12.970491803278689	0.0
34.0	15.60647965231134	8.165415514289478	8.69221651521138	67.53588831818782	0.0
35.0	11.867318620325095	64.79450244482622	7.29483282674772	16.043346108100963	0.0
36.0	11.837221633085896	9.080063626723224	8.138918345705196	70.94379639448569	0.0
37.0	69.56117021276596	10.332446808510639	7.287234042553191	12.819148936170214	0.0
38.0	69.42700681180713	8.988914117804194	6.71831174034994	14.865767330038734	0.0
39.0	69.29754273504274	8.854166666666668	6.1030982905982905	15.745192307692307	0.0
40.0	12.600644122383253	65.2710681696189	8.440687063875469	13.687600644122384	0.0
41.0	12.584053794428435	6.065596267325374	67.7645121449156	13.585837793330588	0.0
42.0	71.38927097661623	7.785419532324623	8.390646492434662	12.434662998624484	0.0
43.0	72.06634416033172	8.223911541119557	7.491361437456807	12.218382861091914	0.0
44.0	13.0137940643723	66.65737773442942	6.576564023965445	13.752264177232826	0.0
45.0	21.12735749099385	9.324009324009324	11.570247933884298	57.97838525111252	0.0
46.0	27.188369935044847	15.27992576554284	18.311166099597898	39.22053819981441	0.0
47.0	32.06002728512961	16.84856753069577	18.076398362892224	33.0150068212824	0.0
48.0	25.440110459095617	21.919226786330686	21.125302036589574	31.51536071798412	0.0
49.0	28.105482303955586	21.09646079111728	17.418459403192227	33.37959750173491	0.0
50.0	26.6829438437391	22.985699337286363	18.765259853505405	31.566096965469132	0.0
51.0	27.785564120532584	17.90469516468115	18.114926419060968	36.194814295725294	0.0
52.0	29.02430433251145	17.647058823529413	19.020781965480804	34.30785487847834	0.0
53.0	32.49379212486697	16.67257892869812	20.574671869457255	30.258957076977648	0.0
54.0	28.817204301075268	22.401433691756274	18.817204301075268	29.964157706093193	0.0
55.0	32.20825852782765	16.37342908438061	19.353680430879713	32.064631956912024	0.0
56.0	25.216138328530256	19.164265129683	20.713256484149856	34.90634005763689	0.0
57.0	30.37468170243725	18.261185885776644	21.826118588577664	29.53801382320844	0.0
58.0	28.436018957345972	18.84797666788188	19.248997448049582	33.46700692672256	0.0
59.0	27.126688572471707	19.167579408543265	22.12486308871851	31.58086893026652	0.0
60.0	27.572317832295862	20.871475649945076	19.589893811790553	31.96631270596851	0.0
61.0	29.65821389195149	17.640573318632853	22.160970231532527	30.54024255788313	0.0
62.0	29.50516986706056	21.71344165435746	21.824224519940916	26.95716395864106	0.0
63.0	33.00036995930448	17.758046614872363	19.163891971883093	30.077691453940066	0.0
64.0	29.673590504451035	19.287833827893174	22.06973293768546	28.96884272997033	0.0
65.0	28.014842300556587	19.183673469387756	22.67161410018553	30.129870129870127	0.0
66.0	30.018552875695732	15.28756957328386	21.447124304267163	33.246753246753244	0.0
67.0	29.214737625604766	18.496464458503908	19.836248604391514	32.45254931149981	0.0
68.0	27.123695976154995	19.932935916542473	18.591654247391954	34.35171385991058	0.0
69.0	25.215436493068566	20.119895091794678	22.592731360059947	32.07193705507681	0.0
70.0	27.470875610672678	19.879744456971064	19.879744456971064	32.76963547538519	0.0
71.0	28.85122410546139	20.828625235404896	20.225988700564972	30.094161958568737	0.0
72.0	28.355957767722472	19.2684766214178	19.570135746606336	32.80542986425339	0.0
73.0	27.32426303854875	17.87603930461073	20.634920634920633	34.16477702191988	0.0
74.0	30.801209372637945	16.477702191987905	22.600151171579743	30.120937263794406	0.0
75.0	27.807283763277695	19.916540212443095	22.534142640364188	29.74203338391502	0.0
76.0	27.75447960350743	21.00648112847884	19.36713686618376	31.871902401829967	0.0
77.0	30.966017563955706	19.243986254295535	18.51851851851852	31.27147766323024	0.0
78.0	29.728696981276272	21.131066106228506	19.14405808177302	29.996178830722204	0.0
79.0	28.888888888888886	20.45977011494253	19.501915708812263	31.14942528735632	0.0
80.0	30.600461893764436	17.782909930715935	20.592763664357197	31.02386451116243	0.0
81.0	26.435452793834298	18.921001926782274	20.616570327552985	34.02697495183044	0.0
82.0	30.401234567901238	18.86574074074074	20.563271604938272	30.169753086419753	0.0
83.0	28.191284226764367	18.31854994215195	22.869263401465485	30.6209024296182	0.0
84.0	28.02942315137437	18.89276035617499	21.718931475029034	31.3588850174216	0.0
85.0	33.39813374805598	19.01244167962675	18.118195956454123	29.471228615863144	0.0
86.0	30.280592361652374	19.212782540919722	21.51208106001559	28.994544037412318	0.0
87.0	30.339711050370948	20.070285044904335	21.31979695431472	28.27020695041	0.0
88.0	35.30564263322884	18.142633228840126	16.77115987460815	29.780564263322884	0.0
89.0	31.262288635469915	18.246165945733388	17.616987809673613	32.87455760912309	0.0
90.0	31.875492513790388	17.533490937746258	19.897557131599687	30.69345941686367	0.0
91.0	30.007886435331233	21.017350157728707	17.074132492113563	31.9006309148265	0.0
92.0	30.793525463876826	18.55507303592578	16.778523489932887	33.87287801026451	0.0
93.0	31.906460562822037	18.747522790328976	19.381688466111772	29.964328180737215	0.0
94.0	29.670765569218567	18.603728679095596	18.48472828242761	33.240777469258234	0.0
95.0	29.848966613672495	18.441971383147855	19.554848966613672	32.15421303656598	0.0
96.0	27.479091995221026	17.682198327359618	20.350457984866587	34.488251692552765	0.0
97.0	30.756972111553786	18.247011952191237	19.12350597609562	31.872509960159363	0.0
98.0	29.712460063897762	19.20926517571885	19.64856230031949	31.429712460063897	0.0
99.0	29.675610732879456	18.582298758510213	20.064076892270723	31.678013616339605	0.0
100.0	31.88405797101449	14.049919484702095	18.357487922705314	35.708534621578096	0.0
101.0	31.74474959612278	18.134087237479807	20.79967689822294	29.321486268174475	0.0
102.0	31.293068504256183	15.52492906364005	22.17267936765302	31.00932306445075	0.0
103.0	27.64227642276423	18.902439024390244	19.43089430894309	34.02439024390244	0.0
104.0	27.617107942973522	18.126272912423623	21.54786150712831	32.70875763747454	0.0
105.0	29.39975500204165	19.72233564720294	19.844834626378113	31.033074724377297	0.0
106.0	31.73431734317343	18.98318983189832	18.327183271832716	30.955309553095532	0.0
107.0	30.189456342668862	18.69851729818781	19.892915980230644	31.219110378912685	0.0
108.0	33.166666666666664	18.333333333333332	17.125	31.374999999999996	0.0
109.0	27.505241090146747	19.28721174004193	20.58700209643606	32.62054507337526	0.0
110.0	25.642105263157895	19.36842105263158	20.50526315789474	34.48421052631579	0.0
111.0	29.187817258883246	17.766497461928935	22.038917089678513	31.006768189509305	0.0
112.0	27.33050847457627	18.6864406779661	21.228813559322035	32.7542372881356	0.0
113.0	28.85763000852515	20.034100596760442	19.053708439897697	32.05456095481671	0.0
114.0	29.75171232876712	18.022260273972606	19.991438356164384	32.23458904109589	0.0
115.0	28.075439348478355	19.07415345049293	18.302614659237033	34.54779254179169	0.0
116.0	29.075268817204304	18.666666666666668	19.78494623655914	32.47311827956989	0.0
117.0	30.86526043908739	20.232458028411536	18.295307791648728	30.606973740852343	0.0
118.0	28.10880829015544	17.012089810017272	20.552677029360964	34.32642487046632	0.0
119.0	24.23060251408756	19.679237104464672	26.788036410923276	29.30212397052449	0.0
120.0	27.876682587928787	21.102909248805908	21.88449848024316	29.135909683022142	0.0
121.0	31.040487592511973	18.371789290378754	17.762298650413584	32.825424466695694	0.0
122.0	31.048034934497814	19.25764192139738	20.611353711790393	29.08296943231441	0.0
123.0	33.40630472854641	18.08231173380035	19.220665499124344	29.290718038528894	0.0
124.0	30.38141166155195	18.018412976764576	20.648838228846998	30.951337132836475	0.0
125.0	28.125	20.510563380281692	19.32218309859155	32.04225352112676	0.0
126.0	32.25520602569783	18.91891891891892	17.855560478511297	30.970314576871953	0.0
127.0	29.401330376940134	19.157427937915745	20.753880266075388	30.687361419068736	0.0
128.0	31.0913140311804	18.173719376391983	19.821826280623608	30.91314031180401	0.0
129.0	29.209468512728897	19.47297900848593	17.507815989280928	33.809736489504246	0.0
130.0	30.372364288918796	18.528488111260653	17.003140421713773	34.096007178106774	0.0
131.0	31.775280898876407	19.370786516853933	18.292134831460675	30.56179775280899	0.0
132.0	29.430379746835445	19.122965641952984	21.202531645569618	30.24412296564195	0.0
133.0	28.805088596092688	21.399363925488416	19.900045433893684	29.89550204452522	0.0
134.0	25.52320291173794	20.83712465878071	19.881710646041856	33.75796178343949	0.0
135.0	28.08937528499772	17.510259917920656	21.3406292749658	33.05973552211582	0.0
136.0	25.262677021470992	17.999086340794886	22.15623572407492	34.58200091365921	0.0
137.0	28.63032524049473	16.445258818140175	20.293174530462665	34.63124141090243	0.0
138.0	27.67816091954023	19.126436781609197	20.551724137931036	32.64367816091954	0.0
139.0	27.83410138248848	18.986175115207374	20.046082949308754	33.13364055299539	0.0
140.0	27.504638218923933	19.52690166975881	20.54730983302412	32.42115027829314	0.0
141.0	31.334263133426315	16.875871687587168	20.362622036262206	31.427243142724315	0.0
142.0	32.05607476635514	15.046728971962617	19.11214953271028	33.78504672897196	0.0
143.0	31.058823529411768	19.058823529411764	19.2	30.68235294117647	0.0
144.0	31.486742424242426	17.518939393939394	18.892045454545457	32.10227272727273	0.0
145.0	29.709108249880785	19.790176442536957	20.028612303290416	30.472103004291846	0.0
146.0	29.282296650717704	20.095693779904305	18.229665071770334	32.39234449760765	0.0
147.0	29.250720461095103	19.98078770413064	17.579250720461097	33.18924111431316	0.0
148.0	26.94726656990808	19.738751814223512	19.35171746492501	33.9622641509434	0.0
149.0	30.428432327166504	19.62025316455696	17.672833495618306	32.278481012658226	0.0
150.0	28.347996089931577	20.576735092864126	18.084066471163247	32.99120234604106	0.0
151.0	28.627450980392155	19.06862745098039	20.93137254901961	31.372549019607842	0.0
152.0	28.87358583374324	19.28184948352189	18.298081652729955	33.54648303000492	0.0
153.0	30.118694362017806	17.11177052423343	20.375865479723046	32.39366963402572	0.0
154.0	32.0735952262556	15.564395822973646	20.785678766782695	31.576330183988066	0.0
155.0	30.11022044088176	20.541082164328657	16.983967935871743	32.364729458917836	0.0
156.0	30.045523520485585	15.983813859382904	18.917551846231664	35.053110773899846	0.0
157.0	31.132554596241746	17.521584560690705	20.721178263077704	30.62468257998984	0.0
158.0	30.290668026517082	22.33554309026007	16.36919938806731	31.004589495155532	0.0
159.0	32.8365878725591	16.495375128468652	20.349434737923946	30.318602261048305	0.0
160.0	26.07124419204956	19.617965926690758	22.767165720185854	31.543624161073826	0.0
161.0	29.112610275038918	19.615983393876494	20.965230928905036	30.30617540217955	0.0
162.0	30.837696335078533	18.7434554973822	21.727748691099478	28.691099476439792	0.0
163.0	30.647709320695103	16.482359136387572	16.903633491311215	35.96629805160611	0.0
164.0	30.687830687830687	17.3015873015873	22.116402116402117	29.894179894179896	0.0
165.0	30.434782608695656	17.497348886532343	21.898197242841995	30.16967126193001	0.0
166.0	27.258235919234856	19.925611052072263	19.28799149840595	33.52816153028692	0.0
167.0	26.602564102564102	19.871794871794872	23.344017094017094	30.18162393162393	0.0
168.0	27.478448275862068	18.69612068965517	19.935344827586206	33.890086206896555	0.0
169.0	27.976190476190478	17.965367965367964	19.264069264069263	34.794372294372295	0.0
170.0	29.10772578890098	17.51904243743199	20.729053318824807	32.64417845484222	0.0
171.0	29.78142076502732	18.360655737704917	17.3224043715847	34.53551912568306	0.0
172.0	30.748074807480748	20.737073707370737	18.096809680968097	30.41804180418042	0.0
173.0	29.09994478188846	19.5472114853672	19.768083931529542	31.5847598012148	0.0
174.0	31.19060927892677	19.508105086640583	18.05477920626048	31.24650642817216	0.0
175.0	27.44656917885264	19.34758155230596	20.64116985376828	32.564679415073115	0.0
176.0	29.06515580736544	18.923512747875353	18.526912181303114	33.48441926345609	0.0
177.0	29.36145952109464	22.006841505131128	18.415051311288483	30.216647662485745	0.0
178.0	28.760806916426514	20.230547550432277	21.498559077809798	29.510086455331415	0.0
179.0	27.88125727590221	18.50989522700815	22.52619324796275	31.08265424912689	0.0
180.0	30.814294083186876	15.465729349736378	20.796719390743995	32.92325717633275	0.0
181.0	27.438307873090483	19.80023501762632	20.211515863689776	32.54994124559342	0.0
182.0	33.13609467455622	17.928994082840237	19.289940828402365	29.644970414201183	0.0
183.0	30.649970184853903	22.242098986285033	20.03577817531306	27.072152653548002	0.0
184.0	30.792316926770706	20.948379351740694	18.42737094837935	29.831932773109244	0.0
185.0	28.08921036769138	19.770946353224833	23.568414707655215	28.57142857142857	0.0
186.0	28.30188679245283	18.685331710286064	22.82410225197809	30.18867924528302	0.0
187.0	30.642201834862387	21.529051987767584	17.61467889908257	30.21406727828746	0.0
188.0	30.030769230769234	18.461538461538463	20.492307692307694	31.015384615384615	0.0
189.0	28.970223325062033	18.734491315136477	21.21588089330025	31.07940446650124	0.0
190.0	30.875000000000004	18.1875	19.5625	31.374999999999996	0.0
191.0	28.44556324732536	20.01258653241032	20.327249842668348	31.214600377595975	0.0
192.0	30.310716550412174	21.36968928344959	19.97463538363982	28.344958782498413	0.0
193.0	28.397435897435898	20.128205128205128	20.897435897435898	30.57692307692308	0.0
194.0	28.617571059431523	20.930232558139537	22.416020671834623	28.036175710594314	0.0
195.0	27.95838751625488	21.066319895968793	20.741222366710012	30.23407022106632	0.0
196.0	28.184818481848183	20.0	21.386138613861387	30.429042904290426	0.0
197.0	30.99062918340027	20.615796519410978	19.143239625167336	29.250334672021417	0.0
198.0	27.85862785862786	24.601524601524602	19.68121968121968	27.85862785862786	0.0
199.0	27.785923753665685	23.09384164222874	19.64809384164223	29.472140762463344	0.0
200.0	29.138513513513516	17.22972972972973	19.00337837837838	34.62837837837838	0.0
201.0	32.373271889400925	17.857142857142858	17.28110599078341	32.48847926267281	0.0
202.0	34.64658169177289	17.497103128621088	20.625724217844727	27.230590961761298	0.0
203.0	33.76318874560375	18.522860492379838	17.702227432590856	30.011723329425553	0.0
204.0	35.655253837072024	16.528925619834713	22.904368358913814	24.911452184179456	0.0
205.0	32.38434163701068	19.33570581257414	24.080664294187425	24.199288256227756	0.0
206.0	30.906921241050117	21.121718377088307	18.377088305489263	29.594272076372313	0.0
207.0	27.04326923076923	25.0	15.865384615384615	32.09134615384615	0.0
208.0	27.966101694915253	18.038740920096853	20.33898305084746	33.65617433414044	0.0
209.0	25.060827250608277	21.41119221411192	20.316301703163017	33.21167883211679	0.0
210.0	25.24630541871921	20.44334975369458	20.073891625615765	34.23645320197045	0.0
211.0	30.407911001236094	21.631644004944377	17.92336217552534	30.03708281829419	0.0
212.0	28.980099502487562	15.422885572139302	23.258706467661693	32.33830845771145	0.0
213.0	30.82706766917293	19.172932330827066	17.669172932330827	32.33082706766917	0.0
214.0	29.11392405063291	25.82278481012658	18.10126582278481	26.962025316455694	0.0
215.0	29.209183673469386	24.617346938775512	17.602040816326532	28.57142857142857	0.0
216.0	29.015544041450774	21.502590673575128	18.264248704663213	31.21761658031088	0.0
217.0	26.28120893561104	18.791064388961892	24.178712220762154	30.749014454664913	0.0
218.0	26.040268456375838	17.449664429530202	20.40268456375839	36.10738255033557	0.0
219.0	19.096209912536445	23.61516034985423	25.94752186588921	31.341107871720116	0.0
220.0	0.0	29.86111111111111	27.77777777777778	42.36111111111111	0.0
