# Position (bp)	A	C	G	T	N
0.0	52.08382948321029	10.359609430816862	15.289354608240057	22.267206477732792	0.0
1.0	17.00404858299595	51.55989521314599	13.288878304358182	18.14717789949988	0.0
2.0	22.717622080679405	49.37485255956594	11.229063458362821	16.678461901391838	0.0
3.0	56.76311456127971	11.973653258056927	11.079745942131265	20.18348623853211	0.0
4.0	53.24095819633631	10.075152653828088	13.339596054485675	23.34429309534993	0.0
5.0	20.140679953106684	48.393903868698715	11.535756154747949	19.929660023446658	0.0
6.0	18.38838135394706	48.69992972593113	15.460295151089248	17.45139376903256	0.0
7.0	57.22976134768367	13.781001403837154	13.968179691155827	15.021057557323351	0.0
8.0	52.571294997662456	15.568022440392706	14.936886395511923	16.923796166432915	0.0
9.0	18.207282913165265	47.47899159663865	13.328664799253035	20.985060690943044	0.0
10.0	20.0	11.445221445221446	11.748251748251748	56.806526806526804	0.0
11.0	16.073505466387534	16.12002791346825	12.747150500116305	55.059316120027916	0.0
12.0	18.912639405204462	11.54739776951673	13.54553903345725	55.99442379182156	0.0
13.0	19.174588453512637	47.69302109900301	11.778344539763506	21.354045907720845	0.0
14.0	17.946345975948198	12.696577243293246	51.13320999074931	18.22386679000925	0.0
15.0	49.54044117647059	13.947610294117647	14.935661764705882	21.57628676470588	0.0
16.0	16.077981651376145	13.96788990825688	13.142201834862385	56.811926605504595	0.0
17.0	16.052209754980538	46.439203114266085	14.586672773070758	22.921914357682617	0.0
18.0	16.510404756460094	11.662474273953807	18.13400411616739	53.69311685341871	0.0
19.0	16.335389536212016	48.98332190998401	13.365318711446195	21.31596984235778	0.0
20.0	18.248175182481752	15.967153284671534	13.777372262773724	52.00729927007299	0.0
21.0	18.51431167651068	13.675601999091322	14.107223989095866	53.702862335302136	0.0
22.0	15.05668934240363	13.900226757369616	46.326530612244895	24.71655328798186	0.0
23.0	17.285908473040326	12.233801540552786	16.26642501132759	54.2138649750793	0.0
24.0	50.905387052965146	13.807152557718425	13.37709370755998	21.91036668175645	0.0
25.0	18.99592944369064	13.50067842605156	45.07010402532791	22.433288104929897	0.0
26.0	52.90395480225989	11.005649717514125	11.887005649717514	24.203389830508474	0.0
27.0	16.263835554551616	17.732098486559746	9.577592048791507	56.42647391009713	0.0
28.0	17.00158049221043	50.77895687514111	8.489501016030706	23.729961616617747	0.0
29.0	19.535303406271147	10.060906835100383	14.933453643131061	55.47033611549741	0.0
30.0	18.798538145271813	10.621288259479215	46.185472818638644	24.39470077661032	0.0
31.0	20.037629350893695	12.276575729068675	10.912511759172155	56.773283160865475	0.0
32.0	21.71401059220029	11.097737120847375	11.7477130476649	55.44053923928743	0.0
33.0	20.262390670553938	49.732750242954324	11.63751214771623	18.367346938775512	0.0
34.0	21.49487054225696	11.235955056179774	11.333659013190033	55.935515388373226	0.0
35.0	17.426470588235293	47.23039215686274	14.730392156862745	20.612745098039216	0.0
36.0	19.62087641555884	11.767602166420483	11.841457410142787	56.7700640078779	0.0
37.0	53.449564134495645	13.599003735990037	13.250311332503115	19.701120797011207	0.0
38.0	55.55555555555556	14.731585518102372	10.536828963795255	19.176029962546817	0.0
39.0	56.02907996991727	14.389571321133115	8.573577337678616	21.007771371270994	0.0
40.0	15.987857323551733	49.05135340247913	12.167973690867695	22.79281558310144	0.0
41.0	20.59800664451827	8.586762075134168	51.597239969332996	19.21799131101457	0.0
42.0	60.02052861175263	12.137541698742622	10.77752117013087	17.064408519373877	0.0
43.0	59.20084121976866	11.724500525762355	10.120925341745531	18.95373291272345	0.0
44.0	19.053911205073994	49.49788583509514	11.310782241014799	20.137420718816067	0.0
45.0	28.390932738758828	15.458937198067632	15.013006317354144	41.1371237458194	0.0
46.0	29.474583511319945	16.44596326356258	21.272960273387444	32.80649295173003	0.0
47.0	32.2790294627383	17.504332755632582	19.974003466204508	30.24263431542461	0.0
48.0	27.28857890148213	19.39843068875327	19.57279860505667	33.74019180470793	0.0
49.0	28.2792352156514	22.72120942641174	17.074255224544242	31.92530013339262	0.0
50.0	25.425246195165624	25.156669650850493	19.427036705461056	29.991047448522828	0.0
51.0	31.10712684894666	19.76692066337965	14.970865082922458	34.155087404751235	0.0
52.0	27.068345323741006	17.221223021582734	19.964028776978417	35.74640287769784	0.0
53.0	28.279618701770314	17.158420335905582	24.51202905129369	30.049931911030413	0.0
54.0	28.656579550664834	22.787712058688676	18.43191196698762	30.12379642365887	0.0
55.0	32.0902394106814	18.646408839779006	19.751381215469614	29.51197053406998	0.0
56.0	26.493747105141267	20.055581287633164	20.33348772579898	33.117183881426584	0.0
57.0	31.26747437092265	17.28797763280522	18.499534016775396	32.94501397949674	0.0
58.0	28.46476901539897	18.85207652823145	19.41203919738684	33.27111525898274	0.0
59.0	26.96629213483146	21.34831460674157	19.288389513108616	32.39700374531835	0.0
60.0	28.732394366197184	16.24413145539906	22.300469483568076	32.72300469483568	0.0
61.0	30.357142857142854	19.031954887218046	21.14661654135338	29.464285714285715	0.0
62.0	30.70754716981132	22.21698113207547	18.49056603773585	28.58490566037736	0.0
63.0	31.82033096926714	17.919621749408986	19.243498817966902	31.016548463356976	0.0
64.0	26.44824311490978	18.37606837606838	22.22222222222222	32.95346628679962	0.0
65.0	29.305423406279736	18.363463368220742	21.26546146527117	31.065651760228352	0.0
66.0	30.62200956937799	17.607655502392344	20.239234449760765	31.5311004784689	0.0
67.0	28.78423834694858	16.962998558385394	20.663142719846228	33.5896203748198	0.0
68.0	25.91346153846154	19.567307692307693	20.14423076923077	34.375	0.0
69.0	28.736740597878494	19.961427193828353	21.697203471552555	29.604628736740597	0.0
70.0	29.1928467858869	21.701304978250363	19.13968100531658	29.96616723054616	0.0
71.0	29.588377723970943	20.290556900726394	20.774818401937047	29.34624697336562	0.0
72.0	28.052325581395348	17.684108527131784	21.511627906976745	32.751937984496124	0.0
73.0	29.311187103077675	18.85686370297997	21.104054714215927	30.72789447972643	0.0
74.0	30.633284241531666	18.605792832596958	21.993127147766323	28.767795778105054	0.0
75.0	29.753694581280786	19.014778325123153	22.807881773399014	28.423645320197043	0.0
76.0	27.865612648221344	21.09683794466403	18.725296442687746	32.31225296442688	0.0
77.0	29.930624380574827	20.41625371655104	17.443012884043608	32.21010901883052	0.0
78.0	30.61630218687873	17.842942345924452	18.439363817097416	33.1013916500994	0.0
79.0	29.41470735367684	19.909954977488745	18.209104552276138	32.46623311655828	0.0
80.0	30.511022044088175	19.438877755511022	20.090180360721444	29.959919839679362	0.0
81.0	27.304785894206553	18.18639798488665	18.740554156171285	35.768261964735515	0.0
82.0	30.680100755667507	16.32241813602015	20.65491183879093	32.34256926952141	0.0
83.0	29.254783484390735	18.27794561933535	20.14098690835851	32.3262839879154	0.0
84.0	29.575328614762388	18.35187057633974	20.677451971688573	31.3953488372093	0.0
85.0	30.644342973110096	17.80821917808219	19.837645865043125	31.709791983764585	0.0
86.0	27.938931297709924	19.89821882951654	20.712468193384222	31.45038167938931	0.0
87.0	31.23076923076923	18.153846153846153	19.846153846153847	30.76923076923077	0.0
88.0	32.66460905349795	17.541152263374485	18.569958847736626	31.224279835390945	0.0
89.0	30.020597322348095	18.177136972193615	18.177136972193615	33.625128733264674	0.0
90.0	29.896907216494846	17.31958762886598	19.226804123711343	33.55670103092783	0.0
91.0	29.49380165289256	21.487603305785125	16.735537190082646	32.28305785123967	0.0
92.0	28.497409326424872	17.82383419689119	19.11917098445596	34.55958549222798	0.0
93.0	29.22516900676027	19.18876755070203	18.356734269370776	33.229329173166924	0.0
94.0	29.21875	16.510416666666668	19.6875	34.583333333333336	0.0
95.0	30.323590814196244	16.54488517745303	19.937369519832984	33.194154488517746	0.0
96.0	29.32843651626443	17.785939139559286	19.150052465897165	33.73557187827912	0.0
97.0	30.357142857142854	16.911764705882355	18.85504201680672	33.87605042016807	0.0
98.0	29.39936775553214	19.546891464699684	18.545837723919917	32.50790305584827	0.0
99.0	30.570221752903908	18.84899683210137	20.591341077085534	29.989440337909183	0.0
100.0	30.990415335463258	16.50692225772098	20.07454739084132	32.42811501597444	0.0
101.0	31.246655965757093	20.81326912787587	19.20813269127876	28.731942215088285	0.0
102.0	29.89247311827957	16.129032258064516	20.698924731182796	33.27956989247312	0.0
103.0	28.51731601731602	18.77705627705628	21.645021645021643	31.060606060606062	0.0
104.0	27.77173913043478	18.858695652173914	20.32608695652174	33.04347826086956	0.0
105.0	27.32749178532311	18.619934282584886	20.53669222343921	33.51588170865279	0.0
106.0	33.00220750551877	19.205298013245034	19.5364238410596	28.2560706401766	0.0
107.0	28.73818788215675	20.066703724291273	19.344080044469152	31.85102834908282	0.0
108.0	32.737430167597765	17.6536312849162	17.094972067039105	32.513966480446925	0.0
109.0	30.129286115795388	19.33670601461495	19.392917369308602	31.141090500281056	0.0
110.0	25.581395348837212	20.703346568349403	21.213840045377196	32.50141803743619	0.0
111.0	30.98913664951401	19.153802172670098	19.268153230417383	30.588907947398514	0.0
112.0	26.07696726019529	19.069500287191268	19.816197587593336	35.03733486502011	0.0
113.0	28.778228141285467	19.97683844817603	17.718587145338738	33.52634626519977	0.0
114.0	30.728862973760933	18.309037900874635	18.950437317784257	32.011661807580175	0.0
115.0	25.79881656804734	19.230769230769234	18.5207100591716	36.44970414201183	0.0
116.0	27.500000000000004	19.761904761904763	17.32142857142857	35.41666666666667	0.0
117.0	29.468021518230724	18.88822474596533	19.18708906156605	32.45666467423789	0.0
118.0	29.154169166166767	15.056988602279544	20.455908818236352	35.332933413317335	0.0
119.0	23.23476161738081	21.72601086300543	26.37296318648159	28.66626433313217	0.0
120.0	26.060606060606062	21.09090909090909	20.78787878787879	32.06060606060606	0.0
121.0	30.47735618115055	19.88984088127295	18.482252141982862	31.150550795593634	0.0
122.0	28.3775447254781	17.643429981492904	22.208513263417643	31.770512029611353	0.0
123.0	30.60211049037865	18.6219739292365	19.428926132836747	31.346989447548108	0.0
124.0	28.589341692789972	19.93730407523511	20.43887147335423	31.03448275862069	0.0
125.0	29.363057324840764	17.898089171974522	19.10828025477707	33.63057324840764	0.0
126.0	30.147530468248878	18.152661962796664	19.94868505452213	31.75112251443233	0.0
127.0	29.16396629941672	18.92417368762152	22.747893713545043	29.16396629941672	0.0
128.0	30.123617436564736	19.1932335718933	20.234222511385816	30.448926480156146	0.0
129.0	30.62295081967213	18.0327868852459	17.37704918032787	33.967213114754095	0.0
130.0	30.0	19.271523178807946	17.549668874172188	33.17880794701987	0.0
131.0	30.563002680965145	19.839142091152816	19.302949061662197	30.29490616621984	0.0
132.0	26.964769647696478	18.69918699186992	21.476964769647697	32.859078590785906	0.0
133.0	29.28327645051195	19.658703071672353	21.36518771331058	29.692832764505116	0.0
134.0	26.015141087405368	19.4769442532691	20.50929112181693	33.99862353750861	0.0
135.0	27.342123525329633	15.267175572519085	20.81887578070784	36.57182512144344	0.0
136.0	24.369747899159663	20.588235294117645	19.39775910364146	35.64425770308123	0.0
137.0	26.215644820295985	18.040873854827343	19.873150105708245	35.87033121916843	0.0
138.0	27.175463623395153	19.472182596291013	20.114122681883025	33.238231098430816	0.0
139.0	29.424460431654676	17.12230215827338	20.575539568345324	32.877697841726615	0.0
140.0	27.239621267297885	17.771303714493808	22.578295702840496	32.41077931536781	0.0
141.0	28.68672046955246	19.148936170212767	21.790168745414526	30.374174614820248	0.0
142.0	32.44444444444444	16.444444444444446	17.703703703703706	33.407407407407405	0.0
143.0	32.834704562453254	20.49364248317128	19.521316379955124	27.150336574420344	0.0
144.0	31.996974281391832	18.608169440242055	16.565809379727686	32.829046898638424	0.0
145.0	31.016042780748666	19.556913674560732	18.258212375859433	31.16883116883117	0.0
146.0	29.099307159353348	19.168591224018474	18.937644341801384	32.79445727482679	0.0
147.0	28.969790859798607	20.9140201394268	16.963594113090625	33.15259488768397	0.0
148.0	25.68519968676586	21.456538762725135	20.6734534064213	32.184808144087704	0.0
149.0	30.708035003977724	19.570405727923628	17.979315831344472	31.742243436754176	0.0
150.0	26.944667201283078	20.12830793905373	19.0056134723336	33.92141138732959	0.0
151.0	28.246753246753247	19.237012987012985	21.59090909090909	30.925324675324678	0.0
152.0	26.923076923076923	20.212765957446805	18.00327332242226	34.86088379705401	0.0
153.0	31.043046357615893	19.619205298013245	17.9635761589404	31.374172185430467	0.0
154.0	31.548117154811717	15.899581589958158	19.8326359832636	32.71966527196653	0.0
155.0	31.35593220338983	21.01694915254237	15.254237288135593	32.3728813559322	0.0
156.0	31.12639724849527	18.572656921754085	18.056749785038694	32.244196044711956	0.0
157.0	29.130434782608695	20.0	19.565217391304348	31.30434782608696	0.0
158.0	30.958663148636763	20.756376429199648	16.886543535620053	31.398416886543533	0.0
159.0	33.03650934995548	15.85040071237756	20.21371326803206	30.899376669634908	0.0
160.0	27.15827338129496	19.154676258992804	23.561151079136692	30.125899280575542	0.0
161.0	27.504553734061933	18.761384335154826	23.224043715846996	30.510018214936245	0.0
162.0	29.23923006416132	20.714940421631532	20.256645279560036	29.789184234647117	0.0
163.0	28.254847645429365	18.467220683287167	17.174515235457065	36.10341643582641	0.0
164.0	29.13165266106443	14.84593837535014	22.408963585434176	33.61344537815126	0.0
165.0	29.150943396226413	18.0188679245283	20.943396226415096	31.886792452830186	0.0
166.0	29.703915950334288	19.866284622731616	21.967526265520533	28.462273161413563	0.0
167.0	28.709055876685934	19.07514450867052	22.447013487475914	29.76878612716763	0.0
168.0	26.524685382381413	19.94191674733785	18.973862536302033	34.5595353339787	0.0
169.0	26.035502958579883	19.32938856015779	19.82248520710059	34.81262327416174	0.0
170.0	27.844311377245507	16.766467065868262	20.25948103792415	35.12974051896208	0.0
171.0	28.3987915407855	18.429003021148034	19.234642497482376	33.93756294058409	0.0
172.0	28.367346938775512	21.3265306122449	16.428571428571427	33.87755102040816	0.0
173.0	27.96257796257796	19.64656964656965	18.60706860706861	33.78378378378378	0.0
174.0	31.216931216931215	19.576719576719576	18.73015873015873	30.476190476190478	0.0
175.0	27.63440860215054	17.956989247311828	22.258064516129032	32.15053763440861	0.0
176.0	29.443838604143945	17.66630316248637	19.19302071973828	33.69683751363141	0.0
177.0	27.783902976846747	21.389195148842337	20.17640573318633	30.650496141124588	0.0
178.0	26.140155728587317	20.355951056729698	19.021134593993324	34.48275862068966	0.0
179.0	26.410835214446955	18.735891647855528	23.47629796839729	31.376975169300223	0.0
180.0	30.70776255707763	15.639269406392694	19.406392694063925	34.24657534246575	0.0
181.0	31.682027649769584	19.00921658986175	17.050691244239633	32.25806451612903	0.0
182.0	34.50292397660819	16.842105263157894	20.46783625730994	28.18713450292398	0.0
183.0	28.436018957345972	25.0	18.95734597156398	27.606635071090047	0.0
184.0	30.952380952380953	20.595238095238095	16.428571428571427	32.02380952380952	0.0
185.0	25.03008423586041	23.104693140794225	21.41997593261131	30.445246690734056	0.0
186.0	33.660933660933665	17.32186732186732	19.164619164619165	29.85257985257985	0.0
187.0	32.094175960346966	21.685254027261465	15.737298636926889	30.483271375464682	0.0
188.0	28.894472361809044	20.979899497487438	19.849246231155778	30.27638190954774	0.0
189.0	28.77059569074778	21.166032953105194	17.743979721166035	32.31939163498099	0.0
190.0	31.800766283524908	16.85823754789272	18.39080459770115	32.95019157088122	0.0
191.0	27.734375	20.572916666666664	17.447916666666664	34.24479166666667	0.0
192.0	33.11345646437995	18.997361477572557	18.337730870712402	29.551451187335093	0.0
193.0	31.216216216216214	16.08108108108108	19.594594594594593	33.108108108108105	0.0
194.0	27.421555252387446	18.963165075034105	23.874488403819917	29.740791268758528	0.0
195.0	29.160935350756535	20.357634112792297	18.29436038514443	32.18707015130674	0.0
196.0	31.408450704225356	19.718309859154928	17.183098591549296	31.690140845070424	0.0
197.0	29.871977240398294	16.927453769559033	22.617354196301566	30.58321479374111	0.0
198.0	28.509406657018815	22.14182344428365	17.221418234442837	32.127351664254704	0.0
199.0	27.761194029850746	22.388059701492537	20.597014925373134	29.253731343283583	0.0
200.0	26.666666666666668	17.72357723577236	21.30081300813008	34.30894308943089	0.0
201.0	32.54545454545455	18.72727272727273	15.636363636363637	33.09090909090909	0.0
202.0	34.81481481481482	16.666666666666664	20.0	28.51851851851852	0.0
203.0	31.894934333958723	18.19887429643527	22.326454033771107	27.5797373358349	0.0
204.0	33.07984790874524	19.20152091254753	24.714828897338403	23.00380228136882	0.0
205.0	35.96153846153846	18.076923076923077	23.653846153846153	22.30769230769231	0.0
206.0	28.543307086614174	17.913385826771652	21.062992125984252	32.48031496062992	0.0
207.0	27.67676767676768	23.434343434343436	16.161616161616163	32.72727272727273	0.0
208.0	27.31006160164271	17.864476386036962	19.917864476386036	34.90759753593429	0.0
209.0	25.260960334029225	21.29436325678497	20.45929018789144	32.98538622129436	0.0
210.0	25.05307855626327	19.32059447983015	19.10828025477707	36.51804670912951	0.0
211.0	32.97644539614561	20.342612419700217	17.987152034261243	28.693790149892934	0.0
212.0	31.887201735357916	16.268980477223426	21.69197396963124	30.151843817787416	0.0
213.0	25.82781456953642	19.867549668874172	19.205298013245034	35.099337748344375	0.0
214.0	28.018223234624145	24.373576309794988	18.223234624145785	29.38496583143508	0.0
215.0	28.837209302325583	21.3953488372093	16.511627906976745	33.25581395348837	0.0
216.0	29.216152019002372	19.95249406175772	15.676959619952493	35.15439429928741	0.0
217.0	28.292682926829265	16.82926829268293	21.21951219512195	33.65853658536586	0.0
218.0	23.25581395348837	16.020671834625322	21.705426356589147	39.01808785529715	0.0
219.0	19.130434782608695	22.608695652173914	24.637681159420293	33.6231884057971	0.0
220.0	0.0	33.004926108374384	26.108374384236456	40.88669950738916	0.0
