# Position (bp)	A	C	G	T	N
0.0	26.592930566158323	24.31515969250981	25.61116338523266	23.480746356099207	0.0
1.0	26.719147133578087	20.700367127929965	15.643532900310648	36.93518780005648	0.0017650381248234962
2.0	27.808031479464567	20.273688648420755	17.69490215367319	34.22337771844148	0.0
3.0	24.081425648379707	22.120984243017787	15.19036043441003	38.598485510921456	0.008744163271016596
4.0	32.96630774574505	15.647794373046198	14.664814171587356	36.7210837096214	0.0
5.0	35.28189499930738	14.761393544812302	22.345546474580967	27.600775730710623	0.0103892505887242
6.0	31.170667770419424	17.40480132450331	21.12134381898455	30.301462472406183	0.0017246136865342163
7.0	34.94617194072904	17.700588932195533	19.864013323947045	27.48922580312838	0.0
8.0	24.649250535331905	26.54561027837259	21.514346895074947	27.290792291220555	0.0
9.0	28.092924592856168	18.689270562474338	16.56459559326673	36.653209251402764	0.0
10.0	26.866844298695085	17.12441073990572	25.237412037985923	30.767916922866707	0.0034160005465600878
11.0	27.317397758100014	19.06979918445343	20.545631366125814	33.06717169132074	0.0
12.0	26.96202100095459	20.07875357970817	21.036751670530478	31.922473748806762	0.0
13.0	27.121818336596576	21.79620328594535	18.992083085042992	32.08989529241508	0.0
14.0	30.366902187792626	20.122584489656933	20.204307482761553	29.306205839788884	0.0
15.0	29.333446837490424	18.81671916233932	19.809313016089213	32.04052098408104	0.0
16.0	29.471354388354477	18.30084276836639	19.085724014642036	33.1420788286371	0.0
17.0	29.89699497744105	18.590278368945263	21.161147527028177	30.349876564229167	0.0017025623563463011
18.0	32.27377202690049	18.249765897676003	18.450668255724867	31.025793819698645	0.0
19.0	30.564399421128797	19.121477824125307	19.841661700859795	30.472461053886096	0.0
20.0	30.695496722567462	17.553417893930366	20.498850770409465	31.252234613092707	0.0
21.0	28.83289350472461	18.225930024687152	19.303651996254363	33.63752447433387	0.0
22.0	28.0309866348855	19.085724014642036	20.83255299225334	32.05073635821912	0.0
23.0	30.183025453307227	17.619817825827873	19.998297437643654	32.1971567208649	0.0017025623563463011
24.0	30.717630033199967	17.92798161232655	19.70034902528305	31.654039329190432	0.0
25.0	28.89759087426577	18.52728356176045	19.533497914361114	33.041627649612664	0.0
26.0	30.303907380607814	17.456371839618626	21.619136800885332	30.620583978888227	0.0
27.0	29.079765046394822	18.345109389631396	20.476717459776964	32.09840810419682	0.0
28.0	29.936153911637014	17.84625861922193	20.50566101983485	31.711926449306205	0.0
29.0	29.37601089639908	18.806503788201244	18.980165148548565	32.83732016685111	0.0
30.0	29.936663602002245	18.093438212960127	19.246092552865463	32.72210304082814	0.0017025913440256069
31.0	30.27140230198188	18.72403459783423	19.747326840563918	31.25723625961997	0.0
32.0	29.060105567852883	19.303592712412737	18.738293887280776	32.8980078324536	0.0
33.0	30.233825507927587	17.684224867589705	19.41790561828369	32.662340979921325	0.001703026277695465
34.0	29.133871682169747	18.809840198984634	19.35670721319295	32.69958090565267	0.0
35.0	30.62815144004786	17.883941543457823	19.66669515426032	31.821211862233994	0.0
36.0	31.21492128678987	17.975701574264203	18.557494866529776	32.251882272416154	0.0
37.0	28.930106698179454	19.741732175581017	19.378650088201546	31.946085735326857	0.003425302711127096
38.0	30.415323410384797	18.413471431511077	19.444063378832567	31.727141779271555	0.0
39.0	30.52774390767487	18.82395370004637	18.932147211870372	31.71615518040839	0.0
40.0	29.39604950187873	20.004136647247407	19.113033886035367	31.485056361818746	0.0017236030197524906
41.0	29.401670884320723	17.977605990224287	20.603528963150413	32.01719416230458	0.0
42.0	28.07994016662898	19.052754248343277	19.955472840171847	32.91183274485589	0.0
43.0	29.42500654393159	18.90759968589128	20.275717651164822	31.391676119012303	0.0
44.0	28.942122748732295	19.482426997726876	20.23080958209477	31.344640671446054	0.0
45.0	30.081856584459523	18.800722160873605	19.86643529473629	31.25098595993059	0.0
46.0	29.895132533506647	17.7291011610954	19.427708197930755	32.9480581074672	0.0
47.0	30.790075664261835	19.093788491993667	18.98645081822981	31.127925391518563	0.0017596339961288051
48.0	29.85740221740433	18.60645479703171	19.166975129113567	32.369167856450396	0.0
49.0	27.734609543319323	19.24910818351994	20.449969978455126	32.56631229470561	0.0
50.0	29.710478755448456	18.31567383677664	19.284878982246003	32.6889684255289	0.0
51.0	30.78484799914516	18.001460347990243	18.936439244180868	32.27725240868373	0.0
52.0	28.582424860820222	19.021534826271413	20.69169217550078	31.70255804378569	0.0017900936218964254
53.0	30.66599503472097	19.02637354729608	19.49231820962113	30.815313208361815	0.0
54.0	30.058211005857256	18.620290693470242	19.489840190903173	31.83165810976932	0.0
55.0	28.45007532717405	19.214782277240303	18.568602181765378	33.76654021382027	0.0
56.0	29.39986882378662	18.585118787348783	21.30520332313074	30.709809065733857	0.0
57.0	27.256782680186355	19.93240157120672	19.652872933223716	33.157942815383215	0.0
58.0	30.642914742320944	17.627006817681988	22.063998240598195	29.66608019939887	0.0
59.0	28.472056090244934	21.569349110248247	20.9896763033437	28.96891849616312	0.0
60.0	31.297851092946704	18.94625883049155	20.03735621555646	29.71853386100529	0.0
61.0	28.783647939238243	20.998547972746564	20.244610745001676	29.973193343013516	0.0
62.0	30.963914235289703	16.51271075062897	21.45432015320491	31.06905486087642	0.0
63.0	25.83189548927779	20.904040499800914	25.13983428452248	28.12422972639882	0.0
64.0	26.132210848560224	21.570840906916676	18.37558595618483	33.92136228833827	0.0
65.0	27.742147355407027	19.742688250975544	18.95066259707144	33.56257002665842	0.0019317698875709927
66.0	27.418915235759062	18.84515048865008	18.06253163571234	35.66756220067749	0.005840439201027918
67.0	34.028145792851674	14.34375552022611	18.220180965279003	33.40595497458242	0.0019627470607862765
68.0	34.20931765081774	16.376779759170876	23.07446532340196	26.339437266609423	0.0
69.0	32.05065158593558	17.041635931481025	20.445045488074747	30.46061798213261	0.0020490123760347513
70.0	31.727218450788314	16.814452822678724	23.866174291842647	27.592154434690315	0.0
71.0	25.604736396955175	20.253735551170003	25.500422892585284	28.64110515928954	0.0
