# Position (bp)	A	C	G	T	N
0.0	26.353634929359455	23.92032846178821	23.512639032381514	26.213397576470822	0.0
1.0	26.41753794748786	19.973660460313504	15.439681505267428	38.16912008693121	0.0
2.0	28.693786086913004	19.14745445730865	18.329408807784777	33.82935064799357	0.0
3.0	23.02613093179355	22.57218558559252	15.045713459337923	39.35597002327601	0.0
4.0	34.10882866676307	13.032098694841107	14.726828742634806	38.13224389576103	0.0
5.0	34.92617208007278	14.797412999321091	23.114447018984716	27.16196790162141	0.0
6.0	31.180222145752506	17.11936953527056	20.995857442366447	30.704550876610494	0.0
7.0	34.94525788190852	16.904875640815625	20.115220381207653	28.0346460960682	0.0
8.0	22.5250746770773	26.775703811526817	22.923086733151347	27.776134778244536	0.0
9.0	27.85986820334153	18.461839106491656	15.46539733042504	38.21289535974177	0.0
10.0	26.494324871946816	16.255580854083686	25.26484663851457	31.98524763545493	0.0
11.0	28.255310400480223	17.979598893119157	19.63603101641082	34.12905968998981	0.0
12.0	26.04716941719447	19.55910015908389	21.324318396452	33.06941202726964	0.0
13.0	26.53736657347378	20.65318668005009	18.74002977188448	34.069416974591654	0.0
14.0	30.883053003409255	18.192924669876195	20.339279098224132	30.584743228490417	0.0
15.0	29.914463550879912	18.479347129398857	19.888083330493203	31.71810598922803	0.0
16.0	29.97722582765949	17.423574868923453	18.774262491713237	33.82493681170383	0.0
17.0	30.49974548776747	17.81258554744317	19.60347488904256	32.084194075746794	0.0
18.0	31.14179794477249	17.668096259494735	18.799342665814994	32.39076312991778	0.0
19.0	29.941247802564476	18.235746490424734	20.008523136426252	31.81448257058454	0.0
20.0	29.789323789032995	17.88195799613669	19.58081340570349	32.74790480912682	0.0
21.0	29.293753291343393	18.341687894342794	19.738523037479812	32.626035776834	0.0
22.0	29.787605968889043	19.095755967294902	22.346682490767748	28.76995557304831	0.0
23.0	29.897367804807256	20.204821879916402	21.0017255159782	28.896084799298137	0.0
24.0	32.5464526052048	19.315994252311224	18.17018073117022	29.967372411313757	0.0
25.0	29.735837741030778	21.015949066770155	19.211482074752936	30.036731117446124	0.0
26.0	32.524052230527616	16.63565886785483	21.747589279922778	29.092699621694777	0.0
27.0	26.5004403116593	21.28438251374531	24.815148809949175	27.400028364646218	0.0
28.0	26.50619844478184	19.608765775085946	18.374518872934082	35.51051690719814	0.0
29.0	28.03533322412578	19.84744657716778	17.34238381763951	34.774836381066926	0.0
30.0	26.501389332820164	19.07273287395738	16.186092135630158	38.2397856575923	0.0
31.0	34.20228746171121	14.102953037427088	18.068832081078142	33.625927419783565	0.0
32.0	34.346614525385036	15.569137257392862	22.529014313232135	27.555233903989972	0.0
33.0	31.267754076799303	17.405393510567137	20.775292426735128	30.55155998589843	0.0
34.0	33.648737937054456	16.244210998496676	21.894033994471656	28.21301706997721	0.0
35.0	26.331594008135973	19.963744539344844	25.786380085151478	27.918281367367708	0.0
