# Position (bp)	A	C	G	T	N
0.0	26.14290739728257	24.069763517156666	23.667853445144527	26.119475640416233	0.0
1.0	26.420311129377783	20.07252268877643	15.395346621239359	38.11181956060643	0.0
2.0	28.81091956109481	19.097585085819837	18.177156570188842	33.91433878289651	0.0
3.0	22.8348690133325	22.743417539976072	15.015579268173864	39.40613417851757	0.0
4.0	33.97458142440751	13.139242059952263	14.72481636444088	38.16136015119935	0.0
5.0	34.67066287416512	14.790768225037448	23.245705284160664	27.29286361663677	0.0
6.0	30.825750613211277	17.359533533375128	21.056975392424786	30.75774046098881	0.0
7.0	34.88875769176927	17.12623935629553	20.048022203421812	27.936980748513378	0.0
8.0	22.257262673540314	27.126884521512608	22.72113646461634	27.89471634033074	0.0
9.0	27.765403319557635	18.489741264402095	15.607763893876408	38.13709152216386	0.0
10.0	26.194925106056637	16.694124735999612	25.202283641409867	31.908666516533877	0.0
11.0	27.939610101096175	18.209203951332633	19.46403812561245	34.38714782195875	0.0
12.0	25.827667849469567	19.985611598366393	21.102380416192428	33.084340135971615	0.0
13.0	26.154620539382467	20.92444871849494	18.73161735616163	34.189313385960965	0.0
14.0	30.329338583923217	18.548232186440575	20.358687514835758	30.763741714800457	0.0
15.0	29.658074607879538	18.557008867978503	19.850212113281273	31.934704410860686	0.0
16.0	29.796006062118458	17.599571512912433	18.68443508481488	33.91998734015423	0.0
17.0	30.39643576649888	17.93326800528305	19.725281346812825	31.945014881405243	0.0
18.0	31.030158430666045	17.892744325893645	18.709340896779654	32.367756346660656	0.0
19.0	29.555018594148475	18.52968064321755	20.11319606327488	31.802104699359095	0.0
20.0	29.381761301042612	17.96262910912422	19.929153555408128	32.72645603442504	0.0
21.0	28.847016719517466	18.43062952300379	19.84057115381104	32.8817826036677	0.0
22.0	29.59741690454598	18.96139355686888	22.637642347184098	28.80354719140104	0.0
23.0	29.621872318151667	20.321109684173365	20.96640880346198	29.09060919421299	0.0
24.0	32.45803078533649	19.29793851453752	18.072039391597027	30.171991308528963	0.0
25.0	29.279898234316704	21.18647100712725	19.259922458444663	30.273708300111384	0.0
26.0	31.7885318839433	16.77746060535974	21.844722122471836	29.58928538822513	0.0
27.0	26.15524135874229	21.283586631689786	24.797752877376002	27.76341913219192	0.0
28.0	26.33893085167895	19.921776760661963	18.45060529887583	35.288687088783256	0.0
29.0	28.055642456740454	20.094218467550014	17.168369862263315	34.681769213446216	0.0
30.0	26.570914151492314	19.22497549584308	15.953572920856454	38.250537431808155	0.0
31.0	34.09751495352402	14.337173276329947	18.146913693863244	33.4183980762828	0.0
32.0	34.047184275874564	15.851231142910786	22.498821460855282	27.60276312035937	0.0
33.0	31.111191512434317	17.450139873176962	20.764923113722144	30.673745500666577	0.0
34.0	33.08807230909665	16.592613631608177	21.930115389900905	28.38919866939426	0.0
35.0	26.444224270097173	20.257481125510203	25.582074960882	27.716219643510627	0.0
