# Position (bp)	A	C	G	T	N
0.0	26.80302562006268	24.3573382253728	23.641810985154386	25.197326659953408	4.98509456724394E-4
1.0	27.338356967146627	20.043934723661515	15.143739715732075	37.47363751038773	3.31083072053609E-4
2.0	28.386475215119038	19.880529747136144	18.00236235020852	33.73030275035633	3.299371799609354E-4
3.0	23.786761500742674	22.060765965006357	15.189681859528669	38.960323321912234	0.0024673528100681154
4.0	34.74166704918785	13.75338531249795	14.353233178357607	37.15056689639796	0.001147563558627383
5.0	36.38577603490688	14.84082573236857	22.447409725416	26.3210784995671	0.004910007741445539
6.0	32.528492193449495	17.528050960743364	20.045038419929337	29.89841842587781	0.0
7.0	35.53983075338093	16.745880266915275	20.546500369808598	27.16729879718325	4.898127119460422E-4
8.0	22.726227200281894	26.855421116768163	22.695395276679807	27.722793274399226	1.631318709104879E-4
9.0	28.7615870935347	18.030544605623103	16.003801773073924	37.20325139632017	8.151314480973201E-4
10.0	26.70612461674307	16.93857136806024	25.16918695769756	31.18513956905793	9.774884411991828E-4
11.0	28.502318704651735	18.590344809618717	19.784217176651424	33.12295647869527	1.6283038284679613E-4
12.0	26.581812855026936	19.61913442601605	21.314637282507853	32.48425267338336	1.627630658051075E-4
13.0	27.562652003806704	21.38554265867367	18.69221821849505	32.35926175970587	3.2535931869758666E-4
14.0	31.67259091759462	18.39402640290871	20.580278344897145	29.35310433459952	0.0
15.0	29.76191831854304	18.994639705224454	19.554095053724957	31.689346922507543	0.0
16.0	30.438177662455974	17.64618800888231	19.28111858533768	32.63451574332403	0.0
17.0	30.030665115787247	18.292351615815715	20.437608283648252	31.23904962543008	3.2535931869758666E-4
18.0	31.644121977208577	18.203528521811275	18.312686573234316	31.83966292774583	0.0
19.0	30.59646497100235	18.414849399305357	19.790305919099403	31.19789167161484	4.8803897804637993E-4
20.0	30.191880658201903	18.25965300428661	19.610544895518988	31.937433403014452	4.8803897804637993E-4
21.0	30.180818441366185	17.307814317436822	19.62160711235471	32.88976012884229	0.0
22.0	28.781448011647864	19.202544309872216	19.71433451818352	32.30151048063705	1.6267965934879333E-4
23.0	30.16829210759633	17.63837938523357	20.025378026858412	32.16616100405886	0.0017894762528367267
24.0	31.014063656550704	17.995949276482214	18.526447645618628	32.4633767416891	1.6267965934879333E-4
25.0	29.545879730927844	18.15033227320422	19.45502314118154	32.848764854686394	0.0
26.0	31.918725242189343	17.725250323325824	20.02179907435274	30.334225360132095	0.0
27.0	29.050682847870117	18.25851424667117	20.11452648018155	32.57611374561782	1.6267965934879333E-4
28.0	30.366761292001854	17.93152813138009	20.170650962656882	31.530571574983124	4.8803897804637993E-4
29.0	29.615831984447826	18.347988059313003	19.733856077305372	32.3019985196151	3.2535931869758666E-4
30.0	30.07019741497816	18.302898185278877	19.365539007149888	32.26038929875792	9.760938351540195E-4
31.0	30.80265632422513	18.243520247802124	19.46431011706828	31.487073032647668	0.0024402782567953616
32.0	29.422990259798365	18.538758258509866	19.503017070976412	32.53458365396661	6.507567487542076E-4
33.0	29.697111684880312	18.425800741561442	19.48591797920439	32.391006899872934	1.626944809151239E-4
34.0	29.97564423995223	18.076952487557737	19.646654377610272	32.299772712112315	9.761827674456063E-4
35.0	30.44884280803441	17.565944212899197	19.637789705482053	32.34693428479685	4.889887874871029E-4
36.0	31.088856055343005	17.439016037338916	19.21284291757584	32.25879574816452	4.892415777062398E-4
37.0	29.28570146716459	18.948333553579324	19.285880926860386	32.47894203614971	0.0011420162459968252
38.0	30.900056642241402	18.444476728526958	19.22179763212578	31.432852826480495	8.161706253662566E-4
39.0	29.773195202457597	18.860910487270825	19.732507598287526	31.63191607568875	0.001470636295303768
40.0	29.88536071392287	18.67476592021132	19.735130157211163	31.702776840111298	0.001966368543346956
41.0	30.028986746332265	18.084572901749237	20.36618991169154	31.51959277156372	6.576686632391168E-4
42.0	29.1427102438735	18.443850099945454	19.680932582547694	32.73201270205379	4.943715795666338E-4
43.0	29.19923132546829	18.28821332699375	20.617019801293672	31.89504026626252	4.952799817736967E-4
44.0	29.31646557525592	18.789549309421727	20.24461666415888	31.64920310260044	1.6534856303831292E-4
45.0	29.34789268604491	18.548105313534467	19.780318047006574	32.32335275794745	3.311954665964532E-4
46.0	30.046026714064013	17.625114403576024	19.83641946651457	32.4922736135613	1.6580228409226566E-4
47.0	29.749197934629805	18.18252733993132	19.975701527119185	32.09240722514427	1.6597317541538936E-4
48.0	30.127203044766105	17.91541171955857	19.188771179049457	32.76794955071094	6.645059149332753E-4
49.0	29.439480043440586	17.843570643343128	20.050525461473086	32.66642385174319	0.0
50.0	29.64929968254497	18.4538856995259	19.897181232658706	31.99896681303482	6.665722355999567E-4
51.0	30.296307689221315	18.21680414335916	19.44690568775683	32.03981530087167	1.671787910298548E-4
52.0	29.855334114101822	18.195988550220303	19.739460464367088	32.20921687131079	0.0
53.0	31.503193807011222	17.56459167421485	19.44518336189857	31.487031156875357	0.0
54.0	30.289518752343408	18.22910860922231	19.443965910357615	32.03656225615873	8.444719179308411E-4
55.0	29.097341715555437	18.405605159402224	18.480462557751977	34.01625184603086	3.3872125950113136E-4
56.0	29.118378502253496	18.189395418318238	20.67460553230858	32.01745079233048	1.697547892069905E-4
57.0	28.181781076319208	18.719600546935055	19.801055775130784	33.297562601614956	0.0
58.0	30.87918322976604	17.82084420264544	22.075083021381946	29.224719158557633	1.7038764894010362E-4
59.0	29.69434327601309	20.06720657313069	21.185437892828055	29.052670761213474	3.41496814688461E-4
60.0	31.510680236809613	18.955044192016494	19.608548299536416	29.92487100315278	8.562684846959133E-4
61.0	29.312223509313462	20.831800854521642	19.71707290245185	30.135809131625894	0.003093602087150208
62.0	31.18688395457545	16.374845826697115	21.736621903146343	30.70130282918807	3.45486393018411E-4
63.0	26.64631305158181	20.226926580940393	25.48455744796267	27.642202919515128	0.0
64.0	26.40292699640244	19.642201610337487	18.48112241152059	35.47339936439567	3.4961734381719204E-4
65.0	27.775902504544607	19.370576259744094	18.55061303854038	34.30238077657409	5.274205968291474E-4
66.0	26.994722437679002	19.32909408619724	17.01735570628696	36.65617750419184	0.002650265644959813
67.0	33.43254250298516	14.20740461704668	17.840059418888952	34.51857195655882	0.001421504520384375
68.0	34.67746433512834	15.22888670184725	23.077587401200795	27.01498203487232	0.0010795269512899447
69.0	31.883196472411267	17.150802209895947	20.372340229749675	30.59347705263778	1.8403530533297509E-4
70.0	33.19028487947407	15.927208054117573	22.03965128465716	28.842458792517544	3.9698923365198333E-4
71.0	25.678319022910834	19.88203581894172	25.926388552328184	28.513006787562052	2.49818257217874E-4
