# Position (bp)	A	C	G	T	N
0.0	46.82161859423131	12.937552506300756	17.19406328759451	23.046765611873425	0.0
1.0	17.93006993006993	44.53146853146853	20.447552447552447	17.09090909090909	0.0
2.0	22.839677688246734	41.205890525145875	15.03195332036677	20.92247846624062	0.0
3.0	46.12403100775194	15.642303433001107	16.334440753045403	21.899224806201552	0.0
4.0	47.1483942414175	15.448504983388705	15.171650055370986	22.231450719822814	0.0
5.0	22.11458621644063	39.88375311375588	14.198726819817326	23.80293384998616	0.0
6.0	22.8429203539823	40.43141592920354	14.242256637168142	22.483407079646017	0.0
7.0	49.87565625863498	14.534401768444322	16.55153357281017	19.03840840011053	0.0
8.0	47.156267255659856	18.304803975704033	15.102153506350083	19.43677526228603	0.0
9.0	23.074799889594257	38.97322660778361	14.18713773116202	23.764835771460117	0.0
10.0	21.192052980132452	12.003311258278146	16.05960264900662	50.74503311258278	0.0
11.0	20.6782464846981	15.412186379928317	14.226633581472292	49.6829335539013	0.0
12.0	19.950467804072648	14.749587231700605	15.740231150247661	49.55971381397909	0.0
13.0	21.4010989010989	38.35164835164836	16.565934065934066	23.68131868131868	0.0
14.0	22.478070175438596	13.952850877192983	41.91337719298245	21.655701754385966	0.0
15.0	43.5792349726776	16.366120218579237	17.48633879781421	22.568306010928964	0.0
16.0	19.623875715453803	15.644589806486781	16.62578359225947	48.10575088579995	0.0
17.0	23.14184590253199	37.707595970596245	15.899809420092566	23.250748706779202	0.0
18.0	20.49469964664311	15.520521880945909	18.537646099483553	45.44713237292742	0.0
19.0	23.879380603096983	41.537625645205104	14.235262157022548	20.347731594675363	0.0
20.0	23.752711496746205	16.75704989154013	15.726681127982648	43.76355748373102	0.0
21.0	21.5755278830536	17.920952896589064	16.5674066053059	43.936112615051435	0.0
22.0	21.271989174560215	13.017591339648174	39.810554803788904	25.899864682002704	0.0
23.0	21.24898621248986	15.923222492565559	16.05839416058394	46.76939713436064	0.0
24.0	46.47583040777748	13.583580880367268	14.339724547664057	25.600864164191194	0.0
25.0	20.981661272923407	14.751887810140238	38.915857605178	25.350593311758363	0.0
26.0	48.882907133243606	14.320323014804845	13.862718707940779	22.934051144010766	0.0
27.0	20.570045711212693	18.31137402527561	12.71847270771713	48.40010755579457	0.0
28.0	21.503355704697988	39.19463087248322	12.40268456375839	26.8993288590604	0.0
29.0	25.95174262734584	11.742627345844504	13.378016085790884	48.92761394101876	0.0
30.0	23.035666398498257	15.23196567444355	36.89997318315903	24.83239474389917	0.0
31.0	22.61968800430339	11.941904249596558	15.465303926842388	49.973103819257666	0.0
32.0	21.994055660632263	13.37476357741151	15.077006214536611	49.55417454741961	0.0
33.0	24.137931034482758	38.881346728210694	13.06000543035569	23.920716806950857	0.0
34.0	24.80218281036835	13.915416098226466	15.006821282401091	46.27557980900409	0.0
35.0	22.100656455142232	38.92231947483589	14.551422319474835	24.425601750547045	0.0
36.0	21.88183807439825	15.919037199124727	14.031728665207876	48.167396061269145	0.0
37.0	43.640350877192986	16.255482456140353	16.666666666666664	23.4375	0.0
38.0	44.89851892484915	16.730663741086122	13.466812945693912	24.90400438837082	0.0
39.0	47.11538461538461	16.291208791208792	10.686813186813186	25.90659340659341	0.0
40.0	21.090308370044053	38.491189427312776	14.812775330396477	25.6057268722467	0.0
41.0	20.80200501253133	14.36925647451963	42.21665274296853	22.612085769980506	0.0
42.0	48.50014017381553	13.624894869638352	15.306980656013458	22.567984300532657	0.0
43.0	49.26842993809792	14.378165447383232	14.124929656724817	22.228474957794035	0.0
44.0	24.427480916030532	38.874752615210625	12.920554141928186	23.777212326830647	0.0
45.0	32.61097518350227	17.231737154840964	15.693813351974834	34.46347430968193	0.0
46.0	28.15323455005421	16.33538127936393	21.322732200939644	34.188651969642216	0.0
47.0	32.065622669649514	16.293810589112603	18.94108873974646	32.69947800149142	0.0
48.0	27.541106128550076	17.862481315396114	19.805680119581464	34.79073243647235	0.0
49.0	26.71412514050206	20.86923941551143	20.644436118396403	31.772199325590112	0.0
50.0	25.122410546139363	24.293785310734464	18.870056497175142	31.713747645951035	0.0
51.0	29.302501895375283	18.19560272934041	16.793025018953752	35.70887035633055	0.0
52.0	28.52246763137852	17.63137852246763	20.525514089870526	33.32063975628332	0.0
53.0	32.415902140672785	18.998470948012233	20.98623853211009	27.599388379204893	0.0
54.0	32.02764976958525	21.274961597542244	17.050691244239633	29.64669738863287	0.0
55.0	31.987697039600153	18.223760092272205	19.454056132256824	30.33448673587082	0.0
56.0	27.031189834424335	19.75356180207932	20.446669233731228	32.768579129765115	0.0
57.0	30.572755417956653	19.427244582043343	18.575851393188856	31.424148606811148	0.0
58.0	30.202650038971164	20.34294621979735	17.692907248636008	31.76149649259548	0.0
59.0	26.424668227946917	21.85792349726776	21.46760343481655	30.249804839968775	0.0
60.0	28.157997653500193	18.7719984356668	19.86703167774736	33.202972233085646	0.0
61.0	29.48566941499804	17.39301138594425	23.08598351001178	30.03533568904594	0.0
62.0	29.79559748427673	20.086477987421382	21.7374213836478	28.38050314465409	0.0
63.0	33.280632411067195	17.588932806324113	19.1699604743083	29.960474308300395	0.0
64.0	29.26057730328193	20.324238829576906	20.99644128113879	29.418742586002374	0.0
65.0	30.558858501783593	19.14387633769322	19.69877130400317	30.598493856520015	0.0
66.0	28.11260904044409	17.565424266455192	21.96669310071372	32.35527359238699	0.0
67.0	28.64541832669323	17.928286852589643	19.9203187250996	33.50597609561753	0.0
68.0	25.329604474630447	20.05593288054335	19.336795844986014	35.27766679984019	0.0
69.0	26.661329063250598	20.176140912730183	21.737389911929544	31.42514011208967	0.0
70.0	28.51971037811746	20.434432823813356	20.193081255028158	30.852775543041027	0.0
71.0	28.122481869460113	20.950846091861404	19.78243352135375	31.14423851732474	0.0
72.0	27.016129032258064	18.911290322580644	19.838709677419356	34.233870967741936	0.0
73.0	27.555555555555557	19.393939393939394	20.88888888888889	32.161616161616166	0.0
74.0	32.01133144475921	17.482800485633344	21.165520032375557	29.34034803723189	0.0
75.0	29.688132847306605	19.360064803564196	22.559740785743216	28.392061563385983	0.0
76.0	28.966639544344996	20.9519934906428	18.592351505288853	31.48901545972335	0.0
77.0	29.690048939641112	20.30995106035889	17.98531810766721	32.01468189233279	0.0
78.0	30.22875816993464	18.423202614379086	19.362745098039216	31.985294117647058	0.0
79.0	27.500000000000004	21.434426229508198	18.811475409836063	32.25409836065574	0.0
80.0	29.12900575184881	19.145439605587512	20.87099424815119	30.854560394412488	0.0
81.0	28.235779060181372	17.642209398186314	18.63149216817807	35.49051937345424	0.0
82.0	31.935215946843854	17.483388704318937	21.553156146179404	29.028239202657808	0.0
83.0	27.639235245220284	20.989193682460517	22.152950955943474	29.218620116375725	0.0
84.0	28.37557125051932	19.06938097216452	21.47901952638139	31.076028250934773	0.0
85.0	32.75145469659185	16.91604322527016	21.65419783873649	28.6783042394015	0.0
86.0	28.86297376093295	19.450229071220324	22.36568096626406	29.321116201582676	0.0
87.0	32.45614035087719	18.379281537176272	19.548872180451127	29.615705931495405	0.0
88.0	32.649644202595226	18.585182084554205	18.501465048137298	30.263708664713267	0.0
89.0	30.427493713327745	18.65046102263202	17.351215423302598	33.57082984073764	0.0
90.0	32.003359932801345	16.841663166736666	18.64762704745905	32.50734985300294	0.0
91.0	30.10570824524313	20.76109936575053	15.940803382663848	33.192389006342495	0.0
92.0	31.117696867061813	17.781541066892466	17.781541066892466	33.31922099915326	0.0
93.0	31.228813559322035	17.16101694915254	19.491525423728813	32.11864406779661	0.0
94.0	29.851380042462843	16.390658174097663	20.934182590233547	32.823779193205944	0.0
95.0	30.102040816326532	17.98469387755102	20.960884353741495	30.952380952380953	0.0
96.0	27.914893617021274	17.829787234042556	19.23404255319149	35.02127659574468	0.0
97.0	30.34571062740077	19.035424669227485	20.145113102859582	30.473751600512163	0.0
98.0	30.571060541004723	21.640188922284242	17.174753112924	30.613997423787033	0.0
99.0	32.256675279931095	19.035314384151594	17.743324720068905	30.96468561584841	0.0
100.0	33.85079775765416	14.963346269943942	19.146183699870633	32.03967227253126	0.0
101.0	30.942091616248916	18.625756266205702	19.317199654278305	31.11495246326707	0.0
102.0	30.355594102341716	14.830875975715523	22.289679098005205	32.52385082393756	0.0
103.0	26.864369821194938	18.927169646750983	22.023549934583514	32.18491059747056	0.0
104.0	28.13321647677476	17.92287467134093	21.735319894829097	32.20858895705521	0.0
105.0	27.537511032656663	20.211827007943516	19.902912621359224	32.3477493380406	0.0
106.0	29.690265486725664	17.61061946902655	19.95575221238938	32.743362831858406	0.0
107.0	30.683836589698043	20.20426287744227	18.69449378330373	30.41740674955595	0.0
108.0	33.49687778768956	18.64406779661017	15.075825156110614	32.78322925958965	0.0
109.0	29.91491267353336	19.883564711150918	19.30138826690551	30.900134348410212	0.0
110.0	25.9792886087348	21.61188653759568	19.225574065736158	33.18325078793337	0.0
111.0	29.10076818798012	19.069136918210575	19.20469950293719	32.62539539087212	0.0
112.0	25.759637188208618	18.32199546485261	21.26984126984127	34.64852607709751	0.0
113.0	28.252957233848953	20.518653321201093	17.8343949044586	33.393994540491356	0.0
114.0	29.191411603471906	17.907720420283233	19.689355870260393	33.21151210598447	0.0
115.0	29.871912168344007	18.48124428179323	20.631290027447395	31.015553522415367	0.0
116.0	30.05514705882353	21.139705882352942	17.27941176470588	31.525735294117645	0.0
117.0	33.56449375866852	19.186315302820155	16.73601479426722	30.513176144244103	0.0
118.0	27.512737378415935	15.099583140342752	22.09356183418249	35.294117647058826	0.0
119.0	23.00556586270872	22.634508348794064	27.319109461966605	27.040816326530614	0.0
120.0	26.186046511627907	22.41860465116279	21.674418604651162	29.72093023255814	0.0
121.0	29.6313579094727	18.245450303313113	19.178721418572096	32.944470368642094	0.0
122.0	27.910238429172512	19.074333800841515	21.458625525946704	31.55680224403927	0.0
123.0	32.30337078651686	17.743445692883896	18.352059925093634	31.60112359550562	0.0
124.0	30.4757418747056	19.029674988224208	20.86669806877061	29.627885068299577	0.0
125.0	28.591682419659737	20.415879017013232	20.604914933837428	30.387523629489603	0.0
126.0	33.25449385052034	17.407757805108798	19.01608325449385	30.32166508987701	0.0
127.0	28.6527514231499	19.97153700189753	23.197343453510435	28.178368121442126	0.0
128.0	29.182509505703425	19.43916349809886	20.579847908745247	30.798479087452474	0.0
129.0	30.747263207996195	19.51451689671585	18.277010947168016	31.461208948119946	0.0
130.0	30.229226361031518	20.057306590257877	16.9054441260745	32.808022922636106	0.0
131.0	31.561302681992338	19.061302681992338	19.444444444444446	29.932950191570885	0.0
132.0	28.26295585412668	19.52975047984645	21.593090211132438	30.614203454894433	0.0
133.0	28.935965334617237	21.71401059220029	19.547424169475207	29.80259990370727	0.0
134.0	25.75024201355276	21.684414327202322	20.377541142303972	32.18780251694095	0.0
135.0	25.267249757045672	16.52089407191448	20.359572400388725	37.85228377065112	0.0
136.0	23.655913978494624	19.257086999022484	21.114369501466275	35.97262952101662	0.0
137.0	28.011753183153772	16.601371204701273	20.421155729676787	34.965719882468164	0.0
138.0	30.265748031496067	17.1751968503937	20.669291338582678	31.88976377952756	0.0
139.0	29.510627780523972	17.54819574888779	20.909540286702917	32.03163618388532	0.0
140.0	28.15292949354518	17.179741807348563	21.201588877855016	33.46573982125124	0.0
141.0	29.63147410358566	17.928286852589643	20.318725099601593	32.1215139442231	0.0
142.0	31.54732098147221	14.772158237356035	20.931397095643465	32.74912368552829	0.0
143.0	33.149448345035104	19.157472417251757	17.201604814443332	30.49147442326981	0.0
144.0	29.743331655762457	17.56416708605939	18.973326623049825	33.71917463512833	0.0
145.0	27.856420626895854	20.12133468149646	18.048533872598586	33.9737108190091	0.0
146.0	30.726256983240223	19.857795835449465	18.181818181818183	31.23412899949213	0.0
147.0	29.03061224489796	19.897959183673468	17.29591836734694	33.775510204081634	0.0
148.0	26.461538461538463	21.23076923076923	20.102564102564102	32.205128205128204	0.0
149.0	28.645028335909323	20.607934054611025	17.51674394641937	33.23029366306028	0.0
150.0	27.99586776859504	18.801652892561986	18.85330578512397	34.34917355371901	0.0
151.0	29.916753381893862	21.019771071800207	18.314255983350677	30.749219562955254	0.0
152.0	28.26541274817137	20.3239289446186	16.77115987460815	34.639498432601876	0.0
153.0	31.846799580272823	18.88772298006296	18.9401888772298	30.325288562434416	0.0
154.0	29.942013705851345	16.65788086452293	22.14022140221402	31.259884027411704	0.0
155.0	30.211640211640212	21.05820105820106	16.71957671957672	32.01058201058201	0.0
156.0	31.503198294243067	14.925373134328357	17.91044776119403	35.66098081023454	0.0
157.0	29.88197424892704	17.328326180257513	22.317596566523605	30.472103004291846	0.0
158.0	29.281469475958943	22.906537007023232	15.451107509454348	32.36088600756348	0.0
159.0	34.869848156182215	14.425162689804772	20.281995661605208	30.42299349240781	0.0
160.0	26.920980926430516	18.91008174386921	23.487738419618527	30.68119891008174	0.0
161.0	29.250956806998357	19.682886823400768	21.760524876981957	29.305631492618918	0.0
162.0	28.90839275918815	18.760285244103127	19.692814042786615	32.63850795392211	0.0
163.0	29.4441386901486	18.76719867914144	17.391304347826086	34.39735828288387	0.0
164.0	30.69690265486726	15.597345132743362	22.06858407079646	31.63716814159292	0.0
165.0	30.46136742634797	17.34296831573096	22.512506948304615	29.683157309616455	0.0
166.0	26.882320133853877	21.69548243167875	20.356943669827103	31.065253764640268	0.0
167.0	28.53139013452915	19.674887892376685	22.36547085201794	29.428251121076233	0.0
168.0	27.959413754227736	19.39120631341601	18.432919954904172	34.21645997745208	0.0
169.0	28.563348416289593	17.081447963800905	20.475113122171944	33.880090497737555	0.0
170.0	28.98633257403189	16.91343963553531	18.223234624145785	35.876993166287015	0.0
171.0	31.13532110091743	18.520642201834864	16.341743119266056	34.00229357798165	0.0
172.0	33.314087759815244	20.092378752886837	15.993071593533486	30.600461893764436	0.0
173.0	28.8695652173913	18.3768115942029	18.782608695652172	33.97101449275362	0.0
174.0	29.68568102444703	19.732246798603025	17.927823050058205	32.654249126891735	0.0
175.0	27.709431751611014	19.68365553602812	22.43702401874634	30.169888693614528	0.0
176.0	26.891252955082745	20.212765957446805	19.79905437352246	33.09692671394799	0.0
177.0	28.69928400954654	20.823389021479713	18.85441527446301	31.62291169451074	0.0
178.0	26.05548854041013	20.566948130277442	22.01447527141134	31.363088057901084	0.0
179.0	24.150485436893206	18.689320388349515	25.364077669902912	31.79611650485437	0.0
180.0	28.93772893772894	15.2014652014652	22.16117216117216	33.6996336996337	0.0
181.0	28.483732351135664	21.117249846531614	19.95089011663597	30.448127685696747	0.0
182.0	32.184615384615384	18.461538461538463	20.123076923076923	29.230769230769234	0.0
183.0	29.226006191950464	21.91950464396285	20.24767801857585	28.606811145510836	0.0
184.0	30.0	19.6875	20.3125	30.0	0.0
185.0	27.30138713745271	23.770491803278688	22.3203026481715	26.6078184110971	0.0
186.0	32.04314720812182	16.053299492385786	22.081218274111674	29.82233502538071	0.0
187.0	31.182108626198087	21.533546325878593	17.82747603833866	29.456869009584665	0.0
188.0	29.601029601029598	19.626769626769626	20.334620334620336	30.437580437580436	0.0
189.0	29.526281635301753	19.27319922128488	19.53277092796885	31.66774821544452	0.0
190.0	28.935336381450032	17.112998040496407	20.836054866100586	33.11561071195297	0.0
191.0	27.445830597504923	20.35456336178595	19.43532501641497	32.76428102429416	0.0
192.0	30.632411067193676	18.972332015810274	19.960474308300398	30.434782608695656	0.0
193.0	28.5335102853351	18.049104180491042	22.959522229595223	30.45786330457863	0.0
194.0	26.519706078824317	20.908483633934534	23.31329325317301	29.258517034068138	0.0
195.0	27.860026917900406	19.71736204576043	19.851951547779272	32.5706594885599	0.0
196.0	28.902522154055898	18.882072256305385	20.449897750511248	31.765507839127473	0.0
197.0	28.166089965397923	19.58477508650519	21.52249134948097	30.726643598615915	0.0
198.0	26.81365576102418	23.044096728307252	20.76813655761024	29.37411095305832	0.0
199.0	28.172205438066467	24.018126888217523	18.429003021148034	29.38066465256798	0.0
200.0	28.207381370826013	15.465729349736378	21.968365553602812	34.3585237258348	0.0
201.0	29.115479115479115	18.796068796068795	16.707616707616708	35.38083538083538	0.0
202.0	35.388409371146736	19.112207151664613	17.879161528976574	27.62022194821208	0.0
203.0	33.0	17.5	21.125	28.375	0.0
204.0	34.37892095357591	17.94228356336261	24.592220828105397	23.086574654956085	0.0
205.0	36.994949494949495	16.28787878787879	22.97979797979798	23.737373737373737	0.0
206.0	29.336734693877553	20.02551020408163	23.46938775510204	27.168367346938776	0.0
207.0	26.03092783505155	23.840206185567013	16.108247422680414	34.02061855670103	0.0
208.0	29.05317769130999	17.769130998702984	21.530479896238653	31.647211413748376	0.0
209.0	24.479166666666664	19.140625	21.875	34.50520833333333	0.0
210.0	22.5	19.86842105263158	18.947368421052634	38.68421052631579	0.0
211.0	29.80132450331126	16.95364238410596	19.867549668874172	33.37748344370861	0.0
212.0	28.495339547270305	16.511318242343542	22.902796271637815	32.090545938748335	0.0
213.0	27.50333778371162	20.026702269692922	17.890520694259013	34.57943925233645	0.0
214.0	27.530364372469634	27.530364372469634	18.75843454790823	26.180836707152494	0.0
215.0	30.62330623306233	24.254742547425472	17.073170731707318	28.04878048780488	0.0
216.0	30.631868131868135	17.17032967032967	18.681318681318682	33.51648351648351	0.0
217.0	25.910364145658267	16.946778711484594	25.350140056022408	31.79271708683473	0.0
218.0	25.544267053701013	18.722786647314948	20.4644412191582	35.268505079825836	0.0
219.0	16.61341853035144	22.044728434504794	25.718849840255594	35.623003194888184	0.0
220.0	0.0	29.47103274559194	24.937027707808564	45.5919395465995	0.0
