# Position (bp)	A	C	G	T	N
0.0	26.159053430286118	23.4626363779466	24.436317634981314	25.94199255678597	0.0
1.0	26.122550916166492	19.832178077766134	15.649269644932371	38.396001361135006	0.0
2.0	28.144842852405834	18.89805794789529	18.589462552539366	34.367636647159514	0.0
3.0	22.593590625017356	22.159760085189326	15.397328892536994	39.84932039725633	0.0
4.0	33.7474538066654	13.258136846594976	14.679670024450264	38.31473932228936	0.0
5.0	33.970737256787075	14.922426543149955	23.16912636236671	27.93770983769626	0.0
6.0	30.29954793900624	17.20680998019155	21.489901201311394	31.003740879490817	0.0
7.0	34.803413550296824	16.90824162904566	20.14942386086199	28.138920959795527	0.0
8.0	22.59026311156861	26.963057359973106	22.302296515693733	28.14438301276455	0.0
9.0	27.518843635033857	18.729630347954267	15.875501725381946	37.87602429162993	0.0
10.0	25.66577500890494	16.815028561164517	25.154258225448835	32.36493820448171	0.0
11.0	28.11574752851057	17.78933345224491	19.621323926424537	34.473595092819984	0.0
12.0	25.643282095694808	19.6868148369416	21.347708740412976	33.32219432695061	0.0
13.0	26.317263615331072	20.675535966186132	18.565231507771966	34.441968910710834	0.0
14.0	30.621647888844894	18.332601776402893	19.90207344903215	31.143676885720062	0.0
15.0	29.868905356232407	18.278070788564644	19.92859574558008	31.924428109622866	0.0
16.0	29.508588943981007	17.427011302509804	18.78340918423612	34.280990569273065	0.0
17.0	30.293566543295903	17.834462545628288	19.80318342773731	32.068787483338504	0.0
18.0	30.651519050655796	17.447731287051297	18.80309048329498	33.09765917899792	0.0
19.0	29.60529414408824	18.341538053227616	19.933878714845196	32.11928908783894	0.0
20.0	29.606941714164144	17.51289984690134	19.91668667927058	32.96347175966394	0.0
21.0	29.112581149541878	18.171408534520445	19.454704448313848	33.26130586762383	0.0
22.0	29.689911194182073	19.111024912154967	22.263363718465374	28.93570017519759	0.0
23.0	29.828593614484006	19.910042673855802	21.002900976919513	29.258462734740682	0.0
24.0	32.116907274577045	19.20228596766357	18.208460952857827	30.472345804901558	0.0
25.0	29.213870892469014	21.145523238707295	19.192275188615433	30.448330680208258	0.0
26.0	31.663807595333864	16.734315535815757	21.699894752507216	29.901982116343163	0.0
27.0	26.009293369730308	21.053277222827226	25.046575194292387	27.890854213150078	0.0
28.0	26.24244244384069	19.67424316092766	18.46114805906395	35.622166336167695	0.0
29.0	27.64966428073448	19.812495780340228	17.57459418289568	34.963245756029615	0.0
30.0	26.496913566402952	18.89096515079612	16.376156459442175	38.235964823358756	0.0
31.0	33.82075497187363	14.287168143983948	18.521505908968916	33.3705709751735	0.0
32.0	33.62673207920605	15.812607149671813	22.51508892289141	28.045571848230722	0.0
33.0	30.948807303135972	17.849948085821595	20.316573102990937	30.884671508051497	0.0
34.0	32.935057777742536	16.71171394417098	21.827081098976475	28.526147179110012	0.0
35.0	26.216156347830132	20.783568485466624	24.632759758517583	28.36751540818566	0.0
