# Position (bp)	A	C	G	T	N
0.0	25.659041556355415	22.39759645417497	24.951661361810988	26.991700627658627	0.0
1.0	26.419966088586133	20.41407621144064	17.532795906832852	35.633161793140374	0.0
2.0	27.20986509224741	20.2932415318481	17.96371938711806	34.53317398878642	0.0
3.0	25.0955383728463	21.023790986407697	16.10809654278871	37.77257409795729	0.0
4.0	32.561815513153434	15.075794940665427	17.625072051247006	34.737317494934125	0.0
5.0	34.011907732896	16.64408713323113	21.74409069842062	27.599914435452245	0.0
6.0	31.64865330568446	17.733703305387372	20.63327015288085	29.98437323604732	0.0
7.0	31.735196440135216	18.625721092436475	20.816772714040436	28.82230975338787	0.0
8.0	25.34947689858189	24.7440932017609	19.94498672195719	29.961443177700016	0.0
9.0	28.92565420144355	17.857248938129324	17.45507470223067	35.76202215819645	0.0
10.0	27.019674000855392	17.479684455638456	24.437461388585277	31.06318015492088	0.0
11.0	27.357072852009146	19.43096433132369	19.404235098452673	33.80772771821449	0.0
12.0	26.772827436282746	19.46590956337869	20.966257031022625	32.79500596931593	0.0
13.0	27.79896178563368	20.564722093534325	18.769822885855813	32.86649323497618	0.0
14.0	29.91103245118069	18.99023613816696	19.010429039768137	32.088302370884215	0.0
15.0	29.21491775046024	17.882890908011166	19.04982481144961	33.85236653007898	0.0
16.0	30.285127303819117	17.618872316169483	20.163761162834884	31.932239217176516	0.0
17.0	30.18250688705234	17.801249168804027	19.10207086539375	32.91417307874988	0.0
18.0	30.310045767812937	17.32350304821945	19.849340195537195	32.51711098843042	0.0
19.0	30.508404159346657	18.35976449361379	20.096980200370353	31.0348511466692	0.0
20.0	30.01299572149991	18.44442993881923	18.873466771898386	32.66910756778248	0.0
21.0	29.028985077283647	17.685940605808884	19.94659862936482	33.33847568754265	0.0
22.0	29.28978284086864	18.193307226771093	20.46754479648748	32.04936513587279	0.0
23.0	29.89973301690893	18.40284781963809	18.837140314446753	32.86027884900623	0.0
24.0	30.367874325919686	17.483077543707694	19.03857904759645	33.11046908277617	0.0
25.0	29.930653188826206	17.84152859591987	20.1515070622223	32.076311153031625	0.0
26.0	30.185970636215337	18.00029660388551	19.619753818775028	32.19397894112413	0.0
27.0	29.033865428078233	17.315917166432353	20.274174126077387	33.37604327941202	0.0
28.0	29.951716610909436	17.768168552921917	20.376895152679904	31.903219683488743	0.0
29.0	29.654256107904835	18.131239138042503	19.512672530887997	32.701832223164665	0.0
30.0	29.082982383296756	17.955987899638178	19.67376475473041	33.28726496233465	0.0
31.0	30.342483629116444	18.01924171965455	19.97840941444434	31.65986523678466	0.0
32.0	30.1511978978213	18.35076251431012	19.337196818260008	32.16084276960857	0.0
33.0	30.047633453751654	17.450572135319344	20.02918512982044	32.47260928110856	0.0
34.0	29.79392328773624	18.38852044750798	20.623687551163258	31.193868713592522	0.0
35.0	29.52939710863672	18.332927965071097	19.046573847221644	33.09110107907054	0.0
36.0	29.28530751708428	18.361451214882308	19.59057042520881	32.762670842824605	0.0
37.0	29.292354054326612	18.438895908597463	19.48592004650804	32.78282999056788	0.0
38.0	28.861692156188077	19.112395144928396	19.500966980292585	32.524945718590935	0.0
39.0	29.54455116606055	17.918948261439617	20.04698651510747	32.48951405739236	0.0
40.0	29.916527743994685	18.820116398412427	20.778481125303305	30.484874732289587	0.0
41.0	30.828468365845556	17.827139399117186	19.523351843941334	31.821040391095924	0.0
42.0	29.543971235656397	18.77336212932088	19.663348008211603	32.01931862681112	0.0
43.0	29.547288477512758	18.581345674617303	21.138008781298208	30.73335706657173	0.0
44.0	29.036430520944585	19.37700249199003	19.475495431351607	32.11107155571378	0.0
45.0	29.181895856078228	18.58594009588456	19.368562206294204	32.86360184174301	0.0
46.0	30.167027620375592	18.211647432284096	20.04628118788382	31.575043759456495	0.0
47.0	30.044976087911046	18.78849371640144	19.437620895486965	31.728909300200552	0.0
48.0	29.87183290808758	17.672817895923572	19.567436064795587	32.88791313119326	0.0
49.0	29.14837055849612	18.648975813533976	20.72761149747217	31.475042130497734	0.0
50.0	29.7490550251301	19.143974412988136	18.93450745595557	32.1724631059262	0.0
51.0	29.786198752677706	18.628538876460503	19.364945615086548	32.220316755775244	0.0
52.0	30.013589133440544	18.306758368591893	20.180753277117443	31.498899220850124	0.0
53.0	30.97272662536495	18.643333570699518	19.187495549384035	31.196444254551498	0.0
54.0	29.895616361942402	17.613477891913384	19.718953433859703	32.77195231228451	0.0
55.0	29.558307766258586	18.81182830794429	19.99038638427165	31.63947754152548	0.0
56.0	29.288469527031037	18.476648270132337	19.32822977864815	32.90665242418848	0.0
57.0	28.713176822465403	17.869181285161538	19.819830512497923	33.59781137987514	0.0
58.0	29.39539244893357	17.85396365708046	20.42479199553725	32.32585189844872	0.0
59.0	29.223318832752714	18.144321331283866	20.508727054759966	32.12363278120345	0.0
60.0	30.019347410651758	17.78537430711344	19.345036736341083	32.850241545893724	0.0
61.0	29.449294629450485	17.896885924044323	20.055432569899047	32.59838687660615	0.0
62.0	29.016214419675713	18.87448662251027	19.335042613299148	32.774256344514875	0.0
63.0	28.79814825805686	17.84853700516351	20.008902605495877	33.344412131283754	0.0
64.0	29.370044157447417	18.831608185746166	20.608589335739044	31.189758321067373	0.0
65.0	29.711843784313142	17.817609876250113	20.28133068225658	32.18921565718016	0.0
66.0	29.333554927704835	17.768702960659084	19.998694176025072	32.89904793561101	0.0
67.0	29.01312977824208	18.028515124174938	20.6942399924023	32.264115105180686	0.0
68.0	29.850888023553996	18.352882514958686	19.41008167917181	32.38614778231551	0.0
69.0	28.602889672448384	18.128717455568616	19.824055276560888	33.44433759542211	0.0
70.0	29.07675960608093	17.392749657190684	21.54682686200367	31.983663874724716	0.0
71.0	29.648581265582337	18.00783568799715	19.764929360085482	32.57865368633504	0.0
72.0	29.74094433033753	17.647722280924622	19.834617530779187	32.77671585795866	0.0
73.0	29.723247889631594	18.12661023187339	20.60206347133342	31.5480784071616	0.0
74.0	29.944612973505645	18.100219054799318	19.82950531608598	32.12566265560905	0.0
75.0	28.82220243395666	18.163846838824576	20.009498367468094	33.00445235975067	0.0
76.0	28.83085581306991	18.172373670212767	20.950679141337385	32.04609137537994	0.0
77.0	29.554521276595747	17.513416603343465	19.913563829787233	33.018498290273556	0.0
78.0	29.962540146158734	17.49571081705225	19.230974727955974	33.31077430883305	0.0
79.0	31.064329985039542	17.76911020873406	20.07729571845836	31.089264087768044	0.0
80.0	30.195142512808637	18.648666298585262	19.223941914379516	31.93224927422658	0.0
81.0	29.56661125623367	18.113868439800523	19.27570648302066	33.04381382094515	0.0
82.0	29.37334876955502	18.42253688366432	20.325941757948172	31.878172588832488	0.0
83.0	31.38752003799798	18.05438461081755	18.64394704031348	31.91414831087098	0.0
84.0	29.667034780853314	17.373802144562003	19.08968924037856	33.86947383420612	0.0
85.0	30.166128342754	17.391820643138743	20.441861017432196	32.00018999667506	0.0
86.0	29.973934676380303	18.738533335708308	19.21946527493276	32.068066712978634	0.0
87.0	29.300384156370047	17.392724185226307	20.48794390248247	32.81894775592117	0.0
88.0	29.76784229901437	18.400427502671892	19.495903099394372	32.33582709891937	0.0
89.0	30.118514648077998	18.647056727903195	19.605386597632084	31.629042026386728	0.0
90.0	29.923700382982517	17.961582994388863	19.72449009886293	32.3902265237657	0.0
91.0	29.711900435830753	18.605935373543765	20.506014939375586	31.176149251249896	0.0
92.0	29.72168945840187	18.553640244880025	19.577932295779917	32.14673800093819	0.0
93.0	30.133130648551713	17.552818783178747	20.028977589872095	32.285072978397444	0.0
94.0	29.86948208496134	17.793902830065438	21.319311663479922	31.0173034214933	0.0
95.0	30.12576898410964	18.827343768556567	19.364741930120424	31.68214531721337	0.0
96.0	29.746613697230984	18.456760432069075	19.91223225791127	31.884393612788674	0.0
97.0	29.258762188676556	18.239367198356234	20.984120574367257	31.51775003859995	0.0
98.0	29.413336658887246	18.346962165885756	19.635020458095052	32.60468071713195	0.0
99.0	29.59652706843718	17.89379290685797	19.84226904530014	32.66741097940471	0.0
100.0	29.497019241066646	18.58898844584062	21.37578981187306	30.538202501219676	0.0
101.0	30.160622935571958	17.979752209012535	19.256865527479995	32.60275932793551	0.0
102.0	30.2197868079953	17.885706063621868	19.696878859458746	32.19762826892409	0.0
103.0	29.248185357881074	18.063500456664904	20.511464692592416	32.17684949286161	0.0
104.0	30.674140373082604	18.291293734743693	19.16945423861616	31.86511165355754	0.0
105.0	30.155044384780975	17.095397044239654	19.672616887985875	33.07694168299349	0.0
106.0	28.831439692490513	18.093465423371207	21.426232887509247	31.648861996629034	0.0
107.0	29.740606325874317	18.563638684733647	19.238414823190414	32.45734016620162	0.0
108.0	29.05062326658743	18.38468806193045	20.56139709243851	32.00329157904361	0.0
109.0	28.866388844757846	18.335634937123444	20.480403778703852	32.31757243941487	0.0
110.0	29.47158951751163	18.101273573352927	19.98224344844477	32.44489346069067	0.0
111.0	29.045304464165163	17.649838592873536	19.753040959359772	33.55181598360153	0.0
112.0	29.717978992940253	18.093990603399504	20.337982436720537	31.85004796693971	0.0
113.0	30.09342336509111	17.878087133475166	19.57574075787007	32.45274874356365	0.0
114.0	29.560148842269225	17.773917988404147	19.515768132425116	33.150165036901505	0.0
115.0	29.769956049269453	17.467470880316398	21.5420569437815	31.220516126632653	0.0
116.0	30.137701656771625	18.23816480681359	18.971123061142023	32.65301047527276	0.0
117.0	30.018262392560413	17.732596189205864	20.092371555544474	32.156769862689245	0.0
118.0	29.838976956508144	17.72379076384329	20.439608542037956	31.997623737610603	0.0
119.0	30.24427317894314	18.18387382464339	19.244756826018957	32.32709617039452	0.0
120.0	29.50846621732698	17.617192933648628	19.970535793320604	32.90380505570379	0.0
121.0	30.15721408240845	17.436181525275874	20.745381955720262	31.661222436595416	0.0
122.0	29.335453793421873	18.002962658954345	19.54393007611853	33.11765347150525	0.0
123.0	28.488304508996038	17.629128295209433	20.117406972088396	33.76516022370614	0.0
124.0	29.890604472078774	17.883762373661824	20.262887469594286	31.962745684665116	0.0
125.0	28.70776103174759	18.118462334531973	20.364439029821906	32.809337603898534	0.0
126.0	30.375678868146156	17.43577560891916	18.845973643748472	33.34257187918622	0.0
127.0	29.559041608756658	17.692200269988096	20.69598409331214	32.0527740279431	0.0
128.0	29.270498998251128	18.230489349298775	19.183323394018988	33.31568825843111	0.0
129.0	30.167684469786433	16.786666216808936	20.611356658456764	32.434292654947875	0.0
130.0	30.02127095664938	18.19380355965722	19.925381755907278	31.85954372778612	0.0
131.0	30.430110470766998	18.241365621278284	19.324855238121312	32.0036686698334	0.0
132.0	30.11128578520602	17.611285785206025	20.303795024546307	31.973633405041646	0.0
133.0	30.496488388409944	17.470528165834207	20.643830192218186	31.38915325353766	0.0
134.0	29.715405887912627	17.999089858928134	20.351454475443695	31.934049777715543	0.0
135.0	29.420476905824856	17.51334729774524	20.609497210643983	32.45667858578592	0.0
136.0	30.036372419476294	18.31052953127886	22.921017859426282	28.732080189818564	0.0
137.0	31.107179185948226	19.669336236908837	20.312611928537656	28.910872648605277	0.0
138.0	31.124742900443835	18.74643669036192	19.255944863421497	30.872875545772743	0.0
139.0	28.339750915324313	21.529592453214736	20.701979138612494	29.42867749284846	0.0
140.0	31.969663662343372	16.98102146992013	20.43159668791676	30.617718179819743	0.0
141.0	26.372238349546834	19.756834415464503	24.618668793996203	29.252258440992456	0.0
142.0	27.7340579979898	18.800580724416484	18.871309980270258	34.59405129732346	0.0
143.0	28.2908708866459	19.830400360211627	18.536640276162245	33.34208847698022	0.0
144.0	27.103256631003493	18.382057863692463	18.146574896455643	36.368110608848404	0.0
145.0	33.29720984187069	14.897124366566947	19.56163379937725	32.244031992185114	0.0
146.0	33.7908026225143	16.142241212487132	22.453150035993776	27.613806129004793	0.0
147.0	32.28447213854823	17.489409389678826	20.79813064799434	29.4279878237786	0.0
148.0	32.08004176687579	18.009397547051925	22.111623687296195	27.798936998776092	0.0
149.0	22.69537865956932	24.160306183049954	24.389063634164046	28.75525152321668	0.0
