# Position (bp)	A	C	G	T	N
0.0	27.262265927398268	23.69703943927189	23.85395961920703	25.186735014122817	0.0
1.0	27.018084198697274	20.381661914968888	16.098890808066095	36.501363078267744	0.0
2.0	27.71136754438667	20.11021566636972	17.83960720130933	34.338809587934286	0.0
3.0	24.182493806771262	21.090008257638317	15.69570602807597	39.02766308835673	0.004128819157720892
4.0	32.4908710458294	16.243384072539286	14.850449267632214	36.4152956139991	0.0
5.0	34.23061963931138	15.240220261611839	21.19506253710262	29.3300034799697	0.004094082004462549
6.0	31.376229140315804	17.04679913501163	21.585948019095028	29.99102370557754	0.0
7.0	35.149830591004076	18.042565278256813	19.827953498752258	26.97965063198685	0.0
8.0	25.93725315455816	25.97168492900978	20.89603629514107	27.19502562129099	0.0
9.0	27.687579611395297	19.652641581916335	17.388139671242847	35.267595382033605	0.004043753411916941
10.0	26.694667124366454	17.367687741049615	24.59261353310583	31.3450316014781	0.0
11.0	27.17516289766194	19.642532932561377	21.205947025478604	31.976357144298078	0.0
12.0	27.13128300213632	20.64976419847636	20.210407513402394	32.00854528598492	0.0
13.0	26.397390463917525	22.209246134020617	19.154719716494846	32.238643685567006	0.0
14.0	30.43653350515464	20.127255154639176	20.0426868556701	29.391510953608247	0.0020135309278350513
15.0	29.8022712628866	18.8305412371134	19.394329896907216	31.972857603092784	0.0
16.0	29.518363402061855	18.409713273195877	19.4164787371134	32.65544458762887	0.0
17.0	29.602931701030926	18.427835051546392	21.434036726804123	30.535196520618555	0.0
18.0	32.409793814432994	18.411726804123713	18.055331829896907	31.123147551546392	0.0
19.0	31.123147551546392	19.281572164948454	19.740657216494846	29.854623067010312	0.0
20.0	29.91502899484536	17.368717783505154	21.335373711340207	31.376852448453608	0.004027061855670103
21.0	28.17332474226804	18.01707474226804	19.231233891752577	34.576353092783506	0.0020135309278350513
22.0	27.81088917525773	18.939271907216497	21.164223582474225	32.08561533505155	0.0
23.0	30.10228737113402	17.247905927835053	20.139336340206185	32.51047036082475	0.0
24.0	30.34995167525773	17.680815077319586	19.859455541237114	32.10977770618557	0.0
25.0	28.75523518041237	18.679526417525775	19.267477448453608	33.29776095360825	0.0
26.0	29.913015463917525	17.50161082474227	22.09447487113402	30.49089884020619	0.0
27.0	29.250563788659793	17.988885309278352	20.246053479381445	32.514497422680414	0.0
28.0	29.200225515463917	17.787532216494846	21.081668814432987	31.930573453608247	0.0
29.0	29.965367268041238	18.266752577319586	19.207071520618555	32.56080863402062	0.0
30.0	29.5727287371134	17.521746134020617	19.374194587628864	33.53133054123711	0.0
31.0	29.90697487113402	18.592944587628864	19.887644974226802	31.60840850515464	0.004027061855670103
32.0	28.684761597938145	19.81515786082474	18.74194587628866	32.75813466494845	0.0
33.0	29.905356423681027	17.29963753523963	20.106725734997983	32.68828030608135	0.0
34.0	29.08636903683119	18.623008920840128	19.295595964477737	32.993012344187356	0.002013733663585654
35.0	30.403417563374035	17.762866239471244	19.826300729456335	32.00741546769839	0.0
36.0	31.72757140265656	18.071876322737992	18.15250035273013	32.04805192187531	0.0
37.0	28.549538287834185	20.035082059760473	18.883825960724224	32.53155369168111	0.0
38.0	30.66249873953817	18.41484319854795	19.346576585660983	31.5760814762529	0.0
39.0	30.48487661171533	18.672693153614883	18.559696523335823	32.28273371133397	0.0
40.0	29.297111694607146	19.812159159765706	19.319329428398305	31.571399717228843	0.0
41.0	29.713164495509346	17.651104458289506	20.511368233675864	32.124362812525284	0.0
42.0	28.104945644472334	19.18942445897524	19.928335728890417	32.777294167662	0.0
43.0	30.158279796526354	18.4970512534706	20.35141762762702	30.993251322376018	0.0
44.0	29.02218436955023	18.960133025104433	20.92306444417407	31.094618161171272	0.0
45.0	30.63436016072081	18.6046511627907	19.582775274970576	31.17821340151792	0.0
46.0	30.420212441862827	17.407640595487134	19.351300850986046	32.818815118711534	0.002030992952454455
47.0	31.28581298004633	19.201853131222823	18.909253464461333	30.603080424269518	0.0
48.0	29.713356373246597	19.011994307786136	18.67656027647896	32.596056108965236	0.0020329335230737954
49.0	26.997783065877517	19.37885166880225	21.07714523969329	32.546220025626944	0.0
50.0	29.31009913889624	18.647069600797998	18.793640453555362	33.24715510046211	0.0020357062882967246
51.0	30.94238062227297	17.689515964604656	18.835379031929207	32.53272438119317	0.0
52.0	28.15359477124183	18.823529411764707	20.96609477124183	32.056781045751634	0.0
53.0	30.573170232786484	18.430634537495397	19.82980812502557	31.16638710469255	0.0
54.0	30.27571797287886	18.63656847883977	19.21627268630423	31.871440861977142	0.0
55.0	29.23042211921073	18.82307092751364	19.07330680559544	32.873200147680194	0.0
56.0	30.018068331143233	18.893725361366624	20.992115637319316	30.094037450722734	0.0020532194480946124
57.0	27.502569373072973	20.067831449126412	19.097636176772866	33.331963001027745	0.0
58.0	30.419839473142623	17.43362831858407	22.37909034780819	29.767441860465116	0.0
59.0	27.581586162821857	21.66491434225988	21.91023975921001	28.843259735708248	0.0
60.0	30.847457627118647	19.080198429102936	20.076477883422903	29.99586606035552	0.0
61.0	28.62952588442785	21.153646643842723	19.777985268181347	30.436767299512397	0.0020749040356883497
62.0	30.900876517249277	16.3519393724886	21.59855093585393	31.148633174408197	0.0
63.0	25.559740531491943	21.07553881565181	24.973843900397572	28.39087675245867	0.0
64.0	25.766368108994577	21.68327656532526	17.94289558891552	34.607459736764646	0.0
65.0	27.68255310155342	19.384973052943042	19.156715629293036	33.775758216210505	0.0
66.0	27.965112577722127	18.33287354370477	18.218279820894256	35.479489845722895	0.0042442119559450795
67.0	33.309883175577724	14.639293937068304	18.11844461499105	33.92811460731645	0.004263665046473949
68.0	33.92467896838243	16.402287687493256	22.70206107693968	26.96881407143628	0.0021581957483543758
69.0	32.4357811359161	16.70243600238954	20.23364382591765	30.62592649954643	0.0022125362302807708
70.0	31.422318433760733	16.54019078430906	24.371387111354284	27.66372481385446	0.0023788567214596667
71.0	25.660001208240196	20.062828490303872	25.228055337401074	29.049114964054855	0.0
