# Position (bp)	A	C	G	T	N
0.0	26.835533357117374	24.114639077179213	25.264597455107623	23.78523011059579	0.0
1.0	26.446280991735538	20.662339351375635	15.519218718594448	37.37216093829437	0.0
2.0	27.98625170676586	20.395263430481663	17.723292057064832	33.89519280568765	0.0
3.0	24.183565818778572	22.135740241472277	15.618333137967413	38.06118860625952	0.0011721955222131052
4.0	33.16099583129556	15.331051025873915	14.662660984186871	36.84296327348098	0.0023288851626726286
5.0	35.328458681522754	15.0	22.130919220055713	27.532497678737233	0.008124419684308264
6.0	31.792896876337185	17.536920746163364	21.12549006002151	29.54469231747794	0.0
7.0	35.3709779542969	17.706786392678296	19.68456800782824	27.235365221896046	0.002302423300523801
8.0	24.4878261768795	26.788155944433594	21.612988475370845	27.11102940331606	0.0
9.0	28.269301386211325	18.86073625263931	16.47732488754246	36.39148994767282	0.0011475259340861105
10.0	26.68767547126569	16.912851658740617	25.317137454878818	31.08118948031857	0.0011459347963100898
11.0	27.164903603974906	19.228831799239824	21.00105325823144	32.60521133855383	0.0
12.0	26.86565456646341	20.67064032307886	20.978388953082636	31.4853161573751	0.0
13.0	26.4236563564456	21.93493816153442	18.706993118899025	32.934412363120956	0.0
14.0	30.109960450814988	19.88775346912649	20.47070388405002	29.530439155979245	0.0011430400292618248
15.0	29.26411082916124	18.86701872299568	19.65457330315708	32.21429714468601	0.0
16.0	29.668746999519925	18.082893262922067	19.165352170633014	33.08300756692499	0.0
17.0	30.200260613126673	18.416660951466522	20.982785817159318	30.400292618247494	0.0
18.0	31.83595089500034	18.401801431086117	18.599547356148413	31.16270031776513	0.0
19.0	30.746633747113822	19.025901287063075	19.540269300230896	30.68719566559221	0.0
20.0	30.418581258715683	17.247331001531673	20.713028370253525	31.62105936949912	0.0
21.0	28.698306014676632	17.95487277964474	19.404247536748738	33.941430628900626	0.0011430400292618248
22.0	28.498274009555814	18.99161008618522	20.22609331778799	32.284022586470975	0.0
23.0	29.951077886747594	17.25876140182429	20.486706444459685	32.30345426696843	0.0
24.0	30.497451020734744	17.873716937567153	19.699151864298287	31.92968017739981	0.0
25.0	29.005783782548068	18.43609263196397	19.464828658299613	33.093294927188346	0.0
26.0	30.066524929703036	17.48279724755961	21.715474475916146	30.735203346821205	0.0
27.0	29.150949866264313	18.408659671261688	20.36440116132867	32.07598930114533	0.0
28.0	29.823057403470273	17.553665729373844	20.395263242118737	32.22687058500789	0.0011430400292618248
29.0	29.55478081956907	18.506029605075156	19.21815168314568	32.72103789221009	0.0
30.0	29.84898887707626	17.86869691461756	19.055294534563373	33.22701967374282	0.0
31.0	30.0697381959529	18.47147593460615	19.73933920201212	31.71944666742883	0.0
32.0	28.90792046377077	19.28604914415084	19.327212230010176	32.478818162068215	0.0
33.0	29.971408966148218	17.486276303751144	19.635178408051235	32.90713632204941	0.0
34.0	29.109318688862196	18.73805846347463	19.308964018076768	32.84251473027859	0.0011440993078199188
35.0	30.227512741631845	17.678727214288994	19.526837779512373	32.56577436980578	0.0011478947610083108
36.0	31.06875315961212	18.130428788087688	18.67273312192656	32.12808493037364	0.0
37.0	28.72419939055942	19.80106939573392	19.24107399528546	32.23135744264935	0.0022997757718622434
38.0	30.196823204419886	18.388581952117864	20.031077348066297	31.382366482504604	0.001151012891344383
39.0	30.235561346262497	18.690403440602335	19.309573499060292	31.763308697206238	0.0011530168686367881
40.0	29.400317390448173	19.908721287168856	18.950758146161775	31.73788645762142	0.002316718599775278
41.0	29.489823261449562	17.608612072279893	20.802022532126337	32.09837708107604	0.001165053068167255
42.0	28.375770476847684	18.945250821647036	19.969824208470275	32.70915449303501	0.0
43.0	29.45476305013552	18.852737917844863	20.497717912916965	31.194781119102654	0.0
44.0	28.8616738429684	19.31954542246065	20.354815180819273	31.46278911084445	0.0011764429072257123
45.0	29.831556100783242	18.75294894781542	20.069359252618664	31.34495611965651	0.0011795791261677833
46.0	29.6800954868292	17.800966685968874	19.716612108391733	32.802325718810195	0.0
47.0	30.506327615394635	19.23973908205183	19.046773448875946	31.207159853677595	0.0
48.0	30.069133987121866	18.62822990904671	19.107305908999276	32.1941443631491	0.0011858316830509078
49.0	27.5768664163855	19.400750843510906	20.554341111058307	32.46804162904529	0.0
50.0	29.483496441811397	18.7064166597132	19.408518196230823	32.40156870224458	0.0
51.0	30.36448407704386	18.094758668632316	19.227404024786352	32.31215466302302	0.0011985665144487194
52.0	28.843742464432122	18.726790450928384	20.716180371352785	31.713286713286713	0.0
53.0	30.507283259410066	18.777721224460116	20.024721878862795	30.69027363726702	0.0
54.0	30.134001923006704	18.956221170113068	19.466183075106798	31.443593831773427	0.0
55.0	29.223303344416195	18.713328769802466	18.306278114609817	33.75708977117152	0.0
56.0	29.52141367038901	18.631733955086514	21.61124064302368	30.2356117315008	0.0
57.0	27.364831593460703	19.871479220011818	19.46154224935986	33.30214693716762	0.0
58.0	30.924537854558476	17.44606759610279	21.912547387658833	29.715612304120718	0.0012348575591805484
59.0	27.96821343118902	21.59602295972131	21.665447602990216	28.77031600609945	0.0
60.0	30.495384960326856	19.132796053860815	20.304928937108407	30.066890048703925	0.0
61.0	29.17899222862873	20.89120080220607	19.623965906242166	30.304587615943845	0.00125344697919278
62.0	30.936998217288508	16.341522005740078	21.733908184036512	30.98630725854374	0.001264334391159774
63.0	25.6159836588791	20.942167751819227	24.98787182433295	28.453976764968726	0.0
64.0	26.02718546672679	21.269084584165434	18.335373317013463	34.36835663209431	0.0
65.0	27.735375573729993	19.51137058081629	18.875554226423436	33.87769961903028	0.0
66.0	27.49416913441128	19.109515448518046	17.91451557954873	35.48048953064808	0.0013103068738698604
67.0	33.86383147328799	14.117413986660504	17.86171828567655	34.155715512117816	0.0013207422571485175
68.0	33.850835914142834	16.124361501025618	23.297000898255778	26.72780168657577	0.0
69.0	31.804470889632658	16.721072132005567	20.80492541630511	30.66815420850378	0.0013773535528834896
70.0	31.584727024500275	16.547702079036018	23.97346669238874	27.89410420407497	0.0
71.0	25.549362305148794	19.839395370807747	25.842229570146436	28.769012753897023	0.0
