# Position (bp)	A	C	G	T	N
0.0	25.85864340915399	22.306832624797302	23.928795780923583	27.905728185125128	0.0
1.0	26.539787585279985	20.30978364085258	17.621364187521	35.529064586346436	0.0
2.0	26.9539919401939	20.63828699918234	17.772821516178016	34.634899544445744	0.0
3.0	25.53912732527166	20.74846563086107	16.21833653221628	37.49407051165099	0.0
4.0	32.436968045325365	15.269219684283875	18.114823773198058	34.178988497192705	0.0
5.0	33.44665205195639	16.87269517386277	21.818473626040934	27.86217914813991	0.0
6.0	31.48310246478616	17.905624731018083	20.765404001721485	29.845868802474268	0.0
7.0	30.973038223505945	19.285711680762063	20.942513393361853	28.798736702370142	0.0
8.0	25.486670799752016	24.306188687502278	19.807811531308122	30.399328981437584	0.0
9.0	28.530170040367718	18.119892498605182	17.974029004955714	35.375908456071386	0.0
10.0	27.03213197007045	17.612782777380726	24.016569186563792	31.338516065985033	0.0
11.0	27.0280124402507	19.295149687717622	19.47125288492039	34.20558498711129	0.0
12.0	26.82085645329464	19.450662427905822	20.898743683784552	32.829737435014984	0.0
13.0	27.631977076946075	20.451024209923848	18.95563032930017	32.961368383829914	0.0
14.0	29.904239070605005	18.849629459517587	19.24368185645703	32.00244961342038	0.0
15.0	29.13770669854541	17.99484643168242	19.253352188444197	33.61409468132797	0.0
16.0	29.962028176404992	17.976852492948613	19.943224471054684	32.117894859591715	0.0
17.0	30.16330486489638	17.973008423936808	18.99503016877022	32.86865654239659	0.0
18.0	30.150490158577504	17.54188478814439	19.639493921742204	32.6681311315359	0.0
19.0	29.89819519568741	18.513540585332095	20.191589721175035	31.39667449780546	0.0
20.0	29.651143734317127	18.41374010772699	19.03140398349497	32.90371217446091	0.0
21.0	28.903123372674404	18.007188454773548	19.874584406078505	33.21510376647354	0.0
22.0	29.418768501425497	18.26748373331003	20.131735611216097	32.18201215404838	0.0
23.0	29.703979583292377	18.475154454140682	19.00559566326995	32.815270299297	0.0
24.0	29.718100674170394	17.940140076007978	19.274283966975844	33.067475282845784	0.0
25.0	29.71263217282108	17.92563743243489	20.06842957759295	32.29330081715107	0.0
26.0	29.70617031421178	18.25471062889671	19.786279212814513	32.252839844077	0.0
27.0	29.054705726067382	17.705569567733413	20.10147000484057	33.13825470135863	0.0
28.0	29.69585360793976	18.0034865650783	20.28795096972366	32.012708857258275	0.0
29.0	29.5229152791577	18.263075338552188	19.488086529608076	32.72592285268203	0.0
30.0	29.19073566506874	18.152301706032446	19.449934663361613	33.2070279655372	0.0
31.0	30.046553613091792	18.28039179287828	19.793111230012702	31.879943364017223	0.0
32.0	29.854511172828495	18.494953208434495	19.47555591146184	32.17497970727517	0.0
33.0	30.096207397376958	17.607446154070157	20.021185283871883	32.275161164681	0.0
34.0	29.70223144406829	18.528630191838666	20.61410214407921	31.155036220013834	0.0
35.0	29.573296151619843	18.333594236349008	19.14469923949805	32.9484103725331	0.0
36.0	29.277616374320104	18.384339253078195	19.5901323022929	32.74791207030881	0.0
37.0	29.16970085345606	18.464725758061228	19.772581631761383	32.59299175672133	0.0
38.0	28.9322191272052	18.898538059606388	19.614761410599524	32.55448140258889	0.0
39.0	29.339047605176344	18.077514073275704	20.105667907105456	32.47777041444249	0.0
40.0	29.795686512979426	18.726126710046717	20.44263674001464	31.03555003695922	0.0
41.0	30.40466974244317	18.12620394073243	19.801980198019802	31.667146118804602	0.0
42.0	29.39899784419973	18.80826487210861	19.573355473984737	32.219381809706924	0.0
43.0	29.38380858734841	18.611020066280638	20.79099748716268	31.214173859208273	0.0
44.0	29.09047870500191	19.40821937762887	19.46539449006719	32.03590742730202	0.0
45.0	29.124300780794783	18.64620964922503	19.399691178184362	32.829798391795826	0.0
46.0	29.886087197191515	18.310900377281534	20.218794155777942	31.584218269749016	0.0
47.0	30.037984041604	18.80883793596976	19.43267938628277	31.720498636143475	0.0
48.0	29.995156256259538	18.0558742229069	19.478769470575166	32.47020005025839	0.0
49.0	29.289106776031122	18.762656798613033	20.487259429770248	31.4609769955856	0.0
50.0	29.72442378857193	19.00914945074157	19.15921209825461	32.107214662431886	0.0
51.0	29.597549382064013	18.60655707849044	19.51096913780355	32.284924401642	0.0
52.0	29.778724799213247	18.446884845835836	20.01566227758655	31.758728077364367	0.0
53.0	30.57861474857486	18.666472398783398	19.331232811845485	31.423680040796253	0.0
54.0	29.88044761113782	17.83195640454022	19.717766024099898	32.56982996022206	0.0
55.0	29.494969364486117	18.64650041163057	20.09121441945519	31.767315804428126	0.0
56.0	29.30102434830757	18.579244925614535	19.24295851607921	32.87677220999869	0.0
57.0	28.963349106950957	18.041302835244018	19.739243522070314	33.25610453573471	0.0
58.0	29.411529004644386	18.075220835989438	20.481559056552225	32.03169110281395	0.0
59.0	29.212701396250196	18.27838307451889	20.299722061335927	32.209193467894984	0.0
60.0	29.867220370471557	17.963317122925886	19.518059122452325	32.65140338415023	0.0
61.0	29.29600553723976	18.1388317152693	19.96393508314967	32.60122766434127	0.0
62.0	29.009683130660335	18.64203017872626	19.514531982018084	32.83375470859532	0.0
63.0	28.550505510520086	18.031879041807088	19.965752800801532	33.4518626468713	0.0
64.0	29.29181422055116	18.80419417362538	20.471006572523645	31.432985033299815	0.0
65.0	29.583278683746485	18.012139494892086	20.230912720966497	32.17366910039494	0.0
66.0	29.321902985346515	18.001705079533945	19.971654874414334	32.7047370607052	0.0
67.0	29.175911656155613	18.25753352788799	20.388162041439415	32.178392774516986	0.0
68.0	29.654215107276748	18.40554946316085	19.46756923166604	32.47266619789636	0.0
69.0	28.91385849664987	18.109280897157035	19.783799145252434	33.19306146094066	0.0
70.0	29.16331148365282	17.701156126230185	21.099212609901222	32.03631978021578	0.0
71.0	29.761470965485078	18.10576026119403	19.63546525186567	32.49730352145522	0.0
72.0	29.618508652700392	17.87131545096439	19.710447010636862	32.79972888569836	0.0
73.0	29.409149383566387	18.373475315323194	20.21639862828488	32.00097667282554	0.0
74.0	29.80655694689427	18.073149754369595	19.58884240295048	32.53145089578565	0.0
75.0	28.898283465140857	18.06334050074711	19.956631072560953	33.08174496155108	0.0
76.0	29.02111282404522	18.230721291042084	20.620811056078548	32.12735482883415	0.0
77.0	29.598002769881187	17.713754646840147	20.04154821780013	32.64669436547854	0.0
78.0	29.9055678865211	17.82255801324455	19.215896376153978	33.05597772408037	0.0
79.0	30.74584870176257	18.113364337468838	19.82090009184611	31.319886868922488	0.0
80.0	30.34657958136365	18.354612617406612	19.32229459082178	31.97651321040796	0.0
81.0	29.51632891091996	18.070418428342325	19.368348155707828	33.04490450502989	0.0
82.0	29.464015600225984	18.361611780357563	20.2135918791347	31.960780740281752	0.0
83.0	30.870672970027446	18.12787268863609	18.930858644583033	32.07059569675343	0.0
84.0	29.711278052976702	17.703492292607535	19.239503256824385	33.34572639759138	0.0
85.0	30.03163911002245	17.782783658472574	20.134211063482343	32.051366168022625	0.0
86.0	30.054348024188698	18.6992195900752	19.325078460175764	31.921353925560336	0.0
87.0	29.5877378435518	17.776117226798863	20.259531967631407	32.37661296201794	0.0
88.0	30.061166315513205	18.314171776010266	19.60566316971283	32.0189987387637	0.0
89.0	30.043013888382603	18.655998250282508	19.627091459191483	31.673896402143402	0.0
90.0	29.906279731852862	18.035410295012884	19.80446693180037	32.25384304133389	0.0
91.0	29.720330703839252	18.514238637523512	20.42548227643225	31.339948382204984	0.0
92.0	29.478668839335516	18.66818316035827	19.734832329020804	32.118315671285416	0.0
93.0	29.872444980733686	17.65428543306369	20.056286067375588	32.41698351882704	0.0
94.0	29.996099289487404	17.903532148052015	20.996759129303086	31.103609433157498	0.0
95.0	30.065838400629946	18.580209108009974	19.521851349577844	31.832101141782232	0.0
96.0	29.73963194120392	18.62933096126925	19.916588894073726	31.714448203453106	0.0
97.0	29.215305981086264	18.31548170238208	20.970987757840014	31.49822455869164	0.0
98.0	29.56068394764665	18.3130992744905	19.76229538080134	32.36392139706151	0.0
99.0	29.69367516880314	17.906257747444254	19.982208222134723	32.41785886161789	0.0
100.0	29.583776532555493	18.73462509914869	20.844070634076445	30.837527734219368	0.0
101.0	30.154183567933924	18.106300107825806	19.565249282995065	32.1742670412452	0.0
102.0	30.034589558161766	17.81122296421808	19.840452432897365	32.31373504472278	0.0
103.0	29.423554997350998	17.94541204017591	20.578853186026606	32.05217977644648	0.0
104.0	30.317235324099396	18.15797403930935	19.51218604789595	32.012604588695304	0.0
105.0	30.27145804059912	17.383180364136447	19.64333761846393	32.702023976800504	0.0
106.0	29.07266947641798	18.137907998784026	21.176717845173446	31.61270467962455	0.0
107.0	29.633048956951647	18.528804413360668	19.419239117327866	32.41890751235982	0.0
108.0	28.979088581359374	18.501064670708505	20.52980132450331	31.99004542342881	0.0
109.0	29.07185037875913	18.09694411974557	20.644270034763863	32.186935466731434	0.0
110.0	29.396044692312085	18.267887393646383	20.268382282962484	32.06768563107905	0.0
111.0	29.01553810425961	17.83940903257349	19.699168856566647	33.44588400660026	0.0
112.0	29.564757466118845	18.172793892193535	20.4440577666033	31.81839087508432	0.0
113.0	30.248624100373323	17.944810068121463	19.710964861640303	32.09560096986491	0.0
114.0	29.495340684654597	17.779993738622267	19.82035256967715	32.904313007045985	0.0
115.0	29.83184796447536	17.854702977983415	21.176598453560228	31.136850603981	0.0
116.0	30.01349464504403	18.33087621588312	19.209198199673942	32.4464309393989	0.0
117.0	29.713148471718366	17.94682943264356	20.203013468936824	32.137008626701245	0.0
118.0	29.519860769860767	18.01093051093051	20.584876834876834	31.884331884331885	0.0
119.0	30.018352696815825	18.17551203231343	19.42611156695563	32.380023703915114	0.0
120.0	29.68445921595323	17.505305730188603	20.05165578825131	32.758579265606855	0.0
121.0	29.897453744921247	17.66029428428056	20.570762581543292	31.871489389254904	0.0
122.0	29.24832923400546	18.131852391456484	19.641578234410616	32.97824014012744	0.0
123.0	28.642303268038766	17.720151940216986	20.187525344058525	33.450019447685726	0.0
124.0	29.566742280294978	17.988231059623157	20.315233495442257	32.12979316463961	0.0
125.0	29.0292668055485	18.008908761411174	20.30172924817506	32.66009518486527	0.0
126.0	30.237400547550802	17.743987866479866	19.188270930536454	32.83034065543288	0.0
127.0	29.68475066959062	17.89995579401746	20.626858168138753	31.78843536825317	0.0
128.0	29.416614407690183	18.285233148124597	19.26229328468498	33.03585915950024	0.0
129.0	30.025202552202117	17.073841703124586	20.51257021661771	32.388385528055586	0.0
130.0	29.979124110529977	18.279198186266807	20.08844194033536	31.653235762867855	0.0
131.0	30.2689513215829	18.026872412837324	19.43092644847031	32.273249817109466	0.0
132.0	30.14592527484664	17.78576457757141	20.055406506122786	32.01290364145916	0.0
133.0	30.401495759372978	17.6567679847813	20.60072829680193	31.3410079590438	0.0
134.0	29.808292212580113	18.0184523471915	20.27631255553665	31.896942884691736	0.0
135.0	29.291081408546482	17.64801662747652	20.656957727322794	32.4039442366542	0.0
136.0	29.818889649380846	18.340153489929953	22.80699199541763	29.033964865271567	0.0
137.0	31.097981290004924	19.423436730674545	20.54849827671098	28.93008370260955	0.0
138.0	30.916133411865708	18.654600632917713	19.66886623873177	30.76039971648481	0.0
139.0	28.51372445669802	21.280510055141097	20.73518083036004	29.470584657800842	0.0
140.0	31.907590962260667	17.134047487122658	20.452913049723982	30.50544850089269	0.0
141.0	26.64423833058187	19.803769418651278	24.684536426082833	28.86745582468401	0.0
142.0	27.639605571018873	18.804565404543222	19.355435017983808	34.2003940064541	0.0
143.0	28.124715057310357	19.687193267575264	18.613395122317517	33.574696552796865	0.0
144.0	27.18726852860442	18.59940743322731	18.040063613785893	36.17326042438238	0.0
145.0	33.224005698288856	15.03972789566389	19.300744863533712	32.43552154251354	0.0
146.0	33.66953225478914	16.227238881743723	22.207743857036487	27.895485006430647	0.0
147.0	32.02992001119377	17.57829808073506	20.78309740910893	29.608684498962244	0.0
148.0	31.92109095723554	17.918455612087282	22.06313479979573	28.097318630881453	0.0
149.0	23.071709699018502	23.960936096549247	24.196103408292913	28.771250796139334	0.0
