# Position (bp)	A	C	G	T	N
0.0	31.29391100702576	17.388758782201403	24.19496487119438	27.12236533957845	0.0
1.0	25.45374707259953	24.443793911007024	25.673302107728336	24.429156908665107	0.0
2.0	30.09623797025372	18.955963837853602	17.8915135608049	33.05628463108778	0.0
3.0	28.660844250363898	19.184861717612808	21.717612809315867	30.436681222707424	0.0
4.0	30.40314364721292	17.406491049337795	19.662349003056324	32.528016300392956	0.0
5.0	32.04773686508514	18.017755785184107	17.217290059671083	32.71721729005967	0.0
6.0	27.88125727590221	23.28288707799767	19.135622817229336	29.70023282887078	0.0
7.0	32.71748617980797	19.741053244108233	19.2027931335467	28.338667442537098	0.0
8.0	31.374545454545455	19.869090909090907	18.4	30.356363636363636	0.0
9.0	30.046538685282144	19.735311227457824	19.458987783595113	30.759162303664922	0.0
10.0	27.165697674418603	16.27906976744186	20.261627906976745	36.293604651162795	0.0
11.0	27.543604651162788	18.415697674418606	19.476744186046513	34.56395348837209	0.0
12.0	27.215925603022377	18.58471374600407	19.26765475152572	34.931705899447834	0.0
13.0	29.245968327764054	19.933168676449224	20.543367717565015	30.277495278221707	0.0
14.0	29.764671702498546	18.14352120859965	21.847762928529924	30.244044160371875	0.0
15.0	29.349404589021205	19.30002904443799	20.60702875399361	30.743537612547193	0.0
16.0	27.443008566865107	18.861623348337446	19.950631624800348	33.74473645999709	0.0
17.0	29.834494773519165	19.61382113821138	19.91869918699187	30.63298490127758	0.0
18.0	27.685830429732867	19.55574912891986	20.107433217189318	32.65098722415796	0.0
19.0	28.032501450957632	21.909460243760883	18.818920487521765	31.23911781775972	0.0
20.0	26.515810850014503	19.24862199013635	19.30664345807949	34.928923701769655	0.0
21.0	27.471730936503334	20.701652652942883	20.991591765729197	30.83502464482459	0.0
22.0	27.807564121141866	20.055064483408202	21.51862048978409	30.61875090566585	0.0
23.0	26.685026815480505	21.090013045368895	19.19118712856936	33.03377301058124	0.0
24.0	31.58428757790984	16.582113349760835	18.843310624728222	32.9902884476011	0.0
25.0	29.714451369763733	19.524568778083783	18.683867227134368	32.07711262501812	0.0
26.0	31.32338020002899	18.07508334541238	16.92998985360197	33.67154660095666	0.0
27.0	27.699666618350488	18.81432091607479	17.7851862588781	35.700826206696625	0.0
28.0	29.46376811594203	18.913043478260867	16.043478260869566	35.57971014492753	0.0
29.0	29.691349079843498	18.040863642950296	16.85263005361542	35.41515722359078	0.0
30.0	30.422167416219352	16.799651820687657	18.97577252284927	33.80240824024373	0.0
31.0	31.18653901943719	14.897011894400928	20.35102988105599	33.56541920510589	0.0
32.0	30.760301799187463	18.209518282066163	18.151479976784678	32.87869994196169	0.0
33.0	29.441624365482234	20.39158810732415	19.318346627991296	30.848440899202323	0.0
34.0	30.33512258813289	17.32192078920644	20.76019149862179	31.58276512403888	0.0
35.0	26.744017403915883	21.01522842639594	18.767222625090646	33.473531544597535	0.0
36.0	27.694762802843464	16.001740896561728	19.70114609023647	36.60235021035834	0.0
37.0	31.69882489482083	19.686638618888725	17.974756999854925	30.639779486435515	0.0
38.0	29.102941176470587	20.25	17.779411764705884	32.86764705882353	0.0
39.0	32.43640641082194	18.247316571092487	16.497573886193205	32.81870313189237	0.0
40.0	27.850522289245255	18.978961306458732	20.33249963219067	32.83801677210534	0.0
41.0	28.972925250147146	16.18599175985874	22.881106533254854	31.95997645673926	0.0
42.0	32.931135962330785	16.642142436727486	19.952913478516773	30.473808122424956	0.0
43.0	33.35785756327251	18.952324896998235	18.201883460859328	29.487934078869927	0.0
44.0	31.758646063281827	19.646799116997794	16.188373804267844	32.40618101545254	0.0
45.0	33.39317773788151	15.589467384799521	19.105326152004785	31.912028725314183	0.0
46.0	31.09482500747831	16.676637750523483	19.054741250373915	33.17379599162429	0.0
47.0	30.55638647921029	17.99282081962309	19.563266527071494	31.887526174095125	0.0
48.0	28.14416031105129	18.72289516973232	17.960221324958876	35.172723194257514	0.0
49.0	30.656497682069688	18.57335127860027	18.124719605204128	32.64543143412592	0.0
50.0	29.445192163900103	20.995962314939433	17.91535815761926	31.6434873635412	0.0
51.0	29.596412556053814	18.953662182361732	17.279521674140508	34.17040358744395	0.0
52.0	29.835575485799705	17.548579970104633	20.22421524663677	32.3916292974589	0.0
53.0	31.03602930183884	18.642547465988937	20.19733891463597	30.124084317536255	0.0
54.0	27.47794887128121	22.768724772013755	19.34519360143519	30.408132755269847	0.0
55.0	29.43638809986545	18.88174615039617	19.419943190312452	32.26192255942592	0.0
56.0	28.1422806755343	19.14512031086534	19.11522941264385	33.59736960095651	0.0
57.0	30.44387983858915	18.098938873113138	18.323120609774325	33.13406067852339	0.0
58.0	31.953370198774472	18.47257510088178	18.457629651771036	31.11642504857271	0.0
59.0	29.293080257061728	18.039157076670154	20.236138095949784	32.43162457031834	0.0
60.0	28.58637178720861	17.364016736401673	22.026300059772865	32.023311416616856	0.0
61.0	30.618649133293484	18.03646144650329	20.008965929468022	31.335923490735208	0.0
62.0	27.63000597728631	20.41243275552899	20.77106993424985	31.186491332934846	0.0
63.0	31.61984459055589	18.514644351464433	20.113568439928272	29.7519426180514	0.0
64.0	27.704722056186494	17.857142857142858	22.474596533173937	31.96353855349671	0.0
65.0	29.497907949790797	18.768679019725045	20.81589958158996	30.9175134488942	0.0
66.0	28.626923651576273	16.07649783355745	21.470192738682208	33.82638577618407	0.0
67.0	28.65680561780965	19.049753473778573	18.885402659494996	33.408038248916775	0.0
68.0	25.519199163304947	18.526819064694457	20.245032123113702	35.70894964888689	0.0
69.0	27.939638428208575	20.64843866726431	20.663379650380996	30.74854325414612	0.0
70.0	28.0442253100254	19.184222321828777	19.13939937247871	33.63215299566711	0.0
71.0	30.47960555804572	19.004930524428506	19.243986254295535	31.27147766323024	0.0
72.0	28.387867921709248	19.064694456895264	20.962199312714777	31.58523830868071	0.0
73.0	29.80726131779471	17.3763633647094	21.21619602569849	31.6001792917974	0.0
74.0	28.349514563106798	19.447348767737115	21.38909634055265	30.814040328603436	0.0
75.0	29.354645951598446	18.01613385121004	22.438004182850314	30.191216014341197	0.0
76.0	30.112023898431666	18.62584017923824	18.864824495892456	32.39731142643764	0.0
77.0	30.082150858849886	18.730395817774458	18.297236743838685	32.89021657953697	0.0
78.0	28.63758589781894	18.598745144905887	19.136540185240513	33.62712877203466	0.0
79.0	28.353749626531222	19.1066626829997	18.180460113534508	34.35912757693457	0.0
80.0	28.976848394324122	16.63928304705004	20.866318147871546	33.517550410754296	0.0
81.0	26.57603824320287	18.270092620256946	19.181356438601732	35.972512697938456	0.0
82.0	29.653420974006572	17.134747535106065	20.79474155960562	32.417089931281744	0.0
83.0	28.791274465859857	18.422232182877632	21.41042880621545	31.376064545047065	0.0
84.0	26.968474525623787	18.676228895861346	19.99103541012999	34.36426116838488	0.0
85.0	30.533552533253623	17.142430130025406	20.161410850396056	32.16260648632491	0.0
86.0	30.533552533253623	18.33806605888507	19.877447317291885	31.25093409056942	0.0
87.0	32.34678624813154	18.146487294469356	21.061285500747385	28.44544095665172	0.0
88.0	30.358744394618835	18.50523168908819	17.80269058295964	33.33333333333333	0.0
89.0	30.732436472346787	16.50224215246637	18.729446935724965	34.035874439461885	0.0
90.0	29.95963522200628	16.579458812976526	20.52623710569592	32.93466885932128	0.0
91.0	29.256989086560026	19.07609508147705	17.07280609956645	34.594109732396475	0.0
92.0	28.19554492450291	17.356854537300045	17.775452235012708	36.67214830318433	0.0
93.0	30.666866028708135	16.40251196172249	20.319976076555022	32.610645933014354	0.0
94.0	30.747384155455904	17.294469357249625	19.82062780269058	32.13751868460389	0.0
95.0	30.672645739910315	16.517189835575486	20.209267563527654	32.600896860986545	0.0
96.0	29.68609865470852	16.93572496263079	19.671150971599403	33.70702541106129	0.0
97.0	30.14354066985646	17.35944976076555	20.319976076555022	32.177033492822964	0.0
98.0	30.64154329295648	19.081800508449227	18.648123224166294	31.62853297442799	0.0
99.0	29.35546582922088	17.43681770599671	20.218334081052788	32.98938238372963	0.0
100.0	30.44717887154862	17.13685474189676	19.207683073229294	33.20828331332533	0.0
101.0	31.071321095395728	18.567559434246164	20.43334336442973	29.927776105928377	0.0
102.0	30.514096185737976	17.428011457862205	20.639228101914668	31.41866425448515	0.0
103.0	27.926295121582847	20.012082766953633	18.713185319438153	33.348436792025375	0.0
104.0	27.920702179176754	17.91767554479419	18.886198547215496	35.27542372881356	0.0
105.0	29.363636363636363	17.227272727272727	20.21212121212121	33.196969696969695	0.0
106.0	32.99924069855732	18.51176917236143	17.600607441154136	30.888382687927106	0.0
107.0	29.43861250570516	18.895481515289823	18.33257264567169	33.33333333333333	0.0
108.0	33.78543127095398	16.595550137153307	17.327034440719295	32.29198415117342	0.0
109.0	29.75863122517568	18.68316529178124	19.523373052245645	32.034830430797435	0.0
110.0	26.46427476234284	18.64458754983134	20.2851885924563	34.60594909536952	0.0
111.0	31.776992781446783	17.385962217785288	19.305790201197972	31.531254799569957	0.0
112.0	28.4900723410805	18.808680929659843	19.008773279975376	33.692473449284286	0.0
113.0	28.58464384828862	17.51464693185322	18.347209374036385	35.55349984582177	0.0
114.0	30.83346219267048	17.02489562393691	19.51445801762796	32.62718416576465	0.0
115.0	26.68630795472166	19.95658241587843	19.848038455574507	33.5090711738254	0.0
116.0	29.917586689472863	17.46229202301353	17.92878245995957	34.691338827554034	0.0
117.0	30.088909686476367	19.65372016846046	19.4509436905319	30.806426454531273	0.0
118.0	29.935807108188506	17.01894473148583	20.322530139345545	32.72271802098012	0.0
119.0	25.6269592476489	18.934169278996865	23.557993730407524	31.880877742946705	0.0
120.0	27.54396984924623	21.513819095477388	19.83354271356784	31.108668341708544	0.0
121.0	30.84436042848141	18.99810964083176	18.163201008191557	31.994328922495274	0.0
122.0	28.424873737373733	16.82449494949495	19.255050505050505	35.49558080808081	0.0
123.0	30.959164292497626	16.714150047483383	19.768914213358656	32.55777144666033	0.0
124.0	30.667935903537995	18.023163572901794	19.24480406155799	32.064096462002226	0.0
125.0	28.612303290414882	18.391352726116676	18.741058655221746	34.25528532824671	0.0
126.0	30.90532355753905	17.7239400701307	18.983104877271277	32.38763149505897	0.0
127.0	29.324389075227597	17.60102220092637	20.667624980035136	32.40696374381089	0.0
128.0	30.652139080275596	17.92981893927255	19.644287774395128	31.77375420605672	0.0
129.0	29.885797008203312	17.30738298214573	19.317999034904297	33.488820974746666	0.0
130.0	29.577691811734365	19.132817537072857	15.989684074790459	35.29980657640232	0.0
131.0	29.7349709114415	20.394311570782158	18.729799612152554	31.140917905623787	0.0
132.0	28.775344687753446	16.512570965125708	22.092457420924575	32.61962692619627	0.0
133.0	27.401497883425595	21.263432106805602	19.86323673070661	31.471833279062196	0.0
134.0	26.871526642693688	19.712324288983325	19.48349133703825	33.932657731284735	0.0
135.0	28.83385271444973	17.041167787436446	20.928325405937347	33.19665409217648	0.0
136.0	27.59472817133443	18.237232289950576	19.670510708401977	34.497528830313016	0.0
137.0	28.283495787212953	16.32248471832149	19.428382620188337	35.965636874277216	0.0
138.0	27.087475149105366	17.229953611663355	21.056991385023196	34.625579854208084	0.0
139.0	28.737348597975775	17.9525468724075	19.92699518831923	33.3831093412975	0.0
140.0	28.99033655448184	17.6107964011996	20.959680106631122	32.43918693768744	0.0
141.0	31.799933087989295	17.19638675142188	18.735362997658083	32.26831716293075	0.0
142.0	31.566548881036518	16.927477704862863	19.047619047619047	32.45835436648157	0.0
143.0	33.09097057828881	19.310111599594183	20.037199864727764	27.56171795738925	0.0
144.0	31.588785046728972	18.334749362786745	17.60407816482583	32.472387425658454	0.0
145.0	30.158730158730158	17.682198327359618	19.59378733572282	32.565284178187405	0.0
146.0	29.03888984067158	18.502655473702244	17.62891896522186	34.82953572040432	0.0
147.0	28.93016855865153	18.765049879600962	19.17784657722738	33.126934984520126	0.0
148.0	28.22552749913525	19.301279833967484	19.111034244206156	33.36215842269111	0.0
149.0	29.61545153993388	18.70541151905342	17.43518357403863	34.243953366974075	0.0
150.0	27.707896575821106	17.62753319357093	21.13906359189378	33.525506638714184	0.0
151.0	29.26230944454179	19.046784650429295	20.18573681443841	31.505169090590503	0.0
152.0	28.85361552028219	18.800705467372133	16.86067019400353	35.48500881834215	0.0
153.0	30.049610205527994	17.363571934798017	19.702338766832035	32.88447909284196	0.0
154.0	30.25075582429308	18.139783033967632	19.26018139783034	32.349279743908944	0.0
155.0	29.589826258284074	19.84596095289271	17.266702489700876	33.29751029912234	0.0
156.0	30.72354211663067	16.342692584593234	19.618430525557955	33.31533477321814	0.0
157.0	30.891374954889933	18.242511728617828	20.371706964994587	30.494406351497656	0.0
158.0	28.863924624026094	20.293531436854504	17.630005435767348	33.21253850335206	0.0
159.0	33.412235979606706	16.16897305171158	19.519300801165333	30.899490167516387	0.0
160.0	28.45394736842105	17.306286549707604	21.929824561403507	32.30994152046784	0.0
161.0	29.463629684055842	17.707567964731815	20.867009551800148	31.961792799412198	0.0
162.0	30.706772467244882	19.154825613581842	20.778741465214985	29.3596604539583	0.0
163.0	29.195998517969617	18.21044831419044	18.784735087069286	33.808818080770656	0.0
164.0	27.63819095477387	17.792667038898195	18.87213847012842	35.69700353619952	0.0
165.0	29.2436974789916	16.395891690009336	22.408963585434176	31.95144724556489	0.0
166.0	27.780904145563685	19.17088726317764	21.06546614143688	31.9827424498218	0.0
167.0	28.916572291430732	17.780294450736125	20.573801434503586	32.72933182332956	0.0
168.0	29.115362758098122	17.787459746164046	19.73858685357075	33.35859064216708	0.0
169.0	26.19273902299943	17.525185325983653	22.334157004371793	33.94791864664513	0.0
170.0	28.012220737063203	16.97536757685698	19.094901661256444	35.91751002482337	0.0
171.0	30.37463976945245	17.367915465898175	18.78962536023055	33.46781940441883	0.0
172.0	29.473276529821845	19.44229279628195	16.2858249419055	34.798605731990705	0.0
173.0	28.947368421052634	16.686159844054583	19.239766081871345	35.126705653021446	0.0
174.0	31.69966673201333	19.07469123701235	17.76122328955107	31.464418741423252	0.0
175.0	29.14691943127962	17.535545023696685	21.544233807266984	31.773301737756714	0.0
176.0	30.154946364719905	16.448152562574496	16.746126340882004	36.650774731823596	0.0
177.0	27.65744083433614	19.494584837545126	19.855595667870034	32.9923786602487	0.0
178.0	28.91177064405411	19.745608721986674	19.644659802140115	31.6979608318191	0.0
179.0	28.67587327376117	18.15597075548335	20.552396425670185	32.6157595450853	0.0
180.0	31.0683585755219	15.165779778960294	19.177241097011873	34.58862054850593	0.0
181.0	29.2723149866007	18.63533292104721	17.975675118532262	34.11667697381983	0.0
182.0	29.112081513828237	17.38407153254315	20.607194843002702	32.896652110625915	0.0
183.0	28.541535886168656	22.075748064448632	19.2090395480226	30.17367650136012	0.0
184.0	31.767432062355173	18.158837160311776	18.01137560564567	32.06235517168738	0.0
185.0	27.527018436109348	19.87709260436533	21.57236702691248	31.02352193261284	0.0
186.0	30.080954409884956	17.70345121431615	21.772475500639114	30.44311887515978	0.0
187.0	30.304982817869412	20.532646048109964	18.943298969072163	30.21907216494845	0.0
188.0	30.478044559809646	17.434566298940084	19.381354099069867	32.7060350421804	0.0
189.0	29.71441028994986	18.312622629169393	20.034881185960323	31.938085894920427	0.0
190.0	31.26371215445371	17.463799912242212	17.705133830627467	33.56735410267661	0.0
191.0	27.56792577866137	17.605478241661142	19.063397393417276	35.763198586260216	0.0
192.0	31.64218958611482	18.33555852247441	17.779261237205162	32.242990654205606	0.0
193.0	29.256756756756758	18.423423423423422	18.626126126126128	33.693693693693696	0.0
194.0	28.600589702880473	18.893173055114538	20.39011113631209	32.1161261056929	0.0
195.0	27.80956740672923	21.080338750286106	19.272144655527583	31.83794918745708	0.0
196.0	29.686057248384117	19.806094182825483	17.91320406278855	32.59464450600185	0.0
197.0	29.413140051437924	19.85036240355389	19.00865092354454	31.72784662146364	0.0
198.0	27.989518818484992	21.91519771319676	20.81943782753692	29.275845640781323	0.0
199.0	27.6949826130154	23.91952309985097	18.926974664679584	29.458519622454048	0.0
200.0	22.315973232470178	19.581029967995345	21.443118999127144	36.65987780040733	0.0
201.0	31.76168024003429	16.588084012001715	20.488641234462065	31.161594513501928	0.0
202.0	30.173160173160174	19.567099567099568	21.125541125541126	29.134199134199136	0.0
203.0	30.318916557448667	19.484491044124074	20.13979903888161	30.05679335954565	0.0
204.0	31.41223053233612	18.829740431148263	22.481302243730752	27.276726792784867	0.0
205.0	29.86666666666667	16.844444444444445	24.711111111111112	28.57777777777778	0.0
206.0	30.139451192082774	19.973009446693656	20.3778677462888	29.509671614934774	0.0
207.0	28.129267182521623	19.299044151115158	20.436959490213926	32.13472917614929	0.0
208.0	27.168425883432768	16.383662230380907	22.533272143184945	33.91463974300138	0.0
209.0	27.314814814814813	18.194444444444443	18.84259259259259	35.648148148148145	0.0
210.0	27.26423902894491	18.627450980392158	21.33520074696545	32.773109243697476	0.0
211.0	30.25011798017933	19.820670127418595	20.48135913166588	29.447852760736197	0.0
212.0	26.278069756330623	16.865742952699474	23.36359292881032	33.49259436215958	0.0
213.0	29.096181730304494	18.946350894151763	19.091348477525376	32.866118898018364	0.0
214.0	32.22331047992164	20.86190009794319	20.274240940254654	26.64054848188051	0.0
215.0	28.69910625620655	20.456802383316784	18.818272095332674	32.02581926514399	0.0
216.0	32.098147220831244	17.776664997496244	21.732598898347522	28.392588883324986	0.0
217.0	24.936644703497212	21.540800810947793	24.27774961986822	29.244804865686767	0.0
218.0	25.99164926931106	19.05010438413361	19.51983298538622	35.438413361169104	0.0
219.0	24.21965317919075	22.13872832369942	24.161849710982658	29.47976878612717	0.0
220.0	13.122171945701359	23.076923076923077	19.728506787330318	44.07239819004525	0.0
