# Position (bp)	A	C	G	T	N
0.0	27.247866651426268	21.263306158718922	26.898320729277664	24.590506460577146	0.0
1.0	27.213013572474964	19.85335823307771	17.88585557091121	35.04777262353611	0.0
2.0	27.893135556386888	19.612799810165125	18.95733679103999	33.536727842408	0.0
3.0	25.451825340703003	21.588760769486097	17.496476315548946	35.46293757426195	0.0
4.0	31.734814046872273	16.124855778533156	17.06662494296832	35.07370523162624	0.0
5.0	32.37465466535959	17.261087841250035	21.81195971838517	28.552297775005197	0.0
6.0	31.37748281695473	18.031136506133844	20.659284759437366	29.93209591747406	0.0
7.0	31.602477914064885	18.65600147062809	20.08491463168897	29.65660598361805	0.0
8.0	25.90363999971734	23.3912322481409	20.742086009803714	29.963041742338053	0.0
9.0	29.522849834192876	18.826318658098298	17.50786656793972	34.14296493976911	0.0
10.0	27.88446151384221	18.046769836114954	22.258384870991126	31.81038377905171	0.0
11.0	28.649100105869895	18.7899070697565	19.4451241030467	33.115868721326905	0.0
12.0	28.025416283968053	19.34739939387596	20.848361971537805	31.77882235061818	0.0
13.0	28.141868654505263	20.713223320262667	18.741923915791205	32.402984109440865	0.0
14.0	29.915376866228684	18.67163191346553	20.02955168194209	31.3834395383637	0.0
15.0	30.013361835448464	18.713033136646803	19.567273962283664	31.706331065621068	0.0
16.0	29.867086414387323	18.29532306282707	19.046287758206518	32.791302764579086	0.0
17.0	29.635805919739195	18.730300026775524	19.459698141215046	32.174195912270235	0.0
18.0	30.531371361217946	18.36848259442402	19.20154591005358	31.898600134304456	0.0
19.0	29.958095068220196	18.50400214981336	19.57738330632376	31.960519475642684	0.0
20.0	29.87831056495147	18.55077665871357	19.271716766490947	32.29919600984401	0.0
21.0	29.877914340667072	18.195571609513532	19.879087113571327	32.047426936248065	0.0
22.0	29.555298128941033	18.860433868066774	19.065267808358914	32.51900019463328	0.0
23.0	29.636298627840592	18.23031880286272	19.756164752911662	32.37721781638502	0.0
24.0	29.90607758767205	18.784482465589328	19.431847351758364	31.877592594980253	0.0
25.0	29.816684188381288	18.637830260880165	19.332838740452424	32.21264681028613	0.0
26.0	30.124405569657043	18.336110661894818	19.764032540447044	31.775451228001096	0.0
27.0	29.293831187853137	18.844721603145924	19.764430727119763	32.09701648188118	0.0
28.0	29.708114036115497	18.605855528633224	19.723275421683358	31.962755013567918	0.0
29.0	29.36585205831251	18.686668096009672	19.75773807640893	32.18974176926889	0.0
30.0	29.848418813031905	18.81596089678701	19.351497769279796	31.984122520901288	0.0
31.0	29.803848515097407	18.60908422024454	19.35434738800549	32.23271987665256	0.0
32.0	29.622079127182747	18.664412451143043	19.38847959958384	32.325028822090374	0.0
33.0	29.743301936864157	18.578945580104346	20.027580776878075	31.65017170615342	0.0
34.0	29.622890218110875	18.83275822675798	19.696414029866485	31.84793752526466	0.0
35.0	29.679221881017448	18.851361579143145	19.41941472103674	32.05000181880266	0.0
36.0	29.936110347161986	18.361811006038725	19.679329417212596	32.022749229586694	0.0
37.0	29.56442414647496	19.208183011305785	18.981714171370054	32.2456786708492	0.0
38.0	29.745151368321526	18.51775876561636	19.646227610704184	32.090862255357926	0.0
39.0	29.471712950772634	18.70087270503137	20.17187247242023	31.655541871775768	0.0
40.0	29.77763218426147	19.01178006601378	19.77953620055323	31.431051549171517	0.0
41.0	29.759872835533084	18.69125779824012	19.645938874352836	31.90293049187396	0.0
42.0	29.950885601414118	19.280604557911097	19.872468651014913	30.89604118965988	0.0
43.0	29.99575817561153	18.972599240273805	19.34129338810079	31.690349196013873	0.0
44.0	29.886311840919884	18.89808290321928	19.4605138043107	31.75509145155014	0.0
45.0	29.758940353144098	19.177014283824104	19.62640105564171	31.437644307390087	0.0
46.0	29.68553203834119	18.936723186774223	19.51250959544528	31.865235179439306	0.0
47.0	29.551538250938208	18.811099939385752	19.517907505287308	32.11945430438873	0.0
48.0	30.169119372464888	18.56745379925964	19.836507564039326	31.426919264236147	0.0
49.0	30.22166962018335	18.837361546411778	19.46947006956551	31.47149876383936	0.0
50.0	29.933264400034105	18.680803997650983	19.639024894048077	31.74690670826683	0.0
51.0	30.302097178702237	18.983226178948826	19.602576516650526	31.112100125698404	0.0
52.0	29.802911450508596	19.173815980810403	19.493441827011697	31.529830741669308	0.0
53.0	30.501148737354235	18.680979226195074	19.38530484979535	31.43256718665534	0.0
54.0	29.64802562010937	18.845886582676215	20.080364965708934	31.42572283150548	0.0
55.0	29.78293839895131	18.705449598206666	19.058282123192413	32.45332987964961	0.0
56.0	29.828363899081513	18.868091492381897	19.744758122682416	31.558786485854174	0.0
57.0	29.264493602576696	18.687590370660843	19.76408628964017	32.283829737122296	0.0
58.0	29.672595528430573	18.689652657045944	19.648158729772774	31.989593084750705	0.0
59.0	29.76803245159531	18.279953445790643	19.849453621099382	32.10256048151467	0.0
60.0	29.726236520331074	18.751676575737328	19.91589076773756	31.606196136194036	0.0
61.0	29.875568332390944	18.891411418306074	19.89074828752276	31.34227196178022	0.0
62.0	29.686299835126395	18.692483818413987	19.56014951149467	32.06106683496495	0.0
63.0	29.411209870252048	18.677114774019053	20.06181157147897	31.849863784249933	0.0
64.0	29.211482945992266	19.10237802835771	19.569935479280126	32.116203546369896	0.0
65.0	29.636910978681573	18.260367389568103	19.856853228481906	32.24586840326841	0.0
66.0	29.67921347623325	18.656314215752623	20.355978294306563	31.308494013707566	0.0
67.0	29.4840785285931	18.135432620687872	19.93969765037698	32.44079120034205	0.0
68.0	29.298011152943904	18.54957432971893	19.662153907664287	32.49026060967288	0.0
69.0	29.611002022903172	18.511726536115063	19.915895669108895	31.961375771872873	0.0
70.0	29.25293409290335	18.58945719126585	19.892549637933616	32.26505907789718	0.0
71.0	29.63366944105307	18.27488116412675	20.07424530699009	32.017204087830095	0.0
72.0	30.11724432396471	18.50886469364552	19.661945118833067	31.7119458635567	0.0
73.0	29.729309813358256	18.496126960136028	19.374148577565204	32.400414648940504	0.0
74.0	29.57367843301248	18.623534185130147	19.585103761397324	32.21768362046005	0.0
75.0	29.718712340341742	18.411125387423247	19.951346992897708	31.918815279337302	0.0
76.0	29.53502302422223	18.73884666741542	19.496711716770868	32.22941859159148	0.0
77.0	29.738054123485913	18.383817432570552	20.190474286471126	31.687654157472405	0.0
78.0	29.80891687871714	18.71886486067221	19.707683107771683	31.764535152838974	0.0
79.0	30.321582675242205	18.42145805021324	19.31850775618585	31.938451518358708	0.0
80.0	30.434918922986242	18.366420446707384	19.390260725617324	31.80839990468905	0.0
81.0	29.88836250356283	18.610351110034067	19.747443864206815	31.753842522196287	0.0
82.0	30.208168324922617	18.659968268096865	18.964966671444053	32.16689673553647	0.0
83.0	29.94372185935626	18.495129316367233	19.534342756659665	32.026806067616846	0.0
84.0	30.135965940456295	18.476016908778803	19.394807885722066	31.99320926504284	0.0
85.0	29.924314120375627	18.22707278109645	19.531196765621097	32.31741633290683	0.0
86.0	29.874912668803468	18.420470811482108	19.64961397400215	32.05500254571228	0.0
87.0	29.86435241051484	18.521132639663637	19.976776485052707	31.637738464768816	0.0
88.0	30.202974973849305	18.65956482206131	19.409386896032945	31.72807330805644	0.0
89.0	30.136479179476776	18.622656938378352	19.90428074268001	31.336583139464857	0.0
90.0	30.2769562734023	18.435742844450086	19.71225487085105	31.575046011296564	0.0
91.0	30.1260627009442	18.42421623819751	19.509600843806787	31.940120217051504	0.0
92.0	29.276277284964706	18.653144418828344	19.633978146581775	32.43660014962517	0.0
93.0	29.73640499931216	18.725766430423864	20.277606525804135	31.260222044459844	0.0
94.0	30.001364741955356	18.614570087152167	19.329975472908597	32.054089697983876	0.0
95.0	29.73339496824185	18.662863009605342	20.20543834423437	31.39830367791844	0.0
96.0	30.08774890313871	18.804012108939546	20.047505088004584	31.06073389991716	0.0
97.0	29.678492069180905	18.97124630082841	19.510122162261794	31.84013946772889	0.0
98.0	29.808896299552583	18.47134982448091	19.972778200003333	31.746975675963174	0.0
99.0	30.08893046076782	18.661154543459936	19.872256288067458	31.377658707704782	0.0
100.0	29.87530063518819	18.519256069233457	19.760211318272454	31.8452319773059	0.0
101.0	29.724375771000478	18.367402067664095	20.365217861098355	31.543004300237072	0.0
102.0	30.042118007702314	18.52200569301511	19.83590721158181	31.599969087700767	0.0
103.0	29.718139467697085	18.49388919556122	19.802849817114378	31.985121519627313	0.0
104.0	30.09314026831423	18.248622009618813	19.48132287076594	32.17691485130102	0.0
105.0	29.970841711223034	18.66828728996011	20.009180658550623	31.35169034026624	0.0
106.0	29.215684243508704	18.53557102941443	19.772458315098753	32.47628641197811	0.0
107.0	29.553167934082285	18.28410160412556	19.605748613534598	32.55698184825756	0.0
108.0	29.196090139674958	18.799262682382263	20.530920608546655	31.473726569396128	0.0
109.0	29.487034516999856	18.585916876898423	19.794018370421202	32.13303023568052	0.0
110.0	29.39589577149163	18.35554971389605	20.553025856717685	31.695528657894634	0.0
111.0	29.577796976129328	18.588999344563064	20.042166877110134	31.791036802197475	0.0
112.0	29.342874628271826	18.71265591705128	19.20015971751921	32.74430973715768	0.0
113.0	30.115031446458694	17.914223625940682	19.646032963572285	32.32471196402834	0.0
114.0	29.804911498287023	18.418903746044705	19.643245054085106	32.13293970158316	0.0
115.0	29.984483689527014	18.114506177693208	20.09768461002165	31.80332552275813	0.0
116.0	29.905757073469065	18.48898968065546	19.743374713078126	31.86187853279735	0.0
117.0	30.014011971955025	18.674830239570543	19.613080294119968	31.698077494354465	0.0
118.0	29.93016290933026	18.375909165706762	19.510021392134277	32.1839065328287	0.0
119.0	30.121954596339386	18.49901832417586	19.03172085332616	32.347306226158594	0.0
120.0	30.267715994680284	18.045439477642788	19.946168891800266	31.740675635876663	0.0
121.0	30.138553619258623	18.20085314639066	19.528851559141565	32.13174167520915	0.0
122.0	29.695778148437157	18.35691318753966	19.559465879538056	32.38784278448512	0.0
123.0	29.502647328122723	18.83119468145809	19.81448798418238	31.851670006236816	0.0
124.0	29.3461963803407	18.875210012547587	19.199267348631462	32.57932625848025	0.0
125.0	29.424530449705827	18.715042518150263	19.597225902054475	32.26320113008943	0.0
126.0	29.898331668424934	18.690008282308003	19.474626929370984	31.93703311989608	0.0
127.0	30.005678743461097	18.3554358936672	19.168765574789052	32.470119788082656	0.0
128.0	29.825655882223007	17.933092449372197	20.051514717438828	32.18973695096597	0.0
129.0	29.59788075917108	18.321909999329357	19.644557709073837	32.43565153242572	0.0
130.0	29.743265093810862	18.431660342716434	19.503573267096506	32.32150129637619	0.0
131.0	29.499395945765762	18.602042066956415	19.915742178608802	31.98281980866902	0.0
132.0	30.592931891244085	18.254782296528028	19.358617580928577	31.79366823129931	0.0
133.0	30.04709249170945	18.55514501025161	19.675789428127825	31.72197306991112	0.0
134.0	30.43217807558237	18.174031367064043	19.294051317080577	32.09973924027301	0.0
135.0	29.450855707865504	18.277963468248288	20.201659398254222	32.06952142563198	0.0
136.0	28.126664387321576	19.27590382616679	19.957255468725524	32.640176317786114	0.0
137.0	30.53857307080035	18.150354834569814	21.35656300600447	29.954509088625358	0.0
138.0	30.184875467731647	19.887936013489284	20.159747294889236	29.76744122388983	0.0
139.0	30.65280922000412	18.97989984221719	19.65452425053166	30.712766687247033	0.0
140.0	28.995453588196675	21.329044317535825	19.116677471793114	30.55882462247439	0.0
141.0	31.525790466517723	16.69704843742022	20.16995392366425	31.607207172397807	0.0
142.0	28.27938034779336	20.154608649450413	24.074478918763354	27.49153208399287	0.0
143.0	27.860585393735416	19.685106005155284	18.9224959559609	33.5318126451484	0.0
144.0	28.250629478444118	19.76722913573971	19.40008574592672	32.582055639889454	0.0
145.0	26.675053720770205	20.755707348100742	17.66825823683296	34.9009806942961	0.0
146.0	31.936439758343983	15.91984895789744	17.82149285996973	34.32221842378885	0.0
147.0	33.55558195692346	16.600512154728555	22.41457050143355	27.42933538691443	0.0
148.0	31.080451925774057	18.138336480542726	20.176022023718296	30.605189569964924	0.0
149.0	32.835781584488444	17.986488404522593	20.94604580246498	28.231684208523983	0.0
150.0	22.969537612232312	26.288841257874175	21.7112272809406	29.03039384895291	0.0
