# Position (bp)	A	C	G	T	N
0.0	30.017941812240302	22.00210819551233	22.947538766432	25.03241122581536	0.0
1.0	31.41538202560002	17.60341333609577	18.795491185020687	32.18571345328352	0.0
2.0	31.77194619931759	20.00246839299902	18.88397781531792	29.341607592365467	0.0
3.0	33.66456864419345	19.27756274893778	18.932565024209918	28.125303582658844	0.0
4.0	33.740315523518035	18.994607337632036	18.933572724648702	28.33150441420123	0.0
5.0	34.121731953751784	19.052326714751178	19.280934888442754	27.545006443054287	0.0
6.0	30.631157468614788	18.834150233096857	18.04228889894347	32.49240339934488	0.0
7.0	31.402410679960504	20.330218428610554	18.521957188695886	29.74541370273306	0.0
8.0	31.47114645939717	19.69650182515653	19.035855413459462	29.796496301986835	0.0
9.0	34.163904503537736	18.48325903490605	18.86122825580054	28.491608205755664	0.0
10.0	32.64770131130098	20.851500641567302	19.877069445748443	26.623728601383284	0.0
11.0	30.604493999829923	21.047366077904666	19.139016862503812	29.209123059761595	0.0
12.0	31.362020381258237	19.155383663752975	19.035795287693144	30.446800667295644	0.0
13.0	32.292478468517075	19.276547169434284	19.24457466578742	29.186399696261216	0.0
14.0	31.846026128369815	19.206910972542115	19.664188653571273	29.282874245516794	0.0
15.0	32.34865794718143	18.557753382741808	19.706943433993015	29.38664523608374	0.0
16.0	32.08674629055317	19.077172961145305	19.413873717879945	29.422207030421582	0.0
17.0	32.07356570691696	19.35807722478646	19.6800862016285	28.88827086666808	0.0
18.0	31.933263431656982	19.41080616747228	19.855899481223172	28.80003091964757	0.0
19.0	31.436751451758248	18.74790447000697	19.708015550234762	30.10732852800002	0.0
20.0	31.341211770804257	19.01067626300889	19.104380158698515	30.54373180748834	0.0
21.0	31.741677660140343	18.792798247023665	19.130263631595927	30.335260461240065	0.0
22.0	32.11289215790057	19.269553564868033	19.212141062890975	29.40541321434042	0.0
23.0	31.65776839253342	18.885092734625573	18.996155148714067	30.46098372412694	0.0
24.0	32.36785208843924	18.5425921615536	18.889368794335066	30.200186955672088	0.0
25.0	31.892344563099307	19.284055756447554	18.839452589349932	29.984147091103207	0.0
26.0	32.223585267170634	18.656656995406568	18.837557666754588	30.282200070668214	0.0
27.0	31.682998344232864	18.781698734974007	19.791206644962973	29.744096275830156	0.0
28.0	32.778120476173896	18.642267646341885	18.783050358423832	29.79656151906039	0.0
29.0	31.971046535196418	20.050436030425757	18.907045251912802	29.071472182465026	0.0
30.0	33.70834587382565	18.442110185532957	18.610878265606384	29.23866567503501	0.0
31.0	31.93308457711443	19.133084577114428	19.165298507462687	29.768532338308457	0.0
32.0	32.12283449287297	19.361595997566894	18.651069583573307	29.86449992598683	0.0
33.0	33.316080935312215	18.57423860315296	19.089073384485033	29.020607077049792	0.0
34.0	32.39203360558235	19.859371189384778	18.92615929802557	28.8224359070073	0.0
35.0	30.428908936899795	19.647886964597344	19.228316001102186	30.694888097400675	0.0
36.0	30.286756925171428	19.372566481517737	20.353203255652673	29.987473337658166	0.0
37.0	30.09938281820269	19.928904146317368	20.353529328001784	29.618183707478153	0.0
38.0	30.624463924962996	19.97407550765583	19.689883404081307	29.711577163299868	0.0
39.0	31.233583622674	19.28374975190166	19.36700768911538	30.115658936308964	0.0
40.0	31.22117300908902	19.4549172017137	19.73584111201954	29.58806867717774	0.0
41.0	30.302991089106346	19.55880335730794	19.939774471311996	30.198431082273714	0.0
42.0	30.788426388042677	20.299840551716986	19.366225483206076	29.545507577034265	0.0
43.0	30.88309016621254	19.581728309120518	19.3780861271361	30.157095397530835	0.0
44.0	30.97815623650375	19.418861189595333	19.29788274717327	30.30509982672765	0.0
45.0	31.16059305359009	19.99314584750423	19.16908386303162	29.67717723587406	0.0
46.0	31.096219935756793	19.731358439785367	19.50451020751784	29.66791141694	0.0
47.0	29.58325053080777	20.160105220219855	19.366900605591525	30.88974364338085	0.0
48.0	29.94757184150796	20.919136474307845	19.259850089257533	29.873441594926664	0.0
49.0	30.447737303657362	20.51068765186542	19.01328806016363	30.028286984313578	0.0
50.0	30.600883187887707	19.988040164020607	19.17253706234886	30.238539585742824	0.0
51.0	30.463713897200233	19.4265675535857	20.292205441566153	29.817513107647915	0.0
52.0	30.439071219841544	19.551697946007533	19.809765695055436	30.199465139095484	0.0
53.0	30.12473479654304	19.561380563988344	19.7788275827448	30.535057056723815	0.0
54.0	29.84716871002026	19.314555568938204	20.165338916985093	30.672936804056445	0.0
55.0	29.90937236884849	20.58831719007936	19.668516345459004	29.833794095613147	0.0
56.0	30.411705637641656	19.622297667054518	19.603702109798796	30.36229458550503	0.0
57.0	29.582166845853337	20.10128482164717	20.477177650277294	29.8393706822222	0.0
58.0	30.059840008958005	20.40545638504493	20.02087535175501	29.513828254242053	0.0
59.0	29.78667147407007	20.32623573636734	19.61994805333547	30.267144736227124	0.0
60.0	30.819168522007196	19.726194553861962	19.605909616372667	29.84872730775818	0.0
61.0	29.99126021763667	20.13836201465388	19.82804612245883	30.042331645250623	0.0
62.0	29.79289154134783	19.619302905857104	19.909512592763694	30.67829296003137	0.0
63.0	29.838655435054573	19.896876151836615	20.149910274449876	30.114558138658932	0.0
64.0	29.78820903609099	19.414171691659096	20.384037910501675	30.41358136174824	0.0
65.0	30.038339633241367	19.744573503653676	19.68042653010789	30.536660332997066	0.0
66.0	29.8789035016507	19.68623153109271	20.588028359582182	29.846836607674405	0.0
67.0	30.102630769168204	19.627270422791053	20.252327187597007	30.017771620443735	0.0
68.0	29.84017418256843	19.584808737380115	19.902504485635777	30.672512594415675	0.0
69.0	31.04186149077708	19.49615932766795	19.95747559679134	29.50450358476363	0.0
70.0	30.026994326962818	19.621015472291596	20.854515718500593	29.49747448224499	0.0
71.0	30.3410223152232	19.812670760592795	19.956864797930166	29.88944212625384	0.0
72.0	30.575521832027615	19.030981208568456	20.953952774886318	29.43954418451761	0.0
73.0	31.23528023145378	19.057468172360597	20.514896817510557	29.19235477867507	0.0
74.0	30.29906719419771	20.78439300237499	19.532263143925483	29.38427665950182	0.0
75.0	31.231552345177498	19.08152382107256	19.928427922204982	29.75849591154496	0.0
76.0	30.679955648162338	19.64446727394992	19.823559221164054	29.852017856723677	0.0
77.0	31.008476042207228	18.975955717003977	19.40591593149974	30.609652309289046	0.0
78.0	31.21211028714371	18.78636441791972	20.434792254829638	29.566733040106936	0.0
79.0	31.421510508678118	19.003604127024282	20.465965115163883	29.108920249133718	0.0
80.0	31.247501751385443	19.682369015171247	19.564542209433668	29.50558702400965	0.0
81.0	31.6694093984275	18.70515145043751	19.949639815811253	29.67579933532373	0.0
82.0	31.114425257526428	19.154678146173442	19.623632972896594	30.10726362340353	0.0
83.0	30.851469544905175	19.64333285661807	19.446337284461606	30.058860314015146	0.0
84.0	30.77273263754236	18.89553018934732	20.480590354471214	29.85114681863911	0.0
85.0	30.937287417061842	19.70248599681416	19.612347309993986	29.747879276130007	0.0
86.0	30.510541881657055	19.19208317745795	19.56209016538084	30.73528477550415	0.0
87.0	30.360453170238838	19.093178389790932	19.60572604313778	30.94064239683245	0.0
88.0	30.267317787192518	19.10314435614383	19.925366042542205	30.70417181412145	0.0
89.0	30.33961845702417	19.980040005288547	19.749732374002534	29.93060916368475	0.0
90.0	30.36441862751944	19.54401711289695	19.659024673183286	30.43253958640032	0.0
91.0	30.493869311988664	19.528487735052565	19.1387751195352	30.83886783342357	0.0
92.0	31.183516351325807	19.3989047561765	18.881213016904102	30.536365875593592	0.0
93.0	31.663003578867883	18.988671942852957	19.41460459467491	29.933719883604248	0.0
94.0	31.369591964484865	19.26077290028277	19.157163106279185	30.21247202895318	0.0
95.0	30.726841266292077	19.265873731435867	20.09189200885741	29.915392993414645	0.0
96.0	31.048253537546522	19.3131309040469	19.505502850142253	30.133112708264324	0.0
97.0	31.58132844581584	19.44702224903139	19.380321555344178	29.5913277498086	0.0
98.0	31.307415151347723	19.591307356991017	19.359102237137115	29.742175254524145	0.0
99.0	30.33663146937865	19.32186785199353	20.15196597968053	30.18953469894729	0.0
100.0	30.852713631520253	19.508533859918117	19.96573885818606	29.673013650375573	0.0
101.0	29.996614526466047	19.36857254659423	20.000820720856716	30.633992206083004	0.0
102.0	30.43644384747758	19.148038802193167	20.245651212311362	30.16986613801789	0.0
103.0	29.914639464441457	19.875568677368406	20.13721919713363	30.0725726610565	0.0
104.0	30.074649351877014	19.542798567866807	19.736880974606812	30.645671105649363	0.0
105.0	29.912406986113087	20.23451940850277	19.690210436513578	30.16286316887056	0.0
106.0	30.330006922183365	19.45727705667575	19.533926125746063	30.678789895394814	0.0
107.0	30.887627729615396	18.865701432954985	19.38093961331069	30.865731224118925	0.0
108.0	29.70862852115569	19.04975287121969	19.81317094082203	31.42844766680259	0.0
109.0	30.87204791050634	18.785669989124866	19.778812363499096	30.5634697368697	0.0
110.0	29.695991108040314	19.060636556168046	20.291091518091832	30.95228081769981	0.0
111.0	30.687202720735975	18.831125797890767	19.96632215658691	30.51534932478635	0.0
112.0	29.80810485795952	18.97423269136638	20.03825212562167	31.179410325052427	0.0
113.0	30.630444993257676	18.657596097028833	20.33817669429251	30.37378221542098	0.0
114.0	29.527684103505553	18.882909608168834	20.913416604231223	30.675989684094386	0.0
115.0	29.916572428361103	18.749561829980887	20.711649073822887	30.622216667835122	0.0
116.0	30.015470079459956	18.92271992124323	21.2141872246494	29.847622774647416	0.0
117.0	29.568289720658054	19.127317115061402	20.634285328720573	30.670107835559975	0.0
118.0	30.26117617738504	18.366329703194204	21.48761347710305	29.884880642317707	0.0
119.0	29.92395302281718	19.244654562741456	20.612481459015356	30.218910955426008	0.0
120.0	30.521366489244766	18.713366092909624	20.740248762226784	30.025018655618823	0.0
121.0	31.165632739893013	19.030722765281798	19.83276007981552	29.970884415009667	0.0
122.0	30.95370539171462	18.73894677467859	19.855059591979195	30.452288241627596	0.0
123.0	31.279289700342332	19.124318071686496	20.490832069779437	29.105560158191736	0.0
124.0	30.639113956008284	18.800052061200137	19.895532615871453	30.66530136692013	0.0
125.0	30.701033977130415	19.407052189728198	19.256172081988158	30.635741751153233	0.0
126.0	30.952768048388958	19.060885541873905	19.816647278042343	30.1696991316948	0.0
127.0	30.280806884297807	19.580309945428574	19.70557401348608	30.43330915678754	0.0
128.0	30.974105218999675	19.193219304768988	19.21753141506016	30.61514406117118	0.0
129.0	30.285368012310933	20.30155401580328	19.3299154022182	30.083162569667586	0.0
130.0	30.87079051769251	19.511609633379155	19.56954177595624	30.048058072972093	0.0
131.0	30.49850922736853	19.504703644682053	19.54422197090423	30.452565157045186	0.0
132.0	29.735719770045225	19.595514462503306	20.292992315484522	30.375773451966936	0.0
133.0	30.926327483429226	19.530755316168506	19.85739340537617	29.685523795026096	0.0
134.0	29.954428946889067	19.450805381352623	20.19438444924406	30.400381222514245	0.0
135.0	29.984652560083596	18.82657392894462	20.52801724137931	30.660756269592476	0.0
136.0	29.859286516255402	19.80675457503217	20.60727251866482	29.726686390047615	0.0
137.0	30.22198378361477	19.287690259472036	20.101307151896545	30.389018805016644	0.0
138.0	30.756074224269135	19.01678787848742	20.654262904886313	29.57287499235713	0.0
139.0	29.7436629443242	19.539808261741314	21.4507176906428	29.265811103291682	0.0
140.0	28.40255031878985	20.301204317206317	20.5305663207901	30.765679043213733	0.0
141.0	29.659690115892573	19.285287286646984	19.146638177735433	31.90838441972501	0.0
142.0	31.011569586497835	19.128405428172222	20.479059233390892	29.380965751939055	0.0
143.0	32.19851403161355	18.685183028019335	20.64689089561587	28.46941204475125	0.0
144.0	33.59012767172944	18.356912959131105	19.270797025923702	28.78216234321575	0.0
145.0	28.826913971632667	20.068310791801334	19.685413535898334	31.419361700667668	0.0
146.0	28.926396290400717	19.46743719288532	19.32313654924216	32.2830299674718	0.0
147.0	28.682193566196062	19.88703368199265	20.399627522131162	31.031145229680128	0.0
148.0	30.380446101115783	20.050017825689466	19.796398857743938	29.773137215450813	0.0
149.0	32.86724166605566	19.346768266185492	18.512345557584286	29.273644510174556	0.0
150.0	24.95732982982019	23.81091816959418	22.194845674612502	29.036906325973135	0.0
