# Position (bp)	A	C	G	T	N
0.0	25.86684015435658	23.879839068346257	24.149818534377047	26.10350224292012	0.0
1.0	26.138898223355923	19.86614035802383	15.434319909181774	38.56064150943847	0.0
2.0	28.448123788256403	18.792501721955357	18.671490092441562	34.08788439734668	0.0
3.0	22.532214005025846	22.30187855521913	15.506248396882466	39.659659042872555	0.0
4.0	33.93988669806646	13.27797178793794	14.67318540804814	38.108956105947456	0.0
5.0	34.48527468308461	15.035767811142712	22.97436908809213	27.50458841768055	0.0
6.0	30.280646576020096	17.499401358289987	21.25809539066176	30.961856675028155	0.0
7.0	34.77697701573944	17.045818353364055	20.080054451924713	28.097150178971788	0.0
8.0	22.432101615580585	26.92008807613147	22.27268267166812	28.37512763661983	0.0
9.0	27.6233458568622	18.71638086647986	15.858848521325134	37.80142475533281	0.0
10.0	25.76473941836616	16.46202630012684	25.556951656727506	32.21628262477949	0.0
11.0	27.990719680737154	17.700277583535883	19.682312841204887	34.62668989452208	0.0
12.0	25.81522108918651	19.547448353872575	21.55314279138691	33.084187765554	0.0
13.0	26.340844028707107	20.626209071230367	18.62829757279734	34.40464932726518	0.0
14.0	30.55321656218986	18.316586087781523	20.208329702488797	30.921867647539813	0.0
15.0	29.97902187554985	18.066851626861073	19.868434905861054	32.08569159172803	0.0
16.0	29.329122588214002	17.46855609051988	18.809191221322198	34.39313009994392	0.0
17.0	30.19259909340697	17.722647564883093	19.803748177514994	32.28100516419495	0.0
18.0	30.640177775698085	17.31327929363382	18.796764780242984	33.249778150425115	0.0
19.0	29.510744395149846	18.20700421544035	19.985250614219524	32.297000775190284	0.0
20.0	29.833879611301878	17.479669459054698	19.845587443588613	32.84086348605481	0.0
21.0	29.022579834213847	18.11672450950175	19.471815375315526	33.38888028096888	0.0
22.0	29.556427382671597	18.91797331311361	22.412990441548096	29.1126088626667	0.0
23.0	29.525964099641673	20.059093039306948	21.095525072642754	29.319417788408625	0.0
24.0	31.852382474635615	19.261437279657475	18.45525848549258	30.43092176021433	0.0
25.0	29.041511952899373	21.155484739829	19.267035743505843	30.535967563765787	0.0
26.0	31.7260290847956	16.771744302279803	21.647457211143735	29.85476940178086	0.0
27.0	26.002787533641513	20.911062254201774	25.072404013800153	28.01374619835656	0.0
28.0	25.977851092321174	19.59992350755578	18.53561852520944	35.88660687491361	0.0
29.0	27.480507438078483	19.800942977079245	17.630135635619027	35.088413949223245	0.0
30.0	26.367461128617197	19.042710528031233	16.52091330929594	38.068915034055635	0.0
31.0	33.835454475880894	14.309257140962316	18.057787042662614	33.797501340494165	0.0
32.0	33.71303809679739	15.840960762201972	22.585246750457742	27.860754390542898	0.0
33.0	31.03101255174717	17.73967631809837	20.677233385060507	30.552077745093946	0.0
34.0	33.3123491791459	16.432575691677293	21.69086454274594	28.564210586430878	0.0
35.0	25.981499582697992	20.57143652165415	25.107956428207	28.339107467440854	0.0
