# Position (bp)	A	C	G	T	N
0.0	26.329106284398453	23.950204366502533	23.709841459965066	26.01084788913395	0.0
1.0	26.655069114974822	20.24333193282838	15.551872459650367	37.549726492546434	0.0
2.0	28.866168172985812	19.444215427251404	17.994356083103106	33.695260316659684	0.0
3.0	23.187879453490847	22.66395202747727	15.044094472007133	39.10407404702475	0.0
4.0	34.24861883091433	13.07674276076512	14.913731889485263	37.76090651883529	0.0
5.0	35.149123891134074	14.759862927444695	23.297375367827225	26.793637813594007	0.0
6.0	31.37584037154047	17.29348070257126	21.062327698570872	30.268351227317396	0.0
7.0	35.181806515255296	16.992363903268892	20.091829303606797	27.734000277869015	0.0
8.0	22.561671790750935	26.89854887435439	22.881453082656314	27.658326252238357	0.0
9.0	27.78592953480354	18.532990760744838	15.517349915943518	38.16372978850811	0.0
10.0	26.72627229440509	16.36853913126837	25.17967059048049	31.725517983846046	0.0
11.0	28.221971840692262	18.263868656750702	19.49914883287283	34.0150106696842	0.0
12.0	26.209409422321805	19.689725450835848	21.09828721804744	33.002577908794905	0.0
13.0	26.54170365512612	20.860751178458393	18.906556714766573	33.69098845164891	0.0
14.0	30.819660580127774	18.30795661797627	20.418281218904017	30.454101582991942	0.0
15.0	29.74123945042015	18.604468036559435	20.049618835719997	31.604673677300422	0.0
16.0	30.12420391521417	17.592388686180964	18.783912223431425	33.49949517517344	0.0
17.0	30.491949639885735	17.81114979238237	19.603305536860386	32.09359503087151	0.0
18.0	31.644123125571394	17.804931976207524	18.913525528276928	31.63741936994416	0.0
19.0	30.09807362556996	18.397866460746144	20.011417368315378	31.492642545368522	0.0
20.0	29.766221155904176	17.957196685981287	19.878965735304803	32.39761642280973	0.0
21.0	29.347507009124396	18.40454812821645	20.101349299242177	32.14659556341697	0.0
22.0	29.82878586039887	19.055386716138248	22.603904346794664	28.511923076668218	0.0
23.0	29.83916729415439	20.369543700645394	21.216944797057327	28.57434420814289	0.0
24.0	32.90499243149303	19.544020923669294	17.89386994007262	29.65711670476506	0.0
25.0	29.544268311026872	21.089915806572243	19.541248859975	29.824567022425885	0.0
26.0	32.45639300839151	16.70261146070528	21.958013506024436	28.88298202487877	0.0
27.0	26.517804269331503	21.259343014278006	24.808059438346763	27.41479327804373	0.0
28.0	26.764827172320537	19.674274785065666	18.661864112333298	34.899033930280495	0.0
29.0	28.06992801248776	20.115099176929007	17.305308910605476	34.50966389997775	0.0
30.0	26.575489196705565	19.041239287257596	16.0991556368723	38.28411587916454	0.0
31.0	34.40378496296708	14.32019766282822	18.25746855568459	33.01854881852011	0.0
32.0	34.54615563736609	15.532517601754522	22.549419666142104	27.371907094737285	0.0
33.0	31.416166974863042	17.48127424841471	21.095866977143178	30.006691799579073	0.0
34.0	33.67316649825108	16.391804231756563	21.784794695048923	28.150234574943433	0.0
35.0	26.54197239141564	20.07538759784067	25.833023710549735	27.549616300193954	0.0
