# Position (bp)	A	C	G	T	N
0.0	27.25519032794087	24.02391275283152	22.89206791832993	25.82844700804095	3.8199285673357904E-4
1.0	27.646663838739684	19.975499753666	14.872486489673944	37.50534991792037	0.0
2.0	28.47119456576317	19.798016162496566	17.69461786969579	34.035602967229735	5.6843481473762E-4
3.0	23.864987196084176	21.836582346660116	15.095958498303835	39.2003930943899	0.0020788645619737875
4.0	34.38282357554369	13.89108828763611	14.413665429976172	37.31110306759569	0.001319639248333484
5.0	36.128110475896456	14.804538155861218	22.314858563820874	26.745716065952724	0.0067767384687206465
6.0	32.48727721023236	17.619278503183516	19.93005284562013	29.96320351201618	1.879289478234069E-4
7.0	35.39408090333043	16.829521907564793	20.184727769602688	27.591294032853842	3.753866482476951E-4
8.0	23.17236672110767	26.58677402357777	22.063982868897185	28.176313850204103	5.625362132687292E-4
9.0	28.970428702314106	18.332218531196663	15.73257489315699	36.963653703110396	0.0011241702218549934
10.0	26.9889890152274	17.0646860249802	24.579715897495426	31.364923994061073	0.001685068235902064
11.0	28.568595498996263	18.486706342153365	19.608121937575653	33.33657622127472	0.0
12.0	26.653020021311203	19.61265960032154	21.013590563251267	32.720729815115995	0.0
13.0	27.65653399485552	21.08807448102202	18.368822280047297	32.886382443759096	1.8680031606613479E-4
14.0	31.59764706321883	18.324550605139624	20.39990211663438	29.677526614375033	3.7360063213226957E-4
15.0	29.9706163102828	18.831900263575246	19.2695734041182	31.92716282075949	7.472012642645391E-4
16.0	30.49477799716437	17.829716567880432	19.000580948982964	32.67436408502403	5.604009481984043E-4
17.0	30.003679966226503	18.376667893322075	20.284272720989442	31.33463221819771	7.472012642645391E-4
18.0	31.767448550522946	18.118696656834743	18.125795068845257	31.98805972379705	0.0
19.0	30.646833454442206	18.22031602877472	19.638130427716682	31.49434648843426	3.7360063213226957E-4
20.0	30.234191556252117	18.177912357027708	19.596473957233936	31.990674928221978	7.472012642645391E-4
21.0	30.136868591581656	17.422865479488394	19.36035835772634	33.079533970571475	3.7360063213226957E-4
22.0	28.792653517169754	18.911663998535484	19.897035665784347	32.398460018194356	1.8680031606613479E-4
23.0	29.962957497324084	17.614522603772244	19.99118302508168	32.43021607192559	0.0011208018963968086
24.0	30.953185972790664	17.947400767002097	18.409544748949717	32.68968171094146	1.8680031606613479E-4
25.0	29.485869490091176	18.111785045140298	19.12984676770073	33.27231189675173	1.8680031606613479E-4
26.0	31.852629494649104	17.72641599309586	19.994358630454805	30.425661880219902	9.34001580330674E-4
27.0	29.046141546071496	18.22423883541211	19.580035529420115	33.149397288780214	1.8680031606613479E-4
28.0	30.08008129549755	17.90424989399082	20.03788310409821	31.977412105781283	3.7360063213226957E-4
29.0	29.38238211499054	18.32847341177701	19.474119750210615	32.81502472302183	0.0
30.0	30.01449578576125	18.137291529679	19.305920855998565	32.540797417657956	0.00149441090322195
31.0	30.704956250793913	18.14303113628382	19.376302949241957	31.77290762229977	0.002802041380547108
32.0	29.45733393110663	18.435888814167228	19.47993723380408	32.625532391840395	0.0013076290816707763
33.0	29.545000270866527	18.09295018484306	19.403570581279574	32.95847896301084	0.0
34.0	29.866507756224408	17.848469677496485	19.464349762381563	32.81973876916639	9.34034731147443E-4
35.0	30.371479468903807	17.465124147380504	19.490662075746446	32.67179967437365	9.346335955915201E-4
36.0	31.07263511934475	17.477784695230135	18.87454919710813	32.57484403014514	1.869581718482124E-4
37.0	29.15727038478943	19.091187877019966	19.045749140777808	32.70410968125568	0.0016829161571170522
38.0	30.808678722317918	18.224493956277225	19.242285673674505	31.723793546504776	7.481012255768328E-4
39.0	29.75977307639774	18.641676630124632	19.445302019073708	32.152125631252886	0.0011226431510347964
40.0	29.83497744073628	18.454770034105785	19.665422426661323	32.043331766327604	0.001498332169004377
41.0	29.51100643378044	18.15466200619188	20.450833428655542	31.882935574061605	5.625573105260098E-4
42.0	29.31419188365001	18.381421534130894	19.575134881538823	32.72906403940887	1.8766127140511376E-4
43.0	29.628621113160136	18.159180622795784	20.33569826967786	31.876124408922408	3.755854438105397E-4
44.0	29.46696153607672	18.700971227685155	19.96550253375998	31.86581312369296	7.515787851856305E-4
45.0	29.345897003970638	18.533795572133318	19.643394296715197	32.47691312718084	0.0
46.0	30.01010061111519	17.750366311734577	19.52258154315519	32.716763440678186	1.8809331685635877E-4
47.0	29.79587382111863	18.391490226480705	19.671042232742984	32.141405550245	1.8816941268562913E-4
48.0	30.407390745380315	17.789439802431584	18.82076350706529	32.98146478459659	9.411605262216735E-4
49.0	29.112024224711313	18.038785148805715	20.06937487288806	32.77981575359492	0.0
50.0	29.83647528469811	18.57068542413516	19.502904467338407	32.08880394751226	0.0011308763160573128
51.0	30.290161972814538	17.98347431875918	19.398613171473762	32.3275618014427	1.887355098312327E-4
52.0	29.784462877407353	18.053738724092824	19.753347800772772	32.4082615632396	1.8903448745189073E-4
53.0	31.24759822434241	17.62633576587065	19.41751616170221	31.708360545569846	1.8930251488391022E-4
54.0	30.2886820706257	18.309418655344313	19.18987053850674	32.21108099399132	9.477415319294122E-4
55.0	29.226804710597325	18.374251871980444	18.23155250084443	34.167201156775754	1.897598020425745E-4
56.0	29.27160545422079	18.109563122841543	20.390450174576095	32.22819128525241	1.899631091642003E-4
57.0	28.251532867531726	18.61723465944199	19.459099767099197	33.67194258282238	1.9012310471029992E-4
58.0	30.907495794225337	17.736950680155594	21.86983793494561	29.48533497758189	3.8061309156789755E-4
59.0	29.654523175665503	20.39416639828643	20.916316819532238	29.034612474821486	3.811316943400038E-4
60.0	31.576866739110095	18.93141491939873	19.17204422231856	30.319101192260906	5.729269117138727E-4
61.0	29.43000243057084	20.9038661387033	19.30715334222629	30.35629871907003	0.00267936942954311
62.0	31.31538276937845	16.398560115190786	21.390928725701944	30.894552435805135	5.759539236861052E-4
63.0	26.74206086031124	20.29955889384148	25.131290775328903	27.826896679365177	1.9279115319956197E-4
64.0	26.4252624897926	19.65335479950927	18.058872019536285	35.86212368077836	3.8701038348858905E-4
65.0	27.96097466265411	19.089797107076983	18.417823512280364	34.53023978254539	0.0011649354431608582
66.0	26.717112468284622	19.419554990860515	16.8443247498821	37.014525740610104	0.004482050362656336
67.0	33.56405716577488	13.876101693257295	17.62826595193145	34.92864060100363	0.0029345880327500025
68.0	34.689130546578	15.284365345285236	22.840805250186914	27.18470989869101	9.889592588343732E-4
69.0	31.88775304052689	16.760879227443535	20.36870176572791	30.981857852842538	8.081134591296619E-4
70.0	33.16957704276173	15.697521226255882	22.16829007510578	28.964393894851913	2.177610246962778E-4
71.0	26.084002673708895	19.683264116415916	25.67281035295149	28.559374965756803	5.478911668986072E-4
