# Position (bp)	A	C	G	T	N
0.0	23.28534018076402	28.081598548996833	34.082271064510536	14.550790205728608	0.0
1.0	23.61956001181997	21.957631522636262	15.111219800487063	39.3115886650567	0.0
2.0	26.05973759362582	22.714107137412725	15.919184527983576	35.306970740977874	0.0
3.0	18.697180237282627	24.920770355923942	14.437063221192915	41.94498618560052	0.0
4.0	35.27566887255897	10.834923470423451	13.469814461451016	40.41959319556656	0.0
5.0	38.340113418481735	13.199354792894605	24.90742901200126	23.5531027766224	0.0
6.0	32.57823659922801	15.615913764981206	23.02167019562949	28.784179440161285	0.0
7.0	37.07717237188576	16.625481061373304	21.165687664573625	25.13165890216731	0.0
8.0	20.419675318756774	31.085747850480537	23.43457257729662	25.06000425346607	0.0
9.0	28.217325735569474	18.08382506249937	13.818686045687798	39.880163156243356	0.0
10.0	25.036941076452845	15.835070744691619	29.744145092403297	29.383843086452238	0.0
11.0	27.382398186381668	19.23022427333819	18.848676220548942	34.538701319731196	0.0
12.0	25.67054847880854	20.58540829851169	22.274047168570473	31.469996054109288	0.0
13.0	24.75896605796955	21.791694066467702	18.552278820375335	34.897061055187415	0.0
14.0	31.87554351123425	19.879871377434423	18.956660666976763	29.287924444354562	0.0
15.0	28.79495750936405	15.74972814048089	23.2480164323976	32.20729791775746	0.0
16.0	30.555611474584804	18.31806743834927	17.651736285858078	33.474584801207854	0.0
17.0	28.643989378822017	18.533754425490827	19.818152558738333	33.00410363694882	0.0
18.0	33.03596572394094	17.310013275938367	17.51820412760993	32.135816872510766	0.0
19.0	30.13997546407095	19.126963377109185	19.85901896506647	30.874042193753393	0.0
20.0	30.842324360740463	16.612200983398857	18.816301495208695	33.72917316065198	0.0
21.0	28.762316509149404	16.301025537904685	22.057108385280515	32.87954956766539	0.0
22.0	29.157576184108663	19.1518454098509	21.959924796155352	29.73065360988508	0.0
23.0	28.7765155323213	17.84457625414698	20.064341007338896	33.31456720619283	0.0
24.0	30.43163587382642	17.456424277758792	19.180354234936974	32.931585613477814	0.0
25.0	28.970948688070074	17.513159480853457	19.436854582713867	34.079037248362596	0.0
26.0	30.525301398327624	15.50407050863791	21.43466607775625	32.53596201527821	0.0
27.0	32.57417593447625	16.753322359176135	19.791624844421246	30.880876861926364	0.0
28.0	30.579532680263373	16.743616508752208	21.635619078207803	31.04123173277662	0.0
29.0	29.852064473393686	18.228988939962665	19.34201810554206	32.57692848110159	0.0
30.0	29.41312268516195	16.98099950817533	19.559565989822243	34.04631181684048	0.0
31.0	29.44340739848658	19.146544629774592	21.398607013106925	30.0114409586319	0.0
32.0	30.810610090223907	16.852500476711395	20.65013398099176	31.68675545207294	0.0
33.0	29.525243400582152	16.776071464418347	22.007427481682225	31.691257653317273	0.0
34.0	28.20865410673599	18.293870258659627	21.81894829818627	31.67852733641811	0.0
35.0	29.648775885086774	16.903727050982205	17.981791353402325	35.465705710528695	0.0
36.0	31.542781366472106	15.674948011372198	19.81997367918747	32.96229694296822	0.0
37.0	26.730931607092597	18.09034618632142	19.630292308310885	35.548429898275096	0.0
38.0	28.88839739014165	17.776392644944654	21.452914978536025	31.882294986377662	0.0
39.0	31.09515765765766	17.22570785070785	18.867639961389962	32.81149453024453	0.0
40.0	29.727012216580363	17.07908099140315	21.260871751043187	31.933035040973305	0.0
41.0	29.505360770824534	16.472552451069138	21.525556695431778	32.49653008267455	0.0
42.0	28.28435218152194	17.776034437672237	22.248707581517913	31.69090579928791	0.0
43.0	30.518703292061033	17.68640428078575	21.44013840134378	30.354754025809438	0.0
44.0	29.06285518864603	18.796205956607892	21.177038594232492	30.963900260513583	0.0
45.0	29.851346730231533	18.549473980648926	20.850682919960573	30.74849636915897	0.0
46.0	28.813354543807012	17.934596564708723	20.483880711222085	32.76816818026217	0.0
47.0	29.290763003685132	17.00900138947623	19.294589097645947	34.40564650919269	0.0
48.0	30.923994038748138	18.08313529625005	19.82317638055343	31.169694284448386	0.0
49.0	27.990731879312953	21.238100035259155	20.83312345741198	29.93804462801592	0.0
50.0	29.673240798565644	19.212715808134735	17.665545236608313	33.44849815669131	0.0
51.0	29.873178004089734	18.201323622737302	20.471830205594674	31.453668167578293	0.0
52.0	27.71560104362893	16.957962707391026	19.999194108936326	35.327242140043715	0.0
53.0	32.08643965343542	17.758412250654846	19.75115857344348	30.40398952246625	0.0
54.0	28.510968470057136	18.041294249236692	21.285986356170458	32.16175092453572	0.0
55.0	28.43640101169903	17.731940063886174	21.36962282973428	32.46203609468052	0.0
56.0	32.01970939723101	17.680014509985693	18.600995546240505	31.699280546542795	0.0
57.0	27.09152105125259	17.20579640042727	19.774472459036218	35.928210089283915	0.0
58.0	30.21127328441255	17.452221595032658	19.126481735343923	33.21002338521087	0.0
59.0	29.35785366443846	17.231783672605182	21.040904187209502	32.36945847574685	0.0
60.0	29.536081954485415	17.195519122377164	19.59325246781008	33.675146455327344	0.0
61.0	30.467970112833132	17.820374497090942	20.5852399342563	31.12641545581963	0.0
62.0	29.383470474346563	18.834704743465633	20.332163601161664	31.44966118102614	0.0
63.0	28.508475601762683	18.45271108332409	21.188500206721994	31.85031310819123	0.0
64.0	30.84580626941542	18.547020615645298	20.314075926897164	30.29309718804212	0.0
65.0	31.753028637138502	17.86820258833735	18.715514893531175	31.66325388099297	0.0
66.0	31.92811809458464	17.896818590008778	20.02986670971778	30.145196605688803	0.0
67.0	29.44524619281656	18.04034756632926	20.005247807526565	32.50915843332762	0.0
68.0	31.03949306802817	17.712348394648156	19.683974734123062	31.564183803200613	0.0
69.0	29.245425829304967	17.359141781630655	20.62691116067374	32.76852122839064	0.0
70.0	28.759779920246327	18.027358538185855	20.865175912371914	32.3476856291959	0.0
71.0	29.969508501272163	18.10710391341222	19.048099834417027	32.87528775089859	0.0
72.0	30.101391609945267	17.064894669871343	20.87313930237725	31.960574417806143	0.0
73.0	30.028983750921522	19.147453570454754	18.353682552185898	32.46988012643783	0.0
74.0	29.38039690955916	17.853860526182903	21.11599252638489	31.649750037873048	0.0
75.0	29.2944800767638	16.67693550830766	20.496944598757636	33.5316398161709	0.0
76.0	29.442957426392606	18.442502903893743	19.862633200343417	32.25190646937023	0.0
77.0	29.37670471764825	16.828972623497325	21.170825335892516	32.62349732296192	0.0
78.0	29.114806433362965	19.534470217408874	19.084902610522914	32.265820738705244	0.0
79.0	31.16930350972904	17.23040552827787	19.005475743064395	32.594815218928694	0.0
80.0	29.282192223749092	18.815172581036293	19.92967423813758	31.972960957077035	0.0
81.0	30.610491849666005	19.63558457045264	19.8569017614423	29.897021818439057	0.0
82.0	29.146200958098355	17.866310917065874	19.729953712125806	33.25753441270996	0.0
83.0	31.405008792674792	18.176581165484205	19.463141511531543	30.95526853030946	0.0
84.0	30.07458764553687	18.579196313065978	19.090596701164294	32.25561934023286	0.0
85.0	31.552931900656027	18.85897967229023	19.3138513479364	30.274237079117345	0.0
86.0	29.035421131373578	17.827827423072257	19.349197363632687	33.78755408192147	0.0
87.0	30.252355724511666	17.233186395438185	20.408864803655923	32.10559307639422	0.0
88.0	28.666174641849747	18.854323583827888	19.274903701307235	33.204598073015134	0.0
89.0	28.502532682216632	19.896468399607713	20.899430778408	30.70156813976766	0.0
90.0	30.59591258599757	19.21388101983003	19.701537838931607	30.488668555240793	0.0
91.0	29.458964473990427	20.241022371975838	20.41404850802902	29.885964646004716	0.0
92.0	28.624046303604317	17.516645417197903	20.457167142250015	33.40214113694777	0.0
93.0	30.53618950286865	17.643963694132168	19.463304562518342	32.35654224048084	0.0
94.0	29.48140652668859	18.23728813559322	19.757146471034655	32.524158866683536	0.0
95.0	31.090914611312964	18.892386166971974	18.185958484722743	31.83074073699232	0.0
96.0	28.700976671221092	18.272354637923183	18.377612469004607	34.64905622185112	0.0
97.0	27.42648919479731	19.22769370919581	20.429171516777163	32.91664557922972	0.0
98.0	28.314015285721517	18.259857265779218	19.474616591587793	33.951510856911476	0.0
99.0	30.87258515248471	18.591794581021425	19.158802802640636	31.376817463853225	0.0
100.0	31.406615776081427	19.633587786259543	19.39033078880407	29.569465648854965	0.0
101.0	30.93539903605088	19.902172467075303	19.1889319812122	29.973496515661612	0.0
102.0	29.91053022181908	18.905129050878205	20.64092520821308	30.543415519089635	0.0
103.0	28.378518533883714	16.921114314754508	20.886141591818955	33.81422555954283	0.0
104.0	29.914833215046134	18.68972571285434	18.69598797645389	32.699453095645644	0.0
105.0	30.250123433445737	18.488754425220343	19.814482157301484	31.446639984032437	0.0
106.0	29.027719001269574	17.576174354633938	21.352094794752432	32.04401184934406	0.0
107.0	30.1317344863207	17.243692825422517	21.080712665466823	31.54386002278996	0.0
108.0	26.623661905425244	19.38107433322975	22.494990516807217	31.50027324453779	0.0
109.0	30.56930559599685	18.051915838968156	18.6321136238636	32.746664941171396	0.0
110.0	30.322273032660757	18.115125376563142	21.671615266249106	29.890986324526992	0.0
111.0	29.83580820304834	18.288960118619308	20.28084865135954	31.59438302697281	0.0
112.0	30.077109543814235	18.533712117057334	18.859480744551327	32.52969759457711	0.0
113.0	31.739980773693112	19.132385277510746	18.470514137965328	30.657119810830817	0.0
114.0	28.86234471099841	18.653587356667	18.22317128780043	34.260896644534164	0.0
115.0	26.97804659498208	21.067428315412187	20.12208781362007	31.832437275985665	0.0
116.0	31.054561868758114	17.419172826270948	18.028550471139198	33.49771483383174	0.0
117.0	30.09195585209771	15.101674301237825	24.056287438762403	30.750082407902063	0.0
118.0	32.50348946296593	17.697869711461458	18.946067775667576	30.85257304990504	0.0
119.0	31.83068758705637	18.838711162785344	19.051675511402227	30.278925738756058	0.0
120.0	32.225567392311255	16.76933765632237	17.186197313571096	33.818897637795274	0.0
121.0	31.286127167630056	16.87255267574119	21.128566101062837	30.712754055565917	0.0
122.0	30.144774632202097	18.07865892972276	21.200398569837642	30.5761678682375	0.0
123.0	27.882436260623226	19.2752596789424	20.747167138810198	32.095136921624174	0.0
124.0	28.347927473468804	20.035216294674726	19.704468662256698	31.91238756959977	0.0
125.0	28.454465901871227	18.356289183778664	19.05395523908848	34.135289675261625	0.0
126.0	32.72564617132909	17.786938755772624	18.633187456176405	30.854227616721875	0.0
127.0	30.718882550826386	18.66071863877919	19.891765394178734	30.72863341621569	0.0
128.0	30.528630572857164	18.136586444550915	19.858966326367646	31.475816656224275	0.0
129.0	29.172960257521357	18.61953695679089	21.811316082703975	30.39618670298378	0.0
130.0	31.363443437445387	17.339525129203807	18.687738746161337	32.60929268718947	0.0
131.0	29.877419517229225	17.365148883686977	20.76568753303632	31.991744066047474	0.0
132.0	30.598338230823792	18.61890769074881	21.187556996656195	29.5951970817712	0.0
133.0	31.09097647314411	16.219601027462907	21.813139768181877	30.876282731211102	0.0
134.0	32.091243978464156	17.929364486462816	18.537314201808393	31.44207733326464	0.0
135.0	31.993241047637618	15.817248326509393	18.996555533892245	33.19295509196075	0.0
136.0	29.59700216948261	18.290710669909934	19.97896259286043	32.133324567747025	0.0
137.0	29.011340893929287	18.637758505670448	22.305537024683122	30.045363575717143	0.0
138.0	31.189173159356216	16.354837840023727	21.21963712829914	31.236351872320924	0.0
139.0	28.65973741794311	19.216356673960615	22.115700218818382	30.0082056892779	0.0
140.0	30.203499245016413	15.997340241317689	19.525676368321164	34.27348414534473	0.0
141.0	31.200033543914575	16.584670431039303	20.854531223793817	31.360764801252305	0.0
142.0	31.3448825113119	15.613943588514722	19.649577830088944	33.39159607008443	0.0
143.0	29.867989143563584	17.249513307660607	21.278046978244497	31.604450570531313	0.0
144.0	31.58860287794531	16.13971220546924	21.91710141604082	30.354583500544628	0.0
145.0	33.54714467740067	18.410459863315186	20.223271168770996	27.819124290513148	0.0
146.0	30.31212924582192	16.73868146998081	19.7340090518946	33.215180232302664	0.0
147.0	31.106311211054237	16.50294404828831	20.028404888007813	32.36233985264964	0.0
148.0	32.44431813082434	17.071784362706236	19.48454070871913	30.999356797750288	0.0
149.0	31.024733913884855	17.906386066763424	20.76378809869376	30.305091920657958	0.0
150.0	31.76479572355861	16.734631538755252	19.972508591065292	31.52806414662085	0.0
151.0	29.717693469350014	16.88599870558141	23.07609332141646	30.32021450365211	0.0
152.0	29.194730047130925	18.513275988116163	19.535223755230287	32.75677020952262	0.0
153.0	30.60538996405644	18.21192572711149	22.780995432499882	28.401688876332187	0.0
154.0	31.239598687651558	17.341067947315867	20.577560109679364	30.84177325535321	0.0
155.0	30.576120500807498	17.86725083547866	19.68371736036713	31.87291130334671	0.0
156.0	29.439818931371757	17.6655080430038	19.54409506102983	33.35057796459462	0.0
157.0	30.822074650790015	17.594622002682456	17.921750793287316	33.661552553240206	0.0
158.0	29.67890135677811	19.857546561782154	19.986448744856308	30.477103336583433	0.0
159.0	32.823305382019846	17.965122106036816	19.03417632713059	30.17739618481275	0.0
160.0	32.12626885334504	18.259665242285543	18.866012464742344	30.74805343962707	0.0
161.0	30.155721749820714	19.781101663080968	19.46692620291637	30.59625038418195	0.0
162.0	31.5564296311631	17.686229858882793	18.46599730876721	32.2913432011869	0.0
163.0	29.390424696956487	18.24714397837272	21.524374291445017	30.83805703322578	0.0
164.0	31.30908706081558	17.20050797234373	20.3876816706646	31.102723296176098	0.0
165.0	31.1113492658879	18.524273925624264	18.54034937305755	31.824027435430285	0.0
166.0	31.409456649489197	17.72534128921436	19.849923153421933	31.015278907874517	0.0
167.0	30.966537990083975	18.028138092537368	18.80202711355861	32.203296803820045	0.0
168.0	31.18022328548644	17.417751567078373	18.808649530803752	32.593375616631434	0.0
169.0	29.776768112948954	19.253515573662767	20.256087715675047	30.71362859771323	0.0
170.0	32.15905193765957	17.446557177152002	19.553785771443813	30.84060511374462	0.0
171.0	29.306457518355078	19.314743799741777	19.900564623359603	31.478234058543542	0.0
172.0	29.042214451759097	19.66751968119396	20.159793713738743	31.130472153308197	0.0
173.0	31.413436641432607	19.20621429842073	18.15666198881268	31.223687071333977	0.0
174.0	28.730552333719956	17.6498820141583	21.213454385473742	32.406111266648004	0.0
175.0	30.936841251824227	17.95240797794714	18.34968380087563	32.76106696935301	0.0
176.0	28.769401330376944	17.227149544222716	21.271659686293834	32.731789439106514	0.0
177.0	30.17555550927758	17.82627709864845	19.48395426810221	32.514213123971764	0.0
178.0	28.576255437766605	17.512776111838495	22.28745195759598	31.62351649279892	0.0
179.0	29.11519986275519	19.042717447246527	20.095642477268825	31.746440212729453	0.0
180.0	29.863611565739223	17.64975450081833	20.840152755046372	31.646481178396073	0.0
181.0	32.247903819706316	16.19715185661683	20.52260325628854	31.032341067388312	0.0
182.0	31.854056735669506	16.74108149551256	20.28142335272629	31.12343841609164	0.0
183.0	30.92566298722118	17.691109787935694	22.36980717262859	29.01342005221454	0.0
184.0	30.183196168689264	17.94299530385456	19.144929557818386	32.72887896963779	0.0
185.0	29.317183737073236	20.510459460735703	19.875336449922084	30.297020352268973	0.0
186.0	30.236405485758127	19.7132444614942	19.674882516543587	30.375467536204088	0.0
187.0	29.05379068407718	19.009452348470084	21.314071331124538	30.6226856363282	0.0
188.0	30.383597556451413	20.062819973783792	19.053743229540228	30.499839240224567	0.0
189.0	30.933949934653665	16.4396300392078	20.18447773197949	32.44194229415904	0.0
190.0	28.341890821774342	18.37433264362531	21.3298592484737	31.95391728612665	0.0
191.0	31.713535027704793	17.05470721365209	18.37101011940376	32.86074763923935	0.0
192.0	28.496147022217517	18.359240526441226	21.1291475783174	32.01546487302386	0.0
193.0	31.62109375	16.26953125	19.757254464285715	32.352120535714285	0.0
194.0	30.62217194570136	17.90158371040724	19.499434389140273	31.97680995475113	0.0
195.0	30.84614279557535	17.6468898146818	19.89082028444189	31.61614710530096	0.0
196.0	31.69512337738276	17.173430008186177	20.105835574786575	31.025611039644485	0.0
197.0	31.055992870934208	17.787019159364327	19.554433387791477	31.60255458191	0.0
198.0	31.31224192373087	17.83762448384746	20.901141607966967	29.948991984454697	0.0
199.0	31.707786582822678	18.521608007956626	18.242484519875518	31.528120889345185	0.0
200.0	29.455437448896156	19.133278822567455	19.43744889615699	31.973834832379396	0.0
201.0	31.39294525571781	16.686670667466828	19.90398079615923	32.01640328065613	0.0
202.0	30.324184430974597	18.882380984812368	20.642920384117687	30.150514200095348	0.0
203.0	29.820069952763856	18.847582302671906	19.77067032055674	31.5616774240075	0.0
204.0	32.192709287415276	17.75416742993222	19.97801795200586	30.07510533064664	0.0
205.0	32.18933591135569	18.870380010411246	18.364691009147023	30.575593069086043	0.0
206.0	29.799318439984855	18.485422188564936	19.697084437712988	32.01817493373722	0.0
207.0	32.061685190170365	18.032534707533745	19.763104257201093	30.142675845094796	0.0
208.0	31.11589663273297	19.021143304620203	20.234925606891153	29.628034455755675	0.0
209.0	31.01892517767308	18.493971093188534	19.851473289147968	30.63563043999042	0.0
210.0	30.085435313262813	17.652563059397885	22.139951179820994	30.122050447518305	0.0
211.0	29.4385305781674	20.60112711333751	20.02504696305573	29.935295345439368	0.0
212.0	30.00132925694537	18.170942443174265	20.563604944835838	31.264123355044532	0.0
213.0	30.720635350390324	16.835882857271784	20.83840981905149	31.605071973286403	0.0
214.0	29.234198671806066	19.179863465378723	20.094738308642548	31.491199554172667	0.0
215.0	33.3466056141748	18.236113876169618	19.654588891100936	28.762691618554648	0.0
216.0	31.626988363403434	17.721789260168677	20.123839009287924	30.52738336713996	0.0
217.0	29.757882882882885	17.87162162162162	21.60472972972973	30.765765765765767	0.0
218.0	28.380595265994845	18.859854698851652	20.348019685962036	32.41153034919147	0.0
219.0	30.204531368363057	19.34439776874871	21.988843743543836	28.462227119344398	0.0
220.0	32.13769655758606	17.713557161070973	21.495962600934977	28.65278368040799	0.0
221.0	30.722008429540043	18.306761957119296	21.55030236393623	29.420927249404432	0.0
222.0	27.630705000474425	21.50109118512193	21.187968497959957	29.68023531644369	0.0
223.0	26.413465688390158	21.61199827362969	22.07596029348295	29.898575744497197	0.0
224.0	30.401192735158578	18.86690159934942	21.07617240444565	29.65573326104635	0.0
225.0	28.81002087682672	17.954070981210858	22.407794015309673	30.82811412665275	0.0
226.0	29.83928317451287	21.206087327549426	20.352723652396527	28.601905845541175	0.0
227.0	31.1146635663421	17.59918616480163	16.799883737828804	34.48626653102747	0.0
228.0	30.217326585293243	16.53766001786246	23.146769871985708	30.098243524858585	0.0
229.0	29.075917859365276	18.683883011823273	18.59054138145613	33.64965774735532	0.0
230.0	33.03370786516854	15.972342264477096	19.688850475367328	31.305099394987035	0.0
231.0	27.890041871472782	17.604223557254688	22.77444019661387	31.73129437465866	0.0
232.0	33.363188535602326	15.763546798029557	21.025526197939993	29.847738468428126	0.0
233.0	29.078014184397162	18.95981087470449	22.93144208037825	29.030732860520093	0.0
234.0	27.367792052584406	21.541679115625932	21.750821631311624	29.33970720047804	0.0
235.0	29.242569511025884	19.894534995206136	23.777564717162033	27.085330776605943	0.0
236.0	26.028138528138527	23.214285714285715	24.025974025974026	26.731601731601735	0.0
237.0	31.34160090191657	18.26381059751973	23.562570462232244	26.832018038331455	0.0
238.0	29.988465974625143	19.261822376009228	18.45444059976932	32.29527104959631	0.0
239.0	28.825622775800714	18.26809015421115	20.759193357058127	32.147093712930015	0.0
240.0	28.8135593220339	18.28087167070218	20.33898305084746	32.56658595641647	0.0
241.0	30.34825870646766	15.547263681592039	21.26865671641791	32.83582089552239	0.0
242.0	32.86624203821656	12.993630573248408	25.73248407643312	28.40764331210191	0.0
243.0	27.083333333333332	18.619791666666664	20.442708333333336	33.85416666666667	0.0
244.0	30.02680965147453	14.209115281501342	27.211796246648795	28.55227882037534	0.0
245.0	24.464831804281346	24.464831804281346	21.712538226299692	29.357798165137616	0.0
246.0	33.125	14.0625	25.3125	27.500000000000004	0.0
247.0	36.721311475409834	14.754098360655737	22.295081967213115	26.229508196721312	0.0
248.0	33.910034602076124	16.26297577854671	23.18339100346021	26.643598615916954	0.0
249.0	29.277566539923956	15.5893536121673	28.89733840304182	26.23574144486692	0.0
250.0	25.0	22.916666666666664	24.305555555555554	27.77777777777778	0.0
