# Position (bp)	A	C	G	T	N
0.0	26.67352076873882	23.828798562257646	25.029345811037263	24.466715778736635	0.0016190792296421025
1.0	26.845048887458255	20.61642457650988	15.512815354283186	37.02571118174868	0.0
2.0	27.462667435749534	20.01057488944434	17.721752227135806	34.8034031916939	0.001602255976414792
3.0	24.511046794396474	21.565766498433277	15.868953365066456	38.05184139817096	0.0023919439328342145
4.0	32.625956860072584	15.702806789546253	14.51416073664358	37.155490752333705	0.0015848614038702314
5.0	34.41798690826297	15.319545900135978	21.527053094266833	28.731461278183602	0.003952819150618221
6.0	31.3232421875	17.508033014112904	21.000031502016128	30.168693296370968	0.0
7.0	35.1492473050939	17.65838689222724	19.757947722344433	27.434418080334428	0.0
8.0	24.615024024375952	26.8916754560725	20.901597718660884	27.591702800890662	0.0
9.0	27.850649603995166	19.01603526979049	16.96149194334985	36.17104287776521	7.803050992938238E-4
10.0	26.68277663015941	17.193748294812334	24.85325642124956	31.2702186537787	0.0
11.0	26.887380092188863	19.5153855736888	20.374984427556996	33.2214712844151	7.786221502429302E-4
12.0	26.767095147685893	21.145227053440816	20.428584767655387	31.658314917986864	7.781132310373805E-4
13.0	26.19910135418772	22.0416984094902	18.69509787154651	33.06410236477557	0.0
14.0	29.743155210746437	20.476841990702592	19.79430650352151	29.985696295029463	0.0
15.0	29.20287939800059	18.88011318583933	19.544769041807243	32.37146099908269	7.773752701379065E-4
16.0	29.54803401794182	17.784014054944883	19.249366439154837	33.41858548795846	0.0
17.0	29.617220416984097	18.618915095072996	21.36538192447022	30.39848256347269	0.0
18.0	32.11570453520732	17.991573252071706	18.44789253564266	31.44482967707831	0.0
19.0	30.846250719072128	19.093891385127257	19.96532906295185	30.09452883284877	0.0
20.0	29.836440243162986	17.458293816757102	21.32340365988277	31.381862280197144	0.0
21.0	28.26691957275455	17.661966137533234	19.346538347922078	34.72379856652	7.773752701379065E-4
22.0	28.190736796281037	19.718901102318135	20.29260405167991	31.796980674450786	7.773752701379065E-4
23.0	29.844991371134498	17.272501127194143	20.055504594287846	32.8246707815731	0.002332125810413719
24.0	30.886674233119294	17.69306114833875	19.92412817363454	31.495359069637274	7.773752701379065E-4
25.0	28.60818731634509	18.588597459537617	19.229154682131252	33.5732831667159	7.773752701379065E-4
26.0	30.129510720004976	17.081266810740217	21.900993485595237	30.888228983659573	0.0
27.0	29.167120135574248	18.31573873971921	20.260731665604254	32.25485470856201	0.001554750540275813
28.0	29.27517529812342	17.850090952906605	20.635426545810727	32.23852982788912	7.773752701379065E-4
29.0	29.591019691068666	18.2894501581971	19.611775772133992	32.50775437860025	0.0
30.0	29.559890225224876	17.894376763820972	19.007673350074246	33.5349498938792	0.003109767000707472
31.0	30.142662779397472	18.350242954324585	19.812633624878522	31.691350826044705	0.0031098153547133136
32.0	28.65829005069511	19.77187198706186	18.803844120299818	32.765216309520106	7.775324231020434E-4
33.0	29.707451358539277	17.46660030794594	20.01415307090533	32.81179526260946	0.0
34.0	29.786886520961342	18.484094267714084	19.247102745586062	32.47802753363926	0.003888932099245547
35.0	30.192105365701593	17.597319097533415	19.988310018314305	32.22226551845069	0.0
36.0	31.20525897159968	18.374428796456588	18.56158081068014	31.858731421263585	0.0
37.0	27.880263445391268	19.891843805599777	19.107594344039704	33.11951805724631	7.803477229453445E-4
38.0	30.001796327681408	18.04684510188302	20.025148587539736	31.926209982895838	0.0
39.0	30.4683712565486	18.63320040659942	19.001485651731954	31.89616076315584	7.819219641879741E-4
40.0	28.56952437704841	19.659238815098245	19.73843089902617	32.03202182878828	7.8408003889037E-4
41.0	29.357162539857494	17.609731134118018	20.75030508207692	32.281226626776366	0.0015746171712002518
42.0	28.117479030056263	18.924634456201815	20.09800440309637	32.85988211064555	0.0
43.0	30.03267172432343	18.922703288531668	20.25646908052433	30.788155906620574	0.0
44.0	28.17451514767398	19.76644695145139	19.971637723412346	32.087400177462285	0.0
45.0	29.54743876692541	18.512786323158245	20.380335571535152	31.559439338381196	0.0
46.0	29.369929197492112	17.82300167669239	20.222022679052472	32.58504644676303	0.0
47.0	30.21124239169352	19.361101165612443	18.98078529657477	31.446871146119264	0.0
48.0	30.06268868337834	18.947594809663777	18.5118805808461	32.47624282107041	0.0015931050413809035
49.0	26.998787646758547	19.478209545686575	20.850082950484943	32.672919857069935	0.0
50.0	29.27821700654713	18.416697976705333	18.893143501235084	33.41194151551246	0.0
51.0	30.285915990116486	17.57051631742772	19.187016654365756	32.95655103809004	0.0
52.0	28.113601043570686	18.932433629387464	20.993002600874476	31.960157501872143	8.052242952274355E-4
53.0	30.1838606699802	18.812785388127853	20.12526770921728	30.87808623267467	0.0
54.0	29.88041671733755	18.746605050873566	19.319794073533586	32.0531841582553	0.0
55.0	28.574681053478933	18.847320361350757	18.541587048616474	34.036411536553835	0.0
56.0	29.437850528237902	18.553541150384767	21.209403938959177	30.798389200469543	8.151819486109299E-4
57.0	27.036719356288035	20.100477882612424	19.536004574602785	33.32679818649675	0.0
58.0	29.847458876124815	17.789914108621073	22.085301848015657	30.277325167238455	0.0
59.0	27.7446256638403	20.997463658078125	22.25496392484548	29.002125930607654	8.208226284382208E-4
60.0	30.453698973285654	18.96867120420574	21.02457192768503	29.55305789482358	0.0
61.0	28.273227485166892	20.599787861712354	20.239318505750937	30.886008816997577	0.0016573303722364017
62.0	30.688738742491523	16.229973923403122	21.732719047579373	31.346068932192516	0.002499354333463855
63.0	25.28455079976179	20.632763812351644	25.251838990798753	28.83084639708781	0.0
64.0	26.201289930438303	21.732964138583103	17.587965151617478	34.476092388735054	0.0016883906260552442
65.0	27.270407295246518	19.842458062540405	18.85824628262275	34.028037701180715	8.506584096090375E-4
66.0	27.80408442865094	18.875711778053688	18.062251145266945	35.251958727576316	0.005993920452112857
67.0	33.311818518231654	14.408041377292404	18.233375502370933	34.044182824292804	0.002581777812201482
68.0	33.39668700959024	16.327811682650392	23.17785527462947	27.0976460331299	0.0
69.0	31.895001476206243	16.544245927012785	20.5523695346819	31.007488391650934	8.946704481404275E-4
70.0	30.789498990287527	16.64198480623137	24.224444658140207	28.3421482834888	0.0019232618521011634
71.0	25.244839351022314	19.77982867381753	25.40929284995459	29.566039125205567	0.0
