# Position (bp)	A	C	G	T	N
0.0	29.47086945952516	10.28279718013127	37.865651081759985	22.34016692326392	0.04051535531966616
1.0	28.690245478036175	17.280361757105943	27.955426356589147	26.06589147286822	0.008074935400516797
2.0	28.02874012947286	19.285765099238812	30.07754143842925	22.586611652557444	0.02134168030162908
3.0	26.806322127446062	19.555945810336176	30.287255393878574	23.344204716507775	0.006271951831409934
4.0	25.673082195536544	18.04024784778198	29.012447222679167	27.2742227340023	0.0
5.0	27.32165573930913	16.68460710441335	27.7081906253058	28.27576083765535	0.009785693316371465
6.0	22.780947326522487	21.02516474282429	28.42864092698244	27.76524700367078	0.0
7.0	22.091634233748216	21.093599475935417	27.725328503718544	29.08943778659782	0.0
8.0	22.957816027088036	18.418453724604966	28.78103837471783	29.842691873589168	0.0
9.0	24.09815710364658	20.47444778460332	27.03241406352111	28.39498104822899	0.0
10.0	26.69474951105762	21.369038664058973	24.660749210170003	27.2754626147134	0.0
11.0	26.59468987550953	18.929712460063897	27.83959457970695	26.636003084719622	0.0
12.0	28.74184866990995	20.510299140875684	23.413725287237348	27.33412690197702	0.0
13.0	25.166674897525805	20.275075312361103	25.89263667341597	28.66561311669712	0.0
14.0	26.138907873960076	18.816431382715468	26.480639155334547	28.564021587989913	0.0
15.0	24.820005868147245	17.518676507098203	28.5259665515607	29.135351073193856	0.0
16.0	23.27199760918755	18.50104598044657	26.91798659437305	31.308969815992825	0.0
17.0	23.116336987363994	18.62126686671974	27.062281829873232	31.20011431604303	0.0
18.0	24.292507990956576	20.2970297029703	26.381850783503545	29.02861152256958	0.0
19.0	23.75806269095847	19.23352570631059	24.66523329938516	32.34317830334578	0.0
20.0	24.264174038836032	19.084181828298004	27.417051503180694	29.23459262968527	0.0
21.0	26.67888899074159	17.75048125401045	26.65322211018425	28.915574296452473	0.001833348611238427
22.0	26.272307274209624	18.92019204638101	24.112691366971646	30.69480931243772	0.0
23.0	25.963755584378152	19.557933419801124	24.636114713935726	29.840394869577747	0.0018014123072488833
24.0	24.50005347021709	17.25127437350729	24.141803015720246	34.10686914055538	0.0
25.0	25.55137554156935	17.81874587694118	27.730133542532137	28.899745038957334	0.0
26.0	23.849582072989563	20.201893647867408	25.396001503463335	30.55252277567969	0.0
27.0	23.818032637432765	17.863068648008024	25.737988877746375	32.580909836812836	0.0
28.0	25.24623300257258	18.412348401323044	25.927967658948916	30.413450937155456	0.0
29.0	23.745293709105532	20.05702379646891	24.862009723288374	31.335672771137187	0.0
30.0	24.719352136274782	19.2106487945639	25.210834962301032	30.85916410686028	0.0
31.0	23.35909519321395	18.42224316682375	28.44297832233742	29.775683317624885	0.0
32.0	24.14379677931504	18.29779995463824	24.321463672790504	33.236939593256224	0.0
33.0	23.89045371498173	18.78045066991474	26.2066077953715	31.122487819732036	0.0
34.0	23.492979419119063	18.015002885170226	24.95672244662435	33.53529524908636	0.0
35.0	23.621464857815756	18.558888218463515	25.630145785078927	32.18950113864181	0.0
36.0	23.73881404267873	17.582849837742156	25.853082899006786	32.82525322057233	0.0
37.0	24.013345108429007	19.048179766460603	26.82366794230203	30.114807182808363	0.0
38.0	24.563234917571055	19.01085265210455	25.75879931456934	30.667113115755058	0.0
39.0	25.386825160970776	18.00297176820208	24.47548291233284	32.134720158494304	0.0
40.0	23.7365880898249	19.359020382114796	25.814686290933746	31.08970523712656	0.0
41.0	24.35778894472362	18.747738693467337	26.15879396984925	30.735678391959798	0.0
42.0	24.001222369359272	18.121625751247837	24.71630844453499	33.1608434348579	0.0
43.0	23.698686371100163	20.219622331691298	26.03653530377668	30.045155993431855	0.0
44.0	25.133911888053813	18.313748287173524	24.627330482082797	31.925009342689865	0.0
45.0	24.780949985326796	18.794281641722215	24.53360164339915	31.89116672955184	0.0
46.0	22.871751171708567	19.439710268427778	25.95867064337452	31.729867916489134	0.0
47.0	24.166702787048674	20.05764812968662	25.148454770057647	30.627194313207056	0.0
48.0	27.011924143089715	19.690236282835393	23.513882166586	29.78395740748889	0.0
49.0	23.868029326816263	19.6756276383026	23.948011552988223	32.50833148189291	0.0
50.0	25.023251593584828	19.368010344123583	24.6421523036091	30.966585758682484	0.0
51.0	25.182515479160887	21.548378153590242	23.683116163016358	29.58599020423251	0.0
52.0	24.49447132805012	18.185005961147347	26.046707342730908	31.273815368071627	0.0
53.0	24.023345570931	19.89786312717688	25.99077473406759	30.088016567824532	0.0
54.0	23.278883987122928	20.543698581137473	25.465601526171454	30.71181590556814	0.0
55.0	23.82103405767325	19.337216891058954	25.251988107611613	31.589760943656188	0.0
56.0	22.868838310359283	21.332577121298055	24.73059946243188	31.067985105910783	0.0
57.0	23.2889044487234	20.02050563905074	24.041611443146866	32.648978469079	0.0
58.0	23.773231376918012	19.539676912948803	24.862004355091912	31.82508735504127	0.0
59.0	23.306240032923505	21.40027779206749	24.715777560574104	30.577704614434897	0.0
60.0	25.391597510373444	18.869294605809127	24.852178423236516	30.886929460580916	0.0
61.0	24.006561193713953	20.855600825440497	25.744748399386214	29.393089581459336	0.0
62.0	24.157740731792433	19.929666317682745	25.47582615231806	30.43676679820676	0.0
63.0	24.719101123595504	19.17711556206915	23.739347554687075	32.364435759648266	0.0
64.0	22.488722631752665	20.087468368357356	26.259764550555616	31.164044449334362	0.0
65.0	24.508511652690917	18.411532097484365	24.912359424516925	32.16759682530779	0.0
66.0	25.61905577928198	19.078627938194384	22.754405506526147	32.54791077599749	0.0
67.0	24.273786745520958	18.206064822867745	26.688699483968225	30.831448947643068	0.0
68.0	24.88503714184648	20.159768895177454	24.8231340643792	30.132059898596864	0.0
69.0	26.910885167464116	19.061004784688997	23.07117224880383	30.95693779904306	0.0
70.0	25.169385956916717	19.177832467414092	24.355118038465044	31.297663537204144	0.0
71.0	25.257637099742364	20.681511470985157	23.055453318611214	31.005398110661268	0.0
72.0	26.134009461674033	17.547385671438732	24.20147800006184	32.11712686682539	0.0
73.0	25.235399005224135	18.465917977914724	24.816216723496108	31.48246629336503	0.0
74.0	25.50464493780507	18.702566524956698	23.91749330814045	31.875295229097777	0.0
75.0	25.600795713414833	18.955946995219303	23.874610966727627	31.568646324638237	0.0
76.0	26.0919017288444	18.110620044196022	24.18432341089302	31.61315481606655	0.0
77.0	26.069105958089732	18.363660250936086	25.139591407738294	30.42764238323589	0.0
78.0	25.814181094124393	18.565016367992982	23.731902399514023	31.888900138368598	0.0
79.0	27.23270004160311	19.241436693939814	24.47649424490362	29.04936901955346	0.0
80.0	25.856086362202518	18.618344958115735	24.20525042935754	31.32031825032421	0.0
81.0	27.04912180494074	19.148936170212767	24.485934599457376	29.316007425389117	0.0
82.0	25.630934758277068	19.215077445210675	24.55139545799184	30.602592338520417	0.0
83.0	25.892560457817982	18.52316780505815	25.936865423666234	29.647406313457637	0.0
84.0	25.122632254169496	19.594747566221418	22.98694438155611	32.295675798052976	0.0
85.0	23.622775252330687	19.52384621311349	25.95731566376454	30.89606287079128	0.0
86.0	23.379918800749532	18.429887570268583	25.43722673329169	32.75296689569019	0.0
87.0	24.162602925893356	19.497961467743224	25.149892077704056	31.189543528659364	0.0
88.0	25.48369943142308	19.818382623634804	25.89274757638974	28.80517036855238	0.0
89.0	24.446482925405498	21.05241212525539	23.941958887545344	30.55914606179377	0.0
90.0	26.003086419753085	19.281550068587105	25.44581618655693	29.26954732510288	0.0
91.0	25.946562541131048	19.53669986399333	25.845654367568994	28.67108322730663	0.0
92.0	24.991052254831782	18.029706513958484	25.908196134574084	31.071045096635647	0.0
93.0	24.20564571116869	19.214509750443202	26.273921541888267	30.30592299649984	0.0
94.0	23.98667153551214	18.262735073945592	25.43363155011868	32.316961840423595	0.0
95.0	24.43213296398892	19.74145891043398	24.43213296398892	31.39427516158818	0.0
96.0	22.97856336968785	18.089507333584052	26.509025949605114	32.422903347122976	0.0
97.0	23.11689549961861	19.60812356979405	26.144164759725403	31.130816170861937	0.0
98.0	24.782061216582722	17.914567996900427	25.852382797365365	31.450987989151493	0.0
99.0	25.20393951452447	18.001392757660167	25.54715479506566	31.2475129327497	0.0
100.0	26.15134915804423	18.03104077906269	26.825928180158247	28.99168188273483	0.0
101.0	25.94517476816468	18.64363599307042	24.426780800978293	30.98440843778661	0.0
102.0	27.484231206700443	19.005273498087064	24.268431392823906	29.242063902388583	0.0
103.0	24.236263163382336	19.924929621520178	26.556146387238034	29.282660827859452	0.0
104.0	25.049048199798506	18.834508722625802	24.974813086589958	31.141629990985738	0.0
105.0	22.04335694355012	19.033054303498606	26.54539600772698	32.3781927452243	0.0
106.0	21.81798553384433	18.962539134189786	26.10925186224765	33.110223469718235	0.0
107.0	23.642693939723642	18.975084321618976	25.42160809487542	31.96061364378196	0.0
108.0	22.89050451641331	19.525225820665344	27.065432914738928	30.51883674818242	0.0
109.0	25.463066279848245	20.12943539388529	23.822807409060477	30.584690917205982	0.0
110.0	25.54378451482024	19.23813817198242	25.115518990194975	30.102558323002366	0.0
111.0	24.233477174653643	19.270951623892802	26.77719736543266	29.718373836020895	0.0
112.0	24.827705031013096	19.05582356995176	24.994256834367103	31.122214564668045	0.0
113.0	25.348877275598692	17.888933555389652	26.00356055820364	30.758628610808014	0.0
114.0	23.64677307425399	18.864214665741383	26.584547767753875	30.90446449225075	0.0
115.0	23.964223889209464	19.070975187536064	26.180034622042704	30.784766301211768	0.0
116.0	22.623429739994158	19.34560327198364	26.736780601811276	31.294186386210924	0.0
117.0	22.512031370685044	18.222327847424395	27.187927039391596	32.07771374249896	0.0
118.0	23.141993957703928	20.12084592145015	26.181268882175228	30.555891238670696	0.0
119.0	23.144453312051077	19.608324636257596	26.392043710479463	30.855178341211857	0.0
120.0	24.54067429631921	17.37704918032787	26.940921744509744	31.141354778843176	0.0
121.0	24.30134417005314	19.81869334166927	25.933104095029698	29.946858393247886	0.0
122.0	24.661075729869474	18.891481177880067	24.888076171259222	31.559366920991234	0.0
123.0	23.107315829722154	18.939587050726484	27.12847310731583	30.824624012235535	0.0
124.0	25.18580753570736	18.496736250242357	25.172881794092937	31.144574419957344	0.0
125.0	24.048646528050217	19.648228063292795	25.094808421603243	31.208316987053745	0.0
126.0	22.248087795144663	19.408047888260725	25.759893581642835	32.58397073495178	0.0
127.0	23.098081309539783	21.347108546893867	25.855360257614386	29.699449885951967	0.0
128.0	22.9450397511234	20.006913238852402	24.272381610784652	32.77566539923954	0.0
129.0	21.588638310019984	21.78846702826149	25.321153297173847	31.30174136454468	0.0
130.0	25.880619012527635	17.067059690493736	26.145910095799557	30.906411201179075	0.0
131.0	22.054564852918762	20.507544581618657	25.598231976832803	31.83965858862978	0.0
132.0	23.61166600079904	18.106272473032362	25.305633240111863	32.97642828605673	0.0
133.0	23.1671055985048	17.21179169144508	27.75465126157506	31.866451448475065	0.0
134.0	21.390134529147982	17.45291479820628	26.520179372197312	34.63677130044843	0.0
135.0	22.698504027617954	17.894131185270425	25.623321825853473	33.78404296125815	0.0
136.0	20.60779699171186	19.4413179167093	27.90340734677172	32.047477744807125	0.0
137.0	21.91109174112007	17.759860536064505	27.15188494225321	33.17716278056221	0.0
138.0	21.694387938255353	18.331937298073473	27.24661960033505	32.727055163336125	0.0
139.0	19.61653841137342	22.21207773575062	26.803182470327375	31.368201382548584	0.0
140.0	19.32975113122172	20.48925339366516	26.032239819004527	34.1487556561086	0.0
141.0	21.240310077519382	19.224806201550386	29.17829457364341	30.356589147286822	0.0
142.0	20.47244094488189	22.167066073262582	25.24820267031838	32.112290311537144	0.0
143.0	21.31913303437967	18.684603886397607	26.121076233183853	33.875186846038865	0.0
144.0	19.814110688635402	19.22264469792987	27.144064216307562	33.81918039712716	0.0
145.0	19.35786266697914	18.60792125615186	25.263651277243966	36.77056479962503	0.0
146.0	16.744957170489087	18.92788063000829	27.991157778391823	36.30837247858524	0.027631942525559547
147.0	13.603896103896105	22.597402597402596	27.337662337662337	36.42857142857142	0.032467532467532464
148.0	15.161161957819338	20.214882610425786	27.138877835256665	37.44528452049343	0.03979307600477517
149.0	18.32923832923833	24.914004914004913	21.965601965601966	34.742014742014746	0.04914004914004914
150.0	15.949367088607595	18.565400843881857	25.400843881856538	40.08438818565401	0.0
