# Position (bp)	A	C	G	T	N
0.0	26.993932080283244	24.080989082298295	23.56994045924931	25.355024533521558	1.1384464759389338E-4
1.0	27.14054542588647	20.35294264398538	15.187737499759027	37.318661031498806	1.1339887032045386E-4
2.0	28.30314156933944	19.740603744952985	18.112800224010694	33.84322864446432	2.2581723256465147E-4
3.0	23.872070015734632	22.25718807049295	15.26304297422807	38.606010674338144	0.0016882652062047124
4.0	34.22527904118077	13.855188804512617	14.523251657551118	37.39504790846575	0.0012325882897389266
5.0	36.356020825294564	15.002600365728858	22.64420845426432	25.992249232472698	0.004921122239557994
6.0	32.71874427765595	17.532257272122305	19.963667302358612	29.78510783687579	2.2331098734719947E-4
7.0	35.837377598949324	16.56125376136213	20.191449012151192	27.40958516036029	3.344671770635789E-4
8.0	23.078937369140647	27.19579066069556	22.49337833576434	27.231893634399444	0.0
9.0	29.00294914287751	18.31909993228554	15.991972272711072	36.68519904486974	7.796072561388502E-4
10.0	26.485742086173154	17.03323618016606	25.419766253487385	31.059474215074403	0.0017812650990049407
11.0	28.35790167174504	18.709143962376277	19.979590065236117	32.95336430064257	0.0
12.0	26.58778322777593	20.070332046916214	20.994594378108733	32.34717909752035	1.1124967876655257E-4
13.0	27.07848597956215	21.910187339564636	18.636082552195713	32.37479924726065	4.448814168583365E-4
14.0	31.72238064943789	18.3705995666855	20.61168970410937	29.29510763905881	2.2244070842916824E-4
15.0	29.820067710951648	19.157038691336826	19.749509518237915	31.273161638765185	2.2244070842916824E-4
16.0	30.32144906775099	17.78446829997464	19.14725130016594	32.7466088914	2.2244070842916824E-4
17.0	30.056188522949206	18.41397550482919	20.532834472971228	30.996779058541946	2.2244070842916824E-4
18.0	31.198199120024555	18.41086133491118	18.386615297692398	32.004101806663435	2.2244070842916824E-4
19.0	30.616850328544924	18.368820041018065	19.76374572357738	31.250250245796984	3.3366106264375234E-4
20.0	30.337798459820537	18.272391993914024	19.085190342514203	32.30406310198017	5.561017710729205E-4
21.0	30.00157932902985	17.555243149938384	19.399387843170405	33.043233576090294	5.561017710729205E-4
22.0	28.91896040110509	19.191517001143346	19.779427793521638	32.11009480422993	0.0
23.0	30.074539881394614	17.885678822309913	20.41449601608691	31.62339453418691	0.00189074602164793
24.0	31.01112648423563	18.019365688075844	19.219655750759635	31.749740856574682	1.1122035421458412E-4
25.0	29.45548738983624	18.419870183602562	19.415403574177304	32.709127632029684	1.1122035421458412E-4
26.0	31.85451043024482	18.233687310647348	20.040017083446408	29.87134029424457	4.448814168583365E-4
27.0	29.288211977097507	18.142820281254032	20.40203933641488	32.16648352381672	4.448814168583365E-4
28.0	30.177529929397316	18.20143340792512	19.815796849349805	31.805017372619325	2.2244070842916824E-4
29.0	29.74810814177481	18.469029580165408	19.663424964075826	32.11932609362974	1.1122035421458412E-4
30.0	29.91630565951696	18.485605129545494	19.631856123589568	31.964453539909133	0.0017795474388419593
31.0	30.444014134244178	18.40054365899857	19.70574790372075	31.448248401444566	0.0014459015919376528
32.0	29.107833443260393	18.702096918965033	19.851492802094583	32.33846561099612	1.1122468387164226E-4
33.0	29.831400936092965	18.701838372693135	19.65639515224858	31.810365538965314	0.0
34.0	29.752880575814842	18.19109070907936	19.583355115851482	32.47133884069545	0.001334758558861184
35.0	30.011879316838986	17.759912989018876	19.718217255543497	32.50999043859864	0.0
36.0	30.721744423806328	17.55405613319984	19.159852743444922	32.56423520912259	1.1149042631709215E-4
37.0	29.315492954604522	18.867583596101916	19.003327224684146	32.81225775004657	0.0013384745628486309
38.0	30.459898395578687	18.619255734221404	19.60215351374517	31.31858075230128	1.1160415346017517E-4
39.0	29.22146629676102	18.980941963323026	19.900045027782028	31.897099786257698	4.4692587622611324E-4
40.0	30.13735013750703	18.786239883091007	19.55188621096963	31.523291024051964	0.0012327443803666406
41.0	29.851504854259765	18.34734775480647	20.7708793890177	31.028806214172143	0.0014617877439217742
42.0	29.297734857629763	18.31815686818172	19.565636380235542	32.81813376253481	3.381314181569809E-4
43.0	29.027883020278455	18.644391267965414	20.213749871544547	32.11374998447242	2.2585573916372395E-4
44.0	29.310085454617436	18.80148626561625	20.38072831539597	31.507699964370346	0.0
45.0	29.156674275421835	18.42674354719033	19.989691363968483	32.4259845597023	9.062537170562612E-4
46.0	30.26850258566028	17.521123693132772	19.463403180379153	32.74640338568931	5.671551384822702E-4
47.0	29.376503157909077	18.09614760073855	20.140442357087863	32.386452672242875	4.542120216295765E-4
48.0	29.8132784092007	18.175659470377685	19.145697855890077	32.86411392210821	0.0012503424233227508
49.0	29.417474844263168	17.523209737733946	20.27218951072348	32.78701210616279	1.1380111661655623E-4
50.0	29.69266541000562	18.923696043114195	19.692175061322096	31.691007347247833	4.5613831025843654E-4
51.0	29.90616775374757	18.551092802380133	19.26501888087882	32.276919556013276	8.010069802036847E-4
52.0	29.93104763261241	17.859271928242674	20.04798983690577	32.16134601269698	3.4458954216684795E-4
53.0	31.01094423891252	17.79485057015415	19.777218505482498	31.416986685450837	0.0
54.0	30.284074412944882	18.256919679778655	19.53172081380917	31.92682241271817	4.6268074912640087E-4
55.0	28.906765729215365	18.53048969368186	18.47874637303686	34.083998204065914	0.0
56.0	29.11192474458939	18.778960492770345	20.44145560786795	31.667426540372556	2.3261439976180286E-4
57.0	27.978242808486144	18.624584740835168	20.088464330534062	33.308358550872235	3.4956927239486414E-4
58.0	30.412412657828835	18.383856072944212	21.83364563449673	29.36996888663176	1.1674809846534626E-4
59.0	29.849759777078745	20.262367649278048	21.07948822632778	28.80826736512831	1.1698218712236688E-4
60.0	31.276681858975486	19.094327227081024	19.518656037916248	30.110217560901216	1.1731512602577414E-4
61.0	29.069247145710086	20.874585515656204	19.8769970609292	30.177286257959985	0.0018840197445269226
62.0	31.17001330448328	16.42748583143551	21.965891282012436	30.435899378334994	7.10203733777763E-4
63.0	26.392466338235977	20.142994768687384	25.54971652311221	27.914703287045807	1.1908291862706921E-4
64.0	26.072142201236254	19.651919685561623	18.958847889357536	35.3163718906649	7.183331796898477E-4
65.0	27.480072245635164	19.396508127633954	18.8791089704997	34.24310656231186	0.0012040939193257074
66.0	26.422617635811825	19.617626130857587	17.03656015992952	36.919565711962285	0.003630361438784845
67.0	33.179849078547036	14.179633754533057	18.367746652441493	34.27021582278712	0.002554691691291056
68.0	33.927226421071964	15.654936322810254	22.925021049037166	27.49072054891451	0.0020956581661018664
69.0	32.06598619661075	17.185332985666292	20.42871377051204	30.319715114572666	2.519326382511844E-4
70.0	32.49706141141731	16.078519629229433	22.23538806316169	29.188895321170445	1.3557502111580954E-4
71.0	25.491090729813372	19.609622387756183	26.2218098113904	28.677135294107597	3.4177693244949816E-4
