# Position (bp)	A	C	G	T	N
0.0	22.675057436819497	25.092398361802015	39.386674657876334	12.845869543502147	0.0
1.0	21.49635401058835	23.06462890820098	14.294276296074319	41.14474078513635	0.0
2.0	26.42600717989629	21.499800558436377	17.9397686477862	34.13442361388113	0.0
3.0	17.476598287193788	25.662218681537542	13.095000995817566	43.76618203545111	0.0
4.0	36.5084104707873	10.351348661291928	11.575594704887031	41.56464616303374	0.0
5.0	39.21607640270593	12.624353362514922	25.62674094707521	22.53282928770394	0.0
6.0	34.613089317684505	16.8191764471852	22.707380147205093	25.860354087925202	0.0
7.0	38.66122936144818	18.748756713745774	19.63397652675552	22.956037398050526	0.0
8.0	19.136662025064652	34.83190769842849	22.19017306544659	23.841257211060274	0.0
9.0	28.980606663351566	18.528095474888115	12.899055196419692	39.59224266534063	0.0
10.0	25.20139234211835	14.858279462953755	30.77076081551467	29.169567379413223	0.0
11.0	27.18774860779634	18.07875894988067	19.749403341288783	34.98408910103421	0.0
12.0	23.72476881773889	21.209108083921645	23.50601571045043	31.56010738788903	0.0
13.0	24.18216167843293	24.540121308541316	17.33121209108084	33.946504921944914	0.0
14.0	31.212091080839215	19.309933379735508	20.44347220841205	29.034503331013223	0.0
15.0	30.170872243194914	18.279356248758198	20.226505066560698	31.32326644148619	0.0
16.0	31.717492798251712	16.559054335949142	18.068938114631965	33.65451475116718	0.0
17.0	30.51638530287984	17.765640516385304	20.049652432969214	31.668321747765642	0.0
18.0	31.049548207725152	18.17098599940423	19.094429550193624	31.685036242676993	0.0
19.0	31.685036242676993	18.349717009234435	18.339787508688314	31.62545923940026	0.0
20.0	32.188244638602065	17.484114376489277	18.824463860206514	31.50317712470214	0.0
21.0	31.553349875930518	15.970223325062035	20.327543424317618	32.148883374689824	0.0
22.0	29.386661373560933	18.985708614529575	20.335450575625245	31.29217943628424	0.0
23.0	29.076113922794484	17.792993946611094	20.13496080182594	32.995931328768485	0.0
24.0	30.80357142857143	18.75	19.13690476190476	31.30952380952381	0.0
25.0	29.551765172550574	18.663228877429592	19.55573185243951	32.22927409758032	0.0
26.0	32.189607298690994	17.820309401031338	18.881396271320906	31.108687028956762	0.0
27.0	30.183440753594446	17.947446703024294	20.475954387704512	31.393158155676748	0.0
28.0	30.46495489243581	18.280955685535837	19.70853573907009	31.54555368295826	0.0
29.0	29.572717358976902	19.034400713790024	18.75681570338059	32.63606622385248	0.0
30.0	29.354614850798054	18.40983444036879	18.627936948547635	33.60761376028552	0.0
31.0	30.6304520222046	17.228390166534496	20.767248215701827	31.37390959555908	0.0
32.0	29.510309278350515	18.090800951625692	20.420301348136398	31.978588421887387	0.0
33.0	30.42228390166534	17.694290245836637	20.17248215701824	31.710943695479777	0.0
34.0	30.18736988202637	18.518885694458216	19.629225736095965	31.664518687419452	0.0
35.0	30.42228390166534	18.001586042823156	18.28905630452022	33.287073750991276	0.0
36.0	30.961347869177402	17.423191278493558	18.800792864222	32.81466798810704	0.0
37.0	29.017547338158025	20.085258253197185	18.836125706354714	32.06106870229007	0.0
38.0	30.266679885000496	18.786556954495886	19.450778229404182	31.495984931099436	0.0
39.0	28.918409834440368	19.86715574501834	20.21413700803014	31.000297412511152	0.0
40.0	30.609816559246404	18.62171541893902	19.771938522558255	30.99652949925632	0.0
41.0	29.885969261279126	17.937530986613783	19.69261279127417	32.48388696083292	0.0
42.0	29.16914534999008	19.680745587943687	20.166567519333732	30.9835415427325	0.0
43.0	30.792108654704077	18.925349459700605	19.787845742044215	30.494696143551103	0.0
44.0	29.775002477946277	18.594508871047676	20.64624838933492	30.984240261671125	0.0
45.0	31.33115274060858	19.000892060660124	20.24977698483497	29.418178213896322	0.0
46.0	30.726533848746158	17.6231539300228	20.041629497472492	31.608682723758548	0.0
47.0	29.52135566346249	18.957486869487663	18.571003864830047	32.9501536022198	0.0
48.0	30.78981270439005	17.75839857298583	19.60162521058369	31.85016351204043	0.0
49.0	28.500644138341098	20.91963135467248	19.45297790109999	31.126746605886435	0.0
50.0	30.152596115735236	18.985334918747522	18.67816091954023	32.18390804597701	0.0
51.0	29.58779231074118	18.618707887435594	19.629409433214427	32.1640903686088	0.0
52.0	29.218270088179928	18.18091746755177	19.112256019023086	33.48855642524522	0.0
53.0	32.08481965913595	17.59809750297265	18.747522790328976	31.56956004756243	0.0
54.0	30.145674363294024	18.105242295114458	20.592607273808344	31.156476067783174	0.0
55.0	29.055594093746905	18.640372609255774	18.352987810920624	33.9510454860767	0.0
56.0	30.604558969276514	17.710604558969276	20.138751238850347	31.546085232903863	0.0
57.0	28.513379583746286	17.353815659068385	19.682854311199208	34.449950445986126	0.0
58.0	29.910802775024774	18.9990089197225	19.306243805748267	31.783944499504457	0.0
59.0	29.600634228520462	17.986324447527497	20.374591219898917	32.03845010405312	0.0
60.0	30.22794846382557	17.205153617443013	19.385530227948465	33.181367690782956	0.0
61.0	29.566854990583803	18.16830211121023	20.39845376152245	31.866389136683516	0.0
62.0	29.606502131033803	18.445832094360195	19.37753989493508	32.57012587967093	0.0
63.0	28.932500743383883	17.51412429378531	21.19139657052235	32.36197839230846	0.0
64.0	28.74132804757185	19.266600594648168	20.20812685827552	31.783944499504457	0.0
65.0	29.73240832507433	18.166501486620415	19.544103072348857	32.556987115956396	0.0
66.0	30.45891565070869	18.812568143522647	20.62642481910992	30.102091386658735	0.0
67.0	29.222839016653452	18.15027755749405	20.09318001586043	32.53370340999207	0.0
68.0	31.27106880824906	17.717628395796154	19.234582589728337	31.77672020622645	0.0
69.0	30.329169145349987	17.06325599841364	20.404521118381915	32.203053737854454	0.0
70.0	29.44675788221297	17.3507832639302	20.126908586159033	33.0755502676978	0.0
71.0	30.071386079714458	19.185008923259964	18.79833432480666	31.945270672218918	0.0
72.0	30.332176499752105	17.44174516608825	21.279127416955877	30.94695091720377	0.0
73.0	31.13534952900347	18.06643529995042	18.94893406048587	31.84928111056024	0.0
74.0	29.40301467671559	19.496231654105515	19.2780642602142	31.822689408964695	0.0
75.0	30.81118603728679	17.264974216580722	19.129313764379212	32.794525981753274	0.0
76.0	28.775409023301933	17.570649479424887	20.644521566683196	33.009419930589985	0.0
77.0	29.529003470500744	17.530986613782844	20.356965790778382	32.58304412493803	0.0
78.0	28.98651328837763	18.236810789369297	19.68464894882983	33.092026973423245	0.0
79.0	29.82943276477588	18.99047996826656	18.811979373264577	32.36810789369298	0.0
80.0	30.612852042840146	18.564061880206268	18.901229670765566	31.92185640618802	0.0
81.0	30.583101943673146	18.722729075763585	18.911146370487902	31.783022610075367	0.0
82.0	30.741769139230463	18.49464498214994	18.673145577151924	32.09044030146767	0.0
83.0	30.15967469999008	18.694832887037588	19.478329862144204	31.667162550828127	0.0
84.0	30.215256422973912	17.95456799920643	19.006050987005256	32.8241245908144	0.0
85.0	30.2281746031746	17.123015873015873	19.930555555555557	32.71825396825397	0.0
86.0	29.94344677051295	17.094949895822996	19.327314217680325	33.63428911598373	0.0
87.0	29.496973906141484	17.98789562456593	21.271951582498264	31.243178886794325	0.0
88.0	30.88600059529715	18.90068459172537	18.265700962397062	31.947613850580414	0.0
89.0	29.665641432681817	20.210338327215002	19.495981744220657	30.628038495882524	0.0
90.0	31.32876848268334	19.28153220204426	19.053289669544508	30.336409645727898	0.0
91.0	30.157785055075912	18.596804604545003	20.42274486454302	30.822665475836065	0.0
92.0	28.718864741490524	18.239555423241043	19.668552148456882	33.373027686811554	0.0
93.0	29.793568876538306	18.459706232631998	20.107185391028185	31.63953949980151	0.0
94.0	29.734021437078205	18.52917824533545	19.561333862643906	32.17546645494244	0.0
95.0	32.0893300248139	18.312655086848636	18.580645161290324	31.017369727047146	0.0
96.0	29.51861042183623	19.47394540942928	18.48138957816377	32.526054590570716	0.0
97.0	30.392059553349878	18.36228287841191	19.57320099255583	31.672456575682382	0.0
98.0	28.83374689826303	18.312655086848636	21.09181141439206	31.76178660049628	0.0
99.0	29.746898263027294	20.009925558312656	19.39454094292804	30.848635235732008	0.0
100.0	30.55416874687968	19.85022466300549	20.0499251123315	29.545681477783326	0.0
101.0	30.46804227478611	18.671363865123304	19.063915450427782	31.79667840966281	0.0
102.0	29.906447020540984	18.89363432987594	20.164734594264797	31.035184055318283	0.0
103.0	29.74053943185314	17.967387960209212	19.628756025023076	32.663316582914575	0.0
104.0	30.881440099317192	18.17711566314918	18.487481895303123	32.4539623422305	0.0
105.0	30.099424385138672	17.551020408163264	19.86394557823129	32.48560962846677	0.0
106.0	29.023049270458873	19.01036159864665	20.670331994079085	31.29625713681539	0.0
107.0	30.316597377678285	17.588743204349218	19.560814412109583	32.533845005862915	0.0
108.0	29.249946271222864	19.32086825703847	20.63185041908446	30.7973350526542	0.0
109.0	29.503576848038154	17.916756991112074	20.18209408194234	32.39757207890743	0.0
110.0	30.312636641888936	18.20069960647136	21.35986007870573	30.126803672933978	0.0
111.0	30.204890945142104	18.10971579643093	21.249173826834106	30.43621943159286	0.0
112.0	28.680964551616846	18.435381709078786	20.046671852428048	32.83698188687632	0.0
113.0	30.057219791316054	17.88398967799843	20.329855267586673	31.728935263098844	0.0
114.0	30.158730158730158	18.80952380952381	19.63718820861678	31.394557823129254	0.0
115.0	29.243658900493514	18.638815562951912	21.094915643291635	31.022609893262942	0.0
116.0	29.184051923968475	18.78766805748725	19.42512749188688	32.60315252665739	0.0
117.0	31.06033977738723	16.777973052138254	21.40597539543058	30.755711775043938	0.0
118.0	30.866532687078852	17.909918430074477	19.494030027189975	31.729518855656696	0.0
119.0	31.556936312582152	18.962839048870833	18.09057235034054	31.389652288206477	0.0
120.0	30.40125316303169	18.110615736835765	19.279431256777926	32.20869984335462	0.0
121.0	29.260567669630895	17.955902058716045	20.42879766110367	32.3547326105494	0.0
122.0	29.015607717832125	18.962762688951702	20.73245667936586	31.289172913850315	0.0
123.0	28.750309942970492	20.00991817505579	18.69575998016365	32.544011901810066	0.0
124.0	29.527509712996615	19.08760496302795	19.175335255044494	32.209550068930945	0.0
125.0	29.181991122384275	18.93468611287254	19.58148383005707	32.30183893468611	0.0
126.0	30.49563430919363	18.438623523369284	18.682588597842837	32.38315356959425	0.0
127.0	30.75120427027731	18.773597187866166	19.658898580913945	30.816299960942583	0.0
128.0	28.768745067087607	17.508550381478557	20.665614312023152	33.057090239410684	0.0
129.0	29.837852206273258	17.424242424242426	21.770334928229666	30.96757044125465	0.0
130.0	30.16322676379334	18.19776069067854	18.764332928638876	32.874679616889246	0.0
131.0	29.023890784982935	18.716723549488055	19.699658703071673	32.55972696245733	0.0
132.0	30.36504424778761	18.998893805309734	20.464601769911507	30.17146017699115	0.0
133.0	30.64561207378424	18.54387926215763	18.725544997205144	32.08496366685299	0.0
134.0	30.905483916678477	17.45784327617968	20.561144962448633	31.075527844693212	0.0
135.0	31.38099339649727	17.772035601492966	19.48033304622452	31.366637955785244	0.0
136.0	29.210680751173708	19.630281690140844	20.29049295774648	30.868544600938968	0.0
137.0	30.332885505299302	18.674429019256607	20.629944767875802	30.362740707568292	0.0
138.0	30.49537948795637	18.754734131192244	19.55764278139676	31.192243599454628	0.0
139.0	29.024315173899662	20.744844567559248	19.62142197599261	30.60941828254848	0.0
140.0	30.05609224057339	17.887192271735746	19.24275475225927	32.8139607354316	0.0
141.0	27.89998417471119	18.11995568919133	20.493749010919448	33.486311125178034	0.0
142.0	30.58804678737382	16.551834641884312	20.381349142765583	32.47876942797628	0.0
143.0	31.3544201135442	18.199513381995132	20.308191403081914	30.137875101378754	0.0
144.0	31.05488005257969	18.107131120604667	20.670391061452513	30.16759776536313	0.0
145.0	31.261487050960735	20.618212197159565	19.365079365079367	28.755221386800333	0.0
146.0	30.596634370219277	18.884922658507563	20.27876933537311	30.23967363590005	0.0
147.0	30.445330098769713	18.125108300121294	19.09547738693467	32.33408421417432	0.0
148.0	30.970479052501325	17.995403924341524	20.010606328442638	31.023510694714513	0.0
149.0	30.22126281705343	19.05018888289261	21.04695089044792	29.68159740960604	0.0
150.0	31.970669110907423	17.76351970669111	18.845096241979835	31.42071494042163	0.0
151.0	29.64066281884193	18.61850679575498	20.59206851610501	31.14876186929808	0.0
152.0	29.364030949235705	19.116814493300623	19.833930930364218	31.68522362709945	0.0
153.0	29.51196172248804	17.913875598086122	22.14354066985646	30.43062200956938	0.0
154.0	29.35922330097087	18.233009708737864	21.203883495145632	31.20388349514563	0.0
155.0	30.607800435557316	18.82795486042368	18.867550980003962	31.696693724015045	0.0
156.0	28.90861408109744	18.902562033487996	19.689328222715353	32.49949566269921	0.0
157.0	30.91807328118567	18.258542610127623	19.96706463565253	30.856319473034173	0.0
158.0	28.373266078184113	19.525010508617065	20.239596469104665	31.862126944094154	0.0
159.0	30.191110156753275	18.59566244363324	20.334979600601248	30.878247799012236	0.0
160.0	31.124807395993837	18.534008364516836	19.018269865727493	31.32291437376183	0.0
161.0	29.444693237796688	18.20420958351993	21.04791759964174	31.303179579041647	0.0
162.0	30.81646577211735	18.603593359108483	18.398908346599953	32.181032522174206	0.0
163.0	28.97174617878647	19.175544233441407	19.66188050023159	32.19082908754053	0.0
164.0	30.647072766058308	17.515999051908036	19.933633562455558	31.903294619578098	0.0
165.0	27.856970282676976	19.23169847789321	20.294757187726503	32.61657405170331	0.0
166.0	29.869168106640338	17.452480868921256	20.760306097259935	31.918044927178475	0.0
167.0	29.229607250755286	19.511581067472306	20.26686807653575	30.991943605236656	0.0
168.0	30.205655526992288	19.151670951156813	18.79177377892031	31.850899742930594	0.0
169.0	31.07180570221753	18.585005279831044	18.980992608236534	31.362196409714887	0.0
170.0	31.383698889791496	19.36095315461684	20.010831302464123	29.24451665312754	0.0
171.0	30.40951853901494	17.62589928057554	20.531267293857223	31.4333148865523	0.0
172.0	28.74929258630447	18.53423882286361	19.892473118279568	32.82399547255235	0.0
173.0	30.711610486891384	19.878997407087297	18.49611063094209	30.91328147507923	0.0
174.0	29.02941176470588	19.970588235294116	19.823529411764707	31.176470588235293	0.0
175.0	29.613992762364294	19.843184559710494	19.420989143546443	31.12183353437877	0.0
176.0	30.239056193728658	17.168581185967092	21.54610369450481	31.046258925799442	0.0
177.0	29.764181007010837	18.164435946462714	20.140216698534097	31.931166347992352	0.0
178.0	28.90625	19.173177083333336	19.466145833333336	32.45442708333333	0.0
179.0	30.097413503527044	19.38192811555257	19.717836748404434	30.802821632515954	0.0
180.0	29.865191842378152	17.97442101624611	20.67058416868303	31.489802972692704	0.0
181.0	29.388908512892968	18.897915930766512	19.71034969975274	32.002825856587776	0.0
182.0	30.903155603917305	17.482771128037722	20.928545520493287	30.68552774755169	0.0
183.0	32.01185624305298	17.599110781771028	18.932938125231566	31.45609484994442	0.0
184.0	30.0	18.825757575757578	19.96212121212121	31.212121212121215	0.0
185.0	31.320170344560587	20.40263259775455	18.931475029036005	29.345722028648858	0.0
186.0	31.570576540755468	18.568588469184892	18.966202783300197	30.894632206759443	0.0
187.0	26.958993097848154	20.422249289484366	21.762078765732845	30.85667884693463	0.0
188.0	30.788590604026844	17.659395973154364	20.973154362416107	30.578859060402685	0.0
189.0	29.022491349480966	17.69031141868512	22.015570934256054	31.271626297577853	0.0
190.0	30.11994669035984	18.569524655708573	19.59129275877388	31.71923589515771	0.0
191.0	32.348932303498415	18.355293048614264	17.946388005452068	31.349386642435256	0.0
192.0	29.72093023255814	18.41860465116279	19.441860465116278	32.41860465116279	0.0
193.0	30.301579703207278	16.515078985160365	20.77549066539014	32.40785064624222	0.0
194.0	31.60215580597746	18.079372856442923	20.921117099461046	29.397354238118567	0.0
195.0	30.55416874687968	17.873190214677983	19.520718921617576	32.05192211682476	0.0
196.0	31.454918032786882	19.21106557377049	18.442622950819672	30.89139344262295	0.0
197.0	30.22643496577146	19.431279620853083	18.220115850447606	32.12216956292785	0.0
198.0	27.80195865070729	19.477693144722526	20.783460282916213	31.936887921653973	0.0
199.0	28.40269966254218	19.40382452193476	20.022497187851517	32.170978627671545	0.0
200.0	31.068524970963995	18.583042973286876	19.97677119628339	30.371660859465738	0.0
201.0	31.107099879663057	18.892900120336943	19.494584837545126	30.505415162454874	0.0
202.0	31.412639405204462	16.91449814126394	21.251548946716234	30.421313506815366	0.0
203.0	30.120481927710845	19.340519974635384	20.672162333544705	29.86683576410907	0.0
204.0	30.723684210526315	19.86842105263158	18.947368421052634	30.460526315789473	0.0
205.0	29.986431478968793	16.757123473541384	20.963364993215738	32.29308005427408	0.0
206.0	27.348643006263046	19.832985386221296	18.649965205288797	34.168406402226864	0.0
207.0	29.799426934097422	16.9054441260745	22.922636103151863	30.37249283667622	0.0
208.0	29.58883994126285	17.841409691629956	20.631424375917767	31.938325991189426	0.0
209.0	28.97897897897898	17.49249249249249	20.195195195195197	33.33333333333333	0.0
210.0	29.603729603729604	19.19191919191919	21.28982128982129	29.914529914529915	0.0
211.0	28.445512820512818	22.195512820512818	20.592948717948715	28.76602564102564	0.0
212.0	28.30820770519263	19.01172529313233	20.35175879396985	32.32830820770519	0.0
213.0	29.331046312178387	18.867924528301888	21.69811320754717	30.10291595197255	0.0
214.0	28.71111111111111	17.77777777777778	20.177777777777777	33.33333333333333	0.0
215.0	29.990884229717413	20.96627164995442	20.23701002734731	28.80583409298086	0.0
216.0	30.848089468779122	17.520969245107175	21.435228331780056	30.195712954333644	0.0
217.0	29.923518164435947	19.311663479923517	19.59847036328872	31.166347992351817	0.0
218.0	29.23686818632309	19.425173439048564	20.614469772051535	30.723488602576808	0.0
219.0	31.15423901940756	19.611848825331972	18.181818181818183	31.05209397344229	0.0
220.0	31.61764705882353	17.962184873949578	21.113445378151262	29.30672268907563	0.0
221.0	29.685807150595885	17.118093174431202	20.260021668472373	32.936078006500544	0.0
222.0	29.89921612541993	18.81298992161254	15.789473684210526	35.498320268757	0.0
223.0	29.28821470245041	19.486581096849477	18.66977829638273	32.55542590431739	0.0
224.0	30.20457280385078	17.087845968712394	21.540312876052948	31.167268351383875	0.0
225.0	27.586206896551722	20.56650246305419	19.334975369458128	32.51231527093596	0.0
226.0	27.099236641221374	18.702290076335878	20.483460559796438	33.71501272264631	0.0
227.0	29.18848167539267	16.8848167539267	19.895287958115183	34.031413612565444	0.0
228.0	29.036635006784262	19.26729986431479	22.116689280868385	29.579375848032562	0.0
229.0	30.36723163841808	17.231638418079097	20.76271186440678	31.63841807909605	0.0
230.0	30.058651026392962	15.395894428152493	21.26099706744868	33.28445747800586	0.0
231.0	26.21951219512195	16.920731707317074	24.390243902439025	32.46951219512195	0.0
232.0	29.93730407523511	16.77115987460815	18.808777429467085	34.48275862068966	0.0
233.0	28.687196110210696	20.097244732576986	21.231766612641813	29.983792544570502	0.0
234.0	30.100334448160538	20.066889632107024	20.234113712374583	29.59866220735786	0.0
235.0	31.130434782608695	15.82608695652174	18.086956521739133	34.95652173913044	0.0
236.0	27.935943060498218	17.615658362989322	25.26690391459075	29.181494661921707	0.0
237.0	29.326047358834245	21.129326047358834	17.850637522768668	31.693989071038253	0.0
238.0	27.92452830188679	21.88679245283019	19.056603773584907	31.132075471698112	0.0
239.0	29.0448343079922	19.49317738791423	18.51851851851852	32.94346978557505	0.0
240.0	28.04878048780488	17.479674796747968	22.35772357723577	32.113821138211385	0.0
241.0	31.600831600831604	15.592515592515593	22.453222453222455	30.353430353430355	0.0
242.0	25.64102564102564	20.085470085470085	24.786324786324787	29.48717948717949	0.0
243.0	28.473804100227788	19.81776765375854	19.362186788154897	32.346241457858774	0.0
244.0	24.47058823529412	18.58823529411765	21.41176470588235	35.529411764705884	0.0
245.0	33.33333333333333	15.538847117794486	16.290726817042607	34.83709273182957	0.0
246.0	30.38961038961039	18.181818181818183	23.376623376623375	28.05194805194805	0.0
247.0	32.22222222222222	17.77777777777778	18.055555555555554	31.944444444444443	0.0
248.0	33.62573099415205	19.883040935672515	20.760233918128655	25.730994152046783	0.0
249.0	29.553264604810998	21.305841924398624	21.305841924398624	27.835051546391753	0.0
250.0	21.100917431192663	17.431192660550458	33.94495412844037	27.522935779816514	0.0
