# Position (bp)	A	C	G	T	N
0.0	35.02234490010515	17.521030494216614	21.595688748685593	25.86093585699264	0.0
1.0	23.603627283480087	28.88684452621895	23.321067157313706	24.188461032987252	0.0
2.0	29.790438768827766	24.053700065487885	16.967910936476752	29.187950229207598	0.0
3.0	32.326797385620914	18.954248366013072	20.555555555555554	28.16339869281046	0.0
4.0	34.85363303711448	17.06089911134344	17.047830632514373	31.0376372190277	0.0
5.0	27.332113927358243	22.57643062451006	18.330284818395608	31.761170629736085	0.0
6.0	27.762539184952978	25.528996865203762	19.004702194357368	27.703761755485896	0.0
7.0	35.914343539857676	19.031141868512112	17.477312789710776	27.577201801919436	0.0
8.0	34.688682939564025	18.085106382978726	17.778357916721056	29.447852760736197	0.0
9.0	27.565733672603905	23.72936647745808	17.909571344685848	30.79532850525217	0.0
10.0	25.114095710001305	15.921241361324814	19.84613378536967	39.11852914330421	0.0
11.0	25.54411573048351	17.124983709109863	19.392675615795646	37.93822494461097	0.0
12.0	26.122900663976047	17.165733628433795	19.320400989454498	37.39096471813566	0.0
13.0	27.91257399336499	23.73642099785338	19.287061731607363	29.063943277174264	0.0
14.0	25.515179093804853	17.98088799323929	26.678801274133786	29.82513163882208	0.0
15.0	30.79119880573765	19.02382034140326	20.16615823976115	30.018822613097946	0.0
16.0	24.990271111687637	18.724867038526398	19.710727720845764	36.5741341289402	0.0
17.0	27.896272285251218	22.230145867098866	19.183144246353322	30.690437601296594	0.0
18.0	24.567429200959108	20.39401205365822	19.02663469639038	36.01192404899229	0.0
19.0	26.617866165705774	25.14089525166807	18.824901211375266	29.41633737125089	0.0
20.0	26.28549252959058	17.89017527973611	19.46833969342216	36.35599249725115	0.0
21.0	25.718901453957997	18.306946688206786	21.117932148626817	34.8562197092084	0.0
22.0	27.556359408306957	17.705574575285834	24.927330275821976	29.81073574058523	0.0
23.0	25.729597107438018	18.549845041322314	19.576446280991735	36.14411157024794	0.0
24.0	33.45595353339787	16.411745724427234	18.631816715069377	31.500484027105518	0.0
25.0	27.861659568976645	17.56355658794683	22.531939605110338	32.042844237966186	0.0
26.0	34.19983229052441	16.377475327355995	17.577243114235955	31.845449267883634	0.0
27.0	26.79481390698574	18.15777591433916	16.003354189511708	39.04405598916339	0.0
28.0	27.28445218288515	22.641387760366285	16.17334107177404	33.90081898497453	0.0
29.0	28.613797549967764	15.59638942617666	15.925209542230819	39.86460348162476	0.0
30.0	27.145166505011314	17.303588748787586	22.780472033624314	32.770772712576786	0.0
31.0	30.12352066222596	14.90655112203324	17.299359762012546	37.67056845372825	0.0
32.0	27.642644585327986	17.9065855867512	17.466683917712512	36.98408591020831	0.0
33.0	28.764641169999354	24.085938005565264	17.11641752410535	30.033003300330037	0.0
34.0	28.76907163175588	16.04603051461081	19.98319110421515	35.20170674941816	0.0
35.0	26.555908884418194	23.142319423713413	17.67149068726069	32.630281004607696	0.0
36.0	28.54265479825872	15.060749788837633	17.82860113053083	38.567994282372815	0.0
37.0	35.475896168108775	18.795133693318586	18.151063691366858	27.577906447205773	0.0
38.0	33.11840562719812	19.369545395336722	16.30194086231601	31.210108115149147	0.0
39.0	36.05979502578497	17.220445198772765	16.130295711208305	30.589464064233958	0.0
40.0	25.994383123244724	23.89131996603749	19.149630984259684	30.964665926458103	0.0
41.0	27.09559304302341	15.05165424349418	27.43559565842814	30.41715705505427	0.0
42.0	34.91066169251915	17.16735388441652	18.718502519798417	29.20348190326592	0.0
43.0	35.44303797468354	18.010100347609363	17.164032268643012	29.382829409064076	0.0
44.0	30.295258762412047	23.600973236009732	15.808509239166174	30.295258762412047	0.0
45.0	32.23756906077348	15.808011049723758	19.10911602209945	32.84530386740332	0.0
46.0	29.671867347652697	17.288183026656405	19.10025886797733	33.939690757713564	0.0
47.0	30.368809272918863	17.274323849666313	18.890059711977518	33.4668071654373	0.0
48.0	28.566406524643185	18.350558953807212	18.111509526822754	34.97152499472685	0.0
49.0	29.124164614843473	17.72775237425255	19.444249032711923	33.70383397819205	0.0
50.0	28.375430943502426	20.994863857032296	18.546401182016464	32.08330401744882	0.0
51.0	29.39189189189189	18.975225225225227	18.70777027027027	32.92511261261261	0.0
52.0	28.54326550728719	17.630078152502993	20.101387030908963	33.725269309300856	0.0
53.0	29.582423772973733	20.174635589043024	19.92113231462573	30.32180832335751	0.0
54.0	27.511624630125404	23.0590390305763	19.022122023390164	30.40721431590813	0.0
55.0	29.94573260976813	18.070336175910917	18.746916625555006	33.237014588765945	0.0
56.0	27.366936905181532	18.766302432146635	19.67571378216426	34.19104688050758	0.0
57.0	29.72858653507226	17.863940782516742	20.26083891434614	32.14663376806486	0.0
58.0	30.443363642771555	18.883484880524424	18.411221540847254	32.26192993585677	0.0
59.0	28.011283497884342	19.16784203102962	20.571227080394923	32.249647390691116	0.0
60.0	29.775677200902933	17.289785553047405	19.765801354401805	33.168735891647856	0.0
61.0	30.570460321942956	17.212651793278734	20.67918667043208	31.53770121434623	0.0
62.0	28.06806948171162	20.20194887727722	20.809207739019914	30.920773901991243	0.0
63.0	32.39158073174177	17.70730329142534	18.964543014550078	30.93657296228281	0.0
64.0	27.658071352878842	18.226774991169197	21.963970328505827	32.151183327446134	0.0
65.0	30.094686263425665	18.34369700395704	19.82758620689655	31.734030525720748	0.0
66.0	28.530035335689046	17.342756183745582	21.236749116607772	32.890459363957596	0.0
67.0	29.032029979495157	18.814961465035708	18.56041858163049	33.59258997383865	0.0
68.0	26.511562124319354	19.28435047026377	20.005657308535465	34.19843009688141	0.0
69.0	27.188516475746006	20.845707820676	21.34775845000707	30.618017253570923	0.0
70.0	27.17821782178218	20.106082036775106	19.207920792079207	33.50777934936351	0.0
71.0	28.7977369165488	18.734087694483733	19.851485148514854	32.61669024045262	0.0
72.0	28.064219534620555	18.601032604851827	21.705919796308084	31.628828064219533	0.0
73.0	29.27692089995755	17.779821706523276	20.772605065798782	32.17065232772039	0.0
74.0	29.65609963204076	18.079535805264648	21.086894990093406	31.17746957260119	0.0
75.0	28.837308046139693	18.04543202887269	22.652324676243722	30.464935248743895	0.0
76.0	29.45089159354656	19.332012454005095	19.26832720067931	31.948768751769034	0.0
77.0	28.445042111968295	19.70415457569538	18.147073395144737	33.703729917191595	0.0
78.0	28.173900729306805	18.66458967641436	19.641719181477026	33.51979041280181	0.0
79.0	28.381154799858304	20.488841657810838	17.683315621679068	33.44668792065179	0.0
80.0	28.65244205004608	17.544481463103423	20.59970227546608	33.203374211384414	0.0
81.0	26.734708342192924	17.705010985895527	19.859664044227088	35.700616627684454	0.0
82.0	29.437198752480864	17.224269917777146	21.037709101219164	32.300822228522826	0.0
83.0	28.76790018431873	18.09159223025663	21.792145186445484	31.348362398979155	0.0
84.0	27.288844762782784	17.601588539819872	21.700588610736826	33.40897808666052	0.0
85.0	30.25746506844457	16.994113057663665	20.788708419036812	31.959713454854956	0.0
86.0	30.819439517559417	17.701312522170983	21.035828307910606	30.443419652358994	0.0
87.0	31.938138479001132	17.877412031782068	21.15493757094211	29.029511918274686	0.0
88.0	32.20266818052796	18.393414703377804	17.222537609991484	32.18137950610275	0.0
89.0	31.21095968199886	16.808631459398068	19.07296990346394	32.90743895513912	0.0
90.0	30.403918506424365	16.582664868318307	19.70611201817278	33.307304607084546	0.0
91.0	29.534966276180334	19.552715654952078	16.897408590699325	34.01490947816826	0.0
92.0	28.98735975003551	17.46200823746627	18.90356483454055	34.64706717795767	0.0
93.0	31.103061296967116	17.89189573123091	19.40478727182328	31.600255699978693	0.0
94.0	29.86717806662405	16.982740251438315	19.347965054336242	33.80211662760139	0.0
95.0	30.830432620586773	16.8359735739149	20.30972508346949	32.023868722028844	0.0
96.0	30.16053416678505	17.062082682199176	19.548231282852676	33.22915186816309	0.0
97.0	30.43972437309086	18.000994530084537	19.40754422106983	32.15173687575478	0.0
98.0	31.8130150610969	19.03949985791418	18.286445012787723	30.861040068201195	0.0
99.0	29.660414890593916	18.435635123614663	20.474566638249502	31.42938334754192	0.0
100.0	31.865469573891975	15.897107025794499	18.562063559925896	33.67535984038763	0.0
101.0	31.66404349692374	19.144369723851767	19.451995993704394	29.739590785520104	0.0
102.0	30.772541424574996	17.48081199340076	19.604045620830643	32.1426009611936	0.0
103.0	29.566218257679306	19.20005754981656	19.279188547586504	31.95453564491763	0.0
104.0	27.858432647165042	18.757674250631997	18.844348140122786	34.53954496208017	0.0
105.0	29.537547115105827	17.737025224702812	19.69411423601044	33.03131342418092	0.0
106.0	31.96917932688813	19.052118921276442	17.998110053063897	30.980591698771537	0.0
107.0	29.404892296458563	19.18218327856882	18.765972982840452	32.64695144213216	0.0
108.0	33.71189917936694	17.848769050410315	16.522567409144198	31.91676436107855	0.0
109.0	28.769038334191745	17.879479067029653	19.829298800676916	33.522183798101686	0.0
110.0	26.41342103318306	18.82344246544971	20.212844579114623	34.550291922252605	0.0
111.0	31.57034615956024	17.83538850096568	20.063883523993464	30.530381815480613	0.0
112.0	27.85858133810696	18.908033117028417	19.765793988215112	33.46759155664951	0.0
113.0	28.53935947321161	18.63214606405268	17.240347201436695	35.588147261299014	0.0
114.0	30.505293190179444	17.065845784218034	19.288234852466402	33.14062617313612	0.0
115.0	26.31856540084388	20.381253767329717	18.633212778782397	34.666968053044	0.0
116.0	29.383276579644345	18.161180476730987	18.11577752553916	34.33976541808551	0.0
117.0	29.510064565134826	19.0733004177744	19.703759969616407	31.712875047474366	0.0
118.0	29.74519377479402	16.509002136100094	21.032956972841014	32.712847116264875	0.0
119.0	24.929156774144136	19.652293788772308	24.331776058819024	31.08677337826453	0.0
120.0	26.640540955893655	20.393422468111265	20.923620716151838	32.042415859843246	0.0
121.0	29.653045489591364	18.4656900539707	19.506553585196606	32.37471087124133	0.0
122.0	27.03204830469113	18.19941167363369	20.088248954946586	34.6802910667286	0.0
123.0	30.813456607878177	16.478906067904592	19.07388703286458	33.633750291352655	0.0
124.0	31.061374093425876	16.415815331825627	20.4086407236996	32.1141698510489	0.0
125.0	27.137371679335477	18.650575973669774	19.034558420186507	35.177493926808246	0.0
126.0	30.353348548044384	18.53309199653734	18.328480365153066	32.78507909026521	0.0
127.0	30.045020140589212	17.39199115393729	21.11997472553511	31.443013979938396	0.0
128.0	29.53084067635151	18.067793919187107	20.17146939747559	32.22989600698579	0.0
129.0	30.884701373363143	17.694027467262856	18.843819865857554	32.57745129351645	0.0
130.0	29.360301789870775	18.893972228910826	17.328838590577092	34.41688739064131	0.0
131.0	30.6178415873528	19.551540571059846	19.32569769317632	30.504920148411035	0.0
132.0	29.456548149348023	16.975783591155746	23.033935368915525	30.533732890580705	0.0
133.0	28.316928333197755	20.43439355730904	18.978280322134548	32.270397787358654	0.0
134.0	26.911140150277685	19.527932048350213	19.51159751715126	34.049330284220844	0.0
135.0	29.09970482125287	16.66939980321417	22.01541489012791	32.21548048540505	0.0
136.0	27.62876419285832	17.739015961823267	20.04278426855356	34.58943557676485	0.0
137.0	30.124762455589522	16.16954474097331	18.615219367099066	35.0904734363381	0.0
138.0	28.78234903782349	17.94127405441274	19.525547445255476	33.7508294625083	0.0
139.0	29.735132433783107	18.69065467266367	18.957188072630352	32.61702482092287	0.0
140.0	28.643090042638576	18.635565588161526	21.344369199899674	31.376975169300223	0.0
141.0	30.242714369698497	18.325354833291343	19.047619047619047	32.38431174939112	0.0
142.0	32.60943045462227	16.892006084164272	17.432820686158525	33.06574277505492	0.0
143.0	32.69116523805483	20.113723160485446	18.670966646864127	28.524144954595602	0.0
144.0	30.624786616592694	18.521679754182315	18.342437692045067	32.511095937179924	0.0
145.0	30.490002574444347	19.428473354500987	18.081180811808117	32.00034325924654	0.0
146.0	29.39148422685744	19.160489570763662	17.971039475952423	33.476986726426475	0.0
147.0	29.045391545391546	18.26056826056826	18.364518364518364	34.32952182952183	0.0
148.0	29.641892480613404	18.053498300949723	19.961662455345476	32.342946763091405	0.0
149.0	30.169996494917626	19.435681738520856	18.112513144058887	32.28180862250263	0.0
150.0	29.23672858526279	18.19702438594947	19.36790210405846	33.19834492472929	0.0
151.0	29.21388101983003	19.157223796033996	20.343484419263454	31.285410764872523	0.0
152.0	29.31218816821098	17.73877405559515	17.836778332145403	35.11225944404847	0.0
153.0	30.47106325706595	18.22341857335128	19.784656796769852	31.52086137281292	0.0
154.0	29.853033991524658	17.500676223965378	19.63754395455775	33.00874582995221	0.0
155.0	29.342999546896237	20.39873130946987	18.060715903942004	32.19755323969189	0.0
156.0	31.448376504925207	17.1379058737687	19.81028821597957	31.603429405326523	0.0
157.0	30.675241157556272	19.45796968305007	19.94487827285255	29.921910886541113	0.0
158.0	27.9718986873729	21.196154557219447	18.432242558698466	32.39970419670919	0.0
159.0	32.51836013758483	15.89662545319327	20.303058473552106	31.281955935669796	0.0
160.0	26.89036358538181	18.59052247873633	21.628189550425272	32.890924385456586	0.0
161.0	29.468735307945465	16.708979783732957	20.394922425952046	33.42736248236953	0.0
162.0	29.562181543687487	18.295904887714663	21.0417059822608	31.100207586337042	0.0
163.0	27.87149355572403	18.375663381349508	19.067475360121307	34.68536770280515	0.0
164.0	26.970677837014474	17.764661081492765	20.78255902513328	34.48210205635948	0.0
165.0	29.168260038240916	16.21414913957935	21.03250478011472	33.58508604206501	0.0
166.0	26.19504703397965	19.447110769821464	21.02130927241313	33.336532923785754	0.0
167.0	28.04278693263949	17.432784041630526	21.644020429796665	32.88040859593331	0.0
168.0	29.27443572604863	18.25050857308922	19.73263586166812	32.74241983919403	0.0
169.0	27.319688109161795	18.693957115009745	19.990253411306043	33.99610136452242	0.0
170.0	28.264705882352942	17.666666666666668	18.34313725490196	35.72549019607843	0.0
171.0	29.792899408284022	17.40631163708087	18.441814595660748	34.35897435897436	0.0
172.0	28.592666005946484	19.920713577799802	17.443012884043608	34.04360753221011	0.0
173.0	28.45755280988442	17.2279792746114	19.400159426066164	34.91430848943802	0.0
174.0	30.735279366034707	18.30675092787642	18.9086167118066	32.04935299428227	0.0
175.0	27.973368304246947	18.3799051750227	20.891758297185515	32.754968223544836	0.0
176.0	28.388538914854706	17.029059134322292	17.882544198333672	36.69985775248933	0.0
177.0	27.831781438657526	19.400388826358334	20.045021999386066	32.722807735598074	0.0
178.0	26.257731958762886	20.103092783505154	20.04123711340206	33.597938144329895	0.0
179.0	28.193421189166752	17.62996783231296	21.407076891148698	32.76953408737159	0.0
180.0	28.626712686957433	17.163476623784124	20.343060349335843	33.8667503399226	0.0
181.0	28.369691221414268	19.222257350616502	18.95879439350827	33.449257034460956	0.0
182.0	29.46419098143236	18.312997347480106	19.724137931034484	32.49867374005305	0.0
183.0	30.133904659882166	21.328334226031064	18.875200856989824	29.66256025709695	0.0
184.0	31.170373569423447	19.86611962858994	17.43683869574606	31.526668106240553	0.0
185.0	28.24834185060346	20.202239860824182	20.615418071110145	30.934000217462216	0.0
186.0	29.685783344319926	18.62228081740277	20.610854757196222	31.08108108108108	0.0
187.0	29.96242263483643	21.717506631299734	17.130857648099028	31.189213085764813	0.0
188.0	30.41829336307864	18.22643614054657	18.52760736196319	32.8276631344116	0.0
189.0	30.184851217312897	18.394950405770967	19.206492335437332	32.213706041478815	0.0
190.0	30.884865049538778	18.221159321261815	18.01617127889762	32.87780435030179	0.0
191.0	29.24333026678933	18.60625574977001	18.7557497700092	33.39466421343146	0.0
192.0	32.25806451612903	18.647017869575308	18.44975632397308	30.64516129032258	0.0
193.0	31.374385389838444	18.368063685319598	18.262701943338797	31.99484898150316	0.0
194.0	29.23149457802923	19.660537482319658	20.16737388024517	30.94059405940594	0.0
195.0	29.777354446957972	20.835813787355637	18.811763305155377	30.575068460531014	0.0
196.0	28.965434180416715	19.571239311092377	18.848608936528965	32.61471757196194	0.0
197.0	28.22265625	19.6533203125	21.1669921875	30.95703125	0.0
198.0	27.862548070958937	20.952735392631187	19.575735020468922	31.608981515940947	0.0
199.0	29.22636103151863	20.708517843188332	18.45532690804897	31.609794217244076	0.0
200.0	24.17549167927383	19.22844175491679	22.22390317700454	34.37216338880484	0.0
201.0	30.85963003264418	17.410228509249183	19.58650707290533	32.14363438520131	0.0
202.0	30.635583901473503	18.86958434132395	20.563008577083792	29.931823180118762	0.0
203.0	30.634037819799776	19.154616240266964	19.799777530589544	30.411568409343715	0.0
204.0	30.43965903992822	19.134140870345444	22.58860475549574	27.837595334230596	0.0
205.0	28.807422493776873	17.334238515501244	23.828920570264767	30.029418420457116	0.0
206.0	30.554921214889248	21.71728705183832	20.369947476592827	27.35784425667961	0.0
207.0	28.87453874538745	19.37269372693727	19.511070110701105	32.24169741697417	0.0
208.0	29.218203033838975	17.19953325554259	21.143523920653443	32.43873978996499	0.0
209.0	26.382978723404253	17.35224586288416	21.725768321513	34.53900709219858	0.0
210.0	27.987571701720842	17.566921606118548	21.414913957934992	33.03059273422562	0.0
211.0	29.973474801061005	18.88111888111888	20.593199903544733	30.55220641427538	0.0
212.0	27.512195121951223	17.46341463414634	23.51219512195122	31.51219512195122	0.0
213.0	28.182941903584673	20.791100123609393	17.79975278121137	33.22620519159456	0.0
214.0	30.374064837905234	21.496259351620946	20.22443890274314	27.905236907730675	0.0
215.0	26.648143470573377	19.67668603182622	20.03031068451629	33.64485981308411	0.0
216.0	30.166880616174584	18.02310654685494	21.335044929396663	30.474967907573813	0.0
217.0	26.099476439790575	19.50261780104712	23.79581151832461	30.602094240837697	0.0
218.0	26.385509597188427	19.951338199513383	18.815896188158963	34.84725601513923	0.0
219.0	21.285500747384155	22.869955156950674	24.245142002989535	31.59940209267564	0.0
220.0	12.342908438061041	23.78815080789946	21.409335727109514	42.45960502692998	0.0
