# Position (bp)	A	C	G	T	N
0.0	33.948192428124116	17.403928266438943	22.134927412467974	26.51295189296897	0.0
1.0	24.240009108505067	27.171809176818858	23.551178412842994	25.03700330183309	0.0
2.0	29.68989171721753	22.97182379953512	17.489653608481206	29.84863087476614	0.0
3.0	31.579542883005207	19.66508259787282	21.350984385607603	27.404390133514372	0.0
4.0	32.41714738151793	18.448139350752175	18.28978622327791	30.844927044451985	0.0
5.0	27.63767952052471	21.35022051340043	18.585321723397037	32.42677824267782	0.0
6.0	27.48134750169568	24.022156907076646	20.246439068505538	28.250056522722133	0.0
7.0	33.61026336611281	19.52639312761388	18.237820730191025	28.625522776082285	0.0
8.0	33.52542372881356	18.1864406779661	18.423728813559322	29.864406779661017	0.0
9.0	27.675193404483593	21.717770625105878	19.44209159184595	31.164944378564574	0.0
10.0	26.515408059600404	15.88215374195733	20.171576927418442	37.430861271023815	0.0
11.0	26.282268064479762	18.211024687182956	19.27065719761019	36.23605005072709	0.0
12.0	26.45982318824258	17.343318880567598	19.736471648178387	36.46038628301143	0.0
13.0	27.9943741209564	21.71026722925457	19.943741209563996	30.351617440225038	0.0
14.0	26.432064759120806	18.72505480915172	25.34150317612007	29.501377255607398	0.0
15.0	29.09794681925278	19.123751823179624	20.67205205879053	31.106249298777065	0.0
16.0	25.860522480098663	18.572709945061106	20.2264827895504	35.34028478528983	0.0
17.0	28.993055555555557	20.33490143369176	19.718862007168457	30.95318100358423	0.0
18.0	25.70245158401433	19.523116534199037	20.329116758087988	34.44531512369864	0.0
19.0	27.77777777777778	24.577598746783035	18.97728544254224	28.667338032896943	0.0
20.0	27.00480930544682	19.04708645565373	19.488871490884687	34.45923274801476	0.0
21.0	26.732949784952243	18.399150980282634	21.1640507177568	33.703848517008325	0.0
22.0	28.35362448341338	17.530436725120072	24.07572880598682	30.040209985479727	0.0
23.0	26.250837614473976	19.795622068349342	19.360062541880723	34.59347777529595	0.0
24.0	32.605783186334705	16.808083063525732	19.297755945070893	31.288377805068663	0.0
25.0	28.634410402366207	17.796752050895698	20.62057034432725	32.94826720241085	0.0
26.0	32.712157562908	17.078614071305026	17.803939072699883	32.405289293087094	0.0
27.0	26.723560910307896	19.29384203480589	16.510486390004463	37.47211066488175	0.0
28.0	27.387789238918316	21.438528017842206	16.07471424588793	35.09896849735155	0.0
29.0	29.682884690408518	15.42105556484423	16.78649055341916	38.1095691913281	0.0
30.0	27.989509513978017	18.28580994364154	21.070252776072763	32.654427766307684	0.0
31.0	30.682515765388697	15.011998437412801	18.15391483899771	36.15157095820079	0.0
32.0	28.67269479794597	17.559723152489397	17.263898191560617	36.503683858004024	0.0
33.0	29.391061452513966	22.11173184357542	18.24581005586592	30.251396648044693	0.0
34.0	29.16759651863423	16.731756304396338	20.051327828609686	34.04931934835974	0.0
35.0	26.920929193656466	21.92874692874693	18.042215769488497	33.108108108108105	0.0
36.0	28.65840035746202	15.867962466487937	18.638293118856122	36.83534405719392	0.0
37.0	33.59785402928356	18.866659215379457	18.967251592712643	28.568235162624344	0.0
38.0	31.902046293190207	19.702560661970256	16.789667896678967	31.605725148160573	0.0
39.0	34.13760286625986	17.427083916475397	16.45860157868219	31.976711638582543	0.0
40.0	27.80610815354441	21.978145138694313	19.41159988792379	30.80414681983749	0.0
41.0	27.68729641693811	15.966528136583175	25.435246546108054	30.91092890037066	0.0
42.0	34.07532321528949	17.189432265317595	19.05564924114671	29.679595278246207	0.0
43.0	34.07057234509539	18.74613090213293	17.840058528898645	29.343238223873037	0.0
44.0	30.142083897158322	22.310554803788904	16.993685160126297	30.553676138926477	0.0
45.0	31.62147918252621	16.759383966738888	19.119283246471863	32.499853604263045	0.0
46.0	29.903518060948347	17.537357336157193	19.41404871161313	33.14507589128133	0.0
47.0	30.80593849416755	17.367738894780253	19.51219512195122	32.31412748910098	0.0
48.0	27.518123416042904	18.471149879177226	18.45936229150704	35.55136441327282	0.0
49.0	29.490505955891027	18.569406769666234	18.811180563745726	33.12890671069702	0.0
50.0	28.7559723942665	21.40624078334218	18.38022768831475	31.45755913407656	0.0
51.0	29.54438149197356	19.05689329556185	18.45491029272899	32.9438149197356	0.0
52.0	28.81025519848771	18.02930056710775	20.232750472589792	32.927693761814744	0.0
53.0	29.637072940063835	19.576782125546753	20.06147298735075	30.724671947038658	0.0
54.0	27.863612147043153	22.944414846386078	18.581661043035577	30.610311963535192	0.0
55.0	29.897517919554527	18.41123156211125	18.985842070967358	32.705408447366864	0.0
56.0	27.8847863450483	19.551946897410062	19.4452675872696	33.117999170272036	0.0
57.0	31.032847148108623	17.68646982094154	19.951381477528756	31.329301553421086	0.0
58.0	30.414664531055347	18.55608945838524	18.50863142907991	32.52061458147951	0.0
59.0	28.24925816023739	19.95252225519288	20.49258160237389	31.305637982195844	0.0
60.0	29.78508667774875	17.353360246972215	19.466872476846355	33.39468059843267	0.0
61.0	29.827790973871732	17.327790973871736	20.855106888361043	31.98931116389549	0.0
62.0	28.848211101866163	19.202424818732915	21.823368596220135	30.12599548318079	0.0
63.0	32.790005948839976	18.191552647233788	19.036287923854847	29.98215348007139	0.0
64.0	28.468543539075053	18.59413130170823	21.891554074162254	31.04577108505446	0.0
65.0	30.924459789273172	18.911839990475624	19.64997916542651	30.513721054824693	0.0
66.0	28.70155384890159	17.687682324224564	21.164493659582067	32.44627016729178	0.0
67.0	28.509320469299027	18.658805312369722	19.43302959919004	33.39884461914121	0.0
68.0	27.63283297593519	19.25184655706457	20.008339289969026	33.106981177031216	0.0
69.0	27.314428690575483	20.10604074824258	21.666865244846896	30.91266531633504	0.0
70.0	27.290064962155075	20.406460456523035	20.466058763931105	31.837415817390784	0.0
71.0	28.884782738272634	19.18698217798176	19.49693032127317	32.431304762472436	0.0
72.0	28.11158798283262	19.29542203147353	21.345970433953266	31.24701955174058	0.0
73.0	29.00321926791463	17.8669369261953	20.609276260879934	32.52056754501014	0.0
74.0	29.178841910668496	17.79474029459121	21.593416423161788	31.433001371578506	0.0
75.0	29.732148183499373	18.397661516435004	21.61904193760067	30.251148362464953	0.0
76.0	29.850835322195707	18.699284009546542	18.937947494033413	32.511933174224346	0.0
77.0	28.356605800214822	19.96061582527748	18.68361379639575	32.999164578111944	0.0
78.0	29.28067869518461	18.55060341737364	19.6439240052575	32.52479388218425	0.0
79.0	27.905308464849355	20.169775227164035	18.262792922046867	33.66212338593974	0.0
80.0	28.69019138755981	17.98444976076555	21.24401913875598	32.08133971291866	0.0
81.0	26.257852228537242	17.5770266227939	20.227340711935387	35.937780436733476	0.0
82.0	29.787615913849834	17.83428058629973	20.34699371821717	32.03110978163327	0.0
83.0	29.521929037276372	18.015915754203316	21.773469754083646	30.688685454436666	0.0
84.0	27.546379413524836	17.672052663076002	21.436265709156192	33.34530221424296	0.0
85.0	30.24661798156351	17.394947922901952	20.687178259308034	31.671255836226504	0.0
86.0	30.817120622568094	17.75516312481293	20.0	31.427716252618975	0.0
87.0	32.07637517208356	18.195965762853895	21.057041958460527	28.670617106602027	0.0
88.0	31.686725345787675	18.86713370456859	17.268427040296988	32.17771390934674	0.0
89.0	31.470834830518623	17.535034135824652	17.94226853515391	33.051862498502814	0.0
90.0	29.130981613463497	16.76947954722405	19.805953165239266	34.293585674073185	0.0
91.0	28.884629208098715	19.60584641188451	17.760872169641786	33.748652210374985	0.0
92.0	29.447007369240907	17.56635312443832	19.028218800551194	33.958420705769576	0.0
93.0	31.51555102774615	17.528615089590698	18.930904296757955	32.02492958590519	0.0
94.0	29.872932150563415	16.632701989930474	19.497722368736515	33.9966434907696	0.0
95.0	31.091530300305703	16.969370017382964	20.182221423005455	31.756878259305882	0.0
96.0	29.650500569510218	17.72675499070799	19.69306396499011	32.92968047479168	0.0
97.0	30.407147568507526	18.132757690232058	19.53588774959525	31.924206991665166	0.0
98.0	31.738035264483628	19.15557154851865	18.711766822598058	30.394626364399663	0.0
99.0	29.58853166986564	18.636036468330133	20.63939539347409	31.136036468330136	0.0
100.0	31.82475593588044	16.180547185729782	18.133060142220078	33.8616367361697	0.0
101.0	32.56123374659812	18.62110674327185	19.231932264892652	29.585727245237376	0.0
102.0	31.34255887351299	17.419276523428017	19.93809176984705	31.300072833211946	0.0
103.0	30.042004017775614	19.522736957448103	19.68101296645766	30.754246058318625	0.0
104.0	28.57754141451189	17.953420135705116	19.359374044868268	34.109664404914724	0.0
105.0	29.664660361135	18.49281415059575	19.776440240756664	32.06608524751259	0.0
106.0	31.64353993216158	19.401788467468393	18.16836262719704	30.78630897317299	0.0
107.0	30.20375301913668	18.430668235585557	19.09952313123181	32.26605561404595	0.0
108.0	33.588546529723004	18.281979458450046	17.080610021786494	31.04886399004046	0.0
109.0	28.37212212212212	17.686436436436438	20.845845845845844	33.0955955955956	0.0
110.0	27.218451483157363	19.111362493715433	19.97863247863248	33.691553544494724	0.0
111.0	31.186119873817038	18.485804416403788	19.6403785488959	30.687697160883282	0.0
112.0	28.11430743885439	19.33215055126093	20.16854644531745	32.38499556456723	0.0
113.0	29.060210258043963	18.209620898375277	17.87830519273654	34.851863650844216	0.0
114.0	30.78841358143104	16.79135494596841	19.96291322974615	32.457318242854406	0.0
115.0	26.138842551007315	19.92172462466316	19.023482612601054	34.91595021172847	0.0
116.0	29.760061919504643	18.304953560371516	18.640350877192983	33.294633642930854	0.0
117.0	28.48249027237354	18.748378728923477	20.06485084306096	32.704280155642024	0.0
118.0	29.406011605920323	16.998109147812478	21.32750863923844	32.26837060702875	0.0
119.0	25.23560209424084	19.67931937172775	23.50130890052356	31.583769633507853	0.0
120.0	27.605022680954573	19.558214450069027	20.86647820656104	31.970284662415356	0.0
121.0	29.653350940904588	18.468141300759328	19.26708484648399	32.611422911852095	0.0
122.0	27.476759628154053	17.722443559096945	20.810092961487385	33.99070385126162	0.0
123.0	29.6713552429838	17.425504966335577	19.798680087994132	33.10445970268649	0.0
124.0	31.29689174705252	16.988210075026792	19.533762057877812	32.18113612004287	0.0
125.0	29.07844323452309	17.96733212341198	18.955434563420045	33.99879007864489	0.0
126.0	30.116247634495807	19.586374695863746	18.26845093268451	32.02892673695593	0.0
127.0	30.060392210083464	17.357671167808917	20.933704281739836	31.648232340367784	0.0
128.0	30.08474576271186	18.780754510661563	19.58720612356479	31.54729360306178	0.0
129.0	30.785635663181065	17.914144193725924	18.547055586130984	32.75316455696203	0.0
130.0	30.371343613857967	18.961344305373075	17.94481709425351	32.72249498651546	0.0
131.0	29.91720587212134	19.995825506157377	19.272246573436306	30.81472204828498	0.0
132.0	29.714205659848698	17.427850938638272	21.735780330624824	31.122163070888202	0.0
133.0	28.769436431436006	19.249982410469286	19.186660099908533	32.793921058186164	0.0
134.0	26.89586870401811	20.359366157328807	19.234578381437466	33.51018675721562	0.0
135.0	28.54301342615614	16.693897847552748	21.67365205654614	33.08943666974498	0.0
136.0	27.479825751624652	18.110404913232877	19.795758051846033	34.614011283296435	0.0
137.0	29.579385587137523	16.709732988802756	19.33677863910422	34.3741027849555	0.0
138.0	29.077911762582136	17.90743013936024	19.293811827568778	33.72084627048884	0.0
139.0	29.64386741132951	18.87285123667223	18.72053383622253	32.76274751577573	0.0
140.0	28.743432574430823	18.57851722124927	20.69468768242849	31.98336252189142	0.0
141.0	29.699772443661455	18.16780444835939	19.841444615723407	32.290978492255746	0.0
142.0	33.31855791962175	17.745271867612296	17.62706855791962	31.309101654846334	0.0
143.0	32.50946337118682	20.09945817561048	19.238476953907817	28.15260149929489	0.0
144.0	30.2188363582045	18.746732392262306	17.872880722981552	33.16155052655165	0.0
145.0	30.0247766348825	18.74765372775734	18.492379307755836	32.73519032960432	0.0
146.0	28.931482040446728	18.540597645638393	19.106549954723814	33.421370359191066	0.0
147.0	28.966355282144757	18.569150148097517	18.45522898154477	34.009265588212955	0.0
148.0	28.78209046454768	18.169315403422985	20.11766503667482	32.93092909535452	0.0
149.0	29.66897613548884	19.907621247113163	17.89838337182448	32.52501924557352	0.0
150.0	27.836329820210786	18.42839429634222	19.57532548047117	34.15995040297582	0.0
151.0	29.89016125262912	19.404845368855653	20.526602788813587	30.178390589701642	0.0
152.0	29.73630513263224	18.395856223512794	17.783707424266208	34.08413121958876	0.0
153.0	30.131901113656106	18.134428560145327	20.187978832635654	31.54569149356291	0.0
154.0	29.590216010165182	18.027318932655653	20.211245235069885	32.17121982210928	0.0
155.0	29.00103975045989	19.81124530112773	18.851475645845	32.336239302567385	0.0
156.0	30.51707474226804	17.54188144329897	20.642719072164947	31.29832474226804	0.0
157.0	29.438949245986702	19.782714447867683	20.204313280363223	30.574023025782388	0.0
158.0	28.352240267689545	21.211131967681386	19.2116216436791	31.22500612094997	0.0
159.0	32.60440644524827	16.12134166392634	19.746793817823086	31.5274580730023	0.0
160.0	27.58420441347271	18.939771030363364	21.295835407333666	32.180189148830266	0.0
161.0	28.715680547442208	17.291162480180255	20.754402069598598	33.238754902778936	0.0
162.0	30.84614738257289	18.309385765902025	20.889000924292077	29.955465927233003	0.0
163.0	28.029727218984885	17.92078371759142	19.753399206148128	34.29608985727557	0.0
164.0	28.730266508232898	17.29757256832456	19.64012901035478	34.33203191308776	0.0
165.0	29.016295537923387	16.34672809487245	21.0562238716833	33.58075249552086	0.0
166.0	26.865031726976508	19.92797118847539	20.63110958669182	32.575887497856286	0.0
167.0	28.94373489817052	17.172937521574042	21.67759751467035	32.20573006558509	0.0
168.0	29.045426908711892	18.778771823156433	19.821071831842264	32.35472943628942	0.0
169.0	27.363358111062524	18.434630520332313	20.533449934411895	33.668561434193265	0.0
170.0	27.40942666197678	18.510376362996833	18.6334857544847	35.44671122054168	0.0
171.0	30.021272823967383	17.612125509661407	18.14394610884595	34.22265555752526	0.0
172.0	28.215656520574843	19.557261447826473	17.432830491832547	34.79425153976614	0.0
173.0	28.51105916202122	17.757597554396693	19.555835281424205	34.17550800215788	0.0
174.0	30.758795333273042	19.191462421995116	19.119110066021523	30.930632178710322	0.0
175.0	29.541518548901653	18.07492480175007	20.134901102907666	32.24865554644062	0.0
176.0	28.732678718913462	17.252454804074517	18.47297421308617	35.54189226392585	0.0
177.0	27.744916820702404	18.853974121996302	20.609981515711645	32.791127541589645	0.0
178.0	27.135537959944106	19.785747554727525	20.512342803912436	32.56637168141593	0.0
179.0	28.033433508640123	18.106686701728027	21.55334335086401	32.30653643876784	0.0
180.0	30.00189465706707	16.909814323607428	19.486547934823797	33.601743084501706	0.0
181.0	29.430319250621295	18.505065952972664	18.323456318103613	33.74115847830243	0.0
182.0	29.394757131842713	18.61025443330763	20.35466461063994	31.640323824209716	0.0
183.0	29.13508260447036	20.388726919339163	20.32069970845481	30.155490767735664	0.0
184.0	32.56337476754429	19.526279729861994	17.265342076930608	30.64500342566311	0.0
185.0	29.234864918162096	20.291855649773222	20.084795898244924	30.38848353381976	0.0
186.0	29.65469200915514	19.116329983082895	20.439844760672703	30.78913324708926	0.0
187.0	30.708186840783526	21.91863385233551	17.27774987443496	30.095429432446007	0.0
188.0	29.322394408994228	18.596171376481312	18.37334143624025	33.70809277828421	0.0
189.0	29.751642036124792	17.980295566502463	19.50944170771757	32.758620689655174	0.0
190.0	31.897446543491796	18.808386962839943	17.46937928171061	31.82478721195765	0.0
191.0	29.200755191944623	18.94273127753304	18.638556744283616	33.21795678623872	0.0
192.0	32.344528022036236	17.893844686937175	18.508316558957517	31.253310732069075	0.0
193.0	30.267952840300104	17.470525187566988	19.335476956055732	32.92604501607717	0.0
194.0	29.11173546574454	19.86168143505511	20.79100929327858	30.23557380592176	0.0
195.0	30.310001095410232	19.761200569613322	19.290174170226752	30.6386241647497	0.0
196.0	29.928873082907316	19.748833074016446	18.54856634807735	31.773727494998887	0.0
197.0	28.130977832789466	20.366827950939577	21.041971418926522	30.46022279734444	0.0
198.0	28.76995520845297	21.626277707591594	19.340760307798323	30.263006776157113	0.0
199.0	28.63180775268687	21.627822726723824	18.16205772249728	31.578311798092017	0.0
200.0	23.852058618283323	19.260293091416607	21.81437543614794	35.07327285415213	0.0
201.0	29.608938547486037	19.09417398244214	20.311252992817238	30.985634477254585	0.0
202.0	30.574666127074057	18.535006070416834	20.194253338729258	30.696074463779848	0.0
203.0	29.440688383527963	19.565662774021717	20.6719934439664	30.321655398483916	0.0
204.0	32.19532381543554	18.45644527208773	22.71880819366853	26.629422718808193	0.0
205.0	28.914405010438415	17.640918580375782	23.235908141962422	30.208768267223384	0.0
206.0	29.096283783783782	21.13597972972973	20.819256756756758	28.94847972972973	0.0
207.0	28.720682302771856	19.59488272921109	19.722814498933904	31.961620469083158	0.0
208.0	28.95303748384317	18.009478672985782	20.83153813011633	32.20594571305472	0.0
209.0	27.59825327510917	18.253275109170307	20.19650655021834	33.95196506550218	0.0
210.0	29.22769640479361	18.35330670217488	20.150909897913895	32.26808699511762	0.0
211.0	29.192825112107624	19.43946188340807	20.829596412556054	30.53811659192825	0.0
212.0	26.51394874121116	17.759129054207303	22.544794738035836	33.1821274665457	0.0
213.0	29.597238204833143	20.96662830840046	18.91829689298044	30.51783659378596	0.0
214.0	30.333411051527165	22.266262532058757	18.955467474935883	28.444858941478202	0.0
215.0	27.39048516250589	18.911917098445596	19.64201601507301	34.05558172397551	0.0
216.0	30.998332142006195	18.370264474624733	21.53919466285442	29.092208720514652	0.0
217.0	25.967117988394584	19.22147001934236	23.549323017408124	31.262088974854933	0.0
218.0	26.435916729370458	19.764233759719087	20.065211938801102	33.73463757210936	0.0
219.0	22.22222222222222	23.50642099385818	25.348967057509768	28.922389726409826	0.0
220.0	12.787723785166241	24.722932651321397	21.86700767263427	40.62233589087809	0.0
