# Position (bp)	A	C	G	T	N
0.0	26.712942292861875	24.51801082454964	24.47399322870815	24.295053653880334	0.0
1.0	32.759403607297756	17.818674953393998	21.137651495153385	28.28426994415486	0.0
2.0	35.555723381745246	17.37816431268158	20.945866919920842	26.12024538565233	0.0
3.0	33.0090341423584	24.61064469021685	17.117239718821477	25.26308144860327	0.0
4.0	35.60292959106561	18.269879620183023	17.302487918037198	28.82470287071417	0.0
5.0	43.145390685293975	16.90501015892016	16.377439322108643	23.572159833677215	0.0
6.0	33.68091600687934	20.014626361537626	14.74926016020824	31.555197471374786	0.0
7.0	36.519827634095435	23.180088673577337	15.525628714953458	24.774454977373768	0.0
8.0	42.02104333516918	17.41140507047889	15.916256040459414	24.651295553892517	0.0
9.0	37.591013448030736	16.049494016092318	18.962472580990013	27.397019954886936	0.0
10.0	35.26706478725203	21.085022547866316	21.358005617806672	22.28990704707498	0.0
11.0	34.40674186117031	20.44781262020699	17.454252220619967	27.69119329800273	0.0
12.0	33.76634575852882	20.967266884114167	15.841380328065972	29.425007029291038	0.0
13.0	41.08220057810275	17.917725368416068	16.260505578897913	24.73956847458327	0.0
14.0	38.67907069312109	16.385559567663208	15.996012298043707	28.939357441171992	0.0
15.0	39.17072661807665	16.589895573520703	20.06819019982725	24.171187608575394	0.0
16.0	36.46577856041409	19.454475004047598	16.424690154245248	27.65505628129307	0.0
17.0	35.00317945652813	21.344610048295003	16.438002416265725	27.21420807891114	0.0
18.0	35.02346848798698	19.6677140874561	19.984364441831783	25.32445298272513	0.0
19.0	33.72329171811516	15.877197340471294	19.354408737135856	31.045102204277686	0.0
20.0	34.15555749390631	20.117839611166836	15.736682318849008	29.989920576077843	0.0
21.0	37.210150149640945	21.28916492963666	15.664094529960284	25.836590390762108	0.0
22.0	35.201343582143046	24.20566881232957	16.28360771663688	24.309379888890504	0.0
23.0	34.59863001012633	21.13466926614084	15.635098712025513	28.63160201170732	0.0
24.0	38.31968205098415	15.627329673627852	15.776247252800449	30.27674102258755	0.0
25.0	38.55669916009086	20.60526689874815	16.471716203259827	24.366317737901163	0.0
26.0	39.007451642342936	16.037874494771877	18.91995033448022	26.034723528404964	0.0
27.0	36.95614973391374	17.12088678892747	21.248443723405735	24.674519753753053	0.0
28.0	39.687976221923876	15.991082616966604	16.036539992516456	28.284401168593064	0.0
29.0	38.68278434238034	20.325629268074515	15.988458709485966	25.00312768005918	0.0
30.0	40.04946512509225	15.864621253926414	15.798438077025128	28.28747554395621	0.0
31.0	34.195222877769766	20.002756241284747	19.702471006578108	26.099549874367376	0.0
32.0	34.730876988312666	21.329158493793653	15.2889192464737	28.651045271419978	0.0
33.0	38.701654669691756	15.673024549516464	20.035582864366173	25.58973791642561	0.0
34.0	34.17414842757561	24.470059150704	17.604453927690184	23.75133849403021	0.0
35.0	33.17302898895021	21.360071786148175	15.983496078964762	29.483403145936858	0.0
36.0	32.196197534015845	16.721477438109503	21.04101672729639	30.04130830057827	0.0
37.0	32.47176442921881	24.3391573501465	18.156822616422076	25.03225560421261	0.0
38.0	35.547886220115096	18.410213902155288	17.116626835185464	28.925273042544152	0.0
39.0	29.30211496842433	17.32859791414599	20.63699449849269	32.73229261893699	0.0
40.0	33.267011141460564	17.7645771392746	22.888166763367984	26.080244955896852	0.0
41.0	29.853587929991342	18.00259371701896	25.15973335720855	26.98408499578114	0.0
42.0	27.01700028537649	18.110535828339245	23.716892929457646	31.15557095682661	0.0
43.0	27.515934233124824	22.445025789529936	23.1665335835704	26.87250639377484	0.0
44.0	28.414504054216277	19.479881702006917	17.323998995994895	34.78161524778191	0.0
45.0	31.82969621801508	17.91524445036679	17.37075342442351	32.88430590719462	0.0
46.0	28.111214254614758	21.99523805611919	21.88358293148442	28.00996475778163	0.0
47.0	26.26018223403394	20.37846285139598	17.192042730738994	36.16931218383109	0.0
48.0	30.09954267150506	22.99015709195994	17.451622371632848	29.45867786490215	0.0
49.0	32.996991727249934	18.05149600963088	18.098328094567755	30.85318416855143	0.0
50.0	29.727493604990972	18.337856590326783	20.770685706438897	31.163964098243348	0.0
51.0	30.636069572961855	22.70684292702086	19.849688216103786	26.8073992839135	0.0
52.0	31.545016323499947	18.36877313420212	19.278854186670955	30.80735635562698	0.0
53.0	29.18275717837157	18.743460153662937	21.180417077180262	30.893365590785226	0.0
54.0	27.80630373849014	21.051323760025557	23.846334280641162	27.296038220843137	0.0
55.0	27.00938776591813	27.636447572305045	17.890590895080454	27.463573766696374	0.0
56.0	32.21589313482633	20.07145022724637	17.452144135534684	30.26051250239262	0.0
57.0	26.775078786657485	22.955465247107423	17.593494433155886	32.6759615330792	0.0
58.0	28.3289456714945	19.86180967921005	25.347087882203194	26.462156767092253	0.0
59.0	27.855374990784526	17.94759993961671	22.884846952925606	31.312178116673163	0.0
60.0	28.62560461916379	21.296522964976404	23.5890109148004	26.488861501059404	0.0
61.0	35.6617406115205	19.670230780668515	17.732107257445634	26.935921350365348	0.0
62.0	32.13421772463647	22.98876058593513	18.16982120590341	26.70720048352499	0.0
63.0	33.076108904488535	17.82815040377184	17.938520838079498	31.157219853660123	0.0
64.0	31.495913378368414	18.111660342470802	18.651202164406406	31.74122411475438	0.0
65.0	35.888573154823796	18.50047431274467	17.757657144117776	27.85329538831376	0.0
66.0	28.28219611145405	22.587463738898663	18.042025412207995	31.088314737439298	0.0
67.0	27.147267673000414	20.66986727236449	25.811909943451834	26.370955111183264	0.0
68.0	26.91692185969245	18.743124479968813	19.96296267098769	34.37699098935105	0.0
69.0	32.028763400705515	21.911948890599685	18.15084626963426	27.908441439060542	0.0
70.0	28.905136906458047	26.03014446200209	18.376594219792935	26.688124411746927	0.0
71.0	28.204087283446228	24.45916538196963	17.77064083908863	29.566106495495507	0.0
72.0	29.14223745232465	17.280458579251082	21.397282423753758	32.18002154467051	0.0
73.0	29.361560428980432	20.38996246602216	24.106658752076676	26.141818352920737	0.0
74.0	27.929783539862292	28.14743309868859	17.582835202803555	26.33994815864557	0.0
75.0	35.80275892741646	19.341924156384763	18.02197898029275	26.833337935906027	0.0
76.0	29.174309521607643	25.418867287027403	18.842237638599943	26.564585552765006	0.0
77.0	33.19005347265712	19.357817182780725	17.083805945201842	30.368323399360314	0.0
78.0	35.676026856557975	17.310656803361386	18.6200493555465	28.393266984534137	0.0
79.0	31.996391996392	18.512945179611844	22.431882431882432	27.058780392113725	0.0
80.0	36.709461728808805	18.883256863709157	17.42706355908225	26.980217848399796	0.0
81.0	33.68260119951076	17.519119965812468	20.90626427550434	27.892014559172424	0.0
82.0	33.32232979595454	20.763822732274335	18.923425718737768	26.990421753033356	0.0
83.0	35.71114564831261	19.537300177619894	17.376406157489637	27.375148016577853	0.0
84.0	29.545909686300746	17.570243741071653	22.873922479332222	30.009924093295375	0.0
85.0	35.989586664029375	17.307077409961526	17.790415626250173	28.912920299758927	0.0
86.0	34.32318146520179	20.68575414622804	17.461406952636043	27.529657435934123	0.0
87.0	30.50148568149708	23.2567991315282	18.75044361246613	27.49127157450859	0.0
88.0	32.211123563183946	17.56219211084609	18.781912598434637	31.444771727535333	0.0
89.0	30.149494239564728	17.645261109947235	18.25791041458765	33.94733423590039	0.0
90.0	27.472145318561807	22.709713647401358	21.324017577692768	28.494123456344063	0.0
91.0	32.54348349358962	18.052657829745268	18.958659838388016	30.445198838277094	0.0
92.0	31.47600920619626	21.861010034390876	17.070036523760866	29.592944235652002	0.0
93.0	37.69170526232793	16.971881332841047	17.48286792361281	27.853545481218212	0.0
94.0	34.21864931243693	20.514274076866027	17.73605724220944	27.531019368487602	0.0
95.0	31.75601454673986	23.131647386294556	17.69002707326846	27.422310993697124	0.0
96.0	29.04342752583917	20.65720923199582	18.573579971988156	31.725783270176855	0.0
97.0	31.963657023496133	19.238944503913473	21.631819859387658	27.165578613202733	0.0
98.0	33.36597045917748	21.842991618786083	17.61575428621454	27.175283635821895	0.0
99.0	28.949057122673814	17.504570137454635	21.58260412710567	31.96376861276588	0.0
100.0	28.39938704136235	24.64061283505728	19.15163620410534	27.80836391947503	0.0
101.0	28.355478871777873	22.941967279637822	17.651586843087543	31.05096700549676	0.0
102.0	27.843439447597845	17.247730367592283	18.42497958942705	36.48385059538282	0.0
103.0	27.057037181234183	17.821062877165662	23.016468756083317	32.105431185516835	0.0
104.0	27.182579475601887	25.657331530140915	18.040768484608225	29.119320509648976	0.0
105.0	27.30839750928696	23.49039454027688	20.63892408208366	28.562283868352495	0.0
106.0	31.8936840568471	17.115432012521055	22.840565331307193	28.150318599324653	0.0
107.0	29.030094595158385	19.875925032333328	18.999245096472578	32.094735276035706	0.0
108.0	30.035384508501124	18.814184751029483	18.112415683500494	33.0380150569689	0.0
109.0	29.041183954574855	17.05319260954691	21.51891117728046	32.38671225859777	0.0
110.0	30.7243845708071	17.31521247291	23.81506561138058	28.145337344902316	0.0
111.0	29.79366338808425	19.905072584297027	17.84051270991191	32.46075131770681	0.0
112.0	27.820001276813073	23.017428498467822	21.31064862104188	27.85192160367722	0.0
113.0	31.197871233644115	18.111079988795968	19.913889000040015	30.77715977751991	0.0
114.0	26.41625882628648	17.5540171140471	21.348417408109512	34.68130665155691	0.0
115.0	27.36964841524532	17.881639891978537	27.342610862015132	27.40610083076101	0.0
116.0	32.40862611738369	17.779443771501338	20.073000652857928	29.73892945825704	0.0
117.0	28.405449398958588	20.32386868149702	18.002750439317524	33.26793148022686	0.0
118.0	27.130644811776712	21.13045164987051	24.232972737388273	27.505930800964514	0.0
119.0	30.023468426703698	20.395064059931997	22.62037235267925	26.961095160685055	0.0
120.0	33.46188699577928	18.13398535402601	20.859001885852837	27.545125764341872	0.0
121.0	34.12719865144464	17.927824766435517	19.73785734997076	28.207119232149086	0.0
122.0	36.27675844119984	17.691038978221798	18.292916434853996	27.739286145724364	0.0
123.0	34.50147574362387	20.603756033478227	18.04744975503233	26.847318467865573	0.0
124.0	30.307869240379603	19.804158427310263	22.53344696060829	27.354525371701843	0.0
125.0	32.08089774989853	22.970854334750626	17.56915009722968	27.379097818121156	0.0
126.0	35.990938072666935	17.503573899584453	18.67053433233228	27.83495369541633	0.0
127.0	28.71246699500479	25.92518366726623	18.31846125326292	27.043888084466065	0.0
128.0	33.395517855781605	21.537680553612578	17.471365660908106	27.595435929697704	0.0
129.0	27.695181505833023	25.957591332981934	18.622117642311483	27.725109518873563	0.0
130.0	31.226035053677258	19.028620842385	18.249847088351295	31.495497015586444	0.0
131.0	31.6919505155128	17.929109263989798	18.546606980018744	31.832333240478654	0.0
132.0	30.16138272679518	17.79511040768136	20.408378369648556	31.635128495874902	0.0
133.0	28.129473937474508	22.872944015098128	21.699375291152545	27.29820675627482	0.0
134.0	30.953407130867376	21.768587407578146	18.72651698659974	28.551488474954738	0.0
135.0	31.998120541772767	17.268899355184043	18.46765636550299	32.2653237375402	0.0
136.0	32.19460812143176	22.36629829623274	18.24613159197725	27.19296199035825	0.0
137.0	29.793594540746554	17.988583745808718	22.174051885122424	30.043769828322308	0.0
138.0	28.240965871360075	18.035751323332306	18.73632876158406	34.986954043723564	0.0
139.0	28.054711618562255	18.03547802224727	24.072359624498596	29.837450734691878	0.0
140.0	31.02081233750658	18.692882930931017	19.03827617928818	31.248028552274228	0.0
141.0	32.2039240197896	17.847103775350572	20.450580728090713	29.498391476769108	0.0
142.0	29.03925405411159	18.59782113123063	26.682360955636724	25.680563859021056	0.0
143.0	29.61589963303194	17.904103645536825	26.25331754631201	26.226679175119227	0.0
144.0	30.747785615487288	16.944512423053443	21.687208158867357	30.620493802591913	0.0
145.0	29.133128388050594	18.52359969601187	22.747933548628172	29.59533836730936	0.0
146.0	28.234975488547693	20.97160597726806	17.495105889110445	33.29831264507381	0.0
147.0	26.951188229473956	25.418766146911704	18.11019293841728	29.519852685197062	0.0
148.0	30.612009152506037	19.024071534449426	18.37219575125588	31.99172356178866	0.0
149.0	31.731688203355723	18.152539234554464	19.540781305817244	30.574991256272572	0.0
150.0	22.14227396932866	22.048076739610938	24.044596061591733	31.76505322946867	0.0
