# Position (bp)	A	C	G	T	N
0.0	26.189168435999655	23.796381971389806	24.057192808986443	25.9572567836241	0.0
1.0	26.662055053809652	20.385272676452363	15.567654974753431	37.38501729498456	0.0
2.0	28.803867894058005	19.54905876907483	17.744277066950406	33.902796269916756	0.0
3.0	23.383493193957843	22.503000976394233	15.097854804433977	39.01565102521394	0.0
4.0	34.09923625544065	13.229251433851589	14.809302189355128	37.86221012135263	0.0
5.0	35.02422318000264	14.862233804148994	23.26351253768138	26.850030478166982	0.0
6.0	31.307873876258757	17.36789804579349	20.992050583178315	30.33217749476944	0.0
7.0	35.0336515837247	17.216185261866773	20.193333308449834	27.556829845958696	0.0
8.0	22.620106193206404	26.885477807698592	22.725995055265773	27.76842094382923	0.0
9.0	27.408978789783333	18.726623267928968	15.600518763546553	38.26387917874114	0.0
10.0	26.76217528109502	16.680065474230215	24.81083994157737	31.746919303097393	0.0
11.0	28.073239030611585	18.577494539746652	19.180354744914936	34.16891168472682	0.0
12.0	26.18473931327857	19.943584320753672	20.75516445074316	33.11651191522459	0.0
13.0	26.206172620091838	20.908413312251266	18.934768958140307	33.95064510951659	0.0
14.0	30.376537118381624	18.570948265194176	20.310434101266846	30.742080515157355	0.0
15.0	29.566995521257162	18.665366790921464	19.992379906727074	31.7752577810943	0.0
16.0	29.870435444975836	17.865400555916526	18.471074510673155	33.79308948843448	0.0
17.0	30.467510236449712	17.891183689899528	19.731103159237843	31.910202914412917	0.0
18.0	31.627952247798312	17.905955875238345	19.013812352188424	31.452279524774923	0.0
19.0	30.0651440453163	18.44130044615158	19.898521259744403	31.59503424878772	0.0
20.0	29.55594150501723	17.85810777637122	20.195012944683693	32.39093777392785	0.0
21.0	29.05767813403612	18.573288271229384	20.088420645227234	32.280612949507265	0.0
22.0	29.868009303749147	18.836689686775117	22.7624302412618	28.53287076821393	0.0
23.0	29.695150330314103	20.20750254744829	21.153223882302576	28.94412323993503	0.0
24.0	33.014714474760524	19.404837409776977	17.66252346825071	29.91792464721179	0.0
25.0	29.395198881850366	20.980594602711477	19.388557858587262	30.235648656850895	0.0
26.0	31.850855767483218	16.539909161827065	22.34962733609406	29.259607734595654	0.0
27.0	26.332848775028374	21.054426817675058	24.8300768010079	27.782647606288673	0.0
28.0	26.682098264749143	19.740578030300636	18.786358023220327	34.790965681729894	0.0
29.0	28.224750832424846	20.137905312732478	17.17919019712613	34.45815365771655	0.0
30.0	26.579661412236018	19.045313694988046	15.915545874672116	38.45947901810383	0.0
31.0	34.26828553975918	14.46807473115844	18.30844997393025	32.955189755152134	0.0
32.0	34.45986184156466	15.437743193485979	22.473538893681418	27.628856071267943	0.0
33.0	31.19620491783127	17.224922715861567	21.10372599421946	30.475146372087703	0.0
34.0	33.099817241415224	16.416792455867004	21.807997131911556	28.675393170806217	0.0
35.0	26.457425376848615	20.313464574415956	25.59926901921541	27.62984102952002	0.0
