# Position (bp)	A	C	G	T	N
0.0	43.264501047094925	10.911703112063508	23.194370038474652	22.607509862173085	0.021915940193834315
1.0	37.33352810848976	16.38302534511723	16.621624911742508	29.661821634650497	0.0
2.0	38.4427641653905	16.491194486983154	19.070635528330783	25.993013016845328	0.0023928024502297093
3.0	38.530924807967864	17.749171971529915	19.849193112682343	23.87071010781988	0.0
4.0	38.32756632064591	17.912341407151093	18.029988465974625	25.7277970011534	0.002306805074971165
5.0	36.965570284576756	19.058498846310457	18.735013346604536	25.240917522508255	0.0
6.0	30.320797199991084	19.38159038723053	17.279354392848383	33.016028713467236	0.0022293064627594353
7.0	32.6263024253568	19.19052622362315	19.53638035198319	28.646790999036863	0.0
8.0	31.619051707484598	20.421129451158	18.719010925325723	29.24080791603168	0.0
9.0	36.45333727735638	18.93553635191954	19.265143992055613	25.34598237866847	0.0
10.0	33.720472032685564	20.534251405106083	19.692224734014975	26.04890391355746	0.004147914635916793
11.0	31.63389418203933	21.15548347861342	18.82019055341577	28.39043178593148	0.0
12.0	32.27834251725716	20.199327617418287	19.186775149694643	28.33555471562991	0.0
13.0	35.045110280447	18.122394661134706	20.27124880129949	26.561246257118814	0.0
14.0	34.441284967722105	18.400322778973255	20.984475868429143	26.1739163848755	0.0
15.0	30.59811599137442	20.27768319903151	21.208338062270645	27.915862747323423	0.0
16.0	30.2105282786656	20.657504615212485	21.155388144031924	27.97657896208999	0.0
17.0	30.99339702681766	19.2980191080453	21.328710022501753	28.379873842635288	0.0
18.0	30.492915585711433	18.838555178607063	21.057310281018125	29.611218954663375	0.0
19.0	27.043957424658515	19.372498339705274	22.409491501085924	31.17046290811839	0.0035898264318920178
20.0	29.988927385076973	17.246490695431653	21.132621352287746	31.631960567203627	0.0
21.0	31.238545985089765	17.653861893493232	21.329822251481236	29.777769869935767	0.0
22.0	31.315340302965648	18.23483393784226	21.52051774411493	28.927530047649526	0.0017779674276367258
23.0	29.761356796374322	16.979428530963425	21.01759728074213	32.24161739192012	0.0
24.0	30.403188825002648	16.640798617235177	22.383505591026136	30.57250696673604	0.0
25.0	32.8153177044659	16.793960609596546	22.803295498744742	27.58565821576323	0.001767971429581698
26.0	31.949362606232295	16.71742209631728	21.605878186968837	29.723796033994333	0.0035410764872521243
27.0	31.52094830798715	16.56877184888116	21.452274058169042	30.458005784962644	0.0
28.0	32.93559056798378	16.351317708148095	22.240992993562614	28.47209873030551	0.0
29.0	32.936282178921914	16.823709287441332	21.47809699900441	28.761911534632347	0.0
30.0	29.837157924743448	16.697548460661345	23.143529076396806	30.321764538198405	0.0
31.0	29.92569361535309	17.86026123059926	23.680037064095938	28.534008089951712	0.0
32.0	29.782030455040438	17.150150847064282	22.091507935091133	30.97631076280415	0.0
33.0	31.23488004074431	16.63968568674173	23.71537188278735	28.406424504792916	0.003637884933699547
34.0	31.42930187542229	16.992019868154344	21.812969083837036	29.76570917258633	0.0
35.0	30.572589582563726	18.4189139268563	22.23309937199852	28.775397118581452	0.0
36.0	31.426606186793578	16.195716835217134	23.713563355145748	28.662254610350978	0.00185901249256395
37.0	31.754853870973758	16.20568103400041	22.315683458604546	29.723781636421286	0.0
38.0	30.18039069071876	18.91391718852229	20.921581456210863	29.984110664548087	0.0
39.0	32.378949739969585	18.551339579069897	20.67851979798359	28.385558455212813	0.005632427764113925
40.0	30.5418534426168	18.971435001969354	21.2802670817938	29.20269332483073	0.003751148789316728
41.0	31.08002384323076	16.483496013709857	21.848222934207584	30.58639445644885	0.0018627524029506
42.0	30.19199491503243	18.619954758744463	22.269166775719277	28.917014077134475	0.0018694733693518535
43.0	29.618323469922842	20.48093490149075	21.65705296276875	28.24368866581766	0.0
44.0	32.568927462496724	18.244734577830982	20.408888556357788	28.777449403314503	0.0
45.0	32.22515985074347	18.13954360503272	20.35026532410793	29.28315613808104	0.0018750820348390244
46.0	28.92895535899515	19.34820738170228	22.66940761556306	29.05342964373951	0.0
47.0	29.950152574818524	20.238433691552473	20.86579101988211	28.9456227137469	0.0
48.0	30.185988133272478	20.196257416704704	21.74996196561692	27.8677924844059	0.0
49.0	30.4980552129779	18.060905037472725	22.92761597571388	28.5115264206432	0.001897353192296746
50.0	30.125092820014853	18.986691037870564	20.694579311132692	30.19363683098189	0.0
51.0	31.098724898831794	18.977628464533865	21.982133312972437	27.939604489577768	0.0019088340841414064
52.0	29.430592023305284	19.539260593748203	21.95603426797248	29.072196561703436	0.0019165532705981564
53.0	31.119129416732243	17.308024489952594	22.708865132525958	28.862061685507552	0.0019192752816536477
54.0	30.753037986795523	18.005932446655823	22.237106496985934	29.002009377093103	0.001913692469620132
55.0	30.419412476704643	19.646871217506582	22.4941881688409	27.437606870449	0.0019212664988760592
56.0	28.960329370118128	18.73100157759052	23.19635230289738	29.112316749393973	0.0
57.0	28.190843373493973	17.557590361445783	24.350843373493976	29.896867469879517	0.003855421686746988
58.0	27.666029022472127	18.05499198114119	21.52145769327382	32.74979228257299	0.007729020539872084
59.0	25.663871080206864	19.134594898216122	23.63594104088787	31.563656084758566	0.0019368959305816496
60.0	27.469762941461056	17.497822931785194	23.030478955007258	32.001935171746496	0.0
61.0	28.04641415709407	17.564420987271035	24.02398323502018	30.365181620614717	0.0
62.0	28.07459677419355	18.131591191067	23.00325682382134	30.78667803970223	0.0038771712158808935
63.0	27.640052762259465	17.725791433891995	23.15526070763501	31.47695530726257	0.0019397889509621352
64.0	26.384967383896406	18.555155291597703	26.161035926394703	28.898841398111188	0.0
65.0	28.472330780053152	18.168672815382212	21.18571205252462	32.17133031108332	0.0019540409566984524
66.0	28.797381521696526	17.34937869938458	24.771667123985733	29.079612716083258	0.001959938849907883
67.0	31.04642291214273	16.57178629418784	23.154723477512373	29.22511101981728	0.001956296339769548
68.0	30.90720194456424	16.838514917473635	21.748931665817224	30.503391225937975	0.00196024620692359
69.0	31.70045820141197	17.578808676328883	22.243417041946078	28.47731608031307	0.0
70.0	31.436565326187615	17.11228892873328	21.40563119421512	30.04157389710953	0.003940653754457865
71.0	29.241984235168612	19.54009364072779	21.78628578201861	29.427685256524228	0.003951085560757818
72.0	31.580404096318848	14.914396425605947	22.488236922225298	31.014985567988614	0.0019769878612945317
73.0	29.609049022128183	17.61751270541241	22.09456386323637	30.674919417034154	0.003954992188890427
74.0	30.677962738834548	20.67419297236166	22.096783793972342	26.551060494831454	0.0
75.0	33.339300276468364	18.129562225271993	20.75103924259602	27.78009825566362	0.0
76.0	32.73714468221016	17.793835835196422	23.922069626317473	25.54495368891728	0.001996167358671351
77.0	34.24105092934576	16.74219888598295	22.12062528698916	26.894128451356586	0.001996446325540538
78.0	33.15645087006148	18.21822623600793	20.2226716594245	28.40064879152566	0.002002442980436132
79.0	29.323157260494074	19.14440650733079	23.301867844948784	28.230568387226352	0.0
80.0	30.274970812029473	17.79258424252184	20.504046056604533	31.428398888844157	0.0
81.0	31.635085451092888	18.17502323138459	22.857662316674073	27.33222900084845	0.0
82.0	29.949454966201817	20.757972514869174	22.327101475752592	26.963441122140345	0.002029921036071697
83.0	31.309545667829532	19.046453271314036	21.21508864271579	28.428912418140644	0.0
84.0	32.60516968813518	17.76130740961258	21.85517482086764	27.778348081384607	0.0
85.0	31.148045552477686	18.475428336924182	22.899353647276087	27.475120549912795	0.0020519134092541295
86.0	29.758707640583037	17.774042108284302	25.646282211607453	26.814817851944483	0.006150187580721212
87.0	31.28273595563315	17.925439046934375	23.081031118414298	27.70873985827257	0.0020540207456095304
88.0	30.851459763460426	19.264328839632785	22.276900173682904	27.607311223223885	0.0
89.0	30.46787506740222	18.646563523995187	22.445974532332325	28.439586876270273	0.0
90.0	29.05963350458639	19.475008839985854	22.9298833121867	28.535474343241052	0.0
91.0	33.00664521252142	17.306808208300247	20.719271116312115	28.967275462866215	0.0
92.0	31.218887185196074	17.06190006091285	23.41574072129219	28.301371589405367	0.0021004431935138317
93.0	30.9748926539332	17.393235611396662	23.730355140977643	27.901516593692495	0.0
94.0	32.88066542182991	17.021728059752164	22.156679680869125	27.9409268375488	0.0
95.0	32.618181044207475	17.36159887618926	21.888768277887745	28.131451801715514	0.0
96.0	31.96646113801711	17.682575579782807	23.236116148578013	27.114847133622067	0.0
97.0	30.788809513624503	20.233562903708773	23.339179535440817	25.636309192796336	0.0021388544295675234
98.0	31.45582264613005	18.63332688878864	21.733152886081932	28.17769757899938	0.0
99.0	32.11807800043094	16.854126265890972	20.9717733247145	30.056022408963585	0.0
100.0	31.811217333131918	18.39271456008977	20.74710287231058	29.048965234467726	0.0
101.0	31.974050046339205	16.912731426600857	22.109188094057806	29.004030433002132	0.0
102.0	33.3182004885747	17.4957303759431	20.32557234580712	28.86049678967508	0.0
103.0	30.986770765560617	19.134677944046842	20.119279982650184	29.759271307742356	0.0
104.0	30.30506856448533	20.79500086790488	21.192067349418505	27.707863218191285	0.0
105.0	30.88139281828074	19.07290533188248	20.537540805223067	29.50598476605005	0.002176278563656148
106.0	29.340520251396647	16.947451117318437	22.61915153631285	31.09069483240223	0.002182262569832402
107.0	30.000218851902915	20.42982513732957	21.018536756177095	28.55141925459042	0.0
108.0	31.28730688202247	18.22550912921348	21.839887640449437	28.647296348314605	0.0
109.0	33.22756918737881	17.02582407897056	21.0096069099242	28.73699982372642	0.0
110.0	30.934602083746338	18.037842243221217	21.38813630256173	29.639419370470716	0.0
111.0	31.038519303825424	18.93276791235975	21.40427599611273	28.62222811202403	0.0022086756780634333
112.0	31.53021765550768	17.50524803889073	22.76875483372003	28.19356977129599	0.002209700585570655
113.0	30.021384008289058	17.572363924957564	22.788298317938317	29.615749211878047	0.00220453693701638
114.0	27.80322910643597	18.547346884312592	22.701596761997955	30.94782724725348	0.0
115.0	30.482656958434774	18.69876934759788	22.12940834878163	28.689165345185714	0.0
116.0	30.53165575345833	17.38664044516951	23.170268397881422	28.91143540349074	0.0
117.0	30.745411300094244	17.0870170084818	22.301754700893056	29.865816990530895	0.0
118.0	30.940834141610086	17.20840006315837	22.238513071526853	29.612252723704692	0.0
119.0	31.93307791707284	16.36779941511188	20.5821677132688	31.116954954546483	0.0
120.0	33.466888246408814	16.001548022856102	22.28925262367109	28.242311107063994	0.0
121.0	32.17325817567722	16.638900933385063	21.04110089230699	30.14673999863073	0.0
122.0	31.30835761315928	19.550804101952327	20.280345958842826	28.858198169262888	0.002294156782674528
123.0	32.02444085773576	16.735070325109522	21.833064330182154	29.407424486972563	0.0
124.0	28.840539413318506	17.176421520923117	23.70823485796376	30.272487140275267	0.0023170675193475137
125.0	28.774716445024108	16.45666907329343	19.85001280946503	34.918601672217434	0.0
126.0	27.98959529444848	18.126215639865958	21.88503269046001	31.999156375225553	0.0
127.0	30.830403284800717	18.746017887061377	22.25027727304906	28.173301555088848	0.0
128.0	31.642443241189323	19.739716918400305	20.404673696209745	28.213166144200624	0.0
129.0	33.00987157370136	17.294422081656123	21.45869273528848	28.237013609354033	0.0
130.0	32.53119860694592	18.01054464544839	22.9999032601335	26.458353487472188	0.0
131.0	33.98565223756771	17.41496266653653	21.050705187643356	27.548679908252403	0.0
132.0	33.28641975308642	17.355555555555554	21.735802469135805	27.62222222222222	0.0
133.0	30.465116279069765	17.881970492623157	24.36859214803701	27.284321080270068	0.0
134.0	33.99685566487473	17.963282280150118	20.138959326503702	27.90090272847145	0.0
135.0	33.38743334106191	18.46355978050854	22.55197465028209	25.59703222814746	0.0
136.0	30.235540434441244	18.958387856582046	23.01753467678618	27.788537032190526	0.0
137.0	32.528068961847495	18.054594795934655	21.28718139732879	28.130154844889056	0.0
138.0	32.47528496569607	18.967100642861002	21.922100372751338	26.635514018691588	0.0
139.0	32.31031074997255	19.808938179422423	22.43329307126386	25.447457999341168	0.0
140.0	30.29390441135464	18.38157381071887	23.774468797055377	27.550052980871115	0.0
141.0	30.012226676902955	19.207256390571242	23.48659330660525	27.293923625920556	0.0
142.0	32.72180972466992	19.706468667841563	21.766388351197527	25.80533325629099	0.0
143.0	33.29218106995885	17.439741328630216	23.35978835978836	25.908289241622573	0.0
144.0	30.326589421864682	18.265594044545836	21.495467371075225	29.912349162514257	0.0
145.0	30.319148936170215	18.558938615798485	18.207385668867694	32.91452677916361	0.0
146.0	28.285253878479573	19.131726120888494	20.99908369932699	31.58077664381181	0.0031596574931277454
147.0	30.94045447006137	18.785868303201195	20.898988223586002	29.371371703433407	0.003317299718029524
148.0	28.895596203498307	21.284410342194263	19.80072002618277	30.012000436379505	0.007272991745154369
149.0	30.45295534051156	21.934487301803642	14.497296806142385	33.097087819726504	0.018172731815910226
150.0	35.33454233081989	12.551302853870382	13.267156628805957	38.827908752505486	0.01908943399828195
