# Position (bp)	A	C	G	T	N
0.0	20.930232558139537	32.945736434108525	18.7984496124031	27.325581395348834	0.0
1.0	18.7015503875969	17.92635658914729	18.992248062015506	44.37984496124031	0.0
2.0	24.12790697674419	14.244186046511627	17.344961240310077	44.28294573643411	0.0
3.0	17.71539206195547	24.007744433688284	13.165537270087125	45.111326234269114	0.0
4.0	29.62245885769603	14.42400774443369	14.52081316553727	41.43272023233301	0.0
5.0	33.494675701839306	14.617618586640852	22.07163601161665	29.816069699903196	0.0
6.0	20.232333010648595	21.00677637947725	18.489835430784122	40.271055179090034	0.0
7.0	30.880929332042594	27.49273959341723	14.617618586640852	27.008712487899324	0.0
8.0	17.521781219748306	26.137463697967085	27.299128751210066	29.04162633107454	0.0
9.0	18.005808325266216	20.813165537270088	11.22942884801549	49.95159728944821	0.0
10.0	22.555663117134557	18.39303000968054	23.814133591481124	35.237173281703775	0.0
11.0	27.783155856727976	16.65053242981607	21.781219748305904	33.78509196515005	0.0
12.0	24.007744433688284	21.297192642787994	22.07163601161665	32.62342691190707	0.0
13.0	27.589545014520812	17.618586640851888	12.39109390125847	42.400774443368825	0.0
14.0	32.81703775411423	18.19941916747338	19.554695062923525	29.428848015488867	0.0
15.0	35.33397870280736	18.39303000968054	23.71732817037754	22.555663117134557	0.0
16.0	21.781219748305904	22.555663117134557	20.038722168441435	35.6243949661181	0.0
17.0	23.814133591481124	23.13649564375605	15.392061955469508	37.65730880929332	0.0
18.0	22.749273959341725	15.972894482090997	17.134559535333977	44.1432720232333	0.0
19.0	24.491771539206194	19.167473378509197	18.87705711519845	37.463697967086155	0.0
20.0	28.751210067763793	17.71539206195547	20.038722168441435	33.494675701839306	0.0
21.0	23.23330106485963	22.265246853823815	19.94191674733785	34.5595353339787	0.0
22.0	29.428848015488867	18.39303000968054	17.618586640851888	34.5595353339787	0.0
23.0	31.84898354307841	20.42594385285576	16.16650532429816	31.55856727976767	0.0
24.0	24.298160696999034	17.81219748305905	22.94288480154889	34.94675701839303	0.0
25.0	25.75024201355276	18.102613746369798	22.555663117134557	33.59148112294289	0.0
26.0	26.718296224588578	17.909002904162634	22.07163601161665	33.30106485963214	0.0
27.0	23.523717328170378	18.39303000968054	21.781219748305904	36.30203291384318	0.0
28.0	20.42594385285576	27.395934172313652	16.16650532429816	36.01161665053243	0.0
29.0	29.525653436592446	27.686350435624398	11.32623426911907	31.461761858664083	0.0
30.0	18.558736426456072	17.966436327739387	17.47285291214215	46.00197433366239	0.0
31.0	22.367101303911735	13.741223671013039	19.859578736208626	44.032096288866605	0.0
32.0	34.57661290322581	12.19758064516129	19.758064516129032	33.46774193548387	0.0
33.0	32.99284984678243	16.036772216547497	21.144024514811033	29.826353421859043	0.0
34.0	29.847494553376908	25.054466230936818	12.854030501089325	32.24400871459695	0.0
35.0	19.656992084432716	18.073878627968337	33.11345646437995	29.155672823218996	0.0
