# Position (bp)	A	C	G	T	N
0.0	26.2133113087721	24.028034238985477	23.432736462001845	26.325917990240583	0.0
1.0	26.209878098943285	19.813235986229188	15.312349918987952	38.66453599583957	0.0
2.0	28.611274040627592	18.86647952490663	18.509883844076736	34.01236259038904	0.0
3.0	22.822092509295132	22.581550141701985	14.927289982059749	39.66906736694314	0.0
4.0	33.88297445737703	13.067666379701087	14.650140950230861	38.39921821269102	0.0
5.0	34.62568486941422	14.813104002672217	23.114679844060003	27.446531283853552	0.0
6.0	30.804360921701868	17.168598088571393	20.893187050841245	31.13385393888549	0.0
7.0	34.81183663894248	16.87094705198496	20.033687515799144	28.283528793273415	0.0
8.0	22.442253918350662	26.872838075730627	22.721176671655243	27.963731334263464	0.0
9.0	27.811656634276655	18.54930535744573	15.487367506493491	38.151670501784125	0.0
10.0	26.153716186578414	16.421026364510098	25.165055180852704	32.26020226805879	0.0
11.0	28.183298036389537	17.802617410805087	19.569210494337	34.44487405846837	0.0
12.0	25.95899922604492	19.65829005964848	21.38625687120699	32.996453843099616	0.0
13.0	26.251880463905163	20.580446814469774	18.59738024978409	34.57029247184097	0.0
14.0	30.708432081380305	18.29566123771728	20.229769132643945	30.76613754825847	0.0
15.0	30.027052686780838	18.40795295704777	19.691535686737296	31.8734586694341	0.0
16.0	29.62324438590141	17.475931686604728	18.725151070702843	34.17567285679102	0.0
17.0	30.395405917019797	17.821527648261785	19.6232508842648	32.159815550453615	0.0
18.0	30.71305891611198	17.564309428670388	18.803105437895464	32.919526217322165	0.0
19.0	29.651772201171134	18.320381012042116	20.036949694219512	31.990897092567238	0.0
20.0	29.686967337276105	17.779340273152204	19.547090065367037	32.986602324204654	0.0
21.0	29.133722671945073	18.291710232777874	19.394664453757322	33.17990264151973	0.0
22.0	29.736419882652555	19.073086443179285	22.178407368104345	29.012086306063818	0.0
23.0	29.753432598000195	20.125067501749687	20.926354697569415	29.195145202680706	0.0
24.0	32.30515794597131	19.262266798106896	18.29107339316593	30.141501862755867	0.0
25.0	29.622412595387853	21.075154222409086	18.943859988861806	30.35857319334126	0.0
26.0	32.254587682092264	16.566329769847464	21.636625815788292	29.542456732271976	0.0
27.0	26.28421632011978	21.37219441283713	24.862660338993624	27.48092892804947	0.0
28.0	26.30865016645558	19.446677354308317	18.15195642977316	36.09271604946294	0.0
29.0	28.116104958966083	19.69470688807024	17.333318603709653	34.855869549254024	0.0
30.0	26.411385674411488	19.050990717753066	16.150338996046816	38.38728461178864	0.0
31.0	33.99095801431517	13.985029271535113	17.9740415090348	34.04997120511491	0.0
32.0	34.06656663828118	15.626407388604493	22.670008599777	27.637017373337326	0.0
33.0	31.016551971211175	17.418376404284103	20.57414566590203	30.990925958602695	0.0
34.0	33.45432287593973	16.16453927955293	21.807016399599487	28.574121444907853	0.0
35.0	26.238326473875805	20.084756551192797	25.591062518074605	28.085854456856797	0.0
