# Position (bp)	A	C	G	T	N
0.0	36.75597202058862	17.315560248119308	21.169328230170255	24.759139501121815	0.0
1.0	23.544938630064667	30.724561171967796	23.228190576745416	22.502309621222118	0.0
2.0	28.832260606856693	26.10009194798371	17.667148298962303	27.400499146197294	0.0
3.0	34.494956111620596	18.904755666186297	20.00524040351107	26.595047818682037	0.0
4.0	36.025657808613694	16.965571409870403	17.332111532923157	29.676659248592745	0.0
5.0	26.204188481675395	26.00785340314136	17.225130890052355	30.56282722513089	0.0
6.0	26.52794136893077	26.82894909043319	19.48697814422196	27.15613139641408	0.0
7.0	36.79183566662305	18.801517728640587	16.73426664922151	27.67237995551485	0.0
8.0	35.68719759382765	19.301686936053354	16.88243755721198	28.128677912907023	0.0
9.0	27.633986928104576	25.647058823529413	17.88235294117647	28.83660130718954	0.0
10.0	25.316786414108428	14.918354016982367	18.69366427171783	41.07119529719137	0.0
11.0	24.145131819368313	18.911511354737666	18.23283737927434	38.71051944661968	0.0
12.0	25.335942596216572	17.27332028701892	17.847358121330725	39.54337899543379	0.0
13.0	27.1031694274162	26.19016564497196	18.31224729359593	28.394417634015912	0.0
14.0	26.752671357831638	17.43549648162627	27.65181131091999	28.160020849622104	0.0
15.0	32.417653951308424	19.906262205441998	18.69548235906783	28.980601484181744	0.0
16.0	24.476252439817827	19.12817176317502	18.516590761223163	37.878985035784	0.0
17.0	27.488952430465297	25.13646997660515	19.287756693527424	28.08682089940213	0.0
18.0	24.113290892555543	20.085747693906715	18.656619462128102	37.144341951409636	0.0
19.0	25.48382906871022	26.78269905182491	18.898558254318743	28.834913625146125	0.0
20.0	25.01621902166861	17.77604774879979	19.320098611651744	37.887634617879854	0.0
21.0	26.027752561276102	18.752431591233304	19.712099597976916	35.507716249513685	0.0
22.0	26.111183102241803	17.299468705455485	27.394065051185695	29.195283141117013	0.0
23.0	26.12017612017612	18.013468013468014	18.91996891996892	36.946386946386944	0.0
24.0	36.09528741584671	16.027964785085448	18.15121698601761	29.725530813050234	0.0
25.0	27.412677878395858	16.71410090556274	24.307891332470895	31.565329883570502	0.0
26.0	37.086349534643226	15.92554291623578	16.37797311271975	30.610134436401243	0.0
27.0	25.058154561902303	19.914706642543294	15.960196433186871	39.066942362367534	0.0
28.0	25.732730794060682	24.906391220142027	16.100710135571337	33.260167850225955	0.0
29.0	28.038709677419355	14.929032258064517	17.574193548387097	39.458064516129035	0.0
30.0	26.974876974876977	15.462315462315463	24.540274540274538	33.022533022533025	0.0
31.0	29.00753442452585	14.588204728500909	18.251493894518056	38.15276695245518	0.0
32.0	26.958555281278418	17.76016629855788	17.214499155515135	38.06677926464857	0.0
33.0	27.25735102784283	26.710902940411135	16.74473067915691	29.287015352589123	0.0
34.0	27.350872623078924	16.045845272206304	18.07762438134931	38.525657723365455	0.0
35.0	26.72492500326073	25.42063388548324	16.851441241685144	31.002999869570893	0.0
36.0	27.477124183006534	15.490196078431373	17.555555555555554	39.47712418300654	0.0
37.0	37.387092551381066	19.046995680062835	17.737923812017282	25.827987956538813	0.0
38.0	35.01767247021861	19.636078020683335	16.716847754941746	28.6294017541563	0.0
39.0	37.916120576671034	17.536041939711662	15.006553079947576	29.541284403669728	0.0
40.0	25.6188605108055	25.003274394237067	18.834315651604452	30.54354944335298	0.0
41.0	27.087442472057855	15.332018408941487	29.020381328073636	28.560157790927022	0.0
42.0	36.03840589241089	17.440484019466002	18.58476917006445	27.93634091805866	0.0
43.0	37.11231358057279	15.982578857067441	17.368351590339184	29.53675597202059	0.0
44.0	28.76621657400053	25.46994969552555	15.223722531109345	30.540111199364574	0.0
45.0	32.51076040172167	16.18364418938307	18.24964131994261	33.05595408895265	0.0
46.0	32.31574356737898	16.60125018171246	17.938653874109608	33.14435237679895	0.0
47.0	30.647041678810844	18.11425240454678	20.110754881958613	31.127951034683765	0.0
48.0	28.156897054534852	19.539224263633713	18.73724117818606	33.56663750364538	0.0
49.0	29.11318553092182	17.82380396732789	18.932322053675612	34.13068844807468	0.0
50.0	28.938531172433933	22.368228938531175	17.842020732953713	30.85121915608118	0.0
51.0	30.056959252227255	19.147071710238063	17.321454651672266	33.47451438586242	0.0
52.0	27.876752336448597	18.03446261682243	21.6267523364486	32.462032710280376	0.0
53.0	29.381594372801878	18.376318874560376	20.85287221570926	31.38921453692849	0.0
54.0	27.619606692104494	23.34898737892574	19.694746110948046	29.336659818021722	0.0
55.0	29.31414304596857	18.079013070935527	20.22323395505948	32.38360992803642	0.0
56.0	27.075069781107686	20.111649772293227	20.05288673424416	32.760393712354926	0.0
57.0	30.457151256798472	18.521240629134205	18.947523151550786	32.07408496251654	0.0
58.0	29.113365681517422	18.644317012204088	19.085428613439202	33.15688869283929	0.0
59.0	27.010733715630053	19.129539773562712	21.452727540067638	32.4069989707396	0.0
60.0	29.089301503094607	18.493958149130563	20.247568523430594	32.16917182434424	0.0
61.0	29.377948113207548	17.23172169811321	21.462264150943398	31.928066037735846	0.0
62.0	27.794161014450015	20.082571512828075	21.129460336184017	30.993807136537892	0.0
63.0	32.516966656830924	18.54529359693125	19.57804662142225	29.35969312481558	0.0
64.0	28.08209065406762	18.39657463457847	23.135981101432158	30.38535360992175	0.0
65.0	29.270817926342257	20.159739683478776	20.51471675787605	30.054725632302915	0.0
66.0	29.48224852071006	16.242603550295858	22.79585798816568	31.4792899408284	0.0
67.0	29.03034789045152	18.179126572908956	19.31902294596595	33.47150259067357	0.0
68.0	26.69823886340092	19.16531004883824	21.400029598934438	32.7364214888264	0.0
69.0	27.760486141989034	20.86853416333185	20.927819771750407	30.443159922928707	0.0
70.0	26.915083135391924	20.115795724465556	19.982185273159146	32.98693586698337	0.0
71.0	28.22076762868194	20.440345135376376	19.69651889318655	31.642368342755134	0.0
72.0	27.93088038134962	19.514375093102934	21.629673767317144	30.925070758230298	0.0
73.0	28.686327077747993	18.33482275841525	20.98599940422997	31.99285075960679	0.0
74.0	28.852459016393446	18.315946348733235	22.250372578241432	30.58122205663189	0.0
75.0	29.249365766303537	18.161468437546635	22.802566781077452	29.78659901507238	0.0
76.0	29.238805970149258	19.373134328358212	19.83582089552239	31.552238805970152	0.0
77.0	28.26638793489622	19.85963864416903	19.232492160668958	32.64148126026579	0.0
78.0	28.53935947321161	19.515115234959595	18.976354384914696	32.969170906914094	0.0
79.0	27.57897888905525	19.97304985776314	18.191346009881716	34.256625243299894	0.0
80.0	28.31884926580761	17.111177704525023	21.396463889721307	33.17350913994606	0.0
81.0	25.947083583884545	18.911605532170775	20.024052916416117	35.117257967528566	0.0
82.0	29.484288076980903	17.155314990227033	21.56066756878665	31.799729364005415	0.0
83.0	29.469252743948278	18.734024958652835	21.500526236656142	30.296196060742748	0.0
84.0	28.487496233805366	18.39409460680928	21.376920759264838	31.741488400120517	0.0
85.0	30.051189400782896	17.0581150255947	20.806985847636252	32.08370972598615	0.0
86.0	30.397470641373083	18.774465522433	20.204757603131586	30.62330623306233	0.0
87.0	32.56410256410256	17.631975867269986	21.6289592760181	28.17496229260935	0.0
88.0	31.762573629361125	18.275185017368976	17.73146050445552	32.230780848814376	0.0
89.0	30.875018890735983	17.077225328698805	18.936073749433277	33.111682031131934	0.0
90.0	30.442665055144282	16.377096238102432	19.2022964193987	33.97794228735459	0.0
91.0	29.482915028726943	20.66827940731781	16.419715754460235	33.42908980949501	0.0
92.0	28.076806773510736	18.869065618385246	17.719987904445116	35.334139703658906	0.0
93.0	31.019358741681792	17.07501512401694	19.84271022383545	32.062915910465826	0.0
94.0	29.01225230676146	17.289366207835428	20.45076387838451	33.247617607018604	0.0
95.0	30.099878934624698	16.449757869249396	20.898910411622275	32.55145278450363	0.0
96.0	29.66101694915254	17.25181598062954	19.900121065375302	33.187046004842614	0.0
97.0	29.81234866828087	17.584745762711865	20.535714285714285	32.06719128329298	0.0
98.0	30.870552611657835	19.227857683573053	18.50113550340651	31.400454201362603	0.0
99.0	30.2603693611868	18.210717529518618	19.769906145927944	31.759006963366637	0.0
100.0	31.50227617602428	16.38846737481032	19.013657056145675	33.095599393019725	0.0
101.0	30.68855449156407	18.270253837969296	20.367837057303543	30.673354613163095	0.0
102.0	30.255941499085925	16.63619744058501	20.35344302254723	32.75441803778184	0.0
103.0	26.64222425908952	20.439963336388633	19.69141460433853	33.226397800183314	0.0
104.0	27.851783800336854	18.542336548767416	19.032307456744757	34.57357219415097	0.0
105.0	29.757519950890117	17.69490484960098	19.843462246777165	32.70411295273174	0.0
106.0	32.621389059618934	17.793484941610327	18.285187461585743	31.299938537185	0.0
107.0	30.121594582114824	18.824072648914882	19.101123595505616	31.953209173464675	0.0
108.0	33.945945945945944	17.467181467181465	16.988416988416986	31.5984555984556	0.0
109.0	29.193123741675702	18.739352640545146	18.878736255226887	33.18878736255227	0.0
110.0	25.951234663767664	19.832272091939743	21.13682248796397	33.079670756328625	0.0
111.0	32.59109311740891	18.592338835253816	19.15291186546247	29.663656181874803	0.0
112.0	28.818578553615957	18.952618453865338	18.640897755610972	33.58790523690773	0.0
113.0	28.372891942535915	18.425983760149904	18.535290443472828	34.66583385384135	0.0
114.0	30.727130570758405	18.1078967943706	19.28068803752932	31.884284597341672	0.0
115.0	25.80341746355228	21.382661859225585	18.811725975858284	34.002194701363855	0.0
116.0	29.938611679521486	17.440579253895798	18.385014953565246	34.23579411301747	0.0
117.0	28.49250197316496	20.331491712707184	20.331491712707184	30.84451460142068	0.0
118.0	29.367970853793757	16.98083320133059	21.035957547916997	32.61523839695866	0.0
119.0	25.186715398061338	20.57842046718576	24.04258700143016	30.192277133322737	0.0
120.0	26.04680783314759	21.079445948097437	21.44562967680306	31.428116541951916	0.0
121.0	30.352866038639633	18.425674596838576	19.04837937090851	32.173079993613285	0.0
122.0	26.141278231619413	17.3794650008009	19.22152811148486	37.25772865609483	0.0
123.0	30.008032128514056	16.433734939759038	19.485943775100402	34.0722891566265	0.0
124.0	29.433537174122947	16.897328612809783	20.26070164145478	33.40843257161249	0.0
125.0	28.043863892920495	17.93259151749718	19.996774713755848	34.02676987582648	0.0
126.0	30.017790716480675	18.308264596474203	19.61830826459647	32.05563642244865	0.0
127.0	29.28571428571429	17.41883116883117	22.094155844155843	31.2012987012987	0.0
128.0	29.39260706725289	17.9612440970526	19.7361993160723	32.90994951962221	0.0
129.0	30.294117647058822	17.549019607843135	19.673202614379086	32.48366013071895	0.0
130.0	30.901639344262293	18.67213114754098	17.0	33.42622950819672	0.0
131.0	32.08820141517196	18.742800724041466	20.125061708079645	29.043936152706927	0.0
132.0	28.826151560178303	16.77398051840845	22.15618292884266	32.24368499257058	0.0
133.0	28.368090036411786	20.009930486593845	19.414101290963256	32.20787818603112	0.0
134.0	25.489870474925276	20.74061773497177	20.192627034207906	33.57688475589505	0.0
135.0	29.189549009818606	16.691629222832418	21.45115659843568	32.667665168913295	0.0
136.0	28.416304710992314	17.423989308386233	19.46207818242566	34.69762779819579	0.0
137.0	29.117105042720727	17.657899145585525	19.165689395208577	34.05930641648517	0.0
138.0	28.463349024882312	17.316745124411568	20.3093476798924	33.91055817081372	0.0
139.0	29.775754510200642	19.237902545945033	19.288484235373463	31.697858708480865	0.0
140.0	30.18421497380429	18.844008788237282	20.145343924285957	30.82643231367247	0.0
141.0	31.542372881355934	18.220338983050848	19.491525423728813	30.745762711864405	0.0
142.0	32.99319727891156	17.142857142857142	18.452380952380953	31.411564625850342	0.0
143.0	34.079644505212784	19.911126303196035	18.475474277901213	27.533754913689968	0.0
144.0	32.77844516904067	18.60305474515188	17.985241118929125	30.633258966878323	0.0
145.0	30.84353976194583	18.35432120062101	18.457823011902708	32.344316025530446	0.0
146.0	29.370024229837316	19.591554170993422	18.155070958809276	32.883350640359986	0.0
147.0	28.55901268903181	18.66852077177125	19.242134538501652	33.53033200069529	0.0
148.0	28.272616350008718	18.86003137528325	19.818720585671954	33.048631689036085	0.0
149.0	29.844214948363383	18.676702258008053	18.06406441449326	33.415018379135304	0.0
150.0	28.463431786216596	18.723628691983123	20.88607594936709	31.926863572433195	0.0
151.0	28.826440438317423	20.113114174620005	20.749381406857548	30.31106398020502	0.0
152.0	30.20241477272727	18.004261363636363	17.258522727272727	34.53480113636363	0.0
153.0	30.49696102967465	17.661780479084737	19.82481229889167	32.016446192348944	0.0
154.0	30.45274883219547	18.720804886812793	18.95436579231046	31.87208048868128	0.0
155.0	28.89370149792456	20.862660169644467	18.24580400649702	31.99783432593395	0.0
156.0	30.72037742696425	17.292687352567594	19.5971692977681	32.38976592270005	0.0
157.0	29.58439664600802	19.21254101348888	19.99635435654393	31.20670798395917	0.0
158.0	27.878455061321617	21.325279150649827	18.707669778509974	32.088596009518575	0.0
159.0	32.161266568483065	16.163475699558173	20.047864506627395	31.627393225331367	0.0
160.0	27.419056429232192	18.77890841813136	20.906567992599445	32.895467160037	0.0
161.0	29.181362539446816	17.189530350844624	20.883608687581216	32.74549842212735	0.0
162.0	29.613733905579398	18.249673446538534	21.347266281022577	30.789326366859488	0.0
163.0	27.352666043030872	17.75491113189897	18.914873713751167	35.97754911131899	0.0
164.0	26.99455603529191	17.96508353669983	21.10005631687629	33.94030411113197	0.0
165.0	28.29691032403919	17.633760361718164	21.66541070082894	32.403918613413715	0.0
166.0	27.219382926367597	18.92863903085368	20.026500094643197	33.82547794813553	0.0
167.0	28.212927756653993	18.422053231939163	22.03422053231939	31.330798479087452	0.0
168.0	28.686019862490454	18.46829640947288	20.9511077158136	31.89457601222307	0.0
169.0	25.268610897927857	18.57252494244052	21.83422870299309	34.324635456638525	0.0
170.0	27.204321821338993	18.251977619139495	18.54138529808991	36.002315261431605	0.0
171.0	28.862577639751553	17.76009316770186	18.303571428571427	35.07375776397515	0.0
172.0	29.67440046792747	19.204523298888674	17.781243907194387	33.33983232598947	0.0
173.0	28.831830654645234	16.954135633085066	19.364954919639356	34.84907879263034	0.0
174.0	30.71625344352617	19.618260527351435	19.421487603305785	30.24399842581661	0.0
175.0	28.59683794466403	17.628458498023715	20.434782608695652	33.3399209486166	0.0
176.0	28.089664749057725	16.524499107319976	19.75798452687959	35.62785161674271	0.0
177.0	26.86626746506986	20.159680638722556	20.818363273453095	32.15568862275449	0.0
178.0	26.36965683323299	20.770620108368455	20.5900060204696	32.269717037928956	0.0
179.0	26.975146494241258	18.89270559709032	22.065063649222065	32.067084259446354	0.0
180.0	29.83706720977597	16.25254582484725	20.061099796334013	33.84928716904277	0.0
181.0	27.944193680755024	19.92203528929011	18.670496512105046	33.46327451784982	0.0
182.0	29.076255424674518	18.619549493697043	19.75614796445547	32.54804711717297	0.0
183.0	29.318936877076414	22.321428571428573	19.019933554817275	29.339700996677742	0.0
184.0	30.527638190954775	19.28391959798995	18.090452261306535	32.097989949748744	0.0
185.0	28.869675242513708	20.30788696752425	20.75073808519612	30.07169970476592	0.0
186.0	29.795396419437342	18.542199488491047	20.56692242114237	31.095481670929242	0.0
187.0	30.358292211971683	21.926625187727954	17.356790388328687	30.358292211971683	0.0
188.0	29.146816803811177	19.12083152880035	19.59722823733218	32.135123430056304	0.0
189.0	30.533683289588804	19.4663167104112	19.35695538057743	30.64304461942257	0.0
190.0	31.972639011473962	17.762577228596648	17.188879082082966	33.075904677846424	0.0
191.0	28.670236501561803	19.03168228469433	18.406961178045517	33.89112003569835	0.0
192.0	32.230474904343914	18.658564033310824	18.343461625028134	30.76749943731713	0.0
193.0	30.093118328412444	18.192141721553487	19.464001816942993	32.250738133091076	0.0
194.0	29.04184770180654	19.597530299565516	19.48319231648754	31.877429682140406	0.0
195.0	29.254829806807724	20.239190432382706	19.38822447102116	31.117755289788406	0.0
196.0	30.048803160585635	20.125493841505925	18.21984661863816	31.605856379270275	0.0
197.0	28.591549295774648	20.35211267605634	20.305164319248824	30.751173708920188	0.0
198.0	27.980884109916364	21.62485065710872	20.52568697729988	29.868578255675033	0.0
199.0	28.379052369077307	22.094763092269325	18.977556109725686	30.54862842892768	0.0
200.0	23.583815028901732	19.537572254335263	21.84971098265896	35.028901734104046	0.0
201.0	30.506329113924053	20.08438818565401	19.28270042194093	30.126582278481013	0.0
202.0	31.733220050977064	16.90739167374681	21.240441801189462	30.118946474086663	0.0
203.0	30.55793991416309	19.48497854077253	20.600858369098713	29.356223175965667	0.0
204.0	29.623213512343007	20.051970550021654	23.689909051537462	26.634906886097877	0.0
205.0	28.56519843000436	17.095508068033144	23.942433493240298	30.3968600087222	0.0
206.0	30.083443126921388	20.2020202020202	20.90469916556873	28.80983750548968	0.0
207.0	29.063604240282686	18.727915194346288	20.097173144876326	32.1113074204947	0.0
208.0	28.034034930586653	17.15181370353784	22.34661889834304	32.467532467532465	0.0
209.0	25.339366515837103	19.728506787330318	21.085972850678733	33.84615384615385	0.0
210.0	27.701465201465204	18.727106227106226	19.413919413919416	34.15750915750916	0.0
211.0	32.144511347846226	17.971283001389533	19.221861973135713	30.662343677628535	0.0
212.0	23.934426229508198	18.31381733021077	25.011709601873537	32.740046838407494	0.0
213.0	26.704545454545453	22.017045454545457	18.986742424242426	32.29166666666667	0.0
214.0	29.027645376549096	24.690181124880837	19.637750238322212	26.64442326024786	0.0
215.0	26.76937891189215	20.799229658160808	19.017814155031296	33.413577274915745	0.0
216.0	29.580896686159846	17.982456140350877	22.612085769980506	29.82456140350877	0.0
217.0	25.30955918771669	21.099554234769688	23.7741456166419	29.81674096087172	0.0
218.0	26.12474437627812	21.012269938650306	19.222903885480573	33.640081799591	0.0
219.0	20.7909604519774	23.44632768361582	24.74576271186441	31.016949152542374	0.0
220.0	12.425021422450728	24.850042844901456	22.193658954584407	40.531276778063415	0.0
