# Position (bp)	A	C	G	T	N
0.0	25.85968340836541	24.128246236457198	24.640350364397513	25.371719990779884	0.0
1.0	26.61586011351889	21.590291254490033	16.011863780968337	35.78198485102274	0.0
2.0	29.11150253688116	21.03935050511995	17.235951905106443	32.61319505289245	0.0
3.0	23.645974978110278	22.855189269091376	16.204255850041267	37.294579902757086	0.0
4.0	33.69675489785676	14.37625138432913	15.199014107856176	36.727979609957934	0.0
5.0	34.97266080275615	15.640013037191874	24.570383502653836	24.81694265739813	0.0
6.0	32.63000873163601	17.671662631867687	21.341402123931104	28.3569265125652	0.0
7.0	35.89139891466127	18.17632031177148	20.527882499548884	25.40439827401836	0.0
8.0	23.668062194438154	26.7547591049407	23.090862906048322	26.486315794572825	0.0
9.0	27.085359311060596	19.753570464060417	16.15532805398355	37.00574217089543	0.0
10.0	27.386591670673212	16.93711829368573	24.645905516674276	31.030384518966788	0.0
11.0	27.631888879335087	20.40493113391375	19.7730380159204	32.190141970830766	0.0
12.0	25.181505401867188	22.232337813796953	20.170154880572778	32.41600190376308	0.0
13.0	27.17895796825366	22.518704593373403	19.227159384449937	31.075178053922997	0.0
14.0	30.33354910122279	19.18795179555619	19.647180141764952	30.831318961456063	0.0
15.0	29.682037050717362	18.97173481016261	21.765676677570113	29.58055146154992	0.0
16.0	28.01827285575362	19.027685099178548	19.000648514713596	33.95339353035424	0.0
17.0	29.330909628172787	18.43972264642445	20.847235123217793	31.38213260218497	0.0
18.0	32.113013528586116	17.649137190835294	20.218823760222733	30.019025520355854	0.0
19.0	30.573850748365395	18.987569226372205	20.827858399749072	29.61072162551333	0.0
20.0	30.153103363920298	17.525913340026378	20.7537424324812	31.56724086357212	0.0
21.0	29.442340926183164	19.807825289772843	19.675261252729392	31.074572531314605	0.0
22.0	30.262854336692367	18.826545626734063	23.029190428383025	27.881409608190538	0.0
23.0	29.260759833989923	20.51117007555711	22.33527665722455	27.89279343322842	0.0
24.0	33.766544391467946	19.634464166988604	17.932552047695804	28.666439393847646	0.0
25.0	29.756364950898174	21.256386749712075	20.482786203288473	28.50446209610128	0.0
26.0	31.05430266199849	17.03687814341924	23.471948559643373	28.4368706349389	0.0
27.0	26.618743589029382	21.317393152508135	24.486743899056957	27.577119359405522	0.0
28.0	27.489136924405344	19.814758523638996	19.770040679008833	32.92606387294683	0.0
29.0	27.443874109427625	21.546205008156388	18.09048748203112	32.91943340038487	0.0
30.0	27.09033888167455	19.264471436921067	16.30950025509179	37.335689426312584	0.0
31.0	34.363724382275315	15.341018682405192	18.86364344519876	31.431613490120736	0.0
32.0	34.06659668343113	15.697542676538983	23.99480955119693	26.24105108883296	0.0
33.0	32.02168783091165	18.268314312087274	20.480778632239847	29.229219224761227	0.0
34.0	32.74700130227831	17.662744575180827	22.200238433179923	27.390015689360936	0.0
35.0	27.335647641297854	21.35112785311443	24.96340403097743	26.349820474610286	0.0
