# Position (bp)	A	C	G	T	N
0.0	28.370048734571178	23.962682375089194	19.125662319522675	28.541606570816953	0.0
1.0	26.937616712466028	21.135773604384596	14.166426283267796	37.76018339988158	0.0
2.0	27.994264123457913	19.79939606379266	18.495925706741932	33.7104141060075	0.0
3.0	24.099409971332797	22.81772816211379	15.325577515205751	37.757284351347664	0.0
4.0	33.154658559330386	14.007141936511067	15.461306928891483	37.376892575267064	0.0
5.0	35.195755163918896	16.026530225506917	22.50369528140989	26.2740193291643	0.0
6.0	32.274470568617645	17.85741355526248	20.56634377794958	29.301772098170296	0.0
7.0	34.191538706401296	17.53421958133119	20.275575631716965	27.998666080550542	0.0
8.0	24.851649475941826	25.13054088260036	21.151033338133097	28.86677630332472	0.0
9.0	29.61365909848738	18.14468459183364	15.834065900754796	36.407590408924186	0.0
10.0	27.468855142311536	17.469916037707254	23.839077324118698	31.22215149586251	0.0
11.0	28.4838565464148	19.14785600084866	18.615171285035576	33.753116167700966	0.0
12.0	26.94609871043021	19.68298707399494	20.84753981603552	32.52337439953933	0.0
13.0	26.615500011364755	21.33240394887375	18.300287149491997	33.751808890269494	0.0
14.0	31.32798472692561	17.855708841867617	19.62317325393759	31.19313317726918	0.0
15.0	30.6359257127276	18.171145514587813	19.454964098524556	31.737964674160025	0.0
16.0	30.637698499844756	16.98484699325271	18.75534823139194	33.62210627551059	0.0
17.0	30.00159002975627	18.152082560402203	19.21437386899669	32.63195354084484	0.0
18.0	31.51352742577705	17.71736991112928	19.123101845543594	31.646000817550075	0.0
19.0	29.573648398059355	19.022714027293162	18.970489172803717	32.433148401843766	0.0
20.0	30.63593437859435	17.8256855741873	19.273261093286518	32.26511895393184	0.0
21.0	30.176529786090995	17.65751859502569	19.042214302468995	33.12373731641432	0.0
22.0	29.763327936080387	18.0795363406625	19.22355219950668	32.933583523750436	0.0
23.0	29.960959961262596	17.673183427654873	19.25596949429531	33.10988711678722	0.0
24.0	30.811947706088848	17.938203607311465	19.14719767582617	32.10265101077351	0.0
25.0	28.989794297213667	18.70843767258532	19.375704526369145	32.92606350383186	0.0
26.0	30.64528330433467	17.759285876390045	20.07489220062032	31.520538618654964	0.0
27.0	29.722982888784667	18.3170189267289	19.602251236818617	32.35774694766782	0.0
28.0	30.573311043367095	17.882402777672716	18.624477106137054	32.919809072823135	0.0
29.0	30.147431484829458	18.265921314401993	19.438413882312002	32.14823331845655	0.0
30.0	30.23018328429111	18.2036172739582	19.084108049228814	32.48209139252188	0.0
31.0	29.71678845368311	17.983630614684035	19.31042829694852	32.98915263468434	0.0
32.0	30.014523888771215	18.172259372446973	19.735846772973463	32.077369965808344	0.0
33.0	30.483265750771654	18.52947406645282	18.8562912304061	32.13096895236943	0.0
34.0	30.2367983053412	17.728098048116205	19.101982145559084	32.93312150098351	0.0
35.0	30.564550296574268	17.608340394625348	19.78195739014647	32.045151918653914	0.0
36.0	30.0836076116975	17.803503196761625	19.438580562176067	32.67430862936481	0.0
37.0	29.291454168495285	18.88799769972306	18.75709378168556	33.0634543500961	0.0
38.0	29.83315046725436	19.00571298853619	19.356059172940864	31.805077371268588	0.0
39.0	29.282946909619227	18.697409044131	19.561565470064775	32.458078576185	0.0
40.0	30.516247181148128	18.471236359783873	19.442888925885004	31.56962753318299	0.0
41.0	29.961557671060795	18.461398755921483	19.63585730933967	31.941186263678052	0.0
42.0	29.947859515827552	18.48300704539779	20.244734870556897	31.324398568217767	0.0
43.0	30.16694667695894	18.724363922565804	19.176164313066643	31.93252508740862	0.0
44.0	30.3447910517792	18.211263981595	20.34691004858557	31.09703491804023	0.0
45.0	30.571006924736068	18.420554735686988	19.81079956105498	31.19763877852197	0.0
46.0	30.02777546525796	18.518742762864125	19.1204183726756	32.3330633992023	0.0
47.0	29.464610075078713	18.543382174860742	19.95791959312182	32.03408815693873	0.0
48.0	30.29571377752212	18.34303403698125	19.198310639489556	32.16294154600707	0.0
49.0	29.658168826450282	18.533517015865325	19.28363812522708	32.524676032457315	0.0
50.0	29.69357939836192	18.262607300198326	20.014230996321135	32.029582305118616	0.0
51.0	30.534969455189593	17.8560343979228	19.360186523947586	32.24880962294002	0.0
52.0	30.074112205424804	17.67110532411788	19.469026548672566	32.78575592178475	0.0
53.0	30.537344618226413	17.909216164246672	19.131073326570473	32.42236589095644	0.0
54.0	30.479449462105094	18.18168053357963	19.76394703571077	31.5749229686045	0.0
55.0	29.825491160994815	17.939205814437674	18.966574554264298	33.268728470303216	0.0
56.0	29.65741757201802	17.92254987318772	19.626755498353333	32.79327705644093	0.0
57.0	29.31770691378214	17.613791223766697	20.07131825202144	32.99718361042972	0.0
58.0	29.463292020926236	18.134052073317537	19.445348757977936	32.957307147778295	0.0
59.0	29.66905668662977	18.12654739280874	19.967140380232742	32.237255540328746	0.0
60.0	29.40873607777517	18.631362958363933	19.11745776956683	32.84244319429406	0.0
61.0	29.327094170471497	17.895191150080638	19.48905496369322	33.28865971575464	0.0
62.0	29.675846350715922	17.765225226589536	19.605200390710774	32.953728031983765	0.0
63.0	29.634341185646246	17.5401134307111	19.641383279192507	33.18416210445015	0.0
64.0	29.343480236256248	18.328789943964864	19.900045433893684	32.4276843858852	0.0
65.0	29.71466650511904	18.040073908039016	19.858999212455323	32.38626037438662	0.0
66.0	30.100873937870137	18.084606879420807	19.974857246717054	31.839661935992	0.0
67.0	29.201187464974325	17.475728155339805	20.080123593293248	33.24296078639262	0.0
68.0	29.69577170381478	18.040124508667894	19.650254848946144	32.61384893857118	0.0
69.0	29.327516605697063	17.50092779835344	20.396416047503276	32.77513954844622	0.0
70.0	29.17433555257637	17.279041408196807	20.06104811894537	33.48557492028146	0.0
71.0	30.35531687660483	17.40075592889118	19.962430788574718	32.281496405929275	0.0
72.0	29.754275932069866	18.5770122256056	19.711705979487647	31.957005862836883	0.0
73.0	29.48247913100126	18.18897995667126	18.879058281697393	33.44948263063009	0.0
74.0	30.170513510033103	17.955049881451068	19.500352238037163	32.37408437047867	0.0
75.0	29.90788716177317	18.372572190406935	19.30960821743478	32.40993243038512	0.0
76.0	30.534807969093254	17.7016892659647	18.522839178850088	33.24066358609196	0.0
77.0	30.356655858913367	17.421441774491683	20.07136147389473	32.15054089270022	0.0
78.0	30.27789141930694	18.049305271451733	18.708426140582148	32.96437716865918	0.0
79.0	30.3026859112778	17.944463385990833	19.068075917717923	32.684774785013445	0.0
80.0	29.826781438486954	18.39178007456127	19.676901160852303	32.104537326099475	0.0
81.0	31.11112795174149	17.50507745005911	18.791112188911455	32.592682409287946	0.0
82.0	30.24237555326502	18.19180864609228	19.055053659128117	32.51076214151458	0.0
83.0	30.703350007579207	18.01955434288313	18.460663938153708	32.81643171138396	0.0
84.0	28.919762911758912	17.999151090696863	19.909954977488745	33.17113102005548	0.0
85.0	28.74522466800073	17.74376932872476	19.133163543751134	34.37784245952338	0.0
86.0	30.75336961960065	16.923904968388495	22.84670315508589	29.476022256924967	0.0
87.0	30.24562201501023	20.420741414600865	20.27215525737245	29.06148131301645	0.0
88.0	32.19817292748569	18.3222773966112	18.65433455896289	30.825215116940225	0.0
89.0	28.15454483422671	23.24086218791936	18.99436681653108	29.61022616132285	0.0
90.0	33.41319726137492	14.98358492998006	19.494885928531893	32.10833188011312	0.0
91.0	27.204142909135026	20.878320999636056	26.611973795948078	25.305562295280843	0.0
92.0	26.081418183748205	19.57357434773708	17.71213235572877	36.632875112785946	0.0
93.0	27.866030739833636	19.42281299049901	18.53564956286349	34.17550670680386	0.0
94.0	24.21514802232468	21.58684178597428	17.17574617811211	37.02226401358894	0.0
95.0	33.553779180002124	14.175527477361324	16.500068257314908	35.77062508532165	0.0
96.0	34.65973750094833	15.532964115014035	23.219786055686214	26.587512328351416	0.0
97.0	30.735309743916694	17.164564263703568	20.898796241480337	31.201329750899404	0.0
98.0	34.812649481796434	13.60692456626552	22.47522873087582	29.105197221062223	0.0
99.0	27.147792414866558	18.030446831935006	25.31035268213052	29.51140807106792	0.0
