# Position (bp)	A	C	G	T	N
0.0	26.949792939088052	24.049714233874624	23.53813034662168	25.462239886625266	1.2259379037932972E-4
1.0	27.236009672928013	20.330003175456167	15.069493636874373	37.364127115953	3.6639878844133954E-4
2.0	28.674617267302537	19.68388269070914	17.923780847725997	33.7172323731192	4.8682114312906727E-4
3.0	23.899047441052147	22.234466153149732	15.292764119996457	38.5705669115318	0.003155374269864598
4.0	34.12255728394405	13.954593721200803	14.416953096465363	37.50408177580831	0.0018141225814722452
5.0	36.515178779538445	15.042673523092734	22.49348152424245	25.94456004666492	0.004106126461448907
6.0	32.586220827097684	17.503319316431853	20.03817967601542	29.872038994883248	2.41185571796724E-4
7.0	35.835583182607486	16.58209160117819	20.102212599316495	27.479992196776116	1.2042012172065904E-4
8.0	22.811464223045427	27.082144860139273	22.455824902695635	27.65044566240381	1.2035171585441292E-4
9.0	28.929350715586533	18.104255027389318	16.046146851010292	36.91940539799313	8.420080207278318E-4
10.0	26.47584693540145	17.11630143986533	25.325397541106803	31.079568340998588	0.0028857426278293802
11.0	28.234769512944126	18.648099336657857	20.033557732641505	33.08357341775651	0.0
12.0	26.6911760288826	19.738086227300304	21.05222056023116	32.518517183585935	0.0
13.0	27.334321431316784	21.814585094934277	18.495728918441078	32.355364555307865	0.0
14.0	31.7874884695211	18.2126316396341	20.42468195095703	29.574837612422165	3.6032746560073794E-4
15.0	29.885079560304405	19.073694173264663	19.62343377661619	31.417672380659546	1.2010915520024599E-4
16.0	30.23015316319471	17.839812821892536	19.288929779383505	32.64110423552925	0.0
17.0	29.85397128910754	18.31976900607272	20.709220539626415	31.116078291951727	9.608732416019679E-4
18.0	31.32987258820816	18.30079175955108	18.37754150972404	31.991674033361516	1.2010915520024599E-4
19.0	30.697377776923666	18.353039242063186	19.708110731032363	31.24111192251518	3.6032746560073794E-4
20.0	30.170458913060187	18.190411445922052	19.10696440925513	32.531804904297026	3.6032746560073794E-4
21.0	30.128781036205705	17.274459028364976	19.498280036897533	33.097759243600585	7.206549312014759E-4
22.0	28.898623068644785	19.06276424014144	19.81152471365977	32.226967868398795	1.2010915520024599E-4
23.0	29.99173649012222	17.918003881927895	20.37015239449612	31.71902625105696	0.0010809823968022138
24.0	31.061068298870016	17.921246829118303	18.809814359289724	32.20787051272197	0.0
25.0	29.546732070105314	18.280613421477437	19.290971635021908	32.88168287339534	0.0
26.0	31.99647839956953	17.950193135521562	20.02435813667461	30.0283697824583	6.005457760012299E-4
27.0	29.300988738565607	18.133599815512337	20.033726650780228	32.53156468598662	1.2010915520024599E-4
28.0	30.368879237450997	18.097086632331465	19.781977861480513	31.75181605042663	2.4021831040049198E-4
29.0	29.436231647321087	18.474709816281038	19.617668537166576	32.4710296717657	3.6032746560073794E-4
30.0	29.728044931080372	18.431856289726674	19.734819185071657	32.1044388179167	8.407762045920794E-4
31.0	30.37897751022153	18.45233233560265	19.60937162184886	31.557036403557237	0.0022821287697163913
32.0	28.998568250719476	18.633760455853597	19.747690223266407	32.61950061738182	4.8045277869864563E-4
33.0	29.569807875945152	18.56234272432991	19.576954722624272	32.29089467710066	0.0
34.0	29.63604477970499	18.071637918608563	19.713400278671983	32.578076202373516	8.408206409455628E-4
35.0	30.251160507374546	17.58207777144081	19.83474952532902	32.332012195855626	0.0
36.0	30.597703944366934	17.655577209896368	19.05603391719803	32.69032379993957	3.611285990979008E-4
37.0	29.29640458963959	18.942981146253818	18.97344868447673	32.78608175415948	0.0010838254703802541
38.0	30.384180260023786	18.51527889725434	19.616723353345357	31.48357652581141	2.4096356510413844E-4
39.0	29.277797209122813	18.83685308697068	19.690398369375128	32.193986467743294	9.648667880790707E-4
40.0	29.913523200959695	18.8624872570372	19.631237098317023	31.59105942846225	0.0016930152238347521
41.0	29.91656213682451	18.30804802954171	20.594522070151857	31.17965465119382	0.0012131122880996111
42.0	29.325832997990375	18.264864608572704	19.599509325371013	32.80954991909218	2.4314897372896914E-4
43.0	29.10746492955465	18.425882287035108	20.353341054372436	32.1125810313311	7.306977067052475E-4
44.0	29.199467222212732	18.72565115252228	20.477426468615143	31.597211210776553	2.439458732896345E-4
45.0	29.31144424953458	18.430587384499617	19.821600465177642	32.43551279482832	8.551059598442242E-4
46.0	30.056053002682177	17.45213846547108	19.51899356546264	32.972570353673284	2.446127108102918E-4
47.0	29.641972164817194	17.96689062790766	19.86929608916661	32.521351406940184	4.897111683529055E-4
48.0	29.871508010224463	18.037648177511574	19.10751615646467	32.98148960521124	0.0018380505880536513
49.0	29.469907009838803	17.562627278749662	20.198738866943103	32.768604166155505	1.226783129278406E-4
50.0	29.643953428621657	18.752097519118927	19.713422032525223	31.890035293640384	4.917260938139628E-4
51.0	30.037232212338306	18.50535914470739	19.292057662448496	32.16498100158228	3.6997892353398933E-4
52.0	29.8897300937319	18.141801058630712	19.886090741190042	32.082130531444506	2.475750028471125E-4
53.0	30.931835969042325	17.78911015317341	19.757009577996694	31.52192007155546	1.2422823210802886E-4
54.0	30.28377684628152	18.12114657110246	19.427262713511738	32.166193996002654	0.0016198731016333306
55.0	29.09776972574499	18.561879177859687	18.46879490223027	33.871431248828635	1.249453364153183E-4
56.0	29.394685255121534	18.53484395843902	20.33331454446386	31.73678046458611	3.757773894744753E-4
57.0	28.115580474900923	18.661608619594872	20.01387909376796	33.208806322642495	1.254890937428628E-4
58.0	30.653122289133904	18.102110861065363	21.98513973925397	29.259375667894545	2.514426522170956E-4
59.0	29.78891195678465	20.112321615738125	21.128456824961702	28.97030960251552	0.0
60.0	31.330061585348908	19.109400547369166	19.5564439704734	30.003841187128987	2.5270967953885536E-4
61.0	29.23415986345388	20.73997144299123	19.93715429154018	30.085036989695634	0.003677412319077654
62.0	30.942575150951985	16.56450241612398	21.78526769837901	30.70714486928967	5.098652553596399E-4
63.0	26.503471572095076	20.111264719234846	25.361456444402265	28.023679020008668	1.2824425914573933E-4
64.0	26.13758578801173	19.483453649327238	18.825519886312346	35.55318276425029	2.579120983986238E-4
65.0	27.576711811979088	19.17973555831835	18.804554547092735	34.43822023669851	7.778459113177877E-4
66.0	26.687050626826313	19.490305459765995	16.841910533782702	36.97617369531147	0.004559684313513471
67.0	33.311684825661864	14.167158777400529	17.96555530386256	34.55206575210451	0.0035353409705427535
68.0	34.11534170134913	15.514704614172203	22.873844267873796	27.494517362018616	0.0015920545862449138
69.0	31.82895832598665	16.991051059685823	20.348192173000186	30.831527179117153	2.7126221019023623E-4
70.0	32.74930056247043	15.884094878189813	22.281830978511643	29.08448154010595	2.9204072215829776E-4
71.0	25.37033023944288	19.671119567173665	26.146067869696648	28.81229867367965	1.8365000716235027E-4
