# Position (bp)	A	C	G	T	N
0.0	29.59326788218794	19.35483870967742	24.684431977559605	26.367461430575034	0.0
1.0	23.281907433380084	29.03225806451613	29.73352033660589	17.952314165497896	0.0
2.0	30.178326474622768	23.319615912208505	19.478737997256516	27.023319615912207	0.0
3.0	34.5578231292517	15.510204081632653	19.727891156462583	30.20408163265306	0.0
4.0	31.292517006802722	24.897959183673468	17.006802721088434	26.802721088435373	0.0
5.0	29.443690637720486	27.00135685210312	16.417910447761194	27.137042062415194	0.0
6.0	32.79132791327913	21.40921409214092	14.905149051490515	30.89430894308943	0.0
7.0	29.67479674796748	20.73170731707317	16.666666666666664	32.926829268292686	0.0
8.0	29.81029810298103	18.69918699186992	23.035230352303522	28.455284552845526	0.0
9.0	27.06359945872801	18.67388362652233	18.944519621109606	35.317997293640055	0.0
10.0	24.864864864864867	17.7027027027027	17.83783783783784	39.5945945945946	0.0
11.0	26.486486486486488	18.513513513513512	20.0	35.0	0.0
12.0	25.236167341430498	19.4331983805668	22.13225371120108	33.198380566801625	0.0
13.0	21.052631578947366	22.672064777327936	24.966261808367072	31.309041835357625	0.0
14.0	23.014804845222073	17.092866756393	30.148048452220728	29.7442799461642	0.0
15.0	29.93288590604027	20.93959731543624	19.06040268456376	30.06711409395973	0.0
16.0	23.19034852546917	15.549597855227882	27.07774798927614	34.18230563002681	0.0
17.0	30.02680965147453	21.447721179624665	18.36461126005362	30.160857908847184	0.0
18.0	26.273458445040216	25.603217158176943	16.621983914209114	31.501340482573724	0.0
19.0	26.273458445040216	26.541554959785525	20.64343163538874	26.541554959785525	0.0
20.0	28.28418230563003	22.654155495978554	21.84986595174263	27.211796246648795	0.0
21.0	29.892761394101875	25.46916890080429	15.683646112600535	28.9544235924933	0.0
22.0	28.01608579088472	20.37533512064343	20.37533512064343	31.233243967828418	0.0
23.0	28.150134048257375	21.715817694369974	18.498659517426276	31.63538873994638	0.0
24.0	34.316353887399465	19.571045576407506	16.75603217158177	29.356568364611256	0.0
25.0	28.150134048257375	17.694369973190348	23.59249329758713	30.563002680965145	0.0
26.0	34.852546916890084	13.80697050938338	18.900804289544233	32.43967828418231	0.0
27.0	23.726541554959784	19.70509383378016	13.270777479892763	43.297587131367294	0.0
28.0	28.01608579088472	27.74798927613941	13.80697050938338	30.42895442359249	0.0
29.0	36.76470588235294	15.37433155080214	13.903743315508022	33.9572192513369	0.0
30.0	29.411764705882355	20.989304812834224	20.989304812834224	28.609625668449194	0.0
31.0	34.49197860962567	11.898395721925134	18.181818181818183	35.42780748663101	0.0
32.0	37.5668449197861	16.31016042780749	15.775401069518717	30.3475935828877	0.0
33.0	32.396251673360105	27.17536813922356	16.06425702811245	24.364123159303883	0.0
34.0	38.4	15.066666666666666	16.8	29.733333333333334	0.0
35.0	33.24396782841823	21.84986595174263	14.47721179624665	30.42895442359249	0.0
36.0	26.203208556149733	20.053475935828878	17.11229946524064	36.63101604278075	0.0
37.0	32.26238286479251	22.623828647925034	19.27710843373494	25.83668005354752	0.0
38.0	29.624664879356565	20.509383378016086	17.962466487935657	31.903485254691688	0.0
39.0	34.90566037735849	17.11590296495957	12.129380053908356	35.84905660377358	0.0
40.0	26.538987688098498	20.930232558139537	19.425444596443228	33.10533515731874	0.0
41.0	22.802197802197803	13.461538461538462	32.005494505494504	31.73076923076923	0.0
42.0	30.536451169188446	22.00825309491059	22.283356258596974	25.17193947730399	0.0
43.0	38.56749311294766	19.146005509641874	17.079889807162534	25.206611570247933	0.0
44.0	34.66299862448418	20.907840440165064	14.167812929848694	30.261348005502064	0.0
45.0	35.41963015647226	14.366998577524893	23.470839260312946	26.742532005689903	0.0
46.0	30.32904148783977	13.876967095851217	25.75107296137339	30.042918454935624	0.0
47.0	31.896551724137932	16.522988505747126	20.402298850574713	31.178160919540232	0.0
48.0	32.798833819241985	17.49271137026239	18.658892128279884	31.049562682215743	0.0
49.0	23.53823088455772	19.490254872563717	22.788605697151425	34.18290854572714	0.0
50.0	24.28785607196402	26.236881559220386	17.991004497751124	31.484257871064468	0.0
51.0	28.87218045112782	18.345864661654137	17.142857142857142	35.6390977443609	0.0
52.0	27.40963855421687	18.22289156626506	22.89156626506024	31.475903614457827	0.0
53.0	28.012048192771083	16.566265060240966	23.19277108433735	32.22891566265061	0.0
54.0	31.32530120481928	21.837349397590362	16.415662650602407	30.42168674698795	0.0
55.0	31.674208144796378	15.384615384615385	18.552036199095024	34.38914027149321	0.0
56.0	30.120481927710845	18.97590361445783	19.427710843373493	31.475903614457827	0.0
57.0	29.260935143288087	23.52941176470588	21.71945701357466	25.49019607843137	0.0
58.0	27.382753403933435	19.969742813918305	19.818456883509832	32.829046898638424	0.0
59.0	29.74203338391502	19.423368740515933	19.119878603945374	31.71471927162367	0.0
60.0	27.28658536585366	18.597560975609756	18.597560975609756	35.51829268292683	0.0
61.0	25.304878048780488	19.51219512195122	25.152439024390244	30.03048780487805	0.0
62.0	23.01829268292683	19.817073170731707	21.49390243902439	35.670731707317074	0.0
63.0	31.25	17.378048780487802	18.75	32.6219512195122	0.0
64.0	28.96341463414634	21.646341463414632	22.25609756097561	27.134146341463417	0.0
65.0	26.87022900763359	19.236641221374047	24.732824427480914	29.16030534351145	0.0
66.0	27.480916030534353	17.404580152671755	19.389312977099237	35.725190839694655	0.0
67.0	27.981651376146786	19.877675840978593	19.113149847094803	33.02752293577982	0.0
68.0	23.394495412844037	20.18348623853211	19.877675840978593	36.54434250764526	0.0
69.0	26.186830015313934	20.367534456355283	24.042879019908117	29.402756508422666	0.0
70.0	27.956989247311824	25.49923195084485	17.665130568356375	28.878648233486942	0.0
71.0	25.34562211981567	19.201228878648234	20.12288786482335	35.33026113671275	0.0
72.0	31.182795698924732	16.282642089093702	20.583717357910906	31.95084485407066	0.0
73.0	26.0	16.46153846153846	25.076923076923073	32.46153846153847	0.0
74.0	32.92307692307692	18.76923076923077	21.23076923076923	27.076923076923077	0.0
75.0	32.46153846153847	22.30769230769231	19.846153846153847	25.384615384615383	0.0
76.0	28.703703703703702	21.141975308641975	17.28395061728395	32.870370370370374	0.0
77.0	29.938271604938272	18.82716049382716	23.14814814814815	28.08641975308642	0.0
78.0	27.666151468315302	20.247295208655334	22.874806800618238	29.21174652241113	0.0
79.0	24.57496136012365	23.956723338485318	21.947449768160745	29.520865533230296	0.0
80.0	29.6583850931677	14.751552795031056	20.341614906832298	35.24844720496895	0.0
81.0	25.931677018633543	21.11801242236025	21.8944099378882	31.05590062111801	0.0
82.0	29.082426127527217	15.552099533437014	27.682737169517885	27.682737169517885	0.0
83.0	28.771384136858476	22.86158631415241	21.61741835147745	26.749611197511662	0.0
84.0	30.171073094867808	20.06220839813375	20.37325038880249	29.39346811819596	0.0
85.0	35.26570048309179	16.10305958132045	20.128824476650564	28.502415458937197	0.0
86.0	34.94363929146538	15.136876006441224	22.544283413848632	27.375201288244767	0.0
87.0	30.112721417069245	21.4170692431562	22.06119162640902	26.40901771336554	0.0
88.0	35.748792270531396	15.780998389694043	19.162640901771336	29.307568438003223	0.0
89.0	28.824476650563607	15.136876006441224	20.45088566827697	35.5877616747182	0.0
90.0	29.629629629629626	20.128824476650564	18.035426731078903	32.2061191626409	0.0
91.0	29.951690821256037	18.84057971014493	17.06924315619968	34.13848631239936	0.0
92.0	34.29951690821256	16.74718196457327	15.458937198067632	33.49436392914654	0.0
93.0	29.307568438003223	18.19645732689211	20.45088566827697	32.045088566827694	0.0
94.0	32.367149758454104	15.942028985507244	18.51851851851852	33.17230273752013	0.0
95.0	34.78260869565217	16.425120772946862	19.32367149758454	29.468599033816425	0.0
96.0	28.663446054750402	21.256038647342994	15.942028985507244	34.13848631239936	0.0
97.0	29.581993569131832	17.845659163987136	20.739549839228296	31.832797427652732	0.0
98.0	30.86816720257235	20.418006430868168	20.418006430868168	28.29581993569132	0.0
99.0	29.099678456591636	21.70418006430868	15.916398713826366	33.27974276527331	0.0
100.0	33.60128617363344	13.826366559485532	18.488745980707396	34.08360128617363	0.0
101.0	30.541871921182267	20.361247947454846	18.88341543513957	30.21346469622332	0.0
102.0	29.111842105263158	16.11842105263158	21.875	32.89473684210527	0.0
103.0	27.39273927392739	17.491749174917494	20.462046204620464	34.65346534653465	0.0
104.0	24.297520661157023	20.165289256198346	22.479338842975206	33.057851239669425	0.0
105.0	30.413223140495866	19.173553719008265	15.37190082644628	35.04132231404959	0.0
106.0	30.74380165289256	17.85123966942149	19.00826446280992	32.396694214876035	0.0
107.0	29.09090909090909	18.84297520661157	20.49586776859504	31.5702479338843	0.0
108.0	36.52892561983471	16.03305785123967	15.702479338842975	31.735537190082646	0.0
109.0	27.031509121061358	22.056384742951906	17.5787728026534	33.33333333333333	0.0
110.0	25.581395348837212	21.262458471760798	22.757475083056477	30.398671096345513	0.0
111.0	29.401993355481725	17.60797342192691	20.930232558139537	32.05980066445183	0.0
112.0	26.12312811980033	18.96838602329451	23.128119800332776	31.78036605657238	0.0
113.0	32.0	17.5	20.5	30.0	0.0
114.0	30.0	17.833333333333336	19.0	33.166666666666664	0.0
115.0	27.166666666666668	18.833333333333332	18.666666666666668	35.333333333333336	0.0
116.0	30.71786310517529	17.362270450751254	21.03505843071786	30.884808013355592	0.0
117.0	31.77257525083612	18.561872909698995	18.729096989966553	30.93645484949833	0.0
118.0	26.298157453936348	17.42043551088777	22.110552763819097	34.17085427135678	0.0
119.0	21.943048576214405	21.608040201005025	29.313232830820766	27.1356783919598	0.0
120.0	26.46566164154104	23.618090452261306	20.603015075376884	29.313232830820766	0.0
121.0	30.47138047138047	19.19191919191919	17.845117845117844	32.49158249158249	0.0
122.0	29.054054054054053	15.033783783783782	21.283783783783782	34.62837837837838	0.0
123.0	31.25	19.425675675675674	17.56756756756757	31.756756756756754	0.0
124.0	28.59560067681895	17.089678510998308	18.104906937394247	36.209813874788495	0.0
125.0	27.411167512690355	20.304568527918782	19.120135363790187	33.16412859560068	0.0
126.0	32.87904599659284	19.931856899488924	16.013628620102217	31.175468483816015	0.0
127.0	30.65068493150685	19.006849315068493	19.69178082191781	30.65068493150685	0.0
128.0	29.037800687285227	17.697594501718214	21.993127147766323	31.27147766323024	0.0
129.0	29.08777969018933	19.62134251290878	17.03958691910499	34.251290877796905	0.0
130.0	31.841652323580032	17.728055077452666	15.146299483648882	35.28399311531842	0.0
131.0	31.141868512110726	22.664359861591695	19.031141868512112	27.162629757785467	0.0
132.0	28.20069204152249	19.896193771626297	20.069204152249135	31.833910034602077	0.0
133.0	28.422876949740033	22.357019064124785	18.370883882149048	30.849220103986134	0.0
134.0	24.131944444444446	22.916666666666664	19.96527777777778	32.98611111111111	0.0
135.0	23.693379790940767	17.073170731707318	23.519163763066203	35.714285714285715	0.0
136.0	24.43280977312391	16.75392670157068	21.640488656195462	37.17277486910995	0.0
137.0	29.31937172774869	14.659685863874344	22.164048865619545	33.85689354275742	0.0
138.0	26.842105263157894	17.543859649122805	23.684210526315788	31.929824561403507	0.0
139.0	30.404217926186295	18.27768014059754	20.913884007029875	30.404217926186295	0.0
140.0	29.929577464788732	15.492957746478872	23.767605633802816	30.809859154929576	0.0
141.0	33.80281690140845	15.492957746478872	18.133802816901408	32.57042253521127	0.0
142.0	28.69718309859155	15.140845070422534	19.8943661971831	36.267605633802816	0.0
143.0	32.332155477031804	18.19787985865724	22.261484098939928	27.208480565371023	0.0
144.0	31.316725978647685	19.03914590747331	16.90391459074733	32.74021352313167	0.0
145.0	25.223613595706617	19.32021466905188	20.39355992844365	35.062611806797854	0.0
146.0	28.85304659498208	19.53405017921147	18.27956989247312	33.33333333333333	0.0
147.0	31.47482014388489	18.705035971223023	17.62589928057554	32.194244604316545	0.0
148.0	25.945945945945947	20.18018018018018	20.18018018018018	33.693693693693696	0.0
149.0	29.422382671480147	18.4115523465704	18.95306859205776	33.2129963898917	0.0
150.0	28.85662431941924	20.14519056261343	16.878402903811253	34.11978221415608	0.0
151.0	28.545454545454547	21.272727272727273	20.545454545454543	29.63636363636364	0.0
152.0	30.10948905109489	19.708029197080293	16.423357664233578	33.75912408759124	0.0
153.0	32.234432234432234	16.117216117216117	19.047619047619047	32.6007326007326	0.0
154.0	31.61764705882353	16.911764705882355	18.75	32.720588235294116	0.0
155.0	30.683918669131238	20.147874306839185	15.711645101663585	33.45656192236599	0.0
156.0	31.053604436229204	13.863216266173753	19.963031423290204	35.12014787430684	0.0
157.0	34.87940630797773	18.923933209647494	18.181818181818183	28.014842300556587	0.0
158.0	27.560521415270017	22.71880819366853	16.01489757914339	33.70577281191806	0.0
159.0	33.02238805970149	11.567164179104477	21.082089552238806	34.32835820895522	0.0
160.0	26.492537313432834	16.23134328358209	24.62686567164179	32.649253731343286	0.0
161.0	29.080675422138835	18.76172607879925	22.88930581613508	29.268292682926827	0.0
162.0	30.131826741996232	19.58568738229755	21.468926553672315	28.8135593220339	0.0
163.0	28.083491461100568	17.267552182163186	17.836812144212523	36.81214421252372	0.0
164.0	29.087452471482887	14.82889733840304	24.524714828897338	31.55893536121673	0.0
165.0	33.904761904761905	17.71428571428571	22.285714285714285	26.095238095238095	0.0
166.0	28.87189292543021	20.076481835564053	20.45889101338432	30.592734225621417	0.0
167.0	27.39463601532567	22.03065134099617	20.689655172413794	29.88505747126437	0.0
168.0	27.7992277992278	20.077220077220076	16.795366795366796	35.32818532818533	0.0
169.0	23.552123552123554	21.235521235521233	21.814671814671815	33.397683397683394	0.0
170.0	30.56092843326886	15.667311411992262	18.95551257253385	34.81624758220503	0.0
171.0	32.10831721470019	17.60154738878143	17.79497098646035	32.495164410058024	0.0
172.0	27.466150870406192	21.27659574468085	17.02127659574468	34.23597678916828	0.0
173.0	27.325581395348834	20.930232558139537	20.348837209302324	31.3953488372093	0.0
174.0	29.514563106796114	21.35922330097087	15.339805825242719	33.78640776699029	0.0
175.0	27.734375	17.96875	23.4375	30.859375	0.0
176.0	29.74559686888454	17.61252446183953	21.91780821917808	30.724070450097845	0.0
177.0	28.007889546351084	22.485207100591715	16.173570019723865	33.33333333333333	0.0
178.0	26.58730158730159	22.023809523809522	19.841269841269842	31.547619047619047	0.0
179.0	25.948103792415168	20.958083832335326	21.756487025948104	31.3373253493014	0.0
180.0	31.92771084337349	16.06425702811245	19.27710843373494	32.730923694779115	0.0
181.0	27.419354838709676	19.959677419354836	20.362903225806452	32.25806451612903	0.0
182.0	31.376518218623485	18.82591093117409	23.076923076923077	26.720647773279353	0.0
183.0	30.16194331983806	23.481781376518217	20.242914979757085	26.113360323886642	0.0
184.0	28.1947261663286	23.732251521298174	18.45841784989858	29.61460446247465	0.0
185.0	25.203252032520325	24.59349593495935	24.390243902439025	25.8130081300813	0.0
186.0	27.755102040816325	15.918367346938775	23.46938775510204	32.857142857142854	0.0
187.0	29.713114754098363	20.69672131147541	17.008196721311474	32.58196721311475	0.0
188.0	28.131416837782343	21.149897330595483	20.739219712525667	29.97946611909651	0.0
189.0	27.92607802874743	20.32854209445585	20.944558521560573	30.800821355236142	0.0
190.0	32.92181069958848	15.432098765432098	18.51851851851852	33.1275720164609	0.0
191.0	27.160493827160494	19.753086419753085	23.456790123456788	29.629629629629626	0.0
192.0	29.07216494845361	21.649484536082475	18.144329896907216	31.1340206185567	0.0
193.0	27.55741127348643	16.2839248434238	23.799582463465555	32.35908141962422	0.0
194.0	31.092436974789916	19.537815126050422	21.428571428571427	27.941176470588236	0.0
195.0	27.42616033755274	17.932489451476794	21.09704641350211	33.54430379746836	0.0
196.0	27.81316348195329	19.53290870488323	21.019108280254777	31.634819532908704	0.0
197.0	28.723404255319153	19.148936170212767	21.70212765957447	30.425531914893618	0.0
198.0	27.01525054466231	22.657952069716774	19.825708061002178	30.501089324618736	0.0
199.0	25.740318906605925	23.690205011389523	19.81776765375854	30.751708428246015	0.0
200.0	26.541554959785525	18.230563002680967	19.839142091152816	35.388739946380696	0.0
201.0	35.039370078740156	17.716535433070867	17.716535433070867	29.527559055118108	0.0
202.0	39.44223107569721	17.928286852589643	15.53784860557769	27.091633466135455	0.0
203.0	35.199999999999996	20.0	18.0	26.8	0.0
204.0	33.33333333333333	20.080321285140563	25.301204819277107	21.285140562248998	0.0
205.0	36.99186991869919	17.88617886178862	24.796747967479675	20.32520325203252	0.0
206.0	29.918032786885245	22.540983606557376	19.262295081967213	28.278688524590162	0.0
207.0	20.16460905349794	25.102880658436217	17.28395061728395	37.4485596707819	0.0
208.0	24.380165289256198	20.24793388429752	22.727272727272727	32.64462809917356	0.0
209.0	20.66115702479339	22.727272727272727	22.727272727272727	33.88429752066116	0.0
210.0	27.685950413223143	18.181818181818183	14.87603305785124	39.25619834710744	0.0
211.0	35.41666666666667	19.166666666666668	20.833333333333336	24.583333333333332	0.0
212.0	27.19665271966527	14.644351464435147	24.686192468619247	33.47280334728033	0.0
213.0	25.523012552301257	23.430962343096233	14.644351464435147	36.40167364016737	0.0
214.0	28.57142857142857	23.52941176470588	18.907563025210084	28.991596638655466	0.0
215.0	33.05084745762712	22.45762711864407	13.983050847457626	30.508474576271187	0.0
216.0	34.74576271186441	19.06779661016949	16.52542372881356	29.66101694915254	0.0
217.0	26.06837606837607	20.51282051282051	24.358974358974358	29.059829059829063	0.0
218.0	26.637554585152838	19.65065502183406	16.157205240174672	37.55458515283843	0.0
219.0	22.535211267605636	25.352112676056336	24.413145539906104	27.699530516431924	0.0
220.0	0.0	28.57142857142857	24.81203007518797	46.616541353383454	0.0
