# Position (bp)	A	C	G	T	N
0.0	35.11143887250082	17.338577515568666	21.386430678466077	26.16355293346444	0.0
1.0	23.901999344477222	27.55653883972468	23.44313339888561	25.098328416912487	0.0
2.0	30.094554939680467	23.019237039452236	17.57417671992175	29.312031300945552	0.0
3.0	32.11845102505695	19.63878945655711	20.94858444516759	27.29417507321835	0.0
4.0	33.39838985118321	18.08571196226722	17.687240790436693	30.828657396112874	0.0
5.0	27.398373983739837	22.121951219512194	18.284552845528452	32.19512195121951	0.0
6.0	28.15218274936997	24.02243720022762	19.770750345500364	28.05462970490204	0.0
7.0	34.28710778735165	19.26516013656316	18.224678913997725	28.223053162087464	0.0
8.0	33.27643664146956	18.312606681297243	18.51580915223929	29.895147524993902	0.0
9.0	27.982769830949284	22.740572171651497	18.091677503250974	31.184980494148245	0.0
10.0	25.85884837163973	16.194266222691464	20.051977584666613	37.89490782100219	0.0
11.0	25.8260940164001	18.73832913858894	19.460907688560525	35.97466915645043	0.0
12.0	26.507099391480732	17.273833671399593	19.9026369168357	36.316430020283974	0.0
13.0	27.84040223826129	22.26096829129835	20.014597356256587	29.884032114183768	0.0
14.0	26.580739299610894	17.736705577172504	25.737678339818416	29.944876783398183	0.0
15.0	29.42558535202139	18.966215668800128	20.91873936644252	30.689459612735963	0.0
16.0	25.421120829284092	18.86945254292193	19.49303530936184	36.21639131843214	0.0
17.0	27.659057795046138	21.507204144406668	19.718309859154928	31.11542820139226	0.0
18.0	25.84560608512704	19.792846738954523	19.898041754329178	34.463505421589254	0.0
19.0	26.953567383918458	24.5914900501537	18.993690341368712	29.461252224559132	0.0
20.0	26.497938060968707	18.484676962885096	19.98867955041643	35.02870542572977	0.0
21.0	27.228643013012206	18.459549018023115	20.746787359573265	33.56502060939142	0.0
22.0	27.418181818181818	18.36767676767677	24.177777777777777	30.03636363636364	0.0
23.0	27.72885190272279	18.85755837440414	19.027227922759955	34.386361800113114	0.0
24.0	33.392568659127626	16.219709208400644	18.8529886914378	31.534733441033925	0.0
25.0	28.912938136003874	17.307381683088355	21.09513810369892	32.68454207720885	0.0
26.0	33.516394766596676	16.89549345824584	17.428525278630268	32.15958649652721	0.0
27.0	27.319712509085036	17.960106597754987	15.908907373011386	38.81127352014859	0.0
28.0	27.823068851400436	21.712809750585198	15.949632738719831	34.514488659294535	0.0
29.0	28.776630083925113	15.316333118140735	16.591349257585538	39.31568754034861	0.0
30.0	28.289367211522897	17.276258294222366	21.6378054701408	32.796569024113936	0.0
31.0	29.724696356275302	14.947368421052632	18.412955465587043	36.91497975708502	0.0
32.0	28.195366920460067	17.592742588692694	17.31734974890653	36.89454074194071	0.0
33.0	29.643724696356276	22.591093117408906	17.473684210526315	30.291497975708502	0.0
34.0	29.382775892712875	16.569720471804818	20.277912425270642	33.769591210211665	0.0
35.0	26.430826519873712	22.868938719339432	17.65563021128471	33.04460454950215	0.0
36.0	28.702055348761935	15.72260883638129	17.68085450720181	37.89448130765496	0.0
37.0	34.53382971835545	17.983166073162835	18.355454839753964	29.127549368727745	0.0
38.0	32.170605373907414	20.500161864681125	15.943671090967952	31.385561670443508	0.0
39.0	35.28792419211144	17.461731594719364	15.80950838260306	31.440835830566126	0.0
40.0	26.924636975744303	23.20110326924637	19.226089072767095	30.64817068224223	0.0
41.0	27.32293697205978	15.692007797270954	26.202079272254714	30.782975958414553	0.0
42.0	34.26852077742539	16.833373993656988	18.833861917540865	30.06424331137676	0.0
43.0	34.394852581853726	18.618667535429225	17.787913340935006	29.19856654178205	0.0
44.0	30.247367132010776	23.03045146542575	15.625765368601519	31.096416033961955	0.0
45.0	32.6007326007326	16.47499787034671	18.62168838913025	32.30258113979044	0.0
46.0	30.236341839356058	17.32317177598904	18.556259633498886	33.88422675115602	0.0
47.0	30.784431652203796	16.96881175358708	19.443251138413952	32.803505455795175	0.0
48.0	27.249246663796818	19.052948773138183	18.062849763237192	35.63495479982781	0.0
49.0	29.39453966066661	17.362845577469642	19.438463525966757	33.804151235896995	0.0
50.0	27.600172339508834	21.10297285652736	18.31107281344248	32.98578199052133	0.0
51.0	30.094827586206897	18.47413793103448	18.25	33.18103448275862	0.0
52.0	28.515962036238136	18.412424503882658	19.836065573770494	33.23554788610871	0.0
53.0	29.93696571971332	19.298851567222176	19.169329073482427	31.594853639582077	0.0
54.0	28.3735826192331	22.582878905911883	18.531983034709597	30.511555440145415	0.0
55.0	29.51869806094183	18.291204986149584	19.13954293628809	33.050554016620495	0.0
56.0	28.054377002337866	19.837215343319766	19.23976101826998	32.868646636072384	0.0
57.0	29.817268554602926	17.57166363557634	19.39897808954707	33.21208972027366	0.0
58.0	31.01117754094099	18.39528637033186	18.45593969326748	32.13759639545967	0.0
59.0	28.49462365591398	19.606312868539717	20.1959764134582	31.703087062088102	0.0
60.0	29.122928775917412	17.107660275874036	19.770972499349355	33.998438448859204	0.0
61.0	30.816681146828845	17.315377932232842	20.199826238053866	31.668114682884447	0.0
62.0	28.30697027637754	19.381192421345386	21.406222840257257	30.905614462019816	0.0
63.0	32.58280448578631	18.282187255498567	19.394940450317307	29.740067808397807	0.0
64.0	27.75265263524091	18.64672116889894	22.16037571751609	31.440250478344062	0.0
65.0	31.238576029245362	19.07041517973714	19.653581686830883	30.037427104186616	0.0
66.0	28.91849529780564	17.49390456287008	21.53430860327412	32.05329153605015	0.0
67.0	28.066202090592334	18.82404181184669	19.31184668989547	33.79790940766551	0.0
68.0	26.729395365046177	19.620142882035196	20.62205959226346	33.02840216065517	0.0
69.0	27.41851141711696	21.021439776886876	20.908140142931845	30.65190866306432	0.0
70.0	27.629513343799054	20.486656200941916	19.42264085121228	32.461189604046744	0.0
71.0	28.961367402110405	18.714572250806665	19.76105345774832	32.56300688933461	0.0
72.0	28.553985696842837	18.733647305075877	21.50706436420722	31.20530263387406	0.0
73.0	29.255736846697495	18.043800715469853	20.609021900357735	32.09144053747492	0.0
74.0	29.744350405723758	17.755867725329377	21.795654829421515	30.704127039525346	0.0
75.0	29.011430067184364	18.523689032370648	22.21446645144403	30.250414449000964	0.0
76.0	29.985164499520028	18.72763766471769	18.928353259446723	32.35884457631556	0.0
77.0	27.456798743236167	20.221679176121487	18.589631698376678	33.73189038226567	0.0
78.0	28.54399441340782	19.273743016759777	19.134078212290504	33.0481843575419	0.0
79.0	28.783512356999392	19.99825342764824	18.67959130206969	32.538642913282686	0.0
80.0	28.63759503626671	18.08966180197501	20.772524687581928	32.50021847417635	0.0
81.0	25.83690236867407	18.12778603268945	20.74119395157766	35.294117647058826	0.0
82.0	30.21243115656963	17.658886266282018	20.17658886266282	31.952093714485528	0.0
83.0	29.32330827067669	18.34236754677391	21.97936702220668	30.354957160342718	0.0
84.0	27.587412587412587	17.395104895104897	21.136363636363637	33.88111888111888	0.0
85.0	29.701844889394074	17.294745125469966	21.255574014164555	31.747835970971412	0.0
86.0	30.777301739966774	17.71443560374224	20.783422226108243	30.72484043018274	0.0
87.0	32.6162994053865	17.3837005946135	20.40048968170689	29.59951031829311	0.0
88.0	31.972015741145604	18.417140358548316	17.140358548316573	32.4704853519895	0.0
89.0	31.977608676637804	16.89845184990816	18.044257850083092	33.079681623370945	0.0
90.0	29.9789989499475	16.75708785439272	19.145957297864893	34.117955897794886	0.0
91.0	29.435448577680525	19.34354485776805	17.207877461706783	34.013129102844644	0.0
92.0	29.33193240521846	16.9424743892829	19.315296383854303	34.41029682164434	0.0
93.0	31.74491941135249	17.379117028731606	19.1135248773651	31.762438682550805	0.0
94.0	30.149829142206258	16.11320424077806	19.705598878471918	34.031367738543764	0.0
95.0	30.894593884167175	17.059493559975465	20.20502935249277	31.840883203364584	0.0
96.0	30.689685391289107	17.167645254578915	19.253352028744196	32.889317325387786	0.0
97.0	31.057152875175316	18.48702664796634	19.30224403927069	31.15357643758766	0.0
98.0	32.319424964936886	19.22335203366059	18.951612903225808	29.505610098176717	0.0
99.0	30.416483998246385	18.737395879000438	20.04384042086804	30.802279701885137	0.0
100.0	31.367716951240983	16.247139588100687	19.072346417884177	33.312797042774164	0.0
101.0	32.16777041942605	17.44812362030905	19.752759381898453	30.631346578366447	0.0
102.0	30.582911897790794	17.398633661609438	20.583799130511935	31.434655310087834	0.0
103.0	29.640851973977362	19.62391943677034	19.249621245878267	31.485607343374035	0.0
104.0	27.91946308724832	18.25503355704698	20.07158836689038	33.753914988814316	0.0
105.0	29.210455402856372	17.919698194556723	20.174256714272882	32.69558968831402	0.0
106.0	30.865644724977457	18.872858431018933	18.53922452660054	31.722272317403068	0.0
107.0	30.415080659778866	18.53362334602139	18.977705274605764	32.07359071959398	0.0
108.0	32.61759621508507	18.36047675370758	17.295969429533255	31.7259576016741	0.0
109.0	28.456474030724216	17.428675932699342	20.747988295537674	33.366861741038775	0.0
110.0	26.239441792141022	18.784428938670583	20.583914799853105	34.39221446933529	0.0
111.0	30.95018450184502	18.75461254612546	19.022140221402214	31.273062730627306	0.0
112.0	28.484175458078848	18.573014991671293	20.05367388487877	32.889135665371086	0.0
113.0	28.527664314890455	17.86112142591905	18.11177125881916	35.499443000371336	0.0
114.0	30.47290364704785	17.41442029661412	18.962783322451262	33.149892733886766	0.0
115.0	26.56103506469154	19.988749296831053	18.43240202512657	35.01781361335083	0.0
116.0	29.114162121497085	18.21515892420538	18.80759826970096	33.863080684596575	0.0
117.0	29.83467170524327	19.23476617855456	18.781294284364666	32.149267831837506	0.0
118.0	29.05828745016138	17.078033035883806	21.264476931839756	32.599202582115055	0.0
119.0	24.81904761904762	20.266666666666666	24.39047619047619	30.523809523809526	0.0
120.0	27.375155160889907	19.927432445335626	20.481237467774278	32.21617492600019	0.0
121.0	30.595226684558614	18.01016006901179	19.093261765551613	32.30135148087798	0.0
122.0	26.86897880539499	17.302504816955683	21.49325626204239	34.335260115606935	0.0
123.0	29.852045256744997	17.725558456628953	19.53389420752345	32.8885020791026	0.0
124.0	31.9126213592233	16.62135922330097	19.893203883495143	31.57281553398058	0.0
125.0	28.33771545427987	18.219885091050735	19.310546304411336	34.13185315025806	0.0
126.0	30.30895580758702	18.840438013296833	18.24403597966367	32.606570199452484	0.0
127.0	29.434258260613788	17.384057260515736	21.1295225022061	32.05216197666438	0.0
128.0	29.78723404255319	18.64657210401891	19.641449960598898	31.924743892829	0.0
129.0	30.824834141994256	18.001782354688583	19.190018813743933	31.983364689573225	0.0
130.0	30.131395580330476	18.484969141947044	17.399960183157475	33.983675094565	0.0
131.0	30.36036036036036	19.44944944944945	19.42942942942943	30.760760760760757	0.0
132.0	29.92347966169956	16.602899718082963	22.321788159484495	31.151832460732987	0.0
133.0	28.938581402408175	19.62966710513002	19.295760396640695	32.13599109582111	0.0
134.0	27.637731246188252	19.424679812970115	19.9532425289693	32.98434641187234	0.0
135.0	28.81823757922715	16.489470455939482	21.120425270905745	33.57186669392762	0.0
136.0	27.92876261066502	18.015235742227713	19.610870907967882	34.44513073913939	0.0
137.0	30.30397022332506	16.64598842018197	19.38585607940447	33.66418527708851	0.0
138.0	28.980693377620923	18.15445297903259	19.337762092588747	33.52709155075773	0.0
139.0	29.386605466305028	19.257250156478197	19.246818276653453	32.10932610056332	0.0
140.0	28.911243843655036	18.37996437179084	21.052080058681756	31.656711725872366	0.0
141.0	29.66708807416772	18.68942267172356	19.384745048461863	32.25874420564686	0.0
142.0	32.561091716915264	17.338411086427588	18.02602348460806	32.074473712049084	0.0
143.0	31.68264110756124	20.990415335463258	19.243876464323748	28.08306709265176	0.0
144.0	31.093967641701493	19.07210971820422	17.829208186006642	32.00471445408765	0.0
145.0	29.829851389188022	19.49170794744777	17.96252423002369	32.71591643334052	0.0
146.0	29.633235962349886	18.68440982365033	18.035269934004113	33.64708427999567	0.0
147.0	29.169384648836704	18.88454011741683	18.05827353772559	33.88780169602087	0.0
148.0	28.802624384909787	18.469108802624383	19.51886276653909	33.20940404592674	0.0
149.0	29.92299229922992	19.273927392739274	18.437843784378437	32.365236523652364	0.0
150.0	27.592305991598497	17.797921733362813	20.152553614857396	34.45721866018129	0.0
151.0	29.78227060653188	19.151299711175295	20.0288824705621	31.037547211730725	0.0
152.0	29.0994623655914	18.189964157706093	17.988351254480285	34.72222222222222	0.0
153.0	30.078740157480315	19.156355455568054	20.067491563554558	30.697412823397073	0.0
154.0	30.42839380580988	18.09652989714027	19.305979428054705	32.16909686899514	0.0
155.0	28.77133105802048	20.273037542662117	18.304891922639364	32.65073947667804	0.0
156.0	31.409595786098706	17.485400206114736	19.958777052559256	31.146226955227295	0.0
157.0	30.08411107270423	19.449245304758612	20.49775319737297	29.96889042516419	0.0
158.0	27.858051092359265	21.569760721303897	18.749277540168766	31.822910646168072	0.0
159.0	32.13080414290702	15.605725590596997	20.19085301989992	32.07261724659607	0.0
160.0	27.0706598034628	18.518951801591015	21.4787084698175	32.93167992512869	0.0
161.0	29.511477339611535	16.86874632136551	20.376692171865805	33.24308416715715	0.0
162.0	31.434998816007575	18.12692398768648	20.340989817665168	30.097087378640776	0.0
163.0	29.006543723973827	17.917906008328377	18.54848304580607	34.527067221891734	0.0
164.0	28.964362592681177	17.101171968428606	19.93542214781153	33.99904329107869	0.0
165.0	28.832511722977035	16.340026451845617	20.84886377299507	33.97859805218228	0.0
166.0	27.657004830917874	19.057971014492754	20.591787439613526	32.693236714975846	0.0
167.0	28.093442024577197	17.264874072271567	21.425964229224967	33.21571967392627	0.0
168.0	29.087568891610534	18.407838334353947	19.975505205143907	32.52908756889161	0.0
169.0	27.78119995072071	18.960206973019588	20.167549587285944	33.09104348897376	0.0
170.0	28.40317381601785	17.927101413339948	18.65856682370444	35.011157946937765	0.0
171.0	30.213403219767876	17.70872332459753	18.27031074503931	33.807562710595285	0.0
172.0	27.64513696908771	19.816536818296054	17.265644634330236	35.272681578286004	0.0
173.0	28.7556904400607	17.19777440566515	19.056651492159837	34.989883662114316	0.0
174.0	30.86796289236243	19.13839115516584	18.90964544414792	31.0840005083238	0.0
175.0	28.304303278688526	18.122438524590166	20.68391393442623	32.88934426229508	0.0
176.0	27.950470785502386	17.32232684122275	18.663743067199793	36.06345930607507	0.0
177.0	27.77488952430465	19.5996880686249	20.145567975045488	32.47985443202496	0.0
178.0	27.11598746081505	20.29780564263323	19.80146290491118	32.78474399164054	0.0
179.0	27.898122620454245	18.865695155573057	20.598660890114218	32.63752133385848	0.0
180.0	30.338713945488227	16.499073829055305	19.383434771103467	33.778777454353005	0.0
181.0	29.47761194029851	18.510127931769723	18.616737739872068	33.3955223880597	0.0
182.0	28.859601936525014	19.069392146315224	19.997310381925768	32.073695535233995	0.0
183.0	29.975629569455727	20.389926888708366	19.65881397238018	29.975629569455727	0.0
184.0	31.69234965225692	20.537297149870447	17.673530615027953	30.096822582844673	0.0
185.0	29.223367697594504	20.192439862542955	19.505154639175256	31.07903780068729	0.0
186.0	29.66195622055971	19.340537545026322	20.421169298974785	30.57633693543918	0.0
187.0	30.533389332213357	21.923561528769426	16.659666806663868	30.883382332353353	0.0
188.0	28.945885005636978	18.432919954904172	19.30665163472379	33.31454340473506	0.0
189.0	30.292281498297392	18.37400681044268	19.551645856980706	31.782065834279226	0.0
190.0	31.70626968222159	18.952190094474663	17.40624105353564	31.935299169768104	0.0
191.0	28.14889626316549	19.18915019477709	18.915019477708846	33.74693406434858	0.0
192.0	32.45486313337216	18.229470005824112	17.909143855562025	31.4065230052417	0.0
193.0	30.637110980622428	18.49677040516735	18.349970640046976	32.51614797416324	0.0
194.0	29.026050917702783	19.020130254588512	20.76672587329781	31.187092954410893	0.0
195.0	29.86702525026147	20.12550425818019	19.707156730912896	30.30031376064545	0.0
196.0	30.08154636061613	19.480519480519483	18.22712171549381	32.210812443370585	0.0
197.0	28.69166029074216	20.566182096403978	20.01530221882173	30.726855394032132	0.0
198.0	28.866780662210477	22.058137727343386	19.197885900823877	29.877195709622264	0.0
199.0	29.361979166666668	21.516927083333336	17.724609375	31.396484375	0.0
200.0	24.74460839954597	18.74763526295876	22.66363980325388	33.844116534241394	0.0
201.0	31.584611245628196	18.80548829701372	19.289749798224374	30.32015065913371	0.0
202.0	31.59325720500272	17.645459488852637	20.44589450788472	30.315388798259924	0.0
203.0	29.042904290429046	19.141914191419144	20.572057205720572	31.24312431243124	0.0
204.0	30.692243536280234	19.377258826800112	23.908812899638587	26.02168473728107	0.0
205.0	29.1373981455465	17.533014891823544	23.686428772127	29.643158190502948	0.0
206.0	28.957090082409774	21.341290139244105	20.48877522023302	29.212844558113098	0.0
207.0	30.13463191062733	19.450014322543684	19.707820108851333	30.70753365797766	0.0
208.0	28.131357163615228	17.72740482417902	22.290031967451323	31.85120604475443	0.0
209.0	27.658321060382917	18.350515463917525	20.412371134020617	33.578792341678934	0.0
210.0	28.754852194684982	17.37832188713049	20.543445804717827	33.323380113466705	0.0
211.0	29.136473429951693	19.806763285024154	19.92753623188406	31.129227053140095	0.0
212.0	27.127985303123086	16.25842008573178	24.09675443968157	32.51684017146356	0.0
213.0	30.576208178438662	20.44609665427509	17.936802973977695	31.04089219330855	0.0
214.0	30.28213166144201	22.9153605015674	19.717868338557995	27.0846394984326	0.0
215.0	26.88514158447343	19.821826280623608	18.517340120903594	34.77569201399937	0.0
216.0	30.855855855855857	17.56756756756757	21.364221364221365	30.212355212355213	0.0
217.0	24.245406824146983	20.439632545931758	25.131233595800524	30.183727034120732	0.0
218.0	27.346938775510203	19.35374149659864	18.843537414965986	34.45578231292517	0.0
219.0	21.794392523364486	23.738317757009344	23.925233644859816	30.542056074766354	0.0
220.0	13.695529145444254	24.5048104131296	21.16581777023203	40.63384267119412	0.0
