# Position (bp)	A	C	G	T	N
0.0	31.172676903406067	14.697751784720662	25.934906531544865	28.18408372500503	0.010581055323380727
1.0	28.08739101835087	17.164771596365195	20.12469209886281	34.61596801749774	0.007177268923387463
2.0	29.631640377102265	18.89231756945667	19.15126842278886	32.32040970596024	0.0043639246919734845
3.0	31.285996288546986	18.374575807536765	20.00421419963477	30.334178637704518	0.0010350665769608967
4.0	32.0259510686821	18.01750270847097	19.78299715776825	30.172810055263156	7.390098155283699E-4
5.0	32.145036216950096	18.164096836575354	19.681544941371826	30.008583335918676	7.386691840512459E-4
6.0	28.017075234706944	17.944724798078926	17.720171136325707	36.317954988842466	7.384204595633573E-5
7.0	27.727186828242743	19.645061181584104	19.45113741053079	33.17595020433232	6.643753100418114E-4
8.0	27.20083347967434	19.44207921303463	19.490113496674493	33.86675245447073	2.2135614580581756E-4
9.0	30.763688070052	17.324934527220528	19.542121989192474	32.36881290530988	4.4250822512163443E-4
10.0	29.07908490853951	20.34828261859935	21.14191820083713	29.43027197093787	4.423010861440339E-4
11.0	27.504213080555868	19.937468820993264	19.97873379889071	32.579289549718034	2.9474984212461583E-4
12.0	28.593851969376228	18.856131015778875	19.951120991015276	32.598675051817935	2.2097201168499997E-4
13.0	29.113050827741677	18.506943370777915	20.665491646015457	31.714440532617132	7.362284782010109E-5
14.0	29.244960911745316	18.558458721861165	19.877540147876047	32.31874587925026	2.943392672129603E-4
15.0	29.186984335720705	18.43042421086541	20.408795178773424	31.97328143777755	5.148368629077692E-4
16.0	29.57437737069599	18.85493545826105	20.39467493898674	31.17564468228998	3.6754976623834865E-4
17.0	29.202322536273094	19.295611958328372	19.62751832208364	31.874253265791086	2.9391752380364546E-4
18.0	29.017140406205154	18.889332818244714	19.915715441935756	32.17759100102969	2.2033258469217332E-4
19.0	28.735162137239584	18.707674280646316	20.441597114949754	32.11534621190319	2.2025526116400498E-4
20.0	28.818132916106787	18.684121883184883	19.512434970414244	32.98509007088399	2.201594100901993E-4
21.0	28.91560077910359	18.412227964830297	19.956056209903124	32.71567487464282	4.4017152016902585E-4
22.0	29.330634456154247	18.535565774130383	19.74353332893299	32.38989974551348	3.666952688976407E-4
23.0	28.91126087683333	18.299401425902627	18.69143666581617	34.09753443780665	3.66593641213337E-4
24.0	29.14693124229457	18.100444331077227	19.030153236316405	33.72217799923477	2.931910770227619E-4
25.0	30.225431458987945	18.011947193171693	19.100853538432677	32.66154797636355	2.1983304413075085E-4
26.0	29.13476619589129	18.36624658529742	18.806009730025135	33.69268445987078	2.930289153607955E-4
27.0	29.74708667045541	18.32028755397496	18.82722740082376	33.10481248645134	5.858882945377634E-4
28.0	29.851417192264467	17.975554668882534	19.051544580333186	33.120971077783594	5.124807362151833E-4
29.0	29.740999833875737	18.43188941832358	18.690882266198397	33.135935751624466	2.927299778183859E-4
30.0	29.910963673090762	18.148518831172158	19.185531029463768	32.7547668223454	2.196439279070057E-4
31.0	30.029765872079995	18.283452548190095	19.295887710005406	32.39023468456525	6.591851592518103E-4
32.0	29.83277832171522	18.657037996798913	18.90283583577128	32.606908135805874	4.397099087162229E-4
33.0	30.317544038539268	17.75435543775918	19.628281204036735	32.299159099195194	6.602204696221558E-4
34.0	30.384983761765838	18.539329553586175	19.561475936221353	31.513696996385388	5.137520412469497E-4
35.0	29.728268891961896	18.78867014717881	19.090724158519237	32.39174929149865	5.875108414109954E-4
36.0	30.085011692047203	18.171763595771168	19.550337533455718	32.19222578070687	6.613980190394443E-4
37.0	29.858379894224246	18.498551888280332	20.218713029770292	31.42398755337132	3.676343538127727E-4
38.0	30.287938373021273	18.289292165295095	19.190373359722475	32.23158676962355	8.093323376093058E-4
39.0	30.214378705505386	18.29266226125807	19.23970968214896	32.25229154678764	9.578042999518887E-4
40.0	30.117347883261314	18.29066372245983	19.759890787036934	31.83136008047892	7.375267630024124E-4
41.0	30.24255177760549	18.210063868276293	19.354081293609482	32.1927123712482	5.90689260530882E-4
42.0	30.132946536758613	17.94818907196176	19.539880634222182	32.37802267994136	9.610771160885049E-4
43.0	30.324444493765235	18.23821202268263	19.454388748941145	31.98191899799881	0.0010357366121795228
44.0	30.674604996054033	18.057725138553067	18.874533035818725	32.39180423262405	0.00133259695012978
45.0	30.28556991736076	17.7875147622992	19.38717750766454	32.53736695408388	0.0023708585916210894
46.0	29.89550241504706	18.212086726693776	19.603139005141472	32.287863230120806	0.001408622996882495
47.0	29.832042810202218	18.714032092813802	19.268374653072218	32.18451179350443	0.001038650407336433
48.0	29.66844348097225	18.330264740382187	19.50934683514232	32.49097982152667	9.651219765698081E-4
49.0	30.07382116067933	18.378252287549653	19.692353637309807	31.854904311818444	6.686026427633792E-4
50.0	29.154409714865576	18.88458950827228	19.410699882169713	32.54948314506507	8.17749627366363E-4
51.0	29.623410354522655	17.980431355364114	19.833954447956945	32.561385443969854	8.183981864296188E-4
52.0	29.279639499576327	18.402453571125417	20.30346487250395	32.013697467353474	7.445894408282217E-4
53.0	29.989164035927107	18.561320825023774	19.143511687041855	32.304885574008	0.001117877999266672
54.0	29.090159122762394	18.444083263280927	19.92678249492975	32.53860216922523	3.729498017025904E-4
55.0	29.307568197547972	18.6401778134825	19.957652079580047	32.093855295841884	7.466135476014666E-4
56.0	29.86956014851041	18.210760428312636	19.220783685377942	32.698297869796306	5.978680027023634E-4
57.0	29.52475631166076	18.02444700269514	20.047260315472705	32.40226472508903	0.0012716450823614597
58.0	29.506785212915304	18.448965839962565	20.08834815161441	31.954029012634532	0.0018717828731867104
59.0	29.191881791594277	18.18149793207244	19.763511234565495	32.8618348566092	0.001274185158591081
60.0	29.479372377653863	18.092012461208785	20.024895406279825	32.40281937850021	9.003763573173586E-4
61.0	29.44599844366394	18.254424891762536	20.681843447013968	31.616381188163434	0.0013520293961235815
62.0	29.383708068364424	18.399952476665067	19.703385210467466	32.511675926949415	0.0012783175536310609
63.0	29.331195326497735	17.89398798500384	19.99601005766596	32.77767740187	0.0011292289624644293
64.0	29.12566773987387	18.294866693195384	20.40088509447841	32.17737462166432	0.00120585078802349
65.0	29.222635825745225	18.71825500732337	19.473154800488075	32.585652527261736	3.0183918159324303E-4
66.0	29.41673372396571	18.293986754766735	19.82606658884242	32.46215512714441	0.0010578052807150764
67.0	29.531374707321962	18.791461933887863	20.09751521547534	31.57836206211772	0.001286081197114639
68.0	29.586274867787193	18.28797960047908	19.47105787667108	32.65362707390963	0.001060581153018376
69.0	29.573318506573052	18.40432302211043	19.807909510239035	32.213766282824494	6.826782529808387E-4
70.0	29.811452025994466	18.56260272765664	20.117151303217103	31.50856608141651	2.2786171528222954E-4
71.0	30.02973466998624	18.795521467305935	19.308975093315443	31.86561663498468	1.5213440770652054E-4
72.0	29.83927674918046	18.095745256275762	19.824718180079827	32.240259814463954	0.0
73.0	29.787998617531564	18.222032671116708	20.24271018746486	31.747105933551488	1.5259033538592766E-4
74.0	29.74905190509194	18.963273596158565	18.89045196026216	32.397146125438134	7.641304920923956E-5
75.0	29.74721715384333	18.09316870966557	19.75751888906577	32.40194217557953	1.530718458015454E-4
76.0	30.126843492745614	18.576550320002514	19.497424725243977	31.798874836050935	3.0662595696044756E-4
77.0	29.840936383767463	18.153799375293694	19.321361331478258	32.68351899457298	3.8391488760507756E-4
78.0	29.792401807716328	17.87204161808455	19.847347031696565	32.48805572048694	1.538220156221639E-4
79.0	29.809940653161917	18.03009793037244	20.033390782325846	32.126262458945284	3.0817519451633056E-4
80.0	29.66407845963995	18.107750806676293	19.717321796119464	32.510463060361225	3.858772030694216E-4
81.0	29.498822035778876	18.127040754391945	20.087788682419763	32.285884609764075	4.6391764533959936E-4
82.0	29.520381240985266	18.55435798045148	20.181619313648483	31.742711911147055	9.295537677138089E-4
83.0	29.76593404802392	18.180759854806	19.55803840640505	32.49387069910895	0.0013969916560792807
84.0	29.29535561150934	18.206320150670848	20.32571217948618	32.17191220405884	6.99854274787672E-4
85.0	29.86530719418687	18.079316586140827	20.073645884222	31.981029094487546	7.012409627570925E-4
86.0	29.73168379835489	18.11136313062896	19.48351180739636	32.67227008857987	0.0011711750399175493
87.0	30.091684114659127	17.46794420398033	19.603328106759808	32.835713458583314	0.001330116017413566
88.0	29.83307180962643	17.896533850264152	20.141481580810826	32.12726598333306	0.0016467759655400364
89.0	29.59482507918792	18.18956370009982	19.103427677652107	33.111083165001695	0.0011003780584615144
90.0	29.985001000458478	17.615789282962744	19.63395823913006	32.763597176028696	0.0016543014200208284
91.0	29.78788591860037	18.21384182173952	19.440711184670807	32.55669246695736	8.68608031939507E-4
92.0	29.93148760167026	17.92594644871465	19.229700579842078	32.9100947932952	0.0027705764778057033
93.0	29.73027878360802	17.604846395636088	19.50183826884513	33.1620842865906	9.52265320163504E-4
94.0	29.979274652621697	17.90479069785944	19.920201445602924	32.19453980579435	0.0011933981215913566
95.0	29.55736696720076	18.210004809928073	19.649872333501108	32.581559389849055	0.0011964995210013583
96.0	29.378950450097346	18.128276543905088	19.676221070027054	32.816311969373864	2.3996659664974633E-4
97.0	29.98820157895117	18.236300477150284	19.559311729362992	32.215303939678066	8.822748574925589E-4
98.0	29.60992536989281	18.36441178315924	19.4459772296931	32.57872036473675	9.652525181025065E-4
99.0	29.20763167150126	17.96929197629058	20.00409784492077	32.81825251114	7.259961473804446E-4
100.0	29.411831338734434	18.483624762424135	19.898521021974705	32.20497102970173	0.0010518471649887007
101.0	29.477898088810157	18.39817442457775	19.510512720842605	32.6127655568711	6.492088983817656E-4
102.0	29.188181098125344	18.488260304337455	19.143970518682654	33.17869263349666	8.954453578891584E-4
103.0	29.879607800545653	18.40507079564357	19.546604103771003	32.16847231828683	2.4498175294243504E-4
104.0	29.35877079574819	18.73497618310254	19.190667905440282	32.714356173631494	0.001228942077502003
105.0	29.443348016607253	18.34820155238838	19.488532168535162	32.71860309705016	0.001315165419040472
106.0	29.966495211009235	18.4291186475349	19.28933884542926	32.314222461241016	8.248347855924458E-4
107.0	29.700195576802592	18.419229594585758	18.951251468067515	32.92874399633842	5.793642057206421E-4
108.0	29.03424348616248	18.491914444028218	19.413391232265475	33.059786350946936	6.644865968900366E-4
109.0	29.72294417039125	18.161418904613374	19.566286511637212	32.54876692734599	5.834860121731852E-4
110.0	29.18374944056617	18.224953049384936	19.14087694128768	33.45025326144695	1.6730731425751105E-4
111.0	29.207715036361027	17.90829850886628	19.498342951519472	33.38522367845451	4.1982479871500024E-4
112.0	29.16868940221422	18.185319659641035	20.011007052604608	32.634731043596695	2.5284194344431406E-4
113.0	29.309778893724154	18.101342068396082	19.204081701712948	33.38454354108435	2.537950824664821E-4
114.0	28.9615087045547	17.60240240444268	20.120731693853095	33.31535719714952	0.0
115.0	29.541441170276173	18.015523758444658	20.143368381021894	32.299496155725315	1.7053453196371366E-4
116.0	28.81881432885699	18.302351619905906	20.153464770213727	32.724598875550406	7.7040547296048E-4
117.0	28.863028886234133	18.033570256031215	20.363205074213813	32.73959416602924	6.016174915988414E-4
118.0	29.062040444349318	18.108650175019502	20.63564529380493	32.1928010715198	8.63015306439475E-4
119.0	29.18828090742548	18.27520525223884	19.837496728616415	32.698323838377185	6.93273342080132E-4
120.0	29.464991417160803	18.101260093105527	20.138944502282374	32.29436875219794	4.3523525335914564E-4
121.0	30.01142721250331	18.03829646228539	19.961425507601678	31.988063939931504	7.868776781163198E-4
122.0	29.993642084482996	17.954788546619152	19.58352140703129	32.467169796739896	8.781651266577562E-4
123.0	29.92693389647954	18.039644293425287	19.490910181531735	32.54198235581067	5.292727527740508E-4
124.0	30.01708426227533	17.981629101374892	19.5962159422396	32.40445041487819	6.202792319879773E-4
125.0	29.911302440518156	18.24842794168963	19.145284537213094	32.694629008481634	3.560720974782974E-4
126.0	29.766985151295106	18.052748494918674	19.3999885531545	32.78009894367079	1.788569609340626E-4
127.0	29.27877457538638	18.574459119118238	19.95070771182611	32.195339785238005	7.188084312634945E-4
128.0	29.374954857349223	18.793698085951608	19.3571686529433	32.47327555074034	9.028530155290719E-4
129.0	29.155491356752183	18.438716959493053	19.847985540751925	32.55680807743537	9.980655674637884E-4
130.0	28.92357156600007	18.753995037718628	20.289183740276272	32.033067286237554	1.82369767469428E-4
131.0	28.898002951123168	18.847228968664936	19.65108925772837	32.6033122233322	3.665991513229647E-4
132.0	28.59570806911011	18.560077083786243	20.06076059441474	32.78327001801815	1.842346707542199E-4
133.0	28.770554960788598	18.526136612001615	20.578113481535265	32.12510233490278	9.261077174408309E-5
134.0	28.66268665610213	18.690655975509156	19.762689076882108	32.883688970740224	2.793207663816974E-4
135.0	28.886424051817738	17.804298176644576	20.316185555430756	32.99224980343705	8.42412669886555E-4
136.0	28.977782294910416	18.62630232227671	20.57045738791159	31.825269781041403	1.8821385988042772E-4
137.0	29.441119086503253	18.63743800042011	19.89919213672173	32.02196691715664	2.838591982680804E-4
138.0	29.490832666551864	18.25446283735892	20.507121796951484	31.74691671051092	6.659886268170787E-4
139.0	28.878425009734148	18.848375903697445	21.417234850840295	30.854911895179228	0.0010523405488816967
140.0	28.622823843118546	18.984630065354445	20.07884089645447	32.31283944584354	8.657492290022144E-4
141.0	29.30145707153776	18.07794268464947	19.36589330288899	33.2540296832369	6.77257686874746E-4
142.0	30.34715742298445	18.158554585904895	21.272939741006297	30.22086174904913	4.8650105522078874E-4
143.0	30.539075721966803	18.270411963755567	19.934241630196777	31.255389729439255	8.809546416031807E-4
144.0	30.747893787596865	17.941196460637247	19.18162825264896	32.128296482209116	9.850169078152225E-4
145.0	27.89115241104318	18.668052375010795	19.55218591520775	33.88721961988313	0.001389678855142854
146.0	28.090197059831535	18.783147751154047	19.55844205443945	33.566605057202324	0.0016080773726427845
147.0	27.988070564394263	18.654957159966518	19.758153334842785	33.59717971913986	0.0016392216565769158
148.0	29.336267154834168	18.73966088225013	19.52110428417978	32.399249049358964	0.003718629376959585
149.0	29.887117347658045	20.595755143102362	16.276913811517886	33.23288292301672	0.007330774704992708
150.0	26.050911233157866	24.680894193066138	12.231175132868373	37.02878445234159	0.008234988566035106
