# Position (bp)	A	C	G	T	N
0.0	25.867181621075563	24.778286699950865	23.943661971830984	25.410869707142584	0.0
1.0	25.69503382824392	20.36085750904549	14.700596847736824	39.243511814973765	0.0
2.0	27.77298904850048	19.150529030574223	18.62922529044311	34.44725663048219	0.0
3.0	23.578031090928437	22.919348250663315	15.403018476757316	38.09960218165093	0.0
4.0	33.08961276908191	14.063968928201362	14.914531967308736	37.93188633540799	0.0
5.0	34.567710691306196	15.768750600211273	22.888628225706878	26.77491048277565	0.0
6.0	32.51762640256783	17.901429316068146	20.47508984664344	29.105854434720584	0.0
7.0	34.090238867590685	17.551590050269866	19.698860869744124	28.65931021239533	0.0
8.0	23.634979632702883	26.211751313244914	21.800894240923867	28.352374813128336	0.0
9.0	29.50907351726077	18.74359299626637	15.686059388424708	36.06127409804816	0.0
10.0	26.676997020881256	16.927839504691512	24.255648841091958	32.139514633335274	0.0
11.0	27.920704513590135	18.3261974708538	19.982928777350807	33.77016923820526	0.0
12.0	26.440181809456558	19.718990587315844	20.972872548280282	32.867955054947316	0.0
13.0	26.975177037560073	21.09848978220781	18.22749926305759	33.69883391717453	0.0
14.0	30.425409403426034	18.17483874063462	19.973540439941598	31.426211415997752	0.0
15.0	30.052672883232066	18.859085472633748	18.812821066411697	32.27542057772249	0.0
16.0	29.478837963867104	17.165010090212323	18.828096358958017	34.52805558696255	0.0
17.0	29.966637894419556	18.21111978845548	20.186471563429105	31.635770753695862	0.0
18.0	30.911537974185023	17.706103746220048	18.52699134592005	32.85536693367489	0.0
19.0	29.600956007231687	18.233304114392155	19.50604010299677	32.659699775379394	0.0
20.0	30.32341553092937	17.833557570840224	19.502500847309665	32.340526050920744	0.0
21.0	29.906071787990605	17.642689413907124	19.662282893700922	32.78895590440135	0.0
22.0	28.817771084337352	18.499794633077766	19.506777108433734	33.175657174151155	0.0
23.0	29.318611965788566	17.803226060379966	20.44335228264478	32.434809691186686	0.0
24.0	30.34303861579949	18.738450166317605	18.494791452780856	32.42371976510205	0.0
25.0	29.49741469874653	17.94380434522241	18.984426596949653	33.574354359081404	0.0
26.0	31.10434380934458	17.726642829036287	19.990077158645704	31.17893620297343	0.0
27.0	29.413757236508957	18.372178959037598	19.4612478957669	32.75281590868655	0.0
28.0	29.51758587655673	17.755576844122075	19.616805802654987	33.110031476666215	0.0
29.0	29.435672864742813	18.232607468482183	19.814228775723155	32.51749089105185	0.0
30.0	29.632924254917327	18.31375755688836	19.400033529148118	32.6532846590462	0.0
31.0	29.86143898183311	18.172020938109412	19.406411440692466	32.56012863936502	0.0
32.0	29.904473199805665	18.30884717764837	19.532698768963368	32.2539808535826	0.0
33.0	30.573026095169002	17.91861428014153	19.679165611590552	31.82919401309891	0.0
34.0	29.769738530556094	17.975724849691854	19.559050483689386	32.69548613606266	0.0
35.0	29.89445874171823	18.252067020752342	19.595972731752724	32.25750150577671	0.0
36.0	30.00366198822003	17.64564959221879	18.867795380418972	33.482893039142205	0.0
37.0	28.84837863924809	19.062711783188778	18.893969783887023	33.194939793676106	0.0
38.0	29.83114896064022	18.03074437534015	19.554956169925827	32.58315049409381	0.0
39.0	28.77788959860886	18.85915367605277	19.91825669042289	32.444700034915485	0.0
40.0	30.311453747509532	18.118611227123658	19.518064865086917	32.05187016027989	0.0
41.0	29.605691084743206	18.102675056315174	20.603137217311524	31.688496641630092	0.0
42.0	30.078261405418726	18.644769905990454	19.38732891016029	31.889639778430528	0.0
43.0	29.755073813371315	18.273602475966147	19.39278573580565	32.57853797485689	0.0
44.0	29.50414439830047	18.22200006162674	20.466240529168278	31.80761501090451	0.0
45.0	29.474805093421626	19.15408661829811	19.404717475339226	31.966390812941043	0.0
46.0	30.080805313976576	17.689515852906936	19.191604464835994	33.03807436828049	0.0
47.0	29.747674143876075	17.962080926438915	19.830983793482467	32.45926113620254	0.0
48.0	30.284019697146103	18.610241694118937	19.217730171014512	31.888008437720444	0.0
49.0	29.266722373666116	18.43022698319201	19.045629511924496	33.25742113121738	0.0
50.0	29.59094209351069	18.604874172911217	19.868624738002932	31.935558995575157	0.0
51.0	29.76988386310162	18.623344509783106	19.336399721901618	32.27037190521366	0.0
52.0	29.633359020464077	18.572138025515883	19.26740303108143	32.5270999229386	0.0
53.0	30.539933278988364	18.076325001198786	19.782711448750177	31.601030271062676	0.0
54.0	30.411892651013034	18.233228861600644	19.527993286406687	31.82688520097964	0.0
55.0	29.281919357656434	17.864837924029995	18.9863358122296	33.86690690608397	0.0
56.0	28.983094393916037	18.552660877310174	20.261377455766233	32.20286727300755	0.0
57.0	28.811323921853425	18.13040186630948	19.447917701506956	33.61035651033013	0.0
58.0	29.42478255060687	17.950580150527394	19.229069532419572	33.39556776644616	0.0
59.0	29.61931386051101	17.83250083934579	20.26317772890159	32.285007571241614	0.0
60.0	29.545119724269302	18.519317936542198	19.862340216322515	32.07322212286598	0.0
61.0	30.11210624053504	17.78864273330912	19.447965847340903	32.65128517881494	0.0
62.0	29.005046888437384	18.09342054320006	19.98506148432655	32.916471084036004	0.0
63.0	29.16399694366685	18.11905308494345	19.859312736206242	32.85763723518347	0.0
64.0	28.64823190789474	18.457373903508774	19.520285087719298	33.37410910087719	0.0
65.0	29.678365579017346	17.90714887842589	20.535463398921262	31.879022143635506	0.0
66.0	30.03978575320496	18.04340450905203	20.397309235709173	31.519500502033836	0.0
67.0	29.248551347906094	17.770018127426557	19.253794251995217	33.727636272672136	0.0
68.0	29.463107717719467	18.073123173034418	20.126178424928636	32.33759068431748	0.0
69.0	29.872889342787524	17.719067969416674	19.496012584263504	32.912030103532295	0.0
70.0	28.679976008910973	18.179419072915774	19.784422928626512	33.35618198954674	0.0
71.0	29.55258972882564	17.644155630500947	20.61775108990705	32.18550355076636	0.0
72.0	29.77348053043052	18.04341194736824	19.89080178089751	32.29230574130373	0.0
73.0	29.73076725334613	17.726517111960376	19.394354852530377	33.14836078216312	0.0
74.0	29.431059834860314	18.194842897930783	20.48239435412832	31.891702913080582	0.0
75.0	30.535321923278637	17.819840880811434	19.244783721990462	32.40005347391946	0.0
76.0	28.931220776371543	18.355523865677576	19.440483209697103	33.27277214825378	0.0
77.0	29.199119655541235	18.03643419356608	21.0435921344925	31.720854016400185	0.0
78.0	30.034865662636147	18.14694316931273	18.594677244069924	33.2235139239812	0.0
79.0	29.78593565727764	17.880063629631664	19.13585749156633	33.19814322152437	0.0
80.0	30.63971447868704	18.121757972003277	19.772556629422272	31.46597091988741	0.0
81.0	30.15757642250778	18.48540120959447	19.451568221402415	31.905454146495334	0.0
82.0	29.932730813538868	17.964164243787373	18.348853475231774	33.75425146744199	0.0
83.0	29.643242872572046	18.40667912430783	19.93142582846171	32.01865217465841	0.0
84.0	30.67602040816326	18.12047399605003	18.85492100065833	32.34858459512837	0.0
85.0	29.568482230108522	17.390320423802912	18.95763685302337	34.0835604930652	0.0
86.0	30.430369676956996	17.54225344868379	19.923671189474444	32.10370568488477	0.0
87.0	29.664111928398746	18.564888637415773	19.867290777223392	31.903708656962092	0.0
88.0	29.740675710895598	17.890015226128586	19.030946077557235	33.33836298541858	0.0
89.0	29.981687117195595	18.23640765711699	20.003223616074184	31.778681609613237	0.0
90.0	29.976233834377602	18.529378478759632	19.546899595666535	31.94748809119623	0.0
91.0	30.018827999876535	18.16541889727594	19.523504134272105	32.292248968575414	0.0
92.0	28.936727701736398	18.598262575407862	20.308593495460954	32.15641622739479	0.0
93.0	30.111668232857074	18.395763740748617	19.41161541680099	32.08095260959332	0.0
94.0	29.759132424006502	17.61149085471463	19.4943941612849	33.134982559993965	0.0
95.0	30.336839722461356	18.03658214519675	20.337285595222987	31.289292537118907	0.0
96.0	29.996124177245147	18.67323384244952	19.370195951994678	31.960446028310656	0.0
97.0	29.640808934500452	18.440098235600804	19.289026699228934	32.63006613066982	0.0
98.0	28.810809327469933	17.816935710708478	21.111667569959454	32.26058739186213	0.0
99.0	29.571150231198807	18.66535859826292	19.302355895226462	32.46113527531181	0.0
100.0	29.57975859569073	18.338962435620367	19.50681505049013	32.57446391819878	0.0
101.0	29.79009715621053	18.41012104087582	20.33947887377264	31.460302929141008	0.0
102.0	29.857797026288928	17.89398913133431	19.439118920857357	32.8090949215194	0.0
103.0	29.475655171937294	17.363351827157594	19.671394913392245	33.48959808751287	0.0
104.0	29.93435403120261	18.221603617452963	19.58957420141125	32.254468149933174	0.0
105.0	30.131025580523822	18.309228697933293	19.390467333823754	32.16927838771913	0.0
106.0	29.08198044043793	17.875575588108454	19.693112418791646	33.349331552661965	0.0
107.0	29.88896055223386	17.92598532257221	20.15130650025276	32.033747624941164	0.0
108.0	29.29334916864608	18.694285315076147	20.199105770574263	31.81325974570351	0.0
109.0	28.685009295014304	18.152060132265778	19.921438749181654	33.24149182353827	0.0
110.0	29.281835784038613	17.7120748681109	21.024034684027388	31.9820546638231	0.0
111.0	29.06923622971444	18.574511002874594	20.023755807170318	32.332496960240654	0.0
112.0	28.97859137668119	17.87914111941849	19.196621952379108	33.94564555152122	0.0
113.0	30.051065601829468	17.59098817409594	20.403654701952632	31.95429152212196	0.0
114.0	29.996637941712528	18.451329782527914	18.762054748464955	32.7899775272946	0.0
115.0	29.390503013255486	17.44992391485558	20.18721556748167	32.97235750440726	0.0
116.0	30.07406195307275	17.891190825139798	20.314034064229713	31.720713157557732	0.0
117.0	30.09864255007938	18.26367706605305	19.448101175505254	32.18957920836232	0.0
118.0	29.51900074021892	17.89112702800316	19.675161900538892	32.91471033123903	0.0
119.0	30.329129167876307	18.06751753527664	19.712267346214638	31.89108595063242	0.0
120.0	29.51519222411	18.385841903167755	19.47744065172648	32.621525220995764	0.0
121.0	29.557113081417324	17.70971701746997	19.664783956283678	33.068385944829025	0.0
122.0	29.632689581025843	17.9802075929821	20.069847065232686	32.31725576075937	0.0
123.0	28.87409507416595	18.514005105915196	19.431768049699503	33.180131770219354	0.0
124.0	29.23819917551041	18.138045807394302	19.148535026304625	33.47521999079066	0.0
125.0	29.0019852668475	18.1582832168595	20.075556492840676	32.76417502345233	0.0
126.0	29.411764705882355	18.13099449327158	19.642609678713395	32.81463112213267	0.0
127.0	29.805842288924815	17.48004652762029	18.963297315883036	33.750813867571864	0.0
128.0	29.06639377033426	17.61024975149561	20.99907934167428	32.32427713649585	0.0
129.0	30.0642702366631	18.064829428189874	18.903984607517447	32.96691572762958	0.0
130.0	29.99140573418268	17.695335121038987	19.44812272464046	32.86513642013787	0.0
131.0	30.034796049298716	17.95047202079628	20.122913993484524	31.89181793642048	0.0
132.0	30.605442681299127	18.375352217114045	18.72460329230313	32.294601809283705	0.0
133.0	29.680838806314092	18.22716308181781	19.6733680481994	32.4186300636687	0.0
134.0	30.557864098655745	17.470847138006985	19.799349301412082	32.171939461925184	0.0
135.0	29.156387829857216	18.233908948194664	20.18950437317784	32.420198848770276	0.0
136.0	28.640967849602294	18.501948224846522	19.4796233306957	33.377460594855485	0.0
137.0	30.7673205860442	17.884205852917052	22.681746694659534	28.66672686637921	0.0
138.0	30.243585677826605	20.10412419396246	19.491762183059244	30.160527945151692	0.0
139.0	30.52450200711959	18.972960690752103	19.50503673407559	30.997500568052715	0.0
140.0	28.905594153241886	21.115487907254128	19.81561743847267	30.16330050103131	0.0
141.0	31.113955978221526	17.133974190451156	20.91701243232328	30.83505739900404	0.0
142.0	26.88607149953383	19.798019166399193	24.035948461644274	29.2799608724227	0.0
143.0	27.034318891678005	19.070649778680515	19.00243355624964	34.89259777339184	0.0
144.0	27.671937731698687	19.4007752772693	18.44513836545709	34.48214862557492	0.0
145.0	27.159388292328952	19.4609345448089	16.882560464416123	36.49711669844603	0.0
146.0	33.104207616588546	14.641947452284858	19.317120071955554	32.93672485917104	0.0
147.0	34.14051454375267	16.25602644389875	22.006947789749074	27.596511222599506	0.0
148.0	31.49698827686269	17.055106339607256	20.485712801122354	30.9621925824077	0.0
149.0	33.000592707564905	16.677682214935377	22.861455672723086	27.46026940477663	0.0
150.0	27.0906949352179	18.266000119414002	25.786368348775735	28.85693659659236	0.0
