# Position (bp)	A	C	G	T	N
0.0	28.02460821608635	23.29738843817583	22.769218550147183	25.908784795590638	0.0
1.0	27.20940780630211	20.12337025094631	15.353163836682857	37.31405810606873	0.0
2.0	28.711828942419658	19.352867848854682	17.83579773055376	34.09950547817189	0.0
3.0	23.392341070073257	22.268631369122655	15.87733778336582	38.46152585188015	1.6392555812554403E-4
4.0	33.38876407433933	14.015147798958097	14.706315180174434	37.88748377138335	0.002289175144790328
5.0	35.84789811538279	15.182101280416212	22.640390999691366	26.32013834569768	0.00947125881194489
6.0	32.74536851339144	17.400725906649576	20.496590586693017	29.3507929209427	0.006522072323259992
7.0	35.901148114974355	16.757593029883562	20.33059197133784	27.010015471052846	6.514127514046088E-4
8.0	23.320785914342302	27.113003259725065	22.10705503450947	27.45834208072336	8.13710699807476E-4
9.0	28.98857584258243	18.908484774566002	16.122128714883928	35.98048542505183	3.252429158027402E-4
10.0	26.219797654035215	17.65488049104008	24.8481755052147	31.27617103175635	9.753179536528908E-4
11.0	27.36591381374892	19.44073009564877	20.366835044461162	32.8240839278548	0.0024371182863484006
12.0	26.232770753419878	20.328035439774947	20.837750048293024	32.59397660182686	0.007467156685296682
13.0	27.024487915054905	20.95605415509229	18.69937563280459	33.31910875152522	9.73545522988655E-4
14.0	31.322204626288325	18.271502375451078	20.60671356992653	29.79925491315974	3.2451517432955165E-4
15.0	29.352073002933615	18.580440821412807	19.76475895012851	32.30175368000208	9.73545522988655E-4
16.0	31.012454892390767	16.50192112983203	19.280420052441652	33.20374360705107	0.0014603182844829825
17.0	29.954697681663596	17.73686362574314	20.82284067603001	31.48202834964563	0.003569666917625068
18.0	31.116624263350555	18.237428282146475	18.343869259326567	32.2942898309925	0.00778836418390924
19.0	30.626768607700093	18.60088527739557	19.65896700329707	31.11337911160726	0.0
20.0	30.095212752148292	17.550267400503646	19.772871829486746	32.58164801786131	0.0
21.0	29.202958280329188	17.74238038370674	19.96693190373582	33.08756717464109	1.6225758716477583E-4
22.0	28.30843220228978	18.80873724655365	20.922466834549184	31.959552428671568	8.112879358238791E-4
23.0	29.829110309198057	16.62377657779278	20.717373244372908	32.82827955035177	0.0014603182844829825
24.0	31.25519224278927	17.760877748643527	18.407311975907994	32.5743464264389	0.0022716062203068615
25.0	29.192249279576316	18.12044056180067	18.395791687219294	34.29119395622939	3.2451517432955165E-4
26.0	30.924673537734627	17.721773670136816	20.353104961187984	31.00028557335341	1.6225758716477583E-4
27.0	29.71277161920091	17.901879591889717	19.509527765518317	32.87565876580389	1.6225758716477583E-4
28.0	29.15752615592305	17.61792881435136	20.009281133985827	33.21169422882214	0.003569666917625068
29.0	29.93344193774501	17.589371479010357	19.989647965938886	32.485429268672604	0.0021093486331420857
30.0	29.530117490909504	17.72374951931112	19.558723549942155	33.185786861332815	0.0016225785044044893
31.0	29.030572673786555	18.28275747928775	19.702029199970145	32.982044517136075	0.002596129819471623
32.0	28.258918937337434	18.85994019156224	20.518869837952558	32.36227103314776	0.0
33.0	29.554305074185134	17.600308942456223	19.70546620455106	33.13894622064722	9.735581603645001E-4
34.0	29.932726694488977	17.083460437584783	19.27982190260461	33.70382870457511	1.6226074652924262E-4
35.0	29.8288703037544	16.806001064893575	20.51657078295651	32.84823318572004	3.246626754801761E-4
36.0	30.59932657746145	16.973559885576613	19.185561353209145	33.241227486289645	3.246974631387205E-4
37.0	28.767054338454844	18.28757637209997	19.06384001272936	33.88136691243207	1.6236428375431686E-4
38.0	30.164127697096955	17.712053082083333	19.942806198755765	32.179551510958895	0.0014615111050485467
39.0	29.824760889905395	18.09082285060817	19.62278433309076	32.46130704854975	3.248778459299303E-4
40.0	29.482811311308055	18.217669204710226	20.785731470222963	31.51134967131144	0.0024383424473155475
41.0	28.959601432474074	18.115492815664147	20.86638323074645	32.05673274205542	0.0017897790599104132
42.0	28.37034154791423	18.82021968861979	20.360514658118337	32.4469704493246	0.0019536560230401165
43.0	29.786565204785997	18.415917701210834	20.682522257222807	31.11141152977891	0.0035833070014561256
44.0	29.124315234783626	18.89104696976116	20.501569134808722	31.48306866064649	0.0
45.0	28.89733220538449	18.535687682048824	19.598926166620213	32.96772794917058	3.2599677589188644E-4
46.0	29.69567315845084	17.408623680880762	18.903516781675165	33.99186026793285	3.2611106038272396E-4
47.0	30.068076694741098	18.11649041315736	19.928335170893057	31.885140557008928	0.0019571641995524617
48.0	29.94909945184025	18.18780997128687	18.293852779953017	33.56809579744192	0.0011419994779430958
49.0	28.482980219880645	18.14219296427633	19.969744788972353	33.404102893827705	9.791330429659898E-4
50.0	29.630252539931877	18.66845847117492	19.695698036308535	32.00526437825146	3.2657433321685514E-4
51.0	29.70752052716908	18.35825139898541	19.468777783588724	32.46545029025679	0.0
52.0	29.77200146589184	17.026104654206588	20.160266478194856	33.04162740170672	0.0
53.0	31.484996732545323	17.04202814760706	19.92492224440561	31.538062161892142	0.009990713549864305
54.0	29.592880490195757	18.734283868979514	19.809783588670943	31.860265358778577	0.0027866933752102316
55.0	27.89550791663864	18.848014647134967	18.497913997299598	34.757579088458655	9.843504681406768E-4
56.0	30.361616685656497	17.670227122729017	20.720475194467884	31.247188465567117	4.925315794831046E-4
57.0	27.918971838574453	17.7687688082316	20.30993337450885	34.0013403944965	9.855841886013904E-4
58.0	30.038017189094834	17.200271527870232	23.119644844175546	29.642066438859388	0.0
59.0	29.52692753790091	19.92136023756447	22.00317520379708	28.54310791579952	0.005429104938017719
60.0	30.544149620953	19.129716658452196	20.192103228699107	30.134030491895697	0.0
61.0	29.62735523574643	20.520883888157048	19.30872365784165	30.54287214127948	1.6507697539362606E-4
62.0	29.718433096640485	15.394463272911322	23.30671986053151	31.580383769916686	0.0
63.0	25.428524515665714	19.932961931598612	26.80345174735173	27.83406668314147	9.951222424748026E-4
64.0	26.353048755143604	19.019743131468474	18.19327486595453	36.43110686229685	0.0028263851365393404
65.0	27.903218551277075	18.49496617180823	19.07640123350865	34.52058263458389	0.00483140882215251
66.0	26.13927094675386	18.806153599508356	18.01607871690904	37.03114875652133	0.007347980307412776
67.0	33.483761920795494	14.023026629880345	17.576022554237213	34.91568125890971	0.001507636177237709
68.0	34.254685530755786	14.910016126627909	23.127481671206514	27.70781667140979	0.0
69.0	32.295042622294126	16.469800071483206	20.760519168377485	30.47463813784518	0.0
70.0	31.909730647900997	15.978853424370797	23.11304415477604	28.998371772952165	0.0
71.0	24.908696231251476	19.562956956961635	26.28450324440903	29.24384356737786	0.0
