# Position (bp)	A	C	G	T	N
0.0	42.6733840711759	18.57648193804266	18.98381391360274	19.76632007717869	0.0
1.0	21.202701254153713	36.13463393718512	22.360381605745523	20.30228320291564	0.0
2.0	27.052778075152556	28.862006209185314	17.974520929236697	26.110694786425437	0.0
3.0	39.04812834224599	19.828877005347596	16.791443850267378	24.331550802139038	0.0
4.0	38.69104908565929	18.746658111431934	14.939578654689337	27.62271414821944	0.0
5.0	24.903805044890976	32.011543394613085	16.780675502351432	26.303976058144507	0.0
6.0	24.35952177625961	32.55764304013663	19.65200683176772	23.430828351836038	0.0
7.0	42.645491366446386	16.72351311021104	14.474525687486677	26.156469835855894	0.0
8.0	40.12772751463544	16.838744012772754	15.242150079829697	27.791378392762105	0.0
9.0	20.705407415276746	30.149792839689795	20.9709975565707	28.173802188462766	0.0
10.0	23.581202927760685	17.269544924154026	14.543332979739048	44.60591916834624	0.0
11.0	22.29522093885769	15.004768464554413	19.010278690261735	43.68973190632616	0.0
12.0	20.319441506240747	16.374021578167973	17.20964671038714	46.09689020520415	0.0
13.0	24.028716216216218	30.848817567567565	17.39864864864865	27.723817567567565	0.0
14.0	26.23538088715625	17.521862817405964	33.01022020861869	23.232536086819092	0.0
15.0	37.51970572779821	16.93116132422491	22.469784550709406	23.07934839726747	0.0
16.0	19.80488828280709	19.26990454211686	18.682471415084443	42.242735759991604	0.0
17.0	26.185739713119045	29.49429379122605	17.33849858653544	26.981467909119466	0.0
18.0	23.263598326359833	17.97071129707113	18.03347280334728	40.73221757322176	0.0
19.0	26.556623485165066	29.86836606769745	17.833263685750104	25.74174676138738	0.0
20.0	20.692893665866638	19.618073672127725	16.0075133048106	43.68151935719503	0.0
21.0	25.672015003125654	15.940821004375913	18.712231714940614	39.67493227755782	0.0
22.0	26.465696465696464	13.700623700623701	31.496881496881496	28.336798336798335	0.0
23.0	24.226697114386546	15.549096948308074	17.656217562798425	42.56798837450695	0.0
24.0	39.66410947543023	16.76342525399129	15.591955214596723	27.980510055981757	0.0
25.0	26.11801242236025	13.706004140786748	28.923395445134574	31.25258799171843	0.0
26.0	41.21475054229935	18.644768102468753	15.483937609751058	24.65654374548084	0.0
27.0	28.091162215118075	18.170568216974324	12.797772506960916	40.94049706094668	0.0
28.0	24.19936154875914	28.328699413036762	14.138605704870766	33.33333333333333	0.0
29.0	26.0766779730702	13.382670366944188	16.7334772330147	43.80717442697091	0.0
30.0	28.16423132331756	17.76085614323935	29.399053303148797	24.6758592302943	0.0
31.0	27.902660342338624	13.208909053413077	15.539286450814602	43.3491441534337	0.0
32.0	27.592611701578782	14.28129192033846	16.025178000206378	42.100918377876376	0.0
33.0	29.601242879337132	31.50699119627136	14.759192128430865	24.132573795960642	0.0
34.0	27.25573668362579	16.0627141522168	13.799190115252829	42.882359048904576	0.0
35.0	25.094816687737044	29.804045512010113	17.96249473240624	27.13864306784661	0.0
36.0	28.34937083641747	15.755525007930634	17.257058263719998	38.6380458919319	0.0
37.0	38.32271762208068	17.038216560509554	18.93842887473461	25.70063694267516	0.0
38.0	37.08545918367347	17.378826530612244	15.072278911564627	30.46343537414966	0.0
39.0	40.83892260193761	14.904716278079421	15.745768125199616	28.51059299478335	0.0
40.0	23.121573685907773	33.849295926045365	14.855422981833815	28.17370740621305	0.0
41.0	23.763336566440348	15.184825951072314	33.22556309947193	27.82627438301541	0.0
42.0	43.17690311418685	16.900951557093425	15.852076124567475	24.07006920415225	0.0
43.0	42.983220745260404	17.520156896927435	12.943996513401611	26.55262584441055	0.0
44.0	25.995393221454428	31.227377426785125	14.171328287813974	28.605901063946476	0.0
45.0	31.580222976248184	14.869122636936499	17.535142995637422	36.015511391177895	0.0
46.0	29.609224855861626	15.259449071108264	19.538757206918643	35.59256886611147	0.0
47.0	32.80545899317626	17.71597785502768	17.703102871121413	31.77546028067465	0.0
48.0	27.330072090628217	17.687950566426363	20.018022657054583	34.96395468589083	0.0
49.0	27.154282765737875	19.46594427244582	21.517027863777088	31.862745098039213	0.0
50.0	30.393171236420073	19.218830832902224	16.761510605276772	33.62648732540093	0.0
51.0	33.713692946058096	17.95902489626556	17.232883817427386	31.094398340248965	0.0
52.0	30.033775006495194	21.7329176409457	17.952714990906728	30.280592361652374	0.0
53.0	29.284504105304315	19.02775967678874	19.979147660628175	31.708588557278773	0.0
54.0	29.130662477088244	25.05891594658288	17.635506677140615	28.17491489918827	0.0
55.0	32.09925690021231	17.184182590233547	15.658174097664542	35.0583864118896	0.0
56.0	26.01931330472103	17.52950643776824	20.761802575107296	35.68937768240343	0.0
57.0	31.755068036656485	17.425715079144684	19.008608719800055	31.81060816439878	0.0
58.0	28.1597995545657	22.35523385300668	18.889198218262806	30.595768374164813	0.0
59.0	26.510394865355103	20.11999441886424	22.771033905399747	30.598576810380912	0.0
60.0	30.143874842855144	17.013549378404804	19.108814080178796	33.73376169856125	0.0
61.0	30.22962755530664	16.99803976477177	22.33267992159059	30.439652758330997	0.0
62.0	29.00420757363254	17.840112201963535	19.67741935483871	33.47826086956522	0.0
63.0	31.288076588337688	17.638526254714243	19.002030751378012	32.07136640557006	0.0
64.0	25.318494655147166	20.295797334895298	24.249524088446332	30.1361839215112	0.0
65.0	28.942705256940343	18.23685764914353	19.049025398700532	33.77141169521559	0.0
66.0	28.040290327358907	18.486150199970375	22.02636646422752	31.447193008443193	0.0
67.0	30.032611918173735	19.2558553216721	16.7803142603024	33.93121849985176	0.0
68.0	26.77935943060498	19.009489916963226	22.004744958481616	32.20640569395018	0.0
69.0	28.29682610639249	21.889435255550588	20.473848904783193	29.33988973327373	0.0
70.0	28.993288590604028	23.08724832214765	18.73228933631618	29.18717375093214	0.0
71.0	29.251802884615387	22.701322115384613	20.10216346153846	27.944711538461537	0.0
72.0	28.758368837492394	20.222154595252587	20.419963481436394	30.599513085818625	0.0
73.0	29.99847258286238	17.336184511990226	18.72613410722468	33.93920879792272	0.0
74.0	30.620985010706637	17.14591618231875	23.019271948608136	29.21382685836647	0.0
75.0	32.44485294117647	18.305759803921568	19.89889705882353	29.350490196078432	0.0
76.0	29.75130488179306	19.266195885784466	18.099478047282773	32.8830211851397	0.0
77.0	28.608762490392003	20.983858570330515	16.6641045349731	33.74327440430438	0.0
78.0	26.982412835544583	18.404813329219376	20.85775995063252	33.75501388460352	0.0
79.0	31.28474366893144	18.761581222977146	18.02038295243978	31.93329215565164	0.0
80.0	28.35195530726257	18.063314711359403	21.198013656114213	32.38671632526381	0.0
81.0	27.780370197542386	18.91429460258205	21.745216985534295	31.560118214341266	0.0
82.0	31.916549898801183	17.515179822512845	20.987077689553168	29.581192589132804	0.0
83.0	30.501327502733094	17.210682492581604	21.443073559269095	30.84491644541621	0.0
84.0	26.918868219477883	21.134906987650464	19.853056120056277	32.09316867281538	0.0
85.0	30.493343774471416	18.433829287392324	21.44087705559906	29.631949882537196	0.0
86.0	28.945306378310608	19.370004701457454	21.720733427362482	29.963955492869452	0.0
87.0	30.91795033008488	18.846274756365922	22.571518390443256	27.66425652310594	0.0
88.0	32.885800031590584	18.82798925920076	15.95324593271205	32.3329647764966	0.0
89.0	33.40183370218147	16.69301296237749	17.831172937085046	32.07398039835599	0.0
90.0	28.860439386755175	15.63142089457879	21.558400505768926	33.94973921289711	0.0
91.0	27.17924379053947	19.411485524442334	18.30406581237146	35.10520487264673	0.0
92.0	29.22977763454721	17.821463100225586	18.288752819851755	34.660006445375444	0.0
93.0	32.983870967741936	17.838709677419352	18.693548387096776	30.483870967741932	0.0
94.0	30.80284881838783	18.355454839753964	19.42376173518938	31.417934606668823	0.0
95.0	29.82030111704711	17.387081107333657	21.321029626032054	31.471588149587177	0.0
96.0	30.560051796697962	14.357397215927485	20.394949821948853	34.687601165425704	0.0
97.0	29.096502590673573	17.519430051813472	20.077720207253886	33.30634715025907	0.0
98.0	32.63089641757173	17.604149781163883	16.08040201005025	33.68455179121413	0.0
99.0	26.2987012987013	19.350649350649352	20.34090909090909	34.00974025974026	0.0
100.0	32.88809252321225	16.387033718846716	17.90193842645382	32.822935331487216	0.0
101.0	30.223454575110097	19.670526830859565	18.92024139618333	31.18577719784701	0.0
102.0	29.937867887508173	16.85742315238718	18.999345977763245	34.2053629823414	0.0
103.0	28.026208026208028	20.245700245700245	19.98361998361998	31.744471744471745	0.0
104.0	27.666557269445356	17.21365277321956	20.364292746964228	34.755497210370855	0.0
105.0	27.33245729303548	17.73981603153745	20.581471747700395	34.346254927726676	0.0
106.0	30.235255135851556	19.251159708416168	18.952948972829688	31.560636182902584	0.0
107.0	30.37344398340249	19.75103734439834	19.269709543568464	30.605809128630707	0.0
108.0	31.99667221297837	17.73710482529118	17.8369384359401	32.42928452579035	0.0
109.0	26.675558519506502	18.322774258086028	21.20706902300767	33.7945981993998	0.0
110.0	24.70391993327773	17.231025854879064	22.418682235196	35.64637197664721	0.0
111.0	27.309169868047434	19.709370302321698	21.596793051611826	31.384666778019042	0.0
112.0	28.272864069553588	19.01019896338405	19.411469653904028	33.30546731315833	0.0
113.0	28.029540114132256	16.280631084256463	20.57737495803961	35.112453843571664	0.0
114.0	30.951979780960404	15.939342881213141	21.364785172704295	31.743892165122155	0.0
115.0	27.972264501944867	20.158971757145274	17.943514290546254	33.9252494503636	0.0
116.0	29.279050042408823	17.421543681085666	19.59287531806616	33.70653095843936	0.0
117.0	27.541150517563214	20.431019854064143	19.854064143899542	32.17376548447311	0.0
118.0	28.243885869565215	17.085597826086957	21.365489130434785	33.30502717391305	0.0
119.0	23.97959183673469	17.687074829931973	24.421768707482993	33.91156462585034	0.0
120.0	25.831769322641186	21.753966899846443	22.709435249957348	29.704828527555026	0.0
121.0	28.546920569565966	18.27071538857437	19.523074283753648	33.65928975810602	0.0
122.0	26.50188808788191	17.09577754891864	21.266735324407826	35.135599038791625	0.0
123.0	28.43878954607978	17.365887207702887	21.200137551581843	32.99518569463549	0.0
124.0	29.88961710934805	17.91997240427734	19.748189030700242	32.44222145567437	0.0
125.0	28.15634728467658	19.31857488758215	20.719474230370114	31.805603597371153	0.0
126.0	31.344058121432276	18.335928040131467	18.716485037190797	31.60352880124546	0.0
127.0	30.521392690109128	18.170795080547375	21.115537848605577	30.192274380737917	0.0
128.0	30.4823039555864	19.587092297015964	18.42470506592644	31.5058986814712	0.0
129.0	28.96659707724426	19.08489909533751	20.981210855949893	30.967292971468336	0.0
130.0	30.146290491118076	18.30372692441658	18.773946360153257	32.77603622431209	0.0
131.0	30.978545264259548	20.041862899005753	18.646432932147217	30.333158904587478	0.0
132.0	30.225248821372446	18.59612362493452	21.14545137070019	30.033176182992843	0.0
133.0	27.972027972027973	21.25874125874126	19.895104895104897	30.874125874125873	0.0
134.0	29.849439775910362	20.185574229691877	18.10224089635854	31.862745098039213	0.0
135.0	29.740168539325847	15.765449438202248	20.470505617977526	34.02387640449438	0.0
136.0	28.666901160745688	17.340837143862117	19.785437917692576	34.20682377769961	0.0
137.0	29.705415417181158	17.357558652319632	19.456694302346094	33.48033162815312	0.0
138.0	31.210191082802545	16.383581033262562	19.550601556970985	32.85562632696391	0.0
139.0	30.20741003368197	19.535543343378833	20.528275128523312	29.728771494415884	0.0
140.0	31.54064607738729	16.577919772807952	19.577564785232518	32.30386936457224	0.0
141.0	34.72	16.96	18.72	29.599999999999998	0.0
142.0	33.61808150916533	18.06371240434241	18.11710268731091	30.20110339918135	0.0
143.0	34.01069518716577	17.629233511586452	19.53654188948307	28.823529411764703	0.0
144.0	29.599857091818503	19.167559842800998	18.202929617720613	33.02965344765988	0.0
145.0	33.23187108325873	18.83616830796777	17.547000895255145	30.38495971351835	0.0
146.0	30.048465266558967	19.888709387901635	18.704002872015796	31.358822473523606	0.0
147.0	30.243024302430243	17.893789378937893	19.351935193519353	32.51125112511251	0.0
148.0	27.872992964098863	19.574237777376872	18.85260689157496	33.70016236694931	0.0
149.0	31.49990953500995	18.726252940112175	17.42355708340872	32.35028044146915	0.0
150.0	28.540344514959205	17.515865820489573	20.181323662737988	33.76246600181324	0.0
151.0	27.977487291212782	18.936092955700797	19.262890341321715	33.82352941176471	0.0
152.0	26.739327883742053	18.147138964577657	19.418710263396914	35.694822888283376	0.0
153.0	29.41283403017633	16.72423195782585	20.214506453372113	33.648427558625706	0.0
154.0	29.44393801276208	15.989061075660892	21.567912488605288	32.99908842297174	0.0
155.0	29.709482916133744	18.161885620317925	19.495706194043485	32.632925269504845	0.0
156.0	30.54945054945055	17.399267399267398	20.439560439560438	31.61172161172161	0.0
157.0	31.04905383060812	17.582215689876907	19.80525445526364	31.56347602425133	0.0
158.0	29.036410445016553	20.706141963957336	19.087899963221773	31.169547627804338	0.0
159.0	31.994102469590857	15.370438628824179	20.291190563951346	32.344268337633615	0.0
160.0	27.75419819154826	18.029156670972505	23.98966599003506	30.226979147444176	0.0
161.0	29.142011834319526	16.84541420118343	21.72707100591716	32.28550295857988	0.0
162.0	28.656163113994438	19.962928637627435	20.759962928637627	30.6209453197405	0.0
163.0	30.62929274178578	17.37516242806757	19.89975867829961	32.09578615184704	0.0
164.0	30.117122141662016	17.921546755902583	19.743446737311768	32.21788436512363	0.0
165.0	30.465549348230915	16.182495344506517	23.35195530726257	30.0	0.0
166.0	33.02221392570468	18.480492813141684	19.320515213739036	29.176778047414597	0.0
167.0	32.64771877337323	17.707554225878834	19.670905011219148	29.973821989528798	0.0
168.0	27.734082397003746	18.745318352059925	21.460674157303373	32.059925093632955	0.0
169.0	28.359330952828415	18.079308400676563	20.296936666040217	33.2644239804548	0.0
170.0	26.342566421707183	17.297908422837764	22.51742980968532	33.84209534576974	0.0
171.0	27.150943396226413	20.11320754716981	19.11320754716981	33.62264150943396	0.0
172.0	31.01755710779687	20.879743250896734	16.971870870303945	31.130828771002456	0.0
173.0	29.790051068658975	19.31151881974655	19.04671836580291	31.851711745791565	0.0
174.0	28.70949403069926	20.560924767860527	19.897669130187605	30.831912071252603	0.0
175.0	29.5648869466084	17.76553296598898	19.874596237887136	32.79498384951548	0.0
176.0	29.35902327355971	16.138878290728726	20.431133155284243	34.070965280427316	0.0
177.0	26.14591291061879	18.52559205500382	21.1038961038961	34.22459893048128	0.0
178.0	28.360498561840842	16.989453499520614	22.416107382550337	32.23394055608821	0.0
179.0	27.894029564215778	17.29698598579382	20.848531387982337	33.960453062008064	0.0
180.0	29.19230769230769	18.23076923076923	19.73076923076923	32.84615384615385	0.0
181.0	27.788498649170208	17.88884600540332	19.181783095329987	35.140872250096486	0.0
182.0	31.700232378001548	15.666150271107668	21.30131680867545	31.332300542215336	0.0
183.0	30.065993788819878	20.011645962732917	21.020962732919255	28.90139751552795	0.0
184.0	33.008573655494935	19.1348402182385	17.439594699922058	30.416991426344502	0.0
185.0	28.493257768223568	20.050811022083252	21.282001172562047	30.17393003713113	0.0
186.0	30.017622870569806	17.07460348541218	20.30546308987664	32.602310554141376	0.0
187.0	29.569998036520715	19.713332024347142	20.20420184567053	30.512468093461614	0.0
188.0	31.160133937364588	18.04215087650187	19.164861138467597	31.632854047665944	0.0
189.0	31.500889855645642	18.15305517105003	19.972315602135655	30.37373937116868	0.0
190.0	31.159563924677897	18.671952428146678	17.958374628344895	32.21010901883052	0.0
191.0	28.432346513014107	17.44486389827141	19.491357043512817	34.63143254520167	0.0
192.0	31.72482552342971	17.467597208374876	19.222333000997008	31.585244267198405	0.0
193.0	27.935871743486974	15.91182364729459	22.82565130260521	33.326653306613224	0.0
194.0	28.640386162510055	18.36283185840708	19.207562349155268	33.789219629927594	0.0
195.0	27.801332525741973	19.382192610539068	20.75509792045225	32.06137694326671	0.0
196.0	31.112011342920802	17.318209438930523	16.81182904597934	34.75795017216933	0.0
197.0	28.223350253807105	19.370558375634516	19.756345177664976	32.6497461928934	0.0
198.0	30.340052942374264	19.385053960496844	17.735695377723477	32.539197719405415	0.0
199.0	27.848101265822784	21.35565536953859	18.966925275622703	31.829318089015924	0.0
200.0	25.644699140401144	18.706508391322142	20.568972574703235	35.07981989357348	0.0
201.0	29.421419778416087	19.12187115305704	18.013951579811245	33.442757488715635	0.0
202.0	33.113673805601316	17.380560131795715	18.554365733113674	30.951400329489292	0.0
203.0	31.779748401732316	16.66322953186224	20.93215095896061	30.624871107444836	0.0
204.0	33.05716652858327	18.040596520298262	20.56752278376139	28.334714167357085	0.0
205.0	33.381863560732114	17.450083194675543	18.96838602329451	30.199667221297837	0.0
206.0	30.139554259529266	16.475734222037076	20.870651947510936	32.514059570922726	0.0
207.0	28.434037215136943	18.14760610495505	18.628475851975747	34.789880827932265	0.0
208.0	25.60285175089117	19.647724889914027	19.479974837492136	35.269448521702664	0.0
209.0	28.49643007139857	17.765644687106256	20.852582948341034	32.88534229315413	0.0
210.0	30.147368421052633	16.926315789473684	18.442105263157895	34.48421052631579	0.0
211.0	28.61363156784132	19.24456636421186	19.49778434268833	32.64401772525849	0.0
212.0	29.09592529711375	16.850594227504246	20.47962648556876	33.57385398981324	0.0
213.0	28.54708138048573	18.704729441840648	20.174691095014914	32.573498082658716	0.0
214.0	31.160504381278052	18.999786279119473	20.60269288309468	29.237016456507803	0.0
215.0	30.94420600858369	20.34334763948498	19.570815450643778	29.141630901287552	0.0
216.0	29.762931034482758	19.051724137931032	20.301724137931036	30.88362068965517	0.0
217.0	27.046340407102644	20.701602425292336	20.636639237765266	31.615417929839758	0.0
218.0	27.38327904451683	18.436482084690553	19.022801302931597	35.157437567861024	0.0
219.0	26.329555361813426	19.289450741063643	22.798605056669572	31.58238884045336	0.0
220.0	30.787746170678336	19.452954048140043	18.38074398249453	31.378555798687092	0.0
221.0	32.432432432432435	17.358822236871017	16.78751922654362	33.421226104152936	0.0
222.0	31.17283950617284	19.378306878306876	19.069664902998237	30.379188712522048	0.0
223.0	31.01923502100376	18.284324563342913	17.51050187928366	33.18593853636966	0.0
224.0	31.682948490230906	19.604795737122558	18.183836589698046	30.52841918294849	0.0
225.0	32.723214285714285	18.99553571428571	19.598214285714285	28.683035714285715	0.0
226.0	31.021324354657686	18.72053872053872	23.367003367003367	26.891133557800224	0.0
227.0	28.693886758402886	17.234378524701103	22.467854725919242	31.603879990976765	0.0
228.0	26.944065484311054	20.850386539336064	20.327421555252386	31.8781264211005	0.0
229.0	31.102991550582328	20.78100022836264	19.136789221283397	28.97921899977164	0.0
230.0	28.627091450836577	21.8656887462755	19.894567957827185	29.61265184506074	0.0
231.0	31.18948824343015	20.07837713231904	18.6030428769018	30.12909174734901	0.0
232.0	28.296639629200467	20.6720741599073	19.907300115874854	31.12398609501738	0.0
233.0	27.452347745234775	20.1999070199907	20.316132031613204	32.03161320316132	0.0
234.0	25.175479644361253	20.823584464202153	23.795039775386055	30.20589611605054	0.0
235.0	28.943661971830988	17.417840375586856	22.934272300469484	30.704225352112672	0.0
236.0	29.511677282377917	18.87237556027365	21.372965322009907	30.242981835338522	0.0
237.0	26.911242603550296	19.857988165680474	21.301775147928996	31.928994082840234	0.0
238.0	27.61406844106464	18.654942965779465	24.382129277566538	29.348859315589355	0.0
239.0	27.58868648130393	17.78523489932886	21.069031639501436	33.557046979865774	0.0
240.0	27.8783490224475	16.31667873521603	21.40960656529085	34.39536567704562	0.0
241.0	27.857316185391895	17.20456199951468	25.06673137587964	29.871390439213783	0.0
242.0	26.74333251773917	18.571079031074138	23.733790066063126	30.951798385123563	0.0
243.0	27.223587223587227	16.78132678132678	24.815724815724817	31.17936117936118	0.0
244.0	27.281721493940143	20.43037348503586	20.94978976007915	31.338115260944843	0.0
245.0	30.122285999500875	16.89543299226354	20.63888195657599	32.343399051659596	0.0
246.0	26.516683518705765	21.91607684529828	22.295247724974722	29.27199191102123	0.0
247.0	24.447300771208226	21.02827763496144	22.956298200514137	31.568123393316196	0.0
248.0	23.263241948363056	20.734628693106202	25.259515570934255	30.742613787596483	0.0
249.0	19.456869009584665	22.044728434504794	23.99361022364217	34.504792332268366	0.0
250.0	15.681818181818183	20.681818181818183	23.954545454545453	39.68181818181818	0.0
