# Position (bp)	A	C	G	T	N
0.0	28.420395909559996	33.02870813397129	19.171873534102637	19.379022422366077	0.0
1.0	37.50322858372794	18.39001291433491	17.675790019394647	26.430968482542504	0.0
2.0	40.06959725704928	20.66141153764612	15.950437541579243	23.318553663725353	0.0
3.0	38.49732745855755	21.30891328686482	17.99541334103796	22.198345913539672	0.0
4.0	35.50981474704108	20.547481864394797	22.597675457002932	21.34502793156119	0.0
5.0	42.745268981779056	19.637853827605923	16.371329443641493	21.245547746973532	0.0
6.0	30.579600257443374	20.843391551977994	15.601773890657098	32.97523429992154	0.0
7.0	31.7845525247477	29.158534339900573	15.771891522213746	23.28502161313798	0.0
8.0	34.02083874960499	25.02269363116481	17.667681205471684	23.288786413758512	0.0
9.0	38.19188127424761	18.94331495129079	22.039935089322054	20.824868685139542	0.0
10.0	35.41740377761007	21.58783719013018	23.21346093849401	19.781298093765738	0.0
11.0	35.527370140067674	25.093768515529774	18.036094461937076	21.342766882465483	0.0
12.0	31.08858220848127	23.31498116991566	16.65510966981747	28.9413269517856	0.0
13.0	31.23345271970014	20.18225662802669	18.433214525669225	30.151076126603947	0.0
14.0	36.21301128493529	18.131181409823295	17.46662700040678	28.189180304834625	0.0
15.0	36.40543728770075	22.746518487315566	17.630447840365697	23.217596384617988	0.0
16.0	37.85280101442472	22.330595749324843	17.749660905672012	22.066942330578428	0.0
17.0	35.791406295309805	20.825005345205028	17.95140581056247	25.432182548922693	0.0
18.0	35.320976706966285	17.88481086575686	20.280208491035317	26.514003936241537	0.0
19.0	27.663853455960613	21.513755796248727	24.553527811186036	26.268862936604627	0.0
20.0	36.27801500817127	22.374412649522128	16.809653073235488	24.53791926907112	0.0
21.0	31.916817906574767	20.713979059355438	16.459336260520207	30.909866773549588	0.0
22.0	31.098421206224003	26.527896973474952	18.747981827380837	23.625699992920207	0.0
23.0	33.95105145560603	21.45173108074637	17.78054710039552	26.816670363252086	0.0
24.0	39.29839272512071	19.009340328011408	16.5077163169759	25.184550629891984	0.0
25.0	33.6676331435451	18.858372903690952	23.69046982505101	23.783524127712933	0.0
26.0	31.733011688368794	17.7057621063032	19.9994654577966	30.56176074753141	0.0
27.0	30.444799950351758	28.348799564198796	18.58188770188991	22.624512783559535	0.0
28.0	38.7912558567611	20.337966461882903	18.408046804106476	22.462730877249527	0.0
29.0	34.330594677500656	18.016793833931473	19.810778556626413	27.841832931941457	0.0
30.0	30.48464892059424	19.328046107960397	18.02324529238448	32.16405967906088	0.0
31.0	30.79451563667515	20.53361279719249	19.20432088817108	29.46755067796128	0.0
32.0	30.33534995530908	20.8238126308513	16.567875461885155	32.272961951954464	0.0
33.0	29.46731084569188	18.95689897458976	27.602622925945276	23.973167253773088	0.0
34.0	29.025748404361284	26.412186617935834	20.727047251258444	23.83501772644444	0.0
35.0	28.599214400479095	19.440982432213996	19.230759038943443	32.72904412836347	0.0
36.0	27.386031898568547	18.36007209136774	29.37927133818493	24.87462467187878	0.0
37.0	31.136782871137942	23.41270440978411	21.47019473101695	23.980317988061	0.0
38.0	34.625043571596045	20.119691508642553	17.628332279888777	27.626932639872624	0.0
39.0	26.21027493614139	18.03789153062264	21.830172726606474	33.9216608066295	0.0
40.0	35.51752495310375	19.039966173785757	20.685142086224598	24.757366786885893	0.0
41.0	36.77581185320498	18.024627493666202	20.487556478794687	24.712004174334133	0.0
42.0	27.198882627265842	19.587050859538255	30.288126654775382	22.925939858420524	0.0
43.0	26.209710881715154	28.573116653978126	21.521596374565675	23.695576089741046	0.0
44.0	32.6115646898028	19.21720312692088	20.2766247477998	27.89460743547652	0.0
45.0	29.365091584214458	19.647972468132316	17.293363823669257	33.69357212398397	0.0
46.0	32.12625175581552	21.833815464243067	18.814447957083694	27.225484822857727	0.0
47.0	29.034200363450484	20.590888998437418	18.166703351275444	32.208207286836654	0.0
48.0	30.123359986870778	20.33333637250522	17.680504016265647	31.862799624358356	0.0
49.0	33.76138775517663	19.69470628705503	22.770211066919934	23.773694890848407	0.0
50.0	33.7344852717664	18.399854237548848	21.916648049603182	25.94901244108157	0.0
51.0	30.798340224594554	23.991866293015327	20.079538551605545	25.130254930784574	0.0
52.0	32.275749617668765	17.957145775400875	25.394799559053844	24.37230504787652	0.0
53.0	30.206478304054034	23.863373318196448	22.651192859718517	23.278955518031	0.0
54.0	33.39522700868699	23.85081560090317	18.97005720158638	23.783900188823463	0.0
55.0	28.291441834445685	24.096456959101374	19.336219336219337	28.275881870233604	0.0
56.0	34.90833525916067	19.768269604690296	18.540380654855547	26.78301448129349	0.0
57.0	28.246182684422227	27.410194757013983	17.340961455851918	27.002661102711873	0.0
58.0	32.506133417317436	22.075084395635933	21.34270824500871	24.076073942037926	0.0
59.0	34.623623382468566	18.91669047792463	21.90766461049451	24.5520215291123	0.0
60.0	34.80946888703318	23.887913182521167	18.174320240560508	23.128297689885148	0.0
61.0	37.409322147581754	19.467279049980345	18.57028008469051	24.55311871774739	0.0
62.0	31.54075164532283	25.74816243691088	18.185176724733566	24.525909193032724	0.0
63.0	36.018272445592935	20.389848599467353	18.15854898166632	25.433329973273395	0.0
64.0	31.406960923994063	18.467984904748285	20.198066168715968	29.926988002541684	0.0
65.0	31.628827179619833	19.44552620433039	19.072958624342533	29.852687991707246	0.0
66.0	31.328295316963583	25.31090047573522	18.755523793413452	24.60528041388774	0.0
67.0	25.865223524212546	25.951800642137435	22.03821012999902	26.144765703651	0.0
68.0	26.885287213905322	24.819802233488193	21.758898204370183	26.536012348236298	0.0
69.0	36.05065548472768	18.401790181744776	19.844593243575503	25.70296108995204	0.0
70.0	28.115032208519846	27.803253352916986	18.988501956287685	25.09321248227549	0.0
71.0	28.786906228439534	26.791188052404298	17.880074336153932	26.541831383002233	0.0
72.0	35.608721572495014	17.707134457415446	21.649640421497082	25.034503548592458	0.0
73.0	34.94806883232328	23.238485719773415	19.712513379719578	22.100932068183727	0.0
74.0	26.76688210019158	30.682014894989457	18.69484613249597	23.856256872322998	0.0
75.0	36.13163626423796	19.450090679011808	20.66977427662769	23.74849878012254	0.0
76.0	30.950354444548083	21.52949429468644	23.43871451668066	24.08143674408482	0.0
77.0	33.298581745478074	21.332278444012267	17.935326970220164	27.433812840289495	0.0
78.0	32.010589505253236	18.733264625288793	24.341111018849123	24.915034850608848	0.0
79.0	33.18187429095419	24.45181819428688	17.69239511020458	24.67391240455435	0.0
80.0	33.87978732495219	24.731381356456623	17.412794095546612	23.976037223044578	0.0
81.0	31.849251199649505	17.437471692416086	20.798167790089213	29.9151093178452	0.0
82.0	34.66888197073661	21.429009664082585	18.63457972224916	25.26752864293164	0.0
83.0	34.79420652287173	19.30553694855039	20.321925998699992	25.578330529877892	0.0
84.0	32.6957847360497	18.832709914890692	18.976200640235316	29.495304708824282	0.0
85.0	35.98704758863621	19.735463462824185	18.925289134144272	25.352199814395338	0.0
86.0	35.335886349104065	20.29267287142227	19.215763187940855	25.15567759153282	0.0
87.0	33.833804908394036	19.958260590371843	22.64975016555295	23.558184335681176	0.0
88.0	32.91891217464451	19.38810829955848	23.72031200318765	23.972667522609363	0.0
89.0	33.03769848879057	18.72157777773292	20.02640125466513	28.214322478811376	0.0
90.0	29.706062492723696	24.974109000349262	19.756629665062082	25.56319884186496	0.0
91.0	32.1225643374419	20.031258536942044	18.04515325112142	29.801023874494636	0.0
92.0	34.90869354005905	20.178977159890948	17.56122996640232	27.35109933364769	0.0
93.0	38.400886637112094	17.383296900855992	18.808249402439273	25.40756705959264	0.0
94.0	34.86946265362232	20.140369790060163	17.587725995054573	27.40244156126294	0.0
95.0	34.53415408156339	20.394242970817917	20.802800361151156	24.268802586467526	0.0
96.0	28.75985527037787	21.579793137307483	23.361271211264818	26.299080381049826	0.0
97.0	36.80688949974333	21.226340889897166	17.496977926443556	24.469791683915947	0.0
98.0	37.49979236915104	18.120982343072605	19.347769214158763	25.03145607361759	0.0
99.0	31.006312778581584	17.329807239264316	24.4970416668404	27.1668383153137	0.0
100.0	33.91374109358068	19.787626614451934	20.161978637145257	26.136653654822123	0.0
101.0	32.61455299361239	18.322183704474682	18.243912470517134	30.819350831395788	0.0
102.0	28.969606335699392	17.06763274848874	23.615645470438317	30.34711544537355	0.0
103.0	28.673103675559542	19.164202878802765	23.75936529867024	28.403328146967453	0.0
104.0	30.170212450472526	25.768264926025207	18.363901530757605	25.697621092744654	0.0
105.0	27.56936270031149	18.9298872603805	22.039044539161402	31.461705500146607	0.0
106.0	27.621559132051548	16.958557752241525	27.007410485490684	28.41247263021624	0.0
107.0	33.331516558301374	20.844821763682454	20.44459691105497	25.379064766961196	0.0
108.0	33.23009698642061	18.4489676901323	17.49100300060784	30.829932322839248	0.0
109.0	29.915748458183884	18.16977610335544	24.443806501002072	27.470668937458605	0.0
110.0	35.054827600711405	18.14126506316472	21.001554176701585	25.802353159422292	0.0
111.0	35.36858731635545	19.555899344397083	18.186057078564165	26.889456260683296	0.0
112.0	32.778562608908885	18.60852695515178	22.1900694629802	26.422840972959133	0.0
113.0	28.973813716293133	22.783655719257617	20.135643687192424	28.106886877256827	0.0
114.0	28.080178222362974	18.918980900066614	22.70893623527099	30.291904642299418	0.0
115.0	26.57932745742816	22.609204124740888	21.794614885115433	29.01685353271552	0.0
116.0	33.43931201015989	17.44012058278751	20.597838386546055	28.522729020506542	0.0
117.0	31.26686894702489	21.37703529909856	18.24073420713744	29.11536154673911	0.0
118.0	27.604503759955833	21.229893336077097	23.671734890199552	27.493868013767514	0.0
119.0	29.62675996927408	23.373901614886975	22.147528827752787	24.85180958808616	0.0
120.0	30.929723241911976	22.791318589677214	21.22420667394831	25.0547514944625	0.0
121.0	29.695002200738646	20.126704455322773	20.224117861284206	29.95417548265438	0.0
122.0	31.483536562126584	20.02918961818096	20.186347239877232	28.300926579815222	0.0
123.0	34.918396675145225	22.85601516695116	18.124888957856836	24.10069920004678	0.0
124.0	30.403066382625337	26.496520192811108	18.545318734090376	24.55509469047318	0.0
125.0	32.877863390725715	24.600359664977056	17.084765878030993	25.437011066266237	0.0
126.0	33.71206738775812	19.548929446335904	20.604534577718162	26.134468588187815	0.0
127.0	28.157765063374306	27.142589905736997	20.112787100659748	24.586857930228952	0.0
128.0	34.733858606625404	22.65947935900327	17.028149779584396	25.57851225478693	0.0
129.0	30.713277615343593	22.693243044445673	21.930568580938196	24.662910759272542	0.0
130.0	35.5593659995569	20.150607414518866	19.635274351968096	24.654752233956135	0.0
131.0	35.04942993091511	18.845240812335412	21.13768202414206	24.96764723260742	0.0
132.0	32.29100005817674	20.51591133864681	19.765315027052186	27.427773576124263	0.0
133.0	31.343716011061044	22.142651029174846	21.756425698354047	24.75720726141006	0.0
134.0	32.901168769575364	17.843458130438254	18.301410130588515	30.953962969397864	0.0
135.0	32.675299914107995	17.904235136436142	22.25310768591843	27.16735726353743	0.0
136.0	35.2638816444592	19.990397837735312	20.17153492341979	24.574185594385696	0.0
137.0	33.224203867186105	20.38040435088221	16.989408723209074	29.40598305872261	0.0
138.0	31.730641328458386	19.205221032246776	21.14549217408394	27.918645465210894	0.0
139.0	35.21704892450849	18.198347027828884	20.635541791490468	25.949062256172155	0.0
140.0	31.94794260040212	21.793894699658612	17.957455971624412	28.30070672831486	0.0
141.0	31.729889866127024	21.010930689601494	20.132875739414697	27.126303704856785	0.0
142.0	30.5375143124932	22.877382411488608	21.614950246901966	24.970153029116222	0.0
143.0	33.2353421525396	20.77069204122506	21.318730437067682	24.675235369167652	0.0
144.0	30.336466488938196	20.51736071986221	23.36815672134314	25.778016069856452	0.0
145.0	31.47173661094379	21.305093073584956	18.667726864128444	28.55544345134281	0.0
146.0	34.34548580669658	20.702935288426243	18.825506191870403	26.126072713006778	0.0
147.0	32.655947453133756	21.143961411852402	18.710248094014574	27.48984304099927	0.0
148.0	33.46464335353023	20.473492544575954	20.760657723436253	25.301206378457564	0.0
149.0	32.711575272757955	23.329703591598687	20.214014142809685	23.744706992833677	0.0
150.0	22.816569159960856	24.475109080730427	24.04092290203888	28.667398857269845	0.0
