# Position (bp)	A	C	G	T	N
0.0	76.11880660628663	7.099094299413958	8.11134789557805	8.670751198721364	0.0
1.0	7.617525635903583	76.05540018644294	8.163537088826741	8.163537088826741	0.0
2.0	10.437086092715232	73.8543046357616	5.920529801324504	9.788079470198676	0.0
3.0	77.4095590176921	6.7071560602059686	6.720359123316609	9.162925798785318	0.0
4.0	76.10187384534179	8.023225125362893	5.977830562153603	9.897070467141726	0.0
5.0	9.18918918918919	73.09162821357943	6.657877389584707	11.06130520764667	0.0
6.0	11.310308462958082	72.3437911943053	6.709728447139468	9.636171895597153	0.0
7.0	77.08223510806536	6.536636794939378	6.642066420664207	9.739061676331048	0.0
8.0	74.7398920057948	8.349795864612144	6.255761885947583	10.654550243645462	0.0
9.0	10.161906015532447	71.37027774121364	6.58154534684744	11.886270896406476	0.0
10.0	9.78689818468824	5.761641673243883	6.695606419363326	77.75585372270454	0.0
11.0	9.590120861797162	6.805044666316343	6.04308985811876	77.56174461376773	0.0
12.0	10.388247639034628	6.9386149003147946	7.332109129066107	75.34102833158447	0.0
13.0	10.832025117739404	70.94453165881738	7.417582417582418	10.805860805860807	0.0
14.0	10.109574745630056	6.457083224628228	72.006261414036	11.427080615705714	0.0
15.0	72.37884890216968	7.8472131999480315	7.938157723788489	11.835780174093804	0.0
16.0	9.2016588906169	8.255572835666149	7.20580611715915	75.3369621565578	0.0
17.0	10.730888429752067	70.53202479338843	6.62448347107438	12.112603305785125	0.0
18.0	8.798864662624178	8.16668816926848	7.676428847890595	75.35801832021674	0.0
19.0	9.66121344840912	72.31740306582508	7.149297951822748	10.872085533943062	0.0
20.0	9.964047252182844	6.908063687724705	6.535695942475603	76.59219311761684	0.0
21.0	10.084463782953673	7.269004351164576	9.035065267468646	73.6114665984131	0.0
22.0	10.152154455951925	6.789413118527042	70.22119933512339	12.837233090397648	0.0
23.0	10.960654062340316	7.473173224322943	6.962187020950434	74.60398569238632	0.0
24.0	74.54986591750735	6.29549227429447	8.0960286042651	11.058613203933087	0.0
25.0	12.579739729522837	6.009186016841031	69.1630517989283	12.248022454707835	0.0
26.0	74.36224489795919	6.747448979591837	6.926020408163265	11.964285714285715	0.0
27.0	9.885204081632654	9.400510204081632	6.096938775510204	74.61734693877551	0.0
28.0	10.790816326530612	70.06377551020408	5.3188775510204085	13.826530612244897	0.0
29.0	11.400153022188217	5.623565416985462	6.452435603162458	76.52384595766387	0.0
30.0	11.159401764029145	6.736546082065703	69.29566662405726	12.808385529847884	0.0
31.0	10.840282232200128	6.452854393842207	6.593970493906349	76.11289288005132	0.0
32.0	9.992283950617283	7.523148148148148	6.365740740740741	76.11882716049382	0.0
33.0	10.972311654861558	70.624597553123	6.065679330328397	12.337411461687058	0.0
34.0	11.564713457823567	7.701223438506117	6.722472633612362	74.01159047005795	0.0
35.0	10.770814566979798	70.98185561703771	5.8679706601467	12.379359155835798	0.0
36.0	10.224342444559051	7.142857142857142	6.536874677668901	76.0959257349149	0.0
37.0	75.37207195548078	6.859065614080497	6.2896337517794745	11.479228678659247	0.0
38.0	75.8039419087137	7.404045643153527	5.718360995850622	11.073651452282157	0.0
39.0	75.1071846173834	8.003118097960245	5.6645446277770555	11.225152656879303	0.0
40.0	9.657685799817779	70.21996615905245	7.822465182871275	12.299882858258492	0.0
41.0	9.989401165871755	6.33280339162692	72.8404875463699	10.837307896131426	0.0
42.0	75.73539198722214	6.002928257686676	7.027818448023426	11.23386130706775	0.0
43.0	74.36173071754905	7.672668637463048	6.7186240257995165	11.24697661918839	0.0
44.0	11.253715212104836	70.35936233450418	6.525263442312888	11.861659011078087	0.0
45.0	19.753353526611857	9.865858935525747	9.671138035482475	60.709649502379925	0.0
46.0	25.579119086460032	17.879282218597066	15.171288743882544	41.37030995106036	0.0
47.0	31.71940526115135	15.364086923370188	17.956538314906595	34.959969500571866	0.0
48.0	27.314994188299107	21.968229368461838	17.51259201859744	33.20418442464161	0.0
49.0	27.297507788161994	22.468847352024923	16.861370716510905	33.372274143302185	0.0
50.0	27.190569744597248	22.514734774066795	15.874263261296658	34.420432220039295	0.0
51.0	33.52987421383648	15.723270440251572	16.94182389937107	33.80503144654088	0.0
52.0	29.367588932806328	19.604743083003953	17.15415019762846	33.873517786561266	0.0
53.0	30.14676715589052	20.46806822689409	19.754065846886157	29.631098770329235	0.0
54.0	27.8714859437751	22.008032128514056	18.152610441767067	31.96787148594378	0.0
55.0	31.313131313131315	18.505050505050505	19.838383838383837	30.343434343434346	0.0
56.0	27.584814216478193	19.668820678513733	19.991922455573505	32.75444264943457	0.0
57.0	31.82369591589163	16.94298422968055	20.501415285078853	30.731904569348966	0.0
58.0	27.906976744186046	18.767849857201142	19.175846593227256	34.149326805385556	0.0
59.0	27.74826317940335	19.493257049448303	21.61830813240703	31.140171638741315	0.0
60.0	29.81007431874484	16.928158546655656	21.71758876961189	31.544178364987612	0.0
61.0	26.309226932668327	19.950124688279303	21.820448877805486	31.92019950124688	0.0
62.0	29.886982000837172	19.79907911259941	22.143156132272917	28.170782754290496	0.0
63.0	32.59321323837453	18.810222036028488	21.19815668202765	27.398408043569333	0.0
64.0	30.63704945515507	17.26739312657167	22.715842414082147	29.379715004191116	0.0
65.0	30.80469404861693	19.153394803017605	21.500419111483655	28.54149203688181	0.0
66.0	29.853249475890987	16.68763102725367	22.30607966457023	31.153039832285117	0.0
67.0	27.192614351657575	17.498950902224088	19.21947125472094	36.088963491397394	0.0
68.0	26.764705882352942	20.168067226890756	19.831932773109244	33.23529411764706	0.0
69.0	25.33783783783784	20.819256756756758	23.31081081081081	30.532094594594593	0.0
70.0	27.803639441388068	19.805332204824374	20.90562843842573	31.48539991536183	0.0
71.0	29.96191282268303	20.397799407532798	19.297503173931442	30.342784595852727	0.0
72.0	29.40677966101695	18.177966101694913	19.872881355932204	32.54237288135593	0.0
73.0	28.456318914334183	18.193384223918574	20.229007633587788	33.121289228159455	0.0
74.0	29.72858354537744	15.351993214588635	22.519083969465647	32.40033927056828	0.0
75.0	28.468392023759016	18.75265167585914	22.952906236741622	29.82605006364022	0.0
76.0	29.37181663837012	20.71307300509338	18.463497453310694	31.451612903225808	0.0
77.0	28.33474936278675	19.881053525913337	19.498725573491928	32.285471537807986	0.0
78.0	30.34424139396515	21.461963450913725	18.869528261793455	29.324266893327668	0.0
79.0	29.25170068027211	19.472789115646258	19.642857142857142	31.63265306122449	0.0
80.0	28.93835616438356	16.43835616438356	23.58732876712329	31.035958904109588	0.0
81.0	28.412017167381975	17.59656652360515	19.356223175965663	34.63519313304721	0.0
82.0	31.4359637774903	19.016817593790428	21.776627856834843	27.770590771884436	0.0
83.0	29.206212251941327	16.867989646246766	20.750647109577223	33.175150992234684	0.0
84.0	28.83038411739318	19.07639188605956	21.0617177384549	31.03150625809236	0.0
85.0	32.03631647211414	18.979680069174233	19.15261565067013	29.831387808041505	0.0
86.0	29.05317769130999	17.20709035884133	22.092520536100302	31.647211413748376	0.0
87.0	31.344574146130565	20.01729355814959	21.78988326848249	26.848249027237355	0.0
88.0	32.19385547382086	18.260493292946776	17.697966248377327	31.84768498485504	0.0
89.0	29.913419913419915	17.792207792207794	17.445887445887447	34.84848484848485	0.0
90.0	29.843614248479582	17.202432667245873	19.244135534317984	33.70981754995656	0.0
91.0	30.842745438748914	20.243266724587315	16.594265855777586	32.319721980886186	0.0
92.0	28.894691035683202	19.625761531766752	17.53698868581375	33.94255874673629	0.0
93.0	29.799301919720765	19.19720767888307	18.848167539267017	32.15532286212914	0.0
94.0	31.16258741258741	17.963286713286713	18.487762237762237	32.38636363636363	0.0
95.0	30.345430695233933	16.09094884127678	20.026235242675995	33.53738522081329	0.0
96.0	29.820725841714037	17.927415828596416	18.84564932225623	33.40620900743332	0.0
97.0	31.176213379973767	17.533887188456493	16.659379099256668	34.630520332313075	0.0
98.0	30.14899211218229	19.763365468886942	18.536371603856267	31.551270815074496	0.0
99.0	32.073813708260104	19.244288224956062	18.321616871704745	30.360281195079086	0.0
100.0	30.299032541776604	14.160070360598064	20.756376429199648	34.784520668425685	0.0
101.0	32.53863134657837	17.96909492273731	18.543046357615893	30.94922737306843	0.0
102.0	31.88854489164087	15.833701901813358	21.89296771340115	30.384785493144626	0.0
103.0	26.474501108647452	17.649667405764966	19.68957871396896	36.186252771618626	0.0
104.0	28.22902796271638	17.931646693297825	20.195295162006214	33.64403018197958	0.0
105.0	28.158362989323845	20.106761565836297	19.03914590747331	32.695729537366546	0.0
106.0	33.12444046553268	16.696508504923905	17.636526410026857	32.54252461951656	0.0
107.0	33.5	16.636363636363637	19.727272727272727	30.13636363636364	0.0
108.0	33.33333333333333	17.565698478561547	18.25726141078838	30.843706777316736	0.0
109.0	28.26086956521739	20.767807585568917	19.79648473635523	31.174838112858467	0.0
110.0	27.07464070468243	20.398701900788133	19.378766805748725	33.14789058878071	0.0
111.0	29.160871580899396	19.33240611961057	20.630505331478908	30.87621696801113	0.0
112.0	27.238979118329464	18.329466357308586	21.11368909512761	33.31786542923434	0.0
113.0	30.819366852886404	19.04096834264432	18.109869646182496	32.02979515828678	0.0
114.0	28.884741017265515	18.75874941670555	19.692020531964534	32.664489034064395	0.0
115.0	28.451099672437998	18.905007019185774	18.81141787552644	33.83247543284979	0.0
116.0	27.941865916549464	18.799812470698544	18.9873417721519	34.2709798406001	0.0
117.0	31.83098591549296	18.403755868544604	19.483568075117372	30.28169014084507	0.0
118.0	28.50423330197554	18.39134524929445	21.49576669802446	31.60865475070555	0.0
119.0	23.294117647058822	21.50588235294118	27.200000000000003	28.000000000000004	0.0
120.0	26.93032015065913	21.374764595103578	21.563088512241055	30.131826741996232	0.0
121.0	30.529300567107747	19.328922495274103	18.28922495274102	31.852551984877124	0.0
122.0	31.99242782773308	18.03123521060104	20.208234737340273	29.768102224325606	0.0
123.0	34.56614509246088	18.349928876244665	17.733522996680893	29.35040303461356	0.0
124.0	30.593824228028506	18.24228028503563	19.524940617577197	31.63895486935867	0.0
125.0	29.638439581351093	19.83824928639391	17.79257849666984	32.730732635585156	0.0
126.0	31.649189704480456	18.54146806482364	18.589132507149667	31.220209723546233	0.0
127.0	28.183118741058657	19.027181688125893	22.07916070577015	30.7105388650453	0.0
128.0	32.04393505253104	16.427889207258833	19.62750716332378	31.900668576886343	0.0
129.0	30.09103977000479	19.501677048394825	16.67465261140393	33.732630570196456	0.0
130.0	30.46198267564966	19.53801732435034	16.698748796920114	33.301251203079886	0.0
131.0	30.4978250362494	19.961333977767037	18.849685838569357	30.69115514741421	0.0
132.0	30.116391852570317	18.42870999030068	21.04752667313288	30.40737148399612	0.0
133.0	28.717201166180757	21.282798833819243	19.825072886297377	30.174927113702626	0.0
134.0	25.474914758889426	19.82464685825621	22.01656113005358	32.683877252800784	0.0
135.0	28.08988764044944	17.489008304836346	20.66438690766976	33.756717147044455	0.0
136.0	26.287395782246197	19.27415399705738	21.039725355566453	33.398724865129964	0.0
137.0	29.307805596465393	16.44575355915562	20.569464899361805	33.67697594501718	0.0
138.0	29.310344827586203	17.783251231527096	21.2807881773399	31.6256157635468	0.0
139.0	27.483934750370736	20.51408798813643	19.228868017795353	32.773109243697476	0.0
140.0	28.926441351888666	17.04771371769384	21.22266401590457	32.80318091451292	0.0
141.0	34.03298350824588	16.141929035482256	19.140429785107447	30.684657671164416	0.0
142.0	31.86151530356247	14.801806322127446	19.969894631209232	33.366783743100854	0.0
143.0	32.04030226700252	18.94206549118388	19.345088161209066	29.672544080604535	0.0
144.0	30.76923076923077	18.218623481781375	18.11740890688259	32.89473684210527	0.0
145.0	29.056795131845842	19.11764705882353	19.574036511156187	32.25152129817444	0.0
146.0	30.99593495934959	18.038617886178862	19.461382113821138	31.50406504065041	0.0
147.0	29.432805314256516	18.242207460398568	18.548799182422073	33.77618804292284	0.0
148.0	28.454031843862353	20.184899845916796	19.36312275295326	31.99794555726759	0.0
149.0	30.082559339525282	19.711042311661505	18.472652218782248	31.73374613003096	0.0
150.0	29.38437661665804	20.07242628039317	18.41696844283497	32.12622866011382	0.0
151.0	29.481865284974095	18.911917098445596	19.94818652849741	31.6580310880829	0.0
152.0	28.83914627798022	18.896408120770435	18.219677251431545	34.04476834981781	0.0
153.0	28.96659707724426	18.006263048016702	21.39874739039666	31.62839248434238	0.0
154.0	33.594976452119305	14.495028780743066	20.041862899005753	31.868131868131865	0.0
155.0	31.51546932354484	20.608285264813844	15.99370739381227	31.88253801782905	0.0
156.0	30.63157894736842	16.0	18.578947368421055	34.78947368421053	0.0
157.0	30.359028511087644	17.106652587117214	19.165786694825766	33.36853220696938	0.0
158.0	29.723991507431	20.063694267515924	16.560509554140125	33.65180467091295	0.0
159.0	34.42009620523784	13.896312132549438	20.73757349011224	30.94601817210048	0.0
160.0	26.741693461950693	19.614147909967848	22.132904608788852	31.511254019292608	0.0
161.0	29.124126813541107	20.042987641053198	20.956475013433636	29.87641053197206	0.0
162.0	31.516459794927144	18.02482460874258	20.83108472746897	29.627630868861303	0.0
163.0	30.498374864572046	18.147345612134345	16.793066088840735	34.56121343445287	0.0
164.0	31.82807399347116	14.907508161044614	21.545157780195865	31.719260065288356	0.0
165.0	29.37636761487965	19.310722100656456	21.49890590809628	29.814004376367613	0.0
166.0	26.589912280701753	20.394736842105264	20.942982456140353	32.07236842105263	0.0
167.0	28.657865786578657	19.086908690869087	22.38723872387239	29.86798679867987	0.0
168.0	28.539944903581265	20.440771349862256	19.33884297520661	31.68044077134986	0.0
169.0	27.96469939327082	17.760617760617762	20.79426365140651	33.48041919470491	0.0
170.0	29.304635761589402	16.666666666666664	19.039735099337747	34.98896247240618	0.0
171.0	31.305309734513276	18.36283185840708	16.5929203539823	33.73893805309734	0.0
172.0	31.090100111234705	20.300333704115683	15.85094549499444	32.758620689655174	0.0
173.0	30.541596873255166	17.922948073701843	20.100502512562816	31.434952540480175	0.0
174.0	31.685393258426963	19.8876404494382	17.752808988764045	30.674157303370787	0.0
175.0	27.968486212718062	19.189645469893076	21.553179516038266	31.288688801350588	0.0
176.0	29.836435420191766	19.627749576988155	18.49971799210378	32.036097010716304	0.0
177.0	27.40656851642129	22.42355605889015	18.40317100792752	31.766704416761044	0.0
178.0	25.980670835702103	21.43263217737351	21.205230244457077	31.38146674246731	0.0
179.0	26.643796455117208	20.182961692395654	21.38364779874214	31.789594053744995	0.0
180.0	30.17888055395268	15.233698788228505	21.63877668782458	32.94864396999423	0.0
181.0	27.28852838933951	20.393974507531865	19.81460023174971	32.50289687137891	0.0
182.0	30.503512880562063	18.20843091334895	19.96487119437939	31.323185011709604	0.0
183.0	29.740871613663135	21.20141342756184	20.200235571260304	28.857479387514722	0.0
184.0	30.723606168446025	19.9288256227758	20.047449584816132	29.30011862396204	0.0
185.0	27.33770101250744	19.714115544967242	24.359737939249555	28.58844550327576	0.0
186.0	28.588516746411486	18.779904306220097	22.607655502392344	30.023923444976074	0.0
187.0	30.18641010222489	20.926037282020445	18.5207456404089	30.36680697534576	0.0
188.0	30.75528700906344	19.274924471299094	20.785498489425983	29.18429003021148	0.0
189.0	31.082725060827247	20.255474452554743	18.67396593673966	29.987834549878343	0.0
190.0	29.853479853479854	19.536019536019538	19.230769230769234	31.37973137973138	0.0
191.0	28.37837837837838	19.348894348894348	20.27027027027027	32.002457002457	0.0
192.0	30.987654320987655	18.765432098765434	21.358024691358025	28.888888888888886	0.0
193.0	30.721393034825873	19.27860696517413	19.83830845771144	30.161691542288555	0.0
194.0	27.52808988764045	22.15980024968789	21.22347066167291	29.08863920099875	0.0
195.0	29.930686830497795	21.29804662885948	19.155639571518588	29.615626969124133	0.0
196.0	27.81667727562062	20.496499045194145	20.305537873965626	31.381285805219605	0.0
197.0	30.373230373230374	20.97812097812098	19.176319176319176	29.472329472329474	0.0
198.0	27.785145888594165	23.872679045092838	21.618037135278513	26.72413793103448	0.0
199.0	28.076379066478076	24.68175388967468	19.024045261669023	28.217821782178216	0.0
200.0	28.8265306122449	17.346938775510203	19.897959183673468	33.92857142857143	0.0
201.0	30.787037037037035	18.75	17.824074074074073	32.63888888888889	0.0
202.0	38.46153846153847	16.666666666666664	19.93006993006993	24.941724941724942	0.0
203.0	34.66042154566745	19.20374707259953	19.672131147540984	26.46370023419204	0.0
204.0	34.04004711425206	16.843345111896348	22.85041224970554	26.266195524146053	0.0
205.0	33.649289099526065	18.601895734597157	22.630331753554504	25.118483412322274	0.0
206.0	30.238095238095237	19.28571428571429	20.833333333333336	29.642857142857142	0.0
207.0	26.258992805755394	22.302158273381295	18.345323741007196	33.093525179856115	0.0
208.0	26.932367149758452	19.082125603864732	19.92753623188406	34.05797101449276	0.0
209.0	23.728813559322035	18.886198547215496	21.670702179176757	35.714285714285715	0.0
210.0	26.699029126213592	17.354368932038835	20.145631067961165	35.80097087378641	0.0
211.0	30.04866180048662	20.68126520681265	20.194647201946474	29.075425790754256	0.0
212.0	26.59313725490196	16.911764705882355	21.936274509803923	34.55882352941176	0.0
213.0	27.25030826140567	18.988902589395806	20.838471023427868	32.92231812577066	0.0
214.0	28.980099502487562	25.74626865671642	18.034825870646767	27.238805970149254	0.0
215.0	28.553615960099748	24.064837905236907	16.58354114713217	30.798004987531176	0.0
216.0	30.467762326169407	18.710493046776232	17.9519595448799	32.86978508217446	0.0
217.0	26.598465473145783	18.542199488491047	23.785166240409207	31.074168797953966	0.0
218.0	25.394736842105264	18.552631578947366	20.394736842105264	35.6578947368421	0.0
219.0	19.79913916786227	21.233859397417504	24.103299856527975	34.86370157819225	0.0
220.0	0.0	29.74137931034483	23.70689655172414	46.55172413793103	0.0
