# Position (bp)	A	C	G	T	N
0.0	25.97095743889042	23.690953344146426	24.07032831945464	26.267760897508513	0.0
1.0	25.950298189472708	19.886039083851234	15.412269345973781	38.751393380702275	0.0
2.0	28.316382868959572	18.880058188204714	18.684995456501568	34.11856348633415	0.0
3.0	22.71246587241341	22.188578988871154	15.430146942924178	39.66880819579126	0.0
4.0	33.99321062167113	13.269367265537852	14.682755903897338	38.05466620889368	0.0
5.0	34.51732898780557	14.981526091104511	22.963249227059677	27.53789569403024	0.0
6.0	30.428691620212607	17.47724474401455	21.22131250144476	30.872751134328087	0.0
7.0	34.62739563156658	17.06632204667984	20.06346480039184	28.24281752136174	0.0
8.0	22.598033293396146	26.648128658516107	22.382627628537918	28.37121041954983	0.0
9.0	27.649309764140884	18.653290979850983	15.919269162544648	37.77813009346349	0.0
10.0	25.895435515252966	16.426429288279184	25.36447227302207	32.313662923445776	0.0
11.0	27.965696034529458	17.818426381747468	19.59187305120843	34.62400453251464	0.0
12.0	26.089840354471256	19.40516633395369	21.420155209840335	33.08483810173472	0.0
13.0	26.335787718507813	20.556188221480856	18.563890268832374	34.54413379117896	0.0
14.0	30.502597952604866	18.241430550945648	20.30387300584839	30.95209849060109	0.0
15.0	29.868724122425	18.087075572877662	19.88664788005061	32.157552424646724	0.0
16.0	29.474375285408417	17.409684455507254	18.717231188341422	34.3987090707429	0.0
17.0	30.11509673682498	17.78873518329599	19.767588682146943	32.328579397732085	0.0
18.0	30.58600154311363	17.306653925148087	18.789676404100373	33.317668127637916	0.0
19.0	29.56246753377033	18.108796052978782	19.84936759819031	32.479368815060575	0.0
20.0	29.75950020215748	17.456832726570124	19.90936061099972	32.87430646027267	0.0
21.0	28.955002841544736	18.117802637599024	19.50771709467207	33.419477426184166	0.0
22.0	29.61514405955773	18.799631624146716	22.38776334446544	29.197460971830107	0.0
23.0	29.472674283954714	20.055515889752424	21.09952733967298	29.372282486619877	0.0
24.0	31.944436569437713	19.30365143950519	18.30942699367184	30.442484997385254	0.0
25.0	29.079830178993333	21.09177469843207	19.28379551868986	30.544599603884738	0.0
26.0	31.833326282173463	16.74055846058496	21.595401974993532	29.830713282248045	0.0
27.0	26.039846177130077	20.923648150902384	24.96206548681135	28.07444018515619	0.0
28.0	25.995947254997997	19.562814276374354	18.52378588840471	35.917452580222935	0.0
29.0	27.55813172468027	19.710278017783754	17.633158973415092	35.09843128412089	0.0
30.0	26.283241946819437	18.998565447433506	16.54878434366353	38.16940826208353	0.0
31.0	33.7127819860552	14.24888873584511	18.108245841580608	33.930083436519084	0.0
32.0	33.89382742887978	15.649410805296213	22.46985608497955	27.986905680844455	0.0
33.0	30.93907910027586	17.812340952919143	20.660342142417242	30.58823780438776	0.0
34.0	33.416111407450266	16.283774376406985	21.62341219973058	28.676702016412165	0.0
35.0	26.062425517247966	20.54145360762186	24.99831359806712	28.397807277063052	0.0
