# Position (bp)	A	C	G	T	N
0.0	27.2386921434316	22.887489947031252	24.730303114340387	25.143514795196758	0.0
1.0	26.88817997265609	20.11710927897695	15.703415226968279	37.29129552139868	0.0
2.0	27.409791864416107	20.07070832129641	17.729354958524205	34.79014485576328	0.0
3.0	24.42958354459869	20.811807106738108	15.9579570526085	38.80065229605471	0.0
4.0	32.70651077862263	16.291935791567873	14.723516747063472	36.276674025018394	0.0013626577276319733
5.0	34.39004487964096	15.229158166734665	20.788793689650483	29.581123351013193	0.010879912960696314
6.0	31.384515236584075	17.273553304311267	21.6431370953524	29.694725849980337	0.004068513771919118
7.0	34.54768782226061	17.887320141457224	19.816159598304672	27.748832437977484	0.0
8.0	26.224492546567106	25.19475968407149	21.032698061837884	27.54804970752352	0.0
9.0	27.328649114305716	19.213374252947826	17.611586711893608	35.84638992085285	0.0
10.0	26.815792657516567	17.637016225517215	24.648805602978936	30.898385513987282	0.0
11.0	27.548320371788154	19.306658070408727	20.50879101691045	32.63354421028596	0.0026863306067077676
12.0	27.092590852340614	20.452684288955417	20.419122286512103	32.03023265180094	0.005369920390930204
13.0	26.64485154091677	21.940294504197624	19.32113832041413	32.09371563447148	0.0
14.0	30.327495105007646	19.718102084059762	19.499503795295443	30.45355792184105	0.0013410937961000993
15.0	29.61537429927849	17.955904835984228	20.046670064104283	32.379368613040796	0.0026821875922001985
16.0	29.532226483920287	18.300565941581954	19.59472145481855	32.571145025883105	0.0013410937961000993
17.0	29.874205401925813	18.529892980715072	21.289864013089073	30.304696510473946	0.0013410937961000993
18.0	33.06869082423625	18.34213984926106	17.958587023576428	30.625217927741865	0.005364375184400397
19.0	31.120081538502802	19.255424724405227	19.58935707963415	30.035136657457823	0.0
20.0	29.820561650081807	17.48115763216479	21.269747606147575	31.428533111605827	0.0
21.0	28.755733175978328	17.361800284311883	19.948770216988976	33.93235522892471	0.0013410937961000993
22.0	28.685996298581124	19.431108011694338	20.13250006705469	31.750395622669846	0.0
23.0	30.17997478743663	17.137837620363168	19.77174583590376	32.910441756296436	0.0
24.0	30.882707936593086	17.212938872944775	19.404286135772335	32.4987259608937	0.0013410937961000993
25.0	28.197838156800685	18.128905935681143	19.48743395113054	34.18582195638763	0.0
26.0	30.275192446959743	16.90851058123005	22.071721696215434	30.744575275594777	0.0
27.0	29.56575382882279	17.509320601882898	20.225035538985598	32.69989003030872	0.0
28.0	29.45980741893088	17.262559343400476	20.760131963629537	32.513477992650806	0.004023281388300297
29.0	30.358747401595927	17.999061221752832	19.08267954133977	32.558170723529805	0.0013411117816670018
30.0	29.875947160195803	17.549788774894388	19.143029571514784	33.429893381613354	0.0013411117816670018
31.0	30.405686313954266	18.19352243009455	19.18058070140146	32.21752833098639	0.0026822235633340036
32.0	28.882958035486773	18.963829245067927	18.3884768584955	33.7647358609498	0.0
33.0	30.015155782668757	16.817553883501656	19.914430182808246	33.248836491905735	0.004023659115599726
34.0	28.646923118193037	18.80197435484736	19.087665647298675	33.463436879660925	0.0
35.0	30.055011404803434	17.480209311686572	20.338118878304037	32.12666040520596	0.0
36.0	31.308373590982285	18.30917874396135	18.026033279656467	32.356414385399894	0.0
37.0	28.708911050561724	19.997852435472396	18.8583010080131	32.43359327812303	0.001342227829751822
38.0	30.91216669799415	17.922451062001556	18.691764453156466	32.47361778684783	0.0
39.0	31.270730102458742	17.894694436611207	18.830654366246357	32.0039210946837	0.0
40.0	28.816952887742215	19.956193394071327	19.374344916552445	31.851165040715955	0.0013437609180574593
41.0	30.59366257800732	17.28938024531956	19.999462018506563	32.11615020443297	0.0013449537335915645
42.0	28.09047727976102	18.67271283824697	20.50809370668891	32.72602500100919	0.0026911742939031446
43.0	30.726775882725104	18.420450415281277	19.871579145745557	30.978502295152584	0.00269226109548104
44.0	28.669539455965527	18.89846485321842	20.0498249394021	32.38217075141395	0.0
45.0	29.932376000215534	18.060457472317268	19.981410135517418	32.02575639194978	0.0
46.0	30.31279058798162	17.166421842782636	19.745832378744797	32.77495519049095	0.0
47.0	30.670620745433713	19.030801374941024	18.81647233268181	31.4807575655456	0.0013479813978567096
48.0	29.453643277061648	18.763820721643924	18.847419233051077	32.93511676824335	0.0
49.0	27.591183770367973	19.243012841264704	21.072083737995037	32.093719650372286	0.0
50.0	29.24274936907027	18.504122973939566	18.757844447143608	33.495283209846555	0.0
51.0	31.636319429435922	17.28036524746056	18.76080613788632	32.3225091852172	0.0
52.0	28.595955226301843	18.436705780565617	21.118801708754663	31.84853728437787	0.0
53.0	30.337276344639037	18.561026446146766	19.32707143437187	31.763798283842675	0.010827490999648108
54.0	30.791113519371443	18.66160931996749	19.24681658087239	31.297751286914117	0.00270929287455974
55.0	29.07187982972262	18.516309210704698	18.81321005395732	33.59724519400233	0.0013557116130256772
56.0	30.401106875924093	18.103389807517534	21.449790426065842	30.042999959306034	0.0027129311865004544
57.0	27.565381431266374	19.86482635071862	19.38710421671213	33.18268800130288	0.0
58.0	30.340818017577465	17.577461727590094	22.013936998247686	30.067783256584757	0.0
59.0	27.32985147706871	21.59430934116751	21.16859800881345	29.90180077253686	0.005440400413470431
60.0	30.605098578883545	18.49086425135912	20.636845475726567	30.267191694030764	0.0
61.0	28.657678700706196	20.437377918015546	19.82952915625128	31.075414225026975	0.0
62.0	31.37926311464183	16.041638131762774	20.825914258320775	31.753184495274624	0.0
63.0	25.62882486419583	21.080932407343738	24.59602557931651	28.69284191707351	0.001375232070411882
64.0	25.97225286849073	22.7645079435128	17.846701235657548	33.41515887025596	0.0013790820829655782
65.0	27.760702220745415	19.089549759096194	18.375145372985546	34.770449133300104	0.004153513872736336
66.0	27.640333939907485	18.75147591993221	18.761199627720902	34.84282320910139	0.004167303338009974
67.0	33.029466700119876	14.90479774748404	18.46756432772992	33.59817122466616	0.0
68.0	35.032224400287696	16.294123454004428	21.843489542935313	26.830162602772567	0.0
69.0	31.843922452399525	17.147727601051688	20.214671636185027	30.79367831036376	0.0
70.0	30.972599549794307	17.05348133198789	24.16207405107506	27.811845067142748	0.0
71.0	24.187340872757414	20.151183215899895	24.83273136360945	30.82874454773324	0.0
