# Position (bp)	A	C	G	T	N
0.0	26.628433037891657	24.139322894767822	24.83223734001581	24.400006727324712	0.0
1.0	26.9299640197473	20.794912559618442	15.719186678939002	36.555936741695255	0.0
2.0	27.957992998833138	20.233372228704784	17.732955492582096	34.07567927987998	0.0
3.0	24.70000497917047	21.92992647424939	15.47360209789049	37.89646644868965	0.0
4.0	32.98931680295436	15.695067264573993	14.493207596940122	36.82075969401213	0.0016486415193880245
5.0	34.8439785069918	15.07961286294099	21.930098427461097	28.146310202606113	0.0
6.0	30.99981991126537	17.77803244871564	21.56480738691246	29.65734025310653	0.0
7.0	34.943644537103395	17.76662974786631	19.924750798097595	27.363346146328748	0.0016287706039481399
8.0	24.695711523148674	26.20699741618863	21.346506979540763	27.750784081121928	0.0
9.0	27.944827586206895	19.1026369168357	16.903853955375254	36.04868154158215	0.0
10.0	26.50598506568184	17.239256847595446	25.078963992419457	31.170934771692828	0.004859322610428107
11.0	27.229180826617473	19.733307440851863	20.479334563226203	32.558177169304464	0.0
12.0	26.703636040289076	20.459799848026776	21.057992336669198	31.778571775014953	0.0
13.0	26.783378284533022	22.05623475831328	18.963484552399102	32.1969024047546	0.0
14.0	30.570584150260828	19.76291606776595	20.205429674251846	29.461070107721376	0.0
15.0	29.96172418805213	18.54519614334857	19.499668922301716	31.993410746297585	0.0
16.0	29.381934462765873	18.34816453754098	19.412458211534425	32.85744278815873	0.0
17.0	29.943959043266204	18.808443288812803	20.988711057995122	30.258886609925874	0.0
18.0	32.14522198355916	18.5629612881345	18.441835300957703	30.849981427348634	0.0
19.0	30.628724624105686	19.33816760606599	19.6514801595633	30.38162761026502	0.0
20.0	29.871283450960124	17.782909930715935	20.92411053150083	31.421696086823108	0.0
21.0	28.642258434406244	17.8862707731068	19.489978843327574	33.981491949159384	0.0
22.0	28.548587670989516	19.18151132931733	20.61564301749059	31.654257982202555	0.0
23.0	29.83898318771298	17.392076745425474	20.447681648605435	32.31964340509375	0.0016150131623572732
24.0	30.425232965648668	17.874965680970302	19.430223356320354	32.26957799706068	0.0
25.0	29.255963436102007	18.62756181462879	19.162131171369047	32.95434357790016	0.0
26.0	30.39616272872624	17.225730389702676	21.80913774447262	30.568969137098467	0.0
27.0	28.907120593032833	18.559731261809784	20.371776029974644	32.16137211518274	0.0
28.0	29.895508648395484	17.43729711397148	20.568807635782232	32.098386601850805	0.0
29.0	29.770018411447396	18.83135760198973	19.235117413353144	32.16350657320973	0.0
30.0	29.934587741258177	17.919728660260034	19.079383025115078	33.064685455866915	0.0016151174997981103
31.0	30.034080080112414	18.475925896015376	19.66953628478672	31.82045773908549	0.0
32.0	28.785333548699725	19.46696817961557	18.63511549022775	33.11258278145696	0.0
33.0	30.020677177565265	17.87283535797364	19.833936417678988	32.27255104678212	0.0
34.0	29.377262150982418	18.675672182006206	19.153955532574972	32.7914943123061	0.0016158221302998968
35.0	30.498923129240683	17.678493352549673	19.534273638527683	32.28830987968196	0.0
36.0	31.405239877509356	18.263419692477196	18.602051232197542	31.72928919781591	0.0
37.0	29.060133919162112	19.71983981582062	18.93675318990256	32.28165177775256	0.0016212973621491918
38.0	31.15863255074392	18.074732691902064	19.371116122856264	31.395518634497755	0.0
39.0	30.55153927382016	18.877426691576638	19.077247989602792	31.493786045000405	0.0
40.0	29.304166530931365	20.01335635404111	19.29178747108838	31.387431996612047	0.003257647327100368
41.0	29.548091852578246	17.509193429762195	20.90381629484351	32.03889842281605	0.0
42.0	27.982831211808456	19.09044740420373	20.129093560066185	32.79598958077358	0.0016382431480480332
43.0	29.698532067912385	18.638139962562803	20.751371055137763	30.911956914387044	0.0
44.0	28.520217716606645	19.461299393221847	20.275270090276752	31.74321279989476	0.0
45.0	29.686187299234	19.024792027015895	20.028004283007988	31.261016390742114	0.0
46.0	30.11579190446343	17.0751822650348	19.98647444990598	32.82255138059578	0.0
47.0	30.29332100151946	19.333421417718174	19.47710907048953	30.89614851027284	0.0
48.0	30.153271275276534	18.68190010085812	18.97786081579339	32.18696780807196	0.0
49.0	27.557034535280287	19.272540644349526	20.661567497764974	32.50885732260521	0.0
50.0	29.50621174675314	18.499228715022642	19.35510623828559	32.63945329993863	0.0
51.0	30.69189926931975	17.75769378006358	19.047619047619047	32.50278790299762	0.0
52.0	28.911939600454335	18.57252622436026	20.55355114585421	31.961983029331197	0.0
53.0	30.437114507910966	18.85726736390453	19.698645749530705	31.005296326092786	0.0016760525610083133
54.0	29.684242383482413	18.785728697289663	19.623041226713294	31.905306342053937	0.0016813504606900264
55.0	29.109207997572405	18.930172966047408	18.481742472773863	33.47887656360633	0.0
56.0	29.747541316029608	18.39365980600899	21.56037716719051	30.298421710770896	0.0
57.0	27.568217618862107	19.90887379528786	19.505750436152375	33.01715814969766	0.0
58.0	30.296649742745068	17.756533256354963	22.09845307432375	29.848363926576216	0.0
59.0	28.064318321182803	21.899911426040745	21.378687742726715	28.657082510049737	0.0
60.0	30.419992820635542	19.168903095673578	20.488538657458847	29.92256542623203	0.0
61.0	28.944024725274726	20.98385989010989	19.749313186813186	30.31936813186813	0.003434065934065934
62.0	31.302096815946157	16.47251704202261	21.77409612563638	30.451290016394854	0.0
63.0	25.67642762746053	20.694512067886205	24.782638937191347	28.846421367461915	0.0
64.0	26.041794391213717	21.53304489481336	18.238189493597716	34.1852195694442	0.00175165093100247
65.0	27.670904378184897	19.519334191455222	19.18960379454446	33.61839437166082	0.001763264154603001
66.0	28.105317318098756	18.52811241417242	18.2442382413995	35.11878359916967	0.00354842715966148
67.0	33.225622165887096	14.439247331024388	17.849109151283606	34.48245081586746	0.00357053593744421
68.0	34.24793987141175	16.375984786742734	22.65507561351082	26.71737752422349	0.0036222041112016663
69.0	31.49537570107343	17.369906771162203	20.597630278943655	30.53708724882071	0.0
70.0	31.575999999999997	16.846	23.86	27.717999999999996	0.0
71.0	25.042628457995065	20.538009314636195	25.38620110452243	29.03316112284631	0.0
