# Position (bp)	A	C	G	T	N
0.0	50.844029560482305	8.424737456242708	21.703617269544925	18.996499416569428	0.031116297160637883
1.0	45.11863088292493	17.23842862699339	13.660054453520033	23.96732788798133	0.015558148580318941
2.0	48.88070913461539	12.830528846153847	18.366887019230766	19.90685096153846	0.015024038461538462
3.0	46.881564650488954	13.864541832669323	19.261137269105397	19.992756247736327	0.0
4.0	46.772382823463374	15.59079427448779	15.604827392646648	22.03199550940219	0.0
5.0	42.68828098615332	17.811550151975684	18.824721377912866	20.675447483958123	0.0
6.0	36.29112004746523	18.58395411694904	18.063155118992682	27.061770716593053	0.0
7.0	38.71316056910569	16.476117886178862	20.79522357723577	24.015497967479675	0.0
8.0	38.25220156555773	17.416829745596868	18.17514677103718	26.15582191780822	0.0
9.0	41.49675898644667	17.324690630524454	20.913376546847378	20.265173836181496	0.0
10.0	40.543762061527985	18.713815416051766	19.497105233284138	21.24531728913611	0.0
11.0	37.16005471956224	20.618331053351575	19.250341997264023	22.971272229822162	0.0
12.0	37.732351850871154	20.208653286024468	19.806174866281843	22.25281999682254	0.0
13.0	39.92436244697705	19.44089538508714	20.580569325905863	20.05417284202995	0.0
14.0	39.57298907646475	17.616683217477657	21.742800397219465	21.067527308838134	0.0
15.0	34.11337209302325	19.912790697674417	22.344961240310077	23.628875968992247	0.0
16.0	31.295253419147222	21.172684681273957	23.401637404760777	24.13042449481804	0.0
17.0	33.272837265577735	19.405277118525756	21.201544976499605	26.1203406393969	0.0
18.0	32.62622168175472	19.213619781110662	22.307796243750843	25.85236229338378	0.0
19.0	30.074388947927737	20.288699964576693	22.591215019482817	27.045696068012752	0.0
20.0	32.752690068795204	16.061033692009172	21.988004939142705	29.19827130005292	0.0
21.0	31.976131976131978	16.962091962091964	24.36381186381186	26.697964197964197	0.0
22.0	34.00889121338912	18.065725244072524	22.088563458856346	25.83682008368201	0.0
23.0	31.72947363845786	16.481940279045507	21.89768331377407	29.89090276872256	0.0
24.0	33.44811259845909	15.258468557655059	25.30452373778677	25.988895106099086	0.0
25.0	35.95805037393622	14.213874323046504	24.580933551104618	25.24714175191266	0.0
26.0	33.990168839495624	15.037401154092755	24.00940371874332	26.963026287668306	0.0
27.0	35.75820112644568	14.987746678705015	23.285609871447612	25.968442323401693	0.0
28.0	35.47028745756886	15.399819533364845	23.035276930348473	26.094616078717824	0.0
29.0	37.89850077546097	13.152679648457694	23.535240392900224	25.413579183181113	0.0
30.0	30.543698529728797	15.095071788901823	25.81382313629112	28.547406545078257	0.0
31.0	31.997068839174105	16.431742747532223	26.410621147463253	25.160567265830423	0.0
32.0	30.038910505836576	15.715520968439256	24.427150886294854	29.818417639429313	0.0
33.0	28.283942108890418	16.728692855501954	27.544222375373305	27.443142660234322	0.0
34.0	31.216882030305847	15.143627405410431	25.653063121688202	27.98642744259552	0.0
35.0	29.53013625563691	16.166416137322408	25.06424865441497	29.23919895262571	0.0
36.0	30.706148104498133	16.17069338047535	26.045963464938126	27.077195050088392	0.0
37.0	31.280397022332508	15.682382133995038	23.598014888337467	29.439205955334984	0.0
38.0	27.82889828400895	18.358617259388215	24.227804028848546	29.58468042775429	0.0
39.0	28.90667727340526	19.837915775866357	23.537015860388802	27.718391090339583	0.0
40.0	27.557879014189695	18.282300224047795	24.84939009210854	29.310430669653968	0.0
41.0	28.097246340858344	15.13768295708261	25.214586951128755	31.55048375093029	0.0
42.0	26.988168339074438	18.686036643203035	25.460536168938148	28.865258848784386	0.0
43.0	26.78132678132678	21.165321165321167	24.961139246853534	27.092212806498523	0.0
44.0	30.861449744549546	17.775304770094593	22.413880317669076	28.94936516768678	0.0
45.0	30.413775379079926	16.674376766897968	23.80364944744282	29.108198406579284	0.0
46.0	28.630448254492872	17.604833712042968	25.552571782689526	28.212146250774634	0.0
47.0	28.81294025567441	19.932168014609967	22.728932950691362	28.525958779024265	0.0
48.0	30.225898822780785	20.357407996606213	24.318591579170644	25.09810160144236	0.0
49.0	29.288369622942113	17.33935209771641	25.687732342007436	27.684545937334043	0.0
50.0	28.71351351351351	17.886486486486486	23.83783783783784	29.562162162162164	0.0
51.0	30.640501499046064	18.04851458162987	24.36631234668847	26.9446715726356	0.0
52.0	28.69789948311888	19.12460134169141	23.138678104036075	29.038821071153638	0.0
53.0	29.577387486278816	16.300768386388583	25.5159165751921	28.605927552140503	0.0
54.0	28.96153846153846	17.857142857142858	25.626373626373628	27.55494505494506	0.0
55.0	29.522184300341298	18.79885500385335	24.182538808763624	27.496421887041727	0.0
56.0	27.586015538290788	17.869034406215317	26.83129855715871	27.713651498335185	0.0
57.0	26.293271100739013	15.930432849919432	28.210257265099735	29.566038784241815	0.0
58.0	24.853064651553318	16.378393506856984	24.690736076126505	34.0778057654632	0.0
59.0	23.331070377913555	18.53926227653315	26.629327902240323	31.50033944331297	0.0
60.0	25.07372958257713	16.583484573502723	26.21370235934664	32.1290834845735	0.0
61.0	25.424695017671873	16.554554782806978	26.399498346824764	31.621251852696385	0.0
62.0	26.36068930216687	16.21452539384633	26.178695330717172	31.246089973269637	0.0
63.0	27.241991862930494	16.956048363990604	26.743453097243712	29.058506675835194	0.0
64.0	28.26086956521739	16.70692431561997	28.410397975615364	26.621808143547277	0.0
65.0	28.007420720041743	15.125514522581017	25.462345643225692	31.404719114151547	0.0
66.0	30.008200562324273	14.140112464854731	28.004920337394562	27.84676663542643	0.0
67.0	31.18849802604443	14.949030699428437	25.154675623121797	28.707795651405338	0.0
68.0	32.10015390079318	14.460755297738842	24.36367941280928	29.075411388658694	0.0
69.0	33.55105465004794	15.208533077660594	24.574544582933843	26.66586768935762	0.0
70.0	31.977517224706876	16.02804303154841	22.150368669164752	29.844071074579958	0.0
71.0	30.221325507459035	16.550501345072142	23.648813890926874	29.57935925654194	0.0
72.0	31.558513588463672	14.35878474148025	25.013865779256793	29.06883589079928	0.0
73.0	32.00024878716258	16.326657544470706	22.185595223286477	29.487498445080234	0.0
74.0	34.05044977039693	19.538277662452035	23.11756935270806	23.293703214442978	0.0
75.0	37.62388818297332	17.649301143583227	21.855146124523507	22.87166454891995	0.0
76.0	36.40097548453344	16.275189321011425	23.55923501476062	23.76460017969452	0.0
77.0	37.788970683197725	15.129794653235178	24.066899134702314	23.014335528864784	0.0
78.0	34.910086004691166	19.48136565024759	21.57284336721397	24.035704977847278	0.0
79.0	30.11801938418936	20.35339882639942	23.155535043185864	26.37304674622536	0.0
80.0	31.853925096628018	16.67333066773291	21.631347461015594	29.841396774623487	0.0
81.0	32.39721865928576	19.428880037804632	22.669276986430837	25.50462431647877	0.0
82.0	30.2639698320192	21.789509770311966	22.961947206033596	24.984573191635242	0.0
83.0	32.37514719124472	19.075985315508763	22.144489852462424	26.404377640784098	0.0
84.0	36.6194233051735	16.106960832227884	23.347064162535784	23.926551700062838	0.0
85.0	34.98799604575625	17.46928399943511	23.690156757520125	23.852563197288518	0.0
86.0	31.155457708969536	17.33541651871316	28.399971592926637	23.109154179390668	0.0
87.0	32.15104614502723	16.831470335339638	25.931498996847235	25.0859845227859	0.0
88.0	30.131035980597986	19.264461014985883	23.557518279881272	27.046984724534855	0.0
89.0	30.6165479133343	18.220154136978334	26.021521012069215	25.14177693761815	0.0
90.0	27.55131964809384	21.03372434017595	25.38123167155425	26.03372434017595	0.0
91.0	33.93692022263451	18.07792207792208	20.94990723562152	27.035250463821892	0.0
92.0	32.45554805311726	15.755120414134593	24.81806587140821	26.971265661339938	0.0
93.0	30.037129650678185	16.5643706903084	27.036447677502462	26.362051981510948	0.0
94.0	34.591242531951906	16.743552900249565	24.555698404295544	24.109506163502985	0.0
95.0	35.48853857284289	16.426776330820196	22.168913258700783	25.915771837636125	0.0
96.0	34.60249771550411	16.844349680170577	25.92902832774901	22.624124276576303	0.0
97.0	33.1457255856404	20.756008518405842	23.17462731974445	22.92363857620931	0.0
98.0	32.67477203647417	19.711246200607903	22.378419452887538	25.235562310030396	0.0
99.0	33.54661791590494	17.763558805606337	21.358927483241928	27.3308957952468	0.0
100.0	34.81272838002436	19.25243605359318	19.473203410475033	26.461632155907427	0.0
101.0	35.93416641267906	16.039317281316674	21.129228893629993	26.897287412374276	0.0
102.0	35.77625570776256	17.72450532724505	20.06088280060883	26.438356164383563	0.0
103.0	32.10233762278231	18.426863625980356	20.71118556308536	28.759613188151985	0.0
104.0	31.38017853055619	22.52231631952392	21.126115815976195	24.971389333943694	0.0
105.0	30.838277803134034	21.519853947968965	20.5689943709113	27.0728738779857	0.0
106.0	28.853305001138345	16.817181452530924	23.442361690824924	30.887151855505806	0.0
107.0	30.982597461813207	19.90272817083365	22.509309218025685	26.605365149327458	0.0
108.0	34.12800850353048	17.37149798800395	23.384708830005316	25.11578467846025	0.0
109.0	36.136622390891844	16.72865275142315	22.299810246679318	24.834914611005694	0.0
110.0	32.292061566456894	18.068087042232165	22.738645841231328	26.90120555007961	0.0
111.0	30.569438134181432	20.392245948811148	22.83053157655611	26.207784340451312	0.0
112.0	33.44398340248962	15.820445115050925	23.47793285552622	27.257638626933232	0.0
113.0	32.75526984601584	14.97981761100314	24.562714905068024	27.702197637912988	0.0
114.0	27.845832088437405	19.233642067523153	24.34269495070212	28.57783089333732	0.0
115.0	32.63479752405101	19.30792751137296	22.82795137594153	25.2293235886345	0.0
116.0	34.431360858548224	14.942614398569088	24.72052466835594	25.905500074526756	0.0
117.0	33.207014415217714	16.228265715559516	23.205528310298707	27.359191558924064	0.0
118.0	32.841932841932845	15.36743354925173	22.358722358722357	29.43191125009307	0.0
119.0	32.134078212290504	14.629422718808193	21.094972067039105	32.141527001862194	0.0
120.0	35.130706784836526	15.69970954047814	24.584791837342667	24.584791837342667	0.0
121.0	31.903906600808263	15.461757221972757	22.227211495285136	30.407124681933844	0.0
122.0	32.53890684910909	17.600180437561086	20.487181414931207	29.373731298398614	0.0
123.0	32.32421875	14.851262019230768	24.661959134615387	28.162560096153843	0.0
124.0	28.615593424822798	13.761122002714524	25.18473835017343	32.43854622228925	0.0
125.0	27.767681356958956	14.864455550507344	21.210056035135544	36.15780705739815	0.0
126.0	28.48673709812267	16.189100858858403	22.558333966709736	32.76582807630919	0.0
127.0	31.87786259541985	15.259541984732824	25.49618320610687	27.36641221374046	0.0
128.0	33.94910317338648	17.346313046144413	21.316878736777557	27.38770504369155	0.0
129.0	36.45721308956829	14.741127669380857	23.559686587801508	25.241972653249345	0.0
130.0	36.135235732009924	16.40043424317618	24.697580645161292	22.766749379652605	0.0
131.0	39.707730986800755	15.139849151477058	22.674418604651162	22.478001257071025	0.0
132.0	37.92938169036587	15.082281514618948	21.58491771848538	25.403419076529797	0.0
133.0	33.42527989615447	15.349667369787442	26.407593704364757	24.81745902969333	0.0
134.0	41.028184147450204	14.918588313083724	20.249607405570707	23.803620133895365	0.0
135.0	38.650513208817095	17.970721857647654	22.21941780245667	21.15934713107858	0.0
136.0	34.11541447425171	19.14948675925127	23.393427068058312	23.341671698438713	0.0
137.0	36.37885462555066	17.198237885462557	21.929515418502202	24.493392070484582	0.0
138.0	34.00882644330361	18.256327118796722	25.020264793299106	22.71458164460056	0.0
139.0	36.29472127207174	19.155033743182027	23.490801516132017	21.05944346861422	0.0
140.0	31.395678022081718	17.94847598376899	26.44144569217703	24.214400301972255	0.0
141.0	29.295582798209768	19.50768632029578	27.75831873905429	23.438412142440164	0.0
142.0	36.20086025807742	18.71561468440532	22.386716014804442	22.696809042712815	0.0
143.0	35.4145237605431	15.91236371117054	27.103476650894876	21.569635877391484	0.0
144.0	31.602009190980013	17.975846959495563	25.211071924762212	25.211071924762212	0.0
145.0	33.39927464556545	17.34256511704583	17.331574898340477	31.90460490163754	0.021980437410704472
146.0	29.76504297994269	17.936962750716333	25.134670487106014	27.15186246418338	0.011461318051575933
147.0	31.194798822374874	16.376349362119726	25.883218842001966	26.545632973503437	0.0
148.0	28.14765100671141	23.06040268456376	23.046979865771814	25.74496644295302	0.0
149.0	28.90987408880053	25.44731610337972	14.7117296222664	30.89794565937707	0.03313452617627568
150.0	34.439985406785844	14.155417730755198	16.198467712513683	35.206129149945276	0.0
