# Position (bp)	A	C	G	T	N
0.0	36.09581280139134	10.57208358586524	31.318348309573373	22.00057972542096	0.013175577749084297
1.0	31.960582826127055	16.85505757120649	23.813664268964246	27.368060495876477	0.0026348378257318263
2.0	33.491247181617815	17.049628860233575	23.90241430851468	25.55670964963393	0.0
3.0	31.410844478779392	17.328955627444355	27.449181594321857	23.811018299454396	0.0
4.0	31.7923186344239	17.66622309916028	24.739595282889002	25.799568668838617	0.0022943146882026338
5.0	33.02896587880642	17.589235003713576	22.921490672375377	26.455939534274105	0.004368910830529949
6.0	27.158277136355096	19.28513268054367	23.90963943462012	29.646950748481117	0.0
7.0	25.531666504523788	20.974802996400427	23.90504912929273	29.586535655219382	0.001945714563673509
8.0	26.868469404799466	18.830385479111374	24.73042445388913	29.568864720402367	0.0018559417976652252
9.0	28.927079987150663	19.97537209551344	24.565442409965378	26.532105507370524	0.0
10.0	27.73319277722991	23.159451831196655	22.747985173598124	26.359370217975314	0.0
11.0	27.47417205754562	19.514981815841136	24.205851115187794	28.804995011425444	0.0
12.0	29.218106995884774	20.9395139374175	22.67256774594301	27.169811320754718	0.0
13.0	28.840002414146902	20.812963968857506	23.144124569980086	27.20290904701551	0.0
14.0	29.313532709183228	19.66366331112611	23.38655240219529	27.63625157749538	0.0
15.0	26.620565501278737	19.07102341729651	24.650312182994956	29.658098898429795	0.0
16.0	26.014510745124003	20.363320367458414	24.555160142348754	29.06700874506883	0.0
17.0	25.961628702052636	19.047555203989972	24.28439272259241	30.706423371364984	0.0
18.0	26.121224712389957	21.13511829018101	24.047575765445245	28.696081231983793	0.0
19.0	25.551673759766246	19.51851616591501	22.825382709775774	32.10442736454297	0.0
20.0	26.311156936463426	18.656087716430484	25.0223189025387	30.01043644456739	0.0
21.0	28.440849444054894	18.37373535009516	24.07843333667234	29.106981869177602	0.0
22.0	28.692456238709273	18.975892356568867	22.31732386469819	30.01432754002367	0.0
23.0	27.54512590531324	19.549796886840504	22.4492838242419	30.45455110128328	0.0012422823210802888
24.0	26.60892310729444	17.97329977297404	22.574276971671107	32.84350014806041	0.0
25.0	27.220513580612888	17.368856609972703	26.326255851582857	29.08437395783155	0.0
26.0	25.475374838645614	19.183795055108728	23.994638069705093	31.34619203654056	0.0
27.0	25.75652633832437	17.956402926620406	24.01742875492702	32.2696419801282	0.0
28.0	27.514867771732256	17.659116791091993	23.965582690117675	30.86043274705808	0.0
29.0	26.705820079147024	18.599551332140248	23.261412043455245	31.43321654525748	0.0
30.0	27.634825069345915	18.9809666244839	23.471513850008307	29.91269445616188	0.0
31.0	26.88441561797463	18.116747202770096	25.84175301687382	29.15708416238146	0.0
32.0	26.384786776516915	18.374009016011193	23.1475724130784	32.09363179439349	0.0
33.0	26.695842450765866	17.832395540273	24.56496821923518	30.906793789725956	0.0
34.0	26.58272720111336	17.57608381692619	24.060604469185726	31.78058451277473	0.0
35.0	26.98610356750169	19.27616675718998	23.315272828434036	30.422456846874297	0.0
36.0	26.96240702271661	18.272465321986196	24.189506131474907	30.57562152382229	0.0
37.0	26.682889447573977	17.797555827429047	24.851776663395224	30.66777806160175	0.0
38.0	27.33605118928697	18.376576041469804	23.637247225897028	30.650125543346203	0.0
39.0	27.964685908319186	18.750424448217316	22.956876061120543	30.328013582342955	0.0
40.0	27.22733677140473	18.00062924914162	24.340998317442512	30.429667729094568	0.0013679329165697713
41.0	27.598117465734575	17.73958275994936	23.918368470303296	30.743931304012772	0.0
42.0	26.66925951134138	17.95452335643743	23.285597210839942	32.09061992138125	0.0
43.0	26.035990722888197	19.350602173973787	24.93782658507279	29.674183362673595	0.0013971553916226561
44.0	27.020821006959117	18.692418223311638	22.767869720790017	31.518891048939228	0.0
45.0	28.444646072274125	18.78588542183535	22.35989622467641	30.409572281214114	0.0
46.0	25.762405237767055	18.49730071215254	24.2289800137836	31.509878244888583	0.0014357914082242132
47.0	25.85039929272287	20.180587561778047	22.909691725727203	31.057872081394844	0.0014493383770308856
48.0	29.721611721611723	19.41831501831502	22.419047619047618	28.44102564102564	0.0
49.0	26.473193197921585	19.77592111478507	24.267831837505906	29.481577704298534	0.001476145488899386
50.0	27.400352839159165	18.918757288520766	22.001614687677538	31.679275184642524	0.0
51.0	27.085538052187587	21.46766244368518	22.601517854443202	28.845281649684036	0.0
52.0	25.59674420022559	20.16888699204341	23.302746699996952	30.930097856903334	0.0015242508307167027
53.0	25.87972045120157	19.140816576753313	23.459722903384012	31.519740068661108	0.0
54.0	26.138999721629396	20.24063592217995	22.6392626271999	30.98110172899075	0.0
55.0	26.435170039413624	20.013709086943653	22.891059494321635	30.660061379321093	0.0
56.0	25.981119565560572	19.331923089066397	21.739336343257666	32.94604237047327	0.001578631642092634
57.0	26.210127146999778	20.12682833561709	22.725534559128135	30.937509958254992	0.0
58.0	25.844757675226877	19.455171526034626	22.700650061144366	31.999420737594132	0.0
59.0	23.396790332012216	20.69553635241375	22.565135468780458	33.34253784679358	0.0
60.0	25.796850213420118	18.578180450390043	24.24321716519208	31.38175217099776	0.0
61.0	26.285042862344028	19.766325753814584	24.535795849468773	29.412835534372622	0.0
62.0	26.607734438728798	19.455958980505752	22.78046912717042	31.15583745359503	0.0
63.0	26.47952078124738	17.833112404986828	24.474386294612145	31.211302582344747	0.001677936808899777
64.0	24.061424769911355	20.100340683740402	25.342802420380007	30.492042238004036	0.003389887964202783
65.0	26.6551031273077	19.39583369111611	22.33251472633911	31.614831097906542	0.0017173573305397656
66.0	28.10075496642661	18.256619002887657	22.995164039940157	30.647461990745573	0.0
67.0	27.50157883657287	17.093537295628376	24.250929759315135	31.153954108483617	0.0
68.0	28.1032682745563	18.58510431228213	22.619574257250544	30.69205315591103	0.0
69.0	30.868817820434767	18.581456147262113	21.37485227232031	29.174873759982813	0.0
70.0	29.203796276171843	18.829240020285447	22.002463232630586	29.96450047091212	0.0
71.0	28.71961575688953	19.796555691509763	20.15450079441898	31.32932775718173	0.0
72.0	28.305819422669003	17.546804389928987	22.912478096467765	31.234898090934244	0.0
73.0	27.812610467171485	18.958492251018626	22.89903067964055	30.328006102439115	0.001860499730227539
74.0	29.07555138432661	19.266072266541528	22.27874237447208	29.379633974659786	0.0
75.0	27.940057812262285	19.213068614027083	22.835843602616766	30.011029971093865	0.0
76.0	29.446883907249056	19.68453894152993	21.469840536168245	29.39873661505277	0.0
77.0	28.327378511880358	18.282278060875846	24.127765087174684	29.26257834006912	0.0
78.0	27.682074363212717	18.907454244916654	23.414255272538984	29.99621611933165	0.0
79.0	28.646605847572992	19.168173598553345	22.782778308308103	29.402442245565556	0.0
80.0	26.37688318103235	18.665102494443072	21.73993578661398	33.21807853791059	0.0
81.0	29.177412929064182	18.87358201757145	23.64177727453817	28.307227778826196	0.0
82.0	27.795622301163558	19.908106613345815	21.53963965880326	30.75663142668737	0.0
83.0	28.965157476036257	18.75149433781816	22.685678266350774	29.595496337513854	0.0021735822809572456
84.0	27.742494226327945	19.97024338248357	21.582430271806714	30.704832119381777	0.0
85.0	26.076614638787575	19.50479124663027	23.33552318600911	31.083070928573047	0.0
86.0	24.337388408344513	19.07350016189463	23.789259447708034	32.7975392016282	0.002312780424626486
87.0	27.437190689304064	18.405910350216665	23.37619284411925	30.78070611636002	0.0
88.0	28.742427913738794	20.353767870123576	22.558759389386964	28.33777562393991	0.00726920281075842
89.0	26.538842157347847	20.9475507174666	22.11528946066304	30.398317664522512	0.0
90.0	27.630372784681196	20.103381544102668	23.2455693623956	29.02067630882053	0.0
91.0	27.038671436404943	21.027756743348043	22.95218946653785	28.98138235370917	0.0
92.0	28.79116175801835	18.454912660835138	23.13618489687826	29.617740684268252	0.0
93.0	27.687136181028123	18.873493482003774	24.77931731846629	28.66005301850182	0.0
94.0	26.150174815472553	19.607081414062932	23.81930184804928	30.42344192241523	0.0
95.0	28.09697586919008	18.676624515544997	21.830886305128857	31.39551331013607	0.0
96.0	24.968219114757886	19.34300242690396	25.317808852421127	30.370969605917026	0.0
97.0	25.38593481989708	19.72851481634826	25.205536168450937	29.680014195303723	0.0
98.0	25.710652983380257	19.544092271365	23.39175975539612	31.35046771410408	0.0030272757545484817
99.0	25.55323850726758	19.396806623299824	24.610165271250274	30.439789598182326	0.0
100.0	28.30285202711344	19.407852666581405	23.893720424606727	28.39237754188515	0.003197339813275355
101.0	27.89128947111155	17.38195327011438	24.309968390523675	30.4167888682504	0.0
102.0	29.24210596512287	20.76956420259411	21.683171618152112	28.305158214130905	0.0
103.0	27.794417971409125	20.302927161334242	23.515997277059224	28.386657590197412	0.0
104.0	26.25422135570797	19.24590049785886	23.712704104724438	30.787174041708738	0.0
105.0	24.21412787796707	20.47187967781025	24.1927436025376	31.12124884168508	0.0
106.0	23.879618159294616	19.33250746921227	24.4407199591926	32.34351089411936	0.0036435181811557238
107.0	25.74423012598952	19.18831530828409	22.91596982197941	32.147768238748284	0.0037165049986992234
108.0	25.510126389523375	19.55230698949292	25.003806913354655	29.933759707629054	0.0
109.0	26.62241887905605	19.64757025306629	23.715261605340785	30.010867877658747	0.003881384878124515
110.0	25.790369168678033	19.384323190756934	23.899022672417203	30.926284968147826	0.0
111.0	25.277366123282736	19.173308767573197	25.681900108142745	29.867425001001322	0.0
112.0	26.29641747096352	19.552592834941926	24.055292000654344	30.09569769344021	0.0
113.0	25.261072357287322	18.60321129318529	24.291080199777106	31.844636149750276	0.0
114.0	24.228724517560384	19.544560257859267	25.16220854786722	31.064506676713133	0.0
115.0	25.46981716370424	20.124718958130064	24.820769524455947	29.580452212276757	0.004242141432995376
116.0	24.623246145851375	19.933310237311623	24.67954269877014	30.76390091806686	0.0
117.0	23.23439099283521	19.331582929108627	25.85999732989186	31.574028748164302	0.0
118.0	24.853575482406356	19.854710556186152	24.926220204313278	30.365493757094207	0.0
119.0	25.182988974335217	19.985175576762717	23.649587695728712	31.182247753173353	0.0
120.0	26.41722290119394	17.613048791952618	25.80144777662875	30.16828053022469	0.0
121.0	26.2764274413922	19.900282851526917	23.84102785368426	29.982261853396615	0.0
122.0	25.52394845611476	19.11500121565767	23.7345003646973	31.62654996353027	0.0
123.0	24.271748790362395	19.117211415029132	25.881307396069914	30.729732398538562	0.0
124.0	24.909511361351296	17.559823044439977	24.110195053287754	33.420470540920974	0.0
125.0	23.997127321227044	19.452139119729146	23.227659792756747	33.32307376628707	0.0
126.0	23.309096615577758	18.98310404352147	24.820840089972275	32.88695925092849	0.0
127.0	23.840253901084367	19.96297275852949	26.411002380322667	29.785770960063473	0.0
128.0	24.238633891668478	21.644550793996086	22.743093321731564	31.37372199260387	0.0
129.0	24.000676551840787	20.646107007949485	24.412245588318203	30.940970851891525	0.0
130.0	26.730073520830906	19.138755980861244	25.533901272027077	28.59726922628078	0.0
131.0	24.661263005081054	20.73554318896685	23.21558190176627	31.387611904185817	0.0
132.0	25.313013785253574	18.33185784747692	24.731250790438853	31.623877576830655	0.0
133.0	25.624999999999996	18.477393617021278	26.53590425531915	29.361702127659573	0.0
134.0	25.4461473861012	18.74168941143537	24.18643711946252	31.62572608300091	0.0
135.0	26.55141843971631	18.424940898345156	24.01743498817967	31.006205673758863	0.0
136.0	22.9620945681907	19.87495115279406	26.236811254396248	30.92614302461899	0.0
137.0	24.26020829889238	17.308646057199535	26.33493139361878	32.09621425028931	0.0
138.0	23.240003578137582	18.02486805617676	26.20985776903122	32.525270596654444	0.0
139.0	23.735111958075276	21.600762267746546	26.23153882801334	28.43258694616484	0.0
140.0	22.753637936297956	19.263254299379263	25.42993792612191	32.55316983820087	0.0
141.0	23.48758341538125	18.86008095394377	26.780439776829667	30.87189585384531	0.0
142.0	24.280320906087777	21.578574799433696	24.9056158565361	29.235488437942426	0.0
143.0	24.934086629001882	18.254865034526052	23.954802259887007	32.85624607658506	0.0
144.0	23.71638141809291	19.750067916327087	25.387123064384674	31.146427601195327	0.0
145.0	22.278812572759023	20.561699650756694	21.754947613504076	35.40454016298021	0.0
146.0	20.868438107582634	18.259883344134803	23.152948801036942	37.718729747245625	0.0
147.0	21.53625269203159	20.459440057430005	23.833452979181622	34.17085427135678	0.0
148.0	23.220821472143147	20.801138674257828	21.4314762098414	34.54656364375763	0.0
149.0	19.93394668553904	28.04906817645671	15.970747817881575	36.04623732012267	0.0
150.0	23.236694071830378	20.90004327131112	18.000865426222415	37.862397230636084	0.0
