# Position (bp)	A	C	G	T	N
0.0	26.279742968002108	24.001449336807944	23.755465716003517	25.96334197918643	0.0
1.0	26.752873837452434	20.51972429433615	15.535767282567015	37.1916345856444	0.0
2.0	29.030949172829402	19.697753698655937	17.636889609538436	33.634407518976225	0.0
3.0	23.47513929405163	22.739520318938688	15.014199571580964	38.771140815428716	0.0
4.0	34.320769592333846	13.136840564653756	14.831277182147714	37.71111266086468	0.0
5.0	35.19183498500186	14.920391135035452	23.41813699794308	26.469636882019604	0.0
6.0	31.65969102926203	17.358605187260416	20.968933309800686	30.012770473676863	0.0
7.0	35.378761243730644	17.159692827039574	20.062994125019326	27.39855180421046	0.0
8.0	22.665066071451186	26.96666310758823	22.918458907573445	27.44981191338714	0.0
9.0	27.632513010047077	18.70282690356893	15.39046086730729	38.274199219076706	0.0
10.0	26.882808509959766	16.632146732414256	24.89723356428782	31.587811193338155	0.0
11.0	28.091540331106852	18.639982853892118	19.225902003615253	34.04257481138578	0.0
12.0	26.165104450093462	20.09286849788808	20.63170150889814	33.11032554312032	0.0
13.0	26.288963506210226	21.093105022881016	19.059646663238905	33.55828480766985	0.0
14.0	30.41686396623805	18.556034459174583	20.38692237212213	30.64017920246524	0.0
15.0	29.515176916161188	18.63832577198522	20.15045991057698	31.696037401276612	0.0
16.0	29.959446828540642	17.930235913748575	18.470976132236387	33.639341125474395	0.0
17.0	30.398464103932177	17.819821107065156	19.762608947273062	32.019105841729605	0.0
18.0	31.871922576130796	18.016341641514718	18.93023794601884	31.181497836335648	0.0
19.0	30.20571108589359	18.564366767253624	19.844337477549274	31.385584669303512	0.0
20.0	29.71856027096103	17.87194102289165	20.184774012328376	32.22472469381895	0.0
21.0	29.19232733558269	18.681519331501892	20.124321788422844	32.00183154449257	0.0
22.0	29.88070417226648	18.86296980030756	22.929026712941983	28.327299314483973	0.0
23.0	29.645773729842812	20.373696982563278	21.27566542390735	28.704863863686565	0.0
24.0	33.14823519995272	19.6073903977106	17.585859901228538	29.658514501108137	0.0
25.0	29.611928613536765	21.04800425588659	19.514093559782435	29.82597357079421	0.0
26.0	31.94439646028545	16.74565684303698	22.3595064209579	28.950440275719668	0.0
27.0	26.438569863276673	21.22626562366388	24.801060282294845	27.5341042307646	0.0
28.0	26.90547613981832	19.720071967379873	18.83861382284575	34.53583806995606	0.0
29.0	28.256982763377923	20.27641376834964	17.12425316021934	34.342350308053085	0.0
30.0	26.71673172680912	19.02451922301257	15.987517725697293	38.27123132448102	0.0
31.0	34.49198113222381	14.441336644639167	18.370121136054227	32.69656108708279	0.0
32.0	34.532906997434765	15.544094357054522	22.524463444303514	27.398535201207196	0.0
33.0	31.432530055459324	17.32973820011616	21.070367552953634	30.16736419147088	0.0
34.0	33.095379081579196	16.569360651398256	21.890975442969566	28.444284824052986	0.0
35.0	26.546755473049053	20.17817125812062	25.72704024226728	27.54803302656304	0.0
