# Position (bp)	A	C	G	T	N
0.0	26.853139559140534	23.36763785550379	24.596690077185173	25.182532508170503	0.0
1.0	27.01430005886223	21.199058204355804	15.681589972646377	36.105051764135595	0.0
2.0	27.432651512538374	20.668483322410403	17.500258700976165	34.39860646407506	0.0
3.0	24.634368501555333	21.131867943011326	15.986388712255314	38.24737484317803	0.0
4.0	32.4292009701773	16.67748437126362	14.728589485191131	36.163017114747376	0.001708058620571858
5.0	35.59723761616506	14.702020632620002	21.33344701168045	28.35706368829397	0.010231051240514964
6.0	31.046784221791867	17.91526517854109	21.730710427071653	29.300445078653215	0.00679509394217375
7.0	35.68403111763614	17.62770212119678	19.300021937595975	27.38655731618826	0.0016875073828448001
8.0	26.043563288151596	25.763706251264413	21.510216467732146	26.682513992851842	0.0
9.0	27.35139139071733	19.63771653675864	17.021598962980423	35.98929310954361	0.0
10.0	26.821966192919017	17.8521570936002	25.451181565890167	29.874695147590614	0.0
11.0	26.68470406345579	19.99630289382583	20.77269519040097	32.54461734951097	0.001680502806439687
12.0	28.1433104444034	21.367291775095275	19.839497674730957	30.644863421923006	0.005036683847354902
13.0	25.970975589296202	22.17263652378156	19.265162318597433	32.5912255683248	0.0
14.0	30.01929368341582	20.449626709168694	19.68123479573861	29.848167100075496	0.0016777116013757234
15.0	29.56798926264575	19.36750272628135	19.90604815032296	31.158459860749936	0.0
16.0	29.864944216089256	19.161144199312137	18.433017364315074	32.53921650868216	0.0016777116013757234
17.0	29.109973995470177	18.97156278835668	21.545172384867044	30.371613119704723	0.0016777116013757234
18.0	32.84791544333529	18.966529653552556	18.417917959902695	29.760926096803956	0.006710846405502894
19.0	30.95713446858485	18.666219276906297	19.72988843217851	30.64675782233034	0.0
20.0	29.794480328831476	17.73173391494002	21.70287727539636	30.770908480832144	0.0
21.0	28.064759667813107	17.827363476218437	19.69801191175237	34.40986494421609	0.0
22.0	27.65372032547605	20.54525627044711	20.095629561278415	31.702038419595674	0.003355423202751447
23.0	29.557922993037494	18.258535357771997	20.053686771244024	32.12985487794648	0.0
24.0	30.151832899924504	17.825685764617063	20.006710846405504	32.01577048905293	0.0
25.0	28.039593993792465	18.884321785085145	19.149400218102507	33.92668400301988	0.0
26.0	29.210636691552722	17.780387551379917	22.528311383273213	30.48066437379415	0.0
27.0	29.651874842714538	18.372619746665546	19.919469843133967	32.05603556748595	0.0
28.0	29.279422867209128	17.691468836507003	20.63920812012415	32.38654475295697	0.003355423202751447
29.0	29.713950171965436	17.686435701702877	19.723177585773005	32.87643654055868	0.0
30.0	29.23580236557336	18.06559852361379	19.562117272040936	33.136481838771914	0.0
31.0	29.440483180941197	18.80714705142186	19.030282694404832	32.71873165002936	0.003355423202751447
32.0	27.817858461125468	20.172141874433745	19.002718029596323	33.00728163484447	0.0
33.0	29.94345542710448	17.500293629087736	19.78724475242873	32.76900619137905	0.0
34.0	29.132338876117924	19.18385153615115	19.45903317281071	32.22309847811131	0.001677936808899777
35.0	30.308932169241103	17.958361316319678	20.14607118871726	31.58663532572196	0.0
36.0	30.939226519337016	18.923911400695225	18.17662765117802	31.960234428789736	0.0
37.0	28.339183447256605	20.366793745696388	18.5009153049057	32.79142804359874	0.0016794585425658768
38.0	29.817900819782288	18.698763607042064	19.899879048514986	31.583456524660665	0.0
39.0	31.634848077440168	18.235748857219683	18.72143049206776	31.407972573272385	0.0
40.0	28.508698139237527	20.414549614724585	19.68605942326458	31.385645546620005	0.005047276153302601
41.0	29.517118210001346	17.608505189378622	20.728871815608574	32.14550478501146	0.0
42.0	27.64145374820811	19.4636984568682	20.51606374905135	32.3770975630323	0.0016864828400371026
43.0	30.077815100518208	19.320426041895246	19.968603885691135	30.633154971895415	0.0
44.0	27.696802850917933	20.25874444763465	20.7603573781013	31.28409532334611	0.0
45.0	29.33851482639182	18.045112781954884	20.861704823857398	31.754667567795895	0.0
46.0	29.43712696346144	18.04609167610706	19.596571022775308	32.91851952048425	0.0016908171719391984
47.0	30.1107822410148	19.70909090909091	19.40972515856237	30.770401691331923	0.0
48.0	29.54333959359085	19.50831599072805	18.39838925266061	32.54995516302049	0.0
49.0	27.23964592183877	19.416752703823434	20.692923514378077	32.64898532572821	0.0016925342315048321
50.0	28.835665164809104	19.226599817066976	19.517937599512177	32.419797418611736	0.0
51.0	30.894474407245344	17.719887385095483	19.04107730402632	32.344560903632846	0.0
52.0	27.45241208334041	19.152332274880713	21.057546993598343	32.33770864818054	0.0
53.0	29.548893914403767	18.91482885854687	20.079576949890328	31.44989882845046	0.006801448708574926
54.0	30.375653180371398	18.816700992323536	19.580943303092713	31.226702524212353	0.0
55.0	28.070265112792203	19.33483268588564	18.781094527363184	33.81210386424044	0.0017038097185306344
56.0	29.775328818301233	18.587829884508437	21.38385165219468	30.251283713471743	0.0017059315239086304
57.0	26.899766103836235	21.03699656838475	19.47484335786113	32.58839396991788	0.0
58.0	29.69532304642778	17.697920404641067	21.930589019326398	30.676167529604758	0.0
59.0	26.984045466995344	21.944330320460146	21.97000821692687	29.096480416324294	0.005135579293344289
60.0	30.36443498850417	19.242647815792182	20.340757009025083	30.052160186678563	0.0
61.0	28.303868069064052	20.824224062247165	20.36632180544318	30.505586063245598	0.0
62.0	31.117710023825147	16.195918649217912	21.55830254480163	31.12806878215531	0.0
63.0	24.85614254021076	21.25103993344426	25.206253466444817	28.68483083749307	0.0017332224070992792
64.0	26.354161229141653	22.613144020462496	17.401820048372223	33.627394686015556	0.003480016008073637
65.0	26.554927655405287	20.36495967248106	18.921566912189235	34.153297058977905	0.005248700946515737
66.0	26.60763230023192	19.850305713683323	18.12144212523719	35.418862885656054	0.001756975191510296
67.0	32.735062324794164	15.151889137678731	17.99044411925457	34.12260441827254	0.0
68.0	34.07301615638668	16.832991163081317	22.329733107203428	26.764259573328573	0.0
69.0	31.502227763618695	17.28671226095088	20.0773758228057	31.13368415262473	0.0
70.0	31.51167135356237	16.715502153349984	24.717311360641876	27.055515132445773	0.0
71.0	25.024241068098757	20.21580766266378	25.548842644389747	29.211108624847714	0.0
