# Position (bp)	A	C	G	T	N
0.0	36.7706730096544	17.377920805932558	21.477543025045474	24.373863159367566	0.0
1.0	24.34417628541448	29.513816019587267	22.637285764253235	23.504721930745013	0.0
2.0	29.54292084726867	23.167502787068003	16.666666666666664	30.622909698996654	0.0
3.0	33.38201543918214	18.596564434244385	19.92489046526184	28.096529661311635	0.0
4.0	35.929351227313816	16.72345455809749	16.83471246783951	30.51248174674918	0.0
5.0	27.242386316228618	23.703240161312753	17.89041857877903	31.1639549436796	0.0
6.0	27.06479421579533	26.45995550611791	18.200778642936598	28.274471635150167	0.0
7.0	37.098568052273045	19.12275823717503	16.203253162797164	27.575420547754764	0.0
8.0	35.14001806684733	17.761100687929957	17.476200403029672	29.622680842193038	0.0
9.0	27.333981661572658	23.763545429285912	18.16476799110864	30.737704918032787	0.0
10.0	26.129816036098575	15.44602568552586	19.24331829225963	39.180839986115934	0.0
11.0	25.810032609449802	17.706237424547282	18.143342815513773	38.34038715048914	0.0
12.0	26.10413922207585	16.064619011301392	19.489703945087708	38.34153782153505	0.0
13.0	27.31619430392904	23.77520615341972	19.409604324024667	29.49899521862657	0.0
14.0	26.7590027700831	17.52770083102493	26.93213296398892	28.781163434903046	0.0
15.0	30.882658359293874	19.190031152647975	20.00692281066113	29.920387677397027	0.0
16.0	25.245674740484432	17.84083044982699	18.968858131487888	37.944636678200695	0.0
17.0	28.44493635860542	22.97315993359159	18.96098505810736	29.620918649695625	0.0
18.0	25.459952967215383	19.0067782542537	19.262691935260754	36.27057684327016	0.0
19.0	27.817729221407827	25.34919098326649	17.29359701286129	29.53948278246439	0.0
20.0	26.474044376857677	17.882076449851386	18.69772585885118	36.94615331443976	0.0
21.0	26.32997098245129	17.85961033577449	20.47809865966561	35.33232002210861	0.0
22.0	27.281519861830745	17.243523316062177	25.47841105354059	29.996545768566495	0.0
23.0	25.771700849388857	18.13410676058283	18.990401215385678	37.10379117464264	0.0
24.0	35.047987295449836	15.43188565904854	18.891113719533244	30.62901332596838	0.0
25.0	28.01021817177575	17.011875172604253	23.92294946147473	31.054957194145267	0.0
26.0	35.46872842744719	16.077592157945602	16.871462101339223	31.582217313267986	0.0
27.0	26.36338533756731	18.279718348750517	16.05688250724838	39.300013806433796	0.0
28.0	26.93953616786306	23.585035891772502	15.77167310877968	33.70375483158476	0.0
29.0	28.875086266390614	15.017253278122844	16.176673567977915	39.93098688750863	0.0
30.0	27.7382350908714	16.184092322576188	23.115195909059498	32.962476677492916	0.0
31.0	29.357671299177213	15.031459586531149	17.57588328839107	38.03498582590058	0.0
32.0	26.718296224588578	17.514866546812335	16.954778038998754	38.81205918960033	0.0
33.0	28.322500345733648	24.650809016733508	16.975522057806668	30.051168579726177	0.0
34.0	29.666989083874533	15.75238358435816	19.510847036064668	35.06978029570264	0.0
35.0	26.05628932992186	23.732798561648572	17.509162575202268	32.7017495332273	0.0
36.0	28.02019224120047	15.358550584330269	17.965562547541662	38.6556946269276	0.0
37.0	35.848665098907176	18.259786969152024	17.18771614331166	28.70383178862913	0.0
38.0	34.20925247216652	18.823041283452042	15.780374801189406	31.187331443192036	0.0
39.0	36.80022143796277	16.70472631651789	15.722095356722718	30.77295688879662	0.0
40.0	26.46529028682278	24.34529582929195	18.400997644450605	30.788416239434667	0.0
41.0	27.68408633492956	14.692206259976404	26.615309875772088	31.00839752932195	0.0
42.0	36.56706045865184	16.55316191799861	18.749131341209175	28.130646282140376	0.0
43.0	36.39337416481069	17.657293986636972	17.20489977728285	28.744432071269486	0.0
44.0	29.836569353261627	23.920938678586396	15.037016343064675	31.205475625087303	0.0
45.0	32.06819866567828	16.3232023721275	18.48776871756857	33.12083024462565	0.0
46.0	30.256295634033677	17.255252570406796	18.201460289077634	34.2869915064819	0.0
47.0	30.53343350864012	17.129977460555974	19.526671675432006	32.8099173553719	0.0
48.0	28.27394376785446	18.26792963464141	18.36565929935348	35.09246729815065	0.0
49.0	30.14739058505038	18.393743420063167	18.386223492254476	33.07264250263198	0.0
50.0	28.179288561329624	20.89945100398586	18.85387681431902	32.0673836203655	0.0
51.0	30.2647412755716	18.91546329723225	17.854993983152827	32.964801444043324	0.0
52.0	29.244076720571645	17.608123354644604	19.533659270402406	33.614140654381345	0.0
53.0	30.442304799157515	19.21167443959681	19.625394914999248	30.720625846246424	0.0
54.0	27.77234058571106	22.788526688248137	19.15982835202891	30.279304374011893	0.0
55.0	29.511405555973802	18.542497929684558	19.167356771813594	32.778739742528046	0.0
56.0	27.330221352205992	18.46107513928625	19.793705767203733	34.41499774130402	0.0
57.0	30.45704389729689	17.25020706272118	19.494014004969507	32.79873503501242	0.0
58.0	31.4100632720699	18.025007532389274	18.055137089484784	32.50979210605604	0.0
59.0	29.12241054613936	17.83050847457627	20.436911487758948	32.610169491525426	0.0
60.0	29.627118644067796	17.747645951035782	19.887005649717516	32.738229755178914	0.0
61.0	29.847822811511225	17.711315353322284	20.513786349254183	31.927075485912308	0.0
62.0	28.08921036769138	20.01959011452682	20.946353224834237	30.94484629294756	0.0
63.0	32.61000602772754	17.352320675105485	19.657926461723928	30.37974683544304	0.0
64.0	28.28937452901281	17.694046721929162	22.29841748304446	31.718161266013567	0.0
65.0	30.567488130228355	18.614816489562138	19.34584369583239	31.47185168437712	0.0
66.0	29.427731282515268	16.889089949483527	21.443112418004976	32.24006634999623	0.0
67.0	29.40732921128035	18.911174785100286	19.084602624038606	32.596893379580756	0.0
68.0	26.24038606545016	19.310812848740763	19.966822500377017	34.48197858543206	0.0
69.0	27.524319432923612	20.224719101123593	21.310610059573186	30.940351406379605	0.0
70.0	27.83100716710675	19.53225198038476	19.660505469634103	32.976235382874385	0.0
71.0	29.089948686990642	18.782070630848175	19.763054633262904	32.364926048898276	0.0
72.0	28.56172653184425	18.73679444612134	21.219438575309386	31.482040446725023	0.0
73.0	29.552486604784544	17.28926118783488	20.496566296883252	32.661685910497326	0.0
74.0	29.599999999999998	18.11320754716981	22.022641509433964	30.264150943396228	0.0
75.0	29.45127934183712	18.43157974186731	22.748886708430824	29.368254207864748	0.0
76.0	29.528985507246375	18.697161835748794	18.63677536231884	33.13707729468599	0.0
77.0	28.721316425120776	19.270833333333336	18.553743961352655	33.45410628019324	0.0
78.0	28.361138370951917	18.85709972069148	19.16660375934174	33.615158149014874	0.0
79.0	28.148595590456054	20.71126547870734	17.3059498640894	33.83418906674721	0.0
80.0	29.09049705393564	17.10228131137634	20.14654781689077	33.660673817797246	0.0
81.0	27.258308157099698	17.07703927492447	20.40785498489426	35.25679758308157	0.0
82.0	29.610330765745356	17.980667572874186	20.359462316870562	32.049539344509895	0.0
83.0	28.58437830487989	17.593292038072217	21.559147907538904	32.26318174950899	0.0
84.0	27.36611526550344	17.56930281743334	20.061938212855956	35.002643704207266	0.0
85.0	29.228677192717385	16.710735060814383	21.099947117927023	32.96064062854121	0.0
86.0	29.840598322882826	17.51152073732719	20.71466344337841	31.933217496411576	0.0
87.0	32.53002946286923	16.990254589408476	21.538112865452895	28.941603082269395	0.0
88.0	31.41950593034675	19.20374707259953	17.503966155473293	31.87278084158042	0.0
89.0	30.87557603686636	16.84671753418448	18.3047518319861	33.972954596963056	0.0
90.0	29.570867331520095	16.847990329404656	20.081595648232096	33.499546690843154	0.0
91.0	28.877975066112583	19.82621836040801	16.781261805817905	34.514544767661505	0.0
92.0	28.133030990173847	17.180650037792894	18.71504157218443	35.97127739984883	0.0
93.0	31.294882455212036	17.06100234333661	19.457253004762265	32.18686219668909	0.0
94.0	30.391712038717483	16.666666666666664	19.54022988505747	33.40139140955838	0.0
95.0	30.229919830585388	16.412040538496445	20.201179851762213	33.15685977915595	0.0
96.0	29.67249073443764	16.867105362680583	19.332879509870658	34.127524393011115	0.0
97.0	30.209515165267376	17.6915513198699	19.64299220936389	32.455941305498825	0.0
98.0	31.631109093660157	18.8833408987744	18.104100469057347	31.381449538508093	0.0
99.0	30.322287789378123	18.565592374035404	20.282947495839007	30.82917234074747	0.0
100.0	31.368532847822788	16.530116825974815	18.965255651646185	33.13609467455622	0.0
101.0	32.09613629449346	18.246121083054454	19.28049893519927	30.377243687252815	0.0
102.0	30.685370130365175	17.65647632842876	19.96645574445376	31.691697796752305	0.0
103.0	29.54041446815019	18.865183145981497	19.17871071346639	32.41569167240193	0.0
104.0	28.239355581127732	17.34560797851937	20.06904487917146	34.345991561181435	0.0
105.0	29.61280886767762	16.91940574243707	19.736740820568084	33.73104456931722	0.0
106.0	32.47144180302563	18.33127508490275	18.084285273232478	31.112997838839146	0.0
107.0	30.37014093232151	18.615456094161374	18.85550565277993	32.15889732073718	0.0
108.0	33.439564710454725	17.15507190050525	17.201710066070735	32.203653322969295	0.0
109.0	28.81646655231561	18.501481365975362	20.02183065647903	32.66022142523	0.0
110.0	26.40137596747713	19.169728715503087	20.029708388710812	34.399186928308964	0.0
111.0	32.073992788838375	18.223859539112713	19.799341589590842	29.902806082458067	0.0
112.0	29.019577010771286	18.76719867914144	18.704300652567028	33.50892365752024	0.0
113.0	28.91955835962145	18.34384858044164	17.468454258675077	35.26813880126183	0.0
114.0	30.973101265822784	17.325949367088608	19.17721518987342	32.52373417721519	0.0
115.0	27.056861499364675	19.933290978398986	17.908195679796695	35.101651842439644	0.0
116.0	29.92747270263808	17.91663345819718	17.64565234717462	34.510241491990115	0.0
117.0	30.03595685177787	18.777467039552537	19.952057530962843	31.234518577706755	0.0
118.0	29.869296768502927	17.416406062063988	20.35923342153797	32.355063747895116	0.0
119.0	26.303945993731414	19.038817005545287	23.354496504058506	31.302740496664793	0.0
120.0	26.63766014019821	20.747723793409072	20.86052695189751	31.754089114495205	0.0
121.0	29.546188630490956	19.032622739018088	18.782299741602067	32.63888888888889	0.0
122.0	27.624756966947505	17.271548930654568	19.78289047310434	35.320803629293586	0.0
123.0	29.92849016739802	16.9104501869007	19.19388915975947	33.967170485941814	0.0
124.0	31.021838331160367	17.503259452411996	19.532268578878746	31.94263363754889	0.0
125.0	28.298341638755005	17.792663998039377	18.56874438362879	35.34024997957683	0.0
126.0	30.812715058168116	18.179583811240374	18.195969195477634	32.81173193511388	0.0
127.0	29.98683344305464	17.585582620144834	20.177748518762343	32.24983541803818	0.0
128.0	30.47281128806007	17.633468107929698	19.622081029787935	32.27163957422229	0.0
129.0	30.853355426677716	17.72162386081193	18.13587406793703	33.28914664457332	0.0
130.0	30.547933815581608	19.19015548349547	17.044982123555332	33.21692857736759	0.0
131.0	30.97263930597264	19.035702369035704	19.285952619285954	30.705705705705704	0.0
132.0	29.312222501466028	17.03107983580464	22.4595794588255	31.197118203903827	0.0
133.0	28.310924369747898	20.210084033613445	19.949579831932773	31.529411764705884	0.0
134.0	27.199865013076856	19.961191259596728	18.92347928794398	33.91546443938244	0.0
135.0	29.129662522202487	16.98384504778821	20.891482703205615	32.99500972680369	0.0
136.0	28.569000679809655	17.598572399728077	19.22161794697485	34.61080897348742	0.0
137.0	29.49701619778346	16.044330775788577	19.053708439897697	35.40494458653026	0.0
138.0	28.50059839288767	17.780817233715165	19.251154043426226	34.46743032997093	0.0
139.0	29.51677967556433	18.822418676508455	18.79666981374989	32.86413183417732	0.0
140.0	28.175081854213335	18.886782698604172	21.26486300189557	31.67327244528692	0.0
141.0	30.689296847939033	18.011776931070315	18.73917561482508	32.55975060616557	0.0
142.0	32.60038240917782	17.130192942812446	17.912393533808448	32.357031114201284	0.0
143.0	32.66019756971763	19.95803829006032	19.11006206836262	28.27170207185943	0.0
144.0	31.383912890762204	18.501931858096242	18.18580962416579	31.928345626975762	0.0
145.0	30.03352743956238	18.043056290806422	18.828304217398976	33.095112052232224	0.0
146.0	29.92112026943189	18.425950545067803	17.96508020916423	33.687848976336085	0.0
147.0	28.877814363264214	18.296698407048144	18.625967784995996	34.199519444691646	0.0
148.0	29.735525375268047	18.736597569692638	19.004646175839884	32.523230879199424	0.0
149.0	29.930019738022608	19.118966445361565	18.105149829535257	32.84586398708056	0.0
150.0	29.46589678816312	17.21400216528329	19.812342114760014	33.507758931793575	0.0
151.0	29.74614687216682	19.32910244786945	20.135992747053493	30.788757932910244	0.0
152.0	29.240032843718637	18.5110847550406	17.17908949913329	35.06979290210747	0.0
153.0	30.2749770852429	18.39596700274977	20.04582951420715	31.283226397800185	0.0
154.0	30.103168754605747	17.778187177597644	19.21518054532056	32.90346352247605	0.0
155.0	28.809479725976672	19.487132012590262	17.654138122569897	34.04925013886317	0.0
156.0	30.827207592816602	17.3071554852517	19.76365497348097	32.10198194845073	0.0
157.0	31.231287425149702	18.74064371257485	19.236526946107784	30.791541916167663	0.0
158.0	27.67697659114412	20.70132556171853	18.77409043903356	32.84760740810379	0.0
159.0	32.87050155851516	16.095211107962594	19.268914706715783	31.76537262680646	0.0
160.0	27.283072546230443	17.942152678994784	21.697486960644856	33.07728781412992	0.0
161.0	29.461648404001906	16.912815626488804	20.67651262505955	32.94902334444974	0.0
162.0	30.17348797086169	18.67152305185469	20.300968082047348	30.854020895236268	0.0
163.0	28.627866640971284	18.365773752168046	18.809019078820583	34.19734052804008	0.0
164.0	28.66550455161728	17.71257021111757	18.806895215959713	34.815030021305446	0.0
165.0	29.44558121406996	16.7982071519049	20.75416544869921	33.00204618532593	0.0
166.0	27.07171509637022	18.89247627433715	20.594853732511496	33.440954896781136	0.0
167.0	28.457760314341847	17.848722986247544	20.962671905697448	32.73084479371317	0.0
168.0	29.816423213580734	17.893801816028425	20.03553099091986	32.25424397947098	0.0
169.0	26.732771442736734	17.937530986613783	21.19980168567179	34.12989588497769	0.0
170.0	27.936191425722832	17.39780658025922	18.693918245264207	35.97208374875374	0.0
171.0	30.764599638771823	16.887417218543046	18.191852297812563	34.156130844872564	0.0
172.0	28.557023293334677	20.19764041544822	16.658263587778563	34.58707270343854	0.0
173.0	29.500710371422773	16.663283945605844	18.94662066166024	34.88938502131114	0.0
174.0	31.186198448346264	18.864842792976724	18.548387096774192	31.400571661902816	0.0
175.0	28.49523028002872	17.376141142681302	21.417581290388757	32.71104728690122	0.0
176.0	29.75403059115337	16.463414634146343	17.176519222819348	36.60603555188094	0.0
177.0	27.956653120766905	18.995519433156193	20.141710951338958	32.906116494737944	0.0
178.0	27.292759706190978	19.87408184679958	19.527806925498425	33.305351521511014	0.0
179.0	28.72846422154106	17.03836803720537	21.24511151041116	32.9880562308424	0.0
180.0	30.32237472071497	15.84211086285775	19.555271837429515	34.280242578997765	0.0
181.0	29.11094468813523	19.17192682144003	18.316037231197175	33.40109125922756	0.0
182.0	30.284421460892048	18.228829993535875	18.58435681965094	32.902391725921134	0.0
183.0	29.33593326833496	20.311992200194993	19.824504387390316	30.52757014407973	0.0
184.0	31.376186838371712	19.3604714613118	17.75619338644549	31.507148313871003	0.0
185.0	28.283828382838283	19.427942794279428	20.506050605060505	31.782178217821784	0.0
186.0	29.09976746761156	17.56173181264533	21.27117705680434	32.06732366293877	0.0
187.0	29.98771910237803	21.111979457407614	18.220386290052474	30.679915150161886	0.0
188.0	29.251012145748987	17.026540710751238	19.646873594242013	34.07557354925776	0.0
189.0	30.28344671201814	18.1859410430839	20.351473922902493	31.179138321995463	0.0
190.0	31.39003200731596	18.34705075445816	18.198445358939185	32.06447187928669	0.0
191.0	28.620808848945735	18.50443599493029	18.88466413181242	33.99009102431156	0.0
192.0	31.53435468895079	18.40761374187558	18.73259052924791	31.32544103992572	0.0
193.0	31.554878048780488	17.847091932457786	18.644465290806757	31.95356472795497	0.0
194.0	29.71887550200803	18.946373730214976	19.950389794472006	31.384360973304986	0.0
195.0	28.88543782104886	19.782582726078125	19.02998447019472	32.301994982678295	0.0
196.0	29.566265060240966	19.710843373493976	18.120481927710845	32.60240963855422	0.0
197.0	28.641131983410588	19.773115393998538	20.16345450109783	31.422298121493046	0.0
198.0	28.633648581383774	21.030363364858136	20.047287207565955	30.288700846192135	0.0
199.0	28.55645795127063	21.456641341367565	18.587896253602306	31.3990044537595	0.0
200.0	23.86748844375963	19.013867488443758	22.295839753466872	34.82280431432974	0.0
201.0	31.874722345624168	17.147934251443804	19.369169258107508	31.608174144824524	0.0
202.0	31.000448631673393	17.855540601166442	20.34544638851503	30.798564378645132	0.0
203.0	30.20408163265306	19.024943310657598	20.54421768707483	30.22675736961451	0.0
204.0	32.84604842393787	17.907720420283233	22.15623572407492	27.089995431703972	0.0
205.0	29.87762641422304	16.809051027476333	23.712768413761257	29.600554144539366	0.0
206.0	29.220023282887077	20.745052386495928	21.443538998835855	28.59138533178114	0.0
207.0	28.96470588235294	18.682352941176468	19.905882352941177	32.44705882352941	0.0
208.0	27.95031055900621	17.725752508361204	21.76301958910655	32.56091734352604	0.0
209.0	27.28585178055823	18.1665062560154	20.283926852743022	34.26371511068335	0.0
210.0	28.54014598540146	17.153284671532848	20.194647201946474	34.11192214111922	0.0
211.0	30.22397243416195	19.394536057100666	20.846665025842974	29.53482648289441	0.0
212.0	25.961058412381426	16.699950074887667	22.141787319021468	35.19720419370944	0.0
213.0	29.037149355572407	19.83826130907253	17.791256002021733	33.33333333333333	0.0
214.0	30.500641848523745	21.566110397946083	19.614890885750963	28.318356867779205	0.0
215.0	28.20114048729912	19.362363919129084	18.792120269569725	33.64437532400208	0.0
216.0	30.83180267646287	18.70900026239832	21.07058514825505	29.388611912883754	0.0
217.0	24.953095684803	20.905923344947734	24.470651299919595	29.67032967032967	0.0
218.0	25.808249721293198	19.84392419175028	19.39799331103679	34.94983277591973	0.0
219.0	21.965678627145085	22.995319812792513	24.86739469578783	30.17160686427457	0.0
220.0	13.110902255639099	24.906015037593985	20.911654135338345	41.07142857142857	0.0
