# Position (bp)	A	C	G	T	N
0.0	26.780762732630876	23.2727601016289	24.579233140307206	25.367244025433017	0.0
1.0	26.63620377620044	20.69594013528604	15.919855215700368	36.74800087281315	0.0
2.0	27.708101612140272	20.190746493818637	17.835819941446452	34.265331952594636	0.0
3.0	24.732676548181946	21.164115570396238	15.982055236225992	38.119878159132334	0.0012744860634948956
4.0	32.04626357060515	16.854786607380383	14.60368132355363	36.49400169751327	0.0012668009475671088
5.0	34.81268813396403	15.468089950168215	20.981205575089167	28.72410391318645	0.013912427592138215
6.0	31.496599497810806	17.29902968972783	22.179602033992403	29.017198087138656	0.007570691330296645
7.0	34.991449552358915	17.890554270194144	19.513881903229052	27.60285685544714	0.0012574187707474096
8.0	25.886547079572704	26.06354267351217	21.075028557799733	26.9748816891154	0.0
9.0	27.357425891558407	19.734664192205447	16.86688067412349	36.03977529217033	0.0012539499423183027
10.0	26.925871182704107	17.278352581606836	24.216499235914522	31.57927699977453	0.0
11.0	27.605757196495617	19.501877346683354	21.07759699624531	31.81351689612015	0.0012515644555694619
12.0	26.649238235809168	20.967903334750957	20.432541965826935	31.946563930653195	0.0037525329597478297
13.0	26.639754036894463	21.77298405239214	19.015897615357698	32.57011448282758	0.0012498125281207818
14.0	30.812878068289756	19.488326750987355	19.80702894565815	29.891766235064743	0.0
15.0	29.528070789381594	18.772184172374143	19.767034944758286	31.931460280957857	0.0012498125281207818
16.0	29.943008548717692	17.922311653252013	19.268359746038094	32.865070239464075	0.0012498125281207818
17.0	29.889266610008498	18.582212668099785	21.446782982552616	30.077988301754736	0.003749437584362346
18.0	31.820226965955108	18.515972604109386	18.918412238164276	30.735389691546267	0.009998500224966254
19.0	30.35294705794131	19.230865370194472	20.005749137629355	30.410438434234866	0.0
20.0	29.776783482477626	17.658601209818528	21.35429685547168	31.210318452232165	0.0
21.0	28.699445083237514	17.901064840273957	19.918262260660903	33.47997800329951	0.0012498125281207818
22.0	27.984552317152428	19.19587061940709	20.816877468379744	32.00269959506074	0.0
23.0	29.76178573214018	16.986202069689547	20.980602909563565	32.27015947607859	0.0012498125281207818
24.0	30.56541518772184	17.479878018297253	19.30585412188172	32.64635304704294	0.0024996250562415636
25.0	29.02439634054892	17.69609558566215	19.19837024446333	34.07988801679748	0.0012498125281207818
26.0	30.091736239564064	17.446133080037995	21.89546568014798	30.566665000249966	0.0
27.0	29.246862970554417	17.861070839374094	20.116982452632104	32.77508373743939	0.0
28.0	29.6730490426436	17.333649952507123	21.363045543168525	31.625256211568264	0.004999250112483127
29.0	29.77590581295072	18.401219832273064	19.671045231280697	32.149329467198264	0.002499656297259127
30.0	29.890890002624637	17.70256589718914	19.48982014972941	32.91547412230818	0.0012498281486295634
31.0	30.057492813398323	18.33270841144857	19.50506186726659	32.100987376577926	0.0037495313085864268
32.0	28.720518941619066	19.04285767851117	19.155345023684838	33.08127835618493	0.0
33.0	29.785266105042123	17.163712721545885	20.17973651976102	32.870034747393944	0.0012499062570307227
34.0	28.69017411847056	18.22181668187443	19.898003824856566	33.190005374798446	0.0
35.0	29.987368210413095	17.182985854897005	20.837450129444576	31.99219580524532	0.0
36.0	31.150165738945525	18.252548627181188	18.711614234786417	31.884420539120644	0.0012508599662267809
37.0	28.059354160671614	20.160896818346743	19.261325959938443	32.5184230610432	0.0
38.0	29.866977011925766	18.96735117818573	19.788264444194166	31.37740736569434	0.0
39.0	30.709331730889605	18.275369939157216	18.71479005483362	32.300508275119554	0.0
40.0	29.106151551985565	19.567423967118206	19.175198305785642	32.14871994085287	0.002506234257716069
41.0	29.44918444165621	17.78293601003764	21.20451693851945	31.559598494353825	0.003764115432873275
42.0	27.840281265695634	19.08211953792064	20.3917629331994	32.68583626318433	0.0
43.0	29.990072009349905	18.653312053083333	20.232993603357922	31.12236562653161	0.0012567076772272002
44.0	28.58346326007142	19.03133329980385	20.39430669416084	31.990896745963887	0.0
45.0	29.90098013311692	18.601139923753443	19.831653644358887	31.666226298770745	0.0
46.0	29.999874129923093	17.18378289929135	20.04606844814782	32.770274522637735	0.0
47.0	30.59662024328204	19.798776034452363	19.07850001259224	30.524844485858914	0.0012592238144407788
48.0	29.1403661286868	18.94016706353706	18.65164858701541	33.26781822076073	0.0
49.0	27.483552216984698	19.9541226588692	20.484736961508407	32.07632779612311	0.0012603665145824406
50.0	28.684967452187514	18.834838774789322	18.934500681233285	33.54569309178988	0.0
51.0	30.628946703713062	17.61050770396565	19.309168982066176	32.45137661025512	0.0
52.0	28.69697161282165	18.33976101662768	20.911677309224252	32.051590061326415	0.0
53.0	29.638444399432856	19.015849706299374	19.85644115859834	31.48040307879279	0.008861656876645736
54.0	30.040307247699445	18.91018328389992	19.552817704768426	31.496691763632217	0.0
55.0	28.563088560042644	18.302154986420284	18.997639414168592	34.135847907201054	0.0012691321674239155
56.0	30.146227433841933	17.951291400404	21.414505863072172	30.48543442633364	0.0025408763482525124
57.0	27.454071578412055	19.510520628059247	20.143665374102092	32.889199669442505	0.0025427499841078126
58.0	30.399317927313447	17.626997862160238	22.190267738979948	29.78341647154637	0.0
59.0	27.0772799102819	21.998776571341182	21.812713462812866	29.10358362644645	0.00764642911760208
60.0	30.307209070711714	18.772185193697492	20.96069868995633	29.959907045634466	0.0
61.0	29.19136189659366	20.819518939054518	19.81208156786441	30.17703759648741	0.0
62.0	30.982445334154608	16.276562981213427	22.066522944256235	30.673185504568316	0.00128323580741197
63.0	25.599762929368413	21.079959801066817	25.334346896178523	27.985930373386246	0.0
64.0	25.654524758110416	21.780410824235524	18.038236663734672	34.521653645159624	0.00517410875976613
65.0	27.239649660836346	19.62211191101177	19.292044598071577	33.8396964420303	0.006497388050003898
66.0	26.99240862964026	18.643205593092112	18.61450969138862	35.73944121253228	0.010434873346724756
67.0	32.815424689451156	14.867075932301008	18.166943728156866	34.14793774624658	0.0026179038443917956
68.0	34.216136763907464	15.846762980520943	23.117973436444775	26.819126819126822	0.0
69.0	32.53804627946722	17.022488674280446	20.703686623443563	29.735778422808778	0.0
70.0	30.94697631104127	16.732145975205167	24.534369361503988	27.786508352249577	0.0
71.0	25.376002365027162	20.344776615793947	24.46879272754148	29.810428291637415	0.0
