# Position (bp)	A	C	G	T	N
0.0	26.790442652796887	24.07653607052172	23.69782100454599	25.435200272135404	0.0
1.0	27.298915448314474	20.16278810755815	15.254662448463979	37.283433319988404	2.0067567499771732E-4
2.0	28.01864274867502	20.03305196481126	17.988711913712763	33.95959337280095	0.0
3.0	23.912382111347732	22.07922915409437	15.195878448133982	38.81211129785992	3.989885639902846E-4
4.0	34.27709237606076	14.003512987710511	14.674879551865306	37.04361992894455	8.951554188730591E-4
5.0	36.31384033409758	15.000913920600167	22.749569861282747	25.926636017213493	0.009039866806006444
6.0	32.610787782339436	17.68536726201933	19.938923602912144	29.758670844255185	0.006250508473903632
7.0	35.63772520981912	16.731699192843248	20.616797822203452	27.01229075090758	0.0014870242265986996
8.0	23.110783579576296	27.002531765936453	22.294100866505808	27.591890424853304	6.933631281374682E-4
9.0	29.09461257066844	18.100919283576417	15.983340459562609	36.82102871078594	9.897540659097028E-5
10.0	26.753496707526697	17.066959155132956	25.215459690196955	30.96358993328019	4.94513863201641E-4
11.0	28.533470929784293	18.618420922568387	19.70337684623399	33.142754340911026	0.0019769605023061245
12.0	26.687811240218164	19.568413564145125	21.116710141490792	32.62222353964114	0.004841514504782231
13.0	27.613907392684844	21.550829337665608	18.70456419651278	32.13050155300206	1.9752013470873185E-4
14.0	31.84686263956032	18.355842398684516	20.51730523280217	29.27919964841416	7.900805388349274E-4
15.0	30.017628672022756	18.848457614648094	19.61236673563411	31.520954417290913	5.925604041261956E-4
16.0	30.720800351585844	17.73098745253344	19.03432406140901	32.51201169319197	0.0018764412797329527
17.0	30.152929964298238	18.2379228782634	20.486492091787607	31.11919846329335	0.003456602357402808
18.0	31.623269847070034	18.044353146248845	18.588323597236695	31.736350124190782	0.007703285253640543
19.0	30.533748784016673	18.455293786510364	19.730385016122582	31.280473653283032	9.876006735436592E-5
20.0	30.23964130343537	18.277821945474567	19.460572512110453	32.0217667188449	1.9752013470873185E-4
21.0	30.66628479440623	17.305825362572897	19.295050639224538	32.73244416352692	3.950402694174637E-4
22.0	28.645555056268545	19.401612751899897	19.769395242727555	32.18254810849781	8.888406061892934E-4
23.0	30.208729402353452	17.813353348706983	20.206408540770624	31.77032358736069	0.0011851208082523912
24.0	31.264573282438977	17.91774273990055	18.563238540128683	32.25256899625206	0.0018764412797329527
25.0	29.71018858234861	18.161976386467895	19.445462221805236	32.68207652917619	2.962802020630978E-4
26.0	32.08566448242318	17.77483692243878	19.991111593938108	30.14809072099787	2.962802020630978E-4
27.0	29.282359970569498	18.270217420288283	20.104981951597694	32.342243137409824	1.9752013470873185E-4
28.0	30.53572398536376	18.095412101071055	19.913683701132285	31.45142732987344	0.0037528825594659054
29.0	29.411962226212136	18.61599480126492	19.563894863878865	32.40567910452184	0.0024690041222492826
30.0	30.325763299408916	18.315334133297778	19.271242265775843	32.085388797534925	0.0022715039825390478
31.0	30.784288163581348	18.311941501339213	19.54123112659698	31.360761493912314	0.001777714570148617
32.0	29.24075486009331	18.462823890998013	19.617849114892174	32.678275847084336	2.962869321660945E-4
33.0	29.739235038088097	18.583021981766304	19.529669014272297	32.14659251511821	0.00148145075509545
34.0	29.930143968806266	18.11960561416123	19.676823264142314	32.27313085981288	2.962930773097774E-4
35.0	30.495143471491065	17.779886804577245	19.450038308494598	32.27493141543709	0.0
36.0	31.16244989013901	17.505769926765936	19.192942000122617	32.13854152864	2.966543324387557E-4
37.0	29.391738852633807	18.917437980072123	19.3433335377421	32.347390722083865	9.890746810728691E-5
38.0	30.774527904257027	18.460462290715597	19.16630553296409	31.59811062762069	5.936444425975506E-4
39.0	29.811142176003298	18.98765632548967	19.514153446486983	31.68675104348997	2.97008530084984E-4
40.0	30.069419651711694	18.561426474671745	19.427684557102623	31.937304137411243	0.004165179102701416
41.0	29.77950455597842	18.449874300704515	20.596003457972714	31.17263034470423	0.00198734064012242
42.0	29.376778121308796	18.33304641251121	19.548960467617917	32.739224796327676	0.001990202234400049
43.0	29.486487294171553	18.529590484823732	20.22413260681164	31.75719963740325	0.0025899767898233833
44.0	29.63942298105186	18.815731224350614	19.890363209259103	31.654382879271907	9.97060665159111E-5
45.0	29.782424498276942	18.371013086865528	19.642873182255034	32.20358943190449	9.980069800608186E-5
46.0	30.47970892471733	17.51465413836463	19.48438606426148	32.52065162351573	5.992491408265443E-4
47.0	29.820339413297305	18.192420815723224	19.91067439929083	32.07446664981027	0.002098721878376069
48.0	30.468855465480573	17.972742844971805	18.810316880176714	32.747384831070235	6.999783006726791E-4
49.0	29.699517474778	17.769976964474054	20.18460442338136	32.344700328021084	0.0012008093454988662
50.0	29.90409886904601	18.358688866911756	19.590944752892515	32.14616731145172	1.0019969799811025E-4
51.0	30.282233893972272	18.28269978221733	19.489691720543362	31.945274196317676	1.004069493657795E-4
52.0	29.897413598737398	18.068976068541243	19.75955808934841	32.27375028183077	3.019615421779882E-4
53.0	31.582319155526093	17.67499296305376	19.384945676792807	31.34644273539972	0.011299469227610657
54.0	30.281111991846902	18.355792096025365	19.24339178543119	32.11737871459307	0.002325412103466684
55.0	29.07044473551188	18.276063620183333	18.475927676157426	34.17594317499197	0.0016207931553905049
56.0	29.22826534733031	18.481633531057913	20.51390802661672	31.77568576200401	5.073329910526754E-4
57.0	28.31509940193247	18.722449730122914	19.833451348471105	33.12859315458019	4.0636489332413595E-4
58.0	30.661352409319885	18.03490482352271	21.825992659325994	29.477444924599393	3.051832320125003E-4
59.0	29.646638068940216	20.453725685988815	21.093302629836057	28.79665386222145	0.009679753013459951
60.0	31.1506854351916	19.02192452961231	19.81807522526111	30.00921267386113	1.0213607384846684E-4
61.0	29.122437943226092	21.001081563842995	19.83788832853321	30.038592164397706	0.0
62.0	31.07263631651267	16.43501567423912	21.879448233871166	30.612796926038982	1.0284933806166024E-4
63.0	26.52762164973934	20.223542028403983	25.611364075877706	27.63581760476206	0.001654641216905883
64.0	26.421032622752104	19.87601962330158	18.544497799493733	35.15616479335392	0.0022851610986639077
65.0	27.69987445720744	19.671605935471213	18.629485963313954	33.99245908379851	0.0065745602088831704
66.0	26.576041672125477	19.784512349140304	17.00402991253675	36.627660187713225	0.007755878484249802
67.0	33.6340221106247	14.391378898384385	17.914700523451092	34.05821432969735	0.0016841378424720616
68.0	34.27442237319679	15.545270545797575	23.143614297228265	27.036586313697057	1.0647008031038157E-4
69.0	31.904857738059622	17.231562515297714	20.678484207320057	30.185095539322603	0.0
70.0	33.24260282985513	16.126029937553998	22.055004928715093	28.576362303875776	0.0
71.0	26.01508787020072	20.113527238878515	25.889748378392706	27.98163651252806	0.0
