# Position (bp)	A	C	G	T	N
0.0	65.85056986070072	6.732798649219079	8.758970029548333	18.65766146053187	0.0
1.0	12.745304916649083	61.95399873391011	16.290356615319688	9.010339734121123	0.0
2.0	23.789561936700903	58.56214630056592	7.6923076923076925	9.955984070425487	0.0
3.0	62.76395567635375	7.8611749947731555	10.286431110181894	19.0884382186912	0.0
4.0	63.7047877900899	10.89274513903408	12.962575789253606	12.439891281622414	0.0
5.0	13.894692854157961	64.70956957793564	11.575428332636857	9.820309235269537	0.0
6.0	19.335978283566508	61.891835456253915	6.786385466694508	11.98580079348507	0.0
7.0	64.12612236375026	12.98809772395072	9.667989141783254	13.217790770515766	0.0
8.0	64.67640918580376	11.503131524008351	7.286012526096034	16.53444676409186	0.0
9.0	11.271133375078271	65.03861406804425	10.665831767898142	13.024420788979334	0.0
10.0	17.379511788024203	6.864176924681828	9.86855831420822	65.88775297308574	0.0
11.0	17.25073007926575	6.4455569461827285	9.094701710471423	67.2090112640801	0.0
12.0	12.737127371273713	12.88305190744215	9.27663122785074	65.1031894934334	0.0
13.0	19.72123985853963	58.01955481589349	8.300395256916996	13.958810068649885	0.0
14.0	21.66770638386359	9.27427739654814	59.63817841547099	9.41983780411728	0.0
15.0	60.92646447860407	13.128375571250519	10.199418363107602	15.745741587037806	0.0
16.0	22.415940224159403	7.22291407222914	7.513491075134911	62.84765462847655	0.0
17.0	14.99585749792875	59.81772990886496	8.429991714995857	16.75642087821044	0.0
18.0	12.525879917184266	12.236024844720497	6.418219461697723	68.81987577639752	0.0
19.0	17.259933774834437	63.431291390728475	5.856788079470199	13.451986754966889	0.0
20.0	9.19801570897065	10.231500620090946	6.469615543613064	74.10086812732534	0.0
21.0	12.445820433436532	12.033023735810113	8.91640866873065	66.6047471620227	0.0
22.0	24.355537224169932	4.805114456588988	59.104970096927204	11.734378222313879	0.0
23.0	17.962466487935657	10.002062280882656	9.239018354299855	62.79645287688184	0.0
24.0	62.84536082474227	12.041237113402062	9.938144329896907	15.175257731958764	0.0
25.0	15.938144329896907	6.515463917525772	58.96907216494846	18.577319587628864	0.0
26.0	68.80280239027405	5.996290954049042	10.302905419328251	14.898001236348652	0.0
27.0	11.106532042035854	10.117453121780343	5.707809602307851	73.06820523387594	0.0
28.0	10.199876365134967	59.221100350298784	13.764681640222543	16.814341644343706	0.0
29.0	15.615986814997939	11.61928306551298	6.139266584260404	66.62546353522868	0.0
30.0	15.346534653465346	8.807755775577558	55.87871287128713	19.966996699669966	0.0
31.0	20.689655172413794	6.731364856493909	8.403881891389634	64.17509807970266	0.0
32.0	11.474054165805251	9.55137481910275	11.701467851974364	67.27310316311763	0.0
33.0	18.533857941602815	59.28763719196522	7.517084282460136	14.661420583971838	0.0
34.0	12.89119170984456	6.632124352331606	14.21761658031088	66.25906735751296	0.0
35.0	18.3786078098472	6.281833616298811	11.396434634974534	63.94312393887945	0.0
36.0	11.20288013553579	9.339263024142312	11.181702668360865	68.27615417196104	0.0
37.0	68.28492686029256	8.47996608013568	11.151155395378419	12.083951664193343	0.0
38.0	63.9236479321315	10.88016967126193	11.68610816542948	13.510074231177093	0.0
39.0	64.10093299406276	9.60559796437659	9.732824427480915	16.560644614079727	0.0
40.0	9.75609756097561	61.50583244962884	7.529162248144221	21.208907741251327	0.0
41.0	10.358734875822543	4.839736786244959	68.01103799617916	16.79049034175334	0.0
42.0	67.19082022949426	9.796005099872502	8.81852953676158	14.194645133871653	0.0
43.0	64.49075058473315	8.590261535190304	11.864767169891559	15.054220710184987	0.0
44.0	15.644368454798032	59.2434280829237	6.176533447317803	18.93567001496046	0.0
45.0	20.92457420924574	9.628084810566563	11.400764685436219	58.046576294751475	0.0
46.0	24.371134020618555	25.443298969072163	21.97938144329897	28.206185567010312	0.0
47.0	28.251121076233183	32.152466367713004	16.54708520179372	23.04932735426009	0.0
48.0	18.52017937219731	31.434977578475337	17.219730941704036	32.82511210762332	0.0
49.0	23.7610004631774	14.682723483094026	17.92496526169523	43.631310792033354	0.0
50.0	23.966558290757085	27.35717603344171	14.862981885740828	33.81328379006038	0.0
51.0	22.543083372147183	18.16488122962273	24.49930135072194	34.79273404750815	0.0
52.0	34.84353106025222	16.25408687529192	17.79542269967305	31.10695936478281	0.0
53.0	39.173320807891024	13.48050728041334	22.404884922498823	24.941286989196808	0.0
54.0	25.66995768688293	34.27362482369535	20.73342736248237	19.322990126939352	0.0
55.0	39.42992874109264	19.47743467933492	15.24940617577197	25.843230403800476	0.0
56.0	27.069578466226513	14.62671406805485	20.97511427120366	37.32859319451498	0.0
57.0	43.27217125382263	18.093781855249745	13.81243628950051	24.821610601427118	0.0
58.0	33.90804597701149	18.234064785788924	17.763845350052247	30.094043887147336	0.0
59.0	22.292323869610936	16.351209253417455	16.298633017875922	45.05783385909569	0.0
60.0	32.008479067302595	22.68150503444621	20.773714891361948	24.536301006889243	0.0
61.0	20.939017808958447	27.63086886130599	20.669185105234757	30.760928224500812	0.0
62.0	20.216216216216214	27.18918918918919	20.37837837837838	32.21621621621622	0.0
63.0	28.46674182638106	21.307779030439683	16.1217587373168	34.10372040586246	0.0
64.0	25.40937323546019	26.651609260304916	17.165443252399772	30.77357425183512	0.0
65.0	24.56239412761152	14.906832298136646	16.77018633540373	43.76058723884811	0.0
66.0	27.123442808607024	19.082672706681766	19.082672706681766	34.711211778029444	0.0
67.0	40.5436013590034	15.628539071347678	15.118912797281995	28.708946772366932	0.0
68.0	21.08843537414966	25.396825396825395	25.623582766439913	27.89115646258503	0.0
69.0	29.66970387243736	17.539863325740317	25.113895216400913	27.676537585421414	0.0
70.0	31.76605504587156	21.674311926605505	13.933486238532112	32.62614678899082	0.0
71.0	25.12908777969019	27.481353987378082	17.269076305220885	30.120481927710845	0.0
72.0	36.7816091954023	14.25287356321839	22.528735632183906	26.436781609195403	0.0
73.0	23.227665706051873	15.965417867435159	35.907780979827095	24.89913544668588	0.0
74.0	30.080831408775982	25.92378752886836	19.45727482678984	24.53810623556582	0.0
75.0	34.98542274052478	22.50728862973761	18.017492711370263	24.489795918367346	0.0
76.0	29.088785046728972	16.121495327102803	27.161214953271028	27.628504672897197	0.0
77.0	23.50877192982456	27.485380116959064	21.871345029239766	27.134502923976605	0.0
78.0	23.698069046225864	38.267992978349916	14.511410181392629	23.522527794031596	0.0
79.0	36.61971830985916	15.375586854460094	15.199530516431924	32.805164319248824	0.0
80.0	33.926453143535	15.183867141162516	25.741399762752078	25.148279952550418	0.0
81.0	28.93930104230533	16.492949110974862	25.321888412017167	29.245861434702636	0.0
82.0	27.010435850214854	22.713321055862494	18.661755678330262	31.61448741559239	0.0
83.0	25.969230769230766	15.261538461538462	25.29230769230769	33.47692307692308	0.0
84.0	27.911275415896487	25.077017868145408	20.27110289587184	26.74060382008626	0.0
85.0	34.876543209876544	14.876543209876544	16.85185185185185	33.395061728395056	0.0
86.0	29.84878369493754	17.094017094017094	20.184089414858647	32.87310979618672	0.0
87.0	32.544378698224854	18.93491124260355	25.83826429980276	22.682445759368836	0.0
88.0	35.5921052631579	15.460526315789474	21.776315789473685	27.171052631578945	0.0
89.0	26.781002638522427	16.02902374670185	18.535620052770447	38.65435356200528	0.0
90.0	26.009265387160816	18.266048974189278	19.788219722038384	35.93646591661152	0.0
91.0	26.75496688741722	18.543046357615893	23.24503311258278	31.456953642384107	0.0
92.0	29.6271637816245	17.576564580559253	14.247669773635153	38.548601864181094	0.0
93.0	32.46666666666667	21.866666666666667	16.53333333333333	29.133333333333333	0.0
94.0	35.76203208556149	16.577540106951872	19.184491978609625	28.475935828877002	0.0
95.0	27.5284661754856	15.941058271935699	18.821165438714	37.7093101138647	0.0
96.0	35.20749665327978	15.796519410977242	18.005354752342704	30.99062918340027	0.0
97.0	28.33221701272606	22.30408573342264	18.151373074346953	31.212324179504353	0.0
98.0	29.838709677419356	23.790322580645164	17.06989247311828	29.301075268817208	0.0
99.0	35.00678426051561	17.096336499321573	17.639077340569877	30.257801899592945	0.0
100.0	30.080704328686718	14.01320616287601	22.157006603081438	33.749082905355834	0.0
101.0	31.48710166919575	19.195751138088013	19.347496206373293	29.969650986342945	0.0
102.0	31.422018348623855	15.825688073394495	20.795107033639145	31.95718654434251	0.0
103.0	26.952526799387442	17.611026033690656	19.448698315467077	35.987748851454825	0.0
104.0	25.758754863813227	18.443579766536967	20.311284046692606	35.4863813229572	0.0
105.0	29.61808261886204	18.23850350740452	19.719407638347622	32.42400623538582	0.0
106.0	32.605304212168484	18.486739469578783	18.174726989079563	30.733229329173167	0.0
107.0	31.406250000000004	20.703125	17.8125	30.078125	0.0
108.0	34.010946051602815	18.1391712275215	16.028146989835808	31.821735731039873	0.0
109.0	27.978056426332287	18.65203761755486	21.15987460815047	32.21003134796238	0.0
110.0	26.808176100628934	19.81132075471698	21.069182389937108	32.31132075471698	0.0
111.0	29.78723404255319	17.257683215130022	21.35539795114263	31.599684791174155	0.0
112.0	25.0	19.71608832807571	21.056782334384856	34.22712933753943	0.0
113.0	28.23343848580442	20.425867507886437	18.05993690851735	33.2807570977918	0.0
114.0	27.624309392265197	19.10023677979479	20.2052091554854	33.07024467245462	0.0
115.0	25.73238321456849	19.71496437054632	19.95249406175772	34.600158353127476	0.0
116.0	28.345209817893902	17.81472684085511	19.47743467933492	34.36262866191607	0.0
117.0	29.92063492063492	19.682539682539684	19.444444444444446	30.952380952380953	0.0
118.0	27.08498808578237	19.142176330420966	21.286735504368544	32.48610007942811	0.0
119.0	23.22991249005569	19.570405727923628	27.684964200477324	29.51471758154336	0.0
120.0	26.177174780526734	22.505985634477256	22.106943335993616	29.209896249002394	0.0
121.0	28.4	18.88	18.32	34.4	0.0
122.0	31.86195826645265	15.730337078651685	19.101123595505616	33.30658105939005	0.0
123.0	33.33333333333333	17.51004016064257	18.313253012048193	30.843373493975907	0.0
124.0	28.444802578565675	20.870265914585012	18.93634165995165	31.748589846897662	0.0
125.0	28.190630048465266	18.982229402261712	17.366720516962843	35.46042003231018	0.0
126.0	31.899350649350648	17.28896103896104	17.28896103896104	33.52272727272727	0.0
127.0	27.09519934906428	18.470301057770545	21.39951179820993	33.03498779495525	0.0
128.0	31.188925081433226	17.100977198697066	19.136807817589577	32.57328990228013	0.0
129.0	28.73469387755102	18.367346938775512	18.612244897959187	34.285714285714285	0.0
130.0	30.901639344262293	20.491803278688526	15.573770491803279	33.032786885245905	0.0
131.0	29.720853858784896	19.21182266009852	18.801313628899834	32.26600985221675	0.0
132.0	30.889621087314662	16.30971993410214	22.40527182866557	30.39538714991763	0.0
133.0	28.406275805119733	21.71758876961189	18.909991742361683	30.96614368290669	0.0
134.0	24.834437086092713	20.033112582781456	21.52317880794702	33.609271523178805	0.0
135.0	24.086378737541526	18.35548172757475	22.840531561461795	34.71760797342193	0.0
136.0	24.792013311148086	18.21963394342762	21.880199667221298	35.108153078202996	0.0
137.0	28.749999999999996	16.25	20.416666666666668	34.583333333333336	0.0
138.0	28.34448160535117	17.725752508361204	20.401337792642142	33.52842809364549	0.0
139.0	28.702928870292887	18.326359832635983	18.91213389121339	34.05857740585774	0.0
140.0	29.10008410428932	14.634146341463413	22.70815811606392	33.55761143818335	0.0
141.0	32.9957805907173	16.877637130801688	19.071729957805907	31.05485232067511	0.0
142.0	32.571912013536384	15.651438240270727	18.781725888324875	32.99492385786802	0.0
143.0	33.135089209855565	18.436703483432456	19.11639762107052	29.31180968564146	0.0
144.0	35.11904761904761	16.921768707482993	17.517006802721088	30.4421768707483	0.0
145.0	30.775788576300084	17.81756180733163	19.69309462915601	31.713554987212277	0.0
146.0	29.803586678052945	18.44577284372331	19.89752348420154	31.8531169940222	0.0
147.0	29.759862778730707	18.610634648370496	18.43910806174957	33.19039451114923	0.0
148.0	27.491408934707906	19.243986254295535	19.759450171821307	33.50515463917525	0.0
149.0	29.690189328743543	18.588640275387263	17.98623063683305	33.734939759036145	0.0
150.0	28.583765112262522	19.775474956822105	18.739205526770295	32.90155440414508	0.0
151.0	28.682842287694974	19.23743500866551	20.19064124783362	31.88908145580589	0.0
152.0	28.58384013900956	19.113814074717634	15.986099044309295	36.31624674196351	0.0
153.0	30.809399477806785	17.4934725848564	19.756309834638817	31.940818102698	0.0
154.0	31.200701139351445	15.86327782646801	21.12182296231376	31.814198071866784	0.0
155.0	30.850131463628394	19.98247151621385	16.476774758983346	32.690622261174404	0.0
156.0	30.606860158311346	16.00703605980651	19.085312225153913	34.300791556728235	0.0
157.0	29.84014209591474	18.29484902309059	21.314387211367674	30.550621669627	0.0
158.0	28.584149599287624	23.953695458593057	15.048975957257346	32.41317898486198	0.0
159.0	34.10714285714286	14.732142857142858	20.714285714285715	30.44642857142857	0.0
160.0	26.320501342882725	18.263205013428827	23.545210384959713	31.87108325872874	0.0
161.0	28.430493273542602	18.744394618834082	21.614349775784753	31.210762331838566	0.0
162.0	30.66546762589928	18.884892086330936	20.503597122302157	29.94604316546763	0.0
163.0	32.01082055906222	17.22272317403066	17.944093778178537	32.82236248872859	0.0
164.0	31.0126582278481	14.647377938517177	22.423146473779383	31.916817359855337	0.0
165.0	29.166666666666668	18.115942028985508	23.097826086956523	29.6195652173913	0.0
166.0	26.58802177858439	20.5989110707804	20.961887477313976	31.851179673321234	0.0
167.0	27.090909090909093	18.72727272727273	21.0	33.18181818181819	0.0
168.0	27.197802197802197	19.413919413919416	20.238095238095237	33.150183150183146	0.0
169.0	28.28282828282828	16.804407713498623	19.742883379247015	35.16988062442608	0.0
170.0	31.525735294117645	17.1875	18.84191176470588	32.44485294117647	0.0
171.0	30.755064456721914	16.758747697974215	18.87661141804788	33.60957642725598	0.0
172.0	29.460966542750928	20.44609665427509	17.37918215613383	32.71375464684015	0.0
173.0	28.91791044776119	19.962686567164177	18.37686567164179	32.742537313432834	0.0
174.0	30.532212885154063	21.008403361344538	16.713352007469652	31.746031746031743	0.0
175.0	29.51127819548872	17.575187969924812	21.616541353383457	31.296992481203006	0.0
176.0	29.528301886792452	17.358490566037734	20.566037735849058	32.54716981132076	0.0
177.0	27.81456953642384	22.705771050141912	18.82686849574267	30.65279091769158	0.0
178.0	26.305792972459642	21.937321937321936	19.943019943019944	31.813865147198477	0.0
179.0	25.04780114722753	19.311663479923517	23.996175908221797	31.644359464627154	0.0
180.0	28.46153846153846	15.192307692307692	22.5	33.84615384615385	0.0
181.0	26.204238921001927	20.809248554913296	19.460500963391137	33.52601156069364	0.0
182.0	31.980676328502415	17.584541062801932	20.193236714975846	30.241545893719806	0.0
183.0	30.84384093113482	22.30843840931135	20.077594568380214	26.77012609117362	0.0
184.0	29.560975609756095	20.0	19.024390243902438	31.414634146341463	0.0
185.0	27.909270216962522	20.611439842209073	23.076923076923077	28.402366863905325	0.0
186.0	27.89317507418398	17.804154302670625	23.04648862512364	31.25618199802176	0.0
187.0	30.2	21.9	16.8	31.1	0.0
188.0	30.090270812437314	18.254764292878637	20.060180541624874	31.59478435305918	0.0
189.0	30.040322580645164	19.657258064516128	20.06048387096774	30.241935483870968	0.0
190.0	31.845841784989858	17.849898580121703	18.154158215010142	32.1501014198783	0.0
191.0	27.198364008179958	18.813905930470348	20.347648261758692	33.640081799591	0.0
192.0	31.822863027806385	18.537590113285273	21.73017507723996	27.909371781668384	0.0
193.0	31.05590062111801	18.530020703933747	20.496894409937887	29.91718426501035	0.0
194.0	25.72614107883817	21.78423236514523	21.991701244813278	30.49792531120332	0.0
195.0	29.227557411273487	18.47599164926931	20.041753653444676	32.25469728601252	0.0
196.0	27.81875658587987	20.54794520547945	21.074815595363543	30.558482613277132	0.0
197.0	31.47153598281418	20.30075187969925	19.011815252416756	29.21589688506982	0.0
198.0	30.299667036625973	22.97447280799112	19.755826859045506	26.970033296337405	0.0
199.0	27.046263345195733	25.38552787663108	18.979833926453143	28.58837485172005	0.0
200.0	26.39664804469274	16.899441340782122	19.692737430167597	37.011173184357546	0.0
201.0	33.20537428023032	18.234165067178505	17.85028790786948	30.710172744721685	0.0
202.0	34.42307692307692	17.884615384615383	17.115384615384617	30.57692307692308	0.0
203.0	36.486486486486484	15.83011583011583	18.53281853281853	29.150579150579148	0.0
204.0	35.5899419729207	15.860735009671178	22.63056092843327	25.918762088974855	0.0
205.0	34.375	17.7734375	24.0234375	23.828125	0.0
206.0	32.93650793650794	20.03968253968254	18.650793650793652	28.373015873015873	0.0
207.0	25.948103792415168	24.151696606786427	16.766467065868262	33.13373253493014	0.0
208.0	24.096385542168676	16.265060240963855	20.883534136546185	38.75502008032129	0.0
209.0	24.444444444444443	20.0	20.2020202020202	35.35353535353536	0.0
210.0	27.38336713995943	21.29817444219067	16.43002028397566	34.88843813387424	0.0
211.0	34.756097560975604	17.276422764227643	20.121951219512198	27.84552845528455	0.0
212.0	27.25409836065574	15.163934426229508	23.770491803278688	33.81147540983606	0.0
213.0	27.104722792607806	21.35523613963039	17.864476386036962	33.67556468172484	0.0
214.0	29.07216494845361	23.917525773195877	17.938144329896907	29.07216494845361	0.0
215.0	28.09917355371901	22.520661157024794	15.702479338842975	33.67768595041322	0.0
216.0	32.916666666666664	19.166666666666668	15.416666666666668	32.5	0.0
217.0	26.89075630252101	20.588235294117645	22.058823529411764	30.462184873949578	0.0
218.0	27.82608695652174	16.956521739130434	18.26086956521739	36.95652173913043	0.0
219.0	19.85645933014354	24.16267942583732	23.923444976076556	32.057416267942585	0.0
220.0	0.0	29.411764705882355	25.36764705882353	45.220588235294116	0.0
