# Position (bp)	A	C	G	T	N
0.0	30.82717295895846	14.847001161888043	26.62479134215827	27.692307692307693	0.008726844687533297
1.0	27.793821881361126	17.323877346830674	20.295430237915003	34.58037622351793	0.006494310375269667
2.0	29.42201326872722	18.880352264222505	19.21105632617298	32.48282590221058	0.003752238666718048
3.0	31.063920768321918	18.272674028603333	20.216176670267245	30.44641789562641	8.106371810902665E-4
4.0	31.965101845345735	17.951672312929166	19.837010997555872	30.245303612325525	9.112318437055142E-4
5.0	32.12312940586126	18.00687132254749	19.752017287567682	30.117172640967325	8.093430562412489E-4
6.0	27.987747551026597	17.80234333141257	17.758974514501762	36.45063132461913	3.03278439935705E-4
7.0	27.62006649230368	19.597954922218552	19.54178700844236	33.23938340561416	8.081714212401593E-4
8.0	26.990163868239236	19.46706233251071	19.61937349543521	33.92289562799336	5.046758214860684E-4
9.0	30.6056285193372	17.344483615418124	19.606439277819906	32.44314606560287	3.0252182190742026E-4
10.0	29.018162547088927	20.348057553521933	21.073874324080613	29.558998808104885	9.067672036407711E-4
11.0	27.16312856360532	20.03531391940212	19.930519762909512	32.870635086815064	4.026672679831202E-4
12.0	28.42843879912732	18.835076651340756	20.181315801914547	32.5548669904856	3.0175713177834533E-4
13.0	29.12349380641946	18.391738945202285	20.809687065424466	31.674778743277894	3.014396758920605E-4
14.0	29.20542334084623	18.52720454990387	20.06445362501443	32.202617299071846	3.0118516361884014E-4
15.0	29.345948689349697	18.4080819590245	20.66658909954603	31.579079345146273	3.009069334975616E-4
16.0	29.503815455224142	18.884273710686784	20.539825536243068	31.071784671039115	3.006268068923706E-4
17.0	29.122014719871824	19.522655585039804	19.751564612226506	31.603664947679366	1.001351824963701E-4
18.0	28.937666269470846	18.96214833913119	20.042080745807684	32.05810464559028	0.0
19.0	28.53641708663307	18.69570434365251	20.60975121990241	32.15812734981201	0.0
20.0	28.520052255910027	18.715772029094587	19.638346722161085	33.125429177149336	3.9981568496922916E-4
21.0	28.664282289002557	18.38974584398977	20.169437340153454	32.77593510230179	5.994245524296675E-4
22.0	29.18023193106782	18.505151138683274	19.72332852640283	32.59078906896015	4.993348859319386E-4
23.0	28.69004316213551	18.24528550494907	18.73689863486271	34.32707395857872	6.987394739889239E-4
24.0	28.9629324357901	18.077160644738328	18.985713615721508	33.973694372958754	4.989307913142137E-4
25.0	30.181547191495472	17.930553560312216	19.116127152867563	32.77107376015579	6.98335168957206E-4
26.0	28.99002039808687	18.492137510036958	18.72624171483574	33.790802407871965	7.979691684662535E-4
27.0	29.689062800718386	18.24897512681902	18.780582903789064	33.28058140798778	7.977606857550854E-4
28.0	29.838134014986263	17.84244485829249	18.92404381826665	33.39477913408278	5.981743718172139E-4
29.0	29.76686426860043	18.373192580160342	18.694511662766452	33.16473383537779	6.976530949884588E-4
30.0	29.95327745771939	18.029158216526977	19.33421872850075	32.682448237285904	8.973599669771532E-4
31.0	29.93611705390404	18.225639951526755	19.346708357644758	32.49033776673998	0.0011968701844676172
32.0	29.724327533816652	18.64513843497872	18.901700936537953	32.72783518528682	9.979093798492158E-4
33.0	30.195130136698968	17.69385663688175	19.886973145634443	32.222941375060174	0.0010987057246563548
34.0	30.251942128857028	18.54180948250535	19.617550009693158	31.587799013896188	8.993650482759173E-4
35.0	29.512666783988738	18.759499088087544	19.18245848398554	32.54477570153265	5.999424055290692E-4
36.0	29.95608861515558	18.107418312718295	19.681284785690632	32.25450794536939	7.003410660991903E-4
37.0	29.653976052195887	18.398588196667486	20.368246036560343	31.57818871958727	0.001000994989019085
38.0	30.123058370092586	18.188219409688415	19.35409880727733	32.333621798338925	0.0010016146027396163
39.0	29.920207834486135	18.184515248311897	19.44118422358244	32.45309040539552	0.0010022882240154271
40.0	29.880062436550258	18.25025179264324	19.87316070991481	31.99542158715637	0.0011034737353187835
41.0	30.203461260843422	18.146672408998597	19.451848237796792	32.196913797759485	0.0011042946017060348
42.0	30.09154754836811	17.861365688907107	19.60029695440906	32.445383393658474	0.001406414657251725
43.0	30.360851584003345	18.135868221215613	19.515701306247347	31.986372564985654	0.0012063235480388194
44.0	30.710788825417517	17.878507145307193	18.939414514323303	32.46998186388559	0.0013076510663894447
45.0	30.313904143784328	17.783103570450777	19.409092007150562	32.49208848018295	0.0018117984313851803
46.0	29.727266134588188	18.253064957354486	19.741931195081563	32.27662977571321	0.0011079372625489002
47.0	29.64159761649665	18.64027020026145	19.43067248700553	32.28604862354899	0.001411072687377854
48.0	29.56133023413477	18.37284004422815	19.606163692565957	32.45885894611107	8.070829600574644E-4
49.0	29.86997254078501	18.367287191083832	19.76346712970441	31.998364561460185	9.085769665643676E-4
50.0	28.878787756322694	18.886547150443338	19.393332578947795	32.84052424406528	8.082702209002514E-4
51.0	29.553188154455224	17.94993401726169	19.937303758235203	32.55825947143023	0.001314598617648992
52.0	29.091812680229033	18.384601292132725	20.324419851029223	32.19825522607262	9.109505363980408E-4
53.0	29.897302051122015	18.717045671001813	19.17987541693179	32.20506762096594	7.092399784391047E-4
54.0	28.933719800492074	18.456916957565014	19.949676783370823	32.658976538144024	7.099204280617347E-4
55.0	29.136378772619477	18.823503135050842	19.853359215100223	32.18574364055748	0.0010152366719729704
56.0	29.850307890722423	18.15544035131759	19.290860437439594	32.70237501181459	0.0010163087058020048
57.0	29.43710481987517	17.980644820037924	20.220710897002938	32.35950507376696	0.0020343893170148186
58.0	29.326932868437456	18.39427624102353	20.206677718805878	32.06946554624587	0.0026476254872649214
59.0	28.95649567525906	18.247001635286296	19.894012242218118	32.90045143689059	0.0020390103459384953
60.0	29.379619224342857	18.119862779501027	20.11376522474909	32.38481347545311	0.0019392959539141627
61.0	29.3530914665304	18.206234031681145	20.768114460909555	31.670209504343383	0.002350536535513541
62.0	29.22589398633798	18.532540406913686	19.72244164582711	32.51707752315544	0.002046437765781105
63.0	29.254812839977745	17.873671979942273	20.02596356698836	32.843912240274676	0.0016393728169445576
64.0	28.768626936042136	18.399299136846814	20.579545711008844	32.251297191828456	0.001231024273746971
65.0	28.992652209369922	18.85744628841054	19.596641831668425	32.55284883517901	4.1083537210386743E-4
66.0	29.165681167050927	18.322888751318857	19.96197171221903	32.548224352501045	0.0012340169101450588
67.0	29.405179383396927	18.920558413537048	20.156133331273526	31.51658401693161	0.0015448548608858197
68.0	29.42678036585064	18.355239816167064	19.57247291599627	32.64426924758864	0.0012376543973860738
69.0	29.416461377169746	18.412427890450296	19.926767168141136	32.2436205320484	7.23032190426021E-4
70.0	29.747088193241755	18.490309151215314	20.23470331539383	31.52758896813721	3.103720118934555E-4
71.0	29.86572799920419	18.925844717819484	19.454725943364945	31.753597718681608	1.0362092976987864E-4
72.0	29.626196262274046	18.12598812639298	19.899243548047206	32.348364446446794	2.076168389713416E-4
73.0	29.554678610136275	18.295580070271203	20.351189597032715	31.79844770952905	1.0401303075249268E-4
74.0	29.629664366723667	19.152887329888106	18.84556825891085	32.37177583319525	1.0421128212182507E-4
75.0	29.582282644446884	18.108707796242058	19.870628220589847	32.43785925728695	5.220814342621163E-4
76.0	30.081877512246052	18.61086524840503	19.471907831825725	31.835244785095067	1.0462242811916077E-4
77.0	29.670583104804553	18.07966638991622	19.315503895472194	32.93372246123397	5.241485730579247E-4
78.0	29.60110679942097	17.90911974989863	19.903585752793788	32.58597759928735	2.1009859927263865E-4
79.0	29.676461608111094	18.04982049041387	20.126972762973647	32.14621871742769	5.264210736884219E-4
80.0	29.42812643770339	18.122132507185878	19.860249954626607	32.58885798339545	6.331170886743795E-4
81.0	29.30207023196626	18.129100981326552	20.213190205140304	32.35521545919884	4.23122368046645E-4
82.0	29.302920834124148	18.55954856269768	20.36016587479231	31.776410449984677	9.542784011807604E-4
83.0	29.68867252686515	18.135542776968784	19.614906304142178	32.55939031260297	0.0014880794209245225
84.0	29.16106316908958	18.239411254451717	20.456904397049453	32.14187523044495	7.459489643031451E-4
85.0	29.889340294622386	18.025585515503685	20.22905575941238	31.85559100788381	4.2742257774282407E-4
86.0	29.671647228368307	18.047455520494594	19.608376772617447	32.67134185868348	0.0011786198361718428
87.0	30.2542309138774	17.39021114274969	19.550099392897437	32.80459893622737	8.596142481061624E-4
88.0	29.698697156158065	17.818895007381705	20.24731402954837	32.233692899554946	0.0014009073569188658
89.0	29.476084023730042	18.13966912845703	19.147374474635487	33.23579137623882	0.0010809969386166697
90.0	29.90037257274711	17.55570157747041	19.737355731071005	32.80494363698663	0.0016264817248513395
91.0	29.776462553073014	18.177833750957053	19.39503288786803	32.649692002505745	9.788055961578617E-4
92.0	29.76011274439223	17.78658411543211	19.25304658559891	33.19687509544441	0.0033814591323394023
93.0	29.587871915661175	17.579855699350297	19.630426597551793	33.200422919986686	0.0014228674500464074
94.0	29.92777123127153	17.74969552339775	19.95488584735646	32.36665901585694	9.883821173121718E-4
95.0	29.363335419770607	18.184953848595182	19.686637691636324	32.76364045102309	0.00143258897479525
96.0	29.314144247641817	18.056331082493095	19.629412993986087	32.99977996534731	3.3171053169881126E-4
97.0	30.03447239046667	18.22709616432246	19.501587150130756	32.235401935646365	0.0014423594337518765
98.0	29.441009418762476	18.354617131035372	19.44681054803413	32.75633809560395	0.001224806564072415
99.0	29.050796850590793	17.89891138431419	20.028763054560407	33.02007603101135	0.0014526795232529294
100.0	29.249993271068288	18.529010667599746	19.941974178846035	32.27778824500489	0.0012336374810468424
101.0	29.33173219768248	18.460928988808554	19.519861885168414	32.6870267496196	4.50178720952218E-4
102.0	28.966527849019425	18.594296199047786	19.19988159449731	33.23872944568599	5.649117494864952E-4
103.0	29.752873165602995	18.48727391507021	19.552724134137392	32.20610802172638	0.001020763463019441
104.0	29.382325511483398	18.834841564552182	19.053703052104293	32.7279911544431	0.0011387174170245087
105.0	29.45422535211268	18.518725992317542	19.38391713919883	32.6417596488019	0.0013718675690506676
106.0	29.974745735473057	18.554767316390016	19.17521867897238	32.294809100718595	4.591684459443947E-4
107.0	29.775508157839237	18.291377249787654	18.92259128516653	33.009947066531595	5.762406749852771E-4
108.0	28.762641284949435	18.666163600043518	19.44773006617795	33.12277063171125	6.944171178448995E-4
109.0	29.794845026442168	18.20214164726179	19.417005065224796	32.585659496453644	3.4876461759703503E-4
110.0	29.1928287252689	18.35686118354292	19.04991002626229	33.40004974537607	3.5031954981602385E-4
111.0	29.04193688764086	17.907953029935147	19.55889614951973	33.490744748358736	4.6918454553025474E-4
112.0	29.027632628487073	18.1629774855286	19.959987887970797	32.849048534126354	3.5346388718375294E-4
113.0	29.173156217897432	18.243252839227978	19.06318495339358	33.52040598948101	0.0
114.0	28.73261071421353	17.48731136466585	20.19017794406657	33.58942441330294	4.755637511041996E-4
115.0	29.311753463927374	18.085523172479697	20.33265647396082	32.27006688963211	0.0
116.0	28.510787930575127	18.428411297503978	20.346812345933856	32.71374840083241	2.4002515463620585E-4
117.0	28.410972816431002	18.07007153824721	20.576382849637	32.94196970811768	6.030875671085691E-4
118.0	28.853999258251946	18.16167683540223	20.873784054356072	32.11017625000303	3.6360198672125545E-4
119.0	28.922318161825896	18.413784112742775	19.98718278301743	32.67647126908724	2.4367332666480664E-4
120.0	29.290200928114018	18.140221131123653	20.233375371919042	32.336202568843284	0.0
121.0	29.94243212577805	17.982884694427558	20.03024836144454	32.04431175748149	1.2306086836671155E-4
122.0	29.963636363636365	17.944712430426716	19.634879406307977	32.45640074211503	3.710575139146568E-4
123.0	30.008155369739104	17.998378871625032	19.416866199722023	32.57647523925319	1.2431966065705428E-4
124.0	29.9767277344912	17.94339165148095	19.63894242426515	32.440813204448474	1.2498531422557848E-4
125.0	29.87327615995979	18.25979329626488	19.221185562152485	32.64574498162284	0.0
126.0	29.589539226636614	18.01574827026781	19.431247883636658	32.963085569308056	3.7905015086196005E-4
127.0	29.20529018931825	18.708372660834126	19.886990865010233	32.199092217537505	2.540672998870671E-4
128.0	29.27415007523945	18.804369764215657	19.457509510317642	32.46371516822212	2.55482005124969E-4
129.0	28.962906246868602	18.642970377926172	19.910303877411017	32.48317715947719	6.423383170222223E-4
130.0	28.797096560308027	18.88075915435251	20.340363162608906	31.981393377045197	3.8774568535988613E-4
131.0	28.814740466074152	18.80912386172752	19.709990795009542	32.66575483522027	3.9004196851581235E-4
132.0	28.350175043057845	18.659576888823793	20.273085478815016	32.716901038227	2.61551076348067E-4
133.0	28.520002841948205	18.580683699058735	20.653990174227214	32.24506014141324	2.6314335260419814E-4
134.0	28.260271035138206	18.818384219708424	19.98824579006028	32.932966587864044	1.323672290509005E-4
135.0	28.60984074643284	17.784513596083517	20.450725683799497	33.154254086549344	6.65887134794201E-4
136.0	28.8050767855779	18.67642861641246	20.651240320568565	31.866986288337518	2.6798910356304914E-4
137.0	29.341613600703116	18.657022231089016	19.964979160039036	32.0362502089388	1.347992300267981E-4
138.0	29.509121736181758	18.2706002034588	20.59749067480502	31.62251610715497	2.712783994574432E-4
139.0	28.98309803793115	18.883001954425847	21.49568170155153	30.63780885933593	4.0944675554390906E-4
140.0	28.838888041960058	18.92583787584756	20.065208941920368	32.16979046065146	2.746796205575722E-4
141.0	29.307010887518675	18.085554859852742	19.38135894256858	33.22538421454922	6.910955107817811E-4
142.0	30.371960320893855	18.188343601806732	21.317990671431573	30.12114897470603	5.564311618143551E-4
143.0	30.48084759576202	18.343429760514425	19.96081858078682	31.21448396194445	4.201009922785438E-4
144.0	30.78640497359751	17.95482240375502	19.139126461163514	32.11922304463601	4.2311684794872953E-4
145.0	27.759134523055913	18.830524990575633	19.57736160406279	33.83070280881694	0.002276073488722767
146.0	28.000755705286473	18.89652606317927	19.70458268915707	33.39611648245148	0.0020190599256985947
147.0	27.94554932532542	18.8983919924786	19.653768569919418	33.49875894011868	0.0035311721578845925
148.0	29.276345931813047	18.89665051894659	19.405364789825104	32.4158353543437	0.005803405071565148
149.0	29.81477595649748	20.783090884543626	16.23113722390036	33.163513449767315	0.0074824852912232075
150.0	25.847102162891638	24.948708830287778	12.231006309953678	36.96383630594157	0.009346390925338293
