# Position (bp)	A	C	G	T	N
0.0	29.505940090373162	24.996259388933776	15.30957297184068	30.18822754885238	0.0
1.0	27.621747733380587	19.86946634771566	15.433684770089485	37.07510114881427	0.0
2.0	27.917626812122627	19.4002858559636	18.420208266487766	34.261879065426015	0.0
3.0	26.2209836819122	21.069868995633186	15.72339692024822	36.98575040220639	0.0
4.0	34.03342493410353	14.275699624249901	16.53300431832202	35.15787112332455	0.0
5.0	34.78068477238786	15.747552408872172	22.18596161292107	27.285801205818906	0.0
6.0	32.39663553443662	18.122234966409962	19.714348134797095	29.766781364356326	0.0
7.0	31.78022215615794	18.521121050782412	20.158914623929082	29.539742169130562	0.0
8.0	24.968511322524453	22.846040466300416	21.366742596810933	30.818705614364195	0.0
9.0	29.209932279909705	18.08790333289072	17.466471916080202	35.23569247111937	0.0
10.0	28.548450889914307	17.104812129202372	21.832564271588662	32.514172709294655	0.0
11.0	29.259860667330155	18.53491173851553	19.6584778167723	32.54674977738201	0.0
12.0	27.951506321868987	19.613403402882565	19.92559446381185	32.5094958114366	0.0
13.0	28.0918636528216	19.777065121812445	18.827910826048726	33.30316039931723	0.0
14.0	30.679421899912562	18.302216736100398	20.367227279740778	30.651134084246255	0.0
15.0	29.83084678967167	18.724569439823938	19.15960795352765	32.28497581697674	0.0
16.0	30.34900593131889	17.64631010869842	18.863121452027595	33.14156250795509	0.0
17.0	30.348598769651403	18.607123870281765	19.70076706918812	31.34351029087871	0.0
18.0	30.484488315874298	18.405016116035455	18.59135777598711	32.519137792103145	0.0
19.0	30.398816835033713	17.7600080214574	18.93815957686812	32.90301556664076	0.0
20.0	30.08284259906178	17.985826928835213	19.922147918953986	32.00918255314902	0.0
21.0	30.109638763891304	18.519255152524675	18.84742560226736	32.52368048131666	0.0
22.0	29.793349521780065	17.818028643639426	19.666484959611477	32.722136874969024	0.0
23.0	30.299060800790905	18.32674246169056	19.995056846267918	31.379139891250617	0.0
24.0	30.09663264803037	18.94690134595474	18.564807967263224	32.391658038751665	0.0
25.0	30.01697542254041	18.22028686003887	19.187147882992594	32.57558983442813	0.0
26.0	30.507849929977148	17.987273039974447	19.884032333357904	31.620844696690497	0.0
27.0	29.962703047553614	18.525788879619178	18.99445453207047	32.517053540756734	0.0
28.0	29.657859908827998	18.2319494142444	19.305426204597815	32.804764472329786	0.0
29.0	30.24827383575731	18.361000930414768	19.521570931883844	31.869154301944075	0.0
30.0	29.90082037467858	18.557609893473735	19.231051793804337	32.31051793804334	0.0
31.0	29.792809561128525	17.939361285266457	19.450431034482758	32.81739811912226	0.0
32.0	30.342141999951018	18.177365237197225	19.830520927726482	31.649971835125275	0.0
33.0	30.137154053392113	18.361498897869215	19.147685525349008	32.35366152338967	0.0
34.0	29.929706826030518	17.99946116730755	19.02079404344951	33.050037963212425	0.0
35.0	29.956400333121053	17.709302895213835	19.901533336599226	32.43276343506589	0.0
36.0	29.712913972173233	18.46952772878699	19.204389574759944	32.61316872427983	0.0
37.0	29.47646929126142	18.616330630343715	19.508072221269508	32.39912785712536	0.0
38.0	29.6856239739286	18.31368993653672	19.926000343044766	32.07468574648992	0.0
39.0	30.070101475562527	18.089122015785087	19.442129516152754	32.39864699249963	0.0
40.0	29.946537178732584	18.3073376495978	19.180400235432607	32.565724936237004	0.0
41.0	29.984544049459043	18.2257550109173	20.19086872255342	31.59883221707024	0.0
42.0	30.032395817994406	18.907377411279636	18.83620478083738	32.22402198988858	0.0
43.0	30.10631245549854	18.13695401311105	19.435782857423458	32.320950673966955	0.0
44.0	30.37508290142713	17.88951389059468	20.33111444081452	31.404288767163667	0.0
45.0	29.678323053104954	19.10402280490502	19.494753397390213	31.72290074459981	0.0
46.0	29.506342806568988	17.66397875897335	19.60861441636346	33.22106401809421	0.0
47.0	29.603580562659847	18.26431241392878	19.978359236671256	32.15374778674012	0.0
48.0	30.09574913235041	18.413862702143895	18.87414773426539	32.61624043124031	0.0
49.0	29.560910703725607	18.302779420461267	19.197220579538733	32.939089296274396	0.0
50.0	29.585287583312763	18.501604542088373	19.928412737595654	31.98469513700321	0.0
51.0	30.32109637838908	18.333168414803087	19.04314268751237	32.30259251929547	0.0
52.0	30.09614908063637	18.12211924468454	19.36610992714477	32.415621747534324	0.0
53.0	30.317168809252	18.047351963071424	20.44721298456346	31.188266243113116	0.0
54.0	29.948052593642032	18.83776998980936	19.04903934581065	32.16513807073795	0.0
55.0	29.60446070744032	18.134070146615887	19.164613048564956	33.09685609737883	0.0
56.0	29.785643070787636	18.207876370887337	20.02492522432702	31.981555333998006	0.0
57.0	29.6674489439257	18.467568782144106	19.121685724272233	32.74329654965796	0.0
58.0	29.902475618904727	17.78194548637159	19.49237309327332	32.823205801450364	0.0
59.0	29.62248553320474	18.23692978281019	20.56915253388111	31.571432150103963	0.0
60.0	29.76827094474153	18.30985915492958	19.62290678115036	32.29896311917853	0.0
61.0	29.657966929252762	17.90702942138776	19.185563637278836	33.24944001208064	0.0
62.0	29.55360298944604	18.2699590971065	20.461546230369134	31.71489168307832	0.0
63.0	29.650927145607458	18.568243996352212	19.085013679197488	32.69581517884284	0.0
64.0	29.514903565166566	17.935100246486925	19.236144639544634	33.31385154880187	0.0
65.0	29.421209572597295	17.901470550755665	20.210515584779674	32.46680429186737	0.0
66.0	30.23909267395525	18.30233983856136	19.2142638193522	32.244303668131195	0.0
67.0	30.148772181394516	18.15993649655596	19.058715079507333	32.632576242542186	0.0
68.0	30.037739724268953	18.138173602731637	20.145824240712688	31.67826243228672	0.0
69.0	29.84290497038372	18.69688385269122	19.28405871748648	32.176152459438576	0.0
70.0	29.555785123966942	17.556818181818183	19.746900826446282	33.14049586776859	0.0
71.0	29.862047505445492	18.302043356498288	19.873457110258272	31.962452027797944	0.0
72.0	30.230983568136242	18.478685450899714	19.02554620973412	32.26478477122991	0.0
73.0	30.099450405652973	17.615807380266947	19.565558754252812	32.71918345982727	0.0
74.0	30.161820813050916	18.250230232864098	20.228917247730564	31.35903170635443	0.0
75.0	29.949990739025743	18.392294869420265	19.20726060381552	32.45045378773847	0.0
76.0	29.652770392427946	17.996915877911306	19.48048495161119	32.86982877804956	0.0
77.0	29.80877089899044	18.495272688424762	20.201912291010096	31.494044121574703	0.0
78.0	30.171627782247253	18.305175650308396	18.930008045052293	32.59318852239206	0.0
79.0	29.55726012649711	17.98412057596555	18.993406001884	33.46521329565334	0.0
80.0	29.984590013247182	18.275703587553057	20.14923355592203	31.590472843277734	0.0
81.0	30.271342043077926	18.208979547491648	19.366053725181303	32.153624684249124	0.0
82.0	29.983075831195066	17.715783152262926	19.315390074793907	32.9857509417481	0.0
83.0	30.048949510504897	17.973820261797382	19.84930150698493	32.127928720712795	0.0
84.0	30.363374508391956	18.41245222400709	18.833434886168504	32.39073838143245	0.0
85.0	30.058835011014136	17.566851629813456	19.108830828430413	33.26548253074199	0.0
86.0	29.9382889200561	18.15147265077139	20.17671809256662	31.733520336605892	0.0
87.0	30.369994073321482	18.69443738887478	18.985126859142607	31.950441678661136	0.0
88.0	29.91826541037575	18.220002270405267	19.091270291747076	32.7704620274719	0.0
89.0	30.474697077690667	18.10406272273699	19.96008553100499	31.461154668567353	0.0
90.0	29.625168487768505	18.437580659038115	19.578995669505865	32.35825518368752	0.0
91.0	29.6518676750765	18.0994168927891	19.392644766468447	32.85607066566595	0.0
92.0	29.605951412298037	18.150645123794025	19.95234220620714	32.291061257700804	0.0
93.0	30.38004333313814	17.93347777712713	19.277390642384493	32.40908824735024	0.0
94.0	29.768265682656825	18.181549815498155	19.41549815498155	32.63468634686347	0.0
95.0	30.078566751979047	17.987024581870127	20.230938634605085	31.703470031545745	0.0
96.0	29.811241484860307	18.37769708609669	19.07391291300303	32.73714851603997	0.0
97.0	29.86580230832147	17.709248432340736	19.67525976189755	32.74968949744025	0.0
98.0	30.324490979578133	17.67147959339418	20.388290240849845	31.615739186177844	0.0
99.0	29.99569469217049	18.897226151669845	19.0356110461898	32.071468109969864	0.0
100.0	29.74536678939389	17.7253179047678	19.365118653507007	33.1641966523313	0.0
101.0	29.879683311514242	18.356087525715353	19.802381397668476	31.961847765101925	0.0
102.0	29.754322111010005	18.38662106617301	19.0580778764394	32.80097894637758	0.0
103.0	29.5894483805668	17.889676113360323	19.50910931174089	33.01176619433198	0.0
104.0	30.0530046618558	18.18443067884284	19.85758988441152	31.904974774889837	0.0
105.0	29.6464744210051	18.54719050383846	19.540674795174503	32.26566027998194	0.0
106.0	30.087659269397466	17.623097728679895	19.24593476064783	33.04330824127481	0.0
107.0	29.420490506329116	18.09731012658228	20.493802742616033	31.988396624472575	0.0
108.0	30.086875478480845	18.436907099823586	19.425490130812502	32.05072729088307	0.0
109.0	29.536303851831967	17.56140115420749	19.876526640719366	33.025768353241176	0.0
110.0	29.765524697614705	18.369484424623288	20.423677275491585	31.44131360227042	0.0
111.0	29.849677881173942	18.49200668098306	19.327129563350034	32.33118587449296	0.0
112.0	29.480206540447508	17.76936316695353	19.411359724612737	33.33907056798623	0.0
113.0	29.86927195605313	17.853417703914886	20.481885821570128	31.795424518461857	0.0
114.0	30.15477485698242	18.144807496578107	19.380198645281297	32.32021900115818	0.0
115.0	29.89734664156573	17.724576421695733	19.024615493908286	33.35346144283025	0.0
116.0	30.114777618364418	17.618364418938306	20.1506456241033	32.116212338593975	0.0
117.0	29.95069248060329	17.71445145384671	19.298818069755637	33.03603799579436	0.0
118.0	30.08240249038638	17.81724958798755	19.575169382896906	32.52517853872917	0.0
119.0	30.45296425135075	17.955739767596775	19.83939012656354	31.75190585448894	0.0
120.0	30.399372361489895	18.15668547091568	19.445585982739942	31.998356184854487	0.0
121.0	29.655771117988976	17.788933343398504	19.536498829923758	33.01879670868876	0.0
122.0	29.39851919700786	18.128387146019385	20.299977100984655	32.17311655598809	0.0
123.0	29.643947887269494	18.46367959175784	19.356709320756178	32.53566320021649	0.0
124.0	29.8383933474543	18.157213461991056	19.031929081352477	32.972464109202164	0.0
125.0	30.168709215342986	18.120324685659718	19.938723539710328	31.772242559286966	0.0
126.0	29.86153162972831	18.25521779500222	19.203907795405918	32.67934277986355	0.0
127.0	29.952897808724146	17.62850706532869	19.356952693016588	33.061642432930576	0.0
128.0	29.647969374167776	17.867842876165113	20.493508655126497	31.990679094540614	0.0
129.0	30.165759838036188	18.31372052806951	19.30068750263613	32.21983213125817	0.0
130.0	29.76241346893428	17.771985300401674	19.391504999572685	33.07409623109136	0.0
131.0	29.822131821525943	17.942614792054357	20.04587354481326	32.18937984160644	0.0
132.0	30.265005265005264	17.879080379080378	19.498069498069498	32.35784485784486	0.0
133.0	29.728166570271835	17.91609200516083	19.775770787916535	32.5799706366508	0.0
134.0	30.177675301776752	17.767530177675305	20.113929201139293	31.94086531940865	0.0
135.0	29.19849084383915	18.266310849360448	19.918100671758534	32.61709763504187	0.0
136.0	29.080868588543616	18.228191688506175	19.51048296518158	33.18045675776863	0.0
137.0	29.985721085197525	18.039029033793433	21.461208948119943	30.514040932889102	0.0
138.0	30.358353510895885	19.128329297820823	19.307506053268767	31.20581113801453	0.0
139.0	30.622973371327504	17.70168025940847	19.48511349120566	32.19023287805837	0.0
140.0	29.668629603752873	19.438067671424296	19.702565126260104	31.19073759856273	0.0
141.0	31.431614179218016	17.024189867640345	19.935087986206195	31.60910796693544	0.0
142.0	29.101401483924157	18.36871393239901	22.619538334707336	29.9103462489695	0.0
143.0	28.513676694492574	18.291594476820496	19.745891741481596	33.448837087205334	0.0
144.0	28.46363782308557	18.756354685075184	19.125595333654413	33.65441215818483	0.0
145.0	27.57695256873699	19.032752765910836	17.83327856282178	35.5570161025304	0.0
146.0	32.15973003374578	15.247469066366703	18.942632170978627	33.65016872890889	0.0
147.0	32.84603239576633	16.478568504765803	21.782351909245072	28.89304719022279	0.0
148.0	30.958215904913615	16.493076828819998	20.75113343952947	31.79757382673692	0.0
149.0	33.49832775919732	13.719063545150501	23.023411371237458	29.759197324414714	0.0
150.0	29.65555206039635	14.68229002831079	24.284366152878263	31.377791758414595	0.0
