# Position (bp)	A	C	G	T	N
0.0	31.464860582740638	15.319271182456843	26.58564824890529	26.621340460168362	0.00887952572886107
1.0	27.94840947195966	18.32515334218943	21.22973210601547	32.49200426903263	0.0047008108028114325
2.0	29.742578728873916	19.59528234701499	19.487068141946466	31.17263900227545	0.0024317798891803164
3.0	31.053888751279622	18.77696732655603	20.226599159217002	29.941332261713193	0.001212501234153042
4.0	32.28264173886609	18.326735204300185	19.886795451090936	29.50296397628819	8.636294546007267E-4
5.0	32.41085683874401	18.07630237801213	20.519762801600383	28.991872355156893	0.0012056264865805161
6.0	28.147797057247658	18.120698182417673	18.07810932970641	35.65288024289384	5.151877344104192E-4
7.0	27.800244489568104	19.849882035495504	19.993014583768495	32.3568588911679	0.0
8.0	26.881509506053646	19.277007733796385	20.236141766935376	33.6053409932146	0.0
9.0	29.984788354167907	17.735249377512257	20.168772785600776	32.11016970757948	0.0010197751395817222
10.0	28.971419667144303	20.620217274214692	21.299410913845726	29.108274644905368	6.774998899062678E-4
11.0	27.193047624514993	20.323068662643646	20.6499532298424	31.833255101661777	6.753813371875095E-4
12.0	28.523052790671844	19.11107819805506	20.33095573904584	32.03440835602651	5.049162007412169E-4
13.0	29.45679741280981	18.599790663034582	21.094724976852163	30.848686947303445	0.0
14.0	29.141238668169215	19.13177527278321	20.838864793828396	30.88745247402582	6.687911933575659E-4
15.0	29.154271143221422	18.792696849245434	21.344133063340085	30.708065631692545	8.333125005208204E-4
16.0	29.596645719022487	19.20588328125493	21.27805547388023	29.91924940653879	1.6611930356143174E-4
17.0	28.75126923733123	20.240215070505823	20.489010433834846	30.51933961560951	1.6564271859455465E-4
18.0	29.018693671755436	19.617046356938022	20.50723692573876	30.85652776149761	4.952840701784509E-4
19.0	28.208174591665898	19.241632281793375	21.553877690918437	30.99582108440882	4.943512134674453E-4
20.0	28.065697334748656	19.287236581171264	20.22151456055033	32.42505780608425	4.937174455059369E-4
21.0	28.268186923141432	19.15602087009141	20.646788666481402	31.928674670266698	3.2887001905801763E-4
22.0	28.636588602256264	18.789883799510996	20.326617590718428	32.24691000751431	0.0
23.0	28.7587360863648	18.58378424578728	19.38803016456387	33.269120770024784	3.2873325925877227E-4
24.0	28.714678336922788	18.63774729887125	19.399008093940303	33.24856627026565	0.0
25.0	30.314265101503864	18.658042166051217	19.292225624035535	31.735138430794464	3.286776149180196E-4
26.0	29.25595653924864	18.799898087496818	18.874853089839156	33.069127908410245	1.643750051367189E-4
27.0	29.63383041397086	18.74326048077429	19.194643890379254	32.4279364578402	3.287570354005576E-4
28.0	30.210336676759407	18.147538127221143	18.838742976997096	32.80338221902235	0.0
29.0	29.916762785439893	18.71259993887832	18.982718337490265	32.387590327001	3.2861119052548214E-4
30.0	30.196485331430257	18.5311862294187	19.118882751748373	32.15311681413892	3.2887326375471315E-4
31.0	30.494403798474227	18.593077260978934	19.245405323589267	31.666949095378094	1.6452157947297158E-4
32.0	29.979254136823908	19.24178809582613	19.06808265415329	31.710875113196675	0.0
33.0	29.921067608026856	18.189421244937854	20.24017881444702	31.64916737461132	1.649579769553706E-4
34.0	30.300884079146133	18.971133288757912	19.887405793153544	30.83991646236266	6.603765797445994E-4
35.0	29.106691590515055	19.315651945398923	19.648851403949802	31.928143950099415	6.611100368073014E-4
36.0	29.511526286018608	18.260951542957702	20.101948668415428	32.12491192786189	6.615747463687816E-4
37.0	29.05611603182799	18.926500377328516	20.913432895102673	31.102957725966824	9.929697740000795E-4
38.0	29.801143470603925	18.578001030482056	19.72428806446643	31.895407727952733	0.0011597064948533882
39.0	30.065941870266755	18.72108613262712	19.251906572947572	31.960069824708125	9.955994504291035E-4
40.0	30.10695284994171	18.45373220709371	19.998403440585538	31.439747344472664	0.0011641579063784212
41.0	30.60415857850529	18.625293048319023	19.67085279351903	31.099195710455763	4.998692008924331E-4
42.0	30.69042941341566	18.581686112558973	19.76297395185972	30.96390815658287	0.00100236558277535
43.0	30.741559210064423	18.629748623429943	19.74538050836975	30.88197437088993	0.0013372872459572135
44.0	31.40224514522488	18.11177529804738	18.779662491883606	31.705647671515308	6.693933288260849E-4
45.0	30.655086083526324	18.481397445479317	19.42518257349023	31.436490567175984	0.0018433303281463135
46.0	30.0789418039142	18.550149190611563	19.962844992800587	31.407392738830843	6.712738428078042E-4
47.0	29.637159784789407	19.218399766104667	19.89555363629948	31.248382728039548	5.04084766894401E-4
48.0	29.629922571677152	18.846333135316975	19.551619162373974	31.97195684477481	1.6828585708828447E-4
49.0	29.783229567722856	19.21430196213889	19.938667363117855	31.063295618254884	5.054887655121864E-4
50.0	28.984915465865758	19.543245705800967	19.835993655721662	31.635507710997874	3.374616137414369E-4
51.0	29.55543692731843	18.513494337378706	20.242857528988836	31.687366543233235	8.446630807903344E-4
52.0	28.959910668211926	19.03562274238438	20.748661292096337	31.255466919322227	3.3837798512828754E-4
53.0	30.02696038584512	19.3110537581965	19.733918604021024	30.9275592044654	5.080474719557795E-4
54.0	28.429350628205473	19.264741798051613	20.455686412851755	31.84971235515997	5.088057311877562E-4
55.0	29.04774597504639	19.71280769694387	20.283593061613242	30.95551371531698	3.3955107951776954E-4
56.0	29.72514900228816	18.733829044311392	19.648752392706452	31.89192956688188	3.399938121126196E-4
57.0	29.19159612657896	18.570837680917666	20.48848407890504	31.748231036730772	8.510768675605243E-4
58.0	28.792298020668998	18.943345951895	20.67734758060944	31.585815873491818	0.0011925733347417056
59.0	28.458154888908215	18.997914097663894	20.140128974599065	32.40260814542304	0.0011938934057856073
60.0	29.08761263224089	18.647609966490148	20.669137612546802	31.595127144348695	5.12644373471679E-4
61.0	28.83623294860139	18.895526528012493	21.221896332975483	31.044289547173754	0.0020546432368849553
62.0	28.82319265853767	18.868202651235976	20.21113217443172	32.09558710102052	0.00188541477411017
63.0	28.950625443097294	18.571548733406917	19.90294345348959	32.57402407016086	8.582998453343679E-4
64.0	27.981001626172784	19.227516356272798	20.755018616756114	32.03594770118301	5.15699615288087E-4
65.0	28.807323971787973	19.67077934262602	19.606739348616856	31.914813035926095	3.443010430600099E-4
66.0	29.010034782189038	18.747910138542736	20.115584420061293	32.12595358008349	5.1707912344747E-4
67.0	28.964363335288233	19.929278642149928	20.255114361610378	30.849863732017802	0.0013799289336599166
68.0	29.462654505392795	18.88220809316429	19.74595324517446	31.90849343643478	6.90719833674664E-4
69.0	29.40932291189224	19.108838795711275	19.97208419020802	31.5094081813732	3.459208152661774E-4
70.0	29.83595943648708	19.04504710366962	20.76768075448965	30.35131270535365	0.0
71.0	30.048860640578773	19.401955465580027	19.79401920800351	30.754818033545543	3.4665229215161873E-4
72.0	30.22643185872651	18.57424979696101	20.10086005233894	31.098284754374884	1.7353759865612484E-4
73.0	29.7518994384269	18.796181998365704	20.74569257784655	30.706225985360852	0.0
74.0	29.97798630413732	19.729078280981142	18.870126160769644	31.422809254111893	0.0
75.0	29.943057044203236	18.744915807518144	20.07143181334162	31.240420770388265	1.7456454873318508E-4
76.0	30.45994607806259	19.36098480143185	19.475931955483784	30.703137165021772	0.0
77.0	29.932380666866525	18.74564997484217	19.633975515384844	31.687993842906458	0.0
78.0	29.715262439683187	18.142875230364503	20.174127428499077	31.96755905068722	1.7585076600593673E-4
79.0	29.74021964451109	18.54734706479072	20.444581661006485	31.267675208397655	1.7642129405019187E-4
80.0	29.396793842366275	18.555849539804605	20.429350632812888	31.617652260652406	3.537243638267317E-4
81.0	29.39857910831326	18.443550347946307	20.809336781146122	31.34800132753807	5.324350562340159E-4
82.0	29.273877598949564	18.830041241588884	21.016841798119042	30.87870560479954	5.337565429656226E-4
83.0	29.879962900866836	18.361038775728606	20.404879962900868	31.352156387115187	0.001961973388506403
84.0	29.375343358046162	18.531581782294445	20.88833772652684	31.204379235494855	3.578976376966424E-4
85.0	30.176292491551493	18.41981051653	20.61489701166011	30.788641042069347	3.589381890491548E-4
86.0	30.087770773556443	18.19011480762792	20.203298424230205	31.51809597183271	7.20022752718986E-4
87.0	30.49707010787494	17.556231530119	19.909176956813894	32.03661823252722	9.031726649373921E-4
88.0	29.997372307748066	18.007484392414124	20.780152768590924	31.214265650625663	7.248806212226923E-4
89.0	29.582251412860856	18.685039312807756	19.512026591605025	32.21995534123226	7.273414941048971E-4
90.0	30.019418113595965	18.005920334633956	19.980216884268774	31.993897164298414	5.475032028937369E-4
91.0	30.133521967167447	18.958433361799447	19.031553406954284	31.875941489303216	5.497747756002625E-4
92.0	29.470648709587838	18.135288676042453	19.358849157963075	33.03355825659643	0.001655199810203755
93.0	29.58489841294464	18.00330928927842	19.83043585851311	32.58098709894258	3.693403212522114E-4
94.0	30.072649818236417	18.24624562275113	19.942829283122958	31.7380898974301	1.8537845939377537E-4
95.0	29.508254714785497	18.54746065348817	19.988754149700142	31.955344292451688	1.861895745009654E-4
96.0	29.380613384046626	18.46753096185096	19.771266579526564	32.380402078646746	1.8699592909862352E-4
97.0	30.214070378170977	18.45671851359621	19.770724693179556	31.55829869988474	1.8771516851190677E-4
98.0	29.558361048892507	18.68028688431865	19.731027097143976	32.0299478872071	3.7708243776254365E-4
99.0	29.150336449801383	18.21732725943934	20.09913624986273	32.532821369201116	3.7867169542678194E-4
100.0	29.357011541890927	18.84060175248148	20.088707730272226	31.712728399591633	9.505757637400974E-4
101.0	29.304831414983934	19.02936420510843	19.89076004054975	31.77447160276517	5.72736592713645E-4
102.0	28.876679344825472	19.057879884669653	19.384930372369794	32.679360161953255	0.0011502361818293357
103.0	29.957439600228682	18.83283252838804	19.733126466562847	31.47602392314104	5.774816793937213E-4
104.0	29.509188929969216	19.304681094627416	19.154626177621704	32.02995683987439	0.001546957907275343
105.0	29.269728406574192	19.091580215254304	19.712281928740722	31.925049539573376	0.001359909857403738
106.0	30.26931376106695	18.95868207163231	18.96043795677401	31.81098091547949	5.852950472333103E-4
107.0	30.46833197769568	18.560606803014416	19.36928549729036	31.60138373038817	3.9199161137951647E-4
108.0	29.206720112855656	18.912976232930287	19.678219528677907	32.20169007646522	3.94049070930803E-4
109.0	30.087505913230395	18.263420311426835	19.611142010557714	32.03733796759055	5.937971945061884E-4
110.0	29.04908603829272	18.58610889578788	19.364532597735533	33.00007358629784	1.9888188603670165E-4
111.0	29.367504491559465	17.997214133973376	19.84819628164826	32.7870850928189	0.0
112.0	29.028834887259148	18.32252385153862	20.255970672706848	32.3922686244993	4.0196399608487065E-4
113.0	29.14746031810157	18.485765419280817	19.519575325918773	32.84639095709224	8.079796065947296E-4
114.0	28.347089818170744	17.772566218946384	20.693001959410758	33.18693590797876	4.060954933552625E-4
115.0	29.059713894316065	18.422927652867692	20.735822824349405	31.781331471421076	2.0415704576588498E-4
116.0	28.27175678478221	18.97973138073424	20.689145375136807	32.05895578931806	4.106700286853015E-4
117.0	28.143807771797142	18.465296144658414	20.85617364625336	32.5343095050801	4.1293221098358387E-4
118.0	28.695693704394344	18.305390241167505	21.517772969470943	31.480727780154243	4.153048129674775E-4
119.0	29.081429004315435	18.760749401795138	20.27209178395662	31.885102870338443	6.269395943700825E-4
120.0	29.35053036797956	18.734975708978432	20.577815320994503	31.33625834215879	4.2025988871518145E-4
121.0	29.828776966254146	18.58220058159194	20.2883022249273	31.300086224386288	6.340028403327247E-4
122.0	30.204342001743605	18.412681536924026	19.698909183695168	31.683642008122646	4.252695145548492E-4
123.0	30.42903443185829	18.344190225588036	19.57363967953449	31.652707805196336	4.2785782284546843E-4
124.0	29.91762966279172	18.37695782905626	19.73358243167911	31.971184372235577	6.457042373264401E-4
125.0	30.223053882489005	18.590639057278434	19.248387033896652	31.937270291752483	6.497345834226718E-4
126.0	30.060058227715697	18.465943759697357	19.402555743449383	32.07100643294225	4.358361953243493E-4
127.0	29.326773328887857	19.24175356552181	20.163678398926066	31.267356008194884	4.386984693810403E-4
128.0	29.739675135065884	18.897076038891907	19.742148950174712	31.620216370471482	8.835053960092061E-4
129.0	28.72814482094271	19.31576242566625	20.14558624939654	31.809839085369518	6.674186249841488E-4
130.0	29.01818833839499	19.01717974292022	20.634966884448577	31.329665034236214	0.0
131.0	28.691355460849465	19.360372724646055	19.72560314937879	32.22266866512569	0.0
132.0	28.18171483140447	19.088924762965824	20.896978240603897	31.83238216502581	0.0
133.0	28.30996019040765	18.974530569962436	20.794266685307118	31.921242554322788	0.0
134.0	27.588174417637656	19.41200114578232	20.363046672149174	32.63585374643098	9.240179998706374E-4
135.0	28.508522727272727	18.01811661698957	20.777291356184797	32.69513785394933	9.314456035767511E-4
136.0	28.449107488645563	19.082960720111725	21.073360795221163	31.39457099602155	0.0
137.0	29.24871183082005	19.1762811342037	20.206107068791425	31.36889996618482	0.0
138.0	29.645595696791666	18.79291763628734	20.844857513447526	30.716390722160757	2.3843131270743527E-4
139.0	29.158684412309775	19.439363310554363	21.639941638403275	29.761049162674535	9.614760580443097E-4
140.0	29.313917724418246	19.506579186551264	20.17673762509422	31.001795976140905	9.694877953605162E-4
141.0	29.79545360137032	18.340513186413094	19.312297952092504	32.5514909089132	2.4435121088242553E-4
142.0	30.379615799825498	18.73382529095991	21.586242932422373	29.30006950503542	2.464717568013881E-4
143.0	30.460314265194494	18.86734310969958	19.929224476203967	30.74262112977418	4.970191277811326E-4
144.0	31.05088875464055	18.476470750434288	18.95675671610738	31.51538243647366	5.013423441263985E-4
145.0	28.001843509353026	19.13831131504511	20.080830794709534	32.777495005051925	0.0015193758404047617
146.0	28.099058715756865	19.684883355891905	20.145489915546886	32.06979604650325	7.719663010977361E-4
147.0	27.88110738475702	19.455513908068653	19.997632669165515	32.66206352337739	0.003682514631419741
148.0	28.87116517481447	19.643540225362578	19.996557264172594	31.483819141611203	0.004918194039148825
149.0	29.262641287546902	21.901279920357926	16.39124752210097	32.437554033481106	0.007277236513097571
150.0	26.092661094193865	25.55271709141444	12.034088818949131	36.31194947987983	0.008583515562731193
