# Position (bp)	A	C	G	T	N
0.0	26.203027404924654	24.06354227394122	24.51639663313777	25.21703368799635	0.0
1.0	26.836412930845704	21.749044652549422	15.968759595304899	35.44578282129998	0.0
2.0	29.379698359831952	21.04222392921204	17.457007191567016	32.121070519388994	0.0
3.0	23.78631929013374	22.56480951826101	15.320483790539793	38.328387401065456	0.0
4.0	33.58672546866833	13.987046302907787	15.365089818619479	37.0611384098044	0.0
5.0	35.20335124113194	15.515543276593021	24.848963478303745	24.432142003971293	0.0
6.0	32.183136928632536	17.311874817498435	21.422800553484148	29.082187700384885	0.0
7.0	35.29802597501691	18.26843981153366	20.812676723878614	25.620857489570813	0.0
8.0	23.228726003336753	26.889967879724313	23.529033706480256	26.352272410458678	0.0
9.0	26.945345641459074	19.573852422813758	15.467856980400615	38.01294495532655	0.0
10.0	27.223584411468217	16.911024341857164	25.06928089613955	30.796110350535066	0.0
11.0	27.400077182571998	20.025707959342686	19.80598707852226	32.768227779563055	0.0
12.0	24.928503406451348	21.310783109635935	20.577137817846193	33.183575666066524	0.0
13.0	26.84632891220996	21.639381306850613	19.850917313400863	31.663372467538565	0.0
14.0	30.009875260637912	19.382099219223452	19.98773296003968	30.62029256009896	0.0
15.0	30.09028600104769	19.393779319472753	21.084928708835353	29.431005970644208	0.0
16.0	27.915439595833313	19.16745536690335	19.33417559181865	33.582929445444684	0.0
17.0	29.428423435915725	18.46345053052013	20.932412424926742	31.175713608637405	0.0
18.0	32.21805984143823	17.364200492735886	19.97998535585421	30.437754309971666	0.0
19.0	30.99514160654203	18.871226894751437	20.81197239622539	29.32165910248114	0.0
20.0	30.37894295092744	17.839240147850113	20.656345331848375	31.125471569374074	0.0
21.0	29.33380875449926	19.431783665761312	19.657960883402957	31.57644669633647	0.0
22.0	30.66055662427495	19.02761698075278	23.2083298483788	27.103496546593476	0.0
23.0	30.00949374982575	20.187527237670967	22.288771403123402	27.51420760937988	0.0
24.0	33.78002380040528	19.48140941832807	17.88061939747704	28.857947383789607	0.0
25.0	30.376947355909966	20.76199447983202	20.22949342700891	28.6315647372491	0.0
26.0	31.070622053379232	16.996834927608322	23.60140337284905	28.331139646163393	0.0
27.0	26.905433741109697	21.18274221167687	24.557440121144356	27.354383926069076	0.0
28.0	28.063436443967067	19.944064645539772	19.761585089383583	32.23091382110958	0.0
29.0	28.56245258627647	21.172206643864058	17.485168767177157	32.78017200268231	0.0
30.0	27.571316890225777	19.187284252937804	16.247376342258743	36.99402251457767	0.0
31.0	34.556088096842245	14.8431296522625	19.039361697422525	31.56142055347273	0.0
32.0	33.88503038184519	15.14088261034708	24.155831351284572	26.81825565652315	0.0
33.0	31.270574033406135	17.819765822908654	20.947545716311268	29.962114427373944	0.0
34.0	32.532330226021486	17.786137005376553	22.133214713959696	27.548318054642273	0.0
35.0	27.57988958852904	20.74058622956378	25.38566312949954	26.293861052407635	0.0
