# Position (bp)	A	C	G	T	N
0.0	26.30927476505048	24.166809901981424	23.785166617892862	25.73874871507524	0.0
1.0	26.94578969352473	20.927276579409188	15.553825550255066	36.57310817681101	0.0
2.0	29.41236285683048	20.275906199672807	17.305504373623705	33.00622656987301	0.0
3.0	23.655845900492807	22.68762007753372	15.223742095824875	38.4327919261486	0.0
4.0	34.33505407403513	13.559779197242808	15.028547270653448	37.07661945806861	0.0
5.0	35.32229717477631	15.054742665480683	23.749660674873414	25.873299484869587	0.0
6.0	31.961855590877438	17.49884089610902	21.040971187567486	29.498332325446064	0.0
7.0	35.48278202637245	17.5695338276608	20.154633914286798	26.793050231679956	0.0
8.0	22.951155623561682	26.869684534637056	23.123213984191125	27.055945857610137	0.0
9.0	27.666901236837948	19.055279029198687	15.460092156973984	37.81772757698938	0.0
10.0	27.169019677741623	16.829289914917684	24.74425614901764	31.257434258323052	0.0
11.0	27.962534758028596	19.262368681274395	19.33691076314971	33.4381857975473	0.0
12.0	25.95531686352992	20.678896235356632	20.455068814626664	32.91071808648678	0.0
13.0	26.724114229369928	21.43564991830279	19.206790705871136	32.63344514645615	0.0
14.0	30.578897455818932	18.907992029710613	20.14379728201705	30.369313232453404	0.0
15.0	29.693847703203957	18.7706028453402	20.37154091143856	31.164008540017285	0.0
16.0	29.523398743406652	18.491693681130215	18.64097901998487	33.34392855547826	0.0
17.0	30.319193808205824	18.015136683059755	19.971430452894783	31.694239055839635	0.0
18.0	32.17020594027164	18.006620270323012	19.21884780043859	30.604325988966753	0.0
19.0	30.381195975264045	18.848551492310218	20.10812223023793	30.662130302187805	0.0
20.0	29.88563463570072	18.095861546465215	20.22043158497415	31.798072232859916	0.0
21.0	29.38870530543008	19.22802138518179	19.955805853149418	31.427467456238716	0.0
22.0	30.109301116347474	18.983137636897983	22.848958670720748	28.0586025760338	0.0
23.0	29.856826360805407	20.53979035676527	21.391002456884486	28.21238082554484	0.0
24.0	33.405635665717256	19.637224958427165	17.699345416446548	29.257793959409035	0.0
25.0	29.74502664966603	21.17540980374564	19.78366702247837	29.295896524109967	0.0
26.0	31.55493200214426	17.018743216207845	22.682050392754157	28.744274388893736	0.0
27.0	26.487733482149263	21.251279641307473	24.790164307754456	27.47082256878881	0.0
28.0	27.389655120154515	19.974179845983024	18.960082969977567	33.6760820638849	0.0
29.0	28.320760559915914	20.707905685355968	17.20315372822397	33.768180026504155	0.0
30.0	27.117852222707572	19.3161923322469	15.924585867410368	37.64136957763516	0.0
31.0	34.605015848556114	14.880706697142568	18.42956430258195	32.08471315171937	0.0
32.0	34.42903034548059	15.684085176266201	22.960597674638674	26.926286803614534	0.0
33.0	31.563964435023973	17.6023462779271	21.012490772867	29.821198514181923	0.0
34.0	32.98852117707184	16.936210885796537	21.950072293036854	28.12519564409477	0.0
35.0	27.092824467590393	20.405332198088686	25.56676417881254	26.93507915550838	0.0
