# Position (bp)	A	C	G	T	N
0.0	28.666224286662246	17.219641672196417	20.603848706038487	33.51028533510285	0.0
1.0	24.054412740544127	22.660915726609158	25.18248175182482	28.102189781021895	0.0
2.0	28.066115702479337	19.96694214876033	18.24793388429752	33.71900826446281	0.0
3.0	31.386138613861387	21.61716171617162	18.184818481848186	28.81188118811881	0.0
4.0	29.7029702970297	21.122112211221122	19.735973597359735	29.438943894389443	0.0
5.0	32.34323432343234	18.877887788778878	16.930693069306933	31.84818481848185	0.0
6.0	33.663366336633665	17.392739273927393	20.0	28.943894389438945	0.0
7.0	31.012867040580666	20.851204223028702	19.828439458924446	28.307489277466182	0.0
8.0	29.080118694362017	20.573689416419384	19.94724695021431	30.398944939004284	0.0
9.0	28.783382789317507	20.178041543026705	17.672271678206396	33.36630398944939	0.0
10.0	28.519617540389053	17.408506429277942	20.837454665347842	33.23442136498516	0.0
11.0	25.543836519446277	19.61107448912327	21.951219512195124	32.893869479235335	0.0
12.0	26.301911667765328	19.94067237969677	20.00659195781147	33.75082399472643	0.0
13.0	28.26086956521739	21.47562582345191	19.03820816864295	31.225296442687743	0.0
14.0	29.14059927560092	19.75633849193283	19.92097464603227	31.182087586433983	0.0
15.0	25.782021731972343	19.953901876852157	22.686862034902866	31.577214356272638	0.0
16.0	28.218636812644053	20.678300954889693	20.810009878169247	30.293052354297	0.0
17.0	27.978933508887426	18.433179723502306	21.033574720210666	32.554312047399605	0.0
18.0	26.414473684210527	21.282894736842106	21.019736842105264	31.282894736842103	0.0
19.0	25.501150180742687	21.656260269470916	23.26651330923431	29.576076240552084	0.0
20.0	25.71428571428571	23.54679802955665	18.91625615763547	31.822660098522164	0.0
21.0	24.73821989528796	20.517015706806284	20.680628272251308	34.06413612565445	0.0
22.0	27.7179236043095	21.71074110349331	17.40124061377734	33.17009467841985	0.0
23.0	28.818537859007833	21.736292428198432	17.428198433420366	32.016971279373365	0.0
24.0	26.416938110749182	18.631921824104232	19.54397394136808	35.4071661237785	0.0
25.0	28.39024390243902	19.317073170731707	16.455284552845526	35.837398373983746	0.0
26.0	30.919129587528417	16.823644040272818	17.862942513803183	34.39428385839559	0.0
27.0	27.045454545454543	20.29220779220779	20.584415584415584	32.077922077922075	0.0
28.0	30.532121998702145	17.196625567813108	19.143413367942895	33.127839065541856	0.0
29.0	28.57606227700292	19.396691534219915	16.28284138825819	35.74440480051898	0.0
30.0	31.96747967479675	16.65040650406504	18.048780487804876	33.33333333333333	0.0
31.0	30.934549006838164	17.193096711169	17.844350374470856	34.02800390752198	0.0
32.0	30.56640625	18.717447916666664	20.3125	30.403645833333332	0.0
33.0	27.506510416666668	20.21484375	20.80078125	31.477864583333332	0.0
34.0	34.15825464018235	16.574405731032236	19.016606968414198	30.250732660371217	0.0
35.0	31.8255776114546	18.093068662544745	19.55743573055646	30.52391799544419	0.0
36.0	29.008130081300816	17.918699186991873	18.56910569105691	34.5040650406504	0.0
37.0	29.55136540962289	19.993498049414825	19.05071521456437	31.40442132639792	0.0
38.0	27.447154471544717	19.804878048780488	18.666666666666668	34.08130081300813	0.0
39.0	28.92427689307767	17.452063698407542	18.882027949301268	34.741631459213515	0.0
40.0	28.436789080272995	17.354566135846603	19.92200194995125	34.28664283392916	0.0
41.0	26.564537157757496	17.731421121251632	22.913950456323338	32.79009126466754	0.0
42.0	30.47588005215124	16.81877444589309	21.316818774445892	31.38852672750978	0.0
43.0	31.345715216682958	16.976213750407297	19.615509938090582	32.06256109481916	0.0
44.0	32.009117551286224	19.342233800065127	17.06284597850863	31.58580267014002	0.0
45.0	32.62780853142299	17.030283295343537	19.73298599804624	30.608922175187235	0.0
46.0	31.15234375	15.494791666666666	21.419270833333336	31.93359375	0.0
47.0	32.06380208333333	17.252604166666664	20.703125	29.98046875	0.0
48.0	27.962239583333332	19.108072916666664	21.2890625	31.640625	0.0
49.0	28.125	19.140625	19.856770833333336	32.87760416666667	0.0
50.0	28.52960312296682	19.030579050097593	20.429407937540663	32.01040988939493	0.0
51.0	29.60312296681848	16.9811320754717	17.989590110605075	35.426154847104755	0.0
52.0	28.93368010403121	17.78283485045514	22.724317295188555	30.559167750325102	0.0
53.0	29.94148244473342	21.066319895968793	20.09102730819246	28.901170351105332	0.0
54.0	30.36410923276983	18.498049414824447	18.823146944083224	32.314694408322495	0.0
55.0	28.771131339401823	18.30299089726918	19.538361508452535	33.387516254876466	0.0
56.0	26.08130081300813	20.0	20.422764227642276	33.4959349593496	0.0
57.0	30.341463414634145	18.211382113821138	19.51219512195122	31.934959349593495	0.0
58.0	27.15447154471545	21.30081300813008	18.471544715447155	33.07317073170732	0.0
59.0	25.918699186991873	20.78048780487805	20.29268292682927	33.00813008130081	0.0
60.0	30.27642276422764	18.69918699186992	19.349593495934958	31.67479674796748	0.0
61.0	27.219512195121954	18.634146341463413	21.88617886178862	32.26016260162602	0.0
62.0	27.86991869918699	20.260162601626018	21.821138211382113	30.048780487804876	0.0
63.0	28.33441769681197	18.835393623942746	21.535458685751465	31.29472999349382	0.0
64.0	29.180221210149643	18.575146389069616	21.047495120364346	31.1971372804164	0.0
65.0	27.535760728218467	19.765929778933682	20.09102730819246	32.607282184655396	0.0
66.0	29.681404421326395	17.815344603381014	19.993498049414825	32.50975292587776	0.0
67.0	27.76332899869961	22.39921976592978	17.100130039011706	32.73732119635891	0.0
68.0	28.31599479843953	21.749024707412225	18.433029908972692	31.501950585175553	0.0
69.0	31.014304291287388	21.326397919375815	17.45773732119636	30.201560468140443	0.0
70.0	29.128738621586475	20.578673602080624	18.823146944083224	31.469440832249674	0.0
71.0	28.794280142996424	21.806954826129346	22.001949951251216	27.39681507962301	0.0
72.0	28.306792330191744	19.27201819954501	21.611959701007475	30.80922976925577	0.0
73.0	29.574260643483914	17.67955801104972	22.39194020149496	30.3542411439714	0.0
74.0	28.599285017874553	18.1670458238544	21.124471888202795	32.10919727006824	0.0
75.0	31.32921676958076	19.2395190120247	21.286967825804354	28.144296392590185	0.0
76.0	30.744231394215145	19.40201494962626	21.319467013324665	28.534286642833926	0.0
77.0	30.624187256176853	20.09102730819246	19.60338101430429	29.681404421326395	0.0
78.0	28.966189856957087	17.100130039011706	20.93628088426528	32.997399219765924	0.0
79.0	31.046814044213267	18.14044213263979	20.188556566970092	30.624187256176853	0.0
80.0	32.93237971391417	18.107932379713915	19.01820546163849	29.94148244473342	0.0
81.0	30.266579973992197	17.262678803641094	19.798439531859557	32.67230169050715	0.0
82.0	32.867360208062415	15.70221066319896	21.001300390117038	30.429128738621586	0.0
83.0	32.8998699609883	16.319895968790636	20.35110533159948	30.429128738621586	0.0
84.0	30.591677503250974	17.360208062418724	19.408322496749026	32.63979193758127	0.0
85.0	30.591677503250974	17.13263979193758	19.01820546163849	33.25747724317295	0.0
86.0	29.291287386215863	19.830949284785433	19.375812743823147	31.501950585175553	0.0
87.0	33.5609756097561	15.577235772357723	18.73170731707317	32.130081300813	0.0
88.0	31.121951219512194	17.333333333333336	19.642276422764226	31.902439024390244	0.0
89.0	30.959349593495933	16.29268292682927	18.113821138211385	34.63414634146341	0.0
90.0	29.13821138211382	16.65040650406504	20.552845528455286	33.65853658536586	0.0
91.0	31.70731707317073	19.252032520325205	16.29268292682927	32.74796747967479	0.0
92.0	31.447154471544714	18.178861788617887	17.398373983739837	32.97560975609756	0.0
93.0	31.414634146341463	18.048780487804876	18.86178861788618	31.67479674796748	0.0
94.0	28.715447154471548	17.43089430894309	20.45528455284553	33.39837398373984	0.0
95.0	29.983739837398378	17.6260162601626	19.51219512195122	32.87804878048781	0.0
96.0	30.146341463414632	17.853658536585364	19.284552845528456	32.71544715447155	0.0
97.0	30.17886178861789	17.203252032520325	19.414634146341463	33.203252032520325	0.0
98.0	30.146341463414632	20.260162601626018	18.016260162601625	31.577235772357724	0.0
99.0	29.235772357723576	20.227642276422763	17.43089430894309	33.10569105691057	0.0
100.0	32.17306441119063	17.794404684450228	20.234222511385816	29.798308392973325	0.0
101.0	30.826822916666668	20.80078125	20.3125	28.059895833333332	0.0
102.0	29.739413680781755	20.618892508143322	19.31596091205212	30.3257328990228	0.0
103.0	29.139504563233377	20.567144719687093	20.958279009126468	29.335071707953063	0.0
104.0	29.615133724722764	17.77560339204175	19.797782126549247	32.81148075668624	0.0
105.0	27.95558458523841	19.497060744611368	19.888961463096017	32.65839320705422	0.0
106.0	32.527759634225994	19.30111038536904	19.366427171783148	28.80470280862182	0.0
107.0	30.927498367080343	19.366427171783148	20.50947093403005	29.19660352710647	0.0
108.0	32.015681149951	17.314603070891867	20.744854622672328	29.924861156484813	0.0
109.0	27.703364913426988	19.307415877164324	18.980725253185234	34.008493956223454	0.0
110.0	27.245998039856257	19.209408689970598	19.01339431558314	34.53119895459	0.0
111.0	30.238640078457014	18.143184047074207	20.006538084341287	31.611637790127496	0.0
112.0	27.26381170317097	19.581562602157568	19.418110493625367	33.73651520104609	0.0
113.0	29.846355017979732	16.44328211833933	20.66034651847009	33.05001634521085	0.0
114.0	30.50016345210853	15.985616214449166	19.745014710689766	33.76920562275254	0.0
115.0	27.468933943754088	18.54153041203401	15.958142576847612	38.03139306736429	0.0
116.0	28.328426561988877	19.659797186784427	18.024206738632646	33.98756951259404	0.0
117.0	33.09328968903437	18.39607201309329	17.774140752864156	30.736497545008184	0.0
118.0	31.947626841243864	19.27986906710311	17.872340425531917	30.90016366612111	0.0
119.0	26.81728880157171	21.480026195153897	21.11984282907662	30.582842174197772	0.0
120.0	30.307994757536044	19.790301441677588	21.133682830930535	28.768020969855833	0.0
121.0	31.15989515072084	21.133682830930535	17.693315858453474	30.013106159895152	0.0
122.0	30.44903310390036	19.01016060308096	18.05965257292691	32.48115372009177	0.0
123.0	30.918032786885245	16.852459016393443	20.36065573770492	31.868852459016395	0.0
124.0	31.68251885864218	20.203345359134143	17.74352246638242	30.37061331584126	0.0
125.0	31.95538057742782	19.783464566929133	18.2742782152231	29.986876640419947	0.0
126.0	32.39251723006235	18.181818181818183	19.757138168690517	29.668526419428947	0.0
127.0	29.64543663821405	20.51871306631648	18.15495732107682	31.680892974392645	0.0
128.0	31.418253447143798	18.319107025607355	18.745896257386736	31.51674326986211	0.0
129.0	31.549573210768223	19.139855548260012	18.384766907419568	30.925804333552197	0.0
130.0	31.28491620111732	18.79723956621755	17.745645744331252	32.17219848833388	0.0
131.0	30.746464978625454	19.07267346267675	19.960539296284114	30.220322262413678	0.0
132.0	29.342105263157897	17.63157894736842	22.664473684210527	30.361842105263158	0.0
133.0	27.4103323461665	18.821980914774596	22.277064823955246	31.49062191510365	0.0
134.0	25.81494896279223	19.558775107013503	22.39051695752387	32.235758972670396	0.0
135.0	29.093904448105434	19.30807248764415	21.581548599670512	30.0164744645799	0.0
136.0	30.082372322899502	18.484349258649093	18.5502471169687	32.8830313014827	0.0
137.0	28.486646884272997	18.859215298384438	18.92515661061655	33.72898120672602	0.0
138.0	29.155672823218996	18.139841688654354	18.63456464379947	34.06992084432718	0.0
139.0	29.891125041240514	18.904651930056087	18.739689871329592	32.4645331573738	0.0
140.0	28.406466512702078	18.046849224678326	19.72946222368855	33.81722203893104	0.0
141.0	26.633663366336634	18.67986798679868	23.333333333333332	31.353135313531354	0.0
142.0	31.551155115511552	17.986798679867988	20.198019801980198	30.264026402640265	0.0
143.0	32.60726072607261	17.88778877887789	19.207920792079207	30.297029702970296	0.0
144.0	30.24100363156157	19.742489270386265	18.12479366127435	31.891713436777813	0.0
145.0	31.92333113020489	17.0522141440846	18.506278916060808	32.518175809649705	0.0
146.0	27.924653007270322	18.34104428288169	18.869795109054856	34.864507600793125	0.0
147.0	26.999339061467282	18.57237276933245	21.678783873099803	32.74950429610046	0.0
148.0	28.651685393258425	19.365499008592202	20.25776602775942	31.725049570389952	0.0
149.0	28.48645076007931	18.671513549239922	19.33245208195638	33.509583608724384	0.0
150.0	29.048248512888303	16.853932584269664	20.588235294117645	33.509583608724384	0.0
151.0	28.902116402116402	17.79100529100529	20.403439153439155	32.90343915343915	0.0
152.0	28.14153439153439	19.113756613756614	19.047619047619047	33.69708994708995	0.0
153.0	31.45881574594773	16.539861065167052	18.491564670856764	33.50975851802845	0.0
154.0	30.896460469732055	17.201455507773737	18.921601058551108	32.9804829639431	0.0
155.0	29.086697551290534	19.02713434811383	20.913302448709466	30.972865651886167	0.0
156.0	30.277961614824623	16.61151555261416	21.211118464592985	31.89940436796823	0.0
157.0	30.74123097286565	19.29185969556585	20.15221707478491	29.814692256783587	0.0
158.0	29.59285004965243	18.93412777226084	19.92717643164515	31.545845746441575	0.0
159.0	31.897979463398475	15.899304405432263	21.530308049022857	30.672408082146408	0.0
160.0	27.393176548526	19.97350115932428	21.795296455780058	30.83802583636966	0.0
161.0	29.267484255883332	16.904209479615513	22.70467351673848	31.12363274776268	0.0
162.0	30.22870401060656	17.60026516407027	23.23500165727544	28.936029168047728	0.0
163.0	31.88597944978455	15.976135233675837	20.98110705999337	31.156778256546236	0.0
164.0	33.54325488896255	17.799138216771627	20.98110705999337	27.676499834272455	0.0
165.0	32.416307590321516	17.533974146503148	21.014252568776932	29.03546569439841	0.0
166.0	33.51010938017899	18.462048392442824	19.953596287703014	28.074245939675173	0.0
167.0	29.84084880636605	19.131299734748012	19.99336870026525	31.03448275862069	0.0
168.0	29.150066401062418	18.293492695883135	19.289508632138112	33.266932270916335	0.0
169.0	28.395881766854863	17.402856193955497	19.196280305546328	35.00498173364331	0.0
170.0	29.966777408637874	16.47840531561462	20.59800664451827	32.95681063122924	0.0
171.0	29.401993355481725	17.707641196013288	19.235880398671096	33.65448504983389	0.0
172.0	28.8135593220339	19.607843137254903	19.641076769690926	31.93752077102027	0.0
173.0	27.526595744680847	18.550531914893618	17.486702127659576	36.43617021276596	0.0
174.0	27.668772863318924	19.85367475889591	19.02228134353176	33.45527103425341	0.0
175.0	29.630861323578316	20.119720651812436	19.055537080146326	31.193880944462922	0.0
176.0	30.86132357831726	16.727635517126703	16.8274027269704	35.583638177585634	0.0
177.0	29.464582640505487	19.42135018290655	19.25507149983372	31.858995676754244	0.0
178.0	31.17099135063207	17.99733865602129	19.06187624750499	31.76979374584165	0.0
179.0	26.655574043261232	20.299500831946755	20.898502495840265	32.14642262895175	0.0
180.0	29.7171381031614	17.437603993344425	18.80199667221298	34.0432612312812	0.0
181.0	30.036630036630036	18.88111888111888	19.413919413919416	31.668331668331668	0.0
182.0	33.56643356643357	18.115218115218116	19.38061938061938	28.93772893772894	0.0
183.0	32.12262579140287	21.559480173275574	17.427524158613792	28.890369876707766	0.0
184.0	31.322892369210265	21.09296901032989	19.46017994001999	28.123958680439852	0.0
185.0	31.322892369210265	22.02599133622126	19.79340219926691	26.857714095301567	0.0
186.0	34.1780593531177	16.505501833944646	20.60686895631877	28.70956985661887	0.0
187.0	29.876625541847286	21.273757919306433	20.506835611870624	28.342780926975657	0.0
188.0	30.9642976309643	19.65298631965299	19.21921921921922	30.163496830163496	0.0
189.0	31.90921228304406	19.158878504672895	18.057409879839785	30.874499332443257	0.0
190.0	36.07214428857716	16.53306613226453	17.40146960587842	29.993319973279892	0.0
191.0	32.29792919171677	17.935871743486974	17.334669338677354	32.4315297261189	0.0
192.0	34.48045439358503	17.03975943869028	18.810557968593383	29.669228199131307	0.0
193.0	27.95051822133066	17.485790705449684	22.46740220661986	32.0962888665998	0.0
194.0	29.09698996655518	19.163879598662206	19.933110367892976	31.806020066889634	0.0
195.0	32.34113712374582	18.628762541806022	19.063545150501675	29.966555183946486	0.0
196.0	29.80930076948812	20.809635329541653	17.765138842422214	31.61592505854801	0.0
197.0	30.120481927710845	20.448460508701473	19.64524765729585	29.78580990629183	0.0
198.0	29.98661311914324	20.113788487282463	17.904953145917002	31.994645247657296	0.0
199.0	29.025778372949446	18.948778038165383	19.383997321727485	32.64144626715768	0.0
200.0	28.8107202680067	18.96147403685092	20.134003350083752	32.09380234505863	0.0
201.0	29.96982903117667	17.432115320147503	20.046932618169627	32.551123030506204	0.0
202.0	30.137445524639624	16.996312437143814	20.449212202480723	32.41702983573584	0.0
203.0	30.862126803086216	16.571620261657163	21.268030862126803	31.29822207312982	0.0
204.0	29.395973154362416	19.395973154362416	20.23489932885906	30.973154362416107	0.0
205.0	30.983551527358173	16.68345082242363	20.61094326955354	31.722054380664655	0.0
206.0	28.17327065144392	19.140362659503023	21.591672263263938	31.094694425789122	0.0
207.0	28.01883619239825	18.499831819710728	21.661621257988564	31.819710729902457	0.0
208.0	28.306967351060248	19.185459441265568	21.810838101649278	30.69673510602491	0.0
209.0	29.451363177381353	18.680578929653315	18.815213732749918	33.052844160215415	0.0
210.0	30.797711208347355	17.13227869404241	19.89229215752272	32.17771794008751	0.0
211.0	29.976423038059952	17.750084203435502	22.26338834624453	30.01010441226002	0.0
212.0	28.864937689457733	18.086897945436174	22.90333445604581	30.144829909060288	0.0
213.0	30.917060013486175	18.54349291975725	21.712744436952125	28.82670262980445	0.0
214.0	30.701754385964914	20.51282051282051	21.120107962213226	27.66531713900135	0.0
215.0	32.79352226720648	19.9055330634278	18.927125506072876	28.373819163292847	0.0
216.0	34.93081336483294	18.1235234559568	19.338508268646642	27.60715491056362	0.0
217.0	30.823767724510464	17.85955435516543	18.129642133693448	33.18703578663065	0.0
218.0	28.716216216216218	19.08783783783784	20.777027027027025	31.41891891891892	0.0
219.0	28.5472972972973	19.72972972972973	22.66891891891892	29.054054054054053	0.0
220.0	30.842069665201215	19.648292188028407	19.039567128846805	30.470071017923573	0.0
221.0	29.421711193777476	21.67737571863375	16.87521136286777	32.025701724721	0.0
222.0	31.35994587280108	18.741542625169146	20.060893098782138	29.837618403247635	0.0
223.0	32.84795123603115	18.21876058245852	18.455807653234	30.47748052827633	0.0
224.0	35.84265852831468	16.10715496778569	19.59986436080027	28.450322143099356	0.0
225.0	35.83305055989142	17.373600271462504	19.71496437054632	27.078384798099762	0.0
226.0	32.92600135777325	19.178547182620502	18.906992532247116	28.98845892735913	0.0
227.0	31.770302412504247	17.227319062181447	19.09616038056405	31.906218144750255	0.0
228.0	30.9993201903467	17.81101291638341	18.898708361658738	32.290958531611146	0.0
229.0	31.143635125936008	21.443158611300202	17.018379850238258	30.39482641252553	0.0
230.0	29.02896081771721	22.078364565587734	16.320272572402043	32.572402044293014	0.0
231.0	30.10238907849829	20.716723549488055	17.50853242320819	31.67235494880546	0.0
232.0	27.297574308165355	18.414759139050222	19.644687393235394	34.64297915954903	0.0
233.0	28.874444064317483	18.16626753335614	21.21108450222374	31.748203900102634	0.0
234.0	27.62752482026703	19.82197877439233	21.9103046901746	30.640191715166036	0.0
235.0	27.821612349914236	19.382504288164665	20.445969125214408	32.34991423670669	0.0
236.0	28.743131868131865	19.26510989010989	21.703296703296704	30.288461538461537	0.0
237.0	29.09215955983494	19.429160935350755	19.944979367262725	31.53370013755158	0.0
238.0	31.782144088245435	14.546708031713202	19.855222337125127	33.81592554291623	0.0
239.0	28.157349896480333	16.252587991718425	20.28985507246377	35.30020703933747	0.0
240.0	29.24300034566194	15.865883166263394	21.223643276875215	33.66747321119944	0.0
241.0	29.185441941074526	17.053726169844023	23.4315424610052	30.329289428076255	0.0
242.0	28.407908428720084	17.759278529309746	22.407214706902533	31.42559833506764	0.0
243.0	26.40527411519778	15.614156835530881	24.219292158223457	33.76127689104788	0.0
244.0	26.13833854709767	16.92735488355926	23.07959680222454	33.85470976711852	0.0
245.0	29.307344239470932	17.786286112077967	22.798468499825965	30.107901148625132	0.0
246.0	29.557337051237365	16.347159288950856	19.309864064133844	34.785639595677935	0.0
247.0	26.387434554973822	18.010471204188484	22.722513089005236	32.87958115183246	0.0
248.0	27.19328905976931	17.89584061516952	22.963998601887454	31.946871723173714	0.0
249.0	27.651382569128458	18.375918795939796	20.126006300315016	33.846692334616726	0.0
250.0	26.09457092819615	18.598949211908934	20.385288966725042	34.92119089316988	0.0
251.0	27.824561403508774	18.49122807017544	20.666666666666668	33.01754385964912	0.0
252.0	27.144866385372712	20.71026722925457	20.499296765119553	31.645569620253166	0.0
253.0	32.09007741027445	15.024630541871922	18.437719915552428	34.4475721323012	0.0
254.0	29.922371206774876	18.454481298517997	19.689484827099506	31.93366266760762	0.0
255.0	30.024726245143057	20.204874602613916	18.509360649947016	31.261038502296007	0.0
256.0	30.417847025495753	19.228045325779036	19.05099150141643	31.303116147308778	0.0
257.0	30.244941427050055	18.10436634717785	17.713880014199503	33.936812211572594	0.0
258.0	31.777698610616316	18.667616672604204	17.171357320983255	32.38332739579622	0.0
259.0	30.994989262705797	18.96921975662133	16.857551896921976	33.178239083750896	0.0
260.0	31.896551724137932	18.318965517241377	18.24712643678161	31.537356321839084	0.0
261.0	31.0431654676259	19.460431654676256	18.884892086330936	30.611510791366907	0.0
262.0	31.277056277056275	16.81096681096681	21.06782106782107	30.844155844155846	0.0
263.0	31.161780673181326	19.580166485703945	18.16865725660514	31.089395584509592	0.0
264.0	31.01196953210011	18.897352194414218	20.20311933260791	29.887558940877767	0.0
265.0	30.355846042120554	19.317356572258536	18.51851851851852	31.808278867102395	0.0
266.0	33.369763205828775	18.579234972677597	20.072859744990893	27.97814207650273	0.0
267.0	30.946291560102303	18.231640482279868	20.09499451954695	30.727073438070878	0.0
268.0	31.66851646318905	17.647058823529413	19.866814650388456	30.81761006289308	0.0
269.0	30.155786350148368	20.623145400593472	19.99258160237389	29.22848664688427	0.0
270.0	32.73809523809524	20.163690476190478	16.889880952380953	30.208333333333332	0.0
271.0	31.02803738317757	18.61682242990654	18.13084112149533	32.22429906542056	0.0
272.0	30.27351067815661	18.1341326339453	19.220681903334583	32.37167478456351	0.0
273.0	29.249905767056163	17.30116848850358	20.806633999246134	32.64229174519412	0.0
274.0	30.973116243847027	18.212798182506624	19.575918212798182	31.238167360848163	0.0
275.0	30.144267274107822	19.096431283219438	19.741837509491265	31.01746393318147	0.0
276.0	31.62719633307869	19.977081741787625	20.77922077922078	27.61650114591291	0.0
277.0	29.190640583045646	18.83390870732643	20.13808975834292	31.837360951285003	0.0
278.0	27.49326145552561	19.329996149403158	22.179437812860993	30.997304582210244	0.0
279.0	30.3323029366306	20.556414219474497	20.595054095826892	28.516228748068006	0.0
280.0	30.240683229813666	20.80745341614907	22.088509316770185	26.86335403726708	0.0
281.0	28.738317757009348	17.289719626168225	20.911214953271028	33.0607476635514	0.0
282.0	29.41865001950839	18.415918845103395	23.995317986734296	28.17011314865392	0.0
283.0	27.84513101290575	18.850215095815408	21.196714900273758	32.107938991005085	0.0
284.0	25.147347740667975	20.74656188605108	24.007858546168958	30.09823182711198	0.0
285.0	26.813880126182966	21.17507886435331	21.64826498422713	30.36277602523659	0.0
286.0	27.75800711743772	18.386714116251483	23.408461842625545	30.446816923685248	0.0
287.0	26.772277227722775	19.287128712871286	22.653465346534656	31.287128712871286	0.0
288.0	23.580786026200872	20.96069868995633	22.072250893211592	33.386264390631204	0.0
289.0	26.626746506986027	19.520958083832333	20.878243512974052	32.974051896207584	0.0
290.0	29.90392313851081	14.971977582065652	21.377101681345074	33.746997598078465	0.0
291.0	29.019292604501608	16.680064308681672	22.909967845659164	31.390675241157556	0.0
292.0	27.412192167945094	19.09568025837707	23.61727896649172	29.87484860718611	0.0
293.0	27.64227642276423	17.4390243902439	22.642276422764226	32.27642276422764	0.0
294.0	30.95823095823096	20.18837018837019	20.39312039312039	28.46027846027846	0.0
295.0	30.481283422459892	18.757712875359932	20.732208967503084	30.02879473467709	0.0
296.0	27.634854771784234	19.211618257261414	23.734439834024894	29.419087136929463	0.0
297.0	29.18238993710692	19.245283018867926	22.9769392033543	28.59538784067086	0.0
298.0	27.8372591006424	22.012847965738757	20.728051391862955	29.42184154175589	0.0
299.0	28.992176714219976	18.131615278416934	22.18131615278417	30.69489185457892	0.0
300.0	32.342007434944236	8.921933085501859	22.21189591078067	36.52416356877323	0.0
