# Position (bp)	A	C	G	T	N
0.0	28.246124786442824	28.631318452453876	21.165960934907105	21.9565958261962	0.0
1.0	33.80704193701802	17.911069605158126	18.62613128715092	29.655757170672942	0.0
2.0	34.2726450823818	20.98273057476045	18.217357896016875	26.52726644684087	0.0
3.0	28.820160261129928	27.72656036350632	16.7819496742888	26.671329701074953	0.0
4.0	34.06589486154778	22.224010855943174	16.254764865848482	27.455329416660557	0.0
5.0	36.61522997776367	18.908772075887978	18.786858190497004	25.689139755851347	0.0
6.0	26.243306618136003	22.403650515271043	19.486193691445735	31.866849175147216	0.0
7.0	29.463157177763254	23.57976834855662	20.37714489682251	26.57992957685762	0.0
8.0	35.42325704006947	17.92723710871273	20.25997084728942	26.389535003928376	0.0
9.0	31.646221411249805	19.270705797042197	22.51843515794955	26.564637633758448	0.0
10.0	28.09681112371206	22.754440938872257	26.41415080649062	22.734597130925057	0.0
11.0	28.01255248105955	25.334718503843956	18.791614203512633	27.861114811583864	0.0
12.0	28.33104636006193	27.21974914157975	15.32744518243175	29.121759315926564	0.0
13.0	33.24099776497418	22.245031284781437	18.915349309167983	25.598621641076402	0.0
14.0	33.07812324384429	18.951960588326642	17.890481089071788	30.07943507875728	0.0
15.0	34.36416209751057	17.076568910304502	20.466375441018233	28.092893551166686	0.0
16.0	26.0969868062314	23.937706577732783	22.911986344581244	27.053320271454574	0.0
17.0	25.398561227473955	19.783593231834544	19.269455349967007	35.5483901907245	0.0
18.0	26.641683506942403	19.45151872720679	24.719463650144473	29.18733411570633	0.0
19.0	28.72808096118094	17.773169783513605	20.93916406887842	32.559585186427036	0.0
20.0	26.384538522781316	24.27355743284762	15.917712624700107	33.424191419670954	0.0
21.0	32.57901665035284	20.233098958322206	17.743663778315447	29.444220613009502	0.0
22.0	28.683386583925408	26.17902874677913	19.07630933683156	26.0612753324639	0.0
23.0	25.618532202856663	21.923120672173933	17.676940021695284	34.78140710327412	0.0
24.0	36.248669767521214	16.083688950593192	16.516102477484683	31.151538804400907	0.0
25.0	34.858978219411824	18.56069154385025	16.725472358128474	29.854857878609455	0.0
26.0	31.401620867896668	16.364264561972444	24.993279400969897	27.24083516916099	0.0
27.0	35.306694851360724	17.392714236712678	21.179358260236736	26.12123265168986	0.0
28.0	36.2039388770721	16.83370379789128	18.045990098009067	28.91636722702756	0.0
29.0	35.419326413329365	18.465458520291232	17.99212378142738	28.12309128495202	0.0
30.0	31.617046833285144	19.630123909702903	16.747116599109148	32.005712657902805	0.0
31.0	27.551908745790755	23.7421612453844	19.3821797630992	29.32375024572565	0.0
32.0	27.707613064097135	20.57248505917821	18.06249082487804	33.65741105184662	0.0
33.0	29.184883397320622	17.532573088913534	22.942271864970515	30.340271648795337	0.0
34.0	26.09577118106527	26.157605165116525	18.423527043644025	29.323096610174183	0.0
35.0	27.88692500206922	19.521109887118698	15.400652252378325	37.191312858433754	0.0
36.0	27.86696129724109	16.45938339658655	25.223623921859044	30.450031384313313	0.0
37.0	25.24798625327947	25.9821159793842	20.772674536321357	27.997223231014967	0.0
38.0	30.107528498101416	20.320506735992968	18.301040281096228	31.270924484809388	0.0
39.0	29.420616049733738	19.881937683880466	22.114041240881175	28.58340502550462	0.0
40.0	35.128196830246	17.868463407161936	19.81242961256165	27.190910150030422	0.0
41.0	29.932332304972352	17.040655757981764	24.984457816188566	28.04255412085732	0.0
42.0	26.970587712718082	16.920266444441843	26.98482344870563	29.124322394134445	0.0
43.0	26.109805714921013	24.03158747540575	22.862593787124805	26.996013022548432	0.0
44.0	29.209583554038392	21.0549578444272	16.543391013339797	33.19206758819461	0.0
45.0	29.918853721841966	19.06474011967009	17.78831293788092	33.22809322060702	0.0
46.0	27.754124766960775	23.61897622289587	17.773598431615962	30.85330057852739	0.0
47.0	26.61456953468237	22.017272651372366	18.46108569511454	32.90707211883072	0.0
48.0	31.420656279571197	20.528637438353528	18.602649227733245	29.44805705434203	0.0
49.0	32.523026241209216	20.40088761336474	16.860053414408068	30.21603273101798	0.0
50.0	29.38817487071235	20.844546204382024	20.897710599943657	28.869568324961964	0.0
51.0	32.87497208260453	21.73359839195802	17.875668635441937	27.515760889995512	0.0
52.0	33.51614017364986	19.4155016917563	15.981057830714343	31.087300303879495	0.0
53.0	28.642098591079428	20.71162164867059	21.940596261412036	28.705683498837946	0.0
54.0	27.03251352630309	24.31095132136516	20.270833807216672	28.385701345115077	0.0
55.0	29.497405043323067	26.82099192613066	16.627287482651656	27.05431554789462	0.0
56.0	27.085473625327435	21.649400897533127	18.18040218663884	33.0847232905006	0.0
57.0	26.337224685732153	23.845543243246887	18.280004869618654	31.537227201402306	0.0
58.0	27.24487000531914	19.489556553353093	22.121324467056585	31.144248974271182	0.0
59.0	25.120756163352613	19.743731406618956	24.188591449937995	30.946920980090432	0.0
60.0	28.03229315251411	26.46054776179233	18.926579155551426	26.58057993014214	0.0
61.0	32.019042725376224	23.24437273101301	17.019237565996594	27.71734697761417	0.0
62.0	33.59394605711783	19.314123572945483	19.33372289734791	27.758207472588765	0.0
63.0	31.93963094392217	19.164684666799776	17.36600698152671	31.52967740775135	0.0
64.0	31.073878043826074	21.318662257127272	19.117316115131885	28.49014358391477	0.0
65.0	35.776034784873126	18.058911285553037	16.10038245388501	30.064671475688826	0.0
66.0	28.16977415425975	23.82270984077465	19.114170019261373	28.893345985704233	0.0
67.0	26.978943708795537	20.082992201066233	25.153912976920427	27.7841511132178	0.0
68.0	26.222209995177508	17.292765848446194	18.592896282243757	37.89212787413254	0.0
69.0	32.33511460090363	19.14692364735211	18.551291308947874	29.966670442796385	0.0
70.0	26.061546333164948	24.79301622440793	21.23754290107866	27.907894541348465	0.0
71.0	28.000680230645646	23.137449860906326	19.2985202889724	29.563349619475627	0.0
72.0	28.266389564172083	19.775657024578546	23.56076860970258	28.39718480154679	0.0
73.0	28.811848829818025	21.504422566712275	19.93125357567608	29.75247502779362	0.0
74.0	28.96432900939943	27.615425609791806	17.739146730696024	25.681098650112734	0.0
75.0	36.314538011586095	17.459627066765567	20.609208784399147	25.61662613724919	0.0
76.0	27.354741726093707	24.87570355866103	17.705913714364062	30.0636410008812	0.0
77.0	31.462029040698315	18.427366322979676	19.481026597663764	30.629578038658245	0.0
78.0	36.29580904513118	15.315195518059085	18.712197794930418	29.676797641879315	0.0
79.0	35.368288500252675	17.434874767589523	20.74016301575598	26.45667371640182	0.0
80.0	36.32697984603141	18.16893373610434	17.00495398851225	28.499132429352	0.0
81.0	34.832121106490575	15.345034657188558	22.156918086532286	27.665926149788582	0.0
82.0	29.995153159215622	24.119705052819604	19.407975316855662	26.477166471109108	0.0
83.0	36.00416623188825	19.733726969976054	18.096365363827758	26.165741434307943	0.0
84.0	31.110852596835738	16.64468098500641	20.02394129428044	32.22052512387741	0.0
85.0	35.56047985084744	20.122902092238956	16.272673720379743	28.043944336533862	0.0
86.0	31.418507720268074	21.17815886703506	17.159862927153174	30.243470485543693	0.0
87.0	32.07524153351937	20.01959992526474	17.159553758159102	30.74560478305679	0.0
88.0	32.23692779619297	18.745929680833815	20.24329966562668	28.773842857346537	0.0
89.0	29.015906513323092	20.24440888454806	17.453247698901663	33.28643690322718	0.0
90.0	27.164543813870416	20.929623296111075	20.93763574113781	30.968197148880698	0.0
91.0	26.266436742549093	19.841057326372642	17.984932894711857	35.90757303636641	0.0
92.0	32.797201346614	19.603117369929606	15.644931223361484	31.954750060094906	0.0
93.0	37.09332478172735	18.607277035097542	16.6588268791457	27.640571304029404	0.0
94.0	34.606454176036806	23.440665870460336	17.280456731417697	24.67242322208516	0.0
95.0	33.06467792329639	18.86673000118998	17.3241065554182	30.74448552009543	0.0
96.0	29.571347661342916	20.810102198099578	19.103769050927514	30.514781089629995	0.0
97.0	33.14456096896832	19.301679801414668	19.442968738031336	28.110790491585675	0.0
98.0	35.97589709762206	20.457918457366652	16.372036250535135	27.194148194476153	0.0
99.0	29.44471554785522	17.38208120865362	25.90251320323354	27.270690040257612	0.0
100.0	27.063192778538387	27.626196957661925	19.262785842869746	26.047824420929942	0.0
101.0	27.491933778794753	20.06445470593166	18.168495510564593	34.27511600470899	0.0
102.0	29.500642319599557	17.218884146026177	18.788538548463126	34.491934985911136	0.0
103.0	27.13624319644924	18.238449885439053	19.883108062865286	34.74219885524642	0.0
104.0	26.997518460097336	22.48291306684356	18.41317248128496	32.106395991774136	0.0
105.0	27.653201532591098	20.181275794267943	23.840477503513473	28.325045169627483	0.0
106.0	29.692951937809813	17.115903170158695	23.758604466328958	29.43254042570253	0.0
107.0	27.26337207704499	21.341503136581508	19.10851462533552	32.286610161037984	0.0
108.0	30.151318444026522	21.0623860951695	17.94625874073225	30.840036720071723	0.0
109.0	30.2803344132029	17.60921074655347	22.152264168617307	29.958190671626323	0.0
110.0	31.856085088513225	18.69589368248181	22.204336873383195	27.243684355621767	0.0
111.0	29.94117088052587	24.94387630406952	17.302941249944308	27.812011565460303	0.0
112.0	28.13284512613426	19.248345532485637	22.483656821407408	30.135152519972703	0.0
113.0	31.27943197090259	15.443673550775653	21.24210080322816	32.034793675093596	0.0
114.0	27.893324143302017	16.171114704293043	23.53632786755527	32.39923328484967	0.0
115.0	26.593660598850388	14.851611888604225	29.955085045302898	28.599642467242493	0.0
116.0	30.18787423932751	16.939651261524485	21.92902820106561	30.943446298082396	0.0
117.0	27.502186916827664	19.761383221273864	20.118581830176264	32.617848031722204	0.0
118.0	28.107761226206527	21.478930915977294	22.80218183432178	27.611126023494403	0.0
119.0	31.197139479021974	18.694339996697604	23.79744178335704	26.31107874092338	0.0
120.0	34.30588296632293	16.262096021221005	23.116335141651597	26.31568587080447	0.0
121.0	36.8941063408058	16.405315038140937	19.54297612771041	27.157602493342853	0.0
122.0	36.073631204145954	17.75465125064908	21.410087610008194	24.76162993519678	0.0
123.0	34.07183519370548	20.566125003025178	20.252151909626516	25.109887893642824	0.0
124.0	31.754157184114607	19.17078473286399	19.959963407764	29.115094675257403	0.0
125.0	33.929891783354286	20.687583873251512	18.773004605730353	26.609519737663838	0.0
126.0	35.69524215786347	16.909018593040287	17.197093191547708	30.19864605754854	0.0
127.0	27.784095549845127	24.3154611255784	15.762894424064584	32.137548900511895	0.0
128.0	31.372517802866962	23.01555299301994	18.29558015675142	27.316349047361676	0.0
129.0	29.280559747262153	26.617474783575567	15.79310949620099	28.30885597296129	0.0
130.0	36.203634711746474	16.86077464066988	16.537052066511734	30.39853858107191	0.0
131.0	37.17902447426644	15.488190003987542	17.83997687058967	29.492808651156345	0.0
132.0	30.187341378586275	14.951045975150699	22.453005282510734	32.408607363752296	0.0
133.0	31.963915106462405	16.927672078895117	22.08522890532771	29.02318390931477	0.0
134.0	30.964325049785664	19.37132780482271	21.987329030663226	27.6770181147284	0.0
135.0	35.147550308918646	15.344000199833435	18.733220662095857	30.775228829152063	0.0
136.0	35.31107019512816	17.970659170178983	18.70900120560776	28.009269429085105	0.0
137.0	27.37376594031149	17.277395514963757	22.150612346267422	33.19822619845733	0.0
138.0	29.009124451838165	17.301187793507246	17.95573223964317	35.733955515011424	0.0
139.0	25.984451180104017	21.303364650761537	21.19150493579903	31.520679233335414	0.0
140.0	28.51175927323671	17.675627016706528	20.038606307059418	33.77400740299735	0.0
141.0	30.260438913622	16.810735197197012	23.188178600942646	29.740647288238343	0.0
142.0	27.08400045686587	16.968110585151326	25.45156085509472	30.496328102888082	0.0
143.0	30.5453817227031	16.18643703225711	28.12582422880369	25.1423570162361	0.0
144.0	30.079992445141357	16.043196577840295	23.38118176756796	30.495629209450385	0.0
145.0	31.653692655397897	17.104104190130705	20.364267416912803	30.877935737558595	0.0
146.0	28.427150766894865	21.094718541616228	16.485806331520976	33.99232435996793	0.0
147.0	25.95815223926749	27.406301459959703	18.15283439310685	28.48271190766595	0.0
148.0	35.93976992184534	19.26398546940066	16.586641953076207	28.209602655677795	0.0
149.0	35.52871632917747	16.247987921406256	20.610340710405417	27.612955039010856	0.0
150.0	21.13020202265681	24.538097536080432	26.854258307092493	27.47744213417026	0.0
