# Position (bp)	A	C	G	T	N
0.0	26.007478710338315	24.002732257311443	24.480671420530882	25.50911761181936	0.0
1.0	26.900711926780772	20.654502439721323	15.745250356045737	36.69953527745216	0.0
2.0	28.83218274404225	19.724928885760274	17.64320617160453	33.79968219859295	0.0
3.0	23.1997486090255	22.38822248924396	15.209956531339602	39.20207237039094	0.0
4.0	33.79440983832898	13.465232325314908	15.11828048587521	37.6220773504809	0.0
5.0	34.76591681509186	14.931900660697014	23.540013492514	26.76216903169712	0.0
6.0	31.263308273832273	17.535115327057966	21.300603328986906	29.90097307012285	0.0
7.0	35.29009619606073	17.244210605143543	20.27062779872356	27.19506540007217	0.0
8.0	22.770639113970876	27.009186746430245	22.590911840233645	27.629262299365237	0.0
9.0	27.3991924616588	18.751380974502016	15.767365098592837	38.08206146524635	0.0
10.0	26.48356264882122	16.875436408515814	24.858178804772482	31.78282213789048	0.0
11.0	28.02939001764767	18.545525766052528	19.33923893235087	34.08584528394893	0.0
12.0	25.8954578128491	20.157701630506565	20.55529884802553	33.3915417086188	0.0
13.0	26.301860350097865	21.11970338416417	19.108737057928717	33.46969920780925	0.0
14.0	30.482679648067005	18.69237710304158	20.05193492786427	30.773008321027145	0.0
15.0	29.35660680832259	18.53669987314579	20.335927062327265	31.770766256204357	0.0
16.0	29.844705431195273	17.833755563501374	18.711263279471385	33.61027572583197	0.0
17.0	30.24448340546975	17.845564567064237	19.80766959807007	32.10228242939594	0.0
18.0	31.941626490680967	17.70764198886662	19.245836709048785	31.10489481140363	0.0
19.0	30.19490204904728	18.558857184708863	20.109313518346543	31.13692724789732	0.0
20.0	29.650782665370283	17.637631467743933	20.381743527369938	32.32984233951585	0.0
21.0	29.014516022184466	18.457081678392694	20.435974421780575	32.092427877642265	0.0
22.0	29.703655730102962	18.842849319171854	23.00157302510874	28.451921925616446	0.0
23.0	29.673639464949275	20.13970010068513	21.3315248139259	28.855135620439697	0.0
24.0	32.83446122347037	19.555936205047093	17.72611670175765	29.883485869724886	0.0
25.0	28.943764866691986	20.98009380545757	20.05238753775692	30.023753790093522	0.0
26.0	31.49819223494239	16.709287431558185	22.567684723469757	29.224835610029672	0.0
27.0	25.99437364757078	20.811167449613205	25.065494708784623	28.12896419403139	0.0
28.0	26.887249526714065	19.784092737298224	19.12392006250954	34.20473767347817	0.0
29.0	28.075124189982592	20.4199684901222	17.226373660737615	34.278533659157596	0.0
30.0	26.569146354457672	18.9742106891336	16.228236771722628	38.2284061846861	0.0
31.0	34.303872235396284	14.599495931816273	18.884799848340794	32.211831984446654	0.0
32.0	34.19223895620604	15.524774857819464	22.615105248279782	27.66788093769471	0.0
33.0	31.27726002779311	17.575476837280195	21.021501322168774	30.12576181275792	0.0
34.0	32.9956525667792	16.867008219971016	21.76354918315496	28.373790030094824	0.0
35.0	26.411413897452114	20.56076649417569	25.41294023963017	27.614879368742017	0.0
