# Position (bp)	A	C	G	T	N
0.0	55.21408839779005	11.498618784530388	14.77900552486188	18.50828729281768	0.0
1.0	16.71270718232044	53.28038674033149	15.918508287292818	14.088397790055248	0.0
2.0	20.630568882796435	49.41740918437286	12.131596984235777	17.82042494859493	0.0
3.0	55.15358361774744	13.276450511945391	13.310580204778159	18.25938566552901	0.0
4.0	55.934515688949524	11.221009549795362	12.75579809004093	20.088676671214188	0.0
5.0	19.018404907975462	47.61417859577369	12.74710293115201	20.62031356509884	0.0
6.0	18.869209809264305	48.87602179836512	12.704359673024523	19.55040871934605	0.0
7.0	56.57356948228883	12.704359673024523	13.623978201634879	17.09809264305177	0.0
8.0	54.62899931926481	14.771953710006807	12.49149081007488	18.107556160653505	0.0
9.0	19.748470428280083	48.708361658735555	12.338545207341944	19.20462270564242	0.0
10.0	19.293478260869566	10.190217391304348	12.907608695652172	57.608695652173914	0.0
11.0	16.71186440677966	13.186440677966102	12.8135593220339	57.28813559322033	0.0
12.0	18.07718348002708	12.389979688557888	12.389979688557888	57.14285714285714	0.0
13.0	18.203309692671397	47.31509625126647	13.340087808172916	21.14150624788923	0.0
14.0	18.80053908355795	12.63477088948787	50.0	18.564690026954178	0.0
15.0	51.206434316353885	13.43833780160858	14.376675603217159	20.978552278820377	0.0
16.0	18.695652173913043	14.013377926421406	13.076923076923078	54.21404682274248	0.0
17.0	18.752085418752085	46.646646646646644	13.04637971304638	21.554888221554886	0.0
18.0	17.194268577140953	13.16227924025325	14.395201599466844	55.248250583138955	0.0
19.0	19.83361064891847	49.58402662229617	13.277870216306157	17.304492512479204	0.0
20.0	18.982712765957448	14.195478723404257	13.164893617021276	53.65691489361703	0.0
21.0	18.46816976127321	14.124668435013263	13.992042440318302	53.41511936339523	0.0
22.0	19.02713434811383	11.912640635340834	48.312375909993385	20.747849106551953	0.0
23.0	19.17989417989418	12.996031746031747	13.326719576719576	54.4973544973545	0.0
24.0	54.34710743801653	10.87603305785124	13.355371900826446	21.421487603305785	0.0
25.0	19.70947507428194	12.677451304060746	45.95576097722021	21.657312644437106	0.0
26.0	54.65346534653466	12.541254125412541	11.65016501650165	21.155115511551156	0.0
27.0	17.777044854881265	14.379947229551451	10.58707124010554	57.25593667546174	0.0
28.0	18.933157721435627	47.34935791899901	10.009878169245967	23.707606190319392	0.0
29.0	21.710526315789476	10.263157894736842	11.776315789473685	56.25	0.0
30.0	21.02834541858932	11.96440342781806	45.41858932102835	21.58866183256427	0.0
31.0	20.15221707478491	11.647915287888816	11.780277961614823	56.41958967571144	0.0
32.0	19.920450778919456	11.43520053032814	11.733510109380179	56.910838581372225	0.0
33.0	20.16611295681063	47.40863787375415	11.395348837209303	21.029900332225914	0.0
34.0	21.01232101232101	11.588411588411589	14.119214119214119	53.28005328005329	0.0
35.0	19.367720465890184	46.65557404326123	12.645590682196339	21.331114808652245	0.0
36.0	19.253830779480346	13.457694870086609	12.325116588940705	54.96335776149234	0.0
37.0	52.552552552552555	13.84718051384718	13.179846513179847	20.42042042042042	0.0
38.0	53.0	14.799999999999999	11.0	21.2	0.0
39.0	54.94835054981672	12.26257914028657	9.463512162612462	23.32555814728424	0.0
40.0	18.434258949481432	46.87186349949816	13.282034125125461	21.411843425894947	0.0
41.0	18.866014174822816	10.563617954775566	50.52311846101924	20.047249409382385	0.0
42.0	55.953991880920164	12.280108254397835	12.381596752368065	19.384303112313937	0.0
43.0	55.67604201965436	13.181972212809217	13.215859030837004	17.926126736699423	0.0
44.0	22.002724795640326	47.036784741144416	9.809264305177113	21.151226158038146	0.0
45.0	32.96385542168675	14.55421686746988	15.373493975903616	37.10843373493976	0.0
46.0	30.669434353918007	16.7618059159315	20.394395433316035	32.174364296834455	0.0
47.0	30.30142781597039	17.609730301427817	20.412480169222633	31.676361713379166	0.0
48.0	26.475279106858054	19.72355130249867	18.022328548644335	35.77884104199894	0.0
49.0	26.900584795321635	20.2020202020202	19.829877724614565	33.067517278043596	0.0
50.0	24.96016994158258	24.747742963356345	18.53425385023898	31.75783324482209	0.0
51.0	29.36802973977695	19.33085501858736	15.985130111524162	35.31598513011153	0.0
52.0	27.248536455561467	17.615753060138374	19.212346993081425	35.92336349121874	0.0
53.0	30.074786324786324	19.337606837606838	22.00854700854701	28.579059829059826	0.0
54.0	28.97696839850027	23.03160149973219	17.13979646491698	30.85163363685056	0.0
55.0	31.082529474812432	17.845659163987136	19.614147909967848	31.45766345123258	0.0
56.0	27.101293103448278	20.52801724137931	19.612068965517242	32.758620689655174	0.0
57.0	32.02156334231806	17.735849056603772	19.08355795148248	31.159029649595688	0.0
58.0	28.594594594594597	18.216216216216218	20.37837837837838	32.81081081081081	0.0
59.0	26.042230644288033	20.790471034109366	22.14401732539253	31.023280996210072	0.0
60.0	27.880434782608692	18.695652173913043	21.521739130434785	31.90217391304348	0.0
61.0	28.431372549019606	19.607843137254903	21.405228758169933	30.555555555555557	0.0
62.0	28.812636165577345	19.335511982570804	21.07843137254902	30.773420479302832	0.0
63.0	33.02452316076294	17.547683923705723	18.855585831062672	30.572207084468666	0.0
64.0	30.08174386920981	19.455040871934603	19.727520435967303	30.73569482288828	0.0
65.0	29.65592572364828	18.78754778809394	21.46368104860732	30.09284543965046	0.0
66.0	29.141607435757244	16.566429743028976	21.487151448879168	32.804811372334605	0.0
67.0	29.540481400437635	17.12253829321663	19.52954048140044	33.8074398249453	0.0
68.0	25.12315270935961	20.087575259989055	20.47071702244116	34.31855500821018	0.0
69.0	26.992853216052776	21.055525013743814	21.330401319406267	30.621220450797143	0.0
70.0	28.799559471365637	21.200440528634363	18.006607929515418	31.993392070484582	0.0
71.0	29.171270718232044	20.828729281767956	19.944751381215468	30.055248618784532	0.0
72.0	26.519337016574585	19.447513812154696	19.447513812154696	34.585635359116026	0.0
73.0	30.244173140954494	16.75915649278579	20.810210876803552	32.18645948945616	0.0
74.0	29.303621169916433	17.88300835654596	22.284122562674096	30.52924791086351	0.0
75.0	29.805013927576603	20.445682451253482	21.78272980501393	27.966573816155986	0.0
76.0	27.97319932998325	20.938023450586265	18.537130094919043	32.55164712451145	0.0
77.0	29.832402234636874	20.446927374301676	18.88268156424581	30.837988826815643	0.0
78.0	29.664804469273744	20.16759776536313	18.994413407821227	31.1731843575419	0.0
79.0	30.223463687150836	20.837988826815643	19.050279329608937	29.88826815642458	0.0
80.0	28.803131991051455	19.23937360178971	21.588366890380314	30.369127516778523	0.0
81.0	26.931690929451285	18.980963045912656	18.58902575587906	35.498320268757	0.0
82.0	31.18339876612451	17.722938867077957	21.48065058889512	29.613011777902408	0.0
83.0	28.531232414181208	18.851997749015194	21.834552616769837	30.782217220033765	0.0
84.0	27.693175408911447	18.217710095882687	20.417371686407222	33.67174280879864	0.0
85.0	31.807909604519775	18.07909604519774	20.282485875706215	29.830508474576273	0.0
86.0	28.167420814479637	19.230769230769234	22.45475113122172	30.14705882352941	0.0
87.0	32.2014714204867	18.7889077532541	20.656479909451047	28.35314091680815	0.0
88.0	32.672706681766705	19.70554926387316	17.667044167610417	29.95469988674972	0.0
89.0	30.812961910176234	16.0318362706083	17.055144968732233	36.10005685048323	0.0
90.0	28.920454545454543	17.102272727272727	19.318181818181817	34.659090909090914	0.0
91.0	29.89749430523918	21.526195899772212	15.546697038724375	33.029612756264235	0.0
92.0	30.839520274129068	17.190177041690465	17.875499714448885	34.09480296973158	0.0
93.0	32.933104631217844	17.724413950829046	18.69639794168096	30.646083476272157	0.0
94.0	30.549199084668192	17.334096109839816	19.393592677345538	32.723112128146454	0.0
95.0	31.099656357388316	16.895761741122566	20.847651775486828	31.15693012600229	0.0
96.0	29.73593570608496	16.24569460390356	19.63260619977038	34.385763490241104	0.0
97.0	30.46471600688468	17.78542742398164	19.563970166379804	32.18588640275387	0.0
98.0	30.51237766263673	20.149683362118594	17.962003454231436	31.375935521013243	0.0
99.0	30.99078341013825	18.663594470046082	19.182027649769584	31.163594470046085	0.0
100.0	31.828703703703702	15.277777777777779	20.25462962962963	32.63888888888889	0.0
101.0	30.156885531667637	19.814061592097616	19.349215572341663	30.679837303893088	0.0
102.0	29.48717948717949	15.034965034965033	20.862470862470865	34.61538461538461	0.0
103.0	28.02808660035108	16.8519602106495	20.24575775307197	34.87419543592744	0.0
104.0	28.856304985337246	18.885630498533722	20.469208211143695	31.788856304985337	0.0
105.0	28.94891368173811	19.84732824427481	19.025249559600706	32.17850851438638	0.0
106.0	31.665685697469097	17.42201294879341	19.658622719246615	31.25367863449088	0.0
107.0	31.360946745562128	18.994082840236686	19.940828402366865	29.704142011834318	0.0
108.0	34.50327186198691	17.787031528851873	15.942891136228434	31.76680547293278	0.0
109.0	28.30750893921335	19.725864123957095	21.75208581644815	30.214541120381405	0.0
110.0	24.850657108721624	20.19115890083632	20.967741935483872	33.99044205495819	0.0
111.0	29.066985645933013	17.882775119617225	21.59090909090909	31.45933014354067	0.0
112.0	25.974805038992198	19.016196760647873	20.695860827834434	34.313137372525496	0.0
113.0	29.567307692307693	18.93028846153846	18.269230769230766	33.23317307692308	0.0
114.0	28.993369499698613	17.48040988547318	20.313441832429174	33.212778782399035	0.0
115.0	28.89963724304716	19.649334945586457	18.621523579201934	32.82950423216445	0.0
116.0	28.051001821493628	20.704310868245294	18.94353369763206	32.30115361262902	0.0
117.0	29.927007299270077	19.829683698296837	17.0316301703163	33.21167883211679	0.0
118.0	28.484107579462105	15.892420537897312	19.193154034229828	36.43031784841076	0.0
119.0	23.270055113288425	22.106552357624004	27.801592161665646	26.821800367421922	0.0
120.0	26.27378759975445	22.099447513812155	20.994475138121548	30.632289748311848	0.0
121.0	29.32840418977203	19.223659889094268	18.853974121996302	32.593961799137396	0.0
122.0	29.339098208770846	16.86226065472514	22.544780728844966	31.25386040765905	0.0
123.0	32.6530612244898	17.130488559059987	18.985776128633272	31.230674087816944	0.0
124.0	29.671011793916826	18.55990068280571	21.291123525760398	30.477963997517072	0.0
125.0	28.286604361370713	19.439252336448597	19.87538940809969	32.398753894081	0.0
126.0	30.8125	18.6875	17.75	32.75	0.0
127.0	27.432517263025737	20.401757689893284	22.347771500313872	29.817953546767107	0.0
128.0	31.04965430546826	16.907605279698306	19.86172218730358	32.181018227529854	0.0
129.0	29.716088328075706	18.359621451104104	17.665615141955836	34.25867507886436	0.0
130.0	29.303797468354432	19.430379746835445	15.632911392405063	35.63291139240506	0.0
131.0	30.92063492063492	19.49206349206349	17.58730158730159	32.0	0.0
132.0	30.975143403441685	19.247928616953473	20.905035054174633	28.87189292543021	0.0
133.0	28.736369467607442	21.039127645926875	19.563822963438103	30.660679923027583	0.0
134.0	26.142949130714744	22.021893110109467	20.412105602060528	31.42305215711526	0.0
135.0	27.472527472527474	17.194570135746606	19.004524886877828	36.32837750484809	0.0
136.0	25.551232166018156	18.28793774319066	21.20622568093385	34.954604409857325	0.0
137.0	28.23682498373455	15.875081327260897	19.25829538061158	36.62979830839298	0.0
138.0	28.431372549019606	17.973856209150327	20.718954248366014	32.87581699346405	0.0
139.0	28.075916230366495	19.044502617801047	19.895287958115183	32.98429319371728	0.0
140.0	27.25477287689269	16.392363396971692	21.461487820934824	34.89137590520079	0.0
141.0	31.43989431968296	16.512549537648614	19.352708058124175	32.694848084544255	0.0
142.0	29.509283819628646	15.782493368700266	20.159151193633953	34.54907161803714	0.0
143.0	31.818181818181817	19.786096256684495	18.114973262032088	30.280748663101605	0.0
144.0	32.681940700808624	16.9811320754717	16.644204851752022	33.692722371967655	0.0
145.0	27.55585646580907	19.837508463100882	20.31144211238998	32.29519295870007	0.0
146.0	29.04761904761905	19.115646258503403	17.755102040816325	34.08163265306122	0.0
147.0	29.616963064295486	17.920656634746923	17.578659370725035	34.883720930232556	0.0
148.0	26.854395604395602	20.123626373626376	19.574175824175825	33.4478021978022	0.0
149.0	30.50379572118703	20.77294685990338	16.977225672877847	31.746031746031743	0.0
150.0	29.313929313929314	18.64171864171864	17.81011781011781	34.234234234234236	0.0
151.0	29.567642956764296	19.03765690376569	20.2231520223152	31.171548117154813	0.0
152.0	28.019662921348313	20.85674157303371	17.20505617977528	33.918539325842694	0.0
153.0	31.59379407616361	17.912552891396334	18.194640338504936	32.29901269393512	0.0
154.0	31.731448763250885	15.68904593639576	19.575971731448764	33.003533568904594	0.0
155.0	30.0	20.354609929078013	16.595744680851062	33.04964539007092	0.0
156.0	31.530249110320284	15.729537366548044	17.722419928825623	35.01779359430605	0.0
157.0	32.689556509299	17.310443490701	20.314735336194563	29.685264663805437	0.0
158.0	28.94168466522678	21.958243340532757	15.83873290136789	33.261339092872575	0.0
159.0	33.11546840958606	14.887436456063908	19.026870007262165	32.97022512708787	0.0
160.0	26.973684210526315	18.859649122807017	23.976608187134502	30.190058479532162	0.0
161.0	29.169728141072742	18.442321822189566	21.969140337986776	30.41880969875092	0.0
162.0	30.029585798816566	19.74852071005917	19.526627218934912	30.695266272189347	0.0
163.0	31.07806691449814	17.17472118959108	17.24907063197026	34.49814126394052	0.0
164.0	30.223880597014922	15.746268656716417	21.641791044776117	32.38805970149254	0.0
165.0	30.359820089955026	18.290854572713645	21.58920539730135	29.760119940029984	0.0
166.0	29.08816880180859	19.89449886963075	20.27128862094951	30.746043707611154	0.0
167.0	28.12736921910538	19.63608794541319	22.21379833206975	30.022744503411676	0.0
168.0	27.90519877675841	18.960244648318042	17.431192660550458	35.703363914373085	0.0
169.0	25.65284178187404	18.586789554531492	20.89093701996928	34.86943164362519	0.0
170.0	30.223592906707786	16.808018504240554	18.658442559753276	34.30994602929838	0.0
171.0	30.572755417956653	18.730650154798763	14.860681114551083	35.8359133126935	0.0
172.0	30.187207488299535	20.2808112324493	16.848673946957877	32.683307332293296	0.0
173.0	30.980392156862745	17.098039215686274	17.80392156862745	34.11764705882353	0.0
174.0	29.99210734017364	19.968429360694554	18.6266771902131	31.412786108918706	0.0
175.0	27.091633466135455	19.9203187250996	20.637450199203187	32.35059760956175	0.0
176.0	28.205128205128204	19.71153846153846	20.833333333333336	31.25	0.0
177.0	27.455716586151368	23.268921095008054	18.035426731078903	31.239935587761675	0.0
178.0	28.97727272727273	19.56168831168831	19.642857142857142	31.818181818181817	0.0
179.0	25.4278728606357	20.619396903015485	24.69437652811736	29.25835370823146	0.0
180.0	29.15642915642916	15.47911547911548	20.475020475020475	34.88943488943489	0.0
181.0	28.194558944765046	19.868095630667764	19.455894476504536	32.48145094806266	0.0
182.0	33.16708229426434	17.622610141313384	19.11886949293433	30.091438071487946	0.0
183.0	30.210970464135023	22.19409282700422	20.253164556962027	27.341772151898734	0.0
184.0	28.522920203735147	21.477079796264857	20.797962648556876	29.20203735144312	0.0
185.0	27.404255319148934	20.851063829787233	23.914893617021278	27.829787234042552	0.0
186.0	29.588336192109775	17.92452830188679	21.18353344768439	31.30360205831904	0.0
187.0	29.004329004329005	23.203463203463205	17.575757575757574	30.21645021645022	0.0
188.0	30.95030514385353	20.40104620749782	20.74978204010462	27.898866608544026	0.0
189.0	29.815303430079155	20.22867194371152	19.17326297273527	30.782761653474054	0.0
190.0	31.874999999999996	16.339285714285715	19.28571428571429	32.5	0.0
191.0	27.289048473967686	19.748653500897667	21.543985637342907	31.41831238779174	0.0
192.0	30.099728014505896	19.220308250226655	20.670897552130555	30.009066183136902	0.0
193.0	32.10671573137074	17.939282428702853	21.71113155473781	28.242870285188594	0.0
194.0	28.02960222016651	21.924144310823312	21.1840888066605	28.862164662349677	0.0
195.0	28.944911297852478	18.020541549953315	19.794584500466854	33.23996265172735	0.0
196.0	27.264150943396224	19.150943396226417	22.830188679245282	30.754716981132074	0.0
197.0	30.201342281879196	20.80536912751678	19.654841802492808	29.338446788111217	0.0
198.0	28.937007874015748	21.653543307086615	19.586614173228348	29.822834645669293	0.0
199.0	26.735751295336783	24.559585492227978	19.378238341968913	29.326424870466322	0.0
200.0	27.636363636363637	14.909090909090908	20.242424242424242	37.21212121212121	0.0
201.0	31.239388794567063	17.147707979626485	17.996604414261462	33.61629881154499	0.0
202.0	37.94871794871795	16.75213675213675	18.461538461538463	26.837606837606838	0.0
203.0	32.758620689655174	18.620689655172416	19.655172413793103	28.965517241379313	0.0
204.0	32.46527777777778	17.1875	23.61111111111111	26.73611111111111	0.0
205.0	36.25218914185639	16.46234676007005	24.518388791593697	22.76707530647986	0.0
206.0	29.349736379613354	21.0896309314587	19.15641476274165	30.404217926186295	0.0
207.0	26.916221033868094	24.06417112299465	16.0427807486631	32.97682709447415	0.0
208.0	28.007181328545784	15.978456014362658	21.903052064631957	34.1113105924596	0.0
209.0	22.82608695652174	20.28985507246377	21.557971014492754	35.32608695652174	0.0
210.0	27.27272727272727	16.727272727272727	20.0	36.0	0.0
211.0	28.360957642725598	18.784530386740332	20.810313075506446	32.04419889502763	0.0
212.0	25.555555555555554	15.0	25.925925925925924	33.51851851851852	0.0
213.0	28.438661710037177	19.888475836431226	19.702602230483272	31.970260223048324	0.0
214.0	30.508474576271187	25.98870056497175	18.455743879472696	25.04708097928437	0.0
215.0	27.27272727272727	22.348484848484848	18.181818181818183	32.196969696969695	0.0
216.0	31.80952380952381	15.619047619047619	19.238095238095237	33.33333333333333	0.0
217.0	25.72533849129594	17.60154738878143	24.177949709864606	32.495164410058024	0.0
218.0	26.200000000000003	17.2	18.6	38.0	0.0
219.0	18.973214285714285	21.205357142857142	24.776785714285715	35.044642857142854	0.0
220.0	0.0	30.851063829787233	25.886524822695034	43.262411347517734	0.0
