# Position (bp)	A	C	G	T	N
0.0	36.059994958406854	17.481724224855057	22.53592135114696	23.92235946559113	0.0
1.0	23.61688720856963	28.77126654064272	23.15059861373661	24.461247637051038	0.0
2.0	29.372647427854453	23.500627352572145	16.461731493099123	30.664993726474275	0.0
3.0	33.33333333333333	18.31831831831832	20.70820820820821	27.64014014014014	0.0
4.0	34.30072554415812	17.00025018764073	17.425569176882664	31.273455091318485	0.0
5.0	27.481870467616904	22.73068267066767	17.691922980745186	32.09552388097025	0.0
6.0	27.759030121234847	24.534433195850518	19.34758155230596	28.358955130608678	0.0
7.0	36.12048493938257	19.17260342457193	17.222847144106986	27.484064491938508	0.0
8.0	34.14573178352706	17.935258092738408	17.760279965004376	30.158730158730158	0.0
9.0	28.325215436493068	22.79255651305108	18.733608092918697	30.148619957537154	0.0
10.0	26.076107298814723	15.795383655645665	19.912663755458514	38.2158452900811	0.0
11.0	26.381439441187478	17.674940750904327	19.04702507172259	36.896594736185605	0.0
12.0	26.04465510789572	17.238368467007607	19.30896844206062	37.40800798303604	0.0
13.0	28.744232447936152	23.09514902107495	19.204389574759944	28.95622895622896	0.0
14.0	25.972568578553616	18.49127182044888	26.483790523690775	29.052369077306732	0.0
15.0	30.30416355023685	19.209673398155076	19.870356519571178	30.6158065320369	0.0
16.0	25.76304970723807	18.711847514638098	19.060670237946926	36.46443254017691	0.0
17.0	28.68352223190933	21.596711919292563	19.018557728235148	30.70120812056296	0.0
18.0	25.899638899265348	19.66131241439422	19.83563690698543	34.603411779355	0.0
19.0	27.28178309052422	25.451375918316522	17.793549993774125	29.47329099738513	0.0
20.0	26.841712294673968	17.57093081134893	18.840219014435043	36.747137879542066	0.0
21.0	26.188106494152773	17.852699676536453	21.149539686489177	34.8096541428216	0.0
22.0	28.352824085593433	16.68325454093058	25.255038566807663	29.708882806668324	0.0
23.0	25.351411867147654	18.75855205871377	19.815897499689015	36.07413857444956	0.0
24.0	33.95522388059701	16.828358208955223	18.084577114427862	31.1318407960199	0.0
25.0	28.596294914832775	16.735049111028225	22.85216958846202	31.816486385676985	0.0
26.0	33.412057178371654	17.32753262896209	16.45742697327533	32.802983219390924	0.0
27.0	25.87621178225205	19.177230922197367	16.00795426298782	38.93860303256276	0.0
28.0	27.092128135088156	22.83337472063571	14.99875838092873	35.0757387633474	0.0
29.0	28.72208436724566	14.913151364764268	16.265508684863523	40.099255583126556	0.0
30.0	28.23091247672253	16.300434512725015	16.387337057728118	39.08131595282433	0.0
31.0	30.680407251055374	14.887012664514526	17.457164142041222	36.97541594238887	0.0
32.0	27.49503475670308	17.378351539225424	17.614200595829196	37.512413108242306	0.0
33.0	29.060677503412336	23.389998759151258	17.21057203126939	30.338751706167017	0.0
34.0	28.998264319365237	16.94768162658071	19.551202578725515	34.50285147532854	0.0
35.0	26.31644311972181	22.82662692498758	17.2876304023845	33.56929955290611	0.0
36.0	28.55369335816263	15.493482309124767	18.199875853507137	37.752948479205465	0.0
37.0	35.024244684819095	18.425960462513988	17.74213601889842	28.807658833768496	0.0
38.0	32.43814497078205	19.520079572298894	16.287454929752577	31.75432052716648	0.0
39.0	37.03241895261846	17.01995012468828	15.224438902743142	30.723192019950122	0.0
40.0	26.458852867830423	23.71571072319202	18.915211970074814	30.910224438902745	0.0
41.0	27.0979020979021	15.284715284715283	26.311188811188813	31.306193806193804	0.0
42.0	35.09495252373813	16.4167916041979	18.653173413293352	29.83508245877061	0.0
43.0	35.413279979992495	17.9067150181318	17.456546204826807	29.223458797048895	0.0
44.0	30.224395136016046	23.530149178889307	15.594835151059295	30.65062053403535	0.0
45.0	31.639753183668113	16.38440330838913	18.77379545752921	33.202048050413545	0.0
46.0	30.358090185676396	16.29973474801061	18.83289124668435	34.50928381962864	0.0
47.0	30.428990141220357	17.719158006927792	18.758326671995736	33.093525179856115	0.0
48.0	29.007328447701532	17.60159893404397	18.37441705529647	35.01665556295803	0.0
49.0	30.04131680661069	17.512994802079167	18.76582700253232	33.67986138877782	0.0
50.0	27.994131768471593	20.87223259535876	18.711656441717793	32.42197919445186	0.0
51.0	30.00266808964781	18.75667022411953	17.66275346851654	33.577908217716114	0.0
52.0	28.315986122231116	17.8142514011209	19.909260741926875	33.96050173472111	0.0
53.0	30.160213618157545	19.265687583444592	19.11882510013351	31.455273698264353	0.0
54.0	28.327326124682955	22.280069416633292	18.595648111066613	30.796956347617137	0.0
55.0	29.6034183469088	18.520496728535186	18.96114300974763	32.91494191480839	0.0
56.0	28.079080951108736	19.048891263692227	19.449639326743252	33.422388458455785	0.0
57.0	29.524191392675753	17.896284415931568	19.927826784282278	32.6516974071104	0.0
58.0	31.844919786096256	18.262032085561497	18.22192513368984	31.671122994652407	0.0
59.0	28.40909090909091	19.211229946524064	20.280748663101605	32.098930481283425	0.0
60.0	29.8703035165129	16.780318224361544	20.911886615857735	32.43749164326782	0.0
61.0	30.841246489233647	17.627390664705096	19.593419820783737	31.937943025277516	0.0
62.0	29.21182925197377	19.269369731031713	22.066104643382843	29.45269637361167	0.0
63.0	32.807064490232804	17.875301043617874	18.905539202568907	30.41209526358041	0.0
64.0	28.156768325307652	17.92402354200107	22.40502942750134	31.514178705189945	0.0
65.0	31.12449799196787	18.59437751004016	19.3574297188755	30.923694779116467	0.0
66.0	28.915662650602407	17.563587684069613	21.45917001338688	32.061579651941095	0.0
67.0	28.732092649618423	19.239523363234703	18.784308475030123	33.24407551211675	0.0
68.0	27.17289406722914	19.4723449845989	20.597294763626625	32.75746618454533	0.0
69.0	26.824695326101512	20.851747689835275	21.2669077273336	31.056649256729614	0.0
70.0	26.93183340029463	20.15535020758002	18.896477835810902	34.01633855631445	0.0
71.0	28.787675820495647	17.749497655726724	20.589417280643	32.873409243134624	0.0
72.0	28.381998392713637	19.26064827216716	21.403696758639164	30.953656576480043	0.0
73.0	29.038306991695688	17.747120278596302	20.934904902223415	32.2796678274846	0.0
74.0	29.82855612108224	17.814090543798553	21.524243236003215	30.83311009911599	0.0
75.0	29.466916688990086	18.256094294133405	22.408250736672915	29.868738280203587	0.0
76.0	29.310113864701943	18.874748827863364	19.26322839919625	32.551908908238445	0.0
77.0	28.336012861736336	19.493569131832796	18.716505894962488	33.453912111468384	0.0
78.0	29.291169770869622	18.27683237304033	19.656974407074905	32.77502344901514	0.0
79.0	29.059485530546624	20.042872454448016	18.30117899249732	32.59646302250804	0.0
80.0	28.63843473599571	17.636022514071296	20.611096220852318	33.11444652908067	0.0
81.0	26.414588361491013	17.283454009117726	20.52829176722982	35.77366586216144	0.0
82.0	28.975596674711717	17.68570662375972	20.783051756503085	32.55564494502548	0.0
83.0	28.739946380697052	18.056300268096514	22.4798927613941	30.723860589812336	0.0
84.0	26.568364611260055	17.80160857908847	20.991957104557642	34.638069705093834	0.0
85.0	29.887369267900244	16.96165191740413	21.158487530168944	31.99249128452668	0.0
86.0	29.561603432095456	17.106850784287438	20.78026545113286	32.55128033248425	0.0
87.0	32.55128033248425	16.838718326853467	21.799168789381955	28.81083255128033	0.0
88.0	31.751139715741484	18.865647626709574	17.25663716814159	32.12657548940735	0.0
89.0	30.897143623441064	17.406463725358723	18.42564033793751	33.270752313262705	0.0
90.0	29.975858369098713	17.19420600858369	18.776824034334762	34.05311158798283	0.0
91.0	29.238197424892704	19.259656652360515	16.92596566523605	34.57618025751073	0.0
92.0	28.916309012875534	16.081008583690988	18.830472103004293	36.172210300429185	0.0
93.0	30.753755364806867	17.623390557939913	19.63519313304721	31.98766094420601	0.0
94.0	30.270922746781114	17.39538626609442	18.803648068669528	33.53004291845493	0.0
95.0	30.614435202575795	16.742688489401665	20.351489133351222	32.291387174671314	0.0
96.0	30.85177733065057	16.633132126089873	19.530516431924884	32.98457411133467	0.0
97.0	30.792969274117805	17.24137931034483	20.045619213739435	31.92003220179793	0.0
98.0	32.116984169573385	19.98926750737859	17.883015830426615	30.01073249262141	0.0
99.0	30.091226187281993	19.197746176549504	20.324657901797693	30.386369734370806	0.0
100.0	31.8407960199005	16.391017883555197	18.99959661153691	32.768589485007396	0.0
101.0	32.600485567844615	18.289722147288913	19.018073914216345	30.09171837065012	0.0
102.0	31.354786371011357	17.10383991346674	20.321795565170362	31.21957815035154	0.0
103.0	29.761258817145958	19.763971785132934	19.289202387411827	31.185567010309278	0.0
104.0	28.056575547395624	18.618251053991568	18.536651706786344	34.78852169182646	0.0
105.0	29.620529620529624	17.71771771771772	19.58776958776959	33.07398307398308	0.0
106.0	32.6894095081518	18.60528839567064	17.78325798054528	30.92204411563228	0.0
107.0	29.737168019815606	19.45782303564057	18.769781202697125	32.035227741846704	0.0
108.0	34.51034482758621	17.682758620689658	15.558620689655173	32.248275862068965	0.0
109.0	28.7551867219917	17.994467496542185	20.8298755186722	32.42047026279391	0.0
110.0	26.248612652608212	18.96503884572697	20.1165371809101	34.66981132075472	0.0
111.0	31.778303857401475	18.6046511627907	19.426263751566633	30.190781228241192	0.0
112.0	28.266331658291456	19.2071468453378	19.639865996649917	32.886655499720824	0.0
113.0	29.393642347010225	18.41478784483966	16.902394622601875	35.289175185548245	0.0
114.0	31.368687579125055	17.020678013785343	19.257279504853003	32.3533549022366	0.0
115.0	26.238532110091743	20.8045165843331	18.23570924488356	34.7212420606916	0.0
116.0	29.071084678561316	18.394222599830076	18.15349759274993	34.381195128858685	0.0
117.0	29.289772727272727	18.4375	20.880681818181817	31.392045454545453	0.0
118.0	29.915870526165694	16.98274632824754	21.31755311564238	31.783830029944387	0.0
119.0	25.517931133019	19.331333047578227	23.38905557936848	31.76168024003429	0.0
120.0	26.957766642806014	20.429491768074445	20.658554044380818	31.954187544738726	0.0
121.0	29.65724939050624	18.356517997992256	19.260002868205937	32.72622974329557	0.0
122.0	27.7458309373203	18.271995399654976	19.70960322024152	34.272570442783206	0.0
123.0	30.44982698961938	16.39273356401384	18.33910034602076	34.818339100346016	0.0
124.0	31.550028918449975	17.11972238288028	20.1417004048583	31.18854829381145	0.0
125.0	28.69981156689375	17.43730975503696	18.466444412233656	35.39643426583563	0.0
126.0	29.793424498108816	18.693628164096594	18.286296188536515	33.226651149258075	0.0
127.0	29.45894706139711	17.398279130815226	20.883768411841913	32.25900539594575	0.0
128.0	29.707174231332356	17.920937042459737	20.322108345534406	32.049780380673496	0.0
129.0	31.09379594236989	17.7006762716848	18.64157600705675	32.56395177888856	0.0
130.0	30.128489144882586	18.874612317235268	17.161423718800766	33.83547481908138	0.0
131.0	29.98220640569395	19.632265717674972	20.032621589561092	30.352906287069985	0.0
132.0	29.856972586412393	16.865315852205008	21.901072705601905	31.37663885578069	0.0
133.0	29.356428251455874	19.516201284157088	19.60579363894281	31.52157682544423	0.0
134.0	27.340823970037455	19.95505617977528	18.666666666666668	34.0374531835206	0.0
135.0	29.142857142857142	16.646616541353385	21.954887218045112	32.25563909774436	0.0
136.0	27.82306763285024	17.240338164251206	19.98792270531401	34.94867149758454	0.0
137.0	29.67565929069415	16.656562594725674	18.642012731130645	35.02576538344953	0.0
138.0	28.849665246500305	18.18320146074254	18.350578210590385	34.61655508216677	0.0
139.0	30.374331550802143	18.273491214667686	19.22077922077922	32.13139801375095	0.0
140.0	29.912563276576158	18.48443012732014	20.708697653014266	30.89430894308943	0.0
141.0	29.677618386549437	18.94184790991825	18.880148079592782	32.50038562393953	0.0
142.0	32.915506035283194	16.945218198700093	17.703497369235528	32.43577839678118	0.0
143.0	31.89802580444583	20.47256334525105	18.669361106793097	28.960049743510023	0.0
144.0	30.30728435501482	18.842614256746216	17.76633910466386	33.083762283575105	0.0
145.0	30.78972109056722	18.52083986211219	17.03227828267001	33.65716076465058	0.0
146.0	28.99212598425197	19.291338582677163	18.677165354330707	33.03937007874016	0.0
147.0	28.948616600790515	18.67193675889328	17.18577075098814	35.19367588932806	0.0
148.0	29.5284965867598	17.49484045086522	20.00317510715987	32.97348785521511	0.0
149.0	30.08454298931249	19.65225713829957	18.423991067155846	31.839208805232094	0.0
150.0	28.50056008961434	17.71483437349976	19.635141622659624	34.149463914226274	0.0
151.0	30.408228865316616	18.563162970106077	19.81677917068467	31.211828993892638	0.0
152.0	29.02652005174644	18.41849935316947	17.529107373868047	35.025873221216045	0.0
153.0	29.876462938881666	18.351755526657996	19.587126137841352	32.184655396618986	0.0
154.0	30.170157068062824	18.291884816753925	18.897251308900522	32.64070680628272	0.0
155.0	29.148866250410777	20.686822214919488	17.548471902727574	32.61583963194216	0.0
156.0	31.472919418758256	16.595112285336853	20.260898282694846	31.67107001321004	0.0
157.0	30.2553050397878	20.30835543766578	19.744694960212204	29.69164456233422	0.0
158.0	27.278786868855192	21.079820029995	18.3802699550075	33.26112314614231	0.0
159.0	33.21625689914701	15.370463288175278	19.719016557952834	31.69426325472487	0.0
160.0	26.785414216098136	18.484288354898336	21.845068055788943	32.885229373214585	0.0
161.0	29.090601757944555	16.463826910074374	20.385395537525355	34.060175794455716	0.0
162.0	30.898590113810094	18.141668082215052	20.50280278579922	30.456939018175643	0.0
163.0	27.981573110390716	18.29039413069442	19.757720525507594	33.97031223340727	0.0
164.0	27.553648068669528	17.407725321888414	19.2274678111588	35.81115879828326	0.0
165.0	28.94373489817052	15.947531929582325	21.28063513979979	33.82809803244736	0.0
166.0	26.14503816793893	19.44829979181124	20.92297015961138	33.483691880638446	0.0
167.0	27.844572225126328	17.947377591914968	20.282279142707786	33.925771040250915	0.0
168.0	30.373095112979502	17.358556664915046	19.600630583289544	32.66771763881591	0.0
169.0	27.367124252023935	17.986624428018303	21.189721928898276	33.45652939105948	0.0
170.0	27.931278781438184	17.375132837407016	18.614948636202623	36.07863974495218	0.0
171.0	30.288461538461537	16.007834757834758	18.18019943019943	35.52350427350427	0.0
172.0	28.067978533094813	19.803220035778175	17.38819320214669	34.74060822898032	0.0
173.0	30.084517173170294	17.2091350476533	18.19816579751843	34.50818198165798	0.0
174.0	31.443019685750407	18.638251760881346	18.602131117933897	31.31659743543435	0.0
175.0	28.955495004541326	17.00272479564033	20.653950953678475	33.38782924613987	0.0
176.0	28.730593607305938	16.949771689497716	18.301369863013697	36.01826484018265	0.0
177.0	26.865123116501287	19.42300624770305	21.150312385152517	32.561558250643145	0.0
178.0	26.601439911390067	19.734170204910466	20.657190326749124	33.00719955695034	0.0
179.0	26.797992938115595	18.04497305333581	22.07768072848913	33.07935328005947	0.0
180.0	28.43247287691732	16.4983164983165	19.696969696969695	35.37224092779648	0.0
181.0	28.386004514672685	18.340857787810382	19.337848006019563	33.93528969149737	0.0
182.0	30.29785619427054	17.928286852589643	18.800986530070197	32.97287042306963	0.0
183.0	30.734032411820785	20.13346043851287	19.370829361296472	29.761677788369877	0.0
184.0	31.7344589409056	20.318495778971606	17.478894858019952	30.46815042210284	0.0
185.0	28.673627223511218	19.74091260634184	19.624903325599384	31.960556844547565	0.0
186.0	29.680809653561695	17.516543402101988	20.338653172440637	32.46399377189568	0.0
187.0	29.492455418381347	22.339800117577894	17.401528512639626	30.766215951401136	0.0
188.0	29.625964773401943	18.305956857312488	18.36532752820107	33.70275084108451	0.0
189.0	29.81651376146789	18.268847227762265	20.04387714399681	31.870761866773034	0.0
190.0	31.864815932407964	17.702675518004426	17.581975457654394	32.850533091933215	0.0
191.0	29.70999797201379	18.211316163050093	17.886838369499085	34.19184749543703	0.0
192.0	31.686402613311554	18.517762351980398	19.29358922008983	30.502245814618213	0.0
193.0	30.645493916271395	18.95236131161064	19.364817488141885	31.03732728397608	0.0
194.0	30.23641642472003	18.643716300290336	19.99170468685193	31.1281625881377	0.0
195.0	30.023046302116068	20.09218520846428	18.856065367693276	31.028703121726377	0.0
196.0	30.48728813559322	20.614406779661017	17.733050847457626	31.16525423728814	0.0
197.0	28.893178893178895	20.634920634920633	19.862719862719864	30.60918060918061	0.0
198.0	28.453159041394336	21.30718954248366	18.30065359477124	31.93899782135076	0.0
199.0	28.64	21.279999999999998	18.011428571428574	32.06857142857143	0.0
200.0	24.399460188933872	18.51551956815115	22.13225371120108	34.952766531713905	0.0
201.0	31.386861313868614	17.633499807913946	19.439108720706876	31.540530157510567	0.0
202.0	30.510440835266824	17.904098994586235	20.5723124516628	31.013147718484145	0.0
203.0	29.871144084342056	20.343615775087855	18.4303006638032	31.354939476766887	0.0
204.0	31.878930817610062	19.221698113207548	21.61949685534591	27.27987421383648	0.0
205.0	29.383697813121273	16.262425447316105	25.009940357852884	29.34393638170974	0.0
206.0	29.95188452285485	21.65196471531676	20.248596631916598	28.14755412991179	0.0
207.0	28.779894608836642	19.335224969598702	19.983785974868262	31.901094446696394	0.0
208.0	28.289473684210524	17.722039473684212	22.491776315789476	31.49671052631579	0.0
209.0	27.416009954375774	18.374118622978017	20.44794690999585	33.76192451265035	0.0
210.0	28.03347280334728	17.364016736401673	22.13389121338912	32.46861924686193	0.0
211.0	29.391748192258614	17.86473840918758	21.52275627392599	31.220757124627816	0.0
212.0	25.817555938037867	16.867469879518072	23.407917383820998	33.90705679862307	0.0
213.0	28.104575163398692	20.697167755991288	18.344226579520697	32.854030501089326	0.0
214.0	31.230701367445963	22.187913542126157	18.217909131010146	28.363475959417734	0.0
215.0	25.613565372601517	19.63409192324855	19.67871485943775	35.07362784471218	0.0
216.0	31.43631436314363	16.71183378500452	20.957542908762424	30.89430894308943	0.0
217.0	24.908256880733944	20.55045871559633	24.86238532110092	29.678899082568805	0.0
218.0	25.366777094178893	20.82347373402745	18.69380028395646	35.1159488878372	0.0
219.0	22.315348349921425	24.515453116815085	24.934520691461497	28.234677841801993	0.0
220.0	13.668499607227021	23.802042419481538	21.916732128829537	40.6127258444619	0.0
