# Position (bp)	A	C	G	T	N
0.0	26.0564979748558	23.839873007729057	24.108029574353512	25.99559944306163	0.0
1.0	26.170515509534475	20.02731563370335	15.522418135637794	38.27975072112439	0.0
2.0	28.296299823503002	19.083198314917045	18.4182826112753	34.20221925030465	0.0
3.0	22.727028308851878	22.369847212450157	15.361129596242062	39.5419948824559	0.0
4.0	33.82809647113108	13.19107810540835	14.728753766788577	38.252071656672	0.0
5.0	34.21337329774058	14.935015803020427	23.099669489598565	27.75194140964042	0.0
6.0	30.527872883631396	17.32316252709695	21.28686436885531	30.862100220416348	0.0
7.0	34.95042149127664	16.978856793086237	20.110915463579726	27.959806252057394	0.0
8.0	22.695346454148694	26.79167924491093	22.457077215502867	28.055897085437504	0.0
9.0	27.58923790251014	18.64455133213088	15.826999334048333	37.939211431310646	0.0
10.0	26.084276259202344	16.59202837651906	25.0534448966713	32.27025046760729	0.0
11.0	28.073598277930905	17.883665525396424	19.65483717557611	34.38789902109656	0.0
12.0	25.952005591566834	19.60488131952482	21.24131721902225	33.20179586988609	0.0
13.0	26.497888751181343	20.755657934457613	18.66118116160781	34.085272152753234	0.0
14.0	30.63470579044215	18.33944989965216	20.063396247309267	30.96244806259642	0.0
15.0	29.826917038198925	18.351917531215538	19.9082761560481	31.912889274537438	0.0
16.0	29.666819375401047	17.45038925557526	18.71901580232006	34.16377556670363	0.0
17.0	30.31263320929541	17.914023971226033	19.617159329315374	32.15618349016318	0.0
18.0	30.922987771671114	17.54104742516387	18.743495973192033	32.79246882997298	0.0
19.0	29.76423756119095	18.17044001353141	20.050464042402464	32.01485838287518	0.0
20.0	29.638376109476994	17.73837732305634	19.761708006741433	32.861538560725236	0.0
21.0	29.18596700277758	18.1742893355198	19.543244762267392	33.096498899435225	0.0
22.0	29.5310312238796	19.133661732960967	22.262724379443785	29.072582663715647	0.0
23.0	29.7810096069975	20.015914955393374	20.974045330222523	29.2290301073866	0.0
24.0	32.22383105761923	19.233545001797616	18.191506992492496	30.351116948090663	0.0
25.0	29.261768306465193	21.143187951584252	19.3213304015279	30.27371334042266	0.0
26.0	31.8708785707676	16.72219424247619	21.605542720268446	29.80138446648776	0.0
27.0	26.01404035454721	21.071008423757636	25.01051452730326	27.904436694391897	0.0
28.0	26.235755612425233	19.58194656610139	18.56744163821076	35.61485618326262	0.0
29.0	27.629579934679093	19.98489283335887	17.538259985103313	34.84726724685873	0.0
30.0	26.49246398964673	18.933269711298873	16.196094406158622	38.37817189289577	0.0
31.0	33.964607773792316	14.350766827119891	18.297262255570786	33.38736314351701	0.0
32.0	33.8786580419247	15.677604144833582	22.482811796594966	27.960926016646752	0.0
33.0	30.985502159563993	17.82470970195092	20.500287616874825	30.689500521610263	0.0
34.0	33.479195633546865	16.539008383263603	21.64882359156882	28.332972391620714	0.0
35.0	26.277531719284386	20.49349199982459	25.139350821299843	28.08962545959118	0.0
