# Position (bp)	A	C	G	T	N
0.0	42.24595739602602	16.45086222328301	18.724267557730176	22.5789128229608	0.0
1.0	21.32331006503192	35.81528548415966	21.848338404629793	21.01306604617863	0.0
2.0	27.8309457290614	31.19538726743149	14.860607501634668	26.11305950187244	0.0
3.0	39.71976488749035	17.360327732589205	18.268716974410733	24.651190405509706	0.0
4.0	40.95684691636493	15.522051403810769	15.801032824835282	27.720068854989016	0.0
5.0	24.486646884272997	31.270029673590503	15.899109792284866	28.34421364985163	0.0
6.0	25.2714650210645	32.90215391918353	16.614252655313592	25.212128404438378	0.0
7.0	42.141162514828	17.194543297746144	15.604982206405694	25.059311981020166	0.0
8.0	41.251111769937744	16.65579602727542	15.57663800770827	26.516454195078566	0.0
9.0	24.748133222709495	31.350005926277113	16.196515349057723	27.70534550195567	0.0
10.0	22.98673614400758	14.252723827569872	17.39104689720512	45.36949313121743	0.0
11.0	22.911242603550296	15.970414201183432	17.005917159763314	44.11242603550296	0.0
12.0	23.761381104410546	15.24772377911789	17.328840014189428	43.66205510228213	0.0
13.0	24.6161115048429	30.79966926529648	17.93645168910938	26.64776754075124	0.0
14.0	24.182505017117222	15.682918191476801	33.12477865659309	27.00979813481289	0.0
15.0	37.051886792452834	18.21933962264151	17.258254716981135	27.470518867924525	0.0
16.0	23.074202864383803	16.655861377968996	16.862144162197207	43.40779159544999	0.0
17.0	25.200235571260304	30.117785630153122	16.861012956419316	27.820965842167254	0.0
18.0	22.78719397363465	17.590630885122412	16.990348399246706	42.63182674199623	0.0
19.0	24.316216693135697	32.83336274336804	16.204929121816363	26.6454914416799	0.0
20.0	23.471667058546906	16.600047025628967	16.888079003056667	43.04020691276746	0.0
21.0	24.43035001174536	16.079398637538173	18.55179704016913	40.938454310547336	0.0
22.0	24.454097205916884	15.555294670110353	32.60741958206152	27.383188541911245	0.0
23.0	23.534244967427668	17.06086037913023	16.89066259757028	42.51423205587182	0.0
24.0	40.695764402205796	14.595799601079431	16.725331456060072	27.983104540654697	0.0
25.0	25.775432424508942	15.772500732922898	30.067428906479037	28.384637936089124	0.0
26.0	41.52204502814259	14.950750469043154	14.962476547842401	28.564727954971858	0.0
27.0	24.4021101992966	16.46541617819461	14.4841735052755	44.64830011723329	0.0
28.0	23.63487227560347	31.239746894773845	13.651277243965316	31.47410358565737	0.0
29.0	25.773014757554463	13.510189739985945	15.272897634106346	45.44389786835325	0.0
30.0	24.884143837625388	15.838563970200035	29.354138558104065	29.92315363407051	0.0
31.0	26.59974169308442	13.514148174239757	15.686274509803921	44.1998356228719	0.0
32.0	25.229088345864664	16.03031015037594	15.137453007518797	43.6031484962406	0.0
33.0	25.56143445032334	31.410934744268076	14.891240446796003	28.13639035861258	0.0
34.0	26.325046904315197	15.325984990619137	17.419090056285178	40.92987804878049	0.0
35.0	24.310041103934232	30.98062243100411	15.713446858485025	28.99588960657663	0.0
36.0	25.476959201643673	14.147343704138537	16.06105077781039	44.3146463164074	0.0
37.0	41.777359821323614	16.874338779828378	15.645938638768072	25.702362760079932	0.0
38.0	40.21994824747118	17.39002587626441	14.690661020936249	27.699364855328156	0.0
39.0	41.58724555830098	16.14895870102365	14.619366984351101	27.644428756324274	0.0
40.0	24.257980763556972	31.515902519619992	16.675517790759425	27.550598926063607	0.0
41.0	25.691816461684013	13.540681173131505	33.964049195837276	26.803453169347208	0.0
42.0	42.17067108533554	14.95443247721624	16.66469404663274	26.21020239081548	0.0
43.0	42.47966272786652	16.881420343210024	15.396947924707561	25.241969004215903	0.0
44.0	27.24290145549988	31.078501550942494	13.791457885946077	27.887139107611546	0.0
45.0	31.03401452916016	16.450539751510625	17.333152284608595	35.18229343472062	0.0
46.0	30.073929418328916	17.080485423350535	18.112707490584462	34.73287766773608	0.0
47.0	30.24634714477306	17.738406155149292	19.220724218253686	32.794522481823954	0.0
48.0	28.0096194652709	18.65186023482812	18.206252652426087	35.13226764747489	0.0
49.0	29.17169422954078	18.51089502448719	19.071616154446733	33.2457945915253	0.0
50.0	28.479079349293173	21.84414292818072	17.93706045322157	31.739717269304542	0.0
51.0	29.619623178101673	19.11837895485247	18.108780661215786	33.153217205830074	0.0
52.0	29.401721562210998	17.699366863484382	19.769509852742406	33.12940172156221	0.0
53.0	30.39020222158929	19.574195385929936	19.41042438051837	30.625178011962404	0.0
54.0	27.825281459313096	22.459740629898818	19.331623200798063	30.383354709990023	0.0
55.0	29.414282656773917	18.60597845473354	19.390739815937792	32.588999072554756	0.0
56.0	27.897179578721886	19.28596929667976	19.85005355230275	32.96679757229561	0.0
57.0	30.809343524537468	17.522680191442248	19.47281948710622	32.19515679691406	0.0
58.0	30.01000571755289	18.389079473985134	19.411092052601486	32.18982275586049	0.0
59.0	27.903652347937964	18.283182045600743	21.042098491887643	32.771067114573654	0.0
60.0	28.664425209242435	17.51198225910294	20.05150583017383	33.77208670148079	0.0
61.0	30.626566416040102	17.45076978159685	20.16469745793054	31.75796634443251	0.0
62.0	28.312432819777854	19.677534933715517	20.20064493013257	31.80938731637406	0.0
63.0	33.648881239242684	17.175846242111305	19.5281124497992	29.647160068846816	0.0
64.0	28.035304247990815	18.57060849598163	22.474167623421355	30.919919632606202	0.0
65.0	30.29280895650926	18.824458159896658	19.958375197358976	30.92435768623511	0.0
66.0	29.507608383577377	16.80304335343095	20.872810795291414	32.81653746770026	0.0
67.0	28.89671024278121	17.870995546616868	19.645165924436146	33.58712828616578	0.0
68.0	26.70499461013295	19.76284584980237	20.53898670499461	32.99317283507007	0.0
69.0	27.45774901114707	19.590075512405612	20.726357425386553	32.22581805106077	0.0
70.0	26.521801698086055	19.794214994963305	21.038998417038425	32.644984889912216	0.0
71.0	28.933352526270333	19.418454008924716	19.533611630919822	32.11458183388513	0.0
72.0	28.793550244745177	19.399654477397064	20.393031960840773	31.41376331701699	0.0
73.0	29.101253060636612	18.623073599308658	20.473858562581018	31.801814777473712	0.0
74.0	30.10009361273133	17.94484049830777	21.228487074242096	30.726578814718803	0.0
75.0	29.265479708786852	18.72702371513011	21.523823253802348	30.48367332228069	0.0
76.0	29.803186504217432	19.046932448994305	18.686468171004254	32.46341287578401	0.0
77.0	29.189501009518317	19.988462647822324	18.64724545716758	32.174790885491774	0.0
78.0	28.99826789838337	18.887124711316396	19.255196304849882	32.85941108545035	0.0
79.0	29.106524249422634	19.17580831408776	18.34584295612009	33.37182448036952	0.0
80.0	29.327166293271663	17.46765917467659	19.989882199898823	33.21529233215293	0.0
81.0	25.929139551699205	18.373101952277658	19.37816341287057	36.319595083152564	0.0
82.0	29.226651233451495	17.42024162627505	21.00846415394632	32.34464298632714	0.0
83.0	30.098422347662467	18.28050369083804	20.400926327978	31.220147633521496	0.0
84.0	27.92532021130328	17.881178088139517	20.761270714234026	33.432230986323184	0.0
85.0	30.249728555917482	16.438653637350704	20.868621064060804	32.442996742671006	0.0
86.0	29.90078934028532	17.73481063074806	21.522195669490912	30.842204359475705	0.0
87.0	31.94494748279609	17.768924302788843	21.60086925027164	28.68525896414343	0.0
88.0	31.81422982176496	18.968265468772643	17.917693087958266	31.29981162150413	0.0
89.0	31.192461036607465	17.151141718013776	18.37622326930047	33.28017397607829	0.0
90.0	29.788160185722578	16.729541497388276	19.566163668020895	33.91613464886825	0.0
91.0	28.30708947101081	19.976779624120166	17.241129090777157	34.47500181409187	0.0
92.0	28.71035633935699	18.30321503737572	18.150809202409462	34.835619420857824	0.0
93.0	31.82280319535222	17.10965867828613	19.54974582425563	31.51779230210603	0.0
94.0	29.68182478570391	16.933023390963243	20.027604242336192	33.35754758099666	0.0
95.0	30.03705587444598	16.726004504831796	20.344401656615563	32.89253796410666	0.0
96.0	28.935891844744877	16.979212094781218	20.046518389300772	34.03837767117314	0.0
97.0	29.78398428976653	17.87039057385992	20.40875700050913	31.936868135864426	0.0
98.0	30.69537387256328	19.03549607215595	18.6572592377073	31.611870817573468	0.0
99.0	29.911980795809995	18.9350403724449	19.72066632719866	31.432312504546445	0.0
100.0	31.322573577740453	16.212663404659313	19.637771123931934	32.8269918936683	0.0
101.0	31.946682290903766	18.675845905961623	19.01274351838289	30.36472828475172	0.0
102.0	30.77883908890522	16.612784717119766	20.337986774430565	32.27038941954446	0.0
103.0	27.894814378314674	19.659693576900413	19.762816735415438	32.68267530936947	0.0
104.0	28.523936170212767	17.641843971631204	19.673463356973993	34.160756501182036	0.0
105.0	29.47976878612717	17.96353935082259	20.060767748629022	32.49592411442123	0.0
106.0	31.349383266458613	19.044434537078317	17.669787486996583	31.936394709466487	0.0
107.0	29.97912939773405	19.059332140727488	18.85062611806798	32.11091234347048	0.0
108.0	32.7849237212085	18.35925815136105	17.050553395154054	31.8052647322764	0.0
109.0	29.956508698260347	17.321535692861428	19.818536292741452	32.90341931613677	0.0
110.0	26.986518038713562	19.115764103336595	20.810424041575658	33.08729381637418	0.0
111.0	30.930794802055	18.139921426412815	19.794499848896947	31.13478392263524	0.0
112.0	28.28902522154056	18.412482011664018	19.828826781792017	33.46966598500341	0.0
113.0	28.876558224384315	18.71389480085132	17.809364548494983	34.600182426269384	0.0
114.0	31.840682354733076	16.1906937780824	19.343538192064578	32.62508567511995	0.0
115.0	26.342320323837164	20.033605743527076	19.82738868097457	33.79668525166119	0.0
116.0	30.507695841948077	17.8803890037522	18.002909870587334	33.609005283712385	0.0
117.0	30.01381003529231	18.71259782108332	19.725333742519563	31.5482584011048	0.0
118.0	29.223076923076924	16.538461538461537	20.607692307692307	33.63076923076923	0.0
119.0	25.621237845346506	19.42429387251119	23.969748417965736	30.98471986417657	0.0
120.0	26.38953398358879	20.606905093667752	20.97847964081127	32.02508128193219	0.0
121.0	30.677755324110056	18.809264728742424	18.56831960205192	31.9446603450956	0.0
122.0	26.81063381928744	17.790597957433537	20.207375068215484	35.19139315506354	0.0
123.0	30.194881427565157	16.991469045941926	19.47248962980355	33.34115989668936	0.0
124.0	30.8218101822753	18.015399120050283	19.374607165304838	31.78818353236958	0.0
125.0	28.011976991568826	18.083681348987472	19.415333701047988	34.48900795839571	0.0
126.0	30.832476875642346	18.380899675863706	17.914459641078345	32.8721638074156	0.0
127.0	29.57556525188417	17.493058310194368	20.634668782229273	32.29670765569219	0.0
128.0	29.40239043824701	17.752988047808767	19.745019920318725	33.0996015936255	0.0
129.0	31.5136476426799	17.52181221484031	18.354278395901705	32.61026174657808	0.0
130.0	30.178513991637185	18.438404631714377	17.722740431006752	33.660340945641686	0.0
131.0	31.05870952111766	18.72728741015909	19.833642897520797	30.380360171202454	0.0
132.0	29.05082272837805	17.273243089892194	22.152873470049446	31.523060711680312	0.0
133.0	29.357648782870633	20.125376536676708	18.91231783766181	31.604656842790853	0.0
134.0	27.193915105913142	20.740983070254355	18.549112619612334	33.51598920422017	0.0
135.0	29.208042675420597	16.725482150184654	20.77144029544522	33.29503487894952	0.0
136.0	27.57825370675453	17.47116968698517	19.233937397034595	35.7166392092257	0.0
137.0	29.2396694214876	17.074380165289256	19.223140495867767	34.46280991735537	0.0
138.0	28.43747406854203	17.45913202223882	19.234918264044477	34.86847564517468	0.0
139.0	29.75764137586408	18.09777629715999	19.188806529524445	32.95577579745149	0.0
140.0	28.945387639039893	18.63343648072259	21.008614200886512	31.412561679351008	0.0
141.0	30.697557290355075	18.307731050113322	19.75153193989759	31.24317971963401	0.0
142.0	32.162116616110545	17.146949780923492	18.975396022918773	31.715537580047187	0.0
143.0	32.61108760050783	19.500634786288614	18.848920863309353	29.039356749894203	0.0
144.0	31.70462270564242	17.513596193065943	17.58157715839565	33.20020394289599	0.0
145.0	30.755441741357238	17.92573623559539	18.659837814767393	32.65898420827998	0.0
146.0	28.742925741725262	19.610701423426512	18.667466986794718	32.97890584805351	0.0
147.0	29.19142340480496	18.40179109618531	18.85817618186515	33.54860931714458	0.0
148.0	28.96557688981145	18.94135962636222	19.122989102231447	32.97007438159488	0.0
149.0	30.155422419032735	19.571068854736478	17.860553963705826	32.41295476252496	0.0
150.0	28.64864864864865	17.881429816913688	19.16303400174368	34.306887532693985	0.0
151.0	28.956582633053223	18.74124649859944	20.885854341736696	31.416316526610643	0.0
152.0	29.26228787479117	18.561505319616636	17.128286292095314	35.04792051349688	0.0
153.0	29.645665812494475	18.087832464434037	20.270389679243618	31.996112043827868	0.0
154.0	30.077257792380784	17.156558032146346	20.220229109315333	32.54595506615753	0.0
155.0	29.794459338695262	19.490616621983914	17.74798927613941	32.96693476318141	0.0
156.0	30.902559497081278	17.117198024247866	19.856308935788057	32.1239335428828	0.0
157.0	30.787977254264824	18.07924902969582	19.875440021662605	31.257333694376747	0.0
158.0	28.062380995557167	20.690905793816302	19.24018496690543	32.0065282437211	0.0
159.0	33.67989056087551	15.67715458276334	19.799361605107162	30.843593251253992	0.0
160.0	27.83278327832783	18.610194352768612	21.26879354602127	32.28822882288229	0.0
161.0	28.831982313927785	17.82424465733235	20.82719233603537	32.516580692704494	0.0
162.0	30.271321418649876	18.168348921196404	19.974071673303083	31.586257986850637	0.0
163.0	29.464368886818814	18.16488122962273	19.534233814625058	32.8365160689334	0.0
164.0	28.95575553055868	17.63217097862767	19.88188976377953	33.53018372703412	0.0
165.0	28.879472693032014	17.250470809792844	21.11111111111111	32.75894538606403	0.0
166.0	27.233156699470097	18.224829674489023	21.31907645722937	33.222937168811505	0.0
167.0	28.265626486537915	18.323660926648273	21.434687470269242	31.97602511654457	0.0
168.0	28.926726611823227	17.973981251195713	19.475798737325427	33.623493399655636	0.0
169.0	27.348783536878546	17.857486296759305	21.069333589768245	33.724396576593904	0.0
170.0	28.688841616708565	17.72384451750145	18.67143685940824	34.91587700638175	0.0
171.0	30.004866180048662	17.498783454987834	18.228710462287104	34.2676399026764	0.0
172.0	28.937585599686948	19.22324398356486	18.32322441792213	33.51594599882606	0.0
173.0	29.43203071168422	17.167044000393737	19.09636775273157	34.30455753519047	0.0
174.0	30.07533703409992	18.804520222045994	19.141554321966694	31.978588421887387	0.0
175.0	28.550044905698037	17.17393473705219	20.906097195888634	33.36992316136114	0.0
176.0	28.686300130666396	17.529399939692432	17.398733541059404	36.38556638858177	0.0
177.0	27.91097622660597	19.453717754172988	19.989883662114313	32.64542235710673	0.0
178.0	27.497708524289642	19.788165800998065	19.696506772583767	33.017618902128525	0.0
179.0	29.283297446939404	17.276735363477904	20.89613452271096	32.54383266687173	0.0
180.0	30.43568036341111	16.095395416064424	19.935990088787943	33.532934131736525	0.0
181.0	28.936700966635488	18.418043862384366	18.459619582164017	34.18563558881613	0.0
182.0	30.601551037518337	17.962691259693987	18.66485013623978	32.77090756654789	0.0
183.0	30.978777320240734	20.00844683771513	18.66751135043818	30.345264491605956	0.0
184.0	32.201043552337346	19.19923330848685	17.229262059418595	31.370461079757217	0.0
185.0	28.284886839000322	20.047195108870536	20.991097286281242	30.6768207658479	0.0
186.0	29.561925365062198	18.171984856679284	20.789616008653326	31.47647376960519	0.0
187.0	30.33046133711419	21.430908496019196	17.864543570727452	30.374086596139165	0.0
188.0	30.180776014109345	17.438271604938272	18.661816578483243	33.71913580246913	0.0
189.0	29.86853832442068	19.318181818181817	19.79723707664884	31.016042780748666	0.0
190.0	30.96389607468226	18.11944663142504	18.153188617703293	32.763468676189405	0.0
191.0	28.23422605537903	18.40671811166591	18.940081706763504	34.41897412619156	0.0
192.0	31.328751431844214	17.697594501718214	18.854524627720505	32.11912943871707	0.0
193.0	30.47398843930636	17.803468208092486	19.179190751445084	32.543352601156066	0.0
194.0	28.613053613053612	19.184149184149184	21.153846153846153	31.04895104895105	0.0
195.0	30.116648992576884	20.560857782490867	19.2294096854012	30.093083539531047	0.0
196.0	30.42287075640262	19.85705777248362	17.689100655151876	32.030970815961886	0.0
197.0	28.97049969897652	19.9157134256472	20.24081878386514	30.872968091511137	0.0
198.0	28.802946593001842	21.36279926335175	19.558011049723756	30.276243093922652	0.0
199.0	29.182829066459785	21.334367726920092	19.097491595552107	30.385311611068012	0.0
200.0	23.028485757121437	18.48575712143928	22.51874062968516	35.96701649175412	0.0
201.0	31.15806919411643	18.06505075616325	18.665837994613632	32.111042055106694	0.0
202.0	32.51252086811352	17.153589315525878	20.49248747913189	29.84140233722871	0.0
203.0	30.990953082263832	19.335156743109614	19.713864927414264	29.960025247212286	0.0
204.0	31.991525423728813	17.478813559322035	22.521186440677965	28.008474576271187	0.0
205.0	29.61858086511826	16.535265288727892	23.183464734711272	30.662689111442575	0.0
206.0	29.96777658431794	20.988184747583244	20.429645542427497	28.614393125671324	0.0
207.0	29.09090909090909	19.696969696969695	20.324675324675326	30.887445887445885	0.0
208.0	28.677595628415304	16.96174863387978	21.92349726775956	32.43715846994535	0.0
209.0	27.210433244916004	19.00972590627763	20.07073386383731	33.709106984969054	0.0
210.0	28.832849810310197	17.763891988395446	19.928587368890874	33.47467083240348	0.0
211.0	29.86251972053189	19.17962587333784	21.16294793779581	29.79490646833446	0.0
212.0	25.924235508900047	17.685988133272478	21.793701506161568	34.596074851665904	0.0
213.0	28.29403606102635	19.57928802588997	18.49283402681461	33.633841886269074	0.0
214.0	29.717091419219077	22.70282908580781	20.130932896890343	27.44914659808277	0.0
215.0	28.36595142655034	18.957792973355343	18.887054939872673	33.789200660221645	0.0
216.0	30.912121933793763	17.670874017623245	21.19552274351036	30.221481305072633	0.0
217.0	25.284022238336963	20.32874063330916	24.75223591974861	29.63500120860527	0.0
218.0	25.753424657534246	18.929016189290163	19.701120797011207	35.61643835616438	0.0
219.0	21.7152281473337	23.254535459043428	24.821330401319404	30.208905992303464	0.0
220.0	12.563025210084033	24.243697478991596	20.546218487394956	42.64705882352941	0.0
