# Position (bp)	A	C	G	T	N
0.0	54.224975964106406	13.962183527400917	15.682085247302638	16.130755261190043	0.0
1.0	17.36993910906954	51.62909945518641	15.842324537976712	15.158636897767334	0.0
2.0	20.072525597269625	48.229522184300336	12.563993174061434	19.133959044368602	0.0
3.0	54.15601023017903	14.279624893435635	13.37382779198636	18.19053708439898	0.0
4.0	55.21243744010222	13.619422851666489	12.437440102225535	18.73069960600575	0.0
5.0	19.150973507819984	48.494520693690816	12.735397382700286	19.619108415788915	0.0
6.0	19.128123338649655	47.15576820839979	14.790005316321105	18.92610313662945	0.0
7.0	55.210878572187404	12.812068416020397	13.44948475512589	18.527568256666314	0.0
8.0	53.408366956891065	15.332342323210874	11.339987258441282	19.919303461456785	0.0
9.0	18.176033934252388	46.61717921527042	12.523860021208908	22.682926829268293	0.0
10.0	15.782788186725943	12.63893299460146	13.432835820895523	58.145442997777074	0.0
11.0	16.522290302133953	13.469258398478768	12.085358123811536	57.923093175575744	0.0
12.0	17.28538283062645	12.360261548196583	13.414891373128032	56.939464248048935	0.0
13.0	19.536598209583993	46.582411795681935	14.607688256977355	19.273301737756714	0.0
14.0	19.12769311613242	12.538097740409878	47.67209668943773	20.66211245401997	0.0
15.0	51.461191997486125	14.30815963129779	15.533675500157118	18.69697287105897	0.0
16.0	17.73502039109066	15.549513750914985	13.656802258705428	53.05866359928893	0.0
17.0	19.56135770234987	46.872062663185375	12.678851174934728	20.887728459530024	0.0
18.0	16.762222453872617	15.448764724278119	13.541123736057543	54.247889085791726	0.0
19.0	18.896408120770435	48.01665799062988	13.138990109318064	19.947943779281623	0.0
20.0	18.409563409563408	13.866943866943867	13.950103950103951	53.773388773388774	0.0
21.0	17.389950166112957	14.503737541528238	15.573089700996679	52.533222591362126	0.0
22.0	17.728732773805824	12.433944668946223	46.803440058025075	23.03388249922288	0.0
23.0	19.24071583738492	13.30298955208441	13.468501086169443	53.98779352436123	0.0
24.0	52.35931853381518	12.1115126484254	14.011357769747033	21.51781104801239	0.0
25.0	18.29243142916065	13.312023097545886	44.91647762425242	23.479067849041037	0.0
26.0	54.77588871715611	11.602266872746007	13.06543019062339	20.556414219474497	0.0
27.0	17.718521569031196	17.399361680222384	10.017502316483064	54.86461443426336	0.0
28.0	19.09754342686813	45.44146366533045	10.926097235070408	24.53489567273101	0.0
29.0	20.831622176591374	10.574948665297741	14.168377823408623	54.42505133470226	0.0
30.0	20.88171822012126	12.557804953242217	44.630562121056414	21.929914705580106	0.0
31.0	20.92304522509529	12.290099927887093	12.65066446893994	54.13619037807768	0.0
32.0	19.942166683878963	12.413508210265414	12.06237736238769	55.58194774346793	0.0
33.0	20.8786654232722	47.67381618485131	11.263081545953787	20.1844368459227	0.0
34.0	23.62033195020747	11.421161825726141	11.846473029045642	53.11203319502075	0.0
35.0	20.966565982710133	44.91198833454849	12.540360379127174	21.581085303614206	0.0
36.0	20.303030303030305	13.563218390804598	13.009404388714735	53.12434691745036	0.0
37.0	52.56033578174186	13.746065057712487	13.35781741867786	20.335781741867788	0.0
38.0	52.80580075662043	14.186633039092056	11.92728036990332	21.080285834384192	0.0
39.0	54.181129693909746	12.93783527926791	12.296202797938362	20.584832228883982	0.0
40.0	18.069572686278722	44.83573115739747	14.3225252308353	22.77217092548851	0.0
41.0	20.416082785383203	12.180661851891776	47.06262800474291	20.340627357982104	0.0
42.0	54.740820734341256	12.958963282937367	12.213822894168466	20.086393088552914	0.0
43.0	54.49978156400175	13.936216688510267	11.314984709480122	20.249017038007864	0.0
44.0	21.67639607886331	45.82002423174358	11.421962771230312	21.081616918162794	0.0
45.0	30.304373522458626	14.849290780141844	16.11997635933806	38.726359338061464	0.0
46.0	30.894980184940557	16.760237780713343	19.88110964332893	32.46367239101717	0.0
47.0	32.61809713905522	18.263473053892216	18.28010645375915	30.83832335329341	0.0
48.0	28.354472630173568	20.076769025367156	17.75700934579439	33.81174899866489	0.0
49.0	28.95617263298762	18.367346938775512	17.815322850451658	34.861157577785214	0.0
50.0	26.51349991614959	23.79674660405836	19.87254737548214	29.81720610430991	0.0
51.0	32.225020990764065	18.690176322418136	16.70864819479429	32.37615449202351	0.0
52.0	28.388617612392657	19.02677218386934	20.676881629904024	31.907728573833978	0.0
53.0	29.707325325664012	19.286076805955	20.21654542378616	30.790052444594824	0.0
54.0	28.491525423728813	22.52542372881356	19.71186440677966	29.271186440677965	0.0
55.0	29.631516386483277	19.612837493632195	18.4751231108847	32.28052300899983	0.0
56.0	27.859087814840027	19.673247106875426	20.60925799863853	31.858407079646017	0.0
57.0	31.349138666211836	19.119904485758145	19.887429643527206	29.643527204502814	0.0
58.0	28.35130970724191	22.975517890772128	19.294641328539633	29.37853107344633	0.0
59.0	27.179311525946225	20.928241137181026	20.722726494262716	31.169720842610037	0.0
60.0	29.195205479452053	17.15753424657534	20.136986301369863	33.51027397260274	0.0
61.0	30.680646270195943	18.59745617050533	21.038157442420076	29.683740116878653	0.0
62.0	31.042204995693368	19.896640826873384	19.000861326442724	30.06029285099053	0.0
63.0	30.564669314453464	19.47850112243136	20.63546883094457	29.32136073217061	0.0
64.0	26.35216865387939	20.42509072058061	22.32590288577847	30.896837739761533	0.0
65.0	28.628265006054317	19.25272444213804	19.719771665801762	32.39923888600588	0.0
66.0	27.44113573407202	16.308864265927976	24.896121883656512	31.35387811634349	0.0
67.0	30.02433936022253	17.97635605006954	17.732962447844226	34.266342141863696	0.0
68.0	26.823734729493893	19.26701570680628	20.593368237347295	33.31588132635253	0.0
69.0	29.44269190325973	20.57483350858745	20.25937609533824	29.723098492814582	0.0
70.0	27.515833919774806	19.950738916256157	22.51935256861365	30.014074595355382	0.0
71.0	28.131055134754273	21.73683283424344	20.662321648758148	29.469790382244142	0.0
72.0	28.475770925110133	19.78854625550661	20.475770925110133	31.25991189427313	0.0
73.0	29.76883712722781	17.68131286394918	20.857596611964002	31.69225339685901	0.0
74.0	31.49327671620665	17.710544939844304	21.656050955414013	29.14012738853503	0.0
75.0	31.40627770881362	20.269551338889872	19.61340663238163	28.710764319914876	0.0
76.0	28.52820786616836	22.01459334401139	18.22388325324791	31.23331553657234	0.0
77.0	28.553593722133048	19.22596754057428	17.442482611021937	34.77795612627073	0.0
78.0	28.07864164432529	17.890974084003574	21.823056300268096	32.20732797140304	0.0
79.0	29.198781143574116	19.69887076537014	19.394156658899444	31.7081914321563	0.0
80.0	28.341096381225366	18.774632748118954	19.724113221067718	33.160157649587966	0.0
81.0	26.396121386245287	19.393068773567965	20.901418567067694	33.309391273119054	0.0
82.0	31.398274622573684	16.94823867721064	21.71099928109274	29.942487419122934	0.0
83.0	31.997123854035593	17.832104979327703	21.445263347114864	28.72550781952184	0.0
84.0	28.329733621310293	19.51043916486681	19.708423326133907	32.45140388768898	0.0
85.0	29.216323582520765	18.779342723004692	22.679667750090285	29.324665944384254	0.0
86.0	28.222302679217957	20.365677045619115	23.40695148443157	28.005068790731354	0.0
87.0	29.52605774468858	19.484292718358454	21.318322135463955	29.671327401489012	0.0
88.0	32.10123816460306	18.84559359067735	18.026219956300075	31.02694828841952	0.0
89.0	32.222829055161114	16.038594574913525	18.004733296923355	33.733843073002	0.0
90.0	28.87067395264117	16.193078324225866	22.02185792349727	32.9143897996357	0.0
91.0	28.24023366192041	19.696969696969695	18.96677619569186	33.096020445418034	0.0
92.0	28.602779809802488	17.90416971470373	19.056327724945135	34.43672275054865	0.0
93.0	30.474619754443832	17.940260216236027	20.579072750595564	31.006047278724573	0.0
94.0	30.321987120515182	17.000919963201472	19.411223551057958	33.26586936522539	0.0
95.0	29.626893239748796	17.103804950129295	20.92722571111932	32.34207609900259	0.0
96.0	31.048536494998146	15.320489070025936	19.32197110040756	34.30900333456836	0.0
97.0	28.47608453837597	18.261030774935115	19.762699295513535	33.50018539117538	0.0
98.0	29.988851727982162	20.252694165737644	17.3355629877369	32.42289111854329	0.0
99.0	27.142057121523237	20.34720925891357	20.34720925891357	32.16352436064962	0.0
100.0	31.345794392523363	17.682242990654206	18.766355140186917	32.205607476635514	0.0
101.0	30.861423220973784	20.262172284644194	19.138576779026216	29.73782771535581	0.0
102.0	28.981429375351713	16.525980116300882	19.208403676608516	35.284186831738886	0.0
103.0	28.617181612660136	20.440844009042955	19.536548605877922	31.405425772418987	0.0
104.0	27.902586369643195	18.180101944496883	20.351142155937325	33.5661695299226	0.0
105.0	28.37684449489217	18.047673098751417	19.958380628074156	33.617101778282255	0.0
106.0	29.099526066350712	19.86729857819905	19.86729857819905	31.165876777251185	0.0
107.0	30.10262257696693	19.859369061193462	19.859369061193462	30.178639300646143	0.0
108.0	32.46133282413596	17.834638151613518	18.57933931640252	31.124689707848002	0.0
109.0	28.527666092284125	19.816197587593336	20.10338885697875	31.55274746314379	0.0
110.0	25.143733231123033	17.976236105787656	22.518206209275586	34.361824453813725	0.0
111.0	27.3407521105142	20.874904067536455	20.70222563315426	31.08211818879509	0.0
112.0	27.192307692307693	19.442307692307693	19.5	33.86538461538461	0.0
113.0	29.364161849710985	16.127167630057805	20.828516377649326	33.680154142581884	0.0
114.0	31.124420401854714	16.537867078825347	21.676970633693973	30.660741885625963	0.0
115.0	27.65503875968992	19.941860465116278	19.53488372093023	32.86821705426357	0.0
116.0	31.58098933074685	18.215324927255093	19.26285160038797	30.940834141610086	0.0
117.0	27.15977480100951	19.801980198019802	19.0254319549602	34.01281304601048	0.0
118.0	28.57699046135877	17.364220362079035	21.627408993576015	32.43138018298618	0.0
119.0	22.881686841077702	19.914096056228036	25.536899648574774	31.667317454119488	0.0
120.0	25.671173819321968	20.77209484616892	22.966882226141486	30.589849108367627	0.0
121.0	26.775526264017312	19.49636041707653	19.929175683651387	33.798937635254774	0.0
122.0	25.581854043392504	18.323471400394478	20.78895463510848	35.30571992110454	0.0
123.0	28.90995260663507	17.654028436018958	20.24091627172196	33.195102685624015	0.0
124.0	29.950445986124873	17.086223984142716	20.713577799801783	32.24975222993062	0.0
125.0	26.00754417311892	18.642048838594402	22.771490966845345	32.57891602144134	0.0
126.0	29.318226992645595	19.936394354999006	19.181077320612204	31.564301331743195	0.0
127.0	29.279458598726116	19.506369426751593	21.97452229299363	29.23964968152866	0.0
128.0	31.127939418094858	19.96811478676764	18.89198884017537	30.011956954962137	0.0
129.0	31.262485017978424	18.677586895725128	21.274470635237716	28.785457451058726	0.0
130.0	30.424339471577262	18.67493995196157	18.174539631705365	32.726180944755804	0.0
131.0	30.527159751453198	21.286831028262178	18.220084185207455	29.965925035077166	0.0
132.0	28.588661037394452	18.717330116606355	21.612384398874145	31.08162444712505	0.0
133.0	28.136958710976838	20.080563947633433	20.402819738167167	31.37965760322256	0.0
134.0	28.796445880452342	21.18336025848142	19.24474959612278	30.77544426494346	0.0
135.0	29.075425790754256	16.686942416869424	20.397404703974047	33.84022708840227	0.0
136.0	27.677301361511887	17.049380207274943	20.178825441983335	35.09449298922983	0.0
137.0	29.369773607995104	16.92841117683051	19.946971242096676	33.75484397307771	0.0
138.0	29.40094050296463	18.830505009200575	19.68922510734001	32.079329380494784	0.0
139.0	31.10655737704918	18.729508196721312	20.245901639344265	29.918032786885245	0.0
140.0	30.72499486547546	16.943930991990143	20.27110289587184	32.05997124666256	0.0
141.0	33.477366255144034	18.25102880658436	19.48559670781893	28.786008230452676	0.0
142.0	32.01320132013201	18.0486798679868	17.945544554455445	31.992574257425744	0.0
143.0	33.18153591388946	19.02297660939764	18.836679776443802	28.958807700269094	0.0
144.0	30.230625389569916	19.322667774776647	18.72013297319759	31.726573862455847	0.0
145.0	31.335830212234704	20.411985018726593	18.352059925093634	29.90012484394507	0.0
146.0	29.625	21.208333333333336	17.416666666666668	31.75	0.0
147.0	29.730857500521594	18.088879616106823	20.44648445649906	31.733778426872522	0.0
148.0	27.041135936521194	20.77678012111088	19.96241386510754	32.21967007726039	0.0
149.0	31.367628607277293	19.259723964868254	18.48598912588875	30.886658301965703	0.0
150.0	28.335078534031418	16.837696335078533	20.858638743455497	33.968586387434556	0.0
151.0	28.055438891222174	18.941621167576645	19.508609827803443	33.49433011339773	0.0
152.0	25.743200506008858	19.565675732658654	19.58675943495678	35.10436432637571	0.0
153.0	28.562367864693446	17.167019027484145	19.19661733615222	35.07399577167019	0.0
154.0	30.400678397286413	15.85753656985372	21.242315030739878	32.49947000211999	0.0
155.0	29.844713890661563	18.655605190385025	19.995745586045523	31.50393533290789	0.0
156.0	31.25	16.830204778156997	20.179180887372013	31.74061433447099	0.0
157.0	31.266039349871683	17.34388366124893	20.872540633019675	30.517536355859708	0.0
158.0	28.270676691729324	20.558539205155746	19.484425349087005	31.68635875402793	0.0
159.0	32.213608957795	15.460809646856157	20.887166236003445	31.43841515934539	0.0
160.0	28.846153846153843	17.91270527225583	24.200518582541054	29.040622299049268	0.0
161.0	29.020372778500214	17.598612917208495	23.255309926311227	30.12570437798006	0.0
162.0	30.004342162396874	18.562744246634825	19.518019973947027	31.914893617021278	0.0
163.0	29.39512619669278	18.51610095735422	19.756309834638817	32.33246301131419	0.0
164.0	30.334134090412757	16.422799737934046	21.773312950425858	31.469753221227343	0.0
165.0	29.82264068316181	16.465951390409458	22.96912634114298	30.742281585285745	0.0
166.0	32.0	19.538461538461537	19.692307692307693	28.76923076923077	0.0
167.0	33.590308370044056	18.12775330396476	19.09691629955947	29.185022026431717	0.0
168.0	28.49889624724062	18.454746136865342	20.507726269315675	32.53863134657837	0.0
169.0	28.359201773835917	20.044345898004433	20.376940133037692	31.21951219512195	0.0
170.0	27.12730504332371	18.79582315041102	21.950677627193958	32.12619417907131	0.0
171.0	28.24393501001558	19.89761851769419	18.33963943912753	33.518807033162695	0.0
172.0	32.03212134731207	21.079634173544502	18.24670979254963	28.6415346865938	0.0
173.0	29.05963815054724	20.772838954657136	18.67321867321867	31.494304221576947	0.0
174.0	29.028648164726945	20.747538048343777	18.218442256042973	32.0053715308863	0.0
175.0	29.41836963844599	18.414551987424208	19.447563440377273	32.71951493375253	0.0
176.0	29.73399458972047	16.411181244364293	20.085662759242563	33.76916140667268	0.0
177.0	26.836988469364687	18.87858919285553	20.642098123445628	33.64232421433416	0.0
178.0	28.28305738262645	16.897255613517803	23.021093218416873	31.79859378543887	0.0
179.0	28.220300409649525	19.48111060537096	20.48247610377788	31.816112881201636	0.0
180.0	29.72355494631026	20.036554717843273	18.89421978524103	31.345670550605437	0.0
181.0	28.50263700986012	18.619582664526487	20.04127493694107	32.83650538867232	0.0
182.0	32.08371665133395	15.662373505059799	20.3541858325667	31.89972401103956	0.0
183.0	31.19667973253401	20.35969564214895	19.829375144108834	28.61424948120821	0.0
184.0	33.62627197039778	18.825161887141537	19.10268270120259	28.445883441258097	0.0
185.0	28.985843583197955	20.770480389881644	21.559526572290554	28.684149454629843	0.0
186.0	31.764157539035192	17.245397343276625	21.20717781402936	29.78326730365882	0.0
187.0	30.233644859813086	19.32242990654206	21.49532710280374	28.94859813084112	0.0
188.0	30.7079231129864	18.190342240975152	19.90154711673699	31.200187529301456	0.0
189.0	31.442692398211342	18.85149446928689	20.00470698987997	29.701106142621793	0.0
190.0	30.047169811320757	19.00943396226415	19.2688679245283	31.674528301886795	0.0
191.0	27.807992433199335	17.971151572475762	19.01158666351383	35.20926933081107	0.0
192.0	32.24199288256228	18.030842230130485	18.26809015421115	31.459074733096088	0.0
193.0	26.439790575916227	16.32555925749643	23.56020942408377	33.67444074250357	0.0
194.0	26.698564593301437	17.822966507177032	20.047846889952154	35.430622009569376	0.0
195.0	26.362545018007204	19.495798319327733	20.384153661464584	33.757503001200476	0.0
196.0	30.530120481927707	16.722891566265062	16.867469879518072	35.87951807228916	0.0
197.0	28.62327607065086	19.59835470602468	19.646745705298816	32.13162351802565	0.0
198.0	30.505590666018474	18.935342732134174	18.08458920758386	32.47447739426349	0.0
199.0	28.728337808152304	21.47913107151574	19.52648279228704	30.26604832804491	0.0
200.0	26.632428466617753	19.344583027635117	20.371729029102468	33.651259476644654	0.0
201.0	30.790056608417427	18.508491262613834	17.942407088358355	32.75904504061039	0.0
202.0	32.180785379105956	18.79476413929365	18.81946159545567	30.20498888614473	0.0
203.0	30.660377358490564	18.048659384309833	20.531281032770607	30.759682224428996	0.0
204.0	33.34995014955135	17.347956131605187	20.687936191425724	28.614157527417746	0.0
205.0	33.38342098672677	16.654144753318306	21.537690959178562	28.424743300776356	0.0
206.0	30.17587939698492	17.035175879396984	19.623115577889447	33.165829145728644	0.0
207.0	28.098128477491148	18.411734951947395	19.296914516944867	34.19322205361659	0.0
208.0	26.65483134669034	19.857976160284046	19.83261476033477	33.654577732690846	0.0
209.0	28.160773340117018	19.079114729076572	21.088781480539303	31.67133045026711	0.0
210.0	29.54081632653061	17.29591836734694	18.137755102040817	35.025510204081634	0.0
211.0	29.40875351932429	18.7611978500128	20.450473509086255	31.379575121576657	0.0
212.0	27.636643571978446	17.03874775468309	20.63125481139338	34.693353861945084	0.0
213.0	29.064674053079102	17.212058747745427	19.78871424890492	33.93455295027054	0.0
214.0	28.756812873085906	18.920321827147678	22.19050090838308	30.132364391383337	0.0
215.0	31.53786104605777	20.452771272443403	18.21493624772313	29.7944314337757	0.0
216.0	29.145991120396967	18.177069731000262	20.42308696787673	32.25385218072604	0.0
217.0	26.322682032477733	20.586694604504977	21.320062860136197	31.77056050288109	0.0
218.0	26.67017359284587	17.99053129931615	19.83166754339821	35.50762756443977	0.0
219.0	25.699947173798204	19.519281563655575	23.269941891178025	31.5108293713682	0.0
220.0	29.556911647651894	19.7930485539931	19.421597240647387	31.228442557707613	0.0
221.0	32.33724653148346	18.11632870864461	16.67556029882604	32.87086446104589	0.0
222.0	32.71704180064309	17.95284030010718	18.006430868167204	31.32368703108253	0.0
223.0	30.570505920344456	18.48762109795479	18.003229278794404	32.93864370290635	0.0
224.0	31.65720464990538	18.329278183292782	18.491484184914842	31.522032981886994	0.0
225.0	32.00217332246672	19.858734039663133	19.614235262157024	28.52485737571312	0.0
226.0	31.27392017495899	19.05412793876435	22.38928376161837	27.282668124658283	0.0
227.0	29.413377192982455	18.119517543859647	21.18969298245614	31.277412280701753	0.0
228.0	26.989809969705313	19.60892316166345	21.316441751583586	32.08482511704764	0.0
229.0	30.831024930747926	21.13573407202216	19.33518005540166	28.698060941828256	0.0
230.0	28.46025569760978	22.37354085603113	19.594219010561424	29.571984435797667	0.0
231.0	30.254687937307583	20.039182759585785	18.807724601175483	30.89840470193115	0.0
232.0	28.169806016305877	21.788023615406242	19.820073095305034	30.22209727298285	0.0
233.0	27.431632365379194	20.242458415562446	20.016915703411335	32.308993515647025	0.0
234.0	25.417020073508624	20.865139949109416	23.74893977947413	29.968900197907832	0.0
235.0	27.597955706984667	18.39863713798978	23.140261215218626	30.86314593980693	0.0
236.0	29.754426042261567	18.874928612221588	21.444888635065677	29.925756710451175	0.0
237.0	26.806192660550458	20.556192660550458	20.584862385321102	32.05275229357798	0.0
238.0	27.089337175792505	18.962536023054753	25.12968299711816	28.818443804034583	0.0
239.0	28.922987840185293	17.255356108859292	20.584829183555296	33.23682686740012	0.0
240.0	28.796269309239285	17.80821917808219	20.664529291751677	32.73098222092684	0.0
241.0	29.194729136163982	16.57393850658858	24.30453879941435	29.926793557833086	0.0
242.0	26.774668630338734	19.175257731958766	24.447717231222384	29.60235640648012	0.0
243.0	27.423658464275125	18.677734954046844	23.984583456863326	29.914023124814705	0.0
244.0	27.50074649149	19.617796357121527	22.424604359510305	30.456852791878177	0.0
245.0	29.210447313119182	17.262083458420896	21.465025517862504	32.062443710597414	0.0
246.0	25.50213024954352	22.306755934266587	22.85453438831406	29.336579427875837	0.0
247.0	24.829931972789115	21.614100185528756	22.603586889301177	30.952380952380953	0.0
248.0	23.106423777564718	20.837328219878557	25.407478427612656	30.648769574944073	0.0
249.0	19.261515036162923	21.888085268366957	23.106204796345644	35.74419489912447	0.0
250.0	15.465631929046564	19.51219512195122	23.835920177383592	41.186252771618626	0.0
