# Position (bp)	A	C	G	T	N
0.0	48.2060856493716	10.55687878808679	22.373307158497326	18.832153864105923	0.03157453993836101
1.0	36.552770303662626	20.426527922684095	16.582010872549557	26.427022129482182	0.011668771621547416
2.0	42.1758630621734	16.387551605425944	16.041229477842244	25.39055534981964	0.004800504738783963
3.0	35.54518606834269	22.81332867391617	17.200786619250245	24.438643013272486	0.0020556252184101794
4.0	37.95279686772719	17.753196615831122	15.286257974427073	29.006379541658685	0.0013690003559400925
5.0	39.579529056128905	18.512895217382383	16.444736248179076	25.460103818297462	0.002735660012173687
6.0	31.05755626789876	22.44017797948178	14.805651053592056	31.695931214074324	6.83484953078758E-4
7.0	36.0795105363069	18.897067861191154	16.543299236578672	28.479439520369283	6.82845553992598E-4
8.0	31.890741397658743	23.04213168881491	15.051709553305864	30.015417360220482	0.0
9.0	39.888348885874564	17.13824152903406	17.17573121936922	25.79631510425542	0.001363261466733012
10.0	33.04069688308153	25.2606506056894	15.690077582686811	26.00789437865795	6.805498843065196E-4
11.0	32.72159817227405	24.084097152337694	14.91554926972557	28.27739549052139	0.0013599151412951832
12.0	31.743530530462543	23.3165795014603	16.86952387421042	28.07036609386674	0.0
13.0	36.01430393833292	17.433433759465842	15.929077436690822	30.622506310561032	6.785549493798007E-4
14.0	33.700294201385596	23.544923331390066	15.859081603600917	26.89502298024648	6.778833769438305E-4
15.0	30.826904711914228	19.152437909337813	16.673552459582652	33.34642762805882	6.772911064904807E-4
16.0	31.709016615251397	20.275883530876225	16.770173729501543	31.244926124370842	0.0
17.0	31.198166960682926	18.13641002764429	17.108366959331132	33.55638015288845	6.758994531973424E-4
18.0	32.38795589138964	17.773771178142876	17.456394465490348	32.380527925774366	0.0013505392027767086
19.0	33.22201758114244	18.62413730292052	19.026223292652485	29.127621823284557	0.0
20.0	37.57018543108852	15.789615589422812	15.982393820311817	30.65780515917685	0.0
21.0	33.42896588881032	16.624574872882782	21.674916658248307	28.27086911135805	6.734687005421423E-4
22.0	36.689950337142164	17.21443856744862	18.08185623342889	28.013081923527274	6.729384530490841E-4
23.0	34.79947818602399	16.504384313303568	16.613319705202002	32.082145354779705	6.724406907310774E-4
24.0	36.21271163665681	16.003090567051867	17.854071486159633	29.930126310131683	0.0
25.0	33.3255038286278	15.877564442416231	23.312014710520838	27.483574817628465	0.0013422008066626848
26.0	33.228255620539784	14.526211300101949	21.520362719321778	30.724499651231422	6.707088050651929E-4
27.0	38.11045888281333	16.170794467674494	16.37785461563204	29.340221936313927	6.700975662056396E-4
28.0	34.63673310880933	15.766004030719168	22.29550126211057	27.29975293432338	0.0020086640375486264
29.0	33.978063135366504	20.80925628678438	16.110219368646337	29.1017924023542	6.688068485821295E-4
30.0	31.354161084614972	17.348346819570224	18.016853330475325	33.280638765339475	0.0
31.0	36.50158457323951	17.810334640382447	18.60866412418757	27.07874523285169	6.714293387763871E-4
32.0	37.05691286541449	16.7275270509277	17.613196952273356	28.60101815051681	0.0013449808676471576
33.0	37.07542900901528	16.998851334888094	19.31010477218142	26.615614883915207	0.0
34.0	32.829417345685904	16.51900323696841	17.870298024333074	32.780583770510106	6.97622502511441E-4
35.0	31.62629515541865	17.637216465975918	18.87776533183982	31.858022962755534	7.000840100812098E-4
36.0	33.28281339900925	16.291275488008534	23.502996112771722	26.9229150002105	0.0
37.0	32.416411770910244	16.132616109411806	19.24972752522589	32.20054143374468	7.031607073796716E-4
38.0	30.457839470959836	17.83820329171156	18.01708534927778	33.68687188805082	0.0
39.0	37.59611436015803	18.223849105764735	16.706552061060055	27.47277644826463	7.08024752545349E-4
40.0	31.487960632049038	23.664860405910883	17.64802093555774	27.19844690020054	7.111262818051229E-4
41.0	36.33176485708777	17.15589321033052	17.04736131837688	29.46355256299491	0.0014280512099163877
42.0	30.751755768955135	17.406478429124263	18.14390139028236	33.69714777124839	7.16640389852372E-4
43.0	35.980325279144076	18.44397371916849	18.20198901375076	27.372275876925283	0.0014361110113811798
44.0	38.84819089836217	17.499496272415875	16.430154572407243	27.222158256814716	0.0
45.0	38.4737323735616	17.519436818630524	16.110042296246657	27.896788511561216	0.0
46.0	29.876201194701757	23.086024298040574	18.63547167633394	28.40230283092373	0.0
47.0	29.628960714337317	24.663709525942405	17.134559535333977	28.572770224386296	0.0
48.0	30.694910838351085	19.089422186197314	18.254979157017136	31.959964103751737	7.237146827234831E-4
49.0	35.90940387751404	17.462583801413302	20.13988041311832	26.488131907954337	0.0
50.0	29.437119491470078	17.654144504350224	17.36098513159518	35.54775087258452	0.0
51.0	29.93431592438321	17.985202877865486	19.081879351023858	32.997873641897996	7.28204829454429E-4
52.0	28.966513671091132	19.062908180763422	23.652045738136763	28.317072992753996	0.0014594172546902023
53.0	30.275390282406594	16.892504239022394	18.29649769046366	34.53560778810735	0.0
54.0	31.065807773955058	17.918161188785593	18.2299978039675	32.78603323329185	0.0
55.0	30.00241600714552	19.043993293749864	18.789946481781108	32.16291209394607	7.321233774315648E-4
56.0	29.430147598227645	17.00093899468881	23.95976994630124	29.608409871181667	7.335896006338214E-4
57.0	27.876076945111606	16.578895181014918	26.208785962438213	29.336241911435266	0.0
58.0	27.809445355653462	21.867300181669744	18.27288707791205	32.05036738476475	0.0
59.0	31.37935362873155	18.09750946962705	18.835143576528615	31.687993325112785	0.0
60.0	28.09644839314428	16.696183115603212	20.098108230272764	35.10851926226168	7.409987180722178E-4
61.0	29.788826318909305	16.857587433313576	24.80438648488441	28.54919976289271	0.0
62.0	29.988198882233753	17.009938174018245	18.766746082993773	34.23511686075423	0.0
63.0	27.712858480888453	16.889671884988775	20.196095921977907	35.201373712144864	0.0
64.0	31.079133450434625	17.700310768815026	22.09686378717591	29.12369199357444	0.0
65.0	32.034414096254274	17.81943870458729	18.57534658301086	31.570800616147576	0.0
66.0	29.798036952372332	20.21667458826547	21.161985378991922	28.822548642388853	7.54437981425737E-4
67.0	35.59781374434132	17.063846538176204	18.976820239519146	28.36000545049887	0.0015140274644582052
68.0	35.235342316096144	15.297250546249089	19.41384437970381	30.053562757950957	0.0
69.0	32.19171828156625	18.42994323629225	18.99301486813471	30.38456270639619	7.609076105979212E-4
70.0	33.63322661806058	17.640735634332717	19.348179998286323	29.377857749320373	0.0
71.0	31.40214178190639	20.183135612388952	18.941432482392308	29.473290123312353	0.0
72.0	34.506965096259194	16.45719204883393	20.148693066207542	28.88714978869933	0.0
73.0	32.61031633301682	19.570113553429753	18.783793328049345	29.03420728405622	0.0015695014478650858
74.0	31.987791281520078	21.755082353499333	18.750345940047602	27.506780424932987	0.0
75.0	33.998842821929316	19.603864657720994	18.502167727413234	27.89512479293646	0.0
76.0	34.21180442208014	18.381012285325287	20.629473633924377	26.776117263947384	0.0015923947228038884
77.0	35.385400145058064	17.782365084046003	19.15563454932373	27.67580319924761	7.97022324595312E-4
78.0	34.78111683876219	18.593498140729984	18.562377312117974	28.061411768461035	0.0015959399288210793
79.0	31.46075494307969	20.17974835230677	19.507090073896542	28.852406630717	0.0
80.0	32.59547360670956	16.793911456832806	18.26082781138961	32.349787125068026	0.0
81.0	32.59960255136383	18.097535177409533	20.183339209590052	29.117920446168142	0.0016026154684445014
82.0	31.992108239030532	20.709456479023476	19.76228476104165	27.532140479761324	0.004010041143022127
83.0	32.81419339300767	19.26544374422992	18.62963111628467	29.289126159033437	0.0016055874443061855
84.0	34.21936520691041	17.45118521494576	20.354359180393732	27.9750903977501	0.0
85.0	32.82339598967256	19.61971864971165	20.33314834029068	27.223737020325107	0.0
86.0	32.16631782321687	17.921429721461923	22.51006279182096	27.40218966350024	0.0
87.0	33.64943802119002	17.81654111106635	19.839664826974985	28.692744631994522	0.001611408774120775
88.0	32.767559809384046	19.44137591820608	20.079987743813447	27.70946387247115	0.001612656125271128
89.0	32.48478587224975	18.02288979644546	19.618557200277646	29.87296001549662	8.071155305170382E-4
90.0	31.237633757318793	19.153644256006462	20.793054714314557	28.815667272360184	0.0
91.0	35.10625399109229	17.351450534705325	18.026399812469183	29.515087339244868	8.083224883399481E-4
92.0	33.78827717325351	17.072124914040693	19.279155373973545	29.86044253873225	0.0
93.0	32.756261285699246	16.61254929269537	22.170579042405887	28.460610379199498	0.0
94.0	35.22880160801414	17.1110858958357	19.887828046230407	27.771473958924314	8.104909954450407E-4
95.0	33.70192190681713	17.71983482472437	19.49652369324128	29.080097028305328	0.0016225469118875898
96.0	32.78633922841336	18.255522067962662	20.071975758954324	28.885350577187097	8.123674825544083E-4
97.0	32.21709664559485	20.32982678805334	20.660141726261667	26.791307672906857	0.0016271671832922472
98.0	32.69371732012836	17.82345946474239	19.2495642683781	30.232444495121435	8.14451629717711E-4
99.0	33.35507914114932	15.843723752130408	19.330664035423922	31.468902135710152	0.0016309355861990232
100.0	34.65187289768459	19.012279154828384	17.866006988667905	28.46984095881911	0.0
101.0	34.5804858908544	16.557401170584964	19.438086518654156	29.42239152470327	0.0016348952032174738
102.0	35.285883845618635	17.813612736872265	18.09192485572791	28.80775999672574	8.185650554577826E-4
103.0	34.05385466617484	18.786015820320507	17.9310627484733	29.228247059305712	8.197057256444936E-4
104.0	33.079879130263414	20.286737174013005	19.11991723050647	27.513466465217107	0.0
105.0	35.12186698243537	18.530030919018486	18.306361423590552	28.041740674955594	0.0
106.0	32.710111026916614	17.27588706223438	20.429611570520212	29.58356669851415	8.236418146476461E-4
107.0	33.49030151085307	19.52893052714917	18.383420201886917	28.594873655736624	0.0024741043742165336
108.0	35.091443770754516	18.483702027127492	20.03915478530952	26.383221265839513	0.002478150968957029
109.0	36.65125052743052	17.171483176000464	18.0145446723312	28.161894282239448	8.273419983618629E-4
110.0	34.97062162811705	17.304648329700747	18.770666379374642	28.95406366280756	0.0
111.0	32.92886508035381	18.99339728416594	18.819816452805117	29.257090652381546	8.305302935924588E-4
112.0	33.525636222871555	17.164905971379333	19.45838848513607	29.85106932061304	0.0
113.0	32.698905612181015	18.26317063601379	19.300793869424755	29.736295109063132	8.347733173056855E-4
114.0	29.8380278742728	18.35767798099862	20.588456870213033	31.215000209266314	8.37065249236178E-4
115.0	32.34077194867104	18.796841036314653	20.338556309954427	28.52299144797026	8.392570896242645E-4
116.0	31.12229017522903	17.866967267588098	20.656498952663767	30.35424360451911	0.0
117.0	31.89514802284673	16.87519509993335	20.125876367808722	31.103780509411198	0.0
118.0	32.37279247581027	17.085053115907705	19.871100886392853	30.67105352188917	0.0
119.0	33.02686871259392	16.507491829025	18.0474553249289	32.41733520098476	8.489324674222165E-4
120.0	34.60349101689284	15.950658931568231	20.24670534215884	29.194033410854693	0.0051112985253903755
121.0	34.06034386942879	16.3265306122449	19.105187110453734	30.503663551721484	0.004274856151090516
122.0	32.99364697802198	18.731971153846153	18.473557692307693	29.798248626373624	0.0025755494505494505
123.0	32.7011439753791	16.998422400193107	19.607065578151538	30.692505969879054	8.620763972103208E-4
124.0	31.212802768166092	17.32006920415225	20.325259515570934	31.14100346020761	8.650519031141869E-4
125.0	32.16789291267449	16.268969171567306	17.18279028152987	34.38034763422833	0.0
126.0	29.95778750719531	18.938059271921716	20.13378918174048	30.970364039142495	0.0
127.0	33.80593747263333	18.13906646816709	19.516595148436817	28.537525177336022	8.757334267448989E-4
128.0	33.28734985809558	19.802476078341783	18.308745354058114	28.59879271410873	0.0026359953957947086
129.0	33.87793990507613	17.01395627856097	20.520669760220194	28.586551864071847	8.821920708576671E-4
130.0	32.58974449838761	18.73028810375988	20.818420213331443	27.86154718452107	0.0
131.0	34.313507355755114	16.919571737524585	19.50765835120727	29.259262555513033	0.0
132.0	32.31617910020743	18.368678921393318	20.97578857020242	28.33935340819684	0.0
133.0	31.56698381894468	17.355327349667125	23.097310943999712	27.98037788738848	0.0
134.0	33.80718274983281	17.86288792090661	19.60254486959351	28.72648074177165	9.037178954217652E-4
135.0	33.278446926967725	16.787052872893998	22.685673738219133	27.248826461919144	0.0
136.0	31.258755986118615	18.312257922736723	20.78178938019064	29.647196710954027	0.0
137.0	31.883616632523115	17.70296956610007	21.158850561984384	29.25456323939243	0.0
138.0	32.42524298935032	17.937032042040645	21.33748779240106	28.300237176207972	0.0
139.0	31.97651516572565	19.98180488079383	21.338935679315714	26.702744274164807	0.0
140.0	30.532040671553556	18.684322534878223	21.982501773468904	28.801135020099316	0.0
141.0	30.392287868664692	19.497947885845186	21.734275078743913	28.375489166746203	0.0
142.0	33.69908978710275	19.466406973156435	19.86076828139463	26.973734958346192	0.0
143.0	35.69074778200253	17.486594520815053	20.44067466120698	26.38198303597543	0.0
144.0	31.484302360086254	19.78476329897723	20.159647075115235	28.571287265821283	0.0
145.0	32.771783898901006	18.29104132762743	17.9615454161895	30.974624796576457	0.0010045607056034397
146.0	29.61315819343122	18.825131819260573	20.065419499963884	31.493194927409117	0.0030955599351996117
147.0	32.24303079764615	18.698724281603024	19.76611829388772	29.288905115759633	0.0032215111034749363
148.0	29.902395740905057	20.326437211040023	19.920141969831413	29.839349927614066	0.011675150609442861
149.0	30.113743116879366	21.194953100836813	14.921015739041204	33.75149947247474	0.018788570767874435
150.0	32.66421722376557	14.43080323804403	12.910356364070855	39.97072617020641	0.02389700391313439
