# Position (bp)	A	C	G	T	N
0.0	18.13456946200309	29.42829049023739	39.52802359882006	12.909116448939459	0.0
1.0	22.68577047338109	25.776092147773568	13.836212951257199	37.701924427588146	0.0
2.0	21.524852569502947	20.30328559393429	17.621454647570907	40.550407188991855	0.0
3.0	19.548450427709998	22.12873369793858	14.892721918384519	43.4300939559669	0.0
4.0	30.403700588730025	11.003644519203814	11.340061676478834	47.25259321558733	0.0
5.0	32.99691617605831	12.95206055508831	28.609475749929913	25.441547518923464	0.0
6.0	32.40818615082702	14.43790299971965	25.79198205775161	27.36192879170171	0.0
7.0	34.379817799579534	19.523475823405747	21.331464611072178	24.765241765942537	0.0
8.0	19.66362999299229	34.44989488437281	20.56061667834618	25.32585844428872	0.0
9.0	27.133847231955148	16.510161177295025	14.898388227049756	41.457603363700066	0.0
10.0	22.018220042046252	17.64540995094604	31.0021023125438	29.33426769446391	0.0
11.0	25.56053811659193	14.153587443946188	18.371636771300448	41.914237668161434	0.0
12.0	20.950112107623315	21.356502242152466	21.65078475336323	36.04260089686099	0.0
13.0	24.173206278026907	20.964125560538115	19.716928251121075	35.1457399103139	0.0
14.0	26.247197309417043	19.60482062780269	22.547645739910312	31.600336322869953	0.0
15.0	27.18609865470852	20.86603139013453	22.281390134529147	29.6664798206278	0.0
16.0	29.13396860986547	19.296524663677133	17.404708520179373	34.16479820627802	0.0
17.0	32.721412556053814	16.81614349775785	18.862107623318387	31.600336322869953	0.0
18.0	28.167040358744394	16.255605381165918	18.876121076233186	36.7012331838565	0.0
19.0	33.921815889029006	19.56003923217038	19.12568306010929	27.392461818691327	0.0
20.0	33.40800896107533	16.31195743489219	18.748249789974796	31.531783814057686	0.0
21.0	28.255390646877625	16.045925511061327	21.00252030243629	34.696163539624756	0.0
22.0	24.670960515261832	18.174180901708205	21.49257910949314	35.66227947353682	0.0
23.0	25.343041164939795	17.278073368804257	23.382805936712405	33.99607952954354	0.0
24.0	27.779333520022405	19.1542985158219	19.39232707924951	33.674040884906184	0.0
25.0	25.217026043125173	20.904508541024924	19.210305236628393	34.66816017922151	0.0
26.0	31.05137897242055	17.38765224695506	18.43763124737505	33.123337533249334	0.0
27.0	24.888017917133258	24.1461366181411	18.239081746920494	32.72676371780515	0.0
28.0	33.986562150055995	16.881298992161252	18.44904815229563	30.68309070548712	0.0
29.0	24.454087346024636	17.399216125419933	23.64221724524076	34.50447928331467	0.0
30.0	28.99524209347887	17.310383431290234	18.42989084802687	35.26448362720403	0.0
31.0	27.56787013713966	17.982087881332216	22.963895885810242	31.48614609571788	0.0
32.0	26.210467394346487	17.646235656311223	18.55583543240974	37.58746151693255	0.0
33.0	29.677419354838708	18.84992987377279	20.967741935483872	30.504908835904626	0.0
34.0	28.457223001402525	19.08835904628331	19.929873772791023	32.52454417952314	0.0
35.0	31.70594837261504	15.824915824915825	21.59090909090909	30.878226711560046	0.0
36.0	26.402918069584736	21.0016835016835	18.81313131313131	33.78226711560045	0.0
37.0	22.18013468013468	27.27272727272727	17.522446689113355	33.0246913580247	0.0
38.0	36.0	16.32280701754386	19.971929824561403	27.705263157894738	0.0
39.0	22.452989054167833	23.561605388717375	18.9166432781364	35.06876227897839	0.0
40.0	30.451866404715126	16.208251473477407	19.225371877631208	34.11451024417625	0.0
41.0	23.772102161100197	21.37243895593601	19.534100477126017	35.32135840583778	0.0
42.0	24.44569183272523	25.413976985686222	20.60061745719899	29.53971372438956	0.0
43.0	28.693700014031148	15.771011645853793	19.797951452223934	35.73733688789112	0.0
44.0	26.42065385155044	20.232917075908517	20.82222534025537	32.52420373228567	0.0
45.0	32.645903479236814	19.612794612794612	16.315937149270482	31.425364758698095	0.0
46.0	32.79562350960864	15.47201571047833	22.28924112778791	29.443119652125123	0.0
47.0	25.31911909103661	24.196942067611165	21.068873614812738	29.41506522653949	0.0
48.0	26.03450694347033	18.62813858886239	24.547622387431616	30.789732080235655	0.0
49.0	21.927609427609426	27.21661054994388	19.79517396184063	31.060606060606062	0.0
50.0	30.948372615039283	18.265993265993266	16.147586980920316	34.63804713804714	0.0
51.0	28.68565016131295	21.503717211390097	18.684247440033666	31.12638518726329	0.0
52.0	24.340628507295172	19.318181818181817	20.552749719416386	35.78843995510662	0.0
53.0	27.59539842873176	19.710998877665546	15.01122334455668	37.682379349046016	0.0
54.0	31.22895622895623	15.58641975308642	22.65712682379349	30.52749719416386	0.0
55.0	30.25669799410857	15.10730817786506	18.27745826904194	36.35853555898443	0.0
56.0	32.220507785103095	17.800533034086126	18.79646514237621	31.182494038434562	0.0
57.0	24.516129032258064	18.2328190743338	24.15147265077139	33.09957924263674	0.0
58.0	24.49866778852896	20.29168419576497	19.197868461646333	36.01177955405974	0.0
59.0	21.03491796381994	20.670312719113728	20.235591081194784	38.05917823587155	0.0
60.0	24.28831860889076	18.146122563455336	20.964801570607207	36.600757257046695	0.0
61.0	27.008834665544807	18.46865797223391	16.60356191277521	37.91894544944608	0.0
62.0	29.715327443556305	18.188192399382977	17.83761043331931	34.258869723741405	0.0
63.0	28.172766792876175	16.000560931145703	20.86663862010938	34.96003365586874	0.0
64.0	21.90436123965783	18.04795961295751	24.134062543822747	35.91361660356191	0.0
65.0	24.91936614780536	17.935773383817136	25.031552376945733	32.113308091431776	0.0
66.0	32.655636567582725	16.15255187885586	21.494671901289962	29.697139652271453	0.0
67.0	24.06057206954571	19.279304542905216	19.391475042063938	37.26864834548514	0.0
68.0	33.18844643858665	21.31239484015704	13.754907459338195	31.744251261918116	0.0
69.0	27.39764441951767	16.85361749859787	25.238362310712283	30.510375771172182	0.0
70.0	28.982052720134604	20.190689848569825	18.67638810992709	32.15086932136848	0.0
71.0	26.360067302299495	19.57375210319686	17.70891755468312	36.35726303982052	0.0
72.0	27.84632641615255	17.400448681996636	25.182277061132925	29.570947840717892	0.0
73.0	25.68704430734717	16.348850252383624	17.330342120022436	40.63376332024677	0.0
74.0	26.836791923724064	18.073471676948962	22.33595064498037	32.75378575434661	0.0
75.0	23.555804823331464	22.60235558048233	20.835670218732474	33.00616937745373	0.0
76.0	25.504767246214243	20.49915872125631	20.092540661805945	33.9035333707235	0.0
77.0	26.079641054402693	14.035333707234997	28.070667414469995	31.814357823892315	0.0
78.0	23.99046550757151	20.246775098149186	19.784071789119462	35.97868760515984	0.0
79.0	32.87997756590017	15.914189568143577	17.035894559730792	34.16993830622546	0.0
80.0	27.243409983174427	13.979248457655636	20.527201346045988	38.25014021312395	0.0
81.0	27.888390353337073	15.984296130117778	19.67190128996074	36.45541222658441	0.0
82.0	25.99551318003365	21.39652271452608	22.39203589455973	30.215928210880538	0.0
83.0	25.25238362310712	18.55019629837353	22.840717891194615	33.356702187324736	0.0
84.0	33.62782218482681	13.756836348338242	17.66933108960875	34.946010377226195	0.0
85.0	24.666947132239518	18.58084420137428	21.581825830879257	35.17038283550694	0.0
86.0	28.102650399663442	16.46332912634974	16.210910110783903	39.22311036320292	0.0
87.0	28.074603842378348	17.43093535268546	20.614219604543543	33.88024120039265	0.0
88.0	23.306689103912497	25.087645491515914	16.8419576496985	34.76370775487309	0.0
89.0	32.057214976861594	17.37484223811527	18.650960594587016	31.916982190436123	0.0
90.0	29.186535764375876	22.594670406732117	15.441795231416549	32.776998597475455	0.0
91.0	27.13884992987377	22.46844319775596	17.966339410939693	32.42636746143058	0.0
92.0	25.539971949509116	14.684431977559607	21.65497896213184	38.12061711079944	0.0
93.0	29.200561009817672	22.426367461430573	20.575035063113607	27.79803646563815	0.0
94.0	28.190743338008417	16.54978962131837	22.30014025245442	32.959326788218796	0.0
95.0	33.77279102384292	17.391304347826086	17.124824684431978	31.71107994389902	0.0
96.0	29.62131837307153	19.453015427769984	19.719495091164095	31.20617110799439	0.0
97.0	28.73772791023843	15.918653576437588	18.387096774193548	36.95652173913043	0.0
98.0	24.628330995792428	19.340813464235623	24.838709677419356	31.192145862552596	0.0
99.0	28.373071528751755	18.90603085553997	19.38288920056101	33.338008415147264	0.0
100.0	30.718402924223255	19.654154365246733	21.903556867707017	27.723885842822998	0.0
101.0	32.65565438373571	19.610334603981364	19.073838768883242	28.66017224339969	0.0
102.0	23.522727272727273	23.69318181818182	18.948863636363637	33.83522727272727	0.0
103.0	23.060437205315047	18.045435062151736	20.87441063009001	38.01971710244321	0.0
104.0	28.343399482312336	17.27063560540696	17.702041990221456	36.683922922059246	0.0
105.0	33.37190799942138	13.004484304932735	19.427166208592507	34.19644148705338	0.0
106.0	27.28063814358231	15.562001450326324	24.394488759970994	32.76287164612038	0.0
107.0	31.0143232972815	16.31102016954107	20.63724057293189	32.03741596024554	0.0
108.0	26.420079260237785	19.873770732423306	21.649787171583736	32.05636283575517	0.0
109.0	28.033658104517272	22.35016238559197	17.153823442574552	32.462356067316215	0.0
110.0	27.034667460199373	13.956256509447998	23.434012795714924	35.5750632346377	0.0
111.0	29.9058436706023	16.70901210581378	25.108354506052905	28.276789717531013	0.0
112.0	25.907516192197622	15.077571923482452	22.15695134809459	36.857960536225335	0.0
113.0	30.599273607748184	14.21004842615012	23.138619854721547	32.05205811138014	0.0
114.0	23.485540334855404	14.824961948249618	22.207001522070016	39.48249619482496	0.0
115.0	27.35474006116208	13.547400611620795	23.226299694189603	35.87155963302752	0.0
116.0	24.919292851652575	20.953112990007686	18.877786318216756	35.24980784012298	0.0
117.0	28.960817717206133	15.68840018584482	22.843425739507513	32.50735635744154	0.0
118.0	32.99642357331675	18.037630228580316	15.845125174933914	33.12082102316902	0.0
119.0	30.759612378868397	18.630822131916226	18.708971553610503	31.900593935604878	0.0
120.0	34.45999056752083	16.695488130797045	16.711208929413615	32.13331237226851	0.0
121.0	33.10714849297775	17.6897585608332	17.95802430172006	31.245068644468994	0.0
122.0	26.069730586370838	16.70364500792393	21.299524564183837	35.92709984152139	0.0
123.0	27.543384811335773	19.74207928673778	22.464575704505652	30.249960197420794	0.0
124.0	24.799743671900032	16.100608779237426	23.02146747837232	36.07818007049023	0.0
125.0	32.35198964736331	15.674538984147526	21.17437722419929	30.799094144289874	0.0
126.0	25.150872614581633	14.924155928885991	24.93883542652096	34.986136030011416	0.0
127.0	27.020367936925098	16.4257555847569	23.094612352168202	33.459264126149804	0.0
128.0	27.485089463220675	15.689198144466534	23.92312789927104	32.90258449304175	0.0
129.0	26.226226226226224	13.029696363029696	25.70904237570904	35.03503503503504	0.0
130.0	31.13651647612643	15.299260255548083	14.643577673167451	38.920645595158035	0.0
131.0	27.932960893854748	17.19993228373117	19.73929236499069	35.1278144574234	0.0
132.0	28.603028756168115	18.631955079122	16.539050535987748	36.22596562872214	0.0
133.0	36.108256252141146	15.330592668722165	18.19116135662898	30.369989722507707	0.0
134.0	28.217054263565895	19.000861326442724	24.444444444444443	28.33763996554694	0.0
135.0	32.74934952298352	14.345186470078058	24.180398959236772	28.725065047701648	0.0
136.0	23.06072306072306	22.11302211302211	19.059319059319062	35.76693576693577	0.0
137.0	31.041187908785577	15.750397737316598	20.876789817924696	32.33162453597313	0.0
138.0	36.5549215406562	13.302425106990015	17.118402282453637	33.02425106990014	0.0
139.0	28.189485017046472	24.493091692086846	20.240445002691548	27.07697828817513	0.0
140.0	28.914574679429293	17.771356330142677	21.43760158930829	31.87646740111974	0.0
141.0	28.365822554199312	16.56039351430133	19.001639642922207	36.07214428857716	0.0
142.0	25.773195876288657	22.717231222385863	21.44698085419735	30.062592047128128	0.0
143.0	30.81061027638657	18.067148951956966	19.1801150064923	31.942125765164164	0.0
144.0	34.435107376283845	16.80672268907563	20.597572362278243	28.160597572362278	0.0
145.0	31.5501977773592	20.060275004708984	17.83763420606517	30.551893011866643	0.0
146.0	35.60129597865447	14.29388221841052	19.439679817038307	30.665141985896703	0.0
147.0	27.932424649644844	12.900748704165869	26.396621232482243	32.770205413707046	0.0
148.0	27.258536585365857	18.59512195121951	18.224390243902437	35.921951219512195	0.0
149.0	28.681102362204726	17.480314960629922	24.862204724409448	28.976377952755904	0.0
150.0	31.82902584493042	22.82306163021869	19.324055666003975	26.023856858846916	0.0
151.0	27.79891848588023	19.28700180252353	20.28840376527138	32.625675946324854	0.0
152.0	24.97977346278317	18.12297734627832	22.127831715210355	34.769417475728154	0.0
153.0	28.044280442804425	18.98318983189832	19.63919639196392	33.33333333333333	0.0
154.0	27.051043604050424	13.680512502583179	21.07873527588345	38.18970861748296	0.0
155.0	34.3345848977889	20.546516478932	20.35878181059658	24.76011681268252	0.0
156.0	32.98860278598565	15.745040101308568	14.985225833685098	36.281131279020684	0.0
157.0	30.526540183329782	16.8833937326796	25.94329567256449	26.646770411426136	0.0
158.0	28.8465700064921	17.442112096948712	19.38974247998269	34.3215754165765	0.0
159.0	27.13347921225383	13.479212253829322	22.494529540481402	36.89277899343545	0.0
160.0	25.89562140645732	20.654577620521895	25.01105705440071	28.43874391862008	0.0
161.0	25.800671892497203	20.089585666293395	19.507278835386337	34.60246360582307	0.0
162.0	33.935018050541515	16.51624548736462	24.435920577617328	25.112815884476536	0.0
163.0	27.303832116788325	19.114963503649633	14.507299270072993	39.07390510948905	0.0
164.0	29.095523765574526	14.651592062759574	24.734656206737423	31.518227964928474	0.0
165.0	23.893805309734514	15.952491849091757	25.94317652538426	34.21052631578947	0.0
166.0	26.002831524303915	15.125058990089665	17.909391222274657	40.96271826333176	0.0
167.0	28.046744574290482	20.55807297877415	22.68065823992368	28.71452420701169	0.0
168.0	34.5283926852743	15.375360923965351	20.837343599615014	29.25890279114533	0.0
169.0	28.86446886446886	16.41025641025641	20.781440781440782	33.943833943833944	0.0
170.0	29.18211020509019	19.27353595255745	26.66172473437114	24.88262910798122	0.0
171.0	27.224868388067186	16.47029330659313	22.46176986713462	33.843068438205066	0.0
172.0	29.554655870445345	21.33097165991903	20.521255060728745	28.59311740890688	0.0
173.0	24.358974358974358	20.282051282051285	17.64102564102564	37.717948717948715	0.0
174.0	31.456008305216717	16.610433428497277	22.94316117311186	28.990397093174145	0.0
175.0	21.7242288426048	16.530450830477193	21.43422093329818	40.31109939361983	0.0
176.0	23.26139088729017	18.038902211564082	30.988542499333864	27.71116440181188	0.0
177.0	23.14540059347181	17.534394388993796	23.92770434313461	35.392500674399784	0.0
178.0	26.733750339951044	17.786238781615445	23.68778895838999	31.792221920043513	0.0
179.0	27.057842046718577	20.161290322580644	16.10122358175751	36.679644048943274	0.0
180.0	27.02779353374929	18.547929665343165	22.149744753261487	32.27453204764606	0.0
181.0	30.63866513233602	14.2692750287687	19.965477560414268	35.12658227848101	0.0
182.0	33.45996493278784	16.072472238457042	23.69959088252484	26.767971946230272	0.0
183.0	25.93907128068619	23.395445134575567	23.306713989943802	27.358769594794442	0.0
184.0	35.44989467348781	19.199518507372858	19.38007824255191	25.97050857658742	0.0
185.0	28.251533742331286	22.97546012269939	23.37423312883436	25.398773006134967	0.0
186.0	32.42566510172144	15.14866979655712	26.948356807511736	25.477308294209706	0.0
187.0	22.757740185126078	18.22534312160868	19.278646664538783	39.73827002872646	0.0
188.0	29.60335375685263	17.51048049016446	24.05675588519832	28.829409867784584	0.0
189.0	29.94090610636901	18.61457649376231	19.960604070912673	31.48391332895601	0.0
190.0	25.158491825158492	25.692359025692358	18.28495161828495	30.864197530864196	0.0
191.0	29.77717758271438	19.817690749493586	21.809588116137746	28.59554355165429	0.0
192.0	29.548563611491108	20.930232558139537	20.143638850889193	29.377564979480162	0.0
193.0	31.71240013893713	12.608544633553317	22.95936088919764	32.71969433831192	0.0
194.0	28.158080451658435	20.81863091037403	23.394495412844037	27.6287932251235	0.0
195.0	33.68080517613228	14.34219985621855	21.279654924514738	30.697340043134435	0.0
196.0	31.866519985331866	18.115144847818115	17.71177117711771	32.306563989732304	0.0
197.0	31.83004099888185	18.412225121133062	17.853149459560193	31.904584420424897	0.0
198.0	24.383769434963977	16.003033750474025	25.938566552901023	33.67463026166098	0.0
199.0	24.593967517401392	21.384377416860016	20.26295436968291	33.75870069605568	0.0
200.0	30.64516129032258	13.139260424862313	23.092053501180175	33.123524783634934	0.0
201.0	31.42284569138277	17.675350701402806	22.204408817635272	28.697394789579157	0.0
202.0	28.536585365853657	18.008130081300813	17.96747967479675	35.48780487804878	0.0
203.0	27.692307692307693	20.041580041580044	20.0	32.266112266112266	0.0
204.0	26.31578947368421	18.723037100949096	21.440897325280414	33.520276100086285	0.0
205.0	28.86053673559173	14.430268367795865	23.09722833260009	33.61196656401232	0.0
206.0	28.14748201438849	15.512589928057555	24.100719424460433	32.239208633093526	0.0
207.0	28.04038549793483	19.50435979807251	25.286828820559894	27.168425883432768	0.0
208.0	28.304530593180754	17.281644091546006	20.27090144792153	34.142923867351705	0.0
209.0	24.115148655025955	22.699386503067483	19.348749410099103	33.836715431807455	0.0
210.0	19.864995178399226	16.77917068466731	21.745419479267117	41.61041465766635	0.0
211.0	28.5995085995086	14.398034398034397	26.142506142506143	30.859950859950857	0.0
212.0	26.339509263895845	15.322984476715074	21.482223335002505	36.85528292438658	0.0
213.0	31.839021905247073	19.35812531839022	25.216505348955682	23.58634742740703	0.0
214.0	27.714581178903824	13.753877973112719	18.87280248190279	39.65873836608066	0.0
215.0	27.470775770456964	18.278427205100954	18.65037194473964	35.60042507970245	0.0
216.0	22.5	13.750000000000002	31.793478260869566	31.956521739130434	0.0
217.0	25.776053215077603	19.51219512195122	21.286031042128602	33.42572062084257	0.0
218.0	25.440090857467347	20.954003407155025	22.487223168654175	31.118682566723454	0.0
219.0	37.83314020857474	16.628041714947855	22.711471610660485	22.827346465816916	0.0
220.0	26.328358208955223	18.746268656716417	17.731343283582092	37.19402985074627	0.0
221.0	25.213154689403165	21.863580998781973	24.177831912302068	28.745432399512787	0.0
222.0	29.298572315332095	17.690875232774676	18.93234016139044	34.07821229050279	0.0
223.0	29.347826086956523	21.099744245524295	23.145780051150894	26.406649616368288	0.0
224.0	26.692708333333332	20.638020833333336	21.484375	31.184895833333332	0.0
225.0	31.379080612924714	19.120586275816123	23.117921385742836	26.382411725516324	0.0
226.0	28.838174273858918	21.853388658367912	17.634854771784234	31.673582295988933	0.0
227.0	26.582278481012654	19.62025316455696	26.582278481012654	27.21518987341772	0.0
228.0	30.494905385735084	13.682678311499272	23.653566229985444	32.1688500727802	0.0
229.0	26.44194756554307	16.779026217228466	23.595505617977526	33.18352059925094	0.0
230.0	29.48021722265322	15.438324282389448	21.799844840961985	33.28161365399534	0.0
231.0	26.121794871794872	18.990384615384613	16.746794871794872	38.141025641025635	0.0
232.0	26.639344262295083	17.62295081967213	18.688524590163937	37.049180327868854	0.0
233.0	26.638655462184875	11.932773109243698	25.71428571428571	35.714285714285715	0.0
234.0	26.008583690987123	20.858369098712444	25.321888412017167	27.811158798283266	0.0
235.0	27.699115044247787	12.389380530973451	30.973451327433626	28.938053097345133	0.0
236.0	25.318761384335154	23.67941712204007	18.761384335154826	32.240437158469945	0.0
237.0	28.05219012115564	15.097856477166822	30.382106244175212	26.467847157502327	0.0
238.0	24.539282250242483	26.091173617846753	16.779825412221143	32.58971871968962	0.0
239.0	23.138832997987926	15.694164989939638	27.464788732394368	33.70221327967807	0.0
240.0	36.08247422680412	15.051546391752577	17.11340206185567	31.752577319587626	0.0
241.0	30.332261521972132	15.755627009646304	22.936763129689176	30.97534833869239	0.0
242.0	22.958057395143488	13.686534216335541	33.554083885209714	29.80132450331126	0.0
243.0	21.20866590649943	19.84036488027366	19.04218928164196	39.908779931584945	0.0
244.0	25.864123957091778	16.5673420738975	24.553039332538738	33.01549463647199	0.0
245.0	32.24592220828105	15.683814303638647	16.813048933500628	35.257214554579676	0.0
246.0	35.68627450980392	12.287581699346404	24.836601307189543	27.18954248366013	0.0
247.0	33.10533515731874	14.6374829001368	22.98221614227086	29.2749658002736	0.0
248.0	32.35294117647059	17.058823529411764	20.147058823529413	30.441176470588232	0.0
249.0	24.177631578947366	19.736842105263158	30.427631578947366	25.657894736842106	0.0
250.0	14.468085106382977	25.53191489361702	38.297872340425535	21.70212765957447	0.0
