# Position (bp)	A	C	G	T	N
0.0	32.221594120972306	20.972300734878463	27.303561334087057	19.502543810062182	0.0
1.0	31.712832108535892	17.97625777275297	14.075749010740532	36.235161107970605	0.0
2.0	33.690744920993225	18.002257336343114	16.534988713318285	31.772009029345373	0.0
3.0	31.306306306306308	20.045045045045047	14.583333333333334	34.06531531531532	0.0
4.0	37.12843522153674	12.787436904094223	15.816040381379699	34.268087492989345	0.0
5.0	38.98494143892917	13.106525376464026	22.085889570552148	25.82264361405466	0.0
6.0	34.089651355838406	15.938018815716656	21.693414499169894	28.27891532927504	0.0
7.0	39.373970345963755	16.749038989566174	17.627677100494235	26.24931356397584	0.0
8.0	28.532311062431543	23.93209200438116	20.262869660460023	27.27272727272727	0.0
9.0	32.531437944231826	17.93329688354292	17.113176599234553	32.4220885729907	0.0
10.0	31.932314410480352	16.32096069868996	21.561135371179038	30.18558951965066	0.0
11.0	32.44274809160305	17.3391494002181	18.75681570338059	31.461286804798256	0.0
12.0	30.647795318454	16.657593903102885	21.55688622754491	31.137724550898206	0.0
13.0	29.97823721436344	22.198041349292712	17.845484221980414	29.97823721436344	0.0
14.0	33.568329718004335	18.004338394793926	18.817787418655097	29.609544468546638	0.0
15.0	34.30894308943089	17.12737127371274	18.319783197831978	30.24390243902439	0.0
16.0	33.20693391115926	17.659804983748646	17.22643553629469	31.906825568797398	0.0
17.0	32.41341991341991	18.506493506493506	18.452380952380953	30.627705627705627	0.0
18.0	33.423472147106544	15.575987020010817	18.929150892374256	32.07138994050838	0.0
19.0	32.3721436343852	18.117519042437433	18.33514689880305	31.17519042437432	0.0
20.0	32.732240437158474	17.3224043715847	20.05464480874317	29.890710382513664	0.0
21.0	31.267142073505212	18.102029621503014	19.25397696105321	31.37685134393856	0.0
22.0	32.08791208791209	17.307692307692307	19.67032967032967	30.934065934065934	0.0
23.0	30.204307012700166	16.28934290447267	21.70071783545003	31.80563224737714	0.0
24.0	29.894620077648366	18.191902384914034	19.30116472545757	32.61231281198003	0.0
25.0	30.05008347245409	18.530884808013358	19.69949916527546	31.719532554257096	0.0
26.0	29.13649025069638	17.158774373259053	22.11699164345404	31.58774373259053	0.0
27.0	29.201563372417645	17.252931323283082	21.049692908989392	32.49581239530988	0.0
28.0	30.35215204024595	18.4460592509782	20.68194522079374	30.51984348798211	0.0
29.0	29.313232830820766	19.2071468453378	20.714684533780012	30.764935790061422	0.0
30.0	30.330162283156128	18.97034135422496	18.130945719082263	32.56855064353665	0.0
31.0	31.632080762759397	18.788558609085808	18.171620863712842	31.40773976444195	0.0
32.0	28.820224719101123	19.662921348314608	19.8876404494382	31.629213483146067	0.0
33.0	30.422535211267604	18.47887323943662	20.0	31.098591549295772	0.0
34.0	30.816901408450704	19.323943661971832	19.323943661971832	30.535211267605632	0.0
35.0	29.887005649717512	19.54802259887006	17.853107344632768	32.71186440677966	0.0
36.0	32.33465234595817	17.637083097795365	21.82023742227247	28.208027133973996	0.0
37.0	29.385222786238014	20.530174844895658	19.402143260011282	30.68245910885505	0.0
38.0	29.401805869074494	18.623024830699777	19.808126410835214	32.167042889390515	0.0
39.0	28.49887133182844	19.0744920993228	21.33182844243792	31.094808126410832	0.0
40.0	28.507042253521124	20.450704225352112	19.605633802816904	31.43661971830986	0.0
41.0	29.39189189189189	18.41216216216216	20.43918918918919	31.756756756756754	0.0
42.0	27.687113111986495	20.31513787281936	19.189645469893076	32.80810354530107	0.0
43.0	28.362408553742263	19.471018570624647	19.808666291502533	32.35790658413056	0.0
44.0	30.033745781777277	17.716535433070867	21.822272215973005	30.42744656917885	0.0
45.0	30.483689538807653	19.966254218222723	20.191226096737907	29.358830146231725	0.0
46.0	30.309859154929576	18.028169014084508	18.591549295774648	33.07042253521127	0.0
47.0	30.43968432919955	18.5456595264938	19.503945885005635	31.510710259301018	0.0
48.0	31.53153153153153	19.03153153153153	18.975225225225227	30.461711711711715	0.0
49.0	30.405405405405407	20.213963963963963	19.03153153153153	30.349099099099096	0.0
50.0	31.024774774774777	18.693693693693696	18.074324324324326	32.207207207207205	0.0
51.0	29.464788732394364	19.43661971830986	19.43661971830986	31.661971830985912	0.0
52.0	27.016356457980823	20.022560631697687	19.402143260011282	33.55893965031021	0.0
53.0	30.59154929577465	17.464788732394364	19.661971830985916	32.28169014084507	0.0
54.0	29.690140845070424	19.605633802816904	20.394366197183096	30.309859154929576	0.0
55.0	30.371203599550057	19.628796400449943	18.785151856017997	31.214848143982003	0.0
56.0	32.67605633802817	17.577464788732396	17.91549295774648	31.83098591549296	0.0
57.0	31.851435002813734	17.613956105796287	19.302194710185706	31.232414181204277	0.0
58.0	29.464788732394364	18.76056338028169	20.0	31.774647887323944	0.0
59.0	31.323943661971832	18.197183098591548	18.08450704225352	32.3943661971831	0.0
60.0	29.27927927927928	19.256756756756758	18.75	32.71396396396396	0.0
61.0	30.782217220033765	19.020821609454135	19.583567810917277	30.61339335959482	0.0
62.0	29.84234234234234	18.46846846846847	19.48198198198198	32.207207207207205	0.0
63.0	28.76480541455161	18.83812746756909	18.44331641285956	33.95375070501974	0.0
64.0	29.272419627749578	18.556119571348	20.417371686407222	31.754089114495205	0.0
65.0	28.37837837837838	19.36936936936937	19.876126126126124	32.376126126126124	0.0
66.0	30.539932508436447	19.460067491563553	20.13498312710911	29.865016872890887	0.0
67.0	30.224719101123597	17.696629213483146	20.617977528089888	31.46067415730337	0.0
68.0	29.735806632939855	19.67397414277684	19.898819561551434	30.69139966273187	0.0
69.0	30.877390326209227	19.910011248593925	19.572553430821145	29.640044994375703	0.0
70.0	29.166666666666668	17.736486486486484	19.20045045045045	33.8963963963964	0.0
71.0	32.39752947782144	18.921953958450306	18.304323413812465	30.376193149915775	0.0
72.0	30.376193149915775	20.26951151038742	19.932622122403142	29.42167321729365	0.0
73.0	31.011235955056183	18.314606741573034	19.213483146067414	31.46067415730337	0.0
74.0	29.51739618406285	19.47250280583614	18.967452300785634	32.04264870931537	0.0
75.0	30.151600224592922	17.911285794497473	20.71869736103313	31.21841661987647	0.0
76.0	29.325842696629213	18.820224719101123	18.98876404494382	32.86516853932584	0.0
77.0	29.086809470124013	18.26381059751973	20.011273957158963	32.6381059751973	0.0
78.0	29.723632261703326	19.85335589396503	18.83812746756909	31.584884376762552	0.0
79.0	30.855855855855857	18.806306306306304	18.63738738738739	31.70045045045045	0.0
80.0	30.574324324324326	20.60810810810811	19.48198198198198	29.335585585585584	0.0
81.0	32.49299719887955	17.703081232493	20.392156862745097	29.411764705882355	0.0
82.0	31.785114717403466	18.074986010072745	19.250139899272522	30.88975937325126	0.0
83.0	30.837988826815643	18.100558659217878	19.888268156424584	31.1731843575419	0.0
84.0	28.667038482989405	16.899051868377022	22.197434467373117	32.23647518126046	0.0
85.0	32.0	17.11111111111111	21.166666666666668	29.72222222222222	0.0
86.0	32.74139844617092	18.312985571587127	18.590455049944506	30.355160932297448	0.0
87.0	31.43015521064302	18.015521064301552	19.955654101995567	30.598669623059866	0.0
88.0	32.50276854928018	16.72203765227021	20.431893687707642	30.34330011074197	0.0
89.0	29.75663716814159	19.081858407079647	19.579646017699115	31.581858407079643	0.0
90.0	30.0	18.45303867403315	20.22099447513812	31.325966850828728	0.0
91.0	30.629139072847682	20.97130242825607	16.99779249448124	31.40176600441501	0.0
92.0	32.32211803640375	18.036403750689463	17.8157749586321	31.825703254274686	0.0
93.0	33.42526199669057	16.933259790402648	19.415333701047988	30.2261445118588	0.0
94.0	32.068206820682065	18.976897689768975	16.996699669966997	31.95819581958196	0.0
95.0	33.33333333333333	17.766776677667767	19.636963696369637	29.262926292629267	0.0
96.0	32.967032967032964	18.021978021978022	18.13186813186813	30.87912087912088	0.0
97.0	32.27222832052689	18.00219538968167	18.825466520307355	30.900109769484086	0.0
98.0	31.009879253567508	18.05708013172338	21.07574094401756	29.857299670691546	0.0
99.0	33.04061470911087	17.014270032930845	19.538968166849617	30.40614709110867	0.0
100.0	32.209944751381215	18.50828729281768	19.502762430939228	29.77900552486188	0.0
101.0	34.81894150417828	16.601671309192202	17.77158774373259	30.80779944289694	0.0
102.0	32.06064008983717	19.595732734418867	19.48343627175744	28.860190903986528	0.0
103.0	32.88212069937958	17.710095882684715	19.51494641849972	29.892836999435985	0.0
104.0	31.10481586402266	18.47025495750708	19.320113314447593	31.10481586402266	0.0
105.0	30.296127562642365	18.223234624145785	19.419134396355354	32.06150341685649	0.0
106.0	30.751577739529544	19.334480780263913	19.047619047619047	30.866322432587495	0.0
107.0	30.29953917050691	19.527649769585253	18.37557603686636	31.797235023041477	0.0
108.0	31.57894736842105	19.491035280508964	18.912666281087333	30.017351069982652	0.0
109.0	29.40151074956421	18.41952353282975	19.58163858221964	32.59732713538641	0.0
110.0	31.563593932322053	17.444574095682615	21.995332555425904	28.996499416569428	0.0
111.0	30.737704918032787	19.730679156908664	19.20374707259953	30.327868852459016	0.0
112.0	30.782813419658623	18.893466745144202	18.893466745144202	31.43025309005297	0.0
113.0	33.175074183976264	17.922848664688427	19.34718100890208	29.554896142433236	0.0
114.0	30.95380923815237	18.056388722255548	19.556088782243553	31.43371325734853	0.0
115.0	30.127041742286753	19.72171808832426	18.148820326678766	32.002419842710225	0.0
116.0	30.36041539401344	18.448381185094686	19.73121563836286	31.459987782529016	0.0
117.0	32.01727328809377	17.766810610734115	18.568784700801974	31.647131400370142	0.0
118.0	30.16759776536313	19.925512104283055	17.318435754189945	32.588454376163874	0.0
119.0	29.781931464174455	19.68847352024922	20.498442367601246	30.03115264797508	0.0
120.0	32.622333751568384	18.569636135508155	17.314930991217064	31.493099121706397	0.0
121.0	31.838281743524956	17.182564750473784	19.898926089703096	31.080227416298168	0.0
122.0	29.95538559592097	19.694072657743785	18.228170809432758	32.122370936902485	0.0
123.0	31.065468549422338	19.961489088575096	20.282413350449293	28.690629011553277	0.0
124.0	31.909385113268605	18.25242718446602	18.77022653721683	31.06796116504854	0.0
125.0	29.231770833333332	19.53125	19.3359375	31.901041666666668	0.0
126.0	33.55134074558535	17.985611510791365	18.574231523871813	29.888816219751472	0.0
127.0	31.499672560576293	18.205631958087753	19.71185330713818	30.582842174197772	0.0
128.0	28.20343461030383	18.229854689564068	21.070013210039633	32.496697490092465	0.0
129.0	29.69374167776298	19.10785619174434	21.50466045272969	29.69374167776298	0.0
130.0	31.547220361687877	18.352310783657067	19.089082384460816	31.011386470194243	0.0
131.0	30.23569023569024	18.855218855218855	19.124579124579125	31.784511784511782	0.0
132.0	30.305084745762713	18.847457627118644	19.796610169491522	31.050847457627118	0.0
133.0	31.722260040844112	17.631041524846836	19.945541184479236	30.701157249829812	0.0
134.0	30.958904109589042	18.63013698630137	18.21917808219178	32.19178082191781	0.0
135.0	29.97932460372157	17.780840799448654	19.572708476912474	32.6671261199173	0.0
136.0	29.46490618485059	17.92911744266852	21.95969423210563	30.64628214037526	0.0
137.0	31.28491620111732	19.553072625698324	22.3463687150838	26.81564245810056	0.0
138.0	32.01970443349754	18.93033075299085	18.508092892329344	30.541871921182267	0.0
139.0	31.134751773049647	21.06382978723404	17.30496453900709	30.49645390070922	0.0
140.0	29.914529914529915	19.159544159544158	18.803418803418804	32.12250712250712	0.0
141.0	32.27893601725377	17.325664989216392	23.005032350826742	27.39036664270309	0.0
142.0	27.438136826783115	20.66957787481805	22.343522561863175	29.54876273653566	0.0
143.0	27.973568281938327	20.190895741556535	18.4287812041116	33.40675477239354	0.0
144.0	25.945144551519643	21.645663454410673	17.272053372868793	35.13713862120089	0.0
145.0	31.33535660091047	18.89226100151745	15.781487101669194	33.99089529590288	0.0
146.0	35.50613496932515	13.190184049079754	19.018404907975462	32.285276073619634	0.0
147.0	35.68075117370892	14.319248826291082	21.517996870109545	28.482003129890455	0.0
148.0	33.789219629927594	16.411906677393404	20.193081255028158	29.605792437650848	0.0
149.0	31.47656940760389	21.043324491600355	20.07073386383731	27.409372236958447	0.0
150.0	19.167904903417536	25.40861812778603	24.814264487369986	30.60921248142645	0.0
