# Position (bp)	A	C	G	T	N
0.0	25.833777545479826	24.013012531397724	24.139800485287346	26.013409437835104	0.0
1.0	26.8533309565099	20.70060332086078	15.596519222847965	36.849546499781354	0.0
2.0	29.373749463734	19.882861479337084	17.219074125480837	33.52431493144808	0.0
3.0	23.579908997095043	22.64363770537258	15.071655018908112	38.70479827862427	0.0
4.0	34.230809321482255	13.33020866057216	14.457383178351582	37.98159883959399	0.0
5.0	35.21264347765412	14.88178528312626	23.380287253731954	26.52528398548767	0.0
6.0	31.606406521678643	17.41995632166045	20.920898207037176	30.05273894962373	0.0
7.0	34.95877458456346	17.41736139753387	20.20883661045821	27.415027407444466	0.0
8.0	22.442907704747803	27.05058473011131	23.10252300147954	27.403984563661343	0.0
9.0	27.343465166531416	18.490708513758648	15.498515919643275	38.66731040006666	0.0
10.0	26.963106954555236	16.596731058747785	24.82912785032593	31.611034136371046	0.0
11.0	27.741713938735856	18.944647240968546	19.092745327370583	34.220893492925015	0.0
12.0	26.204754794807094	20.215381585755253	20.53919928426226	33.04066433517539	0.0
13.0	26.55233046531747	20.85763972332919	19.012893745497628	33.57713606585572	0.0
14.0	30.47811909519609	18.6148612169704	20.11056106728653	30.796458620546986	0.0
15.0	29.712558812874114	18.68831198599779	20.170460565875103	31.428668635252993	0.0
16.0	29.10089194750353	18.35557063174437	18.526417552989432	34.017119867762666	0.0
17.0	30.33760395374173	17.88511088759524	19.70471493388926	32.07257022477377	0.0
18.0	31.93996960190548	17.84331819291214	19.185528281141	31.031183924041382	0.0
19.0	30.06829407813807	18.575850857600802	20.137216704564572	31.21863835969656	0.0
20.0	29.861262381572345	17.811660118567847	19.996196994530045	32.33088050532976	0.0
21.0	29.232281605779413	19.021802984998885	19.95232836054568	31.79358704867602	0.0
22.0	29.910061371397216	18.853579820370705	22.5844319833625	28.651926824869577	0.0
23.0	29.854342583901467	20.120883098812257	21.138093356432	28.88668096085427	0.0
24.0	33.29603370172126	19.422055615278854	17.54648770532157	29.735422977678315	0.0
25.0	29.53940529240542	20.87221454717349	19.599245684388894	29.9891344760322	0.0
26.0	31.81513933517179	16.667312994990787	22.41522851406427	29.10231915577315	0.0
27.0	26.01894381109875	21.314937435658496	24.929032429199296	27.73708632404346	0.0
28.0	27.04525071940667	19.627833098516728	18.721829755966127	34.60508642611047	0.0
29.0	28.240977340690037	20.345675609399912	17.25104117726518	34.16230587264487	0.0
30.0	26.96085281102593	18.948546349439983	15.837495865405193	38.25310497412889	0.0
31.0	34.63866092887367	14.46019297299289	18.427011576464526	32.474134521668915	0.0
32.0	34.386259127679594	15.363304627360366	22.77694814555888	27.473488099401163	0.0
33.0	31.375859994962376	17.373028666276365	21.12810465093696	30.123006687824294	0.0
34.0	32.7597311075331	16.723155743905565	22.00759982736352	28.509513321197815	0.0
35.0	26.74632762303803	20.051755565269747	25.583435744744026	27.6184810669482	0.0
