# Position (bp)	A	C	G	T	N
0.0	32.20977421693411	15.668791713066419	27.771840270252092	24.33800943191755	0.011584367829836848
1.0	27.7677317153361	17.612532504408644	20.866335893833877	33.74704845024957	0.006351436171802612
2.0	30.582497161047712	19.58337211683452	18.471247463559024	31.35953236405607	0.003350894502671407
3.0	30.86588556141014	18.579411132602623	20.339862306113226	30.21298828342115	0.0018527164528631878
4.0	32.32907133740105	18.328304030574223	19.886896022547017	29.454621916939033	0.0011066925386789043
5.0	32.309748779887705	18.30811094667494	20.33557219502701	29.0447319425216	0.0018361358887448544
6.0	27.6141497434098	18.489115019664606	17.677675921458544	36.21869380235975	3.655131073000278E-4
7.0	27.044315627932008	20.08458735480868	19.812933210173757	33.05780014691871	3.6366016684728455E-4
8.0	25.887130015981718	19.401517178539663	20.631603306263244	34.07938792187037	3.6157734500987107E-4
9.0	29.66488080256014	17.80015101938082	20.17690841753263	32.35734062061774	7.191399086692316E-4
10.0	28.746977955166447	20.817776061113257	21.331344863596698	29.102470566356235	0.0014305537673633462
11.0	26.57992763445795	20.286900556083296	20.92374578846065	32.20835868261982	0.001067338378286068
12.0	27.994593083534735	19.404743790715532	21.09086662821434	31.509088785956173	7.077115792230035E-4
13.0	28.91243136702802	18.530550471631706	21.793608334506548	30.763409826833733	0.0
14.0	29.068696300914524	18.775984840789764	21.48593885178089	30.66902974749828	3.5025901654273334E-4
15.0	28.780516710120878	18.722724927847413	21.968894218033267	30.52716701755364	6.971264447945568E-4
16.0	29.39618258412357	18.80311356898913	21.682298077423155	30.11840576946414	0.0
17.0	27.698765568473664	20.474441468062192	21.459294137140645	30.36749882632349	0.0
18.0	28.200142900327023	19.82638984308445	21.047912830800517	30.925554425788015	0.0
19.0	27.553513361636224	19.140428243953085	21.629437745637208	31.676620648773486	0.0
20.0	27.58227731141325	19.10387285986592	20.534678470841474	32.779171357879356	0.0
21.0	28.109092399882474	18.952464247401828	20.963355722123904	31.975087630591787	0.0
22.0	28.17226912271239	19.03276131045242	20.24838105121579	32.546588515619405	0.0
23.0	27.811250115078916	18.430016673656645	19.542957681645678	34.21577552961876	0.0
24.0	28.009756861996955	18.81330121926708	19.439116704197428	33.73782521453854	0.0
25.0	29.878713545925322	18.535363859362224	19.395611883346962	32.19031071136549	0.0
26.0	28.522035632085924	18.944676498167247	19.041172960531924	33.4921149092149	0.0
27.0	29.391026843097613	18.38920957254933	19.349328496370575	32.870094136660114	3.4095132237970386E-4
28.0	29.209336245940353	18.20186275077785	19.016347631689257	33.572453371592545	0.0
29.0	29.578792602323855	18.52788422922722	18.975774448475608	32.91754871997332	0.0
30.0	30.004254522557478	18.390429026054697	19.39347526420585	32.211841187181975	0.0
31.0	29.599599531424523	18.458332198218326	19.600484921132207	32.34124281472199	3.405345029558395E-4
32.0	29.886502210686235	18.548985945621887	19.568831027270807	31.995680816421075	0.0
33.0	29.703550911167554	17.724211997749784	20.58880687339118	31.983430217691485	0.0
34.0	29.654295223286137	18.9919387838612	20.015276754780807	31.338148239081214	3.409989906429877E-4
35.0	29.045047135209646	19.129081895507568	19.767787016407762	32.057742764242064	3.4118863295950434E-4
36.0	29.0669252092693	18.191066624790047	20.814614029577637	31.927052750884187	3.413854788272726E-4
37.0	28.845477725704104	18.52226064220152	21.35335420072979	31.278907431364583	0.0
38.0	29.82261489406736	18.19221499238705	20.07326182396679	31.911566901769074	3.4138780972409037E-4
39.0	29.226653729731943	18.984154532596293	19.65446085096788	32.13438924230104	3.4164440283974826E-4
40.0	29.69212774543937	18.57664657961518	20.467930258486835	31.262611407894823	6.840085637872186E-4
41.0	30.27050515280496	18.448820945159923	20.101413770922576	31.178917979388782	3.421517237603843E-4
42.0	29.9604437418304	18.702308360878998	20.243839010135435	31.093066704991067	3.421821640968786E-4
43.0	30.303362135340915	18.120284027718366	20.209427667037385	31.36624176576268	6.84404140645051E-4
44.0	31.32356514804585	17.615248500032514	19.03324400269703	32.02760008625027	3.422629743336996E-4
45.0	30.94426301339851	18.089017602234684	19.66712537912242	31.29788239160351	0.0017116136408760725
46.0	29.30847931190336	18.13992028816786	20.09539397093668	32.45586402421486	3.424047772314519E-4
47.0	28.62818567597467	18.87070976227091	20.284206308160744	32.21655575382486	3.424997688126561E-4
48.0	28.996893153277963	18.61501848333756	19.70172899792191	32.686359365462565	0.0
49.0	29.191738549886896	19.131634681065048	20.12775933738145	31.548867431666604	0.0
50.0	27.985872037491326	19.39365203707903	20.089399218014524	32.53107670741512	0.0
51.0	29.06601507325271	18.267297640035878	20.360232181703836	32.306111437595156	3.4366741242495164E-4
52.0	28.016732774427478	18.93514329846192	20.989242724992863	32.05888120211774	0.0
53.0	29.012921319316597	19.078818327282736	20.285955162505807	31.621961081192683	3.4410970217305277E-4
54.0	27.576520161526307	18.862981489195434	21.228729099177563	32.331424991135336	3.442589653641055E-4
55.0	28.152268573179168	19.713403530995173	20.170525931713897	31.96380196411176	0.0
56.0	29.20271355087219	18.318535592099146	20.13112969298563	32.347276629904876	3.445341381650801E-4
57.0	28.75911603733267	18.084219088189478	21.117154004163393	32.03951087031446	0.0
58.0	28.153696021737858	18.577866972872506	20.854410846859146	32.413681332133336	3.4482639715035466E-4
59.0	27.64153058233174	18.66772430204687	20.520425583280165	33.169629770136744	6.897622044800055E-4
60.0	28.36860091822293	18.920915461355243	21.41116365770306	31.298629569539855	6.903931789153922E-4
61.0	28.234781616586975	18.975311074924196	21.591140890405512	31.198420683241196	3.4573484212018434E-4
62.0	28.301358595162142	19.216639075422595	20.047141282146104	32.43416982612332	6.912211458372934E-4
63.0	28.258644182684662	18.39469625182429	20.360776610387543	32.98553711862883	3.458364746813117E-4
64.0	27.033646760902506	19.231168399858852	21.202717756052337	32.53212113664197	3.459465443399686E-4
65.0	28.235237082772063	19.574002444759177	20.05810631585873	32.13265415661002	0.0
66.0	28.289831571434014	18.80814527613484	20.572123530451233	32.3295531324387	3.4648954121319845E-4
67.0	28.534010553266974	19.920590650345943	20.345700912237426	31.199351421018534	3.4646313112590124E-4
68.0	28.70937777284827	18.704594609582966	20.122213287488908	32.46346772404614	3.4660603371783496E-4
69.0	28.63290726286454	18.78412005400209	20.35594179157831	32.22703089155506	0.0
70.0	29.252277059944927	18.421006941430164	21.564617110156572	30.761751643337583	3.47245130755154E-4
71.0	29.54540718151063	19.112488103756085	20.089890450355323	31.25186692878926	3.473355886990893E-4
72.0	29.819146236760968	18.514308754879366	20.199102509289478	31.46744249907018	0.0
73.0	29.415551874382285	18.871542519871376	20.61646505282793	31.096440552918413	0.0
74.0	29.247817678114057	20.165873887059398	18.73991601763281	31.846392417193737	0.0
75.0	29.12476904646314	18.731248668415333	20.30854344720638	31.83543883791515	0.0
76.0	30.095427254639358	19.395965409805687	19.53793486888806	30.970672466666898	0.0
77.0	29.42107382315355	18.514433765733592	20.026959368380513	32.03753304273235	0.0
78.0	29.476503752799683	17.882143132973383	20.626355957788903	32.014997156438035	0.0
79.0	29.3647159923363	18.54361546263947	20.81912825425448	31.27254029076975	0.0
80.0	29.097553920288988	18.519511489589874	20.467132788192217	31.91580180192892	0.0
81.0	28.94682852979045	18.35568855497545	21.30077677320769	31.396706142026403	0.0
82.0	28.69208930413239	19.07654791820995	21.43568550030659	30.795677277351075	0.0
83.0	29.13934091530467	18.711230573121757	20.151402712040138	31.998025799533437	0.0
84.0	28.678491576353977	18.7897862401914	21.135661288255317	31.396060895199305	0.0
85.0	29.508366334867457	18.12408576831139	21.277605337329195	31.089942559491956	0.0
86.0	29.19327087826986	17.972821673981706	20.65989175886479	32.17401568888364	0.0
87.0	30.11415033383588	17.37202957857707	20.09835594802211	32.41546413956494	0.0
88.0	29.227673879554843	17.83786118429577	21.164643890640523	31.769821045508863	0.0
89.0	28.80503235445907	18.351997747999725	19.674326114180747	33.168643783360466	0.0
90.0	29.557233661107183	17.914199308234185	20.63200593976929	31.8951123666721	0.0014487242172361965
91.0	29.9098070722016	18.98886493599974	18.943423114255282	32.157541342969424	3.6353457395565605E-4
92.0	29.155274612305604	17.92398492238821	19.68364720721509	33.235635075132876	0.0014581829582157673
93.0	29.45707782274886	17.794643968059955	20.22674210098733	32.52153610820385	0.0
94.0	29.489305499504713	18.18101772021866	20.155189492607402	32.17375353120299	7.337564662288586E-4
95.0	28.84441841534342	18.41608009105274	20.16751936528283	32.57087711931519	0.0011050090058233974
96.0	28.85735524169838	18.78261384102752	19.977884533596647	32.38214638367746	0.0
97.0	29.70361278695941	18.65018299398178	19.78411530660299	31.861347295508395	7.416169474304827E-4
98.0	28.92483242957576	18.629439546247948	19.910827598783744	32.53452825343422	3.7217195833162757E-4
99.0	28.809113700815647	18.06599138398078	20.160961885510815	32.9631857600293	7.47269663467107E-4
100.0	28.8916044727165	19.026288267553312	20.112605098716887	31.96875245995659	7.497010567036394E-4
101.0	29.090580841228707	18.992150387591067	19.598078781974852	32.31881386977993	3.761194254399657E-4
102.0	28.698024977449343	19.048984937292186	19.413569646624573	32.83866560486717	7.54833766733721E-4
103.0	29.389246497538814	18.862930708065125	19.808027262400607	31.9394168875426	3.786444528587656E-4
104.0	29.23776630304688	19.405593741332208	18.97168173200044	32.383438391713874	0.001519831906591131
105.0	29.035174729131697	19.59102701052953	19.60247215016023	31.770181596215473	0.0011445139630703494
106.0	30.126358555311995	18.813767458942078	18.739933970673185	32.319174901204676	7.651138680714158E-4
107.0	30.25193947307781	18.299408556724785	19.112835087180276	32.33543282894232	3.8405407481373376E-4
108.0	28.50155075840573	19.1946857592544	20.16603144722021	32.13734627432222	3.857607974447205E-4
109.0	29.68467369285413	18.137944123605124	19.644662382783903	32.532332469584816	3.873311720253935E-4
110.0	28.953471179212613	18.380790810966452	19.3519894786811	33.31374853113984	0.0
111.0	29.088329887882825	17.75116943409941	20.23306616437339	32.926652936969745	7.815766746257226E-4
112.0	28.151072530198025	18.257344457612884	20.475790564245855	33.115007574033235	7.848739100063574E-4
113.0	28.64904690984453	18.208395388603893	19.711511942192068	33.43065175764166	3.9400171784748984E-4
114.0	27.794944431476036	17.457102049052228	20.862034175928088	33.88591934354365	0.0
115.0	28.655277516163775	18.35815023664477	21.157353870363966	31.82921837682749	0.0
116.0	27.722997754640545	19.21220644522042	20.985321262195658	32.079075007790834	3.9953015254061224E-4
117.0	27.42734908958105	18.314731650151902	21.42022948095886	32.83728844849521	4.0133081297582786E-4
118.0	28.564749317823647	18.277892649423826	21.485028395464788	31.671926578880544	4.030584071937865E-4
119.0	28.68731892132828	18.781935693012137	20.285673764612923	32.24466641003303	4.052110136353506E-4
120.0	29.11174971710478	18.638113923329293	21.02094645750059	31.228782858584953	4.070434803845746E-4
121.0	30.05317843409965	18.629223594862147	19.772150863126893	31.545038043033625	4.0906487768960155E-4
122.0	29.74181551904296	18.323446409030698	19.60572975374565	32.328185550554956	8.227676257394624E-4
123.0	30.54388460647765	18.38960201144672	19.4313031395772	31.63396962980117	0.0012406126972574188
124.0	30.044751661551	17.89359419060215	19.796787529425465	32.26403480315091	8.318152704647352E-4
125.0	30.233618090662382	18.37458342218933	19.18536824014953	32.20601210114112	4.181458576380613E-4
126.0	29.96392320435949	18.278489315718215	19.37929410577481	32.377452423200154	8.409509473312421E-4
127.0	28.974837929897813	19.400657577780972	20.291937487850024	31.332144396642803	4.2260782838741306E-4
128.0	29.846599008531733	18.968532584413097	19.806812621008064	31.37720474032467	8.510457224314377E-4
129.0	28.313178175026454	19.154040241776222	20.398905067276676	32.13344813848586	4.28377434790245E-4
130.0	28.7283122348315	18.736418198751338	21.086716567210516	31.44855299920665	0.0
131.0	28.14063808825253	19.416510783092527	20.231156171470484	32.21169495718446	0.0
132.0	27.84502044954032	19.095850665920928	21.30029363442514	31.75883525011361	0.0
133.0	27.89242010740382	18.766616779646096	21.12685975878158	32.2141033541685	0.0
134.0	26.945013615760576	19.37429592769011	21.05209469828007	32.62859575826925	0.0
135.0	28.654395997140814	17.42494639027877	21.51402787705504	32.40662973552538	0.0
136.0	28.219586172137273	19.053362013878264	21.60041040779775	31.126641406186717	0.0
137.0	28.762890334740927	19.278866194247605	20.70745056817152	31.249433640828606	0.0013592620113453068
138.0	30.04029126657104	18.50428951239345	21.017240276648426	30.436351676061875	0.0018272683252172166
139.0	28.92504935504802	19.489376584768735	21.853817020473716	29.72945610506988	0.0023009346396506264
140.0	28.96768897566586	19.09582929464853	20.21954986249148	31.71600432235893	9.275448351984715E-4
141.0	29.855415376845883	18.173613773883115	19.671832184574523	32.29867105595407	4.6760874241304814E-4
142.0	30.34433995616206	18.820146597845813	21.696952556034788	29.13808951424733	4.7137571000966326E-4
143.0	30.834220329962747	18.229681441496236	20.073842469398617	30.86130540561089	9.503535315137231E-4
144.0	30.88128116609129	18.34915611814346	19.24673954737246	31.52282316839279	0.0
145.0	27.842945189869123	19.389877849491565	19.762778766468983	33.00391327750326	4.849166670707639E-4
146.0	27.92677083281876	19.844590555887624	20.268434494375917	31.9582281545005	0.001975962417194825
147.0	28.081747952251256	19.124808893658813	20.069456397379692	32.71943057903956	0.004556177670679478
148.0	29.677446575111283	19.217138155812926	19.384321667405015	31.71423749551716	0.006856106153618969
149.0	29.93323634105246	22.09813855328154	15.403946014019793	32.554903189819264	0.009775901826943536
150.0	23.57649383377567	26.979847790959553	13.319546889259131	36.11657638499343	0.007535101012215236
