# Position (bp)	A	C	G	T	N
0.0	28.43747747747748	24.118198198198197	18.757477477477476	28.686846846846848	0.0
1.0	27.19927927927928	21.135855855855855	14.265225225225226	37.39963963963964	0.0
2.0	28.225783208922962	20.018301294060006	18.33443813586189	33.42147736115514	0.0
3.0	24.04067757547822	22.84728624106937	15.382288545747869	37.72974763770454	0.0
4.0	33.39165118723631	13.905568275087477	15.574466859619566	37.12831367805664	0.0
5.0	35.2164586302711	16.0864682762493	22.542795030161678	26.154278063317925	0.0
6.0	32.28056285313276	17.862309713175225	20.449850649584338	29.407276784107676	0.0
7.0	34.14685052970981	17.489780055274068	20.366478581298942	27.99689083371718	0.0
8.0	24.60077003346407	25.137634485984673	21.479615702925408	28.78197977762585	0.0
9.0	29.578164128839123	18.239975821075962	15.806251978929794	36.37560807115512	0.0
10.0	27.615312657408076	17.303015039217097	24.13038785349356	30.951284449881268	0.0
11.0	28.863657622264917	18.87955907642052	18.543541922996667	33.713241378317896	0.0
12.0	27.058120961823494	19.79695796698948	20.830875052163528	32.3140460190235	0.0
13.0	26.732139002805955	21.423843441974245	18.16461615943593	33.67940139578387	0.0
14.0	31.55024818358391	18.048341845910365	19.390691317171427	31.01071865333429	0.0
15.0	30.612391671760943	18.182602754503936	19.58646481354957	31.618540760185553	0.0
16.0	30.511594463419016	17.06561207981305	18.74456228653604	33.67823117023189	0.0
17.0	29.93853121967001	18.1358064632086	19.244401308458247	32.68126100866314	0.0
18.0	31.55636065644476	17.645367435106714	19.146305521410653	31.651966387037877	0.0
19.0	29.779985193384462	18.791463914265382	19.230631006202966	32.19791988614719	0.0
20.0	30.647282448563075	18.040114695546563	19.079992238647225	32.23261061724314	0.0
21.0	30.022708000977303	17.76829215711637	19.125741962373706	33.08325787953262	0.0
22.0	29.674925270177056	18.13132329271097	19.477178661761325	32.716572775350656	0.0
23.0	29.75470261104485	17.74274669847246	19.525356018911037	32.97719467157166	0.0
24.0	31.094187800847763	18.040807529276528	19.00783102234356	31.85717364753215	0.0
25.0	29.405806159615512	18.704426101137237	19.238920379031157	32.6508473602161	0.0
26.0	30.44933730828634	17.868611041270068	20.0653712151144	31.616680435329194	0.0
27.0	29.71367410855386	18.524265149556072	19.696577881217138	32.06548286067293	0.0
28.0	30.481191233829204	18.038745268178456	18.514261907669322	32.96580159032302	0.0
29.0	30.106020773175885	18.43439785085262	19.24104641641167	32.218534959559825	0.0
30.0	30.30636066515821	18.489386919512985	18.846388679380812	32.357863735947994	0.0
31.0	29.869057110637044	18.098562716831513	18.98635981640701	33.04602035612444	0.0
32.0	29.945552235375246	18.23784622457189	19.683082404321343	32.133519135731525	0.0
33.0	30.585387229090493	18.591019129785142	18.905658479817824	31.917935161306545	0.0
34.0	30.403706630270815	18.005172042238346	18.79965519718411	32.79146613030673	0.0
35.0	30.674348603817503	17.84900970539005	19.66652538415672	31.810116306635727	0.0
36.0	30.13391574228404	17.993131789183288	19.177107879763206	32.69584458876947	0.0
37.0	29.390294722018652	18.982339670359675	18.861634406748	32.765731200873674	0.0
38.0	29.852065266591467	19.11943268933706	19.27821644884792	31.750285595223556	0.0
39.0	29.43281265717283	18.574056244521405	19.641753725445113	32.351377372860654	0.0
40.0	30.124888620620276	18.52706159638987	19.578339225661807	31.769710557328047	0.0
41.0	29.921384325730465	18.609063079377396	19.502292358326507	31.967260236565632	0.0
42.0	30.035571844346233	18.533290215946245	20.270920915525853	31.16021702418167	0.0
43.0	30.218552137010125	18.765586482970757	19.11558612362821	31.90027525639091	0.0
44.0	30.576397872646254	18.336208135690672	20.140865315509558	30.946528676153513	0.0
45.0	30.570030115069752	18.599469572279762	19.788978890701703	31.04152142194878	0.0
46.0	30.163156759864872	18.593401854380794	19.31718536620427	31.92625601955006	0.0
47.0	29.66836294635156	18.660514058996032	19.903254556954746	31.76786843769766	0.0
48.0	30.417469307955493	18.109743825651936	19.140478997153618	32.33230786923895	0.0
49.0	29.687320299022428	18.617021276595743	19.28191489361702	32.413743530764805	0.0
50.0	29.613841885072674	18.473338413100045	20.087841626292104	31.82497807553517	0.0
51.0	30.673011947723317	17.950340028467497	19.516771382974134	31.859876640835044	0.0
52.0	30.144352426961124	17.814009661835748	19.509144237405106	32.53249367379802	0.0
53.0	30.65260524499655	17.897400506096158	19.07637451115712	32.37361973775017	0.0
54.0	30.6126117058371	18.151165047845687	19.81408122622993	31.42214202008728	0.0
55.0	29.96376394800414	17.907367997239156	19.010266881398827	33.118601173357874	0.0
56.0	29.85584354890894	18.069525829528704	19.644821512025022	32.42980910953733	0.0
57.0	29.533149747269576	17.702633717042588	20.04299652720357	32.721220008484266	0.0
58.0	29.71641812508089	18.015070679762434	19.479716418125083	32.78879477703159	0.0
59.0	29.625315472723745	18.31934827469675	20.101814102978928	31.953522149600584	0.0
60.0	29.653491331890447	18.4859749915512	19.22659322801694	32.633940448541416	0.0
61.0	29.387655315232397	18.019443166129776	19.42087551771744	33.17202600092038	0.0
62.0	29.77802385866009	17.858041691534417	19.482415203963498	32.88151924584199	0.0
63.0	29.509222306115845	17.76363570991982	19.570704346888146	33.15643763707619	0.0
64.0	29.553136101482835	18.500194163586418	19.784550331516346	32.1621194034144	0.0
65.0	29.77857363739006	18.136250206755697	19.86652571321726	32.21865044263698	0.0
66.0	30.50053937432578	18.18914059690759	19.94965839626034	31.360661632506293	0.0
67.0	29.448527825323996	17.758871164938224	19.92937588999324	32.86322511974454	0.0
68.0	29.980077532203193	17.970497486316788	19.61823660987205	32.431188371607966	0.0
69.0	29.48931885204632	17.641516219520966	20.4286844565921	32.44048047184061	0.0
70.0	29.276327619814857	17.415322203600738	19.986045875980924	33.32230430060348	0.0
71.0	30.716387204442626	17.443190401173958	19.685362221886532	32.15506017249689	0.0
72.0	29.733326619139767	18.614622074829686	19.72102525735744	31.931026048673104	0.0
73.0	29.634399010100427	18.20667031164571	18.726079825041005	33.432850853212855	0.0
74.0	30.09668925626969	18.056574725543516	19.66230701716522	32.18442900102157	0.0
75.0	30.257856567284446	18.41904570047197	19.470904800276276	31.852192931967306	0.0
76.0	30.74947298745962	17.852235036800945	18.5033563324244	32.89493564331504	0.0
77.0	30.44926681152955	17.54399850340332	20.04576132160999	31.96097336345714	0.0
78.0	30.374901057782257	18.380945527811758	18.65510541843563	32.589047995970354	0.0
79.0	30.14529674647553	18.073216894434967	19.230409407226695	32.551076951862804	0.0
80.0	30.09730398859989	18.543894750478604	19.63856462222734	31.72023663869417	0.0
81.0	31.20132440797524	17.75570431152379	18.749730079896352	32.29324120060462	0.0
82.0	30.470054707745465	18.370285056147424	18.955513964871866	32.204146271235246	0.0
83.0	30.802012770583026	18.374810132960917	18.204199750923237	32.61897734553282	0.0
84.0	28.856828146260337	17.899541406593087	20.114036413900347	33.12959403324622	0.0
85.0	28.782064665692335	17.872698867522445	18.888544913930268	34.45669155285495	0.0
86.0	30.763138378681948	16.838869008618516	22.915751654222497	29.482240958477036	0.0
87.0	30.06286047566587	20.41705369422303	20.58410558831789	28.935980241793214	0.0
88.0	32.2747665032009	18.353532516724634	18.699907105359806	30.671793874714652	0.0
89.0	28.28593445054985	23.36648494494336	18.922344570313342	29.425236034193453	0.0
90.0	33.575081022686355	14.975873244508461	19.46128916096507	31.987756571840116	0.0
91.0	27.27004271072666	20.954185002989032	26.806202778718102	24.96956950756621	0.0
92.0	25.9547098056728	19.54652184560423	17.84813955833417	36.6506287903888	0.0
93.0	27.877495750381748	19.54824397130427	18.66446742919704	33.90979284911694	0.0
94.0	24.05946798625667	21.887762819543184	17.02861752778558	37.02415166641456	0.0
95.0	33.65800943770037	14.258131911674651	16.21339288930514	35.870465761319835	0.0
96.0	35.09227033298025	15.497524805983701	23.172427707761372	26.237777153274678	0.0
97.0	30.84380946888876	17.074419006977685	20.923677988581975	31.158093535551583	0.0
98.0	34.776119402985074	13.46095608911962	22.308746124450213	29.454178383445097	0.0
99.0	27.32713245367366	17.798687720816208	25.254163962794724	29.62001586271541	0.0
