# Position (bp)	A	C	G	T	N
0.0	25.94371424351969	25.086521853590256	23.41772558285872	25.552038320031333	0.0
1.0	25.3786735670119	20.53987068273608	14.884969275913216	39.196486474338805	0.0
2.0	27.97056540344259	19.008025867544315	18.512102956932335	34.509305772080765	0.0
3.0	23.59888436508191	22.53646651492322	15.313051005033179	38.551598114961685	0.0
4.0	33.04361760087171	14.108899785277057	14.675511970002884	38.17197064384835	0.0
5.0	34.42654465761852	15.901546900431901	22.583208376587592	27.08870006536199	0.0
6.0	32.23185508416473	17.933783151675925	20.610266366787773	29.224095397371574	0.0
7.0	34.168439398211035	17.687162006304945	19.529307737652818	28.6150908578312	0.0
8.0	23.670367831262773	26.019208467615346	21.726455531564547	28.583968169557334	0.0
9.0	29.49181210117629	18.901360805719996	15.67937777094385	35.92744932215986	0.0
10.0	26.622290843162	16.968306949151458	24.18589156325477	32.22351064443178	0.0
11.0	27.71713366901129	18.425132285300634	20.05483594060294	33.80289810508514	0.0
12.0	26.111214312709386	19.861254347812164	20.991845650266153	33.0356856892123	0.0
13.0	27.002946451447606	20.885216500128106	18.419164745067896	33.69267230335639	0.0
14.0	30.262214024030946	18.263392514026595	20.05226346937207	31.42212999257039	0.0
15.0	29.542980107850546	19.037158483944104	18.777779200983723	32.642082207221634	0.0
16.0	29.25137833217005	16.94916339559574	18.76388737697465	35.03557089525956	0.0
17.0	29.81363278424041	18.03363700967368	20.31921227680429	31.833517929281612	0.0
18.0	31.053244741457668	17.217805430733186	18.548603909820642	33.180345917988504	0.0
19.0	29.87187527999283	18.015538802206663	19.589258514982017	32.52332740281849	0.0
20.0	30.46124115335884	17.636331059549253	19.462610543020592	32.439817244071314	0.0
21.0	29.78700261687984	17.556768377342554	19.68418291286238	32.97204609291523	0.0
22.0	28.74097106261556	18.302271869381904	19.65861179887782	33.29814526912471	0.0
23.0	29.526015110707366	17.516137493362677	20.319487182767908	32.63836021316205	0.0
24.0	30.74005130271802	18.494565877935354	18.339122480441638	32.42626033890499	0.0
25.0	29.441903604439183	17.811750407778167	19.2042728755557	33.54207311222695	0.0
26.0	31.294492379131032	17.660076624431554	19.898047292240978	31.147383704196436	0.0
27.0	29.273050552599262	17.981221858370855	19.5961676217765	33.14955996725338	0.0
28.0	29.87816187521985	17.503757474976815	19.86377154552141	32.75430910428192	0.0
29.0	29.476134742928046	17.994717217649352	19.75926885268968	32.76987918673292	0.0
30.0	30.036646435446634	17.77448052238758	19.30813064805991	32.88074239410587	0.0
31.0	29.508374957629556	18.097455215241848	19.775004956542315	32.61916487058628	0.0
32.0	30.08570514870483	17.94435561240806	19.433962264150946	32.53597697473617	0.0
33.0	30.79993347746549	17.703949135846692	19.569778300860953	31.92633908582686	0.0
34.0	29.68670044007778	17.844258520110532	19.84763586122198	32.621405178589704	0.0
35.0	30.06147134642078	18.214324550798615	19.4885276940889	32.2356764086917	0.0
36.0	29.96967913617522	17.593137505757124	19.19489790696484	33.24228545110281	0.0
37.0	28.67478665830785	19.057458323204667	19.13614206573611	33.13161295275137	0.0
38.0	29.95816220780716	17.99728758044499	19.4309036707225	32.613646541025346	0.0
39.0	28.512023951942577	18.865993231529046	20.02968403139854	32.592298785129834	0.0
40.0	30.05073284327838	18.069337018341873	19.669372844813797	32.21055729356595	0.0
41.0	29.811777049851575	17.801847681441295	20.907334425222643	31.47904084348449	0.0
42.0	30.10185149642368	18.635241129579157	19.32491395084002	31.937993423157142	0.0
43.0	29.704725039188713	18.21299465753863	19.557887328449404	32.52439297482325	0.0
44.0	29.311613443980217	18.282328703140895	20.564580627411335	31.84147722546755	0.0
45.0	29.31785753133658	19.277994970790914	19.5499305764395	31.854216921433004	0.0
46.0	29.979396483325228	17.75677612551509	19.243812546389904	33.02001484476978	0.0
47.0	29.71205528538521	17.979907857691323	20.027514717174302	32.280522139749166	0.0
48.0	30.087470645823867	18.636942430621765	19.238423096857584	32.03716382669678	0.0
49.0	29.139763615770043	18.22603042151135	19.082235347569288	33.55197061514932	0.0
50.0	29.663142805948755	18.443315330073975	19.75900376276653	32.134538101210744	0.0
51.0	30.08530708631183	18.71444204813803	19.189294696625474	32.01095616892467	0.0
52.0	29.765379003148762	18.703760591864423	19.111435373627216	32.4194250313596	0.0
53.0	31.02371275880828	18.072898332746647	19.59806713814842	31.30532177029665	0.0
54.0	30.34548526663424	18.255421008166714	19.45674713909014	31.942346586108904	0.0
55.0	29.117918128056118	17.880366606077676	18.81736258672333	34.184352679142876	0.0
56.0	29.1224229855924	18.41881244519544	20.233363415836198	32.22540115337596	0.0
57.0	28.82224924790373	18.161044613710555	19.349036676694617	33.6676694616911	0.0
58.0	29.5385009281188	17.84868463163285	19.254304550982525	33.358509889265825	0.0
59.0	29.649614665744938	17.350282919835113	20.48800471106332	32.51209770335664	0.0
60.0	29.747410736003893	18.225345981999975	19.766742200202277	32.260501081793855	0.0
61.0	30.232751667541514	17.491582276050135	19.37036705117208	32.90529900523627	0.0
62.0	29.1174004058665	18.1173940041867	19.61346657362892	33.15173901631788	0.0
63.0	29.088511324789064	18.023635455744337	19.958260246085295	32.929592973381304	0.0
64.0	28.575269849806016	18.476548995505702	19.707038502413603	33.241142652274675	0.0
65.0	29.878228357043163	17.824628346799493	20.664686223542517	31.632457072614823	0.0
66.0	30.261532059284868	17.796984538557574	20.562117865488652	31.379365536668907	0.0
67.0	29.19382306618692	17.551890597590177	19.357977899279103	33.8963084369438	0.0
68.0	29.381598407098906	18.06418981644504	20.24098391093071	32.31322786552535	0.0
69.0	29.59754660930137	17.625742675681213	19.71675886088916	33.05995185412825	0.0
70.0	28.186462814996926	18.285827699241956	20.017670559311618	33.510038926449496	0.0
71.0	29.562333538209383	17.390775455849212	20.819248104896538	32.22764290104487	0.0
72.0	29.739419937255906	17.584352391318266	19.951341315064987	32.72488635636084	0.0
73.0	29.818349457993715	17.542691398971694	19.207447864309543	33.431511278725054	0.0
74.0	29.31481588198006	17.946944812616454	20.453075676956274	32.28516362844721	0.0
75.0	30.58506380826146	17.678058026138014	19.494016174577865	32.24286199102266	0.0
76.0	28.676447045715054	18.236073845917407	19.475804127738325	33.61167498062921	0.0
77.0	29.05636454451147	17.72646354426813	21.305439223370605	31.9117326878498	0.0
78.0	29.778813765545152	17.94080354512737	18.405076909284187	33.87530578004329	0.0
79.0	30.110081520521014	17.45422875695614	19.137150431937087	33.29853929058576	0.0
80.0	30.808491562870227	18.04232973647978	19.731676859530594	31.4175018411194	0.0
81.0	30.313218446011287	18.398621864453453	19.254193003016272	32.03396668651899	0.0
82.0	30.030803122578497	17.974678680524868	18.115566143461862	33.87895205343477	0.0
83.0	29.82260646813961	18.37912263848863	19.875120076849186	31.923150816522572	0.0
84.0	30.939481268011527	17.95260967018892	18.696125520333013	32.41178354146654	0.0
85.0	29.433087406496565	17.21295727021211	18.716056973050517	34.6378983502408	0.0
86.0	30.419161676646706	17.484389509750553	19.896890710557493	32.19955810304525	0.0
87.0	29.680224924907616	18.732427741592534	19.659154225988047	31.9281931075118	0.0
88.0	29.71236798452641	17.653086712310344	18.991014301542876	33.64353100162037	0.0
89.0	29.766548179460084	18.52883722419701	20.010247542191053	31.694367054151858	0.0
90.0	30.209694361181565	18.608613224707298	19.305459483001563	31.87623293110957	0.0
91.0	30.065715310514452	18.262579422012706	19.282896085263374	32.38880918220947	0.0
92.0	28.934962786467338	18.4389531532224	20.131176101354033	32.494907958956226	0.0
93.0	30.266132906325062	18.490952762209766	19.453002401921538	31.789911929543635	0.0
94.0	29.762552924371793	17.40723422517439	19.695232482913674	33.134980367540145	0.0
95.0	30.231366419841656	18.29152681339517	20.35601732045402	31.121089446309153	0.0
96.0	30.072192222200872	18.90834086002908	19.215173818629054	31.804293099140995	0.0
97.0	29.637814846132166	18.485279421938657	19.405795987393343	32.47110974453584	0.0
98.0	28.60968047761806	18.090680810720784	21.052732723499116	32.24690598816204	0.0
99.0	29.35324339214104	18.496880244968033	19.279061126699208	32.87081523619172	0.0
100.0	29.454410141914956	18.588805912695356	19.590294351630867	32.36648959375882	0.0
101.0	29.681365777180936	18.498004921835342	20.297751762158413	31.522877538825313	0.0
102.0	30.06121148536009	17.79638652703668	19.426761841622522	32.7156401459807	0.0
103.0	29.389391712436503	17.447332456615353	19.3587065831206	33.804569247827544	0.0
104.0	30.315303966977385	17.849783272933987	19.571326137090367	32.26358662299826	0.0
105.0	30.18786089748569	18.0047386001709	19.47163313394961	32.335767368393796	0.0
106.0	29.17607223476298	17.841389688902726	19.723151968034042	33.259386108300255	0.0
107.0	29.519575729215415	17.838480736234597	20.12101596214839	32.520927572401604	0.0
108.0	29.48121040053657	18.906810619330724	20.18441221861183	31.427566761520882	0.0
109.0	28.61428888222173	18.47027823795672	19.791680254627515	33.12375262519404	0.0
110.0	29.29786511275445	17.54618620815804	21.103242833625128	32.052705845462384	0.0
111.0	29.11044510463427	18.45070606865683	19.828815977175463	32.61003284953343	0.0
112.0	29.080455248734694	17.71431568457766	19.08386436944379	34.121364697243855	0.0
113.0	30.36976224878497	17.642847760409825	20.35071588073033	31.63667411007487	0.0
114.0	30.07365379425645	18.096190933803737	18.872221527444104	32.95793374449571	0.0
115.0	29.53617394631466	17.124159723459137	20.18972603191567	33.14994029831054	0.0
116.0	30.27460468559945	17.62256068538791	20.362657993548048	31.740176635464596	0.0
117.0	29.842113283553413	18.220246337730487	19.647388541783993	32.29025183693211	0.0
118.0	29.670694462886736	18.022838932412693	19.527951135307394	32.77851546939318	0.0
119.0	30.57460408255569	17.86334280032192	19.646550978735856	31.915502138386532	0.0
120.0	29.473747350741792	18.093600458538276	19.750469868436838	32.68218232228309	0.0
121.0	29.596831820701354	17.312790922872466	19.694268026365876	33.396109230060304	0.0
122.0	29.598608509499595	17.868611185442866	20.191329943805194	32.34145036125234	0.0
123.0	28.47563551508405	18.50654793436643	19.714210995701766	33.303605554847756	0.0
124.0	28.93215759547269	17.949269420509996	19.18460070167892	33.933972282338395	0.0
125.0	28.75005898173925	18.156938611805785	19.936501944712205	33.15650046174276	0.0
126.0	29.18221393034826	18.155824140168722	19.739617131732643	32.922344797750384	0.0
127.0	29.844152324163165	17.663640059628676	18.44084564304106	34.05136197316709	0.0
128.0	29.14011224198611	17.73518500903643	20.829313367123696	32.29538938185376	0.0
129.0	30.014778895464854	18.008458704224584	18.97623798789084	33.00052441241972	0.0
130.0	30.162793078734513	17.618511313607044	19.404798471041946	32.8138971366165	0.0
131.0	30.292954585881805	17.909089665175213	20.088118987999945	31.709836760943038	0.0
132.0	30.479174952343076	18.232373794862653	18.68905742145179	32.59939383134249	0.0
133.0	29.894101720073945	18.10441391727427	19.729653579994093	32.271830782657695	0.0
134.0	30.419235936477317	17.26342622894347	20.12814771435461	32.1891901202246	0.0
135.0	29.34842666519325	17.95176395833909	20.378070005801586	32.32173937066607	0.0
136.0	28.354395319045807	18.71827718727279	19.385797874182046	33.54152961949936	0.0
137.0	30.647278181704547	17.764213245557382	22.99882641333861	28.589682159399455	0.0
138.0	30.365339741580467	20.02646884686379	19.501967749799743	30.106223661755998	0.0
139.0	30.16915061528362	19.015127177237996	19.843420446133	30.972301761345385	0.0
140.0	28.86632588754289	21.22820530775156	19.64498284433863	30.26048596036692	0.0
141.0	31.034700625495798	16.96771430777763	21.143302421251413	30.854282645475163	0.0
142.0	26.908707124010554	19.666490765171503	24.047845206684258	29.37695690413368	0.0
143.0	27.186801249903013	19.061726305097658	18.835304822565966	34.916167622433356	0.0
144.0	27.543089120394924	19.294448805810756	18.576591486141464	34.585870587652856	0.0
145.0	26.93437597570322	19.543158014248814	16.903437313729384	36.61902869631859	0.0
146.0	33.236944816387	14.021680294008718	19.544314976781287	33.19705991282299	0.0
147.0	34.23746603212032	15.837299248033817	21.971646705295395	27.953588014550473	0.0
148.0	31.71380812035367	16.934999046906846	20.717312570565554	30.633880262173935	0.0
149.0	32.874889433350816	17.15211622609608	22.948548347958138	27.02444599259497	0.0
150.0	27.16005279191847	18.333283716868607	25.956357357625553	28.550306133587373	0.0
