# Position (bp)	A	C	G	T	N
0.0	47.04067321178121	13.436185133239832	18.59747545582048	20.925666199158485	0.0
1.0	18.671152228763667	44.68741239136529	19.372021306419963	17.269414073451077	0.0
2.0	21.9052893935198	40.792024369980616	15.009692605926336	22.29299363057325	0.0
3.0	47.129909365558916	14.474045591870366	16.314199395770395	22.08184564680033	0.0
4.0	46.934865900383144	14.614121510673234	14.504652435686918	23.946360153256705	0.0
5.0	22.44062244062244	38.35653835653836	14.823914823914825	24.37892437892438	0.0
6.0	24.367002450313098	38.79662401306834	15.600326708412743	21.236046828205826	0.0
7.0	48.980701277521064	14.732264202228867	14.895351997825495	21.39168252242457	0.0
8.0	47.042864894194246	16.793271839392297	15.08410200759631	21.079761258817147	0.0
9.0	23.30806713589605	38.224147265836486	15.322144017325392	23.14564158094207	0.0
10.0	21.395726264538816	12.929402218014607	15.012172031376792	50.66269948606978	0.0
11.0	21.384325343388095	15.486129814166441	14.54349582547805	48.586049016967415	0.0
12.0	23.268921095008054	13.258185721953838	16.264090177133657	47.20880300590446	0.0
13.0	22.483940042826553	38.16916488222698	15.471092077087794	23.87580299785867	0.0
14.0	20.81447963800905	15.437849347883951	41.14985360660101	22.59781740750599	0.0
15.0	43.62150764364787	14.971006852925672	16.236162361623617	25.171323141802848	0.0
16.0	20.828961175236095	15.346274921301154	17.31374606505771	46.51101783840504	0.0
17.0	23.67666232073012	36.297262059973924	15.61929595827901	24.40677966101695	0.0
18.0	21.500908854842898	15.788106985198649	16.982601921578812	45.72838223837964	0.0
19.0	22.282608695652172	40.29503105590062	15.579710144927535	21.842650103519667	0.0
20.0	21.618139654728164	17.13475908271064	15.253800566864209	45.99330069569699	0.0
21.0	23.11635058944131	14.736032803690415	17.17068170169144	44.97693490517683	0.0
22.0	21.756894790602654	13.815117466802858	39.75995914198162	24.66802860061287	0.0
23.0	22.193877551020407	16.1734693877551	15.76530612244898	45.86734693877551	0.0
24.0	46.06369426751593	12.94267515923567	14.929936305732483	26.063694267515924	0.0
25.0	24.205441139079582	13.857106534452072	36.43529112636664	25.502161200101703	0.0
26.0	46.90198070086338	12.849162011173185	14.220416455053325	26.028440832910103	0.0
27.0	20.750887874175543	16.514459665144596	12.734652460679857	50.0	0.0
28.0	21.774397972116603	36.552598225602026	12.902408111533587	28.77059569074778	0.0
29.0	24.53832532253984	12.016190235264357	13.660511004300533	49.78497343789527	0.0
30.0	23.047667342799187	13.412778904665315	36.4604462474645	27.079107505070994	0.0
31.0	24.287169042769857	12.34725050916497	15.020366598778004	48.34521384928717	0.0
32.0	23.439490445859875	14.140127388535031	14.012738853503185	48.40764331210191	0.0
33.0	23.2813697929977	36.69818553539484	15.282392026578073	24.73805264502939	0.0
34.0	23.785166240409207	13.964194373401535	16.342710997442456	45.907928388746804	0.0
35.0	22.361680327868854	36.37295081967213	14.267418032786885	26.997950819672127	0.0
36.0	22.188139059304703	15.567484662576685	14.826175869120656	47.418200408997954	0.0
37.0	44.81964696853415	17.063187515988744	15.298030186748528	22.819135328728578	0.0
38.0	45.81306017925736	15.56978233034571	12.804097311139564	25.813060179257363	0.0
39.0	45.95635430038511	15.789473684210526	11.96405648267009	26.290115532734276	0.0
40.0	22.875481386392813	36.919127086007705	15.40436456996149	24.801026957637998	0.0
41.0	21.404595920475085	12.832429641105087	40.14975471210948	25.613219726310355	0.0
42.0	46.63386846193682	15.199378560331434	15.17348524080787	22.993267736923872	0.0
43.0	47.410876919073644	14.207650273224044	14.519906323185012	23.861566484517304	0.0
44.0	25.20898641588297	37.4085684430512	13.270637408568442	24.111807732497386	0.0
45.0	31.155778894472363	13.850502512562816	17.55653266331658	37.437185929648244	0.0
46.0	31.993355481727576	16.345514950166113	19.102990033222593	32.55813953488372	0.0
47.0	30.63758389261745	17.114093959731544	18.79194630872483	33.45637583892617	0.0
48.0	26.859643217771794	18.243015819589363	18.714237630427466	36.183103332211374	0.0
49.0	26.85309973045822	20.350404312668463	20.047169811320757	32.74932614555256	0.0
50.0	26.155923050961867	21.93722578467769	18.461019237259535	33.44583192710091	0.0
51.0	29.175118323191345	17.985125084516564	17.038539553752535	35.80121703853955	0.0
52.0	28.63913337846987	18.043331076506433	20.20988490182803	33.10765064319567	0.0
53.0	31.28813559322034	18.54237288135593	20.576271186440678	29.593220338983052	0.0
54.0	30.99593495934959	22.933604336043363	17.852303523035232	28.21815718157182	0.0
55.0	30.925737538148525	17.361817565276365	20.278060359443877	31.434384537131233	0.0
56.0	27.387020047570505	19.232076112810056	20.659191301393136	32.7217125382263	0.0
57.0	31.294597349643222	16.887529731566428	20.421338769962624	31.396534148827726	0.0
58.0	28.79972798367902	18.80312818769126	19.68718123087385	32.70996259775586	0.0
59.0	27.87219578518015	20.36029911624745	20.292318150917744	31.475186947654656	0.0
60.0	30.044232732221843	17.48894181694454	19.97277985709425	32.494045593739365	0.0
61.0	28.30832196452933	18.519781718963166	21.79399727148704	31.377899045020463	0.0
62.0	28.439740525776713	19.9044042335268	21.713895527483785	29.9419597132127	0.0
63.0	32.04382060938035	17.322834645669293	20.849024306744266	29.78432043820609	0.0
64.0	29.962290023997255	18.92355159410353	21.391840932464863	29.72231744943435	0.0
65.0	29.708404802744425	18.8336192109777	23.121783876500857	28.336192109777013	0.0
66.0	28.767593546172332	16.031582560933746	21.764503947820117	33.436319945073805	0.0
67.0	28.625429553264603	17.903780068728523	19.79381443298969	33.67697594501718	0.0
68.0	26.891334250343878	19.53232462173315	19.016506189821182	34.55983493810179	0.0
69.0	26.987951807228917	18.82960413080895	22.065404475043028	32.117039586919105	0.0
70.0	27.185134205092908	21.507226428079836	20.19958706125258	31.108052305574674	0.0
71.0	27.984817115251897	19.151138716356108	20.18633540372671	32.67770876466528	0.0
72.0	26.97754749568221	20.207253886010363	19.654576856649395	33.160621761658035	0.0
73.0	28.877374784110536	18.169257340241796	20.72538860103627	32.2279792746114	0.0
74.0	30.31455236778431	16.10784652609748	21.189077082613203	32.38852402350501	0.0
75.0	28.94190871369295	19.571230982019365	22.544951590594746	28.94190871369295	0.0
76.0	28.655578655578655	20.963270963270965	18.191268191268193	32.18988218988219	0.0
77.0	30.072840790842868	20.291363163371486	18.695802983003816	30.939993062781824	0.0
78.0	30.076495132127956	20.479833101529906	18.219749652294855	31.223922114047287	0.0
79.0	29.217391304347828	19.339130434782607	19.304347826086957	32.13913043478261	0.0
80.0	29.36259143155695	18.35597352838732	20.445837687216997	31.835597352838736	0.0
81.0	29.253835425383546	17.817294281729428	18.02649930264993	34.902370990237095	0.0
82.0	30.997210599721058	18.688981868898185	21.37377963737796	28.94002789400279	0.0
83.0	29.124520404604116	18.904778514126264	20.160446459713988	31.810254621555632	0.0
84.0	28.6013254272759	17.997907220090685	20.683641437042205	32.71712591559121	0.0
85.0	32.51833740831296	16.556060076842474	21.585749214111072	29.3398533007335	0.0
86.0	31.086273140062872	18.651763884037724	21.131680055885436	29.130282920013972	0.0
87.0	30.814970269324938	18.81776845050717	21.336131514515564	29.031129765652324	0.0
88.0	33.707077785564124	18.46531184302733	18.570427470217236	29.25718290119131	0.0
89.0	30.105263157894736	16.666666666666664	17.403508771929825	35.82456140350877	0.0
90.0	31.36842105263158	17.05263157894737	18.63157894736842	32.94736842105263	0.0
91.0	30.256230256230253	20.322920322920325	18.322218322218323	31.098631098631095	0.0
92.0	29.72972972972973	18.567918567918568	17.12881712881713	34.57353457353457	0.0
93.0	31.64734808570425	16.96522655426765	19.2483315770987	32.1390937829294	0.0
94.0	30.252986647926917	16.303583977512297	20.098383696416022	33.345045678144764	0.0
95.0	30.309423347398027	16.91279887482419	20.28832630098453	32.48945147679325	0.0
96.0	29.40555750967288	17.200140696447413	19.52163207879001	33.87266971508969	0.0
97.0	33.00457907713984	16.8721380767876	18.034519196900316	32.08876364917224	0.0
98.0	31.664315937940763	20.48660084626234	18.01833568406206	29.830747531734836	0.0
99.0	32.72149664666431	17.755030003529825	18.884574655841863	30.638898693963995	0.0
100.0	31.75221238938053	15.04424778761062	19.43362831858407	33.769911504424776	0.0
101.0	31.79559971611072	18.381831085876506	18.559261887863734	31.26330731014904	0.0
102.0	29.70473141230879	15.652792600498044	21.451440768409817	33.19103521878335	0.0
103.0	28.382720456979648	16.70831845769368	19.85005355230275	35.05890753302392	0.0
104.0	28.510028653295127	20.021489971346703	19.84240687679083	31.626074498567334	0.0
105.0	30.233393177737884	18.456014362657093	19.245960502693	32.064631956912024	0.0
106.0	31.569474442044637	17.350611951043916	18.898488120950326	32.18142548596112	0.0
107.0	30.735930735930733	18.72294372294372	18.83116883116883	31.70995670995671	0.0
108.0	33.01920985864444	17.796303008336352	16.962667633200436	32.22181949981878	0.0
109.0	29.65793304221252	20.705967976710333	20.26928675400291	29.366812227074234	0.0
110.0	27.678244972577698	20.438756855575868	19.488117001828154	32.39488117001828	0.0
111.0	30.033003300330037	17.74844151081775	19.875320865419877	32.34323432343234	0.0
112.0	26.07418288652222	19.059860448035256	21.59383033419023	33.272126331252295	0.0
113.0	29.75663716814159	18.547197640117993	18.47345132743363	33.22271386430678	0.0
114.0	29.094269870609978	17.744916820702404	19.408502772643253	33.75231053604436	0.0
115.0	26.028921023359285	20.57842046718576	20.170559881349647	33.2220986281053	0.0
116.0	29.69156447417317	18.989223337049424	18.171683389074694	33.14752879970271	0.0
117.0	30.958597538232002	17.75456919060052	20.067139127191346	31.219694143976128	0.0
118.0	28.181137724550897	16.691616766467064	21.22005988023952	33.90718562874252	0.0
119.0	23.827392120075046	19.887429643527206	27.054409005628514	29.230769230769234	0.0
120.0	26.250470101541936	20.834900338473112	22.37683339601354	30.53779616397142	0.0
121.0	29.028614457831324	19.164156626506024	18.862951807228914	32.94427710843373	0.0
122.0	29.42954287873064	17.604835663014732	21.382697393275407	31.582924064979224	0.0
123.0	32.60211800302572	17.322239031770046	19.93192133131619	30.14372163388805	0.0
124.0	30.292664386164958	17.293804637020145	20.752565564424174	31.660965412390723	0.0
125.0	27.66768292682927	19.20731707317073	20.007621951219512	33.11737804878049	0.0
126.0	31.118747613592973	19.473081328751434	18.40397098129057	31.004200076365024	0.0
127.0	28.99272309459977	18.498659517426276	21.37112217541172	31.13749521256224	0.0
128.0	30.600461893764436	16.397228637413395	19.51501154734411	33.48729792147806	0.0
129.0	28.84689548785191	18.39568067875048	17.85576552256074	34.90165831083687	0.0
130.0	30.340557275541798	18.653250773993808	17.3374613003096	33.6687306501548	0.0
131.0	30.007763975155278	20.069875776397517	18.439440993788818	31.482919254658388	0.0
132.0	29.571984435797667	18.67704280155642	21.361867704280154	30.389105058365757	0.0
133.0	28.081123244929795	20.63182527301092	20.241809672386896	31.045241809672387	0.0
134.0	26.959247648902824	19.63166144200627	20.219435736677116	33.189655172413794	0.0
135.0	27.49410840534171	16.417910447761194	20.34564021995287	35.74234092694423	0.0
136.0	26.380126182965302	17.665615141955836	20.938485804416406	35.01577287066246	0.0
137.0	28.58270825108567	16.620607974733517	19.89735491512041	34.899328859060404	0.0
138.0	27.976190476190478	18.492063492063494	20.555555555555554	32.976190476190474	0.0
139.0	28.31541218637993	17.522899243329352	19.434488251692553	34.727200318598165	0.0
140.0	28.926282051282055	17.147435897435898	21.434294871794872	32.49198717948718	0.0
141.0	31.40562248995984	18.473895582329316	18.634538152610443	31.4859437751004	0.0
142.0	32.35056542810986	15.347334410339256	19.22455573505654	33.07754442649434	0.0
143.0	32.64311814859927	19.163621599675192	18.514007308160778	29.67925294356476	0.0
144.0	30.587275693311582	17.74061990212072	18.96411092985318	32.70799347471452	0.0
145.0	28.057259713701434	19.67280163599182	19.263803680981596	33.00613496932515	0.0
146.0	29.351395730706077	18.842364532019705	17.980295566502463	33.825944170771756	0.0
147.0	29.731958762886595	18.309278350515466	17.855670103092784	34.103092783505154	0.0
148.0	27.340513670256833	20.7953603976802	19.63545981772991	32.22866611433305	0.0
149.0	30.68893528183716	20.292275574112733	17.286012526096034	31.732776617954073	0.0
150.0	29.431438127090303	19.188963210702344	19.021739130434785	32.357859531772576	0.0
151.0	29.266247379454928	19.161425576519918	19.91614255765199	31.656184486373167	0.0
152.0	28.403361344537814	18.865546218487395	17.100840336134453	35.63025210084034	0.0
153.0	31.350210970464136	18.0168776371308	18.396624472573837	32.23628691983122	0.0
154.0	31.242051716829167	17.295464179737177	19.49978804578211	31.962696057651545	0.0
155.0	29.872340425531913	20.25531914893617	17.78723404255319	32.08510638297872	0.0
156.0	31.551945275758868	16.58828559213339	18.469431380932022	33.390337751175714	0.0
157.0	29.20962199312715	19.5446735395189	21.09106529209622	30.15463917525773	0.0
158.0	28.873543375053952	21.191195511437204	16.40051791109193	33.53474320241692	0.0
159.0	34.44540727902946	14.861351819757365	19.36741767764298	31.325823223570193	0.0
160.0	28.602620087336245	19.213973799126638	22.445414847161572	29.737991266375545	0.0
161.0	30.823117338003502	19.176882661996498	20.796847635726795	29.203152364273205	0.0
162.0	32.216835610401056	18.73071837814015	19.08329660643455	29.969149405024243	0.0
163.0	29.281277728482696	17.74622892635315	17.43566992014197	35.536823425022185	0.0
164.0	28.596881959910913	16.124721603563476	22.00445434298441	33.2739420935412	0.0
165.0	31.02059086839749	17.233661593554164	22.0680393912265	29.677708146821846	0.0
166.0	27.215474583895638	19.523166891587945	20.82771030139451	32.43364822312191	0.0
167.0	28.007262823422607	18.656377666817974	23.377212891511576	29.959146618247846	0.0
168.0	26.800364630811302	19.553327256153143	19.78122151321787	33.86508659981769	0.0
169.0	26.694139194139193	17.307692307692307	20.375457875457876	35.62271062271062	0.0
170.0	28.47926267281106	17.972350230414747	19.078341013824883	34.47004608294931	0.0
171.0	30.31569173630455	17.78087279480037	16.80594243268338	35.097493036211695	0.0
172.0	31.524789522918617	18.98971000935454	16.136576239476145	33.3489242282507	0.0
173.0	30.483795209018318	18.74119304837952	19.63363081258807	31.14138093001409	0.0
174.0	29.30871212121212	18.84469696969697	18.37121212121212	33.47537878787879	0.0
175.0	27.99237005245589	18.741058655221746	21.411540295660465	31.8550309966619	0.0
176.0	28.097982708933717	19.548511047070125	19.30835734870317	33.04514889529299	0.0
177.0	26.88588007736944	23.404255319148938	18.23017408123791	31.479690522243715	0.0
178.0	26.256710590531966	20.790629575402637	21.425085407515862	31.52757442654954	0.0
179.0	25.70162481536189	18.168389955686852	23.387493845396357	32.7424913835549	0.0
180.0	31.858846918489064	16.003976143141152	20.37773359840954	31.759443339960235	0.0
181.0	27.630922693266836	20.0498753117207	20.0	32.31920199501247	0.0
182.0	30.823293172690764	19.32730923694779	19.32730923694779	30.522088353413658	0.0
183.0	29.128672745694022	21.681864235055727	20.060790273556233	29.128672745694022	0.0
184.0	29.23469387755102	21.275510204081634	19.43877551020408	30.051020408163264	0.0
185.0	27.772073921971252	21.611909650924023	22.3305954825462	28.28542094455852	0.0
186.0	29.870801033591732	18.242894056847543	21.44702842377261	30.439276485788113	0.0
187.0	31.787389265242318	21.000521104742052	16.571130797290255	30.640958832725378	0.0
188.0	30.93487394957983	17.699579831932773	19.747899159663866	31.61764705882353	0.0
189.0	29.751191106405507	17.628374801482266	20.01058761249338	32.609846479618845	0.0
190.0	29.15560276155072	17.7376526818906	21.29580456718003	31.81093998937865	0.0
191.0	27.792624265098876	19.989310529128808	20.309994655264564	31.90807055050775	0.0
192.0	30.446476600322754	18.612157073695535	20.064550833781603	30.87681549220011	0.0
193.0	30.392156862745097	17.81045751633987	22.004357298474943	29.793028322440087	0.0
194.0	28.336079077429982	21.746293245469523	21.636463481603517	28.281164195496977	0.0
195.0	29.588431590656285	20.57842046718576	18.46496106785317	31.368186874304783	0.0
196.0	28.43522153673584	19.461581604038138	20.751542344363433	31.35165451486259	0.0
197.0	29.287749287749286	20.284900284900285	20.51282051282051	29.914529914529915	0.0
198.0	27.983539094650205	21.92827748383304	20.75249853027631	29.335684891240447	0.0
199.0	27.79874213836478	23.144654088050316	19.68553459119497	29.371069182389935	0.0
200.0	28.912071535022356	15.499254843517138	20.417287630402384	35.17138599105812	0.0
201.0	31.2375249500998	18.063872255489024	17.365269461077844	33.33333333333333	0.0
202.0	35.7429718875502	17.46987951807229	18.97590361445783	27.81124497991968	0.0
203.0	36.905965621840245	17.290192113245702	19.009100101112235	26.79474216380182	0.0
204.0	36.6869918699187	17.276422764227643	21.341463414634145	24.695121951219512	0.0
205.0	33.743589743589745	18.666666666666668	22.358974358974358	25.23076923076923	0.0
206.0	29.606625258799173	20.18633540372671	19.66873706004141	30.53830227743271	0.0
207.0	29.123173277661795	20.563674321503132	17.954070981210858	32.35908141962422	0.0
208.0	28.088701161562827	17.95142555438226	20.908130939809926	33.051742344244985	0.0
209.0	24.786324786324787	19.230769230769234	21.26068376068376	34.72222222222222	0.0
210.0	27.8494623655914	17.419354838709676	19.892473118279568	34.83870967741935	0.0
211.0	28.540540540540544	19.35135135135135	20.864864864864867	31.243243243243242	0.0
212.0	26.46420824295011	16.377440347071584	24.728850325379607	32.4295010845987	0.0
213.0	27.044711014176663	20.50163576881134	18.429661941112325	34.023991275899675	0.0
214.0	29.46330777656079	23.767798466593646	19.386637458926614	27.38225629791895	0.0
215.0	29.723756906077348	20.773480662983427	18.121546961325965	31.38121546961326	0.0
216.0	31.138392857142854	19.53125	16.852678571428573	32.47767857142857	0.0
217.0	25.6	17.599999999999998	24.342857142857145	32.457142857142856	0.0
218.0	25.323910482921086	18.492343934040047	21.083627797408717	35.100117785630154	0.0
219.0	18.134715025906736	23.44559585492228	25.906735751295333	32.512953367875646	0.0
220.0	0.0	28.719008264462808	25.826446280991732	45.45454545454545	0.0
