# Position (bp)	A	C	G	T	N
0.0	27.22023203549682	23.97079867847333	22.967648527688674	25.841320758341173	0.0
1.0	27.377445055799804	19.941100870443453	15.187407409180222	37.494046664576516	0.0
2.0	28.284164714079154	19.786233422889893	18.0366593335274	33.892703924104396	2.3860539916297223E-4
3.0	23.962695474499807	21.896000009520105	15.406621469975379	38.73408803953699	5.950064677203041E-4
4.0	34.11119258304798	14.021043489403507	14.655338112492968	37.211595275893245	8.305391622944712E-4
5.0	36.098018277687636	15.033285491981735	22.441188914870445	26.4177889236407	0.009718391819484428
6.0	32.663794848483775	17.603795629769838	19.90657712654822	29.819676807996583	0.0061555872015871945
7.0	35.49104106312481	16.750556273858265	20.38925566358355	27.367845774033928	0.0013012253994466245
8.0	23.527798530399174	26.644671514899333	22.19437693275205	27.632089121738556	0.0010639002108886642
9.0	28.99092302112291	18.365316796368734	16.122595333088384	36.52069227470296	4.7257471701635224E-4
10.0	26.824420792085053	17.093113746644732	24.917129485842633	31.1648636105446	4.7236488297750477E-4
11.0	28.345310662971162	18.730316494246633	19.89196794923249	33.031106431401064	0.0012984621486479468
12.0	26.605446126396583	19.512808167773546	21.190590823055174	32.68619870950688	0.004956173267817443
13.0	27.69210623795244	21.437520202151276	18.68188778339047	32.188013901439454	4.718750663574312E-4
14.0	31.74279977633122	18.274895538657184	20.550866952465665	29.430493982413214	9.437501327148624E-4
15.0	29.753846371634644	18.870401872400265	19.626227759938278	31.748580245894097	9.437501327148624E-4
16.0	30.439126936752224	17.563897782423126	19.279163648632387	32.71568819439366	0.0021234377986084404
17.0	30.250494878975843	18.226174438055782	20.63604040194318	30.884223093093873	0.003067187931323303
18.0	31.51677161954601	18.235022095549983	18.372101802326814	31.867020887549813	0.00908359502738055
19.0	30.595435552483124	18.57371042442803	19.63342385470023	31.197430168388617	0.0
20.0	30.21486831146586	18.3800057096883	19.28211286779712	32.12277717351554	2.359375331787156E-4
21.0	30.4438456874158	17.395556352500112	19.324227717469523	32.83613430508139	2.359375331787156E-4
22.0	28.7367196661012	19.305942558648173	19.655130107752672	32.30102797983206	0.001179687665893578
23.0	30.225721437992075	17.753591559098815	20.196960652697594	31.822782600078803	9.437501327148624E-4
24.0	31.104588749082794	18.058068945665944	18.561913547769095	32.27306938215038	0.002359375331787156
25.0	29.544451810938536	18.12519317385529	19.364337098109903	32.965546042029914	4.718750663574312E-4
26.0	32.16807717988585	17.8146993801921	19.991223123765753	30.026000316156292	0.0
27.0	29.21508301462105	18.156690834534647	20.1469418956637	32.48116628641401	1.179687665893578E-4
28.0	30.472394128930425	18.03376737974854	19.96998874577967	31.519838807477335	0.004010938064038165
29.0	29.32715334288094	18.585743238620143	19.71210902201533	32.37228111485203	0.0027132816315552297
30.0	30.031568590903625	18.31874839266797	19.486644692914055	32.16150472231201	0.0015336012023433427
31.0	30.733050442562437	18.254476646175373	19.52559760380428	31.485341704446384	0.0015336030115244367
32.0	28.964756539947505	18.4512932432831	19.734332143805116	32.84950010322352	1.1796974076149467E-4
33.0	29.48321992468785	18.54608858143244	19.564996838399757	32.404632924055534	0.001061731424418879
34.0	29.751764850223672	18.091956246814775	19.790152702014005	32.365772287132636	3.5391381490779367E-4
35.0	30.30425350603243	17.614316367936887	19.69267775661136	32.38875236941932	0.0
36.0	31.04284339937792	17.40142004709882	19.110906504712833	32.444593964504726	2.3608430570556748E-4
37.0	29.346168194289007	18.74902605221777	19.162924346097363	32.74176335311923	1.1805427663422535E-4
38.0	30.50103607672281	18.630253440306042	19.21494311909274	31.653177006771394	5.903571070140327E-4
39.0	29.45294867267507	18.83423112945153	19.845683787585493	31.866782094784124	3.543155037834991E-4
40.0	29.827833606369424	18.528039979102694	19.81308256564095	31.827970715401836	0.0030731334850988483
41.0	29.81133146956068	18.35267894642817	20.62469904961792	31.209515888405527	0.0017746459877028865
42.0	29.331278204745736	18.348415325387467	19.458255792479363	32.859801400707454	0.0022492766799729136
43.0	29.45535817922108	18.375976254829457	20.323748250025464	31.84148250972998	0.0034348061940215418
44.0	29.495729412545383	18.807648190806624	20.167861104001364	31.528761292646628	0.0
45.0	29.668438142001747	18.29120399073917	19.434107874668218	32.60624999259086	0.0
46.0	30.191276918698417	17.445806849445024	19.468385352433355	32.89381937197609	7.115074471112798E-4
47.0	29.734163506465315	17.875134780561233	20.141939203142922	32.24686460973836	0.0018979000921667732
48.0	30.219465343174885	17.960871881455258	18.86284276257948	32.95598946870095	8.305440894329876E-4
49.0	29.65525754205725	17.549629573362516	20.17881601154601	32.614991300136964	0.0013055728972561605
50.0	29.88408285801486	18.657185235854154	19.58086470554006	31.87774844519498	1.187553959483034E-4
51.0	30.18520059435364	18.269717682020804	19.29450222882615	32.2505794947994	0.0
52.0	29.913233059263572	17.873918388379348	19.916648518321498	32.2960810284935	1.1900554208809504E-4
53.0	31.39915111994749	17.52199928763644	19.453123976275197	31.614885301128464	0.010840315012406801
54.0	30.3259023962149	18.182186736874236	19.365985576923077	32.12330204517704	0.002623244810744811
55.0	29.016724467559495	18.26038804965546	18.396078927457292	34.32549580277205	0.0013127525556905436
56.0	29.276643820319993	18.307053466183703	20.449331389065044	31.966493617234722	4.77707196539489E-4
57.0	28.281219380463718	18.714780065098626	19.76689720439153	33.23662538655297	4.7796349314839336E-4
58.0	30.48898442982902	18.10350702469013	22.048237281610508	29.359151704851826	1.195590185161052E-4
59.0	29.54365416510108	20.13864125349116	21.220153120445335	29.08989304544073	0.007658415521693659
60.0	31.202022440947243	19.10895181726144	19.661528692182813	30.027377236756188	1.1981285232466886E-4
61.0	29.074638826970467	20.868974750879985	19.73740723233845	30.31885921870014	1.1997111095648167E-4
62.0	31.075713495708207	16.30412829698733	21.806640859801398	30.81315669255368	3.606549493880888E-4
63.0	26.574661702722775	20.125432817970506	25.727471764354128	27.569781348559523	0.0026523663930710546
64.0	26.195338271366257	19.819234161843426	18.48016529924238	35.502724779178095	0.0025374883698449716
65.0	27.52993819757878	19.295752809696513	18.752710366865568	34.41711667841664	0.0044819474425038825
66.0	26.337676470302462	19.661560808775665	17.11810514860913	36.87622059637975	0.006436975932997154
67.0	33.33678438403617	14.313050087331883	18.098771507150982	34.24993240000682	0.0014616214741426982
68.0	34.142389642240666	15.643506332012677	22.981770993644595	27.232209913053328	1.2311904873298185E-4
69.0	32.108723726062635	17.123471802782788	20.449200789914023	30.318603681240546	0.0
70.0	33.263991165960874	15.962287940537628	22.042034582887286	28.73168631061421	0.0
71.0	25.84817957472702	19.84212839322538	25.753693249044996	28.5559987830026	0.0
