# Position (bp)	A	C	G	T	N
0.0	26.165544000654634	24.033223820891397	24.022531202562554	25.778700975891418	0.0
1.0	26.793156512184545	21.152385010610438	15.479005441570672	36.57545303563434	0.0
2.0	29.477199224632088	20.395183868897863	17.26365248192484	32.86396442454521	0.0
3.0	23.94770912453972	22.66863839141752	15.071042698772633	38.312609785270126	0.0
4.0	34.10882790967717	13.69281255350287	14.658545449855232	37.539814086964725	0.0
5.0	35.488622466304854	14.971994768917533	23.789782145415188	25.74960061936243	0.0
6.0	31.56625935557299	17.388702624975508	21.164075942438767	29.880962077012736	0.0
7.0	35.32900045210984	17.65738908070823	20.16461108925256	26.848999377929374	0.0
8.0	22.507101869939714	27.01351859648429	23.269593325523147	27.209786208052854	0.0
9.0	26.788417719808155	19.02322367564414	15.427863923242738	38.76049468130497	0.0
10.0	26.825696022122465	16.66225275077653	24.570058385595097	31.94199284150591	0.0
11.0	27.80936618229019	19.54337083130084	19.180870259317413	33.46639272709155	0.0
12.0	25.93557496657762	20.758396142561413	20.413898693828354	32.89213019703261	0.0
13.0	26.545720071044315	21.327270102854545	19.15080027327999	32.976209552821146	0.0
14.0	30.704141195368518	18.78884739199407	19.936436077693635	30.57057533494378	0.0
15.0	29.84285340493123	18.788246698970994	20.42322710312786	30.945672792969916	0.0
16.0	28.642297728550005	18.770967940836684	18.655617212964582	33.93111711764873	0.0
17.0	30.07956179090618	18.050825343379984	20.042052045103564	31.827560820610273	0.0
18.0	31.821324213635414	17.667388852798233	19.468301870858422	31.042985062707935	0.0
19.0	30.549021055880527	18.75851239432882	19.793948159132064	30.898518390658587	0.0
20.0	30.133412153680595	17.852048955067986	20.101573656713477	31.912965234537943	0.0
21.0	29.202408637682993	19.3022102499784	19.650347191733616	31.845033920604987	0.0
22.0	30.353159795474628	18.873757117549793	22.35613357928768	28.4169495076879	0.0
23.0	29.654500807313756	20.11166176601275	21.51927986093603	28.714557565737458	0.0
24.0	34.0758134664422	19.411607049945328	17.588645064449945	28.923934419162535	0.0
25.0	29.791123135179426	20.949522528550144	19.627397184763808	29.631957151506615	0.0
26.0	31.761325581095413	16.72205704145612	22.849620565184996	28.666996812263466	0.0
27.0	26.227087757187164	21.569261053944178	24.691698722767626	27.511952466101036	0.0
28.0	27.52106886609828	19.512823824333335	19.031757050060165	33.934350259508214	0.0
29.0	28.381102268163854	20.583435465870124	17.153107287837432	33.88235497812859	0.0
30.0	27.19740641018041	19.131441171291776	15.80123715791681	37.869915260611	0.0
31.0	34.62631361294365	14.683392879645455	18.295236117544952	32.39505738986595	0.0
32.0	34.3403062186084	15.27402197535209	23.291925965162072	27.093745840877443	0.0
33.0	30.805401911848357	17.754304844197407	20.9916548255285	30.448638418425734	0.0
34.0	32.92803092963241	16.899554909464385	21.81678622176101	28.35562793914219	0.0
35.0	27.09815415079271	20.60188762584089	25.201430176688238	27.09852804667816	0.0
