# Position (bp)	A	C	G	T	N
0.0	26.0594561721502	23.836265796716575	23.980631318500762	26.123646712632464	0.0
1.0	26.378386656932268	20.15180014542124	15.27511824768895	38.194694949957544	0.0
2.0	28.666350783194268	18.94784934350603	18.096212832709075	34.28958704059063	0.0
3.0	23.048167763259116	22.424893166411255	14.933720585736603	39.593218484593024	0.0
4.0	34.13382342404907	12.938222467848945	14.590628679879575	38.337325428222414	0.0
5.0	34.72649038190704	14.661934255072506	23.15010176448756	27.461473598532894	0.0
6.0	30.828935874715867	17.205908079725454	20.990544058143215	30.97461198741546	0.0
7.0	34.89511423929378	16.957065157695396	20.056677089373135	28.091143513637682	0.0
8.0	22.183717777464988	27.02282229372175	22.766095233622064	28.027364695191203	0.0
9.0	27.558603013493432	18.408772731143966	15.512655510104953	38.51996874525765	0.0
10.0	26.216126513632183	16.488348066175988	24.96186424995827	32.333661170233555	0.0
11.0	28.078390722626946	18.00933391340201	19.20470741485617	34.707567949114875	0.0
12.0	26.017566449398544	19.669381663537674	21.092209664802255	33.220842222261524	0.0
13.0	26.04391924480885	20.665154663263145	18.60920558286869	34.68172050905931	0.0
14.0	30.275883892526373	18.438588697073502	20.242484362596034	31.04304304780409	0.0
15.0	29.685212663194477	18.460066299649863	19.769471750561355	32.085249286594305	0.0
16.0	29.86409359537891	17.523419876428726	18.42589535963391	34.18659116855846	0.0
17.0	30.354615284115983	17.861695832854608	19.706332058004687	32.07735682502472	0.0
18.0	31.00806948457767	17.64235674550557	18.65015422999525	32.699419539921514	0.0
19.0	29.696241300641997	18.281244821036577	19.907047314192354	32.11546656412907	0.0
20.0	29.580381153871937	17.720761142453878	19.85404445551602	32.84481324815817	0.0
21.0	29.060340767061057	18.267912357707168	19.619187986097973	33.052558889133806	0.0
22.0	29.754401756615213	18.868393426278093	22.55337035606298	28.823834461043717	0.0
23.0	29.841114790131122	20.114540277490626	20.767489122597574	29.276855809780677	0.0
24.0	32.711637248791945	19.14737930887899	17.92473148166177	30.2162519606673	0.0
25.0	29.438539796511236	20.95127497440152	19.206178890742024	30.40400633834522	0.0
26.0	32.03322741184188	16.51361583391288	21.784472183829255	29.668684570415994	0.0
27.0	26.151559935368024	21.15037012077547	24.94986949197964	27.74820045187687	0.0
28.0	26.30798228105219	19.64304373152016	18.401950433855006	35.64702355357265	0.0
29.0	28.142645169642588	19.81446324052581	17.158211452273868	34.88468013755773	0.0
30.0	26.515224952086292	18.90609181235844	15.826719372862385	38.75196386269288	0.0
31.0	34.26956578267988	14.043621239892909	18.101506919635685	33.58530605779153	0.0
32.0	34.2559164215517	15.475152932631108	22.41427219774207	27.85465844807512	0.0
33.0	31.10843192682271	17.2396645134196	20.76341673529763	30.88848682446006	0.0
34.0	33.21241110887627	16.396325215597784	21.86766759994212	28.52359607558383	0.0
35.0	26.217798095128636	20.42442352521624	25.480580512103725	27.877197867551402	0.0
