# Position (bp)	A	C	G	T	N
0.0	27.271725099304074	24.2102792604736	22.853627399033453	25.664012631264516	3.556099243617691E-4
1.0	27.56912391364051	20.075834758188115	15.025558794085597	37.329305350071316	1.771840144582156E-4
2.0	28.505721139070133	19.851063153320876	17.919935846937012	33.72257332914125	7.065315307358879E-4
3.0	24.071222159571466	22.034289540456726	14.98096983366225	38.911756413870876	0.0017620524386805752
4.0	34.64351439283285	13.880466631161358	14.510773752085058	36.96401484192228	0.0012303819984567494
5.0	36.36606213387028	15.026832689360493	22.43096968090429	26.169815726044998	0.006319769819939224
6.0	32.65365513299919	17.70389031182451	19.998527393117666	29.6437518517155	1.753103431349346E-4
7.0	35.69294044695439	16.74712639651349	20.378149052525373	27.181083438725068	7.006652816849599E-4
8.0	23.069424073873122	26.93005086128137	22.47225032291488	27.528099720315456	1.7502161516947344E-4
9.0	29.10110472885518	18.25128908354381	15.920793949528095	36.72593769021416	8.745478587570226E-4
10.0	27.014507953155043	16.98287012760007	24.776612480335604	31.223387519664392	0.0026219192448872575
11.0	28.669110119598752	18.535535469083566	19.67264951590981	33.122704895407864	0.0
12.0	26.62019616094487	19.607887646609964	21.18395021416361	32.58779136465785	1.7461362370414863E-4
13.0	27.594162229702963	21.484327963603807	18.464225943978207	32.457109350868286	1.7451184673671573E-4
14.0	31.816999897038013	18.277149244276448	20.56238187729374	29.3434689813918	0.0
15.0	30.04221441572561	18.820404623167843	19.56225448364562	31.57460294192071	5.235355402101471E-4
16.0	30.736597053891003	17.764956974104187	19.0193481284477	32.479097843557106	0.0
17.0	30.320909834964148	18.188148202440722	20.383507234388606	31.106387657126106	0.0010470710804202942
18.0	31.757491357300786	18.26842365193961	18.42583333769613	31.54825165306347	0.0
19.0	30.681276798475466	18.518150104619853	19.63205922234031	31.16833936271764	1.7451184673671573E-4
20.0	30.41165599526724	18.386742684027105	19.394374087084902	31.806529186233806	6.980473869468629E-4
21.0	30.470990023157725	17.3476991485567	19.49070462648357	32.6900826662618	5.235355402101471E-4
22.0	28.867575175340775	19.324569348390217	19.76852748648842	32.03915347793385	1.7451184673671573E-4
23.0	30.344468934273607	17.751170538211987	20.171126316910023	31.73148909213702	0.001745118467367157
24.0	31.20917513485403	17.96878681109267	18.495114540850604	32.32657448950922	3.4902369347343147E-4
25.0	29.68743183130987	18.11241006095699	19.40257614388153	32.797407452004876	1.7451184673671573E-4
26.0	32.07440487097467	17.958316100288467	19.981780963200688	29.98549806553618	0.0
27.0	29.508557188404733	18.304373092367378	19.940421655524084	32.24629904001033	3.4902369347343147E-4
28.0	30.376055578532952	17.960235730602573	20.03308744614128	31.63044673287646	1.7451184673671573E-4
29.0	29.707849717378064	18.398085954064992	19.63205922234031	32.26165608252316	3.4902369347343147E-4
30.0	30.224388507287653	18.378811358686548	19.303903501424024	32.09167504327917	0.0012215893226112692
31.0	30.640882898038818	18.276959697882454	19.49122372264939	31.590061114581985	8.725668473461752E-4
32.0	29.465074151765926	18.495185108915315	19.614878519547517	32.42486221977124	0.0
33.0	29.70017975253486	18.510148164953492	19.446606516465682	32.34306556604597	0.0
34.0	30.00834200110296	18.02762284381959	19.682236075140835	32.28110100453051	6.980754061053675E-4
35.0	30.57715143894943	17.61612880692931	19.543867001955853	32.26215423302599	6.985191394244202E-4
36.0	31.10993507956552	17.58301065240059	19.057824073831494	32.24905553605206	1.7465815033525632E-4
37.0	29.25852298533327	19.029717775464146	19.36389426537072	32.34699153815516	8.734356767030249E-4
38.0	31.089127593701733	18.249910893372565	19.170504658005267	31.490282136043106	1.7471887732638185E-4
39.0	29.882013633980076	18.86715609159238	19.625240342597447	31.6248907533648	6.991784653032686E-4
40.0	30.05354424399377	18.400671927767764	19.69798246688481	31.846926455406045	8.749059476106318E-4
41.0	29.89569537584001	18.199002151260977	20.51791432795868	31.386687408466297	7.0073647403421E-4
42.0	29.39827437173771	18.456963616630695	19.548061429701075	32.59634991575245	3.5066617807179187E-4
43.0	29.817062685771035	18.30776843146957	20.193465070658792	31.68100196167195	7.018504286551493E-4
44.0	29.573841988643746	18.809805567163078	20.05305906024714	31.562591080038064	7.023039079700959E-4
45.0	29.528624911499683	18.42018808623225	19.799651093538905	32.25083317668265	7.027320465138341E-4
46.0	30.28606079780643	17.514127272887063	19.574643852109645	32.62446500918383	7.030680130419116E-4
47.0	29.707602956148353	18.18615013196463	20.06143696381127	32.044809948075745	0.0
48.0	30.433811280395023	17.74666518902393	18.785412851621803	33.03393476910952	1.7590984972021539E-4
49.0	29.451736554768264	17.915007902230577	20.10932885598933	32.52392668701183	0.0
50.0	29.936077981691778	18.651173195378732	19.59142046385297	31.820271505646243	0.0010568534302820213
51.0	30.536261689495948	18.365251992197006	19.30623216370762	31.791901397271776	3.527573276515887E-4
52.0	30.00839126248752	18.124950314893166	19.83570791340217	32.03059719290188	3.533163152641481E-4
53.0	31.5502741648103	17.690575064891863	19.39395333447753	31.365197435820306	0.0
54.0	30.488664791048052	18.395885450254767	19.30068245115478	31.81370429951314	0.001063008029253981
55.0	29.353367081602467	18.44595960850116	18.378912416501414	33.821760893394966	0.0
56.0	29.30612302878887	18.30285402783179	20.488521207665904	31.902324169121528	1.7756659191113148E-4
57.0	28.401834761297984	18.714423064961284	19.731148112012143	33.15241634366408	1.7771806450810304E-4
58.0	31.218582014949003	17.803791681638202	21.928819697675824	29.048628726133003	1.7787960396884974E-4
59.0	29.898258713556956	20.361972413006928	20.977906181424377	28.761862692011743	0.0
60.0	31.59241305360141	19.217683130266604	19.51099843172658	29.678370137504928	5.352469004744071E-4
61.0	29.53982778622898	21.07214423484281	19.516786105634218	29.869275554546576	0.0019663187474192067
62.0	31.33339906953396	16.604247156162323	21.653145925401365	30.408132165619367	0.0010756832829853797
63.0	26.829645926088624	20.52537676726396	25.540238617766885	27.1045586543499	1.800345306229735E-4
64.0	26.607858716457798	19.704756401459065	18.037126656795117	35.64917476254108	0.0010834627469392178
65.0	28.03250418438843	19.457768471086055	18.462934651083593	34.04588698166115	9.05711780774275E-4
66.0	26.75976750228482	19.65655893933365	16.862443697069796	36.71868612263364	0.002543738678091687
67.0	33.69647491842538	14.147930494226395	17.63252114374096	34.520155178734605	0.0029182648726633364
68.0	34.53459432553509	15.441623803993142	22.9395498036613	27.08257286654499	0.0016592002654720424
69.0	32.04886122134246	16.950405296120067	20.384608151059787	30.615749186586672	3.761448910120178E-4
70.0	33.0890162724892	16.004929583174555	22.157989897597638	28.748064246738608	0.0
71.0	26.015780302217316	19.935407053100104	25.689238426671164	28.358552177712365	0.0010220402990489914
