# Position (bp)	A	C	G	T	N
0.0	37.601633108839025	11.323585860348256	29.28603831524584	21.75733677635482	0.03140593921205988
1.0	32.881468299661535	16.687602498342578	22.034962838898775	28.39073240517813	0.005233957918978332
2.0	35.064447289799396	17.17797695262484	21.64746052069996	26.103286384976528	0.006828851899274435
3.0	32.98833770807722	17.955277934677873	25.615509851480212	23.437551915473303	0.0033225902913911684
4.0	33.31447506667744	17.87278752121555	22.961286672593552	25.851450739513453	0.0
5.0	34.10322884751355	18.33608296016969	21.781758189959934	25.774216356351637	0.0047136460051850106
6.0	27.966996800710277	18.756410060158892	21.580663431659193	31.69592970747164	0.0
7.0	26.9708205706916	20.507672240704643	23.05336127680155	29.468145911802207	0.0
8.0	27.602988260405546	19.445037353255067	22.904304517965137	30.047669868374243	0.0
9.0	30.66269236101483	19.36642173852766	23.657285456814087	26.31360044364342	0.0
10.0	28.683477888424886	22.87584323803405	21.95497376592783	26.485705107613235	0.0
11.0	28.172428466428546	20.158347410091423	22.017768952044463	29.651455171435572	0.0
12.0	29.989909182643792	20.643289606458122	21.608224016145307	27.758577194752775	0.0
13.0	30.36759338307165	20.44467540180394	21.6324561077911	27.55527510733331	0.0
14.0	29.571092404357003	20.125664103248344	21.718298925305064	28.584944567089593	0.0
15.0	27.058417936707958	19.680686654461592	23.075917163983927	30.184978244846526	0.0
16.0	26.644381768167413	21.001195491950742	23.016121731258053	29.33830100862379	0.0
17.0	27.393701863920157	19.682814565009345	22.29982226678212	30.623661304288387	0.0
18.0	27.822746757223182	21.123420364081724	22.522963870177588	28.530869008517506	0.0
19.0	26.614249319160148	19.7696125801634	21.87911798295704	31.737020117719407	0.0
20.0	28.004802444881033	17.9884304736957	23.20890635232482	30.797860729098446	0.0
21.0	29.20158704277406	18.495570411435406	22.616446546007936	29.686395999782594	0.0
22.0	29.357598922816315	19.026625548364677	21.71524128045867	29.900534248360334	0.0
23.0	27.937274607695556	19.391589685831555	21.284614301649356	31.38652140482353	0.0
24.0	27.612407451378246	17.95497226239558	22.356293306279277	32.0763269799469	0.0
25.0	27.92236578904687	17.17792074390442	25.17597448234849	29.72373898470022	0.0
26.0	26.68535967743688	18.52999032745373	22.165346201080283	32.6193037940291	0.0
27.0	27.520091469783086	17.744258402137227	22.517837707098803	32.21781242098088	0.0
28.0	29.565716937149926	17.205607786382668	22.66646044389452	30.561110067722087	0.001104764850801507
29.0	28.083257040117367	18.6600337528541	22.325417222779866	30.931291984248666	0.0
30.0	29.637054113349592	18.197409597630106	22.442729388705132	29.72280690031517	0.0
31.0	28.40332179000101	18.17010164856717	23.98323415033229	29.443342411099533	0.0
32.0	27.388900128127318	18.70883628925304	22.221098298379303	31.681165284240343	0.0
33.0	28.782946787829466	17.664677426646776	22.705592477055923	30.846783308467835	0.0
34.0	28.409673998563267	17.752767990513004	23.357164847945818	30.480393162977915	0.0
35.0	27.994477045219192	19.63755609250949	22.081463583016912	30.2865032792544	0.0
36.0	27.796775203143653	18.262643591556643	22.877279208058514	31.06330199724119	0.0
37.0	27.75486015083026	17.7068687033013	23.81096250159778	30.727308644270657	0.0
38.0	28.47444182628374	18.1776823834076	22.23829409980636	31.109581690502296	0.0
39.0	28.390129259694476	19.344300822561692	21.614571092831962	30.650998824911866	0.0
40.0	28.437603364362328	18.05864007938383	22.553513207012237	30.950243349241603	0.0
41.0	28.989443719606218	17.47598149685684	21.95943541691377	31.57513936662318	0.0
42.0	28.21306129275023	18.116660494785755	22.16023795587304	31.510040256590973	0.0
43.0	28.441820276497698	19.264832949308754	22.789458525345623	29.503888248847925	0.0
44.0	29.059355227478157	18.258511599879483	21.647484181982524	31.034648990659836	0.0
45.0	30.4373637024473	18.387448509813424	21.11703416525321	30.058153622486067	0.0
46.0	26.688871808010934	19.176945695008722	23.461805936825154	30.67237656015519	0.0
47.0	26.617769710052496	20.490114310945394	21.44311436000589	31.447775106706573	0.0012265122896531423
48.0	30.262604782275414	19.94757795306743	21.378056922430208	28.410523973195517	0.0012363690314285008
49.0	27.714353005342556	20.08230758742082	23.461381131233498	28.74071870390341	0.0012395720997111796
50.0	28.534868043244867	19.28541110084642	20.783501036178873	31.3949714114504	0.0012484082794437092
51.0	28.345012935473342	20.896440861025294	21.68010448848366	29.078441715017707	0.0
52.0	27.021354607866687	20.616236582251275	21.613796416876337	30.748612393005704	0.0
53.0	27.881408590015088	18.658618547026972	21.967055123701797	31.492917739256143	0.0
54.0	27.86442405708461	19.559123343527013	21.493374108053008	31.08307849133537	0.0
55.0	28.08159499769361	20.016913535954078	22.026036594741427	29.875454871610884	0.0
56.0	27.436533788325317	18.665012150354173	20.74091308618996	33.15754097513055	0.0
57.0	27.781388094619185	20.007798284377436	22.182219911619445	30.028593709383934	0.0
58.0	27.644117493062463	19.300748730300015	21.09534530603697	31.959788470600554	0.0
59.0	24.614006428834905	19.808188860199188	21.813247615534596	33.764557095431314	0.0
60.0	26.285933409145002	18.371988469573957	23.514399809589296	31.82767831169175	0.0
61.0	27.46726285531779	19.181837538592568	23.73975300755882	29.61114659853082	0.0
62.0	27.970576889822958	18.736615278202688	21.894412003352002	31.398395828622355	0.0
63.0	27.918075961551313	17.935589096402456	23.340597050841566	30.805737891204664	0.0
64.0	25.977804115935783	19.882017024027583	24.030276909815754	30.10990195022088	0.0
65.0	27.77437822107997	19.834373597682863	20.75497355144889	31.636274629788275	0.0
66.0	29.184702697503127	18.402935235189844	22.003270533591678	30.409091533715355	0.0
67.0	28.597097442985486	17.300621976503113	23.02280580511403	31.079474775397376	0.0
68.0	28.93238483705261	18.267370150209512	21.531886458869877	31.268358553867998	0.0
69.0	31.602230117825496	18.314210681534117	20.62016374794613	29.463395452694257	0.0
70.0	30.483044471887467	18.480035202770797	20.751181705914917	30.285738619426823	0.0
71.0	29.51260696602845	19.38696660084142	19.884948913883406	31.215477519246733	0.0
72.0	29.056015249317678	17.245014368438532	21.8515790841745	31.84739129806929	0.0
73.0	29.370037365716957	19.201015880429708	21.637085474077534	29.78894208313872	0.002919196637085474
74.0	30.040830766055926	19.38945475449949	21.78033932282838	28.789375156616202	0.0
75.0	29.18488235030811	18.509124005908596	21.985646289968816	30.318855284164663	0.0014920696498112531
76.0	30.629431953915237	19.398539439664948	21.76779207426783	28.20423653215198	0.0
77.0	29.605253064543348	18.37345238643163	22.609349350270787	29.411945198754236	0.0
78.0	29.1867149909392	18.38405299006436	22.10210585515216	30.32712616384428	0.0
79.0	29.218106995884774	19.030141252363475	22.07604429826652	29.675707453485234	0.0
80.0	26.734076125458877	18.65460166162169	20.760610549365623	33.85071166355381	0.0
81.0	29.971290296120088	18.649823640390455	22.577311131162332	28.801574932327128	0.0
82.0	28.9617303937113	20.227982041824525	20.683612330390375	30.1266752340738	0.0
83.0	29.915345177059738	18.966427634604575	21.35107053433034	29.76715665400535	0.0
84.0	29.082618305863516	19.692987799571853	21.19324016220826	30.03115373235637	0.0
85.0	27.509419208075634	18.687353380251654	22.787374706760502	31.015852704912206	0.0
86.0	25.559349121022812	19.38834810402441	22.99142815632718	32.060874618625604	0.0
87.0	28.599384959463237	18.71773366880999	22.238374801975585	30.44450656975119	0.0
88.0	29.143064217733784	20.863611222368448	21.449142682764013	28.54227460853312	0.0019072686006370277
89.0	28.35573091647785	20.882490819595283	21.066098913977655	29.695679349949216	0.0
90.0	27.624520302987683	20.544091941090194	23.019428984750157	28.809949569026138	0.0020092021458278917
91.0	28.691219993423218	20.26471555409405	21.752712923380464	29.291351529102265	0.0
92.0	29.586982148871677	18.328982822499157	22.387588413607276	29.696446615021895	0.0
93.0	28.9990323621116	18.55499408665735	23.51575099451672	28.93022255671433	0.0
94.0	28.442136173383297	19.987728179168585	22.599872898998534	28.97026274844959	0.0
95.0	29.816225907664723	18.431196772747647	20.939040788883908	30.813536530703722	0.0
96.0	27.341725711403086	18.612276719176354	24.287450413886404	29.758547155534153	0.0
97.0	26.259448800413164	20.092492605286633	24.78050612704822	28.867552467251983	0.0
98.0	26.536688436419514	19.290242028428736	21.835382251248557	32.337687283903186	0.0
99.0	26.237014425680666	19.228496873615285	23.730983211067894	30.80350548963616	0.0
100.0	29.72556352976852	18.904781158394822	22.864651773981603	28.50500353785505	0.0
101.0	28.160177630899515	17.38614065888671	23.634204275534444	30.81947743467934	0.0
102.0	29.77281152359265	19.980935232749033	21.416088545252343	28.830164698405973	0.0
103.0	29.10650309412659	19.929975029855605	22.91553577244599	28.047986103571816	0.0
104.0	26.845712375327352	19.501866607232408	22.516297988521757	31.133337047974592	0.002785980943890344
105.0	25.27642067369504	20.776549241450244	23.24790720265135	30.699122882203365	0.0
106.0	25.125245363724257	19.11346790496001	23.42308030351859	32.33820642779715	0.0
107.0	26.989088941657396	19.59481799873756	22.197841834741048	31.21524542366768	0.003005801196308876
108.0	26.9744986382768	19.515969299331516	23.557811339440455	29.948625897499383	0.003094825451844516
109.0	27.89218942773085	19.227484103634808	22.69779507133593	30.182531397298405	0.0
110.0	27.36481020031714	19.33270767936313	22.32290217145076	30.976343807643765	0.003236141225203068
111.0	26.694789572553802	18.907161454042118	24.114293247206934	30.28375572619715	0.0
112.0	27.86531259489187	18.867033300718646	23.064205944869933	30.200074226525864	0.0033739329936907456
113.0	25.760126430068368	18.445734702992407	23.310543855429966	32.48359501150926	0.0
114.0	25.031570085590012	19.50680510733829	24.919320892381087	30.538796127402833	0.003507787287778869
115.0	27.609752609752608	19.776919776919776	23.64864864864865	28.961103961103962	0.0035750035750035753
116.0	25.85752943757771	19.063117092079278	24.573977912674614	30.501718715717107	0.003656841951290865
117.0	24.619097903152813	19.037562226580178	25.346960325841	30.99260823653643	0.003771307889576105
118.0	25.98105548037889	19.048907790450414	24.24125265803209	30.728784071138605	0.0
119.0	26.625276811135716	18.925972793419803	22.481018664979437	31.967731730465044	0.0
120.0	26.98611841839006	17.11926828281193	25.978388441458577	29.91622485733943	0.0
121.0	27.09501814582646	19.119102606400528	23.733916199274166	30.05196304849885	0.0
122.0	26.098854833277198	19.236274840013472	22.819131020545637	31.84573930616369	0.0
123.0	25.313798569164202	18.39523625926402	24.93681189221608	31.354153279355696	0.0
124.0	25.614727153188692	17.87420556651326	23.73438527284681	32.776682007451235	0.0
125.0	24.738800950630015	18.38482579256536	22.05730684722658	34.81906640957805	0.0
126.0	24.510794671566373	18.79650895728066	24.36839687643546	32.31970601745521	0.004593477262287552
127.0	25.02917425197218	19.56775428278019	25.50529804415815	29.897773421089486	0.0
128.0	25.146339122924864	22.368294789367624	22.277132712791477	30.20343537088571	0.004798004030323385
129.0	25.473193935189776	20.622336735705083	23.605192746011298	30.294321672777723	0.0049549103161232785
130.0	26.30019413507714	19.280678451006438	24.849289874323084	29.564728721773783	0.0051088178195565544
131.0	26.292170423948047	20.643049469404996	22.427538144765325	30.637241961881635	0.0
132.0	26.170072511535924	19.19358382773017	23.901340364755	30.735003295978906	0.0
133.0	26.6854255196968	19.335017801768693	25.123463879637075	28.856092798897436	0.0
134.0	27.24872487248725	19.171917191719174	23.324332433243324	30.255025502550254	0.0
135.0	27.84404821697639	19.676042189854346	23.54344550477147	28.93646408839779	0.0
136.0	24.595002295533547	19.800616514724208	25.401718370827048	30.2026628189152	0.0
137.0	26.167966323925196	17.73514595266027	24.684286798702644	31.412600924711892	0.0
138.0	26.105185730047815	19.117322545053327	24.303052592865022	30.474439132033837	0.0
139.0	25.739965907329925	22.454672245467226	24.89539748953975	26.909964357663103	0.0
140.0	25.211450878334418	18.6402081977879	24.333116460637605	31.815224463240078	0.0
141.0	24.848903470903124	19.504403384562252	25.332412364013123	30.314280780521496	0.0
142.0	25.335663049475816	21.500827662313775	24.02059959536509	29.142909692845322	0.0
143.0	26.64604080054143	17.760804408778885	25.021753843178963	30.571400947500727	0.0
144.0	24.464706484991293	19.618891507017725	24.14711607417273	31.76928593381826	0.0
145.0	23.111587982832617	21.706008583690988	19.431330472103003	35.751072961373396	0.0
146.0	22.092620394964776	19.58655733918466	21.018593371059012	37.30222889479155	0.0
147.0	23.54408280334206	19.166978426237684	22.79585983289687	34.49307893752338	0.0
148.0	23.97692941499588	21.06564130733315	19.815984619609996	35.12771216698709	0.013732491073880802
149.0	22.121931908155187	27.347585114806016	15.265241488519399	35.249406175771966	0.015835312747426764
150.0	24.365942028985508	24.42632850241546	14.553140096618359	36.624396135265705	0.030193236714975844
