# Position (bp)	A	C	G	T	N
0.0	17.307692307692307	23.076923076923077	36.53846153846153	23.076923076923077	0.0
1.0	23.076923076923077	15.384615384615385	19.230769230769234	42.30769230769231	0.0
2.0	28.846153846153843	28.846153846153843	17.307692307692307	25.0	0.0
3.0	13.461538461538462	30.76923076923077	23.076923076923077	32.69230769230769	0.0
4.0	34.61538461538461	11.538461538461538	19.230769230769234	34.61538461538461	0.0
5.0	32.69230769230769	11.538461538461538	23.076923076923077	32.69230769230769	0.0
6.0	26.923076923076923	19.230769230769234	25.0	28.846153846153843	0.0
7.0	36.53846153846153	19.230769230769234	23.076923076923077	21.153846153846153	0.0
8.0	21.153846153846153	19.230769230769234	23.076923076923077	36.53846153846153	0.0
9.0	38.46153846153847	13.461538461538462	19.230769230769234	28.846153846153843	0.0
10.0	26.923076923076923	13.461538461538462	32.69230769230769	26.923076923076923	0.0
11.0	28.846153846153843	13.461538461538462	26.923076923076923	30.76923076923077	0.0
12.0	30.76923076923077	17.307692307692307	25.0	26.923076923076923	0.0
13.0	34.61538461538461	25.0	17.307692307692307	23.076923076923077	0.0
14.0	26.923076923076923	17.307692307692307	17.307692307692307	38.46153846153847	0.0
15.0	17.307692307692307	21.153846153846153	23.076923076923077	38.46153846153847	0.0
16.0	28.846153846153843	15.384615384615385	23.076923076923077	32.69230769230769	0.0
17.0	36.53846153846153	15.384615384615385	21.153846153846153	26.923076923076923	0.0
18.0	19.230769230769234	17.307692307692307	21.153846153846153	42.30769230769231	0.0
19.0	28.846153846153843	23.076923076923077	17.307692307692307	30.76923076923077	0.0
20.0	28.846153846153843	17.307692307692307	9.615384615384617	44.230769230769226	0.0
21.0	36.53846153846153	11.538461538461538	15.384615384615385	36.53846153846153	0.0
22.0	21.153846153846153	15.384615384615385	25.0	38.46153846153847	0.0
23.0	26.923076923076923	23.076923076923077	17.307692307692307	32.69230769230769	0.0
24.0	32.69230769230769	17.307692307692307	11.538461538461538	38.46153846153847	0.0
25.0	26.923076923076923	21.153846153846153	19.230769230769234	32.69230769230769	0.0
26.0	28.846153846153843	19.230769230769234	21.153846153846153	30.76923076923077	0.0
27.0	32.69230769230769	15.384615384615385	21.153846153846153	30.76923076923077	0.0
28.0	19.230769230769234	21.153846153846153	25.0	34.61538461538461	0.0
29.0	25.0	17.307692307692307	15.384615384615385	42.30769230769231	0.0
30.0	30.76923076923077	11.538461538461538	13.461538461538462	44.230769230769226	0.0
31.0	30.76923076923077	25.0	7.6923076923076925	36.53846153846153	0.0
32.0	40.38461538461539	9.615384615384617	21.153846153846153	28.846153846153843	0.0
33.0	28.846153846153843	17.307692307692307	19.230769230769234	34.61538461538461	0.0
34.0	21.153846153846153	21.153846153846153	19.230769230769234	38.46153846153847	0.0
35.0	34.61538461538461	11.538461538461538	25.0	28.846153846153843	0.0
36.0	32.69230769230769	11.538461538461538	28.846153846153843	26.923076923076923	0.0
37.0	30.76923076923077	25.0	17.307692307692307	26.923076923076923	0.0
38.0	34.61538461538461	25.0	17.307692307692307	23.076923076923077	0.0
39.0	28.846153846153843	25.0	17.307692307692307	28.846153846153843	0.0
40.0	25.0	21.153846153846153	17.307692307692307	36.53846153846153	0.0
41.0	28.846153846153843	21.153846153846153	25.0	25.0	0.0
42.0	26.923076923076923	17.307692307692307	19.230769230769234	36.53846153846153	0.0
43.0	26.923076923076923	19.230769230769234	26.923076923076923	26.923076923076923	0.0
44.0	11.538461538461538	21.153846153846153	32.69230769230769	34.61538461538461	0.0
45.0	28.846153846153843	17.307692307692307	15.384615384615385	38.46153846153847	0.0
46.0	30.76923076923077	19.230769230769234	17.307692307692307	32.69230769230769	0.0
47.0	26.923076923076923	28.846153846153843	13.461538461538462	30.76923076923077	0.0
48.0	23.52941176470588	25.49019607843137	19.607843137254903	31.372549019607842	0.0
49.0	27.450980392156865	19.607843137254903	23.52941176470588	29.411764705882355	0.0
50.0	29.411764705882355	15.686274509803921	21.568627450980394	33.33333333333333	0.0
51.0	21.568627450980394	21.568627450980394	21.568627450980394	35.294117647058826	0.0
52.0	31.372549019607842	13.725490196078432	9.803921568627452	45.09803921568628	0.0
53.0	23.52941176470588	15.686274509803921	21.568627450980394	39.21568627450981	0.0
54.0	25.49019607843137	29.411764705882355	11.76470588235294	33.33333333333333	0.0
55.0	31.372549019607842	11.76470588235294	21.568627450980394	35.294117647058826	0.0
56.0	33.33333333333333	21.568627450980394	17.647058823529413	27.450980392156865	0.0
57.0	37.254901960784316	11.76470588235294	19.607843137254903	31.372549019607842	0.0
58.0	17.647058823529413	27.450980392156865	19.607843137254903	35.294117647058826	0.0
59.0	35.294117647058826	21.568627450980394	15.686274509803921	27.450980392156865	0.0
60.0	31.372549019607842	17.647058823529413	25.49019607843137	25.49019607843137	0.0
61.0	25.49019607843137	29.411764705882355	11.76470588235294	33.33333333333333	0.0
62.0	33.33333333333333	15.686274509803921	19.607843137254903	31.372549019607842	0.0
63.0	27.450980392156865	13.725490196078432	25.49019607843137	33.33333333333333	0.0
64.0	17.647058823529413	19.607843137254903	27.450980392156865	35.294117647058826	0.0
65.0	35.294117647058826	15.686274509803921	19.607843137254903	29.411764705882355	0.0
66.0	22.0	22.0	18.0	38.0	0.0
67.0	28.000000000000004	16.0	24.0	32.0	0.0
68.0	30.0	12.0	20.0	38.0	0.0
69.0	28.000000000000004	12.0	20.0	40.0	0.0
70.0	29.166666666666668	12.5	25.0	33.33333333333333	0.0
71.0	27.77777777777778	22.22222222222222	25.0	25.0	0.0
