# Position (bp)	A	C	G	T	N
0.0	56.86009462199478	10.813942261272569	15.767114029159025	16.55884908757362	0.0
1.0	15.234601274377294	54.69202548754586	15.514578103881057	14.55879513419579	0.0
2.0	18.695359784801614	50.75415505812278	10.452493034873667	20.09799212220194	0.0
3.0	55.70771882781076	12.114537444933921	13.934112239034668	18.243631488220647	0.0
4.0	55.53215926493109	11.944869831546708	11.8395865237366	20.683384379785604	0.0
5.0	18.014916810097535	49.770510613884106	12.459361254541976	19.75521132147638	0.0
6.0	18.515333906563487	49.35511607910576	13.203401165567977	18.92614884876278	0.0
7.0	56.69689737470167	10.711217183770882	13.804295942720765	18.787589498806685	0.0
8.0	56.09616485403549	13.508872352604465	11.696241175348215	18.69872161801183	0.0
9.0	19.448946515397083	49.2420631137382	11.755172085041472	19.553818285823244	0.0
10.0	19.46455792682927	8.97484756097561	12.985899390243901	58.574695121951216	0.0
11.0	17.669995244888252	13.742272943414171	10.756062767475036	57.831669044222544	0.0
12.0	16.99600988029641	11.751852555576667	12.093862815884476	59.15827474824245	0.0
13.0	18.739352640545146	47.15123982585652	12.171114896838917	21.938292636759417	0.0
14.0	17.10588457542269	13.100972891281762	51.81826768678568	17.97487484650987	0.0
15.0	54.0980521313635	13.249270725510492	13.635080455443681	19.01759668768232	0.0
16.0	16.092385691484367	12.825086846305512	13.839076143085155	57.24345131912496	0.0
17.0	19.83525226996162	47.720677712253114	12.309276420481138	20.134793597304128	0.0
18.0	18.394992526158447	12.883034379671152	14.125560538116591	54.59641255605381	0.0
19.0	18.253006432366924	50.42416332618625	12.445231658431995	18.877598583014823	0.0
20.0	18.299376686203367	14.764164108289144	11.703414271094987	55.233044934412504	0.0
21.0	18.055297828910742	12.785303395806272	13.861569864538875	55.29782891074411	0.0
22.0	18.27190220411187	11.789220225967771	47.78662715317651	22.15225041674384	0.0
23.0	17.824438072333734	12.9867727314772	12.505781148829895	56.68300804735917	0.0
24.0	54.36991869918699	10.476718403547672	15.24390243902439	19.909460458240947	0.0
25.0	19.386718389212156	11.06493026692528	47.483143991872176	22.065207351990395	0.0
26.0	55.677520523936906	10.451065399870862	12.212895489346002	21.65851858684623	0.0
27.0	16.61135693215339	16.344026548672566	10.103244837758112	56.94137168141593	0.0
28.0	17.697974217311234	48.47145488029466	11.077348066298342	22.753222836095766	0.0
29.0	20.139782968548833	9.591686591870516	11.633253632517933	58.635276807062716	0.0
30.0	19.57351708725207	10.671384672688331	47.72325169941335	22.031846540646242	0.0
31.0	19.209411764705884	10.710588235294118	11.472941176470588	58.607058823529414	0.0
32.0	18.008715422508526	10.657446002273588	11.832133383857522	59.501705191360365	0.0
33.0	18.81592701701036	49.17799106718616	12.79102917418987	19.215052741613608	0.0
34.0	21.40474602115696	11.331363766320404	11.531497188601925	55.732393023920714	0.0
35.0	17.218606431852987	49.3874425727412	11.77258805513017	21.621362940275652	0.0
36.0	18.06892568348094	12.09087408548325	10.714285714285714	59.1259145167501	0.0
37.0	56.223965901385256	12.980722658142014	12.167005715392811	18.62830572507992	0.0
38.0	55.915232818119954	12.66647224652474	9.954311266647224	21.463983668708078	0.0
39.0	57.41407847337163	11.517865835848506	10.923960665952682	20.144095024827184	0.0
40.0	19.154544567021382	48.55999218978815	12.916137850239187	19.369325392951282	0.0
41.0	17.76007964161274	10.602289696366352	51.80686908909905	19.83076157292185	0.0
42.0	57.889467360833	11.153384060873048	12.394873848618342	18.56227472967561	0.0
43.0	57.37968451723099	12.528885763086507	10.921330252185271	19.170099467497238	0.0
44.0	18.66774650739016	49.49382466086252	9.627454950394815	22.2109738813525	0.0
45.0	24.9057078199648	11.943676137792306	15.740507920543124	47.41010812169977	0.0
46.0	27.271315421649323	14.489827612983383	20.733033079670758	37.505823885696536	0.0
47.0	30.9775429326288	17.635402906208718	18.758256274768826	32.628797886393656	0.0
48.0	27.19707057256991	20.75565912117177	19.623834886817576	32.42343541944074	0.0
49.0	26.727181038830057	21.31450663977139	19.112455874936966	32.84585644646159	0.0
50.0	24.685694869181106	23.80224260958206	17.923887189942235	33.58817533129459	0.0
51.0	28.042959427207638	17.11558131605864	17.763382202523015	37.07807705421071	0.0
52.0	29.381443298969074	17.11340206185567	20.807560137457045	32.697594501718214	0.0
53.0	31.123969840434857	18.93740136770121	22.409258285113097	27.529370506750833	0.0
54.0	30.5378627034678	21.6206652512385	18.365180467091292	29.476291578202407	0.0
55.0	29.955634427684117	18.491570541259982	18.775510204081634	32.77728482697427	0.0
56.0	29.22194334887056	18.03513804230907	20.831839368949446	31.911079239870922	0.0
57.0	30.847396116857194	18.653601887134823	19.88749773180911	30.611504264198874	0.0
58.0	30.488027782855053	20.069457137634803	16.432096508864923	33.01041857064522	0.0
59.0	26.22890682318415	20.139398385913427	21.790168745414526	31.841526045487896	0.0
60.0	27.90220231429638	19.372900335946248	19.279581933557296	33.445315416200074	0.0
61.0	28.7167891464104	17.279065385340118	21.481062747314866	32.52308272093462	0.0
62.0	27.66888677450048	20.019029495718364	22.58801141769743	29.72407231208373	0.0
63.0	33.51869606903164	19.15627996164909	18.715244487056566	28.609779482262702	0.0
64.0	28.872558499323148	20.76967704505898	19.106555791916456	31.251208663701412	0.0
65.0	30.974842767295595	17.059748427672954	21.95361635220126	30.01179245283019	0.0
66.0	28.880079286422202	17.561942517343905	23.528245787908823	30.02973240832507	0.0
67.0	28.44329280446482	18.357584213673512	18.935618895754438	34.26350408610723	0.0
68.0	26.096535149208894	19.226917684758664	20.208291608251553	34.46825555778089	0.0
69.0	26.464686998394864	21.910112359550563	21.3884430176565	30.236757624398074	0.0
70.0	28.065942903096097	21.089666264575794	18.516284680337755	32.32810615199035	0.0
71.0	28.016979987871437	20.3961997170002	21.326056195674145	30.260764099454214	0.0
72.0	27.8838342810723	19.17140536149472	19.760357432981316	33.18440292445167	0.0
73.0	29.85288107887209	18.79852881078872	20.371883939517776	30.976706170821416	0.0
74.0	30.22203947368421	15.892269736842104	21.402138157894736	32.48355263157895	0.0
75.0	28.30266694231962	20.61194955550961	22.575976845151953	28.509406657018815	0.0
76.0	28.123051340677613	21.533984618582416	17.397630430263977	32.94533361047599	0.0
77.0	29.433962264150942	19.664570230607968	20.146750524109013	30.754716981132074	0.0
78.0	31.12190999366152	19.564758081555038	19.33234734840482	29.980984576378617	0.0
79.0	29.86406117247239	20.794392523364486	17.48088360237893	31.860662701784197	0.0
80.0	30.890835291604358	17.410809656056397	20.935697500534072	30.762657551805173	0.0
81.0	27.710056595559422	18.21941663038746	19.481932956029606	34.58859381802351	0.0
82.0	31.910702560735395	18.16590063471219	21.208141825344715	28.715254979207707	0.0
83.0	28.439153439153444	18.871252204585538	21.23015873015873	31.459435626102294	0.0
84.0	27.849223946784925	18.980044345898005	22.084257206208427	31.086474501108647	0.0
85.0	32.378608189751624	16.983665249496532	20.854777355113	29.782949205638847	0.0
86.0	30.422092501122588	19.016614279299507	20.49842837898518	30.062864840592724	0.0
87.0	31.214784764480502	19.134550371872887	21.50101419878296	28.149650664863646	0.0
88.0	34.45397111913358	17.802346570397113	17.4413357400722	30.30234657039711	0.0
89.0	30.522269952520915	16.82116210716708	17.951616549853043	34.704951390458966	0.0
90.0	30.704736007251306	17.901654203489688	18.49082256968049	32.902787219578514	0.0
91.0	28.863636363636363	20.772727272727273	16.727272727272727	33.63636363636363	0.0
92.0	29.254955570745047	18.75142401458191	17.065390749601274	34.92822966507177	0.0
93.0	31.475108969947236	18.788713007570543	17.93989447120899	31.79628355127323	0.0
94.0	32.10161662817552	16.09699769053118	19.376443418013857	32.42494226327944	0.0
95.0	31.35198135198135	17.38927738927739	20.06993006993007	31.18881118881119	0.0
96.0	28.09199718375968	18.399436751936165	20.34733630603145	33.161229758272704	0.0
97.0	31.796801505174038	17.66227657572907	17.544684854186265	32.99623706491063	0.0
98.0	31.760264275601696	18.80604058518169	19.018404907975462	30.415290231241148	0.0
99.0	30.865954922894424	18.93238434163701	18.457888493475682	31.743772241992886	0.0
100.0	31.607824427480917	14.50381679389313	19.346374045801525	34.541984732824424	0.0
101.0	32.48792270531401	17.753623188405797	20.217391304347824	29.541062801932366	0.0
102.0	31.480582524271846	15.339805825242719	21.286407766990294	31.893203883495147	0.0
103.0	28.39024390243902	16.902439024390244	20.829268292682926	33.87804878048781	0.0
104.0	27.485951624725143	17.884192523821156	20.40068409479599	34.229171756657706	0.0
105.0	29.750244857982374	17.874632713026443	19.515181194906955	32.85994123408423	0.0
106.0	31.475570832310336	18.045666584826908	18.782224404615764	31.696538178246993	0.0
107.0	30.632411067193676	19.392292490118574	19.367588932806324	30.607707509881422	0.0
108.0	34.00098911968348	17.828882294757666	17.457962413452027	30.712166172106826	0.0
109.0	28.216592151018382	19.547938400397417	20.541480377545952	31.693989071038253	0.0
110.0	26.400000000000002	20.3	19.950000000000003	33.35	0.0
111.0	29.620316821724916	18.531556449585114	19.96479758612019	31.883329142569778	0.0
112.0	26.26518218623482	19.458502024291498	21.077935222672064	33.198380566801625	0.0
113.0	29.83748095479939	19.172168613509395	17.97866937531742	33.011681056373796	0.0
114.0	29.480651731160894	18.15173116089613	19.373727087576377	32.9938900203666	0.0
115.0	27.844541038097674	19.457939145998466	19.125543339299412	33.57197647660445	0.0
116.0	29.568788501026695	18.557494866529776	17.94147843942505	33.932238193018485	0.0
117.0	30.878186968838527	19.211949523564254	19.44372907545712	30.466134432140095	0.0
118.0	28.70059416171532	16.09403254972875	22.009816584861795	33.19555670369414	0.0
119.0	23.770067322630762	19.808389435525633	26.56654583117556	29.854997410668048	0.0
120.0	25.59647302904564	21.78423236514523	22.821576763485478	29.79771784232365	0.0
121.0	29.622886866059815	18.907672301690507	18.8296488946684	32.63979193758127	0.0
122.0	29.95307612095933	18.9259645464025	21.24608967674661	29.874869655891555	0.0
123.0	33.193936225823315	17.95608991113434	17.720857292211186	31.129116570831155	0.0
124.0	31.3581541688516	17.829050865233352	19.03513371788149	31.77766124803356	0.0
125.0	28.37624802942722	19.679453494482395	19.968470835522858	31.975827640567523	0.0
126.0	30.603107716618382	18.251250987621805	18.224914406110088	32.92072688964972	0.0
127.0	29.140295358649787	18.354430379746837	21.598101265822788	30.90717299578059	0.0
128.0	30.962453728186144	16.737176097303013	20.438921205711264	31.86144896879958	0.0
129.0	30.132625994694962	19.098143236074268	18.143236074270558	32.62599469496021	0.0
130.0	30.383795309168445	19.429637526652453	17.137526652452024	33.04904051172708	0.0
131.0	30.596416154051887	20.165819737897834	18.34715164482482	30.89061246322546	0.0
132.0	28.863208814834724	19.537758667024992	21.580220370868048	30.01881214727224	0.0
133.0	29.60366675653815	21.083850094365058	18.657320032353734	30.655163116743054	0.0
134.0	26.069301570113694	20.113697888467787	20.817541959935028	32.99945858148349	0.0
135.0	27.45523602821487	17.17308735756918	20.645686380900706	34.725990233315244	0.0
136.0	26.14965986394558	17.63265306122449	21.306122448979593	34.91156462585034	0.0
137.0	29.623567921440262	15.630114566284778	20.403709765411893	34.34260774686307	0.0
138.0	29.381161007667032	17.880613362541073	21.193866374589266	31.544359255202632	0.0
139.0	28.96400109920308	19.12613355317395	17.55976916735367	34.350096180269304	0.0
140.0	29.964098315382493	16.4043082021541	19.663076498204916	33.96851698425849	0.0
141.0	30.971491835040133	18.212012178245228	18.876280099640187	31.94021588707445	0.0
142.0	31.47942157953281	15.82313681868743	19.410456062291434	33.28698553948832	0.0
143.0	32.91492329149233	18.326359832635983	18.716875871687588	30.0418410041841	0.0
144.0	31.18339876612451	18.227706113292204	18.56421761076837	32.02467750981492	0.0
145.0	29.050436742744434	17.638771484925332	19.526627218934912	33.78416455339532	0.0
146.0	29.64326160815402	18.12004530011325	18.77123442808607	33.46545866364666	0.0
147.0	29.590676520750424	18.419556566230813	17.964752700397955	34.02501421262081	0.0
148.0	26.898914905768134	20.645345516847517	20.1313535122787	32.32438606510566	0.0
149.0	28.963938179736694	20.12020606754436	17.601602747567256	33.31425300515169	0.0
150.0	29.856321839080458	19.82758620689655	18.07471264367816	32.241379310344826	0.0
151.0	28.266512835304297	18.92125757138737	19.90193250648976	32.910297086818574	0.0
152.0	30.06081668114683	19.14277439907327	16.478424558355055	34.31798436142485	0.0
153.0	30.74235807860262	17.903930131004365	19.767103347889375	31.58660844250364	0.0
154.0	31.306635486699797	15.580239695995324	20.69570301081555	32.41742180648933	0.0
155.0	31.18405627198124	19.28487690504103	17.526377491207505	32.00468933177022	0.0
156.0	30.517951736315478	15.685697469099471	19.040612124779283	34.755738669805766	0.0
157.0	30.73055309080154	17.77580597456374	20.28985507246377	31.203785862170957	0.0
158.0	28.851291184327692	22.024339566636982	17.126743840902346	31.99762540813298	0.0
159.0	35.292362768496425	14.140811455847254	19.570405727923628	30.9964200477327	0.0
160.0	26.047904191616766	18.562874251497004	23.862275449101798	31.526946107784433	0.0
161.0	30.153475774902194	18.266626542281074	21.396328618718023	30.18356906409871	0.0
162.0	30.93655589123867	18.09667673716012	20.453172205438065	30.513595166163142	0.0
163.0	31.412977562158883	18.132201334141904	15.949060036385687	34.50576106731352	0.0
164.0	31.537290715372908	16.04261796042618	21.339421613394215	31.080669710806696	0.0
165.0	29.70992366412214	17.954198473282442	22.137404580152673	30.19847328244275	0.0
166.0	27.901990811638587	20.459418070444105	19.87748851454824	31.761102603369068	0.0
167.0	28.685996298581124	18.9389265885256	21.560764959901295	30.81431215299198	0.0
168.0	27.71722204920585	18.125194643413266	19.71348489567113	34.44409841170975	0.0
169.0	26.259780907668233	17.934272300469484	19.93740219092332	35.86854460093897	0.0
170.0	31.567328918322296	15.894039735099339	19.804478082623778	32.73415326395459	0.0
171.0	29.974651457541192	18.916349809885933	16.666666666666664	34.442332065906214	0.0
172.0	28.889595927457844	20.45816099268215	16.290168628698694	34.36207445116131	0.0
173.0	29.785874081176093	17.25790987535954	19.942473633748804	33.01374240971556	0.0
174.0	29.237697008684467	19.491798005789644	18.623351559987135	32.64715342553876	0.0
175.0	28.56217616580311	18.814766839378237	20.887305699481864	31.73575129533679	0.0
176.0	30.982696702579172	17.956252040483186	18.707149853085212	32.35390140385243	0.0
177.0	28.126025598949788	22.61240564489662	18.70692484410896	30.554643912044632	0.0
178.0	27.891606080634503	20.984798413747523	19.629874421678785	31.493721083939192	0.0
179.0	25.796812749003983	17.928286852589643	24.003984063745023	32.27091633466135	0.0
180.0	28.999999999999996	16.133333333333333	21.233333333333334	33.63333333333333	0.0
181.0	27.915549597855225	18.63270777479893	20.17426273458445	33.2774798927614	0.0
182.0	31.917762049207955	17.829457364341085	20.020222446916076	30.23255813953488	0.0
183.0	28.90545577770247	22.704168078617418	20.3659776347001	28.02439850898001	0.0
184.0	29.498122226015706	19.631273472174804	19.9726869238648	30.89791737794469	0.0
185.0	26.32120796156486	20.521619766643788	24.879890185312288	28.277282086479065	0.0
186.0	29.27586206896552	18.517241379310345	22.17241379310345	30.03448275862069	0.0
187.0	30.945757997218358	21.592489568845618	16.585535465924895	30.87621696801113	0.0
188.0	28.986013986013987	18.39160839160839	20.06993006993007	32.552447552447546	0.0
189.0	29.059528002817892	18.87988728425502	19.971821063754845	32.08876364917224	0.0
190.0	30.414746543778804	16.270825948245303	19.602977667493796	33.711449840482096	0.0
191.0	28.433476394849787	19.992846924177396	20.74391988555079	30.829756795422032	0.0
192.0	31.47281238746849	19.44544472452287	20.993878285920058	28.087864602088587	0.0
193.0	30.872727272727275	18.4	21.054545454545455	29.672727272727272	0.0
194.0	26.927292656192915	20.716112531969312	23.200584581658752	29.15601023017903	0.0
195.0	28.16176470588235	19.852941176470587	19.558823529411764	32.4264705882353	0.0
196.0	29.23476968796434	18.833580980683507	21.173848439821693	30.75780089153046	0.0
197.0	29.464958553127357	20.38432554634514	20.761115297663903	29.389600602863602	0.0
198.0	28.36687306501548	22.60061919504644	20.897832817337463	28.134674922600617	0.0
199.0	27.570667759115118	23.064317902498978	19.45923801720606	29.905776321179843	0.0
200.0	28.100775193798448	15.891472868217054	21.075581395348838	34.93217054263566	0.0
201.0	30.779392338177015	17.76750330250991	18.361955085865258	33.091149273447826	0.0
202.0	35.723771580345286	17.861885790172643	18.326693227091635	28.087649402390436	0.0
203.0	34.46893787575151	17.234468937875754	19.772879091516366	28.523714094856377	0.0
204.0	33.4005376344086	16.532258064516128	24.596774193548388	25.47043010752688	0.0
205.0	34.64140730717185	15.899864682002708	23.27469553450609	26.184032476319352	0.0
206.0	31.901840490797547	18.882072256305385	18.950238582140422	30.265848670756647	0.0
207.0	27.903780068728523	22.405498281786944	16.90721649484536	32.78350515463917	0.0
208.0	29.01662049861496	16.82825484764543	20.914127423822716	33.2409972299169	0.0
209.0	25.64459930313589	19.581881533101043	20.34843205574913	34.42508710801393	0.0
210.0	28.190743338008417	18.2328190743338	18.302945301542778	35.273492286115	0.0
211.0	32.36953455571227	20.239774330042312	17.77150916784203	29.619181946403383	0.0
212.0	27.69450392576731	16.41684511063526	21.127765881513206	34.76088508208422	0.0
213.0	27.351040918880116	19.382627422828428	17.946877243359655	35.3194544149318	0.0
214.0	30.267921795800145	24.40260680666184	19.044170890658943	26.28530050687907	0.0
215.0	28.31149927219796	23.362445414847162	17.03056768558952	31.29548762736536	0.0
216.0	30.220588235294116	16.029411764705884	18.014705882352942	35.73529411764706	0.0
217.0	25.26158445440957	18.7593423019432	24.51420029895366	31.46487294469357	0.0
218.0	26.107226107226104	18.88111888111888	19.58041958041958	35.43123543123543	0.0
219.0	18.57638888888889	22.135416666666664	24.131944444444446	35.15625	0.0
220.0	0.0	30.677290836653388	24.701195219123505	44.6215139442231	0.0
