# Position (bp)	A	C	G	T	N
0.0	26.161000679154085	23.76662971990039	23.960453239800195	26.111916361145333	0.0
1.0	26.501407847784858	20.16368196664149	15.427862538077452	37.9070476474962	0.0
2.0	28.760959316477308	19.176525543908994	17.975763095324886	34.08675204428881	0.0
3.0	23.091768113496798	22.471042993095818	14.996636606042294	39.44055228736509	0.0
4.0	34.159945155110954	12.974666569674099	14.72694020040722	38.13844807480773	0.0
5.0	34.85540665885282	14.73943632167801	23.171892615682314	27.233264403786855	0.0
6.0	31.05041685867715	17.26752722630277	20.993671883082072	30.688384031938003	0.0
7.0	34.97095743480265	16.97664603925478	20.08020650139658	27.972190024545995	0.0
8.0	22.305510034702955	26.907692723664784	22.801411394607403	27.985385847024858	0.0
9.0	27.590407548128017	18.46069114369281	15.51902196913412	38.42987933904506	0.0
10.0	26.484353692714258	16.46231755085535	24.961015014436054	32.09231374199434	0.0
11.0	28.02201968381751	18.182873527005295	19.25197026267034	34.54313652650685	0.0
12.0	26.11569356537604	19.684772667425303	21.0667338311499	33.13279993604875	0.0
13.0	26.178513321608936	20.668316977175046	18.736701314762392	34.416468386453616	0.0
14.0	30.37268353067309	18.472314635430873	20.29023756007185	30.864764273824193	0.0
15.0	29.713744698159523	18.46937569946676	19.837421001401285	31.979458600972432	0.0
16.0	29.961394137175425	17.568150986071796	18.540747759355224	33.92970711739756	0.0
17.0	30.37678334634302	17.82189871721323	19.709180530607252	32.09213740583649	0.0
18.0	31.244709915264597	17.740166908051275	18.807030052383595	32.20809312430053	0.0
19.0	29.819619866266656	18.305838607743745	19.942326320640262	31.932215205349333	0.0
20.0	29.596334206393244	17.763281639409016	19.9421352898026	32.69824886439514	0.0
21.0	29.057759496289886	18.305618187546436	19.941224219653723	32.695398096509955	0.0
22.0	29.792655128795932	18.865529572749246	22.64970352013994	28.69211177831488	0.0
23.0	29.814814705965336	20.096341259839555	20.892219813600928	29.19662422059418	0.0
24.0	32.781215026662025	19.243359180295492	17.859473013514403	30.115952779528076	0.0
25.0	29.471532290677228	20.963283285213155	19.31524555397767	30.24993887013195	0.0
26.0	32.03033158251121	16.537848205133027	21.992557438564482	29.439262773791274	0.0
27.0	26.204787409128098	21.0824571385579	24.87751984369563	27.83523560861837	0.0
28.0	26.441489311677685	19.64590523929992	18.565581768251967	35.34702368077042	0.0
29.0	28.191184837911802	19.889675282843196	17.222943567727192	34.69619631151781	0.0
30.0	26.60561226849091	18.909353260470983	15.966421700952147	38.518612770085966	0.0
31.0	34.465407149904095	14.20041157270657	18.186847621851054	33.147333655538276	0.0
32.0	34.439109331736816	15.36810168909731	22.424239356936408	27.768549622229465	0.0
33.0	31.18814830315504	17.1842407183521	20.994135901215095	30.633475077277765	0.0
34.0	33.19290624461439	16.42548628212623	21.836000803709016	28.54560666955036	0.0
35.0	26.26881488371467	20.246306226943496	25.58111113775488	27.90376775158695	0.0
