# Position (bp)	A	C	G	T	N
0.0	0.0	0.0	65.21739130434783	34.78260869565217	0.0
1.0	30.434782608695656	0.0	4.3478260869565215	65.21739130434783	0.0
2.0	56.52173913043478	30.434782608695656	4.3478260869565215	8.695652173913043	0.0
3.0	30.76923076923077	53.84615384615385	15.384615384615385	0.0	0.0
4.0	80.76923076923077	0.0	7.6923076923076925	11.538461538461538	0.0
5.0	84.61538461538461	0.0	11.538461538461538	3.8461538461538463	0.0
6.0	53.84615384615385	0.0	19.230769230769234	26.923076923076923	0.0
7.0	38.46153846153847	0.0	0.0	61.53846153846154	0.0
8.0	65.38461538461539	30.76923076923077	3.8461538461538463	0.0	0.0
9.0	11.538461538461538	80.76923076923077	0.0	7.6923076923076925	0.0
10.0	0.0	53.84615384615385	0.0	46.15384615384615	0.0
11.0	38.46153846153847	3.8461538461538463	0.0	57.692307692307686	0.0
12.0	57.692307692307686	38.46153846153847	0.0	3.8461538461538463	0.0
13.0	26.923076923076923	65.38461538461539	7.6923076923076925	0.0	0.0
14.0	84.61538461538461	15.384615384615385	0.0	0.0	0.0
15.0	65.38461538461539	26.923076923076923	0.0	7.6923076923076925	0.0
16.0	7.6923076923076925	61.53846153846154	3.8461538461538463	26.923076923076923	0.0
17.0	15.384615384615385	0.0	0.0	84.61538461538461	0.0
18.0	19.230769230769234	0.0	26.923076923076923	53.84615384615385	0.0
19.0	3.8461538461538463	0.0	65.38461538461539	30.76923076923077	0.0
20.0	7.6923076923076925	0.0	26.923076923076923	65.38461538461539	0.0
21.0	0.0	30.76923076923077	50.0	19.230769230769234	0.0
22.0	15.384615384615385	50.0	7.6923076923076925	26.923076923076923	0.0
23.0	42.30769230769231	3.8461538461538463	3.8461538461538463	50.0	0.0
24.0	80.76923076923077	0.0	0.0	19.230769230769234	0.0
25.0	50.0	0.0	15.384615384615385	34.61538461538461	0.0
26.0	3.8461538461538463	0.0	38.46153846153847	57.692307692307686	0.0
27.0	30.76923076923077	3.8461538461538463	53.84615384615385	11.538461538461538	0.0
28.0	57.692307692307686	30.76923076923077	0.0	11.538461538461538	0.0
29.0	3.8461538461538463	84.61538461538461	0.0	11.538461538461538	0.0
30.0	28.57142857142857	64.28571428571429	0.0	7.142857142857142	0.0
31.0	60.0	20.0	0.0	20.0	0.0
32.0	0.0	80.0	0.0	20.0	0.0
33.0	50.0	0.0	0.0	50.0	0.0
34.0	100.0	0.0	0.0	0.0	0.0
35.0	0.0	100.0	0.0	0.0	0.0
