# Position (bp)	A	C	G	T	N
0.0	26.155048783120407	24.25904423161017	24.209597312357143	25.376309672912285	0.0
1.0	27.005287562315637	21.536715390314832	15.82984053978039	35.62815650758914	0.0
2.0	29.277697109822494	21.159128360711453	17.178138920114797	32.385035609351256	0.0
3.0	23.675318050150395	22.621836803994984	15.273318342987125	38.4295268028675	0.0
4.0	33.75606421959828	14.032444682268558	15.124469325414264	37.0870217727189	0.0
5.0	35.42008180837705	15.344474391143256	24.21011952350053	25.02532427697916	0.0
6.0	32.31847684716541	17.438619747934982	21.18281124843071	29.060092156468905	0.0
7.0	35.49242057666555	18.051697002002623	20.70285086238072	25.753031558951108	0.0
8.0	23.15684294003363	26.968379041368102	22.96639125729336	26.908386761304914	0.0
9.0	26.890360288078103	19.420468816748055	15.52887657202916	38.16029432314468	0.0
10.0	26.835505774340003	16.9870720954845	24.90775827075187	31.269663859423623	0.0
11.0	27.909985448162704	19.721714658645258	19.516248296730808	32.85205159646123	0.0
12.0	25.384596135026698	21.24003533543081	20.138272350778337	33.237096178764155	0.0
13.0	27.02436297787594	21.573215052503762	19.358417001045932	32.04400496857436	0.0
14.0	30.422242453407435	19.163071152970126	19.83202161582308	30.582664777799355	0.0
15.0	30.047495549299192	19.019102968145184	21.086278819934797	29.847122662620823	0.0
16.0	28.24874584245084	19.08230635216155	19.11521463129551	33.5537331740921	0.0
17.0	29.542532843503416	18.37205444880736	20.54063474888392	31.544777958805305	0.0
18.0	32.130040408975056	17.631086675225184	19.67401315578217	30.564859760017594	0.0
19.0	31.037024914401933	18.924320037665144	20.15279982797341	29.885855219959513	0.0
20.0	30.329939823911918	17.680958441449725	20.29811889101314	31.690982843625214	0.0
21.0	29.775326807336643	19.39205608314855	19.619978027190744	31.212639082324067	0.0
22.0	30.794287601086108	18.930011442602847	22.67351643121893	27.60218452509212	0.0
23.0	29.754067084612146	20.58514729333833	22.022016657435667	27.63876896461386	0.0
24.0	33.99657762755224	19.622148290552204	17.505034235904525	28.876239845991027	0.0
25.0	30.07236499577795	20.879262269905023	20.088134838019737	28.960237896297286	0.0
26.0	31.37726906017188	16.87238032049475	23.157440869735257	28.59290974959811	0.0
27.0	26.586479126384845	21.35707453813806	24.60910345756172	27.447342877915375	0.0
28.0	27.916319073891042	19.8316451415665	19.571036373835394	32.68099941070706	0.0
29.0	28.14929020208031	21.315839534270342	17.48191428744164	33.05295597620771	0.0
30.0	27.240539402386744	19.280298340692894	16.106656620210682	37.37250563670968	0.0
31.0	34.40760532306731	15.010634916536606	18.663499488509036	31.91826027188705	0.0
32.0	34.022158799499316	15.536176058131318	23.57014188517917	26.871523257190198	0.0
33.0	31.234534187680786	17.765975621835842	21.022190799619413	29.97729939086396	0.0
34.0	32.77304410664829	17.486150913852587	22.031090767097712	27.709714212401416	0.0
35.0	27.389279244276132	20.960633140314165	25.224593481663177	26.425494133746525	0.0
