# Position (bp)	A	C	G	T	N
0.0	26.19041782482549	24.491523980467587	24.090856075908473	25.227202118798452	0.0
1.0	27.2279225598157	21.60893419111917	15.377648369047458	35.78549488001767	0.0
2.0	29.728551233448723	21.39359026193321	17.13296672987149	31.74489177474657	0.0
3.0	24.11168154410613	22.647054194746495	15.483501947753911	37.757762313393464	0.0
4.0	34.27440373555898	14.13639836502863	15.167343088966936	36.42185481044546	0.0
5.0	35.88589998557904	15.401383948253761	24.274998252199715	24.43771781396749	0.0
6.0	32.57973841759127	17.760209331968813	21.067099275061906	28.592952975378005	0.0
7.0	35.65162520950868	17.97870202518825	20.48827873574264	25.88139402956043	0.0
8.0	23.51986969121058	26.33641193179839	23.823623421219704	26.320094955771324	0.0
9.0	27.211646786613425	19.87646307810143	15.6290187809039	37.28287135438124	0.0
10.0	27.11960098350734	16.893835949509988	24.457057459747375	31.529505607235297	0.0
11.0	27.690501662525723	20.078484009750458	19.70256152015914	32.528452807564676	0.0
12.0	25.60365716962767	21.7726246804001	20.039594141986328	32.584124007985906	0.0
13.0	27.44303827511118	22.241960245397	19.267175584334776	31.047825895157043	0.0
14.0	30.613536356931338	19.50256569936881	19.480998913663463	30.40289903003639	0.0
15.0	30.35174240796258	19.09389316856584	21.27351869590084	29.280845727570735	0.0
16.0	28.221957825583004	19.387198874399527	19.056538257439833	33.33430504257763	0.0
17.0	29.517603114904272	18.355024377433196	20.591262717244735	31.536109790417793	0.0
18.0	32.52872368226553	17.708575454469702	19.61692641830638	30.14577444495839	0.0
19.0	30.997481897185768	19.203649017589054	20.0744724844189	29.72439660080628	0.0
20.0	30.455345531638034	17.74289914870531	20.413994573734804	31.38776074592185	0.0
21.0	29.73992675032137	20.141262446370035	19.489021964326575	30.62978883898202	0.0
22.0	31.119156233046148	18.992444143701867	22.519181153518623	27.369218469733365	0.0
23.0	29.811695647249937	20.689138775816616	21.910448307948936	27.588717268984514	0.0
24.0	33.97251163535828	19.800643959455474	17.64975694800057	28.577087457185673	0.0
25.0	30.36976202496639	21.181434196408926	20.264046078624347	28.184757700000336	0.0
26.0	31.401949420728002	17.39912045694756	23.085722039732932	28.113208082591502	0.0
27.0	27.12708228476877	21.293189358700275	24.390628664064035	27.18909969246692	0.0
28.0	28.10211511865215	19.770950932724784	19.574927940880176	32.55200600774289	0.0
29.0	28.28130518265855	21.5415556617843	17.504722893891156	32.672416261665994	0.0
30.0	27.53825856394766	19.75135631989058	15.879547397644991	36.83083771851677	0.0
31.0	34.84822212158677	15.454398649269022	18.35482354988791	31.3425556792563	0.0
32.0	34.31841693808016	15.754738193578207	23.76707061759156	26.159774250750072	0.0
33.0	31.46451753709349	18.119585651160115	20.458477274226453	29.957419537519943	0.0
34.0	32.90690815031399	17.685174281968887	21.92693793333495	27.480979634382173	0.0
35.0	27.749673120941793	21.1352038818186	25.145497156725988	25.969625840513622	0.0
