# Position (bp)	A	C	G	T	N
0.0	26.10691375290753	23.85421907340658	24.30634605863505	25.732521115050837	0.0
1.0	26.423572790709777	20.0426838300547	15.52776951132119	38.005973867914335	0.0
2.0	28.337340934266336	19.018126097170395	18.17931504212901	34.465217926434256	0.0
3.0	22.721556038082625	22.2245731661262	15.267463219816088	39.78640757597508	0.0
4.0	33.747278297413224	13.2365976204555	14.821699202623037	38.19442487950824	0.0
5.0	34.15925996795745	14.868896265770418	23.247294285346637	27.724549480925486	0.0
6.0	30.34954272540724	17.459219293134414	21.423438006258774	30.767799975199573	0.0
7.0	34.94863910974457	16.88150927949418	20.10043174081684	28.06941986994441	0.0
8.0	22.61325862981625	26.844531971887513	22.359437563584436	28.1827718347118	0.0
9.0	27.460959323294936	18.672156984054393	15.876708529614515	37.99017516303616	0.0
10.0	25.997033948588445	16.769073997282618	24.88481467012095	32.34907738400799	0.0
11.0	28.00225203903534	18.023912414481853	19.520355019487003	34.4534805269958	0.0
12.0	25.895315518802324	19.689957959271297	20.980563663103492	33.43416285882289	0.0
13.0	26.277372141117112	20.731409344428638	18.69697408088407	34.29424443357018	0.0
14.0	30.37342647272553	18.44945312385415	19.978312957424595	31.19880744599573	0.0
15.0	29.61084658800753	18.406769050663545	19.95057914337182	32.03180521795711	0.0
16.0	29.832900436940907	17.428202088836205	18.62337280512862	34.11552466909426	0.0
17.0	30.332559097691025	17.882476629594912	19.701541493385886	32.083422779328174	0.0
18.0	31.204207539597352	17.636639035076605	18.73747478289624	32.421678642429804	0.0
19.0	29.87268445986397	18.29950052467576	19.92722873863147	31.900586276828797	0.0
20.0	29.54357875536509	17.613388632069622	20.13866573687277	32.704366875692514	0.0
21.0	29.03800332539097	18.09346362003608	19.93794559105691	32.930587463516034	0.0
22.0	29.555145622524126	19.101281088872206	22.39915491868526	28.944418369918413	0.0
23.0	29.833683783852255	19.922311986741104	20.931479478977636	29.31252475042901	0.0
24.0	32.369544405436365	19.27010068174515	17.95784460263978	30.40251031017871	0.0
25.0	28.997385954689882	20.98776378790566	19.647957231258676	30.366893026145785	0.0
26.0	31.634665000860014	16.703189521951714	21.83472846862679	29.82741700856148	0.0
27.0	25.860948256436444	20.95884662000808	24.92893210148976	28.251273022065714	0.0
28.0	26.429791449718458	19.687041242048195	18.714091044244764	35.16907626398857	0.0
29.0	27.800031867219033	20.05133088973542	17.393334817803506	34.755302425242036	0.0
30.0	26.36407382633933	18.868935172368655	16.251923082702824	38.51506791858919	0.0
31.0	34.009453590261934	14.366597046163793	18.54721379954593	33.07673556402834	0.0
32.0	33.89970934524638	15.675985336488774	22.504085618706522	27.920219699558324	0.0
33.0	31.06930642132611	17.594656468913715	20.53462748763151	30.801409622128666	0.0
34.0	33.145115120153534	16.70272450048862	21.571783052523756	28.580377326834096	0.0
35.0	26.178801006330644	20.629186287407446	25.078366566376086	28.11364613988583	0.0
