# Position (bp)	A	C	G	T	N
0.0	27.258868687824556	24.01643028661328	22.79465690391417	25.92989626089734	1.4786075065945895E-4
1.0	27.241475890738094	19.996019871161756	15.153087548093225	37.60941669000693	0.0
2.0	28.180696835732423	19.81390466473289	17.953392365945348	34.05171209766697	2.940359223686358E-4
3.0	23.737003416873197	21.839392295170917	15.374756199498469	39.04870144153921	1.466469182150137E-4
4.0	34.18226719178844	13.670478286058717	14.654789005214155	37.49100251051902	0.0014630064196721694
5.0	36.11600182933155	14.96705888197451	22.266120984273886	26.643512667244302	0.007305637175757558
6.0	32.66014782651831	17.492318331830557	20.035366312711737	29.80676920562943	0.005398323309960052
7.0	35.57599373734458	16.70201801533884	20.332054853630837	27.38964183617092	2.915575148220551E-4
8.0	23.152181987406653	26.79851373455509	22.24620677500499	27.801786606423683	0.001310896609584402
9.0	28.847346311385923	18.19882213546898	16.177442409527718	36.776243584481065	1.455591363103088E-4
10.0	26.720122428435516	17.123542743758566	24.855329040967558	31.299987489489716	0.0010182973486446464
11.0	28.242403445458063	18.677825825231988	19.64722441133791	33.43138309782972	0.0011632201423199843
12.0	26.32506830998198	19.595808383233532	21.37070519155863	32.70013371315621	0.008284402069647112
13.0	27.503809884926223	21.11685923110784	18.550689265930696	32.828205787538444	4.358304968031833E-4
14.0	31.57185174208713	18.199264608675062	20.52354864812644	29.70460861695003	7.263841613386388E-4
15.0	29.713034673221557	18.726474232974645	19.380510531843957	32.178963624133964	0.0010169378258740942
16.0	30.61070021980385	17.541741665831324	18.915188838090423	32.93033540062266	0.0020338756517481885
17.0	30.09046388345312	18.118926520431007	20.500594908628138	31.288416642332795	0.0015980451549450056
18.0	31.362071996292535	17.96856499903391	18.549672328104823	32.11082878980041	0.008861886768331394
19.0	30.312301606325935	18.311418323185748	19.913095398937443	31.463184671550877	0.0
20.0	30.029738167565206	18.262895861208325	19.535956742370423	32.17140922885605	0.0
21.0	30.270316601800562	17.324988632087877	19.419589999723975	32.98466893589079	4.358304968031833E-4
22.0	28.53425845620122	19.065259805822986	19.670192535385805	32.730289202589994	0.0
23.0	30.07782479904582	17.367845297606856	20.327715478229543	32.22545221045964	0.0011622146581418222
24.0	30.687261110408944	18.15771543464649	18.610107490328197	32.54273681213236	0.0021791524840159165
25.0	29.46083409240478	17.863239295639808	19.30220631925165	33.373720292703766	0.0
26.0	32.076979287882025	17.630215256682373	19.899729930368814	30.392784971402254	2.9055366453545556E-4
27.0	28.971105890830273	18.21263007724369	20.121567653241634	32.69411527135533	5.811073290709111E-4
28.0	30.034241749365503	17.969291383195248	19.978760527122457	32.015527187832774	0.0021791524840159165
29.0	29.404321404652634	18.23064440444489	19.686172986935254	32.67639149781867	0.002469706148551372
30.0	30.000276027585326	18.284357807294974	19.39471508868476	32.318762466640614	0.0018886097943303934
31.0	30.117747898915496	18.335258268139786	19.601938009835326	31.94244081733458	0.002615005774804419
32.0	29.095861753361373	18.306347926518338	19.779467846324827	32.81832247379546	0.0
33.0	29.833961178673697	18.210517293228715	19.444658326711053	32.51013680878296	7.263926035799532E-4
34.0	29.91453239793065	17.856234863750142	19.595659646303886	32.632991976243986	5.811157713367551E-4
35.0	30.110677509138345	17.41989869701396	19.900877135610834	32.56840131679348	1.4534144338587427E-4
36.0	30.906403124595727	17.463199222048924	19.17710451609902	32.45285706602555	4.3607123078197746E-4
37.0	29.067157452796728	18.857177747152104	19.196483087068017	32.87874558786758	4.3612511557315564E-4
38.0	30.342348839305703	18.305616056343762	19.3171343078726	32.03359223470364	0.0013085617742934494
39.0	29.683775438821026	18.6018810874646	19.717386024337497	31.99681201196659	1.454374102832975E-4
40.0	29.721201359425375	18.638682492667982	19.78255015973976	31.85290842800067	0.004657560166216678
41.0	29.58458680846414	18.3344138106858	20.471865098153476	31.607386094620683	0.001748188075900499
42.0	29.381565022696066	18.28235829171659	19.58552349633102	32.74894974213655	0.0016034471197716692
43.0	29.316505318792093	18.391615938583776	20.361917040260646	31.926899058163986	0.0030626441994977263
44.0	29.508151277913786	18.759027390744865	20.093257505682697	31.63956382565865	0.0
45.0	29.387784889109447	18.48015354638137	19.64021689156152	32.49126084640254	5.838265451334408E-4
46.0	30.26734954288367	17.45641262230891	19.364884239049502	32.910623611204386	7.299845535268473E-4
47.0	29.559029268563386	17.99384311629442	19.91188179250601	32.53393149736697	0.001314325269217626
48.0	30.412859045971906	17.696087596699932	19.09838268632996	32.79135601935167	0.0013146516465281511
49.0	29.308742562567947	17.658129449308568	20.208920242673617	32.82274656037033	0.0014611850795469158
50.0	29.615854148848292	18.749972587118137	19.721485120287728	31.91254194170925	1.4620203659436977E-4
51.0	30.37465646978251	18.080738015588004	19.377592025123434	32.16701348950605	0.0
52.0	29.99985349487965	18.091331292028656	19.588467116925738	32.320348096165965	0.0
53.0	31.436667311990707	17.564547070522185	19.515625641657426	31.473480115219676	0.009679860610007215
54.0	30.238416448547646	18.20661388749022	19.46747151730101	32.08529615988186	0.0022019867792713774
55.0	29.093227672268522	18.320559098648825	18.273105644904188	34.31207918115613	0.001028403022329568
56.0	29.247356728121236	18.160685640685582	20.43424498215764	32.15683045566758	8.821933679643241E-4
57.0	28.12180022832394	18.64017795143997	19.771352407405228	33.46593383313522	7.355796956465451E-4
58.0	30.74568860820986	17.87753659990726	22.151463628267127	29.225311163615753	0.0
59.0	29.507228010197316	20.144854924035897	21.193026922680183	29.14575382030916	0.009136322777442125
60.0	31.15312422528893	19.17195929594258	19.675742837242797	29.999173641525694	0.0
61.0	29.245961908730493	20.939559034966006	19.50415445745283	30.310029065686678	2.955331639928304E-4
62.0	31.00780589373855	16.3055953345309	21.775644604514714	30.91065798456592	2.9618264991655057E-4
63.0	26.56010627311537	20.224285011657056	25.643144031870047	27.570384393067876	0.0020802902896507043
64.0	26.212474571020945	19.747780269792905	18.132388551821503	35.90527165446969	0.0020849528949570947
65.0	27.74100392857196	19.209387958053423	18.612860212420618	34.427788785875656	0.008959115078339996
66.0	26.40905218811616	19.53652150089303	17.078699122238376	36.96869072339356	0.00703646535888219
67.0	33.58782752862309	14.112564124127491	17.700962312433173	34.597444646010786	0.0012013888054591107
68.0	34.35534507690884	15.291937963088007	23.084031458498664	27.268685501504493	0.0
69.0	31.80166051089788	16.96022569089998	20.50025674814554	30.73785705005661	0.0
70.0	32.92993885003445	15.828753466107873	22.230026397344954	29.01128128651272	0.0
71.0	25.454621235802854	19.70511618214025	25.943524017922265	28.896738564134626	0.0
