# Position (bp)	A	C	G	T	N
0.0	26.74178276498292	23.85839650334357	23.3538578112631	26.04596292041041	0.0
1.0	27.97741493758098	19.57586996702507	14.832577018255952	37.61383104801321	3.070291247827769E-4
2.0	27.88976397226659	20.200351257243916	17.673624497439004	34.23626027305049	0.0
3.0	24.632406774697387	21.400636958219447	14.553946212417024	39.41239994142913	6.101132370167903E-4
4.0	34.652368664491945	14.299320804323482	14.432299527727737	36.61570670431861	3.0429913822484054E-4
5.0	36.033453316146606	14.521061847897462	22.130444828173264	27.305007661064767	0.010032346717902572
6.0	32.14406107927368	17.837261636858937	19.608414799697517	30.404188570717057	0.006073913452807211
7.0	35.04734569792808	16.954037809810163	20.16705249137583	27.830653798426564	9.102024593670452E-4
8.0	23.761130879134868	26.26766240930114	21.45251532106032	28.517479041516893	0.0012123489867793343
9.0	29.177392684300745	17.618733229555957	15.55994354833825	37.64393053780505	0.0
10.0	27.606652643048474	16.973925150199005	24.344194070733515	31.07462279998184	6.053360371676327E-4
11.0	29.219244930250287	18.301925037590117	18.753308989256944	33.724008362099475	0.0015126808031729992
12.0	27.598179316185036	19.152263001103904	20.358692857898955	32.88572335888944	0.005141465922666304
13.0	28.432913412481565	21.30262107986556	18.088836230867813	32.17562927678507	0.0
14.0	31.836811180694923	18.626532388712914	20.17010421452233	29.36624996977537	3.0224629446042994E-4
15.0	30.466124235316876	18.615349275817877	18.69423555867205	32.22368643760428	6.044925889208599E-4
16.0	30.567376743961116	18.519839446768383	18.580288705660468	32.33189061102111	6.044925889208599E-4
17.0	30.14604540948328	18.944797736779748	19.928609425248446	30.975711487777158	0.004835940711366879
18.0	32.574594385472835	18.01901733684745	18.315520951713133	31.08179993713277	0.009067388833812898
19.0	30.54863747370457	18.3333534830863	19.581328432913413	31.53668061029572	0.0
20.0	30.917377952946296	18.585426892666295	18.857146311386224	31.639746596706726	3.0224629446042994E-4
21.0	31.089658340788738	17.20385908068767	18.705418671567088	33.00076166066204	3.0224629446042994E-4
22.0	29.131102352685158	19.14820949295162	19.146698261479315	32.57217641511715	0.0018134777667625794
23.0	30.351270643421913	18.252955968759824	19.476146722441182	31.917510941315857	0.0021157240612230096
24.0	31.131972822013203	17.691080107357884	18.45969243417076	32.7169523901637	3.0224629446042994E-4
25.0	29.36594772348091	17.909906424547234	19.983316004545784	32.74052760113161	3.0224629446042994E-4
26.0	32.46064753246125	18.035036390453854	19.808013153758736	29.695396184442778	9.067388833812897E-4
27.0	28.658086901854585	18.129034988031048	19.920751021592476	33.291824842227435	3.0224629446042994E-4
28.0	30.93883743985299	18.23028749667529	19.890828638440894	30.936721715791766	0.0033247092390647293
29.0	29.086067654810556	19.202613825954494	18.73503880842421	32.973861740455064	0.0024179703556834395
30.0	30.959087941581835	18.438232947264066	18.908225935150035	31.69324419082622	0.0012089851778417197
31.0	31.86189762313514	18.155934908238024	18.858657542858527	31.121394201707087	0.0021157240612230096
32.0	30.260294508789322	18.036849868220617	18.493241772855864	33.2096138501342	0.0
33.0	29.933354490637893	18.4189448549969	18.922186456302608	32.72490970364662	6.044944159828324E-4
34.0	29.858879925525837	19.066171381247866	19.57727449955116	31.497674193675135	0.0
35.0	31.057429214977855	17.85853577421354	18.635848286496046	32.448186724312556	0.0
36.0	31.42756927393897	17.881807956071068	18.322367227470096	32.36825554251986	0.0
37.0	29.331022970570093	19.2192546358457	19.312999721788778	32.13642026829239	3.024035030421792E-4
38.0	31.23983039057349	18.811887177067643	18.6391928430145	31.308182263596272	9.073257480900793E-4
39.0	29.96799428858382	19.03341541477345	19.148369765795636	31.85022053084709	0.0
40.0	30.51377440905197	18.29131338937338	18.408155975771813	32.78282111278942	0.003935113013418735
41.0	30.302644733254567	18.304401829803993	20.33081886758157	31.060619830955194	0.0015147384046775123
42.0	30.15368759283398	18.260935463336263	18.528600442571765	33.054351450483495	0.002425050774500591
43.0	29.78624676246338	18.478979516325676	19.226266657770392	32.505474242249626	0.0030328211909282253
44.0	29.932858213415614	18.66104775167551	19.272089587106837	32.133701050664286	3.033971377514024E-4
45.0	30.22240837187845	18.14048633621056	19.475907783079	32.16119750883199	0.0
46.0	30.982255346923903	17.397956860304497	19.723128766374717	31.896355439517905	3.035868789750907E-4
47.0	29.834779255246463	18.32671863280669	19.5067366701385	32.32963983031547	0.002125611492877683
48.0	30.751590808996614	17.577414308928276	18.708521269002386	32.961562409828844	9.112032438835482E-4
49.0	30.00434506500886	17.504231120996387	20.245875986375335	32.24554782761942	0.0
50.0	30.00942478414204	18.275872552596375	19.080323482913776	32.6340751550529	3.0402529490453604E-4
51.0	30.84514886196602	17.787049632828452	19.023229344508252	32.344572160697275	0.0
52.0	29.901536661751628	18.740327317483334	19.571416385371858	31.786414983975337	3.046514178476987E-4
53.0	30.990335438656412	18.445923897297646	18.747846135547835	31.80400062214279	0.011893906355310629
54.0	30.882685111136887	18.135671857735016	18.310267570982923	32.66923879931871	0.0021366608264604074
55.0	30.225532213869176	17.72152285411429	17.975372603166555	34.07604495370526	0.001527375144718795
56.0	28.899656094764996	18.542453190676348	19.909209017959494	32.64807030951471	6.113870844478411E-4
57.0	28.64212786522215	19.264814735515603	19.08312891129205	33.009010882797355	9.176051728462278E-4
58.0	31.299850029075994	18.136993848131485	21.068160254644507	29.4946898050378	3.0606311021332596E-4
59.0	29.155458606258538	21.108632912788526	20.089337687881816	29.63554144888818	0.011029344182940055
60.0	31.90065656255753	18.832607228324232	19.164876971221698	30.101859237896544	0.0
61.0	28.85960896137856	21.02716006895259	19.60078785401962	30.51213584029056	3.072753586671624E-4
62.0	32.370314251573724	17.147714254037474	20.17658942803996	30.304766128336848	6.159380119984724E-4
63.0	27.648641884522334	20.578593343982796	24.141734667708956	27.63041214656709	6.17957218821741E-4
64.0	26.345135210482297	20.982870241303473	18.084440727317784	34.58445621534554	0.0030976055509091475
65.0	27.56380596899056	19.849331275560427	18.311591120109554	34.269371582238975	0.005900053100477904
66.0	26.760967098703887	20.47482552342971	16.112911266201397	36.64537637088734	0.005919740777666999
67.0	33.72688606867068	14.171961086405554	17.81456353459941	34.285651783956425	9.375263679290979E-4
68.0	34.78423861338105	16.00584688470674	22.686605719614157	26.523308782298056	0.0
69.0	31.681904688424247	17.30447753516961	20.22091916775969	30.79269860864645	0.0
70.0	33.805906529619286	16.17988508535427	21.513574205889896	28.500634179136547	0.0
71.0	27.172339435780835	20.187203554519883	24.586443610689646	28.054013399009637	0.0
