# Position (bp)	A	C	G	T	N
0.0	39.61810655628255	16.277206569635467	20.763786887434904	23.34089998664708	0.0
1.0	22.41655540720961	32.73030707610147	21.348464619492656	23.50467289719626	0.0
2.0	28.706414692573862	27.80809156241682	15.511046047378226	27.97444769763109	0.0
3.0	37.24252491694352	17.282392026578073	19.45514950166113	26.019933554817275	0.0
4.0	38.547894247376114	16.31460077055932	16.14853195164076	28.98897303042381	0.0
5.0	26.00756921851139	26.830887723258744	16.532766748555872	30.628776309673995	0.0
6.0	25.7700477960701	29.77296866702071	17.77748274030802	26.679500796601168	0.0
7.0	38.34461701845214	18.843754148413648	15.996283021372626	26.81534581176158	0.0
8.0	37.75462809368987	17.49054475482715	15.79191825359963	28.962908897883356	0.0
9.0	26.11955151595568	27.778146354408545	16.49306707357527	29.609235056060506	0.0
10.0	24.256277744649836	14.589544822102962	18.213741469555423	42.940435963691776	0.0
11.0	23.50642469201219	17.34666843290502	18.0421247847397	41.104782090343086	0.0
12.0	24.33613667969009	15.250645652605787	18.27693530229786	42.13628236540627	0.0
13.0	27.01039115758819	26.970679727314845	18.028989344099543	27.989939770997417	0.0
14.0	25.499536853248646	15.912399100172026	30.124387984649992	28.463676061929338	0.0
15.0	34.397936917278315	18.012299146994646	18.85869205845401	28.731071877273028	0.0
16.0	24.100766992859032	17.726791854006876	17.574715683681568	40.59772546945253	0.0
17.0	26.455620910713108	26.713369902848456	17.55997620778534	29.271032978653093	0.0
18.0	23.188214309308318	18.814824601968684	17.77763097046971	40.21933011825329	0.0
19.0	25.23450918219051	29.449068569163693	17.28101466508125	28.03540758356454	0.0
20.0	24.689646064447963	17.419440042260963	17.188325409403063	40.70258848388801	0.0
21.0	24.71605916534601	17.161912308505016	19.090068674062337	39.031959852086636	0.0
22.0	26.780645587167466	17.07043369199287	28.39131295795102	27.757607762888643	0.0
23.0	24.792079207920793	17.993399339933994	17.43894389438944	39.775577557755774	0.0
24.0	37.21789626501254	15.916589679292596	17.6587039725485	29.20681008314636	0.0
25.0	26.773108134855185	16.355479316487433	26.482813221613778	30.388599327043607	0.0
26.0	38.4407360992019	15.500296814194314	16.080733460853505	29.978233625750278	0.0
27.0	25.582008837301323	17.37782760667414	14.838752225812835	42.201411330211705	0.0
28.0	25.021416803953873	27.42009884678748	14.510708401976935	33.047775947281714	0.0
29.0	27.10144927536232	14.907773386034256	15.665349143610014	42.325428194993414	0.0
30.0	25.913181577554262	15.431445209105346	26.601376389624136	32.053996823716254	0.0
31.0	28.784266984505365	14.123957091775925	16.090584028605484	41.00119189511323	0.0
32.0	25.95389507154213	17.143614202437732	15.878378378378377	41.02411234764176	0.0
33.0	26.215266264341135	28.848066847934213	15.067312155978513	29.86935473174614	0.0
34.0	27.119093379282923	15.36218437272185	18.35111670753529	39.16760554045994	0.0
35.0	24.785243390823734	27.235799427315712	16.554571485649596	31.424385696210962	0.0
36.0	26.928200346343413	14.652990542160648	16.904222725456243	41.514586386039696	0.0
37.0	39.63170536429143	17.767547371230318	16.27969041900187	26.32105684547638	0.0
38.0	36.64463582348622	18.64610454636491	15.187929768342345	29.521329861806528	0.0
39.0	40.77396893411891	16.06855918585967	14.542046063203	28.615425816818423	0.0
40.0	25.447836296544786	28.44012076484401	17.604830593760486	28.507212344850718	0.0
41.0	25.747698097990458	14.64480139794341	31.131124403521742	28.476376100544393	0.0
42.0	39.66179343798423	15.508994138651216	17.449302701610186	27.379909721754363	0.0
43.0	38.768606224627874	17.422192151556157	16.40730717185386	27.40189445196211	0.0
44.0	28.645372199141867	27.242389157529118	14.615541783014372	29.496696860314646	0.0
45.0	31.864254073128613	15.842030182446129	18.116975748930102	34.17673999549516	0.0
46.0	30.657662497122246	17.09769012355153	18.6708617911135	33.57378558821272	0.0
47.0	30.47699776527703	17.16113123218001	19.079910611081143	33.281960391461816	0.0
48.0	27.628229849595066	18.071731585036638	18.434246047049747	35.86579251831855	0.0
49.0	29.66880259399367	17.94178954682313	18.8836562958388	33.5057515633444	0.0
50.0	27.21587399629401	21.38665843113033	18.437306979617045	32.960160592958616	0.0
51.0	30.092664092664094	18.4015444015444	18.092664092664094	33.41312741312741	0.0
52.0	28.724967138328307	17.89994587489368	20.389700765483646	32.98538622129436	0.0
53.0	29.56004020722184	19.58555632877136	19.75566380576819	31.098739658238618	0.0
54.0	27.287505805852298	22.8440935129277	18.834184858337206	31.0342158228828	0.0
55.0	29.100201331887877	18.545764286820503	19.056837540653554	33.297196840638065	0.0
56.0	28.00124002170038	19.24358676276835	19.235836627140976	33.519336588390296	0.0
57.0	30.59024276739316	17.839137516481813	19.770418056309623	31.800201659815404	0.0
58.0	31.885182311869663	18.138091543832427	17.812257564003104	32.1644685802948	0.0
59.0	28.437306021104902	18.598696461824954	20.779019242706394	32.18497827436375	0.0
60.0	29.596273291925467	16.940993788819874	20.116459627329192	33.34627329192546	0.0
61.0	30.22750213525895	17.082071589409114	20.187902787483498	32.502523487848435	0.0
62.0	28.024240540750522	19.672131147540984	20.93854401367415	31.36508429803434	0.0
63.0	32.773762337763266	18.10056734281495	19.34405844408176	29.78161187534002	0.0
64.0	26.998444790046655	18.390357698289268	22.34059097978227	32.2706065318818	0.0
65.0	30.883496655778504	18.587649712241404	19.74646134702131	30.78239228495878	0.0
66.0	28.842563783447417	16.817050404480398	21.554138145612946	32.78624766645924	0.0
67.0	29.20298879202989	18.493150684931507	18.633250311332503	33.670610211706105	0.0
68.0	26.492798754379137	19.59517321915142	20.46710782405605	33.44492020241339	0.0
69.0	27.600436001245722	20.624416069760198	20.31298660853317	31.462161320460915	0.0
70.0	27.318744646055602	20.411182929678372	18.682345611712485	33.58772681255354	0.0
71.0	29.74846195779145	18.573319834903824	19.71809049139475	31.960127715909977	0.0
72.0	29.140052967751984	18.749026328088487	21.280573298021498	30.830347406138024	0.0
73.0	29.34714864443752	17.9339358055469	20.65285135556248	32.066064194453105	0.0
74.0	29.798176576014964	17.836826930569625	21.429128029299463	30.935868464115952	0.0
75.0	28.69056897895557	18.261886204208885	23.00077942322681	30.04676539360873	0.0
76.0	29.84411535463757	18.95557287607171	18.760717069368667	32.43959469992206	0.0
77.0	28.12694946974423	19.432314410480352	18.34840923268871	34.09232688708671	0.0
78.0	28.172529443881132	19.460260510100618	19.163871772872632	33.20333827314562	0.0
79.0	28.92703862660944	20.19508388607101	17.635583300819352	33.242294186500196	0.0
80.0	29.03225806451613	17.57400609232211	20.737327188940093	32.65640865422167	0.0
81.0	26.605217934697706	17.411341977815965	20.129667239493827	35.8537728479925	0.0
82.0	28.84480199953136	17.706787471686322	20.84667656018121	32.60173396860111	0.0
83.0	28.96875	18.1875	22.609375	30.234375000000004	0.0
84.0	27.013291634089132	17.326035965598123	20.961688819390147	34.698983580922594	0.0
85.0	29.98436278342455	17.18530101641908	21.063330727130573	31.7670054730258	0.0
86.0	30.501447234608463	17.711022451693655	20.331690526480482	31.4558397872174	0.0
87.0	31.984661136328064	17.30317733604633	21.928314290186258	28.783847237439346	0.0
88.0	31.961183283768978	18.649240882767256	17.553607763343244	31.83596807012052	0.0
89.0	31.660926737633062	16.851909830933	18.62867877269881	32.85848465873513	0.0
90.0	29.252446183953033	16.70450097847358	19.58512720156556	34.45792563600783	0.0
91.0	29.52783650458069	19.379844961240313	17.022942604337953	34.069375929841044	0.0
92.0	28.15412326728796	17.38585637089827	18.99913853864829	35.46088182316548	0.0
93.0	31.690692572861174	17.03227828267001	19.21027890943278	32.06675023503604	0.0
94.0	31.175548589341695	16.920062695924763	18.942006269592476	32.96238244514107	0.0
95.0	30.822884012539188	16.206896551724135	20.086206896551726	32.88401253918495	0.0
96.0	30.56426332288401	16.512539184952978	19.420062695924763	33.50313479623824	0.0
97.0	29.38455507644061	17.977263818110544	20.540964327714622	32.097216777734225	0.0
98.0	31.11912791153635	19.80236844169085	18.327974276527332	30.750529370245474	0.0
99.0	30.17802525292134	18.96321857109246	19.92784879617285	30.93090737981335	0.0
100.0	31.526009743831523	16.313059877416315	19.299072764419297	32.86185761433286	0.0
101.0	31.86691895301167	19.00819930621255	19.205298013245034	29.919583727530746	0.0
102.0	31.523199747055568	17.595447000237137	20.03794166469054	30.843411588016757	0.0
103.0	30.062564346242183	19.885958660014253	18.515878672685517	31.53559832105805	0.0
104.0	27.895154884829232	18.014297061159652	18.895949166004765	35.194598888006354	0.0
105.0	29.718107978977542	17.64612199394808	19.660774008600097	32.97499601847428	0.0
106.0	32.97396582015652	18.016291327264014	18.35170100622904	30.658041846350425	0.0
107.0	30.333840365062848	19.26987430950284	18.621407413337604	31.77487791209671	0.0
108.0	33.601027947317704	17.91680051397366	16.543527144233856	31.938644394474785	0.0
109.0	28.628934868368088	17.510667418082278	20.69076563883745	33.16963207471218	0.0
110.0	26.0837975296682	19.04415919916041	20.00484378784209	34.867199483329294	0.0
111.0	31.24444085065093	17.86205223578879	19.519689496239994	31.37381741732029	0.0
112.0	28.196615110535266	18.228196615110534	20.47129322212325	33.103895052230946	0.0
113.0	29.74354812530433	18.349293945788023	17.51339068333063	34.39376724557702	0.0
114.0	31.415317001709127	17.994628469113696	18.46667209245544	32.123382436721734	0.0
115.0	26.275822650445008	20.617294031191314	17.963582918265697	35.143300400097985	0.0
116.0	29.66268216800393	17.340756508924184	18.151301784837074	34.845259538234814	0.0
117.0	29.796487772854096	18.34071885770556	20.105038568849498	31.757754800590842	0.0
118.0	30.2918207973695	16.637895602137277	20.517879161528978	32.552404438964246	0.0
119.0	25.094775012361957	19.564859073677273	23.125103016317787	32.21526289764299	0.0
120.0	26.98793188956852	20.705901801950734	20.457926930071086	31.848239378409655	0.0
121.0	30.185077599800813	18.07618889534401	18.839737737571582	32.89899576728359	0.0
122.0	26.879574184963406	17.88090485695276	19.976713240186296	35.26280771789754	0.0
123.0	30.412328196584753	16.85131195335277	19.133694294044147	33.60266555601832	0.0
124.0	31.73913043478261	17.433110367892976	19.331103678929765	31.49665551839465	0.0
125.0	28.109014675052414	17.79454926624738	18.423480083857445	35.672955974842765	0.0
126.0	30.639872193727403	18.708483982174386	18.515092911796856	32.13655091230135	0.0
127.0	29.577464788732392	17.49177700936156	20.56169351437969	32.369064687526354	0.0
128.0	29.68974554062051	17.643080564713838	20.229943359540115	32.437230535125536	0.0
129.0	31.186900822940526	17.57020446254348	18.34224145244761	32.90065326206838	0.0
130.0	29.619217991311015	19.303177442712325	17.65056648777579	33.42703807820087	0.0
131.0	30.38126175414601	19.362284151136947	19.6700290647974	30.586425029919646	0.0
132.0	30.21681378010112	16.359585225811983	22.204130602450938	31.219470391635955	0.0
133.0	29.55033960966383	19.817728484223196	19.052532026480957	31.57939987963202	0.0
134.0	26.335779024600775	19.948208890807077	19.930945187742772	33.78506689684937	0.0
135.0	28.73483535528596	17.599653379549395	21.04852686308492	32.61698440207972	0.0
136.0	28.15787185951491	17.465009128053552	19.76006259236721	34.61705642006433	0.0
137.0	29.76813110181311	16.50976290097629	18.392608089260808	35.32949790794979	0.0
138.0	28.03182652793565	18.48386814724141	19.29701844889394	34.187286875929004	0.0
139.0	29.499561018437227	18.700614574187885	19.09569798068481	32.70412642669008	0.0
140.0	28.61926160895233	17.99277469380562	20.750726936293947	32.6372367609481	0.0
141.0	29.603750221121526	18.928002830355563	19.396780470546613	32.071466477976294	0.0
142.0	32.35111387237064	17.537942664418214	17.307180260939028	32.80376320227212	0.0
143.0	33.31552230830884	19.72571021462285	18.906403063496306	28.052364413572	0.0
144.0	31.697067238912734	17.855865522174536	17.516094420600858	32.93097281831188	0.0
145.0	30.16599371915657	19.42575145805294	18.241363840287125	32.16689098250337	0.0
146.0	29.770166741775572	18.738170347003155	18.10725552050473	33.38440739071654	0.0
147.0	28.834133526587554	18.488993568257996	18.52522873448682	34.15164417066763	0.0
148.0	28.865041833393963	17.324481629683522	19.570753001091308	34.23972353583121	0.0
149.0	29.55647005029721	19.195244627343396	18.820301783264746	32.427983539094654	0.0
150.0	28.141625389836726	17.538066409833057	20.179783525958538	34.140524674371676	0.0
151.0	29.907058065703506	17.9810435262722	20.594460292629062	31.517438115395237	0.0
152.0	29.094608341810783	18.329788217885877	17.830389346157403	34.745214094145936	0.0
153.0	30.927835051546392	18.584563945388688	19.84768273428067	30.63991826878425	0.0
154.0	31.55339805825243	18.13853622106049	19.016056758775203	31.292008961911876	0.0
155.0	29.278814592516177	20.266341554909502	17.940542061333584	32.51430179124074	0.0
156.0	31.342439943476215	16.77814413565709	19.25577013659915	32.623645784267545	0.0
157.0	31.18371212121212	18.892045454545457	19.43181818181818	30.492424242424242	0.0
158.0	28.038805402320715	21.247859996195547	18.660833174814535	32.0525014266692	0.0
159.0	33.90639923591213	15.577841451766952	19.522445081184337	30.99331423113658	0.0
160.0	27.449664429530202	18.65771812080537	21.05465004793864	32.83796740172579	0.0
161.0	28.65677394488341	17.093852380034686	20.533821545577183	33.71555212950472	0.0
162.0	31.417513304305757	17.7552007740687	20.241896468311563	30.585389453313983	0.0
163.0	29.16342412451362	17.733463035019454	19.416342412451364	33.68677042801556	0.0
164.0	27.82608695652174	17.528089887640448	19.52125061064973	35.12457254518808	0.0
165.0	28.95563407930899	16.48017275225756	20.857872006281898	33.70632116215155	0.0
166.0	27.045387417544553	19.375799940927436	20.40956975484887	33.16924288667914	0.0
167.0	28.36795252225519	17.477744807121663	21.4540059347181	32.70029673590504	0.0
168.0	30.129224652087476	17.892644135188867	19.572564612326044	32.40556660039761	0.0
169.0	27.64852720918622	19.360958562156767	20.499251123315027	32.491263105341986	0.0
170.0	27.8869286287089	17.502004811547714	18.594627105052126	36.01643945469126	0.0
171.0	30.187348912167604	17.002417405318294	18.090249798549557	34.719983883964545	0.0
172.0	28.94310589188095	19.629479651751367	17.15934399676048	34.26807045960721	0.0
173.0	28.558357055713707	17.557950386335907	19.438796258641723	34.44489629930867	0.0
174.0	31.124272439497602	18.625548861431636	18.82977637087716	31.42040232819361	0.0
175.0	27.839392072294107	17.775723967960566	21.13370301910043	33.2511809406449	0.0
176.0	29.146454742491485	16.554856022293322	17.659201155950047	36.63948807926515	0.0
177.0	27.3897249610794	19.48105864037364	19.87545407368967	33.25376232485729	0.0
178.0	26.05611765933034	19.995827683321163	19.72462709919683	34.22342755815166	0.0
179.0	28.087649402390436	17.372614803942128	21.304256657580208	33.23547913608723	0.0
180.0	30.380147835269273	15.902851108764521	19.376979936642027	34.340021119324184	0.0
181.0	28.598746414533093	18.31509614363115	17.805163072346755	35.28099436948901	0.0
182.0	29.01847698387269	17.440991135319877	19.769304710028837	33.771227170778594	0.0
183.0	29.745407669996776	19.60468363948867	20.14179825974863	30.508110430765928	0.0
184.0	30.97555699762059	19.900497512437813	17.034393251135626	32.08955223880597	0.0
185.0	29.111859984780953	19.88259593434069	19.50211979562996	31.5034242852484	0.0
186.0	28.757383504703565	18.551739225552396	20.21439509954058	32.47648217020346	0.0
187.0	30.015432098765434	22.123015873015873	17.250881834215168	30.610670194003525	0.0
188.0	30.057739284921166	17.72151898734177	18.221185876082615	33.99955585165445	0.0
189.0	30.699496362618916	18.388360380526024	19.944040290990486	30.96810296586458	0.0
190.0	31.62575996397208	19.0272461157397	17.23710875928845	32.109885160999774	0.0
191.0	27.9841449603624	18.87882219705549	19.479048697621746	33.65798414496036	0.0
192.0	31.65811965811966	17.811965811965813	18.79202279202279	31.737891737891736	0.0
193.0	31.36421101022871	17.51522813469716	19.36559016205034	31.754970693023793	0.0
194.0	30.172314097374812	18.67699780270614	19.960680004625882	31.190008095293166	0.0
195.0	28.962703962703962	20.6993006993007	19.568764568764568	30.76923076923077	0.0
196.0	30.812654357285663	19.25202869575444	18.605198165353404	31.33011878160649	0.0
197.0	28.53577371048253	20.263845971000713	20.07368671262182	31.12669360589494	0.0
198.0	28.73716012084592	21.667673716012086	18.948640483383684	30.64652567975831	0.0
199.0	28.6490585113105	21.647921142423858	18.10944016175913	31.593580184506507	0.0
200.0	24.556213017751478	18.96449704142012	21.53846153846154	34.94082840236686	0.0
201.0	31.361323155216287	17.917726887192536	19.91094147582697	30.810008481764207	0.0
202.0	30.971184631803627	17.459978655282818	20.17075773745998	31.398078975453576	0.0
203.0	30.812204555221317	19.918349806617965	18.90846583584014	30.360979802320585	0.0
204.0	32.777296360485266	19.10745233968804	20.97053726169844	27.14471403812825	0.0
205.0	30.274629468177856	17.000871839581517	22.42807323452485	30.29642545771578	0.0
206.0	29.336846728151077	22.33201581027668	19.60913482652613	28.722002635046113	0.0
207.0	29.155614500442084	19.51812555260831	19.694960212201593	31.63129973474801	0.0
208.0	28.227960819234195	17.275155832591274	22.95191451469279	31.544968833481747	0.0
209.0	27.127779025376153	18.594206153155177	20.25600718616663	34.022007635302046	0.0
210.0	29.458418309539997	16.836619079990935	20.190346702923183	33.51461590754589	0.0
211.0	30.484460694698356	18.1672760511883	21.29798903107861	30.050274223034734	0.0
212.0	25.06334945865008	17.069799585349	24.90209629117715	32.96475466482377	0.0
213.0	29.21791598978881	19.67974007890462	17.475052216291484	33.62729171501508	0.0
214.0	30.14499532273153	21.889616463985032	19.714686623012163	28.250701590271284	0.0
215.0	27.154969382948657	18.228921337729627	19.759773904851624	34.856335374470085	0.0
216.0	30.325338399430063	17.596770363334123	21.752552837805748	30.325338399430063	0.0
217.0	25.6218304757305	19.97102149239314	23.32769862352089	31.07944940835547	0.0
218.0	25.837676842889056	21.32042690493919	19.1114420451725	33.730454206999255	0.0
219.0	22.694076278063292	22.775223153908573	23.992426291587773	30.538274276440358	0.0
220.0	13.254486133768353	24.388254486133768	21.37030995106036	40.98694942903752	0.0
