# Position (bp)	A	C	G	T	N
0.0	51.896698514804655	15.135748746570806	16.450666918929148	16.516885819695393	0.0
1.0	18.30479614038407	50.72367798694542	16.76284173682717	14.208684135843344	0.0
2.0	21.725993768293833	46.6717023888207	12.623925974884337	18.978377868001132	0.0
3.0	52.373313201849584	14.938190053788809	13.881287156742475	18.807209587619138	0.0
4.0	53.90345087686216	13.482934188195362	12.379785027343013	20.23382990759947	0.0
5.0	19.364869958537504	46.89973614775725	12.382208820203543	21.353185073501695	0.0
6.0	19.917090635010364	45.99585453175052	14.867156585641606	19.219898247597513	0.0
7.0	53.214722771345194	12.604725595406194	14.15795914525087	20.02259248799774	0.0
8.0	52.463795373330825	15.958247131841263	11.416212149708482	20.161745345119428	0.0
9.0	17.778613042661153	45.26404811125728	13.521894380755498	23.435444465326068	0.0
10.0	16.32250797822414	13.300168950628871	12.934109254740003	57.44321381640698	0.0
11.0	16.710402999062794	13.467666354264294	12.989690721649486	56.83223992502343	0.0
12.0	17.80565437184048	13.61168320539225	13.26530612244898	55.31735630031829	0.0
13.0	20.774483210176783	44.52343092320643	14.432700402207463	20.269385464409318	0.0
14.0	19.63001027749229	13.500887601607026	46.033822292815096	20.835279828085586	0.0
15.0	51.53465808377648	14.152439593245639	14.525608732157849	19.787293590820042	0.0
16.0	17.99888205701509	16.31265138811254	12.828395751816657	52.86007080305571	0.0
17.0	20.215834031072657	46.32058796167085	12.57791422457903	20.885663782677458	0.0
18.0	17.922512310694046	14.819288302517887	13.109727771067547	54.14847161572053	0.0
19.0	19.060440070559835	46.7087549902516	13.759168136663263	20.4716368025253	0.0
20.0	17.826006306807642	14.867371545167874	12.919680949731033	54.38694119829345	0.0
21.0	17.380025940337223	14.091161756531406	16.31461923290717	52.214193070224205	0.0
22.0	17.59207847492134	13.14084767721636	45.12307977049787	24.14399407736443	0.0
23.0	20.42911310459632	13.419032645889207	13.493017663923053	52.658836585591416	0.0
24.0	50.99741411156261	13.003324713705208	13.538973032877724	22.460288141854452	0.0
25.0	18.326105010611794	13.241672049460181	43.9974162591123	24.434806680815726	0.0
26.0	53.15639111602617	12.533407059257213	13.0310570454336	21.279144779283016	0.0
27.0	18.659670440946332	16.873791770229218	10.604805302402651	53.8617324864218	0.0
28.0	19.906258615936036	43.81950188401802	11.86471831633122	24.409521183714734	0.0
29.0	20.752984389348025	11.616161616161616	13.663911845730029	53.96694214876033	0.0
30.0	20.99503402611734	13.021887070075408	43.4062902335847	22.57678867022255	0.0
31.0	22.0	12.433179723502304	11.990783410138249	53.576036866359445	0.0
32.0	20.245342187788232	12.63604501014573	12.193322265264712	54.92529053680133	0.0
33.0	21.156336725254395	46.34597594819611	12.035152636447734	20.46253469010176	0.0
34.0	24.661598368255145	11.802336361950678	11.61691081030966	51.91915445948452	0.0
35.0	20.626631853785902	44.824692279000374	12.653860499813502	21.894815367400223	0.0
36.0	21.569178852643418	13.423322084739409	13.001499812523434	52.00599925009374	0.0
37.0	52.93840647956301	14.098700320210963	13.269919005462421	19.69297419476361	0.0
38.0	52.14921416398409	14.410149592880137	11.929558795682636	21.511077447453133	0.0
39.0	53.032747982914096	13.535832937826292	12.29235880398671	21.1390602752729	0.0
40.0	18.995654273297923	45.282472235634955	13.442781265089328	22.279092225977788	0.0
41.0	20.25673441602645	12.155985607313042	46.89293007877079	20.694349897889722	0.0
42.0	54.03611517813568	13.440702781844802	12.845290385553929	19.677891654465594	0.0
43.0	53.81739472648563	14.590712317985044	11.284927194018103	20.30696576151122	0.0
44.0	21.39650872817955	45.6359102244389	11.311720698254364	21.65586034912718	0.0
45.0	29.756697648988517	15.103881902679058	16.880809185347186	38.258611262985234	0.0
46.0	30.39568345323741	17.086330935251798	20.14388489208633	32.37410071942446	0.0
47.0	33.61952101220063	18.225636391022746	17.713511070944417	30.441331525832204	0.0
48.0	27.722473604826547	19.984917043740573	18.868778280542987	33.42383107088989	0.0
49.0	29.40377358490566	18.7622641509434	18.5811320754717	33.25283018867925	0.0
50.0	27.385640714934866	22.765828536807028	18.630717964253257	31.217812784004845	0.0
51.0	31.4216355636474	19.450766196328324	18.024578971324534	31.103019268699743	0.0
52.0	28.477929984779298	19.330289193302892	20.989345509893457	31.202435312024352	0.0
53.0	29.805184844301273	19.450836017794142	20.37122258015033	30.372756557754254	0.0
54.0	29.141716566866265	22.631659757408258	18.593582066635957	29.63304160908951	0.0
55.0	31.204689187104734	18.15517507326855	18.10890020052445	32.53123553910227	0.0
56.0	27.424852804462347	19.429810969941123	21.645491168267743	31.49984505732879	0.0
57.0	31.739872730094675	19.261213720316622	19.61819028402918	29.38072326555952	0.0
58.0	28.51805728518057	22.151307596513075	19.411581569115814	29.919053549190533	0.0
59.0	26.03467124785257	20.381071372794	20.802748711541465	32.78150866781196	0.0
60.0	29.532300954168623	18.00406694822462	20.209604254653527	32.25402784295323	0.0
61.0	29.537979639780737	18.27721221613156	22.129992169146437	30.054815974941267	0.0
62.0	32.17035989313217	19.314788621719316	19.000471475719	29.514380009429512	0.0
63.0	31.169036334913113	19.731437598736175	20.031595576619274	29.067930489731435	0.0
64.0	26.185958254269448	21.030993042378242	22.881087919038585	29.901960784313726	0.0
65.0	29.614346929058875	18.616092683700998	19.0445960958578	32.72496429138232	0.0
66.0	28.351089203370964	17.300047702337416	24.61440610589919	29.73445698839243	0.0
67.0	29.597197898423815	17.815634453112562	18.134055086769624	34.453112561694	0.0
68.0	27.93742017879949	19.12515964240102	20.178799489144318	32.758620689655174	0.0
69.0	30.96991037131882	20.374519846350832	19.62227912932138	29.033290653008965	0.0
70.0	29.23497267759563	21.07039537126326	20.70073931211829	28.99389263902282	0.0
71.0	28.74859075535513	23.256563053631822	19.552262844258333	28.442583346754713	0.0
72.0	29.37853107344633	19.80629539951574	19.870863599677158	30.944309927360774	0.0
73.0	30.45660621761658	19.251943005181346	20.061528497409327	30.22992227979275	0.0
74.0	32.51095601363415	18.29248498620354	20.743385813991235	28.453173186171078	0.0
75.0	33.24113244386593	19.996745850959975	19.248291571753988	27.513830133420107	0.0
76.0	29.903955721959953	21.68321666937978	17.190297900048837	31.22252970861143	0.0
77.0	28.13625941696692	20.488044546347854	17.75302980674746	33.622666229937764	0.0
78.0	28.2240841136849	18.58058156727452	20.880565138820437	32.314769180220146	0.0
79.0	29.586286467776496	19.97692434481622	18.592385033789352	31.844404153617933	0.0
80.0	29.645578005962236	19.16197416363034	19.327591917853592	31.864855912553825	0.0
81.0	27.793458409430517	20.15606840444961	20.521334882948697	31.529138303171177	0.0
82.0	30.73975341552816	17.944018660446517	22.19260246584472	29.12362545818061	0.0
83.0	32.63877312885481	17.452908818136358	21.120186697782962	28.78813135522587	0.0
84.0	28.745615500250544	20.26056455653917	20.193753131785535	30.800066811424752	0.0
85.0	30.753768844221106	18.375209380234505	22.479061976549414	28.391959798994975	0.0
86.0	28.755868544600936	19.366197183098592	23.993963782696177	27.883970489604295	0.0
87.0	30.144343739509903	19.469620678079895	22.759315206445116	27.626720375965093	0.0
88.0	33.732097725358045	19.090143218197138	16.613310867733784	30.564448188711037	0.0
89.0	31.818181818181817	17.252450152078406	17.843866171003718	33.08550185873606	0.0
90.0	28.07522873602169	17.62114537444934	21.907827854964417	32.39579803456456	0.0
91.0	29.5863004408274	19.938962360122076	17.565276364869447	32.909460834181075	0.0
92.0	28.865103635745836	18.212708120965	18.960244648318042	33.96194359497112	0.0
93.0	32.629067984324415	16.44232407565173	20.327142613733173	30.60146532629068	0.0
94.0	29.06857727737973	17.92903445922893	19.481405663596043	33.52098259979529	0.0
95.0	31.78864569083447	17.03146374829001	20.00683994528044	31.173050615595077	0.0
96.0	29.82998454404946	16.108535119354283	19.33711145457668	34.72436888201958	0.0
97.0	29.067170589245833	17.60865830613297	20.889881463666036	32.43428964095516	0.0
98.0	31.349957007738606	20.275150472914873	17.09372312983663	31.281169389509888	0.0
99.0	27.220877981334258	20.584168683027997	19.478050466643623	32.716902868994126	0.0
100.0	32.36924142708694	16.487703498441288	18.94700381018358	32.19605126428819	0.0
101.0	30.37798292980317	21.07646751437032	19.874586309005398	28.670963246821113	0.0
102.0	30.35651869975533	15.903530234183853	18.68227892345334	35.05767214260748	0.0
103.0	29.10395519775989	20.511025551277566	19.84599229961498	30.53902695134757	0.0
104.0	26.94327731092437	18.73249299719888	21.516106442577033	32.80812324929972	0.0
105.0	26.474719101123593	18.3813202247191	21.787219101123593	33.35674157303371	0.0
106.0	29.455314648334213	19.30195663670016	19.81315000881368	31.42957870615195	0.0
107.0	30.43709078039285	19.731021058219785	19.483277296053796	30.34861086533357	0.0
108.0	31.640625	18.732244318181817	18.412642045454543	31.214488636363637	0.0
109.0	28.362729378229112	19.365758061642616	20.007126313914128	32.264386246214144	0.0
110.0	24.10155551582335	19.27409261576971	22.06329340246737	34.56105846593957	0.0
111.0	26.820954431288126	20.36239684248296	21.13383566559024	31.682813060638683	0.0
112.0	27.220424307802947	20.298453793599425	19.615246314275442	32.86587558432218	0.0
113.0	29.17719234933237	17.033561891014074	21.27390833634067	32.515337423312886	0.0
114.0	30.778985507246375	16.902173913043477	21.793478260869563	30.525362318840582	0.0
115.0	27.41200072952763	19.952580703994162	18.16523800838957	34.470180558088636	0.0
116.0	30.170049369171696	18.156884256719692	19.272261839458768	32.40080453464984	0.0
117.0	26.94281524926686	20.546187683284458	19.611436950146626	32.89956011730205	0.0
118.0	29.17815774958632	17.135502849788566	21.382607096892812	32.3037323037323	0.0
119.0	23.4383637368712	19.60567532706836	24.875621890547265	32.08033904551317	0.0
120.0	26.189597934341574	21.468092954629288	22.906676503135373	29.435632607893762	0.0
121.0	26.287613069964927	20.029536643898837	21.100239985231678	32.582610300904555	0.0
122.0	26.33623081191049	18.42056593304975	20.76937303495469	34.47383022008507	0.0
123.0	28.597991818519898	18.33395314243213	20.806991446634438	32.261063592413535	0.0
124.0	30.9168840849795	17.294073797987327	19.791278419679465	31.997763697353708	0.0
125.0	27.296489917849144	19.43614637789395	22.218073188946974	31.049290515309934	0.0
126.0	31.406659184436965	19.715675271230825	18.911335578002245	29.96632996632997	0.0
127.0	30.144709641044916	20.12779552715655	20.95470776169893	28.772787070099604	0.0
128.0	31.976634633502922	18.786508385151688	17.957414735255323	31.27944224609007	0.0
129.0	31.682419659735352	18.525519848771268	20.64272211720227	29.149338374291116	0.0
130.0	30.25417298937785	18.493930197268586	19.044006069802734	32.207890743550834	0.0
131.0	32.44579688094332	19.646253328261697	17.554203119056673	30.353746671738303	0.0
132.0	29.48913457872665	19.69119329012581	21.55928326343881	29.26038886770873	0.0
133.0	29.635287378270004	20.851632614092036	19.457704792820316	30.05537521481764	0.0
134.0	29.200153080750095	20.991197856869498	18.331419823957138	31.47722923842327	0.0
135.0	29.82355197545071	16.474875335634827	20.13808975834292	33.56348293057154	0.0
136.0	29.07066052227343	18.337173579109063	19.0284178187404	33.563748079877115	0.0
137.0	29.173076923076923	16.596153846153847	19.51923076923077	34.71153846153846	0.0
138.0	30.638626278217252	17.731043797028747	19.602546787574767	32.02778313717924	0.0
139.0	30.156582254011212	19.582447322636767	20.16238159675237	30.098588826599652	0.0
140.0	30.110443712458824	17.419104824646386	19.91862042239876	32.551831040496026	0.0
141.0	33.28796422321602	18.160606649815282	20.046665370406377	28.50476375656232	0.0
142.0	32.371857337750924	18.39797310465796	18.027674917170142	31.20249464042097	0.0
143.0	33.33984375	18.88671875	19.140625	28.6328125	0.0
144.0	29.51783614268914	19.60015680125441	18.247745981967856	32.63426107408859	0.0
145.0	31.636863823933975	20.102181175083516	18.707015130674005	29.55393987030851	0.0
146.0	30.155603702974197	20.52393145558401	18.199724246602326	31.120740594839475	0.0
147.0	29.447731755424062	18.461538461538463	19.743589743589745	32.34714003944773	0.0
148.0	26.165086887835702	20.79383886255924	19.411532385466035	33.62954186413902	0.0
149.0	31.55810730548406	19.20411799643635	18.31320530588002	30.924569392199565	0.0
150.0	27.910210568136673	17.322208978943188	20.659515295987283	34.10806515693285	0.0
151.0	28.693747510951813	18.39904420549582	19.852648347272	33.05455993628036	0.0
152.0	25.480000000000004	18.3	20.3	35.92	0.0
153.0	29.034841810172207	16.940328394072885	20.224269122947536	33.800560672807364	0.0
154.0	29.353932584269664	15.670144462279293	21.408507223113965	33.56741573033708	0.0
155.0	30.416415208207603	17.964192315429493	20.337960168980086	31.281432307382822	0.0
156.0	30.014110058455955	17.436000806289055	21.648861116710343	30.901028018544647	0.0
157.0	31.280388978930308	18.030794165316046	20.76580226904376	29.923014586709883	0.0
158.0	28.983739837398375	20.528455284552845	19.227642276422767	31.260162601626018	0.0
159.0	30.712830957230143	15.987780040733199	21.670061099796335	31.629327902240327	0.0
160.0	27.274581803345573	18.013055895552835	24.35740514075887	30.354957160342718	0.0
161.0	28.244430819538113	17.841814837522993	22.46065808297568	31.453096259963214	0.0
162.0	28.33162743091095	18.178096212896623	21.18730808597748	32.30296827021494	0.0
163.0	29.410556582460462	17.087697679194907	20.88724584103512	32.61449989730951	0.0
164.0	29.835390946502056	17.22222222222222	20.720164609053498	32.22222222222222	0.0
165.0	31.594143122293257	16.353887399463808	22.293256341513715	29.75871313672922	0.0
166.0	32.816697664806775	18.805538334366606	19.570159123785906	28.80760487704071	0.0
167.0	32.93289146644574	18.144159072079535	19.614747307373655	29.308202154101075	0.0
168.0	27.837837837837835	18.544698544698544	22.016632016632016	31.600831600831604	0.0
169.0	28.452231956612433	18.54401335002086	20.650813516896118	32.35294117647059	0.0
170.0	27.32400250678922	18.90536870691456	21.433047837894296	32.33758094840192	0.0
171.0	28.346951602765557	20.09218520846428	18.541797611565052	33.01906557720511	0.0
172.0	31.303800125971026	20.491287003989083	18.07684232626496	30.128070543774932	0.0
173.0	29.507160909856783	21.061499578770007	18.55518112889638	30.87615838247683	0.0
174.0	28.990709459459456	20.01689189189189	18.855574324324326	32.13682432432432	0.0
175.0	29.22751322751323	19.11111111111111	19.195767195767196	32.46560846560846	0.0
176.0	29.611547442156656	16.726809594565907	20.123116111229038	33.53852685204839	0.0
177.0	27.208856717053436	18.45859058973813	20.374707259953162	33.957845433255265	0.0
178.0	29.381663113006397	17.270788912579956	21.897654584221748	31.449893390191896	0.0
179.0	27.2863568215892	19.1904047976012	20.860998072392377	32.66224030841722	0.0
180.0	30.382466695315856	19.0159003008165	18.62913622690159	31.972496776966054	0.0
181.0	30.079724197371256	18.142641672053436	19.75867269984917	32.01896143072614	0.0
182.0	33.0592816962354	15.1665945478148	21.808740804846387	29.965382951103418	0.0
183.0	30.53203040173724	20.0	21.107491856677523	28.360477741585232	0.0
184.0	32.95454545454545	19.187062937062937	18.509615384615387	29.348776223776223	0.0
185.0	28.173646130234598	21.311115983336986	21.946941460206094	28.568296426222318	0.0
186.0	30.725274725274726	16.681318681318682	20.087912087912088	32.505494505494504	0.0
187.0	30.542089026002646	18.466284706919346	20.515645658880562	30.475980608197446	0.0
188.0	29.509283819628646	19.849690539345712	19.31918656056587	31.321839080459768	0.0
189.0	31.025299600532623	19.44074567243675	18.885929871282734	30.64802485574789	0.0
190.0	33.021806853582554	18.357810413885183	18.09078771695594	30.529595015576323	0.0
191.0	28.867588051716453	16.963887650468124	20.19616584930896	33.97235844850646	0.0
192.0	31.10315506824793	18.550011188185277	18.59476392929067	31.752069814276123	0.0
193.0	26.76563202878992	16.486729644624383	22.199730094466936	34.54790823211876	0.0
194.0	27.999094612947033	17.54187415119964	20.122227252150292	34.336803983703035	0.0
195.0	27.274795268425844	19.40400363967243	20.905368516833487	32.415832575068244	0.0
196.0	30.143868463119432	17.081525462434346	16.73898150262617	36.03562457182005	0.0
197.0	29.631325852988322	18.86878864208839	19.280970918250514	32.218914586672774	0.0
198.0	29.525120440467994	20.256939665060795	17.894012388162423	32.323927506308785	0.0
199.0	28.249367379802166	20.611916264090176	19.944789510006903	31.193926846100762	0.0
200.0	25.645756457564577	19.787822878228784	21.194649446494466	33.37177121771218	0.0
201.0	29.905246128957707	18.650335105153687	18.049456898544026	33.39496186734458	0.0
202.0	33.33333333333333	16.585704371963914	18.85264862364099	31.228313671061763	0.0
203.0	31.493506493506494	17.13821892393321	21.498144712430424	29.87012987012987	0.0
204.0	32.67349790405217	17.815556590591523	20.586865393572428	28.924080111783883	0.0
205.0	32.742123687281214	17.852975495915985	20.630105017502917	28.774795799299884	0.0
206.0	30.24835988753515	18.088097469540767	20.032802249297095	31.630740393626994	0.0
207.0	27.94256120527307	18.667608286252353	18.361581920903955	35.02824858757062	0.0
208.0	26.835024781685156	19.140901581307528	20.13216898749115	33.89190464951617	0.0
209.0	28.385416666666668	17.613636363636363	20.738636363636363	33.26231060606061	0.0
210.0	29.478943611705926	17.03545086842731	19.17677849155365	34.30882702831311	0.0
211.0	28.97686620558073	19.17481516813737	19.86644407345576	31.981874552826138	0.0
212.0	28.54410710016734	17.61893377958403	20.965814009084387	32.87114511116423	0.0
213.0	29.144641999038924	18.86112445939452	19.702066314271985	32.29216722729457	0.0
214.0	28.854041013269	20.048250904704464	21.447527141133897	29.65018094089264	0.0
215.0	31.494920174165458	22.109337203676827	18.988872762457667	27.406869859700052	0.0
216.0	30.339805825242717	18.009708737864077	19.854368932038835	31.79611650485437	0.0
217.0	26.041412911084045	21.46163215590743	20.316686967113277	32.18026796589525	0.0
218.0	27.7587890625	17.8955078125	19.5068359375	34.8388671875	0.0
219.0	26.144430844553245	18.922888616891065	22.22766217870257	32.70501835985312	0.0
220.0	30.13261296660118	19.842829076620824	18.762278978389	31.262278978388995	0.0
221.0	33.078629529208776	18.930244022676852	15.947744638895736	32.04338180921864	0.0
222.0	31.650581539222966	19.896065330363772	17.545162088591933	30.908191041821333	0.0
223.0	30.58385093167702	17.63975155279503	17.29192546583851	34.484472049689444	0.0
224.0	30.55208593554834	19.610292280789405	18.735948038970772	31.10167374469148	0.0
225.0	32.67875125881169	18.479355488418932	19.108761329305135	29.73313192346425	0.0
226.0	31.796300988092224	18.520395236888774	23.764884722574106	25.918419052444897	0.0
227.0	30.182926829268293	18.978658536585368	21.214430894308943	29.6239837398374	0.0
228.0	27.958088423204703	19.0646562739586	20.674674163046255	32.30258113979044	0.0
229.0	31.46960759169018	21.28750961785073	19.389587073608617	27.853295716850475	0.0
230.0	27.865052794231264	21.941797579191345	20.602626834921452	29.59052279165594	0.0
231.0	30.180878552971574	20.723514211886304	18.39793281653747	30.697674418604652	0.0
232.0	28.070631004933784	21.007530511555437	20.41028304336536	30.511555440145415	0.0
233.0	29.111284857961948	19.129528277299972	20.27625749283294	31.482929371905133	0.0
234.0	25.588697017268448	20.565149136577705	23.286237571951858	30.55991627420199	0.0
235.0	27.282294133122864	18.75822152065246	23.15180215732702	30.807682188897655	0.0
236.0	29.463104998677597	18.381380587146257	22.348585030415233	29.80692938376091	0.0
237.0	27.115945874237195	20.191032104006368	20.137967630671266	32.55505439108517	0.0
238.0	26.55291922154092	19.541455611836845	26.15302585977073	27.752599306851504	0.0
239.0	28.356605800214822	17.830290010741138	20.64983888292159	33.16326530612245	0.0
240.0	27.63300760043431	17.86102062975027	20.05971769815418	34.44625407166124	0.0
241.0	27.682227682227683	17.08981708981709	25.034125034125033	30.193830193830195	0.0
242.0	26.350425006854948	19.46805593638607	22.92295037016726	31.25856868659172	0.0
243.0	27.30535615681944	18.304803975704033	23.27443401435671	31.11540585311982	0.0
244.0	26.592489568845618	18.831710709318497	22.030598052851182	32.5452016689847	0.0
245.0	30.210378681626928	16.129032258064516	21.20617110799439	32.45441795231416	0.0
246.0	25.65340909090909	22.1875	22.8125	29.346590909090907	0.0
247.0	24.934989887315805	20.889916209188094	22.421265530193583	31.75382837330251	0.0
248.0	24.004825090470447	20.20506634499397	25.15078407720145	30.639324487334136	0.0
249.0	18.165467625899282	21.97841726618705	24.820143884892087	35.03597122302158	0.0
250.0	15.242616033755274	19.77848101265823	24.578059071729957	40.40084388185654	0.0
