# Position (bp)	A	C	G	T	N
0.0	25.560782136778982	24.43337448048675	24.25369046140811	25.752152921326154	0.0
1.0	25.32302950177858	20.26375568816788	14.89879991527095	39.51441489478259	0.0
2.0	27.86523986909266	18.61817598061929	18.634594125223014	34.881990025065036	0.0
3.0	23.632499197946743	22.62081838597719	15.493116924781988	38.253565491294076	0.0
4.0	33.23737336928795	13.947598571532687	14.352452445157057	38.462575614022306	0.0
5.0	34.556308709920636	15.482482179865888	22.83053298318333	27.130676127030146	0.0
6.0	32.20489588416521	17.889423812263747	20.388713683275185	29.516966620295847	0.0
7.0	33.80902787892912	17.44363037841932	19.570964546858157	29.1763771957934	0.0
8.0	24.130095984386152	25.689660194881803	21.569905472129573	28.610338348602472	0.0
9.0	29.39088198133577	18.650393419821366	16.073957828890595	35.884766769952265	0.0
10.0	26.263553021531923	16.782081248953258	24.454784425948983	32.49958130356584	0.0
11.0	27.646212934816244	18.153885359593716	19.8518302783188	34.348071427271236	0.0
12.0	26.160079504625028	19.496470708151772	21.22343930309682	33.120010484126375	0.0
13.0	26.813411619957993	20.87202466538292	18.50850147606446	33.80606223859463	0.0
14.0	30.109632519946423	18.11884864014909	20.154257177799778	31.617261662104713	0.0
15.0	29.729257578349337	18.775089804668024	18.94469051509847	32.55096210188417	0.0
16.0	29.315414455919708	16.898840586038997	18.755140214124037	35.03060474391726	0.0
17.0	29.62078927643596	18.168421665441684	20.33227329951898	31.878515758603378	0.0
18.0	30.6637562528422	17.52469304229195	18.456389267849023	33.355161437016825	0.0
19.0	29.270350983765773	18.059895312335176	19.44687955826025	33.222874145638805	0.0
20.0	30.45742695971282	17.454019079763302	19.53002534997145	32.55852861055242	0.0
21.0	29.55190120152445	17.377738341139846	19.62550548395543	33.44485497338027	0.0
22.0	28.827266215041796	18.246808263062395	19.243510165195797	33.68241535670001	0.0
23.0	29.060466130967534	17.63698505617569	20.646838526706176	32.6557102861506	0.0
24.0	30.12582571992598	18.85640744120438	18.373972508116324	32.643794330753316	0.0
25.0	29.643268709943616	17.57627753279943	19.1441793508094	33.636274406447555	0.0
26.0	30.840394479038302	17.714478892899596	19.698506345034662	31.746620283027443	0.0
27.0	29.394723641835746	18.126304004885245	19.467202686886164	33.011769666392844	0.0
28.0	29.480203687751477	17.64239787443617	19.489181359881073	33.38821707793128	0.0
29.0	29.21847343725581	18.192126945820505	19.746239200991493	32.843160415932196	0.0
30.0	29.879693235924837	18.202304365209173	19.213099262166974	32.704903136699016	0.0
31.0	29.61824070136413	18.199628527084446	19.30823165080092	32.87389912075051	0.0
32.0	29.53439257296358	18.119395281040195	19.577394648549813	32.76881749744641	0.0
33.0	30.549122966463692	17.645005907479778	19.53503589930019	32.27083522675634	0.0
34.0	29.29563946513099	18.183074115277506	19.413723651011786	33.10756276857972	0.0
35.0	29.90859444876708	18.13567579752616	19.554752434209092	32.40097731949767	0.0
36.0	29.752961624330045	17.659571373510097	18.748227388752735	33.83923961340712	0.0
37.0	29.197666892122854	18.857955330584222	18.953956028771117	32.99042174852181	0.0
38.0	29.686198783197508	18.00438572566304	19.5019328467578	32.80748264438165	0.0
39.0	28.50861880864063	18.857371445196016	19.89999272674376	32.73401701941959	0.0
40.0	29.9559583513658	17.990158819058287	19.42742219975488	32.62646062982103	0.0
41.0	29.38170576468449	18.257865066375707	20.31132933260593	32.04909983633388	0.0
42.0	29.93951429579437	18.468689646142263	18.89678149130177	32.6950145667616	0.0
43.0	29.57413995038665	18.024122854877312	19.230993067225363	33.17074412751067	0.0
44.0	29.51145254749615	18.110557004477716	20.450172233801474	31.927818214224658	0.0
45.0	29.077178278330713	19.27274314649904	19.36004889121704	32.2900296839532	0.0
46.0	29.98897744924352	17.60770632723516	19.071559272584405	33.33175695093692	0.0
47.0	29.487753149475964	17.952831527136606	19.54075674731799	33.018658576069434	0.0
48.0	30.216821885913852	18.33854772991851	19.004292782305004	32.44033760186263	0.0
49.0	29.07904885254013	18.17054004103788	18.95637178572988	33.794039320692114	0.0
50.0	29.24155545529958	18.398629080377805	19.926360368489224	32.433455095833395	0.0
51.0	29.556386764374132	18.24956155351958	19.257078818486796	32.936972863619495	0.0
52.0	29.340363056838154	18.617123853394606	19.029738059112262	33.01277503065498	0.0
53.0	30.48709934468819	18.000152821188294	19.67572799283924	31.83701984128428	0.0
54.0	30.084238487709914	17.94334370394629	19.371213361716062	32.60120444662773	0.0
55.0	29.130640465793306	17.62627365356623	18.74854439592431	34.49454148471616	0.0
56.0	28.596954093051185	18.328936116013754	20.300223803198747	32.773885987736314	0.0
57.0	28.72733756923368	18.123030342729464	19.117593542799334	34.032038545237526	0.0
58.0	29.41037323861651	17.816539536508678	19.034951088855244	33.73813613601956	0.0
59.0	29.654336623285875	17.508443241039977	20.209916441028327	32.62730369464582	0.0
60.0	29.691839029840693	18.12715870999676	19.711092266313386	32.46990999384916	0.0
61.0	29.702008087675942	17.50315754224919	19.74892534368983	33.04590902638504	0.0
62.0	28.783637693872873	18.030495506480932	19.970589198810465	33.21527760083573	0.0
63.0	28.88920435931596	17.917021570897127	19.73012718311602	33.46364688667089	0.0
64.0	28.60205738247949	18.031217466638516	19.320903617527794	34.0458215333542	0.0
65.0	28.872126802915243	18.054999381129548	20.650614865996346	32.42225894995887	0.0
66.0	30.043140324371553	17.821504632579135	20.216611755283324	31.918743287765988	0.0
67.0	28.759393021494727	17.607182384808063	19.42935574066523	34.204068853031984	0.0
68.0	29.218944562977416	17.897791403001595	19.97385801772412	32.90940601629686	0.0
69.0	29.44063557023277	17.68316882152259	19.515312159795524	33.36088344844912	0.0
70.0	28.265468487723883	18.077184959164576	19.64833836417989	34.00900818893165	0.0
71.0	29.55208337126357	17.41307300447516	20.618511653988865	32.4163319702724	0.0
72.0	29.46696477991086	18.00477758033035	20.00611763334984	32.522140006408954	0.0
73.0	29.550875634101843	17.54691352180072	19.235181226579655	33.66702961751778	0.0
74.0	29.03514809837534	17.796570046725737	20.61905230150666	32.54922955339226	0.0
75.0	30.03540132427176	17.64093150645018	19.110159305959222	33.21350786331884	0.0
76.0	28.662538699690405	18.160626479694045	19.66308504826079	33.513749772354764	0.0
77.0	28.96904174756221	17.921837606681944	20.94663262072407	32.162488025031784	0.0
78.0	29.630412134546592	18.2342398787711	18.458629909442596	33.67671807723971	0.0
79.0	29.327057932104722	17.920957630113183	19.03785276364153	33.71413167414056	0.0
80.0	30.220214568040653	18.07763064425056	19.806560900530044	31.89559388717874	0.0
81.0	29.90371269003355	18.17728085802449	19.64363130302997	32.27537514891199	0.0
82.0	29.666642378315363	17.949577382687263	17.97872340425532	34.40505683474206	0.0
83.0	29.783986038699616	18.215270718795658	19.750212224881864	32.25053101762286	0.0
84.0	30.19252209777674	18.084106360807688	18.961094796365252	32.762276745050315	0.0
85.0	29.356273843227704	17.097165593607556	18.982033091758396	34.56452747140635	0.0
86.0	30.141633356532004	17.245236681108146	20.186852547542095	32.426277414817754	0.0
87.0	29.510556272182022	18.57094966367141	19.715487148093892	32.20300691605267	0.0
88.0	29.570556618383893	17.52063405301995	19.06750478272752	33.84130454586863	0.0
89.0	29.590773267254573	18.065009838933022	19.91144960279863	32.432767291013775	0.0
90.0	29.894427660900334	18.046784179819177	19.700884446209855	32.357903713070634	0.0
91.0	29.684874944879535	18.11085317366317	19.197956260773545	33.00631562068375	0.0
92.0	28.811860620218887	18.522743424433376	20.47983322825061	32.18556272709713	0.0
93.0	29.980610407691692	18.412823372476982	19.330184346913338	32.27638187291799	0.0
94.0	29.590616844775553	17.633508769372074	19.370617136358998	33.405257249493374	0.0
95.0	30.134245067414135	18.009907089145578	20.19580898782208	31.66003885561821	0.0
96.0	29.798386655828413	18.659896404786814	19.212865927672897	32.328851011711876	0.0
97.0	29.75343384561547	18.046280365110377	18.953952932256275	33.246332857017876	0.0
98.0	28.608715305371064	17.682869037116966	20.929054177207806	32.77936148030417	0.0
99.0	29.21039871966402	18.37967503089649	19.45221160541445	32.95771464402504	0.0
100.0	29.401693176549614	18.13173775111984	19.204667004961248	33.2619020673693	0.0
101.0	29.59805828081821	18.40356469229307	20.322986270524762	31.675390756363957	0.0
102.0	30.09121656246797	17.620316549290617	19.165727170236753	33.12273971800466	0.0
103.0	29.21160487128916	17.41390560960767	19.263734410628267	34.1107551084749	0.0
104.0	29.848521014266566	17.852854231313	19.293465288360906	33.005159466059524	0.0
105.0	30.080221279788727	18.166202601950175	19.06257701206078	32.690999106200316	0.0
106.0	28.982265831973088	17.742274232950255	19.600069271215233	33.67539066386143	0.0
107.0	29.627920711675465	17.65863201801336	20.24103945959913	32.47240781071204	0.0
108.0	28.993872789193624	18.54692289772328	20.41355899612843	32.04564531695466	0.0
109.0	28.371502214585153	18.199223784200157	19.790910572236953	33.63836342897773	0.0
110.0	29.191717262379413	17.55946309820081	20.936796466150636	32.31202317326915	0.0
111.0	29.100517311170282	18.57752425940574	20.03661656955477	32.285341859869206	0.0
112.0	28.572757203177023	18.059931920909207	18.928591358047655	34.43871951786611	0.0
113.0	30.160676091606238	17.516749513723795	20.061408673229845	32.26116572144012	0.0
114.0	29.743959314287423	18.466145648577907	18.640523656785245	33.14937138034943	0.0
115.0	29.19999401417145	17.29679982641097	20.003142559989225	33.50006359942835	0.0
116.0	30.008506619799064	17.78782916309101	20.219897995510603	31.983766221599318	0.0
117.0	29.650199966202894	18.449839463752603	19.35522634672074	32.54473422332376	0.0
118.0	29.27410071401163	17.69793320342184	19.705667702447503	33.32229838011902	0.0
119.0	30.106874486542708	17.73340166868909	19.74954589648701	32.41017794828119	0.0
120.0	29.13963030488334	18.238644728051003	19.50732482513655	33.1144001419291	0.0
121.0	29.262317394065875	17.611075824940265	19.44734295133533	33.67926382965853	0.0
122.0	29.368100134446777	17.89884300024617	19.62885114279763	33.10420572250942	0.0
123.0	28.67435595856888	18.49831164396555	19.277231854915204	33.55010054255037	0.0
124.0	28.861359040248146	18.00485045691608	19.337965849134065	33.79582465370171	0.0
125.0	28.60370055733121	18.201073519719923	19.849829143508025	33.34539677944084	0.0
126.0	28.879938919641152	18.05611757969078	19.5067761023096	33.557167398358466	0.0
127.0	29.590829437017423	17.49056849225966	18.715325339189924	34.203276731532995	0.0
128.0	28.831229582368366	17.59520559500621	20.707121056425514	32.86644376619991	0.0
129.0	29.783531490693964	18.027389893014234	18.844476883775428	33.344601732516374	0.0
130.0	29.906239896540576	17.624282173263744	19.3482210213539	33.12125690884178	0.0
131.0	29.39241814340135	18.004595999321396	19.97948765403538	32.62349820324187	0.0
132.0	30.19938727336648	17.98464706405041	18.589647006100225	33.22631865648289	0.0
133.0	29.592500270943965	18.147439966557773	19.44719689111149	32.81286287138677	0.0
134.0	30.190332888654485	17.143145223838925	19.9694412558558	32.69708063165079	0.0
135.0	29.133148351093187	17.89431140749722	20.13780399654907	32.83473624486052	0.0
136.0	28.00808858480936	18.465818326333096	19.330782597853954	34.195310491003596	0.0
137.0	30.778903302899895	17.144385694983562	22.83952545708729	29.23718554502925	0.0
138.0	29.770322863564108	19.933673189716604	19.65998700088488	30.63601694583441	0.0
139.0	30.20671408607722	19.023113037197543	19.419975819240975	31.35019705748426	0.0
140.0	28.74083750063936	20.878498274715632	19.84962287683791	30.531041347807097	0.0
141.0	30.668123166230245	17.008707448654448	21.052859892103353	31.270309493011954	0.0
142.0	26.680338557101873	19.334661008242648	24.312651635490017	29.67234879916546	0.0
143.0	26.744775374771336	18.745693990196155	19.079879946466892	35.42965068856561	0.0
144.0	27.4133879521133	19.219777079165475	18.201629036867676	35.16520593185354	0.0
145.0	26.903747361713993	19.154155549360837	16.47166580383099	37.47043128509418	0.0
146.0	33.02107353957933	14.079266562491258	19.167209524456577	33.73245037347284	0.0
147.0	34.095079098163986	15.805922180149445	21.947068952307212	28.151929769379354	0.0
148.0	31.13263767019978	16.915381991393943	20.613849422769473	31.338130915636803	0.0
149.0	32.60279141602278	16.95471517640503	22.674880327142375	27.767613080429815	0.0
150.0	26.60710914683575	18.94828600935005	25.066349816219336	29.378255027594864	0.0
