# Position (bp)	A	C	G	T	N
0.0	26.133035126813798	24.04030781596535	23.87398309768264	25.952673959538213	0.0
1.0	26.40619370715742	20.24489682249686	15.51664615616566	37.83226331418007	0.0
2.0	28.82353694250188	19.05645793659684	18.272111891692937	33.847893229208346	0.0
3.0	23.159422409171263	22.421874637517806	15.147719943996352	39.270983009314584	0.0
4.0	34.15937462457334	13.186447895539127	14.728322674882236	37.925854805005294	0.0
5.0	35.05340013601951	14.77772709213179	23.0333311793711	27.135541592477598	0.0
6.0	31.038248009963738	17.17100324953821	21.100038338057214	30.69071040244084	0.0
7.0	34.92318713530263	17.013044695904995	20.188737759851495	27.875030408940876	0.0
8.0	22.2597605702758	27.150269989810106	22.83679871304404	27.753170726870053	0.0
9.0	27.7017014452184	18.49788069075039	15.49364527108781	38.3067725929434	0.0
10.0	26.337765481449704	16.240637604915843	25.295472542545728	32.12612437108872	0.0
11.0	28.23085300337973	18.07144377732706	19.620272499297457	34.077430719995746	0.0
12.0	26.09132710615803	19.610596018440013	21.378241161254476	32.919835714147474	0.0
13.0	26.44703774131424	20.79007106695437	18.745054798470893	34.017836393260495	0.0
14.0	30.905272370544278	18.241158055638326	20.380332080828843	30.47323749298855	0.0
15.0	29.745965987089818	18.61610969322677	19.966258671046514	31.671665648636903	0.0
16.0	29.8609481703694	17.659065750967688	18.802537893019068	33.67744818564384	0.0
17.0	30.476996126048878	17.86510281940664	19.532192532219884	32.1257085223246	0.0
18.0	31.094035721088954	17.608300213378396	19.054638209176087	32.24302585635656	0.0
19.0	29.942182627022206	18.427010464834147	19.950520394742842	31.68028651340081	0.0
20.0	29.757049956071974	17.951071554297133	19.695285218671675	32.59659327095922	0.0
21.0	29.143561069710167	18.376980659673688	19.898747223609718	32.580711047006425	0.0
22.0	29.737521058341503	19.058444824786122	22.421685681351406	28.782348435520973	0.0
23.0	29.817396009419294	20.293883520441288	21.018915840687058	28.86980462945236	0.0
24.0	32.790506748505706	19.395890102687456	18.09074875649224	29.722854392314602	0.0
25.0	29.418453096977693	21.186438915895067	19.341126019289305	30.053981967837938	0.0
26.0	32.58950784778592	16.586223922084017	21.86705538929602	28.957212840834046	0.0
27.0	26.32988034911463	21.271863848555558	24.952189387763458	27.44606641456635	0.0
28.0	26.57855791005927	19.642344472162364	18.45012205960936	35.328975558169006	0.0
29.0	28.019249959174847	19.927808654548514	17.34861865436778	34.70432273190886	0.0
30.0	26.67236061410634	19.065650797192717	16.11811927248921	38.143869316211735	0.0
31.0	34.386671241289015	14.239541988467316	18.09131714363327	33.2824696266104	0.0
32.0	34.51827095535808	15.550825420919049	22.399315956409076	27.53158766731379	0.0
33.0	31.167368117613144	17.615764114812833	20.917827286579087	30.299040480994933	0.0
34.0	33.46333883744867	16.50710399236083	21.85881129526639	28.170745874924112	0.0
35.0	26.227096475013127	20.170910953825906	25.834530079649692	27.767462491511274	0.0
