# Position (bp)	A	C	G	T	N
0.0	68.05607476635514	7.644859813084112	9.19626168224299	15.102803738317757	0.0
1.0	11.343674079611288	65.96897776116613	11.212857409829939	11.474490749392636	0.0
2.0	12.954040029651596	63.71386212008896	9.766493699036323	13.565604151223129	0.0
3.0	67.62749445676275	8.832224685883222	9.312638580931264	14.227642276422763	0.0
4.0	66.95571955719556	8.985239852398525	8.413284132841328	15.645756457564575	0.0
5.0	13.004236507644135	62.589795542457175	9.412414809357156	14.993553140541534	0.0
6.0	13.638873550524572	62.83821093318609	9.184612552917356	14.338302963371985	0.0
7.0	69.16850625459897	8.682855040470933	9.437086092715232	12.711552612214863	0.0
8.0	67.57352941176471	10.753676470588236	7.904411764705882	13.768382352941178	0.0
9.0	14.031221303948577	61.96510560146924	9.366391184573002	14.637281910009184	0.0
10.0	13.968428781204112	7.709251101321586	9.654919236417033	68.66740088105728	0.0
11.0	12.751923781604985	9.985342616342983	9.069256137779407	68.19347746427262	0.0
12.0	13.332114118507683	8.778346744696416	8.723482077542064	69.16605705925384	0.0
13.0	12.408759124087592	61.8978102189781	9.708029197080293	15.985401459854016	0.0
14.0	13.124886384293767	9.089256498818395	64.00654426467915	13.779312852208689	0.0
15.0	64.23793165792804	9.401554872536613	11.4626649792081	14.897848490327245	0.0
16.0	13.01209168020213	10.124526258798051	10.286951813752031	66.57643024724779	0.0
17.0	13.628191298094212	61.20100683207479	9.870550161812297	15.300251708018697	0.0
18.0	11.953405017921147	10.304659498207885	11.308243727598565	66.43369175627241	0.0
19.0	13.90527256478999	63.0384271671135	9.204647006255586	13.85165326184093	0.0
20.0	14.069186875891585	10.574179743223965	9.4151212553495	65.94151212553496	0.0
21.0	12.028469750889679	10.1067615658363	11.370106761565836	66.49466192170819	0.0
22.0	13.329783457578984	9.14093006744764	61.90983315583954	15.61945331913383	0.0
23.0	13.720971458961175	9.945045204750931	11.203687289487679	65.13029604680021	0.0
24.0	66.3361076677882	8.69488223835665	9.792810341774395	15.176199752080752	0.0
25.0	13.883975946232754	9.19702865228157	60.73576229218253	16.18323310930315	0.0
26.0	65.78900865877364	8.800141367732815	8.959180067149672	16.451669906343877	0.0
27.0	12.586054721977053	11.75639894086496	7.6434245366284195	68.01412180052957	0.0
28.0	13.6355618274828	59.92238490033516	7.4969130358087845	18.94514023637326	0.0
29.0	15.282919090428345	8.372994888066279	8.848933544861627	67.49515247664375	0.0
30.0	15.256637168141593	9.044247787610619	59.75221238938053	15.946902654867257	0.0
31.0	15.547263681592039	7.889125799573561	8.759772565742715	67.80383795309169	0.0
32.0	13.556903317873706	8.740635033892257	9.079557616839102	68.62290403139494	0.0
33.0	14.354665713264211	61.065427243475156	9.313550232391849	15.266356810868789	0.0
34.0	15.346091933464495	8.88928635306743	9.014487569307816	66.75013414416026	0.0
35.0	13.988894859394591	60.72004298764105	9.188608275120904	16.102453877843452	0.0
36.0	13.51981351981352	9.682625067240453	9.198493813878429	67.5990675990676	0.0
37.0	66.14003590664272	9.676840215439857	9.228007181328547	14.955116696588869	0.0
38.0	66.38549892318737	9.978463747307968	8.309404163675522	15.326633165829145	0.0
39.0	67.62964292122734	9.474250852323705	6.477660147137987	16.418446079310964	0.0
40.0	12.927619733525386	60.785019805545545	10.731004681310766	15.556355779618295	0.0
41.0	14.556385498269266	7.7063217343778465	64.16469302240844	13.572599744944434	0.0
42.0	68.34887547997806	8.703602121045895	9.343572865240446	13.603949533735602	0.0
43.0	68.11647622558054	9.380759307040176	9.159601916697383	13.343162550681903	0.0
44.0	14.267161410018552	62.486085343228204	8.070500927643785	15.176252319109462	0.0
45.0	24.166420773089406	12.51106521097669	13.36677485984066	49.955739156093244	0.0
46.0	28.39924670433145	15.743879472693031	19.246704331450093	36.610169491525426	0.0
47.0	30.4552590266876	17.189952904238616	19.309262166405023	33.04552590266876	0.0
48.0	28.142292490118574	18.181818181818183	20.632411067193676	33.04347826086956	0.0
49.0	28.758949880668254	19.411296738265712	20.24661893396977	31.583134447096263	0.0
50.0	26.955475330926593	22.944243882872044	18.4115523465704	31.688728439630964	0.0
51.0	30.787781350482312	18.12700964630225	17.725080385852092	33.360128617363344	0.0
52.0	28.421900161030596	17.431561996779386	20.611916264090176	33.53462157809984	0.0
53.0	30.213795885437676	18.959257765227914	20.411456232351753	30.415490116982653	0.0
54.0	29.578606158833065	21.88006482982172	18.19286871961102	30.3484602917342	0.0
55.0	30.279691933522496	17.99756789623024	18.88933927847588	32.83340089177138	0.0
56.0	27.81161185546082	18.798213560698336	20.584652862362972	32.805521721477874	0.0
57.0	31.529698942229455	18.02278275020342	18.836452400325467	31.61106590724166	0.0
58.0	29.84101100693029	18.671015083571138	19.11944557684468	32.368528332653895	0.0
59.0	26.726604004903965	20.474049856967717	20.923579893747444	31.875766244380877	0.0
60.0	28.58312858312858	17.73136773136773	19.696969696969695	33.98853398853399	0.0
61.0	30.475799835931088	18.334700574241182	20.795734208367513	30.393765381460213	0.0
62.0	29.295426452410382	20.7663782447466	20.601565718994642	29.33662958384837	0.0
63.0	32.46484698097601	18.320926385442515	18.031430934656743	31.182795698924732	0.0
64.0	30.37344398340249	19.543568464730292	20.87136929460581	29.211618257261414	0.0
65.0	30.23255813953488	17.151162790697676	21.677740863787378	30.938538205980066	0.0
66.0	26.766417290108063	17.45635910224439	22.485453034081463	33.29177057356609	0.0
67.0	27.280299875052062	17.90920449812578	20.699708454810494	34.11078717201166	0.0
68.0	26.72521957340025	19.782517774989543	19.44792973651192	34.04433291509829	0.0
69.0	27.726510067114095	20.721476510067113	21.686241610738254	29.86577181208054	0.0
70.0	27.80344393112138	21.797564048719025	18.60562788744225	31.793364132717343	0.0
71.0	28.57142857142857	19.495798319327733	19.15966386554622	32.773109243697476	0.0
72.0	28.50526315789474	18.31578947368421	19.957894736842103	33.22105263157894	0.0
73.0	30.548523206751057	17.974683544303797	20.464135021097047	31.0126582278481	0.0
74.0	30.629488804393745	18.166455428812846	21.968736797634136	29.235318969159273	0.0
75.0	28.861616589081674	20.101565806178588	20.651713922979265	30.385103681760473	0.0
76.0	28.98857384680491	20.31316123571731	18.535759627592043	32.16250528988574	0.0
77.0	29.461636286562104	19.584569732937684	18.948707079270875	32.00508690122933	0.0
78.0	28.820033955857387	21.095076400679115	19.100169779286926	30.98471986417657	0.0
79.0	30.25531914893617	20.80851063829787	16.80851063829787	32.12765957446809	0.0
80.0	29.39419795221843	18.984641638225256	19.880546075085324	31.74061433447099	0.0
81.0	26.831345826235093	18.313458262350938	18.56899488926746	36.28620102214651	0.0
82.0	29.761904761904763	16.539115646258505	20.74829931972789	32.95068027210885	0.0
83.0	30.252460419341038	17.75780915703894	20.92426187419769	31.065468549422338	0.0
84.0	28.804114873553367	18.174024860694384	20.27432490355765	32.747535362194604	0.0
85.0	29.540575354229283	17.732932589094034	21.296693860025762	31.42979819665092	0.0
86.0	29.797326433807676	18.542475204829667	22.078482104355327	29.58171625700733	0.0
87.0	31.041936878512754	18.893212278426287	20.57933419801124	29.48551664504972	0.0
88.0	31.439722463139635	19.55767562879445	16.47875108412836	32.52385082393756	0.0
89.0	30.45178105994787	17.854039965247612	18.071242397914858	33.622936576889664	0.0
90.0	28.602525032651283	17.892903787548978	18.763604701784935	34.7409664780148	0.0
91.0	28.416013925152306	20.191470844212358	18.23324630113142	33.15926892950392	0.0
92.0	29.49891067538126	16.99346405228758	19.128540305010894	34.37908496732026	0.0
93.0	30.75578855395369	18.829183049366534	19.39711664482307	31.01791175185671	0.0
94.0	28.521434820647418	18.460192475940506	19.160104986876643	33.85826771653544	0.0
95.0	30.64798598949212	16.72504378283713	20.052539404553414	32.57443082311734	0.0
96.0	29.34734997809899	17.257993867717918	19.79851073149365	33.596145422689446	0.0
97.0	29.142857142857142	18.10989010989011	18.54945054945055	34.1978021978022	0.0
98.0	31.58590308370044	20.132158590308368	18.1057268722467	30.176211453744493	0.0
99.0	29.050772626931565	18.543046357615893	20.52980132450331	31.876379690949225	0.0
100.0	32.16035634743875	16.391982182628063	19.06458797327394	32.38307349665924	0.0
101.0	31.704035874439462	17.847533632286996	19.641255605381165	30.807174887892373	0.0
102.0	31.0126582278481	16.455696202531644	19.303797468354432	33.22784810126582	0.0
103.0	28.903049613108784	18.616294947655895	19.98179335457442	32.4988620846609	0.0
104.0	26.54462242562929	17.80320366132723	22.791762013729976	32.860411899313505	0.0
105.0	29.05747126436782	19.310344827586206	18.436781609195403	33.195402298850574	0.0
106.0	31.24419684308264	17.87372330547818	19.637883008356546	31.24419684308264	0.0
107.0	30.621785881252922	18.887330528284245	19.775596072931275	30.715287517531557	0.0
108.0	31.14985862393968	18.426013195098964	16.729500471253534	33.694627709707824	0.0
109.0	28.89733840304182	20.67490494296578	20.05703422053232	30.370722433460074	0.0
110.0	25.82496413199426	20.27737924438068	20.468675274988044	33.428981348637016	0.0
111.0	30.987951807228914	19.566265060240966	18.69879518072289	30.74698795180723	0.0
112.0	26.75714978187106	20.552593310712556	19.77702375181774	32.91323315559864	0.0
113.0	28.306490971205466	20.05856515373353	18.692044899951195	32.942898975109806	0.0
114.0	29.62236390387445	17.312408043158413	20.54928886709171	32.51593918587543	0.0
115.0	25.81441263573544	19.10167818361303	19.200394866732477	35.88351431391905	0.0
116.0	27.64793635007459	18.79661859771258	18.2496270512183	35.305818000994535	0.0
117.0	29.90466633216257	19.317611640742598	18.46462619167085	32.31309583542398	0.0
118.0	28.1675921251893	16.557294295810195	21.10045431600202	34.17465926299849	0.0
119.0	25.597964376590333	20.40712468193384	25.29262086513995	28.702290076335878	0.0
120.0	25.539568345323744	21.017471736896198	22.09660842754368	31.346351490236383	0.0
121.0	28.42377260981912	20.671834625322997	19.483204134366925	31.421188630490953	0.0
122.0	28.526808953669963	18.94846434148881	19.989588755856325	32.535137948984904	0.0
123.0	30.898581187598527	17.025748817656332	19.915922228060957	32.159747766684184	0.0
124.0	29.383634431455896	18.06588735387885	20.35069075451647	32.19978746014878	0.0
125.0	25.69593147751606	19.05781584582441	21.841541755888652	33.40471092077088	0.0
126.0	29.827400215749726	18.77022653721683	17.79935275080906	33.60302049622438	0.0
127.0	28.711790393013096	18.9410480349345	23.034934497816593	29.312227074235807	0.0
128.0	30.18660812294182	18.386388583973655	20.142700329308454	31.284302963776074	0.0
129.0	30.883977900552484	17.513812154696133	19.060773480662984	32.5414364640884	0.0
130.0	29.09698996655518	19.84392419175028	18.61761426978818	32.441471571906355	0.0
131.0	30.58690744920993	19.0744920993228	20.711060948081265	29.627539503386004	0.0
132.0	29.2544109277177	19.180421172453045	19.57882754695504	31.986340352874215	0.0
133.0	28.36593785960875	20.88607594936709	20.59838895281933	30.149597238204834	0.0
134.0	25.07237984944991	21.482339316734222	20.20845396641575	33.23682686740012	0.0
135.0	27.500000000000004	17.03488372093023	20.0	35.46511627906977	0.0
136.0	26.936619718309856	18.603286384976524	20.187793427230048	34.27230046948357	0.0
137.0	28.04733727810651	17.27810650887574	20.29585798816568	34.37869822485207	0.0
138.0	28.588516746411486	18.600478468899524	19.976076555023923	32.834928229665074	0.0
139.0	29.631864815932406	17.56185878092939	18.648159324079664	34.15811707905854	0.0
140.0	28.76376988984088	16.768665850673194	21.909424724602204	32.55813953488372	0.0
141.0	29.462631253860405	19.703520691785055	21.309450277949352	29.524397776405188	0.0
142.0	30.721393034825873	17.537313432835823	19.27860696517413	32.46268656716418	0.0
143.0	32.0253164556962	21.202531645569618	18.354430379746837	28.417721518987342	0.0
144.0	31.595881595881597	19.755469755469758	16.85971685971686	31.78893178893179	0.0
145.0	30.893782383419687	19.041450777202073	18.0699481865285	31.994818652849744	0.0
146.0	30.360655737704917	20.39344262295082	18.62295081967213	30.62295081967213	0.0
147.0	29.12813738441215	21.070013210039633	17.635402906208718	32.16644649933949	0.0
148.0	26.755852842809364	20.334448160535118	18.327759197324415	34.5819397993311	0.0
149.0	30.61778682959946	19.212491513917175	18.94093686354379	31.228784792939578	0.0
150.0	27.997275204359674	17.983651226158038	18.869209809264305	35.14986376021799	0.0
151.0	27.92297111416781	20.288858321870702	21.04539202200825	30.742778541953232	0.0
152.0	27.646239554317546	19.77715877437326	18.036211699164344	34.540389972144844	0.0
153.0	31.03932584269663	19.382022471910112	18.820224719101123	30.758426966292134	0.0
154.0	29.794762915782023	16.84359518754423	19.24982307147912	34.111818825194625	0.0
155.0	31.5939957112223	19.15654038598999	16.79771265189421	32.451751250893494	0.0
156.0	33.52601156069364	17.991329479768787	17.341040462427745	31.141618497109825	0.0
157.0	31.582786287381477	20.20423048869438	20.350109409190374	27.862873814733767	0.0
158.0	28.360413589364846	22.821270310192023	18.61152141802068	30.20679468242245	0.0
159.0	33.856502242152466	17.41405082212257	19.730941704035875	28.998505231689087	0.0
160.0	26.844106463878326	20.0	23.269961977186313	29.885931558935365	0.0
161.0	28.803088803088805	18.687258687258687	22.393822393822393	30.115830115830118	0.0
162.0	29.241594996090697	19.155590304925724	20.64112587959343	30.961688819390147	0.0
163.0	29.41640378548896	17.19242902208202	19.006309148264986	34.38485804416404	0.0
164.0	28.82165605095541	15.445859872611464	21.098726114649683	34.63375796178344	0.0
165.0	28.330658105939005	18.218298555377206	23.274478330658106	30.17656500802568	0.0
166.0	28.780487804878046	20.32520325203252	19.75609756097561	31.138211382113823	0.0
167.0	28.630024610336342	18.12961443806399	22.231337161607875	31.009023789991797	0.0
168.0	28.38174273858921	20.24896265560166	19.336099585062243	32.03319502074689	0.0
169.0	28.967254408060455	16.624685138539043	20.31905961376994	34.089000839630565	0.0
170.0	28.6321155480034	16.22769753610875	19.79609175870858	35.34409515717927	0.0
171.0	28.030954428202925	19.776440240756664	17.970765262252794	34.22184006878762	0.0
172.0	30.0	20.608695652173914	17.217391304347824	32.17391304347826	0.0
173.0	27.24867724867725	18.871252204585538	18.342151675485006	35.5379188712522	0.0
174.0	29.982046678635548	19.03052064631957	17.684021543985637	33.30341113105925	0.0
175.0	28.09090909090909	17.727272727272727	22.454545454545453	31.727272727272727	0.0
176.0	28.92561983471074	16.62075298438935	19.55922865013774	34.89439853076217	0.0
177.0	28.133704735376046	21.634168987929435	19.498607242339833	30.73351903435469	0.0
178.0	27.4601686972821	19.0253045923149	20.524835988753516	32.98969072164948	0.0
179.0	26.955702167766262	17.342130065975496	24.69368520263902	31.00848256361923	0.0
180.0	28.924833491912466	15.794481446241674	21.4081826831589	33.87250237868697	0.0
181.0	30.710172744721685	18.042226487523994	18.618042226487525	32.629558541266796	0.0
182.0	33.398247322297955	17.91626095423564	20.83739045764362	27.848101265822784	0.0
183.0	27.013752455795675	25.147347740667975	19.94106090373281	27.897838899803535	0.0
184.0	31.051587301587304	22.023809523809522	15.873015873015872	31.051587301587304	0.0
185.0	27.867203219315893	22.83702213279678	19.81891348088531	29.47686116700201	0.0
186.0	34.04255319148936	15.80547112462006	19.250253292806484	30.901722391084093	0.0
187.0	30.45267489711934	20.88477366255144	18.209876543209877	30.45267489711934	0.0
188.0	30.86548488008342	19.39520333680918	18.039624608967674	31.69968717413973	0.0
189.0	29.436769394261425	21.360255047821468	19.872476089266737	29.330499468650373	0.0
190.0	31.72043010752688	17.8494623655914	19.13978494623656	31.290322580645164	0.0
191.0	27.66884531590414	19.934640522875817	18.191721132897605	34.20479302832244	0.0
192.0	33.88338833883388	19.251925192519252	18.151815181518153	28.71287128712871	0.0
193.0	30.493273542600896	17.152466367713004	21.8609865470852	30.493273542600896	0.0
194.0	27.128263337116916	21.56640181611805	21.112372304199774	30.192962542565265	0.0
195.0	29.723502304147466	20.276497695852534	17.165898617511523	32.83410138248848	0.0
196.0	28.487690504103163	21.570926143024618	18.053927315357562	31.887456037514657	0.0
197.0	28.72467222884386	18.951132300357568	21.096543504171635	31.227651966626937	0.0
198.0	30.303030303030305	23.03030303030303	17.696969696969695	28.96969696969697	0.0
199.0	30.062111801242235	20.869565217391305	18.509316770186334	30.559006211180122	0.0
200.0	28.30188679245283	16.576819407008088	23.31536388140162	31.805929919137466	0.0
201.0	33.33333333333333	18.181818181818183	18.333333333333332	30.151515151515152	0.0
202.0	34.76923076923077	19.230769230769234	19.230769230769234	26.769230769230766	0.0
203.0	32.075471698113205	15.723270440251572	22.0125786163522	30.18867924528302	0.0
204.0	32.64	17.44	24.0	25.919999999999998	0.0
205.0	35.63218390804598	16.25615763546798	22.824302134646963	25.287356321839084	0.0
206.0	32.0945945945946	19.594594594594593	19.594594594594593	28.716216216216218	0.0
207.0	28.915662650602407	21.686746987951807	16.179001721170398	33.218588640275385	0.0
208.0	29.049295774647888	17.429577464788732	20.422535211267608	33.098591549295776	0.0
209.0	22.58064516129032	20.25089605734767	23.655913978494624	33.51254480286738	0.0
210.0	21.85792349726776	18.761384335154826	21.311475409836063	38.069216757741344	0.0
211.0	31.42329020332717	18.299445471349355	20.88724584103512	29.390018484288355	0.0
212.0	31.21495327102804	16.448598130841123	20.93457943925234	31.401869158878505	0.0
213.0	26.476190476190474	19.238095238095237	21.142857142857142	33.14285714285714	0.0
214.0	28.820116054158607	24.758220502901356	18.3752417794971	28.04642166344294	0.0
215.0	27.66798418972332	23.91304347826087	15.810276679841898	32.608695652173914	0.0
216.0	32.454361054766736	16.835699797160245	19.066937119675455	31.643002028397564	0.0
217.0	24.793388429752067	19.834710743801654	26.65289256198347	28.719008264462808	0.0
218.0	25.83518930957684	19.37639198218263	20.26726057906459	34.521158129175944	0.0
219.0	19.799498746867165	23.55889724310777	24.31077694235589	32.33082706766917	0.0
220.0	0.0	30.078125	25.78125	44.140625	0.0
