# Position (bp)	A	C	G	T	N
0.0	66.66327050433011	7.8349465104432	9.546612328069282	15.95517065715741	0.0
1.0	9.80951410817969	66.11999592543548	13.15065702353061	10.919832942854232	0.0
2.0	13.275949367088607	64.14177215189873	9.174683544303798	13.407594936708861	0.0
3.0	68.3854008694773	8.361136386614094	11.171772318269134	12.08169042563947	0.0
4.0	65.29952520456612	8.738256389534296	10.122234569148398	15.839983836751188	0.0
5.0	13.350151362260343	64.36932391523713	9.17255297679112	13.107971745711403	0.0
6.0	13.450292397660817	64.65013107481347	7.6225045372050815	14.277071990320628	0.0
7.0	69.32070147147752	9.463817778673654	7.5388026607538805	13.67667808909494	0.0
8.0	67.94277654644368	11.746927261736854	8.240983276244208	12.069312915575257	0.0
9.0	13.15074010673648	62.60195347900513	8.347598429161213	15.89970798509717	0.0
10.0	11.568666935159081	6.846556584776479	9.867096254530809	71.71768022553363	0.0
11.0	10.994869731415351	10.944572980585454	8.962880997887536	69.09767629011165	0.0
12.0	12.334137515078408	9.06714917571371	9.549658222758344	69.04905508644954	0.0
13.0	12.09442491210447	61.70768458061276	10.246107483676544	15.951783023606229	0.0
14.0	13.338682178317118	8.735332464146023	64.31651790191556	13.609467455621301	0.0
15.0	64.14848909345608	10.086051630978588	11.336802081248749	14.42865719431659	0.0
16.0	13.15	10.440000000000001	8.85	67.56	0.0
17.0	14.131628882452812	60.53130929791271	9.397782882253072	15.939278937381404	0.0
18.0	11.72069825436409	10.144638403990026	11.261845386533667	66.87281795511223	0.0
19.0	13.44965104685942	63.62911266201395	7.497507477567298	15.423728813559324	0.0
20.0	14.298516379567857	9.748083242059145	9.100866275017424	66.85253410335558	0.0
21.0	14.437705081038082	10.0825295813861	9.297007059759371	66.18275827781645	0.0
22.0	12.812872467222885	7.926102502979737	62.81287246722288	16.448152562574496	0.0
23.0	13.510025809013301	10.522136192177884	10.035735556879095	65.93210244192971	0.0
24.0	66.95091720376797	10.451165096678235	8.111056023797719	14.486861675756074	0.0
25.0	15.157519318406976	8.737864077669903	61.53160293243511	14.573013671488013	0.0
26.0	67.97346797346798	8.207108207108208	9.702009702009702	14.117414117414118	0.0
27.0	13.219869384524044	11.982980407678607	6.7880467049277655	68.00910350286958	0.0
28.0	13.395946613939694	61.81908057340584	6.29757785467128	18.487394957983195	0.0
29.0	15.90594744121715	8.012250543370875	8.486465125469275	67.5953368899427	0.0
30.0	14.32252948756071	10.655168995936167	59.83744672415502	15.184854792348101	0.0
31.0	13.739926375485027	7.292806685901901	8.466819221967963	70.50044771664511	0.0
32.0	13.246492985971944	8.316633266533065	8.827655310621243	69.60921843687375	0.0
33.0	13.981886638852142	63.03042637631017	7.46921746209423	15.51846952274346	0.0
34.0	14.27694825117611	9.552055635099203	8.7338924115361	67.43710370218858	0.0
35.0	13.985655737704919	63.25819672131148	8.114754098360656	14.641393442622952	0.0
36.0	13.713405238828969	8.967642526964562	8.361581920903955	68.95737031330252	0.0
37.0	67.26037269638628	7.948110779367858	9.183568413466487	15.607948110779368	0.0
38.0	68.1096681096681	10.13193156050299	8.245722531436817	13.512677798392083	0.0
39.0	67.37962388923332	10.580698491423849	6.18929530894813	15.850382310394709	0.0
40.0	12.78756476683938	63.67875647668394	9.668393782383419	13.865284974093264	0.0
41.0	12.526139690506064	8.43789209535759	66.3111668757842	12.724801338352155	0.0
42.0	68.66063919259882	7.411690496215306	8.42094196804037	15.5067283431455	0.0
43.0	68.12162305328955	9.111134654094712	7.702087085496345	15.0651552071194	0.0
44.0	14.523885860852836	63.7383776851555	8.325317943785402	13.412418510206262	0.0
45.0	23.938700017614938	13.105513475427163	11.273559978862075	51.68222652809582	0.0
46.0	25.492102065613608	19.295261239368166	19.22235722964763	35.9902794653706	0.0
47.0	33.04612265585403	16.523061327927014	21.46477445514445	28.96604156107451	0.0
48.0	26.850657725045142	20.5313386639154	17.71988651018829	34.898117100851174	0.0
49.0	26.957202505219207	17.640918580375782	21.685803757828808	33.7160751565762	0.0
50.0	27.072847682119207	23.920529801324502	17.66887417218543	31.33774834437086	0.0
51.0	26.219024780175857	17.42605915267786	19.07807087663203	37.27684519051426	0.0
52.0	29.948965887724952	15.52511415525114	17.7276390008058	36.79828095621811	0.0
53.0	32.44274809160305	17.28462377317339	23.00981461286805	27.262813522355504	0.0
54.0	29.674909697138098	20.255626562934147	17.671575437621563	32.39788830230619	0.0
55.0	30.04459308807135	18.088071348940915	21.29319955406912	30.574136008918618	0.0
56.0	26.437744276940258	19.514237855946398	23.19932998324958	30.84868788386376	0.0
57.0	31.57158836689038	16.47091722595078	19.491051454138702	32.466442953020135	0.0
58.0	28.893905191873586	21.839729119638825	17.80474040632054	31.461625282167045	0.0
59.0	26.921985815602838	21.4468085106383	21.19148936170213	30.439716312056735	0.0
60.0	27.199770707939237	19.747778733161365	18.400687876182285	34.65176268271711	0.0
61.0	29.945292254534984	18.19752375467895	22.948459545061905	28.90872444572416	0.0
62.0	30.141741394272493	19.496673416256872	21.666184553080704	28.695400636389934	0.0
63.0	31.110466801971587	18.353145839373735	19.8898231371412	30.646564221513483	0.0
64.0	32.27977758267486	18.700614574187885	20.456540825285337	28.563067017851917	0.0
65.0	28.85689097854834	19.04202174551866	19.45342344989715	32.64766382603585	0.0
66.0	28.151883714031445	16.01898546425393	21.269652921981606	34.55947789973302	0.0
67.0	27.26190476190476	16.726190476190474	19.375	36.63690476190476	0.0
68.0	27.627170271093508	21.230581784952786	18.245507158087115	32.896740785866584	0.0
69.0	25.282788138184042	20.819321308468357	22.13390400489147	31.76398654845613	0.0
70.0	26.793963658761932	21.897135817677857	19.34093008931321	31.967970434246993	0.0
71.0	27.283950617283953	18.30246913580247	21.820987654320987	32.592592592592595	0.0
72.0	26.8443893366398	20.64476131432114	20.64476131432114	31.866088034717915	0.0
73.0	26.067976301839725	19.800436545057686	19.86280012472716	34.26878702837543	0.0
74.0	32.88485607008761	15.644555694618273	20.807259073842303	30.663329161451813	0.0
75.0	27.122940430925226	21.768060836501903	22.56020278833967	28.548795944233206	0.0
76.0	31.279771355986025	19.784058431248013	18.29152111781518	30.644649094950775	0.0
77.0	30.433376455368695	20.95730918499353	17.755498059508408	30.853816300129367	0.0
78.0	28.014299642508938	22.489437764055896	19.532011699707507	29.964250893727655	0.0
79.0	27.189242374549032	20.432928829124304	20.695309937684485	31.68251885864218	0.0
80.0	29.766216661178795	20.118538030951598	19.72341126111294	30.391834046756667	0.0
81.0	24.92512479201331	18.735440931780367	18.901830282861898	37.437603993344425	0.0
82.0	30.825810765630223	18.12102975593447	20.19391507856904	30.859244399866263	0.0
83.0	29.620932572962094	19.724924521972493	21.435759812143576	29.21838309292184	0.0
84.0	28.1439139206456	18.022864828513786	19.30060524546066	34.53261600537996	0.0
85.0	33.28822733423545	16.542625169147495	22.32746955345061	27.84167794316644	0.0
86.0	29.177989130434785	18.376358695652172	23.811141304347828	28.634510869565215	0.0
87.0	33.83304940374787	18.534923339011925	20.068143100511072	27.56388415672913	0.0
88.0	34.22040259297168	18.491982258614808	17.673149095871715	29.614466052541793	0.0
89.0	30.911583276216586	18.368745716244003	18.50582590815627	32.213845099383136	0.0
90.0	30.178940123881624	17.068134893324157	20.50929112181693	32.24363386097729	0.0
91.0	30.061983471074385	20.488980716253444	16.97658402203857	32.47245179063361	0.0
92.0	29.616845012081463	18.847083189506385	16.810493614083537	34.72557818432861	0.0
93.0	31.931897150799166	17.894371091035442	18.34607366226546	31.82765809589993	0.0
94.0	29.069767441860467	16.31430584918957	19.09795630725863	35.517970401691336	0.0
95.0	31.11664295874822	17.78093883357041	20.34139402560455	30.761024182076813	0.0
96.0	28.759800427655023	16.856735566642907	20.349251603706346	34.034212401995724	0.0
97.0	30.714029422317907	18.909221385001796	20.200932902762826	30.175816289917474	0.0
98.0	31.25904486251809	20.69464544138929	17.329956584659914	30.716353111432703	0.0
99.0	31.77366702937976	18.86108088501995	18.78853826623141	30.576713819368877	0.0
100.0	34.33162892622352	13.915266617969321	19.101533966398833	32.65157048940833	0.0
101.0	33.77386196769457	18.906020558002936	17.62114537444934	29.698972099853155	0.0
102.0	31.169310217631867	17.078568793803026	19.9926226484692	31.759498340095902	0.0
103.0	28.01182557280118	18.99482631189948	20.990391722099037	32.00295639320029	0.0
104.0	26.6939687267312	18.131049888309754	21.816827997021594	33.358153387937456	0.0
105.0	28.646027601641176	19.395747855277882	18.76165609847072	33.19656844461022	0.0
106.0	30.682670667666915	16.729182295573892	20.367591897974492	32.2205551387847	0.0
107.0	30.731523378582203	18.552036199095024	19.64555052790347	31.070889894419306	0.0
108.0	33.48467650397276	19.296254256526673	16.382898221717745	30.83617101778282	0.0
109.0	28.354814253222138	18.57467778620167	20.20470053070508	32.86580742987111	0.0
110.0	25.675161658425257	20.578166603271207	20.806390262457207	32.94028147584633	0.0
111.0	30.240549828178693	18.40397098129057	19.1676212294769	32.18785796105384	0.0
112.0	25.489443378119002	19.07869481765835	21.8809980806142	33.550863723608444	0.0
113.0	28.44461597838672	20.146661520648397	19.49054419143188	31.918178309532998	0.0
114.0	29.914860681114554	18.885448916408667	19.0015479876161	32.19814241486068	0.0
115.0	28.38258164852255	18.85692068429238	19.51788491446345	33.24261275272162	0.0
116.0	29.30631332813718	19.641465315666405	19.095869056897897	31.95635229929852	0.0
117.0	31.091122409073137	18.615565115369574	17.24677356276887	33.04653891278843	0.0
118.0	28.211189913317575	16.469661150512213	22.14342001576044	33.17572892040977	0.0
119.0	25.138339920948617	21.225296442687746	26.956521739130434	26.679841897233203	0.0
120.0	26.574257425742577	21.06930693069307	23.049504950495052	29.306930693069305	0.0
121.0	30.723370429252782	18.91891891891892	18.481717011128776	31.875993640699523	0.0
122.0	29.721115537848608	18.04780876494024	22.03187250996016	30.199203187250994	0.0
123.0	32.041550139832204	19.65641230523372	16.500199760287654	31.801837794646424	0.0
124.0	30.93322606596943	19.509251810136767	18.181818181818183	31.37570394207562	0.0
125.0	27.82258064516129	18.629032258064516	20.927419354838708	32.62096774193549	0.0
126.0	30.878186968838527	18.615944961554025	18.413597733711047	32.0922703358964	0.0
127.0	28.008130081300813	19.024390243902438	23.211382113821138	29.756097560975608	0.0
128.0	30.923202614379086	18.954248366013072	19.485294117647058	30.637254901960787	0.0
129.0	30.315444489963127	21.302744776730847	17.410897173289637	30.97091356001639	0.0
130.0	30.250719276613236	19.482120838471022	17.79695848746404	32.4702013974517	0.0
131.0	31.11844820470491	19.89269500619067	19.686339248865043	29.30251754023937	0.0
132.0	28.71369294605809	19.460580912863072	21.70124481327801	30.12448132780083	0.0
133.0	30.65054211843203	19.683069224353627	20.18348623853211	29.482902418682233	0.0
134.0	25.74298869820008	19.17120133947258	20.636249476768523	34.44956048555881	0.0
135.0	25.07362221287337	18.09002944888515	20.151451409339504	36.68489692890198	0.0
136.0	26.120033812341504	19.019442096365175	20.118343195266274	34.742180896027044	0.0
137.0	28.3106960950764	16.93548387096774	18.803056027164686	35.95076400679117	0.0
138.0	30.614859094790773	17.463706233988045	18.488471391972674	33.432963279248504	0.0
139.0	28.424216401889225	17.389437526835554	21.640188922284242	32.546157148990986	0.0
140.0	27.960242005185826	19.360414866032844	20.311149524632672	32.36819360414866	0.0
141.0	31.670281995661604	18.91540130151844	18.655097613882862	30.759219088937094	0.0
142.0	30.812937062937063	16.346153846153847	19.055944055944053	33.78496503496503	0.0
143.0	32.23539745278875	21.47562582345191	17.654808959156785	28.634167764602548	0.0
144.0	30.442477876106196	18.09734513274336	17.56637168141593	33.89380530973452	0.0
145.0	28.412627834593152	19.964428634948867	18.497109826589593	33.12583370386839	0.0
146.0	28.776333482743166	21.828776333482743	18.422232182877632	30.97265800089646	0.0
147.0	29.318899413622013	17.907081641858365	17.004961659900765	35.76905728461885	0.0
148.0	27.31818181818182	21.77272727272727	19.454545454545453	31.454545454545457	0.0
149.0	31.001371742112482	20.53040695016004	17.23822588020119	31.22999542752629	0.0
150.0	29.115084823475467	19.39477303988996	17.514901421366346	33.97524071526822	0.0
151.0	27.068014705882355	19.255514705882355	21.369485294117645	32.306985294117645	0.0
152.0	27.88550323176362	21.23730378578024	17.31301939058172	33.56417359187442	0.0
153.0	30.26070763500931	19.599627560521416	18.389199255121042	31.750465549348235	0.0
154.0	33.61423220973783	16.245318352059925	18.164794007490638	31.97565543071161	0.0
155.0	29.66101694915254	21.1864406779661	16.666666666666664	32.48587570621469	0.0
156.0	31.563981042654028	14.739336492890995	18.104265402843602	35.59241706161138	0.0
157.0	28.939828080229223	18.147086914995224	20.582617000955107	32.33046800382044	0.0
158.0	27.636013480982186	22.33991333654309	16.995666827154547	33.02840635532017	0.0
159.0	34.17353368880271	13.717886572952013	18.952981095492003	33.15559864275327	0.0
160.0	25.978473581213308	20.645792563600782	23.043052837573384	30.332681017612522	0.0
161.0	27.764127764127768	18.181818181818183	22.75184275184275	31.3022113022113	0.0
162.0	27.74480712166172	19.090009891196836	20.12858555885262	33.03659742828882	0.0
163.0	31.02589641434263	17.729083665338646	17.131474103585656	34.113545816733065	0.0
164.0	29.25	15.950000000000001	22.650000000000002	32.15	0.0
165.0	26.97533970810267	19.073980875691998	22.34524408656266	31.605435329642678	0.0
166.0	27.111785533636823	20.43500252908447	19.524532119372786	32.92867981790592	0.0
167.0	26.235354049923586	19.205298013245034	23.38257768721345	31.17677024961793	0.0
168.0	28.257537046499742	19.51967296882984	18.548799182422073	33.67399080224834	0.0
169.0	26.745379876796715	17.607802874743324	19.50718685831622	36.139630390143736	0.0
170.0	30.320247933884296	18.026859504132233	17.71694214876033	33.93595041322314	0.0
171.0	28.87617065556712	19.35483870967742	15.972944849115505	35.796045785639954	0.0
172.0	31.922675026123304	19.958202716823408	16.509926854754443	31.60919540229885	0.0
173.0	28.149710068529256	18.45018450184502	20.400632577754347	32.999472851871374	0.0
174.0	29.040805511393746	19.76682564917859	18.75993640699523	32.432432432432435	0.0
175.0	27.641408751334044	17.876200640341516	20.70437566702241	33.778014941302025	0.0
176.0	28.05793991416309	19.84978540772532	19.15236051502146	32.93991416309013	0.0
177.0	28.185745140388768	22.570194384449245	17.71058315334773	31.533477321814257	0.0
178.0	28.470332063146436	19.433859553620035	20.685900925421883	31.40990745781165	0.0
179.0	26.136986301369863	19.068493150684933	25.205479452054796	29.589041095890412	0.0
180.0	30.718232044198896	14.917127071823206	20.497237569060772	33.86740331491713	0.0
181.0	30.078125	18.861607142857142	19.308035714285715	31.752232142857146	0.0
182.0	33.27721661054994	18.855218855218855	19.921436588103255	27.946127946127948	0.0
183.0	26.738270209157715	22.83776144714528	19.78518937252685	30.638778971170154	0.0
184.0	28.80870561282932	20.332187857961053	19.129438717067583	31.729667812142036	0.0
185.0	26.900921658986178	22.062211981566822	23.617511520737327	27.419354838709676	0.0
186.0	32.5	16.74418604651163	19.825581395348838	30.930232558139537	0.0
187.0	31.517281780902167	20.855301698886937	18.86350322202695	28.763913298183947	0.0
188.0	28.52923803898405	20.082693443591257	19.373892498523333	32.01417601890136	0.0
189.0	30.136986301369863	19.17808219178082	18.642048838594402	32.04288266825491	0.0
190.0	30.398069963811817	18.21471652593486	18.33534378769602	33.0518697225573	0.0
191.0	24.45121951219512	22.01219512195122	20.48780487804878	33.048780487804876	0.0
192.0	32.631578947368425	18.513931888544892	18.142414860681114	30.712074303405572	0.0
193.0	29.101194217473285	19.10747957259585	22.50157133878064	29.28975487115022	0.0
194.0	27.69328263624842	20.912547528517113	23.954372623574145	27.439797211660327	0.0
195.0	26.773162939297123	22.044728434504794	19.169329073482427	32.01277955271566	0.0
196.0	29.741935483870968	19.67741935483871	19.032258064516128	31.548387096774196	0.0
197.0	29.068241469816275	20.078740157480315	21.719160104986877	29.133858267716533	0.0
198.0	26.329966329966332	24.175084175084173	18.855218855218855	30.63973063973064	0.0
199.0	30.26222537207654	22.2537207654146	19.34798015591779	28.13607370659107	0.0
200.0	27.95436022819886	14.66992665036675	22.41238793806031	34.96332518337408	0.0
201.0	33.29706202393907	17.51904243743199	16.539717083786726	32.64417845484222	0.0
202.0	38.62144420131291	16.411378555798688	18.818380743982495	26.148796498905906	0.0
203.0	32.52480705622933	16.64829106945976	23.042998897464166	27.783902976846747	0.0
204.0	33.62930077691454	16.75915649278579	24.084350721420645	25.527192008879023	0.0
205.0	32.88288288288289	15.765765765765765	26.68918918918919	24.66216216216216	0.0
206.0	30.498866213151928	19.501133786848072	22.56235827664399	27.43764172335601	0.0
207.0	31.84931506849315	22.488584474885844	15.8675799086758	29.794520547945208	0.0
208.0	31.134259259259263	16.89814814814815	20.13888888888889	31.828703703703702	0.0
209.0	22.467986030267753	22.118742724097785	20.721769499417928	34.69150174621653	0.0
210.0	25.02937720329025	18.683901292596943	18.566392479435958	37.72032902467685	0.0
211.0	30.604982206405694	18.26809015421115	17.556346381969156	33.570581257414	0.0
212.0	26.19617224880383	17.822966507177032	23.205741626794257	32.77511961722488	0.0
213.0	27.557160048134776	20.81829121540313	15.403128760529484	36.22141997593261	0.0
214.0	27.669902912621357	26.09223300970874	17.475728155339805	28.762135922330096	0.0
215.0	29.938650306748464	24.539877300613497	16.07361963190184	29.447852760736197	0.0
216.0	28.553770086526576	17.92336217552534	16.563658838071692	36.95920889987639	0.0
217.0	25.879396984924625	17.21105527638191	27.261306532663315	29.64824120603015	0.0
218.0	25.35575679172057	21.47477360931436	20.69857697283312	32.470892626131956	0.0
219.0	19.295774647887324	20.704225352112676	22.253521126760564	37.74647887323944	0.0
220.0	0.0	30.269058295964125	25.336322869955158	44.39461883408072	0.0
