# Position (bp)	A	C	G	T	N
0.0	25.657736355194828	25.104034116311862	23.969116483818826	25.269113044674484	0.0
1.0	25.562300099735186	20.65894005571414	14.798638098841007	38.98012174570967	0.0
2.0	27.940607841620913	19.6796672939276	18.604731094097733	33.77499377035376	0.0
3.0	23.524561298025304	23.009199213213886	15.563934961304895	37.90230452745592	0.0
4.0	33.27121904303919	13.9061587606911	14.995878130044998	37.82674406622471	0.0
5.0	34.55855206106346	15.826528947616964	23.109153508658956	26.50576548266062	0.0
6.0	32.2730199613651	18.19703799098519	20.679974243399872	28.849967804249836	0.0
7.0	34.23135699445389	17.823108226446198	19.893885540617113	28.051649238482803	0.0
8.0	23.24842678205029	26.23346296820941	22.454305852456624	28.063804397283675	0.0
9.0	29.61042528715897	18.961935339869168	15.536631011452021	35.89100836151984	0.0
10.0	27.025194214343962	16.978411090604748	24.104038799948498	31.892355895102792	0.0
11.0	28.10630316660515	18.839970127986128	20.2073873146948	32.84633939071392	0.0
12.0	26.163419448974334	20.365633851171573	20.87202815208995	32.598918547764136	0.0
13.0	27.021576065500607	20.909215743490275	18.553356562934482	33.515851628074635	0.0
14.0	30.41844020321296	18.649594947137167	19.92911574900453	31.002849100645342	0.0
15.0	29.608780345481538	19.013498322363624	18.698566071413246	32.679155260741595	0.0
16.0	29.835097894538155	17.0882166206222	18.893388472296103	34.18329701254354	0.0
17.0	30.27186081824187	18.00423790609692	20.527250422503794	31.196650853157408	0.0
18.0	31.369538741273136	17.605537163147332	18.66562601849152	32.35929807708801	0.0
19.0	30.070313839821644	18.073229291716686	20.053164122791976	31.803292745669697	0.0
20.0	30.28162373012131	18.052209696086415	19.484761455698916	32.18140511809336	0.0
21.0	30.125831447575948	17.85212233422478	19.90245491325516	32.11959130494411	0.0
22.0	28.572408118486013	18.582007679648928	20.05194048272079	32.793643719144264	0.0
23.0	29.414083589712824	17.79944981960596	20.6514752890161	32.13499130166511	0.0
24.0	31.206086986324845	18.386057511053227	17.933646365287725	32.474209137334206	0.0
25.0	29.35884363941702	17.846646845627234	19.440326961468926	33.354182553486815	0.0
26.0	31.307886732639332	17.48018677976267	20.39840637450199	30.813520113096004	0.0
27.0	28.856978846269183	18.308386953057397	19.673226693626464	33.16140750704696	0.0
28.0	30.300200476345506	17.43116122067819	20.075050119086377	32.19358818388993	0.0
29.0	29.48493883006066	18.13594462150029	19.863095850039407	32.51602069839964	0.0
30.0	30.05380674126497	17.83676337028977	19.5846256661583	32.52480422228696	0.0
31.0	29.668380462724937	18.105398457583547	20.17909168808912	32.0471293916024	0.0
32.0	29.99725778531887	18.150033420741426	19.72252215195297	32.13018664198673	0.0
33.0	30.877211024269847	18.09354860825449	19.761243658302483	31.26799670917318	0.0
34.0	30.136939345639025	17.60930296330574	19.968464531166987	32.285293159888255	0.0
35.0	30.068641649456268	18.29672731012143	20.09460721722811	31.54002382319419	0.0
36.0	30.375982379307686	17.690112357624635	19.23449404787412	32.699411215193564	0.0
37.0	28.49307085129541	19.551597946537996	19.18135771890882	32.77397348325778	0.0
38.0	30.13652842413802	18.226930295940143	19.68563323305822	31.950908046863617	0.0
39.0	28.732814482120205	19.010354167380942	20.100627421400898	32.156203929097956	0.0
40.0	30.3921484592637	18.199974285346933	19.72571036729096	31.6821668880984	0.0
41.0	30.15754645820476	17.63011725982308	21.07591030652129	31.136425975450866	0.0
42.0	30.305160294873996	18.959369106806104	19.646836962112122	31.088633636207785	0.0
43.0	29.747524540271762	18.509151699601354	19.625358995241974	32.11796476488491	0.0
44.0	29.461843808674626	18.6309896346848	20.691192482788775	31.2159740738518	0.0
45.0	29.56392756704849	19.56495644420056	19.606968927910007	31.264147060840937	0.0
46.0	30.12809520543247	17.93332876054599	19.28458742026202	32.653988613759516	0.0
47.0	29.729057703849783	18.60327531509903	20.089170882277287	31.5784960987739	0.0
48.0	30.41953545001672	18.744909070642805	19.423985458162207	31.411570021178264	0.0
49.0	29.231653047750523	18.55745239095578	19.39173604739897	32.81915851389473	0.0
50.0	29.612224947261907	18.608400363592708	20.0884970929734	31.690877596171983	0.0
51.0	30.32725027442371	19.03471459934138	19.158205268935234	31.47982985729967	0.0
52.0	29.663996706858995	18.798346568787196	19.21427713839768	32.323379585956125	0.0
53.0	31.13295759665783	18.39394017379966	19.68585668819861	30.7872455413439	0.0
54.0	30.36748492050554	18.256698899175454	19.902358664596008	31.473457515723002	0.0
55.0	29.59063725364016	17.92753138218916	18.932276249066902	33.54955511510378	0.0
56.0	29.61637794194617	18.69288784782105	20.437248492024676	31.253485718208108	0.0
57.0	28.505971993410213	18.34929297089511	19.46217737506864	33.68255766062603	0.0
58.0	29.73555052169138	18.188838550247116	19.058038165842945	33.01757276221856	0.0
59.0	29.041641282616716	17.753962056923196	20.97251658186249	32.2318800785976	0.0
60.0	29.442909365507063	18.50876139152522	19.883467485883948	32.16486175708377	0.0
61.0	30.457989719473787	17.628785473393346	19.18631093872017	32.7269138684127	0.0
62.0	29.25234286498919	18.510349799183	19.825100408499534	32.41220692732828	0.0
63.0	29.415601692514997	18.203118965265677	19.781483611270843	32.59979573094848	0.0
64.0	27.97184791005064	18.857608788945154	19.90730409406918	33.263239206935026	0.0
65.0	30.4089602197142	17.576277732480797	21.019611208857228	30.995150838947776	0.0
66.0	30.145158936588462	18.36848566008258	20.348862163391793	31.137493239937164	0.0
67.0	29.020129619296963	17.665135842740032	19.72273488132538	33.591999656637626	0.0
68.0	29.467060419277853	18.26399739024432	20.398159435468642	31.870782755009188	0.0
69.0	29.846159129150784	17.651351258541943	19.716012499570756	32.78647711273651	0.0
70.0	28.200791558993465	18.38614685909048	20.084307042471174	33.32875453944488	0.0
71.0	29.782157142121434	17.588793710195183	21.158566940758416	31.470482206924967	0.0
72.0	29.782157142121434	18.28403687363741	19.770655588553378	32.16315039568778	0.0
73.0	30.348173270939764	17.600137380328853	19.061520628515005	32.990168720216374	0.0
74.0	29.545708226364546	18.181115680836633	20.704577262228785	31.568598830570032	0.0
75.0	30.485186775440106	18.05925289823959	19.628166595105196	31.827393731215114	0.0
76.0	28.759629340180865	18.57764876632801	19.189117235338067	33.47360465815306	0.0
77.0	28.87680786011199	17.970387165481466	22.08165859356213	31.07114638084441	0.0
78.0	29.892373369065716	17.808642770634165	18.654710060899664	33.64427379940045	0.0
79.0	30.54424573519559	17.2877046504836	19.17658781288117	32.99146180143964	0.0
80.0	31.37600178668064	18.06609000403721	19.936091807897473	30.621816401384677	0.0
81.0	30.36834057759376	18.963354922947413	19.250261995979866	31.418042503478965	0.0
82.0	30.215196941712126	18.012112881749065	18.618616038829945	33.15407413770886	0.0
83.0	29.46942492397038	18.545213999759454	20.35961581416127	31.6257452621089	0.0
84.0	31.109106529209622	18.016323024054984	18.894329896907216	31.980240549828174	0.0
85.0	29.980496438666886	17.30060400896992	18.979456821520934	33.73944273084226	0.0
86.0	30.58376724923098	17.64104414772044	19.828667663384373	31.946520939664207	0.0
87.0	29.54773955710615	18.862946954138057	20.05826193811173	31.53105155064406	0.0
88.0	29.688063934003612	17.519120048122367	19.095986938214317	33.69682907965971	0.0
89.0	29.640355777080735	18.842435440209684	20.384136123404804	31.133072659304773	0.0
90.0	30.420322611139277	18.773149540661553	19.048151044576027	31.758376803623143	0.0
91.0	30.080525261900465	18.038689939068934	19.663804883079383	32.21697991595122	0.0
92.0	28.773633551048473	18.740976280508768	20.57150223444483	31.913887933997938	0.0
93.0	30.212451442125886	18.569734263811064	19.472996665406168	31.74481762865688	0.0
94.0	30.100041254125415	17.451354510451043	19.912850660066006	32.53575357535753	0.0
95.0	30.27297418090556	18.315742427888747	20.92859352975556	30.48268986145013	0.0
96.0	29.930037473785543	19.060920686217212	19.30071853405301	31.708323305944237	0.0
97.0	29.920149901584107	18.640571413836675	19.60324213747282	31.8360365471064	0.0
98.0	28.665979026989856	18.330754684545298	21.183599793708098	31.81966649475675	0.0
99.0	29.756378515920503	18.420328725672235	19.399456708617013	32.42383604979025	0.0
100.0	29.96280479404877	18.583826973412314	19.754787160765947	31.69858107177297	0.0
101.0	29.95610668920259	18.638703724463838	20.713503445064376	30.691686141269198	0.0
102.0	30.078175614391224	18.1021897810219	19.935213579233793	31.884421025353088	0.0
103.0	29.627385640714937	17.346258709481976	19.622625178517332	33.40373047128576	0.0
104.0	30.577494949845246	18.04704229992284	19.951795947738486	31.423666802493432	0.0
105.0	30.78426773008054	17.936421056289696	19.407303151145516	31.87200806248425	0.0
106.0	29.279224396017543	17.782670751235813	20.045429227877186	32.892675624869455	0.0
107.0	29.438441345508142	18.209884618403496	20.490480800258148	31.861193235830214	0.0
108.0	29.52321884063035	19.22586393654565	20.127362940703726	31.12355428212027	0.0
109.0	28.845177887055286	18.448453878865305	20.077699805750484	32.62866842832893	0.0
110.0	29.319683769523376	17.55569968622364	21.420933616141077	31.70368292811191	0.0
111.0	28.737347578372592	19.162328484518614	19.73207152952744	32.36825240758135	0.0
112.0	29.27185405414915	17.872913111552872	18.92317435744067	33.93205847685731	0.0
113.0	30.600717300693507	17.616164820542647	20.65720252729532	31.12591535146853	0.0
114.0	29.93676140679373	18.113087562487856	19.255091766617795	32.69505926410062	0.0
115.0	29.4570075673762	17.375757843961587	20.613355755188742	32.55387883347347	0.0
116.0	30.215087143554037	17.92718080624418	20.484278681981465	31.37345336822032	0.0
117.0	30.29907123494645	18.150468826378706	19.67115495711683	31.879304981558015	0.0
118.0	29.84931067649888	18.15841972142068	19.795340386876138	32.1969292152043	0.0
119.0	30.805057147190823	17.55815094709981	19.836900757501404	31.79989114820796	0.0
120.0	29.810726962243738	18.254074689983817	19.92418349739381	32.011014850378636	0.0
121.0	29.79565875639406	17.248515144185546	19.833911150528095	33.1219149488923	0.0
122.0	29.643924638045398	17.731063020043266	20.645549282373956	31.979463059537384	0.0
123.0	28.503701837874797	18.72599202957872	19.568013961731182	33.202292170815305	0.0
124.0	29.001217477566847	17.720160526671776	19.225323533390448	34.053298462370925	0.0
125.0	29.031616443805547	18.23302322637808	20.274485339987525	32.46087498982885	0.0
126.0	29.631073594879094	18.23325143028116	19.806334037518248	32.3293409373215	0.0
127.0	29.70748961165313	17.843406468507624	18.78995080879077	33.659153111048475	0.0
128.0	29.43482224247949	17.56608933454877	21.303555150410208	31.695533272561534	0.0
129.0	30.117057925854173	17.94431295861395	19.198961921906555	32.73966719362532	0.0
130.0	30.157349062133648	17.775498241500586	19.641156213364596	32.42599648300117	0.0
131.0	30.282168493326722	17.815902039617413	20.81290962163353	31.08901984542233	0.0
132.0	30.58674126697832	18.19578900872382	19.074612581440718	32.142857142857146	0.0
133.0	30.097159043726187	17.85493499663219	20.342501776174352	31.70540418346728	0.0
134.0	30.719292729391313	17.354393622727358	20.620711339634155	31.305602308247177	0.0
135.0	29.87864235187228	17.88565124278019	20.592789000862204	31.64291740448532	0.0
136.0	28.523187124982556	18.515279780454904	19.953486208660866	33.00804688590167	0.0
137.0	30.814382097964742	17.864708242737564	23.302320807010013	28.018588852287678	0.0
138.0	30.862533692722373	20.05184935609464	19.773884396525908	29.311732554657084	0.0
139.0	30.492557637225897	18.979198948208666	19.913602854862187	30.614640559703243	0.0
140.0	28.88392941220785	21.460722828031713	20.192289583215626	29.463058176544816	0.0
141.0	31.356532414183864	16.93847679304972	21.17285990839983	30.532130884366588	0.0
142.0	26.53689203647071	19.834499474526364	24.670750527840635	28.957857961162293	0.0
143.0	27.595210740702058	19.195017043458446	19.0022692961384	34.2075029197011	0.0
144.0	27.980760072387845	19.464710924849985	18.686541575388134	33.86798742737403	0.0
145.0	27.106216601183476	19.472884223809114	16.86885198887264	36.55204718613477	0.0
146.0	33.24599541235976	14.126668778132888	20.116514545122993	32.51082126438437	0.0
147.0	34.06485868480462	16.188510691897022	22.46121946729452	27.285411156003835	0.0
148.0	31.93050460303177	16.602557130002275	21.282718112509766	30.184220154456188	0.0
149.0	32.917524141206265	17.272967125745343	23.315920004221415	26.49358872882697	0.0
150.0	27.791666109648013	18.329478764220685	26.105904843388632	27.77295028274267	0.0
