# Position (bp)	A	C	G	T	N
0.0	25.974855896349748	23.54715114867868	24.33016364262365	26.147829312347927	0.0
1.0	25.864700708881028	19.723872993345505	15.849256216062482	38.56217008171098	0.0
2.0	27.919704115183357	19.018970627669663	18.954991935690735	34.10633332145625	0.0
3.0	22.906002297122924	21.981840089644162	15.612479459025977	39.49967815420693	0.0
4.0	33.87531902124025	13.528285871735848	14.855671522262634	37.74072358476126	0.0
5.0	34.78373297511317	15.101225461949214	22.82726859135625	27.28777297158137	0.0
6.0	30.695324460802613	17.553092865998455	21.118173019686477	30.633409653512455	0.0
7.0	34.608058532417814	17.26433501475727	20.042888866508406	28.08471758631651	0.0
8.0	22.510363686493026	26.955358601446356	22.07633003742276	28.45794767463786	0.0
9.0	28.300010666216803	18.437505113265335	15.821709504929165	37.440774715588695	0.0
10.0	26.01984651322773	16.315837966954327	25.74520236805763	31.919113151760314	0.0
11.0	28.058170168945352	17.710338626571026	19.691647459747283	34.539843744736345	0.0
12.0	26.23450084511612	19.21037270771495	21.700081208497238	32.85504523867169	0.0
13.0	26.33798677301617	20.659919446000725	18.76016035900088	34.241933421982225	0.0
14.0	30.701248192365	17.997180233776522	20.736630457237702	30.564941116620776	0.0
15.0	29.956931759049898	17.819022038293905	19.993364020654486	32.23068218200171	0.0
16.0	29.73035996425461	17.687667447135073	18.663761909041057	33.91821067956926	0.0
17.0	30.366675483722556	17.608243944340725	19.639620121682373	32.38546045025435	0.0
18.0	30.553636151807478	17.301373649474517	18.96047348552628	33.184516713191734	0.0
19.0	29.936316823213886	17.955302864119833	19.542206674881722	32.56617363778455	0.0
20.0	29.98470417260826	17.38370214322708	20.052531336496216	32.57906234766844	0.0
21.0	29.020168424725778	18.057852544933954	19.73623732096134	33.18574170937893	0.0
22.0	29.759637373128676	18.73130294881957	22.522762397902035	28.986297280149714	0.0
23.0	29.554363012045126	20.097663696021748	21.413598350175135	28.934374941757994	0.0
24.0	31.539311833891915	19.550352899526597	18.578055925800932	30.33227934078055	0.0
25.0	28.729818078441234	21.080793136031364	19.462774422114613	30.726614363412796	0.0
26.0	32.02884656021508	16.61754577788877	21.513199290167208	29.840408371728945	0.0
27.0	26.164343563480656	20.698664325407286	25.297107512752863	27.839884598359188	0.0
28.0	25.97271040993885	19.448599466234164	18.555017247508818	36.02367287631817	0.0
29.0	27.667562634711302	19.68208373951436	17.603186460082142	35.047167165692194	0.0
30.0	26.412907835303244	19.196503908775515	16.885436825114347	37.50515143080689	0.0
31.0	33.888501252613906	14.28490438706254	17.86749987631439	33.959094484009164	0.0
32.0	34.326113873666486	15.606333260568192	22.296148928509666	27.771403937255656	0.0
33.0	30.81091470148458	18.070984613076327	20.843732760092344	30.274367925346745	0.0
34.0	33.477722856344926	16.316488352608665	21.293050729794764	28.91273806125164	0.0
35.0	25.713425593232746	20.532023288577868	25.180625421123164	28.573925697066223	0.0
