# Position (bp)	A	C	G	T	N
0.0	29.33911432143853	25.241749048745604	26.849211560776837	18.56992506903903	0.0
1.0	38.111343989781325	22.651098777536905	12.370355045021544	26.867202187660226	0.0
2.0	39.01013425413868	22.65684714091739	17.006123715233752	21.32689488971018	0.0
3.0	23.84681784667398	27.713237542036072	17.620982969769994	30.818961641519955	0.0
4.0	37.05787203450755	18.089503953989936	14.322429906542055	30.53019410496046	0.0
5.0	40.99711541053729	19.01312892587234	21.606563564310168	18.3831920992802	0.0
6.0	38.05168200115009	21.34488211615871	20.821952271420358	19.781483611270843	0.0
7.0	39.04992093156987	23.74299166187464	17.66730161012076	19.53978579643473	0.0
8.0	24.6073533640023	32.90684301322599	18.55502443933295	23.93077918343876	0.0
9.0	33.06947239792984	23.18232461184589	16.27012650948821	27.478076480736057	0.0
10.0	30.851063829787233	20.01779039677976	27.074647786083954	22.05649798734905	0.0
11.0	37.455074755606674	16.0257331799885	19.25585825186889	27.26333381253594	0.0
12.0	24.77357676825762	29.33708309373203	19.81922081656124	26.07011932144911	0.0
13.0	26.755678550891314	29.646168775158138	20.7240152386429	22.87413743530765	0.0
14.0	30.90946664749856	26.566992524439332	19.155225704427835	23.36831512363427	0.0
15.0	32.604046866014954	19.122879528464633	24.627120471535367	23.64595313398505	0.0
16.0	27.08722685451409	22.250575043128233	24.020629672225414	26.641568430132264	0.0
17.0	33.40641173087982	17.5478004600345	21.03669493962047	28.009092869465206	0.0
18.0	34.08927544565842	19.802149223691774	23.8112780333525	22.2972972972973	0.0
19.0	33.88890885566418	29.251725129384702	21.0977932719954	15.761572742955721	0.0
20.0	32.14491086831512	15.220672800460033	19.98634272570443	32.64807360552041	0.0
21.0	29.47724985623922	17.77242668200115	24.38901667625072	28.361306785508912	0.0
22.0	35.939297009775736	14.908891604370329	24.50761932144911	24.64419206440483	0.0
23.0	25.132978723404253	25.154542840713052	22.226315411155838	27.486163024726856	0.0
24.0	30.311062392179412	22.60009344450834	21.987313110983322	25.101531052328923	0.0
25.0	26.573282058654403	23.39077774583094	19.887507188039102	30.14843300747556	0.0
26.0	31.793595457159284	20.342150661299595	25.717905405405407	22.14634847613571	0.0
27.0	30.268832662449686	21.27210322024152	25.820334962622198	22.6387291546866	0.0
28.0	24.72595600920069	27.301071017826338	20.161551178838412	27.81142179413456	0.0
29.0	29.038779470960325	26.18512794709603	18.70777027027027	26.068322311673377	0.0
30.0	29.164752200509923	26.398911682297722	14.256241159670981	30.180094957521376	0.0
31.0	40.51584829690618	23.89477200299723	17.066146665583332	18.523233034513268	0.0
32.0	33.66240330160808	23.97847409710291	24.48026034706882	17.878862254220184	0.0
33.0	40.407108658004645	19.471018049471667	22.977190431650012	17.144682860873672	0.0
34.0	32.56915787864894	23.171837587243367	24.28549594987009	19.973508584237607	0.0
35.0	29.55736023725713	26.54729898278777	25.442778347515176	18.452562432439922	0.0
