# Position (bp)	A	C	G	T	N
0.0	26.681047113784295	24.24802480994842	23.882799921705196	25.18778872622729	3.394283347985323E-4
1.0	27.118570507415306	20.083160106596445	15.558222220218154	37.23993443687407	1.1272889602337546E-4
2.0	28.02476159134164	20.04193948202381	17.96052140188391	33.9722720944638	5.054302868429196E-4
3.0	23.566350697629616	22.440521992945857	15.459409571364088	38.5318696384109	0.0018480996495331028
4.0	34.489829881863336	13.545786473871324	14.589157607511961	37.373662348280334	0.0015636884730470368
5.0	36.04719717984925	15.03315103699386	22.815648136487095	26.099824242106777	0.004179404563018177
6.0	32.81391952600175	17.51123103242048	20.159835324552496	29.51473594903963	2.7816798564653196E-4
7.0	35.925292093507714	16.569001098841856	20.307342231154752	27.197753182444988	6.113940506912366E-4
8.0	22.86259548344491	27.112493980648093	22.720630422623767	27.304113487624992	1.666256582407774E-4
9.0	28.53223251326901	18.221092094322383	16.264239000958057	36.98154827522278	8.881162277707284E-4
10.0	26.34730671803174	17.109638606352654	25.504321167786024	31.036902739605953	0.0018307682236333314
11.0	28.15254535201771	18.691513127507967	20.165256170907394	32.99062990191865	5.5447648271170055E-5
12.0	26.161461603643037	19.744029828826736	21.674889951336407	32.419618616193816	0.0
13.0	27.22052703654953	21.54697326260088	18.734017612203562	32.49831589397223	1.6619467379309428E-4
14.0	31.57421810945803	17.974397156519927	20.830508023878853	29.6207105154694	1.6619467379309428E-4
15.0	29.523542029525036	19.00391776244355	19.9580967829143	31.51400023932033	4.4318579678158474E-4
16.0	30.4196637106174	17.448391013964784	19.48444196260398	32.64706012701705	4.4318579678158474E-4
17.0	30.030768173941564	18.221971822247042	20.56625849254783	31.180502927242188	4.985840213792828E-4
18.0	30.912264723740137	18.292604558609106	18.520235863481048	32.27483945594511	5.539822459769809E-5
19.0	30.414400879280624	18.315816414715542	19.953720323171083	31.315785391709767	2.7699112298849046E-4
20.0	30.062566754860644	18.15100669653739	19.597398942558687	32.18830742912351	7.201769197700752E-4
21.0	30.115859846923627	17.4888871161457	19.53618390437823	32.85834895563267	7.201769197700752E-4
22.0	28.468205850938887	19.174876683552043	19.92651979489361	32.43034227239085	5.539822459769809E-5
23.0	29.725800947531233	17.666216833082935	20.53612185836668	32.0706969983026	0.00116336271655166
24.0	30.895700654585422	18.058657856133024	18.906029099579417	32.139390796803745	2.2159289839079237E-4
25.0	29.514512118915615	18.283740842673474	19.355142506392955	32.84643833734416	1.6619467379309428E-4
26.0	31.62086341456929	18.019491311342453	20.089556769884638	30.269479123733046	6.09380470574679E-4
27.0	28.935489875420473	18.20297023121003	20.53695283173565	32.32431007051086	2.7699112298849046E-4
28.0	30.336843364843848	18.056054139576936	19.90823838077637	31.698310132556873	5.539822459769809E-4
29.0	29.159647246069632	18.39194376412309	19.95140465046194	32.49656115330304	4.431860422987838E-4
30.0	29.900048972790188	18.4362057389019	19.68069076009759	31.98194654653191	0.0011079816784149658
31.0	30.44601915618177	18.240698216178213	19.591735884240773	31.719552346546397	0.0019943968528417662
32.0	28.766914585670563	18.507444495228597	19.90360244317946	32.821539867868864	4.986080525200482E-4
33.0	29.268488616828137	18.582827928591257	19.934692122777477	32.213880527803774	1.1080399935955289E-4
34.0	29.72474939568528	17.96561320422818	19.829445570676427	32.47897295030242	0.0012188791076918474
35.0	29.80202856873206	17.654488222198783	19.970798381142192	32.57207414768469	6.106802422735071E-4
36.0	30.82440899395663	17.296036260220404	19.421269552079632	32.457951919658726	3.3327408460718096E-4
37.0	29.062455365801743	18.976696571926848	19.29131035724587	32.668926372815946	6.113322095935808E-4
38.0	30.323843252102336	18.477712592520092	19.51757471541157	31.68059137222537	2.780677406384324E-4
39.0	29.400965231293007	18.54854471920924	20.226089309787792	31.823732528361397	6.682113485674383E-4
40.0	29.509795978801684	19.157654775906334	20.042966534712658	31.287794766352008	0.001787944227314759
41.0	29.67593595006322	18.394836245900958	20.594435288719463	31.333726736574274	0.0010657787420893976
42.0	28.91815442626879	18.6294256641414	20.119275751069942	32.33269418869597	4.499698238986848E-4
43.0	28.980791559107665	18.501707792720183	20.79454633585463	31.722559772745207	3.945395723191036E-4
44.0	29.317988165880944	18.8007098890389	20.311680362465776	31.569452184975443	1.6939763893570852E-4
45.0	29.074815864759724	18.589316479580813	19.844580920523487	32.49072112235675	5.656127792288888E-4
46.0	30.13522040007658	17.540930310008935	19.65085338266229	32.67276935049576	2.2655675643222953E-4
47.0	29.14956776664786	18.111045270383297	20.108533241849376	32.6305134915212	3.402295982739018E-4
48.0	29.669811909841155	17.95763174655796	19.502702653607344	32.86905895883406	7.947311594787017E-4
49.0	29.52041706027526	17.61888684648185	20.219374977974972	32.641150598910286	1.7051635763418784E-4
50.0	29.682646752518703	18.758218118258867	19.84471886914135	31.71367563243904	7.406276420466846E-4
51.0	30.158660268257425	18.43789456348698	19.433852860985564	31.968734560559202	8.577467108272795E-4
52.0	29.93794070170018	17.873158305477375	20.022751821954646	32.16580462030815	3.4455055963624647E-4
53.0	31.233147131416196	17.390171329209565	19.689569944485346	31.687111594888894	0.0
54.0	29.95709430805315	18.264251852246126	19.574044139172734	32.20379972252468	8.099780033116529E-4
55.0	28.895550628576732	18.571337365201344	18.432795106039677	34.100084738876575	2.3216130567518312E-4
56.0	29.26117020471774	18.42442180536626	20.48888304354253	31.82540855673355	1.1638963992537097E-4
57.0	27.89979729934618	18.51422053551227	20.20895195131452	33.37679695645785	2.3325736918343592E-4
58.0	30.726516502548833	17.9606771642869	22.486694885740796	28.82587771682603	2.3373059743878012E-4
59.0	29.725723756064852	20.007554528764306	21.30119437685386	28.965468776078495	5.856223848300377E-5
60.0	30.930749562895976	19.2355732172736	19.981058825741197	29.8523246413867	2.9375270252486325E-4
61.0	29.42743841737005	20.80522148987266	19.84220409434256	29.92283593849522	0.0023000599195096977
62.0	30.675728399424607	16.201246838137546	22.101967025317432	31.02046479526311	5.929418573073561E-4
63.0	26.450130548302873	20.06654233494965	25.94667661320403	27.536590824319283	5.967922417008579E-5
64.0	26.364633243843283	19.394432650484035	18.57629792084182	35.664096003437955	5.401813929117397E-4
65.0	27.38018125917962	19.36224248018289	18.918843867546663	34.33764577974468	0.001086613346147322
66.0	26.50875969853021	19.40531255252391	17.22875212598578	36.853352944281724	0.003822678678372558
67.0	32.96871045353223	14.140642867380016	18.2546037806042	34.63390834215108	0.002134556332466297
68.0	34.120425029515935	15.264901685653708	23.076086217447475	27.53642359544311	0.002163471939768941
69.0	31.88264006106673	17.035063409858584	20.598638646969654	30.483215186238986	4.426958660427606E-4
70.0	32.86864311546084	16.039746916481075	22.214617003452997	28.87665243242139	3.405321836966812E-4
71.0	25.306470974687766	20.05914442659659	25.971695290115537	28.662345345665553	3.4396293455417245E-4
