# Position (bp)	A	C	G	T	N
0.0	48.28049158318703	13.673448311473718	18.25880408964164	19.787256015697615	0.0
1.0	19.124328789756298	51.37339942172656	15.90251961999174	13.599752168525402	0.0
2.0	20.123393316195372	44.44215938303342	10.745501285347043	24.688946015424165	0.0
3.0	51.35467980295566	11.689244663382595	18.041871921182263	18.914203612479476	0.0
4.0	49.75909789851358	15.099948744233727	12.895950794464378	22.24500256278831	0.0
5.0	16.164720344191764	42.63470600286826	12.692071296865395	28.508502356074576	0.0
6.0	17.666939778779188	47.38836542400656	14.737812371978698	20.20688242523556	0.0
7.0	51.95496417604913	12.507676560900716	19.1914022517912	16.345957011258953	0.0
8.0	48.952049892649015	19.558327369389634	15.21316838769042	16.27645435027093	0.0
9.0	19.36241953611934	43.76213344232145	14.192295902728109	22.683151118831102	0.0
10.0	22.187053297937513	13.447008372472943	13.722687359607924	50.64325096998162	0.0
11.0	19.335778321108393	16.310105949470252	10.798696006519966	53.55541972290139	0.0
12.0	23.31711273317113	11.324006488240066	12.905515004055152	52.45336577453366	0.0
13.0	22.673948220064723	42.02063106796117	11.90331715210356	23.40210355987055	0.0
14.0	20.231738035264485	13.944584382871536	46.51889168765743	19.30478589420655	0.0
15.0	51.79805669638385	15.646599218671742	14.554743063207454	18.000601021736955	0.0
16.0	19.344196740977708	15.375387383784863	16.02519244226732	49.255223432970105	0.0
17.0	27.02299193789191	41.534786503433864	12.332039414750671	19.11018214392356	0.0
18.0	20.40309769658459	12.063145353455123	14.247418586179508	53.286338363780786	0.0
19.0	20.73883331682678	49.61869862335347	12.67703278201446	16.965435277805287	0.0
20.0	22.610584518167457	15.659557661927332	11.048578199052132	50.68127962085308	0.0
21.0	18.71736774702	17.5253669589203	14.56014185794503	49.19712343611467	0.0
22.0	16.789468513606444	12.624029865409176	41.71333136850378	28.873170252480595	0.0
23.0	18.86162904808636	19.28361138370952	12.54170755642787	49.31305201177626	0.0
24.0	50.50425927739156	15.705473416234211	13.424067365122882	20.366199941251345	0.0
25.0	22.28414979955021	16.339102376063362	40.51041361102963	20.8663342133568	0.0
26.0	54.55167024809533	13.342449697206485	13.235006837272905	18.87087321742528	0.0
27.0	18.249243681077388	20.22055235678735	13.457597345564556	48.0726066165707	0.0
28.0	18.15702318332359	46.05493863237873	9.497369959088251	26.29066822520943	0.0
29.0	23.88321167883212	11.523114355231144	15.328467153284672	49.26520681265207	0.0
30.0	24.5397571484528	17.117117117117118	39.54171562867215	18.80141010575793	0.0
31.0	20.984863377236092	18.409671712207587	11.73579712993906	48.86966778061726	0.0
32.0	24.874098943418584	11.227411869260392	12.392613804680556	51.50587538264047	0.0
33.0	22.364502680166765	41.483025610482436	17.014095691880087	19.13837601747072	0.0
34.0	25.64665934285429	14.90062918206332	12.873264755817438	46.57944671926496	0.0
35.0	19.96178600160901	42.09573612228479	14.672164119066775	23.27031375703942	0.0
36.0	22.44280963418321	17.152070946286404	11.700090698377506	48.70502872115288	0.0
37.0	47.0242914979757	18.967611336032387	12.165991902834008	21.842105263157897	0.0
38.0	49.58341800447064	16.25685836212152	10.475513107092056	23.684210526315788	0.0
39.0	50.505876341338784	14.001021972406747	13.265201839550333	22.227899846704137	0.0
40.0	18.842105263157894	44.07368421052632	13.74736842105263	23.33684210526316	0.0
41.0	17.825989711473945	13.207336166405724	49.698054126593604	19.268619995526727	0.0
42.0	53.79162916291629	13.816381638163817	12.488748874887488	19.903240324032403	0.0
43.0	54.022858436120856	14.790087133642638	12.662668326355098	18.524386103881408	0.0
44.0	21.629915889974992	46.885655830870654	11.423050693339395	20.061377585814956	0.0
45.0	30.951683748169838	15.754026354319182	13.879941434846266	39.41434846266472	0.0
46.0	28.221629257573376	16.732067179406688	19.824203421754827	35.22210014126511	0.0
47.0	31.77618069815195	20.465434633812457	18.668720054757017	29.089664613278575	0.0
48.0	26.74939675973802	21.596001378834885	18.665977249224404	32.988624612202685	0.0
49.0	26.053772766695577	18.8031222896791	21.075455333911535	34.06764960971379	0.0
50.0	25.853064066852365	25.087047353760443	18.57590529247911	30.483983286908078	0.0
51.0	28.613982828105833	17.592430348694585	18.99421762747503	34.79936919572455	0.0
52.0	27.679830747531735	18.30042313117066	20.521861777150914	33.497884344146684	0.0
53.0	31.66874000355429	20.401634974231385	21.41460813932824	26.515016882886083	0.0
54.0	27.864723871199853	23.961144090663787	17.10739341608203	31.066738622054324	0.0
55.0	33.61085972850679	17.484162895927604	19.20361990950226	29.70135746606335	0.0
56.0	27.65682656826568	20.84870848708487	20.44280442804428	31.051660516605168	0.0
57.0	31.224260576563083	19.243728940471733	19.00037439161363	30.531636091351555	0.0
58.0	28.614514608859565	20.754005655042413	20.05655042412818	30.57492931196984	0.0
59.0	25.530705079605763	24.715693707354056	20.14783927217589	29.60576194086429	0.0
60.0	28.17331551822867	19.12578736400076	19.679328116052684	33.021569001717886	0.0
61.0	29.86789201608271	19.20352287957113	22.037143404173847	28.891441700172315	0.0
62.0	31.19830736680131	21.427197537988075	21.196383919984612	26.178111175226004	0.0
63.0	33.27539590575512	19.138663576670528	19.29316338354577	28.292777134028587	0.0
64.0	30.535679752465672	19.764068845484434	21.11777219106556	28.582479210984335	0.0
65.0	30.763255000971064	20.23693921149738	19.7125655467081	29.287240240823458	0.0
66.0	29.081334113516675	17.71016188804369	21.611078603471817	31.597425394967814	0.0
67.0	28.599335807774956	17.24946278570033	21.64485251025591	32.506348896268804	0.0
68.0	27.354611317799097	20.30546308987664	18.543176032896024	33.796749559428235	0.0
69.0	28.95357985837923	17.820613690007868	23.01337529504327	30.21243115656963	0.0
70.0	27.83628054838069	21.974965229485395	19.252930657659448	30.935823564474468	0.0
71.0	28.48895082619948	19.888512840931714	19.430619151901254	32.19191718096755	0.0
72.0	27.167630057803464	19.035280047837354	19.67311142116803	34.12397847319115	0.0
73.0	27.00540108021604	21.064212842568512	20.60412082416483	31.32626525305061	0.0
74.0	32.512019230769226	17.247596153846153	20.853365384615387	29.38701923076923	0.0
75.0	29.054325955734406	19.93963782696177	22.45472837022133	28.551307847082498	0.0
76.0	28.47054075867635	21.58999192897498	17.050040355125102	32.88942695722356	0.0
77.0	29.349807575450676	19.019647559246504	19.24245493214503	32.38808993315779	0.0
78.0	30.853658536585364	19.0650406504065	18.252032520325205	31.829268292682926	0.0
79.0	27.00715015321757	23.84065372829418	19.468845760980592	29.68335035750766	0.0
80.0	29.578041786153214	20.872593199508398	20.688242523555918	28.861122490782464	0.0
81.0	26.200246204349607	18.8346327451785	17.911366434140337	37.05375461633156	0.0
82.0	30.1685162351007	18.557336621454994	22.277024249897245	28.99712289354706	0.0
83.0	31.096933525416752	19.633669479316733	19.715990944638815	29.5534060506277	0.0
84.0	29.785478547854787	18.894389438943897	20.09075907590759	31.229372937293732	0.0
85.0	32.457048230180085	17.9051956116746	20.865245290830057	28.772510867315255	0.0
86.0	28.941371452247772	19.225191630412265	24.19722394862233	27.636212968717626	0.0
87.0	32.15840763010574	18.61911673232428	19.386274103255236	29.836201534314743	0.0
88.0	33.43736995422389	19.80857261756138	17.64461090303787	29.109446525176864	0.0
89.0	31.117132138390996	18.757815756565236	17.111296373488955	33.01375573155482	0.0
90.0	30.867293625914314	17.55485893416928	19.644723092998955	31.933124346917452	0.0
91.0	31.401673640167367	21.86192468619247	16.757322175732217	29.97907949790795	0.0
92.0	28.532494758909856	19.81132075471698	18.88888888888889	32.76729559748428	0.0
93.0	33.0033698399326	17.481044650379108	20.28222409435552	29.23336141533277	0.0
94.0	28.303081468974252	17.665681722245672	19.734065006331786	34.29717180244829	0.0
95.0	30.456852791878177	18.57021996615905	19.35279187817259	31.620135363790187	0.0
96.0	27.053344623200676	18.077900084674006	20.40643522438611	34.462320067739206	0.0
97.0	30.903294367693945	18.703506907545165	18.703506907545165	31.689691817215724	0.0
98.0	29.87622705932565	22.151088348271447	17.648314127187366	30.324370465215534	0.0
99.0	30.376229157759727	20.307823856348868	18.875587858059	30.440359127832405	0.0
100.0	33.977248336552904	14.595406739643701	19.83258209916291	31.594762824640483	0.0
101.0	31.04342190537913	20.760423417584793	18.36249729963275	29.833657377403327	0.0
102.0	32.22584147665581	15.765472312703583	19.413680781758956	32.59500542888165	0.0
103.0	27.637314734088932	18.635571054925894	21.36006974716652	32.36704446381866	0.0
104.0	28.44638949671772	19.102844638949673	21.575492341356675	30.87527352297593	0.0
105.0	28.643657946801493	20.90569355902396	19.081116728951418	31.369531765223122	0.0
106.0	29.675425038639876	17.70810333406933	20.644733936851402	31.97173769043939	0.0
107.0	31.175166297117517	19.06873614190687	18.44789356984479	31.308203991130824	0.0
108.0	33.370535714285715	18.90625	16.450892857142858	31.27232142857143	0.0
109.0	29.33542179458492	20.272991720742894	20.093980756321326	30.297605728350863	0.0
110.0	27.252302853291393	21.118849696697374	19.5461694001348	32.082678049876435	0.0
111.0	28.9995493465525	19.265434880576837	20.054078413699862	31.680937359170798	0.0
112.0	25.305291723202174	19.696969696969695	22.048846675712348	32.94889190411578	0.0
113.0	29.793510324483773	19.71862945314273	19.037894259133196	31.449965963240302	0.0
114.0	29.75376196990424	17.533059735522116	20.74783401732786	31.965344277245784	0.0
115.0	28.698833752572604	18.911502401097643	21.038188886348046	31.351474959981708	0.0
116.0	29.08631772268136	20.385674931129476	19.077134986225897	31.450872359963267	0.0
117.0	32.680792261630586	18.793182865039153	18.470750806080147	30.055274067250114	0.0
118.0	29.470275271801988	15.637288919731668	20.63381910710155	34.258616701364794	0.0
119.0	23.00185873605948	22.0724907063197	28.20631970260223	26.719330855018587	0.0
120.0	26.63867506414742	22.64987170515512	21.67016561698157	29.041287613715884	0.0
121.0	29.866479269149682	20.028109627547437	16.959475286952447	33.14593581635044	0.0
122.0	28.941176470588236	19.152941176470588	22.235294117647058	29.670588235294115	0.0
123.0	32.01702530148972	20.47765429179475	17.143532750059116	30.361787656656418	0.0
124.0	31.47883975273419	19.947693770803614	19.591060389919164	28.982406086543033	0.0
125.0	29.656160458452725	19.078319006685767	22.7316141356256	28.533906399235914	0.0
126.0	32.75779376498801	18.896882494004796	18.27338129496403	30.071942446043167	0.0
127.0	27.397590361445783	19.590361445783135	24.481927710843372	28.53012048192771	0.0
128.0	29.806763285024157	19.613526570048307	19.92753623188406	30.65217391304348	0.0
129.0	30.954115076474874	19.956300072833212	17.55280407865987	31.536780772032046	0.0
130.0	28.40742550073278	19.809477283829995	19.565217391304348	32.21787982413288	0.0
131.0	30.84089237558225	19.735229222848737	20.12748222603579	29.296396175533218	0.0
132.0	28.212083847102342	20.739827373612822	20.29593094944513	30.752157829839703	0.0
133.0	30.054509415262636	21.060455896927653	20.54013875123885	28.344895936570865	0.0
134.0	25.710014947683106	22.57100149476831	20.27902341803687	31.439960139511708	0.0
135.0	27.183734939759034	17.16867469879518	18.097389558232933	37.55020080321285	0.0
136.0	26.979324256177513	20.600100857286936	20.37317196167423	32.04740292486132	0.0
137.0	29.186724094248795	17.278946034963262	20.065872814796048	33.46845705599189	0.0
138.0	31.77427554651754	17.15810879511947	20.488052872394512	30.579562785968477	0.0
139.0	28.812260536398465	18.697318007662837	22.298850574712645	30.191570881226053	0.0
140.0	28.898610396294387	19.428718476582603	19.53165208440556	32.141019042717446	0.0
141.0	30.618050168088956	18.929402637703646	19.5500387897595	30.902508404447893	0.0
142.0	30.135205408216333	15.18460738429537	19.65678627145086	35.02340093603744	0.0
143.0	31.787211740041926	20.09958071278826	18.60587002096436	29.50733752620545	0.0
144.0	28.62796833773087	16.83377308707124	17.941952506596305	36.59630606860158	0.0
145.0	27.874933757286698	19.130895601483836	18.892421833598306	34.10174880763116	0.0
146.0	30.074786324786324	20.673076923076923	18.7767094017094	30.475427350427353	0.0
147.0	29.416509814466252	17.80048400107556	18.096262436138748	34.686743748319444	0.0
148.0	24.735270160195494	23.459136573445562	20.906869399945695	30.898723866413253	0.0
149.0	28.942333971030337	19.78682700191309	19.650177644165073	31.6206613828915	0.0
150.0	28.689200329760922	19.950535861500413	17.06512778235779	34.295136026380874	0.0
151.0	29.028697571743926	19.398454746136863	19.757174392935983	31.815673289183223	0.0
152.0	27.95100222717149	21.88195991091314	18.457683741648108	31.709354120267257	0.0
153.0	32.324929971988794	19.80392156862745	18.123249299719888	29.747899159663866	0.0
154.0	32.412626832018034	15.44532130777903	20.603156708004512	31.53889515219842	0.0
155.0	28.69269949066214	22.12790039615167	18.61912846632711	30.560271646859082	0.0
156.0	32.55549231644849	15.39556061468412	17.700626067159934	34.348321001707454	0.0
157.0	28.842286699224363	17.810973858086758	20.281528296466533	33.06521114622235	0.0
158.0	28.21107567410844	24.035952449985505	16.410553783705424	31.342418092200635	0.0
159.0	34.26900584795322	14.590643274853802	20.46783625730994	30.67251461988304	0.0
160.0	26.889020070838253	21.635182998819364	22.195985832349468	29.279811097992912	0.0
161.0	28.86966895317626	18.938264240978228	21.920668058455114	30.2713987473904	0.0
162.0	29.13528171135884	18.318770714070503	18.74058451340765	33.805363061163	0.0
163.0	29.392097264437687	19.48328267477204	16.35258358662614	34.77203647416414	0.0
164.0	30.08552229688454	15.821624923640806	22.26634086744044	31.82651191203421	0.0
165.0	29.7239263803681	17.300613496932517	22.36196319018405	30.61349693251534	0.0
166.0	27.368096266584384	21.382289416846653	20.394939833384758	30.8546744831842	0.0
167.0	27.24159402241594	19.987546699875466	22.91407222914072	29.856787048567874	0.0
168.0	28.07788944723618	20.16331658291457	17.6821608040201	34.07663316582914	0.0
169.0	29.48270390352269	18.08949539828626	20.27927642018407	32.14852427800699	0.0
170.0	29.737516005121638	17.95774647887324	18.758002560819463	33.546734955185656	0.0
171.0	30.58064516129032	19.58064516129032	16.870967741935484	32.96774193548387	0.0
172.0	33.86312033733377	19.948102497567305	16.315277327278626	29.873499837820304	0.0
173.0	29.006882989183875	17.731891183218618	20.22287774500164	33.03834808259587	0.0
174.0	27.92315336204041	21.13282543888705	17.555481947664788	33.38853925140775	0.0
175.0	24.36582109479306	19.359145527369826	22.696929238985312	33.5781041388518	0.0
176.0	25.935919055649244	22.596964586846543	20.53962900505902	30.927487352445194	0.0
177.0	31.33265513733469	21.46490335707019	18.78602916242794	28.416412343167174	0.0
178.0	30.635245901639347	20.01366120218579	19.22814207650273	30.122950819672127	0.0
179.0	24.89655172413793	19.551724137931036	27.0	28.551724137931032	0.0
180.0	31.239092495637	16.858638743455497	20.24432809773124	31.657940663176266	0.0
181.0	29.119718309859156	19.8943661971831	19.295774647887324	31.690140845070424	0.0
182.0	34.0772228126107	17.534537725823593	19.16400991852639	29.22422954303932	0.0
183.0	27.445360085990682	21.7484772482981	21.139376567538516	29.666786098172697	0.0
184.0	28.576615831517792	19.208424110384893	19.862018881626724	32.35294117647059	0.0
185.0	26.696002933626694	23.615694902823616	22.112211221122113	27.576090942427577	0.0
186.0	31.764269829503334	16.160118606375093	21.868050407709415	30.207561156412154	0.0
187.0	31.19163242435562	20.24654463952185	17.407545760179303	31.154277175943218	0.0
188.0	28.657389996239186	20.534035351635954	21.022940955246334	29.785633696878527	0.0
189.0	28.984404716622294	20.311905667554203	19.05667554203119	31.647014073792317	0.0
190.0	29.71098265895954	19.30635838150289	20.192678227360307	30.789980732177263	0.0
191.0	27.333073018352206	22.49121436938696	19.328387348691916	30.84732526356892	0.0
192.0	31.425187524674296	19.976312672720095	19.38412949072246	29.214370311883144	0.0
193.0	28.742994395516412	17.65412329863891	23.859087269815856	29.743795036028825	0.0
194.0	26.60178426601784	21.57339821573398	23.844282238442823	27.980535279805352	0.0
195.0	27.440525020508616	21.24692370795734	19.07301066447908	32.23954060705496	0.0
196.0	29.057700290577003	19.842258198422584	20.17434620174346	30.92569530925695	0.0
197.0	26.644182124789207	20.236087689713322	22.17537942664418	30.94435075885329	0.0
198.0	25.62988705473501	24.456993918331886	19.33101650738488	30.582102519548222	0.0
199.0	28.36976320582878	23.31511839708561	18.123861566484518	30.191256830601095	0.0
200.0	27.477713686418458	14.57787100157315	22.60094389092816	35.34347142108023	0.0
201.0	32.150313152400834	18.928322894919972	17.32776617954071	31.593597773138484	0.0
202.0	39.647887323943664	16.830985915492956	15.422535211267604	28.098591549295776	0.0
203.0	30.206112295664532	19.402985074626866	22.24591329068941	28.14498933901919	0.0
204.0	32.42271746944645	17.038102084831056	24.73040977713875	25.80877066858375	0.0
205.0	34.78893740902475	15.211062590975255	26.200873362445414	23.799126637554586	0.0
206.0	26.529108327192336	19.82313927781872	25.128960943257184	28.51879145173176	0.0
207.0	28.315946348733235	24.739195230998508	15.27570789865872	31.66915052160954	0.0
208.0	30.007558578987148	19.349962207105065	17.157974300831444	33.48450491307634	0.0
209.0	22.290076335877863	23.51145038167939	20.53435114503817	33.664122137404576	0.0
210.0	23.74323279195669	21.191028615622585	16.473317865429234	38.59242072699149	0.0
211.0	30.19607843137255	19.686274509803923	18.11764705882353	32.0	0.0
212.0	26.22820919175911	19.809825673534075	21.870047543581617	32.091917591125195	0.0
213.0	24.620303756994407	22.142286171063148	17.026378896882495	36.21103117505996	0.0
214.0	27.221324717285945	27.867528271405494	18.093699515347332	26.81744749596123	0.0
215.0	30.592105263157894	22.94407894736842	16.282894736842106	30.180921052631575	0.0
216.0	29.288702928870293	16.401673640167363	19.665271966527197	34.64435146443515	0.0
217.0	25.04258943781942	21.12436115843271	25.63884156729131	28.19420783645656	0.0
218.0	24.714160070360595	19.96481970096746	19.876868953386104	35.44415127528584	0.0
219.0	19.423076923076923	22.403846153846153	23.46153846153846	34.71153846153846	0.0
220.0	0.0	27.987897125567322	23.600605143721634	48.41149773071105	0.0
