# Position (bp)	A	C	G	T	N
0.0	25.914449068029633	24.097807555643616	23.872930395532947	26.114812980793804	0.0
1.0	26.197019225274936	19.938760063511506	15.368279657087689	38.49594105412587	0.0
2.0	28.664683963955497	18.836358546471864	18.436634996239132	34.06232249333351	0.0
3.0	22.787794568023788	22.38516196560526	15.163164287072448	39.663879179298505	0.0
4.0	34.033440180334935	13.307541085502898	14.58483655942215	38.07418217474002	0.0
5.0	34.882659277376035	14.877311236126259	22.985887314120937	27.254142172376767	0.0
6.0	30.69920523871947	17.417798718023356	20.868706801542547	31.014289241714625	0.0
7.0	34.58287579521296	17.22395646177658	19.930812206280603	28.262355536729856	0.0
8.0	22.136199479259723	27.090940845590673	22.57022666455212	28.202633010597488	0.0
9.0	27.69274316101795	18.436323742263674	15.701062157599216	38.16987093911916	0.0
10.0	25.923199842613577	16.400377807711532	25.348468393233187	32.327953956441704	0.0
11.0	27.879619462115844	17.8993329144392	19.464765717061773	34.75628190638319	0.0
12.0	26.044692524345713	19.498541565874447	21.289625143283875	33.16714076649596	0.0
13.0	26.15365853168907	20.746892923031215	18.643134318470622	34.45631422680909	0.0
14.0	30.51052220573858	18.226873330027683	20.637756279898902	30.62484818433483	0.0
15.0	29.67607304817751	18.345886774120373	19.896082804529676	32.08195737317244	0.0
16.0	29.50384131273124	17.61632843976657	18.636148288523035	34.24368195897915	0.0
17.0	30.047747908707844	17.952541168393434	19.731288782001737	32.26842214089698	0.0
18.0	30.450297809638716	17.625613034165298	18.755091470820275	33.168997685375714	0.0
19.0	29.547915533276992	18.226491908852385	19.855391187564866	32.37020137030576	0.0
20.0	29.662000614288843	17.673471354265995	19.820290402037994	32.84423762940717	0.0
21.0	28.842135797983286	18.363171175801035	19.61603936266529	33.17865366355039	0.0
22.0	29.64950405209812	18.795492003203936	22.330081885103898	29.22492205959405	0.0
23.0	29.640540654478585	20.317342417848906	21.017169975328073	29.02494695234444	0.0
24.0	32.16616111631941	19.41979816797387	18.29587041315943	30.11817030254729	0.0
25.0	29.198162352927003	21.11322788710736	19.275631001110135	30.4129787588555	0.0
26.0	32.11846339460831	16.57031097870666	21.64930531159099	29.661920315094044	0.0
27.0	26.189793169348995	21.138502058670607	24.92550242202446	27.746202349955933	0.0
28.0	26.247628664403567	19.68852946077083	18.298941857360525	35.764900017465074	0.0
29.0	27.933279399040828	19.718611546622718	17.28321726753885	35.06489178679761	0.0
30.0	26.385840589096738	19.282689341392306	16.329775778964457	38.0016942905465	0.0
31.0	33.93065584837713	14.232785265273328	17.772880695485686	34.063678190863854	0.0
32.0	34.147496364902366	15.664780379581469	22.541464077903754	27.646259177612407	0.0
33.0	31.02176492589852	17.657808480147906	20.81361625441974	30.506810339533835	0.0
34.0	33.0916244832017	16.447223880464527	21.576470614343634	28.884681021990144	0.0
35.0	26.02305774379544	20.369411678225266	25.521746699310533	28.085783878668767	0.0
