# Position (bp)	A	C	G	T	N
0.0	26.87855621311415	24.219516864137894	22.810879721082923	26.090436255961812	6.109457032188692E-4
1.0	27.50942117364385	19.967408928654777	15.198072946366786	37.324894018138174	2.0293319642107017E-4
2.0	28.530855156956115	19.813206241832575	17.81762423585291	33.8379097871514	4.0457820699030223E-4
3.0	23.92107015313843	21.975465569073705	15.33462461917156	38.766216734257405	0.0026229243588967574
4.0	34.34705514150174	13.781048165539229	14.598801647985605	37.27067982425244	0.0024152207209836387
5.0	36.1973439265338	14.942725149067398	22.32251631398439	26.531584597507972	0.0058300129064423655
6.0	32.44870337720337	17.360729016478373	20.166631190435073	30.0237356070251	2.0080885808034763E-4
7.0	35.44067337500125	16.57333186191398	20.472325611725875	27.51286655898552	8.02592373365972E-4
8.0	23.09447566876069	26.75243272290519	22.460453840925087	27.692637767409035	0.0
9.0	28.591468009041794	18.424258941597063	15.792679994228642	37.19079147762797	8.015775045289129E-4
10.0	26.6823042069123	17.075232459847843	24.98788124015977	31.253780852760073	8.012403200153837E-4
11.0	28.288003652002597	18.651441980410528	19.733427836909254	33.327126530677624	0.0
12.0	26.44286383304047	19.84245475977953	21.276812911024564	32.43786849615543	0.0
13.0	27.612531508822467	21.257152002560716	18.431360781018686	32.698755651582445	2.000560156843916E-4
14.0	31.61965350298083	18.050054015124235	20.728003841075502	29.60228864081943	0.0
15.0	29.67430880646581	18.822470291681668	19.60408914496059	31.89873164486056	4.001120313687832E-4
16.0	30.37110390909455	17.676549433841476	19.09614692113792	32.855599567879004	6.001680470531749E-4
17.0	30.01960548953707	18.208698435561956	20.518745248669628	31.252550714199977	4.001120313687832E-4
18.0	31.157924218781258	18.301124314808145	18.365342295842837	32.175409114552075	2.000560156843916E-4
19.0	30.427919817548915	18.314328011843315	19.761133117272838	31.496218941303567	4.001120313687832E-4
20.0	29.917576921538032	18.210098827671747	19.7295242667947	32.14259992797984	2.000560156843916E-4
21.0	30.130036410194855	17.26303364942184	19.476853518985315	33.12947625335094	6.001680470531749E-4
22.0	28.339735125835237	19.219781538830873	19.848957708158284	32.59152562717561	0.0
23.0	30.004801344376425	17.553514984195576	20.38270715800424	32.056775897251235	0.002200616172528308
24.0	30.7844196374985	18.26431400792222	18.5285880046413	32.42227823790662	4.001120313687832E-4
25.0	29.503460969071337	18.09866762693554	19.243988316728682	33.15328291921738	6.001680470531749E-4
26.0	31.76529428239907	17.77977833793462	20.19945584763734	30.255471532028967	0.0
27.0	28.892890009202578	18.236306165726404	19.982995238666827	32.887608530388505	2.000560156843916E-4
28.0	30.090825431120717	17.951426399391828	20.123034449645903	31.834313607810188	4.001120313687832E-4
29.0	29.297403272916416	18.253310927059577	19.711519225383107	32.73716640659385	6.001680470531749E-4
30.0	29.881546122190944	18.251019791660415	19.57999987996567	32.28543363401933	0.002000572163638801
31.0	30.429624591131425	18.106650928769344	19.61448820157846	31.84643546628522	0.002800812235548309
32.0	29.186639245216583	18.378039899810343	19.653817529988878	32.78110320654914	4.001184350567768E-4
33.0	29.551701924192653	18.319442388255585	19.626244883424093	32.50221068088972	4.001232379572908E-4
34.0	29.83114596670935	17.83990877080666	19.75372119078105	32.57382362355954	0.00140044814340589
35.0	30.004444746989783	17.541534358695085	19.937092815126555	32.51652765153183	4.004276567373955E-4
36.0	30.83839470053327	17.427924328805638	19.166911975264885	32.566568743479294	2.0025191691147462E-4
37.0	29.13762577709415	18.98372909055951	19.138747356277637	32.738295520092294	0.001602255976414792
38.0	30.691076046609922	18.497737411534693	19.414992177593664	31.39579372885396	4.0063540775670214E-4
39.0	29.422173947025097	18.57588613822694	19.94745396209551	32.05328352615579	0.0012024264966702806
40.0	29.615786633282976	18.54861198883733	20.05448924359059	31.778303410392677	0.002808723896422288
41.0	29.625180298361144	18.32233128292077	20.58876706054409	31.462716910479603	0.0010044476943907624
42.0	29.030947818411047	18.501933358937187	19.677833833680864	32.789284988970905	0.0
43.0	29.14771949874848	18.147429757985982	20.634974929375687	32.06907097843846	8.048354513919629E-4
44.0	29.36393212913825	18.887153015453748	20.285761453409247	31.46315340199876	0.0
45.0	29.195079057793073	18.47287216790993	19.72204371798255	32.60960216273275	4.028935817037967E-4
46.0	29.792525768001322	17.522442447768654	19.705214871069295	32.979615364460514	2.0154870021243232E-4
47.0	29.523565666727826	18.11180309558324	20.082379530521354	32.281445250676924	8.06456490664258E-4
48.0	30.026743684174434	17.838198693875576	19.271587558337938	32.861654881428265	0.0018151821837851794
49.0	29.276062925084283	17.636496064660225	20.137519999515774	32.949921010739715	0.0
50.0	29.67041842846008	18.619682816607906	19.827596651280004	31.880686705678528	0.0016153979734832423
51.0	30.173330691179384	18.27918939795287	19.39192714125683	32.15514835829225	4.044113186639867E-4
52.0	29.804884174028572	17.93813973647009	19.911171059506884	32.34580502999445	0.0
53.0	31.385047339474852	17.34144268241471	19.593288282896726	31.68022169521371	0.0
54.0	30.061106664445592	18.274508688603852	19.48709406119605	32.17607170282009	0.0012188829344200352
55.0	29.088653167492147	18.384573921710214	18.385184130503323	34.14118197443225	4.0680586207247243E-4
56.0	29.41042317419334	18.1778382318804	20.483895271412223	31.927843322514036	0.0
57.0	28.204145690235006	18.498664981758147	19.791900209934166	33.505085298493775	2.0381957890874998E-4
58.0	30.825082777572632	17.856902415289422	22.204586581362754	29.11302020323603	4.0802253916506347E-4
59.0	29.55799863547042	20.278176106024766	21.133866888913403	29.02995836959142	0.0
60.0	31.348016900082865	19.204918619758367	19.48522265756872	29.961023416640238	8.184059498112551E-4
61.0	29.271617389022808	21.09448024794608	19.586838523474526	30.04501402076056	0.002049818796018432
62.0	31.074447441126168	16.130484475726877	21.74364392843047	31.051218589659257	2.0556505722931195E-4
63.0	26.643060250013413	20.17585129608307	25.812502321435204	27.368586132468316	0.0
64.0	26.2172571435667	19.699211708681965	18.206445818165264	35.87625750987692	8.278197091455452E-4
65.0	27.618802435737997	19.16949887991762	18.745549255596778	34.46469612445268	0.0014533042949294213
66.0	26.67652141325394	19.27984010326664	16.86410859653141	37.174533114030524	0.004996772917490787
67.0	33.46231068638655	13.993485668680023	17.726795045096804	34.81427470086934	0.003133898967275827
68.0	34.27486381848943	15.203115858307864	23.040918874049794	27.47983415320341	0.0012672959495109294
69.0	31.90151900699554	16.80611743192071	20.49796861926491	30.793316714252445	0.0010782275663972535
70.0	33.06498401043383	15.833847753338315	22.02730990053515	29.073626266517522	2.320691751797376E-4
71.0	25.415037422723465	19.7208845955046	26.175172804499486	28.688321131646806	5.840456256442754E-4
