# Position (bp)	A	C	G	T	N
0.0	25.87343358241241	23.99585238679169	24.445725994906454	25.68498803588945	0.0
1.0	26.866374489626644	20.7129975972987	15.605085971591567	36.81554194148309	0.0
2.0	28.46251099361722	20.141706028309102	17.54262354521057	33.85315943286311	0.0
3.0	23.2475945561153	22.322568620952897	15.382498131619174	39.04733869131263	0.0
4.0	33.40072574012186	13.755002754998847	15.282582257642884	37.561689247236416	0.0
5.0	34.58062722607437	14.981385381613041	23.83538862462377	26.602598767688825	0.0
6.0	31.053235410224357	17.54406128692677	21.481532502138297	29.921170800710573	0.0
7.0	35.144108987433384	17.318923119942102	20.504124448976906	27.032843443647607	0.0
8.0	22.83669978288045	26.89660915191789	22.596943055464173	27.669748009737482	0.0
9.0	27.09806155010198	18.95348789394039	15.745957793275872	38.20249276268176	0.0
10.0	26.300208895322058	16.960182413316666	24.909595203631817	31.83001348772946	0.0
11.0	27.990842325152972	18.774446509638793	19.214010790183565	34.020700375024674	0.0
12.0	25.86064461477729	20.29767583393644	20.319428909796695	33.52225064148957	0.0
13.0	26.394808046582014	21.30257336008948	19.159175768142642	33.143442825185865	0.0
14.0	30.269199453911444	18.781868872952167	19.86596568853214	31.08296598460425	0.0
15.0	29.313441673794326	18.418358115665505	20.47599759852622	31.79220261201395	0.0
16.0	29.335852687676823	18.116631850779658	18.646457003750246	33.901058457793276	0.0
17.0	29.902316764260807	17.8592958418317	19.945535068096586	32.29285232581091	0.0
18.0	31.98551302717284	17.77030972432397	19.17463731166524	31.06953993683795	0.0
19.0	30.295105763537073	18.66899138101191	20.093632804789788	30.94227005066123	0.0
20.0	29.743260247384697	17.504379399960524	20.336494177248504	32.41586617540628	0.0
21.0	29.23917691953418	18.49239670373051	20.35623231791565	31.912194058819658	0.0
22.0	29.66763849595368	18.823997466938614	23.08482465951707	28.42353937759063	0.0
23.0	29.398480163168628	20.21578311073097	21.45564675307586	28.930089973024543	0.0
24.0	32.80246644516087	19.653266662280412	17.574018027501808	29.970248865056913	0.0
25.0	28.876920356602408	21.20462283702875	19.89945884597671	30.01899796039213	0.0
26.0	31.308844331863938	16.784040068425554	22.659652773208762	29.247462826501742	0.0
27.0	25.957505427988682	20.76411277057701	25.015934436476083	28.26244736495822	0.0
28.0	26.82678547930785	19.723234258832818	19.297507237318246	34.15247302454109	0.0
29.0	27.888944173958812	20.446184781893546	17.228168793999604	34.43670225014804	0.0
30.0	26.45255468436923	18.999636347528142	16.347775384333275	38.200033583769354	0.0
31.0	34.07330746725257	14.846143735789266	18.7871367821671	32.293412014791066	0.0
32.0	34.185992714177345	15.426124759292758	22.932126809993413	27.455755716536483	0.0
33.0	31.125588695026064	17.574937985928397	21.240966366747013	30.058506952298526	0.0
34.0	32.92395725174226	16.891320217459317	21.76873863620906	28.415983894589363	0.0
35.0	26.505095562111197	20.74679255375085	25.30141163078785	27.446700253350098	0.0
