# Position (bp)	A	C	G	T	N
0.0	26.18189941676059	23.900618280334733	23.96319913549388	25.954283167410797	0.0
1.0	26.668211335153085	20.21117941564973	15.455293078383168	37.665316170814016	0.0
2.0	28.85626029530704	19.154109942377588	18.0555219052011	33.93410785711427	0.0
3.0	23.11744892325434	22.47138655729214	14.97749042725661	39.43367409219691	0.0
4.0	34.24793624136645	13.032210378127038	14.733155433780858	37.986697946725656	0.0
5.0	34.860886892406995	14.696510487992875	23.2268580785744	27.21574454102573	0.0
6.0	31.05014854014325	17.29554216301932	21.00112042874257	30.653188868094855	0.0
7.0	34.995826453955274	16.967767435184182	20.13245141237288	27.90395469848766	0.0
8.0	22.37807088973743	26.962427201043827	22.827793435661743	27.831708473556997	0.0
9.0	27.614235091392835	18.51231281118769	15.542326287625691	38.33112580979379	0.0
10.0	26.42437650215344	16.405457787319904	25.15512869964278	32.01503701088387	0.0
11.0	28.17557873511963	18.078127965615696	19.446506840601835	34.299786458662844	0.0
12.0	26.11262927958541	19.639285891645628	21.095122155304892	33.15296267346407	0.0
13.0	26.335082345049877	20.741292527141656	18.813365959782935	34.110259168025536	0.0
14.0	30.542397717509097	18.39441948933756	20.231242342546427	30.831940450606915	0.0
15.0	29.725770473335224	18.548503952113407	19.92984905164925	31.795876522902123	0.0
16.0	29.928998695894414	17.565519910909927	18.689173202500996	33.81630819069466	0.0
17.0	30.4629676871616	17.791905021384746	19.68236151276248	32.06276577869117	0.0
18.0	31.287146090438394	17.717087320651466	18.87533988719521	32.120426701714926	0.0
19.0	29.86973230120553	18.35369765295009	19.976475758398283	31.800094287446097	0.0
20.0	29.629809527113764	17.753741055107817	19.963291842775345	32.65315757500308	0.0
21.0	29.109432622231836	18.394446700721716	19.89926345585939	32.59685722118705	0.0
22.0	29.7736352980633	18.93573555432651	22.55784289915529	28.732786248454907	0.0
23.0	29.90854934070218	20.154560661998552	20.928398004589198	29.008491992710074	0.0
24.0	32.789214495776456	19.309715212456283	17.88397473967209	30.017095552095174	0.0
25.0	29.545413419158038	20.944670412313695	19.400778109529902	30.109138058998365	0.0
26.0	32.21131272479155	16.58882169944618	21.937096803818847	29.26276877194343	0.0
27.0	26.23784246377314	21.144470000469397	24.984676589297898	27.633010946459564	0.0
28.0	26.569331545545396	19.71343691346712	18.53167371101374	35.185557829973746	0.0
29.0	28.092978578518107	19.97990439280177	17.29739253714184	34.629724491538276	0.0
30.0	26.536737334649796	18.968742142607457	15.969396967906746	38.525123554836	0.0
31.0	34.403265690966386	14.187874580009622	18.227589324266344	33.181270404757655	0.0
32.0	34.445622124760924	15.520780967145194	22.509900907006454	27.523696001087426	0.0
33.0	31.183550920912346	17.4139009315685	20.874944240244172	30.52760390727498	0.0
34.0	33.347824732173784	16.484630328510324	21.902066507431062	28.265478431884834	0.0
35.0	26.336159753976297	20.466998411231422	25.56182004808009	27.635021786712187	0.0
