# Position (bp)	A	C	G	T	N
0.0	37.250361005912325	10.29071193090483	27.875105577200777	24.556575756750128	0.027245729231942895
1.0	34.47750224569236	16.043770585513244	21.014236328497155	28.464490840297245	0.0
2.0	38.131642737273914	16.661783117125275	20.955755041155	24.2481553501505	0.0026637542953038013
3.0	36.25303507774965	16.123366224104977	24.538926486542337	23.079506121816397	0.005166089786640492
4.0	35.726281488908384	17.099887203910264	22.125579646572252	25.045745080837197	0.0025065797719012405
5.0	35.78182881653344	17.951842464418018	21.071358939364398	25.1925326574381	0.002437122246051862
6.0	30.01778304682869	18.08891523414345	21.218731475992886	30.672199170124482	0.0023710729104919974
7.0	29.862943927397325	20.69268879937028	22.17437607075057	27.269991202481826	0.0
8.0	31.182218644484692	18.49243084904184	21.4708973412938	28.85445316517967	0.0
9.0	33.78961754561035	19.161767577065753	20.888561077727402	26.15788446102783	0.0021693385686704127
10.0	32.63444235195648	21.03996652019251	21.213643021552624	25.109855618330197	0.002092487968194183
11.0	30.86690988249048	19.879870195311714	21.244431902928667	28.006772418519336	0.002015600749803479
12.0	32.425868620000784	19.29374436914881	20.451251517881623	27.82717693603353	0.001958556935250108
13.0	32.35220801135165	20.18753235796054	21.62182891986731	25.8365132020479	0.0019175087726026345
14.0	31.984682917717382	18.615858783973103	21.66619968245073	27.733258615858787	0.0
15.0	29.06685669389172	20.501014087595244	22.47802810210309	27.954101116409944	0.0
16.0	27.70125223613596	21.53488372093023	22.68515205724508	28.076923076923077	0.0017889087656529517
17.0	28.755975815523062	19.734251968503937	22.532339707536558	28.977432508436447	0.0
18.0	28.564325028720354	20.735241165274946	21.945782822653932	28.752936335110853	0.0017146482399135817
19.0	27.242194092827006	19.09704641350211	22.513080168776373	31.145991561181436	0.0016877637130801688
20.0	28.85819521178637	18.13326636531056	22.09777331324293	30.909090909090907	0.0016742005692281935
21.0	30.460638881044538	18.24615026827688	21.433910862306682	29.85763883120982	0.0016611571620791042
22.0	30.678514799154332	18.231368921775896	22.426664904862577	28.663451374207188	0.0
23.0	28.915523988030646	18.74815034033738	22.03807832692118	30.298247344710795	0.0
24.0	28.523429727128903	17.014891291937825	22.71207450539055	31.747973446852928	0.0016310286897946535
25.0	27.930764462135794	17.00381741655519	25.694149890697904	29.371268230611115	0.0
26.0	27.096869220823855	18.74212395463398	21.776344860317824	32.38466196422434	0.0
27.0	28.23794561337128	17.210916807870102	21.889548752200305	32.66158882655831	0.0
28.0	29.27744088828671	16.544670444969515	23.803307942697575	30.374580724046197	0.0
29.0	28.869679756318433	17.50720342471392	22.85008644109657	30.77303037787108	0.0
30.0	29.936305732484076	17.691575283997636	22.813382362597675	29.558736620920612	0.0
31.0	28.33837155812578	17.55273707038181	24.717421305119274	29.391470066373138	0.0
32.0	27.46237127013467	17.434644837602324	22.913916028518617	32.18741748085556	0.0016503828888302086
33.0	28.489490086864265	16.897089052450102	23.765002320801006	30.848418539884626	0.0
34.0	28.937514626725953	16.519006385610645	24.490989936812543	30.052489050850856	0.0
35.0	27.779642809184907	19.113401369679064	22.806163555794278	30.299113737075334	0.0016785282664160063
36.0	28.053072014278257	17.27871226280076	23.48167230725194	31.186543415669043	0.0
37.0	27.926219327984963	16.96149843912591	24.68362928401195	30.42865294887718	0.0
38.0	29.50191570881226	18.23116219667944	21.72817100221819	30.537070645963567	0.0016804463265443301
39.0	30.031637049003766	18.157646742057082	20.809773828756057	31.000942380183087	0.0
40.0	28.93330195656559	17.671283533920526	22.367713305990723	31.02770120352316	0.0
41.0	30.123957931462503	16.502004461814586	22.681449922002113	30.692587684720802	0.0
42.0	28.86342573089561	17.197742017019124	22.045665178195296	31.893167073889966	0.0
43.0	29.732189506682623	18.313586031382197	23.548446901387084	28.405777560548096	0.0
44.0	30.373571464744508	17.72987390063978	22.485187123347792	29.411367511267915	0.0
45.0	31.317195212658056	17.783487727364932	21.46020691054162	29.43741970383393	0.001690445601460545
46.0	28.18223638253284	18.504762067026732	24.261837016339257	29.05116453410117	0.0
47.0	27.95665740835991	19.591605801872237	22.27480026060419	30.17693652916367	0.0
48.0	32.215469898600375	19.732470260127048	21.0477387367225	27.004321104550073	0.0
49.0	29.746412221593538	17.812869708348337	23.328703941841127	29.112014128217	0.0
50.0	30.289240528148376	18.99369117799152	21.113869066087496	29.60319922777261	0.0
51.0	29.88591312778076	21.108668178591834	21.558783304191266	27.446635389436146	0.0
52.0	29.479527380931664	18.605460525170965	22.482468199140378	29.43254389475699	0.0
53.0	28.567197979270098	18.341607873878583	23.147809424266182	29.941642714049298	0.0017420085358418255
54.0	28.56993226729977	19.115285245443754	22.60317016968089	29.711612317575586	0.0
55.0	28.64008700075424	19.169984739787058	23.597200540246618	28.59272771921208	0.0
56.0	27.80192212564483	19.056957105504914	22.380043813158082	30.76107695569218	0.0
57.0	29.036153135876123	18.55600539811066	22.620569642730306	29.7872718232829	0.0
58.0	27.31686420105669	18.959731543624162	22.452877338283592	31.270526917035557	0.0
59.0	25.761563142146436	18.791232560654674	23.156927070189987	32.29027722700891	0.0
60.0	27.884805997585104	17.899043053578186	23.112689001423707	31.103461947413003	0.0
61.0	28.51859238174665	18.40926808927244	24.865384266729517	28.20675526225139	0.0
62.0	29.118468288791384	18.548065416832866	23.244007687565727	29.08945860681002	0.0
63.0	29.354157565166737	17.494903160040774	23.98245230814038	29.1684869666521	0.0
64.0	26.351599178403756	18.762837441314552	25.964642018779344	28.92092136150235	0.0
65.0	28.425164778197438	19.067984892246166	22.322817151744058	30.182181737391687	0.0018514404206472638
66.0	29.863627872221183	17.631234821595367	22.988978143097327	29.51615916308612	0.0
67.0	29.331161902622565	16.328784560378878	23.820220512532526	30.51983302446604	0.0
68.0	30.03741515783932	18.4687987666159	21.975294714873936	29.51849136067084	0.0
69.0	32.02919154582504	17.518718604871573	21.52023504881054	28.931854800492847	0.0
70.0	31.12255603242728	17.482117310443492	21.62136385312351	29.77396280400572	0.0
71.0	30.6434609265684	19.25782522857526	20.95608671484158	29.14262713001476	0.0
72.0	30.714822595255075	15.005685431803728	23.250525179717464	31.028966793223738	0.0
73.0	29.563011868574417	18.552150090030782	22.923967550194583	28.960870491200218	0.0
74.0	32.05570162625377	18.97945272178401	22.062518258837276	26.902327393124942	0.0
75.0	30.617801457337617	18.026717856303375	21.946250881454205	29.4092298049048	0.0
76.0	32.40026884908868	17.761831336733483	23.134859447277904	26.703040366899934	0.0
77.0	30.030221091140447	18.369254016223955	23.413392715126452	28.187132177509145	0.0
78.0	30.132957292506045	17.965350523771153	22.14746172441579	29.754230459307013	0.0
79.0	30.213800004084053	18.32921524984174	22.817585918196485	28.63939882787772	0.0
80.0	27.413863822805578	18.73256767842494	21.431501230516815	32.42206726825266	0.0
81.0	31.525866899084853	18.101641453443733	22.3245968997074	28.047894747764012	0.0
82.0	30.841512671870746	19.444153778540485	21.557876232132767	28.156457317455995	0.0
83.0	32.209334262956624	17.662842534491137	21.87150070778137	28.25632249477087	0.0
84.0	30.92126371628414	18.940771320399563	21.603815961155913	28.53414900216038	0.0
85.0	29.95517442993568	17.954048376967886	23.13389202884428	28.95688516425215	0.0
86.0	28.481732662437103	17.56508422664625	24.215707722598996	29.73747538831765	0.0
87.0	30.134250527016533	17.678908243648063	22.511927216243205	29.674914013092202	0.0
88.0	31.017319429742574	19.130199770275443	22.60534672642508	27.2471340735569	0.0
89.0	30.272209905606474	19.822640733206867	22.131053870591728	27.771809933033165	0.0022855575617671932
90.0	29.255766177981137	20.954337473153423	21.818096927817724	27.971799421047717	0.0
91.0	30.89411597161235	19.489212219031117	21.069995964966417	28.544302295222046	0.0023735491680710167
92.0	31.73290247901997	17.478537667599113	23.065978585897557	27.72016976946079	0.0024114980225716214
93.0	30.93915894023534	16.742911661814713	23.375003057954352	28.942926339995594	0.0
94.0	30.594914958786763	18.059117961999153	23.876285579102024	27.46968150011206	0.0
95.0	32.119616134504845	17.585394880105333	21.76841465576178	28.524042235332843	0.002532094295191553
96.0	29.609915400241714	17.207950834426185	24.59821543367019	28.583918331661913	0.0
97.0	29.130091984231278	18.693823915900133	24.459921156373195	27.716162943495398	0.0
98.0	28.594360318904165	19.22253732141902	21.378885975707636	30.80421638396918	0.0
99.0	28.81717489402434	18.72008751538356	22.423082182414877	30.039655408177218	0.0
100.0	31.570003899938715	18.360354337288985	21.508162014596913	28.561479748175383	0.0
101.0	30.39151759135883	16.664304141978285	23.84543418478723	29.098744081875655	0.0
102.0	31.90757128810226	18.598530857770836	21.86072068945572	27.63317716467118	0.0
103.0	30.455790931322003	19.14498688901329	22.889720397159778	27.509501782504937	0.0
104.0	29.121772106181904	18.897851080479143	22.304821525311503	29.67555528802745	0.0
105.0	27.610766811580795	19.19341411525298	24.034162735485463	29.161656337680757	0.0
106.0	27.993700787401576	18.633070866141733	23.250393700787402	30.12283464566929	0.0
107.0	29.144626499806474	18.994323313120887	22.484195587666107	29.376854599406528	0.0
108.0	29.12278384892205	18.30367460134042	23.85684571956816	28.713394301561625	0.0033015286077453863
109.0	30.026039024720163	17.96016367386967	23.49599269554631	28.517804605863855	0.0
110.0	29.011384476971518	18.38817952178276	23.000795875289803	29.59964012595592	0.0
111.0	28.254102999434068	17.957696661007358	24.08036219581211	29.70783814374646	0.0
112.0	28.94177798581356	17.646635221258055	23.270802578043423	30.14078421488496	0.0
113.0	27.350051327174075	17.36691597008359	24.252089749230095	31.03094295351225	0.0
114.0	27.136262993958045	18.144631665853566	24.299170638345778	30.41993470184261	0.0
115.0	29.321436777207627	19.13150034464272	23.477827984988895	28.069234893160754	0.0
116.0	27.627662907268167	17.43812656641604	24.714129072681704	30.220081453634084	0.0
117.0	26.70902364484478	18.10358693903812	24.855235644201386	30.332153771915713	0.0
118.0	27.90678558217911	18.289425013357448	24.294110394147385	29.50967901031606	0.0
119.0	28.547993606460842	17.32985614536889	22.82325229242029	31.298897955749975	0.0
120.0	28.925193465176267	17.70421324161651	24.69475494411006	28.67583834909716	0.0
121.0	28.070941813734056	18.342652455006114	24.00401887122139	29.58238686003844	0.0
122.0	27.21732941909083	19.28654034338582	23.34311893959612	30.15301129792723	0.0
123.0	26.556734842618322	17.92921240832688	24.58433927025919	30.925158292716258	0.004555186079351341
124.0	25.83602263692063	17.262990505589073	24.638697909358775	32.25761189841448	0.004677049717038492
125.0	25.21258707662743	18.256065337496995	22.036992553447032	34.48955080470814	0.004804227720393947
126.0	25.3918958887903	17.977915804002762	25.352459824509516	31.27279897466233	0.004929508035098097
127.0	25.649465741631637	18.14452828277713	25.710234465994837	30.490707449232797	0.005064060363599534
128.0	26.095555324242742	21.58322056833559	23.264286457791194	29.056937649630477	0.0
129.0	27.083669192326294	20.81251007576979	23.574614433876082	28.523832554140473	0.005373743887366328
130.0	28.600845948352628	19.033837934105076	24.19300979519145	28.16674087266251	0.005565449688334817
131.0	29.778393351800553	18.657663896583564	23.043628808864266	28.51454293628809	0.005771006463527239
132.0	28.7223823246878	18.293707973102784	25.090057636887607	27.887848222862633	0.006003842459173871
133.0	28.630342414396402	17.958010497375657	25.481129717570607	27.92426893276681	0.006248437890527369
134.0	28.577015839906135	18.088781696108466	24.418225669773808	28.9094583143211	0.006518479890489538
135.0	28.43456991439054	18.69819268922408	24.57534991167278	28.285093083299362	0.006794401413235494
136.0	25.0	19.220963172804534	26.997167138810198	28.774787535410766	0.0070821529745042485
137.0	27.798911016633106	17.580368464235104	24.47974938464981	30.133512344297753	0.007458790184232118
138.0	27.358785792520735	19.284931935534345	23.86168048818651	29.486778281959005	0.007823501799405413
139.0	26.095206666116656	20.039600693012126	25.7982014685257	28.066991172345517	0.0
140.0	24.842087046811457	18.715929739551786	26.16596002422774	30.276023189409017	0.0
141.0	24.610903795394556	19.368344407026488	27.17757349594976	28.843178301629198	0.0
142.0	27.036361891969683	19.811954331766284	24.752950206274583	28.39873356998945	0.0
143.0	26.66398147215789	18.205618769509616	25.16362904037861	29.966770717953885	0.0
144.0	24.36101389330788	17.096192597306185	25.94124509491993	32.60154841446601	0.0
145.0	23.01648777249087	19.54188336837446	21.65541662055992	35.78621223857475	0.0
146.0	22.19863175277188	18.730832743571597	23.625855154517573	35.43288511441378	0.01179523472517103
147.0	23.74255669580641	19.29557836057266	22.209552768275685	34.75231217534524	0.0
148.0	23.005540166204984	22.465373961218837	20.941828254847643	33.58725761772853	0.0
149.0	23.280254777070063	26.273885350318473	15.636942675159235	34.808917197452224	0.0
150.0	30.211121022896226	24.501932798096938	13.351174546535832	31.93577163247101	0.0
