# Position (bp)	A	C	G	T	N
0.0	45.17558331369314	15.738864011312751	17.954277633749705	21.1312750412444	0.0
1.0	21.36965640759768	38.13451477588726	19.771881038789648	20.72394777772541	0.0
2.0	26.44818506676697	33.510438217039685	14.999059620086516	25.042317096106824	0.0
3.0	42.663222170032874	16.674495068107092	16.87646782527008	23.78581493658995	0.0
4.0	43.66137665508498	15.231477134003194	14.428584843647291	26.678561367264532	0.0
5.0	23.861822960668356	33.39434900966864	15.277386651647424	27.46644137801558	0.0
6.0	23.57109338338808	35.70624120131394	16.062881276396055	24.659784138901923	0.0
7.0	44.83907290982453	16.890306840574272	14.201933001782866	24.068687247818335	0.0
8.0	43.633037850007035	15.777871582008348	15.182214717883777	25.40687585010084	0.0
9.0	24.194833809947962	33.72087572078196	15.657962589658245	26.426327879611833	0.0
10.0	22.691082802547772	13.844136380666916	16.71506182090671	46.74971899587861	0.0
11.0	21.84311522980436	16.207994009173454	15.53870635589254	46.41018440512965	0.0
12.0	22.368236449515972	14.773418135902352	16.672122714305758	46.18622270027592	0.0
13.0	23.942083138720225	33.6851938346567	16.665109761793552	25.707613264829522	0.0
14.0	23.178869755938216	15.18502963274068	36.17994306780531	25.456157543515793	0.0
15.0	39.5580831624091	16.47865000932314	17.10330039157188	26.85996643669588	0.0
16.0	22.017323274657727	15.898295613299803	16.466424513365	45.61795659867747	0.0
17.0	23.768088967474757	33.134800614210604	16.16955935042576	26.92755106788888	0.0
18.0	21.84854405060936	17.001581542469065	16.489906037770954	44.65996836915062	0.0
19.0	23.424135366307176	35.422089996281144	15.000929713648196	26.152844923763478	0.0
20.0	23.382899628252787	15.543680297397769	16.310408921933085	44.763011152416354	0.0
21.0	22.843346643142354	15.423901940755874	17.759309128052745	43.97344228804903	0.0
22.0	23.977721048967275	15.409607797632862	34.75980505917846	25.8528660942214	0.0
23.0	22.874240385953517	16.115414946421115	16.644245488704364	44.366099178921	0.0
24.0	42.61268781302171	14.125394175477648	16.42088666295678	26.84103134854387	0.0
25.0	25.219044086968616	15.381762551573871	32.437068286124884	26.962125075332622	0.0
26.0	42.88760139049826	14.660486674391656	14.7531865585168	27.69872537659328	0.0
27.0	23.182092042452613	17.050563099596793	13.398526208462716	46.36881864948788	0.0
28.0	23.24762566597174	32.89321287931434	13.727125318508223	30.1320361362057	0.0
29.0	25.19448045934432	13.775699203556213	14.66012224486016	46.369698092239304	0.0
30.0	24.252830889177652	15.003712641544459	32.207165398180805	28.536291071097086	0.0
31.0	25.499303297724108	12.823966558290756	15.234556432884347	46.442173711100786	0.0
32.0	24.381855363450455	15.165458263617774	14.500836586726157	45.951849786205614	0.0
33.0	24.947686584515232	34.373401534526856	14.359451290397582	26.319460590560332	0.0
34.0	25.026688326757952	14.36064051984219	16.42608493850081	44.18658621489905	0.0
35.0	23.08979364194088	33.32868562929912	15.462911321807027	28.118609406952967	0.0
36.0	24.513727315030245	13.457422056770591	15.639832480223358	46.389018147975804	0.0
37.0	44.20998695733184	15.818893236444943	14.957145518911869	25.013974287311346	0.0
38.0	42.73723478666356	16.763814408953138	14.147820004663092	26.351130799720213	0.0
39.0	45.11447165129454	15.426752188772882	13.736598155344351	25.72217800458823	0.0
40.0	23.68371656499296	33.82449554199906	16.79962458939465	25.692163303613324	0.0
41.0	24.187776626801018	13.169789999058294	37.14568226763349	25.496751106507205	0.0
42.0	44.842562432138976	14.506915923145918	15.875938252372185	24.774583392342915	0.0
43.0	44.156090168592534	15.72741049441182	14.936541011555219	25.179958325440428	0.0
44.0	26.316291037308808	33.78758278934579	13.627483680373565	26.26864249297184	0.0
45.0	31.570080862533693	16.189353099730457	16.997978436657682	35.24258760107817	0.0
46.0	29.998838154990125	16.88160799349367	18.15963750435692	34.959916347159286	0.0
47.0	30.801340466811688	17.43194779234523	19.542595096713505	32.22411664412958	0.0
48.0	27.454331172657632	19.121979964643486	18.791985857395403	34.63170300530348	0.0
49.0	29.721435316336166	17.59915014164306	19.13361661945231	33.54579792256846	0.0
50.0	28.089356421015303	22.073163524614383	18.255422256367826	31.582057798002484	0.0
51.0	30.650978537219892	18.48282386330042	17.850174422042215	33.016023177437475	0.0
52.0	29.247795466650885	18.334615612238856	19.405811682547196	33.011777238563056	0.0
53.0	30.49271585929172	19.36515456591259	19.696790240435863	30.445339334359822	0.0
54.0	27.35955389452453	22.340867295485555	18.710328053627574	31.58925075636234	0.0
55.0	29.66765578635015	17.958456973293767	19.43620178041543	32.93768545994065	0.0
56.0	27.68445420549653	18.952929304920758	19.97981836528759	33.38279812429513	0.0
57.0	30.28323733745027	17.85523424974764	19.4584644617303	32.403063951071786	0.0
58.0	30.45313986679353	18.91650808753568	18.53591817316841	32.09443387250238	0.0
59.0	28.69047619047619	18.166666666666668	20.80357142857143	32.339285714285715	0.0
60.0	28.649776453055143	17.901639344262296	20.05365126676602	33.39493293591654	0.0
61.0	29.44404676688141	17.80601288475304	20.317346695299452	32.43259365306609	0.0
62.0	28.620874858268188	19.937936384794412	20.30196335859641	31.13922539834099	0.0
63.0	33.18805970149254	17.576119402985075	18.770149253731343	30.465671641791044	0.0
64.0	27.6772382488204	18.533118318103085	22.445200979513828	31.34444245356268	0.0
65.0	31.235054997608803	18.555714968914394	19.4882831181253	30.720946915351504	0.0
66.0	29.601915594133494	17.12660879976055	20.89793475007483	32.37354085603113	0.0
67.0	28.965186649889148	18.005872131344	19.485888908862126	33.54305230990472	0.0
68.0	26.671864691417262	19.360642955676845	19.714508486775024	34.25298386613087	0.0
69.0	27.284728472847284	19.903990399039902	21.08010801080108	31.731173117311727	0.0
70.0	27.59594018377275	19.842652092967388	19.63846015254339	32.922947570716474	0.0
71.0	29.435798834344766	18.68653487952893	20.002403412846242	31.875262873280057	0.0
72.0	28.6925667548713	19.401010343998077	20.687996151070482	31.21842675006014	0.0
73.0	29.69558416556371	18.427385392852848	19.817109854409818	32.05992058717362	0.0
74.0	29.82783529978329	17.872622200818686	21.797495786178665	30.50204671321936	0.0
75.0	29.58052073288332	18.358244937319192	21.691176470588236	30.37005785920926	0.0
76.0	30.0168837433671	18.4876989869754	18.415340086830682	33.08007718282682	0.0
77.0	29.200337715595225	19.340248462187915	18.863828247497285	32.59558557471958	0.0
78.0	28.697225572979495	19.312424607961397	19.294330518697226	32.69601930036188	0.0
79.0	28.85160823124736	19.763442157986844	18.20650534065536	33.17844427011043	0.0
80.0	28.955314009661837	17.820048309178745	20.531400966183575	32.693236714975846	0.0
81.0	26.768561590044097	17.79737811877001	19.797015646710566	35.637044644475324	0.0
82.0	29.50205462895818	18.044476673918297	20.41334300217549	32.04012569494803	0.0
83.0	29.488962806168733	17.756274569095858	21.475657695796794	31.279104928938615	0.0
84.0	27.9165406713033	17.49017236165709	20.489869972785	34.10341699425461	0.0
85.0	30.667311997096014	16.800774396515216	20.73325670034485	31.79865690604392	0.0
86.0	29.60876937984496	17.526647286821706	21.27543604651163	31.589147286821706	0.0
87.0	31.078787878787878	17.63030303030303	21.757575757575758	29.533333333333335	0.0
88.0	31.829756275009096	18.843215714805382	17.56396265308597	31.763065357099553	0.0
89.0	31.809362114964827	17.08100897404802	18.07543051176328	33.03419839922387	0.0
90.0	29.133046168779952	17.21167263240915	19.741551901959596	33.9137292968513	0.0
91.0	28.72747132714364	19.41865404454154	17.66490685114388	34.188967777170944	0.0
92.0	29.480330257406507	17.192812044681887	18.2491500728509	35.07770762506071	0.0
93.0	31.773997569866342	17.484811664641555	19.410692588092346	31.330498177399758	0.0
94.0	30.22308674244727	17.002005957084677	19.184244118898548	33.59066318156951	0.0
95.0	30.359965949166973	16.636264137176212	19.97446187522802	33.029308038428795	0.0
96.0	29.016363525761907	16.984001459942817	20.007299714094533	33.99233530020074	0.0
97.0	30.225197808886183	17.638466220328667	20.200852099817407	31.93548387096774	0.0
98.0	31.23934745556367	18.94326759191624	18.45020696372048	31.36717798879961	0.0
99.0	29.521373766898062	18.938009986603337	20.228961149677264	31.31165509682134	0.0
100.0	31.10635696821516	16.014669926650367	19.193154034229828	33.68581907090464	0.0
101.0	31.60831442761665	18.58483046170826	19.829541970691032	29.97731313998406	0.0
102.0	31.938556067588326	16.57142857142857	19.80337941628264	31.68663594470046	0.0
103.0	28.699026734015032	20.03819145004312	19.797954909449302	31.464826906492547	0.0
104.0	27.98148148148148	18.037037037037038	19.574074074074073	34.40740740740741	0.0
105.0	29.150148662041627	17.90758176412289	20.00743310208127	32.93483647175422	0.0
106.0	31.94159676918298	18.633115874495186	18.049083566324946	31.376203789996893	0.0
107.0	29.887206331401504	19.20608213373216	18.55798591637066	32.34872561849567	0.0
108.0	33.160362613316664	17.036573929352922	17.311659893716786	32.49140356361363	0.0
109.0	28.996865203761757	17.730407523510973	20.50156739811912	32.77115987460815	0.0
110.0	27.345372176429876	18.328824010570692	20.43667023217769	33.88913358082174	0.0
111.0	31.347052139881328	18.135336447418254	19.744981694230525	30.77262971846989	0.0
112.0	28.458473021696502	18.748813966727813	19.90638244038206	32.886330571193625	0.0
113.0	29.425214353763103	17.834233089869798	18.126389329946015	34.614163226421084	0.0
114.0	30.926916221033867	17.252355487649606	19.65877259994907	32.16195569136745	0.0
115.0	27.499042512447335	19.27741606025788	18.492276267075194	34.73126516021958	0.0
116.0	30.22779626311748	17.762989506014843	18.121320706424367	33.88789352444331	0.0
117.0	30.231065468549424	19.242618741976894	19.383825417201543	31.142490372272142	0.0
118.0	29.654195376392558	16.710670358683753	20.15583746538734	33.47929679953635	0.0
119.0	25.758945872626278	19.53236016018602	23.61452008784395	31.094173879343757	0.0
120.0	27.842197318131763	20.94318844335039	20.353695666256396	30.860918572261447	0.0
121.0	30.94449853943525	18.90295358649789	18.10451152223304	32.04803635183382	0.0
122.0	26.997980850648084	17.99648277209666	19.696476258711655	35.309060118543606	0.0
123.0	30.036606092299646	16.963001699568572	19.551575369329324	33.44881683880246	0.0
124.0	31.195488228736313	17.201127942815923	19.9750803331366	31.628303495311165	0.0
125.0	28.09580207922095	17.8247137781287	19.180155283589944	34.899328859060404	0.0
126.0	30.66869100270645	18.436860518846128	18.311439698990032	32.58300877945739	0.0
127.0	30.111942770086774	17.387560442472015	20.381532754851957	32.11896403258926	0.0
128.0	30.32421276879036	18.2943878570002	19.41282204913122	31.968577325078222	0.0
129.0	30.82993379254999	17.83588577542968	18.35752023005417	32.97666020196616	0.0
130.0	30.174496644295303	19.1006711409396	17.67785234899329	33.04697986577182	0.0
131.0	31.1144050667026	19.02034766204016	19.49871984907694	30.3665274221803	0.0
132.0	29.87837837837838	17.37837837837838	21.905405405405407	30.83783783783784	0.0
133.0	28.739917304954925	20.21961634921711	19.98915474818681	31.051311597641156	0.0
134.0	27.24860525241529	20.662675193903933	19.01619267927609	33.07252687440468	0.0
135.0	29.863387978142075	16.816939890710383	20.293715846994537	33.025956284153004	0.0
136.0	27.662782727895816	18.122001370801918	19.348869088416723	34.86634681288554	0.0
137.0	29.78269839086783	16.889011140145787	18.80071516985284	34.527575299133545	0.0
138.0	28.614790286975715	18.28780353200883	18.90176600441501	34.19564017660044	0.0
139.0	29.57249584947427	17.992529053680133	19.050913115661317	33.38406198118428	0.0
140.0	29.06968665323421	18.133815048982143	21.378447856596956	31.41805044118669	0.0
141.0	30.314658480429777	18.39112537500872	19.51440731179795	31.77980883276355	0.0
142.0	32.55862793139657	17.423871193559677	18.116905845292266	31.90059502975149	0.0
143.0	33.38019259155128	19.329444014901245	19.224010683910876	28.066352709636604	0.0
144.0	32.110804890113776	17.885661790686168	17.68072927708289	32.32280404211716	0.0
145.0	30.427058907127126	18.574575428124778	18.354295459390322	32.64407020535778	0.0
146.0	29.518029275258833	19.350232059978577	18.64334166369154	32.48839700107104	0.0
147.0	29.229666786098175	18.774632748118954	18.495163024005734	33.50053744177714	0.0
148.0	29.410494493629884	18.24659900669402	19.434247462751024	32.90865903692507	0.0
149.0	30.736400462962965	19.227430555555554	17.67939814814815	32.35677083333333	0.0
150.0	29.239596194349627	17.408671653714865	19.44222528869199	33.909506863243514	0.0
151.0	29.316507403895255	19.089649135604347	20.26406010649938	31.329783354001023	0.0
152.0	30.09594960814473	18.23042554749872	17.410093019849118	34.26353182450743	0.0
153.0	30.3240058910162	18.100147275405007	20.3240058910162	31.25184094256259	0.0
154.0	30.684343060287368	17.634424529699306	19.308250629536364	32.37298178047697	0.0
155.0	28.859760184702466	19.721456766217322	17.993594995159008	33.425188053921204	0.0
156.0	31.332335329341316	16.931137724550897	18.959580838323355	32.77694610778443	0.0
157.0	31.287650602409638	18.38102409638554	19.789156626506024	30.542168674698793	0.0
158.0	28.249356937509457	20.752004841882282	18.542896050839765	32.4557421697685	0.0
159.0	33.62213102295182	15.876272989816082	19.813041495668035	30.68855449156407	0.0
160.0	28.15934065934066	18.795787545787547	21.291208791208792	31.753663003663	0.0
161.0	29.236313448857537	17.658334611255945	20.34197209017022	32.7633798497163	0.0
162.0	29.25626204238921	18.859344894026975	20.454720616570327	31.429672447013484	0.0
163.0	28.904374758033295	17.855207123499806	19.411536972512582	33.82888114595431	0.0
164.0	28.40351833112789	17.70841441581692	19.467579979761812	34.420487273293375	0.0
165.0	29.086783003364896	16.362782690351356	21.12058846545113	33.42984584083262	0.0
166.0	27.710464201416208	18.96931549960661	20.66089693154996	32.65932336742722	0.0
167.0	27.50039500711013	17.854321377784803	21.211881813872647	33.43340180123242	0.0
168.0	29.577240940877303	18.285123966942148	19.183089637635092	32.95454545454545	0.0
169.0	26.943667598881344	17.91450259688374	21.05473431881742	34.0870954854175	0.0
170.0	28.13957227850137	17.478694323846277	18.90175269335906	35.4799807042933	0.0
171.0	30.613070203817532	17.696538337107732	17.96344225169848	33.72694920737626	0.0
172.0	28.863211001708844	19.822605582228007	17.283749694849053	34.030433721214095	0.0
173.0	29.006633363360905	17.65621161248055	19.47424453361723	33.86291049054132	0.0
174.0	31.078520227403807	18.785531844772187	18.95031721183159	31.185630715992417	0.0
175.0	28.057673185283395	17.368246602585348	21.50314882333444	33.07093138879682	0.0
176.0	28.70354940843193	17.163806032327944	18.22196300616564	35.91068155307448	0.0
177.0	27.39243478990187	19.47496435460874	19.768514635578292	33.3640862199111	0.0
178.0	27.693346842283013	20.246538331644715	19.19115163796015	32.868963188112126	0.0
179.0	29.543716543461635	18.030418897102557	20.205624946894385	32.22023961254143	0.0
180.0	30.394669400307535	15.453613531522295	19.63095848282932	34.52075858534085	0.0
181.0	28.921357971637303	17.997421572840565	18.848302535453374	34.23291792006876	0.0
182.0	30.002597627500215	17.516668109793056	19.655381418304614	32.82535284440211	0.0
183.0	29.727606076479834	20.141435306443164	19.32949188056574	30.801466736511262	0.0
184.0	31.988041853512705	18.81649520794865	17.620680559219203	31.574782379319437	0.0
185.0	28.201719400868562	19.409731454400426	21.137995214038817	31.250553930692192	0.0
186.0	29.94910259844629	17.29618715956782	21.12688632913653	31.62782391284936	0.0
187.0	30.57256031688873	20.840835433921498	18.194094346416996	30.392509902772773	0.0
188.0	30.26948552762907	17.865892387260686	18.555484983213866	33.30913710189638	0.0
189.0	29.868348875479978	19.189979886633754	19.327116474675442	31.614554763210823	0.0
190.0	30.94447518907951	17.967164729754657	18.087068806493267	33.00129127467257	0.0
191.0	29.191449814126397	18.280669144981413	18.652416356877325	33.87546468401487	0.0
192.0	32.127121027467894	18.130683416143246	18.505671697759446	31.23652385862942	0.0
193.0	31.134838892563543	17.87772843239157	19.181706510441273	31.80572616460361	0.0
194.0	29.536146299647587	19.39232307838842	20.078102676445376	30.99342794551862	0.0
195.0	28.986902927580893	21.13828967642527	19.298921417565484	30.575885978428353	0.0
196.0	30.40171606864275	19.35452418096724	17.98946957878315	32.25429017160686	0.0
197.0	28.386905935712875	19.305856832971802	20.982054821534213	31.32518240978111	0.0
198.0	28.09892429878355	21.79551623605107	19.75469990952046	30.350859555644917	0.0
199.0	28.30905636478784	21.680388431496727	18.830483428330165	31.180071775385265	0.0
200.0	23.759951010410287	18.26086956521739	22.314758113900794	35.664421310471525	0.0
201.0	30.7207360708809	17.754302266144148	19.202589879025385	32.32237178394956	0.0
202.0	30.50702295306612	17.540253511476532	21.360054813292223	30.592668722165122	0.0
203.0	29.792746113989637	19.188255613126078	19.620034542314336	31.39896373056995	0.0
204.0	31.54875717017208	18.12967147575178	22.492612549973927	27.828958804102204	0.0
205.0	29.77754422841128	16.97320021019443	23.804519180241723	29.444736381152563	0.0
206.0	29.578706151947827	20.800282037722546	20.67689053410894	28.944121276220695	0.0
207.0	28.76176940842068	19.310712382305915	20.287795345532068	31.639722863741337	0.0
208.0	28.653397884167113	16.60390891160122	21.31970593509055	33.42298726914111	0.0
209.0	27.060315160297048	19.09074443035682	20.43108132584677	33.417859083499366	0.0
210.0	29.731702865486405	16.882642818032487	20.441686439131228	32.943967877349884	0.0
211.0	29.06140512631385	19.786096256684495	20.708095150285818	30.44440346671584	0.0
212.0	26.37853949329359	17.008196721311474	22.29880774962742	34.31445603576751	0.0
213.0	30.58224985867722	19.860561522517433	16.713774260410776	32.843414358394575	0.0
214.0	29.133256968308512	22.050400916380298	20.274914089347078	28.54142802596411	0.0
215.0	27.16406400616927	19.818777713514553	18.25718141507615	34.75997686524002	0.0
216.0	31.662114709325014	17.830667186890363	20.347249317206398	30.15996878657823	0.0
217.0	25.682627621685793	20.597546497823508	23.72378314206569	29.99604273842501	0.0
218.0	27.765328987573845	19.291097983295987	19.596659197392544	33.34691383173762	0.0
219.0	23.01801801801802	23.085585585585587	23.31081081081081	30.585585585585584	0.0
220.0	13.112491373360937	23.775017253278122	21.083505866114564	42.028985507246375	0.0
