# Position (bp)	A	C	G	T	N
0.0	62.953811062535635	9.351834252043338	14.997148831020718	12.697205854400304	0.0
1.0	18.817715263257938	60.50180574035354	10.11214597985174	10.56833301653678	0.0
2.0	16.789563244469655	61.126867082624315	8.867460767630932	13.216108905275098	0.0
3.0	60.78098471986417	12.846632710809281	9.168081494057725	17.20430107526882	0.0
4.0	59.64912280701754	9.054895302773062	10.469722693831352	20.826259196378043	0.0
5.0	16.3869507825759	54.271167263812934	11.559494625683575	17.782387327927587	0.0
6.0	13.784650198001131	56.96775410145201	14.821798981708467	14.425796718838393	0.0
7.0	62.028657616892914	11.425339366515837	12.952488687782807	13.593514328808446	0.0
8.0	62.007911094368055	15.068751177246186	8.72103974383123	14.20229798455453	0.0
9.0	16.082862523540488	54.7834274952919	13.691148775894538	15.44256120527307	0.0
10.0	19.25465838509317	5.872388481084133	11.048371917937136	63.824581215885566	0.0
11.0	13.880007523039309	15.083693812300169	9.44141433138988	61.59488433327064	0.0
12.0	13.512497650817515	8.250328885547829	15.222702499530163	63.0144709641045	0.0
13.0	17.47700394218134	55.37826168575183	10.812840247794256	16.331894124272573	0.0
14.0	13.209668353007306	9.237399287989508	62.076072700018734	15.476859658984448	0.0
15.0	58.10608890549123	12.868883078072468	12.831527829660066	16.19350018677624	0.0
16.0	14.968271743187756	11.739455020530048	9.574468085106384	63.71780515117581	0.0
17.0	14.498695490122996	52.2176667909057	9.746552366753635	23.53708535221767	0.0
18.0	14.660953800298063	10.711624441132637	14.977645305514159	59.64977645305514	0.0
19.0	15.040953090096798	58.0789277736411	10.796723752792255	16.083395383469842	0.0
20.0	13.804651162790698	13.079069767441862	10.13953488372093	62.97674418604651	0.0
21.0	19.46458449525934	9.090909090909092	14.57519985127347	56.869306562558094	0.0
22.0	12.934398810629993	12.82289537260732	55.733135104999064	18.50957071176361	0.0
23.0	16.31060746795467	8.861229797510681	11.610626044956344	63.2175366895783	0.0
24.0	61.875580315691735	7.558031569173631	12.01485608170845	18.551532033426184	0.0
25.0	19.532120311919794	9.28332714444857	53.41626438915708	17.76828815447456	0.0
26.0	60.64599962873585	9.6343048078708	7.90792648969742	21.811769073695935	0.0
27.0	14.43413729128015	17.699443413729128	6.846011131725417	61.0204081632653	0.0
28.0	13.729128014842301	59.36920222634509	7.328385899814471	19.573283858998145	0.0
29.0	15.114985163204746	9.903560830860535	8.549703264094957	66.43175074183976	0.0
30.0	17.752139933010795	8.187569780424266	53.88909564570152	20.171194640863416	0.0
31.0	19.854041916167663	7.0359281437125745	8.851047904191617	64.25898203592814	0.0
32.0	18.6952288218111	8.510223953261928	9.17234664070107	63.622200584225894	0.0
33.0	17.563352826510723	59.29824561403508	9.512670565302145	13.625730994152047	0.0
34.0	15.048732943469787	12.592592592592592	8.284600389863547	64.07407407407408	0.0
35.0	17.4609375	53.9453125	8.6328125	19.9609375	0.0
36.0	13.605175455792981	9.880415604783375	12.017251519309939	64.49715742011371	0.0
37.0	61.306829364298366	10.057075378862429	11.513481598110609	17.122613658728596	0.0
38.0	63.74384236453202	10.32512315270936	7.665024630541872	18.26600985221675	0.0
39.0	66.33084827725166	9.570824098327623	9.107394720934918	14.990932903485795	0.0
40.0	16.958469055374593	57.552931596091206	10.036644951140065	15.451954397394138	0.0
41.0	14.44102564102564	8.184615384615384	61.23076923076923	16.143589743589743	0.0
42.0	65.7326691573267	9.692818596928186	10.896637608966376	13.677874636778748	0.0
43.0	67.74464510709785	9.722805543889121	8.90382192356153	13.628727425451492	0.0
44.0	17.57383966244726	58.86075949367089	6.89873417721519	16.666666666666664	0.0
45.0	25.111308993766695	14.188186405461561	12.882160878598992	47.81834372217275	0.0
46.0	30.448590710599444	13.49741961095673	18.578801111552202	37.475188566891624	0.0
47.0	30.48016701461378	13.48643006263048	21.08559498956159	34.947807933194156	0.0
48.0	32.73960983884648	19.67769296013571	17.09075487701442	30.49194232400339	0.0
49.0	33.57981731187473	20.400173988690735	16.789908655937364	29.23010004349717	0.0
50.0	24.065112186537615	21.557413110426747	25.208974923009237	29.168499780026398	0.0
51.0	31.892368769298635	14.953683281870314	18.30613145125717	34.84781649757389	0.0
52.0	27.821869488536155	16.666666666666664	15.917107583774252	39.59435626102293	0.0
53.0	28.6281429201588	16.62990736656374	22.23202470224967	32.50992501102779	0.0
54.0	34.97558810474922	19.08566355969818	18.064802485574788	27.873945849977805	0.0
55.0	33.22841726618705	18.345323741007196	20.053956834532375	28.37230215827338	0.0
56.0	24.247867085765602	18.096093399191737	19.17377638078132	38.48226313426134	0.0
57.0	34.92564218116269	13.474538080216314	25.461919783686344	26.137899954934657	0.0
58.0	26.997742663656886	25.23702031602709	17.200902934537247	30.564334085778782	0.0
59.0	28.564961521050247	17.83612494341331	25.169760072430964	28.42915346310548	0.0
60.0	29.59889349930844	15.85984324573536	27.201475334255417	27.339787920700783	0.0
61.0	30.62645011600928	20.139211136890953	19.582366589327147	29.651972157772622	0.0
62.0	26.318245450303312	18.058796080261317	25.804946336910874	29.818012132524498	0.0
63.0	29.334582942830366	17.24461105904405	21.69634489222118	31.724461105904407	0.0
64.0	27.345215759849907	17.073170731707318	26.454033771106943	29.127579737335836	0.0
65.0	27.533460803059274	17.877629063097515	19.455066921606118	35.133843212237096	0.0
66.0	30.148823811809887	17.57081132981277	24.72395583293327	27.556409025444072	0.0
67.0	30.78770413064361	14.697406340057636	23.294908741594618	31.21998078770413	0.0
68.0	32.72023233301064	15.876089060987416	19.50629235237173	31.897386253630206	0.0
69.0	29.689018464528665	23.858114674441204	19.630709426627792	26.82215743440233	0.0
70.0	32.71543086172345	20.541082164328657	16.93386773547094	29.80961923847695	0.0
71.0	25.263157894736842	20.20050125313283	25.71428571428571	28.82205513784461	0.0
72.0	28.650553877139977	17.97583081570997	23.76636455186304	29.607250755287005	0.0
73.0	25.417721518987342	17.31645569620253	19.544303797468356	37.721518987341774	0.0
74.0	27.51269035532995	17.461928934010153	19.543147208121827	35.482233502538065	0.0
75.0	26.930998970133885	23.995880535530382	20.44284243048404	28.630278063851698	0.0
76.0	32.261410788381745	19.19087136929461	19.294605809128633	29.253112033195023	0.0
77.0	33.87690689110994	17.780115728563914	18.516570226196738	29.826407154129402	0.0
78.0	28.66984631690514	25.75516693163752	18.01801801801802	27.556968733439323	0.0
79.0	32.59887005649718	18.07909604519774	17.34463276836158	31.9774011299435	0.0
80.0	30.16949152542373	18.24858757062147	19.43502824858757	32.14689265536723	0.0
81.0	24.78681068789085	18.703808982376348	20.75042637862422	35.75895395110859	0.0
82.0	32.27091633466135	15.196357427433124	24.018212862834375	28.514513375071143	0.0
83.0	28.05017103762828	17.958950969213227	24.401368301026224	29.58950969213227	0.0
84.0	28.15366972477064	20.068807339449542	20.527522935779814	31.25	0.0
85.0	28.14474439977025	18.093049971280873	18.609994256174613	35.15221137277427	0.0
86.0	31.86360964138742	18.636096413874192	23.750734861845974	25.749559082892414	0.0
87.0	31.135962330782814	21.4832254267216	19.599764567392583	27.781047675103004	0.0
88.0	35.862477771191465	19.02786010669828	16.419679905157082	28.68998221695317	0.0
89.0	32.10463733650416	17.954815695600477	17.657550535077288	32.282996432818074	0.0
90.0	31.87799043062201	19.198564593301434	17.464114832535884	31.45933014354067	0.0
91.0	30.233953209358127	19.49610077984403	16.076784643071385	34.193161367726454	0.0
92.0	30.235365117682562	15.691007845503924	18.044659022329512	36.02896801448401	0.0
93.0	33.65676167374166	16.858702243784112	19.648271679805944	29.836264402668284	0.0
94.0	31.66564978645516	17.510677242220865	17.266625991458206	33.557046979865774	0.0
95.0	31.70731707317073	15.731707317073171	19.634146341463417	32.926829268292686	0.0
96.0	28.169014084507044	17.881200244947948	21.432945499081445	32.51684017146356	0.0
97.0	32.27189222290263	17.391304347826086	15.554194733619106	34.78260869565217	0.0
98.0	28.837787445618396	23.67930391547545	18.085767557489124	29.39714108141703	0.0
99.0	33.842239185750635	18.25699745547074	17.87531806615776	30.025445292620866	0.0
100.0	30.966090850927703	17.018554062699938	19.065898912348047	32.94945617402431	0.0
101.0	32.86264441591784	18.16431322207959	20.539152759948653	28.433889602053913	0.0
102.0	30.566280566280568	14.478764478764477	21.235521235521233	33.71943371943372	0.0
103.0	28.304319793681497	15.538362346872987	20.76079948420374	35.39651837524178	0.0
104.0	27.23097112860892	17.913385826771652	21.391076115485564	33.46456692913386	0.0
105.0	29.133858267716533	19.750656167979002	20.341207349081365	30.7742782152231	0.0
106.0	30.460526315789473	18.88157894736842	18.092105263157894	32.56578947368421	0.0
107.0	32.41106719367589	19.104084321475625	17.72068511198946	30.764163372859027	0.0
108.0	34.28005284015852	17.503302509907527	16.18229854689564	32.03434610303831	0.0
109.0	28.599735799207398	19.220607661822985	19.484808454425362	32.694848084544255	0.0
110.0	27.17031146454606	19.681908548707753	20.07952286282306	33.068257123923125	0.0
111.0	29.049531459170012	19.143239625167336	22.22222222222222	29.58500669344043	0.0
112.0	26.82763246143528	18.51106639839034	22.468142186452045	32.19315895372233	0.0
113.0	27.49832327297116	21.52917505030181	17.370892018779344	33.601609657947684	0.0
114.0	30.248155600268277	17.773306505700873	19.18175720992622	32.796780684104625	0.0
115.0	26.98519515477793	21.332436069986542	19.650067294751008	32.03230148048452	0.0
116.0	29.946164199192467	17.833109017496636	19.313593539703902	32.907133243607	0.0
117.0	31.8733153638814	18.53099730458221	19.81132075471698	29.784366576819405	0.0
118.0	26.806212018906145	16.54287643484132	23.160027008777853	33.49088453747468	0.0
119.0	24.291497975708502	21.25506072874494	26.383265856950068	28.07017543859649	0.0
120.0	27.56756756756757	22.905405405405403	21.35135135135135	28.175675675675677	0.0
121.0	31.44016227180527	19.066937119675455	17.24137931034483	32.25152129817444	0.0
122.0	31.368563685636857	16.59891598915989	20.460704607046072	31.571815718157183	0.0
123.0	34.4640434192673	18.385345997286294	18.385345997286294	28.76526458616011	0.0
124.0	30.77445652173913	19.497282608695652	20.855978260869566	28.872282608695656	0.0
125.0	28.435374149659864	19.115646258503403	18.979591836734695	33.46938775510204	0.0
126.0	30.44368600682594	18.976109215017065	20.06825938566553	30.51194539249147	0.0
127.0	29.049897470950103	19.822282980177715	21.804511278195488	29.32330827067669	0.0
128.0	31.373889268626108	16.74641148325359	20.027341079972658	31.852358168147642	0.0
129.0	28.63978127136022	18.386876281613123	18.045112781954884	34.92822966507177	0.0
130.0	30.04115226337449	18.449931412894376	17.55829903978052	33.95061728395062	0.0
131.0	31.159917638984215	19.629375428963623	17.707618393960193	31.503088538091973	0.0
132.0	29.59394356503785	17.48107364074329	24.43220922229869	28.492773571920164	0.0
133.0	28.206896551724135	21.862068965517242	20.551724137931036	29.379310344827587	0.0
134.0	25.502425502425503	22.106722106722106	19.61191961191961	32.77893277893278	0.0
135.0	28.81002087682672	18.02366040361865	19.624217118997915	33.54210160055672	0.0
136.0	26.114206128133706	18.036211699164344	20.61281337047354	35.23676880222841	0.0
137.0	28.153310104529616	16.16724738675958	22.369337979094077	33.31010452961672	0.0
138.0	30.334728033472803	17.154811715481173	19.17712691771269	33.33333333333333	0.0
139.0	28.56145251396648	18.365921787709496	18.78491620111732	34.287709497206706	0.0
140.0	27.67295597484277	18.16911250873515	23.54996505939902	30.60796645702306	0.0
141.0	32.075471698113205	17.889587700908454	19.28721174004193	30.74772886093641	0.0
142.0	31.416549789621318	15.217391304347828	19.144460028050492	34.22159887798036	0.0
143.0	35.44303797468354	20.253164556962027	16.736990154711673	27.566807313642755	0.0
144.0	33.12191684284708	18.111346018322763	17.688513037350244	31.07822410147992	0.0
145.0	30.08474576271186	18.785310734463277	17.443502824858754	33.686440677966104	0.0
146.0	29.943502824858758	19.703389830508474	17.51412429378531	32.83898305084746	0.0
147.0	29.270021261516654	19.34798015591779	18.497519489723597	32.88447909284196	0.0
148.0	28.398576512455513	21.423487544483987	19.9288256227758	30.2491103202847	0.0
149.0	29.864575908766927	19.814682822523164	18.246614397719174	32.07412687099073	0.0
150.0	29.151817533856022	18.460441910192447	17.818959372772632	34.568781183178906	0.0
151.0	28.499999999999996	17.71428571428571	20.0	33.785714285714285	0.0
152.0	29.32761087267525	20.529327610872674	17.09585121602289	33.047210300429185	0.0
153.0	32.95128939828081	18.624641833810887	17.765042979942695	30.659025787965614	0.0
154.0	33.33333333333333	15.656565656565657	19.624819624819626	31.38528138528138	0.0
155.0	32.393347794649316	20.390455531453362	16.196673897324658	31.019522776572668	0.0
156.0	31.490909090909092	15.127272727272729	18.836363636363636	34.54545454545455	0.0
157.0	29.773226042428675	17.99561082662765	21.21433796634967	31.016825164594003	0.0
158.0	27.044952100221074	21.812822402358144	18.34929992630803	32.79292557111275	0.0
159.0	35.2029520295203	14.981549815498155	18.671586715867157	31.14391143911439	0.0
160.0	24.796447076239822	20.133234641006663	22.427831236121392	32.64248704663213	0.0
161.0	28.76204595997035	18.902891030392883	20.83024462564863	31.504818383988137	0.0
162.0	30.237741456166418	18.12778603268945	20.059435364041605	31.575037147102524	0.0
163.0	29.30648769574944	17.300521998508575	17.524235645041013	35.86875466070097	0.0
164.0	28.528752800597463	15.758028379387603	23.37565347274085	32.33756534727409	0.0
165.0	29.398496240601503	18.646616541353385	22.330827067669173	29.624060150375943	0.0
166.0	27.012791572610983	20.767494356659142	18.133935289691497	34.08577878103837	0.0
167.0	27.92452830188679	19.547169811320757	22.566037735849058	29.962264150943398	0.0
168.0	28.851963746223564	18.50453172205438	19.486404833836858	33.157099697885194	0.0
169.0	27.78198334595004	18.09235427706283	19.682059046177137	34.44360333080999	0.0
170.0	29.25531914893617	17.09726443768997	17.78115501519757	35.86626139817629	0.0
171.0	31.15003808073115	19.192688499619194	17.136329017517134	32.52094440213252	0.0
172.0	29.97711670480549	19.908466819221967	15.713196033562166	34.40122044241038	0.0
173.0	28.6697247706422	18.195718654434252	19.418960244648318	33.715596330275226	0.0
174.0	28.61514919663351	19.433817903596022	17.903596021423105	34.04743687834736	0.0
175.0	27.80337941628264	20.814132104454686	20.6605222734255	30.721966205837177	0.0
176.0	29.915188897455668	19.737856592135696	17.039321511179644	33.30763299922899	0.0
177.0	26.800929512006196	22.46320681642138	20.449264136328427	30.286599535243997	0.0
178.0	28.304821150855364	20.45101088646967	19.59564541213064	31.64852255054432	0.0
179.0	26.447574334898277	20.970266040688575	20.73552425665102	31.846635367762126	0.0
180.0	28.98664571877455	16.260801256873528	20.34564021995287	34.406912804399056	0.0
181.0	29.40711462450593	22.292490118577074	17.391304347826086	30.909090909090907	0.0
182.0	31.720856463124502	17.208564631245043	19.42902458366376	31.64155432196669	0.0
183.0	28.162291169451077	23.86634844868735	21.081941129673826	26.889419252187746	0.0
184.0	29.42583732057416	19.776714513556616	18.421052631578945	32.37639553429027	0.0
185.0	26.32	20.96	22.96	29.759999999999998	0.0
186.0	29.67121090617482	19.246190858059343	21.331194867682438	29.751403368083402	0.0
187.0	30.86816720257235	20.4983922829582	18.167202572347264	30.466237942122188	0.0
188.0	30.57119871279163	19.06677393403057	18.90587288817377	31.456154465004023	0.0
189.0	30.61389337641357	19.951534733441033	17.851373182552503	31.583198707592892	0.0
190.0	29.830234438156833	17.946645109135005	18.916734033953112	33.306386418755054	0.0
191.0	29.488220958570267	20.14622258326564	19.821283509341995	30.544272948822094	0.0
192.0	33.442088091353995	18.189233278955953	20.96247960848287	27.40619902120718	0.0
193.0	29.4987674609696	18.32374691865242	22.02136400986031	30.156121610517665	0.0
194.0	28.559670781893004	20.98765432098765	23.127572016460906	27.325102880658434	0.0
195.0	29.90886495443248	19.884009942004973	18.806959403479702	31.400165700082848	0.0
196.0	28.95174708818636	19.217970049916804	20.299500831946755	31.530782029950082	0.0
197.0	30.511316010058675	18.86001676445935	22.045264040234702	28.583403185247274	0.0
198.0	25.64102564102564	24.786324786324787	21.965811965811966	27.60683760683761	0.0
199.0	25.31645569620253	24.68354430379747	19.62025316455696	30.37974683544304	0.0
200.0	26.806282722513092	14.45026178010471	21.8848167539267	36.858638743455494	0.0
201.0	29.566563467492262	15.634674922600619	18.575851393188856	36.22291021671827	0.0
202.0	38.84555382215289	15.600624024960998	17.628705148205928	27.92511700468019	0.0
203.0	33.4375	18.125	20.78125	27.65625	0.0
204.0	33.90625	17.96875	24.84375	23.28125	0.0
205.0	34.48275862068966	18.181818181818183	23.35423197492163	23.981191222570533	0.0
206.0	32.18210361067504	18.681318681318682	20.87912087912088	28.257456828885402	0.0
207.0	28.23343848580442	22.555205047318612	16.561514195583594	32.64984227129338	0.0
208.0	27.416798732171156	16.64025356576862	21.236133122028527	34.7068145800317	0.0
209.0	24.483306836248012	19.554848966613672	21.144674085850557	34.81717011128776	0.0
210.0	24.281150159744406	16.45367412140575	18.210862619808307	41.054313099041536	0.0
211.0	30.128205128205128	19.391025641025642	18.108974358974358	32.371794871794876	0.0
212.0	27.724358974358974	15.384615384615385	22.435897435897438	34.455128205128204	0.0
213.0	25.52166934189406	21.990369181380416	18.138041733547354	34.34991974317817	0.0
214.0	29.307568438003223	26.73107890499195	18.357487922705314	25.60386473429952	0.0
215.0	27.258064516129032	23.387096774193548	16.612903225806452	32.74193548387097	0.0
216.0	31.340872374798064	17.2859450726979	17.932148626817447	33.44103392568659	0.0
217.0	27.24306688417618	15.98694942903752	25.44861337683524	31.321370309951057	0.0
218.0	25.628140703517587	18.927973199329983	20.435510887772192	35.00837520938023	0.0
219.0	18.29484902309059	20.071047957371228	26.1101243339254	35.52397868561279	0.0
220.0	0.0	27.0	27.500000000000004	45.5	0.0
