# Position (bp)	A	C	G	T	N
0.0	61.77118813864957	8.896012823081547	11.901422560609097	17.43137647765979	0.0
1.0	13.161057692307693	60.276442307692314	15.104166666666666	11.458333333333332	0.0
2.0	16.66998209667794	57.529341555599764	11.83608514024269	13.964591207479609	0.0
3.0	61.54761904761905	11.825396825396824	10.753968253968255	15.873015873015872	0.0
4.0	61.1937338885584	10.549276224469562	10.985524489391235	17.271465397580805	0.0
5.0	16.567578279825604	55.628220372572336	11.870788743559254	15.933412604042807	0.0
6.0	16.392793506236387	57.43417145119778	10.017818253811127	16.155216788754704	0.0
7.0	64.5882818685669	10.985748218527316	9.97624703087886	14.449722882026919	0.0
8.0	62.40601503759399	14.40443213296399	9.438068856351405	13.751483973090622	0.0
9.0	16.643605455623643	56.07827633919747	9.863609408974106	17.41450879620478	0.0
10.0	15.316205533596838	8.695652173913043	11.34387351778656	64.64426877470356	0.0
11.0	14.514218009478675	12.263033175355451	9.992101105845181	63.2306477093207	0.0
12.0	16.202881389382277	9.492796526544305	11.486086441681469	62.818235642391954	0.0
13.0	15.446833695008877	54.70507003353718	10.633260998224502	19.214835273229433	0.0
14.0	15.1831429696731	10.673493501378495	58.9602205592753	15.1831429696731	0.0
15.0	59.35103244837758	11.83874139626352	12.507374631268437	16.30285152409046	0.0
16.0	14.70125786163522	12.539308176100631	10.966981132075473	61.79245283018868	0.0
17.0	18.390578999018643	55.32875368007851	9.99018645731109	16.290480863591757	0.0
18.0	13.814756671899527	11.440345368916798	12.872841444270017	61.87205651491365	0.0
19.0	17.47744213417026	58.10121616320125	10.023538642604942	14.39780306002354	0.0
20.0	16.54915785350568	13.063063063063062	10.164512338425382	60.22326674500588	0.0
21.0	16.327727806022683	11.106765741102855	12.729761439186547	59.83574501368791	0.0
22.0	15.557290650009758	9.974624243607261	57.75912551239508	16.7089595939879	0.0
23.0	16.276346604215455	10.53864168618267	12.09992193598751	61.085089773614364	0.0
24.0	61.920529801324506	10.459680560966108	9.83638488507986	17.78340475262953	0.0
25.0	15.703444249854057	9.281961471103326	56.314458065771554	18.700136213271065	0.0
26.0	62.473264631538015	10.888586428154772	10.305269298075054	16.33287964223216	0.0
27.0	13.733488733488732	13.442113442113444	8.488733488733487	64.33566433566433	0.0
28.0	14.532402017850213	55.102832751261154	8.304229724485836	22.060535506402797	0.0
29.0	16.459868165955797	9.170221015897635	9.208995734780922	65.16091508336565	0.0
30.0	16.553332038080434	10.452690887895862	53.973188265008744	19.02078880901496	0.0
31.0	17.20639875146313	8.291065158017947	11.022239563012096	63.48029652750683	0.0
32.0	15.338022665103557	9.710824540836265	9.710824540836265	65.24032825322391	0.0
33.0	16.381850324101354	55.96150068748772	8.662345315262227	18.994303673148693	0.0
34.0	17.8128078817734	10.147783251231528	9.950738916256158	62.08866995073892	0.0
35.0	16.722672464914016	9.685708638070766	10.199644198458193	63.39197469855703	0.0
36.0	15.691699604743084	11.185770750988143	9.407114624505928	63.715415019762844	0.0
37.0	60.257680872150644	10.842418235877107	11.813676907829535	17.086223984142716	0.0
38.0	61.53846153846154	13.277678393957466	8.765652951699463	16.418207115881533	0.0
39.0	61.930348258706466	12.796019900497512	7.223880597014926	18.049751243781095	0.0
40.0	15.715995213402472	56.02313522138014	11.687275628240926	16.573593936976465	0.0
41.0	14.647377938517177	10.387783805505324	58.6899738798473	16.2748643761302	0.0
42.0	62.39661085333871	9.804317127294734	9.9657050635465	17.83336695582005	0.0
43.0	63.908557556139996	9.730932632004857	9.953469552903096	16.407040258952055	0.0
44.0	17.032628770777755	56.90539708598399	8.967781654011903	17.094192489226348	0.0
45.0	29.09153952843273	15.603328710124826	16.158113730929266	39.14701803051317	0.0
46.0	29.130921298023125	16.59828422230511	20.10443864229765	34.16635583737411	0.0
47.0	32.085769980506825	17.543859649122805	17.77777777777778	32.592592592592595	0.0
48.0	27.237048665620094	19.583987441130297	18.28885400313972	34.89010989010989	0.0
49.0	25.551181102362204	21.299212598425196	19.921259842519685	33.22834645669291	0.0
50.0	26.224328593996844	23.85466034755134	17.180094786729857	32.74091627172196	0.0
51.0	26.664025356576865	19.096671949286847	18.42313787638669	35.8161648177496	0.0
52.0	29.463220675944335	17.335984095427435	19.005964214711728	34.1948310139165	0.0
53.0	31.4	19.8	22.36	26.44	0.0
54.0	27.47075433642598	23.194836627672448	17.305365066559098	32.029043969342474	0.0
55.0	31.201942533387296	16.552003237555645	21.003642250101173	31.242411978955886	0.0
56.0	27.83882783882784	19.413919413919416	22.46642246642247	30.28083028083028	0.0
57.0	30.543078807676604	19.518170681910984	18.456512862392813	31.482237648019602	0.0
58.0	30.924024640657084	19.096509240246405	19.42505133470226	30.55441478439425	0.0
59.0	25.681255161023948	22.667217175887696	21.180842279108177	30.470685383980182	0.0
60.0	26.80798004987531	19.035743973399832	20.57356608478803	33.58270989193682	0.0
61.0	26.4828738512949	17.293233082706767	22.974101921470343	33.24979114452798	0.0
62.0	28.9727463312369	22.138364779874216	21.048218029350103	27.840670859538786	0.0
63.0	34.4682639764607	16.18327028163094	21.01723413198823	28.33123160992013	0.0
64.0	32.8421052631579	17.852631578947367	20.126315789473683	29.178947368421053	0.0
65.0	30.042194092827003	19.324894514767934	21.561181434599156	29.071729957805907	0.0
66.0	27.31128074639525	18.23579304495335	22.094995759117896	32.3579304495335	0.0
67.0	28.52263023057216	16.86592655849701	21.221178479931684	33.39026473099915	0.0
68.0	26.44415917843389	18.69918699186992	20.92426187419769	33.9323919554985	0.0
69.0	26.04032604032604	19.905619905619908	23.466323466323466	30.58773058773059	0.0
70.0	27.578765645230902	21.924902891670264	19.24902891670263	31.2473025463962	0.0
71.0	28.94965277777778	21.31076388888889	19.18402777777778	30.555555555555557	0.0
72.0	27.419354838709676	19.61639058413252	18.831734960767218	34.13251961639058	0.0
73.0	28.864628820960696	18.8646288209607	21.048034934497817	31.222707423580786	0.0
74.0	31.814198071866784	16.301489921121824	23.26906222611744	28.615249780893954	0.0
75.0	29.311101360245722	19.789381307591047	21.67617376042124	29.223343571741996	0.0
76.0	28.935795954265615	21.328056288478454	18.953386103781884	30.782761653474054	0.0
77.0	29.08770383428823	20.846187747906566	19.171441163508156	30.894667254297048	0.0
78.0	30.4635761589404	19.911699779249446	17.748344370860927	31.876379690949225	0.0
79.0	28.691423519009724	22.634836427939874	17.24137931034483	31.432360742705573	0.0
80.0	30.221238938053098	19.336283185840706	20.17699115044248	30.265486725663713	0.0
81.0	27.69162605228179	18.121400088613203	18.520159503766063	35.66681435533894	0.0
82.0	30.58144695960941	18.908122503328894	21.526853084775855	28.983577452285843	0.0
83.0	29.91111111111111	18.844444444444445	20.84444444444444	30.4	0.0
84.0	28.5586791610888	19.544846050870145	21.19589468987059	30.70058009817046	0.0
85.0	33.005806163465834	18.267083519428315	20.678874497543546	28.048235819562308	0.0
86.0	32.154052843708016	17.55485893416928	21.988356471115093	28.302731751007613	0.0
87.0	32.03230148048452	19.24629878869448	19.470614625392553	29.250785105428445	0.0
88.0	34.293429342934296	18.76687668766877	16.606660666066606	30.333033303330332	0.0
89.0	31.645569620253166	17.857142857142858	16.998191681735985	33.499095840867994	0.0
90.0	30.104119511090992	18.379357175192396	18.605703938433678	32.910819375282934	0.0
91.0	30.145058930190388	22.393472348141433	16.13780598368087	31.323662737987306	0.0
92.0	29.024943310657598	19.002267573696145	16.507936507936506	35.46485260770975	0.0
93.0	32.26982680036463	17.912488605287148	19.872379216043758	29.945305378304464	0.0
94.0	30.063868613138684	15.237226277372262	20.164233576642335	34.534671532846716	0.0
95.0	29.693924166285974	16.67428049337597	20.511649154865236	33.12014618547282	0.0
96.0	28.79413113250802	16.185236130215497	19.486474094452085	35.534158642824394	0.0
97.0	30.096640589047404	18.959963184537507	19.190059825126554	31.75333640128854	0.0
98.0	29.953917050691242	21.612903225806452	19.76958525345622	28.663594470046082	0.0
99.0	31.02812355924389	17.842323651452283	19.363762102351316	31.76579068695251	0.0
100.0	32.96296296296296	13.842592592592592	21.01851851851852	32.175925925925924	0.0
101.0	31.40995812005584	18.194509073987902	20.055839925546767	30.33969288040949	0.0
102.0	32.117812061711085	14.773258532024311	21.832632071061244	31.276297335203367	0.0
103.0	26.585251291686234	19.02301550023485	21.559417566932833	32.832315641146074	0.0
104.0	28.094117647058823	18.96470588235294	20.235294117647058	32.70588235294118	0.0
105.0	29.8063297118564	20.35899858290033	18.9891355692017	30.845536136041567	0.0
106.0	30.82029397818872	17.259364627785683	19.298245614035086	32.62209577999052	0.0
107.0	31.303520456707894	18.220742150333017	17.982873453853472	32.49286393910562	0.0
108.0	33.28550932568149	16.260162601626014	15.303682448589193	35.1506456241033	0.0
109.0	28.502879078694814	19.91362763915547	20.633397312859884	30.950095969289826	0.0
110.0	27.176527176527177	20.634920634920633	19.432419432419433	32.75613275613276	0.0
111.0	29.232995658465992	19.48866377231066	19.1027496382055	32.17559093101785	0.0
112.0	26.2953995157385	18.54721549636804	22.663438256658598	32.49394673123487	0.0
113.0	29.77173385138417	19.475473530840215	18.455560951918407	32.29723166585721	0.0
114.0	30.19970774476376	17.437895762299075	19.82464685825621	32.53774963468096	0.0
115.0	28.271484375	19.580078125	19.384765625	32.763671875	0.0
116.0	29.61876832844575	21.456500488758554	17.839687194525904	31.085043988269796	0.0
117.0	31.669114047968673	17.9637787567303	17.62114537444934	32.74596182085169	0.0
118.0	26.607756504663723	17.083946980854197	21.600392734413354	34.707903780068726	0.0
119.0	23.63367799113737	22.4027572624323	26.93254554406696	27.031019202363364	0.0
120.0	27.936821322803553	20.088845014807504	22.8035538005923	29.170779861796643	0.0
121.0	31.13534952900347	18.740704015865145	18.98859692612791	31.13534952900347	0.0
122.0	28.40796019900497	18.059701492537314	22.98507462686567	30.547263681592042	0.0
123.0	33.58358358358358	17.46746746746747	18.31831831831832	30.630630630630627	0.0
124.0	31.19358074222668	18.10431293881645	20.712136409227682	29.989969909729187	0.0
125.0	28.298086606243704	20.493454179254783	20.040281973816718	31.16817724068479	0.0
126.0	30.641090358404842	18.425037859666833	18.67743563856638	32.25643614336194	0.0
127.0	29.31645569620253	20.151898734177216	22.531645569620252	28.000000000000004	0.0
128.0	31.758130081300813	17.378048780487802	20.477642276422763	30.386178861788615	0.0
129.0	29.67313585291113	19.96935648621042	16.70071501532176	33.656792645556685	0.0
130.0	29.810159055926118	20.16418676244228	16.67521806054387	33.35043612108774	0.0
131.0	30.407847186370677	19.256582343830665	19.514713474445017	30.82085699535364	0.0
132.0	30.202387130254284	19.25272444213804	20.238713025428126	30.30617540217955	0.0
133.0	29.166666666666668	21.145833333333332	19.635416666666668	30.052083333333336	0.0
134.0	24.803356056633454	21.709491347666493	21.394861038280023	32.09229155742003	0.0
135.0	27.771911298838436	16.89545934530095	18.743400211193244	36.58922914466737	0.0
136.0	24.920466595970307	19.088016967126194	21.527041357370095	34.4644750795334	0.0
137.0	29.627659574468083	15.851063829787234	20.212765957446805	34.308510638297875	0.0
138.0	28.32709780865847	17.851416354890436	19.18760021378942	34.63388562266168	0.0
139.0	28.081457663451232	16.881028938906752	19.774919614147908	35.262593783494104	0.0
140.0	27.38031199569661	18.181818181818183	19.849381387842925	34.58848843464228	0.0
141.0	30.44889129259059	18.820984315846403	18.442401297998916	32.28772309356409	0.0
142.0	30.786026200873362	15.010917030567686	20.251091703056765	33.95196506550218	0.0
143.0	30.608886450905104	19.36368623148656	20.02194185408667	30.00548546352167	0.0
144.0	30.760749724366043	17.971334068357223	17.03417861080485	34.23373759647188	0.0
145.0	28.07308970099668	19.324473975636767	19.379844961240313	33.222591362126245	0.0
146.0	27.793218454697055	21.12284602556976	17.898832684824903	33.18510283490828	0.0
147.0	27.201783723522855	20.178372352285397	18.004459308807135	34.61538461538461	0.0
148.0	27.41485203796762	20.65884980457845	19.37465103294249	32.55164712451145	0.0
149.0	29.697986577181208	19.23937360178971	18.344519015659955	32.718120805369125	0.0
150.0	27.155655095184773	20.660694288913774	17.91713325867861	34.266517357222845	0.0
151.0	30.084507042253524	17.239436619718308	19.887323943661972	32.7887323943662	0.0
152.0	28.57142857142857	19.649915302089216	18.972332015810274	32.80632411067194	0.0
153.0	31.593874078275668	18.547929665343165	18.264322178105502	31.593874078275668	0.0
154.0	30.113636363636363	17.329545454545457	20.05681818181818	32.5	0.0
155.0	29.01023890784983	21.786120591581344	15.187713310580206	34.01592718998862	0.0
156.0	30.93607305936073	16.095890410958905	17.922374429223744	35.04566210045662	0.0
157.0	30.97294185377087	17.271157167530223	21.761658031088082	29.99424294761082	0.0
158.0	28.067129629629626	23.958333333333336	16.666666666666664	31.307870370370374	0.0
159.0	34.34402332361516	14.98542274052478	18.833819241982507	31.83673469387755	0.0
160.0	27.198124267291913	18.99179366940211	23.212192262602578	30.5978898007034	0.0
161.0	27.07474985285462	19.835197174808712	23.190111830488522	29.899941141848146	0.0
162.0	31.132075471698112	18.808962264150946	18.514150943396228	31.544811320754718	0.0
163.0	31.298162418494368	17.42738589211618	15.767634854771783	35.506816834617666	0.0
164.0	29.636255217650564	16.756112104949313	22.838401908169352	30.76923076923077	0.0
165.0	30.312124849939977	18.667466986794718	20.528211284513805	30.4921968787515	0.0
166.0	27.673716012084594	19.395770392749245	19.637462235649547	33.29305135951662	0.0
167.0	25.89665653495441	17.689969604863222	24.498480243161094	31.914893617021278	0.0
168.0	27.106227106227106	19.291819291819294	18.4981684981685	35.1037851037851	0.0
169.0	27.85276073619632	18.834355828220858	18.957055214723926	34.355828220858896	0.0
170.0	30.81180811808118	16.605166051660518	16.359163591635916	36.22386223862238	0.0
171.0	29.597523219814242	19.071207430340557	16.09907120743034	35.23219814241486	0.0
172.0	32.06487835308796	20.33686837180287	16.34435433562071	31.25389893948846	0.0
173.0	28.22124450031427	18.91891891891892	20.11313639220616	32.74670018856065	0.0
174.0	29.678638941398866	20.604914933837428	17.45431632010082	32.262129804662884	0.0
175.0	28.57142857142857	19.365079365079367	20.6984126984127	31.365079365079364	0.0
176.0	30.102040816326532	19.196428571428573	19.51530612244898	31.186224489795915	0.0
177.0	29.672447013487474	23.249839434810532	18.304431599229286	28.7732819524727	0.0
178.0	28.414948453608247	20.425257731958762	21.84278350515464	29.317010309278352	0.0
179.0	27.319922128487995	19.078520441271902	24.20506164828034	29.396495781959764	0.0
180.0	30.879478827361563	16.156351791530945	20.13029315960912	32.83387622149837	0.0
181.0	31.262262916939175	20.92871157619359	18.770438194898624	29.038587311968605	0.0
182.0	33.15824031516743	20.288903479973737	18.844386080105053	27.708470124753777	0.0
183.0	30.07270323859881	20.75346992729676	20.687376074025117	28.48645076007931	0.0
184.0	28.504983388704318	21.661129568106315	19.069767441860467	30.764119601328904	0.0
185.0	28.504672897196258	22.096128170894527	22.630173564753004	26.769025367156207	0.0
186.0	33.08675184936113	18.09011432414257	21.385339609952926	27.437794216543377	0.0
187.0	32.54237288135593	21.627118644067796	16.745762711864405	29.084745762711865	0.0
188.0	28.737201365187715	22.320819112627987	19.453924914675767	29.488054607508534	0.0
189.0	28.68965517241379	20.06896551724138	19.862068965517242	31.379310344827587	0.0
190.0	29.72222222222222	18.40277777777778	19.583333333333332	32.29166666666667	0.0
191.0	27.158774373259053	21.378830083565457	18.94150417827298	32.5208913649025	0.0
192.0	29.345531315974664	20.267417311752286	20.97114707952146	29.415904292751584	0.0
193.0	29.382540809084457	17.10432931156849	22.64017033356991	30.872959545777146	0.0
194.0	28.43839541547278	20.20057306590258	22.77936962750716	28.581661891117477	0.0
195.0	28.550724637681157	19.855072463768117	19.492753623188406	32.10144927536232	0.0
196.0	29.721815519765737	18.521229868228403	20.937042459736457	30.819912152269403	0.0
197.0	29.297458893871447	19.581464872944693	21.449925261584454	29.671150971599403	0.0
198.0	29.389017788089717	25.05800464037123	20.649651972157773	24.903325599381283	0.0
199.0	27.64900662251656	24.668874172185433	18.294701986754966	29.387417218543042	0.0
200.0	27.606752730883816	14.498510427010924	24.42899702085402	33.46573982125124	0.0
201.0	32.5452016689847	16.411682892906814	16.550764951321277	34.4923504867872	0.0
202.0	36.541143654114364	17.294281729428175	17.01534170153417	29.14923291492329	0.0
203.0	33.70629370629371	16.503496503496503	22.097902097902097	27.692307692307693	0.0
204.0	33.755274261603375	18.565400843881857	24.19127988748242	23.488045007032348	0.0
205.0	34.0941512125535	18.116975748930102	25.677603423680456	22.111269614835948	0.0
206.0	27.913669064748202	19.568345323741006	24.028776978417266	28.489208633093526	0.0
207.0	29.282576866764277	20.937042459736457	16.544655929721817	33.23572474377745	0.0
208.0	29.809104258443465	15.859030837004406	22.61380323054332	31.718061674008812	0.0
209.0	22.51851851851852	22.51851851851852	21.333333333333336	33.62962962962963	0.0
210.0	25.48435171385991	17.436661698956783	18.926974664679584	38.152011922503725	0.0
211.0	28.270676691729324	17.593984962406015	21.052631578947366	33.08270676691729	0.0
212.0	27.424242424242422	19.545454545454547	22.87878787878788	30.151515151515152	0.0
213.0	27.370030581039757	20.33639143730887	19.418960244648318	32.87461773700306	0.0
214.0	28.8135593220339	27.889060092449924	18.02773497688752	25.26964560862866	0.0
215.0	29.21174652241113	23.956723338485318	17.31066460587326	29.520865533230296	0.0
216.0	31.308411214953267	16.978193146417446	18.06853582554517	33.64485981308411	0.0
217.0	27.689873417721518	16.61392405063291	27.21518987341772	28.48101265822785	0.0
218.0	26.797385620915033	18.4640522875817	19.607843137254903	35.130718954248366	0.0
219.0	17.81818181818182	23.81818181818182	24.0	34.36363636363636	0.0
220.0	0.0	32.7217125382263	27.522935779816514	39.75535168195719	0.0
