# Position (bp)	A	C	G	T	N
0.0	26.034244246905935	24.816813137619867	24.455993079794414	24.692949535679787	0.0
1.0	25.751088851640176	20.798244373986037	15.035577007223107	38.415089767150675	0.0
2.0	27.585012859087932	19.809046746566707	18.777294044477316	33.828646349868045	0.0
3.0	23.538403136348517	22.995857843054917	15.52317827400049	37.94256074659608	0.0
4.0	33.492003813462595	14.2679226028225	14.939642555019942	37.300431028694966	0.0
5.0	34.84044783981373	15.618363177018852	23.00631095811819	26.534878025049235	0.0
6.0	32.27544287492159	17.83307447946892	20.80614808677363	29.08533455883586	0.0
7.0	34.14583424176458	17.761535958783494	20.017576048273757	28.075053751178164	0.0
8.0	23.388205778377035	26.208971443520962	22.15391117103701	28.248911607064997	0.0
9.0	29.419340557618202	18.738533879347063	15.719359674806565	36.12276588822817	0.0
10.0	26.86583181857817	17.02405945441984	24.396501418615728	31.713607308386266	0.0
11.0	28.090479224655425	18.601227405345586	19.923538683389786	33.384754686609206	0.0
12.0	26.357142857142858	20.05097250167673	21.124413145539904	32.46747149564051	0.0
13.0	26.93638710975487	21.30243787934677	18.40951007679152	33.351664934106836	0.0
14.0	30.496408715654784	18.504335696226303	20.28254119414396	30.716714393974957	0.0
15.0	30.053813012355203	18.82382525020536	18.991467033243364	32.13089470419607	0.0
16.0	29.562687297618012	17.454964769611358	18.929210718619476	34.05313721415115	0.0
17.0	30.138354493169416	18.194554302797926	20.213564639165583	31.453526564867072	0.0
18.0	31.200552239956302	17.650567486872575	18.75069113768803	32.39818913548309	0.0
19.0	29.809502750584628	18.29758578406738	19.66718261067669	32.2257288546713	0.0
20.0	30.159665863927305	18.052927207505334	19.715903952626096	32.071502975941264	0.0
21.0	30.0437707844247	17.767187651749325	19.816075632700496	32.37296593112548	0.0
22.0	28.73177935311471	18.716409214046767	19.699897197544797	32.85191423529372	0.0
23.0	29.414364640883978	17.810815335677212	20.467436798928514	32.307383224510296	0.0
24.0	30.764595204456736	18.54037911708973	18.6578906841115	32.03713499434204	0.0
25.0	29.29713262248707	17.93609079191845	19.43556351584339	33.331213069751094	0.0
26.0	30.921592191020075	17.831307555576384	20.179893081782062	31.06720717162148	0.0
27.0	29.226597934693466	18.234949538904416	19.661584294297814	32.8768682321043	0.0
28.0	29.764757862603595	17.73721699313152	19.869726465744623	32.62829867852026	0.0
29.0	29.47628435346371	18.204699952136934	19.944840328146494	32.37417536625286	0.0
30.0	29.82092649618423	18.158053286919266	19.456085151961442	32.564935064935064	0.0
31.0	29.744583571813486	18.292180863348364	19.733103053550092	32.23013251128806	0.0
32.0	29.77681530026844	18.27517187364024	19.627400708246586	32.32061211784473	0.0
33.0	30.67125484118244	18.02911571639458	19.981990968705123	31.317638473717864	0.0
34.0	29.802667916380738	18.0156325840628	19.970542454014428	32.21115704554204	0.0
35.0	29.83138563714939	18.36045378922033	19.90667126392148	31.901489309708797	0.0
36.0	30.160085164504082	17.877515767484837	19.278177265362416	32.68422180264867	0.0
37.0	28.74183537163078	19.369461360509142	19.158880069100125	32.72982319875995	0.0
38.0	29.999631721501103	18.18257908780764	19.71227405277096	32.1055151379203	0.0
39.0	28.825743117914516	18.832238494144114	20.059328900406463	32.2826894875349	0.0
40.0	30.210865358216648	18.441846293952604	19.67395889833062	31.673329449500127	0.0
41.0	30.064085822769552	17.96512445506961	20.809476933791377	31.16131278836946	0.0
42.0	30.09529294376846	18.972871980660152	19.710504992332368	31.221330083239025	0.0
43.0	29.724661896327152	18.407103944068496	19.60180946991639	32.26642468968796	0.0
44.0	29.21304295415277	18.5203787787466	20.71463012817937	31.55194813892126	0.0
45.0	29.17827484596839	19.397267613179746	19.725421912670775	31.69903562818109	0.0
46.0	30.039378779659653	18.111559814892946	19.288570108291644	32.56049129715575	0.0
47.0	29.77128122697743	18.34840265220012	20.129931016006967	31.750385104815486	0.0
48.0	30.602792940624894	18.41934295569472	19.53819363048793	31.43967047319246	0.0
49.0	29.546649519924717	18.433752289860315	19.41835036286123	32.60124782735374	0.0
50.0	29.800366380104286	18.483775791451354	20.06651105001055	31.649346778433806	0.0
51.0	29.89839181776167	18.884587304670493	19.573138467102925	31.643882410464908	0.0
52.0	29.5947484761203	18.730323531381874	19.218299953111394	32.45662803938643	0.0
53.0	30.960674119672316	18.320260430970386	19.74934858765766	30.96971686169963	0.0
54.0	30.35344079791278	18.290636648927084	19.885524434069378	31.47039811909076	0.0
55.0	29.403234017469586	18.18364503509994	19.104348641551898	33.30877230587857	0.0
56.0	29.351990782916243	18.481391672472	20.383085043673972	31.783532500937785	0.0
57.0	28.771192969058767	18.18994795120677	19.620452429278618	33.41840665045584	0.0
58.0	29.6838417299441	18.06781375501167	19.37880376348588	32.869540751558354	0.0
59.0	29.51571952060989	17.88200143361492	20.612568917352768	31.989710128422423	0.0
60.0	29.767300084746047	18.565413564056957	19.896897892737634	31.770388458459365	0.0
61.0	30.048805651674364	17.86146162375097	19.54738368879614	32.54234903577853	0.0
62.0	29.061065889525338	18.32010183231166	19.711586775198473	32.90724550296453	0.0
63.0	29.398641315271135	18.10507697873538	20.021170827136174	32.47511087885731	0.0
64.0	28.621581422771307	18.584933470902733	19.668292486834876	33.12519261949108	0.0
65.0	29.86412606528381	18.047180682853618	20.592806989333763	31.49588626252881	0.0
66.0	30.069044532215756	18.173686696616116	20.56026237592252	31.19700639524561	0.0
67.0	29.46991802372521	17.696088120307802	19.659900636848786	33.17409321911819	0.0
68.0	29.56401717934459	18.311680480271225	20.210185662885515	31.914116677498676	0.0
69.0	29.772593267581478	17.98382557890223	19.909814536878216	32.33376661663808	0.0
70.0	28.515863177995914	18.26091326342591	20.07336929210359	33.14985426647459	0.0
71.0	29.553715907225442	17.843323159802605	20.97980816584977	31.623152767122185	0.0
72.0	30.004489382944367	17.96590749190906	19.989815131230692	32.03978799391588	0.0
73.0	29.967736639853122	17.685882853514965	19.24712125729946	33.099259249332455	0.0
74.0	29.52642599882737	18.140547784571574	20.60541083842868	31.727615378172374	0.0
75.0	30.186055706143893	18.159613213205166	19.685115878562883	31.96921520208806	0.0
76.0	29.18808258559108	18.3777064472247	19.414717175846192	33.01949379133803	0.0
77.0	29.112219050299547	17.939233109511747	21.676517496950932	31.272030343237773	0.0
78.0	29.90279681149417	17.940203788277316	19.1263440409855	33.03065535924301	0.0
79.0	29.999262843280484	17.65255793381673	19.521585289032448	32.82659393387034	0.0
80.0	30.812094974500564	18.03456664365798	19.992762315790884	31.16057606605057	0.0
81.0	30.19418614392226	18.60534472648069	19.70712909441233	31.49334003518472	0.0
82.0	30.149719861673326	17.947283060343672	18.92743211001796	32.97556496796504	0.0
83.0	29.662022236966447	18.4007881456461	20.185509111258554	31.751680506128903	0.0
84.0	30.748480319551767	18.050854841195907	19.0983787841216	32.102286055130726	0.0
85.0	29.631751967910247	17.53174292004705	19.281666683421967	33.554838428620734	0.0
86.0	30.382126544440684	17.807438783682798	20.059716697552687	31.750717974323834	0.0
87.0	29.708717041326523	18.664629160467015	20.13746464524604	31.489189152960417	0.0
88.0	29.83646112600536	17.87701072386059	19.324731903485254	32.961796246648795	0.0
89.0	29.723724689843767	18.62311409593898	20.446182615164982	31.20697859905227	0.0
90.0	30.391128478214974	18.599632028901482	19.407626854517364	31.601612638366184	0.0
91.0	29.96132552247409	18.290614904084617	19.70789710041959	32.0401624730217	0.0
92.0	29.151459701122384	18.587520066491724	20.24076438671104	32.02025584567485	0.0
93.0	30.06180204576837	18.49704395854839	19.721354550695107	31.719799444988134	0.0
94.0	29.87823883688428	17.736643306487558	19.929885947360837	32.455231909267326	0.0
95.0	30.209307391952812	18.237058636234142	20.7973455331557	30.756288438657347	0.0
96.0	30.069948820388724	18.734352009813616	19.65437842077215	31.54132074902551	0.0
97.0	29.80989026458502	18.41034475824021	19.824771915241627	31.95499306193314	0.0
98.0	28.942040838215778	18.11072975183343	21.021424645045382	31.925804764905415	0.0
99.0	29.833481930376138	18.54524612362827	19.6557017690869	31.96557017690869	0.0
100.0	29.795970484267688	18.46312549562506	20.111960860741117	31.628943159366134	0.0
101.0	29.705498859528245	18.599291795678674	20.485702830458848	31.20950651433423	0.0
102.0	30.017869387948124	18.09435982664329	19.965747524802644	31.922023260605936	0.0
103.0	29.55836304238793	17.564490111290347	19.810291306882107	33.066855539439615	0.0
104.0	30.096192752731245	18.158634736158476	20.12159253579601	31.623579975314264	0.0
105.0	30.225551081689755	18.225960554152735	19.840646966491505	31.70784139766601	0.0
106.0	29.356321917784772	18.000116403674248	20.02622506308052	32.61733661546046	0.0
107.0	29.711994667967613	18.098676955107173	20.395367453301773	31.793960923623445	0.0
108.0	29.359224505836202	18.963341905503885	20.35879015188599	31.318643436773925	0.0
109.0	28.86146951111972	18.264279613100896	20.23059020441192	32.643660671367456	0.0
110.0	29.453218747182163	17.782008864473436	21.240402022598165	31.52437036574623	0.0
111.0	29.322280355105335	18.6232015139287	20.139913171736286	31.914604959229674	0.0
112.0	29.311494176651458	17.970885002390766	19.1865111912299	33.53110962972787	0.0
113.0	30.328942300285032	17.640467536469384	20.50269274674174	31.52789741650384	0.0
114.0	29.99817174359407	18.3451466824178	19.332405141619553	32.32427643236858	0.0
115.0	29.556500714752133	17.597726911741347	20.501561865767783	32.34421050773874	0.0
116.0	30.07218515119192	18.00801584742249	20.298662962319845	31.62113603906574	0.0
117.0	30.037756260386526	18.317657901947594	19.719016557952834	31.925569279713038	0.0
118.0	29.8168021835122	18.15151688363652	19.712699524142955	32.318981408708325	0.0
119.0	30.290612631216657	17.882034073309242	20.00516262261229	31.822190672861815	0.0
120.0	29.71055679864164	18.279960572986738	19.876466821592764	32.13301580677886	0.0
121.0	29.742040504008173	17.799096943250355	19.9044246893261	32.55443786341537	0.0
122.0	29.620424680909647	17.966154503856618	20.48409710925697	31.929323705976763	0.0
123.0	28.982872104440162	18.688679588348666	19.852721917160622	32.475726390050546	0.0
124.0	29.09153344828594	18.101747669287196	19.40409737849607	33.402621503930796	0.0
125.0	29.023355499772464	18.213179489437913	20.30871537411371	32.45474963667591	0.0
126.0	29.754470046082947	18.201290322580647	19.76258064516129	32.28165898617512	0.0
127.0	29.96070472247016	17.82731558811438	19.155058942916295	33.056920746499166	0.0
128.0	29.262740517841003	17.872618998910163	21.2157844424524	31.648856040796435	0.0
129.0	29.85328895015859	18.222506154989933	19.39597039627301	32.52823449857847	0.0
130.0	29.96716759535468	17.884467458396653	19.575617718241684	32.57274722800698	0.0
131.0	30.003278182003157	18.182229239122652	20.543273886454326	31.27121869241986	0.0
132.0	30.61036061603663	18.25859915995005	19.264010292503876	31.86702993150944	0.0
133.0	29.909747703808375	18.058815932417136	20.181036382007278	31.850399981767215	0.0
134.0	30.60839982303315	17.51132740392683	20.363773665502144	31.51649910753787	0.0
135.0	29.575311177877246	18.08433993500521	20.485621436016924	31.85472745110062	0.0
136.0	28.761303939239884	18.3844032598481	20.05053072668731	32.80376207422471	0.0
137.0	30.443820768411882	18.06058259943869	22.96912803638827	28.526468595761155	0.0
138.0	30.675968545848587	19.802808461960474	19.954554120672814	29.56666887151812	0.0
139.0	30.675434615926267	18.981879919257672	19.919570626066	30.42311483875006	0.0
140.0	29.06261423983585	21.03192229529204	20.081446861033257	29.824016603838853	0.0
141.0	31.460399069653565	17.065696831846598	20.976626822882732	30.497277275617108	0.0
142.0	27.168077330571528	19.80326099464702	24.195961255351992	28.832700419429464	0.0
143.0	27.533747418611508	19.207125030896925	19.316759291005205	33.94236825948636	0.0
144.0	28.23778767869735	19.494438746073467	18.82091800756459	33.4468555676646	0.0
145.0	27.27023673311524	19.572381673730522	17.427038177042206	35.730343416112035	0.0
146.0	32.931941842832934	14.621597294864621	19.884285725869884	32.562175136432565	0.0
147.0	34.07479733499623	16.222225868915945	22.238586760313762	27.464390035774066	0.0
148.0	31.810743447940183	16.852829365312477	21.237653259036094	30.098773927711246	0.0
149.0	32.84826830888557	16.909797655169935	23.170009156687073	27.07192487925741	0.0
150.0	27.888132927621456	17.985800084333366	25.980375397449485	28.14569159059569	0.0
