# Position (bp)	A	C	G	T	N
0.0	38.08018201132552	17.469406873938755	20.90353232457571	23.546878790160015	0.0
1.0	31.832743636713424	20.63018075665186	15.917459202194841	31.61961640443987	0.0
2.0	39.195538613109505	15.478530244663716	19.240232770920695	26.085698371306083	0.0
3.0	30.147917217202817	24.023836682265657	13.113687527387432	32.71455857314409	0.0
4.0	46.1366840659019	7.614242062888117	12.803071988011755	33.44600188319822	0.0
5.0	46.50139897213595	16.950725742926952	20.270462371579708	16.277412913357384	0.0
6.0	44.53466008863617	19.381219165482065	17.85600802742704	18.22811271845472	0.0
7.0	46.6530646375115	20.031106279789277	13.704323103938457	19.611505978760764	0.0
8.0	31.647629400451542	30.4746216238816	20.22861443264487	17.64913454302199	0.0
9.0	38.730495860857935	25.067815034701894	12.254870808596037	23.946818295844132	0.0
10.0	35.89213144911782	17.317501463333056	17.643448448866963	29.146918638682163	0.0
11.0	36.100510076093315	22.26841709173008	16.069738272430804	25.561334559745795	0.0
12.0	25.13571368843549	22.949744961953343	19.048415419349443	32.866125930261724	0.0
13.0	31.440421439919724	19.645288067564177	17.027845137553307	31.886445354962788	0.0
14.0	33.66903587256459	22.22543690944059	17.979596956267248	26.12593026172757	0.0
15.0	38.50171419014968	17.377707166151016	12.127937118488168	31.99264152521114	0.0
16.0	34.37779078518271	15.594113220168909	20.270256710427294	29.757839284221088	0.0
17.0	34.366251358809265	20.254703570532655	22.409900493352286	22.969144577305794	0.0
18.0	31.78610251693285	15.508320093653316	23.090726649385402	29.61485074002843	0.0
19.0	40.43431725060624	18.666778158708922	18.64486997240572	22.25403461827912	0.0
20.0	44.29467346768124	14.525796471276864	22.31574546366753	18.863784597374362	0.0
21.0	36.3828079270842	17.81587089221507	18.706413579730746	27.094907600969982	0.0
22.0	41.76887699640438	14.910945731248432	23.621707500627142	19.698469771720042	0.0
23.0	33.09959026674471	16.11673216824149	28.722301195752152	22.061376369261644	0.0
24.0	43.851827075842465	14.404716113387405	17.06413579730747	24.679321013462662	0.0
25.0	44.991052763609	11.830922317919558	22.085291412325443	21.092733506146	0.0
26.0	36.79237394430972	16.10519274186805	26.055355798979846	21.04707751484238	0.0
27.0	37.75349109457313	18.22443348106029	20.92783677565014	23.09423864871645	0.0
28.0	31.509992474287145	17.122669119491597	24.101179028346852	27.266159377874406	0.0
29.0	39.19591939125345	18.918304206037295	22.55322351367171	19.332552889037544	0.0
30.0	38.46492800632647	13.581287341377681	15.100409142543118	32.85337550975274	0.0
31.0	48.56349808354534	6.821873762359622	18.12022984030663	26.494398313788402	0.0
32.0	42.11825187612605	10.656530567270538	24.359610593446302	22.865606963157106	0.0
33.0	44.14965008148787	11.999089253187615	18.420025473519868	25.431235191804646	0.0
34.0	32.10702401718644	18.822851739747094	17.390587668436392	31.679536574630067	0.0
35.0	26.708333624629184	16.529058508518656	28.968789397763313	27.793818469088848	0.0
