# Position (bp)	A	C	G	T	N
0.0	26.287079507174948	24.073692181451538	23.654845335240466	25.98438297613304	0.0
1.0	26.51856225982876	19.885585922315407	15.417707075237855	38.17814474261798	0.0
2.0	28.720814495496445	19.144744681596748	18.38090398252316	33.753536840383646	0.0
3.0	22.918900621091893	22.586359713736115	15.12923878981228	39.36550087535971	0.0
4.0	34.00222754503327	13.04553946721122	14.705826702789523	38.24640628496599	0.0
5.0	34.82349091884864	14.775257866304555	23.210191880111683	27.19105933473512	0.0
6.0	31.147694693671852	17.13241725694825	20.984669434722697	30.7352186146572	0.0
7.0	34.99135289001234	16.88592412098224	20.08877022344235	28.033952765563075	0.0
8.0	22.47865604142299	26.688749462438288	23.087088909058277	27.745505587080444	0.0
9.0	27.712741032863452	18.466516108519098	15.532266955686	38.288475902931445	0.0
10.0	26.476036745342462	16.387099546445626	25.208249334754612	31.928614373457304	0.0
11.0	28.229103868424275	18.07978694399071	19.630113170825346	34.06099601675967	0.0
12.0	26.175772842388135	19.558091869895062	21.325579600410222	32.940555687306585	0.0
13.0	26.56397325917288	20.768196850749515	18.60223329086552	34.065596599212085	0.0
14.0	30.94781456570093	18.16409203360107	20.403151142094593	30.48494225860341	0.0
15.0	29.84021850197796	18.442088650421475	19.972307763085883	31.745385084514684	0.0
16.0	30.01407147693759	17.427963811398072	18.786209882541524	33.771754829122806	0.0
17.0	30.506835893370642	17.82433785182925	19.605919244831902	32.0629070099682	0.0
18.0	31.19818433459639	17.63152207000989	18.797466129963183	32.37282746543054	0.0
19.0	29.886621331079283	18.414123180945463	20.023159378771908	31.67609610920335	0.0
20.0	29.831075720099165	17.870530502036807	19.638368530708245	32.66002524715578	0.0
21.0	29.319967356882476	18.265958737446045	19.816681968857793	32.597391936813686	0.0
22.0	29.825295800520614	19.217263440444	22.239822758474208	28.717618000561178	0.0
23.0	29.750121816183846	20.230570917102757	21.23631195358596	28.782995313127437	0.0
24.0	32.60158383808378	19.376076947894198	18.154143565962837	29.86819564805918	0.0
25.0	29.618327973187714	21.174881333580412	19.218267628491994	29.988523064739887	0.0
26.0	32.46927622445845	16.604914940017864	21.814210498599216	29.111598336924473	0.0
27.0	26.610924888719033	21.2934105530589	24.687449389214297	27.408215169007764	0.0
28.0	26.5667989976335	19.50691330926318	18.303008605774806	35.62327908732851	0.0
29.0	28.018691442554665	20.016678862880806	17.34391560710232	34.62071408746221	0.0
30.0	26.591900123519295	18.93037036725149	16.21105109998373	38.26667840924548	0.0
31.0	34.34784715600203	14.182753992483372	17.961038886372084	33.50835996514252	0.0
32.0	34.47453131233964	15.481881935478835	22.45371656880735	27.58987018337417	0.0
33.0	31.275179493722995	17.337477035004113	20.897710715364052	30.48963275590884	0.0
34.0	33.64725597740304	16.185247084913406	21.86846778391495	28.2990291537686	0.0
35.0	26.35518967602032	19.850594035094346	25.902866074768927	27.891350214116407	0.0
