# Position (bp)	A	C	G	T	N
0.0	24.804367180544492	23.409555940833762	24.429501897755493	27.35657498086625	0.0
1.0	27.15664683004545	18.826046889399123	17.18210643050154	36.83519985005388	0.0
2.0	28.36143637782982	19.508196721311474	17.042935206869632	35.08743169398907	0.0
3.0	23.60581013260902	21.70760453009265	16.67876460533402	38.007820731964316	0.0
4.0	32.131525814825494	12.06744673719003	16.055628746716142	39.74539870126833	0.0
5.0	31.3049036190595	14.282930479449385	26.638242148831193	27.77392375265993	0.0
6.0	30.035770786411774	19.234396065992815	20.83278131502451	29.8970518325709	0.0
7.0	34.23786403983884	18.285184348137815	19.855514078415176	27.621437533608173	0.0
8.0	27.156962834230853	25.727690017690563	21.3120630937444	25.803284054334185	0.0
9.0	26.084618561842937	18.785507765923455	17.096721400905572	38.03315227132804	0.0
10.0	26.878745606583692	16.89799480972903	26.28334515301948	29.9399144306678	0.0
11.0	25.702751778797822	17.219853955438484	20.715104000249383	36.36229026551431	0.0
12.0	27.019802520320766	18.869674322186462	20.382334375024353	33.728188782468415	0.0
13.0	25.63027502201579	20.403376014090107	21.32375289322537	32.64259607066873	0.0
14.0	28.10539523212045	20.304402378484536	21.15541978069936	30.434782608695656	0.0
15.0	26.960574202950504	17.11854235993672	24.429342955337173	31.491540481775605	0.0
16.0	28.785741561913074	20.471176851079747	17.635231496995722	33.10785009001145	0.0
17.0	28.961867874093066	17.371042028725732	20.81563627578575	32.85145382139545	0.0
18.0	34.440487230842365	17.546389020940328	19.049697234193445	28.96342651402386	0.0
19.0	28.914329356203776	19.8461622388304	18.755893607238324	32.4836147977275	0.0
20.0	29.642214203885693	14.955150135991335	22.31193060935028	33.0907050507727	0.0
21.0	26.399463827863805	17.789536850144565	23.141906372499356	32.669092949492274	0.0
22.0	26.43141594644513	17.86513088678819	25.79471153471481	29.90874163205187	0.0
23.0	27.104748396549173	23.26192164717068	19.312328062532632	30.321001893747518	0.0
24.0	31.434650124301534	17.902538245127303	18.085678436995877	32.577133193575285	0.0
25.0	29.655462643297458	19.63886312803448	19.92175627547402	30.783917953194045	0.0
26.0	30.263332216308047	15.209987764676544	23.474675997724386	31.052004021291026	0.0
27.0	26.93329800416157	18.972544557619024	26.587279939524773	27.50687749869464	0.0
28.0	25.910830209559137	18.09191299671906	20.070606388865077	35.92665040485672	0.0
29.0	27.792887925995775	16.257393798171716	19.501702814124393	36.44801546170811	0.0
30.0	24.93420281932133	18.210785270803235	17.020578702799796	39.834433207075634	0.0
31.0	34.02501643758414	11.846801715770688	22.275274742477848	31.852907104167315	0.0
32.0	33.9531181032852	15.698499274859701	22.309887130336087	28.03849549151901	0.0
33.0	30.211728331115378	18.07380608967974	19.959997131268377	31.754468447936507	0.0
34.0	27.480524448772343	20.04068999095778	23.32718926062461	29.151596299645266	0.0
35.0	26.661181058872597	17.421689191474012	25.55541778914977	30.361711960503623	0.0
