# Position (bp)	A	C	G	T	N
0.0	47.58788616648912	11.42900623953736	16.80870491553797	24.17440267843555	0.0
1.0	18.870795921473142	45.51057677674631	18.05661238776442	17.56201491401613	0.0
2.0	22.730028800970135	41.59466424132181	15.059875701076248	20.6154312566318	0.0
3.0	49.35320372191542	14.305166805355926	15.59119449277555	20.7504349799531	0.0
4.0	47.58412098298677	15.516068052930057	13.958412098298679	22.9413988657845	0.0
5.0	23.089713551507824	40.16325296651802	14.549164840148137	22.197868641826016	0.0
6.0	20.342952107569122	42.2495845293851	13.619882157425591	23.787581205620185	0.0
7.0	50.20010571622744	12.504719474439327	14.45291852299328	22.842256286339953	0.0
8.0	47.72075471698113	14.860377358490567	14.075471698113207	23.343396226415095	0.0
9.0	19.95473406261788	40.377216144851	15.662014334213502	24.006035458317616	0.0
10.0	21.65422604237352	13.17952197843625	13.956118525220537	51.21013345396969	0.0
11.0	18.98448094018382	16.340213952086785	14.11782431821606	50.557480789513335	0.0
12.0	20.948438088069253	13.232969514490026	13.428678961234475	52.38991343620625	0.0
13.0	19.314852377732702	40.65058973781083	15.167906242956953	24.866651641499512	0.0
14.0	22.221388930553474	13.626818659067046	44.202789860506975	19.949002549872507	0.0
15.0	46.214275026185845	15.300014963339818	15.285051623522369	23.200658386951968	0.0
16.0	18.126775302735833	14.336971146658694	17.895051577216325	49.64120197338915	0.0
17.0	20.307600418097653	41.040764521427505	15.745856353591158	22.905778706883677	0.0
18.0	19.07497202536367	13.964938455800075	18.328981723237597	48.63110779559865	0.0
19.0	21.55358605794295	40.4781410590601	14.634691293662025	23.333581589334923	0.0
20.0	20.29157988693841	17.509669741148468	14.378161261529307	47.820589110383814	0.0
21.0	20.94248608534323	15.116883116883118	17.484230055658628	46.45640074211503	0.0
22.0	22.198339756892974	13.615475837533353	39.57900978357545	24.607174621998222	0.0
23.0	20.599777860051834	14.520547945205479	16.13476490188819	48.7449092928545	0.0
24.0	46.79041561899127	13.452152048513533	15.877828723561604	23.87960360893359	0.0
25.0	22.570162481536187	13.07976366322009	37.80649926144756	26.54357459379616	0.0
26.0	47.42823407866578	12.05077116079994	14.773817430447938	25.74717733008634	0.0
27.0	18.907160238920433	17.351227785561537	12.742423125138263	50.99918885037976	0.0
28.0	19.618388094887283	40.2018564903492	13.363783704140268	26.81597171062325	0.0
29.0	22.05124429391842	12.244146664703285	13.392725666323074	52.311883375055224	0.0
30.0	21.14599569509389	14.4882357307207	38.506642915460546	25.859125658724857	0.0
31.0	22.082895329629075	12.209040396455924	13.04249887370476	52.66556540021025	0.0
32.0	21.11744583808438	13.059673128088178	12.839224629418473	52.983656404408976	0.0
33.0	21.611017079550702	39.906139406062465	15.194645330050777	23.28819818433605	0.0
34.0	24.793259478857856	12.396629739428928	13.691683569979714	49.118427211733504	0.0
35.0	20.42706861359711	39.93562568692102	15.025906735751295	24.61139896373057	0.0
36.0	21.023219205037385	13.774104683195592	13.624557260920897	51.578118850846124	0.0
37.0	48.02850356294537	16.144101346001584	14.370546318289787	21.456848772763262	0.0
38.0	48.11909716663998	15.535457019369298	12.710100848407235	23.635344965583478	0.0
39.0	49.96375352396295	14.853000402738623	10.9061619009263	24.277084172372128	0.0
40.0	20.96747967479675	41.75609756097561	14.934959349593496	22.34146341463415	0.0
41.0	21.351868808790478	10.313826687754931	44.91800549404811	23.416299009406476	0.0
42.0	51.116521155137676	13.34788448623237	13.624916051040966	21.910678307588984	0.0
43.0	51.62715608802787	13.730988189310903	12.532925482198998	22.108930240462232	0.0
44.0	21.84888429396054	43.33591798052899	12.0616869130697	22.75351081244077	0.0
45.0	26.487408447877996	13.444366409150197	16.303802548409752	43.76442259456205	0.0
46.0	27.49641662685141	16.220735785953178	21.428571428571427	34.85427615862399	0.0
47.0	31.833436917339963	18.732131758856433	19.05531385954009	30.379117464263516	0.0
48.0	28.12971342383107	20.71392659627954	18.677727501256914	32.47863247863248	0.0
49.0	26.931875953228268	21.03457041179461	20.691408235892222	31.342145399084902	0.0
50.0	27.23191380194972	23.755772190867113	18.70189840944074	30.31041559774243	0.0
51.0	29.154709105139574	17.910253065483957	17.17975476128359	35.75528306809288	0.0
52.0	27.943299645622787	19.21512009450059	20.63262895393096	32.20895130594566	0.0
53.0	32.64138389886893	17.072521623419824	21.2375249500998	29.048569527611445	0.0
54.0	30.05944339367738	22.723588219400163	18.1977843825993	29.019184004323158	0.0
55.0	29.640190088255263	17.936184657162254	21.031907671418875	31.391717583163615	0.0
56.0	28.76221946853917	19.37216026435357	20.101886272889992	31.763733994217265	0.0
57.0	32.565241532481956	18.559133814547472	19.294836202109938	29.580788450860634	0.0
58.0	30.08998875140607	21.8785151856018	17.94150731158605	30.08998875140607	0.0
59.0	27.31396172927002	21.998582565556344	19.03614457831325	31.65131112686038	0.0
60.0	27.014218009478675	18.09564842740198	18.971707597300014	35.91842596581933	0.0
61.0	28.28414351851852	17.73726851851852	22.04861111111111	31.929976851851855	0.0
62.0	26.67836770513383	21.63229486616937	21.617668568085417	30.07166886061138	0.0
63.0	33.61032794183113	17.24291437898798	19.171983973883368	29.97477370529752	0.0
64.0	27.433363282419887	19.257262653489068	23.00089847259659	30.30847559149446	0.0
65.0	27.851176917236142	18.98253606681853	20.97190584662111	32.194381169324224	0.0
66.0	28.277356446370533	16.97879585203529	21.792292214827427	32.95155548676675	0.0
67.0	28.7743950039032	17.252146760343482	20.09367681498829	33.87978142076503	0.0
68.0	25.315656565656564	18.955176767676768	21.669823232323232	34.05934343434344	0.0
69.0	27.595628415300546	18.916747026679523	20.973963355834137	32.51366120218579	0.0
70.0	29.207119741100325	21.634304207119744	19.045307443365697	30.11326860841424	0.0
71.0	27.617651848233187	20.827226836020195	20.3387070509689	31.216414264777725	0.0
72.0	28.61371484953133	17.21756290083868	20.588718960697253	33.580003288932744	0.0
73.0	27.95484727755644	19.721115537848604	22.061752988047807	30.262284196547146	0.0
74.0	29.237713139418254	16.616516215312604	21.949180875961215	32.19658976930793	0.0
75.0	30.215343203230148	20.676312247644685	22.173620457604308	26.934724091520863	0.0
76.0	29.808181972500424	20.23425564420302	18.231200135800375	31.72636224749618	0.0
77.0	29.353062629043357	19.339298004129386	20.14796971782519	31.159669649002065	0.0
78.0	29.7105217542035	19.414109897729244	19.639452244756455	31.2359161033108	0.0
79.0	27.922418312074086	21.666957889218942	18.259654027607898	32.15096977109908	0.0
80.0	31.46643109540636	18.445229681978798	20.724381625441694	29.363957597173147	0.0
81.0	26.14891343070894	20.876380477377985	17.563234770217313	35.41147132169576	0.0
82.0	32.529474812433016	17.095391211146836	20.096463022508036	30.278670953912112	0.0
83.0	30.414414414414416	20.07207207207207	19.873873873873872	29.639639639639643	0.0
84.0	29.000546149645	20.007281995266705	20.8265064627708	30.165665392317493	0.0
85.0	32.60790051207022	16.642282370153623	19.95245062179956	30.79736649597659	0.0
86.0	30.733860584881366	17.60161853963583	22.549199926430017	29.115320949052787	0.0
87.0	31.930279992582978	18.95049137771185	21.15705544223994	27.962173187465233	0.0
88.0	32.2211808809747	18.350515463917525	17.11340206185567	32.31490159325211	0.0
89.0	30.009496676163344	16.44824311490978	18.34757834757835	35.19468186134853	0.0
90.0	31.568889738199886	17.446971144658896	18.97573093827632	32.0084081788649	0.0
91.0	29.9402352033931	20.3778677462888	16.6184692500482	33.063427800269906	0.0
92.0	28.868989682694178	18.921549542534553	17.909285575238464	34.3001751995328	0.0
93.0	33.43811394891945	16.93516699410609	17.24950884086444	32.37721021611002	0.0
94.0	29.924692826000793	16.745937376139516	19.93658343242172	33.39278636543797	0.0
95.0	31.29238133226965	17.03230953330674	20.263262863980856	31.41204627044276	0.0
96.0	28.155729480232793	17.61990768613285	20.168573148705597	34.055789684928754	0.0
97.0	30.820399113082043	17.59725861721427	19.87502519653296	31.70731707317073	0.0
98.0	30.618892508143325	20.66368078175896	17.71172638436482	31.0057003257329	0.0
99.0	30.57546590210936	18.103624820806882	19.35285685029695	31.968052426786812	0.0
100.0	32.571546221947706	13.444513073913939	19.044677784640722	34.93926291949763	0.0
101.0	33.44460671813061	18.735656165240975	20.070936782808264	27.748800333820157	0.0
102.0	30.783778104643833	16.70519016600126	20.067241017020383	32.443790712334525	0.0
103.0	29.807895292379143	17.204982056153682	20.730420097107874	32.2567025543593	0.0
104.0	27.611782157236703	17.482517482517483	21.508794236066965	33.39690612417885	0.0
105.0	29.3992330634853	19.066893907115467	19.450362164465275	32.083510864933956	0.0
106.0	30.892742453436096	18.17597944765575	18.81824020552344	32.113037893384714	0.0
107.0	31.463571889103804	20.180528691166987	17.73049645390071	30.625402965828496	0.0
108.0	34.73638533304405	19.02798871772619	15.86027337817314	30.37535257105663	0.0
109.0	29.609426140082917	19.528692995854243	20.66332096879773	30.19855989526511	0.0
110.0	27.326602282704126	20.368744512730466	19.60052677787533	32.70412642669008	0.0
111.0	29.969149405024243	19.171441163508156	18.88497135301895	31.974438078448657	0.0
112.0	25.82284073337751	19.08548707753479	21.493262646344157	33.59840954274354	0.0
113.0	28.584149599287624	19.323241317898486	18.90026714158504	33.192341941228854	0.0
114.0	30.09166107757657	17.147328414934048	20.992622401073106	31.768388106416275	0.0
115.0	25.922592259225922	18.76687668766877	21.30963096309631	34.000900090009	0.0
116.0	30.325644504748983	18.407960199004975	17.27725011307101	33.98914518317503	0.0
117.0	31.518039482641253	19.060585432266848	19.10596777853415	30.315407306557752	0.0
118.0	28.62351868732908	16.362807657247036	21.422060164083863	33.59161349134002	0.0
119.0	25.19433013260174	19.318701417466848	25.948788294467306	29.538180155464104	0.0
120.0	25.561154374713695	22.583600549702247	22.698121850664226	29.157123224919836	0.0
121.0	30.35099793530626	18.169304886441846	18.81165404909383	32.668043129158065	0.0
122.0	28.709454796411315	17.897400506096158	22.17621348056131	31.216931216931215	0.0
123.0	32.47863247863248	18.8958188958189	17.50981750981751	31.115731115731116	0.0
124.0	31.438515081206496	17.122969837587007	19.466357308584687	31.972157772621813	0.0
125.0	26.842350746268657	18.72667910447761	21.128731343283583	33.30223880597015	0.0
126.0	29.47368421052631	19.76608187134503	18.45614035087719	32.30409356725146	0.0
127.0	27.53112520554381	18.980502701432933	21.024195442800096	32.464176650223166	0.0
128.0	31.25590179414542	16.45420207743154	20.231350330500472	32.05854579792257	0.0
129.0	31.59392789373814	17.623339658444024	17.741935483870968	33.04079696394687	0.0
130.0	30.39847291815796	19.183965640658553	17.155810069195894	33.26175137198759	0.0
131.0	32.26890756302521	20.480192076830733	17.983193277310924	29.267707082833134	0.0
132.0	29.93722839208112	18.46933848382424	21.511347175277642	30.082085948816996	0.0
133.0	30.145278450363193	19.90314769975787	19.564164648910413	30.387409200968523	0.0
134.0	25.694106186069167	20.99366780321481	20.79883097905504	32.513395031660984	0.0
135.0	26.801856828731978	16.931346200830685	20.620571707793793	35.64622526264354	0.0
136.0	25.588812561334638	17.566241413150145	21.17271835132483	35.67222767419038	0.0
137.0	29.933481152993345	16.161616161616163	20.349839862034987	33.555062823355506	0.0
138.0	29.327398615232443	17.705242334322453	20.326409495548962	32.640949554896146	0.0
139.0	29.17390225750434	17.91118829074671	19.746961051848178	33.16794839990077	0.0
140.0	29.678544729628708	17.318714178918516	21.131323199601297	31.871417891851483	0.0
141.0	29.321991493620214	18.43882912184138	18.764073054791094	33.47510632974731	0.0
142.0	30.193418739010298	15.850288872142679	19.015322783220295	34.94096960562673	0.0
143.0	34.29584599797366	19.731509625126648	18.38905775075988	27.583586626139816	0.0
144.0	32.11102622867329	17.494270435446907	16.908581614463966	33.48612172141584	0.0
145.0	28.31926323867997	18.137631107700177	18.853926835507803	34.68917881811205	0.0
146.0	28.810074530968905	17.887432536622978	19.35235158057055	33.95014135183757	0.0
147.0	30.14193548387097	17.599999999999998	18.296774193548387	33.961290322580645	0.0
148.0	26.105044201768067	20.878835153406136	20.696827873114927	32.31929277171087	0.0
149.0	30.128037627384373	20.224719101123593	17.794617193624248	31.85262607786778	0.0
150.0	29.60923157618673	18.35824809861002	17.781274586939418	34.25124573826383	0.0
151.0	28.989712476919017	19.018728567660247	20.047480875758374	31.944078079662358	0.0
152.0	29.20424403183024	19.575596816976127	16.47214854111406	34.748010610079575	0.0
153.0	31.346873329770176	18.760021378941744	17.691074291822556	32.20203099946553	0.0
154.0	31.764389456697153	16.030123722431412	20.064550833781603	32.14093598708983	0.0
155.0	30.581867388362653	19.918809201623816	17.53721244925575	31.962110960757776	0.0
156.0	30.72732225551621	16.53500408608009	18.605284663579404	34.132388994824296	0.0
157.0	29.068493150684933	19.315068493150687	19.47945205479452	32.136986301369866	0.0
158.0	27.83761391880696	21.955260977630488	17.95084230875449	32.256282794808065	0.0
159.0	35.369239311493615	14.186563020544144	18.323153803442533	32.12104386451971	0.0
160.0	25.153717160424822	19.787590832867526	23.39295695919508	31.665735047512577	0.0
161.0	29.640044994375703	17.66029246344207	22.244094488188974	30.455568053993247	0.0
162.0	31.320861678004537	18.820861678004537	19.614512471655328	30.243764172335602	0.0
163.0	28.70949403069926	17.851051733939737	17.9363274587834	35.503126776577595	0.0
164.0	31.717809004875253	15.055921995985088	22.51218812733008	30.71408087180958	0.0
165.0	29.045284107297377	17.85405249495241	21.603691952696856	31.49697144505336	0.0
166.0	28.306264501160094	19.083526682134572	21.635730858468676	30.97447795823666	0.0
167.0	25.53191489361702	20.810259399591953	22.93791897406004	30.719906732730983	0.0
168.0	27.283406754772393	18.091042584434653	21.409691629955947	33.215859030837	0.0
169.0	26.808385001476232	18.305284912902273	21.021552996752288	33.86477708886921	0.0
170.0	30.195961995249405	16.894299287410927	19.09144893111639	33.818289786223275	0.0
171.0	30.98380323935213	18.26634673065387	17.57648470305939	33.173365326934615	0.0
172.0	28.580078716318496	21.102028458976687	17.19648804117469	33.121404783530124	0.0
173.0	28.471162648764114	17.39395788831248	20.14037229173024	33.99450717119316	0.0
174.0	29.18968692449355	19.39840392879067	19.2756292203806	32.13627992633518	0.0
175.0	27.8875849289685	18.128474366893144	20.25941939468808	33.72452130945028	0.0
176.0	30.733374766935984	18.241143567433188	18.241143567433188	32.784338098197644	0.0
177.0	29.909176323207014	20.95208268086439	18.47792045098653	30.660820544942062	0.0
178.0	29.348513598987978	19.76597090449083	19.924098671726757	30.961416824794437	0.0
179.0	26.26037013401404	20.0382897255903	24.122527121888957	29.5788130185067	0.0
180.0	30.92253294760527	15.62198649951784	19.99357119897139	33.4619093539055	0.0
181.0	27.88586251621271	18.83916990920882	19.714656290531778	33.56031128404669	0.0
182.0	31.743958197256696	16.917047681254083	19.823644676681905	31.515349444807317	0.0
183.0	28.707661953304836	22.36106543900033	20.519565932259127	28.41170667543571	0.0
184.0	29.96688741721854	19.602649006622517	18.807947019867548	31.62251655629139	0.0
185.0	25.31645569620253	21.452365089940038	23.984010659560294	29.247168554297136	0.0
186.0	31.44485417365069	18.404290982232652	22.393563526651022	27.757291317465636	0.0
187.0	30.618452179790467	21.933085501858738	17.269347752619126	30.17911456573167	0.0
188.0	29.788684389911385	19.427402862985684	20.38173142467621	30.40218132242672	0.0
189.0	30.642390930951564	18.48162143593267	19.4778426657506	31.398144967365166	0.0
190.0	31.993067590987867	15.944540727902945	19.445407279029464	32.61698440207972	0.0
191.0	26.589797344514327	20.37037037037037	20.58001397624039	32.45981830887491	0.0
192.0	32.32180663373324	18.772053634438958	19.830628087508824	29.075511644318986	0.0
193.0	30.70613409415121	17.18972895863053	21.647646219686163	30.4564907275321	0.0
194.0	27.488321954725116	19.76284584980237	25.583902263744164	27.16492993172835	0.0
195.0	27.322206095791003	19.702467343976778	20.065312046444124	32.9100145137881	0.0
196.0	31.371827877896287	18.242000735564545	20.264803236484003	30.121368150055165	0.0
197.0	28.416728902165794	19.716206123973116	22.255414488424197	29.61165048543689	0.0
198.0	28.010670731707314	23.05640243902439	20.083841463414632	28.84908536585366	0.0
199.0	27.635782747603834	25.319488817891372	19.64856230031949	27.3961661341853	0.0
200.0	28.78857669276831	16.121602947950255	20.86596038691847	34.223859972362966	0.0
201.0	30.89851325145443	18.099547511312217	17.582417582417584	33.41952165481577	0.0
202.0	37.43489583333333	17.317708333333336	17.122395833333336	28.125	0.0
203.0	34.45101906640368	17.554240631163708	20.84155161078238	27.153188691650232	0.0
204.0	33.090668431502316	15.949702183984115	23.89146260754467	27.068166776968894	0.0
205.0	34.57446808510639	14.627659574468085	26.396276595744684	24.40159574468085	0.0
206.0	31.00671140939597	18.7248322147651	21.34228187919463	28.926174496644297	0.0
207.0	30.519918973666442	23.22754895340986	15.462525320729236	30.790006752194465	0.0
208.0	28.863172226004085	16.678012253233494	20.285908781484004	34.17290673927842	0.0
209.0	24.725274725274726	21.703296703296704	19.09340659340659	34.47802197802198	0.0
210.0	28.284923928077454	18.672199170124482	18.6030428769018	34.439834024896264	0.0
211.0	30.153203342618383	19.7075208913649	20.12534818941504	30.013927576601674	0.0
212.0	27.336612789880533	16.514406184118062	24.806746310611384	31.34223471539002	0.0
213.0	28.833922261484098	20.7773851590106	17.526501766784452	32.86219081272085	0.0
214.0	27.453769559032715	25.604551920341397	19.06116642958748	27.880512091038405	0.0
215.0	30.659025787965614	22.564469914040114	16.54727793696275	30.229226361031518	0.0
216.0	30.847212165097755	17.81317885590152	16.075307748008687	35.26430123099203	0.0
217.0	24.338235294117645	18.602941176470587	26.323529411764707	30.73529411764706	0.0
218.0	26.838514025777105	18.877937831690677	18.043972706595905	36.23957543593632	0.0
219.0	19.656019656019655	21.62162162162162	24.16052416052416	34.561834561834566	0.0
220.0	0.24875621890547264	32.46268656716418	23.134328358208954	44.15422885572139	0.0
