# Position (bp)	A	C	G	T	N
0.0	26.762544831589928	23.860556392530622	24.24805803976878	25.128840736110664	0.0
1.0	26.444862199836837	20.391941262015393	15.392118611002731	37.771077927145036	0.0
2.0	27.127635136329097	20.020497959039425	18.168613383753602	34.68325352087788	0.0
3.0	23.864780560621316	21.773188472127362	15.132269171460559	39.22940973518001	3.5206061075474757E-4
4.0	32.84004276275434	15.051437985243343	14.543542648837168	37.56462608878529	3.5051437985243343E-4
5.0	34.985365648964404	14.867591469065044	22.00223099545059	28.137118798759314	0.00769308776064706
6.0	31.503055501297546	17.426123838490945	20.615216117420545	30.45107012305718	0.004534419733794682
7.0	34.817999347145154	17.477410527631733	19.973191279526056	27.730704319259914	6.9452643714883E-4
8.0	24.49321982196833	25.923781925071403	21.33260308920995	28.250395163750312	0.0
9.0	28.41551428719777	18.36999601931498	16.619533048339363	36.59495664514789	0.0
10.0	27.322289135800766	16.775103539351868	24.383085230690515	31.519522094156855	0.0
11.0	27.481240266175845	19.172396169664655	20.026037440043094	33.31825417928538	0.0020719448310156327
12.0	26.929817903300375	20.009246289408857	20.794490867564157	32.260234745347525	0.006210194379084065
13.0	26.913240687126038	21.336545619985113	18.57232470289795	33.1778889899909	0.0
14.0	30.58220972233711	19.461907519232362	20.178812694736262	29.775691399895223	0.0013786637990459646
15.0	29.68056359776105	18.814280199630517	19.088634295640666	32.416177241018005	3.4466594976149115E-4
16.0	29.783274050789977	18.08152039043759	18.97248187057104	33.16031102655306	0.002412661648330438
17.0	30.03177820056801	18.395511070670306	20.3118537513442	31.25741031791987	0.003446659497614912
18.0	31.790263876251135	18.31968456172278	18.207668128050294	31.674111451181513	0.008271982794275788
19.0	30.224791132434444	18.711569746601594	19.840006066120715	31.223633054843248	0.0
20.0	30.226169796233492	17.91125541125541	20.159166735599857	31.703408056911243	0.0
21.0	29.03948493120468	17.933658697989905	19.021424435437172	34.00474260346872	6.893318995229823E-4
22.0	28.124396834587916	18.88838337882924	20.280833815865662	32.705351972867895	0.0010339978492844735
23.0	29.67608294041415	17.493520280144484	19.939614525601787	32.88940359004053	0.0013786637990459646
24.0	30.570835745994984	17.720655141037305	19.086221633992334	32.620219483276806	0.002067995698568947
25.0	29.009498993575427	18.40137039181625	19.17480078308104	33.41432983152728	0.0
26.0	30.822441889320874	17.558317478699646	20.86021727741473	30.759023354564757	0.0
27.0	28.724804919072433	18.44721096313453	20.03715498938429	32.790829128408745	0.0
28.0	29.903217801306976	17.632420657898365	20.331499710480603	32.13079383461549	0.002067995698568947
29.0	29.57819781068189	18.45031295668238	19.03141974798026	32.936967491107616	0.0031019935478534206
30.0	29.62282555121652	18.28105235221331	18.987285053992853	33.10573499557097	0.003102047006352303
31.0	29.832833557370837	18.394512804604833	19.576741460724502	32.194533484989485	0.001378692310343639
32.0	28.957318691469595	18.85139955950325	19.00271260516946	33.18856914385769	0.0
33.0	29.88411452049884	17.54724005046292	19.25794687605562	33.30966447672294	0.0010340762596772303
34.0	29.323437860868186	18.608475037831912	19.071765156032942	32.995977235357586	3.447099093757648E-4
35.0	29.945713881440224	17.62176414355279	19.43808863166541	32.99443334334158	0.0
36.0	30.835433424241376	17.69185625021576	18.495874615942277	32.976835709600586	0.0
37.0	28.940662163842042	19.28824983770494	19.26027983811931	32.5108081603337	0.0
38.0	30.415980159511445	18.012566103299033	19.29991813725998	32.27049936271411	0.0010362372154233547
39.0	29.90644192452452	18.89513684639817	19.337524495487994	31.860896733589318	0.0
40.0	29.703213656395288	19.229664094495277	19.053800963092975	32.00985941335106	0.003461872665399621
41.0	29.76483280892796	17.51074539569768	20.35259467916451	32.3704394944894	0.0013876217204427902
42.0	28.265611648731827	18.762461183630087	19.468971218573504	33.50121919873287	0.0017367503317193135
43.0	29.327533268656353	18.362698768703297	20.1082817829983	32.19870437404158	0.002781805600470125
44.0	29.147888426804013	19.03356592249735	19.926917120534547	31.891280516452348	3.480137117402426E-4
45.0	29.266066551474278	18.53436263307508	20.288724151385097	31.910846664065552	0.0
46.0	29.556538623774216	17.472468860791267	19.541443994743023	33.42919991494019	3.486057512976849E-4
47.0	29.9564327148802	18.862297380730634	19.260995594437063	31.919576675282457	6.97634669652543E-4
48.0	30.26785153332263	18.455019511207603	18.859554209045662	32.41652763331495	0.0010471131091580512
49.0	28.217865015073233	18.506369882872402	20.195690067733494	33.078677747153904	0.0013972871669653368
50.0	29.27991269125024	18.27956989247312	19.638522187475953	32.801645434130165	3.4979467052839985E-4
51.0	30.197204228709236	18.228597066823703	19.13575053980539	32.43809764168139	3.505229802865876E-4
52.0	28.9472019789595	18.61318228775027	20.07139995924018	32.36821577405005	0.0
53.0	30.812309144509527	18.40067061380182	19.51824287913102	31.257154329227703	0.011623033329928607
54.0	30.277858156128477	18.625036170257815	18.918632799542667	32.17670847125082	0.0017644028202214678
55.0	28.943795434616582	18.576570588068904	18.312448731366505	34.165770938817076	0.0014143071309365542
56.0	29.16411344452985	18.146590961416535	21.03158439092812	31.657356998898422	3.542042270732459E-4
57.0	27.534134837039403	19.63577685569387	19.228286697166368	33.60073766712771	0.0010639429726566655
58.0	30.273955084438697	17.75450612065107	22.053526390201274	29.91801240470896	0.0
59.0	28.81503764751954	21.096495131632818	20.820947329073142	29.257551754214205	0.009968137560298332
60.0	31.153740398590184	18.725025621614286	19.944150237290074	30.176369551166456	7.14191339001632E-4
61.0	28.834274446535808	21.11391951241373	19.542170834453707	30.50963520659676	0.0
62.0	31.147936581114084	16.90245852632489	21.097368591659883	30.852236300901147	0.0
63.0	26.09760604666162	20.619087130915588	24.629058615079696	28.653161199621724	0.0010870077213781808
64.0	25.8547125331118	20.823540985756917	17.758126282114343	35.56070526764535	0.0029149313715845205
65.0	27.527418988519557	19.582322903006013	18.855545705640584	34.02848497725158	0.0062274255822642914
66.0	27.36468820657097	19.10567908144853	17.48355784031404	36.04018294434338	0.00589192732307647
67.0	33.48283121812359	14.118283714861821	17.77814019689242	34.620003558296766	7.413118254062388E-4
68.0	34.251677588024144	15.97919003162005	22.95323008368248	26.815902296673332	0.0
69.0	31.921117590378095	16.96117686351439	20.345580811473805	30.77212473463371	0.0
70.0	32.176794846801855	16.228177508264448	23.02348056559087	28.571547079342825	0.0
71.0	25.617005188094687	20.238295280304143	25.15700812871516	28.987691402886007	0.0
