# Position (bp)	A	C	G	T	N
0.0	27.247706422018346	23.34179191879758	24.522740581690417	24.887761077493657	0.0
1.0	27.1308640055968	20.585720393330483	15.906175910451243	36.37723969062148	0.0
2.0	27.44600484261501	19.802421307506055	18.217917675544797	34.53365617433414	0.0
3.0	25.15438054805095	20.683133925125436	15.837514473176379	38.32497105364724	0.0
4.0	32.72305064578656	15.748363943424106	15.222522885600783	36.30606252518855	0.0
5.0	35.16334112060051	14.911340048255525	20.98540844854659	28.932250775535216	0.007659607062157712
6.0	31.907788019312612	17.327913589435315	21.030133012728765	29.7284402969409	0.0057250815824125495
7.0	34.490485776140375	17.84724068517604	20.241938546849482	27.4203349918341	0.0
8.0	26.565223982414913	25.8148260441143	20.3119078299098	27.3042522549837	0.0037898885772758278
9.0	28.26778211000492	18.96127493659386	17.185903016996633	35.58503993640459	0.0
10.0	27.67814962489843	17.086490674426955	24.37309850904212	30.862261191632495	0.0
11.0	27.543180745634732	19.49976403964134	20.237848041529023	32.7192071731949	0.0
12.0	27.293642861183926	20.553680200652497	20.83466913082015	31.316121975597337	0.0018858317460916138
13.0	26.751436375624	21.636997268531598	19.133465197325044	32.47810115851936	0.0
14.0	30.05745502495997	20.016953941791467	20.07723462371668	29.848356409531885	0.0
15.0	29.379297353301308	18.773664877083924	19.07883582933032	32.76820194028445	0.0
16.0	29.854007723462374	17.933502872751248	19.037392860506735	33.17321277196948	0.0018837713101629463
17.0	29.45464820570783	18.398794386361494	22.08533484035038	30.059338796270136	0.0018837713101629463
18.0	32.00904210228878	18.366770274088726	18.91118018272582	30.70547235565602	0.007535085240651785
19.0	30.74126401054912	19.195629650560424	19.956673259866253	30.106433079024207	0.0
20.0	30.611283790147876	17.626448149194687	21.043609305830273	30.718658754827167	0.0
21.0	29.164547423942732	17.76207968352642	19.346331355373458	33.72515776584722	0.0018837713101629463
22.0	28.97617029292644	19.368936611095414	20.732787039653385	30.92210605632476	0.0
23.0	30.5491193369125	17.048130356974664	20.273146839973627	32.12960346613921	0.0
24.0	30.43420928699256	17.355185080531225	20.197795987567112	32.01092587359894	0.0018837713101629463
25.0	28.352641989262505	18.385607987190355	19.485730432325514	33.776019591221626	0.0
26.0	29.908637091457095	17.468211359141	21.793350287275125	30.82980126212678	0.0
27.0	29.400018837713098	17.8751059621362	20.708298012621267	32.016577187529435	0.0
28.0	29.857775266082697	17.56428369595931	20.67250635772817	31.89789959498917	0.007535085240651785
29.0	29.62795516624282	18.185928228313085	19.726853160026373	32.45361213148723	0.005651313930488839
30.0	30.334369407553925	17.84684939248375	18.867853442592068	32.95092775737026	0.0
31.0	30.615628061186044	18.21264411121995	19.422048074749455	31.74967975284455	0.0
32.0	29.49664682390174	19.29394921256876	18.355813427774848	32.85359053575465	0.0
33.0	30.041066988169696	17.45346997211966	20.424233290633712	32.08122974907693	0.0
34.0	29.406556141672947	18.421250941974378	19.449886963074604	32.72230595327807	0.0
35.0	30.63144597168015	17.380319399664383	20.014329618945265	31.9739050097102	0.0
36.0	31.722863392924495	18.213019536848456	18.899449347514523	31.16466772271253	0.0
37.0	28.796137379528865	20.080722732502217	18.773693442221006	32.34944644574791	0.0
38.0	30.659220406777106	17.995547337836307	19.27851779178144	32.066714463605145	0.0
39.0	31.187361984032613	18.43610214597135	18.475737500707773	31.900798369288264	0.0
40.0	29.248116040568874	19.97846903507281	18.88681133964153	31.88471490358283	0.001888681133964153
41.0	29.620387174833635	17.683756805807622	21.38914095583787	31.302934059286148	0.0037810042347247433
42.0	28.50279012579211	18.97096377565497	20.245909391847157	32.27466187458621	0.005674832119549797
43.0	31.339074477145836	18.44042774675878	20.238478281442227	29.97823412510646	0.003785369546701997
44.0	28.898483213088678	19.146357628434547	19.566740517714784	32.38841864076199	0.0
45.0	30.479672640472856	18.10139052021369	20.050771037775167	31.36816580153829	0.0
46.0	30.058186918367735	17.486400940088323	20.009097628930462	32.44441917325297	0.0018953393605124999
47.0	31.105676259811172	18.68767299890039	18.966367117885717	31.238387745042278	0.001895878360444394
48.0	29.627522379001668	18.530951297223485	18.97094522834168	32.87058109543317	0.0
49.0	27.62506402595185	19.46009523267505	20.56987839811811	32.344962343254984	0.0
50.0	29.160102495966594	18.341083799943057	19.453354844832496	33.045458859257856	0.0
51.0	30.910852713178294	17.137862897096824	18.954248366013072	32.997036023711814	0.0
52.0	28.703210590383442	19.402388922702375	20.963937918441875	30.930462568472304	0.0
53.0	31.48585354708503	18.715966642549787	19.544191005673813	30.246372948478733	0.007615856212634706
54.0	30.149384550893636	19.50382988453184	18.78929918829313	31.555580961091422	0.0019054151899698946
55.0	28.813397676769604	18.50954660766399	18.646880424208902	34.028267877238825	0.0019074141186793065
56.0	30.254843943877063	17.89252648658967	21.229359549489356	30.623270020043908	0.0
57.0	28.40909090909091	19.730710466004584	19.98854087089381	31.871657754010695	0.0
58.0	30.52555107347009	17.410671611830157	22.398531745273097	29.665245569426652	0.0
59.0	27.492099971272623	21.40764148233266	21.396150531456477	29.70219285645887	0.0019151584793641674
60.0	30.42252440591496	18.878382784479946	20.878804733500832	29.820288076104262	0.0
61.0	29.082064297800336	20.68335640670666	19.80272265805261	30.431856637440397	0.0
62.0	31.56363215909967	16.403299159793416	20.79511292684807	31.237955754258845	0.0
63.0	25.94771368306984	20.84099309170424	25.332352884261855	27.878940340964064	0.0
64.0	26.760481366459626	22.294254658385093	17.878493788819878	33.066770186335404	0.0
65.0	27.917365689984784	19.544691974562053	18.7175685693106	33.812570715149626	0.007803050992938239
66.0	27.760165942624553	19.494344644045242	18.29086924190834	34.4507064302767	0.00391374114516066
67.0	33.69928119721906	14.670646922502847	18.44141560941121	33.186692328842454	0.001963942024431439
68.0	34.28656597774245	16.85214626391097	22.931240063593005	25.930047694753576	0.0
69.0	32.58461287826335	16.720970960778725	20.31727283834969	30.377143322608234	0.0
70.0	31.28001578912743	16.47990175654043	24.174908444990244	28.0651740093419	0.0
71.0	24.776269201817726	20.485656137611866	24.9686358694137	29.76943879115671	0.0
