# Position (bp)	A	C	G	T	N
0.0	38.138287303794954	17.44486389827141	20.097357440890125	24.319491357043514	0.0
1.0	22.789588714484402	30.617921716669976	21.666997814424796	24.925491754420822	0.0
2.0	28.08076808868653	26.99198257943185	16.30208848856775	28.625160843313868	0.0
3.0	35.76433435310372	18.62232310273364	19.658541399388138	25.954801144774496	0.0
4.0	36.37529597474349	17.442778216258876	16.60418310970797	29.57774269928966	0.0
5.0	26.39313541769405	25.594240063122598	17.506657461288093	30.505967057895255	0.0
6.0	26.303854875283445	28.896776101745047	18.041999408459038	26.75736961451247	0.0
7.0	36.84314305432318	18.219461697722565	16.602583062210392	28.334812185743864	0.0
8.0	36.15217819830475	17.7311255667258	16.64695446481372	29.46974177015573	0.0
9.0	26.5786622007684	25.918628706531376	16.737267264308937	30.765441828391292	0.0
10.0	24.1219872110182	15.28775209050664	18.701426463354647	41.88883423512051	0.0
11.0	24.72959685349066	17.168141592920357	18.01376597836775	40.08849557522124	0.0
12.0	24.825552825552826	16.93366093366093	19.56756756756757	38.67321867321867	0.0
13.0	27.741745283018872	25.275157232704405	18.730345911949687	28.252751572327046	0.0
14.0	25.270190607191985	16.624091177048538	28.247199842798192	29.85851837296129	0.0
15.0	32.911268158617986	17.99175500588928	19.100903023164506	29.996073812328227	0.0
16.0	24.23945044160942	18.076545632973502	18.28263002944063	39.40137389597645	0.0
17.0	25.86596016092631	25.29683053674811	18.486900206064174	30.35030909626141	0.0
18.0	23.945458112615263	19.089660584657643	18.069452619187757	38.895428683539336	0.0
19.0	25.13484358144552	28.439737177601256	17.583603020496223	28.841816220456995	0.0
20.0	25.48519898059204	17.45736130170555	17.74161929033523	39.31582042736718	0.0
21.0	25.40911317981382	17.520823125918668	20.048995590396864	37.021068103870654	0.0
22.0	26.210072506368803	17.293748775230256	26.935136194395454	29.561042524005487	0.0
23.0	26.153394064061125	17.34743853462631	17.81761191105887	38.6815554902537	0.0
24.0	36.328928046989724	16.162506118453255	17.758198727361723	29.750367107195302	0.0
25.0	26.859827721221613	16.748238057948317	24.87274862960063	31.519185591229444	0.0
26.0	35.51511593777517	16.113883181684766	17.033558360238725	31.33744252030134	0.0
27.0	26.1592643318333	18.59714341616122	14.586186656231655	40.657405595773824	0.0
28.0	26.46397497311565	25.37882490957083	14.683742301300226	33.473457816013294	0.0
29.0	27.80492572322127	15.588350273651292	16.067240031274434	40.53948397185301	0.0
30.0	26.95438940657185	16.959293771456597	24.62972045120157	31.456596370769986	0.0
31.0	29.084838963079342	14.228201099764338	16.378633150039278	40.308326787117046	0.0
32.0	26.749779130264063	17.345636595661137	16.94316285461863	38.96142141945617	0.0
33.0	26.557280408724697	26.39025348791511	16.810768323835724	30.24169777952446	0.0
34.0	26.775205963122794	16.114162416633974	19.340918007061592	37.769713613181636	0.0
35.0	24.51415606195127	26.93104468777745	16.87876097464733	31.676038275623952	0.0
36.0	28.161373051884002	15.101597948313279	16.630499112250938	40.10652988755179	0.0
37.0	37.9746835443038	16.890822784810126	16.920490506329113	28.21400316455696	0.0
38.0	35.54324163863052	18.207005739164853	15.941025133584011	30.308727488620622	0.0
39.0	37.90713790713791	17.651717651717654	14.98861498861499	29.452529452529454	0.0
40.0	25.785042100049534	25.933630510153545	18.682516097077762	29.59881129271917	0.0
41.0	26.233740442855723	15.688610862873597	29.70906563399861	28.36858306027207	0.0
42.0	36.93442296192944	17.121785927845327	17.610125573051626	28.33366553717361	0.0
43.0	36.89106732019606	18.49554866459938	16.294888466539962	28.3184955486646	0.0
44.0	28.572863312242642	26.052023701918248	15.205383147534398	30.16972983830471	0.0
45.0	32.11559432933479	17.121046892039256	17.67720828789531	33.086150490730645	0.0
46.0	29.818141494788204	17.653581725438013	18.618318917720114	33.909957862053666	0.0
47.0	30.776936776491542	17.776046304541406	18.822350845948353	32.6246660730187	0.0
48.0	27.67190460269698	18.58910063523905	17.92042795051822	35.81856681154575	0.0
49.0	29.146681539319573	18.059118795315115	19.31957612939208	33.47462353597323	0.0
50.0	27.34785036292574	21.32886655499721	18.570630932439975	32.75265214963707	0.0
51.0	29.519015659955254	18.590604026845636	18.2662192393736	33.624161073825505	0.0
52.0	28.26890756302521	18.633053221288513	19.215686274509807	33.88235294117647	0.0
53.0	30.500673551863493	19.858554108666368	18.904355635383922	30.736416704086217	0.0
54.0	27.916431394692264	23.252399774138905	18.543195934500282	30.287972896668546	0.0
55.0	29.56934554086131	17.90437436419125	19.38510229456313	33.14117780038431	0.0
56.0	28.09141305577554	19.47052834030999	18.82565901120036	33.61239959271411	0.0
57.0	29.963776318768392	17.3760470907856	19.44758886121802	33.212587729227984	0.0
58.0	29.72360670593566	18.769823289533303	18.803806071590394	32.70276393294064	0.0
59.0	28.215014742572013	19.085960535268768	21.036516216829213	31.662508505330006	0.0
60.0	30.255536626916523	16.85406019307212	19.12549687677456	33.7649063032368	0.0
61.0	29.91122239927157	17.937628044616435	20.862736171181425	31.288413384930568	0.0
62.0	28.270042194092827	19.47770555365492	21.02862356026913	31.223628691983123	0.0
63.0	32.294520547945204	18.2648401826484	19.554794520547944	29.885844748858446	0.0
64.0	27.9337899543379	19.200913242009133	21.48401826484018	31.381278538812786	0.0
65.0	30.227246774009366	18.716455407102888	19.984012789768187	31.072285029119563	0.0
66.0	28.875171467764062	17.421124828532236	22.016460905349795	31.68724279835391	0.0
67.0	27.27168688487068	18.5626001373312	19.718471046005952	34.44724193179217	0.0
68.0	26.73992673992674	19.71153846153846	19.826007326007325	33.722527472527474	0.0
69.0	27.570414472177696	20.082436455232425	21.467826883444012	30.87932218914587	0.0
70.0	26.853018673387556	20.930232558139537	20.036659411158208	32.1800893573147	0.0
71.0	28.728648400779548	18.66330390920555	20.256792387939928	32.351255302074975	0.0
72.0	28.894241798577657	19.213122275751317	20.81899518238128	31.073640743289744	0.0
73.0	28.33371585953638	18.28092724351618	20.392471884324078	32.99288501262336	0.0
74.0	29.698082883710253	18.069108024337044	20.962002066352888	31.27080702559982	0.0
75.0	29.253731343283583	18.94374282433984	21.699196326061998	30.10332950631458	0.0
76.0	28.786313009530375	19.19853025605695	18.92295326673556	33.092203467677116	0.0
77.0	27.457510335323843	19.98162609095085	18.718419843821774	33.842443729903536	0.0
78.0	28.167719701321083	19.425617461229177	19.218839747271684	33.18782309017806	0.0
79.0	28.916216526835996	20.124123663946673	18.020917135961383	32.93874267325595	0.0
80.0	29.431399631675877	17.714088397790057	21.328268876611418	31.526243093922652	0.0
81.0	26.430957042496832	17.75883911090637	20.430726707359206	35.37947713923759	0.0
82.0	28.933425478000462	17.150426169085463	20.421561852107807	33.494586500806264	0.0
83.0	28.81180131381814	18.40497867926703	22.357957819522877	30.425262187391954	0.0
84.0	28.15959409594096	17.366236162361623	20.80258302583026	33.67158671586716	0.0
85.0	30.054203667397072	16.69934263637412	21.43928035982009	31.807173336408717	0.0
86.0	29.861591695501733	17.439446366782008	21.095732410611305	31.603229527104958	0.0
87.0	31.883221786291255	17.816755135010386	21.23240249249942	29.067620586198938	0.0
88.0	31.93674976915974	19.055863342566944	16.98984302862419	32.01754385964912	0.0
89.0	31.551604710228588	17.536365735395982	17.813438005079657	33.098591549295776	0.0
90.0	29.686057248384117	17.08217913204063	19.48291782086796	33.74884579870729	0.0
91.0	29.56592011082891	19.498960978988684	17.201570076194876	33.733548833987534	0.0
92.0	28.503809743708153	17.524821057492495	19.498960978988684	34.47240821981067	0.0
93.0	32.17421441774492	16.92467652495379	18.368761552680223	32.53234750462107	0.0
94.0	29.77813727755951	17.055696787612664	18.70811185578923	34.4580540790386	0.0
95.0	30.291464260929914	17.337497108489476	20.124913254684245	32.24612537589637	0.0
96.0	30.336688649774384	17.401365266689805	19.449265301399976	32.812680782135835	0.0
97.0	30.37037037037037	18.449074074074073	19.641203703703702	31.539351851851855	0.0
98.0	31.191385897881208	19.590135463702673	17.795530855621163	31.422947782794953	0.0
99.0	30.1679212507238	18.957730167921248	20.127388535031848	30.746960046323103	0.0
100.0	32.18684638624216	15.59377178712526	18.777597025331165	33.44178480130142	0.0
101.0	32.63427705930327	18.33857625538856	18.781311895607598	30.24583478970057	0.0
102.0	31.501403180542564	17.761927034611787	19.644527595884004	31.092142188961645	0.0
103.0	29.324102323398265	19.185637174372214	19.655010560901196	31.835249941328325	0.0
104.0	28.176145060638174	18.803720711173906	19.851642529141646	33.16849169904627	0.0
105.0	29.336794902053338	18.267642199669577	19.848949728581545	32.54661316969554	0.0
106.0	31.326868495742666	19.67833491012299	18.223746452223274	30.771050141911072	0.0
107.0	29.868280526877893	19.212056485107393	19.022190577904354	31.89747241011036	0.0
108.0	32.85731286445317	18.43389265738427	16.767821016303703	31.940973461858864	0.0
109.0	28.314043670206416	18.124328839040686	20.248180408065863	33.313447082687034	0.0
110.0	27.118034751348112	18.88556021569802	19.808268424206112	34.188136608747755	0.0
111.0	30.454108601633827	18.86112445939452	19.281595386833253	31.403171552138392	0.0
112.0	27.863330125120306	19.237247353224255	20.656881616939366	32.24254090471607	0.0
113.0	29.378394689197346	18.611949305974655	18.225709112854556	33.78394689197345	0.0
114.0	31.165377176015475	17.22678916827853	18.991779497098644	32.61605415860735	0.0
115.0	26.47842947164324	20.10421715947649	18.94086282113427	34.476490547746	0.0
116.0	30.31371595330739	18.1420233463035	18.5068093385214	33.0374513618677	0.0
117.0	29.993898718730932	18.840756558877363	19.658328248932275	31.507016473459426	0.0
118.0	29.712186160440908	16.938150642988365	20.66135946111451	32.688303735456216	0.0
119.0	25.675012272950415	19.50171821305842	23.821796759941087	31.001472754050074	0.0
120.0	26.276923076923076	20.689230769230768	21.193846153846156	31.840000000000003	0.0
121.0	30.351634793337446	18.32202344231956	18.457742134484885	32.86859962985812	0.0
122.0	26.70377241805813	17.79839208410637	20.51948051948052	34.97835497835498	0.0
123.0	30.726256983240223	17.318435754189945	18.57231533209187	33.382991930477964	0.0
124.0	31.436044339270147	16.52758749532943	20.438410760991406	31.597957404409016	0.0
125.0	28.42341780052428	18.249906378729246	19.39832729996255	33.92834852078393	0.0
126.0	30.856928088198448	18.61688799799549	17.815083938862443	32.71109997494362	0.0
127.0	29.838000753484867	17.71945246766294	20.331533341705388	32.1110134371468	0.0
128.0	29.79957141056347	18.36631791251733	19.967225513677043	31.866885163242152	0.0
129.0	31.172448721195238	18.84021271207901	17.548746518105848	32.4385920486199	0.0
130.0	30.59824717388543	18.391972564460815	18.04902832465388	32.96075193699987	0.0
131.0	29.793735676088616	19.773363891010952	19.404125286478227	31.028775146422205	0.0
132.0	29.98211548288196	16.543178334184976	21.665815022994376	31.80889115993868	0.0
133.0	29.248910535760064	19.18738784926942	19.07203281209946	32.49166880287106	0.0
134.0	27.79351184346035	20.095262615859937	19.59320288362513	32.51802265705459	0.0
135.0	28.530854634650144	17.363800671314227	21.23676736380067	32.86857733023496	0.0
136.0	28.27916612715266	17.79101385471967	19.629677586430144	34.30014243169753	0.0
137.0	29.798570500324885	16.82910981156595	18.47953216374269	34.89278752436647	0.0
138.0	28.921632546616248	18.35962967792411	18.65953840135611	34.059199374103535	0.0
139.0	29.867922060938927	18.621681705243887	18.700143847260364	32.81025238655682	0.0
140.0	29.401731828916294	19.06323799527683	19.91603253739176	31.618997638415113	0.0
141.0	30.379246773768763	18.936002106926523	18.856992362391363	31.827758756913354	0.0
142.0	32.80507131537242	17.498679344955097	17.80243000528262	31.893819334389857	0.0
143.0	32.48905980639172	20.96538920567564	18.73756796180878	27.807983026123857	0.0
144.0	30.95143047238856	18.86892880904857	17.658017298735864	32.52162341982701	0.0
145.0	30.431299238883696	18.33355588196021	18.48043797569769	32.754706903458406	0.0
146.0	28.96958327750235	19.281790164813078	17.459466702398498	34.28915985528608	0.0
147.0	29.252889008331096	18.597151303413064	17.965600644987905	34.18435904326794	0.0
148.0	28.85652642934196	18.136461704422867	20.024271844660195	32.982740021574976	0.0
149.0	29.93501218521527	19.049553208773354	18.805848903330624	32.20958570268075	0.0
150.0	28.74796306355242	16.865833785985878	19.92123845736013	34.46496469310157	0.0
151.0	28.682487725040918	18.930714675395528	20.52645935624659	31.860338243316967	0.0
152.0	29.574380730806077	18.694402627617354	17.43533597919803	34.29588066237854	0.0
153.0	30.608600082428904	18.848742959197693	19.439483445528232	31.103173512845174	0.0
154.0	30.193370165745858	17.997237569060772	19.530386740331494	32.27900552486187	0.0
155.0	29.033153003190453	20.516021639617147	17.949784990983492	32.501040366208905	0.0
156.0	32.328728896330404	16.575973210548348	19.492116645737408	31.603181247383844	0.0
157.0	30.552439708356705	18.914750420639372	20.330902972518228	30.201906898485696	0.0
158.0	28.573440360512603	20.997042670046472	19.58879031122377	30.840726658217154	0.0
159.0	32.169611307420496	16.537102473498233	19.26501766784452	32.02826855123675	0.0
160.0	26.310555476630203	19.05100156272198	22.23327177155846	32.40517118908936	0.0
161.0	29.18332381496288	16.961736150770985	20.488292404340378	33.36664762992576	0.0
162.0	30.666475150818727	17.82533754668199	20.884803217466246	30.623384085033035	0.0
163.0	29.4635131237381	16.93106432073839	19.54139025093741	34.06403230458609	0.0
164.0	27.436194895591647	18.430974477958237	20.069605568445475	34.06322505800464	0.0
165.0	27.900552486187845	16.530968304739748	21.19802268101192	34.37045652806049	0.0
166.0	27.129521586931155	19.632438739789965	19.70536756126021	33.532672112018666	0.0
167.0	28.295254833040424	17.7211482132396	21.192149970708847	32.79144698301113	0.0
168.0	28.70383992938061	18.581727232602617	18.728850963660438	33.985581874356335	0.0
169.0	27.59130563359456	17.610527872246045	20.37557297057519	34.42259352358421	0.0
170.0	28.057660870857482	17.640065388616435	18.472284143260513	35.829989597265566	0.0
171.0	30.650710545998507	17.44203440538519	17.427075542258788	34.480179506357516	0.0
172.0	27.874039475666716	19.843302697001658	17.025764652704538	35.25689317462709	0.0
173.0	28.43953382775844	17.2544271227486	19.312850007567732	34.993189041925234	0.0
174.0	31.01034692635423	18.639683505782106	18.76141205112599	31.588557516737676	0.0
175.0	29.21640648913376	17.646158555249464	20.278543005815735	32.85889194980104	0.0
176.0	28.738641614045896	16.63329739719698	19.46711843523795	35.16094255351918	0.0
177.0	27.384090556675456	19.81702589548767	19.44487517444565	33.354008373391224	0.0
178.0	26.63966349898738	20.2991120112167	20.20563950771148	32.85558498208444	0.0
179.0	27.872707320896694	18.216021319956106	21.445367612478446	32.46590374666876	0.0
180.0	29.442344045368618	16.918714555765597	19.72274732199118	33.9161940768746	0.0
181.0	28.247782002534855	18.583650190114067	18.567807351077313	34.60076045627377	0.0
182.0	29.97766432673899	18.203573707721763	18.96936821952776	32.849393746011486	0.0
183.0	28.978546269612554	19.772654498879284	19.484470060838937	31.76432917066923	0.0
184.0	30.72832742507251	20.802449242668388	17.918143731872384	30.55107960038672	0.0
185.0	29.525511862203444	19.548261293467665	19.044523886902827	31.881702957426068	0.0
186.0	29.17823884986113	19.114523770625716	20.552197353373632	31.15504002613952	0.0
187.0	30.55327532424889	21.572812346084387	17.714660975209327	30.159251354457396	0.0
188.0	29.338842975206614	18.52892561983471	19.32231404958678	32.8099173553719	0.0
189.0	28.975853455453787	18.2014987510408	19.916736053288925	32.90591174021649	0.0
190.0	31.57718120805369	18.456375838926174	18.053691275167786	31.91275167785235	0.0
191.0	29.411764705882355	19.337390128465177	18.289384719405003	32.961460446247465	0.0
192.0	31.439265056141547	17.778155835318135	18.59476012249064	32.18781898604968	0.0
193.0	31.013200754328818	18.49819989713698	19.115378021601234	31.373221326932963	0.0
194.0	29.278812974465147	19.47895100069013	20.18633540372671	31.05590062111801	0.0
195.0	30.318316228909374	20.229605148721514	19.412071664637327	30.04000695773178	0.0
196.0	30.715287517531557	19.53015427769986	18.443197755960732	31.311360448807857	0.0
197.0	28.3235970968313	20.16286068330678	20.339883165161975	31.173659054699947	0.0
198.0	28.00143781452193	21.998562185478075	19.662113587347232	30.33788641265277	0.0
199.0	28.770214366303122	21.530650620534036	18.239939827002633	31.459195186160212	0.0
200.0	23.893999123959702	19.338589575120455	22.711344721857206	34.05606657906264	0.0
201.0	30.513307984790877	17.522179974651458	20.75411913814956	31.210392902408113	0.0
202.0	31.381957773512475	17.59436980166347	21.401151631477926	29.62252079334613	0.0
203.0	30.373230373230374	19.111969111969113	19.498069498069498	31.016731016731015	0.0
204.0	30.533117932148627	18.772213247172857	22.58481421647819	28.109854604200322	0.0
205.0	28.864970645792564	17.71037181996086	23.515981735159816	29.908675799086758	0.0
206.0	28.431051424828034	22.633475270226008	20.89747789059941	28.037995414346543	0.0
207.0	29.594193335532825	18.508742989112502	20.68624216430221	31.210821511052455	0.0
208.0	28.524046434494192	17.611940298507463	21.923714759535656	31.94029850746269	0.0
209.0	26.02006688963211	19.26421404682274	19.665551839464886	35.05016722408027	0.0
210.0	30.050420168067227	17.781512605042018	20.537815126050422	31.630252100840334	0.0
211.0	30.108254397834912	18.50473612990528	21.41407307171854	29.972936400541272	0.0
212.0	26.150698943061712	17.45652915103989	23.048073644732355	33.34469826116604	0.0
213.0	28.56164383561644	21.36986301369863	17.671232876712327	32.3972602739726	0.0
214.0	29.519529899758034	21.984099550639474	19.979260283442795	28.517110266159694	0.0
215.0	25.38300835654596	20.020891364902507	19.15041782729805	35.44568245125348	0.0
216.0	28.842105263157897	18.842105263157894	20.807017543859647	31.508771929824565	0.0
217.0	24.51820128479657	19.450392576730906	25.089221984296934	30.94218415417559	0.0
218.0	24.587155963302752	21.357798165137616	18.128440366972477	35.92660550458716	0.0
219.0	22.73272073511786	22.45305633240112	23.971234518577706	30.842988413903317	0.0
220.0	13.574392412566686	24.540604623592174	20.74688796680498	41.138114997036155	0.0
