# Position (bp)	A	C	G	T	N
0.0	26.877951019859577	24.300984003159414	24.109964585460247	24.710640103767272	4.60287753491973E-4
1.0	27.058162430927073	20.056541715098692	15.31457287537722	37.5704479702551	2.750083419197049E-4
2.0	28.07851643305636	20.02621839779298	17.99201032668927	33.90170291780094	0.001551924660448013
3.0	23.66231337513803	22.1551248956247	15.029134126130847	39.15142650796163	0.002001095144797426
4.0	34.58208763096872	13.7604407837364	14.49553360178257	37.160668862849754	0.0012691206625535072
5.0	36.141209430612385	14.870842163748934	22.862285332672144	26.121771959003947	0.003891113962583772
6.0	32.30031481207057	17.57878434108135	20.11164804661098	30.009072081482476	1.807187546309181E-4
7.0	35.53544715315037	16.782180139627307	20.65005331043828	27.031687435618956	6.319611650836039E-4
8.0	22.887992149420768	27.271202156023044	22.14550630102786	27.695028808306603	2.7058522171753067E-4
9.0	28.808582395921867	18.20983175713615	15.724448346006902	37.25623621597312	9.012849619702809E-4
10.0	26.5740784103231	17.19697324480981	25.266669308442996	30.96020764361957	0.0020713928045217604
11.0	28.2871280088069	18.591345941795602	19.757648204639825	33.3637878314627	9.001329496366613E-5
12.0	26.297141057651213	19.74339249162112	21.16193175427942	32.79753469644825	0.0
13.0	27.32786095064064	21.706678369220363	18.675764922554514	32.28951590276329	1.7985482118833678E-4
14.0	31.58025841540708	18.502564729750144	20.47512248113323	29.441874518888355	1.7985482118833678E-4
15.0	29.716962467895915	18.953190984237523	19.508762526888297	31.82072431133589	3.5970964237667355E-4
16.0	30.619833670261364	17.59690577765628	19.010384817375414	32.772246242832786	6.294918741591787E-4
17.0	29.95670894453997	18.325048021237258	20.3151416176862	31.402381997251815	7.194192847533471E-4
18.0	31.579089359069357	18.117855267228293	18.490694311551714	31.81218120732944	1.7985482118833678E-4
19.0	30.579276408083395	18.47162970050575	19.516766066431178	31.431788260516115	5.395644635650104E-4
20.0	30.24330760210358	18.211199919425038	19.542215523629327	32.002557535557294	7.194192847533471E-4
21.0	30.31983582851922	17.421457399587055	19.481154811835886	32.7766526859519	8.992741059416838E-4
22.0	28.505370464960684	19.319105617945194	19.76955201761138	32.405971899482736	0.0
23.0	29.919568923964572	17.752570125394783	20.149675182192933	32.1768368572888	0.0013489111589125259
24.0	30.93898605046007	18.130804814353855	18.569021086179234	32.36082833936447	3.5970964237667355E-4
25.0	29.572898756124054	18.197171243372352	19.37620952367249	32.85327083977813	4.496370529708419E-4
26.0	31.785922403435947	17.77927856634125	20.082589333889683	30.351670131869557	5.395644635650104E-4
27.0	29.116067510305683	18.355533413428677	20.05660031222797	32.47161890921648	1.7985482118833678E-4
28.0	30.38170588700801	18.130894741764447	20.0052517607787	31.481787900806466	3.5970964237667355E-4
29.0	29.312019337990375	18.756609664678674	19.34923130049424	32.58186991460493	2.697822317825052E-4
30.0	30.190272521906792	18.49397113627534	19.164124663664225	32.15028273788112	0.0013489402725219068
31.0	30.63217486319141	18.382848226771767	19.430102836895376	31.552805644113295	0.0020684290281531175
32.0	29.16146554670216	18.53652175477094	19.686673741388923	32.61479935967768	5.395974602946202E-4
33.0	29.67070720515731	18.37173913434506	19.600628834659297	32.356834889531235	8.99363071073066E-5
34.0	29.63710801675772	18.190199002379824	19.496764839734997	32.67493879548067	9.893456467892135E-4
35.0	30.319944804448113	17.87253615443932	19.44263315250477	32.3645251333667	3.6075524109723705E-4
36.0	31.033791887889233	17.407925837080917	19.179330840659286	32.37831969221522	6.31742155341786E-4
37.0	29.14124862166841	18.90669067665357	19.54201010189494	32.409418441151	6.321586320809668E-4
38.0	30.72079603428876	18.40865443273067	19.286298503820657	31.583889524033314	3.6150512659457654E-4
39.0	29.62869427472279	19.05254582484725	19.50486535415252	31.8132609187599	6.336275175379045E-4
40.0	29.800924263974153	18.69848727887416	19.486338251532487	32.012796103004995	0.0014541026142038563
41.0	29.707042680449458	18.269500282576402	20.564166755685083	31.458468572847647	8.217084414108187E-4
42.0	29.16149984156087	18.42564625763118	19.563752058334906	32.84891867585186	1.8316662118028908E-4
43.0	29.36271863627517	18.597441179818812	20.316051749273814	31.72314579179106	6.426428411423618E-4
44.0	29.52343892301833	18.873857215663115	19.7522993676394	31.850128514366567	2.7597931259072824E-4
45.0	29.389607062080763	18.712154587163575	19.711780395684446	32.18562846657069	8.294885005244211E-4
46.0	30.307013616638685	17.430423693375932	19.55309067512718	32.708918155241314	5.53859616895303E-4
47.0	29.631474747997565	18.30194817798498	19.953065528950933	32.11267970134962	8.318437168995521E-4
48.0	30.360312339790752	18.02487095347292	18.788230438508336	32.82566087183445	9.253963935451751E-4
49.0	29.4020664798945	17.961267171624964	20.10920889351855	32.52727210381888	1.8535114310683733E-4
50.0	29.68711818895553	18.61114853407787	19.431377376810048	32.26924095383657	0.0011149463199803026
51.0	30.197140474249156	18.186143446469252	19.53707625339809	32.078893505708415	7.463201750867131E-4
52.0	29.591206492409803	18.225834115142987	19.956343623854114	32.22661576859309	0.0
53.0	31.36079136352085	17.880881342532025	19.371182245145746	31.38714504880138	0.0
54.0	29.925695857444868	18.51369043908024	19.317093353434934	32.242859113073415	6.612369665470772E-4
55.0	28.809779270706166	18.473282732160055	18.475747075014596	34.24119092211919	0.0
56.0	29.08055985429492	18.50315783069769	20.45203937687502	31.96386270565824	3.8023247413468593E-4
57.0	28.38628424009915	18.78814842195215	19.749486273474943	33.07589053076024	1.9053371351160302E-4
58.0	30.57448657112577	18.04701299445277	21.83631381460229	29.541518279118172	6.683407009939181E-4
59.0	29.466997036054476	20.42155593262838	21.092152195779274	29.019103428013064	1.914075248040226E-4
60.0	31.178406366161855	19.083697513206022	19.712477949952994	30.024553933670774	8.642370083571718E-4
61.0	29.171805020561454	21.060228417708398	19.71016309352206	30.055200142700805	0.002603325507286901
62.0	30.7487134125169	16.650954101852335	21.8358095171587	30.763941021627083	5.8194684497518E-4
63.0	26.411784138601046	20.495768899210077	25.434301140217645	27.657852606393273	2.932155779572257E-4
64.0	26.35898131840143	19.903174701514335	18.34626009088558	35.390207132974	0.0013767562246590809
65.0	27.65098837663925	19.693791800992386	18.561051101017227	34.092585022364794	0.0015836989863336677
66.0	26.53183944184157	19.67781244586568	17.071798782612504	36.71396969075491	0.004579638925337947
67.0	33.34718019505056	14.39055957670644	17.9339214412481	34.32603653769733	0.00230224929756372
68.0	33.99631257517336	15.516391597214756	23.11780085066335	27.367973762086052	0.001521214862472035
69.0	31.693039876957265	17.238212895442693	20.498969807268974	30.569362855851782	4.1456447928628576E-4
70.0	32.811780845178674	16.1039291826603	22.09411181167807	28.990066447112657	1.1171337030301135E-4
71.0	25.87710008387627	19.999830552990318	25.595535636118193	28.526968903649607	5.648233656129887E-4
