# Position (bp)	A	C	G	T	N
0.0	25.817866225068357	24.522426110457012	26.34433819282913	23.315369471645496	0.0
1.0	24.956366641459827	20.92805840329029	15.327672961995106	38.78790199325478	0.0
2.0	27.19191120435943	19.744977185693468	18.811041422872975	34.252070187074125	0.0
3.0	22.603754704534516	23.470568177110387	15.263246790081359	38.662430328273736	0.0
4.0	33.81996451404307	13.668145779114251	14.441892541896683	38.06999716494599	0.0
5.0	35.20101630481503	15.300290691195528	23.698814629440363	25.799878374549078	0.0
6.0	32.059933916077235	17.897092434727803	21.099743431398142	28.943230217796824	0.0
7.0	34.30686672056324	17.61654073116856	20.2885588607877	27.788033687480507	0.0
8.0	22.46154727465414	27.147162629647664	22.346022016631817	28.045268079066375	0.0
9.0	29.397444668968483	18.609047081099142	15.31034702222788	36.683161227704495	0.0
10.0	26.54741678279849	16.805388516630714	25.27346658266995	31.373728117900846	0.0
11.0	27.624889443175384	18.766981210112053	19.826099682487165	33.782029664225405	0.0
12.0	25.970167296001627	20.11146704500991	21.359109027112833	32.559256631875634	0.0
13.0	26.66925379401165	21.478670513428145	18.206802660499974	33.64527303206024	0.0
14.0	30.537072848019136	18.599399506373885	20.27302104272156	30.59050660288542	0.0
15.0	30.293115071037	18.667722364253827	19.037534500960305	32.001628063748875	0.0
16.0	29.722073859301084	17.567017650948674	18.61615545042983	34.094753039320416	0.0
17.0	30.1455512926061	18.171184086307242	20.16230288273569	31.520961738350973	0.0
18.0	31.17660705716347	17.607950193701754	18.859145932580983	32.356296816553794	0.0
19.0	29.915100214791373	18.189270599001027	19.783683481399574	32.11194570480802	0.0
20.0	29.96273599740772	18.050644733957892	19.76040485289773	32.226214415736656	0.0
21.0	29.702919979290478	17.895950525837673	19.608933046618663	32.79219644825319	0.0
22.0	28.891196712304406	18.8023031654233	19.62645019706483	32.68004992520746	0.0
23.0	29.422132175713482	17.613266475917673	20.50117656772489	32.463424780643955	0.0
24.0	30.587006356483805	18.571918438883138	18.658280256799404	32.182794947833656	0.0
25.0	29.231511641935093	17.97626531039869	19.559847864322403	33.23237518334381	0.0
26.0	30.729328702674902	17.7240144507019	20.222093827975694	31.3245630186475	0.0
27.0	29.050208394835998	18.376520107800285	19.67101232592762	32.9022591714361	0.0
28.0	29.762569832402235	17.760601828339258	20.01587100050787	32.46095733875063	0.0
29.0	29.351182711747136	18.508573985737	19.855211834417183	32.28503146809868	0.0
30.0	30.0374531835206	18.21367358598362	19.22554434076049	32.52332888973529	0.0
31.0	29.87227748541538	18.15856128078005	19.65860254302382	32.310558690780745	0.0
32.0	29.649298788036543	18.271190314450237	19.606953076888892	32.47255782062433	0.0
33.0	30.295199789211036	18.167215331722787	19.865272835206838	31.672312043859343	0.0
34.0	29.79205689069494	17.993269627607226	20.005396996730056	32.20927648496777	0.0
35.0	29.757494373069466	18.458554362974322	19.84171579318292	31.942235470773294	0.0
36.0	30.178604308598782	17.882335760861974	19.22012203252084	32.7189378980184	0.0
37.0	28.843980187960376	19.235458470916942	19.08274066548133	32.837820675641346	0.0
38.0	29.87690070455852	18.221362823822272	19.993078244414175	31.908658227205038	0.0
39.0	29.0664075647596	18.81346567852312	20.002286193297643	32.117840563419634	0.0
40.0	30.31010262663212	18.292117563379566	19.49143931311284	31.906340496875472	0.0
41.0	29.8706659765465	18.11628948212409	20.62358496257792	31.389459578751495	0.0
42.0	29.880056780110447	18.969891933604107	19.64947491100321	31.500576375282236	0.0
43.0	29.88780600887263	18.54678136938276	19.77923220313686	31.786180418607753	0.0
44.0	29.36752679634776	18.363159984120685	20.499880905121078	31.76943231441048	0.0
45.0	29.305312502977504	19.273584216527293	19.64708236332858	31.774020917166624	0.0
46.0	30.224868985231062	18.067016039383834	19.230427187549626	32.47768778783548	0.0
47.0	29.76402959951726	18.468256740877187	19.90154667005431	31.866166989551242	0.0
48.0	30.781911565252468	18.46673294561209	19.377062614545583	31.37429287458986	0.0
49.0	29.50494231844285	18.64073537632769	19.46434924022971	32.389973064999744	0.0
50.0	29.742472090023576	18.55115928860536	19.85976706209771	31.846601559273356	0.0
51.0	29.93051164652765	18.75486529681091	19.541256128288147	31.7733669283733	0.0
52.0	29.59220314530762	18.398683152679933	19.34627936610834	32.66283433590411	0.0
53.0	30.999952330255987	18.056981234010774	19.589404604897272	31.353661830835968	0.0
54.0	30.190172311877504	18.211287031799202	19.87974397925393	31.71879667706936	0.0
55.0	29.24104659994852	18.134031659870907	19.1116040641079	33.513317676072674	0.0
56.0	29.324264191723348	18.58559532134003	20.364566778971458	31.725573707965165	0.0
57.0	28.48728169721475	18.373036308036596	19.698270107379223	33.44141188736943	0.0
58.0	29.642215687832792	17.972502582849877	19.378208694270047	33.007073035047284	0.0
59.0	29.538034061682357	17.92196396722906	20.49391664838641	32.046085322702176	0.0
60.0	29.834032811903853	18.3479587943533	19.721798295815844	32.096210097927	0.0
61.0	30.14699569791955	17.764444402048973	19.722797210801943	32.36576268922954	0.0
62.0	29.130125094600007	18.223618521886785	19.88317296379443	32.763083419718775	0.0
63.0	29.276483158644552	18.119403174926223	19.99592958176453	32.6081840846647	0.0
64.0	28.59527890581026	18.741592757130455	19.70896231965172	32.954166017407566	0.0
65.0	29.73946723227261	18.04681512762703	20.546886676354895	31.66683096374546	0.0
66.0	29.982127183218633	18.37497296815967	20.360700156466653	31.282199692155043	0.0
67.0	29.258060001526758	17.780668719305833	19.823341560853965	33.137929718313444	0.0
68.0	29.619024894615446	18.24290145549988	19.995227869243617	32.14284578064105	0.0
69.0	29.79988546703996	17.912636803257826	19.86319674217358	32.42428098752863	0.0
70.0	28.67115067673766	17.95216066076576	20.047279368250916	33.32940929424566	0.0
71.0	29.499960225916794	17.829607827539576	20.858165619282477	31.812266327261156	0.0
72.0	29.927920187121103	18.13610832657088	20.096424650341305	31.839546835966715	0.0
73.0	29.981732427804904	17.80165362900916	19.096296201999884	33.12031774118606	0.0
74.0	29.665499681731383	18.23742838956079	20.399427116486315	31.697644812221515	0.0
75.0	30.207915560563524	18.0837519018608	19.6899091563059	32.01842338126977	0.0
76.0	29.219921371384917	18.31219061868305	19.393254492495267	33.074633517436766	0.0
77.0	29.143399277941562	17.972505746540932	21.30709132702116	31.577003648496348	0.0
78.0	30.03451327997147	17.95836756006393	19.169197852790035	32.83792130717456	0.0
79.0	29.87888358942683	17.866262520775095	19.371621062283893	32.883232827514185	0.0
80.0	30.71551839422287	18.02137130412079	20.07539816471697	31.18771213693937	0.0
81.0	30.14484631770666	18.555230419955613	19.597079511044175	31.702843751293553	0.0
82.0	29.893040125078414	18.077460729900046	19.12572482112322	32.90377432389832	0.0
83.0	29.72349863548503	18.279723976295333	20.124127872725943	31.872649515493695	0.0
84.0	30.606687898089174	18.109235668789808	19.01433121019108	32.269745222929934	0.0
85.0	29.7919639217285	17.529555646147575	19.34939359967387	33.32908683245006	0.0
86.0	30.33333545662435	17.781182121040327	19.861901152310036	32.02358127002529	0.0
87.0	29.66366213332484	18.516100264356467	20.149377329044178	31.670860273274513	0.0
88.0	29.83905644331621	17.829603039868008	19.316411911033533	33.014928605782245	0.0
89.0	29.567258689226378	18.717192437060444	20.341007542554276	31.374541331158902	0.0
90.0	30.20312733921342	18.464934494060987	19.534562226660423	31.79737594006517	0.0
91.0	29.962538464969008	18.291804970661502	19.69629398385586	32.04936258051363	0.0
92.0	29.187427522842253	18.49553349559721	20.26525046831394	32.05178851324659	0.0
93.0	30.101535295223346	18.42609141681083	19.816427244720135	31.655946043245685	0.0
94.0	29.764286806688418	17.833974816476346	19.9597904771615	32.441947899673735	0.0
95.0	30.15918533812546	18.15592261221993	20.761323952996356	30.923568096658254	0.0
96.0	29.791064560636528	18.87333547887544	19.505208250352897	31.830391710135135	0.0
97.0	29.895409090039966	18.33495860341498	19.803119243835127	31.96651306270993	0.0
98.0	29.25376464026771	17.9424747032109	20.963110509122778	31.840650147398613	0.0
99.0	29.73983382255921	18.55393117691491	19.770143516880683	31.936091483645196	0.0
100.0	29.735131793473908	18.513547709269588	20.04529249534743	31.706028001909075	0.0
101.0	29.666512125075663	18.690517585545212	20.484165926154876	31.158804363224252	0.0
102.0	30.257375407939048	18.073487537543397	19.776754950527234	31.892382103990325	0.0
103.0	29.34628657409679	17.68084654007818	19.953551510393666	33.01931537543137	0.0
104.0	30.24540927892088	18.17385462497036	19.96206233369339	31.618673762415366	0.0
105.0	30.34686783030802	18.078165621337337	19.67321975821848	31.901746790136166	0.0
106.0	29.229430856225115	18.246729347207815	20.001672968180145	32.52216682838692	0.0
107.0	29.674098906917685	17.967898927828237	20.32640699356832	32.03159517168576	0.0
108.0	29.270612856429402	18.69315730287454	20.43262452309041	31.60360531760565	0.0
109.0	28.622437462806015	18.251215858488436	20.29337929996648	32.83296737873906	0.0
110.0	29.453416918408216	17.763778118785307	21.331397389227984	31.451407573578493	0.0
111.0	29.03100802015072	18.811716755125907	20.22821792112711	31.929057303596263	0.0
112.0	29.34360917442695	18.0141809393131	19.203819659685315	33.43839022657463	0.0
113.0	30.272794522372937	17.848916499843988	20.56949932160725	31.30878965617583	0.0
114.0	30.08601656746207	18.21643675927725	19.41431018951905	32.28323648374163	0.0
115.0	29.412413969899703	17.686328824578705	20.634406343351337	32.26685086217025	0.0
116.0	29.922322569529197	17.95518830674688	20.48149956207733	31.640989561646588	0.0
117.0	30.058508309482544	18.186785154737652	19.82190606105561	31.932800474724193	0.0
118.0	29.6143833268918	18.033121613639512	19.967403431755038	32.38509162771365	0.0
119.0	30.334395196995917	17.916836601595367	19.90902510627822	31.83974309513049	0.0
120.0	29.984501744016157	18.16292033008696	19.971666672831446	31.880911253065435	0.0
121.0	29.509594723925925	17.81382548885984	19.974453791526553	32.70212599568768	0.0
122.0	29.427692769276923	18.075307530753076	20.78757875787579	31.70942094209421	0.0
123.0	29.01148973631414	18.660147881709747	19.764537860211355	32.56382452176476	0.0
124.0	28.90975037337316	18.077356822823006	19.70267304702978	33.31021975677405	0.0
125.0	29.06996403430574	18.20878546617073	20.43281792751529	32.28843257200824	0.0
126.0	29.539965653456555	18.09008408312949	20.109397229792332	32.26055303362162	0.0
127.0	29.605443240918156	17.931412036131857	19.323896296875613	33.139248426074374	0.0
128.0	29.323317165503372	17.850861627035766	21.281596277455737	31.54422493000513	0.0
129.0	29.96545184926034	18.137182795100443	19.453908632266938	32.443456723372286	0.0
130.0	29.834369276763205	17.983737491534118	19.712180049773377	32.4697131819293	0.0
131.0	30.01768596509646	18.11236644673617	20.68006169898326	31.189885889184104	0.0
132.0	30.62875043225321	18.306381074428916	19.34053416325949	31.72433433005838	0.0
133.0	29.972517330489357	17.998277205791872	20.075064604782806	31.95414085893597	0.0
134.0	30.602634976331554	17.501406865503657	20.49596146843656	31.399996689728226	0.0
135.0	29.552560286855652	18.1576453792948	20.507340449067677	31.782453884781876	0.0
136.0	28.479706102914538	18.540878489395944	20.229438579048036	32.749976828641486	0.0
137.0	30.33882737153646	17.97681617934718	23.02223129390553	28.662125155210834	0.0
138.0	30.58774034849727	19.921611724756698	19.882117084436963	29.60853084230906	0.0
139.0	30.421560175538158	19.219955552282386	19.981545099704114	30.376939172475335	0.0
140.0	29.060221371242722	21.008847855356798	19.99379251254612	29.93713826085436	0.0
141.0	31.367916211164793	16.974203900271537	20.95293930951793	30.704940579045736	0.0
142.0	27.108819345661452	19.636824324324326	24.09895092460882	29.155405405405403	0.0
143.0	27.70522220827881	18.937003639231996	19.331403165952565	34.026370986536634	0.0
144.0	27.985987117188383	19.55927223415075	18.912419482427392	33.54232116623347	0.0
145.0	27.399392108361702	19.51368668936372	17.241395047417374	35.8455261548572	0.0
146.0	33.1529286917203	14.667220338201028	19.601356495259186	32.57849447481948	0.0
147.0	33.90650944192723	16.39602622913911	22.155930168200452	27.541534160733217	0.0
148.0	31.750644593845635	16.944986626183763	21.025566881129663	30.278801898840936	0.0
149.0	32.95973175199479	16.8317344013578	23.143117348153208	27.06541649849421	0.0
150.0	28.12077632411199	17.70431772029695	25.74919271613569	28.425713239455376	0.0
