# Position (bp)	A	C	G	T	N
0.0	25.491453824426856	24.577829912854877	27.031643707938034	22.899072554780222	0.0
1.0	24.917692337679366	20.49558249726232	15.064871550431826	39.52185361462649	0.0
2.0	27.217115633246554	19.377291323521597	18.605104227547244	34.80048881568461	0.0
3.0	22.59626959736011	23.317140874392784	14.861065869789968	39.22552365845714	0.0
4.0	34.056265550179965	13.162486329998266	13.876334705347315	38.90491341447445	0.0
5.0	35.77506749178245	14.970968803405194	23.564273760114922	25.68968994469743	0.0
6.0	32.77046031055308	17.696713684784033	20.606247147602925	28.92657885705997	0.0
7.0	34.845424282838714	17.450659232976154	19.87533474601754	27.82858173816759	0.0
8.0	22.579698045929845	27.7344247449521	22.04165664398002	27.644220565138028	0.0
9.0	29.703516628111803	18.3906704301874	15.07530578605941	36.83050715564139	0.0
10.0	26.18732669345255	16.5306151321374	25.635575236262802	31.646482938147248	0.0
11.0	27.432229315131472	18.412406500327137	19.74889922370957	34.40646496083182	0.0
12.0	26.026069920573736	19.599827426461747	21.481515535154784	32.89258711780973	0.0
13.0	26.416722363084062	21.765452661581495	18.042102955269588	33.775722020064855	0.0
14.0	30.911405385336188	18.214670886299746	20.16300984777497	30.710913880589096	0.0
15.0	30.290528310424797	18.783938571186155	19.03883138186549	31.88670173652356	0.0
16.0	29.9014807928198	17.077723064523543	18.506552039846017	34.51424410281064	0.0
17.0	30.114409520342416	17.94925264463774	20.222951885795474	31.71338594922437	0.0
18.0	30.85184583088895	17.617559955046968	18.690495543571224	32.84009867049286	0.0
19.0	29.751093647304927	18.27115385974459	19.458794761800437	32.518957731150046	0.0
20.0	30.500408085390546	17.74023156637659	19.44182398270142	32.317536365531446	0.0
21.0	29.781167858455106	17.33274921568073	19.680054266414178	33.206028659449984	0.0
22.0	29.35469967710254	18.45779369890695	19.219817566469537	32.967689057520964	0.0
23.0	29.13038409772537	17.85508638931182	20.30881838638684	32.70571112657598	0.0
24.0	30.062485208772653	18.67138573048353	18.757219002002774	32.508910058741044	0.0
25.0	29.637831652114944	17.790539967788423	19.29480658924585	33.27682179085078	0.0
26.0	30.856951139835072	17.727746287369108	19.792693047977256	31.62260952481856	0.0
27.0	29.640001695106793	18.330814216295625	19.34823143858063	32.680952650016955	0.0
28.0	29.611724198816987	17.76887083958683	19.55998940584444	33.05941555575174	0.0
29.0	29.684244722698928	18.34466831924405	19.49511642195809	32.47597053609893	0.0
30.0	30.198593180598323	18.303483149241504	19.159086414870476	32.3388372552897	0.0
31.0	29.920261604090744	18.109585558098143	19.370638754696724	32.599514083114386	0.0
32.0	29.740038212016657	18.308217702546646	19.48706901118461	32.46467507425209	0.0
33.0	30.15811351540344	17.925064718118602	19.89397883108306	32.0228429353949	0.0
34.0	29.711163539783	18.027732255877034	19.40374943490054	32.857354769439425	0.0
35.0	30.137291122876793	18.1127503788133	19.56054125267995	32.18941724562996	0.0
36.0	30.2347925298745	17.480687104602243	18.884779636949357	33.3997407285739	0.0
37.0	29.0637870984606	18.979646624137224	18.871203611470232	33.08536266593194	0.0
38.0	29.91006457264776	17.933039435943083	19.74305172876662	32.413844262642534	0.0
39.0	28.684670681950653	18.832859388522884	20.206651712383206	32.27581821714326	0.0
40.0	30.23336324263984	18.017295586375486	19.39748055306311	32.35186061792156	0.0
41.0	29.79482541790897	18.302858596278032	20.341886984414078	31.560429001398916	0.0
42.0	29.73119058301509	18.66722249110622	19.031805640440467	32.569781285438225	0.0
43.0	29.756933403992225	18.299240416887475	19.319908143437555	32.62391803568274	0.0
44.0	29.574160633971758	18.189237601619553	20.19212764228504	32.04447412212365	0.0
45.0	29.40384622179196	19.133239821786304	19.366783143895898	32.096130812525836	0.0
46.0	30.098260565395744	17.7547407807846	19.201619656353017	32.945378997466634	0.0
47.0	29.451938636347574	18.093232615162844	19.71918568087226	32.73564306761732	0.0
48.0	30.60357772525077	18.374088874284965	18.968020944850174	32.05431245561409	0.0
49.0	29.33295173890461	18.5567957374489	18.958529872130534	33.15172265151595	0.0
50.0	29.598640345143156	18.561338171744758	19.60757986382251	32.232441619289574	0.0
51.0	29.7179261583472	18.34593001685447	19.433520251863	32.50262357293533	0.0
52.0	29.630807502579543	18.277290138376515	19.20733861962713	32.88456373941681	0.0
53.0	30.903539738574565	17.83050104775131	19.669454780608298	31.59650443306583	0.0
54.0	29.903493800068553	17.97538402824158	19.54683430687629	32.57428786481358	0.0
55.0	28.891653208279294	17.866848546317467	19.19525322382859	34.04624502157465	0.0
56.0	29.0202079460556	18.30872426296482	20.165183525470212	32.50588426550937	0.0
57.0	28.682904762577927	18.132147754421183	19.391354132798032	33.79359335020286	0.0
58.0	29.601487178037267	17.86663462354039	18.968588311798467	33.563289886623885	0.0
59.0	29.894892347710535	17.608535844042013	20.229512136505647	32.267059671741805	0.0
60.0	29.709450886561793	18.258189696303546	19.772607590820897	32.25975182631376	0.0
61.0	29.909590861537595	17.646393530692453	19.735205134730116	32.70881047303984	0.0
62.0	28.87746085604213	18.065599264835825	20.034284098540276	33.022655780581765	0.0
63.0	29.075356991375656	17.778170507563974	19.9063339459918	33.24013855506857	0.0
64.0	28.818801340327166	18.16440215470316	19.70655600955761	33.31024049541206	0.0
65.0	29.343522891157427	17.967579108107344	20.489989537086785	32.19890846364844	0.0
66.0	30.04864115833828	18.09868216396595	20.12068380419106	31.731992873504712	0.0
67.0	29.180468112032976	17.849201607743183	19.570773576168072	33.39955670405577	0.0
68.0	29.71485336123759	17.97668203286292	19.738609689188042	32.56985491671144	0.0
69.0	29.807189218999675	17.91542344839289	19.62328718695646	32.65410014565098	0.0
70.0	28.841272422594766	17.850754077960275	19.58799697378934	33.71997652565562	0.0
71.0	29.734105926316122	17.89172620794253	20.393343633001834	31.980824232739515	0.0
72.0	29.817254899187915	18.006172817682682	19.918120012868876	32.25845227026053	0.0
73.0	29.941417505453437	17.69672157228769	19.247725818369517	33.11413510388935	0.0
74.0	29.475883721423575	18.057333173053124	20.370671550498873	32.09611155502443	0.0
75.0	30.062052505966584	17.852382215150712	19.220012375143643	32.86555290373906	0.0
76.0	29.174386535605684	18.34064069019164	19.37097800721307	33.113994766989606	0.0
77.0	29.03812086517144	18.254594057515444	20.743181842290433	31.964103235022684	0.0
78.0	30.01272984441301	18.22949080622348	18.692715700141445	33.06506364922207	0.0
79.0	29.571886746417064	18.15388314668722	18.84730851240634	33.42692159448937	0.0
80.0	30.45807519307477	18.26784350335229	19.57834733655832	31.69573396701463	0.0
81.0	30.004632527415016	18.231647588433532	19.535120569482604	32.22859931466884	0.0
82.0	29.965732230446328	17.84965325543811	18.39567426875975	33.78894024535582	0.0
83.0	29.960179932949515	18.259940871090492	19.811013820321673	31.968865375638323	0.0
84.0	30.11416284119765	18.489216775005836	18.927760526818364	32.46885985697815	0.0
85.0	29.839434129089305	17.310698496905395	19.05923961096375	33.790627763041556	0.0
86.0	30.538716728088104	17.314480134113303	20.071371478287933	32.075431659510656	0.0
87.0	29.599173802172306	18.180242695611884	20.05192030869241	32.1686631935234	0.0
88.0	29.54826798333416	17.981919401274695	19.144496240282386	33.32531637510876	0.0
89.0	29.581460167444227	18.329377725743754	20.177135762819177	31.91202634399284	0.0
90.0	30.007817114883288	18.363145663623534	19.60468743920513	32.02434978228805	0.0
91.0	29.815674886012726	18.219216361816297	19.598382777929093	32.36672597424188	0.0
92.0	28.966544276305083	18.532589086741517	20.3886070844918	32.1122595524616	0.0
93.0	29.97279734553031	18.261152557721626	19.723162582731092	32.04288751401697	0.0
94.0	29.846084184981976	17.821477464474846	19.500012381184845	32.83242596935834	0.0
95.0	30.444072605322646	18.044141941919985	20.1949914921165	31.316793960640872	0.0
96.0	29.809386342892317	18.820799105658267	19.26407845301522	32.10573609843419	0.0
97.0	29.825970359415958	18.18519527477154	19.139368766650275	32.84946559916222	0.0
98.0	28.95591565242004	17.70379281064251	20.988536654401358	32.351754882536085	0.0
99.0	29.435699299091045	18.549143235220235	19.466941227669803	32.54821623801892	0.0
100.0	29.496484745895312	18.152722410500598	19.789618176193	32.56117466741109	0.0
101.0	29.781559472310608	18.772299882020665	20.125129598512746	31.321011047155984	0.0
102.0	30.23970053692342	17.8568589618517	19.451731090250828	32.45170941097405	0.0
103.0	29.16883428708632	17.523710432590338	19.691573383197696	33.61588189712565	0.0
104.0	30.13518863359775	17.986906350346768	19.48395184821337	32.39395316784211	0.0
105.0	30.470833194646314	18.096622323802762	19.283413401974165	32.14913107957676	0.0
106.0	29.209404257856757	17.989295724253086	19.767502534438545	33.03379748345161	0.0
107.0	30.03281720478612	17.916013517831434	19.993308748623217	32.05786052875922	0.0
108.0	29.15981541399247	18.402906699199068	20.538224306855295	31.899053579953176	0.0
109.0	28.373837051842983	17.966333151508447	20.155479350160398	33.504350446488175	0.0
110.0	29.240138610137883	17.79674350600759	21.14034852083949	31.82276936301504	0.0
111.0	29.140992973515555	18.60242452320284	20.048258821712608	32.20832368156899	0.0
112.0	28.929170810542022	18.14667764793635	19.238329811039286	33.685821730482346	0.0
113.0	30.27013291634089	17.660672400312745	20.36200156372166	31.707193119624705	0.0
114.0	30.157611178499977	18.390727642212383	18.914522913089368	32.53713826619827	0.0
115.0	29.36427650500843	17.641574928096794	20.315779034017652	32.67836953287712	0.0
116.0	30.186514662147033	18.00550030379585	20.255987976080075	31.551997057977037	0.0
117.0	29.848832990688113	18.369814971580603	19.429999596887974	32.351352440843314	0.0
118.0	29.284611634709133	17.95417614559636	19.78225544361391	32.9789567760806	0.0
119.0	30.34034316674237	17.962442351997577	19.626715117587604	32.07049936367245	0.0
120.0	29.47212324676127	18.28682058781126	19.63915720964719	32.601898955780285	0.0
121.0	29.439951584890174	17.798770554659747	19.406251683958764	33.355026176491315	0.0
122.0	29.668802883893257	18.079407199719622	19.979472287588244	32.27231762879888	0.0
123.0	28.97218639859861	18.81713428747863	19.360299770215374	32.85037954370738	0.0
124.0	29.05945625476412	18.119759464724318	19.376640975692386	33.44414330481917	0.0
125.0	29.082709078950742	18.20445363149488	20.195091951175762	32.51774533837862	0.0
126.0	29.284729997416242	18.087589354922056	19.791146326759108	32.836534320902594	0.0
127.0	29.842702289545915	17.529878747872008	19.15844422054685	33.46897474203523	0.0
128.0	28.746721085337175	17.713802752755605	21.163286665820024	32.3761894960872	0.0
129.0	29.871362061737383	18.13199179188456	19.1010789700139	32.89556717636416	0.0
130.0	30.022845256720238	17.70507395818518	19.367799743990897	32.90428104110369	0.0
131.0	29.540918163672654	18.242886424460497	20.208461999767284	32.00773341209956	0.0
132.0	30.456276334467454	18.228971857326336	18.70214731529258	32.61260449291363	0.0
133.0	29.73486997689588	18.11971476167348	19.539097713645052	32.60631754778559	0.0
134.0	30.13240035672635	17.49834213715671	20.31739498296403	32.05186252315291	0.0
135.0	29.273285568065504	18.152184938264774	19.931856114046493	32.642673379623226	0.0
136.0	28.571362126863935	18.45936316871471	19.65470088650338	33.314573817917974	0.0
137.0	30.652716758664717	17.79974465848072	22.854943486913747	28.69259509594082	0.0
138.0	29.883843717001056	19.962970153564953	19.78445030566197	30.368735823772024	0.0
139.0	30.421472407288007	19.21150034625212	19.595482006829524	30.771545239630342	0.0
140.0	28.87622000837815	21.024831112801724	19.809517389483013	30.289431489337115	0.0
141.0	31.043212570929725	17.05659828313691	21.10723119452932	30.79295795140404	0.0
142.0	26.71637124039946	19.670112763587326	24.335046610252302	29.278469385760907	0.0
143.0	26.61773826752119	18.980182521633836	19.23319255343237	35.1688866574126	0.0
144.0	27.579126950277228	19.41846278975193	18.2644144456898	34.737995814281035	0.0
145.0	27.159357507665987	19.401827831663407	16.63556918397871	36.80324547669189	0.0
146.0	33.576889454828425	14.254602048498995	19.00495702396653	33.16355147270605	0.0
147.0	34.53322663055188	16.148029589502087	21.657586670360224	27.661157109585808	0.0
148.0	31.407356024656714	17.095216324299894	20.7369687797239	30.76045887131949	0.0
149.0	32.833769043540975	16.974668709997296	22.64040385828901	27.55115838817272	0.0
150.0	26.8502719226273	18.48347770524894	25.23253196633823	29.433718405785527	0.0
