# Position (bp)	A	C	G	T	N
0.0	26.19662790589744	23.997917331802913	23.872137622826546	25.933317139473093	0.0
1.0	26.728555934404707	20.52216267544054	15.598295126272705	37.15098626388205	0.0
2.0	29.068926971533273	19.52263736787106	17.716326556340928	33.69210910425474	0.0
3.0	23.274617954994874	22.54604706660019	15.01030387142673	39.1690311069782	0.0
4.0	34.25539028121532	13.141451341312713	14.856311678855114	37.74684669861686	0.0
5.0	35.16093051812344	14.833635152984673	23.32527722515641	26.680157103735475	0.0
6.0	31.32132240395463	17.446129851183528	20.971144998143163	30.261402746718684	0.0
7.0	35.216269882243985	17.197390697754187	20.088018623672518	27.498320796329306	0.0
8.0	22.53281316229665	27.130908583067114	22.779207205857592	27.557071048778635	0.0
9.0	27.434810320863534	18.627855215016822	15.468432196048385	38.46890226807126	0.0
10.0	26.712778993695856	16.605425464182996	24.975542604171004	31.70625293795014	0.0
11.0	28.076460382168904	18.565919813343253	19.262312439337784	34.095307365150056	0.0
12.0	26.14407234978959	20.007374845511514	20.68535660895713	33.163196195741776	0.0
13.0	26.29351185103022	20.923770278637555	18.97211384353357	33.81060402679866	0.0
14.0	30.44685893534112	18.544183795010795	20.283310273086293	30.72564699656179	0.0
15.0	29.595479048193408	18.685292905972645	19.995106770752212	31.72412127508174	0.0
16.0	29.823794744783793	17.964679145217954	18.571625080635027	33.63990102936323	0.0
17.0	30.427135511298705	17.876335006295044	19.734887079459675	31.961642402946577	0.0
18.0	31.597572846287846	17.84892872231064	19.079883892560368	31.473614538841144	0.0
19.0	29.98735740769455	18.582825605379615	19.969485570398973	31.460331416526866	0.0
20.0	29.575003088894714	17.83886575086043	20.178620368364257	32.4075107918806	0.0
21.0	29.112141403824772	18.52220276519955	20.15574679673743	32.20990903423825	0.0
22.0	29.82844996288076	18.911385998434028	22.763928990073186	28.49623504861203	0.0
23.0	29.615850002572618	20.315879298945156	21.098830980231423	28.9694397182508	0.0
24.0	33.11559396557729	19.431422862161092	17.628715905340165	29.824267266921456	0.0
25.0	29.463172849648007	20.95667182007477	19.455696499380995	30.124458830896227	0.0
26.0	31.831751317549227	16.539867392787354	22.506211916028267	29.122169373635153	0.0
27.0	26.127446570871843	21.10383621472666	24.925437756758903	27.843279457642588	0.0
28.0	26.74622306055039	19.81019310754709	18.79630060668342	34.6472832252191	0.0
29.0	28.271927039781815	20.148448954833533	17.178909831925626	34.40071417345902	0.0
30.0	26.70836183371999	19.06699100267414	15.890161540863723	38.33448562274214	0.0
31.0	34.405841261973926	14.43298896490934	18.443787498820736	32.717382274296	0.0
32.0	34.39865117225123	15.501295886684863	22.62133744577439	27.478715495289517	0.0
33.0	31.298880889739557	17.29363338708292	21.099061077236613	30.308424645940914	0.0
34.0	32.97621876813593	16.573003118006437	21.92717738598229	28.523600727875348	0.0
35.0	26.550615441999252	20.314335446972525	25.628248166107177	27.50680094492105	0.0
