# Position (bp)	A	C	G	T	N
0.0	26.337450944269847	23.680145979575762	23.919899283713907	26.062503792440484	0.0
1.0	26.571540870618605	20.150177909874667	15.23088924324481	38.04739197626192	0.0
2.0	28.74070805950296	19.092951598337837	18.155769330204144	34.01057101195505	0.0
3.0	23.068424853848725	22.427510190805457	15.022421083556736	39.48164387178908	0.0
4.0	34.093150411870546	13.075971799413539	14.69781588835869	38.13306190035723	0.0
5.0	34.73017687336497	14.797873061178995	23.075384813761723	27.396565251694316	0.0
6.0	30.872065127087357	17.206334595099076	21.0457543336523	30.875845944161266	0.0
7.0	34.91007610697352	16.879523389762575	20.141177457894425	28.06922304536948	0.0
8.0	22.494441051543575	26.890351169064697	22.575368020472357	28.039839758919367	0.0
9.0	27.731014752726367	18.51319696385091	15.660384718898982	38.095403564523735	0.0
10.0	26.255807679232856	16.579210685594354	25.047017082846118	32.11796455232667	0.0
11.0	28.247620789729638	18.07711358874829	19.218406765870498	34.456858855651575	0.0
12.0	26.074601640109705	19.657079891396574	21.103876200750896	33.16444226774282	0.0
13.0	26.304947373976677	20.74420685396572	18.568597953922332	34.38224781813527	0.0
14.0	30.445411940235555	18.57269566028856	20.192316833344968	30.789575566130917	0.0
15.0	29.687117718143586	18.57304533123181	19.7204686770779	32.019368273546704	0.0
16.0	29.9206214177168	17.56315193825336	18.548448165817458	33.96777847821239	0.0
17.0	30.452536485704307	17.861759996573227	19.71144279585522	31.974260721867253	0.0
18.0	31.1393339271183	17.67246781688738	18.71627929136124	32.471918964633076	0.0
19.0	29.66303413192713	18.326265063032015	20.051596133120164	31.95910467192069	0.0
20.0	29.495039098128707	17.75885839430447	20.010575360589968	32.735527146976864	0.0
21.0	29.023354850116284	18.349605598494055	19.72527665254761	32.90176289884205	0.0
22.0	29.773704985466253	18.97792057464923	22.400947783091684	28.847426656792834	0.0
23.0	29.72199739473293	20.239773736674397	20.889451422018844	29.14877744657383	0.0
24.0	32.51566061419046	19.282112440844145	17.945364133661283	30.25686281130412	0.0
25.0	29.309877406460018	21.04320829209675	19.263175573823677	30.38373872761956	0.0
26.0	31.94470259994552	16.62470068986799	21.770709616748626	29.65988709343787	0.0
27.0	26.216928641230076	21.217038459760687	24.84367250212835	27.72236039688089	0.0
28.0	26.377438531399523	19.784589586296658	18.489998482209565	35.347973400094254	0.0
29.0	27.990831190779264	19.88127360210572	17.335002574998683	34.792892632116335	0.0
30.0	26.647074013313272	19.077342779958002	15.897929777983377	38.37765342874535	0.0
31.0	34.26005235493389	14.303801209003714	18.22460989488257	33.211536541179825	0.0
32.0	34.171338119720424	15.618916476498384	22.421393301328738	27.78835210245245	0.0
33.0	31.2079157187877	17.277614811576925	20.76583938767908	30.748630081956296	0.0
34.0	33.20758631587454	16.365921649564125	21.975636264066324	28.45085577049501	0.0
35.0	26.35291826122398	20.431991321590434	25.31504124077399	27.9000491764116	0.0
