# Position (bp)	A	C	G	T	N
0.0	27.306216734163897	23.857972581778323	23.064098461357375	25.771712222700405	0.0
1.0	27.217445466862735	19.994917976694246	15.311292274132043	37.47634428231098	0.0
2.0	28.259960794393763	19.82490113985315	18.075193169479633	33.83985342262381	9.147364964311556E-5
3.0	23.896854466478707	22.070942674310455	15.405474723375049	38.62636304475013	3.6509108566223415E-4
4.0	34.40288791572967	13.796807997305097	14.518331709715305	37.28142611324053	5.46264009395741E-4
5.0	36.26936641980385	15.12316001386386	22.625200020741207	25.97490495887692	0.007368586714165244
6.0	33.20919806861647	17.394631975450487	19.76586701377274	29.624394624703676	0.00590831745662386
7.0	35.7531895640861	16.598361586591793	20.280930572299965	27.366973168868146	5.451081540003216E-4
8.0	23.572701708572097	26.846201271373044	22.39131086169528	27.189150562638414	6.35595721169605E-4
9.0	29.084200876771014	18.224493315301743	16.30657941312615	36.384454105666336	2.722891347558928E-4
10.0	26.70101296787611	16.98082220617217	25.27737753468807	31.040333615217385	4.5367604626769787E-4
11.0	28.267765317571975	18.99018815485245	20.046297178176108	32.694388734837084	0.0013606145623855383
12.0	26.871859604068675	19.4994953603073	21.27811223948486	32.34345967915253	0.00707311698663453
13.0	27.313500223027297	21.51161736494156	19.010538493060768	32.1641625959652	1.8132300517495858E-4
14.0	31.81556911851634	18.07862890796407	20.876533539316267	29.228361819177444	9.066150258747928E-4
15.0	30.061087720443442	18.87373028565626	19.721777980859542	31.34267872102005	7.252920206998343E-4
16.0	30.722916689332042	17.322965283897428	19.144445532382477	32.80767794133113	0.001994553056924544
17.0	30.394812711467956	18.0031078763087	20.702191469840546	30.896533466787062	0.003354475595736734
18.0	31.23769270102375	18.217612991430677	18.629397536183006	31.90777186664781	0.007524904714760781
19.0	30.435610387632323	18.648436451726376	19.69068108547204	31.225272075169265	0.0
20.0	30.51548317141189	18.280894720236734	19.06847119321417	32.1351509151372	0.0
21.0	30.621557129439243	17.72541169388325	19.12595058585463	32.526808606315115	2.7198450776243785E-4
22.0	28.56082117562584	19.397028478591196	19.916337565412274	32.12445285783188	0.0013599225388121893
23.0	30.17813172028388	17.691050984402594	20.434649375704893	31.695261304582758	9.066150258747928E-4
24.0	31.207321097656944	17.980714485169592	18.879351298816687	31.931525180325725	0.0010879380310497514
25.0	29.60941211455262	18.12867405739236	19.356049479421653	32.90550170262302	3.6264601034991716E-4
26.0	32.09118008638228	18.029399712059067	19.758767873915232	30.120652327643416	0.0
27.0	29.478224920308538	18.018973639261507	20.190679272241987	32.31175952217762	3.6264601034991716E-4
28.0	30.19853055836606	17.971557673408256	19.8545970821502	31.972232194987505	0.003082491087974296
29.0	29.729538605481032	18.340368665934122	19.91515896587864	32.01339251716222	0.001541245543987148
30.0	30.00922029989093	18.269067752431773	19.593454584356678	32.12735074582888	9.066174917339151E-4
31.0	30.23048134354068	18.36770033617529	19.70659911731321	31.692861986806843	0.0023572161639752094
32.0	28.97207869859555	18.46920152711758	20.05679093158343	32.50165685548322	2.719872202271456E-4
33.0	29.64655004374493	18.786202894871643	19.534807816969405	32.03089797232057	0.0015412720934554866
34.0	29.90037861204596	17.778174683764654	19.893723888824415	32.42763215156087	9.066380410815828E-5
35.0	30.06213163488117	17.66401744657033	19.676197025047696	32.59747246078105	1.814327197581139E-4
36.0	30.98054586266152	17.415816988482845	19.137492718988334	32.46578151339797	3.629164693308365E-4
37.0	29.30027276241359	18.729957951396386	19.21359855833359	32.755807770552906	3.629573035176007E-4
38.0	30.510780378322895	18.39684243866978	19.337703507604846	31.753947632328156	7.260430743204918E-4
39.0	29.471866533994756	18.714456396214494	20.170518509910444	31.64288619510034	2.7236477996557307E-4
40.0	29.91964130743947	18.597725820830014	19.929464641902655	31.549715068776973	0.0034531610508877807
41.0	29.9124529990966	18.582744789074777	20.6899500628195	30.81339651977245	0.001455629236677126
42.0	29.13948224720083	18.79161879234715	19.490295549190524	32.57696460729705	0.0016388039644488791
43.0	29.33112881406884	18.567517957266944	20.108221854802345	31.990762882090102	0.0023684917717684893
44.0	29.656270535768808	18.92995713521411	20.39873456370976	31.014946621811912	9.114349540773498E-5
45.0	29.901818191765933	18.322073170842913	19.44103757024873	32.33497987943161	9.118771081458894E-5
46.0	30.07457750815335	17.575660820580655	19.11838894337127	33.230642917417384	7.298104773416653E-4
47.0	29.50225905744695	17.67996488445544	20.319927432741594	32.495567210038956	0.002281415317057412
48.0	30.23582959362893	17.975045917119143	18.684524744123888	33.10414331253218	4.5643259585997377E-4
49.0	29.756719905972002	17.282393586077717	20.134009989104953	32.82623724535225	6.392734930725585E-4
50.0	29.834784309353086	18.732395910824838	20.021092920345897	31.41163546900675	9.139046943628531E-5
51.0	30.3585986917292	18.47454416855081	19.366671760181465	31.800093879272715	9.150026580827216E-5
52.0	30.131970989104424	17.87188076067477	19.699537863323354	32.296610386897456	0.0
53.0	31.600907894905845	17.420738095806033	19.506162419242674	31.460998867883678	0.011192722161773368
54.0	30.23099673022521	18.37916528895257	19.470223005988462	31.91722693706602	0.002388037767735773
55.0	28.902679099310664	18.315377351464324	18.4360135973232	34.34445877817183	0.0014711737299862905
56.0	29.582071393797836	18.489335288016704	20.470706897805215	31.457150193121613	7.36227258630194E-4
57.0	28.10311070835889	18.48945814477346	20.04527278788649	33.361697895312666	4.6046366849562836E-4
58.0	30.52266240522579	18.25581363200283	22.108897140208224	29.11235034499792	2.764775652279696E-4
59.0	29.830497530106868	20.235781394855426	21.241726665159977	28.684153479297635	0.007840930580090492
60.0	31.137361693322667	19.26769743514897	19.719312960598877	29.87544316332243	1.847476070566196E-4
61.0	29.10712336219291	20.863270747715255	19.73343596708565	30.2957073309735	4.6259203268490264E-4
62.0	30.998451510009552	16.10568675994696	22.27424035902714	30.6214359231133	1.8544790304783629E-4
63.0	26.323161878576883	20.06570349900896	26.106072458012168	27.50282988244245	0.002232281959534309
64.0	26.15007771771917	19.463649832955856	18.790717884213187	35.59331674236413	0.002237822747654715
65.0	27.50609121014535	19.261313382711247	18.955771176187902	34.271308016088646	0.005516214866853533
66.0	26.2448315546009	19.673174315778425	17.121002537833206	36.9535880163291	0.007403575458365666
67.0	33.651909010952664	14.237241311914122	17.96834477211393	34.14137731437979	0.001127590639494238
68.0	33.97635274424826	15.681269344257002	23.13283388971327	27.20954402178147	0.0
69.0	32.362008632993216	17.102447563958318	20.47934607690684	30.056197726141626	0.0
70.0	32.912255925078846	16.072492386653835	22.20597486241819	28.809276825849135	0.0
71.0	25.865429331326844	19.731788754252033	26.018267417010225	28.384514497410894	0.0
