# Position (bp)	A	C	G	T	N
0.0	31.63548163548164	18.035343035343036	27.97990297990298	22.34927234927235	0.0
1.0	20.148995148995148	24.047124047124047	18.97089397089397	36.83298683298683	0.0
2.0	25.636584098389054	23.298111900225184	23.523298111900225	27.542005889485537	0.0
3.0	28.635734072022164	16.759002770083104	15.668282548476453	38.936980609418285	0.0
4.0	35.40512465373961	10.370498614958448	19.823407202216067	34.40096952908587	0.0
5.0	36.09764542936288	13.919667590027702	24.532548476454295	25.450138504155124	0.0
6.0	29.842478795222434	15.128959667647567	23.991691189198548	31.03687034793145	0.0
7.0	36.35104725636143	14.575038947550631	23.38584040159252	25.688073394495415	0.0
8.0	22.624199411459234	30.846460100398133	20.16617621602908	26.363164272113554	0.0
9.0	27.245975419768047	22.88384974900467	16.634931625411113	33.23524320581617	0.0
10.0	28.474987017483123	16.617621602908084	26.89977496970746	28.00761640990133	0.0
11.0	27.730656049852865	18.97178466332006	22.589579366453176	30.707979920373894	0.0
12.0	20.85857711615025	15.613640297732386	28.38843690496798	35.139345681149386	0.0
13.0	23.541630604119785	20.962437251168424	21.464427903756274	34.03150424095551	0.0
14.0	28.890427557555824	13.22485719231435	23.351220356586463	34.53349489354336	0.0
15.0	26.692054699671107	18.469794010732212	23.957071144192486	30.881080145404187	0.0
16.0	38.58404015925221	14.80006924009001	20.062316081010906	26.553574519646876	0.0
17.0	36.10870694131903	14.523108880041544	20.44313657607755	28.925047602561882	0.0
18.0	26.380474294616583	21.239397611216894	24.441751774277307	27.938376319889212	0.0
19.0	35.67595637874329	16.081010905314177	17.275402458023194	30.96763025791934	0.0
20.0	26.328544227107496	21.222087588713865	24.528301886792452	27.921066297386187	0.0
21.0	31.158040505452654	18.34862385321101	22.831919681495584	27.661415959840745	0.0
22.0	33.92764410593734	19.144884888350354	25.134152674398475	21.79331833131383	0.0
23.0	30.44832958282846	17.82932317812013	24.528301886792452	27.194045352258954	0.0
24.0	33.667993768391895	21.58559806127748	19.95845594599273	24.787952224337893	0.0
25.0	26.39778431711961	25.982343777046914	19.42184524839882	28.198026657434657	0.0
26.0	39.20720096936126	12.497836247187122	17.569672840574693	30.725289942876927	0.0
27.0	32.61208239570711	15.128959667647567	28.042236454907393	24.216721481737927	0.0
28.0	32.00623160810109	18.954474640817033	23.576250649125843	25.463043101956035	0.0
29.0	26.605504587155966	23.230050199065257	15.475160117708153	34.68928509607063	0.0
30.0	26.506861212437034	17.578599965259684	17.960743442765327	37.95379537953795	0.0
31.0	40.40844824576715	14.313143655088147	14.662244719846395	30.616163379298307	0.0
32.0	32.7728148537397	15.449290593799264	23.92713259765283	27.850761954808195	0.0
33.0	29.848619768477292	18.325912733748886	21.727515583259127	30.09795191451469	0.0
34.0	41.0134750427026	8.616435756310494	23.116340861643575	27.253748339343332	0.0
35.0	28.303612254229538	25.58299039780521	28.692272519433015	17.421124828532236	0.0
