# Position (bp)	A	C	G	T	N
0.0	36.312474876055205	17.687257135200323	20.78252713386038	25.217740854884095	0.0
1.0	23.754019292604504	28.510182207931408	23.35209003215434	24.383708467309752	0.0
2.0	30.71076143485798	22.349646619549272	16.468862515002	30.470729430590744	0.0
3.0	33.03179459890914	18.544632167087936	19.582280164959425	28.8412930690435	0.0
4.0	35.160303312491685	18.318478116269787	16.801915657842223	29.7193029133963	0.0
5.0	28.2883362149222	22.64928846921133	17.768320255353107	31.294055060513365	0.0
6.0	28.115440883096156	24.95012634658864	19.32437824178747	27.610054528527726	0.0
7.0	35.07512298896424	19.50538492221779	17.218454992687143	28.201037096130833	0.0
8.0	33.6567858567061	18.64947494350658	17.014488900704507	30.67925029908281	0.0
9.0	28.37586390217969	22.554492291334398	18.301435406698566	30.768208399787344	0.0
10.0	26.089266737513285	15.130180658873538	19.73963868225292	39.04091392136026	0.0
11.0	25.839861904129595	18.510158013544018	18.151639888461027	37.49834019386535	0.0
12.0	25.60084982074094	16.584782897357588	19.227194263709997	38.58717301819147	0.0
13.0	27.164099840679768	23.433351035581516	19.875199150292087	29.527349973446626	0.0
14.0	26.678163969222606	18.028654815600955	26.266914300875566	29.026266914300873	0.0
15.0	29.855495161076494	18.838658358743203	19.99204560519687	31.31380087498343	0.0
16.0	25.523456135701032	17.850516830108667	18.844420885237213	37.78160614895309	0.0
17.0	29.05020532520864	21.963173930321897	19.009140283481255	29.97748046098821	0.0
18.0	24.933792372881356	20.246292372881356	19.266419491525426	35.55349576271186	0.0
19.0	26.9429365814908	25.592479809347278	17.820733483384085	29.64385012577784	0.0
20.0	26.376389624139758	18.131286394917943	18.515087347803068	36.97723663313923	0.0
21.0	26.495500264690314	18.409211222869242	20.11646373742721	34.97882477501324	0.0
22.0	27.818951826363154	16.76813128639492	25.251455796717842	30.16146109052409	0.0
23.0	26.2572789835892	18.488618316569614	19.52091053467443	35.733192165166756	0.0
24.0	34.325790657668385	15.323541087733227	18.84345639804155	31.507211856556832	0.0
25.0	28.013762074897446	17.718671430461825	23.197035860791317	31.070530633849415	0.0
26.0	35.03968253968254	17.037037037037038	16.402116402116402	31.521164021164022	0.0
27.0	27.63227513227513	17.883597883597886	15.78042328042328	38.7037037037037	0.0
28.0	26.259420864736217	22.86129842655031	16.18405394684649	34.695226761866984	0.0
29.0	29.207986248843053	15.470051566838555	17.281502049451277	38.04046013486712	0.0
30.0	27.668874172185433	16.874172185430464	21.788079470198678	33.66887417218543	0.0
31.0	29.87012987012987	14.855552610654652	18.022793532997614	37.25152398621787	0.0
32.0	27.043858486815953	17.75539949648867	16.973631906717902	38.227110109977474	0.0
33.0	28.58846918489066	23.339960238568587	16.62027833001988	31.45129224652087	0.0
34.0	29.33315691982006	15.705213019317279	19.330510717120934	35.63111934374173	0.0
35.0	26.233628786876572	23.495171318957535	17.87273448868898	32.39846540547692	0.0
36.0	27.74176478370155	15.941262071702605	18.78555364466199	37.531419499933854	0.0
37.0	35.2263701350278	17.884564469155414	18.241990998146676	28.647074397670107	0.0
38.0	32.468563864990074	19.933818663136996	16.068828590337525	31.52878888153541	0.0
39.0	35.739785799286	16.26338754462515	16.72616686500066	31.27065979108819	0.0
40.0	25.642043950225045	22.915011914217633	19.565792957373578	31.877151178183745	0.0
41.0	28.893605730963117	14.579464048819316	26.651631732555053	29.875298487662512	0.0
42.0	35.39176626826029	16.480743691899068	19.00398406374502	29.123505976095615	0.0
43.0	35.28472591804151	18.014901543374133	18.014901543374133	28.685470995210217	0.0
44.0	30.218900160170847	23.13134009610251	15.282968499733048	31.366791243993593	0.0
45.0	31.77478236450435	16.484133670317327	17.860151642796968	33.880932322381355	0.0
46.0	30.658174097664542	16.26326963906582	18.315640481245577	34.76291578202406	0.0
47.0	30.74525361292151	17.79540946443752	17.809577784074808	33.64975913856617	0.0
48.0	28.081609521110796	18.688013601586853	18.6171720034004	34.61320487390196	0.0
49.0	30.65155807365439	18.8385269121813	17.43626062322946	33.07365439093484	0.0
50.0	28.749468913751592	20.903554737289337	18.73672284378983	31.61025350516924	0.0
51.0	30.45325779036827	18.569405099150142	17.54957507082153	33.42776203966006	0.0
52.0	28.549164069141398	18.064607537546046	20.770756588268632	32.615471805043924	0.0
53.0	28.98653437278526	18.979447200566973	20.311835577604537	31.722182849043236	0.0
54.0	27.477669076988516	22.330923011484476	19.424358429037287	30.76704948248972	0.0
55.0	29.61860201332766	19.651212250106337	18.616191691478804	32.113994045087196	0.0
56.0	27.25081525591947	18.871402240181485	19.466893520487734	34.41088898341131	0.0
57.0	29.480998298355075	17.768009075439593	20.036868973340898	32.71412365286444	0.0
58.0	30.998298355076574	18.448667044809984	18.30686330119115	32.24617129892229	0.0
59.0	28.75177304964539	18.397163120567374	20.25531914893617	32.59574468085106	0.0
60.0	28.425531914893615	17.27659574468085	20.78014184397163	33.5177304964539	0.0
61.0	29.815602836879435	17.659574468085108	19.95744680851064	32.56737588652482	0.0
62.0	27.910278250993752	19.08006814310051	20.6984667802385	32.311186825667235	0.0
63.0	31.765875834635604	17.388833641142206	19.292513141071176	31.552777383151014	0.0
64.0	28.18181818181818	17.47159090909091	22.926136363636363	31.420454545454547	0.0
65.0	29.6875	18.764204545454547	20.653409090909093	30.894886363636363	0.0
66.0	29.66486793524567	16.642999147969327	21.343368361261007	32.348764555524	0.0
67.0	29.575465000709926	18.159875053244356	18.486440437313647	33.77821950873208	0.0
68.0	26.307561114269472	19.329164297896533	20.267197271176805	34.096077316657194	0.0
69.0	27.4587833996589	19.584991472427514	20.523024445707787	32.4332006822058	0.0
70.0	27.66169154228856	18.79175550817342	19.16133617626155	34.385216773276476	0.0
71.0	29.22945692351436	18.80864373045209	19.76116007961331	32.20073926642024	0.0
72.0	27.915244596131966	18.714448236632535	21.387940841865756	31.98236632536974	0.0
73.0	28.398748577929467	17.46302616609784	20.875995449374287	33.26222980659841	0.0
74.0	28.19527469399374	17.89069171648164	21.80472530600626	32.10930828351836	0.0
75.0	29.22003985197837	17.876458867065185	22.715627668659266	30.187873612297185	0.0
76.0	29.50469684030743	18.37460859664105	18.44577284372331	33.67492171932821	0.0
77.0	28.807287218901223	18.901224025049814	18.573868488471394	33.71762026757757	0.0
78.0	28.19527469399374	18.758895530885283	19.81212638770282	33.23370338741816	0.0
79.0	28.97808141189866	19.655565044121833	17.549103330486762	33.81725021349274	0.0
80.0	28.96797153024911	16.88256227758007	20.640569395017792	33.50889679715303	0.0
81.0	26.619217081850532	17.893238434163703	19.82918149466192	35.65836298932384	0.0
82.0	29.437722419928825	17.508896797153024	20.939501779359432	32.11387900355872	0.0
83.0	29.11032028469751	18.348754448398576	21.380782918149464	31.160142348754448	0.0
84.0	27.898034747935064	18.157220165195103	20.279122757049272	33.665622329820565	0.0
85.0	29.374911006692294	16.972803645165886	20.418624519436136	33.23366082870568	0.0
86.0	30.817430931358587	17.31700370264882	20.435773283964682	31.429792082027912	0.0
87.0	31.78581600683566	17.416690401594987	21.475363144403303	29.32213044716605	0.0
88.0	30.89303518017377	19.156815268480273	18.159806295399516	31.790343255946446	0.0
89.0	29.93730407523511	17.668851524650897	18.63778854374466	33.756055856369336	0.0
90.0	29.07275320970043	16.776034236804566	19.486447931526392	34.66476462196862	0.0
91.0	29.35216894977169	19.149543378995435	16.85216894977169	34.646118721461185	0.0
92.0	28.471528471528472	17.525331811046097	18.081918081918083	35.92122163550735	0.0
93.0	31.23037396517271	17.19954324864402	19.35483870967742	32.21524407650585	0.0
94.0	30.364025695931478	17.53033547466096	19.214846538187007	32.890792291220556	0.0
95.0	31.12062812276945	16.3169164882227	20.39971448965025	32.1627408993576	0.0
96.0	29.21187892632781	16.90462592804112	20.045688178183894	33.83780696744717	0.0
97.0	29.316007425389117	17.549621590746824	20.19134656575753	32.943024418106525	0.0
98.0	29.77720651242502	18.82319337332191	18.594687232219364	32.804912882033705	0.0
99.0	30.3186169452779	17.731104443491926	19.91713101871696	32.03314759251322	0.0
100.0	30.821034532167936	16.606963748388022	18.770597506806133	33.80140421263791	0.0
101.0	31.237410071942445	17.942446043165468	19.467625899280574	31.35251798561151	0.0
102.0	30.7237600922722	17.502883506343714	19.579008073817764	32.19434832756632	0.0
103.0	28.62098872506505	19.528765539173172	18.386816999132698	33.46342873662908	0.0
104.0	28.000000000000004	19.18840579710145	18.028985507246375	34.78260869565217	0.0
105.0	29.895257491998834	17.806226360197847	18.708175734652315	33.590340413151004	0.0
106.0	32.24346810684572	18.493650561961758	17.57407677711283	31.688804554079695	0.0
107.0	30.134976525821592	18.58861502347418	18.676643192488264	32.59976525821596	0.0
108.0	32.95053003533569	17.62367491166078	17.373380447585397	32.052414605418136	0.0
109.0	29.09171335889118	18.43114125626659	19.905632556767916	32.57151282807432	0.0
110.0	26.732673267326735	18.604994827840994	19.26998670016255	35.392345204669724	0.0
111.0	31.76156583629893	18.16429418742586	19.15776986951364	30.916370106761565	0.0
112.0	28.73289708506841	18.723973825104103	18.753718024985126	33.789411064842355	0.0
113.0	30.132697182048606	17.36991203220516	17.75756672133592	34.73982406441032	0.0
114.0	31.04893012120305	17.53703426604818	19.138111626515037	32.27592398623373	0.0
115.0	26.350540216086433	19.717887154861945	18.187274909963985	35.74429771908763	0.0
116.0	29.76995940460081	17.155314990227033	17.967222973988875	35.10750263118328	0.0
117.0	30.791258477769407	19.366993217784476	19.51770911831198	30.32403918613414	0.0
118.0	29.62178517397882	17.261724659606656	20.075642965204235	33.04084720121029	0.0
119.0	25.940533980582526	18.719660194174757	23.831917475728158	31.507888349514563	0.0
120.0	26.4768574908648	21.42204628501827	21.635200974421437	30.465895249695496	0.0
121.0	31.326405867970657	19.223716381418093	17.940097799511	31.509779951100242	0.0
122.0	26.852846401718583	17.784256559766764	18.750959030228636	36.611938008286025	0.0
123.0	30.03234252271677	16.879716617896197	18.83566918219621	34.25227167719082	0.0
124.0	29.37809405940594	17.698019801980198	20.25061881188119	32.67326732673268	0.0
125.0	28.36516068933396	17.745691662785283	18.49091755938519	35.39823008849557	0.0
126.0	30.356864578463455	18.575658407355462	18.108150225962287	32.959326788218796	0.0
127.0	29.676511954992968	16.862009689013906	20.956399437412095	32.50507891858103	0.0
128.0	29.386859024619728	17.155402226752393	19.44488003763525	34.012858710992624	0.0
129.0	29.724626278520848	17.199055861526357	19.276160503540517	33.80015735641228	0.0
130.0	28.78357030015798	18.672985781990523	17.69352290679305	34.849921011058456	0.0
131.0	29.770023790642348	18.826328310864394	19.42902458366376	31.974623314829497	0.0
132.0	29.54653937947494	16.0381861575179	22.147971360381863	32.2673031026253	0.0
133.0	27.854975243571317	20.987062769525636	19.006548474684557	32.1514135122185	0.0
134.0	27.33098365908363	20.153796859980773	18.56776674142903	33.947452739506566	0.0
135.0	29.591508523641043	17.70665808941782	20.601479575426183	32.10035381151496	0.0
136.0	28.532213789762633	17.01921524301631	18.89229775553044	35.55627321169062	0.0
137.0	29.346945389726137	16.20482903905364	19.00826446280992	35.43996110841031	0.0
138.0	28.501787455313615	17.419564510887227	19.59701007474813	34.48163795905103	0.0
139.0	29.792788383096752	18.64904552129222	18.37167564039811	33.186490455212926	0.0
140.0	29.564790575916227	17.4901832460733	20.69698952879581	32.24803664921466	0.0
141.0	31.246919664859536	18.03844258255298	19.73057335304748	30.984064399540003	0.0
142.0	31.953150775321674	17.73342131309799	17.766413724843286	32.54701418673705	0.0
143.0	33.63711681855841	18.55840927920464	19.188069594034797	28.616404308202153	0.0
144.0	32.12858094603598	18.00466355762825	17.788141239173886	32.07861425716189	0.0
145.0	31.412296867146928	17.976210420505947	17.909197520522703	32.702295191824426	0.0
146.0	28.816408876933426	18.813046402151983	18.577673167451245	33.79287155346335	0.0
147.0	28.793511321392362	17.79317336938155	18.418384589388307	34.99493071983778	0.0
148.0	29.475649075173937	18.83590700831495	18.513490582046497	33.17495333446462	0.0
149.0	31.175468483816015	18.671209540034074	17.904599659284496	32.24872231686542	0.0
150.0	28.93609731026212	17.95442864485181	19.46205242419051	33.64742162069556	0.0
151.0	29.026701119724375	19.638242894056848	20.29285099052541	31.042204995693368	0.0
152.0	29.184697940107323	18.902544573307946	17.050372165483815	34.862385321100916	0.0
153.0	30.510541906255444	17.982226868792473	19.42847185920892	32.07875936574316	0.0
154.0	30.654761904761905	17.454481792717086	19.082633053221286	32.80812324929972	0.0
155.0	29.645939756913865	19.305971463801303	18.337149903117844	32.71093887616699	0.0
156.0	31.633917507523456	16.51619755708975	19.543281996813594	32.3066029385732	0.0
157.0	31.41379925120342	18.559458013906223	19.64699589944732	30.37974683544304	0.0
158.0	28.01577343609966	20.451693851944793	19.304534862878654	32.22799784907689	0.0
159.0	32.61887608069164	16.282420749279538	19.63256484149856	31.466138328530256	0.0
160.0	27.80187997107737	18.347794649313087	20.96890817064353	32.88141720896602	0.0
161.0	29.252319446971075	16.991086046934694	20.338366381662727	33.41822812443151	0.0
162.0	30.227023068473084	18.82094470889784	20.651775906261445	30.30025631636763	0.0
163.0	28.57142857142857	18.1283324140467	19.0292333149476	34.27100569957713	0.0
164.0	27.42561448900388	18.388467935686563	19.220107189059323	34.965810386250226	0.0
165.0	28.918567983676496	16.638842515303285	21.38749768132072	33.0550918196995	0.0
166.0	26.733780760626395	18.624161073825505	21.140939597315437	33.50111856823266	0.0
167.0	28.483030189386838	17.532345771610725	21.97637352334521	32.008250515657224	0.0
168.0	28.835280814172638	18.5073501696193	19.525065963060687	33.13230305314738	0.0
169.0	26.63763725861416	18.345323741007196	20.768648239303296	34.24839076107535	0.0
170.0	28.255481410867496	17.197330791229742	17.921830314585318	36.625357483317444	0.0
171.0	30.517241379310345	16.85823754789272	18.35249042145594	34.272030651341	0.0
172.0	30.403846153846153	18.903846153846153	16.692307692307693	34.0	0.0
173.0	28.872558499323148	16.650551150647843	19.06787855347128	35.40901179655773	0.0
174.0	30.34429099397005	18.790118653958373	19.41256564870648	31.453024703365106	0.0
175.0	29.387595382508312	18.019956955585993	20.27000586969282	32.32244179221288	0.0
176.0	28.492610837438427	15.665024630541872	18.40394088669951	37.4384236453202	0.0
177.0	26.726190476190474	20.13888888888889	19.682539682539684	33.45238095238095	0.0
178.0	27.90744065429882	18.950728106922003	20.386993816078196	32.75483742270098	0.0
179.0	29.21934577563717	16.857314870559904	21.252257676098736	32.671081677704194	0.0
180.0	30.17380759902991	15.521422797089734	20.331447049312853	33.9733225545675	0.0
181.0	29.499185667752442	18.037459283387623	18.688925081433226	33.77442996742671	0.0
182.0	29.352724293322407	17.882015567390415	20.176157312576812	32.589102826710366	0.0
183.0	29.39350031049472	20.88594493893604	19.850962533636928	29.86959221693231	0.0
184.0	31.252609603340293	19.185803757828808	18.100208768267223	31.461377870563673	0.0
185.0	27.723817567567565	19.97466216216216	21.241554054054053	31.059966216216218	0.0
186.0	29.168443496801704	18.081023454157783	20.341151385927507	32.40938166311301	0.0
187.0	30.01076426264801	22.282023681377826	16.89989235737352	30.807319698600644	0.0
188.0	30.502599653379548	17.136048526863085	19.389081455805893	32.97227036395147	0.0
189.0	30.256522692392018	18.41701381276036	20.499890374917783	30.82657311992984	0.0
190.0	32.34447642240425	17.932255922072173	17.821562984281602	31.901704671241976	0.0
191.0	28.298109010011125	17.263626251390434	18.976640711902114	35.461624026696335	0.0
192.0	30.974842767295595	18.39622641509434	18.867924528301888	31.761006289308174	0.0
193.0	30.545454545454547	17.613636363636363	19.522727272727273	32.31818181818182	0.0
194.0	30.247479376718605	18.46929422548121	19.706691109074242	31.57653528872594	0.0
195.0	29.854200416570237	19.949085859754685	19.370516084239757	30.826197639435314	0.0
196.0	30.558802899228432	20.084171148000934	17.535655833528175	31.82137011924246	0.0
197.0	27.69485903814262	20.942904524994077	20.44539208718313	30.916844349680172	0.0
198.0	27.936201063315615	22.06379893668439	19.74383760270662	30.25616239729338	0.0
199.0	28.12026275896918	22.157655381505812	18.44365841334007	31.278423446184945	0.0
200.0	23.53286384976526	18.661971830985916	22.007042253521128	35.798122065727696	0.0
201.0	32.21231766612642	17.86871961102107	19.854132901134523	30.064829821717993	0.0
202.0	31.237239689669256	19.06900775826868	20.579828501429155	29.11392405063291	0.0
203.0	30.977814297452756	19.063270336894	19.145439605587512	30.813475760065735	0.0
204.0	31.80873180873181	18.37837837837838	21.28898128898129	28.523908523908524	0.0
205.0	28.697109342270632	16.63175534143276	25.387515710096352	29.28361960620025	0.0
206.0	31.40321217244294	22.65426880811496	18.681318681318682	27.261200338123416	0.0
207.0	28.47428814279643	18.359541011474715	21.164470888227793	32.00169995750106	0.0
208.0	27.661393758016246	17.742625053441643	22.14621633176571	32.4497648567764	0.0
209.0	25.09669101847873	19.38117748173614	19.767941555651053	35.754189944134076	0.0
210.0	29.9696838458207	17.75660459073192	20.5716760502382	31.702035513209182	0.0
211.0	29.406631762652708	19.240837696335078	19.851657940663177	31.50087260034904	0.0
212.0	26.033421284080916	16.490765171503956	24.23043095866315	33.24538258575198	0.0
213.0	28.067826863007582	19.455600178491743	19.143239625167336	33.33333333333333	0.0
214.0	29.58257713248639	22.18693284936479	19.82758620689655	28.402903811252266	0.0
215.0	26.963711529627926	19.614147909967848	18.925126320624713	34.49701423977951	0.0
216.0	29.71216341689879	17.78087279480037	22.237697307335193	30.269266480965644	0.0
217.0	26.447058823529414	20.8	23.764705882352942	28.988235294117647	0.0
218.0	25.169082125603865	19.806763285024154	19.516908212560384	35.507246376811594	0.0
219.0	23.799359658484526	22.038420490928495	22.94557097118463	31.21664887940235	0.0
220.0	12.812248186946013	26.349717969379533	21.19258662369057	39.64544721998388	0.0
