# Position (bp)	A	C	G	T	N
0.0	27.3245981878927	23.38828317270015	24.488196554521334	24.798922084885817	0.0
1.0	26.45328151513493	20.534785702556242	15.816410312551316	37.19552246975751	0.0
2.0	27.881076365222608	20.32770795277952	17.916246353499275	33.874969328498594	0.0
3.0	24.701200630195032	21.16450263486717	15.427554734611832	38.70674200032596	0.0
4.0	32.34102328596899	16.301528985898752	14.999459722297262	36.35663731157815	0.0013506942568480198
5.0	34.609473996387266	14.897144859939068	21.58475101776711	28.895149766789785	0.013480359116766871
6.0	31.305516360948733	17.351340455553316	21.35725324195391	29.98051468117987	0.00537526036417389
7.0	34.90582432125336	18.075848516850026	19.479460478297487	27.538866683599128	0.0
8.0	25.96651892988733	26.129385379398727	20.862925188230896	27.041170502483048	0.0
9.0	27.818225458036643	19.03885644184868	16.802677547537137	36.34024055257754	0.0
10.0	26.713003648371547	17.614710660168836	25.02063859817315	30.65031557082368	0.0013315224627839471
11.0	27.13823885481661	19.479292774754878	20.398579163728765	32.98122846461878	0.0026607420809663814
12.0	27.30922093286012	20.67897542236578	20.022331219842883	31.985484707102124	0.003987717829086414
13.0	26.612924646072937	22.32728624930277	18.82121703099684	32.23857207362745	0.0
14.0	30.882626364578076	20.274110866158463	19.410874126802838	29.432388642460623	0.0
15.0	29.006082498871148	18.96199102233791	19.667189035565354	32.36208133018141	0.00265611304417116
16.0	30.324842625302136	18.18640601343993	18.895588196233632	32.59050705198013	0.00265611304417116
17.0	29.65018991208266	18.339132513479775	21.53178039257351	30.468272729687374	0.01062445217668464
18.0	32.359425217137236	18.15054848734362	18.462641770033734	31.01676007330872	0.01062445217668464
19.0	30.80294297325294	18.81457674838641	19.888974474753645	30.493505803607	0.0
20.0	30.148211107864753	17.0934154957635	21.0350872533135	31.72328614305825	0.0
21.0	28.53462243353077	17.785332943770086	19.39892161810407	34.27979494807299	0.00132805652208558
22.0	28.26104278998114	19.640627905123644	20.258174187893438	31.838827060479698	0.00132805652208558
23.0	29.69932800339982	17.51042524369837	20.081542670456052	32.70471991287949	0.00398416956625674
24.0	30.257111742675768	17.568859730670138	19.59281787032856	32.57988259980345	0.00132805652208558
25.0	28.52931020744243	18.34311668304603	19.474620839862943	33.652952269648594	0.0
26.0	29.88791202953598	17.27934340885548	21.781455018725595	31.04996148636086	0.00132805652208558
27.0	29.62894100772929	17.789317113336345	20.39894817923451	32.18279369969986	0.0
28.0	29.627612951207205	17.498472734999602	21.13734760551409	31.73258253871285	0.00398416956625674
29.0	29.63066257619825	18.052512052273	18.740454466977436	33.573714756231986	0.002656148319322151
30.0	30.26097350421675	17.19370476127233	19.46875622551298	33.07523739956172	0.0013281094362175444
31.0	29.48004515572083	18.695796533634372	19.262899262899264	32.5586028288731	0.0026562188724350887
32.0	28.31604531629766	19.03098561619274	18.918093315447653	33.734875752061946	0.0
33.0	29.782034082909398	17.218112024652328	20.18409552778036	32.81443011409672	0.001328250561185862
34.0	28.652454008102545	18.715547585840472	18.9320581789201	33.697283655442654	0.0026565716942285977
35.0	30.240316878007285	17.460190871148683	20.380413111093386	31.919079139750643	0.0
36.0	31.887853449078072	17.94265051912314	18.08755300905308	32.081943022745705	0.0
37.0	28.294887987768398	19.764674599481484	19.102572625141264	32.83786478760886	0.0
38.0	30.331280837311986	18.26100833854215	19.535063104278326	31.869987897809636	0.0026598220579043264
39.0	30.8998257028433	17.944624063651727	18.52206655224258	32.632153168615865	0.0013305126465227052
40.0	28.691702079475668	20.00213142925653	19.499913410686453	31.799592364154687	0.006660716426658851
41.0	28.997998665777185	17.458305537024682	20.728485657104738	32.81254169446298	0.00266844563042028
42.0	28.08139612513853	18.957713003885544	20.235536031404806	32.722684363024584	0.00267047654653973
43.0	30.056922953579736	18.679013335471282	19.898981800689487	31.361073251556697	0.004008658702798044
44.0	29.01189998662923	19.11619200427865	20.008022462896108	31.863885546196013	0.0
45.0	30.25020069574525	18.454642761573457	19.826063687449828	31.469092855231466	0.0
46.0	30.31304790074548	17.30396027677771	19.678252606501868	32.703400832474536	0.001338383500408207
47.0	30.76521389837317	19.11762736828011	18.634263908415345	31.481555867978845	0.001338956952533976
48.0	30.026655236615458	18.84886882676775	18.50194891302892	32.621187564461465	0.0013394591264047576
49.0	27.254699663687642	19.54497340318626	20.904961612155482	32.29402543110956	0.0013398898610534214
50.0	29.099124465360738	18.756284944290254	18.87427429843262	33.27031629191639	0.0
51.0	30.662441932278938	17.394806798958136	19.050240326521845	32.892510942241074	0.0
52.0	27.918140135267777	18.712939183283808	20.5994271960845	32.769493485363924	0.0
53.0	30.415522162977325	18.803522378413316	19.239780255291645	31.531749878817255	0.009425324500457802
54.0	30.277171128906144	19.054167003693816	19.042034026261156	31.621235406724367	0.005392434414516433
55.0	29.20496106455052	18.602642482151772	18.481180074766858	33.70851721392229	0.0026991646085536528
56.0	30.629449991218234	18.359295837442748	21.018144480322086	29.991758650039856	0.0013510409770728347
57.0	27.15346434222805	19.912360188804286	19.282110929279543	33.64935960724381	0.002704932444312203
58.0	30.448323020053348	17.591702435920002	21.575291457354474	30.38468308667217	0.0
59.0	27.33513315516002	21.843415501078535	21.45541371030104	29.356541086133685	0.009496547326721928
60.0	30.92382584101602	18.957874411900683	20.229256751244186	29.88904299583911	0.0
61.0	28.77870506736486	21.17629411443844	19.25216822124039	30.79283259695631	0.0
62.0	30.898991695511196	16.353139151491934	21.41518339649488	31.329949516369552	0.0027362401324340225
63.0	25.87365499044923	20.89076392419849	24.930945869807196	28.30326100399895	0.0013742115461254105
64.0	25.740906894885775	22.509489957899095	17.763820829594863	33.98440196010767	0.0013803575125957623
65.0	27.667194136753558	19.118014491546596	18.933399961133784	34.27722717303795	0.004164237528108603
66.0	27.704614183982052	18.52780913360369	18.364758838858926	35.40003065902978	0.002787184525551514
67.0	33.273640471760146	14.432614687242049	18.65775004546917	33.63459574408551	0.0013990514431215636
68.0	34.93709935330494	16.358413403710358	22.197065108183452	26.50742213480125	0.0
69.0	32.356261941983675	16.935904116727464	20.68206820682068	30.025765734468184	0.0
70.0	31.566873847203063	16.58787606367314	24.452469891656463	27.39278019746734	0.0
71.0	25.41458226651436	19.799503682987353	24.664198211683143	30.121715838815145	0.0
