# Position (bp)	A	C	G	T	N
0.0	39.09868796349116	16.44038790644609	22.94352538505419	21.517398745008556	0.0
1.0	23.525385054192814	32.823730747290355	23.080433542498575	20.570450656018256	0.0
2.0	27.62858443331816	28.62994993172508	18.04733727810651	25.69412835685025	0.0
3.0	35.85634731219457	19.513581088760088	19.524946016592796	25.105125582452555	0.0
4.0	39.509536784741144	15.860581289736603	17.450045413260675	27.17983651226158	0.0
5.0	26.96017247248383	28.038125496425735	18.075570180415294	26.92613185067514	0.0
6.0	25.781603987313094	28.251019483461715	20.604893520616223	25.362483008608972	0.0
7.0	39.814500622101576	16.932473702069903	17.611129962673903	25.64189571315462	0.0
8.0	36.91699604743083	19.107848673066062	16.070016939582157	27.90513833992095	0.0
9.0	24.4331641285956	28.57304004512126	17.93570219966159	29.058093626621545	0.0
10.0	22.11332657429312	15.91753970936127	18.711276332094176	43.25785738425144	0.0
11.0	23.39779626714639	17.292556779851587	17.832246458286484	41.47740049471554	0.0
12.0	23.05879712746858	16.505834829443447	17.69524236983842	42.74012567324955	0.0
13.0	24.202038302161498	28.59222757307649	18.927091499608018	28.278642625153992	0.0
14.0	25.446827524575514	17.314566577301164	29.970956210902592	27.267649687220736	0.0
15.0	35.68404634581105	19.351604278074866	20.643939393939394	24.320409982174688	0.0
16.0	23.912801690579467	19.15248581915249	18.952285618952285	37.98242687131576	0.0
17.0	26.87444543034605	27.983584738243124	18.300798580301684	26.84117125110914	0.0
18.0	23.024131060438343	19.68120433916316	19.160947531547485	38.133717068851006	0.0
19.0	24.952991925671938	30.18471408030085	17.752461010950114	27.10983298307709	0.0
20.0	23.910404943175546	20.092684541542535	19.25411011806245	36.74280039721947	0.0
21.0	23.913282711565973	20.248706943985916	20.32574006822934	35.51227027621877	0.0
22.0	24.453716921049743	16.800263533545625	29.41693203030636	29.32908751509828	0.0
23.0	25.874355882030482	17.465190220370573	18.188795088257866	38.47165880934108	0.0
24.0	36.81042031523643	15.685201401050788	17.71015761821366	29.794220665499125	0.0
25.0	25.002730748225016	16.97433096668487	26.138722009830694	31.88421627525942	0.0
26.0	39.37377263801004	15.742963124590878	17.663102771110626	27.220161466288456	0.0
27.0	23.32244008714597	21.62309368191721	14.466230936819171	40.588235294117645	0.0
28.0	25.51086956521739	25.93478260869565	15.66304347826087	32.891304347826086	0.0
29.0	27.967021045779994	14.86222607940985	17.10783250162725	40.062920373182905	0.0
30.0	28.117173037133835	16.69389088533159	26.614396166830012	28.574539910704562	0.0
31.0	27.785675232367414	15.221432476763258	17.22252597047567	39.770366320393656	0.0
32.0	27.19701950471181	15.757177295638833	15.954415954415953	41.0913872452334	0.0
33.0	28.299604047514297	29.058512978442586	16.003079630444347	26.638803343598767	0.0
34.0	32.063002533318645	13.569776407093293	16.951206079964752	37.416014979623306	0.0
35.0	27.379241737592576	26.019675030396815	17.276445230463136	29.324638001547477	0.0
36.0	27.07200710085432	17.141906135581937	17.87418173749029	37.91190502607345	0.0
37.0	35.234488136348446	18.714492592180015	18.1686532249081	27.88236604656344	0.0
38.0	35.88885169065952	19.261243164825352	15.165718111817878	29.684187032697245	0.0
39.0	37.424614697341966	16.383739111011838	16.026356935447843	30.165289256198346	0.0
40.0	23.841655420602788	26.76563202878992	17.690058479532166	31.702654071075127	0.0
41.0	26.138032305433185	15.531458262735795	29.60578335027674	28.724726081554273	0.0
42.0	38.59212313263921	17.745586238116793	17.06654594839294	26.595744680851062	0.0
43.0	39.72320713713828	17.09939380075489	16.024247969804414	27.153151092302412	0.0
44.0	28.576341127922973	27.556166895919304	15.176524530032095	28.690967446125633	0.0
45.0	30.729359496482783	16.574108354930274	17.894606935702825	34.801925212884115	0.0
46.0	29.671179883945843	17.51128304319794	20.21921341070277	32.59832366215345	0.0
47.0	32.003099573808605	18.0421025442335	18.132506780317705	31.822291101640193	0.0
48.0	28.245659497279085	19.162995594713657	19.486913708214562	33.10443119979269	0.0
49.0	29.253381893860563	18.535379812695112	18.613423517169615	33.59781477627472	0.0
50.0	27.65264939461008	21.79403723473506	19.424554094518943	31.12875927613592	0.0
51.0	30.69809846314144	17.83016410523574	18.546496483459237	32.925240948163584	0.0
52.0	29.230769230769234	18.76140808344198	20.61277705345502	31.39504563233377	0.0
53.0	29.904212045663296	19.026374491536544	21.086471591654636	29.98294187114552	0.0
54.0	28.0990646818601	22.84284020550652	20.61651956263997	28.441575549993413	0.0
55.0	30.643243957205122	18.16140536256769	18.372738079513933	32.82261260071325	0.0
56.0	28.34833245103229	18.898888300688192	20.592906299629433	32.15987294865008	0.0
57.0	30.677131834508447	18.837302115205535	20.287348676333643	30.198217373952374	0.0
58.0	29.071780530030626	21.587428419230257	19.21693967239313	30.123851378345982	0.0
59.0	26.79144385026738	20.0668449197861	20.267379679144383	32.87433155080214	0.0
60.0	29.048257372654156	17.49329758713137	20.76407506702413	32.69436997319035	0.0
61.0	30.919817645481363	18.517028694019842	22.0970769643336	28.466076696165192	0.0
62.0	30.404406825204887	18.90366787585651	19.89789063549644	30.79403466344216	0.0
63.0	30.838605465069325	19.28927177278234	20.581504913178087	29.290617848970253	0.0
64.0	27.488215488215488	20.094276094276093	21.602693602693606	30.814814814814817	0.0
65.0	28.864310763420555	18.276234151605074	19.894793633666037	32.96466145130834	0.0
66.0	27.291187220793283	16.962230946256938	23.175849465276837	32.57073236767294	0.0
67.0	29.296080292960802	17.40132917401329	18.82544418825444	34.47714634477146	0.0
68.0	27.40619902120718	19.249592169657422	20.785753126699294	32.558455682436104	0.0
69.0	29.370057267521133	20.889010089991817	20.016362148895556	29.72457049359149	0.0
70.0	29.110807113543093	20.177838577291382	19.767441860465116	30.943912448700413	0.0
71.0	29.635216675809104	21.242457487657706	20.008228195282502	29.114097641250687	0.0
72.0	29.906413432424994	19.666941921277182	19.460500963391137	30.96614368290669	0.0
73.0	30.07580978635424	16.829772570640937	20.151619572708476	32.94279807029635	0.0
74.0	31.060187741579238	18.04251794588625	22.29431253451132	28.60298177802319	0.0
75.0	32.92733564013841	19.363321799307958	19.46020761245675	28.249134948096888	0.0
76.0	31.357579122709605	19.6141032759578	18.378678511937814	30.649639089394782	0.0
77.0	29.03270702853166	20.167014613778704	17.286012526096034	33.5142658315936	0.0
78.0	28.918014500836588	17.86112660345789	21.65365309537089	31.567205800334637	0.0
79.0	29.67309304274937	20.57837384744342	17.630623079072365	32.11791003073484	0.0
80.0	29.67525195968645	18.295072788353863	18.617021276595743	33.412653975363945	0.0
81.0	27.337625979843228	19.652855543113102	20.954647256438967	32.0548712206047	0.0
82.0	31.781858965372212	16.612925837655965	21.561755222206642	30.043459974765174	0.0
83.0	30.897850217788392	18.153716453561895	20.696922860755937	30.251510467893777	0.0
84.0	27.13080168776371	20.478199718706048	20.689170182841067	31.70182841068917	0.0
85.0	28.90206040079029	19.009314140558846	21.422523285351396	30.666102173299464	0.0
86.0	27.71731448763251	20.296819787985864	21.681978798586574	30.303886925795055	0.0
87.0	29.49243602431783	18.860455252368162	22.55054432348367	29.09656439983034	0.0
88.0	31.964892412231034	19.026047565118912	17.29898074745187	31.71007927519819	0.0
89.0	30.862972934674794	16.465920362760382	18.492277171602662	34.17882953096216	0.0
90.0	28.747870528109026	16.538898353208403	21.80579216354344	32.90743895513912	0.0
91.0	28.216062544420755	18.47903340440654	18.606965174129353	34.697938877043356	0.0
92.0	28.447417105450405	17.461221004696174	18.855841753237513	35.23552013661591	0.0
93.0	31.507630865782343	16.631008415347313	20.082727143060904	31.77863357580944	0.0
94.0	30.761537362480357	16.516645235033575	19.817116730961565	32.90470067152451	0.0
95.0	31.408148677626873	16.812008577555396	20.243030736240172	31.536812008577552	0.0
96.0	29.330849691932944	14.959163203897408	20.28943974781487	35.42054735635478	0.0
97.0	28.220594571305472	16.96107999425535	21.226482837857247	33.591842596581934	0.0
98.0	31.6508484325568	19.240724762726487	17.24187517975266	31.86655162496405	0.0
99.0	27.33554052108824	20.03742622714841	20.59881963437455	32.0282136173888	0.0
100.0	33.37662337662338	16.565656565656568	18.47041847041847	31.587301587301585	0.0
101.0	30.53424062545244	20.02316490516867	20.066599102359923	29.375995367018966	0.0
102.0	29.152739427408807	17.003342537421887	19.546577532335416	34.29734050283389	0.0
103.0	28.315359953366364	19.425823375109296	19.513261439813466	32.745555231710874	0.0
104.0	28.448275862068968	17.212156633547632	20.879602571595555	33.45996493278784	0.0
105.0	28.527472527472526	18.036630036630036	20.937728937728938	32.4981684981685	0.0
106.0	30.678985188444052	19.24035782372782	19.211028009972136	30.86962897785599	0.0
107.0	31.064958020326998	19.163352481956107	19.369568419502137	30.402121078214762	0.0
108.0	32.82104329835968	17.304566277523275	18.634550022166398	31.23984040195064	0.0
109.0	27.28617934300089	19.04409588635691	21.870375850843445	31.79934891979876	0.0
110.0	25.42272322752892	19.267279738949867	20.82468110353011	34.4853159299911	0.0
111.0	27.675386444708682	19.173602853745543	21.521997621878715	31.62901307966706	0.0
112.0	28.005362729033216	19.79740801430061	19.99106211827797	32.2061671383882	0.0
113.0	29.2817679558011	16.783634463192474	19.91936688069285	34.01523070031357	0.0
114.0	31.940074906367037	16.314606741573034	21.752808988764045	29.992509363295884	0.0
115.0	27.991581479254357	19.678292242934457	19.34756464221287	32.982561635598316	0.0
116.0	29.629071170084437	18.395657418576597	18.69722557297949	33.278045838359475	0.0
117.0	27.38005146057212	20.236113213258665	19.252308158014227	33.13152716815499	0.0
118.0	28.458737864077673	16.884101941747574	21.708131067961165	32.94902912621359	0.0
119.0	24.771758977480218	19.72002434570907	23.463177115033478	32.04503956177724	0.0
120.0	26.821091130752816	20.999695214873515	22.035964644925325	30.143249009448336	0.0
121.0	27.100519401161016	18.622059272838374	20.92881148793156	33.34860983806905	0.0
122.0	26.544061302681992	17.50191570881226	20.781609195402297	35.172413793103445	0.0
123.0	29.952358998002154	16.68971876440756	20.74688796680498	32.61103427078531	0.0
124.0	30.590229619355835	16.95176452458006	20.835259670211126	31.622746185852986	0.0
125.0	28.15683853041062	19.15714726767521	21.796850879901204	30.88916332201297	0.0
126.0	29.282622139764996	19.71243042671614	19.29499072356215	31.70995670995671	0.0
127.0	30.504266873545383	19.115593483320403	20.52754072924748	29.852598913886734	0.0
128.0	30.61129258049463	19.100948825633846	19.349821123036243	30.937937470835276	0.0
129.0	30.436817472698905	18.28393135725429	21.232449297971918	30.046801872074884	0.0
130.0	31.621790857858485	17.95554164057608	18.09643080776456	32.32623669380087	0.0
131.0	31.05180533751962	20.51805337519623	18.28885400313972	30.141287284144425	0.0
132.0	30.91567023285085	18.455003146633103	21.17684078036501	29.452485840151038	0.0
133.0	28.717867844188618	21.715817694369974	19.413341744204384	30.15297271723703	0.0
134.0	29.495492645895936	20.86035109916179	18.614581685908586	31.029574569033684	0.0
135.0	29.343690551680407	15.36144578313253	21.36968928344959	33.92517438173748	0.0
136.0	28.0857823669579	17.680698967434473	20.46068308181096	33.77283558379666	0.0
137.0	29.78350843680356	16.284622731614135	19.229544730977395	34.702324100604905	0.0
138.0	30.50143724049824	17.502395400830405	19.770041520281058	32.22612583839029	0.0
139.0	30.88871096877502	19.11929543634908	20.768614891913533	29.22337870296237	0.0
140.0	30.802568218298553	16.709470304975923	19.486356340288925	33.001605136436595	0.0
141.0	33.48372542700612	17.547534643893005	19.771189171769255	29.197550757331612	0.0
142.0	32.594629569718535	18.489162083468134	18.408282109349724	30.507926237463607	0.0
143.0	33.86286270059977	17.79867077322094	17.701410277192416	30.637056248986873	0.0
144.0	29.19980522642428	19.899366985878917	18.828112319428662	32.072715468268136	0.0
145.0	32.167263260657336	19.345916042954766	18.223234624145785	30.26358607224211	0.0
146.0	29.392553886348793	19.660352710646638	18.45199216198563	32.49510124101894	0.0
147.0	29.532403609515995	19.196062346185396	20.049220672682527	31.222313371616078	0.0
148.0	28.216518591641986	20.352089503126027	18.410661401776903	33.020730503455084	0.0
149.0	31.16025746822908	19.491665291302198	17.791714804423172	31.556362436045553	0.0
150.0	28.20555188367482	16.60608063450099	20.604758757435558	34.58360872438863	0.0
151.0	28.464854111405835	19.49602122015915	19.645225464190982	32.39389920424403	0.0
152.0	26.837379447954774	18.34053874293316	19.072164948453608	35.749916860658466	0.0
153.0	29.799999999999997	16.416666666666664	19.766666666666666	34.016666666666666	0.0
154.0	29.101856497742094	16.039471483525674	20.95668171935106	33.90199029938117	0.0
155.0	30.06887283722493	17.52057785990257	20.460272131698304	31.950277171174196	0.0
156.0	30.713442401754087	17.186709394501605	21.082813290605497	31.017034913138808	0.0
157.0	30.9499661933739	17.81609195402299	20.960108181203516	30.273833671399597	0.0
158.0	29.523486518568763	19.433610310327285	19.5523147363066	31.490588434797356	0.0
159.0	31.79574468085106	16.238297872340425	20.340425531914892	31.625531914893617	0.0
160.0	28.005464480874316	18.28893442622951	23.51434426229508	30.191256830601095	0.0
161.0	28.889650445510622	17.20356408498972	21.864290610006854	32.042494859492805	0.0
162.0	29.96910401647786	18.520425677995195	20.648815653964984	30.861654651561963	0.0
163.0	28.723770209838325	17.457860337117303	20.46783625730994	33.350533195734435	0.0
164.0	29.63921974797169	16.65803556015881	20.749180044881754	32.95356464698774	0.0
165.0	30.421999308197854	16.63784157730889	23.14078173642338	29.799377378069874	0.0
166.0	32.0803741555517	18.49991338991859	20.543911311276634	28.875801143253078	0.0
167.0	32.48695652173913	18.22608695652174	19.304347826086957	29.982608695652175	0.0
168.0	27.883440935264353	18.443552608619786	21.846100157040656	31.8269062990752	0.0
169.0	27.704946687642018	18.807900716657926	21.255025345219366	32.23212725048069	0.0
170.0	27.06438068579426	18.649405178446465	21.553533939818053	32.732680195941214	0.0
171.0	28.659178659178657	20.445770445770446	17.637767637767638	33.25728325728326	0.0
172.0	30.701445188579484	21.025731406415225	17.92386323581248	30.348960169192807	0.0
173.0	29.756011315417258	19.58981612446959	19.306930693069308	31.347241867043845	0.0
174.0	28.713398402839395	20.05323868677906	19.361135758651287	31.872227151730257	0.0
175.0	29.759572573463938	18.09439002671416	19.89314336598397	32.25289403383794	0.0
176.0	30.818734358240974	15.98140865212728	19.485162674293885	33.71469431533786	0.0
177.0	26.562779867454772	18.556331721296793	20.616156188429162	34.26473222281927	0.0
178.0	28.807471264367816	16.271551724137932	22.35991379310345	32.56106321839081	0.0
179.0	28.622992239667933	18.426276845334776	20.82656560187692	32.12416531312037	0.0
180.0	29.97097242380261	18.867924528301888	17.96081277213353	33.20029027576197	0.0
181.0	29.22432629278951	18.153678077203207	19.901675163874728	32.720320466132556	0.0
182.0	32.212680431207744	15.29325781107254	20.24483829709483	32.24922346062489	0.0
183.0	30.64516129032258	19.42815249266862	20.784457478005866	29.142228739002935	0.0
184.0	32.64705882352941	18.933823529411764	18.38235294117647	30.03676470588235	0.0
185.0	29.087557603686637	20.092165898617512	21.12442396313364	29.69585253456221	0.0
186.0	30.77065237479209	17.020883385695804	21.363888375531324	30.84457586398078	0.0
187.0	30.28169014084507	19.977761304670125	20.515196441808747	29.225352112676056	0.0
188.0	31.315201192250374	18.237704918032787	19.336810730253355	31.110283159463485	0.0
189.0	31.088664421997752	19.023569023569024	19.82790871679761	30.05985783763562	0.0
190.0	30.62066379148697	18.057378586161636	18.619913744609036	32.70204387774236	0.0
191.0	28.04212902012413	17.82960315967651	19.127327440285878	35.00094037991349	0.0
192.0	31.34553689375354	17.87129647103227	18.00339686733346	32.77976976788074	0.0
193.0	26.866237211064796	17.563471011746874	22.754831375521032	32.815460401667295	0.0
194.0	28.13688212927757	16.88212927756654	21.00760456273764	33.97338403041825	0.0
195.0	26.8995799923635	19.587628865979383	20.752195494463535	32.76059564719358	0.0
196.0	30.70730304772858	17.481311098332377	17.749664558175198	34.061721295763846	0.0
197.0	27.288494893042976	18.770476006937752	20.177298130661015	33.76373096935826	0.0
198.0	29.415182029434543	19.810224632068163	19.190549961270335	31.584043377226955	0.0
199.0	28.46871356393315	21.02603964244073	20.209871745044694	30.295375048581423	0.0
200.0	25.941830958422802	19.949248487214522	19.734530548506733	34.37439000585594	0.0
201.0	30.86879780349088	17.866248283977253	18.12120023534026	33.143753677191604	0.0
202.0	32.53343823760818	18.29268292682927	18.214004720692365	30.95987411487018	0.0
203.0	32.77360726985381	16.811536941920192	20.367443698143024	30.04741209008297	0.0
204.0	32.850911974623315	17.40681998413957	21.21332275971451	28.5289452815226	0.0
205.0	32.012741389607804	17.897670714712323	20.684849691419473	29.4047382042604	0.0
206.0	30.197723187537445	17.45556221290194	20.151787497503495	32.19492710205712	0.0
207.0	27.619429947812122	19.108791649939782	18.90806904857487	34.36370935367322	0.0
208.0	26.951785354044784	18.842041557393586	20.395400443816825	33.81077264474481	0.0
209.0	29.054464466491194	17.513666734156715	21.218870216643047	32.21299858270905	0.0
210.0	30.856910238143698	17.01607978831671	19.356808467331568	32.77020150620802	0.0
211.0	29.597054612395173	18.960932706074864	20.249539783186744	31.192472898343222	0.0
212.0	28.970045137464094	17.439474764054165	20.414443988510463	33.17603610997127	0.0
213.0	29.898823043568036	16.890357216601277	19.471402023539127	33.739417716291555	0.0
214.0	30.585548172757477	18.93687707641196	21.490863787375417	28.98671096345515	0.0
215.0	32.547465053202586	19.424160233674108	19.0694763196328	28.958898393490507	0.0
216.0	30.324607329842934	18.952879581151834	20.209424083769633	30.5130890052356	0.0
217.0	26.987799747580986	20.44594026083298	21.497686159023978	31.068573832562052	0.0
218.0	27.806014400677682	17.640830156713257	19.080897924608216	35.47225751800085	0.0
219.0	26.328091797705056	19.655758606034848	22.800679983000425	31.215469613259668	0.0
220.0	30.46724983998293	19.500746746319606	18.754000426712185	31.278002986985275	0.0
221.0	32.604032604032604	17.58901758901759	16.302016302016302	33.504933504933504	0.0
222.0	31.11015490533563	19.85800344234079	17.64199655765921	31.38984509466437	0.0
223.0	31.062729036430266	17.460659624919163	18.236688941582237	33.239922397068334	0.0
224.0	31.24052825286859	18.986793678285345	18.402251569603813	31.37042649924226	0.0
225.0	32.093933463796475	18.177864753207217	19.330289193302892	30.39791258969341	0.0
226.0	32.24819750928556	19.204719248415994	22.48197509285558	26.065108149442867	0.0
227.0	29.677560868611536	18.359289317832857	20.3114718139943	31.651677999561308	0.0
228.0	27.35287635001102	20.586290500330616	20.80670046286092	31.25413268679744	0.0
229.0	31.6500553709856	20.132890365448507	18.715393133997786	29.501661129568106	0.0
230.0	27.46494547073225	22.635210327175606	19.986645893612287	29.91319830847986	0.0
231.0	30.90705487122061	21.321388577827545	18.051511758118703	29.720044792833143	0.0
232.0	28.478162989644307	21.431787483115713	19.45069788383611	30.639351643403874	0.0
233.0	27.137042062415194	20.850293984622343	19.855269109000453	32.15739484396201	0.0
234.0	24.795454545454547	21.90909090909091	22.477272727272727	30.818181818181817	0.0
235.0	28.229119123687813	18.00547695116385	23.185759926973983	30.57964399817435	0.0
236.0	29.634734665747757	19.1592005513439	21.36457615437629	29.841488628532048	0.0
237.0	27.0544783010157	20.013850415512465	21.352723915050785	31.57894736842105	0.0
238.0	27.559786394241932	18.620849779428834	24.19317390294869	29.62618992338054	0.0
239.0	28.882132834424695	16.86155285313377	19.92516370439663	34.3311506080449	0.0
240.0	27.505882352941175	17.270588235294117	21.788235294117648	33.43529411764706	0.0
241.0	28.29475673122343	16.934341048653756	24.681152574397732	30.089749645725085	0.0
242.0	27.115019011406844	18.274714828897338	24.263307984790874	30.34695817490494	0.0
243.0	28.08988764044944	17.49940234281616	23.21300502032034	31.197704996414053	0.0
244.0	27.314258235152682	19.52392402019716	22.313056023082474	30.848761721567687	0.0
245.0	29.48717948717949	16.5940977261732	20.924044508950168	32.99467827769715	0.0
246.0	25.806451612903224	21.994134897360702	22.360703812316714	29.838709677419356	0.0
247.0	24.80139026812314	21.4746772591857	22.46772591857001	31.256206554121153	0.0
248.0	23.71266735324408	21.06076210092688	24.098867147270855	31.127703398558186	0.0
249.0	18.77675840978593	21.743119266055047	23.333333333333332	36.14678899082569	0.0
250.0	15.243101182654403	20.324134910205867	23.1712658782304	41.26149802890933	0.0
