# Position (bp)	A	C	G	T	N
0.0	44.28568491601735	10.234164593655558	22.87370736621369	22.577660821117988	0.028782302995415388
1.0	37.7955021995642	16.837972289602433	17.29433046910332	28.057805369403443	0.01438967232660445
2.0	38.922617718126254	17.194257751426427	18.99124855327012	24.889845479096024	0.002030498081179313
3.0	38.94316608822999	16.959897285694225	19.67019078379842	24.424739703492687	0.0020061387846811245
4.0	38.55378699280462	18.652500545104957	17.441376439572636	25.35233602251779	0.0
5.0	36.66803655648839	19.246951995146677	18.44654494217108	25.638466506193858	0.0
6.0	30.18911706694512	19.779943535599646	17.896507715512243	32.13443168194299	0.0
7.0	31.963836118104826	19.23590447852293	19.73945220111391	29.06080720225834	0.0
8.0	32.605999097880016	19.455720944218914	17.70034581265975	30.23793414524132	0.0
9.0	35.99785010008155	19.089628586255465	19.19341685818074	25.719104455482245	0.0
10.0	33.74327159930664	21.60569291123073	18.076817808594107	26.574217680868532	0.0
11.0	32.33457729295249	21.820726281039185	17.344265824601692	28.500430601406627	0.0
12.0	32.83779494233414	19.90618276725567	17.71241138503862	29.543610905371565	0.0
13.0	36.90999808765494	17.97430503642148	19.03826428608682	26.077432589836757	0.0
14.0	35.33047210300429	18.945922746781115	19.34077253218884	26.382832618025752	0.0
15.0	30.964578950939813	20.932007871344236	20.384067313564497	27.719345864151457	0.0
16.0	31.18014712042762	21.506727659645772	20.09752174131604	27.215603478610568	0.0
17.0	32.07850814613266	19.70003649998341	19.96549092477685	28.255964429107078	0.0
18.0	32.04715618021805	19.41908577433338	19.448640483383688	29.085117562064887	0.0
19.0	28.923832444386626	20.04520619227267	20.84200598412905	30.188955379211656	0.0
20.0	32.03003625064733	17.20611082340756	19.683777835318487	31.0784567581564	0.0016183324702226825
21.0	33.10144459688484	17.772576870309095	20.267936405455572	28.858042127350497	0.0
22.0	31.667122648341568	18.72636271464667	21.010026232357532	28.594879057566345	0.0016093470878864443
23.0	30.198900517686276	17.389771288445818	20.19136762136778	32.21835782860257	0.00160274389755261
24.0	31.578023801167728	16.541173467759947	21.893245700794438	29.987557030277895	0.0
25.0	33.512171047394645	17.70334166494197	21.887188957699838	26.897298329963544	0.0
26.0	33.079030357085976	17.446564520753032	20.50934921797853	28.965055904182464	0.0
27.0	32.19313311610138	17.093372285269425	20.61509815566863	30.09679128075892	0.0016051622016404758
28.0	33.9871067311866	16.944520360754304	20.50061894120862	28.566146327347557	0.0016076395029178657
29.0	34.24444266110264	16.387127838857236	20.171735815745127	29.196693684295	0.0
30.0	30.229134664618535	16.93068356374808	22.601446492575526	30.23873527905786	0.0
31.0	29.75555200511264	18.6866911647228	22.369388081163123	29.188368749001437	0.0
32.0	30.48152295632699	17.593984962406015	20.68309070548712	31.241401375779876	0.0
33.0	31.621995926680246	17.171486761710796	22.360896130346234	28.845621181262732	0.0
34.0	33.06699346405229	16.619281045751634	20.142156862745097	30.171568627450977	0.0
35.0	32.295027988146195	18.319064866644716	20.68817912413566	28.697728021073427	0.0
36.0	32.58611262985237	16.745365077787167	22.106797885912155	28.561724406448295	0.0
37.0	33.62257402132874	16.942107703517255	21.25256673511294	28.181095581903687	0.001655958137378287
38.0	30.60077583634495	19.001359371373628	21.27084645734558	29.127018334935844	0.0
39.0	33.085291919275804	19.503363508014285	19.62627688730172	27.785067685408187	0.0
40.0	31.3028596115182	19.34433311732549	20.146885333067477	29.20592193808883	0.0
41.0	32.747791790265644	17.054173640687402	20.151467444442602	30.046567124604344	0.0
42.0	30.792617081720465	19.24642400279102	20.975860980512685	28.98509793497583	0.0
43.0	31.765507839127473	20.725888240477495	20.138992800970954	27.369611119424075	0.0
44.0	34.9613539445629	18.138659381663114	19.02318763326226	27.87679904051173	0.0
45.0	34.34127791583968	18.566639424921195	18.961922711276415	28.130159947962706	0.0
46.0	30.909395130929475	19.43277838199615	21.495858780222537	28.161967706851836	0.0
47.0	31.53115348462468	20.414260776151472	18.91365650597556	29.140929233248286	0.0
48.0	32.058180595258115	20.385068101563814	20.78358836388095	26.773162939297123	0.0
49.0	31.999058554544995	18.479229359648976	21.29684111426794	28.224870971538085	0.0
50.0	32.12274489967965	18.89057494520317	19.099645928174	29.887034226943182	0.0
51.0	32.43142566881138	19.33626820182865	20.833051134439554	27.39925499492042	0.0
52.0	31.35539969091249	19.66441927211589	20.080498615899327	28.8996824210723	0.0
53.0	31.946902654867255	17.85568413886998	21.575901974132066	28.621511232130704	0.0
54.0	32.28267518521036	18.633181540134576	20.473390878814655	28.61075239584041	0.0
55.0	31.819341234887005	20.08434370057986	21.26957675106705	26.826738313466088	0.0
56.0	30.488822297515878	19.147668261454378	21.355966832955918	29.007542608073827	0.0
57.0	29.88468382151656	17.822679989050098	23.77326854640022	28.51936764303312	0.0
58.0	28.533163922322764	18.84239625006439	19.857145310004977	32.76729451760787	0.0
59.0	28.101680310211112	19.31925894011202	21.78026712623869	30.798793623438176	0.0
60.0	29.071553047949344	17.80112842279621	21.609124005728386	31.51819452352606	0.0
61.0	29.94196559265701	17.18989478034752	22.378549656443198	30.489589970552274	0.0
62.0	29.90634898774274	18.45475829775513	22.009709406417848	29.629183308084283	0.0
63.0	28.819516229067606	18.041485769416305	22.432981875818346	30.70601612569775	0.0
64.0	28.247640123093948	19.03288268040524	24.186577227620067	28.53289996888074	0.0
65.0	29.900430197058007	17.355328892589508	20.51068553982792	32.23355537052456	0.0
66.0	29.745579841291942	17.275163580676598	23.799248224975635	29.180008353055825	0.0
67.0	32.68842998192184	17.25073007926575	20.553469614796274	29.50737032401613	0.0
68.0	32.94215824336306	16.281576522540377	21.146056085815122	29.630209148281438	0.0
69.0	33.472161714733815	17.72414394005402	20.40080160320641	28.402892742005754	0.0
70.0	33.64503950220234	18.118576522407885	18.969796546179126	29.266587429210656	0.0
71.0	31.299353912419235	18.974664262076935	20.674802584350324	29.051179241153502	0.0
72.0	32.80742133281797	16.86666549537045	20.742484670660787	29.5834285011508	0.0
73.0	32.13007212513446	18.228790096460752	20.168585888867334	29.472551889537446	0.0
74.0	32.14455959463993	21.369679207641106	19.743648593774825	26.74211260394414	0.0
75.0	34.854441138971524	19.04660716815413	19.4592010199745	26.639750672899844	0.0
76.0	34.720122374201814	17.96481741697942	21.701855178669895	25.613205030148876	0.0
77.0	36.464669889576676	17.18786235438928	20.36498563961682	25.982482116417216	0.0
78.0	35.027703306523684	18.675603217158177	19.220732797140304	27.075960679177836	0.0
79.0	32.0475575640198	19.413958826483036	20.81450398106305	27.723979628434115	0.0
80.0	31.511542393858406	18.112679593191153	19.310864379114275	31.064913633836166	0.0
81.0	32.956996979720984	18.905508413634404	20.92262332805983	27.214871278584784	0.0
82.0	31.601333693791116	21.427412814274128	20.68126520681265	26.28818599621519	0.001802288906911778
83.0	32.89770573476056	18.787342731818264	20.083395007130093	28.23155652629109	0.0
84.0	34.96143494517801	17.797727642202997	20.94254077780387	26.29829663481512	0.0
85.0	32.7055165931603	19.615356807172294	21.374087195430555	26.305039404236858	0.0
86.0	31.988128415794996	18.149408230482464	23.522385898874372	26.340077454848164	0.0
87.0	31.7529046691203	18.18395035000361	22.010536191094754	28.050804647470596	0.0018041423107454718
88.0	31.981062180379116	18.652306691483403	21.133377907081805	28.233253221055676	0.0
89.0	31.830924777080433	18.855468538045542	21.41113060464107	27.902476080232958	0.0
90.0	29.958670195410214	20.00326287930972	21.779719392379366	28.2583475329007	0.0
91.0	35.594729668332576	17.55020445252158	18.238982280781464	28.614266242616992	0.001817355747387551
92.0	33.564051656618275	17.396768729167043	20.484144186808983	28.555035427405695	0.0
93.0	32.25535489290215	17.102788379015028	22.20842539670946	28.43343133137337	0.0
94.0	35.2960574527334	17.048952073867802	21.002491572622013	26.652498900776784	0.0
95.0	34.74889284992374	17.008765320935705	20.51489369521674	27.727448133923815	0.0
96.0	33.95462658006587	17.556900770943347	21.87896741430385	26.60950523468693	0.0
97.0	32.4982038575613	19.83493911537682	22.20953152920804	25.455483300480815	0.0018421973730265461
98.0	33.09851362814886	18.651569357872607	19.785711651237413	28.46236122893077	0.001844133810349279
99.0	32.98892988929889	16.505535055350553	19.854243542435423	30.649446494464943	0.001845018450184502
100.0	34.346442709682194	18.313663102593512	19.033260571978243	28.30663361574605	0.0
101.0	34.45014160635285	16.961294263554414	20.822612590933492	27.765951539159246	0.0
102.0	35.59887340646309	16.922991402312483	19.21138452416247	28.266750667061963	0.0
103.0	33.461231904205825	18.780700291015588	19.297855381934788	28.460212422843796	0.0
104.0	32.27984271830254	20.524519623117442	19.895763780695898	27.299873877884117	0.0
105.0	32.9907063197026	18.75650557620818	19.721189591078065	28.531598513011154	0.0
106.0	30.91220620553507	16.867806458822216	22.13282675904198	30.087160576600734	0.0
107.0	31.853620323049945	19.672100570746448	19.754168687283173	28.72011041892043	0.0
108.0	33.7095658998748	18.485227888550444	20.71085530618728	27.094350905387476	0.0
109.0	35.06367041198502	17.48314606741573	19.775280898876403	27.677902621722843	0.0
110.0	34.23731985775781	18.283735728991203	19.790379936365337	27.688564476885645	0.0
111.0	31.788141639442756	19.37967030903834	20.740865908152152	28.091322143366753	0.0
112.0	33.692180513282985	17.83151091571788	21.273437793559538	27.202870777439596	0.0
113.0	31.504095588787855	18.49778312166529	21.526264372134968	28.471856917411888	0.0
114.0	27.843285700766536	19.797482729251442	21.523611242547556	30.835620327434466	0.0
115.0	32.40276511698572	19.14881494986326	21.025144333029473	27.423275600121542	0.0
116.0	31.693520740486804	18.11983392374205	22.485049327695883	27.70159600807527	0.0
117.0	32.18076459676031	18.0898468129052	20.392434355218114	29.336954235116373	0.0
118.0	32.55451713395638	17.530094996346293	20.6780508441983	29.237337025499023	0.0
119.0	33.292748917748916	16.212507730364873	19.078540507111935	31.416202844774272	0.0
120.0	35.379166182789454	15.741493438625016	21.008013006619443	27.871327371966093	0.0
121.0	33.6720643847571	16.73615824687288	20.601182972946766	28.99059439542325	0.0
122.0	33.536620894594755	19.23592363120788	19.50395245401752	27.72350302017985	0.0
123.0	33.369048546715504	16.736148990882878	20.803787111353543	29.09101535104808	0.0
124.0	31.151904184116795	17.42142549610552	21.903009902540216	29.523660417237462	0.0
125.0	30.54568303650323	16.53936026076541	17.972784573998076	34.94217212873328	0.0
126.0	29.985579107485037	18.35996918275024	20.62582722585488	31.028624483909837	0.0
127.0	32.330528655342114	17.556358152087633	21.693919669788855	28.419193522781395	0.0
128.0	33.39508755154485	19.07607721269348	19.67170660770135	27.85712862806032	0.0
129.0	34.58842379331063	17.64269977969157	20.170238333667136	27.598638093330663	0.0
130.0	34.472624798711756	18.186392914653783	21.483494363929147	25.857487922705314	0.0
131.0	36.93269464967119	16.714703255662904	19.58066087521312	26.77194121945279	0.0
132.0	34.26852477131806	17.148586980989215	21.564655084208155	27.018233163484563	0.0
133.0	31.83029351620433	17.16274554355235	23.41106727531861	27.59589366492471	0.0
134.0	35.66255504769061	17.398200905808444	19.9298728946215	27.009371151879446	0.0
135.0	34.51291910506412	17.076880823104386	22.432552341917898	25.97764772991359	0.0
136.0	31.75988561917159	18.561276968054457	21.61285503937176	28.065982373402186	0.0
137.0	34.238131285822426	17.69655023250784	20.475829998918567	27.58948848275116	0.0
138.0	33.117978143273255	17.883971003701188	22.0056503361731	26.992400516852456	0.0
139.0	33.213620643788246	20.045224793828144	21.66577990600337	25.075374656380244	0.0
140.0	31.00110060420925	18.530581074099864	23.64726758159071	26.821050740100176	0.0
141.0	30.9255079006772	19.3674897963837	22.862940921631665	26.844061381307434	0.0
142.0	34.54452761105833	19.398419576854447	20.99506407434014	25.061988737747086	0.0
143.0	35.86294475930673	17.46349034640077	22.018672247959927	24.65254097782377	0.0023516685088069986
144.0	31.630653026101925	19.208337317143133	21.192274596041685	27.966344774835072	0.0023902858781910314
145.0	31.955949712503656	18.828574213039666	18.27063639021538	30.942403274534648	0.0024364097066562713
146.0	29.23571356834388	19.473737069398414	20.74168926383449	30.543838505573966	0.005021592849251783
147.0	31.12807687244965	19.15756219560353	20.363301303145978	29.345794392523366	0.005265236277477952
148.0	29.928273947246648	20.94516427579824	19.932901434521057	29.182091624248034	0.01156871818602499
149.0	31.971421390873516	21.074929092018813	13.897964312641367	33.03773381682404	0.017951387642264748
150.0	35.2372248876704	12.87030690731856	13.723250323661565	38.13875561648008	0.03046226486939304
