# Position (bp)	A	C	G	T	N
0.0	25.758154008748495	24.362840283340535	23.803792133064363	26.075213574846607	0.0
1.0	24.93279259858833	20.121958891298057	14.906412907176197	40.03883560293742	0.0
2.0	27.542584173144206	18.524167696788115	18.91596304133755	35.01728508873012	0.0
3.0	23.444278798639843	22.468969329469505	15.277056567111677	38.80969530477898	0.0
4.0	32.89258896506693	13.88826104790845	14.264128514863089	38.95502147216153	0.0
5.0	34.27490879882191	15.517169249305532	22.874761538204087	27.333160413668462	0.0
6.0	31.896526485288273	17.784980865346412	20.432464083314166	29.886028566051152	0.0
7.0	33.66967604885821	17.285199944802436	19.64029589238148	29.404828113957876	0.0
8.0	23.88071557278014	25.560530617534795	21.6210340603613	28.93771974932377	0.0
9.0	29.11627868091812	18.693542116901522	15.874044317740054	36.3161348844403	0.0
10.0	26.11915658370426	16.85453367604957	24.245083902785613	32.78122583746055	0.0
11.0	27.24286782865238	18.3123487795807	20.037358495296758	34.40742489647017	0.0
12.0	25.984801326855028	19.43449906627173	21.086383442720887	33.49431616415235	0.0
13.0	26.796574770258978	20.743107769423556	18.175856307435254	34.28446115288221	0.0
14.0	29.851357164634784	18.06267306511634	20.020214423241576	32.065755347007304	0.0
15.0	29.45069904955986	18.808358528070556	18.887701070706733	32.85324135166285	0.0
16.0	28.836422845691384	16.864562458249832	18.789662658650634	35.50935203740815	0.0
17.0	29.67170557841754	18.00193654477008	20.363769918448092	31.962587958364285	0.0
18.0	30.533220394146632	17.324342706451304	18.359572221967227	33.78286467743483	0.0
19.0	29.13676868137369	17.923772652938624	19.585405333244335	33.35405333244334	0.0
20.0	30.11594444676148	17.523042916127956	19.64465946532093	32.71635317178963	0.0
21.0	29.519099661831117	17.415072074588963	19.571263567410693	33.49456469616923	0.0
22.0	28.63932164103505	18.168780979935214	19.50532156599534	33.686575813034395	0.0
23.0	29.19591203881229	17.64016938697254	20.379786932528635	32.78413164168653	0.0
24.0	29.93228461298052	18.75487029898948	18.217731013647253	33.09511407438275	0.0
25.0	29.417328083661438	17.7443076474387	18.867987417453076	33.97037685144678	0.0
26.0	30.667199893354663	17.777277877757783	19.750633206691994	31.80488902219556	0.0
27.0	28.99212342603893	18.164854068868998	19.33905089574682	33.50397160934526	0.0
28.0	29.061786803045198	17.516533675390228	19.628846057738762	33.792833463825815	0.0
29.0	29.406057678694857	18.010226600821124	19.581275660190375	33.002440060293644	0.0
30.0	29.655864544553552	17.981327403409704	19.173142109953442	33.1896659420833	0.0
31.0	29.33932483195762	18.081943044669703	19.465845959070123	33.11288616430255	0.0
32.0	29.260704602531373	18.05903201489336	19.58876667485746	33.09149670771781	0.0
33.0	30.345048775001874	17.41196757774427	19.450437767096243	32.79254588015761	0.0
34.0	29.126383444897552	17.97384940288498	19.593370294621174	33.30639685759629	0.0
35.0	29.952886189529988	17.932407719833208	19.569518905926508	32.5451871847103	0.0
36.0	29.81127359080115	17.42657167854018	18.71849352164313	34.04366120901554	0.0
37.0	28.861482052457237	18.65752796816733	18.90918939188767	33.57180058748776	0.0
38.0	29.70264436499404	17.70966155795018	19.34895117133785	33.23874290571793	0.0
39.0	27.9721620270045	18.926487747957992	20.054592432072013	33.046757792965494	0.0
40.0	29.645235773170953	17.7811398134487	19.48785916126935	33.085765252111	0.0
41.0	29.094054144176063	18.024717087301752	20.516016089031535	32.365212679490654	0.0
42.0	29.649054055180805	18.28020644860047	19.010197360192773	33.06054213602595	0.0
43.0	29.449413138199176	17.9465048887777	19.250317926908085	33.35376404611504	0.0
44.0	29.287087345039385	17.924768262731476	20.52422868913639	32.26391570309275	0.0
45.0	28.90694066821237	18.921285716668613	19.367483444813264	32.80429017030575	0.0
46.0	29.438186314784154	17.614700325719316	19.417208489554877	33.52990486994166	0.0
47.0	29.27890350621074	17.745864373128228	19.482285418734826	33.49294670192621	0.0
48.0	30.11137529720936	18.306845200850958	18.997622325115753	32.58415717682392	0.0
49.0	28.927147124096848	18.126866792370972	18.949924076824242	33.99606200670794	0.0
50.0	29.036847287352103	18.365235385411278	19.80792016421074	32.78999716302589	0.0
51.0	29.362042997742886	18.223349618460745	19.267628198442136	33.14697918535423	0.0
52.0	29.294640435608038	18.184549266684748	19.223916717084265	33.29689358062296	0.0
53.0	30.08345852111501	18.012852612251713	19.63319979969955	32.270489066933735	0.0
54.0	29.857897043173427	17.946288838344845	19.313482044112433	32.8823320743693	0.0
55.0	28.62920560455109	17.761518587926926	18.81915430880125	34.79012149872074	0.0
56.0	28.64334613458006	18.2580564368008	20.26214726999499	32.83645015862414	0.0
57.0	28.381419154452132	18.012248629648028	19.021696021908934	34.58463619399091	0.0
58.0	29.09701230815478	17.715309206900585	19.09517527012809	34.092503214816546	0.0
59.0	29.401792201501575	17.365396981819092	20.460827953666662	32.77198286301267	0.0
60.0	29.49282776188587	18.067776084187667	19.736078341302488	32.70331781262397	0.0
61.0	29.81819396819961	17.475180741006806	19.393061048903444	33.31356424189015	0.0
62.0	28.449817045663394	18.02810312275484	20.062321431555027	33.459758400026736	0.0
63.0	28.682724280247967	17.66212174377997	19.792136615035005	33.86301736093706	0.0
64.0	28.440907381877427	17.904499310690564	19.751848602581777	33.90274470485023	0.0
65.0	29.027541027440755	17.7942945954076	20.81620375012534	32.361960627026306	0.0
66.0	29.714280938970273	17.924922490661274	20.135714464788617	32.22508210557984	0.0
67.0	28.721679467143584	17.528017583593105	19.177733020216117	34.57256992904719	0.0
68.0	29.197205345278586	17.70351922578704	20.01261940379585	33.086656025138524	0.0
69.0	29.414960527910466	17.61679684724782	19.533773815941792	33.43446880889992	0.0
70.0	28.015196666429826	18.025770804512188	19.695063591111037	34.26396893794695	0.0
71.0	29.235399857865474	17.3395761046779	20.705656118055266	32.719367919401364	0.0
72.0	29.266457051110518	17.74568504147712	19.936195477655875	33.05166242975649	0.0
73.0	29.475233777748038	17.543786279462687	19.223305843189078	33.757674099600194	0.0
74.0	28.89583228764075	17.957887868292925	20.313624119526846	32.83265572453948	0.0
75.0	30.208137224139737	17.614057106997176	19.238991737265977	32.93881393159711	0.0
76.0	28.589600890443634	18.088810035902288	19.462972106685857	33.85861696696823	0.0
77.0	29.002339607163634	17.958891553557752	20.879424431525685	32.15934440775293	0.0
78.0	29.707363424404658	17.97050611769926	18.256821977672384	34.06530848022369	0.0
79.0	29.199775598891392	17.77080943489437	19.044369458004336	33.9850455082099	0.0
80.0	30.33831595695683	17.962567516643638	19.86894443746598	31.83017208893355	0.0
81.0	29.721727841872735	18.060679662471994	19.613475994053477	32.604116501601794	0.0
82.0	29.460666063590978	17.904228230642946	18.03321941903709	34.601886286728984	0.0
83.0	29.474341094037282	18.182579669719853	19.788329207972627	32.55475002827024	0.0
84.0	30.274979580724203	18.0317912417014	18.812540576766004	32.8806886008084	0.0
85.0	29.47595509383378	16.982657506702413	18.914628016085793	34.626759383378015	0.0
86.0	30.544197737746124	16.90657729367407	20.157519899455384	32.39170506912442	0.0
87.0	29.33593095357801	18.578012401541812	19.73604826546003	32.35000837942014	0.0
88.0	29.230981949821512	17.64291819598773	18.950592454790755	34.175507399400004	0.0
89.0	29.310532667359457	18.259947705407125	19.931866179477726	32.497653447755695	0.0
90.0	29.83024426220578	18.003494847823262	19.5929382283552	32.57332266161576	0.0
91.0	29.32757789744987	18.058378559604385	19.395260147098885	33.21878339584687	0.0
92.0	28.71219487660944	18.398353674892704	20.330103272532188	32.55934817596567	0.0
93.0	29.613795069117856	18.430869568862175	19.23982932206658	32.71550603995339	0.0
94.0	29.295998993984867	17.396935845576678	19.35070106679521	33.956364093643245	0.0
95.0	30.133810669640237	17.803694046431296	20.095076002112798	31.96741928181567	0.0
96.0	29.72108447120081	18.528828538009734	19.16522380738772	32.58486318340174	0.0
97.0	29.55034274573926	17.97874347525313	19.021864452969414	33.44904932603819	0.0
98.0	28.538184806581185	17.683167154441545	20.958247029325193	32.82040100965207	0.0
99.0	29.14482677647414	18.392891587483962	19.11748672833553	33.34479490770637	0.0
100.0	29.041604380469288	18.08161311453382	19.61973226732956	33.257050237667336	0.0
101.0	29.272415358998938	18.45997948096944	20.20031283112165	32.06729232890997	0.0
102.0	29.87844428907178	17.49879960576526	19.127966237332682	33.49478986783028	0.0
103.0	28.775473186452544	17.330414278061106	19.438714603291107	34.45539793219524	0.0
104.0	29.930279726189468	17.725851432434716	19.20265359587594	33.14121524549987	0.0
105.0	29.984164486107932	17.83612360169025	19.16139521886035	33.01831669334147	0.0
106.0	28.713547544099306	17.880263704935558	19.578479369415998	33.827709381549134	0.0
107.0	29.586814793407395	17.731008865504432	20.221085110542557	32.46109123054561	0.0
108.0	28.697491869434185	18.326550767082704	20.33535391373938	32.640603449743736	0.0
109.0	28.228069427267688	18.01398780331784	19.7023327220777	34.05561004733677	0.0
110.0	29.049179207442876	17.379102360926602	21.163761250389786	32.40795718124074	0.0
111.0	28.871570698991423	18.408941204650247	19.603154914155198	33.116333182203135	0.0
112.0	28.594753036159652	17.704431893175176	19.04359899551754	34.65721607514763	0.0
113.0	30.09028502247466	17.461973391033318	20.32035512967471	32.12738645681731	0.0
114.0	29.795783161037477	18.214748181321493	18.595907059182874	33.393561598458156	0.0
115.0	29.046135012694346	17.261727724543412	20.175608746815637	33.516528515946604	0.0
116.0	29.73910414236966	17.73487106388493	20.247937454105656	32.278087339639754	0.0
117.0	29.57260074781886	18.113834648940593	19.51210012463648	32.80146447860407	0.0
118.0	28.89279132791328	17.747425474254744	19.5720325203252	33.78775067750677	0.0
119.0	30.162441224784235	17.73642629305475	19.806269935770963	32.29486254639005	0.0
120.0	28.829091605645573	18.269322861794848	19.463043421476524	33.43854211108305	0.0
121.0	29.114360240427818	17.368641443264792	19.31099459997034	34.20600371633705	0.0
122.0	29.3007769145394	17.865538727747822	19.967315406328925	32.86636895138385	0.0
123.0	28.42764707427481	18.33623731514478	19.23369903074135	34.002416579839064	0.0
124.0	28.77330139468362	17.922496128316155	19.171086747653955	34.13311572934627	0.0
125.0	28.553653239067543	17.883240562429105	20.121613422323055	33.4414927761803	0.0
126.0	28.95901083115212	17.792524830570464	19.55776467581454	33.690699662462876	0.0
127.0	29.498789602954428	17.28128920537876	18.823441061615394	34.39648013005142	0.0
128.0	28.74085490071035	17.400488919593986	20.795468636516627	33.06318754317904	0.0
129.0	29.790548727713347	17.913210210250195	18.762289006360326	33.53395205567614	0.0
130.0	29.755947853702146	17.39188449888582	19.332025672844697	33.52014197456734	0.0
131.0	29.670937084882365	17.96829727103337	19.88062442607897	32.4801412180053	0.0
132.0	30.215300209536828	18.24846868340281	18.3954572057884	33.14077390127196	0.0
133.0	29.67839857444113	18.135132593988835	19.361005771185262	32.82546306038478	0.0
134.0	30.2604239125069	17.307442029538343	19.929183364822354	32.502950693132405	0.0
135.0	29.160742886965284	17.979196285565173	19.857109435456298	33.002951392013244	0.0
136.0	28.194900072649826	18.233751934696382	19.385770561930592	34.1855774307232	0.0
137.0	30.47994026203245	17.517253863734076	23.01405199918539	28.988753875048083	0.0
138.0	29.84175104039501	19.99192190570413	19.489990878107	30.676336175793857	0.0
139.0	30.224602044483674	19.02407067890142	19.33160760835445	31.41971966826046	0.0
140.0	28.54693293080568	20.998171296190733	19.60634984335168	30.84854592965191	0.0
141.0	30.557104591953337	16.87037764999497	21.078830208342854	31.49368754970883	0.0
142.0	26.533024811564985	19.5404247519989	24.236523173497673	29.69002726293844	0.0
143.0	26.205205218996706	18.76983416229224	19.16203965225059	35.86292096646046	0.0
144.0	27.390271305693183	19.004751993811357	18.223343709133776	35.381632991361684	0.0
145.0	26.921566725333406	19.048674916965773	16.587443469745054	37.44231488795576	0.0
146.0	33.25866043310282	14.007430185476352	18.94882819203458	33.78508118938625	0.0
147.0	34.253256631451826	15.780678802289822	21.762676639783564	28.20338792647479	0.0
148.0	31.080094481425814	16.88879345310524	20.55305036623482	31.47806169923413	0.0
149.0	32.723030525329094	16.746647919468558	22.442128214533156	28.088193340669193	0.0
150.0	26.388754115965092	18.87165951831079	25.0134233832101	29.72616298251402	0.0
