# Position (bp)	A	C	G	T	N
0.0	26.81325984734612	24.1353602242459	24.271381615761953	24.779653954692822	3.4435795320519777E-4
1.0	27.1954169187967	20.048066126922688	15.01843620524442	37.73790932918269	1.714198535045932E-4
2.0	28.463407678607105	19.79163286947939	17.78207345957401	33.96254446286806	3.4152947143191356E-4
3.0	23.70257356822493	22.118315346394724	14.828241480184854	39.34916683410582	0.001702771089671331
4.0	34.94705891340478	13.584052993713616	14.153443420009474	37.31442608534745	0.0010185875246795269
5.0	36.457786167188	14.502119756948092	22.530254404722772	26.506450771144195	0.0033888999969499903
6.0	32.53616360446803	17.437700145314167	20.105627667546898	29.92033941600283	1.691666680763889E-4
7.0	35.54725258383523	16.810475939407457	20.339971204347737	27.301793306700734	5.069657088394541E-4
8.0	22.599356474588177	27.125811581431623	22.434254729371567	27.840577214608636	0.0
9.0	28.974652240069904	17.793196287411817	15.584165831637971	37.64747956288356	5.060779967408577E-4
10.0	26.80164536902795	16.94173775245288	25.06793890555986	31.186654978252808	0.0020229947064971847
11.0	28.526011463306972	18.44743288641487	19.381817079046947	33.64457009229277	1.6847893844790463E-4
12.0	26.49368977328991	19.799999326370248	21.212095695842695	32.494046797058935	1.6840743821973128E-4
13.0	27.7232155631073	21.304847649392467	18.36219099412075	32.609409162749124	3.3663063035768687E-4
14.0	31.72844680310306	18.38339872383328	20.277450965540805	29.610535192207678	1.6831531517884344E-4
15.0	29.89481975954474	18.67037633621321	19.198718110559597	32.23591747836728	1.6831531517884344E-4
16.0	30.746831884980047	17.563198192966777	18.902314840529655	32.78765508152352	0.0
17.0	30.10622379540937	18.258677075285757	20.179828082737075	31.45493441593744	3.3663063035768687E-4
18.0	31.778268136395997	18.007382309723745	18.28190458878044	31.932444965099823	0.0
19.0	30.881989083068657	18.25951865186165	19.399854912198318	31.4576274609803	0.0010098918910730606
20.0	30.473824443759963	18.017144598004116	19.57860577691825	31.92958360474178	8.415765758942172E-4
21.0	30.458507750078688	17.054212679865955	19.25560868709005	33.231165937019775	5.049459455365303E-4
22.0	28.970936994528067	18.917968164841287	19.675218767830906	32.43570775748456	1.6831531517884344E-4
23.0	30.118342498102248	17.522802517323854	19.763247677669437	32.593755838437495	0.001851468466967278
24.0	31.07067055138414	17.953184778236157	18.465031651695018	32.51111301868468	0.0
25.0	29.756296255152552	18.027580147545205	19.21437143487123	33.001247216485474	5.049459455365303E-4
26.0	31.884643415589025	17.79951289547787	19.908503794668782	30.406666633003603	6.732612607153737E-4
27.0	29.281142120402677	18.068144138503307	19.740525110120295	32.91002031565854	1.6831531517884344E-4
28.0	30.421310065424162	17.87121521974406	19.930721416272387	31.77624835261385	5.049459455365303E-4
29.0	29.526545849933434	18.545823002980864	19.164045155632756	32.76341767613777	1.6831531517884344E-4
30.0	30.234703220941505	18.349233814499623	19.148073090595712	32.266643326510824	0.0013465474523322203
31.0	30.78040471164884	18.15210182763229	19.252081292437996	31.814402240692672	0.0010099275881919267
32.0	29.645339931660185	18.395697621572488	19.267956033597603	32.69083808850511	1.6832466461310576E-4
33.0	29.790847802849857	18.038935133360827	19.284926733606593	32.885121998434514	1.6833174820937103E-4
34.0	29.86462054360525	18.138019035947437	19.44181646168401	32.55419723450173	0.0013467242615742532
35.0	30.480171594727274	17.58879706493362	19.242978336334442	32.687715484871546	3.375191331158585E-4
36.0	31.057384772821685	17.546582277625983	18.822718844671705	32.57314523673625	1.6886814437550872E-4
37.0	29.38847650540623	18.911082310917056	19.213371701049482	32.48673154032412	3.3794230311058994E-4
38.0	31.097132034632036	18.36224972943723	18.922821969696972	31.617627164502167	1.691017316017316E-4
39.0	30.071168952586774	18.606057321323927	19.504899851971288	31.817535135647823	3.387384701893209E-4
40.0	30.06132360320822	18.67197400763781	19.37264508007791	31.893206773664023	8.505354120418804E-4
41.0	29.91596063914371	18.166351768417275	20.27528661440211	31.641888021612562	5.129564243517513E-4
42.0	29.065017285899337	18.540092134272403	19.591143442939373	32.803232420283265	5.147166056155582E-4
43.0	29.407909110771246	18.47993820523363	20.322598958503576	31.789381691064015	1.7203442752963723E-4
44.0	29.671309211411074	18.674029910447967	19.706447263611253	31.948041200142068	1.7241438763581943E-4
45.0	29.448520644619474	18.70612996761696	19.610228478411884	32.23494810764855	1.728017031335861E-4
46.0	30.190185026175108	17.4493809378722	19.666128853557876	32.69361271916461	6.924632302024763E-4
47.0	29.89638176998729	18.368355266465453	19.7242163622148	32.01087323972963	1.7336160283203513E-4
48.0	30.532772654036332	17.838143785765876	18.91441885660314	32.713796599811104	8.681037835435302E-4
49.0	29.29047338296907	18.184173958110502	19.982469229846135	32.54270951270372	1.7391637057404577E-4
50.0	29.890947908962783	18.342450078841242	19.580362251091916	32.1850187684021	0.001220992701952193
51.0	30.40211619806576	18.174726578865716	19.344841066022507	32.077965560944996	3.5059610102076055E-4
52.0	29.714233324400187	18.440836706771798	19.58192871348576	32.2628249432275	1.7631211475802925E-4
53.0	31.277783686057642	17.885249388493037	19.287284200077988	31.549682725371337	0.0
54.0	30.272864048714915	18.430119205533842	19.083034355052657	32.212736029627784	0.0012463610708022114
55.0	29.36823847075443	18.604509772365574	18.204495466981385	33.82275628989861	0.0
56.0	29.281793738714647	18.056029206408468	20.364613435091485	32.29738413104114	1.794887442608474E-4
57.0	28.29181270443037	18.795982768894	19.434318559442097	33.47788596723353	0.0
58.0	30.896205127464537	17.663432967842326	21.898050032673957	29.542311872019177	0.0
59.0	29.46812228497549	20.512049774468494	20.945729387542983	29.073917475930326	1.81077082703336E-4
60.0	31.617760694980557	19.00323817593059	19.32651031543579	30.051581724396865	9.090892562013524E-4
61.0	29.389091852791367	20.95147934184868	19.385783916852013	30.270537987349428	0.0031069011585086147
62.0	31.301114693960987	16.57326907529939	21.323379108281664	30.801500499982502	7.366224754566599E-4
63.0	26.766159907816974	20.583949745381556	25.136973571720628	27.512916775080846	0.0
64.0	26.460927941482314	20.007344688871857	17.983620594357706	35.54754468175201	5.620935361116991E-4
65.0	27.852271031620862	19.232040556901868	18.411156170138014	34.50264341394219	0.001888827397063629
66.0	26.892399585310873	19.43959900702879	16.673926896774745	36.9889384529052	0.0051360579803878675
67.0	33.74082755028571	14.14644514913369	17.49620846546257	34.61575286854482	7.659665732187448E-4
68.0	34.647372116387956	15.112124844351863	22.972113284689655	27.265868351739574	0.0025214028309535168
69.0	31.739334084882742	16.960670678458584	20.367253616169954	30.93274162048872	0.0
70.0	32.974392195389825	16.087355690647083	21.971273268609526	28.96676433869743	2.1450665614154008E-4
71.0	26.279554258308828	19.815594448844955	25.198836818176883	28.705743210251626	2.712644177038009E-4
