# Position (bp)	A	C	G	T	N
0.0	29.974723959026207	24.046827191698817	14.391379539709991	31.587069309564985	0.0
1.0	28.28402678901018	19.622422612455832	15.704266202605071	36.38928439592892	0.0
2.0	28.44029499450808	19.130184633087506	18.628066321460327	33.80145405094409	0.0
3.0	26.65441176470588	20.79794946147473	16.22307373653687	36.32456503728252	0.0
4.0	33.02233098806975	14.912817375344142	17.1051289894973	34.95972264708882	0.0
5.0	33.94338148176158	16.367944742746225	22.28188257833573	27.406791197156473	0.0
6.0	31.87125748502994	17.971556886227543	19.70808383233533	30.449101796407184	0.0
7.0	31.26315007797223	18.168766553627567	20.047525928859624	30.520557439540585	0.0
8.0	25.720048208180636	22.215116708069953	21.295225914356692	30.769609169392726	0.0
9.0	29.5597177114112	18.194915875070205	17.503846059925277	34.741520353593316	0.0
10.0	28.750364113020684	16.97009418390135	21.890474803378968	32.389066899698996	0.0
11.0	29.413752323027538	18.506987184128594	19.875461588588806	32.20379890425506	0.0
12.0	28.402949583263275	19.138664040544757	19.98654913169841	32.47183724449355	0.0
13.0	28.4115368058545	19.474338738221647	19.079734060362558	33.034390395561296	0.0
14.0	30.642743259643527	18.154344049687076	20.462603812198083	30.74030887847131	0.0
15.0	30.076968620485495	18.73060982830077	19.000592066311427	32.19182948490231	0.0
16.0	30.20860341779611	17.734826163818504	19.23394225103123	32.822628167354154	0.0
17.0	30.266616597822004	18.315809237701842	20.127675553886597	31.28989861058956	0.0
18.0	30.464458521306188	18.4310792174096	18.819101937776114	32.2853603235081	0.0
19.0	30.010241608863648	18.102043666495973	19.3240538149993	32.56366090964108	0.0
20.0	30.236929431694243	18.297635346808068	20.147123662775858	31.318311558721835	0.0
21.0	30.07030202118311	18.747976504324498	19.198926969150364	31.982794505342028	0.0
22.0	29.81897843883316	18.03758791652254	19.780929320880894	32.3625043237634	0.0
23.0	30.105548784694275	18.322717133856095	20.054269091912523	31.517464989537103	0.0
24.0	30.451533010755156	18.815786456302888	18.54977411883413	32.182906414107826	0.0
25.0	29.66097817632795	18.03312439950588	19.611566088667246	32.69433133549893	0.0
26.0	30.00365396912396	18.105417009226272	20.094546451082486	31.79638257056728	0.0
27.0	29.84292000091193	18.548662882155803	19.301005403187197	32.30741171374507	0.0
28.0	29.80703590770491	17.976607654849133	19.366950348154553	32.849406089291406	0.0
29.0	30.10019766887056	18.274146274964213	19.985004430509168	31.64065162565606	0.0
30.0	29.984547561696136	18.624732990955778	19.306458210244056	32.08426123710403	0.0
31.0	30.143616779530063	18.147525337453985	19.24964777530337	32.459210107712586	0.0
32.0	30.487943455830553	18.329128883434468	19.901820413172427	31.281107247562556	0.0
33.0	30.076589168427994	18.40412717892775	19.22456307811186	32.2947205745324	0.0
34.0	29.77727272727273	18.286363636363635	19.44772727272727	32.48863636363637	0.0
35.0	29.957499034068956	18.259505897861313	19.925452851201165	31.857542216868566	0.0
36.0	29.924087458520845	18.789490431383243	19.08041274603391	32.206009364062005	0.0
37.0	29.90726429675425	18.50168197108828	19.55177743431221	32.03927629784526	0.0
38.0	29.887252227677756	18.360156392071286	20.146844880887436	31.60574649936352	0.0
39.0	29.777656527076797	18.34447324148593	19.697176374300916	32.18069385713636	0.0
40.0	29.941100220589906	18.136128988242785	19.475587292202032	32.44718349896527	0.0
41.0	30.21108179419525	18.27631698662542	20.06869256664544	31.443908652533892	0.0
42.0	30.132653757764682	19.076657034289745	18.93103369815013	31.85965550979544	0.0
43.0	29.71146406953989	18.206435170436443	19.694625221863195	32.38747553816047	0.0
44.0	30.242825607064017	18.0787874650099	20.284017204888375	31.394369723037705	0.0
45.0	29.675407447873987	18.489938996631157	19.443685696075754	32.3909678594191	0.0
46.0	29.58400692183337	18.11744347548897	19.63387144516041	32.664678157517244	0.0
47.0	29.69273170398378	18.572762681365738	20.256018950868963	31.478486663781517	0.0
48.0	29.88335535608511	18.845400282498748	19.193967284822527	32.07727707659361	0.0
49.0	29.668801714116388	18.059766132524903	19.400059264662307	32.871372888696406	0.0
50.0	29.657170228781276	18.58306151775735	19.835313975502384	31.924454277958986	0.0
51.0	30.115089514066497	18.275027402265252	19.179302155644866	32.43058092802338	0.0
52.0	29.95543366472403	18.18763569877728	19.30522226031311	32.55170837618558	0.0
53.0	29.993367335269767	18.484550465430093	20.165587905678933	31.356494293621207	0.0
54.0	30.282012544064465	18.34912786705123	19.189213935814678	32.179645653069635	0.0
55.0	29.627677855424444	18.24493069080078	19.450108832626874	32.677282621147896	0.0
56.0	29.649496825069342	18.350411480182473	20.303509616486714	31.696582078261464	0.0
57.0	29.613487785296478	18.513591008143134	19.35772450969148	32.51519669686891	0.0
58.0	30.167802952046465	17.969377682896035	19.17452884328444	32.68829052177307	0.0
59.0	29.925530936839202	18.364438723912844	20.347981980325457	31.362048358922497	0.0
60.0	29.743035266511768	18.721387655570638	19.462145436978076	32.07343164093952	0.0
61.0	29.77027120440563	17.995806354985138	19.38523929122791	32.84868314938132	0.0
62.0	29.619546408878016	18.4458851486976	20.23164063401241	31.702927808411967	0.0
63.0	29.83498197282056	18.39927891282241	19.383840251456043	32.38189886290099	0.0
64.0	29.737110062019813	18.12459501990188	19.300194390447096	32.83810052763121	0.0
65.0	29.49645291417443	18.157370056104234	20.51977558306672	31.82640144665461	0.0
66.0	29.898295639251383	18.499512376352577	19.530488088050898	32.07170389634514	0.0
67.0	29.703522846180675	18.323450761539355	19.37914196023718	32.593884432042785	0.0
68.0	29.605569525938346	18.303529850051227	20.08009686132067	32.01080376268977	0.0
69.0	30.006295026928726	18.220605721480034	19.251124944627076	32.52197430696416	0.0
70.0	29.601868067717458	17.968476357267953	19.605370694687682	32.82428488032691	0.0
71.0	30.05522017876363	18.206280125415322	20.223220553137722	31.515279142683326	0.0
72.0	30.037068318318315	18.67257882882883	19.36233108108108	31.92802177177177	0.0
73.0	30.151190952056243	18.037104093677257	19.139881022361212	32.67182393190529	0.0
74.0	29.697226938313527	18.543671005470667	20.20845123561592	31.550650820599884	0.0
75.0	29.99881782716633	18.56720652559404	19.148835559758837	32.28514008748079	0.0
76.0	29.775387385679764	18.248590247832063	19.634649102023406	32.34137326446477	0.0
77.0	30.04012631478975	18.474725170358763	19.961060854286867	31.52408766056462	0.0
78.0	30.025451345115485	18.56283152160986	19.133702813919744	32.27801431935492	0.0
79.0	29.830750893921337	18.0715137067938	19.32300357568534	32.774731823599524	0.0
80.0	30.169159459072013	18.132078176518373	19.914464567305394	31.784297797104223	0.0
81.0	30.028023280879502	18.593566621158775	19.312112284735694	32.06629781322603	0.0
82.0	29.822453931720442	17.994858611825194	19.36429377988132	32.81839367657305	0.0
83.0	29.961914862845298	18.157932796606083	19.994697006218964	31.885455334329656	0.0
84.0	30.173748911044427	18.495305391540025	19.08818120220695	32.2427644952086	0.0
85.0	30.03446936595786	17.683755704437324	19.278570735022818	33.003204194582	0.0
86.0	29.771736217691053	18.063777436721967	20.334234695120465	31.83025165046652	0.0
87.0	30.16171584913035	18.531366034786007	19.28376001563416	32.023158100449486	0.0
88.0	29.579189732033505	18.38534267378631	19.651692548865917	32.38377504531426	0.0
89.0	30.15791154006729	18.399273066627373	19.742626292394213	31.700189100911125	0.0
90.0	29.88723655702186	18.4730155603703	19.09838487295647	32.54136300965137	0.0
91.0	29.721652794586184	18.125910741188964	19.526291091407543	32.626145372817305	0.0
92.0	30.194990213324747	18.042169420975696	20.019325586581104	31.743514779118453	0.0
93.0	30.336044573788023	18.600601945128474	19.033405467253687	32.02994801382981	0.0
94.0	29.895567880877426	18.125718283115972	19.652226053065508	32.326487782941086	0.0
95.0	30.14059753954306	18.15967863419533	19.91212653778559	31.78759728847602	0.0
96.0	30.04563447041323	18.611804452512416	19.201774953987343	32.140786123087004	0.0
97.0	29.825538703061298	18.155116096523436	19.471805130023043	32.54754007039222	0.0
98.0	30.074461866883528	18.10211187069557	20.224148008843933	31.59927825357697	0.0
99.0	30.018618174398735	18.692137009360096	18.81200744726976	32.477237368971416	0.0
100.0	30.028147389969295	17.66888433981576	19.554759467758444	32.7482088024565	0.0
101.0	29.90853501875546	18.285288525769488	20.214788551461897	31.591387904013153	0.0
102.0	30.174550712662672	18.456930386283826	19.267713282379674	32.100805618673824	0.0
103.0	29.708621986974908	18.001608676474405	19.55060844295685	32.739160893593834	0.0
104.0	30.470502321214333	18.306295967868135	19.779875854154714	31.443325856762822	0.0
105.0	30.1177643140032	18.72950927164477	18.94982558292024	32.20290083143179	0.0
106.0	30.165343740935104	17.852904722976714	19.342844334273884	32.6389072018143	0.0
107.0	30.166975881261592	18.01219188974291	20.182878346143653	31.637953882851843	0.0
108.0	29.87303361814262	18.27304426521866	19.351060714951156	32.50286140168756	0.0
109.0	29.548249131248326	17.893611333867952	19.727345629510825	32.83079390537289	0.0
110.0	29.930438052265462	18.478231676201222	20.132678000698306	31.458652270835014	0.0
111.0	29.837904900612237	18.407638158427055	19.37319632116946	32.38126061979125	0.0
112.0	29.698514260926146	17.94002819650797	19.46914651339334	32.89231102917254	0.0
113.0	30.071950288891315	18.186525673171264	20.29597732475744	31.445546713179983	0.0
114.0	29.786767527270737	18.65373019788412	19.15529244093625	32.4042098339089	0.0
115.0	29.842975206611573	17.958677685950413	19.56749311294766	32.63085399449036	0.0
116.0	30.535239361702125	17.932734929078016	20.099179964539008	31.432845744680847	0.0
117.0	29.486536210068575	18.361487428220997	19.37893739198305	32.77303896972738	0.0
118.0	29.962704354897507	18.1318527242646	19.567594851518464	32.33784806931943	0.0
119.0	30.191657271702365	18.331454340473506	19.729425028184895	31.747463359639234	0.0
120.0	30.166916994927313	18.375038966191514	19.474594043132033	31.98344999574914	0.0
121.0	29.769535367347522	18.146597156938153	19.565279320855765	32.518588154858556	0.0
122.0	29.774733463258052	18.302189613665025	20.084833199587298	31.838243723489622	0.0
123.0	29.96883656509695	18.608610341643583	19.168397968605724	32.254155124653735	0.0
124.0	29.753914988814316	18.21087190214707	19.14059095267149	32.89462215636712	0.0
125.0	30.18221232716194	18.552261542067026	19.779704710569487	31.48582142020155	0.0
126.0	30.034270857953203	18.269912550224532	19.324627747577406	32.371188844244855	0.0
127.0	30.17721518987342	18.186150409530903	19.377513030528668	32.259121370067014	0.0
128.0	29.728107556569235	18.207190444751216	20.26589040273693	31.798811595942624	0.0
129.0	30.146592111228653	18.298322502644705	19.386428895269763	32.16865649085688	0.0
130.0	29.888591257762087	17.78582734688908	19.697430902228174	32.628150493120664	0.0
131.0	29.890204256885234	18.196037539103234	20.072992700729927	31.840765503281602	0.0
132.0	30.334682777588924	17.82502549522544	19.271300101980902	32.56899162520474	0.0
133.0	29.8285536159601	18.550498753117207	19.476309226932667	32.14463840399002	0.0
134.0	30.395270588975187	18.00572309046885	19.697493789503476	31.901512531052482	0.0
135.0	29.638454695641126	18.541110687507942	19.611767696022365	32.20866692082856	0.0
136.0	29.213483146067414	18.308186195826647	19.71107544141252	32.76725521669342	0.0
137.0	30.132858068697345	18.110823071937784	21.00453661697991	30.751782242384962	0.0
138.0	30.361816278461134	19.47461397539911	19.425543051557185	30.738026694582572	0.0
139.0	30.93328051236341	17.84688521342973	19.45792479614407	31.76190947806279	0.0
140.0	29.364497199253137	20.18871699119765	19.628567618031475	30.818218191517737	0.0
141.0	31.500252567772353	17.255430207105572	19.622832126620644	31.621485098501434	0.0
142.0	28.976790022768206	18.979168790566487	22.32303666700649	29.721004519658816	0.0
143.0	28.197644473440235	18.772104522198948	19.654568554063797	33.37568245029702	0.0
144.0	29.13377612407414	18.788468894530027	18.746739924192372	33.33101505720346	0.0
145.0	27.816480191401027	19.509534867356273	18.24291042150447	34.43107451973823	0.0
146.0	31.969675296810184	15.938349306250894	18.70976970390502	33.3822056930339	0.0
147.0	33.07049072104453	16.526076432186606	21.09587031467762	29.307562532091247	0.0
148.0	31.35097971811619	16.798441617967228	20.57599022191666	31.274588441999924	0.0
149.0	33.75020843755211	13.75687843921961	21.827580456895117	30.665332666333168	0.0
150.0	29.89726365701867	14.822681023412033	24.26652178208041	31.013533537488886	0.0
