# Position (bp)	A	C	G	T	N
0.0	26.23486555849446	24.030543518878066	23.629577862858746	26.105013059768734	0.0
1.0	26.360517903359064	20.047334379126482	15.448206547850186	38.14394116966427	0.0
2.0	28.704358965049927	19.14535175763671	18.31725243719591	33.83303684011745	0.0
3.0	22.97318345169302	22.592980548596277	14.999297074285026	39.43453892542568	0.0
4.0	34.07296964969584	13.055857993294007	14.740183412689383	38.13098894432076	0.0
5.0	34.87819564061482	14.805759021302714	23.189020201906686	27.12702513617578	0.0
6.0	31.06741511421209	17.18641112505834	21.03067828882459	30.715495471904987	0.0
7.0	34.96402612751508	16.911423131242657	20.133900603822728	27.990650137419532	0.0
8.0	22.419320269214733	26.88422626353327	22.93018053483066	27.766272932421327	0.0
9.0	27.721863251489992	18.52178856740462	15.451143461276992	38.305204719828396	0.0
10.0	26.42438297284091	16.29902987864378	25.25444513150072	32.022142017014595	0.0
11.0	28.17662921585637	18.037059607946464	19.613346029808373	34.1729651463888	0.0
12.0	26.002111896960873	19.57838694561182	21.313424437266384	33.10607672016093	0.0
13.0	26.438707802848636	20.779222010087768	18.74890075885042	34.03316942821317	0.0
14.0	30.810813811464925	18.23388385541562	20.33218712127377	30.623115211845686	0.0
15.0	29.79310098314639	18.5973256435985	19.934544462959007	31.6750289102961	0.0
16.0	29.91396842877872	17.486988843557015	18.793797863109056	33.80524486455521	0.0
17.0	30.419927382047955	17.85560273482397	19.59551445975149	32.12895542337658	0.0
18.0	31.14992505189366	17.664898358019745	18.826793714459562	32.358382875627036	0.0
19.0	29.930418966074928	18.290858226561674	20.04257642763923	31.73614637972417	0.0
20.0	29.795714113762166	17.884360711134388	19.65331474264658	32.66661043245687	0.0
21.0	29.265343375517567	18.385431891593804	19.783389073350037	32.56583565953859	0.0
22.0	29.78408365159143	19.14556857051059	22.3530713153132	28.717276462584778	0.0
23.0	29.85409659674263	20.269079339925913	21.105132202068923	28.771691861262532	0.0
24.0	32.63254495769369	19.4034696687972	18.130387635586615	29.833597737922496	0.0
25.0	29.634715480849206	21.105267597437617	19.307000468603373	29.95301645310981	0.0
26.0	32.51676837792422	16.616044594901798	21.766118852491758	29.101068174682233	0.0
27.0	26.373122286253704	21.299153765406132	24.90435332667098	27.42337062166919	0.0
28.0	26.509194631790262	19.669508028742268	18.38843766877879	35.43285967068868	0.0
29.0	28.020220485942104	19.937617937828342	17.298586188020572	34.74357538820899	0.0
30.0	26.532647612816124	19.086891434230928	16.172199455747656	38.20826149720529	0.0
31.0	34.204695004361845	14.185696146198662	18.08480349927393	33.52480535016556	0.0
32.0	34.36543219011172	15.622626566560271	22.526377953025627	27.485563290302384	0.0
33.0	31.205173774543837	17.498074959121173	20.834060431730023	30.46269083460497	0.0
34.0	33.62793219629122	16.34857657832839	21.8276038725745	28.195887352805897	0.0
35.0	26.288723848151136	20.123174960114657	25.790140184872257	27.797961006861954	0.0
