# Position (bp)	A	C	G	T	N
0.0	26.808594310494176	23.693519901224597	23.938155542919297	25.559730245361933	0.0
1.0	27.33065998506174	19.980188264460182	15.152975909847774	37.53617584063031	0.0
2.0	27.606891948298056	20.058366341254647	18.165070721195928	34.169670989251365	0.0
3.0	24.177391255479375	21.59400640665393	14.734425930088793	39.49382516578622	3.5124199168258964E-4
4.0	34.464529689963214	14.293046067612542	14.588544403573305	36.65300402872657	8.758101243650377E-4
5.0	35.872378176066185	14.754479869676517	22.382113067168735	26.983679818582996	0.007349068505566919
6.0	32.4232028228435	17.544727354073565	20.12010017668987	29.906202321260984	0.005767325132080484
7.0	35.40902070626423	16.841967487762098	20.342922960131933	27.404692721831015	0.0013961240107152517
8.0	23.781906193437237	26.35201350356945	21.885407984264436	27.980149194912446	5.231238164323653E-4
9.0	29.077020650817882	18.121214655599	15.89618137593131	36.90558331765181	0.0
10.0	27.544468123633226	16.661269204518547	24.912770047219087	30.88114440126475	3.4822336439485743E-4
11.0	28.73839460517729	18.62101370458995	19.508549053730697	33.13047639765065	0.0015662388514248423
12.0	27.39139132174261	19.21775659479722	21.015681397148995	32.36960435565374	0.005566330657435835
13.0	27.90094868545262	21.26345361837359	18.721630271706154	32.113793577032666	1.7384743496802078E-4
14.0	31.71915989965526	18.759355165094217	20.395085680708323	29.125703864802325	6.953897398720831E-4
15.0	30.487624670341802	18.706331697428972	19.07958214030531	31.725766102184043	6.953897398720831E-4
16.0	30.42608267836312	18.23989902940977	18.960322799917247	32.371435475655275	0.00226001665458427
17.0	30.307692575149904	18.49562860624773	20.310769674748833	30.882606042589146	0.0033031012643923944
18.0	32.58700629501562	17.937230645130448	18.54135048164432	30.929023307725608	0.005389270484008644
19.0	30.693112338474005	18.39444939909634	19.613293765657133	31.299144496772524	0.0
20.0	30.56081444046334	18.43321737709421	19.302628399369283	31.7031659356382	1.7384743496802078E-4
21.0	30.872349043926032	17.10763068546305	19.13051943875094	32.889500831859976	0.0
22.0	29.02904469096011	19.34313485171683	19.522023862298923	32.10475351041433	0.0010430846098081247
23.0	30.289090899608322	18.018243549825545	19.80000591081279	31.891790402578508	8.692371748401038E-4
24.0	31.131729416898317	17.89185646460379	18.829589528821298	32.145607657631814	0.0012169320447761455
25.0	29.66636938755287	18.009203483207205	19.773407253262683	32.5506721811073	3.4769486993604156E-4
26.0	32.31267504263609	17.705318166883107	19.950731636930065	30.031275153550745	0.0
27.0	29.05094946776608	18.188092493789302	20.003755104595307	32.75702908641435	1.7384743496802078E-4
28.0	30.969529760073154	17.936535255390574	19.864677156620893	31.22560703178105	0.003650796134328436
29.0	29.298508215160542	18.8513204581923	19.502379102147536	32.34587990271498	0.0019123217846482284
30.0	30.386240875087577	18.325623119168444	19.26753834679796	32.01920686495912	0.0013907939869021975
31.0	31.238384656707392	18.014495600729475	19.459535577503136	31.285845666531642	0.0017384985283609958
32.0	29.8385610620269	18.301049022778084	19.044092336257524	32.81629757893749	0.0
33.0	29.84165397534058	18.41059395406088	19.170856542813233	32.57585240509322	0.0010431226920910438
34.0	29.93303012601185	18.689671479039752	19.642062366129796	31.735062171409496	1.7385740910734652E-4
35.0	30.796535320176645	17.73160215341892	19.053303034204838	32.41821149302088	3.479991787219382E-4
36.0	31.36413001858801	17.597169331875996	18.86613153626054	32.17222102324545	3.480900300053606E-4
37.0	29.654782215103932	19.052783677448556	19.433689634762022	31.858570384039552	1.7408864593851188E-4
38.0	30.969808107246788	18.657255754257463	19.121183782720074	31.25122991430218	5.224414734939319E-4
39.0	29.983917086744928	19.309776424853766	19.443423168804376	31.262709073516167	1.7424608077002828E-4
40.0	30.435731102233714	18.695407083182808	18.818445664940636	32.04779830747778	0.0026178421650601843
41.0	30.379377210789794	18.266828230266597	20.24877996751243	31.102916362860654	0.0020982285705293305
42.0	29.600114843123592	18.266534083548372	18.98500386895279	33.1465965470034	0.0017506573718431271
43.0	29.557447062060454	18.32337050336388	19.890435157486316	32.22576806672029	0.0029792103690540655
44.0	29.626524283288663	18.749912296703762	19.76165752213631	31.861730491278784	1.7540659248137182E-4
45.0	30.328381163730594	18.28674361198212	19.597529416308802	31.787170240632605	1.7556734587820543E-4
46.0	30.806409107679332	17.289305855689665	19.851367733094396	32.05274161527785	1.756882587536675E-4
47.0	29.95663096236369	18.218335943913832	19.673756546228372	32.1500459708283	0.0012305766658052629
48.0	30.57285290102869	17.858600357439382	18.949564458704494	32.618454567202825	5.277156246042133E-4
49.0	29.579877198664956	17.676808573561097	20.253418580743286	32.488487374839806	0.0014082721908490474
50.0	30.05406015183376	18.101073271159166	19.4880942518565	32.35589100542717	8.81319723406618E-4
51.0	30.693121777240762	18.06494008913761	19.075378340231516	32.16655979339011	0.0
52.0	29.74603523136966	18.384910150799328	19.817822511527755	32.05123210630326	0.0
53.0	30.992294341256688	18.296059146521095	19.22190948424262	31.480863630071592	0.008873397908007709
54.0	30.97843387270881	18.015461029988423	18.558926726383874	32.44557785021616	0.00160052070273529
55.0	29.943324656536014	18.112057184904867	18.280248081572584	33.662944730404604	0.0014253465819298124
56.0	28.77436376196656	18.70808469012347	20.563470288661158	31.953724248358196	3.570108906172183E-4
57.0	28.20401435844631	19.452369715691322	19.45415737085979	32.888743492935184	7.150620673874493E-4
58.0	30.92888152889048	18.27006221187844	21.369377433648122	29.431320771606316	3.58053976636978E-4
59.0	29.34854547769924	20.655310768612665	20.525095195475814	29.464232867056356	0.006815691155923284
60.0	31.801273280702482	18.615572427953204	19.568645148066977	30.014329352158665	1.7979111867831953E-4
61.0	28.803851910627014	20.96369898833246	20.01586929471805	30.216399473427945	1.8033289452329E-4
62.0	31.958499641426467	16.9516541467761	20.77933602323846	30.31014799307482	3.6219548414670363E-4
63.0	27.29655162372879	20.228908996935264	24.870422002052862	27.60247945315173	0.0016379241313542357
64.0	26.020516383850207	20.697776477472207	18.442619953189	34.83634435342305	0.0027428320655354006
65.0	27.611904656938385	19.63934076915164	18.70839395141736	34.03521726990844	0.005143352584167291
66.0	26.844265697497438	19.926020902323607	16.793993118652512	36.428709793467334	0.007010488059109484
67.0	33.60484269935649	14.359856142034728	18.032829410467688	34.00080415194395	0.0016675961971395167
68.0	34.51787948904522	16.066568526038754	22.895136053212923	26.520415931703102	0.0
69.0	31.931164519780925	17.372372487225775	20.40969311262736	30.286769880365938	0.0
70.0	33.64261671905085	16.22334442928754	21.822639461285576	28.311399390376028	0.0
71.0	26.57506189803352	20.243184734843084	25.3560271184683	27.825726248655098	0.0
