# Position (bp)	A	C	G	T	N
0.0	24.46604655776436	25.785093038879296	23.3360686658641	26.412791737492242	0.0
1.0	23.457956285779126	22.791256554653298	14.375299646661166	39.37548751290641	0.0
2.0	27.29196379326151	23.390030973803768	15.96901717911455	33.34898805382018	0.0
3.0	25.145032237317146	22.334250750050153	13.233341673485304	39.287375339147395	0.0
4.0	31.36734298297414	16.115065430334614	12.696445019436018	39.821146567255234	0.0
5.0	36.095521867764155	17.32088898505386	22.87050935880503	23.713079788376962	0.0
6.0	29.43148335409345	17.453146998147368	20.01888694727131	33.096482700487876	0.0
7.0	31.91758860111879	17.787462492806583	19.8816297767674	30.413319129307226	0.0
8.0	21.675439005077088	23.734747325100408	25.80074195501691	28.78907171480559	0.0
9.0	22.64285038142017	19.442512009063332	16.723437694860856	41.19119991465564	0.0
10.0	24.196403216039933	17.45840589356897	25.578666314070247	32.76652457632085	0.0
11.0	23.196912577625053	22.02402864445209	19.347551383164625	35.431507394758235	0.0
12.0	26.72495526182538	22.987082650302987	21.478831443386486	28.809130644485148	0.0
13.0	26.547204596575106	23.571796694108084	16.38160949245649	33.49938921686032	0.0
14.0	28.693059309822566	18.633919274452737	20.294828702750703	32.378192712974	0.0
15.0	29.02722455032688	20.897648372221614	21.388528696289775	28.686598381161737	0.0
16.0	28.58074432903256	17.71263592366488	16.90674776384254	36.79987198346002	0.0
17.0	29.49654340316646	19.19902515104299	19.809658036568855	31.4947734092217	0.0
18.0	30.878731374119322	17.56936858696485	19.709138006938737	31.842762031977088	0.0
19.0	25.92064477062952	17.602349373966064	21.941689367565235	34.53531648783918	0.0
20.0	25.98337588030153	19.283918748563195	21.689638022715425	33.043067348419854	0.0
21.0	24.388127517696184	23.410649112974596	16.71014020215194	35.49108316717728	0.0
22.0	28.555201122699046	19.741968539785045	21.466660856839344	30.236169480676566	0.0
23.0	25.843864897474077	20.98269222389672	21.541412298903595	31.632030579725605	0.0
24.0	34.83312022285696	20.576254734884056	16.883232988600216	27.707392053658765	0.0
25.0	27.06513066852581	22.74126685288165	19.25033694494237	30.943265533650173	0.0
26.0	30.645912561097095	17.774165000097668	22.22161285814956	29.35830958065568	0.0
27.0	24.943016111753032	24.772703027170458	21.611580989243308	28.672699871833206	0.0
28.0	27.645111706451463	19.51561065542365	17.752528401791633	35.08674923633326	0.0
29.0	25.20340656219996	22.576963934495197	17.143473184892244	35.07615631841259	0.0
30.0	26.397008638016757	20.629877650044058	15.739190438959344	37.233923272979844	0.0
31.0	31.67730806586339	16.994065286381275	15.560988283132213	35.767638364623124	0.0
32.0	34.32990484672461	15.976203674827271	22.63983047939591	27.054060999052204	0.0
33.0	30.72486868824027	16.229269406674526	18.742477734092915	34.30338417099229	0.0
34.0	29.630692838223897	17.037914711213723	23.608236607705578	29.72315584285681	0.0
35.0	28.335361809138682	18.721109717466728	23.686777161773183	29.25675131162141	0.0
