# Position (bp)	A	C	G	T	N
0.0	25.569210250547776	24.222158712012956	27.449747546918168	22.7588834905211	0.0
1.0	25.44727064875679	20.67257311612842	14.45174811851005	39.42840811660474	0.0
2.0	27.709305648156967	20.17525478617011	18.224592818363654	33.89084674730927	0.0
3.0	22.478287368581444	23.44773731525217	15.099801919853725	38.974173396312665	0.0
4.0	34.85298598415601	13.280773918342472	13.806368068251066	38.05987202925046	0.0
5.0	37.18583396801219	14.514470677837016	23.36062452399086	24.93907083015994	0.0
6.0	33.419644727071955	17.731279629876433	20.739485558707614	28.109590084344	0.0
7.0	36.76896131586963	16.627322570819373	19.987435272616512	26.61628084069449	0.0
8.0	22.929754426042262	27.570911859889584	22.880258899676377	26.619074814391773	0.0
9.0	29.82335922034414	18.433074463225214	15.309502055733212	36.434064260697426	0.0
10.0	27.026666920456062	16.02870358033386	25.882711232084056	31.061918267126025	0.0
11.0	28.612755267114554	18.582874978588965	19.29847934073045	33.50589041356603	0.0
12.0	26.198496526786563	20.69083642592064	21.166619088400417	31.94404795889238	0.0
13.0	26.76562946046246	21.796555333523646	18.231991626225142	33.20582357978875	0.0
14.0	31.046883324453916	18.673415023974428	19.849303599969556	30.430398051602104	0.0
15.0	30.590384139728688	18.590536349626134	18.529652390646703	32.28942711999848	0.0
16.0	30.681731720307386	16.23678003499962	18.24545385376246	34.83603439093053	0.0
17.0	30.87838094875794	17.731197930536005	20.131623996652337	31.258797124053718	0.0
18.0	31.86062876813937	17.04482778295517	18.95813918104186	32.1364042678636	0.0
19.0	30.89370602776193	17.425366039170946	19.790834759459976	31.89009317360715	0.0
20.0	31.768575557076584	17.495627043881665	19.54901513423074	31.186782264811015	0.0
21.0	30.987870261226664	17.04247309783642	19.479828130347162	32.48982851058976	0.0
22.0	29.460636133766805	18.165744595904865	19.768436662293958	32.60518260803437	0.0
23.0	30.005132982262694	17.579513697458225	20.404555046482006	32.01079827379708	0.0
24.0	31.946160719377957	17.900800365012074	17.484458470371287	32.66858044523868	0.0
25.0	30.13972055888224	17.83860849729113	18.887938408896492	33.13373253493014	0.0
26.0	31.853175432927177	17.61742733856711	19.60955766342882	30.91983956507689	0.0
27.0	29.850973236009732	17.485933698296837	18.755702554744524	33.9073905109489	0.0
28.0	31.139158699081904	17.004695014161076	20.120131536429128	31.73601475032789	0.0
29.0	29.584156910445493	18.477269271704426	19.765850691804772	32.17272312604531	0.0
30.0	31.20474371400878	17.78892753292662	19.261835528441377	31.74449322462322	0.0
31.0	30.929167379364088	17.488644354486194	19.51460554573617	32.067582720413554	0.0
32.0	30.65809983652055	18.256472645705813	19.165114245523323	31.92031327225031	0.0
33.0	31.00242908784882	18.177992846623187	19.73681693858424	31.082761126943748	0.0
34.0	30.391125561824616	17.421822702495938	19.592617385483408	32.59443435019604	0.0
35.0	30.223659287887195	18.441846671896226	19.721812998641592	31.61268104157499	0.0
36.0	30.760547211326895	17.767148187123315	18.905577346216397	32.5667272553334	0.0
37.0	28.94973499416413	19.600864856590704	18.753228861718615	32.696171287526546	0.0
38.0	30.552419586307188	18.128240944490155	19.151948872007807	32.16739059719485	0.0
39.0	28.93855603819438	18.454237547599455	20.599322604718804	32.00788380948736	0.0
40.0	30.709173715029277	18.077614910635692	19.650579815530637	31.562631558804394	0.0
41.0	30.691951471545025	17.727429293122583	20.569099468024035	31.011519767308354	0.0
42.0	30.95042192074396	18.727157918907025	19.58439371615545	30.738026444193565	0.0
43.0	29.852659778032915	18.911213164944506	19.305396096440873	31.930730960581705	0.0
44.0	30.355912743972446	18.14963643321852	20.579793340987372	30.91465748182166	0.0
45.0	29.59412136173144	19.09983351512716	19.79830453336395	31.507740589777445	0.0
46.0	29.718506611554435	18.407103354574506	19.406012591614523	32.46837744225654	0.0
47.0	29.5822089529387	18.568065682953435	20.254157815161435	31.59556754894643	0.0
48.0	30.998449790434634	18.472373734473983	18.83983081663509	31.689345658456297	0.0
49.0	29.66429337008115	18.8562241616904	18.9978563772776	32.48162609095085	0.0
50.0	30.34623997550099	18.3015292744081	19.6757708576569	31.676459892434018	0.0
51.0	30.223345007751046	18.623567013071522	19.1537004076477	31.99938757152973	0.0
52.0	29.868514229937414	18.37929912534211	19.883634136538497	31.868552508181974	0.0
53.0	31.4978563772776	18.615066605420303	18.869621803705407	31.017455213596694	0.0
54.0	31.22858728730836	18.068023044385324	19.80592187111222	30.897467797194096	0.0
55.0	30.229486860489597	18.018259421593584	18.198174057840642	33.55407966007618	0.0
56.0	29.691656937240417	18.435508258847396	20.31121404099757	31.561620762914615	0.0
57.0	28.163460618240983	18.01894918173988	19.86601588668772	33.95157431333142	0.0
58.0	29.52030932965813	18.004670571570767	19.287163584855097	33.18785651391601	0.0
59.0	29.55611278065961	17.692322416400284	20.825756560687555	31.92580824225255	0.0
60.0	29.787722757115787	18.456061099094615	19.862948146163124	31.893267997626477	0.0
61.0	30.446601198338406	17.029422462145142	19.527556040506138	32.99642029901032	0.0
62.0	29.563336332484635	18.291632367861858	19.61636388000842	32.52866741964508	0.0
63.0	29.99597986101805	17.96044948982522	19.759940272220838	32.28363037693589	0.0
64.0	28.493759093345584	18.718891186155144	19.87326747836741	32.91408224213186	0.0
65.0	30.867600888276286	17.694693314955202	20.541389080327743	30.89631671644077	0.0
66.0	29.521785741634123	18.131173903055362	20.47247109273298	31.874569262577534	0.0
67.0	29.74364865123581	17.115616564240995	19.696360538356977	33.44437424616621	0.0
68.0	29.61672473867596	17.974882260596548	20.186085691312172	32.22230730941532	0.0
69.0	30.183405444729487	17.672397289122028	20.03292874373014	32.11126852241834	0.0
70.0	28.536421939312724	18.39954053795348	19.89662103953288	33.16741648320092	0.0
71.0	29.703444182796318	17.5770107020466	21.028851492351578	31.690693622805505	0.0
72.0	30.008998487488274	18.0467538435029	20.143209971089966	31.80103769791886	0.0
73.0	30.714148956538388	17.55887421022401	19.20352287957113	32.523453953666476	0.0
74.0	30.106456306961782	18.42498276786398	20.54836486175998	30.920196063414263	0.0
75.0	30.731230972485495	17.429681965267008	19.457368793918857	32.38171826832864	0.0
76.0	28.728435483562144	18.421506117525418	19.26398223141287	33.58607616749957	0.0
77.0	29.077470991460192	17.359169762187417	22.04649025389653	31.516868992455866	0.0
78.0	29.0818573480134	17.535662996649116	19.180469123982764	34.202010531354716	0.0
79.0	30.807229838400858	17.010032932526613	19.273186796354448	32.909550432718085	0.0
80.0	31.49137419342486	17.973462002412546	20.058590384283992	30.476573419878605	0.0
81.0	29.59197350029678	18.69148141765753	19.56459302659544	32.151952055450245	0.0
82.0	30.374511756146127	17.592096193612623	18.853871486558933	33.17952056368232	0.0
83.0	30.331227264024506	18.378326632203716	19.86789201608271	31.42255408768907	0.0
84.0	31.24437551458058	17.634556838416913	18.82359699006261	32.2974706569399	0.0
85.0	29.961514159342865	16.518275987516034	19.103145882397992	34.4170639707431	0.0
86.0	30.406142887233596	17.68952377305019	20.333952473048274	31.57038086666794	0.0
87.0	29.628707657545526	18.302280604331425	20.155870018957163	31.913141719165882	0.0
88.0	30.02106472615856	17.51627728839525	19.027192646495592	33.43546533895059	0.0
89.0	30.163350504605603	18.608169440242055	20.329765028054922	30.898715027097417	0.0
90.0	31.046170933951245	18.38411306229533	18.79009555908769	31.779620444665735	0.0
91.0	30.22080085792528	17.845994752867732	19.6958961297612	32.2373082594458	0.0
92.0	28.94978742962197	18.58746026274465	20.184610670649967	32.27814163698341	0.0
93.0	30.77541796732865	18.289062948848077	19.757933240132523	31.177585843690753	0.0
94.0	30.587581874593024	17.045236909641094	20.525146512429618	31.84203470333627	0.0
95.0	30.530710742535383	18.024246835079385	20.65386014977113	30.791182272614098	0.0
96.0	30.0645457853709	18.905977667541325	19.292869318725938	31.73660722836184	0.0
97.0	29.592032177743725	18.393028155525762	20.2968779927217	31.718061674008812	0.0
98.0	29.009519796195914	18.127837263202252	21.073802363667706	31.78884057693413	0.0
99.0	30.063018369184206	18.76185185894612	19.20623671155209	31.968893060317583	0.0
100.0	30.389120775548673	18.176922041201024	19.67531593221643	31.758641251033872	0.0
101.0	29.698855729086134	18.31606618215556	20.670326271841656	31.314751816916655	0.0
102.0	30.704701244732703	17.872885799172767	19.84775812183234	31.57465483426219	0.0
103.0	29.820929914663434	17.21377101681345	19.572731355816362	33.39256771270675	0.0
104.0	30.637880274779196	17.419038272816486	20.453385672227675	31.489695780176646	0.0
105.0	30.713904641466932	18.226007231915272	19.14481613942184	31.915271987195954	0.0
106.0	29.14795533124031	17.909231808607874	20.510273019910187	32.432539840241624	0.0
107.0	29.838516268286835	18.41673994723799	20.251418978335597	31.493324806139576	0.0
108.0	29.285498944829662	19.411114460858204	20.307506783237866	30.99587981107426	0.0
109.0	28.924002098720585	18.74722524922307	20.075069621019495	32.25370303103685	0.0
110.0	29.140818229736855	17.954020192190733	21.568746705591373	31.336414872481043	0.0
111.0	28.92886978137289	19.499174799812547	19.36877279488172	32.20318262393284	0.0
112.0	28.718001228752815	18.22445218103625	19.361048535736227	33.69649805447471	0.0
113.0	31.075713609516164	17.402399621329053	20.048980263834867	31.472906505319916	0.0
114.0	30.190515634706976	18.314350797266517	19.204804307310003	32.290329260716504	0.0
115.0	29.292424337103462	17.652940073736175	20.7752713032973	32.27936428586307	0.0
116.0	30.37786435423736	17.705584181642998	20.541661430187254	31.374890033932385	0.0
117.0	30.45235438987939	18.064706253815228	19.750773570210704	31.73216578609468	0.0
118.0	29.958734525447046	18.32398687969527	19.597926145381443	32.119352449476246	0.0
119.0	30.706197854588797	17.78264941256598	19.928060616380044	31.583092116465178	0.0
120.0	29.42385509666645	18.72952662341833	19.874965208641104	31.971653071274115	0.0
121.0	29.903827535015814	17.26586200219454	19.933733514060112	32.89657694872953	0.0
122.0	29.38708421644535	17.786236428911284	20.751330074830225	32.07534927981314	0.0
123.0	28.38977524670695	18.660609485719252	19.877842020606007	33.07177324696779	0.0
124.0	28.82656407117562	17.9425523543042	19.214794736151795	34.01608883836838	0.0
125.0	29.09130913091309	18.176017601760176	19.986798679867988	32.745874587458744	0.0
126.0	30.37097702421533	18.289875603169683	19.43202443667272	31.907122935942272	0.0
127.0	30.21733321457201	17.74071434933642	18.649238443039103	33.39271399305247	0.0
128.0	29.80263010506978	17.682639962363062	21.190940251360978	31.323789681206176	0.0
129.0	30.849985356732525	17.60346031674514	19.365158034648225	32.181396291874115	0.0
130.0	29.77455534156565	17.92681545258865	19.63521015067407	32.66341905517163	0.0
131.0	30.01845817286877	18.06850033042408	21.026365562974274	30.88667593373288	0.0
132.0	30.443553008595988	18.01260744985673	19.0487106017192	32.495128939828085	0.0
133.0	29.88614363418457	18.396791739651515	20.570203742970406	31.14686088319351	0.0
134.0	30.463622237168636	17.39916970104599	20.998678015631885	31.13853004615349	0.0
135.0	29.505287978894778	17.780683118156563	20.951135806504332	31.762893096444326	0.0
136.0	27.649877842510804	19.228058635594813	19.7448787821838	33.37718473971058	0.0
137.0	30.915028040036912	17.76815503655853	23.740564586734813	27.576252336669743	0.0
138.0	30.454458841463417	20.367282774390244	19.738471798780488	29.43978658536585	0.0
139.0	30.623397167030177	18.737866404620952	20.468326822136472	30.170409606212402	0.0
140.0	28.845597453949274	21.925933069727073	20.10801427331469	29.120455203008973	0.0
141.0	31.536185487000388	17.336049670159102	20.867287543655415	30.2604772991851	0.0
142.0	27.24166544638063	19.475765119343976	24.91335969151169	28.3692097427637	0.0
143.0	27.473606678124234	19.597348391848758	19.1013994598576	33.82764547016941	0.0
144.0	28.14739755820276	18.958528990163607	18.454352231723593	34.43972121991004	0.0
145.0	26.84075449131637	19.83156006279122	16.908778312112226	36.41890713378018	0.0
146.0	33.81931526821175	14.106882509677742	19.71243275853401	32.36136946357649	0.0
147.0	34.93405306309518	16.374700819880836	22.2640932932729	26.427152823751083	0.0
148.0	32.42524570504966	16.58280977084908	21.158007247321358	29.833937276779892	0.0
149.0	33.27381284526533	17.43485296579432	23.430612131019473	25.860722057920878	0.0
150.0	27.59134444838595	17.917701312522173	27.03440936502306	27.45654487406882	0.0
