# Position (bp)	A	C	G	T	N
0.0	23.15651604453176	27.402750491159132	34.26326129666012	15.177472167648984	0.0
1.0	23.355599214145386	22.227897838899803	14.725605762933858	39.690897184020955	0.0
2.0	26.411686169795022	21.788528495510352	17.212492473624962	34.58729286106966	0.0
3.0	19.44855008959753	24.867565693955765	13.24735458386198	42.43652963258472	0.0
4.0	35.64966137593808	10.90657113720158	12.251915383207384	41.191852103652955	0.0
5.0	39.23680083638265	12.749607945635127	23.863042341871406	24.15054887611082	0.0
6.0	33.34988436058591	17.097646705256693	21.797702891638682	27.754766042518717	0.0
7.0	37.498530161094344	17.009629077986386	20.397444440089366	25.094396320829905	0.0
8.0	19.793571988502745	32.32950091455448	22.654821008622942	25.222106088319833	0.0
9.0	28.78120794847341	18.21459833035026	13.57015011170192	39.434043609474415	0.0
10.0	25.633824893219607	15.595814992358834	28.483914366697576	30.286445747723977	0.0
11.0	27.3506171227062	17.889375040814993	19.090968458172792	35.66903937830602	0.0
12.0	24.699967352269017	19.900750897812603	23.00097943192948	32.3983023179889	0.0
13.0	25.02611784371082	23.60791893021312	17.282177183451733	34.08378604262432	0.0
14.0	31.923533943564497	18.50671820116736	19.543501821553086	30.026246033715054	0.0
15.0	30.483873073057392	18.020910835258643	19.689078591847124	31.80613749983684	0.0
16.0	31.527016444792483	16.891151135473766	18.158444270425473	33.42338814930827	0.0
17.0	30.55863661868908	17.73126459880208	19.22148421698224	32.4886145655266	0.0
18.0	31.350547342875405	17.289250159831948	19.12894850149394	32.2312539957987	0.0
19.0	31.122475604028597	18.4143923185305	18.537024474247247	31.926107603193653	0.0
20.0	31.497254359763655	17.41035908539528	18.396441754601067	32.69594480024	0.0
21.0	30.90527304266169	16.390385142096957	19.769671201074694	32.934670614166656	0.0
22.0	29.872975299303583	18.56725527530713	19.579279584757035	31.980489840632252	0.0
23.0	29.023760465298242	17.69515662084974	20.136407501108476	33.14467541274354	0.0
24.0	30.67925463246704	18.055211443921397	18.69808442108832	32.567449502523246	0.0
25.0	29.468139204360245	17.980780514518926	19.156898282763745	33.394181998357084	0.0
26.0	32.43021239422663	17.387903047055296	19.078973101946623	31.102911456771455	0.0
27.0	29.39090529828953	18.016009595327493	19.88031914893617	32.71276595744681	0.0
28.0	30.19632893570423	17.69567711320853	19.6016060906294	32.50638786045784	0.0
29.0	29.67969860120716	18.319884237833893	19.062952195961362	32.93746496499759	0.0
30.0	30.363195494602905	17.664389633415027	18.82724096574021	33.14517390624185	0.0
31.0	30.327997079835217	18.07764509568754	20.351201960682065	31.24315586379517	0.0
32.0	29.592022940563083	18.179092805005215	19.21402502606882	33.01485922836288	0.0
33.0	29.685341119424386	17.762454704241506	20.202560025026724	32.34964415130738	0.0
34.0	29.817631952863273	18.294161354659575	19.527329135870062	32.36087755660709	0.0
35.0	30.069738643029392	17.42032197093137	18.317147885029	34.192791501010234	0.0
36.0	30.598464406293584	16.686871847014196	19.054136847731154	33.660526898961066	0.0
37.0	28.046666232157985	19.436876751613113	19.053640096460928	33.462816919767974	0.0
38.0	29.900804254598068	18.04945448857489	19.62276939922051	32.42697185760653	0.0
39.0	29.2280418176604	18.767109002268164	19.871209948640406	32.133639231431026	0.0
40.0	30.39901972286314	18.32935747526495	19.754148579771353	31.517474222100557	0.0
41.0	29.561068453506106	18.139983574287243	20.326167724778056	31.972780247428595	0.0
42.0	29.420199176182283	18.551540747692787	20.034934042442252	31.993326033682674	0.0
43.0	30.00456234113276	18.809880727367528	19.895717916965392	31.289839014534316	0.0
44.0	29.639575050511635	18.51398031675683	19.59981750635469	32.24662712637685	0.0
45.0	30.270481652871016	18.36537834843251	20.26591931173825	31.09822068695822	0.0
46.0	30.190966564557126	17.618457928697126	19.64935149579613	32.54122401094962	0.0
47.0	29.359161539263738	18.151006361455835	19.394618834080717	33.09521326519971	0.0
48.0	30.698735497327593	17.85164906791813	19.16568895841481	32.28392647633946	0.0
49.0	28.798446075427915	19.53225827477871	19.268925419442308	32.400370230351065	0.0
50.0	29.632767993325427	18.7240089168155	18.626236817061883	33.0169862727972	0.0
51.0	30.001694716395725	18.155627110247817	19.65871019046005	32.1839679828964	0.0
52.0	29.203170629954112	17.73962244472257	19.68215477680434	33.37505214851898	0.0
53.0	31.59068093816409	17.60426580446658	18.89495847620041	31.910094781168922	0.0
54.0	30.18853164358914	18.05914104670265	19.88969725416569	31.862630055542517	0.0
55.0	29.41797700070406	18.070875381365877	18.675845524003236	33.83530209392683	0.0
56.0	30.055414303409613	17.80037812112915	18.928222178760024	33.21598539670122	0.0
57.0	28.624137886077104	17.612547424414284	19.553851970639236	34.209462718869375	0.0
58.0	29.57526138763591	17.943837509451672	19.26055328136	33.22034782155242	0.0
59.0	29.78396067745342	17.519133235113888	19.785134095620542	32.91177199181215	0.0
60.0	29.92320029207359	17.51268042715763	19.861004263752886	32.7031150170159	0.0
61.0	29.700762761588106	17.883825542734208	20.078231957754745	32.337179737922945	0.0
62.0	29.892565647083362	18.30686588959295	19.33427208010639	32.46629638321729	0.0
63.0	29.137872584556813	17.49419772081258	20.324927634495527	33.04300206013509	0.0
64.0	29.596932987338143	18.664180369554163	19.70998995918474	32.02889668392296	0.0
65.0	29.877595713894646	17.637167103359275	19.781523340242202	32.70371384250388	0.0
66.0	30.342849693651413	17.83600573588841	20.462781905879286	31.35836266458089	0.0
67.0	29.38431254969952	17.919203243341894	19.658197650923594	33.03828655603499	0.0
68.0	30.53658027845857	17.40626792511863	19.28351671272879	32.77363508369401	0.0
69.0	29.74918808936886	17.627264545916972	19.554981674948806	33.068565689765364	0.0
70.0	28.99263219664863	17.012453543717807	20.383386581469647	33.61152767816392	0.0
71.0	29.806739345887017	18.075478587449794	19.181315528663085	32.936466538000104	0.0
72.0	30.401282853566958	17.967772215269086	20.0354609929078	31.59548393825615	0.0
73.0	30.574967405475878	17.81877444589309	18.897001303780964	32.70925684485007	0.0
74.0	29.764250022831344	18.93305848739057	19.173113804485382	32.1295776852927	0.0
75.0	30.572625151669342	17.51797200151343	18.510835388208278	33.398567458608944	0.0
76.0	29.98630047622154	17.917672385674212	19.06451823341379	33.031508904690455	0.0
77.0	29.527040250505575	17.446669711005285	20.433165894709372	32.59312414377976	0.0
78.0	29.793202426772787	17.689346989366562	18.78661360819362	33.73083697566704	0.0
79.0	29.924978798356054	18.526975014678058	18.054667623458805	33.49337856350708	0.0
80.0	30.058844251921247	18.447868689899927	19.20592878671242	32.28735827146641	0.0
81.0	30.073196508487403	18.655324034810747	18.92932166016466	32.342157796537194	0.0
82.0	30.68241127348643	18.18241127348643	18.5634133611691	32.571764091858036	0.0
83.0	30.238384154695268	18.517503686016624	19.28471705744967	31.95939510183844	0.0
84.0	29.937369519832984	18.16153444676409	18.333768267223384	33.56732776617954	0.0
85.0	29.973381351287877	17.53568725697435	19.32461703071583	33.166314361021946	0.0
86.0	30.44000208779164	17.309097552064305	19.017172086225795	33.23372827391826	0.0
87.0	30.08756018947451	17.831743504756435	20.30978821134498	31.770908094424072	0.0
88.0	30.324542287063984	18.175412039514036	18.219780506583497	33.28026516683848	0.0
89.0	30.10570272739136	19.57457914654835	19.099569359258776	31.220148766801515	0.0
90.0	30.754574165426877	19.147547829718373	19.022263983504292	31.075614021350457	0.0
91.0	30.218080732939196	18.717617425577178	19.351891729637316	31.71241011184631	0.0
92.0	28.83207392036334	18.140767132584212	19.345366273834227	33.681792673218226	0.0
93.0	29.754104779555718	17.907019238299092	19.440601425252552	32.89827455689264	0.0
94.0	30.07674837497063	18.052836296238286	18.899939958754274	32.97047537003681	0.0
95.0	30.974259907064166	17.745261838876417	19.169320733044433	32.11115752101498	0.0
96.0	30.371221218608053	18.546702866391687	19.011382028924974	32.07069388607529	0.0
97.0	29.60579558804334	18.343558282208587	19.22203367706566	32.828612452682414	0.0
98.0	29.83003498511827	17.62701686596	19.769202652602996	32.77374549631873	0.0
99.0	29.589159127403754	18.67126202691941	19.779631587879738	31.9599472577971	0.0
100.0	30.468195790967133	18.6923622605817	19.579096713170962	31.260345235280205	0.0
101.0	30.517239099096717	18.62774919656673	19.046989274331132	31.808022430005423	0.0
102.0	29.431821208811698	18.073572893636292	20.320449641725048	32.174156255826965	0.0
103.0	29.135706429893503	17.563507604817726	19.46940636819657	33.8313795970922	0.0
104.0	30.910516143855332	17.45888013407036	19.109080834155506	32.5215228879188	0.0
105.0	30.11036926011718	17.468319934595993	19.701594222646136	32.719716582640686	0.0
106.0	29.127093055174306	18.575349986275047	20.060389788635742	32.237167169914905	0.0
107.0	30.415709501536075	17.41025711992472	18.92834408125986	33.24568929727935	0.0
108.0	28.808810204223878	18.742594270579215	20.985571896563744	31.463023628633163	0.0
109.0	29.251070400786126	18.057134835403946	19.665894574296345	33.02590018951358	0.0
110.0	29.644224114797396	17.523268788045705	20.92284225244693	31.90966484470997	0.0
111.0	29.6231562793077	18.253900588285447	20.494785005826017	31.628158126580843	0.0
112.0	29.474120912134133	18.460129896140312	19.324196732568453	32.741552459157106	0.0
113.0	30.512502880848118	18.351002535146346	19.235422908504262	31.90107167550127	0.0
114.0	30.593905608060044	17.664735856452246	18.833384144128452	32.90797439135926	0.0
115.0	28.881183338454107	17.98416948309412	20.708422946934117	32.42622423151765	0.0
116.0	30.438824293218435	17.991205807708198	18.354187570087944	33.21578232898542	0.0
117.0	30.860520869008447	17.302738359366856	20.230206828774364	31.606533942850334	0.0
118.0	30.62949451275353	17.569697788587128	19.173084718281313	32.627722980378024	0.0
119.0	31.32096036816131	18.246086772230463	18.984831511701838	31.448121347906383	0.0
120.0	30.764889804011286	17.907420117440708	19.220620758026385	32.10706932052162	0.0
121.0	30.055493213226136	18.112923308686764	19.545601278957157	32.28598219912994	0.0
122.0	29.58064915758176	18.39383052527255	19.547509910802773	32.47801040634292	0.0
123.0	28.595943837753513	19.13572542901716	19.341653666146648	32.926677067082686	0.0
124.0	29.44555483860814	18.548653625218364	19.176594639681465	32.82919689649203	0.0
125.0	29.5039288832447	18.344313040717516	19.663465354393207	32.48829272164458	0.0
126.0	30.340770661024557	17.968199012630635	19.260114124511123	32.43091620183369	0.0
127.0	29.8925531570601	18.374381047930356	19.17375966859769	32.559306126411855	0.0
128.0	29.344045461225686	17.72726530478943	19.546367510899916	33.382321723084964	0.0
129.0	30.445462938538643	17.05519651806911	20.52723555790029	31.972104985491956	0.0
130.0	29.771487493347525	18.754989356040447	18.78492549228313	32.6885976583289	0.0
131.0	29.361630735676535	18.49677040516735	19.567150406845062	32.57444845231105	0.0
132.0	30.811386816867103	17.963160298371136	19.436410074254496	31.78904281050726	0.0
133.0	30.68108071182157	17.67940704307135	19.34624449226355	32.293267752843526	0.0
134.0	30.799475753604195	17.558805270055874	19.823066841415464	31.81865213492447	0.0
135.0	30.92704505477281	17.28347759452446	19.606750378794477	32.18272697190825	0.0
136.0	28.545002906823107	19.33301622535807	19.89500202596762	32.226978841851206	0.0
137.0	30.571812080536915	18.015212527964206	20.456375838926174	30.956599552572705	0.0
138.0	30.083096475188732	18.29570758730561	19.847203866973224	31.77399207053243	0.0
139.0	28.92239794041927	19.139389481426996	19.922765722692166	32.01544685546157	0.0
140.0	30.35128281622912	17.978072792362767	18.751864558472555	32.91877983293556	0.0
141.0	29.327863916905013	17.89289477645642	19.88747553816047	32.891765768478095	0.0
142.0	30.74394923819294	16.85664348949428	19.909571032334057	32.48983623997872	0.0
143.0	30.015722064575506	18.009433238745302	20.756959889562083	31.21788480711711	0.0
144.0	30.142187439463797	17.1709736159002	21.004610437410406	31.682228507225602	0.0
145.0	31.088600650495707	18.821270425957128	18.946667189153178	31.14346173439398	0.0
146.0	30.1714557866328	17.893713287823466	19.671773297348786	32.26305762819495	0.0
147.0	29.97548428582911	18.097419821557754	19.628647214854112	32.298448677759026	0.0
148.0	30.47628740077346	17.96865458986363	18.92937105638103	32.62568695298189	0.0
149.0	30.145088825687317	18.187626231400188	20.74728988912246	30.919995053790032	0.0
150.0	30.935942095492376	18.136876577459795	18.933689326463778	31.99349200058405	0.0
151.0	29.794188351398088	17.496098857070557	20.138332419552107	32.57138037197925	0.0
152.0	29.223948675320244	18.524202314726004	19.140183728712408	33.11166528124134	0.0
153.0	29.829704677732273	18.370338435007543	20.56908816555292	31.230868721707267	0.0
154.0	30.27370990237099	18.017782426778243	19.88537308228731	31.823134588563455	0.0
155.0	30.479150136648155	17.733403861412324	19.30044961650357	32.48699638543595	0.0
156.0	29.85084624659492	18.025722323940517	19.47706872683428	32.64636270263029	0.0
157.0	30.42681685553369	17.43231322521544	19.79824025694963	32.342629662301235	0.0
158.0	29.034476434989916	18.38437557307904	20.454337062167614	32.12681092976343	0.0
159.0	30.285687697748	17.96249767355295	19.281593150939884	32.47022147775917	0.0
160.0	29.915134370579917	18.406412069778405	19.67232437529467	32.006129184347	0.0
161.0	29.646007122881663	18.086860912589334	19.54968090446256	32.71745106006645	0.0
162.0	30.26373094604404	18.207113476893298	18.838616017420758	32.690539559641905	0.0
163.0	30.48786455275005	17.853298101389704	19.441182227441768	32.21765511841848	0.0
164.0	31.345944339902942	17.678518371793604	19.993562444290383	30.98197484401307	0.0
165.0	29.774688879967886	18.16790445604175	20.069751103974305	31.98765556001606	0.0
166.0	30.379456900720232	17.830147863487138	19.268063013768355	32.52233222202428	0.0
167.0	29.411156757874068	18.492106555047414	19.282742939823784	32.813993747254735	0.0
168.0	29.727174854922144	17.721818134075573	19.672819893390752	32.87818711761153	0.0
169.0	30.37117962109302	17.623704335314024	19.69410322683791	32.31101281675504	0.0
170.0	31.578662627136982	17.40153646396884	19.868534949145207	31.15126595974897	0.0
171.0	30.01344786892444	17.989955265252352	20.495650026072397	31.500946839750803	0.0
172.0	29.519832985386223	18.995128740431454	19.716075156576203	31.768963117606123	0.0
173.0	30.58850107308257	18.76200158138484	18.66034112730148	31.98915621823111	0.0
174.0	30.169258920402562	18.489821591948765	20.130946935041173	31.2099725526075	0.0
175.0	29.1172289750805	19.07110324620696	19.161033912564186	32.650633866148354	0.0
176.0	30.50383834818671	17.571105032500956	20.106473719815288	31.818582899497045	0.0
177.0	29.780246028902425	18.79553326167443	19.41060551773558	32.01361519168756	0.0
178.0	28.743822200660986	18.474273066310907	19.93572056638671	32.8461841666414	0.0
179.0	30.634715025906733	18.396866518628176	19.676782630150505	31.291635825314586	0.0
180.0	29.346803036958026	18.362929033067704	20.050825123925456	32.23944280604882	0.0
181.0	31.502170582226764	17.62002042900919	18.79788049029622	32.07992849846782	0.0
182.0	29.6454866854789	17.732152703447827	20.310726217119132	32.31163439395414	0.0
183.0	30.301732656960272	18.13031161473088	19.635680874892945	31.932274853415905	0.0
184.0	30.14418091191918	17.683069614960022	19.489512594921887	32.683236878198905	0.0
185.0	29.02491248343133	19.787241273833395	20.514563436767155	30.67328280596812	0.0
186.0	30.749550546259165	18.84594108698659	18.86322776932651	31.54128059742774	0.0
187.0	28.540312664675916	18.805550676269103	19.859476550149306	32.794660108905674	0.0
188.0	29.95167352783247	18.58600322176481	19.140862717021655	32.321460533381064	0.0
189.0	30.81264108352145	17.235855239204838	20.559965047695332	31.391538629578385	0.0
190.0	29.273527996743276	18.811294918766887	20.317530809370492	31.597646275119352	0.0
191.0	30.97088111044056	17.014936632468316	18.795262522631262	33.21891973445987	0.0
192.0	28.469120591406128	19.0628369012783	19.84444786693362	32.623594640381945	0.0
193.0	30.194460331726447	17.762889124928506	19.71157774327968	32.331072800065364	0.0
194.0	31.205114367553655	17.622151189339533	19.942712441363277	31.230022001743535	0.0
195.0	30.68186616001689	17.93540215326156	19.894447962845682	31.48828372387587	0.0
196.0	30.095418206825407	18.28419152411244	18.799965615060604	32.82042465400154	0.0
197.0	29.424885195713973	18.460529193089876	19.532035862672206	32.582549748523945	0.0
198.0	30.28377047712828	18.324232387431742	19.376063020320473	32.01593411511951	0.0
199.0	29.350983286510168	18.08485310223323	20.460930431884197	32.10323317937241	0.0
200.0	29.105273361768123	17.894532764637454	20.250096936797206	32.750096936797206	0.0
201.0	30.962363735017018	17.155823015833867	19.913185024416713	31.968628224732402	0.0
202.0	29.47973961750013	18.963516172982793	20.7397688853005	30.816975324216582	0.0
203.0	29.981298423724283	18.61074004808977	19.080951108736308	32.327010419449635	0.0
204.0	29.656035702623274	19.47861108087515	19.201044954827474	31.66430826167411	0.0
205.0	31.00160744969791	17.58771686713597	19.18962363505349	32.22105204811263	0.0
206.0	30.33073710351055	18.09459306919517	20.115137148662377	31.459532678631902	0.0
207.0	29.706608485961993	18.68863753803755	20.399609576850203	31.205144399150253	0.0
208.0	30.00351947442515	18.342327545753168	20.1137963397466	31.540356640075085	0.0
209.0	29.43743647994261	18.736175046332278	19.632928797752136	32.19345967597298	0.0
210.0	30.12062873157061	18.295357621542585	21.420738394053856	30.16327525283295	0.0
211.0	28.220089089654305	19.81931112365895	21.06782106782107	30.892778718865678	0.0
212.0	28.671468587434973	19.34106976123783	19.661197812458315	32.32626383886888	0.0
213.0	29.629629629629626	18.654684095860567	18.933823529411764	32.78186274509804	0.0
214.0	30.334244271599747	17.70723845560928	18.877443767080095	33.08107350571088	0.0
215.0	31.34697548909377	18.20703095719961	20.328311221047898	30.117682332658724	0.0
216.0	29.797492767598843	17.100610736097718	21.07039537126326	32.03150112504018	0.0
217.0	29.902085994040018	17.786292039165602	20.195828011919968	32.11579395487442	0.0
218.0	28.465017291832933	19.437793739469715	19.978717744080875	32.11847122461647	0.0
219.0	29.13866197911281	19.24309792162134	20.153034846448143	31.4652052528177	0.0
220.0	31.078444126447245	17.48406400416287	20.814361909717704	30.623129959672173	0.0
221.0	30.18288426636884	17.63227697891945	21.178277258132066	31.006561496579643	0.0
222.0	29.272517321016167	19.053117782909933	19.76039260969977	31.913972286374133	0.0
223.0	25.99183673469388	21.208163265306123	22.889795918367348	29.910204081632653	0.0
224.0	29.636591478696744	18.817878028404344	19.381787802840435	32.16374269005848	0.0
225.0	29.49655765920826	18.287435456110153	20.051635111876077	32.1643717728055	0.0
226.0	28.279049295774648	19.410211267605636	20.158450704225352	32.15228873239437	0.0
227.0	29.752252252252255	17.004504504504506	20.45045045045045	32.79279279279279	0.0
228.0	28.321436794842274	18.76583007137923	22.472944968915495	30.439788164862996	0.0
229.0	27.951807228915666	19.27710843373494	18.433734939759034	34.33734939759036	0.0
230.0	31.61764705882353	15.992647058823529	20.66701680672269	31.72268907563025	0.0
231.0	26.572457744527572	17.594901634801886	22.58243280687171	33.25020781379884	0.0
232.0	32.947976878612714	15.300918055083304	21.01326079564774	30.73784427065624	0.0
233.0	28.5663082437276	18.100358422939067	23.440860215053764	29.89247311827957	0.0
234.0	26.856380613606046	20.453534904401955	21.654068474877725	31.036016007114277	0.0
235.0	31.449468085106385	18.351063829787233	22.872340425531913	27.32712765957447	0.0
236.0	23.31566994700984	24.52687358062074	22.785768357305074	29.371688115064345	0.0
237.0	28.387096774193548	15.806451612903224	26.93548387096774	28.870967741935484	0.0
238.0	27.833333333333332	19.0	19.5	33.666666666666664	0.0
239.0	25.55366269165247	17.37649063032368	20.10221465076661	36.96763202725724	0.0
240.0	27.208480565371023	18.551236749116608	21.024734982332156	33.215547703180206	0.0
241.0	32.477064220183486	17.98165137614679	16.88073394495413	32.6605504587156	0.0
242.0	37.03007518796993	15.977443609022558	22.932330827067666	24.06015037593985	0.0
243.0	28.875968992248062	18.023255813953487	20.348837209302324	32.751937984496124	0.0
244.0	32.72727272727273	16.565656565656568	18.585858585858585	32.121212121212125	0.0
245.0	28.475336322869953	20.85201793721973	19.730941704035875	30.94170403587444	0.0
246.0	33.054393305439326	13.807531380753138	23.01255230125523	30.125523012552303	0.0
247.0	34.95575221238938	13.274336283185843	20.353982300884958	31.41592920353982	0.0
248.0	34.418604651162795	17.209302325581397	20.46511627906977	27.906976744186046	0.0
249.0	25.396825396825395	22.22222222222222	19.576719576719576	32.804232804232804	0.0
250.0	26.47058823529412	21.568627450980394	26.47058823529412	25.49019607843137	0.0
