# Position (bp)	A	C	G	T	N
0.0	26.9135104108609	24.050627646388435	23.31774962357854	25.71811231917212	0.0
1.0	27.42040811249526	19.92590703758756	15.298310207787846	37.355374642129334	0.0
2.0	27.716486928408568	20.319415246021265	18.02612457856081	33.93797324700935	0.0
3.0	24.09791477787851	21.69207945273222	14.876988378801615	39.333017390587656	0.0
4.0	34.045455852923894	14.486125322057717	14.56193986612261	36.90524620208171	0.0012327568140632897
5.0	35.840229486466576	14.897947877188628	22.010715113809614	27.244541386152427	0.006566136382756505
6.0	32.19872976849006	17.58696988322065	20.084408932595778	30.124974390493755	0.004917025199754148
7.0	34.74893523007622	17.10566690805543	20.364006071541084	27.78036895658684	0.001022833740421162
8.0	23.954660052547922	26.06209317244789	21.823935863751334	28.157880757899555	0.0014301533533009982
9.0	28.80593419962197	18.254522296113947	16.408249745869615	36.53108963760395	2.0412079051899753E-4
10.0	27.572410867951614	16.82640152040392	24.266715062928736	31.334064715046615	4.078336691163876E-4
11.0	28.413013444617874	18.759296918619103	19.583742567559305	33.2429282288071	0.0010188403966141896
12.0	27.236109272703207	19.379919155305306	21.105556290918717	32.2731206663069	0.005294614765866026
13.0	27.971464499509622	21.08542337290267	18.568422937463627	32.37468919012408	0.0
14.0	31.365447301702282	18.779224267383988	20.275791624106233	29.577908997310043	0.0016278094974545127
15.0	30.345217699172665	18.841894933035988	18.909245550993166	31.902827912049453	8.139047487272564E-4
16.0	30.415823936124752	18.151500229928093	18.854103504266895	32.57592713924689	0.0026451904333635833
17.0	30.00012208571231	18.804251838407353	20.431654383487498	30.76071607339793	0.0032556189949090254
18.0	32.224930716358266	18.219257800259637	18.44857546321354	31.09970740124283	0.007528618925727122
19.0	30.44146193570966	18.635366603046446	19.736986680448787	31.185981304607925	2.034761871818141E-4
20.0	30.483174554081938	18.516739985919447	19.581123921067515	31.4189615389311	0.0
21.0	30.545234791172387	17.407998241965743	19.212628546081252	32.83413842078062	0.0
22.0	29.108692909668783	18.93162793158317	19.71073825230233	32.24792352550981	0.0010173809359090705
23.0	29.978960562245398	17.86195361556837	20.033858437547053	32.12441347989044	8.139047487272564E-4
24.0	30.845565643452748	17.948634471307823	18.77718950551217	32.42759299879135	0.0010173809359090705
25.0	29.573432521192046	18.143564658628	19.566270159403246	32.716325708402344	4.069523743636282E-4
26.0	31.853383198564273	17.71606118935901	20.409272002897502	30.021283609179218	0.0
27.0	28.785979676798423	18.348465179120087	20.075367579732145	32.789780611974976	4.069523743636282E-4
28.0	30.20420870145567	18.11548494479691	20.026329818621328	31.650313963756822	0.0036625713692726544
29.0	29.51381399834777	18.747481982183626	19.245591688404705	32.490263664443354	0.0028486666205453978
30.0	30.47247939770068	18.579713093905788	19.095940583986163	31.850646047410724	0.0012208769966425882
31.0	30.94677554242879	18.246728538377486	19.131666283444602	31.672387866850343	0.002441768898782575
32.0	29.843096000179063	18.533839864726005	19.06411067724495	32.55874997710841	2.0348074156521459E-4
33.0	29.895348576940062	18.110617551242164	19.22061854830997	32.771990940926784	0.0014243825810219333
34.0	29.774821338455776	18.76068306500187	19.497102345797586	31.967393250744763	0.0
35.0	30.551596931546115	17.753139301943026	19.15422075278099	32.54104301372986	0.0
36.0	31.079405350703404	17.741130859903933	18.81277832189333	32.36648184837298	2.0361912635177647E-4
37.0	29.485364944699793	19.141955861658865	19.435614106185355	31.936657794467738	4.0729298824756084E-4
38.0	30.968427870485222	18.721676025671577	18.95285057569592	31.356434494094355	6.110340529277697E-4
39.0	30.021495298540152	18.932366214688116	19.591487454284287	31.45444728558185	2.0374690559387128E-4
40.0	30.152990888252617	18.624224033151425	19.21767042719983	32.00103598202123	0.004078669374903132
41.0	30.04924097044725	18.06727149494933	20.538915065450478	31.342122669628203	0.0024497995247388924
42.0	29.41067112846254	18.527484785153497	19.128724036699495	32.929442745393665	0.0036773042908012235
43.0	29.724221946961986	18.310256441702744	20.123090382107538	31.839160810573265	0.003270418654468005
44.0	29.556799335802264	19.00509395494171	19.82941079035032	31.608286930150854	4.089887548541853E-4
45.0	29.624484702175756	18.53312738469092	19.818942501457666	32.02344541167565	0.0
46.0	30.54841508939682	17.36913845045517	19.806879952845634	32.27515718121685	4.0932608553277883E-4
47.0	29.892474879412994	18.436504491814823	19.74494517283455	31.9246423336145	0.0014331223231322321
48.0	30.585734384887765	17.965238084510734	19.080142455451952	32.36745150964687	0.0014335655026797435
49.0	29.243553208184203	18.17906172981146	19.887279737600668	32.68887609580607	0.0012292285975935803
50.0	29.80663572400899	18.24352582290522	19.66321158545586	32.286421858855554	2.0500877437554328E-4
51.0	30.672119743325077	17.937284146198817	19.276270292565908	32.11432581791019	0.0
52.0	29.711288354146376	18.741807303673205	19.622612047321425	31.924086835389982	2.054594690105483E-4
53.0	31.103011654167815	18.204443639983708	19.21950396768262	31.46296212498303	0.010078613182826043
54.0	30.5159843769624	18.352127784423494	18.92924131086921	32.1997640484833	0.0028824792615911696
55.0	29.769725995779478	18.20594829860195	18.147215444473755	33.87504945924558	0.0020608018992350303
56.0	28.86991061742857	18.31476524185266	20.866932573285872	31.947979095944994	4.1247148790839834E-4
57.0	28.113688798273166	19.47002183306988	19.418637765020037	32.99682615676062	8.254468763026583E-4
58.0	30.69084871214499	18.092751994977448	21.741949873610125	29.474242899862872	2.0651940456325278E-4
59.0	29.219968153524828	20.722956345513577	20.918584693012388	29.129598610335627	0.008892197613582314
60.0	31.550199572064468	18.754802882454435	19.605081371962143	30.08991617351895	0.0
61.0	28.92737082382237	21.137995434737498	19.707408175970116	30.22681054160614	4.150238638721727E-4
62.0	31.64755755614168	16.84791200379409	21.093587492823684	30.410318919683494	6.240275570569197E-4
63.0	26.72509906922945	20.540840741776943	25.0474989456278	27.684682164198115	0.0018790791676932006
64.0	26.026952597355002	20.68041172343745	18.146825687689134	35.14371577260971	0.0020942189087025265
65.0	27.750257347534717	19.748954853889625	18.629650637591645	33.86546501123926	0.005672149744753261
66.0	26.850369620466747	19.939257806320985	16.943697470129816	36.260347791240896	0.006327311841564112
67.0	33.47294148520781	14.213365558196283	17.893687581082425	34.41873556918011	0.001269806333370722
68.0	34.60979260209536	15.960017104981825	23.009835364549925	26.42035492837289	0.0
69.0	31.722422790807453	17.342893607349843	20.48174340236195	30.452940199480754	0.0
70.0	33.29064425136086	16.31288974424287	21.92732950310852	28.46913650128775	0.0
71.0	26.41429998784418	20.38056610542357	25.09524529554949	28.10988861118276	0.0
