# Position (bp)	A	C	G	T	N
0.0	27.209402051189553	23.723196615724426	23.07367027476819	25.99373105831783	0.0
1.0	27.204900211982707	20.16602200614733	15.209038032990552	37.41995488790714	8.486097226913148E-5
2.0	28.264939267965715	19.77074841907135	18.005744830667986	33.95822895367574	3.3852861920946793E-4
3.0	23.906362979031094	22.242382468019542	15.367259986079294	38.48340327474473	5.912921253404153E-4
4.0	34.20100010366826	13.87291957619069	14.497373316128337	37.42659992566227	0.002107078350444214
5.0	36.30851423980543	15.041526098871023	22.725664998660992	25.91494686916289	0.0093477934996623
6.0	33.139235435504176	17.425048307064614	20.016124797177657	29.4132795615671	0.006311898686451804
7.0	35.81440114148413	16.60999067832829	20.19201970675434	27.382663036711236	9.254367220021739E-4
8.0	23.15720156025816	27.161712785336668	22.57454370522626	27.105700930335047	8.410188438682157E-4
9.0	28.915330391734827	18.50457719005596	16.144936504520015	36.43507183598795	8.407770124838571E-5
10.0	26.24745935386472	17.066081176270828	25.107551918282393	31.577982916098573	9.246354834750828E-4
11.0	28.19513392178071	19.113698419461624	20.074358502442617	32.615464517934534	0.0013446383805175344
12.0	26.81174032940275	19.51159261742598	21.27808670138486	32.392530714512574	0.00604963727383179
13.0	26.988546148921905	21.649156292897334	19.011510977517386	32.35028252384608	5.040568172844443E-4
14.0	31.779690206680094	17.85528864813642	20.728496516127297	29.635264487012975	0.0012601420432111108
15.0	29.85284901314076	18.880876252371166	19.747349921283128	31.51808471850947	8.400946954740739E-4
16.0	30.736796651718585	17.32250059226676	19.120135221642183	32.81846729763379	0.0021002367386851848
17.0	30.24962573781317	18.173012461964714	20.520153031649727	31.054184427668684	0.003024340903706666
18.0	31.0455314523053	18.268447219370568	18.844752180465782	31.834380371355458	0.006888776502887405
19.0	30.34514450468857	18.698911741331482	19.693079803955502	31.262863950024446	0.0
20.0	30.62901250228926	18.148901744204608	18.89087337924731	32.331212374258826	0.0
21.0	30.0281767760862	17.942070430178887	19.3480529125243	32.68144785280197	2.5202840864222217E-4
22.0	28.82768145625375	19.14038150380311	19.978459972008046	32.05230093536143	0.0011761325736637034
23.0	30.260798997262974	17.910146831750875	20.474955937033222	31.352670072970625	0.0014281609823059256
24.0	31.129456912383162	18.09278341854694	19.06351283916723	31.712734659450813	0.001512170451853333
25.0	29.632996231335195	18.113869795403335	19.255474477083055	32.997239448830676	4.2004734773703697E-4
26.0	32.083048401215784	18.343215647267762	19.804056313227626	29.769679638288828	0.0
27.0	29.500849335737122	17.98651143956947	20.198564782222252	32.313990433001614	8.400946954740737E-5
28.0	29.9471916474425	18.019779189510242	19.88957795322689	32.1390827174039	0.004368492416465184
29.0	29.595888909144524	18.398845372880544	19.78760708066008	32.21446627479017	0.0031923625246883035
30.0	30.119125627971837	18.394660349143944	19.593057445771798	31.891560394509135	0.0015961826032898166
31.0	30.134768670358618	18.321297515995482	19.66528778428948	31.876629791924298	0.0020162374321200066
32.0	28.78925477156392	18.592696329514514	20.007678523572817	32.610286365244015	8.401010473539756E-5
33.0	29.741457165059966	18.849389872513807	19.60103333123307	31.806859471152837	0.0012601600403251212
34.0	29.914014357544012	17.87762062983328	19.93892373027308	32.26935727097449	8.401137514019398E-5
35.0	30.137028905349016	17.994983508114814	19.500687582165227	32.367131891372104	1.681129988332958E-4
36.0	30.838669434125322	17.63733681703584	18.88815751312063	32.63583623571821	0.0
37.0	29.114455116563757	18.685176964364985	19.265641605122617	32.93430593109757	4.203828510701266E-4
38.0	30.241569292244353	18.33254290192596	19.361869588908398	32.06326142089295	7.567960283344433E-4
39.0	29.477352678428726	18.613653837418425	20.28770333632236	31.620953672377215	3.36475453274495E-4
40.0	29.911524691919343	18.79224637022218	19.80809581064196	31.48527039360903	0.0028627336074821754
41.0	29.512860171187995	18.556154465343074	20.580741140326108	31.348389897295636	0.0018543258471951213
42.0	28.963157215505703	18.7587881078081	19.625220677980113	32.65021918078598	0.002614817920106347
43.0	29.412201608526594	18.464717157420043	20.074847380721483	32.04612381215232	0.0021100411795636604
44.0	29.54353924282368	18.819886475906106	20.179996993857674	31.45649284521238	8.444220015841357E-5
45.0	29.62902887884133	18.352138710353262	19.379084636023872	32.63974777478153	0.0
46.0	30.12855130262672	17.390639274616042	19.116206625238853	33.363926700995464	6.760965229200946E-4
47.0	29.28392389921422	17.983439075834493	20.540280073209598	32.19108888710421	0.0012680646374814545
48.0	30.101602039651432	18.34020404970593	18.76682268477999	32.790610161895216	7.610639674264622E-4
49.0	29.51353024923676	17.44919547697417	20.072174864164573	32.96408429198505	0.001015117639445441
50.0	29.784944780144894	18.709567095975714	19.75995489630722	31.745025303103922	5.079244682454088E-4
51.0	30.133582173674622	18.631327269968885	19.3703051091092	31.86478544724729	0.0
52.0	30.096388630266386	17.975881200185697	19.93743268624427	31.990212611744017	8.487155962524115E-5
53.0	31.31814948675698	17.486379663016162	19.42666688195198	31.759371072282327	0.009432895992548863
54.0	30.159059680349177	18.25021589405664	19.427487248424928	32.160344409513804	0.002892767655454356
55.0	28.857470158120442	18.185511517283377	18.424416896274185	34.531579373224716	0.0010220550972868695
56.0	29.44135002105572	18.369792971993338	20.67143020327719	31.517000574556846	4.2622911690441733E-4
57.0	27.837497099807564	18.747014507786165	20.095945189774945	33.318860804411024	6.823982203054414E-4
58.0	30.461597558633347	18.268763738022578	21.874815937173224	29.39456667875968	2.5608741116967925E-4
59.0	29.771128670813674	20.468216966841894	21.12290396357743	28.630232134939167	0.007518263827838593
60.0	31.185612864596695	19.132152938157557	19.850996493028823	29.830981096570007	2.5660764690787786E-4
61.0	29.008955760854207	21.341950736890798	19.556623451158767	30.092213070870866	2.5698022537165767E-4
62.0	31.031972689261377	16.218455006725534	22.175382394118955	30.5738465513497	3.4335854443445844E-4
63.0	26.20272614195392	20.003012787129375	26.52173725913843	27.27080221913292	0.0017215926453562189
64.0	26.0282801301414	19.529147653201292	18.52953331486989	35.91070940177577	0.0023295000116475
65.0	27.671528407926072	19.108710564490806	18.776886126953123	34.436560202001154	0.00631469862884537
66.0	26.08935394347038	19.763779322757763	17.106275028979212	37.03434936141694	0.0062423433757032385
67.0	33.8550649549349	14.159775926338044	17.806710387225994	34.1769709024146	0.0014778290864582173
68.0	34.3488429940205	15.401754911792962	22.99693861676105	27.252375582414317	8.789501116706117E-5
69.0	32.580210130155244	17.121440892493112	20.386478191715764	29.91187078563588	0.0
70.0	33.073075233345925	15.790928990388691	22.210928527935998	28.925067248329388	0.0
71.0	25.527908979253194	19.948890802397496	26.384277883315967	28.13892233503335	0.0
