# Position (bp)	A	C	G	T	N
0.0	26.12291135812235	24.031977972769837	23.80147234381768	26.043638325290132	0.0
1.0	26.50673717090942	20.07218352965183	15.423098038234375	37.997981261204366	0.0
2.0	28.81099381601996	18.89832373445158	18.358649278093317	33.932033171435144	0.0
3.0	22.934593366169263	22.45833556196942	14.982045831261912	39.625025240599406	0.0
4.0	34.29662137025738	13.049522759773517	14.63390669230816	38.01994917766095	0.0
5.0	34.98057677149904	14.740884514148444	23.07387238596177	27.204666328390747	0.0
6.0	31.006901857869373	17.22792049404634	20.92172993600015	30.84344771208414	0.0
7.0	34.82152283051896	16.97095935658567	20.09884906393518	28.10866874896019	0.0
8.0	22.24182701634901	26.995718604063732	22.89485596855667	27.867598411030592	0.0
9.0	27.6480981062036	18.464832693371687	15.470301339304221	38.41676786112049	0.0
10.0	26.165541782301023	16.2797510312438	25.325250121184617	32.22945706527056	0.0
11.0	28.18198751618789	17.911777597344276	19.49904738111333	34.40718750535451	0.0
12.0	26.04311353547904	19.588367492564487	21.32027118823937	33.0482477837171	0.0
13.0	26.30656917361762	20.68133668431144	18.74423440338753	34.267859738683406	0.0
14.0	30.71347479000654	18.32948453562662	20.315502842933125	30.641537831433713	0.0
15.0	29.824944188748432	18.447988445868752	19.85603764710044	31.87102971828238	0.0
16.0	29.727526678579704	17.483334005813546	18.8090135931281	33.980125722478654	0.0
17.0	30.379187640219037	17.74931835379055	19.78339596611363	32.08809803987679	0.0
18.0	30.946793181382283	17.567665788020605	18.85374273928642	32.63179829131069	0.0
19.0	29.721999443960197	18.286151016209722	20.020196515299663	31.971653024530422	0.0
20.0	29.737365156202415	17.77964905376507	19.822984784075818	32.6600010059567	0.0
21.0	29.091770334557985	18.38254598797384	19.673141453541106	32.85254222392707	0.0
22.0	29.814470079144474	18.92508552013765	22.37566900266026	28.88477539805762	0.0
23.0	29.826132544191626	20.229181256263047	20.958790044123916	28.985896155421415	0.0
24.0	32.56911945072553	19.300053116724694	18.155611552583622	29.97521587996615	0.0
25.0	29.56259399753375	21.042113106012913	19.29253607764217	30.102756818811173	0.0
26.0	32.39807917542503	16.62253630425879	21.751326398127816	29.228058122188365	0.0
27.0	26.319350903675225	21.219675518164426	24.910431162990964	27.55054241516938	0.0
28.0	26.405230311575746	19.67629197727422	18.40436474663433	35.514112964515704	0.0
29.0	28.08600708702023	19.825333858789104	17.29920800255137	34.7894510516393	0.0
30.0	26.642964144397098	19.005490899726702	16.0465798866377	38.3049650692385	0.0
31.0	34.305799516633996	14.116605065963633	18.039045290307932	33.53855012709444	0.0
32.0	34.345987995821496	15.552578192730818	22.512668209380205	27.588765602067483	0.0
33.0	31.232441580272358	17.459485931146173	20.769796111462995	30.53827637711848	0.0
34.0	33.252874379696905	16.422517202741442	21.96321679998839	28.36139161757326	0.0
35.0	26.17994746834124	20.37396470919862	25.668371200133354	27.777716622326782	0.0
