# Position (bp)	A	C	G	T	N
0.0	26.041665197197993	23.992559707842982	24.179021567411308	25.786753527547717	0.0
1.0	26.888173198866372	20.87944917887658	15.68411329595632	36.548264326300725	0.0
2.0	29.304611631085812	20.13167178248219	17.499427193738278	33.064289392693716	0.0
3.0	23.682112505946453	22.7305077001471	15.038539908454398	38.54883988545205	0.0
4.0	34.261319599949175	13.41267253746697	14.897266739246131	37.42874112333772	0.0
5.0	35.35156760939665	14.838970419493824	23.865712475318247	25.94374949579128	0.0
6.0	31.784042611016577	17.44806339834543	20.94322128721223	29.824672703425765	0.0
7.0	35.339492901583974	17.47506888042696	20.24184631029769	26.943591907691378	0.0
8.0	22.528305238389954	27.27512962709721	23.025603985282324	27.17096114923051	0.0
9.0	27.388696764621063	18.89785364375853	15.467154895706988	38.24629469591341	0.0
10.0	26.917902237961844	16.79640733101719	25.102613782915085	31.183076648105878	0.0
11.0	27.956673432135176	19.21335098401617	19.277434178445148	33.55254140540351	0.0
12.0	26.030997719415232	20.386945950971267	20.543449298695514	33.03860703091799	0.0
13.0	26.46020317709158	21.242599926157865	19.374522332703467	32.922674564047085	0.0
14.0	30.616290477481673	18.75143819073295	20.16336750216052	30.468903829624853	0.0
15.0	29.75548290391641	18.86603918081909	20.221795836362443	31.156682078902058	0.0
16.0	29.282839974191283	18.45928085529056	18.71656916340494	33.54131000711322	0.0
17.0	30.255178309021353	17.91412726631055	20.056865023812286	31.773829400855814	0.0
18.0	32.121564143737466	17.90610707673645	19.302606921893535	30.66972185763255	0.0
19.0	30.20524009737638	18.76362511942172	20.029405273180657	31.001729510021242	0.0
20.0	29.854262816913014	18.04375044741536	20.25686850131636	31.84511823435526	0.0
21.0	29.201525903724203	19.23924429137161	20.01430475999818	31.544925044906012	0.0
22.0	30.181759112666278	18.89443879741643	22.750207592895176	28.173594497022115	0.0
23.0	29.929467758602947	20.13683195306184	21.524497058141208	28.40920323019401	0.0
24.0	33.663429924925076	19.409125064674527	17.669840437388558	29.257604573011843	0.0
25.0	29.802366551172803	21.021292820097592	19.666992956801096	29.509347671928506	0.0
26.0	31.687299074279018	16.73692947982022	22.764524884439563	28.8112465614612	0.0
27.0	26.297841331514377	21.180145832736127	24.97056261473218	27.551450221017316	0.0
28.0	27.329077933529234	19.870317294050697	18.840662799744795	33.95994197267528	0.0
29.0	28.365248831864086	20.442930633662336	17.33314911960405	33.85867141486953	0.0
30.0	27.010179723076867	19.112384544707194	15.912026944958905	37.96540878725704	0.0
31.0	34.6808682307949	14.588871872954318	18.449746804364413	32.28051309188636	0.0
32.0	34.58163977129808	15.501962737983765	22.96244681969133	26.953950671026828	0.0
33.0	31.317156422893266	17.544586292923587	21.096432774492264	30.04182450969088	0.0
34.0	32.94764376613229	16.704707795157653	22.17465230397022	28.172996134739837	0.0
35.0	26.97378760293356	20.49838101944548	25.638226728121342	26.88960464949962	0.0
