# Position (bp)	A	C	G	T	N
0.0	60.81162931556632	8.721986674742581	11.614173228346457	18.85221078134464	0.0
1.0	12.320266384138035	59.90616013319207	13.364613288935978	14.408960193733918	0.0
2.0	17.274500975536544	55.21536845264896	10.64085246885787	16.869278102956624	0.0
3.0	59.16965352449224	12.290919952210274	12.67921146953405	15.86021505376344	0.0
4.0	60.471712195850124	11.03149723839379	11.35990446335274	17.13688610240334	0.0
5.0	16.94738411089581	54.4194365777314	12.103145029065434	16.530034282307348	0.0
6.0	16.473041406017277	56.18111408996127	10.94727435210009	16.39857015192136	0.0
7.0	60.38690476190476	11.354166666666666	11.666666666666666	16.592261904761905	0.0
8.0	59.245507203326895	13.931382741719887	10.040100995098769	16.783009059854447	0.0
9.0	17.693335312453616	54.029983672257686	10.850526940774825	17.426154074513878	0.0
10.0	16.22904613558819	9.375463581071058	11.674825693517283	62.72066458982347	0.0
11.0	14.321719792438845	13.061527057079317	10.867309117865085	61.74944403261675	0.0
12.0	15.667110913668001	11.180216200207315	10.6915444987413	62.46112838738338	0.0
13.0	16.447271113740573	53.00990977666026	10.841591480550214	19.701227629048958	0.0
14.0	17.23222189436412	10.858660371791089	55.97521392741221	15.933903806432575	0.0
15.0	56.32641036971572	12.623361319782001	14.317277949624394	16.73295036087789	0.0
16.0	14.657836644591612	12.906548933039	12.450331125827814	59.98528329654157	0.0
17.0	18.664710198092443	52.193690388848125	12.340425531914894	16.801173881144535	0.0
18.0	15.063680281071584	13.131313131313133	14.112135851266286	57.692870736349	0.0
19.0	15.75793012717439	54.948107001900304	12.278906592603422	17.015056278321882	0.0
20.0	16.91208630995772	11.546872721971132	11.809301647470477	59.731739320600674	0.0
21.0	15.801715365605466	12.603576101177497	14.14449774676552	57.450210786451514	0.0
22.0	16.47826086956522	9.971014492753623	52.68115942028986	20.869565217391305	0.0
23.0	15.92817839559803	12.148856067187952	13.56791196061396	58.355053576600056	0.0
24.0	58.411552346570396	8.548736462093864	12.88086642599278	20.15884476534296	0.0
25.0	17.40008656759486	10.575674505843313	52.33011109508008	19.694127831481747	0.0
26.0	58.769275111687556	10.866119037325262	11.485804871018878	18.878800979968293	0.0
27.0	15.201729106628243	14.783861671469742	8.876080691642652	61.138328530259365	0.0
28.0	15.766738660907128	51.69186465082794	9.186465082793378	23.354931605471563	0.0
29.0	18.48497915768291	9.40060370849504	11.470461405778352	60.6439557280437	0.0
30.0	18.584198385236448	10.265282583621683	51.0524798154556	20.098039215686274	0.0
31.0	19.426751592356688	8.844817602779386	9.554140127388536	62.17429067747538	0.0
32.0	15.873950817258137	10.293034899131204	13.179207774996318	60.65380650861434	0.0
33.0	18.086053412462906	53.367952522255194	10.816023738872403	17.729970326409493	0.0
34.0	17.487721387111176	10.82006250930198	11.430272361958625	60.26194374162822	0.0
35.0	16.482201615315585	53.739156446305714	10.52946455279689	19.249177385581813	0.0
36.0	16.307277628032345	12.219227313566936	11.185983827493262	60.287511230907455	0.0
37.0	58.756805807622506	11.509376890502116	12.447065940713854	17.286751361161524	0.0
38.0	58.61073111415108	12.4031007751938	10.031919744642043	18.954248366013072	0.0
39.0	60.5816077953715	11.449451887941535	8.358708891595615	19.61023142509135	0.0
40.0	15.251908396946565	53.954198473282446	11.66412213740458	19.129770992366414	0.0
41.0	16.702652683528683	8.806292412091302	57.341147439851945	17.14990746452807	0.0
42.0	60.6239329504889	10.103988825081483	11.780226602514357	17.49185162191526	0.0
43.0	61.38039215686274	11.184313725490195	10.745098039215687	16.69019607843137	0.0
44.0	17.98833359609018	54.35913605549425	9.522308056124862	18.130222292290714	0.0
45.0	26.330592816962355	13.284292514063175	12.80830809173518	47.57680657723929	0.0
46.0	28.654646324549237	17.80859916782247	18.474341192787794	35.0624133148405	0.0
47.0	31.855640807047457	17.647058823529413	18.414322250639387	32.08297811878374	0.0
48.0	28.846153846153843	20.20665901262916	16.59012629161883	34.35706084959816	0.0
49.0	27.64774722059684	19.89467524868344	20.27501462843768	32.18256290228204	0.0
50.0	25.81786030061892	23.84320660182729	19.776009431181844	30.562923666371944	0.0
51.0	28.48682262363044	18.774059816405092	17.441516138584543	35.29760142137992	0.0
52.0	28.223410576351753	16.488413547237077	20.11289364230541	35.175282234105765	0.0
53.0	32.542779945962174	18.19273491444011	21.374962473731614	27.889522665866107	0.0
54.0	30.911292764153796	21.798365122615802	18.07447774750227	29.215864365728127	0.0
55.0	31.765776699029125	18.143203883495147	18.355582524271842	31.735436893203882	0.0
56.0	27.178549664838513	19.95734308348568	21.480804387568554	31.383302864107254	0.0
57.0	32.18320610687023	18.3206106870229	18.931297709923665	30.56488549618321	0.0
58.0	28.002450980392158	19.91421568627451	20.526960784313726	31.556372549019606	0.0
59.0	25.95208845208845	20.76167076167076	22.45085995085995	30.83538083538084	0.0
60.0	26.314171533968644	18.567476175837687	20.22748232400861	34.890869966185065	0.0
61.0	29.21937673557544	18.173403270595497	22.03023758099352	30.576982412835545	0.0
62.0	29.357231149567365	20.395550061804695	20.951792336217554	29.295426452410382	0.0
63.0	33.3230006199628	18.877867327960324	19.063856168629883	28.73527588344699	0.0
64.0	29.69187675070028	19.88795518207283	20.634920634920633	29.785247432306257	0.0
65.0	28.155339805825243	19.793297839022863	21.95427497651112	30.097087378640776	0.0
66.0	28.88052681091251	17.46629037315773	21.730950141110068	31.922232674819696	0.0
67.0	28.440944881889763	18.015748031496063	19.748031496062993	33.795275590551185	0.0
68.0	27.02020202020202	18.90782828282828	20.738636363636363	33.33333333333333	0.0
69.0	25.886075949367086	21.518987341772153	21.202531645569618	31.39240506329114	0.0
70.0	28.87055837563452	20.812182741116754	18.305837563451778	32.01142131979696	0.0
71.0	27.497621313035204	20.234697113859816	20.107833809070726	32.159847764034254	0.0
72.0	27.484076433121018	18.85350318471338	19.522292993630575	34.14012738853503	0.0
73.0	27.711999999999996	18.4	20.704	33.184000000000005	0.0
74.0	31.07890499194847	17.391304347826086	22.47987117552335	29.04991948470209	0.0
75.0	30.32549145987754	20.75410892684499	21.592007734450533	27.32839187882694	0.0
76.0	30.058177117000646	19.812540400775696	18.358112475759533	31.77117000646412	0.0
77.0	29.78930307941653	20.51863857374392	19.124797406807133	30.567260940032416	0.0
78.0	29.600778967867576	19.441739694904253	19.279454722492698	31.678026614735476	0.0
79.0	29.22626788036411	21.35890767230169	18.400520156046817	31.014304291287388	0.0
80.0	30.52562846882142	17.760365654587005	21.449559255631733	30.264446620959845	0.0
81.0	27.61904761904762	19.080459770114942	18.78489326765189	34.51559934318555	0.0
82.0	31.86015831134565	18.106860158311346	20.052770448548813	29.980211081794195	0.0
83.0	29.970228250082698	18.78928217002977	22.130334105193516	29.11015547469401	0.0
84.0	29.446836700894334	19.112288837363366	19.97350115932428	31.467373302418018	0.0
85.0	32.72425249169435	16.710963455149503	21.22923588039867	29.335548172757477	0.0
86.0	29.288563829787233	19.44813829787234	23.204787234042552	28.058510638297875	0.0
87.0	31.133333333333336	18.833333333333332	20.233333333333334	29.799999999999997	0.0
88.0	32.01739712278354	18.26697892271663	16.995650719304116	32.71997323519572	0.0
89.0	30.22475679302248	17.812814491781282	18.45018450184502	33.512244213351224	0.0
90.0	30.218487394957982	17.243697478991596	19.025210084033613	33.51260504201681	0.0
91.0	30.050590219224283	20.134907251264757	16.661045531197303	33.15345699831366	0.0
92.0	29.82694265354598	18.49338310145911	17.543264336613507	34.1364099083814	0.0
93.0	32.799727520435965	17.47275204359673	18.256130790190735	31.471389645776565	0.0
94.0	29.64858410098942	16.513135448652335	19.413169566700788	34.42511088365745	0.0
95.0	29.52446117003079	17.618884707492303	21.142661648990764	31.713992473486147	0.0
96.0	30.099417209461777	17.038052793966404	19.8148782996229	33.04765169694892	0.0
97.0	30.566037735849054	19.073756432247	18.319039451114925	32.04116638078902	0.0
98.0	30.344827586206897	20.17241379310345	19.517241379310345	29.96551724137931	0.0
99.0	31.947331947331946	18.953568953568954	18.08731808731809	31.011781011781014	0.0
100.0	32.15277777777778	15.208333333333332	19.479166666666668	33.15972222222222	0.0
101.0	30.973142657830483	17.92814788978026	19.35821416114405	31.740495291245203	0.0
102.0	30.995792426367462	16.444600280504908	21.423562412342214	31.136044880785413	0.0
103.0	28.339795558688756	19.03419104688051	20.373634120549877	32.25237927388086	0.0
104.0	27.37884683409975	17.014503006720904	21.082419525999292	34.524230633180046	0.0
105.0	28.221512247071352	18.743343982960596	19.559815406460775	33.47532836350728	0.0
106.0	29.010360843158274	18.006430868167204	19.364058592354414	33.619149696320115	0.0
107.0	30.182599355531686	18.510562119584677	20.408163265306122	30.898675259577512	0.0
108.0	34.53237410071942	18.165467625899282	14.784172661870503	32.51798561151079	0.0
109.0	28.948319479580775	19.37116010119263	20.23852547885797	31.441994940368627	0.0
110.0	26.115342763873777	20.674646354733405	20.42074718897352	32.7892636924193	0.0
111.0	29.28337577300837	18.552200800291015	19.861767915605675	32.30265551109494	0.0
112.0	26.392428103385512	18.747724790680742	21.223152530032763	33.63669457590098	0.0
113.0	28.43065693430657	19.708029197080293	20.145985401459853	31.715328467153288	0.0
114.0	31.0989010989011	17.399267399267398	19.340659340659343	32.16117216117216	0.0
115.0	28.03532008830022	18.72700515084621	19.16850625459897	34.0691685062546	0.0
116.0	28.7033616549686	19.468045807166607	18.84004432951607	32.988548208348725	0.0
117.0	30.08160237388724	18.620178041543024	18.991097922848667	32.30712166172107	0.0
118.0	27.676240208877285	16.560984707198806	20.850428944423722	34.91234613950019	0.0
119.0	23.05680119581465	21.113602391629296	27.50373692077728	28.325859491778775	0.0
120.0	27.459783015338573	21.47399925177703	21.137298915076695	29.92891881780771	0.0
121.0	29.140067592940294	18.25009387908374	18.325197146075855	34.28464138190011	0.0
122.0	28.74341610233258	19.67644845748683	21.181339352896916	30.39879608728367	0.0
123.0	32.237339380196524	17.87603930461073	17.195767195767196	32.69085411942555	0.0
124.0	30.43643263757116	16.925996204933586	20.30360531309298	32.33396584440228	0.0
125.0	27.78625954198473	19.84732824427481	21.068702290076335	31.297709923664126	0.0
126.0	29.287901990811637	18.759571209800917	18.376722817764165	33.575803981623274	0.0
127.0	28.85725278953444	17.699115044247787	23.662947287418238	29.78068487879954	0.0
128.0	30.90277777777778	18.595679012345677	20.10030864197531	30.401234567901238	0.0
129.0	32.41885625965997	17.8516228748068	17.001545595054097	32.727975270479135	0.0
130.0	29.774844720496894	19.25465838509317	17.77950310559006	33.19099378881988	0.0
131.0	31.64852255054432	19.01244167962675	19.906687402799378	29.432348367029547	0.0
132.0	29.859484777517565	18.384074941451992	21.584699453551913	30.171740827478533	0.0
133.0	29.215686274509807	20.27450980392157	19.686274509803923	30.823529411764707	0.0
134.0	26.28053585500394	20.33096926713948	21.39479905437352	31.99369582348306	0.0
135.0	27.971473851030108	17.55150554675119	19.29477020602219	35.182250396196515	0.0
136.0	26.223637087146834	17.469160366096297	20.811778750497414	35.49542379625945	0.0
137.0	27.764423076923077	17.628205128205128	20.11217948717949	34.49519230769231	0.0
138.0	29.381028938906752	17.64469453376206	20.337620578778136	32.636655948553056	0.0
139.0	28.352180936995154	17.97253634894992	20.274636510500805	33.40064620355412	0.0
140.0	28.152969894222945	17.819365337672906	20.626525630593978	33.40113913751017	0.0
141.0	31.439084219133278	18.070318887980378	20.114472608340147	30.376124284546197	0.0
142.0	30.933772110242696	16.330728095433976	18.922254216371865	33.81324557795146	0.0
143.0	32.25404732254047	18.84599418845994	19.676214196762142	29.22374429223744	0.0
144.0	30.025020850708923	18.8907422852377	17.01417848206839	34.070058381984985	0.0
145.0	31.03157894736842	18.31578947368421	17.178947368421053	33.473684210526315	0.0
146.0	30.046550994498517	18.32416419805332	19.04358865848498	32.58569614896318	0.0
147.0	28.846153846153843	18.71794871794872	18.76068376068376	33.675213675213676	0.0
148.0	25.925925925925924	22.006890611541774	18.819982773471146	33.24720068906115	0.0
149.0	30.9822587624405	18.520121159671138	18.693206404154044	31.804413673734317	0.0
150.0	28.627280625543005	19.93918331885317	19.59165942658558	31.841876629018245	0.0
151.0	28.134556574923547	19.047619047619047	21.013543031891654	31.804281345565748	0.0
152.0	29.1044776119403	18.700614574187885	17.295873573309922	34.899034240561896	0.0
153.0	29.686810763123074	19.05602117335686	18.526687251874723	32.73048081164534	0.0
154.0	29.836210712704737	17.30854360336432	20.938468348826913	31.91677733510403	0.0
155.0	29.87941045109424	20.09825815096025	17.909781152300134	32.11255024564538	0.0
156.0	30.9115523465704	16.290613718411553	18.862815884476532	33.935018050541515	0.0
157.0	29.658314350797266	18.952164009111616	20.136674259681094	31.25284738041002	0.0
158.0	28.289775332416323	22.375057313159104	18.386061439706555	30.949105914718018	0.0
159.0	33.287101248266296	15.765141007859453	19.14008321775312	31.807674526121126	0.0
160.0	27.488372093023255	19.069767441860467	21.72093023255814	31.720930232558143	0.0
161.0	28.024287716020552	18.075665576833256	22.23260158804297	31.66744511910322	0.0
162.0	30.45518535898639	18.535898639136555	20.835288596902863	30.17362740497419	0.0
163.0	29.036827195467424	17.89423984891407	17.56373937677054	35.50519357884797	0.0
164.0	29.01234567901235	15.432098765432098	22.41215574548908	33.14339981006648	0.0
165.0	29.21830314585319	17.731172545281222	23.21258341277407	29.837940896091514	0.0
166.0	26.35361763296598	20.028749401054142	20.316243411595593	33.301389554384286	0.0
167.0	27.26396917148362	19.26782273603083	23.65125240847784	29.816955684007706	0.0
168.0	28.267182962245883	19.40948693126815	17.909002904162634	34.41432720232333	0.0
169.0	26.04878048780488	18.926829268292682	19.658536585365855	35.36585365853659	0.0
170.0	28.976994615761136	17.08272148800783	20.019579050416056	33.92070484581498	0.0
171.0	30.353634577603145	18.909626719056973	15.373280943025541	35.36345776031434	0.0
172.0	30.79584775086505	19.67375185368265	15.768660405338606	33.761739990113696	0.0
173.0	28.778054862842893	18.25436408977556	18.952618453865338	34.01496259351621	0.0
174.0	28.7292817679558	20.341536916122553	18.33249623304872	32.59668508287293	0.0
175.0	28.088754412506304	19.36459909228442	21.482602118003026	31.06404437720625	0.0
176.0	29.39086294416244	19.49238578680203	20.710659898477157	30.406091370558375	0.0
177.0	29.117797042325343	21.723610402855687	18.2559918408975	30.90260071392147	0.0
178.0	25.75835475578406	21.079691516709513	21.38817480719794	31.77377892030848	0.0
179.0	23.989637305699482	18.65284974093264	25.181347150259064	32.17616580310881	0.0
180.0	29.236401673640167	16.21338912133891	21.39121338912134	33.15899581589959	0.0
181.0	28.835002635740643	19.29362150764365	18.924617817606748	32.94675803900896	0.0
182.0	30.810234541577824	18.71002132196162	20.41577825159915	30.06396588486141	0.0
183.0	27.896995708154503	23.49785407725322	19.36695278969957	29.238197424892704	0.0
184.0	29.341963322545844	20.17259978425027	18.284789644012946	32.200647249190936	0.0
185.0	27.717391304347828	22.82608695652174	20.869565217391305	28.586956521739133	0.0
186.0	31.492618917441224	17.00382722799344	21.21377802077638	30.28977583378896	0.0
187.0	29.70895112575508	21.96595277320154	17.627677100494235	30.697419000549147	0.0
188.0	29.701327433628315	18.91592920353982	20.79646017699115	30.586283185840706	0.0
189.0	29.64824120603015	18.983807928531547	19.597989949748744	31.76996091568956	0.0
190.0	30.30474040632054	16.93002257336343	20.146726862302483	32.61851015801354	0.0
191.0	27.00854700854701	20.0	20.7977207977208	32.193732193732195	0.0
192.0	30.40229885057471	20.804597701149426	18.850574712643677	29.942528735632184	0.0
193.0	29.813302217036174	17.269544924154026	20.88681446907818	32.030338389731625	0.0
194.0	26.2816735415439	19.91750147318798	23.688862698880378	30.111962286387744	0.0
195.0	29.176610978520284	18.79474940334129	19.749403341288783	32.279236276849645	0.0
196.0	27.89156626506024	19.819277108433734	21.385542168674696	30.903614457831324	0.0
197.0	28.869778869778866	18.91891891891892	21.13022113022113	31.08108108108108	0.0
198.0	27.122940430925226	23.827629911280102	20.849176172370086	28.200253485424586	0.0
199.0	29.521276595744684	22.074468085106382	17.819148936170212	30.585106382978722	0.0
200.0	27.322404371584703	16.39344262295082	21.623731459797032	34.66042154566745	0.0
201.0	31.84782608695652	18.586956521739133	17.282608695652176	32.28260869565218	0.0
202.0	36.28415300546448	17.595628415300546	17.595628415300546	28.524590163934427	0.0
203.0	33.589462129527995	16.794731064763997	19.868276619099888	29.747530186608124	0.0
204.0	33.51708930540242	18.5226019845645	24.14553472987872	23.814773980154357	0.0
205.0	33.55629877369008	16.9453734671126	24.414715719063544	25.08361204013378	0.0
206.0	31.35498320268757	18.701007838745802	21.612541993281077	28.331466965285557	0.0
207.0	27.036199095022624	24.43438914027149	17.420814479638008	31.108597285067873	0.0
208.0	27.386363636363637	16.93181818181818	21.022727272727273	34.659090909090914	0.0
209.0	24.627720504009165	19.358533791523485	21.534936998854526	34.47880870561283	0.0
210.0	24.85549132947977	18.959537572254334	20.23121387283237	35.95375722543353	0.0
211.0	28.354725787631274	19.253208868144693	21.58693115519253	30.80513418903151	0.0
212.0	28.066037735849058	16.15566037735849	23.82075471698113	31.957547169811324	0.0
213.0	28.24791418355185	20.262216924910607	18.116805721096544	33.373063170441	0.0
214.0	29.63855421686747	24.69879518072289	18.91566265060241	26.746987951807228	0.0
215.0	28.484848484848484	22.545454545454547	18.90909090909091	30.06060606060606	0.0
216.0	30.58968058968059	17.813267813267814	19.77886977886978	31.818181818181817	0.0
217.0	24.783147459727388	17.59603469640644	26.14622057001239	31.474597273853778	0.0
218.0	27.27272727272727	19.718309859154928	19.206145966709347	33.80281690140845	0.0
219.0	20.27777777777778	23.47222222222222	22.083333333333332	34.166666666666664	0.0
220.0	0.0	25.963488843813387	25.15212981744422	48.88438133874239	0.0
