# Position (bp)	A	C	G	T	N
0.0	26.920424459417834	24.011962083487663	23.664398210675834	25.40321524641867	0.0
1.0	27.25236033786959	20.1262162236086	15.18150420099113	37.43991923753068	0.0
2.0	28.07484443562982	20.051937427176043	17.95349183132112	33.91960235019957	1.2395567345117387E-4
3.0	23.756440199953758	22.130054019166977	15.160728349985844	38.95253014699791	2.472838955126628E-4
4.0	34.3121307156978	13.942991321549123	14.596989118946697	37.146162279755174	0.0017265640512098897
5.0	36.24302260847288	15.010937199781255	22.665745380018425	26.07191947856161	0.008375333165826669
6.0	32.66731042457269	17.67410678590539	19.95670010517446	29.69671621962395	0.005166464723501879
7.0	35.58698348046994	16.758086777616228	20.482201653550757	27.171130336031897	0.001597752331182103
8.0	23.251481379140955	26.835037303122412	22.255257744619446	27.657118295416165	0.0011052777010223818
9.0	29.046611625418457	18.36228561891953	16.055019977813338	36.53596006400754	1.2271384113956982E-4
10.0	26.768082473518774	17.11072874419449	25.07944061055521	31.041380249181678	3.679225498504395E-4
11.0	28.445422179191	18.806782319886757	19.79545189933145	32.95062779966787	0.0017158019229237267
12.0	26.609606071221226	19.695214111963864	21.145776429923988	32.54413663187342	0.005266755017502774
13.0	27.599031415343106	21.581491120899248	18.644030448227486	32.175202176132565	2.448393975971462E-4
14.0	31.768034257928512	18.404210258281083	20.533945758279856	29.292952787618958	8.569378915900116E-4
15.0	30.058810423302834	18.981908816911545	19.499621723130712	31.458557259365723	0.0011017772891871577
16.0	30.681804270488772	17.726005126936986	19.000271771731335	32.59057221415612	0.0013466166867843038
17.0	30.24011399722352	18.28570798984406	20.394999400143476	31.075016343029787	0.004162269759151484
18.0	31.54449588792232	18.24726820442131	18.366994669846314	31.833161537689353	0.008079700120705824
19.0	30.679723135609198	18.385112785268504	19.658400072472464	31.276764006649838	0.0
20.0	30.412358513433112	18.3165577539413	19.363613437765498	31.90734787516129	1.224196987985731E-4
21.0	30.368287421865624	17.522788426931353	19.283918213847624	32.824883517656595	1.224196987985731E-4
22.0	28.796540908990746	19.218790934086787	19.815097286934634	32.16944845028903	1.224196987985731E-4
23.0	30.01449449233775	17.75746698952822	20.35949768749189	31.86682695485896	0.0017138757831800231
24.0	31.17870582791218	17.980026001944026	18.61526181900982	32.224170055651996	0.001836295481978596
25.0	29.518205033408336	18.214092466046896	19.48456410017849	32.78252630187229	6.120984939928654E-4
26.0	32.02021883745358	17.828347995132592	19.893201054768124	30.25823211264571	0.0
27.0	29.24508668538872	18.261224050084344	19.95991979061335	32.533524634515985	2.448393975971462E-4
28.0	30.366206286986053	18.087265658091574	19.786573497114567	31.757016485036637	0.002938072771165754
29.0	29.201627692315224	18.634604131419998	19.622408681025682	32.53866626186553	0.0026932333735686076
30.0	29.990218558296288	18.45742134753744	19.38255720429502	32.16759931101434	0.00220357885690571
31.0	30.693620813766152	18.29198720930802	19.41606965344668	31.59587387555029	0.002448447928857897
32.0	29.15566894701017	18.454132775734664	19.773614287323284	32.616461566336454	1.224235954340896E-4
33.0	29.57744927003948	18.51657331741805	19.512012977075873	32.3922504820494	0.0017139534171946255
34.0	29.790060308078047	18.12462200326638	19.616285874491616	32.46866452988837	3.6728427558073765E-4
35.0	30.255642820724006	17.738729066164645	19.56565968545319	32.43972330078048	2.45126877671883E-4
36.0	30.975668962541043	17.405898983162228	19.07631309874385	32.54211895555289	0.0
37.0	29.176574174789906	18.98722069411215	19.296494366976145	32.53946550347718	2.4526064461855224E-4
38.0	30.476965048896215	18.467583256051306	19.198695773777104	31.85626524173328	4.906795420978513E-4
39.0	29.517607125100508	18.943142827329254	19.713596493920214	31.825530791752854	1.2276189716235877E-4
40.0	30.04624391203818	18.641339105623064	19.5127170758105	31.796871156589756	0.0028287499385054363
41.0	29.658670051824963	18.383874486218012	20.515784738441063	31.43982203269718	0.0018486908187851636
42.0	29.324695584775906	18.42190357942442	19.539470923501867	32.71084441438484	0.003085497912969212
43.0	29.40349299004792	18.383052548073714	20.213696653066066	31.99629793470229	0.0034598741100091684
44.0	29.581191010096386	18.776708179397332	19.997847885052327	31.644129240686848	1.236847671077678E-4
45.0	29.621174041049592	18.561332960260295	19.678818778119762	32.13867422057036	0.0
46.0	30.322144208503538	17.712789748278762	19.40856598064979	32.55588057830096	6.194842669580721E-4
47.0	29.79155249499711	18.201092576382397	19.888932146691893	32.11730689592751	0.001115886001086129
48.0	30.401333933802043	18.01889987680466	18.800997969075862	32.77727945491336	0.0014887654040695402
49.0	29.55391696143565	17.806943594315108	20.024632713087247	32.61314100614204	0.0013657250199582088
50.0	29.918499039519574	18.49021180303002	19.674742162293217	31.916049659013908	4.973361432825429E-4
51.0	30.115959548125392	18.299675363113526	19.534666359268975	32.049574108806326	1.2462068578763388E-4
52.0	29.914862035014767	18.093129488672428	19.790016342890844	32.20149235082739	4.997825945713615E-4
53.0	31.371954694445524	17.682843583612744	19.39789654572076	31.537535649379194	0.009769526841774998
54.0	30.126016239749724	18.482381829959678	19.386012925515086	32.00332929934066	0.002259705434842649
55.0	28.933512779231236	18.441713624471724	18.3722831555645	34.25047796337291	0.0020124773596297044
56.0	29.425994358091124	18.320580872190227	20.528459637925017	31.72408318980777	8.819419858561704E-4
57.0	28.265534620552184	18.779686248289	19.79865390801915	33.155368282944245	7.569401954167271E-4
58.0	30.63559348802537	18.057905276923176	21.869950029375904	29.43655120567555	0.0
59.0	29.720856768236192	20.19738474077749	21.01965241250829	29.05451241058456	0.007593667893465902
60.0	31.157301288738953	19.086256920276888	19.69876964394049	30.057672147043668	0.0
61.0	29.00186358174301	20.998009124422087	19.694138373490294	30.3057343326748	2.545876698099758E-4
62.0	31.1008638312071	16.536416551501958	21.736023308229342	30.626312781812626	3.8352724897182736E-4
63.0	26.603789835240764	20.1890161365585	25.363564260215988	27.84208719886158	0.0015425691231651462
64.0	26.339932774064533	19.724688866899363	18.45780810379974	35.47485744846313	0.0027128067732326063
65.0	27.682659067551153	19.50115232489333	18.770438194898624	34.04094905893467	0.004801353722217031
66.0	26.50925649505986	19.779737003688	17.10988250293645	36.59460579885097	0.00651819946472546
67.0	33.6704375370747	14.197006263250318	17.886863411906592	34.24477615067419	9.166370942080321E-4
68.0	34.20559336246902	15.616293903894634	23.008800318999974	27.169312414636376	0.0
69.0	31.874075787770433	17.295435389363085	20.55231531652197	30.27817350634451	0.0
70.0	33.26470545380367	16.04799580364558	22.19507219769492	28.492226544855825	0.0
71.0	25.939070737915355	20.019011720836	25.66765823679135	28.374259304457293	0.0
