# Position (bp)	A	C	G	T	N
0.0	26.04197439747798	23.970309279474606	23.88551045180193	26.102205871245488	0.0
1.0	26.39829757210257	19.93417584705408	15.393031662582898	38.27449491826045	0.0
2.0	28.832120850093464	18.842171249724608	18.30096006868341	34.02474783149852	0.0
3.0	22.919259594827654	22.390353342166602	15.050427982165424	39.63995908084032	0.0
4.0	34.209045426252196	13.0978552268168	14.634787336226148	38.05831201070485	0.0
5.0	34.875336258327216	14.757885491177515	23.03452545392817	27.332252796567104	0.0
6.0	30.79617868374211	17.24084857501988	20.965866900457403	30.99710584078061	0.0
7.0	34.791124063836314	16.995745138736446	20.050866284123394	28.162264513303846	0.0
8.0	22.275446138423398	26.98229702577411	22.748831519253116	27.993425316549374	0.0
9.0	27.73404290819756	18.374539934471095	15.531889439440247	38.3595277178911	0.0
10.0	26.064708487634388	16.28928788791302	25.367683530760743	32.278320093691846	0.0
11.0	28.164716228698737	17.931630738063948	19.400514724026515	34.503138309210804	0.0
12.0	26.124514452521737	19.491284946308568	21.259527922200714	33.12467267896898	0.0
13.0	26.23344552958074	20.680344211761014	18.666498376079065	34.41971188257918	0.0
14.0	30.59184636643293	18.279535962919166	20.327399349705193	30.801218320942713	0.0
15.0	29.787547510498673	18.405924161632512	19.83989390428639	31.966634423582413	0.0
16.0	29.59792548555883	17.525031900676467	18.785678985552813	34.09136362821189	0.0
17.0	30.31171518149845	17.834753928363146	19.677093191745257	32.17643769839315	0.0
18.0	30.87924189327819	17.516314690383535	18.778403293107797	32.826040123230484	0.0
19.0	29.711918900886907	18.26046706540337	19.96708799093047	32.06052604277926	0.0
20.0	29.724381787477594	17.70451789854393	19.829417361186938	32.74168295279154	0.0
21.0	28.971568954836	18.28465505385942	19.663642808676077	33.08013318262851	0.0
22.0	29.741078423338152	18.924711679404616	22.427338987564127	28.906870909693104	0.0
23.0	29.754369898928033	20.259988526879994	20.90751380395221	29.078127770239764	0.0
24.0	32.408760433127306	19.322684110773043	18.176972535566332	30.091582920533323	0.0
25.0	29.48882415048629	21.029974717820043	19.205274184640047	30.275926947053616	0.0
26.0	32.28699190184784	16.56599121150835	21.72432094861409	29.422695938029715	0.0
27.0	26.23479624315478	21.179415851565885	24.980789220806255	27.60499868447308	0.0
28.0	26.30075419759782	19.657899438352867	18.349035284043712	35.6923110800056	0.0
29.0	27.98907806193714	19.696945276123312	17.322878885940522	34.99109777599902	0.0
30.0	26.489715656442403	19.046988181710045	16.120708810827075	38.34258735102048	0.0
31.0	34.21640080844795	14.114197553765727	18.007144981247137	33.662256656539185	0.0
32.0	34.24560766311357	15.510115650121028	22.48230537057002	27.761971316195382	0.0
33.0	31.058333826250024	17.460028742693044	20.801945450604954	30.679691980451977	0.0
34.0	33.25235459000243	16.375327689672186	21.845785697763283	28.526532022562094	0.0
35.0	26.0426947455214	20.448128534245782	25.517554956367654	27.991621763865165	0.0
