# Position (bp)	A	C	G	T	N
0.0	50.37159372419489	12.799339388934763	19.735755573905863	17.09331131296449	0.0
1.0	17.010734929810074	48.80264244426094	19.322873658133773	14.86374896779521	0.0
2.0	22.76422764227642	42.926829268292686	12.926829268292684	21.38211382113821	0.0
3.0	49.75728155339806	14.886731391585762	13.834951456310678	21.521035598705502	0.0
4.0	52.06143896523848	14.874696847210995	12.287793047696038	20.776071139854487	0.0
5.0	21.988682295877123	40.662894098625706	13.096200485044463	24.252223120452708	0.0
6.0	21.001615508885298	42.73021001615509	15.831987075928918	20.436187399030693	0.0
7.0	51.493139628732855	15.254237288135593	14.608555286521389	18.64406779661017	0.0
8.0	49.67845659163987	14.14790996784566	15.35369774919614	20.819935691318328	0.0
9.0	21.526104417670684	40.16064257028113	14.297188755020079	24.016064257028113	0.0
10.0	20.850040096230956	10.665597433841219	15.236567762630312	53.247794707297516	0.0
11.0	20.416333066453163	13.450760608486789	13.210568454763811	52.92233787029623	0.0
12.0	20.015948963317385	11.64274322169059	16.188197767145134	52.15311004784689	0.0
13.0	20.64873417721519	40.98101265822785	14.63607594936709	23.734177215189874	0.0
14.0	17.974882260596548	16.09105180533752	44.740973312401884	21.19309262166405	0.0
15.0	44.72049689440994	14.363354037267081	16.61490683229814	24.301242236024844	0.0
16.0	17.893106119287374	14.407436096049576	16.421378776142525	51.27807900852053	0.0
17.0	23.941493456505004	38.876058506543494	15.088529638183218	22.093918398768285	0.0
18.0	18.94171779141104	16.104294478527606	15.107361963190183	49.84662576687116	0.0
19.0	20.24446142093201	43.85026737967914	15.508021390374333	20.397249809014514	0.0
20.0	19.0584662110858	17.615793470007592	14.350797266514807	48.9749430523918	0.0
21.0	21.250941974378296	13.865862848530519	14.996232102486811	49.886963074604374	0.0
22.0	20.676691729323306	13.30827067669173	43.233082706766915	22.781954887218046	0.0
23.0	19.954988747186796	16.204051012753187	13.578394598649663	50.26256564141035	0.0
24.0	49.47526236881559	12.593703148425787	14.017991004497752	23.91304347826087	0.0
25.0	22.679640718562872	14.67065868263473	38.92215568862276	23.727544910179642	0.0
26.0	50.71054599850411	12.341062079281974	11.81750186985789	25.13089005235602	0.0
27.0	18.623784592370978	17.57666417352281	11.81750186985789	51.98204936424832	0.0
28.0	20.867614061331338	39.341810022438295	13.238593866866118	26.55198204936425	0.0
29.0	23.766816143497756	11.434977578475337	11.958146487294469	52.84005979073244	0.0
30.0	23.520599250936332	12.95880149812734	39.176029962546814	24.344569288389515	0.0
31.0	23.820224719101123	13.707865168539326	13.857677902621724	48.61423220973783	0.0
32.0	23.838080959520237	13.793103448275861	12.14392803598201	50.22488755622189	0.0
33.0	21.13943028485757	41.07946026986507	14.017991004497752	23.76311844077961	0.0
34.0	23.52501867064974	13.218820014936519	17.17699775952203	46.079163554891714	0.0
35.0	21.898355754858	39.23766816143498	13.228699551569505	25.635276532137517	0.0
36.0	20.25411061285501	14.050822122571002	14.200298953662182	51.49476831091181	0.0
37.0	45.2914798206278	17.862481315396114	14.947683109118087	21.898355754858	0.0
38.0	48.20627802690583	16.367713004484305	10.612855007473842	24.813153961136024	0.0
39.0	49.4776119402985	14.1044776119403	11.26865671641791	25.149253731343286	0.0
40.0	20.269259536275243	40.38893044128646	14.43530291697831	24.906507105459987	0.0
41.0	21.31637995512341	10.919970082273748	42.25878833208676	25.50486163051608	0.0
42.0	49.43904263275991	12.789827973074047	16.604338070306657	21.16679132385939	0.0
43.0	48.94259818731118	12.386706948640484	16.314199395770395	22.356495468277945	0.0
44.0	25.90634441087613	37.160120845921455	12.009063444108762	24.924471299093657	0.0
45.0	30.446672743846854	14.585232452142204	17.866909753874204	37.101185050136735	0.0
46.0	31.5096251266464	17.73049645390071	19.45288753799392	31.30699088145897	0.0
47.0	31.237322515212984	17.44421906693712	19.26977687626775	32.048681541582155	0.0
48.0	25.15212981744422	18.76267748478702	19.675456389452332	36.40973630831643	0.0
49.0	26.267748478701826	20.892494929006087	18.864097363083165	33.97565922920893	0.0
50.0	27.687626774847867	21.50101419878296	16.63286004056795	34.17849898580121	0.0
51.0	29.310344827586203	17.748478701825558	18.864097363083165	34.07707910750507	0.0
52.0	27.687626774847867	17.849898580121703	21.50101419878296	32.961460446247465	0.0
53.0	33.67139959432049	17.545638945233264	21.095334685598377	27.687626774847867	0.0
54.0	29.61460446247465	21.906693711967545	19.776876267748477	28.70182555780933	0.0
55.0	29.107505070993916	18.76267748478702	20.79107505070994	31.33874239350913	0.0
56.0	26.57200811359026	19.574036511156187	22.31237322515213	31.541582150101423	0.0
57.0	31.03448275862069	16.835699797160245	21.50101419878296	30.628803245436103	0.0
58.0	28.803245436105477	17.849898580121703	20.28397565922921	33.062880324543606	0.0
59.0	25.25354969574036	19.97971602434077	22.81947261663286	31.947261663286003	0.0
60.0	27.789046653144016	19.776876267748477	20.99391480730223	31.44016227180527	0.0
61.0	29.573170731707314	18.191056910569106	22.66260162601626	29.573170731707314	0.0
62.0	26.21951219512195	22.052845528455283	21.84959349593496	29.878048780487802	0.0
63.0	31.739572736520856	16.480162767039673	21.05798575788403	30.722278738555442	0.0
64.0	28.585961342828075	17.09053916581892	22.482197355035606	31.841302136317395	0.0
65.0	29.704984740590028	18.006103763987795	22.787385554425228	29.50152594099695	0.0
66.0	29.90844354018311	14.140386571719226	21.668362156663274	34.28280773143438	0.0
67.0	30.925737538148525	17.90437436419125	20.040691759918616	31.129196337741604	0.0
68.0	25.737538148524923	20.44760935910478	19.12512716174975	34.68972533062055	0.0
69.0	24.821973550356052	20.345879959308242	22.787385554425228	32.044760935910475	0.0
70.0	26.347914547304168	23.194303153611393	19.430315361139368	31.027466937945064	0.0
71.0	27.97558494404883	21.05798575788403	19.328585961342828	31.637843336724313	0.0
72.0	26.578411405295316	17.617107942973522	21.079429735234214	34.72505091649695	0.0
73.0	29.633401221995925	17.718940936863543	21.384928716904277	31.262729124236255	0.0
74.0	30.24439918533605	15.580448065173117	23.217922606924642	30.95723014256619	0.0
75.0	29.735234215885946	20.061099796334013	21.079429735234214	29.124236252545828	0.0
76.0	27.800407331975556	23.828920570264767	19.75560081466395	28.615071283095723	0.0
77.0	30.04073319755601	20.570264765784113	18.43177189409369	30.95723014256619	0.0
78.0	31.294597349643222	22.22222222222222	17.12538226299694	29.357798165137616	0.0
79.0	30.071355759429153	17.227319062181447	20.38735983690112	32.31396534148828	0.0
80.0	30.82400813835198	14.750762970498474	23.09257375381485	31.33265513733469	0.0
81.0	26.551373346897257	18.311291963377414	18.311291963377414	36.826042726347914	0.0
82.0	31.637843336724313	16.581892166836216	22.68565615462869	29.094608341810783	0.0
83.0	27.06002034587996	19.12512716174975	21.15971515768057	32.65513733468973	0.0
84.0	27.494908350305497	20.875763747454176	20.672097759674134	30.95723014256619	0.0
85.0	34.25076452599388	18.654434250764528	17.227319062181447	29.867482161060146	0.0
86.0	28.891149542217704	19.22685656154629	20.2441505595117	31.637843336724313	0.0
87.0	34.28280773143438	19.430315361139368	21.05798575788403	25.228891149542214	0.0
88.0	37.23296032553408	18.107833163784335	16.88708036622584	27.77212614445575	0.0
89.0	29.90844354018311	15.15768056968464	18.107833163784335	36.826042726347914	0.0
90.0	30.41709053916582	16.98880976602238	20.854526958290943	31.739572736520856	0.0
91.0	28.789420142421157	22.278738555442523	17.293997965412004	31.637843336724313	0.0
92.0	29.22606924643584	19.24643584521385	17.0061099796334	34.521384928716905	0.0
93.0	35.20982599795291	18.42374616171955	16.376663254861825	29.98976458546571	0.0
94.0	31.11566018423746	18.11668372569089	19.34493346980553	31.422722620266118	0.0
95.0	32.139201637666325	16.99078812691914	18.526100307062435	32.3439099283521	0.0
96.0	29.273285568065504	18.219037871033777	18.42374616171955	34.08393039918117	0.0
97.0	30.39918116683726	17.195496417604915	18.833162743091094	33.57215967246673	0.0
98.0	27.86885245901639	19.15983606557377	18.852459016393443	34.11885245901639	0.0
99.0	27.41273100616016	19.199178644763858	20.431211498973305	32.95687885010267	0.0
100.0	30.69815195071869	14.168377823408623	19.815195071868583	35.318275154004105	0.0
101.0	30.390143737166326	18.68583162217659	20.533880903490758	30.390143737166326	0.0
102.0	30.390143737166326	15.503080082135522	21.25256673511294	32.85420944558521	0.0
103.0	28.630278063851698	16.065911431513904	20.803295571575696	34.5005149330587	0.0
104.0	26.75619834710744	18.59504132231405	21.90082644628099	32.74793388429752	0.0
105.0	29.472595656670116	18.924508790072387	19.027921406411583	32.57497414684592	0.0
106.0	31.671858774662514	19.833852544132917	17.86085150571132	30.63343717549325	0.0
107.0	31.803962460896766	18.248175182481752	17.10114702815433	32.846715328467155	0.0
108.0	32.49738766980146	17.86833855799373	18.39080459770115	31.24346917450366	0.0
109.0	27.27272727272727	22.152560083594565	20.27168234064786	30.303030303030305	0.0
110.0	27.129337539432175	18.92744479495268	18.40168243953733	35.54153522607781	0.0
111.0	30.874604847207586	16.54373024236038	20.337197049525816	32.24446786090622	0.0
112.0	27.109704641350213	20.675105485232066	20.042194092827003	32.17299578059072	0.0
113.0	30.443974630021142	20.718816067653275	16.701902748414376	32.1353065539112	0.0
114.0	28.389830508474578	18.008474576271187	19.703389830508474	33.89830508474576	0.0
115.0	27.22457627118644	20.021186440677965	20.127118644067796	32.6271186440678	0.0
116.0	26.036131774707762	18.597236981934113	20.828905419766205	34.53772582359193	0.0
117.0	29.436769394261425	19.341126461211477	20.51009564293305	30.712008501594052	0.0
118.0	28.221512247071352	17.89137380191693	19.382321618743344	34.504792332268366	0.0
119.0	26.417112299465238	18.93048128342246	27.16577540106952	27.48663101604278	0.0
120.0	28.15845824411135	20.449678800856532	21.948608137044967	29.443254817987153	0.0
121.0	31.049250535331907	18.843683083511777	18.73661670235546	31.370449678800856	0.0
122.0	31.86695278969957	18.240343347639485	19.84978540772532	30.042918454935624	0.0
123.0	33.40494092373791	17.185821697099893	19.226638023630503	30.182599355531686	0.0
124.0	28.70967741935484	18.172043010752688	22.365591397849464	30.752688172043012	0.0
125.0	27.09677419354839	20.75268817204301	17.741935483870968	34.40860215053764	0.0
126.0	30.064655172413797	17.45689655172414	18.103448275862068	34.375	0.0
127.0	28.34051724137931	18.96551724137931	22.09051724137931	30.603448275862068	0.0
128.0	32.073434125269976	17.17062634989201	19.222462203023756	31.533477321814257	0.0
129.0	29.18918918918919	16.54054054054054	17.405405405405403	36.86486486486486	0.0
130.0	31.094257854821233	18.74322860238353	16.57638136511376	33.58613217768147	0.0
131.0	30.434782608695656	21.73913043478261	17.17391304347826	30.65217391304348	0.0
132.0	29.334787350054526	18.86586695747001	21.046892039258452	30.75245365321701	0.0
133.0	29.225736095965104	22.68266085059978	20.93784078516903	27.153762268266085	0.0
134.0	27.589967284623775	19.520174482006546	22.464558342420936	30.425299890948747	0.0
135.0	27.183406113537117	16.266375545851528	22.05240174672489	34.49781659388647	0.0
136.0	24.863088718510408	15.991237677984666	25.52026286966046	33.62541073384447	0.0
137.0	27.960526315789476	16.447368421052634	20.50438596491228	35.08771929824561	0.0
138.0	25.356750823271128	18.441273326015367	19.64873765093304	36.553238199780466	0.0
139.0	26.952695269526956	18.81188118811881	19.801980198019802	34.433443344334435	0.0
140.0	30.209481808158767	15.986769570011026	20.61742006615215	33.18632855567806	0.0
141.0	32.00883002207506	17.218543046357617	20.52980132450331	30.242825607064017	0.0
142.0	33.813747228381374	14.079822616407982	19.17960088691796	32.926829268292686	0.0
143.0	30.666666666666664	18.11111111111111	20.666666666666668	30.555555555555557	0.0
144.0	32.0	17.666666666666668	17.0	33.33333333333333	0.0
145.0	29.588431590656285	18.13125695216908	22.803114571746384	29.477196885428253	0.0
146.0	27.32362821948488	18.81298992161254	20.156774916013436	33.70660694288914	0.0
147.0	29.662921348314608	18.314606741573034	19.325842696629213	32.69662921348315	0.0
148.0	26.666666666666668	21.01694915254237	20.0	32.316384180790955	0.0
149.0	32.429378531073446	19.774011299435028	14.576271186440678	33.220338983050844	0.0
150.0	27.40656851642129	19.13929784824462	18.7995469988675	34.65458663646659	0.0
151.0	28.603859250851304	19.977298524404084	19.069239500567537	32.349602724177075	0.0
152.0	27.62557077625571	17.922374429223744	17.23744292237443	37.21461187214612	0.0
153.0	30.09153318077803	17.162471395881006	19.679633867276888	33.066361556064074	0.0
154.0	31.14942528735632	14.25287356321839	21.839080459770116	32.758620689655174	0.0
155.0	31.451612903225808	19.930875576036865	16.82027649769585	31.797235023041477	0.0
156.0	29.132947976878615	16.416184971098264	18.959537572254334	35.49132947976879	0.0
157.0	32.634032634032636	17.5990675990676	21.445221445221446	28.321678321678323	0.0
158.0	31.41852286049238	19.812426729191092	15.240328253223915	33.528722157092616	0.0
159.0	34.275618374558306	14.958775029446409	20.023557126030624	30.742049469964666	0.0
160.0	25.413711583924346	19.62174940898345	22.93144208037825	32.03309692671395	0.0
161.0	28.90995260663507	21.208530805687204	18.838862559241708	31.04265402843602	0.0
162.0	31.70441001191895	18.116805721096544	20.61978545887962	29.558998808104885	0.0
163.0	32.13859020310633	16.845878136200717	17.084826762246117	33.930704898446834	0.0
164.0	30.778443113772454	15.92814371257485	21.55688622754491	31.736526946107784	0.0
165.0	32.5748502994012	18.323353293413174	22.275449101796408	26.82634730538922	0.0
166.0	27.54491017964072	20.35928143712575	22.634730538922156	29.46107784431138	0.0
167.0	27.13085234093637	21.008403361344538	22.20888355342137	29.65186074429772	0.0
168.0	26.5625	18.990384615384613	18.75	35.69711538461539	0.0
169.0	26.626506024096386	17.349397590361445	23.25301204819277	32.7710843373494	0.0
170.0	30.240963855421686	17.349397590361445	18.67469879518072	33.734939759036145	0.0
171.0	30.434782608695656	17.14975845410628	18.478260869565215	33.93719806763285	0.0
172.0	29.055690072639223	23.849878934624698	16.101694915254235	30.99273607748184	0.0
173.0	30.545454545454547	18.787878787878785	19.151515151515152	31.515151515151512	0.0
174.0	30.376670716889432	18.833535844471445	18.469015795868774	32.32077764277035	0.0
175.0	27.14987714987715	18.67321867321867	22.972972972972975	31.203931203931205	0.0
176.0	30.911330049261082	18.103448275862068	18.472906403940886	32.51231527093596	0.0
177.0	27.037037037037038	22.469135802469136	18.51851851851852	31.97530864197531	0.0
178.0	27.023661270236616	20.921544209215444	21.419676214196762	30.635118306351185	0.0
179.0	26.82619647355164	19.143576826196472	22.79596977329975	31.234256926952142	0.0
180.0	32.99492385786802	14.720812182741117	21.700507614213198	30.583756345177665	0.0
181.0	26.27551020408163	19.642857142857142	20.02551020408163	34.05612244897959	0.0
182.0	32.77634961439589	18.123393316195372	20.69408740359897	28.406169665809767	0.0
183.0	31.958762886597935	22.29381443298969	19.072164948453608	26.675257731958762	0.0
184.0	29.595827900912646	19.165580182529336	20.208604954367665	31.029986962190353	0.0
185.0	27.486910994764397	19.63350785340314	25.785340314136125	27.094240837696336	0.0
186.0	30.091984231274637	18.134034165571617	23.127463863337713	28.64651773981603	0.0
187.0	28.66578599735799	23.249669749009247	17.17305151915456	30.911492734478202	0.0
188.0	29.326287978863935	18.758256274768826	21.136063408190225	30.779392338177015	0.0
189.0	29.906542056074763	18.958611481975968	20.694259012016023	30.440587449933243	0.0
190.0	29.852744310575634	17.269076305220885	20.74966532797858	32.1285140562249	0.0
191.0	27.956989247311824	19.623655913978492	18.548387096774192	33.87096774193548	0.0
192.0	31.76312247644684	18.57335127860027	20.457604306864063	29.20592193808883	0.0
193.0	30.862533692722373	17.25067385444744	21.024258760107816	30.862533692722373	0.0
194.0	28.243243243243242	21.756756756756758	21.08108108108108	28.91891891891892	0.0
195.0	28.57142857142857	19.183673469387756	20.54421768707483	31.700680272108844	0.0
196.0	28.278688524590162	21.311475409836063	20.081967213114755	30.327868852459016	0.0
197.0	30.303030303030305	20.66115702479339	20.24793388429752	28.78787878787879	0.0
198.0	28.450704225352112	21.830985915492956	20.281690140845072	29.43661971830986	0.0
199.0	26.34730538922156	25.0	20.059880239520957	28.592814371257486	0.0
200.0	27.845884413309985	17.68826619964974	18.739054290718038	35.72679509632224	0.0
201.0	32.69689737470167	19.09307875894988	16.706443914081145	31.5035799522673	0.0
202.0	33.41346153846153	19.230769230769234	18.990384615384613	28.365384615384613	0.0
203.0	33.57664233576642	16.78832116788321	21.897810218978105	27.73722627737226	0.0
204.0	34.71882640586797	17.84841075794621	23.71638141809291	23.71638141809291	0.0
205.0	32.42574257425743	16.584158415841586	23.51485148514851	27.475247524752476	0.0
206.0	29.925187032418954	23.44139650872818	15.710723192019952	30.92269326683292	0.0
207.0	24.494949494949495	22.22222222222222	18.434343434343432	34.84848484848485	0.0
208.0	24.173027989821882	18.575063613231553	23.155216284987276	34.096692111959285	0.0
209.0	21.62849872773537	19.59287531806616	22.646310432569976	36.1323155216285	0.0
210.0	27.435897435897438	20.51282051282051	14.871794871794872	37.17948717948718	0.0
211.0	35.14211886304909	19.12144702842377	18.6046511627907	27.131782945736433	0.0
212.0	28.68217054263566	15.762273901808785	23.772609819121445	31.782945736434108	0.0
213.0	26.75324675324675	20.77922077922078	19.22077922077922	33.246753246753244	0.0
214.0	29.61038961038961	24.415584415584416	21.038961038961038	24.935064935064936	0.0
215.0	29.35064935064935	22.337662337662337	15.324675324675324	32.98701298701299	0.0
216.0	31.33159268929504	17.232375979112273	18.79895561357702	32.637075718015666	0.0
217.0	26.190476190476193	18.253968253968253	23.809523809523807	31.746031746031743	0.0
218.0	27.91327913279133	15.989159891598916	17.344173441734416	38.75338753387534	0.0
219.0	21.114369501466275	24.34017595307918	23.16715542521994	31.378299120234605	0.0
220.0	0.0	30.51643192488263	25.352112676056336	44.13145539906103	0.0
