# Position (bp)	A	C	G	T	N
0.0	27.31532853892182	24.559127173638228	25.533050537966684	22.59249374947327	0.0
1.0	26.401710812319816	19.92576647692756	14.760321233807506	38.91220147694512	0.0
2.0	26.126349844795172	20.98369256328422	18.932540549993444	33.957417041927165	0.0
3.0	24.197011075049936	22.194775552492192	16.258646135553327	37.34956723690455	0.0
4.0	34.73509425633793	14.92462424197489	14.478732190612817	35.86154931107436	0.0
5.0	35.516522471375986	15.539645782117972	23.331284718921047	25.612547027584988	0.0
6.0	32.435717295434365	17.51702650208414	21.911937269279775	28.13531893320172	0.0
7.0	35.28416464246498	17.33138122649985	20.362193458223803	27.022260672811367	0.0
8.0	25.01694466945496	24.9957844968673	22.121307301912683	27.865963531765054	0.0
9.0	29.76679256327579	18.779915517181845	18.046569139271686	33.406722780270684	0.0
10.0	27.538091629416606	17.32843831275646	24.832845304364763	30.30062475346217	0.0
11.0	27.85792983851515	18.312427879443767	20.671299767258407	33.15834251478268	0.0
12.0	26.228606118844795	20.245786152088094	22.46308825057137	31.062519478495744	0.0
13.0	26.77529942226831	21.674240867681487	19.279024505465884	32.27143520458432	0.0
14.0	30.773749106418137	18.92505530928825	20.760629791656246	29.54056579263737	0.0
15.0	30.826389291675525	19.066308347672535	20.094864309237025	30.012438051414907	0.0
16.0	30.638074691146493	18.099885291027764	19.40673098734984	31.855309030475905	0.0
17.0	30.57162827692036	18.059115121034154	20.41231149924881	30.95694510279668	0.0
18.0	31.192293798916314	18.191611479028698	19.959702990166566	30.656391731888423	0.0
19.0	30.19245946448852	18.764075944331445	19.933301679167922	31.11016291201211	0.0
20.0	29.885628641729916	18.68188412185719	20.659458679639975	30.773028556772918	0.0
21.0	29.80262304220993	18.57691870235183	20.38728880216969	31.23316945326855	0.0
22.0	29.425119519934935	18.76166780342693	20.245059896058486	31.568152780579652	0.0
23.0	29.46567597454243	18.427289588610986	20.50159789912672	31.60543653771986	0.0
24.0	29.68854711298704	18.938920175103284	20.324008246552076	31.048524465357602	0.0
25.0	29.443548348421317	18.34888490663461	20.247524989888944	31.96004175505513	0.0
26.0	30.360609222048428	18.004259377900762	20.710226501127156	30.92490489892365	0.0
27.0	29.453720395151773	19.17766661184657	20.34964577169399	31.01896722130767	0.0
28.0	29.7907956467622	18.813551207991573	19.935371652889923	31.4602814923563	0.0
29.0	29.481014333950583	18.855516904236705	20.30183117933308	31.36163758247963	0.0
30.0	29.989154877912632	19.170507647405945	19.930782603148277	30.909554871533153	0.0
31.0	29.717958327685057	18.90356997615763	19.98022438938815	31.39824730676916	0.0
32.0	29.638347478574822	18.83454054278178	20.232957934252536	31.294154044390858	0.0
33.0	29.38747847164636	18.832844294188938	20.624641194106015	31.155036040058686	0.0
34.0	29.75580661006245	18.737281594274087	19.78537391315442	31.721537882509043	0.0
35.0	30.085304610340213	18.219686881525625	20.4636972986076	31.23131120952656	0.0
36.0	30.03644425305231	18.667113248323325	20.064754340215476	31.231688158408893	0.0
37.0	29.31057584941777	19.339288562769184	19.571702025841443	31.77843356197161	0.0
38.0	30.018044522585967	18.768696662162185	20.31356944907568	30.899689366176176	0.0
39.0	29.892500227381884	19.013274315101828	20.34325888504689	30.7509665724694	0.0
40.0	30.39620298819977	18.77375925234361	19.721575874803303	31.108461884653316	0.0
41.0	30.102714307376754	18.619621864500115	20.528336219762327	30.7493276083608	0.0
42.0	30.107231629579132	19.11092095957701	19.643487159183973	31.13836025165988	0.0
43.0	29.89923954676157	18.97652541682832	19.67008176109666	31.454153275313452	0.0
44.0	29.841906069848772	18.494115392599927	20.422861340444896	31.241117197106398	0.0
45.0	30.008529506662278	19.000354597467982	20.498449035399048	30.492666860470692	0.0
46.0	29.97033399417543	18.558107510116315	19.52285177061484	31.948706725093416	0.0
47.0	29.933535708579644	18.710816424348938	19.851254193960695	31.50439367311072	0.0
48.0	30.122694092530327	18.715243598430128	20.188435626350305	30.973626682689236	0.0
49.0	29.630103182416796	19.274302847425552	19.338392297758627	31.75720167239902	0.0
50.0	29.755864401794252	18.713332502070166	20.22095614447354	31.309846951662045	0.0
51.0	29.88468443695534	19.135540950374182	20.192613600937488	30.787161011732994	0.0
52.0	29.74215883016062	18.835757173581076	19.93012304420477	31.49196095205353	0.0
53.0	30.259361846397915	18.532425828077223	20.34546396632678	30.862748359198083	0.0
54.0	29.595205420293468	18.764215314632295	20.088418857144685	31.55216040792955	0.0
55.0	29.56505742713632	18.34884985763189	19.978564801484467	32.10752791374732	0.0
56.0	29.743435513336934	18.426474869862073	20.532357712132022	31.297731904668968	0.0
57.0	29.193745020302764	18.898690959589658	20.371401418793738	31.536162601313837	0.0
58.0	29.78377158803791	18.53390960106634	19.431914372716786	32.25040443817896	0.0
59.0	29.67292187444988	18.699209110433276	20.51351809828027	31.11435091683657	0.0
60.0	30.057014258366465	18.518429594913854	20.587397319913695	30.837158826805982	0.0
61.0	29.450635999526163	18.786398286499136	20.316286902539836	31.446678811434865	0.0
62.0	29.602794462302935	18.933858842513736	20.321324744182473	31.14202195100086	0.0
63.0	29.515802888564057	18.46362717959145	20.302401052832128	31.71816887901236	0.0
64.0	29.1625969134992	18.97615151330769	19.924390657874934	31.936860915318178	0.0
65.0	29.380914176086907	18.411153441491994	20.652795326469725	31.55513705595137	0.0
66.0	29.60616830542978	18.933199648275895	20.638965457041127	30.821666589253194	0.0
67.0	29.5165467764179	18.81724305285262	19.920361480712646	31.745848690016835	0.0
68.0	29.904875720080227	18.48451547171262	20.10169230867813	31.508916499529022	0.0
69.0	29.781333658019232	18.924595437629065	20.269532019743895	31.024538884607804	0.0
70.0	29.328182556684446	18.33305827630573	20.033391389059354	32.305367777950465	0.0
71.0	30.10885014317327	18.159049720463603	20.736328835433262	30.995771300929864	0.0
72.0	29.895304654960487	19.11775782410605	20.429133927669987	30.557803593263472	0.0
73.0	29.841334972503297	18.75834478027482	19.70241692085021	31.69790332637167	0.0
74.0	29.309518427857157	19.1069089836505	20.400089129560076	31.183483458932272	0.0
75.0	29.900368447549937	18.64908978383769	20.03485661329682	31.415685155315554	0.0
76.0	29.42734639818618	18.813356038084976	20.016900288299038	31.742397275429802	0.0
77.0	29.303786710113183	18.87758538298466	20.523988056484747	31.294639850417415	0.0
78.0	29.585516989216963	19.125778578897066	19.966258908353808	31.322445523532167	0.0
79.0	29.73240816614523	19.222288682310268	19.25307769897001	31.792225452574492	0.0
80.0	30.084551406036	18.823433184823088	19.86765587962651	31.224359529514405	0.0
81.0	29.893681345558882	19.045778448539945	20.1732790379517	30.88726116794947	0.0
82.0	30.091160057041204	18.78734506559899	19.56708998426394	31.554404893095867	0.0
83.0	29.837915357936918	19.045587107661806	20.38426123475644	30.73223629964484	0.0
84.0	29.510621673958486	19.19891031780793	20.179175069508954	31.111292938724628	0.0
85.0	29.481806425112556	18.999521855073954	19.64710337236579	31.8715683474477	0.0
86.0	30.09109712908449	18.386632455097317	20.509129771286354	31.013140644531845	0.0
87.0	29.45269783393328	18.84399408773076	20.67336317285363	31.02994490548233	0.0
88.0	29.3308979196795	18.984028030797926	19.729418694795907	31.955655354726666	0.0
89.0	29.752038256129214	19.129348801446003	20.35302483791068	30.7655881045141	0.0
90.0	30.027293452782327	19.11697652763061	19.915390296374788	30.94033972321228	0.0
91.0	29.8485775343715	18.639204787204154	20.03252909716502	31.479688581259325	0.0
92.0	29.700520143308395	18.934244186326605	20.155352465742645	31.20988320462235	0.0
93.0	30.431437675870843	18.706554280648106	19.97266372852609	30.889344314954965	0.0
94.0	29.882197207625616	18.756556425015383	20.126558079684358	31.234688287674643	0.0
95.0	29.916433287219803	18.61524445794109	20.956911968147924	30.511410286691188	0.0
96.0	29.92625304734493	18.944722729778245	19.916819736992235	31.212204485884588	0.0
97.0	29.311137399623245	18.887867351596704	19.853380824101993	31.947614424678054	0.0
98.0	29.197402960650574	18.52616891686613	21.07257275037655	31.20385537210674	0.0
99.0	29.574172180106594	19.409130738867944	20.402434220575113	30.614262860450346	0.0
100.0	29.69736471534902	18.83661235163951	20.137115268557633	31.32890766445383	0.0
101.0	30.013145007474613	18.713110211866592	20.215281715552347	31.05846306510645	0.0
102.0	29.652656483600488	18.86157384335754	20.331296397542776	31.154473275499196	0.0
103.0	29.477196885428253	18.68226428009835	19.841591447358862	31.998947387114534	0.0
104.0	30.095033032829154	18.442615663396523	20.45497529205806	31.00737601171627	0.0
105.0	29.916894817576356	19.116780903930668	20.427111447674154	30.53921283081882	0.0
106.0	29.811198496715612	18.966653977304944	19.859391072629045	31.3627564533504	0.0
107.0	29.94375754116014	18.31966734564137	20.62093750405439	31.115637609144102	0.0
108.0	29.235387907659433	18.968199073217146	20.72385832627043	31.07255469285299	0.0
109.0	29.71897930056926	18.2983682983683	20.051821725461892	31.930830675600554	0.0
110.0	29.456881175873246	18.54926377732356	21.170470375336865	30.823384671466325	0.0
111.0	29.479295995411782	19.1644426195853	20.59435010574407	30.761911279258847	0.0
112.0	30.073745663099277	18.614051313671084	20.049163775399517	31.263039247830122	0.0
113.0	30.046464530985883	18.39766779085245	20.645113874847908	30.91075380331376	0.0
114.0	30.43994446524908	18.611500403101182	20.071168208480987	30.877386923168753	0.0
115.0	29.690490731750447	18.829421964466118	20.32514601115694	31.154941292626496	0.0
116.0	30.24484295228071	18.534221286614137	20.166507635152193	31.05442812595296	0.0
117.0	30.064196233602047	18.9101416914312	20.274845255881917	30.750816819084836	0.0
118.0	30.034195340884807	18.52039390402288	20.18051194370921	31.2648988113831	0.0
119.0	29.973973037976975	18.496593118411976	20.392396373675396	31.137037469935645	0.0
120.0	30.435800423683407	18.74279779420856	20.197334256534532	30.624067525573494	0.0
121.0	29.893673226786422	18.71499801875578	20.07726852463347	31.31406022982433	0.0
122.0	29.744880410625463	18.78422981267859	20.577078262249973	30.893811514445975	0.0
123.0	29.612421590696396	18.97575543751025	20.160570327782775	31.25125264401058	0.0
124.0	29.5566257305382	18.680543920213534	19.76098565217175	32.00184469707652	0.0
125.0	29.4951475671364	18.965035894708855	20.149395107684125	31.39042143047062	0.0
126.0	29.951398944757912	18.596228424959637	20.311412925883392	31.140959704399062	0.0
127.0	29.848496721347008	18.414475757307986	20.209940495741	31.527087025604004	0.0
128.0	29.223507876488114	18.524945552690298	21.181506620525635	31.070039950295953	0.0
129.0	29.979720029315597	18.94152608452665	20.387896270961825	30.69085761519592	0.0
130.0	30.027307152663578	18.691905248035777	19.696520140072785	31.584267459227856	0.0
131.0	30.244907624330548	18.609486286818854	20.289395061541796	30.856211027308806	0.0
132.0	30.08165373633566	18.819730827019594	20.355891166489158	30.742724270155584	0.0
133.0	29.96607118477805	18.718491962764265	20.200707566648298	31.114729285809396	0.0
134.0	29.857551012137545	18.478180111176403	20.729232099315787	30.935036777370268	0.0
135.0	29.930001556272796	18.76374425701507	20.028892542746753	31.277361643965385	0.0
136.0	29.51153048358889	18.915314325998832	19.8756795596589	31.69747563075338	0.0
137.0	29.531615606926604	18.32886751636051	21.027545430773046	31.11197144593984	0.0
138.0	29.636289709307366	18.929131018385412	20.429463612809055	31.005115659498166	0.0
139.0	29.463654106757804	19.290042699712778	20.149321151272893	31.09698204225652	0.0
140.0	29.889809985415024	18.707197190940235	20.231105281674505	31.171887541970232	0.0
141.0	30.02684818710568	18.75676979861293	20.427209585264812	30.789172429016574	0.0
142.0	29.971328820023185	18.75150043555501	20.096748084586842	31.180422659834967	0.0
143.0	29.88274637782028	18.70335331955092	20.802335792514533	30.611564510114263	0.0
144.0	29.993421211254894	18.846851997919586	20.364795558112057	30.794931232713456	0.0
145.0	29.905958060885595	19.360590765661573	19.733962120845963	30.999489052606865	0.0
146.0	29.284652741613744	18.920620969932475	20.331869086278694	31.462857202175094	0.0
147.0	29.551796196900987	19.125269884762456	20.309554570915743	31.01337934742081	0.0
148.0	29.461021633884105	18.69849023476545	19.920730806338057	31.919757325012387	0.0
149.0	29.843411830718885	18.936956968748582	20.787227591302436	30.43240360923009	0.0
150.0	29.866907995653285	19.230728913705086	19.93025685464005	30.97210623600158	0.0
151.0	30.30760474585176	18.466091677247057	19.593888183529618	31.63241539337157	0.0
152.0	29.61969308564807	18.93879270990624	20.64771570038979	30.793798504055903	0.0
153.0	29.952125319017863	18.752442136759658	20.477162721112382	30.818269823110096	0.0
154.0	29.595628453867274	18.741751300383232	20.142354028894268	31.520266216855227	0.0
155.0	30.128362733947583	18.504964172699793	20.701475720393173	30.66519737295945	0.0
156.0	30.021687127280206	18.73657854091561	20.28163119825368	30.960103133550497	0.0
157.0	29.984566858573398	18.694903862908188	19.828208510986332	31.492320767532085	0.0
158.0	29.676812082511056	18.48957915510132	20.59050563069688	31.24310313169074	0.0
159.0	29.62725291853833	18.65183281168166	20.4775838739027	31.24333039587731	0.0
160.0	30.0251834989828	18.589186331006175	20.000358483971286	31.38527168603974	0.0
161.0	29.507551523603453	18.793625234524946	20.581945352991497	31.1168778888801	0.0
162.0	30.08707752260753	19.070896712828027	20.189151629526688	30.652874135037756	0.0
163.0	29.528905600347084	18.92476228352435	20.081347843378285	31.46498427275028	0.0
164.0	29.864381393105372	18.58422805830929	20.55096079046481	31.000429758120525	0.0
165.0	29.64300718568755	19.113456022901083	20.673901459143792	30.569635332267573	0.0
166.0	29.582053396180985	18.9009930609773	19.709998467723693	31.806955075118022	0.0
167.0	29.21268733883233	19.05425116626373	20.340481293111495	31.39258020179245	0.0
168.0	29.949333661437205	19.134577067375762	20.015315594911698	30.900773676275335	0.0
169.0	29.65302764835173	19.183611806603402	19.84465189459469	31.318708650450183	0.0
170.0	29.981073068307	18.85743436568902	20.755118034556435	30.40637453144754	0.0
171.0	29.93575540702148	19.044211033753903	20.179847778323705	30.84018578090091	0.0
172.0	29.58301941196715	18.821701965380285	20.06678386397671	31.52849475867586	0.0
173.0	29.813744596017294	18.831619738816833	20.463827849084215	30.890807816081654	0.0
174.0	29.644323562908347	19.098783192471377	20.306599532458193	30.95029371216208	0.0
175.0	29.673093988298465	18.943740881676117	19.831696421856904	31.55146870816851	0.0
176.0	29.979318101190337	18.649751288844605	20.57886672252289	30.79206388744216	0.0
177.0	29.669110197496124	19.089839999545507	20.019467447889543	31.22158235506883	0.0
178.0	29.55209754725515	18.858160422360154	20.081302049085302	31.50843998129939	0.0
179.0	30.04141130332111	18.61200603525397	20.18414773019897	31.162434931225953	0.0
180.0	29.86541590887336	18.88848473245908	20.367569637216427	30.878529721451137	0.0
181.0	29.86355599969252	18.71608117457145	19.913137058959183	31.50722576677685	0.0
182.0	29.6328308737703	18.500261423028764	20.875834672603833	30.991073030597104	0.0
183.0	30.131401056012024	18.760677304263947	20.406095893329613	30.701825746394412	0.0
184.0	29.76191170722316	18.723661616308938	19.55326600819492	31.96116066827298	0.0
185.0	29.433320578198092	18.583711431985193	20.732431102746517	31.250536887070197	0.0
186.0	29.370427869122384	19.135323312869005	20.278111009181504	31.216137808827106	0.0
187.0	29.224584409042254	19.214391411120207	19.95466280460928	31.60636137522826	0.0
188.0	29.415588778103153	18.744985990412623	20.71087294153912	31.128552289945105	0.0
189.0	29.645513649967054	19.00616014797056	20.277087583650204	31.071238618412174	0.0
190.0	29.769934583184625	18.48757758402402	20.169952128688294	31.572535704103053	0.0
191.0	29.738962139592847	17.884970237797095	20.42983392871096	31.9462336938991	0.0
192.0	29.069718297103268	18.91376232462752	20.786884322087623	31.229635056181582	0.0
193.0	29.769939425809255	18.284506557990436	20.343220039034453	31.60233397716586	0.0
194.0	29.914158294137366	18.562329205481678	20.77674045328484	30.746772047096112	0.0
195.0	29.832009961013245	18.911636831254718	20.341083056071525	30.915270151660508	0.0
196.0	29.449703462475497	18.484992658337912	19.694111084679307	32.37119279450729	0.0
197.0	29.536618682357883	18.719855284763902	20.559082096640275	31.184443936237937	0.0
198.0	29.573601202429707	18.954002095142663	20.378160829113373	31.094235873314258	0.0
199.0	29.581558100056586	18.64931098758446	20.182113969976367	31.587016942382583	0.0
200.0	29.53456414932934	18.814041090876387	20.697076620282736	30.95431813951154	0.0
201.0	29.909711767328023	18.793577634423073	20.22086343641976	31.075847161829145	0.0
202.0	30.315797039257426	18.480648209412394	20.048535377343534	31.155019373986644	0.0
203.0	29.49927423348217	18.513315637240005	20.72546898543579	31.261941143842037	0.0
204.0	30.195145819845344	18.809894681512535	20.274823774756467	30.72013572388565	0.0
205.0	29.90873807677686	18.783976219062982	19.821385230989964	31.485900473170197	0.0
206.0	29.429666828662455	18.526486311355907	20.909768346023004	31.134078513958634	0.0
207.0	29.65576405177656	18.8617409434454	20.4678133958822	31.014681608895838	0.0
208.0	29.228803564408334	18.57030533350806	20.207923819508146	31.992967282575457	0.0
209.0	29.734580539714063	19.137793165262167	20.491032591980737	30.63659370304303	0.0
210.0	29.563128573101764	19.288727616665156	20.160083798697496	30.98806001153558	0.0
211.0	29.724778393136248	18.851090414711095	19.929165842195015	31.49496534995765	0.0
212.0	29.53031841379033	18.921445408069705	20.742294600965216	30.805941577174757	0.0
213.0	29.97068452313941	19.36690278159294	19.971675215137775	30.69073748012987	0.0
214.0	29.827042635316303	18.554782675705507	19.77643147094221	31.84174321803598	0.0
215.0	30.124746288398825	18.70897853998951	20.687586946110514	30.47868822550115	0.0
216.0	29.745073057631167	19.188044488826144	19.87993985514732	31.186942598395373	0.0
217.0	30.02754502641272	18.63310117251228	19.960438686897163	31.37891511417783	0.0
218.0	29.6979018570787	18.76089268221174	20.686846875356302	30.854358585353253	0.0
219.0	30.16762264628598	19.224214920783005	20.2141050554015	30.394057377529514	0.0
220.0	29.89832845080131	18.60492565253211	20.004768435787817	31.49197746087876	0.0
221.0	29.63733699904631	19.139873428258174	20.093085644024704	31.129703928670803	0.0
222.0	29.965853132525787	18.694750967494578	20.539879946802774	30.799515953176858	0.0
223.0	29.083085215047923	19.315072793437604	19.77049964140569	31.831342350108788	0.0
224.0	29.544885157141227	18.43615233249093	20.32656575705317	31.692396753314668	0.0
225.0	29.64956133901877	19.036661275302652	20.085526638239475	31.228250747439102	0.0
226.0	29.686138718936565	18.86302103514743	19.596770809938324	31.854069435977678	0.0
227.0	29.962489016774157	18.751260115146522	20.619341927422347	30.666908940656977	0.0
228.0	29.86614038959215	18.8554476698698	20.12483198587678	31.153579954661264	0.0
229.0	30.10342936706686	18.831574132803002	19.854243686967596	31.210752813162546	0.0
230.0	29.91295354210557	18.72173919689007	20.521769256831632	30.84353800417273	0.0
231.0	29.730812287530682	18.91015436441505	19.657840952273357	31.701192395780915	0.0
232.0	30.507649188973563	18.680288249830333	19.37656390038699	31.43549866080911	0.0
233.0	29.877113539981863	18.573283757195377	20.22779590866215	31.321806794160604	0.0
234.0	29.979962033326302	18.585741404766924	19.718677494199536	31.715619067707234	0.0
235.0	29.339972973260554	18.294123280237496	20.51904108277205	31.8468626637299	0.0
236.0	29.575476887492385	18.553868363220698	21.932397223332806	29.93825752595411	0.0
237.0	30.492839843305536	19.42832528730027	22.351717299783814	27.727117569610378	0.0
238.0	30.533137385297877	19.59644556831772	20.649803094118003	29.2206139522664	0.0
239.0	30.041049744096505	19.813767580390234	21.076538534997464	29.068644140515794	0.0
240.0	30.21664957897037	20.735219142701872	20.66070558179404	28.387425696533718	0.0
241.0	29.75589524488596	18.715928879243	22.43218444354172	29.09599143232932	0.0
242.0	27.37733096445234	20.46510956074591	23.139633978997846	29.017925495803905	0.0
243.0	27.634717737774046	20.9335515355242	18.76391407551565	32.66781665118611	0.0
244.0	27.358635780577984	20.44729495208632	18.44503131366483	33.74903795367087	0.0
245.0	29.47707647771977	17.918512012272064	18.881287577009676	33.72312393299849	0.0
246.0	33.99910935086838	15.41328330538211	19.8415781544613	30.74602918928821	0.0
247.0	33.36872680329191	16.692593190253348	21.873487171211877	28.065192835242858	0.0
248.0	33.51886353050769	16.921285514671634	21.546343735444808	28.01350721937587	0.0
249.0	32.04274886857267	17.43506788563951	22.045475199476545	28.476708046311273	0.0
250.0	27.570490929172642	15.855856999581054	24.791478881285787	31.782173189960517	0.0
