# Position (bp)	A	C	G	T	N
0.0	20.43573222582214	43.780799464275674	19.93061218615334	15.852856123748843	0.0
1.0	42.15727916410794	18.829274643553205	18.781883909312853	20.231562283026	0.0
2.0	44.962111266642935	22.012527202408467	17.625308267115972	15.400053263832621	0.0
3.0	26.35343710956492	34.58172044674979	16.04350937791367	23.021333065771614	0.0
4.0	41.693447613465956	19.06295533863944	20.452186097038926	18.79141095085567	0.0
5.0	42.16721265101535	15.644663250203156	21.271299481597396	20.916824617184098	0.0
6.0	26.673533378914854	34.35487339642312	14.132427828561553	24.83916539610047	0.0
7.0	37.79317992427107	22.14018072602164	16.119698268179317	23.94694108152797	0.0
8.0	41.6030795751913	22.12535014143683	16.220692723012935	20.050877560358934	0.0
9.0	25.49933060882608	18.45392774516394	32.02225234661313	24.024489299396844	0.0
10.0	26.602543188555504	18.492911393302496	36.54583984920423	18.358705568937772	0.0
11.0	26.8870325533496	33.377415433817866	19.69061871401954	20.044933298812996	0.0
12.0	26.039984413038226	35.56000593364314	16.886566029945485	21.51344362337315	0.0
13.0	37.604405518618144	21.200883211727632	17.7590685139319	23.43564275572232	0.0
14.0	40.22496621549463	22.320927707513782	14.491243284211652	22.962862792779937	0.0
15.0	47.673609405606975	14.788263162617007	18.78098314317917	18.75714428859684	0.0
16.0	24.73718264614682	37.3279327950077	17.90120822141491	20.033676337430563	0.0
17.0	23.334712301843076	24.40253386445215	16.37366530484256	35.88908852886221	0.0
18.0	23.379845054536503	22.81755225308265	33.38921420290682	20.413388489474034	0.0
19.0	23.945967900754763	18.913457783924432	20.589989117525754	36.55058519779505	0.0
20.0	19.5360976143459	37.55174873503092	15.430041121870616	27.482112528752566	0.0
21.0	40.884525546148126	19.54040035269589	14.855694172730043	24.71937992842594	0.0
22.0	26.92387218695749	40.426071340264194	15.079374720232144	17.570681752546175	0.0
23.0	27.565678280062382	20.794726283650263	16.145089870043734	35.49450556624362	0.0
24.0	39.90821803059216	16.203265507782064	21.2326517370676	22.655864724558175	0.0
25.0	42.83311024211127	19.531141869189188	14.197981077707361	23.437766810992187	0.0
26.0	29.660100288868456	15.388485690252157	34.68183389085598	20.26958013002341	0.0
27.0	36.8764935335676	21.260108506366695	20.305211802273984	21.55818615779172	0.0
28.0	47.58583952437381	19.29767318342793	14.522086944646926	18.594400347551336	0.0
29.0	44.04131693328341	17.761349416574763	15.770262781698369	22.42707086844345	0.0
30.0	25.830091743262678	21.693600924688507	16.414224081163745	36.06208325088507	0.0
31.0	21.16392797684337	38.42945018641502	20.03071744380844	20.375904392933165	0.0
32.0	28.365357746897946	19.771688861230814	13.728761031223591	38.13419236064765	0.0
33.0	21.479752499574005	16.866073275675642	35.940335909812624	25.713838314937725	0.0
34.0	24.04095523478506	35.46640110798835	20.973559688755433	19.51908396847116	0.0
35.0	20.37781667787781	20.98524108746585	16.779437085250155	41.85750514940618	0.0
36.0	22.51983348965898	21.41567250874953	34.97828171450023	21.086212287091264	0.0
37.0	21.964349780685826	32.7462093025965	26.479011061979048	18.810429854738636	0.0
38.0	20.88881529315793	17.12798603534116	24.170979490128428	37.812219181372484	0.0
39.0	23.891144344786596	14.787971755737516	35.111192451356786	26.209691448119095	0.0
40.0	43.69537712703278	18.092768006295152	18.328744212608864	19.883110654063195	0.0
41.0	29.965393286115454	18.6547113242302	31.128615793447267	20.251279596207073	0.0
42.0	19.227011192326017	20.23990447170992	36.81205390449418	23.721030431469885	0.0
43.0	24.33282783511808	34.19297185638797	19.050925886045427	22.42327442244852	0.0
44.0	27.165531945985084	18.80918758427377	17.003845872827146	37.021434596914006	0.0
45.0	24.89195882441494	16.555610920829096	14.442882749640084	44.109547505115884	0.0
46.0	28.8737831684513	34.227815247996766	15.003280352214118	21.895121231337818	0.0
47.0	20.604030482678173	23.498025751349296	17.67754689880118	38.220396867171345	0.0
48.0	42.09761897777176	19.28053667937977	18.51277146099851	20.109072881849958	0.0
49.0	46.11255003341404	15.515280114303529	21.570233402067192	16.801936450215234	0.0
50.0	27.46853709071473	15.998506600014778	32.86502492624514	23.667931383025355	0.0
51.0	37.97538302335701	17.38740401414107	23.187120196918496	21.450092765583427	0.0
52.0	42.42799619127854	20.308240082901126	15.78830593401896	21.475457791801375	0.0
53.0	27.905467226460374	20.865189657175033	32.986634370527554	18.24270874583704	0.0
54.0	20.172701636521438	41.082667967505714	19.669484470348646	19.075145925624202	0.0
55.0	23.01295785100347	36.35661817618775	18.11321629863969	22.517207674169082	0.0
56.0	20.127442022774563	25.021591716323172	21.20519010069849	33.64577616020377	0.0
57.0	21.206512965707674	36.181347309165076	14.524703491945438	28.087436233181812	0.0
58.0	24.076803503348675	20.183778471467694	33.32835782186271	22.411060203320922	0.0
59.0	22.64508259628123	16.84950590415779	36.15945538871896	24.34595611084202	0.0
60.0	30.408977460811254	32.76376372578802	19.233119838767248	17.594138974633477	0.0
61.0	38.45275540706924	25.59801171444423	16.000648414276263	19.948584464210263	0.0
62.0	43.48347514995227	18.157078183727716	18.005130813213874	20.354315853106144	0.0
63.0	43.290253767267224	15.138396973031307	18.277558714965277	23.293790544736193	0.0
64.0	39.73917165435887	18.039393527168734	19.430337440526884	22.791097377945512	0.0
65.0	41.87678147222557	14.920880626918178	19.841341485175217	23.36099641568104	0.0
66.0	25.903339159655637	36.4198673321219	16.852249035940467	20.824544472281996	0.0
67.0	26.96200297990952	20.162601557209367	34.854249474256	18.02114598862511	0.0
68.0	23.916926836733783	17.32972173520069	21.293680555859773	37.459670872205756	0.0
69.0	46.16951691996825	14.526149016103801	15.841629850275526	23.462704213652422	0.0
70.0	28.342754908847585	35.243190061590525	15.672870611701844	20.741184417860044	0.0
71.0	24.961183773496703	19.682233769818854	17.25096199204846	38.10562046463598	0.0
72.0	27.83939170854361	15.42856736408221	33.136079607085826	23.595961320288357	0.0
73.0	30.36184666179097	32.138488233627605	19.64643309302568	17.853232011555743	0.0
74.0	30.263711491362262	38.27549259861788	14.430814191294516	17.029981718725352	0.0
75.0	40.41514748897953	19.134557945041816	17.134192884640914	23.316101681337745	0.0
76.0	29.8216531505049	34.279142258074266	14.236210169210779	21.662994422210055	0.0
77.0	27.025837955937742	19.619768052280133	17.61085922432143	35.743534767460694	0.0
78.0	42.56118267143214	20.817786465652123	14.033315446251043	22.58771541666469	0.0
79.0	45.22763534820604	20.990333851149867	14.574049421862812	19.207981378781284	0.0
80.0	50.40655124832498	14.704332533252721	15.611446667596388	19.27766955082591	0.0
81.0	27.528025951779007	17.574975557775115	35.050967515881844	19.846030974564037	0.0
82.0	25.735201009080388	32.09440105845648	24.53102131140463	17.639376621058496	0.0
83.0	43.49341613086034	20.34944174797789	16.44299095665828	19.714151164503487	0.0
84.0	30.846627697364433	17.45524998629497	16.102210879481962	35.595911436858636	0.0
85.0	40.93476726701456	21.469253063123595	13.26522716651796	24.330752503343888	0.0
86.0	25.444120635884737	38.502812072932855	14.372437597093898	21.680629694088516	0.0
87.0	39.692427267292764	21.904003124183816	15.30161601220377	23.10195359631965	0.0
88.0	50.5057303177034	14.558411697468369	14.373251917474494	20.56260606735374	0.0
89.0	33.06840977127272	16.200661126517314	16.62003593968409	34.110893162525876	0.0
90.0	26.589167062707663	14.92328214973758	35.80273071312315	22.68482007443161	0.0
91.0	20.193122136270464	18.994728458805206	19.02871883081407	41.783430574110255	0.0
92.0	39.85051133834624	13.887194493612384	14.222773720290052	32.03952044775132	0.0
93.0	41.76806639493362	15.952480985322492	19.457828389824215	22.821624229919674	0.0
94.0	25.78267251109375	32.939738983389404	18.901816691208637	22.37577181430821	0.0
95.0	41.69096396851672	16.39038597779386	19.52366800508726	22.39498204860216	0.0
96.0	24.700325195574564	35.082302989516165	18.414102287485797	21.80326952742347	0.0
97.0	41.56494833846298	23.378883561029575	14.15622384115816	20.899944259349283	0.0
98.0	42.04286541513776	18.112985637520666	19.6775567883492	20.166592158992376	0.0
99.0	27.09370478640351	15.292203403693453	31.714540925676758	25.89955088422628	0.0
100.0	23.98787408336839	35.63905276517799	15.74932342198693	24.62374972946669	0.0
101.0	18.924771028122695	18.58847435920842	15.760890639232237	46.72586397343665	0.0
102.0	25.650610047532286	13.932071428722583	16.198160924127013	44.21915759961812	0.0
103.0	23.651091418094058	17.531519173438348	18.77504084206574	40.042348566401856	0.0
104.0	22.155047488806936	30.95804864671537	17.172082424151235	29.71482144032646	0.0
105.0	30.483922830559234	17.931427904536886	32.94175517381603	18.642894091087854	0.0
106.0	21.250055581578227	16.552315817877595	39.14031896821099	23.05730963233319	0.0
107.0	23.851515108977132	30.278330972380825	19.152004042813296	26.71814987582875	0.0
108.0	38.59549382874665	18.420108362485728	20.495771220069084	22.488626588698537	0.0
109.0	24.25937867988939	20.45149580128643	33.95102348815355	21.338102030670623	0.0
110.0	38.62517257565929	14.554778591991385	25.72357439534432	21.09647443700501	0.0
111.0	26.10110745169837	31.944197082907692	15.65269455920482	26.30200090618912	0.0
112.0	20.494273872531853	19.14707398400852	35.47385909052794	24.884793052931688	0.0
113.0	21.037452894297893	13.76533638104652	23.966624451720516	41.23058627293507	0.0
114.0	18.959070054447245	17.7889287139065	31.645955266595838	31.606045965050413	0.0
115.0	21.416978553846487	14.466033120789913	39.293271147191625	24.823717178171982	0.0
116.0	24.31889334158239	19.58228277056331	20.00957553636994	36.089248351484365	0.0
117.0	19.1911114255293	32.40880361923036	21.72055553746266	26.67952941777768	0.0
118.0	21.833718192859607	34.12535674478816	15.54813742983811	28.492787632514133	0.0
119.0	37.85572856109032	21.51282750638737	16.693670185265848	23.93777374725646	0.0
120.0	27.681315488738516	20.06769808462386	32.178563978786514	20.072422447851114	0.0
121.0	40.13007077431278	16.668360911228717	17.126042983246805	26.075525331211697	0.0
122.0	48.27783079668636	18.374887494858147	18.102002346862783	15.24527936159271	0.0
123.0	27.309894376494555	33.75338530286272	17.633562781858146	21.303157538784582	0.0
124.0	38.78033724776916	22.209810630800323	21.076320237879614	17.9335318835509	0.0
125.0	47.9260275328628	19.979587721631013	13.203319247174294	18.891065498331894	0.0
126.0	49.23714873419743	16.983473978063255	13.153007838202132	20.626369449537183	0.0
127.0	25.230237454862188	34.65743448984208	19.101996685291425	21.010331370004305	0.0
128.0	28.931345426479734	37.48310868838664	14.110975235065737	19.474570650067886	0.0
129.0	26.70318836978691	41.78705836574122	14.820127769100269	16.689625495371597	0.0
130.0	40.65466894181283	21.028978032742504	14.459242813631922	23.857110211812742	0.0
131.0	43.837289830313715	16.28397061651075	15.454823380993114	24.423916172182423	0.0
132.0	29.29906215148265	17.45845351126108	29.429569388086907	23.812914949169365	0.0
133.0	29.76530263444033	15.953320699940782	33.14717596878054	21.13420069683834	0.0
134.0	42.290336416987074	15.167647450305308	16.046576788966963	26.495439343740657	0.0
135.0	49.258843680973754	16.888238560033443	12.567054067980077	21.285863691012725	0.0
136.0	44.48221103988426	18.96524480880598	16.498900877572055	20.053643273737702	0.0
137.0	28.64836154056405	16.015131707326937	13.885139495953519	41.45136725615549	0.0
138.0	23.024243893074164	19.34524741542345	20.009364111794763	37.62114457970762	0.0
139.0	20.842131567439246	17.158246691729904	20.219801097293907	41.779820643536944	0.0
140.0	22.774341788091633	20.221786963748915	16.395826011844136	40.60804523631532	0.0
141.0	25.277028838499977	16.993422616415334	32.3441749491443	25.385373595940386	0.0
142.0	28.344960598018233	21.355501051095473	34.88982801596728	15.409710334919014	0.0
143.0	27.54810016318259	22.0940260112448	35.733325384261775	14.624548441310836	0.0
144.0	25.56250806630746	18.78159468374368	34.287043776234704	21.368853473714154	0.0
145.0	43.753110665358584	17.17785378131994	20.139765328481833	18.929270224839644	0.0
146.0	30.96351917795173	34.393538741765695	14.791218958370298	19.851723121912276	0.0
147.0	22.051251173366566	37.99508317269306	19.95510064497078	19.998565008969596	0.0
148.0	41.450366344903415	19.47184137121674	19.779708170929602	19.29808411295024	0.0
149.0	30.634301618868353	18.540760350346424	30.757593284595675	20.067344746189544	0.0
150.0	14.849018911971012	26.625835334852777	37.95640926908766	20.56873648408855	0.0
