# Position (bp)	A	C	G	T	N
0.0	27.294226952151696	23.451159255036107	24.063516195785294	25.1910975970269	0.0
1.0	26.637990871421664	20.22590076351934	15.981322171507898	37.154786193551104	0.0
2.0	28.029683667693856	20.59199631050458	17.53348845984529	33.844831561956276	0.0
3.0	24.89610525216665	21.147540983606557	15.387908530855174	38.56844523337162	0.0
4.0	32.21158836596151	16.289522306877867	14.936992671635284	36.56189665552534	0.0
5.0	35.34294270644436	14.644104328362847	22.16304156347471	27.841621503994695	0.008289897723386837
6.0	31.549834574028125	17.37799834574028	21.387510339123242	29.680521091811414	0.0041356492969396195
7.0	34.79820997710916	18.020869852137512	19.739745519787178	27.44117465096616	0.0
8.0	25.980831197175124	25.865530127551807	20.54315039583269	27.608429331768537	0.00205894767184492
9.0	28.072232163057116	19.55533617161309	17.12634458361613	35.24505871948335	0.001028362230312005
10.0	26.85146196428021	17.626760057102363	24.381476650679375	31.14030132793805	0.0
11.0	27.404078030559575	19.680037763342877	20.48148262167903	32.432349228827384	0.0020523555911297195
12.0	27.014747810391153	20.657190326749124	20.304391524624126	32.01751687075667	0.006153467478924374
13.0	26.453226203164714	21.94392063622202	19.080511601213413	32.522341559399855	0.0
14.0	30.63663195867836	19.43715667787161	19.862466180208248	30.061695498893172	0.0020496843486103138
15.0	29.516479462162827	18.6008854636386	19.40743625481676	32.47417397720751	0.0010248421743051569
16.0	30.00225465278347	17.893744363368043	19.593957530540294	32.505944084610974	0.0040993686972206275
17.0	29.196728703779616	18.821226531114206	20.881159301467576	31.098835779289992	0.0020496843486103138
18.0	32.06423710748545	18.945232434205135	18.208370910879722	30.780109863081083	0.0020496843486103138
19.0	30.263589407231283	18.988275805525948	20.155571042059524	30.59256374518324	0.0
20.0	29.984832335820283	17.467410018857095	20.710010658358613	31.837746986964007	0.0
21.0	28.647413298352053	17.84147741247848	19.43715667787161	34.07292776912356	0.0010248421743051569
22.0	28.09604820857588	19.253709928670983	20.795072558825943	31.85209477740428	0.003074526522915471
23.0	29.68762810527179	17.795359514634747	20.320570632122653	32.19644174797081	0.0
24.0	29.794211691399525	17.803558252029188	19.413585307862586	32.9886447487087	0.0
25.0	29.08092153808314	18.031073214724934	19.301877510863328	33.586127736328606	0.0
26.0	30.37324751988194	17.145609576125274	21.62007050914159	30.861072394851192	0.0
27.0	29.070673116340085	18.45023366401574	20.26010494383865	32.21898827580553	0.0
28.0	29.11781585635812	17.556571288021644	21.547306714765927	31.77113224563417	0.0071738952201361
29.0	29.500384319754037	18.33666410453497	18.781450166538562	33.380476556495005	0.0010248526774276198
30.0	29.73056070839269	17.523290254476137	19.40803295993769	33.33811607719348	0.0
31.0	29.63319770838244	18.610681233537964	19.54844065468931	32.20358090865301	0.0040994947372736314
32.0	28.586655734344575	18.85825561135595	19.316388234088347	33.23870042021113	0.0
33.0	29.74673813891992	17.36447774349934	20.30297129152275	32.58273801592752	0.003074810130474443
34.0	28.811856832438192	18.33668156287155	19.453896929195196	33.39653970726907	0.0010249682259849946
35.0	30.174128843037924	17.270340669032137	19.927395040712103	32.628135447217836	0.0
36.0	31.675674566954164	17.674628488211102	18.097162255017587	32.55253468981714	0.0
37.0	27.960199004975124	19.82766579473765	19.739447094424783	32.47268810586244	0.0
38.0	30.342174113784438	18.150105165957008	19.172010465295234	32.33365823628995	0.0020520186733699276
39.0	30.344862978548704	18.319819357487425	18.975674843477368	32.3596428204865	0.0
40.0	28.980937512838423	19.616079865247933	19.58629472905797	31.81155252454706	0.005135368308615094
41.0	28.87577371527278	17.71268173312221	21.425486849410845	31.984001316087106	0.0020563861070554607
42.0	28.418561580409506	19.261240868402098	20.18520423911925	32.1339643996296	0.0010289124395513943
43.0	29.716427438785807	18.81010729216005	20.452439300644578	31.021025968409567	0.0
44.0	28.929016574130344	19.16583401147519	20.52864162177196	31.376507792622505	0.0
45.0	29.656501530438728	18.78884067978275	19.682369551998846	31.872288237779678	0.0
46.0	29.742045899746376	17.63098748376188	19.646576076870733	32.979359548013285	0.0010309916077283132
47.0	30.405858387911916	19.444071992161312	18.93765148780362	31.206229694188025	0.006188437935124543
48.0	29.578729068003838	19.173347365380053	18.342774011824062	32.90514955479205	0.0
49.0	27.298903956901356	19.865007121183975	20.564740850826677	32.27134807108799	0.0
50.0	28.845279900846933	18.969221235281967	18.888659367899194	33.29683949597191	0.0
51.0	30.517849204462046	17.93191146215638	19.22524217643471	32.32396331944545	0.0010338375014215266
52.0	28.7193076891226	18.328433605233737	20.14616371992878	32.80609498571488	0.0
53.0	30.802636761261166	18.801434464459692	19.55494289090193	30.822329553699134	0.01865632967807467
54.0	30.17405916766939	19.266835401020703	18.865399775942908	31.690593751296625	0.003111904070370524
55.0	29.46000373699836	18.721323727863474	18.2853405858783	33.53125583905994	0.0020761101999294124
56.0	30.42719414893617	18.267952127659576	21.175822805851062	30.127992021276594	0.0010388962765957447
57.0	27.450491189770776	19.49685534591195	19.69541036436405	33.35620354488279	0.0010395550704298561
58.0	30.12068248023304	17.8953391593841	22.207657095297545	29.776321265085308	0.0
59.0	27.438230114317275	21.993309782098976	21.678598597346838	28.879440606079555	0.010420900157355592
60.0	29.818481675939168	19.26557623456468	20.30625345761615	30.609688631880005	0.0
61.0	29.080714674254153	20.69542658688648	19.399347253023137	30.824511485836226	0.0
62.0	30.640207147424807	16.50994328605424	21.73370653415941	31.11509471543437	0.0010483169271734232
63.0	25.87988885614449	21.219424914747613	24.896855134088327	28.002778596387824	0.0010524986317517787
64.0	25.83081570996979	22.181142120719162	17.955760251832757	34.02805653560941	0.004225381868886401
65.0	27.560784147324647	19.69066915602325	19.133746340221496	33.61055713497688	0.00424322145372767
66.0	26.88575866544673	19.17462816775539	18.352235249058452	35.57993063387025	0.00744728386918314
67.0	32.86303242619729	14.537317896355791	18.24454223095655	34.355107446490365	0.0
68.0	34.27777657665449	16.137331632542754	22.619073357403842	26.965818433398915	0.0
69.0	32.232045054714035	17.270604897155312	20.529105212494052	29.968244835636597	0.0
70.0	31.562781651724304	16.699871922584318	23.76547602106162	27.97187040462976	0.0
71.0	25.230047513081132	20.296806399230167	24.252721477115536	30.220424610573165	0.0
