# Position (bp)	A	C	G	T	N
0.0	30.831099195710454	18.230563002680967	27.34584450402145	23.59249329758713	0.0
1.0	21.179624664879356	30.831099195710454	28.9544235924933	19.034852546916888	0.0
2.0	30.423280423280424	23.809523809523807	20.37037037037037	25.396825396825395	0.0
3.0	30.158730158730158	20.8994708994709	20.105820105820104	28.835978835978835	0.0
4.0	34.39153439153439	17.195767195767196	16.402116402116402	32.01058201058201	0.0
5.0	28.57142857142857	18.51851851851852	19.31216931216931	33.5978835978836	0.0
6.0	29.365079365079367	20.105820105820104	19.576719576719576	30.952380952380953	0.0
7.0	35.978835978835974	19.576719576719576	20.37037037037037	24.074074074074073	0.0
8.0	31.48148148148148	19.576719576719576	21.957671957671955	26.984126984126984	0.0
9.0	30.158730158730158	18.51851851851852	21.957671957671955	29.365079365079367	0.0
10.0	26.71957671957672	16.137566137566136	19.047619047619047	38.095238095238095	0.0
11.0	28.57142857142857	19.31216931216931	21.428571428571427	30.687830687830687	0.0
12.0	26.71957671957672	19.31216931216931	21.164021164021165	32.804232804232804	0.0
13.0	29.100529100529098	19.31216931216931	19.047619047619047	32.53968253968254	0.0
14.0	22.427440633245382	18.46965699208443	27.440633245382585	31.6622691292876	0.0
15.0	24.80211081794195	22.163588390501317	20.316622691292878	32.71767810026385	0.0
16.0	25.72178477690289	17.060367454068242	20.209973753280842	37.00787401574803	0.0
17.0	32.54593175853018	16.79790026246719	20.73490813648294	29.92125984251969	0.0
18.0	27.034120734908136	23.097112860892388	20.47244094488189	29.396325459317584	0.0
19.0	28.346456692913385	25.72178477690289	21.522309711286088	24.409448818897637	0.0
20.0	26.509186351706038	24.93438320209974	22.57217847769029	25.984251968503933	0.0
21.0	28.608923884514436	23.097112860892388	19.94750656167979	28.346456692913385	0.0
22.0	27.296587926509186	19.68503937007874	22.83464566929134	30.183727034120732	0.0
23.0	26.509186351706038	21.784776902887142	18.37270341207349	33.33333333333333	0.0
24.0	33.246073298429316	15.44502617801047	20.157068062827225	31.151832460732987	0.0
25.0	28.534031413612563	18.848167539267017	19.10994764397906	33.50785340314136	0.0
26.0	33.50785340314136	14.921465968586386	19.10994764397906	32.460732984293195	0.0
27.0	27.486910994764397	25.13089005235602	12.041884816753926	35.340314136125656	0.0
28.0	26.701570680628272	21.98952879581152	16.230366492146597	35.07853403141361	0.0
29.0	32.98429319371728	12.827225130890053	18.06282722513089	36.12565445026178	0.0
30.0	28.534031413612563	21.98952879581152	19.3717277486911	30.104712041884817	0.0
31.0	35.07853403141361	13.350785340314136	18.848167539267017	32.72251308900523	0.0
32.0	30.36649214659686	19.10994764397906	19.3717277486911	31.151832460732987	0.0
33.0	34.031413612565444	21.465968586387437	17.015706806282722	27.486910994764397	0.0
34.0	32.114882506527415	19.06005221932115	20.626631853785902	28.198433420365536	0.0
35.0	27.93733681462141	20.887728459530024	16.710182767624023	34.46475195822455	0.0
36.0	25.587467362924283	19.5822454308094	19.843342036553523	34.9869451697128	0.0
37.0	28.198433420365536	22.45430809399478	19.06005221932115	30.287206266318538	0.0
38.0	27.676240208877285	23.237597911227155	15.66579634464752	33.420365535248045	0.0
39.0	28.98172323759791	17.75456919060052	13.577023498694519	39.686684073107045	0.0
40.0	27.415143603133156	16.710182767624023	21.409921671018274	34.46475195822455	0.0
41.0	24.54308093994778	18.01566579634465	25.848563968668408	31.59268929503917	0.0
42.0	27.93733681462141	18.5378590078329	22.97650130548303	30.548302872062667	0.0
43.0	32.89817232375979	19.843342036553523	18.79895561357702	28.459530026109658	0.0
44.0	34.20365535248042	21.671018276762403	15.66579634464752	28.459530026109658	0.0
45.0	37.03703703703704	14.550264550264549	17.989417989417987	30.423280423280424	0.0
46.0	32.804232804232804	16.666666666666664	17.724867724867725	32.804232804232804	0.0
47.0	31.746031746031743	14.02116402116402	21.164021164021165	33.06878306878307	0.0
48.0	25.396825396825395	17.989417989417987	19.31216931216931	37.301587301587304	0.0
49.0	28.04232804232804	19.841269841269842	20.8994708994709	31.216931216931215	0.0
50.0	26.984126984126984	23.28042328042328	17.46031746031746	32.27513227513227	0.0
51.0	27.77777777777778	19.841269841269842	17.195767195767196	35.18518518518518	0.0
52.0	27.513227513227513	15.873015873015872	23.015873015873016	33.5978835978836	0.0
53.0	30.687830687830687	18.253968253968253	20.8994708994709	30.158730158730158	0.0
54.0	30.158730158730158	21.164021164021165	15.873015873015872	32.804232804232804	0.0
55.0	33.33333333333333	17.724867724867725	20.634920634920633	28.306878306878307	0.0
56.0	26.455026455026452	23.015873015873016	16.666666666666664	33.86243386243386	0.0
57.0	29.629629629629626	20.634920634920633	21.164021164021165	28.57142857142857	0.0
58.0	27.77777777777778	19.31216931216931	16.137566137566136	36.77248677248677	0.0
59.0	26.71957671957672	21.428571428571427	23.544973544973544	28.306878306878307	0.0
60.0	26.455026455026452	21.428571428571427	20.8994708994709	31.216931216931215	0.0
61.0	29.629629629629626	16.93121693121693	20.634920634920633	32.804232804232804	0.0
62.0	24.6031746031746	21.693121693121693	22.22222222222222	31.48148148148148	0.0
63.0	34.65608465608466	17.195767195767196	18.78306878306878	29.365079365079367	0.0
64.0	27.513227513227513	19.576719576719576	23.544973544973544	29.365079365079367	0.0
65.0	31.746031746031743	19.31216931216931	22.22222222222222	26.71957671957672	0.0
66.0	28.306878306878307	15.343915343915343	25.66137566137566	30.687830687830687	0.0
67.0	28.835978835978835	15.608465608465607	18.51851851851852	37.03703703703704	0.0
68.0	26.190476190476193	19.576719576719576	19.841269841269842	34.39153439153439	0.0
69.0	23.809523809523807	23.015873015873016	22.75132275132275	30.423280423280424	0.0
70.0	27.77777777777778	23.544973544973544	18.253968253968253	30.423280423280424	0.0
71.0	28.835978835978835	23.015873015873016	16.402116402116402	31.746031746031743	0.0
72.0	25.396825396825395	20.37037037037037	20.634920634920633	33.5978835978836	0.0
73.0	26.190476190476193	17.989417989417987	25.396825396825395	30.423280423280424	0.0
74.0	28.835978835978835	19.576719576719576	23.544973544973544	28.04232804232804	0.0
75.0	28.835978835978835	21.164021164021165	22.75132275132275	27.24867724867725	0.0
76.0	31.216931216931215	20.105820105820104	18.253968253968253	30.423280423280424	0.0
77.0	29.629629629629626	25.132275132275133	17.724867724867725	27.513227513227513	0.0
78.0	28.306878306878307	23.809523809523807	18.253968253968253	29.629629629629626	0.0
79.0	27.24867724867725	23.28042328042328	19.31216931216931	30.158730158730158	0.0
80.0	32.01058201058201	15.343915343915343	20.37037037037037	32.27513227513227	0.0
81.0	26.984126984126984	18.51851851851852	17.724867724867725	36.77248677248677	0.0
82.0	32.53968253968254	18.253968253968253	21.428571428571427	27.77777777777778	0.0
83.0	28.835978835978835	20.8994708994709	22.486772486772484	27.77777777777778	0.0
84.0	27.24867724867725	22.22222222222222	19.31216931216931	31.216931216931215	0.0
85.0	35.44973544973545	15.608465608465607	19.047619047619047	29.894179894179896	0.0
86.0	32.27513227513227	15.873015873015872	22.75132275132275	29.100529100529098	0.0
87.0	34.65608465608466	19.576719576719576	21.428571428571427	24.33862433862434	0.0
88.0	33.86243386243386	20.105820105820104	16.93121693121693	29.100529100529098	0.0
89.0	30.158730158730158	16.402116402116402	19.047619047619047	34.39153439153439	0.0
90.0	29.629629629629626	16.93121693121693	20.37037037037037	33.06878306878307	0.0
91.0	28.04232804232804	21.164021164021165	17.195767195767196	33.5978835978836	0.0
92.0	29.365079365079367	19.576719576719576	19.31216931216931	31.746031746031743	0.0
93.0	31.746031746031743	17.195767195767196	16.666666666666664	34.39153439153439	0.0
94.0	35.18518518518518	17.195767195767196	16.137566137566136	31.48148148148148	0.0
95.0	31.48148148148148	14.550264550264549	22.75132275132275	31.216931216931215	0.0
96.0	28.835978835978835	20.634920634920633	17.46031746031746	33.06878306878307	0.0
97.0	32.27513227513227	18.253968253968253	18.78306878306878	30.687830687830687	0.0
98.0	31.746031746031743	20.634920634920633	19.841269841269842	27.77777777777778	0.0
99.0	30.952380952380953	17.724867724867725	17.195767195767196	34.12698412698413	0.0
100.0	31.03448275862069	14.854111405835543	21.220159151193634	32.891246684350136	0.0
101.0	32.266666666666666	17.866666666666667	20.533333333333335	29.333333333333332	0.0
102.0	31.733333333333334	14.399999999999999	20.533333333333335	33.33333333333333	0.0
103.0	24.86631016042781	17.379679144385026	21.12299465240642	36.63101604278075	0.0
104.0	22.192513368983956	16.31016042780749	22.727272727272727	38.770053475935825	0.0
105.0	31.016042780748666	20.32085561497326	16.577540106951872	32.0855614973262	0.0
106.0	32.975871313672926	15.549597855227882	19.302949061662197	32.171581769437	0.0
107.0	31.099195710455763	17.694369973190348	20.37533512064343	30.831099195710454	0.0
108.0	33.60215053763441	15.86021505376344	17.20430107526882	33.33333333333333	0.0
109.0	26.0752688172043	22.849462365591396	21.236559139784948	29.838709677419356	0.0
110.0	24.462365591397848	17.20430107526882	21.236559139784948	37.096774193548384	0.0
111.0	29.380053908355798	17.25067385444744	20.485175202156334	32.88409703504043	0.0
112.0	25.745257452574528	20.05420054200542	22.22222222222222	31.978319783197833	0.0
113.0	31.16531165311653	19.78319783197832	17.344173441734416	31.70731707317073	0.0
114.0	28.804347826086957	19.021739130434785	18.478260869565215	33.69565217391305	0.0
115.0	27.247956403269757	20.435967302452315	17.71117166212534	34.60490463215259	0.0
116.0	29.70027247956403	16.348773841961854	18.256130790190735	35.694822888283376	0.0
117.0	31.062670299727518	17.43869209809264	17.166212534059948	34.332425068119896	0.0
118.0	27.520435967302454	14.713896457765669	20.708446866485016	37.05722070844686	0.0
119.0	21.25340599455041	22.070844686648503	31.062670299727518	25.61307901907357	0.0
120.0	28.610354223433244	23.160762942779293	24.250681198910083	23.978201634877383	0.0
121.0	29.155313351498634	16.62125340599455	21.25340599455041	32.9700272479564	0.0
122.0	31.88010899182561	17.43869209809264	19.891008174386922	30.79019073569482	0.0
123.0	33.60655737704918	16.120218579234972	19.398907103825135	30.87431693989071	0.0
124.0	28.688524590163933	15.846994535519126	22.6775956284153	32.78688524590164	0.0
125.0	26.775956284153008	22.131147540983605	18.579234972677597	32.51366120218579	0.0
126.0	32.32876712328767	19.17808219178082	17.26027397260274	31.232876712328768	0.0
127.0	29.041095890410958	21.095890410958905	20.82191780821918	29.041095890410958	0.0
128.0	31.59340659340659	18.13186813186813	20.054945054945055	30.21978021978022	0.0
129.0	30.21978021978022	18.40659340659341	17.582417582417584	33.791208791208796	0.0
130.0	31.129476584022036	21.763085399449036	13.774104683195592	33.33333333333333	0.0
131.0	31.40495867768595	21.763085399449036	17.079889807162534	29.75206611570248	0.0
132.0	29.476584022038566	17.63085399449036	22.58953168044077	30.303030303030305	0.0
133.0	26.170798898071624	23.69146005509642	17.355371900826448	32.78236914600551	0.0
134.0	27.348066298342545	18.784530386740332	21.2707182320442	32.59668508287293	0.0
135.0	25.69060773480663	17.67955801104972	22.92817679558011	33.70165745856354	0.0
136.0	23.822714681440445	19.390581717451525	19.667590027700832	37.119113573407205	0.0
137.0	32.40997229916898	14.681440443213297	18.559556786703602	34.34903047091413	0.0
138.0	26.038781163434905	18.282548476454295	21.60664819944598	34.07202216066482	0.0
139.0	26.666666666666668	20.27777777777778	19.72222222222222	33.33333333333333	0.0
140.0	27.500000000000004	17.22222222222222	23.61111111111111	31.666666666666664	0.0
141.0	34.26183844011142	14.763231197771587	20.055710306406684	30.919220055710305	0.0
142.0	34.63687150837989	14.52513966480447	19.832402234636874	31.00558659217877	0.0
143.0	35.57422969187675	17.366946778711483	20.72829131652661	26.330532212885156	0.0
144.0	33.80281690140845	14.929577464788732	17.183098591549296	34.08450704225352	0.0
145.0	27.042253521126757	19.154929577464788	23.661971830985916	30.140845070422532	0.0
146.0	30.681818181818183	20.738636363636363	18.75	29.829545454545453	0.0
147.0	28.97727272727273	18.46590909090909	16.477272727272727	36.07954545454545	0.0
148.0	25.925925925925924	17.663817663817664	20.7977207977208	35.61253561253561	0.0
149.0	27.92022792022792	21.082621082621085	16.80911680911681	34.18803418803419	0.0
150.0	28.285714285714285	19.714285714285715	18.0	34.0	0.0
151.0	30.945558739255013	19.484240687679083	22.349570200573066	27.22063037249284	0.0
152.0	28.160919540229884	17.81609195402299	15.804597701149426	38.2183908045977	0.0
153.0	33.429394812680115	13.8328530259366	21.037463976945244	31.70028818443804	0.0
154.0	32.27665706051873	17.579250720461097	17.579250720461097	32.564841498559076	0.0
155.0	30.835734870317005	21.613832853025936	15.561959654178676	31.988472622478387	0.0
156.0	31.502890173410403	13.872832369942195	18.497109826589593	36.127167630057805	0.0
157.0	31.79190751445087	19.07514450867052	22.54335260115607	26.589595375722542	0.0
158.0	25.872093023255815	24.12790697674419	13.662790697674417	36.337209302325576	0.0
159.0	32.848837209302324	11.918604651162791	21.22093023255814	34.01162790697674	0.0
160.0	25.0	17.732558139534884	25.581395348837212	31.686046511627907	0.0
161.0	29.651162790697676	19.186046511627907	22.093023255813954	29.069767441860467	0.0
162.0	30.523255813953487	21.511627906976745	19.476744186046513	28.488372093023255	0.0
163.0	29.941860465116278	15.406976744186046	17.441860465116278	37.2093023255814	0.0
164.0	29.737609329446062	14.868804664723031	23.61516034985423	31.778425655976676	0.0
165.0	30.029154518950435	18.075801749271136	23.61516034985423	28.279883381924197	0.0
166.0	24.853801169590643	21.052631578947366	21.052631578947366	33.04093567251462	0.0
167.0	28.947368421052634	16.666666666666664	24.853801169590643	29.53216374269006	0.0
168.0	28.152492668621704	20.821114369501466	19.06158357771261	31.964809384164223	0.0
169.0	22.87390029325513	16.715542521994134	23.46041055718475	36.950146627565985	0.0
170.0	29.03225806451613	13.48973607038123	20.527859237536656	36.950146627565985	0.0
171.0	31.964809384164223	19.06158357771261	14.95601173020528	34.01759530791789	0.0
172.0	28.52941176470588	20.88235294117647	14.705882352941178	35.88235294117647	0.0
173.0	27.43362831858407	20.64896755162242	19.469026548672566	32.448377581120944	0.0
174.0	31.563421828908556	18.58407079646018	16.224188790560472	33.6283185840708	0.0
175.0	29.585798816568047	19.230769230769234	22.781065088757398	28.402366863905325	0.0
176.0	31.06508875739645	16.86390532544379	20.118343195266274	31.952662721893493	0.0
177.0	27.299703264094955	21.364985163204746	17.210682492581604	34.124629080118694	0.0
178.0	23.511904761904763	22.321428571428573	22.916666666666664	31.25	0.0
179.0	27.083333333333332	21.428571428571427	21.13095238095238	30.357142857142854	0.0
180.0	32.035928143712574	12.874251497005988	18.263473053892216	36.82634730538922	0.0
181.0	30.72289156626506	22.289156626506024	18.97590361445783	28.012048192771083	0.0
182.0	34.954407294832826	17.933130699088146	23.70820668693009	23.404255319148938	0.0
183.0	34.34650455927052	22.188449848024316	19.756838905775076	23.70820668693009	0.0
184.0	30.368098159509206	23.006134969325153	16.257668711656443	30.368098159509206	0.0
185.0	28.703703703703702	22.839506172839506	26.543209876543212	21.91358024691358	0.0
186.0	28.88198757763975	14.596273291925465	24.22360248447205	32.298136645962735	0.0
187.0	29.503105590062113	24.53416149068323	17.391304347826086	28.57142857142857	0.0
188.0	30.745341614906835	20.18633540372671	18.944099378881987	30.124223602484474	0.0
189.0	31.661442006269592	21.630094043887148	18.495297805642632	28.213166144200624	0.0
190.0	31.545741324921135	15.141955835962145	18.29652996845426	35.01577287066246	0.0
191.0	26.813880126182966	20.50473186119874	20.82018927444795	31.861198738170348	0.0
192.0	31.746031746031743	18.412698412698415	18.73015873015873	31.11111111111111	0.0
193.0	29.841269841269842	16.19047619047619	22.53968253968254	31.428571428571427	0.0
194.0	30.476190476190478	20.634920634920633	22.22222222222222	26.666666666666668	0.0
195.0	27.388535031847134	21.337579617834397	17.8343949044586	33.43949044585987	0.0
196.0	30.573248407643312	20.382165605095544	20.70063694267516	28.343949044585987	0.0
197.0	31.511254019292608	20.257234726688104	18.971061093247588	29.260450160771708	0.0
198.0	25.407166123778502	25.732899022801302	22.149837133550488	26.710097719869708	0.0
199.0	26.46048109965636	24.398625429553263	20.274914089347078	28.865979381443296	0.0
200.0	26.639344262295083	15.163934426229508	18.442622950819672	39.75409836065574	0.0
201.0	29.629629629629626	22.22222222222222	16.049382716049383	32.098765432098766	0.0
202.0	38.88888888888889	14.814814814814813	17.901234567901234	28.39506172839506	0.0
203.0	32.098765432098766	20.98765432098765	19.753086419753085	27.160493827160494	0.0
204.0	35.80246913580247	16.049382716049383	29.629629629629626	18.51851851851852	0.0
205.0	37.88819875776397	10.559006211180124	27.32919254658385	24.22360248447205	0.0
206.0	30.0	19.375	23.125	27.500000000000004	0.0
207.0	25.157232704402517	23.270440251572328	16.352201257861633	35.22012578616352	0.0
208.0	27.67295597484277	17.61006289308176	21.38364779874214	33.33333333333333	0.0
209.0	21.38364779874214	25.157232704402517	20.754716981132077	32.70440251572327	0.0
210.0	27.67295597484277	15.723270440251572	15.09433962264151	41.509433962264154	0.0
211.0	34.59119496855346	18.867924528301888	17.61006289308176	28.930817610062892	0.0
212.0	28.30188679245283	15.723270440251572	27.67295597484277	28.30188679245283	0.0
213.0	27.21518987341772	22.78481012658228	20.253164556962027	29.746835443037973	0.0
214.0	31.0126582278481	25.949367088607595	20.88607594936709	22.151898734177212	0.0
215.0	29.29936305732484	24.203821656050955	14.64968152866242	31.84713375796178	0.0
216.0	37.57961783439491	21.019108280254777	15.286624203821656	26.11464968152866	0.0
217.0	24.516129032258064	17.419354838709676	24.516129032258064	33.5483870967742	0.0
218.0	26.623376623376622	16.233766233766232	19.480519480519483	37.66233766233766	0.0
219.0	20.588235294117645	22.794117647058822	26.47058823529412	30.14705882352941	0.0
220.0	0.0	29.292929292929294	25.252525252525253	45.45454545454545	0.0
