# Position (bp)	A	C	G	T	N
0.0	22.825448736656476	33.92291518861034	21.146045305461104	22.105590769272073	0.0
1.0	41.38128544654997	15.58680500263361	17.79639134216103	25.23551820865539	0.0
2.0	42.2632898079108	16.49496920735164	18.28125640759673	22.96048457714083	0.0
3.0	27.783409086586918	29.724483197991745	17.255481809710364	25.23662590571097	0.0
4.0	40.54903206072649	18.081539923554864	16.64799512469617	24.72143289102248	0.0
5.0	43.63896160488123	18.527016339103064	16.44228479354672	21.391737262468983	0.0
6.0	29.780638477215255	30.00761119732086	14.164688134029776	26.047062191434105	0.0
7.0	40.995962001002994	19.899906787803644	14.880174331029794	24.223956880163566	0.0
8.0	43.749896356360225	16.858708060180987	16.809900309384666	22.581495274074122	0.0
9.0	33.36143011578172	16.002453059497885	27.142521413911265	23.493595410809128	0.0
10.0	30.91552665590383	19.477525502104122	29.70171146957412	19.905236372417924	0.0
11.0	29.292010164834426	30.03770248999114	15.901458669829696	24.768828675344736	0.0
12.0	30.952593673974633	27.527001709132914	16.243731466897053	25.2766731499954	0.0
13.0	43.11872484411332	17.610694832774897	17.212175125385894	22.058405197725882	0.0
14.0	41.40948118834513	17.465248262413123	15.217189430900117	25.90808111834163	0.0
15.0	43.663245471323776	15.260718294803041	18.82965214499798	22.2463840888752	0.0
16.0	29.800572699196376	29.706506164526296	15.897244359243128	24.5956767770342	0.0
17.0	30.394083131678695	17.377410040616457	16.551116774096837	35.67739005360801	0.0
18.0	30.309681914428104	17.398158064589513	29.341833933201627	22.950326087780752	0.0
19.0	31.76144677067126	16.116519748251985	17.02590214685063	35.09613133422613	0.0
20.0	29.930451120276896	29.63221888970579	16.30370375984837	24.13362623016894	0.0
21.0	42.754535060211154	18.140642029460338	15.013896596838217	24.090926313490286	0.0
22.0	30.541017894285066	31.28502724632307	15.829830701549923	22.344124157841936	0.0
23.0	31.303943314794136	18.15106489728881	15.777804116646333	34.76718767127072	0.0
24.0	43.18368216102845	16.23511109903333	15.267413281632496	25.31379345830573	0.0
25.0	41.06743925033849	20.772019525404403	15.495528397349107	22.665012826908	0.0
26.0	31.45462050870772	16.256043347786456	27.938401826463682	24.350934317042142	0.0
27.0	40.251092077335684	17.769192443817737	19.37265717075499	22.60705830809159	0.0
28.0	43.34478267179127	16.365075422294513	15.575240226885647	24.71490167902857	0.0
29.0	42.05565337838921	19.516159758435958	16.72863926163444	21.6995476015404	0.0
30.0	32.76663062642802	16.437064084114265	17.342269057222076	33.45403623223564	0.0
31.0	29.50077521864371	31.015511940325744	18.0652875208717	21.418425320158846	0.0
32.0	30.615077589725985	20.381130955004238	15.077634242312143	33.926157212957634	0.0
33.0	32.597312104434785	15.848744097827467	28.683278457877243	22.87066533986051	0.0
34.0	31.157654003133008	30.84751483458205	16.141218630970457	21.853612531314482	0.0
35.0	31.852740394518943	17.405321481033713	15.778598755220688	34.96333936922666	0.0
36.0	30.20550396469721	17.11288552741137	28.57069448252937	24.110916025362055	0.0
37.0	28.67742893856013	31.664846995887576	16.77696600327633	22.880758062275973	0.0
38.0	29.482338106683777	17.073753339746638	17.36398186269625	36.07992669087333	0.0
39.0	27.00509107503761	18.312595495961414	29.011631826502725	25.670681602498252	0.0
40.0	39.38864574615326	18.553894058092308	18.58497452690609	23.472485668848346	0.0
41.0	25.506970420197973	18.06830973112436	30.273266001601417	26.15145384707625	0.0
42.0	25.912640707151834	17.736052323345252	30.378018924682017	25.9732880448209	0.0
43.0	27.33693386200627	30.806798970806014	18.77546107201397	23.08080609517375	0.0
44.0	27.62605675887697	17.017492121148415	17.438881718923064	37.91756940105155	0.0
45.0	28.673169908450912	17.290773340773413	17.575775903991744	36.460280846783924	0.0
46.0	28.120659268259544	29.61751219192718	18.94003302010825	23.321795519705027	0.0
47.0	24.602111510306184	18.792098390004046	17.652079016099957	38.953711083589816	0.0
48.0	36.935238946397135	23.128343757573614	16.9383458173504	22.998071478678852	0.0
49.0	40.02709459709102	17.89273002697144	16.13921696614407	25.940958409793463	0.0
50.0	25.92239835917125	19.37942584818779	28.4233883271664	26.27478746547456	0.0
51.0	39.240322783388116	19.309646187361245	17.186493219589106	24.26353780966153	0.0
52.0	38.22435009780642	19.69409469808198	17.005399351799543	25.076155852312056	0.0
53.0	27.64922909821057	16.54380899472613	31.49479463794147	24.312167269121826	0.0
54.0	26.078995696899547	29.468648482929904	20.230913417704325	24.22144240246622	0.0
55.0	27.03954255253642	31.826480749369594	18.268812461858936	22.86516423623505	0.0
56.0	28.699161124683087	18.79379806370153	18.109589756045665	34.39745105556972	0.0
57.0	26.20961494737393	31.29742231844458	16.97892542610921	25.514037308072286	0.0
58.0	28.471568305228622	18.875405036465885	29.67064763490966	22.982379023395833	0.0
59.0	25.927967259774253	17.738212574028992	30.337298890960724	25.996521275236034	0.0
60.0	27.804794834323037	30.789759154766312	18.073035650197088	23.33241036071356	0.0
61.0	38.38965108937903	17.8995889949011	16.268499666581306	27.442260249138563	0.0
62.0	38.17176432563628	18.548038740378683	18.740744580402342	24.539452353582693	0.0
63.0	39.23431450994733	16.781425604986474	18.314589401703483	25.66967048336271	0.0
64.0	37.36629228165241	17.39369228287745	19.64296287524424	25.597052560225897	0.0
65.0	39.75807126870291	18.825503200562597	17.508395023550243	23.90803050718425	0.0
66.0	26.14129760415932	29.009118847763997	17.25923816869276	27.59034537938392	0.0
67.0	27.328497619058684	18.27493147339557	30.66687525395761	23.72969565358814	0.0
68.0	26.176497533419564	16.975280366164654	18.074902679931494	38.773319420484285	0.0
69.0	40.76540827115508	19.184002165457326	16.43875608581143	23.611833477576162	0.0
70.0	26.305985267991648	31.485044621985807	17.18694482249904	25.02202528752351	0.0
71.0	27.030462070613048	19.165773642077827	17.596687368876317	36.207076918432804	0.0
72.0	28.210698905160882	17.439148660107577	29.21229365510638	25.137858779625166	0.0
73.0	28.395467467685044	27.749978185868933	20.828550334735883	23.02600401171014	0.0
74.0	26.918371655970695	33.62846138894084	16.360667126674535	23.09249982841392	0.0
75.0	39.80319848396165	16.879155260070394	19.405133427648277	23.91251282831968	0.0
76.0	26.792764083645753	31.161583510300012	17.22304429681586	24.82260810923837	0.0
77.0	29.125661948060365	17.31609215697953	15.918905399999261	37.63934049496084	0.0
78.0	40.25144974728788	17.237295861479215	16.187255745509997	26.323998645722906	0.0
79.0	39.13813662347753	16.25041480522546	17.933293497918168	26.678155073378846	0.0
80.0	41.19103541573973	18.77124888701041	16.27592490164062	23.76179079560924	0.0
81.0	30.048124443348563	16.725794829173104	29.589199208412424	23.63688151906591	0.0
82.0	30.687617162397927	28.744977423361618	16.94927616864251	23.61812924559794	0.0
83.0	40.119328941402394	17.879977595817888	16.168404768890195	25.832288693889527	0.0
84.0	25.49649791885179	15.991910625563321	20.882796019677087	37.6287954359078	0.0
85.0	40.456895609283464	15.771145984947706	16.183894346708623	27.58806405906021	0.0
86.0	29.53002510012663	26.960833276946655	16.80908330299193	26.700058319934783	0.0
87.0	37.60003789436515	21.015601282379766	16.747748407252462	24.636612416002617	0.0
88.0	37.83843134038774	18.840792401440808	16.468346890370366	26.852429367801083	0.0
89.0	27.11877334118044	17.171103023588927	18.864542177486012	36.84558145774462	0.0
90.0	26.600648935178057	19.081340294059597	28.121482313696827	26.196528457065522	0.0
91.0	27.015527708867825	18.039075611749105	16.681372892809822	38.26402378657324	0.0
92.0	37.80186937890646	18.758150807028674	14.963151403778104	28.476828410286757	0.0
93.0	42.04973999300822	16.12108897045971	16.123219279846182	25.705951756685895	0.0
94.0	29.962545176014675	29.610608896848394	15.916849305243403	24.509996621893524	0.0
95.0	36.77652349395409	19.4581888931686	18.155017629107288	25.610269983770028	0.0
96.0	27.839027464471943	28.236624941845186	16.84443984949588	27.079907744186993	0.0
97.0	36.335470656679874	17.924358265587735	18.53160208856158	27.20856898917081	0.0
98.0	38.53587943434648	19.66991927217166	16.815319534054442	24.97888175942742	0.0
99.0	27.000703232928842	16.445659853947344	28.45529087034927	28.098346042774548	0.0
100.0	27.71691019572648	29.315905996540277	17.404561294375362	25.562622513357887	0.0
101.0	24.961104997533486	18.825404407579445	17.099459599420538	39.11403099546653	0.0
102.0	28.507827150359567	16.46184918632017	16.66594807433119	38.36437558898908	0.0
103.0	25.939292974989982	16.751515205943402	20.96563437707327	36.34355744199335	0.0
104.0	25.959251738915416	29.885321320287318	18.036222551917096	26.119204388880167	0.0
105.0	26.6912344463282	20.126967368168145	28.219106693873957	24.962691491629695	0.0
106.0	27.1947288397895	15.986332437504489	28.742083279853126	28.07685544285289	0.0
107.0	27.736522708935645	27.09094403831968	17.183641787185834	27.988891465558837	0.0
108.0	36.62210190735199	18.240417761931184	16.535500213747124	28.601980116969706	0.0
109.0	25.762208155071527	16.32969342959186	27.94808833805848	29.96001007727813	0.0
110.0	36.699538070868755	17.191774872975202	20.090431598603928	26.01825545755212	0.0
111.0	26.696759226109496	28.113878188145325	16.74284323132223	28.44651935442295	0.0
112.0	26.008586353511	18.68037373729251	28.568868322283507	26.74217158691299	0.0
113.0	28.362453350659617	15.683682479777847	19.166967630153028	36.78689653940951	0.0
114.0	24.7390157395983	16.39283118196814	29.789821137516665	29.07833194091689	0.0
115.0	27.08792019938575	15.108738757775841	31.817194994514576	25.986146048323832	0.0
116.0	29.40701853778141	17.653208355004086	18.32921976001189	34.61055334720262	0.0
117.0	27.115094202371427	29.511893504037246	16.51036589801411	26.862646395577215	0.0
118.0	26.23442904100924	27.68644449073839	20.70558976055721	25.37353670769516	0.0
119.0	39.119921414032554	17.214843574023337	19.951720413687955	23.713514598256154	0.0
120.0	31.26841978960882	17.038118366602145	27.310368944388735	24.3830928994003	0.0
121.0	38.90814848728621	17.428265924085075	16.68295771722071	26.980627871407997	0.0
122.0	40.25224246681681	17.545166631739576	18.533357339559213	23.669233561884408	0.0
123.0	29.4973016338215	29.265801650103462	16.975402386640496	24.26149432943454	0.0
124.0	39.77333552746095	16.89688174464038	19.529597256786	23.800185471112666	0.0
125.0	38.53181265282941	20.207958243863132	15.736861960519283	25.523367142788178	0.0
126.0	40.45364438737323	16.143759669624643	16.659373348541695	26.743222594460427	0.0
127.0	25.385051695978245	32.1391654295287	17.391121866283573	25.08466100820948	0.0
128.0	29.576439312660845	28.041316888573046	16.447869199289723	25.934374599476378	0.0
129.0	27.46526159174732	31.963260495189882	15.662656422469285	24.908821490593517	0.0
130.0	38.975402159925665	16.710056316633924	18.251717351233104	26.062824172207304	0.0
131.0	37.127485232072644	17.631995482143083	16.910623231789064	28.329896053995206	0.0
132.0	28.39426293360216	17.345308466602514	27.56926178802181	26.69116681177351	0.0
133.0	28.597907856119875	18.20931865786302	28.865820036371776	24.32695344964533	0.0
134.0	37.06774395181777	19.314708698851792	16.697694039111116	26.919853310219327	0.0
135.0	37.737456828145476	16.294696707062727	16.691483958272222	29.276362506519575	0.0
136.0	38.42618436464226	19.31573504124405	17.815186781967256	24.442893812146433	0.0
137.0	26.67935481159422	18.360193182652203	18.586710443694056	36.37374156205952	0.0
138.0	27.947135351229313	18.609452400223752	16.79241161340342	36.65100063514352	0.0
139.0	27.476124074875308	17.623331984160114	20.238930541263763	34.66161339970081	0.0
140.0	27.783263100661447	18.893789205097036	16.793565663139418	36.529382031102095	0.0
141.0	29.34231807311678	17.436555314333464	27.92668329304896	25.294443319500797	0.0
142.0	27.88505570931069	19.895363493671635	30.205981786832908	22.013599010184766	0.0
143.0	27.92204178256036	19.418044340095182	30.24123144784169	22.41868242950277	0.0
144.0	29.185091268630043	17.726228024178294	26.88974457305795	26.19893613413371	0.0
145.0	37.69951698830167	16.909225115555714	18.658843219218365	26.73241467692425	0.0
146.0	26.8540958480281	29.02118767544934	16.498626939858173	27.626089536664388	0.0
147.0	24.57126283800122	30.76773139548981	17.982411779244988	26.678593987263984	0.0
148.0	36.126074870738144	17.642864536013708	17.992411045588522	28.238649547659623	0.0
149.0	32.411371804365	17.53293855335946	25.906698060573035	24.148991581702504	0.0
150.0	22.151005104686615	22.252425758704508	31.192740545162785	24.403828591446093	0.0
