# Position (bp)	A	C	G	T	N
0.0	27.118269012361058	23.930039493834126	23.038900327527713	25.9127911662771	0.0
1.0	27.511645469404804	19.950745032507985	15.19804966688626	37.339559831200944	0.0
2.0	28.154379812901198	19.848957908594194	18.010881088574855	33.98548994023557	2.912496941878211E-4
3.0	24.046269798749314	21.821056620539157	15.370464745195234	38.76220883551629	0.0
4.0	34.087398835898114	14.018004351268686	14.776074680856299	37.117508862489196	0.0010132694877054223
5.0	36.32428399790068	15.038610401458536	22.30670581924751	26.32158033002098	0.008819451372292175
6.0	32.563055544325145	17.668258817957618	19.951513506332986	29.812984792741176	0.004187338643071254
7.0	35.39814070663537	16.78096669980478	20.531585334004752	27.28858582025484	7.21439300261594E-4
8.0	23.32254413598714	26.618559822374728	22.3829468205509	27.67465163387856	0.0012975872086736495
9.0	28.983371011874144	18.309177282217316	16.10364984748476	36.603801858423786	0.0
10.0	26.880235476749696	17.055215784084872	24.877703871282694	31.18655685815953	2.8800972320825553E-4
11.0	28.43727689366896	18.746833329494944	19.845667994749082	32.96863844683448	0.0015833352525275789
12.0	26.750933433091372	19.395408732185636	21.047315525564198	32.7985726926757	0.007769616483097487
13.0	27.61080580417177	21.39802932001329	18.607838709723815	32.383038517574604	2.8764851652468814E-4
14.0	31.646083018238354	18.15896319968704	20.690701617879082	29.503676867162476	5.752970330493763E-4
15.0	29.941621733571317	18.85809291910029	19.548593183017807	31.650973043019277	7.191212913117204E-4
16.0	30.58322174967963	17.720730684761676	19.03283939288904	32.6614822815705	0.001725891099148129
17.0	30.133770942609807	18.288692680639674	20.609440911960856	30.96334926426701	0.004746200522657354
18.0	31.528578599238017	18.277042915720422	18.38376051535108	31.801988514194733	0.008629455495740644
19.0	30.58681735613619	18.40821063925568	19.828762838112855	31.176209166495276	0.0
20.0	30.154193987283058	18.523270045865555	19.343499790735706	31.979036176115684	0.0
21.0	30.535472095936534	17.335569321135118	19.38664706821441	32.74216769045567	1.4382425826234407E-4
22.0	28.86811746990118	19.15235735150505	19.824879583139772	32.1534950013879	0.0011505940660987526
23.0	30.160234606130075	17.681898135030842	20.304533484444686	31.852327004586556	0.0010067698078364085
24.0	31.115946802283357	18.017440129556892	18.604386927525518	32.26050024953509	0.001725891099148129
25.0	29.424285876601665	18.151052865482608	19.445615014101968	32.978758595297236	2.8764851652468814E-4
26.0	32.017581077329986	17.88353974511465	20.011131997589505	30.087603355707593	1.4382425826234407E-4
27.0	29.263778004380885	18.08791401610544	20.11152132985662	32.536211352624	5.752970330493763E-4
28.0	30.3358440254684	18.146019016443425	20.070962889026642	31.443434638346712	0.003739430714820946
29.0	29.45506426786981	18.58914155614971	19.58857632681474	32.365060485291814	0.002157363873935161
30.0	30.267989282154616	18.233712887734452	19.457232891646495	32.03991433777897	0.0011506006854703583
31.0	30.67323278013252	18.316464999345595	19.42478429770728	31.582353761827846	0.003164160986757986
32.0	29.19283691482798	18.368242179128906	19.693306505083513	32.7456144009596	0.0
33.0	29.56442322213193	18.500902507604795	19.67049483305407	32.2631726558174	0.0010067813918033612
34.0	29.956794260712982	18.151875940271374	19.688815121433443	32.202370850221065	1.4382736114187418E-4
35.0	30.336522409882683	17.61820882119297	19.708090123073028	32.33689082305806	2.8782279326264407E-4
36.0	30.977370667940964	17.58098456737703	19.1836916814679	32.257377346487	5.757367271094273E-4
37.0	29.338400414579375	18.69609028617493	19.221080209592905	32.74385328496574	5.758046870501526E-4
38.0	30.577132120566407	18.569875675792414	19.305310594553347	31.546817746614742	8.638624730942834E-4
39.0	29.59656175150186	18.895099718136212	19.574050095995	31.933856348848565	4.3208551836579497E-4
40.0	29.746074490966862	18.58828719214379	19.715483487778016	31.947559927804082	0.002594901307253614
41.0	29.86051680220518	18.31855278064409	20.546387363529437	31.272811239473818	0.0017318141474784066
42.0	29.304976256773465	18.386991484789313	19.527359591454747	32.77807304363901	0.002599623343462236
43.0	29.39518995682405	18.33041447752481	20.428378214353835	31.843849884112757	0.002167467184546826
44.0	29.610503016537827	18.789712687964354	20.10331262550836	31.496327095926336	1.4457406312392743E-4
45.0	29.507788882942563	18.33851627927159	19.64780074345141	32.50574945398267	1.446403517653355E-4
46.0	30.303885350963633	17.51613047926226	19.53499073193813	32.644559336577515	4.341012584595483E-4
47.0	29.550412012557953	18.04561448709394	20.0912752921287	32.31110602900372	0.0015921792156925185
48.0	30.269921204205918	17.82418199772387	18.92518019361583	32.97984785259018	8.687518641967086E-4
49.0	29.64872232377454	17.59444606992529	20.13763155531479	32.61833098201896	8.690689664162782E-4
50.0	29.95859174240788	18.684298632237567	19.54420480057511	31.81232508018592	5.79744593519325E-4
51.0	30.21334509555841	18.18511575538441	19.478186682762345	32.12320737305793	1.4509323691404096E-4
52.0	29.886608600663557	17.96220867736181	19.955201245765615	32.19583621436001	1.4526184900902367E-4
53.0	31.441963824740366	17.616278139666115	19.466198950838937	31.4658150050102	0.009744079744385155
54.0	30.168229686803954	18.282822694994163	19.29881004719632	32.24737159311592	0.002765977889646217
55.0	29.13501596317468	18.182573255015903	18.35349798256364	34.32774707220367	0.0011657270420987749
56.0	29.231413105612525	18.418903626967182	20.47926947351229	31.87012214328212	2.9165062588224313E-4
57.0	28.38133816227038	18.527738420254686	19.82714467695783	33.26290322815998	8.755123571273272E-4
58.0	30.80140003708901	17.982912772199015	22.005902117139943	29.209639053850612	1.4601972142357547E-4
59.0	29.684635827030633	20.139658353042986	21.185122599393654	28.982689614645857	0.007893605886875857
60.0	31.161030595813205	19.127946127946128	19.790074659639878	29.92065583369931	2.9278290147855365E-4
61.0	29.0238495956652	20.96969981293285	19.737930063860855	30.268520527541092	0.0
62.0	31.020347594329294	16.448361129027756	21.79480209984705	30.736195327502386	2.938492935128361E-4
63.0	26.633210266840578	20.14207916049492	25.544477114790826	27.678906992682332	0.0013264651913426038
64.0	26.350599716650684	19.853361559928086	18.374272236937937	35.41910731670564	0.002659169777649087
65.0	27.4806740168119	19.433835359512177	18.76731486611812	34.312101665486416	0.006074092071383915
66.0	26.5184883674291	19.55157297078079	16.9962846485123	36.92696905458343	0.006684958694383
67.0	33.39209004528191	14.240481338163006	17.947518286350313	34.41856930634796	0.0013410238568144126
68.0	34.243887010414866	15.51550933421693	23.145393889646133	27.09520976572207	0.0
69.0	31.965512840423848	16.97925204012123	20.58173632115437	30.473498798300554	0.0
70.0	33.20294790208517	15.986279746244799	22.10628729139158	28.704485060278444	0.0
71.0	25.67347133355304	20.184138472794803	25.766120925335205	28.37626926831695	0.0
