# Position (bp)	A	C	G	T	N
0.0	26.083505318304496	10.62073344975393	40.7286870931894	22.567074138752183	0.0
1.0	25.971969277060737	19.011798242141104	29.78858183545807	25.21973236202391	0.007918283316177053
2.0	26.309630343498313	21.628691402216564	29.58628760239554	22.475390651889583	0.0
3.0	26.734620886981403	21.161182641869335	29.583929422985218	22.520267048164044	0.0
4.0	25.51603438513409	18.628712616461627	29.175889226334483	26.6793637720698	0.0
5.0	27.6857826106574	17.2449578125705	27.112755493389884	27.95650408338221	0.0
6.0	21.4665592264303	23.090249798549557	27.856567284448026	27.58662369057212	0.0
7.0	21.369175627240146	23.193548387096776	26.093189964157702	29.344086021505376	0.0
8.0	23.00737646060448	19.648802141131927	26.99588746001697	30.347933938246623	0.0
9.0	24.132861257801245	20.58329332693231	25.093014882381183	30.19083053288526	0.0
10.0	27.667119151176	21.071003130454056	24.666869822976977	26.595007895392968	0.0
11.0	26.210847782741475	19.045455692688222	27.9018702203377	26.8418263042326	0.0
12.0	28.01328656709484	19.27481359318018	23.67656964995006	29.035330189774918	0.0
13.0	26.09473730723344	20.798904158013347	25.255180946489332	27.851177588263887	0.0
14.0	26.826860467558657	17.397970971875065	25.797643302736876	29.977525257829402	0.0
15.0	25.88839617151915	17.258261933904528	27.610008628127698	29.243333266448623	0.0
16.0	24.27085496384951	18.039378551337474	25.98682347611047	31.702943008702544	0.0
17.0	23.81903579333801	18.843239935935504	25.872338893987656	31.46538537673883	0.0
18.0	22.24758831405129	20.649524528820077	27.132754299838645	29.97013285728999	0.0
19.0	22.574352361586403	20.278067086577725	24.065532576170874	33.082047975665	0.0
20.0	22.84936655542235	18.575640734860514	26.326021449632247	32.24897126008489	0.0
21.0	25.963563269733903	18.637929934273497	26.300172292770085	29.09833450322251	0.0
22.0	25.348468931780054	20.569466438796468	24.25092898916571	29.831135640257767	0.0
23.0	24.932405134101998	20.270690244584642	25.620785032787396	29.176119588525967	0.0
24.0	23.965490914643457	17.761490303863184	23.208123377614903	35.06489540387845	0.0
25.0	25.334695495715287	18.64231039004605	26.16724101125309	29.855753102985577	0.0
26.0	24.143292682926827	20.064024390243905	25.952743902439025	29.839939024390244	0.0
27.0	23.384696471755444	19.04569975816953	24.22645253301916	33.34315123705587	0.0
28.0	23.72245663384904	18.834192842631662	26.530707923112985	30.912642600406315	0.0
29.0	24.23969152310467	20.48634865352323	23.356552024379624	31.917407798992475	0.0
30.0	24.08051923619603	20.159596149625308	24.318816041137552	31.441068573041107	0.0
31.0	23.058156298021323	19.504776388954898	27.471761481551894	29.965305831471888	0.0
32.0	23.381591897641048	19.0049846017081	22.759310410515287	34.85411309013557	0.0
33.0	23.619417228655045	18.769881664333884	26.907049242906222	30.70365186410485	0.0
34.0	24.30618944671311	18.965489630875172	23.889823044278966	32.838497878132756	0.0
35.0	23.840536488643142	18.47242596682411	24.14682507697516	33.54021246755759	0.0
36.0	24.13798690777108	18.656426210383046	24.650009721952166	32.55557715989371	0.0
37.0	23.68081121229736	19.534327972615127	26.23684040560615	30.548020409481367	0.0
38.0	24.015843504971304	19.762347425430445	25.677794842777462	30.544014226820792	0.0
39.0	25.756318247652526	18.64472977591173	23.949942228514704	31.649009747921042	0.0
40.0	22.959367723739874	20.48338963040698	24.48102843275506	32.07621421309808	0.0
41.0	24.112844821910592	20.60372638093357	25.34729080255448	29.93613799460136	0.0
42.0	23.976637463496036	18.646641635377556	23.58448060075094	33.79224030037547	0.0
43.0	23.834673173666708	21.553323416843547	24.5165711229589	30.095432286530844	0.0
44.0	25.354447940987377	19.248468852569957	23.434169119886306	31.962914086556353	0.0
45.0	24.886038916859437	19.866648523608653	23.328003810042183	31.919308749489726	0.0
46.0	23.080237126904255	20.14200041359344	24.600193010270903	32.177569449231406	0.0
47.0	24.83885055463359	20.672547820770372	24.21870905755961	30.269892567036422	0.0
48.0	26.57732615776802	20.26094037671718	22.530448944908656	30.631284520606144	0.0
49.0	23.143249069174995	19.817219817219815	22.69431528690788	34.345215826697306	0.0
50.0	24.821464084901738	19.558496501600043	23.479958778543146	32.14008063495507	0.0
51.0	23.744091458722654	22.201458356234657	22.82620644168407	31.228243743358618	0.0
52.0	24.934305488730153	18.00584773677782	25.03793626707132	32.021910507420706	0.0
53.0	22.913527890928705	21.237654148764022	25.515689228651674	30.333128731655602	0.0
54.0	23.37698995145083	21.243084565880093	24.36114560987543	31.018779872793644	0.0
55.0	23.11126308390798	20.774681332041563	24.651887312171123	31.46216827187933	0.0
56.0	22.757888642285053	22.18662549454791	23.865675962559106	31.187879957541252	0.001929943066679533
57.0	23.341956726246472	21.090075258701788	22.636406396989653	32.93156161806209	0.0
58.0	23.155377226098473	21.331014171921016	24.029015871760915	31.482616172197737	0.0019765580218607318
59.0	23.440354998694858	22.32395638816939	23.54878220187539	30.68489850009036	0.002007911170009839
60.0	25.69772391009141	19.937574738036847	24.313423458116297	30.049251099535862	0.002026794219582886
61.0	23.369992144540454	22.567908380535	24.205151527680158	29.8548807210485	0.002067226195890354
62.0	23.16027374112876	21.28464008110848	24.461388982764447	31.09369719499831	0.0
63.0	24.943276681364786	19.9473436362858	23.346461749218715	31.762917933130698	0.0
64.0	21.69652492985107	21.165551478523632	24.692423915389597	32.4454996762357	0.0
65.0	24.199421773962175	19.107942883626492	25.110900222903933	31.581735119507403	0.0
66.0	24.226642825212338	20.630308448815377	22.77827447474296	32.36477425122932	0.0
67.0	23.650668764752165	18.761380240530514	26.00651905136563	31.58143194335169	0.0
68.0	24.697059764964106	20.79427500114317	24.482143673693354	30.02652156019937	0.0
69.0	25.690626957066314	20.1656113005358	22.54076496648343	31.602996775914455	0.0
70.0	23.43801497245633	20.41527378878478	24.593907434436648	31.552803804322238	0.0
71.0	25.055096092324465	21.201924216213655	22.20905708666082	31.533922604801063	0.0
72.0	24.409373505499758	18.737446197991392	23.974175035868008	32.879005260640845	0.0
73.0	23.95183624322697	19.501505117399155	23.841059602649008	32.70559903672486	0.0
74.0	24.458700882117082	19.52078928823115	23.144030521737015	32.87647930791475	0.0
75.0	25.077139542346522	20.266100565278567	23.361556120559847	31.29520377181506	0.0
76.0	26.405	19.09	23.150000000000002	31.355	0.0
77.0	25.724235389118803	19.37266579186434	24.56091652367013	30.342182295346724	0.0
78.0	25.449626384952335	18.670445761401698	23.32388559649575	32.55604225715022	0.0
79.0	27.04572564612326	20.286282306163024	23.069582504970178	29.598409542743536	0.0
80.0	24.807712851191113	19.43702595876509	23.982480504219637	31.772780685824166	0.0
81.0	26.87183948670545	19.487792942199988	23.52509379587842	30.11527377521614	0.0
82.0	24.803084549710825	20.283668410906085	24.257780225833102	30.655466813549985	0.0
83.0	24.981736442821017	19.997190221972463	25.12784490025288	29.893228434953638	0.0
84.0	25.515250264414146	20.066889632107024	21.72197924706286	32.69588085641597	0.0
85.0	23.041006902151846	20.755756626645784	25.076851690737197	31.126384780465173	0.0
86.0	23.31315387328083	18.875631832608438	24.426942517926413	33.38427177618432	0.0
87.0	24.288192367508074	20.67232922598397	24.835506639550186	30.20397176695777	0.0
88.0	25.258281778563372	20.275500563800932	24.749337152957672	29.716880504678024	0.0
89.0	24.285361486695066	21.260109896894484	23.266654318700994	31.18787429770945	0.0
90.0	24.91398630093747	20.772702881853476	24.588870300811212	29.72444051639784	0.0
91.0	25.92005691740508	20.367375978267898	24.429208977427074	29.283358126899945	0.0
92.0	24.425249605885444	18.681029952706254	24.934314240672624	31.95940620073568	0.0
93.0	24.07487592845485	20.2677946907371	25.72028111780968	29.937048262998367	0.0
94.0	24.88984561568733	19.05754935925465	23.547812048030675	32.50479297702735	0.0
95.0	23.98922751755642	20.832481079975455	23.201745414876935	31.976545987591194	0.0
96.0	23.400048562211662	19.23410454750425	25.300912275833365	32.06493461445072	0.0
97.0	23.62575565865317	20.04779980317728	24.233797272599467	32.092647265570086	0.0
98.0	25.33920452511366	19.42863279991408	24.705545412236425	30.526617262735833	0.0
99.0	26.429698103517847	18.322878837900298	24.26176589266718	30.985657165914677	0.0
100.0	26.53205941628723	18.269015451220422	25.106367097111292	30.092558035381057	0.0
101.0	26.315392733303185	19.6027438564752	23.183325795266093	30.898537614955522	0.0
102.0	28.090490797546014	18.872699386503065	23.351226993865033	29.685582822085887	0.0
103.0	24.40561332972513	20.404376232265047	26.40816484323656	28.781845594773266	0.0
104.0	24.852256271770184	19.82309890023874	23.20848499080271	32.11615983718837	0.0
105.0	22.143707820563716	20.131004366812228	25.5577610162763	32.16752679634776	0.0
106.0	21.444848678687084	20.693239515451964	24.991004677567666	32.87090712829329	0.0
107.0	24.20660621761658	19.154792746113987	23.194624352331605	33.44397668393783	0.0
108.0	22.717176702862783	20.722277064823956	26.63293846660085	29.927607765712406	0.0
109.0	25.60123158858284	21.153366064741615	22.709494882250144	30.5359074644254	0.0
110.0	26.29406561934044	20.069072989933876	23.678557890746745	29.95830349997894	0.0
111.0	24.079813203141583	19.864147739333475	26.194014009764384	29.86202504776056	0.0
112.0	24.55625134960052	19.831569855322826	24.53897646296696	31.073202332109695	0.0
113.0	23.732758620689655	19.80603448275862	25.75	30.711206896551722	0.0
114.0	23.438382960226036	19.77830906324712	24.89024125190176	31.89306672462508	0.0
115.0	24.03442852149598	19.634743096819292	25.45875567983223	30.8720727018525	0.0
116.0	22.080462324961104	20.6934874416537	25.574572127139366	31.651478106245833	0.0
117.0	23.20069283011988	19.039154017958886	25.58913350654086	32.17101964538037	0.0
118.0	23.777613457805714	20.29300305018948	25.242628708753116	30.686754783251686	0.0
119.0	23.451431806387696	20.451007218002548	24.536491012879182	31.561069962730574	0.0
120.0	23.97735920852359	18.94501522070015	26.94063926940639	30.136986301369863	0.0
121.0	24.412988379321888	20.88374539715939	24.489503132322703	30.21376309119602	0.0
122.0	24.360647812424464	18.946096204979455	24.263959390862944	32.42929659173314	0.0
123.0	22.942497315239677	20.15522796055843	26.26183735233818	30.64043737186371	0.0
124.0	24.865938430983118	18.818272095332674	25.05461767626614	31.261171797418076	0.0
125.0	23.81525500225666	19.7883757083396	25.00376109523093	31.392608194172812	0.0
126.0	22.307377886777026	20.912528101369304	24.330676476599223	32.44941753525444	0.0
127.0	23.0513406776138	20.936395759717314	25.129910621492414	30.88235294117647	0.0
128.0	23.045620047119296	20.625401584921825	23.709573784536303	32.61940458342257	0.0
129.0	22.425184609405363	22.003220254289047	23.6577646993504	31.913830436955195	0.0
130.0	25.32047580552027	17.426954613696733	26.209723986603535	31.042845594179468	0.0
131.0	22.127455102408554	21.15442368911046	24.956453841071536	31.76166736740945	0.0
132.0	23.266078184110974	18.2156368221942	25.586380832282472	32.931904161412355	0.0
133.0	22.838182061938596	18.23971041694597	26.12950797694061	32.79259954417482	0.0
134.0	21.215351812366738	18.059701492537314	26.133617626154937	34.59132906894101	0.0
135.0	22.506101281269068	19.07413056741916	24.85509456985967	33.564673581452105	0.0
136.0	20.984329089128305	19.964087495919035	26.207966046359775	32.84361736859288	0.0
137.0	21.58115916652075	18.31553143057258	26.160042024163893	33.943267378742775	0.0
138.0	20.48752176436448	19.22035209905204	26.455794157477268	33.83633197910621	0.0
139.0	19.680235615861996	21.741874408330702	26.19122751656674	32.38666245924056	0.0
140.0	18.790570550051246	22.57146110921307	24.655506206582395	33.98246213415329	0.0
141.0	20.090180360721444	20.70390781563126	27.49248496993988	31.713426853707418	0.0
142.0	20.052770448548813	23.941119288987643	24.302180252742676	31.70393000972087	0.0
143.0	21.41772920461445	20.59805707346691	23.800850030358227	34.183363691560416	0.0
144.0	21.043597665636803	21.455544112598695	24.68245794713354	32.81840027463097	0.0
145.0	20.15369836695485	21.38328530259366	23.784822286263207	34.67819404418828	0.0
146.0	17.081525462434346	21.146380452158027	26.67275633706326	35.099337748344375	0.0
147.0	14.833968426782798	24.550898203592812	24.686989657049537	35.92814371257485	0.0
148.0	17.341430499325234	22.773279352226723	24.93252361673414	34.952766531713905	0.0
149.0	20.96569250317662	26.429479034307494	21.64337145277425	30.961457009741633	0.0
150.0	15.263157894736842	21.127819548872182	29.172932330827066	34.43609022556391	0.0
