# Position (bp)	A	C	G	T	N
0.0	27.338459579763096	23.960277595612663	22.753663920977974	25.947598903646263	0.0
1.0	27.72551017723142	19.854990299994498	14.949490600204285	37.46976971158331	2.3921098648218715E-4
2.0	28.246249353336783	20.096027997835318	17.80475419645688	33.85249164999845	4.7680237256860587E-4
3.0	24.11656892367013	21.732463907992422	14.845921062328099	39.30266889490587	0.002377211103477622
4.0	34.16943206599033	14.249075566511804	14.465250782212951	37.114345311462976	0.001896273821939888
5.0	36.19426125900081	14.7816845065355	21.97381066226075	27.045509418598595	0.0047341536043478466
6.0	32.23706910813123	17.668161858891036	20.032661048273123	30.061635321198487	4.7266350612335575E-4
7.0	35.02001703276093	16.912446418755852	20.192314497427393	27.874750229423267	4.7182163255003073E-4
8.0	23.57553851736309	26.292512358449223	21.887767844940928	28.24418127924676	0.0
9.0	28.828869124688666	18.38666999383219	15.875994029935073	36.90776061357954	7.062379645280211E-4
10.0	27.30589461254196	17.00261339819391	24.316835130093597	31.37395117108937	7.056880811635385E-4
11.0	28.500775704010156	18.412157397395514	19.552207230501622	33.53485966809271	0.0
12.0	26.917539405355512	19.812244725401452	20.803397163237168	32.46681870600587	0.0
13.0	27.706714859060718	21.149341657474125	18.068392517661415	33.07555096580374	0.0
14.0	31.164832069847677	18.722510385617387	20.326706879151313	29.785715962165842	2.3470321778111577E-4
15.0	29.94930410495928	19.020348768981624	18.89196610885535	32.13814631398596	2.3470321778111577E-4
16.0	30.369422864787477	17.950336799117515	18.94219259746051	32.7380477386345	0.0
17.0	30.0920036613702	18.640598962611776	20.08191142300561	31.185251249794632	2.3470321778111577E-4
18.0	31.940526204614265	18.213204403032364	18.198418100312157	31.647851292041214	0.0
19.0	30.63088224939564	18.23526650550379	19.643720515408265	31.48966132325674	4.6940643556223153E-4
20.0	30.406975379632456	18.311779754500435	19.489520501326073	31.791254958105476	4.6940643556223153E-4
21.0	30.099279461121416	17.39197784401624	19.140282113267773	33.36728706550567	0.001173516088905579
22.0	28.84244372990354	18.821320440303236	19.829136057455347	32.5068650691201	2.3470321778111577E-4
23.0	29.97253972351961	17.63419156476635	19.801675780974957	32.58971530499683	0.0018776257422489261
24.0	30.88553524068815	17.800830849390945	18.469735020067123	32.843664186636005	2.3470321778111577E-4
25.0	29.21304011077992	18.219776093130235	19.25739901894055	33.30884596427817	9.388128711244631E-4
26.0	31.69479193559744	17.626915765015138	20.179547961602555	30.49850963456709	2.3470321778111577E-4
27.0	28.807707653671933	18.36552679137231	19.5662684535405	33.26049710141526	0.0
28.0	29.95822282723496	17.832046377355834	20.141760743539795	32.06750064543385	4.6940643556223153E-4
29.0	29.49491867533504	18.501185251249794	19.16469124791701	32.8387354190626	4.6940643556223153E-4
30.0	30.09104201921294	18.398514787580357	19.082210074941266	32.42635547930255	0.001877638962886119
31.0	30.791148747605995	18.07146344211198	19.156042284727175	31.9797025798941	0.0016429456607458036
32.0	29.587782031211496	18.601327040024785	19.22213016446002	32.58805663977694	7.04124526769641E-4
33.0	29.859619722243735	17.816160748444457	19.20963626932547	33.11458325998634	0.0
34.0	29.98828784212293	18.157834823367047	19.339847389878724	32.51332580688318	7.04137748120539E-4
35.0	30.462025509688846	17.547481323347398	19.35373262971496	32.636525684654025	2.3485259476889334E-4
36.0	30.867741223228084	17.623072116807524	18.755490620727887	32.75322625350577	4.697857307282149E-4
37.0	29.069201981830865	19.02825448061513	19.237103181595003	32.664030803421454	0.0014095525375469556
38.0	30.936010827780024	18.31206000394763	19.149286137245873	31.602643031026478	0.0
39.0	29.920828573174802	18.77712115014833	19.173213353831397	32.127191435945896	0.0016454868995735838
40.0	29.788841274435747	18.584226986805227	19.35845211452884	32.26730299029747	0.0011766339327106588
41.0	29.653880589981625	18.09551859007587	20.463691626219312	31.7869091937232	0.0
42.0	29.158816358195722	18.604464713109053	19.382382139261132	32.85339357339753	9.432160365590536E-4
43.0	29.700640910678384	18.26619030988362	20.069754490622316	31.96270636096769	7.079278479937324E-4
44.0	29.729742492715843	18.756522683591406	19.712789418259263	31.800709290190355	2.3611524312786583E-4
45.0	29.43958684265859	18.501359629746005	19.696558045913196	32.36249548168221	0.0
46.0	30.100102821079506	17.6448063536336	19.599825085979695	32.6552657393072	0.0
47.0	29.844975904583094	18.555126246742745	19.565762280622934	32.03342618384401	7.093842072158562E-4
48.0	30.628248101110124	17.985225205619436	18.537565021159228	32.84825202780859	7.096443026207164E-4
49.0	29.026616527474403	18.26688470431208	20.02049427651181	32.68600449170171	0.0
50.0	29.768920301663698	18.513377799674082	19.362517527570393	32.353052639557355	0.0021317315344677305
51.0	30.491619767246057	18.09285966697261	19.255206369308926	32.15983986604909	4.7433042331618627E-4
52.0	29.69060264315506	18.25529913636666	19.7495558321378	32.30430486541952	2.375229209618728E-4
53.0	31.081071437916112	17.87553489832472	19.23469399891058	31.80869966484859	0.0
54.0	30.44424755154148	18.47728745093556	18.683786822148544	32.393725467779426	9.527075949849473E-4
55.0	29.360858865275286	18.20343202716624	18.181731466290206	34.25397764126827	0.0
56.0	29.306706137942562	18.156468594074536	20.45622746914317	32.08059779883973	0.0
57.0	28.429280462247625	19.023984591745783	19.262946350695497	33.283788595311094	0.0
58.0	30.78787095909941	17.906984532506616	21.775532367870866	29.529133715116807	4.784254063027763E-4
59.0	29.528305954382787	20.675778611362624	20.682964687621265	29.112950746633327	0.0
60.0	31.70876899885743	18.78546533398623	19.230492266036812	30.2750333650181	2.4003610142965502E-4
61.0	29.199605456251355	21.102076166189526	19.18950128707869	30.50568960954603	0.0031274809343950732
62.0	31.413616355843853	16.722170740183017	21.141984246496005	30.721987335418355	2.4132205876674774E-4
63.0	26.7999311703703	20.52625583779474	24.845072743708997	27.828255532423846	4.8471570212281246E-4
64.0	26.43466202819574	20.043303207599955	17.814404398438167	35.70641398353018	0.0012163822359538261
65.0	27.794130568491344	19.46738716574408	18.38834705015181	34.348914858096826	0.001220357515937869
66.0	26.93581496523984	19.657493643227035	16.71794545178406	36.68458157981118	0.0041643599378775485
67.0	33.6900276436041	14.024948106757435	17.484825530491584	34.797247444688196	0.0029512744586870764
68.0	34.654397571355105	15.455532396423614	22.928782770930788	26.959299826844774	0.0019874344457169544
69.0	31.744959797706425	16.944625688338924	20.400474252506452	30.9099402614482	0.0
70.0	33.153252420265545	15.884397373066255	22.087732570250743	28.874069444901266	5.481915161880955E-4
71.0	26.19045152378486	19.689545022878356	25.20866787533454	28.910299576966242	0.0010360010360010359
