# Position (bp)	A	C	G	T	N
0.0	30.473176520707177	20.62359898163081	26.511071214841415	22.392153282820598	0.0
1.0	26.56503261012892	20.387061436874294	15.57151406343507	37.47639188956172	0.0
2.0	28.324390599203653	19.797432909261598	17.476368521575864	34.40180796995889	0.0
3.0	25.76534369596491	21.00511069816616	16.11070421910025	37.11884138676868	0.0
4.0	34.204190564998775	14.235501231928039	15.568314730483085	35.9919934725901	0.0
5.0	35.28111137100144	15.133213783783244	22.7040189040225	26.881655941192818	0.0
6.0	32.173244989879244	17.27414401522193	21.613827117247475	28.938783877651346	0.0
7.0	34.147579468307846	17.284753505488233	20.0601960535499	28.50747097265402	0.0
8.0	24.421408718187124	24.21804369973986	22.16560005539125	29.19494752668177	0.0
9.0	29.27064192116467	18.162008956855903	17.837919988315427	34.729429133664006	0.0
10.0	27.846295978930407	16.810761724097855	24.089778213772846	31.253164083198893	0.0
11.0	28.20278436321747	17.814498975816694	20.00283075616574	33.9798859048001	0.0
12.0	27.211139276268803	19.077599805372657	21.924417098953878	31.78684381940466	0.0
13.0	27.409081207668645	21.237979804308964	18.77255469421562	32.58038429380677	0.0
14.0	30.72895289247476	18.244344634292215	20.31631739628409	30.71038507694894	0.0
15.0	30.31272071706462	18.419656061841753	20.212707839870138	31.05491538122349	0.0
16.0	30.446400227475007	17.759799635027257	19.078297754658077	32.71550238283966	0.0
17.0	29.98232421931969	18.23172190105063	19.896045408672215	31.88990847095747	0.0
18.0	30.711929690366595	17.817365019520746	19.75196712050057	31.718738169612088	0.0
19.0	29.8785002888235	18.509321826915247	19.87648433956339	31.735693544697856	0.0
20.0	29.93028264264195	17.972101447172122	20.11567315078725	31.981942759398684	0.0
21.0	29.421251950928244	17.764684774367552	20.345022504403453	32.469040770300744	0.0
22.0	29.43392163234228	18.579006973833224	19.597105868825793	32.3899655249987	0.0
23.0	29.229451956174923	18.016506395796416	20.414138136915927	32.33990351111273	0.0
24.0	29.462309120983804	18.588506337557092	20.01797861350006	31.931205927959045	0.0
25.0	29.666177984818965	18.271405987437177	19.937071047705814	32.12534498003805	0.0
26.0	29.99316070807686	17.887231920771196	20.029191167761333	32.09041620339061	0.0
27.0	29.604276891738795	18.5233432384905	20.13595114303479	31.736428726735916	0.0
28.0	30.019359591564015	18.24750961792885	19.904591668713035	31.8285391217941	0.0
29.0	29.53358637159446	18.66185628413124	20.137217299926213	31.667340044348087	0.0
30.0	29.718086455505965	18.925722765455653	19.95956980454953	31.396620974488847	0.0
31.0	29.974957678286735	18.270089306871757	19.609597597757	32.14535541708452	0.0
32.0	29.54184015455446	18.529455301802503	19.99738107618791	31.931323467455126	0.0
33.0	29.649703255918254	18.21436648036624	20.724956338807058	31.410973924908447	0.0
34.0	29.402473584873384	18.550746123975753	20.059910400498744	31.986869890652116	0.0
35.0	29.68806412015308	18.13222311320217	20.070991255306293	32.10872151133846	0.0
36.0	29.79041632027089	18.235222661306548	20.120185098718053	31.85417591970451	0.0
37.0	29.558277378758753	19.219849659518555	19.417996360337952	31.803876601384744	0.0
38.0	29.72150731617178	18.17774839836703	20.459944411953526	31.640799873507667	0.0
39.0	29.39487582018122	18.622590896274225	20.63332088613865	31.3492123974059	0.0
40.0	30.203187995621178	18.611516910718574	19.756380377692423	31.42891471596782	0.0
41.0	29.720487773247235	18.57756960151962	20.479763207982575	31.222179417250572	0.0
42.0	29.90702469531934	18.81947753840429	20.050351339189938	31.22314642708644	0.0
43.0	29.516531722214744	18.46479911886423	20.08470126122984	31.93396789769119	0.0
44.0	29.752815640083785	18.08498527670684	20.35609119334568	31.806107889863693	0.0
45.0	29.371494368188245	18.686822624530684	20.44723881617949	31.494444191101582	0.0
46.0	29.795181662396846	18.357573371523994	19.708320733078093	32.13892423300106	0.0
47.0	29.692050572384677	18.325636818401588	20.176417066085968	31.805895543127765	0.0
48.0	30.029855523652927	18.549482624923552	19.977098698512556	31.443563152910965	0.0
49.0	29.58690357905015	18.949875752588408	19.52524711217739	31.93797355618405	0.0
50.0	29.13610610918354	18.66439304393655	20.09941052575298	32.100090321126935	0.0
51.0	29.86571984145649	18.57915034291822	20.014493003015232	31.540636812610064	0.0
52.0	29.51329212042336	18.5620777431147	19.573388964382094	32.351241172079845	0.0
53.0	29.73909111982574	18.141203832308715	20.001992402051407	32.11771264581414	0.0
54.0	29.63321666586757	18.516756964088795	20.21728915951479	31.632737210528838	0.0
55.0	28.991238510623596	18.621428406883258	19.80875995362016	32.57857312887298	0.0
56.0	29.893730053970764	18.309518182708988	20.004534389308063	31.792217374012182	0.0
57.0	29.315523115852297	18.59574369899784	20.28915004730078	31.799583137849087	0.0
58.0	29.483700359134847	18.362645357229464	19.659457025070154	32.494197258565535	0.0
59.0	29.646336436861752	18.477678863777317	20.03393721807263	31.842047481288304	0.0
60.0	29.778848470248132	18.511394844615754	20.242640327631896	31.467116357504217	0.0
61.0	29.59613748724487	18.703404003325495	19.932718515332194	31.76773999409744	0.0
62.0	29.037008728145857	18.707802059085804	20.248256107964963	32.00693310480337	0.0
63.0	28.976655966191135	18.47396539535746	20.33380075482777	32.21557788362364	0.0
64.0	29.179203261930297	18.96557388136854	19.779897001845466	32.0753258548557	0.0
65.0	29.126722226410788	18.65465771988532	20.093720820985112	32.124899232718775	0.0
66.0	29.455964010730252	18.65492812009833	20.701566407436133	31.18754146173529	0.0
67.0	29.21447006427098	18.757569543060786	19.952057948358785	32.07590244430945	0.0
68.0	29.504683697943584	18.310268129366467	20.11967191852553	32.06537625416442	0.0
69.0	29.64903344263311	18.7394565741589	20.11632388629466	31.49518609691333	0.0
70.0	29.24169045528805	18.182452427602165	20.148720065581013	32.42713705152877	0.0
71.0	29.565102696747335	18.468733209581277	20.572324152793055	31.393839940878333	0.0
72.0	29.636438463599195	18.948956177711864	20.256209160477244	31.1583961982117	0.0
73.0	29.762452911200093	18.533996219296352	19.846168491934435	31.85738237756912	0.0
74.0	29.0461570767768	18.95630836714893	19.837101820112032	32.16043273596224	0.0
75.0	29.523980047603942	18.52349933732044	20.221165654320654	31.73135496075497	0.0
76.0	29.419979354537134	18.853982042342675	19.772315602905945	31.953723000214246	0.0
77.0	29.414917774282266	18.676357937700644	20.072353173930246	31.83637111408684	0.0
78.0	29.54531714689679	19.120861976500414	19.9118521768807	31.421968699722104	0.0
79.0	29.675361414050766	18.99623466063172	19.31853210293228	32.009871822385236	0.0
80.0	29.756779227673537	18.57822606143169	19.752368387154696	31.912626323740078	0.0
81.0	29.7342199176929	18.626080573494615	20.286083540923183	31.353615967889297	0.0
82.0	29.806965640469844	18.796293584072956	19.39775623187557	31.99898454358163	0.0
83.0	29.799827703752037	18.78615144488571	19.74960393351162	31.664416917850634	0.0
84.0	29.617398135355742	18.981969112799057	19.710864845534683	31.689767906310518	0.0
85.0	29.781369490253113	18.41879940885313	19.505305464980804	32.294525635912954	0.0
86.0	29.91925816853513	18.14139304591666	20.136766376668756	31.80258240887945	0.0
87.0	29.184639189979595	18.636846460366552	20.570738873663185	31.607775475990664	0.0
88.0	29.391874042373328	19.04255922853693	19.631371213766734	31.934195515323005	0.0
89.0	29.29601011712609	19.043023235326935	19.739358713590192	31.921607933956782	0.0
90.0	29.841476885473217	18.821241392277138	20.11151848457073	31.225763237678912	0.0
91.0	29.625921383142558	18.728226751362726	19.74512808254339	31.900723782951324	0.0
92.0	29.16914958678982	18.604455142780978	20.251219244460476	31.975176025968732	0.0
93.0	29.682296875919278	18.465219352434744	20.29024729854288	31.562236473103095	0.0
94.0	29.522043675319328	18.855337767575097	19.784174073420054	31.838444483685524	0.0
95.0	29.63490810865989	18.525694632572055	20.27773524457898	31.561662014189075	0.0
96.0	29.740044943113958	18.837411213778367	19.937417499528568	31.485126343579108	0.0
97.0	29.52310389283693	18.868703226212187	19.57483019935853	32.03336268159235	0.0
98.0	29.497482200405443	18.29135689833831	20.478431079537298	31.732729821718948	0.0
99.0	29.478505338498373	18.750946803885192	20.213107110325033	31.557440747291405	0.0
100.0	29.604545067361844	18.852402186164724	19.946475017382742	31.59657772909069	0.0
101.0	29.650581366335643	18.71849892709217	19.742701731623335	31.88821797494885	0.0
102.0	29.721184132718122	18.771697635033206	20.06279491687015	31.44432331537852	0.0
103.0	29.43800955975659	18.603618761123656	19.703315103036985	32.25505657608277	0.0
104.0	29.718520213546253	18.650972828629744	19.94262936485722	31.687877592966785	0.0
105.0	29.76880814019313	18.74792861892146	20.038000193500444	31.445263047384962	0.0
106.0	29.43293022020435	19.01181948721354	19.66338532026328	31.891864972318828	0.0
107.0	29.54188331049201	18.425308880914766	19.97970435310241	32.05310345549081	0.0
108.0	29.294587943283368	18.702009734188277	20.70963330054834	31.293769021980015	0.0
109.0	29.196889206722176	18.73116412116259	19.79576373635729	32.276182935757944	0.0
110.0	29.437167184290562	18.687474646445352	20.36912629236056	31.506231876903527	0.0
111.0	29.259673867619963	19.118433559892342	20.1038461621741	31.518046410313595	0.0
112.0	29.648909724012285	18.88923355192737	19.200959425393314	32.26089729866703	0.0
113.0	29.780700400770677	18.552287567291117	19.946387552741683	31.72062447919652	0.0
114.0	30.0166232355893	18.735521428841647	19.645459987404617	31.602395348164436	0.0
115.0	29.49869140822447	18.85158435081492	19.918676356610916	31.73104788434969	0.0
116.0	29.593699887271168	18.694613739308338	19.86567804010606	31.84600833331443	0.0
117.0	29.86722571628232	18.52058058677298	20.10470724358754	31.507486453357163	0.0
118.0	29.82625415622549	18.58310021449247	19.541259142539154	32.04938648674289	0.0
119.0	29.80047806754164	18.54229121930589	19.84424251062567	31.812988202526792	0.0
120.0	29.775685105198473	18.78003269538797	20.0545866722653	31.38969552714826	0.0
121.0	29.475519229532676	18.852777202245292	19.789902858054635	31.881800710167397	0.0
122.0	29.04294552225359	19.08486996215989	19.77175806354736	32.10042645203916	0.0
123.0	29.345373005356063	18.9591042175058	19.806563890156095	31.888958886982046	0.0
124.0	29.130312480297206	18.84751368889708	19.440173821105876	32.58200000969984	0.0
125.0	29.308063616139417	18.651604901571396	19.795369871758947	32.24496161053024	0.0
126.0	29.868953513137697	18.548720748333462	20.23961946822496	31.342706270303882	0.0
127.0	29.510870768617593	18.728426377205952	19.634303259631398	32.126399594545056	0.0
128.0	29.41166289178791	18.4769600522219	20.368273215504367	31.74310384048582	0.0
129.0	29.48991360197254	18.7408655710323	19.95133275668367	31.81788807031149	0.0
130.0	29.72681856464161	18.79306337579379	19.452337574380774	32.027780485183825	0.0
131.0	29.44151208967979	18.6806917005982	19.833107123108633	32.04468908661338	0.0
132.0	29.851417938559788	18.44065945456706	19.886787396438784	31.82113521043437	0.0
133.0	29.56116449525903	18.919613395308133	19.497892195398702	32.02132991403413	0.0
134.0	29.54958459813773	18.22265335060122	19.954390257636177	32.273371793624875	0.0
135.0	28.788593067738322	18.769143578448418	20.23287865321947	32.20938470059379	0.0
136.0	28.820731966622237	18.610072449863345	20.686328913044605	31.882866670469813	0.0
137.0	29.572908861638552	18.78767625765926	21.785851349622618	29.85356353107957	0.0
138.0	30.201149954122776	19.997476095203794	20.063465689354643	29.73790826131879	0.0
139.0	30.10640777110412	20.140411648181693	19.19497674812767	30.558203832586518	0.0
140.0	29.712542763667027	20.03154237405733	19.142645182983127	31.11326967929251	0.0
141.0	29.997606452358987	18.50911565138113	21.540315141474803	29.95296275478508	0.0
142.0	27.479712736142126	20.152965019900645	21.781101033422775	30.586221210534454	0.0
143.0	26.985314263795278	19.909584086799274	18.302098745136718	34.80300290426872	0.0
144.0	27.74234551658007	19.903886894275583	17.824409606850566	34.52935798229378	0.0
145.0	28.7815853236414	18.958287228549217	16.368191387342605	35.891936060466776	0.0
146.0	33.72875671487305	15.22288463428879	18.61834078305973	32.43001786777844	0.0
147.0	34.16517103430739	16.471864863826	21.293763878334865	28.069200223531745	0.0
148.0	32.292564167819044	17.257471553365612	20.247932617274337	30.202031661541007	0.0
149.0	30.90711879888109	19.322406133201696	21.39870848150872	28.371766586408498	0.0
150.0	18.490143001667896	24.69854810926093	22.93877997429798	33.87252891477319	0.0
