# Position (bp)	A	C	G	T	N
0.0	26.001314836203072	23.707715543955267	24.065624609027854	26.22534501081381	0.0
1.0	25.974097882770575	19.89639509613556	15.439287533019913	38.69021948807395	0.0
2.0	28.328017570643354	18.881903186361054	18.700654131758885	34.08942511123671	0.0
3.0	22.72253813502984	22.194416995552277	15.447935854444484	39.635109014973395	0.0
4.0	34.004641600834574	13.260471296725662	14.68324609224305	38.05164101019671	0.0
5.0	34.52607988828979	14.999915398045516	22.91962680742057	27.554377906244117	0.0
6.0	30.42695543107398	17.498298037745492	21.181782926235243	30.892963604945283	0.0
7.0	34.632928261122196	17.07098195541549	20.052877707611565	28.24321207585075	0.0
8.0	22.581076405972205	26.66796753426298	22.34297978972696	28.40797627003785	0.0
9.0	27.65275695622807	18.643265594716148	15.915283910456973	37.788693538598814	0.0
10.0	25.899735834086172	16.45876531710373	25.343498058939318	32.29800078987077	0.0
11.0	27.98458950540465	17.824876655044196	19.587726637033896	34.602807202517255	0.0
12.0	26.10020895510426	19.389958400435987	21.435274008131127	33.07455863632862	0.0
13.0	26.372912508231533	20.530863065170575	18.58824401574933	34.50798041084857	0.0
14.0	30.552214955272568	18.225199549230457	20.31089919263096	30.91168630286602	0.0
15.0	29.871630415278787	18.111594403583002	19.8644262951276	32.15234888601061	0.0
16.0	29.475993761178522	17.383279228224122	18.713125078753322	34.42760193184404	0.0
17.0	30.115415080654532	17.788956235192703	19.7884223822841	32.30720630186866	0.0
18.0	30.607236534239384	17.32033222659407	18.78786003347378	33.28457120569277	0.0
19.0	29.596489126809878	18.12378308029121	19.812176387850595	32.46755140504832	0.0
20.0	29.748975594595926	17.459539158934557	19.888959485506494	32.902525760963016	0.0
21.0	29.015506668263626	18.09652274306893	19.523432758799554	33.36453782986789	0.0
22.0	29.61347535572013	18.8069500613775	22.365709723825734	29.213864859076633	0.0
23.0	29.52946810173215	20.043137897456607	21.11546316748867	29.311930833322574	0.0
24.0	31.912927655584284	19.328569768430725	18.334341079024032	30.424161496960956	0.0
25.0	29.079333035610528	21.047061872171838	19.298326266498126	30.575278825719508	0.0
26.0	31.814127021372375	16.72437828843819	21.607985887404677	29.853508802784763	0.0
27.0	26.07485205506655	20.88292102583465	24.96476971526806	28.07745720383074	0.0
28.0	25.987082451555853	19.5472758140589	18.55411572096635	35.9115260134189	0.0
29.0	27.546242392373426	19.708411233262556	17.649114823790693	35.09623155057333	0.0
30.0	26.304686051093086	18.950262460034914	16.581626024365864	38.16342546450614	0.0
31.0	33.73581517526049	14.266159300595579	18.0654012084984	33.932624315645526	0.0
32.0	33.9025152474943	15.67035874480918	22.438252975034224	27.988873032662298	0.0
33.0	30.927364669857038	17.80587721051799	20.63896423901675	30.627793880608216	0.0
34.0	33.40189311255195	16.290308806144203	21.610453193285707	28.69734488801814	0.0
35.0	26.05261774870124	20.44405921694409	25.051264735306987	28.452058299047682	0.0
