# Position (bp)	A	C	G	T	N
0.0	58.91891891891892	14.72972972972973	12.027027027027028	14.324324324324325	0.0
1.0	15.878378378378377	54.25675675675675	13.108108108108107	16.756756756756758	0.0
2.0	19.55793703951775	46.75150703281983	12.391158740790354	21.299397186872067	0.0
3.0	53.64061456245825	15.230460921843688	14.362057448229793	16.76686706746827	0.0
4.0	52.30460921843687	14.963259853039412	7.214428857715431	25.517702070808284	0.0
5.0	16.8	49.333333333333336	9.733333333333333	24.133333333333333	0.0
6.0	26.11592271818787	45.03664223850766	11.12591605596269	17.72151898734177	0.0
7.0	55.562958027981345	8.727514990006663	19.586942038640906	16.122584943371084	0.0
8.0	57.16189207195204	10.259826782145238	10.592938041305796	21.985343104596936	0.0
9.0	30.712858094603597	41.9053964023984	10.992671552298468	16.389073950699533	0.0
10.0	21.91872085276482	16.655562958027982	9.327115256495668	52.09860093271153	0.0
11.0	22.436750998668444	11.118508655126497	10.985352862849535	55.45938748335553	0.0
12.0	15.302727877578176	14.37125748502994	18.030605455755154	52.29540918163673	0.0
13.0	20.159680638722556	43.11377245508982	15.502328675981369	21.224218230206255	0.0
14.0	22.821024617431803	13.373253493013973	44.97671324018629	18.829008649367932	0.0
15.0	53.48837209302325	13.023255813953488	11.827242524916944	21.661129568106315	0.0
16.0	15.415282392026578	13.554817275747508	15.083056478405316	55.946843853820596	0.0
17.0	30.192435301924352	42.60119442601194	9.555408095554082	17.650962176509623	0.0
18.0	13.271400132714001	22.69409422694094	13.536828135368282	50.49767750497678	0.0
19.0	15.660252156602523	49.834107498341076	12.67418712674187	21.831453218314532	0.0
20.0	17.693836978131213	14.115308151093439	9.012591119946984	59.178263750828364	0.0
21.0	25.065963060686013	17.54617414248021	9.894459102902374	47.4934036939314	0.0
22.0	18.66754617414248	15.237467018469658	43.073878627968334	23.021108179419524	0.0
23.0	23.071852340145025	12.392880685563611	9.492419248516809	55.04284772577456	0.0
24.0	58.36627140974967	8.49802371541502	15.085638998682477	18.050065876152832	0.0
25.0	20.144832126398946	15.997366688610928	40.94799210006583	22.909809084924294	0.0
26.0	57.6036866359447	9.545753785385122	9.216589861751153	23.633969716919026	0.0
27.0	18.69651086240948	14.351547070441079	9.150757077024359	57.80118499012509	0.0
28.0	20.803159973666887	45.622119815668206	13.627386438446345	19.947333772218563	0.0
29.0	25.34562211981567	13.890717577353524	9.414088215931534	51.34957208689927	0.0
30.0	19.692737430167597	9.706703910614525	51.39664804469274	19.203910614525142	0.0
31.0	27.266338721011945	10.751932536893886	8.713984539704848	53.26774420238932	0.0
32.0	23.691860465116278	10.029069767441861	8.720930232558139	57.55813953488372	0.0
33.0	22.95918367346939	48.177842565597665	9.037900874635568	19.825072886297377	0.0
34.0	23.886048210372536	11.10299488677867	11.541271000730461	53.469685902118336	0.0
35.0	16.4963503649635	53.86861313868613	8.978102189781021	20.656934306569344	0.0
36.0	22.465353756382203	9.992706053975201	9.336250911743253	58.20568927789934	0.0
37.0	59.95623632385121	12.472647702407002	9.992706053975201	17.578409919766592	0.0
38.0	54.39238653001463	18.521229868228403	10.175695461200586	16.910688140556367	0.0
39.0	59.76591075347476	10.826627651792247	9.80248719824433	19.60497439648866	0.0
40.0	19.194139194139197	46.81318681318681	15.970695970695969	18.021978021978022	0.0
41.0	23.184818481848186	8.91089108910891	47.11221122112212	20.792079207920793	0.0
42.0	49.21552436003303	10.404624277456648	20.23121387283237	20.148637489677952	0.0
43.0	45.6198347107438	12.644628099173556	13.801652892561982	27.933884297520663	0.0
44.0	19.384359400998335	42.09650582362729	10.8153078202995	27.703826955074874	0.0
45.0	28.768699654775602	11.39240506329114	25.66168009205984	34.177215189873415	0.0
46.0	26.528258362168394	15.570934256055363	19.83852364475202	38.062283737024224	0.0
47.0	26.634958382877528	16.171224732461358	13.436385255648037	43.75743162901308	0.0
48.0	31.19047619047619	17.142857142857142	16.428571428571427	35.23809523809524	0.0
49.0	20.952380952380953	21.071428571428573	16.428571428571427	41.54761904761905	0.0
50.0	21.411483253588518	17.3444976076555	15.19138755980861	46.05263157894737	0.0
51.0	26.650660264105642	20.168067226890756	14.645858343337334	38.53541416566627	0.0
52.0	25.210084033613445	23.04921968787515	15.72629051620648	36.014405762304925	0.0
53.0	28.811524609843936	16.80672268907563	17.52701080432173	36.8547418967587	0.0
54.0	36.101083032490976	18.531889290012032	17.809867629362213	27.557160048134776	0.0
55.0	30.676328502415455	14.613526570048311	26.44927536231884	28.26086956521739	0.0
56.0	23.792270531400966	17.14975845410628	20.28985507246377	38.768115942028984	0.0
57.0	28.657799274486095	17.291414752116083	29.746070133010882	24.30471584038694	0.0
58.0	36.352509179926564	17.01346389228886	14.075887392900857	32.55813953488372	0.0
59.0	25.461254612546124	15.990159901599016	20.17220172201722	38.37638376383764	0.0
60.0	22.962962962962962	18.88888888888889	28.14814814814815	30.0	0.0
61.0	24.873096446700508	15.989847715736042	18.401015228426395	40.736040609137056	0.0
62.0	23.252858958068614	20.584498094027953	19.567979669631512	36.594663278271916	0.0
63.0	28.335451080050827	26.810673443456164	18.170266836086405	26.683608640406607	0.0
64.0	28.02547770700637	13.885350318471337	19.10828025477707	38.98089171974522	0.0
65.0	27.261146496815286	15.286624203821656	21.528662420382165	35.92356687898089	0.0
66.0	24.872448979591837	12.627551020408163	32.90816326530612	29.591836734693878	0.0
67.0	25.255102040816325	16.581632653061224	14.285714285714285	43.87755102040816	0.0
68.0	24.904214559386972	17.624521072796934	15.964240102171138	41.50702426564495	0.0
69.0	37.01799485861182	17.866323907455012	15.681233933161954	29.43444730077121	0.0
70.0	35.26383526383526	20.72072072072072	14.157014157014158	29.858429858429858	0.0
71.0	27.39018087855297	31.007751937984494	16.925064599483207	24.67700258397933	0.0
72.0	36.57587548638132	15.56420233463035	20.752269779507134	27.107652399481193	0.0
73.0	36.07843137254902	17.254901960784313	18.562091503267975	28.104575163398692	0.0
74.0	25.935828877005346	27.67379679144385	20.18716577540107	26.203208556149733	0.0
75.0	29.86425339366516	18.250377073906485	22.92609351432881	28.95927601809955	0.0
76.0	27.04791344667697	20.86553323029366	18.238021638330757	33.84853168469861	0.0
77.0	29.21174652241113	22.102009273570324	19.01081916537867	29.675425038639876	0.0
78.0	28.043143297380585	22.033898305084744	17.103235747303543	32.81972265023113	0.0
79.0	29.429892141756547	18.798151001540834	18.64406779661017	33.12788906009245	0.0
80.0	29.121725731895225	18.335901386748844	22.033898305084744	30.508474576271187	0.0
81.0	26.348228043143294	19.26040061633282	20.03081664098613	34.36055469953775	0.0
82.0	31.895223420647152	17.41140215716487	22.650231124807398	28.043143297380585	0.0
83.0	25.19201228878648	21.812596006144393	24.731182795698924	28.264208909370197	0.0
84.0	25.65284178187404	21.044546850998465	21.19815668202765	32.104454685099846	0.0
85.0	31.538461538461537	18.461538461538463	17.846153846153847	32.15384615384615	0.0
86.0	31.23076923076923	17.53846153846154	19.846153846153847	31.384615384615383	0.0
87.0	33.38461538461539	19.846153846153847	19.538461538461537	27.23076923076923	0.0
88.0	33.84615384615385	16.615384615384617	17.692307692307693	31.846153846153847	0.0
89.0	27.846153846153847	17.53846153846154	20.153846153846153	34.46153846153846	0.0
90.0	29.846153846153843	18.153846153846153	19.230769230769234	32.76923076923077	0.0
91.0	29.53846153846154	20.153846153846153	16.46153846153846	33.84615384615385	0.0
92.0	28.615384615384613	18.76923076923077	17.53846153846154	35.07692307692308	0.0
93.0	32.46153846153847	15.846153846153847	19.230769230769234	32.46153846153847	0.0
94.0	32.15384615384615	18.153846153846153	18.0	31.692307692307693	0.0
95.0	30.76923076923077	19.076923076923077	19.076923076923077	31.076923076923073	0.0
96.0	28.307692307692307	19.076923076923077	18.307692307692307	34.30769230769231	0.0
97.0	31.13496932515337	17.94478527607362	17.63803680981595	33.282208588957054	0.0
98.0	28.37423312883436	23.006134969325153	16.104294478527606	32.515337423312886	0.0
99.0	32.82208588957055	15.797546012269938	16.87116564417178	34.50920245398773	0.0
100.0	31.74846625766871	16.411042944785276	19.32515337423313	32.515337423312886	0.0
101.0	31.13496932515337	19.32515337423313	19.631901840490798	29.9079754601227	0.0
102.0	29.601226993865033	15.644171779141105	22.54601226993865	32.20858895705521	0.0
103.0	25.61349693251534	18.25153374233129	19.938650306748464	36.19631901840491	0.0
104.0	28.22085889570552	18.404907975460123	19.938650306748464	33.43558282208589	0.0
105.0	28.834355828220858	20.398773006134967	17.484662576687114	33.282208588957054	0.0
106.0	33.58895705521473	16.257668711656443	16.56441717791411	33.58895705521473	0.0
107.0	31.441717791411044	19.631901840490798	18.55828220858896	30.368098159509206	0.0
108.0	35.43913713405239	15.408320493066254	17.103235747303543	32.04930662557781	0.0
109.0	27.00617283950617	22.685185185185187	19.753086419753085	30.555555555555557	0.0
110.0	26.70807453416149	20.341614906832298	21.73913043478261	31.211180124223603	0.0
111.0	29.19254658385093	19.40993788819876	19.875776397515526	31.521739130434785	0.0
112.0	27.639751552795033	19.25465838509317	19.565217391304348	33.54037267080746	0.0
113.0	29.595015576323984	20.404984423676012	18.22429906542056	31.775700934579437	0.0
114.0	27.03125	19.21875	20.0	33.75	0.0
115.0	27.386541471048513	18.622848200312987	18.622848200312987	35.36776212832551	0.0
116.0	26.64576802507837	20.689655172413794	18.96551724137931	33.69905956112852	0.0
117.0	31.240188383045524	19.623233908948194	18.053375196232338	31.083202511773937	0.0
118.0	28.459119496855344	15.251572327044025	21.069182389937108	35.22012578616352	0.0
119.0	22.169811320754718	19.81132075471698	29.40251572327044	28.61635220125786	0.0
120.0	26.729559748427672	21.855345911949687	22.32704402515723	29.08805031446541	0.0
121.0	28.930817610062892	17.138364779874212	18.867924528301888	35.062893081761004	0.0
122.0	28.930817610062892	18.238993710691823	19.81132075471698	33.0188679245283	0.0
123.0	33.9622641509434	16.50943396226415	18.553459119496853	30.974842767295595	0.0
124.0	30.031446540880502	17.61006289308176	21.540880503144656	30.81761006289308	0.0
125.0	28.548895899053626	23.186119873817034	16.40378548895899	31.861198738170348	0.0
126.0	34.85804416403786	18.61198738170347	15.615141955835963	30.914826498422716	0.0
127.0	28.79746835443038	16.297468354430382	21.835443037974684	33.06962025316456	0.0
128.0	33.75594294770206	16.798732171156892	18.700475435816163	30.744849445324878	0.0
129.0	27.344992050874406	19.554848966613672	15.262321144674084	37.83783783783784	0.0
130.0	28.708133971291865	19.617224880382775	16.427432216905903	35.24720893141946	0.0
131.0	30.56	18.88	16.64	33.92	0.0
132.0	29.260450160771708	16.720257234726688	20.578778135048232	33.440514469453376	0.0
133.0	24.717285945072696	25.68659127625202	18.416801292407108	31.179321486268176	0.0
134.0	25.283630470016206	18.962722852512158	21.39384116693679	34.35980551053485	0.0
135.0	27.06645056726094	17.01782820097245	22.042139384116695	33.873581847649916	0.0
136.0	23.9870340356564	16.53160453808752	23.66288492706645	35.81847649918963	0.0
137.0	29.756097560975608	17.560975609756095	20.16260162601626	32.52032520325203	0.0
138.0	28.594771241830063	17.15686274509804	21.73202614379085	32.51633986928105	0.0
139.0	29.34426229508197	20.163934426229506	18.360655737704917	32.131147540983605	0.0
140.0	30.033003300330037	14.686468646864686	21.45214521452145	33.82838283828383	0.0
141.0	33.94039735099338	16.55629139072848	19.205298013245034	30.29801324503311	0.0
142.0	32.94701986754967	15.562913907284766	18.874172185430464	32.615894039735096	0.0
143.0	35.48922056384743	17.24709784411277	20.066334991708125	27.197346600331674	0.0
144.0	34.333333333333336	16.166666666666664	16.333333333333332	33.166666666666664	0.0
145.0	29.215358931552586	18.196994991652755	22.20367278797997	30.38397328881469	0.0
146.0	30.485762144053602	18.927973199329983	17.922948073701843	32.663316582914575	0.0
147.0	27.85234899328859	20.302013422818792	17.61744966442953	34.22818791946309	0.0
148.0	24.53781512605042	20.840336134453782	21.008403361344538	33.61344537815126	0.0
149.0	30.134680134680135	20.033670033670035	16.329966329966332	33.5016835016835	0.0
150.0	26.430976430976433	21.548821548821547	18.51851851851852	33.5016835016835	0.0
151.0	27.580372250423014	19.4585448392555	19.627749576988155	33.33333333333333	0.0
152.0	27.918781725888326	20.812182741116754	15.905245346869712	35.36379018612521	0.0
153.0	32.54237288135593	15.423728813559324	19.152542372881356	32.88135593220339	0.0
154.0	33.389830508474574	16.101694915254235	18.47457627118644	32.03389830508475	0.0
155.0	32.54237288135593	20.508474576271183	15.593220338983052	31.35593220338983	0.0
156.0	29.591836734693878	14.965986394557824	20.578231292517007	34.863945578231295	0.0
157.0	32.36797274275979	18.228279386712096	21.12436115843271	28.279386712095402	0.0
158.0	29.059829059829063	23.931623931623932	15.213675213675213	31.794871794871792	0.0
159.0	35.051546391752574	14.604810996563575	17.353951890034363	32.98969072164948	0.0
160.0	27.835051546391753	18.384879725085913	20.790378006872853	32.98969072164948	0.0
161.0	28.52233676975945	20.790378006872853	21.993127147766323	28.694158075601372	0.0
162.0	31.27147766323024	19.759450171821307	20.618556701030926	28.350515463917525	0.0
163.0	32.358003442340795	15.3184165232358	17.900172117039588	34.42340791738382	0.0
164.0	31.551724137931036	15.0	22.586206896551726	30.862068965517242	0.0
165.0	30.7426597582038	18.307426597582037	22.625215889464595	28.324697754749568	0.0
166.0	24.695652173913043	20.52173913043478	18.782608695652172	36.0	0.0
167.0	28.397212543554005	20.557491289198605	22.99651567944251	28.04878048780488	0.0
168.0	28.321678321678323	17.132867132867133	19.58041958041958	34.96503496503497	0.0
169.0	25.174825174825177	17.132867132867133	19.58041958041958	38.111888111888106	0.0
170.0	27.592267135325134	15.465729349736378	21.79261862917399	35.1493848857645	0.0
171.0	29.929577464788732	14.788732394366196	20.598591549295776	34.683098591549296	0.0
172.0	27.915194346289752	23.32155477031802	17.137809187279153	31.62544169611308	0.0
173.0	30.550621669627	20.24866785079929	18.82770870337478	30.373001776198933	0.0
174.0	29.874776386404296	19.67799642218247	18.425760286225405	32.021466905187836	0.0
175.0	28.776978417266186	17.805755395683455	21.942446043165468	31.47482014388489	0.0
176.0	32.55395683453237	17.446043165467625	17.985611510791365	32.014388489208635	0.0
177.0	29.58257713248639	20.508166969147005	18.69328493647913	31.21597096188748	0.0
178.0	27.573529411764707	20.40441176470588	20.40441176470588	31.61764705882353	0.0
179.0	25.508317929759706	19.77818853974122	23.65988909426987	31.053604436229204	0.0
180.0	29.814814814814817	15.0	20.74074074074074	34.44444444444444	0.0
181.0	28.438661710037177	18.21561338289963	20.44609665427509	32.899628252788105	0.0
182.0	32.402234636871505	18.063314711359403	20.48417132216015	29.05027932960894	0.0
183.0	32.20973782771536	21.53558052434457	21.161048689138575	25.0936329588015	0.0
184.0	31.144465290806757	19.51219512195122	19.887429643527206	29.45590994371482	0.0
185.0	27.49529190207156	21.84557438794727	24.670433145009415	25.98870056497175	0.0
186.0	27.27272727272727	17.992424242424242	21.59090909090909	33.14393939393939	0.0
187.0	28.57142857142857	22.857142857142858	15.619047619047619	32.95238095238095	0.0
188.0	32.758620689655174	16.47509578544061	19.54022988505747	31.226053639846747	0.0
189.0	30.57692307692308	19.615384615384617	20.192307692307693	29.615384615384617	0.0
190.0	31.3953488372093	20.155038759689923	16.666666666666664	31.782945736434108	0.0
191.0	29.377431906614788	16.926070038910506	20.622568093385212	33.07392996108949	0.0
192.0	29.0448343079922	21.24756335282651	19.883040935672515	29.82456140350877	0.0
193.0	27.87524366471735	18.9083820662768	21.24756335282651	31.968810916179336	0.0
194.0	26.47058823529412	23.333333333333332	22.745098039215687	27.450980392156865	0.0
195.0	26.48221343873518	22.727272727272727	19.565217391304348	31.225296442687743	0.0
196.0	27.490039840637447	21.115537848605577	21.115537848605577	30.278884462151396	0.0
197.0	31.25	21.16935483870968	18.951612903225808	28.62903225806452	0.0
198.0	26.458333333333332	24.583333333333332	23.333333333333332	25.624999999999996	0.0
199.0	27.114967462039047	26.247288503253795	17.787418655097614	28.850325379609544	0.0
200.0	27.486910994764397	17.277486910994764	17.539267015706805	37.696335078534034	0.0
201.0	38.26714801444043	17.328519855595665	16.967509025270758	27.436823104693143	0.0
202.0	35.018050541516246	18.050541516245488	17.328519855595665	29.602888086642597	0.0
203.0	36.36363636363637	16.363636363636363	17.09090909090909	30.181818181818183	0.0
204.0	34.306569343065696	16.05839416058394	24.817518248175183	24.817518248175183	0.0
205.0	33.82352941176471	13.970588235294118	24.264705882352942	27.941176470588236	0.0
206.0	33.94833948339483	18.081180811808117	18.081180811808117	29.88929889298893	0.0
207.0	23.985239852398525	23.616236162361623	16.605166051660518	35.79335793357934	0.0
208.0	26.394052044609666	18.21561338289963	21.933085501858738	33.457249070631974	0.0
209.0	24.1635687732342	21.933085501858738	17.472118959107807	36.43122676579926	0.0
210.0	27.340823970037455	19.475655430711612	18.726591760299627	34.45692883895131	0.0
211.0	36.36363636363637	19.696969696969695	18.939393939393938	25.0	0.0
212.0	25.85551330798479	17.110266159695815	22.0532319391635	34.98098859315589	0.0
213.0	29.88505747126437	18.007662835249043	16.85823754789272	35.24904214559387	0.0
214.0	32.30769230769231	24.615384615384617	18.076923076923077	25.0	0.0
215.0	26.744186046511626	24.031007751937985	17.441860465116278	31.782945736434108	0.0
216.0	32.55813953488372	18.992248062015506	16.27906976744186	32.17054263565892	0.0
217.0	26.08695652173913	16.205533596837945	23.3201581027668	34.387351778656125	0.0
218.0	22.89156626506024	16.46586345381526	22.48995983935743	38.152610441767074	0.0
219.0	18.340611353711793	21.397379912663755	26.200873362445414	34.06113537117904	0.0
220.0	0.0	29.559748427672954	23.270440251572328	47.16981132075472	0.0
