# Position (bp)	A	C	G	T	N
0.0	34.1598701645541	18.620703823160838	22.57123487478686	24.648191137498202	0.0
1.0	27.148345214372288	14.959837294820963	15.311132567742467	42.58068492306428	0.0
2.0	25.214158055835167	11.777152365496416	19.375911584050616	43.6327779946178	0.0
3.0	27.815208906782797	23.561069799926052	14.32356928638922	34.30015200690193	0.0
4.0	33.76401955548252	11.020500390287992	14.70153239390329	40.5139476603262	0.0
5.0	37.563420495860974	18.599921944005093	23.207279748577534	20.629377811556395	0.0
6.0	32.32134420639648	18.801224246656943	22.334285068709818	26.543146478236757	0.0
7.0	37.6353141753795	10.39993426863587	21.713945319721464	30.250806236263173	0.0
8.0	18.2075878643469	26.506172585912946	19.51810693671302	35.768132613027134	0.0
9.0	25.222356880225128	12.632746543968121	16.1884025224411	45.956494053365645	0.0
10.0	29.209374935809212	11.25855021259988	26.59860731672247	32.933467534868434	0.0
11.0	28.42676088162192	14.805989770556458	18.25072407205801	38.51652527576361	0.0
12.0	25.203869934063228	14.397222849865457	25.318899821292856	35.08000739477847	0.0
13.0	28.556169504755253	19.010742969825195	19.18328780066964	33.24979972474991	0.0
14.0	28.82320317153832	19.96590185485693	23.11484501776801	28.096049955836737	0.0
15.0	31.403159213688557	14.93539839368979	20.150771316475975	33.51067107614568	0.0
16.0	36.96773000842183	16.252079781443214	14.38284411396175	32.3973460961732	0.0
17.0	28.22545857897007	14.13635149846969	19.374319577675987	38.263870344884246	0.0
18.0	39.332005012016516	14.132243288211491	18.860793295400857	27.674958404371136	0.0
19.0	25.9022656779574	18.34521290799663	17.33870139473738	38.41382001930859	0.0
20.0	35.603804202699095	9.978842717170265	19.049770967278103	35.36758211285254	0.0
21.0	28.08988764044944	16.92171805352998	20.73208306801142	34.25631123800916	0.0
22.0	31.491485734239877	15.473573937514121	22.169956658381775	30.86498366986422	0.0
23.0	29.698251956535138	16.194564837828402	20.532834870488674	33.57434833514779	0.0
24.0	28.677361707372185	15.442762360577614	27.97280364809071	27.907072283959494	0.0
25.0	33.36688371710864	18.58554320810139	17.673520530780763	30.3740525440092	0.0
26.0	33.6072140172134	13.951482036850646	23.587289197461125	28.854014748474828	0.0
27.0	28.036480907092827	27.623605776143624	21.77967668385268	22.560236632910872	0.0
28.0	23.985785592506627	16.529383973871784	19.470862518743708	40.01396791487789	0.0
29.0	26.483577429492843	20.12612205492677	16.504734712322577	36.885565803257805	0.0
30.0	26.39481000926784	14.686438059932035	14.000617856039543	44.91813407476058	0.0
31.0	37.529411764705884	11.304437564499484	19.263157894736842	31.902992776057793	0.0
32.0	34.21364061040175	15.457282258901692	25.51230146371847	24.816775666978096	0.0
33.0	29.61871860627768	15.4504800457792	27.5734904520696	27.357310895873514	0.0
34.0	35.0617340827421	12.52418686077582	23.244724960840323	29.169354095641758	0.0
35.0	25.28448904086552	20.752284320870004	23.056225124726723	30.90700151353775	0.0
