# Position (bp)	A	C	G	T	N
0.0	27.142367261161326	24.130201566093355	23.33677299196819	25.39065818077713	0.0
1.0	27.35021827487581	19.991751969491695	15.167281348788197	37.4907484068443	0.0
2.0	28.271485290899427	19.880732797699068	18.083596461062307	33.7641854503392	0.0
3.0	23.690968253943506	22.16065272673694	15.200718460921994	38.94750464239886	1.5591599869654225E-4
4.0	34.47149084948108	13.797865838010853	14.612213030488249	37.11703052557744	0.001399756442379026
5.0	36.20281480100662	14.789511293379315	22.673750271848885	26.327088576133225	0.006835057631963215
6.0	32.51469682418269	17.73610725384662	20.1597450533492	29.584020529783857	0.005430338837628214
7.0	35.941964278793456	16.670309789458507	20.32614475444577	27.060961071295136	6.201060071219175E-4
8.0	23.14786703429474	27.059698255831965	22.218160413891386	27.5731899996902	0.0010842962917066825
9.0	29.182861910489255	18.108178810971125	16.04493957645471	36.66386490883451	1.5479325039510978E-4
10.0	26.699410609037326	17.05552031929211	25.159259316553996	31.08534566774438	4.640873721826029E-4
11.0	28.503950399678402	18.611562069978508	19.89377985991929	32.98993459807969	7.730723441099619E-4
12.0	26.518156048976664	19.56516363164256	21.278295893984872	32.632974859428565	0.005409565967338587
13.0	27.56513248961835	21.43903252916749	18.863240310460746	32.13244018192604	1.5448882736800474E-4
14.0	31.796735960055365	18.18163560411311	20.724830680245205	29.29571633379474	0.0010814217915760332
15.0	29.788999159580783	18.79356584931778	19.65684941665019	31.75981313031442	7.724441368400236E-4
16.0	30.682717025904687	17.56769700415266	19.165111479137828	32.5821571583943	0.002317332410520071
17.0	30.372194482894997	18.16695916551315	20.440107771405973	31.018575736602727	0.0021628435831520664
18.0	31.476789598576232	18.261042861380265	18.46280526992288	31.793646183508006	0.005716086612616175
19.0	30.60717198932173	18.39390325291675	19.61343805615978	31.38548670160174	0.0
20.0	30.419313575242242	18.271239123986554	19.31851888471426	31.990773927229583	1.5448882736800474E-4
21.0	30.390578653351792	17.372732104014236	19.374598329048844	32.86209091358513	0.0
22.0	28.639602283962823	19.17515325291675	19.63336711489025	32.5507959264386	0.0010814217915760332
23.0	30.153283814514538	17.741651423769035	20.17067925647617	31.933613061103422	7.724441368400236E-4
24.0	31.13243400237295	18.05310089974293	18.596438105596203	32.21679108166897	0.001235910618944038
25.0	29.784364494759743	18.09033270713862	19.218255635752424	32.90689267352185	1.5448882736800474E-4
26.0	32.28322127743722	17.855818667193986	19.76437364049832	30.096586414870472	0.0
27.0	29.25755759343484	18.373356238876802	20.03380215542812	32.33512952343286	1.5448882736800474E-4
28.0	30.49609452244414	18.04923867905873	19.734557296816295	31.71686523630611	0.0032442653747280998
29.0	29.555412052600357	18.375519082459956	19.709066640300573	32.356603470437015	0.0033987542020961045
30.0	30.14795509284078	18.267054539612012	19.36223429647562	32.22229260100944	4.634700621513353E-4
31.0	30.55122124550047	18.265074387059897	19.44198118308641	31.739560320721775	0.002162863631448037
32.0	29.235190063109755	18.443807596344733	19.68298353893571	32.63786431015704	1.5449145276037602E-4
33.0	29.644140539304598	18.588612620852246	19.47092284922398	32.29477905938406	0.0015449312351107254
34.0	29.83280392544619	18.161986453749936	19.60482894151382	32.40022618282494	1.5449646512087802E-4
35.0	30.306605049838204	17.701181057927343	19.686669459935406	32.30554443229905	0.0
36.0	31.104131485021124	17.43416779557222	19.0186563240361	32.443044395370556	0.0
37.0	29.440944406891866	18.914278554866893	19.363001758697976	32.28131124313806	4.6403640520277615E-4
38.0	30.51973572235374	18.354144424329636	19.34054371876402	31.784028841541723	0.0015472930108774699
39.0	29.636516491223723	18.868102723532992	19.683722744929856	31.8115032149487	1.5482536472985296E-4
40.0	29.954015679645153	18.636134525461976	19.497041649542098	31.91048178850314	0.0023263568476313812
41.0	29.842311194537764	18.349115680930346	20.427133413928452	31.38019659822297	0.0012431123804669752
42.0	29.31799264082398	18.36044403992314	19.602324441643912	32.71706068597478	0.0021781916341882734
43.0	29.247582455063803	18.33674154345974	20.448170546523237	31.964857797429282	0.0026476575239418325
44.0	29.75548773074033	18.72390970223936	20.024722456907167	31.4957242308136	1.558792995407796E-4
45.0	29.61653666146646	18.40452418096724	19.709516380655227	32.268954758190326	4.6801872074883E-4
46.0	30.366281266294692	17.572196220099727	19.447939726420895	32.61342667037184	1.5611681284404244E-4
47.0	29.76516273344705	18.056727086418363	20.038644898061193	32.137903240922974	0.0015620411504120664
48.0	30.265963100276966	17.839971990721924	18.982850569251063	32.91043283087522	7.815088748147823E-4
49.0	29.44753610675776	17.667051430037194	20.33396209298761	32.55082473872065	6.256314967920745E-4
50.0	29.779849390419628	18.549756293149898	19.675725795336366	31.99466852109411	0.0
51.0	30.408052435632626	18.18327358567563	19.362949755463614	32.045724223228135	0.0
52.0	29.887457302845743	18.206648719832717	19.799679348501606	32.10605729246154	1.5733635838705059E-4
53.0	31.530761564758862	17.58272255932182	19.456673941290006	31.421642214681285	0.00819971994802639
54.0	30.38592499545738	18.261796980541796	19.333696742745637	32.017159244424434	0.0014220368307539164
55.0	29.039544624229514	18.442971972735705	18.364458908858364	34.152233031838946	7.91462337473209E-4
56.0	29.292786757885892	18.38833704605091	20.408108258088042	31.90997518689107	7.927510840871075E-4
57.0	28.251527557955132	18.777572639369325	19.815311932970012	33.15479412693852	7.937427670190356E-4
58.0	30.87240533455426	18.143938851980266	21.722935753563817	29.260402110547812	3.1794935384742563E-4
59.0	29.752088484557078	20.270917882395274	21.167290518670185	28.802538501831755	0.007164612545714208
60.0	31.238538772266107	19.128459914231314	19.741002188106975	29.891839526053793	1.5959934181231436E-4
61.0	29.14595622241497	21.139855909717934	19.810973521570336	29.903214346296764	0.0
62.0	31.05738375334836	16.40412714379603	21.757330243813865	30.78099816974896	1.606892927903535E-4
63.0	26.630649837278224	20.18218378273615	25.468259159661148	27.716969094976218	0.0019381253482568988
64.0	26.200487300026925	19.579922719795995	18.38032761356005	35.83731576198216	0.0019466046348656358
65.0	27.739598221051757	19.455331548300986	18.737950624245258	34.063045430322624	0.004074176079371468
66.0	26.58934475982926	19.725430334205374	16.968444612416988	36.71089034719598	0.005889946352405307
67.0	33.627978351806156	14.224289483801645	17.77645972509291	34.37045093831842	8.215009808721711E-4
68.0	34.521097056931886	15.414337921853887	22.778406531952623	27.2861584892616	0.0
69.0	32.002509920971406	17.240613234745446	20.41854628090764	30.338330563375504	0.0
70.0	33.08438260462873	16.04234111121667	22.059360864068516	28.813915420086083	0.0
71.0	25.809210058757852	20.05332452997155	25.68334949575536	28.45411591551524	0.0
