# Position (bp)	A	C	G	T	N
0.0	26.335774613370244	23.94604434491598	23.74585955496203	25.972321486751742	0.0
1.0	26.690751493857253	20.299804695866317	15.5591297997555	37.45031401052093	0.0
2.0	28.926486609116292	19.425210946943928	17.99281974422383	33.65548269971595	0.0
3.0	23.316112601861647	22.583436721305606	15.113809817257298	38.98664085957545	0.0
4.0	34.28250436563403	13.082124001781676	14.880574495251745	37.75479713733255	0.0
5.0	35.17503311507439	14.790054969077463	23.211805442937635	26.823106472910506	0.0
6.0	31.456091999593163	17.2193459232029	21.10150634233015	30.22305573487379	0.0
7.0	35.11901858382649	17.06400501906539	20.115284901497212	27.701691495610913	0.0
8.0	22.549715835379637	26.909484020150988	22.95248130304735	27.588318841422026	0.0
9.0	27.911805182216153	18.49907267681412	15.433418506610098	38.15570363435963	0.0
10.0	26.801404424997354	16.31085980035827	25.271009811878454	31.616725962765923	0.0
11.0	28.14876038633104	18.26443967261911	19.63933770339358	33.947462237656275	0.0
12.0	26.194518881690794	19.6144162171026	21.18786882761856	33.00319607358805	0.0
13.0	26.614590576694354	20.844585408177878	18.99226123633405	33.54856277879372	0.0
14.0	30.853591392448156	18.27714041966693	20.504026357358285	30.365241830526628	0.0
15.0	29.7913211475352	18.61493618231371	20.003676600320077	31.590066069831018	0.0
16.0	30.091948738280028	17.681969661431037	18.74224203602186	33.48383956426708	0.0
17.0	30.635122975404922	17.74302146491117	19.565572179681713	32.0562833800022	0.0
18.0	31.652324379414775	17.76154717153455	18.962461832892938	31.623666616157735	0.0
19.0	30.054508129515966	18.449061052841333	20.06078455589159	31.43564626175111	0.0
20.0	29.833224531564273	18.051536751473236	19.823479075811136	32.29175964115135	0.0
21.0	29.417005872181967	18.464265624383774	20.13981719227089	31.978911311163372	0.0
22.0	29.816372365665277	19.030830512098273	22.698894477159932	28.453902645076525	0.0
23.0	29.925048727278764	20.363461909694188	21.137364222657197	28.574125140369848	0.0
24.0	32.9567520751905	19.435438171881195	17.996647210350318	29.61116254257799	0.0
25.0	29.625199527568537	21.036588530044856	19.61462378804516	29.723588154341453	0.0
26.0	32.529973244105506	16.63118068427837	21.996591166195824	28.8422549054203	0.0
27.0	26.52667130933675	21.227657582670318	24.954490070843963	27.29118103714897	0.0
28.0	26.73166058829757	19.746587014776974	18.69177635061223	34.82997604631323	0.0
29.0	28.03403852101552	20.160405635135948	17.3553308369468	34.45022500690173	0.0
30.0	26.676290017599065	19.033301524039405	16.115019704090404	38.175388754271125	0.0
31.0	34.58350664927055	14.296371621349465	18.207604488490627	32.91251724088936	0.0
32.0	34.729547462176576	15.515599383249995	22.510902921691798	27.24395023288163	0.0
33.0	31.47790984047967	17.403120698581915	21.118361046797165	30.00060841414125	0.0
34.0	33.62260831914467	16.440202887843665	21.925262451673383	28.011926341338288	0.0
35.0	26.50976722940741	20.059012262910315	25.981714302553883	27.449506205128394	0.0
