# Position (bp)	A	C	G	T	N
0.0	28.716014504361503	23.79093914284466	19.10614687850413	28.386899474289706	0.0
1.0	27.010732645007206	21.4128646113967	13.869431621255588	37.706971122340505	0.0
2.0	28.134645623434864	20.042513540271386	18.21676081765768	33.60608001863607	0.0
3.0	23.89728360555507	23.026756339709436	15.026057588726818	38.049902466008675	0.0
4.0	33.73650045119786	13.535935726137454	15.168980875032748	37.55858294763194	0.0
5.0	35.91273595203097	15.872276636928584	22.449098397636476	25.76588901340397	0.0
6.0	32.43247176621259	18.08126673652346	20.520433112120156	28.965828385143787	0.0
7.0	34.405378659991854	17.54467664008382	20.311135688922523	27.738809011001802	0.0
8.0	24.462651163467555	25.885879767743063	21.128687224413174	28.522781844376212	0.0
9.0	29.834543576012457	17.944091153829365	15.525546064407223	36.69581920575096	0.0
10.0	27.990803125773077	17.105895021755263	24.392089524003552	30.51121232846811	0.0
11.0	29.03000494746951	18.8731410610867	18.34492593347109	33.751928057972705	0.0
12.0	27.074299351008413	19.794243473705656	20.894327871715028	32.23712930357091	0.0
13.0	26.67617273891282	21.36974741008032	18.593586311255965	33.360493539750905	0.0
14.0	31.728181328833088	18.090693512955177	19.52805621426597	30.653068943945765	0.0
15.0	31.170266928503892	18.154047567095787	19.35413484617063	31.32155065822969	0.0
16.0	30.771244491630185	17.117759129713928	18.436859174798936	33.67413720385695	0.0
17.0	30.070672405770125	18.39663797114937	19.369474174034433	32.16321544904607	0.0
18.0	31.494998255205303	17.64423636152146	18.910666511573805	31.950098871699428	0.0
19.0	30.039692347955043	18.63214062431847	19.085767458090405	32.242399569636085	0.0
20.0	30.835429053219173	18.02561381576078	18.931255542149408	32.207701588870634	0.0
21.0	30.337960607602298	17.719310996438693	18.837124791045863	33.10560360491315	0.0
22.0	30.108433384691413	18.04994331230559	19.20550015988837	32.636123143114624	0.0
23.0	29.624569410328338	17.643638900597374	19.424136277088998	33.307655411985294	0.0
24.0	30.880472065577578	18.07017033893378	19.009069240160457	32.04028835532818	0.0
25.0	29.48015521225421	18.92049005217341	19.022220930401545	32.57713380517083	0.0
26.0	30.73446491890949	17.752717549264663	19.77852700110446	31.73429053072139	0.0
27.0	29.536570124831062	18.451455393602952	19.70848531527473	32.30348916629126	0.0
28.0	30.53593745458773	17.800156944807743	18.79123434184904	32.87267125875549	0.0
29.0	30.207515912459677	18.38869997384253	19.228645333798354	32.175138779899434	0.0
30.0	30.533153145298403	18.244038536989407	18.454742287516165	32.768066030196024	0.0
31.0	29.88011334738066	18.198067281842622	19.145535130422147	32.77628424035458	0.0
32.0	29.925161665334592	18.3012424616726	19.613456368524304	32.1601395044685	0.0
33.0	30.44331395348837	18.468023255813954	18.6671511627907	32.42151162790698	0.0
34.0	30.632267441860467	17.882267441860463	18.703488372093023	32.781976744186046	0.0
35.0	30.78287159510451	17.64586179830809	19.384284426872874	32.186982179714526	0.0
36.0	29.880512835421698	18.087333197662588	19.09614210541617	32.93601186149955	0.0
37.0	29.506599988370063	18.878292725475372	18.95824853172065	32.65685875443391	0.0
38.0	30.075887535254264	19.095455470589943	19.246649027418368	31.582007966737418	0.0
39.0	29.296659203907772	18.621521821300846	19.8659610967348	32.21585787805658	0.0
40.0	30.730537181071455	18.633422984662353	19.008504761212475	31.62753507305372	0.0
41.0	30.25267504070714	18.61043265875785	19.460921144452197	31.67597115608281	0.0
42.0	30.447739497019917	18.666957406599796	19.831370838784707	31.05393225759558	0.0
43.0	30.29452811536896	18.767808338663723	18.9786009187649	31.959062627202417	0.0
44.0	30.752791346824843	18.146662014421956	19.921784135845545	31.178762502907652	0.0
45.0	30.79763877984239	18.38814737270639	19.7097909215156	31.10442292593562	0.0
46.0	30.088547043342977	18.573069485438445	18.69811128720357	32.640272184015004	0.0
47.0	29.723167291866588	18.678938032510395	19.6734420890401	31.92445258658292	0.0
48.0	30.67159079343385	18.077264201695336	18.9918141239077	32.25933088096311	0.0
49.0	29.99781897491821	18.557615412577245	19.018538713195202	32.42602689930934	0.0
50.0	30.025881873964	18.171111175735017	19.933405065867916	31.86960188443307	0.0
51.0	30.57550818623317	17.77415883909617	19.354697996335823	32.29563497833484	0.0
52.0	30.31030070377479	17.534752515558658	19.59518408654685	32.5597626941197	0.0
53.0	30.854126679462574	17.918629674867677	18.705287035421392	32.52195661024836	0.0
54.0	30.6999941836794	18.365032280579303	19.518117838655265	31.41685569708602	0.0
55.0	29.663666370999405	18.099198790187724	19.038548225269373	33.198586613543505	0.0
56.0	29.749302000930665	17.862959516053976	19.427640763145646	32.96009771986971	0.0
57.0	29.629898931142296	17.331491310986692	19.905475169054025	33.133134588816986	0.0
58.0	29.485930342470734	17.936450229040936	19.178361084854213	33.399258343634116	0.0
59.0	29.61040094236726	18.19001497898579	20.009307330977418	32.190276747669536	0.0
60.0	30.1848377761296	18.412518360164622	19.04367174207059	32.35897212163518	0.0
61.0	29.85180983959397	17.832264444541394	19.222547009292786	33.09337870657185	0.0
62.0	30.03315688441626	17.941073817695305	19.430225117794194	32.59554418009424	0.0
63.0	29.53187033724532	17.452699853118684	19.818797900033445	33.196631909602544	0.0
64.0	29.409711618166746	18.531768538312757	19.709727615141865	32.34879222837863	0.0
65.0	29.911434928668037	18.082398964559427	19.818797900033445	32.187368206739094	0.0
66.0	30.44078937800852	17.625758038479997	19.920596832598928	32.01285575091256	0.0
67.0	29.60776043863349	17.45516950508297	20.048284588199365	32.88878546808418	0.0
68.0	29.772968570472823	18.07670491731751	19.52237590354437	32.6279506086653	0.0
69.0	29.49980364493186	17.312699082221865	20.630372492836678	32.5571247800096	0.0
70.0	29.338782871771002	17.285315336281126	20.02559925529439	33.35030253665348	0.0
71.0	31.09136132889206	17.464981308819038	19.661376892754802	31.7822804695341	0.0
72.0	29.985890703864783	18.848274156715007	19.58573942893715	31.580095710483064	0.0
73.0	29.68668179437947	18.20125676383313	18.88927677896084	33.222784662826555	0.0
74.0	30.042038198030458	17.759320406708657	20.04305642428033	32.15558497098055	0.0
75.0	30.641782794635326	18.0825066185669	18.934919849882174	32.3407907369156	0.0
76.0	30.667403700686606	17.758640754102174	18.480158268357965	33.09379727685325	0.0
77.0	30.57284999418131	17.34842313510997	19.523158384731758	32.55556848597696	0.0
78.0	30.356545393712814	18.301499789069435	18.561889937884583	32.78006487933317	0.0
79.0	29.852483342547064	17.9464051907242	19.11606389478891	33.08504757193983	0.0
80.0	29.927400229875023	18.406005848718955	19.590298692040214	32.07629522936581	0.0
81.0	31.10904170183046	17.45773069871664	18.578121817070688	32.85510578238222	0.0
82.0	30.50563841396872	18.150600218261186	19.22881047653692	32.11495089123317	0.0
83.0	31.14632442814737	17.951516209766602	18.325475816308714	32.576683545777314	0.0
84.0	28.999257847174725	17.877151879392887	19.81402523319606	33.30956504023633	0.0
85.0	28.806973630595493	17.74986902613656	18.88497584259852	34.55818150066942	0.0
86.0	30.623026210469632	16.635862209480013	22.8355624117707	29.905549168279656	0.0
87.0	29.820118756549075	20.427290720689253	20.652869949935965	29.099720572825703	0.0
88.0	32.421772667733954	18.115267064473876	18.7570950371125	30.70586523067967	0.0
89.0	28.01793147614473	23.795592815765726	18.6170057927983	29.56946991529124	0.0
90.0	34.17413833255706	14.646891010712624	19.30891942244993	31.87005123428039	0.0
91.0	27.10798655080564	20.87099544415819	27.46750505800329	24.55351294703288	0.0
92.0	25.993478703892396	19.740021543567497	17.72103991382573	36.54545983871437	0.0
93.0	27.543742175900316	19.73419895775714	18.54202451308626	34.18003435325628	0.0
94.0	23.554073923107158	21.628113490457544	17.059962441587935	37.75785014484737	0.0
95.0	33.86812642858183	14.034679051348872	15.888013743503137	36.209180776566164	0.0
96.0	35.60612678722227	15.187385341137416	23.131242538074023	26.075245333566293	0.0
97.0	31.01846458527493	16.97198275862069	21.155638397017707	30.85391425908667	0.0
98.0	35.2039032915817	13.29595106321002	22.454121759394116	29.046023885814154	0.0
99.0	27.0186425866589	18.15613166326828	25.109233906204487	29.715991843868338	0.0
