# Position (bp)	A	C	G	T	N
0.0	56.37918745545261	11.261582323592302	15.894511760513186	16.46471846044191	0.0
1.0	15.181753385602281	52.03136136849608	17.533856022808266	15.25302922309337	0.0
2.0	17.134831460674157	49.57865168539326	13.553370786516854	19.73314606741573	0.0
3.0	55.24669909659485	12.508686587908269	13.759555246699096	18.485059068797778	0.0
4.0	54.892435808466345	13.115891741845939	11.519777931991673	20.471894517696043	0.0
5.0	20.333102012491324	47.814018043025676	12.630117973629423	19.222761970853576	0.0
6.0	18.97506925207756	47.78393351800554	12.880886426592797	20.3601108033241	0.0
7.0	57.399723374827104	11.618257261410788	11.687413554633471	19.294605809128633	0.0
8.0	54.77178423236515	13.001383125864455	14.79944674965422	17.42738589211618	0.0
9.0	18.451969592259847	47.89219073946096	12.923289564616447	20.73255010366275	0.0
10.0	18.922651933701655	10.6353591160221	12.5	57.94198895027625	0.0
11.0	17.322291235334713	12.836438923395447	15.251897860593514	54.589371980676326	0.0
12.0	16.344827586206897	11.862068965517242	14.620689655172415	57.17241379310345	0.0
13.0	19.365954514128187	47.55341144038594	12.129565816678154	20.951068228807717	0.0
14.0	16.95382494831151	12.405237767057201	50.103376981392145	20.537560303239143	0.0
15.0	51.8263266712612	13.02549965541006	15.024121295658166	20.124052377670573	0.0
16.0	17.262723521320495	11.966987620357635	14.580467675378268	56.189821182943604	0.0
17.0	20.701513067400278	45.04814305364512	15.612104539202202	18.638239339752406	0.0
18.0	17.400275103163686	14.580467675378268	14.030261348005501	53.98899587345255	0.0
19.0	19.656357388316152	49.41580756013746	13.402061855670103	17.525773195876287	0.0
20.0	17.57035003431709	14.481811942347289	14.687714481811941	53.260123541523676	0.0
21.0	17.40918437285812	15.078821110349555	14.667580534612748	52.844413982179574	0.0
22.0	18.574366004112406	12.405757368060314	48.183687457162435	20.83618917066484	0.0
23.0	19.533927347498288	13.639479095270735	11.994516792323509	54.83207676490747	0.0
24.0	55.13698630136986	11.164383561643836	13.082191780821917	20.616438356164384	0.0
25.0	18.63013698630137	12.397260273972604	45.20547945205479	23.767123287671232	0.0
26.0	55.27397260273973	11.232876712328768	12.26027397260274	21.232876712328768	0.0
27.0	16.027397260273972	15.753424657534246	10.89041095890411	57.32876712328767	0.0
28.0	17.602739726027398	47.534246575342465	11.027397260273974	23.835616438356162	0.0
29.0	20.89041095890411	10.753424657534246	9.452054794520548	58.9041095890411	0.0
30.0	20.314637482900135	13.337893296853625	45.00683994528043	21.3406292749658	0.0
31.0	21.545827633378934	10.259917920656635	12.038303693570452	56.15595075239398	0.0
32.0	19.493844049247606	11.080711354309166	13.74829001367989	55.677154582763336	0.0
33.0	20.7250341997264	47.74281805745554	11.21751025991792	20.314637482900135	0.0
34.0	21.409028727770178	10.875512995896033	12.722298221614228	54.99316005471956	0.0
35.0	19.180887372013654	13.310580204778159	11.467576791808874	56.040955631399314	0.0
36.0	20.17663043478261	12.364130434782608	11.956521739130435	55.502717391304344	0.0
37.0	52.07341944255608	14.208021753908906	13.664174031271244	20.054384772263766	0.0
38.0	53.76782077393075	12.559402579769177	12.491513917175832	21.181262729124235	0.0
39.0	55.32203389830509	12.135593220338983	9.559322033898306	22.98305084745763	0.0
40.0	18.23728813559322	47.05084745762712	13.016949152542374	21.694915254237287	0.0
41.0	17.152542372881356	10.64406779661017	51.45762711864407	20.74576271186441	0.0
42.0	54.71186440677967	11.525423728813559	13.966101694915253	19.796610169491522	0.0
43.0	53.7780803267529	13.955071477195371	13.274336283185843	18.992511912865893	0.0
44.0	21.336059986366735	47.71642808452625	10.429447852760736	20.518064076346285	0.0
45.0	32.463768115942024	16.03864734299517	16.52173913043478	34.97584541062802	0.0
46.0	30.37475345167653	15.187376725838265	18.244575936883628	36.19329388560158	0.0
47.0	32.33160621761658	15.544041450777202	19.89637305699482	32.2279792746114	0.0
48.0	27.04663212435233	18.44559585492228	18.65284974093264	35.854922279792746	0.0
49.0	27.7720207253886	20.207253886010363	17.305699481865286	34.715025906735754	0.0
50.0	27.04663212435233	20.932642487046632	20.0	32.020725388601036	0.0
51.0	28.290155440414505	18.963730569948186	18.341968911917096	34.4041450777202	0.0
52.0	25.38860103626943	17.927461139896373	22.383419689119172	34.30051813471503	0.0
53.0	30.362694300518132	18.341968911917096	21.968911917098445	29.326424870466322	0.0
54.0	28.911917098445596	22.590673575129532	18.341968911917096	30.155440414507773	0.0
55.0	31.813471502590673	17.305699481865286	19.170984455958546	31.70984455958549	0.0
56.0	25.38860103626943	19.48186528497409	21.6580310880829	33.47150259067357	0.0
57.0	29.119170984455963	18.238341968911918	21.139896373056995	31.50259067357513	0.0
58.0	28.082901554404145	19.067357512953368	18.44559585492228	34.4041450777202	0.0
59.0	25.699481865284973	20.414507772020727	23.730569948186528	30.155440414507773	0.0
60.0	27.979274611398964	18.44559585492228	19.689119170984455	33.8860103626943	0.0
61.0	27.04663212435233	18.031088082901555	22.17616580310881	32.7461139896373	0.0
62.0	26.528497409326423	18.860103626943005	24.870466321243523	29.740932642487046	0.0
63.0	33.60995850622407	16.182572614107883	20.539419087136928	29.66804979253112	0.0
64.0	28.008298755186722	18.464730290456433	23.13278008298755	30.394190871369293	0.0
65.0	28.63070539419087	18.775933609958507	22.717842323651453	29.87551867219917	0.0
66.0	31.016597510373444	15.767634854771783	22.717842323651453	30.49792531120332	0.0
67.0	28.94190871369295	16.701244813278006	18.36099585062241	35.995850622406635	0.0
68.0	26.141078838174277	19.294605809128633	20.850622406639005	33.713692946058096	0.0
69.0	26.86721991701245	21.265560165975103	19.70954356846473	32.15767634854772	0.0
70.0	27.385892116182575	22.61410788381743	18.568464730290458	31.431535269709542	0.0
71.0	25.518672199170123	22.302904564315355	21.369294605809127	30.809128630705395	0.0
72.0	27.800829875518673	19.813278008298756	20.12448132780083	32.261410788381745	0.0
73.0	27.800829875518673	17.323651452282157	21.887966804979254	32.98755186721991	0.0
74.0	29.87551867219917	17.738589211618258	23.029045643153527	29.356846473029048	0.0
75.0	31.535269709543567	20.539419087136928	20.435684647302903	27.4896265560166	0.0
76.0	30.91286307053942	19.502074688796682	18.04979253112033	31.535269709543567	0.0
77.0	28.94190871369295	20.12448132780083	18.87966804979253	32.053941908713696	0.0
78.0	28.526970954356845	20.33195020746888	19.294605809128633	31.84647302904564	0.0
79.0	28.112033195020746	20.850622406639005	19.19087136929461	31.84647302904564	0.0
80.0	28.94190871369295	15.663900414937759	22.821576763485478	32.572614107883815	0.0
81.0	27.282157676348547	19.08713692946058	19.605809128630707	34.024896265560166	0.0
82.0	33.921161825726145	15.663900414937759	21.887966804979254	28.526970954356845	0.0
83.0	25.72614107883817	20.020746887966805	23.443983402489625	30.809128630705395	0.0
84.0	27.282157676348547	20.020746887966805	20.435684647302903	32.261410788381745	0.0
85.0	32.053941908713696	17.42738589211618	20.850622406639005	29.66804979253112	0.0
86.0	34.64730290456431	15.04149377593361	21.57676348547718	28.734439834024894	0.0
87.0	33.09128630705394	18.983402489626556	22.40663900414938	25.518672199170123	0.0
88.0	34.54356846473029	19.398340248962658	17.42738589211618	28.63070539419087	0.0
89.0	32.88381742738589	15.560165975103734	17.012448132780083	34.54356846473029	0.0
90.0	30.984455958549223	16.580310880829018	19.48186528497409	32.95336787564767	0.0
91.0	29.948186528497413	19.067357512953368	19.067357512953368	31.917098445595855	0.0
92.0	30.155440414507773	19.378238341968913	17.2020725388601	33.26424870466321	0.0
93.0	32.020725388601036	17.305699481865286	18.134715025906736	32.538860103626945	0.0
94.0	32.33160621761658	16.37305699481865	19.689119170984455	31.606217616580313	0.0
95.0	31.39896373056995	17.616580310880828	20.932642487046632	30.05181347150259	0.0
96.0	31.39896373056995	18.44559585492228	18.549222797927463	31.606217616580313	0.0
97.0	29.844559585492224	17.098445595854923	19.792746113989637	33.26424870466321	0.0
98.0	31.70984455958549	20.31088082901554	17.72020725388601	30.259067357512954	0.0
99.0	32.2279792746114	17.2020725388601	18.341968911917096	32.2279792746114	0.0
100.0	31.979166666666664	14.479166666666668	19.166666666666668	34.375	0.0
101.0	32.012513034410844	19.290928050052138	20.020855057351408	28.675703858185607	0.0
102.0	30.95487932843652	16.369359916054567	20.88142707240294	31.79433368310598	0.0
103.0	26.105263157894736	18.526315789473685	21.052631578947366	34.31578947368421	0.0
104.0	26.421052631578945	17.894736842105264	21.36842105263158	34.31578947368421	0.0
105.0	29.957805907172997	19.62025316455696	18.248945147679326	32.17299578059072	0.0
106.0	31.0126582278481	19.72573839662447	19.09282700421941	30.168776371308013	0.0
107.0	31.434599156118143	19.40928270042194	20.464135021097047	28.691983122362867	0.0
108.0	35.79725448785639	16.261879619852166	16.156282998944032	31.784582893347412	0.0
109.0	23.995771670190276	21.458773784355177	20.29598308668076	34.24947145877378	0.0
110.0	23.703703703703706	22.22222222222222	21.26984126984127	32.804232804232804	0.0
111.0	28.177966101694917	18.220338983050848	20.656779661016948	32.94491525423729	0.0
112.0	28.207847295864262	18.027571580063626	20.572640509013787	33.19194061505832	0.0
113.0	29.29936305732484	19.53290870488323	19.745222929936308	31.422505307855626	0.0
114.0	29.22422954303932	16.896918172157278	18.703506907545165	35.17534537725824	0.0
115.0	25.744680851063826	18.93617021276596	19.361702127659576	35.95744680851064	0.0
116.0	29.273504273504276	17.84188034188034	21.367521367521366	31.517094017094017	0.0
117.0	32.11991434689507	17.66595289079229	16.38115631691649	33.83297644539615	0.0
118.0	27.038626609442062	16.630901287553648	22.42489270386266	33.90557939914164	0.0
119.0	22.903225806451612	20.75268817204301	28.172043010752688	28.172043010752688	0.0
120.0	26.910656620021527	21.52852529601722	22.17438105489774	29.38643702906351	0.0
121.0	29.20258620689655	18.318965517241377	20.36637931034483	32.112068965517246	0.0
122.0	29.15766738660907	18.57451403887689	20.41036717062635	31.857451403887687	0.0
123.0	32.50539956803456	17.92656587473002	19.330453563714904	30.237580993520517	0.0
124.0	28.833693304535636	18.57451403887689	19.11447084233261	33.477321814254864	0.0
125.0	28.43243243243243	20.64864864864865	18.27027027027027	32.648648648648646	0.0
126.0	31.818181818181817	19.155844155844157	17.532467532467532	31.493506493506494	0.0
127.0	29.653679653679653	20.454545454545457	20.346320346320347	29.545454545454547	0.0
128.0	31.56182212581345	15.943600867678958	20.498915401301517	31.99566160520607	0.0
129.0	30.576713819368877	17.95429815016322	18.933623503808487	32.53536452665941	0.0
130.0	30.28322440087146	19.389978213507625	17.86492374727669	32.46187363834422	0.0
131.0	30.491803278688522	19.453551912568308	20.21857923497268	29.836065573770494	0.0
132.0	29.857299670691546	19.099890230515918	21.295279912184412	29.747530186608124	0.0
133.0	27.282728272827285	22.442244224422442	19.141914191419144	31.133113311331133	0.0
134.0	24.14553472987872	21.719955898566703	20.507166482910694	33.62734288864388	0.0
135.0	26.02436323366556	19.047619047619047	20.044296788482836	34.883720930232556	0.0
136.0	24.916573971078975	18.24249165739711	20.24471635150167	36.59621802002225	0.0
137.0	30.400890868596882	14.142538975501115	20.93541202672606	34.521158129175944	0.0
138.0	27.67857142857143	16.741071428571427	22.209821428571427	33.370535714285715	0.0
139.0	31.20805369127517	18.232662192393736	19.23937360178971	31.319910514541387	0.0
140.0	28.57142857142857	15.410573678290213	23.397075365579305	32.62092238470191	0.0
141.0	33.44594594594595	14.977477477477477	20.60810810810811	30.96846846846847	0.0
142.0	31.306306306306308	16.554054054054053	20.72072072072072	31.41891891891892	0.0
143.0	35.02252252252252	17.56756756756757	18.46846846846847	28.94144144144144	0.0
144.0	33.25817361894025	18.376550169109358	17.81285231116122	30.552423900789176	0.0
145.0	27.34463276836158	19.322033898305087	20.56497175141243	32.7683615819209	0.0
146.0	28.61990950226244	19.683257918552037	17.307692307692307	34.38914027149321	0.0
147.0	29.01023890784983	18.543799772468713	17.747440273037544	34.69852104664392	0.0
148.0	27.076222980659843	20.477815699658702	19.340159271899886	33.105802047781566	0.0
149.0	29.806598407280998	19.681456200227533	16.38225255972696	34.129692832764505	0.0
150.0	26.90992018244014	19.156214367160775	19.27023945267959	34.6636259977195	0.0
151.0	28.799999999999997	19.428571428571427	21.142857142857142	30.628571428571426	0.0
152.0	27.178899082568808	19.724770642201836	17.431192660550458	35.6651376146789	0.0
153.0	31.802525832376578	17.336394948335247	18.025258323765787	32.83582089552239	0.0
154.0	31.682027649769584	15.668202764976957	22.119815668202765	30.52995391705069	0.0
155.0	31.438515081206496	19.25754060324826	16.58932714617169	32.71461716937355	0.0
156.0	31.621936989498252	14.469078179696615	18.786464410735125	35.12252042007001	0.0
157.0	31.770222743259087	19.10902696365768	19.460726846424382	29.66002344665885	0.0
158.0	28.941176470588236	20.352941176470587	18.235294117647058	32.470588235294116	0.0
159.0	33.687943262411345	13.002364066193852	22.22222222222222	31.087470449172578	0.0
160.0	27.824019024970276	17.954815695600477	22.11652794292509	32.10463733650416	0.0
161.0	27.771156138259833	17.163289630512516	23.718712753277714	31.346841477949937	0.0
162.0	30.861244019138756	18.301435406698566	21.17224880382775	29.665071770334926	0.0
163.0	27.884615384615387	17.668269230769234	17.668269230769234	36.77884615384615	0.0
164.0	29.24187725631769	14.320096269554753	21.41997593261131	35.018050541516246	0.0
165.0	32.448733413751505	18.455971049457176	21.71290711700844	27.38238841978287	0.0
166.0	26.207729468599034	20.893719806763286	22.82608695652174	30.07246376811594	0.0
167.0	29.61165048543689	18.567961165048544	20.75242718446602	31.06796116504854	0.0
168.0	27.980535279805352	19.099756690997566	19.586374695863746	33.33333333333333	0.0
169.0	25.794621026894866	19.80440097799511	18.94865525672372	35.45232273838631	0.0
170.0	29.325153374233125	17.791411042944784	18.282208588957054	34.60122699386503	0.0
171.0	31.365313653136536	18.081180811808117	15.990159901599016	34.563345633456336	0.0
172.0	30.25830258302583	20.418204182041823	17.343173431734318	31.980319803198032	0.0
173.0	27.65432098765432	19.012345679012345	19.753086419753085	33.58024691358025	0.0
174.0	29.615861214374224	19.702602230483272	16.852540272614622	33.82899628252788	0.0
175.0	29.156327543424315	18.610421836228287	22.084367245657567	30.148883374689827	0.0
176.0	30.451127819548873	16.040100250626566	21.303258145363408	32.205513784461154	0.0
177.0	26.56641604010025	21.303258145363408	19.047619047619047	33.08270676691729	0.0
178.0	27.547169811320753	22.89308176100629	20.88050314465409	28.67924528301887	0.0
179.0	24.77987421383648	21.38364779874214	21.635220125786166	32.20125786163522	0.0
180.0	29.329962073324907	16.68773704171934	20.986093552465235	32.99620733249052	0.0
181.0	29.187817258883246	18.781725888324875	19.796954314720814	32.233502538071065	0.0
182.0	32.101910828025474	18.08917197452229	21.528662420382165	28.280254777070063	0.0
183.0	29.321382842509603	22.91933418693982	20.23047375160051	27.528809218950062	0.0
184.0	27.37789203084833	24.03598971722365	18.50899742930591	30.077120822622106	0.0
185.0	27.237354085603112	21.660181582360572	24.77302204928664	26.329442282749678	0.0
186.0	29.296875	16.666666666666664	24.21875	29.817708333333332	0.0
187.0	30.19607843137255	21.176470588235293	17.77777777777778	30.84967320261438	0.0
188.0	30.617608409986858	20.2365308804205	20.76215505913272	28.383705650459923	0.0
189.0	31.349206349206348	19.576719576719576	19.70899470899471	29.365079365079367	0.0
190.0	30.492676431424766	16.77762982689747	19.174434087882823	33.55525965379494	0.0
191.0	29.010695187165776	18.58288770053476	19.11764705882353	33.288770053475936	0.0
192.0	29.166666666666668	21.370967741935484	19.758064516129032	29.70430107526882	0.0
193.0	29.864864864864867	18.243243243243242	19.72972972972973	32.16216216216216	0.0
194.0	28.70748299319728	20.136054421768705	21.904761904761905	29.25170068027211	0.0
195.0	28.10368349249659	19.64529331514325	20.05457025920873	32.196452933151434	0.0
196.0	28.0437756497948	19.562243502051984	21.203830369357046	31.19015047879617	0.0
197.0	29.87551867219917	20.33195020746888	20.885200553250346	28.90733056708161	0.0
198.0	24.25531914893617	24.397163120567374	21.134751773049647	30.21276595744681	0.0
199.0	24.44113263785395	22.950819672131146	21.758569299552907	30.849478390462	0.0
200.0	26.551724137931032	16.724137931034484	20.17241379310345	36.55172413793103	0.0
201.0	33.66583541147132	16.458852867830423	17.206982543640898	32.66832917705736	0.0
202.0	37.406483790523694	16.458852867830423	18.453865336658353	27.680798004987533	0.0
203.0	35.0	17.75	17.5	29.75	0.0
204.0	35.175879396984925	17.08542713567839	23.869346733668344	23.869346733668344	0.0
205.0	35.35353535353536	14.14141414141414	26.515151515151516	23.98989898989899	0.0
206.0	28.75318066157761	22.646310432569976	20.610687022900763	27.989821882951656	0.0
207.0	25.190839694656486	21.882951653944023	17.557251908396946	35.36895674300254	0.0
208.0	24.615384615384617	17.435897435897434	22.82051282051282	35.128205128205124	0.0
209.0	21.794871794871796	20.0	22.564102564102566	35.64102564102564	0.0
210.0	25.449871465295633	19.02313624678663	17.223650385604113	38.303341902313626	0.0
211.0	33.246753246753244	18.961038961038962	20.77922077922078	27.01298701298701	0.0
212.0	25.916230366492147	15.968586387434556	25.392670157068064	32.72251308900523	0.0
213.0	26.246719160104988	21.25984251968504	16.535433070866144	35.958005249343834	0.0
214.0	31.117021276595747	24.46808510638298	17.819148936170212	26.595744680851062	0.0
215.0	28.225806451612907	23.9247311827957	16.397849462365592	31.451612903225808	0.0
216.0	34.78260869565217	17.391304347826086	17.119565217391305	30.706521739130434	0.0
217.0	26.098901098901102	18.956043956043956	23.35164835164835	31.59340659340659	0.0
218.0	24.788732394366196	17.74647887323944	20.56338028169014	36.901408450704224	0.0
219.0	20.80745341614907	22.67080745341615	25.77639751552795	30.745341614906835	0.0
220.0	0.0	30.0	24.09090909090909	45.909090909090914	0.0
