# Position (bp)	A	C	G	T	N
0.0	32.01159338787561	14.661886557113476	28.21472280952201	25.100622027076476	0.011175218412434053
1.0	27.04875336374598	17.984618240740573	21.10566983830588	33.85465012535755	0.006308431850010724
2.0	29.532093170700076	18.91187976858623	19.227624118329384	32.32408014466963	0.004322797714680942
3.0	30.342101048562835	18.840120709790845	20.413054940229937	30.404183454409022	5.398470073581148E-4
4.0	32.79436301655567	17.63642967075644	19.461724896796746	30.10676322943486	7.191864562806553E-4
5.0	32.994622912179025	17.744389809223872	19.75545299225146	29.50463600906182	8.982772838250803E-4
6.0	28.441363315699814	17.688387547277514	17.69287520890065	36.17719442165709	1.7950646492533427E-4
7.0	27.690602463228238	19.604491705840257	19.082755070745623	33.62215076018588	0.0
8.0	27.017480381813524	19.36186486065311	19.789067551761384	33.83122896452158	3.582412504052604E-4
9.0	30.11024275587213	17.46461338117734	20.072481526333583	32.352125701426914	5.366351900314647E-4
10.0	28.870539558448886	20.950810534627713	20.895786363295304	29.2821489440004	7.145996276935939E-4
11.0	26.797589712203646	19.971236423395567	20.44961824024724	32.78119875595747	3.56868196084799E-4
12.0	28.183657282392677	18.99241593811548	20.24596957463305	32.577600727214396	3.564776443957258E-4
13.0	29.43013243087835	18.227181531242046	21.162771239409892	31.179558753629433	3.560448402871858E-4
14.0	29.034495267970513	18.895930916992985	20.526267120486256	31.543128865557723	1.7782899252762575E-4
15.0	29.50424763102636	18.386859524393234	21.186103442517528	30.92207879879624	7.106032666432168E-4
16.0	30.023816030921797	18.75893988493059	20.890669865799683	30.325864351554433	7.098667934962005E-4
17.0	28.86703402692084	20.079110108789695	20.043118732536204	31.010205239493356	5.318922599038339E-4
18.0	28.91259316962626	19.285271674663175	20.412336455216614	31.38962165607351	1.7704442044508967E-4
19.0	28.050523887204132	18.954773371455666	21.061468724234693	31.9328801588116	3.538582939076218E-4
20.0	28.226034565666282	18.70102961559132	19.906019291149267	33.166739739201766	1.7678839136706927E-4
21.0	28.65634823727322	18.447888633058437	20.395361124413117	32.49969518282846	7.068224267687789E-4
22.0	28.7458495231367	18.503002472624512	19.98304486047333	32.76774991169198	3.5323207347227127E-4
23.0	28.55226012390383	18.717106250452414	18.672791826372205	34.057488696290825	3.5310298071881177E-4
24.0	28.81487246550224	18.359920300865994	18.35815548390399	34.46669878633538	3.5296339240175706E-4
25.0	30.188206568529207	18.348552637150156	18.603658278407405	32.85887682949205	7.056864211818836E-4
26.0	28.902937212928535	18.344351703555276	18.38844870284267	34.36426238067352	0.0
27.0	29.62967534219282	18.70013453207347	18.561370781326314	33.10846670463422	3.526397731820979E-4
28.0	29.90213443165536	18.001060959339878	17.968104248948293	34.12834788187046	3.5247818600626354E-4
29.0	30.178914604695077	18.165372264625216	17.90766618343107	33.74769464911987	3.5229812876848906E-4
30.0	30.11495347037493	18.339670670030124	18.700872419452363	32.84397459424299	5.288458995933175E-4
31.0	30.355149285450995	18.59150160228994	18.42871529327109	32.62410471939203	5.290995959442753E-4
32.0	30.348919338889672	18.817629608701793	18.699498516739652	32.13271648537929	0.0012360502895889251
33.0	30.63516022506626	17.527672661819523	19.73191887410179	32.104362430375446	8.858086369885342E-4
34.0	31.15638191739774	18.672314077461362	19.144687090601177	31.026084363228396	5.325513113188456E-4
35.0	30.05725699541162	19.12280577048155	18.945454803936553	31.87377160465306	7.10825517214417E-4
36.0	30.32220882205407	18.080087943050472	19.626917973183062	31.970251626697404	5.336350149951439E-4
37.0	29.504717065127195	19.102600173083705	20.346416704358077	31.04555377881612	7.122786149030055E-4
38.0	30.32867415914655	18.25832829614731	19.38113043369726	32.03133218859938	5.349224095045014E-4
39.0	30.303967395675997	18.287915486160145	18.9374994414007	32.46990266965778	7.150071053831097E-4
40.0	30.423603695289152	18.32593941044514	19.66723763518695	31.581785865303985	0.001433393774770836
41.0	30.77127511523965	18.094285514192386	19.496914073512748	31.636627442389155	8.97854666060914E-4
42.0	30.61212350619153	17.79213756556535	19.578939779015485	32.015537410551744	0.0012617386758953838
43.0	31.04726648909756	18.185544670669497	19.163198049749447	31.6021850029344	0.001805787549094849
44.0	31.569450295527403	17.402215596686908	18.384896190236837	32.641991469573064	0.001446447975786461
45.0	31.00856192911418	17.631634227434393	19.388387068734474	31.967976067162613	0.0034407075543450706
46.0	30.256225228720723	18.082988544926444	19.618853187222822	32.040845187890035	0.001087851239969105
47.0	29.700803121738733	18.792867189981397	19.38490857116929	32.11888016697672	0.0025409501338536232
48.0	29.56919273626234	18.563794012324358	19.554468943704215	32.31109010597495	0.001454201734135568
49.0	30.07543844957966	18.645166223089554	19.315993169761995	31.96230990202468	0.0010922555441070993
50.0	28.81294137806572	19.124043415012963	19.379801154282255	32.68175570487416	0.0014583477648997568
51.0	29.74971195053766	17.649625946546056	19.8857297283479	32.71365418361031	0.0012781909580771625
52.0	29.01127763166077	18.57754789244	20.291140675926297	32.11875349796798	0.0012803020049529398
53.0	30.10364459685219	18.905155485213516	19.288739412057797	31.700445499575018	0.002015006301474252
54.0	28.703239927858903	18.763290235816257	20.227027959261928	32.30607493353735	3.669435255566992E-4
55.0	28.871566157459217	19.339224777141347	19.56984742152858	32.21825906549132	0.0011025783795405556
56.0	29.99677784631248	18.06615541828158	19.185807793929463	32.75052244920505	7.364922714342266E-4
57.0	29.7281698763101	17.968778811190358	20.212824805835623	32.08838259048097	0.0018439161829459881
58.0	29.461644901043233	18.403020892412115	20.0244967180679	32.10954429823184	0.0012931902449117582
59.0	28.856667986925732	18.168122036357715	19.951397191920016	33.02196195432891	0.0018508304676308261
60.0	29.64130658541154	18.06820015318792	20.41590706352106	31.87328799514843	0.001298202731047631
61.0	29.648159023498188	18.14177712030092	21.01623538332305	31.192155871573956	0.0016726013038856388
62.0	29.178298269366504	18.620744881939622	19.8750025606597	32.32427821986662	0.0016760681675546724
63.0	29.3450888665294	17.638340013179242	20.334857221793907	32.68022050025108	0.0014933982463771092
64.0	28.14959230334577	18.42287442044957	20.902358615889504	32.52292942862596	0.0022452316892000615
65.0	28.91071693117228	19.088848008191142	19.632486277774966	32.36719867831579	7.501045458210738E-4
66.0	29.205758532551496	18.251390768305516	19.898887385355586	32.64208389715832	0.0018794166290783342
67.0	29.15219373262306	19.260618298811774	20.171753855891016	31.41336206571779	0.002072046956351389
68.0	29.552894799442676	18.263120334394365	19.43535080068117	32.74693490713156	0.001699158350230519
69.0	29.30794020857737	19.027433733822573	19.683897985947237	31.979781885068608	9.461865842096597E-4
70.0	29.76793492999361	18.545103535118876	20.476418949799832	31.20959437445596	9.482106317168871E-4
71.0	29.817303853538906	19.22092735879546	19.388604779376816	31.572213456017945	9.505522708693752E-4
72.0	30.20871447737529	18.061844432247835	19.862368886449566	31.866691059885348	3.811440419563361E-4
73.0	29.992892000443295	18.333288749106725	20.41428937201206	31.258192351639618	0.0013375267983047803
74.0	30.204051139215288	19.51875960201216	18.430882752966326	31.845540260446796	7.662453594265421E-4
75.0	29.87654842693845	18.31355201312309	19.808531930873265	32.00059929812969	7.683309355005389E-4
76.0	30.48118557098171	19.06848544616854	18.925181441360923	31.52399186403069	0.0011556774581259533
77.0	30.184644272897977	18.45244994629514	18.836690853173224	32.525442195794795	7.727318388699569E-4
78.0	29.892501448101775	17.84196996084798	19.91406315079825	32.350884262281745	5.811779702553114E-4
79.0	29.86022056937676	18.22436988505211	19.966075217421718	31.948362828075577	9.715000738340056E-4
80.0	29.229087848763136	18.459266647704915	19.963998644104777	32.34686760929957	7.792501276022084E-4
81.0	29.40407700798015	18.159192803211596	20.401449516014026	32.03430390998154	9.767628126861954E-4
82.0	29.641049348858346	18.537164438733132	20.697058500885426	31.12374825657018	9.794549529078059E-4
83.0	29.787054283670887	18.318479397040218	19.88560897209189	32.00689254080903	0.0019648063879785286
84.0	29.122833289655947	18.62410321787397	20.91155033703836	31.34013386954714	0.0013792858845852979
85.0	30.199500014821695	17.908757645524343	20.331215477802044	31.559736371451443	7.904904004821991E-4
86.0	29.76146585318475	17.90254867214538	20.171338637616007	32.163259319164794	0.001387517889069927
87.0	30.720079522862825	17.046520874751494	19.715904572564614	32.516302186878725	0.0011928429423459245
88.0	30.21231460602472	17.30496623581695	20.333474889695694	32.14744989203835	0.0017943764242862865
89.0	29.61582379608725	17.943154480389236	19.185212885731026	33.2544089973743	0.001399840418192326
90.0	30.38328434863729	17.44410227603294	19.593744671033495	32.577063125056426	0.00180557923985114
91.0	30.217829672651753	18.352713412302627	18.537860584179576	32.890791343162235	8.049877038128243E-4
92.0	29.834517370931827	17.573823179680986	19.17111311647175	33.418729395424144	0.0018169374912938411
93.0	30.126739195164586	17.270519413965417	19.557577513059787	33.04374598686223	0.0014178909479816322
94.0	30.419718264064443	17.62515952301602	19.99646407582322	31.95723563886428	0.0014224982320379116
95.0	29.39516408585399	18.13855232517832	19.767788032152424	32.69706819136485	0.0014273654504153633
96.0	29.49078118957541	17.83544663811642	19.734658675871493	32.93809043457622	0.0010230618604584545
97.0	30.607614792671008	17.8826901439682	19.422772106469125	32.085691055575175	0.0012319013164918736
98.0	29.623402685918908	18.18620118430975	19.21783634767774	32.97132355062162	0.0012362314719808136
99.0	29.238906360814916	17.928263786797014	20.078861450728137	32.75314132823856	8.270734213752991E-4
100.0	29.535961288260935	18.733775867828957	19.590140292703577	32.13867003098018	0.0014525202263441519
101.0	29.75720684793723	18.621707902699484	19.38867520611075	32.23136881693784	0.0010412263147044063
102.0	29.083084974314172	19.008347371017027	18.92453926441144	32.98361039471319	4.1799554416749915E-4
103.0	30.065391013927844	18.609690960851406	19.21975534488148	32.103903950523524	0.0012587298157429338
104.0	29.9045742055571	18.925554404494193	18.707624798915194	32.46077267099578	0.001473920037732353
105.0	29.772586077923396	19.04047469116758	19.060971950451574	32.12364284899225	0.0023244314651948085
106.0	30.678390360832395	18.94783733904669	18.357480749241635	32.015655162173054	6.363887062217603E-4
107.0	30.6840300700641	18.250952999552783	18.483506186511065	32.581297783078135	2.1296079391783975E-4
108.0	28.948009748172215	18.882808157680962	19.19278293214759	32.975757834879644	6.413271195861302E-4
109.0	30.02643912991227	18.325407317115044	19.10785104812265	32.5394440915412	8.584133088399403E-4
110.0	29.19879323348777	18.309880400818876	18.9042129080918	33.58668246956147	4.309880400818878E-4
111.0	29.245299348724497	17.861392993919985	19.50602592119783	33.386416253759435	8.654823982517254E-4
112.0	29.181320722337233	18.1498851933032	19.677237861662817	32.9906872978392	8.689248575506312E-4
113.0	29.53646140086818	17.719390092271446	18.816613223392885	33.92666274022206	8.725432454246013E-4
114.0	28.686608944017205	17.219543928279645	20.20957132938051	33.88361869758253	6.57100740114467E-4
115.0	29.338869328665268	17.826535392031598	20.411417110711845	32.42229850831609	8.796602752017171E-4
116.0	28.254541760343464	18.81545413186454	20.374648297916508	32.55469326277943	6.62547096056078E-4
117.0	28.20023240548548	18.21899338265297	20.76480919687051	32.81552149307218	4.435219188532298E-4
118.0	28.783789801825876	17.7960365174794	21.32798931195725	32.09196170118014	2.22667557336896E-4
119.0	28.344004617511644	18.52015910728108	20.46224334107393	32.6733692174839	2.2371664944048468E-4
120.0	29.36121912296869	18.518127261693376	20.409071497606256	31.711357353172552	2.2476455912431728E-4
121.0	30.245239605936693	18.199122547547493	19.564976866957345	31.990209382825324	4.515967331492324E-4
122.0	30.64893650800851	17.86457884447025	19.49281706304745	31.99298716733272	6.804171410686178E-4
123.0	30.646767302762747	18.195385929934492	19.167188835089718	31.990202221589293	4.5571062375391626E-4
124.0	30.30712255146557	17.939133977578084	19.387540227148918	32.365745466863814	4.577769436064583E-4
125.0	30.34918635074054	18.14858582746681	19.208468021905762	32.293529890517156	2.299093697264538E-4
126.0	30.332980703934513	18.109983415639192	19.128835999611955	32.42819988081435	0.0
127.0	29.418261723055362	19.313775764733727	19.890618075165847	31.377112400717454	2.320363276074502E-4
128.0	29.69152210408506	19.139619473978737	19.58473232605857	31.583426599515015	6.994963626189144E-4
129.0	28.5687508932567	19.07316856017563	20.108291999465802	32.24885135974171	9.371873601540736E-4
130.0	28.68300654364273	19.009529371042674	20.30601360531403	32.00097954493545	4.709350651185461E-4
131.0	28.506521780285105	19.38028888930958	19.695019215114627	32.41817011529069	0.0
132.0	28.05252671272938	18.966156743210664	20.502346725758823	32.47896981830113	0.0
133.0	28.40718728866011	19.082781907991425	20.417434360669215	32.092596442679245	0.0
134.0	27.454654654654654	19.28048048048048	20.263543543543545	33.0006006006006	7.207207207207207E-4
135.0	28.527068890997644	17.53266352285541	20.974919533402392	32.963899291797354	0.0014487609471999072
136.0	29.019619266789988	18.472503410674317	20.945181603235408	31.562695719300287	0.0
137.0	29.079613830812985	19.14076135378907	20.18795845385864	31.591422259651182	2.4410188812810466E-4
138.0	29.897577749361243	18.436250555308753	20.740689834597763	30.925236420400022	2.454403322280337E-4
139.0	29.011028059984355	19.00631479201163	21.721009083528486	30.260414224692095	0.0012338397834364412
140.0	28.851418261057322	18.94059162668798	20.04005728141605	32.16743645808256	4.963727560849095E-4
141.0	29.661385011681546	17.89996805048024	19.335699594640467	33.10269773757463	2.496056231154776E-4
142.0	30.838279751323228	18.321080277602018	21.56738678477809	29.27300209908906	2.5108720760894673E-4
143.0	31.04958256099963	18.18372366699833	19.851459395029117	30.91472930861192	5.050683610026617E-4
144.0	31.159479189421223	18.112798264642084	18.758223391771274	31.969245149786385	2.5400437903549456E-4
145.0	27.940092731906528	19.037164409780864	19.642327100029682	33.379136344561466	0.0012794137214562798
146.0	28.018318392340525	19.47639496114477	19.887910120522566	32.61581972211051	0.0015568038816310115
147.0	28.06523872114334	19.425366088453636	19.711254922392158	32.795495597946676	0.0026446700641861425
148.0	29.680012069840483	19.101894142012647	19.530647793825178	31.683056961417655	0.0043890329040310525
149.0	28.99078336977751	22.399301673123464	16.08691717294392	32.516283102649965	0.00671468150513965
150.0	23.52391582950928	27.059820579602302	12.060027285129603	37.34838149572119	0.007854810037620405
