# Position (bp)	A	C	G	T	N
0.0	22.970465487587614	27.340537674842956	34.25781514884383	15.431181688725596	0.0
1.0	23.89083758175777	22.300375423044443	14.746913085558234	39.06187390963956	0.0
2.0	26.208974351075433	21.50307750127844	17.19457571146038	35.093372436185746	0.0
3.0	19.489292003793057	24.800187189812934	13.464735655964827	42.245785150429185	0.0
4.0	35.4901055611978	11.406149016711293	12.21370756778383	40.89003785430708	0.0
5.0	38.76554146749596	13.047142707737358	24.016142824625188	24.171173000141497	0.0
6.0	33.11559705256425	16.798292553911256	21.731803028625553	28.354307364898943	0.0
7.0	37.65974981242082	16.994058967514974	20.383399549809962	24.962791670254248	0.0
8.0	20.137142154300296	31.9418222071892	22.17090495372221	25.750130684788292	0.0
9.0	28.829089209615233	18.41074426412983	13.786996439486646	38.97317008676829	0.0
10.0	25.899758342710623	16.057604210862895	27.70819113677311	30.33444630965338	0.0
11.0	27.160653237905507	17.711945694680146	19.033916230108954	36.0934848373054	0.0
12.0	24.907620892127024	19.82723108610778	22.83685326939039	32.4282947523748	0.0
13.0	25.21964745737702	23.455704685607483	17.23917440838134	34.085473448634154	0.0
14.0	31.531769696597088	18.735974916233747	19.508776244197843	30.22347914297132	0.0
15.0	30.17215417048241	18.181594684793765	19.729199830365758	31.917051314358062	0.0
16.0	31.19795475635912	17.275794467763443	18.05197917882976	33.474271597047675	0.0
17.0	30.73297528482063	18.116066710091314	19.068541300527244	32.08241670456082	0.0
18.0	31.75525803220871	17.328925782330064	18.732911011299468	32.18290517416176	0.0
19.0	31.039969528303047	18.596950372909678	18.725349257252386	31.63773084153489	0.0
20.0	31.131327898962475	17.631810112352646	18.24548040125068	32.99138158743419	0.0
21.0	31.078964341656683	16.155901594029302	19.93120181823766	32.83393224607635	0.0
22.0	29.79374224537179	18.67375895237276	19.73698758031031	31.795511221945137	0.0
23.0	29.660704633678936	17.636111247604543	19.849147462041177	32.85403665667535	0.0
24.0	30.68881859779504	18.130393391272303	18.603322789669257	32.577465221263395	0.0
25.0	29.427985358783502	18.21922519468396	19.271869702999485	33.08091974353305	0.0
26.0	31.83814091738161	17.403720376090842	19.308125502815766	31.45001320371178	0.0
27.0	29.339949396939254	17.703087769289347	19.828539143678302	33.1284236900931	0.0
28.0	30.06939326946696	17.4686809137804	20.12343404568902	32.33849177106362	0.0
29.0	29.595013663299458	18.1817065307501	18.994135527648993	33.229144278301455	0.0
30.0	29.58038823146505	17.78667534588955	19.15365294980994	33.47928347283546	0.0
31.0	30.629214311155874	17.88034733907319	20.373008757169703	31.117429592601237	0.0
32.0	29.721995345095465	18.200185459257305	19.220211374425045	32.85760782122219	0.0
33.0	29.739952718676122	17.7249700653956	20.322372662798195	32.21270455313008	0.0
34.0	29.73246796308463	18.045057380924604	20.065823810781104	32.15665084520966	0.0
35.0	29.900883086257508	17.492231543005932	18.176961151573956	34.42992421916261	0.0
36.0	30.761152598997736	16.60791490616095	19.10865186204186	33.52228063279945	0.0
37.0	28.06045680384703	19.85727182838227	18.822431169277824	33.25984019849288	0.0
38.0	29.942271080267762	18.001596757354296	19.301111588773566	32.75502057360437	0.0
39.0	29.040459871766526	18.66263787554966	20.324514211315005	31.972388041368806	0.0
40.0	30.347919545524338	18.073391678182098	19.839091048671886	31.739597727621682	0.0
41.0	29.634884077997853	17.865192691539995	20.362966374942424	32.13695685551973	0.0
42.0	29.37130363755842	18.646555588992133	20.340971202918396	31.641169570531048	0.0
43.0	30.66606074749137	18.52208943858313	19.926552770237905	30.885297043687594	0.0
44.0	29.955173472520723	18.717224439668406	19.88148603008904	31.44611605772183	0.0
45.0	30.3815190759538	18.50241634888762	19.726863536159264	31.38920103899932	0.0
46.0	30.038809672942534	17.808236002112427	19.919433084018028	32.23352124092701	0.0
47.0	29.140593816205595	18.111701311062667	19.3926740151678	33.35503085756394	0.0
48.0	29.93822232593557	18.042028469313813	19.353729381854805	32.66601982289581	0.0
49.0	28.213316302091652	19.960328670212114	19.138653139930483	32.687701887765755	0.0
50.0	29.723472589826887	18.581315516362586	18.869326520962165	32.82588537284836	0.0
51.0	29.814972887663426	18.16925712811884	19.93109843344121	32.08467155077652	0.0
52.0	29.400999766639234	17.925177169948046	19.45798892150481	33.215834141907905	0.0
53.0	31.30362154626576	17.92226295975582	18.728006337859497	32.046109156118916	0.0
54.0	30.208007074819903	17.895241078173076	20.125160442421897	31.77159140458512	0.0
55.0	29.488785712531012	18.08779816739136	18.811260962488024	33.612155157589605	0.0
56.0	30.080761553815442	17.80991862428988	19.091048671886995	33.01827115000768	0.0
57.0	28.374369714352394	17.53560614900843	19.80248490692347	34.287539229715705	0.0
58.0	29.508337683874338	17.961490034701963	19.18742130639069	33.34275097503301	0.0
59.0	29.824335114550703	17.187519194152692	20.06879184325287	32.919353848043734	0.0
60.0	29.58381446085055	17.54477556936835	19.69879370071002	33.17261626907108	0.0
61.0	29.577421534303788	17.880965542657083	19.88084270007985	32.66077022295928	0.0
62.0	29.53833490989054	18.195722411272587	19.387968206778787	32.87797447205808	0.0
63.0	28.84336609336609	17.578009828009826	20.39987714987715	33.178746928746925	0.0
64.0	29.422713088773676	19.090763900832943	19.725300375930612	31.761222634462765	0.0
65.0	29.848765925034094	17.60937135275256	19.73905672199221	32.80280600022114	0.0
66.0	30.214329154047924	17.916049807417053	20.219673561156604	31.649947477378415	0.0
67.0	29.24470927911048	18.088275946800994	19.59824308136499	33.06877169272353	0.0
68.0	30.800041774430365	17.33024530191241	19.25801239717654	32.61170052648069	0.0
69.0	30.035385617221	17.372126454434873	19.314035066163733	33.278452862180394	0.0
70.0	29.133287462525185	17.002506512016513	19.991890696417162	33.872315329041136	0.0
71.0	29.949438167732584	18.34356242819667	18.910002396004202	32.79699700806655	0.0
72.0	30.428959364977942	18.016661956428244	20.303994691766096	31.250383986827718	0.0
73.0	30.81313550210426	17.772248333486928	18.747888059472245	32.66672810493657	0.0
74.0	29.82268588491171	18.507391160098795	19.236676865607453	32.433246089382045	0.0
75.0	30.48489763818231	17.7234633439013	18.71758952050923	33.07404949740716	0.0
76.0	29.77616112957831	18.18176232404102	18.85518368550731	33.18689286087336	0.0
77.0	29.212723731344205	17.416175630257264	20.495726600758214	32.87537403764032	0.0
78.0	29.602708415257574	17.710995871018483	18.912824419976406	33.77347129374754	0.0
79.0	30.342560447325575	18.004239761590217	18.045408461089433	33.60779132999478	0.0
80.0	29.989861439675565	18.30348090571139	19.33085501858736	32.37580263602568	0.0
81.0	30.06623900113061	18.690089957233447	18.916211964803615	32.327459076832326	0.0
82.0	30.278544171956323	18.310915023442444	19.078401612397766	32.33213919220347	0.0
83.0	30.09094819639894	18.731641369139066	19.355373932280465	31.82203650218153	0.0
84.0	30.17507850571817	17.97489046071027	18.517517068464358	33.3325139651072	0.0
85.0	30.167831222384052	17.322689478438818	19.072288490256447	33.43719080892068	0.0
86.0	30.063608149217956	17.590879759087976	19.14881848631042	33.19669360538365	0.0
87.0	29.743101223034845	17.839100239690246	20.597381845000307	31.8204166922746	0.0
88.0	30.55369467816382	18.388883084317207	18.351392380168033	32.70602985735094	0.0
89.0	30.320332378646146	19.139429400267968	19.32381104568977	31.21642717539611	0.0
90.0	31.160689591592146	18.83408622967948	18.928121446790204	31.077102731938172	0.0
91.0	29.518635067361586	18.785032943258926	19.920223227455995	31.776108761923496	0.0
92.0	28.688645499133386	18.033582869294783	19.19398655210139	34.08378507947044	0.0
93.0	29.91524434091566	18.149634610302208	19.585379495153745	32.34974155362839	0.0
94.0	29.872708163026978	18.14108434697628	19.467476351745884	32.518731138250864	0.0
95.0	31.231829273539734	17.838505651749	18.976845961411986	31.95281911329928	0.0
96.0	29.619999508249123	18.830985222886085	19.084236925573506	32.464778343291286	0.0
97.0	29.365698935967494	18.37622861638893	19.411985271970643	32.846087175672935	0.0
98.0	29.25183031405792	17.76465019640146	19.894023125580137	33.089496363960485	0.0
99.0	29.253779053684386	18.401947465160166	19.998401701573094	32.34587177958235	0.0
100.0	30.361445783132528	18.903305529811554	19.260426320667285	31.474822366388633	0.0
101.0	30.40738715450388	18.71893020481209	18.807168423145754	32.06651421753828	0.0
102.0	29.312705110173464	18.3216127519925	20.428817002656665	31.93686513517737	0.0
103.0	28.712796589923173	17.876497881276013	19.20871631731821	34.201989211482605	0.0
104.0	30.88065073150368	17.374556448807393	19.032378446416487	32.712414373272445	0.0
105.0	29.981355511578034	17.33301092579748	19.887878537203072	32.79775502542141	0.0
106.0	29.399259799966703	18.383981968829637	20.03854674913878	32.17821148206488	0.0
107.0	30.541101007238723	17.278909812205363	18.94368736958706	33.236301810968854	0.0
108.0	28.991308177567067	18.710734595007708	20.93161828521095	31.366338942214277	0.0
109.0	29.00616182275315	18.306996860466633	20.080637807276943	32.60620350950328	0.0
110.0	29.662675682929546	17.60331498222714	21.024999836345664	31.709009498497654	0.0
111.0	29.866789461566295	18.42844456139197	20.23484524553498	31.46992073150676	0.0
112.0	29.4882306268183	18.15591113462047	19.25548796614652	33.1003702724147	0.0
113.0	30.556700208696114	18.094086057238563	19.139560541812333	32.209653192252986	0.0
114.0	30.32469486707908	17.641197124226718	19.219528506938637	32.81457950175556	0.0
115.0	29.02928369037764	17.88721303531407	20.713954004886222	32.369549269422066	0.0
116.0	30.028127012098004	17.720695381070183	18.365244501677456	33.88593310515436	0.0
117.0	30.84590020684994	16.939167002314264	20.67953277854768	31.535400012288118	0.0
118.0	30.89390119063159	17.11060575872706	19.482937486688698	32.51255556395265	0.0
119.0	31.203761321994055	18.313627878033603	18.834958169121204	31.647652630851137	0.0
120.0	30.368155744828783	17.73822353554667	19.25325916912915	32.64036155049539	0.0
121.0	29.69686793852009	18.199816707592642	19.692740361407854	32.41057499247941	0.0
122.0	29.501228103512588	18.644652295392326	19.536346937482847	32.317772663612246	0.0
123.0	28.666001118687028	19.152913188470443	19.55224197625268	32.62884371658984	0.0
124.0	29.10355156183141	18.756953359007277	19.922265012123805	32.21723006703751	0.0
125.0	29.270500341223375	18.449049962285837	19.71409072949966	32.566358966991125	0.0
126.0	30.29328931459641	18.18886065318593	19.1800062263345	32.33784380588316	0.0
127.0	30.433481719331535	18.091658760855285	19.06005984091075	32.414799678902426	0.0
128.0	29.681352541899237	18.01133981953361	19.538023694486732	32.76928394408042	0.0
129.0	30.39911669680173	17.147345644248155	20.561994249636896	31.891543409313215	0.0
130.0	29.652217403312854	18.69172831304166	18.6947142121332	32.96134007151228	0.0
131.0	29.472559874834513	18.123420387531592	19.40064989770129	33.0033698399326	0.0
132.0	30.831352840556452	17.934938920089007	19.801395679750534	31.432312559604004	0.0
133.0	30.418439391859952	17.872882260548668	19.55411195998597	32.15456638760541	0.0
134.0	31.166915120871693	17.117214034332783	20.134780002766295	31.58109084202923	0.0
135.0	30.910387154768916	16.994978456960418	20.206286227953257	31.88834816031741	0.0
136.0	28.692250518327274	19.4257325040097	19.398349176544226	32.483667801118806	0.0
137.0	30.514040932889102	17.897033158813265	20.09836585752816	31.490560050769474	0.0
138.0	30.14868965738124	18.455293015509525	19.559455845497272	31.836561481611962	0.0
139.0	28.980930500645393	19.46079346652487	19.788766124645846	31.769509908183892	0.0
140.0	29.84556968267405	18.1453568170424	19.04120059503752	32.967872905246026	0.0
141.0	29.039927104042413	17.953943008614978	20.054671968190853	32.95145791915176	0.0
142.0	30.32406247389961	16.989893928004676	19.849661738912552	32.83638185918316	0.0
143.0	30.294919705080297	18.332323334343332	20.31697134969532	31.055785610881053	0.0
144.0	30.31913087760991	16.9224240366661	21.037175352232218	31.72126973349177	0.0
145.0	30.739096145933342	19.064600192017554	19.181182279522698	31.015121382526402	0.0
146.0	30.195654055925893	17.63310535884339	19.485758808761148	32.68548177646957	0.0
147.0	29.739867966598172	17.857736195514363	19.67035369212609	32.732042145761376	0.0
148.0	30.518223989396954	17.914733819306385	19.171195051910757	32.39584713938591	0.0
149.0	30.309440294178025	18.610151640917163	20.4023527101686	30.678055354736212	0.0
150.0	31.037838714619138	18.323706193510017	18.711194816663813	31.927260275207036	0.0
151.0	29.54216735952552	17.700193757902685	20.366411658221974	32.39122722434982	0.0
152.0	28.951159312578568	18.153541248038756	19.50783120922679	33.38746823015589	0.0
153.0	30.080127315457357	18.483872758563262	20.48705564499713	30.948944280982253	0.0
154.0	30.105459636024268	17.712552496500233	19.992533831077928	32.18945403639758	0.0
155.0	30.725704709360347	18.124729320051973	19.23381098536916	31.91575498521852	0.0
156.0	30.108303935645214	18.08837372940181	19.329257276522103	32.47406505843088	0.0
157.0	30.226901259494284	17.520430727814635	19.983655417748295	32.269012594942794	0.0
158.0	28.99174774739748	18.6458140958972	20.021189529650762	32.34124862705456	0.0
159.0	30.89216736615524	17.585830687726677	19.56045252159896	31.96154942451912	0.0
160.0	30.243321084516833	18.132883106564705	19.774555566590525	31.849240242327937	0.0
161.0	28.856870324815503	18.68567699181686	20.03313419348361	32.42431848988403	0.0
162.0	30.379952315730733	18.010449956881246	18.91746563181657	32.69213209557145	0.0
163.0	29.8735527273846	18.08616463783573	19.780332475310477	32.259950159469184	0.0
164.0	31.32116916892025	17.77687979857636	19.362158465698922	31.53979256680447	0.0
165.0	29.050981706933765	18.254300861219956	19.918068855688034	32.776648576158244	0.0
166.0	30.745078071961984	17.798497963340125	19.33553971486762	32.120884249830276	0.0
167.0	29.5715083079301	18.625220042076336	18.880683525825425	32.922588124168136	0.0
168.0	30.001414134821434	17.524393825669808	19.28662337238521	33.18756866712354	0.0
169.0	30.153306955572944	17.77523062171426	20.026892089978286	32.04457033273451	0.0
170.0	31.065901427008196	18.033006543245715	19.79722637843632	31.103865651309764	0.0
171.0	29.809213798092138	18.05687418056874	20.44735295447353	31.686559066865588	0.0
172.0	29.41762013729977	18.889016018306638	19.859267734553775	31.834096109839816	0.0
173.0	30.47506543441503	18.81847450953142	18.472193268941236	32.23426678711231	0.0
174.0	30.114635347070823	18.382680451039686	20.238178962421173	31.264505239468317	0.0
175.0	29.043668174102955	19.1527495875322	19.25008011964534	32.55350211871951	0.0
176.0	29.825468182801647	18.00971223886338	20.86328340986129	31.30153616847369	0.0
177.0	29.579247073710853	18.63091037402964	19.7965590246514	31.993283527608106	0.0
178.0	28.69489101489299	18.157609231679654	20.41744748002762	32.73005227339974	0.0
179.0	30.086945643335213	18.794020141364857	19.079251892162382	32.03978232313755	0.0
180.0	28.88019708937597	18.124095192136743	20.140705559647472	32.85500215883982	0.0
181.0	31.199535663614085	17.646072488069134	19.3770153488972	31.777376499419578	0.0
182.0	29.15402322904677	17.641519305221305	20.470597467824632	32.733859997907295	0.0
183.0	30.591337998303647	17.95218405428329	19.481552162849873	31.97492578456319	0.0
184.0	30.113277523213156	17.878498770475282	19.41305311815531	32.59517058815625	0.0
185.0	29.08087483818219	19.75199291408326	20.602302922940655	30.564829324793898	0.0
186.0	30.636702046690562	18.694214189834355	18.93638514869297	31.732698614782116	0.0
187.0	28.824923901303144	18.70975886882969	20.400061720602057	32.06525550926511	0.0
188.0	30.253705815279364	18.544754846066134	19.13340935005701	32.06812998859749	0.0
189.0	30.34124306872638	17.610864183231747	21.150700004343356	30.897192743698515	0.0
190.0	29.26528273612764	18.963668150498773	20.22272173006009	31.548327383313502	0.0
191.0	31.034843413817836	17.0033468802295	18.957685871384175	33.004123834568496	0.0
192.0	28.13270055672173	18.94527090748684	20.442030969547627	32.4799975662438	0.0
193.0	30.777518694218863	17.29355954008201	19.663906086676853	32.26501567902228	0.0
194.0	30.910960245446827	17.64801880018278	20.402767804686988	31.0382531496834	0.0
195.0	30.65085228684546	18.142362549074825	19.808835953418257	31.39794921066145	0.0
196.0	30.435587571952738	18.076547615040226	18.896219746187768	32.59164506681927	0.0
197.0	29.77373398778882	18.462143626755143	19.18044842742556	32.58367395803048	0.0
198.0	29.415569657873114	18.810859950000875	20.125522281079004	31.64804811104701	0.0
199.0	29.09837588731557	18.1811424536366	20.57271342029955	32.147768238748284	0.0
200.0	28.90765191439527	18.39972799909333	20.086511399482443	32.60610868702896	0.0
201.0	30.773517824541173	17.540117228788315	19.951955414624774	31.73440953204574	0.0
202.0	29.791200596569723	19.007810353624556	20.458024255269045	30.742964794536675	0.0
203.0	29.49764651976507	18.48835756237764	19.667180405714998	32.34681551214229	0.0
204.0	30.094641231394636	18.915542757934407	19.813258241409244	31.176557769261713	0.0
205.0	30.51774638180565	18.338645761543763	19.213042729152306	31.930565127498276	0.0
206.0	29.84508031247257	18.09663828666725	20.18564030545072	31.87264109540946	0.0
207.0	29.297896595659072	18.821110043141022	21.013925833202943	30.867067527996962	0.0
208.0	29.89131673084372	18.293877737018388	20.519948050764427	31.294857481373466	0.0
209.0	28.51740139211137	19.009280742459396	19.781902552204176	32.69141531322506	0.0
210.0	30.143653718930157	17.748795009923448	21.427558831868442	30.679992439277953	0.0
211.0	29.013019128663903	20.209954663369455	20.534826775280628	30.24219943268601	0.0
212.0	28.655408018563875	19.64677065875983	19.814361222121953	31.883460100554338	0.0
213.0	29.917225068979107	19.111811851267902	18.91735645775851	32.053606621994476	0.0
214.0	29.222078062493246	17.942480268137096	18.985836306627743	33.84960536274192	0.0
215.0	31.7332867865247	18.24053063361843	20.01803688834584	30.008145691511025	0.0
216.0	30.127364675032776	17.05375538490354	20.937129300118624	31.881750639945057	0.0
217.0	29.143909982233335	18.967559386721064	20.168454300190827	31.720076330854774	0.0
218.0	28.775385034755352	18.63159329426196	19.94343737222298	32.64958429875971	0.0
219.0	29.038469252677608	19.451241525933654	20.766978218139517	30.74331100324923	0.0
220.0	32.028469750889684	17.305541433655314	20.645653279105236	30.020335536349773	0.0
221.0	30.19197207678883	18.444589877835952	21.400523560209425	29.962914485165793	0.0
222.0	29.159635504556192	19.985375182810213	19.61975475306559	31.235234559568003	0.0
223.0	25.71611253196931	21.25319693094629	21.98849104859335	31.04219948849105	0.0
224.0	28.81671661132259	19.389325342188386	19.67279501093383	32.12116303555519	0.0
225.0	30.107347923774654	17.833069817758176	20.645751851543647	31.413830406923527	0.0
226.0	28.7025235788937	19.61933894128643	19.423910272750447	32.25422720706942	0.0
227.0	29.416884247171453	17.432550043516102	19.721496953872933	33.42906875543951	0.0
228.0	29.334874622087852	18.513249155255203	22.185666014582964	29.966210208073985	0.0
229.0	27.402996184981852	19.205359635247046	18.972736577649577	34.41890760212152	0.0
230.0	31.08941418293936	16.269270298047275	19.516957862281604	33.12435765673175	0.0
231.0	28.227999564886325	17.95931687153269	20.3633199173284	33.449363646252586	0.0
232.0	32.35836627140975	15.507246376811596	20.039525691699605	32.09486166007905	0.0
233.0	30.00554631170272	18.566278424847475	21.672212978369384	29.75596228508042	0.0
234.0	24.929922915206728	22.319551506657323	22.35459004905396	30.395935529081992	0.0
235.0	29.172550127082747	18.469358938153064	22.366563117763345	29.991527817000847	0.0
236.0	25.26416906820365	23.118796029458856	23.535062439961578	28.08197246237592	0.0
237.0	29.316181448882872	18.280297901150984	23.696682464454977	28.70683818551117	0.0
238.0	26.675977653631282	19.622905027932962	18.435754189944134	35.26536312849162	0.0
239.0	28.3072546230441	19.701280227596015	18.634423897581794	33.35704125177809	0.0
240.0	30.08720930232558	18.6046511627907	17.732558139534884	33.575581395348834	0.0
241.0	31.61819537658464	16.480238627889634	19.388516032811335	32.51304996271439	0.0
242.0	28.59315589353612	18.479087452471482	23.34600760456274	29.581749049429657	0.0
243.0	29.86811481768813	18.30876648564779	19.705197827773468	32.117920868890614	0.0
244.0	30.347054075867636	19.774011299435028	19.37046004842615	30.508474576271187	0.0
245.0	25.90529247910863	23.398328690807798	18.29155060352832	32.404828226555246	0.0
246.0	32.35294117647059	16.727941176470587	16.360294117647058	34.55882352941176	0.0
247.0	35.42857142857142	17.523809523809526	20.57142857142857	26.476190476190474	0.0
248.0	30.753968253968257	15.277777777777779	23.61111111111111	30.357142857142854	0.0
249.0	29.462365591397848	16.344086021505376	26.021505376344084	28.172043010752688	0.0
250.0	22.857142857142858	17.959183673469386	25.30612244897959	33.87755102040816	0.0
