# Position (bp)	A	C	G	T	N
0.0	21.30958390423307	25.271327612317013	40.697339006273886	12.721749477176028	0.0
1.0	21.417754380904306	20.17018821662941	17.6813658325521	40.730691569914185	0.0
2.0	25.1731248930633	25.63329040856574	15.865354309436544	33.328230388934415	0.0
3.0	17.892577966879255	24.997076523131447	12.360460200235677	44.749885309753616	0.0
4.0	34.68046125660093	10.099867083378237	13.808061213492834	41.411610446528	0.0
5.0	39.074794329037694	11.344613123510118	26.95051350527844	22.63007904217375	0.0
6.0	31.69548128318307	15.663750884135696	22.508527992407625	30.132239840273613	0.0
7.0	39.58979400330667	19.808749273872827	19.306492694043524	21.294964028776977	0.0
8.0	18.985511127775247	32.60308703143273	24.522170741940954	23.889231098851067	0.0
9.0	24.94631068218575	19.084232574170798	14.406412669795229	41.56304407384822	0.0
10.0	22.49059053701933	14.152358726454409	34.215351681420586	29.141699055105676	0.0
11.0	26.2258014019098	19.95112448471988	20.356391212843302	33.466682900527026	0.0
12.0	23.204247074054443	21.669809107575745	20.893901347629267	34.232042470740545	0.0
13.0	21.932588561061777	24.525402984297283	19.146202789857902	34.39580566478303	0.0
14.0	33.22445655469975	18.063437329428787	19.605617695220108	29.106488420651356	0.0
15.0	27.758887706456942	15.826995786504702	23.75217380019207	32.66194270684628	0.0
16.0	28.051301121671525	17.977013084726416	21.175982219301055	32.79570357430101	0.0
17.0	24.100352599557525	21.48869607300885	19.563225940265486	34.84772538716815	0.0
18.0	33.911586077010135	18.77910342027283	15.423624849893306	31.885685652823735	0.0
19.0	28.953731369060982	18.029049584635846	22.289770470285486	30.727448576017686	0.0
20.0	27.20189410245372	17.876883340507963	18.404649160568233	36.51657339647008	0.0
21.0	26.060543568856925	17.255690459619004	24.554258070614114	32.12950790090996	0.0
22.0	26.48433947858313	23.16521828647902	20.856674702102655	29.493767532835193	0.0
23.0	31.25262998434633	19.053710592314555	19.530894952113247	30.162764471225866	0.0
24.0	29.32371945884095	18.815204953893787	22.08470754526486	29.776368042000406	0.0
25.0	26.248666268997788	18.445394742369377	21.369941273828626	33.93599771480421	0.0
26.0	28.81479740054743	15.441386374704036	21.57394502191399	34.16987120283454	0.0
27.0	27.465498136395688	20.204996474262114	22.335549511433463	29.993955877908736	0.0
28.0	34.35252251420514	15.794774522228844	20.28334746153911	29.569355502026905	0.0
29.0	27.751778046162105	19.410057702630166	17.4164653784219	35.421698872785825	0.0
30.0	27.03715816750107	16.635219334658313	20.117067934623094	36.21055456321752	0.0
31.0	27.20493872723765	23.884215029231427	20.175975708977447	28.734870534553476	0.0
32.0	25.23118455360212	18.627229055056716	21.48612054293787	34.655465848403296	0.0
33.0	25.387479871175522	18.030394524959743	26.37127616747182	30.210849436392916	0.0
34.0	29.058911360338218	20.25282477582143	20.598424668450587	30.089839195389768	0.0
35.0	30.623882025916004	18.739135181437224	18.316719433643776	32.320263359003	0.0
36.0	31.601549697035907	18.06607222394971	18.735870780143035	31.596507298871344	0.0
37.0	26.729932779754844	20.737319434979767	20.231695313091542	32.30105247217384	0.0
38.0	29.066603771995585	19.547326836089187	21.202523648677108	30.18354574323812	0.0
39.0	31.750282086259453	19.831085063743075	18.76084137489685	29.657791475100627	0.0
40.0	32.70690308722571	17.673419534178496	20.190371899086045	29.42930547950975	0.0
41.0	27.61396587767213	20.416919549531322	18.87601996088745	33.093094611909095	0.0
42.0	25.956058408929955	18.034431592081745	20.620173338279432	35.389336660708864	0.0
43.0	27.036468265352614	17.855274482339638	20.11407934927519	34.99417790303255	0.0
44.0	32.25172489414464	18.835506671839944	18.17254002260497	30.74022841141045	0.0
45.0	29.358827300023616	16.756351000303635	23.18157282142978	30.703248878242974	0.0
46.0	31.649638485096474	17.078520868310708	21.597246243535338	29.67459440305748	0.0
47.0	31.70544596189513	15.963581183611533	19.744562468386444	32.5864103861069	0.0
48.0	28.526500396283367	17.76698537967319	24.89418390920895	28.81233031483449	0.0
49.0	27.95178283718694	22.037672821750025	21.013606417707745	28.996937923355294	0.0
50.0	28.102577954856244	18.20859993584657	19.799773774753938	33.88904833454324	0.0
51.0	28.902393670971666	18.167218878896477	18.92200283994861	34.00838461018324	0.0
52.0	28.950444726810677	16.27445997458704	20.193138500635325	34.58195679796696	0.0
53.0	30.161365465249247	19.40112659353691	17.757824742704674	32.67968319850917	0.0
54.0	26.819972265468806	17.97554937342079	19.408216567554	35.7962617935564	0.0
55.0	27.16690209159448	16.682550758181726	21.212920573869535	34.937626576354255	0.0
56.0	29.32443603575964	17.89515847246014	19.74023981796334	33.04016567381689	0.0
57.0	23.708457991322952	17.31233112571492	22.87484764023491	36.10436324272722	0.0
58.0	28.673856515623005	17.05017264163008	19.74167696832772	34.5342938744192	0.0
59.0	25.109587405550155	17.517781302768253	21.23096078732368	36.14167050435791	0.0
60.0	27.46605022519449	17.63170465401938	22.30534325098949	32.59690186979664	0.0
61.0	27.844469869025463	16.3222964088728	25.648469117672175	30.18476460442957	0.0
62.0	28.522783662154993	17.888982050272926	21.402782293253026	32.18545199431906	0.0
63.0	26.56085561497326	18.72	21.12855614973262	33.59058823529411	0.0
64.0	28.628169351663214	21.8186642926846	23.932136070260736	25.62103028539145	0.0
65.0	28.77629472350408	17.22416760130478	22.068304209724232	31.931233465466907	0.0
66.0	28.431800854898537	18.43171519372275	21.164306701273784	31.972177250104934	0.0
67.0	26.217343992322782	18.628383415160783	22.6186498042139	32.53562278830253	0.0
68.0	30.775893117464452	18.099027561013255	17.963537825647006	33.16154149587528	0.0
69.0	29.18460456580279	18.590810078383615	21.215031816544602	31.009553539268992	0.0
70.0	30.685356919196682	16.80321188672609	21.114895296267385	31.39653589780984	0.0
71.0	31.462477046901544	18.37706577886084	19.86837363353984	30.292083540697774	0.0
72.0	29.872988846752484	16.956891881433325	23.237795492264958	29.932323779549225	0.0
73.0	29.365113498542023	19.902457486430926	20.411674135750964	30.320754879276084	0.0
74.0	30.525001076704424	19.242000086136354	20.74852491494035	29.484473922218875	0.0
75.0	29.890227300143028	16.92257319616054	19.58934325940478	33.59785624429165	0.0
76.0	29.283249956874247	16.991547352078662	22.846299810246677	30.878902880800414	0.0
77.0	28.185621253288478	18.575063613231553	23.586492431103636	29.65282270237633	0.0
78.0	29.1308864265928	22.57531163434903	19.6875	28.60630193905817	0.0
79.0	31.123054917428806	19.544883186684583	19.038619912444194	30.293441983442413	0.0
80.0	32.20231695050467	19.14172245152787	16.728521383233325	31.92743921473414	0.0
81.0	34.9144250036867	16.38806721085367	21.033319164808855	27.66418862065077	0.0
82.0	29.899536723752018	19.76818836430517	19.374316797668005	30.95795811427481	0.0
83.0	31.22857564370699	18.856037003931235	19.113780145967667	30.80160720639411	0.0
84.0	28.05393718904933	18.67657656875429	21.587031457571783	31.682454784624603	0.0
85.0	26.916464050017368	18.89631816602987	20.691212226467524	33.49600555748523	0.0
86.0	29.65330368929341	19.166435072604738	17.086430903911623	34.09383033419024	0.0
87.0	28.716553839736513	18.933198925899212	18.968828482789185	33.38141875157509	0.0
88.0	29.552903130460486	20.306699933061523	18.503707696186243	31.636689240291748	0.0
89.0	28.440087676570876	20.310869111404912	20.902338041889916	30.346705170134296	0.0
90.0	32.25652090692373	17.023960744053316	20.67462458020846	30.04489376881449	0.0
91.0	29.503689266323263	21.55958513156063	20.12651399136851	28.8102116107476	0.0
92.0	27.098997493734334	17.840608465608465	20.71150097465887	34.34889306599833	0.0
93.0	31.376289018952065	20.345596432552952	20.17924331103679	28.098871237458194	0.0
94.0	29.24516771140717	19.590193989977475	19.507254980705767	31.657383317909588	0.0
95.0	30.829307498099922	20.183630502581483	18.61901475508653	30.36804724423206	0.0
96.0	27.50655479811222	18.361300471945462	18.105226359028144	36.026918370914174	0.0
97.0	27.45386162861891	19.667628793842386	20.75220851919881	32.1263010583399	0.0
98.0	26.339098165523033	20.21513093404285	19.771390561546003	33.67438033888811	0.0
99.0	30.082033951725162	17.871494733893066	18.066730286024463	33.97974102835731	0.0
100.0	31.2249407487927	20.034036031862	21.160254468342927	27.58076875100237	0.0
101.0	31.0140603101406	19.428545594285456	20.470184004701842	29.0872100908721	0.0
102.0	27.462498494380565	19.09959325111879	22.8066599338454	30.631248320655246	0.0
103.0	27.075430749778256	21.039272301798487	23.027420785446036	28.85787616297722	0.0
104.0	32.71177256101101	16.858586054072884	20.779547521820753	29.650093863095357	0.0
105.0	30.24899057873486	20.094410577151454	22.006373208772068	27.65022563534162	0.0
106.0	28.576944571457602	21.143118427069044	20.00711273687954	30.27282426459381	0.0
107.0	31.328409445542494	20.547175699573494	18.4531363778217	29.671278477062312	0.0
108.0	29.57854406130268	18.869731800766285	24.504044274159217	27.04767986377182	0.0
109.0	29.58848720679985	18.974587508967197	21.42127345057716	30.015651833655788	0.0
110.0	28.02200837467269	18.84080388019136	21.9476085779629	31.189579167173047	0.0
111.0	31.267710160572122	16.36418836864121	22.35640714253587	30.011694328250798	0.0
112.0	28.589280596159355	18.42476354256234	20.206362854686155	32.779593006592144	0.0
113.0	31.727146539758085	19.15176540574588	18.029650884744143	31.091437169751902	0.0
114.0	32.7008396145406	16.496517507871385	16.42615208472474	34.37649079286328	0.0
115.0	27.802007699429854	23.3163588519078	19.794357000146192	29.087276448516153	0.0
116.0	32.43433013604163	20.19183750235095	17.02338411384866	30.35044824775876	0.0
117.0	29.827402295305287	17.228926501394405	23.833391165773477	29.110280037526827	0.0
118.0	29.267874794069193	19.37660626029654	21.502471169686984	29.85304777594728	0.0
119.0	32.34131001066257	16.360961520292612	18.46378102603555	32.83394744300927	0.0
120.0	31.561255837661356	17.65556764799074	16.91165328080012	33.871523233547784	0.0
121.0	33.6780367340639	16.78710238673196	21.453928075320267	28.08093280388388	0.0
122.0	28.10077796017415	20.216972378845195	22.388123617157948	29.29412604382271	0.0
123.0	27.1830412925348	18.827187400110425	19.34152791096388	34.648243396390896	0.0
124.0	27.552691116932603	18.493986663491306	20.280126220528697	33.67319599904739	0.0
125.0	27.866902525314142	19.970720995486154	18.961205319019154	33.20117116018055	0.0
126.0	32.34677595970341	14.646622657447676	20.009072990645436	32.997528392203485	0.0
127.0	29.360632643913682	18.28136005634885	19.789332138054682	32.56867516168278	0.0
128.0	32.428632157221806	18.231908701481313	18.009548412412936	31.32991072888395	0.0
129.0	28.00449332707397	19.44202266782912	21.39192542418349	31.161558580913418	0.0
130.0	29.798101396436678	19.09609960789709	20.970626676755863	30.13517231891037	0.0
131.0	25.1219555148548	19.747107408907596	19.875667013014457	35.25527006322315	0.0
132.0	29.672066376926114	18.52842929492475	20.002873460005027	31.796630868144106	0.0
133.0	31.919961886612676	17.926118664565543	19.93256862242093	30.22135082640085	0.0
134.0	32.873912391239124	15.532178217821782	18.500600060006	33.09330933093309	0.0
135.0	31.685695097380794	14.558188621318239	20.75410150628418	33.00201477501679	0.0
136.0	29.861329352608422	17.595065996228787	20.981301068510373	31.56230358265242	0.0
137.0	30.452360359635538	18.251302371422252	21.27642456302673	30.01991270591548	0.0
138.0	29.734257057181264	16.428497570054805	21.455899079722883	32.381346293041055	0.0
139.0	28.689412114392475	19.192798454385258	20.577057811936054	31.540731619286216	0.0
140.0	32.964993120918955	17.407350789456444	17.6191828088489	32.008473280775696	0.0
141.0	28.565065366027483	15.460680163025323	23.20661009777065	32.767644373176545	0.0
142.0	29.87742244744231	18.085324933232897	19.74936656851332	32.28788605081148	0.0
143.0	31.199084988679072	18.393594920753483	20.31465185219766	30.092668238369786	0.0
144.0	26.59668799578211	16.67745105087833	24.118676156924774	32.60718479641479	0.0
145.0	33.54111959162638	20.156085110560287	20.52911870812575	25.773676589687582	0.0
146.0	28.732237954620025	20.61028242598622	19.658766815577597	30.998712803816158	0.0
147.0	35.645771763363925	16.83776637113081	18.84170684917302	28.67475501633224	0.0
148.0	30.409201032986346	21.264077101248635	20.736934586406115	27.58978727935891	0.0
149.0	30.42474861256113	19.773064454090882	19.795043683718884	30.0071432496291	0.0
150.0	31.551782490974727	17.336981046931406	19.739959386281587	31.371277075812277	0.0
151.0	30.766563610621517	18.003987402120835	21.650437747406745	29.579011239850907	0.0
152.0	26.571361058601134	21.296077504725897	16.744447069943288	35.38811436672968	0.0
153.0	30.844764034080608	20.088827119463414	20.949906338751585	28.116502507704393	0.0
154.0	30.291880526869086	17.65196957516542	21.55710840393297	30.499041494032525	0.0
155.0	27.380313693312715	20.54785874333323	21.1001357023385	30.97169186101556	0.0
156.0	25.64010801314377	17.386212057129843	18.602986628493348	38.37069330123305	0.0
157.0	29.403095062638172	17.404702887385277	20.369129764855632	32.82307228512092	0.0
158.0	28.397488962472405	22.488962472406183	19.7226821192053	29.390866445916114	0.0
159.0	30.90320975367007	18.831976682188177	20.491948956741194	29.772864607400564	0.0
160.0	33.44457075800359	17.672081851186327	20.37111738604276	28.512230004767318	0.0
161.0	29.161494188014895	22.394011210171914	18.71496821276756	29.72952638904563	0.0
162.0	27.979314603272616	19.307656684161778	18.620716270453844	34.09231244211176	0.0
163.0	28.0327285663465	21.96529507095142	18.98098739080596	31.020988971896124	0.0
164.0	29.329483999512057	20.335054690359044	20.0382222583662	30.2972390517627	0.0
165.0	28.228928199791888	22.967741935483872	20.6576482830385	28.145681581685743	0.0
166.0	31.311412650474285	16.955208643498235	22.680675485984093	29.052703220043384	0.0
167.0	27.563907816501022	19.77344733301506	22.707347771364088	29.95529707911983	0.0
168.0	29.17094513147908	17.545426135095315	18.353497924014466	34.93013080941114	0.0
169.0	31.404769533574406	18.121481210234816	19.819654872522545	30.65409438366824	0.0
170.0	35.09236075022441	16.813908442386737	16.74776775168895	31.34596305569991	0.0
171.0	28.413159167876152	21.693275278180938	19.492017416545718	30.401548137397192	0.0
172.0	29.55753091324428	22.019168694443064	20.072503352038538	28.350797040274124	0.0
173.0	31.970847561286377	22.98048009785434	15.269354263289333	29.77931807756995	0.0
174.0	28.261325503355707	22.671979865771814	20.50650167785235	28.560192953020135	0.0
175.0	30.754706802610993	21.93990397583212	17.635000269730806	29.670388951826077	0.0
176.0	30.54551520880832	18.57865762108658	20.11900127898571	30.756825891119387	0.0
177.0	28.68225898459783	19.68054763262978	16.805476326297775	34.831717056474616	0.0
178.0	28.072543725789412	20.1197323629534	22.76088742810189	29.046836483155296	0.0
179.0	28.297131885275412	20.47881915276611	22.098883955358215	29.125165006600263	0.0
180.0	28.735560799900632	16.656315985591853	21.127810209911814	33.4803130045957	0.0
181.0	29.246487867177525	16.979565772669222	21.519795657726693	32.254150702426564	0.0
182.0	28.835926728382905	18.652747685641128	18.974459982929552	33.536865603046415	0.0
183.0	30.73081854376139	19.157837910790203	20.973075106282472	29.138268439165937	0.0
184.0	31.301094637661077	20.6179853124567	17.015380351946792	31.065539697935428	0.0
185.0	28.997155049786628	21.294452347083926	20.163584637268848	29.5448079658606	0.0
186.0	31.9067858713176	23.772534075919683	17.133225853730032	27.187454199032686	0.0
187.0	29.662428095670602	22.653648198607325	22.13139570087799	25.55252800484408	0.0
188.0	24.36369331975879	23.846816508732086	20.784712976740543	31.00477719476858	0.0
189.0	32.11283543485289	18.84093113482056	19.342062722276108	29.704170708050437	0.0
190.0	26.298728285263067	23.181780400631702	21.195245615493306	29.324245698611918	0.0
191.0	34.97511584005492	16.62090269435387	16.964132486699846	31.439848978891366	0.0
192.0	28.043823997172645	18.439653649054602	19.367379395652943	34.14914295811981	0.0
193.0	34.20189504373178	17.92091836734694	18.549562682215743	29.32762390670554	0.0
194.0	30.60421545667447	22.45433255269321	16.60889929742389	30.33255269320843	0.0
195.0	32.94460641399417	17.852283770651116	20.379008746355684	28.82410106899903	0.0
196.0	32.38895072346453	17.444095922290803	20.742689466761107	29.42426388748356	0.0
197.0	31.489228194938296	18.374816983894583	18.14473959422715	31.99121522693997	0.0
198.0	28.042612719251046	19.014311847627248	22.65145808673195	30.291617346389753	0.0
199.0	30.7632224949788	21.100200848024993	16.82660120508815	31.309975451908056	0.0
200.0	28.182870370370374	24.814814814814813	18.26388888888889	28.738425925925924	0.0
201.0	33.24566646742379	20.047818290496114	16.41362821279139	30.2928870292887	0.0
202.0	31.334813718233406	16.88872440167777	21.872686898593635	29.90377498149519	0.0
203.0	30.03560528992879	17.128687690742623	19.722787385554426	33.11291963377416	0.0
204.0	33.06804615996817	21.93924923729938	19.59145775301764	25.401246849714816	0.0
205.0	32.394751230180425	19.80590486604702	16.867140513942044	30.93220338983051	0.0
206.0	29.830508474576273	20.141242937853107	18.418079096045197	31.610169491525426	0.0
207.0	27.60923210915953	21.019015822325446	19.62548991145304	31.746262157061985	0.0
208.0	33.99909896380838	19.762727136206635	18.591380087100166	27.646793812884816	0.0
209.0	29.708677364075402	20.68858077582178	18.289453185854494	31.313288674248323	0.0
210.0	30.68052623030697	20.28585350008121	21.049212278707163	27.984407990904664	0.0
211.0	28.49180881607837	23.61087654112481	19.118392163485897	28.778922479310925	0.0
212.0	29.92853407704375	18.720585671953984	21.248039044796933	30.102841206205333	0.0
213.0	28.751123090745732	18.67026055705301	22.120395327942497	30.45822102425876	0.0
214.0	27.30647855949508	20.623723779469092	20.846482272136623	31.223315388899202	0.0
215.0	34.837235865219874	18.694079573577007	17.628022082619456	28.840662478583667	0.0
216.0	29.302959501557634	19.4898753894081	22.410436137071652	28.796728971962615	0.0
217.0	30.861965039180227	18.28410689170183	20.373719107896324	30.48020896122162	0.0
218.0	28.89255516601361	21.48896679727779	18.581150752732523	31.03732728397608	0.0
219.0	32.99785867237687	17.70877944325482	21.71306209850107	27.580299785867236	0.0
220.0	29.147389292795772	19.365499008592202	19.673936990526546	31.81317470808548	0.0
221.0	31.828493647912886	19.918330308529946	20.71234119782214	27.54083484573503	0.0
222.0	24.841363102232666	20.564042303172737	19.200940070505286	35.39365452408931	0.0
223.0	28.268809349890432	18.94326759191624	20.428536644752864	32.35938641344047	0.0
224.0	26.57272269753397	19.879214896829392	23.70407649723201	29.84398590840463	0.0
225.0	26.440062272963154	17.02127659574468	22.444213803840167	34.094447327452	0.0
226.0	29.893333333333334	21.386666666666667	20.16	28.560000000000002	0.0
227.0	29.534819708230113	20.368841178089735	17.2859895403248	32.81034957335535	0.0
228.0	26.786222601764877	20.153714773697693	20.1821804725306	32.87788215200683	0.0
229.0	31.17229129662522	19.982238010657195	17.613972764949672	31.231497927767908	0.0
230.0	32.536764705882355	16.727941176470587	18.198529411764707	32.536764705882355	0.0
231.0	25.986738238080203	19.13482791285128	21.0925165772024	33.78591727186612	0.0
232.0	33.56276630612914	16.28974106850213	19.567354965585054	30.58013765978368	0.0
233.0	30.92328581126952	18.36388323150034	18.635437881873727	32.07739307535641	0.0
234.0	31.013776050865417	19.56905687036383	19.675026492405507	29.742140586365238	0.0
235.0	31.17216117216117	16.813186813186814	21.0989010989011	30.915750915750916	0.0
236.0	28.018223234624145	22.01974183750949	19.58997722095672	30.372057706909644	0.0
237.0	29.40251572327044	19.221698113207548	20.2437106918239	31.132075471698112	0.0
238.0	32.9134498171475	21.007720438845997	17.10686712718407	28.971962616822427	0.0
239.0	29.20729122509538	20.26282323018228	17.33785502331496	33.192030521407375	0.0
240.0	31.762114537444937	19.471365638766517	21.674008810572687	27.09251101321586	0.0
241.0	29.00274473924977	20.128087831655993	20.951509606587372	29.91765782250686	0.0
242.0	25.89893100097182	20.942662779397473	21.914480077745385	31.243926141885325	0.0
243.0	27.32295328980412	23.10396785534907	16.825715720743347	32.747363134103466	0.0
244.0	25.66788894709272	20.377160817181768	18.438973284442117	35.5159769512834	0.0
245.0	33.479692645444565	18.05708013172338	15.422612513721184	33.04061470911087	0.0
246.0	35.267349260523325	18.20250284414107	20.989761092150168	25.540386803185438	0.0
247.0	39.223880597014926	15.82089552238806	18.507462686567163	26.44776119402985	0.0
248.0	32.52396166134186	20.383386581469647	19.808306709265175	27.284345047923324	0.0
249.0	26.16487455197133	21.36200716845878	26.021505376344084	26.451612903225808	0.0
250.0	21.084337349397593	21.084337349397593	34.13654618473896	23.694779116465863	0.0
