# Position (bp)	A	C	G	T	N
0.0	30.37313432835821	17.960199004975124	21.442786069651742	30.223880597014922	0.0
1.0	22.238805970149254	26.666666666666668	24.5273631840796	26.56716417910448	0.0
2.0	30.406746031746028	18.57638888888889	18.328373015873016	32.68849206349206	0.0
3.0	29.066600643723696	23.867293884624907	18.59371131468185	28.47239415696955	0.0
4.0	30.643564356435643	18.787128712871286	18.143564356435643	32.42574257425743	0.0
5.0	32.4009900990099	17.673267326732674	16.732673267326735	33.193069306930695	0.0
6.0	29.628712871287128	20.915841584158414	19.67821782178218	29.777227722772277	0.0
7.0	29.112045510759337	19.836754884986398	20.306702943358893	30.744496660895376	0.0
8.0	31.10946380034594	19.866567828020756	20.533728687916973	28.490239683716332	0.0
9.0	30.657114624505926	19.5899209486166	16.52667984189723	33.226284584980235	0.0
10.0	25.56186712768585	17.461101506544825	20.12842677204248	36.84860459372685	0.0
11.0	25.71005186465794	18.424302296863424	21.733761422573476	34.13188441590516	0.0
12.0	25.734749320819954	18.17732773524327	21.462089404791307	34.62583353914547	0.0
13.0	27.265991602864904	21.684366510249443	18.64657940232156	32.40306248456409	0.0
14.0	27.4320987654321	19.753086419753085	22.419753086419753	30.395061728395063	0.0
15.0	28.57847976307996	19.990128331688055	20.681145113524185	30.7502467917078	0.0
16.0	28.282329713721623	22.35932872655479	21.1253701875617	28.2329713721619	0.0
17.0	27.936821322803553	19.64461994076999	20.16288252714709	32.255676209279365	0.0
18.0	26.776900296150046	21.59427443237907	19.66929911154985	31.959526159921026	0.0
19.0	25.832716506291636	19.886503824327658	21.046138662718974	33.23464100666173	0.0
20.0	27.189735998026155	20.72538860103627	18.529484332593142	33.555391068344434	0.0
21.0	23.735504564520106	20.898100172711572	21.53960029607698	33.82679496669134	0.0
22.0	27.76818742293465	20.369913686806413	20.419235511713936	31.442663378545006	0.0
23.0	27.59556103575832	22.342786683107274	19.70406905055487	30.357583230579532	0.0
24.0	29.39580764488286	17.928483353884094	17.065351418002468	35.61035758323058	0.0
25.0	25.99260172626387	18.939580764488287	15.758323057953143	39.3094944512947	0.0
26.0	29.494451294697903	17.065351418002468	17.016029593094945	36.424167694204684	0.0
27.0	26.122348297977304	19.215589541193882	18.056240749876665	36.605821410952146	0.0
28.0	28.885051800690675	20.39960532807104	16.107548100641342	34.60779477059694	0.0
29.0	27.77503700049334	17.2915638875185	16.6255550074001	38.307844104588064	0.0
30.0	30.081501605334648	16.201531242282044	19.510990367992097	34.205976784391204	0.0
31.0	32.377656945130994	16.6584280771132	17.42461690558576	33.53929807217004	0.0
32.0	27.9248083106604	21.963888201830322	19.490477368290872	30.620826119218403	0.0
33.0	27.41217219198417	23.330034636318654	19.594260267194457	29.66353290450272	0.0
34.0	33.18474492322932	15.79990094105993	18.67261020307083	32.34274393263992	0.0
35.0	32.49133234274393	16.91431401684002	20.406141654284298	30.188211986131748	0.0
36.0	27.966311617537777	15.803814713896458	21.426802080753035	34.80307158781273	0.0
37.0	31.392467789890983	19.598612487611497	17.666005946481665	31.342913776015855	0.0
38.0	27.88795240456123	18.939018344075357	21.715418939018345	31.457610312345068	0.0
39.0	28.730788299454634	17.07982151710461	18.542389687654932	35.64700049578582	0.0
40.0	26.296204415777723	16.174646489704788	19.821384271892832	37.707764822624654	0.0
41.0	28.691983122362867	15.289153636138	20.87366592206503	35.145197319434104	0.0
42.0	31.223628691983123	14.619012161826756	19.781583519483743	34.37577562670638	0.0
43.0	27.911596722125655	18.524956543332504	19.39408989322076	34.16935684132108	0.0
44.0	34.57433606353934	19.1114420451725	15.63663440059568	30.67758749069248	0.0
45.0	31.16463868885026	15.520238390861685	20.387385150235907	32.92773777005215	0.0
46.0	29.78142076502732	16.219572776949825	19.448584202682564	34.550422255340294	0.0
47.0	30.973671137605564	16.095380029806257	22.37953303527074	30.55141579731744	0.0
48.0	27.09885742672628	21.957277694982615	20.814704421261798	30.129160457029307	0.0
49.0	31.801242236024844	17.41614906832298	17.71428571428571	33.068322981366464	0.0
50.0	27.830188679245282	18.61966236345581	21.400198609731877	32.14995034756703	0.0
51.0	29.99751676185746	17.18400794636206	17.804817481996523	35.01365780978396	0.0
52.0	27.80124223602484	17.59006211180124	21.93788819875776	32.67080745341615	0.0
53.0	31.279503105590063	19.229813664596275	21.06832298136646	28.422360248447205	0.0
54.0	28.932087856601868	19.59101237061348	20.87856601868215	30.598333754102498	0.0
55.0	27.279616064662793	17.47916140439505	17.580197019449358	37.6610255114928	0.0
56.0	27.961606466279363	19.398838090426874	20.207123010861327	32.432432432432435	0.0
57.0	32.76079818135893	17.68123263450366	19.171507956554684	30.38646122758272	0.0
58.0	27.33013387218995	23.339227077544837	17.75700934579439	31.573629704470825	0.0
59.0	30.71482697650922	17.605455923212933	19.171507956554684	32.50820914372316	0.0
60.0	28.802425467407783	17.33198585144012	20.692268822637697	33.1733198585144	0.0
61.0	27.596664139499623	19.863532979529946	21.278746525145312	31.26105635582512	0.0
62.0	27.495577457669953	20.04043467273187	21.051301491028557	31.41268637856962	0.0
63.0	28.29711975745326	18.241536129358263	23.06720565942395	30.39413845376453	0.0
64.0	27.835311947461477	18.2874463248295	19.550391513008336	34.326850214700684	0.0
65.0	27.752525252525253	18.30808080808081	19.343434343434343	34.5959595959596	0.0
66.0	31.85147764587017	15.584743622126801	20.308158625915635	32.2556201060874	0.0
67.0	27.337038908539668	23.39565437089439	18.165740272865083	31.101566447700858	0.0
68.0	29.628694114675426	19.525132609244757	19.3735791866633	31.472594089416518	0.0
69.0	29.566805845511485	20.43319415448852	19.51983298538622	30.48016701461378	0.0
70.0	28.679540709812105	21.29436325678497	18.710855949895617	31.315240083507305	0.0
71.0	29.27974947807933	22.3643006263048	19.937369519832984	28.41858037578288	0.0
72.0	28.70563674321503	18.47599164926931	20.798538622129435	32.01983298538622	0.0
73.0	29.358037578288098	17.275574112734866	21.711899791231733	31.654488517745307	0.0
74.0	29.757243539545808	18.950665622552858	20.360219263899765	30.93187157400157	0.0
75.0	30.696945967110416	19.107282693813627	21.587052988775778	28.608718350300183	0.0
76.0	30.357608979378753	20.490733489950404	19.498825371965545	29.6528321587053	0.0
77.0	32.00208822761681	19.81205951448708	18.872357086922477	29.313495170973635	0.0
78.0	29.444009397024274	17.33228921952493	21.247716001044115	31.97598538240668	0.0
79.0	29.992169146436957	19.342208300704776	18.245888801879403	32.41973375097886	0.0
80.0	32.41127348643006	17.249478079331944	18.502087682672233	31.83716075156576	0.0
81.0	28.41858037578288	18.37160751565762	20.615866388308977	32.593945720250524	0.0
82.0	33.22025052192067	14.900835073068894	22.129436325678498	29.749478079331944	0.0
83.0	31.70668058455115	16.57098121085595	20.74634655532359	30.975991649269314	0.0
84.0	30.383711824588882	17.33228921952493	20.803967632471938	31.480031323414252	0.0
85.0	29.23518663534325	17.384494909945182	19.838162359697208	33.542156095014356	0.0
86.0	30.25319759853824	19.94257374053772	18.92456277734273	30.87966588358131	0.0
87.0	31.76716262072566	17.54111198120595	19.44661968154529	31.245105716523103	0.0
88.0	31.34951709736361	17.67162620725659	18.376403027930046	32.60245366744975	0.0
89.0	31.558339859044636	16.235969720699554	18.350300182719916	33.85539023753589	0.0
90.0	28.50430696945967	17.07126076742365	19.733750978856694	34.69068128425998	0.0
91.0	29.104672409292615	18.741842860871834	16.705820934481856	35.4476637953537	0.0
92.0	30.409814669799008	18.71574001566171	17.149569303054033	33.72487601148525	0.0
93.0	31.871574001566174	17.488906290785696	18.767945706081964	31.871574001566174	0.0
94.0	30.462020360219267	16.888540850952754	19.211694074654137	33.437744714173846	0.0
95.0	32.680762203080135	16.418689637170452	18.637431480031324	32.26311667971809	0.0
96.0	28.765335421560952	17.67162620725659	20.360219263899765	33.20281910728269	0.0
97.0	29.835552075176192	17.227877838684417	19.342208300704776	33.594361785434614	0.0
98.0	30.04437483685722	20.020882276168102	18.089271730618638	31.84547115635604	0.0
99.0	28.73923257635082	19.655442443226313	18.245888801879403	33.35943617854346	0.0
100.0	31.165099268547547	18.312434691745036	19.670846394984327	30.851619644723094	0.0
101.0	29.318003658217922	20.930232558139537	20.904102430101908	28.847661353540634	0.0
102.0	30.562091503267975	18.84967320261438	19.294117647058822	31.294117647058822	0.0
103.0	28.407010201412504	20.01046298718284	21.841485744179963	29.741041067224693	0.0
104.0	27.479717351478673	18.34598272703481	20.02093692750589	34.153362993980636	0.0
105.0	29.693637077769047	19.19350615344331	18.931657501963866	32.181199266823775	0.0
106.0	32.82682735132303	19.963321980613046	19.072570081215616	28.137280586848313	0.0
107.0	30.747051114023595	19.842726081258192	19.580602883355176	29.829619921363044	0.0
108.0	32.00419727177335	18.363064008394545	19.464847848898216	30.167890870933896	0.0
109.0	27.742782152230973	19.816272965879264	18.057742782152232	34.38320209973753	0.0
110.0	25.912312943029665	20.2940404305592	18.981359936991336	34.8122866894198	0.0
111.0	30.809674027339646	18.40168243953733	18.92744479495268	31.861198738170348	0.0
112.0	27.793846962924007	19.800157770181436	19.98422298185643	32.421772285038124	0.0
113.0	30.13157894736842	17.210526315789473	20.5	32.15789473684211	0.0
114.0	31.437598736176938	17.56187467087941	18.325434439178515	32.67509215376514	0.0
115.0	26.923076923076923	19.704952581664912	16.991570073761856	36.38040042149631	0.0
116.0	28.240252897787144	19.75763962065332	17.939936775553214	34.06217070600632	0.0
117.0	33.552978386926725	17.843964153927253	16.499736425935687	32.10332103321033	0.0
118.0	30.529923543369364	17.980490377010284	19.931452675982072	31.558133403638283	0.0
119.0	23.569733720010547	20.827840759293434	22.64698128130767	32.95544423938835	0.0
120.0	30.010548523206754	19.72573839662447	20.332278481012658	29.93143459915612	0.0
121.0	31.56645569620253	19.33016877637131	19.251054852320674	29.85232067510549	0.0
122.0	30.966209081309398	17.68743400211193	18.769799366420276	32.5765575501584	0.0
123.0	32.54953764861295	15.825627476882431	19.550858652575958	32.07397622192867	0.0
124.0	31.950317124735726	18.340380549682873	18.710359408033828	30.998942917547566	0.0
125.0	31.12933086485057	19.49219783126157	18.354932557524464	31.023538746363393	0.0
126.0	31.51627414659963	17.147393490341358	20.613919026197404	30.722413336861603	0.0
127.0	29.301217575436738	19.295923769190047	19.53414505029116	31.868713605082057	0.0
128.0	31.89289501590668	17.20572640509014	18.87592788971368	32.0254506892895	0.0
129.0	31.55661628215328	18.615751789976134	19.570405727923628	30.257226199946963	0.0
130.0	31.26491646778043	18.2975338106603	17.555025192256696	32.88252452930257	0.0
131.0	30.45900769434863	18.57256566728575	21.093128150703105	29.875298487662512	0.0
132.0	28.476645435244162	18.02016985138004	21.4171974522293	32.0859872611465	0.0
133.0	27.960701009028142	18.295273499734467	20.419543281996813	33.32448220924057	0.0
134.0	25.677110993096125	19.596388741370156	23.605947955390334	31.12055231014339	0.0
135.0	28.374070138150902	17.85334750265675	21.439957492029755	32.33262486716259	0.0
136.0	29.888416578108394	18.623804463336878	18.544102019128587	32.94367693942614	0.0
137.0	29.41801753919745	17.48604836566569	18.921073611480203	34.17486048365666	0.0
138.0	29.285144831251657	19.26654265213925	18.30985915492958	33.13845336167951	0.0
139.0	30.515683147262095	19.11217437533227	18.341307814992025	32.03083466241361	0.0
140.0	28.23717096516884	18.37277319861739	20.366923690507843	33.02313214570593	0.0
141.0	27.811752193565543	17.89417708056368	21.59000265886732	32.704068067003455	0.0
142.0	31.27659574468085	18.56382978723404	18.643617021276597	31.515957446808514	0.0
143.0	31.035400585573598	18.977907905243548	20.761245674740483	29.225445834442375	0.0
144.0	30.92893265903647	18.92467394197498	18.578653180729304	31.56774021825925	0.0
145.0	30.21831735889244	16.293929712460063	20.71352502662407	32.774227902023426	0.0
146.0	29.64247598719317	17.556029882604054	18.86339381003202	33.938100320170754	0.0
147.0	28.410613776467436	19.72661484856607	20.048244438488343	31.814526936478156	0.0
148.0	29.195710455764072	18.498659517426276	19.812332439678286	32.49329758713137	0.0
149.0	27.8626977742022	20.30034861893269	18.476803432555645	33.36015017430947	0.0
150.0	28.736248993828816	17.198819425811646	19.98926750737859	34.07566407298095	0.0
151.0	28.70941776227529	19.29165548698685	19.69412396028978	32.304802790448086	0.0
152.0	26.845637583892618	18.87248322147651	19.033557046979865	35.24832214765101	0.0
153.0	32.07952713594842	17.275658248253627	18.027941966684576	32.61687264911338	0.0
154.0	29.872938632062716	17.734522844011895	18.572587185725872	33.81995133819951	0.0
155.0	29.004329004329005	18.695887445887447	20.075757575757574	32.22402597402597	0.0
156.0	30.473612990527737	16.617050067658997	19.972936400541272	32.936400541271986	0.0
157.0	31.14842903575298	18.22860238353196	19.528710725893824	31.094257854821233	0.0
158.0	30.96529284164859	18.411062906724514	19.25162689804772	31.372017353579174	0.0
159.0	29.962039045553148	16.946854663774403	21.502169197396963	31.588937093275486	0.0
160.0	27.5366250678242	18.09549647314162	23.00596852957135	31.361909929462833	0.0
161.0	27.66015200868621	18.593919652551573	22.421281216069488	31.324647122692724	0.0
162.0	28.42278203723987	18.373493975903614	22.809419496166484	30.394304490690033	0.0
163.0	29.835616438356166	15.369863013698632	20.65753424657534	34.136986301369866	0.0
164.0	31.181318681318682	17.417582417582416	22.554945054945055	28.846153846153843	0.0
165.0	32.19592735277931	17.638965327462852	20.831040176114474	29.334067143643367	0.0
166.0	30.561674008810574	18.309471365638768	20.484581497797357	30.6442731277533	0.0
167.0	29.43938138635736	17.72990886495443	20.684893675780174	32.14581607290803	0.0
168.0	29.27368130350732	17.923225628279482	20.32587682960508	32.47721623860812	0.0
169.0	26.13259668508287	18.14917127071823	20.138121546961326	35.58011049723757	0.0
170.0	28.378004973749654	16.026526664824537	21.110804089527495	34.48466427189831	0.0
171.0	28.188105117565698	17.869986168741356	19.08713692946058	34.85477178423236	0.0
172.0	28.389596015495293	18.705035971223023	19.258439402324296	33.64692861095739	0.0
173.0	27.602436323366558	18.244739756367665	18.410852713178294	35.74197120708749	0.0
174.0	27.308120133481644	18.770856507230256	18.854282536151278	35.06674082313682	0.0
175.0	27.474972191323694	18.103448275862068	20.689655172413794	33.73192436040044	0.0
176.0	30.05008347245409	16.4440734557596	18.80912632164719	34.696716750139124	0.0
177.0	29.203786191536746	19.543429844097997	18.457683741648108	32.79510022271715	0.0
178.0	31.08635097493036	17.85515320334262	19.24791086350975	31.81058495821727	0.0
179.0	29.0214664064678	18.70643992194034	21.271257318093113	31.000836353498745	0.0
180.0	30.337705833100753	18.029584147362545	17.89003628244488	33.74267373709182	0.0
181.0	28.083916083916083	18.06993006993007	19.524475524475523	34.32167832167832	0.0
182.0	33.32400671516508	17.011751538891996	20.369334079462785	29.294907666480135	0.0
183.0	30.534564791491743	22.50209907640638	16.98852504897845	29.974811083123427	0.0
184.0	30.97171660599272	20.610473256790815	18.09017082049846	30.32763931671801	0.0
185.0	30.165405102326886	21.558732828707598	21.11017661900757	27.165685449957948	0.0
186.0	32.80022446689113	18.378226711560046	20.061728395061728	28.759820426487092	0.0
187.0	30.85407239819005	20.729638009049776	19.96606334841629	28.45022624434389	0.0
188.0	32.56011315417256	17.82178217821782	19.29278642149929	30.325318246110328	0.0
189.0	32.77667704500424	18.199830172657798	17.237475233512594	31.786017548825363	0.0
190.0	33.560090702947846	17.148526077097507	18.50907029478458	30.782312925170068	0.0
191.0	30.92403628117914	18.565759637188208	18.027210884353742	32.482993197278915	0.0
192.0	33.53174603174603	17.091836734693878	18.99092970521542	30.385487528344672	0.0
193.0	29.122606458988283	17.805087167762217	20.80594455558731	32.26636181766219	0.0
194.0	30.160091480846198	18.353344768439108	20.697541452258434	30.78902229845626	0.0
195.0	31.368059530623928	18.57469948483114	18.1740125930166	31.883228391528334	0.0
196.0	29.86827033218786	19.702176403207332	17.926689576174113	32.5028636884307	0.0
197.0	30.08595988538682	19.799426934097422	20.057306590257877	30.05730659025788	0.0
198.0	31.402351591626037	19.529681674792084	17.83768282190995	31.230283911671926	0.0
199.0	28.82960413080895	18.76075731497418	19.707401032702236	32.70223752151463	0.0
200.0	28.165374677002585	17.743324720068905	21.159919609532015	32.931380993396495	0.0
201.0	31.0126582278481	16.94476409666283	18.90103567318757	33.14154200230149	0.0
202.0	31.615318168730205	16.23956233803628	18.88856896055284	33.25655053268068	0.0
203.0	30.58518304987028	16.48890170077832	21.706543672528106	31.219371576823292	0.0
204.0	29.711815561959654	19.279538904899134	19.855907780979827	31.152737752161386	0.0
205.0	31.277025079273567	16.05650043240127	21.648890170077834	31.017584318247334	0.0
206.0	28.662053056516722	17.560553633217992	21.16493656286044	32.61245674740484	0.0
207.0	29.454230436038113	17.78804504764655	19.83829049956685	32.91943401674848	0.0
208.0	28.46778874056878	17.35345327916425	22.460824143934996	31.71793383633198	0.0
209.0	29.657573998839233	16.715031921067904	20.110272780034823	33.51712130005804	0.0
210.0	30.031948881789138	16.99099622422306	19.9535288992158	33.023525994772	0.0
211.0	30.5055200464846	16.93782684485764	21.26670540383498	31.28994770482278	0.0
212.0	29.90409764603313	17.98895669863412	22.173786689915723	29.93315896541703	0.0
213.0	30.831878999418265	18.586387434554975	18.93542757417103	31.646305991855726	0.0
214.0	30.2007564736689	20.162932790224033	20.890311318009893	28.745999418097178	0.0
215.0	31.344586728754365	19.79045401629802	19.848661233993013	29.0162980209546	0.0
216.0	35.013108068744536	17.856102534226622	18.729973783862512	28.400815613166326	0.0
217.0	29.47521865889213	18.483965014577258	19.97084548104956	32.06997084548105	0.0
218.0	28.308501314636285	17.674554484370436	20.8004674262343	33.21647677475899	0.0
219.0	28.826455955516533	19.637108574773194	23.383084577114428	28.153350892595846	0.0
220.0	30.88407494145199	19.701405152224822	20.34543325526932	29.069086651053865	0.0
221.0	30.12012891883973	20.246117784939933	18.517433343099913	31.11631995312042	0.0
222.0	31.64222873900293	19.501466275659823	18.621700879765395	30.23460410557185	0.0
223.0	33.58801057890097	17.69027328827505	18.248604172788717	30.473111960035265	0.0
224.0	34.06884377758164	16.328331862312446	19.564577817005002	30.03824654310091	0.0
225.0	36.157693439246835	17.03442188879082	18.093556928508384	28.714327743453953	0.0
226.0	33.019145802650954	18.7039764359352	19.44035346097202	28.836524300441823	0.0
227.0	31.229725744618108	18.57859038631672	17.900324388086112	32.29135948097907	0.0
228.0	30.567040756054343	17.95629060838748	18.13349084465446	33.343177790903724	0.0
229.0	29.804849201655827	21.289178001182734	17.85925487876996	31.046717918391487	0.0
230.0	30.443848674411676	21.775394697646707	15.93684837652666	31.843908251414955	0.0
231.0	30.709600477042336	19.171138938580796	17.88908765652952	32.23017292784734	0.0
232.0	27.185914652342586	16.80095493882423	20.292450014920917	35.72068039391226	0.0
233.0	28.13528883567794	18.91649206824304	21.101466626758455	31.84675246932056	0.0
234.0	27.471539844218096	19.173157579388857	21.569802276812464	31.785500299580587	0.0
235.0	25.562556255625562	18.24182418241824	20.912091209120913	35.28352835283528	0.0
236.0	27.816161009312108	17.602883748873534	22.469209972964855	32.1117452688495	0.0
237.0	28.840888348037723	17.675692120474597	20.23121387283237	33.252205658655306	0.0
238.0	30.69186223712283	16.001219140505942	19.902468759524535	33.40444986284669	0.0
239.0	27.314390467461045	16.070882981973725	20.562175374274368	36.05255117629086	0.0
240.0	27.95468462951623	16.1053276178812	20.514390691977955	35.42559706062462	0.0
241.0	27.371022551745444	16.43497065183812	22.181031819586035	34.0129749768304	0.0
242.0	27.801857585139317	16.28482972136223	22.507739938080494	33.40557275541796	0.0
243.0	27.743142144638405	15.46134663341646	23.50374064837905	33.29177057356609	0.0
244.0	25.991877538269293	17.619493908153704	21.711965010934083	34.67666354264292	0.0
245.0	29.72465581977472	16.20775969962453	22.246558197747184	31.821026282853566	0.0
246.0	28.056426332288403	16.238244514106583	20.846394984326018	34.858934169278996	0.0
247.0	26.93877551020408	17.51962323390895	23.767660910518053	31.773940345368917	0.0
248.0	26.660371419578215	17.87850173119295	22.820270695624803	32.640856153604034	0.0
249.0	27.940712708924632	18.574582150741094	19.173762220119837	34.310942920214444	0.0
250.0	28.35018963337547	17.22503160556258	20.006321112515803	34.418457648546145	0.0
251.0	26.96451204055767	18.346007604562736	20.342205323193916	34.347275031685676	0.0
252.0	28.310940499040306	18.90595009596929	20.409468969929623	32.37364043506078	0.0
253.0	29.721064443731965	16.383456235973068	19.14075024046169	34.75472907983328	0.0
254.0	30.186255619781633	16.82723185613359	19.910083493898522	33.076429030186254	0.0
255.0	28.153153153153156	18.597168597168597	19.787644787644787	33.46203346203346	0.0
256.0	30.48302872062663	17.787206266318538	20.10443864229765	31.62532637075718	0.0
257.0	28.524697415767093	18.449460255152108	17.69708864900229	35.328753680078506	0.0
258.0	30.746561886051083	18.303863785199738	17.4852652259332	33.46430910281598	0.0
259.0	31.713722915298753	17.859487852921866	17.038739330269205	33.38804990151017	0.0
260.0	30.66053236937233	19.125862635557016	17.647058823529413	32.56654617154125	0.0
261.0	31.55291790306627	18.199802176063304	18.562479393339927	31.6848005275305	0.0
262.0	29.84778292521509	17.174056915949702	20.350761085373925	32.627399073461284	0.0
263.0	31.57545605306799	18.275290215588726	18.24212271973466	31.907131011608627	0.0
264.0	30.549084858569053	19.03494176372712	19.966722129783694	30.449251247920134	0.0
265.0	30.446369087275148	19.586942038640906	19.087275149900066	30.87941372418388	0.0
266.0	34.05748663101604	17.914438502673796	18.91711229946524	29.110962566844922	0.0
267.0	32.04827355011733	18.63895407308079	20.382165605095544	28.930606771706337	0.0
268.0	30.90114324142569	17.921990585070613	21.082716879623405	30.094149293880296	0.0
269.0	31.467116357504217	20.269814502529513	19.32546374367622	28.93760539629005	0.0
270.0	30.554610411704665	21.33378700238176	16.97856413746172	31.133038448451856	0.0
271.0	32.84347231715653	18.694463431305536	16.19958988380041	32.262474367737525	0.0
272.0	31.2564190345772	18.45258473125642	17.596713454296474	32.69428277986991	0.0
273.0	30.41838134430727	18.00411522633745	19.753086419753085	31.824417009602197	0.0
274.0	30.742778541953232	17.916093535075653	19.910591471801926	31.43053645116919	0.0
275.0	30.888429752066116	17.94077134986226	19.59366391184573	31.577134986225897	0.0
276.0	32.09705372616985	19.27209705372617	19.96533795493934	28.665511265164646	0.0
277.0	28.968391802709277	19.97221257381035	20.562695380340397	30.49670024313998	0.0
278.0	28.631284916201118	18.01675977653631	22.800279329608937	30.55167597765363	0.0
279.0	30.03855590606379	21.065545040308447	19.102698913424465	29.793200140203297	0.0
280.0	29.901616303583978	19.606465214335913	21.820098383696415	28.671820098383698	0.0
281.0	29.93653032440056	17.736248236953458	21.332863187588153	30.99435825105783	0.0
282.0	28.84955752212389	17.52212389380531	22.938053097345133	30.690265486725664	0.0
283.0	28.32142857142857	20.214285714285715	20.821428571428573	30.642857142857142	0.0
284.0	25.593952483801296	19.94240460763139	23.614110871130308	30.849532037437005	0.0
285.0	27.006507592190886	18.474331164135936	23.825018076644973	30.694143167028198	0.0
286.0	25.24662038728535	19.875776397515526	24.479356960175373	30.398246255023746	0.0
287.0	25.494505494505493	19.78021978021978	24.98168498168498	29.743589743589745	0.0
288.0	24.82452899889176	18.618396749168824	21.278167713335797	35.27890653860362	0.0
289.0	26.50334075723831	19.042316258351892	22.457312546399404	31.997030438010395	0.0
290.0	29.82062780269058	15.582959641255606	22.04783258594918	32.54857997010463	0.0
291.0	29.597593080105298	16.773223016171492	22.940955246333207	30.68822865739	0.0
292.0	27.02906757266893	19.25254813137033	23.669309173272936	30.049075122687807	0.0
293.0	28.533535430087152	16.748768472906402	23.5695339143615	31.14816218264494	0.0
294.0	32.82559025133283	17.936024371667937	19.078446306169077	30.15993907083016	0.0
295.0	30.388013830195927	18.70918171340761	23.280829811755666	27.6219746446408	0.0
296.0	30.073444143795903	18.167761886354853	23.888674139930423	27.870119829918828	0.0
297.0	30.238934586760674	19.663141402271837	22.09165687426557	28.00626713670192	0.0
298.0	27.95055821371611	19.497607655502392	23.484848484848484	29.066985645933013	0.0
299.0	29.684838160136284	18.100511073253834	20.911413969335605	31.303236797274277	0.0
300.0	30.93580819798917	7.965970610982212	23.511214230471772	37.58700696055685	0.0
