# Position (bp)	A	C	G	T	N
0.0	26.80688727695025	24.11569855075952	23.56001095128783	25.517252791224525	1.5042977787539E-4
1.0	27.302054632291878	20.03378915209316	15.258185699423453	37.40567070117737	2.998150141362779E-4
2.0	28.411484711851344	19.827980314995923	17.951510588010315	33.80842678331854	5.976018238807665E-4
3.0	23.849893545219818	22.005670635316765	15.27555324452417	38.866349711030026	0.0025328639092221574
4.0	34.48382964431459	13.642186482943924	14.507845171184936	37.36450398128691	0.0016347202696396779
5.0	36.230780534070725	14.839602155756527	22.514772216210922	26.411134414180136	0.003710679781693287
6.0	32.439106454945524	17.61284556243802	20.04043512223176	29.907612860384695	0.0
7.0	35.60575094634701	16.687400404011683	20.445686494043493	27.261014057473922	1.4809812389296651E-4
8.0	23.002563207027805	26.951855513262966	22.489625819131113	27.55595546057811	0.0
9.0	29.05628171772317	18.140134096358278	15.829020487190146	36.97367623110249	8.874676259205628E-4
10.0	26.775960323150493	17.061340941512128	25.139068540131422	31.022151922124575	0.0014782730813863245
11.0	28.514456777427093	18.581628190124945	19.717897797794247	33.18601723465371	0.0
12.0	26.51069907728121	19.635136871677542	21.241290890533676	32.61272545460185	1.477059057252286E-4
13.0	27.66068971219665	21.400686286669384	18.618774251847128	32.31984974928684	0.0
14.0	31.701187712988066	18.340745465605934	20.465753586467986	29.492313234938017	0.0
15.0	29.738744485196406	18.981112351388223	19.569062763928017	31.710932747450048	1.476520373028107E-4
16.0	30.51273646473774	17.649143322879567	19.16730157042707	32.670523337881015	2.953040746056214E-4
17.0	30.154827926315726	18.265885882693407	20.473579144445033	31.10526409043392	4.429561119084321E-4
18.0	31.45859541569955	18.162234152506837	18.360087882492603	32.01908254930102	0.0
19.0	30.54817295369042	18.34369850635199	19.724688011245178	31.383145224637808	2.953040746056214E-4
20.0	30.09680067565572	18.253778415634578	19.473384243755795	32.175593708841994	4.429561119084321E-4
21.0	30.360654866315844	17.198361652994087	19.447840441302407	32.99255243123845	5.906081492112428E-4
22.0	28.835704625052415	19.085797645835918	19.799399942120402	32.279097786991265	0.0
23.0	30.079377735253992	17.62817673358257	20.114637041761902	32.176774925140414	0.001033564261119675
24.0	31.121653466574532	17.841681579522433	18.499766709781063	32.536602940047366	2.953040746056214E-4
25.0	29.543400839844786	18.152193813970243	19.332671852206218	32.97143818990415	2.953040746056214E-4
26.0	31.913068386517594	17.727251250612756	20.085254286338643	30.273983120419096	4.429561119084321E-4
27.0	29.17249892214013	18.145844776366225	19.985293857084642	32.69636244440901	0.0
28.0	30.370104596703225	17.879037544960045	19.94395128663985	31.80661126762227	2.953040746056214E-4
29.0	29.405050880892052	18.440262938748027	19.587519268590867	32.56672395565714	4.429561119084321E-4
30.0	30.1659628503086	18.333727076750435	19.408646605439564	32.091220506157164	4.42961344240026E-4
31.0	30.782247133276435	18.194503096327228	19.403650624433375	31.618417905246776	0.0011812407161862462
32.0	29.374572719930185	18.40962482041317	19.666474221445878	32.54918058203113	1.476561796326019E-4
33.0	29.736190847449617	18.416288657358187	19.328383773950435	32.51898906135563	1.4765988612469583E-4
34.0	29.944420490588104	18.141010117715155	19.630168864843156	32.283219240787446	0.001181286066140207
35.0	30.41244809475027	17.66441528338899	19.529234721858817	32.393458423322144	4.434766797787938E-4
36.0	30.863357757059095	17.519574716637955	19.190098409623587	32.426673370252345	2.9574642701347866E-4
37.0	29.350927510550147	18.894412749220848	19.09942504847964	32.65464302566204	5.916660873269561E-4
38.0	30.882257195788178	18.53607216208058	19.29353133711742	31.287843364722733	2.9594029108687034E-4
39.0	29.769332731056036	18.727368319720387	19.611086839006838	31.891323504365275	8.886058514695319E-4
40.0	29.752274650082377	18.589345880397193	19.8060053730723	31.850444540097666	0.0019295563504668043
41.0	29.941765720502246	18.217968541880907	20.474267830062463	31.364956149423833	0.0010417581305501523
42.0	29.10347973471551	18.407577512533038	19.711490443884934	32.77730323913617	1.4906973034776476E-4
43.0	29.437179027827543	18.277648393646242	20.424429714558702	31.860444285202437	2.9857876507822763E-4
44.0	29.473043795424037	18.72165435427984	20.259681243217226	31.545172159157158	4.4844792174284805E-4
45.0	29.49040115063466	18.47331374700106	19.60793411089975	32.42775232618877	5.986652757676759E-4
46.0	30.24168297162787	17.481864788175333	19.65284665146535	32.62330595697887	2.99631752576084E-4
47.0	29.72457446026821	18.091230679948836	19.931499762318573	32.25224522725193	4.4987021244371E-4
48.0	30.10141823426907	17.844926311555255	19.062335366100765	32.99041952657482	9.005615000953095E-4
49.0	29.370183907320683	17.85257667061795	20.154685873195444	32.62255354886592	0.0
50.0	29.776698093896375	18.598357596117953	19.74948524365134	31.874857012125375	6.020542089609748E-4
51.0	30.146719195761445	18.233180878201935	19.438633035970355	32.18146689006626	0.0
52.0	29.86629878262081	18.014001602173384	19.78896135854611	32.33058682250251	1.5143415718562648E-4
53.0	31.40261223844955	17.594024481760208	19.460234609273172	31.543128670517067	0.0
54.0	30.302697943372287	18.268356327774757	19.308932872073523	32.119251199229815	7.616575496257977E-4
55.0	29.208453788673612	18.387708133847074	18.375948943734567	34.027736416990045	1.5271675470787576E-4
56.0	29.378175696357516	18.381083562901747	20.331955922865014	31.90832568105295	4.591368227731864E-4
57.0	28.274531870234565	18.64929632962959	19.67057279488764	33.40544568345489	1.533217933130233E-4
58.0	30.908403957622355	17.795938553028883	21.962131660671666	29.3332186552562	3.071734208982365E-4
59.0	29.7317467620497	20.088756076205893	21.21898038226048	28.96051677948393	0.0
60.0	31.402741045004117	19.07205041399593	19.59097263584097	29.93408160179239	1.5430336659085227E-4
61.0	29.30603359515194	20.818992145441708	19.768311432539516	30.104185536650736	0.002477290216097122
62.0	31.116777963791613	16.40813163970849	21.788045879724425	30.686422165657422	6.223511180537836E-4
63.0	26.636495701341882	20.250968998315603	25.48042905179053	27.631636620935375	4.696276166085372E-4
64.0	26.28740612090149	19.742534507549657	18.411315518722333	35.55858653552696	1.5731729955416278E-4
65.0	27.671796169479197	19.374021414224487	18.680984991064225	34.271932183017285	0.001265242214806497
66.0	26.58136334891525	19.495616195448726	16.968930440668487	36.949799956146066	0.0042900588214731744
67.0	33.31221079547903	14.149174066205589	17.934151951387303	34.60254779306723	0.0019153938608434434
68.0	34.47309833623606	15.236090332461977	22.962139595901498	27.326409869490337	0.0022618659101263736
69.0	31.815465282524215	17.061239718813045	20.427492661601605	30.69514196375211	6.603733090315956E-4
70.0	33.089796716879796	15.928468529354225	22.0020630657869	28.979493837480213	1.7785049887064934E-4
71.0	25.70012857904475	20.037050477355304	25.889637066605736	28.373183876994208	0.0
