# Position (bp)	A	C	G	T	N
0.0	35.80856604112418	17.733680524378197	21.343270180479482	25.11448325401814	0.0
1.0	23.63293526084224	27.844123192960403	23.623956182095718	24.898985364101645	0.0
2.0	30.578143150746133	22.232150835492806	17.451523545706372	29.738182468054685	0.0
3.0	32.150499286733236	19.418687589158345	20.176533523537802	28.254279600570616	0.0
4.0	34.03155361440414	17.66645868615741	16.81076744807915	31.4912202513593	0.0
5.0	28.157589803012744	22.247972190034762	18.0497370532133	31.54470095373919	0.0
6.0	28.092691622103388	23.72549019607843	19.893048128342247	28.288770053475936	0.0
7.0	34.10852713178294	19.237280584513943	17.321571772253407	29.332620511449704	0.0
8.0	33.95402708481824	17.979330007127583	17.854597291518175	30.212045616535992	0.0
9.0	28.08017817371938	22.770601336302896	18.681514476614698	30.467706013363028	0.0
10.0	26.589492430988425	16.081923419412288	19.04719501335708	38.28138913624221	0.0
11.0	25.456163773920782	17.872719181130396	19.40364931019137	37.26746773475745	0.0
12.0	26.786508854676516	16.783839102963423	19.15991812761413	37.26973391474593	0.0
13.0	27.500000000000004	23.016014234875446	19.644128113879002	29.83985765124555	0.0
14.0	27.610745418964598	17.603629247464863	25.62711261341398	29.158512720156555	0.0
15.0	30.82873910723813	18.815578872487997	20.31833540814512	30.037346612128758	0.0
16.0	25.89103190827482	18.896098124611147	18.762776642076258	36.45009332503778	0.0
17.0	28.54857346013688	21.020353746333658	19.79379610701271	30.637276686516756	0.0
18.0	25.36875777501333	19.895148391682955	19.397547538652923	35.33854629465079	0.0
19.0	27.45115452930728	24.342806394316163	18.374777975133213	29.83126110124334	0.0
20.0	26.18498135984378	18.61352742765844	19.24374223326824	35.95774897922954	0.0
21.0	27.420356730854557	18.15600319460467	20.321235247138166	34.10240482740261	0.0
22.0	28.074534161490682	17.675244010647738	23.99290150842946	30.257320319432118	0.0
23.0	26.04684173172463	19.286728176011355	19.12704045422285	35.539389638041165	0.0
24.0	33.980840872804684	16.258648217136777	18.95511797055171	30.80539293950683	0.0
25.0	28.28515694272034	16.84695868061713	21.626174853697464	33.24170952296506	0.0
26.0	34.03067103980143	16.682918181012322	16.682918181012322	32.60349259817392	0.0
27.0	27.6256314809891	18.939998227421782	16.493840290702828	36.94053000088629	0.0
28.0	27.561774864936677	22.106102205296256	16.101319635107608	34.23080329465946	0.0
29.0	28.834410124789805	15.496946632445349	16.65634126913886	39.01230197362599	0.0
30.0	27.833037300177622	16.660746003552397	21.190053285968027	34.316163410301954	0.0
31.0	30.539028505461324	14.954266938992985	17.733771423497025	36.772933132048664	0.0
32.0	27.346177750155377	18.24558288200302	18.272218769422004	36.136020598419606	0.0
33.0	29.12078152753108	23.605683836589698	16.492007104795736	30.78152753108348	0.0
34.0	28.937566512947853	16.61936857041504	19.049308265342322	35.39375665129478	0.0
35.0	26.77382115265074	22.715567001154426	17.884734925850278	32.62587692034455	0.0
36.0	28.16413535837996	15.276667554845014	18.385291766586732	38.1739053201883	0.0
37.0	34.471111111111114	18.151111111111113	18.008888888888887	29.36888888888889	0.0
38.0	31.682816250333364	19.183927460218687	17.130411592141524	32.00284469730643	0.0
39.0	35.30144051218211	17.481771296460963	16.423617286146186	30.793170905210744	0.0
40.0	27.226621585550316	22.875700685114335	18.40911113088353	31.48856659845182	0.0
41.0	27.64401640806135	15.418227215980023	25.31656857499554	31.621187800963078	0.0
42.0	34.74031768695342	16.937354988399072	18.971979296805284	29.350348027842227	0.0
43.0	34.8471303414983	18.43375648131593	17.754335776863936	28.96477740032183	0.0
44.0	30.47448522829006	22.13965980304387	15.801253357206804	31.584601611459266	0.0
45.0	32.277357256331186	16.24147275955518	18.110456966638633	33.370713017475	0.0
46.0	30.85606773283161	16.575729068673564	18.35371589840075	34.21448730009407	0.0
47.0	30.333270570514024	16.889474675202408	19.450197702880814	33.32705705140275	0.0
48.0	27.56024096385542	19.01355421686747	18.157003012048193	35.26920180722892	0.0
49.0	29.913403614457827	18.25112951807229	18.928840361445783	32.9066265060241	0.0
50.0	27.649162431771128	20.656879352531526	18.83116883116883	32.86278938452851	0.0
51.0	29.756189400357712	18.76117857479055	17.979855031535347	33.50277699331639	0.0
52.0	29.031347077096864	18.39405064482726	19.909630048009035	32.66497223006684	0.0
53.0	30.18637048192771	19.211219879518072	19.24887048192771	31.35353915662651	0.0
54.0	28.462408140192196	22.206519690974186	18.664028641416998	30.66704352741662	0.0
55.0	29.576933948930556	18.14755488551776	19.023838688401018	33.25167247715066	0.0
56.0	27.60343040241259	18.65045707284893	20.29968900197908	33.4464235227594	0.0
57.0	29.99622926093514	17.911010558069382	19.739819004524886	32.35294117647059	0.0
58.0	29.724632214258772	18.351565447001132	19.285175405507356	32.63862693323274	0.0
59.0	28.273584905660375	18.962264150943398	20.632075471698112	32.132075471698116	0.0
60.0	28.404265358120224	17.410587902236482	20.845522317637066	33.339624422006224	0.0
61.0	29.419537517697027	17.772534214252005	20.141576215195848	32.66635205285512	0.0
62.0	27.613561242799133	19.435263008782698	21.040702615922182	31.910473132495987	0.0
63.0	32.28428314904073	17.20064266137416	20.111520650222094	30.40355353936301	0.0
64.0	27.86962683042041	18.2144544166273	22.69248937175248	31.223429381199814	0.0
65.0	29.479550391990177	19.051667138943987	20.21346934920185	31.255313119863988	0.0
66.0	29.013978088401966	16.96259916887042	21.033245183226292	32.99017755950132	0.0
67.0	28.653755314123757	18.2144544166273	18.81908360888049	34.31270666036845	0.0
68.0	26.12927612927613	18.9000189000189	21.243621243621245	33.72708372708373	0.0
69.0	27.442080378250587	20.64302600472813	21.134751773049647	30.78014184397163	0.0
70.0	27.27874432677761	19.86573373676248	19.30786686838124	33.54765506807867	0.0
71.0	29.24546142208775	18.995839636913768	19.49697428139183	32.26172465960666	0.0
72.0	28.85506287227002	19.447858561028646	20.73366739150988	30.963411175191453	0.0
73.0	29.00662251655629	17.51182592242195	20.87038789025544	32.61116367076632	0.0
74.0	29.029815428300992	18.078561287269284	21.183151916706105	31.708471367723618	0.0
75.0	28.536238749407865	18.60729512079583	22.37801989578399	30.478446234012317	0.0
76.0	29.99620781190747	18.39211224876754	18.885096700796357	32.72658323852863	0.0
77.0	28.572783309625414	19.65860597439545	18.26458036984353	33.50403034613561	0.0
78.0	28.38042859852077	18.964536317087045	19.77052911056325	32.884505973828944	0.0
79.0	30.694102029205382	19.362791579745874	17.295657121183385	32.647449269865355	0.0
80.0	29.05918057663126	17.298937784522003	20.74165402124431	32.900227617602425	0.0
81.0	26.273356729583607	17.936071326946788	19.643365266053305	36.14720667741629	0.0
82.0	30.075901328273247	16.859582542694497	20.777988614800762	32.2865275142315	0.0
83.0	29.259962049335865	17.741935483870968	22.286527514231498	30.71157495256167	0.0
84.0	28.236744759556103	17.926586360618423	20.250403111068955	33.586265768756526	0.0
85.0	29.415670650730412	17.178903433883512	20.99222158983115	32.41320432555492	0.0
86.0	30.19154181680258	17.608571970415323	20.86098994879575	31.338896263986342	0.0
87.0	32.60931423693446	17.26263871763255	21.047140282651995	29.080906762780995	0.0
88.0	31.29626115012336	18.903017650408046	17.204403112545073	32.59631808692352	0.0
89.0	30.980168896479743	16.377265395198787	19.157415314545972	33.4851503937755	0.0
90.0	30.140497436871083	16.574900322764382	19.612682741598633	33.6719194987659	0.0
91.0	29.565299924069855	19.523538344722855	16.429384965831435	34.481776765375855	0.0
92.0	29.139764527155336	17.49905051272313	18.144701860995063	35.21648309912647	0.0
93.0	30.946728705725953	17.709619219447344	19.23843889469186	32.10521318013484	0.0
94.0	30.202298413904455	17.171621236584674	19.109127172570993	33.51695317693988	0.0
95.0	30.157674772036476	16.774316109422493	20.47872340425532	32.589285714285715	0.0
96.0	31.52194565836975	16.121983659509787	19.057571727151814	33.29849895496865	0.0
97.0	29.369831765041344	18.33475905332193	19.817507841459935	32.47790134017679	0.0
98.0	31.23217341699943	19.1291119984788	18.121315839513215	31.517398745008556	0.0
99.0	30.540232071523683	18.242343541944077	19.516834696595016	31.700589689937225	0.0
100.0	31.12064854554125	16.70004768717215	18.88412017167382	33.295183595612784	0.0
101.0	31.52808343699168	18.706343890536793	19.548368577169647	30.217204095301888	0.0
102.0	31.174438687392055	17.501439263097293	19.218959892535022	32.10516215697563	0.0
103.0	29.295747546661538	20.088512603425052	18.385607081008274	32.230132768905136	0.0
104.0	28.087937518079258	17.847844952270755	19.612380676887476	34.45183685276251	0.0
105.0	30.36163217946239	17.385418681106167	18.75846064590988	33.494488493521565	0.0
106.0	32.14666796003492	18.760306528276264	18.02308662333883	31.069938888349984	0.0
107.0	30.159657320872274	19.003115264797508	17.990654205607477	32.84657320872274	0.0
108.0	33.40822506593729	17.475822995018074	16.56735371690925	32.54859822213539	0.0
109.0	29.0262539184953	18.07405956112853	20.239028213166144	32.660658307210035	0.0
110.0	26.441078103482198	19.270116073185125	20.49970489868188	33.789100924650796	0.0
111.0	31.824457593688365	18.570019723865876	18.6094674556213	30.99605522682446	0.0
112.0	28.633620263183936	18.63065202335015	19.18472345898882	33.55100425447709	0.0
113.0	28.13646732123376	18.694832887037588	17.812159079638995	35.356540712089654	0.0
114.0	31.487373235235633	17.190296281566912	18.63193477828594	32.69039570491151	0.0
115.0	26.035325815786848	20.10777367528191	18.900309350364235	34.95659115856701	0.0
116.0	29.363490792634106	17.463971176941552	18.865092073658925	34.30744595676541	0.0
117.0	30.229053646775167	18.92706449668475	19.479606188466946	31.364275668073137	0.0
118.0	28.72844610265201	17.142280931733385	20.237975194111122	33.89129777150348	0.0
119.0	25.18713331984625	19.128059882662352	23.52822172769573	32.15658506979567	0.0
120.0	26.600486223662884	20.877228525121556	20.168152350081037	32.35413290113452	0.0
121.0	30.52588749872851	18.10599125216153	19.041806530363136	32.32631471874682	0.0
122.0	26.351213542728942	17.581072812563736	20.793391800938203	35.274321843769116	0.0
123.0	31.00521525718376	17.445546579404848	18.631761938848555	32.91747622456283	0.0
124.0	30.275699497796456	17.392641180690784	19.760172184072974	32.57148713743979	0.0
125.0	28.52883725711936	17.27151228539118	19.296802714094788	34.90284774339468	0.0
126.0	30.04951516401898	19.09428512481948	18.382504642046626	32.47369506911492	0.0
127.0	29.018227009113506	17.43993371996686	21.074979287489644	32.46685998342999	0.0
128.0	29.65467027251924	18.109007697108385	19.866860827959226	32.36946120241315	0.0
129.0	31.09972820405603	17.6458289776291	17.886263851139454	33.36817896717541	0.0
130.0	29.973753280839894	17.910761154855642	17.25984251968504	34.85564304461942	0.0
131.0	29.81641696560456	18.917493142013083	19.455581346275586	31.810508546106774	0.0
132.0	29.815638906548	17.069294342021614	21.741894469167196	31.37317228226319	0.0
133.0	30.036201022146507	19.10136286201022	19.13330494037479	31.729131175468485	0.0
134.0	27.462080751976075	20.081179235206154	19.183935056611833	33.27280495620594	0.0
135.0	28.89269650888841	17.916041979010494	20.73249089740844	32.458770614692654	0.0
136.0	27.34996773499677	17.326306732630673	20.423747042374703	34.89997848999785	0.0
137.0	29.721862871927556	17.097887020267358	19.027598102630446	34.152652005174645	0.0
138.0	28.821621621621624	17.63243243243243	19.32972972972973	34.21621621621622	0.0
139.0	29.423890636866663	18.183790821308452	19.268742540956925	33.12357600086796	0.0
140.0	28.91382503540691	18.487852707266587	20.339906307876674	32.258415949449834	0.0
141.0	30.658211239886292	18.56549311174284	18.63109556090094	32.14520008746993	0.0
142.0	31.258949223482762	17.75525938980064	18.493226126225355	32.49256526049125	0.0
143.0	33.27801747980971	19.880517756388983	18.30954751631818	28.53191724748313	0.0
144.0	31.046369398420993	18.547759368397642	18.05848993661737	32.347381296563995	0.0
145.0	31.571891408781145	17.696346776896434	17.752206457379064	32.97955535694336	0.0
146.0	29.42430703624733	19.27954213892941	17.899225676130627	33.396925148692624	0.0
147.0	29.338284942606347	18.50101282916948	17.98334458699077	34.1773576412334	0.0
148.0	29.58860759493671	17.95886075949367	19.473327305605785	32.979204339963836	0.0
149.0	30.17496023630993	18.870711201999548	18.052715291979098	32.901613269711426	0.0
150.0	28.504566210045663	18.356164383561644	19.97716894977169	33.162100456621005	0.0
151.0	28.687679083094558	18.945558739255013	20.69914040114613	31.667621776504294	0.0
152.0	28.849700322729365	18.30336560627017	17.335177501152604	35.511756569847854	0.0
153.0	30.73893907806347	18.90201528839472	18.751447764651378	31.607597868890437	0.0
154.0	30.627906976744185	17.988372093023255	18.802325581395348	32.58139534883721	0.0
155.0	28.973819541841983	20.359981299672743	18.489948574100048	32.17625058438522	0.0
156.0	31.34574593448032	16.6980909733679	19.03134574593448	32.9248173462173	0.0
157.0	30.32135657535871	19.020514644847623	19.791296098660027	30.866832681133644	0.0
158.0	27.849308536003814	21.196948020982358	18.741058655221746	32.212684787792085	0.0
159.0	33.06122448979592	15.762304921968786	19.315726290516206	31.86074429771909	0.0
160.0	27.628243814121905	19.010259505129753	21.158720579360292	32.202776101388054	0.0
161.0	29.443163896639575	16.535242023535123	19.70156496421206	34.32002911561325	0.0
162.0	29.962227366881933	17.98464725234556	20.65310101133179	31.40002436944072	0.0
163.0	28.440254652301668	17.507345739471106	19.28256611165524	34.76983349657199	0.0
164.0	28.25685816213556	16.98855947841063	19.387378521343337	35.36720383811047	0.0
165.0	27.472527472527474	17.08852944808001	22.175577231757007	33.26336584763551	0.0
166.0	27.099331186524644	19.346049046321525	19.940549913301957	33.614069853851866	0.0
167.0	27.502490039840637	17.368027888446218	21.82519920318725	33.304282868525895	0.0
168.0	29.392611145898563	18.359423919849718	19.899812147777084	32.348152786474635	0.0
169.0	27.041650937460677	18.937964011576696	20.460551151377878	33.55983389958475	0.0
170.0	27.499367248797775	17.501898253606683	19.273601619843078	35.72513287775247	0.0
171.0	30.044557606619986	17.033736473583705	17.91215786123488	35.00954805856142	0.0
172.0	29.47274123368313	19.10673150755055	16.713590990529816	34.7069362682365	0.0
173.0	29.46474523932064	16.984045290787442	19.274318064848174	34.27689140504375	0.0
174.0	31.026438569206842	18.662519440124417	18.623639191290824	31.687402799377917	0.0
175.0	28.54723127035831	18.332247557003257	20.50814332247557	32.612377850162865	0.0
176.0	28.79581151832461	16.819371727748692	18.573298429319372	35.81151832460733	0.0
177.0	27.180634127088542	19.615840021049863	19.339560584133668	33.86396526772793	0.0
178.0	26.95767195767196	20.09259259259259	19.66931216931217	33.280423280423285	0.0
179.0	28.231066152003194	18.381472115000665	20.857180886463464	32.530280846532676	0.0
180.0	30.83735909822866	15.445517981749864	19.82018250134192	33.89694041867955	0.0
181.0	28.795245813074015	19.043760129659642	18.395461912479742	33.765532144786604	0.0
182.0	28.287503403212632	18.064252654505854	20.310372992104547	33.33787095017697	0.0
183.0	29.186668495405293	20.92991359209985	19.46235084350569	30.421067068989167	0.0
184.0	30.823431887261677	19.273279911577784	17.82260292898591	32.080685272174634	0.0
185.0	28.722516003339827	19.301419426662957	20.5677706651823	31.408293904814915	0.0
186.0	29.470291479820627	17.839125560538115	20.655829596412556	32.0347533632287	0.0
187.0	29.342756183745582	21.69611307420495	17.39929328621908	31.56183745583039	0.0
188.0	30.836187214611872	17.90810502283105	19.24942922374429	32.006278538812786	0.0
189.0	30.32480597872952	18.09427996550733	19.689565967231964	31.891348088531185	0.0
190.0	30.814965197215777	18.111948955916475	17.865429234338748	33.207656612529	0.0
191.0	26.710526315789473	19.371345029239766	19.12280701754386	34.7953216374269	0.0
192.0	32.23383890443234	18.156383448682078	17.729347666028566	31.880429980857016	0.0
193.0	31.069836552748885	18.172362555720653	19.063893016344725	31.693907875185733	0.0
194.0	28.462344662374605	19.613714627938315	19.91316065279233	32.010780056894745	0.0
195.0	30.16209665202242	20.178760793819116	18.951673988789576	30.707468565368885	0.0
196.0	29.64209238299174	20.220250841235853	17.34475374732334	32.79290302844907	0.0
197.0	28.385497365974587	19.925627517818405	20.11155872327239	31.577316392934613	0.0
198.0	29.049573729081153	21.203031259867384	19.387432901799812	30.359962109251658	0.0
199.0	28.860717813631876	22.571616727033256	18.40632202831742	30.16134343101745	0.0
200.0	23.752648815257178	19.707185513388556	20.458485840878442	36.08167983047582	0.0
201.0	31.144010767160164	17.631224764468374	18.654104979811574	32.5706594885599	0.0
202.0	30.1578660860098	18.508437670114315	21.31192161132281	30.02177463255308	0.0
203.0	29.741616272677295	19.21385376580539	20.423309510720173	30.621220450797143	0.0
204.0	32.56588072122052	18.890429958391124	21.74757281553398	26.796116504854368	0.0
205.0	29.235508260991317	16.073928871464577	24.3629235508261	30.32763931671801	0.0
206.0	28.915321438685925	21.580288870008495	20.22090059473237	29.283489096573206	0.0
207.0	27.973631413012324	19.260533104041272	19.231871596445973	33.53396388650043	0.0
208.0	28.215527230590965	18.279258400927	21.52375434530707	31.981460023174975	0.0
209.0	27.124087591240876	18.97810218978102	18.94890510948905	34.948905109489054	0.0
210.0	28.42354333037563	18.071576456669625	20.82224194025436	32.68263827270039	0.0
211.0	31.651239175873396	18.483129292326065	20.1254105703195	29.74022096148104	0.0
212.0	26.844014510278114	16.626360338573157	24.334945586457074	32.19467956469166	0.0
213.0	27.941176470588236	21.170343137254903	19.11764705882353	31.770833333333332	0.0
214.0	29.293242405455672	22.659640421574707	19.559826410415376	28.487290762554245	0.0
215.0	27.483547477279853	19.64901284863679	18.865559385772485	34.00188028831088	0.0
216.0	31.22617534942821	17.852604828462514	20.7433290978399	30.17789072426938	0.0
217.0	25.934278350515466	20.9729381443299	23.646907216494846	29.445876288659793	0.0
218.0	25.449700199866754	19.62025316455696	18.520986009327114	36.409060626249165	0.0
219.0	22.34200743494424	22.37918215613383	24.5724907063197	30.70631970260223	0.0
220.0	12.388392857142858	25.33482142857143	22.879464285714285	39.39732142857143	0.0
