# Position (bp)	A	C	G	T	N
0.0	27.42052469960558	23.997807261994016	22.606273734938288	25.975241605829385	1.526976327285998E-4
1.0	27.44701307710563	19.788934663153476	15.095416015042625	37.668484114572244	1.521301260245964E-4
2.0	28.448142567389347	19.849046650315156	17.899750482814238	33.802453939370054	6.063601112064444E-4
3.0	23.90465709690293	21.850624614528787	15.135111438971594	39.107188206697224	0.0024186428994691076
4.0	34.22050138604315	14.076624080993131	14.63345185006629	37.06806677112209	0.0013559117753404845
5.0	36.09113287151	14.977310069634614	22.120876541500905	26.805715214290444	0.004965303064043382
6.0	32.27549795439418	17.555249386618748	20.065267070629368	30.103835341878348	1.5024647934937265E-4
7.0	35.37341346557955	16.69373431477323	20.335708882191188	27.596542946000792	6.003914552288092E-4
8.0	23.578762065134104	26.46284830881945	22.10493011706385	27.853309561689066	1.499472935263255E-4
9.0	28.848588737168125	18.40298120563816	16.011693470446417	36.73598738951214	7.491972351625234E-4
10.0	27.201250563367417	16.962113260433714	24.541707156750153	31.293581429613138	0.0013475898355790668
11.0	28.368643623946156	18.698242915246325	19.638287747693283	33.29467607210302	1.4964101121409739E-4
12.0	26.56783077045034	19.639296841229882	21.148458755307868	32.644264062951045	1.4957006086005776E-4
13.0	27.73520007533936	21.318797619634875	18.44439162716582	32.50131171213188	2.989657280637634E-4
14.0	31.421895950957662	18.447231801582426	20.375411264729667	29.755162017002178	2.989657280637634E-4
15.0	29.912119024235658	18.819145167293748	19.30556240685349	31.963173401617105	0.0
16.0	30.593162952764906	17.646302616099604	19.042173600429315	32.71821134784214	1.494828640318817E-4
17.0	29.993437702269	18.343789659672364	20.309937770283703	31.35238641918284	4.4844859209564514E-4
18.0	31.64118731249243	18.072926710046595	18.418680574552337	31.867055920044606	1.494828640318817E-4
19.0	30.41752058752745	18.425108337705705	19.761036693558633	31.396035415480146	2.989657280637634E-4
20.0	30.101065364371955	18.224053885582826	19.599894166132266	32.07483710104892	1.494828640318817E-4
21.0	30.251893574180123	17.346439990851646	19.36744831256269	33.033022259493286	0.0011958629122550536
22.0	28.788157369579935	18.90270608828757	19.807077415680453	32.50205912645204	0.0
23.0	30.056967919482553	17.586808436214916	20.1280171247569	32.22581479372112	0.0023917258245101073
24.0	30.955210449450128	17.94317558406692	18.521973233598366	32.579640732884585	0.0
25.0	29.42256264453124	18.049906348985683	19.188517324316525	33.33886419930251	1.494828640318817E-4
26.0	31.680650788596846	17.65213244779685	20.18736182177756	30.478659078916486	0.0011958629122550536
27.0	29.052592556052335	18.292816003037494	19.742799784146744	32.911642173899395	1.494828640318817E-4
28.0	30.097178809907128	17.96993301672863	20.05073448405242	31.882004206447796	1.494828640318817E-4
29.0	29.277265300692257	18.508220810107435	19.52066824819537	32.69354667527688	2.989657280637634E-4
30.0	30.100049479123847	18.269007980937833	19.171740394547427	32.45666092150758	0.002541223883318958
31.0	30.53318265257921	18.325500325877027	19.370997542468654	31.767927721073182	0.002391758001925365
32.0	29.36160798371208	18.454710431982686	19.36716883769183	32.815914805325264	5.97941288144917E-4
33.0	29.967890264830572	18.143196264029324	19.214567176316528	32.67434629482358	0.0
34.0	29.818594951752388	17.95125159766498	19.602209449207333	32.626748088407865	0.0011959129674337951
35.0	30.403650897168195	17.466808665944704	19.695519244691482	32.43372203641324	2.9915578238211765E-4
36.0	30.846254196413074	17.515873063366584	19.097644024487302	32.539929506244505	2.992094885313003E-4
37.0	29.185843991836297	18.915376374333405	19.256677898743725	32.64105433891346	0.0010473961731136394
38.0	30.917477464533672	18.298214972559336	19.1183667605052	31.66594080240179	0.0
39.0	30.00377298601899	18.624926262078795	19.570568313505195	31.79998383005992	7.486083371013286E-4
40.0	29.95055329647188	18.49372660874153	19.604965953868728	31.949555069598595	0.0011990713192632306
41.0	29.671775909624326	18.07483485250025	20.566378640223057	31.686110202378842	9.003952735250776E-4
42.0	29.221244440839723	18.386195108689936	19.641690435315482	32.75071981832191	1.5019683294958044E-4
43.0	29.459220217886926	18.260391258673472	20.30986292270259	31.97022502558646	3.0057515055057854E-4
44.0	29.569843962416236	18.768722705453495	20.009835059732197	31.651447889221735	1.5038317633329725E-4
45.0	29.334779802198895	18.505823742452307	19.719774242522274	32.43856895879821	0.0010532540283204961
46.0	30.028527341838846	17.598283843287795	19.50381995408528	32.8692183207256	1.5054006247412592E-4
47.0	29.54189483069175	18.345441840011084	19.85042078566738	32.26179073367912	4.518099506623534E-4
48.0	30.4801393350248	17.879118428744476	18.747250363102737	32.892437217879724	0.0010546552482658454
49.0	29.222768247459978	18.0472730561669	19.974675148482017	32.7552835478911	0.0
50.0	29.975301712887315	18.42896564418474	19.40377097732495	32.191358164390714	6.035012122830602E-4
51.0	30.39847107968666	18.063619401575757	19.42408653809837	32.11352082247452	3.0215816469130765E-4
52.0	29.893322438603658	18.197678817316568	19.696914673082453	32.2119327553074	1.513156899238882E-4
53.0	31.384291790991625	17.74382971888037	19.399997272301587	31.471881217826418	0.0
54.0	30.249323619964706	18.347614574908615	19.20873778305158	32.19371706298566	6.06959089439974E-4
55.0	29.24969159997326	18.33020375670732	18.34661124581457	34.07349339750485	0.0
56.0	29.33941862268874	18.012689683700813	20.54864936384292	32.09909024822749	1.5208154003850703E-4
57.0	28.361337183196778	18.812833622276038	19.47083150048783	33.3546932767929	3.0441724645468063E-4
58.0	30.82565425166467	17.83476556013753	22.02724709301883	29.31233309517897	0.0
59.0	29.547340419041113	20.457998267214975	21.05654126346874	28.93796751638214	1.525338930310315E-4
60.0	31.219699273164537	19.068544388607155	19.53807673561188	30.1735268097928	1.527928236266599E-4
61.0	29.213070278314497	21.02868271412517	19.46808217458271	30.2871027304768	0.0030621025008191124
62.0	31.05721967915949	16.41255660468623	21.578804318617014	30.95095872867679	4.6066886047415115E-4
63.0	26.543658154132228	20.39616203573075	25.4487929654796	27.611232660008973	1.541846484512923E-4
64.0	26.55017957181171	19.74578447051836	17.994456628999377	35.708960648871376	6.186797991765372E-4
65.0	27.912537004052602	19.391830249920872	18.586429675233195	34.108582457751766	6.206130415624554E-4
66.0	26.676649176520762	19.55944133226037	16.929693349126868	36.83110309328095	0.003113048811048833
67.0	33.50998923503099	14.148825305957919	17.593771629541326	34.744445260366945	0.002968569102820297
68.0	34.309978299118384	15.307018513663342	23.063109448886053	27.31878816212169	0.0011055762105269809
69.0	31.79036750396163	16.893821789463832	20.36230784871243	30.953341487895642	1.6136996646732096E-4
70.0	33.164874290264144	15.673471090759264	22.073002395630148	29.088130678321463	5.215450249820067E-4
71.0	26.039611324271235	19.40250512969712	25.47851652221848	29.0787107725827	6.562512304710572E-4
