# Position (bp)	A	C	G	T	N
0.0	43.66922644690017	11.94980333395767	18.1541487169882	26.226821502153964	0.0
1.0	17.84560647909742	43.8228547352652	18.674219371752258	19.65731941388512	0.0
2.0	24.25049033342673	36.8497244793126	14.420472588026525	24.479312599234145	0.0
3.0	43.906191719507646	16.23461395001865	17.223051100335695	22.63614323013801	0.0
4.0	44.36419551745026	16.024416383206745	15.744839476259262	23.866548623083734	0.0
5.0	22.729812796870636	36.472012666480396	16.163732886281085	24.634441650367886	0.0
6.0	21.47210719769227	40.68766575164007	14.83738891732192	23.00283813334574	0.0
7.0	44.72020821714074	14.793641940881205	16.527235545640455	23.95891429633761	0.0
8.0	44.565217391304344	16.884986993682645	15.946674098848012	22.603121516164997	0.0
9.0	22.260385240194942	37.29867718728243	14.444186586214899	25.996750986307728	0.0
10.0	22.575111275964392	12.425816023738873	16.00055637982196	48.99851632047478	0.0
11.0	19.08510047226595	18.473932771552924	14.40874155014353	48.0322252060376	0.0
12.0	22.394340146120413	14.764635161379822	14.5195597891427	48.32146490335707	0.0
13.0	21.670512228887866	35.380710659898476	15.22381172127365	27.72496538994001	0.0
14.0	21.264658542193608	15.64497585651874	41.15428834214762	21.93607725914003	0.0
15.0	42.47661837520631	15.972858976710066	18.145974692829636	23.40454795525399	0.0
16.0	19.164225558403515	16.08842914683266	18.24880995972171	46.49853533504211	0.0
17.0	23.28542094455852	36.267396760209905	15.619438740588636	24.82774355464294	0.0
18.0	19.922586520947178	15.33697632058288	18.18761384335155	46.552823315118395	0.0
19.0	22.661576220343605	39.06463048813744	14.835014998636487	23.438778292882464	0.0
20.0	23.02040816326531	17.292517006802722	14.303854875283447	45.383219954648524	0.0
21.0	21.470588235294116	18.18099547511312	16.805429864253394	43.542986425339365	0.0
22.0	21.853138962855983	13.453987453175067	36.44897774969535	28.24389583427359	0.0
23.0	20.631559980179286	17.45574124960584	16.271003198342267	45.64169557187261	0.0
24.0	45.52483704203192	12.294897729826927	15.383232187008316	26.79703304113284	0.0
25.0	23.85226405780191	14.051070322667506	34.775389310236505	27.321276309294078	0.0
26.0	46.81203546162801	13.204083460195218	15.827885734754185	24.155995343422585	0.0
27.0	19.365221278497987	19.485918641037102	13.893607510058114	47.255252570406796	0.0
28.0	21.20076720638744	36.38431687408002	12.110263615683126	30.304652303849412	0.0
29.0	24.00872235325531	12.0332873481376	14.921454318899915	49.03653597970718	0.0
30.0	23.844773441004936	15.805293853746075	34.495289367429336	25.85464333781965	0.0
31.0	24.306341375096185	13.75548816367175	14.298646630154346	47.63952383107772	0.0
32.0	22.46449839670179	13.577645442052223	15.180943655519927	48.77691250572607	0.0
33.0	24.038817005545287	36.797597042513864	15.68391866913124	23.479667282809615	0.0
34.0	25.157086339306495	14.610193158017221	14.563649057481964	45.66907144519432	0.0
35.0	21.522837888431297	36.88693373268439	14.938225383751405	26.652002995132907	0.0
36.0	23.317941952506597	14.337542404824728	13.908782510365626	48.435733132303056	0.0
37.0	43.56496613140069	15.986926246980246	15.418502202643172	25.02960541897589	0.0
38.0	44.539135402780424	15.982669967625215	13.854503904018282	25.623690725576083	0.0
39.0	45.24219797051503	15.733295041164084	13.26345012444955	25.76105686387134	0.0
40.0	21.243871960011536	37.14313178890705	15.947322887628568	25.66567336345285	0.0
41.0	21.820787821875154	13.062818168338852	41.48173775515247	23.63465625463352	0.0
42.0	46.798666732998356	14.297796129545794	14.427142928212527	24.47639420924332	0.0
43.0	47.74507834471675	14.513860988348734	13.785656890317396	23.955403776617114	0.0
44.0	24.373795761079	38.35817868370348	12.762397322786736	24.505628232430787	0.0
45.0	29.285251311060044	15.691473690413057	15.349714218372517	39.67356078015438	0.0
46.0	27.297507788161994	17.21183800623053	22.02102803738318	33.469626168224295	0.0
47.0	32.83039202478782	18.442678162468003	18.51677219453051	30.210157618213664	0.0
48.0	25.171221265342105	21.28568522411338	18.593612260120704	34.949481250423815	0.0
49.0	26.543167680634355	19.645908811265294	20.52771891448493	33.28320459361542	0.0
50.0	25.570996147495872	24.68354430379747	17.989818381948268	31.75564116675839	0.0
51.0	28.008053877664373	19.301534402555024	17.38526695827258	35.30514476150802	0.0
52.0	29.4212670318865	17.481387835370136	19.9676920915859	33.12965304115746	0.0
53.0	31.72065927820403	18.7411196362603	22.136970730321114	27.40125035521455	0.0
54.0	30.111902339776197	23.543089667199535	17.65731725039965	28.687690742624618	0.0
55.0	30.562865497076025	18.355263157894736	17.894736842105264	33.187134502923975	0.0
56.0	28.06798116539141	19.231901118304886	20.61506768687463	32.08505002942908	0.0
57.0	32.004750241223185	17.078601647739923	19.56505603800193	31.351592073034958	0.0
58.0	29.26628810520024	20.681410639569638	19.59055588762702	30.46174536760311	0.0
59.0	26.24482109227872	22.259887005649716	19.85687382297552	31.63841807909605	0.0
60.0	27.781168930260947	18.731878528918052	19.2125743934076	34.2743781474134	0.0
61.0	30.83680073971336	17.25997842502697	22.18369548466636	29.71952535059331	0.0
62.0	29.583819525476468	20.14780241151303	20.49786075457021	29.770517308440297	0.0
63.0	34.04238618524333	17.755102040816325	18.461538461538463	29.740973312401884	0.0
64.0	27.88385671453369	20.5775603597917	21.406028089001104	30.132554836673503	0.0
65.0	30.02062182741117	18.623096446700508	20.835977157360404	30.520304568527916	0.0
66.0	27.50199521149242	17.82122905027933	20.97366320830008	33.70311252992817	0.0
67.0	29.35087860065795	16.697424376153414	20.941988285324562	33.00970873786408	0.0
68.0	25.769448259148557	18.71718232490508	20.882139106551417	34.631230309394944	0.0
69.0	27.275682704811445	19.424577373211964	23.12256176853056	30.177178153446032	0.0
70.0	29.209173263690523	20.990777768709705	19.383008242879296	30.41704072472048	0.0
71.0	27.498973305954827	21.13347022587269	19.59753593429158	31.770020533880906	0.0
72.0	28.028425053710134	18.996860023136673	20.219798380432984	32.75491654272022	0.0
73.0	28.59991690901537	19.22725384295804	20.34067303697549	31.8321562110511	0.0
74.0	30.304801670146137	17.269311064718163	21.152400835073067	31.27348643006263	0.0
75.0	30.033641715727505	20.294365012615643	20.73170731707317	28.940285954583683	0.0
76.0	29.229856816063716	19.79157841226807	18.198763026349233	32.779801745318984	0.0
77.0	30.236314178850733	19.100646038762324	18.463107786467187	32.199931995919755	0.0
78.0	29.865026482145907	18.759610456176322	19.71638475995216	31.65897830172561	0.0
79.0	28.496608568730146	22.048596205031338	17.824332446123464	31.63046278011505	0.0
80.0	29.76365682624881	19.184486191671716	20.630248463336507	30.421608518742964	0.0
81.0	27.05431754874652	19.35933147632312	17.43558495821727	36.15076601671309	0.0
82.0	31.280658724597053	18.701822004204622	19.77925718290119	30.238262088297123	0.0
83.0	30.677115435414283	18.56123976402219	20.251827067007135	30.5098177335564	0.0
84.0	29.65816507261778	18.06588735387885	20.36840240878498	31.907545164718385	0.0
85.0	31.17206982543641	17.100106875667972	20.707160669754185	31.020662629141434	0.0
86.0	29.422301836094938	18.64755933721451	21.988356471115093	29.94178235557546	0.0
87.0	31.18705035971223	17.742805755395683	21.12410071942446	29.94604316546763	0.0
88.0	33.888034729130865	17.79867956950348	17.16559645473456	31.147689246631096	0.0
89.0	29.903653881112525	18.742046900563533	17.86038902017815	33.49391019814579	0.0
90.0	31.421787964569447	17.240434663501052	18.610172586978358	32.72760478495115	0.0
91.0	29.25488039593071	20.254788745302903	18.275135184676014	32.21519567409037	0.0
92.0	28.848987108655617	18.14917127071823	18.517495395948437	34.484346224677715	0.0
93.0	32.67876991478325	17.701000370507593	18.469803630974436	31.150426083734718	0.0
94.0	29.088708926742996	16.252443451549848	20.34813366843526	34.3107139532719	0.0
95.0	30.980648780031782	16.85519304477891	21.108722071608863	31.05543610358044	0.0
96.0	28.959233514935185	16.58839000563592	21.003193687770054	33.449182791658835	0.0
97.0	31.207010270423062	18.06275322717422	19.268821256949025	31.46141524545369	0.0
98.0	30.96566726567672	21.50761373309373	18.03650808663577	29.490210914593778	0.0
99.0	30.46577946768061	18.80228136882129	19.40114068441065	31.330798479087452	0.0
100.0	33.31737215092894	14.738555832216049	19.115112047500478	32.82895996935453	0.0
101.0	33.25944487278335	18.976484194294528	19.005397070161912	28.758673862760215	0.0
102.0	31.508444962143273	16.967579110852263	19.86992816928752	31.654047757716945	0.0
103.0	30.179827990617667	18.35418295543393	20.103596559812352	31.362392494136042	0.0
104.0	27.204871341583186	18.1889609114123	21.390689451974072	33.21547829503045	0.0
105.0	29.980237154150196	18.73517786561265	18.59683794466403	32.687747035573125	0.0
106.0	29.642502482621648	18.133068520357497	20.407149950347566	31.817279046673285	0.0
107.0	30.819999999999997	19.25	18.75	31.180000000000003	0.0
108.0	33.64589635007058	18.99576527525711	15.446662633595484	31.911675741076827	0.0
109.0	30.12084898953996	17.924240885548897	21.011475576317657	30.94343454859348	0.0
110.0	25.8120531154239	20.398365679264554	19.734422880490296	34.05515832482124	0.0
111.0	29.734168120702044	19.306168531253206	19.049574053166378	31.910089294878375	0.0
112.0	25.771175074796243	18.70421953987414	21.190549881357683	34.33405550397194	0.0
113.0	28.323639385126715	20.3469048608226	18.851267137515578	32.47818861653511	0.0
114.0	31.011799102015246	16.748459851728096	21.060875013052105	31.178866033204557	0.0
115.0	27.00094408895416	19.353823560264345	19.8363579146124	33.8088744361691	0.0
116.0	29.065963060686016	18.511873350923484	18.63852242744063	33.78364116094987	0.0
117.0	30.395168979764808	19.006250662146414	18.985061976904333	31.61351838118445	0.0
118.0	27.64167021729868	15.445249254367276	22.7950575202386	34.11802300809544	0.0
119.0	23.81615598885794	20.61281337047354	26.430254981787016	29.140775658881505	0.0
120.0	26.14456533448239	21.738662070451362	21.824841107400626	30.291931487665625	0.0
121.0	30.535752862389288	18.837761935623245	18.3300928926334	32.29639230935407	0.0
122.0	28.169778549717762	18.226226660877117	21.819366044290057	31.784628745115068	0.0
123.0	32.076502732240435	19.24590163934426	17.60655737704918	31.07103825136612	0.0
124.0	32.359723289777094	18.491270451301197	20.116393982650706	29.032612276271003	0.0
125.0	29.02549387484825	18.342346319390796	20.527535592098005	32.10462421366295	0.0
126.0	28.910583536720658	19.01486576436654	20.190814288883956	31.883736410028845	0.0
127.0	28.27324478178368	18.015403504855453	22.815046322134165	30.896305391226697	0.0
128.0	30.087601078167115	18.17160826594789	19.85624438454627	31.884546271338728	0.0
129.0	30.91874788111651	19.27901457791841	18.137642671488305	31.664594869476776	0.0
130.0	30.096755833807627	18.929994308480364	17.962435970404098	33.01081388730791	0.0
131.0	30.948838274007095	19.308687192400136	18.770745107016136	30.971729426576626	0.0
132.0	29.611706417790067	18.446825671160273	21.431040442447287	30.510427468602373	0.0
133.0	31.24927502609906	19.974480918686925	19.34810346827514	29.428140586938873	0.0
134.0	26.205206023111945	21.512781603828646	19.481732228317963	32.80028014474145	0.0
135.0	27.665570690465007	16.968060122123063	19.950681070925317	35.41568811648661	0.0
136.0	25.743977326405293	18.82380727444497	20.21728861596599	35.214926783183756	0.0
137.0	28.420301913704982	16.308094615476048	20.634731962439083	34.63687150837989	0.0
138.0	30.277644806127334	18.64528482527525	19.11201531833413	31.965055050263285	0.0
139.0	28.697225572979495	17.515078407720143	21.182147165259348	32.60554885404101	0.0
140.0	28.25242718446602	18.046116504854368	20.315533980582522	33.38592233009709	0.0
141.0	29.497984609747157	18.32172957127153	20.092830096494442	32.087455722486865	0.0
142.0	30.43371118777723	16.596845736816164	18.86397240019714	34.10547067520947	0.0
143.0	32.49039295896864	19.945456799305813	19.10251642494112	28.46163381678443	0.0
144.0	30.023729236917696	17.771949544148868	18.18408892219308	34.02023229674035	0.0
145.0	28.18479355488419	18.366062437059416	18.580060422960727	34.869083585095666	0.0
146.0	28.739858012170384	20.05578093306288	18.53448275862069	32.669878296146045	0.0
147.0	28.967544083823153	18.18297981088679	17.99131101456683	34.85816509072323	0.0
148.0	25.186903841196184	21.39726733694251	20.391853570507863	33.02397525135344	0.0
149.0	29.477514946711725	20.197556537561738	18.170002599428127	32.15492591629842	0.0
150.0	28.283093053735254	18.58453473132372	18.361730013106158	34.77064220183486	0.0
151.0	28.377129275056117	18.209428231876405	21.537039482371583	31.876403010695892	0.0
152.0	27.616896918172156	21.546227417640807	16.963336875664186	33.87353878852285	0.0
153.0	30.307486631016044	19.411764705882355	18.516042780748663	31.76470588235294	0.0
154.0	32.06302181524374	15.136008618367896	20.603285752760574	32.19768381362779	0.0
155.0	29.697052030974053	20.744464067382147	17.5927183806548	31.965765520989	0.0
156.0	31.861804222648754	16.616397038661916	17.548670139840965	33.97312859884837	0.0
157.0	29.676706272450954	17.69825918762089	20.945012434374135	31.680022105554023	0.0
158.0	27.797129719938695	23.394175839487254	17.30528075797687	31.503413682597188	0.0
159.0	37.111517367458866	13.345521023765997	17.606525101954716	31.93643650682042	0.0
160.0	25.27347634607188	20.54269072311408	23.86702656627362	30.316806364540415	0.0
161.0	29.000858860578298	18.7374749498998	22.387632407672488	29.874033781849413	0.0
162.0	30.02306140098011	18.982415681752666	18.85269530123955	32.141827616027676	0.0
163.0	29.35619822700189	18.572881848568525	17.003342537421887	35.0675773870077	0.0
164.0	29.85511488365286	15.951997658422362	21.68886287135958	32.5040245865652	0.0
165.0	30.036845983787767	16.96389093588799	20.97273397199705	32.02652910832719	0.0
166.0	27.73733471995246	21.7352547912643	20.130738374684295	30.396672114098944	0.0
167.0	26.803352289733613	19.021251122418438	22.762645914396888	31.41275067345106	0.0
168.0	27.802961619824725	19.492293744333637	19.598065880930797	33.10667875491085	0.0
169.0	26.938339438339437	19.352869352869355	19.902319902319903	33.80647130647131	0.0
170.0	30.47236801481939	16.872491509725222	17.906761346094473	34.74837912936091	0.0
171.0	29.841220423412206	19.037982565379828	16.95205479452055	34.16874221668742	0.0
172.0	30.688080617225634	19.697685403873404	17.52479924421351	32.08943473468745	0.0
173.0	26.55430116075688	17.300047702337416	20.11448560979488	36.03116552711083	0.0
174.0	28.878549655061768	20.31124659072678	19.28445371410236	31.525750040109095	0.0
175.0	27.85343709468223	18.8715953307393	21.384565499351492	31.890402075226977	0.0
176.0	28.39566929133858	20.06233595800525	18.30708661417323	33.234908136482936	0.0
177.0	28.696949602122018	21.734084880636605	18.73342175066313	30.83554376657825	0.0
178.0	29.346733668341706	19.246231155778894	19.514237855946398	31.892797319932995	0.0
179.0	25.088877602844086	18.791264601320467	26.612493651599795	29.507364144235655	0.0
180.0	31.16016427104723	15.434633812457221	20.619438740588638	32.785763175906915	0.0
181.0	29.56235945338177	19.148936170212767	19.63328143919737	31.655422937208094	0.0
182.0	32.34986033519553	17.300977653631286	19.37849162011173	30.97067039106145	0.0
183.0	27.006526724289998	22.56129828893985	20.603281001940378	29.828893984829776	0.0
184.0	28.94783692362471	19.173936264910093	18.693252625956916	33.184974185508274	0.0
185.0	26.71356421356421	22.005772005772005	23.773448773448774	27.50721500721501	0.0
186.0	32.6664241542379	17.879228810476537	21.425973081120407	28.028373954165154	0.0
187.0	32.12844036697248	21.155963302752294	16.56880733944954	30.14678899082569	0.0
188.0	28.30363771343727	19.543429844097997	20.08166295471418	32.071269487750556	0.0
189.0	29.720082660154045	18.99304903250047	19.425136201390195	31.861732105955287	0.0
190.0	31.888191671420422	16.73321924320213	18.748811561133294	32.629777524244155	0.0
191.0	25.816993464052292	22.62591311034218	19.83852364475202	31.718569780853517	0.0
192.0	33.488552580519986	17.792006208769887	19.49941792782305	29.220023282887077	0.0
193.0	30.915880503144656	17.275943396226413	21.79638364779874	30.01179245283019	0.0
194.0	28.940568475452196	19.876764062810576	23.91174716756112	27.27092029417611	0.0
195.0	27.070707070707073	21.11111111111111	19.393939393939394	32.42424242424242	0.0
196.0	30.29062627916496	19.750306999590666	19.995906672124438	29.963160049119935	0.0
197.0	26.846473029045644	19.585062240663902	23.71369294605809	29.854771784232366	0.0
198.0	28.880407124681934	23.13401187446989	18.61747243426633	29.368108566581846	0.0
199.0	30.315224681421864	21.95394589760787	19.204113570310753	28.526715850659514	0.0
200.0	27.77352716143841	14.76664116296863	21.244580464167303	36.21525121142566	0.0
201.0	31.354795439302478	16.666666666666664	18.410462776659962	33.568075117370896	0.0
202.0	36.62928984029901	16.51376146788991	17.83893985728848	29.018008834522597	0.0
203.0	32.827586206896555	15.96551724137931	21.517241379310345	29.689655172413794	0.0
204.0	33.275200558074644	16.637600279037322	24.346006278339726	25.74119288454831	0.0
205.0	33.74645892351275	15.545325779036828	26.026912181303114	24.68130311614731	0.0
206.0	29.00926585887384	21.097647897362794	20.848182466143978	29.044903777619385	0.0
207.0	28.478731074260992	23.39581831290555	15.681326604181686	32.44412400865176	0.0
208.0	32.601536772777166	15.184778631540432	20.343944383461398	31.869740212221004	0.0
209.0	25.46262028127313	21.206513693560325	19.541080680977053	33.78978534418949	0.0
210.0	27.23531612420501	17.58323980546203	18.032173587729144	37.14927048260381	0.0
211.0	31.25	16.818181818181817	21.363636363636363	30.568181818181817	0.0
212.0	28.15608263198164	18.247895944912013	22.76205049732211	30.833970925784236	0.0
213.0	27.754155392346348	21.95593351372246	16.466950135291842	33.82296095863936	0.0
214.0	29.667318982387474	25.557729941291583	18.199608610567513	26.575342465753426	0.0
215.0	29.664694280078898	22.564102564102566	16.68639053254438	31.08481262327416	0.0
216.0	30.135891286970423	15.787370103916867	17.86570743405276	36.21103117505996	0.0
217.0	26.822276822276827	18.222768222768224	26.412776412776413	28.542178542178544	0.0
218.0	26.73478075776926	19.880800340570456	17.496807151979567	35.887611749680715	0.0
219.0	18.566775244299674	22.661703117729175	24.19730107026524	34.57422056770591	0.0
220.0	0.07380073800738007	29.667896678966788	25.239852398523986	45.018450184501845	0.0
