# Position (bp)	A	C	G	T	N
0.0	26.16375038867415	23.96205522408352	23.568085653482726	26.306108733759597	0.0
1.0	26.369120599136203	19.79754045301169	15.221970201688864	38.611368746163244	0.0
2.0	28.69985549547895	18.82526680996365	18.455445731688773	34.01943196286862	0.0
3.0	22.8191039739741	22.592906111351905	15.003594114809617	39.584395799864375	0.0
4.0	33.964722930652236	12.946674276367808	14.594759189780005	38.49384360319995	0.0
5.0	34.57854842280209	14.762697340472169	23.24779874335699	27.41095549336874	0.0
6.0	30.83483463409737	17.208787916548143	20.950759635783648	31.00561781357084	0.0
7.0	34.92870229124109	16.765088299735563	20.004785755692257	28.3014236533311	0.0
8.0	22.415416430376034	26.620984012887632	22.99752998332857	27.966069573407765	0.0
9.0	27.601555322161158	18.56331904751352	15.592941446303325	38.242184184021994	0.0
10.0	26.21249942024784	16.43847742732693	25.033946532500817	32.31507661992442	0.0
11.0	28.17028765031626	17.89697038171851	19.479999549518947	34.45274241844628	0.0
12.0	25.96431100194615	19.598057070378825	21.313324224412707	33.12430770326232	0.0
13.0	26.207437563265646	20.67234539205717	18.604915886589698	34.51530115808749	0.0
14.0	30.594650731262746	18.3706415201362	20.23180640843204	30.80290134016902	0.0
15.0	29.873045478363043	18.38792207016872	19.769324638080256	31.96970781338798	0.0
16.0	29.841959863833623	17.396536793705955	18.60454048571303	34.15696285674739	0.0
17.0	30.269275048835414	17.860798690795498	19.6898607492832	32.18006551108589	0.0
18.0	30.955677387268025	17.59291989102718	18.566092170118598	32.885310551586194	0.0
19.0	29.65388402462194	18.310553160457594	20.019063098711417	32.01649971620905	0.0
20.0	29.62403360007382	17.70013922528642	19.74356729405841	32.93225988058135	0.0
21.0	29.108717183757154	18.20050015506478	19.567637489662854	33.12314517151521	0.0
22.0	29.724810570901177	19.029021999581246	22.333845452787347	28.912321976730233	0.0
23.0	29.74717719732729	20.096637873419425	21.03363846158783	29.12254646766545	0.0
24.0	32.45445933252029	19.255957884381132	18.15195234491736	30.137630438181223	0.0
25.0	29.60976836676036	21.012434366908824	19.06129436526917	30.316502901061646	0.0
26.0	32.14787791333786	16.69641415871634	21.744151224067217	29.41155670387858	0.0
27.0	26.308553605852573	21.385146888913674	24.77584026523162	27.530459240002138	0.0
28.0	26.290534363772412	19.47961203893658	18.268665688444642	35.96118790884637	0.0
29.0	28.116944396712025	19.745977125492516	17.29978024517068	34.83729823262478	0.0
30.0	26.465346454189625	18.90717187033578	16.080605714580983	38.54687596089361	0.0
31.0	33.976756691179055	13.978535708292789	18.069143410560766	33.975564189967386	0.0
32.0	34.00472423810081	15.596283736593461	22.590425367673546	27.808566657632177	0.0
33.0	31.10435661103234	17.37226253734015	20.66458518012639	30.858795671501117	0.0
34.0	33.5199042042929	16.121329646552866	21.87459155185571	28.484174597298527	0.0
35.0	26.410010114351994	19.948238720709806	25.699598932595514	27.942152232342686	0.0
