# Position (bp)	A	C	G	T	N
0.0	31.30760070726632	20.71147623801677	19.31426440694276	28.666658647774156	0.0
1.0	30.737624072015894	17.678488089567608	19.369668451667845	32.21421938674865	0.0
2.0	30.242091617704002	17.69630561361062	18.697885726791938	33.363717041893445	0.0
3.0	30.646510889794033	20.059197776356473	17.986073374465608	31.30821795938388	0.0
4.0	31.87117353377386	17.780042642488166	17.822228418550203	32.52655540518777	0.0
5.0	32.59148542997581	16.86032889938735	19.005852520332432	31.5423331503044	0.0
6.0	29.58111063997953	18.128409114113808	19.63517599166858	32.65530425423808	0.0
7.0	28.30950430987898	19.662967223784673	20.56325038607581	31.464278080260538	0.0
8.0	26.35698283376195	19.756301370849812	19.431057708238786	34.45565808714945	0.0
9.0	29.261919137479246	18.28439321900436	18.12786807715345	34.325819566362945	0.0
10.0	27.04677625689139	19.78684389273311	18.770626171566544	34.39575367880895	0.0
11.0	29.17980429138412	20.817196250917835	17.572862826400986	32.43013663129706	0.0
12.0	29.353566198385867	18.952718951159746	17.964783588542975	33.72893126191141	0.0
13.0	29.682413889431743	21.107145297833643	17.987634175905466	31.222806636829148	0.0
14.0	30.64496219534264	19.31770652943778	18.335468546453168	31.701862728766418	0.0
15.0	29.37329745969606	19.561753847112183	19.53468091070483	31.530267782486927	0.0
16.0	29.19713972345551	20.213395213395213	19.19431393115604	31.395151131993238	0.0
17.0	28.622891802745027	18.945889404319082	18.03834130415009	34.3928774887858	0.0
18.0	29.91103098543023	20.357957624573967	18.02815856749957	31.70285282249623	0.0
19.0	28.755290910395292	20.308247841786834	19.19315111079226	31.74331013702561	0.0
20.0	29.16105995023865	19.263044429094855	19.569690987268075	32.00620463339842	0.0
21.0	30.65733099702706	17.79128280652971	19.091181638257133	32.46020455818609	0.0
22.0	28.956388133790334	19.612267337122553	20.645289916061692	30.78605461302542	0.0
23.0	29.53270559653094	18.213396305891028	20.371057602468625	31.882840495109406	0.0
24.0	29.759563375964447	17.56622174938248	20.21425683387939	32.45995804077368	0.0
25.0	30.39806493068346	17.98403257859431	19.580655505923108	32.03724698479912	0.0
26.0	31.027978810358427	18.642928803090275	19.34579483794404	30.983297548607254	0.0
27.0	29.561355768303244	20.518017722975202	18.848852150944207	31.071774357777354	0.0
28.0	30.312415195128573	18.89845315914512	18.08432639341843	32.704805252307885	0.0
29.0	31.52945655277434	19.753854573141716	19.275601979632626	29.441086894451317	0.0
30.0	30.47987932269122	19.04297283530156	18.309410320075397	32.16773752193182	0.0
31.0	30.75150646790436	20.713425601316953	18.75552540926135	29.77954252151734	0.0
32.0	31.504803656620783	19.080818792546765	19.295805780176465	30.11857177065599	0.0
33.0	32.54804500886901	18.49610416462625	18.6642344901135	30.291616336391236	0.0
34.0	31.172130002413095	19.885751863094153	18.270247081352405	30.671871053140343	0.0
35.0	29.096386681388186	20.422763659956157	20.94747239351264	29.533377265143017	0.0
36.0	30.13836109710933	20.2532696260568	19.040799017225716	30.567570259608157	0.0
37.0	32.842094079192016	19.289578040480365	18.998646904598964	28.869680975728656	0.0
38.0	30.76774022311346	19.804047045643653	19.10093514859304	30.32727758264984	0.0
39.0	29.879935551003044	18.84723093141786	19.87325486229409	31.399578655285005	0.0
40.0	28.878490045211848	19.761419459947852	18.841886589760282	32.518203905080014	0.0
41.0	29.39003283926511	18.353007307476112	19.506634419100028	32.75032543415875	0.0
42.0	28.679506002245443	18.916813004385332	18.260644269798775	34.14303672357045	0.0
43.0	28.37209117054245	21.64921966492197	18.968635230196856	31.01005393433873	0.0
44.0	29.66132379381904	18.450187555733947	21.028587507732922	30.859901142714087	0.0
45.0	30.507624376476063	19.361588987657615	20.114661666275563	30.016124969590763	0.0
46.0	28.706393229721577	18.485255623767753	19.820066348010794	32.988284798499876	0.0
47.0	28.776535209413005	19.995579424572757	19.801121133172188	31.426764232842054	0.0
48.0	28.110237584414104	19.128749916482928	20.560789291997953	32.20022320710502	0.0
49.0	29.47616523221488	19.941478524801465	19.109652405305393	31.472703837678267	0.0
50.0	29.7737741557415	17.94161737850582	19.37283654501349	32.911771920739184	0.0
51.0	29.72010380632673	17.978505382181808	20.01796429312496	32.2834265183665	0.0
52.0	28.98770528582967	17.67686739058901	21.53968111519938	31.795746208381942	0.0
53.0	28.84352885673848	19.864758609844316	20.493788331498664	30.79792420191854	0.0
54.0	29.605386628911972	19.664158833116574	20.809969873071793	29.92048466489966	0.0
55.0	29.83903879808258	18.203072581258777	20.74061520796298	31.21727341269567	0.0
56.0	27.385306965868512	19.21332632456633	21.094817741847777	32.30654896771738	0.0
57.0	29.275923943364646	18.513548153621134	20.147318264750673	32.063209638263544	0.0
58.0	28.394628107327353	20.051461563658034	20.149333249142636	31.404577079871977	0.0
59.0	29.14367371143361	20.25713673876159	19.61758940484623	30.98160014495857	0.0
60.0	29.578292830506076	19.337078217732557	19.964467941758322	31.120161010003045	0.0
61.0	30.66291513661472	19.14269148309789	19.354389245214325	30.840004135073062	0.0
62.0	29.682678449070245	19.402688845308695	19.739621482409092	31.175011223211964	0.0
63.0	30.865112181252062	19.10785619174434	20.381846760710033	29.64518486629356	0.0
64.0	30.238823738265058	18.947692693267616	19.915205563851675	30.89827800461566	0.0
65.0	28.40287361651293	19.927668650414844	20.126770781625876	31.542686951446353	0.0
66.0	29.67576037606975	18.77593658701779	18.864903026580876	32.68340001033159	0.0
67.0	29.536705244298094	19.249067841751007	20.170330734589122	31.043896179361774	0.0
68.0	29.03107095497027	18.153381512242476	20.7585957476508	32.05695178513645	0.0
69.0	28.730612759574992	18.97941982625316	20.525089760351474	31.764877653820374	0.0
70.0	29.27892289541259	20.031230480949407	19.927128877784718	30.762717745853287	0.0
71.0	30.74819569869075	18.886591955898886	19.31962427011932	31.045588075291047	0.0
72.0	27.718356674010657	20.142864766377226	20.354036272708562	31.784742286903555	0.0
73.0	29.61444136211957	19.306878945040808	19.716158083061956	31.362521609777673	0.0
74.0	28.742087599303286	19.371256213093165	20.086664684141212	31.799991503462337	0.0
75.0	29.178414995300667	19.3718855845791	19.88260538029118	31.56709403982905	0.0
76.0	28.82511797921384	19.55136073906362	20.015094065122707	31.608427216599832	0.0
77.0	29.47364542456567	19.30212421009967	19.403452532286888	31.82077783304777	0.0
78.0	29.15082028337062	19.404362416107382	20.136092468307236	31.308724832214764	0.0
79.0	30.047243798664404	19.08724605284167	19.76349923451897	31.102010913974958	0.0
80.0	30.089737191498976	18.629177299221272	19.331632124596275	31.949453384683473	0.0
81.0	29.89977728285078	18.59405080970896	20.104941300819146	31.401230606621116	0.0
82.0	29.506260335459483	19.25442948263643	20.019844082211197	31.219466099692887	0.0
83.0	29.67195126565515	18.91766620000757	19.718869423739076	31.69151311059821	0.0
84.0	29.922668458764402	18.773485787844653	19.855370140749084	31.448475612641865	0.0
85.0	30.15639949603554	19.080549056013943	19.822286217708857	30.940765230241656	0.0
86.0	30.03463491009157	18.875551549081937	19.974379655548702	31.115433885277792	0.0
87.0	29.383049044561787	19.12301029517912	20.124036014132127	31.36990464612696	0.0
88.0	29.638538180711894	19.30521752357773	20.340546090660176	30.715698205050195	0.0
89.0	30.181894288214924	18.933368849651814	19.33673275238784	31.548004109745424	0.0
90.0	29.896897392895262	18.661381308126238	19.680019820094525	31.761701478883975	0.0
91.0	30.09697628515033	18.90799172316465	19.57643199740634	31.418599994278683	0.0
92.0	30.222082247735756	18.890829444269478	18.985312222635784	31.901776085358986	0.0
93.0	29.933720441609047	19.313710509225658	19.600221568552545	31.152347480612754	0.0
94.0	29.681556664181812	19.300609744442532	19.32450255175182	31.693331039623835	0.0
95.0	29.806873726600536	19.384368154730588	19.216016376036656	31.592741742632217	0.0
96.0	29.653422690282433	18.972714217328864	19.69267592149354	31.681187170895164	0.0
97.0	29.401000249104182	19.467491904114052	19.528809856860903	31.602697989920863	0.0
98.0	29.24422451739118	19.343671183482456	19.38970242718912	32.02240187193725	0.0
99.0	29.572152481861107	18.898038312411224	19.64086913125264	31.888940074475023	0.0
100.0	29.705839872899713	18.93986808531125	19.970150690867076	31.384141350921958	0.0
101.0	29.74907970125315	19.319027236978133	19.251393733272785	31.680499328495927	0.0
102.0	29.806741747271705	18.943960921901954	19.98391129892031	31.26538603190603	0.0
103.0	29.86144197578881	19.525499538139922	19.667460741893137	30.945597744178134	0.0
104.0	30.11068311473012	19.53386318201765	19.180847432834366	31.174606270417865	0.0
105.0	29.758516475455533	19.22576606711462	20.340756824428077	30.674960633001767	0.0
106.0	29.91775928397582	19.442372615215515	19.63374420978252	31.006123891026142	0.0
107.0	29.837653707185964	18.909552735471042	19.889143768521162	31.363649788821835	0.0
108.0	29.886579196964906	19.057263673727473	20.174675940562757	30.881481188744864	0.0
109.0	29.790650648269303	19.152690218468738	20.190515839974623	30.86614329328734	0.0
110.0	29.421129086820685	19.20780848904543	19.64658826338726	31.724474160746624	0.0
111.0	29.39931726987803	19.03060307827441	20.27129539057353	31.298784261274033	0.0
112.0	29.663299326198178	19.223876412931386	20.436319219871645	30.676505040998787	0.0
113.0	29.568930868167204	19.251406752411576	19.690514469453376	31.489147909967848	0.0
114.0	30.193511954581666	19.52867385319713	19.54077465285831	30.737039539362893	0.0
115.0	29.519010906736277	19.74443027985188	19.699912988931384	31.036645824480463	0.0
116.0	29.727478644198634	19.20549308793207	19.37918355323968	31.687844714629616	0.0
117.0	29.407624992350527	18.880933439405993	20.37207025273851	31.339371315504966	0.0
118.0	30.20943212658098	18.31225357161145	19.970300578626656	31.508013723180913	0.0
119.0	29.980977841756207	18.352783918564597	19.90129042208627	31.764947817592926	0.0
120.0	29.750043879120764	18.79884778591119	20.33926303726112	31.11184529770693	0.0
121.0	29.600033166464556	19.36196013805541	19.779650301089312	31.258356394390724	0.0
122.0	29.52449357733225	19.010888347594364	19.37938500614161	32.08523306893178	0.0
123.0	29.486469254005915	19.4092253660984	19.632908613895538	31.471396766000147	0.0
124.0	29.667768855298377	18.994384086495565	19.784810790951557	31.5530362672545	0.0
125.0	29.36821010441937	19.65826389621348	19.234257989663536	31.73926800970362	0.0
126.0	29.740151057721846	19.22966917723329	19.734960434741158	31.295219330303702	0.0
127.0	29.71425530782738	19.788219017719364	19.693502900015964	30.80402277443729	0.0
128.0	30.0849179696691	19.584607815875597	18.73115013582597	31.59932407862933	0.0
129.0	29.632853979923045	19.309559123836546	19.80718385245373	31.25040304378668	0.0
130.0	29.9897413746558	19.587495275633067	19.532422655364183	30.890340694346957	0.0
131.0	30.082933501226634	19.748811358850222	18.804411541217082	31.363843598706065	0.0
132.0	29.52178417580021	19.424177981351217	19.4296308413763	31.62440700147227	0.0
133.0	29.996712689020384	19.21104536489152	19.15406530791146	31.638176638176642	0.0
134.0	29.853735844072943	19.520596942649924	19.063865379747533	31.5618018335296	0.0
135.0	29.838861301275177	19.028080381335783	19.725942556321126	31.407115761067917	0.0
136.0	30.30878596023548	18.929245806953237	19.246917694101967	31.51505053870932	0.0
137.0	30.230248105447604	19.567182669449437	19.063828837375418	31.13874038772754	0.0
138.0	29.52774882021275	19.610810326080866	19.920189214334556	30.941251639371824	0.0
139.0	29.5813199067347	19.7625564604242	18.45706754975839	32.19905608308271	0.0
140.0	31.324591797450008	18.460266775369703	17.624612179269423	32.590529247910865	0.0
141.0	33.50250341374601	18.34319526627219	18.301092398725537	29.853208921256257	0.0
142.0	33.68594398636826	18.924327847855174	17.872213899340142	29.51751426643642	0.0
143.0	34.03866278735467	19.728141495221777	16.857757282334948	29.375438435088608	0.0
144.0	28.795708393196463	23.91667052880382	19.33772072113825	27.949900356861473	0.0
145.0	28.637760007504166	24.619515512510844	21.09021410313533	25.65251037684966	0.0
146.0	27.713768805941726	24.6833936393068	22.545705579889542	25.057131974861928	0.0
147.0	28.06107467945581	25.507732211020844	23.40951355583831	23.021679553685033	0.0
148.0	27.674662707047954	27.745065410511767	20.981285681370167	23.598986201070122	0.0
149.0	22.531774761988295	29.250322930454338	21.91780821917808	26.30009408837929	0.0
