# Position (bp)	A	C	G	T	N
0.0	30.62310506121938	20.002504225881175	26.32746330861901	23.04692740428044	0.0
1.0	23.648835982148448	20.545384622264358	12.789439321712534	43.016340073874666	0.0
2.0	26.669707376404094	26.945159905559134	13.887994562495528	32.49713815554124	0.0
3.0	26.50225338007011	23.01935045425281	16.23953787824594	34.23885828743114	0.0
4.0	29.164393973264186	19.389278848303306	10.612062413376849	40.834264765055664	0.0
5.0	36.90751884405261	19.360866960541493	23.2021030230957	20.529511172310198	0.0
6.0	29.968617844019064	20.20975082031704	19.270968376442816	30.550662959221082	0.0
7.0	36.11183134102836	21.26297531449212	19.5847899362522	23.040403408227313	0.0
8.0	23.53751106422166	21.44179101808721	28.032043774084244	26.988654143606894	0.0
9.0	23.768183321859325	21.708226416443893	16.20070274571513	38.32288751598165	0.0
10.0	22.76592130320885	17.243198297674503	28.47550671900006	31.51537368011659	0.0
11.0	20.98581097391973	31.93112019097517	20.460092805350165	26.622976029754934	0.0
12.0	25.08963137142704	26.85543644442855	23.97918585210153	24.07574633204288	0.0
13.0	24.696236823517843	26.95467915992382	17.354958112421436	30.994125904136897	0.0
14.0	24.852700564163545	24.1660482623584	18.64243117830608	32.338819995171974	0.0
15.0	26.656951013438	22.33318730050873	23.70291559004712	27.30694609600615	0.0
16.0	23.5688038123508	22.082845315475605	15.043765143454898	39.30458572871869	0.0
17.0	27.740574177224243	23.921964826951104	16.20606721682298	32.13139377900167	0.0
18.0	31.86674653768094	21.277280570779723	21.71269680903377	25.143276082505565	0.0
19.0	24.007796364676746	16.937423444526896	30.679410265809544	28.37536992498681	0.0
20.0	20.454728334242315	18.379572094021295	19.788639838350605	41.377059733385785	0.0
21.0	25.124500433628082	22.84549429130866	14.669146244423183	37.36085903064007	0.0
22.0	28.19118975028387	27.538512432161795	20.387672445394152	23.88262537216018	0.0
23.0	23.242465153289764	23.95951612470607	21.296950298175187	31.501068423828983	0.0
24.0	35.50296387028709	17.564172485627687	19.992489740449006	26.940373903636218	0.0
25.0	21.11545235902617	29.768344255992563	16.537770346991874	32.5784330379894	0.0
26.0	28.325301527980184	19.279909161622573	23.3721065383962	29.022682772001033	0.0
27.0	31.332981662449594	25.982815810884514	21.583949502445304	21.100253024220585	0.0
28.0	30.43264459484832	25.03866889590244	12.33649539102524	32.192191118224	0.0
29.0	37.83382656664908	21.308573318908866	15.016942787915635	25.84065732652642	0.0
30.0	25.731486624500548	19.90826181218756	13.770582860009675	40.589668703302216	0.0
31.0	29.100063723422398	25.76490544700635	14.806271820784605	30.328759008786655	0.0
32.0	35.04769130717537	13.498085121757352	25.22761760242792	26.226605968639355	0.0
33.0	23.87271807605647	18.29861590104382	23.31631949234377	34.51234653055594	0.0
34.0	28.31493549674159	18.0105637147797	20.98208348374594	32.69241730473277	0.0
35.0	28.25970945745627	19.762822413281945	19.412985472872812	32.56448265638897	0.0
