# Position (bp)	A	C	G	T	N
0.0	25.815543288342717	23.888696398292662	24.011112177705854	26.284648135658767	0.0
1.0	26.161271047679396	19.760507823609768	15.424621666714044	38.6535994619968	0.0
2.0	28.486912133505136	18.801086289074387	18.45660226265369	34.25539931476679	0.0
3.0	22.696664568047296	22.205804545043943	15.201051487928455	39.896479398980304	0.0
4.0	33.93807506524378	13.211630049212333	14.671034507655001	38.17926037788889	0.0
5.0	34.784943536064425	14.684383576533246	22.927860161902718	27.60281272549961	0.0
6.0	30.470792099792952	17.39307824083585	20.90223659149149	31.233893067879702	0.0
7.0	34.43077643869839	17.127915544267637	19.984994881874147	28.456313135159828	0.0
8.0	22.136487838978915	26.962361087038055	22.50154284836775	28.399608225615275	0.0
9.0	27.703175323977575	18.3860042622001	15.653738853032046	38.25708156079028	0.0
10.0	25.77965476700691	16.235060239360042	25.47918187386122	32.50610311977183	0.0
11.0	27.95115637806036	17.658501681179803	19.321278462413165	35.06906347834667	0.0
12.0	26.177357641789378	19.285035077585682	21.273302431078903	33.264304849546036	0.0
13.0	26.015682777475636	20.63242167702986	18.62774118902181	34.724154356472695	0.0
14.0	30.364820339990672	18.20362085275017	20.55834299800723	30.87321580925193	0.0
15.0	29.706854006952526	18.07964404906539	19.810571019262515	32.40293092471956	0.0
16.0	29.384259062939016	17.648662034484875	18.574933712756696	34.39214518981941	0.0
17.0	29.939300221344016	17.795790140783797	19.802680089207307	32.46222954866487	0.0
18.0	30.433835100421348	17.429253008880245	18.62264982371662	33.51426206698178	0.0
19.0	29.63309096513211	18.06585207566455	19.791111299578542	32.5099456596248	0.0
20.0	29.72330831153721	17.438557444667083	19.860263293575397	32.97787095022031	0.0
21.0	28.827529931670036	18.190034729698592	19.426852244873537	33.55558309375783	0.0
22.0	29.542173727539495	18.796167944791485	22.460057141312284	29.201601186356736	0.0
23.0	29.697302550746574	20.166884250485843	20.87683465839203	29.25897854037556	0.0
24.0	32.05457724033454	19.419469079013187	18.151376034106384	30.37457764654589	0.0
25.0	29.059152744664463	20.992659788245863	19.213879473522635	30.73430799356704	0.0
26.0	32.1418989584933	16.557119972465458	21.41765841934104	29.883322649700204	0.0
27.0	26.05491785404579	20.94670026693301	25.03460001287251	27.96378186614869	0.0
28.0	26.052969137406066	19.447766640358992	18.34294036913359	36.15632385310135	0.0
29.0	27.89332615327315	19.552914998764212	17.242491848669253	35.31126699929338	0.0
30.0	26.190679434474262	19.031901511768133	16.435177643992823	38.34224140976478	0.0
31.0	34.00655890973303	14.048727665888563	17.820431908952354	34.12428151542605	0.0
32.0	34.063821297479244	15.404612231512907	22.463629479829297	28.067936991178556	0.0
33.0	30.67027543609891	17.658418522063304	20.853989037974074	30.81731700386371	0.0
34.0	33.076581633589264	16.311947249232997	21.472953645935302	29.13851747124244	0.0
35.0	25.810016172159102	20.35963338962317	25.472782174652327	28.3575682635654	0.0
