# Position (bp)	A	C	G	T	N
0.0	24.14649286157666	19.894475481067662	23.68094351334575	32.27808814400993	0.0
1.0	23.370577281191807	21.477343265052763	34.63687150837989	20.515207945375543	0.0
2.0	31.674907292954263	21.044499381953027	16.9344870210136	30.34610630407911	0.0
3.0	20.523882896764253	20.70878274268105	29.121725731895225	29.645608628659474	0.0
4.0	21.2326656394453	18.613251155624035	22.342064714946073	37.81201848998459	0.0
5.0	37.46149106592729	17.159581022797287	18.391866913123845	26.98706099815157	0.0
6.0	23.929781336618415	15.368032029565754	26.054819833692637	34.647366800123194	0.0
7.0	27.409916846319682	12.534647366800122	24.299353249153064	35.75608253772714	0.0
8.0	26.400000000000002	18.4	14.153846153846153	41.04615384615385	0.0
9.0	29.56923076923077	12.184615384615384	19.138461538461538	39.10769230769231	0.0
10.0	21.709717097170973	15.621156211562115	29.612546125461254	33.05658056580566	0.0
11.0	20.534890869966187	15.862280971411005	24.62342453120197	38.979403627420844	0.0
12.0	37.70743700061463	16.318377381684083	14.351567301782422	31.62261831591887	0.0
13.0	31.551459293394778	13.056835637480798	19.447004608294932	35.944700460829495	0.0
14.0	20.571077678845565	16.05772182990482	20.90881178999079	42.46238870125883	0.0
15.0	21.21584280012281	14.921707092416334	23.211544365980963	40.65090574147989	0.0
16.0	23.69551872314303	11.755678330263967	30.079803560466544	34.468999386126455	0.0
17.0	36.69527896995708	17.995095033721643	17.443286327406497	27.866339668914776	0.0
18.0	29.79767014101778	13.948497854077251	22.68546903740037	33.5683629675046	0.0
19.0	30.962599632127528	21.305947271612506	16.830165542611894	30.90128755364807	0.0
20.0	22.617223414036165	16.150781489426908	25.83512105424456	35.39687404229237	0.0
21.0	23.56726938400245	11.492491572172847	36.89855960772295	28.041679436101745	0.0
22.0	29.932598039215684	14.705882352941178	19.362745098039216	35.99877450980392	0.0
23.0	24.21084891204413	19.889672080907143	18.418633159669014	37.48084584737971	0.0
24.0	23.206621704475783	18.36296750459841	24.616799509503373	33.81361128142244	0.0
25.0	33.38442673206622	16.33966891477621	19.527896995708154	30.74800735744942	0.0
26.0	32.03556100551809	14.347026364193747	19.405272838749234	34.21213979153893	0.0
27.0	43.439607602697734	16.983445738810545	13.85652973635806	25.72041692213366	0.0
28.0	28.26486817903127	16.584917228694053	22.256284488044145	32.893930104230535	0.0
29.0	35.438381361128144	15.511955855303494	13.703249540159412	35.34641324340895	0.0
30.0	31.405721316517994	20.639803137496155	14.826207320824361	33.12826822516149	0.0
31.0	33.92857142857143	19.21182266009852	16.625615763546797	30.233990147783253	0.0
32.0	27.132737911918692	18.755774561133354	23.806590699106867	30.304896827841084	0.0
33.0	30.828457037265167	22.051124114567294	17.09270095472744	30.027717893440098	0.0
34.0	32.53234750462107	25.41589648798521	14.94146642020949	27.110289587184226	0.0
35.0	24.045566502463053	16.410098522167488	15.794334975369459	43.75	0.0
36.0	27.563905143209116	19.43332306744687	23.43701878657222	29.56575300277179	0.0
37.0	29.217980295566505	23.30665024630542	13.608374384236452	33.86699507389162	0.0
38.0	35.28145186096586	14.549369424792372	17.133189787757612	33.03598892648416	0.0
39.0	46.46805896805897	18.857493857493857	12.653562653562652	22.020884520884522	0.0
40.0	29.224164366758664	27.32290708371665	16.436675866298682	27.016252683226007	0.0
41.0	31.516079632465544	24.777947932618684	16.814701378254213	26.891271056661566	0.0
42.0	23.08162641394069	20.544176092937942	26.53622745337817	29.8379700397432	0.0
43.0	27.925450656889705	21.998166819431713	22.85365108463184	27.222731439046743	0.0
44.0	27.120195241000612	20.195241000610128	17.20561317876754	35.478950579621724	0.0
45.0	35.59890277354465	13.684852179213655	14.964949710454128	35.751295336787564	0.0
46.0	31.63669612922889	15.117342273697043	14.660164583968301	38.58579701310576	0.0
47.0	34.72433749619251	15.504112092598232	18.336886993603414	31.434663417605847	0.0
48.0	28.319123020706456	17.570036540803898	25.334957369062117	28.775883069427525	0.0
49.0	34.073623364770306	18.071189534529967	18.77091572862793	29.084271372071797	0.0
50.0	36.68693009118541	15.106382978723405	19.696048632218847	28.510638297872344	0.0
51.0	27.247873633049817	20.473876063183475	18.408262454434993	33.869987849331714	0.0
52.0	33.56622114216282	15.340218712029161	23.39003645200486	27.703523693803163	0.0
53.0	32.64500455511691	15.66960218645612	20.801700576981478	30.883692681445492	0.0
54.0	40.145763741269356	15.699969632553904	16.975402368660795	27.178864257515944	0.0
55.0	31.70361372608564	11.600364409353174	27.482538718493778	29.213483146067414	0.0
56.0	31.663630843958714	15.179113539769276	24.650880388585307	28.506375227686704	0.0
57.0	25.02277558457334	15.66960218645612	19.40479805648345	39.902824172487094	0.0
58.0	27.15674362089915	11.117861482381532	15.400972053462942	46.32442284325638	0.0
59.0	25.5771567436209	22.44835965978129	18.833535844471445	33.140947752126365	0.0
60.0	25.493770890306898	13.552111820115467	30.051656031601336	30.9024612579763	0.0
61.0	30.48891588217431	13.999392651078043	19.04038870331005	36.4713027634376	0.0
62.0	25.599757060431216	27.178864257515944	20.133616762830243	27.08776191922259	0.0
63.0	41.14788946249621	11.509262071059824	16.793197692074095	30.549650774369873	0.0
64.0	29.668994837534164	19.70847251746128	22.016398420892802	28.606134224111752	0.0
65.0	28.01580066848982	16.590701914311758	16.590701914311758	38.80279550288666	0.0
66.0	38.669501822600246	13.304981773997572	21.172539489671934	26.852976913730252	0.0
67.0	28.462940461725395	11.634264884568651	37.0595382746051	22.84325637910085	0.0
68.0	35.692588092345076	14.125151883353585	26.215066828675575	23.96719319562576	0.0
69.0	24.650880388585307	20.097146326654524	34.820886460230724	20.431086824529448	0.0
70.0	28.02915274825387	21.25721226844822	15.608867294260554	35.10476768903735	0.0
71.0	32.79684178560583	14.211964773762526	24.84057090798664	28.150622532645002	0.0
72.0	30.337078651685395	21.13574248405709	16.368053446705133	32.15912541755238	0.0
73.0	24.87093835408442	15.305192833282721	22.684482235044033	37.13938657758882	0.0
74.0	41.17825690859399	17.279076829638626	11.87367142423322	29.668994837534164	0.0
75.0	24.020649863346495	18.64561190403887	17.339811721834195	39.99392651078044	0.0
76.0	33.70786516853933	20.983905253568174	17.248709383540845	28.059520194351656	0.0
77.0	25.842696629213485	14.849681141815974	26.510780443364713	32.79684178560583	0.0
78.0	35.297691373025515	19.957472660996356	20.048602673147023	24.696233292831103	0.0
79.0	33.667578243694926	14.767547857793984	12.15436037678517	39.41051352172592	0.0
80.0	34.609541172895774	26.46611972044971	16.226071103008206	22.69826800364631	0.0
81.0	37.3746581586144	20.23701002734731	13.157095107869948	29.23123670616834	0.0
82.0	23.54907323002127	20.81434214524461	16.347614706776056	39.28896991795806	0.0
83.0	32.3002127013066	20.085080522637497	13.36979641446369	34.244910361592225	0.0
84.0	33.69796414463689	21.756305074445457	11.607414159829839	32.938316621087814	0.0
85.0	45.97386812518991	16.40838650865998	17.07687632938317	20.54086903676694	0.0
86.0	30.528554070473874	23.35965978128797	19.349939246658565	26.761846901579588	0.0
87.0	37.868205283935616	16.489523231096264	15.97327664743395	29.668994837534164	0.0
88.0	37.88706739526412	12.537947783849424	14.116575591985429	35.45840922890103	0.0
89.0	35.04403279684178	15.79107197084725	25.14424536896447	24.020649863346495	0.0
90.0	31.976920740965685	17.49164895232311	18.190100212572123	32.34133009413908	0.0
91.0	32.03765563316125	22.198603097479502	24.445794108715457	21.31794716064379	0.0
92.0	30.215608867294257	13.543880959611295	18.34193744306104	37.8985727300334	0.0
93.0	32.40206498633465	22.47191011235955	23.13999392651078	21.98603097479502	0.0
94.0	25.75159429092013	27.60400850288491	24.111752201639842	22.532645004555114	0.0
95.0	26.510780443364713	24.96204069237777	18.15973276647434	30.367446097783173	0.0
96.0	34.406316428788344	16.307318554509564	13.817187974491347	35.469177042210745	0.0
97.0	35.1958700273307	10.598238688126328	22.441542666261768	31.7643486182812	0.0
98.0	28.757971454600668	10.537503795930762	22.65411478894625	38.050409960522316	0.0
99.0	29.82989064398542	15.552855407047387	27.369380315917375	27.247873633049817	0.0
100.0	36.99878493317132	16.950182260024302	15.097205346294047	30.95382746051033	0.0
101.0	29.474323913704044	18.505013673655423	14.61561835308417	37.40504405955637	0.0
102.0	34.13373860182371	11.854103343465045	21.793313069908816	32.21884498480243	0.0
103.0	25.20522955305564	15.962298570994223	25.99574338704774	32.8367284889024	0.0
104.0	30.647613256308908	13.225904530252356	13.0130738826391	43.113408330799636	0.0
105.0	37.74733637747336	14.520547945205479	19.391171993911723	28.340943683409435	0.0
106.0	29.832572298325722	15.464231354642314	25.053272450532727	29.649923896499235	0.0
107.0	28.040231636696127	22.828405973788477	18.40902163974398	30.72234074977141	0.0
108.0	38.23619163869393	11.38236191638694	22.276472383277387	28.104974061641748	0.0
109.0	22.534351145038165	18.595419847328245	26.625954198473284	32.24427480916031	0.0
110.0	23.02048303271171	21.767043717517577	18.893304799755427	36.31916845001529	0.0
111.0	28.226299694189606	18.990825688073397	12.599388379204893	40.18348623853211	0.0
112.0	29.512718357339875	15.691081826539993	20.441311676371438	34.354888139748695	0.0
113.0	28.5056765879104	18.073028536360848	26.72598956735195	26.695305308376803	0.0
114.0	24.068944290550938	13.29639889196676	21.60664819944598	41.028008618036324	0.0
115.0	31.387086808773557	28.699413036762433	15.539079394501082	24.374420759962927	0.0
116.0	22.448979591836736	21.366728509585652	15.83178726035869	40.352504638218925	0.0
117.0	29.349845201238388	14.98452012383901	23.219814241486066	32.44582043343654	0.0
118.0	27.805331680099194	10.911345319280844	20.64476131432114	40.63856168629882	0.0
119.0	29.333333333333332	15.937984496124031	27.100775193798448	27.62790697674419	0.0
120.0	35.47486033519553	14.400993171942892	20.85661080074488	29.2675356921167	0.0
121.0	36.222429325877606	15.65703634669152	21.435228331780056	26.685305995650822	0.0
122.0	33.44731115946534	13.055641902393534	21.32421510724277	32.17283183089835	0.0
123.0	36.940298507462686	14.738805970149254	19.620646766169152	28.700248756218905	0.0
124.0	34.11069651741293	20.491293532338307	14.55223880597015	30.845771144278604	0.0
125.0	42.57703081232493	15.686274509803921	22.471210706504824	19.265483971366322	0.0
126.0	27.86425902864259	26.58779576587796	21.88667496886675	23.6612702366127	0.0
127.0	34.797507788161994	18.193146417445483	24.143302180685357	22.866043613707166	0.0
128.0	28.16593886462882	21.210230817217717	13.194011228945726	37.42981908920773	0.0
129.0	26.810237203495628	17.290886392009988	29.49438202247191	26.40449438202247	0.0
130.0	23.852638151732748	26.44395878863565	18.201685919450515	31.50171714018108	0.0
131.0	29.990627928772255	17.931896282411746	27.553889409559513	24.523586379256482	0.0
132.0	26.25	15.75	22.59375	35.40625	0.0
133.0	35.12668126368471	15.045355020331561	15.451986237097278	34.375977478886455	0.0
134.0	30.73308270676692	20.112781954887218	25.0	24.154135338345863	0.0
135.0	35.0392464678179	26.059654631083202	20.125588697017267	18.775510204081634	0.0
136.0	44.32924913603519	13.666352497643732	13.949104618284638	28.05529374803644	0.0
137.0	37.70853005980484	17.091595845136922	19.38936103242052	25.810513062637707	0.0
138.0	39.30708661417322	14.708661417322835	21.03937007874016	24.944881889763778	0.0
139.0	31.967213114754102	24.495586380832282	13.083228247162673	30.453972257250943	0.0
140.0	35.62421185372005	16.992433795712483	16.29886506935687	31.084489281210594	0.0
141.0	27.83212369832755	26.349005995582203	16.53518460082045	29.283685705269804	0.0
142.0	32.78481012658228	19.968354430379748	15.822784810126583	31.424050632911392	0.0
143.0	33.11153358681876	19.20152091254753	20.56400506970849	27.122940430925226	0.0
144.0	27.203551046290425	18.611287254280278	26.66455294863665	27.520608750792647	0.0
145.0	24.0	21.714285714285715	23.206349206349206	31.07936507936508	0.0
146.0	21.92870782940802	20.814767663908338	27.37110120942075	29.885423297262893	0.0
147.0	23.668261562998406	26.475279106858054	14.385964912280702	35.47049441786284	0.0
148.0	33.652312599681025	14.22647527910686	14.098883572567782	38.02232854864434	0.0
149.0	33.29077561442706	14.618576444302587	15.608043408873284	36.48260453239706	0.0
150.0	26.67946257197697	12.76391554702495	21.721049264235447	38.83557261676264	0.0
151.0	40.50592379122639	15.273775216138327	16.202369516490553	28.01793147614473	0.0
152.0	37.07145145786607	16.693367510413328	18.840115347644986	27.395065684075615	0.0
153.0	39.57065043255367	12.816404998397948	16.725408522909323	30.887536046139058	0.0
154.0	30.97146521320936	11.41391471625521	24.783584482205836	32.83103558832959	0.0
155.0	42.15088282504013	16.53290529695024	18.234349919743178	23.081861958266455	0.0
156.0	33.6981010621178	21.918249114901833	21.532024460894753	22.851625362085613	0.0
157.0	32.96844816484224	15.872504829362525	23.76046361880232	27.398583386992918	0.0
158.0	39.303000968054214	12.423362374959664	19.26427879961278	29.009357857373345	0.0
159.0	23.265569538560825	13.875443691513393	31.687641174572445	31.17134559535334	0.0
160.0	28.70999030067895	19.043000323310704	27.998706757193663	24.248302618816684	0.0
161.0	28.506640751538708	16.42371234207969	13.86459345643019	41.20505344995141	0.0
162.0	29.957805907172997	12.041544952937357	18.370658876987992	39.62999026290166	0.0
163.0	20.5078125	15.72265625	20.865885416666664	42.90364583333333	0.0
164.0	23.57352461688947	18.519726116726442	16.62862732311705	41.27812194326704	0.0
165.0	26.827676240208874	16.546997389033944	20.92036553524804	35.704960835509134	0.0
166.0	35.674616138516825	21.659588369813786	13.655668082326036	29.01012740934335	0.0
167.0	29.178933595027807	17.042852469741575	16.02878639188747	37.749427543343145	0.0
168.0	32.01309328968903	23.404255319148938	17.152209492635023	27.430441898527004	0.0
169.0	31.84650705149229	13.348638897999344	13.283043620859297	41.521810429649065	0.0
170.0	30.55190538764783	13.600525624178712	18.988173455978973	36.85939553219448	0.0
171.0	25.861503117820806	12.668198227765014	18.214637348211355	43.255661306202825	0.0
172.0	29.944060546232315	19.052319842053304	20.56597564988483	30.437643961829547	0.0
173.0	35.5893034004622	23.6381644106966	16.077913502806208	24.694618686034993	0.0
174.0	37.235449735449734	15.707671957671957	15.443121693121691	31.613756613756617	0.0
175.0	31.73076923076923	23.20954907161804	16.876657824933687	28.183023872679048	0.0
176.0	34.76095617529881	12.649402390438247	19.555112881806107	33.03452855245684	0.0
177.0	27.136681077485864	28.10109743930828	19.886930495510473	24.87529098769538	0.0
178.0	32.5	11.700000000000001	25.4	30.4	0.0
179.0	33.7891927951968	14.076050700466977	21.280853902601734	30.85390260173449	0.0
180.0	29.68280467445743	15.425709515859767	24.641068447412355	30.250417362270447	0.0
181.0	29.561432875795113	16.43789755607633	23.73619015734851	30.264479410780048	0.0
182.0	32.40616621983914	15.080428954423592	18.766756032171582	33.74664879356568	0.0
183.0	30.993955674949632	21.390194761584958	18.099395567494962	29.516453995970448	0.0
184.0	26.76529926025555	21.99058507061197	19.06523201075992	32.17888365837256	0.0
185.0	35.33378287255563	11.29467296021578	24.679703304113286	28.69184086311531	0.0
186.0	31.00303951367781	14.083080040526848	17.865585950692335	37.04829449510301	0.0
187.0	24.238320920785377	13.134732566012186	17.23087339201083	45.396073121191606	0.0
188.0	36.999321113374066	12.050237610319076	14.52817379497624	36.422267481330614	0.0
189.0	37.920489296636084	16.51376146788991	13.625552157662248	31.940197077811757	0.0
190.0	26.54173764906303	15.26405451448041	24.258943781942076	33.93526405451448	0.0
191.0	26.6051912568306	29.26912568306011	16.83743169398907	27.28825136612022	0.0
192.0	37.54277891854894	13.620807665982204	18.44626967830253	30.390143737166326	0.0
193.0	29.041095890410958	11.883561643835616	18.39041095890411	40.68493150684932	0.0
194.0	24.442155853072435	16.855475454857537	30.62135255750086	28.08101613456917	0.0
195.0	26.90721649484536	18.79725085910653	23.264604810996563	31.030927835051546	0.0
196.0	39.54451345755693	14.906832298136646	16.080055210489995	29.468599033816425	0.0
197.0	29.030031066620644	23.783224024853297	20.26234035208837	26.924404556437693	0.0
198.0	34.77508650519031	13.702422145328718	22.768166089965398	28.75432525951557	0.0
199.0	33.737864077669904	29.195561719833563	13.938973647711512	23.127600554785023	0.0
200.0	30.2713987473904	16.52748782185108	13.778705636743215	39.42240779401531	0.0
201.0	35.00522466039707	17.72901428073842	25.00870776732846	22.25705329153605	0.0
202.0	28.56145251396648	23.84776536312849	21.19413407821229	26.39664804469274	0.0
203.0	35.78689099193831	22.502628811777075	17.350157728706623	24.360322467577987	0.0
204.0	39.41733941733942	22.604422604422606	16.25131625131625	21.726921726921727	0.0
205.0	23.044397463002113	19.696969696969695	23.749119097956306	33.50951374207188	0.0
206.0	31.95182430038966	9.599716613531704	17.392844491675522	41.05561459440312	0.0
207.0	27.53108348134991	18.969804618117227	14.777975133214921	38.72113676731794	0.0
208.0	26.100966702470462	20.0859291084855	14.751163623344073	39.06194056569996	0.0
209.0	37.06896551724138	11.350574712643677	20.36637931034483	31.214080459770116	0.0
210.0	26.144969347277318	11.071042192571221	18.39163360980887	44.39235485034259	0.0
211.0	27.833935018050543	21.87725631768953	19.927797833935017	30.361010830324908	0.0
212.0	31.41304347826087	13.478260869565217	17.681159420289855	37.427536231884055	0.0
213.0	30.56261343012704	23.049001814882033	20.61705989110708	25.771324863883848	0.0
214.0	28.195763330898465	19.50328707085464	19.868517165814463	32.432432432432435	0.0
215.0	32.294721407624635	16.055718475073313	24.560117302052788	27.089442815249264	0.0
216.0	27.409860191317144	22.001471670345843	16.629874908020604	33.95879323031641	0.0
217.0	25.85059171597633	20.710059171597635	21.190828402366865	32.24852071005917	0.0
218.0	31.180400890868597	14.142538975501115	19.265033407572382	35.4120267260579	0.0
219.0	26.078869047619047	28.311011904761905	19.047619047619047	26.5625	0.0
220.0	37.25270623366928	16.94662187383352	20.007465472191114	25.793206420306085	0.0
221.0	38.47305389221557	14.296407185628743	16.20508982035928	31.02544910179641	0.0
222.0	28.350903614457827	15.323795180722891	29.028614457831324	27.29668674698795	0.0
223.0	32.55287009063444	14.954682779456194	25.151057401812686	27.341389728096676	0.0
224.0	40.28722600151172	15.192743764172336	21.693121693121693	22.826908541194253	0.0
225.0	41.75824175824176	15.57408109132247	23.796892762410003	18.87078438802577	0.0
226.0	27.3315569090217	14.9600304529882	19.22344880091359	38.48496383707651	0.0
227.0	27.835051546391753	17.793050782741503	25.085910652920962	29.28598701794578	0.0
228.0	40.24530471444998	15.753162131084707	18.78114220007666	25.220390954388655	0.0
229.0	31.712962962962965	11.419753086419753	17.438271604938272	39.42901234567901	0.0
230.0	35.95201238390093	13.854489164086687	21.942724458204335	28.25077399380805	0.0
231.0	33.50174893120871	23.39681305868636	24.057520404197437	19.043917605907502	0.0
232.0	30.15996878657823	13.382754584471323	16.30901287553648	40.148263753413964	0.0
233.0	32.470588235294116	19.333333333333332	22.0	26.19607843137255	0.0
234.0	29.02208201892745	14.11671924290221	24.684542586750787	32.17665615141956	0.0
235.0	22.829964328180736	18.747522790328976	19.223147047166073	39.19936583432422	0.0
236.0	34.79299363057325	17.31687898089172	21.61624203821656	26.273885350318473	0.0
237.0	37.88968824940048	15.387689848121502	13.74900079936051	32.97362110311751	0.0
238.0	25.983935742971887	22.329317269076306	24.056224899598394	27.630522088353416	0.0
239.0	38.25422365245374	13.234111021721642	17.49798873692679	31.013676588897827	0.0
240.0	35.760517799352755	12.014563106796118	21.197411003236247	31.027508090614887	0.0
241.0	30.48084759576202	15.036674816625917	23.268133659331703	31.214343928280357	0.0
242.0	36.657131181038004	13.445034736411934	19.90192071924806	29.995913363302	0.0
243.0	34.4302756067462	12.340600575894694	25.380501851090088	27.84862196626903	0.0
244.0	30.2190988011575	18.561389003720546	17.445225299710625	33.77428689541133	0.0
245.0	35.462463708004975	13.023641642472002	19.36955620074658	32.144338448776445	0.0
246.0	30.791666666666668	17.333333333333336	22.708333333333332	29.166666666666668	0.0
247.0	36.211232187761944	15.67476948868399	22.212908633696564	25.901089689857503	0.0
248.0	28.914141414141415	18.265993265993266	16.203703703703702	36.61616161616162	0.0
249.0	28.819297503173928	21.625052898857387	12.060939483707152	37.49471011426153	0.0
250.0	39.02854708138049	18.023008095440986	15.296122709842352	27.652322113336176	0.0
251.0	25.514579759862777	23.156089193825043	16.037735849056602	35.291595197255575	0.0
252.0	30.35019455252918	18.849978383052314	26.50237786424557	24.297449200172935	0.0
253.0	19.519650655021834	21.65938864628821	21.65938864628821	37.161572052401745	0.0
254.0	37.69264641127257	18.00968736239542	20.343461030383093	23.954205195948923	0.0
255.0	24.767390341160834	16.92512184315463	26.761187416925118	31.546300398759413	0.0
256.0	28.392857142857142	17.946428571428573	17.008928571428573	36.65178571428571	0.0
257.0	38.648648648648646	16.53153153153153	19.054054054054053	25.765765765765764	0.0
258.0	29.649840836743973	26.69395179627103	20.8731241473397	22.78308321964529	0.0
259.0	33.34858188472095	13.72369624885636	19.579139981701736	33.34858188472095	0.0
260.0	36.422314430613184	14.522821576763487	18.76440756108806	30.29045643153527	0.0
261.0	37.14020427112349	15.088207985143917	16.016713091922004	31.75487465181058	0.0
262.0	30.140186915887853	15.841121495327105	18.13084112149533	35.88785046728972	0.0
263.0	34.868421052631575	15.601503759398497	20.48872180451128	29.041353383458645	0.0
264.0	35.14921837991473	19.23259118900995	12.458550450023685	33.15963998105163	0.0
265.0	35.22944550669216	25.430210325047803	13.81453154875717	25.52581261950287	0.0
266.0	26.38420799229658	17.621569571497353	22.917669715936448	33.07655272026962	0.0
267.0	36.464891041162225	17.38498789346247	20.435835351089587	25.71428571428571	0.0
268.0	31.702544031311152	26.125244618395303	21.868884540117417	20.303326810176124	0.0
269.0	38.32512315270936	17.192118226600986	12.413793103448276	32.068965517241374	0.0
270.0	39.63384463137061	10.192973775358734	21.02919346857991	29.143988124690743	0.0
271.0	34.06483790523691	20.84788029925187	22.942643391521198	22.144638403990026	0.0
272.0	25.589563472152534	16.20672353236327	24.9372804816859	33.26643251379829	0.0
273.0	23.66412213740458	13.333333333333334	24.732824427480914	38.26972010178117	0.0
274.0	27.27272727272727	16.178736517719567	18.798151001540834	37.750385208012325	0.0
275.0	27.96257796257796	12.266112266112266	22.765072765072766	37.00623700623701	0.0
276.0	26.335078534031414	24.60732984293194	15.602094240837697	33.45549738219895	0.0
277.0	24.66983623877443	13.47068145800317	25.673534072900157	36.18594823032224	0.0
278.0	37.10792131844764	13.343965975544922	20.46783625730994	29.0802764486975	0.0
279.0	32.19140837411637	18.705818379554106	19.467101685698747	29.635671560630776	0.0
280.0	22.795341098169715	21.408763172490293	21.29783693843594	34.498058790904054	0.0
281.0	25.225225225225223	18.693693693693696	24.54954954954955	31.53153153153153	0.0
282.0	26.822323462414577	27.676537585421414	19.419134396355354	26.08200455580866	0.0
283.0	23.337155963302752	31.30733944954128	16.857798165137613	28.49770642201835	0.0
284.0	23.001158748551564	17.033603707995365	23.174971031286212	36.79026651216686	0.0
285.0	24.69208211143695	19.35483870967742	24.164222873900293	31.788856304985337	0.0
286.0	31.398104265402843	17.002369668246445	21.386255924170616	30.213270142180093	0.0
287.0	23.490735206216378	34.070531978481775	12.432755528989839	30.005977286312014	0.0
288.0	22.269161134580568	17.018708509354255	21.786360893180444	38.92576946288473	0.0
289.0	35.653235653235654	21.733821733821735	15.14041514041514	27.472527472527474	0.0
290.0	28.7569573283859	15.151515151515152	22.572665429808286	33.51886209029066	0.0
291.0	32.6875	15.75	12.375	39.1875	0.0
292.0	30.043997485857947	22.250157133878066	19.736015084852294	27.96983029541169	0.0
293.0	32.52858958068615	14.167725540025414	25.921219822109276	27.38246505717916	0.0
294.0	31.434058898847635	18.629961587708067	26.376440460947503	23.5595390524968	0.0
295.0	31.072351421188632	10.852713178294573	31.330749354005167	26.744186046511626	0.0
296.0	31.630648330058943	16.895874263261295	21.34905042567125	30.12442698100851	0.0
297.0	34.0710932260228	23.541247484909455	20.05365526492287	22.334004024144868	0.0
298.0	30.043227665706052	19.524495677233432	21.469740634005763	28.962536023054753	0.0
299.0	26.229508196721312	12.131147540983607	24.098360655737704	37.540983606557376	0.0
300.0	26.38888888888889	21.52777777777778	23.14814814814815	28.935185185185187	0.0
