# Position (bp)	A	C	G	T	N
0.0	23.156055900621116	25.873447204968947	36.878881987577635	14.091614906832298	0.0
1.0	20.593944099378884	21.8944099378882	15.644409937888199	41.86723602484472	0.0
2.0	24.61747046290916	22.235134611659888	18.671315126864226	34.47607979856672	0.0
3.0	16.802168021680217	25.377468060394893	12.07897793263647	45.741385985288424	0.0
4.0	35.87461300309597	10.874613003095975	11.66795665634675	41.5828173374613	0.0
5.0	39.972925933088376	12.18333011023013	24.75343260491201	23.090311351769483	0.0
6.0	32.276768457672986	17.027444916892154	22.187862388867412	28.50792423656745	0.0
7.0	40.25898724391187	16.930807885581757	20.31310398144569	22.49710088906069	0.0
8.0	19.636644762272905	32.50869733281794	22.92230382682644	24.93235407808272	0.0
9.0	28.734299516908212	18.29951690821256	13.70048309178744	39.265700483091784	0.0
10.0	24.579710144927535	16.28985507246377	29.71980676328502	29.41062801932367	0.0
11.0	27.536231884057973	17.91304347826087	19.7487922705314	34.80193236714976	0.0
12.0	23.32367149758454	20.695652173913043	23.574879227053138	32.405797101449274	0.0
13.0	23.93740340030912	24.053323029366304	18.48918083462133	33.520092735703244	0.0
14.0	31.027820710973725	18.798299845440493	19.74497681607419	30.42890262751159	0.0
15.0	30.583462132921174	18.276661514683155	20.343894899536323	30.79598145285935	0.0
16.0	31.504732470542784	17.191423604404097	19.219625265597838	32.08421865945528	0.0
17.0	30.18539976825029	17.61297798377752	19.85322518346852	32.34839706450367	0.0
18.0	31.97528480401622	17.300637188646455	18.78741069704576	31.93666731029156	0.0
19.0	31.229492375989192	18.104613009071606	20.131248793669176	30.534645821270022	0.0
20.0	30.997876857749468	17.699285852152094	18.934568616097277	32.36826867400116	0.0
21.0	31.07039537126326	16.837029893924782	19.961427193828353	32.131147540983605	0.0
22.0	30.086788813886212	18.939247830279655	19.247830279652845	31.72613307618129	0.0
23.0	28.384111068260705	17.95217894330891	19.6104897801774	34.05322020825299	0.0
24.0	30.65355696934644	19.4331983805668	18.27646038172354	31.636784268363215	0.0
25.0	29.034123770965873	18.642760748023907	19.259687680740313	33.063427800269906	0.0
26.0	32.29226913437439	17.524580682475417	18.719876614613458	31.463273568536724	0.0
27.0	29.18835550414498	17.67881241565452	21.168305378831693	31.964526701368808	0.0
28.0	30.43562066306862	17.097147262914415	20.277563608326908	32.189668465690055	0.0
29.0	29.022933127770283	18.982462902293314	19.734052804008478	32.26055116592793	0.0
30.0	29.510408635312256	18.851195065535855	18.446414803392443	33.19198149575944	0.0
31.0	30.241080038572804	18.341369334619092	21.099324975891996	30.3182256509161	0.0
32.0	29.108796296296298	17.727623456790123	19.15509259259259	34.00848765432099	0.0
33.0	29.41743827160494	17.631172839506174	20.25462962962963	32.69675925925926	0.0
34.0	29.32098765432099	17.901234567901234	20.40895061728395	32.36882716049383	0.0
35.0	29.976851851851855	18.51851851851852	19.174382716049383	32.33024691358025	0.0
36.0	31.3404050144648	17.02989392478303	18.746383799421405	32.88331726133077	0.0
37.0	28.43647580489686	19.60670908039329	17.910160015423173	34.046655099286674	0.0
38.0	28.948891031822566	19.18997107039537	19.09353905496625	32.767598842815815	0.0
39.0	30.144648023143684	19.864995178399226	19.440694310511088	30.549662487946	0.0
40.0	31.430775163902812	18.145005784805246	19.244118781334365	31.180100269957578	0.0
41.0	28.852459016393446	18.1099324975892	21.29218900675024	31.745419479267117	0.0
42.0	29.623915139826423	18.244937319189972	20.21215043394407	31.918997107039537	0.0
43.0	30.23524874662553	19.4369456228307	19.6683378326263	30.659467797917472	0.0
44.0	30.491803278688522	18.784956605593056	19.151398264223722	31.571841851494696	0.0
45.0	28.802776171197227	18.19934451513399	20.262193946404473	32.73568536726432	0.0
46.0	29.760986892829607	17.63685427910563	19.79568234387047	32.8064764841943	0.0
47.0	30.04432453266525	18.50067450375795	18.866833686644828	32.588167276931976	0.0
48.0	30.80185042405551	17.270624518118733	19.1017733230532	32.82575173477255	0.0
49.0	28.53837254145777	19.533359043578866	20.092556883918242	31.83571153104512	0.0
50.0	30.023139220979562	19.051291939838023	18.472811415349017	32.4527574238334	0.0
51.0	30.929425376012343	18.762051677593522	18.511376783648284	31.797146162745854	0.0
52.0	29.026036644165863	19.132111861137897	18.302796528447445	33.53905496624879	0.0
53.0	31.796256994018908	17.132934593864558	18.579972988616632	32.4908354234999	0.0
54.0	29.801196680177572	17.467670333912373	20.420768191468827	32.31036479444123	0.0
55.0	28.623817795792316	18.645049218297626	18.818760856977416	33.91237212893264	0.0
56.0	29.588882455124494	17.73788843852538	18.973171202470564	33.70005790387956	0.0
57.0	25.71428571428571	18.416988416988417	20.772200772200772	35.09652509652509	0.0
58.0	30.714285714285715	18.359073359073356	19.15057915057915	31.776061776061777	0.0
59.0	29.600308939949798	16.798609770225912	20.21625796485808	33.38482332496621	0.0
60.0	29.44583896505117	17.41648966982043	19.907318015060824	33.23035335006758	0.0
61.0	29.214134002703222	17.918517088240975	20.66035914269164	32.20698976636417	0.0
62.0	29.75477891484843	18.845336937632748	19.69492179957521	31.704962347943617	0.0
63.0	28.152152925275146	17.783355860204672	20.67966788955397	33.38482332496621	0.0
64.0	29.059664027804594	18.594323228422475	19.36667310291562	32.979339640857305	0.0
65.0	28.96312029349295	18.420544506661518	19.579069318401235	33.03726588144429	0.0
66.0	30.32818532818533	17.277992277992276	20.55984555984556	31.833976833976834	0.0
67.0	27.69735572283343	18.085311715884963	21.231422505307858	32.98591005597375	0.0
68.0	29.87263604785797	16.634504052489383	19.220378232342725	34.27248166730992	0.0
69.0	29.974908318857363	18.22042076819147	18.838062150164063	32.96660876278711	0.0
70.0	29.517374517374517	16.698841698841697	20.772200772200772	33.011583011583014	0.0
71.0	28.552123552123554	19.55598455598456	19.054054054054053	32.83783783783784	0.0
72.0	30.32818532818533	18.030888030888033	20.55984555984556	31.08108108108108	0.0
73.0	30.681598764240203	17.84128210079166	19.057733153118363	32.41938598184978	0.0
74.0	30.262649671687907	19.29316338354577	19.21591348010815	31.22827346465817	0.0
75.0	31.266898416376982	17.072228659714174	18.48203939745075	33.17883352645809	0.0
76.0	28.408651989185014	17.439165701042874	19.69872537659328	34.453456933178835	0.0
77.0	29.051574270813212	16.882364303650764	20.32064902453158	33.745412401004444	0.0
78.0	28.433455669306547	18.562874251497004	19.142360440409504	33.86130963878694	0.0
79.0	30.616186980876957	17.964071856287426	18.64013907668534	32.77960208615028	0.0
80.0	30.693451806065287	18.350395982229088	19.277573884489087	31.678578327216535	0.0
81.0	30.03670079196446	18.69808769557659	19.219625265597838	32.04558624686112	0.0
82.0	30.944562487927367	18.58219045779409	18.48560942630867	31.987637627969868	0.0
83.0	30.287811473826544	18.92988217114159	19.432103534865753	31.350202820166118	0.0
84.0	30.042503863987633	18.836939721792888	18.199381761978362	32.92117465224111	0.0
85.0	29.97101449275362	17.91304347826087	19.07246376811594	33.04347826086956	0.0
86.0	30.93719806763285	17.23671497584541	18.84057971014493	32.98550724637681	0.0
87.0	30.90452261306533	17.935833011209894	19.945883262466175	31.2137611132586	0.0
88.0	30.691921144182448	18.187089292616932	18.592964824120603	32.52802473908002	0.0
89.0	29.281020487050636	19.926555856204097	20.00386548125242	30.78855817549285	0.0
90.0	29.62891379976807	18.76691148047932	20.89292616930808	30.71124855044453	0.0
91.0	28.817162736760725	19.17278701198299	19.018167761886353	32.99188248936993	0.0
92.0	27.67684576729803	18.80556629300348	20.216466950135292	33.3011209895632	0.0
93.0	30.59528411287205	18.26439891766525	19.69462698105914	31.445689988403558	0.0
94.0	29.62891379976807	17.62659451101662	20.00386548125242	32.74062620796289	0.0
95.0	30.556629300347893	18.26439891766525	19.8299188248937	31.34905295709316	0.0
96.0	28.875144955546965	19.28875144955547	20.00386548125242	31.83223811364515	0.0
97.0	30.040595399188092	19.06050647593273	17.745988787937367	33.15290933694182	0.0
98.0	30.17591339648173	17.050067658998646	20.104388169340808	32.66963077517882	0.0
99.0	28.47477285907597	18.499903344287645	20.23970616663445	32.78561763000194	0.0
100.0	28.668610301263364	19.14480077745384	20.09718172983479	32.089407191448004	0.0
101.0	30.337956632154718	19.10529400273491	19.515530377026764	31.041218988083607	0.0
102.0	29.757444291066847	18.398737921514492	19.877736146716625	31.966081640702033	0.0
103.0	28.58559809561595	18.647093830589167	19.718309859154928	33.04899821463995	0.0
104.0	31.376477659787618	17.67180925666199	18.59346824283711	32.35824484071328	0.0
105.0	30.38976857490865	17.31628095818108	19.346325619163622	32.947624847746646	0.0
106.0	28.78818946073406	18.823046955095347	20.89399220832479	31.494771375845808	0.0
107.0	30.243600330305533	17.650701899256813	19.260941370767963	32.84475639966969	0.0
108.0	29.51092611862643	18.855359001040583	20.291363163371486	31.3423517169615	0.0
109.0	29.853249475890987	17.735849056603772	18.9937106918239	33.41719077568134	0.0
110.0	29.36692780012704	18.589879313995343	21.300021172983275	30.743171712894345	0.0
111.0	30.903665814151747	18.84057971014493	19.607843137254903	30.647911338448424	0.0
112.0	28.850698174006446	18.947368421052634	19.355531686358756	32.84640171858217	0.0
113.0	29.069264069264065	19.393939393939394	19.134199134199132	32.40259740259741	0.0
114.0	29.95633187772926	19.104803493449783	18.340611353711793	32.598253275109165	0.0
115.0	28.328549348642085	18.083462132921174	21.792890262751158	31.795098255685584	0.0
116.0	32.35754189944134	17.206703910614525	18.033519553072626	32.402234636871505	0.0
117.0	30.101237345331832	18.11023622047244	21.057367829021373	30.731158605174354	0.0
118.0	31.94287009748356	16.934935388800724	18.975289050102017	32.14690546361369	0.0
119.0	30.718206770356815	18.938700823421776	19.258920402561756	31.084172003659656	0.0
120.0	31.589861751152075	17.3963133640553	19.193548387096772	31.820276497695854	0.0
121.0	31.04089219330855	18.355018587360593	20.16728624535316	30.436802973977695	0.0
122.0	28.792134831460675	18.375468164794007	20.55243445692884	32.279962546816485	0.0
123.0	27.864214992927867	20.014144271570014	18.95332390381895	33.16831683168317	0.0
124.0	29.597906257435163	19.295741137282892	19.34332619557459	31.76302640970735	0.0
125.0	27.689721421709894	19.26032660902978	20.437079731027858	32.61287223823247	0.0
126.0	30.75801749271137	17.54130223517979	20.043731778425656	31.65694849368319	0.0
127.0	29.619631901840492	19.43558282208589	19.36196319018405	31.58282208588957	0.0
128.0	28.691983122362867	17.795979151154132	20.675105485232066	32.836932241250935	0.0
129.0	30.275000000000002	17.424999999999997	19.85	32.45	0.0
130.0	31.492687846696928	17.77609682299546	19.33938477054967	31.391830559757945	0.0
131.0	29.812087353986794	18.25799898425597	19.172168613509395	32.75774504824784	0.0
132.0	30.336501412792188	17.441561777549445	19.804777806319034	32.41715900333933	0.0
133.0	29.976702045042714	17.18871343515403	19.80326171369402	33.031322806109245	0.0
134.0	31.483904736979852	17.429992148652186	19.523684899241037	31.562418215126932	0.0
135.0	30.67160232681121	16.684294024325755	20.78265468006346	31.86144896879958	0.0
136.0	29.68122153763729	19.073131529600857	20.11786766675596	31.127779266005895	0.0
137.0	30.043266630611143	18.6046511627907	20.930232558139537	30.421849648458625	0.0
138.0	29.695640252262134	19.659994516040584	19.60515492185358	31.039210309843707	0.0
139.0	28.508042151968944	20.327232390460345	19.10704381586245	32.057681641708264	0.0
140.0	29.966235227912215	17.4732695554305	20.56837366347777	31.992121553179516	0.0
141.0	29.684390105203303	17.713960762013077	21.097526300824565	31.50412283195906	0.0
142.0	30.848920863309353	17.697841726618705	19.39568345323741	32.05755395683453	0.0
143.0	31.998839570641135	17.75456919060052	20.452567449956486	29.794023788801855	0.0
144.0	30.22300469483568	17.899061032863848	21.420187793427232	30.457746478873236	0.0
145.0	31.010969463385713	18.41091016898903	19.86362288763712	30.71449747998814	0.0
146.0	28.897566836887954	18.954641033343346	20.366476419345148	31.781315710423552	0.0
147.0	29.737964655697745	18.37294332723949	19.804996953077392	32.08409506398537	0.0
148.0	31.16121062384188	18.65348980852378	18.313773934527486	31.871525633106856	0.0
149.0	29.840475445730373	17.891773537691584	20.519236784485457	31.74851423209259	0.0
150.0	30.671736375158424	18.599493029150825	19.233206590621037	31.49556400506971	0.0
151.0	29.494561740243125	17.946257197696738	21.017274472168907	31.541906589891234	0.0
152.0	29.33204259438529	19.070667957405615	18.94159406260084	32.65569538560826	0.0
153.0	30.03257328990228	17.91530944625407	20.45602605863192	31.596091205211724	0.0
154.0	30.147783251231523	17.438423645320196	19.967159277504106	32.44663382594417	0.0
155.0	29.098769537745262	17.625540405719985	21.58297306285334	31.692716993681408	0.0
156.0	29.479377958079784	18.120351588911426	19.235970250169032	33.164300202839755	0.0
157.0	31.01439342015079	17.614804660726524	19.05414667580535	32.316655243317335	0.0
158.0	30.360860513532266	17.90423317140874	19.91672449687717	31.818181818181817	0.0
159.0	29.581428068941257	17.762926486106227	18.85332395357017	33.802321491382344	0.0
160.0	30.455034037979217	17.843067001074882	19.45539233249731	32.246506628448586	0.0
161.0	29.454545454545457	18.545454545454547	20.618181818181817	31.381818181818183	0.0
162.0	31.874999999999996	18.75	17.389705882352942	31.985294117647058	0.0
163.0	29.910380881254667	18.745332337565348	18.446601941747574	32.897684839432415	0.0
164.0	31.18116217242689	18.192176224838587	20.50892518040258	30.11773642233194	0.0
165.0	30.35094485152333	18.31854994215195	20.555341303509447	30.775163902815272	0.0
166.0	27.9595015576324	18.53582554517134	19.976635514018692	33.52803738317757	0.0
167.0	30.47091412742382	18.5199841709537	19.548872180451127	31.46022952117135	0.0
168.0	30.361445783132528	17.389558232931726	19.196787148594378	33.05220883534137	0.0
169.0	27.402862985685072	18.56850715746421	21.14519427402863	32.88343558282209	0.0
170.0	31.624999999999996	19.0	18.75	30.625000000000004	0.0
171.0	29.720575783234548	17.823878069432684	21.083827265029637	31.371718882303135	0.0
172.0	28.82960413080895	18.889845094664373	20.309810671256454	31.970740103270224	0.0
173.0	29.401485364788115	18.960244648318042	18.69812145041503	32.940148536478816	0.0
174.0	31.066666666666663	19.42222222222222	19.866666666666667	29.644444444444446	0.0
175.0	30.21680216802168	19.828364950316168	19.060523938572718	30.89430894308943	0.0
176.0	29.23572744014733	17.909760589318598	20.67219152854512	32.18232044198895	0.0
177.0	29.003724394785845	18.71508379888268	20.01862197392924	32.262569832402235	0.0
178.0	28.87423457371644	18.276024493641074	20.86669806877061	31.98304286387188	0.0
179.0	29.344183820009572	18.429870751555768	19.818094782192436	32.40785064624222	0.0
180.0	30.728155339805824	17.184466019417478	20.24271844660194	31.844660194174757	0.0
181.0	30.064070970921637	18.137013307047805	21.291276490882208	30.50763923114835	0.0
182.0	29.94974874371859	16.482412060301506	21.758793969849247	31.809045226130657	0.0
183.0	30.24439918533605	18.177189409368637	21.23217922606925	30.346232179226067	0.0
184.0	29.119170984455963	17.253886010362695	19.48186528497409	34.145077720207254	0.0
185.0	29.884453781512605	17.647058823529413	22.21638655462185	30.252100840336134	0.0
186.0	27.39432851792402	18.833600856072767	19.475655430711612	34.2964151952916	0.0
187.0	28.594771241830063	18.30065359477124	20.533769063180827	32.570806100217865	0.0
188.0	30.747922437673132	19.445983379501385	19.2797783933518	30.526315789473685	0.0
189.0	29.587803500846977	18.972332015810274	19.932241671372104	31.507622811970638	0.0
190.0	28.769497400346623	19.584055459272097	20.27729636048527	31.369150779896017	0.0
191.0	32.64340626848019	16.558249556475456	18.03666469544648	32.76167947959787	0.0
192.0	29.020556227327692	17.89600967351874	21.58403869407497	31.499395405078594	0.0
193.0	32.47073321010475	18.730745532963645	18.91558841651263	29.88293284041898	0.0
194.0	34.63230672532998	17.473287240729103	19.673161533626647	28.22124450031427	0.0
195.0	28.516868236791854	18.714194780394653	19.669000636537238	33.09993634627626	0.0
196.0	32.92287751134154	16.46143875567077	20.47958522359041	30.13609850939728	0.0
197.0	29.82107355864811	19.151756129887342	20.609675281643472	30.417495029821072	0.0
198.0	28.68741542625169	18.403247631935045	19.621109607577807	33.28822733423545	0.0
199.0	28.63070539419087	19.70954356846473	20.885200553250346	30.774550484094053	0.0
200.0	28.540925266903916	19.572953736654807	19.9288256227758	31.957295373665477	0.0
201.0	29.782608695652176	17.17391304347826	21.44927536231884	31.594202898550726	0.0
202.0	30.957683741648108	16.55530809205642	21.083890126206384	31.403118040089083	0.0
203.0	28.354814253222138	19.63608794541319	20.242608036391204	31.766489764973464	0.0
204.0	29.763779527559052	18.89763779527559	18.818897637795278	32.519685039370074	0.0
205.0	30.57119871279163	16.894609814963797	18.26226870474658	34.27192276749798	0.0
206.0	29.270315091210612	17.16417910447761	22.139303482587064	31.426202321724713	0.0
207.0	29.60750853242321	17.832764505119453	22.866894197952217	29.692832764505116	0.0
208.0	28.33478639930253	19.26765475152572	19.09328683522232	33.30427201394943	0.0
209.0	30.0531914893617	17.99645390070922	19.414893617021274	32.5354609929078	0.0
210.0	29.66333030027298	18.56232939035487	22.383985441310283	29.390354868061873	0.0
211.0	29.916123019571295	18.91891891891892	19.850885368126747	31.31407269338304	0.0
212.0	30.55028462998102	18.026565464895636	19.54459203036053	31.87855787476281	0.0
213.0	29.440154440154444	18.53281853281853	20.077220077220076	31.949806949806952	0.0
214.0	28.500496524329694	16.08738828202582	20.456802383316784	34.955312810327705	0.0
215.0	30.272452068617557	18.970736629667005	19.87891019172553	30.877901109989907	0.0
216.0	31.378600823045268	18.930041152263374	18.31275720164609	31.378600823045268	0.0
217.0	30.462184873949578	18.69747899159664	20.69327731092437	30.14705882352941	0.0
218.0	27.825159914712156	19.29637526652452	19.82942430703625	33.04904051172708	0.0
219.0	32.349726775956285	15.956284153005464	21.420765027322407	30.273224043715846	0.0
220.0	27.88888888888889	17.555555555555554	21.444444444444443	33.111111111111114	0.0
221.0	31.257208765859286	17.87773933102653	19.83852364475202	31.02652825836217	0.0
222.0	28.63905325443787	19.289940828402365	19.763313609467456	32.30769230769231	0.0
223.0	30.29197080291971	20.072992700729927	16.666666666666664	32.968369829683695	0.0
224.0	28.28535669586984	18.1476846057572	20.77596996245307	32.7909887359199	0.0
225.0	23.56687898089172	17.452229299363058	21.656050955414013	37.324840764331206	0.0
226.0	29.396325459317584	17.454068241469816	20.99737532808399	32.15223097112861	0.0
227.0	30.06711409395973	19.328859060402685	19.19463087248322	31.409395973154364	0.0
228.0	31.412894375857338	18.930041152263374	20.027434842249658	29.629629629629626	0.0
229.0	30.09845288326301	20.393811533052038	18.0028129395218	31.504922644163152	0.0
230.0	25.644699140401144	18.76790830945559	19.91404011461318	35.673352435530084	0.0
231.0	27.540500736377027	17.820324005891017	21.207658321060382	33.43151693667157	0.0
232.0	30.46757164404223	16.440422322775262	22.473604826546005	30.618401206636502	0.0
233.0	26.552795031055897	16.61490683229814	21.8944099378882	34.93788819875777	0.0
234.0	30.97913322632424	17.656500802568218	19.743178170144464	31.621187800963078	0.0
235.0	25.950413223140494	17.024793388429753	23.140495867768596	33.88429752066116	0.0
236.0	28.45117845117845	15.656565656565657	22.22222222222222	33.670033670033675	0.0
237.0	26.876090750436298	20.24432809773124	23.56020942408377	29.31937172774869	0.0
238.0	34.177215189873415	17.359855334538878	18.9873417721519	29.475587703435806	0.0
239.0	24.814814814814813	20.925925925925924	20.37037037037037	33.88888888888889	0.0
240.0	32.122370936902485	17.01720841300191	20.45889101338432	30.401529636711285	0.0
241.0	31.225296442687743	16.40316205533597	21.541501976284586	30.8300395256917	0.0
242.0	27.95918367346939	18.571428571428573	22.653061224489797	30.816326530612244	0.0
243.0	31.512605042016805	18.69747899159664	15.126050420168067	34.66386554621849	0.0
244.0	25.869565217391305	18.26086956521739	21.086956521739133	34.78260869565217	0.0
245.0	29.82062780269058	16.143497757847534	15.919282511210762	38.11659192825112	0.0
246.0	36.0655737704918	14.285714285714285	19.906323185011708	29.7423887587822	0.0
247.0	36.86746987951807	17.10843373493976	19.518072289156628	26.506024096385545	0.0
248.0	35.0383631713555	17.135549872122763	22.25063938618926	25.575447570332482	0.0
249.0	23.20916905444126	24.641833810888254	23.78223495702006	28.36676217765043	0.0
250.0	15.107913669064748	20.863309352517987	32.37410071942446	31.654676258992804	0.0
