# Position (bp)	A	C	G	T	N
0.0	27.024383019597987	24.147105357297434	24.396369298608818	24.431933735423534	2.085890722270951E-4
1.0	26.995198077984213	20.079640619625636	15.214226408388868	37.71062314836079	3.117456404970057E-4
2.0	28.275257751179222	19.99252174597552	17.97660404405748	33.755098574160044	5.178846277341719E-4
3.0	23.60579877806298	22.31414007344017	15.087978432759893	38.98867410020297	0.0034086155339906107
4.0	34.93395541411114	13.353211080041403	14.283551422082837	37.42784017467699	0.0014419090876320248
5.0	36.71125433272222	14.793412308581336	22.970136991653824	25.51995237218791	0.005243994854715637
6.0	32.721724787451905	17.661056917082107	19.95507681310352	29.662141482362465	0.0
7.0	36.02406633638063	16.562541375562322	20.269175937358554	27.14390843953702	3.0791116147169215E-4
8.0	22.49243052079658	27.55034011372681	22.648025371089105	27.308998859449744	2.0513493776205986E-4
9.0	29.203432779518128	18.02342507093536	15.730429220449066	37.04148283610241	0.0012300929950304243
10.0	26.62178182112525	16.873211411311104	25.70874988088883	30.79410520103404	0.002151685640777107
11.0	28.422774352992025	18.815849173323066	19.829492440947625	32.9317816134923	1.024192449858098E-4
12.0	26.462704690606703	19.791280594808327	21.333690993715688	32.412221337172035	1.0238369723912123E-4
13.0	27.271536301184796	21.90322276899395	18.70757629103176	32.11725524232177	4.093964677272765E-4
14.0	31.90682545790995	18.269010324978915	20.569102029787686	29.254755139972655	3.070473507954573E-4
15.0	29.852985728439137	19.023016269415628	19.698520441165634	31.425170513628807	3.070473507954573E-4
16.0	30.6103691937346	17.519507741687203	19.213487976025743	32.65653273943553	1.0234911693181912E-4
17.0	30.144066616993225	18.172802155063007	20.363585002988593	31.318625082902784	9.21142052386372E-4
18.0	31.50336523896472	18.044968108015162	18.427651456223234	32.02401519679688	0.0
19.0	30.757137827414827	18.372382933080054	19.6196092720112	31.250665269260057	2.0469823386363824E-4
20.0	30.52541942668119	18.22141798560562	19.198954401421425	32.05318469512245	0.001023491169318191
21.0	30.485093874610047	17.56044738845993	19.249719563419607	32.70392038057496	8.18792935454553E-4
22.0	28.844642228426853	19.22402993506972	19.736287265313475	32.195040571189956	0.0
23.0	30.015823173477656	17.822358778688457	20.413940768519048	31.746649089911656	0.0012281894031818293
24.0	31.184138343254375	18.085600707437095	18.657322874618238	32.07252867822256	4.093964677272765E-4
25.0	29.73507954573368	18.07577519221164	19.373561994907107	32.81496917244598	6.140947015909146E-4
26.0	32.09852535392324	18.003516715657778	19.80864809098427	30.088695744733112	6.140947015909146E-4
27.0	29.52905077334993	18.154891059599937	20.043436965225865	32.27221180535654	4.093964677272765E-4
28.0	30.53729192424528	17.96431700387289	19.75685943781677	31.741122237597335	4.093964677272765E-4
29.0	29.48985106156504	18.625492299252443	19.66065126790086	32.22308422922927	9.21142052386372E-4
30.0	30.303811901303863	18.350615494683318	19.491534965031388	31.853218821742463	8.188172389687406E-4
31.0	30.797622118230837	18.23830813384592	19.517320297562755	31.444702375834694	0.002047074525795186
32.0	29.109305110594786	18.417895781942498	19.823846712862977	32.64874768421376	2.0471038598143278E-4
33.0	29.576478680631187	18.731524169048225	19.532177630016623	32.15981952030397	0.0
34.0	29.830272172559187	18.117608763078135	19.61548422230343	32.43530412512015	0.0013307169391053692
35.0	30.17906384166987	17.656503768738464	19.713345912905286	32.45098381423846	1.0266244792447328E-4
36.0	30.970462834540502	17.314018595571994	19.185390661118817	32.52951148096779	6.164278008938202E-4
37.0	29.34848654645127	18.699358346279162	19.353349584585505	32.597880208874166	9.253138098973622E-4
38.0	30.745935066017555	18.46299652084253	19.411558294152936	31.379304312570554	2.0580641642664493E-4
39.0	29.44906583148369	18.878626649086037	19.866763848095943	31.80461584297845	9.278283558778442E-4
40.0	29.921767132666492	18.704522549564917	19.582143474914833	31.78949527215778	0.002071570695975249
41.0	30.013653362882643	18.4153767484584	20.617306965297963	30.952517332272443	0.0011455910885510667
42.0	29.51855146297181	18.419971632154546	19.629838290738014	32.431325041783516	3.135723521166656E-4
43.0	29.18034539577123	18.57036841377055	20.342733397901128	31.906133521166918	4.1927139017814845E-4
44.0	29.743574116999298	18.730626732429826	20.142524204106767	31.38253941901738	7.355274467320516E-4
45.0	29.434839704335243	18.53654581087186	19.688623183292982	32.33957006662882	4.2123487108633315E-4
46.0	30.342923283563504	17.67583246022476	19.502554963635426	32.47847826935637	2.110232199400061E-4
47.0	29.689012303413765	18.06712566726261	20.1043106326685	32.13955139665513	0.0
48.0	30.488914661090842	17.989020477613458	18.934173657611595	32.58672722193534	0.0011639817487661794
49.0	29.784453150838274	17.758923346986542	20.241623629378992	32.214787866452966	2.1200634322978944E-4
50.0	30.06813123477362	18.607260171566935	19.703506307482737	31.62014523745974	9.570487169698562E-4
51.0	30.366240302039753	18.305494566576805	19.507517856646565	31.82053348669063	2.137880462551817E-4
52.0	29.992214702169345	17.96371449033182	19.985848823280193	32.05800692074266	2.1506347598493697E-4
53.0	31.61719154585742	17.547351566528967	19.676780082664553	31.15867680494906	0.0
54.0	30.29402435792154	18.354471629495418	19.433654426876267	31.917306464017102	5.431216896733015E-4
55.0	29.054850875307782	18.421336847582882	18.524757022589892	33.99905525451945	0.0
56.0	29.433887894365157	18.472521035545554	20.342700104561853	31.750562498973544	3.2846655389314985E-4
57.0	28.43838047113647	18.565903985137265	19.85069185953308	33.1449138826485	1.0980154468813067E-4
58.0	30.728664930832707	18.044599556316435	21.916536846103458	29.309648190860997	5.504758864037961E-4
59.0	29.724211872238886	20.256630806959354	21.059140360775967	28.96001696002579	0.0
60.0	31.245072371682063	19.286584764078185	19.544068937450863	29.92405214886178	2.2177792710824872E-4
61.0	29.30586962166813	20.959208988042764	19.699514421903505	30.033178012239198	0.0022289561464022977
62.0	31.08214920868737	16.390994664702607	22.016859180483948	30.509772396572476	2.2454955359548745E-4
63.0	26.60999767811939	20.18337193695811	25.668899825009483	27.537617297444232	1.1326246878203203E-4
64.0	26.37085701176398	19.38779819414278	18.810156719918645	35.42947603661021	0.0017120375643868793
65.0	27.64028356791534	19.351233768772115	18.80178069245574	34.20601213648603	6.898343707675787E-4
66.0	26.604620158017227	19.62022166852027	16.960870657101225	36.81139427578138	0.002893240579897996
67.0	33.75908626154925	14.282869500206122	18.02276427308743	33.93190282212704	0.0033771430301590515
68.0	34.17423394579892	15.342924062767096	23.093895649463796	27.387529690650574	0.0014166513196107043
69.0	31.94800618364857	17.162641784038122	20.638832202761883	30.250037109132226	4.8272041919441205E-4
70.0	33.025555892374605	16.087215028316653	22.04262394471195	28.844605134596797	0.0
71.0	26.016959728854527	19.5401430607647	25.887889755194	28.554843244024358	1.6421116241797652E-4
