# Position (bp)	A	C	G	T	N
0.0	27.070357470567764	24.082227722892767	23.665783151884224	25.1813882621532	2.4339250205058182E-4
1.0	26.866015313505116	20.106549807672263	14.965206494787639	38.06198600503664	2.4237899834455144E-4
2.0	27.918873680320566	20.176271251941326	17.857306754971365	34.04730677912473	2.4153364201332786E-4
3.0	23.792537856253418	21.85004901382262	14.95102230550424	39.403741428602395	0.0026493958173265672
4.0	34.330758944540605	13.997008683460614	14.319187399019059	37.352324752304106	7.202206756150084E-4
5.0	35.78357466616491	14.592147115151835	22.355146369700645	27.263858560823785	0.005273288158831439
6.0	32.293945064780296	17.284875345199747	20.348956862594942	30.072222727425014	0.0
7.0	34.72709237149379	17.03010529083456	20.342523872694894	27.899800413514512	4.780514622399101E-4
8.0	23.20747329771437	26.587693791509697	22.12720648971777	28.077148955065674	4.7746599248468525E-4
9.0	28.567441594191145	18.032927661239153	16.00035303490752	37.39856209836316	7.156112990253374E-4
10.0	26.960384760216023	16.862812391261865	24.63809564666123	31.535847239898374	0.0028599619625058986
11.0	28.23522967070133	18.366987248191073	19.56190367311164	33.83587940799596	0.0
12.0	26.18146930477159	19.783168154191536	21.326321452973342	32.70880302059998	2.3806746355782302E-4
13.0	27.336486396467553	21.039559205580353	18.272936631044033	33.350541952551794	4.758143562707574E-4
14.0	31.093040739225188	18.657870445267076	20.563744849309593	29.684868151841876	4.758143562707574E-4
15.0	29.68629559491069	18.795856608585595	18.86032945386028	32.657280435465296	2.379071781353787E-4
16.0	30.607948003007145	17.454773845436463	18.8584261964352	33.078614047943056	2.379071781353787E-4
17.0	30.073608480915087	18.230589153335934	20.154782410094878	31.540544141297833	4.758143562707574E-4
18.0	31.498672477946005	17.96817753585261	18.499186357450778	32.033963628750605	0.0
19.0	30.25822445114814	18.27602942435979	19.884281948554953	31.581464175937118	0.0
20.0	30.283918426386762	17.878724436873707	19.90093545102443	31.93594587135883	4.758143562707574E-4
21.0	30.22206256007156	17.137405669803872	19.225279065119953	33.41453898347021	7.137215344061362E-4
22.0	28.741328283356964	18.556284080203266	19.864059838413446	32.83832779802632	0.0
23.0	29.96512280768535	17.490697829334906	19.7655662666654	32.777423560423664	0.0011895358906768934
24.0	30.47781277656709	18.14732164098855	18.49181123492858	32.882816440337635	2.379071781353787E-4
25.0	29.376778356156564	17.838280216590697	19.406326427680977	33.37837709239363	2.379071781353787E-4
26.0	31.69090147787939	17.499976209282188	20.072942340816308	30.735466250487708	7.137215344061362E-4
27.0	29.017776424350277	18.17420515211785	19.905693594587138	32.90184901458847	4.758143562707574E-4
28.0	29.886851346078814	17.92464052225384	20.19950895958433	31.988761264904888	2.379071781353787E-4
29.0	29.315874118553904	18.404023486196625	19.25002141164603	33.03008098360344	0.0
30.0	30.171890798786656	18.489502170939154	19.045500505561172	32.29239279129245	7.137334205674181E-4
31.0	30.370287541456314	18.321905586669267	19.25999590789918	32.04566974843097	0.0021412155442732
32.0	29.35919946326353	18.292578476296516	19.407210730922777	32.94029758421005	7.137453071246057E-4
33.0	29.856008983973503	17.645323384978493	19.273192736685825	33.22547489436218	0.0
34.0	29.60268193855239	18.228711874811143	19.474271520106214	32.69243123249733	0.0019034340329246503
35.0	30.31079072249433	17.654990375636064	19.360694478854988	32.6730479693545	4.7645366011701704E-4
36.0	31.010750228183188	17.653156792232956	18.792285382692395	32.54309266262967	7.14934261794628E-4
37.0	28.965574786630427	18.97582606207982	19.631907690840606	32.42621465693987	4.768035092738283E-4
38.0	30.499916521573212	18.293223936842608	19.135402008252438	32.071457533331746	0.0
39.0	29.87040268504439	18.66354111712933	19.47039122681798	31.995426257958098	2.387130502037416E-4
40.0	29.805877046689528	18.712658309625276	19.146701249727826	32.33380629816884	9.570957885392565E-4
41.0	29.74402034402514	18.20838231413286	20.22863037689226	31.81800734112228	9.596238274596359E-4
42.0	29.257938978455204	18.573039082537495	19.360747277154537	32.807553537475634	7.211243771288193E-4
43.0	29.536294691224267	18.583844950042135	20.083543999036955	31.795353316480078	9.630432165643433E-4
44.0	29.606815929873452	18.97187271723486	19.492614388381675	31.928696964510006	0.0
45.0	29.401682165377522	18.65615071892774	19.794412738878105	32.14678872504997	9.656517666599071E-4
46.0	29.93985351225041	17.43354042670417	19.74298190289085	32.883624158154575	0.0
47.0	29.719114438978618	18.668949738559245	19.42497545214014	32.186476668649846	4.837016721566806E-4
48.0	30.59913769103581	17.950406340706454	18.968376355982056	32.48159544104368	4.841712319979084E-4
49.0	28.800589310032326	18.18816242857766	20.20519232539994	32.806055935990074	0.0
50.0	29.633010595010344	18.405552911928368	19.57649092480553	32.38446000407874	4.8556417701727634E-4
51.0	30.470408898759082	17.917324138468434	19.345255488672006	32.26676796602575	2.4350807472775797E-4
52.0	29.74564324577884	18.506157969445916	19.585054738863494	32.16314404591174	0.0
53.0	31.290237990790143	18.09033896103578	19.266691337390114	31.352731710783964	0.0
54.0	30.31134945953784	18.633532739865412	18.89798807493229	32.15540929132852	0.001720434335936924
55.0	29.187296220263253	18.440048401923264	18.36931850387782	34.003090428297874	2.464456377889883E-4
56.0	29.060118250836002	17.935204074072246	20.653639646136597	32.35103802895515	0.0
57.0	28.02545564314593	19.02616329418984	19.460898568367504	33.48748249429673	0.0
58.0	30.790321101258574	17.744978222229935	21.8925464745298	29.571658407557887	4.957944238001156E-4
59.0	29.173591289507613	20.68692258582185	20.80939214853347	29.330093976137068	0.0
60.0	31.237618211041752	19.086706786777807	19.648139149503482	30.02678827296627	7.47579710686652E-4
61.0	29.149028207365767	21.187654870465156	19.13280040807039	30.52826612590672	0.0022503881919631137
62.0	31.110776073272778	16.684381792368676	21.270714761348362	30.933876094631437	2.512783787519003E-4
63.0	26.49365500212512	20.53876824060394	25.067801412698092	27.899522354226963	2.529903458884009E-4
64.0	26.299493457691884	20.42146558896038	17.593631458032803	35.685155079288755	2.544160261743208E-4
65.0	27.83519138437599	19.278943111902787	18.487607874451033	34.397745769478824	5.11859791365949E-4
66.0	26.859093762542326	19.376665877679557	16.83655617416719	36.92485412314374	0.0028300624671970032
67.0	33.48900146440158	14.166144898138711	17.570490496913372	34.77229331498088	0.002069825565450472
68.0	34.53020371500326	15.198883351621156	23.15735995411895	27.11067231974273	0.0028806595139018007
69.0	31.475277248855786	17.070923752212767	20.484680008891246	30.96885118143765	2.6780860254793106E-4
70.0	32.84746066687686	15.941521719636334	22.44164755091828	28.769080795253704	2.8926731481829676E-4
71.0	26.06570948225246	19.50570189674224	25.212704270861064	29.215519662153046	3.6468799118913813E-4
