# Position (bp)	A	C	G	T	N
0.0	27.18007302789371	23.23668960688391	24.229291617147123	25.35394574807526	0.0
1.0	26.665376855255516	20.70970337408523	15.120889109999416	37.50403066065983	0.0
2.0	29.24696434844342	21.202702669506408	16.66580688269353	32.884526099356634	0.0
3.0	24.491997853157443	22.552163484271432	15.316763671690294	37.639074990880836	0.0
4.0	33.872838616935894	14.3931118205448	14.48227203813994	37.251777524379364	0.0
5.0	35.3919627857627	15.89310976628123	23.872852174596467	24.842075273359594	0.0
6.0	32.170607605087085	17.85250937419605	20.22701917450587	29.749863846210996	0.0
7.0	35.669222735318876	18.443174289743858	19.94740503465091	25.940197940286357	0.0
8.0	23.753509759172037	26.017868534690514	23.584783440260875	26.643838265876575	0.0
9.0	26.926829388096934	19.433121320240467	15.463570649234072	38.17647864242853	0.0
10.0	27.306647804685163	16.79152291466734	24.419819079704766	31.482010200942728	0.0
11.0	27.32611150304573	21.318766873399387	19.06619683632012	32.28892478723476	0.0
12.0	25.823599949161064	21.945105002661677	20.05780165815974	32.17349339001751	0.0
13.0	26.526687677636946	22.209676221070772	19.183040426162894	32.08059567512939	0.0
14.0	29.737215512260594	19.870594035757946	19.64421341791753	30.74797703406393	0.0
15.0	29.740838093343474	19.36828325882482	20.607512987567176	30.283365660264522	0.0
16.0	28.568411215756633	19.4452784567559	17.76783921634361	34.218471111143856	0.0
17.0	29.88457474275069	18.723156827675048	19.864085669744632	31.528182759829626	0.0
18.0	32.53053252555915	18.00490337839456	19.56255184435427	29.90201225169202	0.0
19.0	30.274032909000148	18.551053526398483	20.72896155336277	30.445952011238596	0.0
20.0	29.10197442948953	17.662845764619416	20.538376948595573	32.69680285729548	0.0
21.0	28.734988545889813	20.12650789937575	18.841658208860835	32.29684534587361	0.0
22.0	30.38977130461425	19.97957846664125	22.325046218608648	27.30560401013586	0.0
23.0	29.025593228352157	20.721225193762038	21.348300119176777	28.904881458709024	0.0
24.0	34.498330849716304	19.374730225158764	17.08882016218111	29.03811876294382	0.0
25.0	29.74028549622914	21.996373734936356	18.82888707555169	29.434453693282812	0.0
26.0	30.796421381087548	17.565895670892807	22.94677937191812	28.690903576101523	0.0
27.0	27.64637223064421	21.845391923363376	23.49078053114407	27.017455314848345	0.0
28.0	28.520212467450495	20.043925330621924	18.14974522203045	33.28611697989713	0.0
29.0	30.173705832908144	20.185881389327385	17.05155055680299	32.58886222096148	0.0
30.0	26.940627755918346	18.819455292162708	15.656322145867952	38.583594806050996	0.0
31.0	34.35885923759634	15.799360706318991	17.930689118624564	31.911090937460106	0.0
32.0	34.89759656081945	14.894255259289347	22.876115345703603	27.332032834187604	0.0
33.0	30.643306381418924	17.57248864127334	20.522734458352176	31.261470518955566	0.0
34.0	31.959618430665625	16.860405439221353	21.782311729453145	29.397664400659878	0.0
35.0	27.27449582294927	20.241298810817483	24.56952552680203	27.914679839431223	0.0
