# Position (bp)	A	C	G	T	N
0.0	25.98836497522003	25.191687713395694	23.509914256306082	25.310033055078197	0.0
1.0	25.851428985993536	20.732199454976627	14.860275413641908	38.55609614538793	0.0
2.0	27.79006326016422	19.699468904638476	18.48003407710852	34.030433758088776	0.0
3.0	23.80870423798287	22.901050324065057	15.61807879921554	37.672166638736535	0.0
4.0	33.22663020347547	14.290371363113618	14.949606541641385	37.53339189176952	0.0
5.0	34.502505692698406	15.76843506249519	22.833718882556123	26.89534036225028	0.0
6.0	32.20666585188102	18.26387285722692	20.63489907974488	28.894562211147175	0.0
7.0	34.122684336542335	17.73414622003159	19.81660262241956	28.326566821006516	0.0
8.0	23.49528184471951	25.99805390237831	22.242085492521102	28.26457876038107	0.0
9.0	29.656648670175457	18.715294905620244	15.682290276011567	35.94576614819273	0.0
10.0	27.013072812261026	16.83763739122959	24.03153041046549	32.1177593860439	0.0
11.0	28.10435632454346	18.696269885798056	19.822905543590394	33.376468246068086	0.0
12.0	26.487633404059917	20.192364243414058	20.875501608313467	32.44450074421256	0.0
13.0	27.022686661690532	20.91606161362557	18.465540250163986	33.595711474519916	0.0
14.0	30.293887484111437	18.54291155330188	19.83616123326895	31.32703972931773	0.0
15.0	29.720206972662965	18.73744866390462	18.776798798690137	32.765545564742276	0.0
16.0	29.80608340945886	17.22049872018668	18.687987844034623	34.28543002631984	0.0
17.0	30.072026368975763	18.116915119207484	20.21259760635532	31.598460905461433	0.0
18.0	31.210026983904577	17.552193741722903	18.71155245589691	32.526226818475614	0.0
19.0	29.93465942467759	17.89590695068278	19.647359716586386	32.52207390805325	0.0
20.0	30.21906779852449	17.995274388177837	19.463105440778506	32.32255237251916	0.0
21.0	30.216958248072313	17.720289639035318	19.621553986602162	32.44119812629021	0.0
22.0	28.708019438874132	18.62320018788503	19.470037757664443	33.19874261557639	0.0
23.0	29.53257438574467	17.37210257984981	20.443717909928786	32.65160512447673	0.0
24.0	30.772877499051848	18.430225208141447	18.50968918748081	32.287208105325895	0.0
25.0	29.290909172990716	17.65797326519464	19.301247353380678	33.74987020843397	0.0
26.0	30.814614856812682	17.560308403452385	20.36266295908418	31.262413780650753	0.0
27.0	29.06357911842373	18.106394023517726	19.614056469632338	33.21597038842621	0.0
28.0	29.90503186668352	17.410673984870094	19.830014263274776	32.854279885171614	0.0
29.0	29.305535495053082	17.703744493392072	20.16366360944609	32.82705640210876	0.0
30.0	29.685779278222096	18.113953530356916	19.38040475889585	32.819862432525134	0.0
31.0	29.70536995748445	17.908433604433892	19.675401460512894	32.71079497756876	0.0
32.0	29.749349898873156	18.233982230569197	19.558111817393815	32.458556053163825	0.0
33.0	30.72904673538588	17.983935416582007	19.777317241659556	31.509700606372554	0.0
34.0	29.778817409210372	17.6751894367024	19.952042484398003	32.59395066968923	0.0
35.0	29.869713459931805	18.182762435929277	19.82613407997832	32.12139002416059	0.0
36.0	30.221750519374947	17.54132418029085	19.326167464547016	32.910757835787194	0.0
37.0	28.707956767791732	19.213311112014416	19.123883852959906	32.95484826723394	0.0
38.0	30.19955373677697	17.850528921289648	19.475234197855407	32.47468314407798	0.0
39.0	28.86166743452849	18.815776398637723	19.989701617930024	32.33285454890377	0.0
40.0	30.398865417361105	18.407157987922478	19.532255660492407	31.661720934224018	0.0
41.0	30.005691108320764	17.588686437998536	20.902627846683348	31.502994606997355	0.0
42.0	30.12223436836542	18.861404475602814	19.568340124131574	31.448021031900186	0.0
43.0	29.588236622772346	18.361077857836605	19.72263004540013	32.32805547399092	0.0
44.0	29.234390105074855	18.68263418953227	20.36446428087421	31.71851142451867	0.0
45.0	29.321069916833437	19.257960905842438	19.566955633958703	31.854013543365422	0.0
46.0	30.07951567723864	17.98048251558688	19.27035330261137	32.66964850456311	0.0
47.0	29.835302622958228	18.140207396697015	20.26794388089375	31.75654609945101	0.0
48.0	30.385901491188434	18.518300948938094	19.47853592408495	31.617261635788523	0.0
49.0	29.318276304611103	18.482367189053377	19.200422970554744	32.99893353578078	0.0
50.0	29.763965274921933	18.259136572954752	20.087580949109952	31.889317203013363	0.0
51.0	30.050120442723045	19.04847989081065	19.34269457262041	31.558705093845894	0.0
52.0	29.594041237672542	18.57683928878122	19.23987814909561	32.58924132445063	0.0
53.0	30.94957219758912	18.25335484774935	19.768855622901103	31.028217331760434	0.0
54.0	30.170893801708935	18.23726208237262	19.993218499932187	31.598625615986258	0.0
55.0	29.590009765978227	18.158389698701484	18.785039968170146	33.46656056715015	0.0
56.0	29.406737894893904	18.54390573638924	20.330338612903372	31.71901775581348	0.0
57.0	28.372658786503035	18.303745037215233	19.511544409575574	33.812051766706155	0.0
58.0	29.675079805753246	17.979580578942134	19.20537886255324	33.13996075275138	0.0
59.0	29.39519447282987	17.82494280210886	20.61565730098299	32.16420542407828	0.0
60.0	29.538280649391762	18.577759688870803	19.831320942432054	32.052638719305385	0.0
61.0	30.424637091303758	17.65703432370099	19.130375797042465	32.78795278795279	0.0
62.0	29.02146136276261	18.359981003640968	19.881046608923768	32.73751102467265	0.0
63.0	29.55827471558139	18.248478954153754	19.741252572772712	32.45199375749214	0.0
64.0	28.33271511675246	18.65370522830286	19.809468665466422	33.20411098947825	0.0
65.0	30.248170163486503	17.731093197260446	20.572881325263054	31.44785531398999	0.0
66.0	29.956521148999897	18.268356354653502	20.41515289987196	31.35996959647464	0.0
67.0	29.335722397933097	17.467320039636753	19.450967616410338	33.74598994601981	0.0
68.0	29.22379388048761	18.56577887582693	20.076199784613436	32.13422745907203	0.0
69.0	29.93149259269315	17.673915601046165	19.74678503877863	32.64780676748206	0.0
70.0	28.345747617453004	18.555809975473114	19.70884506430388	33.38959734277	0.0
71.0	29.640054666075354	17.713528043515645	20.88352686692793	31.76289042348107	0.0
72.0	30.134320522800095	18.22152024764215	19.673793016056916	31.97036621350084	0.0
73.0	30.224843180028422	17.724956325751062	19.02296405586683	33.02723643835368	0.0
74.0	29.352794749943428	18.14754469336954	20.531794523647882	31.96786603303915	0.0
75.0	30.14596392767431	18.10676865283215	19.69856751680282	32.048699902690714	0.0
76.0	28.878890885472064	18.523262708603966	19.07048743284163	33.527358973082336	0.0
77.0	29.05033496288249	17.822288611261996	21.672098497193552	31.455277928661957	0.0
78.0	29.92789277615075	17.86702033758674	18.92350659285446	33.281580293408055	0.0
79.0	30.47459959620103	17.381010583878826	19.070447528768415	33.07394229115173	0.0
80.0	30.930780026257416	18.056951423785595	19.68491104169496	31.327357508262033	0.0
81.0	30.108154848406656	18.475057382281438	19.51903009230964	31.897757677002268	0.0
82.0	29.994114451285764	18.138355668236148	18.815193770373053	33.05233611010504	0.0
83.0	29.574110712199893	18.463955378284037	20.151757296981607	31.810176612534462	0.0
84.0	30.94796128109239	17.921077175222074	18.867318018417738	32.263643525267796	0.0
85.0	29.67111577956064	17.530380136552147	18.9135592299473	33.884944853939906	0.0
86.0	30.557165365738815	17.625459550500754	19.764746364344315	32.05262871941612	0.0
87.0	29.643867871131334	18.879757295840975	20.00045280626684	31.47592202676085	0.0
88.0	29.974687900454168	17.665038058711392	18.922039639019577	33.43823440181487	0.0
89.0	30.010506009256154	18.478802314944797	20.196444259281062	31.314247416517983	0.0
90.0	30.35535569533695	18.44072801047002	19.298889145506994	31.905027148686038	0.0
91.0	30.241604963430923	18.030930869732583	19.5380748590449	32.189389307791586	0.0
92.0	29.029029482360404	18.32888003260722	20.418912186948056	32.22317829808433	0.0
93.0	30.063269640988942	18.39710870874679	19.677900009510825	31.861721640753437	0.0
94.0	30.21196612165406	17.55106662439422	19.98278907559219	32.254178178359524	0.0
95.0	30.16886811255458	18.366672102335528	20.76199017955826	30.70246960555163	0.0
96.0	30.100926823523018	18.798300370548212	19.469635884287488	31.631136921641286	0.0
97.0	30.02106693849813	18.475931589081437	19.741760108732585	31.761241363687848	0.0
98.0	29.014412512289827	18.202989429616103	20.817720911055634	31.964877147038433	0.0
99.0	30.19641603044788	18.379284565370064	19.395120183049773	32.02917922113228	0.0
100.0	29.82654394946084	18.45296445557855	19.840340558399593	31.880151036561017	0.0
101.0	29.79734152816671	18.4515583518202	20.59770156744372	31.15339855256937	0.0
102.0	30.23647725409463	18.055074787298	19.74758148262858	31.960866475978793	0.0
103.0	29.47816204225641	17.481776978515775	19.727875631586876	33.312185347640934	0.0
104.0	29.96403930970115	18.11210951082481	20.206156323774316	31.717694855699722	0.0
105.0	30.69709212475294	18.04570238875921	19.255444527498934	32.00176095898892	0.0
106.0	29.451371685686578	17.73286944052505	20.090174143644376	32.72558473014399	0.0
107.0	29.717428758326502	18.05986788159095	20.288099208579403	31.934604151503148	0.0
108.0	29.539347940500267	19.169829090606907	19.999907666454302	31.290915302438528	0.0
109.0	28.777973637579173	18.49024479390768	19.949477424459033	32.782304144054116	0.0
110.0	29.439984425986353	17.494345149807177	21.103252002373182	31.962418421833284	0.0
111.0	29.184294239208675	18.66672858569206	19.913622959574617	32.235354215524644	0.0
112.0	29.159801539650182	17.81349195267484	18.957524644642408	34.06918186303257	0.0
113.0	30.467110111856403	17.494472483697326	20.532973850416546	31.50544355402972	0.0
114.0	30.062629503688076	18.244409416409024	19.043298081825284	32.649662998077616	0.0
115.0	29.649881355455303	17.19220416240703	20.346835989157857	32.8110784929798	0.0
116.0	30.12179065174457	17.843035831844258	20.199379290886863	31.83579422552431	0.0
117.0	30.303816210761592	18.104484861059372	19.478565938444564	32.113132989734474	0.0
118.0	29.864439465698645	18.029361995783823	19.884102360492705	32.22209617802482	0.0
119.0	30.563200803422124	17.705130816638796	19.689052899851728	32.042615480087356	0.0
120.0	30.082941257459726	18.18773115068532	19.73166343035925	31.9976641614957	0.0
121.0	29.856976273767877	17.410818400323645	19.551652745056046	33.18055258085243	0.0
122.0	29.806513181438625	17.665274961231063	20.50196826911607	32.02624358821424	0.0
123.0	28.98176320875672	18.475993646784165	19.728935836347283	32.81330730811183	0.0
124.0	29.116402268735786	17.9353928540581	19.245866083167783	33.702338794038326	0.0
125.0	29.19752284439825	17.877094972067038	20.399482241758456	32.52589994177626	0.0
126.0	29.65753953694943	18.169135111128277	19.65696024098712	32.516365110935176	0.0
127.0	30.106048133262313	17.644181879812116	18.97535228318241	33.27441770374316	0.0
128.0	29.360707971479084	17.641487439529055	21.043403081346778	31.95440150764508	0.0
129.0	29.96215091894841	17.98732518547024	19.16176706983813	32.88875682574322	0.0
130.0	30.082222298218277	17.627718148019678	19.76950397920748	32.520555574554564	0.0
131.0	30.34357409158383	17.827345812981644	20.40084460535276	31.428235490081768	0.0
132.0	30.675955859954602	18.292766810459185	18.982577849401082	32.04869948018513	0.0
133.0	30.20642891286029	17.977400740167646	19.859358291405282	31.95681205556678	0.0
134.0	31.078007732544915	17.134706469826266	20.19311585962761	31.594169938001205	0.0
135.0	29.6798964239475	18.143667127996785	20.442876914147952	31.733559533907762	0.0
136.0	28.504579848665866	18.299482277976903	19.998506571087216	33.19743130227001	0.0
137.0	30.62227728707885	17.808540825706405	22.900263778426122	28.668918108788617	0.0
138.0	30.716109068842563	19.608118477208787	19.717448106039708	29.958324347908942	0.0
139.0	30.743593616271458	18.984040678648746	19.8253033277954	30.4470623772844	0.0
140.0	29.13368324804373	21.1863422125454	20.00121240900618	29.67876213040469	0.0
141.0	31.670518356342107	16.988485475075514	20.730199274260578	30.6107968943218	0.0
142.0	27.28876461616675	19.803253685815964	24.08337569903406	28.824605998983223	0.0
143.0	27.7850596461522	19.166330907366135	18.99955628770917	34.049053158772494	0.0
144.0	27.9660930189703	19.57892689319096	18.881233427860646	33.57374665997809	0.0
145.0	27.44706783853698	19.519457744269648	17.12754632367689	35.905928093516486	0.0
146.0	33.33264446798068	14.455839425486298	19.649711968174422	32.56180413835861	0.0
147.0	34.14449621463119	16.187604025900164	22.217062595547297	27.45083716392134	0.0
148.0	32.01043413452581	16.682371103835607	21.15361068966435	30.153584071974233	0.0
149.0	32.9798485227557	16.852412036299953	23.08094707394182	27.086792367002527	0.0
150.0	28.096535561003318	17.61551125457408	26.235271281605186	28.052681902817415	0.0
