# Position (bp)	A	C	G	T	N
0.0	27.05790092798327	23.155143118546594	24.668670761991894	25.11828519147824	0.0
1.0	26.683836728322795	20.79398527537137	16.35578448971097	36.166393506594865	0.0
2.0	27.730852938128304	20.230075655508344	17.776453518499327	34.262617887864025	0.0
3.0	25.511046871773697	20.604480693784843	16.15475944662399	37.72971298781747	0.0
4.0	31.997744110333514	16.916608987669512	14.709426029890537	36.37622087210644	0.0
5.0	34.11602209944751	14.945262942500511	21.173521587886228	29.762635563740535	0.00255780642520974
6.0	31.222468362488225	17.24849132992132	22.384335293967865	29.142158735008785	0.0025462786138059227
7.0	35.12477469472722	18.97895458353431	19.372445482470617	26.52382523926785	0.0
8.0	26.814183965731374	26.12729070032697	20.239272045218364	26.819253288723292	0.0
9.0	27.074578502354314	20.64958736266518	17.277606197154576	34.99822793782593	0.0
10.0	26.42291840501656	17.820930996991073	24.430453361652635	31.325697236339728	0.0
11.0	27.413078633515266	20.34313725490196	20.67161916312917	31.572164948453608	0.0
12.0	27.002322997677002	21.71750328249672	19.36925563074437	31.908393091606907	0.0025249974750025253
13.0	26.648171500630518	22.042875157629254	19.62421185372005	31.684741488020173	0.0
14.0	30.49432534678436	19.98486759142497	19.924337957124845	29.59394703656999	0.0025220680958385876
15.0	29.586380832282472	18.74653215636822	19.886506935687265	31.78058007566204	0.0
16.0	30.259773013871378	17.851197982345525	20.098360655737704	31.788146279949558	0.0025220680958385876
17.0	29.482976040353087	18.96595208070618	22.582597730138716	28.96595208070618	0.0025220680958385876
18.0	31.944514501891554	18.26986128625473	19.192938209331654	30.58511979823455	0.007566204287515763
19.0	31.21311475409836	19.26607818411097	20.083228247162673	29.437578814627997	0.0
20.0	29.810844892812106	17.727616645649434	22.01513240857503	30.446406052963432	0.0
21.0	28.337957124842372	17.977301387137455	19.800756620428754	33.88146279949559	0.0025220680958385876
22.0	27.644388398486758	20.005044136191678	20.421185372005045	31.929382093316523	0.0
23.0	30.065573770491806	17.2484237074401	20.73139974779319	31.952080706179064	0.0025220680958385876
24.0	29.793190416141236	18.12862547288777	19.78562421185372	32.29255989911727	0.0
25.0	29.02900378310214	18.01513240857503	19.437578814627994	33.51828499369483	0.0
26.0	29.702395964691046	17.687263556116015	22.474148802017655	30.136191677175283	0.0
27.0	30.085750315258515	18.31021437578815	20.239596469104665	31.364438839848674	0.0
28.0	29.568726355611602	17.528373266078184	21.049180327868854	31.851197982345525	0.0025220680958385876
29.0	29.604035308953343	18.365699873896595	19.470365699873895	32.55485498108449	0.005044136191677175
30.0	29.798234552332914	17.755359394703657	19.664564943253467	32.77931904161412	0.0025220680958385876
31.0	30.307692307692307	18.24968474148802	19.679697351828498	31.76292559899117	0.0
32.0	27.941992433795715	19.32156368221942	19.359394703657	33.377049180327866	0.0
33.0	30.022448104522407	17.224506267813453	20.473175776225187	32.279869851438946	0.0
34.0	28.566383290028003	18.23112434096012	19.96417850205595	33.238313866955934	0.0
35.0	30.67507886435331	17.335015772870662	20.87570977917981	31.111671924290217	0.0025236593059936906
36.0	31.202200964183852	18.778868724601832	18.332113379943966	31.68681693127035	0.0
37.0	27.705824433840792	20.656921406750993	18.859350147693707	32.775379332979874	0.002524678734631018
38.0	31.101179203595684	18.872307653460595	18.847057041133247	31.17693104057773	0.0025250612327348937
39.0	31.638246810660604	17.979032461791082	18.643425539977265	31.73929518757105	0.0
40.0	28.719206838990342	20.61308108654965	19.388942283372955	31.2762405786838	0.0025292124032576255
41.0	29.817629179331306	18.019250253292807	20.825734549138804	31.337386018237083	0.0
42.0	28.14495691839838	19.5590471363406	20.81094779523568	31.48251393816523	0.002534211860111505
43.0	30.798295886798194	18.636202262007405	20.46710960085206	30.095856367601563	0.002535882740782066
44.0	28.54206840556176	19.537196792854967	20.125849994925403	31.79488480665787	0.0
45.0	30.534331767990864	18.611498921182893	19.88577230613022	30.96839700469603	0.0
46.0	30.722157330760247	17.358183941902393	20.00660200091412	31.91305672642324	0.0
47.0	30.65003683288033	20.179338024233495	18.871135722813523	30.29948942007265	0.0
48.0	29.478579051684704	18.785892158357473	18.661381308126238	33.069065406311935	0.005082075519642222
49.0	26.964635293519436	20.229832456207255	21.012889939745254	31.79264231052806	0.0
50.0	29.807374233441053	19.0590091350925	18.260006615944427	32.873610015522026	0.0
51.0	30.9008940169634	17.880339267975852	19.209902957133032	32.00886375792771	0.0
52.0	28.44577023099281	18.83636734485748	21.472642904492375	31.245219519657336	0.0
53.0	30.02348376557076	19.86420257300388	19.473657341229327	30.636103736981823	0.002552583214212783
54.0	30.388674520225894	19.180742595763167	19.625380113970305	30.802647382004956	0.002555388035673217
55.0	29.735744800593487	18.832979458187307	18.8611189276304	32.57015681358881	0.0
56.0	31.33319680524268	17.76827769813639	21.684927298791727	29.213598197829207	0.0
57.0	27.531069827033956	19.94106342088405	19.77706598334401	32.75080076873799	0.0
58.0	29.673430645699188	17.849721659269903	22.518662938354584	29.95818475667633	0.0
59.0	26.700089985859364	22.128808330119554	22.123666281012984	29.044864378454815	0.002571024553284484
60.0	30.145278450363193	19.10772242542888	20.36989335943537	30.37710576477255	0.0
61.0	28.758980720525145	21.135059699178164	19.204527833772676	30.90143174652401	0.0
62.0	31.185413483204265	15.909973841651343	21.900494677682524	31.00411799746186	0.0
63.0	25.609439160039503	21.391444461770362	25.12604605228962	27.87307032590051	0.0
64.0	25.757931844888365	22.472907690298992	18.780519650084866	32.98602950776864	0.0026113069591330463
65.0	27.7422231548025	19.246708283061427	19.078843833604363	33.929601846508945	0.002622882022766616
66.0	27.821922854286164	18.299742145976953	19.460085249697418	34.41824975003947	0.0
67.0	33.163319238900634	14.91014799154334	18.94556025369979	32.98097251585624	0.0
68.0	34.90513019509193	16.608237214654643	22.062247437578613	26.424385152674816	0.0
69.0	31.992657333077616	17.4114359297515	20.515630565220967	30.080276171949915	0.0
70.0	31.6274699785666	17.220118030476524	24.900907249185238	26.25150474177163	0.0
71.0	25.381222903274033	20.57856181791	23.76289430408133	30.27732097473464	0.0
