# Position (bp)	A	C	G	T	N
0.0	26.155557736182324	24.096607217329442	23.881964036013052	25.865871010475182	0.0
1.0	26.182726982803032	20.187706989181365	15.692404876971763	37.93716115104384	0.0
2.0	28.45705789466713	19.25960009752044	18.271138708109255	34.01220329970317	0.0
3.0	22.89372683692027	22.507031301629752	15.370261680040617	39.22898018140936	0.0
4.0	34.005944751034434	13.196104209430985	14.781812484614655	38.01613855491993	0.0
5.0	34.380805160384995	15.043041002795853	23.075106111666724	27.50104772515243	0.0
6.0	30.653990730712643	17.51068448877473	21.240229275866955	30.595095504645677	0.0
7.0	34.92610702187985	17.16822192554663	20.042566356105173	27.863104696468344	0.0
8.0	22.671230055906953	26.80100498176393	22.579387823041234	27.948377139287885	0.0
9.0	27.68877237589593	18.670853028403556	15.737821741984733	37.90255285371578	0.0
10.0	26.283057933291136	16.506180750613222	25.181747848516327	32.02901346757931	0.0
11.0	28.050858509765696	18.046551375022737	19.627970930149893	34.274619185061674	0.0
12.0	26.09758393519638	19.527315863248347	21.256739550479274	33.118360651076	0.0
13.0	26.737684953072577	20.826896328222787	18.6407864332855	33.794632285419134	0.0
14.0	30.7836705416988	18.176292471363805	20.18018874908746	30.859848237849935	0.0
15.0	29.68384356251278	18.529970254540142	20.0169245636115	31.769261619335577	0.0
16.0	29.734158838892572	17.583221834844302	18.710284025751616	33.97233530051152	0.0
17.0	30.472561566041833	17.968437061656502	19.4278007039481	32.131200668353564	0.0
18.0	31.280069659385802	17.6753459803426	18.715297167783124	32.32928719248848	0.0
19.0	29.891613172723215	18.304856888890633	19.963079250788986	31.840450687597166	0.0
20.0	29.58807906693292	17.94193727419411	19.73740205987432	32.73258159899864	0.0
21.0	29.22289189410479	18.295063489176272	19.704111855088083	32.77793276163086	0.0
22.0	29.62383294298648	19.162913142963045	22.234731244107415	28.978522669943064	0.0
23.0	29.786055277428996	20.221924075780077	21.010519508599316	28.98150113819161	0.0
24.0	32.42147262334168	19.442668531048877	18.19639406777376	29.939464777835685	0.0
25.0	29.302979595899075	21.147381963180738	19.40845904593901	30.141179394981172	0.0
26.0	32.05453268936317	16.770786398965697	21.727460104459663	29.447220807211473	0.0
27.0	26.16818466405084	21.163058756966308	24.82102224952553	27.847734329457317	0.0
28.0	26.289309039491794	19.70270229192519	18.640492263581937	35.367496405001084	0.0
29.0	27.604823696742415	20.138171509762266	17.56434594553252	34.692658847962804	0.0
30.0	26.44317386807081	19.016233476370395	16.26131585336366	38.279276802195135	0.0
31.0	34.02964511062006	14.44494733012078	18.236089048234625	33.28931851102453	0.0
32.0	34.03876217675753	15.79622218136735	22.490594902353962	27.67442073952116	0.0
33.0	31.3119120584898	17.731858192145825	20.703372182439388	30.252857566924984	0.0
34.0	33.50059354036332	16.7036856378399	21.67554426825262	28.12017655354417	0.0
35.0	26.270766468300405	20.467578120646806	25.409008530863787	27.852646880189003	0.0
