# Position (bp)	A	C	G	T	N
0.0	26.700698122360055	24.102809226221712	24.4032202702281	24.793130544058865	1.4183713125891803E-4
1.0	27.03691095519862	20.080458000387036	15.117233352214217	37.76511518517629	2.8250702383088E-4
2.0	28.24431348760093	19.967009009186526	17.927450784450887	33.860382239474625	8.444792870342873E-4
3.0	23.56838146557773	22.27161741180433	14.9542533187393	39.20294125901603	0.002806544862619629
4.0	34.73149386439559	13.56995372416919	14.278499924459043	37.418653580361585	0.0013989066145900365
5.0	36.365946526334014	14.6801954194551	22.71353233650236	26.23557846029687	0.0047472574116556344
6.0	32.384562937721086	17.420723945181948	20.202618762452786	29.99195492527283	1.3942937135479337E-4
7.0	35.538831894702234	16.71858369600954	20.436966782388705	27.305060377926253	5.572489732687667E-4
8.0	22.74988516626533	27.11050485085534	22.46760296758209	27.67186782289158	1.3919240566234706E-4
9.0	28.919500513980406	17.967336162659844	15.760211100585758	37.35170030838824	0.0012519143857482066
10.0	26.75645354793955	16.81905320623411	25.287314776327513	31.13537123974571	0.001807229753118514
11.0	28.411530226761496	18.40615330750004	19.626727873699362	33.5554496535569	1.3893848220823264E-4
12.0	26.36489513733322	19.726208514284682	21.266407142966266	32.64235032366392	1.388817519099713E-4
13.0	27.569865128236447	21.459269171613073	18.404387635551952	32.566339250515	1.388140835216578E-4
14.0	31.694031549664903	18.298472489824928	20.37874034548049	29.62875561502968	0.0
15.0	29.810046808108964	18.783072455399036	19.374281637117775	32.03232147120718	2.776281670433156E-4
16.0	30.613086281281753	17.508897982753737	19.052371777431052	32.825366330366414	2.776281670433156E-4
17.0	30.12293375236678	18.19463955535073	20.200503062238685	31.4812295596262	6.940704176082889E-4
18.0	31.48456109763072	17.952270165521913	18.531124893807227	32.03204384304014	0.0
19.0	30.81103516438364	18.333314824788864	19.43924662820591	31.416264568538065	1.388140835216578E-4
20.0	30.34795138175539	17.99058285257389	19.61012676502107	32.05064493023204	6.940704176082889E-4
21.0	30.45372771339889	17.002226577899687	19.370811285029735	33.17281798142112	4.164422505649733E-4
22.0	28.8751339555906	18.854839336579733	19.802800712949136	32.467087180797016	1.388140835216578E-4
23.0	29.965240953486177	17.566505827415227	19.95591264707352	32.511230059356905	0.0011105126681732623
24.0	30.85490041477648	17.865372549237353	18.519325696707885	32.760262525194754	1.388140835216578E-4
25.0	29.618899815099642	17.883973636429257	19.37400400895073	33.122567283186285	5.552563340866311E-4
26.0	31.819658295252	17.732805099474174	19.872485382877006	30.57449596606273	5.552563340866311E-4
27.0	29.156093660638433	18.170347090734438	19.832506926822767	32.840913507720835	1.388140835216578E-4
28.0	30.364609071777988	17.925062605151666	19.93578460496288	31.774266089940422	2.776281670433156E-4
29.0	29.341965718473933	18.534178803644703	19.369006701943952	32.75484877593741	0.0
30.0	30.066923663157834	18.344663112026684	19.25932815360931	32.32811335238828	9.717188178901764E-4
31.0	30.75692919353988	18.14514449759703	19.378697814142413	31.71811793580414	0.001110558916538721
32.0	29.475288718228498	18.313460745565628	19.381707779253933	32.82940393342579	1.388235261453288E-4
33.0	29.826658448005865	18.09368717999978	19.3470329523873	32.73248259087729	1.3882872977265406E-4
34.0	29.938009787928223	18.080594217486375	19.525459026066432	32.45496511748985	9.718510291208219E-4
35.0	30.47601015198745	17.585547757638704	19.30576109973367	32.632680990640175	0.0
36.0	30.921824367436894	17.480224131157406	19.056721009091746	32.540951860840295	2.78631473654001E-4
37.0	29.280955361711086	18.894631109202717	19.284566129326823	32.53845328098882	0.0013941187705545385
38.0	30.843410143135813	18.354119515196842	19.110543045396575	31.691648224686116	2.7907158465217914E-4
39.0	29.933755764394736	18.787278982027807	19.574689362201784	31.703856535590024	4.193557856420966E-4
40.0	29.919298679126605	18.72458778866026	19.594780528349357	31.75978861532932	0.00154438853445952
41.0	29.9621404008348	18.0944331008324	20.32663958310697	31.615093604789813	0.0016933104360133263
42.0	29.226197134042486	18.42116068306123	19.630010859546562	32.72234815394788	2.83169401847114E-4
43.0	29.52632161748547	18.38353667366078	20.36578544637863	31.724072333695812	2.8392877930499914E-4
44.0	29.62852821361442	18.718865564692038	19.75842310532599	31.8940408281742	1.422881933525802E-4
45.0	29.397270821747874	18.667778870970043	19.6515093182758	32.28287062782507	5.703611812180063E-4
46.0	30.12096555310171	17.499578591896963	19.764325732750123	32.61498727204678	1.4285020441864252E-4
47.0	29.761337642216755	18.34651605602693	19.614718298878003	32.27699883122253	4.291716557871652E-4
48.0	30.417079754038706	17.83577556318374	19.001255021518748	32.74488679018218	0.0010028710766250809
49.0	29.43138245356233	18.030904874520697	19.950118246733865	32.58745092186531	1.4350331779670747E-4
50.0	29.804026582817915	18.475375188602097	19.59230273084321	32.12786358453405	4.319132027227808E-4
51.0	30.180242107624295	18.202354507499837	19.38206840661925	32.234900834280005	4.3414397661411115E-4
52.0	29.79056601027522	18.33835450959845	19.62624983626599	32.2445385611783	2.910826820358323E-4
53.0	31.311315206610118	17.83930551613762	19.384602330745892	31.46477694650637	0.0
54.0	30.180112647570667	18.316547904614083	19.223284417478013	32.27976106486054	2.9396547669441705E-4
55.0	29.13971019113451	18.620891213185313	18.283464776133943	33.95563860831521	2.952112310160728E-4
56.0	29.31004343523528	18.081175891963	20.39204299673495	32.21673767606677	0.0
57.0	28.20252307171281	18.799156896559406	19.485849498014783	33.51247053371299	0.0
58.0	30.832320415653747	17.729932313265646	21.896896896896898	29.54055245721912	2.9791696458363124E-4
59.0	29.483714934039618	20.271519844879947	21.026057001838915	29.218409451806572	2.9876743494712565E-4
60.0	31.3735755990135	18.94145779452622	19.5013171396168	30.183649466843487	0.0
61.0	29.302278581813574	20.788213150258507	19.695223846381236	30.211720489137978	0.0025639324087089244
62.0	31.070787237210318	16.396496036315796	21.448560220957543	31.083548811502432	6.07694013910116E-4
63.0	26.7794292581828	20.34969280011773	25.341690887016664	27.529187054682808	0.0
64.0	26.320894899923076	19.89814674653461	18.194105053737864	35.586544372739034	3.0892706540912757E-4
65.0	27.755404486108752	19.322740483481038	18.517768994509506	34.40299634330298	0.0010896925977181837
66.0	26.69901086326086	19.39335036759519	16.93257880958726	36.97082752026085	0.004232439295847507
67.0	33.55895406645872	14.13916223708479	17.698447634690055	34.600596080510314	0.0028399812561237096
68.0	34.58091513129818	15.297368921595112	22.77358915793024	27.346208744048067	0.0019180451284051296
69.0	31.727006191018443	17.04640646064842	20.368188898051073	30.857907619010223	4.908312718419916E-4
70.0	33.02616605763318	15.957796453234002	22.06303319880408	28.95300429032874	0.0
71.0	26.151737890209333	19.59139236884227	25.383838112866737	28.87303162808166	0.0
