# Position (bp)	A	C	G	T	N
0.0	0.40816326530612246	0.0	68.57142857142857	31.020408163265305	0.0
1.0	30.612244897959183	1.2244897959183674	0.40816326530612246	67.75510204081633	0.0
2.0	66.93548387096774	32.25806451612903	0.0	0.8064516129032258	0.0
3.0	30.241935483870968	68.95161290322581	0.0	0.8064516129032258	0.0
4.0	97.18875502008032	1.2048192771084338	0.8032128514056224	0.8032128514056224	0.0
5.0	98.39357429718876	0.4016064257028112	0.0	1.2048192771084338	0.0
6.0	68.27309236947792	0.0	1.2048192771084338	30.522088353413658	0.0
7.0	31.32530120481928	0.4016064257028112	2.0080321285140563	66.26506024096386	0.0
8.0	68.27309236947792	30.120481927710845	0.0	1.6064257028112447	0.0
9.0	0.8032128514056224	96.3855421686747	0.4016064257028112	2.4096385542168677	0.0
10.0	0.8032128514056224	66.26506024096386	0.0	32.93172690763052	0.0
11.0	30.923694779116467	0.4016064257028112	0.0	68.67469879518072	0.0
12.0	68.27309236947792	30.120481927710845	0.4016064257028112	1.2048192771084338	0.0
13.0	30.120481927710845	68.27309236947792	0.4016064257028112	1.2048192771084338	0.0
14.0	97.18875502008032	2.0080321285140563	0.0	0.8032128514056224	0.0
15.0	67.06827309236948	30.522088353413658	0.8032128514056224	1.6064257028112447	0.0
16.0	0.8032128514056224	66.66666666666666	1.6064257028112447	30.923694779116467	0.0
17.0	1.2048192771084338	1.2048192771084338	0.0	97.59036144578313	0.0
18.0	2.8112449799196786	0.0	30.923694779116467	66.26506024096386	0.0
19.0	1.2048192771084338	0.4016064257028112	67.46987951807229	30.923694779116467	0.0
20.0	0.4016064257028112	0.4016064257028112	30.522088353413658	68.67469879518072	0.0
21.0	0.4016064257028112	30.522088353413658	66.26506024096386	2.8112449799196786	0.0
22.0	0.4016064257028112	67.06827309236948	0.0	32.53012048192771	0.0
23.0	30.522088353413658	1.2048192771084338	1.2048192771084338	67.06827309236948	0.0
24.0	97.99196787148594	0.0	0.0	2.0080321285140563	0.0
25.0	68.27309236947792	0.0	0.8032128514056224	30.923694779116467	0.0
26.0	1.2048192771084338	0.4016064257028112	31.72690763052209	66.66666666666666	0.0
27.0	30.522088353413658	0.0	69.07630522088354	0.4016064257028112	0.0
28.0	67.06827309236948	30.120481927710845	1.6064257028112447	1.2048192771084338	0.0
29.0	0.8032128514056224	96.78714859437751	0.0	2.4096385542168677	0.0
30.0	0.7092198581560284	93.61702127659575	1.4184397163120568	4.25531914893617	0.0
31.0	14.285714285714285	0.0	71.42857142857143	14.285714285714285	0.0
32.0	66.66666666666666	33.33333333333333	0.0	0.0	0.0
33.0	33.33333333333333	66.66666666666666	0.0	0.0	0.0
34.0	0.0	50.0	0.0	50.0	0.0
35.0	NaN	NaN	NaN	NaN	NaN
