# Position (bp)	A	C	G	T	N
0.0	26.067885206446856	23.95351230295953	24.5119160313756	25.466686459218014	0.0
1.0	26.807707136060692	20.964935548476742	15.591188328327835	36.636168987134724	0.0
2.0	29.016594153595634	20.208997529602623	17.362418504258244	33.4119898125435	0.0
3.0	23.421706926777738	22.537542416023655	15.357649826513468	38.683100830685134	0.0
4.0	33.85647302854105	13.610063461234445	15.084837924558785	37.44862558566572	0.0
5.0	34.5466335171288	15.180799948861749	23.889623364344583	26.382943169664873	0.0
6.0	31.431461701881165	17.640029312651667	21.305187675832922	29.62332130963425	0.0
7.0	35.21433269859643	17.58199804385469	20.434840229894842	26.768829027654046	0.0
8.0	23.179053994786738	26.815292255439715	22.69232780076429	27.313325949009254	0.0
9.0	27.172703036054948	19.01233594355352	15.715774274517951	38.09918674587359	0.0
10.0	26.721705761492352	16.96915241171943	24.730317872744948	31.578823954043266	0.0
11.0	28.045117444275824	19.009035751673416	19.26353265392225	33.682314150128505	0.0
12.0	25.784659700714286	20.63427603603879	20.30151247793865	33.27955178530828	0.0
13.0	26.460382672880982	21.42428986384277	19.164075292314493	32.951252170961745	0.0
14.0	30.25640232882382	18.99673819456229	19.930866190941114	30.81599328567277	0.0
15.0	29.26665741454978	18.7164476873558	20.516493924780985	31.50040097331343	0.0
16.0	29.418257807863174	18.281308703248655	18.614767038586713	33.685666450301454	0.0
17.0	29.961069894416443	18.018370257559134	20.079044806357768	31.94151504166666	0.0
18.0	32.128913832163704	17.82942558770772	19.119279529899824	30.922381050228747	0.0
19.0	30.369095196813888	18.729092633085884	20.112150941744492	30.789661228355737	0.0
20.0	29.722327066037362	17.57114214951224	20.597383364705422	32.10914741974498	0.0
21.0	29.17789962240594	18.833812932270856	20.242543259870484	31.74574418545272	0.0
22.0	29.861404099637305	18.91982635432493	23.09825140201704	28.12051814402072	0.0
23.0	29.596780819145835	20.29901127988215	21.504675590269713	28.599532310702298	0.0
24.0	33.0249332970428	19.597060466984097	17.64824505349003	29.729761182483067	0.0
25.0	29.16183289877912	21.051177117650624	19.969791085695388	29.81719889787487	0.0
26.0	31.098454971747753	16.81545031726134	22.88066454053252	29.205430170458385	0.0
27.0	26.141601506693917	20.875450584750578	24.787828058613492	28.195119849942014	0.0
28.0	27.135827734152524	19.857480345186175	19.250245039247098	33.756446881414206	0.0
29.0	28.05484432560666	20.66309192198138	17.32373197509015	33.95833177732181	0.0
30.0	26.712219918605008	19.01503044958017	16.228641908864137	38.044107722950685	0.0
31.0	34.13824661836441	14.87431998484233	18.78434159570831	32.20309180108495	0.0
32.0	33.9048539765402	15.56147757701816	23.025917870297285	27.507750576144353	0.0
33.0	31.34286171889828	17.747905179428127	20.836771209650966	30.072461892022623	0.0
34.0	32.638701107892985	17.010902745487957	21.917023312249942	28.43337283436912	0.0
35.0	26.729310458762733	20.545286110744673	25.30826690651025	27.41713652398234	0.0
