# Position (bp)	A	C	G	T	N
0.0	26.549391822306344	24.21966765942049	25.026303337322904	24.20463718095026	0.0
1.0	26.5217029999169	20.216060496939143	15.203456967951027	38.05822553391873	5.540012742029307E-4
2.0	27.33406152080851	20.257954896509116	17.77660090913103	34.63138267355135	0.0
3.0	23.72599126205589	22.323523754568185	14.670953205286729	39.2756848844558	0.0038468936333910368
4.0	33.835848643919505	14.440616797900264	14.186898512685914	37.53444881889764	0.0021872265966754153
5.0	35.70941541616892	14.599049785356222	22.4565939550639	27.230031582909227	0.004909260501726423
6.0	31.47430075539627	17.46711116670383	20.80793138891759	30.250112847175014	5.43841807295094E-4
7.0	35.225552281569996	17.236720009116514	20.101366934192892	27.436360775120605	0.0
8.0	23.520585048754064	26.89544962080173	21.77573131094258	27.807692307692307	5.417118093174431E-4
9.0	28.70965647119943	18.187328181483647	15.722882438253565	37.37959174838193	5.4116068142953E-4
10.0	26.859854811595614	16.857206177263905	24.723650142431662	31.554424030140378	0.004864838568440171
11.0	27.973470732471352	18.78490337772881	19.65336962744526	33.588256262354584	0.0
12.0	26.325163672083722	20.09887790845158	21.138391290971995	32.43648767534367	0.001079453149034699
13.0	27.16063360614197	21.67642523641618	18.07761567409612	33.085325483345734	0.0
14.0	30.932509515953377	18.707339954064633	20.29782507898511	30.062325450996884	0.0
15.0	29.650955908517453	18.532656164073366	19.20712968653964	32.609258240869536	0.0
16.0	29.870388941006482	17.804267891609786	18.729445001563526	33.5958981658202	0.0
17.0	30.057473123497125	18.494376691575283	20.102653683994866	31.34495735343275	5.391474999730427E-4
18.0	31.841512200907925	18.216176581589192	18.14177422659291	31.800536990909972	0.0
19.0	30.22784373348861	18.64318140156784	19.63736939151813	31.491605473425423	0.0
20.0	30.573437280971326	17.620418594118977	19.806122559009694	31.999482418400028	5.391474999730427E-4
21.0	29.485976773525703	17.579982531621	19.132727331543364	33.80077421580996	5.391474999730427E-4
22.0	28.56942602357153	18.668521334066572	19.958701301502067	32.803351340859834	0.0
23.0	30.027820010998607	17.37941966163103	19.510130581524493	33.0820905983459	5.391474999730427E-4
24.0	30.68180592846591	17.965472994101727	18.624311239068785	32.72840983836358	0.0
25.0	29.508081821024597	18.181131994090943	19.085821499045707	33.22442553833878	5.391474999730427E-4
26.0	31.05543514594723	17.40368129912982	20.657436461467128	30.88182965095591	0.0016174424999191278
27.0	28.765136566061745	18.61945891156903	20.04819978649759	32.56666558837167	5.391474999730427E-4
28.0	29.97498355600125	17.610713939119467	20.29459019398527	32.118634015894074	0.0010782949999460854
29.0	29.310911865083	18.536530135811986	18.96892876205675	33.18362923704826	0.0
30.0	30.072840790842868	18.172995530346736	18.979042771724185	32.77458174505184	5.391620343661881E-4
31.0	30.376504968485303	18.42733826138061	19.071111614339863	32.120192592832225	0.004852562962004432
32.0	29.412018440136954	18.59272639042407	18.955058905993045	33.03803952228183	0.0021567411641010433
33.0	29.75658944825504	17.744596868124756	19.25391484405332	33.244898839566886	0.0
34.0	29.15374534158141	18.498303823274025	19.46261669641942	32.882098189486406	0.0032359492387429413
35.0	30.230960251464804	17.739413645536338	18.903682704220476	33.12594339877838	0.0
36.0	31.110930604066823	17.569653155714402	18.58825440662822	32.730620312457695	5.415211328622099E-4
37.0	29.085489771033735	19.184392358758977	19.420132773336945	32.30998509687034	0.0
38.0	30.725293323135507	18.318660396087942	18.849706812473897	32.10633946830266	0.0
39.0	30.036789279484406	18.773400861858157	19.43962917275746	31.74963726965944	5.434162405377647E-4
40.0	29.267041143300087	19.31229495220783	18.930175938511592	32.488850313064646	0.0016376529158410168
41.0	29.447522610333486	17.67751926065445	20.462695008978237	32.41171399232319	5.491277106316615E-4
42.0	28.518359293186503	18.93140205253701	19.359105790535402	33.19113286374108	0.0
43.0	29.066700580029085	18.583048110896694	20.171631103714066	32.17806727010334	5.5293525681078E-4
44.0	29.343680709534368	18.820953436807095	19.735033259423503	32.100332594235034	0.0
45.0	29.117736960569097	18.647289298913496	20.00555756245311	32.22830466557368	0.0011115124906216135
46.0	29.716605503054467	17.25760554203583	19.841512922321282	33.184276032588414	0.0
47.0	29.882031402515548	18.92684831413671	19.59171152076303	31.599408762584712	0.0
48.0	30.274942312957098	18.279389662705398	18.772732605889946	32.672376706167626	5.587122799372008E-4
49.0	28.606291279525355	18.760214933393037	19.84663606851002	32.78685771857159	0.0
50.0	29.462470658265666	18.445702348461875	19.199321630333458	32.89194379864551	5.615642934959623E-4
51.0	30.354734020036688	18.143078876816706	19.231832933540286	32.27035416960632	0.0
52.0	29.128539315637703	18.813151381667083	19.62716559569492	32.43057605413138	5.676528689175995E-4
53.0	30.677609163389814	18.552782517877628	19.410566205719697	31.35904211301286	0.0
54.0	29.861553014016685	18.993321294464987	18.77776822312036	32.36735746839797	0.0
55.0	29.1164242361423	18.459846364693824	18.31588524571284	34.107268308975115	5.758444759239425E-4
56.0	28.976343365102853	18.058341087869977	20.82627718663484	32.13903836039233	0.0
57.0	27.50960830574991	19.24327708440817	19.345881616398174	33.90123299344374	0.0
58.0	30.19119169176736	17.965506413760217	22.047518810983053	29.795783083489365	0.0
59.0	28.495991410999988	21.304454376772355	20.578590517090475	29.62096369513718	0.0
60.0	30.66665103546914	18.74571363255353	19.889917291426094	30.697718040551237	0.0
61.0	28.992600017689202	21.360889177157347	19.372623013650166	30.271529231404227	0.002358560099059524
62.0	31.428113136929902	16.73528310966155	21.139805259999882	30.69679849340866	0.0
63.0	25.935256329512534	21.032395827710097	24.899981405838567	28.131766625279663	5.998116591390304E-4
64.0	26.160197083693987	20.779739602564025	17.685477183446423	35.37458613029557	0.0
65.0	27.36066835220402	19.49543805650214	18.98977684951083	34.152895337901384	0.0012214038816215358
66.0	27.283079726202786	19.43849411532969	17.1683409661693	36.105160781996354	0.004924410301866352
67.0	33.40054597344584	14.260454150639038	17.396699342350168	34.93981883608388	0.002481697481077057
68.0	34.25227535576004	15.625785689143662	23.25514154975612	26.86365464876552	0.003142756574646754
69.0	31.737600082515698	17.04207011255657	20.36203762200075	30.85764752904166	6.446538853289668E-4
70.0	32.40490788987242	16.415203576983977	22.399397325632496	28.7790961279567	0.0013950795544115902
71.0	25.888975292495847	20.14598282139196	24.75257148916617	29.211586723693046	8.836732529779788E-4
