# Position (bp)	A	C	G	T	N
0.0	27.056761669785327	24.012282892025016	23.639081066494274	25.29187437169538	0.0
1.0	27.12018401889828	20.069228689574476	15.225140976263393	37.58544631526385	0.0
2.0	27.99565826351159	20.018822046242143	17.913197671250426	34.0721747416387	1.4727735713728165E-4
3.0	23.709015701130618	22.026531370679766	15.12003161084581	39.14412753624891	2.9378109489276255E-4
4.0	34.09393142314835	14.081218987808949	14.535380992272948	37.28858985699975	8.787397700045109E-4
5.0	35.91770601645704	14.754453155046276	22.570451318362018	26.74993163615519	0.007457873979477686
6.0	32.41195941496577	17.59629016926979	20.120516935009334	29.86349493271113	0.007738548043972474
7.0	35.28991404228758	16.9393862496828	20.381049051606713	27.38877562032767	8.750360952389287E-4
8.0	23.35606688647453	26.523077640353343	21.915125801878617	28.20485549065574	8.741806377730539E-4
9.0	29.047645387428094	18.234855718843885	16.10688334070848	36.610615553019535	0.0
10.0	27.07919704791037	17.1205489932554	24.821203380881528	30.978468770772334	5.818071803733166E-4
11.0	28.474057021942023	18.696645477454855	19.606706138476877	33.22084739407574	0.0017439680505053146
12.0	26.594389700169195	19.81308682676039	21.16519377537016	32.42210135719006	0.005228340510198895
13.0	27.830992374832007	21.022329812462086	18.455402781285105	32.69112990070156	1.451307192388184E-4
14.0	31.522537349390596	18.393722225608606	20.512630726495352	29.569803522032295	0.0013061764731493656
15.0	29.84540675786681	18.91967595213008	19.25202529918698	31.98245659865841	4.353921577164552E-4
16.0	30.640723099295535	17.6085650345266	19.112990070156187	32.63568996595234	0.0020318300693434577
17.0	30.04191375171617	18.37224287916126	20.471123340793053	31.111382021787026	0.0033380065424928234
18.0	31.912213330546823	18.063259577901817	18.39328683345089	31.622242153507663	0.008998104592806741
19.0	30.565980778887543	18.375435754984515	19.762159777311425	31.296423688816517	0.0
20.0	30.293425288157046	18.139308074782956	19.59787180313308	31.969394833926916	0.0
21.0	30.22361741220317	17.317868203891244	19.274955952826712	33.18326816964039	2.902614384776368E-4
22.0	28.869257540266517	18.886441017424392	19.73908399295245	32.504491795760444	7.25653596194092E-4
23.0	29.804044502883748	17.583892812256	20.11598847081566	32.49578395260611	2.902614384776368E-4
24.0	30.9370800279812	17.932061407709924	18.650168206503597	32.47865852773593	0.0020318300693434577
25.0	29.458633391095358	18.160642290511063	19.274375429949757	33.10605862700534	2.902614384776368E-4
26.0	31.71120728440106	17.540063335045875	20.16417186960295	30.584412380230873	1.451307192388184E-4
27.0	28.99784335751211	18.206213336352054	19.88784298017224	32.907955195244355	1.451307192388184E-4
28.0	30.13639384994064	17.988372126774586	19.975647065311726	31.896684343588273	0.002902614384776368
29.0	29.256030907037967	18.635945396018194	19.470882423799114	32.63409352804071	0.0030477451040151864
30.0	30.069591088857443	18.32313776713472	19.18537063241537	32.420158920213346	0.0017415913791226734
31.0	30.5468193277128	18.366348776016984	19.36196429426679	31.721674665939066	0.0031929360643579803
32.0	29.42529636467078	18.38157604467821	19.567760400339036	32.62493178677999	4.354035319934515E-4
33.0	29.622356714706612	18.20713777739075	19.397831671528714	32.77122247862876	0.001451357745170607
34.0	29.85365556298994	18.105316324886683	19.54074871805292	32.5001342542936	1.4513977686210705E-4
35.0	30.366439654934418	17.616681947699636	19.46827817388992	32.5484549204684	1.4530300762695487E-4
36.0	30.898546511627906	17.47485465116279	19.10813953488372	32.518313953488374	1.4534883720930232E-4
37.0	29.1350019264181	18.908411541061785	19.369297984167027	32.58714315830795	1.4539004514360903E-4
38.0	30.514994618807993	18.41982023909945	19.177259373454724	31.885889641932575	0.0020361267052561157
39.0	29.99355252797664	18.687917612077584	19.441238496793	31.87670919863599	5.821645167816199E-4
40.0	29.980941381990405	18.65994730080682	19.40843916188743	31.946880846453453	0.0037913088618928255
41.0	29.554118721461187	18.372529680365297	20.407232876712328	31.664657534246576	0.0014611872146118722
42.0	29.408579727959843	18.513217873579617	19.424018262835567	32.65257443056683	0.0016097050581323031
43.0	29.558979076997005	18.328357246871512	20.14113724329693	31.968742949730295	0.0027834831042575572
44.0	29.6528108754152	18.82021689238237	19.87769557343032	31.64883671479165	4.3994398046648723E-4
45.0	29.58272232326213	18.558265773601136	19.81448780108301	32.04452410205373	0.0
46.0	30.1495865874513	17.676691994429067	19.523238662741157	32.649895104278684	5.876510997890333E-4
47.0	29.951282473450856	18.291564253037127	19.611524032411708	32.143718173372065	0.0019110677282402888
48.0	30.310215488710746	18.03397808340075	18.78031918805619	32.875045966021915	4.412738103993528E-4
49.0	29.375361574277846	18.018285906073856	19.935641618616238	32.670122077780604	5.888232514525534E-4
50.0	29.813291036613588	18.285567718483097	19.575696289111445	32.324855317505474	5.896382863932121E-4
51.0	30.18204758471521	18.221010081908116	19.416537638729654	32.18040469464702	0.0
52.0	29.81587094671664	18.159746396669977	19.767283392833335	32.25695113099382	1.481327862295762E-4
53.0	31.365872564495124	17.752586412997477	19.339701792187082	31.53144457495512	0.010394655365201367
54.0	30.213352300627648	18.555162387617294	19.15334640806864	32.07575807176423	0.0023808319221944128
55.0	29.056083920879882	18.39362363524951	18.23722617398733	34.311724442284266	0.0013418275990082404
56.0	29.36740015472247	18.051452688676285	20.51894752877151	32.062199627829735	0.0
57.0	28.121579183490354	18.98594287423359	19.713174816808735	33.17840586212053	8.972633467922835E-4
58.0	30.553775099439306	17.800085062538937	21.833517036469065	29.812473043561603	1.4975799108640436E-4
59.0	29.419151381308307	20.397664363235926	21.01532986668507	29.15930278962166	0.00855159914904087
60.0	31.256131692196576	18.8550663576996	19.621415029040897	30.26723645008878	1.5047097414908663E-4
61.0	29.022203908890166	21.063602101605788	19.48151133288355	30.43222985445429	4.528021662055631E-4
62.0	31.10830145945233	16.658252871681288	21.522032772868467	30.71035169663039	0.0010611993675251768
63.0	26.61590116890761	20.176845687728147	25.176952423356198	28.028166007447098	0.0021347125609536676
64.0	26.37809937303739	19.980046313395484	18.129962560018146	35.50959294172819	0.0022988118207968905
65.0	27.96883660774774	19.381197265504714	18.594413992732648	34.04939336084252	0.006158773172384061
66.0	26.70612355421454	19.61270357046149	17.187110750067696	36.486634946423735	0.007427178832540327
67.0	33.60548808266953	14.135668961142148	17.966256128146483	34.291498416361	0.0010884116808341586
68.0	34.456487726178445	15.563089376944934	22.971096647991107	27.009326248885518	0.0
69.0	31.85196374136881	17.226545740285744	20.419503556926085	30.501986961419362	0.0
70.0	33.22336217188423	15.947955454748659	22.110268037378646	28.718414335988466	0.0
71.0	25.99914952078767	19.91887736743973	25.482755988791123	28.599217122981475	0.0
