# Position (bp)	A	C	G	T	N
0.0	27.856775230860194	22.801883461860747	21.638118409691238	27.703222897587825	0.0
1.0	27.506614205277796	19.480106505664473	15.190624788006241	37.82223051353368	4.239875178074758E-4
2.0	28.086616668427165	20.045209675715643	17.408682792859405	34.45906834266399	4.225203337910637E-4
3.0	25.14653890075808	20.98445486686135	15.26870030213772	38.59988453872377	4.2139151907428715E-4
4.0	33.63670742468171	14.895163662338753	14.456069582755578	37.010798773057694	0.0012605571662674903
5.0	35.2640809613319	14.940252416756175	20.998506310418904	28.788349221267456	0.008811090225563908
6.0	32.42463211423832	17.923670773136067	19.711472003820234	29.934779603651002	0.005445505154380071
7.0	35.07907038979068	16.652868026459938	19.740000167256245	28.527225135268488	8.362812246502254E-4
8.0	24.819554902091827	25.222632493483925	21.18976809463343	28.766791418833122	0.0012530909576956492
9.0	29.368921908259942	18.602612796861305	16.74944697191035	35.279018322968405	0.0
10.0	27.188134751980115	17.325731255135366	24.118385545485257	31.36774844739926	0.0
11.0	28.696648882960986	18.935061687229076	20.3363621207069	32.0310936978993	8.336112037345782E-4
12.0	26.99100494083074	19.191402038769077	21.466598402450852	32.34641592054711	0.004578697402213592
13.0	28.296440484806133	20.85589744869523	18.527114371989718	32.320131766115146	4.15928393767729E-4
14.0	31.23206308801877	18.39152171562144	19.590227346460036	30.78494006471846	0.0012477851813031868
15.0	29.741375724755226	19.357307445950106	19.21755550564415	31.68334539525675	4.15928393767729E-4
16.0	29.93810985500736	18.062522356151163	19.01208687912289	32.98395348256844	0.003327427150141832
17.0	30.21262259489406	18.765857270012397	19.91881077753654	31.09938193040686	0.003327427150141832
18.0	32.16790197399615	18.024256943924534	18.447256120386317	31.355177892574016	0.005407069118980476
19.0	30.86022310399042	18.40275178225317	19.267882841290042	31.46914227246637	0.0
20.0	29.81333133687704	18.623193830950065	18.969246254564816	32.59422857760808	0.0
21.0	29.81998619117733	17.136249823230433	19.577333566253234	33.466430419339005	0.0
22.0	29.430677214610736	18.40275178225317	19.782802192774493	32.38210509678654	0.001663713575070916
23.0	29.719747448279303	17.619974545182302	19.973297397120113	32.685316895843215	0.001663713575070916
24.0	30.859391247202883	17.835425453153984	18.559556786703602	32.74521058454577	4.15928393767729E-4
25.0	29.441907281242464	17.86537229750526	19.27037841165265	33.422342009599625	0.0
26.0	31.65589412126808	18.024256943924534	19.856837446865146	30.46301148794224	0.0
27.0	28.6732716095597	18.373220866295657	19.93919126883116	33.01431625531349	0.0
28.0	29.639473268282135	18.24303527904636	19.696705015264573	32.41745901025679	0.003327427150141832
29.0	29.89402144526798	18.382787219352316	18.959679901508157	32.76059993511517	0.0029114987563741025
30.0	29.879172299053756	18.193199542476865	19.33451180201726	32.59228449620464	8.318602474784236E-4
31.0	31.05043152750338	17.85255277113445	19.289591348653428	31.804928771966313	0.002495580742435271
32.0	30.196526983466775	18.145367578246855	19.076219195175213	32.58188624311116	0.0
33.0	29.818862431111576	18.290527191431842	19.35031714671935	32.539045440366024	0.0012477903712176355
34.0	29.9411458874909	18.72267858999688	19.135697202869917	32.2004783196423	0.0
35.0	30.44474763525037	16.856900410139513	19.467900135603937	33.23045181900618	0.0
36.0	30.49184282992654	17.10468298932621	19.284781324614602	33.11827688621559	4.1596991705559853E-4
37.0	28.9931277767609	18.87615022380485	18.931477444797576	33.19924455463667	0.0
38.0	30.32852014094292	18.27723488961274	19.07971095885282	32.31328599182132	0.0012480187702023039
39.0	30.14427517119156	18.21453235374874	19.737159592967625	31.90403288209207	0.0
40.0	30.373474024082753	18.92002097046659	19.34400718987426	31.360417412144564	0.002080403431833501
41.0	30.22212605174896	17.835415331607813	19.855688807143988	32.08552144277903	0.0012483667202077282
42.0	29.087163694625357	18.131463409559085	19.6529266110406	33.12636550906178	0.002080775713185876
43.0	29.212879919760613	18.043041272510102	20.82977846771072	31.913051801848667	0.0012485381698927505
44.0	29.284352654230034	18.44433900223926	20.333974310949063	31.937334032581642	0.0
45.0	29.725308346480293	18.771775734391195	19.220923020567533	32.28199289856098	0.0
46.0	30.785978935098456	17.337329836393156	19.06706631697265	32.80879230673161	8.326048041297199E-4
47.0	29.447765916698586	18.254867020833682	19.121271670524756	33.174013689276734	0.002081702666244775
48.0	29.749165132954136	17.542201384088806	19.374744959568286	33.332639345764036	0.0012491776247303859
49.0	29.635876037944847	17.55740449241686	19.79361866926517	33.012684373152105	4.164272210145833E-4
50.0	29.700632220769158	18.05577536588007	19.483478130492365	32.75969780013827	4.1648272013194174E-4
51.0	30.676454291320702	17.9485149834813	19.48165028683795	31.893380438360047	0.0
52.0	30.45112625283907	18.400950178158404	19.28028171948907	31.86764184951345	0.0
53.0	31.114390405562574	18.134637269737254	19.15635981641509	31.585858459537537	0.00875404874754574
54.0	30.670891881749572	17.8384689154818	19.251970145519742	32.23616728516032	0.002501772088562732
55.0	29.75757044970202	18.654939298776803	18.135715507066866	33.45052360278755	0.0012511416667709285
56.0	28.95407577976064	18.05724154329408	20.630649797055746	32.35761572828413	4.1715160540795347E-4
57.0	28.290077609947428	18.929733789535174	19.823082700492364	32.95668864224318	4.172577818576316E-4
58.0	30.71759268922964	18.249790220299996	21.69476949281322	29.337847597657145	0.0
59.0	29.136800397891843	20.42873681878785	20.42706500432582	30.000292567530856	0.007105211463631766
60.0	30.778278686809067	18.968266924516218	20.08045240875851	30.172583392981974	4.185869342274351E-4
61.0	29.117743192618107	20.723857893545873	19.66702704514788	30.490952823942543	4.1904474559793494E-4
62.0	31.318061075045005	17.09673222910905	20.426190845877205	31.159015849968736	0.0
63.0	27.34341815857315	19.651531017776712	24.65483234714004	28.349377373487595	8.411030225037113E-4
64.0	26.81759384493518	19.468426219699747	17.854659908230207	35.858055980415706	0.0012640467191667405
65.0	28.244410118761238	18.940180463059093	18.52278578241456	34.2879812277903	0.004642407974812827
66.0	27.37374378504179	18.861737014704328	17.90669628689305	35.84639796889876	0.011424944462075532
67.0	32.6027618234997	14.308334288467497	18.273626835449484	34.814428044437086	8.490081462331631E-4
68.0	34.13089645408328	15.498208807945598	22.182465624128536	28.188429113842588	0.0
69.0	32.41672510518934	16.786903927068725	20.397528050490884	30.398842917251052	0.0
70.0	34.48829716668246	15.198047948450677	22.119302567990147	28.19435231687672	0.0
71.0	27.215527987178728	19.038998041194276	24.325399180863062	29.420074790763934	0.0
