# Position (bp)	A	C	G	T	N
0.0	25.84647302904564	26.829875518672196	24.059751037344398	23.263900414937762	0.0
1.0	26.01244813278008	21.87136929460581	14.336929460580913	37.779253112033196	0.0
2.0	28.051956669597384	20.018745541712978	18.524078897164944	33.40521889152469	0.0
3.0	23.093886010362695	24.182383419689117	15.452849740932642	37.270880829015546	0.0
4.0	33.82111665368489	13.94822757329179	14.489319036807476	37.74133673621584	0.0
5.0	35.56551564156946	15.620857635206786	23.13510737009544	25.678519353128316	0.0
6.0	32.83546233245522	18.16939211690442	20.52206040724357	28.473085143396787	0.0
7.0	34.921266038783	17.859894137819637	19.66899430928655	27.549845514110814	0.0
8.0	23.22952041746045	27.164747784312098	22.16599022612441	27.43974157210304	0.0
9.0	29.97639849281603	19.243095523994867	15.450291913378328	35.33021406981077	0.0
10.0	26.845748733066145	17.01914477824517	24.890695902752476	31.244410585936205	0.0
11.0	28.192326162915858	18.751552486462316	20.31066289101959	32.74545845960223	0.0
12.0	25.870177181652593	20.474416294088424	21.304023845007453	32.351382679251536	0.0
13.0	26.951352783389076	21.738914461701494	18.55233963638772	32.757393118521705	0.0
14.0	30.93320308942955	18.79982450185846	19.974503100191228	30.292469308520765	0.0
15.0	30.608342989571263	19.108591292832315	18.801522926667772	31.48154279092865	0.0
16.0	29.806021284695213	17.0021019877853	19.106572435823168	34.085304291696325	0.0
17.0	30.13371063562197	18.444786443594964	20.439689553029176	30.98181336775389	0.0
18.0	31.43266025296351	18.06728597781399	18.30883386964686	32.191219899575636	0.0
19.0	30.201553208558362	18.49045992506885	19.733523004523988	31.574463861848802	0.0
20.0	30.71204101885544	18.044161429043996	19.158121071782997	32.08567648031757	0.0
21.0	30.48094734056629	17.61709446943636	19.86884757872453	32.033110611272825	0.0
22.0	29.1921973324072	18.582190138341065	19.62739698841507	32.59821554083666	0.0
23.0	29.768145661413286	17.91909904248458	20.492318378011873	31.820436918090262	0.0
24.0	31.19445064530264	18.934113814685286	18.613322750535342	31.258112789476733	0.0
25.0	29.947585112187703	18.18813141751682	19.285206435291588	32.579077035003884	0.0
26.0	31.541965296894247	18.131091436649058	20.251469384718398	30.075473881738297	0.0
27.0	29.42970745538261	18.728972580658493	19.661412050622868	32.17990791333603	0.0
28.0	29.88981740934527	17.677982493118755	20.13704631305742	32.29515378447855	0.0
29.0	29.475554820845563	18.224573294210025	20.009092036202837	32.29077984874158	0.0
30.0	30.09233617974556	18.259748204115038	19.34843888204611	32.2994767340933	0.0
31.0	29.858728807254508	18.597538293668837	19.701916956676282	31.84181594240037	0.0
32.0	30.005207945837363	18.40554191569741	19.67694202646959	31.912308111995635	0.0
33.0	30.857563306574953	18.28801494721352	19.869542572276558	30.98487917393497	0.0
34.0	30.07655549860282	18.142661088973032	19.90442963673341	31.876353775690735	0.0
35.0	30.724649663097846	18.46802529866479	19.380761440205035	31.426563598032324	0.0
36.0	30.18802401150965	17.873030047460766	19.13396504109408	32.8049808999355	0.0
37.0	28.56918421009112	19.751442888091418	18.77987067753725	32.899502224280205	0.0
38.0	29.877121026692688	18.333443588132173	19.410908609797243	32.3785267753779	0.0
39.0	28.588203190248983	19.339954188752266	20.265275239599443	31.806567381399308	0.0
40.0	30.30117592577279	18.585746654979076	19.655822569174536	31.457254850073596	0.0
41.0	29.781427543602852	18.156482331439534	21.159269274981185	30.902820849976433	0.0
42.0	30.102049254891583	19.207422966871206	19.2578687087544	31.432659069482803	0.0
43.0	29.692694464200066	19.033757298092986	19.36454904814674	31.908999189560213	0.0
44.0	29.81649479420788	18.325711403124302	20.359236869743555	31.49855693292426	0.0
45.0	29.661759841217332	19.61214025802183	19.718822361892162	31.00727753886867	0.0
46.0	30.397459435319803	18.05272994922179	19.1724970641261	32.37731355133231	0.0
47.0	29.62883323960435	18.347447815012075	20.09328790234543	31.930431043038144	0.0
48.0	30.490124722929828	18.80768849042247	19.62731994574387	31.074866840903827	0.0
49.0	29.281324698311874	18.739816216305634	19.222848068286147	32.75601101709635	0.0
50.0	29.848635235732008	19.019023986765923	20.085194375516956	31.04714640198511	0.0
51.0	29.717187926513528	19.055693878057454	19.49078937572895	31.736328819700066	0.0
52.0	29.989577474109126	18.761373788174566	19.150977732190714	32.09807100552559	0.0
53.0	31.22394282310899	18.282211633909075	19.564390179339554	30.929455363642376	0.0
54.0	30.822682714977045	18.11887330934359	19.84613475617322	31.21230921950614	0.0
55.0	29.365099061091122	17.940191090706044	19.094180419406875	33.60052942879596	0.0
56.0	29.139401560212107	18.740745030236347	20.388646685583343	31.731206723968203	0.0
57.0	28.721406411582212	18.309824198552224	19.809720785935884	33.15904860392968	0.0
58.0	29.896421066565182	18.449790691132915	19.081853831262304	32.57193441103959	0.0
59.0	29.776108288792173	17.797157088249406	20.597871953136636	31.828862669821778	0.0
60.0	29.270855743293563	18.51159250004137	19.890942790474455	32.32660896619061	0.0
61.0	30.049151027703306	17.929368152781915	19.451891569854034	32.569589249660744	0.0
62.0	28.95242035581299	18.465866776996275	20.056268100951595	32.52544476623914	0.0
63.0	29.19890439977823	18.38605840442874	20.094003161021785	32.32103403477124	0.0
64.0	28.289490016301606	18.919791140864067	19.568545350732744	33.22217349210158	0.0
65.0	30.61334260132731	17.733313473346243	20.521159161246544	31.132184764079902	0.0
66.0	30.454462704599244	17.807788424937524	20.708174039686874	31.029574830776358	0.0
67.0	29.4514369884892	18.265021556896137	19.47651084464967	32.807030609965	0.0
68.0	29.807023931680515	18.022409056303996	20.34606600244944	31.824501009566053	0.0
69.0	30.221780867262492	18.027143330023172	19.697947699437275	32.05312810327706	0.0
70.0	28.763892451940187	18.550302468573886	19.910790390519615	32.77501468896631	0.0
71.0	30.01721369813132	17.560454838869855	21.100849098763593	31.32148236423523	0.0
72.0	29.66705563969511	18.348768114142892	20.373083066431626	31.611093179730364	0.0
73.0	30.158572516304165	17.82533849769921	19.479756347866388	32.53633263813023	0.0
74.0	29.895550552870294	18.26210024498444	20.599384228299016	31.242964973846256	0.0
75.0	30.66163447054344	18.065418549601894	19.45754912184867	31.815397858005994	0.0
76.0	29.055138964758076	18.78052010395458	19.487345019946698	32.67699591134065	0.0
77.0	29.26930207919481	18.020791948086345	21.357270560190702	31.35263541252814	0.0
78.0	30.178621682917544	18.218915026404225	18.479646398596188	33.12281689208204	0.0
79.0	29.95182677504263	18.063303921730924	19.00028142433824	32.98458787888821	0.0
80.0	31.14813803150323	18.39371590805625	19.636131873225562	30.822014187214954	0.0
81.0	30.525113399331193	18.932721915041554	19.413634407178098	31.128530278449162	0.0
82.0	30.124740296827273	17.99836107639205	18.466033722094842	33.41086490468583	0.0
83.0	29.997102768925128	18.763296221182898	19.920533090517775	31.3190679193742	0.0
84.0	31.2175093539949	18.086321644978643	19.087944107811	31.608224893215457	0.0
85.0	29.73932766570367	17.72389758532487	19.08313535259886	33.45363939637261	0.0
86.0	30.742040694690488	17.777023559212594	20.15281203953577	31.32812370656115	0.0
87.0	29.55629139072848	19.037251655629138	20.072847682119203	31.333609271523176	0.0
88.0	30.105132450331123	17.992549668874172	18.937086092715234	32.96523178807947	0.0
89.0	30.18924154373417	18.977135383036142	20.24040133114787	30.593221742081823	0.0
90.0	30.524189542700093	18.754760091393756	19.525480976191265	31.19556938971489	0.0
91.0	30.429491531036312	18.292299286388396	19.474477209132903	31.80373197344239	0.0
92.0	29.309302845410667	18.772921823645802	20.412944673030275	31.504830657913256	0.0
93.0	30.359478747536965	18.47399533058467	19.882271124136903	31.28425479774146	0.0
94.0	30.075175519936415	18.124917207577163	19.65409325738508	32.14581401510134	0.0
95.0	30.571861468277294	18.227204609996605	20.69199625768954	30.508937664036562	0.0
96.0	29.918528208779744	19.19720478895163	19.406680024507775	31.47758697776085	0.0
97.0	30.058291657006592	18.731162852316764	19.23873083164972	31.971814659026926	0.0
98.0	28.50045541111203	18.179183572079157	21.507824790924897	31.812536225883914	0.0
99.0	29.598317421149815	18.871049210463124	19.228762824281468	32.30187054410559	0.0
100.0	29.608827311569254	18.772140871945908	19.835732359895466	31.78329945658937	0.0
101.0	29.743794370459042	18.711656441717793	20.762465293364592	30.78208389445858	0.0
102.0	30.055405123932516	17.985419704228285	19.97667152676526	31.982503645073944	0.0
103.0	29.733747578004945	17.673882541591503	19.812754727066213	32.779615153337346	0.0
104.0	30.230357636301214	18.558401647923766	19.714795307436592	31.496445408338424	0.0
105.0	30.344995548986343	18.46750760031577	19.64660631204125	31.540890538656637	0.0
106.0	29.469515021278387	17.91766738296886	20.133990645936038	32.47882694981671	0.0
107.0	30.11603241808855	18.304895672235887	20.132849935349746	31.446221974325823	0.0
108.0	29.37457627118644	19.283898305084747	20.252542372881354	31.088983050847457	0.0
109.0	28.603109864899313	18.27343019797774	20.283796414308778	32.83966352281417	0.0
110.0	29.674287903946865	17.900114957210373	21.034614893345253	31.39098224549751	0.0
111.0	29.188930809020608	18.709561773392284	20.11113577001212	31.99037164757499	0.0
112.0	29.01450639736403	18.145406307501393	19.192947922461382	33.6471393726732	0.0
113.0	30.40064528862078	17.54893295691497	20.727322652891356	31.323099101572893	0.0
114.0	30.213238522395642	18.67838603317809	18.831621628601685	32.27675381582459	0.0
115.0	29.413695128375632	17.74891401034605	20.535783682951475	32.30160717832684	0.0
116.0	30.690539299759195	18.096772517020945	20.16353966356565	31.049148519654214	0.0
117.0	30.523033629794334	18.23929961089494	19.635040300166757	31.602626459143966	0.0
118.0	30.081038689438827	18.02718717323109	19.647089578250263	32.244684559079815	0.0
119.0	30.52902887597746	18.139880302302213	19.522956620505877	31.80813420121445	0.0
120.0	29.419544710035122	18.85450516339812	19.621788751762736	32.10416137480402	0.0
121.0	29.957227799295623	17.831704125277756	19.71034349502455	32.50072458040207	0.0
122.0	29.9398349204112	18.33405273033183	19.839501061477613	31.886611287779353	0.0
123.0	29.036047733877453	18.81530946639461	19.420374345249137	32.7282684544788	0.0
124.0	29.147679923402897	18.541995425450803	18.924980939378358	33.38534371176794	0.0
125.0	29.31396445282616	18.446990588360883	20.166527300869998	32.07251765794296	0.0
126.0	29.955715076516494	18.12110498026821	19.78089676970054	32.142283173514755	0.0
127.0	30.168288617667617	17.86027922648171	18.915891535387207	33.05554062046346	0.0
128.0	29.20817897349207	17.80113656799626	21.597489479552568	31.393194978959105	0.0
129.0	30.36958169415671	18.338326054787597	18.983469881257445	32.30862236979824	0.0
130.0	30.325442447834156	18.01475580500611	19.4360204589689	32.22378128819083	0.0
131.0	30.05812897366031	18.22161671207993	20.4613987284287	31.258855585831064	0.0
132.0	30.991509674598255	18.30885836096637	18.53387020369493	32.16576176074044	0.0
133.0	30.011145013063416	18.41850437578792	19.93952460124605	31.63082600990262	0.0
134.0	30.726303056960635	17.506964298805073	20.37423942526208	31.392493218972216	0.0
135.0	29.20571276175061	18.429450335206322	20.64392720183191	31.72090970121116	0.0
136.0	28.752492430396575	18.843696920463778	19.5988110183886	32.804999630751055	0.0
137.0	30.79853194683868	18.253350386476118	23.013401545904465	27.934716120780738	0.0
138.0	30.11517993375758	20.477466413605747	19.94901566744818	29.458337985188493	0.0
139.0	30.488636469785995	19.140052123714423	19.626726948334003	30.74458445816558	0.0
140.0	29.08963060191262	21.596662291393212	19.985936621038817	29.327770485655353	0.0
141.0	31.67848477439013	17.07826283220795	21.009272669136873	30.233979724265055	0.0
142.0	26.679621908193873	20.190366583023604	24.399562288927044	28.73044921985548	0.0
143.0	27.20135613765934	19.17438490823342	19.1573384851412	34.46692046896604	0.0
144.0	27.83032768963124	19.693700031371506	18.677453394301793	33.79851888469546	0.0
145.0	26.752425700970278	19.975742990297196	16.814691725876692	36.45713958285584	0.0
146.0	33.319250268858504	14.329198033492089	19.608426793670304	32.7431249039791	0.0
147.0	34.10897865276524	16.24098397258545	22.716020619157177	26.93401675549213	0.0
148.0	31.24026006253412	16.851456647972604	21.330090823365925	30.57819246612735	0.0
149.0	31.95651943144061	17.151258452490897	24.04594333513795	26.846278780930543	0.0
150.0	26.137546116734462	18.242631458032083	27.738962390367178	27.880860034866277	0.0
