# Position (bp)	A	C	G	T	N
0.0	31.13948512385752	14.844709385356625	26.37499583081919	27.630399341825324	0.01041031814134382
1.0	28.049706139486464	17.233516775064054	20.2840062056872	34.4258981317243	0.00687274803798204
2.0	29.67086249723471	18.858913218937097	19.299137027994316	32.16745071220697	0.0036365436269067864
3.0	31.26602285894232	18.32540685445289	20.25047134961424	30.1568877602516	0.001211176738947003
4.0	32.05407498850241	18.002303552554082	19.9111054631714	30.03191085937437	6.051363977440515E-4
5.0	32.20868850112975	18.106855704285394	19.82849149512121	29.854855712347845	0.001108587115798979
6.0	27.958648263498986	17.941376410576616	17.761507434953597	36.337762917382136	7.049735886680531E-4
7.0	27.63437970815834	19.718484210780566	19.64028538044184	33.006649416628676	2.0128399057588354E-4
8.0	27.043721599964606	19.44721804087896	19.772809772176288	33.736250586980155	0.0
9.0	30.77877532320874	17.420820389578555	19.652337109627744	32.147665301627995	4.018759569671225E-4
10.0	29.07884567126725	20.588506900878293	21.236537013801758	29.095106649937264	0.0010037641154328732
11.0	27.328054400754233	20.161477165022642	20.085953994052424	32.42381236554017	7.020746305332257E-4
12.0	28.476174727020346	19.047891078739408	20.15384075727737	32.321692548996026	4.0088796684656516E-4
13.0	29.204597001354827	18.578161940457676	20.843217500408052	31.374023557779445	0.0
14.0	29.111971275102523	18.697295085493387	20.1808612066818	32.009672342881956	2.000898403383119E-4
15.0	29.251554471479697	18.594677809544756	20.724453685746845	31.428614271147808	6.997620808924965E-4
16.0	29.64108280445635	18.999718331805134	20.59054433876893	30.76835487795377	2.996470158153695E-4
17.0	28.900817883643725	19.600959820492804	19.942925815537993	31.555096850439284	1.996298861910019E-4
18.0	28.93122782242381	19.08084356069899	20.21477966534424	31.772949490476734	1.9946105622607713E-4
19.0	28.52534741362382	18.790389543849226	20.795475274596566	31.888688086810298	9.96811200968103E-5
20.0	28.72278836831349	18.701255220119396	19.688830563718092	32.8866276260028	4.982218462308022E-4
21.0	28.783426827519165	18.54471784410907	20.29723581252291	32.37382269040144	7.968254474174887E-4
22.0	29.284195097859595	18.702553828751682	19.771959661295078	32.240893123142975	3.9828895066793056E-4
23.0	28.821357116550374	18.29887620317928	18.829121168987587	34.050545972148946	9.953913381045758E-5
24.0	29.067293684973055	18.218092516378633	19.065383176379747	33.648932105300865	2.985169677044443E-4
25.0	30.20053640853001	18.07473905794247	19.15869813490595	32.56503157568016	9.948229414128873E-4
26.0	29.091254491908348	18.415307448934225	18.892819809452575	33.60012094460121	4.973051036433567E-4
27.0	29.7761059720652	18.409683215355688	18.768935834678167	33.04438007793584	8.948999650989014E-4
28.0	29.863513966186133	17.955502630618952	19.042440784981068	33.13794621867785	5.963995360011609E-4
29.0	29.82480021382064	18.495684340320594	18.744678081694985	32.93443992802432	3.9743613946431573E-4
30.0	29.99779349059848	18.17030674456374	19.253484197615776	32.57811739027585	2.9817694615123135E-4
31.0	30.05489583115828	18.28694382051519	19.344889199113474	32.31287342538651	3.9772382654070757E-4
32.0	29.745636773450418	18.781419906220222	19.0115921673792	32.460455928079625	8.952248705405367E-4
33.0	30.370862891514218	17.810257630216082	19.811935814909965	32.005948298772616	9.953645871177924E-4
34.0	30.348694672839216	18.810612299361402	19.545502976904714	31.294692157481695	4.97893412969725E-4
35.0	29.71900954901242	18.926852014219897	19.188094820577405	32.16554544150234	4.981746879433755E-4
36.0	29.925406535874743	18.246540220959336	19.708604016663163	32.11895080699103	4.984195117283095E-4
37.0	29.738062086327204	18.53683009443409	20.471392493945764	31.25301714335869	6.981819342432306E-4
38.0	30.332706213476925	18.254976620239834	19.32889858124529	32.08281974379575	5.988412421963501E-4
39.0	30.11224592780008	18.410810303082993	19.339214928018915	32.13712929016167	5.995509363486748E-4
40.0	30.189690729898246	18.259458032201216	19.87421962357902	31.675531436092648	0.0011001782288730774
41.0	30.439805429669477	18.25203044491095	19.559343650486174	31.747819392763578	0.0010010821698255815
42.0	30.263984631711228	18.005629828269193	19.615411980571178	32.114171875109605	8.0168433879581E-4
43.0	30.50124946351286	18.262623993710566	19.5789729129146	31.65585001624503	0.0013036136169461746
44.0	30.84180706484926	18.051080218883687	18.957542867063186	32.148867398352856	7.02450851019206E-4
45.0	30.44677956230765	17.85250601211963	19.472540051510936	32.22556368328304	0.002610690778738936
46.0	29.971083688507626	18.30468830064926	19.82827046698135	31.8945509130039	0.0014066308578639707
47.0	29.793742818395764	18.866445031762417	19.379147486400818	31.959156715045	0.0015079483959952913
48.0	29.654359819568	18.483715136385545	19.692263419454097	32.16875604349607	9.055810962964753E-4
49.0	30.037437419697845	18.56062284266617	19.8509954446776	31.54983667699099	0.001107615967391786
50.0	29.12101810691211	18.96322886947443	19.594708311120023	32.319633810453375	0.0014109020400635713
51.0	29.60117888298618	18.132991476095043	20.023561521695058	32.24055345368941	0.001714665534314996
52.0	29.160634712959766	18.49826057636201	20.367409076500316	31.97208038297606	0.0016152512018478473
53.0	29.901543734426756	18.757312984627323	19.310826349580367	32.02900337281419	0.0013135585513672123
54.0	28.911729068095067	18.53806895072954	20.14299498536471	32.40629671510034	9.102807103426094E-4
55.0	29.17837160404968	18.940992943124886	20.067501424838863	31.81161554962337	0.0015184783632018028
56.0	29.91546532578581	18.235351342806243	19.340524151461167	32.507139136655944	0.0015200432908329229
57.0	29.55946390334599	18.051522162725803	20.22311325969933	32.16397343657918	0.001927237649703256
58.0	29.475270559967992	18.52237749526006	20.259424789051067	31.74008369917448	0.00284345654639861
59.0	29.035741412391292	18.35266771803421	19.936226525982708	32.67322907102425	0.002135272567543247
60.0	29.500302371939885	18.24259799599688	20.18979184186253	32.06537342425532	0.0019343659453857228
61.0	29.357240788782935	18.313770062334033	20.859220901014773	31.468035331114518	0.001732916753737239
62.0	29.361805040373806	18.502561820959276	19.847811201805776	32.2864953615785	0.0013265752826370685
63.0	29.346173495453154	17.948298763666088	20.069275569633188	32.63543476039644	8.174108511290487E-4
64.0	28.90872689066603	18.502403646954953	20.568547673439575	32.01940104739466	9.20741544779242E-4
65.0	29.11893600874233	18.95546800027448	19.544264178885886	32.381024560656044	3.072514412653024E-4
66.0	29.254179168452637	18.385264880628878	20.14635036720899	32.21307760302053	0.0011279806889706047
67.0	29.523611968285294	19.048127606394285	20.16611094395501	31.260917204333094	0.0012322770323072232
68.0	29.53679247319898	18.347245769464475	19.56528220877188	32.550062665080596	6.16883484075667E-4
69.0	29.567425991092367	18.481275648562445	20.03918451727681	31.911496115523285	6.177275450889631E-4
70.0	29.924080338942154	18.597687662204425	20.334982744594218	31.142836815519242	4.124387399584056E-4
71.0	30.05878367771838	18.939972900848502	19.406565760883034	31.59457438634467	1.0327420540826359E-4
72.0	30.010354676103457	18.18616280116229	19.881909108494455	31.921366527604366	2.0688663543368094E-4
73.0	29.643968944176617	18.429446657519595	20.277894073610426	31.64827580489382	4.145197995382249E-4
74.0	29.842999870247827	19.241832100687688	18.822888283378745	32.09207214220838	2.0760347735824576E-4
75.0	29.91300278203895	18.19214268999766	19.75850861912067	32.136241907386704	1.0400145602038428E-4
76.0	30.160223550298817	18.77182782792795	19.530227634551107	31.537512607003244	2.083802188825819E-4
77.0	29.937866027339783	18.254529058304485	19.413813510407678	32.39347828129061	3.131226574511189E-4
78.0	29.786481930029325	17.97406742719929	19.95456884326251	32.28446346473229	4.1833477658831256E-4
79.0	29.93523506109702	18.13240133302593	20.16159795435015	31.770241663348074	5.239881788266856E-4
80.0	29.573972996868747	18.205587535465497	19.90520132642539	32.31450310500308	7.350362372864982E-4
81.0	29.43503074533769	18.165528184278422	20.274877208045556	32.12372210086828	8.417614700522313E-4
82.0	29.54668151297365	18.587618517393796	20.452685831899313	31.411959712521508	0.0010544252117285825
83.0	29.700261538055106	18.31569492510501	19.64726705941405	32.33550841412834	0.0012680632974929331
84.0	29.413166397842915	18.203268882706354	20.483522674921655	31.899512516455086	5.295280739898987E-4
85.0	29.860459488033015	18.042717696360867	20.35427537862544	31.741804409760405	7.430272202714809E-4
86.0	29.84438095542113	18.090966646981524	19.5287270096138	32.53422288903431	0.0017024989492389299
87.0	30.316144985481397	17.322368463161578	19.655479199247296	32.704513888148085	0.0014934639616478453
88.0	29.73832023579841	17.884445090884203	20.36156896632857	32.01363369966504	0.0020320073237821857
89.0	29.59501624438416	18.157468663886	19.271736916033152	32.97395537351361	0.0018228021830736735
90.0	29.939017770090654	17.606804898787555	19.80358411688637	32.64758333861853	0.0030098756168901323
91.0	29.887766881044538	18.332810591926503	19.432938744407473	32.344328147954144	0.002155634667347847
92.0	29.769999773015428	17.914163080850827	19.3162792256151	32.996207195843375	0.003350724675276948
93.0	29.69802477111756	17.65446177126715	19.633484584716314	33.01283649458118	0.0011923783177926694
94.0	29.981126372849808	17.934077116596832	20.065622818824053	32.01721674882203	0.0019569429072778706
95.0	29.40520263675868	18.314459099161972	19.868380159972084	32.40977716226753	0.002180941839733489
96.0	29.412105707001157	18.17529529249242	19.65244136534017	32.75950136886213	6.562663041159929E-4
97.0	30.091103377758664	18.372075673730542	19.662816568878277	31.872139305665875	0.0018650739666393123
98.0	29.614868284953456	18.479940139527717	19.467417856907062	32.436233191751576	0.0015405268601861837
99.0	29.175575097381056	18.06259982317432	19.989801065589965	32.77047872076223	0.0015452930924294988
100.0	29.37654474101503	18.64884437869298	19.95982566019684	32.01323494237396	0.001550277721180337
101.0	29.526968631206163	18.4985680864347	19.61166148630184	32.3618020115664	9.997844908986285E-4
102.0	29.251758306675434	18.69344717277662	19.175964421458584	32.87771548313029	0.001114615959071302
103.0	29.94314521900945	18.530476130833094	19.602262560835957	31.923445104494704	6.709848267964501E-4
104.0	29.48704713214551	18.918727851751775	19.18826600116254	32.40438801823254	0.0015709967076397572
105.0	29.456129229126997	18.60089607328929	19.574325777477007	32.367185116040254	0.0014638040664476967
106.0	30.06209495612672	18.552662059925304	19.24615932243611	32.13795363501274	0.0011300264991214045
107.0	29.998514447845213	18.380702790910235	19.01189235530325	32.60843680222992	4.5360371138556657E-4
108.0	28.804805543036377	18.702967727837642	19.512617054305913	32.97869918921257	9.104856074987595E-4
109.0	29.78113428226162	18.14956699721535	19.661707294229448	32.40724877043657	3.4265585701656403E-4
110.0	29.196490298792376	18.297636695707805	19.202692926367586	33.30260682334894	5.732557832909698E-4
111.0	29.2671221209931	17.841326035015353	19.6932588769859	33.19806278456304	2.3018244260400794E-4
112.0	29.123501419297593	18.260242684292066	20.08401409939589	32.532126266074684	1.1553093976332333E-4
113.0	29.166816494084813	18.202697357508328	19.281570763586252	33.34891538482061	0.0
114.0	28.655533336516726	17.645346094851874	20.309961414963258	33.38904268811807	1.1646555007261626E-4
115.0	29.46736761363105	18.173250516823664	20.367412514148338	31.99196935539695	0.0
116.0	28.63154236496117	18.504129301012775	20.432936723187723	32.43080456207336	5.870487649668083E-4
117.0	28.61564364770842	18.237245129561963	20.486082862590155	32.660320918918984	7.074412204775936E-4
118.0	29.0421763488523	18.070453350760793	20.987185133618425	31.899829987545047	3.5517922343614584E-4
119.0	29.03630489404384	18.33497629497682	19.990820026136767	32.6376609616855	2.378231570786279E-4
120.0	29.47501573722478	18.20895451076044	20.29212111511526	32.02390863689952	0.0
121.0	30.0884509739687	18.11546986054962	20.120646600499434	31.675072569158196	3.59995824048441E-4
122.0	30.130425873021615	18.04457623645415	19.633915548644513	32.18999746862908	0.0010848732506418834
123.0	30.319876269131598	17.96083874413653	19.620595812092827	32.09832583027216	3.633443668906079E-4
124.0	29.975503230336564	17.948355990512827	19.753547650658785	32.321984664267696	6.084642241290139E-4
125.0	29.95041180822638	18.268876836628003	19.15999682048585	32.62071453465976	0.0
126.0	29.83193638724058	17.994615377998745	19.40946105856606	32.76386429572904	1.2288046556950796E-4
127.0	29.402902874473032	18.61134230160357	20.00869331133662	31.976567574442655	4.93938144126211E-4
128.0	29.45007316718982	18.75612053782539	19.51956648284884	32.273495107913845	7.447042221005873E-4
129.0	28.98206491162194	18.642911230232045	19.896134418977738	32.47801619983708	8.73239331198471E-4
130.0	28.871042567864087	18.95329446429691	20.4674315089963	31.707980690865778	2.507679769293461E-4
131.0	28.90599592086786	18.985486054561544	19.7125699288799	32.395822040927456	1.2605476323133822E-4
132.0	28.59128394395391	18.72354389259058	20.333620937589878	32.351551225865634	0.0
133.0	28.637591663450408	18.74984874018085	20.647379288295483	31.96518030807326	0.0
134.0	28.47034112667217	18.85616583097996	19.98206955731018	32.69129541044705	1.2807459064158964E-4
135.0	28.779419094832747	17.934104318728917	20.60061127575801	32.68457732973214	0.0012879809481858144
136.0	28.87952754579523	18.839875694490324	20.726609488204836	31.55398727150961	0.0
137.0	29.595673495338403	18.85315315784811	19.991713873269163	31.559459473544326	0.0
138.0	29.66135014350681	18.437545050653316	20.626449811934002	31.274130768121832	5.242257840451883E-4
139.0	28.87654504879171	19.10436271556866	21.555482031496126	30.462555675801077	0.0010545283424264434
140.0	28.832797197419126	19.09231703533193	20.115837180870955	31.95812040383896	9.281825390300757E-4
141.0	29.303079200394734	18.279568458532815	19.48924480243242	32.92744075639777	6.667822422553242E-4
142.0	30.32632365628476	18.257943413618356	21.555125901814428	29.860070333810544	5.366944719127657E-4
143.0	30.454142257493544	18.404257760868187	20.127019958929132	31.01322989559467	0.0013501271144678272
144.0	30.743691357622016	18.04880567968079	19.30931102340803	31.896968807419245	0.0012231318699240028
145.0	27.714157719596518	18.950298722773486	19.728032813610962	33.60572977816015	0.0017809658588844853
146.0	27.8827611197421	19.053608839981507	19.76250671620344	33.2993184528644	0.0018048712085556448
147.0	27.94741648437998	18.984716234487934	19.77247789552672	33.293548820976774	0.001840564628595295
148.0	29.20622149923215	19.074115943986538	19.547158952434366	32.16707139102834	0.005432213318612524
149.0	30.009019456255636	20.996319936140992	15.884299546513054	33.10234725849385	0.008013802596472042
150.0	25.94901792516441	25.110335648046796	12.339203306566722	36.59246740282144	0.008975717400632242
