# Position (bp)	A	C	G	T	N
0.0	37.225197294250286	17.41121758737317	20.708850056369783	24.654735062006765	0.0
1.0	23.883330984923205	29.646329434972525	22.643370438213328	23.826969141890938	0.0
2.0	30.12073564509336	24.95437315737751	16.14488277411203	28.780008423417097	0.0
3.0	33.86780562946366	19.051953507912057	19.990197451337348	27.090043411286935	0.0
4.0	35.75778788939447	17.248862443122157	17.136856842842143	29.856492824641233	0.0
5.0	26.64054848188051	24.05204981110956	17.958584021267665	31.34881768574227	0.0
6.0	27.50227320416871	26.446107575015738	18.26956704203679	27.782052178778766	0.0
7.0	35.862117186407495	19.228079988812755	17.24234372814991	27.66745909662984	0.0
8.0	35.32289628180039	18.22756499860218	17.5566116857702	28.89292703382723	0.0
9.0	27.610532932876996	25.005238527624503	17.4547740448418	29.929454494656703	0.0
10.0	25.52003350551445	15.454418539717995	19.579785006282282	39.44576294848527	0.0
11.0	24.743705976706885	17.832484831578213	18.320663923565103	39.1031452681498	0.0
12.0	25.642633228840122	16.718913270637408	19.62382445141066	38.01462904911181	0.0
13.0	27.615732683605987	24.12808910546467	19.331709014966933	28.92446919596241	0.0
14.0	26.16711890349962	18.054685869338343	26.68893063382731	29.089264593334725	0.0
15.0	30.516366668983252	18.305650149419694	20.39752588783098	30.780457293766073	0.0
16.0	24.949642286587483	18.371883031187053	18.72612349795096	37.952351184274505	0.0
17.0	28.030250468327207	23.062513009089017	18.129466453895787	30.77777006868799	0.0
18.0	24.991329680238607	18.762571963654022	18.998404661163903	37.247693694943464	0.0
19.0	25.98447032723239	26.837215751525235	18.302828618968388	28.87548530227399	0.0
20.0	26.291372386096107	18.210774131006787	18.35618335410608	37.14167012879103	0.0
21.0	26.51635659450861	17.082785808147175	20.53392350784978	35.866934089494436	0.0
22.0	27.482024336283185	17.512444690265486	26.24446902654867	28.761061946902654	0.0
23.0	26.283779113967793	18.36339760868063	18.985417098624644	36.36740617872694	0.0
24.0	34.770293609671846	15.585492227979275	18.756476683937823	30.887737478411054	0.0
25.0	27.720994475138124	17.555248618784532	23.45303867403315	31.2707182320442	0.0
26.0	34.85225075945871	16.204087268710303	16.92212096106048	32.021541010770505	0.0
27.0	26.899979291778838	18.264651066473387	15.241250776558294	39.59411886518948	0.0
28.0	26.077660528312297	24.31202151872543	15.249327539830333	34.360990413131944	0.0
29.0	28.582259287338896	15.349093666000414	16.320904266317456	39.74774278034324	0.0
30.0	27.67591503494084	17.11755344911091	23.019442330312046	32.1870891856362	0.0
31.0	29.842061512884456	14.16597395400388	17.25547243003602	38.73649210307564	0.0
32.0	27.292273546955194	17.88736301844916	16.798446386461368	38.02191704813428	0.0
33.0	28.3125	24.86111111111111	16.07638888888889	30.75	0.0
34.0	28.183079056865463	16.31761442441054	19.611650485436893	35.8876560332871	0.0
35.0	25.632471504031134	24.34667778704476	17.570197386711147	32.45065332221296	0.0
36.0	28.128476084538377	15.204393770856509	17.588987764182427	39.07814238042269	0.0
37.0	36.45470989286211	17.615138444413525	17.962988729650757	27.967162933073602	0.0
38.0	33.41454925165333	19.477897667942916	16.004176818656457	31.1033762617473	0.0
39.0	37.06005586592179	17.19972067039106	15.677374301675979	30.062849162011172	0.0
40.0	26.341190459536968	24.893334265929916	19.017975799118698	29.747499475414426	0.0
41.0	26.267087276551	15.373291272344899	28.454258675078865	29.905362776025235	0.0
42.0	36.85766577502464	16.43671688019147	17.82345487822047	28.882162466563422	0.0
43.0	36.35978835978836	17.7989417989418	17.269841269841272	28.57142857142857	0.0
44.0	29.68705749079581	24.773435287453978	15.016992353440953	30.52251486830926	0.0
45.0	31.765856594688135	16.582649913475283	17.884282597246255	33.76721089459032	0.0
46.0	29.58177230675128	17.440171266916433	19.34398654331371	33.63406988301858	0.0
47.0	30.087476979742174	18.423879680785756	19.0914671577655	32.39717618170657	0.0
48.0	27.767527675276753	18.042742927429277	18.273370233702337	35.916359163591636	0.0
49.0	29.685215115831603	17.60178557684907	19.72600631109059	32.986992996228736	0.0
50.0	27.529085445720007	21.134139764234533	19.084675244625934	32.25209954541952	0.0
51.0	30.540769883514617	18.81508909974543	18.16709095116871	32.47705006557124	0.0
52.0	28.484192625801963	17.35332766483729	20.746695524464716	33.41578418489603	0.0
53.0	30.59169764560099	19.60966542750929	19.439281288723667	30.359355638166047	0.0
54.0	27.515943381552344	23.215118992067197	18.579872452947583	30.689065173432883	0.0
55.0	29.779783674422223	18.07641428682593	18.947941794412888	33.19586024433896	0.0
56.0	28.31672376206789	18.74805356586733	19.269697913422608	33.66552475864217	0.0
57.0	30.7494546587722	17.411966344655657	19.42193829853537	32.41664069803677	0.0
58.0	30.92751363990647	18.261886204208885	18.807482462977397	32.00311769290725	0.0
59.0	27.848397410902287	19.53521016922717	20.104499727052954	32.5118926928176	0.0
60.0	30.10702288883681	16.451839700023434	19.857823607530662	33.583313803609094	0.0
61.0	29.988276670574443	17.459945291129348	21.477139507620162	31.074638530676047	0.0
62.0	28.885412592882282	20.21118498240125	20.289401642549862	30.6140007821666	0.0
63.0	32.89494285266949	17.653045248160325	19.03084390167528	30.421167997494912	0.0
64.0	27.99530148786218	18.37118245888802	22.31010180109632	31.323414252153487	0.0
65.0	30.627595392932694	18.96889446055003	19.697563268823945	30.70594687769333	0.0
66.0	29.031499764927126	17.646136969127095	21.11737972104686	32.204983544898916	0.0
67.0	28.73833607778562	18.43487806790559	19.963930055673174	32.862855798635614	0.0
68.0	26.37733479830482	19.14927013027782	20.169518129022133	34.30387694239523	0.0
69.0	26.855123674911663	20.651747153513938	21.256380054966627	31.236749116607776	0.0
70.0	27.234142890827634	19.87738740863004	19.908826534622335	32.97964316591999	0.0
71.0	29.14011486114389	18.826213515852412	19.801746518763274	32.231925104240425	0.0
72.0	28.13508620011021	19.09785090136188	21.03440132252224	31.732661576005665	0.0
73.0	29.331653940014167	18.09021490986381	20.25505786034795	32.323073289774065	0.0
74.0	29.44466325324931	17.69988184324537	22.040173296573453	30.815281606931862	0.0
75.0	28.871018606117943	18.511510564490695	22.05928729107537	30.558183538315987	0.0
76.0	28.991795519091195	19.50142000631114	18.964973177658567	32.5418112969391	0.0
77.0	28.327806726669824	20.480025264487605	17.819358913627035	33.37280909521554	0.0
78.0	28.87151543867962	19.09500118455342	19.008133933507068	33.02534944325989	0.0
79.0	28.608675041479025	20.360274946669826	18.06905269811172	32.96199731373943	0.0
80.0	28.5047837431802	18.273108247015102	20.866608681900846	32.35549932790385	0.0
81.0	26.834862385321102	17.0832015185068	19.969946219550774	36.11198987662132	0.0
82.0	29.124139568003798	18.403354695782895	20.713664055700608	31.7588416805127	0.0
83.0	29.69529085872576	18.44875346260388	21.669964384645827	30.185991294024532	0.0
84.0	28.496752732456837	17.479803579914464	20.180579756058926	33.84286393156978	0.0
85.0	29.43366336633663	17.299009900990097	21.576237623762378	31.69108910891089	0.0
86.0	29.873116574147502	17.684377478191912	21.435368754956382	31.007137192704203	0.0
87.0	31.85279187817259	16.64022842639594	21.41497461928934	30.09200507614213	0.0
88.0	31.812772709242367	19.39706465688219	17.143990479968267	31.64617215390718	0.0
89.0	31.57894736842105	17.075494165277448	18.464713820750973	32.880844645550525	0.0
90.0	31.0399618654167	16.63621196472551	19.24207515690792	33.081751012949866	0.0
91.0	29.23321414382201	19.33253873659118	17.226857369884783	34.207389749702024	0.0
92.0	28.19208141198919	17.83272380346637	18.246144061058992	35.72905072348545	0.0
93.0	31.798664122137403	17.453880407124682	19.44974554707379	31.297709923664126	0.0
94.0	30.204438787685945	16.744889030307853	19.4256622384854	33.6250099435208	0.0
95.0	30.158351237367707	16.782048221532587	20.20370812445293	32.855892416646775	0.0
96.0	29.800955414012737	16.855095541401273	20.37420382165605	32.96974522292994	0.0
97.0	30.357569483156805	18.340367922274428	19.582702874890497	31.71935971967827	0.0
98.0	31.58565737051793	19.848605577689245	18.422310756972113	30.14342629482072	0.0
99.0	30.34817942793403	18.620030276471994	20.3330411919369	30.69874910365708	0.0
100.0	31.789827255278315	16.098848368522074	19.305822136916188	32.80550223928343	0.0
101.0	32.380340507548986	18.695791840668168	19.089302923225183	29.834564728557663	0.0
102.0	31.593362332850006	17.61720637989367	19.09940389882391	31.690027388432412	0.0
103.0	28.89678565659829	19.811015990954612	19.617186238087548	31.675012114359554	0.0
104.0	28.20221988171433	17.62942558535202	19.80069675119501	34.367657781738636	0.0
105.0	30.45458241847605	17.614052207855575	20.118728145076034	31.81263722859234	0.0
106.0	32.26727584237579	18.528187974218813	17.875499714448885	31.329036468956517	0.0
107.0	29.23555410050745	18.91471599279751	18.86560811916844	32.9841217875266	0.0
108.0	32.88717359172278	18.697651502709807	16.439481031368043	31.975693874199372	0.0
109.0	28.876256384906906	17.853023562366122	20.93425605536332	32.33646399736365	0.0
110.0	27.41535920726672	18.94302229562345	19.826589595375722	33.81502890173411	0.0
111.0	31.9831013916501	18.364811133200796	19.276010603048377	30.376076872100725	0.0
112.0	27.852516193323368	18.576648397276198	20.85201793721973	32.7188174721807	0.0
113.0	28.784594864954986	18.35611870623541	17.28909636545515	35.57019006335445	0.0
114.0	30.848307563727538	17.091516924362722	19.256163811115755	32.804011700793986	0.0
115.0	25.752620545073373	20.37735849056604	19.30398322851153	34.56603773584906	0.0
116.0	29.699469652327636	18.14125768162303	18.343294890142268	33.815977775907065	0.0
117.0	29.806636831883814	18.289284809592164	20.16380984547834	31.740268513045685	0.0
118.0	29.821292453629205	16.896756161599054	21.08071483018548	32.20123655458626	0.0
119.0	25.86485337866553	19.685507862303442	23.501912452188694	30.947726306842327	0.0
120.0	26.55824250681199	20.59775204359673	21.083106267029972	31.76089918256131	0.0
121.0	30.679877007174582	18.534335497096002	18.884523402801502	31.90126409292791	0.0
122.0	26.382103368475185	17.785206136967517	20.562269649438587	35.27042084511871	0.0
123.0	30.14099037138927	17.855914718019257	18.543672627235214	33.45942228335626	0.0
124.0	31.97067701595515	16.97283311772316	19.54290642518327	31.513583441138422	0.0
125.0	27.962290261200483	17.59211209133368	19.564089257913857	34.88150838955198	0.0
126.0	30.72848832161153	18.885126334983067	18.642007467222367	31.744377876183034	0.0
127.0	30.040937200592282	17.507185785210346	20.433760125424616	32.01811688877276	0.0
128.0	29.764921786244862	18.17705147251595	20.003495586821636	32.054531154417546	0.0
129.0	30.61349693251534	18.7467134092901	18.15950920245399	32.480280455740576	0.0
130.0	29.7237860661506	18.560872624912033	18.14743138634764	33.56790992258973	0.0
131.0	30.159710579722933	19.52704491308568	19.93293920409424	30.38030530309715	0.0
132.0	29.76781283232896	17.015242821694436	22.323644097837647	30.893300248138956	0.0
133.0	29.114036648283225	19.462729051770147	19.596157267390144	31.827077032556485	0.0
134.0	26.992494639027875	20.291279485346674	19.236954967834166	33.47927090779128	0.0
135.0	29.59375840731773	16.60837593040983	20.670791857232533	33.127073805039906	0.0
136.0	28.33873290136789	17.98956083513319	19.60943124550036	34.06227501799856	0.0
137.0	30.625338875835894	16.708837881800108	18.751129586119646	33.91469365624435	0.0
138.0	28.409194149177797	18.77895884437176	19.069682929045154	33.74216407740529	0.0
139.0	29.304530124874667	18.457752255947497	19.396591012669763	32.84112660650806	0.0
140.0	29.5069971645477	18.805451385712978	20.214030915576693	31.473520534162624	0.0
141.0	29.53229807957365	18.276210603693833	19.902600385923	32.28889093080952	0.0
142.0	32.69354987542678	17.32029159361447	17.670942142659406	32.31521638829935	0.0
143.0	33.293157797144445	20.43389579083998	18.05117745225292	28.221768959762656	0.0
144.0	31.025497859668715	18.89075004652894	17.16917922948074	32.914572864321606	0.0
145.0	29.95047191851229	18.755256518082422	18.269320624240727	33.02495093916457	0.0
146.0	29.438813813813812	18.909534534534533	17.76463963963964	33.887012012012015	0.0
147.0	29.425634254456284	17.938319343582005	17.94775063661228	34.68829576534943	0.0
148.0	29.20060617541201	18.715665845804132	19.729115362758098	32.35461261602576	0.0
149.0	29.22491678554446	19.657631954350926	18.44032334759867	32.677127912505945	0.0
150.0	28.3478094874487	18.259043619356685	19.547580414240716	33.8455664789539	0.0
151.0	29.54131954419228	18.328066647515083	20.71243895432347	31.418174853969166	0.0
152.0	29.97018370683851	18.34182937385784	17.14917764739829	34.53880927190536	0.0
153.0	30.887322583759776	18.28714878825915	19.986482572173408	30.839046055807668	0.0
154.0	30.08232445520581	17.937046004842617	19.157384987893465	32.823244552058114	0.0
155.0	28.89234659146164	20.694349897889722	17.669940678790237	32.743362831858406	0.0
156.0	31.779992184447046	17.25283313794451	19.25556858147714	31.7116060961313	0.0
157.0	30.40149209777167	19.269657406498478	19.004613723372927	31.32423677235693	0.0
158.0	28.11082626700848	21.238414513902583	18.97061723525932	31.680141983829618	0.0
159.0	33.40267459138187	16.08717186726102	19.474987617632493	31.035165923724616	0.0
160.0	27.098058735689396	19.253359880537584	21.164758586361373	32.48382279741165	0.0
161.0	29.888966690007003	16.725017505251575	19.97599279783935	33.41002300690207	0.0
162.0	30.8759931610178	17.19802876395454	20.4968319420698	31.429146132957857	0.0
163.0	28.155339805825243	18.861245954692556	18.911812297734627	34.07160194174757	0.0
164.0	27.945066124109868	17.293997965412004	19.63377416073245	35.127161749745675	0.0
165.0	28.6677564364528	16.663261136085	20.729464650592565	33.939517776869636	0.0
166.0	26.468775677896467	19.92604765817584	20.634757600657355	32.970419063270334	0.0
167.0	28.63049095607235	17.012919896640827	20.733850129198967	33.622739018087856	0.0
168.0	29.427029271330703	18.44509030516919	19.24434295204484	32.88353747145526	0.0
169.0	27.941636268890047	18.540906722251172	20.427305888483584	33.0901511203752	0.0
170.0	27.71500313873195	17.84892236869638	17.911697007742205	36.524377484829465	0.0
171.0	30.612244897959183	17.147065011571637	17.54681253944877	34.69387755102041	0.0
172.0	28.09559056783335	19.689119170984455	17.109019773712593	35.1062704874696	0.0
173.0	29.6343537414966	16.868622448979593	18.930697278911566	34.566326530612244	0.0
174.0	31.42429746767817	19.029810877230474	18.965701463831603	30.58019019125975	0.0
175.0	28.669675478186118	17.11798839458414	20.524392864818395	33.687943262411345	0.0
176.0	29.15272531030761	17.172153264975716	17.830545062061525	35.844576362655154	0.0
177.0	28.220992076413765	19.50504721589059	19.67871485943775	32.595245848257896	0.0
178.0	26.69579464773348	20.338612779901695	20.098306936100492	32.867285636264334	0.0
179.0	27.844344289326152	17.69814224469605	20.94096955040123	33.51654391557656	0.0
180.0	29.810777913024232	16.17793515547195	19.8295894655306	34.18169746597322	0.0
181.0	29.344919786096256	19.039661319073083	18.348930481283425	33.266488413547236	0.0
182.0	30.33531456767971	17.80868004934395	19.311427610182797	32.544577772793545	0.0
183.0	28.90016920473773	19.96615905245347	20.66553863508178	30.46813310772702	0.0
184.0	31.10630548600046	19.78147052128386	18.210789893011608	30.901434099704073	0.0
185.0	27.857796067672613	19.935985368084133	19.57018747142204	32.63603109282121	0.0
186.0	29.663749424228463	18.228926761860894	19.898664210041456	32.20865960386918	0.0
187.0	30.109023428438874	21.166782649037348	17.258176757132915	31.46601716539086	0.0
188.0	29.762878168438267	18.245532064011215	18.105361523186545	33.88622824436398	0.0
189.0	30.386740331491712	18.855060538380158	19.995297989890677	30.762901140237453	0.0
190.0	31.97109689647003	18.44349680170576	17.3773987206823	32.20800758114191	0.0
191.0	29.24821002386635	18.997613365155132	18.138424821002385	33.61575178997613	0.0
192.0	32.688378800624925	17.606056964307175	18.567479870207908	31.138084364859992	0.0
193.0	31.169774763865345	18.067328651005084	18.914991523371278	31.847905061758297	0.0
194.0	29.471247563352826	18.920565302144247	20.248538011695906	31.359649122807014	0.0
195.0	29.805801376597834	20.30481809242871	18.805309734513273	31.08407079646018	0.0
196.0	31.305748265609513	18.99157581764123	17.814667988107036	31.88800792864222	0.0
197.0	28.78427444597471	19.544259421560035	20.583448103167648	31.088018029297608	0.0
198.0	27.78272484416741	20.837043633125557	19.48861468006615	31.891616842640886	0.0
199.0	28.143236074270554	21.843501326259947	18.47480106100796	31.538461538461537	0.0
200.0	23.477724680129487	18.776013565592724	22.90735316787421	34.838908586403576	0.0
201.0	31.037527593818986	17.439293598233995	19.514348785871967	32.00883002207506	0.0
202.0	31.330663106364042	17.467734757454384	20.026702269692922	31.174899866488655	0.0
203.0	29.328542555580505	19.13316865034808	19.55984729395913	31.978441500112282	0.0
204.0	31.323396567299007	17.841011743450768	21.544715447154474	29.290876242095752	0.0
205.0	29.838158194666057	17.5290631410987	23.569637565534535	29.063141098700708	0.0
206.0	29.261559696342303	21.62410858063032	20.933977455716587	28.180354267310786	0.0
207.0	29.246813441483198	18.308227114716107	18.77172653534183	33.673232908458864	0.0
208.0	29.255194956805973	17.230912911510625	21.480270838197523	32.03362129348587	0.0
209.0	27.033380347907855	18.312176774800186	19.41701927597555	35.23742360131641	0.0
210.0	28.49029815428301	17.69995267392333	20.37387600567913	33.435873166114526	0.0
211.0	30.532346622105518	18.071138696586296	20.577703509190737	30.81881117211745	0.0
212.0	25.498199279711887	16.758703481392555	23.505402160864346	34.23769507803121	0.0
213.0	30.14261542180324	19.386028523084363	17.50060430263476	32.97075175247764	0.0
214.0	29.692832764505116	22.476840565577767	19.600195026816188	28.230131643100925	0.0
215.0	27.74367787871348	18.73312054996317	19.73974957034127	33.78345200098208	0.0
216.0	30.56930693069307	18.044554455445542	21.50990099009901	29.876237623762375	0.0
217.0	26.63656884875846	20.54176072234763	23.47629796839729	29.345372460496616	0.0
218.0	25.659596482152097	19.76202793585101	19.65856182100362	34.91981376099327	0.0
219.0	22.162771050408338	22.61334835257674	24.021402421853	31.202478175161925	0.0
220.0	13.749472796288487	24.54660480809785	21.678616617460985	40.02530577815268	0.0
