# Position (bp)	A	C	G	T	N
0.0	26.019582475855813	23.75289713617552	24.776506637888257	25.45101375008041	0.0
1.0	26.795505786560092	21.920639808960345	16.592661120033767	34.691193284445795	0.0
2.0	29.212034378933005	20.57540167226319	18.077030511425708	32.1355334373781	0.0
3.0	23.784020821930866	22.931822752893044	15.311078049303518	37.97307837587257	0.0
4.0	34.159148074450485	13.675264422727473	15.883438745125897	36.28214875769615	0.0
5.0	35.33914138013579	14.888882623718104	25.223256539656287	24.54871945648982	0.0
6.0	32.585887828719336	17.197159026541282	21.69774831334054	28.51920483139884	0.0
7.0	35.02429724638211	18.350098517966902	21.013559287014626	25.61204494863636	0.0
8.0	22.7973884728113	27.74284508121932	23.128338102666348	26.331428343303028	0.0
9.0	27.48776470411079	19.201574606545346	15.835417125929826	37.47524356341403	0.0
10.0	27.15124701001078	17.25576377820124	25.70169428490734	29.891294926880636	0.0
11.0	28.206395184429873	19.834898140319073	19.7781494100741	32.18055726517696	0.0
12.0	25.095230532742928	20.62158857573294	21.03963113500437	33.243549756519755	0.0
13.0	26.50046636915461	21.556795743617606	20.461585522052424	31.48115236517536	0.0
14.0	30.6372054200728	19.28838738178588	20.07341440178066	30.00099279636066	0.0
15.0	29.836017006058857	19.41878164100659	20.88927589075458	29.85592546217997	0.0
16.0	29.155067262391178	18.794247944500057	19.06536714817582	32.98531764493295	0.0
17.0	29.703626648335245	18.384557481596058	20.96812178161947	30.943694088449224	0.0
18.0	32.655663728141185	17.642936849221545	20.116540635225082	29.584858787412184	0.0
19.0	30.887365589468025	18.938142133069384	20.339823513375	29.834668764087596	0.0
20.0	29.8476434043565	18.489019969914942	21.117881698245586	30.545454927482968	0.0
21.0	29.527514729543537	19.668644146589973	20.427791924590903	30.37604919927559	0.0
22.0	30.318635102862984	18.881148267920544	23.571174306500225	27.22904232271625	0.0
23.0	30.273075030015896	20.281428877346926	22.774030618400072	26.67146547423711	0.0
24.0	33.70850063060954	20.162608487515893	17.776833035640337	28.35205784623423	0.0
25.0	30.21576599141923	20.569987678469154	20.745486760001196	28.468759570110418	0.0
26.0	31.31404039928273	16.794157244585627	23.078575717181558	28.81322663895008	0.0
27.0	26.74616158137227	20.811428049141142	25.096263601266365	27.34614676822022	0.0
28.0	27.768601755761242	20.25609243406878	19.973276793551413	32.00202901661857	0.0
29.0	28.091234308520836	21.208914295759815	17.75284483433345	32.94700656138589	0.0
30.0	27.123310501141614	19.242774703370095	16.73412820587041	36.89978658961789	0.0
31.0	34.662804690795106	14.522159634355218	19.29117100675787	31.523864668091804	0.0
32.0	34.91847611971721	15.290417590877839	23.555720659840297	26.23538562956465	0.0
33.0	31.606880962420732	17.75692720988349	21.271501213984685	29.364690613711097	0.0
34.0	32.917537089585295	16.828043925286316	23.60946632889032	26.64495265623807	0.0
35.0	27.691890264673496	21.018163129500678	26.254941337706267	25.03500526811956	0.0
