# Position (bp)	A	C	G	T	N
0.0	26.065133363880243	23.906028996003887	23.87446808058524	26.154369559530632	0.0
1.0	26.37912085515542	19.97563255757826	15.38568903730149	38.25955754996483	0.0
2.0	28.790516963267827	18.864437549935953	18.305177236641487	34.03986825015474	0.0
3.0	22.935072508358093	22.39491564989205	15.030637397390882	39.639374444358985	0.0
4.0	34.22068550294201	13.09608034114065	14.612509422068772	38.070724733848564	0.0
5.0	34.883265522915174	14.76176227877878	23.05267707617408	27.302295122131966	0.0
6.0	30.833434669752062	17.279919652141878	20.902189939618395	30.98445573848766	0.0
7.0	34.79601649518458	17.0110391125791	20.033327014709577	28.15961737752674	0.0
8.0	22.22903386752528	27.00063797236556	22.768415584229786	28.001912575879366	0.0
9.0	27.721050495043308	18.396930132413914	15.513894117152649	38.368125255390126	0.0
10.0	26.05989697662795	16.29355491435433	25.356216139851412	32.29033196916631	0.0
11.0	28.13786730353625	17.937619088920027	19.380545374722704	34.54396823282102	0.0
12.0	26.145936066853427	19.463577902818972	21.248883436592163	33.14160259373544	0.0
13.0	26.290742828734597	20.674473594560737	18.637332157830876	34.397451418873786	0.0
14.0	30.60141525250204	18.26991685346843	20.373750320774473	30.754917573255053	0.0
15.0	29.794807164246368	18.398148404800843	19.841018806549073	31.966025624403716	0.0
16.0	29.657757109122336	17.51912575879369	18.764043662882347	34.05907346920163	0.0
17.0	30.337810167678985	17.860465563351504	19.682844578844353	32.118879690125155	0.0
18.0	30.90153497850029	17.51117904625143	18.77409161587179	32.813194359376496	0.0
19.0	29.712847609995467	18.291644573837143	19.958017662937785	32.03749015322961	0.0
20.0	29.79117470070736	17.699921851738264	19.817961045684545	32.69094240186984	0.0
21.0	28.984901916778362	18.275907624105074	19.621047991437667	33.118142467678894	0.0
22.0	29.73976137061679	18.892454043188987	22.433614214042187	28.934170372152035	0.0
23.0	29.790895280435127	20.246703511396326	20.89314789960899	29.06925330855956	0.0
24.0	32.412583926672966	19.3158539932957	18.127580166793784	30.143981913237543	0.0
25.0	29.477408088613334	21.043118348121	19.195177966124426	30.28429559714124	0.0
26.0	32.30347589877207	16.587739753770386	21.709390398851202	29.39939394860634	0.0
27.0	26.218786520229582	21.17640181797535	24.966961347011367	27.6378503147837	0.0
28.0	26.306479778466667	19.69560849687988	18.3457738689738	35.652137855679655	0.0
29.0	27.96154193494738	19.693619024541594	17.346756981259617	34.99808205925141	0.0
30.0	26.50385454731112	19.035371726198775	16.101128165923388	38.35964556056671	0.0
31.0	34.19078685397732	14.096130043621727	18.006501461997505	33.70658164040344	0.0
32.0	34.23726030445987	15.525696067570497	22.47666882740021	27.76037480056942	0.0
33.0	31.07424940523896	17.472429419198164	20.78433717345635	30.66898400210653	0.0
34.0	33.282268062936005	16.375690858576345	21.83974881660955	28.502292261878104	0.0
35.0	26.10917298365356	20.45139743052739	25.460124544608643	27.979305041210406	0.0
