# Position (bp)	A	C	G	T	N
0.0	26.1504664108813	24.491642073905247	24.037243711427042	25.320647803786407	0.0
1.0	27.26907577667192	21.62557894921556	15.368269505698398	35.73707576841412	0.0
2.0	29.77656605862672	21.36843241962846	17.135711125741537	31.719290396003284	0.0
3.0	24.095283997627277	22.63177490421777	15.482649799946795	37.79029129820815	0.0
4.0	34.22562965342374	14.139957957527944	15.199921049423448	36.43449133962487	0.0
5.0	35.87894195925645	15.364170903557053	24.274276243490185	24.48261089369631	0.0
6.0	32.61148820444206	17.720155841354718	21.120458679878936	28.547897274324285	0.0
7.0	35.66354480000351	17.984217205758625	20.47982284797728	25.872415146260586	0.0
8.0	23.502480525635626	26.296706418200444	23.84831448354009	26.35249857262384	0.0
9.0	27.170985602915177	19.90360921704451	15.621300141666921	37.30410503837339	0.0
10.0	27.11501284961041	16.918464507030844	24.45840330464993	31.508119338708816	0.0
11.0	27.658034986131298	20.113529616797553	19.66751487941284	32.56092051765832	0.0
12.0	25.628942054332914	21.79733038733558	20.040657968164545	32.53306959016696	0.0
13.0	27.42201804802021	22.28462486903356	19.291146810636654	31.002210272309572	0.0
14.0	30.671482120839745	19.480156439911013	19.45098972056967	30.397371718679572	0.0
15.0	30.383014107610617	19.059748043920617	21.244762309942253	29.312475538526517	0.0
16.0	28.24409125609876	19.405504602304493	19.008457961611384	33.34194617998536	0.0
17.0	29.499924277469024	18.31548715387257	20.5985924123186	31.585996156339807	0.0
18.0	32.503477173462386	17.697568081263306	19.665437992277077	30.13351675299723	0.0
19.0	30.983298989446062	19.21520498102035	20.117193194105358	29.684302835428237	0.0
20.0	30.424874348328284	17.773329311998243	20.39685056190762	31.404945777765853	0.0
21.0	29.734548024209538	20.091909350713482	19.48372971777813	30.68981290729885	0.0
22.0	31.09782448007517	19.040952860337985	22.53907579296454	27.32214686662231	0.0
23.0	29.822125581754143	20.660744227350257	21.93846841312665	27.578661777768946	0.0
24.0	33.991470056834466	19.813477475320518	17.66824656288079	28.526805904964224	0.0
25.0	30.413045121598515	21.20023178576432	20.242077320573078	28.144645772064088	0.0
26.0	31.396638229222805	17.38422902208544	23.118230605679628	28.100902143012124	0.0
27.0	27.16475494150789	21.322007031488447	24.35299805753003	27.160239969473633	0.0
28.0	28.101650338377805	19.789638422979607	19.575757747756512	32.53295349088608	0.0
29.0	28.217749619258857	21.60499257867597	17.448483524093053	32.72877427797212	0.0
30.0	27.504225682588896	19.76003084405894	15.871201246372864	36.8645422269793	0.0
31.0	34.92020395760197	15.432560555577565	18.332205615903327	31.315029870917137	0.0
32.0	34.34068269531657	15.69881088974653	23.785373422342758	26.175132992594136	0.0
33.0	31.460193342038057	18.104343821231478	20.464408257127392	29.97105457960308	0.0
34.0	32.887061523299856	17.707258410086276	21.968383883382703	27.43729618323117	0.0
35.0	27.750903774076274	21.157321160245054	25.161713177176765	25.930061888501903	0.0
