# Position (bp)	A	C	G	T	N
0.0	30.071599045346066	19.737470167064437	21.05011933174224	29.140811455847253	0.0
1.0	24.41527446300716	22.62529832935561	24.701670644391406	28.257756563245824	0.0
2.0	30.05477494641581	20.123839009287924	19.576089545129793	30.245296499166468	0.0
3.0	30.168926956935522	23.554603854389722	20.033309540804186	26.243159647870566	0.0
4.0	27.55587256300523	20.375653827864955	19.971469329529242	32.09700427960057	0.0
5.0	30.988593155893536	19.629277566539923	17.96577946768061	31.41634980988593	0.0
6.0	31.836540746020432	17.795200760275602	19.648372535043954	30.719885958660015	0.0
7.0	29.626989783796624	22.428130197196484	20.45616535994298	27.488714659063913	0.0
8.0	30.434782608695656	19.2919933475885	20.43240674744595	29.8408172962699	0.0
9.0	28.171021377672208	18.646080760095014	18.337292161520192	34.84560570071259	0.0
10.0	25.08313539192399	17.695961995249405	22.446555819477435	34.77434679334917	0.0
11.0	24.275534441805224	20.641330166270784	20.095011876484563	34.988123515439426	0.0
12.0	26.152019002375297	20.42755344418052	17.624703087885983	35.795724465558195	0.0
13.0	29.643705463182897	20.498812351543943	19.168646080760094	30.68883610451306	0.0
14.0	26.8646080760095	21.068883610451305	19.524940617577197	32.541567695961994	0.0
15.0	26.074566611256234	21.467584896699123	20.99263832818808	31.465210163856565	0.0
16.0	25.93208264070292	21.040132985039183	21.80004749465685	31.227736879601043	0.0
17.0	29.22602089268756	19.207027540360873	20.94017094017094	30.626780626780626	0.0
18.0	26.329534662868	21.771130104463438	19.65811965811966	32.24121557454891	0.0
19.0	22.667932589603605	22.430572038927128	22.691668644671257	32.209826726798006	0.0
20.0	28.222169475433184	20.00949442202706	18.134346071682884	33.63399003085687	0.0
21.0	25.848563968668408	22.098267267980063	18.63280322810349	33.420365535248045	0.0
22.0	27.954437588989084	20.313241575700047	17.631703844328428	34.10061699098244	0.0
23.0	29.54437588989084	20.953962980541053	18.248694826767917	31.25296630280019	0.0
24.0	28.523967726625532	18.058851447555764	17.133364973896537	36.283815851922164	0.0
25.0	28.04935927859516	19.69625059326056	15.923113431419079	36.3312766967252	0.0
26.0	29.94779307071666	16.943521594684384	20.835310868533462	32.2733744660655	0.0
27.0	28.523967726625532	20.764119601328904	18.77076411960133	31.941148552444233	0.0
28.0	28.310393925011866	18.082581869957284	17.631703844328428	35.975320360702426	0.0
29.0	28.04270462633452	18.88493475682088	17.532621589561092	35.53973902728351	0.0
30.0	31.941148552444233	17.892738490745135	17.82154722354058	32.34456573327005	0.0
31.0	29.914529914529915	17.260208926875595	18.51851851851852	34.306742640075974	0.0
32.0	28.98172323759791	19.178732494659386	18.82269166864467	33.01685259909803	0.0
33.0	28.23250296559905	19.383155397390272	19.905100830367733	32.47924080664294	0.0
34.0	32.77251184834123	16.70616113744076	21.80094786729858	28.720379146919434	0.0
35.0	29.734848484848484	19.81534090909091	17.921401515151516	32.528409090909086	0.0
36.0	28.148674242424242	17.1875	18.963068181818183	35.70075757575758	0.0
37.0	27.098604871127925	21.02151808938283	18.46772286592575	33.41215417356349	0.0
38.0	28.77068557919622	19.50354609929078	18.55791962174941	33.16784869976359	0.0
39.0	28.514056224899598	19.418851878100636	17.883297897472243	34.18379399952752	0.0
40.0	27.543072928959166	15.860278498937927	22.138305404767525	34.45834316733538	0.0
41.0	26.704411417787217	14.767633875914129	23.732012267044116	34.79594243925454	0.0
42.0	32.85377358490566	16.037735849056602	19.97641509433962	31.132075471698112	0.0
43.0	30.98657876147869	18.6720037673652	19.637391099599718	30.70402637155639	0.0
44.0	31.772181689809365	19.510473052482936	16.14497528830313	32.57236996940456	0.0
45.0	32.20418725005881	17.3606210303458	17.71347918136909	32.7217125382263	0.0
46.0	31.804281345565748	15.478710891554929	21.406727828746178	31.310279934133145	0.0
47.0	33.192190072924014	17.47824041402023	19.054340155257588	30.275229357798167	0.0
48.0	28.48071495766698	20.696142991533396	20.978363123236125	29.844778927563496	0.0
49.0	28.87373618622149	18.528097813308253	19.186456618857278	33.41170938161298	0.0
50.0	29.249941217963794	19.65671290853515	19.868328238890197	31.225017634610865	0.0
51.0	32.494709616741126	16.482482953209498	16.905713613919588	34.11709381612979	0.0
52.0	30.260992240771223	16.411944509757816	23.160122266635316	30.166940982835644	0.0
53.0	30.190453797319538	18.927815659534446	18.50458499882436	32.37714554432166	0.0
54.0	28.497531154479187	18.669174700211617	20.338584528568067	32.494709616741126	0.0
55.0	28.42699271102751	20.926404890665413	16.411944509757816	34.23465788854926	0.0
56.0	27.274864801316717	20.07994356924524	20.503174229955327	32.14201739948272	0.0
57.0	28.8502233717376	18.38702092640489	21.067481777568776	31.695273924288735	0.0
58.0	28.191864566188574	20.056430754761344	18.716200329179404	33.03550434987068	0.0
59.0	26.78109569715495	18.410533740888784	19.280507876792853	35.52786268516341	0.0
60.0	30.801786973900775	17.281918645661886	19.045379731953915	32.87091464848342	0.0
61.0	28.05078767928521	17.399482718081355	20.973430519633197	33.57629908300023	0.0
62.0	29.155889960028215	20.879379261697625	20.85586644721373	29.10886433106043	0.0
63.0	30.919351046320244	18.998354102986127	16.929226428403478	33.15306842229015	0.0
64.0	27.580531389607337	18.645661885727723	19.304020691276747	34.469786033388196	0.0
65.0	29.673171878673877	17.799200564307547	21.702327768633907	30.82529978838467	0.0
66.0	29.532094991770514	16.600047025628967	20.056430754761344	33.811427227839175	0.0
67.0	28.191864566188574	20.832353632729838	19.209969433341172	31.76581236774042	0.0
68.0	26.364063969896517	22.318908748824082	19.637817497648165	31.679209783631237	0.0
69.0	30.597365945437442	20.766698024459078	17.427093132643463	31.20884289746002	0.0
70.0	30.432737535277514	22.295390404515523	17.215428033866413	30.056444026340547	0.0
71.0	29.868297271872063	20.06114769520226	21.42521166509878	28.645343367826904	0.0
72.0	28.974600188146756	17.96801505174036	20.602069614299154	32.455315145813735	0.0
73.0	27.516462841015993	17.75634995296331	22.97742238946378	31.74976481655691	0.0
74.0	27.916274694261524	19.308560677328316	18.74412041392286	34.0310442144873	0.0
75.0	30.416372618207483	18.725005880969185	22.559397788755586	28.29922371206775	0.0
76.0	30.557515878616798	20.371677252411196	19.14843566219713	29.922371206774876	0.0
77.0	33.70971536109151	20.207010115266996	16.96071512585274	29.122559397788756	0.0
78.0	30.698659139026113	16.984239002587625	20.559868266290284	31.75723359209598	0.0
79.0	28.840272876970126	19.90119971771348	17.407668783815573	33.85085862150083	0.0
80.0	33.99200188191014	18.301576099741236	16.79604798870854	30.910374029640085	0.0
81.0	30.087038343919076	16.913667372382967	20.912726417313575	32.08656786638438	0.0
82.0	33.07457068924959	15.314043754410728	22.81816043283933	28.793225123500356	0.0
83.0	30.275229357798167	17.83109856504352	20.93625029404846	30.957421783109858	0.0
84.0	30.087038343919076	16.090331686661962	22.48882615855093	31.333803810868034	0.0
85.0	28.93436838390967	16.654904728299226	20.25405786873677	34.15666901905434	0.0
86.0	29.28722653493296	21.712538226299692	20.06586685485768	28.93436838390967	0.0
87.0	31.075041166784285	17.431192660550458	20.74805928016937	30.745706892495882	0.0
88.0	30.49411764705882	18.282352941176473	18.635294117647057	32.588235294117645	0.0
89.0	30.070588235294117	14.799999999999999	20.63529411764706	34.49411764705882	0.0
90.0	28.988235294117647	18.494117647058825	20.517647058823528	32.0	0.0
91.0	29.828275699835334	18.136908962597037	16.019760056457304	36.01505528111033	0.0
92.0	29.294117647058826	20.04705882352941	18.658823529411762	32.0	0.0
93.0	32.82352941176471	17.929411764705883	18.705882352941178	30.541176470588233	0.0
94.0	29.858823529411765	17.105882352941176	19.88235294117647	33.15294117647059	0.0
95.0	29.294117647058826	18.44705882352941	19.647058823529413	32.61176470588235	0.0
96.0	27.88235294117647	18.423529411764704	19.976470588235294	33.71764705882353	0.0
97.0	29.623529411764704	18.729411764705883	19.38823529411765	32.258823529411764	0.0
98.0	29.88235294117647	19.71764705882353	16.68235294117647	33.71764705882353	0.0
99.0	28.799999999999997	20.04705882352941	18.941176470588236	32.21176470588235	0.0
100.0	30.94677343382007	17.498822421102215	19.87753179463024	31.676872350447482	0.0
101.0	31.981132075471695	20.400943396226413	19.38679245283019	28.2311320754717	0.0
102.0	29.357581483230987	17.997165800661314	18.9891355692017	33.656117146906	0.0
103.0	27.085795320255258	19.995272985109903	22.07515953675254	30.8437721578823	0.0
104.0	27.210401891252957	18.29787234042553	19.38534278959811	35.1063829787234	0.0
105.0	30.09938476100331	18.433506862281117	19.663984855655467	31.803123521060105	0.0
106.0	34.95973472288016	18.403600189483658	18.30885836096637	28.327806726669824	0.0
107.0	33.20674103963921	18.893899833847613	19.083788274388798	28.815570852124377	0.0
108.0	33.19088319088319	17.070275403608736	18.091168091168093	31.64767331433998	0.0
109.0	29.01615969581749	18.417300380228138	17.870722433460077	34.6958174904943	0.0
110.0	27.300832342449468	19.048751486325802	20.0	33.650416171224734	0.0
111.0	31.998092513113974	16.26132570338579	19.933237958989032	31.807343824511207	0.0
112.0	26.01955640352969	21.464345337467208	19.317910803720487	33.198187455282614	0.0
113.0	31.391740272141323	16.13750298400573	20.219622821675816	32.25113392217713	0.0
114.0	30.9768330546931	14.783854788631478	20.444232147122044	33.79508000955338	0.0
115.0	26.051625239005737	18.21223709369025	16.873804971319313	38.862332695984705	0.0
116.0	29.18957685871384	19.196748744919915	18.192684676069806	33.42098972029644	0.0
117.0	32.36842105263158	18.325358851674643	17.129186602870814	32.177033492822964	0.0
118.0	32.663316582914575	16.271835367312754	19.09547738693467	31.969370662838	0.0
119.0	25.083772139779796	20.51220679751077	23.623743417903302	30.780277644806127	0.0
120.0	29.101796407185628	19.760479041916167	20.67065868263473	30.46706586826347	0.0
121.0	30.618112122664108	20.05270723526593	17.63296597987542	31.69621466219454	0.0
122.0	31.630695443645084	16.115107913669064	20.239808153477217	32.014388489208635	0.0
123.0	31.357965451055662	15.547024952015356	19.577735124760075	33.51727447216891	0.0
124.0	32.10943124550036	18.910487161027117	17.95056395488361	31.02951763858891	0.0
125.0	31.79745620350372	21.454283657307414	16.89464842812575	29.853611711063117	0.0
126.0	33.461353816610654	18.96303408545367	19.15506481036966	28.420547287566013	0.0
127.0	30.060024009603843	21.08043217286915	18.415366146458584	30.444177671068427	0.0
128.0	34.01442307692308	17.52403846153846	18.990384615384613	29.471153846153847	0.0
129.0	29.838903582591968	21.615773022361147	20.365472469343594	28.179850925703292	0.0
130.0	31.061882976161808	17.33686491692752	16.734890440645316	34.86636166626535	0.0
131.0	29.34939759036145	17.25301204819277	21.46987951807229	31.92771084337349	0.0
132.0	26.922149915642322	15.54591467823572	23.186309954205832	34.34562545191612	0.0
133.0	27.459016393442624	18.972999035679848	20.68466730954677	32.88331726133077	0.0
134.0	24.264351181862036	19.778099372889532	22.672455378678244	33.28509406657019	0.0
135.0	27.944015444015445	17.543436293436294	22.2972972972973	32.215250965250966	0.0
136.0	28.46450989859971	19.604056011588604	19.77305649444713	32.158377595364556	0.0
137.0	27.441972920696323	18.713733075435204	19.1247582205029	34.719535783365565	0.0
138.0	28.384596754662144	19.738435456527004	17.776701380479533	34.100266408331315	0.0
139.0	29.6439815936062	20.07750060547348	17.72826350205861	32.55025429886171	0.0
140.0	30.828889966068836	17.838099854580708	19.219583131362093	32.11342704798837	0.0
141.0	28.02037845705968	16.885007278020378	23.483745754488112	31.61086851043183	0.0
142.0	31.909730647900997	18.466391652511525	19.776753215239022	29.84712448434846	0.0
143.0	31.79499635657032	18.921544814185086	20.670391061452513	28.61306776779208	0.0
144.0	30.5224787363305	19.39246658566221	20.291616038882136	29.793438639125153	0.0
145.0	30.642023346303503	17.85019455252918	19.090466926070036	32.41731517509728	0.0
146.0	28.369829683698295	17.323600973236008	20.072992700729927	34.23357664233577	0.0
147.0	30.626223091976517	20.81702544031311	17.80821917808219	30.748532289628177	0.0
148.0	28.511992168379834	20.019579050416056	18.012726382770435	33.45570239843367	0.0
149.0	27.95593635250918	20.4406364749082	17.45410036719706	34.149326805385556	0.0
150.0	27.954879843060326	17.189798921039724	19.592937714565963	35.26238352133399	0.0
151.0	28.581943081452405	19.03827281648675	18.52306182531894	33.856722276741905	0.0
152.0	26.87776141384389	17.673048600883654	20.078546882670594	35.37064310260187	0.0
153.0	32.57184966838614	16.261360845001228	17.956276099238515	33.21051338737411	0.0
154.0	32.99429421979658	16.670801290002483	16.794839990076905	33.54006450012404	0.0
155.0	29.883345743360636	19.26036237279722	20.129064283941425	30.72722759990072	0.0
156.0	31.302834410740925	15.96220785678767	19.467926404773745	33.26703132769766	0.0
157.0	28.976848394324122	18.894697535474233	20.139407518048294	31.98904655215335	0.0
158.0	31.03362391033624	16.587795765877956	18.480697384806973	33.89788293897883	0.0
159.0	28.767465069860283	17.739520958083833	22.18063872255489	31.312375249500995	0.0
160.0	26.20414275018717	19.24132767656601	23.533815822310956	31.02071375093586	0.0
161.0	28.821178821178822	17.932067932067934	21.753246753246753	31.493506493506494	0.0
162.0	28.517397881996974	18.608169440242055	23.550176500252142	29.324256177508822	0.0
163.0	30.423814328960646	15.918264379414731	19.80322906155399	33.85469223007064	0.0
164.0	29.95193523905894	18.77055400961295	22.565140399696432	28.712370351631673	0.0
165.0	32.700101317122595	16.185410334346503	20.820668693009118	30.29381965552178	0.0
166.0	31.48148148148148	18.670725520040587	20.192795535261286	29.65499746321664	0.0
167.0	29.229203764945304	16.051895192063085	21.622996692953446	33.09590435003816	0.0
168.0	26.636108989050168	19.455054749172398	19.862490450725744	34.046345811051694	0.0
169.0	25.30581039755352	17.15086646279307	20.259938837920487	37.28338430173292	0.0
170.0	28.666156592705942	15.40423361387401	21.525121142565673	34.404488650854375	0.0
171.0	28.560490045941805	16.947422154160286	19.678407350689127	34.813680449208775	0.0
172.0	28.52400408580184	20.04596527068437	16.70071501532176	34.72931562819203	0.0
173.0	26.75696396626629	18.425760286225405	18.170201891132123	36.64707385637618	0.0
174.0	28.553104155977426	18.80451513596716	20.34376603386352	32.298614674191896	0.0
175.0	26.908249807247493	18.324338216396814	22.12798766383963	32.63942431251606	0.0
176.0	31.404320987654323	17.669753086419753	17.258230452674898	33.66769547325103	0.0
177.0	30.57915057915058	19.742599742599744	18.095238095238095	31.583011583011583	0.0
178.0	32.16585114602112	16.997167138810198	19.108936389389648	31.728045325779036	0.0
179.0	29.263266357547657	18.624420401854714	21.483771251931994	30.628541988665635	0.0
180.0	30.866425992779785	16.812790097988653	17.74110366168128	34.57968024755028	0.0
181.0	27.885360185902403	17.893106119287374	20.733281693777432	33.48825200103279	0.0
182.0	32.98889175923534	17.024024799793334	20.53732885559287	29.449754585378457	0.0
183.0	33.59193173002327	22.136022756658907	18.722523920351694	25.549521592966123	0.0
184.0	31.960631960631964	21.41932141932142	18.026418026418025	28.593628593628594	0.0
185.0	29.92738589211618	21.991701244813278	19.865145228215766	28.21576763485477	0.0
186.0	34.129870129870135	16.493506493506494	20.20779220779221	29.168831168831165	0.0
187.0	31.031766867944345	21.055395116828564	19.401417694933055	28.51142032029404	0.0
188.0	31.9053876478318	21.28777923784494	17.71353482260184	29.09329829172142	0.0
189.0	30.42105263157895	18.421052631578945	18.605263157894736	32.55263157894737	0.0
190.0	33.04370721432333	17.061611374407583	17.00895208004213	32.88572933122696	0.0
191.0	31.340531998946535	17.619173031340534	18.066894917039768	32.97340005267316	0.0
192.0	33.03453730556288	16.76773002900079	19.667809122066966	30.529923543369364	0.0
193.0	29.96274614156466	16.870675891431613	20.329962746141565	32.83661522086216	0.0
194.0	30.498533724340177	18.90162623300453	20.047987203412422	30.551852839242873	0.0
195.0	29.082177161152618	19.903948772678763	19.477054429028815	31.536819637139807	0.0
196.0	30.724018167245525	19.209190488912636	19.58322201442693	30.483569329414905	0.0
197.0	30.91541755888651	20.074946466809422	20.449678800856532	28.559957173447536	0.0
198.0	30.091103965702036	18.64951768488746	19.05144694533762	32.20793140407288	0.0
199.0	28.873994638069707	18.284182305630026	18.176943699731904	34.66487935656836	0.0
200.0	27.475181110812986	17.332975583579284	21.974778642339686	33.21706466326804	0.0
201.0	29.718120805369125	16.268456375838927	20.0	34.013422818791945	0.0
202.0	28.08384842784198	16.957807041117977	20.612738511152916	34.34560601988713	0.0
203.0	30.60785368477676	13.959117805271651	22.592791823561054	32.84023668639053	0.0
204.0	29.80613893376414	18.362950996230477	19.251480883144858	32.57942918686052	0.0
205.0	32.00431034482759	17.96875	21.174568965517242	28.85237068965517	0.0
206.0	30.908111021288065	15.332794395041768	20.695230396119644	33.06386418755052	0.0
207.0	27.642934196332252	20.76591154261057	21.68284789644013	29.908306364617044	0.0
208.0	28.676071622354854	18.231144872490503	23.521432447097123	29.571351058057516	0.0
209.0	29.347826086956523	17.472826086956523	20.434782608695652	32.744565217391305	0.0
210.0	29.526916802610113	17.183251767264817	20.826536160957044	32.46329526916802	0.0
211.0	29.314099074578117	18.69896570495373	23.679912901469788	28.307022318998364	0.0
212.0	29.443838604143945	17.52998909487459	19.27480916030534	33.75136314067612	0.0
213.0	30.622270742358076	17.385371179039304	18.75	33.24235807860262	0.0
214.0	31.59475696340797	19.142545057345714	20.070999453850355	29.19169852539596	0.0
215.0	29.614438063986874	22.149302707136997	21.848509707410447	26.387749521465683	0.0
216.0	32.72129350506988	15.237051246916963	19.238147437654153	32.803507810359	0.0
217.0	30.043859649122805	17.023026315789476	19.682017543859647	33.25109649122807	0.0
218.0	27.05817782656422	17.947310647639956	25.30186608122942	29.692645444566413	0.0
219.0	27.037444933920707	18.997797356828194	23.898678414096917	30.066079295154186	0.0
220.0	29.429594929732712	24.24910443648388	19.041058142739047	27.280242491044365	0.0
221.0	30.69279602539332	20.03864200938449	17.72012144631521	31.548440518906983	0.0
222.0	29.51590594744122	20.193637621023512	18.56154910096819	31.72890733056708	0.0
223.0	31.884860226958207	18.350401328535842	18.156656518128976	31.608081926376975	0.0
224.0	32.50207813798836	17.567193128290384	21.75117761152674	28.179551122194514	0.0
225.0	37.62843654540406	16.301027492363232	20.299916689808388	25.770619272424327	0.0
226.0	31.246521981079578	19.47690595436839	19.782971619365608	29.493600445186424	0.0
227.0	30.479643056330175	18.711656441717793	18.851087562744002	31.95761293920803	0.0
228.0	28.623289583915106	17.704551801172858	19.659313041049987	34.01284557386205	0.0
229.0	29.230769230769234	21.034965034965037	18.34965034965035	31.384615384615383	0.0
230.0	30.7605315238903	22.08085948543964	17.020073508623128	30.13853548204693	0.0
231.0	30.640589569160998	20.975056689342402	20.66326530612245	27.721088435374146	0.0
232.0	26.40385706182643	18.462847419171865	19.937606352807713	35.195689166193986	0.0
233.0	28.74251497005988	17.907043056743653	20.644425434844596	32.70601653835187	0.0
234.0	26.338391067849987	17.463498425422273	22.359003721729174	33.83910678499857	0.0
235.0	25.55205047318612	19.615715514769143	20.648121594493833	34.18411241755091	0.0
236.0	25.48229196659948	16.671465591707456	23.322775698243596	34.52346674344947	0.0
237.0	27.19323812299621	19.003206062372485	21.160011658408628	32.643544156222674	0.0
238.0	29.915278995033596	18.463336254747297	19.36897458369851	32.2524101665206	0.0
239.0	30.24004683840749	16.920374707259953	18.852459016393443	33.987119437939114	0.0
240.0	26.58450704225352	16.93075117370892	19.688967136150236	36.79577464788733	0.0
241.0	27.278106508875737	16.005917159763314	23.964497041420117	32.751479289940825	0.0
242.0	27.299703264094955	17.98219584569733	24.896142433234424	29.821958456973295	0.0
243.0	29.2690233672858	14.829239065308569	22.61833433193529	33.283403235470345	0.0
244.0	27.82112845138055	17.436974789915965	21.608643457382954	33.13325330132052	0.0
245.0	31.74030658250676	16.501352569882776	21.85151788397956	29.906822963630898	0.0
246.0	31.94570135746606	13.363499245852188	20.09049773755656	34.600301659125186	0.0
247.0	26.662636033857318	19.105199516324063	22.158403869407497	32.073760580411125	0.0
248.0	24.598606482883977	17.388670099969705	23.02332626476825	34.98939715237807	0.0
249.0	27.998785302156087	19.556635286972366	18.797449134527785	33.64713027634376	0.0
250.0	28.33180847819457	16.986886245806648	20.31107044830741	34.37023482769137	0.0
251.0	26.955990220048896	18.55134474327628	22.00488997555012	32.487775061124694	0.0
252.0	30.603448275862068	20.535714285714285	17.179802955665025	31.68103448275862	0.0
253.0	31.203703703703706	15.462962962962962	19.444444444444446	33.88888888888889	0.0
254.0	31.120716270453848	15.28249459709787	20.531028095091077	33.06576103735721	0.0
255.0	32.71375464684015	16.91449814126394	19.485749690210657	30.885997521685255	0.0
256.0	27.884313109085195	19.427852876453947	18.7048098082364	33.983024206224464	0.0
257.0	30.4320403658152	16.020182907600127	19.709870703248185	33.83790602333649	0.0
258.0	31.47561747941735	17.32108929702343	16.94110196326789	34.262191260291324	0.0
259.0	30.019120458891013	17.622689611217336	16.889738687061822	35.46845124282983	0.0
260.0	28.973456987527985	18.16437480012792	20.30700351774864	32.555164694595454	0.0
261.0	31.270044900577293	18.697883258499036	18.826170622193715	31.205901218729952	0.0
262.0	28.999034438364983	17.34792404248471	23.688445445767623	29.964596073382683	0.0
263.0	28.931223764933804	17.403939296092993	20.01937358734259	33.64546335163061	0.0
264.0	29.423201555411538	17.401166558651976	22.845106934543097	30.33052495139339	0.0
265.0	29.92843201040989	22.608978529603124	16.65582303188029	30.8067664281067	0.0
266.0	34.18051482567612	17.26946888237211	18.70316063864451	29.846855653307262	0.0
267.0	27.335299901671583	21.632251720747295	18.84627990822681	32.18616846935431	0.0
268.0	28.627838104639686	17.63738071734123	21.25699243172096	32.477788746298124	0.0
269.0	31.08910891089109	19.66996699669967	20.2970297029703	28.943894389438945	0.0
270.0	29.946702198534307	21.91872085276482	15.556295802798134	32.578281145902736	0.0
271.0	32.520053475935825	19.217914438502675	16.37700534759358	31.885026737967912	0.0
272.0	31.75562269217858	17.01913393756294	18.663981201745553	32.561262168512926	0.0
273.0	32.00674536256324	15.244519392917368	19.79763912310287	32.951096121416526	0.0
274.0	30.0135043889264	19.88521269412559	19.480081026333558	30.62120189061445	0.0
275.0	30.99593495934959	19.817073170731707	19.20731707317073	29.979674796747968	0.0
276.0	28.83161512027491	17.972508591065292	21.61512027491409	31.580756013745702	0.0
277.0	28.052576962988585	18.332756831546178	20.96160498097544	32.6530612244898	0.0
278.0	26.293852031955538	19.03438693990969	24.800277874261898	29.871483153872873	0.0
279.0	29.73821989528796	19.790575916230367	19.26701570680628	31.204188481675395	0.0
280.0	31.171107994389903	20.161290322580644	21.423562412342214	27.24403927068724	0.0
281.0	30.0	17.6056338028169	20.809859154929576	31.584507042253524	0.0
282.0	27.834687389614977	18.050158954433062	23.24267043447545	30.87248322147651	0.0
283.0	27.607142857142858	18.75	21.428571428571427	32.214285714285715	0.0
284.0	24.738550306527227	20.447169130905156	24.089433826181033	30.724846736386585	0.0
285.0	25.98624683315237	19.724936663047412	22.765110387260222	31.52370611653999	0.0
286.0	27.2826880934989	17.311906501095688	23.009495982468955	32.39590942293645	0.0
287.0	25.146627565982406	20.014662756598238	23.277126099706745	31.56158357771261	0.0
288.0	24.963017751479292	17.45562130177515	22.892011834319526	34.68934911242604	0.0
289.0	30.26364649090234	17.898254734496845	20.720386186409208	31.11771258819161	0.0
290.0	30.605381165919283	15.508221225710015	24.364723467862483	29.52167414050822	0.0
291.0	31.608548931383577	16.497937757780278	22.83464566929134	29.058867641544804	0.0
292.0	29.389600602863602	19.10324039186134	23.39864355689525	28.108515448379805	0.0
293.0	28.51192730026505	18.40212040893601	23.741007194244602	29.344945096554337	0.0
294.0	28.538812785388128	18.949771689497716	21.91780821917808	30.59360730593607	0.0
295.0	28.779739063699157	18.649270913277054	26.016884113584037	26.554105909439755	0.0
296.0	29.398148148148145	19.714506172839506	22.993827160493826	27.89351851851852	0.0
297.0	29.082426127527217	20.45101088646967	23.75583203732504	26.710730948678073	0.0
298.0	26.117926394934702	19.35100910170162	23.149980213692125	31.381084289671545	0.0
299.0	29.684838160136284	16.86541737649063	24.020442930153322	29.42930153321976	0.0
300.0	31.334932054356514	9.832134292565947	21.183053557154278	37.64988009592326	0.0
