# Position (bp)	A	C	G	T	N
0.0	24.811330801178517	22.27618827872635	28.439263781903374	24.473217138191757	0.0
1.0	24.294930957367505	23.707536118703633	16.732721593127682	35.26481133080118	0.0
2.0	26.611074777509685	17.949370975141605	18.57684290484629	36.862711342502415	0.0
3.0	23.377114290125593	19.391929183814355	16.92488025455778	40.30607627150227	0.0
4.0	24.969387646451274	15.667047620399718	15.625432565865363	43.738132167283645	0.0
5.0	32.89453720110414	16.996458812286882	27.059341291171517	23.049662695437448	0.0
6.0	32.352119136959764	13.804225053436484	23.282956490414264	30.56069931918949	0.0
7.0	32.40162940235431	19.42204307038177	22.205087845229844	25.971239682034074	0.0
8.0	19.93533497953487	29.96817323979028	17.88633756240911	32.21015421826574	0.0
9.0	27.46196005639556	15.423246223067702	16.21620902204804	40.89858469848869	0.0
10.0	29.14468798329073	15.22822191601178	28.041176924667205	27.585913176030285	0.0
11.0	29.844131392081373	12.367717532401274	20.512777286322834	37.27537378919452	0.0
12.0	22.83523462808297	22.741715237893274	24.292238334254627	30.13081179976913	0.0
13.0	26.529694180946713	20.002235947469433	19.6897356701942	33.77833420138966	0.0
14.0	26.855503669349506	15.910895718781692	23.969090688077344	33.26450992379146	0.0
15.0	26.386753253436662	22.04786169777621	23.33637079107289	28.22901425771424	0.0
16.0	25.422456543207467	15.945588395787546	20.66201790709993	37.96993715390505	0.0
17.0	32.51635480227392	17.539765704647312	18.731561197083685	31.21231829599508	0.0
18.0	25.943201610592006	14.269160162159428	21.627024441922597	38.16061378532598	0.0
19.0	30.252901629845997	16.83056220769645	23.30363013169908	29.612906030758474	0.0
20.0	31.279574176226376	18.79047663834171	18.594476322469763	31.33547286296215	0.0
21.0	28.39351610725095	13.921789751729976	20.246504335697345	37.438189805321734	0.0
22.0	24.58007220690677	16.07397791913146	28.663249452769602	30.682700421192166	0.0
23.0	24.967458978793104	17.96663646954542	24.394453075714328	32.67145147594715	0.0
24.0	30.22450864610719	20.45599131884522	18.90617804707734	30.41332198797025	0.0
25.0	25.59725084934949	20.33443385721346	19.555401365879973	34.51291392755708	0.0
26.0	31.010994295672113	14.036603879723772	22.68430817389638	32.26809365070774	0.0
27.0	24.05613292885162	23.084471788465173	25.40187162999683	27.457523652686376	0.0
28.0	27.717674366193183	18.32004038901937	16.788593828607528	37.17369141617992	0.0
29.0	22.509336411605986	19.719015934674843	22.959187747717692	34.81245990600148	0.0
30.0	28.532379291897936	18.464114143735372	17.45115602878475	35.552350535581944	0.0
31.0	31.376920721721426	15.26866962874354	18.657791116617535	34.696618532917505	0.0
32.0	35.41299913501471	14.595059734128954	25.565061041456616	24.42688008939972	0.0
33.0	32.21679942084118	15.663993416337622	21.828546825481173	30.290660337340032	0.0
34.0	33.07809323776228	18.02951300073937	25.352841359899152	23.539552401599202	0.0
35.0	30.952485901024335	15.958718101297132	24.413940538197636	28.674855459480902	0.0
