# Position (bp)	A	C	G	T	N
0.0	32.5765465528015	19.766715267652575	22.80774838575297	24.84898979379296	0.0
1.0	24.432409914601124	25.536346594459484	24.66152884815663	25.369714642782753	0.0
2.0	32.64797507788162	20.43613707165109	17.11318795430945	29.80269989615784	0.0
3.0	30.343827671913836	20.463960231980117	21.68599834299917	27.506213753106877	0.0
4.0	34.26501035196687	17.018633540372672	17.184265010351968	31.53209109730849	0.0
5.0	29.517698199130614	19.685365348789073	17.760298074932727	33.03663837714759	0.0
6.0	28.379217553301594	23.721796729455598	19.354170979093354	28.544814738149448	0.0
7.0	32.2086524529083	19.995860070378804	17.760298074932727	30.035189401780173	0.0
8.0	31.471135940409685	18.125387957790192	18.78750258638527	31.615973515414858	0.0
9.0	28.657148768880614	21.022139457893648	19.801365611421478	30.51934616180426	0.0
10.0	26.458419528340922	16.259826230864707	19.611088125775755	37.67066611501862	0.0
11.0	24.948282995448903	18.142325196524617	21.328092676872156	35.581299131154324	0.0
12.0	26.411582213029988	19.607032057911063	19.793174767321613	34.18821096173733	0.0
13.0	28.16377171215881	21.133167907361454	18.941273779983458	31.76178660049628	0.0
14.0	30.707196029776675	17.018196856906535	23.511166253101738	28.763440860215056	0.0
15.0	30.336846455879314	19.446166563339535	20.43810704691052	29.778879933870634	0.0
16.0	27.051043604050424	18.950196321554042	19.053523455259352	34.94523661913618	0.0
17.0	30.380008261049152	18.52540272614622	20.63197026022305	30.462618752581577	0.0
18.0	26.41470466749277	20.280875671210243	19.743907476249483	33.5605121850475	0.0
19.0	26.992978108219745	24.845105328376704	18.38083436596448	29.781082197439073	0.0
20.0	25.665909560189963	20.937435473879827	19.822424117282676	33.57423084864754	0.0
21.0	26.542827657378744	20.41279669762642	20.59855521155831	32.44582043343654	0.0
22.0	27.946336429308566	17.956656346749224	21.568627450980394	32.52837977296182	0.0
23.0	28.043747420553032	18.90218737102765	20.03714403631861	33.0169211721007	0.0
24.0	30.967608830204252	16.34000412626367	20.239323292758407	32.45306375077367	0.0
25.0	28.094059405940598	17.945544554455445	20.627062706270628	33.33333333333333	0.0
26.0	31.55940594059406	16.8523102310231	18.254950495049506	33.33333333333333	0.0
27.0	27.351485148514854	19.74009900990099	18.23432343234323	34.67409240924093	0.0
28.0	27.22772277227723	20.627062706270628	16.254125412541253	35.89108910891089	0.0
29.0	31.092783505154635	15.113402061855671	17.072164948453608	36.72164948453609	0.0
30.0	27.467988434531186	16.00578273440727	18.711276332094176	37.81495249896737	0.0
31.0	31.810665564282765	14.530797850351384	17.67259198015709	35.985944605208765	0.0
32.0	28.970223325062033	18.982630272952854	17.26633581472291	34.7808105872622	0.0
33.0	28.22897292829097	22.752634841909487	17.110973341599504	31.90741888820004	0.0
34.0	31.11065235342692	17.877786952931462	18.971924029727496	32.03963666391412	0.0
35.0	25.8357408171688	21.853074700784152	17.932315311597193	34.37886917044985	0.0
36.0	28.24427480916031	15.514751392613988	18.609449143800287	37.63152465442542	0.0
37.0	33.08565531475748	19.401444788441694	17.296181630546954	30.21671826625387	0.0
38.0	30.931240966343175	20.35928143712575	16.16766467065868	32.54181292587239	0.0
39.0	34.57711442786069	19.050580431177448	15.775290215588722	30.597014925373134	0.0
40.0	28.108781399211125	20.46917168362051	19.285862570064356	32.136184347104006	0.0
41.0	29.13205980066445	16.382890365448503	22.96511627906977	31.519933554817275	0.0
42.0	33.222591362126245	17.358803986710964	19.5390365448505	29.87956810631229	0.0
43.0	32.627206645898234	20.020768431983385	17.71547248182762	29.63655244029076	0.0
44.0	32.2104387606571	20.087336244541483	15.970056144728634	31.732168850072778	0.0
45.0	32.361702127659576	17.51063829787234	18.319148936170212	31.80851063829787	0.0
46.0	33.3546189868029	15.87909748829289	17.475521498510005	33.29076202639421	0.0
47.0	30.246913580246915	17.773520647083867	20.583226905065985	31.396338867603234	0.0
48.0	27.634660421545664	18.799233553331916	18.139237811368957	35.42686821375346	0.0
49.0	28.093716719914802	19.46751863684771	18.594249201277954	33.84451544195953	0.0
50.0	28.385860306643952	21.890971039182283	17.078364565587734	32.644804088586035	0.0
51.0	28.513628620102217	19.33560477001704	18.739352640545146	33.411413969335605	0.0
52.0	28.08773424190801	17.738500851788757	20.336456558773424	33.83730834752981	0.0
53.0	31.247339293316305	18.64623243933589	19.582801191996595	30.52362707535121	0.0
54.0	26.175782081293892	24.38816769525431	19.536071504575443	29.89997871887636	0.0
55.0	28.79336028942328	19.40838476271547	19.32326026814216	32.47499467971909	0.0
56.0	26.617021276595743	19.914893617021274	20.78723404255319	32.680851063829785	0.0
57.0	28.857203660353264	18.216641838689082	18.36560970419238	34.56054479676527	0.0
58.0	29.814854224303044	19.02532453713556	18.237922962332412	32.92189827622899	0.0
59.0	26.16563764104748	17.58569299552906	20.246966148605495	36.00170321481797	0.0
60.0	28.14562486693634	17.308920587609112	23.206301894826485	31.339152650628062	0.0
61.0	28.391906283280083	19.06283280085197	20.319488817891372	32.22577209797657	0.0
62.0	27.392879982946067	19.20699211255596	21.61586015774888	31.784267746749094	0.0
63.0	31.176979662483774	18.95283427087841	19.926438771094766	29.943747295543055	0.0
64.0	28.147987884032887	18.887927304197316	21.657291215923845	31.306793595845956	0.0
65.0	29.63203463203463	18.72294372294372	20.36796536796537	31.277056277056275	0.0
66.0	28.623972306360884	15.945478147987885	21.93855473820857	33.491994807442666	0.0
67.0	28.840328861964515	19.147555170921677	18.109043704024234	33.90307226308957	0.0
68.0	24.734905864531488	18.11296256221597	22.57087210560485	34.5812594676477	0.0
69.0	27.223544687297125	19.60614585587535	21.22917117507033	31.941138281757198	0.0
70.0	26.482042405884897	20.359151882302033	19.472090004327132	33.68671570748594	0.0
71.0	28.385980095196885	19.77498918217222	19.472090004327132	32.366940718303766	0.0
72.0	28.66724361748161	18.736477715274773	20.27260926006058	32.32366940718304	0.0
73.0	28.277801817395066	18.649935093033317	20.964950237992213	32.1073128515794	0.0
74.0	27.47728256166162	19.558632626568585	21.354392038078753	31.609692773691044	0.0
75.0	28.03980960623107	19.428818693206402	22.65253137170056	29.878840328861966	0.0
76.0	29.66248377325833	19.147555170921677	19.190826482042407	31.99913457377759	0.0
77.0	28.407615750757248	19.03937689311986	18.17395067070532	34.37905668541757	0.0
78.0	28.72294372294372	18.59307359307359	19.11255411255411	33.57142857142857	0.0
79.0	28.679653679653676	19.025974025974026	18.225108225108226	34.06926406926407	0.0
80.0	28.59307359307359	17.01298701298701	20.692640692640694	33.7012987012987	0.0
81.0	25.97402597402597	19.11255411255411	19.696969696969695	35.21645021645022	0.0
82.0	29.357003680450315	16.475427581727647	20.567222342498376	33.60034639532367	0.0
83.0	29.11885689543191	19.09504221693007	21.693007144403552	30.093093743234466	0.0
84.0	27.532467532467532	17.727272727272727	21.1038961038961	33.63636363636363	0.0
85.0	28.327201904349707	17.009305345163384	21.0560484743562	33.60744427613071	0.0
86.0	30.750919714347546	18.156243237394502	19.714347543821685	31.378489504436267	0.0
87.0	31.8762172689894	18.567409651590562	21.207530837481066	28.348842241938975	0.0
88.0	31.2202509736045	18.931198615318042	17.741237559498053	32.1073128515794	0.0
89.0	31.032244103008004	16.85782298203852	17.70179614801991	34.408136766933566	0.0
90.0	30.72758770030316	16.28410567345171	19.012559549588566	33.97574707665656	0.0
91.0	29.99133824166306	19.618882633174533	16.587267215244694	33.80251190991771	0.0
92.0	28.562148116067558	17.540060632308357	18.77436119532265	35.12343005630143	0.0
93.0	31.030749242096146	17.10697271546124	20.07362494586401	31.788653096578606	0.0
94.0	30.214424951267056	17.024041585445094	19.861381849685944	32.900151613601906	0.0
95.0	30.307625649913344	16.63778162911612	19.80069324090121	33.25389948006933	0.0
96.0	29.07279029462738	17.33102253032929	19.930675909878683	33.665511265164646	0.0
97.0	30.524263431542458	17.677642980935875	20.94887348353553	30.849220103986134	0.0
98.0	31.657638136511373	19.089924160346698	18.049837486457204	31.202600216684722	0.0
99.0	30.985915492957744	18.721560130010833	19.956663055254605	30.335861321776814	0.0
100.0	31.27446715963462	16.768160069595474	19.595476294040886	32.361896476729015	0.0
101.0	30.435729847494553	17.77777777777778	19.586056644880173	32.20043572984749	0.0
102.0	29.650655021834062	17.096069868995635	20.69868995633188	32.55458515283843	0.0
103.0	27.423943970234188	20.87984241628365	18.428540161961042	33.26767345152112	0.0
104.0	27.60588106210226	18.323458415624312	18.652622339258286	35.41803818301514	0.0
105.0	29.920739762219284	16.996917657419637	18.582122413033904	34.500220167327164	0.0
106.0	31.77694180128347	18.322637751714982	18.743084753263997	31.157335693737554	0.0
107.0	30.179880079946702	19.276038196757717	18.01021541194759	32.53386631134799	0.0
108.0	33.86737872719181	17.245215843346685	17.890520694259013	30.99688473520249	0.0
109.0	29.462892801426342	19.07733452195231	19.18876755070203	32.271005125919324	0.0
110.0	27.071699798972524	19.27630109448291	19.767701585883405	33.88429752066116	0.0
111.0	31.68161434977578	19.013452914798208	19.417040358744394	29.887892376681613	0.0
112.0	27.536557930258716	18.942632170978627	19.84251968503937	33.67829021372329	0.0
113.0	28.23635543527289	17.884528642309427	18.51601262967975	35.36310329273793	0.0
114.0	30.23255813953488	17.475728155339805	19.21426958681418	33.077444118311135	0.0
115.0	25.690357627885923	20.416478044363963	19.760072430964236	34.13309189678588	0.0
116.0	29.80943738656987	16.833030852994554	19.237749546279492	34.11978221415608	0.0
117.0	29.120254603318934	18.913389406683336	20.7774494203228	31.188906569674923	0.0
118.0	28.053783044667274	16.453965360072925	20.168641750227895	35.3236098450319	0.0
119.0	25.342778793418645	19.40127970749543	23.90310786106033	31.352833638025597	0.0
120.0	26.983035304906007	21.13709307657038	20.288858321870702	31.59101329665291	0.0
121.0	28.945554789800138	19.136227888812314	18.791637950838503	33.126579370549045	0.0
122.0	27.071823204419886	18.255064456721914	19.728360957642728	34.944751381215475	0.0
123.0	31.296125461254615	16.051660516605164	19.349630996309962	33.30258302583026	0.0
124.0	30.423709191942578	17.828200972447323	19.009029868025006	32.739059967585085	0.0
125.0	27.314922255743788	19.145973543745647	18.797864933859366	34.7412392666512	0.0
126.0	30.613196549312192	18.76894380974586	18.698997435299603	31.91886220564234	0.0
127.0	28.551401869158877	17.570093457943926	22.313084112149532	31.565420560747665	0.0
128.0	30.19000703729768	17.077175697865353	19.727891156462583	33.004926108374384	0.0
129.0	29.844778927563496	17.9444967074318	19.12041392285983	33.09031044214487	0.0
130.0	28.89465001178412	18.807447560688193	16.662738628329013	35.63516379919868	0.0
131.0	29.15286322763843	19.356365357311876	19.947941315664934	31.542830099384762	0.0
132.0	28.71733966745843	17.125890736342043	22.897862232779097	31.25890736342043	0.0
133.0	28.912213740458014	19.704198473282442	19.03625954198473	32.347328244274806	0.0
134.0	27.038010996892183	19.077217308152044	19.674874491991392	34.20989720296438	0.0
135.0	28.458403260608968	17.23807240469911	20.83433229441381	33.46919204027811	0.0
136.0	26.42736689954228	17.51385208383522	20.380631173211274	35.67814984341123	0.0
137.0	28.771760154738878	16.199226305609287	19.1247582205029	35.90425531914894	0.0
138.0	28.762135922330096	17.402912621359224	18.54368932038835	35.29126213592233	0.0
139.0	30.78421821724306	18.436434486117875	19.264490988796883	31.51485630784218	0.0
140.0	28.557481083719793	18.159628996826946	21.649987795948256	31.632902123505	0.0
141.0	31.537708129285015	18.87855044074437	18.731635651322236	30.852105778648387	0.0
142.0	33.26781326781327	17.346437346437344	18.181818181818183	31.203931203931205	0.0
143.0	35.978314440611136	17.890586495810744	17.79201577131592	28.339083292262195	0.0
144.0	32.640949554896146	17.85361028684471	17.85361028684471	31.65182987141444	0.0
145.0	30.03472222222222	18.75	18.551587301587304	32.663690476190474	0.0
146.0	29.187437686939184	19.940179461615156	18.045862412761714	32.82652043868395	0.0
147.0	30.38038038038038	16.716716716716718	17.71771771771772	35.18518518518518	0.0
148.0	29.180245675607924	18.576084231637	19.2529456004011	32.990724492353976	0.0
149.0	29.88418932527694	19.73816717019134	17.774420946626385	32.60322255790534	0.0
150.0	27.435638566380614	19.636547198384655	19.83846542150429	33.08934881373044	0.0
151.0	29.713270743466126	19.335194113169248	20.654656178634863	30.29687896472976	0.0
152.0	28.786333503314637	19.12289648138705	17.516573176950537	34.57419683834778	0.0
153.0	31.08489356245191	17.7737881508079	19.723005898948447	31.41831238779174	0.0
154.0	31.309493182402882	16.64522768201698	19.39799331103679	32.647285824543346	0.0
155.0	30.180878552971574	20.74935400516796	17.751937984496124	31.317829457364343	0.0
156.0	31.070225447007	16.688261207566725	20.34205752785696	31.899455817569315	0.0
157.0	29.820452771272443	18.683320322664585	19.516003122560498	31.98022378350247	0.0
158.0	27.93310687222367	21.16540371047818	18.526260778677816	32.37522863862033	0.0
159.0	34.15400733368256	15.66265060240964	18.648507071765323	31.534834992142486	0.0
160.0	27.73684210526316	18.894736842105264	21.921052631578945	31.44736842105263	0.0
161.0	30.129390018484287	17.137575917612885	19.77818853974122	32.954845524161605	0.0
162.0	29.86737400530504	18.30238726790451	20.981432360742705	30.848806366047743	0.0
163.0	28.933333333333334	17.466666666666665	18.906666666666666	34.69333333333333	0.0
164.0	26.618512573568754	17.20171214553237	21.508828250401287	34.67094703049759	0.0
165.0	28.53311879860552	16.143738267632074	21.855725395548404	33.467417538214	0.0
166.0	27.106325706594887	19.30013458950202	20.592193808882907	33.00134589502019	0.0
167.0	29.550379198266523	16.630552546045504	22.047670639219934	31.77139761646804	0.0
168.0	27.84121805328983	18.950516585100598	20.500271886895053	32.70799347471452	0.0
169.0	26.775956284153008	17.37704918032787	21.311475409836063	34.53551912568306	0.0
170.0	26.48514851485149	17.684268426842685	18.976897689768975	36.85368536853685	0.0
171.0	30.59928196630765	16.65285832642916	18.779342723004692	33.96851698425849	0.0
172.0	28.456413103831206	19.988895058300944	16.49083842309828	35.063853414769575	0.0
173.0	28.551493162154618	16.355009768350545	19.17387663968741	35.91962042980742	0.0
174.0	29.200561009817672	19.35483870967742	19.691444600280505	31.753155680224403	0.0
175.0	28.10734463276836	17.796610169491526	21.1864406779661	32.909604519774014	0.0
176.0	28.018223234624145	17.055808656036447	19.30523917995444	35.62072892938497	0.0
177.0	28.973034997131382	19.305794606999427	17.98623063683305	33.734939759036145	0.0
178.0	27.553375649163304	20.744373918061164	19.446047316791688	32.256203115983844	0.0
179.0	28.46778874056878	19.47185142193848	21.096923969820082	30.96343586767266	0.0
180.0	30.280046674445742	15.402567094515755	18.55309218203034	35.764294049008164	0.0
181.0	29.574155653450806	18.472834067547726	18.94273127753304	33.010279001468426	0.0
182.0	27.251254797756125	19.250073811632713	20.490109241216416	33.00856214939474	0.0
183.0	30.632235084594832	22.083704363312556	17.542297417631346	29.741763134461262	0.0
184.0	30.92814371257485	20.688622754491018	17.604790419161674	30.778443113772454	0.0
185.0	27.522658610271904	20.12084592145015	21.661631419939578	30.694864048338367	0.0
186.0	29.361702127659573	17.41641337386018	20.33434650455927	32.88753799392097	0.0
187.0	28.322106552357624	22.50459277403552	17.11573790569504	32.05756276791182	0.0
188.0	29.74976830398517	18.3812171763979	19.21532282978066	32.653691689836265	0.0
189.0	29.631940112289456	19.307548346849657	18.80848409232689	32.252027448534	0.0
190.0	31.44297416509137	17.67485822306238	18.021424070573406	32.86074354127284	0.0
191.0	26.110406091370557	19.257614213197968	19.70177664974619	34.93020304568528	0.0
192.0	32.3190262652146	17.584881486226777	17.74503523382447	32.351057014734145	0.0
193.0	29.62245885769603	18.78025169409487	19.845111326234267	31.752178121974833	0.0
194.0	27.889610389610393	18.7987012987013	20.876623376623378	32.435064935064936	0.0
195.0	28.880866425992778	20.51197899573351	18.96947817525435	31.637676403019366	0.0
196.0	30.221780867262492	20.25819265143992	17.941079112876533	31.57894736842105	0.0
197.0	29.661868095078674	18.881821225309675	19.75225979243388	31.70405088717777	0.0
198.0	28.015032456440043	21.52374444824052	20.122992825418518	30.338230269900922	0.0
199.0	29.53890489913545	23.523054755043226	18.695965417867434	28.24207492795389	0.0
200.0	23.18471337579618	19.10828025477707	20.29723991507431	37.409766454352436	0.0
201.0	31.54320987654321	18.703703703703702	19.814814814814817	29.938271604938272	0.0
202.0	31.19551681195517	18.244084682440846	19.17808219178082	31.38231631382316	0.0
203.0	31.218592964824122	18.781407035175878	20.665829145728644	29.334170854271356	0.0
204.0	30.662460567823345	20.126182965299684	21.829652996845425	27.381703470031542	0.0
205.0	30.661577608142494	16.412213740458014	23.091603053435115	29.834605597964376	0.0
206.0	29.20410783055199	18.998716302952502	23.170731707317074	28.626444159178433	0.0
207.0	27.932598833441347	20.803629293583928	20.47958522359041	30.784186649384317	0.0
208.0	26.48015614834092	18.41249186727391	23.09694209499024	32.01040988939493	0.0
209.0	27.24296005239031	18.271119842829076	19.515389652914212	34.9705304518664	0.0
210.0	28.63756613756614	18.253968253968253	20.634920634920633	32.47354497354497	0.0
211.0	30.774365821094797	19.492656875834445	20.360480640854473	29.372496662216292	0.0
212.0	24.663978494623656	18.27956989247312	22.513440860215052	34.543010752688176	0.0
213.0	26.865671641791046	21.57394843962008	18.588873812754407	32.971506105834465	0.0
214.0	29.419795221843003	22.935153583617748	19.24914675767918	28.39590443686007	0.0
215.0	27.241379310344826	20.82758620689655	19.10344827586207	32.827586206896555	0.0
216.0	29.529737206085755	19.294605809128633	21.23098201936376	29.944674965421854	0.0
217.0	24.982456140350877	18.526315789473685	24.561403508771928	31.929824561403507	0.0
218.0	22.35039653929344	21.91780821917808	20.90843547224225	34.82335976928623	0.0
219.0	23.167848699763592	23.955870764381405	24.42868400315209	28.447596532702917	0.0
220.0	12.117647058823529	26.823529411764707	20.941176470588236	40.11764705882353	0.0
