# Position (bp)	A	C	G	T	N
0.0	43.76191773358758	13.15717788068646	18.802778534459275	24.278125851266687	0.0
1.0	17.661877851160888	42.214203036699125	20.60325457887928	19.520664533260707	0.0
2.0	25.322296105306012	35.595060388112366	14.8188356629122	24.263807843669426	0.0
3.0	42.78650772148469	16.255757247358442	18.409645082633432	22.548089948523437	0.0
4.0	44.216582064297796	15.187817258883248	15.979695431472082	24.61590524534687	0.0
5.0	24.445496348390584	35.33270219096565	14.498241817690019	25.72355964295375	0.0
6.0	22.13962289653308	37.757653578428055	15.685611948367912	24.417111576670948	0.0
7.0	44.57571052453926	13.771687031661378	15.43239046783231	26.220211975967057	0.0
8.0	44.87084373103123	15.862952721386659	15.674108046132057	23.592095501450057	0.0
9.0	23.194070080862534	36.18598382749326	14.602425876010782	26.01752021563342	0.0
10.0	22.343434343434343	12.316498316498317	17.54882154882155	47.79124579124579	0.0
11.0	21.455938697318008	16.636418632788867	15.53404584257579	46.373596827317336	0.0
12.0	22.150667471657613	14.43617092641041	14.026967196619038	49.38619440531294	0.0
13.0	21.91808325525365	33.59657341721323	15.94833355641815	28.53700977111498	0.0
14.0	22.030165509877204	16.517618793379604	39.78910838227442	21.663107314468768	0.0
15.0	40.99853742853344	16.44728094668262	17.683818641138146	24.87036298364579	0.0
16.0	20.676841406768414	16.21765096217651	18.148639681486397	44.95686794956868	0.0
17.0	24.0587573612122	34.566267451862636	16.297227552438297	25.07774763448686	0.0
18.0	20.70400211332717	16.85378417646282	18.319904900277372	44.12230880993263	0.0
19.0	22.36868121004416	37.118565873591244	15.890067883740855	24.62268503262374	0.0
20.0	21.520567748718623	17.019319227230913	15.737941910894993	45.722171113155476	0.0
21.0	22.410854745673834	16.931043523859465	16.845831148400627	43.81227058206607	0.0
22.0	23.591387998167658	14.43622799555003	36.450494077612724	25.521889928669587	0.0
23.0	21.4341744018826	18.133089292718	16.799581644659433	43.63315466073996	0.0
24.0	43.89352818371607	12.754436325678498	15.748956158663882	27.603079331941544	0.0
25.0	23.967695714471798	14.041943467500326	34.36238113846555	27.62797967956233	0.0
26.0	43.82804370447451	13.072320499479709	15.842872008324663	27.256763787721123	0.0
27.0	20.800311809796025	18.045991944913602	13.648174613485772	47.5055216318046	0.0
28.0	22.564102564102566	34.48231093800714	12.924375202856215	30.02921129503408	0.0
29.0	23.993777950612483	11.601529587141098	13.99961112191328	50.40508134033313	0.0
30.0	22.842043452730476	15.639068310824037	34.14888758400208	27.370000652443398	0.0
31.0	25.422613957771496	12.727751101756231	15.102282444254422	46.74735249621785	0.0
32.0	23.75968735510366	14.837384910909451	14.214744651255215	47.18818308273167	0.0
33.0	23.16112668535576	35.88305967160593	15.93912695234281	25.0166866906955	0.0
34.0	26.78523489932886	13.503355704697986	15.684563758389261	44.0268456375839	0.0
35.0	24.517739106974233	33.758262511803586	14.872521246458922	26.85147713476325	0.0
36.0	23.404111441709492	14.592913172842845	15.289423857181497	46.71355152826616	0.0
37.0	43.749149775540744	15.848183920555027	15.861787511903142	24.540878792001088	0.0
38.0	43.72992551083168	15.519715711064034	14.932003006902208	25.81835577120208	0.0
39.0	44.79059211883639	15.432226119249021	12.729523416546318	27.04765834536827	0.0
40.0	23.350850504771124	35.12653851472825	15.855345042179506	25.667265938321115	0.0
41.0	23.955705074292123	12.973086627417999	38.56882534342585	24.502382954864032	0.0
42.0	46.6440821511751	14.863434257886937	14.934010868798081	23.558472722139882	0.0
43.0	46.51411462788708	15.861134873110922	14.20017108639863	23.424579412603364	0.0
44.0	25.014376078205864	36.11270845313398	13.024726854514087	25.84818861414606	0.0
45.0	28.781478472786354	15.87327376116978	16.336311941510967	39.0089358245329	0.0
46.0	28.242381289865342	15.556343019135365	20.845145287030476	35.35613040396882	0.0
47.0	32.502778806965544	17.663949610967027	20.470544646165244	29.362726935902185	0.0
48.0	27.157027886954893	21.074302826127646	17.490174059517123	34.278495227400334	0.0
49.0	27.964184731385483	18.76531573986805	20.933081998114986	32.33741753063148	0.0
50.0	25.499290108849976	24.363464268812116	18.248935163274965	31.888310459062946	0.0
51.0	27.888942077549068	19.38726663475347	17.146960268070846	35.57683101962662	0.0
52.0	28.982577726441427	18.519588025796516	20.540956781210895	31.95687746655116	0.0
53.0	31.754658385093165	18.788819875776397	21.418866459627328	28.037655279503106	0.0
54.0	30.546058415551432	22.164696688482955	18.69688385269122	28.592361043274394	0.0
55.0	29.354997538158546	18.089611029049728	18.2767109798129	34.278680452978826	0.0
56.0	27.022460743390976	18.51520572450805	21.546412244086664	32.91592128801431	0.0
57.0	31.236203090507725	17.429259482239615	20.479630744531406	30.85490668272125	0.0
58.0	29.557396928051737	20.503233629749392	17.724333063864186	32.21503637833468	0.0
59.0	27.04767726161369	20.22208638956805	19.162591687041562	33.56764466177669	0.0
60.0	27.60074013157895	17.598684210526315	19.82935855263158	34.97121710526316	0.0
61.0	29.57367549668874	17.570364238410598	22.154387417218544	30.70157284768212	0.0
62.0	29.33806640217164	19.335978283566508	20.839423679264982	30.486531634996865	0.0
63.0	34.89208633093525	18.239526026237833	17.509521794329242	29.358865848497672	0.0
64.0	28.300277244615057	19.396459799530817	21.571763702281938	30.731499253572192	0.0
65.0	30.10625737898465	18.0744874959751	21.530535580122358	30.288719544917893	0.0
66.0	28.674646824113015	17.265178475142886	21.179769222473848	32.88040547827025	0.0
67.0	28.69754768392371	17.471389645776565	20.20708446866485	33.62397820163488	0.0
68.0	26.343020695728754	18.637164244826067	19.73800088066931	35.281814178775875	0.0
69.0	27.57471392067548	20.08665703810688	21.542050883235195	30.796578157982445	0.0
70.0	30.05030743432085	20.178870877585243	19.26215762996087	30.508664058133032	0.0
71.0	27.726453357368186	21.169445696259576	19.423163587201444	31.680937359170798	0.0
72.0	28.324619231643556	18.35644464651057	20.413730393271198	32.90520572857468	0.0
73.0	27.89660299668306	18.105913302070228	22.257806244995997	31.739677456250714	0.0
74.0	30.4162342903263	16.3265306122449	22.10307851954341	31.154156577885388	0.0
75.0	29.144912402830954	21.04652511892331	21.02332057083188	28.785241907413855	0.0
76.0	29.5279270857677	20.41364804860949	17.620939471839215	32.4374853937836	0.0
77.0	30.627132603835744	19.637604424049886	18.625720673020354	31.109542299094013	0.0
78.0	30.773788363550185	17.75091835525536	19.516530394596515	31.958762886597935	0.0
79.0	29.249106078665076	20.154946364719905	17.818831942789036	32.777115613825984	0.0
80.0	29.243353783231086	19.102610369301097	22.049801515698302	29.60423433176952	0.0
81.0	26.98643410852713	20.2640503875969	18.083817829457363	34.6656976744186	0.0
82.0	31.89833394138392	16.62410312538003	20.92910130122826	30.548461632007783	0.0
83.0	29.552676607186505	20.373991689073577	19.59178684918113	30.48154485455879	0.0
84.0	27.83314876338132	18.567737172388334	21.373200442967885	32.22591362126246	0.0
85.0	32.56648113790971	16.425479282622142	19.492888064316634	31.515151515151512	0.0
86.0	30.93668366712278	17.63900982709292	22.477920139320812	28.94638636646349	0.0
87.0	31.265664160401002	17.719298245614034	22.669172932330827	28.345864661654137	0.0
88.0	34.25316455696203	17.860759493670887	17.253164556962027	30.632911392405067	0.0
89.0	30.472430918120462	16.592385075767222	17.56016808862855	35.375015917483765	0.0
90.0	31.59584028758506	15.932725638721273	19.411991269739374	33.05944280395429	0.0
91.0	28.460643660333464	20.62815044590927	18.430916375856274	32.48028951790099	0.0
92.0	30.395215808632347	16.991679667186688	18.434737389495577	34.17836713468539	0.0
93.0	32.535008506739956	17.32757492474807	18.374558303886925	31.76285826462505	0.0
94.0	30.286314683477805	16.509062253743103	19.84502232729183	33.35960073548726	0.0
95.0	31.061408152461624	16.60931709899418	20.751720487030177	31.57755426151403	0.0
96.0	28.11420982735724	17.51660026560425	21.10225763612218	33.266932270916335	0.0
97.0	32.156705441904	16.138521192672815	18.95975397780452	32.74501938761867	0.0
98.0	31.17022705898159	20.838371624345022	18.097541313986294	29.893860002687088	0.0
99.0	29.729364005412716	19.43166441136671	19.675236806495263	31.163734776725306	0.0
100.0	31.923024430189713	13.934761839770712	19.626040671489015	34.516173058550564	0.0
101.0	32.99352527896404	17.440418790467007	19.782339165174267	29.78371676539468	0.0
102.0	30.942821542295444	15.755226360238128	20.64239235774609	32.659559739720336	0.0
103.0	31.30228667038483	17.7356385945343	20.30117122141662	30.660903513664252	0.0
104.0	28.043814071057437	17.34306979356832	20.29209380704957	34.32102232832467	0.0
105.0	30.222723428249225	18.057513391598533	19.11474485480688	32.60501832534536	0.0
106.0	31.214528944381385	18.771282633371168	19.35300794551646	30.661180476730987	0.0
107.0	33.03826384922901	18.889206167904053	18.046830382638493	30.02569960022844	0.0
108.0	34.3960936377998	17.592991526640816	16.501507970702285	31.509406864857105	0.0
109.0	30.537447486600026	18.730986527596695	20.26655077502535	30.465015210777924	0.0
110.0	26.185958254269448	20.49335863377609	19.208874616844255	34.1118084951102	0.0
111.0	29.907502569373072	18.719718103068566	18.969314344442815	32.40346498311555	0.0
112.0	26.380277531739004	19.013876586950104	21.198700915264247	33.40714496604665	0.0
113.0	29.51038575667656	19.124629080118694	18.367952522255194	32.997032640949556	0.0
114.0	31.337503723562705	16.87518617813524	19.034852546916888	32.75245755138517	0.0
115.0	27.440119760479043	19.985029940119762	18.53293413173653	34.041916167664674	0.0
116.0	30.30075187969925	18.360902255639097	18.045112781954884	33.29323308270677	0.0
117.0	30.588769486907825	18.97986983502346	19.282579082790978	31.148781595277736	0.0
118.0	28.730038022813687	16.425855513307987	21.46007604562738	33.38403041825095	0.0
119.0	24.126354341522966	20.723332824660464	24.828322905539448	30.321989928277127	0.0
120.0	26.40440838818307	21.32251645492117	22.087861625593142	30.18521353130262	0.0
121.0	30.190417690417693	18.473587223587224	18.41216216216216	32.923832923832926	0.0
122.0	28.02773497688752	18.828967642526965	22.372881355932204	30.770416024653315	0.0
123.0	31.906674907292953	18.525957972805934	17.660692212608158	31.906674907292953	0.0
124.0	31.349082996580663	15.837737022070254	20.08082064034815	32.73235934100093	0.0
125.0	28.296875	19.265625	20.046875	32.390625	0.0
126.0	28.772919605077576	19.370004701457454	19.291647077260617	32.56542861620436	0.0
127.0	28.629856850715747	17.964448639295266	20.95327984898537	32.45241466100362	0.0
128.0	31.018153117600633	17.23756906077348	20.0	31.74427782162589	0.0
129.0	32.36646061182438	16.80139483277857	17.84751941670629	32.98462513869076	0.0
130.0	30.55643879173291	19.507154213036564	17.011128775834656	32.925278219395864	0.0
131.0	31.282952548330407	19.060552803962295	18.133887202428504	31.5226074452788	0.0
132.0	28.82229740615434	18.124697921701305	22.635733848880296	30.417270823264058	0.0
133.0	29.661428802851127	19.601490361250605	19.180301312165884	31.55677952373238	0.0
134.0	26.95127912660909	21.73700505132801	19.635000814730326	31.67671500733257	0.0
135.0	28.024226550990345	16.729415616303815	20.347028973645443	34.899328859060404	0.0
136.0	25.448264517190328	17.5357789110051	20.743543345945056	36.272413225859516	0.0
137.0	28.679993391706592	15.942507847348422	20.0726912274905	35.304807533454486	0.0
138.0	29.44204583194952	18.332779807372965	18.93058784456991	33.29458651610761	0.0
139.0	29.041416165664664	17.885771543086175	19.722778891115563	33.3500334001336	0.0
140.0	29.959718026183285	16.58274588788184	19.77173548170527	33.68580060422961	0.0
141.0	29.533941236068895	17.477203647416413	20.128335021952044	32.860520094562645	0.0
142.0	31.68703326544467	16.700610997963338	18.991853360488797	32.62050237610319	0.0
143.0	34.7008547008547	18.358974358974358	18.153846153846153	28.786324786324784	0.0
144.0	29.4036776078364	18.783296098986078	18.83485134902904	32.97817494414848	0.0
145.0	28.828206014517804	17.73245765641203	19.460767369512617	33.978568959557556	0.0
146.0	29.24921793534932	18.75217240180744	18.70003475842892	33.298574904414316	0.0
147.0	30.228900926087714	17.997553730560895	17.665560020968023	34.107985322383364	0.0
148.0	26.33614627285513	20.07735583684951	20.622362869198312	32.96413502109704	0.0
149.0	30.863105765829502	18.97771489211178	17.951892465511143	32.20728687654758	0.0
150.0	28.812655527906152	18.325630998933523	18.23675790970494	34.62495556345539	0.0
151.0	27.550473467929248	19.08165088440236	20.93978917277113	32.42808647489726	0.0
152.0	28.182964163515216	18.656582027732757	16.963803349540786	36.19665045921124	0.0
153.0	31.308919506889048	18.564176939811457	17.820884699057288	32.306018854242204	0.0
154.0	32.519584623793044	15.194024412461285	21.224266715248678	31.062124248496993	0.0
155.0	30.73815644509732	19.610723466764597	16.874770473742196	32.77634961439589	0.0
156.0	30.299667036625973	16.389197188309286	18.682944876063633	34.62819089900111	0.0
157.0	30.787901418969383	17.830470500373412	20.201643017177	31.17998506348021	0.0
158.0	28.7593984962406	21.63533834586466	17.31203007518797	32.29323308270677	0.0
159.0	35.32968071037219	13.905157755526169	17.986019270734932	32.77914226336671	0.0
160.0	25.899828604075413	19.748619310607506	23.652637592839458	30.698914492477623	0.0
161.0	29.87361164304864	18.862504787437764	21.026426656453467	30.23745691306013	0.0
162.0	31.57082207641837	18.371285218062525	19.104592821304518	30.95329988421459	0.0
163.0	28.954527788573646	18.67469879518072	17.17839098328799	35.192382432957636	0.0
164.0	30.442443226311667	15.661707126076744	21.593578700078307	32.30227094753328	0.0
165.0	30.46644361346192	17.4375123007282	20.862035032473923	31.23400905333596	0.0
166.0	28.98120672601385	19.960435212660734	19.74282888229476	31.31552917903066	0.0
167.0	26.956002389010553	19.51025283695003	22.635874975114472	30.897869798924944	0.0
168.0	28.969526864474737	17.68243785084202	20.569366479550922	32.77866880513231	0.0
169.0	26.662636033857318	18.742442563482467	21.382507053607416	33.2124143490528	0.0
170.0	29.417731791438424	16.81882734834652	19.009941164536418	34.753499695678634	0.0
171.0	31.17466802860061	17.446373850868234	17.405515832482124	33.97344228804903	0.0
172.0	29.915585752522134	19.929997941115914	17.624047766110767	32.53036854025119	0.0
173.0	27.54254877542549	18.140307181403074	18.72146118721461	35.59568285595683	0.0
174.0	29.74273164609914	19.138255595063793	19.30558460573102	31.813428153106045	0.0
175.0	28.40885142255005	18.69336143308746	21.85458377239199	31.043203371970495	0.0
176.0	30.530785562632694	19.02335456475584	17.40976645435244	33.03609341825902	0.0
177.0	27.45182012847966	20.663811563169165	19.271948608137045	32.61241970021413	0.0
178.0	28.302702702702703	19.243243243243242	20.518918918918917	31.935135135135134	0.0
179.0	24.99455219001961	19.089126171279148	25.234255829156677	30.68206580954456	0.0
180.0	29.94734532689776	16.673979815708645	20.1623519087319	33.21632294866169	0.0
181.0	28.77410773664376	19.30835734870317	19.48570161826646	32.43183329638661	0.0
182.0	31.344950848972296	17.26988382484361	20.10723860589812	31.27792672028597	0.0
183.0	27.66148998424488	22.552329507089805	20.414134593742965	29.372045914922353	0.0
184.0	29.981884057971016	19.58786231884058	19.157608695652172	31.27264492753623	0.0
185.0	27.37226277372263	22.30839416058394	22.354014598540147	27.965328467153284	0.0
186.0	29.949471750114835	17.661920073495637	22.37023426734038	30.01837390904915	0.0
187.0	29.819277108433734	22.126969416126045	17.354031510658015	30.699721964782206	0.0
188.0	28.89458955223881	18.88992537313433	20.80223880597015	31.413246268656714	0.0
189.0	28.71939736346516	20.103578154425612	19.821092278719394	31.35593220338983	0.0
190.0	32.23590715300805	16.935101847465656	18.569398389388915	32.259592610137375	0.0
191.0	28.608923884514436	20.305416368408494	19.68503937007874	31.40062037699833	0.0
192.0	31.497956239480647	18.538110122625632	20.149074296705937	29.814859341187788	0.0
193.0	30.569066147859925	17.97178988326848	21.133268482490273	30.32587548638132	0.0
194.0	29.397354238118567	19.79421852033317	22.66046055854973	28.147966682998533	0.0
195.0	27.416173570019726	18.21992110453649	20.537475345167653	33.82642998027613	0.0
196.0	27.923211169284468	19.29693343305909	22.587883320867615	30.19197207678883	0.0
197.0	27.934093789607097	19.29024081115336	23.29531051964512	29.480354879594422	0.0
198.0	27.629187224097635	22.357829135289535	19.735133731498312	30.27784990911452	0.0
199.0	29.292375205704886	23.20351069665387	18.623148656061435	28.880965441579814	0.0
200.0	28.84798476674072	15.264995239606474	19.517613456045698	36.369406537607105	0.0
201.0	30.482456140350877	17.45614035087719	19.736842105263158	32.324561403508774	0.0
202.0	35.13274336283186	17.61061946902655	17.876106194690266	29.38053097345133	0.0
203.0	36.051693404634584	17.023172905525847	18.627450980392158	28.297682709447415	0.0
204.0	35.890533871691346	17.048003589053387	20.143562135486764	26.917900403768506	0.0
205.0	35.294117647058826	18.28545371637027	21.568627450980394	24.851801185590517	0.0
206.0	30.691244239631338	21.013824884792626	20.829493087557605	27.46543778801843	0.0
207.0	29.003724394785845	24.534450651769088	15.31657355679702	31.145251396648042	0.0
208.0	30.35882908404155	16.19452313503305	20.679886685552407	32.76676109537299	0.0
209.0	26.7458432304038	20.0	18.47980997624703	34.77434679334917	0.0
210.0	27.729885057471265	17.24137931034483	18.726053639846743	36.30268199233716	0.0
211.0	30.430575713594582	18.093855829704886	20.51282051282051	30.96274794388002	0.0
212.0	27.75609756097561	15.268292682926829	24.536585365853657	32.4390243902439	0.0
213.0	28.01766437684004	21.54072620215898	17.369970559371932	33.07163886162905	0.0
214.0	29.688273132112812	23.948540326571006	18.35724888668976	28.005937654626422	0.0
215.0	30.853719420868696	22.166749875187218	17.62356465302047	29.355966050923616	0.0
216.0	31.73076923076923	15.637651821862347	17.86437246963563	34.76720647773279	0.0
217.0	25.128998968008254	16.46026831785346	25.18059855521156	33.23013415892673	0.0
218.0	26.326963906581742	17.569002123142248	17.993630573248407	38.1104033970276	0.0
219.0	17.227378190255223	22.621809744779583	24.187935034802784	35.96287703016242	0.0
220.0	0.08643042350907519	32.4114088159032	23.595505617977526	43.9066551426102	0.0
