# Position (bp)	A	C	G	T	N
0.0	39.843499454813674	16.900776088769163	19.440702969661984	23.815021486755178	0.0
1.0	22.53078501795793	33.029758850692666	20.767060030785018	23.67239610056439	0.0
2.0	28.146160725693115	28.433627187939187	15.676504407819088	27.743707678548613	0.0
3.0	37.52391886720245	17.82115065697155	18.20385253221074	26.45107794361526	0.0
4.0	38.89030612244898	17.059948979591837	15.535714285714286	28.514030612244902	0.0
5.0	25.620098195498308	27.55850283746732	16.623095071096092	30.198303895938277	0.0
6.0	26.62246589315313	29.548642101236773	17.78018615325768	26.048705852352416	0.0
7.0	38.91898782586525	18.599018420549427	15.705271209127414	26.776722544457897	0.0
8.0	37.558954748247295	17.947737412364564	16.25876354365838	28.234544295729762	0.0
9.0	26.320484230646702	27.327174259318255	16.361898693851547	29.9904428161835	0.0
10.0	24.000509294626944	14.763177998472116	18.073593073593074	43.162719633307866	0.0
11.0	23.165064612642432	16.812018588070533	18.05334521611815	41.969571583168886	0.0
12.0	24.457455610004455	16.196779736523897	17.908737987653538	41.43702666581811	0.0
13.0	26.332866776943632	27.04542562667006	18.41201170632396	28.20969589006235	0.0
14.0	25.268783001463195	16.107894904255996	30.549017113047906	28.0743049812329	0.0
15.0	34.652079888054956	18.038417504134337	18.579061188144003	28.730441419666708	0.0
16.0	23.780759203916833	17.574871240541743	17.905512812360907	40.73885674318052	0.0
17.0	26.42552920984044	26.59080795880745	17.710253639310917	29.273409192041193	0.0
18.0	23.716319267920692	18.162175902389425	18.16853075749873	39.952974072191154	0.0
19.0	25.33833153313425	28.553275303386492	17.19931380646801	28.909079357011247	0.0
20.0	24.461802248047245	16.75239728202197	17.88277132152156	40.90302914840922	0.0
21.0	25.277724877801056	16.866628578683425	19.031295626229923	38.82435091728559	0.0
22.0	25.141225007933986	16.82005712472231	29.02570612503967	29.01301174230403	0.0
23.0	25.203097232800204	17.066514343742067	18.247017009393247	39.483371414064486	0.0
24.0	37.61025445777017	15.768767053747066	17.86280855384225	28.75816993464052	0.0
25.0	26.211621415884295	16.360060898249177	26.617609743719868	30.810707942146664	0.0
26.0	38.001902949571836	15.54709800190295	15.826197272438947	30.62480177608627	0.0
27.0	25.70703868103995	17.97717184527584	14.711477488902979	41.604311984781226	0.0
28.0	25.508587362950756	26.9979086127131	14.855187274225237	32.63831675011091	0.0
29.0	26.47412755716005	15.12445373361201	16.39749192475774	42.0039267844702	0.0
30.0	25.687956784238956	15.869081665077852	26.965363838576422	31.47759771210677	0.0
31.0	28.517763911880813	13.759072965745576	15.624602062905895	42.09856105946772	0.0
32.0	25.790211572775934	17.39102727504461	15.87433086923273	40.944430282946726	0.0
33.0	26.54285531942051	29.133958772097774	15.010530346544131	29.312655561937582	0.0
34.0	27.413793103448274	16.436781609195403	17.40102171136654	38.748403575989784	0.0
35.0	25.42111353992542	27.52989584672753	16.426642664266428	30.622347949080623	0.0
36.0	27.42952760973098	14.705882352941178	16.95842450765864	40.906165529669195	0.0
37.0	39.11781775972142	18.02411814019475	15.85090604243245	27.00715805765138	0.0
38.0	37.435400516795866	17.816537467700257	15.878552971576227	28.86950904392765	0.0
39.0	40.605157444602824	16.690423739795257	14.228327070104962	28.476091745496955	0.0
40.0	25.376134889753565	27.859922178988327	17.736705577172504	29.027237354085607	0.0
41.0	25.893612865420927	14.870759815092127	30.386092844586237	28.84953447490071	0.0
42.0	39.86641346342741	15.467225460022263	17.916311963853055	26.750049112697273	0.0
43.0	38.85676741130092	17.3850197109067	16.530880420499344	27.227332457293034	0.0
44.0	27.072042300066094	27.838730998017187	14.910773298083276	30.178453403833444	0.0
45.0	31.818850169092784	16.299073665637405	18.114983090721953	33.76709307454786	0.0
46.0	30.648300643808952	17.367869441533163	18.81269651145381	33.171133403204074	0.0
47.0	30.617302493241215	17.58035446079904	19.315109642535297	32.487233403424455	0.0
48.0	28.32882476705741	18.50766456266907	18.605350165314096	34.558160504959424	0.0
49.0	29.614024527876005	17.523135956662404	19.170867504326235	33.691972011135356	0.0
50.0	28.096745027124776	21.338155515370705	18.271549125979504	32.29355033152502	0.0
51.0	29.817413610985362	19.13384638599668	17.62486796438811	33.423872038629845	0.0
52.0	28.82916886842304	17.79270778289424	19.944138295463123	33.433985053219594	0.0
53.0	29.764874877145232	19.67944356241022	19.4828759355863	31.072805624858248	0.0
54.0	27.884615384615387	22.486371895820714	18.254088431253784	31.374924288310112	0.0
55.0	29.402408543512838	18.162538816935545	19.298644247519505	33.13640839203211	0.0
56.0	27.421555252387446	19.092011520388056	19.40275882977111	34.08367439745339	0.0
57.0	30.053816417797318	18.191465170923976	19.237474418252106	32.517243993026604	0.0
58.0	30.667071412309326	18.48675722850421	18.577824998102756	32.26834636108371	0.0
59.0	28.285128672284216	19.046534578304104	20.428148485538603	32.24018826387308	0.0
60.0	29.142596533900882	18.04499847978109	19.99087868653086	32.821526299787166	0.0
61.0	29.48561862730178	17.53918733830467	20.51438137269822	32.46081266169533	0.0
62.0	28.534410487005562	18.85527017757793	21.156924014937886	31.453395320478624	0.0
63.0	31.913594382108236	17.578810777803223	19.906877337607817	30.60071750248073	0.0
64.0	28.050083982287372	18.56772026263552	21.57581310123683	31.80638265384028	0.0
65.0	30.61583129584352	17.825488997555013	19.987775061124694	31.570904645476773	0.0
66.0	28.75392029373518	16.744435095234454	21.34169662663505	33.159947984395316	0.0
67.0	29.307309605817068	18.484500574052813	19.050899349406812	33.157290470723304	0.0
68.0	26.815813668403308	18.847686178363467	20.11186025130248	34.224639901930736	0.0
69.0	27.15983135300882	19.616711383671905	20.981218857799924	32.24223840551936	0.0
70.0	26.367052688089576	20.46169184753432	19.457013574660635	33.71424188971547	0.0
71.0	28.640478747890135	19.11155439619457	19.510510971305816	32.73745588460948	0.0
72.0	28.308259134172552	18.93613754989254	20.555726128338964	32.19987718759595	0.0
73.0	29.186198416967645	17.65926381310997	21.140398063474986	32.014139706447395	0.0
74.0	29.00992384029541	18.686052773290253	20.709285329640743	31.594738056773597	0.0
75.0	29.257406694882647	18.183916891111966	22.39322816467872	30.165448249326666	0.0
76.0	28.275596612779058	19.091608929946112	19.445727482678983	33.187066974595844	0.0
77.0	27.650231124807394	19.029275808936827	18.7211093990755	34.59938366718028	0.0
78.0	28.13198673964999	19.28918356333359	18.957674813044484	33.62115488397194	0.0
79.0	28.83606051250386	19.928990429144797	18.393022537820315	32.841926520531025	0.0
80.0	28.93130360868557	17.17023413955645	20.261185379800633	33.63727687195735	0.0
81.0	26.426472862223598	18.44750270604608	19.29797433122004	35.82805010051028	0.0
82.0	29.119307198639138	17.52880228871878	20.70671924534137	32.645171267300704	0.0
83.0	29.251490053409707	17.958046288412415	21.66576360399412	31.124700054183762	0.0
84.0	27.942998760842624	17.797397769516728	20.46933085501859	33.790272614622054	0.0
85.0	29.259976753196437	17.760557923285546	21.48779542812863	31.491669895389386	0.0
86.0	29.543517011547703	17.74781058668527	20.421607378129117	32.287065023637915	0.0
87.0	31.958762886597935	17.448259824819782	21.463452445546856	29.129524843035426	0.0
88.0	31.731514493876915	19.028057665478222	16.795845605332506	32.44458223531235	0.0
89.0	30.881327028912487	16.835904193473375	18.905511200682117	33.377257576932024	0.0
90.0	29.64859204095881	16.91102319447677	19.362345822666978	34.07803894189745	0.0
91.0	28.912857918832934	19.733064328392956	17.249941801815783	34.10413595095833	0.0
92.0	28.86853950023281	17.856588545708522	18.159242588856124	35.115629365202544	0.0
93.0	31.504617055947854	16.88523318072476	19.702025296810742	31.908124466516647	0.0
94.0	30.80267039279615	17.085856233504117	19.57770532526005	32.53376804843968	0.0
95.0	30.25856044723969	16.655019799673887	20.17237363149313	32.914046121593294	0.0
96.0	29.996893927628516	16.56313092095046	19.187762074856344	34.252213076564686	0.0
97.0	30.154539100722218	17.783645258988894	19.90370427894696	32.15811136134193	0.0
98.0	31.41170072255458	19.058348224691166	18.110480926112967	31.419470126641286	0.0
99.0	29.846106015855746	18.46727809731074	20.12280429037774	31.563811596455775	0.0
100.0	30.538455544299854	16.769266734200887	19.574534403491	33.11774331800826	0.0
101.0	31.608566515554166	18.14131624198843	19.20431452243239	31.045802720025012	0.0
102.0	31.283778491423202	17.349416464322083	19.550403383723662	31.816401660531056	0.0
103.0	29.468143609081626	20.24510959226962	18.359651190195617	31.927095608453136	0.0
104.0	28.48695103682094	18.000473074193803	19.28565796735788	34.226917921627376	0.0
105.0	29.694668565100457	17.259927226704637	19.427305806043346	33.61809840215156	0.0
106.0	31.93684043481711	18.63048480520511	17.813219074823454	31.61945568515433	0.0
107.0	29.205793410791024	18.749005252268024	18.390896068756962	33.65430526818399	0.0
108.0	32.7694885502274	17.130774754647728	17.37812175855741	32.72161493656746	0.0
109.0	28.80447820871651	17.704918032786885	20.75169932027189	32.73890443822471	0.0
110.0	26.13645474224325	18.680349555038884	20.34795157540287	34.835244127315	0.0
111.0	31.354091238233167	18.223509534153994	19.63955265910371	30.782846568509132	0.0
112.0	27.588709677419352	18.774193548387096	19.443548387096772	34.193548387096776	0.0
113.0	29.411289018275916	18.478085071971535	17.42681546174996	34.68381044800259	0.0
114.0	31.176518284277954	17.935619881618422	18.697802643314684	32.190059190788936	0.0
115.0	26.303375355835705	20.252135014233428	18.283855225701505	35.16063440422936	0.0
116.0	29.064924458962842	17.656186198448346	18.4238464679461	34.85504287464271	0.0
117.0	29.7115699770567	18.690593248115373	20.00163880694854	31.596197967879387	0.0
118.0	29.32806974257752	16.753022452504318	20.26482440990213	33.65408339501604	0.0
119.0	25.90669304319156	19.312561819980218	23.40092317837125	31.379821958456972	0.0
120.0	27.32688011913626	21.030859601224456	20.28625796310085	31.35600231653843	0.0
121.0	29.664039817503113	18.282870178349235	19.278307756117794	32.774782248029865	0.0
122.0	27.704727030625833	17.618175765645805	19.70705725699068	34.970039946737685	0.0
123.0	30.954370717031587	17.02323249206084	19.120842386762494	32.90155440414508	0.0
124.0	30.81761006289308	18.129979035639412	19.639412997903563	31.412997903563944	0.0
125.0	28.185717890487005	18.260577003953234	19.27832450164017	34.275380603919594	0.0
126.0	30.73549257759784	18.429487179487182	18.572874493927124	32.262145748987855	0.0
127.0	29.530655391120508	17.750528541226217	20.287526427061312	32.43128964059196	0.0
128.0	29.534646739130434	18.011209239130434	19.692595108695652	32.76154891304348	0.0
129.0	30.497359904615905	17.79935275080906	18.65099642309658	33.05229092147846	0.0
130.0	29.515908313376666	19.124187478617856	17.234006158056793	34.12589804994868	0.0
131.0	29.93051385433645	18.452432015098225	19.679162734837437	31.937891395727892	0.0
132.0	29.998276456394347	17.166494312306103	21.51844191658049	31.316787314719065	0.0
133.0	29.483519335582663	20.122847997231595	18.83380915304092	31.559823514144824	0.0
134.0	27.33744248632694	20.43580171889921	18.54327632606997	33.68347946870388	0.0
135.0	28.173428521678566	17.081664635208078	21.17360264670033	33.571304196413024	0.0
136.0	27.39905610907184	18.065023597273203	18.877818563188253	35.658101730466704	0.0
137.0	29.92988606485539	16.59070990359334	18.851884312007012	34.62751971954426	0.0
138.0	28.148083010903974	17.912416461484348	19.45128385508266	34.48821667252902	0.0
139.0	29.370752802047477	18.6303062395199	19.221604447974585	32.777336510458035	0.0
140.0	28.770034534667495	18.143982998317544	20.782785796511114	32.30319667050385	0.0
141.0	30.992542613636363	17.915482954545457	19.557883522727273	31.53409090909091	0.0
142.0	32.59609381967359	17.14973691251226	18.11290466422902	32.14126460358512	0.0
143.0	33.25573065902579	19.340974212034386	18.830587392550143	28.572707736389685	0.0
144.0	32.05035971223021	17.949640287769782	17.697841726618705	32.302158273381295	0.0
145.0	30.694231290060486	18.470705064548163	18.371400198609734	32.463663446781624	0.0
146.0	29.952830188679247	18.913280116110304	17.91545718432511	33.21843251088534	0.0
147.0	28.628774746829666	18.19177082382994	18.821275431073808	34.35817899826658	0.0
148.0	29.227385207588675	18.412611126386217	19.09999083493722	33.26001283108789	0.0
149.0	30.820276497695854	18.54377880184332	18.534562211981566	32.10138248847926	0.0
150.0	28.604500416705253	17.85350495416242	20.112973423465135	33.42902120566719	0.0
151.0	29.25922483502184	18.47755367599219	20.26210614369365	32.00111534529231	0.0
152.0	29.477228093145047	18.142710184232673	17.52548396147012	34.85457776115216	0.0
153.0	30.371764705882352	18.710588235294118	19.981176470588235	30.93647058823529	0.0
154.0	31.58542356838618	17.595835305253193	18.44770468528159	32.371036441079035	0.0
155.0	28.666666666666668	19.876190476190477	18.02857142857143	33.42857142857143	0.0
156.0	31.106431852986216	17.122894333843796	18.99885145482389	32.7718223583461	0.0
157.0	31.182692307692307	18.89423076923077	19.701923076923077	30.221153846153847	0.0
158.0	28.452771875603634	21.54722812439637	17.8192003090593	32.180799690940695	0.0
159.0	33.22978351616348	16.09552470633919	19.512668672944375	31.162023104552954	0.0
160.0	28.396991306046694	18.784800234443686	20.621275764384098	32.196932695125525	0.0
161.0	29.24815724815725	17.552825552825553	20.10810810810811	33.09090909090909	0.0
162.0	29.810351639668113	18.57961280126432	20.051363097589885	31.558672461477677	0.0
163.0	29.268535082488572	17.511429139336116	19.071755118266744	34.148280659908565	0.0
164.0	28.222266560255388	17.527932960893857	19.17398244213887	35.075818036711894	0.0
165.0	28.406698084829042	16.965807680737992	21.457936428356565	33.169557806076405	0.0
166.0	27.675239536056477	19.40494200706001	20.49420070600101	32.4256177508825	0.0
167.0	27.749062531671225	17.968987534204924	21.171582041147257	33.11036789297659	0.0
168.0	29.583630255522753	17.845871933217957	19.52560317621908	33.04489463504021	0.0
169.0	26.80781425795234	19.218574204766288	20.45617265009717	33.517438887184205	0.0
170.0	28.04074912533443	16.88619057419222	18.872195925087468	36.20086437538588	0.0
171.0	30.246274834437088	16.825331125827812	18.33609271523179	34.59230132450331	0.0
172.0	29.015813566375364	19.29879317519767	17.051602163961714	34.63379109446525	0.0
173.0	29.030569514237857	17.01214405360134	19.72361809045226	34.233668341708544	0.0
174.0	30.316742081447963	19.0255708723561	18.73092707566032	31.926759970535624	0.0
175.0	27.97373159622921	17.837093528227943	21.07827560639763	33.110899269145214	0.0
176.0	28.16931442584497	17.197995521910652	18.530760208977505	36.10192984326687	0.0
177.0	27.469931271477666	19.426546391752577	20.124570446735397	32.97895189003437	0.0
178.0	26.616915422885572	19.65174129353234	20.08436080467229	33.6469824789098	0.0
179.0	28.09269937982809	18.246110325318245	20.67239691002067	32.98879338483299	0.0
180.0	30.139086627970652	15.759500602343666	19.78972730259555	34.31168546709013	0.0
181.0	29.000884173297965	18.79973474801061	18.02608311229001	34.173297966401414	0.0
182.0	28.888640928364207	18.020531131443875	19.671948225842446	33.41887971434947	0.0
183.0	29.465391108610017	20.742824985931346	19.966235227912215	29.825548677546426	0.0
184.0	31.153846153846153	19.208144796380093	17.47737556561086	32.1606334841629	0.0
185.0	28.607305936073057	19.337899543378995	20.69634703196347	31.358447488584474	0.0
186.0	29.715076710116506	17.72984196562464	20.56753950859384	31.987541815665015	0.0
187.0	30.549732122059165	21.302119729792686	17.691590962031214	30.456557186116935	0.0
188.0	30.075187969924812	17.974624060150376	18.656015037593985	33.29417293233083	0.0
189.0	30.49721134448796	18.72552509789961	19.852853921917646	30.92440963569479	0.0
190.0	31.204992798847815	18.27892462794047	17.654824771963515	32.8612578012482	0.0
191.0	27.26943067810951	18.941133808775533	18.7960836455941	34.99335186752085	0.0
192.0	31.7117776152158	17.617654230675445	18.739331870275542	31.931236283833208	0.0
193.0	31.124769514443763	17.676705593116164	19.63122311001844	31.567301782421637	0.0
194.0	29.956656346749227	18.922600619195045	19.57894736842105	31.541795665634677	0.0
195.0	29.01897154268597	20.993509735396902	19.15876185721418	30.828756864702946	0.0
196.0	30.003778813452577	19.284544652978962	18.46580173825419	32.24587479531427	0.0
197.0	28.429499426824606	20.494204559928672	19.245955929180997	31.83034008406572	0.0
198.0	28.65702748469454	21.649081672528332	19.330467630584863	30.363423212192263	0.0
199.0	28.442868830106356	21.775293155167713	18.461958003817834	31.319880010908097	0.0
200.0	23.821656050955415	19.044585987261147	22.11783439490446	35.01592356687898	0.0
201.0	31.995412844036696	17.087155963302752	19.128440366972477	31.788990825688074	0.0
202.0	30.092378752886834	19.399538106235568	20.64665127020785	29.861431870669747	0.0
203.0	31.19757688723206	18.499534016775396	20.060577819198507	30.242311276794037	0.0
204.0	31.43058491895701	18.463706835799858	23.138360347662672	26.967347897580456	0.0
205.0	29.722683100260728	17.089357667693765	22.63569566247926	30.552263569566247	0.0
206.0	29.854310962502982	21.829472175782183	19.89491282541199	28.421304036302843	0.0
207.0	28.266090297790587	19.45244956772334	19.764649375600385	32.51681075888569	0.0
208.0	28.097773475314618	17.0135527589545	22.28944820909971	32.599225556631175	0.0
209.0	26.830454877158843	18.073461444903916	20.578934565799077	34.51714911213817	0.0
210.0	28.343949044585987	17.344439000489956	20.970112689857913	33.34149926506614	0.0
211.0	29.94546355974219	17.873078829945463	21.36836886465047	30.813088745661876	0.0
212.0	24.812218327491237	17.27591387080621	23.685528292438658	34.226339509263894	0.0
213.0	29.012658227848103	18.582278481012658	18.025316455696203	34.379746835443036	0.0
214.0	29.55361723961006	20.574653668547974	20.16418676244228	29.707542329399693	0.0
215.0	26.24187256176853	19.245773732119638	19.14174252275683	35.370611183355	0.0
216.0	30.14203051025776	18.674381904260915	21.909521304576536	29.274066280904787	0.0
217.0	27.068873465029363	20.875600640683395	22.744260544580886	29.311265349706357	0.0
218.0	26.365140650854933	18.97407611693326	20.022062879205738	34.63872035300607	0.0
219.0	22.19161310070401	23.354759718396082	24.273033363942456	30.18059381695745	0.0
220.0	12.731591448931118	24.89311163895487	22.422802850356295	39.95249406175772	0.0
