# Position (bp)	A	C	G	T	N
0.0	25.954982748238436	24.44413368759614	24.391622122209252	25.209261441956173	0.0
1.0	25.368223082828433	20.259475626357382	15.08537410209504	39.28692718871915	0.0
2.0	27.507620017050588	18.794711465809005	18.80183963891526	34.895828878225146	0.0
3.0	23.547162714356546	22.58601332444277	15.300027925478865	38.566796035721815	0.0
4.0	33.10640285761489	13.805538622807367	14.587166939173137	38.5008915804046	0.0
5.0	34.4867552497736	15.633418575114336	22.852960775491376	27.026865399620682	0.0
6.0	32.318682538914246	17.744667887170756	20.368656771662287	29.567992802252714	0.0
7.0	34.00376351891865	17.439725337136707	19.76616078367737	28.790350360267258	0.0
8.0	23.649519927355744	26.01415879829548	21.8362600732705	28.500061201078275	0.0
9.0	29.362004924075315	18.54810935431995	15.672506297408455	36.41737942419628	0.0
10.0	26.49475352824159	16.7804564302363	24.31277907900017	32.41201096252195	0.0
11.0	27.67566736953534	18.27714652393026	19.857889629699187	34.18929647683521	0.0
12.0	26.312629641116402	19.497454837231935	21.00378146597961	33.186134055672056	0.0
13.0	26.959460805093787	20.843729640072038	18.264686887424002	33.93212266741018	0.0
14.0	30.421362857939382	18.00549603727747	20.072483969891273	31.500657134891874	0.0
15.0	30.187954740680485	18.63619038950548	18.82846854431784	32.347386325496196	0.0
16.0	29.531875200846326	17.05281298611921	18.77219974007286	34.64311207296161	0.0
17.0	29.92459782664324	18.048471201032655	20.287506326162735	31.739424646161368	0.0
18.0	30.867457892118544	17.484187335654894	18.459242413474524	33.18911235875204	0.0
19.0	29.402251610831154	18.032498003336773	19.45616862353874	33.109081762293336	0.0
20.0	30.193799551021566	17.67099542496661	19.600750191810405	32.53445483220141	0.0
21.0	29.75285981372142	17.440459615963814	19.474578486472357	33.33210208384241	0.0
22.0	28.824856381437264	18.232880837789157	19.449732082483365	33.49253069829021	0.0
23.0	29.18248034180265	17.76140857233762	20.36583564383437	32.69027544202536	0.0
24.0	30.036556164982777	18.835372279235703	18.434021376977284	32.69405017880424	0.0
25.0	29.496002385787524	17.757359728474658	19.00677393243109	33.73986395330673	0.0
26.0	30.99144333088154	17.698361084053015	19.74111319056125	31.569082394504193	0.0
27.0	29.252197123507447	18.184373802053013	19.43009668763222	33.13333238680732	0.0
28.0	29.348397043666395	17.650265621406444	19.57563040719151	33.425706927735646	0.0
29.0	29.570922801309408	18.07785452883275	19.784169598064853	32.567053071793	0.0
30.0	29.914847824914183	18.0753166587638	19.307879486531533	32.70195602979049	0.0
31.0	29.721472117396846	18.02210845237994	19.469124549582165	32.78729488064105	0.0
32.0	29.725723599583148	18.028867314283442	19.59831100939054	32.64709807674287	0.0
33.0	30.43002874052869	17.70581285712663	19.52879164820684	32.33536675413784	0.0
34.0	29.677027241951244	17.92510167450526	19.500488492036443	32.89738259150706	0.0
35.0	29.84102096523594	17.961478047713594	19.670850624469193	32.52665036258127	0.0
36.0	30.01834977048584	17.520054083534063	18.922703722219698	33.538892423760394	0.0
37.0	28.974444924209713	18.820875849373905	18.853260004999658	33.35141922141672	0.0
38.0	29.886193828444156	17.85927352685496	19.596479565457013	32.65805307924387	0.0
39.0	28.619278956788545	18.74286201312537	19.958237449927555	32.67962158015853	0.0
40.0	29.80800918192252	17.964408686462345	19.51442630029887	32.713155831316264	0.0
41.0	29.555740541339116	18.137445699885504	20.450651885481804	31.856161873293576	0.0
42.0	29.897768407653448	18.644905752587047	19.00064214396527	32.45668369579424	0.0
43.0	29.699377385245366	18.255030505565454	19.188810552908045	32.856781556281135	0.0
44.0	29.592642904643085	17.941729804079824	20.276345778934747	32.18928151234234	0.0
45.0	29.34992667704935	18.92016324303432	19.364648106676366	32.36526197323997	0.0
46.0	29.88321827581405	17.74832103179453	19.218537286878327	33.1499234055131	0.0
47.0	29.488454848281588	17.87651064700599	19.695824190816175	32.93921031389625	0.0
48.0	30.31195372567969	18.382388471213567	19.023634580674504	32.282023222432244	0.0
49.0	29.351234113436668	18.226731212566552	18.935106355762372	33.486928318234405	0.0
50.0	29.558550542537375	18.408746549621487	19.761891901879906	32.27081100596123	0.0
51.0	29.748393699891967	18.293341672826518	19.2230056291579	32.73525899812361	0.0
52.0	29.658797874487885	18.30396870299977	18.978355372206284	33.05887805030606	0.0
53.0	30.473721021476948	17.858787806417496	19.65166066767882	32.01583050442674	0.0
54.0	30.24799121993938	17.984339192393648	19.443796807560858	32.323872780106115	0.0
55.0	28.912325798957568	17.820045098200907	18.999252154676025	34.2683769481655	0.0
56.0	29.004106192274442	18.23729469038628	20.147072205286864	32.61152691205241	0.0
57.0	28.627087409564545	18.267108795558993	19.15212494881012	33.953678846066346	0.0
58.0	29.484452230494902	17.80215342437704	19.10382053659286	33.6095738085352	0.0
59.0	29.53991507612149	17.745279557690502	20.265408450864456	32.449396915323554	0.0
60.0	29.640131854004963	18.23885597595001	19.582993222431107	32.538018947613914	0.0
61.0	29.857075813814582	17.604562196908287	19.38507046660125	33.15329152267588	0.0
62.0	29.137571570381454	17.943722143371154	19.85482554319537	33.063880743052025	0.0
63.0	29.1146729623256	17.752620425810306	19.87484533443318	33.25786127743092	0.0
64.0	28.760713300279622	18.094774839353832	19.598974822855418	33.54553703751113	0.0
65.0	29.346471789678496	17.86378712969864	20.47090214998094	32.318838930641924	0.0
66.0	29.86971240007965	18.007851392484284	20.11464170910022	32.00779449833585	0.0
67.0	29.115162825629927	17.543405469530114	19.19996813755473	34.141463567285236	0.0
68.0	29.429136378508332	17.935331521971065	19.994025349588178	32.64150674993243	0.0
69.0	29.672180588037804	17.76546771596192	19.56702344981421	32.99532824618606	0.0
70.0	28.617642372649883	18.0702872490554	19.645377156644056	33.666693221650654	0.0
71.0	29.599858870795643	17.549245840814223	20.632179165801208	32.21871612258892	0.0
72.0	29.87428363296967	17.85439893462635	19.694900206586876	32.5764172258171	0.0
73.0	29.850542395647174	17.399346620983255	19.235979100977794	33.51413188239178	0.0
74.0	29.345988559068786	17.876028118507556	20.548140137177334	32.229843185246324	0.0
75.0	30.23153880089371	17.575033087136575	19.327157067839305	32.866271044130414	0.0
76.0	29.048813186875744	18.07901081353414	19.342819488840625	33.529356510749494	0.0
77.0	29.312985356744324	17.864544191660404	20.960579353692697	31.86189109790258	0.0
78.0	30.00486800864285	17.963521249854104	18.575580816060445	33.45602992544261	0.0
79.0	29.483423723505712	17.844870535650738	19.024355525188252	33.647350215655294	0.0
80.0	30.465444689295456	17.99541046709601	19.85086865166812	31.688276191940417	0.0
81.0	29.995444450771597	18.32441204942771	19.393827230795512	32.286316269005184	0.0
82.0	29.7986657441338	17.94354896115396	18.294908700566904	33.96287659414533	0.0
83.0	29.85774163420579	18.18179229595207	19.79344631996173	32.16701974988041	0.0
84.0	30.375417874492427	18.00604814597559	18.917826084480414	32.700707895051565	0.0
85.0	29.715437778176444	17.227504549065838	18.97935763488443	34.077700037873285	0.0
86.0	30.368208224171315	17.432224626950678	20.025344572274747	32.174222576603256	0.0
87.0	29.55953170876181	18.556225419978414	19.76625307205773	32.11798979920204	0.0
88.0	29.64113721994549	17.65123014663792	19.08514340556535	33.62248922785124	0.0
89.0	29.788876199372865	18.111705081723965	20.03525850063084	32.064160218272335	0.0
90.0	29.948505579511604	18.332355470997364	19.50294213143609	32.21619681805495	0.0
91.0	29.83246651893795	17.987205705594516	19.333283963838742	32.847043811628794	0.0
92.0	28.87155853551551	18.35333792859869	20.25144836307913	32.52365517280666	0.0
93.0	29.899506075780625	18.298268701611665	19.410880005469057	32.39134521713866	0.0
94.0	29.75225680745423	17.468501548216917	19.381624787422837	33.39761685690601	0.0
95.0	30.192371787750076	17.92421924629457	20.298599300932374	31.584809665022973	0.0
96.0	29.89875451530932	18.535843294552002	19.322675114235903	32.24272707590278	0.0
97.0	29.749641042003784	18.0638489413588	19.119641269913622	33.0668687467238	0.0
98.0	28.94843304843305	17.76039886039886	20.856695156695157	32.434472934472936	0.0
99.0	29.46807601356164	18.535000997179406	19.185731787230406	32.81119120202855	0.0
100.0	29.497158547619662	18.25322749601112	19.435762625267948	32.813851331101276	0.0
101.0	29.672575909614597	18.446443733543745	20.18748338293438	31.693496973907276	0.0
102.0	29.757099517865893	17.768489685538555	19.220335001561278	33.254075795034275	0.0
103.0	29.215928339697395	17.329677586058395	19.592891389853868	33.861502684390345	0.0
104.0	30.006505132146287	17.816578300491052	19.341254626991116	32.835661940371544	0.0
105.0	30.164433055141927	18.05156352806732	19.205596149184473	32.57840726760629	0.0
106.0	29.168366269465878	17.75773934023589	19.58839236379311	33.485502026505124	0.0
107.0	29.734661139619817	17.725227642583015	20.078670491893632	32.461440725903536	0.0
108.0	29.19109265591923	18.45092702444925	20.1543489892293	32.20363133040222	0.0
109.0	28.5683470433571	17.99200135254097	19.884392726594335	33.55525887750759	0.0
110.0	29.353528861883614	17.51168497312456	21.141329749941576	31.993456415050247	0.0
111.0	29.094278637553355	18.512890778248163	19.786451654458048	32.60637892974042	0.0
112.0	28.868690366831117	17.80505915258167	19.114017298204732	34.21223318238248	0.0
113.0	30.219935396183782	17.617778405380122	20.163098158967752	31.99918803946834	0.0
114.0	30.093117122220647	18.223634518245763	18.664436104423356	33.018812255110234	0.0
115.0	29.435629442435506	17.310184828990277	20.098599134742287	33.155586593831934	0.0
116.0	30.162842668518568	17.782704310122245	20.1866146709759	31.867838350383288	0.0
117.0	30.04599514743752	18.18103332787544	19.25842127982614	32.5145502448609	0.0
118.0	29.301717343014783	17.80638689182411	19.58583132299902	33.30606444216209	0.0
119.0	30.331631507239	17.995538321031276	19.548442155380215	32.124388016349506	0.0
120.0	29.36202413053792	18.194593750563026	19.545855829344607	32.89752628955445	0.0
121.0	29.284557349213326	17.54436141836114	19.499154017064168	33.671927215361364	0.0
122.0	29.440835154749973	17.83911557643308	20.02904203547838	32.69100723333857	0.0
123.0	28.9455358007945	18.41239947679488	19.310144365856022	33.3319203565546	0.0
124.0	29.126879996112446	18.01364287970455	19.133440241028257	33.72603688315475	0.0
125.0	28.922347174251684	18.1122861140664	19.937080268384356	33.02828644329755	0.0
126.0	29.32583169655696	17.922242414229856	19.666097619178736	33.08582827003445	0.0
127.0	29.81734767201194	17.385750170430466	18.97981243436124	33.817089723196354	0.0
128.0	28.962917528410582	17.537657310002803	20.784184392135348	32.71524076945127	0.0
129.0	29.92530504306945	18.071540138873853	18.94066158390424	33.06249323415245	0.0
130.0	30.03574908610192	17.585943657950757	19.3361593316907	33.042147924256625	0.0
131.0	29.903882379681722	17.957835282981858	19.941837474974236	32.196444862362185	0.0
132.0	30.37831151427688	18.14152242974014	18.780944170079312	32.699221885903675	0.0
133.0	29.664011236201638	18.096115923490995	19.510986961115343	32.72888587919202	0.0
134.0	30.39646329567981	17.338976117806236	19.84770774991347	32.416852836600484	0.0
135.0	29.25056617361394	18.036696262464506	20.053127141905062	32.65961042201649	0.0
136.0	28.5330516914372	18.36190983653352	19.452320691164438	33.65271778086484	0.0
137.0	30.453982100698703	17.91013391022312	22.54107631576432	29.094807673313856	0.0
138.0	30.280856455411076	19.87656138015767	19.494855124398487	30.347727040032762	0.0
139.0	30.536909516816777	18.935306725105796	19.45168328475902	31.0761004733184	0.0
140.0	28.885683491774607	20.9352230117395	19.73029487502178	30.448798621464114	0.0
141.0	31.126949929535257	17.09814847812353	20.700111771661835	31.074789820679378	0.0
142.0	26.750811419056475	19.732280494071276	23.999791860442425	29.517116226429824	0.0
143.0	26.82495992059216	18.843362164385976	19.122530341172897	35.209147573848966	0.0
144.0	27.8534635675385	18.972159651659567	18.257051893674852	34.91732488712708	0.0
145.0	27.219141568398754	19.20515836537543	16.814109723993187	36.76159034223264	0.0
146.0	33.1110448552309	14.484197972570065	18.99655469422911	33.408202477969915	0.0
147.0	33.98858061383387	16.06818143763709	21.797297523567135	28.145940424961907	0.0
148.0	31.29650854474229	16.867441025026945	20.499512462151667	31.336537968079103	0.0
149.0	32.6068191627104	16.723846587126836	22.53022976818358	28.13910448197918	0.0
150.0	26.92618122106669	18.347542930300303	25.392658014119917	29.33361783451309	0.0
