# Position (bp)	A	C	G	T	N
0.0	42.853123241418125	13.871693866066403	18.655036578503097	24.62014631401238	0.0
1.0	19.465541490857944	42.447257383966246	20.59071729957806	17.49648382559775	0.0
2.0	24.505157513242263	36.54864789517703	14.803456927794814	24.142737663785894	0.0
3.0	43.378490461708594	17.03068841581421	15.841857893281725	23.748963229195468	0.0
4.0	42.67955801104972	16.49171270718232	16.104972375690608	24.723756906077348	0.0
5.0	25.537782680639825	33.011583011583014	15.609487038058468	25.8411472697187	0.0
6.0	23.890879030035823	34.74786442546156	16.69881510057867	24.662441443923946	0.0
7.0	43.49022846132673	15.38673272777319	15.496834571979083	25.626204238921	0.0
8.0	43.19494088534506	14.847401704701676	18.119329117404455	23.838328292548805	0.0
9.0	24.402308326463316	34.02033525693872	14.83924154987634	26.73811486672163	0.0
10.0	21.938495332235036	13.920922570016476	16.776496430532674	47.36408566721582	0.0
11.0	22.547945205479454	15.095890410958903	16.054794520547947	46.3013698630137	0.0
12.0	23.057986870897153	14.578774617067833	15.043763676148798	47.31947483588622	0.0
13.0	23.519781718963166	33.06957708049113	17.13506139154161	26.27557980900409	0.0
14.0	22.984749455337692	16.33986928104575	36.574074074074076	24.101307189542485	0.0
15.0	38.51992409867172	15.885063702900515	18.487394957983195	27.107617240444565	0.0
16.0	22.273342354533153	15.507442489851151	18.619756427604873	43.59945872801082	0.0
17.0	25.161987041036717	31.614470842332615	17.386609071274297	25.836933045356368	0.0
18.0	21.92297333692432	17.048208995421493	17.802316186372206	43.22650148128198	0.0
19.0	24.818304172274562	35.42395693135935	16.39300134589502	23.364737550471062	0.0
20.0	22.32957595276436	19.082125603864732	16.129898013955984	42.45840042941492	0.0
21.0	22.778372591006423	15.792291220556745	16.461456102783725	44.96788008565311	0.0
22.0	24.853176721836626	14.442071542979178	36.572343833422316	24.13240790176188	0.0
23.0	23.019471859162444	19.2317951453721	16.83115497465991	40.91757802080555	0.0
24.0	42.98642533936652	12.483364386478573	16.209741815278147	28.320468458876764	0.0
25.0	22.54719489497474	14.809890986439777	33.395373570858816	29.24754054772667	0.0
26.0	43.06588735387885	13.522848034006376	15.170031880977684	28.24123273113709	0.0
27.0	22.693531283138917	16.304347826086957	14.422057264050903	46.58006362672322	0.0
28.0	23.154273617359088	34.00370468377878	13.813178089441653	29.02884360942048	0.0
29.0	25.918097754293264	12.443857331571994	13.553500660501982	48.084544253632764	0.0
30.0	23.76395534290271	15.550239234449762	31.89792663476874	28.78787878787879	0.0
31.0	26.353887399463805	13.485254691689008	16.16621983914209	43.9946380697051	0.0
32.0	23.508676789587852	15.347071583514099	14.614967462039047	46.529284164859	0.0
33.0	23.294373471051916	33.10682250611579	14.487632508833922	29.111171513998368	0.0
34.0	25.992387166938553	14.274061990212072	17.42794997281131	42.30560087003806	0.0
35.0	23.989071038251367	33.19672131147541	15.792349726775956	27.021857923497265	0.0
36.0	24.794069192751238	13.975837451949477	16.501922020867653	44.728171334431636	0.0
37.0	43.59823399558499	16.473509933774835	16.666666666666664	23.26158940397351	0.0
38.0	42.869011354195514	16.14511215729715	14.261977291608973	26.723899196898365	0.0
39.0	45.81129974951294	15.78068466462566	12.552184803785138	25.85583078207626	0.0
40.0	23.074776785714285	33.7890625	15.931919642857142	27.20424107142857	0.0
41.0	25.569620253164555	13.220815752461323	36.0056258790436	25.20393811533052	0.0
42.0	44.25998874507597	15.588069780528983	15.841305571187394	24.310635903207654	0.0
43.0	42.723933314495625	16.10624470189319	16.784402373551853	24.38541961005934	0.0
44.0	26.348665530948324	33.64565587734242	14.65076660988075	25.354911981828504	0.0
45.0	29.851729818780893	15.485996705107082	17.495881383855025	37.166392092257	0.0
46.0	30.681028492008338	14.871438498957609	21.021542738012506	33.42599027102155	0.0
47.0	31.64959378311551	16.460614623807842	19.816319321794417	32.073472271282235	0.0
48.0	27.27920227920228	20.014245014245013	18.732193732193732	33.97435897435898	0.0
49.0	28.464285714285715	20.214285714285715	19.678571428571427	31.642857142857146	0.0
50.0	26.599568655643424	24.15528396836808	18.47591660675773	30.76923076923077	0.0
51.0	27.499097798628654	18.8018765788524	16.6365932876218	37.06243233489715	0.0
52.0	28.442028985507246	18.695652173913043	20.942028985507246	31.920289855072465	0.0
53.0	29.54961552544855	19.772976931526916	21.750274624679605	28.927132918344928	0.0
54.0	29.307805596465393	23.5640648011782	18.298969072164947	28.829160530191455	0.0
55.0	31.781226903178123	17.257945306725794	17.2209903917221	33.739837398373986	0.0
56.0	26.723498888065233	19.570051890289104	21.423276501111935	32.28317272053373	0.0
57.0	32.93636025307034	17.00781540751768	19.240788983997025	30.81503535541496	0.0
58.0	29.69924812030075	20.0	18.045112781954884	32.25563909774436	0.0
59.0	28.226415094339625	19.547169811320757	20.566037735849058	31.660377358490564	0.0
60.0	27.637051039697543	17.73156899810964	19.092627599243855	35.53875236294896	0.0
61.0	28.56054836252856	16.945925361766946	22.048743335872047	32.44478293983244	0.0
62.0	27.480916030534353	20.687022900763356	21.83206106870229	30.0	0.0
63.0	32.53754331921448	17.289179822872544	20.754716981132077	29.418559876780904	0.0
64.0	28.466589416763227	19.042101197373505	21.436848203939746	31.05446118192352	0.0
65.0	28.797835330498643	19.868573637417857	20.873598763046	30.459992269037496	0.0
66.0	29.37524253007373	15.560729530461778	21.109817617384554	33.95421032207994	0.0
67.0	31.223134036733097	17.702227432590856	18.17116060961313	32.903477921062915	0.0
68.0	26.89601250977326	18.72556684910086	21.071149335418298	33.30727130570759	0.0
69.0	27.097282394643564	19.180779834580544	21.62268609688854	32.09925167388736	0.0
70.0	27.76461295418641	22.35387045813586	18.364928909952607	31.516587677725116	0.0
71.0	26.856240126382307	21.761453396524484	20.10268562401264	31.27962085308057	0.0
72.0	28.436018957345972	19.233807266982623	19.233807266982623	33.09636650868878	0.0
73.0	27.13946117274168	18.02694136291601	22.979397781299525	31.85419968304279	0.0
74.0	28.860658991663357	16.47479158396189	23.620484319174277	31.044065105200474	0.0
75.0	30.628480509148766	19.411296738265712	21.280827366746223	28.6793953858393	0.0
76.0	28.77207062600321	20.024077046548957	19.58266452648475	31.621187800963078	0.0
77.0	28.755537656061215	20.2577527184857	18.60652436568667	32.380185259766414	0.0
78.0	29.3124246079614	18.89827100924809	19.622034579815036	32.167269802975476	0.0
79.0	31.668009669621274	19.057211925866238	18.331990330378726	30.942788074133766	0.0
80.0	29.20892494929006	17.363083164300203	22.59634888438134	30.831643002028397	0.0
81.0	27.54977651361235	18.04144656643641	19.138561560341323	35.270215359609914	0.0
82.0	32.379394930498776	17.33442354865086	20.97301717089125	29.313164349959113	0.0
83.0	29.81443298969072	18.061855670103093	22.22680412371134	29.896907216494846	0.0
84.0	26.357231661831744	19.726481558226276	21.591380024865316	32.32490675507667	0.0
85.0	31.990029081844618	17.532197756543415	21.81138346489406	28.666389696717907	0.0
86.0	30.541666666666668	19.0	20.25	30.208333333333332	0.0
87.0	32.386126201420815	19.473464270789805	20.76890931884664	27.371500208942752	0.0
88.0	33.64132717345653	18.521629567408652	18.269634607307854	29.567408651826966	0.0
89.0	30.475382003395584	17.147707979626485	17.996604414261462	34.38030560271647	0.0
90.0	30.008525149190113	16.496163682864452	18.414322250639387	35.08098891730606	0.0
91.0	29.492104139991465	21.553563807084934	17.45625266752027	31.498079385403326	0.0
92.0	29.562982005141386	17.69494430162811	17.69494430162811	35.0471293916024	0.0
93.0	33.00429184549356	16.523605150214593	18.798283261802577	31.673819742489272	0.0
94.0	30.11168384879725	17.310996563573884	20.189003436426116	32.38831615120275	0.0
95.0	31.540447504302925	17.16867469879518	21.12736660929432	30.163511187607572	0.0
96.0	29.03364969801553	17.946505608283005	19.15444348576359	33.86540120793788	0.0
97.0	31.84961106309421	17.026793431287814	20.397579948141743	30.726015557476234	0.0
98.0	32.52279635258359	18.541033434650455	18.627876682587928	30.308293530178027	0.0
99.0	29.864451246174028	19.588981198076084	18.714473108876255	31.832094446873633	0.0
100.0	35.13157894736842	13.421052631578947	18.114035087719298	33.33333333333333	0.0
101.0	31.85022026431718	17.709251101321584	20.26431718061674	30.176211453744493	0.0
102.0	30.585106382978722	16.578014184397162	19.9468085106383	32.89007092198582	0.0
103.0	28.40553818669049	17.284502009825815	21.25949084412684	33.050468959356856	0.0
104.0	27.74540564769162	17.749887942626625	18.960107575078442	35.54459883460332	0.0
105.0	29.41970310391363	17.22896986054881	20.242914979757085	33.10841205578048	0.0
106.0	31.193490054249544	18.354430379746837	19.981916817359853	30.47016274864376	0.0
107.0	31.830601092896178	18.6247723132969	18.71584699453552	30.828779599271407	0.0
108.0	35.68807339449541	17.293577981651374	16.605504587155963	30.412844036697244	0.0
109.0	28.748850045998157	19.043238270469182	21.20515179392824	31.002759889604413	0.0
110.0	27.793167128347186	19.94459833795014	18.374884579870727	33.887349953831944	0.0
111.0	29.074074074074076	18.564814814814813	19.39814814814815	32.96296296296296	0.0
112.0	25.60296846011132	19.573283858998145	21.474953617810762	33.34879406307978	0.0
113.0	28.264925373134332	18.61007462686567	18.61007462686567	34.51492537313433	0.0
114.0	29.84586641756189	17.98225128444652	18.729565623540402	33.44231667445119	0.0
115.0	26.948356807511736	18.92018779342723	19.671361502347416	34.460093896713616	0.0
116.0	28.141176470588235	16.894117647058824	19.38823529411765	35.576470588235296	0.0
117.0	31.17619272555503	19.13084553613604	17.71374586679263	31.9792158715163	0.0
118.0	27.914691943127963	15.497630331753554	21.943127962085306	34.644549763033176	0.0
119.0	23.70791844476055	19.7724039829303	26.837363679468947	29.682313892840206	0.0
120.0	26.163342830009494	22.981956315289647	20.27540360873694	30.57929724596391	0.0
121.0	29.313632030505243	18.589132507149667	19.351763584366065	32.74547187797903	0.0
122.0	29.076996652319465	18.077474892395983	21.664275466284074	31.18125298900048	0.0
123.0	32.98127700432069	18.14690350456073	17.95487277964474	30.916946711473837	0.0
124.0	30.173243503368624	19.056785370548603	19.971126082771896	30.798845043310873	0.0
125.0	27.237542331881954	19.206579583938073	20.319303338171263	33.236574746008706	0.0
126.0	31.507513330101794	18.37130392632089	18.177411536597187	31.943771206980127	0.0
127.0	30.077745383867832	18.124392614188533	21.963070942662778	29.834791059280857	0.0
128.0	32.37585199610516	16.747809152872446	19.571567672833496	31.3047711781889	0.0
129.0	30.190522716170005	17.97752808988764	17.684416218856864	34.14753297508549	0.0
130.0	29.83316977428852	17.124631992149165	18.792934249263986	34.24926398429833	0.0
131.0	30.473372781065088	19.62524654832347	19.28007889546351	30.62130177514793	0.0
132.0	30.33151904997526	18.06036615536863	21.27659574468085	30.33151904997526	0.0
133.0	29.230769230769234	20.64516129032258	19.950372208436725	30.173697270471468	0.0
134.0	26.355047240179015	22.92391844853307	18.547986076578816	32.1730482347091	0.0
135.0	26.643426294820717	17.928286852589643	19.8207171314741	35.60756972111554	0.0
136.0	26.55	17.2	22.0	34.25	0.0
137.0	28.95132965378826	15.755143000501755	20.42147516307075	34.87205218263924	0.0
138.0	29.13940613990941	17.56416708605939	20.181177654755913	33.11524911927529	0.0
139.0	28.751894896412328	17.73623041940374	19.403739262253662	34.10813542193027	0.0
140.0	28.883248730964468	16.446700507614214	21.776649746192895	32.89340101522843	0.0
141.0	29.69943963321447	15.99592460519613	19.71472236372899	34.589913397860414	0.0
142.0	32.244897959183675	13.877551020408163	20.867346938775512	33.01020408163266	0.0
143.0	33.84536610343062	18.945212493599588	18.535586277521762	28.673835125448026	0.0
144.0	31.67095115681234	18.868894601542415	16.966580976863753	32.49357326478149	0.0
145.0	31.011351909184725	18.369453044375643	18.21465428276574	32.404540763673886	0.0
146.0	30.88082901554404	19.22279792746114	17.305699481865286	32.590673575129536	0.0
147.0	31.302083333333336	17.239583333333332	15.833333333333332	35.625	0.0
148.0	28.234677841801993	20.534311157674175	18.96280775275013	32.268203247773705	0.0
149.0	29.64718272775145	18.746708794102158	17.956819378620324	33.649289099526065	0.0
150.0	27.560718057022175	18.42661034846885	19.746568109820487	34.26610348468849	0.0
151.0	28.01906779661017	18.53813559322034	21.239406779661017	32.20338983050847	0.0
152.0	27.582534611288605	20.07454739084132	16.240681576144837	36.102236421725244	0.0
153.0	31.66043780032034	17.99252536038441	17.512012813667912	32.835024025627334	0.0
154.0	32.027896995708154	15.450643776824036	21.888412017167383	30.63304721030043	0.0
155.0	32.043010752688176	19.408602150537636	17.473118279569892	31.0752688172043	0.0
156.0	31.5505132360886	17.23392760669908	18.584548892490545	32.63101026472177	0.0
157.0	30.87757313109426	17.768147345612135	19.609967497291443	31.74431202600217	0.0
158.0	29.88568317909635	20.84921066956995	16.548720740337508	32.71638541099619	0.0
159.0	34.554401312192454	14.598141060688901	18.31601968288682	32.531437944231826	0.0
160.0	24.64324917672887	18.990120746432492	24.533479692645443	31.833150384193193	0.0
161.0	28.893780957622457	19.09741331865713	20.473307649972483	31.535498073747938	0.0
162.0	30.86283185840708	17.809734513274336	20.13274336283186	31.194690265486724	0.0
163.0	28.07799442896936	18.4958217270195	18.27298050139276	35.15320334261838	0.0
164.0	30.050363738108558	16.787912702853948	20.03357582540571	33.128147733631785	0.0
165.0	30.101465614430666	18.09470124013529	21.3641488162345	30.43968432919955	0.0
166.0	26.55719139297848	19.365798414496034	22.366930917327295	31.71007927519819	0.0
167.0	28.465909090909093	19.318181818181817	21.704545454545453	30.511363636363637	0.0
168.0	27.793696275071632	19.312320916905446	19.140401146131804	33.75358166189112	0.0
169.0	25.97701149425287	20.114942528735632	18.160919540229887	35.747126436781606	0.0
170.0	29.132947976878615	18.15028901734104	17.63005780346821	35.08670520231214	0.0
171.0	29.435718440954044	18.49912739965096	15.881326352530541	36.18382780686446	0.0
172.0	28.839390386869873	19.695193434935522	16.471277842907387	34.994138335287225	0.0
173.0	28.92416225749559	17.754262198706645	19.576719576719576	33.744855967078195	0.0
174.0	29.060838747784995	20.25989367985824	17.95629060838748	32.72297696396929	0.0
175.0	27.2294887039239	19.916765755053508	21.046373365041617	31.807372175980973	0.0
176.0	30.607336139506913	18.220084185207455	18.340348767288035	32.8322309079976	0.0
177.0	28.087167070217916	20.883777239709442	19.249394673123486	31.779661016949152	0.0
178.0	28.71105681124007	19.79230299328039	20.28100183262065	31.21563836285889	0.0
179.0	24.599260172626387	20.03699136868064	22.996300863131935	32.36744759556103	0.0
180.0	29.200247985120892	16.05703657780533	20.768753874767516	33.97396156230626	0.0
181.0	28.134747348721145	17.71678103555833	19.213973799126638	34.93449781659388	0.0
182.0	31.390977443609025	17.794486215538846	20.36340852130326	30.451127819548873	0.0
183.0	30.18273471959672	21.48708254568368	20.226843100189036	28.10333963453056	0.0
184.0	30.636942675159233	20.063694267515924	18.535031847133755	30.76433121019108	0.0
185.0	27.05128205128205	20.76923076923077	24.23076923076923	27.94871794871795	0.0
186.0	29.172056921086675	18.111254851228978	22.962483829236742	29.75420439844761	0.0
187.0	30.673642903858735	22.629169391759323	16.677567037279267	30.019620667102682	0.0
188.0	30.171277997364953	19.235836627140976	18.708827404479578	31.88405797101449	0.0
189.0	30.33932135728543	18.89554224883566	19.627411842980706	31.137724550898206	0.0
190.0	31.099195710455763	17.560321715817693	19.302949061662197	32.03753351206434	0.0
191.0	27.168021680216803	18.631436314363143	20.121951219512198	34.078590785907856	0.0
192.0	31.041524846834584	19.469026548672566	20.830496936691627	28.658951667801226	0.0
193.0	30.06896551724138	19.24137931034483	20.20689655172414	30.482758620689655	0.0
194.0	27.449617790132034	21.195274496177902	23.349548297428772	28.005559416261296	0.0
195.0	28.81236823612087	18.41180604356992	19.395643007730147	33.38018271257906	0.0
196.0	28.246983676366217	20.227111426543647	22.285308729595457	29.240596167494676	0.0
197.0	28.181164629762762	21.423436376707407	20.70452911574407	29.690869877785765	0.0
198.0	29.624170965364776	21.296978629329402	20.117907148120857	28.96094325718497	0.0
199.0	28.27965435978005	22.388059701492537	18.931657501963866	30.40062843676355	0.0
200.0	27.59259259259259	17.5	19.62962962962963	35.27777777777778	0.0
201.0	33.24775353016688	17.073170731707318	17.201540436456998	32.47753530166881	0.0
202.0	36.057068741893644	17.639429312581065	18.547341115434502	27.756160830090792	0.0
203.0	36.470588235294116	17.647058823529413	18.69281045751634	27.18954248366013	0.0
204.0	35.26315789473684	17.36842105263158	23.157894736842106	24.210526315789473	0.0
205.0	36.339522546419104	17.24137931034483	23.20954907161804	23.20954907161804	0.0
206.0	31.108144192256344	20.427236315086784	18.82510013351135	29.639519359145527	0.0
207.0	28.475033738191634	20.917678812415655	16.059379217273953	34.54790823211876	0.0
208.0	28.843537414965986	16.598639455782312	20.816326530612244	33.74149659863945	0.0
209.0	23.24621733149931	18.844566712517192	22.97111416781293	34.93810178817056	0.0
210.0	27.247579529737205	17.15076071922545	18.948824343015215	36.65283540802213	0.0
211.0	31.84979137691238	20.027816411682892	21.41863699582754	26.70375521557719	0.0
212.0	29.59326788218794	15.848527349228611	26.788218793828893	27.769985974754558	0.0
213.0	27.620396600566572	19.263456090651555	18.13031161473088	34.98583569405099	0.0
214.0	27.83357245337159	25.968436154949785	18.364418938307033	27.83357245337159	0.0
215.0	27.391304347826086	23.6231884057971	17.971014492753625	31.01449275362319	0.0
216.0	31.625183016105417	16.544655929721817	18.594436310395317	33.23572474377745	0.0
217.0	25.970149253731346	18.35820895522388	24.328358208955223	31.343283582089555	0.0
218.0	26.373626373626376	18.053375196232338	19.15227629513344	36.42072213500785	0.0
219.0	17.975567190226876	23.211169284467715	26.527050610820247	32.28621291448517	0.0
220.0	0.0	32.800000000000004	27.46666666666667	39.733333333333334	0.0
