# Position (bp)	A	C	G	T	N
0.0	27.031205572931476	23.190929769690076	24.873827125390957	24.904037531987488	0.0
1.0	27.110372387452703	20.5467340948474	15.860947059447609	36.48194645825229	0.0
2.0	27.45350147949838	19.67732844864027	17.82267155135973	35.046498520501615	0.0
3.0	25.183768705812177	20.69612813810284	15.9681409098086	38.15196224627638	0.0
4.0	32.352223616339046	16.119475812073052	14.918792694827825	36.60950787676007	0.0
5.0	34.25619978435533	15.41685506591075	21.027094709749225	29.294633230148513	0.005217209836179611
6.0	31.257366705955764	17.173958261110727	21.677182278305484	29.888026069472375	0.0034666851556541633
7.0	34.84411932161281	17.879263642794292	19.649419437207776	27.627197598385123	0.0
8.0	25.69194467887222	25.965794595339386	20.64725030571296	27.693288093556777	0.001722326518661408
9.0	28.253203749892492	19.42891545540552	17.234024253891803	35.08385654081018	0.0
10.0	26.851056519498368	17.326919773234838	24.16595086754853	31.654354921834738	0.0017179178835251673
11.0	27.421126712211198	19.45998832778331	20.3903326581757	32.728552301829794	0.0
12.0	27.49922836859975	20.777461504166812	20.012689049693062	31.705476868205356	0.005144209335025207
13.0	26.64484956480022	21.818244123089574	18.960318004249192	32.57658830786101	0.0
14.0	30.643890069220753	20.06887807552601	19.702213693372627	29.585018161880612	0.0
15.0	29.922554999657326	18.641628401069152	19.42807209923926	32.00603111507093	0.0017133849633335617
16.0	29.66040710026729	18.071071208279076	19.32869577136591	32.93982592008772	0.0
17.0	29.977383318483998	18.10191213761908	21.448152971009527	30.472551572887397	0.0
18.0	32.28702624905764	18.37948050167912	18.52511822356247	30.804948255774107	0.0034267699266671233
19.0	31.27270235076417	19.15050373517922	19.585703515865944	29.991090398190668	0.0
20.0	30.330340620930713	17.507367555342334	20.994105955726134	31.168185868000826	0.0
21.0	29.053868823247207	17.659858817079023	19.41950517442259	33.866767185251184	0.0
22.0	28.53128640943047	19.710780618189293	20.2419299568227	31.516003015557537	0.0
23.0	30.04591871701734	17.373723528202316	19.984922212322665	32.59372215749435	0.0017133849633335617
24.0	30.159002124597357	17.824343773559043	20.168254403399356	31.846686313480916	0.0017133849633335617
25.0	28.916798026180523	18.417174970872455	19.4966074977726	33.169419505174425	0.0
26.0	30.090466726064015	17.377150298128985	21.90734014118292	30.625042834624082	0.0
27.0	29.535329997943936	18.358919882119114	20.334452744842714	31.77129737509424	0.0
28.0	29.997943938043996	17.545062024535675	20.28990473579604	32.163662531697625	0.0034267699266671233
29.0	29.869440065793984	18.398327736275785	19.263587142759235	32.46007813035433	0.00856692481666781
30.0	29.759599732698206	17.581946848066345	18.80536659755659	33.84965987560186	0.0034269460770034784
31.0	30.604341940679564	18.519216600126796	19.28171210226007	31.59472935693357	0.0
32.0	28.908271501276623	19.356718131500934	18.784378909128296	32.95063145809414	0.0
33.0	30.250531222153676	17.04709027349373	20.232709575707723	32.469668928644865	0.0
34.0	29.237571333093413	18.867924528301888	19.191815330831318	32.70268880777338	0.0
35.0	30.318930041152264	17.539437585733882	20.058299039780522	32.083333333333336	0.0
36.0	31.633108084931227	18.528110314547387	18.445786025451927	31.39299557506946	0.0
37.0	28.42219020172911	20.292987512007684	18.833196102648554	32.45162618361466	0.0
38.0	30.821365453578352	17.808548240421405	19.34421166417872	32.02415881676704	0.0017158250544774456
39.0	30.787052927850624	18.42864007688611	18.82336788631839	31.960939108944874	0.0
40.0	28.868776726373458	19.97286575417747	19.11933916089921	32.037301001219326	0.0017173573305397656
41.0	30.03249823752945	17.21031002286913	20.704300428151384	32.05117182798287	0.0017194834671664632
42.0	27.90909716487751	18.553881090008257	20.53915496834572	32.99786677676851	0.0
43.0	30.791738382099826	18.21686746987952	20.42857142857143	30.562822719449223	0.0
44.0	28.635878362089745	19.199641836277852	20.008954093053692	32.15552570857871	0.0
45.0	30.077001257514947	18.32526571463024	20.342457494272278	31.253552910371912	0.0017226232106251399
46.0	30.138379086318913	17.87037515724896	19.597098002722777	32.394147753709355	0.0
47.0	30.779838654071572	19.11328690615735	18.668551334206715	31.438323105564365	0.0
48.0	29.293103448275865	18.574137931034482	18.70689655172414	33.42413793103448	0.0017241379310344827
49.0	27.4401600331103	19.2936469614403	20.67496723460026	32.59122577084914	0.0
50.0	29.46819891638196	18.3800945577527	18.977119784656796	33.17458674120854	0.0
51.0	30.932393685010535	17.63395170483988	18.49414447092963	32.939510139219955	0.0
52.0	28.993100586190796	18.372499178641213	21.021597413152115	31.612802822015873	0.0
53.0	30.659095237270822	18.90895240733367	19.759006942400582	30.662557781201848	0.010387631793078375
54.0	30.51502443420095	18.899247911828926	19.13839115516584	31.443870654697953	0.003465844106332097
55.0	28.50578300299988	18.72583190275538	18.864554613397146	33.903830480847596	0.0
56.0	30.01058421390523	18.461645237971304	21.430430482536046	30.097340065587424	0.0
57.0	27.66936351956665	19.89131567068301	19.273238654119933	33.166082155630406	0.0
58.0	30.00399659420668	17.546786216962936	22.08900241533302	30.36021477349737	0.0
59.0	27.395186132720724	21.726796498372753	21.385683704902625	29.488852921213386	0.0034807427905114954
60.0	30.451612903225804	18.63121185701831	20.986922406277245	29.930252833478637	0.0
61.0	28.686603707590063	20.676810073452256	19.77439664218258	30.862189576775094	0.0
62.0	31.45823104439924	16.072806340744897	21.47366206074209	30.99530055411377	0.0
63.0	25.04048725531615	20.997042670046472	25.19363469933812	28.76707505985073	0.001760315448528376
64.0	25.84180291648255	22.25187803800265	18.078656650463987	33.82412726469289	0.003535130357931949
65.0	27.458950918611873	19.291736930860033	18.713055826750686	34.534481228366026	0.0017750954113783617
66.0	27.582274646758016	19.056358355754323	18.919159702795646	34.431516490565365	0.010690804126650393
67.0	33.20751341681574	14.613595706618963	18.171735241502684	34.00357781753131	0.0035778175313059034
68.0	34.27039559484133	16.091870743370524	22.440588320533255	27.195334009563833	0.001811331691059267
69.0	32.11426660970672	17.244005274986534	20.297553817864372	30.344174297442372	0.0
70.0	31.16368057077944	16.78458257767503	23.720031089941607	28.33170576160392	0.0
71.0	25.127985272236653	20.57095301742617	24.646306710715457	29.65475499962172	0.0
