# Position (bp)	A	C	G	T	N
0.0	61.910882604970006	7.954870037132247	10.311339617252212	19.82290774064553	0.0
1.0	11.046096760382476	60.88197516768945	14.713857571000426	13.358070500927644	0.0
2.0	15.149794121823087	59.676274314922615	10.180320885986086	14.99361067726821	0.0
3.0	62.25212464589235	11.954674220963172	10.93484419263456	14.858356940509914	0.0
4.0	62.26468506723284	10.304317055909411	10.672328379334749	16.758669497523	0.0
5.0	17.710247349823323	58.28975265017667	9.922261484098941	14.077738515901059	0.0
6.0	14.971751412429379	59.025423728813564	10.014124293785311	15.98870056497175	0.0
7.0	65.48510097443864	10.619968930941956	10.238666854963988	13.656263239655416	0.0
8.0	62.3712067748765	13.32392378263938	8.807339449541285	15.497529992942837	0.0
9.0	17.080394922425953	57.179125528913964	8.660084626234132	17.080394922425953	0.0
10.0	14.720812182741117	9.024252679075014	10.025380710659897	66.22955442752398	0.0
11.0	13.287304494856983	14.73862195293786	9.229251796533747	62.74482175567141	0.0
12.0	16.467108043386393	9.311170587406677	10.353570925482462	63.86815044372447	0.0
13.0	16.228008444757215	55.4679802955665	8.796622097114708	19.507389162561577	0.0
14.0	14.655414908579464	9.18424753867792	61.518987341772146	14.641350210970463	0.0
15.0	58.28651685393258	13.21629213483146	12.542134831460675	15.955056179775282	0.0
16.0	13.820681913848745	12.894626069875123	10.32692577522099	62.95776624105515	0.0
17.0	17.85413744740533	55.5820476858345	10.392706872370267	16.171107994389903	0.0
18.0	14.211632796075682	10.581639803784162	12.40364400840925	62.80308339173091	0.0
19.0	16.248774338142596	60.14848017929681	9.539151141616472	14.06359434094411	0.0
20.0	13.65034965034965	14.000000000000002	10.083916083916083	62.26573426573426	0.0
21.0	17.120894479385047	11.823899371069183	10.831586303284418	60.22361984626136	0.0
22.0	15.219212510471936	7.651493996090478	59.327003630270866	17.802289863166713	0.0
23.0	13.312866313145408	12.224392966787608	12.015071169411108	62.447669550655874	0.0
24.0	62.057429606913864	10.328965709506551	10.203512684694731	17.410091998884862	0.0
25.0	14.67762150118368	8.940259016850021	58.51552708536416	17.866592396602144	0.0
26.0	64.0033407572383	8.672048997772828	9.924832962138085	17.399777282850778	0.0
27.0	12.734864300626306	14.78079331941545	7.139874739039666	65.34446764091858	0.0
28.0	13.9221140472879	55.34075104311543	9.346314325452017	21.390820584144645	0.0
29.0	19.336018891512712	7.931657174607584	7.334351993332406	65.3979719405473	0.0
30.0	14.128465932841019	10.937717709349311	54.10338581580048	20.830430542009196	0.0
31.0	15.145170295924066	10.120044667783361	9.561697375767727	65.17308766052484	0.0
32.0	14.060963618485742	7.936507936507936	8.863604438825677	69.13892400618064	0.0
33.0	15.882019285309132	58.47986386840612	7.969370391378332	17.668746454906408	0.0
34.0	16.068376068376068	10.0997150997151	9.472934472934472	64.35897435897436	0.0
35.0	15.985714285714286	58.14285714285714	8.557142857142857	17.314285714285717	0.0
36.0	15.969147264676476	10.812741036994716	9.712898157406084	63.505213540922725	0.0
37.0	62.135088723526046	10.103033772180883	10.94733829421866	16.814539210074415	0.0
38.0	62.6951167120149	12.02921380495489	9.107833309465846	16.16783617356437	0.0
39.0	62.41206030150753	11.687006460875809	9.203158650394831	16.697774587221822	0.0
40.0	18.265496907809577	57.08327340716237	10.700417086149864	13.950812598878182	0.0
41.0	12.654365828853697	10.576783379340405	60.16271974429755	16.606131047508356	0.0
42.0	62.92348130841121	10.762266355140188	9.608644859813085	16.705607476635514	0.0
43.0	62.82899573592119	9.542714306719601	8.689898544331715	18.938391413027496	0.0
44.0	15.106635071090047	58.78258293838863	11.404028436018958	14.706753554502368	0.0
45.0	24.901574803149607	16.56003937007874	13.60728346456693	44.931102362204726	0.0
46.0	26.005665722379607	16.31728045325779	21.98300283286119	35.69405099150141	0.0
47.0	33.34316907642372	20.419002655650633	16.22897609914429	30.008852168781353	0.0
48.0	26.248513674197383	20.630202140309155	17.89536266349584	35.22592152199762	0.0
49.0	24.835624626419605	22.80334728033473	17.84219964136282	34.51882845188285	0.0
50.0	21.89384800965018	21.019300361881786	17.85283474065139	39.23401688781665	0.0
51.0	28.72405372405372	16.147741147741147	15.415140415140415	39.71306471306471	0.0
52.0	33.4625322997416	16.892764857881136	18.44315245478036	31.2015503875969	0.0
53.0	34.695879659908435	19.32635709614127	19.62066710268149	26.357096141268805	0.0
54.0	29.02365878040653	24.791736087970676	15.028323892035989	31.156281239586804	0.0
55.0	32.36375794048813	17.586091608157805	23.269809428284855	26.78034102306921	0.0
56.0	31.122278056951423	18.525963149078727	18.860971524288107	31.490787269681743	0.0
57.0	33.62474781439139	15.534633490248822	19.670477471418966	31.170141223940824	0.0
58.0	26.306856754921924	24.54175152749491	18.73727087576375	30.414120841819415	0.0
59.0	26.254416961130744	20.070671378091873	21.872791519434628	31.802120141342755	0.0
60.0	27.521613832853024	19.20028818443804	18.840057636887607	34.43804034582133	0.0
61.0	28.07971014492754	18.586956521739133	22.717391304347824	30.61594202898551	0.0
62.0	26.292789512017478	20.757465404224327	24.18062636562272	28.769118718135474	0.0
63.0	33.49317594983401	18.959793434157138	18.922906676503136	28.62412393950572	0.0
64.0	32.47767857142857	20.163690476190478	20.27529761904762	27.083333333333332	0.0
65.0	28.46413819001127	17.949680811115286	21.141569658280133	32.44461134059332	0.0
66.0	29.939894815927875	16.341096919609317	23.178061607813675	30.540946656649137	0.0
67.0	28.636536270413977	16.10330421572351	20.05317128750475	35.206988226357765	0.0
68.0	27.38004569687738	19.04036557501904	17.66945925361767	35.910129474485906	0.0
69.0	24.933078393881452	21.682600382409177	22.676864244741875	30.707456978967496	0.0
70.0	27.380952380952383	25.076804915514593	17.549923195084485	29.99231950844854	0.0
71.0	26.95117262591311	20.18454440599769	22.029988465974625	30.834294502114574	0.0
72.0	28.752886836027713	18.167821401077752	17.244033872209393	35.83525789068514	0.0
73.0	26.38888888888889	21.566358024691358	20.44753086419753	31.59722222222222	0.0
74.0	30.131680867544542	15.569326103795508	21.84353214562355	32.45546088303641	0.0
75.0	28.202115158636897	19.898159028593813	24.44183313748531	27.45789267528398	0.0
76.0	28.212180746561888	22.82907662082515	17.838899803536346	31.11984282907662	0.0
77.0	30.371248025276458	19.90521327014218	19.747235387045812	29.976303317535546	0.0
78.0	29.535529972211194	19.968241365621278	20.96069868995633	29.535529972211194	0.0
79.0	27.435387673956264	21.5506958250497	19.642147117296222	31.37176938369781	0.0
80.0	29.788084766093565	18.832467013194723	18.672530987604958	32.70691723310676	0.0
81.0	27.11864406779661	17.312348668280872	18.926553672316384	36.642453591606134	0.0
82.0	31.107491856677527	18.851791530944624	22.80130293159609	27.23941368078176	0.0
83.0	29.47882736156352	19.706840390879478	21.416938110749186	29.39739413680782	0.0
84.0	29.514879739094983	19.812474520994698	19.323277619241743	31.34936812066857	0.0
85.0	31.914893617021278	17.594108019639933	21.23567921440262	29.25531914893617	0.0
86.0	29.38271604938272	16.872427983539097	25.514403292181072	28.230452674897123	0.0
87.0	31.816301199834506	19.321472900289617	20.438560198593297	28.42366570128258	0.0
88.0	34.80066445182724	19.102990033222593	17.026578073089702	29.069767441860467	0.0
89.0	30.80766028309742	18.442964196502913	17.5270607826811	33.22231473771857	0.0
90.0	30.183180682764366	16.65278934221482	19.4421315570358	33.72189841798502	0.0
91.0	30.029154518950435	21.449396084964597	15.3685964181591	33.15285297792586	0.0
92.0	28.791666666666664	19.0	18.583333333333332	33.625	0.0
93.0	32.22314737718568	18.442964196502913	18.77601998334721	30.5578684429642	0.0
94.0	29.453483521068	17.813934084272006	18.856904463913224	33.87567793074677	0.0
95.0	31.061872909698995	17.683946488294314	20.108695652173914	31.145484949832774	0.0
96.0	28.50565089995814	16.82712431979908	20.008371703641693	34.65885307660109	0.0
97.0	29.786342689568496	18.600754084625052	20.569752827817346	31.043150397989105	0.0
98.0	32.00670297444491	20.150816925010474	18.558860494344366	29.28361960620025	0.0
99.0	33.96305625524769	18.178001679261126	18.68178001679261	29.177162048698573	0.0
100.0	34.74968447623054	14.30374421539756	20.235591081194784	30.710980227177114	0.0
101.0	32.60227752003374	16.65963728384648	19.52762547448334	31.21045972163644	0.0
102.0	31.79508890770533	16.13039796782388	21.168501270110077	30.90601185436071	0.0
103.0	26.825127334465193	17.826825127334462	21.137521222410864	34.21052631578947	0.0
104.0	25.636672325976228	17.31748726655348	22.920203735144312	34.125636672325975	0.0
105.0	30.80851063829787	20.0	18.595744680851066	30.595744680851062	0.0
106.0	31.145431145431147	17.71771771771772	18.747318747318747	32.38953238953239	0.0
107.0	31.653746770025844	17.958656330749353	19.767441860465116	30.620155038759687	0.0
108.0	32.05183585313175	18.74730021598272	17.10583153347732	32.095032397408204	0.0
109.0	29.562201993931513	19.765929778933682	20.979627221499783	29.692241005635022	0.0
110.0	28.49695916594266	19.46133796698523	20.112945264986966	31.928757602085145	0.0
111.0	29.037875489769267	18.02350892468437	21.462777535916413	31.47583804962995	0.0
112.0	26.689925861317054	17.92411687745312	24.291321412996076	31.094635848233754	0.0
113.0	27.31239092495637	21.335078534031414	18.54275741710297	32.809773123909245	0.0
114.0	30.668414154652684	16.295325469637394	20.40192223678462	32.634338138925294	0.0
115.0	29.035087719298247	19.473684210526315	20.614035087719298	30.87719298245614	0.0
116.0	29.530495831505043	20.798595875383942	18.385256691531374	31.28565160157964	0.0
117.0	33.5387323943662	17.737676056338028	16.41725352112676	32.306338028169016	0.0
118.0	27.67739092111062	15.777875716174528	21.859850154252975	34.684883208461876	0.0
119.0	24.08469342743714	22.452580502867225	27.966475518306133	25.496250551389497	0.0
120.0	26.171529619805483	22.413793103448278	23.43059239610964	27.984084880636605	0.0
121.0	31.455190771960957	17.968056787932564	17.70186335403727	32.87488908606921	0.0
122.0	30.013339261894174	18.052467763450423	20.942641173855048	30.991551800800355	0.0
123.0	33.18485523385301	18.84187082405345	17.951002227171493	30.02227171492205	0.0
124.0	32.204899777282854	19.37639198218263	19.15367483296214	29.265033407572382	0.0
125.0	29.144385026737968	18.76114081996435	20.855614973262032	31.23885918003565	0.0
126.0	32.960644007155636	18.023255813953487	18.246869409660107	30.76923076923077	0.0
127.0	27.827648114901255	19.43447037701975	22.531418312387792	30.206463195691203	0.0
128.0	29.271582733812952	17.89568345323741	21.717625899280577	31.115107913669064	0.0
129.0	29.329734592892486	21.14260008996851	17.22896986054881	32.298695456590195	0.0
130.0	28.835740072202164	20.442238267148014	17.509025270758123	33.2129963898917	0.0
131.0	30.62330623306233	19.33152664859982	19.286359530261972	30.758807588075882	0.0
132.0	28.474422815753737	18.198279764599366	22.815753734721593	30.511543684925307	0.0
133.0	28.876762164620285	20.145520691223282	20.64574806730332	30.331969076853117	0.0
134.0	25.07965407373691	21.165225307237144	20.300409649522074	33.45471096950387	0.0
135.0	26.447788417692657	19.151846785225718	19.562243502051984	34.83812129502964	0.0
136.0	24.300779458963778	19.303071985327833	22.09995414947272	34.29619440623567	0.0
137.0	28.971533516988064	16.391184573002754	20.431588613406795	34.205693296602384	0.0
138.0	30.76923076923077	17.365269461077844	21.05020727775219	30.8152924919392	0.0
139.0	28.650646950092423	16.404805914972272	21.719038817005547	33.22550831792976	0.0
140.0	27.610208816705335	18.74709976798144	21.206496519721576	32.43619489559165	0.0
141.0	29.953488372093023	17.162790697674417	19.581395348837212	33.30232558139535	0.0
142.0	30.485527544351076	15.966386554621847	18.674136321195146	34.87394957983193	0.0
143.0	31.33208255159475	20.73170731707317	17.120075046904315	30.816135084427764	0.0
144.0	31.717647058823527	16.8	19.152941176470588	32.32941176470588	0.0
145.0	30.303030303030305	19.081439393939394	17.56628787878788	33.04924242424242	0.0
146.0	30.06164058795638	21.763869132290186	18.44476055002371	29.72972972972973	0.0
147.0	30.5318138651472	19.468186134852804	16.381766381766383	33.61823361823362	0.0
148.0	26.288167938931295	22.185114503816795	19.990458015267176	31.536259541984734	0.0
149.0	29.050814956855227	20.27804410354746	18.50431447746884	32.166826462128476	0.0
150.0	28.234728234728234	19.576719576719576	17.123617123617123	35.064935064935064	0.0
151.0	28.440366972477065	18.87976822790922	19.652341863833897	33.02752293577982	0.0
152.0	28.245017015070488	19.73748176956733	18.327661643169666	33.68983957219251	0.0
153.0	30.975609756097562	19.21951219512195	19.658536585365855	30.146341463414632	0.0
154.0	33.7573385518591	16.78082191780822	18.98238747553816	30.47945205479452	0.0
155.0	29.03543307086614	22.244094488188974	17.667322834645667	31.053149606299215	0.0
156.0	31.950617283950617	14.17283950617284	18.22222222222222	35.65432098765432	0.0
157.0	29.870775347912527	16.898608349900595	22.813121272365805	30.417495029821072	0.0
158.0	26.036981509245376	23.288355822088956	16.141929035482256	34.53273363318341	0.0
159.0	35.25576730190571	13.7913741223671	20.46138415245737	30.49147442326981	0.0
160.0	25.808080808080806	20.757575757575758	21.818181818181817	31.616161616161616	0.0
161.0	30.227848101265824	17.468354430379744	21.822784810126585	30.481012658227847	0.0
162.0	29.384850025419418	17.946110828673106	20.99644128113879	31.672597864768683	0.0
163.0	28.724489795918366	17.142857142857142	16.53061224489796	37.60204081632653	0.0
164.0	30.045988758303526	14.869698518140009	23.24987225344916	31.834440470107307	0.0
165.0	29.158110882956876	17.813141683778234	21.149897330595483	31.878850102669404	0.0
166.0	26.879505664263647	19.979402677651905	20.339855818743562	32.80123583934088	0.0
167.0	26.190476190476193	18.73706004140787	23.29192546583851	31.780538302277435	0.0
168.0	27.79220779220779	19.064935064935064	18.5974025974026	34.54545454545455	0.0
169.0	28.50442939030745	18.082334549244397	19.02032308494007	34.392912975508075	0.0
170.0	33.50785340314136	15.654450261780104	17.486910994764397	33.35078534031414	0.0
171.0	29.606299212598426	18.89763779527559	16.902887139107612	34.59317585301837	0.0
172.0	30.48973143759874	21.32701421800948	16.587677725118482	31.595576619273302	0.0
173.0	29.05441098784997	17.69677760169044	20.39091389329107	32.85789751716852	0.0
174.0	29.92042440318302	19.098143236074268	16.76392572944297	34.217506631299734	0.0
175.0	27.248536455561467	19.691325172964344	20.75572112825971	32.30441724321448	0.0
176.0	28.724544480171488	20.096463022508036	18.917470525187564	32.261521972132904	0.0
177.0	28.90204520990312	23.735199138858988	18.945102260495155	28.417653390742736	0.0
178.0	27.89815817984832	22.156013001083423	19.880823401950163	30.065005417118094	0.0
179.0	26.049046321525886	19.94550408719346	24.35967302452316	29.645776566757494	0.0
180.0	30.663741086121775	16.675809105869448	20.076796489303348	32.58365331870543	0.0
181.0	28.72867363786461	20.19812878370941	19.26252063841497	31.810676940011007	0.0
182.0	33.73826615129762	18.49806736609608	19.05024848150193	28.713418001104362	0.0
183.0	28.23072656683306	23.349972268441483	20.24403771491958	28.175263449805882	0.0
184.0	28.483835005574136	21.460423634336678	18.22742474916388	31.828316610925306	0.0
185.0	28.035814213766088	21.376608841634024	22.999440402909904	27.588136541689984	0.0
186.0	30.902972518227706	16.713404374649468	22.546270330902974	29.837352776219856	0.0
187.0	30.163196398424308	21.32808103545301	18.458075407990997	30.05064715813168	0.0
188.0	29.046813310772702	20.191765369430346	20.86858432036097	29.892836999435985	0.0
189.0	30.102040816326532	18.253968253968253	20.464852607709748	31.179138321995463	0.0
190.0	29.777524244152882	18.25442099258414	19.851682829435255	32.11637193382772	0.0
191.0	25.32951289398281	20.802292263610315	20.2865329512894	33.58166189111748	0.0
192.0	30.65355696934644	19.548872180451127	20.30075187969925	29.49681897050318	0.0
193.0	29.57582800697269	18.18710052295177	23.649041255084253	28.588030214991285	0.0
194.0	27.953216374269008	21.695906432748536	21.578947368421055	28.771929824561404	0.0
195.0	28.326434062684804	21.58486102897694	19.869899467770548	30.21880544056771	0.0
196.0	30.567164179104477	18.328358208955223	21.253731343283583	29.850746268656714	0.0
197.0	29.739551786795882	20.169594185342216	20.169594185342216	29.92125984251969	0.0
198.0	26.48514851485149	24.504950495049506	20.73019801980198	28.279702970297027	0.0
199.0	30.375647668393785	24.54663212435233	17.616580310880828	27.461139896373055	0.0
200.0	26.762699014404852	14.859742228961334	21.37983320697498	36.99772554965883	0.0
201.0	31.712707182320443	17.34806629834254	16.795580110497237	34.14364640883978	0.0
202.0	39.400665926748054	17.092119866814652	17.42508324084351	26.082130965593787	0.0
203.0	31.92436040044494	16.796440489432705	23.136818687430477	28.142380422691883	0.0
204.0	32.32662192393736	15.995525727069351	27.181208053691275	24.496644295302016	0.0
205.0	35.13513513513514	15.653153153153154	25.45045045045045	23.76126126126126	0.0
206.0	29.491525423728817	19.322033898305087	22.259887005649716	28.926553672316384	0.0
207.0	29.760547320410492	24.629418472063854	14.709236031927023	30.90079817559863	0.0
208.0	31.314285714285717	15.542857142857141	20.34285714285714	32.800000000000004	0.0
209.0	21.839080459770116	23.333333333333332	22.413793103448278	32.41379310344827	0.0
210.0	25.23041474654378	17.857142857142858	17.3963133640553	39.516129032258064	0.0
211.0	30.73341094295693	19.20838183934808	18.742724097788127	31.31548311990687	0.0
212.0	26.75233644859813	17.406542056074766	24.065420560747665	31.775700934579437	0.0
213.0	27.144535840188016	19.506462984723854	17.743830787309047	35.60517038777908	0.0
214.0	30.705882352941178	26.235294117647058	17.764705882352942	25.294117647058822	0.0
215.0	30.357142857142854	25.595238095238095	16.30952380952381	27.73809523809524	0.0
216.0	31.05515587529976	17.38609112709832	17.1462829736211	34.412470023980816	0.0
217.0	24.029126213592235	16.62621359223301	29.49029126213592	29.85436893203883	0.0
218.0	25.43640897755611	20.82294264339152	19.825436408977556	33.915211970074814	0.0
219.0	19.02834008097166	21.3225371120108	23.616734143049932	36.032388663967616	0.0
220.0	0.0	31.958762886597935	24.123711340206185	43.91752577319588	0.0
