# Position (bp)	A	C	G	T	N
0.0	27.020269604861465	23.915005532287122	23.43476825220278	25.62995661064864	0.0
1.0	27.043701146212236	19.970637191427723	15.211251661909554	37.77429448979521	1.1551065528039635E-4
2.0	27.92536008816935	20.03814222489402	18.031068869057695	34.00508332671142	3.4549116751830236E-4
3.0	23.868267379728284	21.94215103857976	15.179322132017479	39.009914864486134	3.4458518835026394E-4
4.0	34.087248952513164	14.015706002689447	14.563675058015537	37.33188094043586	0.001489046345994809
5.0	35.9555241292354	14.939210665421818	22.485417653506516	26.61275374655893	0.007093805277333462
6.0	32.30860119091831	17.609067525365006	20.065750757322114	30.012009740345068	0.004570786049503898
7.0	35.15551237511574	16.795199512279215	20.630064013352957	27.418424931300102	7.991679519951229E-4
8.0	23.378535751885146	26.563350111722862	22.14439452369791	27.9115524515725	0.002167161121585723
9.0	28.84392055679082	18.299814121945577	16.140961893289358	36.71496153087844	3.4189709581210247E-4
10.0	26.844656932361342	17.177469042654113	24.78751524662809	31.189903230178246	4.555481782058918E-4
11.0	28.312721602194536	18.65664251688872	19.70155199790563	33.32726269001588	0.0018211929952364422
12.0	26.475299975196435	19.647152255189976	21.05981754590366	32.81249644444343	0.005233779266497214
13.0	27.636514977672505	21.306013470410242	18.51504817439894	32.54230966478624	1.1371273207347207E-4
14.0	31.478640768970976	18.450686768045358	20.459535892855314	29.61079543193213	3.411381962204162E-4
15.0	30.057459043516726	18.727349845180115	19.18720413368524	32.02719098849341	7.959891245143045E-4
16.0	30.685608175490586	17.456382638794917	18.925437424452106	32.931093495745436	0.001478265516955137
17.0	29.960007232129758	18.22610412220025	20.504338709292263	31.3057974162193	0.0037525201584245782
18.0	31.852641944760627	17.958310638167223	18.45955636114709	31.721986015608213	0.0075050403168491564
19.0	30.263847652230076	18.502653486602934	19.810122479983715	31.423262668451198	1.1371273207347207E-4
20.0	30.265553343211177	18.060879522497494	19.64717213492243	32.02616757390474	2.2742546414694414E-4
21.0	30.355613827013368	17.277853649439567	19.38574656388552	32.98033110873325	4.548509282938883E-4
22.0	28.673347668718424	19.0223206721787	19.726771047373862	32.57665090987242	9.097018565877766E-4
23.0	30.005947175887442	17.558041821268603	20.122832493185765	32.3122688078016	9.097018565877766E-4
24.0	30.869709088717535	17.953079852491843	18.584185515499613	32.5913198523099	0.001705690981102081
25.0	29.54472833459744	17.984805704740342	19.273625810061077	33.19649901240492	3.411381962204162E-4
26.0	31.723805419321383	17.56645656344204	20.195722354444857	30.514015662791717	0.0
27.0	28.896338336314503	18.248505530418726	19.948624587649206	32.90630412015342	2.2742546414694414E-4
28.0	30.18208819786925	17.86688560158015	19.985240087376862	31.96260215667568	0.003183956498057218
29.0	29.234178863304788	18.560988118156626	19.599071649255354	32.6029185509814	0.0028428183018368016
30.0	30.024994200617687	18.39700524446102	19.150924944621583	32.42616590327086	9.097070288513583E-4
31.0	30.572173559047577	18.297795886063355	19.34635052723388	31.78140575232459	0.0022742753305943476
32.0	29.307535294151094	18.34113225569852	19.452009620250283	32.8993228299001	0.0
33.0	29.798530570657583	18.027289402073485	19.447252581053437	32.72567657771475	0.0012508685007431297
34.0	29.806236943822473	17.99691371010936	19.612041761573305	32.58469386710759	1.1371738727479693E-4
35.0	30.421295669381387	17.572136201067607	19.52038543950823	32.48606889708451	1.137929582641567E-4
36.0	30.823782479542018	17.525921036158564	19.18099768958492	32.469184981163856	1.1381355064133936E-4
37.0	29.092461367711092	18.843791798286805	19.475909957596972	32.587381541876546	4.553345285864709E-4
38.0	30.798282968596997	18.336255778471067	19.087286225035864	31.77737799740396	7.97030492109398E-4
39.0	29.817200430170242	18.81527742335314	19.511342094710365	31.85595220735664	2.2784440960956583E-4
40.0	29.991808945361786	18.44595843324975	19.497105751306805	32.06261707618137	0.00250979390028817
41.0	29.71358118361153	18.250658171380515	20.447647951441578	31.58708430078432	0.0010283927820538604
42.0	29.164989019033676	18.36292093704246	19.617381954612007	32.8519628477306	0.002745241581259151
43.0	29.619499573532693	18.325385967222125	20.23893617873846	31.81377403529661	0.002404245210113858
44.0	29.627758242790676	18.813968489664788	19.8520153117635	31.70614338107661	1.1457470442590626E-4
45.0	29.49743655605233	18.65700993843377	19.731695542439876	32.113857963074025	0.0
46.0	30.312154328439046	17.491612085939977	19.434716555057303	32.7609433018318	5.737287318759093E-4
47.0	29.762373577622682	18.220436767858146	19.829641935776458	32.185595914529344	0.0019518042133712366
48.0	30.550532910895097	17.91069980310212	18.77169725055198	32.766725406719345	3.4462873146758993E-4
49.0	29.30345959665627	18.04425193809143	20.026255046394645	32.62476894639556	0.0012644724620888166
50.0	29.736414444608133	18.439479596346494	19.48670908220389	32.337051598408955	3.452784325279906E-4
51.0	30.183442228613206	18.100448111956492	19.459198287811034	32.25691137161927	0.0
52.0	29.702588050350816	18.40463282974813	19.686867869568736	32.20591125033232	0.0
53.0	31.43519398019655	17.758582343701494	19.3037285528285	31.491258959971457	0.011236163301995635
54.0	30.038623391755852	18.524372892135357	19.17242884034659	32.26178953501057	0.002785340751624202
55.0	29.11445386709948	18.385261282964112	18.302945464607685	34.1964092630874	9.30122241315565E-4
56.0	29.40366892359999	18.09532680899125	20.534328479859347	31.965977166743322	6.986208060919734E-4
57.0	28.311193808860942	18.817896290492943	19.734955266268877	33.13537170850908	5.829258681514954E-4
58.0	30.682066241987656	17.847257972070178	21.940425869698956	29.529899713651016	3.502025921995874E-4
59.0	29.44336034551902	20.368458528247047	21.12281989914567	29.05729381627115	0.008067410817111797
60.0	31.126142857310246	18.973745478661392	19.729498871056755	30.170144108697254	4.686842743537137E-4
61.0	28.990660531226354	21.010044511710763	19.684798804247176	30.314496152815707	0.0
62.0	30.71112705237176	16.580379349565103	21.787468910608858	30.92031676962938	7.079178248988857E-4
63.0	26.31726899532552	20.367007516406925	25.38723669743052	27.927182065001443	0.0013047258355879392
64.0	26.26505220320891	20.006623684197987	18.187493149966883	35.539282259486406	0.0015487031398169193
65.0	27.671781522637634	19.57374472294962	18.59316139729236	34.156168391888805	0.005143965231580119
66.0	26.65217636831791	19.636757297114794	17.081610657938846	36.62212642124475	0.0073292553836985345
67.0	33.50021961897315	14.369717681016716	17.84814434034666	34.28034965271242	0.0015687069510611701
68.0	34.393070284292584	15.488998136766465	23.046258707596795	27.07167287134415	0.0
69.0	31.78942333205027	17.097489059714714	20.622048489785954	30.491039118449066	0.0
70.0	33.16402528214281	16.048256149438398	22.0600115406809	28.727707027737893	0.0
71.0	25.976158618172974	19.95600697400965	25.474225898444363	28.593608509373013	0.0
