# Position (bp)	A	C	G	T	N
0.0	29.1970802919708	18.72839031886285	21.091048789857854	30.98348059930849	0.0
1.0	25.220898962735305	22.47406838263542	24.06838263542067	28.236650019208604	0.0
2.0	27.337029248709616	19.327088510800994	20.971133626457654	32.36474861403173	0.0
3.0	29.799426934097422	22.808022922636102	19.04489016236867	28.347659980897806	0.0
4.0	28.686019862490454	20.168067226890756	18.353705118411	32.7922077922078	0.0
5.0	32.97080709788208	18.317115054378935	16.771608471665715	31.940469376073267	0.0
6.0	32.843791722296395	18.21476254053023	20.312798016402823	28.62864772077055	0.0
7.0	32.50762195121951	19.56935975609756	18.902439024390244	29.020579268292686	0.0
8.0	29.961904761904762	18.81904761904762	19.085714285714285	32.13333333333333	0.0
9.0	26.794896210245668	19.63435536088364	17.50142829937155	36.06932012949915	0.0
10.0	25.314046440807005	18.74762086029692	22.573277502854967	33.36505519604111	0.0
11.0	26.698382492863935	18.68696479543292	20.932445290199812	33.68220742150333	0.0
12.0	27.212178877259753	19.752616555661277	17.944814462416748	35.09039010466223	0.0
13.0	31.406844106463875	20.76045627376426	17.9467680608365	29.885931558935365	0.0
14.0	28.11787072243346	20.893536121673005	21.083650190114067	29.90494296577947	0.0
15.0	27.547528517110266	20.285171102661597	20.912547528517113	31.254752851711025	0.0
16.0	28.174904942965778	17.984790874524712	20.60836501901141	33.2319391634981	0.0
17.0	29.690172970918077	18.247481467401634	21.26972058544003	30.79262497624026	0.0
18.0	27.49904979095401	21.018624097301405	19.479285442797416	32.00304066894717	0.0
19.0	27.863247863247864	21.196581196581196	21.367521367521366	29.572649572649574	0.0
20.0	25.455580865603643	24.639331814730447	18.204252088078967	31.70083523158694	0.0
21.0	23.83930263407239	23.441349251468637	19.878718969111237	32.840629145347734	0.0
22.0	27.341532639545886	19.526963103122043	19.24314096499527	33.888363292336805	0.0
23.0	29.444024205748864	21.974281391830562	16.944024205748864	31.637670196671706	0.0
24.0	27.25897920604915	17.410207939508506	17.618147448015122	37.71266540642722	0.0
25.0	28.49045909692046	19.686378235405254	16.096731532212356	35.72643113546194	0.0
26.0	29.601661317727014	16.7830847649613	16.858599207098358	36.756654710213326	0.0
27.0	26.330690826727064	19.667799169497926	18.780671951679878	35.22083805209513	0.0
28.0	30.786644029428412	18.33616298811545	17.223165440482926	33.654027541973214	0.0
29.0	28.05958891193664	18.310390345087686	16.254950028285876	37.3750707146898	0.0
30.0	30.849056603773583	16.69811320754717	19.830188679245282	32.62264150943396	0.0
31.0	29.792452830188683	17.245283018867923	19.49056603773585	33.47169811320755	0.0
32.0	28.452830188679247	21.132075471698116	20.28301886792453	30.132075471698112	0.0
33.0	30.458577090016988	18.512926967352332	19.79618795999245	31.232307982638236	0.0
34.0	32.74820687051718	16.194790486976217	19.026047565118912	32.030955077387695	0.0
35.0	29.928247734138974	18.56117824773414	21.148036253776432	30.362537764350456	0.0
36.0	30.4438149197356	15.694050991501415	18.243626062322946	35.61850802644004	0.0
37.0	29.48621080468455	19.248205515678126	18.832640725349453	32.432942954287874	0.0
38.0	30.07177937287495	18.964865885908573	18.360408009066866	32.602946732149604	0.0
39.0	30.895691609977323	18.027210884353742	18.29176114890401	32.78533635676493	0.0
40.0	27.972027972027973	19.42921942921943	19.826119826119825	32.77263277263277	0.0
41.0	28.24196597353497	16.08695652173913	21.455576559546312	34.215500945179585	0.0
42.0	33.39005483078087	15.768576290414066	19.531102287767062	31.310266591038005	0.0
43.0	29.436405178979435	17.26961157654227	20.23990860624524	33.054074638233054	0.0
44.0	31.252386407025583	19.14852997327224	18.384879725085913	31.214203894616265	0.0
45.0	31.951079686604245	17.58073762660042	17.924708580164342	32.543474106630995	0.0
46.0	31.849445930454717	14.88345433702713	20.3859380970577	32.88116163546045	0.0
47.0	33.99579591056755	16.816357729791704	20.04586279380852	29.14198356583222	0.0
48.0	27.151051625239003	19.88527724665392	20.191204588910132	32.77246653919694	0.0
49.0	28.489483747609945	18.508604206500955	18.891013384321223	34.11089866156788	0.0
50.0	28.948374760994266	17.934990439770555	20.8604206500956	32.25621414913958	0.0
51.0	29.757123733027345	17.517689806846434	18.741633199464523	33.983553260661694	0.0
52.0	28.26544272327405	17.555938037865747	22.107477529164278	32.07114170969593	0.0
53.0	30.394032134659525	20.428462127008416	19.108645753634278	30.06885998469778	0.0
54.0	30.317521040550883	20.428462127008416	18.34353481254782	30.910482019892882	0.0
55.0	29.153905053598777	18.357580398162327	18.950995405819295	33.537519142419605	0.0
56.0	26.164462334675097	18.190530956488406	22.17749664558175	33.46751006325475	0.0
57.0	27.755414989457545	19.551466359977	19.89649223691777	32.79662641364769	0.0
58.0	26.849367573783056	20.065159064775777	19.18359524722116	33.90187811422001	0.0
59.0	27.94174013031813	18.512840168646992	20.141816788041396	33.403602912993485	0.0
60.0	29.39823687236489	18.857799923342277	20.256803372939824	31.487159831353008	0.0
61.0	26.868532004599466	16.960521272518207	23.648907627443467	32.52203909543886	0.0
62.0	26.85451408855664	20.39486294805444	20.337358635230977	32.41326432815794	0.0
63.0	28.374709076803722	19.25911559348332	20.13188518231187	32.23429014740108	0.0
64.0	28.166828322017455	18.836081474296797	20.11639185257032	32.88069835111542	0.0
65.0	27.507274490785644	18.816682832201746	19.806013579049466	33.87002909796315	0.0
66.0	29.757516973811832	18.409311348205627	19.806013579049466	32.02715809893307	0.0
67.0	28.089233753637245	20.8729388942774	18.77788554801164	32.25994180407372	0.0
68.0	26.96411251212415	21.04752667313288	19.26285160038797	32.725509214355	0.0
69.0	29.388942774005823	20.737148399612025	18.77788554801164	31.096023278370517	0.0
70.0	28.65179437439379	22.172647914645975	17.536372453928227	31.63918525703201	0.0
71.0	28.56034148234381	21.090415211486224	21.090415211486224	29.258828094683743	0.0
72.0	28.71556072953046	20.081490104772993	20.48894062863795	30.714008537058596	0.0
73.0	29.181218471090414	16.744276290259993	21.265036864571208	32.809468374078385	0.0
74.0	29.23942568878541	18.432285603414826	20.954598370197903	31.37369033760186	0.0
75.0	29.472254559565386	19.557625145518045	21.265036864571208	29.705083430345365	0.0
76.0	29.976717112922003	19.441210710128058	18.723321691889794	31.85875048506015	0.0
77.0	31.354287931703535	20.624757469926273	17.753201396973225	30.267753201396975	0.0
78.0	30.92743500194024	17.13232440822662	21.0128055878929	30.92743500194024	0.0
79.0	31.31548311990687	19.88746604578968	17.908420644159875	30.88863019014358	0.0
80.0	32.98409002716337	17.55917733798991	18.878540939076448	30.578191695770272	0.0
81.0	29.80209545983702	18.568102444703143	20.023282887077997	31.60651920838184	0.0
82.0	33.93480791618161	14.842840512223516	21.206829646876212	30.015521924718662	0.0
83.0	31.60651920838184	17.365153279006595	20.35312378734963	30.675203725261934	0.0
84.0	29.14241365929375	16.80248350795499	20.974000776096236	33.08110205665503	0.0
85.0	30.20954598370198	17.13232440822662	20.275514163756306	32.38261544431509	0.0
86.0	30.422972448583625	19.033760186263095	19.63523476911137	30.908032596041906	0.0
87.0	31.52890958478851	16.841288319751648	20.741171905316257	30.88863019014358	0.0
88.0	31.17966627861855	17.947225455956538	19.053162592161428	31.819945673263483	0.0
89.0	31.121459060923556	15.230888630190142	18.723321691889794	34.92433061699651	0.0
90.0	28.599146294140475	16.841288319751648	19.20838183934808	35.3511835467598	0.0
91.0	29.012225887832333	19.44498350475451	16.80574422666408	34.73704638074908	0.0
92.0	30.71996895012614	18.746361342907043	16.301183776440908	34.23248593052591	0.0
93.0	29.769066563167083	17.679021928973413	19.736076072190954	32.815835435668546	0.0
94.0	30.157189986415677	17.077430622938095	18.99864156801863	33.7667378226276	0.0
95.0	31.185717058024455	16.8833689113138	18.84339219871919	33.08752183194256	0.0
96.0	29.342130797593637	17.34911701921211	19.96895012614011	33.33980205705414	0.0
97.0	28.55201863354037	18.14829192546584	20.031055900621116	33.26863354037267	0.0
98.0	29.774844720496894	19.293478260869566	17.79891304347826	33.13276397515528	0.0
99.0	28.74611801242236	19.856366459627328	18.517080745341616	32.880434782608695	0.0
100.0	31.11413043478261	17.876552795031056	20.108695652173914	30.900621118012424	0.0
101.0	29.625315472723745	21.31624927198602	20.190254319549602	28.868180935740632	0.0
102.0	28.879394057098466	18.683239463973585	19.518353078267626	32.919013400660326	0.0
103.0	28.39098328799067	18.96618732996502	22.308589195491642	30.334240186552663	0.0
104.0	26.816945200155462	17.17839098328799	22.153128643606685	33.851535172949866	0.0
105.0	29.352266096090258	18.342734876483174	19.47092005446411	32.83407897296246	0.0
106.0	32.66536964980545	20.0	17.723735408560312	29.610894941634243	0.0
107.0	31.14530580444098	19.400077911959485	18.991040124659136	30.4635761589404	0.0
108.0	32.468798751950075	18.681747269890796	19.325273010920437	29.52418096723869	0.0
109.0	27.356097560975613	19.102439024390243	18.380487804878047	35.16097560975609	0.0
110.0	28.381807534647667	18.992777669334373	19.10989654499317	33.51551825102479	0.0
111.0	29.916032024995122	18.687756297598128	18.922085530169888	32.47412614723687	0.0
112.0	28.3088954056696	19.49169110459433	19.667644183773216	32.531769305962854	0.0
113.0	31.03852923919421	15.881087424212792	19.870917269704673	33.20946606688832	0.0
114.0	30.874584230091955	16.454705537076894	18.743885736646448	33.9268244961847	0.0
115.0	26.810176125244617	19.47162426614481	15.655577299412915	38.06262230919765	0.0
116.0	29.91185112634672	18.29578844270323	17.49265426052889	34.29970617042116	0.0
117.0	31.32836990595611	17.9858934169279	18.221003134796238	32.46473354231975	0.0
118.0	29.870638965111723	19.306154449235592	18.16934535476284	32.653861230889845	0.0
119.0	25.46060368482948	20.384163073304588	22.324578596628772	31.83065464523716	0.0
120.0	28.22422579380635	20.286162289298314	21.56017248137985	29.92943943551548	0.0
121.0	31.88860560894293	18.49382231810159	18.7487742694646	30.86879780349088	0.0
122.0	30.800942285041227	19.454259913623872	18.708284255987436	31.036513545347468	0.0
123.0	30.846259571961514	17.101904574906733	19.39917533870018	32.652660514431574	0.0
124.0	31.808364421755353	17.71058315334773	18.26035735322992	32.220695071666995	0.0
125.0	31.323644933228596	18.28358208955224	18.735271013354282	31.65750196386489	0.0
126.0	32.37721021611002	17.62278978388998	19.980353634577604	30.019646365422396	0.0
127.0	28.091212895616273	19.756241399646157	20.05111067426774	32.10143503046983	0.0
128.0	32.19205037386856	17.473435655253837	18.654073199527748	31.68044077134986	0.0
129.0	30.32867545758709	18.972643180476283	20.527455225349343	30.171226136587286	0.0
130.0	31.56858886046054	17.201338319228498	17.3587876402283	33.87128518008266	0.0
131.0	30.236220472440944	18.326771653543307	20.688976377952756	30.748031496062993	0.0
132.0	27.49655308252905	17.64821745125074	21.804215087650185	33.051014378570024	0.0
133.0	28.413793103448278	19.566502463054185	20.591133004926107	31.428571428571427	0.0
134.0	25.936145053212456	19.35356720536066	23.295230587307845	31.415057154119037	0.0
135.0	27.326498422712937	19.44006309148265	21.608832807570977	31.624605678233436	0.0
136.0	30.814756362201617	18.46518050897613	19.135924245413296	31.584138883408958	0.0
137.0	29.670546458867626	17.478792661274415	19.23456303018347	33.61609784967449	0.0
138.0	28.577067298204067	19.123741859088216	18.43299782909019	33.866193013617526	0.0
139.0	32.0490021734835	17.071724955542383	18.533886583679116	32.345386287295	0.0
140.0	28.20715556434078	18.10634512749555	20.676022929432694	33.01047637873097	0.0
141.0	27.565750444927822	17.065453826379276	22.18706743128337	33.18172829740953	0.0
142.0	30.72205736894164	18.57566765578635	19.643916913946587	31.05835806132542	0.0
143.0	32.72655322516818	17.35259200633162	19.667590027700832	30.253264740799366	0.0
144.0	30.21967148228775	19.988125865822283	18.62260043538492	31.169602216505048	0.0
145.0	31.821782178217823	17.306930693069305	18.613861386138613	32.257425742574256	0.0
146.0	28.83168316831683	17.98019801980198	18.712871287128714	34.475247524752476	0.0
147.0	29.437400950871634	19.94849445324881	18.60142630744849	32.01267828843106	0.0
148.0	27.016848364717543	20.0396432111001	19.52428146679881	33.41922695738354	0.0
149.0	29.90283561372199	18.282768193535595	18.441403926234383	33.372992266508035	0.0
150.0	29.141043443761163	17.55604046816108	19.043840507835746	34.25907558024201	0.0
151.0	29.01369319309387	18.01944830323477	20.222266322683073	32.74459218098829	0.0
152.0	26.23536415955547	19.289541575709464	18.733875769001788	35.74121849573328	0.0
153.0	31.149493746277546	18.2648401826484	17.847925352392295	32.737740718681756	0.0
154.0	30.526315789473685	17.298907646474674	19.06653426017875	33.10824230387289	0.0
155.0	30.121200079475464	18.199880786807075	20.107291873634015	31.571627260083453	0.0
156.0	30.570463128602665	15.324985092426951	20.77121844563705	33.33333333333333	0.0
157.0	30.463312785842117	19.26824418373434	20.660171008152712	29.60827202227083	0.0
158.0	31.1592761980513	19.407436866176177	18.791012129648042	30.642274806124476	0.0
159.0	31.543357199681783	15.552903739061257	22.37470167064439	30.52903739061257	0.0
160.0	27.41742936729009	19.399124552327894	22.284122562674096	30.899323517707916	0.0
161.0	28.83582089552239	17.19402985074627	21.094527363184078	32.875621890547265	0.0
162.0	29.544097153095763	18.2958391399562	22.5562412900657	29.60382241688234	0.0
163.0	30.059760956175296	16.35458167330677	20.776892430278885	32.808764940239044	0.0
164.0	31.75931460450289	16.855947399880456	21.657700737198645	29.727037258418008	0.0
165.0	31.492924058202114	17.14171815826191	21.965317919075144	29.40003986446083	0.0
166.0	31.884346959122635	19.122632103688932	20.398803589232305	28.594217347956132	0.0
167.0	28.639808536098922	17.391304347826086	21.061029118468287	32.9078579976067	0.0
168.0	28.46031112883925	18.10929397686478	19.98404467491025	33.44635021938572	0.0
169.0	26.33679169992019	17.418196328810854	20.151636073423784	36.09337589784517	0.0
170.0	29.349561053471668	16.46049481245012	20.351157222665602	33.83878691141261	0.0
171.0	28.716822989423267	16.58351626421872	19.317501496707244	35.38215924965077	0.0
172.0	29.005193767479025	20.19576508190172	17.439073112265284	33.359968038353976	0.0
173.0	26.09912070343725	18.764988009592326	17.945643485211832	37.19024780175859	0.0
174.0	28.38297021786928	19.208474915050967	19.568259044573256	32.84029582250649	0.0
175.0	28.58	17.64	20.66	33.12	0.0
176.0	30.090090090090087	16.336336336336334	18.57857857857858	34.994994994995	0.0
177.0	30.749198717948715	18.309294871794872	19.110576923076923	31.83092948717949	0.0
178.0	31.683366733466933	17.334669338677354	18.71743486973948	32.26452905811623	0.0
179.0	26.764234161988774	19.025661587810745	22.93504410585405	31.275060144346433	0.0
180.0	30.070210631895687	18.31494483450351	18.39518555667001	33.219658976930795	0.0
181.0	30.074282272636015	17.667135113431037	18.791407347922103	33.46717526601084	0.0
182.0	32.10769539883464	18.28410689170183	20.594735784609203	29.01346192485433	0.0
183.0	29.97587454764777	21.23039806996381	18.476075593084037	30.317651789304385	0.0
184.0	32.978081640860644	20.611301025537905	18.158053488839734	28.252563844761713	0.0
185.0	30.62374245472837	21.006036217303823	19.03420523138833	29.336016096579478	0.0
186.0	33.04452951843643	17.731210961112232	21.902075357646584	27.322184162804756	0.0
187.0	30.61101028433152	20.427505545472876	19.96370235934664	28.99778181084896	0.0
188.0	30.52249344361509	19.830542666935646	19.30603187411741	30.340932015331855	0.0
189.0	31.912744900020197	18.279135528176127	18.844677842860026	30.963441728943646	0.0
190.0	33.2053354890865	17.09781729991916	17.704122877930477	31.992724333063865	0.0
191.0	29.92922143579373	17.937310414560162	19.23154701718908	32.901921132457026	0.0
192.0	32.59154359700587	17.76249241351406	18.308719401173377	31.337244588306696	0.0
193.0	29.129554655870443	17.692307692307693	20.425101214574898	32.75303643724696	0.0
194.0	30.24103706704476	18.108162851934374	20.70083046384444	30.94996961717642	0.0
195.0	30.20474356375431	19.785120616257856	19.420231096695723	30.589904723292115	0.0
196.0	31.52129817444219	19.756592292089252	18.113590263691684	30.608519269776874	0.0
197.0	30.99249035924498	19.281510046681554	19.68743657398011	30.038563020093363	0.0
198.0	31.60779537149817	18.311002842062525	17.49898497766951	32.58221680876979	0.0
199.0	28.37124289195776	19.41510966693745	20.288383428107228	31.925264012997562	0.0
200.0	28.187919463087248	18.669920683343502	20.846044335977222	32.29611551759203	0.0
201.0	30.842833876221498	16.245928338762212	20.052931596091206	32.85830618892508	0.0
202.0	28.920570264765782	18.289205702647656	20.0	32.79022403258656	0.0
203.0	31.64118246687054	15.80020387359837	22.140672782874617	30.417940876656473	0.0
204.0	29.78983880840645	18.71046725158131	20.17955519281779	31.32013874719445	0.0
205.0	32.12170716765367	16.27527057382071	19.91014907085971	31.692873187665917	0.0
206.0	29.37091503267974	18.1781045751634	20.26143790849673	32.189542483660134	0.0
207.0	28.773006134969325	18.609406952965234	20.081799591002046	32.535787321063395	0.0
208.0	29.813791692244727	18.19111929609167	21.792510742786988	30.20257826887661	0.0
209.0	28.41351074718526	17.175025588536336	20.327533265097237	34.08393039918117	0.0
210.0	29.89352989352989	17.280917280917283	20.045045045045047	32.780507780507776	0.0
211.0	30.368852459016395	16.68032786885246	22.991803278688526	29.95901639344262	0.0
212.0	29.581795817958177	17.712177121771216	22.468224682246824	30.23780237802378	0.0
213.0	29.887179487179488	19.015384615384615	19.753846153846155	31.343589743589746	0.0
214.0	31.26026272577997	19.642857142857142	20.56650246305419	28.530377668308702	0.0
215.0	32.25077081192189	20.65775950668037	18.869475847893113	28.221993833504627	0.0
216.0	34.395559210526315	17.907072368421055	18.297697368421055	29.399671052631575	0.0
217.0	29.715815485996703	17.339373970345964	19.398682042833606	33.54612850082373	0.0
218.0	26.92387043532082	19.228388694037548	20.87889416133691	32.96884670930472	0.0
219.0	27.297129878174687	19.719182325005164	22.031798472021475	30.951889324798675	0.0
220.0	30.02686505476338	19.508162843562722	20.148791072535648	30.31618102913825	0.0
221.0	31.335262505167428	18.313352625051674	17.465894997933027	32.885489871847874	0.0
222.0	30.891785640388992	19.697910200703497	19.139250982826404	30.271053176081107	0.0
223.0	32.401077273668946	17.816449140252743	19.494510047648646	30.28796353842967	0.0
224.0	34.454130344541305	16.64591116645911	18.908260689082606	29.991697799916977	0.0
225.0	36.201163757273484	16.562759767248544	19.45137157107232	27.784704904405654	0.0
226.0	33.236212278876174	18.25182101977107	18.917793964620184	29.59417273673257	0.0
227.0	31.45178087898354	17.163091022703604	19.725057279733388	31.66007081857946	0.0
228.0	28.89630711454204	18.568746088045067	18.819111203838933	33.71583559357396	0.0
229.0	30.123250470022978	20.994359724253187	16.607478587842074	32.274911217881765	0.0
230.0	31.08927451390341	21.220991009826466	16.307756638093245	31.381977838176876	0.0
231.0	30.142438206954335	19.564306661080856	18.035190615835777	32.25806451612903	0.0
232.0	27.57969798657718	18.519295302013422	18.959731543624162	34.941275167785236	0.0
233.0	28.649443394244905	18.021424070573406	21.045998739760556	32.28313379542113	0.0
234.0	27.71819137749737	19.116719242902207	22.46056782334385	30.70452155625657	0.0
235.0	25.904882154882152	19.444444444444446	21.127946127946128	33.52272727272727	0.0
236.0	28.89076339097427	17.524251370729647	21.299029945170815	32.28595529312526	0.0
237.0	27.823516993877984	18.682710576314125	20.371543170783195	33.1222292590247	0.0
238.0	30.632536492489955	16.28940131161413	19.928072773429236	33.14998942246668	0.0
239.0	28.02709568162574	17.04064352243861	20.385266723116004	34.54699407281964	0.0
240.0	27.829588808817295	16.341670199236965	20.750317931326833	35.07842306061891	0.0
241.0	27.180140038192235	18.183747082537664	22.406110757479315	32.23000212179079	0.0
242.0	28.753721820501916	16.673755848575077	22.56486601446193	32.00765631646108	0.0
243.0	27.307610317629504	15.135365593690045	22.191430398635685	35.36559369004477	0.0
244.0	26.5201621506294	16.108384894388735	20.674205248559847	36.69724770642202	0.0
245.0	28.46465940636344	17.48878923766816	22.250693999572924	31.795857356395473	0.0
246.0	29.014325422279242	15.92901432542228	20.80393414581997	34.25272610647851	0.0
247.0	26.038543897216275	16.937901498929335	22.826552462526767	34.19700214132762	0.0
248.0	26.201716738197423	16.759656652360515	23.841201716738198	33.197424892703864	0.0
249.0	26.954467353951888	19.029209621993125	18.943298969072163	35.07302405498282	0.0
250.0	26.059823542070156	17.79642780288358	20.83064342586615	35.31310522918012	0.0
251.0	27.21191195511437	18.774277082434182	20.738023305999135	33.27578765645231	0.0
252.0	28.56833910034602	20.090830449826992	19.80968858131488	31.53114186851211	0.0
253.0	30.862592110966624	16.406588643259646	19.4408322496749	33.28998699609883	0.0
254.0	31.52055688492495	17.206874048292363	19.795518816619534	31.477050250163153	0.0
255.0	29.692609548724658	19.468061914105082	20.01308044473512	30.826248092435144	0.0
256.0	29.422066549912433	18.323117338003502	19.352014010507883	32.902802101576185	0.0
257.0	29.126426690079015	19.11764705882353	17.954345917471468	33.801580333625985	0.0
258.0	30.754011870740822	18.157836887227962	17.916025500109914	33.1721257419213	0.0
259.0	32.55813953488372	17.58582502768549	16.389811738648948	33.46622369878184	0.0
260.0	29.358002674988853	19.081587160053502	18.23450735621935	33.32590280873829	0.0
261.0	29.883512544802866	18.75	19.53405017921147	31.832437275985665	0.0
262.0	30.72086233999551	16.999775432292836	19.964069166853808	32.31529306085785	0.0
263.0	30.071974808816915	19.928025191183085	18.46603688708952	31.533963112910477	0.0
264.0	30.89064261555806	18.737316798196165	19.706877113866966	30.665163472378804	0.0
265.0	32.0225988700565	19.36723163841808	18.146892655367232	30.463276836158194	0.0
266.0	33.31821274665457	19.39215241551372	19.369471535495578	27.92016330233613	0.0
267.0	29.97722095671982	19.020501138952163	19.020501138952163	31.98177676537585	0.0
268.0	30.593922651933703	17.21915285451197	21.754143646408842	30.432780847145484	0.0
269.0	31.270207852193995	20.46189376443418	19.468822170900694	28.79907621247113	0.0
270.0	31.832946635730856	20.928074245939676	15.754060324825986	31.484918793503482	0.0
271.0	34.094084769445736	19.35258500232883	18.07172799254774	28.481602235677688	0.0
272.0	32.24375437777259	17.721223441512958	18.14148961008639	31.893532570628064	0.0
273.0	31.46934955545157	16.58867571361722	18.741226017781937	33.200748713149274	0.0
274.0	32.39502697630777	17.077175697865353	19.30565329580108	31.222144030025806	0.0
275.0	29.71953806269149	19.090266320999294	20.857883572943674	30.332312043365544	0.0
276.0	30.854842529007815	19.89107269713474	19.58323466729813	29.670850106559314	0.0
277.0	26.634958382877528	20.546967895362663	20.49940546967895	32.318668252080855	0.0
278.0	27.686049294089493	18.688681502751855	23.283082077051926	30.342187126106722	0.0
279.0	30.940950552088335	20.499279884781565	20.523283725396062	28.036485837734038	0.0
280.0	29.250060284543046	21.051362430672775	22.377622377622377	27.320954907161806	0.0
281.0	29.324945560125816	17.88047423179289	21.775949673360756	31.018630534720543	0.0
282.0	29.47906523855891	16.601752677702045	23.70983446932814	30.209347614410902	0.0
283.0	27.392578125	19.970703125	22.2900390625	30.3466796875	0.0
284.0	25.631591856757417	20.65244051999019	21.85430463576159	31.861662987490803	0.0
285.0	27.3310310804144	19.906265416872223	22.915638875185003	29.84706462752837	0.0
286.0	27.973240832507436	18.062438057482655	22.125867195242815	31.838453914767094	0.0
287.0	27.618810649415277	19.382931077382434	22.468275690470264	30.529982582732025	0.0
288.0	25.456821026282856	19.549436795994993	21.526908635794744	33.46683354192741	0.0
289.0	27.63819095477387	19.22110552763819	20.87939698492462	32.26130653266331	0.0
290.0	29.61557916034396	15.326251896813353	20.8649468892261	34.19322205361659	0.0
291.0	29.360835243188184	15.762668703845176	23.09651133180545	31.779984721161192	0.0
292.0	26.977220373688255	18.582032249808037	24.11057077041208	30.33017660609163	0.0
293.0	28.575109507858798	17.366658077814996	21.978871424890492	32.07936098943571	0.0
294.0	30.023394853132313	19.96360800623863	20.197556537561738	29.815440603067323	0.0
295.0	31.351492928234677	17.653221581980095	22.001047668936614	28.99423782084861	0.0
296.0	27.500000000000004	18.36842105263158	23.684210526315788	30.447368421052634	0.0
297.0	28.825717321997875	18.809776833156217	22.635494155154092	29.72901168969182	0.0
298.0	25.87374695204552	21.918179355188297	22.405852072609047	29.802221620157137	0.0
299.0	27.57628094415659	18.595279217040876	20.610247553252734	33.2181922855498	0.0
300.0	31.20842572062084	8.980044345898005	22.172949002217297	37.63858093126386	0.0
