# Position (bp)	A	C	G	T	N
0.0	29.972565157750342	18.77000457247371	19.38728852309099	31.870141746684954	0.0
1.0	24.439871970736167	23.754000914494743	23.52537722908093	28.280749885688156	0.0
2.0	29.1866028708134	18.637502848029165	19.115971747550695	33.059922533606745	0.0
3.0	30.30716723549488	21.524459613196814	18.725824800910125	29.44254835039818	0.0
4.0	30.680009097111665	18.671821696611328	20.263816238344326	30.38435296793268	0.0
5.0	31.32530120481928	19.75448965674017	17.86769720390998	31.052511934530575	0.0
6.0	31.75	19.568181818181817	19.818181818181817	28.863636363636363	0.0
7.0	30.547354076765842	19.123325005677945	20.145355439473086	30.183965478083124	0.0
8.0	30.692395005675372	20.204313280363223	19.3416572077185	29.761634506242906	0.0
9.0	27.84838856105311	20.517476168860643	18.179754879709485	33.454380390376755	0.0
10.0	26.781661370857922	17.271901951883795	21.470721743077622	34.475714934180665	0.0
11.0	27.41715842033591	18.92873354516568	20.358601906491145	33.29550612800726	0.0
12.0	27.2459165154265	19.804900181488204	17.899274047186932	35.04990925589836	0.0
13.0	28.872760263098208	20.29938761623951	19.369471535495578	31.458380585166708	0.0
14.0	27.61904761904762	20.249433106575964	21.08843537414966	31.04308390022676	0.0
15.0	27.029478458049887	19.614512471655328	22.312925170068027	31.04308390022676	0.0
16.0	27.80045351473923	20.090702947845802	21.564625850340136	30.54421768707483	0.0
17.0	29.229024943310655	19.319727891156464	20.56689342403628	30.8843537414966	0.0
18.0	27.8394921786443	20.720924960326457	19.519383359782363	31.92019950124688	0.0
19.0	27.221214868540343	20.942883046237533	22.234814143245693	29.601087941976427	0.0
20.0	26.745240253853126	21.894832275611968	18.948322756119673	32.41160471441523	0.0
21.0	25.74212553818264	21.2780421481985	20.688873782007704	32.290958531611146	0.0
22.0	28.04712279111917	19.68735840507476	18.66787494336203	33.597643860444045	0.0
23.0	28.20570910738559	21.386497507929317	18.69053013140009	31.717263253285	0.0
24.0	28.885364748527415	19.05301314000906	16.832804712279113	35.228817399184415	0.0
25.0	27.956502038966924	19.800634345265067	17.10466696873584	35.138196647032174	0.0
26.0	31.091485507246375	19.021739130434785	16.983695652173914	32.90307971014493	0.0
27.0	28.34503056373104	20.62485850124519	17.296807788091463	33.73330314693231	0.0
28.0	29.560887279311903	18.447261204164782	17.043911272068808	34.94794024445451	0.0
29.0	29.402444545043004	17.224988682661838	17.338162064282482	36.03440470801267	0.0
30.0	30.969642048029	17.149977344811962	17.965564114182147	33.91481649297689	0.0
31.0	31.608933454876937	16.704649042844117	17.639015496809478	34.047402005469465	0.0
32.0	30.015978087194707	18.671536178954575	19.424788860990642	31.887696872860076	0.0
33.0	29.15238748000914	20.196481608407584	19.21407356636966	31.437057345213614	0.0
34.0	32.18864468864469	15.590659340659341	20.39835164835165	31.82234432234432	0.0
35.0	31.78276810265811	18.56095325389551	19.156736938588452	30.49954170485793	0.0
36.0	30.0	17.517241379310345	17.49425287356322	34.98850574712644	0.0
37.0	29.59112959112959	19.51951951951952	19.65811965811966	31.23123123123123	0.0
38.0	29.054680259499538	19.624652455977756	18.97590361445783	32.34476367006487	0.0
39.0	30.845886442641945	18.88760139049826	17.149478563151796	33.117033603707995	0.0
40.0	29.591836734693878	16.442486085343226	19.109461966604822	34.85621521335807	0.0
41.0	28.3884489986027	17.047042384722868	22.426641825803447	32.13786679087099	0.0
42.0	31.857375903052905	16.383127476112794	19.319505942670705	32.439990678163596	0.0
43.0	30.38918666977394	17.128874388254488	19.133069214635285	33.348869727336286	0.0
44.0	29.694425005831583	18.87100536505715	18.101236295777934	33.33333333333333	0.0
45.0	32.264106766565206	17.419808007492392	18.23928822289862	32.07679700304379	0.0
46.0	30.671676843588543	15.758572099577266	20.59652418976045	32.97322686707375	0.0
47.0	33.22360686574183	16.576534211145074	19.562661650599576	30.63719727251352	0.0
48.0	28.591582412414766	19.045379731953915	19.562661650599576	32.800376205031746	0.0
49.0	28.5277516462841	17.99153339604892	20.43744120413923	33.04327375352775	0.0
50.0	29.223529411764705	19.6	19.741176470588233	31.43529411764706	0.0
51.0	29.654036243822073	17.792421746293247	18.592610025888444	33.96093198399623	0.0
52.0	28.94798776182631	17.486467404095084	22.57001647446458	30.995528359614028	0.0
53.0	30.207351555136665	19.67483506126296	20.098963242224315	30.018850141376056	0.0
54.0	30.379448503417393	20.268677822295544	17.91185481970304	31.44001885458402	0.0
55.0	30.13924946896389	17.417984422940762	17.77200849657777	34.67075761151758	0.0
56.0	27.113840340103923	19.437883797827112	20.902220122815304	32.54605573925366	0.0
57.0	29.844045368620037	18.052930056710775	19.541587901701323	32.561436672967865	0.0
58.0	28.291184117229967	19.73528716615457	18.97896478373907	32.99456393287639	0.0
59.0	28.22695035460993	19.21985815602837	20.28368794326241	32.269503546099294	0.0
60.0	30.889309366130558	17.147587511825925	19.631031220435194	32.33207190160833	0.0
61.0	27.580492424242426	18.584280303030305	22.514204545454543	31.32102272727273	0.0
62.0	29.02462121212121	19.981060606060606	21.519886363636363	29.474431818181817	0.0
63.0	30.191806772436657	18.92019891072697	19.77267345488989	31.115320861946483	0.0
64.0	28.561253561253565	19.254510921177587	20.417853751187085	31.76638176638177	0.0
65.0	29.467680608365022	19.367870722433462	19.700570342205324	31.4638783269962	0.0
66.0	29.802427993334916	17.424422756486553	19.2573196857891	33.515829564389435	0.0
67.0	28.697308883067397	19.93331745653727	19.075970469159323	32.29340319123601	0.0
68.0	27.996187753157013	20.014295925661184	20.109602096735763	31.879914224446033	0.0
69.0	28.663330950679054	19.7522039552061	19.728377412437457	31.856087681677387	0.0
70.0	28.85394329282821	21.37240886347391	18.370264474624733	31.403383369073147	0.0
71.0	28.700834326579262	22.526817640047675	19.451728247914183	29.32061978545888	0.0
72.0	28.843861740166865	19.61859356376639	20.452920143027413	31.08462455303933	0.0
73.0	29.74970202622169	16.924910607866508	21.33492252681764	31.99046483909416	0.0
74.0	29.399141630901287	17.71578445398188	21.57844539818789	31.306628516928946	0.0
75.0	30.686695278969957	19.861707200762996	20.29089175011922	29.160705770147832	0.0
76.0	30.097782017648463	20.24803243501073	20.03338898163606	29.620796565704744	0.0
77.0	31.822519083969464	19.584923664122137	19.107824427480917	29.48473282442748	0.0
78.0	28.053435114503817	17.056297709923665	22.375954198473284	32.51431297709924	0.0
79.0	29.72328244274809	20.32442748091603	17.676526717557252	32.275763358778626	0.0
80.0	32.155645738839816	17.426593459059443	18.596323704941515	31.821437097159226	0.0
81.0	29.751671442215855	17.645654250238778	20.34383954154728	32.25883476599809	0.0
82.0	31.76498686410318	15.165989968951516	22.73704322904227	30.331979937903032	0.0
83.0	31.661891117478508	16.427889207258833	20.176695319961794	31.733524355300858	0.0
84.0	28.73865265169613	17.319636884854276	19.875776397515526	34.065934065934066	0.0
85.0	29.550883898709984	16.88963210702341	20.80745341614907	32.752030578117534	0.0
86.0	29.455327281414238	19.995222169135214	19.25465838509317	31.294792164357382	0.0
87.0	31.90828755672319	17.148316216861716	19.08287556723191	31.860520659183184	0.0
88.0	31.956054454263196	17.339383807021733	18.151421065201813	32.553140673513255	0.0
89.0	31.509794553272812	15.695174390826564	18.46631629240325	34.32871476349737	0.0
90.0	29.956999522216915	17.20019111323459	19.469660774008602	33.3731485905399	0.0
91.0	30.14811275680841	17.82130912565695	17.224080267558527	34.80649784997611	0.0
92.0	30.172001911132345	18.657429526994747	17.964644051600573	33.20592451027234	0.0
93.0	31.556299306717666	17.905809227826918	19.29237389433421	31.245517571121205	0.0
94.0	30.504422663160412	16.94955773368396	18.838154434616307	33.70786516853933	0.0
95.0	31.77145589289983	17.49940234281616	19.435811618455652	31.293330145828353	0.0
96.0	30.43270380109969	17.379870906048293	19.387999043748504	32.79942624910351	0.0
97.0	28.99832655988525	17.02127659574468	19.507530480516376	34.4728663638537	0.0
98.0	31.34863701578192	19.368723098995698	17.694882831181253	31.587757054041127	0.0
99.0	29.56230566850036	19.87562784022961	18.368811289165272	32.19325520210476	0.0
100.0	32.08133971291866	16.650717703349283	20.406698564593302	30.861244019138756	0.0
101.0	30.780277644806127	20.60794638583054	20.081378650071805	28.530397319291527	0.0
102.0	29.427270548765875	18.931224538701173	18.140426551641507	33.50107836089145	0.0
103.0	27.366403067337647	20.009585430146178	21.902707884016294	30.721303618499878	0.0
104.0	28.424082513792275	18.20580474934037	20.820340609258814	32.54977212760854	0.0
105.0	29.762190727840498	18.280086476098965	17.99183281287533	33.96588998318521	0.0
106.0	31.259010091302258	20.422873618452666	18.26045170591062	30.057664584334454	0.0
107.0	30.47871060861198	21.16911234063026	19.340870820303103	29.011306230454654	0.0
108.0	31.456077015643803	18.531889290012032	19.10950661853189	30.902527075812277	0.0
109.0	28.60582711293041	19.576209968697327	18.300024078979053	33.51793883939321	0.0
110.0	27.903614457831328	19.08433734939759	19.83132530120482	33.18072289156627	0.0
111.0	32.35223160434258	18.28709288299156	17.659831121833534	31.700844390832327	0.0
112.0	28.16799420709631	18.995896693217475	19.961380642046826	32.87472845763939	0.0
113.0	29.509780246317312	17.45955083313209	19.97102149239314	33.059647428157454	0.0
114.0	30.893719806763286	15.990338164251208	19.009661835748794	34.106280193236714	0.0
115.0	28.29185793669969	18.67600869775308	16.64653297898043	36.3856003865668	0.0
116.0	28.64394488759971	19.24099589074208	18.636693255982596	33.47836596567561	0.0
117.0	31.680773881499398	17.968561064087062	17.436517533252722	32.91414752116083	0.0
118.0	29.663682555044762	18.291797725623034	20.275828695862568	31.768691023469636	0.0
119.0	24.84877812726833	21.703363174449553	22.259859666102106	31.187999032180013	0.0
120.0	29.28069750544926	19.956405909421168	19.762654395737467	31.000242189392104	0.0
121.0	31.2984496124031	18.507751937984494	19.331395348837212	30.862403100775193	0.0
122.0	30.5064211291495	18.245699055003634	19.36031015265326	31.887569663193606	0.0
123.0	32.452738730004846	15.656810470189045	19.58313136209404	32.30731943771207	0.0
124.0	32.08050436469448	18.06498545101843	19.107662463627545	30.746847720659552	0.0
125.0	31.021101139946637	19.81566820276498	18.33616298811545	30.82706766917293	0.0
126.0	31.77298083919476	17.948096046568033	19.23356779044385	31.045355323793355	0.0
127.0	29.264741567580682	19.606891531181752	20.01941276389226	31.108954137345307	0.0
128.0	31.421628189550425	17.93438639125152	18.955042527339003	31.68894289185905	0.0
129.0	29.88086554826161	19.13445173839047	20.301483102358375	30.683199610989547	0.0
130.0	30.673801994648503	17.903186572610068	17.222087083434687	34.20092434930674	0.0
131.0	29.669260700389106	18.55544747081712	21.498054474708173	30.2772373540856	0.0
132.0	29.37454368459479	17.838890240934536	21.343392552932585	31.443173521538085	0.0
133.0	27.79265027987345	19.128741786322706	20.10221465076661	32.97639328303724	0.0
134.0	26.2837673399854	19.956193721100025	22.852275492820638	30.907763446093938	0.0
135.0	29.08250182526162	18.325626673156485	20.783645655877343	31.808225845704552	0.0
136.0	28.82882882882883	17.506695885074265	20.185049914779647	33.47942537131726	0.0
137.0	28.195763330898465	17.26320915510105	19.99026053080107	34.550766983199416	0.0
138.0	28.745432399512787	18.781973203410477	19.43970767356882	33.032886723507914	0.0
139.0	30.29490616621984	18.59614915915184	18.986107726054108	32.12283694857421	0.0
140.0	27.882037533512065	18.279307823543746	20.54594199366317	33.292712649281015	0.0
141.0	28.223251279551548	18.230563002680967	21.057762612722396	32.48842310504509	0.0
142.0	30.05850804485617	18.088737201365188	19.600195026816188	32.25255972696246	0.0
143.0	31.70731707317073	18.341463414634145	20.097560975609756	29.853658536585364	0.0
144.0	30.29268292682927	19.0	18.926829268292682	31.78048780487805	0.0
145.0	30.485721259458142	17.42738589211618	19.428850378325606	32.65804247010007	0.0
146.0	29.579872984855886	17.2447484123107	18.83243771372741	34.34294088910601	0.0
147.0	29.68596663395486	18.719332679097153	19.062806673209028	32.53189401373896	0.0
148.0	28.448699067255767	19.783996072655867	19.83308787432499	31.934216985763374	0.0
149.0	28.964162984781545	20.054000981836033	19.661266568483065	31.32056946489936	0.0
150.0	28.83480825958702	17.158308751229107	20.13274336283186	33.87413962635202	0.0
151.0	29.30907302680108	19.227932136710105	19.375461027784606	32.08753380870421	0.0
152.0	28.641732283464567	18.208661417322837	20.59547244094488	32.55413385826771	0.0
153.0	31.117676021664202	18.41457410142787	16.691285081240768	33.77646479566716	0.0
154.0	31.09347879990082	16.786511281924128	19.48921398462683	32.63079593354823	0.0
155.0	29.630547979171833	19.26605504587156	20.158690800892636	30.944706174063974	0.0
156.0	31.853138179111884	15.355991069213596	19.5484991317291	33.24237161994542	0.0
157.0	29.858525688756515	18.217920079424175	21.34524695954331	30.578307272276	0.0
158.0	30.998509687034275	18.529557873820167	19.324391455538997	31.147540983606557	0.0
159.0	29.751243781094526	16.144278606965173	22.53731343283582	31.56716417910448	0.0
160.0	26.10102015426723	18.41254043294352	23.48842995770092	31.998009455088333	0.0
161.0	29.094076655052266	17.770034843205575	22.722747635639625	30.413140866102538	0.0
162.0	28.983688833124216	17.94228356336261	22.634880803011292	30.43914680050188	0.0
163.0	29.67612352498117	16.72106452422797	20.763243786090886	32.83956816469997	0.0
164.0	31.69811320754717	17.459119496855347	20.9811320754717	29.861635220125788	0.0
165.0	31.58027176648213	16.10468042274786	22.093608454957224	30.221439355812784	0.0
166.0	30.13595166163142	18.756294058408862	21.424974823766366	29.68277945619335	0.0
167.0	29.227662796567387	18.12216052498738	20.747097425542655	31.90307925290257	0.0
168.0	28.098964907851553	19.16182782125726	18.90936632163595	33.82984094925524	0.0
169.0	26.452753916119253	17.104598281960588	20.869125821121777	35.57352198079838	0.0
170.0	28.78443265099823	16.477129138236037	20.267879706848625	34.47055850391711	0.0
171.0	28.30761447002277	17.202124968378445	17.83455603339236	36.65570452820642	0.0
172.0	28.06174089068826	19.50910931174089	19.762145748987855	32.667004048582996	0.0
173.0	25.347837085757654	18.214014672400708	20.38957753604857	36.04857070579307	0.0
174.0	28.763645595328764	19.395785732419395	17.085554709317087	34.755013962934754	0.0
175.0	27.22194007110208	18.41036058913154	20.340274250888775	34.02742508887761	0.0
176.0	28.952719877986784	17.183528215556684	18.962887646161665	34.90086426029487	0.0
177.0	29.087210780574623	19.98474446987033	18.408339689804222	32.51970505975083	0.0
178.0	31.491853360488797	17.846232179226067	18.915478615071283	31.74643584521385	0.0
179.0	27.85132382892057	19.34826883910387	20.926680244399183	31.873727087576377	0.0
180.0	29.87012987012987	18.46193022663611	17.44334097275274	34.22459893048128	0.0
181.0	29.332313965341488	17.533129459734965	19.367991845056064	33.76656472986748	0.0
182.0	33.46085182351441	17.98010711553175	19.408314205559808	29.150726855394034	0.0
183.0	31.409601634320733	22.446373850868234	17.798774259448415	28.345250255362615	0.0
184.0	31.920326864147093	20.582226762002044	18.156281920326865	29.341164453524005	0.0
185.0	31.535905954510607	21.10912343470483	18.860209557883977	28.494761052900586	0.0
186.0	33.04325569490658	17.839774763245455	19.426670079344767	29.6902994625032	0.0
187.0	31.923671995874166	20.526044352759154	19.468798349664777	28.081485301701907	0.0
188.0	30.93395252837977	19.220846233230134	20.614035087719298	29.231166150670795	0.0
189.0	33.686112545172946	17.68198244708312	17.656169334021683	30.975735673722248	0.0
190.0	34.788223140495866	16.115702479338843	18.078512396694215	31.017561983471076	0.0
191.0	30.749354005167955	19.870801033591732	17.648578811369507	31.7312661498708	0.0
192.0	33.33333333333333	18.165374677002585	17.674418604651162	30.82687338501292	0.0
193.0	29.581492071744215	16.610345723940732	22.147127631920977	31.661034572394076	0.0
194.0	29.16233090530697	18.912591050988553	20.005202913631635	31.91987513007284	0.0
195.0	30.49257232212666	20.172009382329943	18.113109199895753	31.222309095647642	0.0
196.0	31.447196870925687	17.653194263363755	18.461538461538463	32.438070404172095	0.0
197.0	30.87160751565762	19.963465553235906	19.754697286012526	29.410229645093942	0.0
198.0	30.966057441253263	18.511749347258487	17.728459530026107	32.793733681462136	0.0
199.0	30.337078651685395	18.78756205905409	18.8920825712046	31.98327671805592	0.0
200.0	29.70995557878234	17.272014632871702	20.930232558139537	32.08779723020643	0.0
201.0	31.081434930610108	16.496465043205028	18.3032207384132	34.11887928777167	0.0
202.0	30.948637316561843	16.58805031446541	19.49685534591195	32.9664570230608	0.0
203.0	31.795543905635647	15.674967234600262	21.022280471821755	31.50720838794233	0.0
204.0	30.107526881720432	18.48937844217152	19.80068187778652	31.602412798321534	0.0
205.0	32.178477690288716	16.089238845144358	22.23097112860892	29.50131233595801	0.0
206.0	29.25420168067227	18.198529411764707	21.192226890756302	31.35504201680672	0.0
207.0	29.08660173729929	18.057383521979467	19.636746512240062	33.219268228481184	0.0
208.0	28.971715569653718	17.420037007665872	21.570182394924664	32.03806502775575	0.0
209.0	29.74616604970915	17.18667371760973	19.645690111052353	33.421470121628765	0.0
210.0	30.917746627876223	17.08542713567839	20.1533985718064	31.843427664638984	0.0
211.0	29.804129168872418	17.019587083112757	22.022233986236103	31.15404976177872	0.0
212.0	29.411764705882355	16.34870164281929	22.655007949125597	31.584525702172762	0.0
213.0	30.56733828207847	18.10710498409332	20.174973488865326	31.15058324496288	0.0
214.0	29.336870026525197	20.26525198938992	20.02652519893899	30.371352785145888	0.0
215.0	30.877659574468087	20.29255319148936	20.18617021276596	28.643617021276597	0.0
216.0	34.13269384492406	17.932320810018652	18.491873168132162	29.44311217692513	0.0
217.0	30.122732123799363	18.14300960512273	19.290288153681963	32.44397011739594	0.0
218.0	28.006413682522712	18.278995189738108	20.309994655264564	33.404596472474616	0.0
219.0	28.464218708121148	18.49370142053069	21.76360225140713	31.278477619941036	0.0
220.0	29.31080718691338	19.656744435505498	21.48028962188254	29.552158755698578	0.0
221.0	31.204722296753424	18.80869331902334	17.547625436007515	32.43895894821572	0.0
222.0	32.088148347218485	18.301531846277882	18.516527815103466	31.09379199140016	0.0
223.0	31.334050564819794	19.069392146315224	19.04249596557289	30.554061323292093	0.0
224.0	33.83580080753701	16.339165545087482	19.703903095558548	30.12113055181696	0.0
225.0	36.295099623047925	17.447495961227787	18.847603661820138	27.409800753904147	0.0
226.0	33.26145552560647	18.221024258760107	19.137466307277627	29.380053908355798	0.0
227.0	30.364372469635626	18.65047233468286	18.380566801619434	32.60458839406208	0.0
228.0	29.00783995674507	18.35631251689646	19.032170856988376	33.6036766693701	0.0
229.0	31.160400324587506	20.719502299161483	16.932648093048417	31.187449283202596	0.0
230.0	30.02454322334333	21.298063812380693	16.77120261794382	31.906190346332153	0.0
231.0	30.80491132332879	19.64529331514325	17.27148703956344	32.27830832196453	0.0
232.0	29.08246859639541	17.42217367558711	19.279082468596396	34.21627525942108	0.0
233.0	29.365079365079367	18.96551724137931	20.607553366174056	31.06185002736727	0.0
234.0	28.101889893179948	19.090660093125173	20.651876198301835	32.15557381539304	0.0
235.0	26.864035087719294	19.188596491228072	20.449561403508774	33.497807017543856	0.0
236.0	27.997799779978	17.134213421342135	23.51485148514851	31.353135313531354	0.0
237.0	27.787021630615637	19.883527454242927	20.077648363838048	32.251802551303385	0.0
238.0	30.880311024715358	16.051096917522912	20.63315745626215	32.43543460149959	0.0
239.0	27.912149013066447	16.291353906032803	20.934111759799833	34.862385321100916	0.0
240.0	26.427179058758004	16.318574213311056	20.96908939014202	36.28515733778892	0.0
241.0	28.563427611313358	16.465975917110054	22.514701764211704	32.455894707364884	0.0
242.0	27.321178120617112	17.13884992987377	22.636746143057504	32.903225806451616	0.0
243.0	27.254679523539423	15.853658536585366	22.43335224049915	34.458309699376066	0.0
244.0	26.51149588418961	17.456713028668748	21.458983820607436	34.572807266534205	0.0
245.0	29.363274587834	16.25923820352473	21.546333143831724	32.83115406480955	0.0
246.0	27.655938479065796	15.83594417544859	21.53232697237254	34.97579037311308	0.0
247.0	27.50855188141391	17.81641961231471	22.83352337514253	31.84150513112885	0.0
248.0	26.65525114155251	17.80821917808219	22.57420091324201	32.96232876712329	0.0
249.0	28.008002286367535	18.090883109459845	20.148613889682768	33.752500714489855	0.0
250.0	27.002288329519452	18.363844393592675	20.966819221967963	33.66704805491991	0.0
251.0	27.147766323024054	18.012600229095074	21.191294387170675	33.6483390607102	0.0
252.0	28.08535178777393	19.319492502883506	20.040369088811996	32.554786620530564	0.0
253.0	31.022530329289427	15.540150202195264	20.075101097631425	33.36221837088388	0.0
254.0	30.321459600347524	16.825948450622647	20.532869968143643	32.319721980886186	0.0
255.0	29.38443670150987	18.32171893147503	18.234610917537747	34.05923344947735	0.0
256.0	30.324483775811213	18.938053097345133	19.02654867256637	31.710914454277283	0.0
257.0	30.34869976359338	17.87825059101655	17.671394799054376	34.1016548463357	0.0
258.0	29.632918886915334	18.768502072232092	18.53167554766134	33.066903493191234	0.0
259.0	31.415010382675764	18.51082764758232	16.90892910115693	33.16523286858499	0.0
260.0	30.520059435364043	18.48439821693908	18.098068350668647	32.89747399702823	0.0
261.0	30.434782608695656	18.939845145920188	18.61226920786182	32.013103037522335	0.0
262.0	30.13126491646778	16.855608591885442	21.032219570405726	31.980906921241047	0.0
263.0	30.376344086021508	20.579450418160093	18.130227001194744	30.913978494623656	0.0
264.0	30.88675853804673	18.9035350509287	19.203115638106652	31.006590772917914	0.0
265.0	30.84786530366807	19.302465423932652	18.701142513529764	31.14852675886951	0.0
266.0	33.06257521058965	18.501805054151625	19.855595667870034	28.58002406738869	0.0
267.0	30.87835798370057	17.71808028976758	19.981889526109267	31.421672200422577	0.0
268.0	31.33696309739867	16.93889897156685	22.171808832425892	29.552329098608592	0.0
269.0	31.48148148148148	19.216757741347905	20.9471766848816	28.35458409228901	0.0
270.0	31.588613406795226	21.120293847566572	16.89623507805326	30.39485766758494	0.0
271.0	33.47652654188401	18.748082233814053	17.305922061982205	30.46946916231973	0.0
272.0	31.499692685925012	17.762753534111862	18.408113091579594	32.32944068838353	0.0
273.0	31.629196181090236	16.599938404681243	19.46412072682476	32.30674468740376	0.0
274.0	31.60653715695344	18.563058896083874	19.549799568300955	30.280604378661735	0.0
275.0	30.88826988548437	19.59145775301764	19.52955741256577	29.99071494893222	0.0
276.0	32.13391739674593	18.366708385481854	19.336670838548184	30.16270337922403	0.0
277.0	29.3119698397738	19.415645617342133	19.82406534715677	31.448319195727304	0.0
278.0	28.64796722344784	19.22470847778128	23.321777497636305	28.805546801134575	0.0
279.0	30.458135860979464	20.221169036334913	19.873617693522906	29.44707740916272	0.0
280.0	29.721166032953107	22.211660329531053	20.56400506970849	27.50316856780735	0.0
281.0	28.985046134266625	17.69010499522749	21.730830416799236	31.594018453706653	0.0
282.0	29.242569511025884	19.271332694151486	22.53116011505273	28.954937679769895	0.0
283.0	27.727566171723694	19.916074887023886	21.110393802453196	31.245965138799225	0.0
284.0	27.32329842931937	19.535340314136125	23.20026178010471	29.941099476439792	0.0
285.0	28.825271470878576	19.282658769332016	21.553142481079302	30.338927278710102	0.0
286.0	27.930919960146134	17.834606443042176	23.08203254732647	31.15244104948522	0.0
287.0	26.049300466355763	20.019986675549635	24.250499666888743	29.680213191205862	0.0
288.0	25.1846877098724	19.543317662860982	21.42377434519812	33.8482202820685	0.0
289.0	27.671048196831816	18.368722615436468	20.626895854398384	33.33333333333333	0.0
290.0	30.17591339648173	16.136671177266575	21.650879566982407	32.036535859269286	0.0
291.0	28.585995921142082	17.43711760707002	23.283480625424883	30.69340584636302	0.0
292.0	27.942681678607983	18.150801774138518	23.712043671102013	30.194472876151483	0.0
293.0	29.252400548696844	17.48971193415638	22.839506172839506	30.41838134430727	0.0
294.0	30.5728088336784	19.082125603864732	20.25534851621808	30.089717046238786	0.0
295.0	31.352102884949602	17.796315606534584	22.002085505735142	28.849496002780672	0.0
296.0	30.38018835019184	17.439832577607255	22.113707708406	30.066271363794904	0.0
297.0	28.370786516853936	18.855337078651687	22.6123595505618	30.161516853932586	0.0
298.0	27.98573975044563	20.32085561497326	23.24420677361854	28.449197860962567	0.0
299.0	29.553264604810998	17.373043146239024	22.069492172584955	31.004200076365024	0.0
300.0	29.980013324450365	8.860759493670885	22.25183211192538	38.90739506995337	0.0
