# Position (bp)	A	C	G	T	N
0.0	40.663073174333604	13.187624603116003	20.158015210810014	25.991287011740383	0.0
1.0	18.619416758951644	39.90402362495386	21.12218530823182	20.35437430786268	0.0
2.0	25.86599985290873	31.7717143487534	15.834375229830108	26.527910568507757	0.0
3.0	38.7567884925877	16.835461617495966	19.44077498899163	24.9669749009247	0.0
4.0	40.148126420767035	17.071203343843955	17.203197184131408	25.57747305125761	0.0
5.0	24.829707756537026	30.117922800849627	15.945213506189116	29.107155936424228	0.0
6.0	23.12815633462636	33.6382932006148	17.404669545487813	25.828880919271025	0.0
7.0	40.00877706260971	14.540667056758338	18.907255705090698	26.54330017554125	0.0
8.0	42.01140184183599	16.63499488378892	16.722701359450372	24.63090191492472	0.0
9.0	24.770039421813404	32.00467221492189	15.615418309242223	27.609870054022483	0.0
10.0	24.644342306850515	12.949587801853069	18.43583570438462	43.9702341869118	0.0
11.0	22.250546249089584	17.174071376547705	15.18572469045885	45.38965768390386	0.0
12.0	24.96910663662136	14.072835647306825	15.155920622228683	45.802137093843136	0.0
13.0	23.415518491660624	30.07976794778825	16.424945612762873	30.07976794778825	0.0
14.0	22.547743055555554	17.54195601851852	37.07320601851852	22.83709490740741	0.0
15.0	39.70747171986454	17.12659413502414	17.616542978600762	25.549391166510553	0.0
16.0	21.883317746924682	16.890871160348176	20.581253147255595	40.64455794547155	0.0
17.0	27.007456266131346	30.62087754516777	15.973616289073703	26.398049899627186	0.0
18.0	22.597495527728086	16.43649373881932	18.382826475849733	42.583184257602866	0.0
19.0	25.160599571734476	33.98286937901499	16.680942184154176	24.17558886509636	0.0
20.0	24.16346290758935	17.46404670368788	15.912003417343016	42.46048697137975	0.0
21.0	23.062717522551317	18.74422899353647	17.74273741032744	40.450316073584766	0.0
22.0	25.618136733970953	15.005313496280554	32.221041445270984	27.155508324477506	0.0
23.0	22.828239954725525	20.614035087719298	16.199773627617432	40.35795132993775	0.0
24.0	41.281942679655515	12.699421149230552	17.309049837639417	28.70958633347452	0.0
25.0	25.429940795038057	14.885819001973498	29.92669861855089	29.757541584437554	0.0
26.0	41.58401913202504	13.67377083772948	16.52247309558979	28.219736934655693	0.0
27.0	21.543430938838565	18.151815181518153	16.49462818622288	43.8101256934204	0.0
28.0	23.46838637319501	30.96172718351325	13.605775970839758	31.964110472451985	0.0
29.0	24.761971436572388	12.209465135816298	15.520862503500421	47.50770092411089	0.0
30.0	24.553602935987016	17.383019267414777	29.966828992871765	28.096548803726446	0.0
31.0	27.321200056874734	14.545713066969999	15.619223659889094	42.513863216266174	0.0
32.0	25.947375947375946	15.3010153010153	15.129415129415131	43.62219362219362	0.0
33.0	24.509521061742642	31.015579919215234	17.996249278707445	26.47864974033468	0.0
34.0	27.972483707458363	15.778421433743665	16.328747284576394	39.92034757422157	0.0
35.0	25.79310344827586	29.96733212341198	15.215970961887477	29.02359346642468	0.0
36.0	25.09303174024079	15.519883254286757	16.490331995622036	42.89675300985042	0.0
37.0	39.75806451612903	18.43108504398827	16.517595307917887	25.29325513196481	0.0
38.0	40.94418707257886	17.427752040591223	14.890800794176043	26.73726009265387	0.0
39.0	41.30418728306625	16.187873864559485	14.69610811609187	27.8118307362824	0.0
40.0	24.81789802289282	31.143154452207522	16.66418908874684	27.374758436152817	0.0
41.0	24.998094076389417	13.981855607227262	34.79454143477929	26.225508881604025	0.0
42.0	42.98972235005369	16.367541033900906	15.34744592728946	25.295290688755944	0.0
43.0	43.25929353694277	16.53555452722505	15.324695357087768	24.880456578744408	0.0
44.0	25.458644278606968	32.46268656716418	14.474502487562187	27.604166666666668	0.0
45.0	31.268309495088747	15.474754437359985	17.52541788729967	35.73151818025159	0.0
46.0	29.608220937700708	16.166620790898246	21.249655931736857	32.97550233966419	0.0
47.0	32.55068363979255	17.925506836397926	18.67043847241867	30.853371051390855	0.0
48.0	27.483663225684253	21.318306657827446	18.230893076995926	32.96713703949238	0.0
49.0	27.430423179565384	19.738848646587876	20.80632863133816	32.02439954250858	0.0
50.0	26.580942327991558	24.22032434507245	18.481911524805682	30.716821802130312	0.0
51.0	28.073909258005227	19.792976685692174	16.397407371577827	35.735706684724775	0.0
52.0	26.953810173455466	17.491717014227245	21.652699278893003	33.90177353342428	0.0
53.0	30.367978077901743	19.260129183793307	22.166764533176746	28.205128205128204	0.0
54.0	29.892536724834862	23.04052055604851	18.71241250123238	28.354530217884253	0.0
55.0	30.512337726687143	17.44128431275394	18.481815479139826	33.56456248141909	0.0
56.0	28.239401496259354	18.892768079800497	21.366583541147133	31.501246882793016	0.0
57.0	32.9454253611557	17.806982343499197	19.131219903691814	30.11637239165329	0.0
58.0	28.80894800483676	20.294236195082625	18.752519145505843	32.14429665457477	0.0
59.0	27.76820990781076	21.639144970114476	18.447978928173438	32.14466619390133	0.0
60.0	29.556146451217018	17.212108815708735	18.73593781959501	34.495806913479235	0.0
61.0	29.81046559538525	17.954264524103834	21.714050267820355	30.521219612690565	0.0
62.0	28.98234683281412	19.428868120456904	20.8411214953271	30.74766355140187	0.0
63.0	34.847051403342796	16.48270787343635	18.88994008199306	29.780300641227793	0.0
64.0	27.53577106518283	18.993110757816638	22.204557498675147	31.266560678325384	0.0
65.0	30.79297498669505	18.24374667376264	20.17030335284726	30.79297498669505	0.0
66.0	27.846879691185933	16.92043748659661	21.230967188505254	34.0017156337122	0.0
67.0	29.926692539887885	16.526520051746445	20.09486847779215	33.45191893057352	0.0
68.0	24.959287808055585	19.997828683096298	20.43209206383672	34.6107914450114	0.0
69.0	27.923287671232877	19.156164383561645	21.95068493150685	30.969863013698628	0.0
70.0	28.57457832653511	19.876529599823613	20.119060743027227	31.429831330614043	0.0
71.0	25.92182482560071	21.193666260657736	20.27460967777655	32.60989923596501	0.0
72.0	28.354881854658938	17.978154257690594	20.062416406598306	33.60454748105216	0.0
73.0	28.782618434315154	17.773546869750252	22.186135065516854	31.25769963041774	0.0
74.0	29.438252842508163	17.347742879657773	21.27659574468085	31.937408533153217	0.0
75.0	30.179925314020593	19.81441665723662	20.425483761457507	29.580174267285276	0.0
76.0	29.616963064295486	19.550843593251255	18.661650706794344	32.17054263565892	0.0
77.0	29.916101597517525	19.181703252499712	18.492127341684863	32.410067808297896	0.0
78.0	31.17993759389807	17.392811741592514	19.010747717554604	32.416502946954814	0.0
79.0	29.72438655657635	19.641818816141413	17.932317711361787	32.70147691592046	0.0
80.0	29.793959260126435	18.016857878716927	21.56403652540389	30.625146335752753	0.0
81.0	26.554602092394497	19.536852004231807	18.196779123075117	35.711766780298575	0.0
82.0	32.437212592854614	17.144204692842823	19.974059662775616	30.444523051526946	0.0
83.0	30.60982830076969	19.550029603315572	19.550029603315572	30.29011249259917	0.0
84.0	27.874895944821027	19.110476870020214	20.525627304078963	32.48899988107979	0.0
85.0	31.753441053261522	16.97187312986236	19.916217833632555	31.358467983243564	0.0
86.0	30.83132530120482	17.91566265060241	20.867469879518072	30.3855421686747	0.0
87.0	29.90314769975787	19.10411622276029	22.675544794188863	28.31719128329298	0.0
88.0	33.33333333333333	18.45891246037552	16.934893928310167	31.27286027798098	0.0
89.0	30.11147862305525	16.58703907877006	17.395565355874066	35.90591694230063	0.0
90.0	31.18689977837971	16.461462693917756	18.148239349913815	34.20339817778873	0.0
91.0	28.458595581883255	20.42453412316426	17.85758361100827	33.25928668394422	0.0
92.0	29.74378017081322	17.489788340141107	18.393365515534104	34.37306597351157	0.0
93.0	33.511763973608865	18.03809286692394	17.801568529814517	30.648574629652682	0.0
94.0	30.641330166270787	15.601950243780472	20.22752844105513	33.52919114889361	0.0
95.0	30.505709624796083	16.81515874011796	21.508344836240433	31.17078679884553	0.0
96.0	28.441640378548893	17.968454258675077	20.22712933753943	33.3627760252366	0.0
97.0	31.066852721045287	16.52924013700368	19.294684764683495	33.109222377267535	0.0
98.0	30.29839326702372	20.849273144605966	17.98010711553175	30.87222647283856	0.0
99.0	29.68469623173545	18.59779543706742	19.546270187131505	32.171238144065626	0.0
100.0	31.00735199277699	14.175158003353541	19.760092867277184	35.057397136592286	0.0
101.0	32.553606237816766	18.71345029239766	19.40220922677063	29.330734243014945	0.0
102.0	31.2753965133045	15.781884912832611	19.9501900642286	32.99252850963429	0.0
103.0	31.353135313531354	17.412541254125415	19.815181518151814	31.419141914191417	0.0
104.0	28.11586500132873	18.72176454956152	19.837895296306137	33.324475152803615	0.0
105.0	30.523644135720012	18.47448570665242	18.56799358803099	32.433876569596585	0.0
106.0	31.35251411669804	17.9349287442861	19.66926593170207	31.043291207313793	0.0
107.0	31.46097758574129	19.052119902781527	18.930596813394544	30.556305698082635	0.0
108.0	33.94021739130435	17.77173913043478	16.467391304347824	31.820652173913043	0.0
109.0	30.83014746040415	18.391589295466957	20.849262697979245	29.92900054614965	0.0
110.0	25.841461739249898	20.126390987773046	20.55227366396483	33.47987360901223	0.0
111.0	29.993098688750862	17.860593512767426	19.392684610075914	32.7536231884058	0.0
112.0	26.10263522884882	19.084604715672675	20.84604715672677	33.96671289875173	0.0
113.0	29.08077994428969	19.568245125348188	17.89693593314763	33.45403899721448	0.0
114.0	30.097902097902097	16.97902097902098	20.6013986013986	32.32167832167832	0.0
115.0	26.40686550365785	18.71131119864941	20.61057962858751	34.27124366910523	0.0
116.0	30.329608148252934	18.093082472768426	17.90918093082473	33.66812844815391	0.0
117.0	28.91891891891892	19.80085348506401	20.73968705547653	30.54054054054054	0.0
118.0	29.24352924352924	15.644215644215645	21.793221793221793	33.31903331903332	0.0
119.0	23.72661870503597	20.992805755395683	25.482014388489212	29.798561151079138	0.0
120.0	25.660649819494587	20.592057761732853	21.400722021660652	32.34657039711191	0.0
121.0	28.900812064965198	19.069025522041763	19.64907192575406	32.38109048723898	0.0
122.0	28.856228172293363	17.782305005820724	21.842258440046567	31.51920838183935	0.0
123.0	31.163130943672275	18.50768105340161	18.27359180687637	32.05559619604975	0.0
124.0	31.508462104488594	16.350257542310523	20.132450331125828	32.00883002207506	0.0
125.0	28.28567195140021	19.0398577567047	19.26211290561565	33.41235738627945	0.0
126.0	28.799403430275916	19.671886651752423	18.911260253542135	32.61744966442953	0.0
127.0	28.56714178544636	18.289572393098275	20.765191297824455	32.37809452363091	0.0
128.0	31.14926946829342	17.06582316613948	20.24401265250791	31.5408947130592	0.0
129.0	31.391830559757945	17.276853252647502	18.593040847201213	32.73827534039334	0.0
130.0	30.287802649611695	19.29343688137658	17.161565402771433	33.25719506624029	0.0
131.0	30.957479351483634	19.715509330070358	18.109513612725603	31.217497705720405	0.0
132.0	30.162876459741856	17.255685310387218	21.742470805162874	30.838967424708052	0.0
133.0	29.55703040592684	20.481555795647477	18.891804290785615	31.069609507640067	0.0
134.0	26.785714285714285	22.32919254658385	18.959627329192546	31.925465838509314	0.0
135.0	28.348179403031725	17.143303641193935	19.12798874824191	35.38052820753242	0.0
136.0	25.495750708215297	17.94145420207743	20.223481271639912	36.33931381806736	0.0
137.0	28.530715642811906	16.545281823939202	20.202659911336287	34.721342621912605	0.0
138.0	30.107011659479316	18.383644785178085	18.86280146941383	32.646542085928765	0.0
139.0	29.420266581018144	18.64461217279589	18.83732134254055	33.09779990364542	0.0
140.0	29.970854922279795	16.628886010362695	20.045336787564764	33.354922279792746	0.0
141.0	29.78966248165661	17.5607369965759	19.501059840208708	33.14854068155878	0.0
142.0	30.285620485883125	16.2344057780696	19.041365725541695	34.43860801050558	0.0
143.0	32.381109643328934	19.105019815059446	19.154557463672393	29.359313077939238	0.0
144.0	29.983361064891845	17.57071547420965	17.95341098169717	34.49251247920133	0.0
145.0	28.116621983914207	18.36461126005362	19.01809651474531	34.50067024128686	0.0
146.0	28.797574941057597	18.20478275513641	18.777366116537557	34.22027618726844	0.0
147.0	29.894986449864497	17.3949864498645	18.56368563685637	34.146341463414636	0.0
148.0	26.17220801364024	20.682011935208866	20.767263427109974	32.37851662404092	0.0
149.0	29.898851362935027	20.075432881878967	17.023829933139037	33.00188582204697	0.0
150.0	28.969214804565897	17.312348668280872	18.626772742995502	35.09166378415773	0.0
151.0	28.10923638893721	19.655592276917723	21.047138632805705	31.188032701339363	0.0
152.0	29.453972698634935	18.65593279663983	16.24081204060203	35.6492824641232	0.0
153.0	31.339332980412916	18.634197988353627	18.616551967531322	31.409917063702135	0.0
154.0	31.08108108108108	16.37624466571835	21.301564722617357	31.241109530583216	0.0
155.0	29.6415770609319	21.11111111111111	17.34767025089606	31.899641577060933	0.0
156.0	31.36830719307734	16.495402920497565	19.03731746890211	33.09897241752299	0.0
157.0	30.023640661938533	19.148936170212767	20.22185851973086	30.605564648117838	0.0
158.0	27.882676443629695	22.25481209899175	17.69019248395967	32.17231897341888	0.0
159.0	35.93057607090103	13.330871491875923	18.648449039881832	32.09010339734121	0.0
160.0	27.230483271375466	18.605947955390334	23.58736059479554	30.576208178438662	0.0
161.0	29.48020266466504	18.74648151623194	20.491649465190466	31.281666353912552	0.0
162.0	30.99924299772899	18.50870552611658	20.060560181680547	30.431491294473883	0.0
163.0	30.078199504100706	17.032233454129315	16.822429906542055	36.067137135227924	0.0
164.0	31.152887013236143	16.305390370228277	20.947630922693268	31.59409169384232	0.0
165.0	30.594135802469136	16.261574074074073	20.582561728395063	32.56172839506173	0.0
166.0	29.822853805723188	20.12847965738758	19.213548763869966	30.83511777301927	0.0
167.0	27.06781654253234	19.031752254018034	22.461779694237556	31.43865150921207	0.0
168.0	28.57424571090515	17.747978702425556	20.252415697101164	33.425359889568135	0.0
169.0	25.79876959714229	19.388767612621553	20.18257590791824	34.629886882317926	0.0
170.0	29.95797478487092	16.50990594356614	18.711226736041624	34.82089253552132	0.0
171.0	31.52789005658852	17.320129345189976	16.75424413904608	34.39773645917543	0.0
172.0	30.122199592668025	19.89816700610998	17.026476578411405	32.95315682281059	0.0
173.0	28.600738613048833	17.890849405006154	18.711530570373412	34.796881411571604	0.0
174.0	29.07698675496689	19.846854304635762	18.977649006622517	32.098509933774835	0.0
175.0	28.199249687369736	19.362234264276783	21.77990829512297	30.65860775323051	0.0
176.0	28.442105263157895	19.389473684210525	18.31578947368421	33.85263157894737	0.0
177.0	29.044585987261147	21.146496815286625	18.768577494692146	31.040339702760082	0.0
178.0	27.091803980312434	19.473571581425208	20.992938155360584	32.44168628290178	0.0
179.0	24.075275794938353	18.991996539043914	24.594419208306295	32.33830845771145	0.0
180.0	30.300391815411405	14.78014801915542	20.766216804527645	34.15324336090553	0.0
181.0	27.394551845342708	19.573813708260104	19.991212653778557	33.04042179261863	0.0
182.0	32.31518370960602	17.220008853474987	19.43337760070828	31.031429836210712	0.0
183.0	27.359964293684445	22.673510377147956	21.51305512162464	28.453470207542956	0.0
184.0	28.668018931710616	19.923371647509576	19.359927879197656	32.048681541582155	0.0
185.0	26.706096451319382	21.633303002729754	23.316651501364877	28.343949044585987	0.0
186.0	29.401005944215818	17.78692272519433	22.519433013260173	30.292638317329672	0.0
187.0	29.7073058308366	21.687024660059922	17.354229085042636	31.251440424060846	0.0
188.0	28.05387830933581	19.298653042266604	19.925685090571296	32.72178355782629	0.0
189.0	29.62875939849624	18.139097744360903	20.112781954887218	32.119360902255636	0.0
190.0	31.32558691012568	15.698363765710221	19.777092719943088	33.19895660422101	0.0
191.0	27.870813397129186	19.569377990430624	20.239234449760765	32.32057416267943	0.0
192.0	32.383482250664095	18.691137406423568	20.453996619174113	28.471383723738224	0.0
193.0	30.78239608801956	17.530562347188265	21.76039119804401	29.926650366748163	0.0
194.0	30.693313594868	19.467061435973353	21.934369602763386	27.905255366395266	0.0
195.0	28.183403937204087	18.315474707201595	20.68278096187391	32.818340393720405	0.0
196.0	28.3484390735146	18.10171198388721	21.75226586102719	31.797583081570995	0.0
197.0	28.366615463389657	19.329237071172557	22.939068100358423	29.365079365079367	0.0
198.0	28.339018630280766	21.2280241406455	20.41458934662818	30.018367882445553	0.0
199.0	28.42920353982301	22.345132743362832	18.55641592920354	30.669247787610622	0.0
200.0	27.856225930680363	16.30295250320924	21.822849807445444	34.017971758664956	0.0
201.0	31.380932022231722	18.170158187259513	18.93971782813168	31.509191962377088	0.0
202.0	37.18723037100949	17.25625539257981	16.738567730802416	28.817946505608283	0.0
203.0	36.066288704753596	17.05189707806367	18.360226777147844	28.52158744003489	0.0
204.0	35.402906208718626	17.437252311756936	21.57639806252752	25.583443416996914	0.0
205.0	36.21380846325167	16.748329621380847	21.514476614699333	25.52338530066815	0.0
206.0	28.78992352676563	20.872694556905085	19.838056680161944	30.49932523616734	0.0
207.0	27.020890099909174	24.38692098092643	15.622161671207992	32.9700272479564	0.0
208.0	30.82223242994947	15.434083601286176	20.808451998162607	32.93523197060175	0.0
209.0	26.14742698191933	18.6833565136764	21.001390820584145	34.16782568382012	0.0
210.0	28.104575163398692	17.6937441643324	18.907563025210084	35.294117647058826	0.0
211.0	30.634469696969695	18.418560606060606	21.070075757575758	29.876893939393938	0.0
212.0	26.67946257197697	16.218809980806142	25.38387715930902	31.71785028790787	0.0
213.0	28.932038834951456	20.388349514563107	16.990291262135923	33.689320388349515	0.0
214.0	30.128205128205128	25.14792899408284	18.786982248520708	25.93688362919132	0.0
215.0	30.919080919080923	22.02797202797203	17.382617382617383	29.67032967032967	0.0
216.0	31.287726358148895	16.64989939637827	17.806841046277665	34.25553319919517	0.0
217.0	25.038560411311057	18.303341902313626	25.398457583547557	31.259640102827763	0.0
218.0	27.097808658471408	17.958311063602352	19.02725815072154	35.916622127204704	0.0
219.0	19.52941176470588	21.823529411764707	25.23529411764706	33.411764705882355	0.0
220.0	0.08976660682226212	29.71274685816876	24.865350089766608	45.33213644524237	0.0
