# Position (bp)	A	C	G	T	N
0.0	27.34395735645404	23.649556533663628	23.05859063965319	25.947895470229142	0.0
1.0	27.1905475955522	19.758618028259082	15.131234391624815	37.9195999845639	0.0
2.0	28.234082996710974	19.675742985907902	17.90368225231627	34.18635432143392	1.374436309308645E-4
3.0	23.814698195139016	21.764112695766705	15.22737406790009	39.193540641957014	2.7439923717012066E-4
4.0	34.198870526658695	13.976890416996302	14.442668141241654	37.38061280635527	9.581087480803607E-4
5.0	36.00507061667888	14.901568773315537	22.12555656445208	26.957958187924604	0.009845857628898686
6.0	32.646028859409775	17.223555902297193	20.086269441024847	30.03622114161496	0.007924655653217068
7.0	35.233477565699914	16.6291407637807	20.475898539425412	27.660800428191262	6.827029027162018E-4
8.0	23.499502597546147	26.46699608491731	21.983823844477467	28.048312857273473	0.0013646157856024846
9.0	28.934271167068342	18.338359391090034	15.938126978541392	36.789106070959484	1.3639234075171275E-4
10.0	26.945488158016722	17.148653291378775	24.589225240357088	31.31622430783158	4.0900241584093623E-4
11.0	28.367478779486564	18.79058065430598	19.62727129002186	33.21303378382062	0.0016354923649764762
12.0	26.83165429986075	19.641694166119404	20.922155884428726	32.59700199195045	0.007493657640669579
13.0	27.694138989597434	21.191242124531147	18.46802552836803	32.646457162624856	1.3619487852778783E-4
14.0	31.862247052061853	18.005371526009135	20.519801373389154	29.61176287926869	8.171692711667271E-4
15.0	30.174656312224034	18.417769618191276	19.26095211115681	32.146349568670814	2.7238975705557567E-4
16.0	30.723113088055438	17.34945699101931	19.190403164079417	32.73471144391086	0.0023153129349723933
17.0	30.282250266260984	18.132986127189675	20.41370556301601	31.166972197177493	0.004085846355833635
18.0	31.48308051024049	18.09117429948164	18.515829930731282	31.90065400780669	0.009261251739889573
19.0	30.208024057463344	18.451001168552057	19.763783602681404	31.57705497642467	1.3619487852778783E-4
20.0	30.36573772679852	18.03097616317236	19.212194344643866	32.391091765385255	0.0
21.0	30.348849561861073	17.395354665083175	19.20238831338986	33.053407459665884	0.0
22.0	28.824692676256603	19.083626379313632	19.60402701016831	32.486564375233236	0.0010895590282223027
23.0	30.184598538356568	17.44424862647465	20.145401652316266	32.224525428945775	0.0012257539067500906
24.0	31.196798875575084	17.690352771974364	18.440241773148365	32.67083604588133	0.0017705334208612418
25.0	29.407470561477005	17.876939755557434	19.343350012666125	33.3715586959068	6.809743926389391E-4
26.0	32.007566987451	17.751912857068923	19.82084925678455	30.419534703816996	1.3619487852778783E-4
27.0	29.175939267979768	18.088995181425197	19.964943438266946	32.77012211232809	0.0
28.0	30.137883695021532	17.855557159628567	20.030861759474398	31.97270109854789	0.0029962873276113324
29.0	29.28326083225966	18.3041830894991	19.64352352494137	32.765627681336674	0.0034048719631946957
30.0	30.11493564067188	17.95700843188235	19.51958291396375	32.40629388058624	0.002179132895781607
31.0	30.425953543484034	18.264179724475134	19.644664174276627	31.662342438047762	0.0028601197164395595
32.0	29.213750948268462	18.122721261506904	19.589285689964903	33.07410590371177	1.3619654796229535E-4
33.0	29.693596956807756	18.184517364473482	19.585987478021163	32.534400030508195	0.001498170189409571
34.0	29.858775875994077	18.032804747331532	19.544607019938084	32.56353995993043	2.7239680587505435E-4
35.0	30.330031204436754	17.26804474907	19.476065243162957	32.92572253941434	1.3626391595241664E-4
36.0	30.96057085852281	17.25317946174016	18.986142834558965	32.7998342809483	2.7256422976074313E-4
37.0	28.95557500074964	18.714409161412377	19.103540206573385	33.225930438907106	5.451923574935326E-4
38.0	30.383082325485024	18.347110592494847	19.272713393022674	31.996003140778868	0.001090548218589485
39.0	29.734063878123745	18.611028535428602	19.55111858989219	32.10378899655546	0.0
40.0	29.882252422308024	18.392343609460752	19.675460542209375	32.04844206592609	0.0015013600957594767
41.0	29.67902347725705	18.32851766088103	20.496868105220738	31.493404919499717	0.002185837141471478
42.0	29.3465200363614	18.3719388417664	19.48861655810647	32.79128419987834	0.0016403638873890192
43.0	29.627132551540225	18.363567985230265	20.020650278642005	31.98550377790694	0.0031454066805702762
44.0	29.5945284046288	18.76845322628752	19.99091533475076	31.646103034332917	0.0
45.0	29.61986127003071	18.377067399552168	19.437524978511636	32.56527261479166	2.737371138253667E-4
46.0	30.180513224948726	17.566905178527907	19.254287599847746	32.99815707827077	1.369184048458162E-4
47.0	29.40948473036752	17.991979642316153	19.809160409892872	32.787183862865035	0.0021913545584283604
48.0	30.25413965008706	17.795666296323187	18.85463858631994	33.09418551605378	0.001369951216037197
49.0	29.429773891211784	17.461452967206757	20.169029989324276	32.938235668973114	0.0015074832840660387
50.0	29.770556905507622	18.48818776705739	19.533105517494832	32.20801268162645	1.3712831370570072E-4
51.0	30.325890908491942	18.21637113843569	19.22374767681593	32.23399027625644	0.0
52.0	29.92018864502086	17.82975776264367	19.716345387486328	32.533570788604344	1.3741624479879515E-4
53.0	31.332291592158327	17.707169856999013	19.394818071274905	31.554991279085765	0.010729200481988698
54.0	30.247222073074866	18.210617180949708	19.21357580563667	32.32555610166435	0.003028838674414987
55.0	29.09508534642879	18.296571261650048	18.183859962411194	34.42365669626371	8.267332462507647E-4
56.0	29.43500401963069	18.034972855427053	20.373253391175567	32.15594236552853	8.273682381607053E-4
57.0	28.051168200765233	18.64112579976185	19.692389206164357	33.61490285575518	4.1393755338069697E-4
58.0	30.51172024928828	17.978964575549977	22.072975084978367	29.435925898313137	4.141918702419709E-4
59.0	29.70959712872505	20.360263743796477	20.86746335240975	29.056042101713558	0.006633673355159961
60.0	31.084981500493964	19.077183204607024	19.708546301344086	30.12901226197625	2.7673157867063686E-4
61.0	28.9881438149565	20.86117719433641	19.46038216348705	30.69001971643253	2.771107875072915E-4
62.0	30.957733219848073	16.27925705105865	21.849152540019524	30.913857189073756	0.0
63.0	26.58354045266888	20.064885788480684	25.53965900151075	27.81052235844525	0.0013923988944352778
64.0	26.115051485386186	19.93010604119389	18.189037478681506	35.763571960910745	0.002233033827671197
65.0	27.608349628087964	19.240818290407493	18.732953448753346	34.41228386721383	0.005594765537363243
66.0	26.46806052678435	19.45992476912702	17.15659265552644	36.90799149271455	0.0074305558476371525
67.0	33.40448058987543	14.147477295448121	17.885801622888607	34.56111563397689	0.0011248578109423356
68.0	34.376934391131755	15.48662892060265	22.88217889817081	27.253973842772687	2.8394732209280533E-4
69.0	31.951243866049424	16.844106849041506	20.36493297695762	30.839716307951452	0.0
70.0	33.029056092825286	15.838532007405876	22.32675706892719	28.805654830841647	0.0
71.0	25.82778488118256	19.805245431297948	25.74748175637747	28.619487931142018	0.0
