# Position (bp)	A	C	G	T	N
0.0	26.040582978051653	23.881246297085248	24.485517750076514	25.59265297478659	0.0
1.0	26.57131450950946	20.301759732911854	15.818755057597517	37.308170699981176	0.0
2.0	28.426688830702464	19.35231004515637	17.90109824197809	34.319902882163085	0.0
3.0	22.914623507405665	22.271824533275414	15.34304488553196	39.47050707378696	0.0
4.0	33.88028047796965	13.288719959396506	14.919463014930956	37.91153654770289	0.0
5.0	34.575000593929545	14.884620208300758	23.21176102043173	27.328618177337972	0.0
6.0	30.805001472995702	17.475875120349897	21.444165590406094	30.27495781624831	0.0
7.0	35.09417435379824	17.014902738777575	20.219417660507155	27.671505246917032	0.0
8.0	22.703663236029985	26.975972284201294	22.4372257296508	27.883138750117915	0.0
9.0	27.34776385717425	18.723453447742212	15.756579070036283	38.17220362504725	0.0
10.0	26.223729332309624	16.752871098581327	25.099294274155643	31.924105294953403	0.0
11.0	28.082245229406823	18.172292018600768	19.532972660012014	34.2124900919804	0.0
12.0	25.959446418797334	19.674678575488162	21.056518423771678	33.30935658194283	0.0
13.0	26.421095563513735	20.84491254355627	18.89530985186207	33.83868204106792	0.0
14.0	30.552996976526124	18.333043982560504	20.244084986534485	30.869874054378887	0.0
15.0	29.5748532494368	18.51518994876903	20.100390216104284	31.809566585689886	0.0
16.0	30.157228652162665	17.4751569227276	18.754791724761258	33.612822700348474	0.0
17.0	30.4739814265808	17.756718013653213	19.646033539552732	32.123267020213255	0.0
18.0	31.62934041697173	17.704013357370854	18.990553905772746	31.67609231988467	0.0
19.0	30.081845524807026	18.379436786662296	19.92436274117801	31.614354947352663	0.0
20.0	29.62736454482085	17.695878388149076	20.136189605277206	32.540567461752865	0.0
21.0	29.107237539858243	18.216834082675874	20.42650718259774	32.24942119486814	0.0
22.0	29.63665967943249	19.163045638558486	22.489460795180122	28.710833886828908	0.0
23.0	29.815836174702675	20.058900491923936	21.18178866289143	28.943474670481955	0.0
24.0	32.58809280825905	19.411182917061847	17.89621409029153	30.10451018438757	0.0
25.0	28.974080938385967	21.019614115179838	19.843372147771372	30.16293279866283	0.0
26.0	32.0687806813679	16.599632586670225	22.0622713248412	29.269315407120683	0.0
27.0	26.062866876408	20.9061665138425	25.013165805451038	28.01780080429847	0.0
28.0	26.61087928520553	19.740310788971854	18.867396825041673	34.781413100780945	0.0
29.0	27.754097973481105	20.16314963909879	17.47874791083908	34.604004476581025	0.0
30.0	26.41909179342915	18.868830750113812	16.31899174873422	38.39308570772281	0.0
31.0	34.26794307439772	14.441570691293649	18.60339765534907	32.68708857895956	0.0
32.0	34.38159950636042	15.589799719055081	22.32747089713847	27.70112987744603	0.0
33.0	31.372820252957457	17.60458184305367	20.829380399660057	30.193217504328818	0.0
34.0	33.26195186178669	16.857291625701965	21.615294261466232	28.265462251045115	0.0
35.0	26.141140955300905	20.61746098261666	25.35630418480726	27.885093877275175	0.0
