# Position (bp)	A	C	G	T	N
0.0	25.47588779651043	24.44056468132588	25.516967641295235	24.56657988086845	0.0
1.0	24.964055135813297	20.232378689552952	15.136257404086889	39.66730877054686	0.0
2.0	27.26344952286398	18.827806727326678	18.907953376281583	35.00079037352776	0.0
3.0	22.975718320320837	22.688861358011348	15.266333524571307	39.06908679709651	0.0
4.0	33.24957891937414	13.67930277913213	14.231971100571783	38.83914720092195	0.0
5.0	34.85477408224808	15.268589720513837	23.20125606780994	26.67538012942815	0.0
6.0	32.163571078560295	17.73634946693502	20.52971515421649	29.570364300288194	0.0
7.0	34.16611538450893	17.286639965234624	19.969884770495934	28.577359879760518	0.0
8.0	23.294927750824066	26.22308818523244	21.959819439332005	28.52216462461149	0.0
9.0	29.237104044851165	18.55036209124644	15.690989642280966	36.521544221621426	0.0
10.0	26.23944534820668	16.576751546540066	24.786417006960814	32.39738609829244	0.0
11.0	27.42157223431652	18.243981510936045	19.9191725839601	34.415273670787336	0.0
12.0	26.15200362888058	19.352278007656054	21.31497134511982	33.180747018343546	0.0
13.0	26.61618619880971	21.135423350074117	18.275570255979115	33.97282019513706	0.0
14.0	30.321842068151213	18.068118029958217	20.217787449846117	31.392252452044456	0.0
15.0	29.9291121322208	18.83007370789996	18.88177429789493	32.35903986198431	0.0
16.0	29.358447381296592	17.02661687347794	18.747080270785016	34.867855474440454	0.0
17.0	29.791026462980568	18.004554197156946	20.368425706895408	31.83599363296708	0.0
18.0	30.616000088410487	17.4936731243162	18.650192845381106	33.24013394189221	0.0
19.0	29.367971203863057	18.021619202581267	19.51999071805256	33.09041887550312	0.0
20.0	30.16032589933025	17.6551819374439	19.631568045294483	32.55292411793137	0.0
21.0	29.621918352920385	17.39087213925952	19.45993858796501	33.527270919855084	0.0
22.0	28.693815571507454	18.49420209828824	19.381557150745444	33.43042517945886	0.0
23.0	29.10437048651752	17.739504427905743	20.245798458514606	32.910326627062126	0.0
24.0	29.910849824735724	18.598437801882366	18.555656758024895	32.935055615357015	0.0
25.0	29.294880640264935	17.818683593210984	19.235269766800055	33.65116599972403	0.0
26.0	30.680334993584346	17.73644779867272	19.83415885980767	31.749058347935268	0.0
27.0	29.153882659367824	18.217762228500796	19.49938195302843	33.12897315910295	0.0
28.0	29.485665732382866	17.49299287148816	19.560923396084835	33.46041800004414	0.0
29.0	29.33871759650023	18.073691585433803	19.648974728166426	32.93861608989954	0.0
30.0	29.70218916891027	18.124365538244252	19.282396168954406	32.89104912389107	0.0
31.0	29.584070137300717	18.066203388240744	19.436175994306033	32.9135504801525	0.0
32.0	29.27451705282209	18.244119383549172	19.534185652564958	32.94717791106378	0.0
33.0	30.164537856399814	17.73493483881471	19.590573081794325	32.50995422299115	0.0
34.0	29.36925352376958	18.093190874071457	19.456064636475016	33.08149096568395	0.0
35.0	29.885634804110968	18.00451499663307	19.57372470663561	32.53612549262036	0.0
36.0	29.89542480052329	17.534630702439536	18.925102739820545	33.644841757216625	0.0
37.0	28.898758425756732	18.880043722845738	18.940493869416642	33.280703981980885	0.0
38.0	29.872603552745996	17.797683951912326	19.63754813598156	32.69216435936012	0.0
39.0	28.589373367713723	18.801453252425308	19.953233100143006	32.65594027971797	0.0
40.0	29.908642391145296	18.06638818563071	19.37808356087608	32.64688586234791	0.0
41.0	29.473937064616862	18.13375080415593	20.400297089024548	31.992015042202652	0.0
42.0	29.629813719480204	18.608170275748186	18.95748076721286	32.804535237558746	0.0
43.0	29.609345871825678	18.20843172183327	19.321153872709445	32.8610685336316	0.0
44.0	29.450382522716602	18.05203413704532	20.378656060982685	32.118927279255395	0.0
45.0	29.14997873151437	18.908788580204288	19.297421817599258	32.64381087068208	0.0
46.0	29.855697782983164	17.624538006397472	19.335226425205377	33.18453778541399	0.0
47.0	29.374197201773406	17.80975926411889	19.695868955706256	33.120174578401446	0.0
48.0	30.24362753358546	18.403699580371672	18.97416205554343	32.37851083049944	0.0
49.0	29.145449572158384	18.188725537599503	19.045513948714266	33.620310941527855	0.0
50.0	29.178594718866403	18.4394791816343	19.744288351220806	32.63763774827849	0.0
51.0	29.44866484094985	18.15114392857044	19.443331389709478	32.95685984077023	0.0
52.0	29.271609203344156	18.236716644786842	19.183030470531335	33.308643681337664	0.0
53.0	30.333190530810793	17.98731360815909	19.627976396124986	32.05151946490513	0.0
54.0	29.910636545313324	17.91636376703033	19.489967687634234	32.68303200002211	0.0
55.0	28.74147873346197	17.90668487485556	18.983695562030398	34.36814082965207	0.0
56.0	28.89528438292237	18.168824454747273	20.300625081210793	32.63526608111956	0.0
57.0	28.43875626925012	18.150550477485996	19.29380733564473	34.11688591761915	0.0
58.0	29.359358279898135	17.687119974118836	19.138511224848127	33.8150105211349	0.0
59.0	29.556628451656074	17.755600904772177	20.17376492514614	32.51400571842561	0.0
60.0	29.62364848049111	18.145894975527472	19.734258772778805	32.49619777120261	0.0
61.0	29.694526025851626	17.60913932998158	19.673287205269883	33.02304743889691	0.0
62.0	28.62401508928843	18.05404598139836	20.04972606414607	33.27221286516714	0.0
63.0	28.81370932946864	17.717471872199667	19.930634687081678	33.53818411125001	0.0
64.0	28.672299586519713	18.030506271348166	19.612517804544137	33.68467633758799	0.0
65.0	29.070053687451075	17.96856200056979	20.545614971634993	32.41576934034414	0.0
66.0	29.95656864643559	18.03424714376608	20.17206561730615	31.837118592492185	0.0
67.0	28.856783989110646	17.602793163168755	19.481317124724033	34.05910572299656	0.0
68.0	29.302559789284967	17.923228455383526	19.98196084507354	32.79225091025797	0.0
69.0	29.354553981776878	17.769895049652888	19.71478297441403	33.1607679941562	0.0
70.0	28.26467137449361	18.086024837845617	19.694563123989994	33.954740663670776	0.0
71.0	29.400988482463568	17.530620264443964	20.592923439653312	32.47546781343916	0.0
72.0	29.357958130832845	17.928074040452124	19.96313476292221	32.750833065792825	0.0
73.0	29.676613954621324	17.58264571471278	19.26863767088972	33.47210265977618	0.0
74.0	29.122292200152263	17.9721780053983	20.400304519343898	32.505225275105545	0.0
75.0	30.023589607282876	17.60748222473254	19.251002281436197	33.11792588654839	0.0
76.0	28.986630927195595	18.147934827154614	19.39623184874229	33.4692023969075	0.0
77.0	28.966498935177366	17.991763894619943	20.896001861016416	32.14573530918627	0.0
78.0	29.78194216329549	18.096058451576095	18.631993818047864	33.49000556708055	0.0
79.0	29.34219309592198	17.888946439799135	19.058645608573176	33.710214855705715	0.0
80.0	30.137862835204466	18.036015523072706	19.889144652102015	31.936976989620813	0.0
81.0	29.828220960865625	18.167136212661397	19.693506968394985	32.311135858077996	0.0
82.0	29.68448289713904	17.81678454578447	18.410751240431843	34.087981316644644	0.0
83.0	29.662270737518703	18.262038011857925	19.91328198592564	32.162409264697736	0.0
84.0	30.11775462706417	18.158871772137868	18.9884184860911	32.73495511470686	0.0
85.0	29.513665683949192	17.199033538004567	19.091780639726906	34.19552013831933	0.0
86.0	30.2602811468664	17.26922320223676	20.075704044846056	32.39479160605078	0.0
87.0	29.405863769883055	18.33924513661808	19.957601285817216	32.29728980768165	0.0
88.0	29.423828395643376	17.58445805503977	19.14585816035252	33.84585538896433	0.0
89.0	29.331504115739587	18.25282004379036	20.198996701865248	32.2166791386048	0.0
90.0	29.850191937249686	18.142158289333278	19.64301057387159	32.36463919954545	0.0
91.0	29.43669428268118	18.108492409522675	19.57475587683387	32.880057430962275	0.0
92.0	28.821973854904698	18.43268026034217	20.27630864074333	32.469037244009805	0.0
93.0	29.81873019657198	18.357621842193534	19.426279270263603	32.397368690970886	0.0
94.0	29.548144924080916	17.437408687793344	19.49222789308952	33.52221849503622	0.0
95.0	30.0852544464006	17.830794183290127	20.200451917878482	31.88349945243079	0.0
96.0	29.64085387663207	18.599460435145467	19.40492595539856	32.354759732823894	0.0
97.0	29.653938940188002	18.09860521864515	19.29179491445526	32.95566092671159	0.0
98.0	28.842762063227955	17.62201885745979	20.859123682750973	32.67609539656129	0.0
99.0	29.20539039901045	18.515837555849536	19.282407985201086	32.996364059938934	0.0
100.0	29.337831598738408	18.18126192476067	19.59665800759847	32.88424846890245	0.0
101.0	29.544744563822782	18.401278575492857	20.226539924802804	31.827436935881558	0.0
102.0	29.776708265711566	17.750573619116906	19.397560020146624	33.075158095024904	0.0
103.0	28.946193816794537	17.428127886183656	19.51277710872122	34.11290118830059	0.0
104.0	29.89559115695143	17.774302179763566	19.449352552451003	32.880754110834005	0.0
105.0	29.99748269707795	17.985422270494098	19.35070555192574	32.66638948050222	0.0
106.0	28.887494071236052	17.90586116893924	19.765859976086137	33.44078478373857	0.0
107.0	29.48969466084199	17.787688341906858	20.21831122466438	32.504305772586775	0.0
108.0	28.87444710058833	18.385891581614395	20.354714496342634	32.38494682145465	0.0
109.0	28.341526906621993	18.01963584331551	19.881794177055887	33.75704307300661	0.0
110.0	29.09110827937335	17.571829719023704	21.16144172610433	32.17562027549861	0.0
111.0	29.160339786028512	18.525395737345516	19.778045796492812	32.53621868013316	0.0
112.0	28.698520359573532	17.924961092657547	19.092471719588396	34.28404682818053	0.0
113.0	30.127186704718707	17.615781296004243	20.223065015931134	32.03396698334592	0.0
114.0	29.929696032701152	18.345499638378175	18.76744056664822	32.95736376227245	0.0
115.0	29.219335446946925	17.349669723367587	20.195107317847878	33.23588751183761	0.0
116.0	29.90416128565138	17.916786107967056	20.2130143240903	31.966038282291265	0.0
117.0	29.88786740134559	18.28132658062408	19.44512928665845	32.38567673137188	0.0
118.0	29.13651784462155	17.88878180358832	19.704126298326386	33.27057405346375	0.0
119.0	30.184662710964925	17.85522611362798	19.799296608670364	32.160814566736725	0.0
120.0	29.189947497712055	18.234309522662684	19.662167043976687	32.91357593564857	0.0
121.0	29.195227215029195	17.533456642367533	19.523023730944523	33.748292411658745	0.0
122.0	29.225115988335926	17.838384022284327	20.219141337362963	32.717358652016785	0.0
123.0	28.634814990888202	18.52894748069457	19.37826455297337	33.45797297544386	0.0
124.0	28.873116528012098	17.95395464051367	19.41480322482861	33.75812560664562	0.0
125.0	28.509910026379536	18.07321630298609	20.185734117639818	33.231139552994556	0.0
126.0	29.15467236202681	17.8855975485189	19.722970254124494	33.236759835329806	0.0
127.0	29.683453685258964	17.36180278884462	18.978461155378486	33.97628237051793	0.0
128.0	28.79981225064539	17.583039974966752	20.935930532738794	32.681217241649065	0.0
129.0	29.693683038382414	18.054078878662246	19.116657125062126	33.13558095789321	0.0
130.0	29.669082667695022	17.608885994885622	19.417883886548047	33.304147450871305	0.0
131.0	29.53400623781181	18.1093459190609	20.075971720225883	32.28067612290141	0.0
132.0	30.235236688372808	18.251661460809306	18.75767717728736	32.755424673530534	0.0
133.0	29.473289440786733	18.103431696231095	19.58304217659164	32.84023668639053	0.0
134.0	30.139824759842355	17.30681851139319	20.182909734239505	32.370446994524954	0.0
135.0	29.039959829599756	18.114582827153892	19.956590051346843	32.88886729189951	0.0
136.0	28.320135562290222	18.373252517352626	19.579952422850067	33.726659497507086	0.0
137.0	30.455637850367705	17.69666328962856	22.668778135153655	29.178920724850084	0.0
138.0	29.841261461608763	19.889665002623097	19.699614289437996	30.569459246330137	0.0
139.0	30.2726358783109	18.968051468026584	19.5679366669874	31.19137598667512	0.0
140.0	28.676504942498816	20.89165214953645	19.77133016960013	30.660512738364602	0.0
141.0	30.877088205393182	16.84454927644669	20.88960317806491	31.388759340095223	0.0
142.0	26.618556979278424	19.571128789565666	24.14289859179639	29.66741563935953	0.0
143.0	26.53440562239461	18.84329813683557	19.40465570634385	35.217640534425975	0.0
144.0	27.53295848459208	19.12615661762699	18.259546360236918	35.08133853754401	0.0
145.0	27.24697301640718	19.128544644144856	16.75915306269616	36.86532927675181	0.0
146.0	33.06025863679451	14.235748337680848	19.06771745071855	33.63627557480609	0.0
147.0	33.78516624040921	16.04911887327891	21.943383666748414	28.22233121956347	0.0
148.0	31.12567593232972	16.899293697748504	20.611411923643388	31.363618446278384	0.0
149.0	32.696876307295526	16.71189029655699	22.64571667619753	27.945516719949953	0.0
150.0	26.873278641928117	18.31377968576945	25.244298077959755	29.568643594342674	0.0
