# Position (bp)	A	C	G	T	N
0.0	37.45494436608682	17.411064096536595	23.867732330355743	21.266259207020845	0.0
1.0	23.52295878388967	32.204983544898916	23.569973358407772	20.70208431280364	0.0
2.0	29.81852315394243	25.406758448060074	17.600125156445557	27.174593241551943	0.0
3.0	33.650992032494926	20.902983908764256	18.99703171379472	26.448992344946102	0.0
4.0	36.18482672494536	17.624102403996254	17.24945363721511	28.94161723384327	0.0
5.0	26.739469578783154	25.850234009360374	18.034321372854915	29.375975039001563	0.0
6.0	26.106608478802997	26.106608478802997	20.947630922693268	26.83915211970075	0.0
7.0	37.10505836575875	18.28793774319066	17.478599221789885	27.128404669260703	0.0
8.0	33.752913752913756	19.82905982905983	17.140637140637143	29.277389277389275	0.0
9.0	25.48897857808134	25.131946600434645	18.87612542688606	30.50294939459795	0.0
10.0	22.878858383744376	17.2173103769195	19.373351946641847	40.530479292694274	0.0
11.0	24.175824175824175	17.675282464014856	17.891967187741837	40.25692617241913	0.0
12.0	25.247218788627933	17.3053152039555	17.64524103831891	39.80222496909765	0.0
13.0	25.42399013259328	27.860006167129203	18.87141535615171	27.84458834412581	0.0
14.0	25.768757687576876	17.43542435424354	28.059655596555967	28.73616236162362	0.0
15.0	34.3285867401623	18.64951768488746	22.263053131220335	24.758842443729904	0.0
16.0	24.47637975844672	19.691178718850328	19.584161443204405	36.24828007949855	0.0
17.0	26.607606537345347	25.828623797159008	19.398197647777607	28.165572017718038	0.0
18.0	23.67216117216117	21.794871794871796	19.841269841269842	34.69169719169719	0.0
19.0	26.298157453936348	27.927516369727424	18.684330744632252	27.089995431703972	0.0
20.0	25.14842441771959	20.06393667224844	18.92221038209773	35.865428527934235	0.0
21.0	24.342405351984187	20.678120723734224	21.347118747149157	33.63235517713243	0.0
22.0	25.595509027461688	16.44666970110757	26.97617963890153	30.981641632529204	0.0
23.0	26.079054975011356	17.77979706194154	19.415417234590336	36.72573072845676	0.0
24.0	35.59450067986101	14.760537845596012	18.32603112252606	31.31893035201692	0.0
25.0	24.27213757731181	17.845828933474127	24.166540956403683	33.71549253281037	0.0
26.0	37.92168674698795	16.325301204819276	16.792168674698797	28.960843373493976	0.0
27.0	25.28216704288939	21.384499623777277	16.23777276147479	37.095560571858535	0.0
28.0	26.39494660851256	24.710482779365318	16.7393593021507	32.15521130997143	0.0
29.0	28.063063063063066	14.684684684684685	18.753753753753756	38.4984984984985	0.0
30.0	28.88955762864881	16.536262413481793	24.872103520914838	29.70207643695456	0.0
31.0	29.8685602054691	14.684997733796646	16.377096238102432	39.06934582263182	0.0
32.0	27.26170631913926	16.608577057129867	17.608728595241704	38.520988028489164	0.0
33.0	28.669097538742022	26.374962017623822	16.955332725615317	28.000607718018838	0.0
34.0	33.394049787492406	13.585306618093504	16.499696417729204	36.520947176684885	0.0
35.0	28.2274043590916	23.79210486206371	17.588782197835695	30.39170858100899	0.0
36.0	27.533577533577535	17.368742368742367	18.58974358974359	36.507936507936506	0.0
37.0	34.46431300626624	20.006113403637475	18.81399969432982	26.71557389576647	0.0
38.0	33.95071177100873	20.84800244910455	16.83759375478341	28.363692025103322	0.0
39.0	35.36080894744906	16.11766508349931	16.71518308564425	31.806342883407385	0.0
40.0	25.300833076211042	24.930576982412838	16.491823511261956	33.276766430114165	0.0
41.0	28.120161040569837	15.500154846701767	28.39888510374729	27.980799008981112	0.0
42.0	36.98651371880329	17.423655247248487	17.563168501007596	28.026662532940627	0.0
43.0	37.79822236082956	16.9811320754717	16.996725401528145	28.22392016217059	0.0
44.0	30.006277463904585	24.591964846202135	16.05461393596987	29.347143753923415	0.0
45.0	31.247914581247915	15.765765765765765	19.11911911911912	33.867200533867205	0.0
46.0	29.52688904016338	16.320626276378487	19.962559564329478	34.18992511912866	0.0
47.0	32.19904240766074	17.13406292749658	18.074555403556772	32.59233926128591	0.0
48.0	27.696793002915456	20.528211284513805	19.73932430114903	32.03567141142171	0.0
49.0	30.63712862785506	18.839086381590246	18.014769019405804	32.50901597114889	0.0
50.0	28.362573099415204	21.36222910216718	19.711042311661505	30.564155486756107	0.0
51.0	30.671256454388985	18.623063683304647	18.485370051635112	32.22030981067125	0.0
52.0	28.42395044735031	20.85340674466621	20.54370268410186	30.178940123881624	0.0
53.0	30.737351061992747	17.907097219823864	20.013814539803143	31.341737178380246	0.0
54.0	29.30885155032046	21.860384548761473	20.21479300190542	28.615970899012645	0.0
55.0	31.020124913254683	19.55239417071478	17.574600971547536	31.852879944482996	0.0
56.0	28.206908522825895	19.00711681999653	20.239541746224614	32.54643291095296	0.0
57.0	31.486627301146232	18.54810698159083	20.215352552969783	29.749913164293158	0.0
58.0	28.94919972164231	21.816283924843425	18.73695198329854	30.49756437021573	0.0
59.0	26.527415143603132	19.982593559617058	20.922541340295908	32.5674499564839	0.0
60.0	29.867411025819955	16.85275645498953	21.73761339846476	31.54221912072575	0.0
61.0	31.83246073298429	18.81326352530541	21.343804537521816	28.01047120418848	0.0
62.0	29.30281320985497	19.045954918748908	21.422330945308403	30.228900926087714	0.0
63.0	30.831146106736657	18.600174978127733	20.594925634295713	29.973753280839894	0.0
64.0	26.556744430801615	20.189440449044028	22.031222592527627	31.22259252762673	0.0
65.0	29.225352112676056	18.098591549295776	19.559859154929576	33.11619718309859	0.0
66.0	29.02486333979898	16.76952918356551	23.5760888732146	30.629518603420912	0.0
67.0	28.790820829655782	19.346866725507503	17.440423654015888	34.42188879082083	0.0
68.0	27.876966590065404	18.70249248718402	20.1697012550822	33.25083966766837	0.0
69.0	29.64077154485932	20.8989559370023	21.53601132542913	27.924261192709253	0.0
70.0	28.670212765957448	20.49645390070922	19.55673758865248	31.27659574468085	0.0
71.0	29.781566329248797	21.75457290001776	19.321612502219853	29.142248268513587	0.0
72.0	27.580071174377224	19.572953736654807	21.01423487544484	31.83274021352313	0.0
73.0	28.772241992882563	17.686832740213525	20.818505338078293	32.72241992882562	0.0
74.0	31.01051505970415	17.89342363215113	21.707360541792905	29.38870076635181	0.0
75.0	32.16196931858723	21.10239029611131	19.49696753478416	27.238672850517304	0.0
76.0	30.610060649304316	20.58508740635034	17.285051730288973	31.51980021405637	0.0
77.0	28.40321141837645	19.714540588760034	17.68064228367529	34.20160570918823	0.0
78.0	30.121341898643827	16.541755888650965	21.43112062812277	31.905781584582442	0.0
79.0	30.939621293319043	18.720971775634155	17.827795641300465	32.51161128974634	0.0
80.0	30.433225921947727	17.49015395631937	18.940207662012174	33.13641245972073	0.0
81.0	26.897541719002334	18.589628566301812	22.447514803516956	32.0653149111789	0.0
82.0	32.08700341542333	17.220923961891067	21.822757504943375	28.86931511774223	0.0
83.0	30.505123134999103	17.598418119719575	21.84073341722092	30.0557253280604	0.0
84.0	27.07659115426106	20.801869830996043	21.197411003236247	30.924128011506653	0.0
85.0	30.30738809994607	18.838756066870392	20.870034154233327	29.983821678950207	0.0
86.0	27.601728483975513	20.399711919337417	22.002160604969394	29.996398991717683	0.0
87.0	29.14790127904882	19.437939110070257	22.356332192397765	29.057827418483157	0.0
88.0	32.623217187217904	18.487091532767646	17.24137931034483	31.648311969669617	0.0
89.0	30.052374932273796	16.27234964782373	18.475708867617843	35.19956655228463	0.0
90.0	28.89210716871832	16.256335988414193	22.483707458363504	32.367849384503984	0.0
91.0	30.168508787823882	17.956151476716798	17.956151476716798	33.91918825874253	0.0
92.0	27.721335268505083	19.121915820029027	18.432510885341074	34.72423802612482	0.0
93.0	31.37718023255814	17.64171511627907	19.894622093023255	31.086482558139533	0.0
94.0	31.342196321252956	17.22819158623202	19.049353487525043	32.38025860498998	0.0
95.0	30.44509303174024	17.511856986501275	20.102152499087925	31.94089748267056	0.0
96.0	30.237226277372265	14.562043795620438	19.251824817518248	35.94890510948905	0.0
97.0	28.6105532225671	17.6008763921855	19.919664049662224	33.86890633558517	0.0
98.0	30.791735234960687	20.753336990309016	16.273541780947156	32.18138599378314	0.0
99.0	27.111192526103682	20.718080234475178	19.692251328082065	32.478475911339075	0.0
100.0	33.480257116620756	17.77777777777778	17.796143250688708	30.945821854912765	0.0
101.0	30.522827687776143	20.011045655375554	19.753313696612665	29.71281296023564	0.0
102.0	30.611490855348233	15.980048032514318	18.658784407906893	34.74967670423056	0.0
103.0	29.20911279866642	20.522318947953323	19.299870346360436	30.96869790701982	0.0
104.0	27.882832777159805	18.186874304783093	20.15202076381164	33.77827215424546	0.0
105.0	27.69630592166326	18.488954891405236	18.656023760905885	35.158715426025616	0.0
106.0	30.21957573502047	19.854856717528843	18.03126163007071	31.894305917379977	0.0
107.0	29.912460420935	20.00372508847085	19.705718010802755	30.378096479791395	0.0
108.0	31.975331713698374	18.37039805643805	17.940571855727903	31.713698374135674	0.0
109.0	28.089255578473654	20.026251640727548	19.538721170073128	32.34577161072567	0.0
110.0	24.51127819548872	18.684210526315788	20.714285714285715	36.09022556390977	0.0
111.0	28.2653636534486	21.31178349934223	19.47002443149784	30.95282841571133	0.0
112.0	26.16804822908817	19.51770911831198	18.858327053504144	35.455915599095704	0.0
113.0	29.52614687558996	15.744761185576742	20.08684160845762	34.64225033037568	0.0
114.0	30.916319575918212	15.52442256720939	22.756531616811813	30.802726240060586	0.0
115.0	27.082937938887834	20.61112165496299	18.105902448282407	34.20003795786677	0.0
116.0	30.932927987839637	17.537526125783774	19.26657799733992	32.26296788903667	0.0
117.0	27.538988208444277	20.406998858881703	19.817421072651197	32.23659186002282	0.0
118.0	28.813882532418	16.475972540045767	21.777269260106788	32.93287566742944	0.0
119.0	23.590135729306063	19.613840565857387	24.641559931179508	32.15446377365704	0.0
120.0	26.16267942583732	19.732057416267942	23.19617224880383	30.909090909090907	0.0
121.0	26.95552147239264	20.89723926380368	20.072852760736197	32.07438650306749	0.0
122.0	26.488666922781405	17.575873991548214	20.66845946984249	35.26699961582789	0.0
123.0	29.468412942989215	17.180277349768875	20.454545454545457	32.89676425269646	0.0
124.0	30.477663894797914	16.51518081608973	19.68671436859408	33.32044092051827	0.0
125.0	28.532608695652172	19.448757763975156	21.603260869565215	30.415372670807457	0.0
126.0	30.6555144913441	20.36568760941451	19.68488620890877	29.29391169033262	0.0
127.0	29.86937024761162	19.087541431078183	21.251705985572237	29.79138233573796	0.0
128.0	30.946341463414633	19.629268292682926	18.75121951219512	30.673170731707316	0.0
129.0	30.1094177413052	18.229777256740913	21.86400937866354	29.796795623290347	0.0
130.0	30.565889954963776	18.22988055609947	17.03544155081261	34.16878793812415	0.0
131.0	31.11894963746816	19.615912208504803	18.420536939055456	30.844601214971583	0.0
132.0	30.11977223640291	17.51423522481838	21.264480659729042	31.101511879049674	0.0
133.0	28.185936576718536	21.055741579673036	19.893637975182195	30.864683868426233	0.0
134.0	28.887571626160835	22.20904959494171	17.941118356056116	30.962260422841336	0.0
135.0	29.50365829543207	15.819655922483685	20.921494957484672	33.75519082459956	0.0
136.0	28.045157456922166	17.904535551594375	19.766290354525648	34.284016636957816	0.0
137.0	29.268292682926827	15.050565139797738	19.0164584572675	36.664683720007936	0.0
138.0	31.111995225780788	18.181818181818183	19.71354684702606	30.992639745374973	0.0
139.0	30.209371884346957	19.621136590229312	21.375872382851448	28.793619142572286	0.0
140.0	29.62147005808131	16.743440817144002	19.847786901662325	33.787302223112356	0.0
141.0	34.00200601805417	17.031093279839517	19.338014042126378	29.62888665997994	0.0
142.0	32.749597423510465	18.035426731078903	18.739935587761675	30.475040257648956	0.0
143.0	32.80903407945151	18.652954224642066	18.753781004234725	29.78423069167171	0.0
144.0	29.625884732052576	19.37310414560162	17.856420626895854	33.14459049544995	0.0
145.0	32.92831105710814	19.76508707978939	17.98298906439854	29.32361279870393	0.0
146.0	30.107526881720432	20.470683708663014	17.285453438831404	32.136335970785154	0.0
147.0	30.39853599023993	19.621797478649857	19.377795851972344	30.60187067913786	0.0
148.0	26.661231145536078	21.116999592335915	18.487566245413777	33.734203016714225	0.0
149.0	30.38854805725971	19.018404907975462	17.70961145194274	32.88343558282209	0.0
150.0	28.34290401968827	16.52994257588187	20.447087776866287	34.68006562756358	0.0
151.0	29.214638157894733	19.24342105263158	19.736842105263158	31.805098684210524	0.0
152.0	25.165016501650168	18.832508250825082	19.41006600660066	36.59240924092409	0.0
153.0	29.466501240694786	16.335814722911497	19.561621174524397	34.63606286186931	0.0
154.0	29.128630705394194	15.912863070539418	19.979253112033195	34.97925311203319	0.0
155.0	29.800083298625573	18.159100374843813	20.220741357767597	31.820074968763016	0.0
156.0	31.615191986644408	16.652754590984976	20.909849749582637	30.82220367278798	0.0
157.0	30.407523510971785	18.599791013584117	20.292580982236156	30.70010449320794	0.0
158.0	29.10197230381872	19.5132186319765	19.576164498531263	31.80864456567352	0.0
159.0	31.299957930164073	15.797223390828776	21.0980227177114	31.804795961295753	0.0
160.0	27.84330244313395	18.34456613310868	24.13647851727043	29.675652906486942	0.0
161.0	29.45900253592561	18.23753169907016	21.978021978021978	30.325443786982248	0.0
162.0	30.374920567676337	19.127303537386148	20.20758313916543	30.290192755772082	0.0
163.0	28.35314091680815	16.93548387096774	19.291171477079796	35.42020373514431	0.0
164.0	30.023389325962153	16.882840739953224	21.326812672762067	31.76695726132256	0.0
165.0	30.97872340425532	17.127659574468083	24.106382978723403	27.787234042553195	0.0
166.0	32.27456832231933	19.590705606480494	18.929865700277126	29.20486037092304	0.0
167.0	33.3974358974359	17.94871794871795	19.05982905982906	29.594017094017094	0.0
168.0	28.369402185558172	18.341547032354832	21.0842082708378	32.2048425112492	0.0
169.0	27.752736638763682	18.8881734277742	20.562352436145094	32.79673749731702	0.0
170.0	26.26936316695353	18.416523235800344	22.095524956970742	33.218588640275385	0.0
171.0	28.294155704119046	19.96980806555963	18.244554668967005	33.49148156135433	0.0
172.0	31.673522407447503	20.870318250703615	17.038319982680232	30.417839359168653	0.0
173.0	30.12152777777778	19.50954861111111	18.70659722222222	31.66232638888889	0.0
174.0	29.73031752936059	19.921705089169205	19.29099608525446	31.056981296215746	0.0
175.0	30.102374210411675	19.037246787192334	19.516445218906554	31.343933783489437	0.0
176.0	30.107057024251695	16.386279222197945	19.685383438933798	33.82128031461656	0.0
177.0	25.836797199737475	18.332968715817106	19.929993436884708	35.90024064756071	0.0
178.0	29.554922166191627	16.1806621354966	21.79346634509976	32.47094935321201	0.0
179.0	26.116611661166118	19.383938393839383	21.56215621562156	32.93729372937293	0.0
180.0	29.04719894133216	18.50463167181297	18.59285399205999	33.855315394794886	0.0
181.0	29.336283185840706	18.58407079646018	19.778761061946902	32.30088495575221	0.0
182.0	33.33333333333333	15.546684408959857	19.871368374362387	31.248613883344422	0.0
183.0	31.85958675849811	20.99533437013997	20.328815818706953	26.816263052654964	0.0
184.0	34.121320249776986	18.3764495985727	18.131132917038357	29.371097234611952	0.0
185.0	28.721737183792257	20.1925229460488	21.82672934855608	29.259010521602864	0.0
186.0	30.361554008533574	17.179429598023805	20.05389624971929	32.40512014372333	0.0
187.0	29.668096635809437	20.591555655904266	20.501241815308198	29.239105892978102	0.0
188.0	30.031659882406153	18.091361374943464	20.28493894165536	31.592039800995025	0.0
189.0	31.36188533877181	19.283933831860413	19.487876727849535	29.866304101518242	0.0
190.0	31.901840490797547	19.154737559645536	17.745966825721425	31.197455123835493	0.0
191.0	27.792977656178753	18.4906520747834	18.695850433196533	35.02051983584131	0.0
192.0	32.42749486184061	17.058689198447134	18.451701301667047	32.062114638045216	0.0
193.0	26.90634302724983	16.143805816349897	23.494389741241125	33.45546141515915	0.0
194.0	28.47270214236351	16.83943791753052	19.834139599170697	34.85372034093527	0.0
195.0	26.293900184842883	19.200554528650645	21.92698706099815	32.57855822550832	0.0
196.0	30.599953671531154	16.26129256428075	17.44266851980542	35.69608524438267	0.0
197.0	28.93942910187979	17.939197029473195	20.46878626131353	32.65258760733349	0.0
198.0	29.848661233993013	19.254947613504076	18.672875436554133	32.22351571594878	0.0
199.0	28.40457836953983	21.163279607568324	19.434711516000934	30.99743050689091	0.0
200.0	26.01873536299766	20.398126463700233	18.969555035128806	34.613583138173304	0.0
201.0	30.836073273837485	18.412400187881634	18.482855800845467	32.268670737435414	0.0
202.0	32.42860514514987	18.244040594760445	17.890016521123435	31.43733773896625	0.0
203.0	33.942125237191654	16.176470588235293	20.422201138519924	29.459203036053133	0.0
204.0	33.56343727683885	18.852654129969054	20.25708164722685	27.326826945965248	0.0
205.0	34.45558739255014	17.52626552053486	19.866284622731616	28.15186246418338	0.0
206.0	30.813397129186605	17.36842105263158	19.665071770334926	32.15311004784689	0.0
207.0	27.517423696226867	17.78418649363134	18.55323239605864	36.14515741408315	0.0
208.0	26.367799469751745	20.31814895155459	19.739696312364423	33.574355266329235	0.0
209.0	28.630203291384316	17.037754114230395	20.450145208131655	33.88189738625363	0.0
210.0	30.225782957028407	17.237193493566398	19.39791211459092	33.139111434814275	0.0
211.0	29.564794553853634	17.943107221006567	20.37442256260637	32.11767566253343	0.0
212.0	27.44810744810745	17.704517704517706	20.56166056166056	34.285714285714285	0.0
213.0	30.217763640812333	17.29875214093467	19.476388549057987	33.00709566919501	0.0
214.0	31.93215339233038	17.182890855457227	20.79646017699115	30.08849557522124	0.0
215.0	31.419418432725482	20.28092656481025	20.305569245933956	27.994085756530314	0.0
216.0	30.24233432245302	18.966369930761623	19.955489614243323	30.835806132542036	0.0
217.0	27.033730158730158	20.684523809523807	20.758928571428573	31.52281746031746	0.0
218.0	26.962372290057314	17.36855220533267	18.913531024171444	36.75554448043857	0.0
219.0	25.162907268170425	19.223057644110277	23.483709273182956	32.13032581453634	0.0
220.0	30.62405636638148	19.275289380976346	18.621036738802214	31.47961751383996	0.0
221.0	32.72773151652788	17.688619732525865	16.553116326015648	33.030532424930605	0.0
222.0	29.81790591805766	19.575113808801213	18.841679312089024	31.7653009610521	0.0
223.0	31.78353658536585	17.327235772357724	16.615853658536587	34.27337398373984	0.0
224.0	29.872448979591837	19.668367346938776	19.107142857142854	31.352040816326532	0.0
225.0	32.752434648897996	19.29779600205023	18.913377754997438	29.036391594054333	0.0
226.0	32.174137042761465	18.160741885625967	22.076249356002062	27.58887171561051	0.0
227.0	28.737713398861874	17.615106052767718	22.06414899120538	31.583031557165032	0.0
228.0	27.22785138997142	20.940504027020005	20.550792413613923	31.280852169394645	0.0
229.0	32.16710182767624	20.757180156657963	18.433420365535248	28.642297650130548	0.0
230.0	28.14795383001049	21.904512067156347	19.543546694648477	30.40398740818468	0.0
231.0	31.531769048246773	20.2478249406802	19.298708146585817	28.92169786448721	0.0
232.0	26.92613185067514	20.757214720677787	20.015885623510723	32.300767805136346	0.0
233.0	26.448697501329082	20.228601807549175	20.44125465178097	32.88144603934078	0.0
234.0	25.013319126265316	20.644645711241346	24.453915823122003	29.88811933937134	0.0
235.0	28.957942673452987	18.055183498526652	23.27886418430217	29.708009643718192	0.0
236.0	29.558902635825714	18.854222700376546	21.247982786444325	30.33889187735341	0.0
237.0	25.937921727395413	20.78272604588394	21.10661268556005	32.172739541160595	0.0
238.0	28.420482254131674	19.181793551882958	23.354104578704955	29.043619615280413	0.0
239.0	29.4421768707483	17.551020408163264	19.12925170068027	33.87755102040816	0.0
240.0	28.098495212038305	17.099863201094394	21.477428180574556	33.32421340629275	0.0
241.0	29.187259747391543	16.996155958264687	24.84898407468424	28.967600219659527	0.0
242.0	26.646375207526283	18.123962368566684	23.436635307138904	31.793027116768123	0.0
243.0	28.078954684459273	17.486794551014732	23.24159021406728	31.19266055045872	0.0
244.0	26.845637583892618	20.078299776286354	22.091722595078302	30.98434004474273	0.0
245.0	30.466554243957276	16.722878021360316	19.898819561551434	32.911748173130974	0.0
246.0	26.65148063781321	20.842824601366743	22.722095671981776	29.78359908883827	0.0
247.0	24.646464646464647	21.183261183261184	22.914862914862915	31.255411255411254	0.0
248.0	22.527636689572752	21.900209142515685	24.499551837466388	31.072602330445175	0.0
249.0	19.027181688125893	22.103004291845494	24.034334763948497	34.83547925608011	0.0
250.0	16.46825396825397	19.345238095238095	24.107142857142858	40.07936507936508	0.0
