# Position (bp)	A	C	G	T	N
0.0	26.194896680725567	23.964631907981214	23.936505450985287	25.90396596030793	0.0
1.0	26.824662153199025	20.550606935917504	15.573337231952175	37.0513936789313	0.0
2.0	29.06679627571852	19.676954385157785	17.631586270097596	33.6246630690261	0.0
3.0	23.35394026401355	22.693127375315086	15.081750717347475	38.871181643323894	0.0
4.0	34.209557984838476	13.24875190242379	14.984812139012421	37.556877973725314	0.0
5.0	35.16142815495738	14.863273991310482	23.428984296704673	26.546313557027464	0.0
6.0	31.568396368562528	17.433496125533278	20.956817568576252	30.041289937327942	0.0
7.0	35.29797277812755	17.18303041991857	20.183463440370673	27.335533361583202	0.0
8.0	22.71126437335821	26.97938099401838	22.77049637866943	27.53885825395398	0.0
9.0	27.462194161919978	18.78069971283419	15.535123336649756	38.22198278859608	0.0
10.0	26.904181939060024	16.654634199714224	24.85194316768833	31.589240693537423	0.0
11.0	28.05863115466248	18.771612774010613	19.176519350079882	33.99323672124702	0.0
12.0	26.04131219105567	20.181163888505115	20.692999626322823	33.08452429411639	0.0
13.0	26.274679615863572	20.981908646593187	19.09675828093662	33.64665345660662	0.0
14.0	30.511845010204265	18.5791365739088	20.315576404001593	30.593442011885347	0.0
15.0	29.69220312831777	18.643041862043578	20.012999885949647	31.651755123689	0.0
16.0	29.820625682099937	18.040225467351465	18.599869630245042	33.539279220303555	0.0
17.0	30.443785692892995	17.82788781524955	19.799901898150253	31.9284245937072	0.0
18.0	31.86837661837917	17.883169783888487	19.138057490651118	31.11039610708123	0.0
19.0	30.203204351345565	18.56571015817764	19.96839970662169	31.262685783855105	0.0
20.0	29.724118682838945	17.82458684563609	20.20950030181618	32.24179416970878	0.0
21.0	29.12849766011325	18.64458107821165	20.21862433018598	32.00829693148911	0.0
22.0	29.912700480587795	18.856659103490035	22.82920913033359	28.40143128558858	0.0
23.0	29.666629886200003	20.226264776707023	21.297559229687216	28.809546107405765	0.0
24.0	33.19149054541105	19.48484474779572	17.588344980996244	29.735319725796984	0.0
25.0	29.54694192055234	21.014213641349652	19.41659998275336	30.022244455344648	0.0
26.0	31.799390062412435	16.657360281361296	22.532993469458148	29.010256186768117	0.0
27.0	26.30659517038474	21.167949810426055	24.816986270377228	27.708468748811978	0.0
28.0	26.945277156270315	19.742505825376853	18.930930919792928	34.381286098559904	0.0
29.0	28.33311234145378	20.188396350017758	17.236921530574303	34.24156977795416	0.0
30.0	26.71454459158093	18.964506741889252	16.04516698912437	38.275781677405455	0.0
31.0	34.55087141014072	14.479857263242673	18.419809386023132	32.54946194059347	0.0
32.0	34.503596819930465	15.363869010796183	22.69187245722872	27.440661712044633	0.0
33.0	31.164325444025643	17.30261700976442	21.241772617169573	30.29128492904037	0.0
34.0	33.107518213572654	16.444720409726852	21.882458100011668	28.56530327668883	0.0
35.0	26.6371542839547	20.19323788269629	25.631449210553836	27.538158622795176	0.0
