# Position (bp)	A	C	G	T	N
0.0	29.923042100497966	18.967858759619737	19.28474422815754	31.82435491172476	0.0
1.0	23.99275690357628	21.661385242191038	25.124490719782706	29.221367134449977	0.0
2.0	28.01442416046879	19.69799414018481	20.306513409961685	31.981068289384716	0.0
3.0	31.008100810081007	20.544554455445542	19.08190819081908	29.365436543654365	0.0
4.0	29.275427542754272	20.049504950495052	19.644464446444644	31.030603060306028	0.0
5.0	33.67071524966262	18.71345029239766	17.63382816014395	29.98200629779577	0.0
6.0	31.24156545209177	17.971210076473234	18.93837156995052	31.84885290148448	0.0
7.0	31.047661870503596	20.45863309352518	19.154676258992804	29.339028776978417	0.0
8.0	30.845323741007196	21.740107913669064	20.23381294964029	27.180755395683455	0.0
9.0	29.46067415730337	19.707865168539325	16.876404494382022	33.955056179775276	0.0
10.0	28.56179775280899	17.528089887640448	21.43820224719101	32.47191011235955	0.0
11.0	25.724556279487754	19.096832172545493	20.107840934621432	35.07077061334532	0.0
12.0	27.43203774432712	18.917097281509772	19.20916647944282	34.441698494720285	0.0
13.0	30.66726578297012	19.92810604358571	19.36643450909908	30.03819366434509	0.0
14.0	28.308245338126266	21.118849696697374	20.062907211862502	30.50999775331386	0.0
15.0	26.241294091215455	20.377443271175018	21.118849696697374	32.26241294091216	0.0
16.0	27.836441249157495	19.613569984273198	23.050999775331384	29.498988991237923	0.0
17.0	29.94159928122192	18.643306379155437	20.50763701707098	30.90745732255166	0.0
18.0	28.77358490566038	20.889487870619945	20.10332434860737	30.233602875112307	0.0
19.0	26.909254267744835	20.260557053009883	22.259658580413298	30.570530098831988	0.0
20.0	27.78526504941599	21.20395327942498	19.339622641509436	31.671159029649598	0.0
21.0	26.094767572423084	20.99708061980687	20.952167078374128	31.955984729395915	0.0
22.0	27.779025376150912	20.974623849090502	18.45946552885695	32.78688524590164	0.0
23.0	29.17134516056591	21.311475409836063	17.80821917808219	31.708960251515833	0.0
24.0	26.762460709474627	18.275707229456668	18.11854512797485	36.84328693309385	0.0
25.0	28.01975752132914	18.74719353390211	16.56937584193983	36.66367310282892	0.0
26.0	31.185451279748538	18.545127974854065	17.781769196228108	32.487651549169286	0.0
27.0	29.07498877413561	20.27391109115402	18.096093399191737	32.55500673551863	0.0
28.0	30.632854578096946	18.3572710951526	16.651705565529625	34.358168761220824	0.0
29.0	28.000897464662327	19.67691272156159	16.333856854386358	35.98833295938972	0.0
30.0	32.001795332136446	17.10053859964093	17.998204667863554	32.899461400359066	0.0
31.0	31.363738485733546	18.06335654909009	16.94001348011683	33.63289148505954	0.0
32.0	29.602157788267025	18.071476736345247	18.85817037536525	33.46819510002248	0.0
33.0	29.24252641042931	18.54349291975725	20.43155765340526	31.782423016408178	0.0
34.0	33.063609799955046	17.217352213980668	20.45403461452012	29.265003371544168	0.0
35.0	30.815913688469323	18.723308608676106	19.487525286581253	30.973252416273322	0.0
36.0	29.040233760395594	17.914138008541244	17.801753202966957	35.2438750280962	0.0
37.0	30.211141060197665	19.67654986522911	18.35130278526505	31.761006289308174	0.0
38.0	29.59802380417696	19.447563440377273	18.055243655962272	32.899169099483494	0.0
39.0	30.916030534351147	18.006286484059274	17.17557251908397	33.90211046250561	0.0
40.0	27.593174674449934	16.614279299506062	21.329142343960488	34.46340368208352	0.0
41.0	29.084380610412925	16.02333931777379	22.329443447037704	32.562836624775585	0.0
42.0	31.01436265709156	17.52692998204668	20.17504488330341	31.283662477558348	0.0
43.0	28.96567197666592	18.4204621943011	20.843616782589187	31.770249046443794	0.0
44.0	29.764309764309765	19.16947250280584	18.069584736251404	32.996632996633	0.0
45.0	32.78725314183124	17.212746858168764	19.1427289048474	30.857271095152605	0.0
46.0	32.03230148048452	15.769403319874383	19.919246298788696	32.2790489008524	0.0
47.0	32.98945952007177	17.739403453689167	19.78021978021978	29.490917246019286	0.0
48.0	28.04932735426009	19.843049327354258	20.381165919282513	31.726457399103143	0.0
49.0	27.674366449876654	19.645660461986992	19.197129401211033	33.48284368692532	0.0
50.0	27.818874691773143	19.502353732347007	19.704102219233356	32.974669356646494	0.0
51.0	29.858776059179554	16.87962340282448	19.031607262945528	34.22999327505043	0.0
52.0	29.298363595606364	16.610625420309347	22.46133154001345	31.629679444070835	0.0
53.0	30.20179372197309	20.717488789237667	19.417040358744394	29.663677130044842	0.0
54.0	30.40358744394619	19.843049327354258	18.96860986547085	30.784753363228702	0.0
55.0	29.423637586902895	18.860731105629064	17.806683112805562	33.90894819466248	0.0
56.0	28.279883381924197	18.70374523435748	21.05853330343126	31.95783808028706	0.0
57.0	28.48172235927338	19.825072886297377	19.757793227180983	31.935411527248263	0.0
58.0	29.289078268670103	20.09419152276295	18.860731105629064	31.755999102937878	0.0
59.0	28.869448183041722	19.605204127411398	20.008972633467923	31.51637505607896	0.0
60.0	30.574248541947064	17.945266935845673	20.300583221175415	31.179901301031855	0.0
61.0	28.622700762673848	18.909825033647376	21.915657245401526	30.551816958277257	0.0
62.0	28.286227007626742	20.8838043965904	21.48945715567519	29.34051144010767	0.0
63.0	28.443248093315386	18.528488111260653	20.300583221175415	32.72768057424854	0.0
64.0	28.19650067294751	20.03140421713773	20.27815163750561	31.493943472409153	0.0
65.0	30.23777478689996	18.595782862270077	20.48003589053387	30.686406460296094	0.0
66.0	28.8534888938748	17.612743998205072	21.2474758806372	32.28629122728292	0.0
67.0	27.619474983172537	20.88849001570563	19.362800089746464	32.12923491137536	0.0
68.0	27.28292573479919	20.88849001570563	19.856405654027373	31.972178595467803	0.0
69.0	30.222122503926407	22.100067309849674	17.99416647969486	29.683643706529057	0.0
70.0	29.07498877413561	19.869779973057923	19.71261787157611	31.342613381230354	0.0
71.0	30.35473731477324	21.26178715761114	20.049393803322857	28.33408172429277	0.0
72.0	28.834493599820345	18.414551987424208	21.491129575567033	31.25982483718841	0.0
73.0	28.52009880979115	18.23489782169324	22.56905456995284	30.675948798562768	0.0
74.0	29.059061306984056	18.369638445991466	21.62587019986526	30.945430047159217	0.0
75.0	30.608578486413652	19.35773635751179	22.973276442847517	27.060408713227034	0.0
76.0	31.888614417246803	20.615315517628567	19.290366045362678	28.205704019761956	0.0
77.0	31.75387379294857	19.537390523242756	19.582304064675498	29.126431619133168	0.0
78.0	28.87292321508756	17.938931297709924	20.184104176021552	33.00404131118096	0.0
79.0	29.703637180062863	19.48810058374495	17.265379434216435	33.54288280197576	0.0
80.0	33.6102379883251	17.108217332734622	19.35339021104625	29.928154467894032	0.0
81.0	31.477323753929053	16.165244723843735	20.004490345756622	32.35294117647059	0.0
82.0	32.89178266726538	16.816344858554107	21.73327346205658	28.55859901212393	0.0
83.0	33.59532899169099	16.258701998652594	20.68268582977768	29.463283179878736	0.0
84.0	28.991690994834947	16.77520772512913	21.62587019986526	32.60723108017067	0.0
85.0	29.94159928122192	16.82389937106918	21.091644204851754	32.142857142857146	0.0
86.0	29.574611748818363	21.2694125590817	19.10871033085753	30.047265361242403	0.0
87.0	32.14044564483457	15.8226423587666	19.266261534998876	32.77065046139995	0.0
88.0	30.587440918298448	17.038037362142695	19.153724960612198	33.220796758946655	0.0
89.0	30.76749943731713	16.79045689849201	17.938329957236103	34.503713706954755	0.0
90.0	28.83836109860423	16.794236830256644	19.743358847366054	34.62404322377308	0.0
91.0	28.883385862224227	20.05853219270599	16.996848266546603	34.06123367852319	0.0
92.0	31.47230977037371	18.5051778478163	18.032417829806395	31.9900945520036	0.0
93.0	30.706888788833858	17.987393066186403	18.527690229626295	32.77802791535345	0.0
94.0	29.603782080144082	17.784781629896443	18.887888338586222	33.723547951373256	0.0
95.0	32.26024313372355	16.411526339486716	19.743358847366054	31.58487167942368	0.0
96.0	29.73885637100405	17.086897793786584	20.39621791985592	32.77802791535345	0.0
97.0	29.963980189104007	16.411526339486716	20.28365601080594	33.34083746060333	0.0
98.0	30.819450697883838	19.788383610986042	19.923457901846014	29.468707789284103	0.0
99.0	29.35614588023413	19.990995047276	18.190004502476363	32.462854570013505	0.0
100.0	30.997972516332506	17.864383870241046	20.928136967785537	30.20950664564091	0.0
101.0	30.027051397655548	19.319206492335436	20.26600541027953	30.387736699729484	0.0
102.0	28.85830324909747	19.47202166064982	18.95306859205776	32.71660649819494	0.0
103.0	28.08760442537819	18.740121923684804	22.488146308421765	30.68412734251524	0.0
104.0	28.80054212785182	18.27422633837813	19.810255251863566	33.114976281906486	0.0
105.0	28.122882313078833	19.7650779308787	17.50621188163542	34.60582787440705	0.0
106.0	32.45931283905967	18.851717902350813	19.82368896925859	28.865280289330926	0.0
107.0	32.33031674208145	20.294117647058822	18.665158371040725	28.710407239819002	0.0
108.0	32.940910119990946	17.432646592709986	19.583427665836542	30.043015621462533	0.0
109.0	27.726139197460892	20.630242575379732	18.65790070278848	32.98571752437089	0.0
110.0	26.656079854809438	19.53266787658802	19.147005444646098	34.66424682395644	0.0
111.0	30.80590238365494	18.774120317820657	18.070374574347333	32.349602724177075	0.0
112.0	27.559591373439275	20.408626560726447	19.091940976163453	32.93984108967083	0.0
113.0	29.804634257155836	17.741935483870968	20.218082689686508	32.23534756928669	0.0
114.0	30.641492265696087	17.561419472247497	19.381255686988172	32.415832575068244	0.0
115.0	29.61529706351013	18.41566127930799	15.570225358524926	36.39881629865695	0.0
116.0	29.970393987702117	20.08654065133227	17.10316556593031	32.8398997950353	0.0
117.0	32.48233416913608	17.848187827672668	16.959197629359473	32.71028037383177	0.0
118.0	30.823636778462237	18.38923112023728	19.644079397672826	31.143052703627657	0.0
119.0	23.452843114866408	21.831468371774378	21.922813427723227	32.79287508563599	0.0
120.0	29.12288716308817	19.34673366834171	20.05481955230699	31.475559616263133	0.0
121.0	30.340415809915466	21.384509938313915	18.574366004112406	29.700708247658213	0.0
122.0	30.292638317329672	18.35848193872885	18.175582990397803	33.17329675354367	0.0
123.0	31.893004115226336	16.23228166438043	19.524462734339277	32.350251486053956	0.0
124.0	30.50537388520467	18.957237594328834	19.849073862337068	30.68831465812943	0.0
125.0	30.411899313501145	19.336384439359268	17.757437070938213	32.494279176201374	0.0
126.0	32.142857142857146	17.71978021978022	19.940476190476193	30.196886446886445	0.0
127.0	29.798442510306916	20.361887311039855	19.28538708199725	30.554283096655976	0.0
128.0	32.90500229463056	18.586507572280865	18.471776044056906	30.03671408903167	0.0
129.0	30.50263943080101	19.899013082396145	20.151480376405782	29.44686711039706	0.0
130.0	31.00757401882029	19.439981638742253	15.515262795501492	34.03718154693596	0.0
131.0	30.69329660238751	20.33976124885216	19.4674012855831	29.499540863177227	0.0
132.0	28.54190585533869	18.14006888633754	21.26291618828932	32.05510907003444	0.0
133.0	27.76757005052825	18.350941662838768	20.90032154340836	32.98116674322462	0.0
134.0	26.251722553973355	19.98162609095085	23.74827744602664	30.01837390904915	0.0
135.0	28.791360294117645	18.014705882352942	22.035845588235293	31.15808823529412	0.0
136.0	28.7979774764422	19.92645368880717	18.478510687198344	32.797058147552285	0.0
137.0	27.276908923643056	18.10027598896044	20.2851885924563	34.3376264949402	0.0
138.0	27.802071346375147	20.52934407364787	18.573072497123132	33.09551208285386	0.0
139.0	30.02532811420677	19.871056873129174	17.936909970066775	32.16670504259728	0.0
140.0	28.594470046082947	19.88479262672811	19.216589861751153	32.30414746543779	0.0
141.0	28.884278469340707	17.289073305670815	21.830336560627018	31.996311664361453	0.0
142.0	30.627306273062732	18.588560885608857	19.07287822878229	31.711254612546124	0.0
143.0	32.52595155709342	18.131487889273355	20.66897347174164	28.673587081891583	0.0
144.0	28.910936778957087	18.274111675126903	20.166128287955697	32.648823257960316	0.0
145.0	30.039251904871854	18.72546755945509	19.94920341722466	31.286077118448397	0.0
146.0	29.119482320314305	17.864571296510285	18.99699560896695	34.018950774208456	0.0
147.0	28.64438254410399	19.220055710306408	20.218198700092852	31.91736304549675	0.0
148.0	28.79702740362285	19.112865768694846	19.368323269856013	32.72178355782629	0.0
149.0	29.93260515919126	18.98675342784104	19.52126423425517	31.559377178712527	0.0
150.0	28.22242903676128	18.241042345276874	19.03210795718939	34.50442066077245	0.0
151.0	28.22242903676128	17.636109818520243	21.49837133550489	32.643089809213585	0.0
152.0	26.94457382394038	17.699115044247787	20.95947834187238	34.39683278993945	0.0
153.0	29.874067164179102	18.84328358208955	18.28358208955224	32.9990671641791	0.0
154.0	30.749354005167955	18.557669720460417	19.990603711533943	30.702372562837677	0.0
155.0	29.924776680771036	19.511048425011754	19.040902679830747	31.52327221438646	0.0
156.0	29.917550058892818	17.12603062426384	20.16489988221437	32.791519434628974	0.0
157.0	32.09992929530992	18.736742870610417	19.72660853169927	29.436719302380393	0.0
158.0	31.14831407686866	17.684508370667295	20.820561188398962	30.346616364065078	0.0
159.0	28.719886632026455	15.517241379310345	22.106754841757205	33.656117146906	0.0
160.0	28.24752007557865	16.721776098252246	23.476617855455835	31.554085970713274	0.0
161.0	26.192725555030705	18.72933396315541	24.09069437883798	30.987246102975906	0.0
162.0	29.533555449785815	18.396001903855307	21.70395049976202	30.36649214659686	0.0
163.0	30.212056230640933	17.155110793423876	19.91898975458661	32.71384322134858	0.0
164.0	31.184336198662848	18.075453677172877	22.18242597898758	28.557784145176697	0.0
165.0	31.80186647523331	16.917922948073702	20.674802584350324	30.605407992342666	0.0
166.0	31.23051091388822	19.644998800671623	20.77236747421444	28.352122811225716	0.0
167.0	29.04544361625391	19.16326039913441	20.125030055301753	31.66626592930993	0.0
168.0	29.05633124699085	18.44005777563794	18.151179585941264	34.35243139142995	0.0
169.0	26.342403082109318	17.312785937876235	20.009631591620515	36.33517938839393	0.0
170.0	30.048192771084338	16.3855421686747	20.819277108433734	32.74698795180723	0.0
171.0	29.67695274831244	16.947926711668273	20.41947926711668	32.955641272902604	0.0
172.0	29.68146718146718	19.90830115830116	18.484555984555982	31.925675675675674	0.0
173.0	25.97151822350953	18.585566014965003	18.464880521361334	36.97803524016413	0.0
174.0	27.40291262135922	19.80582524271845	18.78640776699029	34.004854368932044	0.0
175.0	28.484701311316172	18.237008256435164	20.883924235065564	32.3943661971831	0.0
176.0	31.61728994657601	16.51287032540068	19.645458960660513	32.224380767362796	0.0
177.0	30.731825917821542	19.40189642596645	18.429370289326524	31.436907366885485	0.0
178.0	31.313868613138684	16.934306569343065	19.78102189781022	31.97080291970803	0.0
179.0	31.425091352009744	19.537149817295983	20.02436053593179	29.01339829476248	0.0
180.0	30.43372319688109	16.812865497076025	17.543859649122805	35.20955165692008	0.0
181.0	28.512195121951216	19.317073170731707	21.048780487804876	31.121951219512194	0.0
182.0	34.96827720839434	16.2274280136652	19.668130795510006	29.136163982430453	0.0
183.0	29.579872984855886	22.789447972642893	18.514899853444064	29.115779189057157	0.0
184.0	32.706399609184174	19.907181240840256	18.197361993160722	29.18905715681485	0.0
185.0	30.12224938875306	22.78728606356968	19.926650366748166	27.163814180929098	0.0
186.0	34.630445423396964	16.079295154185022	20.11747430249633	29.172785119921684	0.0
187.0	31.061728395061728	20.59259259259259	19.530864197530864	28.814814814814817	0.0
188.0	31.141868512110726	20.489372219476028	19.105289174493326	29.26347009391992	0.0
189.0	32.38566131025958	18.76390605686032	17.255871446229914	31.594561186650182	0.0
190.0	34.84286067804999	16.827517941103686	18.53501608512744	29.794605295718878	0.0
191.0	31.287128712871286	18.24257425742574	16.46039603960396	34.00990099009901	0.0
192.0	32.9368029739777	18.240396530359355	18.16604708798017	30.656753407682775	0.0
193.0	28.981527708437344	16.874687968047926	21.592611083374937	32.55117324013979	0.0
194.0	30.490245122561284	17.508754377188595	21.135567783891947	30.86543271635818	0.0
195.0	29.651890808915603	18.106686701728027	18.933132982719762	33.30828950663661	0.0
196.0	31.82957393483709	19.097744360902254	18.596491228070175	30.476190476190478	0.0
197.0	31.52746425884123	19.588663155254576	19.964885879107097	28.91898670679709	0.0
198.0	30.446787148594378	17.29417670682731	18.724899598393574	33.53413654618474	0.0
199.0	26.98492462311558	19.44723618090452	20.57788944723618	32.98994974874372	0.0
200.0	27.82389937106918	18.339622641509436	21.40880503144654	32.42767295597484	0.0
201.0	32.00705112062453	15.361369932007051	19.743137748677913	32.88844119869051	0.0
202.0	30.596826995718963	18.1062704608411	19.012843112566106	32.28405943087383	0.0
203.0	31.560373077892613	16.460801613309805	20.191580539450467	31.78724476934711	0.0
204.0	28.665152662124655	19.076457229371687	21.296997224325008	30.96139288417865	0.0
205.0	30.078223568004038	17.259651778955337	22.23063335856674	30.431491294473883	0.0
206.0	28.477657157283513	18.707397121938904	20.80282756879576	32.012118151981824	0.0
207.0	28.925410872313527	18.20480404551201	20.101137800252843	32.76864728192162	0.0
208.0	27.824320893627824	19.243462807819242	22.01066260472201	30.921553693830923	0.0
209.0	29.283172343670564	16.929334011184544	20.157600406710728	33.629893238434164	0.0
210.0	31.37404580152672	18.676844783715012	19.338422391857506	30.610687022900763	0.0
211.0	28.749681690858157	16.781257957728545	22.2052457346575	32.263814616755795	0.0
212.0	28.345653836349733	17.741524343614582	23.37496813663013	30.537853683405558	0.0
213.0	30.22959183673469	18.801020408163264	21.071428571428573	29.897959183673468	0.0
214.0	29.913221031138338	19.90811638591118	21.107708014293006	29.07095456865748	0.0
215.0	31.868131868131865	18.655762841809352	20.572450805008945	28.903654485049834	0.0
216.0	33.14578005115089	18.312020460358056	20.076726342710998	28.465473145780052	0.0
217.0	30.33017660609163	16.969541847965193	20.168927565907346	32.53135398003583	0.0
218.0	28.351704691104846	17.22635221738016	22.532683927198153	31.88925916431684	0.0
219.0	28.35091330074608	19.269359403138665	22.1507589400566	30.228968356058655	0.0
220.0	30.690010298661175	20.314109165808443	20.339855818743562	28.656024716786817	0.0
221.0	29.745042492917843	22.044810713365955	17.409219675508627	30.80092711820757	0.0
222.0	31.217750257997935	18.111455108359134	18.730650154798763	31.940144478844168	0.0
223.0	32.72210743801653	17.200413223140494	19.111570247933884	30.96590909090909	0.0
224.0	33.10077519379845	15.917312661498709	19.767441860465116	31.214470284237727	0.0
225.0	35.394566623544634	17.283311772315653	19.379042690815005	27.943078913324708	0.0
226.0	32.755049197307095	19.186949766960122	19.471776281719315	28.586224754013468	0.0
227.0	32.59009592947887	18.771065595022037	17.31915996888774	31.319678506611353	0.0
228.0	28.32294911734164	18.483904465212877	19.781931464174455	33.41121495327103	0.0
229.0	31.31339401820546	20.650195058517557	17.789336801040314	30.247074122236672	0.0
230.0	29.591836734693878	23.78335949764521	15.724751439037155	30.900052328623755	0.0
231.0	30.4769392033543	21.147798742138367	17.243186582809226	31.132075471698112	0.0
232.0	27.78361344537815	18.040966386554622	19.774159663865547	34.40126050420168	0.0
233.0	28.6768581971534	18.687401159725884	21.613073273589876	31.022667369530836	0.0
234.0	27.582562747688243	19.04887714663144	20.501981505944517	32.8665785997358	0.0
235.0	26.555467302091607	19.27455652634366	20.995499073338628	33.174477098226106	0.0
236.0	27.296866702071164	18.10939989378651	23.207647371216144	31.38608603292618	0.0
237.0	27.13864306784661	19.174041297935105	19.76401179941003	33.92330383480826	0.0
238.0	32.25114032734103	15.159645827743493	20.096592433592704	32.49262141132278	0.0
239.0	29.335842968539932	16.482925517612262	20.2742672761495	33.906964237698304	0.0
240.0	26.233486114855758	17.201401995146938	21.757886222701536	34.80722566729577	0.0
241.0	26.905343097369133	16.625983184160564	21.94195823162463	34.526715486845674	0.0
242.0	27.38645635028556	17.459885776448193	22.763122110416102	32.39053576285015	0.0
243.0	27.735019241341398	17.67454645409566	22.374931280923587	32.215503023639364	0.0
244.0	28.885832187070154	17.111416781292984	19.587345254470424	34.415405777166434	0.0
245.0	28.8864388092613	16.67585446527012	21.499448732083792	32.93825799338478	0.0
246.0	29.447513812154696	15.607734806629834	20.22099447513812	34.72375690607735	0.0
247.0	26.27212389380531	18.113938053097346	22.26216814159292	33.35176991150443	0.0
248.0	28.737541528239202	16.306755260243634	22.89590254706534	32.05980066445183	0.0
249.0	28.654646324549237	18.8626907073509	18.169209431345354	34.31345353675451	0.0
250.0	27.598665925514176	16.425792106725957	21.12284602556976	34.8526959421901	0.0
251.0	28.34864940128098	17.989417989417987	20.2172096908939	33.44472291840713	0.0
252.0	28.182837913628717	21.3684800897364	19.237240605720697	31.211441390914192	0.0
253.0	32.986794043270585	15.594268052823827	18.937903905591458	32.48103399831413	0.0
254.0	30.66966797974114	18.20483961733258	19.83680360157569	31.288688801350588	0.0
255.0	29.788434414668547	18.589562764456982	18.928067700987306	32.693935119887165	0.0
256.0	28.440366972477065	19.06536697247706	19.896788990825687	32.59747706422018	0.0
257.0	27.857553130384836	18.408960367604823	18.466398621481908	35.26708788052843	0.0
258.0	29.24582613701785	18.24985607369027	18.739205526770295	33.76511226252159	0.0
259.0	33.36221837088388	16.955517042172154	17.157712305025996	32.52455228191797	0.0
260.0	32.23284100781928	19.895742832319723	17.17347234289024	30.697943816970753	0.0
261.0	30.822913637685375	18.580982843849956	18.551904623437046	32.04419889502763	0.0
262.0	31.7201166180758	18.250728862973762	20.55393586005831	29.47521865889213	0.0
263.0	30.751242326805027	19.058754750073078	17.655656240865245	32.53434668225665	0.0
264.0	30.2168815943728	17.672919109026964	20.8968347010551	31.213364595545134	0.0
265.0	31.53868784936746	18.328920270667844	19.41747572815534	30.71491615180936	0.0
266.0	33.60849056603774	18.72051886792453	19.545990566037734	28.125	0.0
267.0	30.398818316100446	19.82274741506647	19.29098966026588	30.48744460856721	0.0
268.0	32.71221532091098	16.47441585329784	21.67997633836143	29.133392487429756	0.0
269.0	32.80925541382379	18.15485019282112	19.69741916345298	29.338475229902105	0.0
270.0	31.390134529147986	20.269058295964125	16.741405082212257	31.59940209267564	0.0
271.0	33.952095808383234	18.682634730538922	17.87425149700599	29.491017964071858	0.0
272.0	30.713857228554286	19.07618476304739	18.386322735452907	31.82363527294541	0.0
273.0	30.336740829825615	18.039687312086592	18.821407095610343	32.802164762477446	0.0
274.0	32.5	17.650602409638555	20.150602409638555	29.698795180722893	0.0
275.0	30.051344004832377	19.118091211114464	20.869827846572033	29.960736937481126	0.0
276.0	31.6254955779201	20.128087831655993	19.304666056724614	28.941750533699302	0.0
277.0	27.532228360957646	18.38551258440761	21.639042357274402	32.44321669736034	0.0
278.0	28.751926040061633	18.736517719568567	20.924499229583976	31.587057010785824	0.0
279.0	31.51702786377709	19.13312693498452	18.730650154798763	30.61919504643963	0.0
280.0	31.376203789996893	21.093507300403854	20.22367194780988	27.306616961789377	0.0
281.0	29.261452165783737	17.949516983483953	22.312246805858525	30.476784044873796	0.0
282.0	30.44159098026934	18.571875978703414	21.609771374882556	29.37676166614469	0.0
283.0	28.675308251659814	20.455263989883022	20.992728422383813	29.876699336073347	0.0
284.0	26.270373921380635	20.13422818791946	23.649728347714923	29.94566954298498	0.0
285.0	28.346709470304976	18.908507223113965	21.4446227929374	31.30016051364366	0.0
286.0	28.237585199610514	19.344368711457317	22.91463810451152	29.503407984420644	0.0
287.0	26.09262883235486	19.47162426614481	24.00521852576647	30.430528375733857	0.0
288.0	23.978919631093547	19.92753623188406	22.56258234519104	33.53096179183136	0.0
289.0	27.684175751569214	18.698381235546748	22.46448629005616	31.152956722827884	0.0
290.0	31.320504313205046	15.029860650298607	22.727272727272727	30.922362309223622	0.0
291.0	31.48950349883372	16.92769076974342	22.42585804731756	29.1569476841053	0.0
292.0	27.690244720080454	18.404290982232652	24.103251759973183	29.802212537713714	0.0
293.0	27.800269905533064	17.20647773279352	24.224021592442647	30.76923076923077	0.0
294.0	31.770302412504247	20.115528372409106	20.251444104655114	27.86272511043153	0.0
295.0	30.226182316655244	18.917066483893077	22.51542152159013	28.341329677861548	0.0
296.0	30.17241379310345	18.0	24.551724137931036	27.275862068965516	0.0
297.0	27.752691906912126	18.687044112539077	22.889892323723515	30.670371656825285	0.0
298.0	27.621756132243156	21.187344472093848	22.92925702097405	28.261642374688943	0.0
299.0	28.902392707937715	17.204709456893276	22.749715153816936	31.143182681352073	0.0
300.0	31.060094530722488	8.980418636056719	21.74206617150574	38.21742066171506	0.0
