# Position (bp)	A	C	G	T	N
0.0	25.900335982884194	23.86474759926248	24.679834792468995	25.55508162538433	0.0
1.0	26.677707662175166	20.645731572946804	15.725110075597692	36.951450689280335	0.0
2.0	28.390626564058852	19.715778376895248	17.69546639394109	34.19812866510482	0.0
3.0	23.11284643041184	22.352128485035152	15.392892611261495	39.14213247329151	0.0
4.0	33.92924384204971	13.379189876241373	15.11633616824501	37.57523011346392	0.0
5.0	34.62206296008398	14.919183868034427	23.43773304516794	27.02102012671366	0.0
6.0	30.941802889297705	17.57538704916943	21.432475751563672	30.0503343099692	0.0
7.0	35.0731934117726	17.277881337940556	20.33841413431537	27.31051111597147	0.0
8.0	22.815247559366373	27.07221788614155	22.372054472028825	27.740480082463247	0.0
9.0	27.346606057757583	18.679786178795297	15.909727611483223	38.0638801519639	0.0
10.0	26.436867960730776	16.922187027803588	25.025378099449586	31.615566912016053	0.0
11.0	28.136438879951502	18.38136760847819	19.386178745951195	34.09601476561911	0.0
12.0	26.082715642296904	19.840005408073303	20.868476866238634	33.208802083391156	0.0
13.0	26.43546166429755	21.056809564888184	18.98867795675984	33.51905081405443	0.0
14.0	30.465956585655356	18.505294397672753	20.143580398645565	30.885168618026327	0.0
15.0	29.260711198646895	18.671644462602938	20.29199401608532	31.775650322664852	0.0
16.0	29.95640851135011	17.69808024500151	18.633896505711107	33.71161473793728	0.0
17.0	30.31849283510471	17.846358167171392	19.677405466965048	32.15774353075885	0.0
18.0	31.774231690298	17.767790605915152	19.145430665329947	31.312547038456902	0.0
19.0	30.23057463616089	18.403202210994056	20.020566468539236	31.345656684305816	0.0
20.0	29.55835260514564	17.824387869385657	20.27156571000268	32.34569381546603	0.0
21.0	29.130234028697576	18.43927248091292	20.437829423397492	31.992664066992017	0.0
22.0	29.674001982877975	19.08513262177201	22.719878456513182	28.520986938836838	0.0
23.0	29.74769685035242	20.110976526075262	21.208775931211875	28.932550692360444	0.0
24.0	32.71437786370989	19.473998257426018	17.802676626206036	30.008947252658054	0.0
25.0	28.86844084531245	21.0317799555635	20.023921842485176	30.075857356638874	0.0
26.0	31.74500786354089	16.584638876028677	22.373670479333672	29.296682781096763	0.0
27.0	25.99003577297392	20.80666150284485	25.102884770414093	28.100417953767142	0.0
28.0	26.615023514139878	19.939963478234908	19.037158175905233	34.40785483171998	0.0
29.0	27.717535245921155	20.2772032316692	17.46142769434369	34.54383382806595	0.0
30.0	26.467292218443628	19.095815580509313	16.23068152558062	38.20621067546644	0.0
31.0	34.233417442141615	14.639731182462384	18.78365023961711	32.34320113577889	0.0
32.0	34.355673713437426	15.561468716386864	22.456840155928155	27.62601741424756	0.0
33.0	31.446401003577318	17.58661465087773	20.960025038829038	30.006959306715913	0.0
34.0	33.05654530572749	16.925799202546727	21.80304064993906	28.214614841786723	0.0
35.0	26.284929945782675	20.64298506722274	25.365022376720177	27.70706261027441	0.0
