# Position (bp)	A	C	G	T	N
0.0	22.015229806907804	28.506595050312754	34.85348109872179	14.624694044057657	0.0
1.0	23.470220288278487	22.630541202066905	14.588999184117487	39.310239325537125	0.0
2.0	25.634884234486744	22.47532657255941	16.659022575549102	35.23076661740475	0.0
3.0	18.9957889017184	25.059430822522582	13.509474971133601	42.435305304625416	0.0
4.0	35.76533297119286	11.039060245463341	12.580420648797297	40.615186134546505	0.0
5.0	39.00249461197753	12.929556909396373	24.387801856534356	23.68014662209174	0.0
6.0	33.47757470854758	16.071883113577357	22.255595716879633	28.194946460995435	0.0
7.0	37.56724193521016	17.431145955302142	20.848818069201922	24.15279404028577	0.0
8.0	19.49704744451232	32.00128962193715	22.719405416412137	25.782257517138397	0.0
9.0	28.102889526104146	18.304291022617374	13.190355803654748	40.40246364762373	0.0
10.0	25.593824228028506	16.00441126569393	28.126908720732946	30.274855785544624	0.0
11.0	27.321004411265694	17.818120122158128	18.705463182897862	36.15541228367832	0.0
12.0	24.795561738658343	20.06718469003427	22.819042448508704	32.31821112279869	0.0
13.0	24.16103966611245	23.255064300498795	17.77679752977503	34.80709850361372	0.0
14.0	30.876764386536376	19.691571661237788	19.240295874049945	30.191368078175895	0.0
15.0	29.479111895109995	17.6179249283376	20.76089353257459	32.14206964397782	0.0
16.0	30.12973798015772	18.58899347070296	18.466887136436867	32.814381412702446	0.0
17.0	29.2022792022792	18.823768823768823	19.517365350698686	32.456586623253294	0.0
18.0	31.383222261789694	17.871496159129062	18.237777890827694	32.50750368825355	0.0
19.0	31.3297953508876	18.326862103460552	19.513725224232353	30.82961732141949	0.0
20.0	30.884895745041536	17.25038142057976	18.116629937277505	33.74809289710121	0.0
21.0	29.978641171684295	16.685313262815296	20.473962571196093	32.862082994304316	0.0
22.0	28.87969759123964	19.093790788737646	21.12114996694523	30.905361653077485	0.0
23.0	29.061784897025174	17.50995847105687	20.642427324349523	32.785829307568434	0.0
24.0	31.254767029949658	17.61555280597976	18.64777369107951	32.48190647299107	0.0
25.0	28.798047589993896	18.42925903328588	19.59358687546607	33.179106501254154	0.0
26.0	30.56821840736159	17.29058279245539	20.73920927316172	31.4019895270213	0.0
27.0	29.162853753601087	17.29198440942213	20.559227249618708	32.985934587358074	0.0
28.0	29.653290856097065	17.47102284281163	20.343320002711312	32.53236629837999	0.0
29.0	29.576533984037418	18.328164980597496	18.246826970328573	33.84847406503651	0.0
30.0	29.36650510117615	17.259261769989493	19.11161576788801	34.262617360946344	0.0
31.0	30.21008189633247	18.27661630805229	20.40456449124235	31.10873730437289	0.0
32.0	29.9518464512191	18.586591610431007	19.531011563633896	31.930550374715992	0.0
33.0	29.417650250983584	17.631596798263466	20.631528964862298	32.31922398589065	0.0
34.0	29.778034015566448	19.07483085479796	19.846370372882504	31.30076475675309	0.0
35.0	29.919457397202205	16.937685459940653	18.180584993641375	34.962272149215764	0.0
36.0	30.94571908226077	17.028709026470636	18.931339132794083	33.094232758474504	0.0
37.0	27.661342286431307	20.376776206463866	19.12198595991454	32.83989554719029	0.0
38.0	30.25017797213465	18.898945726973796	20.058307061256315	30.79256923963524	0.0
39.0	29.48235533407912	18.790467473473676	20.04305230685786	31.684124885589345	0.0
40.0	30.108347321837325	17.800159384166708	20.76233107821693	31.329162215779032	0.0
41.0	30.06138090070537	17.056090613130763	20.803377645143787	32.07915084102007	0.0
42.0	28.93719479110147	19.836882799782963	20.40491047205643	30.821011937059144	0.0
43.0	30.860785676743358	17.77182482494363	20.966073820382835	30.401315677930178	0.0
44.0	29.238358393653268	19.48093777016833	20.64891254598159	30.63179129019681	0.0
45.0	29.22578785875333	19.07813321127668	20.373289935411687	31.32278899455831	0.0
46.0	29.904387333016885	17.812097375737437	20.32277751407066	31.96073777717502	0.0
47.0	29.01486768270975	18.098903148151287	20.156983742180483	32.72924542695848	0.0
48.0	29.25030516750305	19.149260816492607	19.839278448392786	31.761155567611553	0.0
49.0	28.077581676076157	21.128121662173847	19.236051065561263	31.558245596188733	0.0
50.0	29.266555898409685	18.965107999050556	18.861686616255806	32.90664948628395	0.0
51.0	29.71085725907596	18.772245008643775	19.762041964679163	31.754855767601097	0.0
52.0	29.247490504612045	18.087018448182313	19.136597938144327	33.528893109061315	0.0
53.0	31.39799172264061	18.544338150485107	18.69699436868173	31.360675758192553	0.0
54.0	29.610217789537963	18.571477033720065	19.83173892394328	31.9865662527987	0.0
55.0	29.08708484581199	18.514434983207245	19.520303965803848	32.87817620517692	0.0
56.0	30.92225764873482	18.261990367003595	19.09130995183502	31.724442032426563	0.0
57.0	28.48905245662534	18.17241320828316	19.997286433865305	33.3412479012262	0.0
58.0	29.27007175450798	18.101474105613136	19.16167664670659	33.466777493172295	0.0
59.0	28.67345207803223	17.95080576759966	20.6225614927905	32.75318066157761	0.0
60.0	29.57275688882856	17.705646803312067	18.99178770191394	33.729808605945436	0.0
61.0	29.095196891807063	18.050253643473983	20.452656045876385	32.40189341884257	0.0
62.0	29.51985069562267	18.529012555140824	19.85578554462165	32.095351204614865	0.0
63.0	28.14865094179535	18.600033938571187	20.174783641608688	33.076531478024776	0.0
64.0	29.502104262829214	19.72916101004616	20.558987238664134	30.209747488460494	0.0
65.0	29.56828672278034	17.689383654629378	19.377884876459408	33.36444474613087	0.0
66.0	30.245028168058102	18.53661847553112	20.722188284802822	30.496165071607955	0.0
67.0	28.463065723158376	17.928354460452407	20.46869962157851	33.13988019481071	0.0
68.0	31.364130065847533	17.55142217093205	19.382594528545244	31.701853234675177	0.0
69.0	28.95085194487815	17.960423596497183	20.321091575588895	32.76763288303577	0.0
70.0	28.53675921526034	17.27818885343833	20.010522028375537	34.174529902925805	0.0
71.0	30.146472275496865	18.734194402484768	18.973505999762384	32.145827322255975	0.0
72.0	30.677710076545768	17.909333152293826	20.84556764371425	30.567389127446155	0.0
73.0	30.678230761397195	18.627584099935504	18.327166570487798	32.3670185681795	0.0
74.0	29.68702264163753	18.93309345191622	19.842832411147697	31.537051495298552	0.0
75.0	29.837395614094643	17.608120035304502	18.896394867268654	33.658089483332205	0.0
76.0	29.725876262411948	17.818891623525417	19.40083170669609	33.05440040736654	0.0
77.0	28.18536750976065	17.312850110337806	21.721269733491766	32.780512646409775	0.0
78.0	29.63723709450169	18.07873160298087	18.552343444974454	33.731687857542994	0.0
79.0	30.828905600162965	18.146632942334787	18.1364477414317	32.88801371607055	0.0
80.0	29.455101001527755	18.197250042437616	19.3855033101341	32.96214564590053	0.0
81.0	29.950263957495203	18.935343144743765	19.35631715638845	31.758075741372576	0.0
82.0	29.607061020113722	18.628532631757615	19.49758126113893	32.26682508698973	0.0
83.0	30.55324494542245	18.524114281834077	19.337260427453444	31.58538034529003	0.0
84.0	30.05059079179682	18.04121961157137	17.991986961836208	33.9162026347956	0.0
85.0	30.144312393887944	17.791171477079796	19.132427843803057	32.9320882852292	0.0
86.0	30.002886688967756	18.147085293168736	18.490091864631268	33.35993615323225	0.0
87.0	29.415060701247985	17.91153748195942	21.504372187791834	31.169029629000768	0.0
88.0	30.38952659104802	19.160497181280988	18.702030836106772	31.74794539156422	0.0
89.0	30.329483695652176	19.66202445652174	19.867527173913043	30.140964673913047	0.0
90.0	30.755252118680048	18.763268286883715	19.15558499346139	31.325894600974845	0.0
91.0	29.661146496815288	18.95371549893843	19.738428874734606	31.64670912951168	0.0
92.0	27.825998335399927	17.505477893091907	19.89027228101167	34.778251490496494	0.0
93.0	29.47361269172626	18.76072223260238	19.852903707981586	31.912761367689775	0.0
94.0	30.197077811756714	18.086986068637444	19.35270132517839	32.363234794427456	0.0
95.0	30.932318564827398	18.034792063060614	18.899497145963576	32.13339222614841	0.0
96.0	28.962704952850228	19.660181802735536	19.174241780647353	32.20287146376688	0.0
97.0	28.264305501266122	18.835505854761138	20.738940534661204	32.161248109311536	0.0
98.0	28.601777732456362	18.424854263328744	19.17265759105355	33.80071041316134	0.0
99.0	29.188123523513315	18.18351773483574	20.185591189517158	32.44276755213379	0.0
100.0	30.336482508386393	19.01656739919217	20.360101321284315	30.286848771137127	0.0
101.0	30.37098274258551	19.387895697702458	19.312114636078675	30.929006923633356	0.0
102.0	28.79258577899651	18.690015446293756	20.925389194536525	31.592009580173208	0.0
103.0	27.93433796021118	18.371735254012098	19.997552533128214	33.69637425264851	0.0
104.0	30.886893315220266	16.912192798292196	19.532118346535874	32.66879553995166	0.0
105.0	30.42379817101377	17.704515532149593	20.431982350638723	31.439703946197916	0.0
106.0	28.908745110704416	18.44834391933111	21.570316144543725	31.072594825420747	0.0
107.0	30.1757052639198	17.416716428713606	19.834247145468034	32.57333116189856	0.0
108.0	27.487736829628552	19.588249238680504	21.608709130363426	31.31530480132752	0.0
109.0	29.195980822572054	18.255294917246825	20.070170282334356	32.478553977846765	0.0
110.0	29.60847382431233	17.44491274770778	21.691067731440402	31.255545696539482	0.0
111.0	29.926925866012162	18.52698908536472	20.82519849017311	30.72088655845001	0.0
112.0	28.92277146121715	18.365894318841665	19.203176803341638	33.50815741659955	0.0
113.0	30.69913975249019	18.480229399335947	19.534787201931785	31.28584364624208	0.0
114.0	28.86202045549599	16.95943120033459	19.869966921409834	34.308581422759595	0.0
115.0	27.49832327297116	18.248538852160582	21.306888952764204	32.946248922104054	0.0
116.0	29.471466130528924	18.324698422517784	17.83560160841324	34.36823383854006	0.0
117.0	30.42281027243433	16.426130260716725	22.489991211795722	30.66106825505322	0.0
118.0	31.242612875265934	17.68970136317075	19.342447403671894	31.725238357891417	0.0
119.0	31.557735069885638	18.190120711562898	18.92471410419314	31.32743011435832	0.0
120.0	30.662474466295507	17.306845035446788	18.928986261865663	33.101694236392035	0.0
121.0	30.408187984496127	18.17264211886305	20.146963824289404	31.272206072351423	0.0
122.0	29.44621829940412	18.655304956173353	20.44701144983832	31.451465294584207	0.0
123.0	28.0408732764281	19.336835193696654	19.899047931713724	32.723243598161524	0.0
124.0	29.30006212466349	18.7761441292193	19.910954648995652	32.01283909712156	0.0
125.0	28.321356951871657	18.2382185828877	20.41903409090909	33.02139037433155	0.0
126.0	30.809498680738784	18.488654353562005	19.094459102902377	31.60738786279683	0.0
127.0	29.859689525759126	18.065506653019447	19.359860116001364	32.714943705220065	0.0
128.0	29.794653235180164	18.08084721684102	19.37879374919282	32.745705798786	0.0
129.0	29.73549116853737	17.495432002088226	20.847472374488817	31.921604454885582	0.0
130.0	30.212999560825647	18.375054896794026	18.153271848924025	33.2586736934563	0.0
131.0	28.711335637685014	18.59877692103164	19.57812638482673	33.111761056456615	0.0
132.0	30.07443170388252	17.48586244663493	20.54806768144125	31.891638168041307	0.0
133.0	30.773224968958125	17.663393159498813	20.069985325657523	31.49339654588554	0.0
134.0	31.026622902990518	17.473559445660104	19.812180889861413	31.687636761487965	0.0
135.0	30.849423515062252	16.18760499850413	20.435873242353807	32.52709824407981	0.0
136.0	28.203035743430714	19.88621791135256	20.135699130313135	31.77504721490359	0.0
137.0	31.11760235584687	17.887337323074	20.193312434691745	30.80174788638739	0.0
138.0	29.96871992300289	17.853705486044273	20.185274302213667	31.992300288739173	0.0
139.0	28.802897912230463	19.51440389651712	20.478742932667597	31.20395525858482	0.0
140.0	29.388933121019107	17.767217356687897	19.56857085987261	33.275278662420384	0.0
141.0	28.911607344703725	17.389666172665848	20.338599884454045	33.36012659817638	0.0
142.0	29.441456980519483	17.09364853896104	20.870535714285715	32.59435876623377	0.0
143.0	30.272666700835426	18.110296755676288	20.08354261698529	31.533493926503	0.0
144.0	29.336404575806203	17.27832703556085	22.112945804648273	31.27232258398468	0.0
145.0	31.48672010058149	18.657341924668657	19.477185813819478	30.37875216093038	0.0
146.0	29.684266383656144	17.84823560626161	19.86468559299549	32.60281241708676	0.0
147.0	28.947368421052634	18.517821622493415	20.052685339497877	32.48212461695608	0.0
148.0	30.172531276404374	17.912725885142684	20.139551364169098	31.775191474283844	0.0
149.0	29.56961046848687	18.946525688098724	21.213041437760538	30.27082240565387	0.0
150.0	30.7098722285906	17.94671065507311	18.654066597701792	32.6893505186345	0.0
151.0	29.785667770888193	17.54862821710694	21.52948837736063	31.136215634644245	0.0
152.0	28.765672410831854	18.00251903589626	19.04162134310414	34.19018721016774	0.0
153.0	29.777430012171795	19.109720048687183	20.886222685909697	30.22662725323132	0.0
154.0	29.322272380840708	17.20701178401829	21.18191944656153	32.28879638857947	0.0
155.0	31.17503859399121	17.652297826861417	19.445434033962712	31.72722954518466	0.0
156.0	29.11460836136473	18.263455069678038	18.70494954348871	33.91698702546853	0.0
157.0	30.34207560388681	18.02674464650157	19.613756130250692	32.017423619360926	0.0
158.0	29.048708122141182	19.1556434664359	19.696501421683767	32.099146989739154	0.0
159.0	31.125454317583657	17.022809875924303	20.02443915277604	31.827296653716004	0.0
160.0	31.017796313393397	18.028716054885233	19.540925153608608	31.412562478112765	0.0
161.0	28.625028301581658	18.591713296891676	20.318918394410844	32.46434000711583	0.0
162.0	29.935720844811755	18.155581791945426	18.68686868686869	33.22182867637413	0.0
163.0	29.321285007142624	17.833294574931067	20.324906149297366	32.52051426862895	0.0
164.0	30.93161846402478	17.948890609743778	19.79394633177334	31.325544594458098	0.0
165.0	29.018725058835564	18.032675057130188	19.809679729868005	33.13892015416624	0.0
166.0	30.825402318740263	18.25921439695449	20.162657899290533	30.752725385014706	0.0
167.0	29.407636159460974	18.620157215047726	19.350084222346997	32.622122403144296	0.0
168.0	30.478571428571428	17.625	19.09642857142857	32.800000000000004	0.0
169.0	29.874282392268004	18.025579536370902	21.139452074703875	30.960685996657222	0.0
170.0	32.30366105698258	17.353114850900504	19.96973723058754	30.373486861529376	0.0
171.0	29.80053141723738	18.176714943303022	20.89742150368624	31.12533213577336	0.0
172.0	28.71576708322255	19.303376761499603	20.818931135336346	31.161925019941506	0.0
173.0	31.28110172433746	18.902133240751457	17.335956486517766	32.48080854839332	0.0
174.0	29.74782676795364	18.141592920353983	20.894353512412874	31.216226799279507	0.0
175.0	28.836894671919143	19.49385221439656	18.439377661056067	33.22987545262823	0.0
176.0	28.49761847097764	17.409380802454187	22.277387583757164	31.81561314281101	0.0
177.0	29.465967728724713	18.572364649029403	19.026947333933983	32.9347202883119	0.0
178.0	27.401764901764903	19.09340659340659	21.162171162171163	32.34265734265735	0.0
179.0	29.71447965720589	18.683976072292225	19.515506342539563	32.08603792796232	0.0
180.0	28.684050939963612	18.474400069306075	20.960755436195097	31.880793554535213	0.0
181.0	31.862939903740013	17.141343224268116	20.545767651344548	30.449949220647326	0.0
182.0	29.762386021650272	18.21856892602075	20.406054889278174	31.612990163050803	0.0
183.0	30.297899601885327	17.910584359126894	20.528073948656935	31.263442090330845	0.0
184.0	30.490415038153735	18.206774613809788	19.03964265773311	32.26316769030337	0.0
185.0	28.88657451240295	20.35599318310926	20.21870857792085	30.538723726566936	0.0
186.0	30.42409638554217	19.228915662650603	19.32530120481928	31.021686746987953	0.0
187.0	28.186046511627904	18.937576499388005	21.06731946144431	31.80905752753978	0.0
188.0	29.508850660683123	19.341810022438295	19.675891298927947	31.473448017950634	0.0
189.0	30.617321555487862	17.71753477510407	20.991978881104682	30.67316478830338	0.0
190.0	29.02992028160265	19.53100735065742	20.385133036546225	31.053939331193703	0.0
191.0	30.842952451551415	17.18733453351689	19.506512760775177	32.46320025415652	0.0
192.0	28.86178861788618	18.168021680216803	20.37940379403794	32.59078590785908	0.0
193.0	30.30876951331497	17.326675849403124	20.586547291092746	31.778007346189163	0.0
194.0	31.332476935653393	18.73175289034217	19.800303631904708	30.13546654209973	0.0
195.0	30.552578301774442	17.827795641300465	20.26318923425033	31.356436822674766	0.0
196.0	30.254545454545458	18.054545454545455	19.53939393939394	32.151515151515156	0.0
197.0	29.975945229137114	18.590020354036884	18.74421760315796	32.689816813668045	0.0
198.0	28.99008400176846	18.000378955346427	21.998357860165477	31.011179182719633	0.0
199.0	30.12729844413013	17.902606587189332	19.835657035091263	32.134437933589275	0.0
200.0	28.622417461733818	18.69723385270094	19.795456105429338	32.884892580135904	0.0
201.0	31.53216210541051	17.323440890319873	20.10919017288444	31.035206831385175	0.0
202.0	30.317848410757946	18.452466561196605	20.89745433625773	30.332230691787714	0.0
203.0	29.213310841895414	18.846802637632265	20.26529673362981	31.67458978684251	0.0
204.0	31.071679824904248	18.39287110138357	20.495583522238725	30.03986555147346	0.0
205.0	29.764658954926205	19.94415636218588	19.034702832070202	31.256481850817707	0.0
206.0	29.36909031626997	18.07955656993805	20.133681121617215	32.41767199217476	0.0
207.0	29.517871986699916	19.883624272651705	20.931005818786367	29.66749792186201	0.0
208.0	31.370549749341492	18.12388478205455	19.483388563174444	31.022176905429514	0.0
209.0	28.178039487357122	19.700381018358158	19.821614132317283	32.299965361967445	0.0
210.0	29.26076217360621	16.443189837685253	22.05363443895554	32.242413549753	0.0
211.0	28.248843747166045	20.2593633807926	21.03926725310601	30.45252561893534	0.0
212.0	29.092673459485685	19.03930131004367	20.465793304221254	31.402231926249392	0.0
213.0	30.46403482734738	18.492134164440486	19.808053824082318	31.23577718412981	0.0
214.0	28.88525595177276	18.391744150403596	20.03678348830081	32.68621640952284	0.0
215.0	32.24031690140845	18.221830985915492	19.850352112676056	29.6875	0.0
216.0	29.049483802064792	16.779399549068472	21.537913848344605	32.633202800522135	0.0
217.0	29.98615829872908	17.742544356360888	21.6056373474267	30.665659997483324	0.0
218.0	28.932547478716437	17.498362802881466	20.471512770137522	33.097576948264575	0.0
219.0	28.631090487238982	18.778035576179427	22.08816705336427	30.50270688321732	0.0
220.0	32.22089789431863	16.765991259435836	21.75208581644815	29.261025029797377	0.0
221.0	29.653401797175867	18.07873341891314	21.39495079161318	30.872913992297818	0.0
222.0	29.66101694915254	19.736842105263158	19.93755575379126	30.66458519179304	0.0
223.0	26.688758603109864	20.74942645934234	23.604384399694112	28.957430537853686	0.0
224.0	27.32839187882694	18.788269416693524	21.527553980019338	32.3557847244602	0.0
225.0	28.24274758252751	17.739246415471825	22.04068022674225	31.977325775258418	0.0
226.0	29.76027397260274	19.383561643835616	20.993150684931507	29.863013698630137	0.0
227.0	29.664902998236332	18.342151675485006	19.717813051146386	32.27513227513227	0.0
228.0	27.53256150506512	18.560057887120117	23.154848046309695	30.752532561505063	0.0
229.0	28.603859250851304	19.447597427166098	17.707150964812712	34.24139235716988	0.0
230.0	30.473372781065088	15.595942519019443	20.160608622147084	33.77007607776839	0.0
231.0	27.89968652037618	16.883116883116884	22.70488132557098	32.51231527093596	0.0
232.0	32.7632282202031	15.820416889363976	19.989310529128808	31.427044361304112	0.0
233.0	29.086809470124013	18.432919954904172	22.604284103720406	29.87598647125141	0.0
234.0	26.44688644688645	21.17216117216117	23.15018315018315	29.230769230769234	0.0
235.0	31.80169286577993	16.08222490931076	23.82103990326481	28.295042321644498	0.0
236.0	25.104022191400833	22.607489597780862	21.63661581137309	30.651872399445214	0.0
237.0	30.08849557522124	20.64896755162242	22.123893805309734	27.13864306784661	0.0
238.0	29.94011976047904	19.16167664670659	18.862275449101794	32.035928143712574	0.0
239.0	27.076923076923077	18.153846153846153	20.615384615384617	34.15384615384615	0.0
240.0	25.483870967741932	16.451612903225808	25.806451612903224	32.25806451612903	0.0
241.0	26.158940397350992	18.874172185430464	17.880794701986755	37.086092715231786	0.0
242.0	30.952380952380953	15.646258503401361	26.53061224489796	26.87074829931973	0.0
243.0	27.586206896551722	20.689655172413794	16.896551724137932	34.82758620689655	0.0
244.0	25.089605734767023	25.806451612903224	16.48745519713262	32.61648745519714	0.0
245.0	23.456790123456788	20.98765432098765	20.5761316872428	34.97942386831276	0.0
246.0	24.778761061946902	17.699115044247787	23.008849557522122	34.51327433628318	0.0
247.0	37.16814159292036	20.353982300884958	16.8141592920354	25.663716814159294	0.0
248.0	26.168224299065418	17.75700934579439	23.364485981308412	32.71028037383177	0.0
249.0	31.25	15.625	22.916666666666664	30.208333333333332	0.0
250.0	16.3265306122449	22.448979591836736	24.489795918367346	36.734693877551024	0.0
