# Position (bp)	A	C	G	T	N
0.0	29.39188011848754	25.387698205262243	15.668234884126154	29.552186792124065	0.0
1.0	27.5453637709603	20.035808972902245	15.256688358640636	37.16213889749682	0.0
2.0	27.737474881645717	19.420319471407648	18.361091243486257	34.481114403460374	0.0
3.0	26.045372172629033	21.25310423518357	15.85005705080878	36.85146654137861	0.0
4.0	34.114796503061456	13.905896990930225	16.269932222258603	35.70937428374971	0.0
5.0	34.555430046796836	16.0303372599645	22.646441826690335	26.76779086654833	0.0
6.0	32.35472444713917	18.11915626894725	19.40517599004372	30.120943293869868	0.0
7.0	31.794045135596434	18.62317466337948	20.165623617169224	29.417156583854858	0.0
8.0	24.369114877589453	23.79158819836786	21.4030131826742	30.436283741368484	0.0
9.0	29.02030393622322	17.9559043348281	17.17737917289487	35.846412556053814	0.0
10.0	27.93353137764575	16.64810001237777	22.80294590914717	32.61542270082931	0.0
11.0	28.621506103748345	19.04615479228806	20.11930752436887	32.21303157959473	0.0
12.0	27.69691780821918	19.728473581213308	20.006727005870843	32.56788160469667	0.0
13.0	27.953916770526188	20.117335927288202	18.694713803690306	33.2340334984953	0.0
14.0	30.546477850399416	18.324860808520942	20.515613652868556	30.613047688211086	0.0
15.0	29.794283304719738	18.734375470618357	19.068702749917172	32.40263847474474	0.0
16.0	29.91304347826087	17.739130434782606	19.148425787106447	33.199400299850076	0.0
17.0	30.329998506794087	18.77855756308795	19.88651635060475	31.004927579513215	0.0
18.0	31.041052662915664	18.275728617784527	18.26084367836623	32.42237504093358	0.0
19.0	30.298715552786927	18.097950223962506	19.180682863160392	32.42265136009018	0.0
20.0	29.910991513144275	18.221604518437474	19.76520684862643	32.10219711979182	0.0
21.0	29.926340601060698	18.685916322922804	18.847967000589275	32.53977607542723	0.0
22.0	30.090783559068075	17.760084613802626	19.602197608484882	32.54693421864442	0.0
23.0	30.0263774912075	18.106682297772565	20.11430246189918	31.752637749120748	0.0
24.0	30.087149792361235	18.795695151196114	18.745978826694742	32.37117622974791	0.0
25.0	29.861293619506498	18.201197255073733	19.232004672214924	32.705504453204846	0.0
26.0	30.248155600268277	17.67124486046715	20.43274137579098	31.647858163473597	0.0
27.0	29.918438683367317	18.450334983979026	19.018351296242354	32.6128750364113	0.0
28.0	29.594063727629855	18.332605848974246	19.429652262476356	32.64367816091954	0.0
29.0	30.295716902678027	18.545549707772384	19.336454304905352	31.82227908464424	0.0
30.0	29.94184355917418	18.51119511485897	19.10439081128235	32.4425705146845	0.0
31.0	30.092767615668713	17.68400849158112	19.251461308052463	32.97176258469771	0.0
32.0	30.406839794108237	18.285980166923547	19.911594497920724	31.395585541047488	0.0
33.0	30.26522421915896	18.51334845576688	19.327633339149656	31.893793985924507	0.0
34.0	30.079692862544356	18.425338840090745	19.027398057122912	32.46757024024199	0.0
35.0	30.006690130602987	18.240786526658717	19.648622705721515	32.103900637016785	0.0
36.0	30.03752508944934	18.512377461674955	18.93708002443494	32.51301742444076	0.0
37.0	29.30497774415966	18.520350274925086	19.550228376923748	32.6244436039915	0.0
38.0	29.502473086994474	18.402676752982252	20.386965376782076	31.707884783241198	0.0
39.0	29.957511204237242	18.255631220534312	19.62924160409755	32.1576159711309	0.0
40.0	29.87977060347588	18.2003435125615	19.460859945853105	32.45902593810951	0.0
41.0	29.89834852765561	18.052602452450994	20.318643870328838	31.73040514956456	0.0
42.0	29.793123543123546	19.023892773892772	18.983100233100235	32.19988344988345	0.0
43.0	29.616998950682056	17.96082546344876	19.7126034744083	32.709572111460886	0.0
44.0	29.819804058782367	18.29076277116865	20.10146955913226	31.787963610916727	0.0
45.0	29.464441981214634	18.82912315500846	19.313342278746866	32.39309258503004	0.0
46.0	29.40283696223221	18.081256202206525	19.704045297997784	32.81186153756348	0.0
47.0	29.794690575625708	18.501211997313163	20.124996349405684	31.57910107765544	0.0
48.0	30.229092396703876	18.686809654608147	19.101747413944246	31.98235053474373	0.0
49.0	29.837082102430607	18.084764105414024	19.34540349235134	32.73275029980403	0.0
50.0	29.652405634132773	18.606694193094967	19.804386658467305	31.93651351430496	0.0
51.0	30.128148734641215	18.668074250021995	19.025835019500896	32.1779419958359	0.0
52.0	30.097229973856592	17.86564051346826	19.416620156860443	32.620509355814704	0.0
53.0	30.22913786510574	17.751566314674825	20.407683030855665	31.611612789363768	0.0
54.0	30.05097380594596	18.380034768260703	19.113703998349983	32.45528742744335	0.0
55.0	29.919145420207744	18.050637393767705	19.31067044381492	32.71954674220963	0.0
56.0	29.503738953093134	18.582449088168357	20.326308633582595	31.587503325155915	0.0
57.0	29.53550295857988	18.571005917159763	19.36094674556213	32.532544378698226	0.0
58.0	29.959718026183285	17.860316331970854	19.36792844025828	32.812037201587586	0.0
59.0	29.911892966270138	18.084191165564093	20.71553591029102	31.288379957874753	0.0
60.0	29.75263126598085	18.7369923291907	19.364333709936375	32.146042694892074	0.0
61.0	29.96362985928929	17.782613880276653	19.404364416885286	32.84939184354877	0.0
62.0	29.76115744477326	18.303291184647115	20.04603473530027	31.889516635279346	0.0
63.0	29.57932295883182	18.42823303649066	19.273784894006177	32.71865911067135	0.0
64.0	29.645778205436613	17.774236228049073	19.428073129660813	33.1519124368535	0.0
65.0	29.134998190372784	17.933405718422005	20.39449873326095	32.53709735794426	0.0
66.0	30.26948552762907	18.213713214166894	19.10292471947494	32.41387653872909	0.0
67.0	29.89115605008641	18.14571142709881	19.240214656034926	32.72291786677985	0.0
68.0	29.724882200942393	18.22161422708618	20.197598419212646	31.85590515275878	0.0
69.0	29.8933577087142	18.41255332114564	19.335770871419868	32.35831809872029	0.0
70.0	29.74989298599645	17.611447440836546	19.702806824435886	32.93585274873112	0.0
71.0	29.56700524749133	18.093104612268696	20.406910731273207	31.932979408966766	0.0
72.0	29.948486998365155	18.331842438076436	19.312748696751907	32.406921866806506	0.0
73.0	30.20633248652333	17.538261354482927	19.45907429208749	32.79633186690625	0.0
74.0	29.352056543263693	18.625649967307034	20.403524613133232	31.618768876296045	0.0
75.0	29.977481703884408	18.518171013948834	19.0154500531682	32.48889722899856	0.0
76.0	29.7523258737742	17.994091023384463	19.707065627357302	32.54651747548403	0.0
77.0	29.933733038813504	18.57052698011991	20.15462290943515	31.34111707163143	0.0
78.0	30.203616327306122	18.053136578105704	18.96196839671934	32.781278697868835	0.0
79.0	29.693364717857367	18.24861632419365	19.231503276289843	32.82651568165914	0.0
80.0	30.154622707814198	18.065938278704234	19.83259855600281	31.946840457478753	0.0
81.0	29.761560925515866	18.75100285613427	19.373575944289335	32.11386027406052	0.0
82.0	29.757640300771293	18.03982315164424	19.091877238842095	33.11065930874237	0.0
83.0	29.75300617484563	18.20929476763081	19.977250568735784	32.06044848878778	0.0
84.0	30.228447993716046	18.33147869346076	18.989330365909538	32.450742946913664	0.0
85.0	30.154231479040337	17.690482467703664	19.387687846032165	32.767598207223834	0.0
86.0	30.24805995887776	18.007561185912316	20.1565298136234	31.587849041586523	0.0
87.0	30.555740876642872	18.52358396157182	19.02728667689639	31.893388484888916	0.0
88.0	30.013418316001346	17.698758805769877	19.40959409594096	32.87822878228782	0.0
89.0	30.31446964845462	18.352489130068424	19.919781590212004	31.413259631264957	0.0
90.0	29.89082525259375	18.39018105377365	19.251373160642842	32.46762053298976	0.0
91.0	29.780852731672404	18.315667495995363	19.569885143655636	32.3335946286766	0.0
92.0	29.860729967069155	18.166849615806804	19.83397365532382	32.138446761800225	0.0
93.0	30.16970241592645	18.121176511250127	18.891922718003666	32.81719835481975	0.0
94.0	29.793386990000347	18.21539319187485	19.560294066408836	32.43092575171597	0.0
95.0	30.48750483287055	17.98530807352993	20.192611858985625	31.334575234613897	0.0
96.0	30.207150964812712	18.554909194097615	19.200482406356414	32.037457434733255	0.0
97.0	30.02393626522811	17.809295845093065	19.84566467793219	32.32110321174663	0.0
98.0	29.557483887228603	17.985093436071004	20.537932524394193	31.919490152306196	0.0
99.0	29.91623454327882	19.048482431011347	18.888929180113863	32.14635384559597	0.0
100.0	30.16725094945954	17.513876716330703	19.526000584282794	32.79287174992697	0.0
101.0	29.95220588235294	18.1875	19.84926470588235	32.01102941176471	0.0
102.0	29.785971289736267	17.886420119440633	19.611261545309546	32.71634704551356	0.0
103.0	29.332086061739943	17.90458372310571	19.577174929840975	33.186155285313376	0.0
104.0	31.024187452758884	17.7286470143613	19.799697656840515	31.447467876039305	0.0
105.0	29.764993132916224	18.510605829391118	19.357546162063176	32.36685487562948	0.0
106.0	30.113329735563948	17.411918895998767	19.867396499884357	32.607354868552925	0.0
107.0	29.763387297633876	18.045610211706105	20.36114570361146	31.829856787048566	0.0
108.0	29.18940137389598	18.57899901864573	19.854759568204123	32.376840039254176	0.0
109.0	29.375866851595006	17.606498910243708	19.766197741232418	33.25143649692887	0.0
110.0	29.89204318272691	18.06077568972411	20.059976009596163	31.987205117952822	0.0
111.0	29.665361482258913	18.810802082912847	19.501069712993985	32.02276672183426	0.0
112.0	29.363851103689825	17.84230675246396	19.471369227009856	33.32247291683636	0.0
113.0	30.433530766699572	17.84304047384008	20.29450477130635	31.428923988154	0.0
114.0	30.1447948739286	18.057751518681865	19.684613464258966	32.11284014313057	0.0
115.0	29.76060018545056	17.62623282474922	19.65775942004552	32.955407569754705	0.0
116.0	30.063547575382778	17.887149741971253	20.16036166673775	31.888941015908216	0.0
117.0	30.133851468048363	17.741796200345423	19.30915371329879	32.81519861830743	0.0
118.0	30.125267338832874	17.969534284841345	19.6237615119375	32.28143686438828	0.0
119.0	30.303699125982163	17.829080957005385	19.54180277213737	32.32541714487508	0.0
120.0	29.992430651409236	17.98833429805423	19.493298900218175	32.52593615031836	0.0
121.0	29.578351164254247	17.868380832509214	19.810302975815876	32.74296502742066	0.0
122.0	29.69842855845218	18.31228994459079	20.024525388318647	31.964756108638387	0.0
123.0	30.406743746833108	18.066239808374405	19.2546869961767	32.272329448615785	0.0
124.0	29.43868497244793	18.090968525263847	19.29578780237228	33.17455869991594	0.0
125.0	29.82414561312035	17.912499407498697	20.296724652794236	31.96663032658672	0.0
126.0	29.69659085445016	17.99778814252056	19.661489637928547	32.64413136510073	0.0
127.0	29.943475294805577	17.303381736672836	19.822629373355426	32.93051359516616	0.0
128.0	29.6195652173913	18.06818181818182	20.42490118577075	31.887351778656125	0.0
129.0	29.77474539708022	18.02538503988361	19.35483870967742	32.84503085335875	0.0
130.0	29.47058524947972	17.846809806608803	19.851784173392215	32.83082077051927	0.0
131.0	29.86785953005296	17.69242634582755	20.304385829605636	32.135328294513855	0.0
132.0	30.462644576430137	18.25570490778368	19.224757736792746	32.056892778993436	0.0
133.0	29.710719763075783	17.996721138082393	19.842403088476388	32.45015601036543	0.0
134.0	30.253954589475953	18.02431938017863	19.815990530506834	31.90573549983859	0.0
135.0	30.04221259799353	17.93761306945891	19.576777588947973	32.443396743599585	0.0
136.0	29.190154601774847	18.033152871574483	19.908466819221967	32.8682257074287	0.0
137.0	30.13254451333978	17.71431822060413	21.622390352124693	30.530746913931395	0.0
138.0	29.861713822831685	19.267488283284152	19.736156917201875	31.134640976682288	0.0
139.0	30.367971739770383	17.962908448631147	20.058875478363262	31.61024433323521	0.0
140.0	29.313543599257883	19.98922736249925	19.528397869411695	31.16883116883117	0.0
141.0	31.825092744632975	16.602809706257982	19.838229033631332	31.73386851547771	0.0
142.0	28.58821346855482	18.712510048852884	23.022694947745965	29.67658153484633	0.0
143.0	28.539920599911778	18.39435377150419	19.572751906232277	33.492973722351756	0.0
144.0	29.023525620367387	18.833387044795362	18.67225265871737	33.47083467611988	0.0
145.0	27.855870124727776	19.091928990958888	17.97663828944763	35.07556259486571	0.0
146.0	32.451093210586876	15.332024639545116	18.391660461653014	33.82522168821499	0.0
147.0	33.112815820958545	16.16581040185798	21.75381800267436	28.967555774509112	0.0
148.0	31.21340152694389	16.144096064042696	20.98435994366615	31.658142465347268	0.0
149.0	33.75224416517056	13.367063815896852	22.62934551983026	30.251346499102333	0.0
150.0	29.178885630498534	14.672531769305962	25.092864125122187	31.055718475073313	0.0
