# Position (bp)	A	C	G	T	N
0.0	26.08285049613222	23.831157647341918	24.317705916915465	25.768285939610397	0.0
1.0	26.451671917375297	19.987358743851395	15.53730695096033	38.023662387812976	0.0
2.0	28.360001390760768	18.989190460238	18.18536698864536	34.46544116035587	0.0
3.0	22.71421070831548	22.237818066676518	15.280874294253715	39.767096930754285	0.0
4.0	33.77486203566392	13.194122899650187	14.804281963638989	38.226733101046904	0.0
5.0	34.17636900175991	14.860671426731573	23.247988358186046	27.71497121332247	0.0
6.0	30.33098782209335	17.469535471520878	21.433893010697087	30.76558369568869	0.0
7.0	34.934031672965205	16.95485472739525	20.10596300451163	28.005150595127915	0.0
8.0	22.649839237403636	26.852755163275642	22.2707906120704	28.226614987250315	0.0
9.0	27.439336081107875	18.693995759108397	15.883762813085239	37.98290534669849	0.0
10.0	25.957576591964703	16.770295577892295	24.923455793085594	32.348672037057405	0.0
11.0	27.989489334203732	18.055227106398426	19.460738816278752	34.49454474311909	0.0
12.0	25.916208466368968	19.68786827018656	20.95157228520029	33.44435097824419	0.0
13.0	26.377466360402007	20.721840855239886	18.643998295211638	34.25669448914647	0.0
14.0	30.356974646213597	18.47393116422948	19.935978214543795	31.233115975013128	0.0
15.0	29.59619307848021	18.415337298437432	19.94711071968023	32.041358903402134	0.0
16.0	29.807529525840913	17.454384724885497	18.61096308026536	34.12712266900822	0.0
17.0	30.33100429029621	17.897148827101656	19.669819119847016	32.10202776275512	0.0
18.0	31.18364549360803	17.568525838939657	18.752968393566334	32.494860273885976	0.0
19.0	29.865596409141304	18.302579513423893	19.93770737584457	31.894116701590235	0.0
20.0	29.502357258558032	17.576232957880265	20.130879395445685	32.79053038811602	0.0
21.0	28.987610641620947	18.130239770446426	19.899814041053254	32.982335546879376	0.0
22.0	29.534206762898062	19.14173325858965	22.42603636047447	28.898023618037822	0.0
23.0	29.82381657847395	19.91331796740218	20.90631766372852	29.35654779039535	0.0
24.0	32.37475767039485	19.23079329968111	17.970860503123358	30.423588526800682	0.0
25.0	28.916813837506268	21.037322217515975	19.667875871909	30.377988073068757	0.0
26.0	31.692545898528202	16.66516257080504	21.828355873911534	29.813935656755223	0.0
27.0	25.831891267702495	21.012718722436347	24.99896250321953	28.156427506641624	0.0
28.0	26.38873061116136	19.69297341307457	18.704798900187537	35.213497075576534	0.0
29.0	27.730938549230377	20.042148718411518	17.430670512760553	34.79624221959756	0.0
30.0	26.34331545209683	18.91616646655363	16.202722779912335	38.5377953014372	0.0
31.0	34.026038013990515	14.335112776427907	18.5135921770728	33.12525703250878	0.0
32.0	33.90336880082472	15.64966683837313	22.501887549371162	27.945076811430987	0.0
33.0	31.019851266965677	17.572377125670307	20.56861564414821	30.839155963215802	0.0
34.0	33.15303447549013	16.724294215954835	21.592544777068365	28.530126531486665	0.0
35.0	26.172573358301744	20.691533308240626	25.009701089901426	28.126192243556204	0.0
