# Position (bp)	A	C	G	T	N
0.0	26.404417245426142	23.900472780062724	23.708614692143495	25.98649528236764	0.0
1.0	26.775211515678894	20.33635101301803	15.477878720779344	37.410558750523734	0.0
2.0	29.015560073873186	19.54383571488021	17.728390621090735	33.71221359015586	0.0
3.0	23.328700621589867	22.74767118471816	14.986725677126847	38.93690251656513	0.0
4.0	34.32770595578084	13.116336988085711	14.877115822324335	37.67884123380911	0.0
5.0	35.117756175804246	14.8547699925154	23.203064948340106	26.82440888334025	0.0
6.0	31.467712852414127	17.301859888578893	21.014920368225468	30.215506890781512	0.0
7.0	35.27936457194686	17.075942146675587	20.085834601548218	27.558858679829335	0.0
8.0	22.64140438164771	26.95442077362497	23.005329658855878	27.39884518587144	0.0
9.0	27.808688805948854	18.619730216794675	15.403047402324729	38.16853357493174	0.0
10.0	26.866990329751022	16.382533505744906	25.08962093947137	31.66085522503271	0.0
11.0	28.157703562692742	18.37612438075889	19.342038249209466	34.12413380733891	0.0
12.0	26.158494413668087	19.87174679840446	20.977284245021387	32.992474542906066	0.0
13.0	26.458598623181985	21.031573184899795	18.957811433553744	33.55201675836447	0.0
14.0	30.652633859481536	18.3309256819764	20.46614756339875	30.55029289514331	0.0
15.0	29.73982214943296	18.671102704321477	20.018478440094427	31.57059670615114	0.0
16.0	30.18359004426695	17.765967197865002	18.60292589610208	33.44751686176596	0.0
17.0	30.554484506315323	17.853044132363	19.64603106185884	31.946440299462843	0.0
18.0	31.62185556566424	17.99307172124473	18.948228804398465	31.43684390869257	0.0
19.0	30.12603114266098	18.32874149904641	20.02403358743082	31.52119377086179	0.0
20.0	29.598607779074822	17.97189903469215	19.986447965566168	32.44304522066687	0.0
21.0	29.31020725497192	18.498122991467042	20.196142152180233	31.995527601380807	0.0
22.0	29.868095551564267	19.09275101248873	22.64199777238592	28.397155663561087	0.0
23.0	29.789906852804503	20.413512542386407	21.17922647603421	28.61735412877488	0.0
24.0	33.02604530828669	19.501193220397187	17.78801103252261	29.68475043879351	0.0
25.0	29.586234950916484	21.063199648712683	19.613394571257516	29.737170829113314	0.0
26.0	32.307259744296566	16.695288300783957	22.047243498015675	28.9502084569038	0.0
27.0	26.35425023060174	21.184099855288412	25.01255589551374	27.44909401859611	0.0
28.0	26.746001745831304	19.767852917879015	18.679170293294103	34.80697504299558	0.0
29.0	28.23632152283759	20.163025898854404	17.23952861039757	34.36112396791044	0.0
30.0	26.596791405436456	19.045083062923652	16.059122782478312	38.29900274916158	0.0
31.0	34.504719842321684	14.315471854796261	18.247074875373524	32.93273342750853	0.0
32.0	34.612439179399566	15.506353849706448	22.4591881254483	27.422018845445685	0.0
33.0	31.51011866515887	17.39103050749229	21.130422814771883	29.968428012576958	0.0
34.0	33.520100291450476	16.440332205694272	21.79340506386153	28.24616243899373	0.0
35.0	26.61042366277277	20.106354251724177	25.780773056397283	27.502449029105776	0.0
