# Position (bp)	A	C	G	T	N
0.0	14.907112197649921	33.72801730450751	29.796198866644886	21.568671631197684	0.0
1.0	26.980836609848698	25.83734213579983	14.225521895384338	32.95629935896714	0.0
2.0	36.48692755286941	16.95422673914756	15.668928880935498	30.889916827047532	0.0
3.0	23.506696152939462	29.134158799295022	11.533323604360076	35.825821443405445	0.0
4.0	47.143193303676476	9.968288829375973	9.219770738321213	33.668747128626336	0.0
5.0	26.455938482891394	22.805878599970896	21.41458009200703	29.323602825130678	0.0
6.0	41.078397387871945	13.886994151785215	18.340806673450448	26.693801786892397	0.0
7.0	44.49997763764033	14.47515541839975	15.842613712598954	25.182253231360974	0.0
8.0	21.400964569340953	26.497811340929594	21.473362960982836	30.627861128746613	0.0
9.0	20.612057216934616	24.104461901543438	19.522896745814545	35.760584135707404	0.0
10.0	17.347571783055653	21.200372208436725	25.81863700815314	35.63341900035448	0.0
11.0	29.925642330758844	16.386350056432157	15.535441609312414	38.15256600349658	0.0
12.0	22.37638441707881	23.16416060897755	17.241455615671438	37.2179993582722	0.0
13.0	21.707449219916185	25.376220435873904	14.598790344873342	38.31753999933657	0.0
14.0	29.619478122478753	22.963937180181475	16.47970292105525	30.936881776284526	0.0
15.0	40.945256039074415	18.552611222843503	14.720312948924791	25.78181978915729	0.0
16.0	23.570867516145924	15.032073660324663	16.93903822656659	44.458020596962825	0.0
17.0	23.02389004036217	18.805497981891566	24.087487727718994	34.08312425002727	0.0
18.0	32.264890027018524	10.806323853340423	20.136937249753146	36.791848869887914	0.0
19.0	24.0194004101429	22.94196152468995	24.031335785510453	29.007302279656695	0.0
20.0	24.115142519744754	13.921541011668094	17.858574477535942	44.10474199105121	0.0
21.0	23.65606529693217	15.776483578341164	23.246876962047242	37.32057416267943	0.0
22.0	33.33874494014763	16.072472238457042	16.23590276424876	34.35288005714657	0.0
23.0	34.449260361409415	12.195411221805323	15.391167464527536	37.96416095225773	0.0
24.0	24.244611291243416	22.983206402895522	25.358439348076654	27.41374295778441	0.0
25.0	23.05935827149058	32.95240351992072	18.914727012268024	25.07351119632067	0.0
26.0	37.645139418594795	13.673828290533097	21.35668276972625	27.32434952114586	0.0
27.0	30.811296805584938	12.430717156759044	16.977998730696	39.77998730696002	0.0
28.0	32.846097586459095	13.684045554278551	18.184097795423675	35.285759063838675	0.0
29.0	35.49863714862362	14.68030211606084	23.505545036516093	26.31551569879944	0.0
30.0	26.58886330332845	15.49612727653339	16.934268369269414	40.980741050868744	0.0
31.0	25.43909819785156	13.382485987334006	34.89595790480746	26.28245791000697	0.0
32.0	27.17932687298114	12.553923100969053	16.287381473377096	43.97936855267271	0.0
33.0	20.63610243073761	17.280468110987606	25.18088966254902	36.90253979572576	0.0
34.0	30.216497326482987	22.102817918319083	24.556593803300302	23.12409095189762	0.0
35.0	23.357994073015405	14.780680552344522	24.911200319468673	36.9501250551714	0.0
36.0	37.054086362015816	12.844200239078917	19.412578906528534	30.68913449237674	0.0
37.0	28.971815791954253	23.617758878915783	17.92540768127023	29.485017647859742	0.0
38.0	25.700763687210927	15.743788318812522	22.068409164246532	36.487038829730025	0.0
39.0	25.913170752706687	16.063625992810866	29.573387287716052	28.449815966766394	0.0
40.0	35.39391682456928	17.468592896025235	19.181608087534638	27.955882191870845	0.0
41.0	27.55474452554745	18.7032802743822	26.74237094362853	26.999604256441827	0.0
42.0	34.49003826362317	20.56229933588424	14.116857984782513	30.830804415710077	0.0
43.0	27.11691196889753	23.387947792279924	20.68425437378506	28.810885865037488	0.0
44.0	33.739887433002494	17.376271414024995	15.898130224126936	32.98571092884558	0.0
45.0	23.692101889526782	21.252995931107517	25.467922635304607	29.586979544061087	0.0
46.0	33.05005143802836	17.67231739499933	17.817685736011093	31.459945430961223	0.0
47.0	27.16045239453636	22.006689711492207	17.358570773344074	33.47428712062735	0.0
48.0	27.515657620041758	22.9848219827343	21.120577780285505	28.378942616938442	0.0
49.0	26.988701602902676	16.76273366095623	15.778716759289027	40.469847976852066	0.0
50.0	26.71077113913583	20.714170858888657	19.926262835090622	32.648795166884895	0.0
51.0	35.251088067431475	14.16956626589038	20.557871407080764	30.021474259597387	0.0
52.0	27.068566054183012	23.14935884201592	20.853118619961922	28.928956483839148	0.0
53.0	26.420633737399225	18.37104487539709	19.53048843423512	35.677832952968565	0.0
54.0	35.50489730706	17.258665802209	16.26762683214856	30.96881005858244	0.0
55.0	29.932272069464545	17.33140376266281	19.448914616497827	33.28740955137482	0.0
56.0	33.60612798454034	18.250078578829118	17.095260823506127	31.048532613124415	0.0
57.0	26.020931425108383	17.208987925970817	25.99878793529439	30.7712927136264	0.0
58.0	27.11268838794784	17.717514388111276	25.248362732165162	29.921434491775724	0.0
59.0	28.89097112104176	21.901878814088704	17.53159386862717	31.675556196242372	0.0
60.0	35.250408143666576	19.803370786516854	16.978776529338326	27.967444540478247	0.0
61.0	31.808416376370058	19.697282338232974	15.543714420964472	32.950586864432495	0.0
62.0	27.762332001893963	19.901174013864775	17.889446016001553	34.44704796823971	0.0
63.0	32.53470912475816	17.736028132338806	22.06295705924583	27.666305683657207	0.0
64.0	26.850279206735173	19.77296887791884	17.726267427510113	35.65048448783587	0.0
65.0	29.933269780743565	15.684045855637848	22.514727090513553	31.867957273105034	0.0
66.0	29.669318014435113	20.442382285068984	17.43015662591447	32.45814307458143	0.0
67.0	30.462533666203434	20.465362242199895	16.50166640020661	32.57043769139006	0.0
68.0	32.15442000172344	19.724742407642214	18.938116282791476	29.182721307842876	0.0
69.0	29.872320516135385	21.96899740208572	20.32652458168655	27.832157500092343	0.0
70.0	31.725744429106683	16.997387103135473	16.240633011240384	35.03623545651745	0.0
71.0	31.089794962210416	21.78356985217059	18.704920660362237	28.421714525256757	0.0
72.0	33.091608702086724	19.65492575600612	18.913719106112183	28.33974643579498	0.0
73.0	30.735936074185517	18.02599452487237	16.409352109897156	34.82871729104496	0.0
74.0	26.82827585356531	19.94673308590523	23.499093722642137	29.725897337887325	0.0
75.0	29.75302400710226	20.263621903552362	16.282166681052022	33.701187408293364	0.0
76.0	33.97338285360569	19.37480656143609	17.595790776849274	29.056019808108946	0.0
77.0	30.723100560043616	19.152995985528076	20.44778708430391	29.6761163701244	0.0
78.0	28.03597631938471	21.08612052825988	19.434043414461367	31.44385973789404	0.0
79.0	31.289469354695825	22.66474302998089	16.704000404976142	29.341787210347142	0.0
80.0	32.05160669519637	20.278038033982426	15.878301385125726	31.792053885695477	0.0
81.0	32.97581013235965	19.036208732694355	20.285004310563416	27.702976824382574	0.0
82.0	31.238829241085575	17.650115985752134	18.48419931802913	32.62685545513316	0.0
83.0	31.702593572395987	17.066440514917154	21.38399807602243	29.84696783666443	0.0
84.0	27.321220414576047	18.807967158278853	19.969844407277886	33.900968019867214	0.0
85.0	31.946538290998923	20.96661810350288	15.240387660733514	31.846455944764678	0.0
86.0	33.89317250680713	15.569890831361171	19.645265541898873	30.891671119932816	0.0
87.0	29.561366458037348	18.306902686582447	22.126227137170577	30.005503718209624	0.0
88.0	29.741561383971433	20.346120860694032	19.80978713055054	30.102530624783995	0.0
89.0	33.95740427495002	19.002767953252345	19.230867804603	27.808959967194628	0.0
90.0	27.350885933647596	21.7299658912352	16.307055532135056	34.612092642982155	0.0
91.0	32.62295291545749	17.39941959320387	18.056532133314583	31.92109535802406	0.0
92.0	30.156459544032188	18.40475126125551	17.67673542371799	33.762053770994314	0.0
93.0	28.71576742284897	19.997956264050686	22.24734314326589	29.038933169834458	0.0
94.0	31.27745881987014	15.774808517256128	18.346055649874938	34.60167701299879	0.0
95.0	30.186601010755474	21.75456783724245	17.37073992484126	30.688091227160815	0.0
96.0	35.92498891526043	16.72230771237057	18.857098145588274	28.49560522678073	0.0
97.0	27.765472312703583	22.415635179153096	20.19413680781759	29.624755700325732	0.0
98.0	28.266798909000745	18.071958970075823	20.679394991321598	32.98184712960184	0.0
99.0	33.31243387280065	17.15715088104288	20.9164413443578	28.613973901798662	0.0
100.0	27.209381373215503	22.32390315327093	20.25963499450923	30.20708047900434	0.0
101.0	33.64619411469212	18.1542976495783	19.63223435475769	28.567273880971893	0.0
102.0	28.19507917950898	20.210702518864917	22.93415878414284	28.660059517483262	0.0
103.0	30.313439818218274	16.60629552897146	20.891532446701866	32.1887322061084	0.0
104.0	35.87303773065271	15.318094188928669	19.57862847700358	29.230239603415036	0.0
105.0	27.015111604048247	19.169554970192706	22.31387772078192	31.501455704977126	0.0
106.0	34.6360153256705	16.13310628636299	17.71108273023982	31.51979565772669	0.0
107.0	28.32982787483367	21.712380707101055	22.73254067047259	27.22525074759268	0.0
108.0	33.01335559265443	18.361061539347187	19.177076737090555	29.448506130907838	0.0
109.0	27.576305279421625	15.431594904235782	25.096930297641606	31.89516951870099	0.0
110.0	27.977348882808272	17.250259726957463	22.513571648058996	32.25881974217526	0.0
111.0	32.58718190386428	13.139137606032044	21.911816682375118	32.36186380772856	0.0
112.0	31.58082232447677	18.22324476770076	19.18361288407303	31.012320023749446	0.0
113.0	31.94836206253265	17.3554212372211	18.635922692336393	32.06029400790985	0.0
114.0	33.30115393317746	17.628780451014407	19.06026095482314	30.00980466098499	0.0
115.0	27.083965297579326	20.279985439543772	23.77601164836498	28.860037614511917	0.0
116.0	34.69375258331675	17.940082359965096	13.88331827993203	33.482846776786126	0.0
117.0	31.819372736379748	17.951760807582644	23.59096863681899	26.63789781921862	0.0
118.0	32.45423518461061	17.45113248526218	17.26497052435619	32.82966180577102	0.0
119.0	34.11944535429632	18.57813547954393	18.0525010528286	29.249918113331148	0.0
120.0	27.648311720854473	19.47942116143582	22.56624694606277	30.306020171646935	0.0
121.0	31.3418263704077	20.06204431286711	16.704722611530165	31.89140670519503	0.0
122.0	29.354996914996285	15.401287791295543	20.44645540983088	34.797259883877295	0.0
123.0	27.22037511334532	21.4648192042761	18.348419528801642	32.966386153576934	0.0
124.0	29.7369644316925	17.591805985221278	22.454998637536665	30.216230945549555	0.0
125.0	28.132109262814826	18.08354442633795	22.998112263831295	30.786234047015924	0.0
126.0	31.461788617886178	19.734959349593495	16.461788617886178	32.34146341463415	0.0
127.0	29.58223560406473	18.14403298915089	20.425128045687355	31.848603361097023	0.0
128.0	28.907073234984193	20.33555057955743	17.977805584826132	32.77957060063225	0.0
129.0	32.10884353741497	15.473701675792267	20.924174547867928	31.493280238924836	0.0
130.0	31.312371495912945	18.05827190211123	19.298597529378334	31.3307590725975	0.0
131.0	31.950542518294224	17.681890823450246	19.77121709142905	30.59634956682648	0.0
132.0	30.080488011522494	18.647801406422097	18.05303736338219	33.21867321867322	0.0
133.0	27.375588777390945	20.79493480783671	18.989350808928936	32.840125605843404	0.0
134.0	29.613105491628193	14.686832495004479	20.974298904430512	34.72576310893681	0.0
135.0	27.260285838025116	18.04071026418363	23.412732784755306	31.286271113035944	0.0
136.0	31.457537210560293	20.96180355616046	19.38962466628278	28.19103456699646	0.0
137.0	34.997800651007296	18.37248174540336	17.851675903932435	28.778041699656903	0.0
138.0	29.358872040436285	18.476545180455794	19.095504123437085	33.069078655670836	0.0
139.0	30.365313125536176	16.30683442951101	18.583786102373463	34.74406634257935	0.0
140.0	29.60564191134139	21.585348301669548	18.80577144502015	30.003238341968913	0.0
141.0	29.153059002830396	17.713549604470572	21.316858988315555	31.81653240438348	0.0
142.0	29.458837285782145	16.644133445390434	20.270764058903058	33.62626520992436	0.0
143.0	30.280380713930672	20.898764704799426	17.371453819105653	31.449400762164252	0.0
144.0	30.555503930715332	10.13622762837549	22.846469790176	36.46179865073317	0.0
145.0	28.37215398442181	19.377246854403836	21.341372079089275	30.909227082085085	0.0
146.0	36.75234659766946	16.65376116640541	20.97301176603902	25.620880469886114	0.0
147.0	31.204755010287283	20.479311133125048	16.23104473062562	32.08488912596205	0.0
148.0	31.53989581531246	16.41773830805605	19.966168809949444	32.07619706668204	0.0
149.0	32.72297008961477	14.734065251968808	18.149901074601388	34.39306358381503	0.0
150.0	32.81946072684642	14.406017975771787	21.568972254787024	31.205549042594765	0.0
151.0	32.17749566314461	15.518057088787257	21.177653366976816	31.12679388109131	0.0
152.0	28.107850155094248	18.434343434343432	21.025212757496224	32.43259365306609	0.0
153.0	29.271866094007144	21.326215228996908	18.48231846826958	30.919600208726365	0.0
154.0	33.60594192016559	18.799845769831766	17.320453761389697	30.273758548612946	0.0
155.0	30.50097326093638	16.088515520950722	25.399036983915586	28.011474234197316	0.0
156.0	32.880451640920654	17.20950431168187	17.879521062100626	32.030522985296855	0.0
157.0	34.11253965603607	19.49824678577392	20.01586241442645	26.373351143763568	0.0
158.0	35.14482060795143	18.297567351068764	19.064884691597452	27.49272734938235	0.0
159.0	30.709114139693355	15.57069846678024	19.401618398637137	34.31856899488926	0.0
160.0	30.709305328398038	15.881897219591979	24.877334940173885	28.531462511836104	0.0
161.0	34.42990085232214	18.722821360236562	15.420073056183684	31.427204731257607	0.0
162.0	30.083822849976897	19.26605504587156	20.339691549512683	30.310430554638856	0.0
163.0	34.40351695197496	13.981216279224673	20.193609982459645	31.42165678634073	0.0
164.0	33.36401805159523	21.212869619883698	17.26576708053616	28.15734524798491	0.0
165.0	29.31898016997167	17.98300283286119	19.4356940509915	33.26232294617564	0.0
166.0	31.581715487869015	19.27465642221765	18.43314811003636	30.710479979876975	0.0
167.0	33.18464418610026	18.695541636813275	16.10003004599348	32.01978413109298	0.0
168.0	33.20805807791965	17.761852517565767	18.651229020285253	30.378860384229323	0.0
169.0	33.628862567085136	15.934936283897203	17.790859871858526	32.64534127715913	0.0
170.0	36.539564220183486	15.190175840978593	22.496177370030583	25.774082568807337	0.0
171.0	35.61445434137157	18.95623627103097	16.96719530740821	28.46211408018925	0.0
172.0	31.692036611032254	20.67446527335911	15.417747540502177	32.215750575106455	0.0
173.0	34.93737802919888	17.91457720906104	19.243595760974284	27.90444900076579	0.0
174.0	33.91900685788657	18.673975071332034	18.1283475997397	29.278670471041696	0.0
175.0	30.58915827301716	20.759730728349446	19.05147542643114	29.59963557220226	0.0
176.0	33.28821696715869	18.15720925481383	20.417283824505848	28.137289953521634	0.0
177.0	32.700760122033195	17.286312632504266	18.317906820414706	31.695020425047833	0.0
178.0	33.14963303471152	22.258207746754774	16.27445346984616	28.317705748687544	0.0
179.0	35.05739543475392	18.448344108721468	14.97822931785196	31.516031138672645	0.0
180.0	31.036050492083866	22.908643560119813	16.28155755241763	29.77374839537869	0.0
181.0	29.86349506690093	21.046087309095824	18.113258548452492	30.977159075550748	0.0
182.0	30.20753477165699	17.106560070090897	18.133282225386047	34.552622932866065	0.0
183.0	31.42865048839204	20.725531973767954	19.397326987465068	28.448490550374938	0.0
184.0	33.410894003532285	15.853214095483725	14.622522497266688	36.11336940371731	0.0
185.0	30.541481502448413	19.267457329672506	19.30991536697897	30.88114580090011	0.0
186.0	30.43366177818515	19.05934922089826	18.454972502291476	32.052016498625115	0.0
187.0	32.26153131172302	18.095736028813754	20.852213314743814	28.790519344719414	0.0
188.0	28.24584619908837	16.559329510366123	22.526099103073076	32.66872518747243	0.0
189.0	31.30106851037084	17.4583221094849	17.61096644817575	33.62964293196851	0.0
190.0	31.40701233370708	17.639928482681295	20.88245098336313	30.070608200248493	0.0
191.0	30.75809382989865	19.30197455564797	18.362443397098236	31.577488217355143	0.0
192.0	29.837804117280097	19.3418590143481	18.580786026200872	32.23955084217093	0.0
193.0	32.82080485952923	18.738926853961022	19.839913945836496	28.600354340673245	0.0
194.0	30.87612323491656	19.51219512195122	19.178433889602054	30.433247753530168	0.0
195.0	30.957336108220602	17.237903225806452	20.4474505723205	31.357310093652448	0.0
196.0	31.667492976367544	14.301768302759873	22.392992893736572	31.63774582713601	0.0
197.0	28.499983217534318	21.105628838989023	20.249723089316284	30.144664854160375	0.0
198.0	30.43923066430228	19.011731005319874	19.58464056745328	30.964397762924566	0.0
199.0	30.6541538248433	18.69654049935935	15.604114000761852	35.0451916750355	0.0
200.0	24.991210182125027	18.180859292595457	20.768581674987693	36.05934885029182	0.0
201.0	31.474588403722265	15.264853256979242	21.768074445239797	31.492483894058697	0.0
202.0	29.325162272908585	20.063821300358995	23.12434274939261	27.486673677339812	0.0
203.0	34.00029478959393	16.183948706610657	18.656496425676174	31.159260078119246	0.0
204.0	33.38751748383926	22.855630741314783	19.328620572335844	24.428231202510112	0.0
205.0	34.70282746682054	21.52336987882285	15.779957684170032	27.993844970186576	0.0
206.0	33.01211453744494	18.502202643171806	19.53272498426683	28.95295783511643	0.0
207.0	27.362386240628634	19.420278234374376	22.48727097782945	30.73006454716754	0.0
208.0	34.332925336597306	17.870257037943695	17.343941248470014	30.452876376988986	0.0
209.0	28.94954850468064	17.07397895783282	23.896114654958165	30.080357882528375	0.0
210.0	34.302718217119704	16.528786088131014	22.497045416174235	26.671450278575048	0.0
211.0	33.692571919278656	15.564620008587376	22.24130528123658	28.501502790897383	0.0
212.0	31.616263293798415	19.926473806293494	20.556698323777848	27.90056457613025	0.0
213.0	31.69184020019662	19.273393511484493	21.288765752077936	27.74600053624095	0.0
214.0	31.518872214643018	16.475670759436106	20.823101409731695	31.182355616189177	0.0
215.0	28.176077265973255	18.048848439821693	22.037518573551264	31.737555720653788	0.0
216.0	32.65644229858942	14.901069771845119	20.557606740509325	31.88488118905614	0.0
217.0	29.816336394393428	15.993233446109231	19.15901401643306	35.031416143064284	0.0
218.0	32.60269924145404	17.756871244212395	18.569599054280367	31.070830460053195	0.0
219.0	32.95072928675255	15.843817352513659	21.638013132173825	29.56744022855997	0.0
220.0	29.757271609995904	15.60835723064318	19.484842277755018	35.1495288816059	0.0
221.0	31.118331411801698	16.229954931348914	22.827795828529503	29.823917828319885	0.0
222.0	29.86658093554091	19.193055778813694	18.619728875314795	32.3206344103306	0.0
223.0	31.727282716185034	21.552576639929676	19.83847928799033	26.88166135589496	0.0
224.0	33.847015970860184	20.039226674138412	18.543009246287475	27.57074810871393	0.0
225.0	29.745091284877713	20.28935583878746	19.78987254564244	30.17568033069239	0.0
226.0	29.252259654889073	15.342176311773684	22.220917948115975	33.18464608522127	0.0
227.0	31.11204163426452	16.360591015134293	23.443201531375244	29.084165819225937	0.0
228.0	29.51593137254902	17.46936274509804	21.61764705882353	31.397058823529413	0.0
229.0	30.615432677288346	18.32552327397688	21.105904404873478	29.95313964386129	0.0
230.0	31.37992602984313	21.349317689070272	19.060068868766738	28.210687412319857	0.0
231.0	30.68831766484781	16.72473867595819	17.11261587009401	35.47432778909999	0.0
232.0	28.89518413597734	18.51477134763254	20.45730473492513	32.13273978146499	0.0
233.0	24.836373764099704	19.08508564266815	19.30093301768556	36.77760757554658	0.0
234.0	29.724535554131965	16.513630863406647	22.713360381521817	31.04847320093957	0.0
235.0	32.28392362629354	15.988922897536803	19.873196327066026	31.85395714910363	0.0
236.0	28.47108055597071	17.142430130025406	20.333283515169633	34.053205798834256	0.0
237.0	31.938814531548758	17.05544933078394	21.81261950286807	29.19311663479924	0.0
238.0	28.64468286525718	22.664878510571157	17.17418744083307	31.516251183338596	0.0
239.0	27.860212438174003	20.40865969350523	18.430227843995784	33.30090002432498	0.0
240.0	32.9852990310725	17.524223187437354	19.896424991647176	29.594052789842966	0.0
241.0	28.66850163426802	16.136246344400483	20.858420781008085	34.33683124032341	0.0
242.0	28.082434105784536	18.485759773571555	24.243764372899346	29.18804174774456	0.0
243.0	29.120277422887387	20.32305165176127	16.517612703048002	34.03905822230334	0.0
244.0	27.619584625505123	21.85884785264543	15.938351658678695	34.58321586317075	0.0
245.0	33.388062584508404	13.65655785203786	17.384585667374928	35.57079389607881	0.0
246.0	32.364938812058504	15.520843697144562	19.39110536265048	32.723112128146454	0.0
247.0	37.97520661157025	15.50619834710744	25.640495867768593	20.878099173553718	0.0
248.0	33.09904844290658	14.078719723183392	21.745242214532873	31.07698961937716	0.0
249.0	25.397767751127997	21.34884825457136	23.67608644027547	29.577297554025172	0.0
250.0	19.514415781487102	22.610015174506827	29.893778452200305	27.981790591805765	0.0
