# Position (bp)	A	C	G	T	N
0.0	29.620342782972948	24.649694681259035	14.879494970353107	30.850467565414906	0.0
1.0	28.265624544314505	19.557292426142496	15.660999154247717	36.51608387529529	0.0
2.0	28.28323582812185	19.092769244070436	18.63166085477968	33.99233407302804	0.0
3.0	26.31818181818182	20.911931818181817	15.775568181818182	36.99431818181818	0.0
4.0	33.98970935892087	14.401335002085942	16.4928382700598	35.116117368933395	0.0
5.0	34.324146622102894	15.968988000657497	22.363158183113256	27.34370719412635	0.0
6.0	32.16440728414103	18.210352571907894	19.53621776659361	30.089022377357473	0.0
7.0	31.61861338339815	18.444414643958694	20.026820437173125	29.910151535470032	0.0
8.0	25.359118961481165	23.044796765269208	20.90870397957012	30.687380293679507	0.0
9.0	29.30497651591113	17.987756609847487	17.512797509103383	35.194469365138005	0.0
10.0	28.801529516526113	17.000157142108847	22.246084542454557	31.952228798910483	0.0
11.0	29.514593413454033	18.737318557827376	19.59315332188752	32.15493470683107	0.0
12.0	28.15253055002971	19.626940863409718	19.831038313483347	32.38949027307722	0.0
13.0	28.672657252888317	19.399229781771503	18.862644415917842	33.06546854942234	0.0
14.0	30.688748819761656	18.11059790236558	20.629290325873377	30.571362951999387	0.0
15.0	30.163526484180593	18.767457213955616	18.84363414758011	32.225382154283686	0.0
16.0	30.020458161796277	17.78597226782512	19.043770363448083	33.14979920693052	0.0
17.0	30.820075900374476	18.256301993013142	19.89243258186936	31.03118952474302	0.0
18.0	30.77634704338042	18.224778097262156	18.647330916364545	32.35154394299287	0.0
19.0	29.94750852053636	17.993880140308978	19.384531183919197	32.674080155235465	0.0
20.0	30.081482031849816	18.08207642965054	19.94947618693811	31.886965351561532	0.0
21.0	29.92745756020529	18.61429135412554	19.031287011448875	32.426964074220294	0.0
22.0	29.83859062054033	17.929727867723045	19.585650312484624	32.64603119925201	0.0
23.0	30.21623346341703	18.322165770807256	19.723633507596396	31.737967258179317	0.0
24.0	30.08344957541052	18.880160536426597	18.483713873186012	32.552676014976875	0.0
25.0	30.185637518319492	18.21934538348803	19.230581338544212	32.364435759648266	0.0
26.0	30.616476787587523	18.069820204435118	19.789709936327487	31.523993071649876	0.0
27.0	29.915925429511393	18.65236992811015	19.12026318995979	32.31144145241866	0.0
28.0	29.944780948210852	18.11282200977888	19.39477973193218	32.54761731007809	0.0
29.0	30.27924271514327	18.195737234792333	19.607747830947577	31.91727221911683	0.0
30.0	30.07489543818695	18.54634763155335	19.217488571150668	32.16126835910904	0.0
31.0	29.8671920607122	18.084744113640784	19.40552636699747	32.64253745864954	0.0
32.0	30.126021798365123	18.39966913195796	19.87884390813546	31.59546516154146	0.0
33.0	29.83796408933872	18.566006520363974	19.17668239988322	32.41934699041409	0.0
34.0	29.772998223887498	18.174740273959273	19.335295978200044	32.71696552395319	0.0
35.0	30.07615757074381	17.679262269154965	20.044283315895765	32.200296844205454	0.0
36.0	29.727954058789173	18.563850496398675	19.259781973914734	32.448413470897414	0.0
37.0	29.464589924555852	18.405938184473108	19.647116086639084	32.48235580433195	0.0
38.0	30.08250784919804	18.3440017523791	20.045269793365296	31.528220605057562	0.0
39.0	30.025073638598798	18.164999147983156	19.637771123931934	32.172156089486116	0.0
40.0	29.864121170798224	18.319290897579506	19.19592850533288	32.620659426289386	0.0
41.0	30.150766008232456	18.040772584455755	19.981976276883355	31.826485130428427	0.0
42.0	29.901578639641397	18.712239329565385	19.177548236211265	32.20863379458196	0.0
43.0	29.53260551710693	18.218149917145922	19.590115995711084	32.65912857003607	0.0
44.0	30.151108944674625	18.028271996100415	20.25591030952961	31.56470874969535	0.0
45.0	29.70403237603004	18.789312009361744	19.330537812667608	32.17611780194061	0.0
46.0	29.50859651262041	18.197780758444093	19.451286428484334	32.842336300451166	0.0
47.0	29.595570299541418	18.494487267050445	19.953166162552442	31.95677627085569	0.0
48.0	30.201112955188908	18.39304891145172	18.961729961925215	32.44410817143415	0.0
49.0	29.56232903477921	18.46912856584603	19.38257131692067	32.58597108245409	0.0
50.0	29.71267881159066	18.63063944247463	19.767697762562662	31.88898398337205	0.0
51.0	30.111160080309485	18.66705842025366	19.002497429117085	32.21928407031977	0.0
52.0	30.087996666421553	18.175356031080717	19.38377821898669	32.352869083511045	0.0
53.0	30.332916268001277	18.11780868967886	20.254655185103406	31.294619857216453	0.0
54.0	29.99336755999902	18.42590090643347	19.15546930654155	32.42526222702596	0.0
55.0	29.607592446892212	18.07631785995279	19.40401258851298	32.91207710464201	0.0
56.0	29.43260666305792	18.293883175040598	20.43944687761429	31.83406328428719	0.0
57.0	29.499273416910913	18.455210462796483	19.19903450653925	32.846481613753355	0.0
58.0	29.93762481201154	17.603116293976974	19.538472917334385	32.9207859766771	0.0
59.0	29.559872627187676	18.209868924489644	20.463577793685666	31.766680654637014	0.0
60.0	29.552703805355684	18.539673120193854	19.43476003263853	32.472863041811934	0.0
61.0	29.82934139152404	18.29688157927328	19.114259529883835	32.759517499318854	0.0
62.0	29.786758682322567	18.283146736836876	20.271578581535636	31.65851599930492	0.0
63.0	30.10177420558887	18.386542911886927	19.135541344215792	32.3761415383084	0.0
64.0	29.733167082294266	18.22942643391521	19.17206982543641	32.86533665835412	0.0
65.0	29.7671397161703	17.884269438336997	20.37277633419948	31.975814511293226	0.0
66.0	30.038060897435898	18.18409455128205	19.293369391025642	32.48447516025641	0.0
67.0	29.72932293103881	18.25502345533452	19.391415598424604	32.62423801520207	0.0
68.0	29.85194681145213	17.914687177940326	20.11411909609632	32.11924691451122	0.0
69.0	29.64912722601446	18.656960781844287	19.410090425933856	32.2838215662074	0.0
70.0	29.421867501831134	17.826383451620238	19.52112747202788	33.23062157452075	0.0
71.0	29.823894590143162	18.084378563283924	20.17737235525149	31.914354491321422	0.0
72.0	29.806494266025886	18.46314237038167	19.4522846899077	32.278078673684746	0.0
73.0	30.128875845348986	17.841010590787292	19.36200076559908	32.668112798264644	0.0
74.0	29.82955273612713	18.467256183519158	20.33064206074587	31.372549019607842	0.0
75.0	30.15619773037235	18.0952626026093	19.392192686755358	32.35634698026299	0.0
76.0	30.109804934762952	18.005425655600053	19.42901433923266	32.455755070404344	0.0
77.0	29.959031271067783	18.443706892081106	20.07208421926049	31.52517761759062	0.0
78.0	30.08976193573566	18.52998569012619	19.0451411473917	32.335111226746456	0.0
79.0	29.870570429518295	18.300193100568865	19.067376441730598	32.76186002818224	0.0
80.0	30.102909214695334	18.183246484589805	20.052894812642382	31.660949488072482	0.0
81.0	30.08593729468345	18.422643294525766	19.095424561772358	32.39599484901842	0.0
82.0	29.864026402640263	18.08052805280528	19.23960396039604	32.81584158415842	0.0
83.0	29.934970139349705	18.19774386197744	19.82216323822163	32.04512276045123	0.0
84.0	30.206859735753373	18.374482850660616	19.08180968904311	32.336847724542906	0.0
85.0	29.966447456717223	17.887531874916117	19.328949134344384	32.81707153402228	0.0
86.0	29.742483483888364	18.23109073749494	20.029661588243226	31.996764190373465	0.0
87.0	30.4599880804031	18.326380235141137	19.011757056943164	32.201874627512595	0.0
88.0	30.011704183565147	17.937341789379133	19.447998040229727	32.60295598682599	0.0
89.0	30.25805040730414	18.37515718112733	19.94696845443114	31.41982395713739	0.0
90.0	30.041762831080337	18.023958676777667	19.246620507748105	32.687657984393894	0.0
91.0	29.553425943826124	17.937529343533377	19.82932420116546	32.67972051147505	0.0
92.0	29.951690821256037	18.260314287300794	20.012216114165142	31.77577877727803	0.0
93.0	30.726241372565454	18.168608712661023	18.864392097689105	32.240757817084415	0.0
94.0	29.86292887500352	18.23299276647246	19.389794252582398	32.51428410594163	0.0
95.0	30.118568105746867	18.03483292676008	20.298405854654792	31.54819311283826	0.0
96.0	29.75891224862888	18.53576325411335	19.25274223034735	32.45258226691042	0.0
97.0	29.87718945037246	17.788834881647446	19.882654088412092	32.451321579568	0.0
98.0	30.37637521713955	18.09206716850029	20.037637521713954	31.493920092646206	0.0
99.0	29.932764793200807	18.773466833541928	18.872427743982303	32.421340629274965	0.0
100.0	29.62409977164939	17.799636981087886	19.749399847766263	32.82686339949646	0.0
101.0	30.17383618149676	18.08485562757808	20.08249852681202	31.658809664113143	0.0
102.0	30.215229330562565	17.92786106575627	19.290485379248924	32.56642422443224	0.0
103.0	29.610910069683282	17.788677213864883	19.598050064300025	33.00236265215181	0.0
104.0	30.273679128571864	17.645816360399504	20.319242026492866	31.761262484535774	0.0
105.0	29.91593567251462	18.49719785575049	19.37743664717349	32.209429824561404	0.0
106.0	29.770640793392488	17.72851484540514	19.512419785685776	32.988424575516596	0.0
107.0	29.988841361353913	17.88481805219763	20.159940487260556	31.966400099187897	0.0
108.0	29.313039129891237	18.75546943367921	19.424303037879735	32.50718839854982	0.0
109.0	29.478258131553257	17.56982272741585	19.858937623980605	33.09298151705028	0.0
110.0	29.60190325138779	18.20142743854084	20.437747819191117	31.758921490880255	0.0
111.0	30.044140225179124	18.490916069600818	19.332139201637666	32.1328045035824	0.0
112.0	29.6039476230407	17.49338837644327	19.709088563503837	33.19357543701219	0.0
113.0	30.030909386692695	18.27558158451277	20.4099560761347	31.283552952659832	0.0
114.0	30.185519619110163	18.24330980134625	19.34329338368084	32.227877195862746	0.0
115.0	29.87366117319362	17.641012037006334	19.647179759259874	32.83814703054017	0.0
116.0	30.32487343681899	17.728903342609044	20.159586951419854	31.786636269152112	0.0
117.0	29.61933493779872	18.16548591573167	19.287481780278632	32.927697366190976	0.0
118.0	29.94359938472056	18.037942232097077	19.51119466757819	32.50726371560417	0.0
119.0	30.305435720448664	17.987920621225197	19.347713546160485	32.358930112165666	0.0
120.0	30.126688013364888	18.04260058471391	19.483502714743143	32.34720868717806	0.0
121.0	29.768796267059606	17.77005929200435	19.56285303301407	32.898291407921974	0.0
122.0	29.604563815463113	18.396995251931116	20.122599390546384	31.875841542059387	0.0
123.0	29.87273704965048	17.874170998386806	19.24000716974368	33.01308478221904	0.0
124.0	29.67327845668492	18.141929869093808	19.501758711970123	32.683032962251154	0.0
125.0	29.67784642541924	18.597381582818475	19.671226831421006	32.05354516034128	0.0
126.0	30.27167845180499	18.280610346110905	19.341272794938593	32.10643840714552	0.0
127.0	30.160169235418554	17.72061045633122	19.48473859171955	32.63448171653067	0.0
128.0	29.618723469348733	18.23396688209874	20.409958315805575	31.73735133274695	0.0
129.0	29.933317825850974	18.314336667442042	19.353337985578044	32.39900752112895	0.0
130.0	29.739806130057687	17.742631764844393	19.50472901377497	33.012833091322946	0.0
131.0	29.845284969971765	18.001034085033606	20.08113590263692	32.07254504235772	0.0
132.0	30.351965206185564	17.956668814432987	19.285599226804123	32.40576675257732	0.0
133.0	29.81417194200531	18.068205023483767	19.526240555442108	32.59138247906882	0.0
134.0	29.864047086131144	18.121528641299843	19.916272900605154	32.09815137196386	0.0
135.0	29.480645297165243	18.112126700644453	19.7885514510762	32.618676551114106	0.0
136.0	29.241444296911805	17.80100227009894	19.88264016790166	33.07491326508759	0.0
137.0	29.938607567379282	18.008446902076894	21.382853659598556	30.67009187094527	0.0
138.0	30.16534420851988	19.16308347001197	19.50441065650073	31.16716166496742	0.0
139.0	30.68601820968178	17.84007932930677	19.54836383304787	31.92553862796358	0.0
140.0	29.33559073853757	19.795003203074952	19.566212135078246	31.303193923309237	0.0
141.0	31.651333519189667	16.977976024533035	19.909859678468543	31.460830777808752	0.0
142.0	29.40815266165982	18.64815077228284	22.648906523074018	29.294790042983326	0.0
143.0	28.284864190421345	18.725405509165945	19.52202706593723	33.46770323447548	0.0
144.0	29.036834124150072	18.666536222667908	19.13613461820672	33.1604950349753	0.0
145.0	27.729748638248964	18.93458597771226	18.499825096197092	34.835840287841684	0.0
146.0	31.94608169750397	15.673209984111528	18.64589206088873	33.73481625749577	0.0
147.0	32.89445742195795	16.064981949458485	21.72435761308133	29.31620301550223	0.0
148.0	30.736795383932535	16.755437194851307	21.216156236129606	31.29161118508655	0.0
149.0	33.47287950491445	13.900012134449701	22.09076568377624	30.536342676859608	0.0
150.0	29.655913978494624	14.709677419354838	24.666666666666668	30.967741935483872	0.0
