# Position (bp)	A	C	G	T	N
0.0	68.99472891566265	6.25	9.676204819277109	15.07906626506024	0.0
1.0	14.646084337349397	68.35466867469879	7.454819277108434	9.544427710843372	0.0
2.0	16.002245929253228	66.90997566909975	5.483810593299644	11.60396780834737	0.0
3.0	71.63398692810458	6.218487394957983	6.162464985994398	15.985060690943042	0.0
4.0	69.25518013813702	9.10957625536681	11.965652417397797	9.669591189098375	0.0
5.0	8.229147228960628	66.29968277663744	6.363127449150961	19.10804254525098	0.0
6.0	9.3639246409252	65.84592426786048	14.362991979108376	10.42715911210595	0.0
7.0	69.74445066218989	5.4467450102592805	9.009513150531617	15.799291177019212	0.0
8.0	76.02012297372835	8.775852431525992	5.906465436929383	9.297559157816284	0.0
9.0	15.461997019374069	65.59239940387481	8.364381520119226	10.581222056631892	0.0
10.0	17.731421121251632	5.215123859191656	5.60625814863103	71.4471968709257	0.0
11.0	16.074418604651164	5.916279069767442	5.841860465116279	72.16744186046512	0.0
12.0	11.19375232428412	6.229081442915582	6.712532539977686	75.86463369282261	0.0
13.0	8.977695167286246	65.07434944237919	8.847583643122677	17.100371747211895	0.0
14.0	16.347761471298533	5.647408508266766	65.96693293702397	12.037897083410737	0.0
15.0	75.51436515291937	6.005560704355885	6.005560704355885	12.47451343836886	0.0
16.0	8.665062025550824	6.906128494723199	8.535456396963525	75.89335308276245	0.0
17.0	10.218437615697889	64.32802665679378	6.127360236949278	19.326175490559052	0.0
18.0	11.024787273399927	7.0107288198298185	5.8453570107288195	76.11912689604144	0.0
19.0	11.02274828925467	66.52487516182725	5.696319585722212	16.756056963195856	0.0
20.0	15.961573988546093	6.077960465545908	6.428967300942176	71.53149824496582	0.0
21.0	11.900369003690036	7.287822878228782	13.523985239852399	67.28782287822878	0.0
22.0	10.86114696662364	5.808593029688365	65.70164115803061	17.628618845657385	0.0
23.0	16.90011057869517	8.256542572797642	5.418356063398452	69.42499078510873	0.0
24.0	69.68692449355433	5.3959484346224675	13.609576427255984	11.307550644567218	0.0
25.0	11.837260677466862	5.87260677466863	65.42709867452136	16.863033873343152	0.0
26.0	68.26126954921803	5.795768169273229	11.904323827046918	14.038638454461822	0.0
27.0	9.952170713760118	14.661515820456216	5.905077262693157	69.48123620309052	0.0
28.0	9.122677947397461	65.25657531727055	4.910796395070811	20.709950340261173	0.0
29.0	16.44289130034946	5.241861320581203	7.688063270185765	70.62718410888358	0.0
30.0	10.614422369389256	7.818248712288447	64.20161883738042	17.365710080941867	0.0
31.0	9.885861561119293	11.966126656848306	5.154639175257731	72.99337260677467	0.0
32.0	8.933185677371725	15.208564045773349	6.109265411590993	69.74898486526394	0.0
33.0	11.614573700758276	72.81302015905308	5.2339559829850195	10.338450157203626	0.0
34.0	10.402808573540282	15.336289726533629	6.3747228381374725	67.88617886178862	0.0
35.0	16.386166081006103	67.56056963195857	5.677825041612724	10.3754392454226	0.0
36.0	9.58017384871463	5.936748659145552	6.103199556130941	78.37987793600888	0.0
37.0	71.2109955423477	6.853640416047549	11.75705794947994	10.178306092124814	0.0
38.0	69.65645311049211	6.350974930362117	5.366759517177345	18.62581244196843	0.0
39.0	71.17133840727678	6.979766103582699	11.007982179320587	10.840913309819937	0.0
40.0	17.430167597765365	65.1582867783985	7.783985102420857	9.627560521415269	0.0
41.0	9.21027949728006	6.790470830988557	67.30444569499156	16.694803976739824	0.0
42.0	71.24882629107981	5.652582159624413	6.422535211267606	16.676056338028168	0.0
43.0	70.82941508369382	6.526236599586232	6.018431446304307	16.625916870415647	0.0
44.0	12.256846081208687	66.10009442870633	5.363550519357885	16.279508970727104	0.0
45.0	28.553459119496853	8.050314465408805	12.830188679245284	50.56603773584906	0.0
46.0	42.9986492570914	12.69698334083746	13.5074290859973	30.79693831607384	0.0
47.0	24.63356973995272	12.624113475177303	14.940898345153663	47.801418439716315	0.0
48.0	37.73314203730273	15.447154471544716	19.273075083692014	27.546628407460545	0.0
49.0	25.155725922376615	16.38715860086248	31.33684714901773	27.120268327743176	0.0
50.0	24.520153550863725	33.20537428023032	15.259117082533589	27.01535508637236	0.0
51.0	25.82813250120019	14.786365818530964	15.602496399423908	43.78300528084493	0.0
52.0	28.173076923076923	12.788461538461537	14.182692307692307	44.85576923076923	0.0
53.0	24.20289855072464	37.43961352657005	15.36231884057971	22.995169082125607	0.0
54.0	28.22502424830262	18.525703200775943	13.239573229873908	40.00969932104753	0.0
55.0	23.737864077669904	14.563106796116504	14.514563106796116	47.18446601941748	0.0
56.0	39.07766990291262	13.78640776699029	21.553398058252426	25.582524271844658	0.0
57.0	28.474246841593782	13.459669582118561	32.798833819241985	25.267249757045672	0.0
58.0	22.11302211302211	20.14742014742015	32.72727272727273	25.012285012285012	0.0
59.0	43.92292490118577	14.920948616600791	17.83596837944664	23.3201581027668	0.0
60.0	23.83548067393459	18.830525272547078	33.64717542120912	23.68681863230922	0.0
61.0	39.64053919121318	17.274088866699948	19.021467798302545	24.063904143784324	0.0
62.0	38.7468671679198	19.949874686716793	18.646616541353385	22.656641604010026	0.0
63.0	31.753846153846155	21.29230769230769	19.138461538461538	27.815384615384612	0.0
64.0	26.637279596977333	17.69521410579345	26.448362720403022	29.219143576826195	0.0
65.0	27.480916030534353	16.730279898218832	22.07379134860051	33.71501272264631	0.0
66.0	28.206764518187622	14.805360561582642	28.65347798340779	28.334396936821953	0.0
67.0	32.885476647472814	16.05886116442738	18.362124120281507	32.6935380678183	0.0
68.0	23.928342930262318	24.632117722328857	18.234165067178505	33.20537428023032	0.0
69.0	25.209542230818826	24.693745970341716	19.342359767891683	30.754352030947775	0.0
70.0	24.96688741721854	22.317880794701985	18.079470198675494	34.63576158940398	0.0
71.0	27.00729927007299	19.708029197080293	20.504313205043132	32.78035832780358	0.0
72.0	28.1624500665779	17.44340878828229	23.635153129161118	30.758988015978694	0.0
73.0	26.671122994652407	18.78342245989305	24.665775401069517	29.879679144385022	0.0
74.0	30.268456375838927	15.838926174496645	21.812080536912752	32.080536912751676	0.0
75.0	26.326393552719946	20.953660174613834	23.10275352585628	29.61719274680994	0.0
76.0	25.63758389261745	23.221476510067113	18.25503355704698	32.88590604026846	0.0
77.0	27.40740740740741	19.865319865319865	18.31649831649832	34.41077441077441	0.0
78.0	28.735632183908045	22.041920216362406	16.36240703177823	32.86004056795132	0.0
79.0	28.28146143437077	20.23004059539919	20.70365358592693	30.784844384303113	0.0
80.0	29.22868741542625	16.035182679296348	20.90663058186739	33.82949932341001	0.0
81.0	31.27962085308057	17.535545023696685	19.025050778605284	32.159783344617466	0.0
82.0	30.534867975626266	17.467840216655382	22.207176709546378	29.79011509817197	0.0
83.0	28.271186440677965	19.050847457627118	21.28813559322034	31.389830508474574	0.0
84.0	27.70745428973277	19.90154711673699	20.60478199718706	31.78621659634318	0.0
85.0	31.808585503166785	18.508092892329344	20.83040112596763	28.85292047853624	0.0
86.0	31.148696264975335	16.701902748414376	23.32628611698379	28.823114869626497	0.0
87.0	32.06483439041578	19.802677942212828	21.000704721634953	27.131782945736433	0.0
88.0	34.859154929577464	17.95774647887324	17.394366197183096	29.788732394366196	0.0
89.0	30.253878702397742	17.348377997179128	17.912552891396334	34.4851904090268	0.0
90.0	30.818053596614952	17.066290550070523	20.02820874471086	32.08744710860367	0.0
91.0	30.18335684062059	21.015514809590975	15.867418899858956	32.933709449929474	0.0
92.0	29.166666666666668	20.19774011299435	17.231638418079097	33.40395480225989	0.0
93.0	31.7090395480226	18.926553672316384	17.51412429378531	31.85028248587571	0.0
94.0	32.69774011299435	16.101694915254235	19.279661016949152	31.92090395480226	0.0
95.0	30.36723163841808	16.94915254237288	19.63276836158192	33.05084745762712	0.0
96.0	28.480565371024735	20.070671378091873	18.303886925795055	33.14487632508834	0.0
97.0	30.88339222614841	16.819787985865727	18.445229681978798	33.851590106007066	0.0
98.0	29.116607773851587	21.554770318021202	19.29328621908127	30.03533568904594	0.0
99.0	33.07420494699647	17.45583038869258	16.46643109540636	33.003533568904594	0.0
100.0	33.05024769992923	15.498938428874734	19.886765746638357	31.56404812455768	0.0
101.0	32.669039145907476	17.295373665480426	19.217081850533805	30.81850533807829	0.0
102.0	31.214285714285715	15.5	21.785714285714285	31.5	0.0
103.0	25.429799426934096	16.332378223495702	20.702005730659025	37.53581661891118	0.0
104.0	26.97274031563845	18.220946915351508	21.16212338593974	33.6441893830703	0.0
105.0	29.483500717360116	20.444763271162124	18.866571018651364	31.2051649928264	0.0
106.0	29.310344827586203	18.318965517241377	19.32471264367816	33.04597701149425	0.0
107.0	31.344356578001438	18.979151689432065	17.46944644140906	32.20704529115744	0.0
108.0	33.549316054715625	17.998560115190784	17.85457163426926	30.597552195824335	0.0
109.0	29.632299927901943	20.69214131218457	19.899062725306415	29.776496034607064	0.0
110.0	26.033357505438726	21.029731689630164	21.537345902828136	31.399564902102973	0.0
111.0	28.581818181818182	19.490909090909092	19.345454545454547	32.581818181818186	0.0
112.0	26.438455935906774	19.737800436999272	21.04879825200291	32.77494537509104	0.0
113.0	29.416058394160583	20.437956204379564	17.37226277372263	32.77372262773723	0.0
114.0	30.072992700729927	18.02919708029197	19.48905109489051	32.408759124087595	0.0
115.0	28.43567251461988	19.736842105263158	18.567251461988306	33.260233918128655	0.0
116.0	30.227439471753488	18.34189288334556	18.488628026412325	32.94203961848863	0.0
117.0	32.20338983050847	17.907148120854828	18.422991893883566	31.466470154753136	0.0
118.0	25.865880619012525	18.717759764185704	20.33898305084746	35.07737656595431	0.0
119.0	22.345132743362832	21.976401179941004	27.507374631268437	28.171091445427727	0.0
120.0	26.498889711324946	22.057735011102885	21.909696521095483	29.533678756476682	0.0
121.0	30.51224944320713	19.599109131403118	17.965850037119523	31.922791388270227	0.0
122.0	30.952380952380953	17.708333333333336	21.05654761904762	30.282738095238095	0.0
123.0	34.102755026061054	16.902457185405808	18.317200297840657	30.67758749069248	0.0
124.0	28.560775540641316	19.31394481730052	20.507084265473527	31.61819537658464	0.0
125.0	28.1226626776365	18.848167539267017	19.74569932685116	33.283470456245325	0.0
126.0	32.36173393124066	17.339312406576983	19.805680119581464	30.493273542600896	0.0
127.0	27.961019490254873	19.940029985007495	22.038980509745127	30.059970014992505	0.0
128.0	30.359820089955026	16.866566716641678	19.640179910044978	33.13343328335832	0.0
129.0	26.761619190404794	19.1904047976012	17.31634182908546	36.73163418290854	0.0
130.0	32.05705705705706	19.144144144144143	15.315315315315313	33.48348348348348	0.0
131.0	30.075187969924812	19.473684210526315	19.924812030075188	30.526315789473685	0.0
132.0	29.947328818660644	17.83295711060948	20.090293453724605	32.129420617005266	0.0
133.0	27.48493975903614	21.912650602409638	19.954819277108435	30.647590361445783	0.0
134.0	26.566037735849058	19.77358490566038	21.358490566037737	32.30188679245283	0.0
135.0	28.150943396226413	17.056603773584904	20.67924528301887	34.11320754716981	0.0
136.0	24.37547312641938	18.168054504163514	23.23996971990916	34.216502649507945	0.0
137.0	29.71948445792267	15.466262319939347	20.0909780136467	34.72327520849128	0.0
138.0	27.31411229135053	17.830045523520486	20.713201820940817	34.14264036418817	0.0
139.0	28.89733840304182	19.163498098859318	19.011406844106464	32.9277566539924	0.0
140.0	27.418126428027417	17.364813404417365	21.62985529322163	33.58720487433359	0.0
141.0	33.25705568268497	16.704805491990847	18.53546910755149	31.50266971777269	0.0
142.0	31.929555895865235	14.241960183767228	20.520673813169985	33.30781010719755	0.0
143.0	34.79599692070824	18.167821401077752	18.55273287143957	28.48344880677444	0.0
144.0	32.22565687789799	17.542503863987633	17.697063369397217	32.53477588871716	0.0
145.0	28.22892498066512	18.870843000773398	20.34029389017788	32.55993812838361	0.0
146.0	28.604651162790695	19.53488372093023	17.751937984496124	34.10852713178294	0.0
147.0	29.72762645914397	20.155642023346303	18.21011673151751	31.906614785992215	0.0
148.0	27.564604541895065	20.43852779953015	19.655442443226313	32.34142521534847	0.0
149.0	31.053459119496857	18.867924528301888	17.61006289308176	32.4685534591195	0.0
150.0	26.303317535545023	20.300157977883096	17.9304897314376	35.46603475513428	0.0
151.0	28.322784810126585	18.75	20.015822784810126	32.91139240506329	0.0
152.0	29.34179222839017	19.42902458366376	17.287866772402854	33.94131641554322	0.0
153.0	31.5035799522673	18.77486077963405	17.899761336515514	31.821797931583134	0.0
154.0	32.454036770583535	16.30695443645084	19.104716227018383	32.13429256594724	0.0
155.0	29.751403368083402	19.566960705693663	18.123496391339213	32.55813953488372	0.0
156.0	30.18563357546408	15.415657788539145	18.966908797417272	35.4317998385795	0.0
157.0	30.494728304947284	17.19383617193836	20.437956204379564	31.873479318734795	0.0
158.0	29.31596091205212	22.80130293159609	16.286644951140065	31.596091205211724	0.0
159.0	35.3518821603928	13.747954173486088	19.803600654664486	31.09656301145663	0.0
160.0	26.208026208026208	18.591318591318593	21.785421785421786	33.415233415233416	0.0
161.0	28.547990155865467	19.85233798195242	22.313371616078754	29.286300246103362	0.0
162.0	30.864197530864196	18.02469135802469	19.670781893004115	31.440329218106992	0.0
163.0	30.082644628099175	16.94214876033058	16.776859504132233	36.19834710743802	0.0
164.0	29.2358803986711	15.614617940199334	24.418604651162788	30.730897009966778	0.0
165.0	29.5	19.5	21.583333333333332	29.416666666666668	0.0
166.0	26.293823038397328	19.36560934891486	21.535893155258766	32.80467445742905	0.0
167.0	26.906957250628665	19.61441743503772	23.805532271584244	29.67309304274937	0.0
168.0	28.60738255033557	18.540268456375838	18.875838926174495	33.9765100671141	0.0
169.0	27.88542544229149	17.860151642796968	19.376579612468408	34.87784330244313	0.0
170.0	32.0945945945946	17.22972972972973	17.736486486486484	32.939189189189186	0.0
171.0	31.779661016949152	18.220338983050848	16.694915254237287	33.30508474576271	0.0
172.0	29.166666666666668	20.32312925170068	17.431972789115648	33.07823129251701	0.0
173.0	29.718189581554228	17.591801878736124	21.690862510674638	30.999146029035014	0.0
174.0	28.473413379073758	19.210977701543737	18.267581475128644	34.04802744425386	0.0
175.0	29.163071613459877	18.723037100949096	20.621225194132872	31.492666091458155	0.0
176.0	29.947916666666668	18.31597222222222	17.881944444444446	33.85416666666667	0.0
177.0	29.652173913043477	21.217391304347828	18.0	31.130434782608695	0.0
178.0	26.74825174825175	22.377622377622377	19.230769230769234	31.643356643356647	0.0
179.0	26.70753064798599	19.877408056042032	23.029772329246935	30.385288966725042	0.0
180.0	30.964912280701757	16.666666666666664	20.614035087719298	31.75438596491228	0.0
181.0	27.70448548812665	19.700967458223396	20.844327176781004	31.75021987686895	0.0
182.0	31.448763250883395	19.169611307420496	20.58303886925795	28.79858657243816	0.0
183.0	30.19538188277087	22.380106571936057	19.36056838365897	28.063943161634104	0.0
184.0	29.107142857142858	21.696428571428573	18.571428571428573	30.625000000000004	0.0
185.0	28.29006266786034	19.695613249776187	23.813786929274844	28.20053715308863	0.0
186.0	30.2785265049416	18.059299191374663	22.192273135669364	29.469901168014374	0.0
187.0	30.081300813008134	22.493224932249323	17.52484191508582	29.90063233965673	0.0
188.0	28.59744990892532	20.491803278688526	22.404371584699454	28.506375227686704	0.0
189.0	30.02754820936639	19.4674012855831	18.732782369146005	31.772268135904504	0.0
190.0	30.840258541089565	17.820867959372112	19.205909510618653	32.13296398891966	0.0
191.0	28.942486085343226	18.552875695732837	19.480519480519483	33.024118738404454	0.0
192.0	28.73134328358209	20.33582089552239	21.26865671641791	29.66417910447761	0.0
193.0	29.080675422138835	16.69793621013133	21.669793621013135	32.5515947467167	0.0
194.0	26.45951035781544	22.033898305084744	22.975517890772128	28.53107344632768	0.0
195.0	27.825261158594493	21.367521367521366	18.708452041785375	32.098765432098766	0.0
196.0	29.04761904761905	21.23809523809524	20.0	29.714285714285715	0.0
197.0	32.11538461538462	20.28846153846154	19.51923076923077	28.076923076923077	0.0
198.0	26.548672566371685	25.073746312684364	20.64896755162242	27.728613569321535	0.0
199.0	27.655099894847528	25.341745531019978	18.71713985278654	28.286014721345953	0.0
200.0	31.313131313131315	14.772727272727273	17.803030303030305	36.11111111111111	0.0
201.0	34.4582593250444	17.761989342806395	14.742451154529308	33.03730017761989	0.0
202.0	35.25179856115108	17.805755395683455	19.784172661870503	27.15827338129496	0.0
203.0	34.177215189873415	18.625678119349008	22.60397830018083	24.593128390596743	0.0
204.0	33.51449275362319	18.478260869565215	23.18840579710145	24.818840579710145	0.0
205.0	35.831809872029254	16.087751371115175	23.40036563071298	24.680073126142595	0.0
206.0	30.21978021978022	19.230769230769234	18.864468864468865	31.684981684981683	0.0
207.0	28.280961182994456	22.181146025878004	16.081330868761555	33.45656192236599	0.0
208.0	25.74074074074074	17.22222222222222	22.037037037037038	35.0	0.0
209.0	21.30841121495327	22.242990654205606	20.93457943925234	35.51401869158878	0.0
210.0	29.887218045112785	17.481203007518797	15.977443609022558	36.65413533834587	0.0
211.0	31.886792452830186	18.11320754716981	19.622641509433965	30.377358490566035	0.0
212.0	27.13472485768501	17.077798861480076	24.09867172675522	31.688804554079695	0.0
213.0	28.053435114503817	20.229007633587788	18.3206106870229	33.396946564885496	0.0
214.0	30.0	27.307692307692307	18.461538461538463	24.23076923076923	0.0
215.0	26.744186046511626	25.581395348837212	17.248062015503876	30.426356589147286	0.0
216.0	30.739299610894943	17.315175097276263	17.509727626459142	34.43579766536965	0.0
217.0	23.91304347826087	16.99604743083004	24.110671936758894	34.980237154150196	0.0
218.0	25.45824847250509	17.718940936863543	20.366598778004075	36.456211812627295	0.0
219.0	18.426966292134832	22.247191011235955	23.820224719101123	35.50561797752809	0.0
220.0	0.0	32.46268656716418	25.37313432835821	42.16417910447761	0.0
