# Position (bp)	A	C	G	T	N
0.0	55.32718120805369	10.250629194630873	14.665478187919462	19.756711409395976	0.0
1.0	15.81402662752909	53.30747457804801	15.541461369116261	15.337037425306635	0.0
2.0	19.428183148651474	48.82918670290613	12.084465816433202	19.6581643320092	0.0
3.0	53.52259680617889	13.328462582193925	14.19476046341718	18.95418014821	0.0
4.0	53.34863342374297	12.878155643646986	12.554767369079908	21.218443563530148	0.0
5.0	20.384755747875502	47.30201762160471	13.26312496741567	19.050101663104112	0.0
6.0	17.399687337154766	49.69775924960917	12.907764460656592	19.99478895257947	0.0
7.0	54.28601187376315	11.165503593375691	12.998645974377668	21.549838558483494	0.0
8.0	54.94013534617387	14.476834981780323	11.639770952628838	18.94325871941697	0.0
9.0	17.678580719005254	48.488632225170385	13.235523646012174	20.597263409812186	0.0
10.0	17.94871794871795	10.594476517397409	13.631871846881987	57.824933687002655	0.0
11.0	16.828596664415233	14.241180443705511	11.53426508027225	57.395957811607005	0.0
12.0	16.12886490973231	11.781489935671301	13.60759493670886	58.482050217887526	0.0
13.0	17.91461836998706	45.73350582147477	12.833117723156533	23.51875808538163	0.0
14.0	17.985240233266246	12.519997935696962	51.09150023223409	18.403261598802704	0.0
15.0	52.117532033139504	13.863016518293625	14.99511140842896	19.02434004013791	0.0
16.0	16.47663071391885	12.722136620441704	15.007704160246533	55.793528505392906	0.0
17.0	18.254902964821547	47.04285933739567	12.268933381125507	22.433304316657278	0.0
18.0	16.3421738463897	12.754867392304153	16.142879043384944	54.76007971792121	0.0
19.0	18.468054705041844	48.74464176362523	13.533374157991426	19.2539293733415	0.0
20.0	17.507765952029334	16.01568467688547	11.778784946784132	54.69776442430106	0.0
21.0	18.54297906929486	12.929282666124772	14.046941678520625	54.480796586059746	0.0
22.0	19.29904645972814	11.756948671130047	48.35666463785758	20.587340231284237	0.0
23.0	16.883577252240848	14.79212032207424	13.586873955537552	54.737428470147364	0.0
24.0	54.56936226166995	10.645830172457392	14.084863197289232	20.699944368583424	0.0
25.0	19.83834301591311	11.467542308663804	46.48648648648649	22.207628188936603	0.0
26.0	55.1135790005048	10.050479555779908	12.826855123674912	22.00908632004038	0.0
27.0	17.091257630025726	15.567774807042326	11.421076527266306	55.919891035665636	0.0
28.0	17.64972548229487	48.83392938094998	10.391376618143354	23.124968518611798	0.0
29.0	19.25553319919517	10.699195171026158	11.448692152917506	58.596579476861166	0.0
30.0	18.510649061567257	12.19203723377346	46.036323164870744	23.260990539788537	0.0
31.0	21.033021997652224	10.320012249272699	12.142091563313429	56.504874189761644	0.0
32.0	18.08956769350246	11.68004141858659	11.338338079213047	58.892052808697905	0.0
33.0	18.968220781936022	48.024252561154086	12.40853021116454	20.59899644574535	0.0
34.0	21.033521022996368	11.561332421196653	11.829711098247644	55.57543545755933	0.0
35.0	19.101421599830257	48.2017823042648	11.192446424782517	21.504349671122426	0.0
36.0	18.420490928495198	12.017075773745999	12.08110992529349	57.48132337246531	0.0
37.0	56.26947458901902	13.26420973460836	11.690125711829806	18.776189964542816	0.0
38.0	54.969497381633644	12.919073584192626	11.051125627598122	21.06030340657561	0.0
39.0	55.876132111285855	13.200282010955041	9.989695753565812	20.933890124193287	0.0
40.0	18.563397194476284	46.17106053163037	12.160908247366411	23.104634026526934	0.0
41.0	18.2146829810901	10.31701890989989	51.8075639599555	19.660734149054505	0.0
42.0	57.184357541899445	12.430167597765362	12.050279329608939	18.335195530726256	0.0
43.0	57.568252181255275	12.473965662820152	10.638896707008163	19.318885448916408	0.0
44.0	19.37262033301131	50.12786270386997	10.285844177984883	20.21367278513383	0.0
45.0	25.262690543140447	14.111291993488233	14.325884268166348	46.30013319520497	0.0
46.0	26.480512907035596	15.151003880546652	20.237894381643326	38.13058883077442	0.0
47.0	30.268778924884298	17.32823068707725	17.737629049483804	34.665361338554646	0.0
48.0	26.532158757222696	21.123425215496827	18.88794165008999	33.45647437719049	0.0
49.0	27.758109271840013	18.54368003061908	20.706152521289827	32.99205817625108	0.0
50.0	26.13099257258609	24.983119513842	18.684286678884924	30.201601234686986	0.0
51.0	29.37665133574714	19.1016733535571	15.999608572267347	35.522066738428414	0.0
52.0	28.88296822577462	17.248865206236434	20.978882968225772	32.889283599763175	0.0
53.0	31.038251366120218	17.834078489816193	22.374565325385	28.753104818678587	0.0
54.0	29.39281039170275	23.874735676165542	17.420199375692277	29.31225455643943	0.0
55.0	31.231597116458527	18.519646664636003	18.407960199004975	31.8407960199005	0.0
56.0	28.17088091353997	18.78058727569331	20.483278955954322	32.5652528548124	0.0
57.0	30.784996925599508	17.61631481861037	19.59417913506866	32.00450912072146	0.0
58.0	28.318125259228538	19.929489838241395	19.286603069265865	32.46578183326421	0.0
59.0	26.430289718648677	21.639995816337205	20.353519506327792	31.576194958686333	0.0
60.0	27.76838546069315	18.438292476754015	18.41715976331361	35.37616229923922	0.0
61.0	29.31769722814499	17.878464818763327	22.53731343283582	30.26652452025586	0.0
62.0	28.872860372483583	21.606200882764558	20.18516524921951	29.33577349553235	0.0
63.0	35.95786272806256	17.37619461337967	17.74543874891399	28.920503909643784	0.0
64.0	28.386388583973655	19.94511525795829	20.98792535675082	30.680570801317238	0.0
65.0	30.196815568332596	17.757629367536488	21.671826625387	30.373728438743917	0.0
66.0	27.749332146037396	18.098842386464824	21.282279608192344	32.86954585930543	0.0
67.0	29.040261644299086	17.277545956918914	19.71354460358633	33.968647795195665	0.0
68.0	25.44318181818182	19.738636363636363	20.079545454545457	34.73863636363637	0.0
69.0	29.037820439130936	19.530980572479596	21.220829980457523	30.21036900793195	0.0
70.0	29.174864020368013	21.108667978243258	19.45376692512441	30.26270107626432	0.0
71.0	27.51662195264202	21.05447334655313	18.954858275982737	32.47404642482212	0.0
72.0	28.547874219762104	19.503003179837474	19.90342715816747	32.045695442232955	0.0
73.0	28.450536352800952	18.72467222884386	21.096543504171635	31.728247914183548	0.0
74.0	29.88119524780991	17.796711868474738	22.116884675387016	30.205208208328333	0.0
75.0	30.214872042491546	19.78512795750845	20.89570255915017	29.10429744084983	0.0
76.0	30.185230319278578	18.925176699975626	18.218376797465268	32.67121618328053	0.0
77.0	29.53266454612185	18.90139466601419	19.402985074626866	32.162955713237096	0.0
78.0	30.28367923369765	19.218961070858406	18.654058700724548	31.843300994719392	0.0
79.0	29.191394658753712	20.709693372898123	17.173590504451038	32.925321463897134	0.0
80.0	29.768137621540763	18.848167539267017	21.61555721765146	29.768137621540763	0.0
81.0	26.293266205160474	19.11894273127753	17.87287602265576	36.714915040906234	0.0
82.0	32.53164556962025	17.39240506329114	20.556962025316455	29.518987341772153	0.0
83.0	30.544252288911494	19.417599186164804	20.30773143438454	29.73041709053917	0.0
84.0	29.463027040881713	18.134051006023324	20.38959374599513	32.01332820709983	0.0
85.0	31.512333720780063	16.621464548624566	20.728399845021308	31.137801885574067	0.0
86.0	30.020757654385054	17.942397509081474	22.275557861961598	29.76128697457187	0.0
87.0	30.826575987444414	18.284070102014123	22.4169500392362	28.472403871305257	0.0
88.0	33.49106203995794	18.598843322818087	16.758675078864353	31.15141955835962	0.0
89.0	29.64631076963836	17.287057888462048	17.6049807921579	35.461650549741684	0.0
90.0	32.13049267643143	16.77762982689747	18.282290279627166	32.80958721704394	0.0
91.0	28.121650589496248	20.994105037513396	17.912647374062164	32.971596998928185	0.0
92.0	29.76800647423793	18.16833018613434	17.763690315619098	34.29997302400864	0.0
93.0	31.886024423337854	18.69742198100407	17.883310719131615	31.533242876526458	0.0
94.0	29.39489140827756	15.776533260483541	20.17483950280016	34.653735828438734	0.0
95.0	30.63211298505416	16.659810777457835	20.45797339914987	32.25010283833814	0.0
96.0	29.17297371680198	17.283610843539286	20.75134168157424	32.79207375808449	0.0
97.0	30.634240707475474	17.1618073787481	19.08249274561282	33.121459168163604	0.0
98.0	30.99236641221374	20.388619014573216	17.279666897987507	31.339347675225536	0.0
99.0	30.93214435000697	18.99122195903581	19.687891876828758	30.388741814128466	0.0
100.0	32.10326925775221	15.307983723866986	18.95608250315701	33.632664515223794	0.0
101.0	32.56044111409586	17.983882369574438	19.2280503322494	30.227626184080304	0.0
102.0	30.941895155561873	16.195482312828528	20.457451342520244	32.40517118908936	0.0
103.0	31.37310876391664	16.98544105052812	19.797316585783616	31.844133599771624	0.0
104.0	27.498921328922766	17.834028476916437	20.724866963900475	33.94218323026032	0.0
105.0	30.426608821402745	18.39479392624729	18.973246565437453	32.20535068691251	0.0
106.0	31.086196854979615	18.34595224228305	19.29237041351194	31.275480489225394	0.0
107.0	31.38087567725875	19.34397422755894	18.948601552203836	30.326548542978475	0.0
108.0	33.21523472099203	18.3348095659876	15.899025686448184	32.55093002657219	0.0
109.0	30.078763560707383	18.026452667558328	19.839500668747213	32.05528310298707	0.0
110.0	26.60770499175536	19.052615799730173	20.731524509069104	33.60815469944536	0.0
111.0	29.463208685162844	19.345597104945718	19.19481302774427	31.996381182147164	0.0
112.0	25.943324746173662	18.60888013335354	20.73041369904531	34.71738142142749	0.0
113.0	29.1971916971917	19.3986568986569	17.55189255189255	33.852258852258856	0.0
114.0	30.13972055888224	16.490096729617687	20.420697067403655	32.94948564409642	0.0
115.0	27.410383189122374	19.08220024721879	19.792954264524106	33.71446229913474	0.0
116.0	30.445582984008695	18.16488122962273	17.83884489986027	33.550690886508306	0.0
117.0	30.86535457669478	19.306466729147143	19.431427678850362	30.396751015307714	0.0
118.0	29.373921230189865	15.298917307390553	22.501176839792876	32.825984622626706	0.0
119.0	24.42135096835144	20.86285624311132	25.995906156510785	28.719886632026455	0.0
120.0	27.083003952569168	21.913043478260867	21.09090909090909	29.91304347826087	0.0
121.0	30.633354551241247	18.666454487587526	18.666454487587526	32.03373647358371	0.0
122.0	29.059556123263615	18.66517643301932	20.88456011496088	31.390707328756186	0.0
123.0	32.6379974326059	18.613607188703465	18.29268292682927	30.45571245186136	0.0
124.0	32.3235578472446	17.75700934579439	20.10957138253303	29.809861424427975	0.0
125.0	28.90435345525166	19.14549279818741	19.922317527107946	32.027836219452986	0.0
126.0	30.910569105691053	19.089430894308943	19.008130081300813	30.991869918699187	0.0
127.0	28.699624734867022	18.094305759504	21.45537608092674	31.750693424702238	0.0
128.0	30.307491004252533	17.075564278704615	20.739286882564606	31.877657834478246	0.0
129.0	31.34868421052632	18.453947368421055	19.046052631578945	31.15131578947368	0.0
130.0	29.511993382961126	20.11579818031431	17.419354838709676	32.95285359801488	0.0
131.0	30.463024650233177	19.586942038640906	17.588274483677548	32.36175882744837	0.0
132.0	29.46113815679033	18.281013933187847	21.789491354708744	30.468356555313076	0.0
133.0	30.783519081391418	19.723066531577167	19.030732860520093	30.462681526511314	0.0
134.0	26.236193712829227	20.747663551401867	20.254885301614273	32.76125743415463	0.0
135.0	27.12992999829264	17.60286836264299	20.02731773945706	35.23988389960731	0.0
136.0	26.147498710675602	17.74110366168128	20.302561457796113	35.808836169847005	0.0
137.0	28.534348503201244	16.213877833535214	20.297629347638	34.95414431562554	0.0
138.0	28.945997569022396	18.596978642125368	20.350755339468655	32.10626844938357	0.0
139.0	29.50934171468483	17.8976776671905	19.748559455212153	32.84442116291252	0.0
140.0	29.14255654918464	17.48202700333158	20.568122041031035	32.80729440645274	0.0
141.0	29.874713252161637	17.381330509970002	20.29292394565026	32.45103229221811	0.0
142.0	30.934612651030562	15.973702914001423	18.798862828713574	34.29282160625444	0.0
143.0	33.40482573726541	19.159964253798034	19.320822162645218	28.114387846291333	0.0
144.0	29.850746268656714	19.133249415572738	17.406941197626328	33.60906311814421	0.0
145.0	28.946415640839973	18.265749456915277	19.315713251267198	33.472121650977556	0.0
146.0	29.050482959722984	18.57116821578276	18.115545835611446	34.26280298888281	0.0
147.0	30.398823745634996	18.61790112111744	18.176805734240027	32.80646939900754	0.0
148.0	26.092592592592595	20.24074074074074	20.203703703703706	33.46296296296296	0.0
149.0	30.23299161230196	19.422180801491145	18.04287045666356	32.30195712954333	0.0
150.0	28.584834834834833	19.03153153153153	18.506006006006007	33.877627627627625	0.0
151.0	27.91839818662637	19.059312429165093	20.438231960710237	32.5840574234983	0.0
152.0	27.813688212927758	19.866920152091254	16.65399239543726	35.665399239543724	0.0
153.0	31.29434324065197	19.232981783317353	18.370086289549377	31.102588686481305	0.0
154.0	31.588098918083464	15.842349304482225	20.556414219474497	32.013137557959816	0.0
155.0	30.75277183427349	19.645983271737016	17.039486481229332	32.56175841276016	0.0
156.0	31.466194968553456	16.45047169811321	18.415880503144656	33.66745283018868	0.0
157.0	30.657946888624654	18.351169242964723	19.877130400317082	31.11375346809354	0.0
158.0	28.008796481407437	22.670931627349063	17.91283486605358	31.40743702518992	0.0
159.0	35.262096774193544	14.334677419354838	18.689516129032256	31.713709677419356	0.0
160.0	26.21517185275575	19.463087248322147	22.77811673784828	31.543624161073826	0.0
161.0	29.825997952917092	18.669396110542475	21.28966223132037	30.21494370522006	0.0
162.0	30.593325092707047	19.077049855789042	19.756901524515865	30.57272352698805	0.0
163.0	30.118232731798383	17.112632233976356	16.780750881559843	35.98838415266542	0.0
164.0	31.136600625651724	16.16266944734098	20.91762252346194	31.78310740354536	0.0
165.0	30.294117647058822	15.987394957983192	22.016806722689076	31.701680672268907	0.0
166.0	29.114726389182337	20.261990281005705	20.261990281005705	30.361293048806253	0.0
167.0	27.299829642248724	20.017035775127766	22.593696763202725	30.089437819420784	0.0
168.0	29.06129447063866	17.873981997428203	19.759965709387057	33.30475782254608	0.0
169.0	28.522039757994815	18.452895419187556	20.527225583405357	32.49783923941227	0.0
170.0	30.20017406440383	16.144473455178414	19.125326370757183	34.530026109660575	0.0
171.0	30.409997807498357	19.16246437184828	16.750712563034423	33.676825257618944	0.0
172.0	29.50530035335689	19.545053003533567	17.91077738515901	33.03886925795053	0.0
173.0	27.547841566533155	17.245215843346685	19.781931464174455	35.4250111259457	0.0
174.0	28.51693964550146	20.529504150774063	19.362800089746464	31.590756113978014	0.0
175.0	27.881125226860252	18.98820326678766	20.689655172413794	32.44101633393829	0.0
176.0	29.961089494163424	17.99038681620508	18.33371480888075	33.714808880750745	0.0
177.0	29.070305272895467	21.970397779833487	18.732654949121184	30.226641998149862	0.0
178.0	29.436520925882625	19.45288753799392	19.8971241524433	31.21346738368015	0.0
179.0	24.97049799386358	18.314845409487845	25.206514042954918	31.508142553693652	0.0
180.0	29.935545476247317	15.731678204822153	20.840296013368345	33.49248030556219	0.0
181.0	27.914258188824665	18.762042389210016	20.20712909441233	33.116570327552985	0.0
182.0	32.25806451612903	16.589861751152075	20.058210041232112	31.093863691486785	0.0
183.0	27.110349889894785	22.8040127232689	20.968925862490824	29.116711524345483	0.0
184.0	29.42193675889328	19.441699604743082	19.021739130434785	32.11462450592885	0.0
185.0	26.6916354556804	20.87390761548065	23.245942571785267	29.188514357053684	0.0
186.0	31.62134944612286	16.86807653575025	22.230614300100704	29.279959718026184	0.0
187.0	30.205949656750576	22.069666920925503	17.187897279430462	30.536486142893466	0.0
188.0	29.508196721311474	18.621926229508194	19.49282786885246	32.37704918032787	0.0
189.0	29.689922480620158	18.449612403100776	19.53488372093023	32.325581395348834	0.0
190.0	31.478578892371996	17.00626959247649	19.017763845350053	32.49738766980146	0.0
191.0	27.40194788102132	21.031850486970256	20.715977888918136	30.85022374309029	0.0
192.0	32.676431424766974	18.48202396804261	20.186418109187752	28.655126498002666	0.0
193.0	30.804535637149026	18.142548596112313	22.11123110151188	28.94168466522678	0.0
194.0	27.87465940054496	20.245231607629428	23.5149863760218	28.365122615803816	0.0
195.0	27.97125483692648	20.066334991708125	20.121614151464897	31.8407960199005	0.0
196.0	29.50266928912616	19.05029502669289	20.286597358808653	31.160438325372297	0.0
197.0	28.036581880537298	19.26264647042012	22.863675335810232	29.837096313232355	0.0
198.0	27.99882972498537	22.205968402574605	20.011702750146284	29.783499122293737	0.0
199.0	28.887523048555625	22.341733251382916	18.684695759065765	30.086047940995698	0.0
200.0	27.246992215145085	15.852795470629866	21.656050955414013	35.24416135881104	0.0
201.0	30.385700846660395	18.344308560677327	17.920978363123236	33.349012229539035	0.0
202.0	38.3737517831669	15.454113171659534	17.92677127912506	28.245363766048502	0.0
203.0	34.40808469682387	16.650625601539943	21.607314725697787	27.333974975938403	0.0
204.0	32.6044703595724	17.589893100097182	23.17784256559767	26.62779397473275	0.0
205.0	34.06971035837015	16.985763377515955	25.085910652920962	23.85861561119293	0.0
206.0	31.169474727452922	19.028741328047573	22.05153617443013	27.750247770069375	0.0
207.0	30.688622754491018	22.904191616766468	15.019960079840319	31.387225548902197	0.0
208.0	30.443548387096776	15.776209677419356	21.01814516129032	32.76209677419355	0.0
209.0	26.122448979591837	21.479591836734695	19.132653061224488	33.265306122448976	0.0
210.0	27.33812949640288	17.67728674203494	19.167523124357658	35.81706063720452	0.0
211.0	30.186721991701244	18.04979253112033	20.695020746887966	31.068464730290458	0.0
212.0	28.765690376569037	16.317991631799163	23.169456066945607	31.746861924686193	0.0
213.0	28.51086380498145	20.084790673025967	19.183889772125067	32.22045574986752	0.0
214.0	28.663446054750402	25.979602791196992	18.14278046162104	27.214170692431562	0.0
215.0	30.46789989118607	22.470076169749728	17.35582154515778	29.706202393906423	0.0
216.0	30.676195711929633	15.997800989554701	18.74656404617922	34.57943925233645	0.0
217.0	25.685506435366534	17.907106883044207	25.517627308338	30.88975937325126	0.0
218.0	26.263800116211506	17.954677513073793	18.826263800116212	36.95525857059849	0.0
219.0	19.66794380587484	22.413793103448278	23.18007662835249	34.73818646232439	0.0
220.0	0.0	31.988188976377952	22.83464566929134	45.177165354330704	0.0
