# Position (bp)	A	C	G	T	N
0.0	25.847210389073915	24.4977151266362	24.65055637311853	25.004518111171354	0.0
1.0	25.17982082461983	20.419022538920302	14.84651330906462	39.55464332739525	0.0
2.0	27.547137686674013	19.127491673997334	18.65127785760536	34.674092781723296	0.0
3.0	23.64046508030627	22.738920828069816	14.967903271546056	38.65271082007786	0.0
4.0	33.56422962842704	13.803526837828853	14.233622726792476	38.39862080695163	0.0
5.0	34.970505654156256	15.430050745730403	23.064320857267973	26.535122742845367	0.0
6.0	32.3093722314935	17.831242145167604	20.423851906792756	29.435533716546143	0.0
7.0	33.94128537696374	17.40710127126609	19.873414136108128	28.77819921566204	0.0
8.0	23.45500374614765	26.28147858259161	21.858707154240868	28.404810517019868	0.0
9.0	29.458557732903586	18.42247531175665	15.60508078384529	36.51388617149448	0.0
10.0	26.36033452684632	16.79275346277501	24.510346496297192	32.33656551408148	0.0
11.0	27.51856284342869	18.288486533091405	20.01672907899986	34.17622154448004	0.0
12.0	26.46846137415817	19.503225789848862	21.10055148525298	32.927761350739985	0.0
13.0	26.691370414688436	21.19066918850761	18.27253895343601	33.84542144336795	0.0
14.0	30.57298782699982	18.09405450190018	20.12494628801972	31.208011383080276	0.0
15.0	30.051142999737596	18.98336566215778	18.863740436413405	32.10175090169122	0.0
16.0	29.511430981973824	17.112005103300685	18.75102889126677	34.62553502345872	0.0
17.0	29.84043305517339	18.160029830403868	20.340478057937844	31.6590590564849	0.0
18.0	30.877063069039373	17.669307292188943	18.383330376449837	33.070299262321846	0.0
19.0	29.463861074334485	18.147486406930856	19.330822525290177	33.05782999344448	0.0
20.0	30.2929670431354	17.64767872840274	19.594709217743553	32.46464501071831	0.0
21.0	29.694507194642117	17.531077410185837	19.49016856459244	33.284246830579605	0.0
22.0	28.88477746942132	18.309949635111522	19.36786925686093	33.43740363860623	0.0
23.0	29.26734016422926	17.7779719022024	20.346238039937102	32.60844989363124	0.0
24.0	29.93705682869181	18.77607645668482	18.507090740931044	32.779775973692324	0.0
25.0	29.69516220597037	17.695080004829318	19.088389345704606	33.52136844349571	0.0
26.0	30.62205749774617	17.889386315711068	19.85914516216029	31.629411024382474	0.0
27.0	29.49529244376872	18.19330515134549	19.27863699168409	33.0327654132017	0.0
28.0	29.507337929971882	17.708614203356316	19.38215014829937	33.40189771837243	0.0
29.0	29.468919068124105	18.30114699923739	19.603493122369695	32.62644081026881	0.0
30.0	29.70165581280687	18.356975573679563	19.15329621792633	32.788072395587236	0.0
31.0	29.75788143689201	18.073375175913466	19.394909038613648	32.77383434858088	0.0
32.0	29.618757030804556	18.245676215719207	19.527273100848063	32.60829365262817	0.0
33.0	30.18704119426907	17.833640702136513	19.507816071878068	32.47150203171635	0.0
34.0	29.621209785970425	18.014498114525857	19.381595306351016	32.9826967931527	0.0
35.0	30.01333275104234	18.064721643499194	19.698818548708214	32.22312705675025	0.0
36.0	29.842923866631725	17.570226956258125	18.833721270790623	33.75312790631953	0.0
37.0	29.024077533202636	18.73248013237376	19.019735303866124	33.22370703055748	0.0
38.0	29.788518861136808	17.854352965361294	19.769246582382568	32.587881591119334	0.0
39.0	28.641215802971665	18.724270317776032	20.01274598989572	32.62176788935658	0.0
40.0	29.960294514475155	17.882374105341608	19.374734975521378	32.78259640466186	0.0
41.0	29.50681058853765	18.316114109483422	20.346697507067592	31.830377794911335	0.0
42.0	29.809081235574425	18.544668513825417	19.057434985323827	32.588815265276324	0.0
43.0	29.602401834277547	18.176209913735487	19.385095466743437	32.83629278524353	0.0
44.0	29.53214570319529	17.951980668877408	20.531862934114802	31.984010693812497	0.0
45.0	29.142297438692378	18.95568163997727	19.38963599764513	32.51238492368522	0.0
46.0	29.870320188812162	17.78084009070388	19.267375912052202	33.081463808431764	0.0
47.0	29.389245266040188	18.020285644499864	19.61279872475543	32.97767036470452	0.0
48.0	30.48624020693042	18.45455270066311	18.87083047286995	32.18837661953651	0.0
49.0	29.33494129566107	18.382969313290374	18.889528873894953	33.3925605171536	0.0
50.0	29.34619093539055	18.490260366441657	19.808678881388623	32.35486981677917	0.0
51.0	29.539124642854386	18.35734877728258	19.43103585729091	32.672490722572114	0.0
52.0	29.503141532265325	18.253807002157792	19.17916378403541	33.06388768154147	0.0
53.0	30.26674176896783	17.904182838095384	19.90905419968467	31.920021193252108	0.0
54.0	30.1174975692819	18.088915411009996	19.423624007778297	32.36996301192981	0.0
55.0	29.080030148607943	17.85198885633365	18.998253335768545	34.06972765928986	0.0
56.0	28.988873882564796	18.497652582159624	20.15255000321564	32.360923532059935	0.0
57.0	28.708327223427055	18.352614911258435	19.107413438706704	33.8316444266078	0.0
58.0	29.607695335513235	17.702461776729276	19.116909311222194	33.5729335765353	0.0
59.0	29.736933506567016	17.788183233209413	20.1278670388618	32.34701622136177	0.0
60.0	29.781945891706226	18.39630530148071	19.686619582416736	32.13512922439633	0.0
61.0	29.78692746888565	17.68159795392734	19.51719683929118	33.01427773789583	0.0
62.0	28.728900782214907	18.12268423219432	20.13765953067106	33.010755454919725	0.0
63.0	29.047763636644348	17.96861731965766	19.618035005738225	33.36558403795976	0.0
64.0	28.7826657574081	17.984019351767262	19.56921730850886	33.664097582315776	0.0
65.0	29.215799307210467	17.958484098266997	20.53302588438753	32.292690710135005	0.0
66.0	29.85021618282891	18.18432159769405	20.04838377599341	31.917078443483632	0.0
67.0	29.008547140529817	17.69317283960149	19.368628571281505	33.92965144858719	0.0
68.0	29.338182492066068	17.976119694945705	19.89184625798863	32.793851554999605	0.0
69.0	29.470031610704396	17.873691038828653	19.627467333889353	33.0288100165776	0.0
70.0	28.607836726708253	17.96768206192255	19.49064623004585	33.93383498132335	0.0
71.0	29.466069405828442	17.85655442281948	20.63639172072907	32.04098445062301	0.0
72.0	29.78342696195297	18.09383801819708	19.832189364955948	32.290545654894004	0.0
73.0	29.738219625674922	17.632003790112236	19.17250932722933	33.45726725698351	0.0
74.0	29.15042306325607	18.090009733287328	20.46719779172825	32.29236941172836	0.0
75.0	30.052123035085188	17.943818372854818	19.005593440326336	32.998465151733654	0.0
76.0	28.955589838951028	18.334033023666706	19.317634514393443	33.39274262298882	0.0
77.0	29.174533587135425	18.097566127208424	20.807049447619832	31.920850838036312	0.0
78.0	29.847758887171562	18.25321998969603	18.59453889747553	33.304482225656876	0.0
79.0	29.49500361944557	18.035143399599672	18.847908578730024	33.621944402224734	0.0
80.0	30.21859260881326	18.172169051820745	19.921425167132533	31.687813172233458	0.0
81.0	30.076543954161224	18.097711410485314	19.607979533316332	32.21776510203714	0.0
82.0	29.743357200091726	17.871985200720385	18.306379097563426	34.07827850162447	0.0
83.0	29.715370801223333	18.287947768596744	19.88256179161546	32.11411963856446	0.0
84.0	30.22192791014664	18.156707438050603	18.94465072056357	32.67671393123919	0.0
85.0	29.647781531270372	17.3455162941948	19.00443977190446	34.002262402630365	0.0
86.0	30.378797639601103	17.30538304944984	20.01649187002345	32.29932744092561	0.0
87.0	29.61324172907336	18.56094380563129	19.73528911520799	32.09052535008736	0.0
88.0	29.306861289790533	17.898781543790204	19.111052696684812	33.68330446973445	0.0
89.0	29.609088285019176	18.32347119706404	19.958455321430044	32.10898519648674	0.0
90.0	29.899585558465127	18.270479803707293	19.479267613765234	32.35066702406235	0.0
91.0	29.65830624853407	18.145054242626536	19.472187927697117	32.724451581142276	0.0
92.0	28.974602855471094	18.51339194807672	20.239098662996156	32.27290653345602	0.0
93.0	29.955303288069533	18.30399950508831	19.443585222761815	32.29711198408034	0.0
94.0	29.726601569347206	17.590711774228474	19.339987420475754	33.34269923594857	0.0
95.0	30.17369829395175	17.996514691400673	20.23463963662049	31.59514737802709	0.0
96.0	29.650912484499752	18.841599703013944	19.257173940504824	32.250313871981476	0.0
97.0	29.64778129543884	18.103866104299225	18.890183663157025	33.35816893710491	0.0
98.0	29.160511206160876	17.687506284370674	20.750411867985676	32.40157064148278	0.0
99.0	29.40192140098287	18.510372780668416	19.236183806807926	32.85152201154079	0.0
100.0	29.35493037794828	18.071766255909477	19.54739207936139	33.025911286780854	0.0
101.0	29.751580603670263	18.527806461129963	20.04798099393638	31.672631941263397	0.0
102.0	29.968590895768976	17.68143231740054	19.315431959476808	33.03454482735367	0.0
103.0	29.12897221528991	17.538318359537474	19.489071208718077	33.843638216454536	0.0
104.0	29.96666692728491	17.848961306010118	19.479649624840047	32.704722141864934	0.0
105.0	30.021218440183333	18.15849025049257	19.18204480958279	32.6382464997413	0.0
106.0	29.158497845528032	17.870060702640934	19.411740037532894	33.55970141429815	0.0
107.0	29.889864367574386	17.727631163915465	20.115129849647776	32.26737461886237	0.0
108.0	29.085973327710718	18.27289020083285	20.436455642823255	32.20468082863317	0.0
109.0	28.349150822756048	18.097462508322675	19.926601917121992	33.626784751799285	0.0
110.0	29.24031286999685	17.88672368536064	20.99767704887203	31.87528639577048	0.0
111.0	29.116756928958264	18.718540936604015	19.76452160985452	32.4001805245832	0.0
112.0	28.916913591093152	18.134768822829393	18.998405307477483	33.94991227859997	0.0
113.0	30.296105671176417	17.75859859688838	20.22926032312144	31.716035408813763	0.0
114.0	29.891932996315656	18.519996144289262	18.622547339559592	32.965523519835486	0.0
115.0	29.396437560607403	17.461916389316443	19.94853239423756	33.19311365583859	0.0
116.0	30.016470201335405	17.860059896542335	20.22707852053923	31.89639138158303	0.0
117.0	29.881827255195248	18.303927641170315	19.262509027272507	32.551736076361934	0.0
118.0	29.221318370027078	17.817314527901537	19.578288734649135	33.38307836742225	0.0
119.0	30.30420983292413	17.922956736658154	19.733081458334468	32.039751972083245	0.0
120.0	29.415056534343726	18.255870454185615	19.40266320162915	32.92640980984151	0.0
121.0	29.362783071418992	17.66956912102441	19.535315323699848	33.432332483856754	0.0
122.0	29.37066776473818	18.008921831034247	20.08345343490495	32.53695696932263	0.0
123.0	28.944390136443115	18.64575732125401	19.17225427159202	33.237598270710855	0.0
124.0	29.025323625713217	18.13492118315074	19.17826008869486	33.66149510244118	0.0
125.0	28.85013826520848	18.140894605021927	20.08270949883369	32.92625763093591	0.0
126.0	29.370607953849408	18.025068769280455	19.65771273930039	32.94661053756974	0.0
127.0	29.827821824512963	17.406735657175116	19.160376383000724	33.6050661353112	0.0
128.0	28.95971902342687	17.715045543676762	20.811230086037856	32.51400534685851	0.0
129.0	29.895737426125052	18.10305748660467	18.936482327733057	33.064722759537226	0.0
130.0	29.906444348374006	17.573260771897704	19.33417536245398	33.18611951727431	0.0
131.0	29.59195826008053	18.20081665059831	20.056428287869334	32.150796801451826	0.0
132.0	30.2635322771556	18.21479786943458	18.65468223618319	32.86698761722662	0.0
133.0	29.685710940868425	18.156353595892856	19.556334750541804	32.60160071269691	0.0
134.0	30.26192864307207	17.512824186846252	20.086831924344462	32.138415245737214	0.0
135.0	28.9730382988519	18.11066670503266	19.977555894455154	32.93873910166029	0.0
136.0	28.402671220803388	18.42402596089106	19.51921493155791	33.65408788674763	0.0
137.0	30.3396874782326	17.74681325315192	22.68510993986394	29.228389328751536	0.0
138.0	30.151496597449402	19.911481202875986	19.581430878948506	30.35559132072611	0.0
139.0	30.675139464398143	19.10215675651932	19.408758803461353	30.813944975621183	0.0
140.0	28.739120207010117	21.141790167019526	19.54745942131263	30.57163020465773	0.0
141.0	30.89364892869584	17.02603130369067	20.981502364603568	31.098817403009924	0.0
142.0	26.672771564217	19.664289905581537	24.08767344132482	29.57526508887664	0.0
143.0	26.67836848838247	19.032814684794573	19.056317496206827	35.23249933061613	0.0
144.0	27.535764225018823	19.273541046693676	18.0787111732578	35.111983555029695	0.0
145.0	27.17266275636925	19.347863301768644	16.577618803064567	36.90185513879754	0.0
146.0	33.22067480345164	14.368342047002466	18.868038503242328	33.54294464630356	0.0
147.0	34.26079201509996	15.981406031433826	21.825617406495674	27.93218454697054	0.0
148.0	31.30795791627547	16.970420993203348	20.671617815401795	31.050003275119387	0.0
149.0	33.01668018031545	16.597430071038417	22.649542704798513	27.73634704384762	0.0
150.0	26.850000425434157	18.380882690785945	25.288657074544574	29.480459809235327	0.0
