# Position (bp)	A	C	G	T	N
0.0	26.083733833130786	23.830641903064944	24.192375900747383	25.893248363056887	0.0
1.0	26.63626238718534	20.52902622067378	15.602190627061036	37.23252076507984	0.0
2.0	28.803176001503466	19.65150930270514	17.650364041931674	33.89495065385972	0.0
3.0	23.26815533537718	22.593994560039317	15.141189566517388	38.996660538066116	0.0
4.0	34.183522280013825	13.0400576771697	14.777494132966476	37.998925909849994	0.0
5.0	35.06303042447788	14.843947818362091	23.411233261784925	26.681788495375102	0.0
6.0	31.37858202369718	17.369072430684106	21.099670645229917	30.152674900388792	0.0
7.0	35.11936131127513	17.243603946843027	20.11975707842045	27.517277663461392	0.0
8.0	22.18401377328516	27.21377281435755	22.965970204766094	27.6362432075912	0.0
9.0	27.49254589501195	18.472600702140937	15.450396252658924	38.584457150188186	0.0
10.0	26.581310433569527	16.671683640516317	24.99065018509838	31.756355740815774	0.0
11.0	27.949193503063004	18.6212561384367	19.244508473389292	34.185041885111005	0.0
12.0	26.135859063347166	20.009398366261454	20.829180720814087	33.025561849577294	0.0
13.0	26.224472651313256	20.832755866401957	18.995866660899356	33.94690482138543	0.0
14.0	30.528889088979344	18.43961520251949	20.446301754646147	30.585193953855022	0.0
15.0	29.585286054313375	18.595273804658163	20.023404697947278	31.796035443081184	0.0
16.0	29.749536775889574	17.96743115932114	18.56431863462983	33.71871343015946	0.0
17.0	30.349160782388978	17.88211317881054	19.79884730244231	31.96987873635817	0.0
18.0	31.601447477874554	17.867194670061142	19.08961492298136	31.441742929082938	0.0
19.0	29.985275696689946	18.509749848681594	20.048872093060893	31.456102361567567	0.0
20.0	29.603956259050047	17.892662065174758	20.12876114878991	32.37462052698529	0.0
21.0	29.072407144053063	18.646429282884643	20.192569405640135	32.08859416742216	0.0
22.0	29.85346611100371	18.900735420688704	22.84235550011873	28.403442968188852	0.0
23.0	29.81362457087219	20.197836492555606	21.221402145617006	28.767136790955206	0.0
24.0	33.13642078786793	19.323485352054735	17.8062406446679	29.73385321540944	0.0
25.0	29.466143959784176	20.92373817222668	19.668450119951284	29.941667748037865	0.0
26.0	31.931376036755438	16.522616253288618	22.44572031533078	29.100287394625155	0.0
27.0	26.16009060566497	21.096433887907562	25.100567521258878	27.64290798516859	0.0
28.0	26.605924501752703	19.74520540609093	18.811945282323215	34.83692480983315	0.0
29.0	28.098790541488906	20.216153596493474	17.195376262739952	34.48967959927767	0.0
30.0	26.586735464176776	18.956077008546806	15.994123627922557	38.46306389935386	0.0
31.0	34.52708995604954	14.313755849058616	18.361943862063168	32.79721033282868	0.0
32.0	34.58872397457652	15.326821714438163	22.587641933991055	27.496812376994267	0.0
33.0	31.28825995046097	17.203425260067835	21.208158331306517	30.300156458164686	0.0
34.0	32.98617490541281	16.545677442642035	22.012191057181553	28.4559565947636	0.0
35.0	26.31152729109282	20.349374783801427	25.706413998291726	27.63268392681403	0.0
