# Position (bp)	A	C	G	T	N
0.0	70.5679012345679	7.604938271604938	9.333333333333334	12.493827160493828	0.0
1.0	9.975308641975309	69.08641975308642	10.17283950617284	10.765432098765432	0.0
2.0	13.147605083088953	67.15542521994135	7.233626588465299	12.463343108504398	0.0
3.0	70.11661807580175	9.086491739552963	7.8231292517006805	12.973760932944606	0.0
4.0	69.98542982030112	8.742107819329771	7.770762506070908	13.501699854298202	0.0
5.0	11.45631067961165	66.45631067961165	7.766990291262135	14.320388349514563	0.0
6.0	13.883495145631066	65.0	7.669902912621359	13.446601941747574	0.0
7.0	71.55339805825243	9.12621359223301	8.689320388349515	10.631067961165048	0.0
8.0	70.92233009708738	8.737864077669903	7.427184466019418	12.9126213592233	0.0
9.0	11.984473556525959	64.58030082484231	7.860262008733625	15.574963609898107	0.0
10.0	10.91703056768559	8.58806404657933	8.199902959728288	72.29500242600679	0.0
11.0	11.778962675714979	8.482792050412021	8.628211342704798	71.1100339311682	0.0
12.0	11.585070285991275	8.38584585555017	9.20988851187591	70.81919534658265	0.0
13.0	12.34866828087167	64.40677966101694	8.958837772397095	14.285714285714285	0.0
14.0	11.471442400774444	8.276863504356244	66.36011616650532	13.891577928363988	0.0
15.0	68.27619507484307	8.353452438435538	10.284886528247224	13.085465958474169	0.0
16.0	12.530120481927712	9.879518072289157	8.289156626506024	69.3012048192771	0.0
17.0	11.50698122291767	63.64949446316803	9.773712084737603	15.069812229176696	0.0
18.0	11.458834857968224	10.014443909484834	9.581126624939817	68.94559460760713	0.0
19.0	11.020211742059672	65.20692974013474	9.287776708373437	14.485081809432145	0.0
20.0	11.682692307692308	9.326923076923077	9.134615384615383	69.85576923076923	0.0
21.0	10.844529750479847	9.069097888675625	10.17274472168906	69.91362763915548	0.0
22.0	12.523992322456815	8.30134357005758	64.87523992322457	14.299424184261037	0.0
23.0	13.381294964028779	7.8177458033573135	9.304556354916068	69.49640287769783	0.0
24.0	69.20498084291188	6.8486590038314175	9.530651340996169	14.415708812260537	0.0
25.0	13.31417624521073	8.189655172413794	62.93103448275862	15.56513409961686	0.0
26.0	67.97510770703687	8.281474389660124	8.281474389660124	15.461943513642892	0.0
27.0	11.775969363331738	9.765438008616563	6.893250359023456	71.56534226902824	0.0
28.0	12.685495452369555	63.331737673527996	6.749640976543801	17.23312589755864	0.0
29.0	12.92484442316898	7.324078506462422	8.472953566299665	71.27812350406893	0.0
30.0	13.346135381661064	7.6812289966394625	63.99423907825253	14.978396543446951	0.0
31.0	14.024096385542167	7.228915662650602	7.710843373493977	71.03614457831326	0.0
32.0	12.976362759286058	8.731307284129281	7.284129281234924	71.00820067534973	0.0
33.0	12.825458052073287	65.09161041465767	6.702025072324011	15.380906460945035	0.0
34.0	13.227513227513226	9.571909571909572	8.080808080808081	69.11976911976912	0.0
35.0	12.614347616754934	64.22725084256139	7.84785748675975	15.310544053923927	0.0
36.0	14.534883720930234	7.703488372093023	7.412790697674419	70.34883720930233	0.0
37.0	69.94667959282597	8.14348036839554	8.046534173533688	13.86330586524479	0.0
38.0	70.27683341427877	8.936376881981545	7.96503156872268	12.821758135016998	0.0
39.0	69.97084548104957	9.183673469387756	6.948493683187561	13.896987366375122	0.0
40.0	12.311435523114355	63.89294403892944	9.05109489051095	14.744525547445257	0.0
41.0	13.72262773722628	7.2992700729927	66.27737226277372	12.700729927007298	0.0
42.0	70.458984375	8.251953125	9.716796875	11.572265625	0.0
43.0	69.6183953033268	9.784735812133071	7.387475538160469	13.209393346379647	0.0
44.0	14.11648568608095	64.95557749259625	6.959526159921027	13.968410661401776	0.0
45.0	19.732205778717407	9.372797744890768	11.27554615926709	59.61945031712473	0.0
46.0	26.498422712933756	12.197686645636173	17.665615141955836	43.63827549947424	0.0
47.0	27.753779697624193	14.578833693304535	17.818574514038875	39.8488120950324	0.0
48.0	30.107526881720432	18.63799283154122	17.682198327359618	33.572281959378735	0.0
49.0	29.629629629629626	18.75746714456392	20.31063321385902	31.30227001194743	0.0
50.0	29.15173237753883	24.970131421744323	16.48745519713262	29.39068100358423	0.0
51.0	30.34647550776583	20.31063321385902	16.965352449223417	32.37753882915173	0.0
52.0	28.31541218637993	17.801672640382318	20.66905615292712	33.21385902031063	0.0
53.0	30.787589498806682	18.4964200477327	20.047732696897373	30.668257756563243	0.0
54.0	28.997613365155132	21.002386634844868	18.377088305489263	31.62291169451074	0.0
55.0	30.778443113772454	18.20359281437126	18.802395209580837	32.215568862275454	0.0
56.0	25.868263473053894	17.844311377245507	21.317365269461078	34.970059880239525	0.0
57.0	30.29940119760479	17.724550898203592	19.760479041916167	32.215568862275454	0.0
58.0	32.33532934131736	17.12574850299401	16.886227544910177	33.65269461077845	0.0
59.0	28.65707434052758	20.983213429256594	20.743405275779374	29.61630695443645	0.0
60.0	28.05755395683453	18.465227817745802	20.623501199040767	32.853717026378895	0.0
61.0	29.136690647482016	20.14388489208633	21.58273381294964	29.136690647482016	0.0
62.0	28.53717026378897	19.664268585131893	21.103117505995204	30.69544364508393	0.0
63.0	31.894484412470025	15.827338129496402	20.023980815347723	32.25419664268585	0.0
64.0	27.33812949640288	19.06474820143885	23.741007194244602	29.856115107913666	0.0
65.0	30.455635491606714	19.06474820143885	19.304556354916066	31.17505995203837	0.0
66.0	27.577937649880095	15.827338129496402	21.822541966426858	34.77218225419664	0.0
67.0	28.53717026378897	18.465227817745802	18.465227817745802	34.53237410071942	0.0
68.0	24.03846153846154	18.629807692307693	19.71153846153846	37.62019230769231	0.0
69.0	24.158653846153847	21.033653846153847	22.596153846153847	32.21153846153847	0.0
70.0	27.524038461538463	20.072115384615387	20.3125	32.09134615384615	0.0
71.0	27.3164861612515	21.179302045728036	19.133574007220215	32.37063778580024	0.0
72.0	27.3164861612515	18.531889290012032	19.975932611311674	34.17569193742479	0.0
73.0	27.951807228915666	17.46987951807229	21.44578313253012	33.13253012048193	0.0
74.0	29.759036144578317	17.349397590361445	22.289156626506024	30.602409638554217	0.0
75.0	29.63855421686747	19.759036144578314	21.204819277108435	29.397590361445786	0.0
76.0	32.04819277108434	20.481927710843372	18.55421686746988	28.915662650602407	0.0
77.0	30.96385542168675	19.397590361445783	17.83132530120482	31.807228915662648	0.0
78.0	30.917874396135264	19.202898550724637	17.391304347826086	32.48792270531401	0.0
79.0	33.535108958837775	19.128329297820823	17.5544794188862	29.782082324455207	0.0
80.0	30.387409200968523	18.886198547215496	19.00726392251816	31.719128329297817	0.0
81.0	27.36077481840194	18.64406779661017	17.433414043583532	36.56174334140436	0.0
82.0	28.45036319612591	15.012106537530268	23.60774818401937	32.92978208232446	0.0
83.0	28.797083839611176	18.712029161603887	20.17010935601458	32.32077764277035	0.0
84.0	27.095990279465372	19.927095990279465	19.19805589307412	33.77885783718105	0.0
85.0	32.481751824817515	16.909975669099754	21.532846715328464	29.075425790754256	0.0
86.0	30.77858880778589	18.97810218978102	22.74939172749392	27.49391727493917	0.0
87.0	33.37393422655298	18.514007308160778	18.757612667478686	29.35444579780755	0.0
88.0	33.73934226552984	17.052375152253347	19.853836784409257	29.35444579780755	0.0
89.0	31.097560975609756	16.21951219512195	16.951219512195124	35.731707317073166	0.0
90.0	27.439024390243905	16.463414634146343	21.21951219512195	34.8780487804878	0.0
91.0	28.90243902439024	18.658536585365855	18.170731707317074	34.268292682926834	0.0
92.0	27.31707317073171	20.121951219512198	17.073170731707318	35.48780487804878	0.0
93.0	31.951219512195124	19.024390243902438	18.048780487804876	30.975609756097562	0.0
94.0	31.21951219512195	18.658536585365855	18.29268292682927	31.829268292682926	0.0
95.0	31.013431013431013	17.582417582417584	21.001221001221	30.4029304029304	0.0
96.0	30.195599022004888	17.48166259168704	18.45965770171149	33.863080684596575	0.0
97.0	30.920245398773005	17.66871165644172	19.754601226993866	31.656441717791413	0.0
98.0	30.996309963099634	20.04920049200492	15.990159901599016	32.96432964329643	0.0
99.0	32.88177339901478	17.24137931034483	20.073891625615765	29.802955665024633	0.0
100.0	32.22222222222222	13.950617283950617	20.493827160493826	33.33333333333333	0.0
101.0	30.96129837702871	18.85143570536829	18.976279650436954	31.210986267166042	0.0
102.0	29.02408111533587	15.335868187579212	21.166032953105194	34.47401774397972	0.0
103.0	28.388746803069054	16.879795396419436	22.25063938618926	32.48081841432225	0.0
104.0	27.984595635430036	18.613607188703465	19.897304236200256	33.504492939666235	0.0
105.0	29.177377892030847	17.223650385604113	19.151670951156813	34.447300771208226	0.0
106.0	34.23772609819121	19.896640826873384	18.217054263565892	27.648578811369507	0.0
107.0	30.519480519480517	20.909090909090907	18.7012987012987	29.87012987012987	0.0
108.0	34.595300261096604	16.187989556135772	18.27676240208877	30.93994778067885	0.0
109.0	29.96057818659658	19.71090670170828	20.105124835742444	30.223390275952696	0.0
110.0	25.43046357615894	21.456953642384104	20.397350993377483	32.71523178807947	0.0
111.0	29.78723404255319	19.680851063829788	19.414893617021274	31.117021276595747	0.0
112.0	27.248322147651006	20.268456375838927	20.0	32.48322147651007	0.0
113.0	30.49932523616734	20.3778677462888	16.734143049932523	32.388663967611336	0.0
114.0	29.268292682926827	17.208672086720867	20.460704607046072	33.06233062330624	0.0
115.0	25.068493150684933	19.315068493150687	19.726027397260275	35.89041095890411	0.0
116.0	28.492392807745503	17.704011065006917	20.193637621023512	33.60995850622407	0.0
117.0	27.500000000000004	19.166666666666668	19.305555555555557	34.02777777777778	0.0
118.0	27.566807313642755	16.877637130801688	23.769338959212376	31.78621659634318	0.0
119.0	24.400564174894217	21.297602256699577	24.259520451339917	30.04231311706629	0.0
120.0	26.27840909090909	22.727272727272727	21.732954545454543	29.261363636363637	0.0
121.0	31.908831908831907	18.803418803418804	18.803418803418804	30.484330484330485	0.0
122.0	27.793696275071632	20.057306590257877	20.20057306590258	31.94842406876791	0.0
123.0	30.835734870317005	17.435158501440924	18.587896253602306	33.14121037463977	0.0
124.0	29.232995658465992	17.36613603473227	21.852387843704776	31.54848046309696	0.0
125.0	26.86131386861314	20.875912408759124	18.83211678832117	33.43065693430657	0.0
126.0	30.678466076696164	19.321533923303836	16.96165191740413	33.03834808259587	0.0
127.0	31.38138138138138	17.56756756756757	21.77177177177177	29.27927927927928	0.0
128.0	34.69079939668175	17.94871794871795	16.7420814479638	30.618401206636502	0.0
129.0	30.79268292682927	20.73170731707317	18.445121951219512	30.03048780487805	0.0
130.0	31.08728943338438	19.60183767228178	16.69218989280245	32.618683001531394	0.0
131.0	29.429892141756547	21.879815100154083	17.873651771956855	30.81664098613251	0.0
132.0	28.173374613003094	19.195046439628484	21.517027863777088	31.11455108359133	0.0
133.0	29.485179407176286	22.46489859594384	19.03276131045242	29.017160686427456	0.0
134.0	25.75039494470774	19.431279620853083	20.537124802527646	34.28120063191153	0.0
135.0	25.955414012738853	16.0828025477707	22.611464968152866	35.35031847133758	0.0
136.0	22.792937399678973	16.53290529695024	23.113964686998393	37.56019261637239	0.0
137.0	26.580226904376016	19.124797406807133	18.47649918962723	35.81847649918963	0.0
138.0	24.91803278688525	17.868852459016395	20.491803278688526	36.721311475409834	0.0
139.0	27.677100494233937	17.462932454695224	20.59308072487644	34.2668863261944	0.0
140.0	28.595041322314053	15.537190082644628	22.975206611570247	32.892561983471076	0.0
141.0	30.398671096345513	16.11295681063123	22.591362126245848	30.89700996677741	0.0
142.0	33.50083752093803	17.252931323283082	18.257956448911223	30.98827470686767	0.0
143.0	31.871838111298484	20.404721753794266	20.236087689713322	27.48735244519393	0.0
144.0	33.6734693877551	19.387755102040817	18.027210884353742	28.91156462585034	0.0
145.0	28.350515463917525	18.04123711340206	22.508591065292098	31.099656357388316	0.0
146.0	29.655172413793103	18.79310344827586	17.586206896551722	33.96551724137931	0.0
147.0	33.27526132404181	16.376306620209057	18.29268292682927	32.05574912891986	0.0
148.0	28.79858657243816	20.49469964664311	19.78798586572438	30.918727915194346	0.0
149.0	27.886323268206038	20.781527531083483	16.163410301953817	35.168738898756665	0.0
150.0	28.007181328545784	18.31238779174147	19.569120287253142	34.1113105924596	0.0
151.0	26.534296028880867	21.660649819494584	20.03610108303249	31.768953068592058	0.0
152.0	28.051001821493628	17.304189435336976	18.761384335154826	35.88342440801457	0.0
153.0	29.541284403669728	17.79816513761468	18.53211009174312	34.12844036697248	0.0
154.0	30.514705882352942	15.257352941176471	20.036764705882355	34.19117647058824	0.0
155.0	26.98706099815157	22.36598890942699	16.266173752310536	34.380776340110906	0.0
156.0	31.647940074906366	16.666666666666664	17.415730337078653	34.26966292134831	0.0
157.0	33.460076045627375	18.8212927756654	20.53231939163498	27.186311787072242	0.0
158.0	31.931166347992352	21.414913957934992	16.634799235181642	30.019120458891013	0.0
159.0	34.104046242774565	19.07514450867052	20.03853564547206	26.78227360308285	0.0
160.0	25.925925925925924	18.51851851851852	24.756335282651072	30.79922027290448	0.0
161.0	29.9009900990099	20.792079207920793	22.17821782178218	27.12871287128713	0.0
162.0	29.799999999999997	18.4	22.2	29.599999999999998	0.0
163.0	29.175050301810867	17.90744466800805	20.72434607645875	32.19315895372233	0.0
164.0	32.056451612903224	14.112903225806454	21.16935483870968	32.66129032258064	0.0
165.0	30.831643002028397	15.618661257606492	23.123732251521297	30.425963488843816	0.0
166.0	26.53061224489796	21.224489795918366	22.244897959183675	30.0	0.0
167.0	30.991735537190085	19.214876033057852	21.487603305785125	28.305785123966942	0.0
168.0	27.55741127348643	20.876826722338205	19.206680584551147	32.35908141962422	0.0
169.0	28.57142857142857	17.436974789915965	20.588235294117645	33.403361344537814	0.0
170.0	28.270042194092827	16.033755274261605	20.253164556962027	35.44303797468354	0.0
171.0	29.66101694915254	16.94915254237288	18.64406779661017	34.74576271186441	0.0
172.0	28.510638297872344	22.5531914893617	18.29787234042553	30.638297872340424	0.0
173.0	28.172043010752688	19.78494623655914	17.634408602150536	34.40860215053764	0.0
174.0	34.48275862068966	17.67241379310345	16.163793103448278	31.68103448275862	0.0
175.0	26.73913043478261	18.043478260869566	22.39130434782609	32.826086956521735	0.0
176.0	31.718061674008812	14.977973568281937	16.740088105726873	36.56387665198238	0.0
177.0	26.5625	18.303571428571427	18.526785714285715	36.607142857142854	0.0
178.0	28.442437923250562	20.31602708803612	20.54176072234763	30.699774266365687	0.0
179.0	25.05694760820046	19.81776765375854	21.184510250569478	33.94077448747153	0.0
180.0	32.5635103926097	12.240184757505773	20.323325635103924	34.8729792147806	0.0
181.0	29.342723004694836	19.718309859154928	18.30985915492958	32.629107981220656	0.0
182.0	34.360189573459714	18.95734597156398	21.09004739336493	25.59241706161137	0.0
183.0	33.17307692307692	24.759615384615387	18.75	23.317307692307693	0.0
184.0	28.467153284671532	20.437956204379564	19.951338199513383	31.143552311435524	0.0
185.0	26.913580246913583	20.493827160493826	23.950617283950617	28.641975308641975	0.0
186.0	29.5	18.0	20.5	32.0	0.0
187.0	31.472081218274113	22.84263959390863	14.720812182741117	30.96446700507614	0.0
188.0	26.923076923076923	17.94871794871795	22.564102564102566	32.56410256410256	0.0
189.0	28.272251308900525	20.418848167539267	19.63350785340314	31.675392670157066	0.0
190.0	33.15649867374005	15.649867374005305	18.037135278514587	33.15649867374005	0.0
191.0	28.53333333333333	21.6	16.8	33.06666666666666	0.0
192.0	31.451612903225808	19.623655913978492	20.43010752688172	28.49462365591398	0.0
193.0	28.767123287671232	17.534246575342465	19.17808219178082	34.52054794520548	0.0
194.0	27.900552486187845	20.994475138121548	22.65193370165746	28.45303867403315	0.0
195.0	28.690807799442897	18.662952646239557	18.94150417827298	33.70473537604457	0.0
196.0	29.295774647887324	20.845070422535212	20.845070422535212	29.014084507042252	0.0
197.0	32.10227272727273	19.886363636363637	19.602272727272727	28.40909090909091	0.0
198.0	29.275362318840582	22.028985507246375	22.608695652173914	26.08695652173913	0.0
199.0	28.09667673716012	24.773413897280967	18.429003021148034	28.700906344410875	0.0
200.0	23.355263157894736	20.065789473684212	19.407894736842106	37.17105263157895	0.0
201.0	32.04633204633205	18.146718146718147	16.602316602316602	33.204633204633204	0.0
202.0	37.54940711462451	19.367588932806324	19.76284584980237	23.3201581027668	0.0
203.0	34.12698412698413	17.857142857142858	19.841269841269842	28.174603174603174	0.0
204.0	35.10204081632653	17.959183673469386	21.63265306122449	25.30612244897959	0.0
205.0	32.510288065843625	13.580246913580247	28.39506172839506	25.514403292181072	0.0
206.0	33.33333333333333	18.143459915611814	20.675105485232066	27.848101265822784	0.0
207.0	26.180257510729614	23.17596566523605	16.738197424892704	33.90557939914164	0.0
208.0	28.695652173913043	18.26086956521739	17.391304347826086	35.65217391304348	0.0
209.0	24.778761061946902	22.123893805309734	20.353982300884958	32.743362831858406	0.0
210.0	25.333333333333336	18.22222222222222	17.333333333333336	39.111111111111114	0.0
211.0	38.91402714932127	20.81447963800905	17.194570135746606	23.076923076923077	0.0
212.0	29.81651376146789	13.302752293577983	28.440366972477065	28.440366972477065	0.0
213.0	26.26728110599078	18.433179723502306	20.737327188940093	34.56221198156682	0.0
214.0	32.075471698113205	25.471698113207548	16.9811320754717	25.471698113207548	0.0
215.0	29.1866028708134	23.923444976076556	18.181818181818183	28.708133971291865	0.0
216.0	29.807692307692307	22.596153846153847	14.903846153846153	32.69230769230769	0.0
217.0	25.0	20.5	21.0	33.5	0.0
218.0	22.916666666666664	17.1875	20.833333333333336	39.0625	0.0
219.0	18.787878787878785	23.636363636363637	24.242424242424242	33.33333333333333	0.0
220.0	0.0	33.035714285714285	26.785714285714285	40.17857142857143	0.0
