# Position (bp)	A	C	G	T	N
0.0	26.233861661167456	24.145679851077766	24.151293436010732	25.469165051744046	0.0
1.0	26.781954291348793	20.55911593072233	15.91932287818693	36.73960689974195	0.0
2.0	28.691317266424566	19.592791422050613	18.172176209683208	33.54371510184162	0.0
3.0	23.124652346649356	22.693834861142445	15.35476858413455	38.82674420807365	0.0
4.0	34.22533026591308	13.246236237754438	15.270153908141257	37.25827958819123	0.0
5.0	34.92068456548387	15.0154430094988	23.27895951647484	26.78491290854249	0.0
6.0	31.479584590422167	17.454934889612893	21.246329157144352	29.819151362820584	0.0
7.0	35.226161220118584	17.21424810665565	20.366230684587983	27.193359988637784	0.0
8.0	22.93069190456311	27.03632610139632	22.543415293373332	27.489566700667247	0.0
9.0	27.757712177227646	18.6877068547745	15.871139248859834	37.683441719138024	0.0
10.0	26.622006837415558	16.544121128130527	25.304534701390292	31.529337333063623	0.0
11.0	28.31329881629216	18.29440482492572	19.79743116317838	33.59486519560374	0.0
12.0	25.97012826968626	19.69940334009041	21.31193448935294	33.01853390087038	0.0
13.0	26.80383101856833	20.95247522763888	19.14136349485759	33.10233025893519	0.0
14.0	30.973205537072822	18.283673841218743	20.416672046504754	30.326448575203678	0.0
15.0	29.710765558133094	18.630709263507338	20.373819842851344	31.28470533550822	0.0
16.0	30.127695836866092	17.650344955218227	19.015087935246836	33.20687127266884	0.0
17.0	30.643629482660423	17.81618743068975	19.69578808889501	31.844394997754815	0.0
18.0	31.97693986201791	17.697859685214915	19.265774043931042	31.05942640883613	0.0
19.0	30.420215566525645	18.39326472963803	19.991177065535034	31.195342638301295	0.0
20.0	29.694210003055748	18.068394240273612	20.036468129121854	32.200927627548786	0.0
21.0	29.517421350353708	18.373897312519816	20.459882906030728	31.648798431095752	0.0
22.0	29.81249470982588	19.166914139218733	22.70295977172271	28.317631379232676	0.0
23.0	29.88831456128496	20.329547361942595	21.437837046856238	28.344301029916203	0.0
24.0	32.82787243901774	19.547835368346757	18.049342440323247	29.57494975231225	0.0
25.0	29.40425824944373	21.220979360071844	19.90564481304704	29.469117577437387	0.0
26.0	32.29644485952884	16.75591459399438	22.168605560313722	28.779034986163055	0.0
27.0	26.258028511707245	21.140296134980854	25.09397501172805	27.507700341583853	0.0
28.0	26.916305500203	19.80448951075035	19.079215605260476	34.199989383786175	0.0
29.0	27.905851398829633	20.403473510394566	17.62503819685043	34.06563689392537	0.0
30.0	26.726527657134742	19.100972399652548	16.34581129770887	37.82668864550384	0.0
31.0	34.563296084055594	14.622753096075886	18.539924342922365	32.274026476946155	0.0
32.0	34.5000653064996	15.74291991098557	22.644705473498274	27.112309309016553	0.0
33.0	31.649945281907378	17.954396277044726	20.993965662773633	29.401692778274263	0.0
34.0	33.65295580845012	16.99357656377756	21.730173870340057	27.62329375743226	0.0
35.0	26.72685698527511	20.40110783453558	25.709119157461384	27.162916022727924	0.0
