# Position (bp)	A	C	G	T	N
0.0	26.279828313594862	24.098315120795743	23.97615907058225	25.645697495027143	0.0
1.0	26.689087736770684	20.497847675016576	15.797011887611005	37.01605270060174	0.0
2.0	28.751202104981687	19.48241448511901	17.964582610826106	33.8018007990732	0.0
3.0	23.097780580027745	22.645365887685205	15.348145027835372	38.90870850445168	0.0
4.0	34.16417667412986	13.245756157134133	15.009362914716059	37.58070425401995	0.0
5.0	34.83975582279012	15.057608177556684	23.160689482717004	26.941946516936195	0.0
6.0	31.26087355880191	17.527128693957287	21.244398459429643	29.967599287811154	0.0
7.0	35.211709029366595	17.1281064815399	20.239177251745026	27.421007237348476	0.0
8.0	22.88083726012707	26.972639775473013	22.580695492595705	27.565827471804216	0.0
9.0	27.671003268834465	18.68570413717247	15.757008633180005	37.88628396081306	0.0
10.0	26.447954736418083	16.640976474241903	25.175927278914084	31.73514151042593	0.0
11.0	28.296522482751207	18.239724567489635	19.542089109895546	33.921663839863605	0.0
12.0	26.02947662965841	19.760432002259815	21.152410339736004	33.05768102834577	0.0
13.0	26.665877034134784	20.989870859805357	18.960881577235355	33.3833705288245	0.0
14.0	30.785900093575524	18.34479182396567	20.301086070353	30.5682220121058	0.0
15.0	29.60413767446707	18.602792721324704	20.17711918987501	31.615950414333216	0.0
16.0	30.051433298369705	17.630459301565956	18.85576005048221	33.462347349582124	0.0
17.0	30.592847150342372	17.88344019829274	19.598977927871275	31.924734723493614	0.0
18.0	31.806452654542415	17.71518877169675	19.103381757344838	31.374976816416	0.0
19.0	30.207514615324815	18.3475867432366	20.05951549938763	31.38538314205096	0.0
20.0	29.648937788217573	17.92208063559178	20.126647832166995	32.302333744023656	0.0
21.0	29.25561395489624	18.308824197814076	20.275266986020114	32.16029486126957	0.0
22.0	29.735838069432578	19.048487372052733	22.669183179416045	28.546491379098644	0.0
23.0	29.77754477738807	20.311614504111446	21.272564733247343	28.638275985253138	0.0
24.0	32.72615747307821	19.535251054980268	17.98521053543462	29.753380936506897	0.0
25.0	29.28398374225309	21.175814396737707	19.778585409951567	29.761616451057638	0.0
26.0	32.11739420721776	16.713698645563127	22.080486348515308	29.088420798703808	0.0
27.0	26.197673785977294	21.14209898708598	24.984258227747116	27.67596899918961	0.0
28.0	26.659622384698388	19.835026498141175	18.92834654611067	34.57700457104976	0.0
29.0	27.91772951612485	20.282796986968485	17.516451016936806	34.28302247996986	0.0
30.0	26.65372598102688	19.03721461935044	16.261867033231837	38.04719236639084	0.0
31.0	34.48183955231718	14.501800644963991	18.43628013839909	32.58007966431973	0.0
32.0	34.3994369056268	15.70389953008682	22.503738912604273	27.392924651682105	0.0
33.0	31.596214816913793	17.722281151514593	20.89950340577875	29.782000625792865	0.0
34.0	33.569149566267726	16.75420583098819	21.68105669015468	27.995587912589404	0.0
35.0	26.588273904255438	20.387267376890268	25.4960064590732	27.528452259781094	0.0
