# Position (bp)	A	C	G	T	N
0.0	25.8853704845393	23.900766096249594	24.728636378150416	25.4852270410607	0.0
1.0	26.879539408885144	20.983091354337326	15.745463968422785	36.39190526835475	0.0
2.0	28.762192949960543	20.167032716600485	17.42978060456379	33.64099372887518	0.0
3.0	23.428568903027568	22.435928443064295	15.408528993120735	38.7269736607874	0.0
4.0	33.81014034511835	13.595407784282433	15.070647631213486	37.52380423938573	0.0
5.0	34.597497236069664	15.16878847239439	24.01791942543145	26.215794866104495	0.0
6.0	31.395726908955535	17.650726622354604	21.38325271071091	29.57029375797895	0.0
7.0	35.28088180295185	17.543757580042364	20.58876055467775	26.58660006232803	0.0
8.0	22.965068930899964	27.111282294309824	22.591837188085208	27.331811586705008	0.0
9.0	27.15526050183762	18.984298564773713	15.769703936939447	38.090736996449216	0.0
10.0	26.660821725995515	17.026390729496956	24.867399505868075	31.445388038639454	0.0
11.0	27.894789104058475	18.89576526561156	19.476908495256723	33.732537135073244	0.0
12.0	25.769768989828062	20.4835712612049	20.516625493097827	33.230034255869214	0.0
13.0	26.466497700994097	21.19684549951229	19.29897043370761	33.037686365786016	0.0
14.0	30.42745762141845	18.88047169972274	19.923392245474744	30.76867843338406	0.0
15.0	29.33296118171395	18.59562596651102	20.653666153730775	31.41774669804425	0.0
16.0	29.371231918825778	18.197011323007597	18.815627471319345	33.616129286847276	0.0
17.0	30.00851701875622	17.90412603469381	20.044734293931292	32.04262265261868	0.0
18.0	32.013127918404535	17.846130770789586	19.396807523354294	30.743933787451596	0.0
19.0	30.401657400312278	18.795632913668555	20.140681167569245	30.66202851844992	0.0
20.0	29.782267981815142	17.56596148107998	20.540339112116442	32.11143142498843	0.0
21.0	29.038566175419167	18.78539628930959	20.24242143053266	31.933616104738586	0.0
22.0	29.801440172760834	18.782659158335907	23.282723413406075	28.133177255497184	0.0
23.0	29.573755062618318	20.253995935053652	21.565241235135876	28.60700776719216	0.0
24.0	32.99811457090194	19.500843048614026	17.805245644003346	29.69579673648069	0.0
25.0	29.13343292562356	20.968141636585845	20.046784073629066	29.85164136416153	0.0
26.0	31.27875445075294	16.63277165687375	23.014386384945926	29.074087507427382	0.0
27.0	26.000203505074186	20.710532197681736	25.204925804725715	28.08433849251837	0.0
28.0	26.89242228358469	19.874786690964534	19.312729733355575	33.920061292095205	0.0
29.0	27.892223810903772	20.576081378463346	17.395363349227104	34.136331461405774	0.0
30.0	26.51664784945939	19.06807058647352	16.389498609026628	38.02578295504046	0.0
31.0	34.156905317722085	14.79176097362909	18.864958105192223	32.186375603456604	0.0
32.0	34.09754018656133	15.44207731317518	22.97851854546168	27.48186395480181	0.0
33.0	31.260036525277574	17.61709300458906	21.11294906137887	30.009921408754494	0.0
34.0	32.75196771748543	16.996394240968797	22.00733382480529	28.244304216740478	0.0
35.0	26.531365447734117	20.819648956699837	25.346554080604548	27.3024315149615	0.0
