# Position (bp)	A	C	G	T	N
0.0	30.24299065420561	18.2803738317757	19.177570093457945	32.299065420560744	0.0
1.0	24.57943925233645	22.934579439252335	24.093457943925234	28.39252336448598	0.0
2.0	29.28238583410997	18.86300093196645	19.049394221808015	32.805219012115565	0.0
3.0	31.75813953488372	20.167441860465114	18.697674418604652	29.376744186046512	0.0
4.0	30.351497117351684	19.58341082387949	19.602008554956296	30.463083503812534	0.0
5.0	30.042758877114707	20.07808142777468	17.84718349135527	32.03197620375535	0.0
6.0	30.09293680297398	19.089219330855016	20.966542750929367	29.851301115241636	0.0
7.0	30.620587142326272	19.305091044221477	20.68004459308807	29.394277220364177	0.0
8.0	30.207946528035652	19.012253991830672	20.757519494987005	30.022279985146678	0.0
9.0	27.26429101707498	21.288047512991835	18.448403860430588	32.9992576095026	0.0
10.0	27.853033958062724	16.867693449619594	20.33772499536092	34.94154759695676	0.0
11.0	27.365491651205936	18.330241187384043	19.517625231910944	34.786641929499076	0.0
12.0	26.964418087472204	19.58858413639733	19.681245366938473	33.765752409192	0.0
13.0	29.185185185185187	21.12962962962963	19.01851851851852	30.666666666666664	0.0
14.0	28.859681599407626	18.974453905960758	20.751573491299517	31.4142910033321	0.0
15.0	29.2299148463532	19.99259533506109	19.69640873750463	31.08108108108108	0.0
16.0	28.909864889875998	19.37812326485286	21.41402924301314	30.297982602258006	0.0
17.0	29.280029613177867	18.95243383305571	21.228946881362205	30.53858967240422	0.0
18.0	28.727339992600815	20.717721050684425	19.348871624121347	31.206067332593413	0.0
19.0	27.255917159763314	22.078402366863905	20.98742603550296	29.67825443786982	0.0
20.0	26.782415958625784	21.278167713335797	19.9113409678611	32.02807536017732	0.0
21.0	25.751706327245895	20.531267293857223	20.54971407489393	33.16731230400295	0.0
22.0	28.35820895522388	20.23217247097844	19.034457342915054	32.375161230882625	0.0
23.0	29.244935543278082	20.865561694290978	17.642725598526702	32.246777163904234	0.0
24.0	28.568800588668136	18.4878587196468	16.94260485651214	36.00073583517292	0.0
25.0	27.481617647058826	20.477941176470587	17.316176470588236	34.724264705882355	0.0
26.0	31.09274563820018	17.63085399449036	16.455463728191	34.82093663911846	0.0
27.0	27.574811823021843	19.75399302368276	18.285294657609693	34.3859004956857	0.0
28.0	30.346979988984764	18.799339085735266	16.320910592986966	34.532770332293005	0.0
29.0	28.710328380113744	18.62043661713447	16.4190056870299	36.25022931572189	0.0
30.0	30.52127463621293	18.18014367286793	18.401178854300976	32.89740283661816	0.0
31.0	29.813205104494173	17.403366007027927	17.791751433327168	34.991677455150736	0.0
32.0	29.649545707398477	18.394214722788803	19.265714815501575	32.69052475431115	0.0
33.0	27.910863509749305	19.832869080779943	19.610027855153202	32.646239554317546	0.0
34.0	32.82527881040892	16.33828996282528	17.973977695167285	32.86245353159851	0.0
35.0	30.647562337179007	18.440640119091924	18.71976181615184	32.19203572757722	0.0
36.0	30.42505592841163	16.79716629381059	18.493661446681582	34.2841163310962	0.0
37.0	31.426434847635072	20.228080014956067	18.022060198167882	30.32342493924098	0.0
38.0	29.9887471867967	19.35483870967742	17.854463615903978	32.80195048762191	0.0
39.0	29.282494365138994	18.59504132231405	19.27122464312547	32.85123966942149	0.0
40.0	28.560663149962323	17.84099472494348	20.195930670685758	33.402411454408444	0.0
41.0	28.182848507744616	16.320362674726105	22.742727616169248	32.75406120136003	0.0
42.0	31.579943235572372	16.385998107852412	20.491958372753075	31.542100283822137	0.0
43.0	31.448092617194913	18.011007781362686	19.6621749857658	30.8787246156766	0.0
44.0	31.014823261117446	19.802356518434056	16.495629038388447	32.687191182060054	0.0
45.0	32.820019249278154	15.938402309913377	18.748796920115495	32.49278152069298	0.0
46.0	31.236735481381437	15.705190044375843	19.891954466525178	33.16612000771754	0.0
47.0	33.74636979670861	16.63117134559535	19.883833494675702	29.738625363020326	0.0
48.0	29.296647936446423	19.2210811858167	19.7636117031583	31.71865917457857	0.0
49.0	29.92049641264301	19.391118867558657	18.693038588326548	31.995346131471784	0.0
50.0	29.126213592233007	20.233009708737864	19.0873786407767	31.55339805825243	0.0
51.0	29.951409135082603	16.75413022351798	19.261418853255588	34.033041788143834	0.0
52.0	28.881077914469834	17.418472954501073	22.144112478031637	31.556336652997462	0.0
53.0	29.947152084556667	19.90604815032296	19.357995693873555	30.788804071246815	0.0
54.0	30.411764705882355	19.627450980392158	18.333333333333332	31.627450980392158	0.0
55.0	29.931305201177626	17.742885181550538	17.978410206084398	34.34739941118744	0.0
56.0	26.03062426383981	19.414998036906166	20.00392618767177	34.55045151158225	0.0
57.0	30.574125049154542	17.518678725914274	19.38655131734172	32.520644907589464	0.0
58.0	27.99212598425197	20.787401574803148	18.58267716535433	32.637795275590555	0.0
59.0	28.039408866995075	18.876847290640395	19.48768472906404	33.59605911330049	0.0
60.0	30.50680339183593	17.116939459672647	20.153815815421023	32.2224413330704	0.0
61.0	28.044207617919874	18.551411091375567	21.511742648509966	31.892638642194594	0.0
62.0	28.751974723538705	20.201421800947866	20.359399684044234	30.68720379146919	0.0
63.0	29.859322369724588	18.88250445809392	20.527045769764214	30.73112740241728	0.0
64.0	28.78097125867195	19.52428146679881	20.515361744301288	31.17938553022795	0.0
65.0	28.69892899642999	20.15073383577945	20.487901626338754	30.662435541451806	0.0
66.0	29.72222222222222	17.539682539682538	19.90079365079365	32.83730158730159	0.0
67.0	29.042510925705205	19.98410806515693	18.077075883988876	32.89630512514899	0.0
68.0	26.39856659366912	21.14274338044993	20.027871789767072	32.43081823611388	0.0
69.0	29.715196176060545	20.812587134037045	18.801035650268872	30.671181039633538	0.0
70.0	28.99561578318055	20.66560382622559	19.190912714228777	31.147867676365088	0.0
71.0	28.534396809571287	21.89431704885344	20.29910269192423	29.272183449651045	0.0
72.0	28.605625374027525	18.870935567524434	21.34450428884899	31.178934769599042	0.0
73.0	29.219093269422807	17.41561813461154	21.549830237667265	31.815458358298383	0.0
74.0	28.68	18.52	20.68	32.12	0.0
75.0	31.012404961984796	19.427771108443377	21.46858743497399	28.091236494597837	0.0
76.0	30.716860232278737	19.823788546255507	19.08289947937525	30.37645174209051	0.0
77.0	30.522731824554377	19.046665331464048	18.606048467854997	31.824554376126578	0.0
78.0	28.78029240937312	17.384338073302626	21.169637492489485	32.66573202483477	0.0
79.0	31.023432805928298	19.96795513719207	16.983777288203488	32.02483476867614	0.0
80.0	31.302605210420843	18.13627254509018	19.03807615230461	31.52304609218437	0.0
81.0	29.296170042109487	17.3852015239623	20.032083416883896	33.28654501704432	0.0
82.0	32.2839382394225	16.24222979747343	20.533386805694807	30.940445157409265	0.0
83.0	32.0160481444333	16.16850551654965	20.341023069207623	31.474423269809428	0.0
84.0	30.41733547351525	16.8338683788122	20.6661316211878	32.08266452648475	0.0
85.0	29.486150140505824	16.178241670012046	20.85507828181453	33.4805299076676	0.0
86.0	30.42168674698795	19.95983935742972	19.2570281124498	30.361445783132528	0.0
87.0	31.72593932087603	16.395418927064497	20.43399638336347	31.444645368696	0.0
88.0	33.286403861625104	16.391794046661303	19.04666130329847	31.275140788415122	0.0
89.0	30.10860820595334	16.532582461786003	18.644408688656476	34.71440064360418	0.0
90.0	29.758551307847082	16.88128772635815	19.678068410462775	33.68209255533199	0.0
91.0	30.83115314952707	18.595290802978468	16.94505936808211	33.62849667941236	0.0
92.0	30.69645732689211	18.015297906602253	17.12962962962963	34.15861513687601	0.0
93.0	31.76328502415459	17.391304347826086	19.826892109500804	31.01851851851852	0.0
94.0	29.621425694724124	17.1163914619412	19.492549335481275	33.7696335078534	0.0
95.0	31.331855732419907	16.98569413661092	18.879709852911546	32.80274027805763	0.0
96.0	30.209592906086257	16.767432486900443	19.709794437726725	33.313180169286575	0.0
97.0	29.66545747682386	17.654171704957676	18.198307134220073	34.48206368399839	0.0
98.0	30.840556339447694	18.907478330981657	18.46401935093731	31.787945978633342	0.0
99.0	28.8969550312563	20.427505545472876	18.39080459770115	32.28473482556967	0.0
100.0	32.45808927489396	17.14805089880832	19.430418097354067	30.963441728943646	0.0
101.0	31.11605337646583	20.11726647796199	19.85442782046098	28.912252325111197	0.0
102.0	29.485621709194003	19.825840421223166	19.13730255164034	31.55123531794249	0.0
103.0	27.98703928716079	18.793033616848927	21.95220737140543	31.267719724584854	0.0
104.0	28.267477203647417	17.223910840932117	20.060790273556233	34.447821681864234	0.0
105.0	28.959643074427095	19.0225106469276	18.454674508213344	33.56317177043196	0.0
106.0	31.324812335159262	20.40981943599107	18.218705619801177	30.04666260904849	0.0
107.0	32.39894373349584	19.723745683526307	18.362786918545602	29.514523664432257	0.0
108.0	33.39427178549665	17.672151127361367	19.17529961405647	29.758277473085514	0.0
109.0	28.07801706623324	19.422998780983338	18.630637952052012	33.86834620073141	0.0
110.0	27.261638544419597	19.536491156739174	18.906281764586296	34.295588534254925	0.0
111.0	32.0162932790224	18.45213849287169	18.778004073319757	30.75356415478615	0.0
112.0	27.317172540232228	20.146669382766348	20.574455082501526	31.961702994499895	0.0
113.0	29.381758824729648	17.220975311160988	20.363191185472353	33.03407467863701	0.0
114.0	31.74019607843137	16.115196078431374	19.444444444444446	32.70016339869281	0.0
115.0	27.686963628933388	19.656722517368205	16.285247241520228	36.371066612178176	0.0
116.0	29.073809037006747	19.42343079124923	17.2357391126559	34.26702105908812	0.0
117.0	31.990182041317244	17.835958273675597	17.529147064839435	32.644712620167724	0.0
118.0	31.19885433715221	18.269230769230766	19.578559738134206	30.953355155482814	0.0
119.0	25.46049938600082	21.653704461727386	21.592304543593944	31.293491608677854	0.0
120.0	29.273285568065504	20.36847492323439	20.08188331627431	30.27635619242579	0.0
121.0	31.251279950849884	19.53716977268073	19.35285685029695	29.858693426172433	0.0
122.0	29.70702724851465	18.111042819094447	19.381274329030937	32.80065560335997	0.0
123.0	30.600532896085262	16.84771469563435	19.4712031153925	33.08054929288788	0.0
124.0	32.0	17.64102564102564	18.215384615384618	32.14358974358974	0.0
125.0	32.526164580340655	18.22286066078391	17.812435871126617	31.43853888774882	0.0
126.0	31.582187564128873	17.91504206854094	19.967166016827417	30.53560435050277	0.0
127.0	29.568788501026695	18.952772073921974	19.67145790554415	31.80698151950719	0.0
128.0	32.043630376620705	17.266927351306855	18.31652603416341	32.37291623790903	0.0
129.0	31.515026759983535	18.773157678056812	19.164265129683	30.547550432276655	0.0
130.0	32.28265348166461	18.56201071281417	16.831479192418623	32.3238566131026	0.0
131.0	30.715316429602147	18.552875695732837	20.16079158936302	30.571016285302	0.0
132.0	28.592042877757162	17.74891774891775	22.943722943722943	30.715316429602147	0.0
133.0	28.22680412371134	18.391752577319586	20.45360824742268	32.92783505154639	0.0
134.0	26.289723483285183	20.821295914156003	21.68799009492365	31.20099050763516	0.0
135.0	29.246646026831787	17.58513931888545	21.444788441692467	31.7234262125903	0.0
136.0	28.98431048720066	18.311312964492153	18.765483071841455	33.93889347646573	0.0
137.0	28.8135593220339	17.63125258371228	19.222819346837536	34.33236874741629	0.0
138.0	26.953286482017365	18.85076477883423	19.574204216618437	34.62174452252997	0.0
139.0	30.018606574322927	18.958031837916064	19.04072772379574	31.982633863965265	0.0
140.0	29.00558197229688	17.593549720901386	19.268141409964855	34.132726896836886	0.0
141.0	28.143093465674113	18.320926385442515	21.31927212572374	32.21670802315963	0.0
142.0	31.39607032057911	18.366080661840744	18.138572905894517	32.099276111685626	0.0
143.0	32.4643078833023	17.525346575625907	20.442789157872955	29.56755638319884	0.0
144.0	30.6975781411716	18.795280480231835	18.505485406748086	32.00165597184848	0.0
145.0	31.379453189726597	16.71499585749793	18.620546810273407	33.285004142502075	0.0
146.0	29.78855721393035	17.143449419568825	18.53233830845771	34.53565505804312	0.0
147.0	29.54403497813866	18.530085363314594	19.446179471163855	32.47970018738289	0.0
148.0	28.583333333333332	19.25	20.083333333333332	32.083333333333336	0.0
149.0	29.658190912880368	19.17465610671113	18.236765318882867	32.930387661525636	0.0
150.0	27.97494780793319	17.035490605427974	20.960334029227557	34.029227557411275	0.0
151.0	29.195402298850574	18.746081504702193	20.06269592476489	31.99582027168234	0.0
152.0	26.453366792137178	18.75784190715182	19.59431200334588	35.19447929736511	0.0
153.0	31.693531505128743	17.039983253087712	18.4634707975717	32.80301444421185	0.0
154.0	30.765993265993263	17.466329966329965	19.212962962962962	32.554713804713806	0.0
155.0	29.416719309328283	18.403874499894716	20.888608128026952	31.290798062750053	0.0
156.0	31.009058352643777	16.49462818622288	20.39182641668422	32.10448704444913	0.0
157.0	30.908707569049128	19.22833649588868	19.987349778621123	29.87560615644107	0.0
158.0	30.84545646215475	19.270503900484925	18.40607210626186	31.47796753109846	0.0
159.0	30.61827389744672	16.31145811352606	20.99599071534079	32.07427727368643	0.0
160.0	27.247783875052768	19.269734065006332	21.929084001688476	31.55339805825243	0.0
161.0	28.16722972972973	17.44087837837838	22.48733108108108	31.90456081081081	0.0
162.0	29.62569119523607	17.80093577201191	23.01148447469162	29.5618885580604	0.0
163.0	29.808510638297875	15.382978723404255	21.382978723404257	33.42553191489362	0.0
164.0	31.05285592497869	17.22080136402387	22.89002557544757	28.836317135549873	0.0
165.0	31.94029850746269	16.97228144989339	21.812366737739872	29.275053304904052	0.0
166.0	30.779082177161154	17.99359658484525	22.049092849519745	29.178228388473855	0.0
167.0	28.241335044929393	18.16431322207959	20.774497218656396	32.819854514334615	0.0
168.0	28.794690644401626	18.64697067009206	20.35966602440591	32.19867266110041	0.0
169.0	26.92225315913472	17.862497322767187	19.854358535018203	35.36089098307989	0.0
170.0	28.412256267409468	15.66316691664881	19.327190914934647	36.59738590100707	0.0
171.0	28.062647500536364	17.464063505685477	19.459343488521778	35.01394550525638	0.0
172.0	28.41811547542391	19.789654432281605	18.673535093367676	33.118694998926806	0.0
173.0	26.224226804123713	17.074742268041238	19.029209621993125	37.671821305841924	0.0
174.0	27.97413793103448	19.633620689655174	19.612068965517242	32.7801724137931	0.0
175.0	28.62381363244176	18.07592752372735	21.397756686798964	31.902502157031925	0.0
176.0	30.211480362537763	16.14156236512732	18.04056970220112	35.6063875701338	0.0
177.0	27.455212605223394	20.138139434491688	18.951003669328728	33.45564429095618	0.0
178.0	31.742604189160005	17.339667458432302	18.786439213992658	32.13128913841503	0.0
179.0	27.683005830274237	18.808032822284602	22.068667674368385	31.440293673072773	0.0
180.0	28.852388156472873	17.289820618111087	19.14847633455803	34.709314890858	0.0
181.0	29.18203514862226	18.65914515079193	18.8978086352788	33.261011065307	0.0
182.0	32.70399305555556	18.14236111111111	19.661458333333336	29.4921875	0.0
183.0	31.118349619978286	23.322475570032573	17.437567861020632	28.121606948968513	0.0
184.0	31.82015638575152	20.46046915725456	17.875760208514336	29.843614248479582	0.0
185.0	30.06521739130435	21.804347826086957	19.34782608695652	28.782608695652172	0.0
186.0	32.592592592592595	17.734204793028322	20.566448801742922	29.106753812636164	0.0
187.0	30.823271130625685	20.59275521405049	19.95609220636663	28.627881448957186	0.0
188.0	31.245880026367836	18.940892111623818	19.68798066359042	30.12524719841793	0.0
189.0	32.79841723455705	18.39964827434601	17.981974060233018	30.819960430863922	0.0
190.0	35.188036067736974	16.648339564548053	17.594018033868487	30.569606333846494	0.0
191.0	30.691325407309556	19.638925583443417	16.622633201232937	33.04711580801409	0.0
192.0	33.414096916299556	18.01762114537445	18.325991189427313	30.242290748898675	0.0
193.0	30.09084865942832	17.43851096831376	20.385552847329937	32.085087524927985	0.0
194.0	29.977827050997785	18.957871396895786	19.778270509977826	31.286031042128602	0.0
195.0	31.993783303730016	19.04973357015986	18.13943161634103	30.817051509769094	0.0
196.0	30.753835890593727	19.902156993551255	18.301089615299087	31.042917500555927	0.0
197.0	31.226352103271754	19.163142666369907	19.919875361673714	29.69062986868462	0.0
198.0	32.85841495992876	18.27693677649154	17.96527159394479	30.899376669634908	0.0
199.0	30.013368983957218	18.181818181818183	19.407308377896612	32.39750445632799	0.0
200.0	28.99843854561677	18.24670979254963	21.347312067811732	31.40753959402186	0.0
201.0	30.024591996422984	15.694164989939638	19.98658618376928	34.294656829868096	0.0
202.0	30.192479856759174	17.07699194270367	20.255147717099373	32.47538048343778	0.0
203.0	30.979600986325934	16.31921093925129	20.152432190091908	32.548755884330866	0.0
204.0	29.02646926873037	18.999551368326603	20.5697622252131	31.404217137729923	0.0
205.0	32.255892255892256	16.184062850729518	21.48148148148148	30.07856341189675	0.0
206.0	28.95622895622896	18.02469135802469	20.2020202020202	32.817059483726155	0.0
207.0	29.685393258426966	16.9438202247191	20.314606741573034	33.056179775280896	0.0
208.0	28.290810566719347	17.475728155339805	21.74305712350418	32.49040415443667	0.0
209.0	28.764958229848723	17.791826597426056	19.688417249943555	33.75479792278166	0.0
210.0	31.38141532896224	16.482025774361293	20.302961790639838	31.833597106036628	0.0
211.0	29.488919041157846	16.711895070104024	21.57394843962008	32.22523744911804	0.0
212.0	27.805429864253394	17.171945701357465	23.43891402714932	31.583710407239817	0.0
213.0	31.234428086070213	17.68969422423556	20.11325028312571	30.962627406568515	0.0
214.0	30.115567641060505	19.487876727849535	20.009064128710627	30.387491502379333	0.0
215.0	31.357856494096275	20.18619436875568	18.982742960944595	29.473206176203455	0.0
216.0	34.51568894952251	18.21282401091405	18.667576170986813	28.603910868576627	0.0
217.0	29.63384125540141	18.649078917443713	20.08187400500341	31.63520582215147	0.0
218.0	29.12400455062571	17.90671217292378	19.726962457337883	33.24232081911263	0.0
219.0	27.751196172248804	19.890635680109366	22.442469810890863	29.915698336750967	0.0
220.0	29.98859749144812	19.77194982896237	21.20866590649943	29.030786773090078	0.0
221.0	30.616438356164384	18.58447488584475	18.949771689497716	31.84931506849315	0.0
222.0	31.077063800594555	19.551795106334325	19.73473587925909	29.63640521381203	0.0
223.0	32.593270771343555	17.120622568093385	17.898832684824903	32.387273975738154	0.0
224.0	33.34097158570119	16.590284142988086	19.752520623281395	30.316223648029332	0.0
225.0	35.86981434792574	17.579647031858812	19.43616777446711	27.114370845748336	0.0
226.0	33.35627437485662	17.894012388162423	19.17871071346639	29.571002523514565	0.0
227.0	30.158730158730158	17.713365539452496	18.49551414768806	33.63239015412928	0.0
228.0	29.610868063550537	17.522449919410548	18.834906746488603	34.03177527055031	0.0
229.0	31.47934456496654	21.255481190860838	16.33971843987999	30.92545580429264	0.0
230.0	29.27340475081509	21.891010712622265	16.790870982766652	32.044713553795994	0.0
231.0	30.249359123747375	19.599161034723842	17.43183407131205	32.71964577021673	0.0
232.0	28.52474323062558	18.020541549953315	18.39402427637722	35.06069094304388	0.0
233.0	29.076023391812868	17.894736842105264	20.982456140350877	32.046783625730995	0.0
234.0	26.627634660421545	20.117096018735364	21.99063231850117	31.26463700234192	0.0
235.0	26.154206702601357	18.514178579798454	20.553081790485116	34.778532927115066	0.0
236.0	28.64191729323308	16.940789473684212	22.25093984962406	32.16635338345865	0.0
237.0	27.626274602798194	18.638842779226938	21.01019682238558	32.72468579558928	0.0
238.0	30.116472545757073	15.925837889232234	20.251961017352034	33.705728547658666	0.0
239.0	27.530364372469634	17.385091688497262	19.742795903786618	35.34174803524649	0.0
240.0	26.867096158434737	16.416129801956576	21.21212121212121	35.50465282748747	0.0
241.0	28.095009596928982	16.314779270633398	22.67274472168906	32.91746641074856	0.0
242.0	27.98462647129474	16.886860437184723	22.60389142445352	32.52462166706702	0.0
243.0	27.870437515107565	15.325114817500603	22.86681169929901	33.93763596809282	0.0
244.0	26.966836117162913	17.695473251028808	21.30234809973372	34.03534253207456	0.0
245.0	29.17778316759641	16.880911957312637	20.955614843560515	32.98569003153044	0.0
246.0	29.175784099197667	16.046681254558717	20.690493557014346	34.087041089229274	0.0
247.0	27.39892839746712	18.55820750121773	22.113979542133464	31.928884559181686	0.0
248.0	27.135187896534894	17.471937530502686	23.2796486090776	32.11322596388482	0.0
249.0	28.156288156288156	19.194139194139197	18.24175824175824	34.407814407814406	0.0
250.0	26.89672050905531	17.27851199216838	20.77826725403818	35.046500244738134	0.0
251.0	29.247364550134836	17.651385143417507	19.637165972051974	33.464084334395686	0.0
252.0	28.388052332757347	20.464082942483337	19.550728215255493	31.597136509503827	0.0
253.0	31.067721206129512	15.818091942659418	18.882847256549677	34.23133959466139	0.0
254.0	30.024752475247524	17.004950495049506	19.207920792079207	33.76237623762376	0.0
255.0	28.943452380952383	18.154761904761905	20.238095238095237	32.663690476190474	0.0
256.0	28.999748047367095	19.223985890652557	19.148400100781053	32.62786596119929	0.0
257.0	28.921444809295277	16.7719120990149	18.2874463248295	36.01919676686032	0.0
258.0	29.309035687167807	18.425715008858518	18.425715008858518	33.83953429511516	0.0
259.0	31.581619700431578	18.3041381061183	16.527037319116527	33.58720487433359	0.0
260.0	30.62833884507759	19.74052403968456	16.611549224116	33.01958789112185	0.0
261.0	31.15423901940756	18.38610827374872	18.564862104187945	31.89479060265577	0.0
262.0	31.413210445468508	16.46185355862775	20.14848950332821	31.976446492575523	0.0
263.0	31.15216833461637	20.323325635103924	17.83423146009751	30.69027457018219	0.0
264.0	30.52415210688592	19.244604316546763	19.244604316546763	30.986639260020553	0.0
265.0	30.43030146869364	20.097912909044062	18.62921927338315	30.842566348879153	0.0
266.0	32.63619932868577	18.20294345468629	19.184095016782855	29.97676219984508	0.0
267.0	31.306597671410092	17.61966364812419	20.62095730918499	30.452781371280725	0.0
268.0	30.515945035001295	17.422867513611614	21.311900440757064	30.74928701063002	0.0
269.0	31.547464239271783	19.609882964889465	19.297789336801042	29.544863459037714	0.0
270.0	31.065166186862076	20.80607170897671	17.115938236063858	31.012823868097357	0.0
271.0	32.117554447651536	18.945158750983992	17.711886643925478	31.225400157438994	0.0
272.0	30.746975276170435	18.253550762756444	17.99053129931615	33.00894266175697	0.0
273.0	30.923482849604223	16.649076517150398	19.525065963060687	32.9023746701847	0.0
274.0	31.59566022757343	19.105583487695156	19.07912146070389	30.21963482402752	0.0
275.0	29.992044550517104	19.04004242906391	20.286396181384248	30.68151683903474	0.0
276.0	33.03834808259587	19.14722445695897	18.289085545722713	29.525341914722446	0.0
277.0	28.274372130704833	20.19983796921415	20.604914933837428	30.920874966243588	0.0
278.0	27.442489851150203	19.404600811907986	22.110960757780784	31.041948579161026	0.0
279.0	31.437125748502993	20.65868263473054	19.352204681546	28.55198693522047	0.0
280.0	28.914348063284233	21.031096563011456	21.49481723949809	28.55973813420622	0.0
281.0	30.082191780821915	17.80821917808219	22.136986301369863	29.972602739726028	0.0
282.0	28.961146321300635	17.635712317442824	22.81620281069165	30.586938550564895	0.0
283.0	28.535704362322868	19.338705195887744	21.33926090580717	30.786329535982215	0.0
284.0	26.0662177328844	20.566778900112233	22.81144781144781	30.555555555555557	0.0
285.0	28.97406989853439	20.095828635851184	22.435174746335964	28.494926719278467	0.0
286.0	27.859988616960727	18.725099601593627	22.50996015936255	30.9049516220831	0.0
287.0	26.39840182648402	18.807077625570777	22.831050228310502	31.963470319634702	0.0
288.0	25.107851596203624	19.298245614035086	22.404371584699454	33.18953120506183	0.0
289.0	27.50650101126842	19.531927188673794	21.063276509679284	31.898295290378503	0.0
290.0	30.005803830528148	16.07661056297156	20.89378990133488	33.02379570516541	0.0
291.0	30.59133489461358	16.01288056206089	23.03864168618267	30.357142857142854	0.0
292.0	28.693098384728337	19.76505139500734	23.05433186490455	28.487518355359764	0.0
293.0	28.584096955365062	17.67661838604789	22.790422701744014	30.94886195684304	0.0
294.0	31.46167557932264	18.77599524658348	19.48900772430184	30.27332144979204	0.0
295.0	30.101735487731894	17.713943746259726	22.89048473967684	29.293836026331537	0.0
296.0	29.11544227886057	18.08095952023988	22.39880059970015	30.4047976011994	0.0
297.0	28.890229191797346	18.84800965018094	22.858866103739444	29.40289505428227	0.0
298.0	28.523180841264967	20.171937365673934	22.075529628492475	29.229352164568624	0.0
299.0	28.185076572173344	18.084066471163247	21.2772890192245	32.453567937438905	0.0
300.0	33.92751039809863	8.02139037433155	23.232323232323232	34.81877599524658	0.0
