# Position (bp)	A	C	G	T	N
0.0	45.9478252529612	10.660336642209755	23.267635352227497	20.10022538723445	0.023977365367093464
1.0	38.9004771152509	15.790356997290752	17.348773645975687	27.94840442110815	0.01198782037449951
2.0	40.431158650327035	16.16018511959576	19.116431725342967	24.292224504734243	0.0
3.0	41.11523301646186	16.204498029214005	19.791328541618363	22.888940412705775	0.0
4.0	39.052607606467774	18.21680710544295	17.46071509906627	25.269870189023003	0.0
5.0	37.52120725064738	18.633360121439413	18.892311813554784	24.950888472185017	0.0022323421734083398
6.0	30.963252403740615	19.39236949554375	18.026957018044516	31.617421082671115	0.0
7.0	33.132114522249054	18.48266643670231	19.698602966540186	28.686616074508454	0.0
8.0	33.752483198782706	18.923031404539497	17.866351071473858	29.45813432520394	0.0
9.0	37.46778082647377	17.358859233391534	19.479088717053298	25.6942712230814	0.0
10.0	35.20803268359113	20.74229150999004	18.97802800869936	25.071647797719464	0.0
11.0	33.40212322651057	20.82349439428515	18.0295664252406	27.744815953963688	0.0
12.0	34.40667394355216	19.372758459379387	17.558085139560266	28.662482457508187	0.0
13.0	36.35597117890541	18.107082630691398	19.73018549747049	25.806760692932702	0.0
14.0	34.840140593575555	18.205740277803883	20.254496926865027	26.699622201755542	0.0
15.0	32.17782384186856	19.529529344265327	20.934278469767357	27.35836834409876	0.0
16.0	31.48452328807125	20.672725945393488	20.079573660388377	27.76317710614688	0.0
17.0	32.586048687453896	19.080947840011515	20.495151046258478	27.83785242627611	0.0
18.0	32.88273904559163	18.240198687244987	19.804860741529183	29.0722015256342	0.0
19.0	29.82416116804717	18.905306752772706	21.035729327530536	30.234802751649585	0.0
20.0	32.871048775382036	16.945781871467446	20.05093852487614	30.13048635824436	0.0017444700300048843
21.0	33.94302588153552	17.16519020323085	20.76428695501129	28.127496960222338	0.0
22.0	33.05808015234138	17.953778239418334	21.294901757119362	27.69323985112092	0.0
23.0	31.929474155446126	16.515720238300215	19.844002892661592	31.70908089121526	0.001721822376803609
24.0	32.88104852508384	15.360002737663404	22.633632194921635	29.12360550270344	0.001711039627677777
25.0	34.76124437139384	16.33023438971356	22.360333521666924	26.548187717225673	0.0
26.0	33.84169851088987	17.103346642219442	21.024041674520625	28.030913172370063	0.0
27.0	33.73129686582121	16.67991292028059	20.49483396109057	29.09395625280763	0.0
28.0	34.78757858639741	16.172777498744352	21.103586830391937	27.934325152842966	0.0017319316233395106
29.0	34.000173055291164	16.81924374837761	20.57800467249286	28.60084797092671	0.0017305529116552738
30.0	32.1232900313566	16.183108783294855	22.909272595706557	28.784328589641984	0.0
31.0	30.517668939863608	17.915202865605842	23.73252049321485	27.8346077013157	0.0
32.0	30.905959352394074	17.614536686186703	20.98863244919049	30.49087151222873	0.0
33.0	30.67698466597562	16.670836758766132	22.7865746863495	29.865603888908748	0.0
34.0	32.52036897455224	16.582319371163994	20.851728222246148	30.045583432037613	0.0
35.0	31.265409717186365	18.09282088469906	20.96446700507614	29.677302393038435	0.0
36.0	31.18416273156556	16.699963675989828	22.813294587722485	29.302579004722123	0.0
37.0	32.55902790410012	16.52417506457598	22.27416596936734	28.642631061956564	0.0
38.0	30.33959379777244	18.74499526825362	20.812404455121207	30.099366673946275	0.003639804906457014
39.0	31.74962155063926	19.352897189443542	19.909172153422457	28.988309106494736	0.0
40.0	30.58093935248518	18.814409484724123	20.654810761513907	29.949840401276788	0.0
41.0	32.02741166446092	17.08152794648199	21.004731775412896	29.886328613644192	0.0
42.0	30.18221574344023	18.5932944606414	22.004373177842567	29.220116618075803	0.0
43.0	31.848971170875096	20.090924029139508	20.474338609848278	27.583940406419455	0.0018257837176608059
44.0	34.3353044240035	17.7471163673529	19.572200321214776	28.345378887428822	0.0
45.0	33.72949845495602	17.39774368726116	19.50046625587391	29.372291601908906	0.0
46.0	30.273358562663045	19.814821618841165	22.346327662857774	27.563655068523353	0.0018370871146709776
47.0	31.218540848498254	20.36248317569187	19.49038479266921	28.92859118314066	0.0
48.0	31.577493832161135	20.495636484147735	20.852818794417647	27.074050889273483	0.0
49.0	30.705798086282577	18.187661848702454	21.530239306507006	29.576300758507962	0.0
50.0	31.361034164358266	19.043397968605724	19.76915974145891	29.826408125577103	0.0
51.0	32.137565745610786	18.999555522631304	21.32380176309356	27.539076968664343	0.0
52.0	30.86008705033295	19.18827424574979	20.866039209850822	29.08559949406644	0.0
53.0	31.677226984718597	17.40216175922475	21.645546030562805	29.27506522549385	0.0
54.0	30.881887712376948	17.542847572436123	22.18583099168171	29.38943372350522	0.0
55.0	30.847223001664894	20.06659558149541	22.345062386591092	26.741119030248612	0.0
56.0	29.217775613775537	19.483510927170922	22.285061518005953	29.013651941047584	0.0
57.0	28.64290299437375	17.558433712192727	24.279726617075102	29.518936676358422	0.0
58.0	28.23808169841721	17.586958582124918	20.74116197516823	33.43379774428964	0.0
59.0	26.688777066178716	19.28560536749009	22.44777371149741	31.57784385483379	0.0
60.0	28.872487317389478	17.124384941068772	22.613189914940687	31.38993782660106	0.0
61.0	29.458917835671343	17.835671342685373	22.765531062124246	29.939879759519037	0.0
62.0	29.840494543234374	18.19621460734183	22.06174158589636	29.90154926352744	0.0
63.0	28.659423062208276	17.654372943607008	23.035427347157395	30.650776647027318	0.0
64.0	27.243871658572026	18.595357375043022	25.442655550881486	28.71811541550346	0.0
65.0	29.79664014146773	17.297120670434012	20.89147733825395	32.014761849844305	0.0
66.0	29.16602256917607	18.097851290771374	23.7188900912042	29.017236048848353	0.0
67.0	31.757328614295606	16.730784027083175	22.38401169500654	29.127875663614684	0.0
68.0	31.9346511000655	16.886294455361615	21.122798905714177	30.056255538858707	0.0
69.0	32.21712804441607	17.834136149962276	21.13632406708839	28.81241173853326	0.0
70.0	32.39149827405655	17.689950742737462	20.550362642050963	29.368188341155026	0.0
71.0	29.81504171771982	19.53439523892876	21.226442616255326	29.424120427096096	0.0
72.0	32.62224819793494	15.33995714007403	21.891681278005066	30.146113383985973	0.0
73.0	30.895353818592515	17.093118354948007	21.04996689644429	30.95961366203217	0.0019472679830198232
74.0	31.090646019083373	20.989754418895668	20.195917409666823	27.72368215235414	0.0
75.0	34.68500235072873	18.400329102021626	19.583529227393825	27.331139319855822	0.0
76.0	33.87176010532728	17.33380494802413	22.2641435280709	26.53029141857769	0.0
77.0	35.97454381174992	16.289210583174558	21.19188387578323	26.544361729292294	0.0
78.0	34.534587845434636	17.752529735487308	19.71122551630274	27.99968439947137	0.001972503303943034
79.0	31.075358188870418	18.536768780178896	21.782236998337687	28.605636032612995	0.0
80.0	30.764813054499367	17.668726235741445	19.805529150823826	31.75895120405577	0.001980354879594423
81.0	32.66748739128708	17.6243993487153	22.10793852507843	27.598189110837534	0.0019856240816488622
82.0	31.525005472745725	20.68100857728512	20.949670640211746	26.84431530975741	0.0
83.0	32.5227599425012	18.189985625299474	20.715540648458713	28.571713783740616	0.0
84.0	34.64378888219948	16.576359622717238	21.39674894641782	27.381095725466587	0.002006823198876179
85.0	32.212261596775164	18.83560957022241	22.14467641337264	26.807452419629783	0.0
86.0	32.34457048943761	16.737483464945687	24.016915861626646	26.90103018399006	0.0
87.0	31.524485621465526	18.303052179841977	22.458187943689087	27.714274255003406	0.0
88.0	31.689615547446724	18.16422393806826	21.734572505695223	28.41158800878979	0.0
89.0	31.00109387027509	18.247376737025483	22.084025442612322	28.667503950087102	0.0
90.0	29.71418116766954	19.753211904374695	21.63156610831029	28.90104081964547	0.0
91.0	34.43670743909661	17.202017520573403	19.20932796961467	29.14990504584346	0.0020420248718629394
92.0	32.915463241770624	16.48128802310576	21.64935783199164	28.953890903131978	0.0
93.0	31.66982219295357	17.59754692130392	22.870019756338493	27.86261112940402	0.0
94.0	34.65911440029768	16.68044817463927	21.46607681812544	27.19436060693761	0.0
95.0	33.61424775821986	17.008468947193624	20.481152441049485	28.894055131185652	0.0020757223513782797
96.0	33.54444836680025	17.488630936312475	21.998878667691095	26.96596548788338	0.002076541312789418
97.0	31.760076615589604	19.33294470353098	22.27473351099267	26.63016322451699	0.0020819453697534978
98.0	31.458302860605553	18.486323839772655	20.820360657793007	29.230833524876193	0.004179116952587918
99.0	32.60983427960864	16.741740168863004	19.804739058473526	30.83949634409503	0.00419014895979552
100.0	33.299690910237814	18.20896150045207	20.15391408566202	28.33533085220463	0.002102651443470216
101.0	33.45111896348645	17.211425206124854	20.711341073531887	28.626114756856808	0.0
102.0	34.755493753028674	17.377746876514337	19.737479721045865	28.12927964941112	0.0
103.0	32.616419236137546	18.682062344034176	20.134923656050415	28.566594763777864	0.0
104.0	31.29948765719609	20.320108396494053	20.624973536012195	27.755430410297667	0.0
105.0	32.05677671221251	18.61368072647034	20.073410846134262	29.254010014427568	0.002121700755325469
106.0	30.895328811685413	16.59898369230115	21.844237025067507	30.661450470945933	0.0
107.0	30.86040760637844	19.732241835081435	20.25667263579773	29.146414257695913	0.004263665046473949
108.0	33.27071280660931	17.07192109813633	21.228358559443247	28.429007535811113	0.0
109.0	34.49790077971039	17.104361237254732	20.14394653414446	28.251649387370403	0.0021420615200068546
110.0	33.357614191447425	17.3193932642043	20.58873939497815	28.732110720713	0.0021424286571257176
111.0	31.788691243447627	18.520666838532268	20.550829251525307	29.1398126664948	0.0
112.0	33.23574365487697	17.787871612167137	20.80382321916776	28.16825608679741	0.004305426990721804
113.0	32.462445659191665	16.736968966556194	21.600740326260063	29.199845047992078	0.0
114.0	27.80596756006592	19.11484083615231	22.01405152224824	31.065140081533528	0.0
115.0	32.421695951107715	18.32151042235076	21.447124304267163	27.80530393975772	0.004365382516643021
116.0	31.750644583315125	16.68487523489053	23.22029454179959	28.342000611807894	0.002185028186863611
117.0	32.491331255760876	17.00610104024931	20.859851643769478	29.64271606022034	0.0
118.0	32.53568429890848	16.896460294312607	21.06588890361925	29.499756949047683	0.0022095541119802023
119.0	32.35582057671769	16.43823424706301	19.401922392310432	31.801797792808827	0.0022249911000356
120.0	34.46466450820587	15.88478285140114	21.576420676565814	28.074131963827178	0.0
121.0	33.448244985673355	16.527131088825215	19.85807664756447	30.164308739255013	0.002238538681948424
122.0	32.31567596711147	19.51296221413488	19.477018466100553	28.694343352653096	0.0
123.0	33.008152112548835	16.746832870401736	20.709978998712824	29.530519612492377	0.0045164058442291625
124.0	30.219217373489037	18.10193721687268	22.042386578342324	29.636458831295954	0.0
125.0	30.319477842665748	16.562464216191458	18.325890301156534	34.79216763998626	0.0
126.0	29.53068092757365	18.085842054308237	20.114333133557697	32.26914388456042	0.0
127.0	31.34279730044217	17.79148242960205	21.850127996276473	29.015592273679314	0.0
128.0	33.240275887955704	18.519213625486792	19.736780368789002	28.503730117768498	0.0
129.0	33.104363067885735	18.179449523899756	20.477047704770477	28.239139703444028	0.0
130.0	34.259591680428905	17.333237596036476	21.42122017184845	26.983557119264738	0.002393432421435581
131.0	34.97564403945424	16.874681918425708	20.291786830816953	27.857887211303105	0.0
132.0	33.10360051015403	16.6388698126165	22.164720886883156	28.092808790346318	0.0
133.0	30.884292789765798	17.28266009607009	23.58694840588367	28.246098708280442	0.0
134.0	35.52890684170664	16.432719010350922	20.767482958848777	27.270891189093664	0.0
135.0	33.90423288587152	17.361003960294195	22.319086560715938	26.41567659311835	0.0
136.0	31.20779016805403	18.41788388042511	21.64022826030051	28.734097691220356	0.0
137.0	33.54259610504101	17.348329014505918	20.94942964763711	28.159645232815965	0.0
138.0	31.873810171335325	17.998368234974162	22.50475931465869	27.623062279031817	0.0
139.0	32.89572081429165	18.817338318792412	21.985874532613213	26.30106633430273	0.0
140.0	30.623359765217145	18.370629567965686	23.049355193724075	27.95383356378926	0.002821909303834975
141.0	30.656997323663994	18.81205214538548	23.566145788368008	26.964804742582523	0.0
142.0	34.12155215462797	18.271010192991216	20.803101959286785	26.80433569309403	0.0
143.0	34.684037136867325	16.858340820604973	22.617550164719976	25.840071877807723	0.0
144.0	30.383625444294644	18.868733913469786	21.681578624831474	29.066062017404093	0.0
145.0	30.59458103361766	18.10712493728048	18.52420973406924	32.774084295032615	0.0
146.0	28.02547770700637	18.965293123618874	21.214090731834133	31.795138437540622	0.0
147.0	29.89137860363438	19.056565104522477	20.85667440907228	30.18171881404563	0.013663068725235688
148.0	28.099578186200663	21.101988550768304	19.893040072310935	30.89409460680928	0.011298583910816512
149.0	29.274733565971893	21.53635763463171	14.203527303593322	34.966518909742526	0.018862586060548903
150.0	30.640040962621605	13.50742447516641	13.169482846902202	42.65232974910394	0.030721966205837174
