# Position (bp)	A	C	G	T	N
0.0	27.6205887252219	22.91443574550445	22.02365371344264	27.441321815831017	0.0
1.0	26.959071723287543	19.33145738811515	15.39513413535261	38.314336753244696	0.0
2.0	27.66587864460205	20.149724192277386	17.39243498817967	34.7919621749409	0.0
3.0	25.512678642902546	20.429449297200573	15.042497586702142	39.01537447319473	0.0
4.0	32.92871658589964	15.244645927778647	14.795216507738001	37.02985774581835	0.001563232765358762
5.0	34.5842663316975	14.855934649803778	20.543648719289077	30.00990863767935	0.006241661530299366
6.0	31.587595788424398	17.605600897140363	20.24795962868357	30.55183477664943	0.007008909102236621
7.0	34.300898157068715	17.026913633962145	19.833265997451598	28.838145259035958	7.769524815862261E-4
8.0	26.02079988832275	24.462747105310097	20.226766865979542	29.287359530955538	0.0023266094320746377
9.0	28.37259017713989	18.6798546941684	17.310447923040577	35.63555810296886	0.0015491026822712943
10.0	27.383899013025587	17.056248259645432	23.521085362457843	32.037220383032704	0.0015469818384332167
11.0	28.083731928013417	18.929319311042942	20.234443216678386	32.751732824368496	7.727198967646218E-4
12.0	26.816297862815773	19.061769177928884	21.523120026550792	32.59341015567716	0.005402777027392079
13.0	28.21418109495691	20.395152711182373	18.220502304929003	33.17016388893171	0.0
14.0	30.511401304327716	18.6036292995791	19.813909745455664	31.070288771372628	7.70879264889533E-4
15.0	29.356624165523193	18.67300843341916	18.877291438614886	33.09230508317788	7.70879264889533E-4
16.0	29.984890766408167	17.652364286705417	19.044572239095913	33.315089190730944	0.003083517059558132
17.0	30.1074605695256	18.495706202494567	19.54178936494966	31.85427298376528	7.70879264889533E-4
18.0	31.300781671574597	18.02392809238217	18.605941937373768	32.06163950602057	0.00770879264889533
19.0	29.837652826814264	18.530395769414596	19.64046191085552	31.99148949291562	0.0
20.0	29.934783614190348	18.07788964092444	19.57647893186969	32.41084781301552	0.0
21.0	29.9085737191841	17.257674103081975	19.104700821757294	33.72828047671174	7.70879264889533E-4
22.0	29.34968625213919	18.518832580441252	19.850141070905476	32.27902745871942	0.002312637794668599
23.0	30.301722144277765	17.19908727895037	19.433866267865127	33.06532430890674	0.0
24.0	30.562279335810427	18.161915480797397	18.511123787792354	32.76159787854026	0.003083517059558132
25.0	29.518508811149996	17.636175822142736	19.553352553923002	33.29119193351937	7.70879264889533E-4
26.0	31.13195911256379	17.53133624211776	20.50615932532647	30.83054531999198	0.0
27.0	28.399962997795285	18.643715021353355	19.85707898428948	33.09847211729699	7.70879264889533E-4
28.0	29.65187092397589	18.186583617273865	19.833952606342795	32.31834230122878	0.009250551178674396
29.0	30.02420560891753	18.14187261991027	18.146497895499607	33.683569479348144	0.003854396324447665
30.0	29.901635805800098	18.30221550700729	18.919689798183807	32.87491713047903	0.001541758529779066
31.0	30.879881592944912	17.89210773808606	18.815621097423723	32.40930605448575	0.003083517059558132
32.0	29.91242811550855	17.984613249872805	18.396262777323816	33.70669585729483	0.0
33.0	30.1395312981807	17.15541165587419	19.86355226641998	32.84150477952513	0.0
34.0	29.46808510638298	18.560746222633366	18.809744064138144	33.161424606845515	0.0
35.0	30.16629275851701	17.037105565449345	18.992221168597883	33.80438050743576	0.0
36.0	30.53403335106506	17.101093970441983	18.907417258366678	33.45745542012628	0.0
37.0	29.005150029296573	19.00345391186357	19.68344281000401	32.307953248835844	0.0
38.0	30.704229695764134	18.14081509922746	18.392160490971612	32.760481719634235	0.0023129944025535457
39.0	30.47464108929976	18.441302101805736	19.398140295147186	31.685145491834877	7.710219124427517E-4
40.0	30.119134826695454	19.26051586536608	18.480163473030807	32.138643636503836	0.0015421984038246522
41.0	30.140821174075334	17.43838109633834	20.04658049788691	32.37421723169941	0.0
42.0	29.08796421271837	18.336354170683737	19.308935251243685	33.26520381011145	0.0015425552427596311
43.0	29.15943504655235	18.21211209589707	20.438294031888553	32.18861608003764	0.0015427456243877228
44.0	29.392931809941135	18.424970877082	19.934733804957453	32.24736350801941	0.0
45.0	29.675721968042833	19.08402836179028	19.34326561788737	31.896984052279514	0.0
46.0	30.40995686695113	16.780993680506796	19.306476130217053	33.50180171143296	7.716108920593522E-4
47.0	29.067658612253716	18.407587766347422	19.20479714764194	33.315326022365085	0.0046304513918365145
48.0	30.069384951415095	17.464323477428668	19.405404153835466	33.060887417320764	0.0
49.0	29.427792915531338	18.140346272896387	19.346049046321525	33.08503986846879	7.718967819623161E-4
50.0	29.279119318181817	18.400290266798418	19.179996294466402	33.14059412055336	0.0
51.0	31.020956557997316	17.9528361620311	19.043905301684863	31.98230197828672	0.0
52.0	30.53122634660241	18.836214220615723	19.044750297356998	31.58780913542487	0.0
53.0	30.932111735986652	18.69167542179099	18.590476484766082	31.772603670972128	0.013132686484148077
54.0	30.232198740486034	18.316269365993122	19.068114206235755	32.37955414750995	0.0038635397751419854
55.0	29.83745681359705	18.699809090979354	17.998005889581933	33.46472820584166	0.0
56.0	28.924744483787666	17.81191532788026	20.758276251294976	32.504290816878765	7.731201583350084E-4
57.0	28.539942773180726	19.275384734359292	19.6605057613487	32.52339339571572	7.733353955610547E-4
58.0	30.435556380912587	18.19370613678745	21.59675634686661	29.773981135433353	0.0
59.0	28.899853602993	20.43438857948428	20.333692225466883	30.32354513133128	0.008520460724548998
60.0	30.314337579321364	18.836206227793898	20.206196763533114	30.643259429351623	0.0
61.0	29.135106159834063	20.736321190792488	19.734153712292475	30.394418937080975	0.0
62.0	31.64097773626031	17.331465047485597	20.077845243655613	30.949711972598475	0.0
63.0	26.95773723995752	20.412944336852625	23.8083338539389	28.820203660898358	7.809083525957394E-4
64.0	26.794119720240282	20.173714178303744	17.752053946945903	35.27932895262412	7.832018859501415E-4
65.0	28.547315863021872	19.256072477193865	18.425473786682158	33.76799761340263	0.003140259699477147
66.0	27.97217670783968	19.049344592891355	17.884263927401058	35.090276027224604	0.003938744643307285
67.0	32.82696885107191	14.393825569165802	18.312153538356913	34.463098128217496	0.003953913187882047
68.0	33.982189108815916	16.01301442138586	22.07974930451188	27.925047165286347	0.0
69.0	32.474411923145986	16.577156009729183	19.97747269788929	30.97095936923554	0.0
70.0	33.80493412326466	15.182597930851536	21.884339906269343	29.128128039614467	0.0
71.0	27.336025003614843	19.332198827677487	23.655555184802076	29.676220983905594	0.0
