# Position (bp)	A	C	G	T	N
0.0	33.85737285727815	18.041481200871296	21.62136565962686	26.479780282223697	0.0
1.0	24.403409090909093	26.429924242424242	23.702651515151516	25.464015151515152	0.0
2.0	30.708364732479275	22.35305199698568	17.45478522984175	29.483798040693294	0.0
3.0	31.27997742875952	19.89090567102417	21.00065832784727	27.82845857236904	0.0
4.0	33.14527503526093	18.740009402914904	18.316878232251998	29.797837329572168	0.0
5.0	27.788741659618456	21.79306456160135	18.870406916643173	31.547786862137016	0.0
6.0	28.383582229736078	23.63106978491594	19.36695782849629	28.618390156851696	0.0
7.0	33.352112676056336	19.483568075117372	18.525821596244132	28.638497652582164	0.0
8.0	33.03923409048245	18.81922282710719	17.824291345973343	30.31725173643702	0.0
9.0	28.2298893680855	21.33883367710482	18.676167260453777	31.755109694355898	0.0
10.0	26.54742953460062	16.677591534787904	20.582451540406403	36.19252739020508	0.0
11.0	26.810102899906457	19.02712815715622	19.448082319925163	34.714686623012156	0.0
12.0	26.894682739930847	17.661900756938604	20.02616577889917	35.41725072423138	0.0
13.0	28.16730464008963	21.006441975539165	19.43796097469891	31.388292409672296	0.0
14.0	25.95597836224585	18.559970154821862	25.153889199776163	30.330162283156128	0.0
15.0	28.94271075919888	19.2081974848626	20.8104331625524	31.03865859338612	0.0
16.0	26.286405508514004	18.55401507397413	20.117242021029124	35.042337396482736	0.0
17.0	28.888888888888886	20.63226406322641	19.451417945141795	31.02742910274291	0.0
18.0	25.94554409441502	20.221169036334913	19.42198680420035	34.411300065049716	0.0
19.0	27.98514391829155	23.611884865366758	18.690807799442897	29.71216341689879	0.0
20.0	27.345272339240978	19.235408740836967	19.690080727475177	33.72923819244688	0.0
21.0	25.743951052192454	18.976545842217483	21.71131918049504	33.56818392509503	0.0
22.0	28.891771682727946	18.198665678280207	22.544477390659747	30.365085248332097	0.0
23.0	27.100120403815875	18.75520978049458	19.71844030749282	34.42622950819672	0.0
24.0	32.17326915957053	16.688263606071825	19.372454646427247	31.766012587930398	0.0
25.0	28.576716638904315	17.730890246159543	21.15491393670183	32.537479178234314	0.0
26.0	33.01572617946346	16.938020351526365	17.678075855689176	32.368177613320995	0.0
27.0	27.978172401035884	19.24713281539031	16.407695153533112	36.366999630040695	0.0
28.0	27.818853974122	21.201478743068392	16.728280961182996	34.25138632162662	0.0
29.0	29.14818920916482	16.371027346637103	16.528085735402808	37.95269770879527	0.0
30.0	28.6230876216968	17.98794622160408	20.751043115438108	32.63792304126101	0.0
31.0	30.91702246148134	15.286801559309449	18.553926118433264	35.24224986077594	0.0
32.0	28.493125232255668	17.79078409513192	17.800074321813455	35.916016350798955	0.0
33.0	29.142644597359123	22.4195648130928	18.28156964850288	30.15622094104519	0.0
34.0	29.615170105967653	16.815393195761295	19.706265105038113	33.86317159323294	0.0
35.0	26.585343141819536	22.292578452369867	18.679579104199647	32.44249930161095	0.0
36.0	28.739057552616877	16.32520022350531	18.523002421307506	36.41273980257031	0.0
37.0	32.550554468362684	19.16876339576927	18.758736371260834	29.52194576460721	0.0
38.0	31.238929803300085	19.474223920947143	16.947888505639973	32.3389577701128	0.0
39.0	33.36753731343284	18.274253731343286	16.40858208955224	31.949626865671643	0.0
40.0	27.422064588389023	22.279260780287473	19.33918237819675	30.959492253126754	0.0
41.0	27.831291499111565	16.04788179182643	25.21275600860376	30.908070700458246	0.0
42.0	33.86387042411759	17.63879786536841	18.781013013762756	29.716318696751244	0.0
43.0	33.03638409602401	18.49212303075769	17.554388597149288	30.91710427606902	0.0
44.0	30.271437963745658	22.250399173476097	16.840424532732225	30.637738330046023	0.0
45.0	31.52575315840622	16.85131195335277	19.00874635568513	32.61418853255588	0.0
46.0	29.468126710989438	17.510754790770434	19.270629644114194	33.750488854125926	0.0
47.0	30.186274509803923	17.61764705882353	19.009803921568626	33.18627450980392	0.0
48.0	27.73801353073831	18.30571624669085	19.13913128738112	34.817138935189725	0.0
49.0	29.260639341047263	18.27809374387135	18.92527946656207	33.535987448519315	0.0
50.0	28.434065934065934	21.585557299843014	18.13186813186813	31.84850863422292	0.0
51.0	29.41580756013746	18.91016200294551	18.006872852233677	33.66715758468336	0.0
52.0	29.061762391817464	17.63375295043273	19.758064516129032	33.54642014162077	0.0
53.0	29.288950167421707	19.608036241875123	20.395903092377388	30.707110498325786	0.0
54.0	27.860598282160133	22.381281469049263	18.609931878763945	31.14818837002666	0.0
55.0	29.52794785700178	18.91171242346435	18.852459016393443	32.70788070314043	0.0
56.0	27.027560999703642	19.440877210313147	19.539662155487502	33.9918996344957	0.0
57.0	30.879446640316203	17.5098814229249	19.822134387351777	31.788537549407113	0.0
58.0	30.338412824064914	19.137146249752625	18.8996635661983	31.62477735998417	0.0
59.0	28.376237623762375	19.554455445544555	20.326732673267326	31.742574257425744	0.0
60.0	28.943717796274278	17.89536266349584	20.154577883472058	33.006341656757826	0.0
61.0	29.372086102569188	17.587540918559665	21.247892074198987	31.792480904672153	0.0
62.0	28.923076923076923	19.612903225806452	21.3697270471464	30.094292803970223	0.0
63.0	32.35323333664448	18.764279328499057	18.893414125360085	29.989073209496375	0.0
64.0	27.513910969793322	20.03179650238474	21.860095389507155	30.594197138314783	0.0
65.0	29.98707881920286	19.21280190835901	19.69983103071265	31.100288241725476	0.0
66.0	29.311201669814135	17.841168869893647	21.141039658085678	31.70658980220654	0.0
67.0	28.56006364359586	18.526252983293556	19.570405727923628	33.34327764518695	0.0
68.0	27.724741447891805	19.50079554494829	20.435560859188545	32.33890214797136	0.0
69.0	28.433615116857286	20.079562406762804	21.412232720039782	30.07458975634013	0.0
70.0	27.70592916832471	20.851571826502187	20.22483087942698	31.21766812574612	0.0
71.0	29.20274708868319	19.38887230018911	19.289340101522843	32.11904050960486	0.0
72.0	28.36519315013939	18.78733572281959	21.057347670250895	31.790123456790127	0.0
73.0	29.6126655381858	17.41511500547645	21.11918749377676	31.85303196256099	0.0
74.0	29.819667231244395	17.754309056490982	21.759489887416557	30.666533824848063	0.0
75.0	29.582378152098077	18.768065384232035	21.75819794677564	29.89135851689425	0.0
76.0	29.89135851689425	19.18668394298814	19.09697996611183	31.824977574005782	0.0
77.0	28.614157527417746	19.850448654037887	19.361914257228317	32.17347956131606	0.0
78.0	28.72393494961588	19.285643021051584	19.69470218497456	32.295719844357976	0.0
79.0	29.28607089365951	19.390913629555666	18.53220169745382	32.790813779331	0.0
80.0	29.560439560439562	17.842157842157842	21.568431568431567	31.028971028971032	0.0
81.0	26.186906546726636	17.62118940529735	20.219890054972513	35.9720139930035	0.0
82.0	29.22246652008795	17.619428342994205	21.287227663401957	31.87087747351589	0.0
83.0	29.428228708516595	18.102758896441422	21.21151539384246	31.257497001199518	0.0
84.0	27.371788463460963	18.514445666300112	21.543536938918326	32.57022893132061	0.0
85.0	29.63592718543709	17.183436687337466	20.944188837767552	32.23644728945789	0.0
86.0	30.739221766529962	18.27548264479344	20.696208862658796	30.289086726017807	0.0
87.0	31.926385277055413	18.30366073214643	20.044008801760352	29.725945189037805	0.0
88.0	32.31646329265853	18.61372274454891	17.57351470294059	31.496299259851973	0.0
89.0	30.989296789036715	17.875362608782634	18.37551265379614	32.75982794838452	0.0
90.0	29.77786672003202	17.300380228136884	19.601761056633983	33.31999199519712	0.0
91.0	28.61717030218131	19.731839103462075	17.680608365019012	33.9703822293376	0.0
92.0	29.4565108597738	17.295566009408468	19.287358622760483	33.96056450805725	0.0
93.0	32.00160208270752	18.073495544207468	19.21497947331531	30.709922899769698	0.0
94.0	29.395274329195033	16.389667601121346	19.823788546255507	34.391269523428114	0.0
95.0	30.236283540248298	17.080496595915097	20.224269122947536	32.458950740889065	0.0
96.0	30.662928099339076	17.49449228920489	19.517324253955536	32.325255357500495	0.0
97.0	30.088141025641026	18.16907051282051	20.182291666666664	31.560496794871796	0.0
98.0	31.483521987378545	18.882099569267755	19.342882900931585	30.29149554242212	0.0
99.0	29.623321979563215	19.004207573632538	20.55700260468844	30.815467842115808	0.0
100.0	31.821381876697174	16.65493311877703	18.98823292768782	32.53545207683798	0.0
101.0	32.27598747348217	18.537225982422466	19.517122941711285	29.669663602384077	0.0
102.0	30.99177748451934	18.312861638412343	19.89645721246574	30.798903664602577	0.0
103.0	30.24584310925227	19.12679791900439	19.40222380903805	31.225135162705293	0.0
104.0	28.324113911083792	17.752509731612378	19.473468551526327	34.4499078057775	0.0
105.0	29.254498714652954	18.992287917737787	19.835475578406168	31.91773778920308	0.0
106.0	31.132465385410207	18.960529034924573	18.144244678652612	31.762760901012605	0.0
107.0	29.684908789386398	19.3407960199005	18.449419568822552	32.524875621890544	0.0
108.0	33.09053069719043	18.064516129032256	17.32570239334027	31.519250780437048	0.0
109.0	29.114850036576446	17.87020587313199	20.55596196049744	32.45898212979413	0.0
110.0	27.057958840823183	19.225115497690044	20.453590928181438	33.263334733305335	0.0
111.0	30.569620253164558	18.38607594936709	19.356540084388186	31.68776371308017	0.0
112.0	27.61904761904762	18.719576719576718	20.952380952380953	32.70899470899471	0.0
113.0	29.15826345398578	18.235856066235005	18.267699819552064	34.33818066022715	0.0
114.0	30.887208435403128	17.073170731707318	20.28970071360102	31.74992011928853	0.0
115.0	26.61393758016246	19.880290722530997	19.49551090209491	34.01026079521163	0.0
116.0	29.549356223175966	18.4549356223176	18.57296137339056	33.42274678111588	0.0
117.0	29.569718537690072	18.796505985118085	19.195513857435564	32.43826161975628	0.0
118.0	29.10116014312046	17.835845169684482	21.327116990133362	31.735877697061692	0.0
119.0	26.164055700609225	20.137075718015666	22.90034812880766	30.798520452567452	0.0
120.0	26.283591872405506	20.253441118636662	20.865195542932053	32.59777146602578	0.0
121.0	29.987921379158887	18.491270451301197	18.754803996925443	32.76600417261447	0.0
122.0	27.067503578901004	18.665345226296665	20.834709833718755	33.43244136108358	0.0
123.0	30.799069045771915	17.21157043112047	18.79640917654882	33.1929513465588	0.0
124.0	31.04560622914349	17.66407119021135	19.59955506117909	31.690767519466075	0.0
125.0	28.357709054370883	18.34319526627219	19.0912135759741	34.20788210338283	0.0
126.0	30.122238420993607	18.739486374341148	18.313334080968936	32.82494112369631	0.0
127.0	29.37471884840306	18.06117858749438	21.18758434547908	31.376518218623485	0.0
128.0	30.271493212669682	18.597285067873305	19.264705882352942	31.86651583710407	0.0
129.0	30.43823796548592	18.32425068119891	19.130336058128975	32.107175295186195	0.0
130.0	31.03919781221513	18.36827711941659	17.684594348222422	32.90793072014585	0.0
131.0	29.825967483398212	20.42592168536753	19.475612548660408	30.27249828257385	0.0
132.0	29.76176775233053	17.378294395212336	21.383358269075842	31.476579583381287	0.0
133.0	29.049051365108745	19.99074502545118	19.215640906987506	31.744562702452566	0.0
134.0	27.22409582509594	19.781369926735668	19.59530177927666	33.39923246889173	0.0
135.0	28.256044854573066	16.913911926176848	21.376007475762176	33.45403574348791	0.0
136.0	27.602820211515866	18.965922444183313	19.952996474735603	33.47826086956522	0.0
137.0	29.17405175469692	17.806924258537162	18.976722202528652	34.04230178423727	0.0
138.0	30.217107604698068	17.89061573140349	19.053268477874006	32.83900818602444	0.0
139.0	29.822471106874776	18.241391635887048	19.313713809126654	32.62242344811152	0.0
140.0	29.255446492698105	18.38640172372516	20.971989466124015	31.386162317452715	0.0
141.0	29.537794896485316	18.993740972556573	19.15021665864227	32.31824747231584	0.0
142.0	32.23970944309927	17.832929782082324	18.559322033898304	31.368038740920095	0.0
143.0	31.367781155015194	20.778115501519757	19.027355623100302	28.826747720364743	0.0
144.0	30.574262275009183	18.880862005632423	17.50948940859557	33.035386310762824	0.0
145.0	29.91737575533358	18.830928597854236	18.756936736958934	32.494758909853246	0.0
146.0	28.91177565454771	18.81126690656409	18.178434048889443	34.09852338999876	0.0
147.0	28.723138430784605	18.16591704147926	18.778110944527736	34.33283358320839	0.0
148.0	28.25078369905956	18.570532915360502	20.087774294670847	33.09090909090909	0.0
149.0	28.97361444262088	19.656609014013384	18.77288221184194	32.5968943315238	0.0
150.0	28.507880020335534	17.831723436705644	19.34417895271988	34.31621759023894	0.0
151.0	30.070287539936103	18.63258785942492	20.523961661341854	30.773162939297126	0.0
152.0	29.22938376431236	19.01453750160813	17.535057249453235	34.22102148462627	0.0
153.0	30.354371443352303	18.520434557682357	19.69736161407139	31.427832384893943	0.0
154.0	30.209826664928976	17.711455753942396	19.575133585299103	32.50358399582953	0.0
155.0	30.023640661938533	19.516679800367744	18.87312844759653	31.58655109009719	0.0
156.0	30.73061170564143	17.954815695600477	19.566653454881756	31.747919143876334	0.0
157.0	30.249867091972355	18.886230728335992	20.587453482190323	30.27644869750133	0.0
158.0	28.40165576178395	20.8038456402724	18.72079049272266	32.07370810522099	0.0
159.0	32.16060158453068	16.07358667919968	20.59889888545723	31.166912850812405	0.0
160.0	27.251887810140236	19.10733549083064	21.2378640776699	32.40291262135923	0.0
161.0	29.67391304347826	16.929347826086957	20.597826086956523	32.798913043478265	0.0
162.0	30.622600109709268	17.896324739440484	20.24136039495337	31.239714755896873	0.0
163.0	28.454947484798232	17.799889441680484	19.66556108347153	34.07960199004975	0.0
164.0	28.402613652161822	18.643125260670097	19.755317669956902	33.19894341721118	0.0
165.0	28.85662431941924	17.213458048303785	20.647773279352226	33.28214435292475	0.0
166.0	27.764540995094606	19.215136650315348	20.3083391730904	32.71198318149965	0.0
167.0	28.15451853940505	17.7498942619484	21.951219512195124	32.14436768645143	0.0
168.0	28.75390292364462	18.09537326142492	19.62815782003974	33.52256599489072	0.0
169.0	27.423505862167573	18.601658564483845	19.85987989705462	34.11495567629397	0.0
170.0	28.76436781609195	17.45689655172414	18.82183908045977	34.956896551724135	0.0
171.0	29.878401852924146	17.501447596989	18.29762594093804	34.322524609148815	0.0
172.0	26.99475829935935	20.238788584740828	17.792661619103086	34.97379149679674	0.0
173.0	28.667642752562227	17.232796486090777	19.970717423133237	34.12884333821376	0.0
174.0	29.880654191837337	20.24458523648151	19.36054221305437	30.51421835862679	0.0
175.0	29.02652244777004	17.854496962512965	19.869610312638912	33.249370277078086	0.0
176.0	28.99178491411501	17.849141150112025	19.223300970873787	33.93577296489918	0.0
177.0	27.507895924199126	19.38637389081065	19.38637389081065	33.719356294179576	0.0
178.0	27.707199032062917	18.92014519056261	20.43254688445251	32.94010889292196	0.0
179.0	28.151644336175398	18.559683313032888	21.14799025578563	32.14068209500609	0.0
180.0	29.69492564770811	16.878736777556338	19.776176605856204	33.65016096887935	0.0
181.0	28.72800246989812	18.941031182463725	19.09539981475764	33.23556653288052	0.0
182.0	29.685554171855543	18.35305105853051	20.049813200498132	31.911581569115814	0.0
183.0	29.03377847604085	21.19402985074627	20.172820109976435	29.59937156323645	0.0
184.0	31.564733915806197	19.47577442414615	17.760127084988085	31.199364575059573	0.0
185.0	29.438202247191008	19.839486356340288	19.550561797752806	31.17174959871589	0.0
186.0	29.483233435930668	18.969706787623522	20.233273934877694	31.31378584156812	0.0
187.0	30.71265119320039	21.49395227198431	17.571101667211508	30.222294867603793	0.0
188.0	29.29326287978864	18.46103038309115	19.17107001321004	33.074636723910174	0.0
189.0	29.394091136705057	19.06192622266733	18.87831747621432	32.66566516441329	0.0
190.0	31.991239892183287	18.39622641509434	18.379380053908356	31.233153638814017	0.0
191.0	28.83373002380143	18.361101666099966	19.31315878952737	33.49200952057124	0.0
192.0	32.315084949373606	18.63737772438648	17.659172816200446	31.388364510039473	0.0
193.0	30.993239729589185	18.27006413589877	19.119431443924423	31.61726469058762	0.0
194.0	28.1993006993007	19.125874125874127	21.346153846153847	31.32867132867133	0.0
195.0	29.717813051146386	20.035273368606703	19.400352733686066	30.846560846560845	0.0
196.0	30.24251069900143	19.490014265335233	18.2774607703281	31.990014265335237	0.0
197.0	28.641039523551704	20.880707453528245	21.025085724598448	29.453167298321603	0.0
198.0	28.772189349112427	21.32026627218935	18.990384615384613	30.917159763313613	0.0
199.0	28.51600387972842	22.07565470417071	18.545101842871	30.863239573229873	0.0
200.0	24.795081967213115	18.30601092896175	22.176684881602917	34.72222222222222	0.0
201.0	29.40236497283477	19.015659955257274	20.198146372643016	31.383828699264942	0.0
202.0	30.764269590454692	17.897452434698486	21.154466301193164	30.18381167365366	0.0
203.0	30.533854166666668	19.791666666666664	18.9453125	30.729166666666668	0.0
204.0	31.326094109904574	18.756169792694966	22.145442579795986	27.772293517604474	0.0
205.0	29.893828798938287	17.88321167883212	23.689449236894493	28.5335102853351	0.0
206.0	28.77721943048576	22.71356783919598	20.603015075376884	27.906197654941373	0.0
207.0	29.04971254649983	20.155563070679744	19.851200541088943	30.943523841731484	0.0
208.0	28.25127334465195	18.132427843803057	21.460101867572156	32.15619694397284	0.0
209.0	27.469135802469136	20.16460905349794	18.792866941015088	33.573388203017835	0.0
210.0	29.41988950276243	17.09254143646409	20.545580110497237	32.94198895027624	0.0
211.0	28.36656173487233	19.027632039174534	21.47604057362714	31.129765652325986	0.0
212.0	26.68082094833687	17.8343949044586	22.611464968152866	32.87331917905166	0.0
213.0	30.567528735632184	20.94109195402299	17.349137931034484	31.14224137931034	0.0
214.0	29.796511627906973	23.183139534883722	19.295058139534884	27.72529069767442	0.0
215.0	27.406318883174137	18.772961058045553	18.662747979426893	35.157972079353414	0.0
216.0	30.089153046062407	17.347696879643387	22.028231797919762	30.534918276374444	0.0
217.0	25.170068027210885	19.690098261526835	24.489795918367346	30.650037792894935	0.0
218.0	26.295286326451112	20.29606544604597	20.101285547331514	33.3073626801714	0.0
219.0	24.086021505376344	21.978494623655916	24.946236559139784	28.98924731182796	0.0
220.0	13.795336787564766	25.129533678756477	21.89119170984456	39.1839378238342	0.0
