# Position (bp)	A	C	G	T	N
0.0	30.00923542473129	20.971782829969936	27.211098229549428	21.807883515749346	0.0
1.0	26.618164311960857	20.30565325892594	15.096480713682183	37.97970171543102	0.0
2.0	28.65885352817143	19.7999313489923	17.392242436130047	34.14897268670622	0.0
3.0	25.655331728039783	21.041091599616298	15.804310800493335	37.49926587185059	0.0
4.0	34.354630013915674	14.138814970337638	15.488879666023777	36.01767534972291	0.0
5.0	35.547537890759855	15.000218810932767	22.345944947169315	27.106298351138058	0.0
6.0	32.39463926520127	16.75399268109444	21.68916462690546	29.162203426798825	0.0
7.0	34.831672541084664	17.06627213785301	19.61958912918401	28.482466191878313	0.0
8.0	25.06093411393352	24.08743623033819	22.17712159311939	28.674508062608894	0.0
9.0	29.501775415909847	18.241736005049216	17.74259600977081	34.513892569270126	0.0
10.0	28.209506584959932	16.547537734850746	23.93770021837632	31.305255461813005	0.0
11.0	28.185521057485396	17.663983246234245	20.129976175837687	34.02051952044267	0.0
12.0	27.497590286336326	19.090207211397825	21.931511382000757	31.480691120265092	0.0
13.0	27.35242856048418	21.44478280854976	18.450260476518807	32.752528154447255	0.0
14.0	30.970447188873113	18.270531816725715	20.047238597950763	30.71178239645041	0.0
15.0	30.43137816610566	18.540905727040514	19.83623385614362	31.191482250710212	0.0
16.0	30.295575896262395	17.82561022120519	18.924008390541573	32.95480549199085	0.0
17.0	30.371333209539724	18.029110542930194	19.881729491922467	31.717826755607614	0.0
18.0	30.8557027033453	17.772652702156496	19.689483820347604	31.682160774150596	0.0
19.0	30.003848108963243	18.443368663090933	19.621080035915682	31.931703192030135	0.0
20.0	30.237645562652443	17.864701471997872	20.1296421080604	31.768010857289287	0.0
21.0	29.760128108551154	17.72673650098782	20.38792633758309	32.12520905287794	0.0
22.0	29.66449934980494	18.888284667218347	19.42924695590495	32.01796902707176	0.0
23.0	29.401761885642756	18.03830802295647	20.14690252946317	32.413027561937604	0.0
24.0	29.613010984033515	18.79930547691843	19.706620616766692	31.881062922281355	0.0
25.0	29.909779964930145	18.222184512698682	19.468484265701303	32.399551256669874	0.0
26.0	30.374835185534	17.864004520625354	19.974100583914108	31.78705970992654	0.0
27.0	29.919522875540316	18.51067932852634	20.004985724835027	31.56481207109832	0.0
28.0	30.128382790223558	18.29020241545667	19.474443228312797	32.10697156600698	0.0
29.0	29.72969171257766	18.570859219317782	19.93717032000938	31.76227874809518	0.0
30.0	30.180387012135125	18.724171859626107	19.704352715175936	31.39108841306283	0.0
31.0	30.51985789675956	18.367031298332442	19.30954322619349	31.80356757871451	0.0
32.0	30.00913969674955	18.458906517306836	19.865013709545124	31.666940076398493	0.0
33.0	29.845162923481517	18.21480304330094	20.536187248325295	31.403846784892252	0.0
34.0	29.745752782659636	18.44780316344464	19.52149970708846	32.284944346807265	0.0
35.0	29.84804427352031	18.053653503423696	19.989213019416567	32.109089203639435	0.0
36.0	29.968514947188634	18.11540139923141	20.12181102399152	31.794272629588445	0.0
37.0	29.65166751915758	19.1430354620579	19.167906297952612	32.0373907208319	0.0
38.0	30.270308287422342	18.025553862384246	20.249912085335833	31.45422576485758	0.0
39.0	29.375996997278786	18.602796284132495	20.4588533358356	31.562353382753123	0.0
40.0	30.229729602810103	18.451156631258627	19.476768758276748	31.842345007654522	0.0
41.0	29.894404717747424	18.516031795964935	20.15231262589033	31.43725086039731	0.0
42.0	30.306700087306726	18.615578148909602	19.767933083617315	31.30978868016635	0.0
43.0	29.777471251425112	18.528110499622315	19.778925687690307	31.915492561262266	0.0
44.0	30.08834618198188	17.87603398795791	20.324311143623504	31.711308686436706	0.0
45.0	29.492365301774704	18.742316030520023	20.39313768734808	31.372180980357196	0.0
46.0	29.575798546560755	18.475015492084953	19.586689951739807	32.36249600961448	0.0
47.0	29.8032494365139	18.146130728775354	20.072314049586776	31.97830578512397	0.0
48.0	30.39543086887702	18.62550315395924	19.600576777654094	31.378489199509644	0.0
49.0	30.00573238232171	18.887260015223703	19.287587042936483	31.819420559518104	0.0
50.0	29.524673627401665	18.599829820841776	19.698472618549527	32.17702393320703	0.0
51.0	29.948400509880102	18.58710530153011	19.87074257169601	31.59375161689378	0.0
52.0	29.55963596321986	18.6046511627907	19.37686465323332	32.45884822075612	0.0
53.0	30.140675316849023	18.042033106721153	19.953484868458222	31.863806707971605	0.0
54.0	30.024822077047354	18.422973844972706	19.940558897089648	31.611645180890296	0.0
55.0	29.462240945460717	18.364481136965516	19.69804065707258	32.475237260501196	0.0
56.0	30.165493771004886	17.939883008960514	20.019985576447187	31.874637643587413	0.0
57.0	29.48446510838351	18.471172390378694	20.12957924468692	31.914783256550873	0.0
58.0	29.77958521258327	18.218187994187694	19.361306636976092	32.64092015625295	0.0
59.0	29.799755534685286	18.304222453997575	20.098069290342675	31.797952720974465	0.0
60.0	29.9046890711079	18.445190315012297	19.9487332002096	31.7013874136702	0.0
61.0	29.818461814626033	18.509053289936748	19.577119480752607	32.095365414684615	0.0
62.0	29.18716127782424	18.529963475886053	20.135512495215956	32.14736275107376	0.0
63.0	29.101779426707942	18.144008318170002	20.270813148380086	32.48339910674197	0.0
64.0	29.2658481583563	18.95680375183786	19.713222675548288	32.064125414257546	0.0
65.0	29.37006049197618	18.411033282410976	19.976068068844505	32.242838156768336	0.0
66.0	29.61762799740765	18.597764332445564	20.678269178914903	31.106338491231888	0.0
67.0	29.325314772668126	18.742518086712124	19.793416389471144	32.138750751148606	0.0
68.0	29.62742062984895	18.139043913337783	19.92123337924897	32.31230207756429	0.0
69.0	29.966711020404297	18.595422883687455	20.158063462148583	31.27980263375967	0.0
70.0	29.57133383857522	17.957559681697614	20.09994316028799	32.371163319439184	0.0
71.0	29.70255272971961	18.379464433798198	20.460221107051638	31.45776172943055	0.0
72.0	29.79041135504914	18.745407396521234	19.99696591873403	31.4672153296956	0.0
73.0	30.08591366885997	18.204589336458042	19.74923265952854	31.960264335153443	0.0
74.0	29.20046899995728	19.07567133926071	19.65432614484883	32.06953351593318	0.0
75.0	30.01192382056313	18.556505132943474	19.870975710559943	31.560595335933456	0.0
76.0	29.698047194386874	18.79931927516115	19.69538514194444	31.807248388507542	0.0
77.0	29.779492204221803	18.629008475946765	19.85426318242787	31.737236137403563	0.0
78.0	29.63930525814894	19.123483226266952	19.549845348560552	31.687366167023555	0.0
79.0	30.11975933894368	18.574597311602755	19.24193671223487	32.063706637218694	0.0
80.0	29.936199590534684	18.45974384611722	19.71480264724087	31.889253916107226	0.0
81.0	30.437349994285494	18.55689740561545	19.976951502914396	31.028801097184655	0.0
82.0	29.94189092641105	18.634913074541558	19.120743034055728	32.302452964991666	0.0
83.0	30.126394122887675	18.77283836511846	19.508906664633944	31.59186084735992	0.0
84.0	29.748533469304117	18.79303689795996	19.545482704230185	31.912946928505736	0.0
85.0	30.18206949144464	18.28130213049902	19.146370525713742	32.3902578523426	0.0
86.0	30.212623951182305	17.868039664378337	20.077231121281464	31.842105263157894	0.0
87.0	29.386717781465165	18.5305449066392	20.51315061700139	31.56958669489424	0.0
88.0	29.625302233307423	18.789731459447086	19.520814158110344	32.06415214913515	0.0
89.0	29.546506136739826	19.03796526409685	19.679544359589578	31.735984239573746	0.0
90.0	30.09810190000859	18.937102176755193	19.765910544045653	31.198885379190568	0.0
91.0	30.036703465589902	18.569376232000266	19.373606914952006	32.02031338745782	0.0
92.0	29.472452974314905	18.41640408669913	20.06445144657691	32.04669149240905	0.0
93.0	29.81316624001834	18.473235777327783	20.28617277346884	31.42742520918504	0.0
94.0	29.96163786719918	18.61447250873061	19.525035710702703	31.89885391336751	0.0
95.0	29.819606718753732	18.370965044321792	20.27668267507706	31.53274556184742	0.0
96.0	29.95386858522361	18.634701340918326	19.923990725912468	31.4874393479456	0.0
97.0	29.814552688459994	18.92107729681134	19.28068631764188	31.983683697086786	0.0
98.0	29.66802200430519	18.18703659411624	20.457785218847167	31.687156182731403	0.0
99.0	29.640565256715174	18.60198021697206	20.08977494054085	31.667679585771918	0.0
100.0	30.02596902952775	18.66740405886313	19.68356256612484	31.623064345484273	0.0
101.0	30.06296541492904	18.571656381832327	19.70918966458715	31.656188538651485	0.0
102.0	30.218600992493176	18.42910277451371	20.045060355627204	31.307235877365912	0.0
103.0	29.72969016119036	18.332658250086624	19.5038870154651	32.43376457325792	0.0
104.0	30.002402938450444	18.403566156818705	19.78402977682096	31.81000112790989	0.0
105.0	30.102953569862056	18.540513634325084	19.828788558305035	31.527744237507825	0.0
106.0	29.818234061420934	18.881562325058336	19.218441142811848	32.08176247070888	0.0
107.0	30.01041111448739	18.199026635516347	19.664552894937408	32.126009355058855	0.0
108.0	29.638420285718574	18.64932125563951	20.55761690877135	31.15464154987056	0.0
109.0	29.464420569311166	18.53332393543645	19.692286004853344	32.30996949039904	0.0
110.0	29.561731613125275	18.505565031659184	20.44965658263022	31.483046772585322	0.0
111.0	29.466057454538053	19.069594683979687	19.942199472875473	31.522148388606787	0.0
112.0	29.83328728009579	18.793302835856025	19.117210606572307	32.25619927747587	0.0
113.0	29.953430931124092	18.387320863457433	20.078730028044355	31.580518177374124	0.0
114.0	30.53945516270597	18.40585410284011	19.59665065827606	31.458040076177856	0.0
115.0	29.57503748750416	18.541736087970676	19.74602215928024	32.13720426524492	0.0
116.0	30.01613291848686	18.551808667777113	19.85658464020449	31.575473773531538	0.0
117.0	30.04300213956724	18.486177130871955	19.8869085888342	31.58391214072661	0.0
118.0	30.128116747446683	18.54352045307512	19.312433051575475	32.015929747902725	0.0
119.0	29.968410492839	18.624469061492817	19.491046082260784	31.916074363407397	0.0
120.0	30.14603242778911	18.48330290991088	19.821217652743478	31.549447009556538	0.0
121.0	29.732605877268796	18.582541054451166	19.72126188418323	31.963591184096803	0.0
122.0	29.232725869481328	19.000048915967803	19.69519916951557	32.0720260450353	0.0
123.0	29.529442605760725	18.95118567792815	19.634411420956624	31.884960295354503	0.0
124.0	29.403888471226082	18.694404354912173	19.243158408832745	32.658548765028996	0.0
125.0	29.519052108661253	18.494687684359683	19.978938198499208	32.00732200847985	0.0
126.0	30.03550794081641	18.36220315416872	20.258914376561435	31.343374528453438	0.0
127.0	29.53112818799421	18.934736607640048	19.492705201024613	32.041430003341134	0.0
128.0	29.67610497624098	18.35964828817534	20.422681047075876	31.5415656885078	0.0
129.0	29.994766195249056	18.59745288168787	19.707244598769773	31.700536324293292	0.0
130.0	29.92330984520474	19.019158389223758	19.11141296657894	31.946118798992558	0.0
131.0	29.860921424018937	18.35336429026678	19.69236547391423	32.093348811800055	0.0
132.0	30.112126626351476	18.36689114898296	19.898753894080997	31.62222833058457	0.0
133.0	29.787356619828664	18.88787108891155	19.296911457163105	32.027860834096685	0.0
134.0	29.986319792246334	17.856149137451307	19.93890280096457	32.218628269337785	0.0
135.0	29.06096109412561	18.729432632389663	20.041659859500083	32.167946413984644	0.0
136.0	29.108171425551777	18.488312694861815	20.71186580002701	31.6916500795594	0.0
137.0	30.087752495387672	18.815341312266426	21.936941198732203	29.159964993613702	0.0
138.0	30.265876678476793	20.19054991514574	19.944025962425936	29.59954744395153	0.0
139.0	30.16239629014164	20.461812575363997	19.07181551493482	30.30397561955954	0.0
140.0	29.931322999540544	20.011849200783498	19.311174521800112	30.74565327787585	0.0
141.0	30.19928960050691	18.336958442238917	21.76405719751665	29.699694759737532	0.0
142.0	27.378378378378375	20.361793611793612	21.52027027027027	30.73955773955774	0.0
143.0	27.472670403518006	19.77455018426187	17.89476944040135	34.858009971818774	0.0
144.0	27.978992096967264	19.699922912527654	17.30018363113331	35.02090135937177	0.0
145.0	29.096134812070147	18.52143237824531	16.010202268862777	36.37223054082177	0.0
146.0	34.510742005388686	14.764871938319477	18.769733330761166	31.954652725530668	0.0
147.0	34.63001145475372	16.265750286368842	21.12060219276714	27.983636066110297	0.0
148.0	32.76139265303917	17.156869367847925	20.144020968155964	29.937717010956945	0.0
149.0	30.941439414615434	19.579697423452263	21.587531072737868	27.89133208919443	0.0
150.0	17.601993836785308	25.17832807454789	23.415304907244845	33.80437318142196	0.0
