# Position (bp)	A	C	G	T	N
0.0	26.4357595796283	23.71305739287782	24.272724033627313	25.578458993866576	0.0
1.0	27.15892077438199	21.263942440223296	15.457779702412216	36.1193570829825	0.0
2.0	29.527760196489883	20.894647473862218	17.10063759974937	32.47695472989853	0.0
3.0	24.134857441537054	22.505273773229337	15.423186948446107	37.9366818367875	0.0
4.0	33.91282376038627	13.90665974597165	15.153437663916417	37.02707882972566	0.0
5.0	35.214866320479246	15.286769890261176	24.301598108684313	25.19676568057526	0.0
6.0	32.26330279330898	17.547976873611024	21.144320723615422	29.044399609464573	0.0
7.0	35.748990131337	18.18103941840795	20.38814145227839	25.68182899797666	0.0
8.0	23.573485701759573	26.666705124119023	23.19039179010307	26.569417384018333	0.0
9.0	27.33997493535543	19.617281048503983	15.414669883632556	37.62807413250804	0.0
10.0	27.157470288012668	16.8351199223544	24.590392078533963	31.417017711098964	0.0
11.0	27.875086348998497	19.70280080818336	19.4404152251131	32.98169761770504	0.0
12.0	25.359319995327418	21.41407571599364	20.088706921043485	33.13789736763546	0.0
13.0	26.761945004881692	21.985990911542572	19.662795443368758	31.58926864020698	0.0
14.0	30.208910495567537	19.39787166844292	19.66859290431161	30.72462493167793	0.0
15.0	29.781268432536734	18.856328245893106	20.960373921809268	30.402029399760888	0.0
16.0	28.21778551413528	19.063710057729445	18.959399025392013	33.759105402743266	0.0
17.0	29.7243898605004	18.174939105027782	20.279475113461505	31.821195921010315	0.0
18.0	32.26165873722071	17.977464894354974	19.59171164986797	30.169164718556345	0.0
19.0	30.873311056854057	19.048019417167694	20.59699426166739	29.48167526431086	0.0
20.0	30.310668914504756	17.74263888308021	20.079751141825795	31.866941060589237	0.0
21.0	29.49573627032897	19.24292659289566	19.587399608022416	31.673937528752955	0.0
22.0	30.106690587202035	19.127006217127892	23.13058564450604	27.635717551164035	0.0
23.0	29.253829280638932	20.712986745158325	21.679908048231415	28.353275925971328	0.0
24.0	33.864022139955324	19.41265375169273	17.503024918986974	29.22029918936498	0.0
25.0	29.984237251715086	21.286156615090416	19.683259615204346	29.046346517990155	0.0
26.0	31.266254883495552	17.154585979085876	23.038561768196743	28.540597369221825	0.0
27.0	27.04186718622685	21.276234592382252	24.652750837531205	27.029147383859698	0.0
28.0	28.07430556657201	19.783705673579874	19.160190191330635	32.981798568517476	0.0
29.0	28.959298074579575	20.690243969270572	17.633280310120895	32.71717764602896	0.0
30.0	27.50556188067112	19.179048790570818	15.997026152467031	37.31836317629104	0.0
31.0	34.524995942252424	15.431574213488345	18.516910273898326	31.52651957036091	0.0
32.0	34.21373439650755	15.308111221688382	23.716521468411727	26.761632913392347	0.0
33.0	31.155003479931608	17.755582956488446	20.94261539606821	30.146798167511733	0.0
34.0	32.338887195557916	17.66311161968977	21.77676820490116	28.221232979851152	0.0
35.0	27.545675143717624	20.558670272677478	25.190729583320465	26.70492500028443	0.0
