# Position (bp)	A	C	G	T	N
0.0	26.301184466717313	23.901266760941475	23.88731144521795	25.91023732712326	0.0
1.0	26.87677307491625	20.738627842961797	15.541685618712517	36.84291346340943	0.0
2.0	29.161555854679367	20.022085647501566	17.522238693033295	33.29411980478578	0.0
3.0	23.49922755179269	22.766963007239752	15.07917036534793	38.65463907561963	0.0
4.0	34.290923395727305	13.293999213234997	14.984812957462031	37.43026443357566	0.0
5.0	35.23050587537274	14.960157084622786	23.70069625833775	26.10864078166672	0.0
6.0	31.739543522502572	17.476730931405726	21.03680643903621	29.74691910705549	0.0
7.0	35.51345077230302	17.286103526030917	20.187104013284824	27.013341688381242	0.0
8.0	22.884097125201954	26.863609913417967	23.022678925196924	27.229614036183154	0.0
9.0	27.583935462953775	18.91522636865014	15.579153858132921	37.921684310263174	0.0
10.0	27.108661585499185	16.700358174362563	24.849391713115605	31.341588527022644	0.0
11.0	28.10885150673948	18.923254350627317	19.267577966509688	33.700316176123515	0.0
12.0	26.09296081019187	20.340750668348083	20.536172562959262	33.03011595850079	0.0
13.0	26.41555436374712	21.217237811745555	19.223721398301016	33.14348642620631	0.0
14.0	30.526785522922058	18.709781885428555	20.25078275921493	30.51264983243446	0.0
15.0	29.619945669888637	18.669604808959424	20.339412671351887	31.37103684980005	0.0
16.0	29.72761726149925	18.129623910105433	18.644046588559853	33.49871223983546	0.0
17.0	30.2995366442069	17.975308256544075	19.89476405847691	31.830391040772117	0.0
18.0	32.15460753512831	18.042926660296317	19.03009588854584	30.77236991602954	0.0
19.0	30.337409392515912	18.764020319218826	19.992301561727437	30.90626872653782	0.0
20.0	29.734542634840672	18.0164640530382	20.204064364097725	32.0449289480234	0.0
21.0	29.297265394305853	18.832171443997332	20.046490440073406	31.82407272162341	0.0
22.0	29.95626608151598	19.010855987294974	22.978450691155977	28.05442724003307	0.0
23.0	29.596320111816905	20.448236427042556	21.399539902477365	28.555903558663175	0.0
24.0	33.32056041756408	19.51953023421018	17.56371312501959	29.596196223206146	0.0
25.0	29.75269231631686	21.15115562676673	19.572641281642543	29.523510775273863	0.0
26.0	31.736607362427584	16.87113862429379	22.57319865650235	28.81905535677628	0.0
27.0	26.490853861366414	21.225154293973052	24.695633558302664	27.588358286357867	0.0
28.0	27.15863825107935	19.779039707166966	18.887004543119247	34.17531749863444	0.0
29.0	28.325594631262273	20.430495577981873	17.265488461200626	33.978421329555225	0.0
30.0	26.884818768619663	19.172889771598808	15.947989076464747	37.99430238331678	0.0
31.0	34.502849603656344	14.60563563089505	18.43540479020405	32.45610997524456	0.0
32.0	34.50667478803089	15.552203430139125	22.7283343459952	27.212787435834784	0.0
33.0	31.493964585210428	17.385846959315813	21.13536382333775	29.984824632136004	0.0
34.0	33.06485451884434	16.6501728236249	21.931565065958537	28.35340759157222	0.0
35.0	26.952593010455196	20.0725507071654	25.759457263203927	27.21539901917548	0.0
