# Position (bp)	A	C	G	T	N
0.0	26.14659023634905	23.996208589018003	23.987041647267823	25.87015952736513	0.0
1.0	26.42102273266082	20.20072215631758	15.497290784875359	37.88096432614624	0.0
2.0	28.504358543999114	19.283027130991094	18.0958304033699	34.11678392163989	0.0
3.0	22.872099368833855	22.4813613472461	15.410352785901383	39.23618649801866	0.0
4.0	33.90829135097626	13.239793068820976	14.83196714375173	38.01994843645103	0.0
5.0	34.48373004402933	14.96438595529285	23.10158650432249	27.450297496355336	0.0
6.0	30.681840488499713	17.471123205924886	21.34109759005997	30.505938715515434	0.0
7.0	35.07853869760035	16.93774327230998	20.115346978431276	27.868371051658396	0.0
8.0	22.710552459274204	26.794639192656888	22.576516481540352	27.91829186652855	0.0
9.0	27.65844415378183	18.58691264635824	15.794945824916365	37.959697374943566	0.0
10.0	26.25032744670093	16.60048163150925	25.07555811471025	32.07363280707957	0.0
11.0	28.160201930542268	18.094800586369328	19.45439538955045	34.290602093537956	0.0
12.0	26.042566604520424	19.70899718615827	21.088379810646117	33.16005639867519	0.0
13.0	26.601555634125212	20.86976612690514	18.753789187275597	33.774889051694046	0.0
14.0	30.643302747573962	18.363053046478367	20.137188040033223	30.85645616591445	0.0
15.0	29.626576510615138	18.489677052377257	19.96108319932744	31.922663237680165	0.0
16.0	29.92440916882351	17.54518651657405	18.631959835912255	33.89844447869019	0.0
17.0	30.414930531660627	17.93233512762468	19.576337556314627	32.07639678440007	0.0
18.0	31.33953171229636	17.577530691993875	18.790296250986287	32.29264134472348	0.0
19.0	29.906719713972347	18.201749586362332	20.055092272844497	31.836438426820823	0.0
20.0	29.59242728878193	17.854368404106573	19.970221246795198	32.5829830603163	0.0
21.0	29.204409999144858	18.226828449968288	19.855499265684557	32.7132622852023	0.0
22.0	29.54585709131662	19.080739500439865	22.423685458027144	28.949717950216368	0.0
23.0	29.737541738877926	20.176932905747922	21.058675515605866	29.02684983976829	0.0
24.0	32.3768806045281	19.435589062231006	18.0416870956555	30.145843237585396	0.0
25.0	29.10935174240002	21.10849479661527	19.54058635578954	30.241567105195173	0.0
26.0	31.86078399032134	16.72780509289333	21.852941063655187	29.55846985313014	0.0
27.0	26.104569948820167	21.113909935855418	24.875378467465957	27.90614164785846	0.0
28.0	26.394595781290647	19.62901106696519	18.72737910193977	35.24901404980439	0.0
29.0	27.73287975525376	20.12612084921116	17.465708066684734	34.67529132885035	0.0
30.0	26.54114851786091	18.935846907706924	16.251163848891537	38.27184072554063	0.0
31.0	34.08819504094241	14.502236422595976	18.358027024215684	33.05154151224593	0.0
32.0	34.140845431150865	15.794696523518926	22.418651088343367	27.645806956986846	0.0
33.0	31.35246020750063	17.58487969887926	20.690146638025258	30.372513455594852	0.0
34.0	33.41364691232453	16.67827834370389	21.588924646274837	28.31915009769674	0.0
35.0	26.36423689803104	20.301008557857926	25.353445246397964	27.981309297713064	0.0
