# Position (bp)	A	C	G	T	N
0.0	41.58109749365132	17.445070111515953	22.535055757977254	18.43877663685547	0.0
1.0	23.826874240918627	34.17246328806448	22.225902616760518	19.774759854256377	0.0
2.0	27.36192261051703	29.95259618564657	15.973983022819976	26.711498181016424	0.0
3.0	37.714663143989426	19.947159841479525	17.76750330250991	24.570673712021136	0.0
4.0	41.34858651413486	15.542844571554285	16.499835001649984	26.608733912660874	0.0
5.0	25.76673628668792	30.328679784544356	16.236121798395075	27.66846213037265	0.0
6.0	24.236766966835056	30.595211948166046	20.294311443004613	24.87370964199429	0.0
7.0	40.30931227377427	16.310189755401996	16.913458374465286	26.46703959635845	0.0
8.0	37.844940867279895	18.44064826982041	15.670170827858081	28.04424003504161	0.0
9.0	23.183807439824946	30.87527352297593	17.494529540481402	28.44638949671772	0.0
10.0	22.680074325062847	16.111050388020548	17.794294458410757	43.41458082850585	0.0
11.0	23.849007200523676	17.05214924721798	16.08116953960288	43.01767401265547	0.0
12.0	22.66390764539316	16.510564147244608	17.000653452406883	43.824874754955346	0.0
13.0	24.84228844898847	30.291494452904068	18.055253426147488	26.810963671959975	0.0
14.0	23.976544684547722	16.42957975893148	31.425779129112826	28.168096427407967	0.0
15.0	37.46207195491981	18.38968357173819	20.307758994364978	23.840485478977026	0.0
16.0	23.58480355016777	18.129667712955946	18.865678103690875	39.41985063318541	0.0
17.0	26.846652267818577	29.65442764578834	17.05183585313175	26.447084233261336	0.0
18.0	21.865575183110728	19.215855234812583	17.826367944851356	41.09220163722534	0.0
19.0	24.66136314771017	31.853364867770374	18.071382498387443	25.413889486132014	0.0
20.0	23.658222413052812	19.02103907256333	17.57191927866037	39.74881923572349	0.0
21.0	23.311570159477686	17.200042812801026	20.432409290377823	39.05597773734347	0.0
22.0	24.789153410910643	15.27703640439842	32.78531013131205	27.148500053378882	0.0
23.0	24.781403284282362	17.08253358925144	17.64768607378972	40.488377052676476	0.0
24.0	38.96338867603236	14.953171562366965	17.73094934014474	28.35249042145594	0.0
25.0	23.91419772751407	15.769353297228417	28.68217054263566	31.634278432621855	0.0
26.0	39.48010610079575	15.59681697612732	16.49867374005305	28.424403183023873	0.0
27.0	23.315677966101696	19.978813559322035	14.692796610169493	42.01271186440678	0.0
28.0	25.91730992915301	28.063868034260338	15.829544252934335	30.18927778365232	0.0
29.0	26.498522583368512	14.024905023216547	15.934993668214437	43.54157872520051	0.0
30.0	27.59970379773617	15.243837935047075	27.991113932085053	29.165344335131703	0.0
31.0	27.229400550730777	14.869730989197205	15.727600084727811	42.17326837534421	0.0
32.0	25.71852794569944	14.720543005620957	15.781100859051861	43.77982818962774	0.0
33.0	26.37059073523162	30.705482362940927	15.469613259668508	27.454313642158944	0.0
34.0	30.820681601019217	12.697738613440917	16.0845100329122	40.397069752627665	0.0
35.0	27.30851063829787	28.06382978723404	15.76595744680851	28.861702127659573	0.0
36.0	26.422547240311733	17.177324650368313	16.750293583858227	39.64983452546173	0.0
37.0	37.884944396920446	18.434559452523523	17.4508126603935	26.229683490162532	0.0
38.0	37.58180452741122	18.34567106533634	15.009119193219611	29.063405214032827	0.0
39.0	39.75709372312984	15.606190885640583	15.831900257953569	28.804815133276012	0.0
40.0	24.166216945493794	29.530491095520777	17.021046950890447	29.282245008094982	0.0
41.0	26.08413539526333	15.107602465664542	31.210122201795176	27.598139937276954	0.0
42.0	40.55404671374253	16.338946224877784	16.65399239543726	26.45301466594242	0.0
43.0	40.24510340299814	17.813765182186234	15.45026808184703	26.490863332968594	0.0
44.0	28.54945054945055	29.120879120879124	14.043956043956044	28.285714285714285	0.0
45.0	30.730538922155688	15.113772455089821	17.7125748502994	36.443113772455085	0.0
46.0	29.76024356209565	16.554611188633768	20.33489788151719	33.3502473677534	0.0
47.0	32.763678102282874	17.306466011988267	18.07167453130978	31.85818135441908	0.0
48.0	27.683254445439427	20.21235768197518	18.574900857106307	33.529487015479084	0.0
49.0	29.49243783645219	18.931043322225072	17.751858497821072	33.82466034350167	0.0
50.0	27.815590086040835	21.523051239244893	18.98035186849878	31.68100680621549	0.0
51.0	30.66546762589928	17.75436793422405	17.86998972250771	33.710174717368965	0.0
52.0	27.884862503212542	20.226162940118222	21.06142379850938	30.827550758159855	0.0
53.0	29.080844490216272	20.133882595262616	20.62306900102987	30.162203913491247	0.0
54.0	29.47991761071061	22.36096807415036	19.59320288362513	28.565911431513904	0.0
55.0	30.62330623306233	18.260420699445092	18.415279390889147	32.70099367660343	0.0
56.0	28.29822974544515	18.632898307274843	21.50148598010079	31.567385967179224	0.0
57.0	32.58587167854829	18.418664938431625	20.38885288399222	28.60661049902787	0.0
58.0	29.094212302102257	22.24240851284713	18.790552815987542	29.872826369063066	0.0
59.0	27.51006624236914	19.483049746720354	20.742953630341603	32.26393038056891	0.0
60.0	30.610120983478602	16.96370495641993	20.671263171588397	31.75491088851307	0.0
61.0	31.27196979559953	18.565290977737273	21.833094649134228	28.329644577528967	0.0
62.0	30.855503390714656	18.50547730829421	20.461658841940533	30.1773604590506	0.0
63.0	31.04033416003133	18.404907975460123	20.623939433494325	29.930818431014227	0.0
64.0	26.51782216999608	20.564042303172737	22.326674500587544	30.591461026243632	0.0
65.0	28.79560612004708	18.569373610566235	18.94860729697921	33.68641297240748	0.0
66.0	27.628649993452925	16.28911876391253	23.949194709964647	32.1330365326699	0.0
67.0	29.523058730784392	18.6046511627907	17.619235317303904	34.25305478912101	0.0
68.0	27.279905250690877	18.673509672325306	20.147387814186075	33.899197262797735	0.0
69.0	28.659984173041416	18.900026378264307	21.023476655236085	31.41651279345819	0.0
70.0	29.24154334038055	19.542811839323466	21.154862579281183	30.0607822410148	0.0
71.0	28.911519640259225	21.05541595027113	19.600581933606666	30.432482475862983	0.0
72.0	28.543020018560256	19.130319501524593	19.249635423571522	33.07702505634363	0.0
73.0	30.00797024442083	16.91020191285866	21.55951115834219	31.52231668437832	0.0
74.0	30.199468085106385	17.393617021276594	22.007978723404257	30.398936170212764	0.0
75.0	31.957939571409554	18.421402901637162	19.925462531611874	29.695194995341406	0.0
76.0	30.428399839850528	21.05965567863339	17.42960096089684	31.082343520619244	0.0
77.0	29.123229083132852	19.286287089013634	17.669072440523927	33.92141138732959	0.0
78.0	29.808593227144957	17.33369026904029	22.420024093160222	30.43769241065453	0.0
79.0	29.908920439324937	19.47495312081436	19.059737476560407	31.556388963300297	0.0
80.0	28.902586091384165	17.995444191343964	19.643574969851265	33.458394747420606	0.0
81.0	26.08695652173913	19.310252281266774	20.933977455716587	33.66881374127751	0.0
82.0	29.938105489773953	16.832615715823465	22.806781485468246	30.42249730893434	0.0
83.0	29.133010231556273	18.51103931071621	20.813139472267096	31.542810985460417	0.0
84.0	26.465435925077486	20.226384584287832	20.401563131653415	32.906616358981275	0.0
85.0	28.50195866540592	19.829798730244498	21.356206943131163	30.312035661218424	0.0
86.0	28.498109130199893	20.25931928687196	20.678011885467313	30.56455969746083	0.0
87.0	29.76335361730899	18.6342123056119	23.01555104800541	28.5868830290737	0.0
88.0	32.076495320764955	19.530720195307204	17.509833175098333	30.882951308829515	0.0
89.0	30.620839559842413	16.044015758728435	18.910474120364082	34.42467056106507	0.0
90.0	28.926968584251327	15.803073575411396	21.732626138990888	33.53733170134639	0.0
91.0	28.10671022185926	18.946508779093506	18.129848917925685	34.81693208112155	0.0
92.0	27.607361963190186	17.736877982276756	18.813905930470348	35.84185412406271	0.0
93.0	31.2994812994813	17.13076713076713	20.625170625170625	30.944580944580945	0.0
94.0	30.486471713582947	16.807871003006287	19.896146488111505	32.80951079529926	0.0
95.0	30.393765381460213	17.131528575334972	19.85233798195242	32.622368061252395	0.0
96.0	30.77660594439118	15.95671825777291	18.394740446514177	34.87193535132174	0.0
97.0	29.464163354803347	17.842949157187885	20.337124845827052	32.355762642181716	0.0
98.0	31.5356113627007	19.061342116097162	15.959928640043913	33.44311788115823	0.0
99.0	27.850364461559618	18.78696190345207	20.3410810067391	33.02159262824921	0.0
100.0	32.95642581356867	17.333149476006618	19.47049089906233	30.239933811362384	0.0
101.0	29.609634551495017	20.141196013289036	20.12735326688815	30.121816168327797	0.0
102.0	28.523769808173476	15.929941618015011	19.44676118988046	36.099527383931054	0.0
103.0	29.95539448006691	19.05492054641762	19.737942570393084	31.251742403122385	0.0
104.0	28.257829977628635	17.211968680089484	20.064317673378078	34.4658836689038	0.0
105.0	28.051001821493628	18.10284433235253	20.260613703236654	33.58554014291719	0.0
106.0	30.192388709450917	19.842718719281	19.941019519730375	30.023873051537702	0.0
107.0	30.118276541819206	18.9383272317657	18.642635877217685	32.30076034919741	0.0
108.0	32.64036204214397	17.57884316221185	17.974826757177205	31.805968038466975	0.0
109.0	28.83879200340281	18.318446051325676	21.069048631787894	31.773713313483626	0.0
110.0	25.31267765776009	18.76065946560546	21.14837976122797	34.77828311540648	0.0
111.0	27.74690038477982	19.66652415562206	20.36482827419125	32.22174718540687	0.0
112.0	28.08219178082192	19.220890410958905	19.791666666666664	32.90525114155251	0.0
113.0	29.275279289601837	16.929246634202233	19.521627040962475	34.27384703523346	0.0
114.0	31.46180356117174	15.881677197013211	22.027570361861	30.62894887995405	0.0
115.0	28.3494027917686	19.657504676931932	19.197006763563103	32.796085767736365	0.0
116.0	28.9922032919434	18.192318798729428	18.8853595148715	33.93011839445567	0.0
117.0	26.59805768952022	19.524568778083783	19.857950427598205	34.019423104797795	0.0
118.0	29.232111692844676	17.146596858638745	21.495055264688773	32.12623618382781	0.0
119.0	23.2293791897406	19.790148644709998	23.243952200524628	33.736519965024776	0.0
120.0	26.212741087083575	20.718877849210987	21.63939216832262	31.428988895382815	0.0
121.0	27.72973765205921	18.994577165469735	20.108456690605305	33.16722849186575	0.0
122.0	26.366039952996474	17.89071680376028	20.637485311398354	35.10575793184489	0.0
123.0	30.307488597910844	16.168898043254377	21.22995439164337	32.293658967191405	0.0
124.0	30.026572187776797	17.508119279598464	20.6967818128137	31.768526719811042	0.0
125.0	28.235119928931002	18.7148356529464	21.024578027835357	32.025466390287235	0.0
126.0	29.692376281765494	19.155892406003865	19.393669193045028	31.758062119185617	0.0
127.0	29.89414045027583	19.591471596839124	20.784255255702995	29.73013269718205	0.0
128.0	30.40550650905282	20.12569205446656	18.015861140206493	31.45294029627413	0.0
129.0	31.58842057897105	17.84910754462277	20.518974051297434	30.043497825108744	0.0
130.0	31.398496240601503	18.1203007518797	17.338345864661655	33.14285714285714	0.0
131.0	31.39499849352215	20.457969267851762	16.79722808074721	31.34980415787888	0.0
132.0	29.804929683955844	17.97973688189929	21.004082867079994	31.211250567064873	0.0
133.0	28.213689482470784	20.36727879799666	20.32174836849294	31.09728335103961	0.0
134.0	29.742887570363607	20.629849383842995	18.195648866575382	31.431614179218016	0.0
135.0	30.36041539401344	15.348197923029932	21.212583995113015	33.07880268784362	0.0
136.0	28.96266829865361	17.22766217870257	20.608935128518972	33.20073439412485	0.0
137.0	28.209459459459456	16.89189189189189	19.517813267813267	35.38083538083538	0.0
138.0	30.362934362934364	17.65250965250965	19.28957528957529	32.6949806949807	0.0
139.0	30.04185397612773	19.37684079987599	20.151914431871027	30.42939079212525	0.0
140.0	30.30491599253267	16.08587429993777	19.166148102053516	34.443061605476046	0.0
141.0	33.286494925839186	16.861826697892273	20.28103044496487	29.570647931303668	0.0
142.0	33.10895428929243	18.221665623043208	18.346900438321853	30.322479649342515	0.0
143.0	33.27055869428751	17.65536723163842	19.146264908976775	29.9278091650973	0.0
144.0	30.41423846275004	18.38084737753977	19.562135769412507	31.642778390297682	0.0
145.0	32.71146245059289	19.44664031620553	18.371541501976285	29.470355731225297	0.0
146.0	29.445324881141044	20.427892234548338	17.9080824088748	32.21870047543582	0.0
147.0	29.637289214126632	18.62869869551384	19.758192809417753	31.975819280941774	0.0
148.0	27.25677830940989	20.047846889952154	19.202551834130784	33.49282296650718	0.0
149.0	31.017925736235597	19.558258642765686	17.397567221510883	32.02624839948784	0.0
150.0	27.610022486347574	16.366848699004176	21.37809187279152	34.64503694185673	0.0
151.0	30.030610600934427	18.350249718060255	19.478008699855	32.14113098115031	0.0
152.0	27.403457747616738	18.35514622717725	18.79140410405558	35.44999192115043	0.0
153.0	29.340249635273143	16.826065812935646	19.419679040363107	34.41400551142811	0.0
154.0	30.36964663735548	16.12115290669272	20.61553492916463	32.89366552678717	0.0
155.0	30.05071159823327	17.16015049893669	19.139538688041878	33.649599214788154	0.0
156.0	30.249753532697994	16.90765691751561	21.24548143279658	31.597108116989816	0.0
157.0	32.40039512676984	16.842278564372737	20.184392492591375	30.57293381626605	0.0
158.0	29.42635146305174	19.590014878492312	20.284344519755333	30.699289138700614	0.0
159.0	31.0333388621662	16.768950074639243	20.733123237684524	31.464587825510037	0.0
160.0	28.975382568196938	18.047238855622087	24.40119760479042	28.576180971390553	0.0
161.0	29.23898531375167	17.723631508678235	21.461949265687583	31.575433911882513	0.0
162.0	29.35165019266209	18.462053945384486	20.75724576981069	31.429050092142734	0.0
163.0	28.53781512605042	17.69747899159664	21.478991596638654	32.285714285714285	0.0
164.0	31.75084175084175	16.245791245791246	20.336700336700336	31.666666666666664	0.0
165.0	31.660753505659738	16.286534887649943	22.436222334853863	29.61648927183646	0.0
166.0	31.89216683621567	18.819938962360123	20.278060359443877	29.00983384198033	0.0
167.0	33.01565690946222	17.750170183798502	18.63512593601089	30.599046970728388	0.0
168.0	27.782526927679946	18.03727132843221	20.977944947854336	33.20225679603351	0.0
169.0	27.882635552505146	18.857240905971175	20.555936856554563	32.704186684969116	0.0
170.0	26.794011357769747	18.619858888315264	21.528136293236965	33.05799346067803	0.0
171.0	28.0510961505265	19.437251855687897	18.211634731572587	34.30001726221302	0.0
172.0	29.87350545832611	21.93727256974528	17.847859989603187	30.34136198232542	0.0
173.0	30.017391304347825	19.443478260869565	18.869565217391305	31.669565217391305	0.0
174.0	31.152974010116868	19.134833420547707	17.809174952032095	31.90301761730333	0.0
175.0	29.85466643319909	18.9283838206969	19.40115566450709	31.81579408159692	0.0
176.0	30.077301475755448	15.881939564300772	19.21995783555868	34.820801124385106	0.0
177.0	25.72738494092753	18.35655087286193	20.384411920296245	35.531652265914296	0.0
178.0	29.01060070671378	15.318021201413428	23.180212014134273	32.49116607773851	0.0
179.0	28.325647392692442	19.049308265342322	20.361830436324936	32.2632139056403	0.0
180.0	29.114824031283327	18.25453252755066	19.64095271951653	32.98969072164948	0.0
181.0	28.545909253304753	18.310110753840657	19.846373704894603	33.29760628795999	0.0
182.0	33.005190621084665	16.34150706998389	19.42008233398962	31.23321997494183	0.0
183.0	30.487147222721557	20.240877224519142	20.798130505123137	28.473845047636164	0.0
184.0	32.35930735930736	18.74098124098124	19.58874458874459	29.31096681096681	0.0
185.0	28.387447850535096	19.408670415381824	22.419735171413024	29.784146562670056	0.0
186.0	29.690346083788704	16.41165755919854	21.402550091074684	32.49544626593807	0.0
187.0	29.412840680446312	19.80976769709164	20.797512346808123	29.979879275653925	0.0
188.0	32.19592735277931	16.547422491286	19.501008989176295	31.75564116675839	0.0
189.0	31.2465475971276	18.983612594365677	19.443932977352237	30.32590683115448	0.0
190.0	31.6906607604282	18.180140273163527	18.161683277962346	31.967515688445918	0.0
191.0	28.291057211627475	17.718940936863543	19.274208479911128	34.715793371597854	0.0
192.0	31.50659483559354	18.46553966189857	18.354077651866987	31.673787850640906	0.0
193.0	26.81105302464526	16.654219566840926	22.610156833457804	33.92457057505601	0.0
194.0	27.950543274634693	18.30273510678157	19.445485200449607	34.30123641813413	0.0
195.0	26.657874905802565	19.197437829691033	21.250941974378296	32.89374529012811	0.0
196.0	31.713313161875945	16.149773071104388	17.79500756429652	34.34190620272315	0.0
197.0	29.636674909644285	18.622788662735402	19.098345063724558	32.642191363895755	0.0
198.0	30.126002290950744	19.434898816342116	18.72852233676976	31.71057655593738	0.0
199.0	28.51390220517737	20.90124640460211	20.13422818791946	30.450623202301053	0.0
200.0	26.303636713488547	18.125841831826055	20.85818741581682	34.712334038868576	0.0
201.0	29.266409266409266	18.571428571428573	19.092664092664094	33.069498069498074	0.0
202.0	32.09996125532739	17.919411080976367	19.120495931809376	30.860131731886863	0.0
203.0	32.11579560909267	17.25276860306975	19.992228482611228	30.639207305226346	0.0
204.0	31.327881619937692	18.43847352024922	20.5607476635514	29.672897196261683	0.0
205.0	32.92301680343884	17.74130519734271	20.261821023837438	29.073856975381005	0.0
206.0	30.556644453155624	17.796942375539004	18.463347706781654	33.183065464523715	0.0
207.0	27.825915714848364	17.959826703426547	18.629381646317448	35.58487593540764	0.0
208.0	26.888098062475287	19.058916567813363	20.22538552787663	33.82759984183472	0.0
209.0	30.109235352532277	17.49751737835154	20.11916583912612	32.27408142999007	0.0
210.0	29.54908220271349	17.837190742218674	19.772545889864325	32.84118116520351	0.0
211.0	29.02385247544598	18.15995189416717	20.926037282020445	31.890158348366406	0.0
212.0	27.938808373590984	16.988727858293075	20.551529790660226	34.52093397745571	0.0
213.0	29.19530934088152	17.569753336029116	19.894864536999595	33.34007278608977	0.0
214.0	30.70818070818071	19.190069190069188	20.94017094017094	29.16157916157916	0.0
215.0	31.257656186198446	19.885667619436504	18.681094324213966	30.17558187015108	0.0
216.0	29.897540983606557	17.64344262295082	20.901639344262296	31.557377049180328	0.0
217.0	26.78755409025345	20.811868947043067	22.19245827323305	30.20811868947043	0.0
218.0	28.30266694231962	16.683894976224934	19.04072772379574	35.97271035765971	0.0
219.0	28.019122843483686	18.852629390979008	22.3030554978175	30.82519226771981	0.0
220.0	31.127348643006265	18.70563674321503	19.14405010438413	31.022964509394573	0.0
221.0	31.85914902536156	17.375812198700483	15.971494445608887	34.79354433032908	0.0
222.0	31.865121180189675	18.69336143308746	18.2086406743941	31.232876712328768	0.0
223.0	31.15482233502538	18.993231810490695	17.491539763113366	32.36040609137056	0.0
224.0	30.36626916524702	19.122657580919935	19.33560477001704	31.175468483816015	0.0
225.0	31.665597605302544	18.858242463117385	19.927303827239683	29.548856104340388	0.0
226.0	30.52338052338052	19.991419991419992	23.251823251823254	26.233376233376234	0.0
227.0	30.06240585323865	17.452119647084142	20.636970088228964	31.848504411448246	0.0
228.0	27.412375594980524	19.169190826482044	20.33751622674167	33.080917351795755	0.0
229.0	31.91304347826087	20.608695652173914	18.717391304347828	28.76086956521739	0.0
230.0	27.892787099585963	21.83482240139464	20.41839180649379	29.853998692525607	0.0
231.0	29.861872396404298	19.579039684279763	19.052839289629468	31.506248629686475	0.0
232.0	28.16777041942605	20.220750551876378	22.27373068432671	29.337748344370862	0.0
233.0	27.093049078392184	20.208749722407283	20.852764823451032	31.845436375749504	0.0
234.0	24.675905230219044	21.72552525704068	22.261957979436744	31.336611533303532	0.0
235.0	28.882895032591595	18.206338503034388	22.387053270397843	30.523713193976178	0.0
236.0	30.397470641373083	16.96025293586269	21.40921409214092	31.233062330623305	0.0
237.0	26.17967332123412	20.190562613430128	21.48366606170599	32.14609800362977	0.0
238.0	27.436658297192423	19.12805295594613	24.469299246747315	28.96598950011413	0.0
239.0	29.08631772268136	18.457300275482094	18.2277318640955	34.22865013774105	0.0
240.0	29.175329175329175	17.694617694617694	20.28182028182028	32.84823284823285	0.0
241.0	28.833643122676577	16.07806691449814	25.534386617100374	29.55390334572491	0.0
242.0	28.011204481792717	19.024276377217554	23.179271708683473	29.785247432306257	0.0
243.0	27.264195213514782	18.043172219615204	23.721257625527922	30.971374941342095	0.0
244.0	28.57142857142857	18.772136953955133	21.983471074380166	30.672963400236124	0.0
245.0	29.971455756422454	16.65080875356803	20.67078972407231	32.7069457659372	0.0
246.0	26.872140621237662	20.63568504695401	22.97134601492897	29.520828316879367	0.0
247.0	24.84700122399021	20.881272949816402	23.35373317013464	30.91799265605875	0.0
248.0	23.62204724409449	20.32004064008128	24.30784861569723	31.750063500127002	0.0
249.0	18.76913655848132	22.045315370483774	23.637477036129823	35.548071034905085	0.0
250.0	14.749134948096888	22.577854671280274	22.275086505190313	40.397923875432525	0.0
