# Position (bp)	A	C	G	T	N
0.0	0.0	0.0	73.11557788944724	26.884422110552762	0.0
1.0	26.884422110552762	0.0	1.0050251256281406	72.11055276381909	0.0
2.0	71.85929648241206	26.884422110552762	0.25125628140703515	1.0050251256281406	0.0
3.0	28.07017543859649	71.67919799498746	0.2506265664160401	0.0	0.0
4.0	98.2587064676617	0.9950248756218906	0.7462686567164178	0.0	0.0
5.0	98.75930521091811	0.0	0.49627791563275436	0.7444168734491315	0.0
6.0	72.45657568238212	0.0	0.49627791563275436	27.04714640198511	0.0
7.0	28.03970223325062	0.24813895781637718	0.49627791563275436	71.21588089330024	0.0
8.0	72.20843672456576	26.550868486352357	0.0	1.240694789081886	0.0
9.0	1.7369727047146404	97.76674937965261	0.49627791563275436	0.0	0.0
10.0	0.7444168734491315	72.20843672456576	0.0	27.04714640198511	0.0
11.0	27.04714640198511	1.240694789081886	0.0	71.712158808933	0.0
12.0	71.96029776674938	26.799007444168733	0.0	1.240694789081886	0.0
13.0	27.791563275434246	71.96029776674938	0.24813895781637718	0.0	0.0
14.0	98.01488833746899	1.7369727047146404	0.0	0.24813895781637718	0.0
15.0	72.7047146401985	27.04714640198511	0.0	0.24813895781637718	0.0
16.0	1.7369727047146404	71.21588089330024	0.24813895781637718	26.799007444168733	0.0
17.0	0.49627791563275436	1.7369727047146404	0.0	97.76674937965261	0.0
18.0	0.9925558312655087	0.24813895781637718	26.550868486352357	72.20843672456576	0.0
19.0	1.240694789081886	0.24813895781637718	70.96774193548387	27.543424317617866	0.0
20.0	0.24813895781637718	0.24813895781637718	28.03970223325062	71.46401985111662	0.0
21.0	0.49627791563275436	26.550868486352357	70.96774193548387	1.9851116625310175	0.0
22.0	0.0	71.46401985111662	1.240694789081886	27.29528535980149	0.0
23.0	27.29528535980149	1.240694789081886	0.49627791563275436	70.96774193548387	0.0
24.0	98.26302729528535	0.0	0.0	1.7369727047146404	0.0
25.0	72.20843672456576	0.24813895781637718	0.24813895781637718	27.29528535980149	0.0
26.0	0.9925558312655087	0.49627791563275436	27.04714640198511	71.46401985111662	0.0
27.0	27.04714640198511	0.0	71.46401985111662	1.488833746898263	0.0
28.0	71.712158808933	26.550868486352357	1.240694789081886	0.49627791563275436	0.0
29.0	1.240694789081886	98.01488833746899	0.0	0.7444168734491315	0.0
30.0	0.0	97.82608695652173	0.43478260869565216	1.7391304347826086	0.0
31.0	25.0	50.0	12.5	12.5	0.0
32.0	60.0	0.0	20.0	20.0	0.0
33.0	20.0	60.0	0.0	20.0	0.0
34.0	50.0	0.0	50.0	0.0	0.0
35.0	0.0	100.0	0.0	0.0	0.0
