# Position (bp)	A	C	G	T	N
0.0	26.174184101329008	23.761295123665104	23.78913163639612	26.275389138609768	0.0
1.0	26.4529480325465	20.088972012283616	15.320952257133264	38.13712769803662	0.0
2.0	28.705690769038146	18.99043941505202	18.117980072231582	34.18588974367825	0.0
3.0	23.072476577792028	22.391932657485906	15.048245391729345	39.48734537299271	0.0
4.0	34.0797092742847	13.023106704013365	14.670362615643134	38.2268214060588	0.0
5.0	34.72237357410866	14.690986514062972	23.126162112047158	27.460477799781213	0.0
6.0	30.834632249349063	17.252200812928425	21.05834640789231	30.854820529830207	0.0
7.0	34.94718880186939	16.89049696760185	20.0609565373535	28.101357693175256	0.0
8.0	22.33915787428907	26.76498006279204	22.752169329231002	28.143692733687885	0.0
9.0	27.753226566592915	18.399687645284736	15.59705786270899	38.250027925413356	0.0
10.0	26.384750367300313	16.485569934059587	24.959808469809182	32.169871228830914	0.0
11.0	28.106196959506047	18.09197862570074	19.289657189789082	34.512167225004134	0.0
12.0	26.152613608039694	19.637264536956796	21.037030863018817	33.173090991984694	0.0
13.0	26.218404857120376	20.633014750197642	18.666644349109	34.48193604357298	0.0
14.0	30.436047501327383	18.393413678818234	20.21267038345094	30.957868436403444	0.0
15.0	29.66521500063252	18.453340875756904	19.758861066713216	32.122583056897355	0.0
16.0	29.87433962517662	17.5454261930471	18.524950630943543	34.05528355083274	0.0
17.0	30.415449306521747	17.89257807985427	19.601898039960496	32.090074573663486	0.0
18.0	31.132639963253457	17.628718506481714	18.71001556194187	32.52862596832296	0.0
19.0	29.782256926783496	18.28620969645503	19.918420217521035	32.01311315924044	0.0
20.0	29.557282281692444	17.745384677835236	19.970194674005956	32.72713836646637	0.0
21.0	29.0173340242667	18.265748139757555	19.731089371229	32.98582846474674	0.0
22.0	29.79565884789252	18.901855465803298	22.529107617654233	28.773378068649947	0.0
23.0	29.756625894993842	20.161897939759218	20.79416801226737	29.28730815297957	0.0
24.0	32.58486393634122	19.236470806186475	17.942587627442077	30.236077630030234	0.0
25.0	29.373469866685614	20.982637509460766	19.243462122720835	30.400430501132785	0.0
26.0	32.06253060835954	16.552966680911187	21.72162194444454	29.662880766284726	0.0
27.0	26.23271769895049	21.12493471260394	24.867122286438338	27.77522530200722	0.0
28.0	26.319562603197355	19.67181120530411	18.435862584421	35.57276360707753	0.0
29.0	28.124107938184462	19.769803501875302	17.26713991275429	34.838948647185944	0.0
30.0	26.49029808584688	18.885973969634204	15.94684355071834	38.67688439380058	0.0
31.0	34.23096163721727	14.136281293509295	18.164412383666274	33.46834468560716	0.0
32.0	34.27040240042463	15.443487892524349	22.49148832544821	27.79462138160281	0.0
33.0	31.05374871395193	17.258616039849866	20.800773224528886	30.88686202166932	0.0
34.0	33.29686544112485	16.26353912808015	21.833122724674308	28.60647270612069	0.0
35.0	26.298509385886646	20.348038641540377	25.371046864925717	27.982405107647253	0.0
