# Position (bp)	A	C	G	T	N
0.0	28.26658335653792	24.049687247437873	18.87042331959169	28.813306076432514	0.0
1.0	27.158875584925397	21.15103809400914	14.387976175114266	37.3021101459512	0.0
2.0	28.0606356835431	19.641426690019415	18.4283057037731	33.86963192266438	0.0
3.0	24.111747462135604	22.659600456001304	15.430758373595351	37.797893708267736	0.0
4.0	33.10768187213838	14.065457012040019	15.58080379854163	37.24605731727998	0.0
5.0	34.86094817004944	16.150491987820672	22.50259387100493	26.48596597112496	0.0
6.0	32.35962217837358	17.727510052414953	20.532693233521158	29.380174535690312	0.0
7.0	33.909429305633715	17.559513719853275	20.29399201285537	28.237064961657637	0.0
8.0	24.895930792281927	24.91694802641392	21.11418459911321	29.072936582190945	0.0
9.0	29.54679502389749	18.06921799261042	16.02996508592929	36.354021897562795	0.0
10.0	27.776045338684312	17.280628016703727	23.99533597266663	30.947990671945334	0.0
11.0	28.584694638378632	18.96631193655528	18.642987866874535	33.80600555819156	0.0
12.0	27.056519116460965	19.512277776648162	20.85493720474709	32.57626590214378	0.0
13.0	26.69856524184858	21.20690473124547	18.410583459278488	33.683946567627466	0.0
14.0	31.43660635630548	17.91149962729552	19.413837500847055	31.238056515551943	0.0
15.0	30.47357723577236	18.14092140921409	19.663956639566397	31.721544715447152	0.0
16.0	30.627286275572413	16.95095515512803	18.859233166237637	33.56252540306192	0.0
17.0	29.87111499414159	18.155650825256856	19.133632687892398	32.83960149270916	0.0
18.0	31.281488704696898	17.740668508586594	19.174251042851726	31.803591743864786	0.0
19.0	29.664637655645908	18.930740532598467	19.19480537067255	32.20981644108307	0.0
20.0	30.646908298243954	17.968020146495352	19.0498111266061	32.3352604286546	0.0
21.0	30.22087741743327	17.592348151006235	19.112022690196238	33.07475174136425	0.0
22.0	29.69974685600574	18.213507330346143	19.439969676869136	32.64677613677898	0.0
23.0	29.935499590527304	17.71358569485147	19.39343896149603	32.957475753125195	0.0
24.0	30.81556275928345	17.86915533658629	19.22402766592449	32.09125423820577	0.0
25.0	29.197880504293806	18.70394055667215	19.553904352004114	32.54427458702993	0.0
26.0	30.539991879821354	17.71552307484098	19.8876708620923	31.856814183245362	0.0
27.0	29.809318880002166	18.424613968846845	19.535679969685898	32.23038718146509	0.0
28.0	30.526892706592417	17.849530756270678	18.721031727236433	32.90254480990047	0.0
29.0	30.161372170912415	18.280726682228764	19.419466152440883	32.13843499441794	0.0
30.0	30.254824478306762	18.134083958102146	19.08409343113108	32.52699813246001	0.0
31.0	29.663712023817578	18.1683469788213	19.087894986128966	33.080046011232156	0.0
32.0	30.00345100586671	18.096127430083296	19.596976648193635	32.30344491585635	0.0
33.0	30.573188062529606	18.318332543818094	18.972051160587398	32.1364282330649	0.0
34.0	30.307316445930304	17.859003945507332	18.988515392892673	32.84516421566968	0.0
35.0	30.546249483936027	17.493384229085027	19.78978430217999	32.17058198479896	0.0
36.0	29.723637988100798	17.899567486344345	19.47191368678972	32.90488083876514	0.0
37.0	29.546346812514386	18.787144462344486	18.862279502348816	32.804229222792316	0.0
38.0	29.775539490428613	18.926163593534238	19.426393740015705	31.871903176021444	0.0
39.0	29.31699722466662	18.460705340824475	19.767142760441345	32.45515467406756	0.0
40.0	30.177158291644385	18.37044157567306	19.660711747144955	31.791688385537604	0.0
41.0	29.971160095320627	18.39390164644714	19.59556434142114	32.039373916811094	0.0
42.0	29.835548363946568	18.457986635342547	20.204058143707304	31.502406857003585	0.0
43.0	30.15329198602497	18.611028356309074	19.369363269506813	31.866316388159145	0.0
44.0	30.35744513735129	18.17560110233128	20.317292652704708	31.14966110761272	0.0
45.0	30.527698589508322	18.525992185754237	19.67036613194835	31.27594309278909	0.0
46.0	30.25595882990249	18.500812567713975	19.202329360780066	32.04089924160346	0.0
47.0	29.638784299916026	18.47590540943197	19.780859766503237	32.10445052414877	0.0
48.0	30.33075537375899	18.145494440004875	19.154555674445696	32.36919451179044	0.0
49.0	29.691859677637815	18.565623730190982	19.30583773533794	32.43667885683327	0.0
50.0	29.451085300193018	18.29399613964986	20.008804307338053	32.24611425281907	0.0
51.0	30.47326858737318	17.925013883809445	19.419724491039865	32.18199303777751	0.0
52.0	29.946020630007652	17.750204877784476	19.763764062066116	32.540010430141756	0.0
53.0	30.504307542262676	17.866141092327698	18.998564152579107	32.63098721283051	0.0
54.0	30.401446752595824	18.125723884286884	19.750611280064483	31.722218083052812	0.0
55.0	29.803029071500177	17.896718957435855	19.221599067978	33.07865290308597	0.0
56.0	29.94039151933889	17.83106414685362	19.596965386439074	32.631578947368425	0.0
57.0	29.428819162195847	17.8446594049748	19.997425892808756	32.729095540020595	0.0
58.0	29.395107476983735	18.06141735484002	19.70490403961711	32.83857112855914	0.0
59.0	29.654695851878948	18.239402746445	19.89512834583257	32.210773055843475	0.0
60.0	29.426988062815873	18.472148828638403	19.31425551806837	32.78660759047735	0.0
61.0	29.337795905093568	17.902681608151873	19.37898887518801	33.380533611566555	0.0
62.0	29.613794972559116	17.749169997967343	19.6652889762179	32.97174605325564	0.0
63.0	29.462422419166874	17.52242729761227	19.793614657018185	33.221535626202666	0.0
64.0	29.46824224519941	18.362175274077487	19.822340872440474	32.34724160828263	0.0
65.0	29.839682346085567	18.056402542315457	19.635863452182516	32.46805165941646	0.0
66.0	30.076436228603953	18.205781506227385	20.004201282068657	31.713580983100005	0.0
67.0	29.250525174493458	17.55234803821915	20.022362268753813	33.17476451853358	0.0
68.0	29.90973408148329	18.113496516765608	19.632159605323793	32.344609796427314	0.0
69.0	29.224242506387277	17.51096171700811	20.50230755155565	32.76248822504896	0.0
70.0	29.113889736030636	17.52024668767578	19.809562536003526	33.55630104029006	0.0
71.0	30.605481457384514	17.302374756018217	19.816742572110172	32.2754012144871	0.0
72.0	29.756014910199934	18.498813961369027	19.779057946458828	31.96611318197221	0.0
73.0	29.75097940869471	18.284103078528922	18.723989751792757	33.24092776098361	0.0
74.0	30.230729604424806	17.784616218854215	19.52051080443565	32.464143372285335	0.0
75.0	30.02650434169587	18.252069168875362	19.5440710939989	32.17735539542986	0.0
76.0	30.470534800322685	17.869611491868515	18.544128314114687	33.11572539369412	0.0
77.0	30.529284547223405	17.340221422227646	19.938847872217817	32.191646158331125	0.0
78.0	30.306605372713342	18.203761712976146	18.738049713193117	32.7515832011174	0.0
79.0	30.204723768707574	18.006740491092923	19.14462218665871	32.64391355354079	0.0
80.0	30.174156007975366	18.381325701574728	19.57627463480136	31.86824365564854	0.0
81.0	30.872328447498187	17.718556903813937	18.72850718631514	32.68060746237274	0.0
82.0	30.49002184205885	18.18249650662723	19.141647786626148	32.185833864687766	0.0
83.0	30.530907413437536	18.342288071203733	18.40673504830131	32.720069467057414	0.0
84.0	28.952706599094974	17.788451753404026	19.981818058467155	33.27702358903385	0.0
85.0	28.660212091811466	17.8466506998487	19.13304249299473	34.360094715345106	0.0
86.0	30.792509159994573	16.877459628172073	22.636721400461393	29.693309811371964	0.0
87.0	30.26104186033887	20.098933982941013	20.458570546444008	29.181453610276105	0.0
88.0	32.060965099787595	18.27867239402021	18.805941790001558	30.854420716190635	0.0
89.0	28.17171902250996	23.217763662398124	18.914608739320155	29.695908575771767	0.0
90.0	33.34577561809877	14.89748688470074	19.511764745804122	32.24497275139636	0.0
91.0	27.26094245243961	20.729745688514242	26.59377354264655	25.415538316399594	0.0
92.0	26.197829347921996	19.630215368325313	17.70187810953716	36.47007717421553	0.0
93.0	27.723928212646953	19.529743965681085	18.677201270668732	34.06912655100323	0.0
94.0	24.23374313508523	21.74234761416633	17.2306815018974	36.79322774885104	0.0
95.0	33.344197510745346	14.046023371561658	16.472129989882735	36.137649127810256	0.0
96.0	34.562634585730684	15.456046083512781	23.29853068045187	26.682788650304666	0.0
97.0	30.586763996221006	17.123068871534503	21.036641314764594	31.2535258174799	0.0
98.0	34.672686844234704	13.361802245326771	22.30162993587695	29.663880974561575	0.0
99.0	27.251956671041267	18.017013348202447	25.256866198380262	29.474163782376024	0.0
