# Position (bp)	A	C	G	T	N
0.0	48.7284966342558	11.879830466217902	12.540513587634006	26.851159311892296	0.0
1.0	25.903764647220147	39.20468711044627	19.29693343305909	15.594614809274496	0.0
2.0	19.68435441779545	46.029576239592394	9.792469243196223	24.493600099415932	0.0
3.0	50.03720238095239	13.306051587301587	14.186507936507937	22.470238095238095	0.0
4.0	43.01288404360753	16.389990089197227	20.614469772051535	19.982656095143707	0.0
5.0	22.357019064124785	38.276801188412975	18.828918049022036	20.537261698440208	0.0
6.0	19.554455445544555	39.39356435643565	19.987623762376238	21.064356435643564	0.0
7.0	46.49839148725563	16.815144766146993	16.70378619153675	19.98267755506063	0.0
8.0	41.49357072205737	14.218595450049456	14.502967359050444	29.78486646884273	0.0
9.0	16.069221260815823	39.344870210135966	13.189122373300371	31.396786155747836	0.0
10.0	21.61393969352447	12.975778546712801	15.620365793376173	49.78991596638656	0.0
11.0	20.212503088707685	14.553990610328638	21.89276006918705	43.34074623177662	0.0
12.0	21.150759353006542	9.038152858377577	14.74256080997654	55.06852697863934	0.0
13.0	20.91559723593287	37.26554787759132	16.349950641658438	25.468904244817374	0.0
14.0	19.560927479033055	16.57622101628022	39.13418845584608	24.72866304884065	0.0
15.0	43.23891625615764	17.13054187192118	14.285714285714285	25.344827586206897	0.0
16.0	19.229348762772375	12.323033362058352	25.236981410808813	43.210636464360455	0.0
17.0	21.400443022397244	31.417671671178933	23.061777012060052	24.12010829436377	0.0
18.0	18.11139800811509	20.976269519242592	17.816303946883068	43.09602852575925	0.0
19.0	21.747143383708075	42.499078510873574	18.20862513822337	17.545152967194987	0.0
20.0	20.48858335379327	16.13061625337589	16.953105818806776	46.42769457402406	0.0
21.0	16.86288937944567	21.486387049300955	15.918567574196713	45.73215599705666	0.0
22.0	23.627450980392155	10.073529411764707	38.81127450980392	27.48774509803922	0.0
23.0	24.007839294463498	18.495835374816266	15.298873101420874	42.197452229299365	0.0
24.0	42.00416003915331	13.202006607121008	14.082956074880704	30.71087727884498	0.0
25.0	23.55457767999022	12.78572301674612	39.665077618873	23.99462168439066	0.0
26.0	50.84269662921348	15.22960429897411	13.42208109428432	20.50561797752809	0.0
27.0	24.95426271496524	14.86766678863276	8.818148554701793	51.35992194170021	0.0
28.0	18.93044219758801	34.16981361919844	19.3568035083445	27.542940674869048	0.0
29.0	23.87551665451009	14.101628981278871	11.852662290299051	50.17019207391199	0.0
30.0	26.346791017302735	13.96490366916186	41.29341023438459	18.394895079150817	0.0
31.0	24.736436101825664	9.75829262021085	15.248135767549497	50.25713551041399	0.0
32.0	16.502335236118316	10.70316554229372	17.838609237156202	54.955889984431764	0.0
33.0	22.961599158337716	37.033140452393475	14.163598106259863	25.841662283008944	0.0
34.0	16.803170409511228	13.302509907529721	21.90224570673712	47.992073976221924	0.0
35.0	20.842189160467587	41.099893730074385	15.621679064824653	22.43623804463337	0.0
36.0	24.429223744292237	12.476497448294387	8.850389470856836	54.24388933655654	0.0
37.0	42.439816067081416	14.90397619691642	23.80308358128212	18.853124154720042	0.0
38.0	48.56910348569103	15.74664315746643	12.654279126542791	23.029974230299743	0.0
39.0	50.47670934350313	10.923454099700354	13.538545355488967	25.061291201307544	0.0
40.0	22.946017575673036	44.232110475659084	14.004742641930534	18.81712930673734	0.0
41.0	24.062187990300956	13.992297817715018	44.230494936528316	17.715019255455715	0.0
42.0	49.35511607910576	10.01719690455718	13.771854399541416	26.855832616795645	0.0
43.0	51.952662721893496	11.390532544378699	16.065088757396452	20.59171597633136	0.0
44.0	22.756458115574137	38.435120203076	21.113931611169182	17.694490070180677	0.0
45.0	26.855763427881712	20.43854355260511	20.96157714745524	31.744115872057936	0.0
46.0	29.739854318418313	14.297606659729448	23.142559833506766	32.81997918834547	0.0
47.0	34.54583683767872	22.455845248107654	14.55004205214466	28.448275862068968	0.0
48.0	22.66949152542373	28.749999999999996	15.508474576271187	33.07203389830509	0.0
49.0	29.08818493150685	17.701198630136986	17.251712328767123	35.95890410958904	0.0
50.0	27.059077188443293	18.06813281586891	28.137128072445016	26.735661923242777	0.0
51.0	34.25884460367219	16.748768472906402	23.622928795342588	25.36945812807882	0.0
52.0	33.03370786516854	17.213483146067414	23.280898876404493	26.47191011235955	0.0
53.0	28.891910265125766	23.294810786313167	25.946068434171764	21.867210514389303	0.0
54.0	29.603729603729604	14.242424242424242	19.34731934731935	36.806526806526804	0.0
55.0	21.658006613131793	29.286726499763816	23.193197921587153	25.862068965517242	0.0
56.0	32.57197240066619	15.417558886509635	20.556745182012847	31.453723530811324	0.0
57.0	27.18144872101363	27.683480755438683	22.758785560602437	22.376284962945256	0.0
58.0	30.44422984065669	22.356349589570257	18.03476581361661	29.164654756156445	0.0
59.0	24.667472793228537	21.69286577992745	20.3869407496977	33.252720677146314	0.0
60.0	24.638391762686933	14.832066683010542	24.78548663888208	35.74405491542045	0.0
61.0	28.04337111877772	19.935929029078363	20.03449975357319	31.986200098570723	0.0
62.0	24.80139026812314	17.750744786494536	18.793445878848065	38.65441906653426	0.0
63.0	26.85671417854464	22.20555138784696	23.88097024256064	27.056764191047762	0.0
64.0	32.400513478819	18.305519897304237	21.258023106546855	28.03594351732991	0.0
65.0	23.189899510435456	29.683071373357382	15.975264107188869	31.151765009018295	0.0
66.0	23.15653298835705	12.419146183699871	15.834411384217335	48.589909443725745	0.0
67.0	29.467580390089616	14.04849762783342	15.47179757511861	41.01212440695836	0.0
68.0	23.768506056527592	14.993270524899058	22.799461641991925	38.43876177658142	0.0
69.0	21.23269074124355	26.71734998642411	24.409448818897637	27.640510453434704	0.0
70.0	23.936750272628135	17.66630316248637	21.646673936750272	36.75027262813522	0.0
71.0	28.799120637537783	15.251442704039572	26.930475405331133	29.018961253091508	0.0
72.0	45.36396346526432	14.30943814004982	15.748685303072238	24.577913091613617	0.0
73.0	23.025397711415017	21.769466927156014	23.025397711415017	32.179737650013955	0.0
74.0	25.192485371111793	19.15614413304589	21.61995688327687	34.031413612565444	0.0
75.0	22.75561097256858	22.100997506234414	20.854114713216955	34.28927680798005	0.0
76.0	22.622027534418024	19.74342928660826	25.125156445556946	32.509386733416775	0.0
77.0	31.997475544335753	18.775639002840013	17.48185547491322	31.745029977911017	0.0
78.0	23.780290791599352	20.872374798061387	17.835218093699513	37.51211631663974	0.0
79.0	24.849498327759196	16.956521739130434	21.20401337792642	36.98996655518395	0.0
80.0	30.34993270524899	15.477792732166892	20.423956931359356	33.748317631224765	0.0
81.0	33.09103496019384	17.064728279681553	17.75700934579439	32.087227414330215	0.0
82.0	34.70240167072746	22.311172989906023	20.43160459450052	22.554820744865996	0.0
83.0	26.50900105894811	17.82562654429933	29.721143663960465	25.94422873279209	0.0
84.0	27.207722559885596	21.272792277440114	24.77654629960672	26.74293886306757	0.0
85.0	39.19764446080236	15.311004784688995	16.930437983069563	28.56091277143909	0.0
86.0	29.05153099327857	15.832710978342046	21.28454070201643	33.83121732636295	0.0
87.0	25.405813514533786	16.383540958852397	21.630804077010193	36.57984144960362	0.0
88.0	32.98810893747602	15.918680475642502	23.590333716915996	27.502876869965476	0.0
89.0	33.076032419915094	14.550366653801621	18.602856040138942	33.77074488614434	0.0
90.0	26.995305164319248	17.29264475743349	19.91392801251956	35.798122065727696	0.0
91.0	32.455039732329574	16.980342952739438	17.356754496026767	33.207862818904225	0.0
92.0	26.680672268907564	22.35294117647059	16.932773109243698	34.03361344537815	0.0
93.0	29.82456140350877	15.489944373127942	21.095421480530593	33.590072742832696	0.0
94.0	31.088314005352363	16.41391614629795	18.064228367528994	34.43354148082069	0.0
95.0	34.26349496797804	16.37694419030192	21.134492223238794	28.22506861848124	0.0
96.0	30.009276437847866	16.79035250463822	23.88682745825603	29.313543599257883	0.0
97.0	28.731867103416004	18.062704726251756	18.99859616284511	34.20683200748713	0.0
98.0	31.373493975903617	18.93975903614458	18.55421686746988	31.132530120481928	0.0
99.0	30.984555984555982	18.436293436293436	19.739382239382238	30.83976833976834	0.0
100.0	31.95926285160039	15.664403491755577	19.398642095053344	32.97769156159069	0.0
101.0	28.627450980392155	18.43137254901961	21.07843137254902	31.862745098039213	0.0
102.0	30.565110565110565	16.756756756756758	21.57248157248157	31.105651105651106	0.0
103.0	27.690029615004935	19.545903257650544	19.200394866732477	33.563672260612044	0.0
104.0	25.296442687747035	17.687747035573125	22.233201581027668	34.78260869565217	0.0
105.0	29.668152550767708	18.623080733036158	19.167904903417536	32.5408618127786	0.0
106.0	30.749874182184193	17.916456970306996	19.174635128334174	32.15903371917464	0.0
107.0	30.423814328960646	17.961654894046415	22.04843592330979	29.56609485368315	0.0
108.0	34.972123669538774	17.536746071971617	17.840851495185	29.65027876330461	0.0
109.0	27.452974072191154	19.67463141840366	21.75902389425521	31.113370615149975	0.0
110.0	25.242223355430905	20.244773074961756	22.33554309026007	32.17746047934727	0.0
111.0	30.72996426748341	17.559979581419093	21.490556406329762	30.219499744767734	0.0
112.0	27.216811891337777	20.246027678113787	22.091235263967196	30.44592516658124	0.0
113.0	28.556701030927833	19.02061855670103	19.84536082474227	32.577319587628864	0.0
114.0	28.089304257528557	17.86085150571132	19.67808930425753	34.3717549325026	0.0
115.0	28.422696512233216	17.334721499219157	19.8334200937012	34.409161894846434	0.0
116.0	27.643979057591622	18.32460732984293	20.732984293193716	33.29842931937173	0.0
117.0	31.813417190775684	17.767295597484274	17.767295597484274	32.65199161425576	0.0
118.0	29.10526315789474	16.315789473684212	21.0	33.578947368421055	0.0
119.0	21.881606765327696	22.463002114164905	27.11416490486258	28.541226215644823	0.0
120.0	26.234731810939987	22.729686670207116	22.835900159320232	28.199681359532665	0.0
121.0	30.752802989855848	18.31286705819541	17.88574479444741	33.048585157501336	0.0
122.0	30.439442658092176	17.95284030010718	20.846730975348336	30.760986066452308	0.0
123.0	31.89887036040882	18.45077998924153	18.504572350726196	31.145777299623457	0.0
124.0	30.258899676375407	17.79935275080906	19.525350593311757	32.41639697950377	0.0
125.0	28.16216216216216	18.0	20.37837837837838	33.45945945945946	0.0
126.0	30.087051142546244	20.130576713819366	18.063112078346027	31.719260065288356	0.0
127.0	27.659574468085108	18.657937806873978	23.622476813966177	30.06001091107474	0.0
128.0	30.503833515881706	18.29134720700986	22.070098576122675	29.13472070098576	0.0
129.0	30.54945054945055	18.846153846153847	18.186813186813186	32.417582417582416	0.0
130.0	28.8864388092613	19.845644983461963	18.19184123484013	33.0760749724366	0.0
131.0	30.215827338129497	20.088544548976202	21.250691754288876	28.44493635860542	0.0
132.0	29.27777777777778	18.166666666666668	23.333333333333332	29.22222222222222	0.0
133.0	28.187919463087248	19.798657718120804	21.252796420581653	30.760626398210288	0.0
134.0	26.573033707865168	21.460674157303373	21.179775280898877	30.786516853932582	0.0
135.0	25.536723163841806	17.853107344632768	20.960451977401128	35.6497175141243	0.0
136.0	26.007950028392955	18.96649630891539	20.783645655877343	34.241908006814306	0.0
137.0	27.309007981755983	16.248574686431013	22.91904218928164	33.52337514253136	0.0
138.0	27.65714285714286	20.057142857142857	20.62857142857143	31.657142857142855	0.0
139.0	29.948364888123923	17.555938037865747	20.998278829604132	31.497418244406195	0.0
140.0	28.56318522792845	17.311021350259665	23.36987882285055	30.755914598961336	0.0
141.0	31.210191082802545	17.197452229299362	20.845396641574983	30.746960046323103	0.0
142.0	30.75581395348837	16.046511627906977	19.069767441860467	34.127906976744185	0.0
143.0	28.487690504103163	19.636576787807737	21.336459554513482	30.539273153575614	0.0
144.0	30.306603773584907	18.57311320754717	18.278301886792452	32.84198113207547	0.0
145.0	27.969121140142516	22.446555819477435	17.933491686460805	31.65083135391924	0.0
146.0	29.88095238095238	19.583333333333332	17.797619047619047	32.73809523809524	0.0
147.0	28.88755980861244	19.736842105263158	17.523923444976077	33.85167464114833	0.0
148.0	25.31569452796151	19.603126879134095	19.302465423932652	35.778713168971734	0.0
149.0	28.96969696969697	21.575757575757574	18.606060606060606	30.848484848484848	0.0
150.0	28.545343883140596	20.45039561777237	20.389531345100426	30.61472915398661	0.0
151.0	29.156479217603916	18.643031784841078	21.76039119804401	30.440097799511	0.0
152.0	28.132678132678134	18.796068796068795	17.62899262899263	35.44226044226044	0.0
153.0	32.032218091697644	16.91449814126394	18.711276332094176	32.342007434944236	0.0
154.0	30.378177309361437	18.66088034717917	19.21884686918785	31.742095474271544	0.0
155.0	31.792629606495943	17.613991255465333	18.238600874453468	32.35477826358526	0.0
156.0	30.880503144654085	15.031446540880502	19.49685534591195	34.59119496855346	0.0
157.0	30.715642811906267	17.606079797340087	22.102596580113996	29.575680810639643	0.0
158.0	27.37715379706445	20.357370772176132	18.634333120612638	33.63114231014678	0.0
159.0	34.832904884318765	14.460154241645245	20.37275064267352	30.334190231362467	0.0
160.0	27.42561448900388	18.30530401034929	21.733505821474775	32.535575679172055	0.0
161.0	27.225471085120205	17.998700454840804	24.821312540610784	29.9545159194282	0.0
162.0	30.508474576271187	18.122555410691003	21.121251629726206	30.247718383311607	0.0
163.0	26.181102362204722	18.832020997375327	18.503937007874015	36.48293963254593	0.0
164.0	28.41133816743573	15.425181278839814	22.610415293342122	33.55306526038233	0.0
165.0	31.03448275862069	19.16445623342175	22.015915119363395	27.785145888594165	0.0
166.0	27.043189368770765	19.40199335548173	21.3953488372093	32.159468438538205	0.0
167.0	26.203208556149733	20.989304812834224	22.593582887700535	30.213903743315505	0.0
168.0	27.34638757596219	21.809588116137746	18.433490884537473	32.410533423362594	0.0
169.0	26.075085324232084	17.269624573378838	20.13651877133106	36.51877133105802	0.0
170.0	28.198074277854197	16.506189821182943	20.426409903713893	34.869325997248964	0.0
171.0	30.61506565307533	18.79751209398756	16.5860400829302	34.00138217000691	0.0
172.0	29.714683368128043	19.276270006958942	18.997912317327767	32.01113430758525	0.0
173.0	27.132867132867133	19.79020979020979	19.65034965034965	33.42657342657343	0.0
174.0	29.929577464788732	19.295774647887324	19.366197183098592	31.408450704225356	0.0
175.0	29.219858156028366	18.01418439716312	22.411347517730494	30.354609929078013	0.0
176.0	29.949964260185848	17.79842744817727	20.729092208720516	31.52251608291637	0.0
177.0	25.864553314121036	24.78386167146974	21.037463976945244	28.31412103746398	0.0
178.0	27.588703837798693	21.288921071687184	20.782041998551772	30.340333091962346	0.0
179.0	23.555230431602048	20.11704462326262	25.822970007315288	30.504754937820046	0.0
180.0	28.16176470588235	16.911764705882355	23.161764705882355	31.76470588235294	0.0
181.0	28.729689807976367	19.054652880354507	20.6794682422452	31.53618906942393	0.0
182.0	32.86454478164323	19.31902294596595	21.095484826054776	26.720947446336048	0.0
183.0	28.70991797166294	23.788217747949293	20.730797912005965	26.771066368381806	0.0
184.0	26.972201352366643	23.441021788129227	18.181818181818183	31.40495867768595	0.0
185.0	27.05971277399849	22.37339380196523	24.489795918367346	26.077097505668934	0.0
186.0	30.401819560272937	17.134192570128885	22.592873388931007	29.87111448066717	0.0
187.0	31.402439024390244	20.807926829268293	17.682926829268293	30.106707317073173	0.0
188.0	29.330254041570434	17.013086989992303	23.248652809853734	30.40800615858353	0.0
189.0	27.795031055900623	19.875776397515526	21.506211180124225	30.82298136645963	0.0
190.0	30.883502736512902	15.089913995308834	20.172009382329943	33.854573885848325	0.0
191.0	27.237048665620094	20.800627943485086	20.09419152276295	31.868131868131865	0.0
192.0	29.48616600790514	21.976284584980238	18.972332015810274	29.565217391304348	0.0
193.0	28.903122497998403	19.055244195356284	18.494795836669336	33.54683746997598	0.0
194.0	28.35093419983753	22.095857026807472	21.283509341998375	28.26969943135662	0.0
195.0	28.606557377049178	19.672131147540984	19.098360655737707	32.622950819672134	0.0
196.0	27.015793848711557	20.86450540315877	21.030756442227762	31.08894430590191	0.0
197.0	28.270042194092827	19.91561181434599	19.831223628691983	31.9831223628692	0.0
198.0	26.695652173913043	24.869565217391305	20.695652173913043	27.73913043478261	0.0
199.0	25.045703839122485	23.76599634369287	20.018281535648992	31.17001828153565	0.0
200.0	26.270270270270267	18.054054054054053	22.054054054054053	33.62162162162162	0.0
201.0	32.53373313343329	22.038980509745127	16.49175412293853	28.93553223388306	0.0
202.0	35.8433734939759	19.427710843373493	16.265060240963855	28.463855421686745	0.0
203.0	32.92867981790592	18.361153262518968	20.789074355083457	27.921092564491655	0.0
204.0	33.63914373088685	14.984709480122325	27.06422018348624	24.31192660550459	0.0
205.0	33.17829457364341	18.6046511627907	26.51162790697674	21.705426356589147	0.0
206.0	29.906542056074763	20.24922118380062	21.339563862928348	28.504672897196258	0.0
207.0	24.68553459119497	25.31446540880503	18.081761006289305	31.91823899371069	0.0
208.0	26.89873417721519	19.303797468354432	20.88607594936709	32.91139240506329	0.0
209.0	22.29299363057325	22.29299363057325	23.56687898089172	31.84713375796178	0.0
210.0	24.115755627009648	19.45337620578778	18.327974276527332	38.10289389067524	0.0
211.0	32.142857142857146	18.019480519480517	20.12987012987013	29.707792207792206	0.0
212.0	26.350245499181668	17.51227495908347	26.02291325695581	30.11456628477905	0.0
213.0	28.452579034941767	19.800332778702163	17.470881863560734	34.27620632279534	0.0
214.0	32.715008431703204	22.765598650927487	17.706576728499158	26.812816188870155	0.0
215.0	30.730050933786078	21.052631578947366	17.996604414261462	30.220713073005097	0.0
216.0	30.887372013651877	19.965870307167236	17.747440273037544	31.399317406143346	0.0
217.0	27.177700348432055	17.770034843205575	25.087108013937282	29.965156794425084	0.0
218.0	26.306306306306304	17.83783783783784	20.36036036036036	35.4954954954955	0.0
219.0	20.833333333333336	22.22222222222222	22.61904761904762	34.32539682539682	0.0
220.0	0.0	27.245508982035926	31.437125748502993	41.31736526946108	0.0
