# Position (bp)	A	C	G	T	N
0.0	44.84208972845337	15.532762691853602	18.698347107438014	20.926800472255017	0.0
1.0	21.072825204751716	37.659558769276174	20.98428392237881	20.283332103593303	0.0
2.0	26.774027502022207	33.274505478344	14.581954555482021	25.36951246415178	0.0
3.0	41.885047346399475	16.40607795639727	17.624605446671072	24.084269250532188	0.0
4.0	42.95883173112204	14.750128421516106	15.028986570778603	27.262053276583252	0.0
5.0	23.552718467972706	32.408834103749356	15.452344265903589	28.58610316237435	0.0
6.0	24.438738077769624	34.98165810711665	16.793837123991196	23.78576669112252	0.0
7.0	43.15997946160053	16.702119856231203	15.785227022665591	24.352673659502678	0.0
8.0	42.77126099706745	16.011730205278592	15.388563049853374	25.828445747800586	0.0
9.0	23.38756962767517	32.38053356786866	16.424802110817943	27.80709469363823	0.0
10.0	21.685335676110988	14.30558606047295	17.40976645435244	46.59931180906362	0.0
11.0	21.78333699071026	15.829127349864677	15.799868334430547	46.58766732499451	0.0
12.0	22.960526315789473	14.883040935672515	16.608187134502923	45.54824561403509	0.0
13.0	23.935432035643853	32.926740194288215	16.72631655832299	26.411511211744944	0.0
14.0	24.273616586362973	15.27960286173164	34.09986859395532	26.346911957950063	0.0
15.0	39.1250455705432	17.499088589135983	16.762668611009843	26.613197229310977	0.0
16.0	22.367941712204008	16.131147540983605	16.342440801457194	45.158469945355186	0.0
17.0	24.952672200378622	32.05912334352701	16.084170671326632	26.904033784767726	0.0
18.0	21.44208381839348	17.338474970896392	16.661816065192085	44.557625145518045	0.0
19.0	23.287272727272725	35.54181818181818	15.687272727272727	25.483636363636364	0.0
20.0	22.6357490731991	15.773787889801556	16.268081703859853	45.3223813331395	0.0
21.0	23.335994773898527	16.382376424475574	17.55099078173768	42.73063801988822	0.0
22.0	24.040345403091212	14.890066032943908	34.5693345911037	26.500253972861188	0.0
23.0	23.56526155408837	16.24464920554306	16.440542697525938	43.74954654284263	0.0
24.0	41.72046130412708	14.310582432726482	16.377747153115255	27.59120911003119	0.0
25.0	24.934744779582367	15.574245939675174	31.960556844547565	27.530452436194896	0.0
26.0	42.43566509604929	15.150416817687567	14.722725625226532	27.691192461036607	0.0
27.0	23.358933487900305	16.396174467468484	14.374728300246343	45.870163744384875	0.0
28.0	23.225152129817445	33.53375833091857	12.952767313822081	30.2883222254419	0.0
29.0	25.191834370928046	13.508035326480384	14.478065730418416	46.822064572173154	0.0
30.0	24.635473340587595	15.139644541167934	31.817192600652884	28.407689517591585	0.0
31.0	26.372349695033403	12.902991577112982	15.596863200697067	45.12779552715655	0.0
32.0	23.988963914905977	16.72112103390692	14.90597545923183	44.383939591955276	0.0
33.0	24.4354077409048	33.92636700312251	13.942342604022947	27.69588265194975	0.0
34.0	25.642324672504884	14.315698053122963	17.3192444090613	42.722732865310846	0.0
35.0	23.236935565702687	33.31883742842647	15.452634630716823	27.991592375154017	0.0
36.0	25.512644011303532	14.100427505253244	14.803275124990941	45.58365335845229	0.0
37.0	43.67841090329129	16.94939828911121	14.723792953458027	24.648397854139482	0.0
38.0	41.802624900297296	16.402001305199043	14.067145239649046	27.728228554854617	0.0
39.0	43.867821529951236	15.561540141203873	14.091273018414732	26.479365310430165	0.0
40.0	23.427695899606015	32.9417773237998	17.072814825623812	26.557711950970376	0.0
41.0	24.29783499122294	13.706846108835578	35.94207138677589	26.053247513165594	0.0
42.0	44.1325221725427	14.76214908744411	16.22810232353588	24.877226416477313	0.0
43.0	43.67283950617284	15.990593768371546	14.976484420928864	25.36008230452675	0.0
44.0	26.46928529238039	33.136444181925576	13.72563496751329	26.668635558180743	0.0
45.0	31.479897348160822	15.680068434559452	16.928999144568007	35.91103507271172	0.0
46.0	30.774710596616206	17.212822796081923	18.165627782724844	33.84683882457703	0.0
47.0	31.07075429290659	17.69306841679403	18.84383709430909	32.392340195990286	0.0
48.0	27.59552992069214	19.628695025234318	17.745133381398702	35.03064167267484	0.0
49.0	29.993687438001622	18.486788709531968	19.577960140679952	31.941563711786454	0.0
50.0	27.985209235209236	21.41053391053391	18.66883116883117	31.935425685425685	0.0
51.0	28.987993138936535	19.238060846799677	18.6512593662544	33.122686648009385	0.0
52.0	29.59285004965243	17.910986729258823	19.445698293761847	33.05046492732689	0.0
53.0	29.968397291196386	18.75395033860045	20.388261851015802	30.88939051918736	0.0
54.0	27.28505560075942	22.02332519663683	19.56423469849019	31.127384504113554	0.0
55.0	28.75101745500588	18.684995930179976	19.426607578909287	33.13737903590486	0.0
56.0	27.485750474984165	19.044603275128924	20.09409210169185	33.37555414819506	0.0
57.0	29.92581870815994	17.649719558530848	19.377600868463905	33.04686086484531	0.0
58.0	29.548538858228536	18.19415543291414	18.474622274495612	33.78268343436171	0.0
59.0	27.397756062251176	18.087224031849438	21.453130655085054	33.06188925081433	0.0
60.0	29.264319971043346	17.49162971676771	20.287756764093746	32.956293548095196	0.0
61.0	28.945224083295606	17.745586238116793	20.932548664554098	32.376641014033495	0.0
62.0	28.245312075369146	19.775341969381284	19.132167768819638	32.84717818642993	0.0
63.0	31.73207649777939	18.15462702800689	19.72265023112481	30.390646243088916	0.0
64.0	27.905711695376244	18.467815049864004	21.940163191296463	31.68631006346328	0.0
65.0	30.018132366273797	19.11151405258386	19.56482320942883	31.30553037171351	0.0
66.0	29.584618175222204	16.760384545619445	20.750952294576454	32.9040449845819	0.0
67.0	28.62456904373072	17.98221738341499	19.324986390854654	34.06822718199964	0.0
68.0	27.013270314488274	19.823668423922925	20.059989092892202	33.1030721686966	0.0
69.0	27.00245476861533	19.51995635966906	21.238294390399126	32.239294481316485	0.0
70.0	27.53319992723304	19.019465162816083	20.30198289976351	33.14535201018737	0.0
71.0	29.209496952606205	19.78531792959156	19.648867461111617	31.356317656690617	0.0
72.0	28.688449986347504	19.459361063074542	20.205697642668607	31.646491307909347	0.0
73.0	28.87734645525788	18.24312010205941	20.585019136139966	32.29451430654274	0.0
74.0	28.82143833743506	18.12961443806399	21.693555737854343	31.355391486646617	0.0
75.0	29.10815247127485	18.35673901149006	21.666970636512858	30.868137880722234	0.0
76.0	29.56307580041959	19.018516829335034	18.58980206147952	32.82860530876585	0.0
77.0	28.988415579677095	20.30466113290158	17.805345252211985	32.90157803520934	0.0
78.0	28.524500410621407	19.034583447394834	19.554703896340907	32.886212245642845	0.0
79.0	27.94157918758558	19.71702418986764	18.493838429940666	33.847558192606115	0.0
80.0	29.226413371084114	16.71385514658873	20.42195634304503	33.63777513928213	0.0
81.0	25.596053713346123	18.26071069699461	19.95980633963643	36.18342925002283	0.0
82.0	30.189196599945163	17.009414130335436	20.857325655790145	31.94406361392926	0.0
83.0	29.119824513298603	19.001919385796544	20.656247143771136	31.222008957133717	0.0
84.0	28.82347563762684	17.506170582320138	19.818996251942593	33.851357528110434	0.0
85.0	30.385072715631573	16.381596999908535	21.40309155766944	31.830238726790448	0.0
86.0	29.090409956076137	18.00878477306003	21.522693997071745	31.378111273792094	0.0
87.0	31.175608862845632	18.11939205273759	21.4429591649881	29.262039919428677	0.0
88.0	31.85273376682846	19.754556278047442	16.79640992764905	31.596300027475046	0.0
89.0	30.92707951630634	17.3415170392085	18.697325027482595	33.03407841700257	0.0
90.0	29.34493815849748	16.47274393037105	19.514429683921207	34.667888227210256	0.0
91.0	28.519061583577717	19.510630498533725	17.375366568914956	34.594941348973606	0.0
92.0	28.511184451778508	17.82178217821782	18.05097176384305	35.61606160616061	0.0
93.0	31.349715752796627	17.21070970108197	18.962039244452594	32.47753530166881	0.0
94.0	30.024768369874323	17.200256857169066	19.594532611687	33.18044216126961	0.0
95.0	30.376146788990827	17.091743119266056	19.532110091743117	33.0	0.0
96.0	30.20460592714928	17.120836774015967	19.506376731810256	33.1681805670245	0.0
97.0	29.43822287497705	17.99155498439508	20.671929502478427	31.89829263814944	0.0
98.0	30.46710103698266	18.959346609158484	18.858401394879323	31.71515095897954	0.0
99.0	29.58509271158436	18.881953368826878	19.955939049017807	31.577014870570956	0.0
100.0	31.087176654699437	16.570008285004143	19.773543220104944	32.569271840191476	0.0
101.0	30.864311410386495	18.780555299326632	19.82289456692187	30.532238723365	0.0
102.0	31.00416473854697	15.900046274872745	20.24062933826932	32.855159648310966	0.0
103.0	27.674181278411723	20.15956953335189	19.04629371926895	33.11995546896744	0.0
104.0	28.591365835504277	17.407889839970228	19.733903982136212	34.26684034238928	0.0
105.0	30.6478715459298	17.289021657953697	19.66019417475728	32.40291262135923	0.0
106.0	32.49766136576239	18.512628624883067	17.38072965388213	31.608980355472404	0.0
107.0	29.279954997187325	19.11681980123758	19.06994187136696	32.53328333020814	0.0
108.0	33.41486359360301	18.513640639698963	16.32173095014111	31.74976481655691	0.0
109.0	29.49443501226184	18.35502735332956	19.33597434446331	32.81456328994529	0.0
110.0	26.61816120192762	19.35179060757819	19.76755173391288	34.26249645658131	0.0
111.0	31.374964465081018	18.212830474746518	19.785842888278214	30.62636217189425	0.0
112.0	28.22389052551554	18.492825239950584	19.813741328518482	33.46954290601539	0.0
113.0	29.12140270630837	17.857823518200878	18.429578806937297	34.59119496855346	0.0
114.0	31.748305165664085	16.996085171393105	18.246920653107992	33.00868900983481	0.0
115.0	26.700517340486684	19.84096570224181	18.518873347384556	34.93964360988695	0.0
116.0	29.569479146646167	17.79742456275226	18.681529886603883	33.951566403997695	0.0
117.0	29.86238090655375	18.939466846309305	19.709363872582042	31.488788374554904	0.0
118.0	28.52591949029829	16.874215657882036	20.561830292499277	34.038034559320394	0.0
119.0	25.728390281676504	19.21401606814442	23.99574097376827	31.0618526764108	0.0
120.0	26.611650485436893	20.941747572815533	20.300970873786408	32.14563106796117	0.0
121.0	30.82091732398481	18.78469179082676	17.92774369461486	32.466647190573575	0.0
122.0	27.483152651626135	17.882605723215157	19.75778884656705	34.87645277859166	0.0
123.0	30.635045080360644	16.826734613876912	19.149353194825558	33.388867110936886	0.0
124.0	30.206286836935163	17.347740667976424	20.0	32.44597249508841	0.0
125.0	27.90330537740503	18.026640355204737	19.141588554514062	34.928465712876175	0.0
126.0	30.11273734177215	18.888449367088608	17.52373417721519	33.47507911392405	0.0
127.0	29.776896380763514	17.42191373326723	20.545364402578087	32.25582548339118	0.0
128.0	29.84465245966939	18.56203943437562	19.527982473610834	32.065325632344155	0.0
129.0	30.91599240835081	17.540705224253323	18.779342723004692	32.76395964439117	0.0
130.0	29.850596610849294	18.469868645342423	17.086132557906346	34.59340218590194	0.0
131.0	30.5896558663715	18.394043067015495	20.567518615415576	30.448782451197427	0.0
132.0	29.321486268174475	16.40751211631664	21.809369951534734	32.46163166397415	0.0
133.0	28.99300273805902	20.23121387283237	19.36923232937836	31.406551059730248	0.0
134.0	27.525458248472507	20.45824847250509	18.462321792260692	33.55397148676171	0.0
135.0	29.248366013071898	17.167075163398692	19.628267973856207	33.9562908496732	0.0
136.0	27.668510551116576	17.40422044662979	19.97541487400123	34.95185412825241	0.0
137.0	28.672693651119786	17.5056502979248	18.810355455105814	35.0113005958496	0.0
138.0	28.4035865196331	17.448211893228898	19.262083891579923	34.88611769555807	0.0
139.0	29.756854630108638	17.75478530781169	18.934299017071908	33.554061045007764	0.0
140.0	29.51857231790828	18.115791658020335	21.093587881303176	31.27204814276821	0.0
141.0	30.85660691954981	18.476448520216756	19.779074614422676	30.887869945810753	0.0
142.0	33.55662549717396	16.830646849487128	18.421603516851583	31.191124136487336	0.0
143.0	33.4453781512605	19.548319327731093	18.907563025210084	28.09873949579832	0.0
144.0	32.028695010022155	17.723388543095265	17.77613672328305	32.47177972359954	0.0
145.0	31.08265424912689	18.22415070377818	18.774473489258124	31.91872155783681	0.0
146.0	29.40176389331633	20.082881734140898	17.59642970991393	32.91892466262884	0.0
147.0	29.284951974386342	18.409818569903948	18.858057630736393	33.447171824973324	0.0
148.0	29.618894256575416	18.980139559849704	19.066022544283413	32.33494363929147	0.0
149.0	30.666379124433902	19.258141039465173	17.46819064050032	32.6072891956006	0.0
150.0	28.69828893220706	18.06367771280052	19.504006930907515	33.73402642408491	0.0
151.0	28.83088635127787	19.119086460032626	20.95704187058184	31.09298531810767	0.0
152.0	29.119737561509023	18.480043739748496	17.135046473482777	35.265172225259704	0.0
153.0	29.114063014600944	17.927324623998246	20.090020858491602	32.86859150290921	0.0
154.0	30.845551758350787	17.109469738727814	19.70014331385735	32.34483518906405	0.0
155.0	29.300420633163604	20.212530440557895	17.677662165153862	32.80938676112464	0.0
156.0	30.34720676608057	17.48275094591587	19.1075005564211	33.06254173158246	0.0
157.0	30.819085931388983	17.63325511230305	19.55525757067829	31.99240138562968	0.0
158.0	28.70287253141831	20.50044883303411	18.738779174147215	32.05789946140036	0.0
159.0	33.15284827975184	16.254935138183868	19.96615905245347	30.62605752961083	0.0
160.0	28.275158658204898	17.792384406165006	21.41885766092475	32.51359927470535	0.0
161.0	29.0590510865855	17.829104562521334	20.275344180225282	32.83650017066788	0.0
162.0	30.580025168744996	17.92701063951493	20.729893604850705	30.763070586889373	0.0
163.0	27.91767276072209	18.22467517534782	19.857422099574563	34.000229964355526	0.0
164.0	28.64565292691375	17.977138898510564	19.905322711003347	33.471885463572335	0.0
165.0	29.779837775202783	16.778679026651215	20.984936268829664	32.45654692931634	0.0
166.0	27.693024339117272	18.80749970886223	20.91533713753348	32.58413881448701	0.0
167.0	27.890359611104603	17.921986646362893	21.108117605716295	33.07953613681621	0.0
168.0	28.583215464403583	18.045733144743046	19.58981612446959	33.78123526638378	0.0
169.0	26.79374852000947	17.712526639829505	21.66706133080748	33.82666350935354	0.0
170.0	28.53745541022592	17.443519619500595	19.274673008323425	34.74435196195006	0.0
171.0	30.37143198375731	17.496715633584138	18.320793025200047	33.8110593574585	0.0
172.0	28.882735372020225	19.202985793402362	17.44522032265832	34.469058511919094	0.0
173.0	27.48878380016976	17.315387413604945	19.279738086576938	35.91609069964836	0.0
174.0	31.4233353695785	18.252901649358584	18.802687843616372	31.521075137446548	0.0
175.0	28.427394565351037	17.484323127997047	21.308250338128612	32.780031968523296	0.0
176.0	29.045027214250368	17.008906481939633	17.96140524492825	35.98466105888174	0.0
177.0	28.23895457373989	19.477286869943995	19.40261356565028	32.88114499066584	0.0
178.0	27.37752161383285	20.385916551810553	20.310738002756548	31.92582383160005	0.0
179.0	29.921953675730112	18.164652567975832	19.813695871097682	32.09969788519638	0.0
180.0	30.105076591973667	15.926066590707686	20.243068742878844	33.7257880744398	0.0
181.0	29.099719459321598	18.439173680183625	18.273399642948227	34.187707217546546	0.0
182.0	28.880635245901637	18.237704918032787	20.005122950819672	32.8765368852459	0.0
183.0	31.070967741935483	19.741935483870968	18.503225806451614	30.68387096774193	0.0
184.0	32.325068155264184	19.291185252499027	17.045307023237697	31.338439568999092	0.0
185.0	27.820630147731727	20.107203556020394	20.852399006406067	31.21976728984181	0.0
186.0	30.51674136567361	17.677300290007906	20.326918006854733	31.479040337463747	0.0
187.0	28.944215151111703	21.528424976700837	17.694048728531484	31.833311143655973	0.0
188.0	30.165122835279902	17.384883877030475	19.331453886427706	33.11853940126191	0.0
189.0	30.252100840336134	18.378964489021417	19.59880726484142	31.77012740580103	0.0
190.0	30.8827548510522	18.201694452036072	17.327138562448756	33.58841213446297	0.0
191.0	28.0005511919526	19.112580956318038	18.18933443571724	34.69753341601213	0.0
192.0	31.759477850298566	17.650326343563393	18.927926676850436	31.6622691292876	0.0
193.0	29.830223095271503	18.717552967588045	18.970113652308125	32.48211028483233	0.0
194.0	28.266402714932127	18.707579185520363	21.521493212669686	31.504524886877828	0.0
195.0	28.730703259005146	20.26872498570612	19.18238993710692	31.818181818181817	0.0
196.0	30.81026528258362	20.271049596309112	18.353517877739332	30.565167243367934	0.0
197.0	28.361038203557886	19.78710994459026	20.078740157480315	31.773111694371536	0.0
198.0	28.896490184414038	20.984533016061867	19.51219512195122	30.606781677572876	0.0
199.0	28.611500701262273	21.115786192925043	19.760012466884838	30.512700638927846	0.0
200.0	24.06609195402299	18.714080459770116	22.611350574712645	34.60847701149425	0.0
201.0	31.25460348637368	17.775595384237665	18.65946476798429	32.31033636140437	0.0
202.0	30.62484564089899	17.584588787354903	21.23981229933317	30.55075327241294	0.0
203.0	30.386052303860524	19.726027397260275	19.028642590286427	30.859277708592774	0.0
204.0	32.069311903566046	18.307383224510296	21.346057257659467	28.27724761426419	0.0
205.0	29.8334174659263	16.935890964159515	23.624432104997474	29.606259464916707	0.0
206.0	30.608607079195316	20.600967659791188	20.600967659791188	28.189457601222305	0.0
207.0	28.670431211498975	19.35318275154004	20.405544147843944	31.57084188911704	0.0
208.0	26.11959616878074	18.301837949779966	22.34015014237639	33.2384157390629	0.0
209.0	27.376921073196144	18.33810888252149	21.20343839541547	33.08153164886689	0.0
210.0	29.247764334560756	17.96422935297212	20.88374539715939	31.90426091530773	0.0
211.0	31.279872543813063	18.295273499734467	19.437068507700477	30.987785448751993	0.0
212.0	27.119098712446355	17.757510729613735	21.861587982832617	33.261802575107296	0.0
213.0	28.157965918312144	20.773600216391667	18.853124154720042	32.21530971057614	0.0
214.0	29.11635565312843	22.420417124039517	19.676180021953897	28.787047200878156	0.0
215.0	28.05755395683453	18.566685113447704	18.649695628112894	34.72606530160487	0.0
216.0	29.893736017897094	18.036912751677853	22.56711409395973	29.502237136465325	0.0
217.0	26.320272572402043	20.13060760931289	23.850085178875638	29.699034639409426	0.0
218.0	25.490770583064755	19.92382068561383	19.191327278054498	35.39408145326692	0.0
219.0	21.574344023323615	22.060252672497572	24.9757045675413	31.389698736637513	0.0
220.0	12.563580874872837	26.347914547304168	20.54933875890132	40.53916581892167	0.0
