# Position (bp)	A	C	G	T	N
0.0	43.99627676078188	15.761712690040335	18.802358051504807	21.439652497672977	0.0
1.0	21.581037478282454	37.20526185157607	21.13427649540829	20.079424174733184	0.0
2.0	26.870011755243457	32.846625007733714	14.84872857761554	25.43463465940729	0.0
3.0	41.32180358245831	16.300185299567634	17.78875849289685	24.589252625077208	0.0
4.0	42.6974618662385	15.080590378558636	14.944729203977028	27.27721855122584	0.0
5.0	24.101740955673538	32.60279046795901	16.292134831460675	27.003333744906776	0.0
6.0	24.671397716754086	34.23634680654119	16.79728478864548	24.29497068805924	0.0
7.0	43.19471865745311	17.096495557749257	15.23938795656466	24.46939782823297	0.0
8.0	42.80604378661733	16.0345359235276	15.442491520197349	25.716928769657727	0.0
9.0	23.813339908765872	32.32647022561953	16.73653063740599	27.12365922820861	0.0
10.0	22.606874461007763	14.075397314278673	16.72415917210792	46.593569052605645	0.0
11.0	22.450612345375102	15.773278355591113	15.650193858083576	46.12591544095021	0.0
12.0	22.6962562242577	14.802975348865802	17.163582713468987	45.337185713407514	0.0
13.0	24.605755660551022	32.110204332085665	16.972448916978585	26.311591090384734	0.0
14.0	24.62293071735132	14.97854077253219	35.37093807480073	25.027590435315755	0.0
15.0	39.1046055854973	17.252572268495836	17.375061244487995	26.267760901518862	0.0
16.0	22.105971610376894	16.660548213411648	16.385217816935878	44.84826235927557	0.0
17.0	24.961790059301826	31.277129057895703	16.518921562633736	27.242159320168735	0.0
18.0	21.836622472047413	17.498625282580804	16.997617156473392	43.6671350888984	0.0
19.0	23.83568333028139	34.4869681987426	15.54049929805286	26.136849172923153	0.0
20.0	23.2387923147301	15.858493443122903	16.395242451967064	44.507471790179935	0.0
21.0	23.346516580468514	16.057195010648005	18.351080012169152	42.24520839671433	0.0
22.0	24.811481391388956	14.698370226222329	33.30090002432498	27.189248358063733	0.0
23.0	22.794430595245334	16.422447862832126	17.060862163312457	43.722259378610076	0.0
24.0	42.2971741112124	13.971437253114555	16.900638103919782	26.830750531753267	0.0
25.0	25.312841696027217	15.386951767707446	31.64257076904386	27.65763576722148	0.0
26.0	42.47115968427444	14.942319368548876	15.021250758955675	27.565270188221007	0.0
27.0	23.608666626206226	16.677793287613035	14.523274867997815	45.19026521818292	0.0
28.0	23.397027600849256	31.91386108583561	13.812556869881712	30.876554443433424	0.0
29.0	25.31070021218551	13.307062746286755	15.046983934525615	46.335253107002124	0.0
30.0	24.360765259641664	15.463103552991194	31.217734588521107	28.958396598846036	0.0
31.0	26.276750972762645	13.545719844357976	15.120379377431906	45.05714980544747	0.0
32.0	24.152825941473505	16.268175457808603	14.412605706637462	45.166392894080424	0.0
33.0	24.639620461042515	33.416458852867834	14.086734383553312	27.85718630253634	0.0
34.0	26.246209824135843	14.2874469375379	16.743480897513642	42.72286234081261	0.0
35.0	24.06475474443703	32.268235008791606	15.406536106226884	28.260474140544474	0.0
36.0	24.93632504548211	14.02061855670103	15.288053365676168	45.75500303214069	0.0
37.0	43.02975106253795	16.879174256223436	15.069823922282938	25.021250758955677	0.0
38.0	41.39438843677882	16.688934774687233	14.247540386250456	27.669136402283495	0.0
39.0	43.10020052257398	15.835206902837697	13.908974904296045	27.155617670292276	0.0
40.0	23.88533089356511	32.16224458676425	17.212564806343398	26.739859713327235	0.0
41.0	24.90517557812309	13.403890860149273	35.501040009788326	26.189893551939313	0.0
42.0	43.36500153233221	14.434569414649095	16.20594544897334	25.99448360404536	0.0
43.0	43.41013824884792	15.944700460829491	15.410138248847927	25.23502304147465	0.0
44.0	27.025691699604742	32.36783596837945	13.753705533596838	26.85276679841897	0.0
45.0	31.468882045405717	15.440807849316048	17.195445104920147	35.89486500035809	0.0
46.0	29.12963643040764	17.326478149100257	18.51634226955564	35.02754315093647	0.0
47.0	31.23226288274832	17.580283793876028	19.2083644510829	31.979088872292756	0.0
48.0	28.26005542655981	19.41427608418845	17.75147928994083	34.574189199310915	0.0
49.0	29.905561385099684	17.83840503672613	19.577274771398592	32.6787588067756	0.0
50.0	28.46326836581709	22.008995502248876	17.75862068965517	31.76911544227886	0.0
51.0	29.03854807259637	19.146542672866357	18.344082795860206	33.47082645867707	0.0
52.0	30.285071267816953	17.936984246061517	18.88972243060765	32.88822205551388	0.0
53.0	30.548675223298055	18.224123695864293	19.627711476394204	31.59948960444344	0.0
54.0	27.52969478273944	22.252292888287474	19.523379942865734	30.69463238610735	0.0
55.0	30.44360902255639	18.518796992481203	18.93233082706767	32.10526315789474	0.0
56.0	28.069515498043934	19.553114655431838	19.929280770388203	32.44808907613602	0.0
57.0	30.719397363465163	17.77777777777778	19.088512241054616	32.41431261770245	0.0
58.0	30.4583835946924	18.667068757539205	18.252412545235224	32.62213510253317	0.0
59.0	28.043445466887917	18.411525116910546	21.285261728767537	32.25976768743401	0.0
60.0	29.169811320754718	17.433962264150942	20.78490566037736	32.611320754716985	0.0
61.0	29.933564849765965	17.51472142533595	20.806281141476674	31.74543258342141	0.0
62.0	28.365420913552285	19.418648546621366	19.901849754624386	32.314080785201966	0.0
63.0	33.6830980599381	16.954782214841096	19.461010040009057	29.901109685211747	0.0
64.0	27.974616604970915	18.5691621968724	21.90073279443983	31.555488403716854	0.0
65.0	29.906330261368787	18.915243994561113	20.10122374981115	31.077201994258953	0.0
66.0	29.03225806451613	16.574752587444287	21.485230792475637	32.90775855556395	0.0
67.0	29.325978540123927	17.71951035212332	19.2987758803083	33.65573522744446	0.0
68.0	26.720617153229465	19.361669944032673	20.24655876569354	33.67115413704432	0.0
69.0	26.921912832929785	19.922820823244553	20.86864406779661	32.28662227602905	0.0
70.0	27.005145278450364	19.77905569007264	19.975786924939467	33.240012106537534	0.0
71.0	29.182437547312638	19.55336866010598	19.727479182437545	31.53671461014383	0.0
72.0	28.93181818181818	19.075757575757578	20.87121212121212	31.12121212121212	0.0
73.0	29.510309278350515	18.79169193450576	19.822619769557306	31.875379017586415	0.0
74.0	29.348403246605475	18.11423803383145	21.535310627323067	31.00204809224001	0.0
75.0	29.795144157814875	18.330804248861913	21.282245827010623	30.591805766312596	0.0
76.0	29.626537118566876	18.84013966904509	19.196902990739336	32.3364202216487	0.0
77.0	29.48055893074119	19.760024301336575	18.484204131227216	32.27521263669502	0.0
78.0	28.640850417615795	19.27107061503417	19.491268033409266	32.59681093394077	0.0
79.0	28.397781660715644	19.835903669376282	18.14935804907696	33.61695662083112	0.0
80.0	29.122967016263868	16.84906520747834	21.120231038151697	32.907736738106095	0.0
81.0	25.81945395087079	18.34360027378508	20.480644915963193	35.35630085938094	0.0
82.0	29.832572298325722	17.442922374429223	20.04566210045662	32.67884322678844	0.0
83.0	29.076934784262992	18.826573320143066	21.634578799178144	30.4619130964158	0.0
84.0	28.15548780487805	18.475609756097562	20.27439024390244	33.09451219512195	0.0
85.0	30.48156910631153	16.88926200106846	20.285430817370067	32.343738075249945	0.0
86.0	30.02214247537604	17.22531877529205	20.920821562189815	31.831717187142093	0.0
87.0	32.02779050236677	17.91876622385097	21.713238662391205	28.34020461139105	0.0
88.0	32.39899182769419	19.086534789582217	17.635377682731228	30.879095699992366	0.0
89.0	30.94509863893562	17.112708365193456	18.7566906254779	33.185502370393024	0.0
90.0	29.15487571701721	17.31548757170172	20.260038240917783	33.269598470363285	0.0
91.0	28.69605142332415	19.65105601469238	17.049280685644323	34.603611876339144	0.0
92.0	29.04484922700138	17.66416653910914	18.42185825807439	34.86912597581509	0.0
93.0	31.214581099708994	17.368662888650636	19.535916679430233	31.880839332210137	0.0
94.0	29.406357717349675	17.319034852546917	19.70892378399081	33.565683646112596	0.0
95.0	29.99003907746533	16.987204045667	20.46586468469849	32.55689219216919	0.0
96.0	29.206592564200847	16.926025297048678	19.816021464162514	34.05136067458797	0.0
97.0	29.606625258799173	17.513994325588527	20.634920634920633	32.24445978069166	0.0
98.0	30.346732126419145	19.131635471003374	19.146977600490946	31.374654802086532	0.0
99.0	29.606323382702787	18.525055636558974	20.190315401734328	31.67830557900391	0.0
100.0	30.87816516585854	16.22412068036635	19.379665973985993	33.51804817978912	0.0
101.0	31.110596588716522	18.962722852512158	19.201975765995215	30.7247047927761	0.0
102.0	30.574481263549085	16.282130690616288	20.0294208733354	33.11396717249922	0.0
103.0	27.336901714374367	20.25444108292607	19.525250174540375	32.883407028159176	0.0
104.0	27.63639193711573	17.791267802941864	20.28951669390614	34.28282356603627	0.0
105.0	29.079840786701006	17.64614063841411	19.979708108951847	33.29431046593304	0.0
106.0	32.068965517241374	18.189655172413794	17.9153605015674	31.82601880877743	0.0
107.0	28.76787678767877	19.25978312116926	19.14977212006915	32.82256797108282	0.0
108.0	32.95239596469104	17.961853720050442	17.488965952080708	31.596784363177804	0.0
109.0	29.646332779492045	17.556768731703457	19.503125247250573	33.29377324155392	0.0
110.0	26.859274545598854	18.6046511627907	20.842924041590603	33.69315025001984	0.0
111.0	31.2007639054667	17.728972706294265	19.909286225829554	31.160977162409488	0.0
112.0	28.0622009569378	19.322169059011166	19.513556618819777	33.10207336523126	0.0
113.0	29.139337705967044	17.941129419292913	18.461046232602783	34.45848664213726	0.0
114.0	30.99935835739493	17.308309271735645	18.79210779595765	32.900224574911775	0.0
115.0	27.000321336760923	20.043380462724937	18.292095115681235	34.664203084832906	0.0
116.0	29.700096742986133	17.93776201225411	18.550467591099647	33.81167365366011	0.0
117.0	30.86060606060606	19.296969696969697	19.167676767676767	30.674747474747477	0.0
118.0	29.571416997488452	15.968565178643765	20.52985497853034	33.930162845337435	0.0
119.0	25.45882735098262	19.38444047425694	23.972713984083157	31.184018190677275	0.0
120.0	27.714471756470783	20.413478756307992	20.486732866677517	31.38531662054371	0.0
121.0	30.00734873846656	19.139381072915814	18.771944149587654	32.08132603902997	0.0
122.0	27.47810428092003	17.729393468118197	20.08676434476549	34.70573790619628	0.0
123.0	30.671819751665158	17.210755694433026	19.126716552915056	32.990708000986764	0.0
124.0	30.1880567469482	17.345760475090728	20.10062685582316	32.36555592213791	0.0
125.0	27.126075446724023	18.621773659827927	19.134679020516216	35.11747187293183	0.0
126.0	30.200896563174496	18.454258675078865	18.437655653328903	32.90718910841773	0.0
127.0	29.2877967513536	17.251145356101624	20.36651395251978	33.09454394002499	0.0
128.0	29.72927807486631	17.68883689839572	19.93649732620321	32.64538770053476	0.0
129.0	30.648544340968204	17.560198003188187	18.457924322510276	33.33333333333333	0.0
130.0	30.06238408362839	18.639352554375314	17.172483560950937	34.125779801045354	0.0
131.0	31.315010570824526	18.849894291754758	19.357293868921776	30.477801268498943	0.0
132.0	28.968152866242036	18.148619957537154	21.8343949044586	31.048832271762205	0.0
133.0	29.453924914675767	20.383959044368602	19.138225255972696	31.02389078498293	0.0
134.0	27.34281308891554	19.667637485009422	18.939523727942436	34.0500256981326	0.0
135.0	29.201030927835053	17.010309278350515	20.66151202749141	33.12714776632302	0.0
136.0	28.284482758620687	17.79310344827586	18.99137931034483	34.93103448275862	0.0
137.0	29.289608029765514	16.267197369559575	19.079345850999392	35.36384874967552	0.0
138.0	27.895467963188054	17.225212710540024	19.699600625108527	35.179718701163395	0.0
139.0	29.222193188746626	17.8468774496995	19.980837906105737	32.95009145544813	0.0
140.0	29.808616621515338	18.019750065542254	21.288123743773486	30.883509569168925	0.0
141.0	30.780701754385966	18.70175438596491	19.885964912280702	30.63157894736842	0.0
142.0	32.5214014650075	17.35945635866208	18.021357338275525	32.09778483805489	0.0
143.0	33.81479840496234	19.335400974745237	19.01639344262295	27.83340717766947	0.0
144.0	32.14063195371607	17.783711615487316	17.45438362260792	32.62127280818869	0.0
145.0	31.00948630749955	18.292464650080547	18.122427062824414	32.57562197959549	0.0
146.0	29.06474820143885	18.992805755395683	19.08273381294964	32.85971223021583	0.0
147.0	28.310584832323965	18.855644942601465	18.909879779444996	33.92389044562958	0.0
148.0	29.90374137304758	18.23465310570287	19.306211405739194	32.55539411551035	0.0
149.0	30.779766252739226	19.238495252008768	17.722790357925494	32.25894813732651	0.0
150.0	27.677916360968453	18.085106382978726	19.71753484959648	34.51944240645635	0.0
151.0	29.103790945896208	18.375046006624952	21.11704085388296	31.404122193595878	0.0
152.0	28.902641788287458	18.196933308701276	17.365601330131167	35.5348235728801	0.0
153.0	30.018552875695732	17.708719851576994	20.12987012987013	32.142857142857146	0.0
154.0	29.80231256993659	17.428198433420366	19.255874673629243	33.513614323013805	0.0
155.0	28.859501031701367	20.155693115738135	18.092290377039955	32.89251547552054	0.0
156.0	29.796264855687603	17.11941143180532	20.222599509526503	32.86172420298057	0.0
157.0	30.73716126587076	18.419556566230813	19.386014781125642	31.457267386772784	0.0
158.0	28.892272554244386	20.755614769699278	18.62390559573658	31.72820708031976	0.0
159.0	33.17376735280038	16.218286261369073	19.961704164672092	30.64624222115845	0.0
160.0	27.835447904652057	18.40638216070742	21.366782006920417	32.3913879277201	0.0
161.0	28.690108191653785	17.658423493044822	20.517774343122102	33.13369397217929	0.0
162.0	30.681818181818183	18.094405594405593	20.104895104895103	31.11888111888112	0.0
163.0	29.6075751659508	17.942210074189767	19.699336196798125	32.750878563061306	0.0
164.0	28.46070832924556	17.443343471009516	20.151084077307956	33.94486412243697	0.0
165.0	28.45456337472896	16.479400749063668	21.210329193770942	33.85570668243643	0.0
166.0	27.101693236954155	18.645410436676897	21.071393207248242	33.181503119120705	0.0
167.0	28.470494576574783	17.762961488705344	21.335456264304906	32.43108767041497	0.0
168.0	29.55113465960212	18.024592622213337	18.944316704988502	33.479956013196045	0.0
169.0	26.37771520514883	17.960579243765086	21.540627514078842	34.121078037007244	0.0
170.0	28.541054976207352	16.847220816037257	19.65171610813	34.9600080996254	0.0
171.0	30.429910350448246	17.34922575387123	18.510594947025265	33.71026894865526	0.0
172.0	29.53846153846154	19.056410256410256	17.384615384615383	34.02051282051282	0.0
173.0	27.71868222658267	17.52556026024992	19.353506144789836	35.40225136837757	0.0
174.0	31.210986267166042	18.820224719101123	18.684977111943404	31.28381190178943	0.0
175.0	28.776601320893175	17.496592934269838	20.74640947688437	32.980396267952614	0.0
176.0	29.367088607594937	17.5210970464135	17.41561181434599	35.69620253164557	0.0
177.0	28.15688775510204	19.717261904761905	19.132653061224488	32.99319727891156	0.0
178.0	27.712264150943394	20.154373927958833	19.939965694682677	32.193396226415096	0.0
179.0	29.291406418264053	17.714839543398664	20.417833297437003	32.57592074090028	0.0
180.0	31.16122736636669	15.472189092486177	19.74411796595468	33.62246557519246	0.0
181.0	29.010797251608683	18.79158032500818	18.039044606827353	34.158577816555784	0.0
182.0	29.835164835164836	18.12087912087912	20.032967032967033	32.01098901098901	0.0
183.0	30.100853374709075	20.425579075695445	19.051313310428906	30.422254239166573	0.0
184.0	32.29189912965856	18.433385405043516	17.97589823700067	31.298817228297253	0.0
185.0	29.036970446117543	19.78874030789976	20.923699292055286	30.25058995392741	0.0
186.0	29.73889454052221	18.232169096868994	21.069289024528086	30.959647338080703	0.0
187.0	30.675614194722474	20.96223839854413	17.686533212010918	30.675614194722474	0.0
188.0	30.191272477379457	17.477952124613445	19.207421830259992	33.12335356774711	0.0
189.0	29.723795215532185	19.241881428406334	19.54235525251358	31.4919681035479	0.0
190.0	30.47275267815557	18.421052631578945	18.572426641825803	32.53376804843968	0.0
191.0	28.636790239324263	18.113561708118255	19.07555138432661	34.17409666823088	0.0
192.0	31.433649289099524	18.16350710900474	18.139810426540283	32.263033175355446	0.0
193.0	29.56989247311828	18.004778972520906	19.60573476702509	32.81959378733572	0.0
194.0	29.679980750721846	18.479307025986525	20.39220404234841	31.448508180943215	0.0
195.0	28.632218844984802	20.83890577507599	19.45288753799392	31.07598784194529	0.0
196.0	29.489695780176646	20.191364082433758	18.743866535819432	31.575073601570168	0.0
197.0	28.39751552795031	19.77639751552795	20.39751552795031	31.428571428571427	0.0
198.0	28.618630067352903	21.311475409836063	19.303596390901003	30.766298131910023	0.0
199.0	29.291443850267378	21.711229946524064	18.877005347593585	30.120320855614974	0.0
200.0	23.7183446571958	19.132180358245833	21.43298332303891	35.716491661519456	0.0
201.0	30.22107748443872	17.213994419403306	19.317450096587248	33.24747799957073	0.0
202.0	31.38607458503988	17.654666954084934	20.45699504203492	30.50226341884027	0.0
203.0	30.906324712019128	18.77852640730276	19.669637035427083	30.645511845251033	0.0
204.0	32.9612606697308	17.531188443860803	21.18625519807398	28.32129568833443	0.0
205.0	29.73748069711008	17.1409662475182	24.067946172512684	29.053606882859036	0.0
206.0	29.550511793502448	21.428571428571427	20.516243880729863	28.504672897196258	0.0
207.0	30.087306917394223	18.871725990597714	20.416386836803223	30.624580255204837	0.0
208.0	28.71667419792137	18.50429281518301	21.48666967916855	31.292363307727065	0.0
209.0	27.343215507411628	19.977194982896236	20.775370581527934	31.904218928164198	0.0
210.0	29.753399400783593	17.354229085042636	20.41945148651763	32.472920027656144	0.0
211.0	30.573694029850746	18.936567164179106	20.17257462686567	30.317164179104477	0.0
212.0	27.599155127904247	17.43722130955175	22.55339122271767	32.41023233982634	0.0
213.0	28.73372781065089	19.597633136094675	18.98224852071006	32.68639053254438	0.0
214.0	30.028666985188725	21.954132823698043	20.18633540372671	27.830864787386528	0.0
215.0	28.84383297127685	19.888969345884625	18.12696113927106	33.14023654356746	0.0
216.0	30.258662762323084	18.570034163006344	22.3767691556857	28.79453391898487	0.0
217.0	27.107684655558316	19.845809500124346	23.72544143247948	29.32106441183785	0.0
218.0	26.45774466992037	18.520421268944258	20.010274852299	35.011559208836374	0.0
219.0	23.48764555523999	23.004828173814257	23.970462936665722	29.537063334280035	0.0
220.0	12.850366537300562	25.571366968520913	19.79301423027167	41.785252263906855	0.0
