# Position (bp)	A	C	G	T	N
0.0	54.63776902091543	11.639890876023037	15.368293422249165	18.354046680812367	0.0
1.0	16.853591997575023	51.77326462564413	17.217338587450744	14.155804789330102	0.0
2.0	21.753540222958723	47.22808074721301	12.398312744802652	18.62006628502561	0.0
3.0	52.27579990986931	14.225627159381101	13.159080666967101	20.339492263782486	0.0
4.0	53.745683831256564	13.271280588500225	13.856778261522292	19.126257318720914	0.0
5.0	21.29032258064516	43.46586646661665	12.843210802700675	22.40060015003751	0.0
6.0	17.67086330935252	46.94244604316547	13.519184652278177	21.867505995203835	0.0
7.0	51.84907920347357	13.190597394819584	14.762689025303189	20.197634376403652	0.0
8.0	54.3455497382199	13.507853403141363	13.283470456245325	18.86312640239342	0.0
9.0	20.35570168883575	45.06052906889852	12.449559109251233	22.1342101330145	0.0
10.0	18.63520979543079	9.959683440346424	14.991787367477974	56.41331939674481	0.0
11.0	17.290765328957182	13.799791138296285	12.084141429210801	56.82530210353573	0.0
12.0	19.719988084599343	11.140899612749479	12.913315460232349	56.22579684241883	0.0
13.0	20.832095096582467	43.22436849925706	13.417533432392274	22.526002971768204	0.0
14.0	20.05930318754633	13.936249073387694	46.65678280207561	19.347664936990363	0.0
15.0	49.9778532408091	14.675919090506422	14.794035139524583	20.5521925291599	0.0
16.0	18.187177597641856	14.325718496683862	14.546794399410464	52.940309506263816	0.0
17.0	22.39047339017936	43.31079094384005	12.084680976183476	22.21405468979712	0.0
18.0	18.28193832599119	13.31864904552129	14.008810572687224	54.390602055800294	0.0
19.0	21.275659824046922	45.6158357771261	13.357771260997067	19.75073313782991	0.0
20.0	19.271290605794555	15.466783728416738	12.70119988293825	52.56072578285045	0.0
21.0	18.60397196261682	13.872663551401871	14.865654205607475	52.657710280373834	0.0
22.0	20.431675659909583	12.294006125127607	45.4280297506198	21.846288464343008	0.0
23.0	18.84564932225623	15.784871010056841	13.94840402273721	51.421075644949724	0.0
24.0	51.725644386194844	10.950924712392602	14.5187126838503	22.804718217562254	0.0
25.0	19.58732926474862	12.438244696309212	43.85353095030514	24.120895088637024	0.0
26.0	52.31394167996518	10.851588568112577	14.028724793268532	22.805744958653705	0.0
27.0	18.541606262684837	16.468541606262686	11.945491446796174	53.04436068425631	0.0
28.0	19.26472716746273	43.522941091330146	10.768562744246635	26.443768996960486	0.0
29.0	22.31858918762648	9.641514888696156	12.156692685747327	55.88320323793003	0.0
30.0	21.04652848238875	12.871430642122048	42.426438614291925	23.655602261197277	0.0
31.0	21.65428862676569	10.35386631716907	13.499344692005241	54.49250036405999	0.0
32.0	20.172741911872347	13.350900307422048	12.750695359391012	53.72566242131459	0.0
33.0	21.884185773074663	44.650205761316876	12.00764256319812	21.457965902410347	0.0
34.0	22.558723592849756	12.099276111685626	13.517506278623134	51.824494016841484	0.0
35.0	20.63867534003548	43.7906564163217	12.12300413956239	23.447664104080427	0.0
36.0	18.858413639733136	13.343217197924389	13.728687916975538	54.069681245366944	0.0
37.0	51.57879058683348	15.058087578194817	13.10694072088174	20.256181114089962	0.0
38.0	51.13297555158021	15.041741204531903	11.762075134168157	22.06320810971974	0.0
39.0	53.27256425582786	13.433950986252242	10.639569635385534	22.653915122534368	0.0
40.0	19.946091644204852	44.309673554956575	13.731656184486374	22.0125786163522	0.0
41.0	19.772899318697956	11.264193792581379	47.49432248296745	21.468584405753216	0.0
42.0	55.34629404617254	12.165856622114216	12.454434993924666	20.033414337788578	0.0
43.0	54.37547892720307	14.206896551724139	12.076628352490422	19.340996168582375	0.0
44.0	20.782019704433495	45.073891625615765	11.222290640394089	22.92179802955665	0.0
45.0	29.478032294404805	12.917761922643637	13.443484791588434	44.16072099136312	0.0
46.0	28.893306825712394	14.402474044621162	23.105809586922906	33.59840954274354	0.0
47.0	33.78502526412494	17.547083141938447	19.499310978410655	29.16858061552595	0.0
48.0	28.117756142790913	22.11404728789986	19.541029207232267	30.227167362076955	0.0
49.0	26.298394711992444	20.561850802644006	18.814919735599624	34.32483474976393	0.0
50.0	25.79957356076759	23.92797915185975	17.555081734186214	32.717365553186454	0.0
51.0	26.947974106928797	19.683529129705107	16.350994965236154	37.01750179812994	0.0
52.0	26.265060240963855	17.80722891566265	21.831325301204817	34.096385542168676	0.0
53.0	30.050687907313538	19.261404779145547	21.868211440984794	28.819695872556117	0.0
54.0	29.43322792507906	23.497932376550718	18.170761371928972	28.898078326441258	0.0
55.0	31.343283582089555	16.73599217029606	20.161487643748472	31.759236603865915	0.0
56.0	27.281721493940143	18.748454118229038	23.20059361860005	30.76923076923077	0.0
57.0	32.546583850931675	18.385093167701864	19.60248447204969	29.46583850931677	0.0
58.0	28.675363773206218	21.751128951329655	17.41093828399398	32.162568991470145	0.0
59.0	26.54710785551907	20.661783278605707	20.71230108613286	32.078807779742355	0.0
60.0	28.854457708915415	18.237236474472947	19.0246380492761	33.88366776733554	0.0
61.0	26.191082802547772	17.936305732484076	22.828025477707005	33.04458598726115	0.0
62.0	29.138731304796288	20.165033522434246	20.65497679216091	30.04125838060856	0.0
63.0	33.342009370119726	17.621030713170224	19.54711087975013	29.489849036959914	0.0
64.0	28.20177731312075	19.419759539989546	21.510716152639834	30.867746994249867	0.0
65.0	29.13716233936533	18.75163912929452	21.47915027537372	30.63204825596643	0.0
66.0	29.180932314985515	16.53937318936002	22.64946010007901	31.630234395575453	0.0
67.0	29.55390334572491	17.578332448220923	20.047796070100905	32.81996813595327	0.0
68.0	25.36676447052547	19.52520672179248	20.245398773006134	34.86263003467591	0.0
69.0	27.016129032258064	19.489247311827956	21.586021505376344	31.908602150537636	0.0
70.0	29.155387114239307	20.005414185165133	18.81429344883595	32.02490525175961	0.0
71.0	26.398026315789476	22.450657894736842	19.43530701754386	31.716008771929825	0.0
72.0	28.170563961485556	18.679504814305364	20.687757909215957	32.46217331499312	0.0
73.0	27.902466057079522	17.67802715433638	22.998060404544198	31.421446384039903	0.0
74.0	30.516039051603904	16.652719665271967	20.86471408647141	31.966527196652724	0.0
75.0	28.491463755947382	21.102714805485586	22.55807444724321	27.847746991323817	0.0
76.0	30.573608363944615	19.440519920881606	18.59282283130828	31.3930488838655	0.0
77.0	29.64326160815402	20.838052095130237	18.7995469988675	30.719139297848248	0.0
78.0	30.011357183418514	20.556501987507097	18.3702441794435	31.061896649630892	0.0
79.0	29.55777460770328	18.830242510699	19.115549215406563	32.49643366619115	0.0
80.0	29.988564894225274	17.152658662092623	22.898799313893655	29.959977129788452	0.0
81.0	26.938541068351523	18.150488225157954	18.408960367604823	36.5020103388857	0.0
82.0	32.080924855491325	16.907514450867055	20.982658959537574	30.028901734104046	0.0
83.0	29.085062847120724	19.292604501607716	20.69570301081555	30.926629640456007	0.0
84.0	27.519151443724223	20.860341779611076	21.03712433706541	30.583382439599294	0.0
85.0	33.303703703703704	16.385185185185186	20.385185185185183	29.925925925925927	0.0
86.0	30.337414153478647	18.065094057927737	23.021797551507913	28.575694237085695	0.0
87.0	31.103074141048825	18.022905364677516	22.423146473779383	28.450874020494272	0.0
88.0	33.87829246139873	18.831365425370876	18.28640629730548	29.00393581592492	0.0
89.0	28.424242424242426	15.848484848484848	18.0	37.72727272727273	0.0
90.0	31.03448275862069	16.570033567287155	18.18736649374428	34.20811718034788	0.0
91.0	29.136029411764707	21.047794117647058	18.259803921568626	31.556372549019606	0.0
92.0	29.00339401419315	17.24776303609997	19.16075285405739	34.58809009564949	0.0
93.0	33.40563991323211	18.19026960024791	18.46916640842888	29.934924078091107	0.0
94.0	30.557294927989982	15.998747651847214	19.31747025673137	34.126487163431435	0.0
95.0	31.07344632768362	16.415568110483363	20.527306967984934	31.983678593848087	0.0
96.0	28.463476070528966	18.073047858942065	20.623425692695214	32.84005037783375	0.0
97.0	31.73501577287066	16.7192429022082	18.138801261829656	33.40694006309148	0.0
98.0	31.02572245157193	21.11781517942204	18.06922832645284	29.78723404255319	0.0
99.0	30.38621129907437	18.704117459304182	19.78933929141398	31.12033195020747	0.0
100.0	30.307889672867223	13.662604233483004	20.012828736369467	36.01667735728031	0.0
101.0	31.90460844344183	17.821463100225586	19.88398324202385	30.38994521430873	0.0
102.0	30.953926022063595	16.482803374432187	21.317326411421156	31.245944192083066	0.0
103.0	30.591677503250974	17.100130039011706	19.278283485045513	33.02990897269181	0.0
104.0	28.43617368592883	17.890956578517795	20.40483186418544	33.26803787136794	0.0
105.0	29.500657030223394	19.316688567674113	19.842312746386334	31.340341655716163	0.0
106.0	31.48697659083416	17.837124958786678	19.22189251566106	31.454005934718097	0.0
107.0	32.30921704658078	18.50016518004625	18.698381235546748	30.49223653782623	0.0
108.0	34.174692793092	18.26635669212886	15.941547658585186	31.617402856193955	0.0
109.0	30.653769179452965	18.97931954636424	20.38025350233489	29.986657771847895	0.0
110.0	26.48141948443254	20.455306327418814	19.85269501171744	33.2105791764312	0.0
111.0	30.6218487394958	18.11764705882353	19.126050420168067	32.134453781512605	0.0
112.0	26.675693974272175	18.85578876100203	20.92078537576168	33.547731888964115	0.0
113.0	29.64346349745331	19.422750424448218	18.268251273344653	32.66553480475382	0.0
114.0	30.2833731649027	17.446227381358824	19.11915329463981	33.15124615909867	0.0
115.0	28.032899246058946	18.574366004112406	19.739547635366687	33.65318711446196	0.0
116.0	29.36726272352132	19.429160935350755	18.088033012379643	33.11554332874828	0.0
117.0	30.72143596824301	19.019675526406626	19.019675526406626	31.239212978943737	0.0
118.0	28.526970954356845	15.145228215767634	21.991701244813278	34.33609958506224	0.0
119.0	24.00415656390717	20.956009698649115	25.805334257014202	29.23449948042951	0.0
120.0	26.240888580354042	21.763276640055537	21.936827490454704	30.059007289135714	0.0
121.0	29.28100034734283	18.895449808961445	18.825981243487323	32.9975686002084	0.0
122.0	29.608938547486037	16.864525139664803	22.381284916201118	31.145251396648042	0.0
123.0	33.18181818181819	17.692307692307693	18.11188811188811	31.01398601398601	0.0
124.0	32.21170697511391	17.52541184717841	20.46968103750438	29.793200140203297	0.0
125.0	28.059071729957807	19.057665260196906	19.760900140646974	33.12236286919831	0.0
126.0	30.804516584333097	19.089625970359915	18.34862385321101	31.75723359209598	0.0
127.0	30.31482136540502	19.384506544039617	20.516448532012735	29.784223558542628	0.0
128.0	30.94900849858357	16.643059490084987	19.759206798866856	32.64872521246459	0.0
129.0	30.031948881789138	18.53035143769968	17.536386226482072	33.90131345402911	0.0
130.0	28.693790149892934	18.843683083511777	16.916488222698074	35.54603854389722	0.0
131.0	30.782981766178047	19.556667858419736	18.80586342509832	30.854486950303894	0.0
132.0	30.86021505376344	16.881720430107528	21.182795698924732	31.0752688172043	0.0
133.0	29.048473967684025	21.436265709156192	19.71274685816876	29.80251346499102	0.0
134.0	25.504322766570603	21.50576368876081	19.4164265129683	33.57348703170029	0.0
135.0	26.931407942238266	16.895306859205775	20.108303249097474	36.064981949458485	0.0
136.0	25.723589001447177	17.329956584659914	21.273516642547033	35.67293777134587	0.0
137.0	28.561072852482784	16.310257339615802	20.224719101123593	34.90395070677782	0.0
138.0	30.065359477124183	19.1358024691358	19.680464778503996	31.11837327523602	0.0
139.0	27.9824881430135	18.38744983582634	18.606348048157606	35.02371397300255	0.0
140.0	28.330893118594435	17.240117130307468	20.75402635431918	33.67496339677892	0.0
141.0	30.26074182886522	16.92985677561513	19.206757253029746	33.6026441424899	0.0
142.0	31.489675516224192	15.117994100294984	20.02212389380531	33.37020648967551	0.0
143.0	32.77839437661857	18.423973362930077	18.64594894561598	30.15168331483537	0.0
144.0	30.99480326651819	17.4090571640683	17.928730512249444	33.667409057164065	0.0
145.0	28.07017543859649	19.111608809257184	18.77566256065696	34.04255319148936	0.0
146.0	28.865593410707604	18.494945713216023	19.69299887682516	32.94646199925121	0.0
147.0	31.017649267743145	17.98723244461134	17.949680811115286	33.04543747653023	0.0
148.0	26.963746223564954	20.58157099697885	20.090634441087612	32.364048338368576	0.0
149.0	29.833206974981046	18.84003032600455	17.778620166793026	33.548142532221384	0.0
150.0	29.212628375808293	17.91555724610118	17.91555724610118	34.95625713198935	0.0
151.0	28.598701794578083	18.82397861779305	20.389461626575027	32.18785796105384	0.0
152.0	27.70945426594927	19.792467332820905	17.794004611837046	34.70407378939277	0.0
153.0	31.339251254341953	17.908143573909687	18.06252412196063	32.69008104978773	0.0
154.0	31.576908175125922	16.27276249515692	21.03835722588144	31.111972103835722	0.0
155.0	30.544747081712064	20.817120622568094	17.276264591439688	31.361867704280154	0.0
156.0	31.572769953051644	15.062597809076683	18.857589984350547	34.50704225352113	0.0
157.0	29.418695993715634	18.224666142969365	21.091908876669287	31.264728986645718	0.0
158.0	29.20284135753749	23.086029992107342	15.193370165745856	32.51775848460932	0.0
159.0	37.54940711462451	13.162055335968379	18.972332015810274	30.31620553359684	0.0
160.0	26.023043305522446	19.427890345649583	23.083035359555026	31.46603098927294	0.0
161.0	29.46107784431138	18.283433133732537	20.798403193612774	31.457085828343313	0.0
162.0	31.129807692307693	17.828525641025642	20.873397435897438	30.16826923076923	0.0
163.0	29.295774647887324	17.263581488933603	17.022132796780685	36.41851106639839	0.0
164.0	31.191919191919194	15.11111111111111	21.656565656565657	32.04040404040404	0.0
165.0	31.538461538461537	16.88259109311741	21.619433198380566	29.959514170040485	0.0
166.0	28.635255889520717	19.212022745735176	20.349309504467914	31.8034118602762	0.0
167.0	27.398938342180486	20.130665577786854	21.84565128623928	30.624744793793386	0.0
168.0	29.02169463774048	17.724109701187064	19.852640196479737	33.40155546459271	0.0
169.0	26.866283839212468	17.883511074651352	20.057424118129614	35.192780968006566	0.0
170.0	30.271828665568368	16.186161449752884	19.110378912685338	34.43163097199341	0.0
171.0	32.20478943022296	17.91907514450867	16.143682906688685	33.732452518579684	0.0
172.0	30.223880597014922	19.776119402985074	16.376451077943617	33.623548922056386	0.0
173.0	28.93422148209825	17.77685262281432	18.90091590341382	34.388009991673606	0.0
174.0	29.47324414715719	20.861204013377925	18.01839464882943	31.64715719063545	0.0
175.0	27.86885245901639	19.756200084068936	20.51282051282051	31.862126944094154	0.0
176.0	29.662447257383967	19.57805907172996	18.565400843881857	32.19409282700422	0.0
177.0	27.593537414965986	21.683673469387756	18.83503401360544	31.887755102040817	0.0
178.0	27.094017094017094	20.213675213675213	19.871794871794872	32.82051282051282	0.0
179.0	26.523605150214593	18.583690987124463	24.163090128755364	30.72961373390558	0.0
180.0	30.371009490940466	14.452113891285592	22.7351164797239	32.44176013805004	0.0
181.0	27.635574837310195	20.3470715835141	18.828633405639913	33.18872017353579	0.0
182.0	31.562908141053548	17.283413147583804	20.15672616456247	30.996952546800173	0.0
183.0	28.246611281154347	22.824661128115434	20.638390905115873	28.290336685614342	0.0
184.0	30.408073716542344	19.70162351908732	18.34137779727951	31.54892496709083	0.0
185.0	27.86596119929453	20.72310405643739	23.14814814814815	28.26278659611993	0.0
186.0	30.05754758742806	18.282425852146968	22.35502434705622	29.30500221336875	0.0
187.0	29.79101823032459	21.56514006224989	17.341040462427745	31.302801244997774	0.0
188.0	28.316212594908443	19.651630192050025	19.56230460026798	32.46985261277356	0.0
189.0	30.20224719101123	17.393258426966295	20.404494382022474	32.0	0.0
190.0	31.73381620642825	16.930737890448167	19.420552286102307	31.914893617021278	0.0
191.0	27.239654388358343	20.236471123237834	20.100045475216007	32.42382901318781	0.0
192.0	31.23575011399909	19.1062471500228	20.383036935704517	29.2749658002736	0.0
193.0	30.596330275229356	18.853211009174313	21.009174311926607	29.541284403669728	0.0
194.0	28.847926267281103	19.907834101382488	23.732718894009217	27.51152073732719	0.0
195.0	27.865064695009238	18.299445471349355	21.025878003696857	32.809611829944544	0.0
196.0	27.86046511627907	18.46511627906977	22.697674418604652	30.976744186046513	0.0
197.0	28.424015009380867	19.324577861163228	22.88930581613508	29.362101313320828	0.0
198.0	27.769784172661872	21.58273381294964	20.81534772182254	29.832134292565947	0.0
199.0	28.106212424849698	22.194388777555112	19.238476953907817	30.460921843687377	0.0
200.0	28.205128205128204	15.034965034965033	21.794871794871796	34.96503496503497	0.0
201.0	29.396984924623116	18.425460636515915	18.425460636515915	33.75209380234506	0.0
202.0	35.684298908480265	16.204869857262803	17.548278757346765	30.56255247691016	0.0
203.0	35.21482729570346	17.354675652906487	19.62931760741365	27.80117944397641	0.0
204.0	35.33898305084745	16.779661016949152	22.6271186440678	25.254237288135595	0.0
205.0	34.641638225255974	16.723549488054605	23.378839590443686	25.25597269624573	0.0
206.0	30.72961373390558	19.313304721030043	20.257510729613735	29.69957081545064	0.0
207.0	27.979274611398964	21.502590673575128	16.580310880829018	33.93782383419689	0.0
208.0	27.801911381407475	16.85490877497828	21.720243266724587	33.622936576889664	0.0
209.0	25.435540069686414	19.77351916376307	18.466898954703833	36.32404181184669	0.0
210.0	27.685589519650655	16.06986899563319	19.912663755458514	36.33187772925764	0.0
211.0	31.541850220264315	18.237885462555067	20.176211453744493	30.04405286343612	0.0
212.0	27.925531914893615	16.134751773049647	24.29078014184397	31.648936170212767	0.0
213.0	28.138913624220834	20.926090828138914	17.6313446126447	33.30365093499555	0.0
214.0	28.392857142857142	25.892857142857146	18.928571428571427	26.785714285714285	0.0
215.0	30.07181328545781	23.24955116696589	17.684021543985637	28.994614003590662	0.0
216.0	32.7321911632101	16.411181244364293	18.034265103697024	32.82236248872859	0.0
217.0	25.844748858447485	18.08219178082192	23.470319634703195	32.602739726027394	0.0
218.0	25.679475164011244	18.837863167760073	20.149953139643863	35.33270852858482	0.0
219.0	16.83673469387755	21.3265306122449	26.836734693877553	35.0	0.0
220.0	0.1455604075691412	29.694323144104807	26.055312954876275	44.10480349344978	0.0
