# Position (bp)	A	C	G	T	N
0.0	26.58776859504132	24.230082644628098	25.66479338842975	23.517355371900827	0.0
1.0	26.919383903087063	20.484827758559458	15.576045352309048	37.01974298604443	0.0
2.0	27.770211874394363	20.52091244794804	17.668857868685016	34.037398842416785	0.0026189665557970823
3.0	24.374942939496304	21.88514861815763	15.448723801077302	38.28988040118425	0.0013042400845147575
4.0	33.55051813471503	15.637305699481866	14.261658031088084	36.54792746113989	0.0025906735751295338
5.0	35.47312563748338	14.954875860199088	22.196687023097876	27.37272926807225	0.0025822111474055236
6.0	31.41273739568734	17.408802767098276	21.321572308444022	29.856887528770365	0.0
7.0	34.98156304414627	17.844156509269695	19.84149339342415	27.331506709003378	0.0012803441565092696
8.0	24.821444542399735	26.731572693472344	21.222226481147864	27.22347860528703	0.0012776776930251575
9.0	28.06925766197974	18.660525174164903	16.557787021206014	36.711154209304105	0.0012759333452420445
10.0	26.94801472555189	16.83120390303555	25.657618180196934	30.560615517878297	0.002547673337324688
11.0	27.24808815483083	19.490004962526562	20.347631347898563	32.91427553474405	0.0
12.0	26.894815794157278	20.617324756553355	21.119473189087486	31.368386260201873	0.0
13.0	26.788594652949772	22.0461040198133	18.83660379754874	32.32869752968819	0.0
14.0	30.592493808344447	19.918714675811266	20.09779640566457	29.39099511017972	0.0
15.0	29.802502063885182	19.13507334730425	19.25700133358735	31.805423255223218	0.0
16.0	29.86600622340763	17.88023115514066	19.180796342160413	33.07296627929129	0.0
17.0	29.529434177938658	19.025846192925634	21.08846129421477	30.356258334920938	0.0
18.0	31.805423255223218	18.51527275036515	18.607988823267924	31.07131517114371	0.0
19.0	30.553121229440528	19.08427001968629	19.61643487648441	30.74617387438877	0.0
20.0	30.706801295484855	17.284562138820093	20.201943227281387	31.806693338413666	0.0
21.0	28.584492284244618	18.111386295802376	19.436083063440655	33.8667682733219	0.0012700831904489743
22.0	28.509557376008125	19.160475011113228	20.511843525750937	31.818124087127707	0.0
23.0	30.000635041595224	17.516987362672253	20.156220232425223	32.32488728011685	0.0012700831904489743
24.0	30.577252810059058	18.296818441607925	19.66850828729282	31.457420461040197	0.0
25.0	29.378294278275224	18.306979107131514	19.259541499968247	33.05264494824411	0.0025401663808979486
26.0	30.44135390868102	17.69606909252556	21.413602590969706	30.448974407823716	0.0
27.0	29.152219470375307	18.517812916746045	20.52200419127453	31.807963421604114	0.0
28.0	30.20511843525751	17.730361338667684	20.412777036895914	31.651743189178895	0.0
29.0	29.85533384984695	18.56019712191838	19.177473232316817	32.40699579591785	0.0
30.0	30.00101620852599	18.046593160916622	19.243178700269294	32.7092119302881	0.0
31.0	29.906245236038416	18.778901366939376	19.62752172366482	31.68606128360181	0.001270389755577011
32.0	29.301078684233932	19.697104450684183	18.93351290228315	32.06703342777644	0.0012705350222978896
33.0	30.317317101066195	17.58142608430443	19.449492318054162	32.65176449657521	0.0
34.0	29.315604820257285	19.014084507042252	19.526363959932883	32.14394671276758	0.0
35.0	30.45896369620124	17.951628951195246	19.30122203229839	32.28690971247799	0.0012756078271296272
36.0	31.45702975354361	17.9478993742817	18.48167539267016	32.11339547950453	0.0
37.0	28.800756636546055	19.67766260656178	19.31595966309224	32.20562109379993	0.0
38.0	30.453585823043948	18.46075107158851	19.795278613012606	31.290384492354935	0.0
39.0	30.592307692307692	18.665384615384614	18.944871794871794	31.7974358974359	0.0
40.0	29.617990263001982	19.958270008500552	19.421189562350275	31.002550166147184	0.0
41.0	29.554293714996888	17.80491599253267	21.087429993777224	31.552063887160344	0.0012964115328769964
42.0	28.505998386551124	19.343170166809795	19.587789835272073	32.563041611367005	0.0
43.0	29.842542302068104	18.46668059327345	20.640536870691456	31.050240233966992	0.0
44.0	28.857655111041314	19.51762134715297	20.20467721461008	31.42004632719563	0.0
45.0	29.89777305355432	18.730233717832633	20.345655682847134	31.025025261472646	0.001312284293269294
46.0	29.748142302886826	17.71158019333202	19.953968567107253	32.5863089366739	0.0
47.0	30.371590459876135	19.097377783634208	19.289761496903413	31.241270259586244	0.0
48.0	29.93385876668383	18.52218569712332	19.014614440175848	32.528020911719274	0.0013201842977279628
49.0	27.747056488953564	19.272390527847598	20.762005556290514	32.21854742690832	0.0
50.0	29.24187725631769	18.602675727330645	19.453440220853686	32.70200679549799	0.0
51.0	30.419174462519848	18.09483138270188	18.864852601657482	32.621141553120786	0.0
52.0	28.793450543551202	18.725003355254326	20.381156891692388	32.100389209502076	0.0
53.0	30.69233467339395	18.835496317081727	19.961956668375468	30.510212341148858	0.0
54.0	30.236749739128076	19.128348985648657	18.778712851160712	31.85483324524671	0.0013551788158447508
55.0	29.02892140183736	18.8880571623001	18.42259271861177	33.66042871725077	0.0
56.0	29.771221744178106	18.34460151608277	21.420473946595642	30.463702793143483	0.0
57.0	27.464441338485575	19.726492915673216	19.51547041574173	33.293595330099485	0.0
58.0	30.5931865381177	17.930380007977003	21.847364150242747	29.629069303662547	0.0
59.0	28.202543531393694	21.54821248567365	21.372844143111614	28.876399839821044	0.0
60.0	31.059186138531388	18.997042775625808	20.01610507170922	29.927666014133592	0.0
61.0	28.66268748514796	21.01091712212919	19.973720627909252	30.3498790869316	0.0027956778819944366
62.0	31.570858536722923	16.42344514473443	21.490912679948675	30.51337365875668	0.0014099798372883268
63.0	25.991195703275256	21.083298904449162	24.605017594347014	28.3190631544456	0.0014246434829683872
64.0	26.34175813110462	21.59903332997684	18.228634722441992	33.830573816476544	0.0
65.0	27.55789963095342	19.70766861360532	19.3342632144829	33.40016854095836	0.0
66.0	27.94580739655804	19.228121567191504	17.584767484437936	35.23837422189674	0.002929329915781765
67.0	33.591155327911196	14.307644618949917	18.201543979807226	33.89965607333166	0.0
68.0	34.30682090625749	16.166686645888277	23.01306641093263	26.51192759530089	0.001498441620714457
69.0	32.29224334132989	17.091099218798057	20.385064895122103	30.230054745648026	0.0015377991019253244
70.0	31.456816334654746	16.88699431073662	23.679278143608286	27.97691121100035	0.0
71.0	25.914008086881047	19.973749391366937	25.3508901920105	28.76135232974152	0.0
