# Position (bp)	A	C	G	T	N
0.0	31.41304347826087	17.33695652173913	19.578804347826086	31.67119565217391	0.0
1.0	21.616847826086957	26.277173913043477	26.290760869565215	25.815217391304344	0.0
2.0	29.547302792084572	19.9512062889672	18.731363513147194	31.77012740580103	0.0
3.0	32.660525602817664	21.105391492820374	20.251964237334054	25.982118667027905	0.0
4.0	31.45991332611051	18.174431202600218	20.354821235102925	30.01083423618635	0.0
5.0	31.338838500067684	20.427778529849736	17.165290374983076	31.0680925950995	0.0
6.0	30.982674607471576	20.127233351380617	20.546832701678397	28.343259339469412	0.0
7.0	32.15590742996346	18.947083502503723	19.93503857084856	28.96197049668426	0.0
8.0	29.55898268398268	21.766774891774894	19.088203463203463	29.586038961038962	0.0
9.0	26.950642325895874	23.056118999323868	15.13184584178499	34.86139283299527	0.0
10.0	24.47268793942672	18.84802595997837	19.916170903190913	36.763115197404	0.0
11.0	25.07095553453169	18.962021894850658	20.300040546019734	35.66698202459792	0.0
12.0	27.31081081081081	20.72972972972973	16.783783783783786	35.17567567567568	0.0
13.0	29.39746014590651	22.656038908403133	17.684409619021885	30.262091326668468	0.0
14.0	30.163447251114412	18.884236120491693	20.586248818046737	30.366067810347158	0.0
15.0	28.56564019448947	20.25931928687196	21.839546191247976	29.3354943273906	0.0
16.0	28.17604968273255	19.306061833400836	21.655191035506952	30.86269744835966	0.0
17.0	30.183585313174948	19.505939524838013	19.93790496760259	30.37257019438445	0.0
18.0	26.602780402213522	20.907004993926307	19.894722634633556	32.595491969226615	0.0
19.0	25.974902172446363	23.114289569558764	22.385642963162866	28.525165294832007	0.0
20.0	24.942668285444487	22.74382840955079	18.467556994469174	33.845946310535545	0.0
21.0	25.313553607552258	21.09238031018206	20.148347943358058	33.44571813890762	0.0
22.0	28.293998651382335	18.97505057316251	20.971004720161833	31.759946055293327	0.0
23.0	28.303667745415318	21.61542610571737	17.745415318230854	32.33549083063646	0.0
24.0	30.169857104340792	18.859530870854677	16.662173092477754	34.30843893232677	0.0
25.0	27.452830188679243	20.21563342318059	18.153638814016173	34.17789757412399	0.0
26.0	32.79881417598706	16.641961999730494	16.668912545479046	33.890311278803395	0.0
27.0	26.57323810807169	20.374612585904863	18.33984638188923	34.712302924134214	0.0
28.0	29.412557262193477	20.57396928051738	16.478038264618704	33.535435192670434	0.0
29.0	29.233463559207866	18.725582648524856	17.338003502626968	34.702950289640306	0.0
30.0	30.954311976209787	16.747769667477698	18.653690186536902	33.644228169775616	0.0
31.0	30.0515324111744	16.083536750745864	16.951451044209385	36.91347979387036	0.0
32.0	29.364539393114708	17.92080555177575	18.641992107769763	34.07266294733978	0.0
33.0	27.292546668483446	21.106417768088296	19.3486851069628	32.25235045646546	0.0
34.0	34.36129385964912	15.583881578947366	19.284539473684212	30.770285087719294	0.0
35.0	30.142426732402082	19.56998082717064	19.131744727471926	31.155847712955353	0.0
36.0	31.476399560922065	17.06915477497256	16.437980241492863	35.01646542261251	0.0
37.0	30.356405669464703	20.297234071831568	19.237649649098664	30.108710609605065	0.0
38.0	29.49531163816878	19.966905681191395	17.99503585217871	32.54274682846112	0.0
39.0	30.245720596355604	18.19436775262286	17.06239646604086	34.49751518498068	0.0
40.0	26.84276033743604	20.38445581523994	20.259991702392476	32.512792144931545	0.0
41.0	26.64911308203991	16.144678492239468	25.069290465631926	32.13691796008869	0.0
42.0	31.89211733629918	15.612400945363547	20.770193243431116	31.72528847490616	0.0
43.0	31.537176274018382	17.042606516290725	19.353940406571983	32.06627680311891	0.0
44.0	31.82389937106918	21.928721174004192	14.59119496855346	31.656184486373167	0.0
45.0	32.357978875249785	16.114758778190122	17.79902940336854	33.72823294319155	0.0
46.0	33.165829145728644	13.99856424982053	20.272792534099064	32.562814070351756	0.0
47.0	35.07376337865201	15.880821521550478	19.120624819207404	29.92479028059011	0.0
48.0	28.774474256707762	17.766497461928935	20.82668600435098	32.63234227701233	0.0
49.0	27.56568442444477	19.07388590506605	19.175497169400494	34.184932501088696	0.0
50.0	26.33260711692084	19.172113289760347	19.73856209150327	34.756717501815544	0.0
51.0	28.357558139534884	16.49709302325581	18.619186046511626	36.526162790697676	0.0
52.0	29.688410017472332	16.72976121141526	22.90331974373908	30.678509027373323	0.0
53.0	29.973745624270716	20.945157526254377	18.83022170361727	30.25087514585764	0.0
54.0	29.921029540801403	19.420883299210296	18.806668616554546	31.851418543433752	0.0
55.0	29.39189189189189	17.18566392479436	19.095182138660398	34.32726204465335	0.0
56.0	26.48139979414792	18.8354653727393	21.423320099985297	33.25981473312748	0.0
57.0	29.51736315479694	18.672748675691583	20.394349617422016	31.415538552089465	0.0
58.0	27.860403475187752	20.98365483728464	18.480341628626125	32.67560005890149	0.0
59.0	25.541635961680175	19.498894620486368	20.47162859248342	34.487840825350034	0.0
60.0	29.44912125239994	18.387239698715106	19.066607591197755	33.097031457687194	0.0
61.0	28.14902424600828	16.853932584269664	23.462448255470136	31.534594914251922	0.0
62.0	28.070435039952653	21.0121337673868	20.18348623853211	30.73394495412844	0.0
63.0	29.416123295791348	18.924125666864256	20.139300533491404	31.52045050385299	0.0
64.0	30.481838398813938	19.243884358784285	18.5470719051149	31.72720533728688	0.0
65.0	29.936211244622456	19.34431093309598	18.127874202640555	32.591603619641	0.0
66.0	30.598900282359935	17.536038044285927	20.24074899687918	31.624312676474958	0.0
67.0	29.058175866686504	20.07141794375837	18.940633834250857	31.92977235530427	0.0
68.0	28.078011016822984	20.917076075629	19.904719368765818	31.100193538782193	0.0
69.0	28.656538576109618	20.59874888293119	19.31784331248138	31.426869228477806	0.0
70.0	28.524541250186488	22.109503207519023	17.663732657019246	31.70222288527525	0.0
71.0	27.956989247311824	21.52031063321386	21.161887694145758	29.360812425328554	0.0
72.0	28.43885645861398	18.42538542134411	21.6734021853016	31.46235593474031	0.0
73.0	29.825878114680275	15.625938156709696	22.410687481236867	32.13749624737316	0.0
74.0	30.353649360421368	16.809631301730622	19.83446200150489	33.00225733634311	0.0
75.0	30.329968359198432	19.64743106825373	21.10893475968058	28.91366581286726	0.0
76.0	30.076888285843513	22.01115633951455	18.61902608171265	29.292929292929294	0.0
77.0	31.744834866535964	21.128034987181422	16.92052480772131	30.206605338561303	0.0
78.0	29.185520361990953	17.390648567119154	21.221719457013574	32.20211161387632	0.0
79.0	30.739064856711916	20.19607843137255	17.55656108597285	31.508295625942683	0.0
80.0	32.9308783579837	18.30667069121642	17.023845457289465	31.738605493510413	0.0
81.0	29.257246376811597	17.768719806763286	20.169082125603865	32.804951690821255	0.0
82.0	32.7544548474781	15.659921473874963	23.81455753548777	27.771066143159167	0.0
83.0	33.162109079921436	16.271340081583322	20.456262275268166	30.110288563227073	0.0
84.0	28.724690238742824	17.271078875793293	20.852221214868543	33.15200967059535	0.0
85.0	29.76568405139834	18.54875283446712	20.438397581254726	31.247165532879816	0.0
86.0	28.6794736045984	20.496142792315837	20.496142792315837	30.32824081076993	0.0
87.0	30.861207809898595	15.922506432571515	20.96261540790071	32.25367034962918	0.0
88.0	31.88976377952756	17.655966081162934	18.47365233192005	31.98061780738946	0.0
89.0	31.717661314753105	15.555892153892758	19.963647379581946	32.76279915177219	0.0
90.0	28.945774007876402	15.44986367767343	18.8579218418661	36.74644047258406	0.0
91.0	28.995606726253598	19.284956824723526	15.98242690501439	35.73700954400849	0.0
92.0	31.550234884073348	18.10880436429762	17.351113805121987	32.98984694650704	0.0
93.0	31.82782661412549	17.06577750833586	20.506214004243713	30.60018187329494	0.0
94.0	30.333333333333336	15.666666666666668	20.40909090909091	33.59090909090909	0.0
95.0	31.705837755875667	17.058377558756636	18.802122820318424	32.43366186504928	0.0
96.0	29.253867151956324	16.530178950561115	19.502578101304216	34.71337579617834	0.0
97.0	29.45995145631068	18.598300970873787	18.294902912621357	33.646844660194176	0.0
98.0	30.115361262902248	19.277474195506983	16.894353369763206	33.71281117182757	0.0
99.0	29.022465088038857	20.59805707346691	17.410443230115362	32.96903460837887	0.0
100.0	32.30558930741191	18.90947752126367	19.77521263669502	29.00972053462941	0.0
101.0	28.506306032517852	21.349339006230057	20.863090715696703	29.281264245555388	0.0
102.0	28.360705596107056	19.829683698296837	18.141727493917276	33.667883211678834	0.0
103.0	27.67381713068614	19.640955423703026	22.288148486231556	30.397078959379282	0.0
104.0	27.91901354848531	17.521692799512863	21.266555031207186	33.292738620794644	0.0
105.0	30.044160194913967	19.735038830516217	17.67930561900411	32.54149535556571	0.0
106.0	33.49588540079244	20.52727826882048	17.357512953367877	28.6193233770192	0.0
107.0	32.43490178163545	19.97868128521395	19.81117709760926	27.775239835541342	0.0
108.0	33.07469952837365	19.032405294386127	18.439068918302144	29.453826258938083	0.0
109.0	28.53231939163498	19.285171102661597	18.4638783269962	33.71863117870723	0.0
110.0	29.37148074874448	19.28169228427941	18.870795921473142	32.47603104550297	0.0
111.0	32.180932074322264	19.220225403594274	17.48400852878465	31.114833993298813	0.0
112.0	28.40389887298203	20.43862321047822	18.6414864453244	32.51599147121535	0.0
113.0	29.885757806549883	17.638994668697638	19.725818735719724	32.74942878903275	0.0
114.0	30.981408107284363	16.793660469369094	19.170984455958546	33.05394696738799	0.0
115.0	26.883196096370842	18.405001524855138	17.47483989021043	37.236962488563584	0.0
116.0	30.335877862595417	17.877862595419845	17.419847328244277	34.36641221374046	0.0
117.0	32.8241942874599	18.191538109057586	17.68749045364289	31.29677714983962	0.0
118.0	28.436018957345972	19.507720532028742	20.333282372725883	31.722978137899403	0.0
119.0	22.931008107694662	22.04375095609607	21.967263270613433	33.05797766559584	0.0
120.0	28.22827417380661	19.690942472460222	21.55752753977968	30.523255813953487	0.0
121.0	30.555981007811305	18.348904885893706	19.727370194516773	31.367743911778216	0.0
122.0	30.67136725935009	18.485591661557326	18.301655426118945	32.54138565297364	0.0
123.0	31.053519398865205	16.009814445637172	18.862137708940345	34.07452844655728	0.0
124.0	32.61670761670762	17.137592137592137	18.197174447174447	32.0485257985258	0.0
125.0	30.68059609771086	18.74327853740974	19.557535719772623	31.018589645106776	0.0
126.0	32.113758647194466	17.371252882398156	19.953881629515756	30.56110684089162	0.0
127.0	28.121156211562116	19.24969249692497	20.771832718327182	31.857318573185733	0.0
128.0	32.04122442701123	16.335948315643748	18.366405168435627	33.256422088909396	0.0
129.0	30.931485758275596	19.13779830638953	20.369515011547342	29.561200923787528	0.0
130.0	30.4789773602341	18.51224395502849	18.065609117511165	32.94316956722624	0.0
131.0	30.298829328404192	19.30067775723968	19.408502772643253	30.991990141712876	0.0
132.0	27.839506172839506	17.99382716049383	20.50925925925926	33.657407407407405	0.0
133.0	26.690336523618402	19.280642173510344	20.700833590614387	33.32818771225687	0.0
134.0	24.71441803025625	20.577338684779253	22.337141092929915	32.37110219203458	0.0
135.0	27.8498609823911	17.94871794871795	21.54772937905468	32.653691689836265	0.0
136.0	30.196260237984855	18.15793540411065	18.94606706845928	32.69973728944522	0.0
137.0	30.386398763523957	16.98608964451314	18.330757341576508	34.2967542503864	0.0
138.0	27.30787072831297	17.67434668316066	20.16390907685171	34.85387351167466	0.0
139.0	30.445544554455445	16.893564356435643	19.53898514851485	33.12190594059406	0.0
140.0	28.066914498141266	18.385997521685255	21.576827757125155	31.970260223048324	0.0
141.0	26.53440793552387	17.730936143831368	23.651580905145693	32.08307501549907	0.0
142.0	32.320570454193145	17.408153774608586	19.717873197953807	30.55340257324446	0.0
143.0	32.660977501939485	18.029480217222655	19.658650116369277	29.65089216446858	0.0
144.0	31.19565217391304	18.711180124223603	18.61801242236025	31.475155279503102	0.0
145.0	32.64989127058093	18.577197887542717	17.676296986641816	31.096613855234544	0.0
146.0	28.92896004974351	18.513912637960516	19.104616819524328	33.45251049277165	0.0
147.0	27.882371246304654	21.4874747160417	18.811264975882995	31.818889061770655	0.0
148.0	29.05384375972611	19.343292872704637	19.732337379396203	31.87052598817305	0.0
149.0	31.211083437110837	19.06911581569116	18.570983810709837	31.14881693648817	0.0
150.0	29.485981308411212	17.50778816199377	20.31152647975078	32.69470404984423	0.0
151.0	29.339358055468995	19.055780617014648	19.834839513867248	31.770021813649112	0.0
152.0	27.159338946055506	19.816027439975052	19.628936700966634	33.3956969130028	0.0
153.0	30.660009361834923	18.536433140895618	17.92791387111874	32.875643626150726	0.0
154.0	30.649188514357057	18.008739076154807	17.587390761548065	33.754681647940075	0.0
155.0	29.566031845145176	18.217296284733063	19.21635966281611	33.00031220730565	0.0
156.0	30.0655635341867	15.766468935373087	20.636902903527943	33.53106462691227	0.0
157.0	29.531249999999996	19.375	21.125	29.96875	0.0
158.0	31.289111389236545	18.085106382978726	18.38235294117647	32.24342928660826	0.0
159.0	29.920150305307658	15.65680288085173	23.046813840613748	31.37623297322687	0.0
160.0	26.96945967110415	19.075959279561474	23.335943617854348	30.618637431480032	0.0
161.0	28.020686412787967	16.846889202319385	24.07146215326751	31.06096223162514	0.0
162.0	30.531597930061157	16.93586325858554	22.3772933981496	30.1552454132037	0.0
163.0	30.305882352941175	15.513725490196078	22.35294117647059	31.827450980392157	0.0
164.0	32.77350494427876	17.312823732538064	21.299638989169676	28.6140323340135	0.0
165.0	31.893165750196385	17.203456402199528	21.115475255302435	29.787902592301652	0.0
166.0	31.582258571877947	17.94589493551431	21.689210443535703	28.782636049072035	0.0
167.0	29.269061121613106	17.18651543793321	21.361058601134218	32.183364839319474	0.0
168.0	26.738136528456568	17.98833359609018	20.841872930789847	34.43165694466341	0.0
169.0	28.553399589840666	17.10048903612557	19.182836409528317	35.16327496450544	0.0
170.0	29.189018617860523	16.992742189965288	19.816976964342064	34.00126222783212	0.0
171.0	29.534333070244674	16.98500394632991	18.153117600631415	35.327545382794	0.0
172.0	29.684044233807267	21.011058451816748	18.29383886255924	31.011058451816748	0.0
173.0	27.788309636650872	17.74091627172196	18.925750394944707	35.54502369668246	0.0
174.0	29.610882632078457	18.52261942423284	18.3169882948434	33.5495096488453	0.0
175.0	27.176321620766064	18.502690724912945	20.81354859132637	33.50743906299462	0.0
176.0	30.562153602533648	16.294536817102138	19.129057798891527	34.01425178147268	0.0
177.0	30.85089526224053	18.412295991126605	17.81017271430835	32.92663603232452	0.0
178.0	31.674064679771718	17.184527584020294	19.039315155358274	32.102092580849714	0.0
179.0	27.125634517766496	19.860406091370557	21.55774111675127	31.456218274111674	0.0
180.0	31.40272929228816	17.232624563630594	17.53411615360203	33.830529990479214	0.0
181.0	29.961892664337885	17.831057478564624	18.65671641791045	33.55033343918704	0.0
182.0	34.48330683624801	18.10810810810811	17.965023847376788	29.443561208267088	0.0
183.0	31.964996022275262	21.177406523468576	17.024661893396978	29.832935560859188	0.0
184.0	30.69574908454068	22.321286419359975	17.624582072918322	29.358382423181023	0.0
185.0	30.640535372848948	20.920968769917145	19.949012109623965	28.489483747609945	0.0
186.0	33.23229100191449	17.373962986598595	21.043395022335673	28.350350989151245	0.0
187.0	31.102236421725237	20.383386581469647	20.399361022364218	28.115015974440894	0.0
188.0	30.297219558964528	19.57494407158837	19.079578139980825	31.048258229466285	0.0
189.0	32.14457060610907	18.91891891891892	18.950903566288183	29.98560690868383	0.0
190.0	35.36663464617355	18.02753762407941	18.0915786103106	28.514249119436442	0.0
191.0	31.9814042962488	18.307149727476755	17.826226354600834	31.88521962167361	0.0
192.0	33.05533279871692	17.77064955894146	19.246190858059343	29.92782678428228	0.0
193.0	28.998073217726393	17.58188824662813	20.616570327552985	32.80346820809248	0.0
194.0	27.999356706336442	19.99035059504664	21.405596654872948	30.604696043743967	0.0
195.0	29.426915647134578	22.553122987765615	17.997424339987123	30.022537025112683	0.0
196.0	32.02835508297084	20.702432737232158	16.787497986144675	30.481714193652326	0.0
197.0	31.74193548387097	20.225806451612904	20.258064516129032	27.7741935483871	0.0
198.0	31.821849281910602	18.783282233338713	18.250766499919315	31.14410198483137	0.0
199.0	29.450726978998386	19.757673667205168	18.578352180936992	32.21324717285945	0.0
200.0	28.723920426977195	19.65065502183406	20.653404496199258	30.972020054989486	0.0
201.0	30.57128985272698	15.682149215083346	19.922317527107946	33.82424340508173	0.0
202.0	30.303030303030305	17.663263652568464	20.74218116998866	31.291524874412573	0.0
203.0	31.93318196561791	15.763866363931237	22.20240025948751	30.100551410963348	0.0
204.0	30.017848450429984	19.065390232029856	19.406133376602305	31.51062794093786	0.0
205.0	33.62587355761417	15.163334958556801	20.624085811799123	30.586705672029908	0.0
206.0	31.317073170731707	16.552845528455286	20.390243902439025	31.739837398373982	0.0
207.0	29.583197655486813	18.153695864539237	19.195701725822207	33.06740475415174	0.0
208.0	30.37169872839909	16.66123247473101	22.05738506684056	30.909683730029347	0.0
209.0	28.524804177545693	17.93407310704961	20.218668407310705	33.322454308093995	0.0
210.0	29.79418490689317	17.739300882064686	19.372754001960143	33.093760209082	0.0
211.0	29.735034347399413	17.3372587504089	22.571148184494604	30.35655871769709	0.0
212.0	29.888634130363577	16.93416311824435	21.945627251883394	31.23157549950868	0.0
213.0	32.06031798065891	17.685625307326667	18.7674151778397	31.486641534174726	0.0
214.0	31.380272443787955	20.13786312161497	21.401608403085508	27.080256031511567	0.0
215.0	31.98686371100164	20.83743842364532	19.326765188834155	27.848932676518885	0.0
216.0	36.212569924317215	18.36130306021718	18.443566962816714	26.982560052648896	0.0
217.0	29.336188436830835	18.448361060780762	20.342612419700217	31.872838082688187	0.0
218.0	27.881286067600993	18.746908491343774	21.483924154987637	31.8878812860676	0.0
219.0	28.179715890320452	20.13544763792534	22.33234225305583	29.352494218698382	0.0
220.0	28.647039364869336	20.393648693350976	20.889844525305985	30.0694674164737	0.0
221.0	30.470043032108574	19.298245614035086	16.451506123800065	33.78020523005627	0.0
222.0	30.4210875331565	18.98209549071618	20.109416445623342	30.487400530503976	0.0
223.0	32.90718910841773	17.466378880956334	19.07687199070231	30.54956001992363	0.0
224.0	34.980039920159676	16.61676646706587	18.596141051230873	29.80705256154358	0.0
225.0	36.21955288621955	17.067067067067068	18.351685018351684	28.361695028361694	0.0
226.0	32.586898395721924	18.54946524064171	19.334893048128343	29.52874331550802	0.0
227.0	31.92346424974824	16.44847264182612	19.956361195031892	31.671701913393758	0.0
228.0	29.991589571068122	17.359125315391086	18.452481076534905	34.19680403700588	0.0
229.0	31.93929173693086	20.45531197301855	16.947723440134908	30.657672849915684	0.0
230.0	31.779804120229656	21.76629517055049	16.261398176291795	30.192502532928067	0.0
231.0	30.704129993229518	21.32701421800948	16.621530128639133	31.347325660121868	0.0
232.0	30.079782719402477	17.484298081819723	18.163299949074858	34.272619249702934	0.0
233.0	29.965986394557824	18.775510204081634	19.37074829931973	31.887755102040817	0.0
234.0	26.927659574468084	18.14468085106383	23.06382978723404	31.863829787234042	0.0
235.0	26.566501621990778	20.078538500939047	21.256616015024758	32.09834386204541	0.0
236.0	27.758738862234406	17.906100068540095	22.018505825908154	32.316655243317335	0.0
237.0	27.136715391229576	20.171969045571796	21.16938950988822	31.521926053310406	0.0
238.0	31.37491385251551	15.627153687112335	20.31357684355617	32.68435561681599	0.0
239.0	27.239772138788194	16.088382530640427	20.870015535991715	35.80182979457967	0.0
240.0	27.968885047536734	15.955056179775282	20.24200518582541	35.834053586862574	0.0
241.0	27.029840388619014	17.782789729354615	22.50173490631506	32.68563497571132	0.0
242.0	29.473135106937924	16.449313162928185	21.49191444966093	32.58563728047296	0.0
243.0	28.37225514116417	14.168699895433951	22.8476821192053	34.611362844196584	0.0
244.0	26.061135371179038	17.065502183406114	21.676855895196507	35.196506550218345	0.0
245.0	29.364384521099634	16.93223603572054	22.22027665907897	31.483102784100858	0.0
246.0	29.15278021399754	16.155060515699	20.627960007016313	34.06419926328714	0.0
247.0	25.81325830842272	18.14665025496747	23.017408123791103	33.02268331281871	0.0
248.0	26.075458392101552	17.683356840620593	23.466149506346966	32.77503526093089	0.0
249.0	28.28086310576583	19.561372479660417	19.083834453484258	33.07392996108949	0.0
250.0	27.5408670931059	18.550106609808104	19.971570717839374	33.937455579246624	0.0
251.0	26.75704602211916	18.53371387798787	21.227256510881197	33.48198358901177	0.0
252.0	27.973528885709175	20.854945448041494	20.35414058307995	30.81738508316938	0.0
253.0	31.038192576654115	15.689438766361844	19.293526985834678	33.97884167114936	0.0
254.0	28.823317740194316	16.120906801007557	21.5545160129543	33.50125944584383	0.0
255.0	30.528976349521574	17.837154721068785	19.660588553890594	31.973280375519046	0.0
256.0	28.628374705562603	19.931146946910673	18.91647037506795	32.524007972458776	0.0
257.0	30.516175936023267	18.138858596873863	17.03017084696474	34.31479462013813	0.0
258.0	30.69198466313675	17.838232609092568	18.89720649990871	32.572576227861965	0.0
259.0	31.54510380304979	17.78431012309388	16.828954620613633	33.8416314532427	0.0
260.0	29.96309963099631	18.45018450184502	18.173431734317344	33.41328413284133	0.0
261.0	31.13085322968721	17.897464371645384	18.434203220433094	32.537479178234314	0.0
262.0	31.254639940608758	16.44394951744618	20.11878247958426	32.1826280623608	0.0
263.0	31.99180175144401	19.824855599031117	17.57033724613378	30.613005403391092	0.0
264.0	29.456928838951313	19.06367041198502	19.906367041198504	31.573033707865168	0.0
265.0	30.261425615948845	18.958059055858566	19.18375023509498	31.596765093097613	0.0
266.0	32.10039630118891	19.43762974146065	18.437441026608795	30.02453293074165	0.0
267.0	31.3803564656807	18.80925293894577	18.80925293894577	31.00113765642776	0.0
268.0	29.672852496652	17.926152668834895	21.580256361201457	30.82073847331165	0.0
269.0	31.30401382753985	19.838678701747646	20.126752448626846	28.730555022085653	0.0
270.0	33.56481481481482	19.328703703703702	15.335648148148149	31.770833333333332	0.0
271.0	34.270752521334366	18.677269200930954	17.70752521334368	29.344453064391	0.0
272.0	33.19719953325554	18.08634772462077	18.125243096071568	30.59120964605212	0.0
273.0	31.214551144142384	16.74163895951496	19.85135928026599	32.19245061607667	0.0
274.0	31.39031114612052	18.196140212682156	19.98818432453722	30.425364316660104	0.0
275.0	30.633663366336634	18.752475247524753	21.722772277227723	28.89108910891089	0.0
276.0	30.971337579617835	18.272292993630572	21.019108280254777	29.737261146496813	0.0
277.0	27.776665999599757	18.83129877926756	19.931959175505305	33.460076045627375	0.0
278.0	28.68621936520691	18.601848131779832	23.844917637605466	28.867014865407793	0.0
279.0	31.151515151515152	20.18181818181818	21.09090909090909	27.575757575757574	0.0
280.0	29.18533604887984	22.32179226069246	21.69042769857434	26.80244399185336	0.0
281.0	30.91430914309143	17.32267322673227	22.55022550225502	29.21279212792128	0.0
282.0	29.766577153480682	17.16587481925222	24.499070439991737	28.568477587275353	0.0
283.0	27.983367983367984	20.24948024948025	21.455301455301456	30.311850311850314	0.0
284.0	27.230929989550678	20.83594566353187	21.755485893416928	30.17763845350052	0.0
285.0	27.67613038906414	20.21030494216614	22.145110410094638	29.96845425867508	0.0
286.0	28.550233149639677	18.418821534548538	22.509537939805004	30.52140737600678	0.0
287.0	27.071352502662403	18.53035143769968	23.812566560170396	30.58572949946752	0.0
288.0	25.224454895254382	19.90166737922189	21.35528003420265	33.51859769132108	0.0
289.0	28.423994839819393	17.82412384433455	21.414749516233066	32.33713179961299	0.0
290.0	28.577614202208267	15.327993072093527	22.9486901926824	33.1457025330158	0.0
291.0	28.64003492687186	16.1318489412792	22.85527177472168	32.37284435712727	0.0
292.0	27.715602369980253	18.937897739741057	22.8439763001975	30.502523590081193	0.0
293.0	28.792569659442723	17.956656346749224	22.003538257408227	31.247235736399826	0.0
294.0	30.269307812152235	18.27286890718896	20.67660805697752	30.78121522368128	0.0
295.0	30.261686423618876	17.423395213598745	22.59002460299709	29.72489375978528	0.0
296.0	29.901079136690644	17.69334532374101	23.133992805755398	29.271582733812952	0.0
297.0	29.33575153026525	18.748583087735206	23.46406710496486	28.451598277034684	0.0
298.0	28.42178770949721	21.39199255121043	22.88175046554935	27.304469273743017	0.0
299.0	30.382894082545995	16.658378915962206	21.954251616111385	31.00447538538041	0.0
300.0	34.2640795078088	9.607193563653574	19.92427827733081	36.20444865120682	0.0
