# Position (bp)	A	C	G	T	N
0.0	26.864841978748395	23.627933021934496	23.50453440410828	26.002690595208826	0.0
1.0	26.470796532492564	19.92706794053756	14.958290488869519	38.6437088437783	1.3619432205871337E-4
2.0	27.91298736584703	19.61248471675044	18.289770411628854	34.184621654666486	1.3585110718652358E-4
3.0	23.693036395974318	22.040996985077214	15.004798932847475	39.26089655995141	2.711261495748742E-4
4.0	34.342627972678955	13.66958747821569	14.320748947317147	37.66642672353139	6.088782568221425E-4
5.0	35.76180341656143	14.680410614759307	22.588679428968568	26.960385302890582	0.008721236820115365
6.0	32.10152204676837	17.464543919855	20.49998715971557	29.92745915100039	0.006487722660669128
7.0	35.31251541344518	16.517199884597638	20.11048357509498	28.058652508481195	0.0011486183810021223
8.0	22.772885189180716	27.163312633371543	22.410607711518235	27.651640786648084	0.0015536792814165774
9.0	29.03771353544386	18.267753336633778	15.726974508462396	36.9674910796841	6.753977586249982E-5
10.0	26.18124751838757	17.0329774217161	25.055979774352217	31.72945765119941	3.376343447057584E-4
11.0	27.869312869079955	18.690036638790943	19.81721786882003	33.6214072617314	0.0020253615776756545
12.0	26.5467174274027	19.430089236293927	21.029052421260108	32.98860583478461	0.0055350802586637505
13.0	27.02164220506708	21.457005133493787	18.990079924840146	32.53107025853749	2.0247806150203623E-4
14.0	31.395100840823897	17.996925033172655	20.586012005599194	30.020949730096746	0.0010123903075101813
15.0	29.659053941505437	18.542603408920645	19.528131626938222	32.268928661579515	0.001282361056179563
16.0	30.253057081265244	17.51786193965884	18.855836970064292	33.37148919914527	0.001754809866350981
17.0	29.847088567953662	18.1506058818527	20.491522243564912	31.50666625271152	0.004117053917208071
18.0	31.32315363630351	17.984168915298028	18.46761903347772	32.21689179977349	0.008166615147248795
19.0	30.22491263071646	17.99274048656828	19.617761915496455	32.1645849672188	0.0
20.0	30.185361916036396	17.864436888263157	19.246822106824727	32.703311596188556	6.749268716734542E-5
21.0	29.632731793510175	17.567064108603834	19.37154859270998	33.42825054905301	4.0495612300407247E-4
22.0	28.804799000028346	18.916850359263574	19.455914451669162	32.82162627679291	8.099122460081449E-4
23.0	30.07210918696959	17.687471062510376	20.07637472479857	32.16310012810112	9.448976203428359E-4
24.0	30.626966568172335	18.293555393273138	18.85819921411515	32.21972649263452	0.0015523318048489445
25.0	29.519479064443367	17.708663766280925	19.217057831783926	33.55439438136878	4.0495612300407247E-4
26.0	31.866604753374972	18.00414675069956	19.373438387950664	30.75567512260047	1.3498537433469083E-4
27.0	29.131193635169627	18.17834537627848	19.60871789541603	33.081608107761525	1.3498537433469083E-4
28.0	29.778313519730137	17.947452893478992	19.818350181757808	32.452778741423366	0.003104663609697889
29.0	29.170339393726692	18.31076602850081	19.63821219970816	32.8776452071418	0.0030371709225305438
30.0	29.780781976606846	18.28533439522688	19.500550069855496	32.43103878836146	0.0022947699493125816
31.0	29.659624183414586	18.247710118673595	19.61883793964338	32.47153298367268	0.002294774595765331
32.0	28.726923969914093	18.124976377272507	19.76284131466553	33.385190844640746	6.749350712461461E-5
33.0	29.729793575628644	18.643932808138185	19.21230176942889	32.412554467848445	0.0014173789558371715
34.0	29.812708348379076	18.137909668849677	19.333852144279838	32.71519236389481	3.3747459659974095E-4
35.0	30.033688866731385	17.973385322408603	19.040458390162605	32.95239986732518	6.755337223056506E-5
36.0	30.549799084715506	17.463176792612316	18.855968707621805	33.13092027781513	1.3513723524081792E-4
37.0	28.896061547902168	18.650693082957073	19.31245197483532	33.140455486374535	3.37907930901883E-4
38.0	29.82922819418043	18.559113733400753	19.536343257954524	32.07443601093502	8.788035292749735E-4
39.0	29.402856360186817	18.594816886547104	19.747574325901024	32.254549512836036	2.0291452901846863E-4
40.0	29.753482486635	18.498974424282164	19.403499692462763	32.33977580941904	0.004267587201031808
41.0	29.597956192492468	18.577341693130307	20.108975924870396	31.71375838015362	0.001967809353201422
42.0	29.07299840347838	18.40938890587316	19.07530826454703	33.440062502123034	0.002241923978396005
43.0	29.40998063280672	18.29057318187753	19.94501294773034	32.35232515123819	0.0021080863472167817
44.0	29.391122061445895	18.65129384860406	20.285926248587725	31.671589779889196	6.806147312252427E-5
45.0	29.45271354579611	18.434374395483736	19.47591334744666	32.6369987112735	0.0
46.0	29.960255656122474	17.728253927574094	19.119476364350188	33.19140060812732	6.134438259264535E-4
47.0	29.42249161353591	18.19332479058561	19.665277958687927	32.71720072479236	0.001704912398191156
48.0	30.145329418579976	17.904128572763987	18.677276439767	33.27217384125052	0.0010917276385180618
49.0	29.077758031050234	17.583751576305477	19.993868880060138	33.343802209251436	8.193033327211317E-4
50.0	29.42874485458873	18.659848498312318	19.52159808168951	32.38960350086195	2.0506454748406305E-4
51.0	29.783142431557863	18.17624599791121	19.183111613334017	32.85736298731317	1.3696988374681116E-4
52.0	29.74515604302079	18.04011064057599	19.60006039932188	32.6146042814883	6.86355930458417E-5
53.0	31.030953434000836	17.87184049843551	19.284386265509905	31.80208951671758	0.010730285336170898
54.0	29.963813583792128	18.087695033481566	19.051793229536	32.893872704581426	0.0028254486088800405
55.0	28.815144676976562	18.087504081411474	18.605437786173386	34.490463820919054	0.0014496345195255415
56.0	28.89323934685063	18.207150466164933	20.419869887203777	32.478841635265255	8.986645154020729E-4
57.0	27.92860128612913	18.66998026237477	19.48917475687841	33.91127480698374	9.688876339487153E-4
58.0	30.565127689261523	18.134286066622053	21.570555054432994	29.729892630450056	1.3855923337947356E-4
59.0	29.54588490053942	20.403585422205452	20.934892666919605	29.10634260161598	0.009294408719542605
60.0	31.370107713504176	18.90895523528762	19.621672209943718	30.09919536212873	6.947913576292608E-5
61.0	28.531379908224302	21.30651551761355	19.46215819122491	30.699598220192048	3.481627451936133E-4
62.0	30.367019972207842	16.682491010166007	21.775554218811894	31.17444574625578	4.890525584784597E-4
63.0	26.27033076139911	20.039139958658332	25.78672579030182	27.902190771888787	0.0016127177519555957
64.0	25.510245725728936	19.393629791623567	18.259218760774512	36.834794796992355	0.002110924880627198
65.0	27.455991796529062	19.0955277806419	18.933379284823438	34.508321409957446	0.0067797280481586685
66.0	26.38662486938349	19.426385420540885	16.77069939606468	37.40842675734552	0.007863556665426917
67.0	33.36333063926249	14.264500889612048	17.41236983692697	34.958448044595045	0.0013505896034455673
68.0	34.20031560115993	15.42893556009877	22.853886996414143	27.51664656186335	2.152804638002312E-4
69.0	31.756946013762217	17.307423683619685	20.075590532753825	30.860039769864272	0.0
70.0	33.26112251558524	15.649645094867356	22.13994708744446	28.949285302102943	0.0
71.0	25.726796495009417	19.745595344558478	26.10226077216674	28.425347388265358	0.0
