# Position (bp)	A	C	G	T	N
0.0	15.847902097902097	22.21153846153846	39.30944055944056	22.63111888111888	0.0
1.0	26.87702123940215	24.63071409841797	14.74521457914518	33.7470500830347	0.0
2.0	37.421302285467874	13.799051315222076	11.280724450194048	37.498921949115996	0.0
3.0	30.42135072513516	12.220029177035958	21.17909551188535	36.17952458594353	0.0
4.0	39.620058189286326	19.193907239431798	20.083861030292656	21.10217354098922	0.0
5.0	22.590541116318704	11.998295696634	18.449083936940774	46.96207925010652	0.0
6.0	50.759955846140784	13.857518892757067	15.309501570858453	20.073023690243698	0.0
7.0	37.28956941037137	28.466288808053463	12.934607901192793	21.309533880382368	0.0
8.0	21.0948720114894	43.786432373067505	10.830446903776295	24.288248711666807	0.0
9.0	36.972662841714474	13.212959838002025	12.402969962875463	37.41140735740803	0.0
10.0	29.646800977830228	13.9003624715502	12.669645115063643	43.78319143555593	0.0
11.0	26.827830188679247	28.78200808625337	19.086927223719677	25.30323450134771	0.0
12.0	28.979042168167663	35.813483713492126	14.54423028364616	20.66324383469405	0.0
13.0	29.873949579831933	35.50420168067227	12.369747899159664	22.252100840336134	0.0
14.0	50.91412277759141	13.225427708822544	12.588057698758806	23.27239181482724	0.0
15.0	34.036144578313255	13.562583668005354	31.099397590361445	21.301874163319948	0.0
16.0	21.640110119295905	19.87152748811212	29.331776090764993	29.15658630182698	0.0
17.0	20.12479201331115	19.442595673876873	12.612312811980035	47.82029950083195	0.0
18.0	50.94261273980566	12.191678432023918	13.595216344157462	23.270492484012955	0.0
19.0	45.05348702214114	12.778837382867566	12.223235757525499	29.94443983746579	0.0
20.0	21.430345170101813	33.32505587285821	12.258918963661948	32.98567999337803	0.0
21.0	36.974859411180944	17.995368838901754	13.901753225272909	31.12801852464439	0.0
22.0	37.1345995045417	13.047068538398019	13.162675474814204	36.65565648224608	0.0
23.0	36.41160949868074	12.640171503957784	12.730870712401055	38.21734828496042	0.0
24.0	19.759393539881344	35.76961107448912	14.724785761371129	29.74620962425841	0.0
25.0	21.33454006911305	29.30722395919039	21.071252262629585	28.286983709066977	0.0
26.0	42.603841733705465	20.760137908389428	14.08635692004597	22.549663437859135	0.0
27.0	36.35245901639344	13.549180327868854	15.565573770491802	34.532786885245905	0.0
28.0	21.982512053607913	34.91051728364795	14.006700988804447	29.100269673939692	0.0
29.0	20.786746102995185	28.866400065290133	21.651840365624743	28.695013466089936	0.0
30.0	36.637153631742905	19.298245614035086	22.831611739629448	21.232989014592558	0.0
31.0	34.4038208168643	22.266139657444008	14.61627140974967	28.713768115942027	0.0
32.0	26.69754362749152	28.86444462823588	15.639732032089984	28.798279712182616	0.0
33.0	21.827706635622818	19.391318809246634	22.625977049725595	36.15499750540496	0.0
34.0	19.615062761506277	15.573221757322175	13.05439330543933	51.75732217573221	0.0
35.0	28.92959648826608	12.763802127300355	20.276886712814452	38.02971467161911	0.0
36.0	28.088459583121505	27.825792238603626	21.352313167259787	22.733435011015082	0.0
37.0	26.67462076018408	14.700869268791546	29.512527697289926	29.111982273734448	0.0
38.0	43.979460847240055	13.932391955498503	10.851519041506204	31.23662815575524	0.0
39.0	26.711916831342897	21.29048887361457	14.30535269353037	37.69224160151216	0.0
40.0	20.64465952298652	35.50812305565157	12.046318700311096	31.800898721050814	0.0
41.0	26.531320492798887	12.259239979177512	19.208745445080687	42.000694082942914	0.0
42.0	19.40168710322637	35.272632402817635	14.749108618140708	30.57657187581529	0.0
43.0	20.015760441292358	13.772874529375711	12.923561859732072	53.287803169599854	0.0
44.0	19.457650994893466	26.809297411516113	13.637964430357458	40.09508716323296	0.0
45.0	20.826314389573543	13.033070307651387	37.29053994148418	28.850075361290894	0.0
46.0	21.449559255631733	29.409669664321964	12.794942569673227	36.345828510373074	0.0
47.0	36.45443196004994	13.777421080791868	12.716247547708223	37.05189941144997	0.0
48.0	35.59716871248096	13.1887823671714	29.513484454797954	21.700564465549682	0.0
49.0	45.151133501259444	21.5815041381792	12.351565311263043	20.91579704929831	0.0
50.0	29.227425052078615	12.571325061135767	12.118467530115026	46.08278235667059	0.0
51.0	19.900090826521343	36.05812897366031	15.66757493188011	28.37420526793824	0.0
52.0	20.506722765937983	12.768681972011342	30.192993688831976	36.531601573218694	0.0
53.0	30.840936136453788	13.447044823482745	32.546608488694964	23.165410551368502	0.0
54.0	29.114806332769096	14.647017823359555	15.49337847256796	40.74479737130339	0.0
55.0	21.01694915254237	21.72482552342971	14.287138584247257	42.97108673978066	0.0
56.0	24.241763037311802	35.20619681431377	16.13571896137901	24.416321186995418	0.0
57.0	22.157785315680055	16.391290075500603	17.3213699529489	44.12955465587044	0.0
58.0	23.02118783620595	36.063234164013615	14.095949061367877	26.81962893841256	0.0
59.0	25.057800286249037	15.358361774744028	14.158317736430694	45.425520202576244	0.0
60.0	44.080772217907466	15.477643403972042	17.696660379451902	22.74492399866859	0.0
61.0	44.94707520891365	15.409470752089135	14.919220055710305	24.724233983286908	0.0
62.0	43.922621044392265	14.010958291401096	15.27451638152745	26.79190428267919	0.0
63.0	21.43658810325477	35.08417508417509	17.160493827160494	26.318742985409653	0.0
64.0	25.1530265245976	14.089775561097257	37.077760145091816	23.67943776921333	0.0
65.0	42.88156844864927	14.16847144648353	17.086515445115698	25.86344465975151	0.0
66.0	42.737972803108214	15.449662895669066	17.48371614672609	24.32864815449663	0.0
67.0	22.321736135032726	34.745665403605464	17.464691698243197	25.467906763118613	0.0
68.0	26.423902894491132	17.486994797919166	18.714152327597706	37.374949979991996	0.0
69.0	27.84270589852881	18.479307025986525	19.194280214491958	34.48370686099271	0.0
70.0	29.51683748169839	18.872620790629576	19.282576866764277	32.32796486090776	0.0
71.0	28.18436165513179	19.187159475776763	18.06803121778825	34.56044765130319	0.0
72.0	28.96021298624464	18.53276142582458	21.091554503771633	31.415471084159147	0.0
73.0	32.2260121607593	18.315289930298086	18.982648672697614	30.476049236244997	0.0
74.0	33.0651169721353	16.957234391297867	17.806586201758307	32.171062434808526	0.0
75.0	31.007635873633777	18.35604132355143	19.478963916754005	31.157358886060788	0.0
76.0	29.347336834208555	19.699924981245314	19.53488372093023	31.417854463615903	0.0
77.0	30.91264471508044	18.147646970380393	18.463388964065555	32.47631935047362	0.0
78.0	28.96759608138659	17.980406932931427	22.818387339864355	30.233609645817634	0.0
79.0	29.995468962392387	16.76483914816493	19.64959975834466	33.59009213109802	0.0
80.0	28.701180744777478	17.317590069633667	20.224038752649108	33.75719043293975	0.0
81.0	30.71677526898015	18.366419154417336	20.957720866798	29.959084709804518	0.0
82.0	31.704718417047182	18.67579908675799	19.923896499238968	29.69558599695586	0.0
83.0	31.32824427480916	17.755725190839694	18.50381679389313	32.412213740458014	0.0
84.0	29.710699525485996	14.526251339354049	21.643961426603397	34.11908770855656	0.0
85.0	30.22113022113022	19.794226044226043	19.133906633906633	30.850737100737103	0.0
86.0	31.0919185687847	17.334978408389883	17.119062307217767	34.45404071560765	0.0
87.0	30.12085528354509	16.873256894948867	21.36659436008677	31.63929346141928	0.0
88.0	31.32867132867133	17.46697746697747	21.833721833721835	29.37062937062937	0.0
89.0	30.193387398627575	18.059887710542732	19.307548346849657	32.43917654398004	0.0
90.0	31.425891181988742	17.370231394621637	19.527829893683553	31.676047529706064	0.0
91.0	30.44912060301507	20.147613065326635	19.31532663316583	30.087939698492463	0.0
92.0	30.495111952065596	17.533900977609587	18.574582150741094	33.39640491958373	0.0
93.0	29.97154600063231	18.58994625355675	20.044261776794183	31.394245969016755	0.0
94.0	30.01424726927339	19.043849928763652	19.851195187589045	31.090707614373912	0.0
95.0	31.1340206185567	18.905630452022205	18.71530531324346	31.245043616177636	0.0
96.0	32.08717785555202	18.9945911549475	19.15367483296214	29.76455615653834	0.0
97.0	27.65991386185995	19.763917690221728	21.119795820705058	31.45637262721327	0.0
98.0	27.403615421532557	19.372900335946248	18.95696688529835	34.266517357222845	0.0
99.0	30.283608396090372	20.733856753725362	18.71494952731934	30.267585322864925	0.0
100.0	32.58914230645679	18.358496627047863	17.12174751044009	31.930613556055253	0.0
101.0	28.55303396104941	20.553677772412684	17.817479478512794	33.07580878802511	0.0
102.0	30.187157147466927	19.63536624717651	20.651823168764118	29.525653436592446	0.0
103.0	29.187611480460518	15.842386898005515	19.604345711042644	35.36565591049132	0.0
104.0	27.400162999185003	15.550122249388753	20.961695191524043	36.0880195599022	0.0
105.0	28.707037643207855	18.461538461538463	20.049099836333877	32.782324058919805	0.0
106.0	27.380365071534285	19.651373129419504	19.66781779312613	33.30044400592008	0.0
107.0	30.569777043765484	18.74483897605285	16.74649050371594	33.93889347646573	0.0
108.0	28.87744935237463	17.56891398206576	21.570906675523084	31.982729990036535	0.0
109.0	30.505084180696784	19.419903317219536	19.919986664444075	30.155025837639606	0.0
110.0	29.62838968865082	19.01573485102109	19.80247740207566	31.55339805825243	0.0
111.0	30.023521505376344	18.27956989247312	20.480510752688172	31.216397849462364	0.0
112.0	29.043683589138137	19.497385731151965	19.17692696913476	32.28200371057514	0.0
113.0	29.570800946265628	18.671848597499157	18.452179790469753	33.30517066576546	0.0
114.0	28.748514178977757	18.4751231108847	20.699609441331297	32.07675326880624	0.0
115.0	27.88756388415673	20.20442930153322	19.40374787052811	32.50425894378194	0.0
116.0	29.639131178382076	17.906618778860956	19.941850521635025	32.51239952112194	0.0
117.0	29.891584925141974	18.705902598520048	19.82447083118224	31.578041645155743	0.0
118.0	30.34173282706248	16.46530894028305	22.298929927511217	30.89402830514325	0.0
119.0	26.9450701784786	18.800901057009185	21.729336336856697	32.52469242765552	0.0
120.0	28.022264741694208	17.84658201426335	19.603409288571928	34.52774395547052	0.0
121.0	28.23960880195599	17.586447782046804	21.39364303178484	32.78030038421236	0.0
122.0	29.789473684210527	19.210526315789473	18.438596491228072	32.56140350877193	0.0
123.0	28.184377199155524	21.60450387051372	18.842364532019705	31.36875439831105	0.0
124.0	29.093799682034977	19.625507860801978	17.823706059000177	33.45698639816287	0.0
125.0	27.841815924809367	19.7375421173967	19.099131051604896	33.32151090618904	0.0
126.0	27.05064194008559	17.243223965763196	20.542082738944366	35.16405135520685	0.0
127.0	27.578796561604584	21.185530085959886	19.179799426934096	32.05587392550143	0.0
128.0	29.55407113197328	19.082866943491606	17.54829391586929	33.81476800866582	0.0
129.0	30.65892176438555	18.84189508077691	19.368306407696497	31.13087674714104	0.0
130.0	29.048749315318606	18.18513784918751	19.006755523096587	33.7593573123973	0.0
131.0	28.835930339138404	18.4967919340055	19.92667277726856	32.740604949587535	0.0
132.0	31.30772072404876	18.082748429996307	19.708164019209455	30.901366826745473	0.0
133.0	29.705553484904957	19.94036526276556	17.79724189340291	32.556839358926574	0.0
134.0	29.450384543237668	19.227161883323955	18.90827236916151	32.41418120427687	0.0
135.0	31.49442660117136	18.76062724352919	20.49877196296996	29.246174192329494	0.0
136.0	32.672890074299865	19.35606782244237	17.165174318917888	30.805867784339874	0.0
137.0	30.514351762666152	19.822770179156233	19.764977846272394	29.89790021190522	0.0
138.0	31.758989310009717	18.425655976676385	18.872691933916425	30.942662779397473	0.0
139.0	31.3371293932849	19.39917533870018	19.752601610053013	29.511093657961908	0.0
140.0	29.072082835523695	17.38351254480287	18.7773795300677	34.76702508960574	0.0
141.0	28.655326042932362	19.927095990279465	18.65127582017011	32.76630214661807	0.0
142.0	28.449531737773153	21.727367325702392	18.938605619146724	30.88449531737773	0.0
143.0	28.860921501706482	18.25938566552901	20.02986348122867	32.84982935153584	0.0
144.0	29.07848324514991	18.893298059964728	19.5326278659612	32.495590828924165	0.0
145.0	31.485688323489324	19.173103134938664	18.400726942298956	30.940481599273056	0.0
146.0	29.75852272727273	19.767992424242426	19.886363636363637	30.58712121212121	0.0
147.0	29.031440162271803	19.168356997971603	21.65314401622718	30.14705882352941	0.0
148.0	27.759009009009013	21.08671171171171	22.74774774774775	28.40653153153153	0.0
149.0	24.213075060532688	22.34520927014874	26.08094085091664	27.36077481840194	0.0
150.0	11.407902058987201	27.93544796883695	27.434613244296045	33.2220367278798	0.0
