# Position (bp)	A	C	G	T	N
0.0	27.623286172081514	22.228270934937676	25.882379351565525	24.266063541415285	0.0
1.0	27.758540377028112	21.569678364378195	14.870386063765903	35.80139519482779	0.0
2.0	30.160573947347007	18.907771689267104	16.85226804036935	34.079386323016536	0.0
3.0	24.043282003517994	21.965869273087897	16.79211565059068	37.19873307280343	0.0
4.0	33.335109112269414	14.221465802703484	15.778169695304372	36.66525538972273	0.0
5.0	35.05176308370093	15.071549081044116	23.048444865449614	26.828242969805334	0.0
6.0	32.87871612438596	17.360175084137346	20.898847437488964	28.862261353987734	0.0
7.0	36.2722322947287	17.850287370010957	19.705091955601265	26.17238837965908	0.0
8.0	24.222867983534023	27.818706092356322	19.628030275432458	28.330395648677204	0.0
9.0	29.26550410948924	17.286756319758332	16.029109699403403	37.418629871349026	0.0
10.0	27.56005907128065	16.52987050835489	24.45573436978958	31.45433605057488	0.0
11.0	32.38075755834971	14.911575224809939	17.682152795097196	35.02551442174317	0.0
12.0	26.67567120723427	22.099888750956264	20.087317889238545	31.137122152570917	0.0
13.0	27.567625127151775	20.825148448818435	19.119142962026807	32.48808346200299	0.0
14.0	29.568146344334007	19.65801427462541	20.94032063263436	29.833518748406224	0.0
15.0	28.33600013450766	17.428269586977414	22.616342120233035	31.619388158281893	0.0
16.0	28.343005741795736	19.429071028451173	19.005091675376974	33.22283155437612	0.0
17.0	30.571629532277633	17.430231157018078	19.420664299705486	32.5774750109988	0.0
18.0	31.85253476882897	17.043521634716427	19.748246496495796	31.355697099958807	0.0
19.0	32.07195038909143	19.542842090809483	18.35188885183701	30.033318668262076	0.0
20.0	30.974311839196094	16.7010875504754	18.240639808102404	34.0839608022261	0.0
21.0	30.11850685288505	16.41834124032876	19.706212852767354	33.75693905401884	0.0
22.0	28.121628551492616	18.303690273695068	24.34504577463802	29.2296354001743	0.0
23.0	28.57278966084454	21.165340738727277	18.920463939337047	31.341405661091137	0.0
24.0	33.349212709852964	20.10104887952317	16.4359953706947	30.113743039929158	0.0
25.0	29.762341778359396	22.014980790624815	17.470583454997378	30.752093976018408	0.0
26.0	31.712702847359026	16.627949010387916	21.965941539608302	29.693406602644757	0.0
27.0	27.76686459842458	20.23835878236941	24.902131666185614	27.092644953020397	0.0
28.0	27.47963469961357	19.100087710203248	17.543721995084866	35.87655559509832	0.0
29.0	27.158217437236765	18.797445475358476	19.465780410640676	34.57855667676408	0.0
30.0	27.526203802990068	19.547166845382126	15.483401918898739	37.44322743272907	0.0
31.0	36.12439989537719	15.988165247790123	17.60728759741593	30.280147259416758	0.0
32.0	35.74472414065944	15.836055567486918	21.314245667974095	27.104974623879553	0.0
33.0	31.2795041724518	17.487368134778066	20.366431444398323	30.86669624837181	0.0
34.0	33.70539583488102	17.653468043483645	21.209729341554613	27.431406780080724	0.0
35.0	29.016989806116328	17.93403957625425	24.330601639016592	28.718368978612833	0.0
