# Position (bp)	A	C	G	T	N
0.0	52.35762400489896	10.471524800979793	20.759338640538886	16.411512553582362	0.0
1.0	15.11627906976744	47.123623011015916	22.215422276621787	15.54467564259486	0.0
2.0	25.090689238210402	44.619105199516326	12.756952841596132	17.533252720677147	0.0
3.0	50.06009615384615	13.28125	11.71875	24.939903846153847	0.0
4.0	53.24129651860744	11.224489795918368	15.666266506602641	19.867947178871546	0.0
5.0	23.937761819269898	42.25014961101137	11.789347695990426	22.022740873728306	0.0
6.0	26.152004787552364	43.447037701974864	11.669658886894076	18.731298623578695	0.0
7.0	57.03171753441053	12.387791741472173	13.584679832435667	16.99581089168163	0.0
8.0	55.46921697549313	13.389121338912133	16.138673042438732	15.002988643156007	0.0
9.0	18.947997609085476	45.18828451882845	15.062761506276152	20.800956365809924	0.0
10.0	17.861409796893668	10.15531660692951	13.739545997610513	58.24372759856631	0.0
11.0	16.36798088410992	12.425328554360812	14.157706093189965	57.048984468339306	0.0
12.0	23.1044776119403	12.716417910447761	15.46268656716418	48.71641791044776	0.0
13.0	18.686567164179106	46.2089552238806	12.417910447761194	22.686567164179106	0.0
14.0	23.06317044100119	13.587604290822409	43.92133492252682	19.427890345649583	0.0
15.0	47.324613555291315	11.236623067776456	13.971462544589775	27.46730083234245	0.0
16.0	19.15776986951364	13.523131672597867	15.954922894424675	51.36417556346382	0.0
17.0	21.221102548903378	38.52993479549497	20.509780675755778	19.73918197984588	0.0
18.0	17.36810906935388	19.205690574985184	15.174866627148784	48.25133372851215	0.0
19.0	20.54470100651273	43.87211367673179	12.492599171107164	23.090586145648313	0.0
20.0	17.494089834515368	21.099290780141843	13.17966903073286	48.226950354609926	0.0
21.0	16.40117994100295	13.451327433628318	14.57227138643068	55.575221238938056	0.0
22.0	21.024734982332156	13.191990577149587	43.580683156654885	22.202591283863367	0.0
23.0	18.256772673733803	14.899882214369848	16.372202591283862	50.47114252061249	0.0
24.0	54.38493231312537	11.418481459682166	13.360800470865215	20.83578575632725	0.0
25.0	19.305473808122425	20.659211300765158	39.31724543849323	20.718069452619186	0.0
26.0	49.02884049440848	10.947616244849911	12.124779281930548	27.898763978811065	0.0
27.0	14.596821659799883	16.53914067098293	9.947027663331372	58.917010005885814	0.0
28.0	25.48557975279576	40.84755738669806	9.829311359623308	23.837551500882874	0.0
29.0	18.952324896998235	14.714537963507945	15.77398469688052	50.559152442613296	0.0
30.0	19.761194029850746	12.0	41.97014925373134	26.268656716417908	0.0
31.0	19.701492537313435	9.373134328358208	13.194029850746269	57.73134328358209	0.0
32.0	20.763723150357997	11.157517899761336	14.200477326968974	53.87828162291169	0.0
33.0	20.214669051878353	43.172331544424566	10.67382230172928	25.939177101967797	0.0
34.0	26.6388557806913	12.276519666269369	13.706793802145413	47.37783075089392	0.0
35.0	22.719141323792485	40.727489564698864	13.893858079904591	22.659511031604055	0.0
36.0	17.2927847346452	12.04531902206321	20.930232558139537	49.73166368515206	0.0
37.0	46.26865671641791	16.716417910447763	18.388059701492537	18.62686567164179	0.0
38.0	53.76344086021505	12.485065710872162	11.11111111111111	22.64038231780167	0.0
39.0	54.311377245508986	12.215568862275449	10.778443113772456	22.694610778443113	0.0
40.0	18.220084185207455	40.88995790739627	11.906193625977151	28.983764281419123	0.0
41.0	17.177177177177178	9.30930930930931	46.246246246246244	27.267267267267272	0.0
42.0	54.7820823244552	11.62227602905569	13.7409200968523	19.854721549636803	0.0
43.0	51.57575757575758	17.81818181818182	12.363636363636363	18.242424242424242	0.0
44.0	23.236009732360095	42.518248175182485	11.19221411192214	23.05352798053528	0.0
45.0	27.689873417721518	13.370253164556962	15.348101265822786	43.59177215189873	0.0
46.0	29.03225806451613	15.301902398676592	22.497932175351533	33.167907361455754	0.0
47.0	28.373702422145332	14.359861591695502	20.32871972318339	36.937716262975776	0.0
48.0	24.58874458874459	15.757575757575756	25.887445887445885	33.76623376623377	0.0
49.0	25.736568457538993	18.544194107452338	19.75736568457539	35.961871750433275	0.0
50.0	30.695652173913047	20.782608695652176	19.39130434782609	29.130434782608695	0.0
51.0	24.69352014010508	19.264448336252187	17.775831873905428	38.2661996497373	0.0
52.0	25.83479789103691	18.89279437609842	24.077328646748683	31.195079086115996	0.0
53.0	30.430958663148637	23.57080035180299	19.085312225153913	26.912928759894463	0.0
54.0	28.545618789521228	19.69286359530262	16.440831074977417	35.320686540198736	0.0
55.0	28.830462375339984	15.59383499546691	23.209428830462375	32.36627379873073	0.0
56.0	24.319419237749546	23.593466424682397	18.96551724137931	33.12159709618875	0.0
57.0	26.225045372050815	16.424682395644282	20.054446460980035	37.295825771324864	0.0
58.0	29.310344827586203	16.60617059891107	23.23049001814882	30.852994555353902	0.0
59.0	32.9700272479564	18.34695731153497	21.162579473206176	27.520435967302454	0.0
60.0	23.978201634877383	22.524977293369663	19.709355131698455	33.787465940054496	0.0
61.0	25.158946412352407	21.98001816530427	21.525885558583106	31.33514986376022	0.0
62.0	27.752502274795273	24.021838034576888	22.29299363057325	25.932666060054594	0.0
63.0	32.48407643312102	16.37852593266606	18.3803457688808	32.75705186533212	0.0
64.0	28.935395814376708	15.468607825295724	28.02547770700637	27.5705186533212	0.0
65.0	26.660600545950864	26.2056414922657	21.11010009099181	26.023657870791627	0.0
66.0	27.388535031847134	15.92356687898089	21.019108280254777	35.6687898089172	0.0
67.0	32.26982680036463	17.684594348222422	16.49954421148587	33.54603463992707	0.0
68.0	25.688073394495415	17.98165137614679	16.788990825688074	39.54128440366972	0.0
69.0	26.997245179063363	20.018365472910926	24.517906336088156	28.46648301193756	0.0
70.0	26.5625	27.113970588235293	17.463235294117645	28.860294117647058	0.0
71.0	32.44485294117647	22.702205882352942	18.566176470588236	26.286764705882355	0.0
72.0	26.47058823529412	24.540441176470587	18.198529411764707	30.79044117647059	0.0
73.0	24.28702851885925	18.767249310027598	26.494940202391902	30.45078196872125	0.0
74.0	29.438822447102115	22.079116835326587	20.42318307267709	28.058877644894203	0.0
75.0	27.88550323176362	20.129270544783008	20.036934441366576	31.948291782086795	0.0
76.0	29.13165266106443	19.047619047619047	23.062558356676004	28.75816993464052	0.0
77.0	27.850467289719628	26.355140186915886	17.75700934579439	28.037383177570092	0.0
78.0	26.261682242990652	20.373831775700936	17.38317757009346	35.981308411214954	0.0
79.0	25.91206735266604	20.5799812909261	16.27689429373246	37.2310570626754	0.0
80.0	28.90551917680075	22.91861552853134	19.550982226379794	28.62488306828812	0.0
81.0	26.161137440758292	17.725118483412324	17.535545023696685	38.5781990521327	0.0
82.0	29.383886255924168	15.829383886255924	28.62559241706161	26.161137440758292	0.0
83.0	27.77251184834123	19.620853080568722	24.739336492890995	27.86729857819905	0.0
84.0	27.514231499051235	18.88045540796964	18.785578747628083	34.819734345351044	0.0
85.0	36.69201520912547	15.304182509505704	20.247148288973385	27.756653992395435	0.0
86.0	35.39486203615604	15.604186489058039	22.549952426260706	26.450999048525215	0.0
87.0	30.513307984790877	17.300380228136884	22.433460076045627	29.75285171102662	0.0
88.0	31.303520456707894	21.217887725975263	17.982873453853472	29.495718363463368	0.0
89.0	29.971455756422454	14.367269267364415	19.314938154138915	36.346336822074214	0.0
90.0	32.25499524262607	16.460513796384397	19.029495718363464	32.25499524262607	0.0
91.0	28.87112887112887	19.28071928071928	18.48151848151848	33.366633366633366	0.0
92.0	30.03003003003003	16.316316316316314	17.31731731731732	36.33633633633634	0.0
93.0	31.53153153153153	16.416416416416414	18.21821821821822	33.83383383383383	0.0
94.0	32.232232232232235	16.716716716716718	21.12112112112112	29.929929929929934	0.0
95.0	31.53153153153153	16.416416416416414	20.92092092092092	31.131131131131127	0.0
96.0	28.928928928928926	20.52052052052052	18.31831831831832	32.232232232232235	0.0
97.0	29.82982982982983	17.217217217217218	21.02102102102102	31.931931931931935	0.0
98.0	31.73173173173173	18.71871871871872	18.21821821821822	31.33133133133133	0.0
99.0	32.46492985971944	17.13426853707415	18.43687374749499	31.96392785571142	0.0
100.0	31.92771084337349	14.156626506024098	19.979919678714857	33.93574297188755	0.0
101.0	31.722054380664655	20.44310171198389	19.83887210473313	27.99597180261833	0.0
102.0	31.955645161290324	17.237903225806452	20.362903225806452	30.443548387096776	0.0
103.0	27.575757575757574	17.67676767676768	20.303030303030305	34.44444444444444	0.0
104.0	26.113360323886642	18.31983805668016	21.356275303643724	34.21052631578947	0.0
105.0	26.802030456852794	18.47715736040609	19.796954314720814	34.923857868020306	0.0
106.0	30.691056910569102	17.073170731707318	18.089430894308943	34.146341463414636	0.0
107.0	32.01219512195122	17.17479674796748	21.239837398373986	29.573170731707314	0.0
108.0	35.51020408163265	15.918367346938775	16.93877551020408	31.63265306122449	0.0
109.0	27.096114519427406	21.472392638036812	19.427402862985684	32.0040899795501	0.0
110.0	24.872057318321392	21.18730808597748	20.266120777891505	33.67451381780962	0.0
111.0	29.098360655737704	17.62295081967213	19.979508196721312	33.299180327868854	0.0
112.0	25.35934291581109	18.993839835728956	21.25256673511294	34.394250513347025	0.0
113.0	28.05755395683453	18.80781089414183	20.65775950668037	32.476875642343266	0.0
114.0	28.703703703703702	16.97530864197531	18.106995884773664	36.21399176954733	0.0
115.0	28.895768833849328	17.543859649122805	18.67905056759546	34.88132094943241	0.0
116.0	28.998968008255932	19.917440660474718	19.5046439628483	31.57894736842105	0.0
117.0	30.81695966907963	18.510858324715613	16.85625646328852	33.81592554291623	0.0
118.0	29.296066252587995	16.252587991718425	22.25672877846791	32.19461697722567	0.0
119.0	22.901554404145077	21.6580310880829	27.979274611398964	27.461139896373055	0.0
120.0	27.357512953367873	22.590673575129532	21.761658031088082	28.290155440414505	0.0
121.0	28.526970954356845	18.775933609958507	20.435684647302903	32.261410788381745	0.0
122.0	30.520833333333336	16.979166666666668	23.854166666666668	28.645833333333332	0.0
123.0	31.69968717413973	18.561001042752867	17.935349322210637	31.803962460896766	0.0
124.0	29.405630865484877	17.622523461939522	19.603753910323256	33.36809176225234	0.0
125.0	29.52879581151833	20.732984293193716	19.581151832460733	30.157068062827225	0.0
126.0	32.38993710691824	19.81132075471698	17.19077568134172	30.60796645702306	0.0
127.0	29.831932773109244	16.911764705882355	22.163865546218485	31.092436974789916	0.0
128.0	32.49211356466877	18.08622502628812	19.873817034700316	29.547844374342798	0.0
129.0	30.76923076923077	17.38672286617492	18.651211801896732	33.19283456269758	0.0
130.0	33.157338965153116	19.957761351636748	15.417106652587117	31.46779303062302	0.0
131.0	31.35593220338983	20.44491525423729	18.326271186440678	29.8728813559322	0.0
132.0	26.73056443024494	18.10436634717785	23.642172523961662	31.52289669861555	0.0
133.0	27.825159914712156	21.108742004264393	19.936034115138593	31.13006396588486	0.0
134.0	25.0	21.9017094017094	21.367521367521366	31.73076923076923	0.0
135.0	27.467811158798284	18.025751072961373	20.064377682403432	34.442060085836914	0.0
136.0	24.06015037593985	16.541353383458645	22.234156820622985	37.16433941997852	0.0
137.0	28.602150537634408	14.301075268817204	23.118279569892472	33.97849462365591	0.0
138.0	29.56989247311828	17.20430107526882	21.935483870967744	31.290322580645164	0.0
139.0	31.14224137931034	19.396551724137932	18.96551724137931	30.495689655172413	0.0
140.0	30.0	16.195652173913043	23.91304347826087	29.891304347826086	0.0
141.0	34.16757344940152	14.907508161044614	18.824809575625682	32.10010881392819	0.0
142.0	31.515812431842967	16.68484187568157	20.283533260632495	31.515812431842967	0.0
143.0	33.84446878422782	17.634173055859804	19.715224534501644	28.806133625410734	0.0
144.0	32.08791208791209	18.461538461538463	16.043956043956044	33.4065934065934	0.0
145.0	28.618784530386744	18.563535911602212	20.22099447513812	32.59668508287293	0.0
146.0	28.903654485049834	19.82281284606866	19.4905869324474	31.782945736434108	0.0
147.0	28.666666666666668	19.555555555555557	17.666666666666668	34.11111111111111	0.0
148.0	26.251390433815352	19.577308120133484	22.024471635150167	32.146829810901004	0.0
149.0	29.6875	19.419642857142858	17.96875	32.924107142857146	0.0
150.0	27.671541057367826	20.58492688413948	19.460067491563553	32.28346456692913	0.0
151.0	28.29763246899662	20.40586245772266	20.518602029312287	30.777903043968436	0.0
152.0	27.601809954751133	19.343891402714934	16.855203619909503	36.199095022624434	0.0
153.0	32.576617480136214	16.23155505107832	19.182746878547103	32.00908059023836	0.0
154.0	30.795454545454547	16.704545454545457	21.818181818181817	30.681818181818183	0.0
155.0	30.410022779043278	18.906605922551254	17.76765375854214	32.91571753986332	0.0
156.0	30.97142857142857	15.085714285714285	17.942857142857143	36.0	0.0
157.0	32.068965517241374	20.114942528735632	19.54022988505747	28.27586206896552	0.0
158.0	30.069124423963135	20.506912442396313	16.474654377880185	32.94930875576037	0.0
159.0	32.21709006928407	14.665127020785217	20.900692840646652	32.21709006928407	0.0
160.0	27.11471610660487	18.076477404403242	22.595596755504054	32.21320973348784	0.0
161.0	29.268292682926827	18.35075493612079	23.11265969802555	29.268292682926827	0.0
162.0	31.781140861466824	18.62630966239814	21.536670547147846	28.055878928987195	0.0
163.0	29.25407925407925	18.88111888111888	18.065268065268064	33.7995337995338	0.0
164.0	31.30128956623681	15.474794841735054	21.805392731535754	31.41852286049238	0.0
165.0	30.751173708920188	18.661971830985916	22.535211267605636	28.051643192488264	0.0
166.0	27.582159624413144	20.305164319248824	20.539906103286384	31.572769953051644	0.0
167.0	28.77358490566038	19.10377358490566	23.2311320754717	28.891509433962266	0.0
168.0	28.132387706855795	20.56737588652482	18.439716312056735	32.860520094562645	0.0
169.0	24.70449172576832	18.439716312056735	20.56737588652482	36.28841607565012	0.0
170.0	25.9478672985782	16.46919431279621	21.09004739336493	36.492890995260666	0.0
171.0	32.976190476190474	17.61904761904762	15.714285714285714	33.69047619047619	0.0
172.0	31.40794223826715	20.45728038507822	15.884476534296029	32.250300842358605	0.0
173.0	28.82991556091677	20.14475271411339	19.059107358262967	31.966224366706875	0.0
174.0	30.8252427184466	20.266990291262136	17.111650485436893	31.79611650485437	0.0
175.0	28.65853658536585	18.78048780487805	23.29268292682927	29.268292682926827	0.0
176.0	30.89133089133089	18.43711843711844	19.413919413919416	31.257631257631257	0.0
177.0	27.506112469437653	21.39364303178484	17.84841075794621	33.251833740831295	0.0
178.0	27.283950617283953	21.728395061728396	21.23456790123457	29.75308641975309	0.0
179.0	24.38118811881188	20.792079207920793	21.905940594059405	32.92079207920792	0.0
180.0	29.638854296388544	15.81569115815691	20.672478206724783	33.872976338729764	0.0
181.0	27.306733167082292	18.952618453865338	22.069825436408976	31.67082294264339	0.0
182.0	31.78391959798995	19.09547738693467	21.482412060301506	27.63819095477387	0.0
183.0	29.620253164556964	21.89873417721519	19.873417721518987	28.607594936708864	0.0
184.0	29.209183673469386	24.872448979591837	18.494897959183675	27.4234693877551	0.0
185.0	28.333333333333332	22.692307692307693	22.05128205128205	26.923076923076923	0.0
186.0	29.30591259640103	16.966580976863753	21.979434447300772	31.748071979434446	0.0
187.0	30.479896238651104	21.91958495460441	16.472114137483786	31.1284046692607	0.0
188.0	30.287206266318538	21.148825065274153	20.496083550913838	28.067885117493475	0.0
189.0	31.19266055045872	21.100917431192663	19.65923984272608	28.04718217562254	0.0
190.0	30.13157894736842	17.105263157894736	19.86842105263158	32.89473684210527	0.0
191.0	28.57142857142857	18.253968253968253	21.693121693121693	31.48148148148148	0.0
192.0	27.851458885941643	21.883289124668433	19.628647214854112	30.636604774535808	0.0
193.0	29.906542056074763	16.688918558077436	20.961281708945258	32.44325767690254	0.0
194.0	28.609625668449194	20.32085561497326	22.593582887700535	28.475935828877002	0.0
195.0	30.405405405405407	19.18918918918919	20.0	30.405405405405407	0.0
196.0	26.446280991735538	22.451790633608816	20.52341597796143	30.57851239669421	0.0
197.0	28.789986091794155	21.41863699582754	21.001390820584145	28.789986091794155	0.0
198.0	26.24113475177305	23.829787234042556	20.28368794326241	29.645390070921984	0.0
199.0	26.686656671664167	22.488755622188904	20.389805097451273	30.434782608695656	0.0
200.0	28.158844765342963	16.60649819494585	19.494584837545126	35.74007220216607	0.0
201.0	34.090909090909086	18.434343434343432	15.909090909090908	31.565656565656564	0.0
202.0	38.265306122448976	19.387755102040817	17.602040816326532	24.744897959183675	0.0
203.0	35.98971722365039	17.737789203084834	19.28020565552699	26.99228791773779	0.0
204.0	34.285714285714285	20.0	23.636363636363637	22.07792207792208	0.0
205.0	36.38743455497382	16.49214659685864	24.86910994764398	22.25130890052356	0.0
206.0	28.272251308900525	20.94240837696335	23.82198952879581	26.96335078534031	0.0
207.0	21.899736147757256	23.218997361477573	20.052770448548813	34.82849604221636	0.0
208.0	21.428571428571427	20.37037037037037	22.486772486772484	35.714285714285715	0.0
209.0	19.680851063829788	22.340425531914892	20.74468085106383	37.234042553191486	0.0
210.0	24.598930481283425	18.181818181818183	18.983957219251337	38.23529411764706	0.0
211.0	31.989247311827956	18.817204301075268	20.698924731182796	28.49462365591398	0.0
212.0	24.932249322493224	15.718157181571815	25.203252032520325	34.146341463414636	0.0
213.0	28.21917808219178	21.36986301369863	16.43835616438356	33.97260273972603	0.0
214.0	27.146814404432135	23.545706371191137	18.83656509695291	30.47091412742382	0.0
215.0	30.726256983240223	20.670391061452513	15.363128491620111	33.24022346368715	0.0
216.0	34.173669467787114	18.487394957983195	18.76750700280112	28.57142857142857	0.0
217.0	26.495726495726498	18.51851851851852	23.931623931623932	31.054131054131055	0.0
218.0	23.47826086956522	16.52173913043478	23.18840579710145	36.811594202898554	0.0
219.0	22.151898734177212	22.78481012658228	24.68354430379747	30.37974683544304	0.0
220.0	0.0	30.88235294117647	25.0	44.11764705882353	0.0
