# Position (bp)	A	C	G	T	N
0.0	59.83220789850624	8.870472682627378	14.487415592387967	16.80990382647841	0.0
1.0	11.938618925831202	60.97186700767263	14.864450127877237	12.225063938618925	0.0
2.0	15.596703632109065	55.70251297181809	10.70302167056669	17.997761725506155	0.0
3.0	60.81355244471496	10.793264353824306	13.623453033069588	14.769730168391154	0.0
4.0	59.58438925494172	12.55955397871262	11.170805879371514	16.685250886974153	0.0
5.0	16.034011539629518	54.631035529911934	10.699463508452272	18.635489422006277	0.0
6.0	15.606351775058158	57.60089005765147	11.317892181652676	15.474865985637706	0.0
7.0	61.687721071248106	11.642243557352199	12.511369378473978	14.15866599292572	0.0
8.0	60.153488841765125	13.803897808744825	11.228920529132585	14.813692820357469	0.0
9.0	16.545601291364004	54.66101694915254	9.150524616626312	19.642857142857142	0.0
10.0	17.3606210303458	8.992842020364957	10.575662869240851	63.07087408004839	0.0
11.0	14.136125654450263	12.625855819573099	10.662505034232783	62.57551349174386	0.0
12.0	18.10778202292379	9.662175749044842	10.7279308264629	61.50211140156847	0.0
13.0	16.23845845042152	52.66961059815335	11.340826977117624	19.751103974307508	0.0
14.0	15.13665031534688	10.501551706877565	58.58444288717589	15.77735509059966	0.0
15.0	57.88686022149058	12.541155342711763	12.45136186770428	17.120622568093385	0.0
16.0	14.314174718597469	11.624663811136568	13.88584520370555	60.17531626656042	0.0
17.0	19.405802861685213	52.82193958664547	11.277821939586644	16.49443561208267	0.0
18.0	14.193548387096774	12.357320099255583	12.923076923076923	60.52605459057072	0.0
19.0	17.656389412114603	57.13294339248538	10.518489144443341	14.692178050956677	0.0
20.0	16.242951825106342	13.91829063211	9.55584132950836	60.28291621327529	0.0
21.0	16.156428994667195	13.865297254592138	12.127197313845546	57.85107643689512	0.0
22.0	14.74763406940063	9.769321766561514	55.06703470031545	20.4160094637224	0.0
23.0	15.17628520779988	13.925546582627534	12.005121134528265	58.893047075044315	0.0
24.0	60.444313378551065	10.193649857465841	10.095350437432419	19.266686326550673	0.0
25.0	18.242513500245458	10.67255768286696	54.00098183603338	17.083946980854197	0.0
26.0	62.09432297284047	10.148053730757917	10.069614668104716	17.688008628296892	0.0
27.0	14.347272549211635	13.916364704730194	10.469101948878661	61.26726079717951	0.0
28.0	15.394389600234582	52.66347375623106	8.425373863747435	23.516762779786923	0.0
29.0	18.27946489600625	9.315496533541646	10.56537447514891	61.83966409530319	0.0
30.0	17.48361217102045	11.965561099696703	51.981215145289106	18.56961158399374	0.0
31.0	16.62582099794138	10.557788452112538	10.724438780511715	62.091951769434374	0.0
32.0	17.5972427375677	8.63613983259478	10.969965534219597	62.79665189561793	0.0
33.0	16.678193854362217	53.31488983302045	10.749925896650529	19.2569904159668	0.0
34.0	17.994655052954567	12.897159259625854	10.6305057903593	58.47767989706028	0.0
35.0	16.344533650510456	54.4057884825057	10.100109029636238	19.149568837347605	0.0
36.0	17.966809102653283	10.861572095796483	10.235516247639868	60.93610255391037	0.0
37.0	58.141619360621455	12.339408425455632	12.648142615277363	16.870829598645553	0.0
38.0	60.48089394392896	11.58335827596528	9.977052778609199	17.958695001496558	0.0
39.0	60.24361022364217	11.920926517571885	9.195287539936102	18.640175718849843	0.0
40.0	17.111334002006018	53.08926780341024	12.116349047141425	17.683049147442325	0.0
41.0	15.413881748071978	10.663239074550129	57.44987146529563	16.473007712082264	0.0
42.0	61.96021848912707	9.079666082654848	10.5740492631145	18.386066165103575	0.0
43.0	62.601036269430054	10.83937823834197	10.176165803108809	16.383419689119172	0.0
44.0	17.212260216847373	56.10925771476231	10.97789824854045	15.700583819849875	0.0
45.0	25.592841163310965	14.48173005219985	13.810589112602537	46.114839671886656	0.0
46.0	26.786688488816147	16.13020549190762	22.058556101109293	35.02454991816694	0.0
47.0	32.593014426727414	18.109339407744876	18.014426727410783	31.283219438116934	0.0
48.0	28.694322309309882	18.963869241062895	19.21238768877844	33.12942076084879	0.0
49.0	25.690184049079758	19.075920245398773	19.881134969325153	35.35276073619632	0.0
50.0	24.768875192604007	23.959938366718028	18.91371340523883	32.357473035439135	0.0
51.0	29.056018608257418	18.472572203915487	17.193254506687342	35.27815468113975	0.0
52.0	27.704280155642024	16.67315175097276	21.264591439688715	34.3579766536965	0.0
53.0	30.072392878106047	19.780864801408725	22.32439835648601	27.82234396399922	0.0
54.0	29.627439384979304	21.427163414153362	17.583284052828702	31.362113148038635	0.0
55.0	30.264717502963258	19.10312129593046	20.82180956143817	29.810351639668113	0.0
56.0	29.504950495049503	19.485148514851485	19.742574257425744	31.26732673267327	0.0
57.0	31.11686243280908	18.972725462870795	18.19629703364523	31.714115070674897	0.0
58.0	29.060684958942517	20.168235529741636	20.128179451231723	30.642900060084116	0.0
59.0	24.75327291037261	22.255790533736153	22.719033232628398	30.27190332326284	0.0
60.0	27.142279708973323	18.714632174616007	18.876313662085693	35.26677445432498	0.0
61.0	29.498884155001015	16.83911543923717	23.311016433353622	30.350983972408198	0.0
62.0	30.76609616951915	20.008149959250204	21.556642216788916	27.669111654441732	0.0
63.0	33.32650553052028	17.4313805817288	20.626792298238428	28.615321589512494	0.0
64.0	29.975379565038985	20.16823963890029	21.27615921214608	28.58022158391465	0.0
65.0	29.975328947368425	20.291940789473685	20.189144736842106	29.54358552631579	0.0
66.0	27.887788778877887	16.274752475247524	19.925742574257427	35.911716171617165	0.0
67.0	29.486116866970573	16.949854952341482	20.16162453377538	33.40240364691256	0.0
68.0	25.562031640299747	18.567860116569527	20.04579517069109	35.82431307243964	0.0
69.0	24.98955286251567	20.14208106978688	23.1090681153364	31.759297952361052	0.0
70.0	28.305049235281793	21.62162162162162	18.709407081500103	31.363922061596476	0.0
71.0	27.37218598779718	20.871028823900694	21.249737008205344	30.50704818009678	0.0
72.0	27.069728249420688	19.043606488308406	18.559089951548348	35.327575310722565	0.0
73.0	27.552742616033754	18.565400843881857	20.210970464135023	33.67088607594937	0.0
74.0	31.017528858486532	17.31509191962377	21.398033347584438	30.26934587430526	0.0
75.0	28.139734247749676	20.038576939562795	22.11744534933562	29.704243463351908	0.0
76.0	28.722030981067125	19.3631669535284	17.83562822719449	34.07917383820998	0.0
77.0	29.812459581806422	18.32291442121147	18.236688941582237	33.62793705539987	0.0
78.0	28.86821034408137	19.995671932482146	19.368102142393422	31.768015581043063	0.0
79.0	28.943371664135388	22.32588413972662	18.74593187242352	29.984812323714472	0.0
80.0	31.01348412353197	19.46498477598956	18.76903001304915	30.75250108742932	0.0
81.0	28.17546922741161	18.790920995198604	17.437800087298122	35.59580969009166	0.0
82.0	29.555895865237364	19.29555895865237	22.445854298840516	28.70269087726974	0.0
83.0	28.809471607103703	19.688664766498576	22.319666739750055	29.182196886647667	0.0
84.0	28.62469839877166	19.368282518096073	19.719236674709368	32.2877824084229	0.0
85.0	33.50175746924429	16.87170474516696	22.759226713532513	26.86731107205624	0.0
86.0	30.108000881639853	19.219748732642717	21.20343839541547	29.468811990301962	0.0
87.0	31.360424028268554	17.557420494699645	21.090989399293285	29.99116607773852	0.0
88.0	34.86623922175547	18.063232367897413	18.350652221976567	28.719876188370552	0.0
89.0	31.646693297825124	19.10785619174434	17.332445628051488	31.91300488237905	0.0
90.0	29.500554938956714	20.155382907880135	18.157602663706992	32.18645948945616	0.0
91.0	30.173564753004005	21.940364931019136	15.732087227414329	32.153983088562526	0.0
92.0	30.66100937918714	18.870031263957124	17.887449754354623	32.58150960250112	0.0
93.0	32.60286225402504	17.978533094812164	19.81216457960644	29.60644007155635	0.0
94.0	29.202151501568803	18.242940385477365	19.99103541012999	32.56387270282385	0.0
95.0	30.435759209344116	18.39622641509434	20.889487870619945	30.2785265049416	0.0
96.0	28.603552957049693	17.0901731504385	19.04654823476501	35.25972565774679	0.0
97.0	30.21631365479946	19.671022983325823	19.648490310950876	30.464173050923836	0.0
98.0	31.60270880361174	21.647855530474043	18.48758465011287	28.261851015801355	0.0
99.0	31.542108828177916	19.485211108602392	19.033641905622037	29.939038157597654	0.0
100.0	35.071412378145546	14.599863976422581	18.884606665155292	31.444116980276583	0.0
101.0	31.34124087591241	20.8485401459854	18.20255474452555	29.607664233576642	0.0
102.0	32.73686625372792	15.531085111264051	20.46340903877036	31.26863959623767	0.0
103.0	29.134948096885815	20.761245674740483	19.607843137254903	30.4959630911188	0.0
104.0	29.421296296296294	18.310185185185183	21.666666666666668	30.60185185185185	0.0
105.0	28.826945412311268	20.34843205574913	19.67479674796748	31.149825783972123	0.0
106.0	29.78326730365882	18.0610580284316	19.36611512467956	32.78955954323002	0.0
107.0	31.067507591684183	18.12660593319318	19.434711516000934	31.3711749591217	0.0
108.0	32.6607226654153	18.81745659314876	15.251055842327546	33.2707648991084	0.0
109.0	28.17497648165569	19.590780809031045	21.331138287864533	30.90310442144873	0.0
110.0	26.06847697756789	21.18063754427391	20.094451003541913	32.65643447461629	0.0
111.0	28.703484237971082	19.530694477364303	19.69661057122541	32.069210713439205	0.0
112.0	24.429115128449098	19.17221693625119	22.19314938154139	34.205518553758324	0.0
113.0	28.632887189292543	20.26768642447419	19.168260038240916	31.931166347992352	0.0
114.0	29.67059389276268	17.28780956960808	19.52392402019716	33.517672517432075	0.0
115.0	27.73088979985532	18.905232698336146	19.604533397636846	33.75934410417169	0.0
116.0	27.39393939393939	19.24848484848485	18.787878787878785	34.56969696969697	0.0
117.0	30.55352353084613	18.093148012679837	18.33699097781029	33.01633747866374	0.0
118.0	29.617834394904456	15.164135227829496	20.578147966682998	34.63988241058304	0.0
119.0	23.292383292383292	22.506142506142506	27.1007371007371	27.1007371007371	0.0
120.0	28.574950690335303	19.97041420118343	21.227810650887573	30.226824457593686	0.0
121.0	30.716049382716047	17.679012345679013	18.987654320987655	32.617283950617285	0.0
122.0	29.013875123885036	18.607532210109017	23.31516352824579	29.06342913776016	0.0
123.0	31.245339299030572	19.512801391996025	17.47452150136714	31.767337807606268	0.0
124.0	29.797348011008257	19.864898674005506	20.640480360270203	29.697272954716038	0.0
125.0	28.410230692076226	20.160481444332998	20.486459378134402	30.94282848545637	0.0
126.0	31.133501259445843	18.564231738035264	19.093198992443323	31.20906801007557	0.0
127.0	28.264713311442286	21.6468805253852	22.202576408183887	27.885829754988634	0.0
128.0	29.332656686120274	19.893428063943162	21.111393047449887	29.66252220248668	0.0
129.0	31.206940546057666	19.239601939270223	16.76448073488135	32.788976779790765	0.0
130.0	28.457788042083653	20.477290223248655	18.347446753913268	32.717474980754425	0.0
131.0	27.56756756756757	19.45945945945946	21.75032175032175	31.222651222651223	0.0
132.0	27.117768595041326	19.78305785123967	20.55785123966942	32.54132231404959	0.0
133.0	27.9781988061251	23.072930184271996	20.114196729820918	28.834674279781986	0.0
134.0	24.79770294962151	23.257635082223963	19.733750978856694	32.21091098929783	0.0
135.0	26.898899947616556	17.600838135149292	19.041382922996334	36.45887899423782	0.0
136.0	24.631966351209254	21.871713985278653	20.68874868559411	32.80757097791798	0.0
137.0	28.846661388229084	17.12852995513328	21.06096595407759	32.963842702560044	0.0
138.0	30.03973509933775	17.403973509933778	19.894039735099337	32.662251655629134	0.0
139.0	30.220803405160947	17.85049215216813	20.351157222665602	31.57754722000532	0.0
140.0	27.931769722814497	19.936034115138593	21.321961620469082	30.810234541577824	0.0
141.0	30.674518201284794	17.558886509635975	19.887580299785867	31.879014989293363	0.0
142.0	30.574278781342677	15.826368293340524	18.846050148287947	34.75330277702885	0.0
143.0	30.69628826876185	19.534001625575726	19.588187483066918	30.1815226225955	0.0
144.0	29.89381976585897	17.723931391233325	18.894636536890825	33.48761230601688	0.0
145.0	27.596601808714716	20.909838311866263	19.92326664839682	31.570293231022195	0.0
146.0	30.104567969179968	20.170610897083105	18.49201981287837	31.232801320858556	0.0
147.0	28.82434301521438	19.446749654218536	16.210235131396956	35.518672199170126	0.0
148.0	25.890868596881962	21.492204899777285	20.74053452115813	31.87639198218263	0.0
149.0	27.572706935123044	21.364653243847876	19.211409395973153	31.851230425055927	0.0
150.0	29.626509407469815	18.899185622016287	18.112889637742207	33.36141533277169	0.0
151.0	29.415089008194407	18.084204577564282	21.474992935857586	31.025713478383725	0.0
152.0	26.797385620915033	20.48877522023302	19.522591645353792	33.19124751349815	0.0
153.0	32.74386765544781	19.053051911009696	18.42555618938962	29.777524244152882	0.0
154.0	31.450688073394495	17.746559633027523	21.18692660550459	29.615825688073393	0.0
155.0	28.727691421991942	19.689119170984455	17.875647668393782	33.70754173862982	0.0
156.0	31.315179606025495	17.062572421784473	18.713789107763613	32.90845886442642	0.0
157.0	29.045401629802097	19.383003492433062	21.27473806752037	30.29685681024447	0.0
158.0	27.016720445878555	22.029920797887943	18.040481079495454	32.91287767673804	0.0
159.0	34.771048744460856	13.234859675036928	21.3589364844904	30.635155096011818	0.0
160.0	25.007442691277166	19.648704971717773	24.828818100625185	30.515034236379872	0.0
161.0	28.01556420233463	18.82669859323556	22.388506435199044	30.76923076923077	0.0
162.0	30.889894419306184	18.12971342383107	19.607843137254903	31.372549019607842	0.0
163.0	28.40254622612913	17.97514398302516	19.24825704759018	34.37405274325553	0.0
164.0	29.128580134064595	17.09323583180987	22.638634978671544	31.13954905545399	0.0
165.0	31.462741490340385	16.62066850659307	21.71113155473781	30.20545844832873	0.0
166.0	27.707497685899412	19.808701018204257	21.8759642085776	30.607837087318728	0.0
167.0	26.886060229742313	19.43495808755045	21.60819621235641	32.07078547035082	0.0
168.0	27.057356608478806	19.79426433915212	18.110972568578553	35.03740648379052	0.0
169.0	26.861451460885956	18.473138548539115	19.478479421929	35.18693056864593	0.0
170.0	29.794628751974724	16.05055292259084	18.357030015797786	35.79778830963665	0.0
171.0	28.14791201785145	19.859738603761556	16.576346828179787	35.4160025502072	0.0
172.0	32.371794871794876	19.807692307692307	16.923076923076923	30.897435897435898	0.0
173.0	28.654404646660215	17.941271377863828	18.651177799290096	34.753146176185865	0.0
174.0	29.51513179303612	21.151968760169215	16.986657988935892	32.346241457858774	0.0
175.0	29.166666666666668	18.96325459317585	21.358267716535433	30.511811023622048	0.0
176.0	26.96629213483146	19.7951090548579	21.216126900198283	32.02247191011236	0.0
177.0	30.289903365544816	22.492502499166946	19.493502165944683	27.72409196934355	0.0
178.0	27.342962714141755	18.777292576419214	23.177695666778636	30.702049042660395	0.0
179.0	25.879566982408658	18.43707713125846	26.759133964817323	28.924221921515564	0.0
180.0	29.231815091774305	17.912984364377973	21.24405166553365	31.611148878314072	0.0
181.0	29.2991452991453	19.31623931623932	18.76923076923077	32.61538461538461	0.0
182.0	31.955922865013775	20.075757575757574	18.767217630853995	29.201101928374655	0.0
183.0	27.429955032860605	21.169145624351433	23.486682808716708	27.914216534071258	0.0
184.0	27.756521739130434	22.36521739130435	18.295652173913044	31.582608695652176	0.0
185.0	27.46059544658494	24.063047285464098	22.13660245183888	26.339754816112084	0.0
186.0	31.326997536078842	17.036254839845125	20.802534318901795	30.834213305174234	0.0
187.0	31.61816891412349	20.546486870120653	18.0624556422995	29.772888573456353	0.0
188.0	28.132809710817565	20.885398072117102	20.099964298464833	30.8818279186005	0.0
189.0	31.069364161849713	19.002890173410407	19.002890173410407	30.924855491329478	0.0
190.0	30.66569661695162	16.842488177519098	20.698435794834484	31.7933794106948	0.0
191.0	26.44688644688645	22.490842490842493	19.304029304029307	31.758241758241756	0.0
192.0	30.868761552680223	20.295748613678374	17.59704251386322	31.23844731977819	0.0
193.0	28.550074738415542	17.60089686098655	22.458893871449924	31.390134529147986	0.0
194.0	28.732606242948478	21.850319669048517	21.963144039112446	27.453930048890562	0.0
195.0	29.699962020508924	20.58488416255222	19.82529434105583	29.889859475883025	0.0
196.0	30.222734254992318	19.35483870967742	21.006144393241165	29.416282642089094	0.0
197.0	28.01875732708089	19.03087143415397	22.743259085580306	30.20711215318484	0.0
198.0	27.53391859537111	23.06464485235435	20.11173184357542	29.289704708699123	0.0
199.0	28.330522765598655	21.33220910623946	18.676222596964585	31.661045531197303	0.0
200.0	25.48732943469786	15.009746588693956	24.6588693957115	34.84405458089669	0.0
201.0	34.15119363395225	18.23607427055703	18.76657824933687	28.846153846153843	0.0
202.0	38.564721663313215	18.175720992622402	17.84037558685446	25.419181757209923	0.0
203.0	31.775067750677504	17.344173441734416	19.647696476964768	31.233062330623305	0.0
204.0	30.17711171662125	17.847411444141688	25.681198910081743	26.294277929155314	0.0
205.0	34.20150788211104	16.449623029472242	25.565455791638108	23.783413296778615	0.0
206.0	29.48895027624309	20.78729281767956	23.61878453038674	26.10497237569061	0.0
207.0	26.796929518492675	25.471039776692255	15.282623866015351	32.449406838799725	0.0
208.0	31.48936170212766	17.73049645390071	20.49645390070922	30.28368794326241	0.0
209.0	24.299065420560748	20.7764198418404	20.273184759166067	34.651329978432784	0.0
210.0	25.39912917271408	18.287373004354137	19.15820029027576	37.15529753265602	0.0
211.0	31.332357247437777	19.54612005856515	18.667642752562223	30.45387994143485	0.0
212.0	28.002947678703023	19.086219602063377	22.62343404568902	30.287398673544587	0.0
213.0	25.892857142857146	20.833333333333336	17.410714285714285	35.86309523809524	0.0
214.0	29.07588279489106	25.544703230653642	18.106686701728027	27.27272727272727	0.0
215.0	30.234315948601665	21.164021164021165	17.46031746031746	31.141345427059715	0.0
216.0	30.03048780487805	17.53048780487805	16.76829268292683	35.670731707317074	0.0
217.0	23.183925811437405	19.319938176197837	27.58887171561051	29.90726429675425	0.0
218.0	25.119999999999997	19.6	18.48	36.8	0.0
219.0	20.782608695652176	21.82608695652174	23.82608695652174	33.565217391304344	0.0
220.0	0.0	28.47769028871391	26.509186351706038	45.01312335958006	0.0
