# Position (bp)	A	C	G	T	N
0.0	27.11467629240444	23.82105793755227	23.13782941375255	25.926436356290743	0.0
1.0	27.30460827585688	19.76042383946478	15.309244020002936	37.6257238646754	0.0
2.0	27.89954894550774	19.949174317088495	18.078939224861447	34.07233751254232	0.0
3.0	24.102893072821498	21.643715716179997	15.093951459815107	39.15943975118339	0.0
4.0	33.88440692312999	14.229221008041437	14.613860057015327	37.27176622596938	7.457858438660046E-4
5.0	35.682736532409734	14.907733273746345	22.070089194272203	27.329944323408377	0.00949667616334283
6.0	32.319733772088824	17.448525242384523	20.082545525530552	30.143432146276623	0.0057633137194753525
7.0	35.069169171585216	16.887452261110607	20.361970787605806	27.68047945904899	9.283206493788606E-4
8.0	23.78160810858413	26.182702700698396	21.829919221920022	28.20428678165075	0.0014831871467001867
9.0	28.8724097175652	18.113359243876502	16.171550520001627	36.84268051855666	0.0
10.0	27.04434992800216	17.037020585088857	24.35618385545647	31.56244563145251	0.0
11.0	28.177991181083723	18.667877541357168	19.686824894202598	33.46564173892457	0.0016646444319493357
12.0	26.627232060334947	19.759510517948907	21.059188879441017	32.54778365189101	0.006284890384117712
13.0	27.69177065094528	20.870365034686053	18.25339657350562	33.1842830440982	1.8469676485146686E-4
14.0	31.31238133232858	18.366430993594715	20.388491175188577	29.931218924769315	0.001477574118811735
15.0	29.89446426856387	18.536352017258064	19.11002016888672	32.45805536470223	0.001108180589108801
16.0	30.64728828209845	17.490968328198765	18.794558094520415	33.06533832753386	0.0018469676485146688
17.0	30.106496154613353	18.243792341733343	20.3035306633569	31.343040995293926	0.0031398450024749365
18.0	31.545468649571134	18.056694518938805	18.538383681671434	31.85243467275427	0.007018477064355741
19.0	30.202538472336123	18.299386067953634	19.822026197389125	31.676049262321122	0.0
20.0	30.01894988807376	18.045243319518015	19.800786069431208	32.13502072297702	0.0
21.0	30.09098162636583	17.34080985837452	19.290468908146604	33.27755491034819	1.8469676485146686E-4
22.0	28.788500040633284	18.958014731413964	19.817778171797542	32.4349682690958	7.387870594058675E-4
23.0	29.879134437081202	17.526245410285394	19.91455927657971	32.678583301934886	0.001477574118811735
24.0	30.911774049365754	17.7785411910725	18.419069571577385	32.88950700739526	0.001108180589108801
25.0	29.526363616214894	17.763396056354676	19.305429346099572	33.4042568910363	5.540902945544005E-4
26.0	31.406207288873127	17.48672030260718	20.471789416136588	30.635282992383107	0.0
27.0	28.779080505625863	18.148673507834836	19.94946696513664	33.122409627872955	3.6939352970293373E-4
28.0	30.1375252111084	17.770414533419032	20.124005407921274	31.965099699313665	0.00295514823762347
29.0	29.377736980239256	18.380317198809813	19.45303799034773	32.78650676822545	0.002401062377753603
30.0	30.167411002877607	18.145180653907673	19.0902844731097	32.595092183176895	0.0020316869281263045
31.0	30.403367459832253	18.143685920464264	19.219012332453545	32.23208728207648	0.0018470051734614907
32.0	29.103475535312228	18.340342769752482	19.371163972789716	33.185017722145574	0.0
33.0	29.66703545748224	17.755338385582803	19.62601286642815	32.94976625804152	0.0018470324652896425
34.0	29.66136444234293	17.873396772858914	19.42638453809327	33.038484839529524	3.6940717536497426E-4
35.0	30.415377621059402	17.329762815608262	19.353056193148007	32.90143375137221	3.696188121190616E-4
36.0	31.09687460144653	17.2633493463261	19.080106243958163	32.55948497187715	1.848363920675614E-4
37.0	29.133545310015897	18.889895367323547	19.350205198358413	32.626169260916186	1.848633859577772E-4
38.0	31.010860762583064	18.22773950440606	18.95068097018375	31.81034897179604	3.69791031088332E-4
39.0	30.032165760020124	18.7539883507788	19.2927972003396	31.92049378788355	5.549009779204901E-4
40.0	29.704724628128552	18.464523630546598	19.59522760347043	32.231080565666744	0.004443572187681677
41.0	29.53897140188059	18.006676416236182	20.62311982517502	31.828266708185748	0.0029656485224583
42.0	29.046366607436312	18.28548534883462	19.562523880713286	33.103398387796815	0.002225775218960637
43.0	29.505202968670837	18.298452007787287	20.310043854521023	31.88333175583258	0.0029694131882774992
44.0	29.689313213796996	18.80032901272046	19.731479573174695	31.778692527215036	1.856730928124089E-4
45.0	29.358866713230597	18.530152620707078	19.6443432256914	32.466637440370924	0.0
46.0	30.04742295627871	17.316997933607862	19.57590646230693	33.05911516791294	5.574798935585057E-4
47.0	29.83346128751025	18.290631337681916	19.66956221082511	32.20448626552878	0.001858898453954156
48.0	30.33584802509609	17.80788548328012	18.73504248074931	33.12048020261337	7.43808261106452E-4
49.0	29.017262546969754	18.028572491536142	20.008928903605046	32.94467800141374	5.580564753153019E-4
50.0	29.786560735068	18.31769055215729	19.37353174411115	32.52203081894706	1.8614971649398178E-4
51.0	30.171438581974257	18.049972324568515	19.348388022595078	32.430201070862154	0.0
52.0	29.786436028773757	18.071299950550937	19.838030994299363	32.30423302637595	0.0
53.0	31.228746739609726	17.763428323729663	19.34822089190825	31.648954059326023	0.010649985426335733
54.0	30.025327252797407	18.482534670652186	19.151443503765417	32.338262857228365	0.002431715556619691
55.0	29.128584241974835	18.21758336001678	18.17301732644994	34.478568044655916	0.0022470269025295906
56.0	29.281494587219242	18.02823342429604	20.55657180555972	32.13332533661199	3.748463130116652E-4
57.0	28.231812410564753	18.646229325571497	19.528813387671203	33.5923946984942	7.501776983422948E-4
58.0	30.5710199224425	17.700078458460187	22.049267408205477	29.679446511226317	1.8769966551919603E-4
59.0	28.996173536509275	20.496011907894243	21.173912389773044	29.324505153321656	0.009397012501785432
60.0	31.190463639991865	18.564990172970774	19.850034262822202	30.394511924215156	0.0
61.0	29.260753372599385	20.79214829818814	19.578710330819323	30.36838799839315	0.0
62.0	30.822033081011984	16.464677217140707	21.61422631012645	31.098685193344465	3.7819837639437015E-4
63.0	26.35434169680745	20.439343453042085	25.36306591101112	27.841730033510853	0.0015189056284946696
64.0	26.13881375947583	19.987429050321893	17.9591253666527	35.91272713420441	0.0019046893451678032
65.0	27.756414911874995	19.31392073145094	18.61958511870406	34.30491902284638	0.005160215123634932
66.0	26.80053768286299	19.274511646279844	17.083895017612758	36.83089260340903	0.010163049835377767
67.0	33.458995319908865	14.041235605640741	17.706024077837306	34.79297524478108	7.697518320093601E-4
68.0	34.47316760286886	15.375614686388461	23.106182821823555	27.04464615444421	3.88734474916908E-4
69.0	32.013661088322785	16.871364699858905	20.485282181646436	30.629692030171874	0.0
70.0	32.99752581640574	16.032153694488578	22.024724728363722	28.945595760741956	0.0
71.0	25.684710290032942	20.235288418060847	25.276683246129668	28.803318045776543	0.0
