# Position (bp)	A	C	G	T	N
0.0	36.43897336873441	14.7236302196476	18.376377826051975	30.461018585566013	0.0
1.0	29.604151580979966	19.374044573175638	17.145385791294554	33.876418054549845	0.0
2.0	30.63452081084323	18.671784414857463	18.503858302346966	32.18983647195234	0.0
3.0	32.63032705649157	17.38354806739346	19.619425173439048	30.366699702675916	0.0
4.0	33.19021546460787	17.38291251427896	19.068814747705517	30.358057273407653	0.0
5.0	31.88037529319781	17.51759186864738	18.835027365129005	31.7670054730258	0.0
6.0	32.06460400856198	17.322436271648183	20.190698579490174	30.422261140299668	0.0
7.0	32.186808494118566	18.191699988353584	18.871074187662565	30.750417329865286	0.0
8.0	31.262105834043542	17.80429224451848	18.52095761989618	32.412644301541796	0.0
9.0	32.131261595547315	17.304421768707485	19.78586889301175	30.778447742733455	0.0
10.0	31.406424742586093	18.317843507770622	19.06983918861594	31.205892561027344	0.0
11.0	30.943860864211782	17.83062064719689	18.931086228789106	32.29443225980223	0.0
12.0	31.537723171434056	17.95738145517374	20.06527164522941	30.439623728162797	0.0
13.0	31.997855063582044	18.580511720545427	18.963536080894745	30.458097134977784	0.0
14.0	30.897136959596345	18.22560299682734	18.40525973777761	32.47200030579871	0.0
15.0	32.068202624351535	17.828806835520293	19.903875495880378	30.199115044247787	0.0
16.0	32.002435960872376	18.06036615536863	19.567616945152817	30.369580938606173	0.0
17.0	31.43475126171593	17.997950897431032	19.27294805145524	31.294349789397792	0.0
18.0	31.56241722480796	18.117834033374958	19.771445869754416	30.548302872062667	0.0
19.0	31.552114803625376	18.202416918429005	18.542296072507554	31.70317220543807	0.0
20.0	30.53871927116666	18.23212739524903	19.241049580243192	31.988103753341115	0.0
21.0	31.73405413522544	17.93370124263243	19.442880204227205	30.889364417914933	0.0
22.0	31.104455260202172	18.240359415949083	19.341070760014976	31.314114563833773	0.0
23.0	31.51114596168926	18.035174190657553	18.763302341212054	31.690377506441138	0.0
24.0	31.081232075682518	18.220417892658944	20.160899847294125	30.537450184364406	0.0
25.0	31.220055710306404	18.54781801299907	19.35004642525534	30.88207985143918	0.0
26.0	31.413127984895045	18.388804561104735	18.84417459553515	31.35389285846507	0.0
27.0	31.297089673511596	18.156300782981237	20.047274338897918	30.499335204609245	0.0
28.0	31.0526509708559	18.252827825061715	20.04716112155042	30.64736008253196	0.0
29.0	31.100003675254513	17.560366055349334	19.328163475320668	32.01146679407549	0.0
30.0	31.00415792765942	17.444898259557714	20.68293041910439	30.868013393678478	0.0
31.0	30.756203519623003	18.51851851851852	19.19961711214196	31.525660849716513	0.0
32.0	30.652470250156576	18.4172714880448	19.268319640422945	31.66193862137568	0.0
33.0	31.301024194745438	17.47068428083717	20.383701944485676	30.844589579931718	0.0
34.0	30.266820054180428	18.93717296916169	20.10242327531822	30.693583701339666	0.0
35.0	30.251819937602136	17.87253008468281	19.439904917545682	32.43574506016936	0.0
36.0	30.491657066409005	17.466275223902784	20.639934594373628	31.40213311531458	0.0
37.0	29.6026735982176	19.138507240995175	19.88488674340884	31.373932417378388	0.0
38.0	30.00111404062535	18.359389505737308	18.942404099669503	32.69709235396785	0.0
39.0	30.50966999517428	17.90712350124355	20.245740376405955	31.33746612717621	0.0
40.0	29.98144023756496	18.79361544172235	19.677060133630288	31.547884187082403	0.0
41.0	30.69299580564938	17.564307189785087	18.90427229872685	32.83842470583869	0.0
42.0	30.864289160203363	17.92036219245185	20.19148699298623	31.023861654358555	0.0
43.0	30.41558441558442	18.500927643784788	19.584415584415584	31.499072356215212	0.0
44.0	30.497032640949556	17.66320474777448	19.376854599406528	32.46290801186944	0.0
45.0	30.262327928462767	18.151460057140735	20.303513784275165	31.28269823012133	0.0
46.0	30.051986632008916	18.997400668399557	19.528406981062012	31.422205718529522	0.0
47.0	30.27311859878284	17.57829894611845	19.05150660531394	33.097075849784765	0.0
48.0	30.00037115391753	17.952714990906728	21.014734810525926	31.032179044649816	0.0
49.0	30.170749814402377	19.04974016332591	18.98663697104677	31.792873051224944	0.0
50.0	29.680602440924435	17.887747152873093	19.264013057832845	33.167637348369624	0.0
51.0	30.499740490843035	18.154519166604878	20.037814191443612	31.30792615110847	0.0
52.0	29.994070120821288	18.812541694462976	19.43147283374101	31.761915350974725	0.0
53.0	29.747961452928095	18.380281690140844	18.484062268346925	33.38769458858414	0.0
54.0	30.55709996664072	17.7508432484525	20.393639497386857	31.298417287519925	0.0
55.0	29.655427936272694	18.97739903668025	19.477584290477957	31.889588736569102	0.0
56.0	30.136732500833734	17.634416570941564	19.25000926371957	32.97884166450513	0.0
57.0	30.28035998666716	17.784526499018554	20.562201399948147	31.372912114366137	0.0
58.0	29.68396873031751	19.010040383831647	19.35089474269201	31.95509614315883	0.0
59.0	29.686168438993665	18.3593315795324	19.289340101522843	32.66515987995109	0.0
60.0	30.139218009478675	18.083530805687204	20.379146919431278	31.398104265402843	0.0
61.0	30.187631841900743	18.315384330705747	19.55886162614263	31.93812220125088	0.0
62.0	29.399363858273542	18.222501664324284	18.670019971891413	33.708114505510764	0.0
63.0	29.50940885060446	18.163333210100188	20.839957114865616	31.487300824429738	0.0
64.0	30.54529333530368	18.62346682429437	19.831535392345202	30.999704448056747	0.0
65.0	29.98598613364803	18.406107095441808	18.56468505679304	33.043221714117124	0.0
66.0	30.408494322371332	17.70387848399941	20.258811384751514	31.628815808877746	0.0
67.0	30.13203511101276	18.562366305229773	19.539721177251604	31.765877406505865	0.0
68.0	29.754963465938445	18.056683150047974	19.647206435899328	32.54114694811425	0.0
69.0	30.028799291094373	18.14355338945503	20.894254910648353	30.933392408802245	0.0
70.0	29.820611250553668	18.706629263251145	20.219991141296322	31.25276834489886	0.0
71.0	29.674586776859503	17.967827626918538	19.273907910271546	33.08367768595041	0.0
72.0	30.45387453874539	17.416974169741696	20.789667896678967	31.33948339483395	0.0
73.0	30.771788524771864	18.531791480400486	20.083496508663686	30.61292348616396	0.0
74.0	29.76181670241882	18.192913677047116	19.46149863155559	32.58377098897847	0.0
75.0	30.258138587459726	17.847487130106295	20.7325654605385	31.161808821895487	0.0
76.0	30.465564534064793	18.42612499073319	19.267551338127365	31.840759137074652	0.0
77.0	29.335560504825537	17.383073496659243	19.892353377876763	33.38901262063846	0.0
78.0	30.85837388106823	17.702336292389408	20.447201277717937	30.992088548824427	0.0
79.0	30.214490167651757	18.54206163339653	19.240920411880598	32.00252778707111	0.0
80.0	29.614612008035117	17.587977085038315	19.08712149393646	33.71028941299011	0.0
81.0	30.578820026056206	17.28643216080402	20.859854829704076	31.2748929834357	0.0
82.0	30.086418833345753	18.185204499739253	19.496386798778218	32.23198986813678	0.0
83.0	29.69326525287913	17.74067310200887	19.335842868323954	33.23021877678804	0.0
84.0	29.98433654061311	17.88617886178862	20.925635861863206	31.20384873573506	0.0
85.0	30.285842227031868	18.079707440853795	18.979028285692962	32.65542204642137	0.0
86.0	30.28684544707552	18.11832374691865	20.030626727422128	31.564204078583703	0.0
87.0	30.434295111376887	17.812827029451338	20.122589325758707	31.630288533413065	0.0
88.0	30.053092051147836	18.331713153368728	20.350706647723023	31.26448814776041	0.0
89.0	29.635036496350363	17.735354669661238	19.74171813587872	32.88789069810968	0.0
90.0	30.190233672857996	18.02351707609347	20.626123427201918	31.160125823846613	0.0
91.0	30.570550307392413	18.26360773729195	19.68810916179337	31.477732793522268	0.0
92.0	30.048410702893385	17.788118737568954	19.232934289038166	32.930536270499495	0.0
93.0	29.876812138511227	17.843461278449634	20.55509652219635	31.724630060842784	0.0
94.0	30.154435802051626	18.63750798481945	19.257505730282194	31.95055048284673	0.0
95.0	29.573915986612008	18.205407844759506	19.698394193524123	32.52228197510436	0.0
96.0	30.77183607421066	18.134949008391978	20.422985737402627	30.670229179994728	0.0
97.0	30.73214823742091	18.42422416390479	19.731093702922568	31.11253389575173	0.0
98.0	29.960796139927627	17.438178528347407	19.64716525934861	32.95386007237636	0.0
99.0	30.495677451017407	18.264185133451623	20.163086564234213	31.077050851296768	0.0
100.0	30.54041780199818	18.85028761731759	19.361186799878897	31.248107780805327	0.0
101.0	30.09830341215319	18.355030933313092	19.277337078225226	32.269328576308496	0.0
102.0	30.22812964161938	17.991392771451423	20.417412499523937	31.36306508740526	0.0
103.0	29.770817417876245	18.938120702826584	19.831932773109244	31.459129106187927	0.0
104.0	30.364667126331113	17.78901401976557	19.367195280778365	32.47912357312495	0.0
105.0	30.037643082123378	18.26841822232465	21.237612353076745	30.456326342475226	0.0
106.0	30.757085643869374	18.611367837338264	20.08240911891559	30.54913739987677	0.0
107.0	30.453088184170884	17.95743365908301	19.463864961952954	32.125613194793154	0.0
108.0	30.39196681270112	18.144457798627535	20.88938859380452	30.574186794866826	0.0
109.0	30.11162537435339	18.17510015168605	20.135350628135818	31.577923845824746	0.0
110.0	30.288480306046768	18.077838935082173	19.693953234180427	31.939727524690635	0.0
111.0	30.49612038561016	17.56407241946861	20.620738302374793	31.319068892546436	0.0
112.0	29.531151667715545	18.94273127753304	19.611390811831342	31.91472624292008	0.0
113.0	29.83578083057003	18.056213484920256	19.481288488867836	32.626717195641874	0.0
114.0	29.84743411927878	18.232613433723007	20.748959778085993	31.170992668912223	0.0
115.0	30.615005171453575	18.764420399395338	19.277587715808735	31.342986713342352	0.0
116.0	30.524718472965418	17.96981071799377	19.211724303170673	32.29374650587013	0.0
117.0	29.435580854646037	18.163232582377937	20.540367193137175	31.86081936983885	0.0
118.0	30.204475929801966	18.080824343905974	19.920302688777973	31.794397037514088	0.0
119.0	29.924763368659494	17.789822829868136	19.59388398996845	32.69152981150392	0.0
120.0	29.615337747268374	17.69771314838133	21.23969292010236	31.44725618424794	0.0
121.0	29.22568268092575	18.845667170088575	20.115106739050574	31.813543409935097	0.0
122.0	29.55282716708414	17.33256682954872	19.857923048495053	33.25668295487209	0.0
123.0	30.04088037329149	17.76025106330264	20.898542346285666	31.300326217120205	0.0
124.0	29.24003322259136	18.85797342192691	20.024916943521596	31.877076411960132	0.0
125.0	29.15883164096778	18.1271154569387	19.259537837950774	33.45451506414274	0.0
126.0	29.796896682225306	17.417265884529666	21.02518817543417	31.760649257810858	0.0
127.0	28.994283294516197	18.882066483167478	20.385348295574847	31.73830192674148	0.0
128.0	29.880155243741203	18.23260971552864	19.128246684010747	32.75898835671941	0.0
129.0	29.694886119467125	17.627847013321873	20.55436183927804	32.122905027932966	0.0
130.0	30.457380457380456	18.044005544005547	19.434338184338184	32.06427581427582	0.0
131.0	29.90262433954849	17.78088293087638	19.0122702065412	33.30422252303393	0.0
132.0	29.601375782696888	17.79698386101067	20.20901314048858	32.39262721580386	0.0
133.0	29.451292777357484	18.526100307062435	19.69204752792488	32.3305593876552	0.0
134.0	29.41785135864675	18.28324635594745	19.052546337952133	33.24635594745366	0.0
135.0	30.58903798044121	18.02592676825108	20.62315214919263	30.76188310211508	0.0
136.0	29.847725077057554	19.045866494916503	18.512214196991305	32.59419423103464	0.0
137.0	29.70172244783644	18.00401437707137	18.993605003967698	33.30065817112449	0.0
138.0	29.902215503802733	17.941329302281638	20.54891586754216	31.60753932637347	0.0
139.0	29.727268369841347	18.410583329339023	19.920433302976562	31.941714997843075	0.0
140.0	30.029708274484975	17.92723907855647	18.287634539521747	33.75541810743681	0.0
141.0	30.718986590133106	18.125587609480924	19.367608491266267	31.7878173091197	0.0
142.0	29.98244293955355	18.78103837471783	18.399799347880613	32.83671933784801	0.0
143.0	28.867607355712906	18.63888747389333	17.747440273037544	34.74606489735622	0.0
144.0	30.961866818440527	18.042117245304496	19.930666942619133	31.065348993635844	0.0
145.0	30.151603190534043	19.275262796471395	18.873804870318526	31.699329142676035	0.0
146.0	29.851551956815115	18.715249662618085	18.234817813765183	33.198380566801625	0.0
147.0	29.92121615623613	18.220150909897914	19.967820683533066	31.89081225033289	0.0
148.0	30.896185584857754	18.818166079981534	18.431530959662993	31.85411737549772	0.0
149.0	29.892418032786882	17.731813524590166	17.661372950819672	34.71439549180328	0.0
150.0	38.92527537957726	13.322417386126823	15.91247395058053	31.83983328371539	0.0
