# Position (bp)	A	C	G	T	N
0.0	26.16327035047099	24.011804153317488	24.02024891215889	25.804676584052633	0.0
1.0	26.997951856776893	20.97286706696366	15.747952097780281	36.28122897847917	0.0
2.0	29.348381610394682	20.47441710000638	17.489265070110328	32.68793621948861	0.0
3.0	23.710481101809254	22.818568000350066	15.046342123053513	38.424608774787174	0.0
4.0	34.002626078361374	13.532900382500726	15.20710243941554	37.257371099722356	0.0
5.0	35.24128412730259	15.179343905456456	24.158151283470087	25.421220683770862	0.0
6.0	32.10234992782351	17.500592637419608	20.982930115039114	29.41412731971777	0.0
7.0	35.42655439640602	17.769389843640084	20.286258328242113	26.517797431711788	0.0
8.0	22.97137802172811	27.05406202360142	23.062403274827652	26.912156679842813	0.0
9.0	27.26083948295035	19.101137671118032	15.485586865227505	38.15243598070411	0.0
10.0	27.157672390034442	16.880240986611213	24.893315628089667	31.068770995264682	0.0
11.0	27.828422312461576	19.585905443976973	19.21983860989425	33.3658336336672	0.0
12.0	25.47124793058722	20.900789605043297	20.519246743385107	33.10871572098438	0.0
13.0	26.482335550343343	21.274392088916812	19.5460493729607	32.69722298777914	0.0
14.0	30.373101392071572	19.04827248601279	20.06061283527378	30.518013286641853	0.0
15.0	30.04089680014339	18.90050822272374	20.315167470662036	30.743427506470827	0.0
16.0	29.30142020980328	18.59834986615067	18.787434930338602	33.31279499370744	0.0
17.0	30.033958605962606	18.125107204736473	20.281131773652977	31.55980241564794	0.0
18.0	32.2263894215666	17.74144433930082	19.53273189468592	30.49943434444665	0.0
19.0	30.72130237613878	18.717860260914644	20.06334956742287	30.49748779552371	0.0
20.0	30.111859108403504	17.80427354216013	20.464897555635645	31.618969793800723	0.0
21.0	29.112123145237607	19.17971272021539	19.914833666430898	31.793330468116103	0.0
22.0	30.544667515953027	18.718322807193367	23.005066809028133	27.73194286782547	0.0
23.0	29.955653375527834	20.300905627068207	21.75116166570624	27.992279331697716	0.0
24.0	33.69613022219567	19.524251879576077	17.68908024599753	29.090537652230726	0.0
25.0	30.070711762359142	20.801187973025844	19.78241052138602	29.345689743229	0.0
26.0	31.425856722435615	16.88334390123095	23.183224217381333	28.507575158952104	0.0
27.0	26.778769896717268	21.274681180341013	24.404211483867737	27.542337439073982	0.0
28.0	27.504485735265494	19.768514860262844	19.352627937409782	33.374371467061884	0.0
29.0	28.555159607375302	20.699196518568343	17.316017399449184	33.42962647460717	0.0
30.0	26.999428359546396	19.06797500231746	16.22197803046689	37.71061860766925	0.0
31.0	34.410818178840934	14.570869307145967	18.77366481466086	32.244647699352235	0.0
32.0	34.29318104352668	15.238611353722021	23.220375776425403	27.247831826325903	0.0
33.0	31.288663140044683	17.591679241010993	21.122701586663226	29.996956032281098	0.0
34.0	32.819902269207155	16.89966697453983	22.075567747776486	28.204863008476526	0.0
35.0	27.090756801616173	20.22371841554903	25.753935016225753	26.931589766609044	0.0
