# Position (bp)	A	C	G	T	N
0.0	53.309338132373526	11.567686462707458	15.376924615076984	19.74605078984203	0.0
1.0	16.385084474657603	52.12436269119264	16.924922523243026	14.565630310906727	0.0
2.0	20.94318973236494	47.77634066262063	11.61078499651776	19.669684608496667	0.0
3.0	55.70762669840326	13.696320539521967	13.30953089358326	17.28652186849152	0.0
4.0	54.17904535551594	12.715389185977422	11.942959001782532	21.162606456724102	0.0
5.0	18.563940263079814	48.36316882603106	11.917713381465731	21.1551775294234	0.0
6.0	17.11800751136588	49.14014627396719	13.055939909072938	20.68590630559399	0.0
7.0	55.25172754195459	12.240868706811451	12.615992102665349	19.891411648568607	0.0
8.0	52.88546907369044	14.856466410180527	12.686199072703955	19.571865443425075	0.0
9.0	18.142378229146125	48.01814237822914	12.67994478406626	21.15953460855847	0.0
10.0	18.153148713905587	11.067310535133537	13.51138267468217	57.26815807627871	0.0
11.0	18.43322507627202	12.912114949316011	12.233047928353509	56.421612046058456	0.0
12.0	17.76270520003932	12.926373734394966	12.30708738818441	57.0038336773813	0.0
13.0	19.609956879655037	46.177969423755385	13.720109760878088	20.491963935711485	0.0
14.0	18.296499119890473	12.702914140426364	48.36690788186974	20.63367885781342	0.0
15.0	51.13558826396335	14.475095038502777	13.753777171264256	20.635539526269618	0.0
16.0	17.850885730971385	13.373564337161767	13.869963013431963	54.90558691843488	0.0
17.0	19.446333171442447	44.98300145701797	13.65711510441962	21.91355026711996	0.0
18.0	18.127122755943716	13.372149442018438	14.274623968947115	54.22610383309073	0.0
19.0	18.59608299398875	49.63156874151638	12.60422726391313	19.168121000581735	0.0
20.0	19.10982099661345	14.107402031930333	12.191582002902758	54.59119496855346	0.0
21.0	18.669755767931267	13.495511149724877	15.00144801621778	52.83328506612608	0.0
22.0	18.80844500144606	11.414248529837078	47.17053889906488	22.606767569651982	0.0
23.0	18.04605453319202	15.618074959051931	13.19009538491184	53.145775122844206	0.0
24.0	55.444305381727155	10.686434966785404	12.428997785693657	21.44026186579378	0.0
25.0	20.561916674684884	12.190897719618974	45.71346098335418	21.53372462234196	0.0
26.0	53.63391655450875	10.55566237262065	12.382234185733513	23.42818688713709	0.0
27.0	18.497165369462863	14.163543768617275	11.107908138752762	56.2313827231671	0.0
28.0	18.847815650504078	47.22995679308689	9.073451752280365	24.84877580412866	0.0
29.0	21.016786570743406	11.280575539568344	11.980815347721823	55.721822541966425	0.0
30.0	20.119253702635124	12.810155799192152	44.81631082900558	22.254279669167147	0.0
31.0	20.304813350053053	12.115366065399828	11.430500626989486	56.14931995755763	0.0
32.0	19.291452908721325	12.070467524924982	10.579808343819572	58.05827122253412	0.0
33.0	18.964678408095747	47.027342609711006	12.007395154227888	22.000583827965357	0.0
34.0	22.136434714620798	10.985144644253323	12.294761532447225	54.58365910867865	0.0
35.0	19.096671949286847	47.276148969889064	12.717908082408874	20.909270998415213	0.0
36.0	18.31363591220578	12.215711590028802	12.26536895421591	57.20528354354951	0.0
37.0	54.43857726412274	13.798943907542094	12.683072631264322	19.07940619707084	0.0
38.0	52.90773067331671	14.224438902743142	12.319201995012468	20.54862842892768	0.0
39.0	54.88940046041437	12.461215093584226	10.019017115403864	22.630367330597537	0.0
40.0	17.053715670436187	47.2435379644588	13.388529886914377	22.31421647819063	0.0
41.0	19.525416794517746	11.33271964815383	50.802904776516314	18.33895878081211	0.0
42.0	56.17410989915621	11.360362214447417	11.895451739040954	20.570076147355422	0.0
43.0	55.9862814383704	14.435668260236955	11.255456246102682	18.32259405528996	0.0
44.0	20.424458919941163	48.40302584576592	10.285774322336625	20.886740911956295	0.0
45.0	25.257201646090532	11.882716049382717	14.248971193415638	48.61111111111111	0.0
46.0	28.272087568412825	15.731039874902267	18.57701329163409	37.41985926505082	0.0
47.0	32.30846774193548	16.58266129032258	20.732526881720432	30.376344086021508	0.0
48.0	26.422421070403512	20.715853452642243	19.365186560864426	33.49653891608982	0.0
49.0	30.15273725759396	20.57662605114124	19.203706881757338	30.066929809507464	0.0
50.0	27.45674740484429	23.92733564013841	17.093425605536332	31.52249134948097	0.0
51.0	28.86093640810622	20.45772187281621	17.872117400419288	32.80922431865828	0.0
52.0	28.536371603856264	18.001752848378615	18.75547765118317	34.70639789658195	0.0
53.0	30.629991126885535	18.846495119787047	20.496894409937887	30.026619343389534	0.0
54.0	27.357643254894914	22.399856296030176	21.160409556313994	29.082090892760913	0.0
55.0	29.924242424242426	17.67676767676768	18.073593073593074	34.32539682539682	0.0
56.0	27.339047966441726	22.3782600766004	20.49972642713843	29.782965529819442	0.0
57.0	33.53490929081913	18.471687740516767	19.992669965182337	28.000733003481766	0.0
58.0	29.44434188665313	20.04799704633561	17.777367546612517	32.730293520398746	0.0
59.0	25.73625961358094	20.4839617332583	21.102982554867754	32.676796098293	0.0
60.0	27.943960620976902	18.534645967436578	19.538053767512306	33.98333964407421	0.0
61.0	27.46641074856046	20.19193857965451	21.689059500959694	30.65259117082534	0.0
62.0	27.763745871381385	20.63337866718477	22.751117155624637	28.85175830580921	0.0
63.0	31.901960784313726	18.862745098039216	18.627450980392158	30.607843137254903	0.0
64.0	28.44708209693373	18.516320474777448	22.274975272007914	30.76162215628091	0.0
65.0	31.10977564102564	18.229166666666664	20.633012820512818	30.028044871794872	0.0
66.0	27.871825876662637	16.888351471180975	20.878677952438533	34.361144699717855	0.0
67.0	27.737077737077737	17.623117623117622	18.477818477818477	36.16198616198616	0.0
68.0	26.05721393034826	19.962686567164177	19.092039800995025	34.88805970149254	0.0
69.0	25.52257525083612	20.255016722408026	22.17809364548495	32.04431438127091	0.0
70.0	27.112232030264817	21.605716687683902	18.957545187053384	32.32450609499789	0.0
71.0	29.064352243861137	20.067739204064353	20.342929720575782	30.52497883149873	0.0
72.0	29.659188955996544	18.766177739430542	19.02502157031924	32.549611734253666	0.0
73.0	28.408592722490134	17.799210872424375	20.91188075405524	32.88031565103025	0.0
74.0	28.3545974483062	16.256049274087108	21.205455345358555	34.18389793224813	0.0
75.0	29.58057395143488	19.823399558498895	22.49448123620309	28.101545253863137	0.0
76.0	27.34739178690344	21.598224195338513	17.780244173140954	33.27413984461709	0.0
77.0	30.722756768852094	19.489818751398523	18.259118371000223	31.52830610874916	0.0
78.0	29.263913824057454	20.556552962298024	19.681328545780968	30.498204667863554	0.0
79.0	29.03298689561681	20.311793944871216	17.98463624039765	32.670582919114324	0.0
80.0	29.46651532349603	17.61634506242906	22.270147559591376	30.64699205448354	0.0
81.0	27.604285388648282	18.326874857533625	19.876909049464324	34.19193070435377	0.0
82.0	31.45733241821094	17.227179135209333	22.878059940517044	28.437428506062684	0.0
83.0	28.9522484932777	20.074177097821046	20.95503013444599	30.018544274455262	0.0
84.0	27.698764280718112	20.121240382373514	20.727442294241083	31.452553042667287	0.0
85.0	33.34115989668936	16.8818971589575	20.356891289034984	29.42005165531815	0.0
86.0	29.13626735702518	18.780889621087315	22.334666980465993	29.74817604142151	0.0
87.0	31.107954545454547	18.560606060606062	22.632575757575758	27.698863636363637	0.0
88.0	34.69729600382866	16.391481215601818	17.611868868150275	31.299353912419235	0.0
89.0	30.270793036750483	17.166344294003867	17.190522243713733	35.37234042553192	0.0
90.0	31.48553367371748	17.14077315827863	18.842693897398494	32.5309992706054	0.0
91.0	29.397414003415467	20.858746035618445	16.394242498170286	33.349597462795806	0.0
92.0	29.666829985301323	17.883390494855465	18.201861832435082	34.24791768740813	0.0
93.0	32.41243216576221	17.439565860878144	18.54958066107548	31.598421312284163	0.0
94.0	30.378806635305764	17.355781133944046	19.633572666501607	32.63183956424858	0.0
95.0	29.276807980049874	18.35411471321696	22.01995012468828	30.34912718204489	0.0
96.0	29.053210092430675	18.88583562328254	18.286285286035472	33.774668998251315	0.0
97.0	31.65829145728643	17.36180904522613	16.884422110552762	34.095477386934675	0.0
98.0	29.898734177215193	20.430379746835442	18.455696202531648	31.21518987341772	0.0
99.0	30.562595032944756	18.297009630005068	19.386720729853018	31.753674607197162	0.0
100.0	32.46819338422392	14.427480916030536	19.46564885496183	33.63867684478372	0.0
101.0	33.487061234947475	17.243146297719704	19.26723033563925	30.002562131693566	0.0
102.0	30.433666923274316	17.115730048755452	21.34975622273544	31.100846805234795	0.0
103.0	28.376288659793815	17.371134020618555	19.690721649484537	34.56185567010309	0.0
104.0	27.996886351842242	18.344577062791906	20.550077841203944	33.108458744161915	0.0
105.0	30.807291666666664	18.177083333333332	18.567708333333332	32.447916666666664	0.0
106.0	31.14069433568259	18.29809449229966	19.57713390759593	30.98407726442182	0.0
107.0	32.494758909853246	18.50104821802935	18.029350104821802	30.974842767295595	0.0
108.0	34.254870984728804	17.21958925750395	16.982622432859397	31.542917324907847	0.0
109.0	30.209160709557846	20.20121789780249	18.85093989939105	30.73868149324861	0.0
110.0	26.703940362087327	20.42066027689031	19.64856230031949	33.22683706070288	0.0
111.0	30.371956114530374	18.785121755418785	19.213272678619216	31.62964945143163	0.0
112.0	26.184068891280948	19.402583423035523	21.393972012917114	33.019375672766415	0.0
113.0	30.259599783666847	19.659275283937262	18.00973499188751	32.07138994050838	0.0
114.0	28.575297941495126	17.307692307692307	20.205850487540626	33.91115926327194	0.0
115.0	26.82794237564556	19.135634683337862	19.923892362054907	34.112530578961675	0.0
116.0	29.41015838339705	19.16985253959585	18.4598580010923	32.9601310759148	0.0
117.0	31.463748290013683	19.12448700410397	19.17920656634747	30.23255813953488	0.0
118.0	28.489169180148068	16.780915821222923	21.360021935837675	33.369893062791334	0.0
119.0	24.525708001099808	20.236458619741544	27.412702777014026	27.825130602144625	0.0
120.0	26.723662437948153	21.731936017650302	21.67677881963596	29.86762272476558	0.0
121.0	30.520199225235196	18.871057000553403	17.681239623685666	32.927504150525735	0.0
122.0	29.86111111111111	17.805555555555554	21.944444444444443	30.388888888888886	0.0
123.0	33.55629877369008	18.1438127090301	17.25195094760312	31.047937569676698	0.0
124.0	30.268306316377863	17.99888205701509	19.424259362772496	32.30855226383454	0.0
125.0	27.87436904094223	19.854178351093662	18.900729108244533	33.370723499719574	0.0
126.0	30.829817158931082	18.28410689170183	18.846694796061886	32.0393811533052	0.0
127.0	30.42865200225606	18.104906937394247	20.38917089678511	31.07727016356458	0.0
128.0	32.429378531073446	16.779661016949152	19.519774011299436	31.271186440677965	0.0
129.0	31.06382978723404	17.75886524822695	16.76595744680851	34.4113475177305	0.0
130.0	29.93177942012507	19.982944855031267	16.685616827743036	33.39965889710063	0.0
131.0	29.84054669703872	20.615034168564918	19.07744874715262	30.466970387243737	0.0
132.0	29.421866056096164	18.46021751574127	21.207784773898112	30.910131654264454	0.0
133.0	28.17790530846485	21.463414634146343	20.143472022955525	30.21520803443328	0.0
134.0	26.08695652173913	21.393607831845667	21.336020731356175	31.183414915059025	0.0
135.0	27.692751949177012	16.661853883915683	20.993358359803636	34.652035807103665	0.0
136.0	27.09846064478652	17.920418239907058	21.463839674702296	33.51728144060412	0.0
137.0	29.67930029154519	15.655976676384839	20.02915451895044	34.63556851311954	0.0
138.0	29.198361614979518	18.197776477472203	20.567583382094792	32.03627852545348	0.0
139.0	28.667840375586856	18.51525821596244	19.102112676056336	33.71478873239437	0.0
140.0	30.739758325965223	16.887709991158268	19.71706454465075	32.65546713822576	0.0
141.0	31.69431279620853	17.683649289099527	18.838862559241708	31.78317535545024	0.0
142.0	30.85169743895176	15.723645026801666	20.131030375223347	33.293627159023224	0.0
143.0	34.20107719928186	17.953321364452425	18.402154398563734	29.443447037701976	0.0
144.0	31.83869996990671	17.6948540475474	17.484201023171835	32.98224495937406	0.0
145.0	29.218231210383337	17.65771204346514	20.313914880772714	32.81014186537881	0.0
146.0	29.272727272727273	19.272727272727273	18.939393939393938	32.515151515151516	0.0
147.0	28.275441803778183	18.555758683729433	18.34247410115783	34.82632541133455	0.0
148.0	26.507499234771963	20.630547903275176	19.498010407101315	33.363942454851546	0.0
149.0	30.397289805974747	19.125346473668	17.831844779796736	32.64551894056052	0.0
150.0	28.765852149706156	19.3628209093721	18.62047633776678	33.250850603154966	0.0
151.0	28.14538676607642	19.54022988505747	20.347934141037587	31.966449207828518	0.0
152.0	29.40442781415653	20.455254131587154	17.461802307452448	32.67851574680387	0.0
153.0	31.29890453834116	19.186228482003127	18.9358372456964	30.579029733959313	0.0
154.0	31.649937264742782	15.777917189460478	20.639899623588455	31.93224592220828	0.0
155.0	31.6005040957782	20.51039697542533	16.761184625078766	31.12791430371771	0.0
156.0	31.375039695141314	16.10034931724357	19.784058431248013	32.740552556367106	0.0
157.0	29.86598596043395	17.230376515634973	21.155073388640716	31.748564135290362	0.0
158.0	29.28709055876686	21.547848426461144	16.987797045600512	32.177263969171484	0.0
159.0	35.03225806451613	13.35483870967742	20.258064516129032	31.35483870967742	0.0
160.0	26.50485436893204	19.223300970873787	22.588996763754047	31.68284789644013	0.0
161.0	30.022793878215566	19.50504721589059	21.32855747313579	29.14360143275806	0.0
162.0	30.99836333878887	18.95253682487725	19.50900163666121	30.540098199672666	0.0
163.0	30.394736842105264	17.960526315789473	16.67763157894737	34.96710526315789	0.0
164.0	31.33245382585752	15.402374670184695	22.163588390501317	31.101583113456467	0.0
165.0	28.505137553861452	18.892940006629104	22.53894597282068	30.062976466688763	0.0
166.0	28.05324459234609	19.534109816971714	19.56738768718802	32.84525790349417	0.0
167.0	25.870147255689425	19.846050870147256	22.623828647925034	31.659973226238286	0.0
168.0	29.435483870967744	18.649193548387096	19.22043010752688	32.69489247311828	0.0
169.0	27.38014854827819	18.197164078325457	21.235651586765698	33.18703578663065	0.0
170.0	30.380176510522745	16.666666666666664	18.94093686354379	34.0122199592668	0.0
171.0	31.28834355828221	17.38241308793456	17.34832992501704	33.98091342876619	0.0
172.0	31.132398221005815	19.911050290797128	16.250427642832708	32.70612384536435	0.0
173.0	28.42395044735031	17.894012388162423	20.096352374397796	33.58568479008947	0.0
174.0	28.887353144436766	20.214236351071182	18.140981340704908	32.757429163787144	0.0
175.0	27.911018421967327	17.657281890858535	20.959332638164753	33.472367049009385	0.0
176.0	29.90589055420007	18.508191007319624	19.205298013245034	32.38062042523527	0.0
177.0	29.61660218079494	21.878297572986284	18.009145269081955	30.49595497713683	0.0
178.0	28.222379603399432	20.856940509915013	20.007082152974505	30.913597733711047	0.0
179.0	27.0	17.96428571428571	24.142857142857142	30.892857142857146	0.0
180.0	32.096541786743515	15.489913544668587	21.001440922190202	31.412103746397698	0.0
181.0	27.73139745916515	20.653357531760435	18.620689655172416	32.994555353901994	0.0
182.0	33.7709700948213	17.14077315827863	19.037199124726477	30.051057622173595	0.0
183.0	29.185022026431717	22.87077826725404	19.273127753303964	28.67107195301028	0.0
184.0	30.831792975970423	19.77818853974122	18.373382624768947	31.016635859519408	0.0
185.0	28.810408921933085	21.11524163568773	24.08921933085502	25.985130111524164	0.0
186.0	29.269202087994035	17.710663683818044	21.998508575689783	31.021625652498138	0.0
187.0	28.7593984962406	21.616541353383457	17.481203007518797	32.142857142857146	0.0
188.0	29.829867674858225	18.449905482041586	20.604914933837428	31.11531190926276	0.0
189.0	30.880670987418984	18.223408311094165	19.36713686618376	31.528783835303088	0.0
190.0	30.67484662576687	18.481595092024538	18.82668711656442	32.016871165644176	0.0
191.0	29.359567901234566	19.714506172839506	19.90740740740741	31.01851851851852	0.0
192.0	31.793478260869566	20.031055900621116	20.225155279503106	27.95031055900621	0.0
193.0	29.55876610698946	18.469347910972274	22.60835611089418	29.363529871144085	0.0
194.0	26.983503534956792	21.602513747054203	23.605655930871954	27.808326787117043	0.0
195.0	29.006727344677486	20.97348634744757	17.68895924020578	32.33082706766917	0.0
196.0	28.309409888357255	20.25518341307815	22.288676236044658	29.146730462519937	0.0
197.0	29.92347966169956	19.41200161095449	21.788159484494564	28.87635924285139	0.0
198.0	27.080745341614907	24.265010351966872	20.041407867494822	28.612836438923395	0.0
199.0	26.74366948023101	24.877832074633496	19.013771657041314	29.36472678809418	0.0
200.0	28.78306878306878	14.973544973544971	20.84656084656085	35.3968253968254	0.0
201.0	31.357142857142854	17.785714285714285	18.428571428571427	32.42857142857143	0.0
202.0	36.29842180774749	18.65136298421808	18.364418938307033	26.6857962697274	0.0
203.0	38.09869375907112	16.90856313497823	15.965166908563136	29.027576197387518	0.0
204.0	36.2043795620438	18.175182481751825	21.24087591240876	24.379562043795623	0.0
205.0	35.86715867158672	17.712177121771216	21.40221402214022	25.018450184501845	0.0
206.0	28.955223880597014	20.82089552238806	20.0	30.223880597014922	0.0
207.0	28.06621519939804	21.21896162528217	17.682468021068473	33.03235515425132	0.0
208.0	27.554882664647995	17.108251324753972	21.49886449659349	33.83800151400454	0.0
209.0	24.94279176201373	18.459191456903127	20.51868802440885	36.07932875667429	0.0
210.0	27.559661277906084	19.322555812163202	17.321016166281755	35.79676674364896	0.0
211.0	31.993817619783616	20.324574961360124	18.93353941267388	28.748068006182383	0.0
212.0	27.717391304347828	17.31366459627329	21.11801242236025	33.85093167701863	0.0
213.0	26.447574334898277	21.5962441314554	17.76212832550861	34.19405320813772	0.0
214.0	29.723320158102766	26.08695652173913	18.57707509881423	25.612648221343875	0.0
215.0	30.27156549520767	20.926517571884983	18.29073482428115	30.5111821086262	0.0
216.0	30.750605326876514	15.980629539951574	18.724778046811945	34.54398708635997	0.0
217.0	25.838103025347507	17.906786590351594	24.775143090760427	31.479967293540472	0.0
218.0	25.630252100840334	18.487394957983195	20.33613445378151	35.54621848739496	0.0
219.0	18.223443223443223	23.534798534798533	25.64102564102564	32.6007326007326	0.0
220.0	0.0	30.428769017980635	25.03457814661134	44.53665283540803	0.0
