# Position (bp)	A	C	G	T	N
0.0	31.655920079123508	15.970949712103904	26.47628211517377	25.887264335385535	0.009583758213280788
1.0	27.265931673209025	17.330678054465164	21.022065137389596	34.375766683022576	0.005558451913640824
2.0	29.73556136730013	19.400590449423145	19.18941479646343	31.670795728240105	0.003637658573195434
3.0	30.99112567436845	18.36557174592129	20.23889179899136	30.403837256873683	5.735238452097376E-4
4.0	32.48493849407848	17.742606690439285	19.855798966120204	29.91570138130617	9.544680558631063E-4
5.0	32.917873051755585	17.839695485848363	20.07933073980394	29.161385257291204	0.0017154653009021441
6.0	28.139155989006387	17.739571675460034	17.52925412450799	36.59201821102559	0.0
7.0	27.63402443891222	19.49107770661903	19.506470800630925	33.36804697744247	3.8007639535546643E-4
8.0	26.541548348669625	19.44512416039273	20.171250481333736	33.84207700960391	0.0
9.0	30.158447670995308	17.446093902348977	19.853574586273425	32.54169451349617	1.8932688612177125E-4
10.0	28.85039506980102	20.610151810366496	21.195055438280853	29.34345276454369	9.449170079391928E-4
11.0	26.64079699222589	20.28549707315509	20.465465493790713	32.60786314854186	3.772922864478497E-4
12.0	28.073922156872715	18.995425534519416	20.390364431788864	32.540287876819	0.0
13.0	29.001246116458322	18.293854183699747	21.445419911174262	31.259479788667672	0.0
14.0	28.877586449584758	18.670858161685356	20.78055646788345	31.670998920846433	0.0
15.0	29.2221468536972	18.526478711722888	21.178284870538945	31.072902183730143	1.873803108264596E-4
16.0	29.83398647574332	18.658423666513904	21.156389416287098	30.35101338396356	1.8705749212020314E-4
17.0	28.729506742204762	20.009190094870917	20.374365612607615	30.886937550316702	0.0
18.0	28.780184880938837	19.332123669198506	20.274617380001754	31.613074069860904	0.0
19.0	28.03547969327954	18.580253240037642	21.3966402370282	31.987067800873948	5.590287806650579E-4
20.0	28.237573228771808	18.807477018506273	20.14529333420261	32.80891132449776	7.450940215518446E-4
21.0	28.317600402167237	18.578264350481298	20.514811297920275	32.58802062968962	0.001303319741570314
22.0	28.758027586977157	18.493326632043335	20.028852776381676	32.71942071070904	3.722938887958154E-4
23.0	28.33357829776388	18.294563836180192	18.90052521614235	34.471332649913585	0.0
24.0	28.62342831634551	18.172011011085484	18.627892269920395	34.57573841232051	9.299903281005877E-4
25.0	30.278803703001156	17.97402394528068	18.822783350628384	32.92364512781602	7.438732737490841E-4
26.0	28.84681199315527	18.51387545569526	18.374376906480173	34.264191652406815	7.439922624804703E-4
27.0	29.79789525371902	18.2958176630546	18.510272634950393	33.39508446140741	9.299868685854156E-4
28.0	29.94547591418965	17.792667142729627	18.321729298699754	33.93938379600702	7.438483739474546E-4
29.0	29.909429584848418	18.29514950067296	18.22636654992155	33.568682564823284	3.717997337913906E-4
30.0	30.08689894277913	18.287093870202145	18.945903920124398	32.67954526854601	5.57998348324889E-4
31.0	30.290845556562402	18.20580425839128	18.920684066665054	32.581921839559534	7.442788217321974E-4
32.0	30.135144947098176	18.757388848447388	18.83074207775815	32.27560707244283	0.0011170542534633336
33.0	30.362394742629657	17.63850733027424	19.817647080750437	32.18070533154907	7.455147966049257E-4
34.0	30.681731316012716	18.717826812465624	19.317429687427172	31.282452853054416	5.59331040076069E-4
35.0	29.50027518913423	18.960251494883348	19.323874289872105	32.21485275049207	7.462756182427075E-4
36.0	29.87205505385338	18.191967827997782	19.62749780161719	32.307545820645565	9.334958860836301E-4
37.0	29.461048990622473	18.50067889486748	20.685842567361874	31.35168248264476	7.470645034168863E-4
38.0	30.38408997045462	18.074074627786114	19.47117316285093	32.06991472765362	7.475112547163288E-4
39.0	30.368665319260423	18.22161089901939	18.851149038101656	32.557451905082715	0.0011228385358185494
40.0	30.180898701600555	18.036074773712613	19.845811551200274	31.93534056978124	0.0018744037053212445
41.0	30.523956900289225	18.222784439510445	19.62140421275086	31.630540660759632	0.0013137866898393614
42.0	30.39828540810859	17.915605230257285	19.596356492230754	32.08768483093786	0.0020680384655154586
43.0	30.854493814194324	17.969798436655957	19.423975667093924	31.749849895632764	0.001882186423036456
44.0	31.333524227913056	17.552191457216377	18.614482116819946	32.49810675277017	0.0016954452804454879
45.0	30.927224624412837	17.867709592440548	19.339698247982756	31.862727535013	0.0026400001508571514
46.0	29.920870518653835	18.103534500491612	19.749722112660905	32.22360825150833	0.0022646166853183014
47.0	29.5238401051711	19.005030004363242	19.688037731643696	31.78101442513831	0.002077733683651825
48.0	29.48542137567739	18.514427305484364	19.48778573252504	32.51104154647852	0.0013240398346841692
49.0	29.885645142048844	18.685534555466557	19.573825064903343	31.853101631720172	0.0018936058610888613
50.0	28.91230291805448	19.134270694907578	19.563647255307494	32.38807299970238	0.0017061320280791418
51.0	29.68424968493296	17.8897341289725	19.895724198666848	32.52858379264793	0.001708194779756753
52.0	28.724362580390128	18.666854180286744	20.60476943426634	32.002113329177625	0.0019004758791601416
53.0	30.046406140299137	19.041548621800423	19.372803604419524	31.537529229779842	0.0017124037010751993
54.0	28.56979588104871	18.787858008183044	20.21989074035978	32.421502967686884	9.524027215860172E-4
55.0	28.83654423610383	19.32490014584902	19.953480834675844	31.88393086946989	0.001143913901413687
56.0	29.878139595275282	18.184161584376206	19.37679725957297	32.560137785127	7.637756485409976E-4
57.0	29.39607606214367	17.942398947702497	20.458238854708764	32.201374257713475	0.0019118777315953088
58.0	29.160772091972593	18.40504773409039	20.375095956337713	32.0573613107875	0.0017229068117992315
59.0	28.739306411553674	18.27798730567565	20.18922668874375	32.79175482169687	0.0017247723300524332
60.0	29.19588808150136	18.20863610365781	20.56170372844141	32.03242857307369	0.0013435133257328866
61.0	29.269563846093195	18.156956942326293	21.178629054746654	31.392926994847848	0.0019231619860109197
62.0	29.04088695280408	18.650158590766495	20.02923385349564	32.277409626372865	0.002310976560920231
63.0	29.052903245717417	17.779595206360657	20.044286962543183	33.121671485638565	0.0015430997401805814
64.0	27.972192765405918	18.626752197671657	20.915884853787954	32.48362490752491	0.0015452756095629381
65.0	28.90053530974256	19.171904654118713	19.641824193214507	32.28496199436252	7.73848561705717E-4
66.0	28.871887368912535	18.39128337366297	19.976247813190795	32.7594190207357	0.0011624234980035376
67.0	29.07194213897975	19.425851987226498	20.146980649617223	31.353673158182687	0.0015520659938460582
68.0	29.45392584302845	18.460943632308254	19.6601074040397	32.42385737489605	0.0011657457275419086
69.0	29.23542579075426	18.709099756690996	19.908321167883212	32.14579075425791	0.0013625304136253042
70.0	29.55843274721547	18.5129151938985	20.712270652710053	31.215601562027828	7.798441481469927E-4
71.0	29.79696313550304	19.286061545610565	19.672063931523137	31.24413040125114	7.809861121144614E-4
72.0	29.93818587273332	18.20856399522701	19.940924473308424	31.91193443007766	3.912286535865887E-4
73.0	29.63676675560121	18.45238211925593	20.487225379474744	31.42342971067195	1.9603499616751581E-4
74.0	29.70780496236585	19.596670280802652	18.682333160483353	32.01299517591414	1.96420434010591E-4
75.0	29.670710435443414	18.072535840706223	20.02689283422123	32.22946714388651	3.9374574262415784E-4
76.0	30.042766064890795	19.005057757858857	19.39149097336195	31.56009342254766	5.917813407398056E-4
77.0	29.859949956716118	18.363039121515055	19.192943343571255	32.58307936169119	9.882165063779492E-4
78.0	29.59002277100769	17.789527714635078	20.002615990439743	32.61763534282356	1.9818109392000225E-4
79.0	29.768544837977412	18.129395441661135	20.205415462413384	31.895849152616496	7.951053315788008E-4
80.0	29.28341027137845	18.33064697690265	20.091488865733314	32.29325847397688	0.0011954120087105688
81.0	29.104139153228786	18.314609210949566	20.54332255106261	32.03693010970744	9.989750515970615E-4
82.0	29.19311642031421	18.772597888293067	20.877894783230538	31.15478839863226	0.0016025095299238607
83.0	29.76915291811917	18.359732686468856	19.966585808607366	31.903323748172664	0.0012048386319458947
84.0	28.940102189398807	18.526007544373037	20.655188317298688	31.87769495840122	0.0010069905282470912
85.0	29.85348984246067	17.884621988441594	20.610805755366616	31.6500724167813	0.0010099969498092115
86.0	29.68384466278992	17.93531869729985	20.067124017394722	32.31128206063036	0.002430561885143798
87.0	30.403647950060147	17.07842930064701	19.644918229996424	32.87158207887636	0.0014224404200669765
88.0	29.85778996766194	17.467035351796117	20.515004493095304	32.15772496551218	0.002445221934455826
89.0	29.635935526331924	18.089990066509422	19.103165227059975	33.168660859185614	0.002248320913063562
90.0	30.01968584669647	17.57166878562933	19.691998523561498	32.71377599146947	0.002870852643235041
91.0	30.13863822974394	18.38227274504518	18.771003064157995	32.70541073916381	0.002675221889077069
92.0	29.73364597868177	17.594144504900218	19.092076256842557	33.576005019939394	0.004128239636054394
93.0	29.635321309927182	17.36220994292058	19.69592159656695	33.30447605398106	0.0020710966042300077
94.0	30.08704865583579	17.523995512527527	19.948684921261478	32.43798562346782	0.0022852869073835542
95.0	29.280405299752942	18.061691459308445	19.9207747396512	32.73525211354231	0.001876387745103149
96.0	29.370559140324886	17.86826181927741	19.680592867843362	33.07974926142593	8.369111284072744E-4
97.0	30.19187868180206	18.07537896197054	19.575906770003716	32.15515667399092	0.001678912232764392
98.0	29.48910245336996	18.36720076512448	19.393967482209593	32.74804400308409	0.0016852962118754397
99.0	29.144104046364994	17.93323931213698	19.738953742840046	33.182434246833125	0.001268651824849929
100.0	29.182696082279975	18.724974483787392	19.78296896252459	32.30787512015431	0.0014853512537425545
101.0	29.412365931405425	18.767793300669254	19.53754985318198	32.28143917858565	8.517361576904322E-4
102.0	28.631011424271446	18.986224175673826	19.033255233274048	33.34844027910795	0.0010688876727322479
103.0	29.732194196754236	18.62303790733001	19.651393311076973	31.992730924039442	6.436607993408913E-4
104.0	29.531325703334442	19.079662787067043	18.843872134712907	32.54406270524015	0.0010766696454526856
105.0	29.590764641027306	18.914975030806147	19.20120198024083	32.29262598093261	4.3236699310374643E-4
106.0	30.38892107655819	18.806351024978355	18.63687752121674	32.16719939067657	6.509865701470578E-4
107.0	30.357333449503916	18.34413356712663	18.933554057439093	32.364978925930366	0.0
108.0	28.768645534149844	18.817360717668496	19.23298195110107	33.1805743010454	4.374960351921811E-4
109.0	29.932467304292445	18.11281803507308	19.356298110182614	32.59819693192924	2.196185226261983E-4
110.0	28.99188942449755	18.51980894500774	18.864695842392862	33.62360578810185	0.0
111.0	28.972595764276637	17.81430298307216	19.46325069407238	33.7491863744847	6.641840941193141E-4
112.0	28.699331125253302	18.05250010565863	20.113177077193082	33.134769252670935	2.2243922404301084E-4
113.0	29.03603991880467	18.22183118249075	19.08469905696402	33.657429841740566	0.0
114.0	28.338180782573403	17.294966351900147	20.22384227439179	34.14301059113466	0.0
115.0	29.069696744512825	17.97104582272153	20.694873232585948	32.2643842001797	0.0
116.0	28.111321484557912	18.75965625431209	20.664327675871068	32.46446837725162	2.2620800731104282E-4
117.0	28.130617067933144	18.31184029631986	20.799654596480067	32.75788803926692	0.0
118.0	28.69933045548659	18.09459456374598	21.394378382820577	31.811696597946852	0.0
119.0	28.617985001032036	18.56454831089604	20.30181409536041	32.51565259271151	0.0
120.0	29.091051494335485	18.39711959751766	20.61800574053342	31.893823167613437	0.0
121.0	30.057675038650604	18.122969107286682	19.931678686157063	31.887214286375542	4.6288153010118593E-4
122.0	30.39719001151444	18.045569266914015	19.54523779062329	32.011072471184825	9.304597634306051E-4
123.0	30.639891941409065	17.79508127763393	19.298413707363128	32.26614569214519	4.673814486955384E-4
124.0	30.161413394376947	17.92803897399777	19.576216470035803	32.333861595351294	4.6956623818747434E-4
125.0	30.391608688574482	18.316830515232372	19.109060153302803	32.18179287370803	7.077691823142636E-4
126.0	30.142520799595985	18.12747917669402	18.864860122865213	32.8649028008621	2.3709998269170126E-4
127.0	29.44122166501888	19.052780788793463	20.0	31.505997546187658	0.0
128.0	29.48618134691443	19.00498990281308	19.565545475669733	31.94208550628469	0.0011977683180697724
129.0	28.527635431918007	19.113142482854283	19.96272250905448	32.39481390151807	0.0016856746551591278
130.0	28.7223583653781	18.837719510659525	20.629643261882393	31.810036710221713	2.4215185827336042E-4
131.0	28.597409553488824	19.14739251107757	19.873155767638895	32.381555241758775	4.8692603593514147E-4
132.0	27.929258056775723	18.756702757496072	20.71574431826529	32.59829486746292	0.0
133.0	28.169822287020253	18.910079596500907	20.760846008353692	32.159252108125145	0.0
134.0	27.49881695947436	19.257422185664275	20.373320516028652	32.870440338832715	0.0
135.0	28.408765307520774	17.518157242341566	20.900200570567204	33.172129411618144	7.474679523115446E-4
136.0	28.63146973023368	18.629514901807465	20.928693873868458	31.810321494090406	0.0
137.0	29.048584016372786	19.14728447710936	20.242668037786448	31.561211424653944	2.5204407746826763E-4
138.0	29.789133555511594	18.392352604000223	20.72623884670207	31.092021365635414	2.53628150695702E-4
139.0	29.039566473103573	19.049976017226776	21.900864400379643	30.00882770163389	7.654076561176482E-4
140.0	29.032266345603393	18.98372178395488	19.994403641227194	31.98832466068866	0.0012835685258728907
141.0	29.51119857848303	17.983326101778964	19.406134424264966	33.099082625674086	2.582697989627885E-4
142.0	30.6700970646708	18.24607908106914	21.601372159201652	29.481931937785056	5.19757273353344E-4
143.0	31.008169400692765	18.305208809881705	19.909025553885368	30.777073393895826	5.228416443369714E-4
144.0	31.13478966999471	18.160688386245962	18.827700755192772	31.876821188566556	0.0
145.0	27.956018991557833	19.033755397440014	19.48518971653322	33.524239714011976	7.961804569545037E-4
146.0	27.980980741115687	19.36819658978011	19.958913662149683	32.69056279667109	0.001346210283431113
147.0	27.982378757773873	19.053036861154396	19.855226600051115	33.10798369787759	0.001374083143022818
148.0	29.434178590680016	19.10998422807403	19.564888783679336	31.88638509167967	0.004563305886949801
149.0	29.492509073708533	21.575565723364836	16.293257408300207	32.632906709844484	0.0057610847819429415
150.0	24.493317746404088	25.311203319502074	13.114431184135588	37.07119886609372	0.009848883864530743
