# Position (bp)	A	C	G	T	N
0.0	31.339396650265893	14.853248954933761	26.45373269497319	27.343902721866044	0.009718977961113043
1.0	27.915578355633357	17.247461221154005	20.239658514227653	34.59155893998045	0.005742969004533633
2.0	29.73033234102346	19.017248972644698	19.288782041729995	31.96010450711781	0.0035321374840363946
3.0	31.19315838118158	18.369424475507508	20.17622418345491	30.26097237632433	2.2058353167469225E-4
4.0	32.05960148122025	18.075956621407162	19.89056162934227	29.973329218832657	5.510491976723681E-4
5.0	32.321055546807294	18.126408821770763	20.00105713250605	29.54993684734456	0.0015416515713283642
6.0	27.977930779498163	18.0825439024095	17.668030771025233	36.27083431909038	6.602279767203615E-4
7.0	27.747690487370118	19.728037774730563	19.686361532058267	32.837140459934176	7.697459068761401E-4
8.0	26.870481110340833	19.61443935280656	19.809779533666518	33.7050802729489	2.1973023718780454E-4
9.0	30.827637989062307	17.399102942112762	19.692791702982948	32.08002827730198	4.3908854000865007E-4
10.0	29.068590410744072	20.600702102248984	21.30686211181214	29.023077690761355	7.676844334434047E-4
11.0	27.215738440685545	20.266836434481423	20.193969224835335	32.32279845148962	6.57448508084973E-4
12.0	28.452888359958088	19.167525206022074	20.236967810522096	32.14218068631326	4.3793718447994413E-4
13.0	29.173995222219308	18.59145162278284	20.992920834099003	31.241632320898855	0.0
14.0	28.93632369335694	18.82473167639408	20.367892976588628	31.870942356875858	1.0929678448860035E-4
15.0	29.192311892541223	18.65490881293	20.79785956099159	31.354482909249754	4.3682428743038114E-4
16.0	29.58192445464256	19.08633739548657	20.642459593959252	30.68916944623566	1.0910967595517337E-4
17.0	28.87122680033541	19.789050837810343	19.97234740642443	31.367265915234334	1.0904019548726246E-4
18.0	28.90532054438726	19.1912633078978	20.21373257389887	31.689574626638024	1.0894717805019413E-4
19.0	28.497011008634864	18.811807876999467	20.77452442915165	31.916547796639698	1.088885743218964E-4
20.0	28.715105324856406	18.770714759194497	19.73313131511033	32.7807220627628	3.2653807597234877E-4
21.0	28.778932181758243	18.572086054778154	20.288894764272015	32.35889016188857	0.0011968373030250608
22.0	29.144907089642754	18.811478396696714	19.76511078212649	32.27763352974513	8.702017889173275E-4
23.0	28.74031159477022	18.33489913619875	18.856615952051637	34.0676296354289	5.436815504927929E-4
24.0	29.028776157301976	18.17279607984234	19.091637381068587	33.706464281715675	3.261000714159156E-4
25.0	30.268377454294104	18.195304535702874	19.105292559030215	32.43015600105203	8.694499207713759E-4
26.0	29.054603974220917	18.501414241954357	18.764594727045324	33.67840909461349	9.77962165903675E-4
27.0	29.91638503512654	18.291656210722312	18.75693215531504	33.0339402669552	0.0010863318809076086
28.0	29.84389966312561	18.09228316562013	18.91513849642383	33.147701282989686	9.773918407329136E-4
29.0	29.86162227418896	18.56743335700064	18.612596650533817	32.95737062779149	9.770904850928562E-4
30.0	30.107138008742634	18.289484401726806	19.07708180608726	32.525752762618446	5.430208248486329E-4
31.0	30.112811687916636	18.337005362466215	19.181246143283012	32.368067687012754	8.691193213916338E-4
32.0	29.92229781129779	18.834901867026016	18.886848225347215	32.35497402682084	9.780695081397118E-4
33.0	30.437103980879083	17.804617336924668	19.805985291766934	31.95131472639272	9.786640365976854E-4
34.0	30.382827168632364	18.88985342653813	19.54276564128337	31.18357472157134	9.790419747929325E-4
35.0	29.789809270770633	18.948295322818172	19.07509983814737	32.186360187953674	4.3538031014316394E-4
36.0	29.94534900307391	18.27993636572504	19.717043075090405	32.05690933858029	7.622175303498688E-4
37.0	29.747223599000005	18.68617273326398	20.415575078567112	31.150374997957524	6.535912113768443E-4
38.0	30.414286959933733	18.309390940401972	19.288376858351135	31.986855299298078	0.0010899420150847976
39.0	30.197188630152677	18.316450931941286	19.32884954207509	32.156747233086236	7.636627447129992E-4
40.0	30.12736933832153	18.351165477493062	19.909649013608337	31.610396587759702	0.0014195828173695784
41.0	30.578930572919855	18.285808583743517	19.432435149808967	31.701951407163904	8.742863637555846E-4
42.0	30.37195031911926	18.11175463638999	19.609290827850607	31.905582262766135	0.0014219538740039487
43.0	30.493116466733877	18.252829325373238	19.59439859800757	31.658451525192188	0.0012040846931280697
44.0	31.06103006651632	18.06663461148795	18.81054841737595	32.06036304132817	0.0014238632915995351
45.0	30.636884733836762	17.884503677075	19.308096140989246	32.168542650781994	0.0019727973169956486
46.0	30.030161115193525	18.35824824242956	19.73556927733968	31.87426653651688	0.0017548285203505272
47.0	29.88005175916404	18.92787410977201	19.359419981276265	31.831227370456666	0.0014267793310160973
48.0	29.709994474306622	18.54205184484556	19.506356744476776	32.24060824371933	9.886926517066483E-4
49.0	30.142403410733742	18.621502442285006	19.767392004608624	31.467382879708534	0.0013192626640970363
50.0	29.119195956012618	19.142149149543467	19.528480225702737	32.20852415146907	0.0016505172721130803
51.0	29.677862001900824	18.191309289261223	19.826062440874555	32.30355485024124	0.0012114177221602442
52.0	29.120153457760534	18.602233515968646	20.354650585939655	31.92197025653463	9.921837965361762E-4
53.0	29.938861776417923	18.878040222573585	19.238955453284593	31.94270815518362	0.0014343925402760876
54.0	28.792262316225592	18.703524979184934	20.11221364099144	32.39122609027887	7.729733191695174E-4
55.0	29.261983850197037	19.176039484665424	19.907257462789683	31.65372434795585	9.948543920057923E-4
56.0	29.928160728750314	18.33539157493106	19.390959671743662	32.34460275937164	8.852652033232856E-4
57.0	29.451101109805254	18.162745591074593	20.30924786019932	32.07502234786009	0.0018830910607451944
58.0	29.37856428297329	18.619891887575502	20.308677164411183	31.690426704700474	0.0024399603395537533
59.0	28.79412395191557	18.52036968543861	19.989381706546354	32.69512502596262	9.996301368493659E-4
60.0	29.36360522124445	18.34053315774956	20.256568820237216	32.037958126829615	0.001334673939156664
61.0	29.377638012104363	18.411862407304056	20.898347207787072	31.31081561290998	0.0013367598945296442
62.0	29.257929797477278	18.65181172838129	19.821593499997768	32.267549515221546	0.0011154589221097344
63.0	29.333081635115025	17.952487120944717	20.090544338353894	32.622993302444456	8.936031419086469E-4
64.0	28.703918075086655	18.628724050344093	20.620252838929545	32.04587473031148	0.0012303053282286848
65.0	29.0942081741916	18.980746183398484	19.515238404587762	32.40913520233868	6.720354834735274E-4
66.0	29.196592392547764	18.436452786513126	20.110872851740368	32.2551847581792	8.972110195457421E-4
67.0	29.56375055030952	19.09854808132901	20.173336268317446	31.16335432745438	0.0010107725896442979
68.0	29.569653050483787	18.424692657517237	19.587038761363686	32.417828338034	7.871926012891966E-4
69.0	29.573788067507394	18.60811611307691	19.958286503251266	31.858908376709817	9.009394546163011E-4
70.0	30.05005504024254	18.70285487421951	20.360039881618363	30.886711841772836	3.383621467499188E-4
71.0	30.097987826644918	19.185460658011866	19.39659652151123	31.319842026542794	1.1296728919174164E-4
72.0	30.229221335451623	18.17396922819274	19.835787134320285	31.761022302035347	0.0
73.0	29.822423497004497	18.42363303501085	20.350618655451708	31.403098095005983	2.2671752696521585E-4
74.0	29.9547774418705	19.349962636309332	18.770200809963043	31.924945544408278	1.1356744884354266E-4
75.0	29.79704083304509	18.27827183193461	19.912822449982706	32.011864885037596	0.0
76.0	30.182323490251157	18.88075218414285	19.5201497437394	31.416774581866598	0.0
77.0	29.979740717731325	18.344243348925595	19.384844138283878	32.290714990498465	4.568045607367344E-4
78.0	29.92552571931354	18.045796705465605	19.90084588778171	32.12760285265443	2.2883478471795544E-4
79.0	29.934383638446167	18.25437318202091	20.194200582211923	31.616927943535305	1.14653785696023E-4
80.0	29.607420809281752	18.41130352373568	19.794951322477814	32.18620947129606	1.148732086959019E-4
81.0	29.380137696009577	18.348568928596098	20.226001059200076	32.04471666398029	5.756522139584149E-4
82.0	29.511052655867832	18.821819188702754	20.431953481932716	31.234136323780515	0.001038349716184411
83.0	29.923974417669015	18.34845521011085	19.59022951031941	32.135837923077275	0.0015029388234532447
84.0	29.450111933553647	18.416198152516998	20.40643699044741	31.726441810774357	8.111127075869165E-4
85.0	30.060396994088062	18.19169076739027	20.270160400478527	31.47728724578092	4.645922622158728E-4
86.0	29.8719096649345	18.158181841468853	19.625032165216854	32.343711976638446	0.0011643517413462469
87.0	30.344094205097793	17.43431650410186	19.62882463078568	32.59171409761359	0.0010505624010720405
88.0	29.77878669092739	17.9919377958238	20.301191778657977	31.926445550868532	0.0016381837223044566
89.0	29.57355734095353	18.314288697210817	19.224700898916208	32.88628000248689	0.0011730604325543039
90.0	29.95147035645647	17.76119086993444	19.737544724665433	32.54779452412485	0.001999524818807766
91.0	30.011626426182808	18.497927053019332	19.2011725474844	32.28785899243928	0.001414980874175184
92.0	29.8499945615935	17.952652760109526	19.21519065161568	32.980033954572754	0.0021280721085411357
93.0	29.78433334439802	17.771160038125767	19.57739198884679	32.86616622644999	9.484021794282083E-4
94.0	30.129956277059367	18.013066953873366	19.98701863752755	31.869007115973968	9.510155657472724E-4
95.0	29.52001325515336	18.319766270641146	19.826467155947118	32.33256130806431	0.0011920101940711798
96.0	29.39143759764096	18.301695770196662	19.715136425411572	32.59137161715541	3.585895954033595E-4
97.0	30.203589943364	18.393215666297085	19.65311198345869	31.748404303137455	0.001678103742770669
98.0	29.68238110180179	18.602327770584395	19.38330069260853	32.331148869356554	8.415656487329026E-4
99.0	29.186550949984447	18.116501202099876	19.94026877843985	32.75571449585354	9.645736222874381E-4
100.0	29.442758790828055	18.754209935023393	19.848883739885576	31.953180080613073	9.674536499002918E-4
101.0	29.594225469647572	18.61233213010402	19.54071087564043	32.252246351498215	4.8517310976556435E-4
102.0	29.221638050925513	18.758752936910717	19.16599644468022	32.852760848166426	8.517193171157863E-4
103.0	29.992627025126705	18.691345787638795	19.486381968926082	31.829401080067576	2.4413824083749182E-4
104.0	29.539771600145965	19.045280773121014	19.12389577756607	32.289949769665384	0.0011020795015661774
105.0	29.531141345612788	18.75803197802279	19.5224674236486	32.18737637203999	9.828806758287525E-4
106.0	30.158336816176174	18.586791827093187	19.130115309837397	32.123769755116086	9.862917771621673E-4
107.0	30.00144742685855	18.391846904300344	19.014735300266846	32.591475521785014	4.948467892484639E-4
108.0	28.91252018874694	18.6548366713303	19.560335334931466	32.87168709025068	6.20714740609517E-4
109.0	29.816373745893358	18.1077239140212	19.65507317516816	32.420455409057105	3.737558601804244E-4
110.0	29.17734703421302	18.372524551299524	19.156765705454426	33.2932376705837	1.2503844932316687E-4
111.0	29.235872060117234	17.884075031091445	19.72835301307786	33.151574400477884	1.2549523557338146E-4
112.0	29.100821077643936	18.166390118342523	20.15980587441556	32.5726049592233	3.779703746820324E-4
113.0	29.215570240326134	18.23739760913052	19.253403334673678	33.29350236836182	1.2644750784606787E-4
114.0	28.63864245008821	17.66997931183287	20.329233776288568	33.36176369797814	3.807638122072878E-4
115.0	29.32530283203859	18.155014837400188	20.429106022748556	32.09032147912762	2.5482868504576086E-4
116.0	28.650186369090104	18.491599960091175	20.491646008733895	32.365800184706224	7.674773786042656E-4
117.0	28.590580929168198	18.25217858069288	20.63288635937528	32.52396888218842	3.852485752223526E-4
118.0	29.02320040841795	18.198835596305674	21.006322227321718	31.77112608872777	5.15679226893703E-4
119.0	28.98900749012771	18.513312546837565	20.12924903283257	32.36804263949667	3.882907054853828E-4
120.0	29.519211645927008	18.252071041298638	20.37127306807886	31.85718426775545	2.5997694004541795E-4
121.0	29.99899497356258	18.227524933139637	20.09047848395025	31.682348994777776	6.526145697507926E-4
122.0	30.101729759920914	18.19204491370867	19.5667536812957	32.1384227494962	0.0010488955785118007
123.0	30.377961528280938	18.066326644832575	19.432076622116167	32.12297675815124	6.584466190741451E-4
124.0	29.99956342334309	17.97280259723422	19.66791068964559	32.359194105950536	5.29183826554709E-4
125.0	30.12738227172581	18.29967390351052	18.95611915943115	32.616558898022426	2.6576731008932437E-4
126.0	29.8033373779118	18.089010092758336	19.35631134444191	32.75080724713709	5.339377508673152E-4
127.0	29.393390735227058	18.838818701215096	19.942866339422224	31.824119524690865	8.046994447573831E-4
128.0	29.392226034134733	18.930412683697202	19.522097563999257	32.154455221406835	8.084967619704682E-4
129.0	28.889144636631354	18.79903868936804	19.918220898351553	32.39264800460346	9.47771045594557E-4
130.0	28.864287861946426	19.027127189909375	20.471851748050053	31.63659714918934	1.360509048065424E-4
131.0	28.726740768084436	19.166427409321464	19.73421926910299	32.37247583500814	1.3671848297171294E-4
132.0	28.457033075159828	18.83709233230174	20.44261457022081	32.263122598519125	1.3742379850372968E-4
133.0	28.642820440569526	18.770891691943888	20.624554540783347	31.96173332670324	0.0
134.0	28.246740173311284	18.97551676115339	20.08450348302641	32.693239582508916	0.0
135.0	28.817115147860605	17.91886859347476	20.644512002769332	32.61894592263176	5.583332635416754E-4
136.0	28.88598619145363	18.95525340688912	20.745930884310983	31.412829517346267	0.0
137.0	29.582877199318336	18.833162165517397	20.090822395521798	31.493138239642466	0.0
138.0	29.76624201744073	18.529748372997357	20.58511113537768	31.118473021325116	4.2545285911412207E-4
139.0	28.924737162567787	19.201784143199166	21.518660637768452	30.35367729994339	0.0011407565212059507
140.0	28.92150888095774	19.25863683356969	20.08399878977503	31.735138537778663	7.169579188719097E-4
141.0	29.553025255890013	18.383126977397463	19.386354263103097	32.677493503609426	0.0
142.0	30.20780603416391	18.463943977802305	21.555434040041135	29.77267090294891	1.4504504373833295E-4
143.0	30.496386625259763	18.439448245265837	20.108663926961963	30.954625586662623	8.756158498143694E-4
144.0	30.67573780074937	18.181337492894816	19.351801668818418	31.790682406024313	4.406315130845528E-4
145.0	27.759431098263498	19.03279596484941	19.76228626941087	33.44385767978841	0.001628987687814876
146.0	27.867744566074403	19.32109157589474	19.831857303979948	32.97810510570493	0.0012014483459810803
147.0	27.928795394086215	19.073297506152205	19.870132857000485	33.12593433046358	0.0018399122975138185
148.0	29.210065091667982	19.262135242306876	19.461119309254666	32.06333742444575	0.0033429323247228947
149.0	30.059534554281658	21.25708509332467	15.638522277751129	33.038325261871236	0.006532812771305135
150.0	25.37357842647084	25.442111501606014	12.521065994180786	36.65495181954095	0.008292258201409197
