# Position (bp)	A	C	G	T	N
0.0	26.371549849040033	24.022947454729596	23.71534719200125	25.890155504229124	0.0
1.0	26.68894469233935	20.368480615025337	15.602567772724324	37.34000691991099	0.0
2.0	28.86448443794945	19.51549729520358	17.82806313699591	33.79195512985106	0.0
3.0	23.293482667640248	22.703072299002574	14.989198451326963	39.01424658203022	0.0
4.0	34.29108558873676	13.097747899391512	14.836942695098001	37.77422381677372	0.0
5.0	35.13131931213005	14.73633424694086	23.36407027868544	26.768276162243648	0.0
6.0	31.597887218414034	17.212844311655175	20.98141171259699	30.2078567573338	0.0
7.0	35.19900487615986	17.143527782971766	20.0075323872761	27.649934953592272	0.0
8.0	22.48511756756936	26.994511170609897	23.002823319104017	27.517547942716725	0.0
9.0	27.75651558130005	18.50051122100263	15.428252022008362	38.31472117568895	0.0
10.0	26.760463453997403	16.38145706605559	25.228789632888947	31.629289847058057	0.0
11.0	28.05359399636907	18.487939560548856	19.40336331700874	34.055103126073334	0.0
12.0	26.154371503175405	19.75590025952257	21.0850748663598	33.00465337094223	0.0
13.0	26.444633638209357	20.919375607530796	18.929220755970544	33.706769998289296	0.0
14.0	30.759657170288975	18.294537560487857	20.410674241489925	30.535131027733243	0.0
15.0	29.66679795299419	18.716377770439887	20.04987554321376	31.566948733352163	0.0
16.0	30.18019379983742	17.73150487284455	18.714110097509938	33.3741912298081	0.0
17.0	30.55991629502027	17.84263410765744	19.549183969276346	32.04826562804594	0.0
18.0	31.665718487634553	17.878744478349027	18.9745742145696	31.480962819446823	0.0
19.0	30.058641226293865	18.512751350326294	19.938255642328304	31.49035178105154	0.0
20.0	29.642582919250955	17.927651950662863	20.03804651249143	32.391718617594755	0.0
21.0	29.292499307099938	18.37215562866922	20.195656411745748	32.13968865248509	0.0
22.0	29.833969210040884	18.954761914234222	22.86757187926432	28.343696996460572	0.0
23.0	29.823386736367773	20.3425114411393	21.220949584724107	28.613152237768823	0.0
24.0	32.96818494663012	19.437511023410075	17.92587494380547	29.66842908615433	0.0
25.0	29.33581053393752	21.11151778929738	19.67582886097839	29.87684281578672	0.0
26.0	32.36325998538611	16.68020639802036	22.094719769996964	28.86181384659657	0.0
27.0	26.477786751220368	21.319361285385977	24.854331852052244	27.34852011134141	0.0
28.0	26.774957995005817	19.768697361144817	18.73271562453171	34.723629019317656	0.0
29.0	28.170027729263726	20.110810964927985	17.20224857673686	34.516912729071436	0.0
30.0	26.544289156562474	19.03106030760686	16.127018209141042	38.29763232668962	0.0
31.0	34.48451808541652	14.210743626408007	18.351888052350635	32.95285023582484	0.0
32.0	34.56948113906056	15.524074748583235	22.494347511287188	27.412096601069024	0.0
33.0	31.580446385474687	17.371876968311597	21.13725790533898	29.910418740874732	0.0
34.0	33.487754091219045	16.53649921478368	21.782027927349173	28.1937187666481	0.0
35.0	26.347288669691633	20.08850774626723	25.948632152154687	27.615571431886448	0.0
