# Position (bp)	A	C	G	T	N
0.0	20.529007265907623	22.592975947693663	24.929544266696727	31.948472519701987	0.0
1.0	32.57975589009931	17.98337757099376	13.655602127506944	35.781264411399995	0.0
2.0	23.05928861809327	29.176643198467605	16.966387153962934	30.79768102947619	0.0
3.0	19.09153489502136	21.46949849162803	25.02581441963111	34.413152193719505	0.0
4.0	29.162688322260973	24.385659869141783	12.273736896589847	34.177914912007395	0.0
5.0	30.93647152687743	25.437319238057242	23.154482896180316	20.47172633888501	0.0
6.0	38.04235844197012	16.42528826722669	19.24654277449776	26.285810516305425	0.0
7.0	40.30279762959463	16.190223062232985	20.784360049613134	22.722619258559252	0.0
8.0	19.25629380212208	35.65345914412122	22.190791276770682	22.899455776986024	0.0
9.0	27.797795263321905	17.34185104393892	13.262503895294483	41.59784979744469	0.0
10.0	26.20342631104389	14.953026380849888	22.393182280910967	36.450365027195254	0.0
11.0	36.32991994759506	16.697332549828044	18.037319255926864	28.935428246650037	0.0
12.0	21.52359196836488	18.35816024878105	33.20056052520444	26.917687257649632	0.0
13.0	21.774802051595525	19.904679127785364	29.543739672776244	28.776779147842863	0.0
14.0	25.021598989831862	16.868099004072953	20.09513049587483	38.015171510220355	0.0
15.0	25.858845303971744	19.461179625677538	28.34047857372188	26.339496496628833	0.0
16.0	35.535803024762544	16.466484768360946	17.179076069121358	30.81863613775515	0.0
17.0	38.000670978323676	16.71108791679869	18.64667399772613	26.64156710715151	0.0
18.0	26.448647496548084	26.641398930600218	17.824874201888594	29.085079370963108	0.0
19.0	24.8805149598033	19.70881564770561	28.944387656435616	26.466281736055475	0.0
20.0	27.52902611434641	16.924880049811375	17.986118741530234	37.55997509431198	0.0
21.0	24.769723668402083	16.617213383332725	28.548804019368696	30.064258928896493	0.0
22.0	23.790680406396582	19.666950395711467	18.771392868138438	37.770976329753516	0.0
23.0	34.00068662703504	16.779899897005947	18.886760746616556	30.332652729342463	0.0
24.0	24.452456061288867	27.23479044614691	17.705272645335736	30.60748084722848	0.0
25.0	26.095377076352104	16.372103916693693	28.603214066947718	28.929304940006485	0.0
26.0	25.465609275278826	26.785248129911515	18.35972310988289	29.38941948492677	0.0
27.0	23.97267047242325	28.365172832291996	19.839079426439522	27.823077268845235	0.0
28.0	35.54768602989421	16.63865395159043	18.702307229078098	29.111352789437262	0.0
29.0	34.196588344258906	19.43762532934078	18.393626300502667	27.97216002589765	0.0
30.0	27.532843798391525	21.983116039762226	20.0989060392627	30.385134122583544	0.0
31.0	27.570759928486773	18.40260340290472	20.921636769048433	33.10499989956007	0.0
32.0	27.312846185550427	18.893814650622755	20.503231902851915	33.2901072609749	0.0
33.0	28.114789032533032	21.411320601546485	21.195177886469263	29.27871247945122	0.0
34.0	27.0588954056696	21.759938090583255	20.014662756598238	31.16650374714891	0.0
35.0	26.779422845854633	21.4762845447325	21.61578722277661	30.128505386636256	0.0
36.0	27.862222131665277	18.67601214368671	19.972900833350312	33.4888648912977	0.0
37.0	27.117710055418655	20.828264553895423	18.922403485240753	33.13162190544517	0.0
38.0	29.135042021193296	19.61163021349898	20.94273633658715	30.310591428720574	0.0
39.0	27.64659171647093	20.239687382454967	21.006603418731977	31.107117482342122	0.0
40.0	29.125645977971498	19.669050477632197	19.93005167823772	31.275251866158584	0.0
41.0	28.766894710495578	18.868888703487404	21.607500417153346	30.756716168863672	0.0
42.0	27.746531683539555	20.964046160896554	21.019247594050743	30.270174561513148	0.0
43.0	28.04421131509929	19.698388909704008	20.473752133549812	31.783647641646894	0.0
44.0	27.310946231412007	20.012071136455873	21.44812012862004	31.22886250351208	0.0
45.0	27.56072906136996	20.15548307089486	20.552527642013775	31.731260225721403	0.0
46.0	28.198019801980195	19.5372589890568	20.52214695153726	31.742574257425744	0.0
47.0	27.46028105583587	20.122180059213544	20.39635544806305	32.02118343688753	0.0
48.0	28.246421800454176	19.903539657076188	21.075439071647324	30.774599470822313	0.0
49.0	27.540486887472575	20.112840873471946	19.742973565980567	32.603698673074916	0.0
50.0	27.866624856276783	18.91083934357688	21.189505592139646	32.03303020800669	0.0
51.0	27.89950611083208	20.313284781516824	20.157374853507452	31.629834254143645	0.0
52.0	27.999665075776605	19.758435903876748	20.101733232856066	32.14016578749058	0.0
53.0	28.668402941207233	19.999581620592636	20.306044536487914	31.02597090171222	0.0
54.0	28.27584041528865	19.046971155858834	21.49181563193369	31.185372796918827	0.0
55.0	26.991196704514564	19.199966543295066	20.549735482926625	33.25910126926374	0.0
56.0	27.61657705905734	19.565490261710007	21.872973368757975	30.94495931047468	0.0
57.0	26.46394512297139	19.790446712397525	21.485486029780827	32.26012213485026	0.0
58.0	26.92155185007409	19.86977481895778	20.896550284867583	32.31212304610055	0.0
59.0	26.379536784173112	18.34622360274344	22.441576851716732	32.83266276136671	0.0
60.0	26.645000677062175	19.856671145693365	21.925356499276063	31.572971677968397	0.0
61.0	27.675837793930814	19.233332639076917	20.811030345947973	32.2797992210443	0.0
62.0	27.607508709895477	18.952732567209193	20.617752586968958	32.822006135926365	0.0
63.0	27.372597205156506	19.590978195222526	21.23206364412604	31.804360955494932	0.0
64.0	27.240419788854958	20.32349170948277	20.23594884995779	32.20013965170448	0.0
65.0	27.67891581965077	18.93666927286943	21.849361480323168	31.535053427156633	0.0
66.0	27.902365721560727	19.168918989428864	22.091894768697756	30.836820520312646	0.0
67.0	27.46807555365291	18.91451661741827	21.744124126841594	31.873283702087228	0.0
68.0	26.936525996054407	19.65282924334311	20.50353329227686	32.90711146832563	0.0
69.0	28.179329655633566	18.88268973587429	21.25125376128385	31.68672684720829	0.0
70.0	26.774432714096257	19.22141119221411	20.70006161043409	33.30409448325554	0.0
71.0	28.716902145473572	18.599686028257455	21.15018315018315	31.533228676085816	0.0
72.0	27.988680431820562	19.261083743842363	21.534430353212453	31.215805471124618	0.0
73.0	28.679158089316477	18.361130949880266	19.197160021845985	33.762550938957276	0.0
74.0	27.995420745284207	19.75381254463723	21.213712557240683	31.03705415283788	0.0
75.0	28.244162607088864	19.64345708046363	20.243994624559043	31.868385687888463	0.0
76.0	27.227961866364286	19.75872495905254	20.21754651211625	32.79576666246693	0.0
77.0	27.42011549062556	19.309571468994644	22.830882738238717	30.439430302141083	0.0
78.0	28.14658018002913	18.357103186662336	20.693919039285753	32.80239759402278	0.0
79.0	28.087805797192477	18.889551863831926	20.692145840530102	32.3304964984455	0.0
80.0	28.427691374423446	19.18816872535587	21.397119578291203	30.98702032192949	0.0
81.0	28.20102499738521	19.450894257922812	20.601401527036924	31.746679217655053	0.0
82.0	28.041774364018796	18.98159290924122	20.737539372756668	32.239093353983314	0.0
83.0	27.633080942955583	18.84863908175982	21.46156021238493	32.05671976289966	0.0
84.0	28.97501285562867	19.13232377294336	20.20904826370305	31.683615107724922	0.0
85.0	27.10790761298469	18.196453938022835	20.70395117588257	33.9916872731099	0.0
86.0	27.79663160557324	19.203853207141503	20.986066904154637	32.01344828313062	0.0
87.0	28.81429356324754	19.09682600059169	21.237479396475212	30.851401039685562	0.0
88.0	28.044057897409854	19.262104283054004	19.530853224987304	33.16298459454884	0.0
89.0	29.103582909827804	19.191962059563092	21.00728889266124	30.69716613794786	0.0
90.0	28.92215759869855	18.677497900030833	20.700911227126284	31.69943327414433	0.0
91.0	28.37959009393681	18.84393680614859	21.40478223740393	31.371690862510675	0.0
92.0	26.911128251274803	19.33410464069932	21.72194369456228	32.032823413463596	0.0
93.0	27.781659482526955	19.09619580990874	21.479323651764503	31.642821055799804	0.0
94.0	28.870148497233878	18.505537641945885	20.472559824866007	32.151754035954234	0.0
95.0	28.40820566086731	19.460313338526788	21.588548428979486	30.54293257162642	0.0
96.0	27.466982104680564	19.313705275266692	21.913898444876125	31.305414175176622	0.0
97.0	29.115164715491424	19.35965151102641	19.665668390961066	31.859515382521096	0.0
98.0	27.741442375934923	19.505377518152535	21.52863460173609	31.224545504176447	0.0
99.0	28.88306677044167	19.55318285958585	20.566085307433433	30.997665062539053	0.0
100.0	28.69239465342584	19.236140358654932	21.141356150111942	30.930108837807285	0.0
101.0	28.81858902575588	19.11534154535274	21.58902575587906	30.477043673012318	0.0
102.0	28.28681195389794	18.951937351964553	21.76928569000102	30.99196500413649	0.0
103.0	28.19883751590677	18.8244465589783	20.365253877813064	32.61146204730187	0.0
104.0	28.61636315099179	18.12621145118795	21.331986954049004	31.925438443771252	0.0
105.0	29.55772193280572	18.39199407316815	20.82034878935052	31.229935204675613	0.0
106.0	27.95477536447486	18.81225825647129	21.030645641178218	32.20232073787563	0.0
107.0	28.202810518957744	18.3334538530142	21.764649167209004	31.699086460819053	0.0
108.0	28.17279313120472	20.810059272629704	21.078371588164988	29.938776008000584	0.0
109.0	27.446816391540008	19.626387465583445	20.742533305347376	32.18426283752917	0.0
110.0	27.95784847425461	17.83698746441592	22.621485291914297	31.583678769415176	0.0
111.0	28.26762306468315	18.894754123203597	21.06938095117824	31.768241860935014	0.0
112.0	26.86746525869012	18.351849247644495	20.208128252003938	34.57255724166144	0.0
113.0	29.943627007318145	18.031599906906983	21.31830053528484	30.706472550490034	0.0
114.0	28.21848937535186	18.81930897236151	20.41791591929719	32.54428573298944	0.0
115.0	28.449624738112288	18.38120242925717	21.38197151722492	31.78720131540563	0.0
116.0	28.50255818013348	18.88621805632025	20.664186821007963	31.947036942538304	0.0
117.0	29.50643630975845	18.907934264004243	20.234616064267946	31.35101336196936	0.0
118.0	28.51380743922249	19.056468709561962	21.170947936455494	31.258775914760058	0.0
119.0	29.3000640864889	18.227033352837918	20.4937446014099	31.979157959263283	0.0
120.0	29.02058007353045	19.27427420377231	21.095631840655855	30.609513882041384	0.0
121.0	29.083108849645818	17.76200453243255	20.119439574692493	33.03544704322914	0.0
122.0	27.899239543726235	18.17605714944118	22.007143680147482	31.917559626685104	0.0
123.0	27.940405452638938	18.95607596411511	20.791098683444016	32.31241989980194	0.0
124.0	27.805050639069478	18.45414473781198	20.434007046717674	33.30679757640087	0.0
125.0	28.258012485438634	19.06120254487888	21.046028853908417	31.634756115774067	0.0
126.0	29.482095831945998	18.710839361927537	20.965886733056877	30.841178073069585	0.0
127.0	28.639585187003348	18.678857423373117	19.88617187739699	32.79538551222655	0.0
128.0	29.25206033276318	17.832374436324056	22.40242575027212	30.513139480640643	0.0
129.0	28.14096499526963	18.59981078524125	20.879848628193	32.379375591296125	0.0
130.0	29.12314326784859	17.43331736144386	21.004631847947614	32.43890752275994	0.0
131.0	27.823851787186577	18.18225908142975	21.606285464862506	32.38760366652117	0.0
132.0	29.15567930554418	18.971419212185733	19.83293751535501	32.039963966915074	0.0
133.0	28.03848386829228	17.65115700422991	22.29742058555196	32.01293854192585	0.0
134.0	30.230955422577825	17.282996033080078	21.755866334969408	30.730182209372686	0.0
135.0	29.44005730756767	18.55673619757466	21.645545871637868	30.3576606232198	0.0
136.0	27.167280333281475	19.042680080900276	20.626112810938825	33.16392677487943	0.0
137.0	30.43241916251666	17.787753384302448	22.98169320333871	28.79813424984218	0.0
138.0	29.35122644863136	20.268396729470318	21.180234624955563	29.200142196942764	0.0
139.0	28.752543715896202	19.53573808280358	20.926002629256786	30.785715572043436	0.0
140.0	27.66966386401357	20.525634244651553	21.681956628791333	30.122745262543543	0.0
141.0	30.41415092597721	17.8437563470522	21.073136505474622	30.668956221495964	0.0
142.0	26.008407286314807	20.371788883699207	24.446520317608595	29.173283512377395	0.0
143.0	26.63676111521208	19.786875626975565	20.121893513523744	33.45446974428861	0.0
144.0	26.591092185521926	20.454981394099818	19.802815820769556	33.1511105996087	0.0
145.0	27.439914371898418	19.07949790794979	17.4155882066751	36.0649995134767	0.0
146.0	32.15874710802634	14.152379822427875	21.75159676494434	31.937276304601454	0.0
147.0	34.17550237301828	15.85782086236494	22.883974553165707	27.082702211451075	0.0
148.0	32.381131366284535	16.92664286161749	20.981853870408653	29.710371901689324	0.0
149.0	32.286522402801474	18.21181646763042	23.6374248002155	25.864236329352607	0.0
150.0	26.988419258127095	18.940685438833697	26.688613250249837	27.38228205278937	0.0
