# Position (bp)	A	C	G	T	N
0.0	29.12116292798111	25.13651121605667	16.28172963400236	29.460596221959857	0.0
1.0	27.384211102594985	19.88028760173729	15.40567173984452	37.32982955582321	0.0
2.0	27.7452680248519	19.0362664354862	18.964022540095364	34.254442999566535	0.0
3.0	25.197804547722573	21.466248485280488	15.649725568465323	37.68622139853161	0.0
4.0	34.47360145357979	13.952269471330236	16.15011006673888	35.424019008351095	0.0
5.0	34.933940460174554	15.740453275380318	23.34333712787609	25.98226913656904	0.0
6.0	32.30863818014141	18.236158076305635	19.636574785667932	29.81862895788503	0.0
7.0	31.877966101694916	18.18983050847458	20.46440677966102	29.46779661016949	0.0
8.0	24.31286795626577	24.080740117746004	21.44659377628259	30.159798149705637	0.0
9.0	28.899281777183898	18.079171538333057	17.257391013863373	35.76415567061967	0.0
10.0	28.15488841657811	16.973299681190223	22.83142933049947	32.0403825717322	0.0
11.0	29.015954811217913	18.57430713837413	20.097116242196016	32.31262180821194	0.0
12.0	27.550316840135274	19.8378041172801	20.25478543520373	32.3570936073809	0.0
13.0	27.599830215169625	20.106442028275705	18.90162275116727	33.3921050053874	0.0
14.0	30.589496945274924	18.273105420512152	20.707136357727805	30.430261276485115	0.0
15.0	29.81786419074116	18.88001035230177	19.11293714211769	32.18918831483938	0.0
16.0	29.68689601855431	17.562169823476356	19.179229480737018	33.57170467723232	0.0
17.0	30.275994865211807	18.60397946084724	20.00320924261874	31.11681643132221	0.0
18.0	31.04076738609113	18.321342925659472	18.203037569944044	32.43485211830536	0.0
19.0	29.509554140127385	17.94267515923567	19.178343949044585	33.36942675159236	0.0
20.0	30.13876980724651	18.10676066177638	20.14543837921946	31.609031151757645	0.0
21.0	30.04593695548867	18.526849358466656	19.0939331538096	32.33328053223507	0.0
22.0	29.87452195075698	17.71231707702519	19.577104206833337	32.83605676538449	0.0
23.0	29.933453180685653	17.96133345948844	20.45920459204592	31.64600876777999	0.0
24.0	30.181314530345	18.73268698060942	18.779904306220097	32.30609418282548	0.0
25.0	30.16656191074796	18.104965430546827	19.10119421747329	32.62727844123193	0.0
26.0	30.311019050309135	17.933025766563098	20.133069704673133	31.62288547845463	0.0
27.0	29.63729270510047	18.912818583654662	19.14166588294304	32.30822282830183	0.0
28.0	29.63484905424026	18.172992609294752	19.350494801453088	32.841663535011904	0.0
29.0	30.015955949066107	18.706003816913306	19.475643713043205	31.80239652097738	0.0
30.0	30.513406125832994	18.37437036573538	19.100209617370083	32.01201389106154	0.0
31.0	30.21589486858573	17.659574468085108	19.64017521902378	32.48435544430538	0.0
32.0	30.594493116395494	18.444931163954944	19.79349186483104	31.16708385481852	0.0
33.0	30.057260865483904	18.42673425326199	19.331017866641634	32.18498701461247	0.0
34.0	29.844488250571043	18.50183047029006	19.249663631527895	32.404017647611	0.0
35.0	30.01533310385831	17.949119128829363	20.001877522921426	32.0336702443909	0.0
36.0	29.87732365275083	18.489078049696438	19.37472616886775	32.258872128684985	0.0
37.0	29.49018871467468	18.843301098488404	19.350295746878228	32.31621443995869	0.0
38.0	29.604707207912117	18.268598791900097	20.158993458733686	31.967700541454104	0.0
39.0	30.167178010143385	18.52733078705153	19.48844781165863	31.817043391146456	0.0
40.0	30.205462290152845	18.275494863442745	19.280881984465044	32.23816086193936	0.0
41.0	29.58924710969076	18.297459034370398	20.500046996898206	31.61324685904064	0.0
42.0	29.78623370110331	18.85656970912738	19.14180040120361	32.2153961885657	0.0
43.0	29.589788621965752	18.17412030358151	19.723389575362226	32.512701499090504	0.0
44.0	29.55665024630542	18.534090552539926	20.322550280819556	31.5867089203351	0.0
45.0	29.65846308387745	19.192616775489704	19.2962079357107	31.852712204922152	0.0
46.0	29.2179648241206	18.02763819095477	19.54459798994975	33.209798994974875	0.0
47.0	29.928039468309088	18.30122867108695	20.023253621594446	31.747478239009517	0.0
48.0	30.298361995787094	18.82290061936052	18.91721947998868	31.961517904863708	0.0
49.0	29.64198074624048	18.228150758195433	19.304096142956016	32.82577235260807	0.0
50.0	29.410097319769456	18.749015779030582	20.241882145444237	31.599004755755722	0.0
51.0	30.254114383000193	18.648716816949364	19.099564915820668	31.997603884229775	0.0
52.0	29.808724196704755	18.18067041222145	19.541064326747048	32.46954106432675	0.0
53.0	29.89537566773082	18.10538293769953	20.283212693997534	31.716028700572114	0.0
54.0	29.754785635184305	18.769182091441227	19.07609555450087	32.3999367188736	0.0
55.0	29.66670890888354	17.798758078823976	19.753516664554553	32.78101634773793	0.0
56.0	29.681552905353968	18.095026642984013	20.33747779751332	31.885942654148693	0.0
57.0	29.229791964427505	18.377004922979197	19.574400508178496	32.8188026044148	0.0
58.0	29.93195115746629	17.59730348511829	19.53701348257441	32.933731874841	0.0
59.0	29.80214738586039	18.341988721445183	20.677350495428044	31.178513397266382	0.0
60.0	30.144640633481274	18.7585810530349	19.435486445927392	31.661291867556436	0.0
61.0	29.713554168666988	18.41254600736118	19.235077612417985	32.638822211553844	0.0
62.0	29.740051347881902	18.546213093709884	19.778562259306803	31.93517329910141	0.0
63.0	29.79983265752719	18.204930166698848	19.273347493081033	32.721889682692925	0.0
64.0	29.45048562485883	17.889064567132394	19.63795940756994	33.02249040043883	0.0
65.0	29.266871662081247	18.103252953552353	20.595565625505746	32.03430975886066	0.0
66.0	30.324862882549574	18.10923960665953	19.332749164313764	32.23314834647714	0.0
67.0	29.922566371681413	18.45067673086934	19.35515356585112	32.27160333159812	0.0
68.0	29.89855497928695	17.852366506833675	20.32162312033141	31.927455393547966	0.0
69.0	29.654337944340885	18.493083488668695	19.60822786879885	32.24435069819157	0.0
70.0	29.257011645071344	17.74315237001804	19.89175004100377	33.10808594390684	0.0
71.0	29.82421489235631	18.11837513990388	20.346961616959643	31.71044835078017	0.0
72.0	30.1474477651415	18.381380587146257	19.24424755355726	32.22692409415499	0.0
73.0	29.77182902122289	17.81527118137434	19.548972068152377	32.86392772925039	0.0
74.0	29.822512844465205	18.265830386334827	20.27423767264963	31.637419096550346	0.0
75.0	29.85309900724443	18.124496914408372	19.50965924335927	32.51274483498793	0.0
76.0	29.769963962143407	17.904415479438214	19.787140884443097	32.53847967397528	0.0
77.0	29.74069441157578	18.587511410122044	20.595692890226175	31.076101288076003	0.0
78.0	29.84765717775591	18.53221592644115	19.139551453873036	32.4805754419299	0.0
79.0	29.739308229681377	17.99625149088431	19.352530243653092	32.91191003578122	0.0
80.0	29.886355856780995	18.165947833230643	20.267679879509824	31.680016430478535	0.0
81.0	30.255916345624655	18.40258668134287	19.15588882773803	32.185608145294445	0.0
82.0	29.954729239382104	18.115215813664168	18.98261741023603	32.9474375367177	0.0
83.0	29.940869565217394	18.07304347826087	19.648695652173913	32.337391304347825	0.0
84.0	30.189669652855542	18.204087346024636	18.994960806270996	32.611282194848826	0.0
85.0	29.968654245764803	17.486704469411475	19.17374000633959	33.37090127848413	0.0
86.0	29.956415435314128	18.18858297012863	20.15166011126466	31.703341483292586	0.0
87.0	30.319243802389874	18.177278401997505	19.41501694310683	32.0884608525058	0.0
88.0	29.877764634190058	18.016274151342436	19.550489299924724	32.555471914542785	0.0
89.0	29.9311389119227	18.311280960449942	20.323034214226485	31.434545913400875	0.0
90.0	30.21146940404077	18.33943922521673	19.20635496390874	32.242736406833764	0.0
91.0	29.56769388053162	18.20140207390098	19.47203154666277	32.75887249890463	0.0
92.0	29.872803470333064	18.002352768178813	20.384530549224323	31.740313212263803	0.0
93.0	30.643010593377284	17.842062374990743	19.153270612637975	32.361656418994	0.0
94.0	29.979834192247367	18.37329150795429	19.44133243707521	32.20554186272313	0.0
95.0	30.529923543369364	18.157508191781854	20.134834846145154	31.177733418703628	0.0
96.0	30.069557945950052	18.636208141700557	19.16454445246874	32.12968945988065	0.0
97.0	30.463271640418437	17.975246196880867	19.569299153159367	31.992183009541325	0.0
98.0	29.67749402052311	18.254764292878637	20.69670550111874	31.371036185479518	0.0
99.0	29.982904654596314	18.87870075374932	19.255575413785063	31.882819177869298	0.0
100.0	29.65498357064622	17.712408073853858	19.777812548896886	32.854795806603036	0.0
101.0	29.97871333964049	18.345947650583412	19.926679280983915	31.748659728792177	0.0
102.0	29.819816236426554	18.304761147130186	19.549739469392627	32.32568314705063	0.0
103.0	30.006423638991485	17.371928697607196	19.77677854504577	32.84486911835555	0.0
104.0	30.69744796526961	18.067107558729255	19.90505943928267	31.330385036718468	0.0
105.0	29.965142505638713	18.872257535370103	19.052696329710887	32.109903629280296	0.0
106.0	29.680440999709866	17.93426451693124	19.563145024246694	32.8221494591122	0.0
107.0	30.041031652989446	17.75665717635237	20.113883771562552	32.08842739909563	0.0
108.0	29.64656084656085	18.28994708994709	19.834920634920636	32.22857142857143	0.0
109.0	29.196177148220837	17.84708592883352	20.061438689307963	32.89529823363768	0.0
110.0	29.43074738608494	18.441547265608193	20.498257389957402	31.629447958349466	0.0
111.0	29.465602498481825	18.656198490500564	19.4933634076516	32.38483560336601	0.0
112.0	29.692085322587708	17.86167929569445	19.28518242740134	33.1610529543165	0.0
113.0	30.16603940668585	17.94553907460704	20.407350011069294	31.481071507637814	0.0
114.0	29.991043439319302	18.20420958351993	19.41334527541424	32.39140170174653	0.0
115.0	29.75142883062687	17.626780368320784	19.722398621065047	32.899392179987295	0.0
116.0	29.89581899123411	18.247739685162237	20.620496580843543	31.235944742760108	0.0
117.0	30.071975853262135	18.007894125841652	19.29881588112375	32.62131413977246	0.0
118.0	29.684121462818464	17.951490081789977	19.51678104728777	32.84760740810379	0.0
119.0	30.365720264421935	17.95310790887906	19.96956294288296	31.711608883816044	0.0
120.0	29.985576923076923	18.514423076923077	19.264423076923077	32.23557692307693	0.0
121.0	29.83299349451403	17.414312069132926	19.662103116807458	33.09059131954559	0.0
122.0	29.323049715071726	18.46629986244842	20.057968166633916	32.152682255845946	0.0
123.0	29.753914988814316	17.926920208799405	19.8806860551827	32.43847874720358	0.0
124.0	29.419771134748196	17.87568684780965	19.594696778746787	33.10984523869537	0.0
125.0	30.070037319155464	18.250600685036552	20.04498747507796	31.634374520730024	0.0
126.0	30.120294514155344	17.867883438763872	19.58933941719382	32.422482629886964	0.0
127.0	29.596672283066557	17.833824768323506	19.92417860151643	32.64532434709351	0.0
128.0	29.63794855339858	17.749612278731483	20.776512112947216	31.835927054922724	0.0
129.0	29.70888550945036	18.265261785791875	19.210297631979145	32.81555507277862	0.0
130.0	29.414032382420974	17.551492455116204	20.514373829716927	32.520101332745895	0.0
131.0	29.97431889236266	18.25591782045556	19.752121482804824	32.01764180437696	0.0
132.0	30.43921790875602	17.50637574383678	19.206574100311702	32.847832247095496	0.0
133.0	29.697841726618705	17.928057553956833	19.919424460431653	32.454676258992805	0.0
134.0	30.51720102972151	17.821202901942428	20.13222560262111	31.529370465714955	0.0
135.0	29.661622780888834	18.503514833790064	19.546050279995235	32.28881210532587	0.0
136.0	29.387854152763452	18.042832008736273	19.996359885943093	32.572953952557185	0.0
137.0	29.541103081959115	18.219998764745846	21.40695448088444	30.8319436724106	0.0
138.0	29.99245472837022	18.944919517102615	19.88807847082495	31.174547283702214	0.0
139.0	31.07554417413572	17.91293213828425	19.250960307298335	31.760563380281692	0.0
140.0	29.37463395587948	20.192620550530357	19.67853191904731	30.75421357454285	0.0
141.0	31.53015957094617	16.864199165728664	20.04899688803549	31.55664437528968	0.0
142.0	28.70913380519043	19.069767441860467	23.195146612740142	29.025952140208965	0.0
143.0	28.000824969063657	18.829918878042072	19.39364773820982	33.77560841468445	0.0
144.0	29.1953377334644	18.571829799185508	18.81056031456256	33.42227215278753	0.0
145.0	27.99770098426611	19.168043681298943	17.910769451828436	34.923485882606506	0.0
146.0	32.39290989660265	15.302806499261449	18.67060561299852	33.633677991137375	0.0
147.0	33.13886543333077	15.928456283104323	22.230751516081984	28.70192676748292	0.0
148.0	31.40963465890721	16.133204009052697	20.990947300355643	31.466214031684448	0.0
149.0	33.8728427076813	13.627827953143164	22.632567289636054	29.86676204953948	0.0
150.0	28.884611271521766	15.174847609881295	24.606993904395253	31.33354721420169	0.0
