# Position (bp)	A	C	G	T	N
0.0	25.896525500321655	23.805726950021015	24.3406050643551	25.95714248530223	0.0
1.0	26.155017639170463	19.936093833289856	15.739094305513474	38.16979422202621	0.0
2.0	28.328046924943852	19.17468676044417	18.811186282518282	33.6860800320937	0.0
3.0	22.82683667644167	22.20847522710392	15.688544363078647	39.27614373337576	0.0
4.0	33.99689208590483	13.536444637455158	14.909756126547746	37.556907150092265	0.0
5.0	34.74470739596187	15.025473259164968	22.999046518037755	27.230772826835402	0.0
6.0	30.744001705430176	17.586566991063922	21.153508485323435	30.515922818182467	0.0
7.0	34.69070136400329	17.341961636196256	20.13163326589976	27.83570373390069	0.0
8.0	22.639157093667286	26.853844575437773	22.283054079529805	28.223944251365136	0.0
9.0	28.179010178531623	18.544128249284185	15.955267322187334	37.321594249996856	0.0
10.0	26.010975249545275	16.403575754961082	25.81815022958351	31.767298765910134	0.0
11.0	28.183713940382205	17.78560526166891	19.908170492766285	34.1225103051826	0.0
12.0	26.129484727722797	19.477859061855636	21.718154680140785	32.674501530280786	0.0
13.0	26.539646917911174	20.702239506788658	18.781721785244155	33.97639179005601	0.0
14.0	30.707842144868657	18.330443068072004	20.58172386931255	30.379990917746785	0.0
15.0	29.98390105856067	18.05146032328186	20.02916332347361	31.93547529468386	0.0
16.0	29.543052422013723	17.75585372449804	18.838069541077427	33.86302431241081	0.0
17.0	30.323010150484347	17.760567224985994	19.868855613696304	32.047567010833355	0.0
18.0	30.519272909438367	17.34425021597863	19.125729411765853	33.01074746281715	0.0
19.0	29.85811681826641	18.226346773204764	19.839591008394024	32.075945400134806	0.0
20.0	29.897490129160627	17.513098710731015	20.059966633480634	32.52944452662772	0.0
21.0	28.984804511949648	18.338477443903745	19.686723617568774	32.98999442657784	0.0
22.0	29.807320085735068	18.837212540988705	22.524757320460672	28.83071005281555	0.0
23.0	29.667288218965858	20.099427592111198	21.294231795346043	28.9390523935769	0.0
24.0	31.66266684598744	19.648139136301676	18.538898601015525	30.150295416695354	0.0
25.0	28.965093509909114	21.198403603607463	19.377706915123976	30.458795971359446	0.0
26.0	31.811716690962943	16.91388035324375	21.61279236241521	29.661610593378096	0.0
27.0	26.18013538069356	20.714471235327647	25.243911476954928	27.861481907023865	0.0
28.0	26.031105012992807	19.644691658672055	18.78431226278505	35.53989106555009	0.0
29.0	27.603865732627465	19.931017336040544	17.73818783630558	34.72692909502641	0.0
30.0	26.411560419554014	19.27015631562849	16.793117292577993	37.5251659722395	0.0
31.0	33.894907516697934	14.360559298762816	18.106556121601532	33.63797706293772	0.0
32.0	34.137012484996866	15.8400962331535	22.501710803945173	27.521180477904462	0.0
33.0	30.95163806552262	18.155570266596886	20.758513791936096	30.1342778759444	0.0
34.0	33.46419642013801	16.558565346649523	21.587427827623877	28.38981040558859	0.0
35.0	25.997167483933847	20.59759720680136	25.3351810678281	28.070054241436694	0.0
