# Position (bp)	A	C	G	T	N
0.0	26.91544511812747	23.88552660373646	23.253833832618888	25.94519444551719	0.0
1.0	27.460718155169474	20.052210801109478	15.073485602614939	37.41358544110611	0.0
2.0	27.74975049626567	20.07965840836724	17.900110768690848	34.27011475343913	3.655732371144573E-4
3.0	23.81686792672967	21.710382394119705	15.129506475323767	39.34306090304515	1.8230078170575195E-4
4.0	34.15290713314575	14.363717000748869	14.505856435535586	36.97624708268807	0.001272347881722541
5.0	35.739372389721694	14.895806674689215	22.044588680943903	27.310793960217588	0.00943829442759467
6.0	32.39540004893565	17.673925454693745	19.96647001785245	29.95912967040934	0.005074808108818385
7.0	35.4623869801085	16.807956600361663	20.165461121157325	27.563471971066907	7.233273056057866E-4
8.0	23.5886772614856	26.127784572416495	22.079665282246484	28.202608298210976	0.0012645856404493974
9.0	28.789383048546703	18.263228769165785	16.26677401070793	36.680433660299435	1.805112801498966E-4
10.0	27.358599468271233	16.903671958702642	24.49974567925284	31.237261416476375	7.214772969131594E-4
11.0	28.456642929366666	18.69767475393053	19.56029220129663	33.282866788146855	0.0025233272593241447
12.0	27.190041703070534	19.508029867685075	20.920529980274356	32.37599416337155	0.005404285598479595
13.0	27.88559515793946	21.12406519931013	18.499242077822945	32.49091753590679	1.800290206781333E-4
14.0	31.55692697662863	18.746421923214022	20.307813619555475	29.388477422560516	3.600580413562666E-4
15.0	30.3757565719594	18.827254953498503	19.09765854255706	31.698609815902323	7.201160827125332E-4
16.0	30.340290854885808	18.174109666478238	19.083256220902808	32.399282764381624	0.003060493351528266
17.0	30.06772691757911	18.690072839741767	20.2763085409368	30.962291121328754	0.0036005804135626662
18.0	32.27740311738252	18.227398256598963	18.212275818862	31.275181559267356	0.0077412478891597325
19.0	30.685586516546465	18.43227128213068	19.85594077765336	31.026201423669498	0.0
20.0	30.470451836836098	18.496361613492095	19.552591877810706	31.480594671861105	0.0
21.0	30.32534844616952	17.335714517180172	19.31171304814336	33.02704395948627	1.800290206781333E-4
22.0	28.803383105356584	19.0998188908052	19.8770041730727	32.21817356957942	0.0016202611861032
23.0	29.97951269744683	17.90064558406815	19.95909740650193	32.1598441668797	9.001451033906666E-4
24.0	31.004957999229475	17.750501380822588	18.88252386284669	32.36111661199785	9.001451033906666E-4
25.0	29.32960793279877	18.223257589123367	19.56915454771309	32.8777999013441	1.800290206781333E-4
26.0	31.857935499202473	17.84087594920301	20.290710862591048	30.010477689003466	0.0
27.0	28.871614104193593	18.204354541952164	20.026788318276907	32.89724303557733	0.0
28.0	30.276920639607102	17.929450227376652	19.949375839385308	31.839752568113983	0.004500725516953333
29.0	29.320966539806214	18.692413217010582	19.449615277982808	32.53484461695225	0.0021603482481375997
30.0	30.15939884276512	18.28153861110211	19.193212136923858	32.36423013635496	0.0016202728539486048
31.0	30.86858052273979	18.119461777488127	19.45871695069654	31.551980527780678	0.0012602212948593773
32.0	29.47758238276299	18.645041191381495	19.194679686599837	32.682516706993894	1.8003226178131123E-4
33.0	29.880997389504003	18.114681789540015	19.311909262759926	32.691511387163565	9.001710324961743E-4
34.0	29.808171826193412	18.42918740829425	19.545049464843505	32.21741126484171	1.800358271295988E-4
35.0	30.45346139435686	17.65390379571721	19.421707928639364	32.470746750439524	1.8013084704729515E-4
36.0	30.997668779297893	17.65278143094434	18.681473100883846	32.6677163765552	3.603123187178646E-4
37.0	29.32059337043851	19.17030481136002	19.070304631179518	32.438797187021954	0.0
38.0	30.833482005287316	18.502540037807726	19.161562262913286	31.50043340127191	0.0019822927197596743
39.0	29.768647541722398	18.949125533134563	19.601325310326676	31.680360818981214	5.407958351510082E-4
40.0	30.122814392757075	18.78859938908545	19.281516857885688	31.804182581537965	0.0028867787338227625
41.0	29.93748837276509	18.059737346407616	20.384100625477508	31.61650624845346	0.00216740689632751
42.0	29.13362202959739	18.379625947962378	19.38921943566869	33.0951830136709	0.002349573100641253
43.0	29.76653520597016	18.174848151141827	20.14712025127618	31.90914565013372	0.002350741478110076
44.0	29.304306296266812	18.861664483729275	19.993957725789294	31.840071494214612	0.0
45.0	29.59193646472837	18.34946571296189	19.839569095331868	32.218847735433805	1.809915440750608E-4
46.0	30.241152112864768	17.480314390366228	19.61644520167226	32.6617261776512	3.621174455511156E-4
47.0	29.813850210817627	18.431690742860454	19.574887346595766	32.1768549777591	0.002716721967051596
48.0	30.43152955669487	17.977499592383918	18.95233609304516	32.6382724324716	3.6232540444573275E-4
49.0	29.33250452161495	17.78852252833485	20.162596911166123	32.71492622246708	0.0014498164169961978
50.0	29.811500739923975	18.29824739575777	19.74291268897078	32.14715782143168	1.8135391579374982E-4
51.0	30.429336025155955	18.162722129832026	19.26438442712834	32.14337586509902	1.8155278465661106E-4
52.0	29.85061334137914	18.35098503588806	19.73706930239575	32.06133232033705	0.0
53.0	31.141038028535505	18.040581482310426	19.416406913882174	31.39123773339083	0.010735841881065068
54.0	30.524404259930822	18.17064130282338	19.036360953912677	32.266407782551916	0.0021857007812058874
55.0	29.479090135108777	18.30340132829919	18.120363668847684	34.096780250892856	3.646168514970256E-4
56.0	28.870971567656134	18.432033688942898	20.576091141143607	32.12053868736464	3.6491489272414443E-4
57.0	27.96276889033328	19.2511055039674	19.460886521067565	33.323413314247944	0.0018257703838134502
58.0	30.9355094523036	17.942748970351232	21.600149102643282	29.520678855564125	9.136191377628026E-4
59.0	29.45815998331449	20.565990098466468	20.8916502921794	29.077430284934376	0.006769341105268743
60.0	31.575667258726465	18.871127094892707	19.409479922207375	30.143359123678177	3.6660049527726914E-4
61.0	29.04247874409711	20.91040836680828	19.654248333599664	30.392497203533193	3.6735196175131376E-4
62.0	31.76748074062072	16.65089337005995	21.22674512807671	30.354328388987906	5.523722547098941E-4
63.0	26.80639629851364	20.290176426676126	25.02882547284862	27.873308351256863	0.0012934507047458552
64.0	26.04473421338913	20.375398221232164	18.17927414856177	35.39799883985344	0.002594576963492449
65.0	27.802413884108283	19.450649934764915	18.59274347927903	34.14973218301508	0.004460518832682221
66.0	26.79020955549174	19.779480045797143	16.959860370927018	36.46522885518332	0.005221172600777955
67.0	33.46141830093482	14.09901204959021	17.803872855403046	34.634948488516315	7.483055556075213E-4
68.0	34.71125906389217	15.815665277405166	22.89145245211582	26.581623206586833	0.0
69.0	31.861767116720024	16.99338065853168	20.45577568474613	30.689076540002162	0.0
70.0	33.10636187046161	16.04911253949595	22.368256509016334	28.4762690810261	0.0
71.0	26.100708037880814	20.035742548831553	25.506920533098544	28.35662888018909	0.0
