# Position (bp)	A	C	G	T	N
0.0	52.53118121790169	11.753484959647837	13.83712399119589	21.878209831254587	0.0
1.0	15.436537050623626	52.80997798972854	16.258253851797505	15.49523110785033	0.0
2.0	21.76513493800146	46.06856309263311	12.035010940919037	20.13129102844639	0.0
3.0	53.0514385353095	14.196454519035164	14.501598372566116	18.25050857308922	0.0
4.0	53.03338171262699	11.81422351233672	12.97532656023222	22.177068214804063	0.0
5.0	19.59136357049703	47.02217069989857	13.07056948268367	20.315896246920737	0.0
6.0	17.921250723798497	48.95773016792125	13.650839606253621	19.470179502026635	0.0
7.0	53.82501807664497	12.089660159074475	12.841648590021693	21.243673174258856	0.0
8.0	54.88298179716845	13.724357122219011	12.770875469517481	18.62178561109506	0.0
9.0	20.459139474444125	46.52035807103667	11.276349985561652	21.74415246895755	0.0
10.0	18.721131639722863	10.233833718244803	13.813510392609698	57.23152424942263	0.0
11.0	19.317199654278305	13.411120714491501	12.244309997118986	55.02736963411121	0.0
12.0	17.924392698002013	12.749748454793734	12.778496478367114	56.54736236883714	0.0
13.0	18.42445114076625	45.05667958100158	12.469507820347252	24.049361457884917	0.0
14.0	18.954903364352184	13.128131710808876	48.833214030064426	19.083750894774518	0.0
15.0	51.462822891394325	14.856571999429141	13.600685029256457	20.07992007992008	0.0
16.0	17.19863208891422	12.339697919635224	13.90709603875748	56.554573952693076	0.0
17.0	19.57664440971729	45.10583889757068	12.885353033101293	22.43216365961074	0.0
18.0	17.749716231555052	12.812145289443814	14.259364358683316	55.17877412031782	0.0
19.0	19.56952704616256	47.08297932596998	12.800906258850183	20.546587369017274	0.0
20.0	19.663794321231812	14.352309648255405	12.558270942223478	53.42562508828931	0.0
21.0	19.59430905761375	13.396252993379349	14.100577546133259	52.90886040287365	0.0
22.0	18.156228008444756	11.583391977480648	48.19141449683322	22.06896551724138	0.0
23.0	19.783464566929133	13.048368953880765	12.80933633295838	54.35883014623172	0.0
24.0	53.91743892165122	9.912945801741085	13.591687728166246	22.577927548441448	0.0
25.0	19.69994391475042	11.60964666292765	45.93381940549636	22.756590016825577	0.0
26.0	53.261478163493834	11.380179171332587	13.5498320268757	21.808510638297875	0.0
27.0	17.472742521666202	15.515795359239586	11.014816885658373	55.996645233435835	0.0
28.0	17.944421170227624	45.887445887445885	10.319787739142578	25.848345203183914	0.0
29.0	21.995812979762736	10.718771807397069	11.179344033496163	56.10607117934403	0.0
30.0	20.707567036361084	12.368384107819738	44.587954513547665	22.336094342271515	0.0
31.0	20.138496325607687	11.715658564160544	11.927642736009044	56.21820237422273	0.0
32.0	18.98589944452357	13.018088591368752	11.280444381142289	56.715567582965384	0.0
33.0	19.23186750428327	47.80125642490006	11.5648201027984	21.402055968018274	0.0
34.0	22.03292770221904	12.584108804581245	12.55547602004295	52.827487473156765	0.0
35.0	20.008612028132625	46.31835797330272	11.741065020812401	21.931964977752262	0.0
36.0	19.942487419122934	11.588785046728972	11.646297627606039	56.82242990654206	0.0
37.0	52.78178149322571	12.784664168348229	14.024214471029115	20.409339867396945	0.0
38.0	52.18713789107764	13.180764774044032	11.254345307068366	23.377752027809965	0.0
39.0	53.769208466222096	12.365903160336329	10.800231951290229	23.064656422151348	0.0
40.0	19.06145576056952	46.273427284614264	14.601191340985038	20.06392561383118	0.0
41.0	19.308526223263993	10.606504541459127	50.16114854966305	19.92382068561383	0.0
42.0	53.36764705882353	12.176470588235293	12.955882352941176	21.5	0.0
43.0	55.2616021282885	12.429796039018623	11.794265444871415	20.514336387821462	0.0
44.0	21.112929623567922	47.656598720428505	9.938997173039727	21.291474482963846	0.0
45.0	29.54820492133925	14.400968132311414	14.340459862847924	41.71036708350141	0.0
46.0	29.767233661593558	16.965085049239033	18.50940017905103	34.758281110116386	0.0
47.0	33.24106113033449	16.77047289504037	18.269896193771626	31.718569780853517	0.0
48.0	27.54060324825986	19.327146171693734	18.190255220417633	34.94199535962877	0.0
49.0	27.653108929406265	18.817204301075268	21.949509116409537	31.580177653108933	0.0
50.0	25.773921200750472	24.343339587242028	18.55065666041276	31.33208255159475	0.0
51.0	28.74733601704949	18.612360880890364	16.64693345962586	35.99336964243429	0.0
52.0	30.07375684035213	17.08303592671901	19.414703783012136	33.428503449916725	0.0
53.0	31.03448275862069	19.707854406130267	20.04310344827586	29.214559386973182	0.0
54.0	27.954380004853192	21.13564668769716	18.5391895171075	32.37078379034215	0.0
55.0	30.24330900243309	16.885644768856448	17.469586374695865	35.4014598540146	0.0
56.0	26.593406593406595	19.169719169719173	20.659340659340657	33.57753357753357	0.0
57.0	31.114931237721024	16.994106090373283	21.856581532416502	30.0343811394892	0.0
58.0	29.068905902692023	18.844159051617684	20.795258088416894	31.291676957273403	0.0
59.0	27.66063011659638	18.80426693128256	22.252542793351527	31.282560158769535	0.0
60.0	27.959132818340393	19.162721156242213	20.308995763767754	32.56915026164964	0.0
61.0	29.899749373433583	16.591478696741856	22.05513784461153	31.453634085213032	0.0
62.0	29.1257243638196	20.685311161501637	19.9798437893676	30.209120685311163	0.0
63.0	35.81624708019725	17.44095509992214	18.06384635349079	28.678951466389822	0.0
64.0	29.813990044537597	18.78438564317527	22.635577678805344	28.76604663348179	0.0
65.0	29.86568343429023	20.27916776402423	20.911245720305505	28.943903081380036	0.0
66.0	27.85448751991503	16.51619755708975	21.7206585236325	33.90865639936272	0.0
67.0	28.937533368926854	16.951414842498664	19.83449012279765	34.276561665776825	0.0
68.0	27.91196994095545	18.33064949006978	20.88030059044552	32.87707997852925	0.0
69.0	26.716940479396715	19.364395367627253	22.5962833288446	31.32238082413143	0.0
70.0	28.6525974025974	20.48160173160173	20.12987012987013	30.735930735930733	0.0
71.0	26.838534599728632	19.83717774762551	22.306648575305292	31.01763907734057	0.0
72.0	28.26797385620915	18.43681917211329	18.872549019607842	34.42265795206972	0.0
73.0	27.967257844474762	19.890859481582538	20.92769440654843	31.21418826739427	0.0
74.0	31.93069306930693	16.5016501650165	20.84708470847085	30.720572057205718	0.0
75.0	29.988974641675853	19.04630650496141	21.389195148842337	29.575523704520396	0.0
76.0	30.48306496390894	19.350360910605218	18.711826762909496	31.454747362576345	0.0
77.0	30.50375730587253	19.732813804620093	19.064848316170334	30.698580573337043	0.0
78.0	30.47725369801842	18.252860731230815	19.17387663968741	32.09600893106335	0.0
79.0	27.751330159619155	21.338560627275275	19.742369084290115	31.167740128815456	0.0
80.0	28.850509626274068	18.60135900339751	21.489241223103058	31.058890147225366	0.0
81.0	28.526645768025077	17.98233114847535	19.236249643773153	34.254773439726414	0.0
82.0	30.8836145267372	17.98684586788676	22.933943380040034	28.195596225336	0.0
83.0	29.61902033801203	18.64795187625322	21.16871956459467	30.564308221140074	0.0
84.0	27.801786228752523	18.150388936905788	20.65687121866897	33.39095361567272	0.0
85.0	31.484690930098207	18.601964182553438	20.306181398035818	29.607163489312537	0.0
86.0	30.490281404119525	18.88598781549173	21.70002901073397	28.923701769654777	0.0
87.0	30.288041897003197	18.591795170206577	21.181262729124235	29.938900203665987	0.0
88.0	35.3061822443598	17.78493993554058	16.90594784646938	30.002929973630238	0.0
89.0	30.674124227259348	16.92670002943774	17.92758316161319	34.47159258168973	0.0
90.0	29.78723404255319	16.666666666666664	19.710401891252953	33.835697399527184	0.0
91.0	28.91851851851852	19.822222222222223	17.68888888888889	33.57037037037037	0.0
92.0	29.268292682926827	18.709101725163592	17.608566329565733	34.41403926234384	0.0
93.0	33.13450641216821	18.073367133909933	17.983895019385628	30.80823143453624	0.0
94.0	29.24782738987114	16.87144141444411	20.767156128258915	33.113575067425835	0.0
95.0	32.50225292880745	17.753079002703515	19.315109642535297	30.42955842595374	0.0
96.0	29.53790395650861	16.52068861371187	19.027484143763214	34.913923286016306	0.0
97.0	30.517711171662125	17.71117166212534	20.31486527399334	31.456251892219196	0.0
98.0	31.47531051196607	19.357770372614358	16.994850045440778	32.17206906997879	0.0
99.0	30.818375418314574	19.622756312747185	18.923030118649226	30.63583815028902	0.0
100.0	33.75076359193647	14.477703115455101	19.150885766646304	32.62064752596213	0.0
101.0	32.97546012269939	17.300613496932517	18.742331288343557	30.981595092024538	0.0
102.0	31.935881627620223	16.399506781750926	20.00616522811344	31.658446362515413	0.0
103.0	30.3970223325062	17.3697270471464	21.43300248138958	30.800248138957816	0.0
104.0	27.7864017385905	17.72741384663148	20.242160819621237	34.24402359515678	0.0
105.0	29.510751012776566	17.762542848239327	20.442505453412277	32.28420068557183	0.0
106.0	32.32165206508135	16.708385481852314	19.680851063829788	31.289111389236545	0.0
107.0	30.766803408015146	19.564531397917325	19.564531397917325	30.104133796150208	0.0
108.0	33.87198986058302	17.522179974651458	16.666666666666664	31.93916349809886	0.0
109.0	28.990124243389616	18.700223000955717	19.94265689710099	32.36699585855368	0.0
110.0	26.241589234219802	20.890740147388655	19.416853572572894	33.450817045818646	0.0
111.0	30.53680488588878	18.643522982963677	20.154291224686595	30.665380906460943	0.0
112.0	26.04906391220142	19.238218205293737	21.755971594577147	32.95674628792769	0.0
113.0	29.01134521880065	20.680713128038896	18.41166936790924	31.896272285251214	0.0
114.0	29.639259018524537	16.47708807279818	21.091972700682483	32.7916802079948	0.0
115.0	27.703364913426988	18.556027442012414	21.49624305782424	32.24436458673636	0.0
116.0	30.16393442622951	18.950819672131146	17.934426229508198	32.950819672131146	0.0
117.0	32.93846660085554	18.13096413293847	16.847647252385652	32.08292201382034	0.0
118.0	28.288169200264374	15.697290152015864	22.80237937871778	33.21216126900198	0.0
119.0	24.23038728897716	20.423700761337304	25.55445216815624	29.791459781529294	0.0
120.0	26.0146373918829	22.122421823020623	21.55688622754491	30.306054557551565	0.0
121.0	28.604728604728603	18.814518814518816	18.414918414918414	34.16583416583416	0.0
122.0	29.52571810287241	17.334669338677354	21.810287241148966	31.329325317301272	0.0
123.0	31.58953722334004	18.376928236083163	18.779342723004692	31.254191817572096	0.0
124.0	31.357359380262718	17.851128326035703	19.232064668238465	31.559447625463115	0.0
125.0	26.89445196211096	18.30175913396482	20.87280108254398	33.93098782138024	0.0
126.0	30.258679373723623	18.345813478556842	18.65214431586113	32.743362831858406	0.0
127.0	29.035567715458278	19.32284541723666	20.930232558139537	30.71135430916553	0.0
128.0	30.77980075575404	16.592236344898662	19.718309859154928	32.909653040192374	0.0
129.0	30.22452504317789	18.721934369602764	18.100172711571673	32.95336787564767	0.0
130.0	29.419937478291075	21.674192427926364	17.88815560958666	31.017714484195903	0.0
131.0	30.37269244165796	20.306513409961685	19.54022988505747	29.780564263322884	0.0
132.0	28.08002808002808	18.708318708318707	22.253422253422254	30.95823095823096	0.0
133.0	29.291505111032777	20.091646105040535	20.267888614733874	30.348960169192807	0.0
134.0	27.330733782346684	20.630981921304503	19.248493442041827	32.789790854306986	0.0
135.0	26.72136996075633	17.766678558687122	20.01427042454513	35.497681056011416	0.0
136.0	26.570915619389584	17.737881508078996	20.89766606822262	34.79353680430879	0.0
137.0	29.634983736899166	16.696783520057824	19.949403686302855	33.71882905674015	0.0
138.0	28.30120043652237	18.47944707166242	21.134958166606037	32.08439432520917	0.0
139.0	28.837719298245613	17.9093567251462	19.407894736842106	33.845029239766085	0.0
140.0	29.62146269753767	16.795295847115028	20.39691289966924	33.18632855567806	0.0
141.0	30.34330011074197	16.094499815430048	20.782576596530085	32.779623477297896	0.0
142.0	31.270841052241572	16.52463875509448	19.340496480177844	32.86402371248611	0.0
143.0	34.177215189873415	19.545793000744602	17.572598659717052	28.70439314966493	0.0
144.0	31.071964017991004	18.628185907046475	17.4287856071964	32.87106446776612	0.0
145.0	30.06782215523738	18.198944988696308	18.726450640542577	33.00678221552374	0.0
146.0	29.666160849772382	18.512898330804248	20.371775417298938	31.44916540212443	0.0
147.0	30.963302752293576	19.113149847094803	15.558103975535168	34.36544342507645	0.0
148.0	27.122550902804456	20.361121782558588	19.74644640799078	32.76988090664618	0.0
149.0	31.930501930501933	20.57915057915058	17.876447876447877	29.613899613899612	0.0
150.0	28.28870779976717	19.829258828094684	17.81140861466822	34.07062475746992	0.0
151.0	27.73665757693806	18.30931047915855	22.049084534476044	31.904947409427347	0.0
152.0	28.235294117647058	20.705882352941178	17.137254901960787	33.92156862745098	0.0
153.0	33.01775147928994	17.94871794871795	18.500986193293887	30.532544378698223	0.0
154.0	31.893819334389857	15.729001584786054	21.236133122028527	31.14104595879556	0.0
155.0	30.809087285771223	20.326823435631724	16.420884814667197	32.44320446392985	0.0
156.0	30.830991569650745	16.378964271376958	18.667201926936976	34.122842232035325	0.0
157.0	30.629539951573847	17.998385794995965	20.540758676351896	30.83131557707829	0.0
158.0	27.626774847870184	21.744421906693713	17.768762677484787	32.86004056795132	0.0
159.0	35.224489795918366	14.204081632653063	18.653061224489793	31.918367346938776	0.0
160.0	25.339366515837103	20.855614973262032	22.830111065405184	30.97490744549568	0.0
161.0	29.404466501240694	17.535153019023987	22.58064516129032	30.479735318444995	0.0
162.0	31.223980016652792	18.859283930058286	19.941715237302247	29.97502081598668	0.0
163.0	28.70954182429592	18.999579655317362	17.738545607398066	34.552332912988646	0.0
164.0	30.935251798561154	16.716038933559034	20.355480321625052	31.99322894625476	0.0
165.0	29.587058322690506	17.70966368667518	22.60536398467433	30.09791400595998	0.0
166.0	27.02355460385439	20.0	20.556745182012847	32.41970021413276	0.0
167.0	27.13978494623656	19.096774193548388	22.752688172043012	31.010752688172044	0.0
168.0	27.473002159827214	19.95680345572354	19.136069114470843	33.4341252699784	0.0
169.0	25.065160729800173	19.07037358818419	19.721980886185925	36.142484795829716	0.0
170.0	30.357142857142854	16.202090592334496	19.425087108013937	34.01567944250871	0.0
171.0	30.24070021881838	18.38074398249453	16.323851203501093	35.054704595185996	0.0
172.0	28.26278659611993	21.781305114638446	16.666666666666664	33.289241622574956	0.0
173.0	28.71067789100576	18.741692512184315	19.140451927337175	33.40717766947275	0.0
174.0	30.442556995976755	19.266875279392043	17.121144389807778	33.16942333482342	0.0
175.0	26.27080521817364	18.62348178137652	22.17723796671165	32.928475033738195	0.0
176.0	29.244001810774105	18.560434585785423	18.515165233137164	33.68039837030331	0.0
177.0	27.772685609532537	23.006416131989003	18.835930339138404	30.384967919340056	0.0
178.0	27.977839335180054	20.313942751615883	21.60664819944598	30.10156971375808	0.0
179.0	26.939154667905246	18.532280538783095	23.966558290757085	30.562006502554574	0.0
180.0	30.210772833723652	15.831381733021077	20.60889929742389	33.34894613583138	0.0
181.0	27.762039660056658	18.885741265344667	19.877242681775257	33.47497639282342	0.0
182.0	33.31749049429658	16.777566539923956	18.631178707224336	31.273764258555133	0.0
183.0	26.749760306807286	22.003835091083413	19.463087248322147	31.783317353787155	0.0
184.0	30.888030888030887	19.20849420849421	18.436293436293436	31.467181467181465	0.0
185.0	27.183992191312832	20.20497803806735	25.134211810639336	27.476817959980476	0.0
186.0	30.61023622047244	17.1751968503937	22.440944881889763	29.773622047244096	0.0
187.0	30.456349206349202	21.726190476190478	18.650793650793652	29.166666666666668	0.0
188.0	30.87649402390438	19.272908366533866	19.322709163346612	30.52788844621514	0.0
189.0	30.513595166163142	18.37865055387714	20.54380664652568	30.56394763343404	0.0
190.0	30.359858084135833	17.688798783578306	19.614799797263053	32.33654333502281	0.0
191.0	26.656472986748213	20.489296636085626	19.928644240570843	32.92558613659531	0.0
192.0	31.48148148148148	18.261316872427983	20.113168724279834	30.144032921810698	0.0
193.0	28.697916666666668	19.739583333333332	20.885416666666668	30.677083333333332	0.0
194.0	27.780706378492354	22.45651027938851	21.771217712177123	27.991565629942013	0.0
195.0	27.263045793397232	19.914802981895633	19.968051118210862	32.85410010649627	0.0
196.0	28.57142857142857	19.892183288409704	20.86253369272237	30.673854447439354	0.0
197.0	28.3205268935236	19.538968166849617	22.722283205268933	29.418221734357846	0.0
198.0	26.580135440180584	24.943566591422123	17.945823927765236	30.530474040632054	0.0
199.0	28.809523809523807	22.678571428571427	19.940476190476193	28.57142857142857	0.0
200.0	26.96551724137931	15.793103448275861	21.72413793103448	35.51724137931034	0.0
201.0	32.231404958677686	19.65105601469238	17.90633608815427	30.21120293847567	0.0
202.0	36.58986175115208	17.695852534562214	16.589861751152075	29.124423963133637	0.0
203.0	33.6734693877551	18.089053803339517	20.037105751391465	28.200371057513912	0.0
204.0	33.48880597014926	15.764925373134329	23.88059701492537	26.865671641791046	0.0
205.0	34.938621340887636	14.730878186968837	25.967894239848917	24.362606232294617	0.0
206.0	32.95128939828081	21.10792741165234	19.961795606494746	25.97898758357211	0.0
207.0	28.119001919385795	24.184261036468328	15.067178502879077	32.629558541266796	0.0
208.0	30.612244897959183	16.3265306122449	20.11661807580175	32.94460641399417	0.0
209.0	22.517207472959686	22.71386430678466	20.55063913470993	34.21828908554572	0.0
210.0	24.925224327018945	17.846460618145564	19.3419740777667	37.88634097706879	0.0
211.0	28.87537993920973	19.655521783181356	20.871327254305978	30.59777102330294	0.0
212.0	27.01325178389399	17.32925586136595	25.79001019367992	29.867482161060146	0.0
213.0	27.7720207253886	20.31088082901554	16.683937823834196	35.233160621761655	0.0
214.0	30.105263157894736	27.052631578947366	17.57894736842105	25.263157894736842	0.0
215.0	29.75557917109458	22.635494155154092	16.896918172157278	30.712008501594052	0.0
216.0	31.49946062567422	18.015102481121897	16.936353829557714	33.549083063646165	0.0
217.0	26.082130965593787	17.203107658157602	26.859045504994448	29.855715871254162	0.0
218.0	26.887871853546912	20.36613272311213	19.107551487414188	33.63844393592677	0.0
219.0	18.306351183063512	22.166874221668742	23.28767123287671	36.239103362391035	0.0
220.0	0.0	31.273408239700373	26.96629213483146	41.760299625468164	0.0
