# Position (bp)	A	C	G	T	N
0.0	35.749603084599684	17.119528237695622	20.4853708323883	26.645497845316395	0.0
1.0	23.964617827171693	28.41007031072806	22.599228850079385	25.026083012020866	0.0
2.0	29.741223307998553	24.13590300398118	16.865725660513935	29.257148027506336	0.0
3.0	33.08484684196259	19.16960332520105	20.362338483780608	27.383211349055752	0.0
4.0	34.52870240729868	17.614380560950273	17.02271803441579	30.83419899733526	0.0
5.0	26.211224996613534	23.578814286359325	18.747460152616608	31.46250056441053	0.0
6.0	26.841487633146777	26.200577721610397	18.667629536017333	28.290305109225493	0.0
7.0	35.483579935041504	18.562793215445687	17.047094911584264	28.90653193792855	0.0
8.0	35.0286306866856	18.463411335046665	17.593218810586592	28.91473916768114	0.0
9.0	27.015947382647088	23.934588701684838	18.52869627894405	30.520767636724027	0.0
10.0	25.073135604662678	15.932310184976822	19.883883163058645	39.11067104730186	0.0
11.0	25.54846250674339	18.144218665707605	18.485883833842834	37.82143499370616	0.0
12.0	25.740441572428647	17.451983485909174	19.067492371208044	37.740082570454135	0.0
13.0	27.22851789060409	23.503167663067725	19.135361827429286	30.1329526188989	0.0
14.0	26.021658719194264	18.334150363206916	26.926333615580017	28.717857302018807	0.0
15.0	30.983599271078717	18.667496333170362	20.036446064269523	30.312458331481402	0.0
16.0	25.028829947662558	18.58866317750377	18.98784706821609	37.39465980661758	0.0
17.0	28.01187469537862	22.98285258540476	18.383623554433072	30.621649164783555	0.0
18.0	24.75861458056515	19.550004429090265	19.346266276906725	36.34511471343786	0.0
19.0	27.391015711440588	26.063288338127904	17.760566497012615	28.7851294534189	0.0
20.0	26.6513396409939	18.290741886992663	19.13962330886904	35.9182951631444	0.0
21.0	26.436680065373913	18.331198374486505	20.34542161756261	34.88669994257697	0.0
22.0	27.48543174995585	17.698216493024898	24.982341515098007	29.834010241921245	0.0
23.0	26.259818197864266	17.875739122760567	18.943606036536934	36.92083664283823	0.0
24.0	34.10042763302914	16.311775338359126	18.84230480976943	30.74549221884231	0.0
25.0	27.69135856872163	17.43268849424933	23.368439606927247	31.507513330101794	0.0
26.0	33.93384134255385	17.01977712196626	17.777386248513412	31.26899528696648	0.0
27.0	26.790824637872586	19.138819178444063	15.621009994276406	38.449346189406945	0.0
28.0	26.94508009153318	23.156134483365605	16.08431614152438	33.814469283576834	0.0
29.0	28.686433221889846	15.190040471581911	16.45697694879465	39.666549357733594	0.0
30.0	27.72024150544269	18.139350403243576	22.127715834471818	32.012692256841916	0.0
31.0	29.597282872392043	14.710423007366238	17.38344140090865	38.30885271933307	0.0
32.0	27.505302226935314	16.962707670554966	17.192470837751856	38.33951926475787	0.0
33.0	28.64915074309979	24.01804670912951	17.223991507431	30.1088110403397	0.0
34.0	28.465959328028294	16.582670203359857	19.173297966401414	35.778072502210435	0.0
35.0	26.377081119376548	24.101133545873186	17.494686503719446	32.02709883103082	0.0
36.0	27.54207263064659	15.823737821080602	18.157661647475642	38.476527900797166	0.0
37.0	35.00177336407164	17.99521191700656	18.026245788260333	28.976768930661468	0.0
38.0	33.76646414475143	18.86558162224489	16.435318639407512	30.93263559359617	0.0
39.0	35.67783447969825	17.72797869980031	16.077213223873972	30.516973596627466	0.0
40.0	26.733905007331053	23.903674412405028	18.789709868041054	30.57271071222286	0.0
41.0	27.049436098604733	15.686711541033299	27.20545624749253	30.058396112869435	0.0
42.0	36.24994416901156	17.21827683237304	17.807852070213052	28.72392692840234	0.0
43.0	35.87540279269603	18.264411027568922	16.742749731471537	29.11743644826352	0.0
44.0	30.150821438190146	24.203249842894337	15.715055211419337	29.930873507496187	0.0
45.0	32.165590079683156	16.72403225045971	17.959356876797585	33.15102079305955	0.0
46.0	29.012699322066265	18.213501384512558	19.16833763009644	33.60546166332474	0.0
47.0	30.631755945231802	17.876531347585875	19.375450396348786	32.116262310833534	0.0
48.0	28.20154964146494	18.600510130420137	18.980701669955245	34.21723855815968	0.0
49.0	29.27793309553649	18.384266846621035	19.324207076062855	33.013592981779624	0.0
50.0	28.441075652971566	21.79790469753295	17.481774730845363	32.27924491865012	0.0
51.0	29.725418157207773	18.974185439427632	18.321570144058782	32.97882625930581	0.0
52.0	29.0156946328231	18.2716527804689	19.79751986049215	32.91513272621585	0.0
53.0	30.552724802251664	18.750909884990538	20.274663949143495	30.421701363614307	0.0
54.0	27.38977760436988	22.92723371049551	18.830472103004293	30.852516582130317	0.0
55.0	29.207340882467786	18.347325263568916	19.48945724326435	32.95587661069895	0.0
56.0	27.5372223578228	18.83817427385892	19.97559189650964	33.64901147180864	0.0
57.0	29.68627834245504	17.75312744331509	19.903244722439407	32.65734949179046	0.0
58.0	30.59387535466197	18.618530476470013	18.41307112806966	32.37452304079836	0.0
59.0	28.37480407523511	19.058581504702193	19.954937304075234	32.61167711598746	0.0
60.0	28.44095261478026	17.343481463294868	19.744659955806533	34.470905966118345	0.0
61.0	29.669519032162878	17.792859250516376	20.645224746729614	31.89239697059113	0.0
62.0	28.58550524708085	19.219589101837713	20.948908705720058	31.24599694536138	0.0
63.0	32.256632804024065	17.915968044185817	19.46937567807476	30.358023473715356	0.0
64.0	28.02742564001381	18.798401815222217	21.94051201104918	31.23366053371479	0.0
65.0	30.948033361298922	18.13156985638849	19.804569905739523	31.115826876573067	0.0
66.0	29.529969388762712	17.063296139034264	21.615483361311348	31.79125111089168	0.0
67.0	29.039905175819836	18.668510470169895	19.63650730936389	32.65507704464638	0.0
68.0	27.107005236636695	19.019859697658333	19.874518328228437	33.99861673747653	0.0
69.0	26.979341702085595	19.758821785114165	21.953148166452504	31.30868834634773	0.0
70.0	27.412974683544306	20.213607594936708	19.71420094936709	32.6592167721519	0.0
71.0	29.581786686463747	18.86661717396684	19.485275921801534	32.06632021776788	0.0
72.0	28.507056202030206	19.653379549393417	20.07922753156722	31.760336717009164	0.0
73.0	29.110098107224257	17.951640075314636	20.35972648895055	32.578535328510554	0.0
74.0	29.815081056962967	17.44583808437856	21.763918496851918	30.975162361806554	0.0
75.0	29.61952477801478	18.84022024902029	21.935611885510195	29.604643087454736	0.0
76.0	29.724096863834852	19.144501786423184	18.64331083763398	32.48809051210798	0.0
77.0	28.78344170347943	19.65553184096888	18.240929170596118	33.32009728495557	0.0
78.0	29.7129519268971	18.434644417957884	19.720897894318632	32.13150576082638	0.0
79.0	29.004372019077902	20.001987281399046	17.875596184419713	33.11804451510334	0.0
80.0	28.916621090836774	18.117635360214788	20.737831253418186	32.22791229553025	0.0
81.0	26.665008704302412	18.00547127580204	19.626958468042776	35.702561551852774	0.0
82.0	29.985567112924898	17.239834768327277	20.091574180062707	32.68302393868511	0.0
83.0	28.83246203634553	18.15782922579039	21.51854617874035	31.491162559123726	0.0
84.0	27.698899018582175	17.715339012603994	21.19762865540776	33.388133313406065	0.0
85.0	30.454296115294472	16.98000299207101	20.57048820625343	31.99521268638109	0.0
86.0	29.583582983822648	17.93489115238666	20.995606151388056	31.485919712402637	0.0
87.0	31.899910098891223	17.515732694036558	21.066826490860056	29.517530716212164	0.0
88.0	32.35558664801119	18.633819708175096	17.594443333999603	31.41615030981411	0.0
89.0	31.077568972411036	17.363054778088767	19.052379048380647	32.50699720111955	0.0
90.0	29.803509824508772	16.89415529223539	19.724013799310033	33.5783210839458	0.0
91.0	29.303186433895252	19.488769946475916	17.482867290280627	33.72517632934821	0.0
92.0	28.9037874618502	17.59143443238105	18.902286486216042	34.60249161955271	0.0
93.0	31.06261574653386	18.21913008659092	19.039991991591172	31.67826217528405	0.0
94.0	30.001001201441728	16.895274329195033	19.238085702843414	33.86563876651982	0.0
95.0	30.620213245232016	17.545176953496522	19.99299194073184	31.84161786053962	0.0
96.0	30.34641569883861	16.920304365238287	19.798758510212256	32.934521425710855	0.0
97.0	29.87578884102975	18.641690874486628	19.50816387859361	31.974356405890013	0.0
98.0	31.461349631781978	19.21246430539552	18.88181954811883	30.444366514703674	0.0
99.0	29.144117057526557	19.15213469633193	20.20946081379034	31.49428743235117	0.0
100.0	31.575766732134763	16.432492320088635	18.70876768897618	33.282973258800425	0.0
101.0	31.736072458634823	18.661134443151344	19.410008601932905	30.19278449628093	0.0
102.0	31.05586904580347	17.47242133089319	19.531289715825327	31.940419907478013	0.0
103.0	29.111598714088892	20.079604021023627	20.02347298055825	30.785324284329235	0.0
104.0	28.622650207447624	17.399989755672795	19.966193720227423	34.01116631665215	0.0
105.0	29.067735635728237	18.573337444752802	19.781066913351836	32.57786000616713	0.0
106.0	31.6338115388585	18.933842501806172	17.922386211167304	31.509959748168026	0.0
107.0	29.770359234876366	19.610180913379295	18.68747084132497	31.931989010419365	0.0
108.0	33.019211745717705	18.180871557244753	16.905294944551468	31.894621752486074	0.0
109.0	28.96927184211904	17.60979950793069	20.27953724545883	33.14139140449144	0.0
110.0	27.244044802019246	19.07766735026555	19.966345901035915	33.71194194667929	0.0
111.0	31.285329388768556	18.19430503460299	19.620687833483018	30.89967774314544	0.0
112.0	27.953569724916523	18.778820162187948	20.496104309111146	32.771505803784386	0.0
113.0	28.839708464116615	18.06139277544289	17.837952864818853	35.260945895621646	0.0
114.0	30.677503876798035	16.779851344847867	19.683439388268006	32.859205390086096	0.0
115.0	26.575004028143294	19.904398732477578	18.244803695150118	35.27579354422901	0.0
116.0	30.111765023486853	18.757086550402246	18.298148048161547	32.833000377949354	0.0
117.0	30.092190889370933	18.535791757049893	19.793926247288503	31.578091106290675	0.0
118.0	29.838709677419356	16.815605928509154	20.766129032258064	32.579555361813426	0.0
119.0	26.352015732546707	19.469026548672566	24.177865180815033	30.001092537965697	0.0
120.0	27.10013717421125	20.406035665294926	21.23456790123457	31.25925925925926	0.0
121.0	30.451335246082543	18.665857426616643	18.6217170602516	32.26109026704921	0.0
122.0	27.46381232322112	17.51428096056791	20.570129221895623	34.451777494315344	0.0
123.0	30.502618968015156	17.324194806642147	19.4862364872395	32.6869497381032	0.0
124.0	31.118078495045072	17.311460724483513	19.506186663680644	32.06427411679078	0.0
125.0	27.61391089387044	18.916793078262824	19.523568739816845	33.945727288049895	0.0
126.0	29.9284063363211	19.127346524606796	17.610913805738768	33.33333333333333	0.0
127.0	29.862998188405797	17.142210144927535	21.08808876811594	31.906702898550726	0.0
128.0	29.972132173121764	19.0069953932776	19.194676676335096	31.82619575726554	0.0
129.0	30.815882824121754	18.114200709463326	18.45176793683488	32.61814852958004	0.0
130.0	30.72143596824301	18.32930617880566	17.558393740651248	33.39086411230008	0.0
131.0	30.23955560698993	19.783589862284458	19.31489410947807	30.661960421247542	0.0
132.0	29.558541266794624	17.588553481067876	22.311405804687954	30.541499447449542	0.0
133.0	29.39835116646202	19.902941004502132	18.961585686721627	31.737122142314213	0.0
134.0	27.394039151137502	19.987067191817058	19.234612897536888	33.384280759508556	0.0
135.0	29.580795837521435	17.170224087979662	21.178974753148466	32.07000532135044	0.0
136.0	28.30334342894471	18.029574202743632	19.377635251499495	34.28944711681216	0.0
137.0	29.75068591196469	16.71835858284624	18.65084098771323	34.880114517475846	0.0
138.0	29.16916436878072	18.205251168924587	19.847740079127203	32.77784438316749	0.0
139.0	29.644364074743823	18.19770946353225	19.572031344183245	32.58589511754069	0.0
140.0	29.152029073288915	18.631132646880676	20.59357964869776	31.623258631132643	0.0
141.0	30.04145330407218	18.660082906608146	19.751280175566936	31.547183613752743	0.0
142.0	31.971995332555426	17.717865258244796	18.06792360130197	32.24221580789781	0.0
143.0	32.5258018663865	19.85662196403189	19.739200296644213	27.878375872937394	0.0
144.0	31.278794670651227	17.48225625700411	18.198231851575148	33.040717220769515	0.0
145.0	30.487346529691806	19.00526183913806	18.08443998997745	32.42295164119268	0.0
146.0	29.24415306058123	18.584126583874426	19.13257265334426	33.03914770220009	0.0
147.0	29.489375198223915	19.384712971772913	18.496669838249286	32.62924199175389	0.0
148.0	29.37080804854679	17.98147556691153	19.936122644522516	32.71159374001916	0.0
149.0	29.76289918396196	19.3407440724796	18.601811989976223	32.294544753582215	0.0
150.0	28.58990107971811	17.96081980991789	19.40259908191634	34.04668002844766	0.0
151.0	29.582872388885274	19.125398581375674	20.622112318604803	30.66961671113425	0.0
152.0	29.472236773179677	18.753273965426924	17.947878470403353	33.826610790990046	0.0
153.0	30.614392843046968	17.51085383502171	20.253913958689644	31.620839363241675	0.0
154.0	29.926475458700402	17.659137577002053	19.831754653242367	32.58263231105518	0.0
155.0	28.62193169690502	20.97118463180363	18.58991462113127	31.816969050160086	0.0
156.0	30.797636632200888	16.906136699342017	19.98120048341614	32.315026185040956	0.0
157.0	30.243869485915013	18.921840167533606	19.813551307167465	31.02073903938391	0.0
158.0	27.624234172906743	21.211708645336962	19.149081007488086	32.01497617426821	0.0
159.0	33.093278463648836	15.905349794238683	20.102880658436213	30.898491083676273	0.0
160.0	27.520210046293098	19.118358322393423	21.12899882539902	32.23243280591446	0.0
161.0	29.079643553327767	17.11918685602896	21.219715956558062	32.581453634085214	0.0
162.0	29.989477376359176	18.274289722904243	21.04524728165556	30.690985619081022	0.0
163.0	28.957774325660218	18.238949300946196	19.17808219178082	33.62519418161277	0.0
164.0	28.717584369449376	17.591474245115453	20.163410301953817	33.52753108348135	0.0
165.0	28.684774839170835	15.818441744102932	21.19370979270908	34.30307362401715	0.0
166.0	28.07849902954496	19.13593559053986	20.76773776148372	32.017827618431454	0.0
167.0	28.801909998553032	17.182752134278687	21.50918825061496	32.50614961655332	0.0
168.0	29.6787353391127	18.94805857070008	19.14475122022292	32.2284548699643	0.0
169.0	28.36994049805333	17.615514581649894	21.00932931756409	33.005215602732676	0.0
170.0	27.54158964879852	17.301293900184845	19.34195933456562	35.81515711645102	0.0
171.0	30.734833805336116	16.932478759874794	18.6465941272917	33.68609330749739	0.0
172.0	28.330953633426013	19.711430074396937	18.261065604569023	33.696550687608024	0.0
173.0	28.889393595275948	17.101975925505336	19.554848966613672	34.45378151260504	0.0
174.0	30.779210867740215	19.2932916126078	18.530107608944515	31.397389910707474	0.0
175.0	28.35269677617912	18.43502346695391	20.20466261444949	33.00761714241748	0.0
176.0	29.17928410590884	16.950073763490956	18.40204984859073	35.46859228200947	0.0
177.0	27.636734054223478	19.722614010343207	20.271117379721044	32.36953455571227	0.0
178.0	28.52287994941911	19.497352406543904	19.83719276061013	32.14257488342685	0.0
179.0	28.530465949820787	17.80963759458383	21.545201115093587	32.11469534050179	0.0
180.0	29.677212140677696	16.821904608960978	19.262887425726674	34.23799582463465	0.0
181.0	29.509391191709845	18.110427461139896	18.037564766839377	34.34261658031088	0.0
182.0	29.658042928262468	17.971109116134823	20.362360238308984	32.008487717293725	0.0
183.0	29.375926230857896	20.591141116416928	19.808990614193974	30.223942038531206	0.0
184.0	32.04915310528064	18.50714048488874	18.332779807372965	31.110926602457656	0.0
185.0	28.893356789813186	20.03853564547206	20.030158331239004	31.037949233475747	0.0
186.0	29.814611021755695	18.45424532294929	20.39278760687378	31.33835604842123	0.0
187.0	30.042771599657826	21.300256629597946	17.40804106073567	31.248930710008555	0.0
188.0	29.053761579084064	18.59579257207168	19.14119989611289	33.209245952731365	0.0
189.0	29.33461572090583	18.545073008656114	19.270787794001922	32.849523476436126	0.0
190.0	31.395759717314487	18.127208480565372	18.286219081272083	32.19081272084806	0.0
191.0	29.762965603279273	18.686508643735518	18.76670825164855	32.78381750133666	0.0
192.0	31.775616783720512	19.034755987754366	18.179362506753105	31.010264721772014	0.0
193.0	30.059956395348834	17.414607558139537	19.85828488372093	32.667151162790695	0.0
194.0	28.117539026629935	19.788797061524335	20.973370064279155	31.120293847566575	0.0
195.0	29.34064912117549	20.10601692550916	19.278340928113085	31.27499302520227	0.0
196.0	29.547804832189527	19.535583341167623	18.520259471655542	32.39635235498731	0.0
197.0	27.944264172552014	20.318763122733348	20.662340141248333	31.07463256346631	0.0
198.0	28.20962400155854	21.70270796804987	19.452561854665888	30.635106175725696	0.0
199.0	29.152266720878227	21.68123602358203	18.936775767432405	30.229721488107337	0.0
200.0	24.031638943817608	18.297080376875655	22.205420495521693	35.46586018378504	0.0
201.0	30.3230890464933	18.203309692671397	19.889676910953508	31.583924349881798	0.0
202.0	30.899857165529284	19.0445960958578	19.853991429931757	30.20155530868116	0.0
203.0	30.224	20.064	19.824	29.887999999999998	0.0
204.0	31.59593351621752	17.911892851379697	22.397934484427946	28.094239147974825	0.0
205.0	30.06685145931844	17.022664275232348	24.441545736181315	28.468938529267895	0.0
206.0	29.258219064926482	21.873451181232447	21.096976705765734	27.771353048075337	0.0
207.0	28.5809906291834	19.862784471218205	19.34404283801874	32.212182061579654	0.0
208.0	27.463241507520703	18.320094642555347	22.021294574953522	32.195369274970425	0.0
209.0	28.544455887401305	18.777892207346376	19.309989701338825	33.36766220391349	0.0
210.0	29.092805005213762	17.27493917274939	20.99409106708377	32.638164754953074	0.0
211.0	30.45079810559551	18.435362217154886	20.171899666725135	30.941940010524473	0.0
212.0	26.475817923186344	17.016358463726885	22.403982930298717	34.103840682788054	0.0
213.0	30.34395822078156	20.36736898973528	17.396002160994055	31.892670628489107	0.0
214.0	30.103806228373703	22.345656528865415	19.887087962119832	27.66344928064105	0.0
215.0	27.376776813734537	19.235739339117593	18.663466863577625	34.724016983570245	0.0
216.0	30.715892053973015	17.82233883058471	21.64542728635682	29.81634182908546	0.0
217.0	24.789594491201225	20.084162203519508	24.36878347360367	30.757459831675593	0.0
218.0	26.070578905630455	19.111816019032513	19.64710547184774	35.1704996034893	0.0
219.0	22.4977856510186	23.494242692648363	24.446412754650133	29.561558901682904	0.0
220.0	12.58141926636956	24.82002056907782	19.84916009598903	42.749400068563595	0.0
