# Position (bp)	A	C	G	T	N
0.0	27.116443467722736	23.940930212139875	23.021307107291136	25.921319212846257	0.0
1.0	27.3398201428831	19.87777885346061	15.026994481747064	37.75540652190923	0.0
2.0	27.846254099216573	20.122477519572477	17.75791854306474	34.273217658651745	1.3217949446630548E-4
3.0	23.901912485123578	21.75970773020398	15.238464265615464	39.09938833688522	5.271821717533156E-4
4.0	34.13856521682014	14.495750298858425	14.422579246745398	36.94244840586945	6.568317065801401E-4
5.0	35.70384809117048	14.909516863601066	22.04480345037463	27.33330534975969	0.008526245094129746
6.0	32.43423749278109	17.6476750840406	20.24046022951236	29.67238897932084	0.0052382143451118945
7.0	35.22729650554509	17.159970705168444	20.276469972797656	27.334955011508683	0.0013078049801213644
8.0	23.935268504321616	26.08797862309093	21.841198611441243	28.134117640912855	0.0014366202333593666
9.0	28.922485900477334	18.314503521944626	16.147052606030236	36.61569699010097	2.609814468289449E-4
10.0	27.029398573097463	17.143561206608812	24.242479556074766	31.583908753337788	6.519108811748999E-4
11.0	28.29681748591159	18.681650868106452	19.69341020880159	33.3266881657383	0.001433271442066517
12.0	26.697139582885683	19.657244805604932	21.00378306929984	32.637014175115084	0.004818367094459529
13.0	28.049367678329283	21.104500298007125	18.27694622077513	32.569055668772236	1.301341162201765E-4
14.0	31.486469955936585	18.443387755420737	20.3767903201039	29.692180761492793	0.0011712070459815886
15.0	30.201135290029907	18.901199576283318	19.054627699306906	31.842386763798768	6.506705811008826E-4
16.0	30.644632358108264	18.03906105632465	18.891829919915466	32.42252465390832	0.0019520117433026478
17.0	30.379158761019102	18.506502801787523	20.184061693981818	30.92715352442227	0.0031232187892842366
18.0	31.867893050577926	18.323924636730617	18.39549840065171	31.405396401531416	0.007287510508329884
19.0	30.65491295328966	18.52628318745299	19.68447682181256	31.13432703744479	0.0
20.0	30.143485876544368	18.56207006941354	19.540938891621707	31.75337502830417	1.301341162201765E-4
21.0	30.36666588586197	17.507593325681448	19.106941614027416	33.01814850384807	6.506705811008826E-4
22.0	28.745715334223448	19.074017682623712	19.632293041208268	32.547453405479686	5.20536464880706E-4
23.0	29.905991114442543	17.82733284923442	20.043907250812687	32.22172771258058	0.001041072929761412
24.0	30.973221001564212	17.824339764561355	18.501297437138714	32.699840455573515	0.0013013411622017652
25.0	29.402632352902902	18.19522199578886	19.390243585038743	33.01177193215328	1.301341162201765E-4
26.0	31.770032195180352	17.815490644658386	20.189787595095503	30.224559430949537	1.301341162201765E-4
27.0	28.673751167953693	18.40070376530052	19.999271248949167	32.9261436836804	1.301341162201765E-4
28.0	30.113424895697506	17.93742631155669	20.298319448023133	31.648226662398265	0.0026026823244035303
29.0	29.29852505992676	18.649910597862156	19.408202093077126	32.64128010327443	0.002082145859522824
30.0	29.967141007372128	18.357831176351937	19.431441826569586	32.241894239590856	0.0016917501154944791
31.0	30.654682119739622	18.359026279420224	19.27166158707189	31.712938261451214	0.0016917523170500005
32.0	29.426454684935926	18.32591345221627	19.352420711814073	32.895211151033735	0.0
33.0	29.65971999906302	18.17923911996731	19.349943911320022	32.80979560816526	0.0013013614843849636
34.0	29.778949587596397	18.36503900200671	19.45766779191642	32.397953208002896	3.904104775761235E-4
35.0	30.492205787011123	17.53691413216965	19.33373604084704	32.63714403997219	0.0
36.0	30.804694376018787	17.69335527583495	18.855361764843735	32.64632818969154	2.6039361098236094E-4
37.0	29.150466537673275	19.22947716009677	19.25994598944268	32.3595894780976	5.20834689673671E-4
38.0	30.995110072209453	18.421158867307806	18.884106757997408	31.69897318027621	6.51122209127431E-4
39.0	29.841280179235515	18.879257006271942	19.54005770445679	31.739405110035758	0.0
40.0	30.16697733227316	18.66809181798037	19.468566289088468	31.692975481314438	0.003389079343561401
41.0	29.68630760821781	18.06623974828426	20.395027779263454	31.850729018144246	0.001695846090226839
42.0	29.12317109779814	18.528525000978895	19.667175692078782	32.679170419097595	0.001957790046595403
43.0	29.78201656224946	18.22082476972937	20.275567417652297	31.71911030792413	0.0024809424447468005
44.0	29.465144105168555	18.747126256609608	19.974867807804042	31.812861830417788	0.0
45.0	29.431665383896682	18.423146832951986	19.93058668105808	32.21460110209324	0.0
46.0	30.396306472822722	17.510790652197215	19.47559129636843	32.61665799580138	6.535828102492242E-4
47.0	29.650995549186458	18.418444464202594	19.69367315024503	32.23531780691523	0.0015690294506827895
48.0	30.34830555468366	18.007993554934764	18.820950647122213	32.82209632024441	6.539230149512958E-4
49.0	29.109916547726357	18.12728859258833	20.065307062241867	32.69657203334951	9.157640939364642E-4
50.0	29.729524557442495	18.48800759137463	19.49661333071562	32.28572363469782	1.3088576944471713E-4
51.0	30.30035081100483	18.12008268555125	19.324210675239136	32.25522483081688	1.3099738791208504E-4
52.0	29.74518551155661	18.250078023168292	19.751007744619024	32.25372872065608	0.0
53.0	31.228867841317175	17.880168847260432	19.241158619820652	31.640354285234263	0.009450406367473801
54.0	30.346556179251294	18.627673787132192	19.072215734210157	31.952109275346707	0.001445024059650593
55.0	29.289932271838126	18.430683802031844	17.9741234251099	34.30394590160486	0.00131459941526618
56.0	29.023266337541454	17.970604987917604	20.689637028296612	32.315833921996536	6.57724247793664E-4
57.0	28.15720547007647	18.967450675862434	19.437329718204193	33.437356041960065	6.580938968372008E-4
58.0	30.75924108818629	18.02053355636191	22.04150175503296	29.17846018083754	2.634195812945755E-4
59.0	29.323903207130886	20.646885908748626	20.913938009624424	29.1073602196553	0.007912654840764415
60.0	31.352664150385234	18.89535421195401	19.6612000496565	30.090649522848594	1.3206515566519897E-4
61.0	29.329255710347674	21.07074640606564	19.44825104894735	30.15161455880719	1.3227583214726004E-4
62.0	31.198496113014247	16.81386481986234	21.508871660533043	30.47836969317736	3.977134130174251E-4
63.0	26.683573812197626	20.468068913028436	25.123211044819016	27.723815657116702	0.0013305728382183098
64.0	26.081777106625598	20.153197007028865	17.852040292253573	35.91125138903155	0.0017342050604103661
65.0	27.854891319611152	19.389683353772618	18.551694900520634	34.19811352296176	0.005616903133830741
66.0	26.863801663091785	19.514835427959742	17.062452463449674	36.55180092262827	0.007109522870530223
67.0	33.36685581965171	14.10138869255572	17.807171658016788	34.72337217364378	0.0012116561319897414
68.0	34.55352869512248	15.690537571248313	22.77838511073402	26.977412652830353	1.3597006483052692E-4
69.0	31.696876992777028	17.04129138203385	20.427293074201117	30.834538550988	0.0
70.0	33.298580996163764	16.03640606907626	22.1710923468463	28.493920587913674	0.0
71.0	25.891599834331114	20.232689483790807	25.369931096803345	28.50577958507474	0.0
