# Position (bp)	A	C	G	T	N
0.0	29.562734372312242	24.550177176867237	15.894313138610796	29.992775312209723	0.0
1.0	27.944084555063075	19.444255028980567	15.54381179679509	37.06784861916127	0.0
2.0	28.140839359329593	19.250523754815166	18.395620733932557	34.21301615192269	0.0
3.0	25.75084355059633	21.397788394080113	15.57478368355995	37.276584371763605	0.0
4.0	33.65173149515838	14.61020843591006	16.313802724437878	35.42425734449368	0.0
5.0	34.14895343177024	15.891611228297906	22.742171020606847	27.217264319325	0.0
6.0	32.07741271780364	17.912942840609528	19.93184594611972	30.07779849546711	0.0
7.0	31.621940712849806	18.24563642745461	20.68668432304796	29.445738536647625	0.0
8.0	24.38351822503962	23.45800316957211	21.80665610142631	30.351822503961966	0.0
9.0	29.085410037490945	17.891685832204406	17.56403389937305	35.4588702309316	0.0
10.0	28.39680300893277	16.85942642219088	22.372668860680143	32.37110170819621	0.0
11.0	29.16471652781678	18.452993853162344	19.928858934756157	32.45343068426472	0.0
12.0	27.58417194682569	19.561436203255063	20.306870418685552	32.5475214312337	0.0
13.0	27.764028955020727	20.024129183938623	18.771267710202313	33.44057415083834	0.0
14.0	30.613251155624038	18.265023112480737	20.523882896764253	30.597842835130972	0.0
15.0	30.11142146781669	18.62242548881181	19.101261548850488	32.16489149452101	0.0
16.0	29.99908259686248	17.993333537200698	19.195131647350234	32.812452218586586	0.0
17.0	30.527021672204103	18.712469899716524	19.578138811838937	31.182369616240436	0.0
18.0	30.926111668338347	18.288197927114677	18.62557369076928	32.1601167137777	0.0
19.0	30.061535663402957	18.060565643093152	19.19124556670405	32.68665312679984	0.0
20.0	29.978839177750906	18.122732769044738	20.2720677146312	31.626360338573157	0.0
21.0	30.193229433575496	18.36433243903174	19.006420884454226	32.43601724293853	0.0
22.0	29.86192581896941	18.241434286917546	19.68534729115904	32.211292602954	0.0
23.0	30.11737159667397	18.104043466514575	20.15129228829586	31.627292648515592	0.0
24.0	30.275339305509778	18.62659915510681	18.584654103124905	32.513407436258504	0.0
25.0	29.447136959253278	18.26123377011907	19.601507808292943	32.69012146233471	0.0
26.0	30.351914919041644	18.055804504988945	19.95578658062974	31.636493995339666	0.0
27.0	29.832935560859188	18.484486873508356	19.415274463007158	32.2673031026253	0.0
28.0	30.025331545224258	18.056921472209805	19.508270004470273	32.40947697809566	0.0
29.0	29.793123976782258	18.57121595475517	19.79758892692365	31.838071141538922	0.0
30.0	30.01934811727936	18.511683286203304	19.258818276529247	32.210150319988095	0.0
31.0	30.010418216996577	18.083048072629857	19.318350945081114	32.58818276529246	0.0
32.0	30.16222652180384	18.097931239767824	20.127995237386514	31.61184700104182	0.0
33.0	30.083648379126604	18.322269520435803	19.215312713958266	32.37876938647933	0.0
34.0	29.640985949035485	18.263276970707313	19.692188616337223	32.40354846391998	0.0
35.0	30.06162364919175	18.04650055074276	19.87437111130958	32.01750468875591	0.0
36.0	29.827329562369755	18.615659422447155	18.972908603751115	32.58410241143198	0.0
37.0	29.866031557011013	18.383447454599583	19.633819589163444	32.11670139922596	0.0
38.0	29.931527240250073	18.323905924382256	20.032747841619532	31.711818993748143	0.0
39.0	29.97022036926742	18.48719475878499	19.687313877307922	31.855270994639667	0.0
40.0	29.788501638367592	18.159070598748883	19.407208817396484	32.645218945487045	0.0
41.0	29.84865637847822	18.28040278853602	20.306262289221237	31.564678543764522	0.0
42.0	29.794714417662306	18.833238983404343	19.038822512886213	32.33322408604714	0.0
43.0	29.838781774294482	18.037965253151356	19.62630747683047	32.49694549572369	0.0
44.0	29.731743666169898	18.157973174366617	20.23248882265276	31.877794336810727	0.0
45.0	29.561510716308465	19.04492204966167	19.092616329329	32.30095090470086	0.0
46.0	29.2498956532109	18.016218472363008	19.6410470454952	33.092838828930894	0.0
47.0	29.56666964898154	18.949628701798336	19.883093256986072	31.600608392234054	0.0
48.0	30.253855561853054	18.679712436237807	19.00486233332339	32.06156966858575	0.0
49.0	29.598018442806413	18.06977229997911	19.20081172222388	33.1313975349906	0.0
50.0	29.62675425500149	18.426395939086294	20.232905344879068	31.713944461033144	0.0
51.0	29.890037650152397	18.538217892786708	19.099982071356003	32.47176238570489	0.0
52.0	29.90760398289627	18.317734652991657	19.181891576712616	32.592769787399455	0.0
53.0	30.022147731354003	18.209026696995092	20.334011732311744	31.43481383933916	0.0
54.0	30.16324696720084	18.406469971544105	19.125355698667065	32.30492736258799	0.0
55.0	29.7341047393507	18.064090650199347	19.59890884019305	32.6028957702569	0.0
56.0	29.988901886679265	18.20090584600618	20.28255196616575	31.527640301148807	0.0
57.0	29.734922398006663	18.414337606196153	19.489057668637987	32.361682327159194	0.0
58.0	29.900282333153122	17.795999279149395	19.468973388598545	32.83474499909894	0.0
59.0	29.693653609115234	18.302618525087937	20.319874936115205	31.683852929681628	0.0
60.0	29.966279279821762	18.43198651171193	19.488769795869214	32.1129644125971	0.0
61.0	29.8642943305187	17.85283474065139	19.445114595898673	32.83775633293124	0.0
62.0	29.67149203662849	18.5469491371755	20.118468373175375	31.663090453020644	0.0
63.0	29.77390356850994	18.562910499712462	19.08048064408729	32.5827052876903	0.0
64.0	29.860837401085405	18.072946669496407	19.140163114331628	32.92605281508656	0.0
65.0	29.50481221726326	18.404833469957797	20.35097306979992	31.73938124297902	0.0
66.0	29.71345135973718	18.692583804830566	19.404392529050313	32.18957230638194	0.0
67.0	29.80997624703088	17.9761252207808	19.532249223460624	32.68164930872769	0.0
68.0	29.533741957125	17.89711218857683	20.293965175494773	32.27518067880341	0.0
69.0	29.780085522296883	18.601099572388517	19.257788637751986	32.361026267562615	0.0
70.0	29.431028678113424	17.69656903253451	19.805343861904326	33.06705842744774	0.0
71.0	29.788278613071494	18.22338140533906	20.319116293341516	31.66922368824793	0.0
72.0	30.05572145429917	18.582027522088477	19.468645137456516	31.893605886155836	0.0
73.0	29.87249544626594	18.029699607915777	19.22447593467321	32.87332901114507	0.0
74.0	29.824398401932545	18.545015330298245	20.155470903403636	31.475115364365575	0.0
75.0	29.83327641342482	18.53829674935577	19.090937315657115	32.53748952156229	0.0
76.0	29.55585296772386	18.077126583460426	19.704939462790623	32.66208098602509	0.0
77.0	29.982209182558755	18.283966415930585	20.490652017853243	31.24317238365742	0.0
78.0	29.838230232485373	18.62386182296067	19.2934697581276	32.24443818642636	0.0
79.0	29.745246909706974	18.42253874631361	19.25707473175629	32.57513961222313	0.0
80.0	29.954395345180057	18.043717565654976	20.23588614562038	31.766000943544583	0.0
81.0	29.984232103437403	18.41059602649007	19.293598233995585	32.31157363607694	0.0
82.0	29.961409502119313	18.365281204529637	19.15923325109129	32.51407604225976	0.0
83.0	30.02541296060991	18.370393900889454	19.895171537484117	31.709021601016516	0.0
84.0	29.869715161578746	18.623068080214587	18.862562268488954	32.644654489717716	0.0
85.0	30.025012827090812	17.96754746023602	19.317598768599282	32.689840944073886	0.0
86.0	30.231809401159047	18.07469414037347	20.006439150032197	31.687057308435286	0.0
87.0	30.0707661485766	18.66093643971952	19.11978543962258	32.1485119720813	0.0
88.0	29.641155304872118	18.16590489156861	19.433368990891115	32.75957081266816	0.0
89.0	30.526007611983996	18.385869034839466	19.804170326274356	31.283953026902182	0.0
90.0	29.872632266492488	18.543435662965383	19.297844546048335	32.286087524493794	0.0
91.0	29.925260604471248	18.00957188749754	19.635481544614176	32.42968596341703	0.0
92.0	30.06617719685247	18.24976130115563	19.85974385144701	31.82431765054489	0.0
93.0	30.30483566676596	18.154436831827358	19.008373878793897	32.53235362261278	0.0
94.0	29.347934627034583	18.064108111706553	19.9014745531405	32.68648270811836	0.0
95.0	30.429250652916362	17.846380499564724	20.200227683653655	31.524141163865266	0.0
96.0	29.833490629634625	19.145206956990695	19.067682351354996	31.953620062019684	0.0
97.0	30.27806035944388	17.85350966429298	19.525262800949474	32.34316717531367	0.0
98.0	30.208617398418326	18.110853558767385	20.432233433324242	31.248295609490047	0.0
99.0	30.63963840569785	18.713189973976167	18.67209971236817	31.975071907957815	0.0
100.0	30.205036466217145	17.658593642493464	19.79840374294757	32.33796614834182	0.0
101.0	29.881042949028284	18.5317103534131	20.31260806418148	31.274638633377133	0.0
102.0	30.104721149497273	18.47058414222593	19.208155029050552	32.216539679226244	0.0
103.0	29.908667809777096	17.871015152045352	19.59967806277776	32.6206389753998	0.0
104.0	30.48776192991724	17.805951752069028	20.299348476844514	31.40693784116922	0.0
105.0	29.804283080414123	18.9866685576514	19.206495532548576	32.002552829385905	0.0
106.0	30.00142795944595	17.935170641153793	19.21319434528059	32.850207054119664	0.0
107.0	29.91664870302508	18.22950348494647	20.054609470431846	31.79923834159661	0.0
108.0	30.045150803684308	18.233700559869966	19.208957919450967	32.51219071699476	0.0
109.0	29.426080639302576	17.595350526698148	19.992735197965857	32.98583363603342	0.0
110.0	29.597312986017304	18.476871965244058	20.422766602168597	31.50304844657004	0.0
111.0	29.61820851688693	18.674743024963288	19.379588839941263	32.327459618208515	0.0
112.0	29.527646363098757	17.9590479006505	19.171348314606742	33.341957421644	0.0
113.0	30.080756205574783	18.261322615459044	20.218823266718765	31.439097912247405	0.0
114.0	30.264490714687675	18.480585256049523	19.118364284374415	32.13655974488839	0.0
115.0	29.987509935278755	17.762385980848567	19.48828583323871	32.761818250633965	0.0
116.0	29.90614985502823	18.47245536395544	20.26552723943232	31.355867541584008	0.0
117.0	30.07539041464728	17.947534425725056	19.42457112085545	32.55250403877221	0.0
118.0	30.039173098553313	17.771399759531477	19.710662064150796	32.47876507776442	0.0
119.0	30.23482983628336	17.723596295862148	20.1969288477318	31.84464502012269	0.0
120.0	30.310178087038565	18.087824822109525	19.337972245154695	32.264024845697215	0.0
121.0	29.416419386745794	18.0811078140455	19.60039564787339	32.90207715133531	0.0
122.0	29.047333732774117	18.4062312762133	20.163770720990613	32.38266427002197	0.0
123.0	30.03990809045834	18.244850243882773	19.373563913411537	32.34167775224735	0.0
124.0	29.408652476496684	18.493345814171178	19.531154613161856	32.56684709617028	0.0
125.0	30.09413408969458	18.349981502034776	19.91614255765199	31.639741850618652	0.0
126.0	29.643956409616507	18.297146660011645	19.353631145495385	32.70526578487647	0.0
127.0	30.02484524360972	17.72855518591822	19.396134248536654	32.8504653219354	0.0
128.0	29.932754511406195	18.03285665645216	20.55243445692884	31.4819543752128	0.0
129.0	30.31969749054658	18.70488140254383	19.177552423513237	31.79786868339636	0.0
130.0	30.10365615648176	17.7603330875656	19.568894478900116	32.56711627705252	0.0
131.0	29.923877854580454	18.15119433021262	19.931752559279026	31.993175255927902	0.0
132.0	30.3827116846385	17.82747039066643	19.25490542690472	32.534912497790344	0.0
133.0	29.576710126808358	18.181818181818183	19.632970173245223	32.608501518128236	0.0
134.0	30.151775228114552	18.325955370855542	19.80305357304183	31.719215827988073	0.0
135.0	29.585717555504694	18.695353627832457	19.32249942778668	32.39642938887617	0.0
136.0	29.628942486085343	17.77365491651206	19.605751391465677	32.991651205936925	0.0
137.0	30.1001928594948	17.88419022531634	21.656710099252084	30.35890681593678	0.0
138.0	30.072860612410114	19.377113195866468	19.905709795704556	30.644316396018855	0.0
139.0	30.97716102919919	17.97243904789438	19.41312518068806	31.63727474221837	0.0
140.0	29.14207676925328	20.226308345120223	19.52397210164366	31.10764278398283	0.0
141.0	31.95932270326307	16.932418423261094	19.55373451152688	31.554524361948953	0.0
142.0	29.04661864745898	18.947579031612648	22.488995598239296	29.516806722689076	0.0
143.0	27.90155965161029	18.882924853149685	19.288029167510633	33.92748632772939	0.0
144.0	29.184019743945704	18.571648927965448	18.31970795413646	33.924623373952386	0.0
145.0	27.632475496619318	19.63415273337177	17.736778657162326	34.99659311284658	0.0
146.0	31.951871657754012	15.636363636363637	18.877005347593585	33.53475935828877	0.0
147.0	33.81922588482138	15.747335873226215	21.467616365744576	28.96582187620783	0.0
148.0	31.51357596764876	16.6262276140959	20.693240901213173	31.166955517042172	0.0
149.0	33.672625485081745	14.03397162669381	22.361473376168966	29.931929512055472	0.0
150.0	29.0388393531812	15.46773462294091	24.867764848118483	30.625661175759404	0.0
