# Position (bp)	A	C	G	T	N
0.0	27.452685449579235	23.735469936824057	22.90997629890878	25.90186831468794	0.0
1.0	27.40846043150001	20.105315348119763	15.056547543067367	37.42967667731286	0.0
2.0	28.25264020832329	19.815091650458385	17.796959808822663	34.13490647420338	4.018581922811078E-4
3.0	23.88123516074165	21.908323613076316	15.19099135932617	39.019182643295295	2.672235605668881E-4
4.0	34.026603014084735	14.01000610063111	14.65856446022735	37.302828401767854	0.001998023288959456
5.0	36.18911167161542	15.103817460064068	22.276188499728615	26.421969285782705	0.008913082809190852
6.0	32.75640574288284	17.620558957279105	19.864943677820392	29.75211332721333	0.005978294804330411
7.0	35.43277933190719	16.749696104295943	20.4700961318987	27.346764904160054	6.635277381135641E-4
8.0	23.39227112711072	26.55886818220993	22.150533357200157	27.89673621193739	0.001591121541796774
9.0	29.069839852346703	18.38365744010197	16.106452412151985	36.44005029539935	0.0
10.0	27.058957504621368	17.204590115309035	24.625920962727164	31.109604495834148	9.269215082866784E-4
11.0	28.449193048946388	18.646683005065608	19.718824270462257	33.18371171018574	0.0015879653400098454
12.0	26.654799517026404	19.574184453064145	21.127317499593335	32.63854081669089	0.005157713625224658
13.0	27.677956535129983	21.221145800700313	18.536613092334758	32.56402020306165	2.6436877328923664E-4
14.0	31.820747396958964	18.33860088114112	20.36987835070897	29.47050900241765	2.6436877328923664E-4
15.0	30.011407512567427	18.898269574194433	19.336196447148055	31.753597728543497	5.287375465784733E-4
16.0	30.706697386318123	17.75870797693118	19.081080580923942	32.45166347441373	0.0018505814130246562
17.0	30.247092273954785	18.290882317562414	20.53272951505514	30.925991283761544	0.003304609666115458
18.0	31.659218076479238	18.25902588038106	18.292600714588794	31.782810477991962	0.0063448505589416785
19.0	30.59354755135033	18.38499760085338	19.759450853184124	31.262003994612165	0.0
20.0	30.178488577286227	18.339790540620925	19.287816961636125	32.19390392045673	0.0
21.0	30.357598421189685	17.34510303112017	19.337650475401148	32.95925151912906	3.965531599338549E-4
22.0	28.95327149747726	19.0625747667937	19.750197946119	32.232766130130244	0.0011896594798015648
23.0	30.069965195850994	17.63590868173833	20.213239852535096	32.079432241622484	0.0014540282530908014
24.0	31.21666474999306	17.863794564313654	18.505549761473276	32.41227252719363	0.0017183970263800379
25.0	29.43270426783729	18.068812547999453	19.460449770593996	33.037769044795965	2.6436877328923664E-4
26.0	31.920282240102367	17.784087379166948	20.042854178150186	30.252776202580506	0.0
27.0	29.150622786737678	18.05889871900111	19.916353720131287	32.87412477412993	0.0
28.0	30.154298834530262	17.89974871748099	20.01258395360857	31.92940296278084	0.00396553159933855
29.0	29.282542804609008	18.36953202761596	19.587875519319407	32.75885998897582	0.0011896594798015648
30.0	29.96962390749171	18.31739183308747	19.46092349666101	32.2506067287407	0.0014540340191086507
31.0	30.787879108328752	18.1970675944334	19.378278203121695	31.63466012436022	0.00211496975593249
32.0	29.19206299479053	18.326201872553725	19.73015451278045	32.75144843339189	1.321864834033261E-4
33.0	29.6001078645982	18.234272389835347	19.465858739676197	32.69830694880662	0.0014540570836373634
34.0	29.94391283025403	18.07651278716089	19.654964104475738	32.32461027810935	0.0
35.0	30.46213625103985	17.525548227197042	19.689361066181384	32.32295445558172	0.0
36.0	31.017187239592285	17.534714414583625	18.945247914754255	32.50245361931997	3.968117498604545E-4
37.0	29.15756624073807	18.816616109969743	19.15395473312546	32.871466047198304	3.968689684184904E-4
38.0	30.660336790684074	18.341291988022988	19.21363463754712	31.784207329901122	5.292538446983981E-4
39.0	29.641448922784914	18.89232878851853	19.59119168035494	31.87489824794544	1.3236039618113785E-4
40.0	29.940376761640835	18.416175767346175	19.773958911495058	31.866706759905522	0.0027817996124025876
41.0	29.687464779955103	18.32343967742748	20.484574780525257	31.501868899888226	0.0026518622039361592
42.0	29.526538897844645	18.36991926549512	19.441426022117405	32.65773744369481	0.004378370848010826
43.0	29.592715851571803	18.27634682805284	20.210086989766456	31.91846086655242	0.0023894640564869306
44.0	29.436457925246177	18.740513011201784	20.046082031327813	31.776681429738186	2.6560248603926936E-4
45.0	29.48193832365004	18.298034599446506	19.667557272699494	32.55193836350809	5.314406958684472E-4
46.0	30.211772273701108	17.650303291281904	19.442140742040266	32.69578369297672	0.0
47.0	29.82497188330041	17.97767148527961	19.89372818130818	32.30123553950828	0.002392910603518642
48.0	30.310900121009027	17.74870015026396	18.790441616467866	33.1487613196633	0.0011967925958431404
49.0	29.54020924370307	17.7130847151	20.051612559943067	32.694428370945325	6.651103085446721E-4
50.0	29.817018710758585	18.48953584487254	19.6286599252741	32.06465241275212	1.3310634265033364E-4
51.0	30.04643416275274	18.24229705872556	19.470104260351086	32.24116451817061	0.0
52.0	29.99243676293454	17.975293425586152	19.737514322796823	32.29475548868249	0.0
53.0	31.3939219134529	17.624688370875713	19.27006344081283	31.700777286826987	0.010548988031572186
54.0	30.31139019542585	18.35206593233275	19.2423823214522	32.092022973664754	0.0021385771244424663
55.0	28.995220303476614	18.359225028326357	18.2855163022031	34.35923573013777	8.026358561516019E-4
56.0	29.328803085495043	18.275748046464493	20.43069483881073	31.964218538941523	5.354902882142603E-4
57.0	28.209170532034445	18.736061570855107	19.723354411475153	33.33114559990999	2.678857253072984E-4
58.0	30.680508270112323	17.725652092325014	22.072219392542156	29.521620245020507	0.0
59.0	29.688476947723487	20.176679108983425	21.12072088511296	29.00768275044076	0.00644030773937148
60.0	31.277944494690967	18.935263516500942	19.645240146268893	30.1415518425392	0.0
61.0	29.144676893341355	20.86831171033664	19.63365407781587	30.35281893078891	5.383877172226193E-4
62.0	31.0532059696016	16.546043445943486	21.623550329223825	30.77639085430918	8.0940092190765E-4
63.0	26.615360881661992	20.2367355555315	25.331678773641077	27.814465579023718	0.001759210141711143
64.0	26.332872871949213	19.743073403334318	18.19722583324061	35.72519954080511	0.0016283506707447802
65.0	27.80019097311958	19.140022470626324	18.60845341697702	34.44616435114026	0.0051687881368151015
66.0	26.52001326348625	19.586703218578705	17.062547162473614	36.822003195790614	0.008733159670814462
67.0	33.38636450763156	14.101819854652595	17.95155451622973	34.55889198617721	0.0013691353089043084
68.0	34.33156737595521	15.524190479880124	23.007348393550682	27.136893750613982	0.0
69.0	31.932684106173493	16.943077766040975	20.480028921488326	30.6442092062972	0.0
70.0	33.161286595405365	15.868689064668795	22.135497828258334	28.83452651166751	0.0
71.0	25.86837695157222	19.749176855483086	25.763327124399204	28.61911906854549	0.0
