# Position (bp)	A	C	G	T	N
0.0	31.16920017047876	18.24122744708055	19.335132831368092	31.254439551072593	0.0
1.0	23.15669839465833	25.301889472936494	24.080125017758206	27.461287114646964	0.0
2.0	29.1861288039632	19.504600141542817	18.556263269639064	32.75300778485492	0.0
3.0	31.166077738515902	20.25441696113074	19.47703180212014	29.102473498233216	0.0
4.0	29.853065837807293	19.27098050296694	19.836111896015822	31.039841763209946	0.0
5.0	31.944640587487644	18.13303205761898	17.80821917808219	32.114108176811186	0.0
6.0	31.512071156289707	19.342086686432303	20.96569250317662	28.18014965410137	0.0
7.0	31.84191954834157	19.816513761467892	18.687367678193368	29.65419901199718	0.0
8.0	30.355630821337847	20.124188540784647	19.30567315834039	30.21450747953712	0.0
9.0	28.19644369178662	20.11007620660457	17.965001411233416	33.72847869037539	0.0
10.0	26.368510158013542	17.974040632054177	21.712753950338602	33.94469525959368	0.0
11.0	26.156884875846504	20.160835214446955	20.330135440180584	33.35214446952596	0.0
12.0	27.83577878103837	18.63713318284424	18.608916478555305	34.918171557562076	0.0
13.0	30.104342921601805	20.23406655386351	19.00733220530175	30.65425831923294	0.0
14.0	29.07091498660651	19.991540955871987	20.541378824192865	30.39616523332863	0.0
15.0	26.113303269447574	19.856257046223224	22.040586245772268	31.98985343855693	0.0
16.0	27.71203155818541	19.047619047619047	21.66807551422936	31.57227387996619	0.0
17.0	28.909551986475062	17.638771484925332	21.005917159763314	32.44575936883629	0.0
18.0	26.799042388396	20.659062103929024	20.15209125475285	32.38980425292212	0.0
19.0	27.396874560045053	21.0756018583697	21.469801492327186	30.05772208925806	0.0
20.0	26.23435082290055	21.761147840765226	19.538613025742016	32.465888310592206	0.0
21.0	25.417778401909846	20.16570706361466	21.022328324673502	33.394186209801994	0.0
22.0	28.515351184634795	20.37011075283892	20.356091406140475	30.758446656385814	0.0
23.0	29.075630252100844	21.708683473389357	17.941176470588236	31.274509803921568	0.0
24.0	28.387458006718923	18.715005599104142	17.7491601343785	35.14837625979843	0.0
25.0	27.430409847531124	19.233459225066444	17.456986991187577	35.87914393621486	0.0
26.0	30.203967588711933	18.091645711092482	17.043867001955853	34.66051969823973	0.0
27.0	26.93113563346836	20.43581505796899	17.90752898449504	34.7255203240676	0.0
28.0	30.159173415247135	18.570231778832728	16.47584473610723	34.7947500698129	0.0
29.0	29.109684621825288	17.136477811889478	17.457437901200112	36.29639966508512	0.0
30.0	30.679124250453217	16.455166643424906	18.365639380839493	34.50006972528239	0.0
31.0	30.60796645702306	16.9811320754717	17.861635220125784	34.54926624737946	0.0
32.0	29.117112074996506	19.084930740170698	20.554078634392052	31.243878550440744	0.0
33.0	28.323537643436886	19.899244332493705	19.15757066890568	32.61964735516373	0.0
34.0	33.57142857142857	15.560224089635854	19.649859943977592	31.218487394957982	0.0
35.0	30.114749510215503	18.1360201511335	20.26308424293311	31.48614609571788	0.0
36.0	31.267487409065474	16.843872411863458	17.96306659205372	33.92557358701735	0.0
37.0	29.009235936188077	19.99720123145816	18.863699972012316	32.129862860341454	0.0
38.0	28.227387286474375	19.350322038644638	18.762251470176423	33.66003920470457	0.0
39.0	30.06581711244924	17.308500210054614	18.10670774401344	34.5189749334827	0.0
40.0	27.643187228679455	18.512813331466184	20.557344909676516	33.28665453017784	0.0
41.0	27.84082948017374	16.04315538741768	22.3763486058568	33.73966652655177	0.0
42.0	32.0291684195765	14.794558967886692	20.614219604543543	32.56205300799327	0.0
43.0	29.503367003367003	17.91526374859708	20.005611672278338	32.57575757575758	0.0
44.0	31.65871456637665	19.323603704743196	16.96603985405557	32.05164187482459	0.0
45.0	32.985768634634354	15.724954206002536	17.923066084260956	33.36621107510215	0.0
46.0	31.877113866967306	15.3184892897407	20.349492671927845	32.45490417136415	0.0
47.0	32.74111675126903	17.089678510998308	19.93795826283136	30.231246474901297	0.0
48.0	27.743300423131174	18.279266572637518	20.73342736248237	33.24400564174894	0.0
49.0	29.575278679271904	18.780866375052913	19.472273176238183	32.171581769437	0.0
50.0	28.087508821453778	19.026111503175724	19.54834156669019	33.338038108680315	0.0
51.0	29.810680983328623	17.462560045210513	18.25374399547895	34.47301497598191	0.0
52.0	28.76925250812491	17.45089727285573	21.944326692101175	31.835523526918188	0.0
53.0	30.57675996607294	20.412779191405146	19.197059655074924	29.813401187446992	0.0
54.0	29.611307420494697	20.24028268551237	18.784452296819786	31.36395759717314	0.0
55.0	28.4845914616907	17.44416171897088	17.726887192536047	36.34435962680237	0.0
56.0	26.158424259600398	18.36474422559161	21.000425109820036	34.476406404987955	0.0
57.0	31.15520907158044	16.83912119064493	20.12756909992913	31.878100637845503	0.0
58.0	28.881327094853255	18.956472423082378	19.240039699418688	32.92216078264568	0.0
59.0	27.74468085106383	18.46808510638298	19.94326241134752	33.84397163120567	0.0
60.0	29.351681089516248	17.69045254646049	19.946091644204852	33.01177471981841	0.0
61.0	28.338299985809563	17.936710657017173	21.881651766709236	31.843337590464028	0.0
62.0	28.50042601533655	20.803748934961657	20.33513206475433	30.360692984947455	0.0
63.0	29.4234592445328	18.517466628798637	20.505538199375177	31.55353592729338	0.0
64.0	28.15961374609486	19.71030957114456	20.718545867651237	31.411530815109344	0.0
65.0	28.585629082646975	19.59670548139733	19.241692700937232	32.57597273501846	0.0
66.0	30.680687793093647	16.484297285775188	20.051158163990337	32.783856757140825	0.0
67.0	29.231206480034107	20.77589882052011	19.58220832741225	30.410686372033535	0.0
68.0	28.20804320022737	20.605371607218988	19.62484013073753	31.561745061816115	0.0
69.0	29.13173227227512	19.86642034958079	19.52536592297854	31.476481455165555	0.0
70.0	29.836531627576402	21.03766879886283	18.592750533049042	30.533049040511727	0.0
71.0	28.935020617090856	21.18583819138348	20.33271719038817	29.546424001137495	0.0
72.0	28.85600455321571	18.96698918611269	20.631758679567444	31.545247581104153	0.0
73.0	29.667046101309047	16.93227091633466	21.129766647694932	32.27091633466135	0.0
74.0	29.869020501138955	18.052391799544417	20.82858769931663	31.25	0.0
75.0	30.076901167758475	19.011677584733693	21.646254628311024	29.26516661919681	0.0
76.0	30.527065527065528	19.672364672364672	19.43019943019943	30.37037037037037	0.0
77.0	31.57669847600057	20.054123344252954	18.188292266058966	30.18088591368751	0.0
78.0	29.48297963253098	17.547357926221334	21.008403361344538	31.961259079903147	0.0
79.0	29.283577837914827	20.752029625409484	18.458908987323746	31.505483549351943	0.0
80.0	32.66381766381766	17.150997150997153	18.83190883190883	31.353276353276353	0.0
81.0	29.72934472934473	17.293447293447294	19.814814814814817	33.16239316239316	0.0
82.0	32.52600085482263	15.742983330958825	21.45604787006696	30.274967944151587	0.0
83.0	31.376460530065547	16.65716728412653	20.390424622399543	31.57594756340838	0.0
84.0	29.314521875445347	16.574034487672794	20.222317229585293	33.889126407296565	0.0
85.0	29.55096222380613	17.006414825374197	21.553813257305773	31.8888096935139	0.0
86.0	29.436920883820385	19.98574483250178	19.287241625089095	31.290092658588737	0.0
87.0	31.8888096935139	16.478973627940128	20.185317177476836	31.446899501069137	0.0
88.0	30.962223806129725	17.933000712758375	19.486813970064148	31.617961511047753	0.0
89.0	31.974340698503205	16.236635780470422	18.0327868852459	33.75623663578047	0.0
90.0	30.131128848346638	15.678449258836944	19.52679589509692	34.6636259977195	0.0
91.0	29.69351389878831	19.287241625089095	16.949394155381327	34.06985032074127	0.0
92.0	29.67925873129009	17.46258018531718	17.562366357804706	35.295794725588024	0.0
93.0	31.446899501069137	17.491090520313612	20.099786172487526	30.962223806129725	0.0
94.0	29.422665716322165	16.364932287954385	19.98574483250178	34.22665716322167	0.0
95.0	31.49864537287894	15.10052759161557	20.319406815913304	33.08142021959218	0.0
96.0	29.587908170540423	17.48181947811208	19.09311279053187	33.83715956081563	0.0
97.0	28.489947240838443	18.365891915014974	20.390702980179668	32.753457863966915	0.0
98.0	30.799942963068588	19.43533437901041	17.695707970911165	32.06901468700984	0.0
99.0	29.131612719235704	19.335519749037502	18.037929559389703	33.49493797233709	0.0
100.0	31.621004566210047	17.66552511415525	19.87728310502283	30.836187214611872	0.0
101.0	29.940034266133637	20.53112507138778	20.01713306681896	29.511707595659626	0.0
102.0	30.204314902128875	18.63123303329047	19.65995142163166	31.50450064294899	0.0
103.0	29.722777936553303	19.719919977136325	20.420120034295515	30.13718205201486	0.0
104.0	28.097756181220525	17.507503215663856	20.894669143918822	33.5000714591968	0.0
105.0	30.20297312750143	18.767867352773013	18.582046883933675	32.44711263579188	0.0
106.0	33.19508009153318	20.637871853546912	17.434210526315788	28.732837528604122	0.0
107.0	32.26498783803119	19.88839605093719	19.029904135069394	28.816711975962228	0.0
108.0	31.9164162015171	17.86174323744096	19.73665378560183	30.485186775440106	0.0
109.0	28.890479599141017	18.740157480314963	18.13886900501074	34.23049391553328	0.0
110.0	29.26934097421203	18.295128939828082	19.469914040114613	32.965616045845266	0.0
111.0	31.149655963302752	18.24827981651376	19.180045871559635	31.422018348623855	0.0
112.0	28.649268712360193	19.41496988815601	18.898766848293665	33.03699455119013	0.0
113.0	30.86083213773314	17.847919655667145	18.938307030129124	32.35294117647059	0.0
114.0	31.92650014355441	15.920183749641115	19.078380706287685	33.0749354005168	0.0
115.0	27.358897027143474	19.632342381157546	16.472784719230216	36.53597587246876	0.0
116.0	29.475197699496764	18.634076204169663	17.340043134435657	34.55068296189792	0.0
117.0	31.88030499208747	17.9830240253201	17.580204287152927	32.556466695439504	0.0
118.0	30.094991364421414	18.724812895797353	19.286125503742085	31.894070236039145	0.0
119.0	25.413966882649387	20.15838732901368	22.40460763138949	32.02303815694744	0.0
120.0	28.493229616825122	20.77211178334774	20.815326995102275	29.919331604724864	0.0
121.0	31.82014699524427	19.339962530624007	18.230292549358698	30.609597924773023	0.0
122.0	30.002883506343714	19.449250288350633	18.49769319492503	32.050173010380625	0.0
123.0	31.665465032444125	16.697909156452777	19.221341023792355	32.415284787310746	0.0
124.0	32.37119353442055	17.52056573820176	18.8483186607014	31.25992206667629	0.0
125.0	30.633751984986286	18.18969250757904	18.940378230114046	32.23617727732063	0.0
126.0	31.036972848064703	17.43212016175621	19.728480647024842	31.802426343154245	0.0
127.0	28.73662908355016	19.02283897080081	19.919051749060422	32.32148019658861	0.0
128.0	31.380208333333332	16.984953703703702	19.068287037037038	32.566550925925924	0.0
129.0	31.061921296296298	18.57638888888889	20.41377314814815	29.947916666666668	0.0
130.0	31.220147633521496	18.512085685337965	17.904182949775656	32.36358373136488	0.0
131.0	29.68003474735775	18.835963515274358	20.55885333719415	30.925148400173736	0.0
132.0	27.397855694001738	19.18284555201391	21.61692263112141	31.802376122862942	0.0
133.0	27.89618674786139	18.877772944758593	20.893141945773525	32.332898361606496	0.0
134.0	26.287538082112288	19.918758160452633	21.877266792398085	31.916436965036993	0.0
135.0	28.695778325837807	19.178877121717687	20.847236326708256	31.278108225736258	0.0
136.0	30.478955007256893	18.25834542815675	18.780841799709723	32.48185776487663	0.0
137.0	29.50914899796689	18.051118210862622	18.980540226546616	33.459192564623876	0.0
138.0	28.29530591483796	18.73274233396309	19.18325824734777	33.788693503851185	0.0
139.0	30.95862470862471	17.963286713286713	18.66258741258741	32.41550116550116	0.0
140.0	28.702623906705536	17.346938775510203	20.74344023323615	33.20699708454811	0.0
141.0	28.78390201224847	17.643627879848353	21.36191309419656	32.21055701370662	0.0
142.0	31.908998104127168	17.5441155024063	19.469155607408485	31.077730786058044	0.0
143.0	32.57918552036199	18.668807473361554	19.500802802510584	29.251204203765873	0.0
144.0	31.382279959130056	18.63961465479492	18.537439789811707	31.44066559626332	0.0
145.0	30.96802452912834	16.907577748576436	19.214483866257847	32.90991385603738	0.0
146.0	29.259745948313622	17.520805957074025	18.674259015914732	34.54518907869762	0.0
147.0	29.606897559549907	19.362852550051144	19.026742656729503	32.003507233669445	0.0
148.0	28.903508771929825	19.35672514619883	19.561403508771928	32.17836257309942	0.0
149.0	30.320315928038617	19.569986836331722	18.414509287699282	31.695187947930382	0.0
150.0	28.876535985956696	16.983616149795203	19.280280866003512	34.85956699824459	0.0
151.0	29.292929292929294	19.01624945103206	20.01171131605914	31.679109939979504	0.0
152.0	28.60700161124945	19.37893657536253	18.41218690493628	33.601874908451734	0.0
153.0	30.77712609970675	18.973607038123166	17.14076246334311	33.10850439882698	0.0
154.0	31.23074666275488	16.517529705148892	18.98195687252457	33.26976675957166	0.0
155.0	29.173395977095872	18.837175157832917	19.879606518866538	32.109822346204666	0.0
156.0	31.085647127956516	15.954164830321726	20.346701924489498	32.61348611723226	0.0
157.0	31.966490299823636	18.033509700176367	20.20870076425632	29.79129923574368	0.0
158.0	30.656075316269494	19.196822594880846	18.961459252721387	31.185642836128274	0.0
159.0	30.787343635025756	15.643855776306106	22.560706401766005	31.008094186902134	0.0
160.0	27.326266195524145	18.315665488810364	23.704358068315663	30.653710247349824	0.0
161.0	28.29994107248085	18.134944018856807	22.053624042427813	31.51149086623453	0.0
162.0	29.30067866627324	18.471525523753318	22.44024786072588	29.787547949247568	0.0
163.0	29.741697416974173	16.04428044280443	21.579335793357934	32.63468634686347	0.0
164.0	32.362937786315946	17.171567903058964	22.18117334121472	28.284320969410377	0.0
165.0	32.05734555128584	16.99674844812297	21.460242388412652	29.48566361217854	0.0
166.0	31.725362533293872	18.452204794317844	21.367268422610238	28.455164249778043	0.0
167.0	29.57204205538279	18.30297645490893	20.77595142899452	31.349030060713755	0.0
168.0	28.22222222222222	18.08888888888889	20.22222222222222	33.46666666666667	0.0
169.0	27.98457659795343	17.855553907756192	19.457214889515054	34.702654604775326	0.0
170.0	27.85523583506378	16.716107979827942	20.661524770097895	34.76713141501038	0.0
171.0	29.080118694362017	17.477744807121663	18.857566765578635	34.58456973293769	0.0
172.0	29.496509728204366	19.79800980246547	18.104856676073073	32.60062379325709	0.0
173.0	27.106553722692823	17.461732798335564	19.230197651954228	36.20151582701739	0.0
174.0	28.565055762081787	19.687732342007436	19.182156133828997	32.56505576208178	0.0
175.0	29.38550810891236	18.077667013837225	19.95238803749442	32.58443683975599	0.0
176.0	29.858525688756515	16.470588235294116	18.763961280714817	34.90692479523455	0.0
177.0	30.21904336164506	18.80494710177321	19.56489345850097	31.411116078080763	0.0
178.0	31.509096331643306	17.804950790337013	19.47509692812407	31.210855949895617	0.0
179.0	28.486204325130497	18.15063385533184	20.715883668903803	32.64727815063386	0.0
180.0	29.415274463007158	17.42243436754177	19.242243436754176	33.920047732696894	0.0
181.0	29.236971778408243	17.96326713453785	19.307152456323724	33.492608630730174	0.0
182.0	33.06933652121937	17.782426778242677	19.82964734010759	29.318589360430362	0.0
183.0	29.9865329941643	22.026036211282356	18.419871315277568	29.567559479275772	0.0
184.0	31.341719077568136	21.62324049116502	18.209044624138965	28.82599580712788	0.0
185.0	30.710431654676256	21.043165467625897	19.079736211031175	29.166666666666668	0.0
186.0	33.528265107212476	17.543859649122805	21.577447893237366	27.350427350427353	0.0
187.0	30.642256902761105	20.258103241296517	19.372749099639854	29.72689075630252	0.0
188.0	31.331631887104038	18.750938297552917	19.83185707851674	30.085572736826304	0.0
189.0	32.0618711518246	18.44120738849677	18.546328277519148	30.950593182159487	0.0
190.0	34.055029318899415	17.410915651781686	18.282964967674033	30.251090061644863	0.0
191.0	31.08636773999398	17.755040625940417	17.755040625940417	33.403551008125184	0.0
192.0	32.66074386387592	17.24137931034483	18.9429302815841	31.15494654419515	0.0
193.0	30.06782215523738	16.850037678975134	20.964581763376035	32.117558402411454	0.0
194.0	28.465831950520442	19.640971488912353	20.289636445919445	31.60356011464776	0.0
195.0	29.928992294908596	19.79150929143375	18.144734854207584	32.13476355945007	0.0
196.0	31.5701979749131	19.329001057881214	18.361795375547832	30.739005591657854	0.0
197.0	31.233913701741105	18.728236184708553	19.424678274034825	30.61317183951552	0.0
198.0	32.52007879981815	18.33611153205031	17.335959993938477	31.80784967419306	0.0
199.0	28.79684418145957	18.950083447124868	19.511455014413595	32.74161735700197	0.0
200.0	28.193832599118945	18.152817864195654	21.6162843688288	32.037065167856596	0.0
201.0	30.247758017935855	15.716674266605867	20.53503571971424	33.50053199574403	0.0
202.0	29.677517493154852	17.91907514450867	20.063888043808944	32.33951931852753	0.0
203.0	31.63824604141291	15.91047503045067	21.14799025578563	31.303288672350792	0.0
204.0	29.611576542269614	17.852246763137853	21.005331302361004	31.530845392231534	0.0
205.0	31.327136980039615	16.53207374676215	21.057443242419623	31.083346030778607	0.0
206.0	30.532255604697273	17.126734787250268	20.039652280006102	32.301357328046365	0.0
207.0	28.388278388278387	18.116605616605614	19.673382173382173	33.82173382173382	0.0
208.0	28.000000000000004	17.938931297709924	22.47328244274809	31.587786259541982	0.0
209.0	29.379394680525834	16.554570467746863	20.009171507184348	34.056863344542954	0.0
210.0	30.47735618115055	17.22766217870257	19.951040391676866	32.34394124847001	0.0
211.0	30.22970903522205	16.707503828483922	22.358346094946402	30.704441041347625	0.0
212.0	29.19987737584304	17.075413856529735	22.011036174126303	31.71367259350092	0.0
213.0	30.72316904652234	18.240442192538	19.975433747888836	31.060955013050823	0.0
214.0	30.32585305871503	20.919151552413158	20.842299415923762	27.912695972948047	0.0
215.0	32.01599261879133	19.929263416884517	18.822082115946486	29.232661848377674	0.0
216.0	34.77055743763474	17.323683400061597	18.64798275331075	29.257776408992914	0.0
217.0	28.752120931667434	18.74132346136048	19.651395958661112	32.855159648310966	0.0
218.0	27.89620018535681	18.33487797343219	19.987642879209144	33.781278962001856	0.0
219.0	27.943679405848677	19.60389911805663	21.615348909175307	30.83707256691939	0.0
220.0	29.14923291492329	19.308848597551524	19.9442119944212	31.597706493103985	0.0
221.0	29.806051202482543	19.658650116369277	17.501939487975175	33.033359193173	0.0
222.0	30.05906123717749	19.070562635996268	20.08082064034815	30.789555486478086	0.0
223.0	33.32295719844358	18.070038910505836	19.11284046692607	29.494163424124515	0.0
224.0	34.66936993137866	16.34435433562071	19.135995009357455	29.85028072364317	0.0
225.0	35.45766947828803	17.74445485785692	18.759762574195562	28.038113089659483	0.0
226.0	33.60963403190491	18.501720362840164	18.095089146074443	29.793556459180483	0.0
227.0	31.479160137887806	16.969602005640866	19.116264493889062	32.43497336258226	0.0
228.0	29.55579971746978	17.752315178150997	18.898132161356145	33.79375294302307	0.0
229.0	31.30995439534518	20.789432300676207	16.716464852964304	31.18414845101431	0.0
230.0	30.252365930599368	22.350157728706623	16.198738170347003	31.198738170347003	0.0
231.0	29.375494071146246	20.964426877470355	17.81818181818182	31.841897233201582	0.0
232.0	30.267956239099412	17.456794038370067	17.69462501981925	34.58062470271127	0.0
233.0	29.59669736424262	18.0215941568752	20.276278183550332	32.10543029533185	0.0
234.0	26.74511051041501	19.430752106853237	21.68866274447448	32.13547463825727	0.0
235.0	26.648614208346604	19.496654985664225	20.659445683338642	33.195285122650525	0.0
236.0	28.82465665921431	17.35867135100607	21.75023954008304	32.06643244969658	0.0
237.0	28.614891913530826	18.270616493194556	21.0888710968775	32.02562049639712	0.0
238.0	29.845956354300384	15.709242618741978	20.442875481386395	34.00192554557124	0.0
239.0	29.12512061756192	16.580894178192345	20.151174010935993	34.14281119330975	0.0
240.0	28.145642017077492	15.885290800708876	20.041888190752378	35.927178991461254	0.0
241.0	28.77906976744186	15.956072351421188	23.417312661498705	31.847545219638242	0.0
242.0	27.759792813208158	17.64325024279702	22.143088378115895	32.45386856587892	0.0
243.0	26.968663744114302	16.220165611300537	22.64978080857282	34.16138983601234	0.0
244.0	27.052117263843652	17.49185667752443	20.58631921824104	34.869706840390876	0.0
245.0	28.67862969004894	18.205546492659053	20.717781402936378	32.39804241435563	0.0
246.0	27.617801047120423	16.982984293193716	20.451570680628272	34.94764397905759	0.0
247.0	26.176808266360506	18.107265868459898	21.797605379694932	33.918320485484664	0.0
248.0	26.996385146237266	17.334866907656917	22.757147551758134	32.91160039434769	0.0
249.0	27.84184514003295	18.369028006589787	18.780889621087315	35.00823723228995	0.0
250.0	27.4020175293534	17.661650405159584	20.886389945427485	34.049942120059534	0.0
251.0	27.467241665284458	17.963177973129874	20.102836291258917	34.466744070326754	0.0
252.0	28.640292553191486	19.8969414893617	20.7280585106383	30.734707446808514	0.0
253.0	30.5	15.299999999999999	19.383333333333333	34.81666666666667	0.0
254.0	30.66376860056847	16.43537869921418	21.9862899180739	30.914562782143456	0.0
255.0	29.409792085848423	18.57813547954393	19.902749832327295	32.10932260228035	0.0
256.0	28.662741799831792	19.613120269133727	19.69722455845248	32.026913372582	0.0
257.0	29.670886075949365	17.82278481012658	18.09282700421941	34.41350210970464	0.0
258.0	30.50904786064603	18.21410451547438	18.011161846778283	33.265685777101304	0.0
259.0	31.404255319148938	18.570212765957447	17.072340425531916	32.9531914893617	0.0
260.0	30.594076356788218	19.397363465160076	17.342920732751242	32.66563944530046	0.0
261.0	30.82874828060523	18.12242090784044	18.019257221458044	33.029573590096284	0.0
262.0	31.51630153527687	16.491288597550458	20.32085561497326	31.671554252199414	0.0
263.0	30.457380457380456	20.824670824670825	17.255717255717258	31.46223146223146	0.0
264.0	30.418911872066744	18.77281418390405	19.25951677385712	31.54875717017208	0.0
265.0	30.63926145270859	19.386866399581955	17.975962375892703	31.997909771816758	0.0
266.0	32.121000174855745	18.9718482252142	18.76202133240077	30.14513026752929	0.0
267.0	31.044776119402982	18.01580333625988	19.315188762071994	31.624231782265145	0.0
268.0	31.225646475380803	17.640807651434645	20.79348211122919	30.340063761955367	0.0
269.0	31.443298969072163	19.64095271951653	19.818698897973693	29.09704941343761	0.0
270.0	32.48884924174844	20.55307760927743	16.378233719892954	30.57983942908118	0.0
271.0	32.4793980652096	19.867431028305266	18.183446793264064	29.46972411322107	0.0
272.0	31.215121512151217	17.497749774977496	18.45184518451845	32.83528352835284	0.0
273.0	30.905476233508043	15.470811494668354	19.01319356587746	34.61051870594614	0.0
274.0	31.36008716179408	18.37661158525513	19.50245142545851	30.760849827492283	0.0
275.0	30.0383002006201	18.913003830020063	20.700346525624656	30.348349443735184	0.0
276.0	31.795716639209225	18.945634266886326	20.15376166941241	29.104887424492038	0.0
277.0	29.000184128153194	20.033143067575033	19.77536365310256	31.191309151169218	0.0
278.0	27.011494252873565	20.355951056729698	21.26436781609195	31.368186874304783	0.0
279.0	30.313199105145415	20.152870991797165	20.28337061894109	29.250559284116328	0.0
280.0	30.815370196813497	19.887535145267105	20.824742268041238	28.472352389878164	0.0
281.0	29.86596186520672	18.27449499716821	21.42722295639041	30.43232018123466	0.0
282.0	30.153612744168406	17.90252228333017	22.529869144699415	29.413995827802008	0.0
283.0	28.83587786259542	19.46564885496183	20.8206106870229	30.87786259541985	0.0
284.0	27.422443508234394	19.973190348525467	21.945614707008808	30.65875143623133	0.0
285.0	29.51702905522417	18.549162978641522	21.589378487588995	30.344429478545315	0.0
286.0	27.99149429731297	18.171273922288808	21.960177846510728	31.877053933887495	0.0
287.0	27.91828793774319	19.610894941634243	21.770428015564203	30.700389105058367	0.0
288.0	26.09631949882537	19.16601409553641	21.848081440877056	32.88958496476116	0.0
289.0	27.72413793103448	18.226600985221676	20.51231527093596	33.536945812807886	0.0
290.0	29.29734021437078	16.038110361254464	21.953156014291388	32.71139341008337	0.0
291.0	29.551820728291318	16.426570628251298	22.749099639855945	31.27250900360144	0.0
292.0	28.18291700241741	18.432715551974212	23.207091055600323	30.177276390008057	0.0
293.0	29.004065040650406	16.951219512195124	21.21951219512195	32.82520325203252	0.0
294.0	29.92625972961901	18.988119623105284	20.278574354772637	30.80704629250307	0.0
295.0	30.278063851699276	18.249227600411945	21.791967044284245	29.68074150360453	0.0
296.0	29.450777202072537	17.471502590673573	22.362694300518136	30.71502590673575	0.0
297.0	28.897258840761666	18.581293157564343	22.054823184766686	30.466624816907302	0.0
298.0	28.210616438356162	20.71917808219178	23.330479452054796	27.73972602739726	0.0
299.0	28.32263978001833	17.804766269477543	22.387717690192485	31.48487626031164	0.0
300.0	33.08501314636284	8.76424189307625	21.034180543382995	37.11656441717792	0.0
