# Position (bp)	A	C	G	T	N
0.0	68.04060913705584	11.695431472081218	9.644670050761421	10.619289340101524	0.0
1.0	11.302759740259742	67.71509740259741	11.830357142857142	9.151785714285714	0.0
2.0	12.442211055276383	67.4572864321608	8.140703517587939	11.959798994974873	0.0
3.0	66.60000000000001	10.14	10.38	12.879999999999999	0.0
4.0	67.95127795527156	8.506389776357826	8.286741214057509	15.2555910543131	0.0
5.0	13.20830007980846	62.96887470071828	8.519553072625698	15.303272146847565	0.0
6.0	12.57222554293684	65.55090655509066	9.503885236102809	12.372982665869694	0.0
7.0	68.55095541401273	11.723726114649681	7.902070063694268	11.823248407643312	0.0
8.0	69.11910916683237	9.425333068204415	8.470868960031815	12.984688804931398	0.0
9.0	13.016693163751988	63.19554848966613	8.028616852146264	15.759141494435614	0.0
10.0	13.232664414861912	7.192529306576595	10.272203457182595	69.3026028213789	0.0
11.0	12.554628526023043	8.680969408025426	8.005562177195074	70.75883988875646	0.0
12.0	11.084624553039331	8.8398887564561	10.985299960270163	69.09018673023441	0.0
13.0	12.844947389319039	63.172523327377405	11.455231288465356	12.527297994838197	0.0
14.0	13.162596783799883	8.298590430811991	63.54973198332341	14.989080802064722	0.0
15.0	65.95955590800952	10.864393338620143	10.091197462331483	13.08485329103886	0.0
16.0	13.476020610384461	10.28537455410226	8.799048751486325	67.43955608402695	0.0
17.0	13.578780680918449	61.89627870150436	8.788598574821853	15.736342042755345	0.0
18.0	11.377127028096558	9.200633161851998	9.319351009101702	70.10288880094974	0.0
19.0	13.881748071979436	64.86058928218311	8.681036187462924	12.576626458374529	0.0
20.0	13.778128701144887	9.040663245163838	9.455191472562179	67.7260165811291	0.0
21.0	13.699980287798146	10.270057165385374	9.658978907944018	66.37098363887246	0.0
22.0	10.885826771653544	8.405511811023622	63.897637795275585	16.811023622047244	0.0
23.0	13.490658800393312	9.577187807276303	8.515240904621436	68.41691248770894	0.0
24.0	67.07940251572327	9.669811320754718	8.549528301886793	14.70125786163522	0.0
25.0	14.793713163064833	8.605108055009824	62.652259332023576	13.948919449901767	0.0
26.0	67.87117046347211	8.267871170463472	9.956794972505891	13.904163393558521	0.0
27.0	14.689709347996857	10.428122545168893	6.794972505891595	68.08719560094265	0.0
28.0	13.76128778955634	61.89634864546525	7.8523753435414205	16.489988221436985	0.0
29.0	15.44045516970767	6.807926231116343	8.652148322542672	69.09947027663331	0.0
30.0	14.100549882168107	9.819324430479183	61.5082482325216	14.571877454831109	0.0
31.0	14.31661750245821	8.121927236971485	7.728613569321534	69.83284169124877	0.0
32.0	14.530757097791799	8.300473186119874	8.41876971608833	68.75	0.0
33.0	15.392293871032143	63.086444400079856	7.306847674186464	14.214414054701537	0.0
34.0	15.107330903199676	7.432158768732281	8.707978938841636	68.75253138922642	0.0
35.0	12.332657200811358	9.655172413793103	8.356997971602434	69.6551724137931	0.0
36.0	13.923794081880828	8.633968382650993	8.228617754357519	69.21361978111065	0.0
37.0	68.21421299124415	9.488902463856649	9.142740785990632	13.154143758908573	0.0
38.0	68.59470468431772	9.775967413441954	7.3319755600814664	14.29735234215886	0.0
39.0	68.86312792353061	8.82652023591621	6.975798250966037	15.334553589587147	0.0
40.0	12.578872379401588	64.23773661713821	9.261143903928353	13.922247099531853	0.0
41.0	13.860369609856264	6.9199178644763855	66.11909650924025	13.100616016427105	0.0
42.0	69.97120526532291	8.823529411764707	8.206499382969971	12.99876593994241	0.0
43.0	69.46628051303269	9.267687215556474	8.378154737277617	12.887877534133224	0.0
44.0	14.276795005202914	64.55775234131113	8.13735691987513	13.028095733610822	0.0
45.0	28.510802469135804	12.53858024691358	15.123456790123457	43.82716049382716	0.0
46.0	30.76923076923077	16.404077849860982	18.952734012974975	33.87395736793327	0.0
47.0	29.96219281663516	18.19470699432892	20.321361058601134	31.521739130434785	0.0
48.0	28.680688336520078	21.940726577437857	16.921606118546844	32.45697896749522	0.0
49.0	26.237385872176837	20.71119654012494	18.981259010091303	34.07015857760692	0.0
50.0	29.150390625	21.533203125	18.896484375	30.419921875	0.0
51.0	28.94094680331869	18.83845778428502	18.496827720839434	33.72376769155686	0.0
52.0	26.938174681059863	18.007850834151128	20.11776251226693	34.93621197252208	0.0
53.0	31.411530815109344	19.681908548707753	19.681908548707753	29.22465208747515	0.0
54.0	29.08545727136432	21.089455272363818	19.24037981009495	30.584707646176913	0.0
55.0	30.71535767883942	18.009004502251123	20.36018009004502	30.915457728864432	0.0
56.0	27.7749619868221	20.07095793208312	19.31069437404967	32.84338570704511	0.0
57.0	31.080389144905276	18.945212493599588	18.945212493599588	31.02918586789555	0.0
58.0	30.745341614906835	18.115942028985508	18.944099378881987	32.19461697722567	0.0
59.0	27.602278612118074	19.627136198860697	22.68254790264112	30.088037286380114	0.0
60.0	28.615863141524105	17.522032141005702	21.513737687921203	32.34836702954899	0.0
61.0	29.311237700673225	18.4360435007768	21.439668565510097	30.813050233039874	0.0
62.0	30.60590367685137	19.627136198860697	20.611082340756084	29.155877783531846	0.0
63.0	32.27979274611399	17.409326424870468	21.295336787564768	29.015544041450774	0.0
64.0	30.457380457380456	18.762993762993762	21.30977130977131	29.469854469854468	0.0
65.0	29.656607700312176	21.383975026014568	20.343392299687828	28.616024973985432	0.0
66.0	29.72265829408687	15.855572998430143	21.559392987964415	32.862375719518575	0.0
67.0	29.177579884756415	17.44368779465689	20.167627029858565	33.211105290728135	0.0
68.0	26.020137784843666	18.494965553789083	20.66772655007949	34.81717011128776	0.0
69.0	26.312997347480106	19.840848806366047	22.49336870026525	31.352785145888596	0.0
70.0	28.662420382165603	21.125265392781316	19.745222929936308	30.46709129511677	0.0
71.0	28.412108337758895	19.915029208709505	21.242697822623473	30.430164630908124	0.0
72.0	27.509293680297397	19.065321295804566	20.817843866171003	32.607541157727034	0.0
73.0	26.584976025572722	17.368140649973363	21.736814064997336	34.310069259456576	0.0
74.0	31.05691056910569	15.772357723577235	23.523035230352303	29.647696476964768	0.0
75.0	29.252437703141926	20.85590465872156	20.801733477789817	29.089924160346698	0.0
76.0	29.306608884073672	19.014084507042252	18.255687973997833	33.423618634886246	0.0
77.0	30.517711171662125	20.108991825613078	18.474114441416894	30.899182561307903	0.0
78.0	31.126914660831513	21.2253829321663	16.739606126914662	30.908096280087527	0.0
79.0	30.158730158730158	20.853858784893266	18.88341543513957	30.103995621237	0.0
80.0	30.444322545255076	18.102029621503014	20.78990674712013	30.663741086121775	0.0
81.0	28.155872667398462	17.83754116355653	18.22173435784852	35.78485181119649	0.0
82.0	31.318681318681318	19.17582417582418	20.714285714285715	28.79120879120879	0.0
83.0	29.719317556411667	19.31755641166758	23.059988992845348	27.9031370390754	0.0
84.0	27.713498622589533	21.21212121212121	20.110192837465565	30.964187327823687	0.0
85.0	33.79272326350606	18.02646085997795	19.349503858875412	28.831312017640577	0.0
86.0	31.007751937984494	17.774086378737543	23.754152823920265	27.464008859357698	0.0
87.0	31.808035714285715	18.917410714285715	20.870535714285715	28.404017857142854	0.0
88.0	34.2296918767507	18.095238095238095	17.53501400560224	30.140056022408963	0.0
89.0	30.808080808080806	16.835016835016837	16.666666666666664	35.69023569023569	0.0
90.0	30.22994952327538	17.498597868760516	18.844643858665172	33.426808749298935	0.0
91.0	31.18339876612451	20.69545709478407	16.320807627593943	31.800336511497473	0.0
92.0	30.63973063973064	19.753086419753085	15.824915824915825	33.78226711560045	0.0
93.0	33.93258426966292	17.808988764044944	17.97752808988764	30.280898876404493	0.0
94.0	31.948343627175745	17.012914093206064	18.865805727119593	32.1729365524986	0.0
95.0	30.42744656917885	16.985376827896513	21.034870641169853	31.55230596175478	0.0
96.0	29.808773903262093	17.435320584926885	19.628796400449943	33.12710911136108	0.0
97.0	30.72594259988745	17.501406865503657	18.51435002813731	33.258300506471585	0.0
98.0	30.41034288926363	22.315907813378303	17.987633501967398	29.28611579539067	0.0
99.0	30.42744656917885	19.291338582677163	17.94150731158605	32.33970753655793	0.0
100.0	32.298136645962735	15.245623941276115	20.271033314511573	32.18520609824957	0.0
101.0	30.186546071226683	20.06783493499152	19.61560203504805	30.130016958733748	0.0
102.0	31.993204983012458	15.968289920724802	20.2718006795017	31.766704416761044	0.0
103.0	26.71582529778786	18.264322178105502	20.646625070901873	34.37322745320476	0.0
104.0	28.02041973908111	16.846284741917188	22.007941009642654	33.12535450935904	0.0
105.0	29.448550312677657	18.305855599772595	20.352472996020467	31.89312109152928	0.0
106.0	31.03644646924829	17.88154897494305	18.28018223234624	32.80182232346242	0.0
107.0	30.94017094017094	17.037037037037038	19.43019943019943	32.592592592592595	0.0
108.0	33.542857142857144	18.285714285714285	17.542857142857144	30.628571428571426	0.0
109.0	30.15508328546812	18.609994256174613	18.724870763928777	32.51005169442849	0.0
110.0	24.581650317368727	19.619157530294288	22.4466243508367	33.352567801500285	0.0
111.0	30.849220103986134	17.388792605430385	19.81513575967649	31.94685153090699	0.0
112.0	25.89803012746234	19.58285052143685	21.031286210892237	33.48783314020857	0.0
113.0	31.032482598607892	16.87935034802784	19.779582366589327	32.30858468677494	0.0
114.0	30.98837209302325	17.5	18.6046511627907	32.906976744186046	0.0
115.0	28.046647230320698	18.833819241982507	18.892128279883384	34.22740524781341	0.0
116.0	28.07017543859649	18.947368421052634	20.4093567251462	32.57309941520467	0.0
117.0	31.18405627198124	19.050410316529895	18.2883939038687	31.477139507620166	0.0
118.0	27.42789876397881	16.53914067098293	20.541494997057093	35.491465567981166	0.0
119.0	23.244837758112094	20.589970501474927	28.14159292035398	28.023598820058996	0.0
120.0	27.170702894270526	21.618428824571765	21.79562906083875	29.415239220318963	0.0
121.0	30.373001776198933	18.946121965660154	18.29484902309059	32.38602723505032	0.0
122.0	30.60982830076969	17.584369449378332	21.551213735938425	30.25458851391356	0.0
123.0	31.494661921708182	19.098457888493474	18.505338078291814	30.901542111506526	0.0
124.0	31.25371360665478	18.062982768865123	19.964349376114082	30.718954248366014	0.0
125.0	28.05241215008934	19.17808219178082	20.84574151280524	31.923764145324597	0.0
126.0	29.485645933014354	18.54066985645933	18.660287081339714	33.3133971291866	0.0
127.0	29.35174069627851	19.98799519807923	20.468187274909962	30.192076830732294	0.0
128.0	31.363088057901084	17.913148371531967	20.02412545235223	30.699638118214718	0.0
129.0	29.443772672309553	19.77025392986699	17.533252720677147	33.252720677146314	0.0
130.0	29.957550030321407	20.072771376591874	16.130988477865372	33.83869011522135	0.0
131.0	30.801944106925884	19.258809234507897	19.19805589307412	30.741190765492103	0.0
132.0	28.66707242848448	18.381010346926356	21.180766889835667	31.7711503347535	0.0
133.0	27.855833842394624	20.7697006719609	20.40317654245571	30.971288943188757	0.0
134.0	26.209430496019596	20.63686466625842	21.187997550520514	31.965707287201468	0.0
135.0	27.283874923359903	17.47394236664623	20.416922133660332	34.82526057633354	0.0
136.0	25.507068223724648	18.62323294406884	20.897357098955133	34.97234173325138	0.0
137.0	30.030769230769234	15.876923076923077	20.492307692307694	33.6	0.0
138.0	28.74768661320173	17.766810610734115	20.481184454040715	33.00431832202344	0.0
139.0	29.659442724458206	18.328173374613	18.947368421052634	33.06501547987616	0.0
140.0	29.440993788819874	16.335403726708076	22.422360248447205	31.801242236024844	0.0
141.0	31.032338308457714	18.65671641791045	18.28358208955224	32.027363184079604	0.0
142.0	31.296758104738153	17.581047381546135	19.513715710723194	31.60847880299252	0.0
143.0	32.14731585518103	19.038701622971285	18.91385767790262	29.90012484394507	0.0
144.0	31.917551530293565	16.739537788881947	17.738913179262962	33.60399750156152	0.0
145.0	28.625235404896422	19.271814187068426	19.146264908976775	32.95668549905838	0.0
146.0	29.76714915040906	19.383259911894275	18.753933291378225	32.095657646318436	0.0
147.0	30.23989898989899	18.37121212121212	17.2979797979798	34.090909090909086	0.0
148.0	26.20558375634518	21.51015228426396	19.35279187817259	32.931472081218274	0.0
149.0	29.092071611253196	19.69309462915601	18.478260869565215	32.73657289002558	0.0
150.0	28.369704749679077	19.25545571245186	18.48523748395379	33.889602053915276	0.0
151.0	28.110896196002578	19.084461637653128	19.019987105093488	33.78465506125081	0.0
152.0	28.969539857420607	20.609202851587817	16.720674011665587	33.70058327932599	0.0
153.0	31.103896103896105	18.896103896103895	18.961038961038962	31.038961038961038	0.0
154.0	31.33159268929504	16.12271540469974	19.973890339425587	32.57180156657963	0.0
155.0	27.87639710716634	20.381328073635764	19.19789612097304	32.544378698224854	0.0
156.0	32.58426966292135	14.672835426305353	18.241903502974225	34.50099140779908	0.0
157.0	30.922362309223622	18.579960185799603	21.433311214333113	29.06436629064366	0.0
158.0	28.542780748663098	22.393048128342247	17.580213903743317	31.483957219251334	0.0
159.0	34.048257372654156	14.47721179624665	20.10723860589812	31.36729222520107	0.0
160.0	28.187919463087248	17.85234899328859	21.677852348993287	32.281879194630875	0.0
161.0	26.365475387727578	18.813216453135535	23.12879298718813	31.692515171948756	0.0
162.0	30.64406779661017	18.983050847457626	20.542372881355934	29.830508474576273	0.0
163.0	30.62755798090041	17.80354706684857	18.076398362892224	33.4924965893588	0.0
164.0	29.609321453050036	15.284441398217957	22.960932145305005	32.145305003427005	0.0
165.0	30.81674673987646	18.119423472889498	23.12971859986273	27.934111187371315	0.0
166.0	28.728522336769757	20.618556701030926	20.20618556701031	30.446735395189002	0.0
167.0	28.541810642709052	19.212163096060817	22.5984796129924	29.647546648237732	0.0
168.0	27.68166089965398	18.269896193771626	19.515570934256054	34.53287197231834	0.0
169.0	26.425591098748264	17.037552155771905	21.279554937413074	35.25730180806676	0.0
170.0	29.559748427672954	15.024458420684836	18.72816212438854	36.68763102725367	0.0
171.0	29.866479269149682	16.865776528460998	17.287420941672522	35.980323260716794	0.0
172.0	30.959097320169253	20.803949224259522	15.867418899858956	32.36953455571227	0.0
173.0	29.19034090909091	18.821022727272727	20.099431818181817	31.889204545454547	0.0
174.0	29.214285714285715	20.142857142857142	19.428571428571427	31.214285714285715	0.0
175.0	30.272596843615496	18.364418938307033	20.373027259684363	30.989956958393112	0.0
176.0	29.322766570605186	18.659942363112393	19.30835734870317	32.70893371757925	0.0
177.0	28.716461203770848	20.232052211747643	18.12907904278463	32.92240754169688	0.0
178.0	27.00145560407569	19.50509461426492	21.761280931586608	31.732168850072778	0.0
179.0	24.963396778916543	19.54612005856515	24.084919472913615	31.405563689604687	0.0
180.0	31.047197640117997	14.896755162241886	20.575221238938052	33.48082595870206	0.0
181.0	28.52897473997028	19.242199108469542	20.059435364041605	32.16939078751857	0.0
182.0	33.40823970037453	18.352059925093634	20.1498127340824	28.08988764044944	0.0
183.0	29.554043839758126	22.90249433106576	21.390778533635675	26.15268329554044	0.0
184.0	28.549734244495063	22.323462414578586	18.147304479878514	30.979498861047837	0.0
185.0	27.57044935262757	21.62985529322163	22.46763137852247	28.33206397562833	0.0
186.0	30.191570881226053	18.084291187739463	20.229885057471265	31.494252873563216	0.0
187.0	31.716705157813703	21.632024634334105	17.551963048498845	29.099307159353348	0.0
188.0	29.411764705882355	20.123839009287924	20.510835913312693	29.953560371517028	0.0
189.0	28.750981932443047	19.874312647289866	19.324430479183032	32.050274941084055	0.0
190.0	29.08082408874802	18.14580031695721	18.938193343898575	33.835182250396194	0.0
191.0	26.277955271565496	19.009584664536742	22.603833865814696	32.108626198083066	0.0
192.0	30.620467365028205	22.320709105560034	18.77518130539887	28.283642224012894	0.0
193.0	30.056864337936638	16.084484159220146	21.039805036555645	32.818846466287575	0.0
194.0	28.594771241830063	20.50653594771242	21.813725490196077	29.08496732026144	0.0
195.0	29.256198347107436	18.677685950413224	20.49586776859504	31.5702479338843	0.0
196.0	28.929765886287623	18.896321070234116	21.48829431438127	30.68561872909699	0.0
197.0	29.262086513994912	18.914334181509755	21.54368108566582	30.279898218829516	0.0
198.0	27.835951134380455	23.123909249563702	20.069808027923212	28.970331588132638	0.0
199.0	27.96688132474701	23.643054277828888	19.043238270469182	29.346826126954923	0.0
200.0	25.75107296137339	16.201716738197426	21.244635193133046	36.802575107296136	0.0
201.0	32.348596750369275	19.202363367799112	15.657311669128507	32.791728212703106	0.0
202.0	35.25925925925926	17.333333333333336	17.62962962962963	29.777777777777775	0.0
203.0	35.11904761904761	17.410714285714285	19.940476190476193	27.529761904761905	0.0
204.0	32.04172876304024	18.479880774962744	24.44113263785395	25.037257824143072	0.0
205.0	33.28335832083958	17.24137931034483	24.587706146926536	24.887556221889056	0.0
206.0	30.618401206636502	19.90950226244344	22.171945701357465	27.300150829562593	0.0
207.0	27.121212121212125	22.12121212121212	15.454545454545453	35.303030303030305	0.0
208.0	28.24427480916031	16.030534351145036	20.763358778625953	34.961832061068705	0.0
209.0	22.392638036809817	19.478527607361965	21.472392638036812	36.65644171779141	0.0
210.0	24.613003095975234	18.421052631578945	20.123839009287924	36.84210526315789	0.0
211.0	29.037267080745345	19.72049689440994	21.428571428571427	29.81366459627329	0.0
212.0	28.325508607198746	15.96244131455399	24.56964006259781	31.142410015649453	0.0
213.0	28.056426332288403	21.786833855799372	18.338557993730408	31.818181818181817	0.0
214.0	30.5993690851735	25.39432176656151	17.823343848580443	26.18296529968454	0.0
215.0	31.528662420382165	21.496815286624205	15.92356687898089	31.050955414012737	0.0
216.0	32.42811501597444	18.051118210862622	19.009584664536742	30.5111821086262	0.0
217.0	28.109854604200322	17.2859450726979	23.101777059773827	31.502423263327948	0.0
218.0	23.421926910299003	16.943521594684384	21.262458471760798	38.372093023255815	0.0
219.0	18.27956989247312	22.759856630824373	27.24014336917563	31.72043010752688	0.0
220.0	0.0	28.57142857142857	25.396825396825395	46.03174603174603	0.0
