# Position (bp)	A	C	G	T	N
0.0	26.888682070165498	23.92829684781289	24.29976125925626	24.883259822765346	0.0
1.0	27.02482866369764	20.43150171940308	15.473822390091085	37.06984722680819	0.0
2.0	27.41810016440114	20.348851196920485	17.77056016680701	34.46248847187137	0.0
3.0	24.120590982016715	21.599099638418622	15.081854681002211	39.195261926997276	0.0031927715651764404
4.0	33.4611506736212	14.91493398750407	14.382229420217369	37.240892022133835	7.938965235271236E-4
5.0	34.96656949109576	14.651593890614107	22.03244819063312	28.34859623550288	7.921921541289054E-4
6.0	31.102508394232668	17.587991309500296	20.910922378036737	30.398577918230295	0.0
7.0	34.26885287234965	17.801397763892936	19.837374031847585	28.090011582372732	0.002363749537099049
8.0	24.41542308115673	25.935244445143336	21.28457534634315	28.364757127356782	0.0
9.0	28.068591349135936	18.53442522553646	16.489875395523033	36.90632287241978	7.851573847977827E-4
10.0	27.147998024288704	16.862539102619387	24.26753639777654	31.721142462896612	7.840124187567131E-4
11.0	27.477364579090825	18.751370656975467	20.02647326044049	33.74479150349322	0.0
12.0	26.48165974064596	19.945374435548878	21.20301457986054	32.36995124394462	0.0
13.0	27.155543048324816	21.303722464549818	18.38250238419086	33.15823210293451	0.0
14.0	30.482466425902476	19.03131497897222	20.35317292809906	30.13304566702625	0.0
15.0	29.454528399230806	18.572455951096728	19.05711114237919	32.915904507293284	0.0
16.0	29.27942716883198	18.230852211434737	18.708472085424386	33.780466832387475	7.817019214233228E-4
17.0	29.802385754264183	18.63577380673202	20.155402341978956	31.406438097024843	0.0
18.0	31.56981379860232	18.312930913184182	18.156590528899518	31.96066475931398	0.0
19.0	30.24092053218267	18.74677547957413	19.734065006331786	31.278238981911414	0.0
20.0	30.439472820224196	17.917389740943985	20.097556399793632	31.545581039038197	0.0
21.0	29.296624611103294	17.72978127980239	18.874974594687554	34.098619514406764	0.0
22.0	28.589184372215186	18.806966527523723	19.823179025374042	32.78067007488704	0.0
23.0	30.044713349905415	17.42726263621156	19.48079358379063	33.04644872817097	7.817019214233228E-4
24.0	30.553601300752	17.711020433688226	19.112611978800246	32.62276628675953	0.0
25.0	29.126995294154433	18.313712615105608	19.066491565436266	33.49280052530369	0.0
26.0	31.121898597626753	17.159920579084783	21.107515282272562	30.6106655410159	0.0
27.0	28.457076747494646	18.449728749433266	20.120225755514905	32.97296874755718	0.0
28.0	29.897753388677828	17.825148914216033	20.173381486171692	32.102934509013025	7.817019214233228E-4
29.0	29.505339024123323	18.55213170113972	18.724106123852852	33.2184231508841	0.0
30.0	29.916273833814117	18.404903179405395	18.838778270284635	32.83926295957535	7.817569205031388E-4
31.0	30.52903972293235	18.28537029653431	18.80369944727193	32.38110873967055	7.817935908561421E-4
32.0	29.046785088816613	18.765636727545658	18.806292219164373	33.381285964473356	0.0
33.0	29.74838931631951	17.584599987489835	19.461124663789327	33.205886032401324	0.0
34.0	29.121149800989965	18.790613294964928	19.047879702540605	33.038793271975166	0.0015639295293354081
35.0	30.189728645735414	17.64899417183681	19.21883812746757	32.942439054960204	0.0
36.0	31.177115987460812	17.794670846394983	18.5282131661442	32.5	0.0
37.0	28.85541318360754	19.3041200733991	19.631906651401327	32.206207556343216	0.0023525352488198113
38.0	30.920205920205916	17.989766770254576	18.984053740151303	32.105973569388205	0.0
39.0	29.958130729530797	19.167170721361185	19.35334365008916	31.5205693592352	7.855397836623435E-4
40.0	29.44573567067166	19.53673429190467	18.374630687413827	32.640535749458344	0.0023636005515067955
41.0	29.28674180748984	17.81485638407183	20.71879100207085	32.17961080636748	0.0
42.0	28.51168648074958	18.925683328449118	19.312196551478333	33.249641604029875	7.920352930926602E-4
43.0	29.032667703736625	18.675989713959172	20.080002539763168	32.21134004254103	0.0
44.0	29.36296672997004	18.73435625233415	19.795945935208067	32.105936479431705	7.946030560433536E-4
45.0	29.579303482587065	18.50268656716418	20.065273631840796	31.851144278606963	0.0015920398009950248
46.0	29.729061879747793	17.317242313854592	19.565096091763447	33.38859971463417	0.0
47.0	29.94956668847854	19.119970633767974	19.276377739119333	31.654084938634153	0.0
48.0	30.378311020225578	18.440265840176377	18.875611080934274	32.30581205866377	0.0
49.0	28.175456835539205	18.951577432124438	19.94881842536687	32.924147306969495	0.0
50.0	29.426849596102066	18.135337863828696	19.271701500192332	33.1661110398769	0.0
51.0	30.600644782647144	17.94618235610976	18.955162683003305	32.49720620985183	8.039683879629854E-4
52.0	29.033195087707973	18.972194877918895	19.567673116336117	32.42693691803702	0.0
53.0	30.750240799048136	18.62287226723433	19.058334075291185	31.568552858426347	0.0
54.0	30.227990292759337	18.636116454422233	18.899900168009935	32.2359930848085	0.0
55.0	28.755413722361524	18.207203100068384	18.66146732228337	34.37591585528673	0.0
56.0	29.29808955662371	17.906428262483985	21.288263952928503	31.5072182279638	0.0
57.0	27.735262856675657	19.523342326874335	19.244542555800834	33.49685226064917	0.0
58.0	30.267524273833423	18.02695726985948	21.882092670736203	29.822606415666353	8.193699045434061E-4
59.0	28.398540841645172	21.525050528287625	20.879274364493813	29.197134265573393	0.0
60.0	30.905448519773454	18.68275913239186	20.08837665603179	30.322591282698124	8.244091047741531E-4
61.0	28.76261936114355	21.035719313937406	19.36114354807987	30.840517776839178	0.0
62.0	31.22751499000666	17.10193204530313	21.102598267821453	30.567954696868753	0.0
63.0	25.748819419397588	20.987074424807712	24.516653945194218	28.745774653794214	0.0016775568062673521
64.0	25.994849495503864	21.274960949043777	17.674673871743995	35.054671338709	8.443449993667412E-4
65.0	27.671325997365848	19.463822917109233	18.867315290818713	33.99753579470621	0.0
66.0	27.882280515749514	19.45945483771675	17.13635897260508	35.51592051711755	0.0059851568111084505
67.0	33.48471555624366	14.23939034250228	17.465723968278542	34.80672962790938	0.0034405050661437103
68.0	33.68389868167679	16.180609408627916	23.26104193714221	26.873578641944114	8.713306089729626E-4
69.0	31.850535396926045	16.97998624668447	20.490653996945692	30.677931287006686	8.930724371053736E-4
70.0	32.04360672833665	16.287827581545354	22.684961665475754	28.983604024642247	0.0
71.0	25.973247176022813	20.37302199214304	24.007783529757315	29.64594730207683	0.0
