# Position (bp)	A	C	G	T	N
0.0	67.59796806966618	9.760522496371554	10.921625544267053	11.719883889695211	0.0
1.0	10.95791001451379	66.90856313497822	11.828737300435414	10.304789550072568	0.0
2.0	13.971912135397913	64.53006841915736	8.966510622974432	12.531508822470292	0.0
3.0	68.44747221226245	9.14306202940122	9.394048045894586	13.015417712441735	0.0
4.0	66.11688777339549	9.609178917174614	9.178917174614558	15.095016134815346	0.0
5.0	13.493199713672155	62.02576950608447	10.773085182534002	13.707945597709378	0.0
6.0	15.211166785969935	62.884753042233356	8.554044380816034	13.350035790980671	0.0
7.0	68.7298747763864	9.552772808586763	7.76386404293381	13.953488372093023	0.0
8.0	68.16881258941345	9.513590844062946	9.406294706723891	12.911301859799714	0.0
9.0	15.695387915623883	60.42188058634251	7.722559885591705	16.1601716124419	0.0
10.0	12.888254194930383	8.818279186004998	8.85398072117101	69.4394858978936	0.0
11.0	13.613684960798288	9.40841054882395	8.553100498930863	68.42480399144691	0.0
12.0	14.880740477038094	9.540761836952653	9.789960840156638	65.78853684585262	0.0
13.0	12.642045454545455	62.99715909090909	10.120738636363637	14.240056818181818	0.0
14.0	14.609929078014183	8.47517730496454	62.163120567375884	14.75177304964539	0.0
15.0	65.41858000706465	9.819851642529141	10.45566937477923	14.305898975626988	0.0
16.0	13.620324629498942	10.58574453069866	8.786167960479888	67.00776287932251	0.0
17.0	14.885361552028217	58.941798941798936	10.652557319223986	15.520282186948853	0.0
18.0	11.706629055007053	10.684062059238364	11.600846262341326	66.00846262341325	0.0
19.0	13.248766737138832	62.64975334742776	8.527131782945736	15.574348132487668	0.0
20.0	13.708260105448156	8.963093145869948	9.666080843585236	67.66256590509666	0.0
21.0	12.916812916812917	12.425412425412425	11.372411372411372	63.28536328536328	0.0
22.0	12.215610780539027	9.205460273013651	62.02310115505776	16.555827791389568	0.0
23.0	16.96397341727877	9.233997901364113	8.114725428471493	65.68730325288563	0.0
24.0	66.96959105207969	7.200279622509612	10.101363159734358	15.728766165676337	0.0
25.0	14.884696016771489	8.001397624039134	61.28581411600279	15.828092243186584	0.0
26.0	66.71323786238212	8.033531260915124	10.443590639189662	14.809640237513097	0.0
27.0	13.303072625698324	12.779329608938546	6.3198324022346375	67.59776536312849	0.0
28.0	14.315642458100559	60.579608938547494	6.6689944134078205	18.435754189944134	0.0
29.0	17.38826815642458	7.576815642458101	8.519553072625698	66.51536312849163	0.0
30.0	14.84593837535014	8.26330532212885	60.1890756302521	16.701680672268907	0.0
31.0	14.71724622409554	7.37618545837724	8.28942746750966	69.61714085001756	0.0
32.0	14.049877063575694	8.956796628029505	10.50228310502283	66.49104320337197	0.0
33.0	16.033755274261605	61.39240506329114	7.665260196905767	14.908579465541491	0.0
34.0	14.038189533239038	9.830268741159829	10.926449787835926	65.2050919377652	0.0
35.0	14.194915254237289	60.02824858757062	8.26271186440678	17.51412429378531	0.0
36.0	14.75988700564972	8.47457627118644	7.980225988700565	68.78531073446328	0.0
37.0	65.13274336283186	11.398230088495575	9.168141592920353	14.300884955752213	0.0
38.0	68.19474058280028	9.559346126510306	6.787491115849324	15.458422174840086	0.0
39.0	66.74955595026643	8.632326820603907	8.206039076376555	16.41207815275311	0.0
40.0	13.925399644760214	59.53818827708703	10.692717584369449	15.843694493783303	0.0
41.0	13.494318181818182	7.5994318181818175	63.671875	15.234375	0.0
42.0	67.77183600713013	7.66488413547237	8.9126559714795	15.650623885918002	0.0
43.0	68.61894432393348	9.363702096890817	8.676789587852495	13.34056399132321	0.0
44.0	15.557978916757541	61.17775354416576	7.924391130498002	15.339876408578698	0.0
45.0	26.194398682042834	9.44535969247666	14.00329489291598	50.35694673256452	0.0
46.0	27.694406548431104	13.437926330150068	18.963165075034105	39.90450204638472	0.0
47.0	28.438948995363216	17.697063369397217	18.547140649149924	35.316846986089644	0.0
48.0	25.763508222396243	18.010963194988253	16.758026624902115	39.46750195771339	0.0
49.0	27.037617554858933	22.962382445141067	17.86833855799373	32.13166144200627	0.0
50.0	26.41509433962264	23.58490566037736	18.160377358490564	31.839622641509436	0.0
51.0	29.12698412698413	16.507936507936506	17.38095238095238	36.98412698412699	0.0
52.0	29.603174603174605	16.26984126984127	19.365079365079367	34.76190476190476	0.0
53.0	28.4688995215311	19.218500797448165	22.00956937799043	30.303030303030305	0.0
54.0	26.143790849673206	23.03921568627451	17.892156862745097	32.92483660130719	0.0
55.0	32.0785597381342	17.18494271685761	18.73977086743044	31.99672667757774	0.0
56.0	28.524590163934427	18.770491803278688	20.081967213114755	32.622950819672134	0.0
57.0	30.516817063166528	17.473338802296965	21.821164889253485	30.18867924528302	0.0
58.0	29.122231337161608	17.63740771123872	18.621821164889255	34.618539786710414	0.0
59.0	27.72764561115669	18.375717801476622	22.80557834290402	31.091058244462676	0.0
60.0	28.641975308641975	18.68312757201646	20.5761316872428	32.098765432098766	0.0
61.0	27.51235584843493	18.69851729818781	21.663920922570014	32.12520593080725	0.0
62.0	28.500823723228997	18.616144975288304	21.581548599670512	31.30148270181219	0.0
63.0	29.876543209876544	18.60082304526749	22.79835390946502	28.72427983539095	0.0
64.0	29.547325102880656	17.86008230452675	21.152263374485596	31.440329218106992	0.0
65.0	29.876543209876544	18.51851851851852	21.069958847736626	30.534979423868315	0.0
66.0	29.79423868312757	14.814814814814813	21.89300411522634	33.49794238683128	0.0
67.0	27.983539094650205	18.106995884773664	18.68312757201646	35.22633744855967	0.0
68.0	24.444444444444443	19.753086419753085	19.588477366255145	36.21399176954733	0.0
69.0	24.95881383855025	19.769357495881383	23.228995057660626	32.042833607907745	0.0
70.0	27.347611202635914	22.240527182866558	17.54530477759473	32.8665568369028	0.0
71.0	26.995884773662553	21.728395061728396	19.835390946502056	31.440329218106992	0.0
72.0	25.596707818930042	19.17695473251029	21.64609053497942	33.58024691358025	0.0
73.0	27.145214521452143	18.3993399339934	21.699669966996698	32.755775577557756	0.0
74.0	28.819157720891823	17.09331131296449	23.781998348472335	30.305532617671343	0.0
75.0	28.747940691927514	19.85172981878089	22.899505766062603	28.500823723228997	0.0
76.0	28.488852188274155	19.9009083402147	20.148637489677952	31.461601981833198	0.0
77.0	26.897689768976896	19.884488448844884	19.801980198019802	33.415841584158414	0.0
78.0	30.132450331125828	20.198675496688743	19.12251655629139	30.54635761589404	0.0
79.0	28.23725981620718	21.553884711779446	18.71345029239766	31.495405179615705	0.0
80.0	29.57393483709273	15.705931495405178	20.634920634920633	34.08521303258145	0.0
81.0	29.741019214703424	17.7109440267335	18.295739348370926	34.25229741019214	0.0
82.0	30.93645484949833	18.22742474916388	22.49163879598662	28.34448160535117	0.0
83.0	28.093645484949832	18.478260869565215	19.816053511705686	33.61204013377927	0.0
84.0	27.31829573934837	19.21470342522974	19.21470342522974	34.25229741019214	0.0
85.0	30.801335559265443	18.363939899833053	19.94991652754591	30.884808013355592	0.0
86.0	31.302170283806348	17.445742904841403	21.702838063439064	29.549248747913186	0.0
87.0	32.136894824707845	19.94991652754591	20.36727879799666	27.545909849749584	0.0
88.0	35.50543024227235	19.71595655806182	16.290726817042607	28.487886382623223	0.0
89.0	29.515050167224082	17.809364548494983	17.725752508361204	34.94983277591973	0.0
90.0	31.605351170568564	16.471571906354516	18.478260869565215	33.44481605351171	0.0
91.0	30.576441102756892	20.46783625730994	16.290726817042607	32.66499582289056	0.0
92.0	31.57894736842105	20.885547201336674	16.12364243943191	31.411862990810356	0.0
93.0	32.13389121338912	17.07112970711297	18.99581589958159	31.799163179916317	0.0
94.0	30.794979079497907	18.661087866108787	19.581589958158997	30.962343096234306	0.0
95.0	30.125523012552303	16.234309623430963	20.418410041841003	33.22175732217573	0.0
96.0	26.152556580050295	19.78206202849958	20.1173512154233	33.94803017602682	0.0
97.0	28.331936295054483	15.84241408214585	20.787929589270746	35.03772003352892	0.0
98.0	29.589270746018443	21.62615255658005	18.189438390611905	30.595138306789604	0.0
99.0	32.02011735121542	17.60268231349539	16.932103939647945	33.44509639564124	0.0
100.0	33.30536912751678	14.177852348993289	19.630872483221477	32.88590604026846	0.0
101.0	31.17101937657961	18.36562763268745	20.64026958719461	29.82308340353833	0.0
102.0	32.1247892074199	15.51433389544688	22.09106239460371	30.269814502529513	0.0
103.0	27.64158918005072	15.638207945900254	20.87912087912088	35.841081994928146	0.0
104.0	26.485568760611205	17.31748726655348	21.137521222410864	35.059422750424446	0.0
105.0	29.8811544991511	19.864176570458405	19.779286926994907	30.475382003395584	0.0
106.0	31.9693094629156	18.584825234441603	19.18158567774936	30.264279624893437	0.0
107.0	33.589743589743584	17.094017094017094	18.034188034188034	31.28205128205128	0.0
108.0	33.361847733105215	16.766467065868262	17.70744225834046	32.16424294268606	0.0
109.0	26.455479452054792	20.804794520547944	20.376712328767123	32.36301369863014	0.0
110.0	24.8068669527897	19.2274678111588	20.94420600858369	35.02145922746781	0.0
111.0	29.3207222699914	17.798796216680998	21.066208082545142	31.814273430782457	0.0
112.0	27.022375215146297	19.62134251290878	21.600688468158346	31.755593803786574	0.0
113.0	30.483592400690846	19.516407599309154	17.098445595854923	32.90155440414508	0.0
114.0	28.842832469775477	18.393782383419687	19.602763385146805	33.160621761658035	0.0
115.0	28.373702422145332	18.94463667820069	18.425605536332178	34.2560553633218	0.0
116.0	29.61038961038961	18.354978354978353	19.134199134199132	32.900432900432904	0.0
117.0	30.702515177797054	18.386816999132698	17.259323503902863	33.651344319167386	0.0
118.0	26.347826086956523	16.695652173913047	19.39130434782609	37.565217391304344	0.0
119.0	22.086956521739133	20.347826086956523	28.434782608695652	29.130434782608695	0.0
120.0	25.958188153310104	23.257839721254356	21.86411149825784	28.9198606271777	0.0
121.0	29.133858267716533	18.547681539807524	19.860017497812773	32.45844269466316	0.0
122.0	31.698774080560423	17.075306479859893	20.31523642732049	30.910683012259195	0.0
123.0	33.24561403508772	19.473684210526315	16.403508771929825	30.87719298245614	0.0
124.0	29.991204925241867	19.43711521547933	20.14072119613017	30.430958663148637	0.0
125.0	28.634361233480178	19.823788546255507	18.854625550660792	32.68722466960352	0.0
126.0	30.484581497797357	18.94273127753304	18.41409691629956	32.158590308370044	0.0
127.0	28.975265017667844	19.257950530035338	20.936395759717314	30.830388692579508	0.0
128.0	29.93799822852081	17.980513728963686	18.689105403011514	33.392382639503985	0.0
129.0	28.01418439716312	18.70567375886525	17.287234042553195	35.99290780141844	0.0
130.0	30.577777777777776	20.0	16.71111111111111	32.711111111111116	0.0
131.0	29.42222222222222	20.88888888888889	18.844444444444445	30.844444444444445	0.0
132.0	30.782918149466195	18.416370106761565	20.640569395017792	30.160142348754448	0.0
133.0	28.762243989314335	22.26179875333927	19.145146927871775	29.830810329474623	0.0
134.0	25.491949910554563	20.125223613595708	20.4830053667263	33.89982110912344	0.0
135.0	27.21575649059982	17.278424350940018	21.844225604297225	33.66159355416294	0.0
136.0	26.254480286738353	16.03942652329749	23.297491039426525	34.40860215053764	0.0
137.0	29.86547085201794	16.8609865470852	19.282511210762333	33.99103139013453	0.0
138.0	27.632763276327633	19.26192619261926	19.26192619261926	33.84338433843384	0.0
139.0	28.584310189359783	15.960324616771867	20.649233543733093	34.80613165013526	0.0
140.0	28.184281842818425	16.982836495031616	22.04155374887082	32.79132791327913	0.0
141.0	33.36355394378966	15.503173164097914	19.401631912964643	31.73164097914778	0.0
142.0	34.42325158946412	13.987284287011809	20.89009990917348	30.699364214350588	0.0
143.0	31.569343065693428	19.89051094890511	18.248175182481752	30.29197080291971	0.0
144.0	32.32876712328767	16.34703196347032	18.538812785388128	32.785388127853885	0.0
145.0	30.064161319890008	17.965169569202565	18.881759853345553	33.08890925756187	0.0
146.0	30.11937557392103	19.375573921028465	17.53902662993572	32.966023875114786	0.0
147.0	30.422794117647058	19.852941176470587	17.55514705882353	32.169117647058826	0.0
148.0	27.808471454880294	20.902394106813997	16.574585635359114	34.714548802946595	0.0
149.0	28.769657724329324	21.554116558741907	16.37372802960222	33.30249768732655	0.0
150.0	29.182156133828997	19.981412639405207	17.936802973977695	32.899628252788105	0.0
151.0	29.31839402427638	18.76750700280112	19.140989729225026	32.773109243697476	0.0
152.0	28.31608654750706	19.75540921919097	18.156161806208843	33.772342427093136	0.0
153.0	31.41509433962264	17.452830188679243	18.962264150943398	32.16981132075472	0.0
154.0	32.22748815165877	15.829383886255924	18.672985781990523	33.27014218009479	0.0
155.0	31.718898385565055	20.51282051282051	15.289648622981955	32.47863247863248	0.0
156.0	31.779257849666987	14.081826831588963	17.69743101807802	36.44148430066603	0.0
157.0	30.725190839694655	17.557251908396946	20.610687022900763	31.106870229007633	0.0
158.0	31.190019193857964	20.153550863723606	16.122840690978887	32.53358925143954	0.0
159.0	34.55245428296439	14.82194417709336	20.404234841193457	30.221366698748795	0.0
160.0	26.833976833976834	18.629343629343627	21.91119691119691	32.625482625482626	0.0
161.0	28.792270531400966	17.198067632850243	23.381642512077295	30.628019323671495	0.0
162.0	29.931972789115648	18.853255587949466	21.477162293488824	29.737609329446062	0.0
163.0	28.82181110029211	17.818889970788703	17.429406037000973	35.92989289191821	0.0
164.0	29.61876832844575	15.151515151515152	23.264907135874875	31.964809384164223	0.0
165.0	28.85181550539745	20.019627085377824	21.295387634936212	29.83316977428852	0.0
166.0	26.15535889872173	19.567354965585054	19.37069813176008	34.90658800393314	0.0
167.0	26.035502958579883	19.723865877712033	21.992110453648916	32.24852071005917	0.0
168.0	29.417571569595264	18.85488647581441	18.26258637709773	33.464955577492596	0.0
169.0	27.66798418972332	17.292490118577074	20.652173913043477	34.387351778656125	0.0
170.0	30.86053412462908	17.408506429277942	18.199802176063304	33.531157270029674	0.0
171.0	32.93650793650794	17.36111111111111	16.071428571428573	33.63095238095239	0.0
172.0	28.542914171656687	21.057884231536928	16.16766467065868	34.231536926147704	0.0
173.0	29.7	16.3	21.0	33.0	0.0
174.0	30.090270812437314	19.658976930792377	19.05717151454363	31.19358074222668	0.0
175.0	26.337033299697275	17.658930373360242	21.99798183652876	34.006054490413725	0.0
176.0	29.68591691995947	17.426545086119553	19.148936170212767	33.73860182370821	0.0
177.0	29.447852760736197	21.881390593047033	17.995910020449898	30.67484662576687	0.0
178.0	26.919140225179124	21.392016376663257	19.959058341862846	31.72978505629478	0.0
179.0	25.38540596094553	18.602261048304214	24.254881808838643	31.757451181911613	0.0
180.0	32.12809917355372	14.87603305785124	21.797520661157023	31.198347107438018	0.0
181.0	28.21576763485477	18.36099585062241	18.983402489626556	34.439834024896264	0.0
182.0	33.36798336798337	18.3991683991684	20.47817047817048	27.754677754677754	0.0
183.0	30.616509926854757	21.316614420062695	19.644723092998955	28.422152560083596	0.0
184.0	27.28226652675761	21.091290661070307	20.146904512067156	31.47953830010493	0.0
185.0	26.55426765015806	18.335089567966282	25.18440463645943	29.926238145416228	0.0
186.0	30.338266384778013	17.23044397463002	23.25581395348837	29.175475687103592	0.0
187.0	29.723991507431	21.337579617834397	17.51592356687898	31.422505307855626	0.0
188.0	30.299785867237688	19.37901498929336	19.80728051391863	30.513918629550325	0.0
189.0	31.425485961123112	18.3585313174946	18.682505399568033	31.533477321814257	0.0
190.0	30.76923076923077	17.44312026002167	18.0931744312026	33.69447453954496	0.0
191.0	29.59738846572361	19.477693144722526	19.804134929270948	31.120783460282915	0.0
192.0	32.01754385964912	19.846491228070175	18.421052631578945	29.714912280701753	0.0
193.0	28.650442477876105	19.579646017699115	21.68141592920354	30.08849557522124	0.0
194.0	27.839643652561247	20.601336302895323	22.160356347438753	29.398663697104677	0.0
195.0	26.659167604049493	20.47244094488189	19.572553430821145	33.29583802024747	0.0
196.0	28.34467120181406	21.882086167800455	19.954648526077097	29.81859410430839	0.0
197.0	29.850746268656714	21.010332950631458	19.63260619977038	29.506314580941446	0.0
198.0	28.235294117647058	23.176470588235293	20.235294117647058	28.352941176470587	0.0
199.0	25.031605562579013	25.9165613147914	19.721871049304678	29.329962073324907	0.0
200.0	29.45619335347432	16.46525679758308	20.694864048338367	33.383685800604226	0.0
201.0	35.10204081632653	19.183673469387756	15.918367346938775	29.795918367346943	0.0
202.0	40.36885245901639	15.983606557377051	16.188524590163937	27.459016393442624	0.0
203.0	33.059548254620125	17.248459958932237	20.123203285420946	29.568788501026695	0.0
204.0	35.93429158110883	15.400410677618071	22.587268993839835	26.07802874743326	0.0
205.0	33.126293995859214	16.35610766045549	26.91511387163561	23.60248447204969	0.0
206.0	28.451882845188287	24.267782426778243	19.456066945606697	27.824267782426777	0.0
207.0	26.31578947368421	22.105263157894736	17.473684210526315	34.10526315789474	0.0
208.0	26.751592356687897	16.985138004246284	21.656050955414013	34.6072186836518	0.0
209.0	24.145299145299145	19.444444444444446	22.00854700854701	34.401709401709404	0.0
210.0	28.693790149892934	15.845824411134904	18.843683083511777	36.61670235546038	0.0
211.0	31.25	17.24137931034483	20.905172413793103	30.603448275862068	0.0
212.0	27.213822894168466	15.766738660907128	23.974082073434126	33.04535637149028	0.0
213.0	27.608695652173914	19.565217391304348	18.913043478260867	33.91304347826087	0.0
214.0	28.634361233480178	25.11013215859031	17.400881057268723	28.854625550660796	0.0
215.0	30.022075055187635	21.63355408388521	15.45253863134658	32.89183222958057	0.0
216.0	29.24107142857143	18.080357142857142	18.75	33.92857142857143	0.0
217.0	27.27272727272727	16.363636363636363	24.31818181818182	32.04545454545455	0.0
218.0	26.697892271662766	17.330210772833723	19.906323185011708	36.0655737704918	0.0
219.0	17.195767195767196	26.190476190476193	22.486772486772484	34.12698412698413	0.0
220.0	0.0	32.63598326359833	23.84937238493724	43.51464435146444	0.0
