# Position (bp)	A	C	G	T	N
0.0	26.797586902843694	23.616786093345286	25.622384390758963	23.963242613052063	0.0
1.0	26.766041245008477	20.549751107707458	16.039056944368472	36.64515070291559	0.0
2.0	28.01335395608226	20.181792436388985	17.723945625653535	34.08090798187522	0.0
3.0	23.8572071754425	21.5854538353467	16.47617859409496	38.08061795162489	5.424434909493304E-4
4.0	33.65599283857678	15.515158705335477	14.815194296746082	36.01095784035635	0.0026963189853212396
5.0	34.73926050275482	15.159047865013775	22.39798553719008	27.69832558539945	0.005380509641873279
6.0	31.552206489232848	17.19689580139989	22.175297181996505	29.075600527370753	0.0
7.0	35.647829359296686	17.45266652788231	20.371942073545032	26.52756203927597	0.0
8.0	24.922822638692647	26.19391645117432	21.458238916584467	27.425021993548558	0.0
9.0	27.442165202708104	19.74612881059803	16.7684956826983	36.04161228979455	0.001598014201019533
10.0	26.188980903923532	17.537202222553383	25.644519191876185	30.627168799097355	0.0021288825495497416
11.0	27.05989969739032	19.927565135536163	21.209800511617765	31.80273465545575	0.0
12.0	26.554585222470863	21.28821018725716	20.96132073967375	31.195352323041188	5.31527557046195E-4
13.0	26.256772548602996	21.877722298948264	19.595240624668012	32.27026452778073	0.0
14.0	30.3734197386593	19.777435461595665	20.206097949644107	29.643046850100923	0.0
15.0	29.249442260703283	18.623711887814725	20.351641347073198	31.77467332412621	5.311802825879103E-4
16.0	29.89057686178689	18.055880165728247	20.158291724211196	31.894720067991077	5.311802825879103E-4
17.0	29.286624880484435	18.41123977477956	21.57866779985127	30.723467544884738	0.0
18.0	32.48592372251142	18.30765961967492	18.598215234250503	30.607670243280573	5.311802825879103E-4
19.0	31.513863805375546	19.11770955062148	19.909168171677464	29.459258472325505	0.0
20.0	29.862424306809732	17.177839158610432	21.65675130139169	31.302985233188146	0.0
21.0	28.40486561138851	18.047381281206842	20.262403059598427	33.285350047806226	0.0
22.0	27.942738765537023	19.39711037926272	21.297673430362266	31.3619462445554	5.311802825879103E-4
23.0	29.724848613619464	17.61340699033252	20.072771698714543	32.58737915648571	0.001593540847763731
24.0	30.27408902581536	17.899181982364816	19.541591416126632	32.28513757569319	0.0
25.0	28.849463507914585	18.300754276001275	19.45872729204292	33.39105492404122	0.0
26.0	29.75087644746627	17.4737065760119	22.14278125995963	30.632104536279613	5.311802825879103E-4
27.0	29.50122171464995	17.92042919366833	20.204504408796346	32.37384468288537	0.0
28.0	29.685541272707955	17.627217677679806	20.854137894401358	31.832571974928292	5.311802825879103E-4
29.0	30.190162541166472	18.1546796982896	19.058217358971635	32.5969404015723	0.0
30.0	29.690305444887116	17.464010624169987	19.574501992031873	33.26905710491368	0.0021248339973439574
31.0	30.423926901827453	17.877709307267317	19.92084572885678	31.774861878453038	0.0026561835954101148
32.0	28.128005270680244	19.53764657751141	19.777802572644532	32.55654557916381	0.0
33.0	29.696251501206277	17.138727402195748	20.421187998852176	32.7438330977458	0.0
34.0	29.030920821862477	19.129667619766366	18.823010448665485	33.01586964147153	5.314682341436452E-4
35.0	30.324630665308927	17.4039143346111	20.417770716597268	31.853684283482703	0.0
36.0	31.332572087166245	18.10396346018398	18.601263526348365	31.96220092630141	0.0
37.0	28.732802085113658	20.14986754400957	18.83492138096052	32.28187489318065	5.34096735600752E-4
38.0	30.134752152291323	18.436981979573286	19.895192770440083	31.533073097695308	0.0
39.0	30.734087452064184	17.96923538359363	19.360712984981898	31.935964179360283	0.0
40.0	28.377746107720025	20.317835919223427	20.318373712656967	30.98389308666541	0.0021511737341687056
41.0	29.375212940279376	17.394314021339994	20.766747245972386	32.46372579240824	0.0
42.0	28.132222258390026	19.357551294988227	20.952008940681186	31.557674988878397	5.42517062161605E-4
43.0	30.497565222122475	18.81171957887864	20.753556952038956	29.937158246959928	0.0
44.0	28.879813302217038	19.698142836890263	20.680705351203393	30.74079324747271	5.452622165999629E-4
45.0	30.110159118727047	18.97676604301451	20.131360377688406	30.780621612169963	0.0010928484000699422
46.0	29.973832021284746	17.667765210821937	19.906277030208138	32.45103084317826	0.001094894506914259
47.0	30.922657719151083	19.140665690773425	19.091871028580513	30.844257306863597	5.482546313809986E-4
48.0	29.276368168765067	19.32320464740862	19.2600605085574	32.14036667526891	0.0
49.0	27.42628333819186	19.912986562969238	20.945927364130885	31.71425271298216	5.500217258581715E-4
50.0	29.252165856940394	19.038585616834954	19.260823770107592	32.44842475611706	0.0
51.0	30.60135924803784	17.91892146382262	19.263214449903344	32.21595094743022	5.538908059665118E-4
52.0	28.387767931151497	18.367574002681398	21.13742441184488	32.10723365432223	0.0
53.0	30.278648496125072	18.587368903341883	19.740069620217803	31.393912980315246	0.0
54.0	30.201248198635167	18.79867890566736	19.597167161049025	31.402905734648446	0.0
55.0	29.036595313774576	19.24952884588338	18.945177350848077	32.76813591741442	5.62572079547692E-4
56.0	30.659421884433307	18.27840501943791	21.642376333711372	29.41979676241741	0.0
57.0	27.35016147550719	19.408733817100003	19.864598121115115	33.37650658627769	0.0
58.0	30.119313606514613	17.776252962992366	22.568077939458554	29.535221331276723	0.0011341597577434756
59.0	27.58650110632682	21.67774889509519	22.102646652294847	28.63253454071795	5.688055651936498E-4
60.0	30.362806219535194	19.44947627673617	20.10205889243816	30.085658611290476	0.0
61.0	29.36743614338803	20.598388291853578	19.93957530399021	30.091728364569992	0.0028718961981838128
62.0	30.543679223480467	16.04575918650335	22.286803790154842	31.123757799861334	0.0
63.0	25.773861830963785	20.75619933307339	25.18782771644562	28.28152915912543	5.819603917757357E-4
64.0	26.54540762160609	21.648317486758675	18.2258092897489	33.58046560188634	0.0
65.0	27.3729039126963	18.916393103244314	19.08910773962677	34.621003755951854	5.914884807618372E-4
66.0	27.292101988939095	18.654117478970587	19.187517487304962	34.860905232201645	0.005357812583715821
67.0	33.338327749575974	14.727934169598388	18.048222087705945	33.883118673323224	0.0023973197964675497
68.0	34.37014943543233	15.842590619959218	22.68557689381258	27.09985695589981	0.0018260948960647657
69.0	31.92816257154998	17.16387132251856	20.93946059439598	29.968505511535483	0.0
70.0	31.471444478729254	16.49740404352084	24.782999503615557	27.248151974134345	0.0
71.0	24.908980841213136	19.94747746902791	25.501564591628796	29.641977098130162	0.0
