# Position (bp)	A	C	G	T	N
0.0	35.034602076124564	17.26643598615917	20.986159169550174	26.71280276816609	0.0
1.0	23.907966438889368	27.59276879162702	24.098261396073003	24.401003373410603	0.0
2.0	30.840075744534346	22.086417627818903	17.920468238939577	29.15303838870718	0.0
3.0	31.75298462595551	18.94700678519282	21.008331186120415	28.291677402731253	0.0
4.0	34.051687129732976	17.060187172662488	18.24504164162445	30.64308405598008	0.0
5.0	28.621695846206656	21.54994850669413	18.40885684860968	31.41949879848953	0.0
6.0	27.286768491505065	24.32641153252102	20.190492534752018	28.196327441221896	0.0
7.0	34.14550446122169	19.73232669869595	17.68188057652711	28.440288263555253	0.0
8.0	33.6163279307092	18.651916645227683	17.41703112940571	30.314724294657402	0.0
9.0	28.620423561690817	22.369887678984824	18.477235702649402	30.532453056674957	0.0
10.0	26.08621132916274	16.136772645470906	19.804610506470137	37.97240551889622	0.0
11.0	24.963603665325	18.59210413633639	18.951785561359937	37.49250663697868	0.0
12.0	26.416224542187233	17.02892349820298	19.570426150949853	36.984425808659935	0.0
13.0	27.744528043775652	21.297879616963066	19.989740082079344	30.967852257181942	0.0
14.0	27.083155285873	18.024100504230407	25.579010340996494	29.313733868900094	0.0
15.0	29.24246306260142	19.104961995046548	20.838671107694935	30.813903834657104	0.0
16.0	25.467269778953654	19.347955961423573	19.689340274814374	35.4954339848084	0.0
17.0	28.327645051194537	21.27986348122867	19.334470989761094	31.058020477815703	0.0
18.0	25.89339019189765	19.113006396588485	19.96588486140725	35.02771855010661	0.0
19.0	26.954223851334074	24.891313613502685	18.60881425283437	29.545648282328873	0.0
20.0	26.984667802385008	18.722316865417376	18.407155025553664	35.88586030664395	0.0
21.0	26.649638143891018	18.18646232439336	20.783312047679864	34.38058748403576	0.0
22.0	27.868573374191353	18.352059925093634	23.910452843037113	29.868913857677903	0.0
23.0	26.85271845486259	19.246149919169575	19.271675316940357	34.62945630902748	0.0
24.0	33.50910018710665	16.091171968021772	18.88926688212281	31.510460962748766	0.0
25.0	29.00730919598844	17.661057283698796	22.106068332483428	31.22556518782934	0.0
26.0	33.83177570093458	16.745964316057773	17.35768903993203	32.064570943075616	0.0
27.0	26.909029134460205	18.04128089696764	16.724709080098528	38.324980888473625	0.0
28.0	27.138492871690428	21.809232858112697	15.665308893414801	35.38696537678207	0.0
29.0	29.66762760725793	15.14329319993217	15.965745294217399	39.22333389859251	0.0
30.0	28.24628450106157	17.426751592356688	21.171974522292995	33.15498938428875	0.0
31.0	29.665560377840183	15.190196579014554	18.432473832014296	36.71176921113097	0.0
32.0	27.925010651896038	17.75884107371112	17.22198551342139	37.09416276097146	0.0
33.0	29.12364536223227	22.928577523679493	17.13456779588702	30.813209318201213	0.0
34.0	29.652055261811363	16.118028313150266	19.802149070441754	34.427767354596625	0.0
35.0	26.752246469833118	22.447582370560546	18.091570389388103	32.708600770218226	0.0
36.0	28.012331934572238	15.963004196283293	18.50646570180697	37.5181981673375	0.0
37.0	33.87940646710695	18.174800583240415	18.66369328415816	29.282099665494464	0.0
38.0	32.56892553465602	19.977668985656617	16.533539465773426	30.91986601391394	0.0
39.0	35.72902338376892	17.769944979367263	15.405777166437415	31.095254470426408	0.0
40.0	27.48709122203098	23.580034423407916	18.562822719449226	30.370051635111878	0.0
41.0	27.176257441118107	15.83124838236563	25.53705461133638	31.455439565179883	0.0
42.0	34.94080027655345	16.86111831302394	18.555008210180624	29.643073200241982	0.0
43.0	33.89389736477115	18.793342579750348	17.69244105409154	29.620319001386964	0.0
44.0	29.589707927677328	23.061543810848402	15.698887343532682	31.649860917941584	0.0
45.0	31.935747345494146	17.179417369997278	17.787458027044195	33.09737725746438	0.0
46.0	30.578663497577473	16.546302221409633	19.25221683883353	33.62281744217936	0.0
47.0	31.019582605497842	17.615151236554198	18.975820538751496	32.38944561919647	0.0
48.0	27.51955821445007	18.44454670961804	17.413713759779107	36.62218131615278	0.0
49.0	28.435800534611484	17.762005714812425	19.845147018158354	33.95704673241774	0.0
50.0	28.29997232727608	21.381791347661654	18.273222027488238	32.04501429757403	0.0
51.0	29.842883548983362	19.048059149722736	17.939001848428834	33.170055452865064	0.0
52.0	28.43663274745606	17.80758556891767	19.63922294172063	34.11655874190564	0.0
53.0	29.90082491426453	19.649643155065345	20.011122439521735	30.438409491148395	0.0
54.0	27.406305217148702	23.630614712173347	18.525062773179577	30.43801729749837	0.0
55.0	29.120521172638437	18.082829222894368	18.939041414611445	33.857608189855746	0.0
56.0	27.88748137108793	18.852459016393443	19.95156482861401	33.30849478390462	0.0
57.0	30.51875349878709	18.231013248740435	19.182683336443365	32.06754991602911	0.0
58.0	31.455004205214465	18.05438744042613	18.988879543967855	31.501728810391555	0.0
59.0	27.60265643999626	19.88588532410439	20.67159292863156	31.839865307267797	0.0
60.0	29.4779267035336	17.349329834098793	19.805042646920988	33.367700815446625	0.0
61.0	30.64289066166119	17.21257625527921	20.45987799155326	31.684655091506336	0.0
62.0	29.234382339126352	19.98121183654298	19.81211836542978	30.972287458900894	0.0
63.0	32.36069277108434	17.43222891566265	19.973644578313255	30.23343373493976	0.0
64.0	27.003582877616445	18.35753347161984	22.930416745238542	31.708466905525174	0.0
65.0	31.63900414937759	18.48359109769898	19.33232742361373	30.545077329309695	0.0
66.0	29.113565562163696	17.32276031341452	20.957235910506938	32.60643821391485	0.0
67.0	29.298941798941797	18.282312925170068	19.93575207860922	32.482993197278915	0.0
68.0	26.718351139264442	19.844946582206674	20.1758532665217	33.260849012007185	0.0
69.0	27.58849138746924	20.537573348476247	20.594359265568805	31.279575998485708	0.0
70.0	27.619859768808038	20.077695660413113	20.219821868485884	32.082622702292966	0.0
71.0	28.931652289316524	18.58943975732297	20.134609915631813	32.3442980377287	0.0
72.0	27.905873422525858	19.11946104943543	21.330296992124488	31.644368535914225	0.0
73.0	28.19830943109507	18.092886313989933	21.4360338113781	32.2727704435369	0.0
74.0	29.892595760859237	17.773975857808193	21.1386750308906	31.19475335044197	0.0
75.0	29.53767123287671	17.884322678843226	21.993911719939117	30.584094368340942	0.0
76.0	29.29918110836031	18.53932584269663	19.462959436297847	32.69853361264521	0.0
77.0	28.31267874165872	19.32316491897045	18.875119161105815	33.489037178265015	0.0
78.0	28.887616867010113	18.603319977103606	19.194810150734593	33.31425300515169	0.0
79.0	29.166268742240476	20.198643873555536	18.21220513800019	32.4228822462038	0.0
80.0	29.521352823158498	17.378427438616605	21.19040794879144	31.909811789433455	0.0
81.0	25.968065780667366	17.94626637345827	20.623386557032223	35.46228128884215	0.0
82.0	29.601990049751244	17.5468809797168	20.752009184845004	32.09911978568695	0.0
83.0	29.248444231689803	18.49688846337961	21.80947821924366	30.44518908568693	0.0
84.0	28.27586206896552	17.164750957854405	20.7183908045977	33.84099616858238	0.0
85.0	30.522280785816964	17.105893627216098	21.07331097268807	31.298514614278872	0.0
86.0	29.58273381294964	17.179856115107913	21.04556354916067	32.19184652278177	0.0
87.0	32.318478678447946	17.374183634268153	21.49442950441798	28.812908182865925	0.0
88.0	31.715987701767872	19.081475787855496	17.448116833205226	31.75441967717141	0.0
89.0	31.80857197770517	17.38420142225639	17.69171631750913	33.11551028252931	0.0
90.0	30.145150437373836	17.331538979140632	18.456214553494185	34.06709602999135	0.0
91.0	29.369889369889368	19.586339586339584	17.594997594997594	33.44877344877345	0.0
92.0	29.22721585987874	17.572899624675202	18.371667789433165	34.8282167260129	0.0
93.0	33.10530879660853	17.227093168898737	18.97099913286444	30.696598901628285	0.0
94.0	31.11496913580247	16.473765432098766	19.483024691358025	32.92824074074074	0.0
95.0	30.038610038610038	16.3996138996139	20.405405405405403	33.156370656370655	0.0
96.0	30.13711857860178	16.38663576670529	19.949787562765547	33.52645809192739	0.0
97.0	29.88983378430615	17.684576729802863	20.467723231542326	31.957866254348666	0.0
98.0	31.415586927093404	19.90910848965384	18.56507445368401	30.11023012956875	0.0
99.0	30.036771821172824	19.01490226437004	20.379330365782852	30.568995548674277	0.0
100.0	32.33463035019455	15.554474708171206	18.861867704280154	33.249027237354085	0.0
101.0	32.40840254030288	19.062042012701514	18.720078163165606	29.809477283829995	0.0
102.0	32.27326266195524	17.157440125638004	19.326658814291324	31.24263839811543	0.0
103.0	29.59173635022135	19.675356615838663	19.212985735366452	31.51992129857354	0.0
104.0	28.320158102766797	18.01383399209486	19.436758893280633	34.22924901185771	0.0
105.0	30.583101943673146	16.92780642602142	19.793732645775485	32.695358984529946	0.0
106.0	32.0859872611465	18.64052547770701	17.9140127388535	31.359474522292995	0.0
107.0	29.78787272363418	18.641184710826497	18.411046627976784	33.15989593756254	0.0
108.0	33.06581059390048	17.857142857142858	17.45585874799358	31.621187800963078	0.0
109.0	29.53560995265438	17.03435076055203	20.902588898962428	32.527450387831166	0.0
110.0	26.796922453938045	19.13342781939664	20.469730714719578	33.59991901194574	0.0
111.0	31.008540056933715	18.117120780805205	19.469296461976413	31.405042700284667	0.0
112.0	27.8770550393138	18.73787399162667	20.545287450219547	32.83978351883999	0.0
113.0	29.183317962906035	19.141305461625166	17.522287119581925	34.15308945588688	0.0
114.0	31.804627249357324	16.11311053984576	19.34190231362468	32.74035989717224	0.0
115.0	26.19907168643631	20.247550283651368	19.082001031459512	34.47137699845281	0.0
116.0	28.984156570363467	18.370094232163197	18.649684166925546	33.99606503054779	0.0
117.0	29.214768590743628	19.084763390535624	20.551222048881957	31.149245969838795	0.0
118.0	30.13269250861979	16.832096959565355	21.60693762407272	31.428272907742137	0.0
119.0	24.813921794737396	19.33116678897159	24.28975783625118	31.565153580039834	0.0
120.0	25.98276224511247	21.137271389531218	20.937565692663444	31.942400672692873	0.0
121.0	30.81383090870757	18.23740248787687	19.049125026354627	31.899641577060933	0.0
122.0	27.016726656785938	17.753546474698283	20.791869574423036	34.43785729409274	0.0
123.0	30.021253985122208	17.12008501594049	18.65037194473964	34.208289054197664	0.0
124.0	31.680000000000003	17.066666666666666	20.458666666666666	30.794666666666664	0.0
125.0	28.38633686690224	17.96766249063069	18.556590641396294	35.08941000107078	0.0
126.0	30.625402965828496	18.46120782290995	18.912529550827422	32.00085966043413	0.0
127.0	29.643243243243244	17.762162162162163	20.81081081081081	31.783783783783782	0.0
128.0	29.66746359487068	18.289502282112586	20.321669202347316	31.72136492066942	0.0
129.0	31.260229132569556	18.276050190943806	18.24331696672122	32.220403709765414	0.0
130.0	29.3969298245614	18.92543859649123	18.344298245614034	33.33333333333333	0.0
131.0	29.99558888398765	19.24349360388178	20.202911336568153	30.55800617556242	0.0
132.0	29.697036954832985	17.156808345355675	21.429364110531573	31.71679058927977	0.0
133.0	29.41962793806394	19.394006906538934	19.527681853625932	31.658683301771195	0.0
134.0	27.076337586747258	20.942466980076112	19.006044325050368	32.97515110812626	0.0
135.0	28.981106612685558	16.32928475033738	21.367521367521366	33.32208726945569	0.0
136.0	27.372469177694832	17.59981902499717	20.51804094559439	34.50967085171361	0.0
137.0	29.951141915691398	17.270764685831157	18.86149301215771	33.916600386319736	0.0
138.0	29.578911331735707	18.7264635398836	18.338468560995093	33.3561565673856	0.0
139.0	30.63961485557084	17.767079321412197	18.91334250343879	32.67996331957818	0.0
140.0	29.068294368305885	19.060232638489	20.718645629390764	31.15282736381435	0.0
141.0	29.660918875130193	18.076611503298228	19.15287582455734	33.109593797014234	0.0
142.0	31.99767035527082	17.55387303436226	17.88002329644729	32.56843331391963	0.0
143.0	32.76710402999063	20.32567947516401	18.193533270852857	28.713683223992504	0.0
144.0	31.22566945853486	18.379143564940428	16.904565294325824	33.49062168219889	0.0
145.0	29.245171228818577	18.97144211399455	18.746296954615477	33.03708970257139	0.0
146.0	28.56632531555132	20.040485829959515	17.432722076684925	33.960466777804236	0.0
147.0	29.32934131736527	18.179640718562876	16.982035928143713	35.50898203592814	0.0
148.0	28.437274259571392	17.818444497953287	20.479171683120637	33.265109559354684	0.0
149.0	29.253514299563744	19.413475521085797	18.698497333979642	32.634512845370814	0.0
150.0	28.357482040667236	17.131377085108973	19.749178132229392	34.7619627419944	0.0
151.0	28.894872108677028	19.079672010769798	20.462611675437522	31.562844205115653	0.0
152.0	29.975369458128075	18.472906403940886	17.881773399014776	33.669950738916256	0.0
153.0	30.62438057482656	19.202180376610507	19.425173439048564	30.74826560951437	0.0
154.0	30.85742771684945	17.622133599202392	19.441674975074775	32.07876370887338	0.0
155.0	28.942416258938653	20.775310500564547	18.06548739179526	32.21678584870155	0.0
156.0	31.37600806451613	17.477318548387096	18.787802419354836	32.358870967741936	0.0
157.0	30.093884800811978	18.865770109109363	19.906115199188022	31.134229890890637	0.0
158.0	27.128813992084773	21.907315204902336	19.047619047619047	31.916251755393848	0.0
159.0	32.86264441591784	15.648267008985881	19.191270860077022	32.29781771501926	0.0
160.0	28.131046046691605	18.328389010705536	21.230491422675094	32.31007351992777	0.0
161.0	29.7012987012987	17.0	20.467532467532468	32.83116883116883	0.0
162.0	30.672926447574334	18.192488262910796	20.8528951486698	30.28169014084507	0.0
163.0	28.490813648293962	17.755905511811022	19.120734908136484	34.63254593175853	0.0
164.0	28.228465901596095	17.58343226487271	19.75992613111727	34.42817570241393	0.0
165.0	28.616936554287232	17.095832227236528	21.34324396071144	32.9439872577648	0.0
166.0	26.378896882494008	19.624300559552356	21.38289368505196	32.61390887290168	0.0
167.0	27.60374832663989	17.55020080321285	21.512717536813923	33.33333333333333	0.0
168.0	29.06350914962325	18.31270182992465	19.13347685683531	33.49031216361679	0.0
169.0	27.90949735808156	18.479880774962744	20.620512125728222	32.99010974122748	0.0
170.0	28.780021834061138	17.767467248908297	18.286026200873362	35.16648471615721	0.0
171.0	31.067694001100715	16.579526692350026	17.652724270776005	34.700055035773254	0.0
172.0	27.313019390581715	19.376731301939056	18.019390581717452	35.29085872576177	0.0
173.0	28.384401114206128	17.479108635097493	19.526462395543177	34.610027855153206	0.0
174.0	30.93736864228668	19.56003923217038	18.46714305730699	31.035449068235955	0.0
175.0	28.86408589997174	17.32127719694829	21.347838372421588	32.46679853065838	0.0
176.0	28.891106043329533	16.904218928164198	18.557582668187	35.64709236031927	0.0
177.0	27.87896170945074	19.0592284526029	20.622400688369424	32.43940914957694	0.0
178.0	26.45739910313901	20.425285693620715	20.04918269926226	33.06813250397801	0.0
179.0	27.910709074992706	18.470965859352205	20.79077910709075	32.82754595856434	0.0
180.0	29.696702002355714	16.578327444051826	19.154888103651356	34.57008244994111	0.0
181.0	29.229169760879252	18.96628545967622	18.25337888014258	33.55116589930194	0.0
182.0	30.02247191011236	18.15730337078652	19.325842696629213	32.49438202247191	0.0
183.0	29.37622715601873	20.646428032019333	19.57408246488446	30.40326234707748	0.0
184.0	31.534954407294833	19.28571428571429	18.03951367781155	31.139817629179333	0.0
185.0	29.16028194912657	19.889672080907143	20.717131474103585	30.2329144958627	0.0
186.0	29.720549637177708	18.527095877721166	20.28716998610468	31.46518449899645	0.0
187.0	30.244510200903285	21.694440118361626	17.146861859523437	30.914187821211648	0.0
188.0	30.62539283469516	18.526084223758644	18.101822752985544	32.74670018856065	0.0
189.0	30.04754358161648	17.733755942947703	20.28526148969889	31.933438985736924	0.0
190.0	30.993778912107196	18.902536289679375	17.546658159196042	32.55702663901739	0.0
191.0	29.336981010621177	18.699710331509493	18.538783392339877	33.42452526552945	0.0
192.0	32.55851755526658	18.774382314694407	18.02665799739922	30.640442132639794	0.0
193.0	31.637676403019366	18.116179849031834	19.560223170331472	30.685920577617328	0.0
194.0	29.024793388429753	18.99173553719008	20.94214876033058	31.041322314049584	0.0
195.0	29.07054496823805	20.060180541624874	19.04045469742561	31.828819792711467	0.0
196.0	29.63212959838002	19.4566317921026	18.89976375295309	32.01147485656429	0.0
197.0	28.603294440631434	19.646533973919013	20.607412491420725	31.142759094028825	0.0
198.0	28.47924659923265	22.18346703871643	19.148936170212767	30.188350191838158	0.0
199.0	29.08050221565731	21.214918759231903	18.796159527326438	30.908419497784344	0.0
200.0	23.923967664409002	18.789600174786976	23.00633602796592	34.2800961328381	0.0
201.0	31.76032288109283	17.137534927041294	18.93821794473766	32.16392424712822	0.0
202.0	30.6436420722135	18.335949764521192	20.0	31.020408163265305	0.0
203.0	28.322232794164286	20.04440215667618	20.520139549635267	31.113225499524262	0.0
204.0	31.89517417705337	18.376478108021733	22.56311920741451	27.165228507510385	0.0
205.0	29.413659793814436	17.622422680412374	24.452319587628864	28.511597938144327	0.0
206.0	29.442451907401367	21.584610368438213	20.443430061949787	28.52950766221063	0.0
207.0	28.854407395179926	19.874546054803567	19.412347309343016	31.858699240673488	0.0
208.0	27.601204416192704	16.76145868183339	23.251923720307797	32.38541318166611	0.0
209.0	26.27490712597095	20.060790273556233	19.8919284025667	33.77237419790611	0.0
210.0	29.014660756904192	16.774633481077394	20.52505966587112	33.68564609614729	0.0
211.0	29.88663689453796	18.61903126073514	21.916867055994505	29.577464788732392	0.0
212.0	26.260869565217394	16.591304347826085	23.68695652173913	33.46086956521739	0.0
213.0	29.376541035575908	20.711518140190208	17.75272983444875	32.15921098978514	0.0
214.0	30.70050035739814	21.694067190850607	20.26447462473195	27.340957827019302	0.0
215.0	27.259528130671505	20.399274047186932	18.620689655172416	33.72050816696915	0.0
216.0	31.831610044313148	17.614475627769572	21.270310192023633	29.283604135893647	0.0
217.0	25.67669172932331	19.924812030075188	24.62406015037594	29.774436090225564	0.0
218.0	26.622619510299263	19.898950641274777	19.58802953750486	33.8904003109211	0.0
219.0	22.59718069201196	22.383596753524134	24.391285775309697	30.627936779154208	0.0
220.0	13.84514435695538	23.818897637795274	21.981627296587927	40.354330708661415	0.0
