# Position (bp)	A	C	G	T	N
0.0	47.735892870965245	9.30799597492066	22.780400959826615	20.160229119900922	0.015481074386562429
1.0	43.55481599009327	15.692117178127782	15.742424828760496	25.006772183739017	0.0038698192794396503
2.0	43.43876177658142	15.21982951996411	19.73979362943024	21.601615074024227	0.0
3.0	42.48854245606438	15.510086247338602	20.035365017502073	21.966006279094945	0.0
4.0	41.17831291759465	17.36845768374165	18.08184855233853	23.371380846325167	0.0
5.0	38.678357857958744	18.521131492306658	19.25351071692535	23.543640395081635	0.003359537727608681
6.0	34.02323538025969	18.75427120960656	19.108984997884733	28.113508412249015	0.0
7.0	35.913917509531466	17.263761540158175	21.586791442165296	25.235529508145067	0.0
8.0	35.61498300145702	17.408329286061193	18.9108790675085	28.065808644973288	0.0
9.0	38.74841412681085	18.791490868320892	19.803499247632256	22.656595757236005	0.0
10.0	36.289701224210255	19.085123990525926	20.061067830950545	24.56410695431327	0.0
11.0	34.75624811390634	20.361581300924527	19.68121587885106	25.20095470631807	0.0
12.0	35.92583738412091	19.969718702685473	18.55924774882461	25.545196164369006	0.0
13.0	36.692319611590314	18.50369299106451	21.70084189866226	23.10314549868292	0.0
14.0	36.41725396111361	17.74878792422652	22.29219773079422	23.541760383865647	0.0
15.0	33.17352153808712	19.471890971039183	21.783889024093455	25.57069846678024	0.0
16.0	30.63364410599483	19.97722582022632	23.139515574217732	26.249614499561126	0.0
17.0	32.11060292990969	19.076915933415364	22.136837461983145	26.675643674691802	0.0
18.0	31.650232474562568	17.605175085914514	23.06551964241594	27.679072797106986	0.0
19.0	28.99120675180063	18.26918828156069	23.799213468251512	28.940391498387168	0.0
20.0	30.379996062216975	16.97622016582442	22.725383386930936	29.91840038502767	0.0
21.0	32.60396255170912	17.45699978227738	22.612671456564335	27.32636620944916	0.0
22.0	31.876126566334396	17.097747953178274	23.673637804851563	27.35248767563576	0.0
23.0	29.45843992542167	17.087976412435502	22.139357412305426	31.3142262498374	0.0
24.0	30.968742594946253	14.814415889360419	25.07054996660994	29.146291549083386	0.0
25.0	32.35306809355312	16.458099594373003	25.332268922067836	25.856563390006045	0.0
26.0	32.32907458563536	16.904782458563535	22.71667817679558	28.049464779005522	0.0
27.0	31.932335718932986	15.738451528952504	22.942962481023642	29.38625027109087	0.0
28.0	34.06684207093	15.112309465306922	23.668703385592206	27.152145078170868	0.0
29.0	33.85145681581685	15.170828997571972	23.382761012833853	27.594953173777313	0.0
30.0	31.142033508897416	15.438801829334373	24.455426230574158	28.963738431194052	0.0
31.0	30.054751238936138	17.35159817351598	26.079335194442642	26.514315393105235	0.0
32.0	30.164957839290746	16.52396332343442	23.282682678343054	30.028396158931788	0.0
33.0	28.529192714798345	16.29917172583448	26.376131260014894	28.795504299352277	0.0
34.0	30.448229595433563	15.659609305710323	24.794760421167535	29.097400677688583	0.0
35.0	28.361722753081292	18.31925402760467	24.742648755943314	28.576374463370723	0.0
36.0	29.447296889157354	16.362707060381478	25.45593940942778	28.734056641033384	0.0
37.0	31.289955134016783	15.551991073296604	24.41592858637283	28.742125206313784	0.0
38.0	28.86854853735793	18.716228805664244	22.477641140301845	29.937581516675984	0.0
39.0	31.013428157020538	18.22392738501848	22.586908716605063	28.17573574135592	0.0
40.0	29.248947122133835	18.72952737482452	23.773982218062706	28.247543284978942	0.0
41.0	29.79039139306251	16.08004080875533	24.482934520497125	29.64663327768503	0.0
42.0	28.518328034411823	18.290630259958856	24.754535253413128	28.436506452216197	0.0
43.0	29.03626311844078	20.23285232383808	23.63193403298351	27.09895052473763	0.0
44.0	32.13682432432432	17.53003003003003	21.973536036036037	28.35960960960961	0.0
45.0	30.570351166627386	17.492340325241575	22.778694320056562	29.158614188074477	0.0
46.0	28.372816463268723	18.87054319215123	25.269203158650395	27.487437185929647	0.0
47.0	29.750428837186828	19.393104781232633	22.777898576985333	28.0785678045952	0.0
48.0	29.79008051373112	20.36681180219406	22.93060251514193	26.91250516893289	0.0
49.0	29.297814938142576	17.371120239165837	24.696789247259556	28.634275575432028	0.0
50.0	29.21472122236098	18.22522588701976	22.525037341756654	30.03501554886261	0.0
51.0	30.244609263716292	18.441475514514465	23.041406748857998	28.272508472911245	0.0
52.0	29.189135704744473	19.19061989808539	23.319151041408993	28.301093355761143	0.0
53.0	29.912125662791567	17.151676582609348	24.136815115381744	28.799382639217345	0.0
54.0	29.42712218409667	17.333034959470883	24.421900641503804	28.81794221492864	0.0
55.0	30.062133587212507	18.830485543919426	24.625444706118156	26.479430776168762	0.002505386581149471
56.0	28.320361536530253	18.724579462716544	25.777052473010293	27.17800652774291	0.0
57.0	27.670394170925466	17.239285533572836	26.1751758336285	28.915144461873197	0.0
58.0	26.567937612721316	17.21746640587294	23.148830238524653	33.06576574288109	0.0
59.0	24.78577659192365	18.179485863820616	25.935142901123708	31.099594643132022	0.0
60.0	26.81621732866845	16.407697057007613	24.39802428483227	32.378061329491665	0.0
61.0	27.239327296248383	17.257438551099614	25.699870633893916	29.803363518758086	0.0
62.0	28.26098231419532	17.898449250557544	23.870649862558995	29.969918572688137	0.0
63.0	27.59078139631672	18.023618770159192	24.763292061179897	29.622307772344186	0.0
64.0	25.205788287107428	17.744979814397315	28.8496827976721	28.199549100823152	0.0
65.0	27.875089165411747	17.243930147155954	23.507965443449315	31.373015243982987	0.0
66.0	28.415807469055633	16.626467703888256	27.09321741896154	27.864507408094568	0.0
67.0	30.47568710359408	16.183932346723047	25.36733615221987	27.973044397463003	0.0
68.0	31.078683227839722	16.56293863714611	23.6049683519161	28.75340978309807	0.0
69.0	31.895219314608536	17.638437350103928	23.26387038320098	27.202472952086552	0.0
70.0	32.09424223785201	16.505763110742652	22.728852993875858	28.668467360201106	0.002674297328376969
71.0	28.280573411150854	19.17915064145666	24.24894435329873	28.28864204835803	0.002689545735725236
72.0	30.567215584974704	14.274566785060811	24.173931761920137	30.984285868044342	0.0
73.0	29.339635381498987	16.991222147197842	24.083727211343685	29.585415259959486	0.0
74.0	30.695848892038484	20.823680122107444	22.90332252173676	25.574422851535882	0.002725612581427676
75.0	33.56951359632325	18.619029381189474	21.95108606445259	25.86037095803469	0.0
76.0	33.43421559456337	17.17658064161118	25.056402355142243	24.33280140868321	0.0
77.0	35.0336756100254	15.937948548084355	23.721982996577236	25.30639284531302	0.0
78.0	33.91749422793402	18.067261954435452	21.30240062310495	26.712843194525576	0.0
79.0	29.56923076923077	18.45034965034965	25.412587412587413	26.565034965034968	0.002797202797202797
80.0	29.753294084664983	17.089991589571067	22.301654051023267	30.85506027474068	0.0
81.0	31.297236322617035	18.53637901861252	24.038353073886068	26.128031584884376	0.0
82.0	29.484092132475848	20.304841771255347	24.152194237470606	26.0588718587982	0.0
83.0	31.0599157079394	18.074382048069257	23.3198541975168	27.545848046474543	0.0
84.0	34.0628764844243	16.45631346451724	23.29757328896793	26.180368309333947	0.002868452756583099
85.0	31.213026247774394	17.69283786112228	25.377634828556662	25.716501062546666	0.0
86.0	30.04835367257656	16.87485609026019	27.786092562744646	25.290697674418606	0.0
87.0	31.771329579904723	17.303305904431934	24.818824888118954	26.103652374765414	0.0028872527789808
88.0	31.13959531665158	18.383018482291455	23.907267365470524	26.57011883558644	0.0
89.0	31.232251075914164	17.77673683286003	24.656732148607897	26.33135228503674	0.0029276575811693064
90.0	28.420897718910965	20.462104488594555	23.567328918322296	27.546725533480497	0.0029433406916850625
91.0	33.09067234848485	16.761363636363637	22.114701704545457	28.033262310606062	0.0
92.0	31.19679818404468	16.39735969654431	24.858875182939578	27.546966936471435	0.0
93.0	30.6215062811805	17.608342850273488	25.010518723327525	26.75662679569634	0.003005349522149426
94.0	33.43210473800381	16.430320805490883	23.995404106068392	26.136123121579537	0.006047228857376107
95.0	32.750387785516594	16.37215243772621	22.956902582195323	27.91751573952979	0.0030414550320873508
96.0	32.75226282266175	17.298022125377138	24.386676012556	25.563039039405115	0.0
97.0	31.100595328957407	19.685544191726454	24.674095557930087	24.53976492138605	0.0
98.0	31.069750299456373	18.802788783439293	22.589760127768052	27.537700789336284	0.0
99.0	33.44752029133105	16.523161435669536	20.44255161559115	29.586766657408266	0.0
100.0	33.81815931175342	17.784861050937675	21.22609395308535	27.170885684223556	0.0
101.0	33.97596317236692	16.569345320851482	22.229431210801124	27.225260295980476	0.0
102.0	35.34912525158693	17.030500077411364	20.718377457810806	26.9019972131909	0.0
103.0	31.187565924179438	19.141279394428242	22.153626605447663	27.517528075944654	0.0
104.0	30.86446568201564	21.44718877994291	22.322204294402383	25.366141243639074	0.0
105.0	31.375901517035565	19.264486446157672	21.766973389704052	27.592638647102714	0.0
106.0	29.50359913994578	16.50618553488517	24.791997756380294	29.19821756878876	0.0
107.0	30.681391565511202	20.87035414841697	21.54924289826054	26.895882868226757	0.0031285195845325987
108.0	34.315993497561585	16.102913592597222	23.133675128173063	26.447417781668126	0.0
109.0	35.026335590669675	16.669801856032105	21.761349385502886	26.542513167795335	0.0
110.0	33.4020618556701	17.60074976569822	22.308653545766948	26.68853483286473	0.0
111.0	32.08502342546301	18.410212872999402	22.249473320127034	27.255290381410557	0.0
112.0	33.214892145148106	17.083831205584556	23.67461165964405	26.026664989623292	0.0
113.0	32.44624161494577	16.45664848598834	24.343301360416277	26.74753933922638	0.006269199423233653
114.0	28.31542351453856	17.806573957016436	24.12136536030341	29.75663716814159	0.0
115.0	32.35958631662689	18.243436754176614	23.392203659506762	26.004773269689736	0.0
116.0	31.89419469701787	15.594201055509632	24.715457493482546	27.79614675398995	0.0
117.0	31.592071611253196	16.614450127877237	23.312020460358056	28.48145780051151	0.0
118.0	31.74414112799382	16.13765130054082	22.521246458923514	29.593741952098895	0.0032191604429564775
119.0	33.17616663975456	15.000807363151946	20.539318585499757	31.283707411593735	0.0
120.0	35.60574150277031	15.15406797783754	23.26734277289959	25.972847746492565	0.0
121.0	34.17791331430055	16.104334284972747	21.282117830262134	28.435634570464575	0.0
122.0	34.491718090289055	17.849951282884053	20.977590126664502	26.674244884702823	0.006495615459564794
123.0	33.977891544657126	16.176998076107868	22.503016271562267	27.342094107672743	0.0
124.0	30.226526592252135	15.827314510833881	24.42547603414314	29.520682862770848	0.0
125.0	29.410008954332902	16.044837992902863	20.973037508705602	33.56879912446523	0.003316419593406958
126.0	28.549949883060478	16.859338456398262	22.83327764784497	31.75743401269629	0.0
127.0	32.46840775063185	17.358045492839093	23.82476832350463	26.348778433024435	0.0
128.0	32.60795878245543	19.03938716019253	21.862924547488305	26.489729509863736	0.0
129.0	34.718927282104175	16.802475502836515	21.83599793708097	26.63916107959429	0.003438198384046759
130.0	34.28162524434516	16.248952806478638	24.413571628036863	25.055850321139346	0.0
131.0	36.30677375790746	16.308906105622288	22.65974838296965	24.724571753500605	0.0
132.0	35.70056189958311	16.208084103679536	22.46510784846837	25.62624614826899	0.0
133.0	31.656355351387393	17.1118438113585	26.32534360760197	24.90275256547994	0.0037046641721927907
134.0	38.15550166717187	16.489845407699303	20.8737496210973	24.480903304031525	0.0
135.0	36.27736942402676	17.461984210321628	24.24843464395442	22.012211721697195	0.0
136.0	32.44020285109612	18.412330791039413	23.85097632072835	25.296490037136127	0.0
137.0	34.2460138541624	16.932409722506865	22.724105422797887	26.097471000532853	0.0
138.0	32.91912384161753	17.683235046335298	24.385004212299915	25.01263689974726	0.0
139.0	34.553548275564005	19.470135707494165	24.19396663497277	21.782349381969055	0.0
140.0	32.2148840920172	18.057710207880856	24.865919063871285	24.861486636230666	0.0
141.0	30.47714900041173	20.07411135001601	25.820028363603093	23.628711285969167	0.0
142.0	36.05432586117769	19.046947694910475	21.838432257154942	23.060294186756895	0.0
143.0	36.315306171765506	16.69324827219564	24.793388429752067	22.19805712628679	0.0
144.0	31.868901676257195	18.894170627970976	23.387540655491616	25.84938704028021	0.0
145.0	33.76609994848017	17.042761463163316	19.66512107161257	29.526017516743945	0.0
146.0	31.242916509255764	18.101354633277563	23.007177937287494	27.643153974850236	0.005396945328943818
147.0	32.7972626176219	16.703735386370116	24.265754205873964	26.22754491017964	0.00570287995437696
148.0	30.04532292584666	20.81707163540224	21.994208737252926	27.13710185068614	0.006294850812035755
149.0	31.653099561678143	22.260488415779587	14.441139636819036	31.6296180338134	0.015654351909830933
150.0	36.337745015915566	12.832970346791758	14.809850896297538	35.96917406600771	0.050259674987435075
