# Position (bp)	A	C	G	T	N
0.0	25.810792225243418	24.039014717996196	23.905456860501	26.24473619625939	0.0
1.0	25.846968802319108	19.71138439557075	15.75614343303275	38.68550336907738	0.0
2.0	28.012752771130984	18.885197654152513	18.552082723913546	34.54996685080295	0.0
3.0	22.88556967397565	22.104904473303126	15.178713702847807	39.83081214987342	0.0
4.0	33.65871140800588	13.500442372601599	14.618386476173617	38.222459743218906	0.0
5.0	35.188349444395655	14.872878161823506	22.60347786014422	27.335294533636617	0.0
6.0	30.5922776480631	17.428323398074973	20.762243758194053	31.21715519566788	0.0
7.0	34.30472829191621	17.416297929336675	19.957615565191688	28.321358213555424	0.0
8.0	22.029007412176437	27.306896276058133	22.225620911959872	28.43847539980555	0.0
9.0	27.797861778407523	18.33378874048951	15.503558732515597	38.364790748587374	0.0
10.0	25.795349251958534	16.34484614928075	25.314544202194174	32.54526039656655	0.0
11.0	27.889237856292155	17.67636083283462	19.28009016576011	35.15431114511312	0.0
12.0	26.204681443098988	19.03849286490474	21.511183734494747	33.245641957501526	0.0
13.0	25.69719306326669	20.908929221374212	18.744956806905844	34.64892090845325	0.0
14.0	30.46359153348719	17.99835781442254	20.774113808919576	30.763936843170697	0.0
15.0	29.740616078945358	18.125324617232145	19.86354881296093	32.27051049086157	0.0
16.0	29.61588341006936	17.895043690431798	18.473995215262203	34.01507768423664	0.0
17.0	30.04867400751271	17.946710466052966	19.601718029567692	32.40289749686663	0.0
18.0	30.126237309512156	17.631221613749908	18.719594529946477	33.52294654679146	0.0
19.0	29.80520197687827	17.94018290951651	19.535509956126464	32.71910515747876	0.0
20.0	29.66937634734061	17.596679960411148	19.86263573213589	32.871307960112354	0.0
21.0	28.7505839103308	18.33148661117531	19.444201873622426	33.47372760487146	0.0
22.0	29.501515179920148	18.97857922098081	22.410500351778957	29.109405247320087	0.0
23.0	29.68992066590402	20.30174018634814	21.01271931302907	28.995619834718774	0.0
24.0	31.706003127593235	19.640621100889895	18.30266628343175	30.35070948808512	0.0
25.0	28.941680070660798	20.972767170120655	19.17235634203114	30.913196417187404	0.0
26.0	32.46148037405619	16.388285483850755	21.269227029484835	29.88100711260822	0.0
27.0	26.135355295776506	21.11406157098276	25.01554908649663	27.735034046744104	0.0
28.0	26.120658579943672	19.37270958774692	18.090064155584308	36.416567676725094	0.0
29.0	27.906615532845315	19.617259830844976	17.211486129379473	35.26463850693023	0.0
30.0	26.14825980480661	19.336239701287326	16.486067410852854	38.029433083053206	0.0
31.0	33.75986210158282	14.223744872293478	17.52486412432746	34.49152890179624	0.0
32.0	34.505448060875196	15.497257424688629	22.140454250042353	27.856840264393824	0.0
33.0	30.633869783453903	17.74556535904442	20.90548527269882	30.71507958480285	0.0
34.0	33.077130171080164	16.46634493619386	20.989626207647856	29.466898685078117	0.0
35.0	25.35343416475715	20.35155099453021	25.61233540287917	28.682679437833475	0.0
