# Position (bp)	A	C	G	T	N
0.0	30.39861220148403	17.804593916985336	20.43077468533948	31.366019196191154	0.0
1.0	29.990883075442547	15.792539316737153	16.30410008357181	37.91247752424849	0.0
2.0	31.003355067417864	21.757295689054885	16.63607013989998	30.603279103627273	0.0
3.0	22.1075818764163	25.471256219062933	16.023344431644112	36.39781747287666	0.0
4.0	31.6127889021087	15.524137407285524	18.61504189555224	34.24803179505354	0.0
5.0	33.312239758014506	11.625934972726007	23.197448521129434	31.864376748130052	0.0
6.0	33.48900194902169	14.921406333054902	24.198243349279874	27.39134836864353	0.0
7.0	34.89887867972764	22.330219961019566	17.04887741412914	25.722023945123652	0.0
8.0	23.969170020502695	32.2993393575822	18.951071961930797	24.780418659984306	0.0
9.0	28.191206621611357	19.44212418052497	12.490191611613131	39.87647758625054	0.0
10.0	31.40709241400258	13.717822158098564	25.734679930138967	29.140405497759893	0.0
11.0	36.16827397676361	20.601412407927707	17.148859695750122	26.081453919558562	0.0
12.0	25.505606601361784	19.93191080061761	13.531779178373451	41.03070341964715	0.0
13.0	20.67608271951806	26.969904067633582	22.142911382792924	30.21110183005543	0.0
14.0	35.896170298934365	18.61315716202192	17.448806540613056	28.04186599843066	0.0
15.0	29.730174399473512	16.585668362568658	16.435062140886426	37.249095097071404	0.0
16.0	34.436935226668695	17.724707013946894	17.180499658288404	30.657858101096007	0.0
17.0	31.917128610119725	19.724352646366466	17.375401827524236	30.983116915989573	0.0
18.0	36.05690130862885	18.577720403979043	17.770268560002027	27.59510972739008	0.0
19.0	34.35340572556762	18.281570354620698	16.413546966360393	30.951476953451284	0.0
20.0	30.581922191004125	18.366365454223303	18.36509985572177	32.686612499050796	0.0
21.0	29.35935403852482	19.391500240463717	18.61315716202192	32.635988558989546	0.0
22.0	26.943326499101428	15.750373351557952	21.739185460804414	35.56711468853621	0.0
23.0	24.917103298149694	22.485888576707925	23.194623737565497	29.402384387576884	0.0
24.0	36.909914698661	21.586048042119117	13.68744779406181	27.816589465158074	0.0
25.0	29.661832080390816	21.153213354595387	16.307236692231754	32.877717872782036	0.0
26.0	30.212367428556963	16.697041030703417	21.648062368694156	31.442529172045457	0.0
27.0	28.70630521173463	21.783481408358014	23.13514060799352	26.37507277191384	0.0
28.0	22.83266256612752	21.416457842913914	18.375224643734022	37.37565494722454	0.0
29.0	31.36153086794745	17.32477788746298	18.53089325942238	32.782797985167186	0.0
30.0	25.585140103968556	16.94307087612527	19.9974641815646	37.47432483834158	0.0
31.0	28.198257689279455	17.407868336169457	18.404744367967897	35.98912960658319	0.0
32.0	34.836694993344935	17.825330193508755	18.594501894133305	28.743472919013	0.0
33.0	30.797749771501397	17.928450972567294	19.574928232128837	31.69887102380247	0.0
34.0	26.71765366264384	13.07746281223688	28.784731967443168	31.420151557676117	0.0
35.0	30.761093774792403	18.146718146718147	22.76758167169126	28.324606406798186	0.0
