# Position (bp)	A	C	G	T	N
0.0	57.072821979368804	9.896844040445307	15.524461239914206	17.505872740271677	0.0
1.0	15.448233612415766	56.452930365529916	12.650602409638553	15.448233612415766	0.0
2.0	18.79508279995936	50.98039215686274	11.18561414202987	19.038910901148025	0.0
3.0	55.61296859169199	11.965552178318136	12.847011144883485	19.574468085106382	0.0
4.0	56.915916219771326	13.285439643832845	12.050996660932915	17.747647475462916	0.0
5.0	17.190182809817188	50.85344914655086	11.978588021411978	19.977780022219978	0.0
6.0	18.39903216050005	52.3238229660248	11.271297509829619	18.00584736364553	0.0
7.0	58.43828715365239	11.365239294710328	12.75566750629723	17.44080604534005	0.0
8.0	55.448234228795656	14.377703994365632	13.2608914377704	16.913170339068316	0.0
9.0	17.876870543336345	49.81420106457769	12.584111680224968	19.724816711861003	0.0
10.0	18.814562230468358	9.447397452612577	11.65379600842443	60.08424430849464	0.0
11.0	15.255423372988103	14.695591322603219	11.446566030190942	58.60241927421773	0.0
12.0	16.68657905217045	11.519315013938671	12.664277180406213	59.129828753484674	0.0
13.0	16.864843440348793	50.317082837891405	11.741973840665874	21.076099881093935	0.0
14.0	18.36272288444488	11.545660526056546	51.74859619741897	18.3430203920796	0.0
15.0	53.261081819957035	12.536613942589339	15.875805506736965	18.326498730716658	0.0
16.0	15.48267808485792	15.044764499805371	13.137407551576489	56.335149863760215	0.0
17.0	18.665377176015475	49.26499032882012	11.644100580270793	20.425531914893615	0.0
18.0	16.493155966840177	12.010796221322536	14.989396568343938	56.506651243493344	0.0
19.0	19.00096061479347	50.32660902977906	12.17098943323727	18.501440922190202	0.0
20.0	18.353885861772298	13.908804129624318	11.155721250358475	56.581588758244905	0.0
21.0	16.780952380952378	12.695238095238096	14.695238095238095	55.82857142857143	0.0
22.0	17.734271051130964	11.670785021858961	49.220680478996385	21.374263448013686	0.0
23.0	17.16672996581846	13.777060387390808	13.947968097227498	55.10824154956323	0.0
24.0	54.677281774239404	11.363851767604967	13.714339872997819	20.244526585157804	0.0
25.0	18.91380452266061	11.902734411959504	46.87293026776422	22.31053079761567	0.0
26.0	55.37705537705537	10.763560763560763	11.264411264411264	22.594972594972596	0.0
27.0	15.375897242160939	16.06535700793351	12.108046845485456	56.45069890442009	0.0
28.0	16.67924528301887	49.0377358490566	11.330188679245284	22.952830188679247	0.0
29.0	19.16478129713424	9.95475113122172	11.519607843137255	59.36085972850679	0.0
30.0	20.0057598156859	11.855620620140156	47.68167418642603	20.45694537774791	0.0
31.0	19.506769825918763	12.311411992263057	10.551257253384913	57.63056092843327	0.0
32.0	18.89355879190695	11.62154237122471	11.445606490079172	58.039292346789175	0.0
33.0	19.190331138842488	50.103173823327104	12.81320624938587	17.89328878844453	0.0
34.0	20.90067008277493	11.815135987386677	11.627906976744185	55.6562869530942	0.0
35.0	17.268957345971565	48.90402843601896	11.798973143759873	22.028041074249604	0.0
36.0	18.347533188032493	12.126015454725579	11.868436695066375	57.658014662175546	0.0
37.0	54.26325738732465	14.446323748880708	12.436573475276091	18.853845388518558	0.0
38.0	56.259984025559106	13.797923322683706	9.83426517571885	20.107827476038338	0.0
39.0	56.08634819108534	12.752348590845491	9.444333399960025	21.716969818109135	0.0
40.0	17.30152365677626	50.07016840417001	12.048917401764234	20.579390537289495	0.0
41.0	16.9616368286445	10.168797953964194	52.76726342710998	20.10230179028133	0.0
42.0	58.071472581638936	11.891558841651264	12.0866707742863	17.950297802423496	0.0
43.0	58.618550305035676	12.459931754730638	10.588356943439148	18.33316099679454	0.0
44.0	18.484848484848484	50.58516196447231	10.052246603970742	20.877742946708462	0.0
45.0	27.640329874966746	11.585528065974994	13.381218409151371	47.39292364990689	0.0
46.0	27.647058823529413	17.99019607843137	19.983660130718956	34.37908496732026	0.0
47.0	29.70383275261324	19.006968641114984	18.83275261324042	32.45644599303136	0.0
48.0	26.739092342736992	20.06308042754512	19.887857017697563	33.309970212020325	0.0
49.0	28.380516968524706	20.06330226833128	19.869878670652366	31.686302092491648	0.0
50.0	26.286017323669792	23.70514406929468	18.3843026339049	31.624535973130634	0.0
51.0	29.26050718212449	18.03511260861855	16.900159602766447	35.80422060649051	0.0
52.0	28.510487024528974	16.9925346605048	20.405261286882332	34.0917170280839	0.0
53.0	31.056011416339636	17.516946129147343	22.172672136996074	29.254370317516948	0.0
54.0	29.304755043227665	24.261527377521613	18.551873198847264	27.881844380403457	0.0
55.0	32.07002346146905	17.975094748240387	19.003789929615593	30.951091860674968	0.0
56.0	26.37402503174315	20.62397968438237	20.116089243606023	32.88590604026846	0.0
57.0	30.763609791742784	16.989404457435146	20.496894409937887	31.75009134088418	0.0
58.0	28.53456221198157	19.336405529953918	19.336405529953918	32.7926267281106	0.0
59.0	27.106091464543603	20.366598778004075	20.348083688205886	32.17922606924644	0.0
60.0	28.25965304980414	19.809736989367654	20.276067897780266	31.65454206304794	0.0
61.0	27.97294758594777	18.560961863610746	20.965620890475297	32.500469659966186	0.0
62.0	28.057142857142857	21.104761904761904	20.38095238095238	30.457142857142856	0.0
63.0	32.06106870229007	18.263358778625953	20.0	29.67557251908397	0.0
64.0	29.639570552147237	17.71472392638037	21.913343558282207	30.732361963190186	0.0
65.0	30.17888055395268	18.272744758607423	21.31179072898634	30.23658395845355	0.0
66.0	29.377769215950682	16.663455981506452	21.710653053361586	32.24812174918127	0.0
67.0	30.343364197530864	16.589506172839506	20.27391975308642	32.79320987654321	0.0
68.0	25.489056749951576	19.36858415649816	20.84059655239202	34.30176254115824	0.0
69.0	26.310660689923992	18.358994348080294	23.28980705515494	32.04053790684077	0.0
70.0	29.74137931034483	19.20062695924765	19.141849529780565	31.91614420062696	0.0
71.0	28.260015710919088	22.977219167321287	18.322859387274157	30.439905734485468	0.0
72.0	26.23596612172543	19.28304116604294	21.33149497734883	33.14949773488281	0.0
73.0	29.006727344677486	18.777206173328057	19.430154333201425	32.78591214879303	0.0
74.0	28.384539147670964	16.90782953419227	22.2001982160555	32.507433102081265	0.0
75.0	29.106111885327497	20.147322317340237	21.819629703364523	28.926936093967747	0.0
76.0	27.710121780794573	21.441405470153725	18.9658614493911	31.882611299660613	0.0
77.0	28.928928928928926	19.1991991991992	18.93893893893894	32.932932932932935	0.0
78.0	30.476960388035568	20.21018593371059	18.49232012934519	30.820533548908653	0.0
79.0	28.57432569458528	21.151896167106063	17.825998783208274	32.44777935510039	0.0
80.0	30.15484922575387	18.15403422982885	21.352893235533823	30.338223308883457	0.0
81.0	26.414708886619	19.26455566905005	19.019407558733402	35.30132788559755	0.0
82.0	31.458375946001226	18.020044998977298	19.963182654939658	30.558396400081815	0.0
83.0	29.030936283548453	18.04958000409752	20.85638188895718	32.06310182339684	0.0
84.0	28.187230548142068	19.54424142886471	20.652843358653254	31.615684664339973	0.0
85.0	31.81349288219517	18.052403548586753	19.393439240767485	30.74066432845059	0.0
86.0	28.257717008493888	18.50010358400663	22.93349906774394	30.30868033975554	0.0
87.0	30.99001663893511	18.96838602329451	21.776206322795343	28.265391014975044	0.0
88.0	33.69542510967203	19.13515771882181	17.29684562356382	29.872571547942346	0.0
89.0	29.490672814923496	17.87885139383777	17.732131628589396	34.898344162649344	0.0
90.0	31.58890290037831	17.255149222362338	19.08364859184531	32.07229928541404	0.0
91.0	30.183505589538072	22.315967095549464	16.156928917949802	31.34359839696267	0.0
92.0	30.37600337980566	18.75792141951838	18.01858893113646	32.8474862695395	0.0
93.0	32.10950764006791	17.954159592529713	19.545840407470287	30.390492359932086	0.0
94.0	29.449287688709337	17.882202849245164	19.647033808207524	33.02147565383798	0.0
95.0	29.982964224872234	18.803236797274277	18.41993185689949	32.793867120954005	0.0
96.0	27.800298698527843	17.452528269682098	20.29016428419031	34.457008747599744	0.0
97.0	31.223267750213857	17.792985457656115	18.627031650983746	32.35671514114628	0.0
98.0	29.96575342465753	20.783390410958905	18.878424657534246	30.372431506849317	0.0
99.0	30.455326460481096	18.8573883161512	18.943298969072163	31.743986254295532	0.0
100.0	30.699481865284973	14.723661485319518	21.006044905008636	33.57081174438687	0.0
101.0	31.06585788561525	19.73570190641248	18.305892547660314	30.89254766031196	0.0
102.0	31.948673336233146	15.919965202261855	19.68247063940844	32.448890822096566	0.0
103.0	28.814669286182053	17.98733900895001	20.213927090154986	32.98406461471294	0.0
104.0	27.839789888378203	19.763624425476035	20.92361567082513	31.47297001532064	0.0
105.0	29.035800571052057	20.64572809136833	17.329233472435757	32.98923786514386	0.0
106.0	30.48269781794137	18.117698919991184	19.484240687679083	31.91536257438836	0.0
107.0	30.98186643078284	19.460415745245466	18.022998673153474	31.534719150818226	0.0
108.0	32.7106960195686	18.4345118968201	15.943962641761175	32.91082944185012	0.0
109.0	29.497206703910617	19.932960893854748	18.614525139664803	31.955307262569832	0.0
110.0	25.605924596050265	20.354578096947936	19.748653500897667	34.29084380610413	0.0
111.0	30.14192385672449	18.112187429601263	19.508898400540662	32.23699031313359	0.0
112.0	26.726862302483067	18.306997742663658	21.21896162528217	33.747178329571106	0.0
113.0	29.626274065685166	21.10985277463194	18.074745186862966	31.18912797281993	0.0
114.0	31.727272727272727	17.681818181818183	19.43181818181818	31.15909090909091	0.0
115.0	29.018980105190945	19.871941458952662	18.56848845186371	32.54058998399268	0.0
116.0	29.11798396334479	20.13745704467354	18.396334478808708	32.348224513172966	0.0
117.0	31.37344970142398	17.845659163987136	19.797887000459347	30.983004134129537	0.0
118.0	28.584622489032558	17.10921265296698	21.057492495959362	33.2486723620411	0.0
119.0	24.872389791183295	21.368909512761018	26.032482598607885	27.7262180974478	0.0
120.0	28.358556461001168	20.30267753201397	21.862630966239813	29.476135040745056	0.0
121.0	29.512423816221283	19.45616502578528	18.823253633380215	32.20815752461322	0.0
122.0	29.23221413477342	18.713312984268608	21.037802301009627	31.016670579948347	0.0
123.0	32.11678832116788	18.295267247468804	18.365905344949375	31.22203908641394	0.0
124.0	29.910080454330334	19.758637008991954	20.51585423568386	29.815428300993847	0.0
125.0	29.31402800854498	19.700925706147636	19.534773320674105	31.45027296463328	0.0
126.0	31.602762562514886	18.718742557751845	18.456775422719694	31.221719457013574	0.0
127.0	28.790052606408416	19.58393113342898	21.951219512195124	29.67479674796748	0.0
128.0	31.316042267050914	17.459173871277617	19.04418828049952	32.18059558117195	0.0
129.0	30.05794302269435	19.62819893771125	17.23804925156929	33.07580878802511	0.0
130.0	29.609886115822633	17.6399321541071	17.421856069784347	35.32832566028592	0.0
131.0	31.668696711327648	19.244823386114497	18.53836784409257	30.54811205846529	0.0
132.0	30.23996082272282	19.049951028403527	21.082272282076396	29.627815866797256	0.0
133.0	29.97295303663634	21.883452176051144	20.039341037619867	28.10425374969265	0.0
134.0	27.66798418972332	20.55335968379447	18.824110671936758	32.95454545454545	0.0
135.0	28.656420426375806	17.60039662865642	19.23648983639068	34.506693108577096	0.0
136.0	25.49800796812749	20.06972111553785	20.19422310756972	34.23804780876494	0.0
137.0	26.917293233082706	17.092731829573935	20.225563909774436	35.76441102756892	0.0
138.0	30.423814328960646	17.608476286579215	19.80322906155399	32.16448032290615	0.0
139.0	28.842744998733856	18.764244112433527	19.296024309951886	33.096986578880724	0.0
140.0	27.913486005089062	18.091603053435115	20.712468193384222	33.2824427480916	0.0
141.0	31.9029374201788	17.215836526181356	18.773946360153257	32.10727969348659	0.0
142.0	30.94688221709007	15.037208108801641	20.81088016422889	33.205029509879395	0.0
143.0	32.328696548171045	18.572900566718186	18.418341061308606	30.680061823802163	0.0
144.0	30.22291342664593	17.31467081389321	18.377397615344737	34.08501814411613	0.0
145.0	27.170795306388527	18.04432855280313	20.521512385919166	34.263363754889184	0.0
146.0	28.30188679245283	19.418238993710695	19.837526205450732	32.44234800838575	0.0
147.0	29.00763358778626	18.504869702553304	19.715714661753093	32.771782047907344	0.0
148.0	26.888536714210247	19.17591125198098	21.421024828314845	32.51452720549393	0.0
149.0	29.23199574807335	19.452564443263356	18.60217911241031	32.71326069625299	0.0
150.0	29.69794172681101	19.914461373964183	17.161186848436248	33.22641005078856	0.0
151.0	29.465484824066614	20.252484555466022	19.79586355089981	30.486167069567554	0.0
152.0	28.83004593353148	19.50824101594164	16.563091056471222	35.09862199405566	0.0
153.0	30.974414806750133	18.426782798040282	19.65160587915079	30.94719651605879	0.0
154.0	32.56642015886059	15.968227882771844	19.03588058066283	32.429471377704736	0.0
155.0	29.607250755287005	21.999450700357045	16.42405932436144	31.969239219994506	0.0
156.0	31.96902654867257	14.684734513274336	19.164823008849556	34.18141592920354	0.0
157.0	30.339265850945495	17.547274749721915	20.18909899888765	31.92436040044494	0.0
158.0	30.22670025188917	22.64203750349846	15.113350125944585	32.01791211866779	0.0
159.0	35.373765867418896	14.866008462623414	18.589562764456982	31.170662905500706	0.0
160.0	27.63904653802497	20.6583427922815	21.906923950056754	29.795686719636777	0.0
161.0	28.81646655231561	20.554602630074328	19.696969696969695	30.931961120640366	0.0
162.0	30.158273381294965	18.043165467625897	19.62589928057554	32.172661870503596	0.0
163.0	29.54939341421144	17.504332755632582	17.562102830733682	35.384170999422295	0.0
164.0	29.912790697674417	16.97674418604651	22.296511627906977	30.813953488372093	0.0
165.0	30.295062810400236	16.973415132924334	22.290388548057262	30.441133508618172	0.0
166.0	29.024676850763807	20.064629847238542	19.682726204465332	31.227967097532318	0.0
167.0	27.684117125110912	20.171546879621413	22.33067139899438	29.81366459627329	0.0
168.0	28.231797919762258	19.078751857355126	19.910846953937593	32.77860326894502	0.0
169.0	27.784431137724553	17.75449101796407	19.79041916167665	34.67065868263473	0.0
170.0	29.94282275052663	17.454107733975324	19.620824556123985	32.98224495937406	0.0
171.0	29.848484848484848	18.303030303030305	17.636363636363637	34.21212121212121	0.0
172.0	31.21563836285889	19.822846670739157	17.47098350641417	31.490531459987782	0.0
173.0	28.72470876762722	18.424279583077865	20.263641937461678	32.58736971183323	0.0
174.0	28.562615669339912	21.098087600246764	17.612584824182605	32.72671190623072	0.0
175.0	26.10180012414649	20.85661080074488	20.949720670391063	32.091868404717566	0.0
176.0	29.99687206756334	19.924929621520178	18.86143259305599	31.216765717860497	0.0
177.0	28.20754716981132	22.861635220125788	18.89937106918239	30.031446540880502	0.0
178.0	28.1953694893752	20.361560418648907	19.53694893751982	31.906121154456073	0.0
179.0	26.408450704225352	18.373879641485274	23.143405889884765	32.074263764404606	0.0
180.0	30.717054263565892	15.342377260981912	20.704134366925064	33.23643410852713	0.0
181.0	28.19512195121951	21.398373983739837	18.89430894308943	31.51219512195122	0.0
182.0	32.97244094488189	18.635170603674542	18.2742782152231	30.118110236220474	0.0
183.0	28.561961563949634	23.127899271040427	20.07952286282306	28.230616302186878	0.0
184.0	29.62219993313273	20.093614175860917	19.92644600468071	30.35773988632564	0.0
185.0	27.040644944575078	21.397379912663755	22.7746053073564	28.787369835404768	0.0
186.0	30.368616841393305	18.025025363544135	22.218464660128507	29.387893134934057	0.0
187.0	30.337078651685395	20.73544433094995	17.67109295199183	31.256384065372828	0.0
188.0	28.351573187414502	19.699042407660738	19.59644322845417	32.35294117647059	0.0
189.0	29.972375690607734	18.95718232044199	19.613259668508288	31.45718232044199	0.0
190.0	30.45596936999652	17.647058823529413	20.710059171597635	31.186912634876435	0.0
191.0	27.247289261979713	21.406086044071355	19.167541098286115	32.179083595662824	0.0
192.0	32.11267605633803	20.774647887323944	19.683098591549296	27.429577464788736	0.0
193.0	30.47516970346552	17.506252232940337	21.65058949624866	30.367988567345485	0.0
194.0	26.9562096195262	21.428571428571427	23.689877961234746	27.925340990667625	0.0
195.0	28.612821441506703	21.260412893879028	19.304599782687433	30.82216588192684	0.0
196.0	30.25302530253025	19.398606527319398	19.58195819581958	30.766409974330767	0.0
197.0	28.400597907324364	20.328849028400597	22.421524663677133	28.84902840059791	0.0
198.0	28.768171384850806	22.953328232593726	20.390206579954093	27.88829380260138	0.0
199.0	27.741935483870968	24.677419354838708	18.387096774193548	29.193548387096772	0.0
200.0	27.83696155627605	15.56276053728578	21.213524779990735	35.38675312644743	0.0
201.0	29.38955317809943	18.12460667086218	20.01258653241032	32.473253618628064	0.0
202.0	36.478784040531984	17.162761241291957	18.492716909436353	27.86573780873971	0.0
203.0	32.20230473751601	18.693982074263765	20.358514724711906	28.74519846350832	0.0
204.0	32.9464861379755	17.859445519019985	24.049000644745323	25.145067698259187	0.0
205.0	34.092387768379965	17.436564736499673	24.39817826935589	24.072869225764475	0.0
206.0	26.91552062868369	19.44990176817289	21.54551407989522	32.0890635232482	0.0
207.0	28.335535006605017	21.136063408190225	15.785997357992073	34.74240422721268	0.0
208.0	29.740518962075846	18.962075848303392	18.429807052561546	32.86759813705922	0.0
209.0	23.940820443846672	21.51983860121049	20.78009414929388	33.75924680564896	0.0
210.0	27.653820148749155	18.45841784989858	18.32319134550372	35.56457065584855	0.0
211.0	29.87012987012987	20.164046479835953	17.634996582365005	32.33082706766917	0.0
212.0	27.21606648199446	17.382271468144044	22.85318559556787	32.54847645429363	0.0
213.0	27.882599580712785	20.964360587002094	19.776380153738643	31.37665967854647	0.0
214.0	26.874115983026876	27.015558698727016	18.528995756718526	27.58132956152758	0.0
215.0	30.791161796151105	22.808267997148967	16.25089094796864	30.14967925873129	0.0
216.0	29.71223021582734	18.705035971223023	18.705035971223023	32.877697841726615	0.0
217.0	27.09251101321586	20.77826725403818	23.861967694566815	28.267254038179146	0.0
218.0	25.666412795125666	19.497334348819496	19.87814166031988	34.95811119573496	0.0
219.0	19.799498746867165	23.05764411027569	25.229741019214703	31.91311612364244	0.0
220.0	0.25477707006369427	30.955414012738853	23.05732484076433	45.732484076433124	0.0
