# Position (bp)	A	C	G	T	N
0.0	31.54618639735089	15.379669175771019	26.564454092828992	26.499465143899886	0.010225190149209121
1.0	28.165657435619124	17.348942249174375	20.274483315980262	34.20354317277072	0.007373826455519605
2.0	29.846921234767272	18.955579261284942	18.75568495478558	32.4377871945841	0.0040273545781198735
3.0	31.17579370023279	18.31884564108651	20.13614277824266	30.36774638478042	0.0014714956576163144
4.0	32.15333799086588	17.92117926372445	19.77788860919742	30.147006228878205	5.879073340460077E-4
5.0	32.16675622267441	17.848463404870476	19.84316442972398	30.1403435622933	0.001272380437835896
6.0	28.378093012797322	17.764916362783147	17.971296450184283	35.88520535356399	4.888206712485457E-4
7.0	27.80027596766901	19.525737940085914	19.408358910308554	33.26494361021569	6.835717208332153E-4
8.0	26.997806895650555	19.35158612444624	19.460314952798036	34.190096997816646	1.95029288523404E-4
9.0	30.471327358486892	17.42277296752005	19.74007081010972	32.36543936933042	3.894945529186774E-4
10.0	28.97275872597888	20.3372145714658	21.062637232269445	29.626319812206937	0.001069658078932987
11.0	27.407179365660518	19.91354771919227	20.021637349094544	32.65695575705958	6.798089930960541E-4
12.0	28.647584313801566	18.878434872013734	20.17148898610047	32.302200839985645	2.909880985867678E-4
13.0	29.237898464599382	18.552571803299013	20.773967447685855	31.435465419825665	9.686459008358445E-5
14.0	29.13067539745197	18.623353302682705	20.14262991687178	32.10285762937507	4.837536184770662E-4
15.0	29.19706759659452	18.552369798989098	20.775152451544518	31.474540519596218	8.696332756476593E-4
16.0	29.575931630266112	18.96013309555242	20.53697570465757	30.926573561541254	3.8600798264508114E-4
17.0	28.92274800566011	19.59918491357539	19.896456263326122	31.581418034461883	1.9278297649204384E-4
18.0	28.97842588277883	19.069332172854818	20.15265940854107	31.799486257187198	9.627863808089716E-5
19.0	28.484840322942144	18.748671321809944	20.616179620938333	32.150212540413456	9.619389611251608E-5
20.0	28.686664961902363	18.663419923823955	19.585530780929457	33.06409593336807	2.883999761589353E-4
21.0	28.824568077715266	18.42548187770912	20.30409403916505	32.44537566479141	4.803406191398445E-4
22.0	29.121201499954385	18.699687429479578	19.74735083280118	32.43118407090693	5.761668579220543E-4
23.0	28.764094330405943	18.164351720782307	18.93661881943998	34.13464722067338	2.8790869839356544E-4
24.0	28.97498740977002	18.255018105949784	19.086884577567808	33.68272620446533	3.8370224705628437E-4
25.0	30.14136210505925	18.12304189845826	19.056217832473298	32.67880278063605	5.753833731466662E-4
26.0	29.03370553820134	18.395281186299947	18.708232419983624	33.862205577512	5.752780030949956E-4
27.0	29.6618641801474	18.25906588745676	18.90347644302243	33.17482667627739	7.668130960174603E-4
28.0	29.7691132011288	18.05602801880058	18.85874174120939	33.315542097672925	5.749411883076127E-4
29.0	29.615171334521566	18.39862392218571	18.682688983236716	33.302845343526215	6.704165297899585E-4
30.0	29.903966220949567	18.144068876756492	19.25208459712483	32.699496975046166	3.833301229435537E-4
31.0	29.90341949274855	18.301675270460905	19.20293989874918	32.59129404070172	6.712973396486429E-4
32.0	29.650730954588116	18.698215653195298	19.011344814416034	32.63913279632114	5.757814794129332E-4
33.0	30.28098443032076	17.760579551404923	19.887010535114648	32.070752926821065	6.725563386032926E-4
34.0	30.186092480925424	18.781726864385924	19.49865785749446	31.532849803101158	6.729940930347034E-4
35.0	29.643475031128098	18.823502242955044	19.152969341469937	32.379572270109136	4.8111433778460323E-4
36.0	29.85682668767492	18.11095209385913	19.771034418995264	32.260512634808855	6.741646618293747E-4
37.0	29.62650291234441	18.518539934390336	20.335719489771137	31.518563063531897	6.745999622224021E-4
38.0	30.15073050327417	18.266198923367327	19.290649345889225	32.29184249641428	5.787310549977767E-4
39.0	30.054070552508705	18.205201513743656	19.447529928118428	32.292425293196075	7.727124331362272E-4
40.0	29.984313255202643	18.272736592281966	19.76994063795341	31.972139103321684	8.704112402973324E-4
41.0	30.241593048038755	18.248123584396822	19.425924796187036	32.08387439756674	4.841738106512428E-4
42.0	30.170715438073962	18.079664619012163	19.64924221270787	32.099214290146435	0.001163440059568131
43.0	30.41740028458228	18.155514703741304	19.527663299950888	31.8983540428737	0.0010676688518289168
44.0	30.598453535123877	17.9106594920646	18.970040400860487	32.51997209445135	8.74477499693933E-4
45.0	30.27899606936821	17.890162137345474	19.365243332467642	32.462777665918665	0.0028207949000028207
46.0	29.802723757761406	18.32640888302953	19.710584915635952	32.15930876881748	9.736747556319782E-4
47.0	29.545266248254045	18.76306727189965	19.43844724014344	32.25224452478261	9.747149202536988E-4
48.0	29.499627097333452	18.453996306115993	19.75983896852389	32.28575668003389	7.809479927684216E-4
49.0	29.94065351504773	18.572068056891307	19.698595701093883	31.78790082334452	7.819036225594833E-4
50.0	28.926741532572148	18.938347183134425	19.53369944300706	32.600428998078115	7.828432082480361E-4
51.0	29.527209598062516	18.06827823094995	20.085901327120638	32.317043301401185	0.0015675424657051098
52.0	28.97658435039206	18.5855648783895	20.343038432900613	32.09392943226197	8.82906055852637E-4
53.0	29.799268746475853	18.779973634007806	19.326547332064152	32.09303148005163	0.0011788074005528607
54.0	28.943687463850516	18.506863975636723	20.184298434407623	32.364559930435604	5.901956695376407E-4
55.0	29.14689796296187	19.06156018647082	19.86422371771768	31.9259394934879	0.0013786393617293653
56.0	29.807739728594623	18.2632462513587	19.388479770850058	32.53974516538211	7.890838145100677E-4
57.0	29.374890122805663	18.04010690433721	20.444466831408384	32.13954848127495	9.876601737886842E-4
58.0	29.345821014952183	18.484940500859032	20.217542034157482	31.9496193459496	0.00207710408170734
59.0	28.877487346599185	18.429789720783273	19.94582066342449	32.74531749883619	0.0015847703568704747
60.0	29.34005146733491	18.301558107097293	20.308169100154956	32.04883246132509	0.001388864087744465
61.0	29.359406728868294	18.27871060339952	20.754649467290474	31.605742269772968	0.0014909306687420421
62.0	29.188805493913627	18.533794876236616	19.74320453737691	32.532701748307794	0.0014933441650563438
63.0	29.182385797584466	17.964236671024643	20.177629919053334	32.674750363746426	9.97248591137053E-4
64.0	28.813481435454403	18.531079767557323	20.55611220943417	32.09842750551687	8.990820372399781E-4
65.0	28.961212197628562	18.848124053721122	19.587434917528014	32.602728485383395	5.003457389055838E-4
66.0	29.085612960974938	18.34116681251071	20.226714820260998	32.345703514590916	8.018916624316762E-4
67.0	29.316989217944524	19.015597732334317	20.240301873454936	31.425605022120383	0.0015061541458399018
68.0	29.37459316814241	18.340458026019128	19.539599642239484	32.74414187276965	0.001207290829318253
69.0	29.368988312806316	18.435807126022908	20.08364700118747	32.11085193331626	7.056266670430009E-4
70.0	29.827479975354283	18.5509530014242	20.30807147258164	31.31309152247912	4.040281607628052E-4
71.0	29.87358912366528	18.880872600384365	19.487778392858406	31.757456278393363	3.0360469858631533E-4
72.0	29.82842563099392	18.152769031226963	19.97083468968252	32.04746360167244	5.070464241565029E-4
73.0	29.65484998780389	18.365619156028945	20.249512155459794	31.729713797869746	3.0490283762907555E-4
74.0	29.51029549711408	19.15175329509888	18.939803653763303	32.39804570412401	1.0184989972877372E-4
75.0	29.590611632346786	18.196853528805217	19.9187348776429	32.293595777480576	2.041837245153189E-4
76.0	29.932329896105465	18.749111017650712	19.551881265726674	31.76667782051715	0.0
77.0	29.59210570850979	18.28257518336217	19.390184239109807	32.73472460545466	4.1026356356982634E-4
78.0	29.608389350427935	17.976371531901723	19.92871766870169	32.48641861813874	1.02830829916779E-4
79.0	29.723857070226334	18.21293438344029	20.16027984518588	31.90251619350321	4.125076442822831E-4
80.0	29.344938793193474	18.211493582565343	19.815102607609518	32.628051422196165	4.135944355004647E-4
81.0	29.39335522747753	18.127998821988577	20.315304711941987	32.163030144026415	3.1109456548903547E-4
82.0	29.4576069574042	18.6890816417777	20.393080028032582	31.45960750225113	6.23870534386704E-4
83.0	29.657222269136657	18.292877450106495	19.627332559766387	32.42142092363059	0.001146797359863969
84.0	29.23428561868923	18.44017310730541	20.37628567933325	31.948523684103215	7.319105688931735E-4
85.0	29.894911069318415	18.191744555965442	20.250728196328232	31.66219661982645	4.1955856145956026E-4
86.0	29.717078405791003	18.14201843356761	19.49623332351332	32.643617692858044	0.0010521442700223054
87.0	30.169887332984242	17.459797976385534	19.74206516781811	32.62719379740207	0.0010557254100437494
88.0	29.70458817611395	17.984591353154535	20.25352783881814	32.05559821026714	0.0016944216462365309
89.0	29.43536348907009	18.345772796090202	19.12507636325002	33.09166246115435	0.002124890435336928
90.0	29.862470415147445	17.703469157124886	19.847331499605538	32.584383462333946	0.002345465788183117
91.0	29.99682277843212	18.360917393309006	19.256530153116405	32.38380408631345	0.00192558882901734
92.0	29.755418448486097	17.885066206399095	19.15391485049891	33.20248767753791	0.0031128170779878748
93.0	29.73423090057278	17.676106635124697	19.75660544637596	32.83208749018353	9.69527743036367E-4
94.0	30.008789673809044	17.96109839569533	19.793199408832272	32.23572326690445	0.001189254758911032
95.0	29.277821972800705	18.32419708254967	19.730828795957546	32.665632756362186	0.0015193923298904627
96.0	29.332554734346672	18.157008262445963	19.669720052991217	32.840063275693765	6.536745223818157E-4
97.0	30.003542989364473	18.362089138987976	19.59437145837753	32.038684194986885	0.001312218283137339
98.0	29.479218009192532	18.40536929844109	19.356237451383546	32.75818726899294	9.879719898963396E-4
99.0	29.239480524061367	17.97343979753577	19.909570094199655	32.87673799797624	7.715862269653955E-4
100.0	29.373229461756374	18.648304709631727	19.899300637393768	32.07827992209632	8.852691218130311E-4
101.0	29.446907496503528	18.51047497592183	19.522146917383274	32.51935973730078	0.0011108728905912398
102.0	28.960862945011794	18.663974611390294	19.36461546184179	33.00954303849007	0.001003943266050543
103.0	29.781200758411458	18.58892015961134	19.50311282434353	32.12631828866896	4.479689647101249E-4
104.0	29.41853965126101	18.920153100533245	19.07514320838521	32.58481434367088	0.001349696149654309
105.0	29.40695407401383	18.556208446007766	19.589537486981726	32.44617042474026	0.0011295682564210307
106.0	29.977472572346393	18.640368787375568	19.179507073566914	32.20197097977295	6.805869381754825E-4
107.0	29.858383530934173	18.38770014489716	18.98597049201243	32.76760409357259	3.4173858365304876E-4
108.0	28.846620458540873	18.616548857310285	19.667676897157925	32.86846707442133	6.867125695868737E-4
109.0	29.800020925769854	18.101020878629384	19.576747560480648	32.52175072809032	4.5990702979392716E-4
110.0	29.108821022825694	18.37880534069939	19.20968088374209	33.302346314007444	3.4643872538264156E-4
111.0	29.326376416096977	17.801516691496225	19.711536230269783	33.160106558252004	4.641038850136214E-4
112.0	29.04555896311671	18.1884860711079	20.00034982567021	32.765138705878236	4.664342269435731E-4
113.0	29.21181660017925	18.213333801967092	19.219841953265497	33.35489048614894	1.1715843921527277E-4
114.0	28.751302382255815	17.599496117870743	20.308098021556265	33.34075028990882	3.5318840835643774E-4
115.0	29.340005700923854	18.13426030512953	20.349222983002495	32.17627445808697	2.365528571445468E-4
116.0	28.584740716264704	18.55166241351563	20.245513985477874	32.61760745099764	4.754337441477078E-4
117.0	28.441716237543563	18.20225873548566	20.57473145706718	32.780457266698285	8.363032053112422E-4
118.0	28.953526485712878	18.124874682278303	20.872559531170644	32.04807878177367	9.605190645024572E-4
119.0	28.909727250784456	18.51918899348298	19.965604634322954	32.60463432295438	8.447984552256819E-4
120.0	29.43023848225333	18.189305902617726	20.349596060069388	32.030738251777095	1.2130328246682355E-4
121.0	29.894381526461935	18.131598105916026	19.988366236721475	31.985288289288032	3.658416125322703E-4
122.0	30.02302983332189	18.024339517133804	19.508525207734493	32.44336966438739	7.357774224245338E-4
123.0	30.058406289832273	18.104963671731504	19.578064481135684	32.2580724691635	4.93088137039055E-4
124.0	29.986528339441232	17.884961685705044	19.665897860769707	32.461868508165416	7.436059186073749E-4
125.0	29.89476464710148	18.243244926998116	19.092379345661875	32.76961108023853	0.0
126.0	29.835142389558182	17.98471721330991	19.40811155582177	32.77177822165304	2.5061965710218516E-4
127.0	29.38604837561232	18.688492361048976	19.905129054983057	32.01995213604554	3.7807231011003164E-4
128.0	29.32847942605209	18.736234265694364	19.48295997048094	32.45169233734402	6.340004285842897E-4
129.0	29.022079202490687	18.629637990870375	19.94857411793516	32.39881587825126	8.928104525146007E-4
130.0	28.942570120859763	18.81147083467529	20.423105399104106	31.822853645360837	0.0
131.0	28.892643786175665	18.886215424968892	19.745653756589714	32.475357948707355	1.2908355836900343E-4
132.0	28.509832544149695	18.702483395974514	20.429769582620125	32.357654734971966	2.597422837061068E-4
133.0	28.666482819192108	18.619784689339156	20.650427968167374	32.06330452330136	0.0
134.0	28.24276780018808	18.929654156500924	19.916087411138804	32.91135910773824	1.3152443395171738E-4
135.0	28.738112384300933	17.893906339355688	20.548233537373182	32.81895346620634	7.942727638574122E-4
136.0	28.897711225387013	18.748767685380084	20.727398683754764	31.626122405478135	0.0
137.0	29.362436352228578	18.890953503275227	19.892425546519515	31.854184597976676	0.0
138.0	29.70449121518741	18.4367677073097	20.441697353217496	31.416368800146866	6.749241385268296E-4
139.0	29.06804703580672	19.0436596085784	21.352381340561248	30.534960973323276	9.510417303524967E-4
140.0	28.995173693690248	19.006812080399232	19.9960065700129	32.00132384939299	6.838065046409947E-4
141.0	29.377271418990475	18.185261029852246	19.564603666220016	32.872450743173175	4.1314176408778985E-4
142.0	30.38098619285623	18.230949303540818	21.332425430883845	30.055084346171558	5.54726547548386E-4
143.0	30.436925878446125	18.352478864506615	19.98271176689094	31.226905964859363	9.775252969582205E-4
144.0	30.59002453628669	18.115207995678013	19.32921956600036	31.964141004862235	0.0014068971726994418
145.0	28.027195818124774	18.801544068270644	19.63561919607935	33.5333693937729	0.0022715237523300864
146.0	28.02903413959718	19.00123135859899	19.800966364467744	33.16718393329061	0.0015842040454810578
147.0	27.95071889118976	18.845156014683734	19.858192535768072	33.34313817771085	0.0027943806475903615
148.0	29.323256623335386	18.82651410149166	19.551738034034084	32.293453903783806	0.005037337355062066
149.0	29.65002589315032	21.114924746500343	16.038723737239252	33.18930098295953	0.007024640150556009
150.0	25.41896883997931	25.2660755402764	12.317523677862058	36.98850553666006	0.008926405222175936
