# Position (bp)	A	C	G	T	N
0.0	35.40592783505155	17.622422680412374	20.844072164948454	26.12757731958763	0.0
1.0	24.997315580371524	26.5757543219156	23.70879415870289	24.718135939009986	0.0
2.0	30.897435897435898	22.724358974358974	17.53205128205128	28.846153846153843	0.0
3.0	32.349493873201915	18.625466169419287	21.022908897176347	28.00213106020245	0.0
4.0	33.07413719642096	17.618236046016193	18.193438432040903	31.11418832552194	0.0
5.0	27.100415291236292	22.2553508678522	18.347353849430306	32.296879991481205	0.0
6.0	28.250452560962625	23.458630603769567	19.784900436588224	28.506016398679584	0.0
7.0	34.52241507826643	19.114045362581194	17.868171653711	28.495367905441384	0.0
8.0	33.86925042589438	18.387989778534923	17.663969335604772	30.078790459965926	0.0
9.0	28.027239838263462	22.781442860183017	18.80187273888061	30.389444562672907	0.0
10.0	26.00233967882591	16.101244283739234	20.1318728065511	37.76454323088376	0.0
11.0	26.12622184445389	17.870803229919254	19.188270293242667	36.81470463238419	0.0
12.0	26.284501061571124	16.94267515923567	20.75371549893843	36.01910828025478	0.0
13.0	28.46235418875928	22.354188759278898	19.872746553552492	29.310710498409332	0.0
14.0	27.000105965878983	17.887040372999895	25.209282610999256	29.90357105012186	0.0
15.0	28.839228976911674	19.264986231730568	20.20758313916543	31.688201652192333	0.0
16.0	25.859697386519947	18.738757803407047	19.479420167178077	35.92212464289493	0.0
17.0	28.30388318696434	21.71198814940218	18.908052057983284	31.076076605650194	0.0
18.0	25.63478628861617	19.487939060516293	20.016927634363096	34.86034701650445	0.0
19.0	27.64201840685497	25.13487781656617	18.100074050565958	29.123029726012906	0.0
20.0	27.325581395348834	19.006342494714588	18.31923890063425	35.348837209302324	0.0
21.0	25.625858244428013	18.50639062004859	21.85486426534277	34.01288687018062	0.0
22.0	27.763116225060696	17.882402617966854	24.057848622400506	30.296632534571945	0.0
23.0	27.145118733509232	18.532981530343008	19.33509234828496	34.9868073878628	0.0
24.0	33.37552742616034	16.561181434599156	19.12447257383966	30.938818565400844	0.0
25.0	27.870926921860175	18.253717178108193	21.51217968997153	32.363176210060104	0.0
26.0	33.43522715294613	16.9811320754717	17.14978391483082	32.43385685675134	0.0
27.0	27.085967130214918	18.5630004214075	16.49810366624526	37.852928782132324	0.0
28.0	26.74736842105263	21.810526315789474	16.11578947368421	35.32631578947368	0.0
29.0	29.666631612156902	15.238195393837417	16.899779156588497	38.195393837417186	0.0
30.0	28.533810827891298	18.169370128502212	21.38192542658521	31.914893617021278	0.0
31.0	29.757639620653322	15.489989462592202	17.818756585879875	36.933614330874605	0.0
32.0	28.2400084361489	17.157017821364548	17.283560054834968	37.31941368765159	0.0
33.0	29.440928270042193	23.4915611814346	17.088607594936708	29.978902953586502	0.0
34.0	28.657187993680882	17.209057398630858	19.631384939441812	34.502369668246445	0.0
35.0	26.410716169180464	22.687480223605107	18.352494462609428	32.549309144605	0.0
36.0	28.3920658366744	15.952732644017726	17.80966448617852	37.845537033129354	0.0
37.0	33.67465428058693	18.378549561912806	17.797952074316477	30.148844083183786	0.0
38.0	31.943418135754246	19.740314578275097	16.35173651430381	31.964530771666844	0.0
39.0	34.871686556130534	17.372478614426022	16.411447882564158	31.34438694687929	0.0
40.0	26.84216090495824	23.23712866053494	19.42065757479649	30.50005285971033	0.0
41.0	26.918598496877316	16.259129882502382	25.235524505133906	31.586747115486396	0.0
42.0	34.301462794148826	16.69493322026712	19.069323722705107	29.93428026287895	0.0
43.0	34.42309733573931	18.745356119307928	16.993949686869758	29.837596858083003	0.0
44.0	30.13509201148814	22.912456121689182	16.679076693968728	30.27337517285395	0.0
45.0	31.965036512502763	16.607656561186104	18.621376410710333	32.80593051560079	0.0
46.0	30.05915838821297	17.3233619823641	18.874874427949546	33.74260520147338	0.0
47.0	30.125335720680397	17.446284691136974	19.482990152193373	32.945389435989256	0.0
48.0	27.787729511867443	18.00268696820421	18.41692789968652	35.792655620241824	0.0
49.0	29.365613091235147	17.921990585070613	19.323021744003587	33.38937457969065	0.0
50.0	28.231597845601435	20.489228007181328	19.064183123877918	32.214991023339316	0.0
51.0	29.830470416526328	18.12057931963624	18.884023801504433	33.16492646233299	0.0
52.0	28.150977308470004	17.737587059087843	20.545944731521008	33.56549090092114	0.0
53.0	30.091082874170695	19.59968514562015	19.700888339143148	30.608343641066003	0.0
54.0	27.416084703762106	22.21220995719757	19.035818878125703	31.33588646091462	0.0
55.0	30.314295370057454	17.70868536667793	18.902782471555707	33.07423679170891	0.0
56.0	27.851668169522092	19.443192064923352	19.668620378719567	33.03651938683498	0.0
57.0	29.63338973491258	17.946982515510435	19.503666102650875	32.915961646926114	0.0
58.0	30.568720379146917	18.09975174904085	19.250733468742947	32.080794403069284	0.0
59.0	28.748870822041557	19.263775971093043	20.96883468834688	31.01851851851852	0.0
60.0	29.726368159203982	17.028493894165535	20.1831750339213	33.061962912709184	0.0
61.0	30.767489246094637	17.51188589540412	20.54561919855105	31.175005659950195	0.0
62.0	28.257421255381825	19.79379107183322	20.892816677996827	31.055970994788122	0.0
63.0	31.21669123483388	17.71175870280077	19.65075405374759	31.420796008617756	0.0
64.0	28.002270147559592	18.308740068104427	21.804767309875142	31.884222474460838	0.0
65.0	30.635641316685586	18.195232690124858	19.27355278093076	31.8955732122588	0.0
66.0	29.097103918228278	17.240204429301535	21.12436115843271	32.538330494037474	0.0
67.0	28.577924292372398	18.688189155393882	19.211094691372057	33.52279186086166	0.0
68.0	26.85922219695247	19.29724812372072	20.60495792585854	33.23857175346827	0.0
69.0	27.67796224698658	20.83238571753468	20.24107345917671	31.248578576302023	0.0
70.0	27.166249715715264	20.65044348419377	19.17216283829884	33.011143961792136	0.0
71.0	29.151501364877163	18.550955414012737	19.642857142857142	32.65468607825296	0.0
72.0	29.071883530482257	18.26660600545951	20.74613284804368	31.915377616014556	0.0
73.0	28.37315130830489	17.974971558589306	20.819112627986346	32.83276450511946	0.0
74.0	29.49140971669132	18.3752417794971	20.95801570144499	31.175332802366597	0.0
75.0	29.494765589440146	18.320436959490213	21.643149749658626	30.54164770141102	0.0
76.0	29.84173972446772	19.275873847204828	19.44665831720369	31.435728111123762	0.0
77.0	27.551252847380407	19.954441913439634	19.214123006833713	33.28018223234624	0.0
78.0	28.433048433048434	18.495726495726494	19.68091168091168	33.390313390313395	0.0
79.0	29.244099874586706	19.42765933188918	18.572568692281383	32.75567210124273	0.0
80.0	30.277112555593565	17.174136161477936	20.002280761774433	32.54647052115406	0.0
81.0	26.67427267541358	17.547062179121507	20.2624073017684	35.51625784369652	0.0
82.0	29.174751740668874	17.760529619906404	20.96792603584066	32.09679260358407	0.0
83.0	28.845495032545394	17.985611510791365	21.788283658787254	31.380609797875987	0.0
84.0	27.58108725445409	17.462311557788944	21.459570580173594	33.49703060758337	0.0
85.0	30.245573957738436	17.041690462592804	21.38206739006282	31.330668189605937	0.0
86.0	30.16108762709928	18.416542899577287	20.472980692334055	30.949388780989374	0.0
87.0	33.085799154575575	17.422597966411516	20.22163829544156	29.269964583571344	0.0
88.0	31.95840950639854	19.03564899451554	17.12751371115174	31.87842778793419	0.0
89.0	30.998628884826324	17.595978062157222	18.190127970749543	33.21526508226691	0.0
90.0	29.98514455490801	16.866643812135756	19.494914866872357	33.653296766083876	0.0
91.0	28.891428571428573	19.657142857142855	17.474285714285713	33.97714285714286	0.0
92.0	29.123328380386333	18.024917133386673	18.996456737912904	33.855297748314094	0.0
93.0	31.39787404274774	17.990627500285747	19.282203680420622	31.32929477654589	0.0
94.0	30.170344117983312	17.080141762890133	19.218017606036355	33.531496513090204	0.0
95.0	29.148084619782733	17.644368210405947	20.697541452258434	32.510005717552886	0.0
96.0	30.069770101795722	17.145144687178316	18.975180144115292	33.80990506691067	0.0
97.0	30.118965911690687	18.79432624113475	19.320521619766645	31.766186227407918	0.0
98.0	32.14735156160622	19.276970598329708	18.247340121267587	30.328337718796476	0.0
99.0	29.869535362783246	19.043259327077134	20.428015564202333	30.659189745937287	0.0
100.0	31.667241181201884	16.511547742157877	18.844076755141906	32.97713432149833	0.0
101.0	32.09549071618037	18.486910390958368	18.210125706377582	31.207473186483682	0.0
102.0	31.52412915171855	18.19233884967018	19.36118504802685	30.922346950584423	0.0
103.0	29.85005230733465	20.00464954085784	19.481576194350808	30.6637219574567	0.0
104.0	28.381219341275404	18.149964961457606	20.170520906330296	33.298294790936694	0.0
105.0	29.673034102894647	18.72729403492324	19.641392241884446	31.95827962029767	0.0
106.0	32.22352941176471	19.04705882352941	17.41176470588235	31.31764705882353	0.0
107.0	29.913721782295237	19.44214631840208	18.863018555726274	31.78111334357641	0.0
108.0	33.00947867298578	18.49526066350711	16.481042654028435	32.014218009478675	0.0
109.0	29.43346822185194	17.341109259700072	20.42370864079981	32.80171387764818	0.0
110.0	28.01574991051187	18.76864335998091	20.116931153800262	33.098675575706956	0.0
111.0	31.233532934131738	18.419161676646706	19.712574850299404	30.634730538922156	0.0
112.0	27.833193125826224	18.182910707847615	20.41821896406682	33.565677202259344	0.0
113.0	28.68170305150163	18.248703413339765	17.597394765408275	35.47219876975033	0.0
114.0	30.40426046961995	17.47760832728153	19.317356572258536	32.80077463083999	0.0
115.0	26.814760864287447	20.089827628065066	18.51177470259772	34.583636805049764	0.0
116.0	29.746217667154713	18.716447047340164	18.826256710590535	32.711078574914595	0.0
117.0	29.391602399314483	19.28020565552699	19.561757865099768	31.766434080058758	0.0
118.0	29.033448106246922	17.609444171175603	20.941957697983277	32.4151500245942	0.0
119.0	26.765432098765434	19.320987654320987	23.25925925925926	30.65432098765432	0.0
120.0	26.97311361665221	19.501920455953414	20.864824680956513	32.66014124643786	0.0
121.0	30.180460485376475	18.38207840696951	19.57685127566895	31.860609831985066	0.0
122.0	27.243189202699327	18.007998000499875	20.732316920769808	34.016495876030994	0.0
123.0	30.699774266365687	17.205919237521947	19.262603461249057	32.83170303486331	0.0
124.0	30.554156171284635	18.01007556675063	19.710327455919398	31.72544080604534	0.0
125.0	28.99557801642451	17.725837018319645	18.81238155401137	34.46620341124447	0.0
126.0	29.802080690180155	19.119512814006598	18.383658969804618	32.694747526008626	0.0
127.0	29.338422391857506	18.16793893129771	20.776081424936386	31.717557251908396	0.0
128.0	29.28827444956477	18.45878136200717	20.13568868407578	32.11725550435228	0.0
129.0	31.09826589595376	18.291586384071934	18.278741168914582	32.331406551059736	0.0
130.0	29.194068343004513	18.878143133462284	18.323662153449387	33.60412637008381	0.0
131.0	29.631544925662574	20.02585649644473	19.59922430510666	30.74337427278604	0.0
132.0	30.0	16.558441558441558	21.350649350649352	32.09090909090909	0.0
133.0	28.895849647611588	20.360219263899765	18.911511354737666	31.832419733750978	0.0
134.0	27.548209366391184	19.742883379247015	19.742883379247015	32.966023875114786	0.0
135.0	28.92659826361484	16.56143120231518	21.283872665088136	33.22809786898185	0.0
136.0	27.750627394003434	17.93686435081231	19.57469290714569	34.737815348038566	0.0
137.0	30.115369314414536	16.32409494761968	19.374088317199313	34.18644742076648	0.0
138.0	29.736912038267338	17.99096465585969	18.97422269465852	33.29790061121446	0.0
139.0	29.39685081398452	18.06778756338404	18.908460101414466	33.62690152121697	0.0
140.0	28.514002411898698	19.321988476483988	20.956719817767656	31.207289293849662	0.0
141.0	30.427166150114537	18.366796927637786	19.00013475272874	32.205902169518936	0.0
142.0	32.010295312923326	17.962611758331075	18.43673801137903	31.590354917366568	0.0
143.0	32.64474041859201	20.440337048110898	18.61918999728187	28.295732536015223	0.0
144.0	30.440131219245494	18.61673045379989	17.741935483870968	33.20120284308366	0.0
145.0	29.261597584408456	19.791380730167443	18.254186110348613	32.692835575075485	0.0
146.0	30.268780151619573	19.172984148862852	16.99517574086837	33.563059958649205	0.0
147.0	29.406050513461008	18.762142658895364	17.79072994726617	34.04107688037746	0.0
148.0	29.424069167480127	17.93334263003765	19.453353786082832	33.18923441639939	0.0
149.0	29.01779459156508	19.882303488860867	18.088832842931204	33.01106907664285	0.0
150.0	28.07659814136863	17.628836947338776	19.47338777809068	34.821177133201914	0.0
151.0	29.241008212970833	18.974794675729257	19.810252053242706	31.973945058057208	0.0
152.0	29.32952924393723	18.815977175463626	17.289586305278174	34.56490727532097	0.0
153.0	29.736314130123244	18.056749785038694	20.435654915448552	31.77128116938951	0.0
154.0	30.441049293744594	18.76621504756414	19.097722686653213	31.69501297203805	0.0
155.0	29.573789504204118	20.107277471730935	18.22267323861989	32.096259785445056	0.0
156.0	31.10787172011662	16.66180758017493	19.98542274052478	32.244897959183675	0.0
157.0	30.165713447719604	19.372341985628392	20.193576770787505	30.2683677958645	0.0
158.0	28.204749963121404	20.666765009588435	19.20637262133058	31.92211240595958	0.0
159.0	31.464174454828658	16.45156504969589	20.857439549028335	31.226820946447116	0.0
160.0	28.292319164802386	17.79269202087994	20.894854586129753	33.02013422818792	0.0
161.0	28.104379124175168	16.961607678464308	21.025794841031793	33.90821835632873	0.0
162.0	31.25659978880676	17.92125509126565	19.92759088852014	30.89455423140745	0.0
163.0	28.924617018049446	17.533747914454725	19.460033368724407	34.08160169877142	0.0
164.0	27.943868212324592	18.075045759609516	20.241000610128125	33.74008541793776	0.0
165.0	28.472861085556577	16.55933762649494	21.17448635387918	33.7933149340693	0.0
166.0	26.255778120184896	19.861325115562405	20.29275808936826	33.59013867488444	0.0
167.0	27.843198016733812	17.260613572978	22.203284784629687	32.6929036256585	0.0
168.0	28.72936779819371	18.296480847088134	19.588913111180318	33.38523824353784	0.0
169.0	27.809910895732376	17.28935438486791	20.056276379552916	34.8444583398468	0.0
170.0	28.36712242652837	17.696055319817695	19.000471475719	34.93635077793494	0.0
171.0	29.91304347826087	17.64426877470356	18.023715415019762	34.41897233201581	0.0
172.0	28.9712195897599	19.39895054857688	16.83892510733026	34.79090475433296	0.0
173.0	28.690361831572208	17.17899455651617	19.94876721101505	34.18187640089657	0.0
174.0	30.513935878846464	19.36523280167553	18.22136297728371	31.899468342194297	0.0
175.0	28.633932912007776	17.19332361043591	20.677361853832444	33.495381623723866	0.0
176.0	28.236061297685033	17.003586566677534	19.0577111183567	35.702641017280726	0.0
177.0	27.63761467889908	18.77457404980341	19.986893840104848	33.60091743119266	0.0
178.0	26.843317972350228	19.766293614219883	20.55628703094141	32.83410138248848	0.0
179.0	29.364947769855743	19.018404907975462	20.17907478030177	31.43757254186702	0.0
180.0	30.228676347855117	15.923885828743115	19.56267734935737	34.284760474044404	0.0
181.0	28.496886046120185	18.599562363238512	19.777815182629187	33.125736408012116	0.0
182.0	28.96481387047425	18.629950705422406	20.26177120516743	32.14346421893592	0.0
183.0	29.519725557461406	20.343053173241852	19.519725557461406	30.617495711835335	0.0
184.0	31.80169286577993	19.50250475038867	17.89600967351874	30.799792710312662	0.0
185.0	29.660574412532636	19.338555265448214	19.5822454308094	31.418624891209745	0.0
186.0	29.418992452167807	18.99245216780762	20.203615938213098	31.384939441811483	0.0
187.0	30.724278377899772	21.48043208783425	16.274127855498495	31.52116167876749	0.0
188.0	30.35937779367066	18.02252816020025	19.23833363132487	32.379760414804224	0.0
189.0	30.016283698208795	18.762438936131716	19.431879862493215	31.78939750316627	0.0
190.0	32.11478705903857	18.314750502650337	17.71157009687443	31.85889234143667	0.0
191.0	28.935227901826906	19.30245432736667	17.881527957187675	33.88078981361875	0.0
192.0	31.130143362502327	18.711599329733755	18.13442561906535	32.023831688698564	0.0
193.0	30.133383430396393	18.222806687957917	19.462708998684953	32.181100882960735	0.0
194.0	29.131175468483818	18.85292447473027	20.442930153321974	31.572969903463942	0.0
195.0	29.673477181592517	21.176245942333395	18.63662402138629	30.513652854687802	0.0
196.0	29.108071662492772	19.84203429011751	17.877094972067038	33.17279907532267	0.0
197.0	28.763913298183947	22.085530169888692	19.839875024409295	29.310681507518062	0.0
198.0	28.83582089552239	22.54726368159204	18.5273631840796	30.08955223880597	0.0
199.0	29.64518160823011	21.750997270627757	18.34977955070334	30.2540415704388	0.0
200.0	23.919941420551623	18.94068830851843	22.284598486697586	34.85477178423236	0.0
201.0	31.10575266965208	18.911470892180503	18.63589390285911	31.3468825353083	0.0
202.0	31.458333333333332	17.95138888888889	20.13888888888889	30.451388888888886	0.0
203.0	29.117028731604766	20.427470217238962	19.551506657323056	30.903994393833216	0.0
204.0	32.2887323943662	17.74647887323944	23.098591549295776	26.86619718309859	0.0
205.0	29.57696409527195	17.099182367579097	24.70671880554568	28.617134731603272	0.0
206.0	28.002868411617065	22.122624596629617	19.827895302975975	30.046611688777343	0.0
207.0	28.86560693641618	17.991329479768787	20.303468208092486	32.83959537572254	0.0
208.0	27.40174672489083	17.612809315866084	21.652110625909753	33.33333333333333	0.0
209.0	25.40381791483113	18.28193832599119	21.18208516886931	35.13215859030837	0.0
210.0	27.986725663716815	17.21976401179941	19.985250737463126	34.80825958702065	0.0
211.0	28.908002991772623	18.362004487658936	20.75542258788332	31.974569932685114	0.0
212.0	26.210287443267777	18.116490166414522	22.844175491679273	32.829046898638424	0.0
213.0	29.94631901840491	20.89723926380368	18.25153374233129	30.904907975460123	0.0
214.0	30.98755832037325	22.006220839813377	19.63452566096423	27.371695178849144	0.0
215.0	28.009441384736427	19.55153422501967	20.298977183320222	32.14004720692368	0.0
216.0	30.450378636907132	17.815862893583102	20.964527700278996	30.76923076923077	0.0
217.0	25.892857142857146	20.819805194805195	24.83766233766234	28.449675324675322	0.0
218.0	26.11251049538203	19.77329974811083	20.52896725440806	33.58522250209908	0.0
219.0	22.02602230483271	23.187732342007436	25.232342007434944	29.55390334572491	0.0
220.0	14.3256464011181	22.501747030048914	21.80293501048218	41.3696715583508	0.0
