# Position (bp)	A	C	G	T	N
0.0	26.396174418544625	23.946422774129722	23.708202870441717	25.949199936883932	0.0
1.0	26.82526322427396	20.49070649396526	15.533528178380179	37.1505021033806	0.0
2.0	29.100909947034726	19.644050581845224	17.714345179481963	33.54069429163809	0.0
3.0	23.38509673261122	22.751170949489712	14.988809013155391	38.874923304743675	0.0
4.0	34.35625012639091	13.13893655908505	14.977263582751702	37.52754973177234	0.0
5.0	35.24511391986331	14.835389273557869	23.338548666533807	26.580948140045013	0.0
6.0	31.6149253689714	17.341481408136826	20.955065189711895	30.088528033179884	0.0
7.0	35.32777546122296	17.093106444221622	20.106350784661277	27.472767309894135	0.0
8.0	22.643749973851595	26.966966548173726	22.897508022330037	27.49177545564464	0.0
9.0	27.80582126206836	18.631971338561154	15.4727143157974	38.08949308357308	0.0
10.0	26.903457306979462	16.468055019029066	25.05247112867664	31.576016545314832	0.0
11.0	28.17555270751024	18.50758861519452	19.297577193572096	34.01928148372314	0.0
12.0	26.204339658690124	19.892003609176903	20.895837313701346	33.00781941843163	0.0
13.0	26.47527895116315	20.994587629225407	19.051977446828094	33.47815597278335	0.0
14.0	30.73367537768753	18.422951464380297	20.40685520478732	30.436517953144854	0.0
15.0	29.61954422287644	18.702341920701308	20.09787172918343	31.58024212723883	0.0
16.0	30.087747067543763	17.83637654258145	18.647660380358154	33.428216009516625	0.0
17.0	30.512564481961785	17.816991859827823	19.63524721048837	32.03519644772202	0.0
18.0	31.894538958331296	17.902075276719835	18.96368649250203	31.239699272446835	0.0
19.0	30.23509854810121	18.539092211122902	19.960268373262526	31.265540867513366	0.0
20.0	29.667280747384112	18.068797494215975	20.033469955833606	32.23045180256631	0.0
21.0	29.30934746137358	18.50549674295492	20.192047817410234	31.993107978261264	0.0
22.0	29.846777331356744	18.94967094849671	22.827988134900657	28.37556358524588	0.0
23.0	29.804716753525852	20.35158794021708	21.23311684779956	28.610578458457507	0.0
24.0	33.11739168634188	19.55865679488914	17.720821520065936	29.603129998703036	0.0
25.0	29.57434583668614	21.08078671131187	19.55808501647698	29.786782435525012	0.0
26.0	32.223883323733965	16.68683696366139	22.209700429949475	28.879579282655172	0.0
27.0	26.447694129230285	21.20991101175493	24.858484842991043	27.483910016023742	0.0
28.0	26.936034730657504	19.71526829656054	18.807381798759103	34.54131517402285	0.0
29.0	28.258488468902925	20.177530224067407	17.250052645451362	34.3139286615783	0.0
30.0	26.74673420901649	19.06744730960513	16.02190888907298	38.1639095923054	0.0
31.0	34.52633157700713	14.364842077819409	18.377886269117393	32.73094007605607	0.0
32.0	34.59438759318161	15.490454394786768	22.56751743739113	27.347640574640497	0.0
33.0	31.52194254835854	17.33151129763242	21.12138752473083	30.02515862927821	0.0
34.0	33.45231128597149	16.464696183509695	21.841335589019884	28.24165694149893	0.0
35.0	26.680659035833855	20.024458914846612	25.898084685526257	27.39679736379328	0.0
