# Position (bp)	A	C	G	T	N
0.0	24.400542118432025	27.47428412566027	24.721990547678622	23.40318320822908	0.0
1.0	26.944328607172647	21.682999721990548	14.303586321934947	37.069085348901865	0.0
2.0	27.66970054887793	20.37969846453137	18.842492878482595	33.108108108108105	0.0
3.0	23.359210823390473	23.87155039163584	15.898157314298617	36.87108147067507	0.0
4.0	33.74832873191992	14.377246444756993	14.55088468684343	37.32354013647966	0.0
5.0	35.00746501857574	15.43870004513732	24.57379952084997	24.980035415436962	0.0
6.0	32.14012915769738	19.17922366502326	20.90653426845358	27.774112908825778	0.0
7.0	35.17332361262997	17.674321720564496	20.34230762554462	26.810047041260916	0.0
8.0	22.273910779378582	26.54747439680611	23.237285193542785	27.94132963027252	0.0
9.0	30.299769141309817	18.184027355886897	15.238409331551267	36.27779417125202	0.0
10.0	26.471456094978564	16.678527415687434	25.94900456494194	30.901011924392062	0.0
11.0	27.82608695652174	18.279961815499433	19.95660852208626	33.93734270589256	0.0
12.0	25.647389613996115	20.975076367675648	21.999097472924188	31.378436545404053	0.0
13.0	26.141136450414805	22.397514665555903	18.55322989343608	32.908118990593216	0.0
14.0	30.368454849962685	18.896544542598797	19.472743365903607	31.262257241534908	0.0
15.0	29.62101756090789	19.726521829666137	18.534393003401124	32.118067606024844	0.0
16.0	30.221582134615048	17.183460290468673	18.49004875848068	34.1049088164356	0.0
17.0	29.58965906133426	19.13247158844452	20.90049449119459	30.377374859026634	0.0
18.0	31.583878411437098	18.547113833128027	18.901053142946374	30.96795461248851	0.0
19.0	29.491872386933366	18.61978037229152	19.893135332997936	31.995211907777183	0.0
20.0	29.92836204055437	18.528733239666266	18.795857834209293	32.74704688557007	0.0
21.0	30.720801970238306	17.419959068993027	20.14117728675986	31.718061674008812	0.0
22.0	28.28650711064863	19.183142559833506	19.39646201873049	33.13388831078738	0.0
23.0	29.500520291363163	18.420048560527228	20.558446063128685	31.520985084980925	0.0
24.0	30.644769700332965	18.380618756936737	18.680632630410653	32.293978912319645	0.0
25.0	28.671268035516096	18.86445615982242	20.34198113207547	32.122294672586015	0.0
26.0	30.589275804661487	18.56791065482797	20.35585460599334	30.486958934517205	0.0
27.0	27.67883464840024	18.76354807942426	20.430070233243736	33.12754703893176	0.0
28.0	30.8852857018989	17.62074048382901	20.010404924997832	31.483568889274256	0.0
29.0	27.49184989942429	18.733092876465285	20.912811264479434	32.86224595963099	0.0
30.0	29.154311675250135	18.996341188506825	19.59805094591548	32.25129619032756	0.0
31.0	29.507343888185616	18.93977491459587	20.413754833787088	31.139126363431423	0.0
32.0	28.662100060695394	19.23003555016041	19.623688545911733	32.484175843232464	0.0
33.0	30.077169860400588	19.068759212694008	20.68499089569063	30.169080031214772	0.0
34.0	29.9221337772922	19.64691396562787	19.43533981929487	30.995612437785063	0.0
35.0	30.049773677182152	18.848094899498793	19.786337385754667	31.315794037564388	0.0
36.0	30.079256343108863	18.67466745287109	18.74577270598845	32.5003034980316	0.0
37.0	28.14673488856127	20.509929754574625	19.219495273610267	32.12384008325383	0.0
38.0	30.097828349406786	18.535350031221814	18.89613543328939	32.47068618608201	0.0
39.0	28.158825978351377	19.593047460449625	20.609561476547324	31.638565084651677	0.0
40.0	30.10495272790355	18.78393616098534	19.502125075895567	31.60898603521554	0.0
41.0	29.79790094544193	18.378003296036084	21.09810044236274	30.72599531615925	0.0
42.0	29.720352508500454	19.724515994726254	20.010755672749983	30.54437582402332	0.0
43.0	29.63534799805704	18.567413781139408	19.108666990493372	32.68857123031018	0.0
44.0	29.10204364872836	19.808472988445924	19.626314145935257	31.463169216890464	0.0
45.0	29.188279582950226	20.05620803913745	20.14468365629825	30.610828721614077	0.0
46.0	29.87873636000902	18.64406779661017	18.50701733081207	32.970178512568744	0.0
47.0	27.803414058705155	19.705433349524668	20.493026160571787	31.998126431198394	0.0
48.0	30.284623394654638	19.35612634501909	19.642485248177717	30.71676501214856	0.0
49.0	28.870416326813945	19.384620724363536	18.94729535081478	32.79766759800774	0.0
50.0	29.98958694897605	17.441860465116278	20.640402637972926	31.92814994793475	0.0
51.0	28.571676501214853	20.423464074973968	19.566122874002083	31.438736549809093	0.0
52.0	29.149600833044083	19.463727872266574	19.34397778549115	32.042693509198195	0.0
53.0	31.113965355642726	19.663623424862013	18.56666782379283	30.655743395702434	0.0
54.0	30.565487555108135	17.93314125039053	19.769500468636096	31.731870725865242	0.0
55.0	29.96025202645236	17.740787669449603	18.72667627098051	33.572284033117526	0.0
56.0	29.108013816326178	18.99918421189662	20.295766580459272	31.59703539131793	0.0
57.0	27.42201468571528	18.607113718818894	20.8117069106185	33.159164684847326	0.0
58.0	28.866820604524385	19.60797930519627	18.96039861803156	32.56480147224779	0.0
59.0	28.039930555555554	19.046875	20.553819444444443	32.359375	0.0
60.0	29.609181033734394	19.315242113304514	19.954164279389552	31.12141257357154	0.0
61.0	29.865958259540925	17.892488800916762	19.097475431468556	33.144077508073764	0.0
62.0	28.41317521226538	18.941538034136094	19.603076762801035	33.042209990797495	0.0
63.0	29.151400441056452	19.356127038149644	19.6183298893886	31.874142631405306	0.0
64.0	28.07578099223783	20.47858023512251	19.363745289735533	32.08189348290413	0.0
65.0	29.84579585315875	18.153717917549407	20.92175181467718	31.07873441461466	0.0
66.0	29.23352087240397	18.382301868444813	20.954018198235744	31.430159060915468	0.0
67.0	28.609384225332548	18.527072552356476	20.29312680165318	32.5704164206578	0.0
68.0	28.751041956098916	19.345651569880523	19.312656293414836	32.59065018060572	0.0
69.0	30.165152909712933	17.987947831825366	20.360175746314017	31.486723512147684	0.0
70.0	28.841110783070807	20.062173286327088	19.284138865250693	31.812577065351416	0.0
71.0	30.782723467810563	17.57871520119484	20.960038901721052	30.678522429273546	0.0
72.0	29.973428735173062	18.921171914346747	20.02570292283913	31.079696427641064	0.0
73.0	30.209093119377584	17.1268799277552	18.641242054808792	34.022784898058426	0.0
74.0	29.38601823708207	19.126356925749022	21.622231871471993	29.86539296569692	0.0
75.0	28.925562407713016	18.95248849127074	20.10770433423087	32.014244766785374	0.0
76.0	28.404412403370106	18.70928515591071	19.405888995049075	33.48041344567011	0.0
77.0	27.943296909473098	18.614387714330384	22.323367440890852	31.118947935305663	0.0
78.0	29.920261278946548	17.80483991452843	18.560533676146136	33.71436513037889	0.0
79.0	29.691789151812088	17.73689148337329	19.62715869210188	32.94416067271274	0.0
80.0	30.939101728781164	17.411171922508906	20.0729736773521	31.576752671357834	0.0
81.0	29.957432021544612	18.821996351316134	18.901919902701763	32.318651724437494	0.0
82.0	29.71869407328897	18.045975014334616	19.919031153892934	32.31629975848349	0.0
83.0	30.063769526159405	18.255112856422997	20.686000243262498	30.995117374155097	0.0
84.0	31.67434181944565	17.113563298288295	19.80884525154227	31.403249630723785	0.0
85.0	28.723367279552324	16.853776372041292	19.776858642382955	34.64599770602342	0.0
86.0	29.578394911542873	17.634075979284695	20.348614924750617	32.43891418442181	0.0
87.0	29.265579924229257	18.48041430607209	21.118487365750234	31.13551840394842	0.0
88.0	29.248201313822946	18.256230231830664	18.916617427270516	33.578951027075874	0.0
89.0	30.358539425433186	18.98190792332157	19.685778341646536	30.973774309598706	0.0
90.0	31.20665983072351	17.271763499539443	19.249552477450077	32.27202419228697	0.0
91.0	29.758242522203105	17.21153344804213	20.51028034134557	32.5199436884092	0.0
92.0	28.677199019761197	17.668630620296504	21.19853311781984	32.45563724212246	0.0
93.0	29.561847159219283	18.31864713141109	20.64236925804265	31.47713645132697	0.0
94.0	30.438183303495386	17.593381189925783	20.666400152955696	31.302035353623136	0.0
95.0	30.793297643050828	18.316762845025377	21.57408051171522	29.315859000208576	0.0
96.0	28.9975490622121	19.433676928157972	20.264562220792993	31.304211788836934	0.0
97.0	29.96801557502434	18.37018495341399	20.217980809345015	31.44381866221666	0.0
98.0	27.976914786357472	18.706324096930082	21.638911101067343	31.6778500156451	0.0
99.0	30.072848027539685	18.079872037832292	19.70200114748683	32.14527878714119	0.0
100.0	29.753751241700215	19.018490441086772	20.586953869747827	30.640804447465186	0.0
101.0	30.115492810092082	18.15560952597278	21.765415057746402	29.963482606188734	0.0
102.0	28.923260172712784	18.514950340696107	21.33510833961008	31.22668114698103	0.0
103.0	29.001634934866306	17.61334669409138	20.280224320095634	33.10479405094668	0.0
104.0	29.031973305556047	17.92694338023693	20.841793047439133	32.19929026676789	0.0
105.0	31.193278502552467	18.535521837776518	19.926971072036302	30.344228587634714	0.0
106.0	28.52182274694161	17.8873515323112	20.62788254358317	32.96294317716402	0.0
107.0	29.747061555499982	18.463077417741417	20.47443821228252	31.31542281447608	0.0
108.0	28.492821680139084	21.015181115910597	20.545588156220315	29.94640904773	0.0
109.0	28.065473513805202	19.379440597176007	20.447882003777316	32.10720388524148	0.0
110.0	29.251209473608203	17.929092353238502	21.38782583580042	31.43187233735288	0.0
111.0	29.532571490664104	18.43635112374812	20.430302261984533	31.600775123603235	0.0
112.0	27.982985530429726	17.981531302261324	19.95564604086381	34.07983712644514	0.0
113.0	29.982318306932314	17.085619497256605	20.658415209901747	32.27364698590933	0.0
114.0	29.439320743668567	18.7856829161177	19.530449421753772	32.24454691845996	0.0
115.0	29.446465983019078	17.607600985040612	21.154482302348658	31.79145072959165	0.0
116.0	30.177711343630627	18.19188396168964	20.60750336784218	31.022901326837548	0.0
117.0	30.674176037942086	18.635715212034757	19.308223873131148	31.38188487689201	0.0
118.0	30.090190609019064	17.82612738261274	19.914458391445837	32.16922361692236	0.0
119.0	30.581228178270692	17.71691032319498	19.651225751040908	32.050635747493416	0.0
120.0	30.05978596997582	18.200048728376782	20.106077927919486	31.63408737372791	0.0
121.0	30.32628114715562	17.63046544428773	19.64456981664316	32.39868359191349	0.0
122.0	29.40987691610662	18.315336404138037	20.161594804802537	32.113191874952804	0.0
123.0	28.88219354594205	18.488621075171014	19.498607242339833	33.13057813654709	0.0
124.0	28.640462691678398	17.7999315094555	19.765229633575586	33.794376165290515	0.0
125.0	29.082500429988343	18.36910199323485	20.597397137233166	31.951000439543638	0.0
126.0	30.718565173976497	17.80282663799063	19.725017282433367	31.75359090559951	0.0
127.0	29.818946069452213	18.25771744789156	18.600929371613674	33.32240711104256	0.0
128.0	29.489811730068954	17.21740141008755	22.127527698148292	31.165259161695204	0.0
129.0	28.773383113600126	17.728386419320966	20.419632092715748	33.07859837436316	0.0
130.0	30.007614659195188	17.556670636702655	20.253040982486283	32.18267372161587	0.0
131.0	29.76951119125083	17.73744659166634	21.135980557406608	31.357061659676216	0.0
132.0	29.92877380764993	18.298441681095547	19.25271525263655	32.52006925861798	0.0
133.0	29.998025666337615	17.034550839091807	20.95557749259625	32.011846001974334	0.0
134.0	30.25221756990058	17.00434584168436	21.477189292163594	31.266247296251464	0.0
135.0	28.97328548644338	18.680223285486445	21.561004784688993	30.78548644338118	0.0
136.0	27.40849136030149	18.989295593954218	20.340376057410896	33.2618369883334	0.0
137.0	30.74581737552913	17.95202580124975	23.565813344083857	27.736343479137272	0.0
138.0	29.9251718613753	20.369882181169267	19.826414941293372	29.878531016162068	0.0
139.0	30.473801219686308	18.75420669399743	20.869281445675007	29.902710640641256	0.0
140.0	28.529875663163935	21.827567135746328	20.942665765378234	28.699891435711507	0.0
141.0	32.020079412430306	16.896743267430615	20.861192832308102	30.221984487830973	0.0
142.0	25.64282616328301	21.24372663623784	25.355748776306818	27.75769842417233	0.0
143.0	28.4146088400083	19.56422494293422	18.39178252749533	33.62938368956215	0.0
144.0	27.78971075845098	20.467958209079722	18.664108606343714	33.07822242612558	0.0
145.0	27.323447364557335	19.33427019317491	17.243115128888142	36.09916731337962	0.0
146.0	32.16534933851811	14.148949659748933	20.99835157868042	32.68734942305254	0.0
147.0	33.755851484513606	16.57439668255563	23.754355214500993	25.91539661842977	0.0
148.0	31.21408752266719	17.032618907168295	22.013938956981494	29.73935461318302	0.0
149.0	31.401664374460942	17.92116366348866	24.895685214107555	25.781486747942843	0.0
150.0	27.258714726108607	18.25053355465971	27.56106236661133	26.929689352620343	0.0
