# Position (bp)	A	C	G	T	N
0.0	27.96834425621368	18.981080746877705	18.775813033263262	34.27476196364535	0.0
1.0	24.06521310181531	22.015588003157063	26.71911996842936	27.200078926598266	0.0
2.0	30.025827081539784	19.11450006149305	19.2793014389374	31.580371418029763	0.0
3.0	26.945269722788325	19.6626316694085	20.69143320156162	32.700665406241555	0.0
4.0	30.026474481541403	19.294504093739278	18.76991714467814	31.909104280041184	0.0
5.0	28.460540169935598	17.66448737726193	21.36927936531257	32.5056930874899	0.0
6.0	29.137728651080895	17.89103003032378	21.869803384525092	31.101437934070237	0.0
7.0	29.543844218036114	19.751276600943097	20.91915267902954	29.785726501991256	0.0
8.0	30.17393003713113	20.25356654289623	19.31063122923588	30.26187219073676	0.0
9.0	26.400117236157584	18.044598588281268	21.81081015069731	33.744474024863834	0.0
10.0	25.74477436999414	19.3006446571596	21.17356905645634	33.78101191638992	0.0
11.0	25.62136823087065	19.05366472972313	22.29845207285512	33.026514966551105	0.0
12.0	25.894556992921654	19.09934098120576	21.174029777886258	33.83207224798633	0.0
13.0	28.608379492935747	19.509040774993288	20.658353871306215	31.224225860764744	0.0
14.0	29.226228228521244	18.932038834951456	21.10796701956384	30.733765916963456	0.0
15.0	27.8587799288048	20.32964353635344	23.065294777393085	28.746281757448678	0.0
16.0	30.025104194594064	17.538814009602962	22.00638572716859	30.42969606863438	0.0
17.0	27.77737164022711	19.46779735360772	21.92411726003363	30.83071374613154	0.0
18.0	27.538315343193393	21.076484491118638	21.020442971662483	30.364757194025486	0.0
19.0	26.97264245170406	20.102803965991864	20.970060171989573	31.954493410314498	0.0
20.0	27.40957252466204	20.664961636828643	21.529655340397028	30.395810498112287	0.0
21.0	24.509875551009475	22.27417744331604	21.36820827549256	31.847738730181923	0.0
22.0	28.335565566784364	18.039693169365638	20.39936685742116	33.225374406428834	0.0
23.0	27.93670115642118	19.62507608034084	20.087644552647596	32.350578210590385	0.0
24.0	31.08098240147993	16.449626366136844	18.70360002920916	33.76579120317406	0.0
25.0	28.115949083651763	18.06167400881057	18.928128118382944	34.894248789154716	0.0
26.0	30.927985592250966	18.316337705955366	19.219255761882742	31.536420939910926	0.0
27.0	27.822256832063857	22.47584746793858	16.387219234419486	33.31467646557808	0.0
28.0	30.31069803654412	19.517773290187588	16.77574754872144	33.39578112454685	0.0
29.0	30.072005449061013	16.887223898024715	19.22010314294055	33.82066750997373	0.0
30.0	27.182057020531285	19.538775907365963	19.772307093509777	33.50685997859297	0.0
31.0	31.086406538873213	17.22049236158412	19.41471246472706	32.278388634815606	0.0
32.0	31.064512990172226	18.307871947066264	19.92799455093899	30.699620511822516	0.0
33.0	30.719081444001166	18.672764425415977	20.003405663131264	30.604748467451593	0.0
34.0	33.69173883429016	18.188673737472026	18.684927508027634	29.434659920210176	0.0
35.0	29.675488955920986	19.9985404300866	20.090979857935196	30.23499075605722	0.0
36.0	30.196068891699912	16.972365476306315	18.954947942006424	33.87661768998735	0.0
37.0	30.08246770623008	18.85810202641886	21.804072299121806	29.255357968229255	0.0
38.0	28.873427883328873	21.81623567762182	19.67304838591967	29.637288053129634	0.0
39.0	28.5985355292286	19.527087843919528	16.47894519181648	35.3954314350354	0.0
40.0	28.41936033907388	18.851241078605703	19.379826078483912	33.349572503836505	0.0
41.0	30.957781517523962	17.426404234043073	21.794590375844493	29.821223872588476	0.0
42.0	32.04258020411153	18.367596074027052	18.997509644025588	30.59231407783583	0.0
43.0	31.2124027974764	19.621460360933142	19.037022546094782	30.129114295495675	0.0
44.0	32.97174200499535	18.446055144718155	17.41270385425339	31.169498996033106	0.0
45.0	30.982392466526065	19.83912894207661	19.858747363774583	29.319731227622736	0.0
46.0	29.089837707775786	17.643448157332614	18.733580495470058	34.53313363942154	0.0
47.0	30.64099727078262	18.25871013744437	20.71500577807283	30.38528681370018	0.0
48.0	29.651792750197004	19.070133963750983	19.50108353033885	31.77698975571316	0.0
49.0	31.923655463220967	17.828520701304466	16.933395803023206	33.31442803245136	0.0
50.0	29.211097946287516	19.530015797788312	19.18937598736177	32.069510268562404	0.0
51.0	27.434262554369315	18.46085409252669	19.23190984578885	34.872973507315145	0.0
52.0	29.487591854912537	16.978004305119132	22.092188930400575	31.442214909567756	0.0
53.0	29.347502972651608	16.963931827189853	21.358501783590963	32.330063416567576	0.0
54.0	28.814147878066326	20.3512166083786	19.49053749038867	31.344098023166406	0.0
55.0	30.330800178810907	17.84383847414692	18.069835593304525	33.75552575373765	0.0
56.0	26.82096156714563	17.95356237259484	22.09516233281957	33.13031372743996	0.0
57.0	29.748631159780984	18.705823792931806	19.542060726729716	32.00348432055749	0.0
58.0	29.953147585106915	19.05248467327917	20.238747943976474	30.75561979763744	0.0
59.0	28.178822824621836	19.52972892017373	19.809295591832658	32.48215266337177	0.0
60.0	27.11025570525158	18.66423375909216	20.736371135051364	33.4891394006049	0.0
61.0	31.663371787492807	16.856435024148546	22.1190660894372	29.361127098921447	0.0
62.0	28.776870271082828	18.281805882647692	23.08964273187353	29.85168111439595	0.0
63.0	32.375147364988585	19.692979155692676	18.260716883638096	29.671156595680635	0.0
64.0	27.324559200281307	20.09594614959562	21.570301903852915	31.00919274627016	0.0
65.0	29.079387431790177	19.226997259033872	19.25717303291674	32.43644227625921	0.0
66.0	30.361415438861606	16.846744742475757	21.543886160433196	31.247953658229445	0.0
67.0	31.741828087167068	19.191384180790962	17.461158192090394	31.605629539951575	0.0
68.0	27.16046264962877	19.13733016819031	19.983332491539976	33.718874690640945	0.0
69.0	30.634844386013704	20.279119156574723	20.73167648471671	28.354359972694866	0.0
70.0	29.857171799027554	21.70279578606159	19.236223662884928	29.203808752025935	0.0
71.0	29.26792146517173	21.244482776114857	19.486581096849477	30.001014661863934	0.0
72.0	30.390065518817615	20.036568642389152	18.837929808522524	30.73543603027071	0.0
73.0	31.231399282680027	18.189911734032	19.978124284587796	30.60056469870018	0.0
74.0	29.933255209660164	18.400672542925562	21.391450552809903	30.27462169460437	0.0
75.0	30.255808615368917	21.010482287229973	19.046647453390804	29.687061644010303	0.0
76.0	30.963883137796184	18.29358689262071	19.622728318380492	31.119801651202618	0.0
77.0	30.368113864427603	20.399856645504812	18.20090108539832	31.03112840466926	0.0
78.0	29.030438238838883	17.18337307998051	21.645254763186912	32.14093391799369	0.0
79.0	29.539093593529337	20.195147002182566	19.309282321222238	30.956477083065863	0.0
80.0	29.889697374848943	19.198827552515876	19.651351142879182	31.260123929755995	0.0
81.0	27.45294920316161	20.516979480445922	19.322365541566903	32.70770577482557	0.0
82.0	32.13769984528107	15.982465188241363	20.649819494584836	31.23001547189273	0.0
83.0	29.82977294448893	18.54932451631235	23.00519205434867	28.615710484850048	0.0
84.0	28.022461442914814	19.837490942966564	21.09771245212711	31.042335161991513	0.0
85.0	30.05907654039488	17.790330103124838	20.842618023526974	31.30797533295331	0.0
86.0	30.364834708599304	17.43992942031242	22.62442264777622	29.570813223312054	0.0
87.0	29.125204603912806	18.550754761100574	22.38821481462236	29.935825820364258	0.0
88.0	32.12529593880896	16.8665608658324	20.155058927595807	30.85308426776283	0.0
89.0	30.02344971339239	16.922876498176134	20.17196456487754	32.88170922355393	0.0
90.0	30.08195865525162	18.406765504280642	19.868448527876385	31.642827312591354	0.0
91.0	28.88708749542388	18.382929763087706	17.893938601537577	34.836044139950836	0.0
92.0	29.612541288732764	16.431604886488753	20.085985424421956	33.86986840035652	0.0
93.0	29.62272082391887	17.6554043402869	19.65477379013189	33.06710104566234	0.0
94.0	30.0110508867021	16.786823133189497	19.481134557701417	33.72099142240699	0.0
95.0	29.1084515210629	18.126219222860758	20.693836663679022	32.07149259239732	0.0
96.0	29.038817005545287	16.3559545814629	20.720887245841034	33.88434116715078	0.0
97.0	30.932169773899247	17.11490149411609	19.2780642602142	32.67486447177046	0.0
98.0	29.03208712010811	20.314777032935005	19.337060491242948	31.316075355713945	0.0
99.0	28.07008229360234	19.71329970799044	19.24342978497478	32.973188213432444	0.0
100.0	31.901709969949206	18.15546631917666	17.160864824615057	32.781958886259076	0.0
101.0	30.021581008712335	20.07566674659633	19.8651853035995	30.037566941091836	0.0
102.0	28.294532251174715	18.274775736864587	17.887654848355403	35.5430371636053	0.0
103.0	29.58059166532927	18.335740651580807	19.860375541646604	32.22329214144332	0.0
104.0	30.339246476231306	17.211533308323062	20.523607910391767	31.925612305053864	0.0
105.0	27.95768218677837	19.35449223994415	19.421620750765264	33.26620482251222	0.0
106.0	33.04467095177904	17.384288518946832	18.489632358873678	31.081408170400454	0.0
107.0	28.800775778472147	19.33520094817369	19.706928132744316	32.15709514060985	0.0
108.0	31.99643734312164	18.690453698955494	16.17230304175326	33.140805916169604	0.0
109.0	30.90530415731249	16.92407562684266	19.377349814719643	32.793270401125206	0.0
110.0	25.938372313612835	19.39347949808938	20.53714192796553	34.131006260332256	0.0
111.0	29.032170490023073	19.913126102891272	18.41726618705036	32.637437220035295	0.0
112.0	28.550835010607628	19.645868465430016	19.43099602893978	32.37230049502258	0.0
113.0	28.993453355155484	17.484997272231315	18.40152755046372	35.12002182214948	0.0
114.0	32.55038144978262	16.652538896940197	19.28577288015094	31.511306773126247	0.0
115.0	26.96459886014906	19.80491012713722	20.122753178430514	33.107737834283206	0.0
116.0	28.58790258367425	17.76173086955328	18.64309052469729	35.00727602207518	0.0
117.0	27.686337113288563	21.85676538588572	19.087856435098534	31.36904106572718	0.0
118.0	29.386763812993323	14.963846111387094	22.398851907048627	33.250538168570955	0.0
119.0	25.044940402112893	19.72399679194668	23.593019718465666	31.638043087474767	0.0
120.0	27.646716380672526	20.441881739805396	21.093338508025393	30.818063371496685	0.0
121.0	31.44564915207117	19.2743953294412	19.035307200444816	30.244648318042817	0.0
122.0	30.557183114310426	17.92639714293686	20.292402555732263	31.224017187020454	0.0
123.0	32.061688311688314	17.15181370353784	18.69961934617107	32.08687863860278	0.0
124.0	30.714787248981885	17.227917427327622	18.421570004212892	33.6357253194776	0.0
125.0	27.41003747851326	20.931608758136782	19.762166427142333	31.896187336207625	0.0
126.0	30.871667279255842	20.701744465492382	17.72738839096384	30.699199864287934	0.0
127.0	30.16926086586714	18.644211958833033	22.11164979728389	29.074877378015934	0.0
128.0	30.485828808596526	19.273957415356623	19.58950450578503	30.650709270261817	0.0
129.0	29.745446252957443	19.63741056412303	20.769077278298795	29.848065904620736	0.0
130.0	31.267863267405964	19.375214359208872	18.2091002629473	31.14782211043786	0.0
131.0	31.200366961956366	21.670823657578627	19.893351681431152	27.23545769903386	0.0
132.0	28.989338774102702	20.230466392712433	19.97758556280353	30.802609270381332	0.0
133.0	29.629949853017468	19.643783503371953	20.191365496570405	30.534901147040177	0.0
134.0	27.595975948196116	21.40668362627197	19.799375578168362	31.19796484736355	0.0
135.0	26.360815474291684	18.765768639619523	23.684134211060524	31.189281675028273	0.0
136.0	28.30205150589262	20.157136621562636	20.823512294485667	30.71729957805907	0.0
137.0	29.672126361274128	17.38927330588888	20.86362441972497	32.07497591311203	0.0
138.0	26.260762607626077	18.67861535758215	21.724360100743866	33.33626193404791	0.0
139.0	29.528820434437552	18.28870403574263	20.9458863643044	31.236589165515415	0.0
140.0	30.56284459120795	17.20376212518796	21.888728366305983	30.344664917298108	0.0
141.0	30.58579881656805	19.71301775147929	20.497041420118343	29.20414201183432	0.0
142.0	29.737999049429657	19.341135931558938	20.517466730038024	30.40339828897338	0.0
143.0	31.447140897978652	20.55035477908294	20.991592630135354	27.010911692803052	0.0
144.0	33.01220679751077	20.413475347056007	16.948898994734325	29.6254188606989	0.0
145.0	28.463226233055817	18.21406029274744	20.89807940849388	32.42463406570286	0.0
146.0	28.79519526770085	19.372849640852298	21.09313695901491	30.738818132431945	0.0
147.0	26.569227970161926	20.595548547516525	19.50391169870823	33.331311783613316	0.0
148.0	27.939024390243905	20.926829268292682	21.625	29.509146341463417	0.0
149.0	27.611298741172856	21.22198342032545	18.94074301504452	32.22597482345717	0.0
150.0	27.94998527053124	16.513371084416224	20.483781218290726	35.05286242676181	0.0
