# Position (bp)	A	C	G	T	N
0.0	23.147737901836262	22.19678695088531	36.47910205287255	18.176373094405882	0.0
1.0	24.117560183133953	24.260325899670164	12.763583255386536	38.85853066180935	0.0
2.0	31.054226736566186	14.896788990825687	13.054554390563563	40.99442988204456	0.0
3.0	23.15753278863	21.69289211271757	12.27138015162183	42.8781949470306	0.0
4.0	37.20387681930551	12.400746549663562	8.604148589577774	41.79122804145315	0.0
5.0	42.93530474996336	7.8707397697480905	22.641709140056342	26.552246340232205	0.0
6.0	34.66525578934516	15.67131984860201	23.45692076024582	26.206503601807007	0.0
7.0	39.353006205266006	12.44038829310804	18.27930959355104	29.927295908074914	0.0
8.0	21.344720622003788	28.78781774966765	24.331466784836646	25.53599484349192	0.0
9.0	34.98261373514923	11.707556585852732	16.517756527898516	36.79207315109952	0.0
10.0	24.149396783376258	16.260136670626977	25.638101920884132	33.95236462511263	0.0
11.0	29.839088887649133	19.24318379252907	17.046695304966008	33.871032014855786	0.0
12.0	29.756835276793886	21.566442472241015	18.655629402634617	30.021092848330483	0.0
13.0	28.53022043514884	24.84146787241144	13.67746857170102	32.9508431207387	0.0
14.0	35.674224248875895	14.77938956767664	16.427016635154672	33.119369548292795	0.0
15.0	30.513609542541715	16.10779772857052	12.875927923355118	40.502664805532646	0.0
16.0	35.04531722054381	16.695609423444427	16.51243745589203	31.746635900119735	0.0
17.0	29.12942891550992	19.636971540850606	16.501077517905813	34.732522025733665	0.0
18.0	33.35524283915519	20.90879574269265	19.588682024438338	26.147279393713816	0.0
19.0	36.28943514230297	14.064837905236907	19.283537188774098	30.362189763686022	0.0
20.0	40.150089357731424	12.892818168878204	18.408483449050276	28.5486090243401	0.0
21.0	34.830119157751575	14.337674249432677	19.74840081916012	31.08380577365562	0.0
22.0	30.153675976770828	18.436376565401176	19.320507249239522	32.08944020858847	0.0
23.0	32.68311567237879	18.345144699106445	16.784780324397776	32.18695930411699	0.0
24.0	35.87959306183059	16.31623013490885	12.692331995829514	35.11184480743105	0.0
25.0	29.927180248629693	18.786232170218142	15.33558690192238	35.951000679229786	0.0
26.0	38.60445293323757	15.297980316172467	11.864754583553665	34.2328121670363	0.0
27.0	29.965676411409635	12.481161478675977	20.98946620901882	36.563695900895574	0.0
28.0	33.42717007317689	18.056081251577087	13.927264698460762	34.58948397678526	0.0
29.0	30.857687821179734	14.83101611021785	17.29483905545572	37.01645701314669	0.0
30.0	36.49698287406847	13.611728190827307	19.321422381875188	30.569866553229037	0.0
31.0	38.94972525090072	16.337519610857516	21.50217197638025	23.210583161861514	0.0
32.0	30.482855364052615	20.544404252468652	13.082094080746467	35.890646302732264	0.0
33.0	32.92681006519069	18.2801625043303	13.217648726104619	35.57537870437439	0.0
34.0	31.877440483688126	17.81316916488223	15.055422597304446	35.253967754125206	0.0
35.0	36.18433991802569	17.1390809751953	13.930911865820175	32.74566724095883	0.0
36.0	32.14510445507173	17.428580417820285	16.67898942864334	33.747325698464635	0.0
37.0	28.775320835430296	17.89915702063412	15.274282838449924	38.05123930548566	0.0
38.0	35.90495124193586	15.153896323304075	12.516796190506124	36.424356244253936	0.0
39.0	32.37589906850607	17.372951302912394	18.791023071178714	31.460126557402823	0.0
40.0	34.0626252938263	14.252246444603422	15.633524893672218	36.051603367898046	0.0
41.0	28.03644281637883	16.364679710406953	20.90509617727748	34.69378129593674	0.0
42.0	38.4428911012262	13.57449379054971	17.226419386978588	30.7561957212455	0.0
43.0	33.283499142904105	16.46328576907723	19.393849260705874	30.85936582731279	0.0
44.0	30.393916826715795	15.247128914670952	22.718614039901226	31.640340218712026	0.0
45.0	36.88393407811634	15.42731339438368	16.054211459040836	31.634541068459143	0.0
46.0	30.957142633939032	16.93280002499883	17.261690858241018	34.84836648282112	0.0
47.0	32.77048643081197	15.388816929103138	20.874233368186147	30.966463271898746	0.0
48.0	28.228495568310493	17.783764788567414	14.24700324079497	39.74073640232712	0.0
49.0	26.433036411939366	18.467729332708235	20.940771995624317	34.15846225972808	0.0
50.0	29.07658096984356	16.19630944485624	17.39320407287481	37.33390551242539	0.0
51.0	31.014115058403103	15.954931687486834	22.811931866948605	30.21902138716146	0.0
52.0	33.483086474639464	18.84705680479834	18.04447356311081	29.62538315745139	0.0
53.0	34.62352987144923	16.742859375610518	15.902004454342986	32.73160629859727	0.0
54.0	34.846409704558795	16.138524750538057	19.263549207591467	29.751516337311678	0.0
55.0	33.72122141705664	18.44176983394112	12.075657740284539	35.7613510087177	0.0
56.0	33.381694415471365	17.731525413095138	15.959941339314424	32.926838832119074	0.0
57.0	30.286269409755413	18.486861691292837	17.98937653750333	33.23749236144843	0.0
58.0	33.493477072103744	14.240293727052574	15.880790563237246	36.38543863760644	0.0
59.0	26.92668218531769	18.767673295942757	21.5227546126326	32.78288990610695	0.0
60.0	29.671007914247987	20.032500761736603	15.819902028953802	34.47658929506161	0.0
61.0	28.303554665498464	17.731866825208087	13.200137680705925	40.764440828587524	0.0
62.0	26.76262369460633	18.245394453788087	19.49779012007666	35.49419173152892	0.0
63.0	35.30308836525452	15.80626744977203	14.996832646421673	33.89381153855177	0.0
64.0	30.917636386386388	16.31006006006006	19.364677177177178	33.40762637637638	0.0
65.0	36.93970848402298	15.698338891237299	15.357819422917352	32.00413320182236	0.0
66.0	30.364664067515307	20.165343604678473	17.714938857312852	31.755053470493372	0.0
67.0	29.04974039622908	17.380119527536824	18.851468996564762	34.71867107966934	0.0
68.0	31.65935609419261	17.820010828540266	16.981191296364592	33.539441780902536	0.0
69.0	29.428256418333596	18.152464955111043	14.456607339738541	37.96267128681682	0.0
70.0	28.763476850138215	15.466580561834034	17.956795325137623	37.813147262890126	0.0
71.0	33.03981412200213	17.005473949513643	19.3328870161068	30.621824912377427	0.0
72.0	32.0019852054924	14.90716013203192	20.43343653250774	32.65741812996794	0.0
73.0	30.9011421819614	16.771957463568334	17.382434029145333	34.94446632532493	0.0
74.0	29.277905207816058	13.706480014503377	16.723024900092224	40.29258987758834	0.0
75.0	30.769291363392888	14.994328386425938	17.659199042127486	36.577181208053695	0.0
76.0	31.215980969035297	17.325582311285455	16.03610841978401	35.422328299895234	0.0
77.0	30.388978930307943	13.584365312898303	24.559015593775076	31.46764016301868	0.0
78.0	32.481881064236646	15.243513775112728	16.475837484359875	35.79876767629075	0.0
79.0	33.3774073461935	17.587105203094623	15.45896001070369	33.576527440008185	0.0
80.0	32.535564985317386	15.065225435164265	18.68116295730627	33.71804662221208	0.0
81.0	35.89509404845326	17.498759930398634	12.781771370532796	33.82437465061531	0.0
82.0	30.91075125760665	19.627323324962408	15.543939477433932	33.91798593999701	0.0
83.0	36.119811751373305	15.321958667149355	16.885712936584138	31.672516644893207	0.0
84.0	33.76456793912352	18.262156015644056	14.346419887155031	33.62685615807738	0.0
85.0	28.337188626099547	12.8294701726227	16.441643456230626	42.39169774504713	0.0
86.0	31.55048644564088	13.30247788167879	16.56591417146815	38.58112150121218	0.0
87.0	27.766712066698684	16.352671647548792	23.142994355175208	32.73762193057731	0.0
88.0	31.646956795963415	17.553610848312832	12.71996215704825	38.079470198675494	0.0
89.0	32.77041942604856	16.380479344055505	18.874960580258595	31.974140649637338	0.0
90.0	32.19855023308277	16.557158519944153	19.216905007927178	32.027386239045896	0.0
91.0	34.460684609684186	19.14210932942308	13.508506377812465	32.88869968308027	0.0
92.0	24.38193743693239	16.761793642785065	15.89146064581231	42.964808274470236	0.0
93.0	27.547006188655445	17.98573061610627	12.911821514446768	41.55544168079152	0.0
94.0	36.30405980883884	12.527207343616919	17.893757294722565	33.27497555282168	0.0
95.0	33.56365357311879	17.845085975705945	15.599463637797758	32.991796813377505	0.0
96.0	31.441815730762258	21.12387364305029	15.505293779119727	31.929016847067725	0.0
97.0	30.361805002326847	15.206537257159985	19.118795403096676	35.31286233741649	0.0
98.0	34.80778028426748	16.79418213942042	12.867757252606838	35.53028032370526	0.0
99.0	31.14273556805825	16.23957890091879	16.412935558602427	36.20474997242053	0.0
100.0	29.12305684110597	14.83643843202405	19.303825006922196	36.73667971994779	0.0
101.0	33.8767209259833	18.7198614520524	15.576316562994034	31.827101058970264	0.0
102.0	32.28879237948989	15.926450240340396	21.017187737441116	30.767569642728603	0.0
103.0	27.89936904714062	19.52658441506249	16.5438251014749	36.03022143632199	0.0
104.0	35.09118750354461	12.521571455192138	15.265703614282126	37.121537426981135	0.0
105.0	30.95195366669386	17.042988824537076	18.610000815727222	33.395056693041845	0.0
106.0	28.88326166848912	20.260459915646507	17.59995395910582	33.256324456758556	0.0
107.0	28.191678594180473	18.52418734332211	15.84194458463295	37.44218947786446	0.0
108.0	30.707265721870396	18.44849251458387	18.286218346134962	32.55802341741077	0.0
109.0	27.647167096148056	15.498979284495165	17.8918041564874	38.96204946286938	0.0
110.0	33.161345711953	16.19012347757287	17.652158542846802	32.99637226762733	0.0
111.0	33.767541003019716	21.5533356453482	12.734408702198388	31.9447146494337	0.0
112.0	31.25549626467449	15.942796157950905	16.018783351120597	36.782924226254	0.0
113.0	32.48091275628378	14.511452346229733	17.22655914900918	35.781075748477306	0.0
114.0	38.065068937761275	12.787024294826853	13.810055479102296	35.33785128830957	0.0
115.0	34.86950531483532	14.726323040835723	19.43599089632801	30.96818074800094	0.0
116.0	25.109837967031034	17.027521001019295	12.89761344065235	44.96502759129732	0.0
117.0	33.41229914734666	15.71419698865199	17.505567533516107	33.36793633048524	0.0
118.0	26.7199028172285	15.040105757721921	17.334798220697785	40.90519320435179	0.0
119.0	26.733306893567928	18.65445630227863	17.39165705220652	37.22057975194693	0.0
120.0	28.917917226844953	23.047854365757058	18.162494095418044	29.871734311979942	0.0
121.0	31.650646882537824	17.653132080988232	10.789598713544333	39.90662232292961	0.0
122.0	33.50064468594584	17.17351261742494	15.809541351998528	33.51630134463069	0.0
123.0	31.023022874758155	16.372439202762372	16.444646047600976	36.1598918748785	0.0
124.0	29.553806263873604	18.649853569363355	21.275345557648905	30.520994609114144	0.0
125.0	29.88910054506705	16.48592067294091	19.4036325229626	34.22134625902944	0.0
126.0	29.249703017343787	17.007365169874078	16.59206462342599	37.15086718935614	0.0
127.0	35.0735237656454	16.170429240574368	14.073178223143668	34.68286877063657	0.0
128.0	27.04283918383135	14.747123102214484	16.138671308384104	42.07136640557006	0.0
129.0	35.11793992419888	13.570155012324989	17.050381441390535	34.261523622085605	0.0
130.0	29.871978636925917	21.237408941860238	15.907439769090303	32.98317265212354	0.0
131.0	27.206027570407237	16.583718450053325	18.995141604455505	37.21511237508393	0.0
132.0	31.85918154243946	13.627368107006117	20.987519268062254	33.525931082492164	0.0
133.0	27.865076265160393	14.262536430009314	15.671664212961572	42.20072309186872	0.0
134.0	33.59455474541011	17.12548726545616	18.781684878107896	30.49827311102583	0.0
135.0	35.33442786779927	16.6097304793857	16.371108369109656	31.684733283705373	0.0
136.0	25.93304682198598	20.098291213423536	16.848306635685056	37.12035532890543	0.0
137.0	37.79105964387996	14.80513012078197	14.78333955920807	32.62047067613	0.0
138.0	36.36059401798787	16.10123405145367	15.053336122150176	32.484835808408285	0.0
139.0	35.593649721330856	13.496453301807126	15.25080222935315	35.65909474750887	0.0
140.0	30.775281973870243	17.67638648226302	16.61865226588993	34.9296792779768	0.0
141.0	24.367872812898934	21.599064548312004	15.239709495049187	38.79335314373988	0.0
142.0	31.75717262901014	16.632292757723334	17.078253733438434	34.53228087982809	0.0
143.0	29.51703742361972	19.325026637962903	17.59518994498445	33.56274599343293	0.0
144.0	28.536537282046787	16.45272934373083	15.745202838867959	39.26553053535442	0.0
145.0	29.700154901526886	19.725603009515382	16.55786678468688	34.01637530427086	0.0
146.0	32.825839816321526	17.470631506208065	18.257506520139987	31.44602215733042	0.0
147.0	35.23798794569932	18.328169886779698	15.799019883963275	30.63482228355771	0.0
148.0	35.82099741713792	16.03422576717831	16.35850580859513	31.786271007088647	0.0
149.0	35.4731396189187	17.55474745620777	20.458169387310292	26.513943537563232	0.0
150.0	30.295945648777213	21.842339787733938	14.062337241467112	33.79937732202173	0.0
151.0	28.728868964229008	19.293452881292612	15.677827589427476	36.2998505650509	0.0
152.0	29.462783171521036	19.576345984112976	14.553692262430125	36.40717858193586	0.0
153.0	33.33887043189369	18.475320360702423	14.448267679164688	33.7375415282392	0.0
154.0	27.281082887700535	19.024541634835753	16.421170741023683	37.27320473644003	0.0
155.0	29.361092035035725	16.2467922073228	16.487753159600487	37.90436259804098	0.0
156.0	28.984837053082487	18.931778908170468	17.770827755737827	34.31255628300923	0.0
157.0	28.420961433734345	15.009406406257735	15.110896579038565	41.45873558096935	0.0
158.0	31.844079087414386	15.390490978074403	13.042661624572697	39.722768309938516	0.0
159.0	33.29496439277989	16.895404581504483	15.041046333657992	34.76858469205763	0.0
160.0	33.54986918511901	20.47859102801353	16.278476166166804	29.693063620700656	0.0
161.0	34.33882486400083	18.302524041560318	15.622502384819656	31.7361487096192	0.0
162.0	32.38127429440595	21.62738393936636	14.893202116457143	31.098139649770545	0.0
163.0	34.85499533514672	17.04051195122272	15.788228801198406	32.31626391243216	0.0
164.0	35.64868882046927	14.647255547298016	18.189298226988004	31.51475740524472	0.0
165.0	26.76039349183799	16.89227222773206	17.979199614013456	38.368134666416495	0.0
166.0	29.285259923937907	14.72518846346448	19.782911743608484	36.20663986898913	0.0
167.0	30.86696664250448	12.06285815884131	20.21144193552799	36.85873326312622	0.0
168.0	28.80115337695464	17.627814128867694	17.49334590218476	36.0776865919929	0.0
169.0	32.98457918399933	14.647674272028235	15.186912615375997	37.18083392859644	0.0
170.0	33.90691995343158	17.64772695005253	12.053837635232984	36.3915154612829	0.0
171.0	37.67999310206076	16.276262466588108	17.102578104791196	28.94116632655994	0.0
172.0	28.295805931797396	16.686265116211548	18.11041911647286	36.9075098355182	0.0
173.0	33.44821999322463	16.038472302004624	15.035423386799817	35.477884317970926	0.0
174.0	32.01085416946221	15.07954257428695	20.84507462241505	32.064528633835785	0.0
175.0	25.81361617260448	19.718671622397483	15.58335599673647	38.884356208261565	0.0
176.0	29.633201677842074	16.126266801383913	18.97369951930437	35.266832001469645	0.0
177.0	30.651376572728537	14.397140071498212	18.196449850658496	36.75503350511475	0.0
178.0	29.089168275494025	23.159266060805827	14.655240068434022	33.09632559526612	0.0
179.0	30.90466647580876	19.205076820307283	12.97674714508382	36.913509558800136	0.0
180.0	36.26352301945374	18.321771050631476	10.808712948139524	34.60599298177526	0.0
181.0	31.590284971963236	18.72461480275599	14.641606235508856	35.043493989771925	0.0
182.0	28.42450839167867	16.93578104586111	14.999497504271215	39.640213058189005	0.0
183.0	32.261071470942156	18.00416927952816	17.29403589647984	32.44072335304985	0.0
184.0	35.07959728078479	9.87694690646244	19.35117459771104	35.69228121504173	0.0
185.0	27.812178402609412	20.631072194798623	20.948526974935028	30.60822242765694	0.0
186.0	39.56071295292591	17.203632292573705	15.044515131590638	28.191139622909745	0.0
187.0	27.33534067756883	16.419955646106413	17.608135153165172	38.63656852315958	0.0
188.0	36.894576433004076	18.303161605405208	13.490985201777256	31.31127675981346	0.0
189.0	27.160793239184372	16.03081917056881	22.13122399865679	34.67716359159002	0.0
190.0	31.201440212241806	19.063862042827363	16.00720106120902	33.72749668372181	0.0
191.0	31.915548798090803	17.867934332839354	14.913681941530823	35.302834927539024	0.0
192.0	33.08097110550306	15.619069976720073	13.179568441027447	38.120390476749414	0.0
193.0	32.93392945851962	22.692498758072528	13.891703924490809	30.481867858917038	0.0
194.0	36.81890782636825	10.434483734659631	20.509087968298257	32.237520470673864	0.0
195.0	31.89972966330794	24.453182600147453	16.771114934054232	26.875972802490374	0.0
196.0	29.49387720984662	14.009278221256322	18.9221381702679	37.57470639862917	0.0
197.0	28.15746891500596	17.790836314086185	20.884431953670585	33.16726281723727	0.0
198.0	34.670831331090824	19.933598357433052	12.84565986632301	32.54991044515312	0.0
199.0	27.193647678101442	14.799036445554714	20.018289690859614	37.989026185484235	0.0
200.0	31.401635620172648	15.599727396637892	14.497955474784188	38.50068150840527	0.0
201.0	34.40075509922188	15.150329204843684	15.235508080482527	35.21340761545191	0.0
202.0	27.339372431826668	18.05192379529324	15.602820321255138	39.00588345162495	0.0
203.0	34.31528473425594	18.441854392669786	17.546941391506635	29.69591948156764	0.0
204.0	33.67158222611574	23.38540906215019	17.345597897503286	25.597410814230788	0.0
205.0	35.379536315345284	15.08960929355111	14.764434294792236	34.76642009631137	0.0
206.0	31.583339655564828	15.150595554206813	15.550160584679967	37.71590420554839	0.0
207.0	32.46401001460463	15.94252034216566	20.047465053202586	31.54600459002712	0.0
208.0	26.946235413225345	16.968615122289123	20.000532850215805	36.08461661426973	0.0
209.0	27.650535145292626	16.593589150031317	18.851275906206595	36.904599798469455	0.0
210.0	29.697591263131635	16.165423954319927	20.278848019513816	33.85813676303462	0.0
211.0	30.7301425083745	14.773178901947425	15.312553227729516	39.18412536194856	0.0
212.0	29.72487171310121	15.397326993882817	20.421534804163162	34.45626648885281	0.0
213.0	31.923815148383287	17.25970766277868	14.094197549091984	36.722279639746056	0.0
214.0	32.94242103672359	16.481789330512317	15.853105636995618	34.72268399576848	0.0
215.0	28.13487558678244	18.755561010032828	16.3378639585187	36.771699444666034	0.0
216.0	32.86000250218942	19.557738020768173	11.194169898661329	36.388089578381084	0.0
217.0	30.367344333450358	18.916158682539177	16.353365461334697	34.36313152267577	0.0
218.0	31.240433777314617	16.57276842413782	16.73559774644218	35.45120005210538	0.0
219.0	35.308764940239044	15.265604249667994	15.99933598937583	33.42629482071713	0.0
220.0	31.740798062041588	17.939573379987888	19.009487921405018	31.31014063656551	0.0
221.0	31.793599944886502	14.68774758017292	12.469429230822225	41.04922324411835	0.0
222.0	34.89845482383584	16.5006511562423	12.660589208405195	35.94030481151667	0.0
223.0	33.571760666642824	17.470762848252924	15.721898358427811	33.235578126676444	0.0
224.0	33.1965110312981	15.418163160595178	15.890933079234774	35.49439272887195	0.0
225.0	36.36600819977637	14.494968319045846	12.41147968691763	36.72754379426016	0.0
226.0	30.27505508699947	16.681863080313047	13.555200972570475	39.487880860117016	0.0
227.0	28.726780185758514	18.36687306501548	25.03482972136223	27.871517027863778	0.0
228.0	35.36493604213695	17.543859649122805	13.575699972278327	33.51550433646192	0.0
229.0	32.382108884841124	20.61930783242259	16.8508399109492	30.14774337178709	0.0
230.0	34.19990848966349	14.820514953620897	15.781373486959776	35.198203069755834	0.0
231.0	29.425209514941166	13.159231355286549	18.699737577245408	38.715821552526876	0.0
232.0	30.547749773031864	13.025809519692189	17.119882408888504	39.30655829838744	0.0
233.0	34.69460069982726	14.483766665190236	14.412898082118971	36.408734552863535	0.0
234.0	28.2154486251809	19.54142547033285	16.959117221418236	35.284008683068016	0.0
235.0	33.210434141395524	15.568255138722462	14.139552032445387	37.081758687436626	0.0
236.0	33.55154712004898	19.620402204116232	15.838553195497573	30.989497480337214	0.0
237.0	30.0318563567912	24.727290278984455	17.965054541944202	27.275798822280144	0.0
238.0	30.581921184714012	18.35710381155891	17.875068329771903	33.185906673955174	0.0
239.0	30.25308704969895	18.726400653127868	15.889376466986427	35.13113583018676	0.0
240.0	30.78626799557032	18.435901492379898	20.144491905289247	30.633338606760535	0.0
241.0	23.618687550634622	19.98379692141507	19.22765325411828	37.169862273832024	0.0
242.0	33.98565630733307	12.108745204870184	16.478567854561625	37.42703063323511	0.0
243.0	29.301319981793355	18.041647701411016	12.91533909877105	39.74169321802458	0.0
244.0	29.066651130272664	25.34956886506642	12.444651596364483	33.139128408296436	0.0
245.0	42.3824715584181	13.224583157768013	8.992957322578704	35.39998796123518	0.0
246.0	35.07749535027898	16.05083694978301	17.476751394916302	31.3949163050217	0.0
247.0	34.74047092493821	20.658254195394825	14.394432158189149	30.206842721477823	0.0
248.0	32.28733721252425	15.045719035743973	26.039068994181214	26.62787475755057	0.0
249.0	24.985574148874782	21.234852856318522	22.149863984832248	31.629709009974444	0.0
250.0	17.70541298253181	14.341168859176193	29.933146430882037	38.02027172740996	0.0
