# Position (bp)	A	C	G	T	N
0.0	29.000219490781387	21.50460930640913	27.66132572431958	21.833845478489902	0.0
1.0	25.795654082528536	20.094381035996488	14.919885864793677	39.1900790166813	0.0
2.0	29.163927240850317	19.762217839140916	16.776243699320624	34.29761122068815	0.0
3.0	25.566254513622933	20.95962359120254	15.280665280665282	38.193456614509245	0.0
4.0	34.40742763517204	14.478427089022391	14.729655925723648	36.38448935008192	0.0
5.0	35.988682119926	14.53368157579715	21.79236043095005	27.685275873326802	0.0
6.0	32.97323706639162	16.66576190217686	21.638347538135825	28.722653493295695	0.0
7.0	35.71041802035954	17.197314273337668	19.18995018410223	27.902317522200565	0.0
8.0	25.060840408847547	23.73046346871451	21.84846682169704	29.360229300740905	0.0
9.0	29.349176343505267	18.250067512827435	17.375101269241156	35.025654874426145	0.0
10.0	27.905219409510444	16.47865277702812	24.078372105575646	31.53775570788579	0.0
11.0	27.666109823786172	17.664493183165384	20.14873093711268	34.52066605593577	0.0
12.0	27.028626775721047	19.333835557468788	21.846749892380544	31.790787774429617	0.0
13.0	27.200387117586967	21.205441152750147	18.5870208075703	33.007150922092585	0.0
14.0	30.8890679559495	17.802847166263767	20.1450443190975	31.163040558689232	0.0
15.0	30.044530285959546	18.52030688341649	20.038628681796233	31.396534148827726	0.0
16.0	29.883702234846453	18.146738839166083	18.328956535720028	33.64060239026743	0.0
17.0	30.140211923365083	18.131221235149308	19.76881087445146	31.95975596703414	0.0
18.0	30.73757349011224	18.033137359700696	19.989310529128808	31.239978621058256	0.0
19.0	29.691338246288584	18.9415785538823	19.3687920538289	31.998291146000213	0.0
20.0	30.197438633938102	18.33511205976521	19.898612593383138	31.568836712913555	0.0
21.0	29.569806492883416	17.959379497841034	19.93176608561224	32.539047923663304	0.0
22.0	29.828486204325134	19.45243421753489	19.25002663257697	31.469052945563014	0.0
23.0	29.482198925017293	18.029907934649568	19.833963067425895	32.653930072907244	0.0
24.0	29.831932773109244	18.753324114455907	19.84363365599404	31.571109456440805	0.0
25.0	29.63474932213302	17.853155404327715	19.82029879313095	32.691796480408314	0.0
26.0	30.64747437191268	18.399107664524355	19.509215488394325	31.44420247516864	0.0
27.0	30.026012634708287	18.53798375537506	20.173063651324522	31.262939958592135	0.0
28.0	29.988337574215436	17.923027989821882	19.635284139100932	32.45335029686175	0.0
29.0	29.72357551366236	18.47066299512815	19.709807244227918	32.09595424698157	0.0
30.0	30.52453289578151	18.48832901074472	19.610437728259143	31.376700365214628	0.0
31.0	29.99841110110693	18.780784916053175	19.511678406864043	31.70912557597585	0.0
32.0	30.29725003973931	18.762252953955386	19.821967890637417	31.118529115667886	0.0
33.0	30.15477578713029	18.22855931304993	19.9459344853175	31.67073041450228	0.0
34.0	29.94011976047904	18.350908801865295	19.156377510465795	32.55259392718987	0.0
35.0	29.505328455543182	18.567414241026455	19.431631408727	32.49562589470336	0.0
36.0	30.534918276374444	17.82530248354914	20.308851623859052	31.330927616217362	0.0
37.0	28.996657292937865	19.706054013901415	18.830583116676394	32.46670557648432	0.0
38.0	29.58404074702886	18.47410865874363	20.171901528013585	31.769949066213922	0.0
39.0	28.94694917954437	19.00058414316818	21.061016409112636	30.99145026817482	0.0
40.0	30.15940488841658	18.687566418703508	19.56960680127524	31.583421891604672	0.0
41.0	29.266996226013926	18.402168713123903	20.645298463828205	31.685536597033963	0.0
42.0	30.194494632798385	18.535444786906154	19.794877245190776	31.47518333510469	0.0
43.0	29.414577135571612	18.795155121121972	19.613259668508288	32.17700807479813	0.0
44.0	29.995221154356717	18.06934636011257	20.28354484150162	31.6518876440291	0.0
45.0	30.36435096664542	18.461865306989587	20.27830890163586	30.895474824729124	0.0
46.0	30.16201859229748	18.337317397078355	19.192563081009297	32.308100929614874	0.0
47.0	29.61624322313171	18.071648772190922	20.341235250345488	31.97087275433188	0.0
48.0	30.09569377990431	18.71876661350346	19.782030834662415	31.403508771929822	0.0
49.0	29.56382978723404	19.54787234042553	19.159574468085104	31.72872340425532	0.0
50.0	29.575815636808773	18.441641385917293	19.309170259194207	32.67337271807973	0.0
51.0	29.44497709598381	18.541600085224246	20.027697880046873	31.985724938745076	0.0
52.0	29.3365307753797	18.507860378363976	19.072741806554756	33.082867039701576	0.0
53.0	29.735060504291273	18.03401034170265	19.937096860173785	32.293832293832295	0.0
54.0	29.86244401791427	18.047558114736617	20.926636809554275	31.16336105779484	0.0
55.0	29.604736757881263	18.082893262922067	19.315090414466315	32.997279564730356	0.0
56.0	30.553037171350862	18.463015305850355	19.726947896112208	31.25699962668658	0.0
57.0	29.79517815233625	18.695327501600172	20.034136974610625	31.475357371452954	0.0
58.0	29.692832764505116	18.126066552901023	18.888651877133107	33.29244880546075	0.0
59.0	29.6290365625834	17.950360288230584	20.106752068321324	32.313851080864694	0.0
60.0	30.315170940170937	18.194444444444443	20.256410256410255	31.233974358974358	0.0
61.0	29.81827899518974	18.808123997862104	19.609834313201496	31.76376269374666	0.0
62.0	28.57371966214049	19.12220677857372	19.769058056238638	32.53501550304715	0.0
63.0	28.72721441171754	18.896669695835783	19.880258726679852	32.49585716576682	0.0
64.0	29.283156037846798	18.570588549740737	19.666435024322446	32.47982038809002	0.0
65.0	28.943289325992836	18.183761825859214	19.781923138596397	33.09102570955155	0.0
66.0	29.331266370877213	18.75768428930347	20.831774202170312	31.07927513764901	0.0
67.0	28.903618966162398	19.212059656812958	19.18533169401828	32.69898968300636	0.0
68.0	29.525896627291676	17.745470094606873	19.968998877545566	32.75963440055588	0.0
69.0	30.027268352670696	18.702881890605784	20.050259316687164	31.21959044003636	0.0
70.0	29.567217675065532	18.573797678275287	19.35483870967742	32.50414593698176	0.0
71.0	29.168226798609254	18.80716769189623	20.085584380850495	31.939021128644026	0.0
72.0	29.88118175979448	18.4114750588739	20.627274673517448	31.080068507814175	0.0
73.0	29.384673057355542	18.50800621217801	19.595137364108606	32.512183366357846	0.0
74.0	28.421447319085114	19.261877979538273	20.13498312710911	32.181691574267504	0.0
75.0	29.50538556347463	18.423449975885536	19.704195916617547	32.36696854402229	0.0
76.0	29.678872031308636	19.03179113279365	19.390982683750604	31.898354152147107	0.0
77.0	29.458445040214475	18.680965147453083	19.613941018766756	32.24664879356568	0.0
78.0	29.82192662518773	19.872344990345418	19.29843381248659	31.00729457198026	0.0
79.0	29.891100262861436	18.96893943457969	18.36274877957191	32.77721152298697	0.0
80.0	29.72204335694355	18.70036488516849	19.43013522215068	32.147456535737284	0.0
81.0	30.50783766373202	18.24672535967361	20.141722138715913	31.10371483787846	0.0
82.0	29.583892617449663	18.775838926174497	18.700671140939598	32.939597315436245	0.0
83.0	29.431348332706868	19.073189067282392	19.126886108575416	32.36857649143533	0.0
84.0	29.948965887724952	19.070641955412302	19.210314262691377	31.770077894171365	0.0
85.0	29.75282106394412	18.15153143471252	19.005910800644816	33.089736700698545	0.0
86.0	29.663066258262134	18.313719168144445	20.054812187651137	31.968402385942284	0.0
87.0	29.263180523458914	18.858494115117967	20.739506637287043	31.13881872413608	0.0
88.0	29.879621668099745	18.895098882201204	19.459372312983664	31.765907136715395	0.0
89.0	29.86670966354939	19.198108137160055	19.370095668064067	31.565086531226488	0.0
90.0	29.65810127943232	19.250618213095365	19.449521556821846	31.641758950650466	0.0
91.0	29.818807462766816	19.14081402225926	18.871982364643262	32.168396150330665	0.0
92.0	29.380445304937076	18.548994299236313	19.74292782618049	32.32763256964612	0.0
93.0	29.65891973316118	18.770174306003874	19.95373359156445	31.617172369270495	0.0
94.0	30.063495479982784	18.806500215238916	19.150882479552305	31.979121825226002	0.0
95.0	29.144241119483315	18.68675995694295	19.623250807319696	32.54574811625404	0.0
96.0	29.844961240310074	18.696167097329887	19.91817398794143	31.540697674418606	0.0
97.0	29.865934420933616	18.53227803801217	19.393743606310235	32.20804393474398	0.0
98.0	29.60469625161568	18.187203791469194	20.503015941404566	31.705084015510554	0.0
99.0	30.030709552287053	18.668175206077258	19.63256290070578	31.668552340929907	0.0
100.0	30.084516198938125	18.598981471448695	19.40621952540904	31.910282804204137	0.0
101.0	30.27138739326698	18.73606352314135	19.258171534236148	31.734377549355525	0.0
102.0	29.901585565883	18.737014762165117	19.967195188627667	31.394204483324224	0.0
103.0	29.339705559217755	18.913425620742693	19.60008789277082	32.14678092726873	0.0
104.0	30.33633401446954	18.302314022201358	19.94256364941735	31.418788313911744	0.0
105.0	30.325230325230322	18.575868575868576	19.74136974136974	31.35753135753136	0.0
106.0	29.787471411836897	18.83750766999498	19.60171807887544	31.77330283929269	0.0
107.0	29.959014092414797	18.342597271349167	19.639548593565774	32.05884004267026	0.0
108.0	29.264847149234335	18.918460756060348	20.39328699779624	31.42340509690908	0.0
109.0	29.147727272727273	18.886363636363637	19.289772727272727	32.67613636363637	0.0
110.0	29.476993426693344	18.57102029151186	20.08573878250929	31.86624749928551	0.0
111.0	29.26843284868686	18.981667720245962	19.98161025228435	31.768289178782826	0.0
112.0	30.103486153668268	18.7489159969937	18.64485170838874	32.5027461409493	0.0
113.0	29.44835203162239	18.479334999709355	20.304598035226416	31.767714933441844	0.0
114.0	30.218687872763418	18.576774646240203	19.167348848087943	32.03718863290843	0.0
115.0	29.294235176588117	19.069166127989657	19.5392842451666	32.097314450255624	0.0
116.0	29.63094393186657	18.464632126803878	19.52330257866099	32.38112136266856	0.0
117.0	30.154761904761905	18.595238095238095	19.74404761904762	31.50595238095238	0.0
118.0	29.561671763506624	18.960244648318042	18.86430413143851	32.61377945673682	0.0
119.0	29.61577899752699	18.42089390192412	19.138669401049523	32.82465769949937	0.0
120.0	29.65592572364828	18.587292918259603	20.26215182960131	31.494629528490808	0.0
121.0	29.81469023301327	18.800073390006727	19.509510121705095	31.875726255274905	0.0
122.0	29.384937754221617	19.277702452853447	19.727597682731417	31.60976211019352	0.0
123.0	28.4322848811961	19.666232396550654	19.57937837334822	32.322104348905015	0.0
124.0	29.262197788467546	18.82926219778847	18.691822327731618	33.21671768601237	0.0
125.0	28.997800816839458	18.912975180647187	19.541313226515868	32.54791077599749	0.0
126.0	30.492280435332823	18.178942039989877	20.178435839028094	31.150341685649202	0.0
127.0	29.431629922263287	18.688670829616413	19.204791640117243	32.67490760800305	0.0
128.0	29.5631473975423	18.39413240687126	20.311394196744516	31.731325998841925	0.0
129.0	29.930078984850443	18.898096594587596	19.759160947818206	31.412663472743752	0.0
130.0	29.690963619767896	19.057243447646368	19.32455339679228	31.927239535793454	0.0
131.0	29.729196792428027	18.28578940449586	20.36939660838701	31.6156171946891	0.0
132.0	29.976813514408747	18.469691950977143	19.82775753560782	31.725736999006294	0.0
133.0	30.066844919786096	18.72994652406417	19.318181818181817	31.885026737967912	0.0
134.0	29.728271862989686	18.36693412446902	19.263704402939787	32.64108960960151	0.0
135.0	28.51892186223795	18.853797985298122	19.602504764497684	33.02477538796624	0.0
136.0	28.638175072145117	19.5822454308094	20.20063212862443	31.57894736842105	0.0
137.0	30.645944633317146	18.816346353985985	21.15451328661625	29.383195726080626	0.0
138.0	30.570528526426322	19.76898844942247	20.056002800140007	29.604480224011198	0.0
139.0	30.140665865554535	21.27659574468085	18.654131618010886	29.928606771753728	0.0
140.0	29.78617248752673	19.579472558802564	19.151817533856022	31.482537419814683	0.0
141.0	30.44730965929554	18.857595620543112	21.227400417777137	29.467694302384214	0.0
142.0	27.344945703665914	20.093287661249178	21.74768602871511	30.8140806063698	0.0
143.0	27.34784212467724	19.771302102545185	17.978605680560676	34.902250092216896	0.0
144.0	28.86197098848512	19.26873037236429	16.23298938238373	35.636309256766864	0.0
145.0	29.6987631838531	18.893694513999545	15.43364443432734	35.973897867820014	0.0
146.0	35.0462962962963	14.953703703703702	18.549382716049383	31.450617283950617	0.0
147.0	35.33338569072489	16.42974946988141	21.01625697007775	27.22060786931595	0.0
148.0	32.45898976774403	17.191814195224946	19.652428130583075	30.696767906447946	0.0
149.0	31.46846926976786	19.20305968157965	21.43555990394023	27.89291114471227	0.0
150.0	17.71909117733845	24.90410150486869	23.620537031572734	33.75627028622012	0.0
