# Position (bp)	A	C	G	T	N
0.0	32.69331838407904	19.445709680810065	20.08689254055569	27.7740793945552	0.0
1.0	28.593952559475845	21.632038120598438	16.961564065730002	32.812445254195715	0.0
2.0	30.183193807138604	18.571578689271078	18.858804161266594	32.386423342323724	0.0
3.0	31.822798108912625	19.621782524951847	17.944317982840133	30.6111013832954	0.0
4.0	33.70790450185535	17.20226843100189	16.159070223342432	32.930756843800324	0.0
5.0	30.716460746911206	16.026740401106014	23.849357740366106	29.407441111616674	0.0
6.0	30.966545352743562	17.101763717805152	22.945828667413217	28.985862262038076	0.0
7.0	30.355393871554497	19.56065482020428	19.655100041975654	30.428851266265568	0.0
8.0	25.821908226077223	22.32792389479575	20.01259093452714	31.83757694459989	0.0
9.0	32.91254327376998	19.89719201314823	15.80935063118509	31.380914081896705	0.0
10.0	24.88986784140969	20.634920634920633	17.180616740088105	37.29459478358157	0.0
11.0	28.660817282483308	19.06875939455378	18.694725067291223	33.57569825567169	0.0
12.0	29.489464304434428	20.00559108222385	18.890869063843173	31.614075549498548	0.0
13.0	29.635969815539408	16.866964784795975	21.258384572386806	32.23868082727781	0.0
14.0	28.987531868822686	19.659134565012398	19.180665665490867	32.17266790067404	0.0
15.0	32.66887764007681	15.978355733984989	19.095828242276138	32.25693838366207	0.0
16.0	35.12617360650589	19.29775575023559	15.891242888555373	29.684827754703154	0.0
17.0	29.561789128462774	16.984160212127556	19.977670783615935	33.47637987579373	0.0
18.0	30.871430065906473	19.322104822680195	18.34919970708233	31.457265404330997	0.0
19.0	26.43798368542146	22.477863766297148	20.543122080457366	30.541030467824026	0.0
20.0	27.16724738675958	17.37282229965157	20.968641114982578	34.491289198606275	0.0
21.0	28.445543519905264	16.683501097140468	20.277942252098498	34.59301313085577	0.0
22.0	20.961565241609804	20.369725664949172	21.45244394931068	37.21626514413035	0.0
23.0	29.286285972787695	17.047708529074015	24.090893273480184	29.575112224658106	0.0
24.0	34.29913043478261	16.048695652173915	17.711304347826086	31.94086956521739	0.0
25.0	30.949813932459218	19.34059054707335	19.024101832852224	30.685493687615207	0.0
26.0	29.507284676101392	19.381758753781426	19.698181438853922	31.412775131263253	0.0
27.0	32.88847183123067	21.408959788690787	19.021304695374138	26.68126368470441	0.0
28.0	27.793218454697055	18.385214007782103	19.524735964424682	34.29683157309616	0.0
29.0	27.571359122161258	20.591707757483157	24.24821168136676	27.588721438988816	0.0
30.0	27.88495512684616	16.73379973146774	20.401385061126422	34.979860080559675	0.0
31.0	26.636347098417318	24.64617063853011	20.585774058577407	28.13170820447517	0.0
32.0	30.124924744130045	19.61544250451535	19.035972305839856	31.22366044551475	0.0
33.0	28.707529843893482	20.971074380165287	21.8510866238139	28.47030915212733	0.0
34.0	32.462509865824785	20.47750591949487	16.677190213101813	30.382794001578535	0.0
35.0	25.764262865935134	23.840952342389766	23.541320808195326	26.853463983479774	0.0
36.0	31.951098628779118	18.4825706261358	18.313233107549976	31.253097637535106	0.0
37.0	31.465704598800315	20.664174563157438	21.151004085890637	26.71911675215161	0.0
38.0	33.21745494465282	17.12560607446711	23.579727380843472	26.07721160003659	0.0
39.0	35.72817375634277	15.84862711623275	16.977284582918386	31.445914544506092	0.0
40.0	26.755852842809364	22.133479758398643	18.384665302251285	32.72600209654071	0.0
41.0	31.389533384893014	14.477958236658933	18.14900747615365	35.98350090229441	0.0
42.0	25.94837496081095	17.72912530044937	25.16459400146306	31.15790573727662	0.0
43.0	26.238622118057446	24.53807161933831	22.379680601733256	26.843625660870984	0.0
44.0	28.157503714710252	18.607840896102413	21.002400274317065	32.23225511487027	0.0
45.0	32.52508846220778	19.490689715180697	18.046290388073555	29.93793143453797	0.0
46.0	32.09536066678923	23.50922350922351	14.37764294907152	30.01777287491573	0.0
47.0	27.706102438395046	17.997677719004	22.764804541349505	31.531415301251453	0.0
48.0	34.2376304274655	18.768091551666107	19.98653651969034	27.007741501178057	0.0
49.0	27.241283895960155	20.97399003873824	20.413669064748202	31.371057000553403	0.0
50.0	28.28824960641191	20.68842135394304	18.2267067410906	32.79662229855445	0.0
51.0	30.297532656023225	19.528301886792455	19.288824383164005	30.885341074020317	0.0
52.0	31.642735834491276	17.106685193762544	18.588852863980236	32.66172610776594	0.0
53.0	36.00989282769992	15.39159109645507	21.13767518549052	27.460840890354493	0.0
54.0	30.083254656252684	20.950991331216205	20.69350270363059	28.272251308900525	0.0
55.0	35.12172714745062	15.057418465778593	19.531465319246667	30.289389067524112	0.0
56.0	20.525282736704366	19.450415926722123	26.067856809047573	33.95644452752594	0.0
57.0	25.119175017025004	23.45558906508415	19.875474267924893	31.54976164996595	0.0
58.0	24.83309730932632	18.602063524175602	14.606514262593567	41.95832490390451	0.0
59.0	27.77426826700358	20.551695093703938	21.288692356285534	30.385344283006948	0.0
60.0	27.513532189335482	17.72428884026258	22.227340780836116	32.53483818956582	0.0
61.0	27.36880914341895	17.979599360943837	15.914956372127321	38.73663512350989	0.0
62.0	23.257954246647383	20.483828556402838	18.682618985011835	37.575598211937944	0.0
63.0	28.365588359937842	19.94632010170928	20.42661392852098	31.261477609831896	0.0
64.0	29.067213354810367	25.128130033679895	14.819153609606092	30.98550300190365	0.0
65.0	32.524197265324936	21.355046858196346	16.792133968351514	29.328621908127207	0.0
66.0	30.365556458164093	18.586515028432167	22.112103980503655	28.935824532900078	0.0
67.0	40.875788038848185	14.39768273981939	17.021639120804224	27.7048901005282	0.0
68.0	30.035149384885763	22.759226713532513	20.31634446397188	26.889279437609844	0.0
69.0	28.823102070468583	24.26443879404286	19.705775517617145	27.206683617871413	0.0
70.0	32.27946916471507	18.36455893832943	21.291959406713502	28.064012490241996	0.0
71.0	34.181370537546165	19.45014361920394	17.726713171932705	28.641772671317195	0.0
72.0	33.32638164754953	21.0844629822732	16.642335766423358	28.94681960375391	0.0
73.0	29.078947368421055	21.403508771929825	19.10087719298246	30.416666666666664	0.0
74.0	30.149942329873124	20.968858131487888	17.370242214532873	31.510957324106116	0.0
75.0	30.814779725248698	17.929891046897207	17.62198010421601	33.633349123638084	0.0
76.0	27.66061794997548	21.383030897498774	20.794507111329082	30.161844041196666	0.0
77.0	27.67342849987478	21.512647132481845	19.484097170047583	31.329827197595794	0.0
78.0	28.57142857142857	20.05642472428828	20.774557578866375	30.597589125416775	0.0
79.0	29.502308876346845	19.291944586967677	20.702924576706003	30.502821959979475	0.0
80.0	30.111139829413286	19.410700439390023	19.07469630395451	31.403463427242183	0.0
81.0	29.18177110305541	18.306576903158987	21.02537545313309	31.486276540652515	0.0
82.0	28.269932256383534	18.759770713913497	19.984366857738404	32.98593017196457	0.0
83.0	29.543676662320728	18.357235984354627	19.765319426336376	32.333767926988266	0.0
84.0	29.882659713168184	17.679269882659714	19.947848761408082	32.49022164276402	0.0
85.0	30.827460193161055	19.52492821717567	20.020882276168102	29.62672931349517	0.0
86.0	29.7911227154047	19.242819843342037	19.216710182767624	31.74934725848564	0.0
87.0	29.06764168190128	19.221728910942804	20.449203447375293	31.26142595978062	0.0
88.0	29.419456066945603	18.697698744769873	20.868200836820083	31.014644351464437	0.0
89.0	30.18324607329843	19.76439790575916	18.376963350785342	31.675392670157066	0.0
90.0	31.14023591087811	18.505897771952817	19.65923984272608	30.694626474442988	0.0
91.0	30.79748163693599	18.809024134312697	19.438614900314796	30.95487932843652	0.0
92.0	31.800262812089358	17.398160315374508	19.526938239159	31.274638633377133	0.0
93.0	28.96261190100053	20.24749868351764	18.904686677198526	31.885202738283308	0.0
94.0	28.943903081380036	20.568870160653148	19.12035817750856	31.366868580458256	0.0
95.0	30.3477344573235	19.072708113804005	19.020021074815595	31.5595363540569	0.0
96.0	29.390018484288355	20.068655928175335	19.751782413519937	30.78954317401637	0.0
97.0	31.11111111111111	19.417989417989418	17.962962962962965	31.507936507936506	0.0
98.0	30.127186009538953	18.945416004239533	18.60095389507154	32.32644409114997	0.0
99.0	30.501725511016726	18.476241040615875	19.352269710645075	31.669763737722324	0.0
100.0	29.00133155792277	19.573901464713714	21.810918774966712	29.613848202396802	0.0
101.0	30.02938819129041	18.648143200641197	19.422922789206517	31.899545818861874	0.0
102.0	29.73190348525469	19.195710455764075	20.64343163538874	30.42895442359249	0.0
103.0	31.308787960225747	18.704649287825852	19.510884170921795	30.475678581026607	0.0
104.0	29.77058029689609	17.86774628879892	19.67611336032389	32.685560053981106	0.0
105.0	30.240735731674327	18.55558560995402	21.0440898025426	30.15958885582905	0.0
106.0	31.623235613463624	19.245385450597176	18.648208469055376	30.483170466883823	0.0
107.0	30.84265066812108	18.434687755658576	19.525497682028906	31.197163894191437	0.0
108.0	29.652910631320033	19.048920470073792	20.716042634599617	30.58212626400656	0.0
109.0	29.013698630136986	18.821917808219176	20.493150684931507	31.67123287671233	0.0
110.0	28.418156808803303	19.22971114167813	21.23796423658872	31.11416781292985	0.0
111.0	28.129317491019616	19.3976236529428	20.889748549323016	31.583310306714562	0.0
112.0	30.854605993340734	19.395116537180908	19.950055493895672	29.800221975582687	0.0
113.0	29.735744089012517	18.831710709318497	20.222531293463145	31.21001390820584	0.0
114.0	30.47486033519553	19.66480446927374	18.379888268156424	31.4804469273743	0.0
115.0	29.288116591928254	19.89910313901345	19.955156950672645	30.857623318385652	0.0
116.0	29.817158931082982	19.71870604781997	18.452883263009845	32.0112517580872	0.0
117.0	29.446640316205535	20.016939582156972	20.41219649915302	30.124223602484474	0.0
118.0	30.629608621667614	19.256948383437322	19.05842314237096	31.055019852524108	0.0
119.0	29.826062161391505	19.047619047619047	20.416310236669517	30.710008554319934	0.0
120.0	29.667812142038947	19.93127147766323	19.93127147766323	30.469644902634595	0.0
121.0	30.8819304797472	19.276070094800346	18.64406779661017	31.197931628842284	0.0
122.0	30.31439284684165	18.430920103836172	19.15200461494087	32.10268243438131	0.0
123.0	30.107215299913072	19.124891335844683	20.63170095624457	30.13619240799768	0.0
124.0	30.07562536358348	19.458987783595113	20.826061663758	29.63932518906341	0.0
125.0	29.514903565166566	18.90707188778492	19.257744009351256	32.32028053769726	0.0
126.0	30.020582181711262	19.43546015877683	20.229344310496913	30.314613349014998	0.0
127.0	30.097373856594867	19.769843611684863	18.825612275007376	31.307170256712897	0.0
128.0	30.80568720379147	18.364928909952607	18.838862559241708	31.990521327014214	0.0
129.0	30.047647409172125	18.40381179273377	20.9053007742704	30.643240023823704	0.0
130.0	30.93245666467424	19.784817692767483	18.768679019725045	30.514046622833234	0.0
131.0	31.131792254578205	19.573701591113778	18.643050135094565	30.651456019213448	0.0
132.0	30.346907993966816	18.461538461538463	19.638009049773757	31.553544494720963	0.0
133.0	29.987871437234688	19.193450576106734	18.34445118253487	32.47422680412371	0.0
134.0	30.362032248250685	19.561910556738667	18.101612412534227	31.974444782476425	0.0
135.0	28.047662694775433	19.64558509013138	20.776046440574397	31.53070577451879	0.0
136.0	31.232708269289887	18.444512757454657	19.182293267752843	31.140485705502613	0.0
137.0	29.693782864212803	21.2186823383854	18.62047633776678	30.467058459635016	0.0
138.0	29.26905132192846	19.564541213063762	18.3203732503888	32.846034214618975	0.0
139.0	30.199875078076204	21.267957526545906	18.64459712679575	29.887570268582138	0.0
140.0	30.94113943972301	18.822788794460184	18.16178785017312	32.07428391564369	0.0
141.0	34.01768793430196	18.7934301958307	17.62476310802274	29.5641187618446	0.0
142.0	32.95238095238095	19.523809523809526	18.6031746031746	28.920634920634917	0.0
143.0	34.96168582375479	19.316730523627076	17.720306513409962	28.001277139208174	0.0
144.0	28.709365947859673	23.78500160926939	19.536530415191503	27.969102027679433	0.0
145.0	27.858762552640105	23.582766439909296	23.388402980239714	25.170068027210885	0.0
146.0	27.82864617396992	25.441465009810333	22.400261608894702	24.32962720732505	0.0
147.0	28.57142857142857	25.024859131587668	23.16871063970832	23.23500165727544	0.0
148.0	29.92501704158146	27.16428084526244	20.41581458759373	22.494887525562373	0.0
149.0	21.504916631038906	28.77297990594271	22.445489525438223	27.276613937580162	0.0
