# Position (bp)	A	C	G	T	N
0.0	29.153573608037085	25.047590421801424	27.326465739450413	18.47237023071108	0.0
1.0	38.06231840496944	22.565601916368372	12.613055714949311	26.759023963712874	0.0
2.0	38.788016754689494	22.546894918958298	17.240029138590423	21.425059187761793	0.0
3.0	23.417156800262216	28.307263688839523	17.61385363366535	30.661725877232914	0.0
4.0	36.88851277571522	18.037053213947733	14.332641770401105	30.74179223993594	0.0
5.0	40.75634457719501	18.84855819540115	21.90505655295413	18.490040674449713	0.0
6.0	38.15892424986808	21.286642283967467	20.79261968448059	19.761813781683863	0.0
7.0	38.96045999599687	23.822261040449806	17.83758210964936	19.379696853903962	0.0
8.0	24.65654966610259	32.78654220572448	18.30340084065724	24.253507287515692	0.0
9.0	32.93029095474644	23.33915606747093	16.167185253925798	27.563367723856835	0.0
10.0	30.96784758993395	19.833688156194842	27.19125862037593	22.00720563349528	0.0
11.0	37.526611714613246	16.031624724784834	19.219571665120004	27.222191895481924	0.0
12.0	24.532816565678623	29.442109285441344	19.52799461397092	26.497079534909112	0.0
13.0	26.676310570082062	29.894280983314225	20.556980912349655	22.872427534254054	0.0
14.0	30.710373564787012	26.905580726750006	19.19682660989501	23.187219098567972	0.0
15.0	32.622777808104516	19.015775970304055	24.589224302636605	23.77222191895482	0.0
16.0	27.005658969739976	22.092727041141256	24.137052604763724	26.76456138435504	0.0
17.0	33.49072911549029	17.554633622650435	21.156540568080498	27.798096693778774	0.0
18.0	34.41508815983405	19.939225212438817	23.65394763178485	21.99173899594228	0.0
19.0	33.951998835453175	29.18827446913041	20.99095656604254	15.868770129373875	0.0
20.0	32.22155503393562	15.231908583074038	20.014738795785796	32.531797587204544	0.0
21.0	30.029841512455192	17.750241097585384	24.294448386920685	27.92546900303874	0.0
22.0	35.79525811088669	14.838874028786142	24.633804610877597	24.73206324944957	0.0
23.0	25.280673981476426	25.111450770602474	22.06998198591626	27.537893262004843	0.0
24.0	30.374656549666103	22.54125953017814	21.898029368415305	25.18605455174045	0.0
25.0	26.43430318248813	23.475626398820896	19.95833105882781	30.131739359863165	0.0
26.0	31.9240497115927	20.22126389722874	25.719198646214313	22.135487744964244	0.0
27.0	30.048947358844185	21.517732045053407	25.471732445366378	22.961588150736027	0.0
28.0	24.42818931164365	27.476936514001853	20.475098713539676	27.61977546081482	0.0
29.0	29.166439216114416	26.20230361919319	19.053987663082044	25.57726950161035	0.0
30.0	29.43274704422712	26.255291198365207	14.184060721062618	30.12790103634506	0.0
31.0	40.672880782283364	24.09509609315685	16.809213234419737	18.422809890140044	0.0
32.0	33.92182170185304	24.049045819120494	24.230662856089243	17.79846962293722	0.0
33.0	40.57902943994589	19.257143930711855	22.950758073909856	17.213068555432393	0.0
34.0	32.590370791746395	23.069762631225114	24.20954646532554	20.130320111702954	0.0
35.0	29.32188282565329	26.366350221417356	25.85136033729008	18.46040661563928	0.0
