# Position (bp)	A	C	G	T	N
0.0	26.905163236337827	24.055735450674238	23.519007274662883	25.520094038325052	0.0
1.0	25.560015968772177	20.23376508161817	14.509403832505324	39.69681511710433	0.0
2.0	27.288244552326486	19.01033007470462	18.585821639954776	35.115603733014126	0.0
3.0	23.428704401400648	22.57158370639599	14.962213554363727	39.03749833783963	0.0
4.0	33.15883356599969	13.751135633406458	14.799796139954353	38.2902346606395	0.0
5.0	34.4382781691701	16.011453764012586	22.66936948912225	26.880898577695067	0.0
6.0	32.59049222453591	17.33695892959993	20.36684240840016	29.705706437464002	0.0
7.0	33.39554201855185	17.22054547971757	20.303475010383497	29.080437491347084	0.0
8.0	23.07189651066846	26.33362683368498	21.90398662081416	28.6904900348324	0.0
9.0	28.784858351606974	18.81132744146898	15.66327773716969	36.74053646975436	0.0
10.0	26.761132706512953	16.77076757810337	24.070013400223704	32.39808631515997	0.0
11.0	27.411754934802467	18.71542869798732	19.853270950416654	34.019545416793555	0.0
12.0	25.951354014982474	19.92015990166712	20.773374822131544	33.35511126121886	0.0
13.0	26.85154939402831	20.846644040770904	18.17416772321849	34.1276388419823	0.0
14.0	30.45038062283737	18.113217993079587	20.01660899653979	31.419792387543254	0.0
15.0	29.5372641065527	18.6683126387405	18.993816533162093	32.8006067215447	0.0
16.0	29.030347644639765	17.13869808991936	18.821849418562817	35.00910484687807	0.0
17.0	30.168583774572454	17.80005643434528	20.43753215927764	31.59382763180463	0.0
18.0	30.763911937161193	17.051665007191062	18.319504369952426	33.86491868569532	0.0
19.0	29.24882603140539	18.068330779824887	19.820572244008474	32.86227094476125	0.0
20.0	29.86964865417904	17.51530536060923	19.879548056343637	32.7354979288681	0.0
21.0	29.453823566819104	18.060816527408356	19.689889902067584	32.79547000370495	0.0
22.0	28.945927863268654	17.61284151041465	20.067901200435717	33.373329425880975	0.0
23.0	29.16348758777022	17.730966992867806	19.938077071930117	33.16746834743186	0.0
24.0	30.14655882531802	18.887347069652762	18.538502789095716	32.427591315933505	0.0
25.0	29.559463329150383	17.62699496387367	18.46727070699253	34.34627099998341	0.0
26.0	30.657010973216508	17.808673539898837	20.082368224660716	31.45194726222394	0.0
27.0	30.110058981885317	18.21418108046854	19.058832634063556	32.616927303582585	0.0
28.0	28.793088199526835	17.85990669290468	19.664138678223186	33.6828664293453	0.0
29.0	29.852470524506252	18.532112120190366	19.574049404962608	32.04136795034077	0.0
30.0	29.831737678820176	18.06885267649855	18.92840559842572	33.171004046255554	0.0
31.0	29.119542745956462	18.398505301095597	19.394049948592087	33.087902004355854	0.0
32.0	29.592716659480615	18.266945264391452	20.05406122516666	32.08627685096127	0.0
33.0	30.49698711924374	17.263530322295317	19.58648902648018	32.65299353198076	0.0
34.0	29.105211949671627	17.4258673683745	20.247993277756894	33.220927404196985	0.0
35.0	30.340588082457586	17.493214220561327	19.63481173953663	32.531385957444456	0.0
36.0	29.786116654596917	17.416926028093958	19.137832862520938	33.65912445478819	0.0
37.0	29.109795401650718	18.609549397150772	18.660961573544288	33.61969362765422	0.0
38.0	29.626824413976117	18.224237063246353	19.763931888544892	32.38500663423264	0.0
39.0	28.22019748554242	18.49795990579077	20.27875758815529	33.00308502051152	0.0
40.0	29.59191007757081	17.747847866111563	20.25134491090138	32.40889714541624	0.0
41.0	28.921424977468636	17.83875836977977	20.890859730508296	32.348956922243296	0.0
42.0	29.721435838457115	18.14537532622639	19.73946122882293	32.39372760649356	0.0
43.0	29.328297546436332	18.327904932011347	19.835323132731325	32.50847438882099	0.0
44.0	28.923371287320343	17.874502994475566	20.986766795883494	32.21535892232059	0.0
45.0	28.505223339951225	18.96329559845816	19.609231126571288	32.92224993501932	0.0
46.0	29.319374623242027	18.01580586110973	19.851896094990018	32.81292342065823	0.0
47.0	29.632620104965685	17.82757533693542	19.37164378031313	33.168160777785765	0.0
48.0	30.541468729088667	18.61875978166494	18.6624489141315	32.17732257511489	0.0
49.0	29.115695166463883	18.359141687866387	19.325848910518747	33.19931423515098	0.0
50.0	29.460562554612924	19.05009457023084	19.462111073012643	32.02723180214359	0.0
51.0	29.87650087660596	17.988949787347007	19.47945644899923	32.6550928870478	0.0
52.0	29.074095582582533	17.572881580912245	19.845470584656567	33.50755225184866	0.0
53.0	30.16592920353982	17.472345132743364	20.198561946902654	32.16316371681416	0.0
54.0	29.675824266995583	18.323312886828873	20.21438408823155	31.786478757943993	0.0
55.0	28.258284336229835	18.16663255767646	19.20760206423921	34.3674810418545	0.0
56.0	28.50434205431716	18.367166325571105	20.533768460644946	32.59472315946678	0.0
57.0	28.90995784978593	17.427620006416568	19.144051952074875	34.518370191722624	0.0
58.0	29.506192644057112	17.176773850945075	19.4546932995536	33.86234020544422	0.0
59.0	29.91199101655631	17.0408846258097	21.031989688953797	32.0151346686802	0.0
60.0	29.119693768046993	18.386086802597664	20.228678268373365	32.265541160981975	0.0
61.0	29.98849404788246	17.50785502500332	19.61930787272647	32.88434305438775	0.0
62.0	28.212418752593006	17.708200802102063	20.558152399391506	33.521228045913425	0.0
63.0	28.75761313913029	17.283554513118663	20.431148456904516	33.52768389084653	0.0
64.0	28.745049012015134	17.713473325515015	20.156329520058417	33.38514814241144	0.0
65.0	29.529625880257342	17.59187037743886	20.32792870537863	32.550575036925174	0.0
66.0	29.771309081253317	18.243826340945297	20.124137015400954	31.860727562400427	0.0
67.0	28.99762128671793	17.576478397964266	19.16966310781656	34.25623720750124	0.0
68.0	29.76229331356593	17.329298718253682	20.496877230056036	32.41153073812434	0.0
69.0	29.320874962658085	17.389716865270355	20.125911419435504	33.163496752636064	0.0
70.0	27.96430606498155	17.79164522928319	20.005089649754645	34.238959055980615	0.0
71.0	28.850494589391225	17.896501360950673	21.074819093142136	32.17818495651596	0.0
72.0	29.276091947663964	17.26757212801859	20.28934192691765	33.1669939973998	0.0
73.0	29.888243430152144	17.851728907330568	19.65255878284924	32.60746887966805	0.0
74.0	29.304335317679865	17.814858255693007	20.36205103237657	32.51875539425056	0.0
75.0	31.33140055991413	17.45139480585586	19.353000409423377	31.86420422480663	0.0
76.0	29.170885550668107	18.01698619525825	19.69900683320884	33.1131214208648	0.0
77.0	29.059280489559242	17.532395675412484	21.512277711996635	31.896046123031635	0.0
78.0	29.712217875580293	18.46542021944701	18.552844898659306	33.269517006313386	0.0
79.0	29.857518328952832	17.703140130031816	18.9973716973302	33.44196984368516	0.0
80.0	30.273569349608792	18.227443255386728	20.264273303748297	31.234714091256183	0.0
81.0	30.06861443116423	18.783753873395305	19.649181053563524	31.498450641876936	0.0
82.0	29.907038512616204	17.824258521469677	18.20274457724657	34.06595838866755	0.0
83.0	29.6861944366053	18.47363557385304	19.709269188842224	32.130900800699436	0.0
84.0	30.846742955798046	18.45160362115142	19.018238562163837	31.683414860886693	0.0
85.0	29.972774660513295	17.361687528359727	18.95315249510276	33.71238531602421	0.0
86.0	30.986531204001906	17.431964319311177	20.060426973007072	31.521077503679845	0.0
87.0	29.71119952632074	18.510566478338582	19.52543535882864	32.25279863651204	0.0
88.0	29.59066786933689	17.501618624418263	19.477723854373608	33.42998965187124	0.0
89.0	28.915315953449504	18.408805414289432	20.462959376227815	32.212919256033246	0.0
90.0	29.53133041510102	19.083247096063708	19.852465094658086	31.532957394177185	0.0
91.0	29.303265080243495	18.806308799114554	19.280575539568346	32.6098505810736	0.0
92.0	29.191477587161042	18.75594908688434	20.192584394023243	31.859988931931376	0.0
93.0	29.828716898641357	18.20028224355959	19.29605135725947	32.67494950053958	0.0
94.0	29.004836906593468	17.63478588110286	19.98184776472932	33.37852944757435	0.0
95.0	30.009795728619576	17.661643357997907	20.48801545179339	31.84054546158912	0.0
96.0	29.5148016758076	18.646956925988853	19.19098561616922	32.64725578203432	0.0
97.0	29.462323933918142	17.99429947145585	19.05415502116944	33.48922157345657	0.0
98.0	28.45773236957749	17.500359748065662	21.491349442667225	32.55055843968962	0.0
99.0	29.45659633819655	18.472292944275942	18.964333945847816	33.10677677167969	0.0
100.0	29.412710379847884	18.074373018160852	19.69476905337384	32.818147548617425	0.0
101.0	28.93605916581531	18.647003953271444	20.002331985963664	32.41460489494958	0.0
102.0	30.1304652481954	17.463212804057434	19.263366292584724	33.142955655162446	0.0
103.0	28.78895085492704	17.39048075369521	19.8000991704227	34.02046922095504	0.0
104.0	30.408452590922288	18.174968185572997	19.398428255676365	32.018150967828355	0.0
105.0	29.83621962679554	17.83125251711639	19.25146552109903	33.081062334989035	0.0
106.0	28.989324441704728	17.325226260192217	19.83076017820617	33.85468911989689	0.0
107.0	28.864734299516908	17.3592854735423	20.638130547129535	33.13784967981126	0.0
108.0	28.819473758266493	17.611931898128606	20.681018713944	32.8875756296609	0.0
109.0	28.036039490079556	18.302219766465004	20.150991480652454	33.51074926280299	0.0
110.0	29.107533136425502	17.47208746773893	21.39876094899786	32.02161844683771	0.0
111.0	28.69894784477882	18.549044009503337	19.954180337142212	32.79782780857563	0.0
112.0	29.690341955406975	17.68195597359549	19.152902512961443	33.474799558036096	0.0
113.0	29.754768392370572	17.686194368755675	20.872502270663034	31.686534968210715	0.0
114.0	29.8929894127218	17.767398465100666	18.893256796964337	33.4463553252132	0.0
115.0	28.929060218978105	17.740077554744527	19.81922901459854	33.511633211678834	0.0
116.0	29.97925251913284	17.576488474574333	20.365109938786357	32.07914906750647	0.0
117.0	29.45096758296229	17.81361206140728	20.26050530924261	32.47491504638783	0.0
118.0	29.061547031764174	18.10287893319244	19.667254360323213	33.16831967472017	0.0
119.0	30.405953758223543	18.077691249517954	20.096811884493405	31.419543107765097	0.0
120.0	29.215776727021105	18.734286702802443	19.39626340675816	32.65367316341829	0.0
121.0	29.00179076887528	17.434001501935185	20.362775114089306	33.201432615100224	0.0
122.0	29.387214040937298	17.98937204779105	20.887167731777346	31.736246179494305	0.0
123.0	29.003666063390416	18.479395795628566	19.772959302055778	32.743978838925244	0.0
124.0	28.808888423769908	17.973360310234362	19.609997732544958	33.607753533450776	0.0
125.0	28.824825945492076	17.975719833467448	19.719180398605232	33.480273822435244	0.0
126.0	29.257899720601817	17.49862638968448	19.964110777288084	33.27936311242562	0.0
127.0	29.57284193745018	17.76972851315234	19.17112111408074	33.48630843531674	0.0
128.0	28.961934869727703	17.79447885205251	20.785982066258477	32.45760421196131	0.0
129.0	29.85749883654486	18.581114914022137	18.609391292053747	32.95199495737925	0.0
130.0	30.01889243121974	17.526272287164954	19.046522611878615	33.40831266973669	0.0
131.0	30.34792899408284	18.1396449704142	20.066272189349114	31.446153846153845	0.0
132.0	30.566608355323627	19.221988317964836	18.774868799478163	31.436534527233373	0.0
133.0	30.236414206247325	18.347358912185612	19.414134930822993	32.002091950744074	0.0
134.0	30.754339357405797	17.895307418305713	19.91815680060995	31.432196423678537	0.0
135.0	29.373779129156937	17.671340075626787	20.06260416604441	32.89227662917187	0.0
136.0	29.461006082032537	18.077118974143872	19.246187494382358	33.21568744944123	0.0
137.0	30.252525252525253	17.992424242424242	23.185425685425685	28.569624819624817	0.0
138.0	30.308257389793912	19.976719359722082	19.816288004439002	29.898735246045007	0.0
139.0	30.4777973307209	19.081656718854884	19.576930752344843	30.863615198079376	0.0
140.0	28.502822631990636	21.364686478652896	19.62259803416264	30.509892855193826	0.0
141.0	31.539878531434095	16.769714323928333	20.94451233228158	30.74589481235599	0.0
142.0	27.268571567886486	19.65770290367409	23.87729478021308	29.196430748226344	0.0
143.0	26.206348721395617	18.81335736763313	19.602211970303383	35.37808194066787	0.0
144.0	27.455172540539213	18.740849194729137	18.628742258189014	35.17523600654263	0.0
145.0	26.920430107526883	19.705069124423964	17.134869431643626	36.23963133640553	0.0
146.0	33.6102681765475	14.451187920953299	18.576221843929638	33.36232205856956	0.0
147.0	34.24261674327068	16.198323430863322	21.98099223995117	27.578067585914827	0.0
148.0	31.407202955972043	17.04008496511724	20.522001259213564	31.030710819697156	0.0
149.0	32.725455398486424	16.500418171062563	22.29157742284234	28.482549007608675	0.0
150.0	26.87016855189987	18.588915861784	25.033142227502026	29.50777335881411	0.0
