# Position (bp)	A	C	G	T	N
0.0	28.944470662262074	25.793088983273034	17.796654606470558	27.465785747994335	0.0
1.0	26.563068447585884	20.638220466711708	14.70297801569565	38.09573307000675	0.0
2.0	27.283956971537393	19.50177569612435	17.674610118894435	35.53965721344382	0.0
3.0	24.519670631290026	21.566534512554643	15.263799939005796	38.64999491714954	0.0
4.0	34.46282639027307	13.678493123380505	15.357783535977676	36.50089695036874	0.0
5.0	35.276752767527675	15.183271832718326	23.744157441574416	25.795817958179583	0.0
6.0	32.6145289554569	18.090452261306535	19.81265551056252	29.48236327267405	0.0
7.0	32.9507482202528	18.2333284904838	20.32543948859509	28.490483800668315	0.0
8.0	22.731646300394495	25.281439430385838	22.000384874434715	29.98652939478495	0.0
9.0	28.967266462480858	18.151799387442573	16.897970903522204	35.98296324655437	0.0
10.0	27.637281516407107	16.48806972424632	24.24632090298614	31.628327856360432	0.0
11.0	28.281487101669196	18.593512898330804	19.96870257966616	33.15629742033384	0.0
12.0	27.085498346717053	19.924421350968352	20.533774208786017	32.45630609352858	0.0
13.0	27.222666729420624	21.028851131924505	18.30846707770509	33.440015060949776	0.0
14.0	30.95439189189189	18.308933933933936	20.622184684684687	30.114489489489486	0.0
15.0	30.158507504558845	18.763734979192968	18.894655631925936	32.183101884322255	0.0
16.0	29.89062136374215	17.66348615313009	19.050500349080753	33.39539213404701	0.0
17.0	30.267062314540063	18.726817507418396	19.760756676557865	31.24536350148368	0.0
18.0	31.216466234967623	18.311748381128584	18.098982423681775	32.37280296022202	0.0
19.0	30.112141769347918	18.127278600766072	19.02256680049841	32.7380128293876	0.0
20.0	29.598230740877256	18.609472908219683	20.010136380390712	31.782159970512346	0.0
21.0	29.982517482517483	18.361244019138756	19.000736105999263	32.6555023923445	0.0
22.0	29.814891369252678	17.991823986036472	19.539754719581094	32.65352992512976	0.0
23.0	30.041265474552958	18.02384227418615	20.183402109124255	31.751490142136635	0.0
24.0	30.44434264773248	18.676133760879523	18.790655061841502	32.088868529546495	0.0
25.0	29.483366128220386	18.345307280464926	19.631171921475314	32.54015466983938	0.0
26.0	30.42026798371976	17.793936068047746	19.84725842593863	31.93853752229387	0.0
27.0	29.560409431548162	18.840248583439955	19.475415828916105	32.12392615609578	0.0
28.0	29.74429223744292	18.105022831050228	19.41095890410959	32.73972602739726	0.0
29.0	29.995435874030125	18.27476038338658	19.65769055225924	32.07211319032405	0.0
30.0	30.077590141487903	18.82245549977179	18.817891373801917	32.282062984938385	0.0
31.0	29.821999087174806	17.927886809675947	19.863076220903697	32.38703788224555	0.0
32.0	30.502053856686445	18.315837517115472	19.612049292560474	31.570059333637605	0.0
33.0	30.041077133728887	18.051118210862622	19.52533089913282	32.38247375627567	0.0
34.0	29.65769055225924	18.411684162482885	19.315381104518483	32.61524418073939	0.0
35.0	30.273847558192607	17.722501141031493	19.92697398448197	32.076677316293924	0.0
36.0	29.837053265781186	18.62248391072162	19.256926377287872	32.28353644620932	0.0
37.0	29.491509950702937	18.56855943034508	19.682307832755157	32.25762278619682	0.0
38.0	29.81238873419455	18.491806271967864	20.011868352581367	31.68393664125622	0.0
39.0	30.044290215058673	18.432948267202413	19.341582576138077	32.18117894160084	0.0
40.0	30.002741228070175	17.991593567251464	19.5906432748538	32.41502192982456	0.0
41.0	29.88206253428415	17.992320351069665	20.58877308465899	31.5368440299872	0.0
42.0	29.929577464788732	19.13297969635998	19.082677885494785	31.8547649533565	0.0
43.0	29.79278166598051	17.62956863821417	20.021956909564977	32.555692786240336	0.0
44.0	29.477970444251266	18.621036738802214	20.18575284805783	31.715239968888685	0.0
45.0	29.997711146715496	19.043259327077134	19.32249942778668	31.63653009842069	0.0
46.0	29.340905968030047	18.174323272111025	19.956029863051345	32.528740896807584	0.0
47.0	29.86757091142373	18.398020437153463	19.424460431654676	32.30994821976814	0.0
48.0	30.365003668378577	18.94258987527513	19.176449009537784	31.515957446808514	0.0
49.0	29.89946288390029	18.257356654271682	19.35913326906303	32.484047192765	0.0
50.0	29.313594777251623	18.54627373454094	20.2427474598869	31.897384028320534	0.0
51.0	30.379280151159037	18.48933130559012	19.088437255173048	32.042951288077795	0.0
52.0	29.671344165435748	18.140694239290987	19.294682422451995	32.89327917282127	0.0
53.0	30.31255779545034	18.073793230996856	19.88163491769928	31.732014055853526	0.0
54.0	29.83553393560343	18.44336344683808	19.138290479499652	32.582812138058834	0.0
55.0	29.164345403899723	18.207985143918293	19.795728876508818	32.831940575673165	0.0
56.0	29.56796726038227	18.01609077803097	20.676184718411385	31.73975724317537	0.0
57.0	29.045488441461597	18.008948545861298	19.775354213273676	33.170208799403426	0.0
58.0	29.74588938714499	17.71767563527653	19.67955904334828	32.856875934230196	0.0
59.0	29.05278921752153	18.803818794459005	20.390303257207037	31.75308873081243	0.0
60.0	30.512291236629764	18.418089697879527	19.431413023081255	31.638206042409458	0.0
61.0	29.964238659890835	17.885375494071145	19.621682665160925	32.528703180877095	0.0
62.0	29.584848627969585	18.523591366362822	20.086903131346524	31.80465687432107	0.0
63.0	29.844024083819278	18.56065993457545	18.954155407007065	32.64116057459821	0.0
64.0	29.211290399352656	18.187443476605264	19.415488600123755	33.18577752391832	0.0
65.0	29.535039144548403	18.140156578193622	20.3312965438228	31.993507733435173	0.0
66.0	29.795390291820407	17.772773012602425	19.828453687287364	32.60338300828981	0.0
67.0	30.290935320990624	17.571531618177445	19.326761240682856	32.81077182014908	0.0
68.0	29.336229785179825	17.977311127202512	20.067583876418055	32.618875211199615	0.0
69.0	29.05366137156141	18.670089112747	19.66776443239055	32.60848508330105	0.0
70.0	29.082078678970376	18.00874210781933	19.679456046624573	33.22972316658572	0.0
71.0	29.6675940840533	18.055352174549714	20.51544882120369	31.761604920193292	0.0
72.0	30.469746003726588	17.828773168578994	19.348828086692162	32.35265274100226	0.0
73.0	30.023675643681564	17.667949097366083	19.69517608759988	32.61319917135247	0.0
74.0	29.354886696087668	18.73357465165865	20.29553230525115	31.61600634700253	0.0
75.0	30.27811004784689	18.2914673046252	18.824760765550238	32.605661881977674	0.0
76.0	29.317087845968715	17.88006417970317	19.985960689931808	32.816887284396316	0.0
77.0	29.414727510829053	18.575601893824924	20.40394882643296	31.605721768913064	0.0
78.0	29.835651074589126	18.376738305941846	19.039190897597976	32.748419721871045	0.0
79.0	29.523277088839194	18.1845903638951	19.17056312258589	33.12156942467981	0.0
80.0	30.389703253485877	18.126564175902754	19.92951631850452	31.554216252106848	0.0
81.0	30.158240854911632	18.665228113440197	19.024866420057542	32.15166461159063	0.0
82.0	30.379681357334988	17.877094972067038	19.20649699979309	32.53672667080488	0.0
83.0	29.93902756787743	18.47933712022513	19.703997081661367	31.877638230236073	0.0
84.0	30.128070543774932	18.386521100146965	18.80642452235986	32.67898383371824	0.0
85.0	29.807692307692307	17.471470836855453	19.58474218089603	33.13609467455622	0.0
86.0	29.98828790459966	18.095187393526405	20.027683134582624	31.88884156729131	0.0
87.0	30.16520060072946	18.461703497103628	19.4217978974469	31.95129800472002	0.0
88.0	30.623818525519848	17.612746421820148	19.546313799621927	32.21712125303808	0.0
89.0	30.841985106267327	17.839865195412298	19.986954394738273	31.331195303582106	0.0
90.0	30.154822473877125	18.2230975436293	19.470430548717108	32.15164943377646	0.0
91.0	29.43414956982131	18.078535186410765	19.42973748069711	33.05757776307082	0.0
92.0	29.52825990209168	18.213173119715176	20.321539830885627	31.93702714730752	0.0
93.0	30.47169280935515	17.777028166638555	19.356833642547926	32.39444538145837	0.0
94.0	29.861861179011996	18.145642658177476	19.311011312603036	32.68148485020749	0.0
95.0	30.154994259471874	17.893226176808266	20.229621125143513	31.722158438576347	0.0
96.0	29.99071494893222	18.42502321262767	18.668755803156916	32.915506035283194	0.0
97.0	29.743649771742948	17.827461079246167	20.145148074446915	32.28374107456397	0.0
98.0	29.7617643590046	18.30404528835948	20.533081731336242	31.401108621299684	0.0
99.0	30.091022666428696	18.924385745731453	18.79945267416265	32.1851389136772	0.0
100.0	29.997603068072863	17.659395973154364	20.0323585810163	32.31064237775647	0.0
101.0	30.07377842283503	18.819545234639573	20.26487663280116	30.84179970972424	0.0
102.0	29.864972200158856	18.01796297427751	19.465998655831857	32.65106616973178	0.0
103.0	29.51002227171492	17.662707250680523	20.056916604800794	32.77035387280376	0.0
104.0	30.318047801267173	17.583589486230476	20.042657298789283	32.05570541371306	0.0
105.0	29.59547131408218	18.502735020989697	19.221473095026077	32.68032056990205	0.0
106.0	29.290912603851353	17.936497713660078	19.78489083531912	32.98769884716945	0.0
107.0	30.295325640524158	17.556555186126864	19.864397939891777	32.2837212334572	0.0
108.0	29.816453188960786	17.819886438663673	19.952462696421495	32.41119767595404	0.0
109.0	29.05441451053614	17.79807948786343	20.338757001867165	32.80874899973326	0.0
110.0	29.590942785902012	18.215513174742235	20.452860704899255	31.7406833344565	0.0
111.0	29.35705071627402	18.528073867879694	19.74336343268382	32.37151198316247	0.0
112.0	29.16037865276444	17.848813280285363	19.652901632597064	33.33790643435314	0.0
113.0	30.023673583066422	18.13814232001114	19.864921320150398	31.97326277677204	0.0
114.0	30.08606094808127	18.02341986455982	19.43425507900677	32.456264108352144	0.0
115.0	29.823306388153657	17.54775019672366	19.844051791973673	32.78489162314901	0.0
116.0	30.91871510405337	18.069755637734755	19.918787615111306	31.092741643100574	0.0
117.0	30.001467782181123	17.972992807867314	19.51416409804785	32.51137531190371	0.0
118.0	29.501116902457188	17.341772151898734	19.955323901712585	33.201787043931496	0.0
119.0	30.47145654466034	17.35201084500678	19.822262388913995	32.35427022141889	0.0
120.0	29.216821575499008	18.017674843821425	19.937528569251867	32.827975011427704	0.0
121.0	29.7665819274324	17.240582389646406	20.060087820660964	32.93274786226023	0.0
122.0	29.950785094914462	17.764237168971174	20.099992188110306	32.184985548004065	0.0
123.0	29.632860201411464	18.11117278566331	19.332328919197526	32.923638093727696	0.0
124.0	29.806993458774127	17.653234272793345	19.672131147540984	32.86764112089154	0.0
125.0	29.35103244837758	18.543100622746643	20.058997050147493	32.04686987872829	0.0
126.0	29.544504805683243	18.002507312996237	20.108650229837025	32.34433765148349	0.0
127.0	30.162788715588512	17.830051990113354	19.406801329583224	32.6003579647149	0.0
128.0	30.289628858827612	17.247658688865762	20.4474505723205	32.01526187998612	0.0
129.0	29.468300855303763	17.917291244158363	19.248743497046117	33.365664403491756	0.0
130.0	29.355992844364938	17.549194991055455	20.241502683363148	32.853309481216456	0.0
131.0	29.853596435391474	18.050377375647905	20.57833954714922	31.517686641811405	0.0
132.0	30.079277286135692	17.67146017699115	19.515117994100294	32.73414454277287	0.0
133.0	29.679895170348185	17.727442905278924	19.936353425683265	32.656308498689626	0.0
134.0	30.102284676417167	18.19137749737119	20.189274447949526	31.517063378262115	0.0
135.0	29.205607476635514	17.980919003115265	19.986370716510905	32.82710280373832	0.0
136.0	28.946322067594433	18.071570576540754	19.860834990059644	33.12127236580517	0.0
137.0	30.523432744978695	18.25928180158247	21.708257252992492	29.509028200446334	0.0
138.0	30.640985813399606	19.405612509060784	19.29170549860205	30.661696178937557	0.0
139.0	31.17734094271824	18.29422954977806	19.985203973789897	30.5432255337138	0.0
140.0	28.637537666810157	20.189410245372365	19.888075764098147	31.284976323719327	0.0
141.0	31.3172338090011	16.926454445664106	20.153677277716795	31.602634467618003	0.0
142.0	28.60657571013196	19.324535898009394	23.20509953030642	28.863788861552226	0.0
143.0	28.089630730536186	18.97793529210015	19.14942265919744	33.78301131816623	0.0
144.0	28.799436685834994	18.530688886280952	18.824081680553924	33.84579274733013	0.0
145.0	27.410983705491855	19.565479782739892	18.35847917923959	34.66505733252866	0.0
146.0	32.32726365677227	15.440259416313296	18.77026689947618	33.46221002743827	0.0
147.0	33.84715025906736	15.841968911917098	22.150259067357513	28.160621761658035	0.0
148.0	31.730108561220284	15.748247904356191	21.50611515734506	31.015528377078468	0.0
149.0	33.73623011015912	13.739290085679315	23.653610771113833	28.870869033047736	0.0
150.0	28.732606242948478	16.039864610755924	25.460699511094397	29.7668296352012	0.0
