# Position (bp)	A	C	G	T	N
0.0	55.73456079785194	11.737629459148447	15.841963943229768	16.68584579976985	0.0
1.0	15.490797546012269	52.99079754601227	17.71472392638037	13.803680981595093	0.0
2.0	19.811676082862522	49.11487758945386	12.429378531073446	18.64406779661017	0.0
3.0	54.07629020194465	13.537771129394166	13.163799551234106	19.222139117427076	0.0
4.0	55.153099327856616	12.658700522778194	11.239731142643764	20.948469006721435	0.0
5.0	19.656844461022008	47.4449832152182	11.86124580380455	21.03692651995524	0.0
6.0	19.233630952380953	49.21875	12.5	19.047619047619047	0.0
7.0	56.98884758364312	11.486988847583643	12.230483271375464	19.29368029739777	0.0
8.0	56.86711210096511	12.954714179658499	12.91759465478842	17.260579064587972	0.0
9.0	18.961038961038962	47.86641929499073	13.46938775510204	19.703153988868273	0.0
10.0	19.280682239525397	11.7908787541713	11.494252873563218	57.43418613274008	0.0
11.0	19.230769230769234	11.316568047337277	14.016272189349113	55.43639053254438	0.0
12.0	17.90328534514581	11.443337024732374	13.621262458471762	57.032115171650055	0.0
13.0	18.77761413843888	46.90721649484536	14.175257731958762	20.139911634756995	0.0
14.0	17.5303197353914	12.826166850422638	49.650863653068726	19.99264976111724	0.0
15.0	51.50073206442167	14.055636896046853	13.396778916544655	21.046852122986824	0.0
16.0	17.434210526315788	13.559941520467836	14.473684210526317	54.53216374269005	0.0
17.0	19.956220357533745	44.91061656329806	13.024443633710325	22.10871944545786	0.0
18.0	18.69533527696793	12.93731778425656	13.666180758017493	54.70116618075802	0.0
19.0	17.940320232896653	50.254730713246	14.701601164483261	17.103347889374092	0.0
20.0	18.063112078346027	13.347841857091042	13.674283641639462	54.91476242292347	0.0
21.0	17.220216606498195	13.68231046931408	16.064981949458485	53.03249097472924	0.0
22.0	18.934485241180706	11.843052555795536	47.91216702663787	21.31029517638589	0.0
23.0	19.489392304926287	12.944983818770226	12.47752606975908	55.08809780654441	0.0
24.0	53.79087315846209	12.648221343873518	12.68415379087316	20.876751706791232	0.0
25.0	22.369838420107722	11.741472172351886	44.596050269299816	21.292639138240574	0.0
26.0	54.30416068866572	11.69296987087518	11.154949784791967	22.847919655667145	0.0
27.0	17.754662840746054	13.199426111908178	11.047345767575322	57.99856527977044	0.0
28.0	18.42954463965579	46.43241305127286	11.97561850125493	23.16242380781642	0.0
29.0	21.50537634408602	9.749103942652331	10.967741935483872	57.77777777777777	0.0
30.0	20.222301900322694	11.22266045177483	45.858730727859445	22.69630692004303	0.0
31.0	19.426523297491038	10.39426523297491	12.831541218637993	57.34767025089605	0.0
32.0	18.994614003590666	11.885098743267504	11.956912028725315	57.16337522441651	0.0
33.0	18.597122302158272	47.84172661870504	11.726618705035971	21.83453237410072	0.0
34.0	20.51097517092479	10.50737675422814	14.033825116948542	54.94782295789853	0.0
35.0	20.237666546633058	10.875045012603529	12.27943824270796	56.60785019805545	0.0
36.0	20.122390208783298	11.519078473722102	12.59899208063355	55.75953923686106	0.0
37.0	52.845821325648416	13.976945244956774	13.112391930835734	20.064841498559076	0.0
38.0	53.956834532374096	13.057553956834534	10.0	22.98561151079137	0.0
39.0	55.80726357425386	13.124775260697591	9.133405249910103	21.93455591513844	0.0
40.0	19.12293314162473	46.29762760603882	14.054636951833213	20.524802300503232	0.0
41.0	18.786127167630056	10.946531791907514	49.45809248554913	20.809248554913296	0.0
42.0	55.607814761215636	10.455861070911721	14.942112879884226	18.99421128798842	0.0
43.0	54.50597176981542	13.355048859934854	12.305465074194716	19.833514296055014	0.0
44.0	20.73615160349854	47.08454810495627	10.932944606413994	21.246355685131196	0.0
45.0	28.73062015503876	13.80813953488372	16.666666666666664	40.79457364341085	0.0
46.0	30.60253699788584	13.953488372093023	16.596194503171247	38.8477801268499	0.0
47.0	32.140860816098375	15.036333147009504	19.340413638904415	33.4823923979877	0.0
48.0	28.243847874720355	18.90380313199105	17.449664429530202	35.40268456375839	0.0
49.0	28.53107344632768	19.887005649717516	18.135593220338983	33.44632768361582	0.0
50.0	29.468325791855204	20.588235294117645	16.968325791855204	32.97511312217195	0.0
51.0	30.124575311438278	17.723669309173275	19.309173272933183	32.84258210645527	0.0
52.0	28.199320498301244	18.40317100792752	20.328425821064553	33.069082672706685	0.0
53.0	31.31370328425821	19.648924122310305	20.838052095130237	28.199320498301244	0.0
54.0	28.78186968838527	22.26628895184136	17.620396600566572	31.3314447592068	0.0
55.0	29.51566951566952	17.89173789173789	21.48148148148148	31.11111111111111	0.0
56.0	27.02394526795895	18.529076396807298	19.783352337514255	34.6636259977195	0.0
57.0	30.514285714285716	17.2	21.142857142857142	31.142857142857146	0.0
58.0	30.857142857142854	19.77142857142857	16.171428571428574	33.2	0.0
59.0	29.37142857142857	18.628571428571426	20.97142857142857	31.02857142857143	0.0
60.0	29.731275014293885	17.438536306460833	21.326472269868496	31.503716409376786	0.0
61.0	27.974828375286044	18.7070938215103	22.31121281464531	31.006864988558352	0.0
62.0	29.770114942528735	19.54022988505747	23.50574712643678	27.183908045977013	0.0
63.0	34.427173287276915	16.350028785261948	19.919401266551525	29.303396660909613	0.0
64.0	29.838709677419356	18.26036866359447	21.71658986175115	30.184331797235025	0.0
65.0	27.73302646720368	18.52704257767549	22.89988492520138	30.84004602991945	0.0
66.0	29.11392405063291	15.65017261219793	23.36018411967779	31.875719217491373	0.0
67.0	29.948066935949218	17.426428159261395	17.541834968263128	35.083669936526256	0.0
68.0	26.847575057736723	18.18706697459584	20.207852193995382	34.75750577367205	0.0
69.0	26.15473441108545	18.99538106235566	22.0554272517321	32.79445727482679	0.0
70.0	28.17551963048499	21.131639722863742	18.36027713625866	32.33256351039261	0.0
71.0	27.886836027713624	20.669745958429562	20.034642032332563	31.40877598152425	0.0
72.0	27.713625866050805	18.59122401847575	20.034642032332563	33.660508083140876	0.0
73.0	28.422876949740033	18.313113807047948	22.12593876372039	31.138070479491624	0.0
74.0	28.84393063583815	17.398843930635838	23.468208092485547	30.289017341040463	0.0
75.0	30.133024869866976	19.02834008097166	22.15153267784847	28.6871023713129	0.0
76.0	29.09196067090804	19.664545980335454	19.60670908039329	31.636784268363215	0.0
77.0	30.364372469635626	21.052631578947366	18.392134181607865	30.19086176980914	0.0
78.0	31.00057836899942	20.01156737998843	19.838056680161944	29.1497975708502	0.0
79.0	30.052113491603937	19.05037637521714	18.239722061378114	32.65778807180081	0.0
80.0	29.47307469600463	16.79212507237985	20.613781123335265	33.12101910828025	0.0
81.0	27.79386218876665	19.513607411696583	18.818760856977416	33.87376954255935	0.0
82.0	30.978575564562828	19.9189345686161	21.54024319629415	27.562246670526925	0.0
83.0	30.515344528083382	18.355529820497974	20.382165605095544	30.746960046323103	0.0
84.0	27.18840579710145	18.666666666666668	21.73913043478261	32.405797101449274	0.0
85.0	31.517960602549245	17.265353418308226	21.2630359212051	29.953650057937427	0.0
86.0	30.82271147161066	17.265353418308226	20.336037079953652	31.575898030127465	0.0
87.0	32.387022016222474	19.003476245654692	21.147161066048668	27.46234067207416	0.0
88.0	33.14020857473928	18.6558516801854	18.192352259559673	30.011587485515644	0.0
89.0	29.6231884057971	16.98550724637681	17.91304347826087	35.47826086956521	0.0
90.0	29.907084785133563	16.840882694541232	18.118466898954704	35.1335656213705	0.0
91.0	29.98256827425915	18.710052295177224	16.908773968622896	34.39860546194073	0.0
92.0	29.56926658905704	18.39348079161816	17.753201396973225	34.28405122235157	0.0
93.0	32.20536756126021	17.444574095682615	18.319719953325556	32.030338389731625	0.0
94.0	32.847141190198364	16.569428238039674	20.30338389731622	30.280046674445742	0.0
95.0	30.80070134424313	16.773816481589712	20.92343658679135	31.502045587375804	0.0
96.0	29.49093036863663	17.612638970157988	19.485078993563487	33.411351667641895	0.0
97.0	32.41661790520772	15.915740198946752	19.836161497952016	31.831480397893504	0.0
98.0	31.187829139847867	19.89467524868344	17.72966647162083	31.187829139847867	0.0
99.0	31.165787932044527	18.27768014059754	18.394844756883423	32.161687170474515	0.0
100.0	31.433607520564046	14.747356051703878	19.388954171562865	34.430082256169214	0.0
101.0	30.053034767236298	19.563936358279317	19.32822628167354	31.054802592810844	0.0
102.0	31.191037735849058	16.50943396226415	21.462264150943398	30.837264150943394	0.0
103.0	27.902843601895732	18.424170616113745	19.01658767772512	34.6563981042654	0.0
104.0	28.90207715133531	18.160237388724035	20.0	32.93768545994065	0.0
105.0	28.69047619047619	18.80952380952381	20.05952380952381	32.44047619047619	0.0
106.0	30.99940155595452	18.850987432675044	19.210053859964095	30.939557151406344	0.0
107.0	30.575539568345324	19.784172661870503	19.18465227817746	30.455635491606714	0.0
108.0	34.354354354354356	16.936936936936934	16.396396396396394	32.312312312312315	0.0
109.0	29.415310427968656	20.855937311633514	18.625678119349008	31.103074141048825	0.0
110.0	25.9214501510574	19.033232628398792	21.268882175226587	33.77643504531722	0.0
111.0	28.554143980641257	17.543859649122805	20.75015124016939	33.15184513006655	0.0
112.0	26.350941105039468	19.12568306010929	20.522161505768064	34.001214329083176	0.0
113.0	29.90255785627284	19.30572472594397	18.331303288672352	32.460414129110845	0.0
114.0	30.103595368677638	16.270566727605118	19.74405850091408	33.88177940280317	0.0
115.0	28.31804281345566	19.327217125382262	17.920489296636084	34.43425076452599	0.0
116.0	28.186274509803923	19.91421568627451	17.401960784313726	34.497549019607845	0.0
117.0	31.637032495401595	19.681177191906805	17.903126916002453	30.778663396689147	0.0
118.0	27.535341118623236	17.885679164105717	21.32759680393362	33.25138291333743	0.0
119.0	23.79778051787916	20.28360049321825	25.64734895191122	30.27127003699137	0.0
120.0	25.92821782178218	21.65841584158416	22.957920792079207	29.455445544554454	0.0
121.0	29.900744416873447	17.990074441687344	19.78908188585608	32.32009925558313	0.0
122.0	28.944099378881987	17.080745341614907	21.801242236024844	32.17391304347826	0.0
123.0	31.38231631382316	17.496886674968867	21.170610211706105	29.950186799501864	0.0
124.0	30.798004987531176	17.01995012468828	20.012468827930174	32.16957605985037	0.0
125.0	29.260651629072683	18.546365914786968	18.922305764411025	33.27067669172932	0.0
126.0	31.03448275862069	17.86833855799373	18.244514106583072	32.85266457680251	0.0
127.0	27.52985543683218	20.11313639220616	20.490257699560026	31.866750471401634	0.0
128.0	31.44297416509137	16.194076874606175	19.029615626969125	33.33333333333333	0.0
129.0	29.20353982300885	19.40581542351454	17.509481668773706	33.88116308470291	0.0
130.0	28.544303797468356	20.189873417721518	16.139240506329113	35.12658227848101	0.0
131.0	31.38500635324015	21.21982210927573	18.55146124523507	28.843710292249046	0.0
132.0	29.961832061068705	18.384223918575064	21.119592875318066	30.53435114503817	0.0
133.0	28.881789137380192	20.702875399361023	19.297124600638977	31.11821086261981	0.0
134.0	25.911708253358924	19.44977607165707	21.8170185540627	32.82149712092131	0.0
135.0	26.718047527296086	17.533718689788053	22.414900449582532	33.33333333333333	0.0
136.0	26.24113475177305	16.569954867827207	21.470019342359766	35.71889103803997	0.0
137.0	28.70967741935484	17.35483870967742	19.548387096774196	34.38709677419355	0.0
138.0	26.679586563307495	16.666666666666664	21.77002583979328	34.883720930232556	0.0
139.0	28.996763754045308	19.223300970873787	18.77022653721683	33.00970873786408	0.0
140.0	29.442282749675748	16.277561608300907	20.233463035019454	34.04669260700389	0.0
141.0	31.66449934980494	17.23016905071521	20.48114434330299	30.624187256176853	0.0
142.0	31.527415143603132	15.078328981723239	19.386422976501304	34.007832898172325	0.0
143.0	33.85826771653544	18.241469816272964	19.42257217847769	28.47769028871391	0.0
144.0	31.797235023041477	17.116524028966428	17.906517445687953	33.17972350230415	0.0
145.0	28.34541858932103	19.18259723137772	19.18259723137772	33.28938694792353	0.0
146.0	28.807947019867548	17.019867549668874	20.99337748344371	33.17880794701987	0.0
147.0	30.590577305905775	18.646317186463172	17.58460517584605	33.178500331785	0.0
148.0	26.73333333333333	21.8	19.733333333333334	31.733333333333334	0.0
149.0	32.57372654155496	20.44235924932976	15.683646112600535	31.300268096514746	0.0
150.0	28.42741935483871	20.900537634408604	19.086021505376344	31.586021505376344	0.0
151.0	29.22868741542625	19.147496617050066	19.147496617050066	32.47631935047362	0.0
152.0	27.932203389830505	18.576271186440678	18.440677966101696	35.05084745762712	0.0
153.0	31.1820652173913	18.342391304347828	19.157608695652172	31.3179347826087	0.0
154.0	31.56100886162236	17.4505794137696	19.972733469665986	31.01567825494206	0.0
155.0	30.061770761839394	21.002059025394644	17.364447494852435	31.57172271791352	0.0
156.0	30.551724137931036	16.275862068965516	18.344827586206897	34.82758620689655	0.0
157.0	32.2045611610228	17.69177608845888	20.317899101589497	29.78576364892882	0.0
158.0	29.14642609299098	20.95766828591256	17.071478140180428	32.82442748091603	0.0
159.0	33.472512178148925	15.24008350730689	19.554627696590117	31.732776617954073	0.0
160.0	27.393431167016075	18.099231306778478	22.431865828092242	32.075471698113205	0.0
161.0	30.15427769985975	18.513323983169705	21.458625525946704	29.873772791023846	0.0
162.0	30.33075299085151	18.93033075299085	21.323011963406053	29.415904292751584	0.0
163.0	29.943502824858758	17.16101694915254	16.807909604519775	36.08757062146893	0.0
164.0	30.905233380480908	15.487977369165487	20.509193776520508	33.097595473833096	0.0
165.0	29.7661233167966	18.355776045357903	22.537207654145995	29.3408929836995	0.0
166.0	27.706552706552706	20.7977207977208	19.65811965811966	31.837606837606835	0.0
167.0	28.172043010752688	20.07168458781362	22.078853046594983	29.677419354838708	0.0
168.0	28.746397694524497	18.227665706051873	19.38040345821326	33.64553314121038	0.0
169.0	25.811103100216293	18.312905551550106	20.54794520547945	35.32804614275415	0.0
170.0	29.377713458755427	17.221418234442837	18.162083936324166	35.23878437047757	0.0
171.0	30.84179970972424	15.529753265602322	18.069666182873732	35.55878084179971	0.0
172.0	29.90517870167761	22.027716994894238	15.171407731582786	32.89569657184537	0.0
173.0	29.941434846266475	18.667642752562223	18.374816983894583	33.01610541727672	0.0
174.0	30.073529411764703	20.514705882352942	18.823529411764707	30.58823529411765	0.0
175.0	28.002947678703023	17.686072218128224	21.665438467207075	32.64554163596168	0.0
176.0	28.254437869822485	17.75147928994083	19.600591715976332	34.39349112426036	0.0
177.0	27.380952380952383	22.395833333333336	18.080357142857142	32.142857142857146	0.0
178.0	25.0936329588015	21.872659176029963	22.247191011235955	30.786516853932582	0.0
179.0	25.86989409984871	19.51588502269289	21.104387291981848	33.50983358547655	0.0
180.0	30.722433460076044	14.82889733840304	21.59695817490494	32.85171102661597	0.0
181.0	26.737967914438503	18.792971734148207	19.17494270435447	35.294117647058826	0.0
182.0	30.787037037037035	17.438271604938272	21.83641975308642	29.938271604938272	0.0
183.0	28.505034856700235	23.70255615801704	21.30131680867545	26.491092176607285	0.0
184.0	29.64980544747082	21.32295719844358	18.910505836575876	30.116731517509727	0.0
185.0	28.582615505090054	20.6734534064213	22.474549725920127	28.26938136256852	0.0
186.0	28.762805358550043	18.912529550827422	22.22222222222222	30.102442868400313	0.0
187.0	30.45886075949367	21.677215189873415	17.484177215189874	30.37974683544304	0.0
188.0	30.303030303030305	18.022328548644335	19.617224880382775	32.057416267942585	0.0
189.0	29.943955164131303	19.375500400320256	20.09607686148919	30.58446757405925	0.0
190.0	29.89524576954069	17.56647864625302	19.016921837228043	33.52135374697824	0.0
191.0	28.107229894394802	17.790414297319252	20.552396425670185	33.549959382615754	0.0
192.0	29.681112019623875	20.5233033524121	20.5233033524121	29.27228127555192	0.0
193.0	30.88356729975227	17.91907514450867	19.40545004128819	31.79190751445087	0.0
194.0	28.938640132669985	21.144278606965177	21.22719734660033	28.689883913764515	0.0
195.0	28.23725981620718	18.045112781954884	20.96908939014202	32.748538011695906	0.0
196.0	27.45762711864407	19.322033898305087	20.25423728813559	32.96610169491526	0.0
197.0	31.502145922746784	19.399141630901287	19.82832618025751	29.270386266094423	0.0
198.0	26.79509632224168	22.679509632224168	21.453590192644484	29.071803852889666	0.0
199.0	27.05992509363296	23.127340823970037	20.318352059925093	29.49438202247191	0.0
200.0	26.286966046002192	16.64841182913472	21.467688937568454	35.59693318729463	0.0
201.0	31.946508172362552	19.61367013372957	15.601783060921248	32.838038632986624	0.0
202.0	33.97913561847988	18.181818181818183	18.7779433681073	29.06110283159464	0.0
203.0	36.47234678624813	17.189835575485798	18.086696562032888	28.251121076233183	0.0
204.0	34.63855421686747	17.92168674698795	23.19277108433735	24.246987951807228	0.0
205.0	35.053110773899846	17.450682852807283	23.21699544764795	24.279210925644918	0.0
206.0	32.618683001531394	18.98928024502297	18.98928024502297	29.402756508422666	0.0
207.0	27.97527047913447	23.338485316846985	16.383307573415763	32.30293663060278	0.0
208.0	25.117004680187204	17.004680187207487	21.528861154446176	36.349453978159126	0.0
209.0	22.605965463108323	18.524332810047095	24.018838304552588	34.850863422291994	0.0
210.0	24.6422893481717	17.965023847376788	21.303656597774246	36.089030206677265	0.0
211.0	28.27476038338658	21.08626198083067	21.884984025559106	28.753993610223645	0.0
212.0	28.525641025641026	15.544871794871796	24.358974358974358	31.570512820512818	0.0
213.0	28.478964401294498	19.902912621359224	18.932038834951456	32.68608414239482	0.0
214.0	30.76923076923077	24.058919803600652	18.821603927986907	26.350245499181668	0.0
215.0	28.899835796387517	21.839080459770116	19.376026272578	29.88505747126437	0.0
216.0	31.125827814569533	19.370860927152318	16.721854304635762	32.78145695364238	0.0
217.0	26.845637583892618	16.2751677852349	23.993288590604024	32.88590604026846	0.0
218.0	25.21440823327616	18.010291595197256	20.754716981132077	36.02058319039451	0.0
219.0	19.444444444444446	23.703703703703706	23.88888888888889	32.96296296296296	0.0
220.0	0.0	31.83098591549296	28.169014084507044	40.0	0.0
