# Position (bp)	A	C	G	T	N
0.0	32.51671997673743	18.908112823495202	21.692352428031406	26.88281477173597	0.0
1.0	24.90549578365804	25.741494620529227	23.27711544053504	26.075894155277695	0.0
2.0	30.065879968145946	21.544921450807212	17.744154057771663	30.64504452327518	0.0
3.0	30.405893398815543	19.44966055178391	21.399682218691318	28.744763830709232	0.0
4.0	32.5515947467167	18.34319526627219	18.14836195699235	30.95684803001876	0.0
5.0	28.926871484205975	20.907255156497907	18.556180585605077	31.609692773691044	0.0
6.0	28.29644582221902	22.997620935765266	19.79669814721361	28.909235094802106	0.0
7.0	32.310352280095096	18.58655716446942	18.93235357683164	30.170736978603845	0.0
8.0	31.95394026628284	18.877293990644116	18.38071248650594	30.78805325656711	0.0
9.0	27.789367671390547	20.66038414502554	19.27199482051651	32.27825336306741	0.0
10.0	26.907601666906167	16.079896536858744	20.405230636585717	36.60727115964937	0.0
11.0	27.615423278523732	18.02972643067423	19.68837509872909	34.66647519207295	0.0
12.0	27.168998923573735	17.74668101901686	19.90670972371726	35.177610333692144	0.0
13.0	28.12992972895454	20.17782876810555	20.342750609493763	31.34949089344615	0.0
14.0	27.247311827956988	19.13978494623656	23.806451612903228	29.806451612903224	0.0
15.0	29.308122045552214	19.116172468127775	21.078642028362697	30.497063457957314	0.0
16.0	26.929686381211514	18.78132607761707	20.249176571674067	34.03981096949735	0.0
17.0	29.388193202146688	19.60644007155635	19.842576028622542	31.16279069767442	0.0
18.0	26.067062272109816	20.36176449560306	20.51190391077429	33.059269321512836	0.0
19.0	27.919942816297354	22.458899213724088	19.03502501786991	30.586132952108645	0.0
20.0	27.125303614802114	18.345477925417917	19.852836119445634	34.676382340334335	0.0
21.0	27.358423195029637	19.324430479183032	21.26687138470328	32.050274941084055	0.0
22.0	28.589789360942518	18.450553373795074	21.88504105676544	31.074616208496963	0.0
23.0	27.714714071535663	19.69015492253873	19.2832155350896	33.31191547083601	0.0
24.0	31.60373991863536	17.257868817357792	19.449004353722074	31.689386910284778	0.0
25.0	29.0953196347032	18.164954337899545	19.434931506849313	33.30479452054795	0.0
26.0	31.32177758755974	17.32648548398602	18.396461944503887	32.95527498395035	0.0
27.0	28.1374786081004	19.566457501426125	16.400456360524814	35.895607529948656	0.0
28.0	29.04880655504097	19.501246882793016	16.829355183469897	34.62059137869612	0.0
29.0	29.087154656792936	17.153232697237257	17.274280831671888	36.48533181429792	0.0
30.0	28.458187531243308	17.75333857030636	20.359922873669927	33.428551024780404	0.0
31.0	31.091896527083033	14.742032299556953	19.04387594683436	35.122195226525655	0.0
32.0	29.421440320389042	18.043338339412145	18.472430808839306	34.06279053135951	0.0
33.0	29.174115123346446	21.480157311405076	18.5770468358956	30.768680729352877	0.0
34.0	29.526462395543174	17.80587100921363	19.634311834868935	33.03335476037426	0.0
35.0	27.341844785540093	21.230813369674365	18.663032563477262	32.76430928130828	0.0
36.0	28.986651356394432	16.31979331132482	18.580450696138943	36.11310463614181	0.0
37.0	32.54076574958695	19.294590905825732	18.411033690108468	29.753609654478847	0.0
38.0	31.356906712663505	19.21086675291074	17.277562167600976	32.15466436682478	0.0
39.0	33.07946544043684	18.24256358672223	16.776835752263256	31.90113522057767	0.0
40.0	28.237241776434175	20.938602173756568	19.59260059022529	31.231555459583966	0.0
41.0	29.154939741646825	16.771306920689906	23.79302879411128	30.280724543551997	0.0
42.0	33.65606936416185	17.232658959537574	18.540462427745666	30.570809248554916	0.0
43.0	31.935203934046864	19.07723459647093	17.91293028637547	31.07463118310674	0.0
44.0	30.444540978858964	20.7573124818998	17.01419055893426	31.783955980306978	0.0
45.0	31.769407237475022	17.738474062014355	18.65610893213942	31.8360097683712	0.0
46.0	30.2185099559997	17.480796479976135	18.741144007755985	33.55954955626817	0.0
47.0	30.441605021295675	18.299334977209895	18.86721960696406	32.39184039453038	0.0
48.0	29.017790402152787	18.5453730004485	17.999701001644492	34.43713559575423	0.0
49.0	28.964691801316576	18.38719329742669	19.80849790544584	32.83961699581089	0.0
50.0	27.512158623269734	21.71343060231949	18.74298540965208	32.0314253647587	0.0
51.0	28.678341565633886	19.720101781170484	18.455321059721598	33.14623559347403	0.0
52.0	28.001198232606907	18.10829027184902	19.890661274619937	33.99985022092414	0.0
53.0	29.471712251779692	20.41963282128138	19.460472086923943	30.648182840014986	0.0
54.0	27.285682142053552	21.473036825920648	18.735468386709666	32.505812645316134	0.0
55.0	29.111644657863145	18.667466986794718	18.689975990396157	33.53091236494598	0.0
56.0	27.15669344545386	18.852766724228545	20.2042195360012	33.78632029431639	0.0
57.0	30.874953060458132	17.018400300413067	19.932407059707096	32.1742395794217	0.0
58.0	30.083377150153982	18.74108014722452	19.46969127920078	31.705851423420718	0.0
59.0	28.739002932551323	18.926235055267313	19.87367471238439	32.46108729979697	0.0
60.0	29.220583809810414	17.54438760156485	19.334938308757145	33.90009027986759	0.0
61.0	30.907038012796388	17.591268347760632	20.12043658261197	31.381257056831014	0.0
62.0	29.409549630968517	19.287543304714568	20.982075613797257	30.32083145051966	0.0
63.0	31.644806271671943	19.380370872908188	18.890396502336802	30.08442635308307	0.0
64.0	27.8657616892911	19.826546003016592	21.809954751131222	30.497737556561088	0.0
65.0	30.730934600588366	18.94093686354379	19.1823187749868	31.145809760881043	0.0
66.0	28.37419841569219	18.25726141078838	21.184458694832138	32.18408147868729	0.0
67.0	29.076086956521742	18.304649758454104	19.829408212560388	32.789855072463766	0.0
68.0	27.816369676834796	19.027484143763214	20.552703110842646	32.60344306855934	0.0
69.0	28.357757969481796	20.199425895150323	21.551593896358966	29.891222239008915	0.0
70.0	28.268097325071786	20.303763034607826	19.533021006498412	31.895118633821973	0.0
71.0	28.42677950732961	18.70938491763639	19.91839202055312	32.94544355448088	0.0
72.0	28.28634061531484	18.693778819260714	21.316803991231385	31.703076574193062	0.0
73.0	28.685921669438986	18.48631483441706	20.958717677302282	31.869045818841673	0.0
74.0	29.53497164461248	18.65406427221172	21.088846880907372	30.72211720226843	0.0
75.0	29.944015736117414	18.800121047057043	20.880617339990923	30.375245876834615	0.0
76.0	30.12786562760082	18.612393130059772	19.31603238253764	31.943708859801774	0.0
77.0	27.75423728813559	20.066585956416468	19.340193704600484	32.83898305084746	0.0
78.0	29.373012267151292	18.574890201423596	19.824322277752536	32.227775253672576	0.0
79.0	28.333333333333332	20.5	18.742424242424242	32.42424242424242	0.0
80.0	28.6634826775832	18.050185732696537	21.3327268592222	31.953604730498064	0.0
81.0	27.115559599636036	17.690324537458295	20.442826812253564	34.751289050652105	0.0
82.0	28.782707622298066	18.437618505877893	20.857034508911642	31.922639362912403	0.0
83.0	28.994082840236686	18.115612198452435	21.37763617053558	31.5126687907753	0.0
84.0	27.4051593323217	18.179059180576633	20.88770864946889	33.52807283763278	0.0
85.0	30.131269443812126	17.17884513240762	20.881705743986643	31.808179679793614	0.0
86.0	31.008575548303863	17.712681186916598	20.558548986871063	30.720194277908476	0.0
87.0	32.09595384498596	18.27981477264101	20.329461777878997	29.294769604494043	0.0
88.0	31.76399119143443	18.42964537929987	17.579163186270787	32.22720024299491	0.0
89.0	31.22388513256856	17.655549646737065	18.88627212641495	32.23429309427942	0.0
90.0	29.316109422492403	17.439209726443767	20.11398176291793	33.130699088145896	0.0
91.0	28.16323428831978	19.613952427996047	18.154874990500797	34.067938293183374	0.0
92.0	29.013377926421402	17.619337184554578	19.527211918516265	33.84007297050775	0.0
93.0	31.686179109016273	17.006233845218187	19.712634939942223	31.594952105823324	0.0
94.0	29.4820111051951	16.41439111584392	19.60903628204153	34.49456149691945	0.0
95.0	29.722327881323697	17.634081399771777	20.87485736021301	31.76873335869152	0.0
96.0	30.548580993684855	17.33242029977935	19.767176443734307	32.35182226280149	0.0
97.0	30.035765923445705	18.187352560687923	19.754965375542195	32.02191614032417	0.0
98.0	31.47076735688185	19.00121802679659	19.107795371498174	30.420219244823386	0.0
99.0	29.9200609059764	18.835173201370385	19.916254282451465	31.328511610201755	0.0
100.0	31.72561629153269	16.3221558719951	19.315571887919155	32.636655948553056	0.0
101.0	31.893431893431895	18.44921844921845	19.604219604219605	30.05313005313005	0.0
102.0	31.06946488035313	17.672113374119107	20.204445132811895	31.053976612715868	0.0
103.0	29.982871379632513	19.00498287137963	19.472127063220178	31.540018685767674	0.0
104.0	28.570310053241464	18.15690573128719	19.77763858440338	33.49514563106796	0.0
105.0	29.992138364779876	18.034591194968552	20.062893081761008	31.910377358490567	0.0
106.0	31.393507521773557	18.80443388756928	18.638163103721297	31.163895486935868	0.0
107.0	30.10427445673804	19.159436440340684	19.15147655814694	31.584812544774337	0.0
108.0	32.60504201680672	18.599439775910366	17.398959583833534	31.396558623449376	0.0
109.0	28.702511268512552	17.908886027044428	20.339665164198326	33.04893754024469	0.0
110.0	26.677988031699822	19.68300177907165	19.941775836972344	33.69723435225619	0.0
111.0	30.6396484375	19.083658854166664	18.693033854166664	31.583658854166668	0.0
112.0	28.510638297872344	18.502454991816695	20.351882160392798	32.63502454991817	0.0
113.0	28.68670234664471	19.044874433923425	17.966241251543845	34.30218196788802	0.0
114.0	30.212131256214782	16.98707325157441	19.31554524361949	33.48525024859131	0.0
115.0	27.60546940136735	19.718192429548107	18.45089211272303	34.22544605636151	0.0
116.0	30.172558217456864	18.95627408276093	18.0515999329871	32.81956776679511	0.0
117.0	29.18809543883315	19.22266250737712	19.50088525419442	32.08835679959531	0.0
118.0	29.580330648579906	17.08350996184824	20.847816871555743	32.48834251801611	0.0
119.0	27.478898456816438	19.54983374541734	22.72145962997698	30.24980816778924	0.0
120.0	27.384009587399415	20.005136106831024	20.81835302174285	31.79250128402671	0.0
121.0	30.301464254952627	18.217054263565892	19.379844961240313	32.10163652024117	0.0
122.0	26.818928973094557	18.920321827147678	20.25261700839173	34.00813219136604	0.0
123.0	29.955640601896143	17.682873793163434	19.07454118465687	33.286944420283554	0.0
124.0	31.309065453272662	17.22961148057403	19.250962548127408	32.2103605180259	0.0
125.0	28.679644146921518	18.28591561701753	18.620628908658503	34.41381132740245	0.0
126.0	30.328014184397162	18.874113475177303	18.111702127659573	32.68617021276596	0.0
127.0	30.20582731889869	17.856188184977277	20.6629243517776	31.275060144346433	0.0
128.0	29.608036595210336	19.10485245313481	19.06000538164858	32.22710557000627	0.0
129.0	30.69566001985022	18.523865379409905	18.42461427411351	32.35586032662636	0.0
130.0	30.807622504537207	17.93103448275862	17.976406533575318	33.28493647912886	0.0
131.0	30.27012228508852	19.930644278152947	19.145829530936304	30.65340390582223	0.0
132.0	29.557148107313484	16.96986402058067	22.01396545387725	31.459022418228592	0.0
133.0	28.798668269675392	19.393322852122445	19.476555997410525	32.33145288079164	0.0
134.0	27.874791008731194	19.61731376555824	20.230354820731932	32.27754040497864	0.0
135.0	29.645522388059703	17.649253731343283	20.708955223880597	31.99626865671642	0.0
136.0	28.12646589736373	18.26625386996904	19.654751852894268	33.952528379772964	0.0
137.0	30.140473272367302	16.932214575280476	19.18544357499764	33.74186857735458	0.0
138.0	30.133738025230013	18.894052926112114	18.618988902589393	32.35322014606848	0.0
139.0	29.881769641495044	18.583142639206713	19.031273836765827	32.50381388253242	0.0
140.0	28.6590625898591	18.786542701044763	20.243458257452314	32.310936451643826	0.0
141.0	29.99903540079097	18.848268544419795	19.841805729719304	31.310890325069934	0.0
142.0	32.123799359658484	17.881051712428448	17.667604540603474	32.3275443873096	0.0
143.0	31.4296852158659	20.34889386999318	18.63366143650716	29.587759477633757	0.0
144.0	30.58361942128494	18.60716037273173	18.028445316331535	32.780774889651795	0.0
145.0	29.459432750271763	19.349738116414667	18.46032216622196	32.730506967091614	0.0
146.0	29.544097153095763	18.524785984471432	18.524785984471432	33.40633087796137	0.0
147.0	29.32798395185557	18.375125376128384	19.05717151454363	33.23971915747242	0.0
148.0	27.869183405672754	18.471787624911677	19.905117593620673	33.75391137579489	0.0
149.0	29.496037390774234	19.609835399309084	18.06543385490754	32.82869335500914	0.0
150.0	27.731779617704184	18.736583869978535	19.717877951548605	33.81375856076868	0.0
151.0	29.89203084832905	18.982005141388175	20.226221079691516	30.899742930591263	0.0
152.0	30.277229778839164	17.910912677811233	17.734399335479182	34.07745820787042	0.0
153.0	29.73340303188709	18.891792995295347	20.209095661265028	31.165708311552535	0.0
154.0	30.415524151022993	17.970892216831892	19.363003585741403	32.25058004640371	0.0
155.0	29.567894680964006	19.779169763244507	18.73871960930035	31.914215946491137	0.0
156.0	30.317900576061447	18.028589716236397	20.27949647962449	31.37401322807766	0.0
157.0	30.62607573149742	19.67512908777969	19.879518072289155	29.819277108433734	0.0
158.0	27.66417829708969	21.73536730498756	19.05225576111652	31.54819863680623	0.0
159.0	32.30165649520488	16.913687881429816	19.725370531822144	31.059285091543153	0.0
160.0	27.62854950115119	18.73698059423309	20.973577458611995	32.66089244600373	0.0
161.0	29.718076285240464	17.866224433388613	20.055279159756772	32.360420121614155	0.0
162.0	30.691964285714285	18.526785714285715	20.491071428571427	30.290178571428573	0.0
163.0	28.10810810810811	18.445945945945947	19.47072072072072	33.97522522522522	0.0
164.0	28.190281562216168	17.302452316076295	19.6866485013624	34.82061762034514	0.0
165.0	28.899554336647242	17.01519826305565	21.049022968803566	33.036224431493544	0.0
166.0	27.79501321383431	19.579455360220614	20.429736872342872	32.195794553602205	0.0
167.0	28.498845265588912	17.79445727482679	21.478060046189377	32.228637413394914	0.0
168.0	29.43843739100105	17.974654109987213	19.846529473317055	32.740379025694686	0.0
169.0	27.751756440281028	18.466042154566743	20.152224824355972	33.62997658079625	0.0
170.0	26.577054592618794	17.804504185827145	19.478835043037375	36.139606178516686	0.0
171.0	29.951289057859093	17.42901271236783	17.880479980990852	34.73921824878223	0.0
172.0	27.366403067337647	20.620656601965013	17.46944644140906	34.54349388928828	0.0
173.0	28.04922186029678	17.770539268910603	19.712872481602123	34.467366389190495	0.0
174.0	30.561633843909554	19.669341113542426	18.563092633114515	31.2059324094335	0.0
175.0	29.290701947813304	18.081587651598678	20.3846625015313	32.24304789905672	0.0
176.0	28.999999999999996	17.617283950617285	18.790123456790123	34.59259259259259	0.0
177.0	27.728686994399503	19.016801493466083	19.950217797137523	33.30429371499689	0.0
178.0	27.095077038707256	19.77953150444695	20.719027934360515	32.40636352248528	0.0
179.0	28.32070707070707	18.11868686868687	20.795454545454543	32.765151515151516	0.0
180.0	29.266428935303107	17.4095771777891	19.727457972491084	33.596535914416705	0.0
181.0	28.433641975308642	18.942901234567902	18.98148148148148	33.641975308641975	0.0
182.0	30.25734338445542	17.897062646217833	19.456719521705224	32.388874447621525	0.0
183.0	28.886554621848738	20.745798319327733	20.772058823529413	29.59558823529412	0.0
184.0	31.824817518248178	19.946914399469144	17.37226277372263	30.856005308560054	0.0
185.0	30.143412411204935	20.412813295804852	19.03230130009382	30.411472992896392	0.0
186.0	28.888287800919667	18.974844468487966	20.705977819853935	31.430889910738436	0.0
187.0	30.42172785587553	20.75883717756244	18.19298485055275	30.62645011600928	0.0
188.0	29.023783185840706	18.47345132743363	19.02654867256637	33.476216814159294	0.0
189.0	28.58143117210475	18.98893712365215	20.095224758437194	32.33440694580591	0.0
190.0	31.9971671388102	18.597733711048157	16.983002832861192	32.42209631728045	0.0
191.0	30.01142204454597	18.54654483152484	18.446601941747574	32.99543118218161	0.0
192.0	31.89866129264431	18.914639412696125	18.425219519216927	30.761479775442634	0.0
193.0	31.022958442313282	17.538506248183666	18.512060447544318	32.92647486195873	0.0
194.0	29.343515934792187	18.4021148479953	20.94286973123807	31.311499485974448	0.0
195.0	30.25397296895886	20.86736967176593	18.639536610723304	30.239120748551905	0.0
196.0	29.76869930910183	20.0210273355362	18.35386001802343	31.85641333733854	0.0
197.0	29.0440615947553	20.20125019057783	20.536667174874218	30.218021039792653	0.0
198.0	29.197194076383475	21.23148869836321	19.22057677318784	30.350740452065473	0.0
199.0	28.679121599475582	21.599475581776467	18.780727630285153	30.9406751884628	0.0
200.0	24.600760456273765	18.669201520912548	21.482889733840306	35.247148288973385	0.0
201.0	29.302689997388352	19.430660746931313	19.77017498041264	31.496474275267694	0.0
202.0	29.503433703116745	18.251452720549395	21.288959323824617	30.956154252509243	0.0
203.0	29.933422103861517	19.866844207723037	18.69507323568575	31.504660452729695	0.0
204.0	31.5548369711668	18.970627863109673	22.770142818647265	26.70439234707626	0.0
205.0	30.0952380952381	17.687074829931973	22.802721088435373	29.41496598639456	0.0
206.0	28.13876651982379	22.21916299559471	19.961453744493394	29.680616740088105	0.0
207.0	28.40845854201447	20.534223706176963	19.254312743461323	31.803005008347245	0.0
208.0	29.32436220913933	16.568544995794785	20.689655172413794	33.41743762265209	0.0
209.0	27.48868778280543	18.438914027149323	20.27714932126697	33.79524886877828	0.0
210.0	30.61282932416953	17.124856815578465	20.761741122565866	31.500572737686138	0.0
211.0	30.023228803716606	17.56678281068525	21.138211382113823	31.27177700348432	0.0
212.0	27.79740871613663	16.372202591283862	23.910482921083627	31.919905771495877	0.0
213.0	32.86609006859529	20.071577691619446	17.08917387414256	29.97315836564271	0.0
214.0	31.155474894131878	22.77676950998185	18.814277071990322	27.253478523895946	0.0
215.0	27.864344637946836	18.881759853345553	19.217842957531317	34.03605255117629	0.0
216.0	31.71410891089109	17.75990099009901	21.81311881188119	28.71287128712871	0.0
217.0	24.739993696816892	21.021115663410022	23.132682004412228	31.106208635360854	0.0
218.0	28.33823049298074	19.52334312765263	19.131570355860266	33.006856023506366	0.0
219.0	23.110151187904968	23.470122390208783	24.910007199424047	28.509719222462206	0.0
220.0	13.917808219178083	23.780821917808222	21.36986301369863	40.93150684931507	0.0
