# Position (bp)	A	C	G	T	N
0.0	50.31632593286861	15.086989631538867	18.048151836447776	16.54853259914475	0.0
1.0	18.051080780270635	48.5472438638627	18.153593814070646	15.24808154179603	0.0
2.0	23.08029837648091	42.76729559748428	13.040807371654234	21.111598654380575	0.0
3.0	48.39294062646096	17.099111734455352	14.773258532024311	19.73468910705937	0.0
4.0	51.43798856609497	13.105238595263097	14.07070353517676	21.386069303465174	0.0
5.0	21.049260510073367	42.99522534063119	14.684988936764878	21.27052521253057	0.0
6.0	21.040704262180775	42.249920102269094	16.519945379005783	20.189430256544348	0.0
7.0	51.56001042903908	14.090790579101364	14.394970885599234	19.95422810626032	0.0
8.0	48.15499754384951	17.250845204727366	12.410783945444564	22.18337330597856	0.0
9.0	19.952726853453246	42.30946615934509	14.181943964026289	23.555863023175373	0.0
10.0	17.96329800982166	13.615347060681774	14.57741018350995	53.84394474598662	0.0
11.0	18.022456461961504	15.401581118240145	13.362167736021998	53.21379468377635	0.0
12.0	19.17847349177331	15.025137111517367	12.948468921389397	52.84792047531993	0.0
13.0	20.189184568921306	41.617755997492736	16.379850703743802	21.813208729842156	0.0
14.0	20.72051595306418	13.921641048953035	42.37008835980339	22.98775463817939	0.0
15.0	47.287919558136245	15.272624274182128	16.49624699051126	20.94320917717037	0.0
16.0	19.07117417604161	16.846627847815025	15.79795353044265	48.28424444570072	0.0
17.0	21.46664786348893	40.65999153857002	15.501339726413763	22.372020871527287	0.0
18.0	17.875837226318456	16.100073169358925	16.89086508695897	49.13322451736365	0.0
19.0	19.615330619121156	43.15035799522673	15.271655201460058	21.962656184192053	0.0
20.0	20.527908540685942	15.46738399462004	15.232010759919302	48.77269670477472	0.0
21.0	18.814814814814813	15.832285115303984	17.825296995108317	47.527603074772884	0.0
22.0	19.019055324610104	13.447535083558854	42.437853974276706	25.095555617554332	0.0
23.0	21.777406324000555	14.653851511352556	15.932581139434463	47.636161025212424	0.0
24.0	47.65320876431988	12.582026470915359	15.306973640306973	24.457791124457792	0.0
25.0	21.700627394370105	13.51673977014047	38.42929320970518	26.353339625784244	0.0
26.0	49.034117679665194	12.868268617832099	14.714115462431751	23.383498240070953	0.0
27.0	18.398274384004868	18.721827383092283	12.007411299466275	50.872486933436576	0.0
28.0	20.386822646507007	39.91005407791634	12.189603796490452	27.513519479086195	0.0
29.0	22.306972133494877	11.661526599845798	15.277012886881817	50.754488379777506	0.0
30.0	22.229890134157788	13.586926516866338	39.78634130182741	24.396842047148457	0.0
31.0	21.47057191989793	12.872358129472458	13.038775170577468	52.618294780052146	0.0
32.0	21.051458501657706	14.02223274733235	13.726910539659542	51.1993982113504	0.0
33.0	23.014051391143706	41.70632032693277	13.27884453899121	22.000783742932317	0.0
34.0	26.307524047225105	11.752993634145657	13.048599231610533	48.89088308701871	0.0
35.0	22.799752084741943	39.965066486364655	14.280482307865675	22.954699121027723	0.0
36.0	22.52127449040174	14.155664244720251	14.09629357383167	49.226767691046334	0.0
37.0	47.55536626916525	15.48268029528677	15.59625212947189	21.365701306076094	0.0
38.0	47.69371115799076	17.52950567307144	12.121557671475	22.655225497462798	0.0
39.0	48.97078163417005	14.500543198581967	12.896677911830293	23.63199725541769	0.0
40.0	19.00190828658995	41.90713005262245	15.08702943387498	24.003932226912625	0.0
41.0	22.294757089149886	12.234430099379244	43.98915862792528	21.481654183545594	0.0
42.0	51.26677039603088	13.739247864251533	14.02695006311834	20.967031676599245	0.0
43.0	50.99910793933987	15.533749628308058	12.441272673208445	21.025869759143625	0.0
44.0	22.13816384351076	43.622279823979746	11.694496353005004	22.545059979504494	0.0
45.0	30.099289725186868	14.926927224722025	16.21360306422223	38.760179985868874	0.0
46.0	30.558607284712245	16.255387475703543	21.118904757880504	32.06710048170371	0.0
47.0	32.218017941414054	17.907401896177884	18.672675481484628	31.20190468092343	0.0
48.0	27.838749626339837	19.92996540974506	18.571977623094334	33.659307340820774	0.0
49.0	28.348789283874293	19.225485145114202	18.847673020779666	33.57805255023184	0.0
50.0	27.00056080410681	23.816919028514732	19.106164531297182	30.076355636081274	0.0
51.0	29.718389064324956	17.995414629926028	17.632045680667908	34.65415062508111	0.0
52.0	28.00399374891474	17.997916304914046	21.72686230248307	32.271227643688135	0.0
53.0	28.672767876691335	20.326662871655646	22.33655909270044	28.664010158952575	0.0
54.0	28.473663296392775	23.488895756987063	18.49971301161199	29.537727935008167	0.0
55.0	30.2803738317757	19.047619047619047	18.914107699154428	31.757899421450826	0.0
56.0	26.66279017757302	19.372008766829182	21.729212327235317	32.23598872836248	0.0
57.0	31.800611290902552	18.581445523193096	20.123157137720245	29.494786048184107	0.0
58.0	29.267852306581204	22.727272727272727	18.30820619301255	29.69666877313352	0.0
59.0	26.062553750056576	20.409179378083557	20.549495315258227	32.978771556601636	0.0
60.0	29.362088535754825	17.198637911464246	21.180476730987515	32.25879682179342	0.0
61.0	30.178969898447107	19.258618334168222	21.694977002595746	28.867434764788925	0.0
62.0	30.54450692634755	19.42120422438623	20.216705527362503	29.81758332190372	0.0
63.0	30.899160049570845	19.121494469178867	19.65851195667141	30.320833524578877	0.0
64.0	26.598489036299984	20.301271420674404	22.36502671826055	30.735212824765064	0.0
65.0	29.063902642172966	18.54611077691916	20.65614733237703	31.733839248530842	0.0
66.0	27.53542392566783	16.910569105691057	22.229965156794425	33.32404181184669	0.0
67.0	29.48424737456243	17.885647607934658	18.7024504084014	33.927654609101516	0.0
68.0	27.39822510212706	19.927689345917265	20.702446353946566	31.97163919800911	0.0
69.0	28.770290675726688	20.21989429973575	20.94658361645904	30.063231408078522	0.0
70.0	27.66371093935227	20.854473896344068	20.550998150694674	30.93081701360899	0.0
71.0	28.710705283682884	20.877918866219623	20.44514196033671	29.966233889760787	0.0
72.0	27.333428721323987	19.974245242523967	19.845471455143798	32.84685458100825	0.0
73.0	28.921779949226423	16.82713033481822	21.67457010106816	32.5765196148872	0.0
74.0	30.530569050940404	17.85559670979845	22.021261243927075	29.59257299533407	0.0
75.0	28.975708697541897	20.13328826000869	21.24402376008113	29.646979282368278	0.0
76.0	28.988109682115994	21.494782819703957	17.947100218393594	31.57000727978646	0.0
77.0	30.526213308669618	19.422674390303264	17.660516964416104	32.390595336611014	0.0
78.0	29.20569867291179	18.423106947697114	21.189500390320063	31.18169398907104	0.0
79.0	30.350937301160002	20.003915618422987	18.31530517351084	31.329841906906168	0.0
80.0	29.73848191943477	18.41911584318728	19.49364604288308	32.34875619449487	0.0
81.0	25.753775023363335	20.407259849490924	20.16132998868723	33.67763513845851	0.0
82.0	32.939205833087	16.607547541629717	21.64252635727658	28.8107202680067	0.0
83.0	30.727416485471437	19.322000395335046	20.087962047835543	29.862621071357975	0.0
84.0	27.755466309683175	18.260697109425355	20.620754623432	33.363081957459464	0.0
85.0	29.999004678013335	18.67224046979198	21.14063899671544	30.188115855479246	0.0
86.0	27.044716462653014	19.300524606545093	22.72295778166375	30.931801149138145	0.0
87.0	28.57572265918541	18.846751164771305	22.52893141626171	30.048594759781572	0.0
88.0	32.31458637530839	19.01213433361865	18.09073057751372	30.582548713559238	0.0
89.0	30.503938598262977	16.274490002019796	19.263785093920422	33.95778630579681	0.0
90.0	30.11421063270669	16.555488174651302	20.138467758237315	33.191833434404685	0.0
91.0	28.696576868543648	20.39700222807373	17.60178245898319	33.30463844439943	0.0
92.0	28.095141288879855	18.143931693433622	18.952022768855457	34.80890424883106	0.0
93.0	30.702515177797054	18.407224121218306	20.356104280393858	30.534156420590786	0.0
94.0	29.926745556067825	17.068797705035603	19.9733620203883	33.03109471850828	0.0
95.0	30.04632012352033	16.42820380854349	21.132269686052496	32.39320638188368	0.0
96.0	29.575281595535806	16.146533016430713	19.572181461196653	34.70600392683683	0.0
97.0	28.584002070929333	18.94900336526016	20.336526016049703	32.13046854776081	0.0
98.0	30.719667446089893	20.08313847752663	17.57339568719148	31.623798389191997	0.0
99.0	27.943861845880942	20.571816142327958	20.060520686596757	31.423801325194344	0.0
100.0	31.804121008755832	17.742358307555183	19.420122686520212	31.03339799716877	0.0
101.0	30.715265323346348	20.044308471357738	19.75419348032493	29.48623272497099	0.0
102.0	28.189235007416823	16.86798050434414	20.306208942572578	34.63657554566645	0.0
103.0	27.50733137829912	20.8157824580112	20.07464676086377	31.602239402825916	0.0
104.0	28.716161886893595	16.521039935674082	21.029214687751274	33.73358348968105	0.0
105.0	27.533027770288488	19.924507953626314	20.452952278242115	32.08951199784308	0.0
106.0	29.708179648513777	20.58472553699284	19.109351269255804	30.597743545237577	0.0
107.0	30.851934726846043	19.319980352562354	19.652895268242098	30.175189652349506	0.0
108.0	32.372359154929576	18.067781690140844	18.260343309859156	31.299515845070424	0.0
109.0	28.19037078029884	20.309905921416714	19.6956281128943	31.804095185390153	0.0
110.0	25.990526609083307	19.905266090833102	20.886040679855114	33.21816662022848	0.0
111.0	27.595092711892892	20.508654977312197	20.18934513472635	31.706907176068565	0.0
112.0	26.80959097320169	19.435825105782794	20.57545839210155	33.179125528913964	0.0
113.0	29.54171162473735	17.633028564938382	19.70583224487478	33.11942756544949	0.0
114.0	30.070889549508344	16.07592042076378	21.84998856620169	32.00320146352618	0.0
115.0	26.76657060518732	18.95100864553314	19.631123919308358	34.65129682997119	0.0
116.0	28.588828954236995	18.17179977959515	19.094020068441505	34.14535119772635	0.0
117.0	27.1559525894786	19.64734045658901	20.394698429380508	32.80200852455188	0.0
118.0	28.457290565150984	16.837034426036894	22.09493596522148	32.61073904359065	0.0
119.0	23.25251330573625	20.5204021289178	24.60674157303371	31.62034299231224	0.0
120.0	26.875446534889257	19.4331983805668	22.21957608954513	31.47177899499881	0.0
121.0	28.18759745711887	19.71932349766103	20.181120307064894	31.91195873815521	0.0
122.0	26.477698537410856	18.46367702163665	20.96579233651638	34.09283210443611	0.0
123.0	30.19154758285193	16.722408026755854	20.638491942839767	32.44755244755245	0.0
124.0	30.28893241919687	17.68486777668952	20.99045053868756	31.035749265426055	0.0
125.0	27.04483863020448	18.723823601872382	21.82187730968219	32.40946045824094	0.0
126.0	28.750387596899223	19.646511627906975	20.601550387596898	31.0015503875969	0.0
127.0	29.81207467066242	19.529250171692578	20.92776425048386	29.73091090716114	0.0
128.0	30.76778203277042	19.74386339381003	19.028187582396885	30.460166991022664	0.0
129.0	32.27784098091265	18.32890911389205	19.8837062318291	29.509543673366203	0.0
130.0	31.200355849272416	18.313528626803073	18.472389909131344	32.01372561479317	0.0
131.0	30.296244161494656	20.218823981060847	18.75359907863587	30.731332778808625	0.0
132.0	28.96720572128085	18.574834095741256	22.041105598866054	30.416854584111846	0.0
133.0	29.203425012973533	20.102490918526208	19.836533471717697	30.857550596782563	0.0
134.0	28.281178545763375	21.114522767361336	18.97171228849546	31.632586398379825	0.0
135.0	29.10251348861692	15.436241610738255	20.252664824318988	35.20858007632584	0.0
136.0	27.21728755137213	17.532811878562907	20.184276812939146	35.06562375712581	0.0
137.0	28.31852495156657	16.27363217315786	20.108223662235286	35.29961921304029	0.0
138.0	29.245981031815433	18.497343108898903	19.391941884711105	32.86473397457456	0.0
139.0	29.611551759202765	18.358077418480104	20.24947461189072	31.780896210426413	0.0
140.0	29.288103201146683	17.343526039178215	20.346734011330284	33.021636748344825	0.0
141.0	32.27600411946447	18.056985925163062	20.43254376930999	29.23446618606248	0.0
142.0	32.34866828087167	17.613282601176063	18.87928052576963	31.158768592182636	0.0
143.0	31.56060500453056	19.753258520945145	19.383843312190702	29.302293162333587	0.0
144.0	31.596685858727707	18.4875719702289	18.368206712540374	31.547535458503017	0.0
145.0	31.59569953317301	19.882585938605178	18.694299052199746	29.827415476022068	0.0
146.0	29.265512573911806	20.246491415544632	18.878677780152454	31.60931823039111	0.0
147.0	29.913916786226686	19.763271162123385	19.77044476327116	30.55236728837877	0.0
148.0	27.010622154779966	21.099790447286654	19.589565720066478	32.300021677866894	0.0
149.0	30.24659925801993	19.255110205863097	18.571324652651487	31.926965883465485	0.0
150.0	27.382609332649622	17.37601640905428	20.928869679876932	34.31250457841916	0.0
151.0	28.91201653380573	19.744611750811927	19.32388544434603	32.019486271036314	0.0
152.0	27.076831624312675	19.178183979788972	19.215336602764154	34.529647793134195	0.0
153.0	28.772665967331037	18.222688445976324	19.841150906638696	33.16349468005395	0.0
154.0	29.6301875423665	17.157490396927017	20.637192136777887	32.5751299239286	0.0
155.0	30.303951367781156	18.632218844984802	20.311550151975684	30.752279635258358	0.0
156.0	30.140026015762487	18.34876425128166	20.72078965490856	30.790420078047287	0.0
157.0	31.56756756756757	18.756756756756758	19.861003861003862	29.81467181467182	0.0
158.0	29.142368400590936	20.317238161884767	19.46193919601897	31.078454241505327	0.0
159.0	31.34351743047395	16.678417547982765	21.942812377594986	30.035252643948297	0.0
160.0	28.538758772967434	18.784007570380883	22.561312199353363	30.115921457298324	0.0
161.0	28.32498608792432	18.32419111217108	21.941330789410923	31.40949201049368	0.0
162.0	29.62191605254726	19.12848446010894	21.13104774110862	30.118551746235184	0.0
163.0	29.57258064516129	18.120967741935484	20.346774193548388	31.959677419354836	0.0
164.0	29.790516401429034	17.94413770704774	21.38681390061708	30.87853199090614	0.0
165.0	30.461462935689738	16.674848633611518	23.12223858615611	29.74144984454263	0.0
166.0	30.61964403427818	19.948912326961107	20.262030323005934	29.169413315754777	0.0
167.0	30.513544955958118	18.53082931693535	20.49193950473658	30.46368622236995	0.0
168.0	27.73447322102087	18.967395859525602	21.40642024976951	31.891710669684016	0.0
169.0	28.489403022882716	18.897238875284977	19.978046103183313	32.635311998648994	0.0
170.0	28.705042088257805	18.32327183062665	20.440438738202534	32.53124734291302	0.0
171.0	29.047455884872363	19.72759979441494	18.768202843926673	32.45674147678602	0.0
172.0	29.653623563963027	20.825775244018313	18.96000691025309	30.560594281765567	0.0
173.0	28.37614279494993	19.294732259468873	20.0	32.32912494558119	0.0
174.0	29.183870684353863	20.038654133356758	19.739963102872704	31.037512079416672	0.0
175.0	28.75243664717349	18.61598440545809	20.015948963317385	32.61562998405104	0.0
176.0	29.254796965640338	17.17983043284248	19.598393574297187	33.96697902721999	0.0
177.0	27.17704210147535	18.729758906081322	21.21266642677222	32.8805325656711	0.0
178.0	27.508178844056708	17.67539076699382	21.564885496183205	33.25154489276627	0.0
179.0	26.64530892448513	19.762013729977117	21.437070938215104	32.15560640732266	0.0
180.0	29.810972798524666	18.745965882895344	18.349469801751958	33.09359151682803	0.0
181.0	29.317082247860064	19.240788983997025	20.10606624488277	31.336062523260143	0.0
182.0	31.18188650883127	16.948515595640735	20.715896279594137	31.15370161593386	0.0
183.0	29.51379016206995	20.102359965880012	22.159037058098757	28.22481281395128	0.0
184.0	33.08090490797546	18.89378834355828	18.989647239263803	29.035659509202453	0.0
185.0	28.28273061303423	19.947785728099014	21.842970411912592	29.926513246954165	0.0
186.0	31.908054933281388	17.229960066231616	20.7460796727379	30.115905327749097	0.0
187.0	30.461296350939314	19.72066489623291	20.261630766204387	29.55640798662339	0.0
188.0	29.98908405279349	19.10290761139228	19.658628560087326	31.249379775726904	0.0
189.0	30.42389016935565	18.76941577312356	20.493035374286002	30.313658683234795	0.0
190.0	31.39476079700617	18.772125012642864	18.984525134014362	30.848589056336607	0.0
191.0	28.068923327895597	18.71941272430669	19.392332789559543	33.81933115823818	0.0
192.0	31.21976325270201	18.929490478641277	19.083890890375706	30.76685537828101	0.0
193.0	27.591590341382183	18.30766028309742	21.981681931723564	32.11906744379684	0.0
194.0	27.1838536739199	18.101545253863137	21.665089877010406	33.04951119520656	0.0
195.0	27.320954907161806	19.925729442970823	20.541114058355436	32.212201591511935	0.0
196.0	30.874785591766724	18.203259005145796	17.560034305317323	33.36192109777015	0.0
197.0	29.883192731992214	18.55937702790396	20.116807268007786	31.440622972096044	0.0
198.0	30.112457691887762	19.663718746588053	19.29249918113331	30.931324380390873	0.0
199.0	29.039373552442925	21.528620271313553	19.874269328333515	29.557736847910004	0.0
200.0	26.398484510809006	19.601069757075997	21.239135279696903	32.761310452418094	0.0
201.0	29.914240577747687	19.781087790566463	18.85578876100203	31.44888287068382	0.0
202.0	31.675034230944775	19.36330442720219	18.724326791419443	30.23733455043359	0.0
203.0	31.943160813308687	18.230129390018483	19.235212569316083	30.591497227356747	0.0
204.0	32.625437572928824	18.949824970828473	20.501750291715286	27.92298716452742	0.0
205.0	31.84173339613754	18.170042392840323	21.01978332548281	28.96844088553933	0.0
206.0	29.564907275320966	18.009985734664767	20.69662387066096	31.728483119353307	0.0
207.0	27.55678404037976	19.480831630813604	20.334094459800507	32.628289869006124	0.0
208.0	27.916565607567307	19.73077855930148	20.07033713315547	32.28231869997575	0.0
209.0	28.72718363346809	18.779860345461227	19.66188901139287	32.83106700967782	0.0
210.0	28.64209745238684	17.746722730645562	19.886223101657187	33.72495671531041	0.0
211.0	29.07730673316708	20.448877805486283	20.623441396508728	29.850374064837904	0.0
212.0	28.657997727559653	18.065900770104783	20.388839792955434	32.88726170938013	0.0
213.0	29.16719806147175	18.097181481953832	20.698890447646985	32.036730008927435	0.0
214.0	30.221478238475406	19.37934586659799	21.156322431109967	29.242853463816637	0.0
215.0	30.2734375	20.5859375	19.830729166666668	29.309895833333332	0.0
216.0	28.900592495062543	18.933508887425937	20.947992100065832	31.217906517445687	0.0
217.0	26.00610970912472	19.88311860804888	21.98167087262585	32.129100810200555	0.0
218.0	26.30306286942504	18.054809242342827	19.357872111767865	36.28425577646427	0.0
219.0	25.410614904302975	20.26605130989548	24.02606216913262	30.29727161666893	0.0
220.0	29.955947136563875	20.140418502202643	18.73623348017621	31.167400881057265	0.0
221.0	30.157184587564334	18.931701210182222	18.500486854917234	32.41062734733621	0.0
222.0	29.33408260747401	19.640348412475415	19.794886203989883	31.230682776060693	0.0
223.0	31.173628871838588	18.726911054276783	18.314862176754758	31.784597897129867	0.0
224.0	30.531930229205706	19.61943203113738	18.98515208303301	30.8634856566239	0.0
225.0	30.439238653001468	19.39970717423133	20.8199121522694	29.341142020497802	0.0
226.0	30.869500814694117	18.960154051251664	23.744630425122203	26.42571470893201	0.0
227.0	27.928603569821508	18.79406029698515	22.663866806659666	30.61346932653367	0.0
228.0	28.573596358118365	19.468892261001518	21.745068285280727	30.212443095599394	0.0
229.0	30.56407112201104	20.401594114040467	20.079705702023297	28.954629061925196	0.0
230.0	28.10508316493083	20.643556660966887	21.01663298616509	30.2347271879372	0.0
231.0	29.76714915040906	21.0509754562618	19.634990560100693	29.546884833228443	0.0
232.0	28.012096132420815	21.56613082922171	20.420181441986312	30.001591596371156	0.0
233.0	28.28543752018082	20.422989990313205	20.035518243461414	31.256054246044556	0.0
234.0	24.26170664056127	21.390112579539892	24.114863762440855	30.23331701745799	0.0
235.0	27.502477700693756	19.441691443673605	23.604228609184013	29.451602246448626	0.0
236.0	30.133779264214045	18.26086956521739	21.906354515050168	29.698996655518396	0.0
237.0	26.91851600880908	20.481111299339318	21.54836523801457	31.05200745383703	0.0
238.0	26.964162646450724	18.728463128876637	24.4486560992419	29.858718125430737	0.0
239.0	28.024475524475523	17.98951048951049	20.6993006993007	33.28671328671329	0.0
240.0	27.66981636655375	17.222321269388484	22.12515599928686	32.982706364770905	0.0
241.0	28.86002886002886	17.586580086580085	24.494949494949495	29.05844155844156	0.0
242.0	26.36879692364036	19.227247756821093	24.317890496246108	30.086064823292435	0.0
243.0	26.97257974258534	18.97034135422496	23.988061928744635	30.069016974445066	0.0
244.0	27.513728460518845	21.302783563718993	20.980874834311685	30.202613141450485	0.0
245.0	29.75685063681976	16.769587032033964	21.246622925511385	32.226939405634894	0.0
246.0	26.013380558835102	20.818575364029908	23.19952774498229	29.968516332152696	0.0
247.0	24.063196273040308	21.612315171156574	23.070690702855988	31.253797852947134	0.0
248.0	24.15038232795242	20.751911639762106	24.490229396771454	30.60747663551402	0.0
249.0	18.913377754997438	21.706817016914403	23.47514095335725	35.904664274730905	0.0
250.0	14.254224834680382	23.10800881704629	23.218221895664954	39.41954445260837	0.0
