# Position (bp)	A	C	G	T	N
0.0	60.747663551401864	9.232512036250354	15.831209289153215	14.188615123194563	0.0
1.0	12.98811544991511	61.09224674589701	14.629315223542728	11.29032258064516	0.0
2.0	16.806487695749443	55.70469798657718	10.095078299776286	17.39373601789709	0.0
3.0	60.42884990253411	11.306042884990253	12.837649679754943	15.42745753272069	0.0
4.0	60.216847372810676	12.427022518765638	9.7581317764804	17.597998331943284	0.0
5.0	16.61111111111111	54.97222222222222	9.63888888888889	18.777777777777775	0.0
6.0	16.333887964503603	55.768164170826395	11.674986134220742	16.22296173044925	0.0
7.0	61.440443213296405	10.554016620498615	12.465373961218837	15.54016620498615	0.0
8.0	61.38312586445367	11.396957123098202	12.72475795297372	14.495159059474414	0.0
9.0	15.83310306714562	54.51782260292899	9.72644376899696	19.922630560928432	0.0
10.0	17.647058823529413	9.113504556752279	10.7981220657277	62.441314553990615	0.0
11.0	15.123966942148762	11.515151515151516	10.606060606060606	62.75482093663912	0.0
12.0	16.931942919868277	9.742041712403953	11.306256860592754	62.019758507135016	0.0
13.0	15.338591242861026	53.46750067990209	12.102257274952406	19.09165080228447	0.0
14.0	15.290933694181327	10.311231393775373	56.80649526387009	17.591339648173207	0.0
15.0	57.90322580645161	11.666666666666666	12.8494623655914	17.580645161290324	0.0
16.0	14.89817792068596	10.878885316184352	14.60342979635584	59.61950696677385	0.0
17.0	18.933333333333334	51.46666666666667	11.386666666666667	18.213333333333335	0.0
18.0	15.190210162277202	11.838254855014632	12.955573290768822	60.015961691939346	0.0
19.0	17.445565586829527	55.576208178438655	12.373871481678172	14.604354753053638	0.0
20.0	16.027505950806663	11.928061359428723	11.848717270563343	60.19571541920127	0.0
21.0	15.072463768115943	13.306982872200262	13.122529644268774	58.498023715415016	0.0
22.0	16.842105263157894	10.236842105263158	53.94736842105263	18.973684210526315	0.0
23.0	15.895953757225435	14.18812401471361	11.508145034156595	58.407777193904366	0.0
24.0	59.63254593175853	10.15748031496063	11.94225721784777	18.26771653543307	0.0
25.0	19.018887722980065	9.889821615949632	51.888772298006295	19.20251836306401	0.0
26.0	59.418391406864025	11.082001571915116	9.929263819753734	19.57034320146712	0.0
27.0	14.933193607545192	12.54912234739324	11.291590254126277	61.22609379093529	0.0
28.0	16.692830978545263	52.09314495028781	9.079016221873365	22.135007849293565	0.0
29.0	18.36254250588543	9.207428720899816	10.332199843055193	62.09782893015956	0.0
30.0	17.138364779874212	12.10691823899371	52.38469601677149	18.370020964360588	0.0
31.0	18.672960923157618	10.910044584316811	10.437975347495412	59.97901914503016	0.0
32.0	19.66998428496595	9.821896280775274	10.764798323729702	59.74332111052907	0.0
33.0	16.87631027253669	52.75157232704403	12.5	17.872117400419288	0.0
34.0	19.450980392156865	10.84967320261438	11.947712418300654	57.751633986928105	0.0
35.0	16.766779838077827	51.10995037868895	9.741446852964222	22.381822930269	0.0
36.0	17.688494651708844	10.01826245760501	12.027132794156014	60.266110096530134	0.0
37.0	57.78184671723777	13.209521318336384	11.561600837038975	17.447031127386868	0.0
38.0	60.83660130718954	11.241830065359478	9.38562091503268	18.535947712418302	0.0
39.0	59.16819251896417	12.529427151451738	9.939837823698666	18.36254250588543	0.0
40.0	17.60858189429618	51.70068027210885	11.878597592883306	18.81214024071167	0.0
41.0	17.272727272727273	9.491978609625669	55.080213903743314	18.155080213903744	0.0
42.0	58.995703544575726	10.177228786251343	12.540279269602578	18.286788399570355	0.0
43.0	59.79575382961569	12.308519215264715	11.0991668906208	16.79656006449879	0.0
44.0	18.26274615592123	52.33342325330456	10.35878068519018	19.04504990558403	0.0
45.0	26.93819221150411	11.861379063951413	14.326545194712399	46.873883529832085	0.0
46.0	27.01217118178249	14.448370632116214	16.5685119748724	41.9709462112289	0.0
47.0	32.87165281625116	15.420129270544782	18.882733148661128	32.825484764542935	0.0
48.0	27.2181146025878	18.90018484288355	19.177449168207026	34.70425138632163	0.0
49.0	29.92599444958372	18.963922294172065	17.76133209990749	33.348751156336725	0.0
50.0	25.903614457831324	22.01112140871177	18.906394810009267	33.178869323447636	0.0
51.0	29.735988883742476	16.62806855025475	18.89763779527559	34.73830477072719	0.0
52.0	27.643784786641927	18.552875695732837	19.944341372912803	33.85899814471243	0.0
53.0	29.655493482309126	19.45996275605214	20.99627560521415	29.88826815642458	0.0
54.0	29.304713019132056	21.185254316378906	17.778814745683622	31.731217918805417	0.0
55.0	31.060252218589447	17.18822979915927	19.103222793087344	32.64829518916394	0.0
56.0	24.427837459131247	20.364315740308268	20.177487155534795	35.03035964502569	0.0
57.0	30.07940214852872	17.888836992059783	21.85894441849603	30.17281644091546	0.0
58.0	29.84097287184284	18.755846585594014	17.07202993451824	34.3311506080449	0.0
59.0	26.629160806375996	17.580872011251756	21.987810595405534	33.80215658696672	0.0
60.0	29.44210032817628	16.877637130801688	19.831223628691983	33.84903891233005	0.0
61.0	28.64510079699953	18.846694796061886	20.956399437412095	31.551804969526486	0.0
62.0	31.003752345215762	19.04315196998124	21.951219512195124	28.001876172607883	0.0
63.0	34.146341463414636	18.76172607879925	20.215759849906192	26.876172607879923	0.0
64.0	32.72386310360994	18.377871542428505	20.440693858415376	28.45757149554618	0.0
65.0	29.577464788732392	19.154929577464788	21.5962441314554	29.671361502347416	0.0
66.0	29.014084507042252	16.8075117370892	22.112676056338028	32.06572769953052	0.0
67.0	29.12165335838422	16.063879755753874	19.868482855800845	34.94598403006106	0.0
68.0	26.033834586466163	19.924812030075188	18.56203007518797	35.47932330827068	0.0
69.0	26.165556612749764	18.506184586108468	22.882968601332067	32.445290199809705	0.0
70.0	27.627199239182122	20.209224916785544	18.44983357108892	33.71374227294341	0.0
71.0	27.735490009514745	20.456707897240722	20.076117982873456	31.731684110371077	0.0
72.0	29.182509505703425	18.726235741444867	20.15209125475285	31.93916349809886	0.0
73.0	28.129462160875775	18.5149928605426	20.323655402189434	33.031889576392196	0.0
74.0	29.809523809523807	15.571428571428573	23.333333333333332	31.285714285714285	0.0
75.0	28.836987607244996	19.018112488083887	23.069590085795998	29.075309818875116	0.0
76.0	28.482824427480917	20.229007633587788	20.181297709923665	31.106870229007633	0.0
77.0	29.894937917860553	19.24546322827125	18.19484240687679	32.664756446991404	0.0
78.0	29.60115329168669	21.768380586256608	17.443536761172513	31.186929360884193	0.0
79.0	29.595765158806547	17.949951876804622	19.39364773820982	33.060635226179016	0.0
80.0	29.725829725829726	16.835016835016837	22.22222222222222	31.216931216931215	0.0
81.0	26.987951807228917	18.265060240963855	18.795180722891565	35.95180722891566	0.0
82.0	30.34249879401833	18.28268210323203	22.431259044862518	28.94356005788712	0.0
83.0	27.29026036644166	19.334619093539054	21.745419479267117	31.62970106075217	0.0
84.0	27.017883035282747	19.284678588690188	21.217979700338326	32.47945867568874	0.0
85.0	33.43009192065796	17.65844218674407	20.029027576197386	28.88243831640058	0.0
86.0	30.590513068731852	18.15101645692159	22.410454985479188	28.84801548886738	0.0
87.0	32.122093023255815	18.507751937984494	20.930232558139537	28.439922480620154	0.0
88.0	34.30232558139535	15.939922480620156	18.7984496124031	30.959302325581394	0.0
89.0	29.893410852713174	17.296511627906977	18.7984496124031	34.01162790697674	0.0
90.0	28.875968992248062	18.6046511627907	20.44573643410853	32.07364341085272	0.0
91.0	29.146459747817655	20.077594568380214	18.76818622696411	32.007759456838016	0.0
92.0	29.485935984481088	19.495635305528612	18.913676042677015	32.104752667313285	0.0
93.0	29.82541222114452	17.119301648884576	19.73811833171678	33.31716779825412	0.0
94.0	31.23181377303589	16.828322017458778	20.223084384093113	31.71677982541222	0.0
95.0	31.68124392614188	16.2779397473275	20.505344995140913	31.535471331389697	0.0
96.0	29.231517509727627	17.996108949416342	18.53112840466926	34.24124513618677	0.0
97.0	29.294403892944036	16.10705596107056	19.708029197080293	34.89051094890511	0.0
98.0	30.068226120857698	19.05458089668616	19.834307992202728	31.042884990253413	0.0
99.0	29.19103313840156	19.103313840155945	17.73879142300195	33.966861598440545	0.0
100.0	32.52072159921989	14.285714285714285	18.820087762067285	34.37347635299854	0.0
101.0	29.613313754282917	19.23641703377386	20.362212432697014	30.788056779246208	0.0
102.0	30.23598820058997	15.929203539823009	22.173058013765978	31.66175024582104	0.0
103.0	27.281697089294525	18.746916625555006	20.818944252590036	33.15244203256044	0.0
104.0	27.519762845849804	19.268774703557312	19.713438735177867	33.49802371541502	0.0
105.0	27.48015873015873	19.246031746031747	21.081349206349206	32.192460317460316	0.0
106.0	31.393034825870647	19.1044776119403	18.407960199004975	31.094527363184078	0.0
107.0	32.38522954091817	19.261477045908183	18.163672654690618	30.18962075848303	0.0
108.0	33.26643251379829	17.812343201204214	17.762167586552934	31.159056698444555	0.0
109.0	29.059829059829063	18.099547511312217	20.462543991955755	32.378079436902965	0.0
110.0	25.453629032258064	19.909274193548388	20.262096774193548	34.375	0.0
111.0	28.52094901564866	16.557294295810195	20.949015648662293	33.97274103987885	0.0
112.0	26.329113924050635	19.544303797468356	20.860759493670887	33.265822784810126	0.0
113.0	27.78059928897918	18.740477399695276	19.451498222447945	34.02742508887761	0.0
114.0	30.41709053916582	16.327568667344863	20.142421159715155	33.11291963377416	0.0
115.0	29.132653061224488	18.26530612244898	19.33673469387755	33.265306122448976	0.0
116.0	29.170931422722617	18.93551688843398	19.34493346980553	32.54861821903787	0.0
117.0	32.37410071942446	19.321685508735868	18.088386433710173	30.215827338129497	0.0
118.0	29.218106995884774	17.59259259259259	20.318930041152264	32.870370370370374	0.0
119.0	23.104693140794225	21.093347086126872	26.456936565239815	29.345023207839095	0.0
120.0	28.305785123966942	21.229338842975206	21.84917355371901	28.615702479338843	0.0
121.0	30.48654244306418	18.478260869565215	20.082815734989648	30.952380952380953	0.0
122.0	30.062305295950154	17.445482866043612	21.23572170301142	31.256490134994806	0.0
123.0	32.06663196251952	16.501821967725146	18.94846434148881	32.48308172826653	0.0
124.0	29.608355091383814	20.052219321148826	20.31331592689295	30.026109660574413	0.0
125.0	29.229963331587218	19.434258774227345	19.015191199580933	32.3205866946045	0.0
126.0	30.5993690851735	17.718191377497373	19.085173501577287	32.597266035751844	0.0
127.0	28.48101265822785	18.354430379746837	21.202531645569618	31.962025316455694	0.0
128.0	31.748547279450605	16.42894875858426	19.70417326994189	32.11833069202324	0.0
129.0	29.22181048173637	19.163578613022764	18.051879301217575	33.56273160402329	0.0
130.0	30.765143464399575	19.925611052072263	17.109458023379386	32.19978746014878	0.0
131.0	31.06020245071923	20.08524240809803	19.339371337240276	29.515183803942463	0.0
132.0	28.29684997330486	18.15269620928991	22.26374799786439	31.286705819540845	0.0
133.0	29.159978598180846	22.09737827715356	19.796682718031033	28.945960406634562	0.0
134.0	24.946236559139784	21.827956989247312	19.35483870967742	33.87096774193548	0.0
135.0	27.38031199569661	17.05217859064013	20.87143625605164	34.696073157611615	0.0
136.0	27.336574824419234	17.3419773095624	23.878984332793085	31.442463533225286	0.0
137.0	27.110389610389614	17.316017316017316	19.534632034632036	36.038961038961034	0.0
138.0	28.648941942485077	17.688551275094955	20.130222463374935	33.53228431904503	0.0
139.0	29.809264305177113	17.547683923705723	19.727520435967303	32.915531335149865	0.0
140.0	29.305631492618918	17.386550027337343	21.049753963914707	32.25806451612903	0.0
141.0	31.28767123287671	17.26027397260274	20.164383561643838	31.28767123287671	0.0
142.0	31.66575041231446	15.887850467289718	19.076415612974163	33.36998350742166	0.0
143.0	33.66391184573003	18.56749311294766	18.34710743801653	29.421487603305785	0.0
144.0	32.46537396121884	17.285318559556785	18.39335180055402	31.855955678670362	0.0
145.0	29.604897050639956	17.974401780745687	20.25598219254313	32.16471897607123	0.0
146.0	29.497206703910617	19.273743016759777	19.217877094972067	32.011173184357546	0.0
147.0	29.220415030846887	19.012899607403252	18.171620863712842	33.59506449803701	0.0
148.0	27.51828925154755	20.427687113111986	20.652785593697242	31.40123804164322	0.0
149.0	30.174844895657078	20.699379582628314	17.653694303440496	31.472081218274113	0.0
150.0	30.328798185941043	18.594104308390023	18.367346938775512	32.709750566893426	0.0
151.0	29.438457175269427	18.4344866704481	20.19285309132161	31.934203062960865	0.0
152.0	29.19042189281642	20.125427594070697	18.415051311288483	32.2690992018244	0.0
153.0	30.985108820160367	17.75486827033219	18.84306987399771	32.416953035509735	0.0
154.0	29.85590778097983	15.907780979827088	22.01729106628242	32.21902017291066	0.0
155.0	29.565217391304348	20.63768115942029	17.91304347826087	31.88405797101449	0.0
156.0	29.57334891876096	15.54646405610754	19.754529514903567	35.12565751022794	0.0
157.0	30.094228504122494	17.491166077738516	20.789163722025915	31.62544169611308	0.0
158.0	28.613744075829384	19.312796208530806	17.713270142180097	34.360189573459714	0.0
159.0	33.69047619047619	15.0	20.595238095238095	30.714285714285715	0.0
160.0	26.268656716417908	19.52238805970149	22.746268656716417	31.462686567164177	0.0
161.0	28.794241151769643	18.47630473905219	22.255548890221956	30.47390521895621	0.0
162.0	30.778515389257695	17.863608931804468	20.76041038020519	30.59746529873265	0.0
163.0	28.77959927140255	19.489981785063755	17.48633879781421	34.244080145719494	0.0
164.0	30.53855569155447	16.156670746634028	21.909424724602204	31.3953488372093	0.0
165.0	29.698089956869993	17.498459642637094	22.920517560073936	29.88293284041898	0.0
166.0	25.63467492260062	20.24767801857585	21.36222910216718	32.755417956656345	0.0
167.0	27.805486284289277	19.07730673316708	22.50623441396509	30.610972568578553	0.0
168.0	26.629072681704262	18.358395989974937	21.616541353383457	33.39598997493734	0.0
169.0	27.123977344241663	17.684078036500946	20.704845814977972	34.48709880427942	0.0
170.0	30.87121212121212	15.782828282828282	20.13888888888889	33.207070707070706	0.0
171.0	29.47903430749682	19.186785260482846	17.97966963151207	33.35451080050826	0.0
172.0	29.31803696622052	20.84130019120459	17.718291905672405	32.122370936902485	0.0
173.0	28.809218950064018	18.11779769526248	19.206145966709347	33.866837387964146	0.0
174.0	31.666666666666664	19.871794871794872	16.98717948717949	31.474358974358974	0.0
175.0	27.384020618556704	17.590206185567013	22.358247422680414	32.66752577319588	0.0
176.0	28.71927554980595	18.434670116429498	18.046571798188875	34.79948253557568	0.0
177.0	27.035830618892508	23.257328990228014	18.697068403908794	31.009771986970687	0.0
178.0	27.981651376146786	20.70773263433814	22.93577981651376	28.37483617300131	0.0
179.0	26.834104428288168	16.986120290812952	24.38863185723728	31.791143423661598	0.0
180.0	30.533333333333335	15.6	22.8	31.066666666666663	0.0
181.0	27.837837837837835	19.18918918918919	19.7972972972973	33.17567567567568	0.0
182.0	31.160896130346234	18.87304820095044	19.95926680244399	30.00678886625934	0.0
183.0	28.44413982179575	23.029472241261136	21.658670322138452	26.867717614804658	0.0
184.0	28.680027643400134	20.17968210089841	20.11057360055287	31.029716655148583	0.0
185.0	28.830083565459606	20.75208913649025	22.214484679665738	28.203342618384404	0.0
186.0	29.461161651504547	17.35479356193142	23.44296710986704	29.741077676696992	0.0
187.0	30.985915492957744	22.253521126760564	20.422535211267608	26.338028169014084	0.0
188.0	30.834512022630832	18.741159830268742	20.509193776520508	29.915134370579917	0.0
189.0	30.923407301360058	18.181818181818183	19.54187544738726	31.352899069434503	0.0
190.0	29.863603732950466	18.018664752333095	21.105527638190953	31.012203876525486	0.0
191.0	29.088277858176554	18.01736613603473	20.622286541244573	32.27206946454414	0.0
192.0	29.978118161925604	20.933625091174328	19.912472647702405	29.175784099197667	0.0
193.0	29.191176470588236	19.558823529411764	20.514705882352942	30.73529411764706	0.0
194.0	25.370919881305635	21.068249258160236	23.071216617210684	30.489614243323444	0.0
195.0	27.122464312546956	19.534184823441024	19.60931630353118	33.73403456048084	0.0
196.0	27.513227513227513	21.541950113378686	19.954648526077097	30.990173847316704	0.0
197.0	28.659003831417625	20.229885057471265	21.992337164750957	29.118773946360154	0.0
198.0	26.47754137115839	22.06461780929866	22.379826635145783	29.078014184397162	0.0
199.0	27.680798004987533	24.85453034081463	18.204488778054863	29.260182876142977	0.0
200.0	27.113702623906704	16.132167152575317	20.505344995140913	36.248785228377066	0.0
201.0	31.818181818181817	20.259740259740262	17.792207792207794	30.129870129870127	0.0
202.0	38.200782268578884	17.731421121251632	17.07953063885267	26.988265971316817	0.0
203.0	34.645669291338585	17.322834645669293	17.585301837270343	30.446194225721783	0.0
204.0	32.142857142857146	16.7989417989418	24.206349206349206	26.851851851851855	0.0
205.0	35.61827956989247	15.456989247311828	25.672043010752688	23.25268817204301	0.0
206.0	33.19783197831978	20.867208672086722	19.37669376693767	26.558265582655828	0.0
207.0	28.767123287671232	22.328767123287673	18.21917808219178	30.684931506849317	0.0
208.0	27.348066298342545	16.988950276243095	20.718232044198896	34.944751381215475	0.0
209.0	24.099722991689752	21.052631578947366	20.914127423822716	33.933518005540165	0.0
210.0	26.46239554317549	18.662952646239557	18.245125348189415	36.629526462395546	0.0
211.0	29.353932584269664	20.084269662921347	19.662921348314608	30.89887640449438	0.0
212.0	26.338028169014084	15.211267605633802	24.507042253521128	33.943661971830984	0.0
213.0	24.611032531824613	19.519094766619517	18.528995756718526	37.34087694483734	0.0
214.0	29.2022792022792	22.934472934472936	18.091168091168093	29.772079772079774	0.0
215.0	28.612303290414882	24.034334763948497	16.738197424892704	30.61516452074392	0.0
216.0	30.869565217391305	21.15942028985507	15.507246376811596	32.463768115942024	0.0
217.0	26.431718061674008	18.355359765051396	23.348017621145374	31.864904552129218	0.0
218.0	24.06015037593985	19.548872180451127	19.548872180451127	36.84210526315789	0.0
219.0	19.611021069692057	25.44570502431118	21.555915721231766	33.38735818476499	0.0
220.0	0.0	30.024813895781637	25.806451612903224	44.168734491315135	0.0
