# Position (bp)	A	C	G	T	N
0.0	30.630630630630627	27.927927927927925	27.927927927927925	13.513513513513514	0.0
1.0	34.234234234234236	23.423423423423422	18.91891891891892	23.423423423423422	0.0
2.0	37.83783783783784	14.414414414414415	15.315315315315313	32.432432432432435	0.0
3.0	35.13513513513514	13.513513513513514	26.126126126126124	25.225225225225223	0.0
4.0	39.63963963963964	16.216216216216218	21.62162162162162	22.52252252252252	0.0
5.0	45.04504504504504	14.414414414414415	9.90990990990991	30.630630630630627	0.0
6.0	35.714285714285715	21.428571428571427	12.5	30.357142857142854	0.0
7.0	38.392857142857146	19.642857142857142	9.821428571428571	32.142857142857146	0.0
8.0	40.17857142857143	15.178571428571427	15.178571428571427	29.464285714285715	0.0
9.0	41.964285714285715	15.178571428571427	18.75	24.107142857142858	0.0
10.0	34.82142857142857	21.428571428571427	19.642857142857142	24.107142857142858	0.0
11.0	42.857142857142854	22.321428571428573	16.964285714285715	17.857142857142858	0.0
12.0	37.5	8.035714285714286	21.428571428571427	33.035714285714285	0.0
13.0	36.607142857142854	16.071428571428573	13.392857142857142	33.92857142857143	0.0
14.0	33.6283185840708	12.389380530973451	14.15929203539823	39.823008849557525	0.0
15.0	37.16814159292036	13.274336283185843	19.469026548672566	30.08849557522124	0.0
16.0	39.823008849557525	19.469026548672566	14.15929203539823	26.548672566371685	0.0
17.0	39.823008849557525	12.389380530973451	16.8141592920354	30.973451327433626	0.0
18.0	38.05309734513274	18.58407079646018	15.04424778761062	28.31858407079646	0.0
19.0	36.93693693693694	19.81981981981982	13.513513513513514	29.72972972972973	0.0
20.0	39.09090909090909	17.272727272727273	17.272727272727273	26.36363636363636	0.0
21.0	39.09090909090909	18.181818181818183	20.0	22.727272727272727	0.0
22.0	34.862385321100916	22.018348623853214	18.34862385321101	24.770642201834864	0.0
23.0	25.925925925925924	18.51851851851852	17.59259259259259	37.96296296296296	0.0
24.0	28.703703703703702	15.74074074074074	22.22222222222222	33.33333333333333	0.0
25.0	38.67924528301887	18.867924528301888	22.641509433962266	19.81132075471698	0.0
26.0	32.075471698113205	17.92452830188679	16.037735849056602	33.9622641509434	0.0
27.0	24.528301886792452	29.245283018867923	23.58490566037736	22.641509433962266	0.0
28.0	35.23809523809524	17.142857142857142	13.333333333333334	34.285714285714285	0.0
29.0	30.18867924528302	22.641509433962266	18.867924528301888	28.30188679245283	0.0
30.0	36.11111111111111	10.185185185185185	14.814814814814813	38.88888888888889	0.0
31.0	32.11009174311927	14.678899082568808	24.770642201834864	28.440366972477065	0.0
32.0	30.275229357798167	19.26605504587156	22.018348623853214	28.440366972477065	0.0
33.0	40.36697247706422	14.678899082568808	19.26605504587156	25.688073394495415	0.0
34.0	25.0	20.37037037037037	19.444444444444446	35.18518518518518	0.0
35.0	32.407407407407405	14.814814814814813	22.22222222222222	30.555555555555557	0.0
36.0	34.25925925925926	20.37037037037037	17.59259259259259	27.77777777777778	0.0
37.0	25.925925925925924	22.22222222222222	15.74074074074074	36.11111111111111	0.0
38.0	38.88888888888889	14.814814814814813	12.962962962962962	33.33333333333333	0.0
39.0	35.18518518518518	19.444444444444446	12.037037037037036	33.33333333333333	0.0
40.0	37.96296296296296	14.814814814814813	20.37037037037037	26.851851851851855	0.0
41.0	33.33333333333333	21.296296296296298	15.74074074074074	29.629629629629626	0.0
42.0	36.11111111111111	13.88888888888889	20.37037037037037	29.629629629629626	0.0
43.0	31.48148148148148	14.814814814814813	20.37037037037037	33.33333333333333	0.0
44.0	33.33333333333333	21.296296296296298	19.444444444444446	25.925925925925924	0.0
45.0	30.555555555555557	20.37037037037037	20.37037037037037	28.703703703703702	0.0
46.0	32.407407407407405	12.962962962962962	21.296296296296298	33.33333333333333	0.0
47.0	32.71028037383177	13.084112149532709	19.626168224299064	34.57943925233645	0.0
48.0	32.075471698113205	20.754716981132077	24.528301886792452	22.641509433962266	0.0
49.0	31.73076923076923	25.961538461538463	15.384615384615385	26.923076923076923	0.0
50.0	38.83495145631068	20.388349514563107	14.563106796116504	26.21359223300971	0.0
51.0	30.097087378640776	18.446601941747574	19.41747572815534	32.038834951456316	0.0
52.0	37.86407766990291	14.563106796116504	23.300970873786408	24.271844660194176	0.0
53.0	23.300970873786408	24.271844660194176	14.563106796116504	37.86407766990291	0.0
54.0	27.184466019417474	24.271844660194176	21.35922330097087	27.184466019417474	0.0
55.0	33.980582524271846	19.41747572815534	21.35922330097087	25.24271844660194	0.0
56.0	33.980582524271846	10.679611650485436	18.446601941747574	36.89320388349515	0.0
57.0	21.35922330097087	25.24271844660194	21.35922330097087	32.038834951456316	0.0
58.0	34.95145631067961	14.563106796116504	16.50485436893204	33.980582524271846	0.0
59.0	31.06796116504854	19.41747572815534	17.475728155339805	32.038834951456316	0.0
60.0	32.35294117647059	16.666666666666664	20.588235294117645	30.392156862745097	0.0
61.0	38.23529411764706	11.76470588235294	16.666666666666664	33.33333333333333	0.0
62.0	36.89320388349515	16.50485436893204	18.446601941747574	28.155339805825243	0.0
63.0	37.86407766990291	14.563106796116504	24.271844660194176	23.300970873786408	0.0
64.0	28.155339805825243	13.592233009708737	21.35922330097087	36.89320388349515	0.0
65.0	33.00970873786408	14.563106796116504	22.330097087378643	30.097087378640776	0.0
66.0	28.155339805825243	14.563106796116504	28.155339805825243	29.126213592233007	0.0
67.0	31.06796116504854	9.70873786407767	25.24271844660194	33.980582524271846	0.0
68.0	30.097087378640776	21.35922330097087	16.50485436893204	32.038834951456316	0.0
69.0	33.980582524271846	9.70873786407767	26.21359223300971	30.097087378640776	0.0
70.0	29.126213592233007	16.50485436893204	13.592233009708737	40.77669902912621	0.0
71.0	28.155339805825243	17.475728155339805	16.50485436893204	37.86407766990291	0.0
72.0	20.388349514563107	24.271844660194176	20.388349514563107	34.95145631067961	0.0
73.0	39.80582524271845	22.330097087378643	14.563106796116504	23.300970873786408	0.0
74.0	23.300970873786408	25.24271844660194	12.62135922330097	38.83495145631068	0.0
75.0	32.69230769230769	14.423076923076922	19.230769230769234	33.65384615384615	0.0
76.0	30.18867924528302	19.81132075471698	24.528301886792452	25.471698113207548	0.0
77.0	37.96296296296296	18.51851851851852	17.59259259259259	25.925925925925924	0.0
78.0	26.851851851851855	19.444444444444446	21.296296296296298	32.407407407407405	0.0
79.0	37.03703703703704	12.962962962962962	23.14814814814815	26.851851851851855	0.0
80.0	34.25925925925926	18.51851851851852	22.22222222222222	25.0	0.0
81.0	34.57943925233645	14.018691588785046	16.822429906542055	34.57943925233645	0.0
82.0	34.57943925233645	12.149532710280374	21.49532710280374	31.775700934579437	0.0
83.0	35.77981651376147	17.431192660550458	14.678899082568808	32.11009174311927	0.0
84.0	28.440366972477065	19.26605504587156	18.34862385321101	33.94495412844037	0.0
85.0	31.818181818181817	20.0	12.727272727272727	35.45454545454545	0.0
86.0	26.126126126126124	20.72072072072072	22.52252252252252	30.630630630630627	0.0
87.0	36.607142857142854	11.607142857142858	22.321428571428573	29.464285714285715	0.0
88.0	33.035714285714285	15.178571428571427	22.321428571428573	29.464285714285715	0.0
89.0	50.89285714285714	15.178571428571427	12.5	21.428571428571427	0.0
90.0	38.392857142857146	12.5	19.642857142857142	29.464285714285715	0.0
91.0	35.714285714285715	17.857142857142858	19.642857142857142	26.785714285714285	0.0
92.0	31.858407079646017	19.469026548672566	14.15929203539823	34.51327433628318	0.0
93.0	34.51327433628318	9.734513274336283	17.699115044247787	38.05309734513274	0.0
94.0	41.5929203539823	12.389380530973451	21.238938053097346	24.778761061946902	0.0
95.0	42.10526315789473	15.789473684210526	13.157894736842104	28.947368421052634	0.0
96.0	38.392857142857146	18.75	18.75	24.107142857142858	0.0
97.0	41.07142857142857	18.75	13.392857142857142	26.785714285714285	0.0
98.0	33.92857142857143	16.071428571428573	22.321428571428573	27.67857142857143	0.0
99.0	40.0	18.181818181818183	13.636363636363635	28.18181818181818	0.0
100.0	36.03603603603604	18.91891891891892	14.414414414414415	30.630630630630627	0.0
101.0	36.93693693693694	17.117117117117118	18.91891891891892	27.027027027027028	0.0
102.0	36.93693693693694	18.01801801801802	19.81981981981982	25.225225225225223	0.0
103.0	34.862385321100916	12.844036697247708	24.770642201834864	27.522935779816514	0.0
104.0	32.71028037383177	17.75700934579439	25.233644859813083	24.299065420560748	0.0
105.0	39.25233644859813	15.887850467289718	19.626168224299064	25.233644859813083	0.0
106.0	33.64485981308411	20.5607476635514	16.822429906542055	28.971962616822427	0.0
107.0	34.57943925233645	20.5607476635514	20.5607476635514	24.299065420560748	0.0
108.0	31.775700934579437	28.971962616822427	17.75700934579439	21.49532710280374	0.0
109.0	35.51401869158878	18.69158878504673	14.018691588785046	31.775700934579437	0.0
110.0	38.31775700934579	10.2803738317757	13.084112149532709	38.31775700934579	0.0
111.0	29.906542056074763	14.018691588785046	30.8411214953271	25.233644859813083	0.0
112.0	31.775700934579437	17.75700934579439	20.5607476635514	29.906542056074763	0.0
113.0	35.51401869158878	21.49532710280374	20.5607476635514	22.429906542056074	0.0
114.0	32.075471698113205	18.867924528301888	19.81132075471698	29.245283018867923	0.0
115.0	24.528301886792452	19.81132075471698	21.69811320754717	33.9622641509434	0.0
116.0	29.807692307692307	15.384615384615385	26.923076923076923	27.884615384615387	0.0
117.0	32.69230769230769	17.307692307692307	17.307692307692307	32.69230769230769	0.0
118.0	40.19607843137255	15.686274509803921	12.745098039215685	31.372549019607842	0.0
119.0	27.722772277227726	25.742574257425744	17.82178217821782	28.71287128712871	0.0
120.0	34.0	18.0	23.0	25.0	0.0
121.0	33.0	18.0	15.0	34.0	0.0
122.0	34.31372549019608	17.647058823529413	14.705882352941178	33.33333333333333	0.0
123.0	35.0	17.0	20.0	28.000000000000004	0.0
124.0	46.0	9.0	16.0	28.999999999999996	0.0
125.0	33.0	16.0	19.0	32.0	0.0
126.0	31.0	21.0	17.0	31.0	0.0
127.0	36.0	21.0	19.0	24.0	0.0
128.0	36.0	18.0	18.0	28.000000000000004	0.0
129.0	44.0	15.0	19.0	22.0	0.0
130.0	45.0	11.0	10.0	34.0	0.0
131.0	32.67326732673268	20.792079207920793	15.841584158415841	30.693069306930692	0.0
132.0	24.752475247524753	22.772277227722775	19.801980198019802	32.67326732673268	0.0
133.0	28.71287128712871	16.831683168316832	24.752475247524753	29.7029702970297	0.0
134.0	39.0	11.0	14.000000000000002	36.0	0.0
135.0	34.0	16.0	28.000000000000004	22.0	0.0
136.0	27.0	23.0	18.0	32.0	0.0
137.0	30.0	22.0	19.0	28.999999999999996	0.0
138.0	39.0	20.0	13.0	28.000000000000004	0.0
139.0	28.999999999999996	22.0	19.0	30.0	0.0
140.0	38.0	8.0	22.0	32.0	0.0
141.0	36.0	16.0	18.0	30.0	0.0
142.0	37.0	22.0	22.0	19.0	0.0
143.0	40.20618556701031	13.402061855670103	13.402061855670103	32.98969072164948	0.0
144.0	34.73684210526316	15.789473684210526	14.736842105263156	34.73684210526316	0.0
145.0	32.97872340425532	22.340425531914892	17.02127659574468	27.659574468085108	0.0
146.0	29.78723404255319	21.27659574468085	19.148936170212767	29.78723404255319	0.0
147.0	35.483870967741936	24.731182795698924	17.20430107526882	22.58064516129032	0.0
148.0	25.842696629213485	28.08988764044944	24.719101123595504	21.34831460674157	0.0
149.0	27.500000000000004	30.0	20.0	22.5	0.0
150.0	7.142857142857142	44.642857142857146	21.428571428571427	26.785714285714285	0.0
