# Position (bp)	A	C	G	T	N
0.0	25.95185471111382	24.21268568526934	23.972635257521073	25.86282434609577	0.0
1.0	26.12924458489995	20.180671908978223	15.592311884166863	38.097771621954955	0.0
2.0	28.336440950796803	19.224526479583623	18.601915234789356	33.83711733483022	0.0
3.0	22.67235972627101	22.520620449626893	15.41247088483288	39.39454893926922	0.0
4.0	33.80625534359372	13.372069338575255	14.828736854372698	37.99293846345832	0.0
5.0	34.317160204138844	15.06765853208987	23.22224363258359	27.392937631187692	0.0
6.0	30.63861634907241	17.49617766908119	21.173760721246744	30.691445260599647	0.0
7.0	34.770445555611545	17.17469331457149	20.137687686662048	27.91717344315492	0.0
8.0	22.653498662006967	26.999079392742036	22.428444147957556	27.918977797293444	0.0
9.0	27.727020293442113	18.811474506602583	15.875313458200655	37.58619174175465	0.0
10.0	26.001606648477914	16.68380588294201	25.30232920209269	32.01225826648738	0.0
11.0	28.12799933599768	18.00620414282288	19.84756042943113	34.018236091748314	0.0
12.0	25.91151782399015	19.717427831311962	21.46633674480852	32.904717599889366	0.0
13.0	26.625462091872816	20.851090648303153	18.700777380204094	33.82266987961994	0.0
14.0	30.73106372218411	18.43185128410084	20.193364900079377	30.643720093635668	0.0
15.0	29.998637712625413	18.384216334843792	19.94868159065159	31.668464361879206	0.0
16.0	29.601512254979983	17.587413547271307	18.920405943594083	33.89066825415462	0.0
17.0	30.284073649096165	18.0807110805001	19.756363215972556	31.878852054431178	0.0
18.0	30.915700703530568	17.603175869495704	18.895956945017076	32.58516648195665	0.0
19.0	29.759032371273186	18.341362924053833	20.04065209874096	31.85895260593202	0.0
20.0	29.74319271958571	17.890055289277278	19.819360951894758	32.54739103924225	0.0
21.0	29.263608277809706	18.346595551055554	19.61211799084136	32.777678180293385	0.0
22.0	29.593830861647408	19.266390849656187	22.20360873405354	28.936169554642866	0.0
23.0	29.839455012875998	20.09359700446281	21.09442069212705	28.97252729053414	0.0
24.0	32.09940857137813	19.482152939892195	18.508922982303538	29.909515506426143	0.0
25.0	29.210792254526318	21.319848965248013	19.356286350486254	30.113072429739418	0.0
26.0	31.768709122518096	16.924442283801966	21.761541970114997	29.545306623564944	0.0
27.0	26.092610538278795	21.08127468340351	24.985484615367763	27.84063016294993	0.0
28.0	26.269682120487293	19.735819355281066	18.590853548436403	35.40364497579523	0.0
29.0	27.546069349835783	20.144441126437666	17.636504868083026	34.672984655643525	0.0
30.0	26.6566826337053	19.101090467442578	16.4170011847903	37.82522571406181	0.0
31.0	33.966388073011075	14.419863755808187	18.369866388138007	33.24388178304273	0.0
32.0	33.82015691007845	16.062229334046265	22.58273229028037	27.534881465594914	0.0
33.0	31.14763801040878	17.99258340265128	20.60184634689293	30.25793224004701	0.0
34.0	33.363501461246194	16.74047417961052	21.925187362794418	27.970836996348865	0.0
35.0	26.244276106237272	20.415048789134026	25.493257637528515	27.847417467100183	0.0
