# Position (bp)	A	C	G	T	N
0.0	56.95301376364499	10.215946843853821	12.031324157570005	20.79971523493118	0.0
1.0	16.929647645034997	54.098944121485346	11.768893107130147	17.202515126349507	0.0
2.0	21.637910659418576	49.562751122666036	11.179390215079177	17.619948002836207	0.0
3.0	56.83317624882187	11.333647502356268	10.90951932139491	20.923656927426958	0.0
4.0	56.32725132430841	13.878752207180694	13.125367863449089	16.6686286050618	0.0
5.0	18.777908343125734	50.43478260869565	13.44300822561692	17.344300822561692	0.0
6.0	16.36939685519831	51.72494719549402	13.905186575921144	18.00046937338653	0.0
7.0	57.1981242672919	10.621336459554513	13.528722157092615	18.65181711606096	0.0
8.0	54.123711340206185	13.83552014995314	14.15182755388941	17.888940955951266	0.0
9.0	19.878248653711076	47.260594708499184	14.024818543666589	18.836338094123157	0.0
10.0	16.824616824616825	9.62910962910963	14.075114075114076	59.471159471159474	0.0
11.0	15.774713718158448	12.853470437017995	11.33442393082496	60.0373919139986	0.0
12.0	18.735417638824078	10.1376574895007	11.89920671955203	59.22771815212319	0.0
13.0	20.459556690263433	48.86851572473018	11.779041429731924	18.892886155274457	0.0
14.0	21.78194878924806	12.177036264627505	50.83999536554281	15.201019580581624	0.0
15.0	56.038758795708844	12.481255046718191	14.534548390817855	16.945437766755102	0.0
16.0	15.613853411575192	13.41617765504545	13.554251524565641	57.41571740881371	0.0
17.0	19.87834270630093	47.79065763801217	12.395271433490187	19.935728222196715	0.0
18.0	18.013989221419564	9.826854718495586	16.13347093223254	56.02568512785231	0.0
19.0	17.72180881511162	50.30337721808815	15.374928448769317	16.59988551803091	0.0
20.0	17.793513019643672	13.328003654636818	15.269529465509365	53.60895386021014	0.0
21.0	16.03096891722646	12.786063987248092	18.068996925879542	53.11397016964591	0.0
22.0	19.595132491754804	11.031502331399977	51.59786193563062	17.7755032412146	0.0
23.0	17.414517778030216	11.82551402930819	16.835169828467567	53.924798364194025	0.0
24.0	53.7562414888788	12.823422605537903	14.922832501134817	18.49750340444848	0.0
25.0	20.782312925170068	10.589569160997732	49.183673469387756	19.444444444444446	0.0
26.0	56.566572237960344	12.521246458923512	12.124645892351275	18.78753541076487	0.0
27.0	16.191123188405797	17.866847826086957	9.06929347826087	56.872735507246375	0.0
28.0	15.382875240357425	49.587150774799234	10.202465784413528	24.827508200429815	0.0
29.0	17.542669831581325	9.223465581553068	13.993444105346445	59.240420481519166	0.0
30.0	20.782479753621537	9.376069350975248	47.792859587087946	22.048591308315274	0.0
31.0	21.233034276512537	10.697032436162871	11.364159190246147	56.70577409707845	0.0
32.0	20.172978027115473	12.096774193548388	10.542309490416082	57.18793828892006	0.0
33.0	19.705014749262535	50.05309734513275	13.569321533923304	16.672566371681416	0.0
34.0	22.65717674970344	11.020166073546857	11.043890865954923	55.27876631079478	0.0
35.0	16.585133039016824	50.20880563178618	13.828898699439208	19.377162629757784	0.0
36.0	17.151127728862622	15.727897720419731	11.361717525027137	55.75925702569051	0.0
37.0	55.59055118110236	16.15990308903695	12.331920048455482	15.917625681405209	0.0
38.0	58.51231646644825	15.993204708166484	8.190753549326537	17.30372527605873	0.0
39.0	56.1587147030185	17.55111976630964	7.339337877312562	18.950827653359298	0.0
40.0	16.91950085637387	55.223880597014926	10.092977734279422	17.763640812331783	0.0
41.0	17.529131687758426	11.477258488911165	53.12617466482897	17.86743515850144	0.0
42.0	58.6241653017513	13.859140733274536	10.117172735290412	17.39952122968376	0.0
43.0	62.37322515212982	11.156186612576064	8.56997971602434	17.900608519269774	0.0
44.0	16.98626587198756	53.64083959575019	8.836486136304742	20.5364083959575	0.0
45.0	25.622901572716028	10.86764446015197	12.28132178830182	51.22813217883018	0.0
46.0	26.53770919365355	15.105411866985438	17.75700934579439	40.599869593566616	0.0
47.0	27.524659464537343	17.895725692813528	16.486613433536874	38.09300140911226	0.0
48.0	22.54047322540473	19.05354919053549	17.982565379825655	40.42341220423412	0.0
49.0	25.57837275799324	19.703665193657397	18.066025474395634	36.65193657395373	0.0
50.0	25.35551381808425	24.71156426079957	19.077005634558628	30.855916286557555	0.0
51.0	29.726805517987557	17.554774141195566	17.33838247227482	35.38003786854206	0.0
52.0	28.489640130861503	16.82115594329335	18.047982551799347	36.6412213740458	0.0
53.0	33.33333333333333	19.079128756548112	21.174524400330853	26.413013509787703	0.0
54.0	29.840737636211234	21.933500977926794	20.201173512154234	28.02458787370774	0.0
55.0	32.684715172024816	18.02030456852792	19.063733784545967	30.231246474901297	0.0
56.0	29.458463283243553	17.890558548341367	20.215480578395237	32.43549759001985	0.0
57.0	32.64663805436337	17.911301859799714	21.17310443490701	28.2689556509299	0.0
58.0	27.542494958225294	20.887352348026507	18.352059925093634	33.218092768654564	0.0
59.0	27.196288779356337	22.296317773267614	19.45491446796173	31.05247897941432	0.0
60.0	27.638483965014576	20.291545189504372	20.379008746355684	31.690962099125365	0.0
61.0	27.511682242990652	19.21728971962617	21.61214953271028	31.6588785046729	0.0
62.0	27.267390666275315	21.42647490460816	22.982095685353684	28.32403874376284	0.0
63.0	31.889183613321542	17.68346595932803	20.041261420571765	30.38608900677866	0.0
64.0	29.295942720763723	18.07875894988067	22.971360381861576	29.653937947494036	0.0
65.0	29.78723404255319	19.08900209769254	21.156727599640394	29.96703626011388	0.0
66.0	28.391356542617046	16.83673469387755	23.07923169267707	31.692677070828328	0.0
67.0	29.53242835595777	17.466063348416288	20.0	33.00150829562594	0.0
68.0	25.523520485584218	20.728376327769347	19.90895295902883	33.8391502276176	0.0
69.0	26.919547262159682	19.241358213520954	22.36157846436219	31.47751605995717	0.0
70.0	27.417869204789685	20.93951489100399	19.128031931225053	32.51458397298127	0.0
71.0	30.03391921060746	20.351526364477333	19.518963922294173	30.09559050262103	0.0
72.0	28.235294117647058	19.071207430340557	19.009287925696594	33.68421052631579	0.0
73.0	28.06201550387597	18.07751937984496	19.751937984496124	34.10852713178294	0.0
74.0	27.644305772230886	16.755070202808113	24.742589703588145	30.858034321372855	0.0
75.0	27.803811308965948	21.587004061230868	21.993127147766323	28.61605748203686	0.0
76.0	26.979655712050075	22.003129890453835	18.30985915492958	32.70735524256651	0.0
77.0	28.53551225644249	20.773098680075424	19.044626021370206	31.646763042111882	0.0
78.0	28.795976108142096	23.074504872681548	17.918893429739075	30.210625589437285	0.0
79.0	30.202403542061983	20.01897533206831	17.52055660974067	32.25806451612903	0.0
80.0	30.93502377179081	17.62282091917591	20.412044374009508	31.03011093502377	0.0
81.0	24.504792332268373	20.031948881789138	19.776357827476037	35.68690095846645	0.0
82.0	30.36750483558994	16.795615731785947	20.470664087685364	32.366215344938745	0.0
83.0	29.571106094808126	17.63947113834247	21.315704611415672	31.473718155433733	0.0
84.0	28.396256857050663	18.425298483381734	22.007099064214263	31.17134559535334	0.0
85.0	33.09539260220636	18.55937702790396	18.786502271252434	29.55872809863725	0.0
86.0	28.62271540469974	19.092689295039165	23.335509138381198	28.949086161879894	0.0
87.0	31.01534443356187	21.351616062683643	20.731309174012406	26.901730329742087	0.0
88.0	36.253677672441974	18.273945733899968	16.377901274926447	29.09447531873161	0.0
89.0	30.23255813953488	18.76842450049132	17.720275139207338	33.27874222076646	0.0
90.0	30.58668424522083	18.226763348714567	18.82003955174687	32.36651285431773	0.0
91.0	30.049423393739705	22.108731466227347	15.32125205930807	32.52059308072487	0.0
92.0	29.14304768256085	20.673557852617538	17.972657552517507	32.2107369123041	0.0
93.0	31.9718781386006	18.111817877469033	18.91529963173753	31.001004352192833	0.0
94.0	30.74857334676066	16.61631419939577	18.764686136287345	33.87042631755623	0.0
95.0	28.091397849462364	17.540322580645164	20.967741935483872	33.4005376344086	0.0
96.0	26.84157416750757	17.995290951900436	21.527077026572485	33.636057854019505	0.0
97.0	29.62837837837838	17.83783783783784	18.85135135135135	33.68243243243243	0.0
98.0	29.66101694915254	20.372881355932204	18.440677966101696	31.52542372881356	0.0
99.0	27.681307456588357	19.67994552264215	20.326864147088866	32.311882873680624	0.0
100.0	30.26767330130405	15.271105010295127	19.903912148249827	34.557309540150996	0.0
101.0	30.093071354705277	19.924164081351257	18.85556704584626	31.127197518097212	0.0
102.0	32.883350640359986	16.510903426791277	19.487712011076496	31.118033921772238	0.0
103.0	27.21584984358707	18.873826903023982	20.50747306221759	33.40285019117136	0.0
104.0	28.01814375436148	19.958129797627354	21.24912770411724	30.77459874389393	0.0
105.0	29.566130160951715	20.85374387683695	18.08957312806158	31.490552834149753	0.0
106.0	31.706460674157306	18.820224719101123	18.398876404494384	31.07443820224719	0.0
107.0	30.92383638928068	18.794076163610722	18.723554301833566	31.558533145275035	0.0
108.0	31.987247608926673	19.44739638682253	17.28657456606447	31.278781438186325	0.0
109.0	29.658605974395446	20.376955903271693	19.34566145092461	30.61877667140825	0.0
110.0	27.023172905525843	19.750445632798574	19.46524064171123	33.761140819964346	0.0
111.0	30.132568971694734	17.269795772124684	20.601934790397706	31.99570046578287	0.0
112.0	26.13065326633166	19.956927494615936	20.9978463747308	32.914572864321606	0.0
113.0	30.686309737693136	19.65504850880345	19.295724038807045	30.36291771469637	0.0
114.0	30.35005413208228	18.116203536629374	20.786719595813786	30.74702273547456	0.0
115.0	28.55067199418816	18.74318924809299	20.01452960406829	32.69160915365056	0.0
116.0	28.93013100436681	19.104803493449783	18.704512372634643	33.26055312954877	0.0
117.0	31.76341730558598	18.69295363271267	20.007301935012777	29.536327126688573	0.0
118.0	28.587115666178626	17.313323572474378	20.75402635431918	33.34553440702781	0.0
119.0	24.458318031582813	20.27175908923981	27.543150936467132	27.72677194271025	0.0
120.0	27.296105804555477	21.197648787656135	22.1895664952241	29.316678912564292	0.0
121.0	30.46846182220583	18.922906676503136	19.291774253043155	31.31685724824788	0.0
122.0	29.866765358993337	19.096965210954846	20.984455958549223	30.05181347150259	0.0
123.0	34.19977720014853	19.08652060898626	17.489788340141107	29.2239138507241	0.0
124.0	29.04068682344158	20.716685330347147	20.34341172079134	29.89921612541993	0.0
125.0	29.581151832460733	18.92296185489903	20.11967090501122	31.376215407629022	0.0
126.0	30.46904315196998	18.836772983114447	20.187617260787995	30.506566604127578	0.0
127.0	28.926553672316384	19.661016949152543	21.393596986817325	30.018832391713744	0.0
128.0	31.922931620702684	18.775972799395543	19.49376652814507	29.807329051756703	0.0
129.0	28.83668056081849	20.538082607048125	17.392951875710498	33.23228495642289	0.0
130.0	28.365019011406844	20.0	16.273764258555133	35.361216730038024	0.0
131.0	30.59900801220908	19.229301793208702	19.11484166348722	31.056848531095	0.0
132.0	31.401151631477926	19.424184261036466	19.923224568138195	29.251439539347405	0.0
133.0	30.138568129330256	21.016166281755197	20.1693610469592	28.67590454195535	0.0
134.0	24.565469293163382	19.930475086906142	20.8960988798764	34.60795674005407	0.0
135.0	28.73206669251648	17.09965102753005	20.39550213260954	33.77278014734394	0.0
136.0	26.321928460342146	18.079315707620527	23.17262830482115	32.426127527216174	0.0
137.0	28.024980483996874	17.759562841530055	19.55503512880562	34.66042154566745	0.0
138.0	28.962818003913892	18.747553816046967	19.960861056751465	32.32876712328767	0.0
139.0	29.03605015673981	19.670846394984327	19.161442006269592	32.13166144200627	0.0
140.0	29.189614476789927	18.29268292682927	20.41699449252557	32.10070810385523	0.0
141.0	31.913214990138066	18.34319526627219	19.960552268244573	29.78303747534517	0.0
142.0	30.94010313367711	14.557715192383974	19.952399841332806	34.54978183260611	0.0
143.0	32.03342618384401	18.981297254277756	18.54357341822523	30.441703143653005	0.0
144.0	30.980861244019138	17.424242424242426	18.301435406698566	33.293460925039874	0.0
145.0	30.62124248496994	18.71743486973948	18.557114228456914	32.10420841683367	0.0
146.0	29.738430583501007	18.551307847082494	19.235412474849095	32.4748490945674	0.0
147.0	29.079159935379646	19.022617124394184	19.022617124394184	32.87560581583199	0.0
148.0	26.707317073170735	20.121951219512198	20.365853658536583	32.80487804878049	0.0
149.0	30.665577786851777	18.66067782768477	18.66067782768477	32.013066557778686	0.0
150.0	27.24661469019286	20.18875666803447	19.57324579400903	32.991382847763646	0.0
151.0	29.3657331136738	19.27512355848435	20.387149917627678	30.971993410214164	0.0
152.0	30.049668874172188	19.453642384105958	17.094370860927153	33.402317880794705	0.0
153.0	30.766028309741884	19.19233971690258	19.275603663613655	30.766028309741884	0.0
154.0	31.506276150627617	14.393305439330545	20.0836820083682	34.01673640167364	0.0
155.0	30.81787521079258	20.193929173693085	16.863406408094438	32.1247892074199	0.0
156.0	30.276008492569	15.92356687898089	20.552016985138007	33.2484076433121	0.0
157.0	29.585292860196667	17.78537836682343	19.5382642154767	33.09106455750321	0.0
158.0	30.412371134020617	21.477663230240548	16.666666666666664	31.443298969072163	0.0
159.0	33.70932754880694	14.490238611713666	20.520607375271148	31.279826464208245	0.0
160.0	26.111595466434178	21.09851787271142	22.972972972972975	29.81691368788143	0.0
161.0	29.74989030276437	18.911803422553753	22.071083808688023	29.267222465993857	0.0
162.0	28.89969067609368	18.07335395492709	21.210782147591694	31.81617322138754	0.0
163.0	29.986672589960016	17.59218125277654	16.79253665037761	35.62860950688583	0.0
164.0	30.405706642888987	16.6740971912617	22.20240748996879	30.71778867588052	0.0
165.0	29.345878136200714	18.503584229390682	22.1326164874552	30.0179211469534	0.0
166.0	26.78973435389464	20.936515083295813	19.94597028365601	32.32778027915354	0.0
167.0	26.69683257918552	20.588235294117645	22.30769230769231	30.407239819004523	0.0
168.0	26.863636363636363	19.18181818181818	20.863636363636363	33.09090909090909	0.0
169.0	28.57142857142857	17.434961204929255	19.76266544956641	34.230944774075766	0.0
170.0	31.15808823529412	16.268382352941178	19.62316176470588	32.950367647058826	0.0
171.0	30.31841255191509	18.68943239501615	18.504845408398708	32.48730964467005	0.0
172.0	30.83720930232558	21.02325581395349	16.697674418604652	31.441860465116278	0.0
173.0	29.28538066324148	18.542737038766933	20.457730032695	31.71415226529659	0.0
174.0	30.64289066166119	18.254340685124355	18.442045987799155	32.6607226654153	0.0
175.0	25.09433962264151	19.528301886792455	21.037735849056606	34.33962264150943	0.0
176.0	29.43681968764789	19.782300047326075	19.592995740653098	31.187884524372926	0.0
177.0	29.599618684461394	22.4976167778837	17.969494756911345	29.933269780743565	0.0
178.0	30.62890062409986	21.315410465674507	18.14690350456073	29.908785405664908	0.0
179.0	27.606177606177607	18.822393822393824	23.745173745173744	29.82625482625483	0.0
180.0	29.912451361867703	16.439688715953306	19.698443579766536	33.949416342412455	0.0
181.0	30.298580518844837	19.774840920215368	18.502202643171806	31.42437591776799	0.0
182.0	35.221674876847295	17.733990147783253	18.669950738916256	28.374384236453203	0.0
183.0	30.18867924528302	22.045680238331677	20.854021847070506	26.911618669314798	0.0
184.0	30.20469296055916	19.27109335996006	21.218172740888665	29.30604093859211	0.0
185.0	26.730190571715145	21.163490471414242	24.523570712136408	27.5827482447342	0.0
186.0	29.556898288016114	18.37865055387714	21.852970795568982	30.211480362537763	0.0
187.0	31.525595539787126	20.577800304105423	16.877850988342622	31.018753167764824	0.0
188.0	28.877551020408166	21.122448979591837	20.45918367346939	29.54081632653061	0.0
189.0	29.30856553147575	18.730650154798763	19.814241486068113	32.14654282765738	0.0
190.0	29.6411856474259	18.876755070202808	20.072802912116487	31.409256370254813	0.0
191.0	28.39958158995816	19.874476987447697	18.828451882845187	32.89748953974895	0.0
192.0	29.931614939505526	21.146764860599685	21.357180431351917	27.56443976854287	0.0
193.0	29.70244420828905	18.862911795961743	22.051009564293306	29.383634431455896	0.0
194.0	26.670229823623732	20.256547300908608	22.875467664350616	30.197755211117048	0.0
195.0	26.74607471575528	21.22360584731998	20.14076881429345	31.889550622631297	0.0
196.0	31.222707423580786	18.88646288209607	19.70524017467249	30.18558951965066	0.0
197.0	29.816768461965577	20.71071626873959	22.376457523598	27.096057745696832	0.0
198.0	27.43312464428002	24.075128059191805	19.57882754695504	28.912919749573135	0.0
199.0	28.931572629051622	23.46938775510204	18.42737094837935	29.17166866746699	0.0
200.0	28.176795580110497	15.814917127071823	21.408839779005525	34.59944751381215	0.0
201.0	31.226765799256505	19.144981412639407	17.100371747211895	32.52788104089219	0.0
202.0	35.046728971962615	15.887850467289718	18.22429906542056	30.8411214953271	0.0
203.0	34.61538461538461	18.66791744840525	18.574108818011258	28.142589118198874	0.0
204.0	35.660377358490564	16.69811320754717	21.88679245283019	25.754716981132077	0.0
205.0	33.96584440227704	19.35483870967742	22.2011385199241	24.47817836812144	0.0
206.0	29.48473282442748	18.416030534351144	20.896946564885496	31.202290076335874	0.0
207.0	25.840537944284343	23.439000960614795	19.596541786743515	31.12391930835735	0.0
208.0	28.52998065764023	17.988394584139265	19.43907156673114	34.04255319148936	0.0
209.0	21.92046556741028	22.59941804073715	20.85354025218235	34.62657613967022	0.0
210.0	25.951219512195124	21.463414634146343	18.634146341463413	33.951219512195124	0.0
211.0	29.793510324483773	21.04228121927237	17.699115044247787	31.465093411996065	0.0
212.0	27.425742574257427	16.732673267326735	21.683168316831683	34.15841584158416	0.0
213.0	28.299999999999997	17.8	20.8	33.1	0.0
214.0	28.57142857142857	25.553319919517104	17.806841046277665	28.06841046277666	0.0
215.0	28.093306288032455	24.645030425963487	17.647058823529413	29.61460446247465	0.0
216.0	28.48360655737705	19.262295081967213	19.262295081967213	32.99180327868852	0.0
217.0	26.84703433922997	20.291363163371486	24.765868886576484	28.09573361082206	0.0
218.0	26.008492569002122	19.851380042462846	18.471337579617835	35.6687898089172	0.0
219.0	17.265353418308226	24.44959443800695	24.565469293163382	33.719582850521434	0.0
220.0	0.0	29.684601113172544	26.53061224489796	43.7847866419295	0.0
