# Position (bp)	A	C	G	T	N
0.0	43.49767265127767	17.298375605585637	17.735347202431843	21.468604540704856	0.0
1.0	21.44010639308445	33.96029258098224	20.29068110572813	24.308919920205184	0.0
2.0	29.339899611705654	30.85519462070272	15.957950563500331	23.846955204091298	0.0
3.0	39.66136965569429	18.965191070752933	16.732879303821417	24.640559969731367	0.0
4.0	40.27987897125567	15.412254160363087	17.180408472012104	27.127458396369136	0.0
5.0	26.03723655609111	31.80228711841981	15.329363954257632	26.831112371231452	0.0
6.0	26.858762399622105	31.053377420878604	18.10108644307983	23.98677373641946	0.0
7.0	40.213388726277024	16.476253422717402	15.211028231517327	28.099329619488245	0.0
8.0	38.38240845602114	17.610419026047566	17.497168742921858	26.510003775009437	0.0
9.0	23.163255682354052	33.80175422050363	15.542770913892296	27.492219183250022	0.0
10.0	19.692684766214178	17.628205128205128	17.090874811463046	45.588235294117645	0.0
11.0	22.295514511873353	16.660384470410854	17.77233320768941	43.27176781002638	0.0
12.0	23.365982294217368	15.191184780561311	14.870973818044831	46.57185910717649	0.0
13.0	23.32611357001601	33.60015067332141	17.80770317355683	25.26603258310575	0.0
14.0	24.60220318237454	15.619998116938142	33.09481216457961	26.682986536107713	0.0
15.0	40.20327498588368	15.066817240730284	20.045172219085263	24.684735554300772	0.0
16.0	22.46472248353716	15.794920037629351	18.447789275634996	43.29256820319849	0.0
17.0	23.553757877904243	32.5463267801712	18.041576521493745	25.858338820430816	0.0
18.0	22.117735565168328	21.97667857814557	16.795185254842956	39.11040060184314	0.0
19.0	25.244360902255643	34.41729323308271	17.02067669172932	23.31766917293233	0.0
20.0	22.921559417566932	19.53029591357445	16.477219351808362	41.07092531705026	0.0
21.0	22.1001221001221	18.50286465671081	17.441532826148208	41.95548041701888	0.0
22.0	22.272300469483568	16.32863849765258	34.159624413145536	27.23943661971831	0.0
23.0	25.55628579476106	16.205051168904326	18.25180734203361	39.986855694301006	0.0
24.0	42.118596359542124	13.74554325389379	15.490711202852317	28.645149183711766	0.0
25.0	22.05234030578745	16.94962949066692	30.635024856955255	30.363005346590377	0.0
26.0	45.38548114800225	15.88820108797599	15.222284749577941	23.50403301444382	0.0
27.0	23.747889701744512	18.02663665353592	14.987807165634964	43.2376664790846	0.0
28.0	24.6882325363338	30.37037037037037	15.939990623534928	29.001406469760898	0.0
29.0	25.13358957532577	13.85581700571857	17.2869597825068	43.72363363644886	0.0
30.0	26.611012100178222	16.264890723196697	28.77778819998124	28.34630897664384	0.0
31.0	26.19427498826842	11.872360394181136	16.14265603003285	45.7907085875176	0.0
32.0	26.62410814870447	13.190011265490048	16.88884716485167	43.29703342095381	0.0
33.0	26.244598910388877	32.15292128498967	14.756716137516438	26.845763667105015	0.0
34.0	28.434504792332266	12.29092275887991	15.607968426987409	43.66660402180042	0.0
35.0	24.536470588235293	31.76470588235294	15.134117647058822	28.564705882352943	0.0
36.0	28.038439796495197	15.112116073110984	15.4136046730733	41.435839457320526	0.0
37.0	38.23668081093824	16.718528995756717	18.085808580858085	26.95898161244696	0.0
38.0	40.85595776772247	16.600678733031675	14.526772247360483	28.01659125188537	0.0
39.0	41.502311975087295	15.098612814947627	14.44748513730301	28.951590072662075	0.0
40.0	23.492213308164228	30.448324681453514	15.67720622935347	30.38225578102879	0.0
41.0	23.064561867851406	15.937234143113715	34.99385575196143	26.00434823707345	0.0
42.0	43.00709219858156	15.404255319148936	14.477541371158392	27.111111111111114	0.0
43.0	40.189214758751184	16.39545884578997	15.468306527909176	27.947019867549667	0.0
44.0	27.031634779314263	31.710551240765295	14.453494980109868	26.804318999810572	0.0
45.0	30.429434131066873	17.32274658912995	17.065533437709686	35.18228584209349	0.0
46.0	25.78982747031145	17.92516244678467	22.552095003360968	33.732915079542906	0.0
47.0	31.425680233865528	17.86597706318867	18.41691027659096	32.291432426354845	0.0
48.0	29.70875969863938	17.418194085235577	17.823006859327563	35.05003935679748	0.0
49.0	30.025874676566545	18.067274159073012	17.448531893351333	34.45831927100912	0.0
50.0	26.903153153153152	21.88063063063063	21.53153153153153	29.684684684684687	0.0
51.0	29.126760563380284	18.208450704225353	18.016901408450703	34.647887323943664	0.0
52.0	28.589164785553045	19.988713318284425	23.442437923250566	27.97968397291196	0.0
53.0	28.6650842093365	22.323951622018765	19.272069628122527	29.73889454052221	0.0
54.0	28.19323452879285	24.052494626088926	18.47494060414074	29.279330240977487	0.0
55.0	32.57867330767489	19.741906271224813	18.02128141272357	29.65813900837673	0.0
56.0	26.821529745042493	19.43342776203966	21.38243626062323	32.36260623229462	0.0
57.0	30.98368087035358	19.58295557570263	19.628286491387126	29.805077062556663	0.0
58.0	29.703980945899964	22.93297039809459	17.579675626630372	29.78337302937507	0.0
59.0	27.46055170847996	19.69576569417641	22.102395277557044	30.74128731978658	0.0
60.0	27.724795640326978	16.916439600363304	20.29972752043597	35.05903723887375	0.0
61.0	30.475757919836493	16.49824003633473	24.105824912001815	28.920177131826957	0.0
62.0	26.778004998863896	18.791183821858667	24.312656214496705	30.11815496478073	0.0
63.0	28.915662650602407	17.208456467378948	19.14071379859059	34.73516708342805	0.0
64.0	26.98611427270658	20.692010015934443	20.600956066469383	31.720919644889594	0.0
65.0	29.679845049561354	19.459952147658655	19.346018001595077	31.514184801184914	0.0
66.0	26.96078431372549	17.818057455540355	20.98723210214318	34.233926128590966	0.0
67.0	31.931623931623932	19.065527065527064	15.623931623931625	33.37891737891738	0.0
68.0	27.386791376753735	18.877609216379607	19.961218204631002	33.77438120223565	0.0
69.0	29.65714285714286	22.42285714285714	18.86857142857143	29.051428571428573	0.0
70.0	30.92052601486564	18.84505431675243	18.364779874213834	31.869639794168098	0.0
71.0	28.24567434398992	23.604904319926664	19.02142775295061	29.127993583132806	0.0
72.0	27.814721394175645	18.229763815638613	20.178858060077964	33.776656730107774	0.0
73.0	31.655172413793103	14.448275862068966	21.39080459770115	32.50574712643678	0.0
74.0	34.41812327506899	17.34130634774609	21.366145354185832	26.874425022999084	0.0
75.0	33.18762222477856	21.603589094673875	18.359599677901763	26.849189002645808	0.0
76.0	30.414269275028772	19.758342922899885	17.813578826237052	32.01380897583429	0.0
77.0	29.721326577614004	21.188392445877476	17.676186089359742	31.41409488714878	0.0
78.0	27.558782849239282	17.542646380820653	22.372060857538038	32.52650991240203	0.0
79.0	29.152737752161386	19.86167146974063	16.495677233429397	34.48991354466859	0.0
80.0	31.794575879976918	18.465089440276977	17.691863819965377	32.04847085978073	0.0
81.0	29.255626081938836	19.07674552798615	19.66532025389498	32.002308136180034	0.0
82.0	34.626486548897354	15.183004272024014	23.103567717353656	27.086941461724972	0.0
83.0	30.494568985440257	19.389877513288653	21.030737231338108	29.08481626993298	0.0
84.0	26.82391027864493	20.487917678344317	21.412880101745866	31.27529194126489	0.0
85.0	29.645915297384867	18.676232353621845	19.76394353158991	31.91390881740338	0.0
86.0	27.664504170528264	22.90315106580167	19.48563484708063	29.946709916589437	0.0
87.0	28.092753623188404	19.779710144927538	20.61449275362319	31.513043478260872	0.0
88.0	31.899350649350648	18.228200371057515	17.94990723562152	31.922541743970317	0.0
89.0	31.13251334416338	15.131120909723833	19.40125319099559	34.3351125551172	0.0
90.0	31.443179177318147	17.069486404833835	20.462468045549617	31.024866372298398	0.0
91.0	29.755813953488374	14.953488372093023	19.63953488372093	35.651162790697676	0.0
92.0	28.4683426443203	18.94785847299814	18.773277467411546	33.81052141527002	0.0
93.0	29.369977873529756	17.747758239198788	21.101665308023758	31.780598579247698	0.0
94.0	30.109531577720812	18.49219296201352	19.610813330226055	31.787462130039618	0.0
95.0	34.57725947521866	16.50145772594752	19.090379008746357	29.830903790087465	0.0
96.0	32.51691159318871	15.465360391882434	19.08094238395148	32.93678563097737	0.0
97.0	28.018196663944945	17.368482444885107	20.16796920564563	34.44535168552432	0.0
98.0	29.321203638908326	20.037322136692325	18.042920457196175	32.59855376720317	0.0
99.0	28.269500233535734	19.02148528724895	20.119103222793086	32.58991125642223	0.0
100.0	30.521149801355456	18.123393316195372	18.42720261743398	32.92825426501519	0.0
101.0	30.625365283459967	19.029807130333136	20.829924021040327	29.514903565166566	0.0
102.0	29.88304093567252	15.169590643274855	16.292397660818715	38.65497076023392	0.0
103.0	29.920430610812076	18.41797332085186	20.255090100631875	31.40650596770419	0.0
104.0	29.614889383120683	17.59335128175114	20.426079831440948	32.365679503687225	0.0
105.0	29.19058217172309	20.112451680918355	15.965795947054001	34.731170200304554	0.0
106.0	30.767428236672522	20.867018160515524	17.914469830111308	30.451083772700642	0.0
107.0	30.26284909645623	19.44379253696315	21.708519126965502	28.58483923961511	0.0
108.0	33.560356975105684	16.31047440112729	16.28698919680601	33.84217942696102	0.0
109.0	28.861979778979546	16.89395720667764	21.584763696214438	32.65929931812838	0.0
110.0	24.879425949888248	20.327020350546995	20.962239736501587	33.83131396306317	0.0
111.0	27.899317807574686	19.830628087508824	17.407668783815573	34.862385321100916	0.0
112.0	27.05024120484763	17.17849158724556	21.09659959995294	34.67466760795388	0.0
113.0	30.719415989638527	15.86012009890498	22.159425409160484	31.261038502296007	0.0
114.0	32.488805090737685	16.497761018147536	19.278812161206694	31.734621729908085	0.0
115.0	26.692616183062047	17.869780608634112	21.07808445388063	34.35951875442321	0.0
116.0	31.492625368731563	16.837758112094395	19.233038348082594	32.43657817109145	0.0
117.0	27.71283504545991	21.124099657574686	16.082182075805882	35.080883221159525	0.0
118.0	29.657210401891255	16.93853427895981	21.501182033096928	31.90307328605201	0.0
119.0	21.762270845653457	20.165582495564756	24.861028976936726	33.21111768184507	0.0
120.0	27.056456385371046	20.144395786483607	20.31009586933365	32.48905195881169	0.0
121.0	25.63677289420685	19.843620424120363	20.424120364885678	34.09548631678711	0.0
122.0	28.76273998577862	16.852334676463617	21.343920360274947	33.04100497748282	0.0
123.0	28.002371072910492	16.60936573799644	20.652045050385297	34.73621813870776	0.0
124.0	29.119183285849953	18.150522317188983	19.764957264957264	32.965337132003796	0.0
125.0	28.710635769459298	19.358288770053473	20.23767082590612	31.693404634581107	0.0
126.0	32.15219976218787	17.788347205707492	15.267538644470868	34.791914387633774	0.0
127.0	28.998096144693005	19.550214183722037	20.38315088053308	31.068538791051882	0.0
128.0	31.97238423997143	20.72372336626592	17.75979050113082	29.54410189263183	0.0
129.0	31.04516744130616	17.4234298653319	22.42879275414134	29.102609939220592	0.0
130.0	28.01287400166885	18.14280605554893	18.059363452139706	35.78495649064251	0.0
131.0	26.58318425760286	21.3953488372093	18.998211091234346	33.02325581395349	0.0
132.0	29.655254682094718	17.18955028032924	21.734462602886794	31.420732434689253	0.0
133.0	28.400954653937948	22.589498806682577	18.221957040572793	30.787589498806682	0.0
134.0	29.272662128269438	22.895019706198493	18.53576973605637	29.296548429475695	0.0
135.0	30.57712988409607	16.04731748118055	20.16967379615247	33.20587883857092	0.0
136.0	29.05655865120172	16.202319741719478	20.650484275977522	34.090637331101284	0.0
137.0	28.292857997368102	16.162220361287236	21.210671132910637	34.334250508434025	0.0
138.0	32.24841450281201	17.446452076103867	18.403733397152088	31.90140002393203	0.0
139.0	30.891681627767802	18.803111909036506	18.81508078994614	31.49012567324955	0.0
140.0	30.495689655172413	18.01963601532567	17.792145593869733	33.69252873563218	0.0
141.0	34.6103196456363	17.167484736022985	17.790015563270682	30.432180055070035	0.0
142.0	35.60052688300802	17.973895341875224	17.68650461022632	28.73907316489043	0.0
143.0	34.84249610731824	17.19966463049467	20.756976883459096	27.20086237872799	0.0
144.0	29.066283111590558	19.17775380558552	18.326740980462663	33.42922210236126	0.0
145.0	33.15745293200624	17.98776831754407	18.647319822520686	30.20745892792901	0.0
146.0	28.802783109404988	20.429462571976966	17.89827255278311	32.869481765834934	0.0
147.0	29.85719428777151	20.976839073562942	19.06876275051002	30.097203888155526	0.0
148.0	27.75843438588066	20.302557329811503	17.276984031696482	34.66202425261136	0.0
149.0	30.470814316598606	19.132836896468895	17.295219793418205	33.101128993514294	0.0
150.0	27.95143063236355	16.5183938446742	19.800432796345273	35.729742726616976	0.0
151.0	28.815393866506312	18.09981960312688	19.11004209260373	33.97474443776308	0.0
152.0	28.641886202333694	18.693612414290868	18.453025381931916	34.21147600144352	0.0
153.0	30.001202935161796	16.359918200409	18.453025381931916	35.18585348249729	0.0
154.0	28.164100096246393	15.940808469682388	21.354667949951878	34.54042348411935	0.0
155.0	27.54303599374022	19.730347899361984	21.451787648970747	31.27482845792705	0.0
156.0	30.82480433473811	14.810355207706202	18.75978326309452	35.60505719446117	0.0
157.0	29.80363811588965	17.69666305264426	20.87700277075051	31.622696060715576	0.0
158.0	32.835281359199904	18.857693698035906	19.942161706229665	28.36486323653452	0.0
159.0	34.24607961399276	16.863691194209892	19.686369119420988	29.203860072376358	0.0
160.0	28.11104405552203	19.79480989740495	22.184671092335545	29.909474954737476	0.0
161.0	27.720739219712527	16.258002174175626	23.251600434835126	32.769658171276724	0.0
162.0	27.861718844433703	18.070832829686935	22.942100809863412	31.125347516015957	0.0
163.0	29.393976049352847	16.777549292367244	20.479012943026493	33.34946171525341	0.0
164.0	28.820326678765877	17.580157289776164	21.62129461584997	31.978221415607987	0.0
165.0	31.57002784166566	17.552354436508896	21.752814429245852	29.124803292579593	0.0
166.0	31.444484804455747	19.179077370141666	19.578641482019616	29.797796343382977	0.0
167.0	34.258025439127806	15.154451847365232	20.50878255602665	30.078740157480315	0.0
168.0	25.3848951388047	18.620438841071646	20.426718390107894	35.56794763001576	0.0
169.0	27.065388814751913	20.490112823001336	19.313356787577337	33.131141574669414	0.0
170.0	26.18353969410051	18.9487739742656	22.019907744598203	32.847778587035684	0.0
171.0	31.215838697922994	17.17478440422689	18.049313737398275	33.56006316045184	0.0
172.0	30.52618787215944	21.059667031231015	17.960870093571515	30.453275003038037	0.0
173.0	29.770156877052173	20.880457254043534	19.05630548461632	30.293080384287975	0.0
174.0	31.322223573774483	18.440579004987228	18.294611361148277	31.94258606009001	0.0
175.0	29.350206862983697	18.78802628376734	20.91749817473838	30.94426867851059	0.0
176.0	30.772040915733072	16.439357038480274	19.48368241597662	33.30491962981003	0.0
177.0	24.104313916646355	20.570314404094564	18.53521813307336	36.790153546185714	0.0
178.0	29.770619814543682	16.715470961444606	21.778916544655928	31.734992679355784	0.0
179.0	25.332682212184103	20.058600903430595	21.73116835551215	32.87754852887315	0.0
180.0	26.587689301416706	21.800195407914018	16.670737664875425	34.94137762579385	0.0
181.0	27.588314386994256	16.94169416941694	19.93643808825327	35.533553355335535	0.0
182.0	32.57093933463796	14.163405088062623	21.2206457925636	32.04500978473581	0.0
183.0	31.78702570379437	20.0734394124847	20.62423500611995	27.51529987760098	0.0
184.0	31.744086285083956	21.681578624831474	17.759529354087512	28.814805735997055	0.0
185.0	27.63609612555174	21.162334477685143	22.731731240804315	28.469838155958804	0.0
186.0	29.158488714425907	16.278213935230617	22.129538763493624	32.433758586849855	0.0
187.0	30.82116116361851	19.013133668835156	19.037682582545724	31.128022585000615	0.0
188.0	29.99263080324245	16.64210267747482	21.211004667157944	32.15426185212478	0.0
189.0	31.399065650356526	18.37964101303172	19.080403245635605	31.140890090976146	0.0
190.0	31.446850393700785	18.393208661417322	18.700787401574804	31.45915354330709	0.0
191.0	27.13283269727933	17.530469038532562	20.32500307768066	35.011695186507445	0.0
192.0	34.01896785318389	17.30508683335386	16.984850351028452	31.691094962433798	0.0
193.0	26.549981511154936	15.19783064217922	23.320596573400714	34.93159127326513	0.0
194.0	27.968923418423973	16.32753730422987	22.86348501664817	32.84005426069799	0.0
195.0	25.29302899444787	20.25909932140654	20.185070943861813	34.26280074028378	0.0
196.0	29.338434954332264	14.626018267094546	20.649222414218713	35.38632436435448	0.0
197.0	27.182907249598614	18.760034580708904	22.24280597752254	31.81425219216994	0.0
198.0	29.346348696404302	20.733967626343755	18.2256270851353	31.69405659211664	0.0
199.0	28.041543026706233	21.315529179030662	21.266073194856578	29.376854599406528	0.0
200.0	24.885590599876313	22.003710575139145	19.443413729128014	33.66728509585653	0.0
201.0	31.349009900990097	19.38118811881188	15.51980198019802	33.75	0.0
202.0	35.493062438057486	17.19524281466799	16.57581764122894	30.73587710604559	0.0
203.0	34.09795412275263	15.437073775573465	20.880347179169252	29.58462492250465	0.0
204.0	34.49559498697109	18.43901228440253	17.91785581337635	29.147536915250033	0.0
205.0	33.82608695652174	16.99378881987578	21.714285714285715	27.46583850931677	0.0
206.0	28.994156409300015	18.090264826557252	20.39040159144598	32.52517717269676	0.0
207.0	26.010697847991043	18.659037193680806	19.131732802587386	36.198532155740764	0.0
208.0	27.32362821948488	17.245240761478165	20.754012691302727	34.67711832773423	0.0
209.0	29.976347566289057	14.988173783144529	20.677206523092245	34.35827212747417	0.0
210.0	28.05728518057285	18.54296388542964	18.29389788293898	35.10585305105853	0.0
211.0	30.184446660019944	18.506979062811567	21.572781655034895	29.7357926221336	0.0
212.0	28.76917321361766	17.221598703080186	21.43658810325477	32.572639980047384	0.0
213.0	29.468297553669498	16.525212181727408	17.33649525711433	36.669995007488765	0.0
214.0	30.79420579420579	18.88111888111888	22.602397602397602	27.72227772227772	0.0
215.0	33.908261467316585	20.52243469566304	19.22259717535308	26.34670666166729	0.0
216.0	32.06106870229007	18.070329120260293	18.68351895882868	31.185083218620946	0.0
217.0	28.94901666040336	19.290993360891896	21.00714017286734	30.752849805837407	0.0
218.0	26.499372647427855	17.013801756587203	19.234629861982434	37.252195734002505	0.0
219.0	26.098970108013063	20.359206229590555	22.43154986184376	31.110273800552623	0.0
220.0	32.00955133844413	19.37916300113108	16.903355536006032	31.70793012441875	0.0
221.0	29.55603068796378	17.695887309772356	17.494654760407496	35.25342724185637	0.0
222.0	29.68277945619335	20.027693856998994	18.517119838872105	31.772406847935546	0.0
223.0	31.354757403906742	18.563327032136108	16.962822936357906	33.119092627599244	0.0
224.0	31.68117038718628	19.409761634506243	19.006179846134444	29.902888132173032	0.0
225.0	33.63200403836446	18.652195860676425	17.970721857647654	29.745078243311458	0.0
226.0	30.13767841354048	21.485411140583555	21.043324491600355	27.33358595427561	0.0
227.0	29.839423441648755	17.726640536098117	21.368061701858643	31.06587432039449	0.0
228.0	28.68717559184707	18.31877452842132	20.34434738574503	32.64970249398658	0.0
229.0	29.791006966434452	21.114629512349588	21.190626979100696	27.903736542115265	0.0
230.0	28.062389043875225	21.7474004565052	20.961197058077605	29.229013441541973	0.0
231.0	30.41492196421774	21.685065347037177	18.95698515416825	28.94302753457683	0.0
232.0	27.95275590551181	18.69443738887478	19.36753873507747	33.98526797053594	0.0
233.0	28.133740147470128	20.798372743452834	21.23061276379354	29.8372743452835	0.0
234.0	23.680529060155155	21.760142439272542	22.128958412819536	32.43037008775276	0.0
235.0	25.91649694501018	20.99032586558045	22.632382892057027	30.460794297352344	0.0
236.0	25.36647546207776	21.019757807520715	25.06054811982154	28.55321861057999	0.0
237.0	25.319040326697294	21.78407350689127	21.031138335885654	31.865747830525777	0.0
238.0	25.689831374552885	18.4721512519162	23.696985181400102	32.141032192130815	0.0
239.0	26.684567190896303	18.169032093082727	20.342667178110215	34.80373353791075	0.0
240.0	28.39379566722215	16.638892449685937	21.59979489808999	33.36751698500192	0.0
241.0	26.93196405648267	17.522464698331195	27.31707317073171	28.22849807445443	0.0
242.0	24.61775664910703	20.05653347038417	27.02042914043428	28.305280740074522	0.0
243.0	29.535810723929533	16.52308087951652	22.926578372122925	31.014530024431014	0.0
244.0	27.915968552648536	17.992009279546334	20.389225415646344	33.70279675215878	0.0
245.0	31.506140917905622	14.440853264382675	24.085326438267614	29.967679379444085	0.0
246.0	27.07740098369143	18.172404866683927	22.249546984209164	32.50064716541548	0.0
247.0	24.90890161374284	19.950546590317543	22.99583550234253	32.144716293597085	0.0
248.0	24.49006799093454	17.677642980935875	29.102786295160644	28.729502732968935	0.0
249.0	24.43445475638051	20.852668213457076	19.47505800464037	35.23781902552204	0.0
250.0	17.501883948756593	12.886209495101733	29.61567445365486	39.996232102486815	0.0
