# Position (bp)	A	C	G	T	N
0.0	25.57475053848521	26.138877899394846	24.789368030829195	23.49700353129075	0.0
1.0	25.595996893636354	21.399475434817646	14.611631280495846	38.39289639105016	0.0
2.0	27.99276566767469	19.69158899034202	18.490748401930134	33.824896940053165	0.0
3.0	23.326672961084398	23.370587503385078	15.52013115809967	37.782608377430854	0.0
4.0	33.800188791078526	13.55637023540345	14.377391902472578	38.26604907104545	0.0
5.0	35.04737516005122	15.468812877263582	23.3158953722334	26.1679165904518	0.0
6.0	32.77606655009182	17.70718252255284	20.612530088748088	28.904220838607248	0.0
7.0	34.8853543261	17.30732649507616	19.934592704233182	27.872726474590653	0.0
8.0	22.81134311760144	26.87478965774572	22.41846036786117	27.895406856791677	0.0
9.0	29.40879527680028	18.799885870638757	15.324061542063255	36.46725731049771	0.0
10.0	26.8362449887338	16.541567904485998	24.740292043426095	31.88189506335411	0.0
11.0	27.767170686388543	18.52729680104754	19.930358958603083	33.77517355396083	0.0
12.0	25.7593047752809	20.12596558988764	21.37318586142322	32.74154377340824	0.0
13.0	26.474719101123593	21.37318586142322	18.393755852059925	33.75833918539326	0.0
14.0	30.60999071005874	18.533067070449942	19.929484225387142	30.92745799410418	0.0
15.0	29.911491478311753	18.883768561187917	18.801111842586497	32.40362811791383	0.0
16.0	29.503280499133243	16.991303202966712	18.900356210273777	34.60506008762626	0.0
17.0	30.049365561121878	18.26525761509489	20.127253446447508	31.558123377335722	0.0
18.0	31.418563154507694	17.582489908149533	18.49148774352074	32.50745919382203	0.0
19.0	29.887612515446882	18.186737253124107	19.727403680927765	32.198246550501246	0.0
20.0	30.801009030088107	17.739187657660953	19.341205717837166	32.11859759441378	0.0
21.0	30.1720293319881	17.36304549675023	19.86708485951791	32.59784031174377	0.0
22.0	28.768715639256055	18.43563574687098	19.85685460287753	32.93879401099544	0.0
23.0	29.6676706240131	17.445464647055385	20.65106146558278	32.235803263348735	0.0
24.0	31.091146994539514	18.433344785491336	18.433344785491336	32.042163434477814	0.0
25.0	29.336861495277915	18.077687786906814	19.131019560831554	33.454431156983716	0.0
26.0	31.177270335068126	17.725571603999764	20.177182620899362	30.919975440032747	0.0
27.0	29.368467217308673	18.171917257510415	19.614063299466412	32.8455522257145	0.0
28.0	29.869968497145738	17.4347466980477	19.94766579199345	32.74761901281311	0.0
29.0	29.471614539553993	17.868185040895238	19.904541235116547	32.75565918443423	0.0
30.0	30.088806051967985	17.80067975002741	19.54610240105252	32.564411796952086	0.0
31.0	30.05664583561744	18.218762562584512	19.638928480064322	32.085663121733724	0.0
32.0	29.923763440074264	18.331128344943025	19.5247458172223	32.22036239776042	0.0
33.0	30.911257135756625	17.746380042540437	19.806886873131546	31.535475948571385	0.0
34.0	30.128355066955148	17.884919010584177	19.770773638968482	32.21595228349219	0.0
35.0	29.99649138195693	18.28794058740114	19.641682382351654	32.07388564829028	0.0
36.0	30.494722376538697	17.447589251776265	19.087892166895703	32.96979620478933	0.0
37.0	28.635858600625713	19.23043185871758	19.111283295810065	33.02242624484664	0.0
38.0	29.94517543859649	17.80409356725146	19.674707602339183	32.57602339181286	0.0
39.0	28.75605815831987	18.92630794084752	20.143422101038748	32.17421179979386	0.0
40.0	30.362795049671416	18.360514331245113	19.794004342137004	31.48268627694647	0.0
41.0	29.859354668927907	17.930817702013186	20.892849310662438	31.316978318396465	0.0
42.0	30.091963097796686	18.93869614164364	19.572495869701886	31.396844890857782	0.0
43.0	30.04707877653664	18.42724720743903	19.400257324989763	32.125416691034566	0.0
44.0	29.455669922217677	18.363646996900403	20.534826598046667	31.645856482835256	0.0
45.0	29.79406238805752	19.242775369364495	19.557859184583556	31.405303057994427	0.0
46.0	29.92324000292419	18.192119306966884	19.28138021785218	32.60326047225674	0.0
47.0	29.609620586300167	18.195774544922873	20.00804152350318	32.186563345273775	0.0
48.0	30.803816207917535	18.527616332200168	19.186314288847463	31.482253171034834	0.0
49.0	29.420838694584162	18.636682652941865	19.128699263071706	32.81377938940227	0.0
50.0	29.9393930532303	18.49718166731246	19.91036897860114	31.653056300856104	0.0
51.0	29.9284267781815	18.755985758464135	19.460751701600344	31.854835761754018	0.0
52.0	29.56727078657436	18.614886352836244	19.216569310513734	32.60127355007567	0.0
53.0	30.99165094822418	18.122998640171954	19.44919653170739	31.436153879896477	0.0
54.0	30.807135546132475	18.178827313934786	19.692206462933175	31.32183067699956	0.0
55.0	29.313496125164495	17.90612662669981	18.912852756250913	33.86752449188478	0.0
56.0	29.327815876822292	18.524177864861308	20.355612744739652	31.792393513576744	0.0
57.0	28.450897818330702	18.299994151020645	19.369626250219337	33.879481780429316	0.0
58.0	29.901150803515286	17.987336774533173	19.105970432977028	33.005541988974514	0.0
59.0	29.626542668304378	17.71144060361467	20.524799672457156	32.13721705562379	0.0
60.0	29.697244419748937	18.46655504946007	19.737236523684537	32.09896400710646	0.0
61.0	30.24192663971282	17.68718424881376	19.392149264861782	32.678739846611634	0.0
62.0	28.99412177575013	18.37091302567702	19.67962215593379	32.95534304263906	0.0
63.0	29.284377376147862	18.067497221734808	20.08685734339358	32.561268058723755	0.0
64.0	28.4440025150979	19.067220378142043	19.636041937795195	32.85273516896486	0.0
65.0	30.413166341310056	17.605082874543953	20.565462481630146	31.41628830251585	0.0
66.0	30.147472782973	17.981150974987386	20.554064823683383	31.31731141835623	0.0
67.0	29.391034780256337	17.622630197480497	19.433660152223027	33.552674870040136	0.0
68.0	29.787311823239964	18.18414453144992	19.997367901559517	32.031175743750595	0.0
69.0	29.883527940864656	17.775698064648207	19.83388291377558	32.506891080711554	0.0
70.0	28.34487347278989	18.232201741622735	20.0564455395594	33.36647924602797	0.0
71.0	29.64706914578596	17.667015186189854	20.754703185663416	31.93121248236077	0.0
72.0	30.171241390404045	17.982539520056154	19.923080297734817	31.923138791804977	0.0
73.0	30.26117602328064	17.59940336048433	19.21018381761549	32.929236798619534	0.0
74.0	29.69546302050963	18.02873542207436	20.750923116294373	31.524878441121633	0.0
75.0	30.499031184879172	17.799875699192043	19.360947610865352	32.340145505063425	0.0
76.0	29.148539465506524	18.24589624538442	19.021679523269842	33.58388476583921	0.0
77.0	28.895762042642804	17.888479424409933	21.580240414144072	31.635518118803198	0.0
78.0	30.05907987482086	17.805855342049075	18.655494135883714	33.479570647246355	0.0
79.0	30.02493364433363	17.827190102586226	18.942257774398048	33.2056184786821	0.0
80.0	31.032238723027767	17.998552218834316	19.708835121123712	31.260373937014208	0.0
81.0	30.369991225504535	18.574144486692017	19.281953787657212	31.77391050014624	0.0
82.0	29.888856390757528	17.92556303012577	18.707955542556302	33.4776250365604	0.0
83.0	29.69947353027201	18.230476747587012	20.204007019596375	31.866042702544604	0.0
84.0	31.142878034513018	17.76323486399532	18.914887393974848	32.17899970751682	0.0
85.0	30.0026323871364	17.18802556340397	19.24274996709516	33.566592082364465	0.0
86.0	30.850114801327894	17.475394492461135	20.023691484227612	31.650799221983355	0.0
87.0	29.468542513673988	18.56956915967124	20.013747111644093	31.94814121501068	0.0
88.0	29.87386201601404	17.72512888011407	19.093268984680634	33.30774011919125	0.0
89.0	29.852656210010604	18.52071222258784	20.079704581185332	31.546926986216228	0.0
90.0	30.515154838945556	18.451244927059342	19.289971116229754	31.743629117765348	0.0
91.0	30.208767503930385	18.134620306387337	19.60440203283244	32.05221015684984	0.0
92.0	28.923988153998025	18.575554824320868	20.191583488720706	32.308873532960405	0.0
93.0	30.432525319001137	18.322547621659172	19.553215604548278	31.691711454791417	0.0
94.0	29.87678695477313	17.612518737888923	19.85740923549413	32.653285071843804	0.0
95.0	30.638839324889577	18.18381256032995	20.628455260771638	30.548892854008834	0.0
96.0	30.13206774504929	18.67303360926668	19.26609529938281	31.928803346301226	0.0
97.0	29.798607657881647	18.432445081463715	19.648550618656213	32.120396641998425	0.0
98.0	28.76605142305555	17.821101588323046	21.203966419984205	32.2088805686372	0.0
99.0	29.65988284934953	18.50643889811111	19.146306683144786	32.68737156939457	0.0
100.0	29.88805723962495	18.35582696156412	19.937100924425806	31.81901487438512	0.0
101.0	29.570734361100698	18.632143093447432	20.689148158767267	31.107974386684607	0.0
102.0	29.90925643350509	17.88923535092181	19.965796088664796	32.235712126908304	0.0
103.0	29.241439483004665	17.301449982623872	19.96776173258505	33.48934880178641	0.0
104.0	30.445876881309665	17.9544999369497	19.902383301313673	31.697239880426963	0.0
105.0	30.41911441697008	18.07277357099779	19.555198165397186	31.95291384663495	0.0
106.0	29.135534967124926	17.70546921697549	19.932755528989837	33.22624028690974	0.0
107.0	29.88157470393676	18.11329528323821	20.1120502801257	31.89307973269933	0.0
108.0	29.411941667982823	18.8586298443928	20.478629393139443	31.250799094484933	0.0
109.0	28.738449933999622	18.156515180086743	20.0052800301716	33.09975485574203	0.0
110.0	29.66201039153551	17.437208352555906	20.98954039766153	31.91124085824705	0.0
111.0	28.80767598375068	18.780694840235252	19.955435639362154	32.45619353665191	0.0
112.0	29.254303557709132	17.952092255497828	18.96836324080906	33.82524094598398	0.0
113.0	30.518767165090022	17.446597497711323	20.60192249008239	31.432712847116267	0.0
114.0	30.24529212201043	18.208900359169544	19.013011280527497	32.532796238292526	0.0
115.0	29.4012744728771	17.458279845956355	20.303936414718702	32.83650926644785	0.0
116.0	30.31186827770319	17.857969538447293	20.193509559742605	31.636652624106908	0.0
117.0	30.312044870007128	18.194354064020327	19.606612748287937	31.886988317684605	0.0
118.0	29.967649620505167	18.02756003483887	19.572757247729253	32.432033096926716	0.0
119.0	30.611528196163512	17.701228363170955	19.717023833679313	31.970219606986216	0.0
120.0	29.914436242083593	18.195411026999945	19.6436539560517	32.24649877486477	0.0
121.0	29.77918080160824	17.363205176529714	19.817973363487877	33.03964065837417	0.0
122.0	29.615999873917463	17.839102922750804	20.24727937526103	32.2976178280707	0.0
123.0	28.79250355843745	18.653329115925985	19.588012019610947	32.96615530602562	0.0
124.0	29.03333412757035	18.172937167909648	19.191149022691352	33.60257968182865	0.0
125.0	29.16982486935014	18.164120157976622	20.233773487054695	32.43228148561854	0.0
126.0	29.85213384091365	18.00921658986175	19.719495091164095	32.419154478060506	0.0
127.0	29.97021173818533	17.691812253441753	18.912325899686017	33.4256501086869	0.0
128.0	29.285962628459615	17.60149421476912	21.290134786581174	31.822408370190093	0.0
129.0	30.17910496232788	17.906436736814758	19.209534944141335	32.70492335671603	0.0
130.0	30.014588783751844	17.657318434843557	19.580755845701198	32.747336935703395	0.0
131.0	30.28292858486631	17.979338606378366	20.34157553350728	31.396157275248044	0.0
132.0	30.712784818438504	17.893492678442446	18.921958106244666	32.471764396874384	0.0
133.0	30.001071201971012	17.78030471576068	20.262197282443	31.95642679982531	0.0
134.0	30.94690324075607	17.238240259525305	20.210864311960012	31.603992187758617	0.0
135.0	29.516110271024775	18.112630651888534	20.451486398909918	31.919772678176773	0.0
136.0	28.5688042752171	18.488643954575817	19.721108884435537	33.22144288577154	0.0
137.0	30.44806431850416	18.095453896959473	23.27181785375597	28.184663930780403	0.0
138.0	30.42605586290649	20.196329780056672	19.647314802320874	29.730299554715963	0.0
139.0	30.573755901574035	19.035913779804538	19.74028836129076	30.650041957330664	0.0
140.0	29.09990294072573	21.35985151633831	19.850324382311374	29.689921160624582	0.0
141.0	31.353628935762877	16.948993196813785	21.150558955249394	30.546818912173947	0.0
142.0	26.733480346309946	19.87849978119664	24.357533270981527	29.03048660151189	0.0
143.0	27.35726289481622	19.084758908949887	18.98565088119964	34.57232731503426	0.0
144.0	27.818117302915695	19.3176802513263	18.638303028204973	34.22589941755303	0.0
145.0	27.12215501109709	19.68580007833239	16.7387614778711	36.45328343269942	0.0
146.0	32.85146399551695	14.27920986270664	19.559925749509667	33.30940039226674	0.0
147.0	34.06582700040743	16.036916972241414	22.35124267063471	27.546013356716443	0.0
148.0	31.646360229556276	16.74873725944566	21.177833698426777	30.427068812571285	0.0
149.0	32.16941449499589	16.99173234056955	23.779915872939128	27.058937291495432	0.0
150.0	26.419382978461993	18.105195906181272	27.36789079873696	28.107530316619773	0.0
