# Position (bp)	A	C	G	T	N
0.0	28.457049048046358	23.953616171734247	18.778216017306985	28.811118762912415	0.0
1.0	27.325278073415554	20.988195357443466	14.229567951473667	37.45695861766731	0.0
2.0	28.384956675336237	19.73045522190851	18.440451188472718	33.44413691428254	0.0
3.0	24.281165707294015	22.708628792302772	15.336753705403074	37.67345179500014	0.0
4.0	33.514043245272	13.956365506648039	15.31516503680227	37.21442621127769	0.0
5.0	35.153578874218205	16.06601806810285	22.466296038915914	26.31410701876303	0.0
6.0	32.29101521784449	17.717323327079423	20.39121673268015	29.60044472239594	0.0
7.0	34.20838689504222	17.588159677587463	20.282110968279888	27.921342459090436	0.0
8.0	24.669260700389106	25.215397443023903	21.240272373540854	28.875069483046133	0.0
9.0	29.733053556043465	17.976154081320697	15.822934326450072	36.46785803618576	0.0
10.0	27.663565686812614	17.30110537541773	24.082038170537682	30.953290767231977	0.0
11.0	28.66789867859773	18.897025108032626	18.621211910683765	33.81386430268588	0.0
12.0	27.01555476820686	19.60150893061837	20.85478279596785	32.52815350520692	0.0
13.0	26.886740024452592	21.33350005557408	18.11645548516172	33.6633044348116	0.0
14.0	31.578216171158658	17.88482911919978	19.391497638232842	31.14545707140872	0.0
15.0	30.964022780941796	18.156688428948463	19.47770523683845	31.40158355327129	0.0
16.0	30.660102216543528	16.94003110938281	18.476751291594912	33.923115382478755	0.0
17.0	29.918351477449455	18.116113085980892	19.279743390357698	32.68579204621195	0.0
18.0	31.442554668517875	17.773689691079486	19.03089205137105	31.752863589031588	0.0
19.0	29.850632313949777	18.771603481544204	19.185279786776242	32.19248441772978	0.0
20.0	30.63625133593349	18.032673116160282	19.068802309603452	32.262273238302775	0.0
21.0	30.23788375062455	17.536640204296898	19.04596680175429	33.17950924332427	0.0
22.0	29.647209037666194	18.191217697837732	19.32786521220196	32.833708052294114	0.0
23.0	29.870102835255423	17.730407871546134	19.398531717945517	33.000957575252926	0.0
24.0	31.22007743439586	17.827951319021384	18.976283981626676	31.975687264956075	0.0
25.0	29.314137033824807	18.569991326973113	19.29297484822203	32.82289679098005	0.0
26.0	30.53674511545293	17.94585368561279	19.89550954706927	31.62189165186501	0.0
27.0	29.77034621522237	18.48817040172067	19.52057170609866	32.2209116769583	0.0
28.0	30.34558359293153	17.973677089910016	18.523863376187272	33.15687594097119	0.0
29.0	30.18149273612788	18.218651570023173	19.461210784109674	32.13864490973928	0.0
30.0	30.380546015887884	18.112186491830577	19.067540847122487	32.43972664515905	0.0
31.0	29.810734306488317	18.08014652827885	19.093772548148973	33.015346617083864	0.0
32.0	29.918550278205608	18.032024865059874	19.75121064535376	32.29821421138076	0.0
33.0	30.55233707756031	18.474603317769006	18.848563479564014	32.124496125106674	0.0
34.0	30.362234880284184	18.029181381085525	19.00605690577453	32.602526832855766	0.0
35.0	30.73357894663808	17.653629734473977	19.61506705798278	31.997724260905162	0.0
36.0	29.91687828705438	17.799009200283088	19.415650194968293	32.86846231769424	0.0
37.0	29.30323887763315	19.046793039327245	18.785906580444617	32.864061502594986	0.0
38.0	29.92256560414094	18.934652586003526	19.258683615270396	31.884098194585142	0.0
39.0	29.422132171306448	18.600988092925146	19.634183574342888	32.342696161425515	0.0
40.0	30.337725780821728	18.420523069023183	19.475265593882494	31.766485556272595	0.0
41.0	29.72097122277197	18.452955095866265	19.457764022566565	32.368309658795205	0.0
42.0	30.057667085348672	18.606829836991594	20.260508108783302	31.074994968876428	0.0
43.0	30.15711093530971	18.62361382909328	19.121178054433667	32.09809718116334	0.0
44.0	30.515943235834982	18.01186634745498	20.08813018285278	31.38406023385726	0.0
45.0	30.63977737218679	18.57568165888256	19.58541815582559	31.199122813105063	0.0
46.0	30.11395180990451	18.530007772596047	19.142793693093495	32.213246724405955	0.0
47.0	29.638703050828635	18.562446214918246	19.822058129528358	31.976792604724757	0.0
48.0	30.30107437328225	18.20604647289081	19.17492573776408	32.31795341606285	0.0
49.0	29.95210993892282	18.539700166574125	19.240005552470848	32.2681843420322	0.0
50.0	29.654899565501065	18.47869844663159	20.00222108083346	31.864180907033884	0.0
51.0	30.496980634413827	17.88713819670993	19.446102589019226	32.16977857985701	0.0
52.0	29.95946358663964	17.79784546186523	19.499125412999415	32.74356553849571	0.0
53.0	30.660465761982437	17.964113421025232	19.014333807656268	32.36108700933607	0.0
54.0	30.467649120858525	18.351948133082512	19.65833917576582	31.52206357029314	0.0
55.0	30.021033048959104	17.80312233182238	18.82839669857489	33.347447920643624	0.0
56.0	29.875394814480583	17.991739266252473	19.615424664190762	32.517441255076186	0.0
57.0	29.37946450264833	17.708065781344366	20.092604805175874	32.819864910831434	0.0
58.0	29.573553810803116	18.10469903020458	19.343149301289127	32.97859785770317	0.0
59.0	29.61075745058973	18.216717922373636	20.082055411700185	32.09046921533645	0.0
60.0	29.69218593802066	18.39872820171054	19.284544040875264	32.624541819393535	0.0
61.0	29.453010559346858	17.95505508771686	19.42544934498726	33.166485007949014	0.0
62.0	29.927382291276157	17.814248621929714	19.476263867483095	32.782105219311035	0.0
63.0	29.65140901296195	17.737109214993367	19.529704173233267	33.08177759881142	0.0
64.0	29.336823250065958	18.437313412111028	19.718260966160766	32.507602371662244	0.0
65.0	29.83197944872596	18.000416579879193	19.77921266402833	32.38839130736652	0.0
66.0	30.215167989335335	18.06258548744333	19.76851562554243	31.953730897678906	0.0
67.0	29.443499392466588	17.65943412601979	20.013886478042007	32.883180003471615	0.0
68.0	29.70129978336944	18.064350386046772	19.600899850024998	32.6334499805588	0.0
69.0	29.25794513223949	17.63378443122088	20.44938515057041	32.65888528596921	0.0
70.0	29.28473721852281	17.47502031010228	19.73586451599464	33.504377955380264	0.0
71.0	30.561882013109653	17.36265414953894	19.883901788690146	32.19156204866126	0.0
72.0	29.854041968141985	18.596108711653034	19.646006638243506	31.903842681961475	0.0
73.0	29.65488507742518	18.417471008957712	18.698701479063953	33.228942434553154	0.0
74.0	30.303114475191833	18.00076386236589	19.59515294607826	32.100968716364015	0.0
75.0	30.118540843466363	18.25542878174457	19.62486371622419	32.00116665856487	0.0
76.0	30.686055959499157	17.819815690604663	18.38718862198518	33.106939727911	0.0
77.0	30.418628553967526	17.376418461880355	19.991805214106144	32.21314777004597	0.0
78.0	30.227260098905372	18.269017058398624	18.70728454742457	32.796438295271436	0.0
79.0	30.24124924457658	18.02249251523003	19.058898714217243	32.677359525976144	0.0
80.0	29.921774047880394	18.390045990746273	19.81145183476678	31.87672812660655	0.0
81.0	31.268151689062435	17.67019162625238	18.767283187193417	32.29437349749177	0.0
82.0	30.491185891868227	18.288318961623716	18.961623713668292	32.25887143283976	0.0
83.0	30.78013494451432	18.214729937252887	18.427361355282084	32.57777376295071	0.0
84.0	29.02311230942421	18.038163801370338	19.846983447528245	33.0917404416772	0.0
85.0	28.967338429464906	17.81028492008339	18.873523280055593	34.34885337039611	0.0
86.0	30.744104912746455	16.794657066807513	23.0021335594304	29.459104461015627	0.0
87.0	30.137814565394155	20.399057606905323	20.33859433313179	29.124533494568727	0.0
88.0	32.40850141087836	18.190600631072684	18.72298133192477	30.677916626124187	0.0
89.0	28.166204447039362	23.518985758074944	18.724412842059902	29.59039695282579	0.0
90.0	33.64172858900481	14.87595837706707	19.480338933568742	32.00197410035937	0.0
91.0	27.29933197550345	20.89575064126181	26.668844755555867	25.136072627678875	0.0
92.0	26.17031630170316	19.54049356969065	17.689259645464027	36.59993048314216	0.0
93.0	27.875610926104883	19.59204388239629	18.76959656282371	33.76274862867511	0.0
94.0	23.898216706643026	22.04678972433691	16.905481975875134	37.14951159314492	0.0
95.0	33.63952437243585	14.12488700368542	16.331270426256868	35.90431819762186	0.0
96.0	35.034013605442176	15.44662854917018	23.22106756813155	26.298290277256097	0.0
97.0	30.741560212629764	17.040995240878352	20.919957696696446	31.29748684979544	0.0
98.0	34.65799949890037	13.537345842264969	22.344867904568357	29.459786754266304	0.0
99.0	27.50062637454414	17.628963558920965	25.189304306672977	29.68110575986192	0.0
