# Position (bp)	A	C	G	T	N
0.0	27.087361851310348	23.125658318791366	25.09707745759248	24.689902372305806	0.0
1.0	26.52537332122844	20.81676736687224	16.288388692358264	36.369470619541055	0.0
2.0	28.004865800595745	20.14316682522107	17.76017217448262	34.09179519970056	0.0
3.0	24.850718417615226	20.614853517447283	16.65578155128444	37.878646513653045	0.0
4.0	31.797591255546454	16.31390980349716	15.103353380436296	36.78359951144849	0.0015460490715975325
5.0	35.37516779559026	14.997454135871996	21.502522719908658	28.120226504759994	0.0046288438690962955
6.0	32.02239414307028	17.353922820185492	21.917344694464525	28.694033868065276	0.012304474214436223
7.0	35.80784691335381	18.16222660369572	19.629510752441654	26.400415730508815	0.0
8.0	26.411004076149187	26.160633864097825	21.620383799215304	25.806451612903224	0.0015266476344594905
9.0	27.935704264015126	19.50680168364546	16.85780516073934	35.699688891600076	0.0
10.0	26.749641997501598	17.167362359464978	26.435818530818683	29.64717711221474	0.0
11.0	27.15120881797698	19.56793130747214	21.3872480360514	31.89361183849948	0.0
12.0	27.191100153708014	21.7565325906649	20.18749334185576	30.86030832914821	0.004565584623110989
13.0	25.756170258063538	22.442555391657415	20.172143736978967	31.629130613300084	0.0
14.0	30.36846667376329	20.897519731139464	19.198892927203882	29.533599963503093	0.0015207043902735749
15.0	29.319180644474518	18.800468376952203	19.940996669657384	31.93783360452562	0.0015207043902735749
16.0	30.33196976839672	18.265180431575907	19.32206998281604	32.07773840843078	0.0030414087805471497
17.0	28.736750862999745	18.908438388661626	21.95136787359905	30.401922170349305	0.0015207043902735749
18.0	33.63189829529038	18.470475524262838	18.50545172523913	29.387612342036835	0.004562113170820724
19.0	31.64889977037364	18.808071898903574	19.982055688194773	29.56097264252802	0.0
20.0	29.967000714731064	16.671482230569197	21.954409282379597	31.407107772320135	0.0
21.0	27.275353943946833	17.901732082300523	20.54319560820572	34.27971836554693	0.0
22.0	27.92317401420338	20.35158685503125	20.830608737967427	30.893109688407673	0.0015207043902735749
23.0	30.070408613269667	17.64625374473456	20.518864337961343	31.762952599644155	0.0015207043902735749
24.0	30.090177770343224	17.45464499156009	20.10523274380693	32.34538238111894	0.004562113170820724
25.0	28.140634742012498	18.50088961206831	18.719871044267705	34.63860460165149	0.0
26.0	29.5792210952113	17.444000060828174	22.590063717513953	30.386715126446568	0.0
27.0	29.757143508873312	17.410544564242155	20.24057543454128	32.59173649234325	0.0
28.0	29.22033485910674	17.38165118082696	21.522529235541903	31.867881202573034	0.007603521951367874
29.0	30.01262184643927	17.878921516446418	19.43612281208656	32.66777171185693	0.004562113170820724
30.0	29.706629355314583	17.190090185999118	19.475917448633524	33.62584216689733	0.001520843155445379
31.0	28.833665384088942	18.83868416650191	19.5656471948048	32.76200325460435	0.0
32.0	27.470722433460075	20.0638783269962	19.43574144486692	33.02965779467681	0.0
33.0	30.121068321469856	16.590618726044898	20.131410841394416	33.152339234653525	0.004562876437306077
34.0	29.2344199205975	18.261054745136214	19.436881093990053	33.06764424027623	0.0
35.0	30.130751784708586	17.381311170981935	21.316041828393992	31.170373076396185	0.0015221395193083396
36.0	30.92838438584739	18.76103769563364	17.81407953230619	32.49649838621277	0.0
37.0	27.82583533855198	20.771526910541866	19.03993177180104	32.362705979105115	0.0
38.0	29.68040703165463	18.296621271669256	19.624958108643327	32.39496694391128	0.0030466441215001674
39.0	30.723396473689824	18.219777205467764	18.81714694990933	32.23967937093308	0.0
40.0	28.80350224228927	20.455169468257115	19.655877238475853	31.08545105097776	0.0
41.0	29.706039551042224	17.205466900816983	21.027716270901735	32.05925020997175	0.0015270672673131252
42.0	27.958484913331905	19.105193971446912	20.399865488673534	32.53339855094616	0.0030570756014796246
43.0	30.694387076047548	19.621521562868114	19.832637263450977	29.848394449798825	0.003059647834534245
44.0	27.571795970852982	19.871716367644357	20.689180086951197	31.867307574551468	0.0
45.0	30.28339460784314	18.080575980392158	20.298713235294116	31.337316176470587	0.0
46.0	29.927969348659005	17.517241379310345	19.834482758620688	32.720306513409966	0.0
47.0	30.731961608046365	19.48728956487075	19.45969151513293	30.317990861979087	0.0030664499708687254
48.0	29.285352721917995	19.828815977175463	18.41762152378323	32.46667587010875	0.0015339070145567778
49.0	26.28316275644075	20.197633916926243	21.870156971659174	31.647511930152984	0.0015344248208559023
50.0	28.829852579852577	18.83445945945946	19.64527027027027	32.69041769041769	0.0
51.0	30.947510880765268	17.6937391384587	19.108623102594464	32.25012687818157	0.0
52.0	27.53924604458412	19.338786954445318	21.32150174854801	31.800465252422548	0.0
53.0	29.930408752140973	18.31437961948555	20.21695187248291	31.532087583131453	0.006172172759115528
54.0	30.736546097866224	19.054093725375072	19.51298651133326	30.694828571870026	0.0015450935554147803
55.0	29.04278687003063	19.433530303499055	18.817869628437954	32.70581319803236	0.0
56.0	31.103404499078817	18.329178987784676	21.12058955582047	29.446826957316034	0.0
57.0	27.16625094892094	20.258106496041645	19.890932188947588	32.6831611074101	0.001549258679721753
58.0	30.44388609715243	16.964451889075004	22.417643774427695	30.174018239344875	0.0
59.0	26.722678635212993	22.44878942709385	22.12265689304406	28.696556972247674	0.009318072401422559
60.0	31.403093778206603	18.850571135111583	19.857449656073953	29.888885430607864	0.0
61.0	28.76023245641442	20.34774729738174	20.11654064862838	30.775479597575455	0.0
62.0	32.00726725974189	16.049054003257737	21.50576368876081	30.437915048239567	0.0
63.0	25.921091944081898	21.302659097699433	25.320396899029767	27.454279559070965	0.0015725001179375088
64.0	26.913186830522644	21.868147470381295	17.949486503967567	33.26917919512849	0.0
65.0	27.277338363264597	19.87192696032589	19.049279589151833	33.795114837768864	0.006340249488817384
66.0	27.632039174536548	18.582466851092246	18.60472511049636	35.172819485516236	0.007949378358612357
67.0	33.02769848989811	15.110586659437738	18.425794517708216	33.434325716381494	0.0015946165744446749
68.0	34.761804691162446	16.640532807423096	22.112477974814503	26.48518452659996	0.0
69.0	32.06800648942158	17.014866072906663	21.055855378604775	29.86127205906698	0.0
70.0	30.717671194114317	16.838214487832484	25.527023203169215	26.917091114883984	0.0
71.0	24.711188127610413	19.614769394828045	25.439882697947212	30.234159779614323	0.0
