# Position (bp)	A	C	G	T	N
0.0	68.06549749463136	7.936649964209019	11.256263421617753	12.741589119541876	0.0
1.0	11.523664668515702	67.51364409054308	11.684709671647132	9.277981569294086	0.0
2.0	14.894375612799715	63.57964167929405	7.897317051430609	13.628665656475622	0.0
3.0	67.11719722568024	9.016539213942735	9.834607860572648	14.031655699804373	0.0
4.0	66.63113953281818	9.174882316369128	8.668620659028333	15.52535749178435	0.0
5.0	13.31439730161548	63.438665009763895	8.84075980827268	14.40617788034795	0.0
6.0	13.450448052524177	62.887055274598524	9.395794516901782	14.266702155975514	0.0
7.0	68.51720468251153	9.107839659453706	9.60446967009578	12.770485987938985	0.0
8.0	66.0668380462725	12.330467157166918	8.306001241024733	13.296693555535857	0.0
9.0	13.47926267281106	61.467564693371145	9.695143566111309	15.358029067706486	0.0
10.0	14.376826999734254	7.866064310390645	9.318805917264594	68.4383027726105	0.0
11.0	12.390477033365785	11.036374900433668	7.779449508806089	68.79369855739445	0.0
12.0	12.673565048200231	8.658353232510834	9.551605200318388	69.11647651897054	0.0
13.0	14.75597917218251	60.87723943164769	9.19601094342953	15.170770452740271	0.0
14.0	13.161835961589288	8.510263412915162	64.55818870584089	13.769711919654656	0.0
15.0	63.688279739940256	11.184326128975576	10.112458267439816	15.014935863644352	0.0
16.0	10.970686326136562	11.084781463928383	9.566438476391083	68.37809373354396	0.0
17.0	14.329535495179668	60.64855390008764	9.325153374233128	15.69675723049956	0.0
18.0	11.08678518259042	10.184779753043173	12.04133461774236	66.68710044662404	0.0
19.0	14.07070353517676	62.128106405320274	9.345467273363669	14.455722786139308	0.0
20.0	14.237021499737809	10.828526481384374	7.717182310784827	67.21726970809299	0.0
21.0	13.324607329842934	10.567190226876091	10.488656195462479	65.61954624781849	0.0
22.0	13.505271412389996	8.364555197351224	61.55789840550666	16.572274984752113	0.0
23.0	13.727027262433586	9.250065325320094	8.89295357547252	68.12995383677381	0.0
24.0	65.37357571540402	8.497869009306775	10.637557623727929	15.490997651561278	0.0
25.0	15.364560702181281	8.655600938559138	60.6934909185713	15.286347440688278	0.0
26.0	66.46119117902414	8.803611738148984	8.586560166695607	16.148636916131274	0.0
27.0	12.41540864133264	13.820926600728786	6.836716987680028	66.92694777025855	0.0
28.0	12.683011348869444	61.69106817984926	7.4763926189032315	18.149527852378064	0.0
29.0	15.595774160027712	8.027364045722203	8.209213716660893	68.16764807758919	0.0
30.0	14.795474325500436	8.328981723237598	59.094865100087034	17.780678851174937	0.0
31.0	14.770738536926848	8.540427021351068	7.9628981449072445	68.72593629681484	0.0
32.0	13.470400567174762	9.45586671393123	7.754342431761787	69.31939028713222	0.0
33.0	14.06487355911	63.14002323295506	8.265570547761595	14.529532660173352	0.0
34.0	15.81211903908211	10.084259591251344	8.506633201864467	65.59698816780208	0.0
35.0	13.27927927927928	62.39639639639639	8.26126126126126	16.063063063063062	0.0
36.0	13.068284731026989	9.608766527802933	7.879007426190908	69.44394131497917	0.0
37.0	67.17029216346592	10.70355875125148	8.764903977427869	13.361245107854739	0.0
38.0	67.71128369118318	9.61169483782549	7.939698492462312	14.737322978529008	0.0
39.0	68.72827081427263	9.268069533394327	5.901189387008234	16.102470265324794	0.0
40.0	12.536954915003696	62.96193643754619	10.134885439763488	14.366223207686623	0.0
41.0	13.852651337400282	6.81370248709526	66.1661191928672	13.16752698263726	0.0
42.0	69.7215667767815	8.117036337895234	9.495044832468146	12.666352052855121	0.0
43.0	69.6525464064731	9.214659685863873	7.358400761542123	13.774393146120895	0.0
44.0	12.80693307655272	65.1998074145402	6.750120365912374	15.243139142994705	0.0
45.0	21.240286454365382	10.848697242114886	12.037178119762304	55.87383818375743	0.0
46.0	27.863974495217853	16.87566418703507	18.342189160467587	36.918172157279486	0.0
47.0	31.783807829181494	16.570284697508896	18.927935943060497	32.717971530249116	0.0
48.0	26.186617272516788	22.042139384116695	18.823801805973606	32.94744153739291	0.0
49.0	27.645687645687644	19.72027972027972	18.601398601398603	34.032634032634036	0.0
50.0	26.237972306970196	22.95235860126731	18.070875381365877	32.73879371039662	0.0
51.0	29.686394718226833	18.86347559537845	18.368309360999767	33.08182032539496	0.0
52.0	29.581461338377867	19.224402932135256	18.278552849373376	32.915582880113504	0.0
53.0	35.66467065868263	17.19760479041916	20.023952095808383	27.11377245508982	0.0
54.0	31.165377176015475	21.252417794970988	18.95551257253385	28.62669245647969	0.0
55.0	30.525296538368433	18.349068022270636	19.583635923505206	31.54199951585572	0.0
56.0	27.603023652767618	19.28797854181907	19.89758595464521	33.21141185076811	0.0
57.0	30.935960591133004	17.536945812807883	19.655172413793103	31.87192118226601	0.0
58.0	28.660826032540676	19.173967459324157	21.777221526908637	30.387984981226534	0.0
59.0	26.58067779463834	21.219018715225086	18.866970156803237	33.33333333333333	0.0
60.0	27.6687898089172	19.337579617834393	20.229299363057322	32.76433121019108	0.0
61.0	28.972443986608294	17.460726242595932	22.173577131084212	31.393252639711562	0.0
62.0	27.42561448900388	21.164294954721864	21.138421733505822	30.271668822768433	0.0
63.0	33.49007314524556	18.286311389759664	19.305120167189134	28.91849529780564	0.0
64.0	31.018153117600633	17.521704814522494	20.284135753749013	31.176006314127864	0.0
65.0	30.142781597038603	19.883659439450028	20.06874669487044	29.904812268640928	0.0
66.0	28.579088471849868	16.0857908847185	22.171581769436997	33.16353887399464	0.0
67.0	28.837334772052873	17.318586458052334	20.420825465335852	33.42325330455894	0.0
68.0	27.12693666757271	19.95107366132101	19.434628975265017	33.48736069584126	0.0
69.0	27.98365122615804	18.8283378746594	22.28882833787466	30.899182561307903	0.0
70.0	29.565456545654566	20.35203520352035	19.884488448844884	30.198019801980198	0.0
71.0	27.174813587406792	22.36951118475559	19.35929301297984	31.096382214857776	0.0
72.0	27.787068004459307	18.645484949832774	19.983277591973245	33.58416945373467	0.0
73.0	28.106591865357643	20.448807854137446	18.8218793828892	32.62272089761571	0.0
74.0	31.175468483816015	18.05792163543441	19.875070982396366	30.89153889835321	0.0
75.0	29.351243212346382	20.491569019719922	22.720777364961418	27.436410402972278	0.0
76.0	27.596098680436032	21.457257601835916	19.076305220883537	31.870338496844518	0.0
77.0	30.29953917050691	20.391705069124423	18.231566820276498	31.077188940092164	0.0
78.0	31.464894539150535	20.514302224790523	18.665125686217856	29.355677549841086	0.0
79.0	28.156748911465897	22.293178519593614	18.200290275761972	31.349782293178517	0.0
80.0	31.26997965707643	18.42487648939262	19.58732926474862	30.717814588782332	0.0
81.0	26.500732064421666	19.1800878477306	19.092240117130306	35.226939970717424	0.0
82.0	31.886625332152345	16.68142899320933	20.1358134041925	31.29613227044582	0.0
83.0	30.359797799583703	18.55486173059768	18.941421349985134	32.143919119833484	0.0
84.0	27.751196172248804	18.570574162679428	21.650717703349283	32.02751196172249	0.0
85.0	32.36177884615385	19.170673076923077	18.659855769230766	29.807692307692307	0.0
86.0	30.474176985804892	18.574448807006945	22.289338568408333	28.662035638779827	0.0
87.0	30.578262185891614	20.46624280956706	21.98001816530427	26.975476839237057	0.0
88.0	35.35660091047041	19.119878603945374	17.359635811836117	28.1638846737481	0.0
89.0	29.327217125382266	17.400611620795107	17.889908256880734	35.38226299694189	0.0
90.0	32.02574318112167	15.90560833588722	20.22678516702421	31.8418633159669	0.0
91.0	28.65928659286593	23.1549815498155	16.605166051660518	31.580565805658058	0.0
92.0	29.038224414303333	18.279901356350184	18.310727496917387	34.3711467324291	0.0
93.0	33.19925742574257	17.91460396039604	19.58539603960396	29.300742574257427	0.0
94.0	30.052778640173862	17.510090034150885	19.03135672151506	33.4057746041602	0.0
95.0	30.028063610851262	18.24134705332086	19.207982538197694	32.52260679763018	0.0
96.0	28.15139192993431	17.547700969659054	19.987488270253362	34.31341883015327	0.0
97.0	30.624411672419207	17.79102604330091	18.1048007530593	33.47976153122058	0.0
98.0	30.868878357030017	19.399684044233805	18.009478672985782	31.721958925750393	0.0
99.0	30.53435114503817	19.40203562340967	19.1793893129771	30.884223918575067	0.0
100.0	32.0025550942191	14.627914404343661	20.792079207920793	32.57745129351645	0.0
101.0	31.284021773935315	18.892090938200447	19.532500800512327	30.291386487351907	0.0
102.0	32.34631477309301	14.96620534277438	21.11361441905375	31.573865465078853	0.0
103.0	27.837051406401553	18.71968962172648	21.04752667313288	32.39573229873909	0.0
104.0	27.23431914202145	18.459538511537215	21.6769580760481	32.62918427039324	0.0
105.0	29.252366960496246	19.22951354880836	18.282729350310152	33.23539014038525	0.0
106.0	30.40629095674967	18.709043250327653	19.88859764089122	30.99606815203145	0.0
107.0	29.57095709570957	19.603960396039604	17.68976897689769	33.135313531353134	0.0
108.0	33.1013916500994	18.72100728959576	16.26905235255136	31.908548707753482	0.0
109.0	29.089095744680847	19.747340425531913	19.315159574468087	31.848404255319153	0.0
110.0	26.117411607738493	19.61307538358906	20.913942628418948	33.3555703802535	0.0
111.0	28.73910127431254	18.276324614352784	21.160295103957075	31.824279007377598	0.0
112.0	26.22895622895623	19.663299663299664	22.255892255892256	31.851851851851855	0.0
113.0	29.358108108108112	20.2027027027027	18.37837837837838	32.06081081081081	0.0
114.0	30.677966101694913	17.69491525423729	20.915254237288135	30.71186440677966	0.0
115.0	26.82344921608725	19.529652351738243	19.32515337423313	34.32174505794138	0.0
116.0	28.42935528120713	18.930041152263374	18.34705075445816	34.29355281207133	0.0
117.0	30.6368330464716	18.313253012048193	20.413080895008605	30.6368330464716	0.0
118.0	27.5337253545486	16.741611898996887	21.445866482186098	34.27879626426842	0.0
119.0	26.421636615811373	20.07628294036061	26.56033287101248	26.941747572815533	0.0
120.0	26.96590118302018	21.677105080027836	22.686151704940848	28.670842032011134	0.0
121.0	31.07305138063614	18.490038448095074	20.09786787836421	30.339042292904576	0.0
122.0	29.776067179846045	19.034289713086075	20.57382785164451	30.615815255423374	0.0
123.0	33.02849103060147	17.200140696447413	18.747801618009145	31.023566654941963	0.0
124.0	30.600706713780916	20.035335689045937	19.89399293286219	29.469964664310954	0.0
125.0	27.140835102618542	20.84217975937721	19.285208775654635	32.73177636234961	0.0
126.0	31.590181430096052	19.60156527926005	19.423692636072573	29.384560654571327	0.0
127.0	30.274901820778293	19.7072474116387	19.992859692966796	30.02499107461621	0.0
128.0	31.94394538268056	17.786561264822133	19.798778296802013	30.47071505569529	0.0
129.0	29.2102416155788	19.184998196898665	18.031013342949873	33.57374684457267	0.0
130.0	29.477882523567807	20.087019579405364	15.917331399564901	34.51776649746193	0.0
131.0	31.884587289992695	18.77282688093499	18.882395909422936	30.460189919649377	0.0
132.0	28.775659824046922	18.7683284457478	21.664222873900293	30.791788856304986	0.0
133.0	30.511593669488406	19.690835480309165	18.660287081339714	31.137283768862716	0.0
134.0	25.37864794975988	21.72146287403029	19.468045807166607	33.43184336904322	0.0
135.0	27.41097922848665	17.247774480712167	20.289317507418396	35.05192878338279	0.0
136.0	26.229508196721312	19.076005961251862	21.90760059612519	32.78688524590164	0.0
137.0	28.48053892215569	16.84131736526946	20.35928143712575	34.3188622754491	0.0
138.0	29.281144147534814	18.968761761385018	19.947308995107264	31.8027850959729	0.0
139.0	28.18181818181818	17.689393939393938	20.18939393939394	33.939393939393945	0.0
140.0	29.246001523229246	18.01218583396801	21.134805788271134	31.607006854531605	0.0
141.0	30.321592649310876	18.147013782542114	19.946401225114855	31.58499234303216	0.0
142.0	31.609417213431108	15.01350829795446	18.255499807024314	35.12157468159012	0.0
143.0	30.840759395583106	20.26346377373111	19.41108097636575	29.48469585432003	0.0
144.0	30.898437499999996	16.5625	18.203125	34.3359375	0.0
145.0	29.40251572327044	18.160377358490564	19.06446540880503	33.37264150943396	0.0
146.0	28.717948717948715	19.40828402366864	19.053254437869825	32.82051282051282	0.0
147.0	29.904686258935666	17.990468625893566	18.34789515488483	33.756949960285944	0.0
148.0	26.773547094188377	20.240480961923847	19.39879759519038	33.587174348697395	0.0
149.0	30.04827031375704	19.710378117457765	17.860016090104587	32.38133547868061	0.0
150.0	27.44148506860371	19.612590799031477	18.07909604519774	34.866828087167065	0.0
151.0	29.104175111471424	19.456830158086742	22.17267936765302	29.266315362788813	0.0
152.0	28.897028897028896	20.268620268620268	17.41961741961742	33.41473341473342	0.0
153.0	30.265848670756647	18.85480572597137	19.100204498977504	31.779141104294478	0.0
154.0	31.818181818181817	15.74380165289256	18.636363636363637	33.80165289256198	0.0
155.0	29.575707154742098	20.216306156405988	17.387687188019967	32.82029950083194	0.0
156.0	30.69182389937107	15.80712788259958	19.832285115303982	33.66876310272537	0.0
157.0	30.244313395113732	17.396798652064028	20.72451558550969	31.63437236731255	0.0
158.0	29.147221043699616	22.189223589308444	16.885871871022488	31.777683495969455	0.0
159.0	33.603757472245945	15.713065755764305	19.769427839453456	30.913748932536294	0.0
160.0	26.594827586206897	19.95689655172414	22.54310344827586	30.905172413793103	0.0
161.0	28.707718993928882	19.861231569817868	21.292281006071118	30.138768430182132	0.0
162.0	30.550699300699304	16.87062937062937	21.153846153846153	31.424825174825177	0.0
163.0	30.488341399032116	17.157941047074353	16.63000439947206	35.723713154421475	0.0
164.0	29.54946996466431	15.768551236749119	22.261484098939928	32.420494699646646	0.0
165.0	29.626334519572957	17.259786476868328	21.57473309608541	31.53914590747331	0.0
166.0	29.58500669344043	19.946452476572958	19.098616688978133	31.369924141008475	0.0
167.0	26.678603401969564	21.128021486123547	20.99373321396598	31.19964189794091	0.0
168.0	28.205128205128204	18.488529014844804	19.163292847503374	34.14304993252362	0.0
169.0	28.235294117647058	18.959276018099548	19.638009049773757	33.167420814479634	0.0
170.0	31.40909090909091	16.40909090909091	19.545454545454547	32.63636363636363	0.0
171.0	30.16964695093994	18.477762494268685	17.6983035304906	33.65428702430078	0.0
172.0	30.570902394106813	21.731123388581953	17.081031307550646	30.616942909760592	0.0
173.0	28.743625405656005	19.19332406119611	20.120537783959204	31.94251274918869	0.0
174.0	30.564629024731683	19.085394307046197	17.40550629958003	32.944470368642094	0.0
175.0	27.780384795870482	19.239793524167055	21.351478179258564	31.628343500703892	0.0
176.0	29.720776147657357	18.457169900615238	18.220539517274016	33.601514434453385	0.0
177.0	29.57142857142857	21.523809523809522	18.333333333333332	30.571428571428573	0.0
178.0	29.850746268656714	19.884448724121327	19.162253249879633	31.102551757342322	0.0
179.0	26.030053320407177	19.340765874939407	23.994183228308287	30.63499757634513	0.0
180.0	30.554193231976456	15.497793035801863	20.598332515939184	33.34968121628249	0.0
181.0	31.330049261083744	18.76847290640394	18.472906403940886	31.428571428571427	0.0
182.0	33.018398806563894	19.244157135753355	19.343610144206863	28.39383391347588	0.0
183.0	29.124748490945674	21.52917505030181	21.177062374245473	28.169014084507044	0.0
184.0	30.0	19.746192893401016	18.578680203045685	31.6751269035533	0.0
185.0	26.52956298200514	21.439588688946014	23.804627249357328	28.226221079691516	0.0
186.0	30.526859504132233	17.5103305785124	22.31404958677686	29.64876033057851	0.0
187.0	30.885416666666664	21.041666666666668	17.916666666666668	30.15625	0.0
188.0	27.30125523012552	20.031380753138077	20.81589958158996	31.851464435146443	0.0
189.0	30.11093502377179	19.070258848388804	19.59852086634971	31.2202852614897	0.0
190.0	30.732228754676644	18.97381079636558	18.813468733297704	31.480491715660076	0.0
191.0	27.49326145552561	21.455525606469003	18.005390835579515	33.04582210242587	0.0
192.0	32.35294117647059	20.206971677559913	19.00871459694989	28.431372549019606	0.0
193.0	29.790748898678416	18.226872246696036	22.411894273127754	29.570484581497798	0.0
194.0	28.507795100222715	20.155902004454344	22.160356347438753	29.175946547884184	0.0
195.0	27.74011299435028	21.35593220338983	19.2090395480226	31.694915254237287	0.0
196.0	30.522088353413658	20.137693631669535	20.59667240390132	28.74354561101549	0.0
197.0	30.017554125219426	20.362785254534817	22.00117027501463	27.618490345231127	0.0
198.0	29.19664268585132	23.741007194244602	19.004796163069546	28.05755395683453	0.0
199.0	28.544423440453688	25.456836798991812	18.462507876496534	27.536231884057973	0.0
200.0	28.750923872875095	15.74279379157428	20.17738359201774	35.32889874353289	0.0
201.0	30.02028397565923	19.066937119675455	17.13995943204868	33.77281947261663	0.0
202.0	37.142857142857146	15.918367346938775	18.877551020408163	28.061224489795915	0.0
203.0	31.96300102774923	17.0606372045221	23.021582733812952	27.95477903391572	0.0
204.0	32.020725388601036	17.927461139896373	23.93782383419689	26.1139896373057	0.0
205.0	33.05351521511018	16.57922350472193	24.239244491080797	26.128016789087095	0.0
206.0	28.846153846153843	18.696581196581196	20.833333333333336	31.62393162393162	0.0
207.0	28.990228013029316	23.34419109663409	16.503800217155266	31.161780673181326	0.0
208.0	28.415300546448087	17.704918032786885	20.327868852459016	33.55191256830601	0.0
209.0	23.841059602649008	23.62030905077263	19.757174392935983	32.78145695364238	0.0
210.0	28.000000000000004	17.333333333333336	17.666666666666668	37.0	0.0
211.0	32.17488789237668	19.843049327354258	18.161434977578477	29.82062780269058	0.0
212.0	27.605956471935855	17.411225658648338	21.993127147766323	32.98969072164948	0.0
213.0	28.027681660899656	20.645905420991927	18.108419838523645	33.21799307958477	0.0
214.0	28.57142857142857	26.81498829039813	16.978922716627633	27.634660421545664	0.0
215.0	28.823529411764703	25.529411764705884	16.11764705882353	29.52941176470588	0.0
216.0	28.36710369487485	18.951132300357568	18.951132300357568	33.730631704410015	0.0
217.0	26.060606060606062	19.151515151515152	24.606060606060606	30.181818181818183	0.0
218.0	25.281602002503128	18.523153942428035	18.1476846057572	38.04755944931164	0.0
219.0	18.956043956043956	22.39010989010989	23.214285714285715	35.43956043956044	0.0
220.0	0.0	30.734966592427615	27.39420935412027	41.87082405345212	0.0
