# Position (bp)	A	C	G	T	N
0.0	64.18703506907545	8.926673751328375	13.522848034006376	13.363443145589798	0.0
1.0	13.310308182784272	63.788522848034	10.759829968119023	12.141339001062699	0.0
2.0	14.556462226901818	61.463543037641486	11.134509081337194	12.845485654119503	0.0
3.0	65.72401152134066	9.766954700183295	9.217072532076461	15.29196124639958	0.0
4.0	64.05228758169935	11.320261437908496	8.392156862745098	16.235294117647058	0.0
5.0	15.852703055628101	58.44868111778532	9.219117262992949	16.479498563593626	0.0
6.0	12.973114069433569	59.82772122161315	12.294440093970243	14.904724614983033	0.0
7.0	67.25802243673364	8.452908948604227	11.192277589355596	13.096791025306548	0.0
8.0	63.44450234497134	11.386138613861387	12.32412714955706	12.845231891610215	0.0
9.0	13.813735691987514	58.090530697190424	13.501560874089492	14.594172736732569	0.0
10.0	13.646997660514687	9.903821159344945	9.721861190538082	66.72731998960228	0.0
11.0	12.376751427088738	10.482615464452518	11.053450960041515	66.08718214841723	0.0
12.0	15.571650284531815	8.613554061045008	11.614071391619245	64.20072426280393	0.0
13.0	14.373875032141939	60.838261763949596	10.568269478014914	14.219593725893546	0.0
14.0	12.835591920225006	8.20761953464587	64.28023523395551	14.676553311173613	0.0
15.0	62.585378193776876	11.105489501644321	11.459650898052113	14.849481406526689	0.0
16.0	11.65489404641776	10.94853683148335	12.235116044399597	65.16145307769929	0.0
17.0	15.191777387816497	58.21007771371271	9.150162948107294	17.4479819503635	0.0
18.0	12.728182045511376	10.527631907976994	13.15328832208052	63.59089772443111	0.0
19.0	13.662428322114186	59.411618050361504	11.468461730241835	15.457491897282475	0.0
20.0	13.320079522862823	12.176938369781313	12.57455268389662	61.92842942345924	0.0
21.0	15.126050420168067	10.479485912011864	13.964409293129016	60.43005437469105	0.0
22.0	13.341553637484587	12.034525277435264	58.91491985203453	15.709001233045623	0.0
23.0	16.871921182266007	10.049261083743842	9.532019704433498	63.54679802955665	0.0
24.0	60.802165354330704	10.974409448818898	12.696850393700787	15.526574803149607	0.0
25.0	17.728055077452666	8.80255716744529	56.23309564789771	17.236292107204328	0.0
26.0	62.88381233112258	8.400884303610907	10.439695406534021	18.275607958732497	0.0
27.0	15.909648907439234	13.282592683525657	8.200343726982569	62.60741468205254	0.0
28.0	11.975460122699387	59.46012269938651	7.877300613496932	20.687116564417177	0.0
29.0	14.79028697571744	10.718665685553102	7.971547706647045	66.51949963208241	0.0
30.0	15.794645050356179	10.832719233603537	55.072463768115945	18.300171947924344	0.0
31.0	16.986234021632253	8.013765978367749	8.947885939036382	66.05211406096362	0.0
32.0	15.411646586345382	9.387550200803213	8.23293172690763	66.96787148594377	0.0
33.0	18.51293644812861	56.84501381562421	9.670936950514946	14.971112785732227	0.0
34.0	16.69242658423493	9.994848016486348	9.428129829984544	63.88459556929418	0.0
35.0	15.011606912561259	58.2667010575187	9.956151663657467	16.765540366262574	0.0
36.0	14.838709677419354	8.490322580645161	11.303225806451612	65.36774193548386	0.0
37.0	63.25581395348837	11.65374677002584	11.007751937984496	14.082687338501293	0.0
38.0	66.27906976744185	10.516795865633075	7.3643410852713185	15.839793281653748	0.0
39.0	65.5297157622739	10.335917312661499	8.397932816537468	15.736434108527131	0.0
40.0	14.588174541698942	58.585076168344955	9.81151562096566	17.015233668990444	0.0
41.0	14.192708333333334	8.072916666666668	61.145833333333336	16.588541666666668	0.0
42.0	66.03822990311599	8.431526577638126	9.924063891070961	15.606179628174916	0.0
43.0	66.28181579637891	9.682498032012594	10.338493833639465	13.697192337969035	0.0
44.0	16.412012644889355	57.7186512118019	9.905163329820864	15.964172813487881	0.0
45.0	26.150793650793652	12.619047619047619	14.682539682539684	46.54761904761905	0.0
46.0	29.96649114408808	15.605552896122546	18.669219722355194	35.75873623743418	0.0
47.0	28.643981716607414	17.724733367191465	18.28339258506856	35.34789233113255	0.0
48.0	27.4789029535865	17.563291139240505	20.35864978902954	34.59915611814346	0.0
49.0	27.379679144385026	21.550802139037433	18.39572192513369	32.67379679144385	0.0
50.0	25.981710597095216	22.377622377622377	18.34319526627219	33.29747175901022	0.0
51.0	30.591397849462364	16.7741935483871	18.602150537634408	34.03225806451613	0.0
52.0	27.918235610543302	18.558364712210864	19.04249596557289	34.480903711672944	0.0
53.0	30.586968228325258	19.493807215939686	21.270866989768443	28.648357565966613	0.0
54.0	30.376344086021508	20.967741935483872	19.462365591397848	29.193548387096772	0.0
55.0	32.383001613770844	16.99838622915546	19.526627218934912	31.091984938138783	0.0
56.0	25.658956428187196	20.225927918235612	20.441097364174286	33.67401828940291	0.0
57.0	31.233171782444803	17.60904684975767	21.486268174474958	29.671513193322564	0.0
58.0	28.663793103448278	17.726293103448278	19.23491379310345	34.375	0.0
59.0	25.915948275862068	17.995689655172413	22.09051724137931	33.997844827586206	0.0
60.0	28.293736501079913	16.846652267818573	23.326133909287257	31.533477321814257	0.0
61.0	28.038897893030796	18.260399783900596	22.906537007023232	30.79416531604538	0.0
62.0	30.75245365321701	19.029443838604145	21.155943293347875	29.062159214830967	0.0
63.0	33.278688524590166	16.939890710382514	22.568306010928964	27.21311475409836	0.0
64.0	31.147540983606557	18.579234972677597	19.89071038251366	30.382513661202186	0.0
65.0	30.91206990715456	19.606772255598035	19.606772255598035	29.87438558164937	0.0
66.0	28.75888463641334	16.074357572443958	23.455440131219245	31.711317659923456	0.0
67.0	31.2363238512035	17.39606126914661	19.091903719912473	32.27571115973742	0.0
68.0	24.220885729907053	18.972115910333514	20.393657736468015	36.41334062329142	0.0
69.0	24.00218698742482	18.425369054127938	27.06396938217605	30.508474576271187	0.0
70.0	27.759562841530055	19.89071038251366	18.797814207650273	33.55191256830601	0.0
71.0	26.641137855579867	21.49890590809628	19.474835886214443	32.38512035010941	0.0
72.0	27.57292239955971	18.49201981287837	19.977985690698954	33.95707209686296	0.0
73.0	30.947136563876654	16.57488986784141	19.273127753303964	33.20484581497797	0.0
74.0	29.867256637168143	17.809734513274336	21.792035398230087	30.53097345132743	0.0
75.0	29.16436081903708	19.53514111787493	22.41283895960155	28.887659103486442	0.0
76.0	26.426592797783933	21.329639889196674	19.445983379501385	32.797783933518005	0.0
77.0	31.517509727626457	19.62201222901612	17.34296831573096	31.517509727626457	0.0
78.0	28.976640711902114	21.74638487208009	19.35483870967742	29.92213570634038	0.0
79.0	29.477196885428253	21.023359288097886	19.07675194660734	30.42269187986652	0.0
80.0	26.75194660734149	18.020022246941046	22.803114571746384	32.42491657397108	0.0
81.0	28.64293659621802	17.908787541713014	19.35483870967742	34.093437152391544	0.0
82.0	29.73273942093541	17.984409799554566	22.048997772828507	30.233853006681517	0.0
83.0	27.480490523968786	16.9453734671126	21.348940914158305	34.225195094760316	0.0
84.0	25.989960959286112	20.524261015058563	21.1377579475739	32.34802007808143	0.0
85.0	34.226689000558345	19.2071468453378	18.20212171970966	28.364042434394193	0.0
86.0	30.262423227247346	19.09547738693467	21.105527638190953	29.536571747627022	0.0
87.0	31.470095025153714	19.28451648965903	23.253214086081613	25.992174399105643	0.0
88.0	34.72920156337242	17.5321049692909	18.592964824120603	29.145728643216078	0.0
89.0	30.369127516778523	17.449664429530202	17.39373601789709	34.78747203579418	0.0
90.0	29.683972911963885	17.945823927765236	20.82392776523702	31.546275395033863	0.0
91.0	29.740406320541762	21.557562076749438	16.42212189616253	32.27990970654628	0.0
92.0	27.66798418972332	18.9158667419537	17.052512704686617	36.36363636363637	0.0
93.0	31.28904031800114	16.35434412265758	20.10221465076661	32.254400908574674	0.0
94.0	31.303357996585092	16.733067729083665	19.9203187250996	32.043255549231645	0.0
95.0	31.242873432155072	16.590649942987458	19.213226909920184	32.953249714937286	0.0
96.0	30.045610034207527	17.388825541619156	19.27023945267959	33.29532497149373	0.0
97.0	30.387685290763965	16.590649942987458	18.87115165336374	34.15051311288483	0.0
98.0	31.178489702517165	18.93592677345538	18.59267734553776	31.292906178489705	0.0
99.0	30.62392673153978	18.889524899828277	19.404693760732687	31.081854607899256	0.0
100.0	32.58491652274036	14.73805411629246	18.307426597582037	34.369602763385146	0.0
101.0	29.387990762124712	18.937644341801384	19.51501154734411	32.159353348729795	0.0
102.0	30.133024869866976	15.847310584152691	21.168305378831693	32.851359167148644	0.0
103.0	27.46234067207416	17.670915411355736	19.640787949015063	35.22595596755504	0.0
104.0	27.24097788125728	19.732246798603025	19.90686845168801	33.119906868451686	0.0
105.0	29.38775510204082	18.717201166180757	19.35860058309038	32.53644314868805	0.0
106.0	31.94850789935635	18.25629022820363	18.95845523698069	30.836746635459335	0.0
107.0	30.187573270808908	20.398593200468934	18.405627198124268	31.008206330597886	0.0
108.0	33.744131455399064	17.781690140845072	17.781690140845072	30.6924882629108	0.0
109.0	30.01765744555621	18.83460859329017	21.42436727486757	29.723366686286052	0.0
110.0	26.4619019492026	19.66922622563497	19.255759007678677	34.61311281748375	0.0
111.0	30.13048635824436	17.556346381969156	19.988137603795966	32.32502965599051	0.0
112.0	27.051129607609987	19.14387633769322	21.16527942925089	32.6397146254459	0.0
113.0	31.149493746277546	17.927337701012508	19.17808219178082	31.745086360929125	0.0
114.0	27.505966587112173	18.914081145584728	20.644391408114558	32.93556085918855	0.0
115.0	26.682692307692307	18.75	18.810096153846153	35.75721153846153	0.0
116.0	29.088714544357273	18.286059143029572	18.346409173204588	34.27881713940857	0.0
117.0	31.57894736842105	20.024198427102238	18.572292800967936	29.82456140350877	0.0
118.0	27.81818181818182	19.454545454545453	20.363636363636363	32.36363636363636	0.0
119.0	22.862340812613706	21.649484536082475	27.046694966646452	28.441479684657367	0.0
120.0	26.293365794278756	22.337188070602558	22.45891661594644	28.910529519172247	0.0
121.0	30.91905051734632	19.415702982349362	17.285453438831404	32.37979306147292	0.0
122.0	32.29357798165138	17.06422018348624	19.9388379204893	30.70336391437309	0.0
123.0	34.23312883435583	17.73006134969325	17.05521472392638	30.981595092024538	0.0
124.0	28.94898586355255	20.897357098955133	18.9920098340504	31.161647203441916	0.0
125.0	27.569230769230767	18.215384615384618	19.323076923076922	34.892307692307696	0.0
126.0	29.469790382244142	20.591861898890258	19.112207151664613	30.826140567200987	0.0
127.0	28.871067242442937	18.445404071560763	23.442319555829734	29.241209130166563	0.0
128.0	31.334981458590853	16.131025957972806	18.541409147095177	33.992583436341164	0.0
129.0	29.907120743034056	17.956656346749224	18.637770897832816	33.4984520123839	0.0
130.0	30.267246737103793	18.707271597265382	16.65630826600373	34.369173399627094	0.0
131.0	30.350438047559447	20.52565707133917	16.896120150187734	32.22778473091365	0.0
132.0	29.430181590482153	18.722604884157796	22.917971195992486	28.929242329367565	0.0
133.0	30.464824120603012	20.16331658291457	20.16331658291457	29.208542713567837	0.0
134.0	25.56675062972292	19.269521410579348	22.544080604534006	32.61964735516373	0.0
135.0	26.733921815889026	16.960907944514503	22.06809583858764	34.237074401008826	0.0
136.0	24.14448669201521	18.44106463878327	23.193916349809886	34.22053231939163	0.0
137.0	28.443877551020407	17.283163265306122	17.66581632653061	36.607142857142854	0.0
138.0	29.366602687140116	15.611004478566858	21.30518234165067	33.71721049264235	0.0
139.0	26.91072575465639	20.68079640333976	20.423892100192678	31.984585741811177	0.0
140.0	28.267868641339344	16.806181584030906	20.34771410173857	34.578235672891175	0.0
141.0	32.68482490272373	15.758754863813229	20.233463035019454	31.32295719844358	0.0
142.0	30.794270833333332	14.778645833333334	20.8984375	33.52864583333333	0.0
143.0	33.006535947712415	19.28104575163399	19.346405228758172	28.366013071895424	0.0
144.0	32.69862114248194	17.334208798424164	17.92514773473408	32.04202232435981	0.0
145.0	30.753968253968257	17.195767195767196	20.03968253968254	32.01058201058201	0.0
146.0	31.233421750663133	16.909814323607428	20.291777188328915	31.56498673740053	0.0
147.0	28.83845126835781	19.626168224299064	20.493991989319092	31.041388518024032	0.0
148.0	27.10843373493976	20.883534136546185	18.67469879518072	33.33333333333333	0.0
149.0	32.00808625336927	18.126684636118597	16.50943396226415	33.35579514824798	0.0
150.0	30.936227951153324	20.420624151967434	18.588873812754407	30.05427408412483	0.0
151.0	28.82392929979606	19.57851801495581	21.889870836165873	29.707681849082256	0.0
152.0	28.59087814840027	18.85636487406399	18.107556160653505	34.445200816882235	0.0
153.0	31.489071038251364	17.55464480874317	18.78415300546448	32.17213114754098	0.0
154.0	30.652920962199314	17.869415807560138	21.580756013745706	29.896907216494846	0.0
155.0	31.039229181004817	20.99105299380592	15.898141775636615	32.07157604955265	0.0
156.0	30.636237897648687	16.1134163208852	19.847856154910097	33.40248962655601	0.0
157.0	30.21483021483021	17.532917532917534	20.65142065142065	31.600831600831604	0.0
158.0	30.235783633841883	19.55617198335645	16.50485436893204	33.70319001386963	0.0
159.0	36.00278551532033	14.13649025069638	20.54317548746518	29.317548746518106	0.0
160.0	27.342657342657343	18.25174825174825	22.867132867132867	31.538461538461537	0.0
161.0	29.634831460674153	19.52247191011236	21.418539325842698	29.424157303370784	0.0
162.0	30.628087508821455	17.572335920959777	21.242060691601978	30.557515878616798	0.0
163.0	30.056577086280058	19.377652050919377	16.831683168316832	33.73408769448373	0.0
164.0	30.391459074733095	17.295373665480426	21.281138790035588	31.032028469750887	0.0
165.0	31.97424892703863	18.59799713876967	22.67525035765379	26.75250357653791	0.0
166.0	28.550829127613554	18.601297764960346	21.629416005767844	31.218457101658252	0.0
167.0	27.358490566037734	20.174165457184326	22.786647314949203	29.680696661828737	0.0
168.0	27.438136826783115	19.65065502183406	20.52401746724891	32.38719068413391	0.0
169.0	27.339181286549707	17.251461988304094	21.125730994152047	34.283625730994146	0.0
170.0	29.463629684055842	16.67891256429096	19.397501836884643	34.45995591476855	0.0
171.0	28.846153846153843	18.93491124260355	18.34319526627219	33.875739644970416	0.0
172.0	29.36802973977695	21.635687732342006	17.323420074349443	31.672862453531597	0.0
173.0	29.82062780269058	19.13303437967115	20.104633781763827	30.94170403587444	0.0
174.0	30.195783132530117	20.03012048192771	19.126506024096386	30.647590361445783	0.0
175.0	28.96133434420015	16.982562547384383	20.84912812736922	33.206974981046244	0.0
176.0	27.739463601532567	19.923371647509576	19.386973180076627	32.95019157088122	0.0
177.0	28.43966179861645	22.9054573405073	17.371252882398156	31.283627978478094	0.0
178.0	27.060653188180407	21.539657853810265	19.906687402799378	31.493001555209954	0.0
179.0	25.137039937353173	19.18559122944401	23.570869224745497	32.10649960845732	0.0
180.0	27.751572327044027	17.29559748427673	21.77672955974843	33.17610062893082	0.0
181.0	27.496038034865293	19.17591125198098	20.681458003169574	32.64659270998415	0.0
182.0	31.633466135458164	19.60159362549801	20.0796812749004	28.68525896414343	0.0
183.0	30.288461538461537	22.115384615384613	19.070512820512818	28.525641025641026	0.0
184.0	30.048465266558967	19.466882067851373	19.87075928917609	30.61389337641357	0.0
185.0	27.09519934906428	20.585842148087877	23.515052888527258	28.803905614320584	0.0
186.0	27.15340442986054	19.196062346185396	23.379819524200162	30.270713699753898	0.0
187.0	30.29801324503311	21.44039735099338	16.55629139072848	31.70529801324503	0.0
188.0	30.597014925373134	18.407960199004975	21.22719734660033	29.767827529021556	0.0
189.0	30.627615062761503	20.418410041841003	18.99581589958159	29.958158995815896	0.0
190.0	29.268292682926827	17.830109335576115	20.689655172413794	32.21194280908327	0.0
191.0	26.31578947368421	19.779286926994907	20.54329371816638	33.3616298811545	0.0
192.0	28.071672354948806	19.197952218430032	22.35494880546075	30.37542662116041	0.0
193.0	30.615784908933218	17.77970511708586	20.555073720728533	31.04943625325238	0.0
194.0	27.909011373578302	19.94750656167979	23.097112860892388	29.04636920384952	0.0
195.0	28.647214854111407	20.07073386383731	20.689655172413794	30.592396109637487	0.0
196.0	27.713004484304932	19.730941704035875	20.35874439461883	32.19730941704036	0.0
197.0	29.626253418413857	19.78122151321787	19.872379216043758	30.72014585232452	0.0
198.0	27.954971857410882	22.607879924953096	20.075046904315197	29.362101313320828	0.0
199.0	29.133064516129032	25.50403225806452	18.346774193548388	27.016129032258064	0.0
200.0	29.02843601895735	15.995260663507107	19.786729857819903	35.18957345971564	0.0
201.0	32.48	18.4	16.0	33.12	0.0
202.0	34.29951690821256	18.679549114331724	18.19645732689211	28.824476650563607	0.0
203.0	36.30470016207455	17.01782820097245	18.152350081037277	28.52512155591572	0.0
204.0	32.295081967213115	17.704918032786885	22.62295081967213	27.377049180327866	0.0
205.0	34.76112026359143	16.639209225700164	24.71169686985173	23.88797364085667	0.0
206.0	30.564784053156146	20.431893687707642	20.431893687707642	28.57142857142857	0.0
207.0	25.4606365159129	22.780569514237854	16.08040201005025	35.678391959798994	0.0
208.0	25.126475548060707	19.392917369308602	19.561551433389546	35.91905564924115	0.0
209.0	23.589743589743588	19.82905982905983	21.025641025641026	35.55555555555556	0.0
210.0	26.804123711340207	19.93127147766323	17.525773195876287	35.738831615120276	0.0
211.0	32.64248704663213	20.207253886010363	19.343696027633854	27.806563039723663	0.0
212.0	27.430555555555557	15.79861111111111	24.479166666666664	32.29166666666667	0.0
213.0	27.225130890052355	19.3717277486911	19.720767888307154	33.682373472949386	0.0
214.0	27.06502636203866	25.30755711775044	19.507908611599298	28.119507908611602	0.0
215.0	27.11267605633803	25.0	16.19718309859155	31.690140845070424	0.0
216.0	28.84955752212389	19.469026548672566	16.8141592920354	34.86725663716814	0.0
217.0	27.56756756756757	17.47747747747748	22.34234234234234	32.612612612612615	0.0
218.0	25.41436464088398	18.60036832412523	18.23204419889503	37.75322283609576	0.0
219.0	17.827868852459016	22.950819672131146	26.639344262295083	32.58196721311475	0.0
220.0	0.3205128205128205	31.08974358974359	27.564102564102566	41.02564102564102	0.0
