# Position (bp)	A	C	G	T	N
0.0	25.973401282699527	23.76800588505887	24.105018647424906	26.1535741848167	0.0
1.0	25.91388539342075	19.821661426632552	15.24307232007421	39.02138085987249	0.0
2.0	28.207767698824927	18.792350131799253	18.6711651358188	34.32871703355702	0.0
3.0	22.55158891100269	22.28870295311821	15.344166275487117	39.81554186039198	0.0
4.0	33.69019816271657	13.146460681175135	14.598495006390738	38.56484614971756	0.0
5.0	34.074638516609554	14.842024912937307	23.218687371823115	27.86464919863002	0.0
6.0	30.143950328119068	17.375708466418853	21.23945687715667	31.240884328305405	0.0
7.0	34.590256463490256	16.998179453687946	20.02729157432476	28.384272508497038	0.0
8.0	22.508976654288144	26.68856881354496	22.423187125169424	28.37926740699747	0.0
9.0	27.579438891082248	18.733135680893724	15.856398984277808	37.83102644374622	0.0
10.0	25.691366446844256	16.582727537185196	25.106747798064006	32.61915821790654	0.0
11.0	27.910734822029703	17.74128032015934	19.6427820120641	34.70520284574686	0.0
12.0	25.93404263947589	19.539232445366277	21.34514334677176	33.18158156838607	0.0
13.0	26.346113500696205	20.514932820046088	18.48875946327457	34.65019421598314	0.0
14.0	30.48471511332661	18.359538569530596	20.059326123391234	31.096420193751563	0.0
15.0	29.840927997103687	18.168499448726532	19.76540225013028	32.225170304039494	0.0
16.0	29.38742971132721	17.402139581168928	18.557786176175583	34.65264453132828	0.0
17.0	30.154074499273786	17.813127744911156	19.801986028073966	32.23081172774109	0.0
18.0	30.494696824286844	17.39041035848968	18.583106101408674	33.531786715814796	0.0
19.0	29.44013048594027	18.14087166834279	19.892400764840293	32.52659708087665	0.0
20.0	29.691363787587292	17.473303196987214	19.766380476799075	33.06895253862642	0.0
21.0	28.998095497146664	18.118733354119858	19.219694229136966	33.66347691959651	0.0
22.0	29.505291778897597	18.973921901611863	22.268275909686693	29.252510409803843	0.0
23.0	29.742573478831414	19.801321213833038	20.917040964998765	29.539064342336786	0.0
24.0	31.982361148559672	19.14611828735874	18.327276084152945	30.54424447992864	0.0
25.0	29.21713279484013	21.07530474372503	19.10731213038109	30.600250331053747	0.0
26.0	31.579493215903078	16.801441925104495	21.435918982697448	30.183145876294976	0.0
27.0	25.90010862114962	21.03130353832184	25.00852624263991	28.060061597888623	0.0
28.0	25.99171052620332	19.42657492356773	18.415629896772394	36.16608465345655	0.0
29.0	27.642244842157425	19.75110874395031	17.575247712160508	35.03139870173175	0.0
30.0	26.244209538502165	18.92129500843477	16.274455221889838	38.56004023117322	0.0
31.0	33.59703601848668	14.209846835491389	18.206180054237805	33.98693709178412	0.0
32.0	33.675619073157534	15.670877839466039	22.60387247205887	28.049630615317554	0.0
33.0	30.682887500652793	17.787570929556395	20.53114211181966	30.99839945797115	0.0
34.0	33.31166081711505	16.347471652233413	21.68367237238746	28.65719515826408	0.0
35.0	26.090713821131885	20.561082885890414	24.958089338112796	28.390113954864905	0.0
