# Position (bp)	A	C	G	T	N
0.0	41.79523141654979	23.35203366058906	17.391304347826086	17.461430575035063	0.0
1.0	51.262272089761574	11.430575035063113	13.674614305750351	23.632538569424966	0.0
2.0	50.36399735274652	17.604235605559232	11.4493712772998	20.58239576439444	0.0
3.0	59.65138799225307	12.653324725629439	11.103938024531956	16.591349257585538	0.0
4.0	60.76433121019108	12.929936305732484	9.872611464968154	16.43312101910828	0.0
5.0	60.75471698113207	9.874213836477988	10.69182389937107	18.679245283018865	0.0
6.0	53.827160493827165	12.777777777777777	11.790123456790123	21.604938271604937	0.0
7.0	57.94278758368837	12.41631162507608	9.920876445526476	19.72002434570907	0.0
8.0	57.44934445768772	10.846245530393325	11.144219308700833	20.56019070321812	0.0
9.0	61.52032999410725	9.605185621685328	12.19799646434885	16.676487919858573	0.0
10.0	62.55119953188999	10.473961380924516	11.351667641895846	15.623171445289644	0.0
11.0	58.857472590882864	12.175418349682632	10.444316214656665	18.52279284477784	0.0
12.0	61.46369353916524	10.062893081761008	11.663807890222985	16.80960548885077	0.0
13.0	60.862166761202495	9.699376063528078	11.741349971639252	17.697107203630175	0.0
14.0	62.41610738255034	10.794183445190157	10.40268456375839	16.387024608501118	0.0
15.0	61.76470588235294	10.599334073251942	10.987791342952276	16.64816870144284	0.0
16.0	62.294182217343575	11.031833150384193	10.318331503841932	16.355653128430298	0.0
17.0	63.057671381936885	10.337323177366702	10.718171926006528	15.88683351468988	0.0
18.0	62.5945945945946	10.864864864864865	10.648648648648647	15.891891891891891	0.0
19.0	62.493195427327166	11.0506260206859	9.363091997822536	17.0930865541644	0.0
20.0	61.710239651416124	11.27450980392157	11.76470588235294	15.250544662309368	0.0
21.0	61.40642303433002	10.852713178294573	11.129568106312291	16.611295681063122	0.0
22.0	60.930493273542595	11.154708520179373	9.192825112107624	18.721973094170405	0.0
23.0	61.21521862578081	10.391822827938672	11.243611584327088	17.149346961953434	0.0
24.0	60.54267947993216	12.097230073487847	10.175240248728095	17.184850197851894	0.0
25.0	59.71428571428572	12.171428571428573	11.085714285714285	17.02857142857143	0.0
26.0	58.705612829324174	11.855670103092782	11.168384879725087	18.27033218785796	0.0
27.0	57.40423098913665	14.179531160663236	11.26357918810749	17.152658662092623	0.0
28.0	60.5593607305936	10.787671232876713	10.388127853881278	18.2648401826484	0.0
29.0	60.31836270608301	11.654349061967027	11.483797612279705	16.54349061967027	0.0
30.0	59.525155455059355	12.097230073487847	11.305822498586773	17.071791972866027	0.0
31.0	59.96659242761693	11.692650334075724	11.080178173719377	17.260579064587972	0.0
32.0	61.76470588235294	10.432852386237514	11.098779134295228	16.70366259711432	0.0
33.0	54.33117265763111	16.205067766647023	12.433706540954626	17.03005303476724	0.0
34.0	58.97435897435898	12.878787878787879	10.314685314685315	17.832167832167833	0.0
35.0	58.36807623585467	12.805241215008934	11.494937462775463	17.33174508636093	0.0
36.0	57.66033254156769	12.114014251781473	11.63895486935867	18.586698337292162	0.0
37.0	59.4847775175644	13.290398126463701	10.362997658079626	16.861826697892273	0.0
38.0	58.35266821345708	12.645011600928074	10.962877030162414	18.039443155452435	0.0
39.0	58.59872611464968	12.101910828025478	11.29125651418645	18.008106543138393	0.0
40.0	59.20598388952819	11.44994246260069	10.759493670886076	18.58457997698504	0.0
41.0	60.43577981651376	12.614678899082568	10.894495412844037	16.055045871559635	0.0
42.0	60.95617529880478	12.80591918042117	9.675583380762664	16.562322140011382	0.0
43.0	59.92108229988726	12.795941375422773	10.146561443066517	17.13641488162345	0.0
44.0	60.88664421997755	11.728395061728394	9.20314253647587	18.181818181818183	0.0
45.0	60.122699386503065	11.489124372559957	10.262130507529282	18.126045733407697	0.0
46.0	61.315496098104795	10.925306577480491	11.148272017837236	16.61092530657748	0.0
47.0	60.07816862088219	11.446119486320491	11.055276381909549	17.42043551088777	0.0
48.0	61.44306651634723	10.315670800450958	11.33032694475761	16.910935738444195	0.0
49.0	60.533787620670076	11.754684838160136	11.41396933560477	16.297558205565018	0.0
50.0	60.981175128351396	11.52310325156874	10.496292070735882	16.99942954934398	0.0
51.0	60.18411967779056	11.737629459148447	11.9102416570771	16.168009205983893	0.0
52.0	57.858376511226254	12.204951065054692	11.11111111111111	18.825561312607945	0.0
53.0	57.78164924506388	13.472706155632984	11.265969802555169	17.479674796747968	0.0
54.0	59.42622950819673	11.7096018735363	11.358313817330211	17.505854800936767	0.0
55.0	56.84086905460951	14.562536699941282	10.86318261890781	17.733411626541397	0.0
56.0	57.76727702303604	10.809214412285883	10.986414648552865	20.43709391612522	0.0
57.0	56.58914728682171	12.10494931425164	12.04531902206321	19.260584376863445	0.0
58.0	56.853396901072706	10.96543504171633	11.382598331346841	20.798569725864123	0.0
59.0	58.04321728691476	13.805522208883552	11.104441776710685	17.046818727490997	0.0
60.0	57.048984468339306	13.560334528076465	10.692951015531662	18.69772998805257	0.0
61.0	58.32335329341317	12.754491017964073	11.137724550898204	17.784431137724553	0.0
62.0	57.134220072551386	12.273276904474002	12.091898428053206	18.500604594921402	0.0
63.0	57.837181044957475	12.636695018226002	12.879708383961116	16.646415552855405	0.0
64.0	56.355932203389834	13.498789346246973	11.743341404358354	18.401937046004843	0.0
65.0	56.89131754705525	11.961141469338191	13.05403764420158	18.09350333940498	0.0
66.0	59.35601458080194	13.669501822600244	10.571081409477522	16.403402187120292	0.0
67.0	58.35829838226483	13.001797483523067	11.743559017375674	16.89634511683643	0.0
68.0	58.17855002995805	12.282804074295987	11.264230077890952	18.274415817855	0.0
69.0	57.705882352941174	13.647058823529413	10.529411764705882	18.11764705882353	0.0
70.0	57.391304347826086	13.971014492753623	10.376811594202898	18.26086956521739	0.0
71.0	57.56351039260969	12.990762124711317	11.143187066974596	18.30254041570439	0.0
72.0	58.99942495687176	11.903392754456585	12.42093156986774	16.67625071880391	0.0
73.0	58.76585928489043	11.707035755478662	9.746251441753172	19.780853517877738	0.0
74.0	57.58953951108584	13.473564525298464	9.55088118249005	19.386014781125642	0.0
75.0	58.581879572312886	13.168261114237477	11.311198649409118	16.938660664040516	0.0
76.0	57.5235980011105	13.048306496390893	11.771238200999445	17.65685730149917	0.0
77.0	59.95562950637826	11.259012756516915	11.203549639489738	17.581808097615088	0.0
78.0	58.8882773802972	13.813979086406164	10.456796917996698	16.840946615299945	0.0
79.0	60.88154269972452	10.853994490358126	11.074380165289256	17.1900826446281	0.0
80.0	60.414394765539804	12.486368593238822	10.087241003271538	17.011995637949838	0.0
81.0	61.20783460282916	10.391730141458106	11.697497279651795	16.702937976060937	0.0
82.0	59.64535196131112	12.412681354110692	9.779688339602364	18.162278344975817	0.0
83.0	59.87394957983193	12.657563025210084	9.926470588235293	17.54201680672269	0.0
84.0	59.95850622406639	12.655601659751037	11.462655601659751	15.92323651452282	0.0
85.0	64.06411582213029	10.599793174767322	10.237849017580144	15.098241985522234	0.0
86.0	62.96296296296296	12.345679012345679	10.133744855967079	14.557613168724279	0.0
87.0	63.751906456532794	11.489578037620744	10.015251652262329	14.743263853584137	0.0
88.0	64.22764227642277	10.975609756097562	10.619918699186993	14.176829268292682	0.0
89.0	63.304612265585405	11.099847947288394	10.288900152052712	15.306639635073493	0.0
90.0	63.69653767820774	10.132382892057027	11.25254582484725	14.918533604887985	0.0
91.0	64.65517241379311	9.989858012170385	8.874239350912779	16.480730223123732	0.0
92.0	63.17122593718339	12.107396149949341	8.814589665653495	15.906788247213779	0.0
93.0	63.67735470941884	10.62124248496994	9.669338677354709	16.03206412825651	0.0
94.0	63.522954091816366	11.27744510978044	9.880239520958083	15.31936127744511	0.0
95.0	63.83507203179334	10.581222056631892	9.985096870342772	15.598609041231992	0.0
96.0	62.96665007466401	10.602289696366352	10.50273768043803	15.928322548531607	0.0
97.0	65.34603811434303	10.882647943831495	8.976930792377132	14.794383149448345	0.0
98.0	63.59959555106168	11.172901921132457	9.100101112234581	16.127401415571285	0.0
99.0	63.43321482986287	11.07160995429152	9.751142712036568	15.744032503809041	0.0
100.0	64.59500764136526	11.360163015792155	8.762098828323994	15.282730514518594	0.0
101.0	63.557594291539246	11.824668705402651	9.174311926605505	15.443425076452598	0.0
102.0	63.267376966007106	12.02435312024353	10.603754439370878	14.104515474378488	0.0
103.0	62.03703703703704	10.699588477366255	11.265432098765432	15.997942386831276	0.0
104.0	63.108320251177396	10.832025117739404	9.419152276295135	16.64050235478807	0.0
105.0	62.81035393555203	10.45958795562599	10.829371368198625	15.90068674062335	0.0
106.0	62.09463051568315	12.6528442317916	9.835194045720362	15.41733120680489	0.0
107.0	61.89462480042576	13.890367216604577	9.366684406599255	14.84832357637041	0.0
108.0	61.55507559395248	10.421166306695465	11.123110151187905	16.900647948164146	0.0
109.0	61.135371179039296	12.063318777292578	10.698689956331878	16.102620087336245	0.0
110.0	60.69651741293532	12.437810945273633	10.281923714759536	16.58374792703151	0.0
111.0	63.56981981981982	9.74099099099099	10.754504504504505	15.934684684684687	0.0
112.0	60.89887640449439	13.48314606741573	11.235955056179774	14.382022471910114	0.0
113.0	62.10227272727272	11.477272727272728	8.75	17.670454545454543	0.0
114.0	60.25345622119816	11.463133640552996	12.26958525345622	16.013824884792626	0.0
115.0	61.26801152737752	11.988472622478385	10.720461095100864	16.02305475504323	0.0
116.0	59.416909620991255	12.59475218658892	10.670553935860058	17.31778425655977	0.0
117.0	58.108108108108105	12.925969447708576	12.45593419506463	16.509988249118685	0.0
118.0	61.02409638554217	10.843373493975903	11.566265060240964	16.566265060240966	0.0
119.0	57.384987893462466	13.01452784503632	10.411622276029057	19.188861985472155	0.0
120.0	59.419394688079066	10.87090796788141	13.094502779493514	16.615194564546016	0.0
121.0	59.974984365228266	11.31957473420888	11.069418386491558	17.636022514071296	0.0
122.0	57.726130653266324	12.311557788944723	10.92964824120603	19.032663316582916	0.0
123.0	58.00376647834275	12.303829252981794	11.173885750156936	18.51851851851852	0.0
124.0	56.313131313131315	13.005050505050505	13.194444444444445	17.487373737373737	0.0
125.0	56.31377551020408	13.64795918367347	10.395408163265305	19.642857142857142	0.0
126.0	55.10335917312662	13.695090439276486	12.080103359173126	19.12144702842377	0.0
127.0	58.04560260586319	11.856677524429967	12.052117263843648	18.04560260586319	0.0
128.0	54.898093359631815	13.609467455621301	12.22879684418146	19.26364234056542	0.0
129.0	55.61426684280053	13.540290620871861	11.492734478203435	19.352708058124175	0.0
130.0	59.69455511288181	12.682602921646746	10.159362549800797	17.46347941567065	0.0
131.0	54.96997998665777	14.809873248832556	11.407605070046698	18.812541694462976	0.0
132.0	54.91132332878581	12.687585266030013	13.165075034106414	19.236016371077763	0.0
133.0	55.38568450312717	13.134120917303683	11.8137595552467	19.666435024322446	0.0
134.0	55.4925584691708	12.473423104181432	13.040396881644224	18.993621545003545	0.0
135.0	54.33526011560693	11.705202312138727	13.583815028901732	20.3757225433526	0.0
136.0	54.3026706231454	12.462908011869436	13.57566765578635	19.658753709198812	0.0
137.0	51.289833080424884	13.505311077389983	12.139605462822459	23.06525037936267	0.0
138.0	51.08527131782946	12.635658914728682	15.813953488372093	20.46511627906977	0.0
139.0	46.95652173913044	15.889328063241107	14.150197628458496	23.00395256916996	0.0
140.0	50.76182838813151	13.151563753007217	11.066559743384122	25.020048115477145	0.0
141.0	48.637489677952104	15.359207266721716	15.68951279933939	20.31379025598679	0.0
142.0	49.53508030431107	15.638207945900254	13.271344040574808	21.55536770921386	0.0
143.0	51.17903930131005	14.672489082969431	11.703056768558952	22.445414847161572	0.0
144.0	43.5759209344115	16.442048517520217	14.914645103324348	25.067385444743934	0.0
145.0	41.17647058823529	19.94485294117647	16.727941176470587	22.150735294117645	0.0
146.0	38.33805476864967	20.018885741265343	18.602455146364495	23.040604343720492	0.0
147.0	35.67307692307693	23.076923076923077	22.01923076923077	19.230769230769234	0.0
148.0	43.02554027504912	19.842829076620824	19.351669941060905	17.779960707269154	0.0
149.0	30.484037075180225	29.145211122554066	23.480947476828014	16.889804325437694	0.0
