# Position (bp)	A	C	G	T	N
0.0	60.48514677447706	7.031112673580594	17.472314993847775	14.993847776410618	0.017577781683951483
1.0	50.07027406886859	16.918482080112437	10.488404778636683	22.522839072382293	0.0
2.0	58.00165152766309	9.050371593724195	16.069364161849713	16.878612716763005	0.0
3.0	58.103604968191455	8.87609815207513	15.495304453196002	17.524992426537413	0.0
4.0	54.95766968001148	8.65260439087387	16.802984646290717	19.586741282823937	0.0
5.0	53.87096774193548	7.809139784946237	18.602150537634408	19.717741935483872	0.0
6.0	46.1066359800537	10.753100626518348	18.322465157908198	24.817798235519756	0.0
7.0	47.197782330963	10.7267687115825	21.56201036519224	20.513438592262265	0.0
8.0	41.55031832905172	12.777839830224504	23.221266614542614	22.45057522618117	0.0
9.0	45.758547008547005	12.692307692307692	20.63034188034188	20.91880341880342	0.0
10.0	45.8063874241369	13.063376778430008	24.037409213013632	17.09282658441946	0.0
11.0	41.994894237782646	14.068198395331875	22.565645514223196	21.37126185266229	0.0
12.0	43.60687022900763	13.592990978487162	20.532616238723108	22.267522553782097	0.0
13.0	40.16460234680574	14.366036505867013	25.13852672750978	20.33083441981747	0.0
14.0	38.151234327544586	12.561326999454872	25.589907328089712	23.697531344910832	0.0
15.0	36.712576202303005	16.023180552419657	24.881463084217657	22.38278016105968	0.0
16.0	32.507087301010394	16.369848077342443	26.48106418550556	24.6420004361416	0.0
17.0	34.50829594815922	18.664103111870684	23.499252296517838	23.328348643452255	0.0
18.0	33.05037957211871	17.708764665286406	26.114561766735676	23.12629399585921	0.0
19.0	31.536093055080393	17.00992131371878	27.15018816284639	24.30379746835443	0.0
20.0	33.238950276243095	16.968232044198896	24.295580110497237	25.497237569060772	0.0
21.0	31.51085141903172	15.45631608235949	26.064273789649416	26.968558708959378	0.0
22.0	31.862540080858775	17.67740136623449	25.561132022863514	24.898926530043216	0.0
23.0	31.30471029595665	17.95192441294984	22.87758788384049	27.865777407253024	0.0
24.0	31.586618545252637	14.540533037201556	25.444197667962243	28.428650749583568	0.0
25.0	32.41311659192825	14.545964125560538	27.613508968609867	25.427410313901344	0.0
26.0	29.513620046455973	17.646230731329627	23.69254592806363	29.14760329415077	0.0
27.0	31.27014829142489	14.220216347875922	24.034672970843186	30.47496238985601	0.0
28.0	28.54465508541772	15.959057161392634	25.365818496359836	30.130469256829812	0.0
29.0	29.92358708189158	14.785178777393309	23.875432525951556	31.41580161476355	0.0
30.0	29.096722621902476	14.475692173533899	24.191555846232106	32.236029358331514	0.0
31.0	27.54320717567272	14.942025814920148	27.638007729891346	29.876759279515785	0.0
32.0	29.37619820085533	14.031853708892495	23.9418964754461	32.650051614806074	0.0
33.0	16.91546532457562	16.37806022349228	32.05664079160624	34.649833660325854	0.0
34.0	20.010345719458574	15.837572204500388	30.631951030261227	33.52013104577981	0.0
35.0	17.112836911831884	15.559616263133853	29.20054819552307	38.12699862951119	0.0
36.0	16.528380162172354	15.708089760512916	34.13162360927777	33.63190646803696	0.0
37.0	19.103728027815336	18.553216148348465	29.012941858219044	33.33011396561715	0.0
38.0	18.95315722282235	18.40322105469901	29.64745163507807	32.996170087400564	0.0
39.0	19.543147208121827	16.477938305349475	32.33112065599375	31.647793830534948	0.0
40.0	18.619084561675717	19.71489526764934	31.506982156710627	30.159038013964313	0.0
41.0	18.5295245398773	16.51648773006135	32.266104294478524	32.68788343558282	0.0
42.0	18.132611637347768	19.437463754107867	31.66441136671177	30.765513241832593	0.0
43.0	18.27223088923557	20.963338533541343	29.602184087363494	31.162246489859598	0.0
44.0	18.605562083822953	17.087739913826873	29.45554249902076	34.851155503329416	0.0
45.0	17.9283659093164	18.622879253894236	29.94344677051295	33.50530806627642	0.0
46.0	17.71641640632873	18.05905472135443	31.159931472336993	33.064597399979846	0.0
47.0	16.900391833367703	19.467931532274697	27.79954629820582	35.832130336151785	0.0
48.0	19.145099703012303	19.29359355112431	33.453542638947816	28.097157403479002	0.010606703436571913
49.0	17.6859151928404	19.550394204133816	27.93522267206478	34.81781376518219	0.010654165778819518
50.0	19.254453485814825	19.188475918187816	28.920167143171323	32.63690345282604	0.0
51.0	19.67543368774482	18.824846110800227	30.285394515948518	31.214325685506434	0.0
52.0	17.60619519416923	17.332877804350304	30.110465778385148	34.95046122309532	0.0
53.0	20.82994304312449	18.40055794490294	31.15192374752993	29.617575264442635	0.0
54.0	19.32497363178249	18.19992968475331	33.05988515176374	29.415211531700457	0.0
55.0	20.911270983213427	17.242206235011988	30.503597122302157	31.34292565947242	0.0
56.0	20.542447093164682	17.246412065190952	31.76842617368037	30.442714667963997	0.0
57.0	18.715393133997786	17.324966162175464	31.43841515934539	32.52122554448136	0.0
58.0	20.94214669498938	18.480569786330125	28.96413844808197	31.613145070598524	0.0
59.0	18.346385928874053	19.091025805623314	30.992425215046858	31.57016305045577	0.0
60.0	18.504190844616378	17.176015473887816	31.54094132817537	32.77885235332044	0.0
61.0	19.78323322016192	19.417602507182032	31.14390180203708	29.655262470618958	0.0
62.0	17.11945924866762	18.549330560249576	31.84713375796178	32.48407643312102	0.0
63.0	21.734013338564143	19.576304433111027	27.867137439518764	30.822544788806066	0.0
64.0	19.079819676478387	19.384778573322727	32.2726067356139	29.26279501458499	0.0
65.0	23.566452304394428	16.479099678456592	27.826902465166132	32.12754555198285	0.0
66.0	23.86208776233306	16.80294358135732	29.449441264649767	29.885527391659856	0.0
67.0	22.59582122595821	16.590563165905632	28.199806281998065	32.613809326138096	0.0
68.0	21.627318718381115	16.160764474423832	29.300168634064082	32.911748173130974	0.0
69.0	20.518799183911398	16.977557563392597	30.792771786651123	31.71087146604489	0.0
70.0	19.5176752546435	16.417016177351705	29.628520071899338	34.43678849610545	0.0
71.0	20.646458397772964	17.955459325703682	27.373956077946183	34.02412619857717	0.0
72.0	23.98039835599115	14.005690799873538	27.837496048055645	34.176414796079676	0.0
73.0	23.840847104123213	15.305631317182735	24.867639980747633	35.98588159794641	0.0
74.0	28.620576671035387	16.890563564875492	26.70380078636959	27.78505897771953	0.0
75.0	31.71925088577695	15.606546313480681	25.695967605871434	26.97823519487093	0.0
76.0	31.896850121149185	15.247490481135342	25.822083766009	27.033575631706476	0.0
77.0	27.202797202797203	15.314685314685313	30.891608391608393	26.590909090909093	0.0
78.0	24.79236614242799	16.2396183071214	26.700830535430285	32.267185015020324	0.0
79.0	21.66546503244412	16.366258111031	32.732516222062	29.23576063446287	0.0
80.0	20.414526779163612	17.31474688187821	29.658840792369773	32.61188554658841	0.0
81.0	23.818419577806836	16.813002054922475	29.123855781804597	30.244722585466093	0.0
82.0	26.51083238312429	15.583428354237933	28.506271379703534	29.399467882934243	0.0
83.0	26.739214924212977	17.10066070734551	26.175670423630002	29.984453944811506	0.0
84.0	29.507553462821267	18.049833235236417	23.641357661369433	28.801255640572887	0.0
85.0	26.160503540519276	16.404405979543665	29.760031471282456	27.6750590086546	0.0
86.0	24.39120966145318	17.50148485448426	28.0142546030489	30.09305088101366	0.0
87.0	23.316062176165804	16.719808688720605	29.812674372259863	30.151454762853724	0.0
88.0	20.46653144016227	19.959432048681542	29.006085192697768	30.56795131845842	0.0
89.0	20.04894962267999	20.191719355496634	29.08423414236182	30.675096879461556	0.0
90.0	19.710327455919398	20.75986565910999	28.022670025188916	31.5071368597817	0.0
91.0	21.755971594577147	19.45341080266839	29.029481385840327	29.761136216914135	0.0
92.0	20.8994708994709	19.00352733686067	29.695767195767196	30.401234567901238	0.0
93.0	23.915461624026698	17.308120133481648	26.11790878754171	32.65850945494995	0.0
94.0	24.43499664354442	16.51376146788991	28.887894383530995	30.163347505034682	0.0
95.0	23.551863493488998	18.99416255051639	27.256398742703187	30.197575213291422	0.0
96.0	26.01182355616189	17.985447930877672	28.30832196452933	27.694406548431104	0.0
97.0	23.501144164759722	18.03203661327231	29.22196796338673	29.244851258581235	0.0
98.0	24.69783352337514	18.67730900798176	27.936145952109463	28.688711516533637	0.0
99.0	25.538670900430937	18.371512814697212	27.058289861646635	29.031526423225223	0.0
100.0	23.543906810035843	17.137096774193548	29.32347670250896	29.995519713261647	0.0
101.0	24.54042081949059	19.756367663344406	27.796234772978963	27.906976744186046	0.0
102.0	25.033083370092633	16.960741067490076	27.547419497132775	30.458756065284515	0.0
103.0	24.477677589619528	16.428414339124696	27.952496151308555	31.14141191994722	0.0
104.0	23.863636363636363	18.96853146853147	27.032342657342657	30.13548951048951	0.0
105.0	23.695652173913043	17.869565217391305	27.82608695652174	30.60869565217391	0.0
106.0	23.534501406013412	18.061864590093013	27.319922128487995	31.08371187540558	0.0
107.0	23.79931389365352	18.117495711835335	28.194682675814754	29.8885077186964	0.0
108.0	24.04508453350031	16.322270924650386	27.718639115007303	31.914005426841996	0.0
109.0	26.393204889165112	16.138388232856844	27.843380981976384	29.625025896001656	0.0
110.0	24.867832452216348	17.91378609190728	27.185847905652704	30.03253355022367	0.0
111.0	27.16322023690022	16.40232884962859	26.641236699457938	29.793214214013254	0.0
112.0	25.442962373083816	14.831773840334462	30.161258212223768	29.564005574357953	0.0
113.0	25.0	14.154984423676012	28.796728971962615	32.04828660436137	0.0
114.0	25.35101404056162	16.010140405616223	27.53510140405616	31.103744149765987	0.0
115.0	25.07249178426445	18.26792963464141	27.43089116566789	29.22868741542625	0.0
116.0	26.39021593732085	17.351423657557806	25.77871201987388	30.479648385247465	0.0
117.0	27.35400418489633	15.84553928095872	27.48715997717329	29.313296556971657	0.0
118.0	29.248861911987863	16.824734446130503	25.967374810318667	27.959028831562975	0.0
119.0	30.126391246934542	17.430673457838143	27.42878702131673	25.014148273910582	0.0
120.0	30.107526881720432	16.732691944916052	26.428975664968874	26.730805508394646	0.0
121.0	30.22781996666049	15.391739210964994	27.07908872013336	27.301352102241154	0.0
122.0	29.321100917431192	16.422018348623855	26.93577981651376	27.321100917431192	0.0
123.0	28.313470566991693	14.283134705669918	28.169014084507044	29.234380642831347	0.0
124.0	27.065373563218394	15.768678160919542	28.17887931034483	28.987068965517242	0.0
125.0	26.23418285510604	17.180538228479772	27.606487257173413	28.978791659240777	0.0
126.0	26.800071466857244	16.008576022869395	26.692871180989812	30.498481329283543	0.0
127.0	27.785714285714285	16.767857142857142	27.750000000000004	27.696428571428573	0.0
128.0	27.08664196223752	16.56961355214399	26.68078348332451	29.66296100229398	0.0
129.0	26.4726507713885	16.444600280504908	26.402524544179524	30.68022440392707	0.0
130.0	27.70873446525468	17.346402940661648	28.041309294591283	26.903553299492383	0.0
131.0	25.79273693534101	15.447298494242693	29.565987599645705	29.193976970770592	0.0
132.0	27.262833303101758	14.58371122800653	28.623254126609833	29.53020134228188	0.0
133.0	27.180831149382257	15.162860351928117	30.531636091351555	27.124672407338075	0.0
134.0	27.08091366627952	18.466898954703833	26.7518389469609	27.700348432055748	0.0
135.0	27.479213141350638	18.130196714662343	27.418373555059826	26.972216588927196	0.0
136.0	26.087888531618436	18.263665594855304	28.29581993569132	27.35262593783494	0.0
137.0	25.328202806699863	16.659121774558624	28.587596197374378	29.425079221367135	0.0
138.0	24.958163997131248	18.21659096342338	30.958642122878317	25.866602916567054	0.0
139.0	23.711340206185564	19.713351772692985	28.086497359818956	28.488810661302487	0.0
140.0	23.96386822529224	21.838469713071202	26.806588735387887	27.391073326248673	0.0
141.0	24.37839382680766	18.176621891969134	26.264647042012	31.1803372392112	0.0
142.0	25.0	17.427884615384613	27.013221153846157	30.55889423076923	0.0
143.0	23.61155188828943	18.279911139320852	26.30910821961282	31.799428752776898	0.0
144.0	24.056603773584907	16.54312668463612	23.247978436657682	36.15229110512129	0.0
145.0	21.664275466284074	17.862266857962698	23.278335724533715	37.19512195121951	0.0
146.0	19.7270955165692	17.77777777777778	26.705653021442494	35.78947368421053	0.0
147.0	19.84602224123182	16.937553464499572	22.7972626176219	40.41916167664671	0.0
148.0	19.990128331688055	14.856860809476801	26.999012833168806	38.15399802566633	0.0
149.0	21.033434650455927	16.474164133738604	24.98480243161094	37.50759878419453	0.0
150.0	21.007371007371006	15.11056511056511	22.972972972972975	40.909090909090914	0.0
