# Position (bp)	A	C	G	T	N
0.0	27.091550495711825	25.580749594532335	21.273010684151735	26.0546892256041	0.0
1.0	30.342864715793993	20.097943316567694	11.73931427056841	37.819877697069906	0.0
2.0	27.146697291703475	18.956813650016407	18.250082031348597	35.64640702693152	0.0
3.0	25.835599669356824	26.87548508004215	12.917799834678412	34.37111541592262	0.0
4.0	38.506726231039096	14.15221725852452	13.278312006259307	34.062744504177076	0.0
5.0	28.588974830566123	16.705928296087276	24.759391297775316	29.945705575571292	0.0
6.0	27.17183868590612	18.30372045272751	20.916288239036096	33.60815262233027	0.0
7.0	33.411013346266	19.261703963570174	15.3428522841073	31.984430406056525	0.0
8.0	21.681541339413368	29.778108092787726	19.078421122245246	29.461929445553658	0.0
9.0	22.962631714859764	21.86671369456639	14.548626638365949	40.622027952207894	0.0
10.0	27.71223964074044	21.557463264701994	20.18252703579369	30.54777005876388	0.0
11.0	29.884550705103575	21.536048774650283	11.45108363618041	37.12831688406573	0.0
12.0	29.53121161925037	18.93796726102374	19.699441333744826	31.831379785981067	0.0
13.0	24.036505407158735	25.402623904869277	16.621423307782905	33.93944738018907	0.0
14.0	29.5230237259953	23.847554024349535	18.66713694566388	27.962285303991287	0.0
15.0	28.31877357955798	24.838289108212457	13.559781068331118	33.283156243898446	0.0
16.0	31.055419440577943	22.177853638258878	17.96990634309792	28.79682057806526	0.0
17.0	31.83389913775186	18.763502150896574	18.979536565241766	30.423062146109807	0.0
18.0	32.0612706350656	18.561324171290728	19.125658967947547	30.25174622569613	0.0
19.0	30.843793891831634	20.195753632590336	15.168387173980136	33.7920653015979	0.0
20.0	27.396690831449067	20.456506540867032	21.02713971695083	31.11966291073307	0.0
21.0	33.116249189083646	21.90702332289902	16.727865920098758	28.248861567918578	0.0
22.0	36.14451001757248	24.022648972419397	14.073098991629454	25.759742018378674	0.0
23.0	30.03130294575206	13.331149895131983	21.01517279603958	35.62237436307638	0.0
24.0	30.939529259121628	25.786825049914658	16.994287369859734	26.27935832110398	0.0
25.0	29.053164620743082	26.235899503057862	14.760882025054952	29.950053851144098	0.0
26.0	27.821201604827078	15.887032266597803	24.63359177683582	31.658174351739298	0.0
27.0	21.90702332289902	22.003388528131712	23.20574916074094	32.883838988228334	0.0
28.0	32.034817441472306	22.7182545930932	14.481233978497333	30.76569398693716	0.0
29.0	31.5870026642145	18.039818354737324	13.755660668509991	36.61751831253818	0.0
30.0	22.802123241414566	21.948787215107583	14.224581379349521	41.02450816412833	0.0
31.0	31.36220776182075	17.749615829712965	21.407928768821183	29.480247639645107	0.0
32.0	36.078222357584295	12.118501034250833	21.88550906714382	29.91776754102105	0.0
33.0	28.938787464609977	18.909173744671158	23.95522145204855	28.19681733867031	0.0
34.0	36.05483807433668	12.388509045890661	18.648180974086266	32.90847190568639	0.0
35.0	26.991676575505352	20.537979720430307	19.853567650060388	32.61677605400395	0.0
