# Position (bp)	A	C	G	T	N
0.0	27.261734903629904	23.036927764745712	24.717660999733983	24.9836763318904	0.0
1.0	26.420181012901985	20.371172732524553	15.424610051993067	37.784036202580396	0.0
2.0	27.42299203531331	20.118030899145957	17.94453507340946	34.514441992131275	0.0
3.0	24.497061212787308	21.22616715248244	15.70220289578057	38.57456873894968	0.0
4.0	33.067217905766626	15.976429776415522	14.783662413571887	36.17268990424597	0.0
5.0	34.705882352941174	14.80550284629981	21.503795066413662	28.977703984819737	0.007115749525616698
6.0	31.453157135765114	17.18871894281459	21.61178222737051	29.74161367343562	0.004728020614169878
7.0	34.931781228644816	17.98194971369324	19.692720974621203	27.39119164879704	0.0023564342437024295
8.0	25.888635347808698	25.436966289491636	21.190806652708837	27.481239266978758	0.002352443012068033
9.0	27.9231004253919	19.097981151143387	17.043878822063974	35.93503960140074	0.0
10.0	26.710640595291192	17.654515152226473	24.412572474824536	31.222271777657802	0.0
11.0	27.319200825438518	19.207860425851234	20.689897758184035	32.78069599474721	0.002344995779007598
12.0	26.90613430807442	20.84212006185857	20.30085758470406	31.948544917756223	0.0023431276067294626
13.0	26.600650794765553	21.501978135168667	18.936254886813213	32.96111618325257	0.0
14.0	30.36964206287895	19.804761570334996	19.783692675047405	30.041903691738653	0.0
15.0	29.950605145492425	17.964744715218767	19.125874944401527	32.956434206522	0.0023409883652878243
16.0	30.336868225764917	17.946016808296463	18.89645808460332	32.81831589297001	0.0023409883652878243
17.0	29.941241192031278	18.093499075309598	21.373223775077836	30.587353980850718	0.004681976730575649
18.0	32.15581618559356	17.96942669194934	18.27609616780205	31.59397897792448	0.004681976730575649
19.0	30.73249525949856	18.482103143947377	20.3033920921413	30.482009504412762	0.0
20.0	29.992742936067607	17.140716810637453	20.9377999391343	31.928740314160635	0.0
21.0	28.501533347379265	18.091158086944308	19.697076105531757	33.710232460144674	0.0
22.0	28.592831893625487	19.516820001404593	19.797738605239132	32.092609499730784	0.0
23.0	29.255331601001945	17.65807523936606	19.921810988599386	33.164782171032606	0.0
24.0	30.491373457873916	17.53166186764052	19.46765924573355	32.509305428752015	0.0
25.0	28.857363578903012	17.931970878104735	18.901140061333894	34.309525481658355	0.0
26.0	30.21513683076995	17.707235995037106	21.51134208862982	30.566285085563127	0.0
27.0	29.339607182152307	18.41187349298874	20.216775522625653	32.0317438022333	0.0
28.0	29.63223072781328	17.323313903129904	21.197649647681253	31.846805721375564	0.0
29.0	29.728211250790082	18.102863028770745	19.170353723341996	32.99623100873188	0.0023409883652878243
30.0	29.66500456492731	18.011564482524523	19.516820001404593	32.806610951143576	0.0
31.0	30.16129409836833	18.264391225975608	19.189081630264297	32.385233045391765	0.0
32.0	28.645004213877705	18.789212473078003	18.943721322221183	33.62206199082311	0.0
33.0	30.03090176982863	17.426725348815435	19.749040172300777	32.790991665886324	0.0023410431688360334
34.0	29.014282369468507	18.62795598220557	19.07984078670101	33.27792086162491	0.0
35.0	30.55763823805061	17.67572633552015	19.442361761949392	32.324273664479854	0.0
36.0	31.338911153296305	18.179474559985	18.446647448967635	32.034966837751064	0.0
37.0	28.050724297970092	20.130326754488774	19.185692185082743	32.633256762458394	0.0
38.0	30.68085904529682	18.21485510644284	18.87601988183438	32.22826596642596	0.0
39.0	31.306734219970444	17.903971102197826	19.076771515023573	31.712523162808154	0.0
40.0	28.984248456536537	19.674170755182047	19.176506490762694	32.16507429751872	0.0
41.0	29.538244624603454	17.640700270238515	20.751968041358243	32.06908706379979	0.0
42.0	28.792511406933535	18.947269391787007	20.39606754786208	31.859447763300246	0.004703890117126863
43.0	29.969865335718993	18.763537056219985	20.008946228458424	31.257651379602596	0.0
44.0	29.520243058008905	18.959466779716905	19.97220848347818	31.545726465531455	0.0023552132645611058
45.0	29.741511345696175	18.758688941775254	19.81432173236881	31.68547798015976	0.0
46.0	29.947419301596284	17.26203107684327	19.523236896088278	33.267312725472166	0.0
47.0	30.441242364927014	19.175530033252365	18.897247836238	31.485979765582623	0.0
48.0	29.888637221593058	18.568327670819176	18.931672329180824	32.61136277840694	0.0
49.0	27.419278700906347	19.703549848942597	20.491880664652566	32.38529078549849	0.0
50.0	29.7406462585034	18.861016628873774	18.38860544217687	33.00973167044596	0.0
51.0	30.995576791163042	17.628970835205905	18.894434325992858	32.481018047638194	0.0
52.0	28.294692968953512	18.777085750822934	20.80896109124494	32.119260188978615	0.0
53.0	30.88465367657517	18.54880766130944	19.271796330536198	31.29000142227279	0.004740909306404969
54.0	30.62594912680334	19.08694001518603	19.065584662110858	31.216780561883066	0.004745634016704632
55.0	29.17121823794823	18.872001899786277	18.252196627879364	33.69983376870102	0.0047494656851104254
56.0	30.57754951613287	18.153933946786506	20.874051881969706	30.39446465511092	0.0
57.0	27.634303667912313	19.97714992978364	18.887011163211387	33.50153523909266	0.0
58.0	30.50108413352713	17.33422287879149	21.992422978865353	30.17227000881603	0.0
59.0	27.441382933002245	21.543861324674086	21.574900912086335	29.43746716966716	0.002387660570173344
60.0	30.33957929499605	18.78335367458779	20.8725201617728	30.004546868643356	0.0
61.0	27.901898202586935	21.391375296969116	19.193203906793695	31.51352259365026	0.0
62.0	30.893428619552925	16.56199619817609	21.458649149402053	31.085926032868933	0.0
63.0	25.234435421500383	21.14994199535963	25.224767981438518	28.39085460170147	0.0
64.0	26.18412112976803	22.151315150926916	17.211006502960302	34.453557216344755	0.0
65.0	27.400068329347455	19.456781687734882	18.83205622529162	34.3062130899507	0.004880667675337986
66.0	27.40511915269197	18.66235167206041	18.42944003138178	35.498185740904184	0.004903402961655389
67.0	32.96898079763663	14.736582964057115	18.542589857213194	33.75184638109306	0.0
68.0	34.56562383148448	15.871868378412065	22.80693007603141	26.755577714072043	0.0
69.0	31.72069062252939	17.229858968146694	20.838540205554565	30.210910203769348	0.0
70.0	31.143992327716123	16.892725030826142	23.756678997122894	28.206603644334837	0.0
71.0	24.871456364647027	20.282101167315176	24.485825458588103	30.36061700944969	0.0
