# Position (bp)	A	C	G	T	N
0.0	36.36693255982596	17.929659173313993	20.449601160261057	25.253807106598984	0.0
1.0	23.875997099347355	28.308556925308192	22.443799854967367	25.371646120377083	0.0
2.0	29.580135440180587	24.90293453724605	16.451467268623023	29.06546275395034	0.0
3.0	33.273300315173344	18.973435389464203	20.26114362899595	27.492120666366503	0.0
4.0	33.96651062297443	18.194094346416996	17.0417716960749	30.797623334533668	0.0
5.0	27.303815694744422	23.28113750899928	17.566594672426206	31.848452123830096	0.0
6.0	27.527887729399065	25.989564591579708	18.675782655631522	27.80676502338971	0.0
7.0	35.275604711806494	18.919161945868176	17.579354374606602	28.22587896771873	0.0
8.0	34.35533177486064	18.12623628843733	17.76658874303183	29.7518431936702	0.0
9.0	27.494157828509795	23.21589070645335	18.27251483012763	31.017436634909224	0.0
10.0	25.59497081275258	16.326897171082173	19.82038616973507	38.257745846430176	0.0
11.0	25.428597073871284	17.404182748406786	19.52248451665021	37.644735661071714	0.0
12.0	26.462145676354503	16.926803013993542	19.53713670613563	37.07391460351633	0.0
13.0	27.831076840312026	22.89070205325921	19.81529633282525	29.462924773603515	0.0
14.0	25.625168055929016	18.060410504615938	27.292282871739715	29.022138567715334	0.0
15.0	30.80161218092253	19.14912673533363	19.077474249888045	30.971786833855795	0.0
16.0	25.022381378692927	19.104744852282902	19.059982094897045	36.81289167412712	0.0
17.0	27.485013867764156	22.474724881452985	18.42175896931198	31.618502281470878	0.0
18.0	25.01565155173956	19.586799034075664	18.567212235041588	36.83033717914319	0.0
19.0	26.41509433962264	25.976929267638383	18.66225520879907	28.94572118393991	0.0
20.0	26.76433803823477	17.714847239592636	19.117384313024836	36.40343040914776	0.0
21.0	26.432779860739153	17.85395465095519	20.764149259060883	34.94911622924477	0.0
22.0	27.880410531012938	17.634984381972334	25.211958946898704	29.27264614011602	0.0
23.0	26.075316794574334	19.10583615920043	18.918436551847226	35.90041049437801	0.0
24.0	34.388938447814446	16.503122212310437	18.305084745762713	30.8028545941124	0.0
25.0	28.442739921512665	17.249375668926152	23.00214056368177	31.305743845879412	0.0
26.0	33.936691930450294	17.039679001337493	17.788675880517165	31.23495318769505	0.0
27.0	26.82774607703281	18.197218259629103	15.986091298145508	38.98894436519258	0.0
28.0	26.88708671241422	23.233223420372514	15.898761251225382	33.980928615987885	0.0
29.0	28.85523385300668	15.438752783964366	16.792873051224944	38.91314031180401	0.0
30.0	26.950544545616857	17.54151044456347	22.99589359043028	32.512051419389394	0.0
31.0	29.869549678341674	14.867762687634023	17.53037884203002	37.73230879199428	0.0
32.0	28.240864826230677	17.359063700527116	17.13570981863665	37.26436165460555	0.0
33.0	28.784629133154603	23.762287756925826	16.872207327971402	30.58087578194817	0.0
34.0	27.916108879964302	16.82284694332887	19.69656403391343	35.5644801427934	0.0
35.0	26.69894208355747	23.265196342119417	17.348036578805807	32.6878249955173	0.0
36.0	27.925746569814365	15.469464622006996	17.953546767106086	38.65124204107255	0.0
37.0	35.6297093649085	18.254395407247937	17.545748116254035	28.570147111589524	0.0
38.0	33.84781048097631	18.996769562096194	16.04450825556353	31.110911701363964	0.0
39.0	36.28699551569507	17.98206278026906	15.713004484304932	30.01793721973094	0.0
40.0	27.2661999640998	23.640280021540118	18.802728415006282	30.290791599353796	0.0
41.0	28.322400934495462	15.74265432653428	26.336598077095875	29.59834666187438	0.0
42.0	35.49432739059968	17.58508914100486	18.161354222942553	28.75922924545291	0.0
43.0	34.43702634428004	18.937206784554313	17.610970768675568	29.014796102490077	0.0
44.0	30.044355933737666	23.60821942608853	16.013397302435052	30.33402733773875	0.0
45.0	32.333618966009716	16.22393601828049	18.870798819384937	32.57164619632486	0.0
46.0	30.080598733448475	17.8468624064479	18.2018806371138	33.87065822298983	0.0
47.0	30.31621700029011	17.377429648970118	19.54356445218064	32.76278889855913	0.0
48.0	27.896621817829832	17.742716097183234	18.158939115284095	36.201722969702836	0.0
49.0	28.74297888824327	18.070889018012785	19.426689908967653	33.7594421847763	0.0
50.0	27.490310077519382	21.17248062015504	18.856589147286822	32.48062015503876	0.0
51.0	29.89820649539506	18.85603490063015	18.099854580707706	33.145904023267086	0.0
52.0	29.08544273106391	17.505576568713025	19.435554262438174	33.973426437784894	0.0
53.0	28.996895615056268	20.062087698874663	20.13969732246799	30.80131936360109	0.0
54.0	27.496845578957586	22.78947879258468	18.56740755119868	31.146268077259048	0.0
55.0	29.814509080314654	18.79188113042634	18.18005244245897	33.21355734680004	0.0
56.0	27.884615384615387	19.61926961926962	19.337606837606838	33.15850815850816	0.0
57.0	29.72999222999223	17.900155400155402	19.65811965811966	32.71173271173271	0.0
58.0	30.755028665824508	18.763968516179187	18.598775629190555	31.88222718880575	0.0
59.0	28.592261326074276	19.473070192494653	20.309158078942254	31.62551040248882	0.0
60.0	30.24997568329929	17.02169049703336	19.47281392860617	33.255519891061184	0.0
61.0	30.08074715439245	17.589259655608522	20.751045821577975	31.57894736842105	0.0
62.0	29.013426736719204	19.692547188168906	20.996302782642537	30.297723292469353	0.0
63.0	31.41967500243262	18.55599883234407	19.626350102169894	30.397976063053424	0.0
64.0	28.021015761821367	17.824479470714145	21.677369137964583	32.477135629499905	0.0
65.0	30.33959326651747	18.91602607764912	20.13233433881483	30.61204631701859	0.0
66.0	28.593673965936738	17.61557177615572	20.8661800486618	32.92457420924574	0.0
67.0	28.70911214953271	18.759735202492212	19.6553738317757	32.87577881619937	0.0
68.0	26.76207165109034	19.889018691588785	20.385514018691588	32.96339563862929	0.0
69.0	27.198364008179958	20.858895705521473	20.77125328659071	31.17148699970786	0.0
70.0	26.641340346775767	20.329242158581724	20.212351451392948	32.81706604324956	0.0
71.0	28.87330801441231	18.716525464991722	19.349498490602784	33.06066802999318	0.0
72.0	28.265316061166846	18.78835102756404	21.44735560533749	31.498977305931625	0.0
73.0	28.542194503995322	18.00818553888131	21.00954979536153	32.44007016176184	0.0
74.0	29.318912598655366	17.772581116632562	21.601870798012275	31.306635486699797	0.0
75.0	29.130943102104446	18.56975837879969	21.88230709275136	30.416991426344502	0.0
76.0	29.09764178522705	19.703761450009743	18.709803157279286	32.48879360748392	0.0
77.0	28.33885747709105	19.68219925911484	19.068044453109767	32.910898810684344	0.0
78.0	29.311353882169332	18.532969176746	19.352321498244248	32.80335544284042	0.0
79.0	29.119484576337367	19.45529090199141	18.14720812182741	33.278016399843814	0.0
80.0	28.628677548626726	17.828169289414525	21.601016518424395	31.942136643534358	0.0
81.0	26.781350796598574	17.720652917603363	20.34014270354804	35.15785358225003	0.0
82.0	29.726295210166175	17.341153470185727	20.303030303030305	32.629521016617794	0.0
83.0	29.36344969199179	18.695609660702065	22.0788109905153	29.86212965679085	0.0
84.0	27.557207119108156	17.602190494817133	20.496772931742615	34.343829454332095	0.0
85.0	29.31051344743276	17.70171149144254	21.075794621026894	31.9119804400978	0.0
86.0	30.37949921752739	17.96752738654147	21.30281690140845	30.35015649452269	0.0
87.0	32.126785364899234	17.892780277832127	20.720015652514185	29.260418704754454	0.0
88.0	32.21167954612149	18.301868336104864	17.10848087645505	32.37797124131859	0.0
89.0	31.17111828588201	17.561882398982487	18.07063888073574	33.196360434399764	0.0
90.0	29.70539297249682	16.697660761475973	19.31095233434472	34.28599393168249	0.0
91.0	29.061000685400963	19.377264271027123	17.546264564770393	34.01547047880153	0.0
92.0	28.50288847547244	17.761676294918242	19.191226867717614	34.544208361891705	0.0
93.0	31.98864192695584	17.536473122490943	18.740820522863018	31.7340644276902	0.0
94.0	29.76889933411673	16.578535056795925	19.065804935370153	34.586760673717194	0.0
95.0	29.987268631867593	17.255900499461365	20.51708941337773	32.23974145529331	0.0
96.0	30.464159811985898	17.038777908343125	19.83940462201332	32.65765765765766	0.0
97.0	30.317273795534668	18.566392479435958	18.92871132001567	32.18762240501371	0.0
98.0	31.09696376101861	19.715964740450538	18.746327130264447	30.440744368266405	0.0
99.0	30.012733862278385	18.5718483690861	20.873738857870507	30.541678910765015	0.0
100.0	31.83830038359398	16.110947182059604	19.04199862299597	33.00875381135045	0.0
101.0	32.34655614762187	18.28498125123347	19.08427077165976	30.284191829484904	0.0
102.0	31.117047590778668	17.799544869892152	20.263183931928367	30.82022360740081	0.0
103.0	29.556063164167245	19.286920250273116	19.505412652696393	31.651603932863242	0.0
104.0	28.136540572911468	19.03383571214692	19.962072063080146	32.86755165186147	0.0
105.0	29.986975252980663	17.873960524997496	20.05811040977858	32.080953812243266	0.0
106.0	32.116641528406234	19.225741578682758	18.340874811463046	30.316742081447963	0.0
107.0	29.99596692881629	18.62270619076427	19.005847953216374	32.37547892720307	0.0
108.0	33.22884012539185	18.697542724239053	16.715542521994134	31.35807462837496	0.0
109.0	28.74835042127703	18.22150035529388	20.718708760531925	32.31144046289717	0.0
110.0	27.340328002444743	18.71243760823062	19.42548640114088	34.52174798818376	0.0
111.0	30.91243862520458	18.228314238952535	19.179623567921443	31.67962356792144	0.0
112.0	28.735750231077333	18.311594947108965	20.458046626270924	32.494608195542774	0.0
113.0	29.169243454957737	18.521954236239953	17.800453514739228	34.50834879406308	0.0
114.0	30.017578326956883	17.216420225416194	19.429221383517735	33.33678006410919	0.0
115.0	27.002905770029056	19.219593192195934	18.980904939809047	34.79659609796596	0.0
116.0	29.09716430358632	18.619683069224354	18.5884070058382	33.694745621351124	0.0
117.0	29.4382257558322	19.30118213202218	19.499947693273356	31.760644418872268	0.0
118.0	29.791032237740207	17.368476320487243	20.80226819279639	32.03822324897616	0.0
119.0	26.10754498579396	19.825318320530357	23.518888771966747	30.54824792170893	0.0
120.0	26.613840464870574	20.612783940834653	21.056524035921818	31.716851558372955	0.0
121.0	30.741487217566565	18.19242601039567	19.10469926805983	31.961387503977935	0.0
122.0	27.98765563477706	17.52687027774822	21.262104927104396	33.22336916037033	0.0
123.0	30.262876683051935	17.30070527890575	19.202821115622996	33.23359692241932	0.0
124.0	31.55183515775918	17.06374758531874	20.17600343421335	31.208413822708735	0.0
125.0	28.123315727066938	18.01228845531961	19.693866551686966	34.17052926592648	0.0
126.0	30.845771144278604	18.37551373566948	18.1808349556565	32.59788016439541	0.0
127.0	29.73295701259227	17.216673903603994	20.918367346938776	32.13200173686496	0.0
128.0	29.569482288828336	18.4850136239782	20.326975476839237	31.618528610354225	0.0
129.0	30.059068037628528	18.650185954933274	18.518923649092102	32.7718223583461	0.0
130.0	30.052724077328648	18.409490333919155	17.783391915641474	33.75439367311072	0.0
131.0	29.701657458563535	20.32044198895028	19.900552486187845	30.07734806629834	0.0
132.0	29.285634929452282	17.242528607932453	21.808687923564047	31.663148539051218	0.0
133.0	28.595355069227335	19.071013845466727	19.149173738276016	33.18445734702992	0.0
134.0	27.893674293405113	19.99775684163302	19.145356662180347	32.96321220278152	0.0
135.0	29.159635504556192	16.59354258071774	20.542243221959726	33.70457869276634	0.0
136.0	27.893309222423145	17.766726943942135	19.50723327305606	34.83273056057866	0.0
137.0	29.749347850742886	16.468186457978902	19.33764318929341	34.4448225019848	0.0
138.0	29.295229420471365	18.592735967209382	18.877376750540815	33.23465786177844	0.0
139.0	30.01599634369287	18.1672760511883	18.841407678244973	32.97531992687386	0.0
140.0	29.012984028495918	18.45340687119384	21.16511547742158	31.36849362288866	0.0
141.0	30.45585689555684	18.55741488747836	18.430467397576457	32.55626081938834	0.0
142.0	32.491894395553494	17.635479388605834	17.635479388605834	32.23714682723483	0.0
143.0	31.80179132255438	20.751424915668256	18.808886820984064	28.6378969407933	0.0
144.0	30.555880631948508	18.279695728496197	18.221181977764775	32.94324166179052	0.0
145.0	30.055222653037244	18.752203031371167	18.423217013276936	32.76935730231465	0.0
146.0	29.740259740259738	18.84297520661157	18.08736717827627	33.32939787485242	0.0
147.0	29.376854599406528	18.29080118694362	17.97032640949555	34.362017804154306	0.0
148.0	28.823459291929908	18.440815353439028	19.68053403266182	33.05519132196925	0.0
149.0	29.622075584883024	19.232153569286144	18.836232753449313	32.30953809238152	0.0
150.0	28.566256335988417	17.982138546946658	18.86314265025344	34.588462466811485	0.0
151.0	29.450230079922502	17.982562363768466	21.082586582707677	31.484620973601356	0.0
152.0	29.439765653606738	18.72330037837178	17.954351275479066	33.882582692542414	0.0
153.0	30.40648409677023	18.899668426869702	19.882107331450324	30.811740144909738	0.0
154.0	30.91470951792336	18.10877626699629	19.468479604449936	31.50803461063041	0.0
155.0	29.363500745897564	20.238687220288416	18.29935355544505	32.09845847836897	0.0
156.0	30.876842368223834	17.374469148138896	20.734449163127657	31.014239320509617	0.0
157.0	30.88512241054614	19.347143753923415	20.112994350282488	29.654739485247962	0.0
158.0	27.513561246373154	21.281695471174466	18.960514696606534	32.24422858584584	0.0
159.0	32.351821297118924	15.66188602614545	20.002538393197106	31.983754283538516	0.0
160.0	27.425729950274132	18.475073313782993	21.458625525946704	32.640571209996175	0.0
161.0	29.333333333333332	16.756410256410255	21.192307692307693	32.71794871794872	0.0
162.0	30.980291124565245	18.279015844390056	20.28854824165915	30.45214478938555	0.0
163.0	27.484773875858494	19.035894777763378	19.139562005960865	34.339769340417256	0.0
164.0	28.645969214714324	17.66240542655883	19.566918862509784	34.12470649621706	0.0
165.0	29.19287211740042	16.784591194968552	20.007861635220124	34.0146750524109	0.0
166.0	26.473302570863545	20.29004614370468	20.07910349373764	33.15754779169413	0.0
167.0	28.550609432962375	17.315845257021728	21.754107048224693	32.37943826179121	0.0
168.0	29.445481205011998	17.995201279658758	19.434817382031458	33.124500133297786	0.0
169.0	28.02949061662198	18.24396782841823	19.77211796246649	33.9544235924933	0.0
170.0	28.026936026936028	18.666666666666668	19.016835016835017	34.28956228956229	0.0
171.0	29.894108064078196	17.227803421124083	17.7572631007331	35.12082541406462	0.0
172.0	28.530456159519257	19.65310024583447	16.96257853045616	34.85386506419011	0.0
173.0	29.16952642415923	17.968428277282086	19.656829100892246	33.20521619766644	0.0
174.0	31.282758620689656	19.24137931034483	18.151724137931037	31.324137931034485	0.0
175.0	28.581334072944113	18.028012758285954	20.787685480515876	32.60296768825406	0.0
176.0	29.104373340785244	17.19994411066089	18.345675562386475	35.35000698616739	0.0
177.0	28.364709187974153	19.38746838999719	19.640348412475415	32.60747400955324	0.0
178.0	26.358887477057745	19.807990964280673	20.25977693067909	33.57334462798249	0.0
179.0	28.258394991462723	18.25554923164485	21.257825839499148	32.22822993739328	0.0
180.0	29.66040980083107	17.108468261928643	19.444046424989253	33.78707551225104	0.0
181.0	29.9364896073903	18.76443418013857	17.551963048498845	33.74711316397229	0.0
182.0	30.048111969674878	17.947222627205132	20.35282111094912	31.65184429217087	0.0
183.0	29.434239529757534	20.661278471711977	19.85304922850845	30.05143277002204	0.0
184.0	31.729345572993783	19.706840390879478	17.026946994373702	31.536867041753037	0.0
185.0	28.272251308900525	20.523560209424083	20.284218399401645	30.919970082273746	0.0
186.0	30.11612124868044	19.09214296486201	20.11762931684512	30.67410646961243	0.0
187.0	30.598264576038968	21.281778048409194	16.730095905008373	31.38986147054346	0.0
188.0	29.56923076923077	18.076923076923077	18.76923076923077	33.58461538461538	0.0
189.0	30.620818422281005	18.07997510502567	20.00933561537265	31.28987085732068	0.0
190.0	32.27579707868698	17.527878121564317	18.124705512800375	32.07161928694833	0.0
191.0	28.845239980991604	19.578647235862505	18.45398384286393	33.12212894028196	0.0
192.0	30.957327792871986	19.00271695700815	18.363432955090296	31.676522295029567	0.0
193.0	30.665163472378804	17.89338057658238	18.908036720889033	32.53341923014978	0.0
194.0	29.13756699691408	19.13269449407179	20.724378755887606	31.00535975312652	0.0
195.0	29.89335520918786	20.131255127153405	19.34372436423298	30.63166529942576	0.0
196.0	30.019880715705767	19.81444665341286	17.892644135188867	32.273028495692515	0.0
197.0	28.791687615217025	20.64689123512653	20.361990950226243	30.1994301994302	0.0
198.0	27.73884806016066	21.500598188343872	18.66347632883268	32.09707742266279	0.0
199.0	28.801719505642126	21.85205086870858	18.395128067347304	30.951101558301986	0.0
200.0	24.936708860759495	19.09282700421941	21.877637130801688	34.09282700421941	0.0
201.0	31.047904191616766	18.622754491017965	18.982035928143713	31.347305389221557	0.0
202.0	30.90414272754763	19.443604475355304	20.74387662534019	28.908376171756878	0.0
203.0	29.634146341463413	19.664634146341463	19.54268292682927	31.158536585365855	0.0
204.0	30.911330049261082	17.91871921182266	22.629310344827587	28.54064039408867	0.0
205.0	29.024238657551276	17.743940335612184	23.057799875699192	30.17402113113735	0.0
206.0	29.149670536554755	21.179792908691557	20.14433636648886	29.526200188264827	0.0
207.0	28.774928774928775	19.879708768597656	20.48116492560937	30.864197530864196	0.0
208.0	28.102073365231263	17.22488038277512	22.51993620414673	32.15311004784689	0.0
209.0	26.376440460947503	19.014084507042252	20.102432778489117	34.50704225352113	0.0
210.0	26.47723603487246	18.598643848886017	20.762027768808526	34.162092347432996	0.0
211.0	28.28711256117455	18.66231647634584	20.848287112561177	32.20228384991843	0.0
212.0	25.470141867370504	18.244803695150118	23.589574397888484	32.6954800395909	0.0
213.0	29.315525876460768	21.168614357262104	17.92988313856427	31.585976627712853	0.0
214.0	29.4077834179357	21.962774957698816	19.120135363790187	29.509306260575297	0.0
215.0	25.70253598355038	19.22549691569568	20.973269362577106	34.09869773817683	0.0
216.0	30.72393488049879	18.150329061309318	20.956009698649115	30.169726359542775	0.0
217.0	25.342706502636204	18.38312829525483	25.166959578207383	31.107205623901578	0.0
218.0	25.55956678700361	20.252707581227437	19.422382671480147	34.765342960288805	0.0
219.0	22.716441620333597	21.445591739475773	24.741858617950754	31.09610802223987	0.0
220.0	12.870090634441086	26.223564954682782	21.75226586102719	39.15407854984894	0.0
