# Position (bp)	A	C	G	T	N
0.0	27.14256673835953	24.035910846536282	23.771140820009084	25.050256111670212	1.254834248944057E-4
1.0	26.467520276194996	20.195071464329708	15.484969334930804	37.85218892907566	2.4999546883212745E-4
2.0	28.165115902494925	19.82972733953639	18.225838595966767	33.778633085460186	6.850765417336173E-4
3.0	23.488179106628422	22.509077944229187	15.330576305043772	38.66993054425428	0.0022360998443426055
4.0	34.483950366478915	13.610322107529385	14.551572756315368	37.353039910712184	0.0011148589641473746
5.0	35.88623730901298	15.040400299037035	22.88956592016651	26.178478608896537	0.00531786288694409
6.0	32.65309147505142	17.490195351824745	20.37600439742331	29.480399967883987	3.0880781654345235E-4
7.0	35.75306380415354	16.553306735925265	20.287888962404825	27.405061572341328	6.789251750392542E-4
8.0	23.090789409557605	27.325350052530244	22.370048569653623	27.213750276840237	6.169141829187567E-5
9.0	28.97404195096984	18.304694895030078	16.33158717483065	36.388997659798164	6.783193712596083E-4
10.0	26.350835297185306	17.108782502186795	25.634417165925814	30.903499303739217	0.0024657309628617766
11.0	27.966396227740553	19.081349820125045	20.24496023524859	32.70704722842209	2.4648846372367654E-4
12.0	26.0621189336642	19.80999740642332	21.697763917988762	32.43005813677698	6.160514674037928E-5
13.0	26.88653563791523	21.850395155647966	18.961681727253914	32.30114112279388	2.463563890065925E-4
14.0	31.40545088146316	18.099557543925343	20.948669182786585	29.545829679046896	4.92712778013185E-4
15.0	29.614378344287978	18.879460282422965	19.768252544861497	31.73766247203855	2.463563890065925E-4
16.0	30.37857586298643	17.08038116260507	19.413252988302997	33.12748204061924	3.079454862582406E-4
17.0	29.96001635806423	18.336798746538694	20.6559362035495	31.04700233545857	2.463563890065925E-4
18.0	30.669522758403218	18.303540634022802	18.809618246139596	32.21731836143438	0.0
19.0	30.035832536781008	18.604403374097103	19.99477724455306	31.364617309985316	3.6953458350988877E-4
20.0	30.171266961637382	18.093952936075443	19.462955389785076	32.27139358882133	4.311236807615368E-4
21.0	29.822919027582063	17.678842420599334	19.571844913725993	32.92565456892559	7.390691670197775E-4
22.0	28.56834911656599	19.04267139013983	19.74638841533716	32.642529488859765	6.158909725164812E-5
23.0	29.78319405985475	17.638686329191263	20.666159993693274	31.910481478926673	0.001478138334039555
24.0	30.73844095822781	18.260305087752148	19.094406231831215	31.906355009410813	4.92712778013185E-4
25.0	29.14845682357926	18.196868317582947	19.416886745040845	33.23748016831068	3.079454862582406E-4
26.0	31.800668118526985	18.194404753692883	20.015040057548852	29.989271179258765	6.158909725164812E-4
27.0	29.07116250652844	18.458375624513444	20.208737768405285	32.26153933326107	1.8476729175494438E-4
28.0	29.961556085495523	18.297936026172902	19.84271376343874	31.89730141211482	4.92712778013185E-4
29.0	29.594354979272154	18.48661758827736	19.80093135204947	32.11791131276788	1.8476763314509618E-4
30.0	29.726348931442185	18.557904260619832	19.68272464842819	32.031913537323916	0.0011086221858703639
31.0	29.76414402895262	18.518087382623253	19.810016888208924	31.905411248212324	0.002340452002872597
32.0	28.704616172988846	18.53558397532391	20.324206268061758	32.435347216918494	2.4636670698868437E-4
33.0	29.474727404088675	18.785727880203776	19.746889083660136	31.99247085257863	1.8477946878366452E-4
34.0	29.806197444053247	17.962399938897743	19.500735444481947	32.72937367724705	0.001293495320010742
35.0	29.82689771666494	17.75091743345829	19.808845392088585	32.61315424241975	1.852153684304109E-4
36.0	30.633401700108724	17.475165562913908	19.06586685776416	32.825071661559754	4.942176534545814E-4
37.0	28.962001968143763	18.8206838063307	19.27655881436646	32.93945732639044	0.0012980847686442061
38.0	30.14245532381074	18.531007183697405	19.730578871281725	31.595711184805918	2.4743640420468683E-4
39.0	29.320300051297178	18.687164059266824	20.032909491464103	31.958759054446872	8.673435250327732E-4
40.0	29.599780108527884	18.881812064927683	20.00278595530283	31.513631903168154	0.0019899680734497215
41.0	29.78169205828206	18.76444124707428	20.554406500653215	30.898461015814494	9.99178175950281E-4
42.0	29.00731854260424	18.789916618966085	19.71052740351435	32.49179904882744	4.3838608788012774E-4
43.0	29.22598967567822	18.657587121271554	20.32472973185006	31.791254138358465	4.393328416989629E-4
44.0	29.51800258581224	19.08394834412432	20.484198373051207	30.913662043395362	1.886536168671426E-4
45.0	29.10635954896208	18.773990289543462	19.726829624767145	32.39193856973934	8.819669879756402E-4
46.0	30.137576592673348	17.74716594490375	19.15435127141314	32.96052764402451	3.7854698525180945E-4
47.0	29.180565196712234	17.99986230428101	20.50245041532945	32.31661677828652	5.053053907873985E-4
48.0	30.003066737907723	17.923660357195928	19.09932753077013	32.97299689848465	9.484756415647318E-4
49.0	29.44226271058727	17.557497938926367	20.20972928066947	32.79038342934791	1.266404689749847E-4
50.0	29.59847560627276	19.082151974742388	19.952635634607596	31.365848147127863	8.886372493884271E-4
51.0	29.965038685551427	18.597291151225683	19.337296082892784	32.100182930442465	1.9114988763572439E-4
52.0	29.838934677997337	17.99708201085287	20.03180352206409	32.13205180710556	1.2798198013719669E-4
53.0	31.099713547322523	17.67415590273717	19.657927439699076	31.568138854369206	6.425587202286482E-5
54.0	29.951478690924098	18.472400885957192	19.586746751006697	31.988406469937747	9.672021742704877E-4
55.0	28.638293578408923	18.537787230299127	18.79924086594065	34.02461364112675	6.468422455257923E-5
56.0	29.249263077337158	18.497553319475838	20.632342879008487	31.620646157138825	1.9456703969491888E-4
57.0	27.89310873690504	18.504315162858408	20.148821128701034	33.453624996750634	1.29974784891731E-4
58.0	30.424060804492616	18.27299508490072	22.268890052328747	29.033793586668022	2.6047160989687933E-4
59.0	29.388772265482	20.276376810553923	21.412057504438902	28.922467149502793	3.2627002237559815E-4
60.0	30.857278615222704	19.367601091150892	19.879143519851723	29.895584085113956	3.92688660722233E-4
61.0	28.90934795804942	21.06522784547344	19.733512375736776	30.289415388011342	0.0024964327290214246
62.0	30.429996401013	16.38067376998841	22.351492258876128	30.837309278452636	5.282916698309137E-4
63.0	26.263293541874077	20.146303727442017	25.99692425887798	27.593345553002035	1.3291880389026755E-4
64.0	26.045645795734494	19.426357283221893	18.58666012744795	35.940334529146185	0.0010022644494795242
65.0	27.552809686265924	19.24065039121023	18.966003743471433	34.23972997558547	8.062034669436423E-4
66.0	26.15563836242185	19.806199536050574	17.191371377546442	36.84355104219888	0.0032396817822569375
67.0	33.2725957159975	14.133058103996273	18.059009296449528	34.53262437366451	0.002712509892184513
68.0	34.08498595245128	15.453402666630032	22.951221690239528	27.508809770774228	0.001579919904930037
69.0	31.90686371716886	17.390984456031163	20.61021096437353	30.091520433210267	4.2042921618680505E-4
70.0	32.70024766679755	16.014074722885017	22.33954513878402	28.945603914343533	5.285571898879459E-4
71.0	25.37610056201337	19.836715926752063	26.27592994402666	28.510968570570867	2.849966370396829E-4
