# Position (bp)	A	C	G	T	N
0.0	78.3411303578202	4.602351751169554	6.182829687697559	10.873688203312682	0.0
1.0	7.687444683272221	76.55835124541662	7.346061448982172	8.408142622328993	0.0
2.0	10.209983653967058	74.1103985917264	6.953350936753426	8.726266817553125	0.0
3.0	77.43634767339772	6.1331995484761075	6.421673146870689	10.008779631255488	0.0
4.0	77.22772277227723	6.893094372728411	6.3792455194886575	9.499937335505702	0.0
5.0	10.134034824001002	74.52085682074409	5.69961167480897	9.645496680445948	0.0
6.0	10.090135202804207	74.76214321482223	5.508262393590386	9.639459188783176	0.0
7.0	78.44633475106329	6.104578433825369	6.204653490117589	9.244433324993745	0.0
8.0	77.1875	7.8625	5.45	9.5	0.0
9.0	8.4989376327959	74.25321834770654	6.636670416197974	10.611173603299589	0.0
10.0	9.495252373813093	5.084957521239381	6.071964017991005	79.34782608695652	0.0
11.0	8.311493822538376	7.79982528391364	5.977786097591413	77.91089479595658	0.0
12.0	8.718972184108768	6.523637270799551	6.112011974554073	78.6453785705376	0.0
13.0	8.925454998753429	73.1737721266517	6.207928197456993	11.69284467713787	0.0
14.0	10.666666666666668	5.345794392523365	75.35202492211837	8.635514018691588	0.0
15.0	75.0870646766169	5.920398009950248	7.935323383084578	11.057213930348258	0.0
16.0	8.08997141791972	6.772710326829874	7.580464769479309	77.5568534857711	0.0
17.0	8.72749844816884	74.51272501551831	6.405959031657356	10.353817504655494	0.0
18.0	8.412954460851223	7.110063283285767	7.345824543988087	77.13115771187492	0.0
19.0	9.611807019719707	74.04191988093761	5.940716854768697	10.40555624457398	0.0
20.0	8.174386920980927	7.703740401288085	6.242259103294526	77.87961357443646	0.0
21.0	8.274582560296846	6.740878169449598	8.113790970933827	76.87074829931973	0.0
22.0	9.391992090954028	5.635195254572417	74.75284231339594	10.219970341077607	0.0
23.0	9.496171894294887	6.408989874042974	7.792047419115831	76.3027908125463	0.0
24.0	76.9126357354393	6.293188548864759	6.33020730503455	10.463968410661401	0.0
25.0	9.507954125046245	5.907016894808238	73.64656554445678	10.93846343568874	0.0
26.0	76.5713581464136	5.743159970421494	5.730835592802563	11.954646290362337	0.0
27.0	8.599236170999138	7.638290008623875	5.617839103116915	78.14463471726008	0.0
28.0	8.964413249599804	73.68550671099618	5.270286910479005	12.07979312892501	0.0
29.0	10.256094557990643	6.426988426495937	6.205368135927111	77.11154887958631	0.0
30.0	10.220687954629515	6.485020342744422	71.90235482677845	11.391936875847614	0.0
31.0	9.962871287128714	5.606435643564357	6.287128712871287	78.14356435643565	0.0
32.0	8.64965774735532	6.4841319228375855	5.426260112009956	79.43995021779713	0.0
33.0	9.063707767111334	73.79379129784316	6.021693055728712	11.120807879316793	0.0
34.0	10.717858929464732	6.228114057028514	6.640820410205102	76.41320660330166	0.0
35.0	9.261576971214017	73.4918648310388	6.020025031289111	11.226533166458072	0.0
36.0	9.634634634634635	7.169669669669669	5.467967967967969	77.72772772772772	0.0
37.0	78.0870001253604	6.6441017926538795	5.967155572270277	9.301742509715432	0.0
38.0	77.44408142749435	7.4516210103040965	5.227444081427494	9.876853480774065	0.0
39.0	77.90624607264044	7.729043609400528	4.298102299861757	10.066608018097273	0.0
40.0	10.117468738158394	74.68738158393332	6.403940886699508	8.791208791208792	0.0
41.0	10.348360655737705	4.853995901639344	76.13985655737704	8.657786885245903	0.0
42.0	79.22928709055877	6.229929351316635	5.81888246628131	8.72190109184329	0.0
43.0	79.07787679194111	6.509104998062766	5.462998837659821	8.950019372336303	0.0
44.0	9.738315323525583	75.27665668532744	5.455018877750293	9.530009113396694	0.0
45.0	19.53146281667121	11.195859438845002	11.549986379733044	57.722691364750744	0.0
46.0	26.943426943426946	17.663817663817664	17.338217338217337	38.05453805453806	0.0
47.0	29.858429858429858	18.06091806091806	18.876018876018875	33.204633204633204	0.0
48.0	30.819245773732117	17.598612917208495	17.035110533159948	34.54703077589944	0.0
49.0	28.660159716060335	18.32298136645963	19.653948535936113	33.36291038154392	0.0
50.0	25.71556350626118	23.389982110912342	19.901610017889087	30.99284436493739	0.0
51.0	28.02690582959641	19.327354260089685	16.18834080717489	36.45739910313902	0.0
52.0	30.03151733453399	15.128320576316975	20.666366501575865	34.17379558757317	0.0
53.0	29.196750902527075	20.12635379061372	21.886281588447652	28.79061371841155	0.0
54.0	26.208766380478988	23.181201988251242	18.300948938093086	32.309082693176684	0.0
55.0	30.229357798165136	17.706422018348626	18.6697247706422	33.39449541284404	0.0
56.0	26.390804597701152	19.356321839080458	22.988505747126435	31.264367816091955	0.0
57.0	28.972823583602025	18.516812528788577	18.793182865039153	33.717181022570244	0.0
58.0	31.275909719023492	17.549516351911564	20.35928143712575	30.8152924919392	0.0
59.0	24.201758445164277	21.471540953262377	21.93428968070338	32.39241092086997	0.0
60.0	29.433611884865368	17.827298050139277	18.70937790157846	34.029712163416896	0.0
61.0	29.94376757263355	17.994376757263357	21.368322399250232	30.693533270852857	0.0
62.0	30.08474576271186	20.480225988700564	18.408662900188325	31.02636534839925	0.0
63.0	34.838403041825096	17.918250950570343	18.9638783269962	28.279467680608366	0.0
64.0	31.072631072631076	17.845117845117844	20.77922077922078	30.303030303030305	0.0
65.0	32.24254090471607	16.987487969201155	19.778633301251205	30.991337824831568	0.0
66.0	29.762481822588466	16.62627241880756	20.746485700436256	32.86476005816772	0.0
67.0	28.946090335114132	19.28120446818844	19.086935405536668	32.68576979116076	0.0
68.0	26.79006332196785	18.753044325377495	19.43497320993668	35.02191914271797	0.0
69.0	26.44909887968826	19.678519240136385	21.188504627374574	32.683877252800784	0.0
70.0	29.150390625	22.0703125	17.822265625	30.95703125	0.0
71.0	29.528535980148884	19.602977667493796	19.65260545905707	31.215880893300245	0.0
72.0	26.988071570576537	19.681908548707753	20.576540755467196	32.75347912524851	0.0
73.0	29.093640460691038	18.227341011517275	19.379068602904358	33.29994992488733	0.0
74.0	30.170682730923694	17.720883534136547	22.038152610441767	30.070281124497996	0.0
75.0	29.571788413098236	19.848866498740556	21.158690176322416	29.42065491183879	0.0
76.0	28.71536523929471	21.259445843828715	17.329974811083122	32.695214105793454	0.0
77.0	28.74432677760968	20.37317196167423	19.41502773575391	31.46747352496218	0.0
78.0	29.141414141414142	20.05050505050505	17.727272727272727	33.08080808080808	0.0
79.0	31.629554655870447	20.799595141700404	16.09311740890688	31.477732793522268	0.0
80.0	29.477422628107558	18.315575849822423	20.091324200913242	32.115677321156774	0.0
81.0	27.212614445574772	18.209562563580874	17.85350966429298	36.724313326551375	0.0
82.0	30.24439918533605	17.617107942973522	20.061099796334013	32.07739307535641	0.0
83.0	30.423685553854007	16.539050535987748	20.82695252679939	32.21031138335886	0.0
84.0	28.907048008171603	18.590398365679263	20.275791624106233	32.2267620020429	0.0
85.0	30.179028132992325	18.005115089514067	21.32992327365729	30.485933503836314	0.0
86.0	28.94467213114754	19.825819672131146	21.46516393442623	29.764344262295083	0.0
87.0	31.708568496664956	18.163160595177015	20.31811185223191	29.810159055926118	0.0
88.0	32.08418891170432	19.609856262833674	17.094455852156056	31.211498973305957	0.0
89.0	28.600823045267486	18.31275720164609	18.878600823045268	34.20781893004115	0.0
90.0	29.876160990712076	16.202270381836943	18.730650154798763	35.190918472652214	0.0
91.0	30.180878552971574	19.379844961240313	18.087855297157624	32.35142118863049	0.0
92.0	28.918779099844798	18.00310398344542	18.934299017071908	34.14381789963787	0.0
93.0	30.793157076205286	17.262830482115085	19.077242094349405	32.866770347330224	0.0
94.0	30.077922077922075	18.129870129870127	20.051948051948052	31.74025974025974	0.0
95.0	30.76923076923077	17.04781704781705	20.16632016632017	32.016632016632016	0.0
96.0	28.474752732951586	16.605934409161897	19.364914107235816	35.5543987506507	0.0
97.0	30.0	17.552083333333332	19.635416666666668	32.8125	0.0
98.0	30.709071949947862	18.769551616266945	17.778936392075078	32.74244004171011	0.0
99.0	30.48016701461378	18.841336116910227	19.363256784968684	31.315240083507305	0.0
100.0	31.827731092436974	17.1218487394958	19.06512605042017	31.985294117647058	0.0
101.0	30.99260823653643	19.535374868004222	18.90179514255544	30.570221752903908	0.0
102.0	29.98405103668261	19.298245614035086	18.28814460393408	32.42955874534822	0.0
103.0	30.11211959423385	19.273892151628402	19.113721302722904	31.50026695141484	0.0
104.0	27.903225806451616	20.376344086021504	20.806451612903228	30.913978494623656	0.0
105.0	29.757412398921833	18.921832884097036	19.568733153638814	31.75202156334232	0.0
106.0	31.65311653116531	19.4579945799458	18.9159891598916	29.972899728997287	0.0
107.0	30.951072017592086	20.010995052226498	19.791094007696536	29.24683892248488	0.0
108.0	32.15469613259668	20.0	15.745856353591158	32.09944751381216	0.0
109.0	29.03225806451613	19.799777530589544	19.46607341490545	31.70189098998888	0.0
110.0	25.674157303370787	19.550561797752806	21.34831460674157	33.42696629213483	0.0
111.0	30.634201585503963	18.96942242355606	18.23329558323896	32.16308040770102	0.0
112.0	27.34018264840183	21.17579908675799	19.748858447488583	31.7351598173516	0.0
113.0	30.57946069994263	17.900172117039588	19.27710843373494	32.243258749282845	0.0
114.0	30.89337175792507	17.521613832853024	19.193083573487034	32.391930835734875	0.0
115.0	27.48402091807089	19.930273097036608	18.535735037768738	34.04997094712377	0.0
116.0	28.311840562719816	19.050410316529895	18.347010550996483	34.290738569753806	0.0
117.0	30.465527401296406	19.092516205067767	18.856806128461994	31.585150265173834	0.0
118.0	29.970326409495552	15.845697329376854	22.077151335311573	32.10682492581603	0.0
119.0	25.668449197860966	20.14260249554367	25.965537730243614	28.223410576351753	0.0
120.0	25.97247157390784	20.825852782764812	21.424296828246558	31.77737881508079	0.0
121.0	28.83917775090689	20.133010882708586	20.253929866989118	30.773881499395404	0.0
122.0	27.189781021897808	19.22141119221411	20.559610705596107	33.02919708029197	0.0
123.0	31.779141104294478	18.03680981595092	18.343558282208587	31.84049079754601	0.0
124.0	30.65015479876161	19.442724458204335	18.823529411764707	31.08359133126935	0.0
125.0	26.650062266500623	19.05354919053549	19.489414694894148	34.80697384806974	0.0
126.0	29.589905362776026	20.56782334384858	17.665615141955836	32.17665615141956	0.0
127.0	29.089751750477404	18.77784850413749	22.406110757479315	29.72628898790579	0.0
128.0	31.946222791293216	16.261203585147246	19.97439180537772	31.818181818181817	0.0
129.0	28.92347600518807	19.58495460440986	18.74189364461738	32.74967574578469	0.0
130.0	29.607843137254903	20.19607843137255	18.235294117647058	31.960784313725487	0.0
131.0	32.142857142857146	20.37037037037037	18.78306878306878	28.703703703703702	0.0
132.0	28.78179384203481	19.812583668005352	20.816599732262382	30.589022757697453	0.0
133.0	29.034436191762325	21.471978392977718	19.783929777177583	29.709655638082378	0.0
134.0	26.083964211975225	22.161046111493462	19.408121128699243	32.34686854783207	0.0
135.0	28.04453723034099	16.910229645093946	19.90257480862909	35.142658315935975	0.0
136.0	27.068723702664798	18.653576437587656	20.126227208976157	34.15147265077139	0.0
137.0	27.208480565371023	17.102473498233213	20.141342756183743	35.54770318021202	0.0
138.0	29.864575908766927	15.965787598004278	20.527441197434072	33.64219529579472	0.0
139.0	29.640287769784173	17.697841726618705	19.71223021582734	32.94964028776978	0.0
140.0	28.934010152284262	17.331399564902103	21.972443799854968	31.762146482958663	0.0
141.0	31.32795304475422	17.608217168011738	20.029347028613355	31.03448275862069	0.0
142.0	33.210059171597635	16.86390532544379	18.34319526627219	31.582840236686387	0.0
143.0	32.958801498127336	21.198501872659175	18.05243445692884	27.790262172284645	0.0
144.0	33.206974981046244	19.332827899924183	17.437452615617893	30.022744503411676	0.0
145.0	31.03448275862069	20.383141762452105	17.77777777777778	30.804597701149426	0.0
146.0	29.347826086956523	20.108695652173914	19.487577639751553	31.05590062111801	0.0
147.0	29.156816390858943	19.858156028368796	18.360914105594954	32.62411347517731	0.0
148.0	28.617106314948042	20.543565147881697	19.984012789768187	30.85531574740208	0.0
149.0	29.67479674796748	20.975609756097562	16.991869918699187	32.35772357723577	0.0
150.0	31.203931203931205	18.181818181818183	19.24651924651925	31.367731367731366	0.0
151.0	28.66611433305717	19.552609776304887	22.36951118475559	29.411764705882355	0.0
152.0	28.114478114478114	19.94949494949495	16.58249158249158	35.35353535353536	0.0
153.0	31.709401709401707	20.085470085470085	16.923076923076923	31.28205128205128	0.0
154.0	32.01376936316696	17.125645438898452	19.62134251290878	31.23924268502582	0.0
155.0	29.105125977410946	20.243266724587315	17.636837532580365	33.01476976542137	0.0
156.0	31.551270815074496	17.177914110429448	17.879053461875547	33.391761612620506	0.0
157.0	30.912311780336584	19.397697077059345	20.194862710363154	29.495128432240918	0.0
158.0	27.638640429338103	22.361359570661897	19.32021466905188	30.67978533094812	0.0
159.0	33.45356176735798	16.23083859332732	20.018034265103697	30.297565374211	0.0
160.0	29.00274473924977	19.945105215004574	22.323879231473008	28.728270814272644	0.0
161.0	29.71216341689879	17.270194986072422	22.934076137418753	30.08356545961003	0.0
162.0	29.334582942830366	17.994376757263357	22.118088097469542	30.55295220243674	0.0
163.0	29.272898961284234	17.37488196411709	19.924457034938623	33.42776203966006	0.0
164.0	29.961832061068705	18.22519083969466	18.893129770992367	32.91984732824427	0.0
165.0	28.83495145631068	17.475728155339805	23.398058252427184	30.29126213592233	0.0
166.0	27.859237536656888	20.13685239491691	21.309872922776147	30.69403714565005	0.0
167.0	27.85433070866142	19.19291338582677	23.12992125984252	29.822834645669293	0.0
168.0	27.761194029850746	20.0	19.502487562189057	32.7363184079602	0.0
169.0	24.547283702213278	18.91348088531187	20.62374245472837	35.91549295774648	0.0
170.0	29.048582995951417	16.801619433198383	20.344129554655872	33.80566801619433	0.0
171.0	28.323108384458077	18.916155419222903	18.711656441717793	34.04907975460122	0.0
172.0	30.2713987473904	20.876826722338205	16.49269311064718	32.35908141962422	0.0
173.0	28.93347412882788	18.162618796198522	18.373812038014783	34.53009503695882	0.0
174.0	28.510182207931408	21.221864951768488	18.756698821007504	31.511254019292608	0.0
175.0	27.410617551462625	16.251354279523294	21.01841820151679	35.31960996749729	0.0
176.0	28.16281628162816	17.27172717271727	18.921892189218923	35.64356435643564	0.0
177.0	28.2560706401766	21.52317880794702	16.55629139072848	33.6644591611479	0.0
178.0	28.90625	20.647321428571427	19.53125	30.91517857142857	0.0
179.0	25.678733031674206	17.194570135746606	23.64253393665158	33.4841628959276	0.0
180.0	27.085714285714285	15.885714285714286	22.057142857142857	34.97142857142857	0.0
181.0	29.06574394463668	16.839677047289502	21.10726643598616	32.98731257208766	0.0
182.0	33.17811408614668	17.57857974388824	19.90686845168801	29.336437718277065	0.0
183.0	28.875739644970416	24.378698224852073	17.633136094674555	29.11242603550296	0.0
184.0	32.172869147659064	21.248499399759904	16.206482593037215	30.372148859543817	0.0
185.0	26.73992673992674	21.978021978021978	20.634920634920633	30.64713064713065	0.0
186.0	31.851851851851855	18.14814814814815	19.50617283950617	30.493827160493826	0.0
187.0	31.48614609571788	22.16624685138539	18.639798488664987	27.70780856423174	0.0
188.0	32.65044814340589	20.358514724711906	18.437900128040972	28.55313700384123	0.0
189.0	31.98433420365535	21.148825065274153	17.75456919060052	29.112271540469976	0.0
190.0	30.707610146862486	16.955941255006675	19.759679572763687	32.576769025367156	0.0
191.0	27.445652173913043	18.75	19.70108695652174	34.10326086956522	0.0
192.0	32.054794520547944	19.863013698630137	18.63013698630137	29.45205479452055	0.0
193.0	29.39521800281294	19.12798874824191	20.675105485232066	30.801687763713083	0.0
194.0	27.90368271954674	20.254957507082153	20.254957507082153	31.586402266288953	0.0
195.0	27.69010043041607	20.22955523672884	18.938307030129124	33.14203730272597	0.0
196.0	30.42212518195051	20.232896652110625	18.486171761280932	30.858806404657933	0.0
197.0	28.083209509658246	19.167904903417536	21.099554234769688	31.64933135215453	0.0
198.0	29.242424242424242	21.515151515151516	18.484848484848484	30.757575757575754	0.0
199.0	29.439252336448597	22.585669781931465	18.69158878504673	29.283489096573206	0.0
200.0	25.383304940374785	19.420783645655877	21.465076660988075	33.73083475298126	0.0
201.0	33.13953488372093	20.155038759689923	15.310077519379844	31.3953488372093	0.0
202.0	38.582677165354326	19.291338582677163	15.94488188976378	26.181102362204722	0.0
203.0	35.28225806451613	18.14516129032258	19.959677419354836	26.61290322580645	0.0
204.0	32.4435318275154	15.400410677618071	25.051334702258725	27.104722792607806	0.0
205.0	34.6072186836518	15.286624203821656	23.991507430997878	26.11464968152866	0.0
206.0	29.22077922077922	20.346320346320347	20.562770562770563	29.87012987012987	0.0
207.0	28.635346756152124	22.595078299776286	17.002237136465325	31.767337807606268	0.0
208.0	24.885844748858446	20.091324200913242	21.689497716894977	33.33333333333333	0.0
209.0	22.429906542056074	19.626168224299064	21.962616822429908	35.981308411214954	0.0
210.0	24.46043165467626	18.705035971223023	20.14388489208633	36.69064748201439	0.0
211.0	32.038834951456316	19.41747572815534	19.174757281553397	29.36893203883495	0.0
212.0	26.5	17.25	25.0	31.25	0.0
213.0	27.918781725888326	19.796954314720814	16.243654822335024	36.04060913705584	0.0
214.0	27.835051546391753	26.288659793814436	17.2680412371134	28.60824742268041	0.0
215.0	30.628272251308903	23.298429319371728	17.015706806282722	29.05759162303665	0.0
216.0	29.946524064171122	15.508021390374333	16.577540106951872	37.967914438502675	0.0
217.0	25.885558583106267	15.803814713896458	26.70299727520436	31.607629427792915	0.0
218.0	25.85227272727273	19.602272727272727	17.329545454545457	37.215909090909086	0.0
219.0	15.40983606557377	22.950819672131146	24.59016393442623	37.049180327868854	0.0
220.0	0.0	33.33333333333333	26.262626262626267	40.4040404040404	0.0
