# Position (bp)	A	C	G	T	N
0.0	27.221389522915125	23.924729510932547	23.489790968287632	25.36367537580307	4.1462206162527705E-4
1.0	27.48751234305215	19.989753717376125	15.11264713537901	37.40988022591401	2.065782787071505E-4
2.0	28.334105391021485	20.04838228179076	17.800767940047145	33.81633262304026	4.1176410034691124E-4
3.0	23.993905005986154	21.914665976667344	15.07627983579659	39.01309561213824	0.002053569411672899
4.0	34.664019485437095	13.839367951368278	14.484106678674499	37.011687168675934	8.187158441983749E-4
5.0	36.14729940195642	14.894269328090063	22.477527377969267	26.475998544746986	0.004905347237267558
6.0	32.738847263071314	17.615374724204862	20.13972939930237	29.505640406003096	4.0820741835341376E-4
7.0	35.7010652653379	16.730944062358585	20.301600955599675	27.26557435861895	8.153580848869302E-4
8.0	23.14710536444894	26.72387985231015	22.447554014121366	27.681257115160207	2.0365395933845049E-4
9.0	28.89147968194285	18.174345451733934	15.970204523443284	36.96335994661067	6.103962692580023E-4
10.0	27.134639199155718	16.878244584479678	24.920238886821572	31.06565727427453	0.0012200552685036632
11.0	28.554444096690148	18.57366994142824	19.74266633607427	33.129219625807345	0.0
12.0	26.60439756882374	19.5148210745279	21.379034354990736	32.50154386192999	2.031397276302532E-4
13.0	27.85194901711545	21.352991701168982	18.34819352703364	32.44666270033849	2.030543434339332E-4
14.0	31.789781899329718	18.37702724380126	20.387468298140632	29.44511339569809	6.091630303017997E-4
15.0	30.042702328424152	18.821310147234705	19.432097612283975	31.703889912057164	0.0
16.0	30.78669344276609	17.735172464206595	19.059289837739275	32.418641200944606	2.030543434339332E-4
17.0	30.374899234282072	18.32118729935693	20.33325278844377	30.9698484605435	8.122173737357329E-4
18.0	31.789781899329718	18.029804316529233	18.47713303511419	31.703280749026863	0.0
19.0	30.797252268624653	18.475305546023282	19.624187021172474	31.10284905549272	4.061086868678664E-4
20.0	30.35621823468615	18.342711059760923	19.601851043394745	31.69901660781475	2.030543434339332E-4
21.0	30.616736957311886	17.257182539763114	19.359810266021498	32.7662702369035	0.0
22.0	29.19088935771881	19.094012130466474	19.762873137737852	31.952225374076864	0.0
23.0	30.10686750094928	17.82898357087307	20.001665045616157	32.06085944781402	0.0016244347474714657
24.0	31.286410181957	17.971527719963696	18.52261720804339	32.21903878134905	4.061086868678664E-4
25.0	29.66603652135421	18.00442252359999	19.442859492485972	32.88668146255983	0.0
26.0	32.069996893268545	17.612324586429065	20.034356794909023	30.283118671049934	2.030543434339332E-4
27.0	29.29708677933475	18.090923673902847	19.97912601349499	32.632660478923974	2.030543434339332E-4
28.0	30.307891300948874	17.938429861983963	20.018518556121176	31.73516028094599	0.0
29.0	29.628674522162367	18.611758064810886	19.522862903798945	32.23629840054094	4.061086868678664E-4
30.0	30.171622576531647	18.372062801029898	19.403179038166325	32.05151113962914	0.0016244446429876786
31.0	31.0099619472297	18.1686748945122	19.382343027246108	31.436583454151894	0.002436676860098198
32.0	29.53804292647268	18.480313521635836	19.46839401384856	32.512437305825735	8.122322171908949E-4
33.0	29.862102435290076	18.38437905484022	19.34342808756729	32.40988736301112	2.0305929128246157E-4
34.0	30.038094619236567	18.211502300703817	19.60410837066308	32.145076331382576	0.001218378013962612
35.0	30.668512746694642	17.553821975264967	19.556656155396023	32.22060249708755	4.0662555682287186E-4
36.0	31.090626925900995	17.402110838335165	19.114497419928284	32.392154629382915	6.101864526403785E-4
37.0	29.586631915832996	18.873893944850344	19.347140075564752	32.191316767684164	0.0010172960677437798
38.0	31.16397226756991	18.395329617763085	19.044672336371743	31.395618666872938	4.071114223251761E-4
39.0	30.023919058232924	18.79418607967858	19.717127594117624	31.464359788273548	4.0747969732408084E-4
40.0	29.95762495532751	18.756113748915094	19.738806351151275	31.545412773778526	0.002042170827589728
41.0	29.9563232936291	18.08805371436294	20.531942558885742	31.42327090001044	4.0953311177591986E-4
42.0	29.134287941574694	18.3530956386165	19.737209206909284	32.774791777786895	6.154351126246256E-4
43.0	29.733338811734733	18.367573342098776	20.344112088092693	31.554770318021202	2.0544005259265344E-4
44.0	29.594378608763268	18.672077968828102	20.12329705457036	31.61024636783827	0.0
45.0	29.44959891258457	18.492446787696554	19.671098021851282	32.386444378082814	4.1189978478236243E-4
46.0	30.288792588041748	17.460530167775133	19.7794472368025	32.4710238447678	2.0616261282248985E-4
47.0	30.06379782773761	18.129972599121853	19.821068964378856	31.985160608761674	0.0
48.0	30.549745084961355	17.890926511370512	19.015071890377243	32.543843528214104	4.129850767842504E-4
49.0	29.40995303766908	18.030269206601186	19.990615801832192	32.56916195389754	0.0
50.0	30.144845320270473	18.54479728694529	19.619542938065994	31.689986293939103	8.28160779133661E-4
51.0	30.40916972081772	18.195126509338955	19.246861924686193	32.14863419749369	2.076476634446671E-4
52.0	30.00647939614528	18.119600069169117	19.756741384590704	32.11676246867077	4.1668142413377136E-4
53.0	31.323722423320323	17.720550739418663	19.487589971660494	31.46813686560052	0.0
54.0	30.39656993411457	18.34481718050596	19.318639038374492	31.939345169240053	6.286777649248101E-4
55.0	29.36173788814656	18.46001932854322	18.38942812723224	33.78860456321694	2.100928610445817E-4
56.0	29.45841062754123	18.250136339613025	20.48126304175256	31.81018999109318	0.0
57.0	28.473954960864422	18.786343570523137	19.58656123647761	33.15314023213484	0.0
58.0	31.124877716903278	17.76786600941923	21.952007978245756	29.1546144305675	6.338648642367104E-4
59.0	29.650997844672446	20.460579524811674	21.012326441084184	28.875884467667966	2.1172176372698056E-4
60.0	31.758651655814724	18.974093330247943	19.489339478639682	29.77791553529765	0.0
61.0	29.55154448131755	20.875525583733424	19.64437098223985	29.92728093755192	0.001278015157259765
62.0	31.50717472954319	16.55227761548586	21.556504339079538	30.38404331589141	0.0
63.0	26.6926651535576	20.50083335845611	25.29684357409569	27.50922723768589	4.3067620470901364E-4
64.0	26.43562235010724	20.08193971608949	18.27476425558439	35.20724082182116	4.3285639772577247E-4
65.0	27.87692240760479	19.453786082530293	18.509277588044636	34.15849122272737	0.0015226990929063974
66.0	27.12331880706877	19.370926781507205	16.954205113186845	36.5484896035947	0.003059694642474681
67.0	33.46933305210612	14.181321240563511	17.833100442054015	34.513169342719294	0.003075922557058364
68.0	34.64787793249836	15.41668981918807	23.036795839214076	26.897525088072193	0.0011113210273051577
69.0	31.95684963246318	16.89465458807709	20.429868159226583	30.71840046521348	2.271550196716247E-4
70.0	33.36132355389301	15.969848901771464	22.10240014101196	28.565937778474133	4.896248494403588E-4
71.0	26.174910761389686	19.969086573021404	25.49524729198997	28.360138339128316	6.170344706307018E-4
