# Position (bp)	A	C	G	T	N
0.0	31.215131794849565	14.886440331638815	25.856960638014627	28.030786187082434	0.010681048414560902
1.0	27.966087264767935	17.547843612570066	20.302285874389135	34.17697221873931	0.006811029533552834
2.0	29.904426870622014	19.167378282715774	19.185168683943466	31.738385188485434	0.004640974233311056
3.0	31.354398351729028	18.391575641324863	20.0755509048952	30.177238589695833	0.0012365123550768878
4.0	32.285733700688176	18.10607370983086	19.83345482400326	29.77458332818542	1.5443729228184188E-4
5.0	32.47858368410008	18.1839643020256	19.922728450989347	29.413952081764656	7.714811203140237E-4
6.0	28.209116513101	17.8995854728985	17.53947565173557	36.351822362264926	0.0
7.0	27.89749877164258	19.510936616757103	19.649714050714604	32.94169653487688	1.5402600883185135E-4
8.0	27.009942602737407	19.40999736935623	19.758442289675415	33.82161773823095	0.0
9.0	30.639437891910326	17.1417467256958	19.55534595639177	32.66346942600211	0.0
10.0	29.216397591747516	20.229474249338498	21.025424703761935	29.52824327951835	4.6017563370019557E-4
11.0	27.247127748727994	20.126824888809903	20.1311146893495	32.494473051626215	4.596214863852455E-4
12.0	28.404797284578997	19.19020954835313	19.997765715361318	32.407074418512124	1.5303319443020385E-4
13.0	29.213292511994958	18.282171642213097	20.95476687968965	31.54976896610229	0.0
14.0	28.92917348708803	18.780997288119032	20.388580782292152	31.901095746500207	1.5269600058635265E-4
15.0	29.000478998800975	18.624510704250273	20.79434476320069	31.580360438970366	3.050947776926902E-4
16.0	29.45215603746874	19.02573347332554	20.77329948325808	30.748658619654478	1.5238629315770304E-4
17.0	28.71505266651847	20.050580565004093	19.90273671004029	31.33163005843715	0.0
18.0	28.56141172748622	19.41323023009625	20.06543324045119	31.959924801966345	0.0
19.0	28.391846737144228	18.64174108160864	20.827822523023787	32.138589658223346	0.0
20.0	28.430615668919906	18.86443490735788	19.575967757622912	33.12898166609931	0.0
21.0	28.627450980392155	18.534539736080408	20.180200712598094	32.65735275125161	4.5581967773548784E-4
22.0	28.905801307276928	18.697068502891383	19.70441927671303	32.69210316001227	6.077531063780649E-4
23.0	28.83604433393533	18.272331389635262	18.801215735296577	34.09040854113283	0.0
24.0	29.042814579492614	18.00083217668873	18.695426369067324	34.260775017691344	1.5185705998657585E-4
25.0	30.302096177558568	17.896928319352742	19.081836569825008	32.71883522744529	3.0370581839606883E-4
26.0	29.059568174018157	18.401958372437	18.616686863901013	33.92163473073897	1.5185890485432176E-4
27.0	29.858740935977945	18.275619147101335	18.28761341414534	33.57772285044515	3.036523302279822E-4
28.0	30.177251620796593	17.747476020103797	18.60420989676387	33.47015168925637	9.107730793693201E-4
29.0	30.163299995447023	18.299464266743563	18.42542987661441	33.11165409539998	1.5176579502511724E-4
30.0	30.14265893918096	18.069170914456247	18.878856785483336	32.90916156375327	1.5179712617680724E-4
31.0	30.162699388738577	18.22882979724826	19.0449078249357	32.56310750366666	4.55485410802292E-4
32.0	30.095426746832022	18.45722202137	18.978560122496223	32.46863920426063	1.5190504112069463E-4
33.0	30.282933237243377	17.650600486227358	19.766404091729424	32.29960606157359	4.561232262508039E-4
34.0	30.246295828757937	18.590970065490296	19.567240860103848	31.594884882479445	6.08363168477054E-4
35.0	29.711459443007154	18.87916603256734	19.07304824227667	32.33602191447268	3.0436767615279255E-4
36.0	29.761377389080444	18.143082227753293	19.542240388494356	32.55284330067971	4.5669399219053274E-4
37.0	29.61768019732635	18.442400803922165	20.40759462833826	31.53201985444137	3.045159718627242E-4
38.0	30.241778259757034	18.176625766123628	19.23625242174268	32.34503893065591	3.046217207471761E-4
39.0	30.073240483841236	18.139780080477685	19.14369426402227	32.64282808521919	4.570864396165959E-4
40.0	30.13446174905453	18.20911766813054	19.687114628602963	31.968848653172223	4.5730103975013067E-4
41.0	30.787542910649773	17.971613013421823	19.510525023523652	31.73001404556497	3.0500683977838206E-4
42.0	30.36498822323379	18.199375160176224	19.364542780781292	32.07033109188318	7.627439255073773E-4
43.0	30.93283143518752	18.078102556352874	19.46427562878465	31.524332443410525	4.5793626443071657E-4
44.0	31.35017172841712	17.890145736263634	18.646239460731536	32.11206863638932	0.0013744381983864097
45.0	30.884844743842237	17.936773012640202	19.049990909077017	32.12609950511766	0.002291829322886666
46.0	30.135581146133823	18.048236864191075	19.740058427234246	32.075053466575554	0.0010700958653024474
47.0	30.012036565464694	18.968678929586858	19.376882147188688	31.64163764584968	7.647119100821148E-4
48.0	29.67696016530823	18.499368614395593	19.46045230168752	32.36199441319405	0.0012245054146098801
49.0	30.14844275237029	18.51162135382608	19.701399279303008	31.63792403737333	6.125771272889326E-4
50.0	29.15938777636797	19.052457046885248	19.57439179125062	32.21253746713006	0.0012259183660960017
51.0	29.835905663010752	18.004671757645287	19.829203239862395	32.32899235126219	0.0012269882193793587
52.0	29.352274576385668	18.462646104344678	20.42359897945712	31.760559272233802	9.210675787282513E-4
53.0	30.029343083635467	18.876205985374547	19.096202298285505	31.997480489153812	7.681435506667485E-4
54.0	28.716677533245583	18.62429110949821	19.976103777878926	32.681851172975435	0.0010764064018501888
55.0	29.211399195006887	19.24472252364571	19.801753130314996	31.7412016407699	9.235102625077921E-4
56.0	29.97238803440402	18.22482180112605	19.15410620129	32.64791354003273	7.704231472093733E-4
57.0	29.346374590211965	18.049948651207544	20.298501478783542	32.303633274017514	0.0015420057794376613
58.0	29.11505955082896	18.49642262715345	20.351036465425935	32.0357829922709	0.0016983643207623496
59.0	28.565929997634953	18.606599569344635	19.85466540736813	32.971877555373844	9.274702784420355E-4
60.0	29.154833008052822	18.351392721661515	20.066892737912642	32.42641721443286	4.6431794016179933E-4
61.0	29.221600508393138	18.337027450129423	20.714385355797695	31.725901700327046	0.0010849853526977388
62.0	29.222029939236855	18.60795741147438	19.618193246987065	32.55073296032159	0.0010864419801181117
63.0	29.120288201815868	17.777314986059263	19.750931713700464	33.350377192518934	0.0010879059054640851
64.0	28.37013273923244	18.55191018787611	20.569446950980453	32.50757665332844	9.334685825590729E-4
65.0	28.938861165942477	19.03494026020967	19.340299470139453	32.68512012613205	7.789775763514871E-4
66.0	28.977150399236162	18.442713745019297	19.916720491002753	32.66247928933155	9.360754102350485E-4
67.0	29.463724960239468	19.14317228105149	19.944788323995986	31.44737705481485	9.373798982005431E-4
68.0	29.65983585402364	18.43490393534269	19.50168072090335	32.40311023307978	4.692566505398798E-4
69.0	29.581655049890255	18.596242211746496	19.651543707435835	32.16977570143239	7.833294950188078E-4
70.0	30.195869851042268	18.76531704117911	20.391708322742804	30.64663409490996	4.7069012586253964E-4
71.0	30.226503964644202	19.12832815659363	19.368704840997893	31.276148819876166	3.142178881101522E-4
72.0	30.290056204880322	18.201915875203767	19.73102849266441	31.77652738178408	4.7204546741942184E-4
73.0	30.101416744954385	18.472065471649337	20.15220393056878	31.2743138528275	0.0
74.0	30.110307525445563	19.481979315168193	18.638609054784332	31.768946229225577	1.5787537633542832E-4
75.0	29.938637693536396	18.31443437554364	19.659344308962375	32.0872673214088	3.1630054878145213E-4
76.0	30.274246728575115	19.02821371249487	19.19346839959629	31.50391271763947	1.5844169424872494E-4
77.0	30.083473938004847	18.391725937554064	19.008534690333754	32.515630530604724	6.34903502603898E-4
78.0	29.764424674897143	17.964984152378893	19.65009597631047	32.620336163587524	1.5903282596560757E-4
79.0	29.916534675237344	18.1262209871153	20.085696165821602	31.87138882603583	1.593457899248844E-4
80.0	29.468507267799165	18.464168616771648	19.634710485232944	32.43197512379043	6.385064058155163E-4
81.0	29.373989085725533	18.17493876519271	20.030941376171302	32.41949082717785	6.399457326018753E-4
82.0	29.491214540300557	18.684433727058316	20.518164954040476	31.305064445944453	0.0011223326561926308
83.0	29.776166279232285	18.234745072461205	19.530709061145018	32.457094386726446	0.0012852004350403473
84.0	29.38325515939915	18.225395337903006	20.4704605579896	31.920083857847427	8.05086860821414E-4
85.0	30.0505894028514	18.15038042908205	20.304020526226612	31.49420279330961	8.068485303254021E-4
86.0	29.9017681093313	18.184950285572867	19.562590682123673	32.348911652764095	0.001779270208061388
87.0	30.522577454168054	17.1998929709481	19.53718043314333	32.73888965466914	0.001459487071377026
88.0	29.89510091701368	17.947105116877797	20.260443586267872	31.894749844780563	0.002600535060088613
89.0	29.46048623549679	18.260967353411424	19.117917893772685	33.158020832144935	0.0026076851741689226
90.0	30.05593694796377	17.58606658506812	19.654409998382192	32.70048158394873	0.00310488463719423
91.0	29.96541481739974	18.416814526104357	19.155865964805358	32.459283360939224	0.002621330751322543
92.0	29.69596193280404	17.91267942583732	19.39474998685525	32.99266522950733	0.003943424996056575
93.0	29.64979159559162	17.504816622249912	19.654620578719843	33.18928789804088	0.0014833053977483424
94.0	30.17355636863624	17.834395957071983	20.10358515698076	31.886644653994505	0.0018178633165098345
95.0	29.514615249455474	18.213448615388693	19.93986148914092	32.32958821364753	0.0024864323673819857
96.0	29.346570078991512	18.25666672762974	19.663417334905073	32.73251454384935	8.313146243206081E-4
97.0	30.381623873885143	18.37829452709431	19.64614848286204	31.591597902978563	0.0023352131799431876
98.0	29.618106087218347	18.498519596527323	19.485287967748953	32.39591174453422	0.002174603971161406
99.0	29.164421661488465	18.014425102430984	19.847524283822366	32.97245399627707	0.001174955981113422
100.0	29.278122373777094	18.688012718708055	19.812015069782795	32.22067093205966	0.0011789056723888502
101.0	29.54257422396458	18.4749657817807	19.801956775207422	32.17965832474358	8.448943037226044E-4
102.0	28.886250900919997	18.887522787976426	19.097299359816848	33.12773985670073	0.0011870945860007632
103.0	30.06862356410339	18.60612320252374	19.47000079972911	31.85508227851332	1.7015513043241523E-4
104.0	29.604781216648878	18.990480256136603	19.086446104589115	32.31726787620064	0.0010245464247598721
105.0	29.29575775231991	18.8699906603717	19.384955486817415	32.44895336183776	3.4273865320846224E-4
106.0	30.38765077027873	18.516792007541095	18.934097992940547	32.160943187213164	5.160420264626351E-4
107.0	29.952516619183285	18.341880341880344	18.87110420443754	32.834153500820165	3.45333678667012E-4
108.0	28.774910998103838	18.500435043348343	19.426332081933744	33.297628580441426	6.932961726584789E-4
109.0	29.664727215800873	18.0906410624364	19.41312042859255	32.83098946782512	5.218253450570094E-4
110.0	29.007133688999097	18.171610187990606	19.077073528512926	33.743658700568425	5.238939289425201E-4
111.0	29.122439066305887	17.71307722388913	19.534029751811044	33.63027859661798	1.7536137595550028E-4
112.0	28.980014329547917	18.05540641168052	20.073689788172665	32.89053739325455	3.5207734435100703E-4
113.0	29.16947268134809	18.393492520534725	18.975199249136985	33.46148203531955	3.535136606516317E-4
114.0	28.5473365795813	17.442221697552178	20.267806581374252	33.742635141492265	0.0
115.0	29.157941821694166	18.21676346418076	20.50622218816439	32.11907252596068	0.0
116.0	28.544273210546102	18.647371529828707	20.516565537238897	32.29125275197337	5.369704129302475E-4
117.0	28.329971632276646	18.28423811629688	20.676079429625396	32.70917151147113	5.393103299500599E-4
118.0	28.887617039254415	18.157559300490725	21.1669079971257	31.787554570173	3.610929561597042E-4
119.0	28.78341130816378	18.612954702063615	20.155586987270155	32.447865665687445	1.8133681500018134E-4
120.0	29.233549910538915	18.313467263802696	20.445046115275435	32.007572306784105	3.6440359884994225E-4
121.0	29.82263467135248	18.28729888528911	20.123734739077115	31.765782585616755	5.491186645434077E-4
122.0	30.000147122648794	18.153095828337293	19.661102978498025	32.18436674733892	0.001287323176966478
123.0	30.32368004228744	18.068639464457664	19.219715409964532	32.3875954378358	3.696454545622566E-4
124.0	29.981410533783244	17.83827350100376	19.63927892927646	32.5404799090769	5.571268596430303E-4
125.0	30.178863002323258	18.35692359368148	18.787799621187382	32.67585396120437	5.598216035156797E-4
126.0	29.905404543732583	17.903559144665035	19.155954975263402	33.03489379578334	1.8754055564515826E-4
127.0	29.33748532070144	18.770086841128048	19.895609688054304	31.99644115368448	3.769964317287737E-4
128.0	29.65959398405046	18.719298644592016	19.460300494253918	32.16023833348495	5.685436186664241E-4
129.0	28.790063995701864	18.847391494039577	19.957171081334938	32.404230308318674	0.0011431206049394241
130.0	28.77358580915295	18.87458507555312	20.471074522633376	31.880754592660555	0.0
131.0	28.47891891059215	19.153983609587772	19.73974058783659	32.62735689198349	0.0
132.0	28.198639671786452	18.572952585998262	20.46707312587005	32.76133461634523	0.0
133.0	28.518266809729575	18.525413464141128	20.64545778508238	32.310861941046916	0.0
134.0	28.0276721725045	18.94627156257284	20.06976803401828	32.95628823090438	0.0
135.0	28.451337981414245	17.82688098535638	20.57810095883907	33.14170999206057	0.00197008232974056
136.0	28.853969543549553	18.80076487897673	20.53204664572827	31.813218931745453	0.0
137.0	29.51757515836978	18.75540689770648	19.89758289247599	31.829235718813415	1.993326343402289E-4
138.0	29.721657817830987	18.09414733261259	20.653523454596147	31.528665614300415	0.0020057806598617212
139.0	29.207886823676617	18.884987184920586	21.547294706464047	30.357409537648078	0.0024217472906702185
140.0	28.934065822476313	19.15310173949247	20.01462270377855	31.896178803172315	0.0020309310803537884
141.0	29.612909952955462	18.132693805700548	19.17867314372402	33.07449638221181	0.0012267154081588843
142.0	30.265418622308825	18.210775185344463	21.495019414099552	30.02837524460531	4.115336418463868E-4
143.0	30.465846615320242	18.470006256033344	19.895014645746933	31.168303869211616	8.286136878695098E-4
144.0	30.788595503274518	18.153756309181162	19.055187085471157	32.00058399032245	0.0018771117507195593
145.0	27.93894702756804	18.783524360421964	19.724677083267625	33.550328331094	0.0025231976483797917
146.0	27.600929360105724	19.320032399710108	19.94202157138594	33.13467195293516	0.002344715863068594
147.0	27.76333691215655	19.03941197181568	19.612530807582466	33.582112259135776	0.0026080493095189455
148.0	29.08753301304297	18.88481264816434	19.698082764712776	32.32574070902552	0.0038308650543982838
149.0	29.475886579027822	21.11643992662794	16.49151635585448	32.909947263833686	0.00620987465606848
150.0	26.07814019152138	24.652384694271674	12.435571301093457	36.82424783239881	0.00965598071467576
