# Position (bp)	A	C	G	T	N
0.0	25.749307421380145	24.90707613492406	23.37853075884343	25.96508568485237	0.0
1.0	25.90870491278382	20.57828574610555	14.60679631924046	38.90621302187017	0.0
2.0	27.775807023767296	19.688528124978262	18.708483748235018	33.82718110301943	0.0
3.0	23.54458543368677	23.228228750217276	15.663479923518164	37.56370589257779	0.0
4.0	33.44686648501363	14.323944836790304	14.592948896179724	37.636239782016354	0.0
5.0	34.755262737248856	15.668327669245045	23.235271632994877	26.34113796051123	0.0
6.0	31.97006129512002	18.589378292354095	20.446995705171865	28.993564707354025	0.0
7.0	34.76949590693666	17.657850481577743	19.524398549012524	28.04825506247307	0.0
8.0	23.500962413747576	25.955291190960956	22.179293859313873	28.3644525359776	0.0
9.0	30.599467726581015	18.025029358422913	15.566565446699695	35.80893746829638	0.0
10.0	27.109882016148084	16.762322989480122	24.466015369863396	31.6617796245084	0.0
11.0	28.62046204620462	18.44293903074518	19.542122633315966	33.394476289734236	0.0
12.0	26.930078092432534	19.93858210821777	20.57151988438985	32.559819914959846	0.0
13.0	27.112179464912217	21.194394847817478	18.110449565440916	33.58297612182939	0.0
14.0	31.223036576470182	18.284761540866302	19.91385598666157	30.578345896001945	0.0
15.0	30.697677649723165	18.981722693453932	18.189080855025043	32.13151880179786	0.0
16.0	30.4862461794943	16.91719922200611	18.47110308419005	34.12545151430953	0.0
17.0	30.193016940205723	18.373768032394064	19.91498642144231	31.518228605957898	0.0
18.0	31.582456042887696	18.039776672870197	18.788366989805837	31.589400294436267	0.0
19.0	29.988336249271015	18.30931156099864	19.19172984531645	32.510622344413896	0.0
20.0	31.20418702798756	18.260634162594403	18.933251888049757	31.60192692136828	0.0
21.0	30.649851817405725	17.034404736290508	19.500412967885676	32.81533047841809	0.0
22.0	29.157962676364242	18.934562186396096	18.784656918197527	33.12281821904213	0.0
23.0	29.97654504323207	17.5932993768476	20.6597920974838	31.770363482436544	0.0
24.0	30.99009832289043	18.641797983582784	18.120693603114134	32.24741009041265	0.0
25.0	29.906814412889172	18.344307907938468	19.42673170460932	32.32214597456304	0.0
26.0	31.771505488253332	17.866311421950236	19.80003607954151	30.562147010254915	0.0
27.0	28.652702712078426	18.718822198941258	19.441071787862597	33.18740330111772	0.0
28.0	30.59332852306155	17.722845090747626	19.43234167730477	32.25148470888605	0.0
29.0	29.132066570931066	17.840815278847288	20.33132843555537	32.695789714666276	0.0
30.0	29.682177372916048	18.364472689177656	19.461345802951357	32.49200413495494	0.0
31.0	30.22833077782326	18.136027141598383	19.570813068485357	32.064829012093	0.0
32.0	29.986817456462916	18.047595920349686	18.9766183306737	32.988968292513704	0.0
33.0	31.07037288888272	18.34746527151362	19.530523598717718	31.051638240885943	0.0
34.0	30.89354733504035	18.153367890029212	19.188680947325327	31.764403827605108	0.0
35.0	30.207126253339347	18.569198209763034	19.30264025257607	31.921035284321547	0.0
36.0	30.24440342525641	17.974268940918492	18.77506835246277	33.00625928136233	0.0
37.0	28.914040651478455	19.299390019638732	19.145333546144077	32.64123578273874	0.0
38.0	30.811032147021265	17.65171284215202	19.069596357781357	32.46765865304536	0.0
39.0	29.21363131593559	19.200444197667963	19.816768461965577	31.769156024430874	0.0
40.0	30.781990685794796	18.26472609157349	18.708920676563878	32.24436254606784	0.0
41.0	30.62604108828429	18.08023320377568	20.23528595224875	31.058439755691282	0.0
42.0	30.944514624429114	18.942349070616487	19.040215444840847	31.072920860113552	0.0
43.0	30.396723473673248	18.565131373433758	18.529034049494985	32.509111103398006	0.0
44.0	30.133020452936034	18.671461697607576	19.768394451464196	31.427123397992197	0.0
45.0	30.413441177491578	19.13909813586975	18.9169299128684	31.530530773770266	0.0
46.0	30.74284682733099	17.712651100140945	18.597901782304707	32.94660029022336	0.0
47.0	29.519623975061272	18.724875549353275	20.20300903265224	31.552491442933217	0.0
48.0	31.128545145277194	18.49967021904398	19.127989724719686	31.243794910959146	0.0
49.0	29.605404767360316	18.124440185806236	18.9729275591754	33.29722748765805	0.0
50.0	30.25332629649176	17.99394461264965	20.138329490847475	31.61439960001111	0.0
51.0	29.86889435162424	19.197811202311016	19.52835298529228	31.404941460772466	0.0
52.0	30.4740014443642	19.09616132437087	18.709377256819064	31.720459974445863	0.0
53.0	31.424325956991783	18.489227115866658	19.01971267679959	31.06673425034197	0.0
54.0	30.95696139234792	17.860640196684425	19.294797446991744	31.887600963975913	0.0
55.0	30.78761104975446	17.5963936179819	18.53549771822709	33.08049761403655	0.0
56.0	29.86871353153654	18.384968046679635	19.97151986662962	31.77479855515421	0.0
57.0	28.697863117236782	18.77483535721233	19.19165254119543	33.33564898435546	0.0
58.0	29.68620830988753	18.225204760019174	18.938651883653236	33.14993504644006	0.0
59.0	29.141483611910026	18.59308351743015	19.72197907548664	32.543453795173185	0.0
60.0	30.296588090622983	18.79572312886888	18.913135607939584	31.99455317256855	0.0
61.0	29.973668304002555	17.93820736036906	19.166556661780135	32.92156767384825	0.0
62.0	30.100325153544727	18.485812744907317	18.990217602756857	32.42364449879109	0.0
63.0	29.811352207373652	18.735587475342427	18.933542633289807	32.51951768399411	0.0
64.0	28.512881782124573	19.3612247591395	18.895827400095857	33.23006605864007	0.0
65.0	30.40792216817234	17.95969423210563	20.328005559416262	31.30437804030577	0.0
66.0	30.213632446557142	18.16153782003169	20.304116976621355	31.320712756789813	0.0
67.0	29.34153375725355	17.895687827930086	19.414156155530073	33.34862225928629	0.0
68.0	29.45914764671541	18.77623641266576	19.29401462289066	32.47060131772817	0.0
69.0	30.216992410130946	17.993271984208626	19.20473185242848	32.58500375323195	0.0
70.0	29.473991492674244	18.583363451861327	19.206816981289442	32.73582807417498	0.0
71.0	30.67914063097315	17.43621110284765	20.172652269710092	31.711995996469106	0.0
72.0	30.423420167366345	19.06085796102199	19.199171508799243	31.31655036281242	0.0
73.0	30.382412633100724	17.15157496733298	18.653562790180434	33.81244960938586	0.0
74.0	29.905470216167373	18.29637867519288	20.60193229999305	31.196218808646698	0.0
75.0	29.737939663561797	18.566662032531628	19.014319477269567	32.681078826637005	0.0
76.0	29.138948553792254	18.42637582632995	18.68287698371322	33.75179863616458	0.0
77.0	29.310680421544365	18.04632538998415	21.09112143035898	31.551872758112502	0.0
78.0	30.731317344456034	17.794925269377824	18.196732707681612	33.27702467848454	0.0
79.0	30.17157476154723	17.574594699813687	19.0866494257668	33.16718111287228	0.0
80.0	31.37470279890435	17.66382558640731	19.570779049234577	31.390692565453758	0.0
81.0	30.395578420467185	18.02349833147942	18.742352614015573	32.83857063403782	0.0
82.0	30.224555061179085	17.81284760845384	19.018353726362626	32.94424360400445	0.0
83.0	30.002502815667626	18.395695157051684	19.8626232289103	31.73917879837039	0.0
84.0	31.210284077478207	17.51672066409889	18.804316086599833	32.46867917182307	0.0
85.0	29.74761871654036	17.099353403323367	19.007161232010013	34.14586664812626	0.0
86.0	30.136691047640234	17.7468921211447	19.76110354033985	32.35531329087521	0.0
87.0	29.50022944391139	18.583566253667627	20.36140892467287	31.554795377748114	0.0
88.0	29.59859825755627	18.330424625054757	18.733703701128487	33.33727341626049	0.0
89.0	30.728688638575996	17.88763732443332	19.67946043665693	31.704213600333752	0.0
90.0	31.03040669740017	17.5973633158806	18.779421069831802	32.592808916887435	0.0
91.0	30.116954998053068	17.626689659008736	19.67931245480336	32.57704288813484	0.0
92.0	28.892288436131008	18.194145052499827	20.15228426395939	32.76128224740978	0.0
93.0	29.717945508407396	18.709753689100292	19.83421649212111	31.738084310371207	0.0
94.0	30.700918656161114	17.103972961883766	19.470503557097853	32.72460482485726	0.0
95.0	30.56059752560973	18.32843045210824	20.604619140013767	30.50635288226826	0.0
96.0	30.212390119060867	18.797290530766663	19.44614443084455	31.544174919327915	0.0
97.0	30.05487283273175	18.731874230632812	19.406483200845695	31.806769735789747	0.0
98.0	29.410619148965765	18.175242387569725	20.788298627050036	31.62583983641447	0.0
99.0	29.873273331756785	18.63062862548166	19.053514543658796	32.44258349910275	0.0
100.0	29.69364145736348	18.55085997825663	19.60388035569927	32.151618208680624	0.0
101.0	30.427222703276446	18.375185050696906	20.86464065249574	30.332951593530904	0.0
102.0	30.097909536906787	17.78818226990559	19.770867888611278	32.34304030457634	0.0
103.0	29.86869899015418	17.577913920994828	19.627781637508157	32.92560545134284	0.0
104.0	29.806515162175472	17.844930697248998	19.769928938295926	32.5786252022796	0.0
105.0	30.86863898647028	18.339188216870532	19.382486138739576	31.40968665791961	0.0
106.0	29.841236165623563	17.99936353028535	19.437077896821187	32.7223224072699	0.0
107.0	30.223338085207484	18.457130293552346	19.837301502868858	31.482230118371312	0.0
108.0	29.551432430511127	19.766830169901187	19.682945901755883	30.998791497831807	0.0
109.0	29.084429238390534	18.40764104208988	19.946541216721908	32.561388502797676	0.0
110.0	29.327723288591084	17.896661832884483	21.042668247765864	31.73294663075857	0.0
111.0	29.62390188371244	18.835692448682977	19.32756262932176	32.21284303828283	0.0
112.0	28.4716288887772	17.91224807759964	19.03158408661751	34.58453894700565	0.0
113.0	30.67768666441083	17.197388030151405	20.027501997854554	32.097423307583206	0.0
114.0	30.10024266235267	18.650335105153687	18.87566443263231	32.37375779986134	0.0
115.0	30.124680330066	16.940876457079103	20.59724848405816	32.33719472879674	0.0
116.0	30.52285872060918	18.085709303339435	20.32362600633592	31.06780596971547	0.0
117.0	30.42280215774894	18.561014725178598	18.677649803178305	32.33853331389415	0.0
118.0	30.012499725883202	17.696249351256917	20.09312661272048	32.1981243101394	0.0
119.0	30.66110369707724	17.796125474783324	19.034595022657612	32.50817580548182	0.0
120.0	30.31903157956668	17.77398620324474	19.728036242222778	32.1789459749658	0.0
121.0	29.78517928756782	17.61102264685067	19.29110639301722	33.312691672564284	0.0
122.0	30.14519968653428	17.727817125282787	19.637444367228046	32.48953882095489	0.0
123.0	29.022786086621238	18.366045542513515	19.313673876452402	33.29749449441285	0.0
124.0	29.572937053049863	17.94572230118393	19.151976068401506	33.32936457736469	0.0
125.0	29.246198882815065	18.299130746482657	20.62311437703498	31.831555993667294	0.0
126.0	30.29989581225218	18.331796751441015	19.287475733249384	32.08083170305742	0.0
127.0	30.310668362087778	17.468605867260564	18.59721459366324	33.623511176988416	0.0
128.0	29.277394207671737	17.670831381909927	21.402456527322443	31.64931788309589	0.0
129.0	30.025626639574206	17.507240662956615	19.320818232823328	33.146314464645855	0.0
130.0	29.97511775314072	17.906847563898676	19.879926038091906	32.2381086448687	0.0
131.0	29.926856828731978	17.732256291228925	20.353347178108965	31.987539701930125	0.0
132.0	30.33952319666605	17.723080223080224	18.98939756082613	32.94799901942759	0.0
133.0	29.536737407666468	17.72803787884611	19.86026026333792	32.874964450149506	0.0
134.0	30.285917079417985	17.29543736209477	20.615192334398	31.803453224089246	0.0
135.0	29.04247983699147	18.749079977996946	20.390786609128167	31.817653575883416	0.0
136.0	27.934891758716518	18.644278897425718	20.099172524384453	33.32165681947331	0.0
137.0	31.003895433425633	18.15522285320943	22.27984543420785	28.561036279157086	0.0
138.0	30.77430812025585	20.04133205513036	19.312127736480647	29.872232088133146	0.0
139.0	31.031870057299805	18.680841659958013	19.85682941074332	30.430458871998862	0.0
140.0	29.34574995046562	21.256191797107192	19.89934614622548	29.4987121062017	0.0
141.0	31.42127375155161	17.391546516439096	20.481237467774278	30.705942264235013	0.0
142.0	26.14182788312539	20.37637586465805	24.66811508538748	28.81368116682908	0.0
143.0	27.898210748341874	19.54382503669129	18.464339276118984	34.09362493884785	0.0
144.0	28.150976222694762	19.778175140150783	18.26470777756299	33.806140859591466	0.0
145.0	27.366826763426666	19.329861420460528	16.743745292264332	36.55956652384848	0.0
146.0	33.1563171955431	14.557405356095654	20.027529810386394	32.25874763797485	0.0
147.0	34.37399711993417	16.459164780909276	22.40279777823493	26.764040320921623	0.0
148.0	31.900517056137524	16.908407198495837	20.90635911899006	30.28471662637658	0.0
149.0	33.28010191722814	17.054986856625067	23.0498012793483	26.615109946798487	0.0
150.0	28.624531090144366	17.410480845742867	25.75764465158577	28.207343412526996	0.0
