# Position (bp)	A	C	G	T	N
0.0	26.44926013115857	24.29796536068606	25.068311753825455	24.184462754329914	0.0
1.0	26.851185071542627	20.518279637225127	15.975244476449898	36.65529081478234	0.0
2.0	27.171237784678016	20.374274350160448	17.4685595006906	34.98385137029691	0.002076994174031342
3.0	24.66991252681961	21.444338999834955	15.515142762832152	38.36751114045222	0.003094570061066183
4.0	32.91615030879054	15.764192586978565	14.425588135888322	36.892020606519935	0.0020483618226323497
5.0	34.24992860348415	14.894333156541961	21.88099220758027	28.971686181714336	0.003059850679286851
6.0	30.533825138826963	17.369583721778607	22.214340723926878	29.882250415467553	0.0
7.0	33.27578373466606	17.949416931697712	20.38265434903327	28.392144984602957	0.0
8.0	25.09235492475716	25.97010418239469	20.919019578237457	28.0185213146107	0.0
9.0	27.584821518249935	19.158916052309113	16.96932564633093	36.283923585303626	0.0030131978063919966
10.0	27.16980375246939	16.50906027817611	24.76810300739062	31.552030164158	0.0010027978058784008
11.0	27.056125310471916	19.711962182517425	20.486138931175386	32.745773575835265	0.0
12.0	27.16776885136014	20.092443448420756	20.579672446049642	32.160115254169455	0.0
13.0	26.74858884060143	21.48359058894051	19.147809580898148	32.620010989559916	0.0
14.0	30.260252759878114	19.36959888106299	20.11289275188571	30.256256556271545	9.990509016434388E-4
15.0	29.68280133872821	18.63529646835506	19.37759128827614	32.30331185373895	9.990509016434388E-4
16.0	29.15730056446376	18.00989060392627	19.31664918327589	33.51615964833408	0.0
17.0	30.2093011638943	19.347619761226834	20.600429591887707	29.842649482991156	0.0
18.0	31.485089165292973	18.61131924671562	18.361556521304763	31.542035066686648	0.0
19.0	30.129377091762827	19.146810529996504	20.039962036065738	30.683850342174935	0.0
20.0	30.130376142664467	17.948948498926022	21.129926569758727	30.79074878865078	0.0
21.0	28.80663369798691	17.926969379089865	18.96897946950397	34.29741745341926	0.0
22.0	28.911534042659476	18.802137968929518	20.454568160247767	31.830760777261602	9.990509016434388E-4
23.0	29.505969329137322	17.520355662120984	20.28373045606674	32.68994455267496	0.0
24.0	30.372146460862183	18.365552724911336	19.111843748438982	32.1504570657875	0.0
25.0	28.53788900544483	17.871022528597834	19.858134771966633	33.73095559218742	0.0019981018032868775
26.0	30.56096708127279	17.33653029621859	21.14191518057845	30.960587441930166	0.0
27.0	28.83760427593786	18.7441930166342	20.682351765822467	31.73485189070383	9.990509016434388E-4
28.0	29.286178130775763	18.059843149008444	20.312702932214396	32.3412757880014	0.0
29.0	29.625152356784625	18.627490159250303	18.875257258177314	32.87210022578776	0.0
30.0	30.00159875297268	18.233777653430323	19.19203021643118	32.56959571534203	0.0029976618237774534
31.0	30.45159742972209	17.980952761649693	19.258097074959775	32.30535541187404	0.003997321794397753
32.0	28.817303175380555	19.74293110513638	19.114251731616875	32.32451449760622	9.994902599674167E-4
33.0	30.215280624743773	17.799398054175125	19.558239758421742	32.42708156265936	0.0
34.0	29.321089537756706	18.903860196660965	19.899168742310117	31.873880903079954	0.0020006201922596004
35.0	30.71058341369335	17.106637737062037	19.331605593056896	32.85117325618772	0.0
36.0	30.11414491879117	18.691607582843066	18.63327802081762	32.55996379544426	0.0010056821038869612
37.0	28.858330732758187	19.936176852532288	19.42478633339038	31.77969940706887	0.001006674250279352
38.0	31.2160935766865	18.18291822123626	19.5774931935061	31.02349500857114	0.0
39.0	30.81406507267897	18.503591017909635	19.35715223693647	31.325191672474922	0.0
40.0	29.013918640419895	20.269844976193134	19.532796621354098	31.18242454391326	0.0010152181196129988
41.0	29.781188999151738	18.166116487986347	20.329698406696167	31.721974102425214	0.0010220037405336904
42.0	27.85582444626743	19.512920426579164	20.196882690730106	32.434372436423295	0.0
43.0	29.30635183679351	18.489393019258284	20.600496124669334	31.603759019278872	0.0
44.0	28.706559524669135	19.359830003197757	20.14173277080346	31.791877701329646	0.0
45.0	29.544890359950355	19.10322714108399	19.94517997517584	31.405668183698797	0.0010343400910219282
46.0	29.931500461154233	17.598474563976083	20.08145330942931	32.388571665440374	0.0
47.0	29.98567513702043	19.78803354924431	18.933731938216244	31.29048330842053	0.002076067098488623
48.0	30.209156305875506	18.051686140795876	19.14840533909934	32.590752214229276	0.0
49.0	27.523814481286763	19.344125761282598	20.3279371193587	32.80412263807194	0.0
50.0	29.390276995011167	18.922078193165927	18.840670465693947	32.845930657315215	0.0010436888137432942
51.0	30.80970047580121	18.128654970760234	18.746986941667192	32.314657611771366	0.0
52.0	29.518065948870152	18.567985433572247	20.43509835496195	31.47779777504131	0.0010524875543346701
53.0	29.878474056853005	19.037303180809467	19.698827010461798	31.385395751875727	0.0
54.0	29.841455008218887	18.728458560899305	19.30431093907418	32.12471499019036	0.0010605016172649663
55.0	28.898443070439622	18.64271499568998	18.786382453414497	33.672459480455906	0.0
56.0	29.447558046437152	18.496930878035762	21.031224979983985	31.0242860955431	0.0
57.0	27.42411918318421	19.699045335844858	19.533156385119227	33.3426088445567	0.001070251295004067
58.0	30.33826071087351	17.821218855001987	22.083024701297866	29.757495732826637	0.0
59.0	27.73001508295626	21.529842706313296	21.075199310493428	29.66494290023702	0.0
60.0	30.596449447932457	18.644728296168	20.506603160857328	30.25113660965577	0.0010824853864472828
61.0	29.1087988157952	20.979363489921198	19.613391963080673	30.297357307675565	0.0010884235273629674
62.0	31.438339652414033	16.476363716057772	20.844199960551403	31.24000087663547	0.0010957943413180216
63.0	25.241495170096602	21.327836601162716	24.689979884612832	28.74068834412785	0.0
64.0	25.736506663101128	21.42777554931586	18.684538931229667	34.15117885635334	0.0
65.0	27.43662857271156	20.088012752868273	18.656682907115112	33.81530793237387	0.003367834931183906
66.0	27.73653236758714	18.974649162516975	18.464237211407877	34.81552738795835	0.009053870529651425
67.0	32.62494587388044	14.579867362519655	18.385788190250462	34.407119578841815	0.0022789945076232367
68.0	34.434295372717905	16.20301230623184	22.704592551430324	26.655784392039735	0.002315377580198891
69.0	31.594092606245095	16.860091797664627	20.967204927584486	30.57623249066565	0.0023781778401388855
70.0	31.647795835579863	16.79247220724537	23.9672392102493	27.59249274692547	0.0
71.0	25.206477206217077	20.75827534629642	24.539897249138324	29.49535019834818	0.0
