# Position (bp)	A	C	G	T	N
0.0	29.340610985759895	24.840138188014343	21.960753105953508	23.858497720272258	0.0
1.0	31.41109061800751	20.75160798045145	14.458716798831581	33.37858460270946	0.0
2.0	29.81772905569234	19.344873103099637	15.671369325681761	35.166028515526264	0.0
3.0	25.08296084809623	23.899276871592054	14.500011701106924	36.517750579204794	0.0
4.0	36.806855623783136	16.790849183765165	16.59427886775498	29.808016324696716	0.0
5.0	37.461798746671285	15.230892353197206	20.590534045331374	26.716774854800136	0.0
6.0	33.198706458814	18.58786860541846	17.318663215975512	30.894761719792026	0.0
7.0	38.73042021368701	15.168689189758375	17.90740229411682	28.193488302437792	0.0
8.0	24.12192234072923	28.80047922799365	20.232406857078676	26.84519157419844	0.0
9.0	32.72462642212311	15.916078941580047	14.541106436350193	36.81818819994665	0.0
10.0	27.864955048975794	15.281008250771025	25.030302746669037	31.82373395358415	0.0
11.0	33.82067325917155	19.31232654895005	14.171389527183553	32.69561066469484	0.0
12.0	29.72664348526046	21.34951351806699	18.27711920328346	30.646723793389086	0.0
13.0	29.304043018200364	21.562919733991023	16.458018410966087	32.675018836842526	0.0
14.0	33.88572471534138	20.014320680279113	18.78676694262836	27.313187661751147	0.0
15.0	30.940157340284635	19.010001076391	19.375038024682116	30.67480355864225	0.0
16.0	35.679085722843354	22.06648352419774	15.86272738759904	26.391703365359863	0.0
17.0	32.5584878110419	19.037612845556612	17.12116886702827	31.282730476373217	0.0
18.0	35.24197737706913	16.8150994257688	18.265419301094642	29.67750389606743	0.0
19.0	33.61054301586039	19.941781286708444	15.22344473200204	31.22423096542913	0.0
20.0	28.545889356364977	17.350018953841545	19.68578742681711	34.41830426297636	0.0
21.0	32.93616065369693	19.251019061480644	16.52260187104836	31.290218413774063	0.0
22.0	30.414597733962946	21.813765636919275	22.271933806633378	25.499702822484405	0.0
23.0	33.046139734271826	19.76300678126331	18.034229233843604	29.156624250621267	0.0
24.0	34.26760952278439	24.747165113699648	13.259733148630879	27.725492214885083	0.0
25.0	30.698203363019882	24.503807148172243	17.035993579093677	27.761995909714194	0.0
26.0	32.33759365771702	18.755879200849883	20.619907617572316	28.28661952386078	0.0
27.0	29.092508786626542	21.545603878751574	22.798429405130175	26.563457929491708	0.0
28.0	28.815923098882894	22.750225808112244	15.82996766147035	32.60388343153451	0.0
29.0	32.8434974283615	18.708143599919506	13.958919303434621	34.48943966828437	0.0
30.0	28.468754834807804	22.907026352925733	13.377590870945207	35.24662794132126	0.0
31.0	37.43588296967047	16.692760123556045	15.989412168483804	29.88194473828968	0.0
32.0	37.30249955247365	17.01495209112579	18.841330707845373	26.841217648555197	0.0
33.0	29.624122499749795	17.79210690609973	18.82389946098966	33.759871133160814	0.0
34.0	35.42892949962505	15.878249971750542	18.939977605884106	29.752842922740303	0.0
35.0	27.619620783857616	20.515403965270078	24.246030672689407	27.6189445781829	0.0
