# Position (bp)	A	C	G	T	N
0.0	62.72909030323226	8.597134288570476	11.029656781072976	17.644118627124293	0.0
1.0	15.028323892035989	58.03065644785072	13.095634788403865	13.84538487170943	0.0
2.0	15.755467196819087	56.32869449966865	13.58515573227303	14.330682571239231	0.0
3.0	59.18030077673112	12.675590811436127	10.64286894728144	17.501239464551315	0.0
4.0	63.908159894284765	10.835811034027088	9.29963660389825	15.95639246778989	0.0
5.0	14.483668756186077	56.46651270207852	10.788518640712635	18.261299901022767	0.0
6.0	17.480211081794195	56.44788918205804	10.438654353562004	15.633245382585754	0.0
7.0	58.76050766441404	11.34003626174386	9.625844733805835	20.27361134003626	0.0
8.0	57.825370675453044	14.316309719934104	10.082372322899506	17.775947281713343	0.0
9.0	17.361225498270468	52.24839400428265	8.680612749135234	21.709767748311645	0.0
10.0	16.600790513833992	7.872200263504611	9.667325428194994	65.8596837944664	0.0
11.0	14.269256089532586	11.175115207373272	12.870309414088215	61.685319289005925	0.0
12.0	17.4370784668531	9.902944563250534	10.429346932061193	62.23063003783517	0.0
13.0	17.11800426719186	54.70211718365338	10.438207779419004	17.741670769735762	0.0
14.0	16.65848469972181	10.456553755522828	58.10832924234987	14.776632302405499	0.0
15.0	59.377038486627534	10.339204174820612	11.464448793215915	18.819308545335943	0.0
16.0	12.465373961218837	10.070066807886588	16.245722665797622	61.21883656509696	0.0
17.0	21.69458448528216	52.36623841275004	11.140022767929745	14.799154334038056	0.0
18.0	15.68595578673602	11.134590377113133	12.109882964889467	61.069570871261384	0.0
19.0	14.619503488560767	53.96722375466494	15.333441505760181	16.079831251014117	0.0
20.0	17.838626053143226	12.524303305249514	11.114711600777706	58.52235904082955	0.0
21.0	19.163031184359347	10.631766036516401	12.506059137178866	57.69914364194538	0.0
22.0	14.530190506942203	9.71908298353245	57.49112043913465	18.259606070390703	0.0
23.0	14.361787961917058	10.166209456188477	12.280135549459416	63.19186703243504	0.0
24.0	59.52265763586519	8.401870666021608	10.933720367682632	21.141751330430576	0.0
25.0	13.590198291149443	10.365951958729646	56.87570530388521	19.168144446235694	0.0
26.0	59.84531098936513	12.310667096358364	10.89268449887206	16.951337415404446	0.0
27.0	15.724182374738199	10.198163363943934	12.808119864668921	61.269534396648936	0.0
28.0	18.290130413782	51.18338431814523	10.336499758492996	20.189985509579778	0.0
29.0	16.74979887369268	7.433628318584071	13.049074818986323	62.767497988736935	0.0
30.0	19.695250445777273	8.818284973253364	52.60171826876318	18.88474631220619	0.0
31.0	15.77579203899269	10.17059301380991	13.614947197400488	60.43866774979691	0.0
32.0	18.65318767324311	9.97880319582586	8.560247839556498	62.80776129137453	0.0
33.0	15.173434160775933	56.879829031727766	10.93210586881473	17.01463093868157	0.0
34.0	15.863090340628599	11.189731775547145	8.57330919861774	64.37386868520652	0.0
35.0	18.83962419647272	51.95318938519862	10.367562221855941	18.83962419647272	0.0
36.0	15.801652892561984	9.322314049586778	13.008264462809919	61.86776859504132	0.0
37.0	57.89561447390362	10.205102551275639	13.990328497582125	17.90895447723862	0.0
38.0	60.738142952571806	14.746158984635937	8.71743486973948	15.798263193052772	0.0
39.0	64.34535738142952	9.83633934535738	9.218436873747494	16.599866399465597	0.0
40.0	15.407754010695188	58.62299465240641	10.093582887700535	15.87566844919786	0.0
41.0	17.514314584035027	9.245537217918491	55.742674301111485	17.497473896934995	0.0
42.0	65.17177187341345	8.681672025723474	8.580132002030801	17.56642409883229	0.0
43.0	59.18297288019224	12.701682114658427	12.118091314795743	15.997253690353588	0.0
44.0	20.310344827586206	55.94827586206896	9.431034482758621	14.310344827586208	0.0
45.0	26.13380105236783	10.899523928839889	20.596341768980206	42.37033324981208	0.0
46.0	29.244712990936556	12.598187311178247	20.030211480362535	38.12688821752266	0.0
47.0	35.19003931847969	16.8086500655308	20.70773263433814	27.293577981651374	0.0
48.0	29.129720853858785	21.970443349753694	17.04433497536946	31.85550082101806	0.0
49.0	29.555189456342667	22.504118616144975	15.189456342668864	32.75123558484349	0.0
50.0	27.570247933884296	24.49586776859504	22.14876033057851	25.785123966942148	0.0
51.0	32.869910625620655	16.550810989738494	20.026481297583583	30.552797087057264	0.0
52.0	27.430671566989645	19.378549949883062	22.08486468426328	31.105913798864016	0.0
53.0	32.97406534186595	21.72448635904345	21.252947120242503	24.0485011788481	0.0
54.0	29.39951405761888	23.63762582436654	19.05588337382853	27.906976744186046	0.0
55.0	29.951185495118548	17.08507670850767	22.97768479776848	29.9860529986053	0.0
56.0	29.95440196422308	15.783935461241668	22.237811294282707	32.02385128025254	0.0
57.0	32.06676136363637	17.933238636363637	18.146306818181817	31.853693181818183	0.0
58.0	29.5	22.464285714285715	17.035714285714285	31.0	0.0
59.0	25.01815541031227	22.9121278140886	21.750181554103122	30.319535221496007	0.0
60.0	30.450987700335446	13.827804696235557	20.350354081252327	35.370853522176674	0.0
61.0	31.03448275862069	17.953523238380807	18.065967016491754	32.94602698650675	0.0
62.0	30.757575757575754	18.484848484848484	23.106060606060606	27.65151515151515	0.0
63.0	31.077981651376145	20.45107033639144	19.38073394495413	29.090214067278286	0.0
64.0	30.11385944248135	17.74636827640361	22.143698468786805	29.996073812328227	0.0
65.0	27.55503144654088	20.95125786163522	22.79874213836478	28.69496855345912	0.0
66.0	31.610102604577744	14.167324388318864	20.836621941594316	33.385951065509076	0.0
67.0	29.513470044229994	19.581825492561318	20.989143546441497	29.91556091676719	0.0
68.0	29.397492923574603	19.288313788920338	19.086130206227253	32.2280630812778	0.0
69.0	27.328431372549016	17.075163398692812	21.895424836601308	33.700980392156865	0.0
70.0	29.09465020576132	17.078189300411523	18.641975308641975	35.18518518518518	0.0
71.0	26.798485485906603	23.306689103912497	20.109381573411863	29.785443836769037	0.0
72.0	29.910524073285043	18.61951427354069	19.30123561994035	32.168726033233916	0.0
73.0	29.819277108433734	13.855421686746988	24.225473321858864	32.09982788296041	0.0
74.0	30.480349344978166	16.2882096069869	23.886462882096072	29.344978165938862	0.0
75.0	28.540017590149517	22.427440633245382	18.997361477572557	30.035180299032543	0.0
76.0	28.400531679220204	19.760744350908286	19.53921134249003	32.29951262738148	0.0
77.0	30.54054054054054	19.414414414414413	18.333333333333332	31.71171171171171	0.0
78.0	29.080932784636488	20.210333790580705	16.872427983539097	33.83630544124372	0.0
79.0	28.071790151863784	19.32811780947998	21.675103543488262	30.92498849516797	0.0
80.0	28.170332241459988	16.144127281235377	22.835751052877868	32.84978942442677	0.0
81.0	27.711419015766843	17.725752508361204	16.674629718107976	37.88819875776397	0.0
82.0	30.281007751937985	18.410852713178294	21.124031007751938	30.18410852713178	0.0
83.0	27.183992191312832	19.277696437286483	21.669106881405565	31.869204489995116	0.0
84.0	27.454811919882754	17.97752808988764	18.71030776746458	35.85735222276502	0.0
85.0	35.78071463534019	15.95692608908468	20.75379344101811	27.508565834557025	0.0
86.0	33.512983831455166	16.560509554140125	21.950024497795198	27.976482116609507	0.0
87.0	35.61239547466798	17.560255779636005	19.478603049680277	27.34874569601574	0.0
88.0	36.64349553128103	16.63356504468719	18.073485600794438	28.649453823237337	0.0
89.0	32.52279635258359	15.906788247213779	18.99696048632219	32.57345491388045	0.0
90.0	31.813576494427558	15.7548125633232	21.12462006079027	31.30699088145897	0.0
91.0	29.582484725050918	19.602851323828922	16.64969450101833	34.164969450101836	0.0
92.0	29.01580826109128	17.950025497195305	16.31820499745028	36.71596124426313	0.0
93.0	28.97291773122126	16.096065406234032	21.30812468063362	33.62289218191109	0.0
94.0	31.49484536082474	16.391752577319586	20.876288659793815	31.237113402061855	0.0
95.0	33.57400722021661	16.503352243424445	21.50593089221248	28.416709644146465	0.0
96.0	29.052304505437597	18.125323666494044	20.45572242361471	32.36664940445365	0.0
97.0	33.22834645669291	16.22047244094488	19.10761154855643	31.443569553805773	0.0
98.0	32.02959830866808	20.507399577167018	17.60042283298097	29.862579281183933	0.0
99.0	29.92	18.026666666666667	18.826666666666668	33.22666666666667	0.0
100.0	30.303030303030305	14.06926406926407	17.803030303030305	37.82467532467532	0.0
101.0	32.392837764514375	19.913185024416713	20.184481823114485	27.509495387954424	0.0
102.0	29.22324823465508	15.5893536121673	22.0532319391635	33.13416621401412	0.0
103.0	27.44135297326787	15.821058374249864	19.803600654664486	36.93398799781779	0.0
104.0	26.89075630252101	17.647058823529413	21.792717086834735	33.66946778711485	0.0
105.0	27.51263335204941	18.0235822571589	18.75350926445817	35.71027512633352	0.0
106.0	31.380281690140844	19.323943661971832	17.859154929577464	31.43661971830986	0.0
107.0	31.040363843092667	19.61341671404207	18.76065946560546	30.58555997725981	0.0
108.0	32.97018348623853	18.577981651376145	17.144495412844037	31.30733944954128	0.0
109.0	28.761574074074076	19.675925925925927	20.37037037037037	31.192129629629626	0.0
110.0	26.144927536231883	20.753623188405797	19.47826086956522	33.6231884057971	0.0
111.0	27.732558139534884	18.197674418604652	20.058139534883722	34.01162790697674	0.0
112.0	26.122448979591837	19.300291545189506	21.690962099125365	32.886297376093296	0.0
113.0	29.439252336448597	20.385514018691588	17.873831775700936	32.30140186915888	0.0
114.0	28.51288056206089	17.740046838407494	20.081967213114755	33.66510538641686	0.0
115.0	28.023598820058996	19.469026548672566	18.820058997050147	33.68731563421829	0.0
116.0	30.846654825340437	17.821195973949084	18.53167554766134	32.80047365304914	0.0
117.0	31.175771971496435	18.052256532066508	18.171021377672208	32.60095011876484	0.0
118.0	28.205128205128204	17.59093619558736	21.288014311270125	32.91592128801431	0.0
119.0	24.880382775119617	20.095693779904305	26.555023923444978	28.4688995215311	0.0
120.0	26.22754491017964	22.51497005988024	21.437125748502993	29.820359281437124	0.0
121.0	30.066145520144318	18.46061334936861	18.701142513529764	32.77209861695731	0.0
122.0	31.125827814569533	17.760385310054183	20.891029500301023	30.222757375075254	0.0
123.0	32.831325301204814	17.951807228915662	18.373493975903614	30.843373493975907	0.0
124.0	29.425981873111784	18.91238670694864	19.939577039274926	31.722054380664655	0.0
125.0	28.16474863718958	19.32162325863113	19.079345850999392	33.434282253179894	0.0
126.0	31.920048455481524	17.383403997577226	18.291944276196244	32.404603270745	0.0
127.0	28.121212121212118	19.151515151515152	20.78787878787879	31.93939393939394	0.0
128.0	31.995133819951338	15.936739659367397	20.1338199513382	31.934306569343068	0.0
129.0	30.103595368677638	18.951858622790983	17.73308957952468	33.2114564290067	0.0
130.0	30.628431970713848	19.219035997559487	15.924344112263574	34.22818791946309	0.0
131.0	29.627367135003052	20.830788026878437	18.02076970067196	31.521075137446548	0.0
132.0	30.47735618115055	17.258261933904528	22.582619339045287	29.68176254589963	0.0
133.0	29.87730061349693	20.0	19.754601226993866	30.368098159509206	0.0
134.0	26.535626535626534	19.77886977886978	21.56019656019656	32.125307125307124	0.0
135.0	26.953846153846158	16.8	22.953846153846154	33.292307692307695	0.0
136.0	24.614435533621222	18.260333127698953	22.70203578038248	34.42319555829735	0.0
137.0	28.29721362229102	16.09907120743034	20.61919504643963	34.984520123839005	0.0
138.0	27.922885572139304	18.59452736318408	21.455223880597014	32.027363184079604	0.0
139.0	29.719626168224302	19.12772585669782	19.003115264797508	32.149532710280376	0.0
140.0	29.75	15.375	21.5625	33.3125	0.0
141.0	30.61991233562931	16.96931747025673	19.91233562930495	32.49843456480902	0.0
142.0	31.6781898177247	15.587680703959775	19.170333123821496	33.56379635449403	0.0
143.0	34.42622950819672	19.104665825977303	18.53720050441362	27.93190416141236	0.0
144.0	32.88804071246819	17.8117048346056	18.06615776081425	31.234096692111958	0.0
145.0	30.248883216336946	18.3152520740268	18.3152520740268	33.12061263560944	0.0
146.0	30.813581037796283	17.168481742472775	19.282511210762333	32.73542600896861	0.0
147.0	30.872913992297818	18.035943517329912	18.421052631578945	32.670089858793325	0.0
148.0	26.920593931568753	19.431891542930924	20.142027114267268	33.505487411233055	0.0
149.0	30.42071197411003	19.676375404530745	17.475728155339805	32.42718446601941	0.0
150.0	28.173575129533678	20.72538860103627	18.393782383419687	32.70725388601036	0.0
151.0	28.14526588845655	18.93644617380026	19.974059662775616	32.94422827496757	0.0
152.0	29.20469361147327	18.31812255541069	17.861799217731424	34.61538461538461	0.0
153.0	30.54283845650752	18.639633747547414	19.48986265533028	31.32766514061478	0.0
154.0	33.33333333333333	15.157480314960631	20.341207349081365	31.167979002624673	0.0
155.0	31.513157894736842	20.19736842105263	17.5	30.789473684210527	0.0
156.0	30.02645502645503	15.939153439153438	19.246031746031747	34.78835978835979	0.0
157.0	30.810092961487385	17.330677290836654	20.717131474103585	31.142098273572376	0.0
158.0	30.574098798397863	20.493991989319092	17.022696929238982	31.90921228304406	0.0
159.0	36.05351170568562	15.585284280936454	18.19397993311037	30.16722408026756	0.0
160.0	27.99732083054253	17.749497655726724	22.17012726054923	32.083054253181515	0.0
161.0	28.37022132796781	19.114688128772634	21.059691482226693	31.455399061032864	0.0
162.0	31.447811447811446	19.461279461279464	20.26936026936027	28.82154882154882	0.0
163.0	30.343897505057317	16.587997302764666	19.150370869858396	33.91773432231962	0.0
164.0	32.06779661016949	14.305084745762711	22.440677966101692	31.186440677966104	0.0
165.0	30.74829931972789	17.551020408163264	21.836734693877553	29.863945578231295	0.0
166.0	28.756830601092897	20.01366120218579	20.901639344262296	30.327868852459016	0.0
167.0	28.992460589444825	18.77998629198081	21.590130226182318	30.637422892392046	0.0
168.0	28.64976010966415	18.231665524331735	19.533927347498288	33.58464701850583	0.0
169.0	26.872852233676976	16.49484536082474	21.305841924398624	35.32646048109966	0.0
170.0	29.132231404958674	17.355371900826448	20.24793388429752	33.264462809917354	0.0
171.0	30.31767955801105	18.024861878453038	18.577348066298345	33.08011049723757	0.0
172.0	29.04794996525365	21.612230715774842	15.983321751216122	33.35649756775538	0.0
173.0	29.378925331472434	19.050942079553383	20.237264480111655	31.332868108862527	0.0
174.0	31.416549789621318	19.35483870967742	16.830294530154276	32.398316970546986	0.0
175.0	30.2112676056338	19.154929577464788	20.845070422535212	29.788732394366196	0.0
176.0	29.089615931721198	18.06543385490754	18.207681365576104	34.63726884779517	0.0
177.0	26.94781987133667	21.58684774839171	19.29949964260186	32.16583273766977	0.0
178.0	27.6657060518732	20.605187319884728	20.965417867435157	30.763688760806918	0.0
179.0	25.904486251808972	18.08972503617945	24.457308248914618	31.54848046309696	0.0
180.0	29.664723032069972	16.107871720116616	20.77259475218659	33.45481049562682	0.0
181.0	26.265590608950845	18.121790168745413	20.542920029347027	35.06969919295672	0.0
182.0	30.73529411764706	18.014705882352942	20.36764705882353	30.88235294117647	0.0
183.0	30.4635761589404	22.737306843267106	19.72038263428992	27.078734363502576	0.0
184.0	30.296296296296298	19.333333333333332	19.333333333333332	31.037037037037035	0.0
185.0	27.123695976154995	19.299552906110286	24.21758569299553	29.359165424739196	0.0
186.0	27.204783258594915	18.236173393124066	22.34678624813154	32.21225710014948	0.0
187.0	29.464958553127357	23.134890730972117	17.633760361718164	29.766390354182366	0.0
188.0	31.33535660091047	17.754172989377846	20.713201820940817	30.197268588770864	0.0
189.0	29.204892966360855	19.954128440366972	20.795107033639145	30.045871559633024	0.0
190.0	31.664098613251156	17.026194144838215	19.26040061633282	32.04930662557781	0.0
191.0	26.6304347826087	19.40993788819876	20.496894409937887	33.462732919254655	0.0
192.0	30.383711824588882	19.890368050117463	21.064996084573217	28.660924040720438	0.0
193.0	30.89622641509434	17.29559748427673	20.67610062893082	31.132075471698112	0.0
194.0	27.74703557312253	21.18577075098814	23.241106719367586	27.82608695652174	0.0
195.0	27.149681528662423	19.98407643312102	20.14331210191083	32.72292993630573	0.0
196.0	27.68860353130016	20.706260032102726	20.14446227929374	31.46067415730337	0.0
197.0	29.56026058631922	20.27687296416938	21.579804560260587	28.583061889250814	0.0
198.0	27.79632721202003	22.95492487479132	21.118530884808013	28.130217028380635	0.0
199.0	27.32049036777583	24.168126094570926	19.96497373029772	28.546409807355516	0.0
200.0	27.909371781668384	17.61071060762101	19.155509783728114	35.32440782698249	0.0
201.0	30.403458213256485	19.88472622478386	18.155619596541786	31.556195965417867	0.0
202.0	35.662299854439595	17.612809315866084	17.758369723435223	28.966521106259098	0.0
203.0	35.588235294117645	18.088235294117645	20.294117647058822	26.029411764705884	0.0
204.0	35.90504451038576	16.468842729970326	22.551928783382788	25.07418397626113	0.0
205.0	36.268656716417915	16.119402985074625	23.134328358208954	24.47761194029851	0.0
206.0	30.988023952095805	22.904191616766468	18.113772455089823	27.994011976047904	0.0
207.0	26.61654135338346	22.406015037593985	16.090225563909772	34.88721804511278	0.0
208.0	25.264750378214828	17.095310136157337	21.6338880484115	36.00605143721634	0.0
209.0	24.545454545454547	18.939393939393938	20.909090909090907	35.60606060606061	0.0
210.0	28.57142857142857	15.653495440729484	18.085106382978726	37.68996960486322	0.0
211.0	31.74846625766871	18.865030674846626	20.398773006134967	28.987730061349694	0.0
212.0	29.53846153846154	15.230769230769232	22.46153846153846	32.76923076923077	0.0
213.0	25.19319938176198	20.09273570324575	19.783616692426584	34.93044822256569	0.0
214.0	30.312499999999996	22.1875	19.375	28.125	0.0
215.0	27.044025157232703	23.742138364779876	18.39622641509434	30.81761006289308	0.0
216.0	33.2807570977918	16.876971608832807	16.08832807570978	33.753943217665615	0.0
217.0	24.16	18.88	23.200000000000003	33.76	0.0
218.0	27.302631578947366	15.789473684210526	18.75	38.15789473684211	0.0
219.0	20.0	21.8018018018018	24.324324324324326	33.87387387387387	0.0
220.0	0.0	32.240437158469945	24.863387978142075	42.89617486338798	0.0
