# Position (bp)	A	C	G	T	N
0.0	35.445225656938604	17.769747437055656	20.758867198240306	26.02615970776543	0.0
1.0	23.926789992537607	28.062527002081616	22.768155217784063	25.242527787596718	0.0
2.0	29.477845623923592	24.46375450133083	17.375136997025205	28.683262877720367	0.0
3.0	32.617958641179	18.95156561510496	20.72241116453618	27.708064579179858	0.0
4.0	34.3195497537716	17.716720081294458	17.763620730086764	30.20010943484718	0.0
5.0	27.912972149525412	22.713956486074764	18.050076168899654	31.322995195500177	0.0
6.0	27.079590720924784	25.7673982660314	19.19471998750293	27.958291025540888	0.0
7.0	34.58009604497716	19.31050638347714	17.846406121891228	28.26299144965447	0.0
8.0	34.4430567481071	18.84708453672625	17.164936382796032	29.54492233237062	0.0
9.0	27.69452899399048	22.933739171154297	18.09880590025755	31.272925934597673	0.0
10.0	25.51159618008186	16.043656207366986	19.863574351978173	38.58117326057299	0.0
11.0	25.76749259778713	18.489948574100048	19.234065762817515	36.50849306529531	0.0
12.0	26.13994782134652	17.09434990849266	19.212647482574667	37.553054787586156	0.0
13.0	27.25504687074565	22.921933953090356	19.26951651172741	30.55350266443658	0.0
14.0	25.673312346974463	18.363064008394545	26.672107574521004	29.291516070109985	0.0
15.0	30.70413787749398	18.585513547084854	20.277928732241286	30.432419843179876	0.0
16.0	25.042662116040955	18.810114799875894	19.124263108904746	37.0229599751784	0.0
17.0	27.878130087603694	22.098612295526785	19.001472982401737	31.021784634467785	0.0
18.0	24.890525092036427	19.67835690757605	18.992443324937028	36.43867467545049	0.0
19.0	27.291392267761676	25.288603083598048	18.296273340048035	29.123731308592237	0.0
20.0	26.187434676576473	18.48798049007084	19.26992606356211	36.05465876979058	0.0
21.0	26.4100580270793	17.93036750483559	21.245647969052225	34.41392649903288	0.0
22.0	27.32474964234621	18.60186366624135	25.105362873603216	28.968023817809225	0.0
23.0	26.447622729029764	18.68187089292617	19.03362968689602	35.83687669114804	0.0
24.0	33.78028517330654	16.92491981915839	18.55558560995402	30.739209397581053	0.0
25.0	27.684641532756487	17.64524103831891	22.632107540173052	32.038009888751546	0.0
26.0	33.87526549526936	16.78316277273605	17.802664607067	31.53890712492759	0.0
27.0	26.82907995830277	19.04945754990155	16.196285857688892	37.92517663410679	0.0
28.0	27.28009259259259	23.047839506172842	15.640432098765434	34.03163580246913	0.0
29.0	28.03871664352923	15.968687336109827	16.72065401820145	39.27194200215949	0.0
30.0	27.890128622346193	17.828916782891678	22.66775143344181	31.613203161320314	0.0
31.0	29.534522885958108	15.162916989914663	17.95577967416602	37.34678044996121	0.0
32.0	27.907608695652176	17.1972049689441	17.115683229813662	37.77950310559006	0.0
33.0	28.288400279698543	24.34154300365162	16.925646802890217	30.444409913759614	0.0
34.0	28.52381506026431	16.97477037553773	18.885400922373368	35.616013641824594	0.0
35.0	26.783137698397226	23.569785126545256	17.509651756814726	32.13742541824279	0.0
36.0	28.203027465667912	15.476747815230961	17.68102372034956	38.63920099875156	0.0
37.0	35.01699285128325	18.496816281886012	18.05148638618696	28.434704480643774	0.0
38.0	33.03232868144326	19.119659122004613	16.58261991321684	31.265392283335284	0.0
39.0	35.42915344537157	18.19641947741607	15.814627649155796	30.559799428056568	0.0
40.0	27.39607843137255	23.627450980392155	18.776470588235295	30.2	0.0
41.0	27.235580700927237	16.70988527424171	26.504793336476506	29.549740688354547	0.0
42.0	35.166653534000474	17.583326767000237	18.434323536364353	28.81569616263494	0.0
43.0	35.034188372001104	18.821390458875143	17.29971147385479	28.84470969526896	0.0
44.0	29.276420184068552	23.55204696921612	16.71691526499524	30.45461758172009	0.0
45.0	31.58378604262432	17.609694943585456	18.51650647722524	32.29001253656498	0.0
46.0	30.260546429627126	17.596385287783455	19.125036949453147	33.01803133313627	0.0
47.0	30.777711814095497	17.699940632685948	18.993299974556866	32.52904757866169	0.0
48.0	27.786972204540632	18.574156588160406	18.960322512200296	34.67854869509866	0.0
49.0	29.138707211415955	18.516945553384865	19.28140660834112	33.062940626858065	0.0
50.0	28.361255208776253	21.115741134450207	18.687813589590952	31.835190067182584	0.0
51.0	29.460068927370976	19.24009700889248	18.52954941922308	32.77028464451347	0.0
52.0	28.149757219524663	18.067978533094813	19.771701167050004	34.01056308033053	0.0
53.0	29.86220724371827	19.80290943219146	20.127127682266117	30.207755641824154	0.0
54.0	27.62735788528166	22.528765131100563	18.88019162496257	30.9636853586552	0.0
55.0	28.90762055538916	18.51867699285439	19.566984724658766	33.00671772709769	0.0
56.0	27.68216456888432	19.098381710762908	20.0916174329994	33.12783628735337	0.0
57.0	30.56388722255549	18.283486159910876	19.67606478704259	31.476561830491047	0.0
58.0	30.0	18.70926243567753	18.619210977701545	32.67152658662093	0.0
59.0	27.703137743057045	19.659183585869425	20.517663218440145	32.12001545263339	0.0
60.0	29.848309054187617	17.412229813931503	19.48777448326243	33.25168664861845	0.0
61.0	29.698924731182796	17.78494623655914	20.713978494623657	31.80215053763441	0.0
62.0	28.872996725831467	19.48130277442702	20.96760296398415	30.678097535757367	0.0
63.0	32.64505560824209	18.329166307440296	19.251659625829813	29.774118458487802	0.0
64.0	27.5061493980063	19.544297242480475	22.060156216286195	30.889397143227033	0.0
65.0	30.539361748067538	18.3573001684156	20.097594679794447	31.00574340372242	0.0
66.0	28.57266323840802	17.43658441726805	21.118361349984877	32.87239099433905	0.0
67.0	29.13423283169002	18.83324684310673	19.339214668742432	32.69330565646082	0.0
68.0	27.238499156099884	19.344787293893624	20.132427402951485	33.284286147055006	0.0
69.0	28.147474222337753	20.375184126158914	21.397625855645092	30.07971579585825	0.0
70.0	27.45599583803	21.07864389144195	19.656637475071534	31.808722795456518	0.0
71.0	28.933327549559714	19.667722205352884	19.38576324122674	32.01318700386067	0.0
72.0	28.201120229256222	19.282705918110373	20.95870782857887	31.557466024054538	0.0
73.0	29.588112617309697	18.065693430656935	20.490093847758082	31.856100104275285	0.0
74.0	30.03346225718135	17.856677241319368	21.037764547390378	31.072095954108903	0.0
75.0	29.87955998086873	18.944301926170702	21.348754293664943	29.82738379929562	0.0
76.0	29.303519380519422	18.993344064036194	19.163005176839082	32.540131378605295	0.0
77.0	28.89594847469429	20.087906349275425	18.738848513860482	32.27729666216981	0.0
78.0	29.51219512195122	18.83275261324042	19.063588850174217	32.59146341463415	0.0
79.0	28.674194532850848	20.538867332257922	18.398221214631384	32.38871692025984	0.0
80.0	29.16029867691367	18.671673726038165	20.684686258242	31.483341338806163	0.0
81.0	27.017344575997203	17.93001004849491	20.263008431997903	34.78963694350998	0.0
82.0	29.715084775388917	17.619297325642368	20.293654955427375	32.37196294354134	0.0
83.0	29.4120218579235	18.395628415300546	21.543169398907104	30.64918032786885	0.0
84.0	27.724590163934426	18.05464480874317	20.966120218579235	33.254644808743166	0.0
85.0	29.977697118117813	17.47496392180872	20.658590982638735	31.888747977434733	0.0
86.0	30.710004812109016	18.36038321886347	20.464587252285753	30.465024716741762	0.0
87.0	31.460575829176513	18.00560077010589	20.810361424695895	29.723461976021703	0.0
88.0	32.21993608545287	18.90732390666725	16.937354988399072	31.935385019480805	0.0
89.0	31.092915316577635	17.83868990279359	18.70566599527104	32.36272878535774	0.0
90.0	29.44551506657323	17.646285914505956	19.875613174491942	33.03258584442887	0.0
91.0	28.452542595593712	20.16994437387762	17.41929832245631	33.95821470807236	0.0
92.0	29.006396214842724	17.357399456759836	19.582931744501884	34.053272583895556	0.0
93.0	31.656000701323748	17.9100552292452	19.483650390111336	30.950293679319717	0.0
94.0	29.85310238982679	17.548783161587373	18.780969085726813	33.81714536285902	0.0
95.0	29.994298495680017	17.367659313188017	20.345598877242228	32.29244331388974	0.0
96.0	29.768748080214134	17.4382377462811	19.465531616130587	33.327482557374175	0.0
97.0	30.027657052548403	18.306334782036085	19.90868782650687	31.757320338908645	0.0
98.0	31.7351598173516	19.340533895328416	19.173691605198453	29.75061468212153	0.0
99.0	29.643296432964327	19.381479529081005	20.137058513442277	30.83816552451239	0.0
100.0	32.0340403016006	16.155915163807926	18.717756514837514	33.09228801975396	0.0
101.0	31.877516704278953	18.465418823841762	20.07168458781362	29.585379884065667	0.0
102.0	31.9523999822388	17.5747080502642	19.812619333066916	30.660272634430086	0.0
103.0	30.073578595317723	19.94648829431438	19.49609810479376	30.483835005574132	0.0
104.0	28.28074578702044	18.344388669774112	19.83685908927931	33.53800645392614	0.0
105.0	29.84026996625422	18.27671541057368	20.202474690663667	31.680539932508438	0.0
106.0	31.942562991059333	18.648965953219545	18.53156326198862	30.8769077937325	0.0
107.0	30.488965423483027	18.99216023927131	18.928717088865728	31.590157248379935	0.0
108.0	32.9145042338159	18.278248201766367	17.15833560957844	31.6489119548393	0.0
109.0	29.19941509778834	17.944617071833303	20.425881922866022	32.43008590751234	0.0
110.0	26.738532110091747	19.720183486238533	20.339449541284406	33.20183486238532	0.0
111.0	31.193040596520298	18.774739942925528	19.538801436067384	30.49341802448679	0.0
112.0	27.807807807807805	19.31623931623932	19.986139986139985	32.889812889812895	0.0
113.0	28.842046615284612	18.390751230383508	17.954313306713715	34.81288884761816	0.0
114.0	30.4783195938708	17.293093009175166	20.073587629826278	32.15499976712775	0.0
115.0	26.650755767700872	19.912022088071506	18.58299405681127	34.85422808741635	0.0
116.0	29.668264260877734	18.4146226858378	18.344140588290575	33.572972464993896	0.0
117.0	29.06861589247819	18.448479132280124	19.863239801933506	32.619665173308185	0.0
118.0	29.312384648147273	17.221144290379065	20.64739009038853	32.819080971085135	0.0
119.0	26.635625029695444	20.34019100109279	22.511521832090082	30.512662137121684	0.0
120.0	27.200687416459807	20.14512125262555	20.507924384189423	32.14626694672523	0.0
121.0	30.109742655868114	17.808022236066517	18.915033306177218	33.16720180188815	0.0
122.0	27.64974741400048	17.810921337503007	20.89006495068559	33.64926629781092	0.0
123.0	30.020783991493065	17.212045048093188	19.667456136110978	33.099714824302765	0.0
124.0	31.1216813085473	17.050914915303597	19.705868077464448	32.12153569868465	0.0
125.0	28.12576045164744	18.32384289677325	19.107412274297953	34.442984377281356	0.0
126.0	30.128956623681123	18.767096522078937	18.791520125048848	32.31242672919109	0.0
127.0	29.47920239086767	18.318553721032778	21.11116554798883	31.091078340110723	0.0
128.0	29.84112930992081	18.808715754266885	19.57109832275835	31.779056613053957	0.0
129.0	31.662386408534175	17.89806400632161	18.219083366258396	32.22046621888582	0.0
130.0	30.131004366812224	18.97082175466455	17.472211194918618	33.4259626836046	0.0
131.0	30.93553850752217	19.388263425326294	20.01095945003487	29.665238617116668	0.0
132.0	30.116505825291263	17.070853542677135	21.586079303965196	31.226561328066403	0.0
133.0	28.87550200803213	19.90963855421687	19.2570281124498	31.957831325301207	0.0
134.0	27.14206465278128	20.162388420999548	19.18906651873519	33.50648040748399	0.0
135.0	29.193017961042244	16.92891474829244	20.81457121173792	33.06349607892739	0.0
136.0	28.008130081300813	18.287601626016258	20.208333333333332	33.4959349593496	0.0
137.0	29.32952342075722	17.4048372282886	18.986631288907034	34.27900806204715	0.0
138.0	29.591888985611142	18.674791335961903	18.572379538122792	33.16094014030416	0.0
139.0	29.3700544651115	18.50786147364094	19.504675778440035	32.61740828280752	0.0
140.0	28.61567048621864	18.89129761536079	20.641065345308146	31.85196655311242	0.0
141.0	29.779068561352556	18.919199253189504	19.603775541956228	31.697956643501712	0.0
142.0	32.65125481620327	17.416432364885974	18.171404769342914	31.760908049567842	0.0
143.0	32.0347225853684	20.43089473408984	19.37457511896669	28.159807561575068	0.0
144.0	31.015817962057913	18.172263387461243	18.030374691260707	32.78154395922014	0.0
145.0	30.359970442309724	18.943312572574687	18.811358598120975	31.885358386994618	0.0
146.0	29.286282833642872	18.933404085964447	18.455823825948528	33.32448925444415	0.0
147.0	28.71002132196162	18.502132196162048	18.84328358208955	33.94456289978678	0.0
148.0	28.30886293001822	18.63144357517951	20.281856178330298	32.777837316471974	0.0
149.0	29.465681781420177	19.561115005122122	17.78185151237397	33.19135170108373	0.0
150.0	28.41580402146225	18.10199989160479	19.79296515094033	33.68923093599263	0.0
151.0	29.403440017417807	19.099716960592204	21.086435880688004	30.41040714130198	0.0
152.0	29.461058166283273	18.402891883010184	18.09617701829335	34.03987293241319	0.0
153.0	29.782202177978217	18.105818941810583	20.976790232097677	31.13518864811352	0.0
154.0	29.597256030095153	18.460942686435054	20.192520469130336	31.749280814339453	0.0
155.0	29.137671881088906	20.352947725880977	18.5715080999833	31.93787229304682	0.0
156.0	30.126483098276246	18.603089321692412	20.181329751511083	31.089097828520263	0.0
157.0	30.0371245359433	19.203509956125547	19.79975250309371	30.95961300483744	0.0
158.0	28.073249307635788	21.3304696772735	19.075340530153166	31.520940484937547	0.0
159.0	32.46436076560459	16.521837905378543	20.42369512125859	30.59010620775828	0.0
160.0	27.394679757963235	18.894851010389313	21.320927046466494	32.38954218518096	0.0
161.0	29.24755887421022	17.455485353245262	20.470993681792073	32.82596209075244	0.0
162.0	31.11072624408267	17.81549474656506	20.615402378478237	30.458376630874035	0.0
163.0	27.656983823273613	18.62932683945034	19.638197947469124	34.07549138980692	0.0
164.0	28.949053857350798	17.58951965065502	19.97088791848617	33.490538573508005	0.0
165.0	29.534951740274934	16.893828604855223	20.90669786487277	32.664521789997075	0.0
166.0	28.10296191819464	18.494358251057825	20.42195580629995	32.980724024447575	0.0
167.0	28.900981899917188	17.141843132615637	21.737844552229976	32.219330415237195	0.0
168.0	29.010766759859614	18.904288858485515	19.796561775028255	32.28838260662661	0.0
169.0	28.01197604790419	17.778443113772454	19.874251497005986	34.33532934131737	0.0
170.0	27.997106865167865	17.648122476041227	18.907841600867943	35.44692905792297	0.0
171.0	30.230157284265502	17.447015242606426	18.254691200582982	34.06813627254509	0.0
172.0	28.30960962795528	20.87482436312542	17.386523306249618	33.42904270266968	0.0
173.0	28.744317483720362	17.932178400294877	18.884383830937463	34.4391202850473	0.0
174.0	30.65652818991098	20.054401582591495	18.583086053412462	30.705984174085067	0.0
175.0	28.804584812807576	18.227122656201335	20.6254282688594	32.342864262131684	0.0
176.0	29.0035140562249	17.32555220883534	19.007279116465863	34.66365461847389	0.0
177.0	28.262518968133538	19.461305007587253	19.47395042994436	32.80222559433485	0.0
178.0	27.27966910594973	19.720012726694243	20.55361119949093	32.4467069678651	0.0
179.0	27.924987199180745	18.298771121351766	21.68458781362007	32.09165386584741	0.0
180.0	30.000644620640752	16.74079804035325	19.660929542963963	33.597627796042026	0.0
181.0	29.50649350649351	18.928571428571427	18.292207792207794	33.27272727272727	0.0
182.0	29.649983644095517	19.11023879620543	19.489695780176643	31.75008177952241	0.0
183.0	29.09330695680844	20.857237059017475	19.95384108143752	30.095614902736568	0.0
184.0	31.769481599787046	19.005789578758236	17.901111332934054	31.32361748852066	0.0
185.0	29.186506605861446	20.481523707330158	19.14693850177721	31.185031185031185	0.0
186.0	29.91614822829321	18.244522585880443	20.19204760616716	31.647281579659182	0.0
187.0	30.219107240065323	21.740609689711484	17.58982035928144	30.45046271094175	0.0
188.0	29.010098234526343	18.836298687916468	18.994298275743628	33.15930480181356	0.0
189.0	30.128915996673133	19.261158857776543	19.12253950651511	31.48738563903521	0.0
190.0	32.091010608598545	18.453378001116693	17.811278615298715	31.64433277498604	0.0
191.0	29.426241035016172	19.20264379130924	18.246378849669526	33.12473632400506	0.0
192.0	31.823337586842477	18.736707783921737	17.67333049766057	31.766624131575217	0.0
193.0	30.458702486424695	17.840811660474422	19.305515861674763	32.39496999142612	0.0
194.0	29.67895191477109	19.594010941549094	20.652173913043477	30.07486323063634	0.0
195.0	30.226645358128724	20.14383263112015	18.73456341711463	30.894958593636495	0.0
196.0	29.02610736286301	19.92519800528014	19.059841595775886	31.98885303608096	0.0
197.0	28.248923214020493	19.84256646368632	21.06044853705629	30.84806178523689	0.0
198.0	28.001511144692103	21.58670192670948	19.191537589724216	31.220249338874197	0.0
199.0	28.934691621258786	20.808655137013346	17.736713259101318	32.51993998262655	0.0
200.0	24.892703862660944	18.22664596840471	22.299333394210574	34.58131677472377	0.0
201.0	30.15232391615675	18.40906132014061	20.114568415570886	31.324046348131752	0.0
202.0	30.609037328094303	18.965291421087098	19.934512115258677	30.49115913555992	0.0
203.0	30.34346103038309	19.418758256274767	19.841479524438572	30.396301188903568	0.0
204.0	30.538523060517196	19.221540922420687	21.500933084510798	28.739002932551323	0.0
205.0	30.205396697543296	17.760773258155456	22.47281514297221	29.561014901329035	0.0
206.0	28.7532151076215	22.363611750372275	19.994585081900638	28.88858806010559	0.0
207.0	28.636052090472923	20.0	19.177518848526386	32.18642906100069	0.0
208.0	28.403268245395374	17.51834925910539	21.257443567372942	32.820938928126296	0.0
209.0	27.15980460572226	18.576413119330077	19.274249825540824	34.98953244940684	0.0
210.0	29.383619476498733	17.1967351533915	19.870531944835353	33.54911342527442	0.0
211.0	29.985754985754987	18.96011396011396	20.883190883190885	30.17094017094017	0.0
212.0	27.08153269951023	17.718236819360413	22.731201382886777	32.46902909824258	0.0
213.0	30.34985422740525	20.481049562682216	18.104956268221574	31.06413994169096	0.0
214.0	30.756748783006344	21.99439445345921	20.06195604071397	27.18690072282047	0.0
215.0	27.129008202833703	19.09023117076808	20.149142431021623	33.63161819537658	0.0
216.0	31.06722942417847	17.802230931564665	21.43503165511004	29.69550798914682	0.0
217.0	24.808575803981622	19.98468606431853	23.59877488514548	31.607963246554366	0.0
218.0	26.425855513307983	18.805449936628644	19.977820025348542	34.79087452471482	0.0
219.0	22.14210341188885	22.599366865986635	24.903271192402393	30.355258529722125	0.0
220.0	12.829385147724249	23.52941176470588	22.01224381155177	41.6289592760181	0.0
