# Position (bp)	A	C	G	T	N
0.0	26.10641718523335	27.201985454876088	19.702044004579275	26.989553355311287	0.0
1.0	29.00290544291817	14.672348972762677	19.064816587888615	37.25992899643054	0.0
2.0	30.252053480177242	18.68239117122083	17.651716290862556	33.413839057739374	0.0
3.0	33.0373341299117	18.76558671833464	19.18783263084622	29.00924652090744	0.0
4.0	33.60731161742669	17.93872986010085	19.561201776358246	28.892756746114216	0.0
5.0	34.46120724939015	17.549920051516292	17.79440415186392	30.194468547229636	0.0
6.0	24.82909890492674	19.802279951233317	17.585668255937996	37.78295288790194	0.0
7.0	26.73732524901379	21.08961780541957	18.732626747509862	33.440430198056774	0.0
8.0	27.31276306856755	19.80468431771894	19.663000678886625	33.21955193482688	0.0
9.0	34.62143118967133	16.32869031618675	19.479493340935935	29.57038515320599	0.0
10.0	30.409496040375412	20.213496659363692	20.033094154090072	29.343913146170824	0.0
11.0	27.661997370933822	20.046935006959494	19.30477011958383	32.98629750252286	0.0
12.0	28.80883569401062	18.584082206263457	19.29795156138564	33.309130538340284	0.0
13.0	29.31927759073879	18.93013245617249	19.212455032615345	32.53813492047337	0.0
14.0	29.25864089025237	18.63184010409706	19.257684315360354	32.85183469029022	0.0
15.0	29.356719037130546	18.849296929744526	19.80962937286364	31.984354660261282	0.0
16.0	30.230163623525485	18.278788766729136	19.620375514057866	31.870672095687507	0.0
17.0	29.926265230855208	18.49832550455281	19.25283185732675	32.322577407265236	0.0
18.0	29.930164396455734	18.357039100613996	19.853845705225666	31.858950797704605	0.0
19.0	29.453891263779187	18.719281637878655	20.289986763301794	31.53684033504036	0.0
20.0	29.897397263339336	18.382306571362506	19.636648929930285	32.08364723536787	0.0
21.0	29.439258673602925	18.543670097276713	20.0875802332851	31.92949099583526	0.0
22.0	29.746274121587717	18.890237452706092	19.631683866505742	31.731804559200445	0.0
23.0	29.99201968432665	18.452496781091874	19.296430419037765	32.259053115543715	0.0
24.0	29.776453216798483	18.254444970231276	19.820913088340774	32.14818872462947	0.0
25.0	30.263046403405607	18.202973803818427	19.55986076605783	31.97411902671814	0.0
26.0	29.8726350799496	18.28602645985711	19.44716128258257	32.39417717761072	0.0
27.0	29.487962361156956	18.731247843946818	19.60573284798275	32.175056946913486	0.0
28.0	29.86880460545841	18.271814740881982	19.624153179194668	32.23522747446494	0.0
29.0	29.680787858299862	18.751604732190096	19.32459997710187	32.24300743240817	0.0
30.0	30.182320456959527	18.368477813184192	19.539124991870978	31.910076737985303	0.0
31.0	29.590094023584818	18.465042452539397	19.718328942314272	32.22653458156151	0.0
32.0	30.05240284133829	18.066887298323582	19.418182803602825	32.462527056735304	0.0
33.0	29.9538652192266	18.394626168699222	19.53712091594716	32.114387696127025	0.0
34.0	29.91893673840141	18.961945735115645	19.06758614707937	32.05153137940358	0.0
35.0	29.831498484835134	18.559905436903602	19.293392986525166	32.3152030917361	0.0
36.0	30.042320287910822	18.26598670398643	19.688729299969697	32.002963708133045	0.0
37.0	30.045502740197794	18.83231779243917	19.46028543614024	31.661894031222797	0.0
38.0	29.775770342402275	18.568016374670247	19.129048157883496	32.527165125043986	0.0
39.0	29.883588590555288	18.520157368842895	19.69241544342954	31.903838597172275	0.0
40.0	30.310211481593395	18.459365589170947	19.575067647628007	31.655355281607655	0.0
41.0	29.67103873460658	18.725586683701227	19.501039529281037	32.102335052411156	0.0
42.0	30.093197024759704	18.5262371361614	20.195700166423258	31.184865672655636	0.0
43.0	30.301519043933844	18.69299848279058	19.572273320555166	31.43320915272041	0.0
44.0	30.296612328848106	18.611025610187816	19.17961241242384	31.912749648540245	0.0
45.0	30.27642254325048	18.758748624002827	19.582512265061222	31.38231656768547	0.0
46.0	29.635343675706388	18.650797426595023	19.62037790938711	32.09348098831148	0.0
47.0	29.548896014932946	18.497140890235492	19.73030629140199	32.22365680342957	0.0
48.0	29.820472749647426	18.430538690654455	20.04789026893694	31.70109829076118	0.0
49.0	29.949669570380216	18.52802557918804	19.677277908127902	31.845026942303846	0.0
50.0	30.08738268192009	18.56645259828423	19.4434131224577	31.902751597337986	0.0
51.0	29.97438873213314	18.299578191419	20.283633199731067	31.44239987671679	0.0
52.0	29.951557990543577	18.2880184489005	19.837002872406476	31.923420688149445	0.0
53.0	29.7081509447354	18.276941303970986	19.673604599263758	32.34130315202985	0.0
54.0	29.62356959723462	18.29918933604192	19.822358379545822	32.25488268717764	0.0
55.0	29.717798298199526	18.608022539535348	19.589347256203528	32.084831906061595	0.0
56.0	30.079951479983446	18.321633616503362	19.127295377894708	32.471119525618484	0.0
57.0	29.772090087332902	18.42106701352075	19.990108100427374	31.816734798718972	0.0
58.0	30.154964931002958	18.337334646911973	19.67115897808683	31.836541443998236	0.0
59.0	29.921033877470983	18.466129020135437	19.338398225124166	32.27443887726941	0.0
60.0	29.839511462149183	18.580919718832444	19.468400082270275	32.1111687367481	0.0
61.0	29.752719524886924	18.605383767516585	19.783804690313442	31.858092017283052	0.0
62.0	29.59137789173571	18.40637787806805	19.498697471755776	32.503546758440464	0.0
63.0	30.16214184421398	18.33245058005433	19.56855575868373	31.936851817047955	0.0
64.0	30.13020600173736	18.498943712268726	19.50164816426009	31.86920212173383	0.0
65.0	29.843570691871786	18.56462593868179	19.27524573009571	32.31655763935072	0.0
66.0	29.71550352997626	18.595992866912137	19.831159892306506	31.857343710805097	0.0
67.0	30.14522433009929	18.66589928214915	19.52503728695852	31.66383910079304	0.0
68.0	29.697206667249976	18.60228093009012	19.450315535042435	32.25019686761746	0.0
69.0	29.87544946201277	18.365188739865744	19.670303378313715	32.08905841980778	0.0
70.0	30.013159828682955	18.545582570234174	19.675003503590755	31.766254097492112	0.0
71.0	30.355452035202696	18.74810713399406	19.15043729904856	31.746003531754685	0.0
72.0	29.90795029425277	18.663652125402	19.871496860574503	31.556900719770724	0.0
73.0	30.070851385748636	18.482345951393338	19.820270073476777	31.626532589381252	0.0
74.0	29.90903857382548	18.42509014780548	19.520879968385024	32.144991309984015	0.0
75.0	30.155158491667745	18.157023702813337	20.08705230317339	31.600765502345528	0.0
76.0	29.914093987262802	18.788291075414744	19.80706186395195	31.490553073370503	0.0
77.0	30.31534145869607	18.294917990985947	19.349451438891954	32.04028911142603	0.0
78.0	29.791755670924058	18.32454398490716	19.741001883187682	32.1426984609811	0.0
79.0	30.155704127297472	18.154613193599033	19.994572673204523	31.695110005898968	0.0
80.0	30.132706099805052	18.60086456513358	19.026243188336846	32.240186146724525	0.0
81.0	29.933904036782415	18.51466258520049	19.78182658371574	31.769606794301353	0.0
82.0	29.49024256357356	18.872215762154667	19.495800272484967	32.1417414017868	0.0
83.0	29.819365856092904	18.47543497328053	19.341382330079966	32.3638168405466	0.0
84.0	29.988596555995834	18.31230396057745	19.678324432083876	32.020775051342845	0.0
85.0	29.99440054750202	18.547383059297452	19.860075219995583	31.598141173204947	0.0
86.0	29.97731399940926	18.639373270175362	19.154355055737273	32.22895767467811	0.0
87.0	30.127381131456232	18.47778522296826	19.598780204302106	31.796053441273404	0.0
88.0	30.05095433392183	18.585066797220623	19.821523077827756	31.542455791029795	0.0
89.0	30.223034269885346	18.535428580415626	19.524268319451103	31.717268830247924	0.0
90.0	29.877917436820066	18.440669296642234	19.887976443734182	31.793436822803518	0.0
91.0	30.009799771452645	18.410029823310055	19.559263314319633	32.020907090917675	0.0
92.0	29.798892355502183	18.704460806372854	19.409766913189834	32.08687992493513	0.0
93.0	29.961084437878725	18.345165305647885	19.844064179900695	31.8496860765727	0.0
94.0	29.964584604357093	18.628169807862246	19.81579616928258	31.59144941849808	0.0
95.0	29.731705899050283	18.251180733439806	19.592753836314948	32.424359531194966	0.0
96.0	29.87077568788074	18.490458660122002	19.788857925762372	31.84990772623489	0.0
97.0	30.041980161175907	18.8247196591241	19.55863712573048	31.57466305396951	0.0
98.0	29.841890068003757	18.561379530191928	19.377342524546272	32.21938787725804	0.0
99.0	30.18504063861561	18.651280932174114	19.673522886713318	31.490155542496957	0.0
100.0	29.341045241414616	18.484351355846247	20.02782802472355	32.14677537801558	0.0
101.0	30.107842016136928	18.5733546885496	19.12026825949738	32.19853503581609	0.0
102.0	29.929494969700375	18.35809321296602	19.652626401434762	32.059785415898844	0.0
103.0	29.764562850630295	18.81886677111046	19.637078369854397	31.779492008404848	0.0
104.0	30.118164632344318	18.764609442336717	18.87342814571421	32.243797779604755	0.0
105.0	29.959841065563197	18.279175253205718	19.536560134128372	32.22442354710271	0.0
106.0	29.664015087305838	18.825229785624924	19.460249986445856	32.05050514062338	0.0
107.0	30.06610394550201	18.403783331754198	19.085626168044634	32.44448655469916	0.0
108.0	29.803363724907033	18.673646150866208	19.88445523894041	31.638534885286347	0.0
109.0	30.10391870124301	18.822053139963828	19.417170156737054	31.65685800205611	0.0
110.0	29.68863864483218	18.43576840050049	19.455306686466198	32.42028626820113	0.0
111.0	30.01397556751671	18.32450002269654	19.83492048644879	31.82660392333796	0.0
112.0	30.21839649905045	18.634505821154324	19.462403324801144	31.68469435499408	0.0
113.0	29.731380025567123	18.51186145016649	19.450492790058423	32.30626573420797	0.0
114.0	30.441112163209088	18.162761470259102	19.797331496944135	31.59879486958767	0.0
115.0	29.899057122425276	18.54319007601718	19.728986423830566	31.82876637772698	0.0
116.0	29.80217120258377	18.478448908643664	19.193866431961933	32.52551345681063	0.0
117.0	29.722950051024633	18.346526188046447	20.06081584245801	31.86970791847092	0.0
118.0	30.222748321506447	18.367096352738532	19.82302093659009	31.587134389164927	0.0
119.0	29.73743449319088	18.56832513736245	19.70662886812791	31.987611501318764	0.0
120.0	30.21348634995025	18.033765930696507	19.81671974885096	31.93602797050228	0.0
121.0	30.17076737219385	18.344765945160763	19.775183576824595	31.70928310582079	0.0
122.0	29.623479823106692	18.490118850193475	19.950594250967384	31.93580707573245	0.0
123.0	29.63472204076187	18.27945170631489	20.230444277155282	31.855381975767962	0.0
124.0	30.02575465852255	18.53090559022706	20.04520205373346	31.39813769751693	0.0
125.0	30.471656405044307	18.627214251466597	19.42238332089116	31.478746022597942	0.0
126.0	30.300427342736626	18.22325370204507	19.768097002786654	31.708221952431646	0.0
127.0	29.678320864827732	18.643208703672414	20.02316898541171	31.655301446088142	0.0
128.0	30.161201152268163	18.48229267555947	19.646338472538023	31.71016769963434	0.0
129.0	30.205088535753248	18.328280286741332	19.907547962353764	31.559083215151656	0.0
130.0	30.225003016405083	18.730627398388755	19.720285636225707	31.32408394898045	0.0
131.0	29.883256227918476	18.77494306408525	19.417037279063333	31.924763428932952	0.0
132.0	30.244724789584986	18.445243513693026	19.872671762294715	31.437359934427278	0.0
133.0	30.315334581266562	18.43939377107276	19.68626236592587	31.559009281734813	0.0
134.0	29.73993419695489	18.145846052546585	19.556992841123222	32.5572269093753	0.0
135.0	29.635460779048252	18.32061970347447	19.907953273502034	32.13596624397524	0.0
136.0	29.947749430789887	18.659597063181625	19.85570280421118	31.5369507018173	0.0
137.0	30.090004157460697	18.581833148171064	19.62828964291723	31.69987305145101	0.0
138.0	30.07384462168019	18.3843759301863	20.04271554589939	31.499063902234113	0.0
139.0	30.25693612041972	18.463461753855295	19.51811520349733	31.761486922227654	0.0
140.0	29.65007029216486	18.614130813022843	19.230335592890054	32.50546330192225	0.0
141.0	29.83344786795029	18.34907226960265	19.990920781731834	31.826559080715228	0.0
142.0	30.164987304650086	18.49613218488888	19.66055176881576	31.678328741645274	0.0
143.0	29.754500316423055	18.51674254314923	19.578153706331527	32.15060343409618	0.0
144.0	29.89847513969344	18.44232315434861	19.695571859224998	31.963629846732957	0.0
145.0	29.64198495653023	18.85115617019495	19.563697511826845	31.94316136144797	0.0
146.0	29.681934641617975	18.48821217388876	19.705391612736577	32.12446157175669	0.0
147.0	29.696038716590838	18.76655133559804	19.525878238054222	32.011531709756895	0.0
148.0	30.100419065085088	18.445153913464036	19.473386990810763	31.981040030640116	0.0
149.0	29.822849857719014	18.56261587211006	19.32888412404356	32.28565014612737	0.0
150.0	29.439844157807016	18.706031188030828	19.767720122199535	32.08640453196263	0.0
151.0	29.866684404736066	18.72607986332351	19.823762944706235	31.58347278723419	0.0
152.0	30.062263063017618	18.433005378570215	19.45288093651718	32.05185062189499	0.0
153.0	29.86274498806783	18.574014509294752	19.933174237729215	31.6300662649082	0.0
154.0	29.591040100558274	18.929449980745503	19.829325896210896	31.650184022485323	0.0
155.0	29.994869768620248	18.303767246104428	19.642469894103883	32.05889309117144	0.0
156.0	29.784223682732275	18.5601336928435	20.22385125266824	31.431791371755985	0.0
157.0	29.415719538634256	18.747866063989278	20.289358210402227	31.547056186974242	0.0
158.0	29.91934095054669	18.4186608840513	19.550066600827325	32.11193156457469	0.0
159.0	30.029144266934477	18.580243787854492	19.9353396741806	31.45527227103043	0.0
160.0	30.101550740537192	18.597416159593205	19.744022608427635	31.55701049144197	0.0
161.0	29.67557466894225	18.782070779612138	19.51684719241623	32.02550735902939	0.0
162.0	29.88308646106698	18.247600260668932	19.93856667312468	31.930746605139404	0.0
163.0	30.05212977812241	18.3577181326331	19.76391801631919	31.826234072925295	0.0
164.0	29.753238371662437	18.15956805253339	19.66997351465158	32.41722006115259	0.0
165.0	29.84689773141052	18.32146395576293	20.223739884213586	31.607898428612963	0.0
166.0	29.765460078085837	18.62848509238275	19.895932617428816	31.710122212102597	0.0
167.0	29.735342399181757	18.711521237310308	19.508644389128893	32.04449197437904	0.0
168.0	29.925110016968087	18.445607059743082	20.044466148271848	31.58481677501698	0.0
169.0	30.222470165495064	18.406181989419515	19.74698473169097	31.62436311339445	0.0
170.0	30.153025998573867	18.49151396135867	19.471695283584793	31.883764756482663	0.0
171.0	30.09158023871599	18.48551755187624	19.691768821660986	31.73113338774678	0.0
172.0	29.96255450914677	18.46678173464625	19.770751721593093	31.799912034613886	0.0
173.0	29.969666472947882	18.285234376107386	19.694822038583112	32.05027711236162	0.0
174.0	29.883660406954565	18.21403194764931	20.09591669727737	31.80639094811875	0.0
175.0	29.956293148099533	18.59549166660754	19.79068958911302	31.65752559617991	0.0
176.0	30.029750348365152	18.213303821972097	19.68761779285211	32.069328036810646	0.0
177.0	29.59644504037822	18.103761129666967	20.33796831245237	31.96182551750244	0.0
178.0	29.543723588372206	18.52792563395011	20.27787803263035	31.65047274504733	0.0
179.0	29.799957640429792	18.338566682918717	19.404236809897924	32.45723886675356	0.0
180.0	29.774112126275377	18.222119520779266	20.054818870205125	31.94894948274023	0.0
181.0	29.73200009104514	18.612472046296453	19.58679731644446	32.06873054621395	0.0
182.0	30.079032313157533	18.435251286605638	19.5182629685294	31.967453431707426	0.0
183.0	30.013107279630745	18.307259980506394	19.929187939594023	31.75044480026884	0.0
184.0	29.520255248399174	18.687727461499392	19.712510747544716	32.079506542556715	0.0
185.0	29.713015281948714	18.521459522687696	19.43421363079399	32.3313115645696	0.0
186.0	29.72205143275325	18.1962587358219	19.89969942638514	32.181990405039706	0.0
187.0	29.426832419068667	18.664060191588767	19.988566338787518	31.92054105055505	0.0
188.0	29.834900438922872	18.675646993456866	19.421801597719256	32.067650969901	0.0
189.0	30.138318665337437	18.49460982416271	19.84849621776525	31.518575292734607	0.0
190.0	29.7803907660009	18.741079626223826	19.757751965700002	31.720777642075277	0.0
191.0	29.95926100289194	18.353941322679475	19.280764238973497	32.406033435455086	0.0
192.0	29.653159451292193	18.511765030150865	20.0383874960714	31.796688022485537	0.0
193.0	30.647793407588463	18.260873925788808	19.550930290534907	31.540402376087822	0.0
194.0	30.06883431809727	18.144218755936002	19.655376825421172	32.13157010054556	0.0
195.0	29.973735246696464	18.354630113091925	19.74970306914616	31.92193157106545	0.0
196.0	29.950978035203097	18.39482667925885	19.54089720744881	32.113298078089244	0.0
197.0	29.857248515398922	18.17999037791804	19.424542053524625	32.538219053158414	0.0
198.0	29.67569043308331	18.585582090410092	19.829726700577634	31.90900077592896	0.0
199.0	30.321720790003752	18.443556885934832	19.732122189777453	31.50260013428396	0.0
200.0	30.170533134525463	18.63672752460463	19.37988343413986	31.812855906730046	0.0
201.0	29.853526251849633	18.39795777364509	19.660171116344145	32.088344858161136	0.0
202.0	30.193752619397728	18.284944385955562	19.825114245347013	31.696188749299694	0.0
203.0	29.582032724893576	18.681420826451998	19.62275870218733	32.113787746467096	0.0
204.0	30.139001250275797	18.424912069703957	19.728977124423352	31.707109555596897	0.0
205.0	29.838533916248938	18.36270764203516	19.94424390081967	31.85451454089623	0.0
206.0	29.55185563219786	18.761038550138583	19.32202263440033	32.36508318326322	0.0
207.0	29.606111602676428	18.661915832451406	19.66384161187159	32.068130953000576	0.0
208.0	29.65522080973698	18.644178152554193	20.09222470765607	31.60837633005275	0.0
209.0	29.39483479795848	18.519296197960074	19.598197703759322	32.48767130032213	0.0
210.0	29.2947363539665	18.336101232657153	20.057778086932327	32.31138432644401	0.0
211.0	29.64308916680201	18.570398965173208	19.740814752082414	32.04569711594237	0.0
212.0	29.96196388818747	18.378291698230402	19.12457443381194	32.53516997977018	0.0
213.0	29.50374561752583	18.513865610903103	20.02895991216171	31.953428859409357	0.0
214.0	29.55308354693106	18.60840142177236	19.607726290652305	32.23078874064427	0.0
215.0	29.30193217215365	18.25327040882747	19.885729330078018	32.55906808894087	0.0
216.0	29.151824641134745	18.51098394804915	20.20395745294101	32.13323395787509	0.0
217.0	29.863977492762512	18.3852572349375	19.881271699713125	31.86949357258686	0.0
218.0	30.037520743590267	18.37656069085999	19.42474998323014	32.161168582319604	0.0
219.0	30.26559122363756	18.435790884131524	19.914160145844555	31.384457746386364	0.0
220.0	29.880753680565952	18.528869296538023	19.870198646472097	31.720178376423924	0.0
221.0	29.638921040528615	18.581202368148013	19.66093689106358	32.118939700259794	0.0
222.0	29.881282616173966	18.173494258089544	20.28720531080972	31.65801781492677	0.0
223.0	30.174063383686683	18.537457326632577	19.725864822493445	31.562614467187295	0.0
224.0	29.97935891654476	18.732791459064295	19.336039038411478	31.951810585979462	0.0
225.0	29.56363273400356	18.36836396036174	19.987713959847987	32.08028934578671	0.0
226.0	29.48984089206223	18.79089720422525	19.747748541877854	31.971513361834663	0.0
227.0	29.344449869695914	18.62046803579097	19.701506585797738	32.33357550871537	0.0
228.0	29.77871764730995	18.474938189184158	19.97672571602282	31.769618447483072	0.0
229.0	29.913837819995166	18.625516501523716	19.900118478523556	31.560527199957562	0.0
230.0	30.114785164159528	18.937744852518655	19.12164011262386	31.82582987069795	0.0
231.0	29.789105702706475	18.69464606348618	19.7277348934671	31.788513340340245	0.0
232.0	29.768584331958113	18.9821793367879	19.56537818059712	31.683858150656867	0.0
233.0	29.614649981077257	18.525255382983747	19.477539702583343	32.38255493335565	0.0
234.0	29.78493674762901	18.74879031091883	19.880132326081007	31.586140615371157	0.0
235.0	29.55561463333492	18.64663038828953	19.936522741314576	31.861232237060978	0.0
236.0	29.642287350699053	18.66170743928713	19.522088287728366	32.17391692228544	0.0
237.0	29.85157158188197	18.550575361061206	19.82997414559143	31.767878911465395	0.0
238.0	30.291640648169814	18.305745033137256	19.697405502558134	31.705208816134796	0.0
239.0	29.81062035894551	18.562875144910564	19.54587976563654	32.08062473050738	0.0
240.0	29.859916110991612	18.47253590975359	20.14008388900839	31.52746409024641	0.0
241.0	29.927780495796547	18.612867848930023	19.9650198465242	31.494331808749227	0.0
242.0	29.874920978957825	18.55391492820374	19.561019296185915	32.01014479665252	0.0
243.0	29.940653736070814	18.381361368469214	19.98558744358788	31.69239745187209	0.0
244.0	30.007496551812647	18.539961603763828	19.57294567679972	31.879596167623802	0.0
245.0	30.234225512959167	18.2304137706753	19.316382172541843	32.21897854382369	0.0
246.0	29.894270458590526	18.356799333510054	19.918127769152118	31.830802438747302	0.0
247.0	30.240286046509862	18.432220584699333	19.442090979355832	31.88540238943497	0.0
248.0	29.5514172774463	18.521413916193787	19.402031656610795	32.52513714974912	0.0
249.0	29.533107978706013	18.618693431031986	19.682925727952018	32.16527286230998	0.0
250.0	29.93599104608317	18.361461317939757	19.758091267199333	31.94445636877774	0.0
251.0	29.833131869764358	18.554560139611908	19.431043946163097	32.18126404446064	0.0
252.0	29.70277937382762	18.364937733152832	19.91990399139622	32.012378901623315	0.0
253.0	29.504658014423196	18.761621479005957	19.702490137447544	32.0312303691233	0.0
254.0	29.734325754363994	18.236011732235095	19.49025027352405	32.53941223987686	0.0
255.0	29.65381490724244	18.362789495540405	19.878634675559333	32.10476092165783	0.0
256.0	29.817311754509955	18.559735937111338	19.70711445752212	31.915837850856587	0.0
257.0	29.83407747694553	18.73128592923499	19.065220540105003	32.36941605371448	0.0
258.0	29.780626183971286	18.343265206395746	19.87390011645359	32.002208493179374	0.0
259.0	30.165510683699527	18.3903056438046	19.69981014530086	31.744373527195012	0.0
260.0	29.708721148504154	18.370024494428772	19.71996802094102	32.20128633612605	0.0
261.0	29.86913871296426	18.487842886540268	20.02517331628474	31.61784508421074	0.0
262.0	29.776619681530654	18.555777793976173	19.781257584653748	31.88634493983943	0.0
263.0	29.41449560325523	18.513154893286167	19.42631878246957	32.64603072098903	0.0
264.0	29.828293339862878	18.287830558276198	20.04831112428476	31.835564977576166	0.0
265.0	29.894959052039162	18.817326305299535	19.43471543973531	31.852999202925997	0.0
266.0	29.855130191761837	18.692366606270514	19.20265743075087	32.249845771216776	0.0
267.0	29.881376972145386	18.55848380756294	19.671645353599892	31.888493866691782	0.0
268.0	30.013481425365445	18.50458001897989	19.748944090777645	31.732994464877017	0.0
269.0	29.72147380343567	18.627251487507877	19.436769576633317	32.214505132423135	0.0
270.0	29.832270009339307	18.444472165093977	19.44077419397196	32.28248363159476	0.0
271.0	30.18905990479069	18.620247254353465	19.33600521090238	31.854687629953464	0.0
272.0	30.205825884101657	18.193191436652285	19.63731703792399	31.963665641322077	0.0
273.0	30.04338808061999	18.126575903462765	20.212898138238835	31.617137877678413	0.0
274.0	29.87924206077601	18.31462186102454	19.58449899326852	32.221637084930926	0.0
275.0	29.469522432706047	18.374446421057456	19.2637556295281	32.892275516708395	0.0
276.0	29.639971408387712	18.431306979446642	19.787318533133245	32.1414030790324	0.0
277.0	29.479236240002415	18.626886661050452	19.88080094781958	32.01307615112755	0.0
278.0	29.4450414459517	18.331542328811572	19.343607378095804	32.87980884714092	0.0
279.0	29.756455311987317	18.500409087247924	19.929713299786766	31.813422300977994	0.0
280.0	30.02358357750243	18.693824754565266	19.618737851983187	31.66385381594912	0.0
281.0	29.774220834146657	18.6128262291489	19.34490481522956	32.26804812147488	0.0
282.0	29.72654394120725	18.59293287615565	19.90733302805182	31.77319015458528	0.0
283.0	29.872535021830448	18.656668804877878	19.598257702733463	31.872538470558208	0.0
284.0	29.934208819097606	18.714762447646446	19.011021709532717	32.34000702372323	0.0
285.0	30.33155518581974	18.239312661898115	19.540576237893735	31.888555914388405	0.0
286.0	30.111376362124016	18.64058759008895	19.466711772901732	31.781324274885304	0.0
287.0	30.689128660930347	17.899204689913116	19.08936819950341	32.322298449653125	0.0
288.0	31.181316264519694	17.961401632046954	19.89105611524968	30.96622598818367	0.0
289.0	29.29760325462103	19.206243919695765	20.389493234279648	31.106659591403556	0.0
290.0	27.401293732847904	19.075889863743644	18.854279865326575	34.66853653808188	0.0
291.0	29.994689858166378	17.45111401044656	18.073197573990512	34.48099855739654	0.0
292.0	33.61959184262456	17.877718734329736	20.76555662579321	27.737132797252496	0.0
293.0	34.33850357514147	17.100987540981226	19.801802357543178	28.758706526334123	0.0
294.0	34.92276252444471	16.2065301399892	18.288169266920136	30.58253806864596	0.0
295.0	28.91708585943614	18.5114231956827	18.1761923174407	34.39529862744046	0.0
296.0	27.17869979021051	19.22209048839255	17.81699528090244	35.782214440494506	0.0
297.0	26.77168169906042	18.48669197942985	20.409050489082105	34.33257583242762	0.0
298.0	30.75442596949129	18.028515624257107	19.94087296530922	31.276185440942385	0.0
299.0	34.42692968506363	19.327745741995844	19.68831777601726	26.55700679692327	0.0
300.0	21.506299898410646	20.329795568409786	32.7848313360132	25.37907319716637	0.0
