# Position (bp)	A	C	G	T	N
0.0	27.11777495179883	23.991535737238653	22.96290218922208	25.927274343301747	5.127784386922099E-4
1.0	27.543589926942925	20.05417562641632	15.015604010562713	37.386630436078036	0.0
2.0	28.3277793990892	19.807014924360168	18.021046130457506	33.84331118546521	8.483606279226023E-4
3.0	23.84327783504195	22.00484404116927	14.993509120236142	39.15566094419874	0.002708059353890889
4.0	34.27251357978026	14.005187231378532	14.499442296691411	37.221000693543296	0.0018561986065010823
5.0	36.04458936831728	15.036357355307835	22.36310170791099	26.54988498774045	0.006066580723439751
6.0	32.45791903020675	17.541492012903205	19.851885755825204	30.148703201064837	0.0
7.0	35.53978915379133	16.7930668172711	20.213434722390307	27.453205050627293	5.042559199645003E-4
8.0	23.073435246029653	26.661651079722642	22.12125741212507	28.143656262122636	0.0
9.0	28.978079405515896	18.356274270907804	15.842169034601042	36.8231416498008	3.356391744618865E-4
10.0	26.996977656123683	16.946090911835444	24.66665324893581	31.38709147202571	0.003186711079355815
11.0	28.517510458007077	18.491901748364263	19.614629142979727	33.37595865064893	0.0
12.0	26.52532154340836	19.578476688102896	21.013364147909968	32.88267015005359	1.6747052518756699E-4
13.0	27.58399057323817	21.400523560209425	18.34619916712417	32.66895194226108	3.347571671509487E-4
14.0	31.597561628794473	18.346701302874894	20.53182871145271	29.52357359971077	3.347571671509487E-4
15.0	29.931977343634923	18.94708828216012	19.359006976339362	31.761927397865584	0.0
16.0	30.43712590886571	17.662290274634778	19.12199890199649	32.77825015733587	3.347571671509487E-4
17.0	30.011816928000428	18.429888458911904	20.468726985444757	31.08873073472503	8.368929178773719E-4
18.0	31.594214057122965	18.219158822190384	18.26619220417509	31.920434916511564	0.0
19.0	30.573706833063298	18.33398053052316	19.675519877880586	31.416792758532956	0.0
20.0	30.111072428060687	18.391391384689545	19.457258204898167	32.03994322518445	3.347571671509487E-4
21.0	30.290669648237166	17.434655400972137	19.284188749481128	32.98998406555884	5.02135750726423E-4
22.0	28.611192940640862	19.08182804193838	19.804568765817276	32.502410251603486	0.0
23.0	30.104209906134088	17.613248349647165	20.062833920274233	32.21719714519088	0.002510678753632115
24.0	31.051740067754853	18.01847190048339	18.38837857018519	32.54090732582585	5.02135750726423E-4
25.0	29.477544489227515	18.1446753524993	19.20049945769339	33.1772807005798	0.0
26.0	31.833900188803042	17.871011368353397	19.894785822364458	30.399800484728377	5.02135750726423E-4
27.0	29.009721348134065	18.182837669554505	19.83637069669662	32.97073552844766	3.347571671509487E-4
28.0	30.176852211405848	17.896787670224022	19.8842409715992	32.04144963243663	6.695143343018974E-4
29.0	29.287904554036505	18.449136996023086	19.504124208299302	32.75883424164112	0.0
30.0	29.936714051622985	18.225214956305745	19.516208132269472	32.32035645002821	0.001506409773586611
31.0	30.602147478010526	18.205525194787807	19.4265580932136	31.763258542627355	0.002510691360711028
32.0	29.294224376592204	18.369984031922765	19.678897700529927	32.656391750161525	5.021407935833103E-4
33.0	29.642424942379247	18.146561752541253	19.400409412812312	32.81043651172249	1.6738054468976854E-4
34.0	29.93375022596563	18.03724583051574	19.460996659056367	32.5671703747347	8.369097275691455E-4
35.0	30.219035800354032	17.64294099816284	19.54189882384859	32.5954544921682	6.698854663323939E-4
36.0	30.736748657906414	17.56053030493371	18.96317512960311	32.73921090759864	3.349999581250052E-4
37.0	29.06104466110497	18.869400609776527	19.071430964586057	32.99678359634134	0.001340168191107984
38.0	30.535603284626895	18.398870050817553	19.343007601689564	31.722519062865988	0.0
39.0	29.59686502721982	18.900345946525785	19.462173831424817	32.03994475582611	6.704390034594652E-4
40.0	29.837912747027453	18.53609759125692	19.578314769049573	32.04532604519518	0.0023488474708784858
41.0	29.657667584323356	18.27726893275799	20.413130273096648	31.651261344033916	6.71865788090171E-4
42.0	29.350309220468564	18.315030014305332	19.51728323048398	32.81704133417831	3.3620056380834554E-4
43.0	29.66752004198472	18.112302397637016	20.185129738840242	32.03487961352527	1.6820801275689568E-4
44.0	29.47568782944119	18.767629100554036	20.04887342053357	31.70764135256855	1.682969026638034E-4
45.0	29.342006007785876	18.47680401955898	19.67987661139324	32.50013470371917	0.001178657542734755
46.0	30.10075248512128	17.525979856241143	19.687921662036985	32.685177542353614	1.6845424698424784E-4
47.0	29.76646680350384	18.199681162644126	19.771286437953105	32.26206003983782	5.055560611116167E-4
48.0	30.305763278737164	17.854903203619664	18.713966864687357	33.12469234866926	6.743042865523497E-4
49.0	29.359017385980916	17.827671519810302	20.1052704364119	32.70787200922845	1.686485684266269E-4
50.0	29.747899443339826	18.52625147266829	19.587754151321096	32.13741978388487	6.751487859136958E-4
51.0	30.082663903879336	18.12808764300551	19.41072180072439	32.378357640115404	1.6901227536155952E-4
52.0	29.859464363392014	17.986124158148716	19.73490676375355	32.419335455839516	1.6925886620255886E-4
53.0	31.278267119618654	17.676993700712654	19.377767380676307	31.666971798992382	0.0
54.0	30.20555385816614	18.41277115795906	19.319856061377603	32.06063074990664	0.0011881725905557253
55.0	29.163012963000728	18.369972333815962	18.229772076867125	34.23724262631618	0.0
56.0	29.240877377734147	18.250518461305518	20.34613990884608	32.1622941253528	1.7012676144995636E-4
57.0	28.070701171598984	18.75750233689813	19.564562238109914	33.607063987591026	1.7026580194341387E-4
58.0	30.829374032896844	17.794357230012064	21.957416786524973	29.418340706607317	5.112439588005535E-4
59.0	29.79057037749886	20.20823522185139	20.938014018851057	29.0631803817987	0.0
60.0	31.408402062560693	19.034063709600208	19.41104865071875	30.146485577120348	0.0
61.0	29.275801281776737	21.00027239040569	19.43068692063503	30.291012315815262	0.002227091367279916
62.0	31.148417028222863	16.494007474547875	21.57188882683964	30.78551484170282	1.7182868679926113E-4
63.0	26.6547149887155	20.302265872495497	25.359240522054815	27.68360607085424	1.7254587994947857E-4
64.0	26.335919495949344	19.713242410758344	18.184918995569298	35.76470710453095	0.0012119931920610983
65.0	27.89628744345699	19.17719935796327	18.479575032831423	34.44659074327564	3.4742247267522254E-4
66.0	26.728784603584128	19.526532319921902	16.93082769681333	36.8094972456593	0.004358134021337424
67.0	33.385951065509076	13.936582215789869	17.896037394757244	34.77932928141795	0.0021000425258611488
68.0	34.397396441331495	15.299621493508791	22.961724857617885	27.339842230004596	0.0014149775372315964
69.0	31.67430952303517	16.906431924373667	20.53489153648515	30.88436701610601	0.0
70.0	33.0493179351737	15.850081878897026	22.167982044988662	28.93242365424934	1.9448669127571598E-4
71.0	25.742668925462198	19.84961521205628	25.694371235170525	28.712609129489298	7.35497821700618E-4
