# Position (bp)	A	C	G	T	N
0.0	88.12415654520917	3.1039136302294197	4.318488529014845	4.4534412955465585	0.0
1.0	88.79892037786774	2.42914979757085	2.564102564102564	6.207827260458839	0.0
2.0	89.47368421052632	4.183535762483131	2.1592442645074224	4.183535762483131	0.0
3.0	88.25910931174089	3.3738191632928474	3.2388663967611335	5.128205128205128	0.0
4.0	91.2398921832884	0.9433962264150944	2.0215633423180592	5.795148247978436	0.0
5.0	90.56603773584906	2.6954177897574128	3.234501347708895	3.5040431266846364	0.0
6.0	89.38172043010752	2.553763440860215	3.763440860215054	4.301075268817205	0.0
7.0	89.66442953020135	3.2214765100671143	2.8187919463087248	4.295302013422819	0.0
8.0	87.51677852348993	4.295302013422819	3.2214765100671143	4.966442953020135	0.0
9.0	88.06970509383379	3.6193029490616624	2.546916890080429	5.7640750670241285	0.0
10.0	88.21954484605087	2.14190093708166	3.0789825970548863	6.5595716198125835	0.0
11.0	89.5582329317269	1.7402945113788488	2.677376171352075	6.024096385542169	0.0
12.0	88.50267379679144	3.074866310160428	3.4759358288770055	4.946524064171124	0.0
13.0	89.1711229946524	4.010695187165775	2.807486631016043	4.010695187165775	0.0
14.0	90.66666666666666	2.0	3.2	4.133333333333333	0.0
15.0	89.08122503328894	3.5952063914780292	3.5952063914780292	3.7283621837549936	0.0
16.0	89.22872340425532	2.2606382978723407	3.0585106382978724	5.452127659574469	0.0
17.0	88.87417218543047	2.6490066225165565	2.781456953642384	5.695364238410596	0.0
18.0	89.15343915343915	2.1164021164021163	3.439153439153439	5.291005291005291	0.0
19.0	89.41798941798942	3.3068783068783065	3.0423280423280423	4.232804232804233	0.0
20.0	89.41798941798942	3.439153439153439	2.380952380952381	4.761904761904762	0.0
21.0	89.19631093544137	2.1080368906455864	3.557312252964427	5.138339920948617	0.0
22.0	88.32020997375328	2.7559055118110236	3.543307086614173	5.380577427821522	0.0
23.0	89.37007874015748	2.6246719160104988	3.4120734908136483	4.593175853018373	0.0
24.0	89.501312335958	2.6246719160104988	3.4120734908136483	4.4619422572178475	0.0
25.0	89.1218872870249	1.9659239842726082	4.062909567496723	4.849279161205767	0.0
26.0	89.51507208387942	1.9659239842726082	3.9318479685452163	4.587155963302752	0.0
27.0	89.79057591623037	3.4031413612565444	2.6178010471204187	4.18848167539267	0.0
28.0	89.01960784313725	1.6993464052287581	3.7908496732026142	5.490196078431373	0.0
29.0	89.80392156862746	2.6143790849673203	2.6143790849673203	4.967320261437909	0.0
30.0	90.43250327653998	2.8833551769331587	3.669724770642202	3.014416775884666	0.0
31.0	88.33551769331585	3.5386631716906947	2.7522935779816518	5.373525557011796	0.0
32.0	89.82597054886212	2.677376171352075	3.8821954484605086	3.614457831325301	0.0
33.0	52.32558139534884	12.790697674418606	13.953488372093023	20.930232558139537	0.0
34.0	48.837209302325576	16.27906976744186	13.372093023255813	21.511627906976745	0.0
35.0	42.5531914893617	14.184397163120568	21.27659574468085	21.98581560283688	0.0
36.0	39.00709219858156	14.184397163120568	17.02127659574468	29.78723404255319	0.0
37.0	41.843971631205676	20.56737588652482	13.47517730496454	24.113475177304963	0.0
38.0	47.22222222222222	15.972222222222221	13.194444444444445	23.61111111111111	0.0
39.0	42.95774647887324	14.788732394366196	19.014084507042252	23.239436619718308	0.0
40.0	36.36363636363637	21.678321678321677	20.97902097902098	20.97902097902098	0.0
41.0	44.21768707482993	17.687074829931973	17.006802721088434	21.08843537414966	0.0
42.0	43.15068493150685	15.753424657534246	10.95890410958904	30.136986301369863	0.0
43.0	43.44827586206896	10.344827586206897	15.172413793103448	31.03448275862069	0.0
44.0	37.67123287671233	18.493150684931507	17.80821917808219	26.027397260273972	0.0
45.0	45.89041095890411	17.123287671232877	17.123287671232877	19.863013698630137	0.0
46.0	42.465753424657535	15.753424657534246	20.54794520547945	21.232876712328768	0.0
47.0	43.75	13.88888888888889	13.88888888888889	28.47222222222222	0.0
48.0	48.25174825174825	13.986013986013987	15.384615384615385	22.377622377622377	0.0
49.0	42.65734265734265	16.083916083916083	11.888111888111888	29.37062937062937	0.0
50.0	42.5531914893617	15.602836879432624	17.02127659574468	24.822695035460992	0.0
51.0	42.142857142857146	15.714285714285714	17.857142857142858	24.285714285714285	0.0
52.0	45.0	7.857142857142857	17.142857142857142	30.0	0.0
53.0	43.97163120567376	14.184397163120568	21.27659574468085	20.56737588652482	0.0
54.0	43.57142857142857	18.571428571428573	15.714285714285714	22.142857142857142	0.0
55.0	43.79562043795621	13.86861313868613	13.138686131386862	29.1970802919708	0.0
56.0	36.231884057971016	16.666666666666664	21.014492753623188	26.08695652173913	0.0
57.0	40.714285714285715	17.857142857142858	17.142857142857142	24.285714285714285	0.0
58.0	42.142857142857146	15.0	16.428571428571427	26.42857142857143	0.0
59.0	40.42553191489361	17.73049645390071	17.02127659574468	24.822695035460992	0.0
60.0	45.714285714285715	17.142857142857142	17.142857142857142	20.0	0.0
61.0	46.043165467625904	16.546762589928058	9.352517985611511	28.05755395683453	0.0
62.0	46.42857142857143	15.714285714285714	19.28571428571429	18.571428571428573	0.0
63.0	50.349650349650354	16.783216783216783	13.286713286713287	19.58041958041958	0.0
64.0	40.97222222222222	15.277777777777779	15.277777777777779	28.47222222222222	0.0
65.0	44.5945945945946	12.837837837837837	20.945945945945947	21.62162162162162	0.0
66.0	45.57823129251701	12.244897959183673	13.60544217687075	28.57142857142857	0.0
67.0	42.281879194630875	18.120805369127517	18.120805369127517	21.476510067114095	0.0
68.0	49.664429530201346	16.778523489932887	14.76510067114094	18.79194630872483	0.0
69.0	45.63758389261745	16.778523489932887	15.436241610738255	22.14765100671141	0.0
70.0	45.63758389261745	15.436241610738255	13.422818791946309	25.503355704697988	0.0
71.0	40.939597315436245	20.80536912751678	14.093959731543624	24.161073825503358	0.0
72.0	46.0	15.333333333333332	18.666666666666668	20.0	0.0
73.0	41.333333333333336	14.666666666666666	15.333333333333332	28.666666666666668	0.0
74.0	45.57823129251701	17.687074829931973	12.925170068027212	23.809523809523807	0.0
75.0	48.29931972789115	14.965986394557824	10.884353741496598	25.850340136054424	0.0
76.0	46.25850340136054	15.646258503401361	18.367346938775512	19.727891156462583	0.0
77.0	46.93877551020408	21.768707482993197	11.564625850340136	19.727891156462583	0.0
78.0	46.57534246575342	17.123287671232877	10.273972602739725	26.027397260273972	0.0
79.0	45.89041095890411	17.123287671232877	13.013698630136986	23.972602739726025	0.0
80.0	41.0958904109589	13.013698630136986	19.17808219178082	26.71232876712329	0.0
81.0	43.24324324324324	15.54054054054054	20.945945945945947	20.27027027027027	0.0
82.0	44.89795918367347	19.047619047619047	13.60544217687075	22.448979591836736	0.0
83.0	47.61904761904761	10.884353741496598	19.047619047619047	22.448979591836736	0.0
84.0	44.89795918367347	14.285714285714285	14.965986394557824	25.850340136054424	0.0
85.0	46.25850340136054	12.244897959183673	19.047619047619047	22.448979591836736	0.0
86.0	41.891891891891895	15.54054054054054	18.91891891891892	23.64864864864865	0.0
87.0	43.53741496598639	17.006802721088434	17.687074829931973	21.768707482993197	0.0
88.0	41.49659863945578	11.564625850340136	17.687074829931973	29.25170068027211	0.0
89.0	42.857142857142854	17.687074829931973	12.244897959183673	27.2108843537415	0.0
90.0	43.53741496598639	17.006802721088434	14.965986394557824	24.489795918367346	0.0
91.0	38.35616438356164	14.383561643835616	20.54794520547945	26.71232876712329	0.0
92.0	38.095238095238095	11.564625850340136	20.408163265306122	29.931972789115648	0.0
93.0	48.322147651006716	14.76510067114094	12.751677852348994	24.161073825503358	0.0
94.0	54.666666666666664	12.666666666666668	13.333333333333334	19.333333333333332	0.0
95.0	47.651006711409394	12.751677852348994	21.476510067114095	18.120805369127517	0.0
96.0	45.27027027027027	14.864864864864865	14.18918918918919	25.675675675675674	0.0
97.0	45.33333333333333	16.0	16.0	22.666666666666664	0.0
98.0	44.13793103448276	12.413793103448276	17.24137931034483	26.20689655172414	0.0
99.0	53.79310344827586	18.620689655172416	9.655172413793103	17.93103448275862	0.0
100.0	46.52777777777778	10.416666666666668	17.36111111111111	25.694444444444443	0.0
101.0	51.02040816326531	9.523809523809524	17.687074829931973	21.768707482993197	0.0
102.0	42.465753424657535	14.383561643835616	19.17808219178082	23.972602739726025	0.0
103.0	43.91891891891892	15.54054054054054	18.91891891891892	21.62162162162162	0.0
104.0	46.25850340136054	14.965986394557824	16.3265306122449	22.448979591836736	0.0
105.0	48.97959183673469	14.285714285714285	16.3265306122449	20.408163265306122	0.0
106.0	45.20547945205479	15.753424657534246	15.753424657534246	23.28767123287671	0.0
107.0	40.41095890410959	17.80821917808219	19.17808219178082	22.602739726027394	0.0
108.0	46.57534246575342	13.698630136986301	14.383561643835616	25.34246575342466	0.0
109.0	46.57534246575342	8.904109589041095	19.863013698630137	24.65753424657534	0.0
110.0	43.05555555555556	15.277777777777779	16.666666666666664	25.0	0.0
111.0	47.58620689655172	16.551724137931036	16.551724137931036	19.310344827586206	0.0
112.0	46.57534246575342	17.123287671232877	14.383561643835616	21.91780821917808	0.0
113.0	46.93877551020408	19.047619047619047	14.965986394557824	19.047619047619047	0.0
114.0	47.58620689655172	15.862068965517242	8.275862068965518	28.27586206896552	0.0
115.0	41.78082191780822	16.43835616438356	15.753424657534246	26.027397260273972	0.0
116.0	45.57823129251701	17.006802721088434	17.006802721088434	20.408163265306122	0.0
117.0	49.65986394557823	14.285714285714285	15.646258503401361	20.408163265306122	0.0
118.0	35.374149659863946	15.646258503401361	17.006802721088434	31.97278911564626	0.0
119.0	46.206896551724135	11.03448275862069	12.413793103448276	30.344827586206897	0.0
120.0	48.61111111111111	15.277777777777779	17.36111111111111	18.75	0.0
121.0	52.112676056338024	14.788732394366196	8.450704225352112	24.647887323943664	0.0
122.0	50.35460992907801	14.893617021276595	12.76595744680851	21.98581560283688	0.0
123.0	39.568345323741006	18.705035971223023	17.26618705035971	24.46043165467626	0.0
124.0	45.98540145985402	15.328467153284672	10.948905109489052	27.73722627737226	0.0
125.0	44.44444444444444	11.851851851851853	19.25925925925926	24.444444444444443	0.0
126.0	51.8796992481203	14.285714285714285	12.781954887218044	21.052631578947366	0.0
127.0	34.84848484848485	18.939393939393938	15.909090909090908	30.303030303030305	0.0
128.0	37.121212121212125	11.363636363636363	22.727272727272727	28.78787878787879	0.0
129.0	41.53846153846154	19.230769230769234	16.153846153846153	23.076923076923077	0.0
130.0	42.51968503937008	17.322834645669293	14.173228346456693	25.984251968503933	0.0
131.0	35.65891472868217	18.6046511627907	18.6046511627907	27.131782945736433	0.0
132.0	43.41085271317829	16.27906976744186	18.6046511627907	21.705426356589147	0.0
133.0	38.759689922480625	21.705426356589147	19.379844961240313	20.155038759689923	0.0
134.0	43.65079365079365	19.841269841269842	12.698412698412698	23.809523809523807	0.0
135.0	38.88888888888889	19.047619047619047	17.46031746031746	24.6031746031746	0.0
136.0	38.095238095238095	17.46031746031746	15.079365079365079	29.365079365079367	0.0
137.0	36.0	17.599999999999998	18.4	28.000000000000004	0.0
138.0	33.064516129032256	17.741935483870968	12.903225806451612	36.29032258064516	0.0
139.0	36.29032258064516	14.516129032258066	16.129032258064516	33.064516129032256	0.0
140.0	35.77235772357724	16.260162601626014	25.203252032520325	22.76422764227642	0.0
141.0	43.08943089430895	16.260162601626014	16.260162601626014	24.390243902439025	0.0
142.0	45.90163934426229	15.573770491803279	16.39344262295082	22.131147540983605	0.0
143.0	45.08196721311475	18.0327868852459	18.852459016393443	18.0327868852459	0.0
144.0	39.166666666666664	13.333333333333334	16.666666666666664	30.833333333333336	0.0
145.0	33.61344537815126	16.80672268907563	19.327731092436977	30.252100840336134	0.0
146.0	42.3728813559322	18.64406779661017	13.559322033898304	25.423728813559322	0.0
147.0	37.28813559322034	16.94915254237288	23.728813559322035	22.033898305084744	0.0
148.0	37.60683760683761	22.22222222222222	17.094017094017094	23.076923076923077	0.0
149.0	38.26086956521739	18.26086956521739	15.65217391304348	27.82608695652174	0.0
150.0	29.565217391304348	12.173913043478262	20.0	38.26086956521739	0.0
151.0	40.869565217391305	16.52173913043478	14.782608695652174	27.82608695652174	0.0
152.0	36.52173913043478	22.608695652173914	14.782608695652174	26.08695652173913	0.0
153.0	33.91304347826087	15.65217391304348	18.26086956521739	32.17391304347826	0.0
154.0	32.17391304347826	15.65217391304348	21.73913043478261	30.434782608695656	0.0
155.0	39.130434782608695	18.26086956521739	19.130434782608695	23.47826086956522	0.0
156.0	37.391304347826086	17.391304347826086	18.26086956521739	26.956521739130434	0.0
157.0	37.391304347826086	16.52173913043478	15.65217391304348	30.434782608695656	0.0
158.0	33.04347826086956	14.782608695652174	19.130434782608695	33.04347826086956	0.0
159.0	42.241379310344826	17.24137931034483	14.655172413793101	25.862068965517242	0.0
160.0	35.3448275862069	15.517241379310345	20.689655172413794	28.448275862068968	0.0
161.0	30.17241379310345	21.551724137931032	18.96551724137931	29.310344827586203	0.0
162.0	34.48275862068966	19.82758620689655	18.103448275862068	27.586206896551722	0.0
163.0	35.3448275862069	18.96551724137931	18.96551724137931	26.72413793103448	0.0
164.0	33.33333333333333	16.666666666666664	17.543859649122805	32.45614035087719	0.0
165.0	38.59649122807017	15.789473684210526	17.543859649122805	28.07017543859649	0.0
166.0	39.823008849557525	8.849557522123893	29.20353982300885	22.123893805309734	0.0
167.0	33.6283185840708	23.008849557522122	15.04424778761062	28.31858407079646	0.0
168.0	36.283185840707965	14.15929203539823	22.123893805309734	27.43362831858407	0.0
169.0	33.33333333333333	11.711711711711711	30.630630630630627	24.324324324324326	0.0
170.0	26.36363636363636	20.0	17.272727272727273	36.36363636363637	0.0
171.0	30.909090909090907	22.727272727272727	18.181818181818183	28.18181818181818	0.0
172.0	21.296296296296298	20.37037037037037	20.37037037037037	37.96296296296296	0.0
173.0	31.48148148148148	23.14814814814815	19.444444444444446	25.925925925925924	0.0
174.0	32.407407407407405	20.37037037037037	14.814814814814813	32.407407407407405	0.0
175.0	41.81818181818181	14.545454545454545	19.090909090909093	24.545454545454547	0.0
176.0	28.703703703703702	22.22222222222222	21.296296296296298	27.77777777777778	0.0
177.0	26.851851851851855	22.22222222222222	24.074074074074073	26.851851851851855	0.0
178.0	42.05607476635514	12.149532710280374	18.69158878504673	27.102803738317753	0.0
179.0	25.471698113207548	16.037735849056602	29.245283018867923	29.245283018867923	0.0
180.0	26.41509433962264	24.528301886792452	21.69811320754717	27.358490566037734	0.0
181.0	34.285714285714285	19.047619047619047	18.095238095238095	28.57142857142857	0.0
182.0	37.86407766990291	19.41747572815534	19.41747572815534	23.300970873786408	0.0
183.0	30.097087378640776	16.50485436893204	15.53398058252427	37.86407766990291	0.0
184.0	29.126213592233007	20.388349514563107	13.592233009708737	36.89320388349515	0.0
185.0	28.431372549019606	16.666666666666664	22.54901960784314	32.35294117647059	0.0
186.0	37.254901960784316	14.705882352941178	20.588235294117645	27.450980392156865	0.0
187.0	25.49019607843137	18.627450980392158	29.411764705882355	26.47058823529412	0.0
188.0	26.47058823529412	23.52941176470588	25.49019607843137	24.509803921568626	0.0
189.0	33.33333333333333	17.647058823529413	18.627450980392158	30.392156862745097	0.0
190.0	33.00970873786408	17.475728155339805	24.271844660194176	25.24271844660194	0.0
191.0	33.980582524271846	14.563106796116504	20.388349514563107	31.06796116504854	0.0
192.0	27.184466019417474	22.330097087378643	15.53398058252427	34.95145631067961	0.0
193.0	36.27450980392157	15.686274509803921	15.686274509803921	32.35294117647059	0.0
194.0	32.35294117647059	20.588235294117645	16.666666666666664	30.392156862745097	0.0
195.0	37.254901960784316	19.607843137254903	15.686274509803921	27.450980392156865	0.0
196.0	32.35294117647059	16.666666666666664	16.666666666666664	34.31372549019608	0.0
197.0	31.372549019607842	24.509803921568626	16.666666666666664	27.450980392156865	0.0
198.0	36.27450980392157	24.509803921568626	13.725490196078432	25.49019607843137	0.0
199.0	22.54901960784314	27.450980392156865	21.568627450980394	28.431372549019606	0.0
200.0	36.27450980392157	14.705882352941178	16.666666666666664	32.35294117647059	0.0
201.0	40.0	12.0	14.000000000000002	34.0	0.0
202.0	34.0	20.0	18.0	28.000000000000004	0.0
203.0	28.999999999999996	25.0	18.0	28.000000000000004	0.0
204.0	37.62376237623762	15.841584158415841	16.831683168316832	29.7029702970297	0.0
205.0	36.633663366336634	16.831683168316832	17.82178217821782	28.71287128712871	0.0
206.0	31.683168316831683	22.772277227722775	23.762376237623762	21.782178217821784	0.0
207.0	33.663366336633665	20.792079207920793	17.82178217821782	27.722772277227726	0.0
208.0	38.38383838383838	14.14141414141414	17.17171717171717	30.303030303030305	0.0
209.0	26.53061224489796	17.346938775510203	22.448979591836736	33.6734693877551	0.0
210.0	38.775510204081634	14.285714285714285	14.285714285714285	32.6530612244898	0.0
211.0	35.714285714285715	15.306122448979592	20.408163265306122	28.57142857142857	0.0
212.0	28.421052631578945	16.842105263157894	22.105263157894736	32.631578947368425	0.0
213.0	36.84210526315789	7.368421052631578	28.421052631578945	27.368421052631582	0.0
214.0	24.210526315789473	20.0	24.210526315789473	31.57894736842105	0.0
215.0	31.914893617021278	17.02127659574468	17.02127659574468	34.04255319148936	0.0
216.0	29.78723404255319	17.02127659574468	14.893617021276595	38.297872340425535	0.0
217.0	29.78723404255319	19.148936170212767	14.893617021276595	36.17021276595745	0.0
218.0	28.723404255319153	22.340425531914892	18.085106382978726	30.851063829787233	0.0
219.0	34.04255319148936	14.893617021276595	20.212765957446805	30.851063829787233	0.0
220.0	36.55913978494624	18.27956989247312	17.20430107526882	27.956989247311824	0.0
221.0	34.40860215053764	11.827956989247312	21.50537634408602	32.25806451612903	0.0
222.0	35.483870967741936	15.053763440860216	17.20430107526882	32.25806451612903	0.0
223.0	28.26086956521739	17.391304347826086	16.304347826086957	38.04347826086957	0.0
224.0	26.08695652173913	17.391304347826086	25.0	31.521739130434785	0.0
225.0	25.555555555555554	16.666666666666664	24.444444444444443	33.33333333333333	0.0
226.0	25.555555555555554	21.11111111111111	18.88888888888889	34.44444444444444	0.0
227.0	24.444444444444443	20.0	22.22222222222222	33.33333333333333	0.0
228.0	24.719101123595504	20.224719101123593	14.606741573033707	40.44943820224719	0.0
229.0	23.595505617977526	28.08988764044944	14.606741573033707	33.70786516853933	0.0
230.0	36.36363636363637	15.909090909090908	23.863636363636363	23.863636363636363	0.0
231.0	36.7816091954023	19.54022988505747	14.942528735632186	28.735632183908045	0.0
232.0	33.33333333333333	24.137931034482758	16.091954022988507	26.436781609195403	0.0
233.0	35.63218390804598	16.091954022988507	18.39080459770115	29.88505747126437	0.0
234.0	31.03448275862069	22.988505747126435	19.54022988505747	26.436781609195403	0.0
235.0	30.58823529411765	14.117647058823529	17.647058823529413	37.64705882352941	0.0
236.0	30.48780487804878	17.073170731707318	26.82926829268293	25.609756097560975	0.0
237.0	33.75	18.75	25.0	22.5	0.0
238.0	28.749999999999996	18.75	25.0	27.500000000000004	0.0
239.0	32.5	27.500000000000004	21.25	18.75	0.0
240.0	31.645569620253166	25.31645569620253	16.455696202531644	26.582278481012654	0.0
241.0	23.076923076923077	19.230769230769234	21.794871794871796	35.8974358974359	0.0
242.0	32.89473684210527	15.789473684210526	22.36842105263158	28.947368421052634	0.0
243.0	29.333333333333332	10.666666666666668	12.0	48.0	0.0
244.0	26.666666666666668	18.666666666666668	13.333333333333334	41.333333333333336	0.0
245.0	25.675675675675674	12.162162162162163	22.972972972972975	39.189189189189186	0.0
246.0	31.08108108108108	18.91891891891892	18.91891891891892	31.08108108108108	0.0
247.0	34.24657534246575	12.32876712328767	27.397260273972602	26.027397260273972	0.0
248.0	42.64705882352941	13.23529411764706	23.52941176470588	20.588235294117645	0.0
249.0	39.0625	18.75	21.875	20.3125	0.0
250.0	17.94871794871795	23.076923076923077	38.46153846153847	20.51282051282051	0.0
