# Position (bp)	A	C	G	T	N
0.0	26.91328840636349	23.890726425255693	25.387232987961223	23.808752180419592	0.0
1.0	26.594544368487423	20.749224890726182	15.192141766775071	37.46314082811063	9.481459006911983E-4
2.0	27.5672613990371	20.40026432549797	17.802322288303596	34.230151987161335	0.0
3.0	24.04816966551977	22.27706018387952	15.066651625397185	38.606238366518134	0.001880158685393047
4.0	34.10680228862047	14.968587562170448	13.93552971093078	36.9890804382783	0.0
5.0	35.365103049519725	14.779446050545555	22.56458080760981	27.284342068450997	0.0065280238739158815
6.0	31.615999107234195	17.570747040388355	21.144600161813802	29.66865369056365	0.0
7.0	34.37836033964923	17.99380770514294	20.141644109903964	27.486187845303867	0.0
8.0	24.462554577073927	26.3894027973063	21.126877821357212	28.020239769111228	9.250351513357507E-4
9.0	28.330839014836577	18.524472035918187	16.473587938584338	36.6711010106609	0.0
10.0	27.08840900701366	16.866002214839423	24.87264673311185	31.170173495754895	0.0027685492801771874
11.0	27.601659751037346	19.46980175195943	20.038727524204702	32.88888888888889	9.220839096357768E-4
12.0	26.654686204036494	20.497649986176388	20.97041747304396	31.87724633674316	0.0
13.0	26.73683047429629	21.74249330129002	18.692853788569376	32.825980866090255	0.001841569754058359
14.0	30.427336261429243	19.409224422898077	20.276603777059567	29.886835538613116	0.0
15.0	29.52128394243253	18.8797731186063	19.076821082290543	32.52212185667063	0.0
16.0	29.816855887958898	17.92860234063516	19.075900297413515	33.17864147399243	0.0
17.0	29.955894404390303	18.71034870123293	20.311593602386672	31.02216329199009	0.0
18.0	31.91808697733948	18.21864957689935	18.424905389353885	31.43743727153025	9.207848770291795E-4
19.0	30.43654411019953	18.864119775696803	19.6403414270324	31.058994687071262	0.0
20.0	30.403395854626485	17.503199727447676	20.239772381978398	31.85363203594744	0.0
21.0	29.12258409067889	18.14038286235187	19.17074113974752	33.56629190722172	0.0
22.0	28.370302846146057	18.97737631557139	20.06850639485097	32.58381444343158	0.0
23.0	29.820539027467014	17.428616152408313	20.050090697310388	32.698912553060225	0.001841569754058359
24.0	30.696205445521763	17.89361251530805	19.219542738230068	32.189718516063095	9.207848770291795E-4
25.0	29.20637551448855	18.269292745135953	19.343848696629006	33.17956225886946	9.207848770291795E-4
26.0	30.642799922654067	17.577783302487042	21.0003406904045	30.7763137298233	0.002762354631087539
27.0	28.497371159176083	18.75638794508439	20.333692439435374	32.41254845630415	0.0
28.0	30.11795254274744	17.72418809793468	20.20294098689723	31.95491837242065	0.0
29.0	29.813447266164527	18.43428297821403	19.235373197547005	32.516896558074436	0.0
30.0	29.939408449666654	18.539356882389775	19.038454455044384	32.4818593686692	9.20844229990055E-4
31.0	30.25628746926484	18.432806269511644	19.187947213806186	32.11835452946431	0.004604517953015499
32.0	28.919834954317714	18.897362216327735	19.06406572354848	33.118737105806076	0.0
33.0	29.809968589088164	17.538526726909296	19.65715127900443	32.99435340499811	0.0
34.0	29.155112531898624	18.74119045206224	19.462536965554094	32.63839627073986	0.0027637797451795076
35.0	30.480591497227355	17.52218114602588	19.24953789279113	32.74768946395564	0.0
36.0	31.08919501521894	18.188714855350682	18.492168490780745	32.229921638649635	0.0
37.0	28.905389265908106	19.56374813676385	19.330438566442307	32.20042403088574	0.0
38.0	30.558387868226394	18.278304072968613	19.331306427392892	31.831074692719824	9.269386922748929E-4
39.0	30.266566390908334	18.639220820218565	19.333723294615748	31.75956101501351	9.284792438465037E-4
40.0	29.056279803286643	19.895297729584456	19.09090060749713	31.956588684316124	9.331753156465505E-4
41.0	29.3781600893033	17.913191936437062	20.458148457360487	32.24956145699464	9.380599045055017E-4
42.0	28.65938038351831	19.5637643913506	19.57694371487475	32.19897013000461	9.413802517250793E-4
43.0	29.08045217161367	18.97175343992294	20.16640066484715	31.779504953300155	0.0018887703160857124
44.0	29.123879650574015	19.15785687920575	19.80427602002669	31.913041009284587	9.464409089618489E-4
45.0	29.56175979350137	19.064113270573944	19.743584877011845	31.62959307622229	9.489826905557244E-4
46.0	29.91166934479382	17.69845872990216	19.601989103667293	32.78693200726423	9.508143725100549E-4
47.0	29.880755090767092	19.113473150846715	19.389679410252015	31.615139912756916	9.524353772596529E-4
48.0	30.51867536530464	18.190835908587996	19.065468696348862	32.22311243371104	0.0019075960474609897
49.0	28.02430913886022	19.34506746168253	20.089439284485724	32.54118411497152	0.0
50.0	29.488727858293075	18.897132121769804	19.35530250747642	32.255961966106895	0.002875546353807223
51.0	30.15044401209716	18.123591393292624	19.02895228555468	32.69701230905554	0.0
52.0	29.150841020075962	18.756297961398342	20.124408960545694	31.968452057980002	0.0
53.0	30.257019585691054	18.73934766305989	19.812616262648888	31.19101648860017	0.0
54.0	30.146418755685094	18.82415078099784	18.931739713030975	32.09475650668519	0.002934243600903747
55.0	28.7212934404652	18.790641023122408	18.58436634383042	33.90369919258197	0.0
56.0	29.609908097661027	18.28087405829685	21.28051907072141	30.828698773320713	0.0
57.0	27.601930799817996	19.688816791627925	19.281291420206138	33.42796098834794	0.0
58.0	30.39005614745154	17.75489554193203	21.90941015415749	29.94464615201476	9.9200444417991E-4
59.0	28.155339805825243	21.434901667911376	21.239731142643762	29.17002738361962	0.0
60.0	31.11433575181386	18.815111333500127	20.09206905178884	29.97648236177133	0.0020015011258443832
61.0	28.594014339805042	21.357649238701363	19.79577861918956	30.248529767179573	0.0040280351244662855
62.0	31.14670889673935	16.944816664636374	21.143460429609778	30.763998863036505	0.0010151459779916352
63.0	26.07626832191255	20.85753208575321	24.752891046717675	28.313308545616568	0.0
64.0	25.97778351847068	21.520020666494446	17.91578403513304	34.58641177990183	0.0
65.0	27.48608708339413	19.581257685974528	19.012235029284867	33.91937803530858	0.0010421660378931571
66.0	27.70153833221251	19.115669132481507	17.69817585743107	35.48461667787491	0.0
67.0	33.348512125383884	14.370433125066187	17.82802075611564	34.451975007942394	0.001058985491898761
68.0	34.18574653337633	15.944319036869828	23.178544555519725	26.690314952165966	0.0010749220681500592
69.0	31.856905121394803	17.214587213595337	20.37096223150424	30.557545433505627	0.0
70.0	31.910278413424862	16.70838100686499	23.09425057208238	28.287090007627764	0.0
71.0	25.90578067869338	19.955881908560723	24.48554074879884	29.652796663947058	0.0
