# Position (bp)	A	C	G	T	N
0.0	26.014742557216476	24.52342601373898	24.547511879851672	24.91431954919287	0.0
1.0	25.556609312197985	20.68775183529282	14.911158279265582	38.844480573243615	0.0
2.0	27.39080286846196	19.87613459706133	18.69665513264129	34.03640740183542	0.0
3.0	23.28734848560801	23.02567598728733	15.660748122675274	38.026227404429385	0.0
4.0	33.666571455774545	14.140821920554028	14.464538953782629	37.7280676698888	0.0
5.0	34.80680696727265	15.875743290969297	23.11252936844689	26.204920373311158	0.0
6.0	32.52637273464972	17.924443242268506	20.746551257776574	28.8026327653052	0.0
7.0	34.24444143914008	17.76635762120142	20.09596938596623	27.893231553692267	0.0
8.0	23.333249856001604	26.27782925546568	22.24086549297538	28.148055395557336	0.0
9.0	29.592010497741185	18.618465206198476	15.756127856076771	36.03339643998357	0.0
10.0	26.94461137820513	16.86348157051282	24.478665865384617	31.713241185897434	0.0
11.0	28.117441447035667	18.71341222188281	19.895738916626186	33.273407414455335	0.0
12.0	26.12895472162966	20.346222796422598	21.163456819797897	32.361365662149844	0.0
13.0	27.02085576224932	21.203274830374802	18.4662377006084	33.30963170676748	0.0
14.0	30.513176144244103	18.613337873090423	20.035350020278695	30.838135962386776	0.0
15.0	29.877334401441946	18.944074500575777	18.713262904921642	32.465328193060635	0.0
16.0	29.650932864773406	17.174022957434136	18.876557486196006	34.29848669159646	0.0
17.0	30.20641467125811	18.20243052774886	20.24105069272043	31.350104108272603	0.0
18.0	31.468304009287618	17.366740727396465	18.702836325787146	32.46211893752877	0.0
19.0	30.02711545580981	18.256906436668903	19.818796714127053	31.897181393394234	0.0
20.0	30.480454193032035	18.01465622889728	19.663857139284197	31.84103243878648	0.0
21.0	30.065120838668374	17.7001640524968	19.943381882202303	32.291333226632524	0.0
22.0	28.858859009047304	18.639253009517425	19.7305312854778	32.77135669595747	0.0
23.0	29.65548626495902	17.77128768822232	20.437780989483052	32.13544505733561	0.0
24.0	31.026430792923787	18.544556336690103	18.326549796493897	32.10246307389222	0.0
25.0	29.388146940734707	17.80358901794509	19.360596802984016	33.447667238336194	0.0
26.0	31.151598178081986	17.674704638291278	20.328585213665384	30.84511196996135	0.0
27.0	29.088027517660997	18.331441827444667	19.74032207262383	32.840208582270506	0.0
28.0	29.967053788814287	17.565979912310084	20.22017467991181	32.24679161896382	0.0
29.0	29.436437352210408	18.07469842174463	20.070889012203107	32.417975213841856	0.0
30.0	29.980652805343226	18.013887986241993	19.50567167760675	32.499787530808035	0.0
31.0	29.914662373955775	18.189862469941858	19.789130576066473	32.106344580035895	0.0
32.0	30.097791198792105	18.142367186953173	19.679228869401754	32.080612744852964	0.0
33.0	30.99033067685262	18.13773035887488	19.764616476846623	31.107322487425883	0.0
34.0	29.921106311495084	17.818074554035675	20.008899288056956	32.251919846412285	0.0
35.0	29.89870607763534	18.34439933603984	19.908805471671702	31.84808911465312	0.0
36.0	30.314742131446714	17.95805104872378	19.030524236894077	32.69668258293542	0.0
37.0	28.875644378221892	19.26109630548153	19.320596602983013	32.54266271331357	0.0
38.0	30.10484947575262	18.13390933045335	19.75440122799386	32.00683996580017	0.0
39.0	28.92228922289223	18.99018990189902	19.99819998199982	32.089320893208935	0.0
40.0	30.514262856571417	18.25545638640966	19.800995024875622	31.429285732143303	0.0
41.0	30.181056336971796	17.59761591655708	20.853229863045204	31.36809788342592	0.0
42.0	30.01715094330188	18.98954442494337	19.912095165234085	31.081209466520658	0.0
43.0	29.85458982128749	18.468792815497086	19.606372446071223	32.0702449171442	0.0
44.0	29.262133592023282	18.542668840195617	20.825374283685534	31.369823284095567	0.0
45.0	29.503892947688986	19.463238272401327	19.568250348790112	31.46461843111958	0.0
46.0	30.364795599449927	17.892236529566198	19.268408551068884	32.474559319914995	0.0
47.0	29.988898556812387	18.19786572254393	20.31514096832588	31.4980947523178	0.0
48.0	30.45722086923473	18.44985972825788	19.54202901449725	31.550890388010146	0.0
49.0	29.374199871979517	18.539466314610337	19.40660505680909	32.67972875660106	0.0
50.0	29.79416089056921	18.40199637931207	20.020803952751024	31.7830387773677	0.0
51.0	29.921334660258754	18.978200749146083	19.42478783362756	31.675676756967608	0.0
52.0	29.719835562179302	18.772817748082062	19.290436800464107	32.21690988927453	0.0
53.0	31.14747539409458	18.17336160678563	19.562695046811235	31.11646795230855	0.0
54.0	30.52497861976184	18.152447349600653	19.906377062380283	31.41619696825722	0.0
55.0	29.5139357749071	18.0922516791446	19.049976744534966	33.34383580141333	0.0
56.0	29.357986286503056	18.52072278431	20.491725389974444	31.6295655392125	0.0
57.0	28.785415989397084	18.281027282502688	19.579384330690942	33.354172397409286	0.0
58.0	29.894721048288282	17.975943384430717	19.29530620920753	32.834029358073465	0.0
59.0	29.74577500362607	17.57168364667577	20.744619662800527	31.937921686897635	0.0
60.0	29.682053026172984	18.534152916639577	19.964089047159383	31.81970501002806	0.0
61.0	30.458660531185917	17.676186665332867	19.555344370529685	32.309808432951534	0.0
62.0	29.238025689248133	18.326597575127046	19.70659437397463	32.7287823616502	0.0
63.0	29.44359969589052	18.182545716457923	19.990696650794284	32.38315793685727	0.0
64.0	28.496756218706388	18.763911745139332	19.78931678012815	32.950015256026134	0.0
65.0	30.326540412377323	17.83666976800024	20.656382244365076	31.180407575257362	0.0
66.0	30.167131058563402	18.315382960735956	20.476931311686165	31.04055466901447	0.0
67.0	29.421710855427712	17.662831415707856	19.392196098049023	33.52326163081541	0.0
68.0	29.63461365296301	18.261813524897697	20.134768732053345	31.968804090085946	0.0
69.0	29.872481777751098	17.77000695372024	19.868629716898543	32.48888155163012	0.0
70.0	28.470158587222972	18.347090899994996	20.08004402421332	33.102706488568714	0.0
71.0	29.555994696950748	17.78972909422918	20.987067563849212	31.667208644970856	0.0
72.0	30.06438831104507	18.0257253065574	19.989393689245098	31.920492693152426	0.0
73.0	30.236490711973623	17.718542532807017	19.305486764624952	32.739479990594404	0.0
74.0	29.447815928636828	18.21051736300462	20.831603119887532	31.510063588471027	0.0
75.0	30.4033060993731	17.841829561771725	19.757546041736504	31.99731829711867	0.0
76.0	28.7573360551161	18.365029094056606	19.406211068249704	33.47142378257759	0.0
77.0	29.224434248775438	17.79983689153287	21.81500697964146	31.160721880050236	0.0
78.0	29.88452263016221	17.932014449681287	18.863138302662787	33.32032461749372	0.0
79.0	30.422535211267604	17.510319465639306	19.336552172716583	32.7305931503765	0.0
80.0	31.186674738943566	17.99750826824643	19.91233907565758	30.903477917152422	0.0
81.0	30.13939897327102	18.663751263397014	19.590909545777503	31.605940217554462	0.0
82.0	30.160517177539603	18.04117005413952	18.71316060724329	33.08515216107759	0.0
83.0	29.73550427316214	18.505193843444147	20.149410563817224	31.609891319576487	0.0
84.0	31.087504753517603	18.06336689149971	18.96953745771871	31.879590897263977	0.0
85.0	29.825570922482637	17.347337029401757	19.131157056221603	33.695934991894	0.0
86.0	30.568037388789364	17.72264643775707	19.960869869799748	31.748446303653814	0.0
87.0	29.669790785766825	18.63212621908198	20.133304644145657	31.56477835100554	0.0
88.0	29.935397348839306	17.75997437911898	19.107572671727457	33.19705560031426	0.0
89.0	29.715163585776196	18.574917181260446	20.408939419718365	31.300979813244993	0.0
90.0	30.558627626620762	18.50982590114548	19.511182060661866	31.420364411571892	0.0
91.0	30.09032903790817	18.227449017890653	19.648692606030277	32.0335293381709	0.0
92.0	29.094394010669493	18.60105493889562	20.423176627198206	31.88137442323668	0.0
93.0	30.155846495705962	18.48387484235181	19.76257682221288	31.597701839729346	0.0
94.0	30.12006586355833	17.51189898251813	20.134930207650385	32.23310494627316	0.0
95.0	30.20124822950606	18.3360610201048	20.966151659384494	30.49653909100464	0.0
96.0	30.079730128779424	18.768362204015034	19.624722846460692	31.527184820744846	0.0
97.0	29.789331958577126	18.642294775092218	19.85755256690675	31.710820699423902	0.0
98.0	29.013464137344215	18.106511837429302	21.209269733219884	31.67075429200661	0.0
99.0	29.805391769193037	18.618922246804082	19.369725606398845	32.205960377604036	0.0
100.0	29.919213206884436	18.523759345677153	19.904159767173464	31.65286768026494	0.0
101.0	29.82631745728355	18.53368274391256	20.698049906695303	30.941949892108582	0.0
102.0	30.043373007867665	18.151099455315713	19.798265079685294	32.00726245713133	0.0
103.0	29.56997678147779	17.47257027523307	19.69325246475489	33.26420047853425	0.0
104.0	30.120041621196354	18.221962794711065	20.06395452122935	31.594041062863234	0.0
105.0	30.581782625966326	18.205660973100702	19.375948503274564	31.83660789765841	0.0
106.0	29.17865410264141	18.01053702009801	19.94317572090694	32.867633156353634	0.0
107.0	29.66859979181729	18.18009342583619	20.323965111449535	31.82734167089698	0.0
108.0	29.507176615188403	19.087585047132695	20.337257201042934	31.067981136635964	0.0
109.0	28.93136582371843	18.43947122749287	20.09665623081962	32.532506717969085	0.0
110.0	29.495930418954835	17.548840143547103	21.315400287507885	31.639829149990174	0.0
111.0	28.968634504636658	18.878907728113873	20.142132190193813	32.01032557705565	0.0
112.0	29.333645321477785	17.951797831682395	19.057275823518708	33.65728102332111	0.0
113.0	30.228724070286738	17.646813306064526	20.628991193288535	31.4954714303602	0.0
114.0	30.03209608930357	18.332469409232992	19.164978087743272	32.470456413720164	0.0
115.0	29.607071349368592	17.52282055189738	20.20137790413529	32.668730194598744	0.0
116.0	30.098265194710667	17.767908475702704	20.66575592465808	31.468070404928554	0.0
117.0	30.20594480954474	18.351276497720256	19.68840852163506	31.754370171099943	0.0
118.0	29.937940341965717	18.245964528229706	19.66090347810378	32.1551916517008	0.0
119.0	30.676717382264822	17.802347773240506	19.792410785683064	31.728524058811615	0.0
120.0	29.965937468250193	18.088968980102564	19.889417086878172	32.05567646476907	0.0
121.0	30.04319017088285	17.65431767577863	19.733347640636318	32.5691445127022	0.0
122.0	29.53681876406067	17.90077609498283	20.65693587797763	31.90546926297887	0.0
123.0	28.69330453563715	18.630669546436284	19.895788336933045	32.78023758099352	0.0
124.0	29.03650560561808	17.973741106601572	19.318655952142272	33.67109733563808	0.0
125.0	29.033328618217034	18.102782281318348	20.378007246771052	32.48588185369356	0.0
126.0	29.857936390896135	18.15748797019996	19.763281937002628	32.22129370190128	0.0
127.0	29.875414007150535	17.762277642517162	18.938496633107412	33.423811717224886	0.0
128.0	29.39618964786445	17.797239944292453	21.248685753290435	31.55788465455266	0.0
129.0	29.81963662083904	18.056783519738296	19.335462623226203	32.788117236196456	0.0
130.0	29.823258083115274	17.77176564509691	19.752627844059077	32.65234842772875	0.0
131.0	30.211115562678064	17.98488693019943	20.559561965811966	31.24443554131054	0.0
132.0	30.923304576039314	18.361113437753023	18.865343272747577	31.850238713460087	0.0
133.0	30.123586818899934	18.155385494515343	20.1509260607962	31.570101625788528	0.0
134.0	30.91964300777757	17.338979524122845	20.470253459978967	31.271124008120616	0.0
135.0	29.775785259758226	18.114473171585537	20.45430163686359	31.655439931792646	0.0
136.0	28.681361679926958	18.77158460029148	19.667575889895147	32.87947782988641	0.0
137.0	30.536650929158434	17.822870453160505	23.205326073956797	28.435152543724264	0.0
138.0	30.736534996138552	19.754011612940133	19.836961185320785	29.672492205600527	0.0
139.0	30.464842516293896	18.985328318355393	19.997128829423755	30.552700335926957	0.0
140.0	29.058100062820223	21.200384990000636	20.111693206770752	29.629821740408392	0.0
141.0	31.52291518402157	17.06271371786638	20.94565273992814	30.46871835818391	0.0
142.0	26.86086209299085	19.87087184727577	24.358423521761345	28.909842537972036	0.0
143.0	27.701402735509145	19.323468709553293	19.099590723055933	33.87553783188162	0.0
144.0	28.075484509169236	19.699958441376	18.74118342571835	33.48337362373641	0.0
145.0	27.31890576220964	19.573639992709786	17.170808567178746	35.93664567790183	0.0
146.0	33.30200723455564	14.115067262453602	19.9346289334941	32.64829656949665	0.0
147.0	34.24559263975323	16.3196374875207	22.240355816998154	27.194414055727922	0.0
148.0	32.14848281335857	16.91861530007937	21.095915501556874	29.836986385005186	0.0
149.0	33.29681294386946	17.026979437716435	22.934804583308875	26.741403035105225	0.0
150.0	28.076326557550157	17.982774551214362	26.08566525871172	27.855233632523756	0.0
