# Position (bp)	A	C	G	T	N
0.0	26.128611657777977	24.00229587365929	24.2439527283022	25.625139740260533	0.0
1.0	26.980025695674392	20.844210499005317	15.848434184149621	36.327329621170676	0.0
2.0	29.337688453201704	19.72424497282225	17.866804236030983	33.071262337945065	0.0
3.0	23.59246637081442	22.78110180000656	14.92602380124791	38.70040802793111	0.0
4.0	34.623764960083776	13.160348403700539	14.967284876756914	37.24860175945877	0.0
5.0	35.348696567981094	14.791028131273345	23.76657014439193	26.09370515635363	0.0
6.0	31.844783166859276	17.321194332675876	21.15741187334881	29.676610627116034	0.0
7.0	35.26314110495256	17.381907129121007	20.26856738262521	27.086384383301223	0.0
8.0	22.564240607722763	27.32582945029437	22.99789799258864	27.11203194939423	0.0
9.0	27.893926852073914	18.684684018300008	15.634402969017156	37.78698616060892	0.0
10.0	26.911960598831268	16.67460368600516	25.543374444424533	30.870061270739036	0.0
11.0	28.21750813687463	18.763062878605037	19.611961729967735	33.4074672545526	0.0
12.0	25.870743129966435	20.062433648996663	21.189871677016566	32.876951544020336	0.0
13.0	26.71004638549156	20.89712339288068	19.37221163741154	33.02061858421622	0.0
14.0	30.803464022806757	18.563220297214368	20.473582689189247	30.159732990789628	0.0
15.0	29.769046082118216	18.755246598551917	20.313812841144085	31.16189447818578	0.0
16.0	29.818650864309	18.07946246361776	18.867330783573813	33.23455588849943	0.0
17.0	30.567679262570195	17.66498356102856	20.03602351899604	31.731313657405202	0.0
18.0	32.059470325651645	17.837691576706366	19.48068635327069	30.622151744371294	0.0
19.0	30.258383341638922	18.733144954629356	20.11760514771308	30.890866556018644	0.0
20.0	29.7186533172229	18.1554011194184	20.419288138966596	31.706657424392105	0.0
21.0	29.267774697443237	18.956436376179383	20.336206801231235	31.439582125146142	0.0
22.0	29.993646571709665	18.805588525853395	23.064507949919378	28.136256952517556	0.0
23.0	29.93205682677077	20.356058881626314	21.53218661514785	28.179697676455064	0.0
24.0	33.326038138617086	19.572905748499053	17.84361415638889	29.25744195649497	0.0
25.0	29.81337646394795	20.866353939208153	19.77415907311882	29.546110523725076	0.0
26.0	32.17492250126554	16.553050999130296	22.574941921226387	28.69708457837778	0.0
27.0	26.54928520436649	21.075931919819453	25.20821489762643	27.166567978187622	0.0
28.0	27.112680128715706	19.875236919074048	19.041195354511512	33.970887597698734	0.0
29.0	28.140018934461825	20.49643418762097	17.52295603323406	33.84059084468314	0.0
30.0	26.89482191046158	19.10762074556524	16.0097359909526	37.987821353020585	0.0
31.0	34.89654531047265	14.384718258410423	18.512877880020383	32.20585855109654	0.0
32.0	34.736264013151704	15.504699718361426	22.985001216131508	26.77403505235536	0.0
33.0	31.64177862926153	17.462122945613995	21.272586625716176	29.6235117994083	0.0
34.0	33.17767751223629	16.677685062913923	22.416507682954318	27.72812974189547	0.0
35.0	26.802504298653524	20.30170849918885	26.14318177836845	26.752605423789177	0.0
