# Position (bp)	A	C	G	T	N
0.0	19.002525252525253	23.3270202020202	30.460858585858585	27.209595959595962	0.0
1.0	23.722397476340696	22.839116719242902	20.189274447949526	33.24921135646688	0.0
2.0	28.7720346579026	19.83866148789961	16.01434120107559	35.374962653122196	0.0
3.0	29.622209502003432	17.286777332570118	19.204350314825415	33.88666285060103	0.0
4.0	37.06896551724138	16.46273637374861	18.770856507230256	27.697441601779754	0.0
5.0	28.76190476190476	15.591836734693878	16.13605442176871	39.51020408163266	0.0
6.0	35.958355579284564	16.737853710624666	17.645488521089163	29.6583021890016	0.0
7.0	30.625164864151937	22.157742020575046	17.88446320232129	29.33262991295173	0.0
8.0	26.50760356581017	25.406397482957527	16.67540639748296	31.410592553749346	0.0
9.0	32.44374672946101	16.221873364730506	16.797488226059652	34.53689167974882	0.0
10.0	29.056702377841653	18.78756205905409	16.906192840344918	35.249542722759344	0.0
11.0	30.041688379364253	22.58989056800417	16.023970818134444	31.344450234497135	0.0
12.0	26.30072840790843	25.88449531737773	18.964620187304888	28.85015608740895	0.0
13.0	29.045643153526974	26.218879668049794	15.715767634854771	29.019709543568467	0.0
14.0	34.61836998706339	16.30012936610608	15.73091849935317	33.35058214747736	0.0
15.0	28.236204228984015	16.6322846828262	25.58019597730789	29.551315110881898	0.0
16.0	26.3171421228476	18.864045232588023	23.670007710100233	31.148804934464145	0.0
17.0	26.241679467485916	18.561187916026626	17.69073220686124	37.50640040962622	0.0
18.0	36.9160071483278	16.390094460045955	16.594332397242788	30.09956599438346	0.0
19.0	37.21995926680244	15.911405295315681	15.173116089613034	31.695519348268842	0.0
20.0	29.060913705583758	22.538071065989847	16.573604060913706	31.827411167512693	0.0
21.0	33.72210953346856	15.694726166328602	17.900608519269774	32.682555780933065	0.0
22.0	35.69440930938528	16.51909941816342	16.974449784973437	30.812041487477863	0.0
23.0	34.327603640040444	15.015166835187058	16.506572295247725	34.150657229524775	0.0
24.0	28.131313131313128	24.116161616161616	19.19191919191919	28.56060606060606	0.0
25.0	29.9419338550871	22.191365816712953	19.464781620802825	28.401918707397122	0.0
26.0	36.60691744508963	16.510982075233528	17.34410502398384	29.537995455693007	0.0
27.0	32.99671800050492	16.96541277455188	20.14642766978036	29.89144155516284	0.0
28.0	25.57434991163848	23.3779348649331	20.954304468568544	30.093410754859885	0.0
29.0	28.229061553985872	21.316851664984863	18.69323915237134	31.760847628657924	0.0
30.0	33.52083866018921	17.51470212221938	21.29890053694707	27.665558680644338	0.0
31.0	30.611722549270542	19.247504479140005	18.81238802149987	31.328384950089582	0.0
32.0	27.164948453608247	22.422680412371136	18.608247422680414	31.804123711340203	0.0
33.0	26.633944717127356	17.437354688710926	23.094807543270473	32.83389305089124	0.0
34.0	26.42192347466391	18.14891416752844	18.459152016546017	36.970010341261634	0.0
35.0	28.464322647362977	17.37331954498449	18.304033092037226	35.8583247156153	0.0
36.0	27.035409666580513	22.874127681571466	21.21995347635048	28.870509175497546	0.0
37.0	27.31972085810287	19.023003360041354	23.70121478418196	29.956060997673816	0.0
38.0	32.95395757889291	18.649767201241595	15.907915157785826	32.48836006207967	0.0
39.0	26.17936754795231	19.673405909797822	18.532918610679108	35.61430793157076	0.0
40.0	27.301011148561056	22.063780140005186	17.24137931034483	33.39382940108893	0.0
41.0	25.803941908713696	16.312240663900415	18.672199170124482	39.211618257261414	0.0
42.0	25.51921079958463	22.19626168224299	17.39356178608515	34.890965732087224	0.0
43.0	27.239678005712804	16.33341989093742	18.151129576733315	38.275772526616464	0.0
44.0	27.773447648739936	17.381137957911147	17.82281111977137	37.02260327357755	0.0
45.0	25.72096648480125	18.23850350740452	24.343985450766432	31.6965445570278	0.0
46.0	29.035612165323627	20.743436443982326	16.09046009877827	34.130491291915774	0.0
47.0	34.28645697946452	17.88406550558877	16.220431505068884	31.60904600987783	0.0
48.0	29.830949284785437	18.725617685305593	23.511053315994797	27.932379713914173	0.0
49.0	35.99479843953186	18.439531859557867	16.38491547464239	29.18075422626788	0.0
50.0	31.657113079729026	16.466909848879624	17.30067743616467	34.57529963522668	0.0
51.0	28.373792743409034	24.014617593317674	19.342208300704776	28.26938136256852	0.0
52.0	28.093994778067888	15.195822454308095	22.297650130548302	34.412532637075714	0.0
53.0	30.574412532637073	14.934725848563968	24.595300261096607	29.89556135770235	0.0
54.0	28.86221294363257	18.815240083507305	18.971816283924845	33.35073068893528	0.0
55.0	27.77342730357609	18.611328634821195	17.54111198120595	36.074132080396765	0.0
56.0	30.042689434364995	23.799359658484526	17.582710779082177	28.5752401280683	0.0
57.0	27.684519051425525	18.252065014654942	19.95736743938183	34.1060484945377	0.0
58.0	26.524633821571236	25.086551264980027	18.242343541944077	30.146471371504663	0.0
59.0	29.68583599574015	17.864749733759318	15.708200212992546	36.74121405750799	0.0
60.0	34.415757253127495	19.031141868512112	19.270694703220656	27.28240617513974	0.0
61.0	35.80181140117208	18.16728822589238	17.527970165157168	28.50293020777837	0.0
62.0	36.160595586280245	16.617920765753787	17.256048923158733	29.96543472480723	0.0
63.0	26.63650878126663	23.17722192655668	20.17030335284726	30.01596593932943	0.0
64.0	28.69310620175672	16.955017301038062	25.898323130157042	28.45355336704818	0.0
65.0	33.64436150359904	15.915755798453745	19.541455611836845	30.89842708611037	0.0
66.0	32.24946695095949	18.256929637526653	20.54904051172708	28.94456289978678	0.0
67.0	26.81430096051227	23.74599786552828	18.970117395944502	30.469583778014943	0.0
68.0	28.618968386023298	17.72046589018303	20.382695507487522	33.277870216306155	0.0
69.0	28.937117417918756	18.419588202559822	19.532554257095157	33.11074012242627	0.0
70.0	31.759049773755656	17.70361990950226	18.721719457013574	31.815610859728505	0.0
71.0	28.041878890775322	18.53423882286361	17.85512167515563	35.568760611205434	0.0
72.0	28.975664968873797	18.39275608375778	19.83588002263724	32.795698924731184	0.0
73.0	32.58776896942243	17.610419026047566	18.68629671574179	31.11551528878822	0.0
74.0	32.361268403171	17.38391845979615	19.026047565118912	31.22876557191393	0.0
75.0	32.21875885519977	17.880419382261266	19.297251345990365	30.6035704165486	0.0
76.0	32.114512471655324	17.517006802721088	19.104308390022677	31.26417233560091	0.0
77.0	30.130385487528343	18.650793650793652	17.602040816326532	33.616780045351476	0.0
78.0	28.12588602211511	18.627728948114544	22.200170116246102	31.04621491352424	0.0
79.0	29.86386840612592	17.441860465116278	20.306296086216676	32.38797504254112	0.0
80.0	28.701077708451507	17.243335224049915	20.221213840045376	33.834373227453206	0.0
81.0	30.865248226950353	17.21985815602837	21.134751773049647	30.78014184397163	0.0
82.0	31.20567375886525	17.75886524822695	19.914893617021274	31.120567375886527	0.0
83.0	31.035460992907804	16.73758865248227	18.921985815602838	33.304964539007095	0.0
84.0	30.524822695035457	15.063829787234043	22.01418439716312	32.39716312056737	0.0
85.0	31.48936170212766	18.638297872340427	18.865248226950353	31.00709219858156	0.0
86.0	30.524822695035457	17.078014184397166	17.929078014184398	34.46808510638298	0.0
87.0	30.28668748225944	16.94578484246381	21.231904626738576	31.535623048538174	0.0
88.0	31.677547544706215	16.889015043996594	21.033210332103323	30.40022707919387	0.0
89.0	29.122906613681522	19.131422083451604	20.77774623900085	30.967925063866026	0.0
90.0	31.620777746239	17.286403633267103	19.18819188191882	31.904626738575075	0.0
91.0	30.485381776894695	19.642350269656543	19.5004257734885	30.37184217996026	0.0
92.0	30.948324815445773	17.603634298693922	18.114707552526973	33.33333333333333	0.0
93.0	31.610337972166995	17.125816529395056	19.34109627946606	31.922749218971884	0.0
94.0	31.042317523430846	17.892644135188867	19.1138880999716	31.951150241408694	0.0
95.0	31.761363636363637	18.693181818181817	18.693181818181817	30.852272727272727	0.0
96.0	30.880681818181817	21.335227272727273	19.772727272727273	28.011363636363633	0.0
97.0	29.119318181818183	20.454545454545457	19.517045454545453	30.909090909090907	0.0
98.0	27.621483375959077	17.931230463199775	18.215402102870133	36.231884057971016	0.0
99.0	29.184427394146063	20.034100596760442	20.20460358056266	30.576868428530833	0.0
100.0	33.456614509246094	18.122332859174964	17.524893314367	30.896159317211946	0.0
101.0	29.482071713147413	20.091064314171884	16.789982925441095	33.63688104723961	0.0
102.0	29.962973511819996	20.136713187126176	19.36770150954144	30.532611791512387	0.0
103.0	30.54131054131054	16.923076923076923	19.37321937321937	33.16239316239316	0.0
104.0	27.98518096323739	15.332003419777715	18.72328298660587	37.95953263037902	0.0
105.0	29.960091220068414	16.875712656784494	20.410490307867732	32.75370581527936	0.0
106.0	26.72561323445522	20.53622361665716	19.281232173417	33.45693097547062	0.0
107.0	31.7546362339515	17.63195435092725	15.748930099857347	34.86447931526391	0.0
108.0	29.268989149057685	17.390062821245003	19.360365505425474	33.980582524271846	0.0
109.0	29.62010854041702	18.109111682376465	19.737217937732076	32.53356183947444	0.0
110.0	30.391316766638106	18.50899742930591	20.47986289631534	30.619822907740645	0.0
111.0	31.855876465541893	18.072633686016584	19.816985987989703	30.254503860451816	0.0
112.0	29.51617520755797	19.181219582021185	20.211852275980533	31.090752934440307	0.0
113.0	31.14801030632694	18.236472945891784	17.635270541082164	32.98024620669911	0.0
114.0	30.126002290950744	18.757159221076748	20.847651775486828	30.26918671248568	0.0
115.0	28.538681948424067	19.91404011461318	18.13753581661891	33.409742120343836	0.0
116.0	28.88697647733792	18.473895582329316	20.309810671256454	32.329317269076306	0.0
117.0	31.162123385939744	16.987087517934	19.56958393113343	32.281205164992826	0.0
118.0	31.10473457675753	18.737446197991392	20.545193687230988	29.612625538020087	0.0
119.0	28.013777267508612	19.776119402985074	21.096440872560276	31.113662456946038	0.0
120.0	28.56732701693942	16.30778064886592	20.269882285386164	34.8550100488085	0.0
121.0	28.366350846971	17.685902957220787	19.810508182601204	34.137238013207	0.0
122.0	28.366350846971	17.973011771461383	19.982773471145563	33.677863910422055	0.0
123.0	28.124102269462796	20.453892559609308	19.21861534041942	32.20338983050847	0.0
124.0	28.784831944843436	20.080436656133294	16.748060902039644	34.386670496983626	0.0
125.0	28.218390804597703	19.367816091954023	18.39080459770115	34.02298850574713	0.0
126.0	28.727691421991942	16.637881404720783	20.149683362118594	34.484743811168684	0.0
127.0	28.513824884792626	19.066820276497694	19.35483870967742	33.064516129032256	0.0
128.0	29.498269896193776	19.607843137254903	16.724336793540946	34.169550173010386	0.0
129.0	29.627490615073636	18.740976032341898	18.62546924631822	33.006064106266244	0.0
130.0	30.0318563567912	19.3454966695627	18.158123370981755	32.46452360266435	0.0
131.0	28.687572590011612	17.450638792102207	19.5993031358885	34.26248548199768	0.0
132.0	30.908032596041906	18.50989522700815	19.441210710128058	31.140861466821885	0.0
133.0	29.71078001752848	18.638621092608822	19.252118025124158	32.39848086473853	0.0
134.0	29.396248534583826	18.31770222743259	19.695193434935522	32.590855803048065	0.0
135.0	31.695114773396117	18.157739846968806	19.805768098881696	30.341377280753385	0.0
136.0	33.46142477091339	18.267809636417383	16.730712385456695	31.54005320721253	0.0
137.0	30.62073062073062	19.78021978021978	19.245619245619245	30.353430353430355	0.0
138.0	31.80327868852459	17.764530551415795	18.926974664679584	31.505216095380028	0.0
139.0	31.14166168559474	17.722653915122535	20.53197848176928	30.603705917513444	0.0
140.0	30.644677661169418	16.49175412293853	18.26086956521739	34.60269865067466	0.0
141.0	29.401143544989466	18.41709298826362	18.748119169425216	33.4336442973217	0.0
142.0	28.19969742813918	21.78517397881997	18.69894099848714	31.316187594553707	0.0
143.0	28.380024360535934	18.48355663824604	20.188794153471378	32.947624847746646	0.0
144.0	29.891472868217058	18.728682170542633	19.565891472868216	31.813953488372093	0.0
145.0	31.038838017050836	19.197979160088412	18.945374171139882	30.817808651720874	0.0
146.0	30.33526756931012	19.213410702772403	18.665377176015475	31.785944551902002	0.0
147.0	29.002009377093103	20.093770931011388	19.99330207635633	30.910917615539184	0.0
148.0	29.80132450331126	18.682467758800975	21.29661903102126	30.219588706866503	0.0
149.0	26.95457930007446	21.07222635889799	23.52941176470588	28.44378257632167	0.0
150.0	28.491201797079746	19.543242231374016	28.079371022089106	23.88618494945713	0.0
