# Position (bp)	A	C	G	T	N
0.0	27.03071579808424	24.026474383164498	23.635098216888377	25.307711601862877	0.0
1.0	26.979724344744678	20.22409934755886	15.305350557659317	37.49037548010032	4.5026993682712786E-4
2.0	27.89840762616017	20.167674990575012	17.871120047394214	34.06257293143996	2.2440443064107856E-4
3.0	23.7408880794376	22.140232960876354	15.07645287307973	39.04197860125028	4.474853560417235E-4
4.0	33.751825468490466	14.40420052841042	14.51657135212869	37.32561898710188	0.001783663868543973
5.0	35.641847523650526	14.86677796327212	22.373066221480244	27.11051752921536	0.007790762381747357
6.0	32.08618996627581	17.69764641586059	20.317380621253793	29.89367327080214	0.00510972580766992
7.0	35.159769768349356	17.06272836922204	20.364548228032213	27.411845045939902	0.0011085884564901202
8.0	23.666319091611488	26.415040037546962	21.766832484320382	28.150037303437454	0.0017710830837213113
9.0	28.807187699710536	18.393381938317223	16.23225133066647	36.56717903130577	0.0
10.0	27.101234786066136	17.186940867221843	24.634534249298667	31.07662742152813	6.626758852245367E-4
11.0	28.238173316061605	18.800438707798097	19.675868202291078	33.284195706048116	0.001324067801098535
12.0	26.445796282127887	20.21281521545005	20.99091809083673	32.34517869466573	0.005291716919603386
13.0	27.50201553392926	20.95119984844947	18.446430852868225	33.10013348782089	2.2027693215911044E-4
14.0	31.126452175675258	18.773982650988824	20.35182631604453	29.74707802649491	6.608307964773313E-4
15.0	29.96228858921436	18.714067325441544	19.283923748937166	32.038178397881815	0.0015419385251137729
16.0	30.57267596822725	17.750796301109755	18.978179367100317	32.695484763444604	0.0028636001180684357
17.0	29.823073568089804	18.674637754585063	20.353368254569645	31.142972945587193	0.005947477168295982
18.0	31.991259411331924	18.063369267843534	18.366690603426626	31.57163185556882	0.007048861829091534
19.0	30.456590024979402	18.437179221717543	19.791882354496074	31.314348398806978	0.0
20.0	30.253274416596543	17.8787771986942	20.055333565358367	31.812614819350888	0.0
21.0	29.671302761832173	17.632287311608152	19.38414975306956	33.312039896557955	2.2027693215911044E-4
22.0	28.690409582927657	18.7843356668003	19.970747223409273	32.553846696066294	6.608307964773313E-4
23.0	29.820430244903896	17.51003361425985	20.05665522695132	32.61155925229198	0.0013216615929546626
24.0	30.747796129293747	17.862917259578744	18.760986311991434	32.62697863754312	0.0013216615929546626
25.0	29.333397947900096	18.190909611563658	19.117834942089196	33.357857498447046	0.0
26.0	31.271834950900274	17.43954499596893	20.5723235251358	30.716076251062834	2.2027693215911044E-4
27.0	28.820593249833692	18.296201985135713	19.91611854423381	32.96708622079679	0.0
28.0	30.040707177063002	17.85608867468181	20.28750545185407	31.81239454241873	0.0033041539823866566
29.0	29.417323459052717	18.495552608739708	19.255948578552957	32.828091476604385	0.0030838770502275457
30.0	29.968059563407273	18.315307178888474	19.143335462695774	32.57153556402406	0.0017622309844262838
31.0	30.353287925914827	18.254531196306313	19.335453912645058	32.05518499264259	0.0015419724912107567
32.0	29.19889241098866	18.59066567685628	19.474666214349753	32.73577569780531	0.0
33.0	29.692215510822685	17.889918361772338	19.503958550866386	32.91302642999071	8.81146547888112E-4
34.0	29.63686670866947	18.12868717754407	19.32885107657874	32.90493415400341	6.608832043142456E-4
35.0	30.29557953788684	17.43928094169118	19.510145937435222	32.75499358298676	0.0
36.0	30.97563557920091	17.52028162676513	18.933929760943695	32.56993246074915	2.205723411107141E-4
37.0	29.01817331388845	18.979496830646426	19.529086789322378	32.47324306614274	0.0
38.0	30.810721340057164	18.248347549739027	19.19358220319345	31.746466128907674	8.827781026891628E-4
39.0	30.078241455383818	18.603048833003186	19.296908987719426	32.02180072389357	0.0
40.0	29.822143568189357	18.674040482247538	19.41090587324411	32.08892821590532	0.003981860413671053
41.0	29.288554545333646	18.116613397286145	20.64472943439887	31.94855108762628	0.0015515353550577835
42.0	28.935722560799682	18.6493792417739	19.599714144942716	32.81274274376468	0.002441308719023121
43.0	29.518022771452372	18.436212163287976	20.285031935573453	31.75828936406554	0.0024437656206609273
44.0	29.376867795645367	19.027278710687348	19.87845986907642	31.717393624590862	0.0
45.0	29.37162240364669	18.55062722019925	19.95174544386179	32.12600493229227	0.0
46.0	29.88774055595153	17.717391304347828	19.603973627940128	32.79000356379188	8.909479686386316E-4
47.0	30.16160990298057	18.604417916834755	19.52245844969499	31.70928493579957	0.00222879469011953
48.0	30.279235419923594	18.158442294097053	18.856921117833732	32.705178154472655	2.2301367296828967E-4
49.0	28.809946793315238	18.315463862305386	20.114983573775174	32.75893622339666	6.695472075417797E-4
50.0	29.69150177223337	18.384965739801277	19.405173222961707	32.518135780341396	2.2348466224762995E-4
51.0	30.1624665167573	18.206373238490276	19.40393108947081	32.22722915528162	0.0
52.0	29.52346523382155	18.184349325603275	19.919346328035008	32.372614575591484	2.2453694867758964E-4
53.0	31.004660646009196	18.201049151699415	19.24142416379549	31.53981352915098	0.01305250934492156
54.0	30.012853180598466	18.730015559113355	19.00308927323156	32.250885065506125	0.0031569215504994703
55.0	28.891278709858163	18.53968885133456	18.207122168551663	34.36055469953775	0.0013555707178650666
56.0	29.164912852403518	18.18716705816327	20.64884338778078	31.99885040303783	2.2629861459988143E-4
57.0	27.943482596084117	19.141814720812185	19.639231327048588	33.2741116751269	0.0013596809282088469
58.0	30.43648974367122	17.796852516761007	21.9840401628666	29.78216365641866	4.539202825199838E-4
59.0	29.090797467893914	20.852584858296648	21.06359369883945	28.983474005893694	0.009549969076290611
60.0	31.2214976286027	18.569636993797882	19.867977015687703	30.34088836191171	0.0
61.0	28.85472329990484	21.223052851182196	19.56985213381158	30.35191420833028	4.5750677110021227E-4
62.0	30.859191011752273	16.612864314680575	21.419692809631577	31.107332820200583	9.19043734993739E-4
63.0	26.370807265365176	20.38698076883076	25.10891345396052	28.131680699264823	0.0016178125787239155
64.0	26.466283834638865	20.27732091916855	17.981722558284318	35.27281428000632	0.001858407901950399
65.0	27.81215353554215	19.435853746776058	18.657906100108534	34.088951649608454	0.005134967964802129
66.0	26.96158935425445	19.469026548672566	17.278456066592216	36.28342045251926	0.0075075779615048945
67.0	33.756375113820255	14.22717815405955	17.721990781149007	34.292804672645865	0.0016512783253207017
68.0	34.58002352755898	15.478318137457258	23.027180773259712	26.91447756172405	0.0
69.0	31.769747283603955	17.13588084482969	20.592601635941886	30.501770235624466	0.0
70.0	32.80412544993649	16.28282625995394	22.353213982682384	28.559834307427177	0.0
71.0	25.97685237565972	20.16598670242857	25.260394135225255	28.596766786686455	0.0
