# Position (bp)	A	C	G	T	N
0.0	26.852937104886713	24.021964837801672	23.01878085921277	26.106317198098843	0.0
1.0	27.076474591234295	19.856633131632673	15.964392782917363	37.10249949421567	0.0
2.0	28.069669240563144	19.725573172854094	17.996665842287012	34.20809174429575	0.0
3.0	23.663494730689848	21.45805556062903	15.783273364870048	39.09471973114647	4.566126646088656E-4
4.0	33.45552119337821	14.768055302892485	14.64889939967255	37.12706931053302	4.547935237402219E-4
5.0	34.83326071960208	14.916221907562722	21.942961914097957	28.299840249791234	0.007715208946011691
6.0	32.21443997229177	17.48063366731108	21.275574651496562	29.022560475929605	0.006791232970983325
7.0	35.638997194348946	17.061611374407583	19.789553580706517	27.50848246355139	0.0013553869855741645
8.0	24.196553855594004	25.699899385938394	22.014176205451207	28.086663448219852	0.0027071047965385154
9.0	28.008565310492507	19.293587287276008	16.956159134452832	35.74123746196326	4.5080581539501857E-4
10.0	26.54407193505663	17.37469478957374	23.998774653344025	32.0820081269315	4.504950941084252E-4
11.0	27.412632109612716	19.65619992438019	20.549233899281614	32.379233359140095	0.0027007075853873715
12.0	26.746230534358013	20.241119889917663	20.707890583193556	32.29711438580082	0.007644606729952018
13.0	27.713198323081002	20.94980476385188	19.103935727091766	32.233061185975345	0.0
14.0	31.125000561669008	18.801533131731603	20.05787437486239	30.014243926111316	0.0013480056256768111
15.0	29.438645523947322	18.838378618833435	19.885778989984317	31.835399526400693	0.0017973408342357481
16.0	30.731832254179942	17.481835624194005	19.407236992869052	32.37774712313133	0.0013480056256768111
17.0	30.0385080273735	18.890052167817714	20.41329852483251	30.653647927890688	0.004493352085589371
18.0	31.896059779556147	18.902184218448806	17.742899380366747	31.443129889328738	0.015726732299562795
19.0	31.54602765208874	18.61640702580532	19.518222789383106	30.319342532722835	0.0
20.0	29.191960494448466	18.48654915053179	20.648300838908835	31.67318951611091	0.0
21.0	28.967292890168995	17.557323939231907	19.835453446625717	33.63903105355626	8.986704171178741E-4
22.0	28.263633953565698	19.01361935017142	20.94755808780909	31.774739273245235	4.4933520855893703E-4
23.0	29.402698707262605	17.36680581080292	20.365219657516704	32.86437715400066	8.986704171178741E-4
24.0	31.138031282717222	17.65662702032343	18.420946210082185	32.78080080520869	0.0035946816684714962
25.0	29.04502788124969	18.29423368126856	18.720652794190997	33.94008564329075	0.0
26.0	30.817205943806137	17.640900288023868	20.445650659848756	31.096243108321236	0.0
27.0	29.23060332238453	18.419148869247948	19.41128100974608	32.938966798621436	0.0
28.0	29.14702697359257	17.288172149305105	20.34095555625452	33.218453298345096	0.0053920225027072445
29.0	29.792272333083204	17.91499476524482	19.86825491685052	32.420433967944426	0.004044016877030434
30.0	29.319122358470644	17.73705802265548	19.7163796163576	33.22474399126492	0.0026960112513536223
31.0	29.56176337109247	17.92038678774753	19.679534129255767	32.83472103023576	0.0035946816684714962
32.0	28.6007638732869	19.263985621208718	19.96045832397214	32.17479218153224	0.0
33.0	29.70298809256347	17.646820939114804	19.50213435183105	33.146708604807905	0.0013480116827679174
34.0	29.846279662273588	17.950365540762174	18.94116748372254	33.2621873132417	0.0
35.0	30.084517173170294	16.912875382125517	20.2647905053048	32.73781693939939	0.0
36.0	30.269635944265342	17.378636847997626	18.82236040483609	33.52891718485147	4.4961804946697776E-4
37.0	29.133072222247204	18.947041815246667	18.829676728886653	33.089309884298714	8.993493207664254E-4
38.0	31.198899052861652	17.615154213551364	19.553055038362253	31.632441961916584	4.497333081482681E-4
39.0	30.363449054600583	18.17065325457629	19.51126246699087	31.954185354969027	4.498688632263695E-4
40.0	29.376648868639755	19.28894931614158	20.780471992868783	30.55122860410045	0.002701218249430493
41.0	29.503572941165867	17.939949357050814	20.47975633712705	32.07536968451786	0.0013516801384120462
42.0	28.025589699199305	18.714834451417442	20.822062324172258	32.43525932337878	0.0022542018322152494
43.0	30.060804532373453	17.920647378819453	21.38172435880087	30.632313008020063	0.004510721986161105
44.0	28.86363944028049	18.612343250109426	21.315277671234732	31.20873963837535	0.0
45.0	28.876920854475525	18.58014770942054	19.919102909044945	32.623828527059	0.0
46.0	30.265932706245742	17.371199429208794	19.643074866672386	32.719341422552574	4.515753205055838E-4
47.0	30.100411492892597	18.862725790350922	19.458961375678104	31.575191179326882	0.0027101617514872015
48.0	29.536387336384625	18.198864124124032	19.049189660547516	33.215107058786316	4.5182015750450696E-4
49.0	27.892220223622243	18.945070638959443	19.889183155116466	33.271266258711236	0.0022597235906103965
50.0	29.682892856496807	18.449376820245654	19.394095620556794	32.47318246775565	4.522349450986777E-4
51.0	29.814229714192596	18.047420309798206	19.707312215392136	32.43103776061706	0.0
52.0	29.873531290923346	17.377099693230686	20.20418058154762	32.54518843429835	0.0
53.0	31.057193789377713	17.608556615455797	19.63521892761078	31.684062033647674	0.014968633908038155
54.0	30.257166852032597	18.4510974419502	19.718092471116965	31.56955761853962	0.004085616360623738
55.0	28.560134849634476	19.02070450755803	18.19107030082191	34.22718165172628	9.086902592947655E-4
56.0	29.974995453718854	17.449081651209312	21.317966903073284	31.25659210765594	0.001363884342607747
57.0	27.895943450296123	18.489642561475968	19.658663949563778	33.955295166528686	4.5487213544272707E-4
58.0	30.53125142258843	17.16392770974644	23.157918696226158	29.146446943141985	4.552282969909409E-4
59.0	29.288065731038948	20.33987178434967	21.86095076555504	28.50290445836639	0.008207260689957049
60.0	31.253881562123258	18.865761882146643	20.223395316552807	29.656504584809852	4.566543674423702E-4
61.0	29.815823534523368	20.73048584717973	19.523528577766193	29.93016204053071	0.0
62.0	30.34215652572476	15.82032771857454	22.659333104159504	31.177724303884496	4.5834765669760516E-4
63.0	26.074159917957772	20.38271042865224	25.940795312923946	27.597275683033722	0.005058657432317463
64.0	25.916652833877425	19.650860399490952	17.982164923735223	36.448016378022466	0.0023054648739371806
65.0	28.49653986436823	18.514152578806495	18.855774520273112	34.12752344894855	0.006009587603607602
66.0	27.196047716592357	18.440590617961387	18.433638899960144	35.92369794321837	0.006024822267743101
67.0	32.77005656024411	14.356348143186723	17.629493190444297	35.24317183895215	9.302671727320085E-4
68.0	34.881130319523955	15.084557752145672	22.321084444945804	27.713227483384568	0.0
69.0	32.04237390152883	17.05356927892139	20.504634645479715	30.39942217407006	0.0
70.0	32.79549835229746	16.30914630355033	22.998404112002323	27.896951232149892	0.0
71.0	25.165614935456	20.592547982508968	25.358068654918696	28.883768427116337	0.0
