# Position (bp)	A	C	G	T	N
0.0	26.318886251793284	23.94838301140987	23.835078929099634	25.897651807697216	0.0
1.0	26.86341603738776	20.75170981736693	15.509390982857784	36.87548316238753	0.0
2.0	29.184739682059462	20.007277658180662	17.527145862106856	33.280836797653016	0.0
3.0	23.529472624697558	22.80241815294736	15.029737930789844	38.638371291565235	0.0
4.0	34.31304437143293	13.287007404701553	14.956233525145601	37.44371469871992	0.0
5.0	35.25439784357761	14.951239612833117	23.708442096147394	26.085920447441886	0.0
6.0	31.765084888363898	17.46168127530075	21.052590097523346	29.720643738812008	0.0
7.0	35.48915361872795	17.273880609513526	20.16823984103074	27.068725930727783	0.0
8.0	22.878960808402436	26.88527238854862	23.033720871808868	27.202045931240082	0.0
9.0	27.591513725088397	18.921896104484656	15.563712330265142	37.9228778401618	0.0
10.0	27.103860048727192	16.70438278726236	24.82950162506071	31.362255538949736	0.0
11.0	28.065547235130868	18.94626708924485	19.236255946815835	33.75192972880845	0.0
12.0	26.094489965410194	20.293296612248398	20.58573611457294	33.026477307768474	0.0
13.0	26.4037145370769	21.20641423630028	19.216108937686137	33.17376228893668	0.0
14.0	30.53994723355457	18.742962093082138	20.22488791071082	30.49220276265247	0.0
15.0	29.636176540999905	18.70886241809428	20.308283721118105	31.346677319787712	0.0
16.0	29.72255253246427	18.121138695163438	18.643791026748726	33.51251774562357	0.0
17.0	30.28797415665802	17.915912590550708	19.944627743367498	31.851485509423778	0.0
18.0	32.161867672079595	18.03779214394718	19.033345024181337	30.76699515979189	0.0
19.0	30.325004753511937	18.771446220293015	19.975747237298272	30.92780178889678	0.0
20.0	29.782205412796948	18.009431164713867	20.211193855605547	31.99716956688364	0.0
21.0	29.224345074425713	18.83925149674052	20.047197693881714	31.889205734952057	0.0
22.0	29.90673264771107	18.968630761970722	22.99043435769463	28.134202232623572	0.0
23.0	29.593899840301702	20.470580440751537	21.4130319130595	28.52248780588726	0.0
24.0	33.36241267576911	19.536786271266422	17.562490209735785	29.538310843228683	0.0
25.0	29.73948537937951	21.169802342570087	19.53982802631229	29.550884251738115	0.0
26.0	31.72761095879075	16.80951421570994	22.649831681344264	28.813043144155053	0.0
27.0	26.47346555156994	21.23915928353492	24.731241853761286	27.556133311133856	0.0
28.0	27.159830804530667	19.73443877525888	18.89633058434208	34.209399835868375	0.0
29.0	28.347679251733183	20.408673952429414	17.279336064919672	33.96431073091773	0.0
30.0	26.910937150139315	19.190059592358903	15.893968656183363	38.00503460131842	0.0
31.0	34.5177229610442	14.626113312347503	18.40335245242761	32.45281127418068	0.0
32.0	34.51013439644816	15.54908834847468	22.74345270035658	27.19732455472058	0.0
33.0	31.48126790814206	17.35478101838945	21.158914719379577	30.005036354088915	0.0
34.0	33.079333717724175	16.618906827128164	21.94849578181629	28.35326367333137	0.0
35.0	26.959289669123564	20.088371376773555	25.785140309247325	27.16719864485556	0.0
