# Position (bp)	A	C	G	T	N
0.0	26.028800632092114	24.30520126021028	23.828779944165976	25.837218163531627	0.0
1.0	26.769270598658323	20.799342895362923	15.483188722391992	36.948197783586764	0.0
2.0	29.295037287939497	19.732989984239307	17.411760787470794	33.5602119403504	0.0
3.0	23.37336495200237	22.659096764695057	14.906592889772249	39.060945393530325	0.0
4.0	34.3502283271069	13.353627128960966	14.674914453093452	37.62123009083869	0.0
5.0	35.429550499562566	14.837473318427527	23.271894952767212	26.461081229242694	0.0
6.0	31.526358936197617	17.402163573795644	20.948702080602047	30.12277540940469	0.0
7.0	35.11759588114333	17.380697809645106	20.141180476843697	27.36052583236786	0.0
8.0	22.273972074647123	27.158733046792154	23.078135089456747	27.48915978910398	0.0
9.0	27.33665064571063	18.648681958273475	15.470463838656892	38.544203557359005	0.0
10.0	26.702008757447672	16.699137894024542	25.107496750200127	31.49135659832766	0.0
11.0	27.89811910257335	18.8097335996451	19.260704480094812	34.03144281768674	0.0
12.0	26.13474308400824	20.08116395258607	20.724698800282823	33.05939416312287	0.0
13.0	26.333031255028754	21.06022183626032	19.009116962714113	33.59762994599681	0.0
14.0	30.591313170312297	18.57244198913745	20.154863076169587	30.681381764380678	0.0
15.0	29.718342889735773	18.698403677275234	20.02028587725029	31.5629675557387	0.0
16.0	29.72562956749844	18.093521807610095	18.54833316150987	33.632515463381594	0.0
17.0	30.47624499241689	17.84149621341	19.705556887633588	31.976701906539525	0.0
18.0	31.771579737136385	17.884442344271722	19.11702988589267	31.22694803269922	0.0
19.0	29.92270572598529	18.68958373064467	19.964358069973716	31.423352473396328	0.0
20.0	29.755447996338845	17.982221090361524	20.09220348843492	32.17012742486472	0.0
21.0	28.989821139075662	18.91906297120638	19.975324593019334	32.115791296698625	0.0
22.0	30.031085931104535	18.79121755274518	22.63883165496369	28.538864861186596	0.0
23.0	29.73662529566535	20.34853683802577	21.280194809841074	28.634643056467812	0.0
24.0	33.151302679832725	19.505078332516078	17.810538784839157	29.533080202812044	0.0
25.0	29.51605361709808	20.995999774536465	19.519476457313647	29.968470151051807	0.0
26.0	31.89314605451954	16.710484083646975	22.47982437208259	28.9165454897509	0.0
27.0	26.130362315814253	21.318628749462988	24.929856599933938	27.621152334788817	0.0
28.0	26.798079003941815	19.95155162428663	18.726338375792224	34.52403099597933	0.0
29.0	28.143748775210227	20.459837555274344	17.105556361941403	34.29085730757403	0.0
30.0	26.842740754589023	19.184986628117727	15.76142783206402	38.21084478522923	0.0
31.0	34.545576259718274	14.44478323657205	18.373212526944126	32.636427976765546	0.0
32.0	34.62306675900997	15.533161450294166	22.638981796865213	27.204789993830648	0.0
33.0	31.440800461343738	17.353294937950764	21.067321734832202	30.138582865873296	0.0
34.0	33.10872199032395	16.58104701414616	21.914169986888343	28.39606100864155	0.0
35.0	26.603887558250733	20.41912827834166	25.756324114512335	27.22066004889527	0.0
