# Position (bp)	A	C	G	T	N
0.0	25.28646466771413	25.32130718610507	23.986772991131595	25.405455155049207	0.0
1.0	25.45147357556553	20.361178860452426	14.52144129693057	39.66590626705147	0.0
2.0	27.882215391082738	18.90977641154988	18.591208848953	34.61679934841439	0.0
3.0	23.428533911102356	22.943995798043463	15.463200052524456	38.16427023832972	0.0
4.0	33.14321344184825	13.966264111315304	14.433578367025465	38.456944079810974	0.0
5.0	34.47406931037425	15.593849869083321	22.860217735108638	27.071863085433794	0.0
6.0	32.23598734891534	17.84341001850418	20.44711872859224	29.47348390398824	0.0
7.0	34.22197434467373	17.53288934090089	19.743446737311768	28.50168957711361	0.0
8.0	23.552607406240977	25.866729653833033	22.07437734561583	28.50628559431016	0.0
9.0	29.156770375424827	18.707599039458316	15.80366632986471	36.33196425525214	0.0
10.0	26.720376846014055	16.829481115054815	24.16564429252803	32.284497746403105	0.0
11.0	27.821403501866392	18.284754613502326	19.926787506642263	33.96705437798902	0.0
12.0	25.944633954342695	19.767777486224087	21.286407766990294	33.00118079244293	0.0
13.0	26.90372644325062	20.924756151156764	18.35999763858551	33.811519767007105	0.0
14.0	30.058178812942327	18.23745088907983	20.089727864831005	31.614642433146837	0.0
15.0	29.81531035206464	18.84214806653025	18.779841544677055	32.56270003672805	0.0
16.0	29.199210424495202	16.897833913710677	18.843573550532177	35.05938211126195	0.0
17.0	29.75163261559443	18.232185475622227	20.34737339033282	31.668808518450525	0.0
18.0	30.743664040067653	17.533531748633163	18.6388011170694	33.084003094229786	0.0
19.0	29.64356409684989	18.29962114756892	19.496480211842744	32.56033454373844	0.0
20.0	30.39432207666245	17.554115249261095	19.408746256332286	32.642816417744164	0.0
21.0	29.820054783030365	17.5489181006802	19.86015910669585	32.770868009593585	0.0
22.0	28.819301108031425	18.277604135951723	19.535033057472166	33.368061698544686	0.0
23.0	29.111983278841052	17.647636956906325	20.466384049377215	32.77399571487541	0.0
24.0	30.54863986582106	18.65991404161644	18.33101839719063	32.46042769537188	0.0
25.0	29.5255316639805	17.84464798144581	18.722565090346844	33.90725526422684	0.0
26.0	31.31858412877274	17.658427290177606	19.832155187662554	31.190833393387095	0.0
27.0	29.32178629684706	18.181341753411377	19.559649134299807	32.93722281544176	0.0
28.0	29.47187757936248	17.81414178468956	19.526510933221534	33.18746970272643	0.0
29.0	29.42972055914373	18.133523732166484	19.93423379753966	32.502521911150126	0.0
30.0	29.911635432292044	17.906761952797993	19.33539888512606	32.8462037297839	0.0
31.0	29.3437178622194	18.38362930114042	19.65833240536345	32.61432043127673	0.0
32.0	29.711440830631165	18.12976974222921	19.539484458419313	32.61930496872032	0.0
33.0	30.620066166595695	17.78964263487176	19.498837171214255	32.09145402731829	0.0
34.0	29.653310971934697	17.895233353423652	19.629333612850814	32.82212206179083	0.0
35.0	29.94313268167405	18.13792290154354	19.55305432532299	32.36589009145942	0.0
36.0	29.973989215679854	17.549089622548795	18.961010030859143	33.515911130912215	0.0
37.0	28.792226852215848	19.174725476321512	18.875959850093036	33.1570878213696	0.0
38.0	29.8961506961507	17.78083538083538	19.269451269451267	33.05356265356265	0.0
39.0	28.192057449499085	19.1467753454636	20.11649772967023	32.54466947536709	0.0
40.0	30.008255906904825	18.17609980474125	19.57894874785412	32.23669554049981	0.0
41.0	29.437782583054844	17.97981783631479	20.73848371666339	31.843915863966977	0.0
42.0	29.97156112392535	18.728375969804993	19.351541203606626	31.94852170266303	0.0
43.0	29.66096141748794	18.385667854896205	19.30042985950933	32.65294086810652	0.0
44.0	29.228400117951576	18.251695553880936	20.465908718587205	32.05399560958029	0.0
45.0	29.395228140993297	19.239464492834347	19.319410496517104	32.04589686965525	0.0
46.0	29.861074705111402	17.783748361730012	19.120576671035387	33.2346002621232	0.0
47.0	29.567377001913446	18.100442976593012	19.653482215407198	32.67869780608634	0.0
48.0	30.084401457366777	18.533590207334015	19.27013708683914	32.11187124846007	0.0
49.0	29.14779987549556	18.1606107270404	19.005930343042497	33.68565905442155	0.0
50.0	29.33301003958164	18.321581168575847	19.969723977037408	32.375684814805105	0.0
51.0	29.71564881744248	18.627328907616995	19.37048226327551	32.28654001166502	0.0
52.0	29.510914798382604	18.66689385350381	19.10269937283326	32.71949197528032	0.0
53.0	30.675562313217636	18.034000943742463	19.54857652178472	31.741860221255173	0.0
54.0	30.28837331236073	18.183248132127407	19.484860401101063	32.0435181544108	0.0
55.0	29.149407508389263	17.914350880872483	18.65627621644295	34.2799653942953	0.0
56.0	28.898676681676072	18.48975231203833	20.224026846517358	32.38754415976824	0.0
57.0	28.78500875013928	18.10983882702253	19.42072111634736	33.684431306490836	0.0
58.0	29.407870588852187	17.899559540663834	19.107545487913587	33.585024382570396	0.0
59.0	29.456144835768455	17.499459225611076	20.43602802850045	32.608367910120016	0.0
60.0	29.39491468762495	18.428521798409776	19.9099353028704	32.26662821109487	0.0
61.0	30.215530238472933	17.637033443895277	19.179438100606998	32.96799821702479	0.0
62.0	29.044247787610622	17.82366437233694	19.998688954441164	33.13339888561128	0.0
63.0	29.121516647328367	18.052796842940207	19.960405645473198	32.86528086425823	0.0
64.0	28.47778061843235	18.680144480061884	19.558562279166424	33.283512622339344	0.0
65.0	29.719223028562812	17.87781645590366	20.49612890960463	31.906831605928897	0.0
66.0	29.973841726052726	17.858430634682332	20.607999580418664	31.559728058846282	0.0
67.0	28.98296084074713	17.71574302928585	19.233467295172783	34.06782883479424	0.0
68.0	29.559818525123255	17.875406482744154	19.877661806356866	32.68711318577573	0.0
69.0	29.58453802227773	17.554038904077256	19.75034255780868	33.111080515836335	0.0
70.0	27.932942580281395	18.442101674468613	19.785479196989368	33.83947654826062	0.0
71.0	29.467107247288986	17.52553662982049	20.50273396011172	32.50462216277881	0.0
72.0	29.592331799168665	18.04216985956493	19.877266826639392	32.48823151462702	0.0
73.0	29.84737028441053	17.495377837221195	19.045277526454505	33.61197435191377	0.0
74.0	29.335247798692656	18.05170367747815	20.51887256348223	32.094175960346966	0.0
75.0	30.522809824156518	17.900368471433627	19.360485700423546	32.216336003986314	0.0
76.0	28.81954916796706	18.218177526587027	19.38328590723718	33.57898739820874	0.0
77.0	29.137079800940224	17.697699272867943	21.332703895303474	31.832517030888358	0.0
78.0	29.87489837131842	17.765349209263288	18.373809960922134	33.98594245849616	0.0
79.0	29.6856046946202	17.570075074582828	19.143035111300527	33.601285119496445	0.0
80.0	30.659279415139494	18.06510834999836	19.770514375635184	31.50509785922696	0.0
81.0	30.075207689937116	18.61570640806237	19.39663368543908	31.912452216561427	0.0
82.0	29.983607632286407	17.788997442790635	18.279457084781324	33.94793784014163	0.0
83.0	29.617001186830766	18.349977378087562	19.644344194036993	32.388677241044675	0.0
84.0	30.66804805119866	17.99493783769606	19.035566280228718	32.30144783087657	0.0
85.0	29.335081967213117	17.19672131147541	18.801967213114754	34.66622950819672	0.0
86.0	30.602167883068088	17.38896648502613	19.876851651486238	32.13201398041954	0.0
87.0	29.445632073863266	18.67958924051463	19.895342889742818	31.97943579587929	0.0
88.0	29.70392471884324	17.543526017246467	18.862257778943572	33.890291484966724	0.0
89.0	29.806809537549512	18.29473021535556	19.943997062140966	31.954463184953962	0.0
90.0	30.29378975670536	18.42874942619188	19.387500819725883	31.889959997376877	0.0
91.0	29.887793713562466	18.354351518490102	19.246886619843004	32.51096814810443	0.0
92.0	28.777634228077886	18.402707187030686	20.39833948702478	32.42131909786664	0.0
93.0	29.9977701701229	18.353467385458885	19.397552433793727	32.25121001062448	0.0
94.0	29.655814685589867	17.46307615624754	19.544059392953645	33.33704976520895	0.0
95.0	30.058895287065333	18.13227173157391	20.59892178338602	31.209911197974737	0.0
96.0	29.838656784941296	18.861415360398766	19.323145536826917	31.97678231783302	0.0
97.0	29.71173711999475	18.238284196372938	19.189978027744072	32.860000655888236	0.0
98.0	28.37297162571657	18.034657816373915	21.127887604780206	32.464482953129306	0.0
99.0	29.29265764997573	18.492306077739443	19.422398299859633	32.79263797242519	0.0
100.0	29.399592721539776	18.445115942981015	19.40090652302437	32.75438481245484	0.0
101.0	29.44942297316858	18.5017041043254	20.366349532193755	31.682523390312266	0.0
102.0	29.88617864745698	17.77577127642046	19.64159784879621	32.69645222732635	0.0
103.0	29.171672629813976	17.377183370080402	19.491570178102265	33.95957382200335	0.0
104.0	30.048752736966744	17.947225327609132	19.486541730887538	32.51748020453659	0.0
105.0	30.190154894384168	18.20290700371826	19.469501647036992	32.13743645486058	0.0
106.0	29.029665885228155	17.784256559766764	19.620526375210027	33.56555117979506	0.0
107.0	29.51638023987966	18.10079738022657	20.19741483739567	32.1854075424981	0.0
108.0	29.332479675610063	18.812482076522414	20.141653828454814	31.71338441941271	0.0
109.0	28.57553303087603	18.127392875994737	19.898705758938416	33.39836833419081	0.0
110.0	29.251527665299076	17.459223216496778	21.068729879326153	32.22051923887799	0.0
111.0	29.0843998685966	18.552014963897587	19.711180686381645	32.65240448112417	0.0
112.0	28.953839951622655	17.725592958408924	18.810051736881007	34.51051535308742	0.0
113.0	30.39147057239782	17.573770933175382	20.161138333961553	31.873620160465244	0.0
114.0	30.06590619329335	18.4017916770664	18.751897248399565	32.780404881240685	0.0
115.0	29.38774130295142	17.23046756144562	20.267757530680548	33.11403360492241	0.0
116.0	30.20824859676238	17.58588898831313	20.30220450662979	31.90365790829469	0.0
117.0	29.943537373366762	18.29633706353574	19.619913437561575	32.140212125535925	0.0
118.0	29.63346222972605	18.16077555688688	19.37530635586297	32.8304558575241	0.0
119.0	30.675382452884257	17.878051776137124	19.525226196487303	31.921339574491313	0.0
120.0	29.46822911681457	18.302271204517798	19.554783750153828	32.674715928513805	0.0
121.0	29.627168342879067	17.461154805294456	19.497958400701542	33.413718451124936	0.0
122.0	29.774559928627802	17.661874206498986	19.81196170607007	32.75160415880315	0.0
123.0	28.705422838360086	18.684243099393488	19.50736477286793	33.1029692893785	0.0
124.0	29.133266705724232	18.18658028052521	18.93993176413826	33.7402212496123	0.0
125.0	28.7985243217476	18.079131173703082	19.9541268558243	33.16821764872502	0.0
126.0	29.3237196802837	18.020058457659754	19.60894319079084	33.04727867126571	0.0
127.0	29.79211091122518	17.582707628619655	18.491223927040863	34.133957533114305	0.0
128.0	28.979532143379462	17.57073911317562	20.711604487746445	32.73812425569847	0.0
129.0	29.738256438891604	18.130103999441612	18.902073009003978	33.2295665526628	0.0
130.0	30.068839109568916	17.73376614291111	19.389682528578025	32.80771221894195	0.0
131.0	30.069782936494022	17.973840165515306	19.892695585089594	32.063681312901075	0.0
132.0	30.31970594643221	18.381862011287048	18.707963482257693	32.59046856002305	0.0
133.0	29.94893107456063	18.057267636389252	19.653435705983867	32.34036558306625	0.0
134.0	30.608309967582226	17.30360409353834	19.967652854388408	32.120433084491026	0.0
135.0	29.519061915821677	18.11377669517929	20.240893899053987	32.12626748994506	0.0
136.0	28.396183552930488	18.570394139027716	19.26752044525216	33.76590186278964	0.0
137.0	30.67717454757735	17.851294975296515	23.004143351416	28.467387125710136	0.0
138.0	30.21105541989747	20.195204843707607	19.41338588299133	30.18035385340359	0.0
139.0	30.370248383609116	18.88689201864488	19.538460436908846	31.20439916083716	0.0
140.0	28.41073864044218	21.231785227191157	19.939702821046588	30.41777331132008	0.0
141.0	31.119797290487917	17.24902460444291	21.031831728069797	30.59934637699938	0.0
142.0	26.686494329625273	19.827903585582593	24.09349801843684	29.392104066355294	0.0
143.0	27.262464722483536	18.739416745061146	18.924668934076273	35.07344959837904	0.0
144.0	27.667140825035563	19.191801898568816	18.45298574621883	34.68807153017679	0.0
145.0	27.16842120589991	19.333420696282708	16.530526070560143	36.96763202725724	0.0
146.0	33.205183490597065	14.277987706385808	19.47828883415315	33.03853996886397	0.0
147.0	34.15706790829465	16.194538115863963	21.975929929678795	27.672464046162588	0.0
148.0	31.473173962786777	16.83702655506714	20.650177635936654	31.03962184620943	0.0
149.0	32.84583012079157	16.96703932151118	22.99617707530198	27.19095348239527	0.0
150.0	26.97025984364475	18.810597864913962	26.019064726174197	28.20007756526709	0.0
