# Position (bp)	A	C	G	T	N
0.0	25.541619156214367	25.41089342685694	25.11431302765396	23.93317438927473	0.0
1.0	25.143107241168817	21.2927450099628	14.796194556741876	38.767953192126505	0.0
2.0	27.519230437309062	20.4512896043449	18.338674322403964	33.69080563594208	0.0
3.0	22.58401972674549	23.868097507141748	15.233622835202354	38.31425993091041	0.0
4.0	33.6820035613763	14.0117180768568	14.55281750818542	37.75346085358148	0.0
5.0	35.25719798330137	15.346892837044779	23.560690455135347	25.835218724518505	0.0
6.0	32.224729164154944	18.004627317246804	20.991141500605686	28.77950201799257	0.0
7.0	34.29573462980077	17.853596376932217	20.39927217206128	27.451396821205737	0.0
8.0	22.3662912835348	27.340978751248407	22.18606146181309	28.106668503403704	0.0
9.0	29.48769456816199	18.559736443362873	15.232563478580282	36.720005509894854	0.0
10.0	26.448880267220698	16.93775181074163	25.085228251012982	31.52813967102469	0.0
11.0	27.939674268596416	18.886797433631365	19.680466445533533	33.49306185223869	0.0
12.0	25.7203192875137	20.66072545520277	21.204730780486965	32.41422447679657	0.0
13.0	26.482655725475567	21.59756692393768	18.401285398674432	33.51849195191232	0.0
14.0	30.45217191714007	18.889080162965513	20.049348711769095	30.60939920812532	0.0
15.0	29.499994262041106	19.00297226270671	18.963380346343197	32.53365312890899	0.0
16.0	29.746675692110003	17.555443374903916	18.568511146040088	34.12936978694599	0.0
17.0	29.71766838367731	18.208725779251324	20.207188500235183	31.86641733683619	0.0
18.0	31.066975602482195	17.663252314151016	18.94850942292472	32.321262660442066	0.0
19.0	29.87264689186167	18.08976071836098	19.770408894648416	32.26718349512893	0.0
20.0	29.69379740521823	18.238002144163463	19.666106738062343	32.40209371255597	0.0
21.0	29.48702515863872	17.832883355402316	19.99277742429193	32.68731406166704	0.0
22.0	28.353204172876307	18.975696434712827	19.735756047231455	32.93534334517941	0.0
23.0	29.33128521399217	17.803162739512462	20.397893035438962	32.467659011056405	0.0
24.0	30.844753176636463	18.594427918866096	18.363451916298423	32.197366988199015	0.0
25.0	29.17729317706393	17.988938877267387	19.39822907413245	33.43553887153624	0.0
26.0	30.331077247537124	17.79404095340161	20.418818162541335	31.456063636519936	0.0
27.0	28.445677215262418	18.454502733618348	19.777757401400624	33.32206264971862	0.0
28.0	29.661997982761783	17.52590317256556	20.29616724738676	32.5159315972859	0.0
29.0	28.874333098377658	18.46006613142618	20.05891083718718	32.60668993300898	0.0
30.0	29.559492568442526	18.31589562586663	19.35069846326622	32.77391334242463	0.0
31.0	29.757682368513034	18.027423319562462	19.718890919821455	32.49600339210305	0.0
32.0	29.396457843755375	18.410615005445063	19.67616209090388	32.51676505989568	0.0
33.0	30.04568094411106	18.451777086163318	20.12082237162623	31.3817195980994	0.0
34.0	29.776295200921645	18.024772025150313	19.906460099386145	32.2924726745419	0.0
35.0	29.63402401627834	18.63181726993953	20.034964032900582	31.699194680881554	0.0
36.0	30.142435445504827	17.884389419081188	18.940188576505314	33.03298655890866	0.0
37.0	28.377526338113746	19.61344017608419	19.168070983939195	32.84096250186287	0.0
38.0	29.92221668128328	18.41406863503746	19.831593669572793	31.83212101410647	0.0
39.0	28.75935755310734	18.848089511515663	20.127480539728758	32.26507239564824	0.0
40.0	30.086040366173123	18.69557989831072	19.699861853909077	31.518517881607078	0.0
41.0	30.18520747708552	17.932623686609002	20.802737700125533	31.07943113617995	0.0
42.0	30.098651212647532	19.20345307905281	19.79960218511576	30.898293523183895	0.0
43.0	29.551629655955153	18.457014456532956	19.962282320841023	32.02907356667087	0.0
44.0	29.282958733871013	18.83143310805776	20.476575352673787	31.40903280539744	0.0
45.0	29.12565706129515	19.81989211870382	19.652509873832766	31.401940946168267	0.0
46.0	30.14542765590338	18.323196771586293	19.09074754515595	32.440628027354386	0.0
47.0	29.549506170716466	18.790734467163077	19.899915736616737	31.75984362550372	0.0
48.0	30.47715130809621	18.67046522825763	19.55150987091005	31.30087359273611	0.0
49.0	28.91217490498656	18.710339411518554	19.496815688252727	32.880669995242165	0.0
50.0	29.718822551520535	18.672934162630057	19.855541861331652	31.752701424517753	0.0
51.0	29.75115651171989	18.989148566613355	19.540605456098415	31.719089465568338	0.0
52.0	29.539227038739778	18.48136386044965	19.39224745766598	32.58716164314458	0.0
53.0	31.167379415507735	18.361977046812118	19.62027493378888	30.850368603891265	0.0
54.0	30.12497133684935	18.25154781013529	19.99942673698693	31.624054116028432	0.0
55.0	29.321592772217066	18.16462009424552	18.88693977229732	33.626847361240095	0.0
56.0	29.296200964233915	18.839250396986913	20.23171423821508	31.632834400564093	0.0
57.0	28.159486341617225	18.38048556768997	19.78100725198498	33.67902083870783	0.0
58.0	29.630287846909702	18.22934880441201	19.269862927313067	32.87050042136522	0.0
59.0	29.242173212637518	18.001180969197343	20.74492785195462	32.011717966210526	0.0
60.0	29.77590249551404	18.525737675783827	19.782953913537003	31.915405915165135	0.0
61.0	30.156910182249714	17.57428438752286	19.524052490669664	32.74475293955776	0.0
62.0	28.884773922066604	18.5173507002769	19.86802804547357	32.72984733218293	0.0
63.0	29.053488505417647	18.131055437711403	20.13759101072063	32.677865046150316	0.0
64.0	28.310086052204618	18.938364606802768	19.88602812605702	32.86552121493559	0.0
65.0	29.866593284373582	18.061790183971702	20.670874682535587	31.400741849119125	0.0
66.0	29.877195798743294	18.498027794340228	20.436407833784344	31.188368573132134	0.0
67.0	29.002149921169558	17.79790741006163	19.858965171277056	33.34097749749176	0.0
68.0	29.497425783444747	18.526906009563014	19.771588446411574	32.20407976058066	0.0
69.0	29.68679230138573	17.83615505013731	20.06581776276939	32.41123488570757	0.0
70.0	28.41056982817436	18.146324123815365	20.120857006897104	33.32224904111317	0.0
71.0	29.523394545381578	17.76907597135666	21.071430619019498	31.636098864242264	0.0
72.0	30.044146313496157	18.197454420364636	19.99656002751978	31.761839238619427	0.0
73.0	29.937277115894002	17.735554816590028	19.032439312456283	33.29472875505968	0.0
74.0	29.29268026992472	18.36382504199657	20.925472568928843	31.418022119149864	0.0
75.0	29.961758753346825	18.129905572214035	19.728928614428472	32.17940706001066	0.0
76.0	28.459955164920853	18.457489808906242	19.39719178749778	33.68536323867513	0.0
77.0	28.797651605061432	18.038952625030817	21.656719241817022	31.506676528090725	0.0
78.0	29.793711586093018	18.03274928905605	18.998257040638475	33.17528208421246	0.0
79.0	30.184157416750757	17.734611503531784	19.124965599486284	32.956265480231174	0.0
80.0	31.135331620952204	17.96222823594166	19.937391065039904	30.96504907806623	0.0
81.0	29.86652600678837	18.65711861297129	19.40131639299147	32.075038987248874	0.0
82.0	30.008141454912398	18.01612237409412	19.192046601229247	32.78368956976424	0.0
83.0	29.590514522916738	18.248535094659832	20.423819188826585	31.737131193596845	0.0
84.0	30.665718725095033	17.984324562962623	19.02151789144158	32.328438820500764	0.0
85.0	29.759822948977426	17.59788547872005	19.29041986549168	33.35187170681084	0.0
86.0	30.41688406254121	17.791105020841336	19.94576092378435	31.846249992833105	0.0
87.0	29.569171138938582	18.87700105499748	20.297234071831568	31.256593734232375	0.0
88.0	29.908776597269604	18.08241641677226	19.11849868411245	32.890308301845685	0.0
89.0	29.84673253020338	18.834754387876217	20.339906307876674	30.978606774043726	0.0
90.0	30.22190366972477	18.576834862385322	19.2677752293578	31.93348623853211	0.0
91.0	30.275229357798167	18.04701834862385	19.801032110091743	31.876720183486242	0.0
92.0	29.29603954151113	18.56662022144622	20.222019621672143	31.9153206153705	0.0
93.0	30.066858564891803	18.500785559467424	19.765708322343144	31.66664755329763	0.0
94.0	30.417206619341965	17.356277021525475	20.335095585958555	31.891420773174005	0.0
95.0	30.288312671307498	18.17780428225742	20.967464476988887	30.566418569446196	0.0
96.0	29.951660349444637	18.74867395679823	19.590460516884473	31.70920517687266	0.0
97.0	29.815527355509808	18.34290006823825	19.932449867824232	31.909122708427713	0.0
98.0	28.713972772419172	18.128017800002294	20.96431971189687	32.193689715681664	0.0
99.0	29.86884888662052	18.397284076637668	19.83323680030279	31.90063023643902	0.0
100.0	30.01162215343544	18.353221407776488	20.143148107660263	31.492008331127806	0.0
101.0	29.815033905641318	18.46313663252056	20.767566007791082	30.954263454047037	0.0
102.0	30.163640049816088	18.157384076230194	20.039389463318564	31.639586410635157	0.0
103.0	29.806484625761737	17.55651951435084	19.834162906452065	32.80283295343536	0.0
104.0	30.012845215157352	17.990891574706602	20.234717113329832	31.761546096806214	0.0
105.0	30.73278288609495	18.063309251266656	19.536381122161757	31.66752674047664	0.0
106.0	29.345301946176605	17.946435938844555	20.19202433015454	32.516237784824305	0.0
107.0	29.65607478848807	18.13940545757032	20.384481033492598	31.820038720449016	0.0
108.0	29.215587194958832	19.194483250601905	20.379276521118804	31.21065303332045	0.0
109.0	28.516009668467067	18.422010683059295	20.577123929455997	32.48485571901764	0.0
110.0	29.47477519036179	18.0069374966301	21.229458599680086	31.28882871332802	0.0
111.0	29.51131210834606	18.490876943986724	19.913760960296365	32.08404998737085	0.0
112.0	28.927501570275886	18.082934724839347	19.05831763057448	33.93124607431028	0.0
113.0	30.443380831922934	17.728560422694983	20.463824030767924	31.36423471461416	0.0
114.0	29.802192709667192	18.29046695691411	19.175233844315173	32.73210648910352	0.0
115.0	29.43710212059384	17.782107604360053	20.45720517863598	32.32358509641012	0.0
116.0	29.736485654476052	18.13385051102081	20.563354266715923	31.566309567787222	0.0
117.0	30.493784359368036	18.30023277697984	19.678322024664453	31.52766083898767	0.0
118.0	29.921636917718764	18.07326326264071	19.9415386529013	32.06356116673923	0.0
119.0	30.374946900222394	17.970214148279567	20.047977210824858	31.60686174067318	0.0
120.0	30.010098919227463	18.02312087967232	19.768163941213	32.19861625988722	0.0
121.0	29.917312694044373	17.630092385588604	19.891555566751265	32.56103935361576	0.0
122.0	29.464291364743854	18.03436382621903	20.653735404866627	31.84760940417049	0.0
123.0	29.04210271995524	18.735138159484237	19.51208657061838	32.710672549942146	0.0
124.0	28.947856389270754	17.842002621567186	19.629783560855525	33.580357428306534	0.0
125.0	29.17861413637474	17.869128595491894	20.35398799038202	32.59826927775135	0.0
126.0	29.764037169480673	18.107512140866383	19.747418247188687	32.38103244246426	0.0
127.0	29.562722801904712	17.79422861752231	19.35481772527387	33.288230855299105	0.0
128.0	29.41253425956815	17.71816558409702	21.35049745874134	31.51880269759349	0.0
129.0	29.79812601989788	18.12325630362689	19.474127493814812	32.60449018266042	0.0
130.0	29.735522538136884	17.894897000648292	19.964145376605853	32.405435084608975	0.0
131.0	29.98191056369876	18.073475033917692	20.964459578090498	30.98015482429305	0.0
132.0	30.534785109485146	18.361000013376316	19.32877646838508	31.77543840875346	0.0
133.0	30.371342078708373	17.834510595358225	20.184998318197106	31.609149007736292	0.0
134.0	30.9209279662164	17.34454941663734	20.451530819414742	31.28299179773152	0.0
135.0	29.56802028035409	18.193712817647178	20.813940017581757	31.424326884416974	0.0
136.0	28.315390051942884	18.579358707809273	20.133528204917077	32.97172303533077	0.0
137.0	30.51207088404625	17.73759909321501	23.291657163394085	28.458672859344652	0.0
138.0	30.529011782883153	19.90075374261395	19.84646757097221	29.72376690353069	0.0
139.0	30.700611055051013	19.144522928579438	19.895027469447246	30.259838546922303	0.0
140.0	29.09603723029192	21.352418558736428	20.325059935129037	29.22648427584262	0.0
141.0	31.86485661772533	16.811314461704406	20.825024659906184	30.49880426066408	0.0
142.0	26.92996922901183	20.076106434777643	24.72459608615877	28.26932825005176	0.0
143.0	27.763364977614245	19.195693886497402	19.237375225474484	33.803565910413866	0.0
144.0	28.233752506714737	19.773545019510745	18.708598484025803	33.284103989748715	0.0
145.0	27.592569632347043	19.295763348478992	16.90868116079438	36.202985858379584	0.0
146.0	33.319360484784305	14.341290502875465	20.15399549927194	32.185353513068286	0.0
147.0	34.369056586886636	16.122824943875536	22.39906919158394	27.109049277653885	0.0
148.0	31.883593033913844	16.99740299419493	21.66972196761381	29.44928200427742	0.0
149.0	33.082878703733954	16.85913560484793	23.564241612492243	26.493744078925875	0.0
150.0	28.02151235181484	17.19104768083036	26.66548083663796	28.121959130716835	0.0
