# Position (bp)	A	C	G	T	N
0.0	27.071278321163227	24.076087341440438	23.416883273250093	25.43575106414624	0.0
1.0	27.15427910250056	20.27363820281399	15.195263099410356	37.37664321381137	1.763814637192148E-4
2.0	28.425944791439793	19.80162717008705	18.134410150843443	33.63784224319026	1.7564443944833596E-4
3.0	23.826647175707496	22.24420304444114	15.282429250444235	38.64479477595609	0.0019257534510377186
4.0	34.19142765515414	13.834374433553172	14.475940824607147	37.49703704736541	0.0012200393201243743
5.0	36.37856731510334	15.025218914795039	22.671099767384	25.91954652928926	0.005567473428363145
6.0	32.610942338990526	17.611124717096818	19.96310751449906	29.814825429413595	0.0
7.0	35.82387506764163	16.54809146536055	20.160328009879148	27.467358576958834	3.4688015984237766E-4
8.0	23.082789785047815	27.090631440462182	22.382518169795066	27.443887270136706	1.7333455823087817E-4
9.0	28.968818376005444	18.227884503777517	16.089052736252903	36.71355142048851	6.929634756276084E-4
10.0	26.4811204117042	17.108165859165855	25.34467413099868	31.06430800239653	0.0017315957347333864
11.0	28.272063723394496	18.658859327698803	19.976564136204946	33.092166640415265	3.461722864852608E-4
12.0	26.64416199213086	19.9204434955031	21.095623527131917	32.33959796108341	1.7302415071095622E-4
13.0	27.07215100318799	21.870172822678153	18.685814217783214	32.371343021274605	5.189350760326375E-4
14.0	31.653309854404117	18.4132003245074	20.446733909120628	29.486755911967855	0.0
15.0	29.76888361497093	19.153028764571264	19.600004843394043	31.477736820346408	3.459567173550917E-4
16.0	30.407346736849757	17.792726951931044	19.07224787106885	32.727678440150356	0.0
17.0	30.049281534387234	18.34331706760167	20.497070611495797	31.110157808156618	1.7297835867754584E-4
18.0	31.196819965854072	18.408529908823105	18.322732642919046	32.07191748240378	0.0
19.0	30.724935003381727	18.33449517130912	19.630622012879968	31.30994781242919	0.0
20.0	30.39177868456877	18.1805444320861	19.10390291070684	32.32325503756225	5.189350760326375E-4
21.0	29.99237165438232	17.42929942034952	19.46162215645201	33.116533790457474	1.7297835867754584E-4
22.0	28.85330916249068	19.200943769924944	19.724549261641876	32.221197805942495	0.0
23.0	30.063984694874822	17.79220801685501	20.354882400662852	31.78771403909657	0.001210848510742821
24.0	30.940120081576595	18.053405338458106	19.112724806999395	31.89340381624855	3.459567173550917E-4
25.0	29.471879773121586	18.40818395210575	19.40557716824048	32.71418612817351	1.7297835867754584E-4
26.0	31.860018993023782	18.103223105757237	19.950113041357394	30.086644859861583	0.0
27.0	29.211547343311878	18.173279341021644	20.217191627155525	32.39780871015227	1.7297835867754584E-4
28.0	30.213092040054867	18.093017382595264	19.88282445983183	31.81072016080068	3.459567173550917E-4
29.0	29.78951956907557	18.413751111387878	19.526695796272655	32.26968756594811	3.459573157863783E-4
30.0	29.769608529967844	18.561225248787846	19.57142585317841	32.09670249073262	0.0010378773332779799
31.0	30.43403051066178	18.504808049915844	19.58491107832131	31.474347553075372	0.0019028080256982874
32.0	29.092686133407142	18.615243564904514	19.814558538610573	32.47699280376419	5.189593135898146E-4
33.0	29.902155824115752	18.661493057838086	19.506039144590027	31.93013898163173	1.7299182440637856E-4
34.0	29.5451557320896	18.170416092892584	19.636048466898714	32.64751472206268	8.649860564247706E-4
35.0	30.142307199212752	17.654824480857656	19.69570445008853	32.50699062026812	1.7324957293980272E-4
36.0	30.696779561132875	17.5597115817936	19.301313828127707	32.44184837244774	3.4665649807605646E-4
37.0	29.32068902136632	18.814222943565305	19.07709701024099	32.78712402592674	8.66998900645394E-4
38.0	30.48201445089212	18.44891444828992	19.54287994309853	31.525670717426944	5.204402924874444E-4
39.0	29.31039273644248	18.901331351184254	19.725914630969456	32.06079825496782	0.0015630264359871207
40.0	30.14990762458492	18.76605251381278	19.53169756585122	31.550949264043936	0.0013930317071429443
41.0	29.747539580658966	18.231816474985372	20.699658554050632	31.320461432326464	5.239579785701187E-4
42.0	29.2723269295396	18.270940685560657	19.624278873081664	32.83227848101266	1.7503080542175423E-4
43.0	29.053659562903807	18.556863707690823	20.313664296797608	32.07528644440743	5.259882003313726E-4
44.0	29.21753758140956	18.786929518504927	20.276840791084062	31.718692109001452	0.0
45.0	29.251261671560957	18.41934973359827	19.926673583147235	32.40148411260968	0.0012308990838593961
46.0	30.25700975714532	17.591030891171386	19.320274509942006	32.83133272534569	3.5211639559572813E-4
47.0	29.47242654185449	18.19263180525353	19.908857975632017	32.4253787892138	7.048880461560693E-4
48.0	29.899162005753606	18.027371068649913	19.133996179550543	32.93841244979707	0.0010582962488689459
49.0	29.596629515051347	17.63306776285121	20.13603424164089	32.633915328219686	3.531522368662683E-4
50.0	29.75889481217787	18.865901494898164	19.653602600192148	31.72142416076746	1.7693196435174783E-4
51.0	29.955603051158562	18.390206753803742	19.30601586645057	32.347641778221174	5.325503659508598E-4
52.0	29.897340692781064	18.050363993343716	19.99255265699106	32.05938632468278	3.5633220138470693E-4
53.0	31.11331225952255	17.820898831404747	19.66283094703417	31.402957962038535	0.0
54.0	30.106105553144246	18.333877372398923	19.613206159717915	31.94627285412459	5.380606143217387E-4
55.0	29.00549455490508	18.530049190205126	18.380949811602417	34.08332658878967	1.798544977113515E-4
56.0	29.25336486978594	18.626217320290895	20.516060875929778	31.604356933993387	0.0
57.0	27.994017924552157	18.6824262084262	20.009428271086275	33.31412759593537	0.0
58.0	30.564377057219428	18.352523492337507	21.707589386693012	29.374967202109197	5.428616408535956E-4
59.0	29.764952925304282	20.181009095788667	21.10473213119986	28.949124512207508	1.8133549968810293E-4
60.0	31.153697173813814	19.186278057731233	19.5487122040106	30.111130710883753	1.818535606017898E-4
61.0	29.12506343162345	20.889904606139815	19.76091297728874	30.22174600335138	0.0023729815966150327
62.0	31.00272494563871	16.488398337507913	21.8445221252741	30.663804097510848	5.504940684264128E-4
63.0	26.51830459526034	20.125268207652734	25.547217472551413	27.808840419678038	3.6930485746679027E-4
64.0	26.145411947297774	19.75794998227046	18.76713778360305	35.32838638891003	0.001113897918681739
65.0	27.605990903863244	19.42301516769602	18.87560398198696	34.09445643488196	9.335115718094442E-4
66.0	26.582071884303755	19.50563829727362	16.979050785009314	36.931175440999084	0.0020635924142342853
67.0	33.2616265806437	14.253366792294885	18.25166242145094	34.23127030303487	0.0020739025755984624
68.0	34.26390945126319	15.464921916041835	22.839486126367067	27.430727350876356	9.551554515497397E-4
69.0	31.830008842319774	17.24428030739261	20.473190984347337	30.45173908715248	7.807787878018929E-4
70.0	32.79068057437578	15.882099601886573	22.091828695679578	29.234760869336863	6.302587212050547E-4
71.0	25.635099040012694	19.501229735805143	25.959855076296513	28.903816147885646	0.0
