# Position (bp)	A	C	G	T	N
0.0	25.91719167676796	23.88182933924944	24.64011007680955	25.560868907173052	0.0
1.0	27.024363049866235	21.360183418028978	16.22132976446498	35.39412376763981	0.0
2.0	29.6044256185913	20.331136307000556	17.450596686687746	32.61384138772039	0.0
3.0	23.780895150703103	22.906763030032344	15.229147211282093	38.08319460798246	0.0
4.0	34.281718178970095	13.44499877187866	15.098178658837366	37.17510439031388	0.0
5.0	35.421962767951264	14.962252380623745	24.310332928725405	25.30545192269959	0.0
6.0	32.11709421683131	17.341752402453626	21.43858586052677	29.102567520188295	0.0
7.0	34.99832003820272	17.84486138048611	20.869388010823744	26.28743057048742	0.0
8.0	22.723841208630688	27.459574354649067	23.222687698011203	26.593896738709038	0.0
9.0	27.664133214813596	18.83194549860224	15.771208012287874	37.73271327429629	0.0
10.0	27.213919691195553	16.93773613679693	25.458017937364154	30.39032623464337	0.0
11.0	27.797136392465056	19.634389433683054	19.54399761084128	33.024476563010616	0.0
12.0	25.60110223897027	20.49100080391889	20.927452578460574	32.98044437865026	0.0
13.0	26.745478954199086	21.00850752139803	19.89339989491274	32.35261362949014	0.0
14.0	30.72137951994635	18.96354137841305	20.019880788341187	30.29519831329941	0.0
15.0	29.747123462916147	19.150170722819293	20.579795884979923	30.522909929284637	0.0
16.0	29.09908987071669	18.687819255325643	18.834800689413562	33.378290184544106	0.0
17.0	30.26648402466614	17.95894722754883	20.294466247788073	31.480102499996953	0.0
18.0	32.49154369612434	17.985685886521185	19.674497422141584	29.848272995212888	0.0
19.0	30.621285461030094	18.853312068702117	20.391610393922964	30.13379207634482	0.0
20.0	29.845296019011514	18.325981329758438	20.60075650377961	31.22796614745044	0.0
21.0	29.250374388586597	19.532103237745783	20.358200601917524	30.859321771750093	0.0
22.0	30.093602897626255	18.818210812945896	23.27121241009363	27.816973879334224	0.0
23.0	30.26729592726652	20.268363579186012	21.9426555899697	27.52168490357777	0.0
24.0	33.82765121043176	19.65957194600469	17.608002328536656	28.904774515026897	0.0
25.0	29.742509149804015	20.81553180499886	20.398349185506078	29.04360985969105	0.0
26.0	31.781264237896124	16.66232524303966	22.684869883812677	28.87154063525154	0.0
27.0	26.413749083395793	21.023487124374952	25.24979198378793	27.312971808441322	0.0
28.0	27.408532744505482	19.838961825557586	19.57932890566761	33.17317652426933	0.0
29.0	28.054658365594058	21.13324282423567	17.64215636459244	33.16994244557783	0.0
30.0	27.021422988743193	19.14973590974167	16.269141901173338	37.559699200341804	0.0
31.0	35.074328862846	14.554495736151631	18.792506304504368	31.57866909649799	0.0
32.0	34.54879500374716	15.321385014662303	23.293091305557308	26.83672867603323	0.0
33.0	31.53373627469155	17.59770653147966	21.31856137428414	29.549995819544648	0.0
34.0	32.94693339267414	16.73264858210949	23.041355232869247	27.27906279234712	0.0
35.0	27.40950244438947	20.21000380655355	26.08168925196244	26.298804497094537	0.0
