# Position (bp)	A	C	G	T	N
0.0	27.184123758372557	20.338842461066296	17.311241523754227	35.16579225680692	0.0
1.0	25.535532837027976	19.604752918731723	28.5735022707007	26.286211973539597	0.0
2.0	36.61141118768237	17.13540696591544	19.769872312245194	26.48330953415699	0.0
3.0	28.463621890958713	23.830297516902018	22.753116794508653	24.952963797630616	0.0
4.0	26.211786105541663	22.947973294197897	20.202980632092437	30.637259968168006	0.0
5.0	32.776044142263736	25.87778214056914	15.606852797123313	25.739320920043813	0.0
6.0	28.999999999999996	16.429752066115704	16.776859504132233	37.79338842975207	0.0
7.0	27.880027266530334	21.8049616822623	16.886657990952468	33.4283530602549	0.0
8.0	35.51585252504389	15.092430032014873	20.73530930496747	28.65640813797377	0.0
9.0	22.174496644295303	29.201858544140425	21.724315952503872	26.8993288590604	0.0
10.0	31.318783423840102	20.819309946108895	21.104251409221366	26.757655220829633	0.0
11.0	25.796395317629084	15.269318909098416	30.160827466606104	28.773458306666395	0.0
12.0	30.27062733521871	20.628367359577236	17.46382346262618	31.637181842577878	0.0
13.0	33.509485374563916	14.838057098032738	24.33375307061908	27.31870445678426	0.0
14.0	30.36307717712139	19.92899457138729	23.163456973600017	26.5444712778913	0.0
15.0	36.9976676505191	16.32438234019278	18.11182893351772	28.566121075770397	0.0
16.0	29.388454314668426	15.62609646859714	23.140905244473796	31.844543972260634	0.0
17.0	27.047049112670248	16.555922410235247	18.241848947585638	38.15517952950888	0.0
18.0	27.419221722444597	21.18392274996905	16.320719679775515	35.07613584781083	0.0
19.0	34.003177288576204	23.161195815882316	13.839773876085745	28.995853019455737	0.0
20.0	23.21575907590759	27.848597359735972	20.004125412541253	28.931518151815183	0.0
21.0	32.711224763358146	14.926481202697408	19.81192386215999	32.55037017178445	0.0
22.0	32.93266257061565	16.33128530782236	22.168158014102513	28.567894107459484	0.0
23.0	30.94261027364774	18.63567937640484	20.29571278328831	30.12599756665911	0.0
24.0	32.20485753164818	16.986928374087668	15.071543441507568	35.73667065275659	0.0
25.0	33.101670447514955	14.347288100639307	17.63868838935863	34.912353062487114	0.0
26.0	39.42549593764177	18.299171031467807	16.558749536025076	25.71658349486534	0.0
27.0	27.404123711340205	18.67216494845361	16.381443298969074	37.542268041237115	0.0
28.0	30.749881445743387	14.506917383146739	18.001690686789964	36.74151048431991	0.0
29.0	32.46948705261421	14.953405904667658	19.20666336796965	33.37044367474847	0.0
30.0	26.480599046970728	21.54217463951977	17.742434556593846	34.23479175691565	0.0
31.0	32.46327170683394	17.916391548365798	20.914493232089796	28.705843512710466	0.0
32.0	33.29549910229688	16.827290174794147	15.871803867346307	34.00540685556266	0.0
33.0	30.72523024821377	16.536571263370917	19.747656217734274	32.99054227068104	0.0
34.0	31.09264541733846	20.393567323990244	19.221546984166356	29.292240274504938	0.0
35.0	36.89585879720743	15.806591949617783	16.73468542188892	30.562863831285863	0.0
36.0	30.327528159940147	18.760131343779875	22.399102207074275	28.5132382892057	0.0
37.0	33.45804493774812	16.121053397351957	13.1155037309555	37.30539793394442	0.0
38.0	32.57593081512587	14.527160468162068	22.300064445045006	30.596844271667045	0.0
39.0	31.936617521678556	16.66493376863732	18.29108527937782	33.10736343030631	0.0
40.0	29.57863649598602	20.86851628468034	19.013352190008735	30.539495029324904	0.0
41.0	31.15675135776266	19.682876584056434	17.425140978421457	31.73523107975945	0.0
42.0	29.52246138473708	22.550897206378284	17.5673425205046	30.35929888838003	0.0
43.0	33.81308450146842	16.01716273354023	18.385370019370562	31.784382745620793	0.0
44.0	28.200371057513912	16.161847783035586	19.49302703716829	36.144754122282215	0.0
45.0	26.12610730402808	16.454955707838877	17.50793916095604	39.910997827177006	0.0
46.0	27.091892345099357	15.381068164668399	14.911545233503814	42.61549425672843	0.0
47.0	29.581728123280133	14.283899919563101	19.046611066423942	37.087760890732824	0.0
48.0	26.671476161174652	28.396528676611005	18.472702582274184	26.459292579940165	0.0
49.0	28.427937397804254	26.949947973073414	14.80112972754879	29.82098490157355	0.0
50.0	33.44801953913136	18.419878942338325	15.935011150047787	32.197090368482534	0.0
51.0	28.52681227160704	17.73391688620719	22.64808362369338	31.091187218492394	0.0
52.0	29.386384407745116	19.001466556143594	18.44034942294204	33.17179961316925	0.0
53.0	33.44818785094436	12.957291134932788	17.802450229709034	35.792070784413816	0.0
54.0	29.62757206042606	17.2709984829384	26.540031195914615	26.561398260720924	0.0
55.0	24.06773862470065	20.073554567225454	27.00564488539172	28.853061922682176	0.0
56.0	37.96349787106575	17.2818109848728	15.184971221944071	29.569719922117383	0.0
57.0	28.99066061177277	16.39105475109245	21.313512124068204	33.304772513066574	0.0
58.0	29.497620986754686	13.950447940331776	20.564533413348194	35.987397659565346	0.0
59.0	31.338609699075565	19.767067756257642	14.70733329043605	34.186989254230745	0.0
60.0	27.348481594433228	15.450367252265796	16.120441561788585	41.080709591512395	0.0
61.0	24.118810178817057	16.972575653370015	20.258768913342504	38.64984525447043	0.0
62.0	27.205676808945274	17.258359316202558	28.601225674658636	26.934738200193525	0.0
63.0	32.47522596101492	15.482957639115757	20.775345747577045	31.266470652292277	0.0
64.0	31.81114044465778	16.5164837562455	20.97833438788646	30.694041411210264	0.0
65.0	25.182306449500018	16.828959434085846	16.986157809702636	41.0025763067115	0.0
66.0	30.827872433377017	15.974224552206204	22.27391874180865	30.923984272608124	0.0
67.0	33.050476773685595	21.778497069372758	20.345988977342312	24.825037179599335	0.0
68.0	36.041219971119766	15.380912790443269	19.071894280838404	29.505972957598566	0.0
69.0	26.915499124343256	17.171628721541154	17.21760070052539	38.69527145359019	0.0
70.0	23.36385141054845	20.22078149640792	22.503066409672332	33.9123006833713	0.0
71.0	29.22800560813179	21.63073957237995	16.37968804766912	32.76156677181914	0.0
72.0	27.872265813352037	18.531100688204095	15.896637881909436	37.69999561653443	0.0
73.0	28.758557135334385	20.699490960154467	18.808144637528525	31.733807266982623	0.0
74.0	35.44925946242458	19.071859572133846	13.68513439385628	31.793746571585295	0.0
75.0	39.666791052966616	16.410211383541498	17.301402638452927	26.62159492503896	0.0
76.0	29.963954459536684	24.080179348542792	14.41601828651809	31.539847905402436	0.0
77.0	32.14128617929093	21.26550541039852	14.623471452450074	31.969736957860473	0.0
78.0	25.199277755758136	20.90764962346413	20.93187122913639	32.961201391641346	0.0
79.0	32.18968290694343	22.482977457526275	14.688966748198585	30.638372887331705	0.0
80.0	37.6529464935294	16.2569721554708	14.581450208337927	31.508631142661876	0.0
81.0	24.06597774244833	15.904875463698993	19.212594947889066	40.81655184596361	0.0
82.0	31.536930561698362	14.4781070322866	18.385670057496682	35.599292348518354	0.0
83.0	33.38066528550478	15.647477827696177	21.476291347563954	29.495565539235084	0.0
84.0	31.217103730960922	16.60999580790908	17.58582141692673	34.587079044203264	0.0
85.0	28.80893531688663	21.480203329757963	16.285034743272863	33.425826610082545	0.0
86.0	36.2029513402447	17.481554123470627	18.21938918464556	28.096105351639117	0.0
87.0	28.80024317815138	17.920359155423572	20.564921551663666	32.71447611476138	0.0
88.0	37.97243219208537	15.847979218834102	14.748075167910885	31.431513421169644	0.0
89.0	39.003605375286796	13.466310811443554	17.67570351641148	29.854380296858174	0.0
90.0	35.994847171799975	14.851856189249327	20.215481906546433	28.93781473240426	0.0
91.0	33.9056497704488	17.452918579593366	18.17202286142603	30.46940878853181	0.0
92.0	30.76003936085469	21.678927885291223	15.076613092170001	32.484419661684086	0.0
93.0	33.01776257205793	17.518863945259408	18.172657824436424	31.29071565824624	0.0
94.0	35.45211643931936	19.812028312942388	17.665119767496368	27.07073548024188	0.0
95.0	27.135654824715676	20.593270019931996	18.61413999296518	33.65693516238715	0.0
96.0	29.918359686576267	21.57368742082297	21.336742833012714	27.17121005958805	0.0
97.0	28.815786386353505	18.688847697036532	17.44057814589737	35.05478777071259	0.0
98.0	34.21966674489557	17.049988265665338	18.108425252288196	30.621919737150904	0.0
99.0	37.07390365292515	13.409709831909101	19.684946943374964	29.83143957179078	0.0
100.0	29.62423330904989	18.574483585176132	21.815148168166758	29.98613493760722	0.0
101.0	26.94469926845906	21.986215980994047	19.4387599087338	31.63032484181309	0.0
102.0	27.317038711500423	17.34717905246303	17.745125741734956	37.59065649430159	0.0
103.0	32.944448372575366	14.254401470692216	23.52636168658229	29.27478847015013	0.0
104.0	25.619249823071478	20.7171502712904	18.07737673979712	35.586223165841005	0.0
105.0	27.228085086290342	15.456713176098402	18.922492150057842	38.39270958755341	0.0
106.0	35.972742105768305	16.654669354064687	17.72003071312026	29.652557827046742	0.0
107.0	33.75243406976465	19.527850566146597	16.12616294444311	30.593552419645647	0.0
108.0	29.820973097839165	19.37533086289042	16.13648395014197	34.66721208912845	0.0
109.0	26.925670793390815	20.087672816609665	18.22342116672287	34.76323522327665	0.0
110.0	27.260449075078984	17.861708028844994	21.419096543906615	33.458746352169406	0.0
111.0	33.03702987994879	18.080146863450807	17.548733061185054	31.33409019541535	0.0
112.0	27.365821773549275	18.78374125450892	25.70992809935362	28.140508872588182	0.0
113.0	29.631335288557093	20.299585524880627	19.194318539884144	30.87476064667814	0.0
114.0	32.209155408688886	18.7797647973564	16.90397511905919	32.10710467489552	0.0
115.0	29.18140783213371	19.807246553617176	15.132365499573014	35.878980114676104	0.0
116.0	31.706423810337668	19.435017213174792	17.362111482774615	31.49644749371292	0.0
117.0	29.144424310691026	17.2902688672315	18.019981389881973	35.545325432195504	0.0
118.0	30.728948985863553	17.467732022126615	20.99323909035034	30.8100799016595	0.0
119.0	26.778768033876606	20.215175537938844	19.208232803190704	33.797823624993846	0.0
120.0	30.557129832688563	16.534016706502722	20.136510361481406	32.77234309932731	0.0
121.0	26.933701657458563	15.913575374901342	21.477900552486187	35.674822415153905	0.0
122.0	25.92857848463894	20.76212585202015	18.448088511310875	34.86120715203003	0.0
123.0	30.050261209735325	20.223328133897844	20.24313550719255	29.483275149174283	0.0
124.0	29.531451853324057	15.651396203915333	19.66361919904601	35.1535327437146	0.0
125.0	33.92848249414811	18.897853478758904	18.345037103441406	28.828626923651573	0.0
126.0	30.799600199900052	18.083458270864565	19.962518740629683	31.154422788605697	0.0
127.0	29.774929274215754	17.847933304959568	20.251358185414215	32.12577923541046	0.0
128.0	22.97962052002811	19.455877923903223	20.201285011545025	37.363216544523645	0.0
129.0	25.470915172396445	15.308201091466941	24.047481326861657	35.173402409274956	0.0
130.0	29.694389156231892	17.747096319064777	22.133481141820564	30.42503338288277	0.0
131.0	29.150247549762554	17.50530463776902	23.1812670506214	30.163180761847023	0.0
132.0	30.031665611146295	17.096896770107666	21.335022165927803	31.53641545281824	0.0
133.0	29.141579656022152	17.358941137616544	21.0857912252623	32.413687981099	0.0
134.0	33.15066398185201	16.249076032931463	22.463232482858817	28.137027502357707	0.0
135.0	31.539836567926454	19.867211440245146	16.782431052093973	31.81052093973442	0.0
136.0	33.05182341650672	17.49456174024312	18.438899552143315	31.01471529110685	0.0
137.0	30.5759457933371	16.123402289410194	23.250859812124634	30.049792105128077	0.0
138.0	31.67588424437299	21.890675241157556	17.857234726688105	28.57620578778135	0.0
139.0	27.46963719347103	17.201722492973364	21.3274541656997	34.00118614785591	0.0
140.0	26.102133160956694	22.90885585003232	19.710407239819006	31.278603749191987	0.0
141.0	28.14557519829955	20.781274301415316	19.044533153610864	32.028617346674274	0.0
142.0	34.007041335245795	17.31646890076933	19.38192723953579	29.29456252444908	0.0
143.0	33.51268054431008	19.04301721210855	18.063572491968554	29.380729751612815	0.0
144.0	32.73963645874199	19.319994769190533	18.04629266378972	29.894076108277755	0.0
145.0	30.284936098889588	20.474544311753615	18.602032264822963	30.638487324533838	0.0
146.0	33.78917528479185	18.11643655834952	17.945823927765236	30.148564229093388	0.0
147.0	32.40058910162003	15.868924889543445	17.068167473174835	34.66231853566168	0.0
148.0	27.077790363794417	16.698717104396618	21.61165406601512	34.611838465793845	0.0
149.0	28.846867872487138	15.456426032992097	19.429268551424176	36.267437543096584	0.0
150.0	29.863846067289302	18.105097333183302	19.410374704624733	32.62068189490267	0.0
151.0	26.41073341225548	18.211285867298045	19.995490162917864	35.38249055752861	0.0
152.0	28.398757413160126	20.033888731996612	20.288054221971194	31.27929963287207	0.0
153.0	30.530785562632694	17.49186128803963	19.32908704883227	32.6482661004954	0.0
154.0	26.36203866432337	18.58307643550664	18.82220749661471	36.23267740355527	0.0
155.0	30.06728464581709	17.733691414710215	18.080221779433423	34.11880216003927	0.0
156.0	28.69585346798229	17.289273416476174	22.028993894499262	31.985879221042275	0.0
157.0	27.70095950372496	19.549526045743107	19.19007449923182	33.559439951300114	0.0
158.0	28.79082595442009	19.834518798083902	16.77456815212658	34.60008709536943	0.0
159.0	30.612422938234268	17.712574153774572	18.576247528207514	33.09875537978365	0.0
160.0	29.243413383072976	17.99661925856843	20.194101189088364	32.56586616927022	0.0
161.0	30.43986214148023	17.34330276301186	17.755125883521234	34.46170921198668	0.0
162.0	32.36902916313218	15.31576330183988	20.79152894375055	31.52367859127739	0.0
163.0	29.104761904761904	17.037362637362637	18.452747252747255	35.40512820512821	0.0
164.0	29.769065993720474	18.48058921916723	18.74761583379794	33.00272895331436	0.0
165.0	31.10836786879464	18.222966816565265	17.823237221879317	32.845428092760784	0.0
166.0	30.08479566599929	17.957248851725357	19.924037215875636	32.033918266399716	0.0
167.0	28.540260046584308	15.623433676327506	19.429784473862664	36.40652180322552	0.0
168.0	28.687411431270665	17.73145961265942	19.90434577231932	33.676783183750594	0.0
169.0	29.77182715611515	17.67452858071762	19.96512383992434	32.58852042324289	0.0
170.0	30.88465978038891	17.10717139728298	17.989167431260544	34.01900139106757	0.0
171.0	28.898375429858884	16.23384323491047	19.847622435669393	35.02015889956125	0.0
172.0	27.929907929907934	17.606177606177607	20.231660231660232	34.232254232254235	0.0
173.0	29.20933555608478	19.66837342224339	18.870564420100024	32.251726601571804	0.0
174.0	30.47874720357942	18.153616703952274	19.74944071588367	31.61819537658464	0.0
175.0	30.446217759048388	19.791386472996802	18.126662482441198	31.635733285513613	0.0
176.0	30.443632880320898	17.332215769622223	18.685266119858706	33.53888523019817	0.0
177.0	28.858033947100104	17.58231871888682	21.081988844239188	32.47765848977389	0.0
178.0	31.35776509462301	14.935416040853108	20.417542805647344	33.28927605887654	0.0
179.0	29.958466261361583	16.122915788840064	18.52765906218022	35.390958887618126	0.0
180.0	28.436462420766677	18.843948083308177	20.79384243887715	31.925747057047992	0.0
181.0	29.488962806168733	19.61899002116722	17.523435137586937	33.36861203507711	0.0
182.0	27.346852171804432	16.674244490921765	20.805674274802218	35.173229062471584	0.0
183.0	30.550071378671444	16.675272605777117	18.029948668104364	34.744707347447076	0.0
184.0	27.81822058420395	17.154518595230115	17.61444975785081	37.412811062715114	0.0
185.0	29.715210158420074	16.345654894539237	21.488965538292483	32.45016940874821	0.0
186.0	28.901398109340104	17.383057484626914	20.601462355064704	33.11408205096827	0.0
187.0	28.135925903207998	17.815739434459914	18.419922713610994	35.628411948721094	0.0
188.0	30.476190476190478	17.855606758832565	18.761904761904763	32.9062980030722	0.0
189.0	28.000616142945162	19.21441774491682	18.709180529882932	34.07578558225509	0.0
190.0	29.23072173859357	17.88602827684139	17.626720997715626	35.25652898684942	0.0
191.0	30.260552048520857	18.179848991211784	18.829681891323183	32.729917068944175	0.0
192.0	31.329261108182692	17.71107872624105	18.067656816842888	32.892003348733375	0.0
193.0	29.05642779418623	17.24545313228665	18.700450800559615	34.997668272967516	0.0
194.0	31.491006577511765	17.251161195797874	20.306119268056985	30.951712958633376	0.0
195.0	30.708415362019934	18.971282147432895	18.846286053560828	31.474016436986346	0.0
196.0	31.152677256634398	18.538709778487952	18.438449728984555	31.870163235893095	0.0
197.0	31.518390443256838	18.522477208425023	18.29927695693178	31.659855391386355	0.0
198.0	32.227547931382446	17.822906155398588	18.702699293642784	31.246846619576186	0.0
199.0	28.40521057291008	20.880232705197926	18.161123055520427	32.55343366637157	0.0
200.0	30.982655293781907	17.370073247296826	18.942829057931952	32.704442400989315	0.0
201.0	30.346342395110458	17.581333163557648	20.268033360921883	31.804291080410007	0.0
202.0	30.648148148148145	17.68837803320562	19.572158365261814	32.09131545338442	0.0
203.0	29.620731629188292	17.66929335639695	21.529245947850598	31.18072906656416	0.0
204.0	31.096757607892282	17.198496095632894	18.050065876152832	33.654680420321995	0.0
205.0	28.963827455026113	19.298471855051904	18.43445741182539	33.30324327809659	0.0
206.0	30.519774742701795	17.81345070878374	17.405657324098648	34.26111722441582	0.0
207.0	30.044857625796382	17.780522688857108	18.86295670263945	33.311662982707055	0.0
208.0	31.38774442482506	18.651494343077626	17.25851808253221	32.7022431495651	0.0
209.0	29.79142716373789	16.741665298078505	21.14304483494827	32.32386270323534	0.0
210.0	30.918861890475092	15.594606178497248	20.543338498565824	32.94319343246184	0.0
211.0	26.913531222078824	18.670372944174197	19.441411032793937	34.97468480095304	0.0
212.0	29.684749028336043	16.480085041358002	19.071188918048033	34.76397701225791	0.0
213.0	28.937716724459854	17.374633235529473	19.16511069618565	34.522539343825024	0.0
214.0	27.707134252442778	17.845669923704992	19.933743809396333	34.5134520144559	0.0
215.0	28.233041024090316	18.606995262574337	20.229815542788028	32.93014817054733	0.0
216.0	30.17264634475317	16.637442676018345	20.933369301321825	32.25654167790666	0.0
217.0	30.753867506177855	17.199823973460614	19.088724146102027	32.957584374259504	0.0
218.0	30.924472530832738	17.633268779940884	21.302619508714706	30.13963918051167	0.0
219.0	29.48237059264816	19.180931596535498	19.494646388869942	31.842051421946394	0.0
220.0	30.97569325573434	17.343375556316328	21.12975008558713	30.551181102362207	0.0
221.0	30.160365372068267	18.89358195116926	20.431990659661412	30.51406201710106	0.0
222.0	31.28815312984997	18.265218141058803	21.176064838765303	29.270563890325917	0.0
223.0	29.278172061623682	19.369915180889734	19.324909122381857	32.02700363510473	0.0
224.0	31.152496438622702	17.480282130572252	20.239046593238594	31.12817483756645	0.0
225.0	32.34176111595467	17.523975588491716	20.352223190932868	29.782040104620748	0.0
226.0	30.251277385035348	20.00069993700567	16.840484356407924	32.90753832155106	0.0
227.0	31.24362357080035	18.941072999120493	19.905013192612138	29.91029023746702	0.0
228.0	31.325939530940943	20.146934162192707	18.363238202882172	30.163888103984178	0.0
229.0	31.98936170212766	18.095744680851062	17.55673758865248	32.358156028368796	0.0
230.0	30.64516129032258	18.500320444349498	18.660542619098482	32.19397564622944	0.0
231.0	29.2346208869814	16.648783977110156	21.95994277539342	32.15665236051502	0.0
232.0	29.202141035312714	16.657685813844882	18.64065811689478	35.499515033947624	0.0
233.0	28.368871089944797	19.547570083342354	22.09474329833676	29.98881552837609	0.0
234.0	30.509764138980472	18.441360820260137	18.20586210644542	32.843012934313975	0.0
235.0	30.157632239979616	17.747278750591576	18.027594743165025	34.067494266263786	0.0
236.0	30.566023928871978	18.118619882185065	22.223848377300502	29.091507811642458	0.0
237.0	32.553692262430125	15.81347455133863	19.770520741394527	31.862312444836714	0.0
238.0	27.254257323334937	19.253075246573825	20.690037309297775	32.80263012079347	0.0
239.0	29.307592351958416	19.877482829032857	19.428253202153332	31.386671616855395	0.0
240.0	28.511194029850746	19.57462686567164	18.828358208955223	33.08582089552239	0.0
241.0	28.63356832158392	17.796610169491526	17.84160791960402	35.72821358932053	0.0
242.0	28.1495988851644	18.692327972581072	20.300553651463222	32.85751949079131	0.0
243.0	29.639019222037234	17.29226577871954	19.56636900257303	33.50234599667019	0.0
244.0	26.32459777110038	20.60400897645582	18.599520748545128	34.47187250389867	0.0
245.0	27.09233416172816	18.994456126935578	21.00936723379851	32.90384247753775	0.0
246.0	30.524049367526622	17.65542696758814	19.635510784728364	32.18501288015687	0.0
247.0	29.883235385091243	16.61769254562326	19.79585524280854	33.703216826476954	0.0
248.0	29.525401329342714	17.856726396392894	20.204454464181598	32.41341781008279	0.0
249.0	28.720993827642783	18.192827564653488	20.364872255644972	32.721306352058754	0.0
250.0	30.829279774046757	17.213243370469165	18.488153146085047	33.46932370939903	0.0
251.0	30.778641619637714	17.63289790441612	19.483799676388177	32.10466079955799	0.0
252.0	29.931675538253756	18.519107015174384	18.237069992849765	33.3121474537221	0.0
253.0	30.303272465737003	17.41319375074919	18.615894833579734	33.66763894993407	0.0
254.0	30.845931167578	16.399967835316822	20.64168542939852	32.11241556770666	0.0
255.0	28.319514661274013	17.379170879676444	22.632962588473205	31.668351870576338	0.0
256.0	29.291819291819294	17.374847374847374	19.495319495319496	33.838013838013836	0.0
257.0	30.451882502355687	18.071203244704822	22.065631529353926	29.411282723585565	0.0
258.0	28.39653751030503	20.243198680956308	19.83924154987634	31.521022258862324	0.0
259.0	26.457287474588227	16.62448657843422	22.005559473924407	34.91266647305314	0.0
260.0	27.43263003969083	15.842907875496135	19.899728431167745	36.82473365364529	0.0
261.0	27.928685560507947	17.21049533260449	20.98225548734337	33.878563619544195	0.0
262.0	27.128469871360867	15.893703452945159	19.202775897088692	37.77505077860528	0.0
263.0	31.509474132424952	16.572280178837556	19.808388332978495	32.109857355759	0.0
264.0	30.10029144522544	19.419681124635694	17.70529744556832	32.77472998457054	0.0
265.0	30.05775364192742	20.45082320489613	18.515645202999742	30.97577795017671	0.0
266.0	31.528482797518333	20.12234804112977	17.072324178923164	31.276844982428738	0.0
267.0	31.560562396297264	18.675224871190288	19.015806479783425	30.748406252729023	0.0
268.0	28.48844884488449	17.62376237623762	19.273927392739274	34.61386138613861	0.0
269.0	29.867423402651532	15.603245687935086	23.101139537977208	31.42819137143617	0.0
270.0	30.422144709775512	16.009301493605225	22.57400948036848	30.99454431625078	0.0
271.0	31.231393775372123	16.986919260261615	19.64817320703654	32.13351375732972	0.0
272.0	29.22789935847855	17.157286500750715	18.572273533827744	35.04254060694299	0.0
273.0	28.441258094357075	17.104532839962996	21.20259019426457	33.25161887141535	0.0
274.0	31.436440875776107	17.921665655198172	18.033705242519023	32.6081882265067	0.0
275.0	31.474990526714663	17.781356574460023	18.577112542629784	32.166540356195526	0.0
276.0	26.949844012479	18.84809215262779	20.230381569474442	33.97168226541877	0.0
277.0	29.41892154954254	17.86061903834923	18.726883394977616	33.99357601713062	0.0
278.0	30.756368643651026	19.28789220025573	18.99773777908921	30.958001377004035	0.0
279.0	31.89875960427861	17.66182895595842	21.081705418570785	29.357706021192186	0.0
280.0	29.73501414972987	21.131978389503473	21.188577308978644	27.944430151788012	0.0
281.0	29.8981457299556	19.54034996082528	22.87803604074171	27.683468268477405	0.0
282.0	29.206616794858288	18.97060372984933	20.04003793067116	31.782741544621217	0.0
283.0	28.896449075058474	19.647033808207524	20.13608335105252	31.320433765681482	0.0
284.0	30.842829499032465	17.410234358202537	22.371533003655127	29.375403139109867	0.0
285.0	31.40455531453362	18.31887201735358	20.536876355748372	29.739696312364426	0.0
286.0	30.561034407188252	18.458251150558844	19.28007889546351	31.700635546789393	0.0
287.0	30.74839708158302	19.649568870218882	20.18571744417422	29.41631660402388	0.0
288.0	28.2877858337981	20.730619074177355	19.269380925822645	31.712214166201896	0.0
289.0	31.657471005517397	19.778178133093117	18.213039072176556	30.351311789212925	0.0
290.0	28.319036527864565	19.218315059932966	22.12122933590865	30.341419076293814	0.0
291.0	29.874448202717424	19.686980450610562	17.892564352462305	32.54600699420971	0.0
292.0	29.20671685002895	19.090909090909093	17.481181239143023	34.22119281991893	0.0
293.0	28.44020594430143	16.762227942897262	22.121460332319216	32.6761057804821	0.0
294.0	28.77109860823216	17.968611193366893	19.917086171157834	33.34320402724312	0.0
295.0	26.80751735695475	18.141010294469716	22.977016997845343	32.07445535073019	0.0
296.0	28.12878971622605	18.281591074460344	19.80354111084162	33.78607809847199	0.0
297.0	29.864197530864196	20.444444444444446	22.08641975308642	27.60493827160494	0.0
298.0	25.825941637742638	22.657153875819514	20.08612932253503	31.430775163902812	0.0
299.0	24.964729119638825	20.42183972911964	22.107787810383748	32.50564334085779	0.0
300.0	12.886996904024766	25.94814241486068	19.891640866873065	41.273219814241486	0.0
