# Position (bp)	A	C	G	T	N
0.0	27.094797326258963	23.60955039909176	25.323501813000316	23.97157122832219	5.79233326768689E-4
1.0	27.06919789422756	20.68794710225898	15.59170132129157	36.65115368222189	0.0
2.0	27.974619638800284	20.372558918695642	17.602175459531406	34.05064598297267	0.0
3.0	24.178229364299266	21.602624179943767	15.864516423983357	38.352344160742454	0.002285871031156422
4.0	32.8430704206149	15.818506146749382	14.655054877633104	36.68223237212262	0.001136182879996364
5.0	34.97600036268637	15.140455964774086	21.944792333716798	27.930250876964312	0.00850046185842764
6.0	31.554296548766448	17.27196803828183	21.575288355190395	29.598447057761323	0.0
7.0	35.29719071774044	17.732014358179274	19.970002864894926	26.999668570979175	0.0011234882061825556
8.0	24.792915668866968	26.686818949127638	21.125686308599118	27.394579073406277	0.0
9.0	27.85675079253061	19.328785383831256	16.741158942993806	36.07274478834112	5.600923032115692E-4
10.0	26.406880382293203	17.364348025583205	25.630207429872808	30.597445036959115	0.0011191252916720293
11.0	27.165471004970897	19.678373527323153	20.957163066634607	32.198992401071344	0.0
12.0	27.195923293549683	20.932233695409234	20.425997943766482	31.445845067274597	0.0
13.0	26.40230488335995	22.078415169348624	19.181677070654054	32.33760287663737	0.0
14.0	30.155557292655416	19.806474667500474	20.168287753073734	29.86968028677037	0.0
15.0	29.434722889144492	18.941026700465667	19.76571486002077	31.858535550369073	0.0
16.0	29.694357279254934	18.0186266736647	19.73723883013769	32.54921886341556	5.583535271192308E-4
17.0	29.500050251817438	18.705401512021353	21.27494444382405	30.51848708528292	0.0011167070542384616
18.0	32.222023696523685	18.315670750092128	18.30115355838703	31.161151994997155	0.0
19.0	31.266680811622688	19.25091290801684	19.69480396207663	29.787043964756727	5.583535271192308E-4
20.0	30.22702654412668	17.101251828607804	20.975108599761025	31.696613027504494	0.0
21.0	28.320807602541624	18.072786965795263	19.901953120637863	33.70333560397101	0.0011167070542384616
22.0	28.261063775139867	19.442428167818736	20.667455806318326	31.629052250723067	0.0
23.0	29.868563579716135	17.4379390054607	20.282750226133178	32.41018883516287	5.583535271192308E-4
24.0	30.396207662843803	17.86284603959843	19.745055779517358	31.995332164513286	5.583535271192308E-4
25.0	29.039408591944078	18.301711911914147	19.499380227584897	33.15838256150264	0.0011167070542384616
26.0	29.856279802119513	17.79026008107293	21.810405476331393	30.543054640476164	0.0
27.0	29.468224100771646	17.927615048744265	20.28219187260606	32.321968977878036	0.0
28.0	29.969067214597594	17.199522049380786	20.95724128689321	31.873052742074172	0.0011167070542384616
29.0	30.076829445331605	18.255368569163252	19.131983606740445	32.53414331818334	0.0016750605813576924
30.0	29.669317191932276	17.335998749190324	19.480243907886802	33.51220656228362	0.0022335887069754976
31.0	30.045121011425447	18.115974401644014	20.079966941041132	31.756703932452506	0.00223371343690318
32.0	28.409071870165697	19.75773348449394	19.237234654499353	32.59484304056205	0.0011169502789583321
33.0	30.187172197304406	17.18342428490837	19.855557355347898	32.77384616243933	0.0
34.0	29.093783694698793	18.96009430325648	19.195852444454374	32.74915222042827	0.001117337162075342
35.0	30.26026967701474	17.601240872642563	19.79908614433544	32.339403306007256	0.0
36.0	31.594756810374296	17.775623315269474	18.685167646448967	31.94389181858429	5.60409322969497E-4
37.0	28.775182842015525	20.207407905954145	18.739063130973214	32.27722439090053	0.0011217301565935298
38.0	30.446963444554857	18.206980961524426	19.55724736543655	31.788246787151976	5.61441332187993E-4
39.0	30.586793216679414	18.5568575412712	19.12756961000405	31.728217354145112	5.622779002294094E-4
40.0	29.086733772682134	20.20910445066354	19.504942674009207	31.198654870452287	5.642321928319942E-4
41.0	29.29552387756722	17.4508669864707	20.720919946926138	32.531555132174326	0.0011340568616110412
42.0	28.035699059204727	19.1888127788989	20.331978512349714	32.442941193189895	5.684563567632095E-4
43.0	30.031524521289025	18.689537621352308	20.433362406580816	30.84557545077785	0.0
44.0	28.83557849894642	19.53836577830822	20.167659336329425	31.457825339630073	5.710467858631657E-4
45.0	29.754581919513857	18.60119132768378	20.192489256879316	31.450593088926144	0.001144406996904379
46.0	29.781137352214703	17.74684371292831	19.611674966904115	32.86034396795287	0.0
47.0	30.919806718927546	19.37172173952965	18.74103320440277	30.966864462221817	5.738749182228241E-4
48.0	29.616840847328113	19.04190103014599	18.863794361487592	32.475740148115804	0.0017236129225006176
49.0	27.444335768943102	19.496576721707612	20.64610781888269	32.41297969046661	0.0
50.0	29.255969546660516	18.72303610566386	18.94682200945899	33.074172338216634	0.0
51.0	30.287481467753892	17.907361934766495	18.648072646404746	33.157083951074874	0.0
52.0	28.19609211444522	18.267038846243313	21.218888113514772	32.3179809257967	0.0
53.0	30.257580888105274	18.856182058078303	19.800217180621885	31.08601987319454	0.0
54.0	30.152910929822607	18.60757936903012	19.58032948176606	31.658594578133325	5.85641247884371E-4
55.0	28.546758533190015	19.190352840284998	18.834399431414354	33.428489195110636	0.0
56.0	30.157552198368524	18.38324940365757	21.540772153017052	29.917837264776043	5.889801808169155E-4
57.0	27.035117135839787	19.87117419232949	19.712355941809935	33.38076232760249	5.904024182883053E-4
58.0	30.110956593780514	17.88679468591887	22.156404414593013	29.845844305707608	0.0
59.0	27.572121521572633	21.386205627230144	22.033948619909637	29.00772423128759	0.0
60.0	30.12704715231946	19.203138321022102	20.416972211788973	30.252842314869465	0.0
61.0	28.94195660385277	20.53972384269946	19.81185809615742	30.70586189736733	5.995599230165058E-4
62.0	30.65014172848441	16.041855135395934	21.939569386647367	31.36722754960497	0.0012061998673180147
63.0	25.318493587601683	21.12051420690996	25.17754840434257	28.383443801145784	0.0
64.0	26.055484108028658	21.417723069385755	18.23932880151877	34.28685161369343	6.124073733847755E-4
65.0	27.238902669282883	19.245245764071427	19.171201856033964	34.344649710611726	0.0
66.0	27.314487193812308	18.648739245409512	18.648118489825816	35.38741355978497	0.0012415111673929507
67.0	33.172154856282525	14.437343428853447	18.19692511448045	34.18982826370798	0.0037483366756002026
68.0	33.79880831643002	16.33303752535497	22.64769269776876	27.21919371196754	0.0012677484787018255
69.0	31.81209623958509	17.020004419429892	20.805116140017937	30.362783200967076	0.0
70.0	31.3563581031089	16.55731297027906	24.351904848324097	27.73442407828794	0.0
71.0	25.448319526310627	19.60924193649067	25.539276446616316	29.40316209058239	0.0
