# Position (bp)	A	C	G	T	N
0.0	4.918032786885246	1.639344262295082	73.77049180327869	19.672131147540984	0.0
1.0	23.770491803278688	0.0	0.819672131147541	75.40983606557377	0.0
2.0	72.95081967213115	19.672131147540984	3.278688524590164	4.098360655737705	0.0
3.0	18.0327868852459	74.59016393442623	6.557377049180328	0.819672131147541	0.0
4.0	89.68253968253968	0.0	3.968253968253968	6.349206349206349	0.0
5.0	88.88888888888889	0.0	6.349206349206349	4.761904761904762	0.0
6.0	74.60317460317461	0.0	8.73015873015873	16.666666666666664	0.0
7.0	20.634920634920633	2.380952380952381	3.1746031746031744	73.80952380952381	0.0
8.0	75.39682539682539	20.634920634920633	1.5873015873015872	2.380952380952381	0.0
9.0	6.349206349206349	88.09523809523809	3.1746031746031744	2.380952380952381	0.0
10.0	8.73015873015873	71.42857142857143	1.5873015873015872	18.253968253968253	0.0
11.0	20.634920634920633	2.380952380952381	0.7936507936507936	76.19047619047619	0.0
12.0	78.57142857142857	19.047619047619047	1.5873015873015872	0.7936507936507936	0.0
13.0	17.46031746031746	75.39682539682539	1.5873015873015872	5.555555555555555	0.0
14.0	91.26984126984127	3.968253968253968	3.1746031746031744	1.5873015873015872	0.0
15.0	74.60317460317461	21.428571428571427	0.7936507936507936	3.1746031746031744	0.0
16.0	5.555555555555555	73.01587301587301	3.1746031746031744	18.253968253968253	0.0
17.0	3.1746031746031744	8.73015873015873	0.0	88.09523809523809	0.0
18.0	8.73015873015873	1.5873015873015872	18.253968253968253	71.42857142857143	0.0
19.0	8.73015873015873	3.1746031746031744	70.63492063492063	17.46031746031746	0.0
20.0	3.968253968253968	0.0	23.015873015873016	73.01587301587301	0.0
21.0	3.1746031746031744	16.666666666666664	72.22222222222221	7.936507936507936	0.0
22.0	1.5873015873015872	69.84126984126983	7.936507936507936	20.634920634920633	0.0
23.0	23.809523809523807	1.5873015873015872	2.380952380952381	72.22222222222221	0.0
24.0	88.88888888888889	1.5873015873015872	3.1746031746031744	6.349206349206349	0.0
25.0	73.01587301587301	1.5873015873015872	2.380952380952381	23.015873015873016	0.0
26.0	3.968253968253968	0.0	22.22222222222222	73.80952380952381	0.0
27.0	19.047619047619047	2.380952380952381	75.39682539682539	3.1746031746031744	0.0
28.0	73.80952380952381	17.46031746031746	2.380952380952381	6.349206349206349	0.0
29.0	2.380952380952381	88.09523809523809	3.1746031746031744	6.349206349206349	0.0
30.0	4.444444444444445	80.0	6.666666666666667	8.88888888888889	0.0
31.0	61.111111111111114	5.555555555555555	11.11111111111111	22.22222222222222	0.0
32.0	38.88888888888889	16.666666666666664	0.0	44.44444444444444	0.0
33.0	50.0	37.5	12.5	0.0	0.0
34.0	58.333333333333336	16.666666666666664	16.666666666666664	8.333333333333332	0.0
35.0	44.44444444444444	33.33333333333333	0.0	22.22222222222222	0.0
