# Position (bp)	A	C	G	T	N
0.0	26.23535747946681	25.78622400892496	23.621342976398854	24.357075535209372	0.0
1.0	26.237280963280696	21.472811556290754	14.1481851930216	38.14172228740696	0.0
2.0	27.819606711861145	20.543295350738017	17.725852204432904	33.911245732967934	0.0
3.0	23.807784016614107	23.448196292592876	15.172871317590955	37.571148373202064	0.0
4.0	33.620117854018666	14.649081488459728	14.864410201197767	36.86639045632384	0.0
5.0	35.12385969297023	15.570658181853137	23.729921464207095	25.575560660969536	0.0
6.0	32.31474628242961	18.61524708505955	20.1003527726779	28.96965385983294	0.0
7.0	34.2506704603347	17.85779512270145	19.827362471523458	28.064171945440393	0.0
8.0	23.48610096505056	26.94836402783652	22.458572032757893	27.10696297435503	0.0
9.0	29.89128867614406	18.057998596653114	15.394523102357816	36.65618962484501	0.0
10.0	26.903372773671414	17.115696998241045	24.214957852343833	31.76597237574371	0.0
11.0	27.338523644752016	19.40407535563245	19.65686274509804	33.600538254517495	0.0
12.0	27.280066895418244	20.883673096700402	20.769297309766156	31.0669626981152	0.0
13.0	27.46888365611034	21.64255850833774	17.704839252246625	33.1837185833053	0.0
14.0	31.201284035099526	19.09041106423059	19.082722231299318	30.625582669370573	0.0
15.0	31.057846632901175	19.133886267311222	18.006554478092475	31.80171262169513	0.0
16.0	30.719406484844992	17.82371369812989	17.83812873589729	33.61875108112783	0.0
17.0	30.45700887881001	18.49559903140254	19.720759503401624	31.326632586385823	0.0
18.0	31.550427071223375	18.63932898415657	18.79978093984493	31.01046300477513	0.0
19.0	29.66318256926565	19.042769857433807	19.03124159397456	32.26280597932598	0.0
20.0	30.074639052458668	19.074744719070903	19.957541233993908	30.893074994476518	0.0
21.0	30.988607765162428	17.564789733540813	18.74627783220948	32.70032466908728	0.0
22.0	28.518465158718726	19.671517072467946	19.468856552850212	32.34116121596312	0.0
23.0	30.967153284671532	18.371110257395312	19.210526315789473	31.451210142143683	0.0
24.0	31.60856621530779	19.073273792374916	17.196773264188995	32.12138672812831	0.0
25.0	29.613198125528157	18.830183606053623	19.36410079127295	32.19251747714527	0.0
26.0	30.788435132462094	18.177890016611777	19.861152453837512	31.17252239708862	0.0
27.0	29.019558892718944	18.840677119840226	19.242993077092954	32.896770910347875	0.0
28.0	30.69603541148569	17.9083410947987	19.51664474252739	31.878978751188225	0.0
29.0	29.255600042246353	18.387725513917292	20.205278873942643	32.15139556989371	0.0
30.0	29.61344957369998	18.808088178815577	19.804708502957215	31.773753744527227	0.0
31.0	30.637325498780655	18.41887973577587	18.843251339362865	32.10054342608061	0.0
32.0	29.388664317468244	18.93825192752691	19.369365044311515	32.30371871069334	0.0
33.0	30.521270566991	18.342922457761425	19.61368155142108	31.52212542382649	0.0
34.0	31.040908261374877	18.347725024252963	19.340895774702	31.270470939670158	0.0
35.0	30.799746417182156	19.120528681753562	19.476889384101128	30.602835516963157	0.0
36.0	30.01066251693035	18.733369835643547	19.300116231040413	31.955851416385695	0.0
37.0	28.240006916625838	19.88914185807468	19.360788495345687	32.510062729953795	0.0
38.0	31.98585920688595	17.99108515216723	19.157316323393793	30.865739317553025	0.0
39.0	29.321011374116203	19.465685521057484	19.85571011374116	31.357592991085152	0.0
40.0	30.534901147040177	18.492900647491687	18.871404691913078	32.100793513555054	0.0
41.0	30.26745571225454	18.199285247665525	19.74791530569112	31.78534373438881	0.0
42.0	30.19502353732347	19.743491209530216	18.997021808050725	31.06446344509559	0.0
43.0	30.931588706036067	18.153346590963675	18.858498813538155	32.05656588946211	0.0
44.0	29.78989134298533	19.838791803168444	19.528480435012348	30.84283641883388	0.0
45.0	29.896530853404297	19.19511187541431	19.360355080748207	31.548002190433188	0.0
46.0	30.954942837928716	18.1957921029878	18.74915938130464	32.10010567777884	0.0
47.0	28.52339321740801	19.574406763377848	20.782976270535116	31.119223748679026	0.0
48.0	30.96004380866374	18.06242734582905	19.314240697864328	31.66328814764288	0.0
49.0	29.68054955084786	19.610894941634243	18.662631503098428	32.04592400441946	0.0
50.0	30.608186010760953	17.87086856264412	19.930822444273634	31.59012298232129	0.0
51.0	30.770561106840894	18.942159877017676	18.69523443504996	31.592044581091468	0.0
52.0	29.273237379657562	19.261515401910106	18.630258075674014	32.83498914275832	0.0
53.0	31.638770921808646	17.869290339937354	19.62374373066354	30.868195007590458	0.0
54.0	30.758292017371918	18.72573888312387	19.776893808370804	30.7390752911334	0.0
55.0	30.066395703016152	18.254494441401707	18.41688045890865	33.26222939667349	0.0
56.0	30.05486533490915	18.64076177298627	20.26750454008244	31.03686835202214	0.0
57.0	27.754768654206508	19.26488252534474	19.349445058376975	33.63090376207178	0.0
58.0	29.915819415348544	18.56105014318387	18.648498010801255	32.87463243066633	0.0
59.0	29.65760467418149	19.240637702885806	19.823949414285853	31.277808208646853	0.0
60.0	29.839903134669715	19.717091733774097	19.04345486344679	31.399550268109394	0.0
61.0	30.494743114152268	18.17325619389932	18.53172391258385	32.80027677936456	0.0
62.0	28.754168628845473	18.07671238142834	20.34963623607654	32.81948275364965	0.0
63.0	29.356078808265256	18.317155213839502	20.154733301297455	32.17203267659779	0.0
64.0	28.22585295530995	19.664584334454588	18.90821720326766	33.201345506967805	0.0
65.0	30.50005285971033	18.424972849330604	20.68064085190631	30.394333439052758	0.0
66.0	30.375525033400297	19.614382791399546	19.327957247623534	30.682134927576627	0.0
67.0	29.596701332154325	17.488129793737144	19.516156936621748	33.39901193748678	0.0
68.0	29.641768952027604	18.984227068695393	19.189919164928536	32.184084814348466	0.0
69.0	29.429348609655992	18.044194965349533	19.886773229269792	32.63968319572468	0.0
70.0	29.306036139946173	18.53517877739331	19.21760861207228	32.94117647058823	0.0
71.0	30.70667845745703	18.501288015686878	20.202622169249107	30.589411357606984	0.0
72.0	31.01263997693084	19.288700917960302	19.70394578747537	29.994713317633487	0.0
73.0	30.671113845207426	17.566034834095888	18.397477796147488	33.3653735245492	0.0
74.0	28.892755183451406	19.064143108436745	21.099074332183058	30.94402737592879	0.0
75.0	29.782857362567643	18.80557130910384	19.478434727442252	31.933136600886257	0.0
76.0	28.877375448175098	18.457604798477405	18.964174829140752	33.70084492420674	0.0
77.0	28.129535820364694	18.75270346909154	22.046850518585448	31.070910191958323	0.0
78.0	30.569066615399404	17.641065077381523	18.260117273863308	33.529751033355765	0.0
79.0	30.183891030385755	18.444856722644648	19.231175922098647	32.14007632487095	0.0
80.0	31.45403160687507	17.595262813857808	19.494751413081094	31.45595416618603	0.0
81.0	29.949628946052986	19.197715999538588	19.26116045680009	31.59149459760834	0.0
82.0	30.056330987810973	18.114353827815588	19.70431037797516	32.12500480639828	0.0
83.0	29.76246551376085	18.976804098935855	19.9323252617109	31.328405125592397	0.0
84.0	31.22266334701568	18.076076403241466	19.159448989204726	31.54181126053813	0.0
85.0	29.30613500471036	17.859958087401225	18.254090323572953	34.57981658431546	0.0
86.0	29.782652580580045	18.666307785478768	19.359397079604335	32.19164255433685	0.0
87.0	29.776209793705423	18.758771845500164	20.188222175225423	31.276796185568994	0.0
88.0	28.856118358439957	18.965997904309624	18.32767753285331	33.850206204397104	0.0
89.0	30.150062966843873	18.815069744191188	20.31858339021178	30.71628389875316	0.0
90.0	31.3157338153012	18.486223538233766	18.70541637024361	31.492626276221426	0.0
91.0	30.016151671890324	18.136981560174593	19.768492702905377	32.078374065029706	0.0
92.0	28.930999009739168	18.13619451414727	20.72817820849317	32.20462826762039	0.0
93.0	29.66733967887703	18.011729641380636	20.773964041919047	31.54696663782329	0.0
94.0	30.491885239596954	17.81497577109453	20.127297900161526	31.56584108914699	0.0
95.0	29.745399303886316	18.706613080014613	21.303578639693864	30.244408976405207	0.0
96.0	30.70554978654667	19.171378023922156	19.17233952540287	30.950732664128306	0.0
97.0	29.805870984490834	18.60619405209465	19.509052623482013	32.078882339932505	0.0
98.0	29.310974788946364	18.139074248572143	21.13420895752005	31.415742004961444	0.0
99.0	29.74558181573431	19.300590373262054	19.057325820657294	31.896501990346337	0.0
100.0	30.986417837071883	17.85249520431082	19.83824791062185	31.322839047995448	0.0
101.0	29.976612482362718	19.13910740862439	20.805226433693488	30.079053675319408	0.0
102.0	29.76147784874536	18.83462399565795	19.591575641858167	31.81232251373853	0.0
103.0	29.64007233554359	18.00707799404982	19.523791004725144	32.82905866568145	0.0
104.0	29.836679740092492	18.294991121777986	20.093074986829013	31.775254151300516	0.0
105.0	31.39635053645548	18.33444279113478	19.09801080742423	31.171195864985513	0.0
106.0	28.9216745574917	18.311297958862934	20.024360057364007	32.74266742628136	0.0
107.0	29.75928900099516	18.0449497985043	20.321998994984778	31.87376220551576	0.0
108.0	28.97030916422867	20.035383885506445	20.178698505574445	30.81560844469044	0.0
109.0	28.044115898370926	19.23679099449047	20.557691545443735	32.16140156169487	0.0
110.0	29.419951289825537	18.59734579253442	21.00402604503206	30.97867687260798	0.0
111.0	28.72819695006479	20.243197448420215	19.61227947772351	31.41632612379149	0.0
112.0	28.932452290744052	17.99406195955335	19.249647616286623	33.823838133415975	0.0
113.0	30.624448190063408	18.319086604061322	19.771851673489042	31.28461353238623	0.0
114.0	30.048938655496034	17.659201675595117	20.04571635719177	32.246143311717084	0.0
115.0	30.187858933915717	17.53013022729111	20.012335193723207	32.26967564506997	0.0
116.0	29.426689535485572	18.5623090741173	20.66109831224057	31.349903078156554	0.0
117.0	30.080074981152837	18.92051590293201	19.159925833859695	31.839483282055465	0.0
118.0	30.142449559766437	18.26688073300678	19.947028806921026	31.64364090030576	0.0
119.0	30.32760797922035	17.997392277445254	19.70575854953133	31.969241193803065	0.0
120.0	30.60337726523888	18.597611202635914	19.704489291598023	31.094522240527183	0.0
121.0	29.895991489273797	17.629804067383468	19.678988628265113	32.79521581507762	0.0
122.0	29.58756476683938	18.27357512953368	20.701554404145078	31.437305699481865	0.0
123.0	29.056556660701656	18.813725082192352	19.176827999500603	32.9528902576054	0.0
124.0	28.828885269180972	17.90711272605772	19.326107839452032	33.937894165309274	0.0
125.0	29.621392528560786	19.29859530228801	19.641639478405	31.438372690746203	0.0
126.0	30.742399494177775	18.006217398176933	19.038937773328417	32.212445334316875	0.0
127.0	30.877512356720256	18.138712784310403	18.559952584062742	32.4238222749066	0.0
128.0	29.358422367511828	18.089618880561314	21.514909902726835	31.037048849200023	0.0
129.0	29.807086656204294	17.334443625959494	20.176365713309632	32.68210400452658	0.0
130.0	30.21346821552574	18.43413776844271	19.14784174203781	32.20455227399374	0.0
131.0	30.313787502285905	18.376523488344574	20.184808683211237	31.124880326158284	0.0
132.0	31.7944674278184	17.93927348534765	18.764514630747794	31.501744456086158	0.0
133.0	30.69013763706765	17.858111259341207	19.635787806809184	31.815963296781963	0.0
134.0	29.929090374372326	17.804742557757034	20.870957552256364	31.395209515614276	0.0
135.0	29.157270159612903	19.129463796991658	20.113633875593894	31.599632167801545	0.0
136.0	28.576302900225635	18.98959881129272	20.074844532496837	32.35925375598481	0.0
137.0	30.623603089247382	18.91721436632809	22.535351523600877	27.923831020823652	0.0
138.0	30.89408283365409	19.963066380394032	20.05873780467455	29.084112981277325	0.0
139.0	30.849600089490465	19.41271883214945	19.97650875328598	29.76117232507411	0.0
140.0	29.824679703304113	20.977747808496293	20.26635198921106	28.931220498988537	0.0
141.0	32.05275876866093	17.662669105856313	20.313029338031033	29.971542787451728	0.0
142.0	26.68715831499671	20.954789828278475	23.899235532971893	28.458816323752924	0.0
143.0	28.562800556100004	18.90170248649634	19.273195523850763	33.262301433552885	0.0
144.0	28.474696669378215	19.887489831693035	18.677604518738327	32.96020898019042	0.0
145.0	27.073949057060243	19.59955301084064	17.139960600440077	36.186537331659046	0.0
146.0	33.68076512372905	14.75695250475881	20.03342773573518	31.528854635776966	0.0
147.0	34.954364450082814	16.427623309957596	22.70500757655848	25.91300466340111	0.0
148.0	31.790327823459304	17.514416767995378	21.182716733082117	29.5125386754632	0.0
149.0	33.36977070178372	17.227587803341095	22.97354647050502	26.42909502437017	0.0
150.0	28.400039497070633	16.633203870712922	26.716476861299455	28.250279770916993	0.0
