# Position (bp)	A	C	G	T	N
0.0	33.58599059069524	14.963408259278621	16.962885520125457	34.48771562990068	0.0
1.0	18.450280935580817	28.99516529465569	32.09199006925389	20.4625637005096	0.0
2.0	27.163868280619553	27.762592737212028	21.580111935441884	23.493427046726538	0.0
3.0	33.33333333333333	17.237798546209763	21.61214953271028	27.816718587746625	0.0
4.0	36.28697457187337	14.089257913855736	26.75142708873897	22.872340425531913	0.0
5.0	27.219701879455606	24.78289047310434	20.985093972780298	27.012313674659755	0.0
6.0	32.49125534395647	29.10998834045861	14.354190957377899	24.04456535820702	0.0
7.0	40.92204092204092	16.58896658896659	21.91142191142191	20.57757057757058	0.0
8.0	32.50064716541548	25.77012684442143	20.61869013719907	21.11053585296402	0.0
9.0	23.014230271668822	33.05304010349289	18.007761966364814	25.92496765847348	0.0
10.0	21.43780708559607	13.201448151021463	13.576415826221877	51.78432893716058	0.0
11.0	26.274357981675056	15.782681636340174	15.627822944896117	42.31513743708866	0.0
12.0	23.946927734123406	14.156898106402164	23.161149040319465	38.73502511915496	0.0
13.0	30.980492813141687	26.257700205338807	14.14271047227926	28.619096509240244	0.0
14.0	29.338790126614654	14.886814170610052	34.65916357590484	21.115232126870445	0.0
15.0	32.51877306860125	14.802087310678377	22.69313987527046	29.985999745449917	0.0
16.0	26.76825396825397	17.155555555555555	19.2	36.87619047619047	0.0
17.0	27.375221687357488	31.59361540410438	16.810235621991385	24.220927286546747	0.0
18.0	25.395219425825218	17.781712406728214	21.778171240672823	35.044896926773745	0.0
19.0	27.217665615141957	36.18927444794953	15.154574132492113	21.438485804416406	0.0
20.0	22.623693818456502	27.307062822611105	16.354022409668893	33.715220949263504	0.0
21.0	27.493092187892486	14.719919618186387	20.69831700577744	37.088671188143685	0.0
22.0	31.786833855799372	13.015673981191222	29.203761755485893	25.993730407523515	0.0
23.0	29.67927837634678	14.770734151841644	23.803558005512404	31.746429466299176	0.0
24.0	42.18828242363546	17.013019529293942	17.939409113670507	22.8592889334001	0.0
25.0	19.256756756756758	17.117117117117118	37.86286286286286	25.763263263263266	0.0
26.0	41.19559779889945	12.968984492246122	17.49624812406203	28.339169584792394	0.0
27.0	21.225766103814884	17.235772357723576	17.410881801125704	44.127579737335836	0.0
28.0	23.3375	32.237500000000004	12.325	32.1	0.0
29.0	30.79710144927536	14.580209895052473	17.81609195402299	36.80659670164918	0.0
30.0	24.924165824064712	21.66329625884732	26.03640040444894	27.376137512639033	0.0
31.0	28.08618504435995	14.512040557667936	22.509505703422054	34.89226869455007	0.0
32.0	28.046446344264385	11.15222661732806	15.120581855301774	45.68074518310578	0.0
33.0	21.55404539043467	30.55519938453648	15.07885626362354	32.811898961405305	0.0
34.0	31.115686526830522	12.623857933341911	20.563634023935144	35.69682151589242	0.0
35.0	24.941114891389688	24.914943732007327	22.376341271918346	27.767600104684636	0.0
36.0	25.069015380570526	23.189167871697123	15.512028394899435	36.22978835283291	0.0
37.0	37.805684071381364	16.08724388631857	18.466622604097818	27.640449438202246	0.0
38.0	33.00828212663639	25.2872027785199	15.682607534063585	26.02190756078012	0.0
39.0	30.215827338129497	23.836025519207276	18.352110764218814	27.596036378444417	0.0
40.0	24.189152357590622	31.152902698282908	20.087217225402018	24.57072771872445	0.0
41.0	22.625385261978145	16.068926870271785	38.20397870551975	23.101709162230318	0.0
42.0	28.952946163628656	26.861664547124487	16.645471244877776	27.53991804436908	0.0
43.0	43.39917578513571	14.878499360522952	14.025863294017338	27.696461560324003	0.0
44.0	26.336206896551722	24.741379310344826	23.089080459770113	25.833333333333336	0.0
45.0	27.71858351613914	18.505170792854905	18.379818238796616	35.39642745220934	0.0
46.0	25.86040527500804	20.488903184303634	24.17175940816983	29.478932132518494	0.0
47.0	28.332205683355888	21.44790257104195	21.904600811907983	28.315290933694182	0.0
48.0	28.62092862092862	19.62924462924463	14.466389466389467	37.28343728343728	0.0
49.0	22.047793476364905	17.721960579103435	21.629164486307342	38.601081458224314	0.0
50.0	24.687444972706462	24.63461877091037	17.432646592709986	33.245289663673184	0.0
51.0	22.543249509541642	13.179953629391832	15.052612805421795	49.224184055644734	0.0
52.0	27.08669897684437	16.280739544067494	20.732364028002152	35.90019745108598	0.0
53.0	33.061828952239914	15.660866345797853	25.527582376897445	25.749722325064788	0.0
54.0	28.59806114839672	26.1558538404176	16.05145413870246	29.194630872483224	0.0
55.0	37.88959819752159	15.80923770184003	19.56440105144574	26.736763049192643	0.0
56.0	32.56254738438211	15.921152388172857	26.04245640636846	25.473843821076574	0.0
57.0	27.033816425120772	21.893719806763283	19.729468599033815	31.342995169082126	0.0
58.0	33.34734187854591	20.823702458499685	16.474049169993695	29.35490649296071	0.0
59.0	24.038867765103504	21.715251373046048	23.785382340515422	30.460498521335023	0.0
60.0	27.76480577372108	22.160900021226915	17.066440246232222	33.00785395881978	0.0
61.0	29.580193756727663	18.21313240043057	23.10010764262648	29.106566200215283	0.0
62.0	37.87544169611308	17.84452296819788	19.169611307420496	25.110424028268554	0.0
63.0	31.79190751445087	15.695864828812805	26.745220097821253	25.767007558915072	0.0
64.0	32.324373164671336	19.78766659137113	19.832843912355997	28.05511633160154	0.0
65.0	32.720671658724754	21.193555706830043	20.331291127751307	25.754481506693892	0.0
66.0	23.07157748436414	17.813296270558258	19.666435024322446	39.44869122075516	0.0
67.0	28.504998837479654	15.601023017902813	17.879562892350616	38.014415252266915	0.0
68.0	21.06628921915546	19.084689785326727	21.797593772116063	38.051427223401745	0.0
69.0	22.816568047337277	20.071005917159763	26.579881656804734	30.532544378698223	0.0
70.0	33.03059273422562	21.295411089866157	18.116634799235182	27.55736137667304	0.0
71.0	23.9477503628447	26.826318335752298	17.41654571843251	31.80938558297049	0.0
72.0	26.761600785661678	15.713233488828873	18.684016695310582	38.84114903019887	0.0
73.0	35.36102868447082	14.045499505440159	23.44213649851632	27.1513353115727	0.0
74.0	37.96111665004985	14.805583250249251	22.781655034895316	24.451645064805582	0.0
75.0	26.25	25.851063829787236	20.98404255319149	26.914893617021278	0.0
76.0	26.294165981922763	17.94029033141605	18.378526431114764	37.387017255546425	0.0
77.0	31.29834254143646	16.823204419889503	22.07182320441989	29.806629834254146	0.0
78.0	28.583473861720066	17.847105115233276	22.4283305227656	31.141090500281056	0.0
79.0	27.359819667511974	21.076359537898	22.76697661313046	28.79684418145957	0.0
80.0	25.021422450728366	17.223650385604113	24.764353041988006	32.99057412167952	0.0
81.0	27.989525749199885	15.594995635728834	16.002327611288912	40.41315100378237	0.0
82.0	28.831473869641812	15.678214914856136	26.189078097475043	29.30123311802701	0.0
83.0	31.235154394299286	19.388361045130644	21.585510688836106	27.790973871733964	0.0
84.0	26.812462552426602	21.62971839424805	19.203115638106652	32.354703415218694	0.0
85.0	32.49697702539299	16.021765417170496	21.009673518742442	30.471584038694076	0.0
86.0	31.422505307855626	20.776463451622686	21.747042766151043	26.053988474370637	0.0
87.0	30.054811205846526	17.935444579780754	22.77710109622412	29.232643118148598	0.0
88.0	37.091353498319585	15.857011915673693	16.895814237702414	30.155820348304307	0.0
89.0	31.08108108108108	18.857493857493857	17.65970515970516	32.4017199017199	0.0
90.0	29.676425269645605	17.07241910631741	20.061633281972266	33.18952234206471	0.0
91.0	30.40247678018576	19.690402476780186	16.53250773993808	33.37461300309597	0.0
92.0	27.13347921225383	16.4426383244764	21.7567989996874	34.66708346358237	0.0
93.0	27.63787057698438	18.71214536181065	16.89512272872171	36.754861332483266	0.0
94.0	31.81967752550181	16.551497203027314	19.907864429088516	31.72096084238236	0.0
95.0	32.00926845415425	18.338298576630255	20.25819265143992	29.394240317775573	0.0
96.0	28.481222997673644	17.77999335327351	19.04287138584247	34.695912263210374	0.0
97.0	29.490169943352218	17.794068643785405	20.259913362212593	32.455848050649784	0.0
98.0	35.404769902586494	18.50856567013772	17.23211286530064	28.854551561975146	0.0
99.0	31.374535629854776	20.364741641337385	17.96690307328605	30.29381965552178	0.0
100.0	30.79549334243769	14.339364970979856	20.792079207920793	34.07306247866166	0.0
101.0	29.522828698935804	18.194301407483692	21.24957088911775	31.033299004462755	0.0
102.0	32.67838676318511	15.68424681144433	18.269562219924165	33.3678042054464	0.0
103.0	26.59279778393352	20.117728531855956	20.083102493074794	33.20637119113574	0.0
104.0	24.58217270194986	19.846796657381617	19.42896935933148	36.14206128133704	0.0
105.0	28.07142857142857	20.892857142857142	18.892857142857142	32.142857142857146	0.0
106.0	30.233393177737884	22.333931777378815	17.27109515260323	30.16157989228007	0.0
107.0	33.22522522522522	18.27027027027027	18.01801801801802	30.486486486486484	0.0
108.0	37.38689829895041	16.503800217155266	16.141874773796598	29.967426710097723	0.0
109.0	31.923501287237954	19.198234645090107	19.198234645090107	29.680029422581832	0.0
110.0	28.01326944342057	19.35127165499447	21.26796903796535	31.367489863619607	0.0
111.0	29.44996180290298	18.372803666921314	18.907563025210084	33.26967150496562	0.0
112.0	28.21592649310873	17.68759571209801	21.20980091883614	32.88667687595712	0.0
113.0	30.100076982294073	18.514241724403387	18.976135488837567	32.409545804464976	0.0
114.0	28.88030888030888	16.949806949806952	21.505791505791507	32.664092664092664	0.0
115.0	28.27852998065764	18.181818181818183	19.961315280464216	33.57833655705996	0.0
116.0	28.937160589604343	17.95965865011637	20.20946470131885	32.893716058960436	0.0
117.0	30.41618047452353	18.903150525087515	19.447685725398678	31.23298327499028	0.0
118.0	27.695312500000004	15.117187500000002	22.2265625	34.9609375	0.0
119.0	22.989407610827776	20.24323264025108	26.677128285602198	30.09023146331895	0.0
120.0	25.599685410931972	21.667322060558394	21.863940228077077	30.86905230043256	0.0
121.0	31.819976312672722	18.397157520726413	17.410185550730358	32.37268061587051	0.0
122.0	30.071315372424724	19.453248811410457	19.492868462757528	30.98256735340729	0.0
123.0	33.38632750397456	17.130365659777425	18.5214626391097	30.961844197138316	0.0
124.0	32.310756972111555	18.326693227091635	18.804780876494025	30.557768924302785	0.0
125.0	27.127447063523775	21.574111066719937	20.295645225729125	31.00279664402717	0.0
126.0	29.979959919839676	19.799599198396795	18.677354709418836	31.543086172344694	0.0
127.0	29.782958199356912	18.04662379421222	22.14630225080386	30.02411575562701	0.0
128.0	32.29838709677419	17.016129032258064	20.32258064516129	30.362903225806452	0.0
129.0	32.38980994743227	16.983420946219166	17.87302871006874	32.753740396279824	0.0
130.0	28.803905614320584	20.260374288039056	16.761594792514238	34.17412530512612	0.0
131.0	31.699346405228756	18.504901960784316	18.995098039215684	30.800653594771244	0.0
132.0	28.864288642886425	18.122181221812216	23.493234932349324	29.520295202952028	0.0
133.0	27.567789646672146	20.09038619556286	20.542317173377157	31.799506984387836	0.0
134.0	26.092333058532564	21.269579554822755	20.610057708161584	32.0280296784831	0.0
135.0	27.06953642384106	16.804635761589402	20.571192052980134	35.5546357615894	0.0
136.0	27.151767151767153	17.58835758835759	21.372141372141375	33.88773388773389	0.0
137.0	28.952857738840216	15.39424280350438	20.108468919482686	35.54443053817272	0.0
138.0	29.168407856247384	16.42290012536565	22.106142916840785	32.30254910154618	0.0
139.0	28.499580888516345	20.1173512154233	19.823973176865046	31.559094719195308	0.0
140.0	29.72175379426644	15.43001686340641	22.344013490725125	32.50421585160203	0.0
141.0	29.927935565917764	16.49003815175922	19.754133107248833	33.82789317507419	0.0
142.0	31.169940222032448	16.18274978650726	19.55593509820666	33.09137489325363	0.0
143.0	34.33476394849785	17.811158798283262	20.515021459227466	27.339055793991417	0.0
144.0	30.447889750215328	18.733850129198967	16.96813092161929	33.850129198966414	0.0
145.0	29.705117085862966	17.909800520381612	20.121422376409367	32.263660017346055	0.0
146.0	32.99956464954288	17.936438833260777	18.28471919895516	30.77927731824118	0.0
147.0	29.37062937062937	18.88111888111888	17.56993006993007	34.17832167832168	0.0
148.0	25.768217734855135	20.017559262510975	20.4126426690079	33.801580333625985	0.0
149.0	30.735358872743284	20.079260237780712	16.68868339938353	32.496697490092465	0.0
150.0	28.19266460450729	20.371188687582855	18.868758285461777	32.567388422448076	0.0
151.0	27.34132268086995	19.218819351975146	23.479804704837996	29.96005326231691	0.0
152.0	28.425266903914594	17.88256227758007	16.72597864768683	36.96619217081851	0.0
153.0	30.84153983885407	18.397493285586393	19.829901521933753	30.93106535362578	0.0
154.0	29.959514170040485	16.284300494826812	19.478182636077374	34.278002699055335	0.0
155.0	32.956600361663654	18.535262206148282	16.54611211573237	31.962025316455694	0.0
156.0	30.744777475022705	16.25794732061762	18.89191643960036	34.10535876475931	0.0
157.0	31.504343850022863	17.969821673525377	20.256058527663466	30.269775948788297	0.0
158.0	28.827586206896548	21.149425287356323	17.28735632183908	32.735632183908045	0.0
159.0	36.766743648960734	13.579676674364896	19.445727482678983	30.207852193995382	0.0
160.0	26.428239665582907	20.80817464003716	22.29447282861124	30.469112865768693	0.0
161.0	30.8411214953271	19.766355140186917	21.02803738317757	28.364485981308412	0.0
162.0	30.159474671669795	20.121951219512198	20.45028142589118	29.268292682926827	0.0
163.0	28.760018859028758	17.256011315417254	18.387553041018386	35.59641678453559	0.0
164.0	31.516587677725116	15.402843601895736	22.322274881516588	30.75829383886256	0.0
165.0	29.178605539637058	18.147086914995224	24.594078319006684	28.08022922636103	0.0
166.0	27.325023969319272	19.75071907957814	19.798657718120804	33.125599232981784	0.0
167.0	30.05306319343946	19.68162083936324	20.260492040520983	30.004823926676316	0.0
168.0	26.77012609117362	20.805043646944714	19.05916585838991	33.365664403491756	0.0
169.0	26.497808085728202	16.31758402338042	22.01656113005358	35.1680467608378	0.0
170.0	29.328102010789603	14.615007356547327	21.726336439431094	34.330554193231976	0.0
171.0	28.98120672601385	19.386745796241346	18.199802176063304	33.432245301681505	0.0
172.0	28.507462686567166	19.751243781094526	17.064676616915424	34.67661691542288	0.0
173.0	28.07807807807808	20.62062062062062	18.31831831831832	32.98298298298298	0.0
174.0	29.773299748110833	19.64735516372796	18.690176322418136	31.889168765743076	0.0
175.0	26.737696600710297	19.127346524606796	23.896499238964992	30.238457635717907	0.0
176.0	29.576746557878636	18.612952575216728	19.734829168791432	32.075471698113205	0.0
177.0	27.05761316872428	25.36008230452675	18.209876543209877	29.372427983539097	0.0
178.0	29.45134575569358	18.58178053830228	22.10144927536232	29.865424430641824	0.0
179.0	27.79519331243469	17.81609195402299	25.339602925809825	29.049111807732498	0.0
180.0	29.594523433385994	15.692469720905741	21.0637177461822	33.649289099526065	0.0
181.0	28.5181236673774	17.750533049040513	20.62899786780384	33.10234541577825	0.0
182.0	32.25979602791197	18.733225979602793	20.021470746108427	28.985507246376812	0.0
183.0	26.9875608436993	25.09464575446187	19.740400216333153	28.17739318550568	0.0
184.0	29.629629629629626	20.588235294117645	18.30065359477124	31.48148148148148	0.0
185.0	27.42200328407225	20.306513409961685	25.83470169677066	26.436781609195403	0.0
186.0	27.69485903814262	16.086235489220563	23.383084577114428	32.83582089552239	0.0
187.0	30.756395995550612	22.191323692992214	17.352614015572858	29.699666295884313	0.0
188.0	31.907709622960045	17.670230725942602	20.427687113111986	29.99437253798537	0.0
189.0	28.960817717206133	19.988642816581486	20.045428733674047	31.005110732538334	0.0
190.0	32.70332187857961	15.979381443298967	20.103092783505154	31.214203894616265	0.0
191.0	27.79700115340254	21.510957324106116	20.126874279123413	30.565167243367934	0.0
192.0	29.135229251305862	19.849100406268136	20.48752176436448	30.52814857806152	0.0
193.0	29.47739283617146	17.557251908396946	22.137404580152673	30.82795067527892	0.0
194.0	28.267297457125963	20.165582495564756	23.595505617977526	27.971614429331755	0.0
195.0	28.776119402985074	19.34328358208955	19.52238805970149	32.35820895522388	0.0
196.0	27.90138304269393	20.80577269993987	20.26458208057727	31.028262176788935	0.0
197.0	26.9183922046285	20.219244823386116	25.091352009744217	27.77101096224117	0.0
198.0	24.04508453350031	26.424546023794615	19.724483406386977	29.805886036318096	0.0
199.0	26.803441429516877	24.2885506287227	17.736598279285243	31.17140966247518	0.0
200.0	30.64516129032258	16.82027649769585	18.817204301075268	33.7173579109063	0.0
201.0	35.202492211838006	21.391484942886812	16.614745586708203	26.791277258566975	0.0
202.0	37.06806282722513	17.905759162303664	14.345549738219896	30.680628272251308	0.0
203.0	36.430834213305175	18.373812038014783	18.90179514255544	26.293558606124606	0.0
204.0	32.234042553191486	16.914893617021278	24.04255319148936	26.80851063829787	0.0
205.0	35.50802139037433	16.25668449197861	23.636363636363637	24.598930481283425	0.0
206.0	30.139935414424112	22.17438105489774	22.497308934337997	25.18837459634015	0.0
207.0	27.675675675675677	26.7027027027027	16.0	29.621621621621625	0.0
208.0	26.206140350877195	16.99561403508772	19.736842105263158	37.06140350877193	0.0
209.0	23.093922651933703	21.54696132596685	21.325966850828728	34.033149171270715	0.0
210.0	28.22222222222222	17.77777777777778	17.0	37.0	0.0
211.0	33.44556677890011	17.28395061728395	19.30415263748597	29.96632996632997	0.0
212.0	24.91544532130778	14.768883878241262	28.52311161217587	31.79255918827508	0.0
213.0	30.034129692832767	17.29237770193402	17.974971558589306	34.69852104664392	0.0
214.0	32.416953035509735	21.191294387170675	18.098510882016036	28.29324169530355	0.0
215.0	27.99539170506912	21.889400921658986	16.129032258064516	33.986175115207374	0.0
216.0	32.20536756126021	20.536756126021004	18.319719953325556	28.93815635939323	0.0
217.0	27.023809523809522	19.523809523809526	21.785714285714285	31.666666666666664	0.0
218.0	24.60220318237454	18.35985312117503	19.216646266829866	37.821297429620564	0.0
219.0	18.281036834924965	22.78308321964529	21.282401091405184	37.653478854024556	0.0
220.0	0.0	27.85571142284569	24.649298597194388	47.49498997995992	0.0
