# Position (bp)	A	C	G	T	N
0.0	31.114204549873183	14.880353911120048	25.927855724781224	28.067587069623478	0.00999874460206663
1.0	28.053659213998056	17.433134286904597	20.319844466046384	34.18769615331204	0.00566587973892515
2.0	29.70710925416619	19.10024282651395	19.26989939409955	31.919861698808518	0.002886826411796905
3.0	31.3680001508893	18.33138619562576	20.086694780894305	30.213475080520524	4.437920701013954E-4
4.0	32.13338196702591	17.964125630140767	19.925364281509257	29.976795520083016	3.3260124104609744E-4
5.0	32.368849044563405	18.08017513383203	19.93188747474031	29.617758889637326	0.0013294572269294854
6.0	28.064202926950237	17.95095769661261	17.77061115225832	36.21378538429092	4.428398879172244E-4
7.0	27.864191206814336	19.518199188147708	19.65715891527329	32.96000814286299	4.4254690167382305E-4
8.0	27.117787837083462	19.400421164336997	19.69214102925489	33.78953942750391	1.105418207343293E-4
9.0	30.64474088211191	17.34116176174982	19.691678318743385	32.32230859117004	1.1044622483758883E-4
10.0	29.10069608435995	20.35450865801821	21.240835477791066	29.30285628528424	0.001103494546529951
11.0	27.31702637255032	20.19171816349305	20.058399827094167	32.43230427897827	5.513578841972008E-4
12.0	28.461854615934705	19.062940407100065	20.18784826250274	32.28713633874393	2.2037571856257736E-4
13.0	29.197926425307386	18.4841636182095	20.964505060090293	31.353404896392824	0.0
14.0	29.118416116921157	18.73083866028203	20.300597212276017	31.85003800641764	1.1000410315304761E-4
15.0	29.279480302497362	18.587979247274006	20.74118448821667	31.39091628561379	4.3967639817094615E-4
16.0	29.657587129836166	19.010795060784684	20.638675729729194	30.692502764936975	4.3931471297922373E-4
17.0	29.050371303700746	19.621803638183586	19.899485684557586	31.42822961780853	1.0975574955494044E-4
18.0	28.861567952695378	19.071102791275578	20.210181855666935	31.8569280725361	2.193278260116222E-4
19.0	28.498161271052215	18.777395965209383	20.799833390879247	31.924499761595506	1.0961126365345304E-4
20.0	28.724041916462937	18.693217120308752	19.65499897542892	32.9274132484163	3.287393830876737E-4
21.0	28.76862238191219	18.56147576899483	20.187866970467095	32.48148716151083	5.477171150644115E-4
22.0	29.208537278580906	18.686550620953724	19.819918491267	32.284445982666526	5.476265318483162E-4
23.0	28.88992297290639	18.253724071103616	18.896218719718828	33.95980576252443	3.2847374673579215E-4
24.0	29.14122954220291	18.116377512651514	18.93463466323382	33.80742988439312	3.283975186283492E-4
25.0	30.275414106149075	18.079598124141555	19.13824332532573	32.50554056790137	0.0012038764822729186
26.0	29.096589230415702	18.438618184205634	18.726514712158185	33.73762132469607	6.565485244071915E-4
27.0	29.884707908103262	18.294127750070285	18.70250176947489	33.118115594023934	5.469783276247028E-4
28.0	30.00599284358241	17.898589713305864	18.963850467616773	33.13091082473776	6.561507571979738E-4
29.0	29.9024302776648	18.485657556952116	18.593679616193686	33.018013881053285	2.186681361165414E-4
30.0	29.947091451829376	18.123775594250393	19.19102534513065	32.73745131090034	6.562978892366053E-4
31.0	30.10894128332941	18.32084876804973	19.1978507214419	32.371155456092445	0.0012037710865128392
32.0	29.888702145481023	18.737784882543263	18.877495716154886	32.495141325829536	8.759299912954457E-4
33.0	30.5161072545663	17.737049644581706	19.735743265902858	32.0101134752084	9.86359740740822E-4
34.0	30.453246142358566	18.773361578296992	19.542532463616517	31.22976334974743	0.001096465980498256
35.0	29.816149888803434	18.94510828362311	19.0705129963388	32.16735110796106	8.777232736006075E-4
36.0	29.9275593801217	18.18370431844453	19.698711129992436	32.18925674540838	7.684260329566948E-4
37.0	29.781121615819075	18.591759032810344	20.374435672421498	31.251805134433784	8.785445153015E-4
38.0	30.38074557914031	18.250908787214122	19.222003419765187	32.145243317611786	0.0010988962685878304
39.0	30.160968029640024	18.187836724728943	19.26865505861031	32.381440453266265	0.0010997337544580456
40.0	30.174821865280183	18.195055592120468	19.920711614361718	31.707649942437776	0.0017609857998507567
41.0	30.573841177397025	18.14136826257284	19.48007035482489	31.803618846017873	0.0011013591873731373
42.0	30.44473540932366	17.973914557722363	19.562318284717954	32.01748875266443	0.0015429955716027095
43.0	30.764751295908237	18.120216168523214	19.543509429800373	31.570089334950918	0.0014337708172493658
44.0	31.081298803338818	18.021977779445326	18.75736602117883	32.13759175800165	0.0017656380353745582
45.0	30.570243964379767	17.830213158287002	19.38818437280893	32.20859810194719	0.002760402577111846
46.0	30.200861069896472	18.306739302637233	19.651484334692586	31.839810507173926	0.0011047855997825783
47.0	30.063994640766655	18.870957222307588	19.252891034449213	31.81049892384207	0.0016581786344788399
48.0	29.815044247787608	18.450884955752212	19.471017699115045	32.26216814159292	8.849557522123894E-4
49.0	30.178168419351593	18.556987440659412	19.706775314315568	31.55718335176226	8.85473911171471E-4
50.0	29.104976830316403	19.055735714981882	19.42831131548869	32.40986860175611	0.0011075374569167928
51.0	29.768013097411444	18.083095848532913	19.90017325028847	32.24727682248108	0.0014409812860868823
52.0	29.219865079690845	18.49690655087911	20.327349817676758	31.954769192197652	0.0011093595556349364
53.0	30.015375819442365	18.781591203032978	19.267511504110395	31.934189272451754	0.0013322009625151953
54.0	28.92637828913379	18.57447444411236	20.05039736813744	32.44808326676274	6.66631853669864E-4
55.0	29.316355363105938	19.018262326764766	19.91453191042197	31.74973840270527	0.0011119970020560825
56.0	29.828695196319917	18.30438184576446	19.349395686159713	32.51708206402755	4.4520772836095665E-4
57.0	29.572430416631395	18.061267225977197	20.209474120378	32.15515743418151	0.0016708028318994132
58.0	29.38390686194176	18.647232803896582	20.276457623320635	31.690061550227373	0.0023411606136516418
59.0	28.943262031369294	18.487947423172916	19.884519392616205	32.682596873786146	0.001674279055438728
60.0	29.46250666320981	18.128400751420088	20.22196171601819	32.185566342101765	0.0015645272501533796
61.0	29.49010901457183	18.281146141295956	20.796247266802588	31.430147643015882	0.002349934313740849
62.0	29.366414762072264	18.57637683075193	19.816370288551376	32.238821686946736	0.002016431677693561
63.0	29.320956150809895	17.888962046273104	20.054894210309655	32.73395376278837	0.0012338298189747323
64.0	28.874017640360357	18.451179056171092	20.582778749811894	32.09056463078551	0.0014599228711516996
65.0	29.07900788380856	18.9665699978972	19.54152240380258	32.41200012144506	8.995930465955464E-4
66.0	29.222609151880963	18.310967598112565	20.08491435944377	32.38015782676885	0.0013510637938546864
67.0	29.522228159049867	19.084608811905518	20.15041967359472	31.24082703766579	0.001916317784105384
68.0	29.652750814905776	18.371949182385393	19.47162051124615	32.50266368093617	0.0010158105265058827
69.0	29.60055965046709	18.588826429244676	19.818317025263383	31.99150578976039	7.911052644664899E-4
70.0	29.9459709053212	18.719146036998726	20.358805701235177	30.975511488255968	5.658681889275439E-4
71.0	30.17611859105127	18.961534974386872	19.404211432975202	31.45802166915998	1.1333242667391994E-4
72.0	30.06869419731534	18.216788534924845	19.829490378045097	31.884913383109765	1.1350660494934201E-4
73.0	29.82551290972516	18.387887553269387	20.232020302629245	31.554351830374806	2.2740400140080865E-4
74.0	29.9185252767555	19.14536398231772	18.796593392950093	32.13928954223576	2.2780574093247727E-4
75.0	29.827774696620086	18.16776104823267	19.823141548384445	32.1813227067628	0.0
76.0	30.094469250624726	18.824690037060662	19.547155748517916	31.533456335406996	2.286283897016628E-4
77.0	30.046565534175162	18.245993371340095	19.246934760151994	32.459933713400936	5.726209318145899E-4
78.0	29.81772237892722	17.905069668058267	19.869683665014954	32.407294777018606	2.2951098095288366E-4
79.0	29.99973550784219	18.065159368024737	20.207085859904254	31.727444281277062	5.749829517554804E-4
80.0	29.555948096961572	18.280138595539086	19.80033392905909	32.36300324134728	5.761370929735473E-4
81.0	29.547147111086993	18.132127603808858	20.178226898683388	32.14169015352961	8.082328911529674E-4
82.0	29.666363486982945	18.586650373651604	20.410357173439607	31.33558750899703	0.0010414569288129474
83.0	29.815172784862238	18.306231758183525	19.62944108871683	32.24741498168426	0.0017393865531504348
84.0	29.413850098683525	18.211817380853304	20.367279380141945	32.0062394952611	8.136450601283699E-4
85.0	30.011580060859394	18.042643515864917	20.348869720820343	31.596091205211724	8.154972436193167E-4
86.0	29.812866070677913	18.11728741043821	19.54000037366066	32.52809461087913	0.0017515343440854187
87.0	30.397872581987407	17.466340656086537	19.557357535210194	32.57714172681827	0.0012874998975852354
88.0	29.88576134467977	17.86137447708071	20.252549781447303	31.998320088781902	0.001994308010314092
89.0	29.57794518050679	18.329893148445446	19.144129045157573	32.946268428511786	0.0017641973784026958
90.0	30.037455126965334	17.620420120101706	19.644129121125353	32.69551906484832	0.0024765669592946736
91.0	30.011824943535892	18.32144926507976	19.26271477053697	32.402473778187705	0.0015372426596663002
92.0	29.889683517510356	17.920410387275716	19.238800855210656	32.947547791358005	0.0035574486452642647
93.0	29.647977030551793	17.645512619994314	19.672109699572655	33.03333020128002	0.0010704486012210249
94.0	30.10293907152059	17.97330502409466	19.962426642492485	31.959778615391954	0.0015506465003101292
95.0	29.522946910479707	18.251997841529498	19.740792101242317	32.48246840963559	0.001794737112890161
96.0	29.420822636609024	18.12460168579175	19.680772540533535	32.77308302098299	7.201160827125332E-4
97.0	30.205020164931078	18.33034370673569	19.672906759766448	31.789923553843373	0.0018058147234093782
98.0	29.671731201236746	18.59090799294669	19.327640764269667	32.407787627720474	0.0019324138264209278
99.0	29.170468438928694	18.06796054154201	19.89814279638374	32.86173181480552	0.0016964083400280874
100.0	29.390082751125412	18.597303385538552	19.891999265731165	32.1191557853455	0.0014588122593719572
101.0	29.671785239483345	18.577614070180147	19.54859798265621	32.20163680493725	3.659027430508971E-4
102.0	29.16638614727941	18.79508456588452	19.107960589372254	32.929467021324776	0.0011016761390413214
103.0	30.051261011044517	18.53209003168036	19.5968646392382	31.818924440065892	8.598779710319395E-4
104.0	29.579414654472068	18.974233800431225	19.036612141093396	32.408013521060084	0.0017258829432221497
105.0	29.561489784178	18.542258182245565	19.519117164931554	32.3756502805253	0.001484588119583573
106.0	30.266742831596854	18.576502291157006	19.16251691979088	31.993244501844103	9.93455611161474E-4
107.0	29.961979556220392	18.356020942408378	18.984667165295438	32.69683370730491	4.986287708800798E-4
108.0	28.989145684117258	18.59651054957405	19.545653079894922	32.8679397825132	7.509039005703115E-4
109.0	29.79570711067896	18.228071365578995	19.579178255658817	32.39666639028962	3.768777936066451E-4
110.0	29.144373560565356	18.379231275682795	19.106989251380472	33.369153656573914	2.5225579746886536E-4
111.0	29.176998300504277	17.77277412916674	19.66982673248519	33.38014755979262	2.5327805117736303E-4
112.0	29.017137872319864	18.194731092960588	20.14733203880532	32.640290340506645	5.086554075792198E-4
113.0	29.213623761769338	18.183234513257386	19.150832680988874	33.452053639954386	2.5540403002018966E-4
114.0	28.613930202795068	17.602288786127758	20.267452507174898	33.51607202854058	2.564753616943788E-4
115.0	29.309563358699993	18.080503727739792	20.45788748535301	32.15191666344755	1.287647596605761E-4
116.0	28.743312741232835	18.51297095375573	20.32926665217976	32.41367356864206	7.760841896128892E-4
117.0	28.60183366077276	18.20693132088024	20.468862070040853	32.721853203189156	5.197451169946259E-4
118.0	29.01085850016966	18.08514525854193	21.05765967998747	31.845814518023545	5.220432773876954E-4
119.0	29.106212572004026	18.33193248110816	20.003251900329253	32.55820967151873	3.933750398292227E-4
120.0	29.43878633147452	18.301327779292755	20.27369721784196	31.985661722569347	5.269488214130923E-4
121.0	29.99794803905345	18.134039384411714	20.13834188317061	31.729141155055434	5.295383087870263E-4
122.0	30.244708273368854	18.034167116677352	19.541015702934423	32.179177850429745	9.310565896195171E-4
123.0	30.249316291640717	17.985606702614266	19.367994161411314	32.396414507716614	6.68336617093912E-4
124.0	30.023784486498172	17.913841335584195	19.637847282377322	32.42412399627721	4.0289926309724784E-4
125.0	30.066155260362322	18.28374275983926	19.061920837759658	32.58791117566307	2.699663756879081E-4
126.0	29.901918212707752	18.048107298327125	19.246311755701985	32.80339133927505	2.71393988080376E-4
127.0	29.4840861197684	18.667966965144274	19.901113664727585	31.946287670578926	5.455797808133231E-4
128.0	29.527881341639162	18.802337077172634	19.41677282057681	32.25218603924107	8.227213703247145E-4
129.0	28.93218151838842	18.725908115828542	19.838615395644574	32.502054186404315	0.0012407837341524345
130.0	28.8935931881008	18.992522105123065	20.42349783592994	31.68983233655795	5.545342882413777E-4
131.0	28.827182435964456	19.05795434744729	19.63979787419411	32.474507753964104	5.575884300400766E-4
132.0	28.45060196041877	18.68341045024032	20.342463545265826	32.52352404407508	0.0
133.0	28.688655160698705	18.718413918809762	20.596838607724308	31.99581037285144	2.819399157845472E-4
134.0	28.37469235916571	18.917926529130895	19.95951049664856	32.74744530514568	4.2530990915380336E-4
135.0	28.747595478572848	17.89634141994031	20.439394652372865	32.9156702786179	9.98170496076477E-4
136.0	29.0277048601847	18.729254347083916	20.700467915780898	31.542572876950487	0.0
137.0	29.55395322265118	18.979854462776053	19.874169739568003	31.5918783073363	1.4426766846135648E-4
138.0	29.67419557553847	18.44019081814659	20.525141756635747	31.35960106409998	8.707855792102846E-4
139.0	29.019568905852566	19.018868034728165	21.5151373561389	30.44511156992212	0.0013141333582531954
140.0	28.843043556819538	19.19299941387572	20.12286575109843	31.840209888313208	8.813898931020959E-4
141.0	29.532684583898146	18.273388313936387	19.291598729306514	32.901737077611934	5.912952470209806E-4
142.0	30.29014845807967	18.32083663661609	21.44572972924733	29.942541472622047	7.437034348686843E-4
143.0	30.446231158787874	18.450129263177434	19.96550985977902	31.137381234309906	7.484839457678472E-4
144.0	30.706620040998434	18.07699264439889	19.239720245990593	31.975913420957436	7.536476546484987E-4
145.0	27.86541410635009	18.788100778315975	19.774332443206948	33.57139274635654	7.599257704507423E-4
146.0	27.98110179957929	19.048037032588308	19.8816090573383	33.08817414925759	0.0010779612365139348
147.0	27.844388977290755	19.047521806811986	19.78643225947318	33.3193007368684	0.0023562195556798243
148.0	29.18966576544423	18.941479210770343	19.679731947439013	32.18439695507414	0.004726121272271846
149.0	29.584154990486073	21.00847604220723	16.50925445424667	32.89119529493168	0.006919218128351496
150.0	26.18502754682716	24.91354138877127	12.29976234589808	36.59408140937938	0.007587309124106351
