# Position (bp)	A	C	G	T	N
0.0	41.4617309517646	13.141772370351196	22.46958322547243	22.92691345241177	0.0
1.0	18.35202761000863	45.25452976704055	18.774805867126833	17.618636755823985	0.0
2.0	21.410168327035382	35.09962212298179	13.766746822397803	29.72346272758502	0.0
3.0	42.30835191219345	14.088492539873092	22.140284685302692	21.462870862630766	0.0
4.0	41.89374464438732	18.937446443873178	16.46101113967438	22.707797772065124	0.0
5.0	21.20356103406951	35.113850368087654	14.500941619585687	29.18164697825715	0.0
6.0	21.588089330024815	39.9589287242235	16.57397107897664	21.87901086677505	0.0
7.0	43.40429169872617	13.815508249978627	20.663417970419765	22.11678208087544	0.0
8.0	42.53737718923537	17.069628363947032	19.034600598035027	21.358393848782573	0.0
9.0	21.663822525597272	36.55290102389078	13.728668941979521	28.054607508532424	0.0
10.0	25.140664961636826	12.958226768968457	15.822676896845694	46.07843137254902	0.0
11.0	20.94744004082327	16.261268923286273	13.590746725633613	49.200544310256845	0.0
12.0	25.485704589802328	13.336726902519725	13.939085433104268	47.238483074573686	0.0
13.0	22.217523680649524	33.905615696887686	14.047699594046009	29.829161028416777	0.0
14.0	21.124031007751938	15.107853050219077	42.25648803505224	21.511627906976745	0.0
15.0	45.403596821413636	14.81388540359682	17.423672103722293	22.358845671267254	0.0
16.0	19.524603836530442	15.254378648874061	21.918265221017514	43.30275229357798	0.0
17.0	28.11151676070362	33.82841022236973	16.013939595087955	22.046133421838697	0.0
18.0	21.0373924553276	15.66015883520847	16.570152217074785	46.732296492389146	0.0
19.0	23.75020623659462	40.645108067975585	14.626299290546116	20.978386404883683	0.0
20.0	22.2496299950666	17.35734254234501	14.75908567669791	45.63394178589048	0.0
21.0	21.234729851602854	20.267278839058786	15.618594736410593	42.87939657292777	0.0
22.0	21.19032047089601	14.249509483322434	35.66873773708306	28.891432308698494	0.0
23.0	20.75271450730672	21.095599640787004	15.805371867091193	42.34631398481509	0.0
24.0	46.24847250509165	13.580448065173117	14.932790224032585	25.238289205702646	0.0
25.0	26.974701049377696	15.431546408525175	33.66143333604491	23.932319206052224	0.0
26.0	47.93986184477855	13.758634701340918	14.278748476229175	24.02275497765136	0.0
27.0	20.217514812109407	17.052187322457595	17.20639558477396	45.52390228065904	0.0
28.0	21.115796302302954	35.3957184560493	11.968861498540383	31.51962374310736	0.0
29.0	25.554476282985267	11.834223733203821	17.31423020883924	45.29706977497167	0.0
30.0	23.20378837361202	19.48073154800784	33.97289353363814	23.342586544742	0.0
31.0	23.25638708617432	17.349872669021604	15.682247597141213	43.71149264766286	0.0
32.0	27.818121802277602	12.138966826208945	14.647631622379931	45.39527974913352	0.0
33.0	23.034173855341738	34.53052422030524	19.34306569343066	23.09223623092236	0.0
34.0	26.467653417595212	16.94661566605688	15.33344420422418	41.252286712123734	0.0
35.0	22.155438684364302	34.91109441522664	13.765756740963353	29.167710159445697	0.0
36.0	27.63840107041311	16.039471483525674	14.191336343870212	42.130791102191	0.0
37.0	41.74651201882669	20.12943351823836	14.834425953941837	23.289628508993108	0.0
38.0	45.624841785503335	15.939583157539447	12.8006075436672	25.634967513290018	0.0
39.0	43.42419080068144	15.434412265758091	16.669505962521296	24.47189097103918	0.0
40.0	22.192513368983956	35.423494911160944	14.774883560462307	27.609108159392786	0.0
41.0	21.40302613480055	14.424575882622651	40.56854653828519	23.60385144429161	0.0
42.0	46.54203886177364	14.513306934340179	15.636798968597477	23.307855235288702	0.0
43.0	46.73711531331109	16.119762699295514	14.284390063033001	22.858731924360402	0.0
44.0	23.781567421489143	37.461559966452334	14.453452613922282	24.303419998136242	0.0
45.0	31.785793809841905	17.279002449343132	16.109997773324427	34.82520596749053	0.0
46.0	28.014225077434894	16.31295170356774	20.87874268670414	34.79408053229322	0.0
47.0	31.894368744724467	19.0763294344628	19.124562884360305	29.90473893645243	0.0
48.0	27.231980617807388	20.109024833434283	18.497880072683223	34.161114476075106	0.0
49.0	26.463073366589608	19.211582917629883	21.13395790242122	33.19138581335929	0.0
50.0	26.830761694832233	22.92432035268185	19.544452608376194	30.700465344109723	0.0
51.0	28.057642566818576	18.83236851829043	17.56373937677054	35.546249538120456	0.0
52.0	28.37837837837838	17.815521943962313	21.32407636994793	32.48202330771138	0.0
53.0	29.993753903810116	19.67520299812617	20.936914428482197	29.39412866958151	0.0
54.0	29.691419969894632	21.537882589061716	18.43953838434521	30.331159056698443	0.0
55.0	31.709164352436254	18.189851047715226	18.480181772279728	31.620802827568795	0.0
56.0	26.379818158535024	19.157382507363298	21.231911896529645	33.23088743757203	0.0
57.0	30.754327047274604	18.04443296305864	19.917334022216483	31.28390596745027	0.0
58.0	28.547319226275476	19.122419836427365	19.51187848890043	32.818382448396726	0.0
59.0	25.695623775310256	22.965382103200522	21.045068582625735	30.293925538863487	0.0
60.0	26.409885631655055	18.561850926777968	18.588142500328644	36.440120941238334	0.0
61.0	29.76221928665786	18.309114927344783	21.05680317040951	30.871862615587848	0.0
62.0	30.809087285771223	19.31712501660688	21.602231964926265	28.27155573269563	0.0
63.0	34.60101414464905	17.467307179076595	19.001868161195624	28.92981051507873	0.0
64.0	28.787675820495647	19.102478231748158	22.103148024112524	30.00669792364367	0.0
65.0	30.326218284333468	19.022687609075042	20.72761444489193	29.92347966169956	0.0
66.0	28.331981616653152	17.139767504731008	21.357123546904567	33.171127331711276	0.0
67.0	28.74031797798614	16.822937899171084	19.744530506862347	34.692213615980435	0.0
68.0	25.437397484964464	19.259158009841443	20.407326407873157	34.89611809732094	0.0
69.0	28.251613789314657	19.54401867875292	22.208487845076224	29.995879686856203	0.0
70.0	29.28443402729905	21.549703570936167	19.274782848476494	29.891079553288296	0.0
71.0	27.124273456960974	20.57846664821478	21.436479380016607	30.86078051480764	0.0
72.0	27.943834283331014	19.22702627554567	19.532879188099542	33.296260253023775	0.0
73.0	27.2663779857522	19.248498393630395	20.49168878334963	32.99343483726778	0.0
74.0	30.19398369412426	16.080967107112734	21.984818667416363	31.74023053134664	0.0
75.0	28.31095406360424	20.40989399293286	21.130742049469966	30.148409893992934	0.0
76.0	29.441768206290735	18.985548313969964	18.51799376593936	33.054689713799945	0.0
77.0	30.29140014214641	19.16133617626155	18.578535891968727	31.968727789623312	0.0
78.0	29.382399087148762	18.10012836970475	20.05420054200542	32.463272001141064	0.0
79.0	28.91635527450417	21.054900833572866	18.927852831273352	31.10089106064961	0.0
80.0	29.757435749350275	18.105688709211666	22.047357782269707	30.08951775916835	0.0
81.0	28.00697269029634	17.823939570017433	17.722254503195817	36.44683323649041	0.0
82.0	31.324773854683396	17.580974613364457	22.585351619492265	28.508899912459878	0.0
83.0	30.099357101110463	18.512565751022795	21.230274693161892	30.15780245470485	0.0
84.0	27.183470105509965	18.625439624853456	20.86752637749121	33.32356389214537	0.0
85.0	32.21309069562665	16.363369533313765	21.29439389492222	30.129145876137365	0.0
86.0	30.913107511045656	18.969072164948454	22.798232695139912	27.31958762886598	0.0
87.0	31.151174818974436	19.476873060440372	20.09753214127383	29.27441997931136	0.0
88.0	33.72438372438372	17.96851796851797	17.56756756756757	30.73953073953074	0.0
89.0	30.58999253174011	17.50560119492158	18.431665421956684	33.47274085138163	0.0
90.0	29.546818727490997	17.256902761104442	19.762905162064826	33.43337334933973	0.0
91.0	28.72853269056945	19.900572461584815	18.830973184694187	32.53992166315155	0.0
92.0	28.38592782726861	18.299864109919977	18.813226634455685	34.50098142835573	0.0
93.0	32.421756305074446	17.35034943786083	19.355818900030386	30.872075357034333	0.0
94.0	29.754460881500687	16.501448833307915	19.704132987646787	34.03995729754461	0.0
95.0	31.11519045433685	18.494722349701696	20.63637754321554	29.753709652745908	0.0
96.0	28.437691835481893	17.065684468999386	20.073664825046038	34.422958870472684	0.0
97.0	31.609816329680505	18.212687143077634	19.323969748417966	30.85352677882389	0.0
98.0	31.656346749226007	20.371517027863778	17.492260061919502	30.47987616099071	0.0
99.0	30.674751243781095	19.27860696517413	18.39241293532338	31.654228855721396	0.0
100.0	33.29163408913213	13.385457388584832	19.171227521501173	34.151681000781856	0.0
101.0	31.45059786028949	20.327249842668348	19.96538703587162	28.256765261170546	0.0
102.0	32.64659270998415	17.11568938193344	18.54199683042789	31.695721077654515	0.0
103.0	31.26791971965594	18.094934692577255	19.863013698630137	30.77413188913667	0.0
104.0	26.753121998078772	18.34774255523535	20.300992635286583	34.5981428113993	0.0
105.0	29.356913183279744	18.87459807073955	19.35691318327974	32.41157556270097	0.0
106.0	31.557707828894273	18.17594834543987	19.757869249394673	30.508474576271187	0.0
107.0	32.218795650056805	19.104041551696152	19.0878104203863	29.589352377860738	0.0
108.0	34.26470588235294	18.03921568627451	15.996732026143789	31.699346405228756	0.0
109.0	28.463310299440604	18.723264231655147	21.437973017439948	31.375452451464298	0.0
110.0	25.417286398942323	20.77342588001983	20.85605685010742	32.95323087093042	0.0
111.0	28.528727997343072	19.196280305546328	19.67784789106609	32.59714380604451	0.0
112.0	26.216666666666665	19.53333333333333	21.866666666666667	32.38333333333333	0.0
113.0	28.370692539310806	20.157243225158915	20.00669120107059	31.465373034459688	0.0
114.0	28.91505466778806	16.63582842724979	19.983179142136247	34.4659377628259	0.0
115.0	27.5151924375422	17.910195813639433	20.76299797434166	33.811613774476704	0.0
116.0	28.946922163812104	18.89096150585043	19.077497032389353	33.08461929794811	0.0
117.0	30.161702127659574	19.71063829787234	18.127659574468087	32.0	0.0
118.0	29.233664043790625	15.856996236743074	20.988710229216558	33.920629490249745	0.0
119.0	22.828143815585754	21.434715293308102	27.266471701359023	28.470669189747117	0.0
120.0	25.319737296923613	21.361908053923262	21.776702385067402	31.541652264085723	0.0
121.0	30.315643426985776	17.186958029830038	19.007977800901838	33.48942074228234	0.0
122.0	28.020924149956407	18.639930252833476	22.1795989537925	31.159546643417613	0.0
123.0	32.69668827755388	19.11687401436832	17.452251620816543	30.734186087261257	0.0
124.0	32.62823902696986	18.473470826723073	18.77313590692755	30.125154239379516	0.0
125.0	28.101221022827815	19.536365245089364	21.589099274464697	30.773314457618124	0.0
126.0	29.811454998221276	19.92173603699751	17.947349697616506	32.31945926716471	0.0
127.0	29.105545617173522	17.960644007155636	22.128801431127012	30.805008944543825	0.0
128.0	30.55355859094177	18.296189791516895	21.71099928109274	29.439252336448597	0.0
129.0	30.812375610638682	19.033833906278268	18.436764971955853	31.717025511127193	0.0
130.0	29.175784099197667	19.438366156090446	18.654266958424508	32.73158278628738	0.0
131.0	31.026252983293556	19.937580319441896	19.68055810537911	29.355608591885442	0.0
132.0	28.515842134519175	18.065591995553085	23.30924587733926	30.109319992588475	0.0
133.0	28.954224041682174	20.543356903609975	20.338667659099368	30.163751395608486	0.0
134.0	25.69769619778985	22.925641505899982	19.572953736654807	31.803708559655362	0.0
135.0	26.827430293896004	15.994724943481536	20.08289374529013	37.09495101733233	0.0
136.0	26.295875898600073	18.35035944003027	21.01778282255013	34.33598183881952	0.0
137.0	29.043908002280933	16.631819045808783	21.630868656149023	32.69340429576126	0.0
138.0	30.76629084655074	18.593540989871965	19.98853430154787	30.651633862029428	0.0
139.0	28.24412783981517	18.771659607239123	20.46592221794378	32.51829033500193	0.0
140.0	29.088445906715695	16.992452099864526	20.824462937874976	33.0946390555448	0.0
141.0	29.776046738072054	17.312560856864653	20.136319376825707	32.775073028237586	0.0
142.0	31.116761196948957	16.29180520242519	18.990807744963817	33.60062585566204	0.0
143.0	32.59244689221086	19.885916601101496	19.39417781274587	28.127458693941776	0.0
144.0	29.305555555555557	18.134920634920633	18.115079365079364	34.44444444444444	0.0
145.0	29.025169796244505	17.83859368757491	18.577706751897725	34.55852976428286	0.0
146.0	29.824914469712215	18.69591467095995	20.044274501911854	31.43489635741598	0.0
147.0	29.682121887021662	18.627252480259163	17.493419720591213	34.197205912127956	0.0
148.0	25.391977194054167	20.586438607208308	20.851150478517614	33.17043372021992	0.0
149.0	29.604589223519774	20.876869493956157	16.94324933415284	32.57529194837124	0.0
150.0	30.09068425391591	18.363561417971972	17.60098928276999	33.94476504534213	0.0
151.0	27.730569948186528	20.0	20.373056994818654	31.89637305699482	0.0
152.0	28.499895681201753	21.489672438973503	17.337784268725223	32.67264761109952	0.0
153.0	32.33256351039261	18.139827839596894	18.16082301070754	31.366785639302957	0.0
154.0	32.12774957698816	15.143824027072759	21.277495769881558	31.450930626057527	0.0
155.0	29.216354344122657	20.166098807495743	18.462521294718908	32.15502555366269	0.0
156.0	32.45331616226658	16.870573084352866	17.79351792230092	32.882592831079634	0.0
157.0	30.552546045503792	17.768147345612135	21.365113759479957	30.314192849404115	0.0
158.0	27.56060275169251	21.92618475649705	18.017034286962218	32.49617820484822	0.0
159.0	35.295414462081126	14.726631393298058	20.01763668430335	29.96031746031746	0.0
160.0	24.77836879432624	20.6781914893617	23.55939716312057	30.984042553191486	0.0
161.0	28.91916033943725	17.8427869584636	22.554711924966504	30.68334077713265	0.0
162.0	30.81605049594229	18.169522091974752	19.837691614066728	31.17673579801623	0.0
163.0	27.633969118982744	18.55131698455949	17.80199818346957	36.01271571298819	0.0
164.0	30.890771696817037	16.945271353331805	20.540416762079232	31.623540187771926	0.0
165.0	29.926165205353023	16.820489155514537	21.87355791416705	31.37978772496539	0.0
166.0	27.619934792734046	20.190964136003725	20.47042384722869	31.718677224033538	0.0
167.0	27.434874442619105	20.136118282093403	22.154423844168036	30.274583431119456	0.0
168.0	28.480264712833847	19.61711179390215	17.939021507917747	33.96360198534625	0.0
169.0	26.92857142857143	19.30952380952381	19.714285714285715	34.04761904761905	0.0
170.0	29.376498800959233	17.817745803357315	19.18465227817746	33.621103117505996	0.0
171.0	30.401159980666986	18.318028032866117	17.399710004833253	33.88110198163364	0.0
172.0	30.427350427350426	20.39072039072039	17.8998778998779	31.28205128205128	0.0
173.0	29.780950036918536	17.49938469111494	18.73000246123554	33.989662810730984	0.0
174.0	29.21124657875093	21.050012440905697	18.785767603881563	30.952973376461806	0.0
175.0	26.47873143720111	19.330480745028947	22.124339290208912	32.066448527561036	0.0
176.0	28.14720812182741	18.730964467005077	20.15228426395939	32.96954314720812	0.0
177.0	28.695874967973356	22.6492441711504	19.77965667435306	28.875224186523184	0.0
178.0	28.71927554980595	18.835705045278136	21.52652005174644	30.91849935316947	0.0
179.0	24.535218643623985	19.14113642314742	26.682377585755436	29.64126734747316	0.0
180.0	29.276054097056488	15.963935295677539	22.22222222222222	32.537788385043754	0.0
181.0	27.26295997851195	19.3392425463336	20.279344614558152	33.11845286059629	0.0
182.0	31.131564699512726	17.975094748240387	20.032485110990798	30.860855441256092	0.0
183.0	27.46652090735174	22.465154413774254	21.754577753484558	28.31374692538945	0.0
184.0	28.44922737306843	20.33664459161148	18.653421633554085	32.560706401766005	0.0
185.0	27.518085698386198	21.619365609348915	24.040066777963272	26.822481914301616	0.0
186.0	30.45429052159282	17.134043746494672	22.26584408300617	30.14582164890634	0.0
187.0	33.37097684923772	20.666290231507624	17.33483907396951	28.62789384528515	0.0
188.0	29.570656809781067	18.680693773102075	20.216093261302245	31.532556155814618	0.0
189.0	28.76475669450043	18.8021883098186	20.673769075727037	31.75928591995393	0.0
190.0	31.926658905704308	15.192083818393481	20.285215366705472	32.596041909196735	0.0
191.0	25.965222516946657	21.60330091364574	21.69171824344238	30.739758325965223	0.0
192.0	32.606096832038254	20.203227734608486	18.589360430364614	28.601315002988642	0.0
193.0	29.79951397326853	18.07411907654921	21.111786148238153	31.01458080194411	0.0
194.0	27.387166103776483	22.198342032545288	22.413263739637703	28.001228124040527	0.0
195.0	27.684667908131594	18.497827436374923	18.963376784605835	34.854127870887645	0.0
196.0	27.756773787019533	19.78575929426591	20.66792690611216	31.789540012602398	0.0
197.0	28.12299807815503	20.723894939141577	23.47853939782191	27.674567584881487	0.0
198.0	26.798029556650242	23.711001642036127	17.898193760262725	31.592775041050903	0.0
199.0	27.57073844030366	21.911663216011043	18.357487922705314	32.16011042097999	0.0
200.0	26.632165605095544	15.246815286624205	22.49203821656051	35.62898089171975	0.0
201.0	33.33333333333333	19.814241486068113	18.885448916408667	27.966976264189885	0.0
202.0	38.077922077922075	18.49350649350649	15.324675324675324	28.103896103896105	0.0
203.0	34.209143457698374	17.813977929584865	19.33788754598003	28.63899106673673	0.0
204.0	34.69279661016949	16.63135593220339	23.358050847457626	25.31779661016949	0.0
205.0	37.0112479914301	14.83663631494376	23.567220139260847	24.58489555436529	0.0
206.0	30.922827846735025	20.23745277927685	20.885051268213708	27.95466810577442	0.0
207.0	27.7747402952433	25.751776927282666	14.324767632586113	32.148715144887916	0.0
208.0	30.405780989438576	17.231795441912173	20.066703724291273	32.295719844357976	0.0
209.0	26.235955056179776	21.01123595505618	20.674157303370784	32.078651685393254	0.0
210.0	25.127913587265493	19.329164297896533	17.62364980102331	37.919272313814666	0.0
211.0	30.537883169462116	21.804511278195488	18.796992481203006	28.860613071139383	0.0
212.0	29.35672514619883	18.30409356725146	23.04093567251462	29.29824561403509	0.0
213.0	27.218934911242602	21.83431952662722	16.03550295857988	34.9112426035503	0.0
214.0	27.059530968129884	25.856885147324114	17.919422730006012	29.164161154539986	0.0
215.0	32.44065733414486	21.180766889835667	16.798539257455875	29.580036518563602	0.0
216.0	31.230674087816944	17.068645640074212	15.955473098330241	35.7452071737786	0.0
217.0	24.841571609632446	18.50443599493029	27.0595690747782	29.594423320659065	0.0
218.0	27.96833773087071	18.601583113456467	18.997361477572557	34.43271767810027	0.0
219.0	18.592964824120603	24.623115577889447	24.04881550610194	32.73510409188801	0.0
220.0	0.0	28.48167539267016	25.026178010471206	46.49214659685864	0.0
