# Position (bp)	A	C	G	T	N
0.0	19.70548862115127	21.311914323962515	25.75635876840696	33.22623828647925	0.0
1.0	26.37215528781794	22.998661311914322	21.87416331994645	28.755020080321287	0.0
2.0	29.979090433873495	23.706220595922634	16.675378985886045	29.639309984317823	0.0
3.0	31.758664955070603	16.611039794608473	19.74326059050064	31.887034659820284	0.0
4.0	34.66903373066193	17.981232564037537	18.94496576211007	28.40476794319046	0.0
5.0	31.449384576739515	19.291635267520725	18.613413715146947	30.645566440592813	0.0
6.0	31.711576846307388	19.03692614770459	19.186626746506985	30.064870259481037	0.0
7.0	31.753907219052348	19.300421731580254	19.69734557181841	29.248325477549	0.0
8.0	28.344895936570865	18.830525272547078	17.86422200198216	34.9603567888999	0.0
9.0	28.804751299183373	17.074981440237565	21.727295223954464	32.3929720366246	0.0
10.0	27.230046948356808	19.248826291079812	21.57153446997776	31.94959229058562	0.0
11.0	26.035502958579883	20.488165680473372	18.02268244575937	35.45364891518737	0.0
12.0	27.039684495932953	17.993591323638157	21.469065812176485	33.4976583682524	0.0
13.0	31.610044313146236	21.614967996061054	16.223535204332844	30.551452486459873	0.0
14.0	31.809242871189774	15.929203539823009	18.166175024582103	34.09537856440512	0.0
15.0	29.634176282838204	22.31770193960226	19.93616498895163	28.111956788607905	0.0
16.0	26.980623007113074	20.063772381653177	19.37699288692666	33.57861172430709	0.0
17.0	31.734768779055543	17.274284316124298	14.803034010276486	36.18791289454367	0.0
18.0	33.34148130041555	16.670740650207776	19.2617941823515	30.725983867025175	0.0
19.0	33.5042735042735	18.412698412698415	15.067155067155067	33.01587301587301	0.0
20.0	29.807457957592003	19.961004143309776	15.96392883256154	34.26760906653668	0.0
21.0	34.72222222222222	12.451267056530215	18.61598440545809	34.21052631578947	0.0
22.0	30.494037478705284	18.544658067656364	18.861036748600633	32.10026770503772	0.0
23.0	30.213903743315505	16.01847350510452	19.931939718035974	33.835683033543994	0.0
24.0	26.773566569484935	20.286686103012634	24.076773566569486	28.86297376093295	0.0
25.0	34.1747572815534	19.514563106796118	17.37864077669903	28.932038834951456	0.0
26.0	32.81591074460344	18.991025951976717	19.185059422750424	29.008003880669413	0.0
27.0	27.310211011399467	21.61047780742178	22.435120058210043	28.64419112296871	0.0
28.0	27.27934044616877	20.68380213385063	19.73811833171678	32.29873908826382	0.0
29.0	29.813514168079436	21.45798014046985	19.132961976265438	29.595543715185276	0.0
30.0	30.081101007618578	16.195625460801182	22.339641189481448	31.383632342098792	0.0
31.0	30.675608544461003	18.330849478390462	23.050173869846002	27.943368107302536	0.0
32.0	26.858573216520647	20.77596996245307	22.152690863579476	30.21276595744681	0.0
33.0	27.261178861788615	17.20020325203252	26.09247967479675	29.446138211382113	0.0
34.0	29.837670703426948	18.16542128317444	19.917547023962896	32.07936098943571	0.0
35.0	31.88067444876783	19.351491569390404	20.25940337224384	28.508430609597923	0.0
36.0	27.956705385427664	19.720168954593454	21.884899683210136	30.438225976768745	0.0
37.0	30.394808004326663	18.469442942130883	18.84802595997837	32.28772309356409	0.0
38.0	27.34926670287887	20.206409560021726	19.31015752308528	33.13416621401412	0.0
39.0	27.385892116182575	20.33195020746888	20.663900414937757	31.618257261410786	0.0
40.0	28.36444692114795	17.19141822234606	17.052103650041794	37.392031206464196	0.0
41.0	23.909348441926344	17.64872521246459	19.575070821529746	38.86685552407932	0.0
42.0	26.91001697792869	17.883418222976797	19.015280135823428	36.19128466327108	0.0
43.0	28.640776699029125	18.075385494003427	18.703597944031984	34.580239862935464	0.0
44.0	28.125	18.40277777777778	19.618055555555554	33.85416666666667	0.0
45.0	28.21040258595357	20.628856890978547	19.04202174551866	32.11871877754922	0.0
46.0	31.923764145324597	18.314472900536032	17.62954139368672	32.13222156045265	0.0
47.0	26.90111211301473	19.266606552449655	19.086263901412686	34.74601743312293	0.0
48.0	30.87740752063589	19.474166921430754	17.853867318862733	31.794558239070618	0.0
49.0	31.778875849289683	19.332921556516368	18.62260654725139	30.265596046942555	0.0
50.0	32.25806451612903	16.129032258064516	20.192307692307693	31.42059553349876	0.0
51.0	29.180940516972903	17.00404858299595	23.85549672999066	29.959514170040485	0.0
52.0	28.50452700593194	15.54792382141742	25.163908835466746	30.783640337183886	0.0
53.0	29.614540896270764	16.452522720150423	22.438107176433718	31.4948292071451	0.0
54.0	25.9294265910523	21.140516698172654	19.092627599243855	33.83742911153119	0.0
55.0	29.201014584654406	18.230818008877616	18.48446417247939	34.08370323398859	0.0
56.0	32.57013866494679	18.60690099967752	17.607223476297968	31.21573685907772	0.0
57.0	27.77057679844459	22.0349967595593	21.257290991574855	28.93713545042126	0.0
58.0	28.58562437893342	20.768466379595893	19.41040079496522	31.235508446505467	0.0
59.0	30.37086535248914	18.57667891747411	14.667557634480454	36.3848980955563	0.0
60.0	30.263157894736842	23.852901484480434	20.31039136302294	25.573549257759787	0.0
61.0	31.218359770502868	18.461019237259535	19.068511643604456	31.252109348633144	0.0
62.0	27.743902439024392	17.44579945799458	21.476964769647697	33.33333333333333	0.0
63.0	26.643952299829643	17.819420783645658	21.29471890971039	34.241908006814306	0.0
64.0	29.049111807732498	18.53012887495646	23.545802856147684	28.874956461163357	0.0
65.0	28.43382090617196	19.37210132001427	20.01427042454513	32.17980734926864	0.0
66.0	29.00291120815138	18.013100436681224	22.889374090247454	30.094614264919944	0.0
67.0	28.877400295420973	20.901033973412112	21.122599704579027	29.098966026587885	0.0
68.0	29.80007544322897	19.99245567710298	20.822331195775178	29.38513768389287	0.0
69.0	27.65469824293354	19.480519480519483	21.65775401069519	31.207028265851793	0.0
70.0	31.05590062111801	17.624223602484474	19.759316770186334	31.560559006211182	0.0
71.0	27.738654147104853	19.835680751173708	17.48826291079812	34.937402190923315	0.0
72.0	26.705882352941174	20.47058823529412	20.03921568627451	32.78431372549019	0.0
73.0	31.516587677725116	19.233807266982623	17.9304897314376	31.319115323854664	0.0
74.0	30.303030303030305	18.819776714513555	18.700159489633176	32.177033492822964	0.0
75.0	32.053354890864995	18.79547291835085	18.876313662085693	30.274858528698463	0.0
76.0	31.92009783938035	17.73338768854464	19.527109661638807	30.8194048104362	0.0
77.0	31.08935128518972	18.35985312117503	18.31905344757242	32.23174214606283	0.0
78.0	29.17176662586699	18.68625050999592	21.583027335781313	30.558955528355774	0.0
79.0	29.72641894650878	18.33401388321764	20.17149857084524	31.76806859942834	0.0
80.0	30.40457703310176	16.18308132407029	19.98365345320801	33.42868818961994	0.0
81.0	31.669394435351883	17.389525368248773	21.931260229132572	29.009819967266775	0.0
82.0	30.5612453912331	18.066366243342895	20.07374027038099	31.298648095043013	0.0
83.0	30.80704629250307	16.632527652601393	20.606308889799262	31.954117165096275	0.0
84.0	29.274292742927425	14.391143911439114	23.862238622386222	32.47232472324723	0.0
85.0	31.23973727422003	18.021346469622333	18.7192118226601	32.01970443349754	0.0
86.0	28.68312757201646	16.83127572016461	17.983539094650205	36.50205761316872	0.0
87.0	29.27835051546392	16.49484536082474	21.896907216494846	32.329896907216494	0.0
88.0	30.909090909090907	16.90082644628099	21.15702479338843	31.033057851239672	0.0
89.0	30.57851239669421	19.793388429752063	19.876033057851238	29.75206611570248	0.0
90.0	32.5206611570248	17.43801652892562	19.834710743801654	30.206611570247933	0.0
91.0	28.754654530409603	20.024824162184526	20.81092263136119	30.409598676044684	0.0
92.0	31.01449275362319	18.923395445134574	17.763975155279503	32.298136645962735	0.0
93.0	30.957314546208043	17.239950269374223	19.436386241193535	32.3663489432242	0.0
94.0	32.102861883036084	18.415595188718374	19.079220240564084	30.402322687681462	0.0
95.0	31.71238570241064	19.201995012468828	18.91105569409809	30.174563591022448	0.0
96.0	32.41781106949646	20.848938826466917	18.768206408655846	27.965043695380775	0.0
97.0	29.875	18.833333333333332	19.166666666666668	32.125	0.0
98.0	27.81484570475396	18.140116763969974	19.182652210175146	34.862385321100916	0.0
99.0	28.672787979966614	20.45075125208681	20.659432387312187	30.217028380634392	0.0
100.0	33.01295445048057	17.676556623485165	17.843710823234435	31.46677810279983	0.0
101.0	28.99581589958159	20.0836820083682	15.648535564853555	35.27196652719665	0.0
102.0	29.253981559094722	19.61441743503772	20.368818105616093	30.762782900251466	0.0
103.0	32.240437158469945	16.813787305590587	19.12568306010929	31.82009247583018	0.0
104.0	27.333894028595456	14.928511354079058	20.016820857863753	37.720773759461736	0.0
105.0	30.843881856540083	16.41350210970464	21.265822784810126	31.476793248945146	0.0
106.0	25.919661733615225	21.353065539112052	20.46511627906977	32.26215644820296	0.0
107.0	30.364715860899068	17.557251908396946	16.45462256149279	35.6234096692112	0.0
108.0	29.991503823279526	17.544604927782498	21.367884451996602	31.096006796941378	0.0
109.0	30.56972789115646	19.600340136054424	19.260204081632654	30.56972789115646	0.0
110.0	29.910524073285043	18.449083936940774	20.23860247123988	31.4017895185343	0.0
111.0	32.621690862510675	18.01878736122972	20.36720751494449	28.992314261315116	0.0
112.0	29.18803418803419	19.82905982905983	19.102564102564102	31.880341880341877	0.0
113.0	30.509199828840394	17.629439452289258	18.442447582370562	33.41891313649978	0.0
114.0	30.012881064834694	18.16230141691713	20.437956204379564	31.386861313868614	0.0
115.0	28.908934707903782	19.587628865979383	18.08419243986254	33.419243986254294	0.0
116.0	29.285099052540914	18.34625322997416	20.068906115417743	32.299741602067186	0.0
117.0	31.390328151986186	15.67357512953368	19.991364421416236	32.94473229706391	0.0
118.0	30.35946297098311	17.15028150714595	21.26461671719359	31.225638804677345	0.0
119.0	27.847553053269813	18.752706799480297	22.13079255088783	31.26894759636206	0.0
120.0	28.993055555555557	16.319444444444446	20.65972222222222	34.02777777777778	0.0
121.0	29.35301780286583	16.369952236213635	20.58184976118107	33.69518019973947	0.0
122.0	28.03129074315515	18.42677096914385	19.426336375488916	34.11560191221208	0.0
123.0	27.869565217391308	21.26086956521739	20.434782608695652	30.434782608695656	0.0
124.0	29.1866028708134	20.26968247063941	17.52936059156155	33.014354066985646	0.0
125.0	28.36015658982166	21.096128751631145	17.6163549369291	32.927359721618096	0.0
126.0	29.634464751958223	17.188859878154915	21.583986074847694	31.59268929503917	0.0
127.0	26.872822299651567	20.209059233449477	20.38327526132404	32.534843205574916	0.0
128.0	29.137630662020907	18.72822299651568	18.510452961672474	33.62369337979094	0.0
129.0	29.26297426951592	19.319668556476234	18.31661578717837	33.10074138682948	0.0
130.0	29.401485364788115	19.528178243774576	18.130187854958496	32.940148536478816	0.0
131.0	29.62800875273523	16.98030634573304	18.555798687089716	34.83588621444201	0.0
132.0	30.385288966725042	18.038528896672503	21.322241681260945	30.253940455341503	0.0
133.0	29.179464677490124	20.666959192628344	17.902588854760857	32.25098727512067	0.0
134.0	31.387181738366987	17.120280948200175	19.490781387181737	32.00175592625109	0.0
135.0	30.250990752972257	20.079260237780712	20.211360634081903	29.45838837516512	0.0
136.0	32.773851590106005	17.579505300353357	17.270318021201415	32.37632508833922	0.0
137.0	30.159433126660762	19.13197519929141	21.70062001771479	29.007971656333037	0.0
138.0	31.338652482269502	17.77482269503546	17.95212765957447	32.934397163120565	0.0
139.0	31.127886323268207	18.960923623445826	20.115452930728242	29.795737122557725	0.0
140.0	31.969764339706536	16.31836371720765	18.319253001333927	33.39261894175189	0.0
141.0	30.040053404539385	19.359145527369826	18.64708500222519	31.9537160658656	0.0
142.0	29.558626839054835	20.552831029870706	18.18992420864913	31.69861792242532	0.0
143.0	29.48545861297539	18.07606263982103	19.86577181208054	32.572706935123044	0.0
144.0	28.72628726287263	18.92502258355917	19.37669376693767	32.97199638663053	0.0
145.0	32.306985294117645	18.38235294117647	18.704044117647058	30.606617647058826	0.0
146.0	31.101813110181308	19.804741980474198	19.479311947931194	29.614132961413297	0.0
147.0	30.185097294731843	19.31656383483626	20.170859041290935	30.32747982914096	0.0
148.0	32.27072094163806	18.24423737126042	20.84355076017656	28.641490926924963	0.0
149.0	29.311237700673225	20.766442257897463	22.68254790264112	27.239772138788194	0.0
150.0	28.99377593360996	22.354771784232366	25.933609958506228	22.717842323651453	0.0
