# Position (bp)	A	C	G	T	N
0.0	25.842855334645304	26.00479049447223	25.556215751229672	22.596138419652796	0.0
1.0	28.31286738756148	18.477644489416914	23.437541811178118	29.77194631184349	0.0
2.0	27.310987775654265	25.304892317066997	19.466260557454614	27.91785934982412	0.0
3.0	26.422462411369064	20.655596740483055	21.67721819445447	31.24472265369341	0.0
4.0	28.23041467999583	18.25258146867768	21.285815013266795	32.231188838059694	0.0
5.0	26.149050907706457	18.981033158058267	23.30211786711645	31.567798067118822	0.0
6.0	25.26861462027112	21.99567824977524	19.047028851217256	33.68867827873638	0.0
7.0	25.453654726298346	23.921535816448117	19.51416955029118	31.110639906962362	0.0
8.0	28.377613436691064	21.976315585768006	20.600978941723447	29.045092035817483	0.0
9.0	28.171025641661622	18.335955249868544	21.868551139464053	31.62446796900578	0.0
10.0	25.97710697818247	22.131702732791737	25.622854476369067	26.26833581265673	0.0
11.0	26.842243490121287	21.423352871692874	21.143440010753014	30.59096362743282	0.0
12.0	25.886473233313907	20.658622024930672	20.99279740014282	32.46210734161261	0.0
13.0	26.217315719177158	18.955421012427244	23.669927321340783	31.157335947054815	0.0
14.0	26.545017439942058	21.71247273607781	21.51522001788062	30.22728980609951	0.0
15.0	28.44767826023115	22.24732508220856	19.918344004667823	29.386652652892465	0.0
16.0	28.445987837667264	23.916375580967607	20.461693410398624	27.175943170966505	0.0
17.0	25.127837594637963	21.754234627561093	20.260890150857087	32.85703762694385	0.0
18.0	26.750148306206505	20.110553150119532	22.409249182367006	30.730049361306953	0.0
19.0	28.014022974742105	20.695985561625722	19.863195909950267	31.426795553681902	0.0
20.0	28.116189193383235	21.691008492310274	20.038097700285956	30.154704614020535	0.0
21.0	32.513496801015286	19.439495317562265	18.09598341986809	29.951024461554354	0.0
22.0	28.106360331154363	20.36059784137672	19.171250831469994	32.36179099599892	0.0
23.0	27.16394389742833	20.952365395020497	20.717184336735016	31.166506370816162	0.0
24.0	26.551236621732354	22.50972149108516	21.244159826073854	29.69488206110863	0.0
25.0	30.05239993617502	19.45894778734947	20.73609419482266	29.752558081652847	0.0
26.0	28.61985498253108	18.30385917692039	26.217443054697974	26.858842785850555	0.0
27.0	30.825690982767824	19.26023206226546	22.629080459469307	27.28499649549741	0.0
28.0	33.1229118228858	19.320277524307848	18.93165669194731	28.625153960859045	0.0
29.0	32.2066335656681	17.714270855083143	20.642045920519138	29.43704965872962	0.0
30.0	28.833795578601567	22.850821078384232	19.366263660597856	28.949119682416345	0.0
31.0	27.922711483645624	21.20199568396798	20.02203407434192	30.853258758044475	0.0
32.0	31.99419599443603	18.429164050863523	18.67588044856408	30.900759506136367	0.0
33.0	30.523524334794477	18.272226745292695	20.854172497888452	30.350076422024376	0.0
34.0	28.480466584280112	23.804236983377887	18.483517995246075	29.231778437095922	0.0
35.0	28.408611911464288	20.009632493405597	18.63067556143951	32.95108003369061	0.0
36.0	28.759476232869304	20.68123132790988	20.180113453136247	30.379178986084572	0.0
37.0	27.517086036081366	19.62837765244952	22.155848022509	30.698688288960113	0.0
38.0	26.4300181362566	19.66833374922678	23.01083221826418	30.890815896252438	0.0
39.0	25.986932003229875	18.60992055993565	21.611613158649003	33.79153427818547	0.0
40.0	29.993337414916986	18.17780471236633	20.883447605257047	30.94541026745964	0.0
41.0	27.162570017662897	23.12469887488229	20.654567299432987	29.058163808021824	0.0
42.0	27.50430599155196	20.1039945807483	18.28676728277804	34.104932144921705	0.0
43.0	27.124743682543475	22.06005260967924	17.052763551560247	33.762440156217046	0.0
44.0	31.201446165686193	19.301753616389878	18.124402406841813	31.37239781108212	0.0
45.0	31.068194560609612	19.232372561619034	18.133156104054883	31.56627677371646	0.0
46.0	29.484981549480597	23.24045638238377	19.688602301565766	27.585959766569868	0.0
47.0	25.9651126537915	21.86660149181476	24.659453565268073	27.508832289125667	0.0
48.0	28.58888161274258	21.098114258153313	20.91028511601096	29.402719013093144	0.0
49.0	28.835101176702587	21.60159732360059	23.087320545240388	26.47598095445643	0.0
50.0	28.55580317597952	20.588124793777006	20.930940310832188	29.925131719411286	0.0
51.0	28.21615100525177	21.786571505727974	20.16716532156789	29.830112167452366	0.0
52.0	29.028595303999495	19.90631820395382	22.152431509110034	28.912654982936655	0.0
53.0	26.107074836413357	23.4118111749056	22.06634830065807	28.414765688022975	0.0
54.0	25.848859171519457	21.62851051045261	19.858480405179773	32.66414991284817	0.0
55.0	24.41965005050788	24.126780319685917	19.9471463759844	31.5064232538218	0.0
56.0	23.61106421951165	24.120410019088975	22.241137368821743	30.02738839257763	0.0
57.0	28.85978424429022	20.525557311641727	18.182603546417262	32.432054897650794	0.0
58.0	27.378246868530383	20.307622974744135	18.871561830596555	33.44256832612893	0.0
59.0	27.288108299056642	19.916181547690915	21.792157935751128	31.00355221750132	0.0
60.0	29.82551620318799	20.076631862588627	20.454217483231275	29.643634450992106	0.0
61.0	26.51845566261852	23.526666912624535	20.377775246906946	29.577102177849994	0.0
62.0	30.11188926460398	22.077079128361696	20.680499701250536	27.13053190578379	0.0
63.0	28.300626134013392	21.680717549160644	20.1990823056792	29.819574011146766	0.0
64.0	26.148319811982745	19.888526910421543	21.077220381852772	32.88593289574294	0.0
65.0	32.64286008711065	17.50886826474589	20.10592615881488	29.74234548932858	0.0
66.0	29.75481976069103	19.73602100643023	20.030928183837666	30.478231049041067	0.0
67.0	28.983786635383545	18.474954455793547	22.146797525300403	30.394461383522504	0.0
68.0	27.965476588464494	21.495576113529722	21.177096554267113	29.361850743738664	0.0
69.0	30.90025913370288	20.44834341906572	18.388086581257852	30.26331086597355	0.0
70.0	27.09690594192424	23.016256352249517	21.81863157164497	28.068206134181267	0.0
71.0	29.71791329002081	19.353137545035555	22.17349835209883	28.755450812844806	0.0
72.0	27.710834892817903	21.259938030950476	21.834742871660424	29.194484204571197	0.0
73.0	28.58531141374025	22.71244956013915	18.735785204701255	29.966453821419346	0.0
74.0	33.06326598004435	21.325370973460462	18.222897532147307	27.38846551434788	0.0
75.0	30.149974534117614	17.814146318249264	21.81247922097618	30.223399926656942	0.0
76.0	31.56767462254639	19.68216394914584	17.830509100763095	30.91965232754468	0.0
77.0	30.78520321008071	20.361822860180194	19.660703732199483	29.192270197539617	0.0
78.0	29.46309727283539	21.83508191021445	20.646213938341432	28.055606878608728	0.0
79.0	29.673343642805765	20.58639444447849	22.799198981485514	26.94106293123023	0.0
80.0	29.610863423729185	20.043124250981084	22.11367540617432	28.232336919115408	0.0
81.0	29.368936714965898	17.528212565328854	23.71385114554276	29.388999574162494	0.0
82.0	29.764177540480524	18.952255016924063	20.601132706269805	30.682434736325607	0.0
83.0	30.495048317607214	21.213177592835613	19.793271694704742	28.498502394852427	0.0
84.0	28.45916560656817	19.159641324724433	20.413526823411114	31.967666245296282	0.0
85.0	32.9357315518047	19.01859441828311	17.826624394955928	30.219049634956257	0.0
86.0	27.867245615018305	20.6793302556836	24.012393130578726	27.441030998719366	0.0
87.0	32.921973741699695	17.04052708998577	21.799812596335155	28.23768657197938	0.0
88.0	31.321859106235483	18.114737457071563	19.40357707991427	31.159826356778687	0.0
89.0	31.25366436979567	18.568242632997915	20.483671585009176	29.69442141219724	0.0
90.0	31.95801013642544	17.260412260010447	23.662621429966155	27.11895617359795	0.0
91.0	24.60127967176895	22.604530660448205	18.08998677260732	34.70420289517553	0.0
92.0	30.034496086888694	19.26176582580448	20.689742590000208	30.013995497306617	0.0
93.0	32.95188469402212	18.5099974965423	20.77810647532283	27.76001133411275	0.0
94.0	31.58245435964508	20.100266226222114	18.68416172641247	29.633117687720333	0.0
95.0	28.884090221214205	21.16574013828243	20.292236258542072	29.657933381961293	0.0
96.0	27.282826374842283	20.468482725519834	20.656999298333428	31.59169160130445	0.0
97.0	29.149268324579246	20.424708557549305	17.417072869211804	33.008950248659644	0.0
98.0	28.350688171672655	19.028438245290545	23.318293742794868	29.302579840241933	0.0
99.0	28.332194594402594	18.528668471230606	20.620971045748274	32.518165888618526	0.0
100.0	28.22577666200367	23.364913996846497	20.071501130405338	28.33780821074449	0.0
101.0	29.145541465904117	18.131882905092226	21.34571631877339	31.376859310230266	0.0
102.0	26.548810085330814	19.160533424810257	19.930448951588698	34.360207538270224	0.0
103.0	26.229414977257026	23.0045633687739	20.44407420890069	30.321947445068382	0.0
104.0	24.932049940218402	21.541196998136094	24.45706624702834	29.069686814617164	0.0
105.0	27.273623421184606	20.877381040600696	21.72005356210395	30.128941976110752	0.0
106.0	29.590900679317617	18.503516045236285	21.964752544161172	29.94083073128493	0.0
107.0	27.47335168240873	17.642897069916962	23.295066998791963	31.58868424888234	0.0
108.0	29.187682317481627	19.408780472260727	21.584086502393028	29.819450707864615	0.0
109.0	25.320227002328338	20.592046800626743	20.634787099021327	33.45293909802359	0.0
110.0	27.021429085094134	18.762322080020954	23.661016560528143	30.55523227435677	0.0
111.0	26.738796022348282	18.93798341450481	19.655165334763186	34.66805522838372	0.0
112.0	28.62956083724604	17.92260078429514	21.940309640082354	31.50752873837647	0.0
113.0	31.843459555485413	16.946461712714733	21.53870486983564	29.671373861964206	0.0
114.0	27.319563914969542	18.279134651967237	20.73126894096759	33.67003249209563	0.0
115.0	26.672389690984726	18.93521251372334	22.48379138559817	31.908606409693764	0.0
116.0	24.663175638517647	24.063900433309637	19.91885503085104	31.354068897321675	0.0
117.0	25.89515197515908	20.00764298082595	21.032979338933252	33.06422570508172	0.0
118.0	29.31590787026416	16.95770037013037	19.67835375788207	34.0480380017234	0.0
119.0	24.73044999052968	20.149701817769856	20.46871874574057	34.651129445959896	0.0
120.0	24.57574785354109	18.936147106255394	23.703908627856265	32.78419641234725	0.0
121.0	28.739430240163156	16.753524024053135	20.552403187945757	33.954642547837956	0.0
122.0	29.311159600374914	18.138327315370272	23.14683710983698	29.40367597441783	0.0
123.0	30.203525860984342	19.780228814237837	20.738953179151082	29.27729214562674	0.0
124.0	30.50860206561328	19.315198101909534	21.804830008397634	28.37136982407955	0.0
125.0	30.436337438977688	21.462151313600938	18.09475577522858	30.006755472192786	0.0
126.0	32.59621153527081	19.335235327716127	17.469489689892377	30.599063447120685	0.0
127.0	28.551801055207015	19.639460716858316	22.552624184490615	29.256114043444057	0.0
128.0	27.83430425672797	21.67673321440147	20.8575024778476	29.631460051022962	0.0
129.0	26.43231514566763	22.459304600374736	20.770651432664003	30.33772882129363	0.0
130.0	29.391140358208308	18.70012318179671	19.408145986780667	32.50059047321432	0.0
131.0	28.732611174562216	20.832623795979615	20.627475678273697	29.807289351184473	0.0
132.0	30.617711504336558	20.03445657407223	21.286757315403452	28.06107460618776	0.0
133.0	27.907712335798116	20.885004316237033	21.640309187544343	29.56697416042051	0.0
134.0	30.814711698742165	17.92020933514756	20.17373480628292	31.091344159827354	0.0
135.0	31.881163788927037	17.46355745280346	19.706974915826713	30.948303842442787	0.0
136.0	28.590491676059198	20.013617634559598	21.054156427264832	30.341734262116372	0.0
137.0	27.34995800882093	21.07404722663557	21.295182230593678	30.280812533949824	0.0
138.0	28.952246478386947	20.419427507194364	19.298054260043862	31.330271754374827	0.0
139.0	27.71389921587121	19.014217818366333	20.302984140070098	32.968898825692364	0.0
140.0	24.372488253786003	19.3508963410307	25.774225905164847	30.502389500018445	0.0
141.0	25.454277324927155	20.189946778832514	24.16996207075992	30.185813825480405	0.0
142.0	29.170562313034885	21.296415829444282	22.542746257776606	26.990275599744223	0.0
143.0	30.380962917365213	22.898907576612892	20.79513444665394	25.924995059367955	0.0
144.0	32.711312165896324	19.94640455317821	18.175715685437183	29.166567595488292	0.0
145.0	28.007843509714892	20.69905213042344	19.457406623762818	31.83569773609885	0.0
146.0	27.35219956092249	23.744407196833674	20.617173715135362	28.286219527108475	0.0
147.0	29.968889414690548	22.0719371219697	17.99897547154893	29.96019799179082	0.0
148.0	28.333059587031883	18.88335709768617	19.598529228567052	33.18505408671489	0.0
149.0	27.871790427573018	23.343593402081424	19.223252205867862	29.561363964477692	0.0
150.0	21.527206458571875	27.86939008522197	21.282847525535033	29.320555930671123	0.0
