# Position (bp)	A	C	G	T	N
0.0	38.488352027610006	9.82916307161346	29.349439171699743	22.319240724762725	0.013805004314063849
1.0	35.300606729178156	16.46442360728075	21.039023717595146	27.195945945945947	0.0
2.0	37.32445923460899	16.68885191347754	22.00998336106489	23.976705490848584	0.0
3.0	33.41084283621074	15.630375230935847	27.890679747722498	23.06810218513092	0.0
4.0	34.55956184390689	16.324357218925908	23.672600030427507	25.44348090673969	0.0
5.0	34.97307737328807	17.344609621912678	22.140934098092004	25.541378906707244	0.0
6.0	28.802024746906635	18.72047244094488	23.14679415073116	29.330708661417322	0.0
7.0	28.980448831565457	19.859297030512913	23.70681427753388	27.453439860387753	0.0
8.0	30.8674799291002	17.826608278594517	21.600980085496822	29.70493170680847	0.0
9.0	33.350832458377084	19.261536923153844	21.648917554122292	25.738713064346786	0.0
10.0	32.245408814114136	21.029195850482584	21.50817146845741	25.217223866945872	0.0
11.0	31.903245756694233	18.411709462400072	21.43298898229379	28.25205579861191	0.0
12.0	32.856036295230716	18.676551953081773	21.334513666039616	27.132898085647895	0.0
13.0	32.5478898372498	20.450196719196782	21.430567798249953	25.571345645303463	0.0
14.0	31.956643618015324	18.106688261799455	22.826470649307502	27.11019747087772	0.0
15.0	28.87730780107462	20.114733567648365	22.73461802609785	28.273340605179172	0.0
16.0	27.617066373591868	20.383090630765004	23.756721749028536	28.243121246614596	0.0
17.0	29.316798802142323	18.739561937304437	22.492465398422056	29.451173862131185	0.0
18.0	28.873461659829598	19.88008835594825	23.30480945928387	27.941640524938283	0.0
19.0	28.642615108630654	18.35033612988566	22.68831427691304	30.31873448457064	0.0
20.0	29.566646422064235	17.169804580043586	23.0949233682255	30.16862562966668	0.0
21.0	30.625220147939412	17.934131736526947	22.349418809439943	29.091229306093698	0.0
22.0	30.92344230231908	17.80176026823135	23.232746577256215	28.042050852193352	0.0
23.0	28.93540213127842	17.98049220729633	22.713388177305703	30.370717484119545	0.0
24.0	28.16729855380762	16.007616956305434	23.641728568732738	32.18335592115421	0.0
25.0	28.6305280612681	17.048737542096177	26.10048378549327	28.22025061114245	0.0
26.0	27.088858849095672	19.56332027172704	21.952054208517993	31.3957666706593	0.0
27.0	28.789793480706976	17.31784582893347	22.412450014714285	31.479910675645268	0.0
28.0	30.281604291113005	16.431270789432435	24.257675763222515	29.02944915623204	0.0
29.0	29.6726907282588	16.86448460485506	22.831944275986345	30.630880390899794	0.0
30.0	30.796001988719162	17.60187899672547	23.835484921737045	27.766634092818325	0.0
31.0	28.752251093388214	18.348340622588115	25.189949403996227	27.709458880027444	0.0
32.0	28.152250563285808	18.34849761786003	21.998245644209767	31.501006174644395	0.0
33.0	28.309815314380575	17.183717230407414	23.92958428442969	30.57688317078232	0.0
34.0	29.888258493046425	16.619386978481977	23.84971978136027	29.642634747111323	0.0
35.0	27.87161575087756	18.750217217530324	23.250964445834637	30.12720258575748	0.0
36.0	28.10902007165965	17.330504052596794	23.484189654572653	31.076286221170907	0.0
37.0	28.53702067196895	16.90838834884164	25.19970196323058	29.35488901595883	0.0
38.0	30.759232622220683	18.264215032147376	21.491083652496403	29.48546869313554	0.0
39.0	29.847770303072334	17.70407101740759	21.527151674873434	30.921007004646643	0.0
40.0	28.656726780414143	17.511672712755804	22.3543297519657	31.477270754864357	0.0
41.0	30.936475160937686	16.161440891187034	23.246169596224252	29.65591435165102	0.0
42.0	28.499651081646892	17.095254710397768	22.196441032798326	32.20865317515702	0.0
43.0	31.25818562821968	17.672225617742075	24.164847638173402	26.904741115864837	0.0
44.0	31.151186203274094	17.82193819487	21.9066795062593	29.1201960955966	0.0
45.0	32.33213376634776	18.05845694724831	21.218291933643467	28.391117352760464	0.0
46.0	28.317968652484797	20.21183645084788	24.06340828444571	27.406786612221605	0.0
47.0	28.97942342536283	19.77826812335181	22.227006081481083	29.01530236980428	0.0
48.0	33.14854274260537	20.29145147892665	20.896384845967713	25.66362093250027	0.0
49.0	29.04800504368189	18.841754480770962	23.339637935693055	28.770602539854096	0.0
50.0	31.77184246265278	18.93707559981892	20.995925758261656	28.295156179266634	0.0
51.0	30.435731432312508	22.38670255328435	21.151887684585727	26.025678329817413	0.0
52.0	30.531062675294677	18.610107972356143	22.426719950138402	28.43027625524738	0.0018331469633920553
53.0	29.30356486585814	18.748621830209483	22.883131201764055	29.06468210216832	0.0
54.0	29.22593450215018	19.28364023964421	22.751497776307566	28.738927481898042	0.0
55.0	28.786561337946086	19.294026233511556	23.4695576563743	28.44985477216806	0.0
56.0	28.287187535029705	19.665209430930762	22.288233755558046	29.759369278481486	0.0
57.0	30.135119791075283	18.90352371219863	22.234207637863822	28.723363990764923	0.003784868097346807
58.0	27.904047632678765	18.91185282723612	22.085456384420144	31.098643155664966	0.0
59.0	25.9648511593698	18.91572794487671	23.437076607440098	31.682344288313395	0.0
60.0	28.215807826423866	17.601704765594732	23.487020534676482	30.695466873304923	0.0
61.0	29.015554127976017	18.38657556113609	24.72113531507329	27.876734995814594	0.0
62.0	29.9360084025441	18.191896991033396	23.233423453212225	28.638671153210275	0.0
63.0	30.300007822889775	17.738402565907847	23.507783775326605	28.453805835875773	0.0
64.0	26.488182798862407	19.48220064724919	26.36069432185937	27.66892223202903	0.0
65.0	28.749130650769995	19.584699453551913	22.199701937406854	29.466467958271238	0.0
66.0	30.609119667936085	17.83231578311068	22.974470571641582	28.584093977311653	0.0
67.0	29.512668202206328	16.844465995878288	24.354467208146442	29.288398593768942	0.0
68.0	30.76657388406916	18.24092322070745	22.17842703021191	28.812044129299665	0.0020317357118186065
69.0	33.2243739977797	17.334813535627646	21.538999218782124	27.901813247810537	0.0
70.0	31.306745159819243	18.0506612495336	21.541395464532982	29.101198126114173	0.0
71.0	31.25312343828086	18.996751624187905	21.222721972347163	28.527402965184073	0.0
72.0	31.083883129123468	15.387998743323909	23.55429887946382	29.973819248088805	0.0
73.0	30.67877689503298	18.65214001222262	22.38636124164963	28.282721851094767	0.0
74.0	33.06407040516985	19.116959312954382	21.931465498915863	25.88750478295991	0.0
75.0	31.639530156828343	18.246004407454162	22.011596311431568	28.102869124285927	0.0
76.0	33.45146512230962	18.171406344541445	22.277206327253868	26.099922205895066	0.0
77.0	30.56724750834188	18.16456938477308	23.956992999367543	27.311190107517504	0.0
78.0	30.520701940737787	18.252229524884374	22.304100555444908	28.922967978932927	0.0
79.0	30.551613847782512	18.440435164538144	22.891186341419463	28.116764646259885	0.0
80.0	27.561845431563743	18.08414590104731	21.932556879739977	32.419194655110154	0.00225713253882268
81.0	32.07637777269609	18.46558426709353	22.245597987651497	27.212439972558883	0.0
82.0	31.701507723614835	19.40153547312922	21.253815558227732	27.643141245028215	0.0
83.0	33.11878291398479	17.329432416617905	21.680514921006434	27.87126974839087	0.0
84.0	32.699900109403984	18.712838319935308	21.169671312372163	27.417590258288545	0.0
85.0	30.697551226794445	17.95285449423322	23.4090197683658	27.940574510606535	0.0
86.0	28.83537269048896	17.800906742066005	24.2285380002925	29.13518256715254	0.0
87.0	30.378177309361437	18.64104153750775	22.598884066955982	28.381897086174828	0.0
88.0	30.89151883721517	19.92732594816927	22.425496479850615	26.755658734764943	0.0
89.0	29.368307248764413	20.938014827018122	22.670407742998353	27.02327018121911	0.0
90.0	28.89738855183329	21.659192825112108	21.56686890002638	27.876549723028226	0.0
91.0	31.146033377512104	18.755240593979064	22.047009818506396	28.051716210002436	0.0
92.0	32.30452109385736	17.88099491548715	23.03971416792634	26.774769822729144	0.0
93.0	32.175977653631286	17.58100558659218	22.38268156424581	27.860335195530727	0.0
94.0	31.15193701146802	18.371655160609347	23.894562674730416	26.578992411707652	0.0028527414845666687
95.0	32.90431051975534	17.381221555497582	22.114966518827725	27.59950140591936	0.0
96.0	29.866580463147997	17.118255554249444	25.293875631832606	27.721288350769953	0.0
97.0	28.5882140274765	18.986502771752228	24.683658712942876	27.741624487828393	0.0
98.0	28.45893571208859	20.07689941556444	21.70409104890803	29.760073823438944	0.0
99.0	28.541239552121116	19.394417284340008	22.535877621826213	29.528465541712663	0.0
100.0	32.07358399225432	18.19590124253671	21.813780861707276	27.913506535420364	0.0032273680813296756
101.0	30.129554123372355	17.548993818229647	23.796527686439564	28.524924371958438	0.0
102.0	33.1010335656331	19.075514257819076	20.954112379220955	26.86933979732687	0.0
103.0	30.91115624247014	19.861622663591618	23.265980517021788	25.961240576916456	0.0
104.0	29.422725355083674	19.512023625369146	21.814793981155955	29.250457038391225	0.0
105.0	28.592057761732853	19.935018050541515	23.56678700361011	27.906137184115526	0.0
106.0	27.296229272075934	20.574657458359493	23.363001809653948	28.766111459910626	0.0
107.0	28.60172701105893	19.781093773670655	22.57991213452507	29.037267080745345	0.0
108.0	29.067869081862707	19.536655523594806	22.984529269999225	28.410946124543262	0.0
109.0	30.165437512457643	19.334263504086106	23.488140322902133	27.012158660554114	0.0
110.0	29.99387880024485	19.208324831667007	22.17098551316058	28.626810854927566	0.0
111.0	28.507032847781627	18.677741141116073	24.086981927459412	28.72824408364289	0.0
112.0	29.879681986310107	17.74159261936142	23.24731091365163	29.131414480676842	0.0
113.0	27.566564536313816	19.043714667932505	24.09700945065378	29.292711345099903	0.0
114.0	27.3667462211615	19.115177229735703	23.764695483072572	29.753381066030233	0.0
115.0	28.375584322186263	19.561308881697233	24.24487594390507	27.818230852211435	0.0
116.0	27.844270188471594	18.237263264089513	24.59760627321502	29.320860274223875	0.0
117.0	27.272299807213052	19.24107772605445	24.441623172050594	29.0449992946819	0.0
118.0	27.71681586293195	19.058619693907016	24.612570988545578	28.611993454615458	0.0
119.0	28.53058608961404	18.080544190861144	23.04431409276877	30.344555626756055	0.0
120.0	29.238119185315565	17.46542620065376	24.98365602212723	28.30274075936636	0.010057832537088258
121.0	27.79333163654874	19.292440824637314	23.568337999490964	29.345889539322982	0.0
122.0	27.697655115169123	19.51649719858892	24.08694749948122	28.69890018676074	0.0
123.0	26.778109028960817	18.542376490630325	24.637989778534923	30.041524701873932	0.0
124.0	25.750955761878753	16.83779355543419	24.636810486073184	32.774440196613874	0.0
125.0	25.009815469179426	19.580458803073643	23.175724942509397	32.234000785237534	0.0
126.0	25.276243093922652	18.577348066298345	25.50644567219153	30.639963167587474	0.0
127.0	25.602284218666348	17.976325025281064	26.56593896853251	29.855451787520078	0.0
128.0	26.476167166370924	21.76466988924922	23.39839686716025	28.36076607721961	0.0
129.0	26.763866877971477	21.26782884310618	24.06973058637084	27.898573692551505	0.0
130.0	27.60437244830765	20.505728960885026	23.74555511655472	28.144343474252604	0.0
131.0	28.21972294609793	19.31147990673433	24.029625565766015	28.43917158140173	0.0
132.0	27.61952476381334	19.32436301173776	24.613512739765245	28.44259948468365	0.0
133.0	27.532642953624492	18.61023562959628	26.87978388113462	26.9773375356446	0.0
134.0	28.48671726755218	18.34282099936749	24.41492726122707	28.755534471853256	0.0
135.0	28.615487205134617	19.80495123780945	24.48112028007002	27.098441276985913	0.0
136.0	24.034070951879173	20.76747453459782	27.59044608359677	27.60800842992624	0.0
137.0	25.897196261682243	19.457943925233646	25.25233644859813	29.392523364485985	0.0
138.0	25.37328389618198	21.034171760697465	24.81210542138491	28.780438921735644	0.0
139.0	25.25306339904102	20.671283963771977	27.075119872136387	27.00053276505061	0.0
140.0	24.231117141564905	20.997286295793756	25.090456806874716	29.681139755766623	0.0
141.0	23.882224645583424	20.004846722403975	28.644129407488183	27.468799224524414	0.0
142.0	24.92460993837682	21.04366067916612	25.31794939032385	28.713779992133208	0.0
143.0	24.302455357142858	18.791852678571427	27.67857142857143	29.227120535714285	0.0
144.0	21.999396863691196	17.973462002412546	28.558504221954163	31.453558504221956	0.015078407720144751
145.0	20.94357666560408	20.27414727446605	22.728721708638826	36.05355435129105	0.0
146.0	20.545549921314915	18.622136737191816	25.948592411260712	34.866235355831435	0.017485574401119076
147.0	19.876852030017318	19.684433326919375	24.206272849720992	36.21319992303252	0.01924187030979411
148.0	19.51008020810752	24.214177324951226	22.58833730760893	33.665727292434426	0.021677866897897247
149.0	19.610292280789405	25.90557082188359	17.811641269048213	36.62253310017487	0.04996252810392206
150.0	27.979751495628165	24.298205246203405	14.542107685227796	33.179935572940636	0.0
