# Position (bp)	A	C	G	T	N
0.0	61.1904038870331	9.27725478287276	13.407227452171272	16.125113877922868	0.0
1.0	14.409353173398118	59.170968721530514	13.209839052535683	13.209839052535683	0.0
2.0	16.12854556427278	56.41219070609536	10.259505129752565	17.1997585998793	0.0
3.0	60.94008109325725	11.878660459528458	11.157831506232167	16.02342694098213	0.0
4.0	59.478104379124176	12.10257948410318	10.422915416916616	17.99640071985603	0.0
5.0	16.155113040874383	55.69696062284773	10.57044467734691	17.577481658930978	0.0
6.0	15.802063088653012	57.527283599940205	10.360293018388399	16.310360293018388	0.0
7.0	61.458178022961086	10.55613538094528	11.077978231698225	16.907708364395408	0.0
8.0	60.28907763373566	12.472060795708538	10.654149903144091	16.58471166741171	0.0
9.0	15.224191866527633	54.92328318188589	11.663935647251602	18.188589304334872	0.0
10.0	16.609614525971125	9.182914124125615	10.611698169370442	63.595773180532824	0.0
11.0	14.705882352941178	12.329174093879976	10.457516339869281	62.50742721330956	0.0
12.0	15.79884290164664	10.32487761459724	12.357217030114226	61.519062453641894	0.0
13.0	16.12474135382796	53.606266627253916	11.173514631983448	19.09547738693467	0.0
14.0	15.420905204186939	10.821170573492553	57.187085360459974	16.570838861860533	0.0
15.0	57.35898942420682	11.72150411280846	12.779083431257343	18.14042303172738	0.0
16.0	14.2543217111046	11.705244652798125	12.569586873718135	61.47084676237914	0.0
17.0	16.520595968448728	53.447268477943325	10.882267017236343	19.149868536371603	0.0
18.0	15.439568450211402	11.182388103222044	12.829858579967926	60.54818486659863	0.0
19.0	16.130441112243414	56.179938855728636	10.743921968263212	16.94569806376474	0.0
20.0	16.277382852168866	12.940664442187726	10.445379370375743	60.336573335267666	0.0
21.0	17.60196702343072	11.88892102979462	12.337286664738212	58.17182528203645	0.0
22.0	16.71960727692752	10.42448743863702	54.01386081432285	18.84204447011262	0.0
23.0	15.690798961638306	11.349870204788001	11.104701471012403	61.8546293625613	0.0
24.0	60.39475579887624	9.638380636795851	11.612159631177065	18.354703933150844	0.0
25.0	17.420097898070832	10.077742585660813	52.21710336884537	20.285056147422978	0.0
26.0	59.764164509634746	9.936727063560541	10.253091745757837	20.04601668104688	0.0
27.0	15.395662789027718	14.146201349992818	9.378141605629757	61.0799942553497	0.0
28.0	15.444237117841253	53.796469068465626	9.487584326108799	21.271709487584324	0.0
29.0	18.09974204643164	9.486959014044139	9.816566351390083	62.59673258813414	0.0
30.0	18.322802986789203	10.123492245835726	51.40723721998851	20.14646754738656	0.0
31.0	17.759838546922303	10.033155542741818	9.470952861467493	62.73605304886839	0.0
32.0	15.971411901983664	10.093348891481915	10.28296382730455	63.65227537922987	0.0
33.0	17.06244503078276	54.58809733216066	10.90589270008795	17.44356493696863	0.0
34.0	18.19920553185229	10.666470501691922	11.299102545240547	59.835221421215245	0.0
35.0	15.61119293078056	54.41826215022091	9.896907216494846	20.07363770250368	0.0
36.0	16.057748968768415	11.505598114319387	10.032410135533294	62.404242781378905	0.0
37.0	59.37961595273264	12.171344165435746	9.926144756277695	18.522895125553916	0.0
38.0	59.33530280649926	12.023633677991137	9.30576070901034	19.33530280649926	0.0
39.0	60.851567120047314	11.265523358959195	7.924305144884683	19.95860437610881	0.0
40.0	15.86053412462908	53.84272997032641	12.166172106824925	18.130563798219583	0.0
41.0	15.708064273915001	9.055413725784653	57.30590178705511	17.930620213245234	0.0
42.0	61.34276682221888	10.672888755080535	10.748155953635406	17.23618846906518	0.0
43.0	60.62622901225231	10.996823476024806	10.709423687793072	17.667523823929816	0.0
44.0	18.274497869750455	55.203895313451	8.779671332927572	17.741935483870968	0.0
45.0	26.045150501672243	12.10284280936455	13.837792642140467	48.014214046822744	0.0
46.0	28.325430496630894	16.945345645121037	17.020214624407288	37.70900923384078	0.0
47.0	31.998910675381264	17.59259259259259	18.02832244008715	32.38017429193899	0.0
48.0	27.505506607929515	19.30066079295154	18.502202643171806	34.691629955947135	0.0
49.0	26.411960132890368	21.4562569213732	18.964562569213733	33.16722037652271	0.0
50.0	25.632471504031134	23.130386433138728	16.791770920211288	34.445371142618846	0.0
51.0	28.65513392857143	17.857142857142858	18.415178571428573	35.072544642857146	0.0
52.0	30.577354260089685	17.628923766816143	18.497757847533634	33.29596412556054	0.0
53.0	32.66741699493528	18.458075407990997	19.921215531795163	28.953292065278557	0.0
54.0	29.110666285387477	22.01887331998856	17.786674292250503	31.083786102373463	0.0
55.0	31.797366914710935	17.429879793932457	19.977103606182027	30.79564968517459	0.0
56.0	27.426281133695962	21.07071285427999	19.15259089607787	32.35041511594618	0.0
57.0	31.107913669064747	17.03597122302158	20.46043165467626	31.39568345323741	0.0
58.0	28.455754771544246	19.115095430884903	19.63562753036437	32.79352226720648	0.0
59.0	26.861779194436398	19.704433497536947	21.5879455230368	31.845841784989858	0.0
60.0	28.696158323632133	17.927823050058205	20.518044237485448	32.85797438882421	0.0
61.0	28.425058548009368	18.588992974238877	21.95550351288056	31.030444964871194	0.0
62.0	28.130511463844798	21.01704879482657	21.134626690182245	29.717813051146386	0.0
63.0	34.7787610619469	17.25663716814159	18.761061946902654	29.20353982300885	0.0
64.0	30.36293892003541	18.50103275302449	20.773089406904692	30.36293892003541	0.0
65.0	29.7601421379923	18.329878590464908	21.143026354752738	30.766952916790054	0.0
66.0	28.168596022558624	17.15642623924013	22.707034728406057	31.967943009795192	0.0
67.0	28.554467200949833	16.978331849213415	20.302760463045413	34.16444048679133	0.0
68.0	27.019002375296914	18.883610451306414	19.863420427553443	34.23396674584323	0.0
69.0	24.509220701963116	19.601427721594288	23.111243307555025	32.77810826888757	0.0
70.0	27.643729520405124	20.37533512064343	19.719988084599343	32.2609472743521	0.0
71.0	26.925373134328357	20.0	19.910447761194032	33.16417910447761	0.0
72.0	27.28088543224649	18.426562967394556	20.101705055339515	34.19084654501944	0.0
73.0	27.997601918465225	18.165467625899282	21.043165467625897	32.79376498800959	0.0
74.0	30.552220888355343	15.486194477791116	21.54861944777911	32.41296518607443	0.0
75.0	28.988561107766408	19.867549668874172	22.215532811559303	28.92835641180012	0.0
76.0	27.72426249247441	21.011438892233596	18.81396748946418	32.450331125827816	0.0
77.0	29.230769230769234	20.18099547511312	18.552036199095024	32.036199095022624	0.0
78.0	30.253623188405797	20.92391304347826	18.17632850241546	30.64613526570048	0.0
79.0	28.088190878888554	21.141649048625794	19.057686499546964	31.712473572938688	0.0
80.0	28.700906344410875	19.60725075528701	20.483383685800604	31.20845921450151	0.0
81.0	27.65506807866868	18.668683812405444	18.27534039334342	35.400907715582456	0.0
82.0	31.193216232586312	18.382798304058145	20.351302241066023	30.07268322228952	0.0
83.0	28.956943602183145	19.13280776228017	21.224984839296543	30.685263796240147	0.0
84.0	28.610436893203882	18.932038834951456	20.20631067961165	32.25121359223301	0.0
85.0	33.26245443499393	17.43620899149453	20.77764277035237	28.523693803159173	0.0
86.0	29.808568824065635	18.170768763293832	22.667882102704347	29.35278030993619	0.0
87.0	31.881851400730817	18.696711327649208	21.315468940316688	28.105968331303288	0.0
88.0	33.42482464165904	19.73162549557792	16.8648978347057	29.978652028057333	0.0
89.0	29.59902050811142	17.049280685644323	17.29415365779002	36.05754514845424	0.0
90.0	30.552147239263803	16.656441717791413	19.754601226993866	33.03680981595092	0.0
91.0	30.378578024007385	19.883040935672515	16.80517082179132	32.93321021852878	0.0
92.0	29.21417565485362	18.212634822804315	17.688751926040062	34.88443759630201	0.0
93.0	31.96417541692403	17.943174799258802	18.962322421247684	31.13032736256949	0.0
94.0	31.047265987025025	17.05282669138091	20.018535681186282	31.881371640407785	0.0
95.0	30.034024126198577	17.29044231364058	19.57933807609032	33.09619548407052	0.0
96.0	29.278861033735687	17.022593624264935	19.746208604147323	33.95233673785206	0.0
97.0	32.15613382899628	17.750929368029738	18.370508054522926	31.722428748451055	0.0
98.0	30.673703818689845	21.26668736417262	18.037876435889473	30.02173238124806	0.0
99.0	32.48447204968944	18.13664596273292	18.198757763975156	31.180124223602483	0.0
100.0	31.693648816936488	15.255292652552926	18.52428393524284	34.526774595267746	0.0
101.0	33.0625	17.5625	18.71875	30.65625	0.0
102.0	31.246086412022546	15.716969317470255	21.195992485911084	31.840951784596115	0.0
103.0	27.769061813617824	17.32036397866332	21.77596485723251	33.13460935048635	0.0
104.0	28.926660371419576	18.19326408561536	20.42807680201448	32.451998740950586	0.0
105.0	29.125907226254338	19.659198485326602	19.62764278952351	31.58725149889555	0.0
106.0	31.2460468058191	17.963314358001263	19.038583175205567	31.752055660974065	0.0
107.0	31.206349206349206	19.015873015873016	18.19047619047619	31.587301587301585	0.0
108.0	32.00510041440867	17.787695250239082	17.373286579534586	32.83391775581766	0.0
109.0	28.055022392834296	20.441458733205376	19.705694177863084	31.797824696097248	0.0
110.0	26.668806161745827	19.993581514762514	18.934531450577662	34.403080872913996	0.0
111.0	29.481815255873833	17.89507563566141	20.37335049887351	32.24975860959125	0.0
112.0	26.460148434979025	19.393352694417555	21.845756695708292	32.30074217489513	0.0
113.0	29.964366699060573	19.922254616132168	17.946226109491413	32.16715257531584	0.0
114.0	29.427083333333332	17.122395833333336	20.21484375	33.23567708333333	0.0
115.0	27.983000980712653	19.77770513239621	19.28734880679961	32.951945080091534	0.0
116.0	29.217163445791027	20.569931215198164	17.687520471667213	32.5253848673436	0.0
117.0	32.68852459016394	18.491803278688522	18.0327868852459	30.78688524590164	0.0
118.0	27.88177339901478	17.60262725779967	21.149425287356323	33.36617405582923	0.0
119.0	24.819197896120972	21.071663379355687	25.93688362919132	28.172255095332016	0.0
120.0	26.352242744063325	21.80079155672823	23.350923482849602	28.49604221635884	0.0
121.0	29.52286282306163	18.555334658714383	18.223989396951623	33.69781312127236	0.0
122.0	29.993342210386153	17.7762982689747	21.371504660452732	30.85885486018642	0.0
123.0	32.8881469115192	18.464106844741234	17.462437395659432	31.185308848080133	0.0
124.0	31.001004352192833	18.781386006026114	20.053565450284566	30.164044191496487	0.0
125.0	29.926273458445042	18.83378016085791	19.403485254691688	31.83646112600536	0.0
126.0	31.932773109243694	17.613445378151262	17.71428571428571	32.73949579831933	0.0
127.0	27.425876010781668	20.451482479784367	21.428571428571427	30.694070080862534	0.0
128.0	30.979729729729733	17.364864864864867	19.695945945945944	31.95945945945946	0.0
129.0	30.182926829268293	19.444444444444446	17.14092140921409	33.23170731707317	0.0
130.0	29.10142954390742	18.720217835262083	17.494894486044927	34.68345813478557	0.0
131.0	29.9419597132127	19.938545578695802	18.231478320245817	31.88801638784568	0.0
132.0	29.897260273972602	19.794520547945204	21.404109589041095	28.904109589041095	0.0
133.0	28.640109890109887	21.22252747252747	19.608516483516482	30.528846153846157	0.0
134.0	25.766448501550123	20.564932828108855	20.254908715122287	33.41370995521874	0.0
135.0	26.839378238341972	16.82210708117444	20.414507772020727	35.92400690846287	0.0
136.0	25.511265164644715	18.544194107452338	21.282495667244365	34.66204506065858	0.0
137.0	30.21557719054242	15.681502086230875	19.50625869262865	34.596662030598054	0.0
138.0	29.079497907949794	18.619246861924683	21.234309623430963	31.066945606694564	0.0
139.0	29.086454322716136	18.830941547077355	19.775988799439972	32.30661533076653	0.0
140.0	29.329118370214264	16.719353705655077	20.68844397611521	33.263083948015456	0.0
141.0	31.758900246739515	17.271765949947127	19.77440958759253	31.19492421572083	0.0
142.0	30.102946396876106	16.40042598509052	19.098331558395458	34.398296059637914	0.0
143.0	32.89191123836793	18.289191123836794	18.07444523979957	30.7444523979957	0.0
144.0	30.208333333333332	17.313218390804597	18.785919540229884	33.69252873563218	0.0
145.0	28.545651389390116	19.23493323709852	19.19884518224468	33.02057019126669	0.0
146.0	28.928312816799423	18.86314265025344	18.17523533671253	34.03330919623461	0.0
147.0	29.369108049311095	17.766497461928935	18.346627991298043	34.51776649746193	0.0
148.0	27.176684881602913	20.76502732240437	20.728597449908925	31.329690346083787	0.0
149.0	29.87202925045704	20.585009140767824	18.427787934186473	31.115173674588664	0.0
150.0	29.84965163182985	19.471947194719473	17.1983865053172	33.48001466813348	0.0
151.0	28.697571743929362	18.8373804267844	20.750551876379692	31.714495952906546	0.0
152.0	28.13884785819793	18.537666174298376	18.205317577548005	35.11816838995569	0.0
153.0	29.974064468321597	17.895516858095593	19.97035939236754	32.16005928121526	0.0
154.0	32.06845238095239	16.964285714285715	18.898809523809522	32.06845238095239	0.0
155.0	29.238237490664677	20.911127707244212	16.579536967886483	33.27109783420463	0.0
156.0	32.13077790304396	15.03194287861706	18.6771890266817	34.160090191657275	0.0
157.0	29.60030165912519	18.401206636500756	20.852187028657617	31.14630467571644	0.0
158.0	28.96133434420015	22.062168309325248	16.67930250189538	32.297194844579224	0.0
159.0	35.064935064935064	13.980137509549273	20.282658517952637	30.672268907563026	0.0
160.0	26.638558834802605	19.931008049060946	22.230739747029514	31.19969336910694	0.0
161.0	29.060816012317165	18.398768283294842	22.632794457274827	29.907621247113163	0.0
162.0	30.344027831465013	19.134132199458833	19.984538074990336	30.53730189408581	0.0
163.0	29.265448892343564	18.694131364166342	16.789739603575594	35.2506801399145	0.0
164.0	29.47368421052631	15.71150097465887	21.637426900584796	33.177387914230025	0.0
165.0	30.08607198748044	17.566510172143975	21.205007824726135	31.142410015649453	0.0
166.0	29.00313971742543	19.66248037676609	19.191522762951337	32.142857142857146	0.0
167.0	27.81717888100867	19.38534278959811	22.379826635145783	30.41765169424744	0.0
168.0	28.99525316455696	17.84018987341772	19.264240506329113	33.9003164556962	0.0
169.0	27.497015519299644	16.912057302029446	20.771985674492637	34.81894150417828	0.0
170.0	31.92338387869114	16.839584996009577	18.874700718276138	32.362330407023144	0.0
171.0	31.28760529482551	18.973124749298034	15.443241075010029	34.29602888086642	0.0
172.0	31.466559226430295	20.427074939564868	16.720386784850927	31.385979049153907	0.0
173.0	29.72536348949919	18.780290791599356	18.45718901453958	33.03715670436188	0.0
174.0	28.9195775792039	19.57757920389927	17.343623070674248	34.15922014622259	0.0
175.0	28.163265306122447	19.183673469387756	19.918367346938776	32.73469387755102	0.0
176.0	29.745275267050125	19.679539852095314	17.789646672144617	32.785538208709944	0.0
177.0	27.411376751854906	22.877164056059357	18.63149216817807	31.079967023907667	0.0
178.0	27.72236076475478	19.908561928512054	19.950124688279303	32.418952618453865	0.0
179.0	24.424926808866584	18.987871183605186	24.424926808866584	32.162275198661646	0.0
180.0	30.811265237494744	16.351408154686844	21.689785624211854	31.147540983606557	0.0
181.0	29.156118143459913	20.042194092827003	19.62025316455696	31.181434599156116	0.0
182.0	31.908590774439272	17.308506136267457	19.974608548455354	30.808294540837917	0.0
183.0	28.88225255972696	20.90443686006826	20.90443686006826	29.308873720136518	0.0
184.0	29.381443298969074	19.974226804123713	19.716494845360824	30.927835051546392	0.0
185.0	27.66049116760017	20.680741059887982	22.18871176217148	29.47005601034037	0.0
186.0	29.526704298740775	17.368649587494573	22.188449848024316	30.916196265740336	0.0
187.0	30.506993006993007	22.77097902097902	17.526223776223777	29.195804195804197	0.0
188.0	30.542089026002646	19.524019391802554	19.920669898633758	30.013221683561042	0.0
189.0	29.902395740905057	18.50044365572316	20.008873114463178	31.588287488908605	0.0
190.0	29.901960784313726	18.58288770053476	18.850267379679146	32.66488413547237	0.0
191.0	27.402771569065713	19.53509164059008	20.026821636119806	33.035315154224406	0.0
192.0	30.654627539503387	19.322799097065463	21.896162528216703	28.12641083521445	0.0
193.0	30.737704918032787	17.16757741347905	21.812386156648454	30.28233151183971	0.0
194.0	28.03308823529412	21.737132352941178	21.691176470588236	28.53860294117647	0.0
195.0	28.46511627906977	20.930232558139537	18.930232558139533	31.674418604651162	0.0
196.0	28.96713615023474	19.248826291079812	20.7981220657277	30.985915492957744	0.0
197.0	29.372623574144484	18.488593155893536	21.625475285171103	30.513307984790877	0.0
198.0	26.46198830409357	22.953216374269005	19.883040935672515	30.701754385964914	0.0
199.0	27.173347214992194	24.93492972410203	18.844351900052057	29.047371160853725	0.0
200.0	28.790669122160832	15.101289134438305	20.441988950276244	35.666052793124614	0.0
201.0	31.43336127409891	18.608549874266554	17.51886001676446	32.43922883487008	0.0
202.0	38.364249578414835	17.116357504215852	17.79089376053963	26.728499156829677	0.0
203.0	35.92150170648464	17.49146757679181	17.747440273037544	28.83959044368601	0.0
204.0	34.8757497857755	16.795201371036846	20.908311910882603	27.420736932305058	0.0
205.0	35.09532062391681	19.32409012131716	20.97053726169844	24.610051993067593	0.0
206.0	29.35540069686411	19.77351916376307	21.254355400696863	29.61672473867596	0.0
207.0	28.558875219683657	22.58347978910369	16.695957820738137	32.161687170474515	0.0
208.0	30.612244897959183	16.68145519077196	19.520851818988465	33.18544809228039	0.0
209.0	23.524150268336314	21.735241502683365	21.019677996422182	33.72093023255814	0.0
210.0	26.846846846846844	18.37837837837838	17.38738738738739	37.38738738738739	0.0
211.0	28.921124206708974	19.038984587488667	19.31097008159565	32.728921124206714	0.0
212.0	28.519527702089007	17.71117166212534	22.252497729336966	31.51680290644868	0.0
213.0	27.123287671232877	20.0	18.17351598173516	34.70319634703196	0.0
214.0	28.702851885924563	24.747010119595217	18.307267709291626	28.242870285188594	0.0
215.0	29.074074074074076	22.962962962962962	17.87037037037037	30.09259259259259	0.0
216.0	29.747427502338635	17.680074836295603	16.83816651075772	35.73433115060804	0.0
217.0	26.425855513307983	18.5361216730038	25.285171102661597	29.75285171102662	0.0
218.0	24.853228962818	20.45009784735812	20.352250489236788	34.34442270058709	0.0
219.0	16.341991341991342	22.727272727272727	22.943722943722943	37.98701298701299	0.0
220.0	0.0	28.399311531841654	27.19449225473322	44.40619621342513	0.0
