# Position (bp)	A	C	G	T	N
0.0	26.91824096902694	23.809209734239964	23.667352397703063	25.60519689903003	0.0
1.0	27.173920984381606	19.874551877808102	15.091137747673939	37.860180657819896	2.0873231645906497E-4
2.0	28.359835841996883	19.789014073363052	18.034372403798706	33.81667357251874	1.0410832262752749E-4
3.0	23.653676973874855	22.013961522202685	15.297017311165789	39.0349287330869	4.1545966977188153E-4
4.0	34.42822447479743	13.71222620379114	14.527693441537103	37.33113028299314	7.255968811772913E-4
5.0	36.23755094853615	14.947458917482791	22.617472952606857	26.190473724279727	0.0070434570944703685
6.0	32.721604891618874	17.52319346679822	20.082679623189637	29.666103114514282	0.006418903878985027
7.0	35.803818549547366	16.44578450429861	20.343205751630737	27.406259639011886	9.315555113929239E-4
8.0	23.146311558100916	26.959693315329574	22.42471274179613	27.467833806707954	0.0014485780654239938
9.0	29.402126352244583	18.242707861379543	15.834166040843009	36.52099974553286	0.0
10.0	26.682095701379925	17.06138935768887	24.99710447069724	31.258789999669084	6.204705648764022E-4
11.0	28.32717859225288	19.000678193194084	19.88119213130482	32.78960710283311	0.0013439804151038587
12.0	27.06487068653656	19.30182512759769	20.85708025062688	32.77033242583416	0.005891509404709487
13.0	27.330505190382937	21.499811399724074	19.158997783300865	32.010582283975175	1.033426169450889E-4
14.0	31.98278312001695	18.10004598746454	20.486640383194423	29.43001379623936	5.167130847254446E-4
15.0	30.12757646061871	18.804222579328375	19.349458226330665	31.717709307552795	0.0010334261694508891
16.0	30.660307650970648	17.699903374653157	19.072913383385607	32.56491208126863	0.001963509721956689
17.0	30.40515472973322	18.064599469852375	20.52105347463714	31.005782019418078	0.003410306359187934
18.0	31.57830011729387	18.072453508740203	18.326366318574287	32.01523270173771	0.007647353653936579
19.0	30.642946091323868	18.27386826916618	19.824524236427237	31.258661403082712	0.0
20.0	30.328061137492185	18.133425652737802	19.191033994553845	32.34737587259922	1.033426169450889E-4
21.0	30.339945538440872	17.583229560122152	19.063509205243605	33.0129023257256	4.133704677803556E-4
22.0	29.015196531821775	19.21108246224119	19.60295766569697	32.16962657145367	0.0011367687863959779
23.0	30.051619637164073	17.95484961065669	20.235207796167025	31.757496215076653	8.267409355607112E-4
24.0	31.169580067276044	18.041967436741402	18.830988317117153	31.955914039611226	0.0015501392541763335
25.0	29.566529393223824	17.979031783021842	19.647291648366412	32.80694049015403	2.066852338901778E-4
26.0	32.14234412058016	17.937901421477694	19.582702512775732	30.33705194516641	0.0
27.0	29.54348398964507	18.017785264376247	19.898517550159923	32.54010985320181	1.033426169450889E-4
28.0	30.52782241604704	17.905141811906102	19.660312818101495	31.902692591884502	0.004030362060858467
29.0	29.564359198267976	18.558267150999065	19.68873203776139	32.1857480196971	0.002893593274462489
30.0	29.936072058963347	18.309681579741476	19.48572420663627	32.2673853823482	0.0011367723107067417
31.0	30.469416079590843	18.225616933412837	19.72605769240706	31.577255802465565	0.0016534921236936119
32.0	29.06789163381199	18.353941786502283	19.794242723312784	32.78351048163324	4.133747397030936E-4
33.0	29.739075437457885	18.83983233364612	19.295892257005733	32.12426987007511	9.301018151453645E-4
34.0	29.99853248782585	18.07096558167222	19.745479649119908	32.18481558952651	2.066918555141253E-4
35.0	30.544187080792877	17.738647470406626	19.424319055080648	32.29253610934422	3.1028437563026515E-4
36.0	30.89079657113772	17.484363005861674	19.07816738359931	32.546569585917084	1.034534842098947E-4
37.0	29.32191095470128	18.687261164292064	19.30946278327868	32.681158145584625	2.0695214335161066E-4
38.0	30.351823599671278	18.48771329150477	19.487230972731396	31.67219711726556	0.001035018826992463
39.0	29.75473560263916	18.71965004541166	19.78115410864209	31.744356681935066	1.035613720224811E-4
40.0	29.723141396014647	18.68863002188729	19.568063234546642	32.01643102393079	0.0037343236206342128
41.0	29.896010442605164	18.52710213549613	20.41234156298196	31.162986950900635	0.001558908016112873
42.0	29.362558050723557	18.386952101584477	19.192872520975264	33.05595241687678	0.0016649098399293247
43.0	29.43215056541196	18.235993866717777	20.357747018774845	31.971504404129963	0.002604144965458621
44.0	29.57580256386732	18.667585510896853	20.40501430394422	31.35149336513841	1.0425615319816174E-4
45.0	29.964565277728504	18.357085170631336	19.421691976685707	32.25655323242715	1.0434252730122226E-4
46.0	30.325971298820775	17.576992275972394	19.347347338985298	32.749271401884386	4.1768433715062007E-4
47.0	29.734259187669394	18.00129140380609	19.778747839824135	32.483925366054464	0.0017762026459150473
48.0	30.426937254713373	17.92471569228067	18.723641815136734	32.9237643408389	9.408970303198841E-4
49.0	29.673185383260993	17.4350299153749	20.121921237666903	32.7692357586809	6.277050163046378E-4
50.0	29.950179755130772	18.448889205473943	19.52626771363206	32.074558573356015	1.0475240721031769E-4
51.0	30.274034288137496	18.333226618074487	19.235722810439064	32.15701628334895	0.0
52.0	29.901045310831353	17.867081915123077	19.811665184889023	32.419997159195525	2.1042996101784973E-4
53.0	31.474312806003923	17.626564225102893	19.38568805868948	31.500886310743393	0.012548599460304772
54.0	30.295516017242836	18.137520074380863	19.14493702983687	32.420019440453046	0.0020074380863832307
55.0	28.95619367009013	18.15800003810903	18.576564216891192	34.30786591549534	0.0013761594143065533
56.0	29.375396288512885	18.543969734690805	20.621316769975593	31.458893085335365	4.24121485358266E-4
57.0	28.223848415134285	18.688431653362578	19.641569907244723	33.44572536921102	4.246550473968115E-4
58.0	30.69536666691468	17.981681800740425	21.679015914958658	29.643723035289693	2.125820965484108E-4
59.0	29.781970989070878	20.300412556359284	21.057830268608676	28.851590406893823	0.008195779067341629
60.0	31.41409670486724	18.915736538697413	19.67832592963913	29.9915208592196	3.199675766189026E-4
61.0	28.865467912823217	20.843005445608604	19.857599420047496	30.433820298123816	1.0692339687077987E-4
62.0	30.901986708061337	16.558905309156156	21.869134607439236	30.669544118483476	4.29256859792905E-4
63.0	26.64162232179612	19.883852001284545	25.691251937057224	27.781118460613353	0.0021552792487558653
64.0	26.001226819972285	19.581301705755777	18.650260023086716	35.76548048826137	0.0017309629238560229
65.0	27.68320583321203	19.26330929624713	18.921329419611915	34.12639784817745	0.005757602751482311
66.0	26.445052207951043	19.66624845076625	16.94046909217355	36.94103591824188	0.007194330867276585
67.0	33.5924609722046	14.304720973692616	17.855407871644836	34.2454407394602	0.001969442997754835
68.0	34.24042827357744	15.678883303192695	23.0931483970158	26.98742941836865	1.1060784541447525E-4
69.0	32.333884379643806	17.205066012637932	20.298603865454364	30.1624457422639	0.0
70.0	33.26955756472187	16.077206767200618	22.136107376676545	28.51712829140097	0.0
71.0	26.064673989953942	19.87361014527377	26.125236429372478	27.936479435399814	0.0
