# Position (bp)	A	C	G	T	N
0.0	46.98268003646308	11.947736250379824	17.50835612275904	23.561227590398055	0.0
1.0	16.545145218131	46.287519747235386	19.680398590351196	17.486936444282417	0.0
2.0	23.052223433902824	39.91275899672846	13.685932388222465	23.34908518114625	0.0
3.0	46.35621409132144	15.28273359540369	17.586936800725734	20.774115512549137	0.0
4.0	47.33659834330975	15.18834270512123	14.740915412056351	22.734143539512665	0.0
5.0	21.861223503834772	38.885198381544775	14.656682166797511	24.596895947822937	0.0
6.0	21.221632061805888	42.443264123611776	14.684934814099467	21.650169000482858	0.0
7.0	47.94330518697226	12.828709288299155	16.972255729794934	22.255729794933654	0.0
8.0	48.79195035247334	15.60522986081822	14.647225402181116	20.955594384527323	0.0
9.0	21.677100890922222	41.2111726462798	13.020707921984107	24.09101854081387	0.0
10.0	21.16125150421179	12.424789410348977	15.631768953068592	50.782190132370644	0.0
11.0	19.144590616927974	15.282032798702469	13.888388298191867	51.68498828617769	0.0
12.0	21.29446343950573	13.154579809249595	13.172575130466079	52.378381620778605	0.0
13.0	21.257108650104758	37.75516312481293	14.63035019455253	26.357378030529784	0.0
14.0	19.31397155491813	15.537229592446517	44.18549061790367	20.963308234731684	0.0
15.0	45.74746873138773	14.752829064919595	15.967837998808815	23.53186420488386	0.0
16.0	19.347166894583506	14.257684761281883	18.722872941316368	47.672275402818244	0.0
17.0	22.72269305991821	39.6491436022047	14.680258400995674	22.947904936881407	0.0
18.0	20.14435307341892	14.754777258474828	16.15097911613323	48.94989055197303	0.0
19.0	21.723465831905973	43.10436477467368	14.14564999114051	21.026519402279842	0.0
20.0	21.083946980854197	16.100147275405007	13.938144329896907	48.87776141384389	0.0
21.0	20.229276895943563	16.296296296296298	15.925925925925927	47.548500881834215	0.0
22.0	21.772300469483568	12.764084507042254	40.46948356807511	24.99413145539906	0.0
23.0	19.458604324134292	18.011366965488957	15.573914571981016	46.95611413839573	0.0
24.0	48.67752671220879	11.216208326034916	14.38664097623635	25.71962398551994	0.0
25.0	22.75588715318256	12.934250408020517	39.204942877127536	25.104919561669387	0.0
26.0	48.615957199348685	12.578506629448711	14.578971853919517	24.22656431728309	0.0
27.0	19.178957147834165	16.281500406456857	13.807920102194867	50.731622343514104	0.0
28.0	21.3453174833285	38.74746303276312	11.185850971296029	28.72136851261235	0.0
29.0	23.493662094113564	11.633964229901023	13.555594142501592	51.316779533483825	0.0
30.0	21.01698873255882	16.533364469612938	38.78218226399673	23.667464533831513	0.0
31.0	23.40350671436111	12.402509822318654	14.179323286225298	50.01466017709494	0.0
32.0	22.36160188457008	13.280329799764429	13.8339222614841	50.52414605418139	0.0
33.0	21.899408284023668	39.66863905325444	15.402366863905325	23.02958579881657	0.0
34.0	23.79029864038473	13.24585881375052	14.670783114647035	48.29305943121771	0.0
35.0	21.239625007464024	13.680062100674748	13.393443601839136	51.686869290022095	0.0
36.0	23.518496348617262	13.534059619298455	13.450257392553574	49.49718663953071	0.0
37.0	47.23156377612299	15.313475858755703	15.565697814076387	21.88926255104492	0.0
38.0	47.54907864627243	15.47633385523305	13.121763218113935	23.852824280380585	0.0
39.0	48.24959187375295	14.886026966563879	12.55819577967229	24.306185380010884	0.0
40.0	21.37608550434202	40.15910609096982	14.938968846784478	23.525839557903687	0.0
41.0	21.80633147113594	12.482929857231532	43.85474860335196	21.85599006828057	0.0
42.0	50.8752258144895	13.82296144022924	13.187566187005546	22.114246558275713	0.0
43.0	50.9381863821776	15.073737056793224	13.015374960778162	20.97270160025102	0.0
44.0	23.727634823291396	41.1013466523361	12.37276348232914	22.798255042043372	0.0
45.0	28.68752848245481	15.859030837004406	15.35773963238645	40.09570104815434	0.0
46.0	27.46490503715937	16.56482246077622	20.156895127993394	35.81337737407102	0.0
47.0	32.13658707865169	19.048455056179776	18.644662921348313	30.170294943820224	0.0
48.0	27.709991158267023	20.23872679045093	17.824933687002652	34.226348364279396	0.0
49.0	27.170518425983758	18.70259659141608	22.253948425091462	31.8729365575087	0.0
50.0	26.06975907946782	24.442646530025172	18.833153541891406	30.654440848615604	0.0
51.0	27.998911959379818	19.095112884214345	16.801160576661527	36.10481457974431	0.0
52.0	28.57142857142857	17.5789089582193	21.309979930669588	32.53968253968254	0.0
53.0	31.093519882179677	19.348306332842416	20.949926362297496	28.60824742268041	0.0
54.0	29.16240587524403	23.528864925165006	17.755879892163243	29.55284930742772	0.0
55.0	30.51305970149254	17.546641791044777	18.218283582089555	33.72201492537313	0.0
56.0	27.151821672754515	19.38746838999719	20.65186850238831	32.80884143485998	0.0
57.0	31.901667137609497	17.716869172082507	19.157954224357162	31.223509465950833	0.0
58.0	30.10160478587029	19.20995157155066	19.257430443452662	31.43101319912639	0.0
59.0	27.059835595488437	21.324794494360543	20.40718791818008	31.20818199197094	0.0
60.0	28.305705474171166	18.138010794140325	18.14764841942945	35.40863531225906	0.0
61.0	29.961202715809893	17.740058195926288	22.415130940834143	29.88360814742968	0.0
62.0	29.436509489336725	20.00586969281941	20.455879475640774	30.10174134220309	0.0
63.0	35.245416913069185	17.701557263946384	17.97752808988764	29.07549773309679	0.0
64.0	27.97932611072458	19.769406619620316	21.797038067786502	30.4542292018686	0.0
65.0	30.892928485817016	18.24810227726728	20.525369556532162	30.33359968038354	0.0
66.0	27.8892455858748	17.636436597110755	20.826645264847514	33.64767255216694	0.0
67.0	29.183508488278093	16.60266774454325	20.149555375909458	34.064268391269195	0.0
68.0	25.616563483203088	19.608241144828988	20.795696742109	33.97949862985893	0.0
69.0	28.146406297924546	19.64011859728044	21.071465085369596	31.142010019425413	0.0
70.0	29.625064201335388	20.749871597329225	19.404211607601436	30.220852593733948	0.0
71.0	26.89883228273225	20.254211015810686	20.729564947814406	32.11739175364266	0.0
72.0	27.69743002809281	19.17594423056914	19.789824159816877	33.33680158152117	0.0
73.0	28.25177749895441	18.966959431200333	20.70263488080301	32.07862818904224	0.0
74.0	31.160639192598822	16.473927670311188	21.026072329688812	31.339360807401178	0.0
75.0	29.848693259972492	19.75452333086446	20.516347476457515	29.880435932705534	0.0
76.0	30.281090289608176	19.495315161839862	17.876916524701876	32.34667802385008	0.0
77.0	30.359435173299104	19.83311938382542	19.276850663243476	30.530594779632008	0.0
78.0	30.836293186955118	17.84522656334087	19.459692175223335	31.85878807448068	0.0
79.0	30.086393088552914	20.302375809935207	17.958963282937365	31.652267818574515	0.0
80.0	30.196461521762725	18.842939324867036	21.50222511668295	29.45837403668729	0.0
81.0	26.839638068243758	19.05592499727461	17.965769104982012	36.138667829499624	0.0
82.0	31.448608371685292	17.10497479728249	20.534735919351306	30.91168091168091	0.0
83.0	29.47913225415703	19.711485519215945	20.361193701134237	30.448188525492785	0.0
84.0	28.644161593801883	18.15163254012175	20.398450470392916	32.805755395683455	0.0
85.0	31.58129175946548	17.048997772828507	21.08017817371938	30.28953229398664	0.0
86.0	30.73825503355705	18.232662192393736	21.420581655480984	29.60850111856823	0.0
87.0	31.24228481651891	18.134889462462127	21.29951745034227	29.32330827067669	0.0
88.0	33.754370136461034	18.64215630991316	17.46926807262885	30.134205480996958	0.0
89.0	30.316075676900418	17.469128809334993	17.729692987424947	34.48510252633964	0.0
90.0	30.767478934183558	17.39922568890913	18.720109314506946	33.11318606240036	0.0
91.0	28.33809251856082	20.354083380925186	17.875499714448885	33.432324386065105	0.0
92.0	28.94374282433984	17.979334098737084	18.65671641791045	34.42020665901263	0.0
93.0	32.66175454754778	17.649090490444394	17.925397190881878	31.76375777112595	0.0
94.0	29.514450867052023	16.196531791907514	20.439306358381504	33.84971098265896	0.0
95.0	30.47718564959944	17.879948914431672	20.37617554858934	31.266689887379545	0.0
96.0	28.159645232815965	16.769751429571713	20.865912008402383	34.20469132920994	0.0
97.0	30.964943135185834	17.798100597959902	20.03751905264392	31.19943721421034	0.0
98.0	31.169900058788947	20.811287477954142	17.824808935920046	30.19400352733686	0.0
99.0	31.34962805526036	19.045932223403	19.565474081945922	30.038965639390717	0.0
100.0	33.25020781379884	15.045719035743973	19.36824605153782	32.33582709891937	0.0
101.0	33.18562874251497	18.67065868263473	19.005988023952096	29.137724550898202	0.0
102.0	31.676718938480096	16.139927623642944	19.819059107358264	32.364294330518696	0.0
103.0	30.884848484848487	18.55757575757576	20.824242424242424	29.733333333333334	0.0
104.0	27.547537786445638	18.222818137493903	20.758166747927838	33.47147732813262	0.0
105.0	29.95222344726204	18.00808526277104	19.539385030013477	32.50030625995345	0.0
106.0	30.28360049321825	18.076448828606658	19.938347718865597	31.701602959309493	0.0
107.0	30.985740855548666	19.628022318660882	19.008059516429014	30.378177309361437	0.0
108.0	33.34166146158651	19.063085571517803	15.965021861336664	31.630231105559027	0.0
109.0	29.64918898528857	17.704011065006917	21.526467999497044	31.12033195020747	0.0
110.0	26.191079574252406	20.476431829700964	20.75519513431323	32.577293461733404	0.0
111.0	28.688106176620725	19.346605410923942	19.180704441041346	32.78458397141399	0.0
112.0	25.906935008332265	18.72836815792847	21.522881681835663	33.8418151519036	0.0
113.0	28.005675954592363	19.69814241486068	19.014447884416924	33.28173374613003	0.0
114.0	30.543661606331906	16.71207992733878	19.397949915661087	33.346308550668226	0.0
115.0	27.707380796864793	18.07968647942521	20.352710646636186	33.86022207707381	0.0
116.0	28.490665264265054	19.116486983960034	18.49855377333684	33.89429397843807	0.0
117.0	30.038375016540957	18.989016805610692	19.121344448855364	31.851263728992983	0.0
118.0	29.552715654952078	15.082534611288606	23.28274760383387	32.08200212992545	0.0
119.0	23.865006026516674	21.467791616445695	25.61939199142895	29.04781036560868	0.0
120.0	25.911475850935016	21.59289654244585	21.552535988160905	30.94309161845823	0.0
121.0	30.558183538315987	17.786187322611163	18.69171509663468	32.96391404243817	0.0
122.0	27.422204103818455	18.738959097703493	22.51664628346243	31.32219051501563	0.0
123.0	31.765992345544014	18.4117003827228	18.042646254784035	31.779661016949152	0.0
124.0	31.81193291174045	17.52818256805059	19.947759142150122	30.71212537805884	0.0
125.0	27.890592623290512	19.18773311230833	20.016576875259013	32.90509738914215	0.0
126.0	30.20124913254684	19.319916724496878	18.55655794587092	31.92227619708536	0.0
127.0	29.523278505715083	18.497351547253974	21.828826317256762	30.150543629774184	0.0
128.0	29.345846757248918	18.4759770275949	20.9273007424009	31.250875472755286	0.0
129.0	31.172491544532132	18.785231116121757	17.798759864712512	32.2435174746336	0.0
130.0	30.100809314212697	20.204458327417292	17.989493113729946	31.705239244640065	0.0
131.0	30.57024439045305	19.865656710018577	19.794197513219952	29.76990138630842	0.0
132.0	29.613116640299154	18.29426146986912	22.450740687473033	29.641881202358693	0.0
133.0	29.97973364215402	19.5859872611465	19.296467863346844	31.137811233352636	0.0
134.0	26.856309263311452	22.144420131291028	19.11013858497447	31.889132020423048	0.0
135.0	26.104181951577406	16.933235509904623	19.77989728539985	37.18268525311812	0.0
136.0	26.566193853427894	17.449763593380617	22.074468085106382	33.909574468085104	0.0
137.0	28.414162451651293	17.24189229396013	20.157691163344243	34.18625409104433	0.0
138.0	30.750786752585046	17.668215195564212	19.04690543983216	32.53409261201858	0.0
139.0	29.14087271629171	17.846897176506115	20.232523025819116	32.77970708138306	0.0
140.0	29.02097902097902	17.725752508361204	20.62937062937063	32.62389784128914	0.0
141.0	28.70681748700703	17.303576887801896	20.360745949250994	33.628859675940085	0.0
142.0	31.823783117683302	16.31238447319778	19.331484904497845	32.53234750462107	0.0
143.0	32.304590570719604	20.31637717121588	18.207196029776675	29.17183622828784	0.0
144.0	29.82017200938233	17.732603596559812	18.358092259577795	34.08913213448006	0.0
145.0	27.365769170209415	18.453786805227523	19.4772476775311	34.70319634703196	0.0
146.0	30.1187648456057	18.66983372921615	19.113222486144103	32.09817893903404	0.0
147.0	30.696858555254348	17.907829692234092	16.67995535002392	34.71535640248764	0.0
148.0	26.25563425627817	21.6677398583387	20.09014810045074	31.986477784932386	0.0
149.0	29.486345903771134	20.48114434330299	17.425227568270483	32.607282184655396	0.0
150.0	28.810226155358897	17.944936086529005	17.846607669616517	35.39823008849557	0.0
151.0	28.46052196894615	18.74793524942187	20.977865873802447	31.813676907829535	0.0
152.0	28.331112591605596	20.419720186542307	17.588274483677548	33.66089273817455	0.0
153.0	32.08116719771927	19.302364581586453	17.7259768572866	30.89049136340768	0.0
154.0	31.56202403113894	16.41563716364867	20.866474868844136	31.15586393636825	0.0
155.0	30.33612011602116	19.484729568333048	17.096058693055795	33.08309162259	0.0
156.0	32.09494324045408	16.769865841073273	18.317853457172344	32.81733746130031	0.0
157.0	29.857984066505022	17.92518184967094	21.181156910287495	31.03567717353654	0.0
158.0	28.216783216783213	22.185314685314687	17.84965034965035	31.74825174825175	0.0
159.0	36.24646892655367	13.930084745762711	19.33262711864407	30.49081920903955	0.0
160.0	25.809320526503022	19.494841693347563	24.33297758804696	30.362860192102453	0.0
161.0	29.115060132830727	17.46544605995333	21.683719260455934	31.73577454676001	0.0
162.0	30.46860864845305	18.03871901574091	19.77564682467885	31.717025511127193	0.0
163.0	28.21728034998177	18.33758658403208	18.75683558148013	34.688297484506016	0.0
164.0	29.95044962378418	16.553496054321894	20.774454028262067	32.72160029363186	0.0
165.0	30.66962634110248	17.48057713651498	20.08879023307436	31.761006289308174	0.0
166.0	27.082945013979497	19.869524697110904	21.752096924510717	31.295433364398882	0.0
167.0	26.942615239887115	19.040451552210726	22.31420507996237	31.702728127939793	0.0
168.0	27.617602427921096	19.537177541729893	19.347496206373293	33.497723823975726	0.0
169.0	26.81297709923664	18.98854961832061	19.904580152671755	34.29389312977099	0.0
170.0	29.849595063632854	16.775935210181256	18.66563825684535	34.70883146934053	0.0
171.0	29.39346811819596	18.837480559875583	17.671073094867808	34.09797822706066	0.0
172.0	29.709005112072358	19.79944946913095	18.777034998033816	31.714510420762878	0.0
173.0	29.18241495922021	17.008155957827732	19.474835886214443	34.334593196737615	0.0
174.0	29.545454545454547	21.419951729686243	18.141592920353983	30.893000804505228	0.0
175.0	27.77551850345669	18.32045546970313	21.02480683204555	32.879219194794636	0.0
176.0	28.37782340862423	19.24024640657084	19.199178644763858	33.18275154004107	0.0
177.0	28.74350986500519	20.809968847352025	20.31152647975078	30.134994807892003	0.0
178.0	29.093966785789366	18.54109733025016	20.559175951229765	31.805759932730716	0.0
179.0	24.86222975837219	18.33403984739296	25.413310724883427	31.39041966935142	0.0
180.0	29.551790692687113	16.169847737508043	20.844949603259703	33.43341196654514	0.0
181.0	27.85497177594442	18.627876682587928	21.016066000868435	32.50108554059922	0.0
182.0	32.48031496062992	17.475940507436572	19.83814523184602	30.20559930008749	0.0
183.0	26.373868903111898	21.694990068417567	21.341867137497243	30.589273890973296	0.0
184.0	29.05887600356824	19.179304192685105	19.13470115967886	32.6271186440678	0.0
185.0	26.68323542702214	21.599638499774063	24.265702666064165	27.45142340713963	0.0
186.0	30.582857142857144	17.37142857142857	22.125714285714285	29.92	0.0
187.0	31.41735918744229	20.614035087719298	17.95937211449677	30.009233610341646	0.0
188.0	29.869524697110904	18.63932898415657	19.850885368126747	31.640260950605782	0.0
189.0	30.615130803676642	16.851284468536413	20.598633042658495	31.93495168512845	0.0
190.0	30.72705601907032	16.924910607866508	19.642431466030988	32.70560190703218	0.0
191.0	26.069098816139164	21.961826528146897	19.521623580575017	32.44745107513892	0.0
192.0	32.666015625	17.87109375	19.3115234375	30.1513671875	0.0
193.0	29.849642593049055	17.69780626078383	21.986689672171554	30.465861473995563	0.0
194.0	29.227712937670724	20.312888005959774	23.342438539855973	27.116960516513533	0.0
195.0	27.768014059753952	18.478533768516193	20.08536279186543	33.668089379864426	0.0
196.0	28.80407124681934	18.142493638676847	21.374045801526716	31.679389312977097	0.0
197.0	27.34092084842214	20.227625452664252	22.529746508018626	29.90170719089498	0.0
198.0	28.324926997610834	23.12184762410406	18.051499867268383	30.501725511016726	0.0
199.0	29.5747062115277	21.432568550643534	19.138220481253498	29.854504756575267	0.0
200.0	27.956989247311824	14.864010120177104	22.707147375079064	34.471853257432	0.0
201.0	30.59885151763741	17.35028712059065	17.555373256767844	34.4954881050041	0.0
202.0	36.75675675675676	17.33887733887734	17.130977130977133	28.773388773388774	0.0
203.0	33.69839932603201	16.301600673967986	18.997472620050548	31.002527379949452	0.0
204.0	33.16348195329087	16.390658174097663	23.26963906581741	27.176220806794056	0.0
205.0	36.43010752688172	15.010752688172044	23.870967741935484	24.688172043010752	0.0
206.0	30.343926861123204	20.940356987374837	21.419242490204617	27.296473661297345	0.0
207.0	28.339191564147626	23.462214411247803	15.729349736379614	32.46924428822496	0.0
208.0	31.646693297825124	14.780292942743008	20.949844651575678	32.62316910785619	0.0
209.0	25.179533213644522	21.319569120287255	20.73608617594255	32.76481149012567	0.0
210.0	26.46657571623465	17.32605729877217	16.552978626648475	39.6543883583447	0.0
211.0	29.663749424228463	18.240442192538	21.741133118378627	30.354675264854908	0.0
212.0	27.902621722846444	17.088014981273407	25.936329588014985	29.07303370786517	0.0
213.0	27.324209532798488	21.425200566304863	15.62057574327513	35.63001415762152	0.0
214.0	28.18181818181818	26.1244019138756	18.086124401913874	27.60765550239234	0.0
215.0	29.43743937924345	23.375363724539284	17.41028128031038	29.776915615906884	0.0
216.0	32.15686274509804	15.88235294117647	16.372549019607842	35.588235294117645	0.0
217.0	27.463731865932967	17.258629314657327	27.163581790895446	28.114057028514257	0.0
218.0	27.93585100879462	18.365235385411278	16.968442834971547	36.730470770822556	0.0
219.0	17.167630057803468	22.3121387283237	25.606936416184972	34.91329479768786	0.0
220.0	0.0	30.36187113857017	26.037069726390115	43.60105913503972	0.0
