# Position (bp)	A	C	G	T	N
0.0	25.768086208472564	25.149046811363107	24.338557165926932	24.744309814237397	0.0
1.0	25.52229862176134	20.498887861952692	14.906712438680058	39.07210107760591	0.0
2.0	27.568832012340543	19.296812364898464	18.654414077960563	34.47994154480043	0.0
3.0	23.124163252058906	23.214937725668385	15.232869487605988	38.42802953466672	0.0
4.0	32.93924999112806	14.16722855650922	14.701573122569723	38.19194832979301	0.0
5.0	34.676761380624434	15.56167049272542	23.04909010748438	26.71247801916577	0.0
6.0	32.186668693471155	17.88401611309569	20.837070254110614	29.09224493932254	0.0
7.0	34.183523596325074	17.254844362509242	19.87682708183503	28.684804959330652	0.0
8.0	23.62030457881116	26.0431596379898	22.30454842418196	28.03198735901708	0.0
9.0	29.524127837787194	18.57050980153847	16.23596615164912	35.66939620902521	0.0
10.0	26.660826324078247	16.875382955989814	24.496017257705958	31.967773462225978	0.0
11.0	28.01002582409236	18.231302850777254	20.299255658514355	33.45941566661603	0.0
12.0	26.77485505962176	19.63847186004709	20.873946175852552	32.71272690447859	0.0
13.0	26.512002349331404	21.19056419396161	18.32984815420525	33.96758530250173	0.0
14.0	30.36808262872766	18.25983494506607	20.559971647005217	30.812110779201053	0.0
15.0	29.728388811542843	18.979875965067713	19.358055942285787	31.933679281103654	0.0
16.0	29.95373276368275	16.798955190637212	19.04752262741207	34.19978941826797	0.0
17.0	30.131488379625882	17.99032310308527	20.507733419710096	31.370455097578752	0.0
18.0	31.079118487969033	17.580649242213394	18.77843281127445	32.56179945854313	0.0
19.0	29.792046144505164	18.258955676988464	19.28506375227687	32.66393442622951	0.0
20.0	30.427370316784202	17.863249592763843	19.56048848103443	32.148891609417525	0.0
21.0	30.660238964823	17.34923059801908	19.55171332314883	32.43881711400908	0.0
22.0	29.120576200375297	18.034080390877502	19.57321113353464	33.27213227521256	0.0
23.0	29.22784355575337	17.849068627698905	20.258042980189057	32.66504483635867	0.0
24.0	30.045970152272965	19.059154331258185	18.459873468293743	32.4350020481751	0.0
25.0	29.24304561751276	17.886454314220266	19.04092479001583	33.82957527825115	0.0
26.0	31.1395170098297	17.582723190809432	19.831823146312853	31.44593665304802	0.0
27.0	29.651465583932936	18.167982161186423	19.684888077625132	32.49566417725551	0.0
28.0	30.187534445360175	17.55411397685272	19.400638092396992	32.857713485390114	0.0
29.0	29.351986207524178	18.34075706940224	20.07745627916618	32.22980044390739	0.0
30.0	30.13625218028767	18.180944917717838	19.247200384236205	32.435602517758284	0.0
31.0	29.387971787547084	18.40382233233056	19.666809919862477	32.54139596025988	0.0
32.0	29.90195830573435	18.013581226962224	19.520864829880722	32.56359563742271	0.0
33.0	30.481940504543314	17.72121175346248	19.683156100989567	32.113691641004635	0.0
34.0	29.7281033985811	17.701849220515882	19.85649199277909	32.71355538812393	0.0
35.0	29.836360694202842	18.182369836967517	19.996257939237026	31.985011529592622	0.0
36.0	29.516951209644795	17.770450683712273	19.338639857593655	33.373958249049274	0.0
37.0	28.632837390890977	19.07018377853523	19.007980256703313	33.28899857387048	0.0
38.0	29.806958008182917	18.04489983765659	19.636472141162905	32.51167001299759	0.0
39.0	28.64736376280187	18.954608673662914	20.054621317486408	32.34340624604881	0.0
40.0	30.052953404039023	18.206968404974685	19.36111996196661	32.37895822901968	0.0
41.0	29.425331539496447	18.058407598854913	20.816431815652912	31.69982904599573	0.0
42.0	29.85676279879017	18.8201139018987	19.283409369088684	32.03971393022244	0.0
43.0	29.60102374232446	18.559376043215682	19.035841097387028	32.80375911707282	0.0
44.0	29.66893446976403	18.13450011381168	20.763296997900806	31.433268418523486	0.0
45.0	29.374124264635213	19.199660075572485	19.364058050189435	32.06215760960286	0.0
46.0	29.98882071152883	17.770516017745226	19.18082625564655	33.05983701507939	0.0
47.0	29.78071173837165	18.018564888585374	19.737966967650557	32.46275640539242	0.0
48.0	30.08048238847043	18.95610649372986	19.079536429536176	31.883874688263532	0.0
49.0	29.258755267324627	18.325483986827262	19.21530141996449	33.20045932588362	0.0
50.0	29.37968574521687	18.737922033246658	20.17361919119358	31.70877303034289	0.0
51.0	29.796684423264686	18.709687210696455	19.587905277908465	31.9057230881304	0.0
52.0	29.601542026287298	18.59892139106151	19.15998016816586	32.639556414485334	0.0
53.0	30.906607305474047	17.92876656885561	19.570980471516748	31.593645654153597	0.0
54.0	30.583634358336116	18.136376974369874	19.592427323963612	31.6875613433304	0.0
55.0	29.446316364629816	17.628428902447663	18.654949458154995	34.27030527476752	0.0
56.0	28.97384916599633	18.312160719615907	20.30243700072346	32.411553113664304	0.0
57.0	29.000596990761824	18.1348592012466	19.283813455564662	33.58073035242692	0.0
58.0	29.303313938780672	18.149759676195295	18.80951176321781	33.737414621806224	0.0
59.0	29.611264869131404	17.577324542984503	20.495241371982534	32.31616921590156	0.0
60.0	29.494386286246275	18.311989921119608	19.74286711765271	32.450756674981406	0.0
61.0	30.294382545513425	17.3021848467369	19.531558335104286	32.8718742726454	0.0
62.0	29.254667813591055	17.844962809290088	20.286393766128626	32.61397561099024	0.0
63.0	29.22599710558541	18.29705194765765	19.813077491372418	32.663873455384525	0.0
64.0	28.55856083799307	18.434835412291577	19.491941401209424	33.51466234850594	0.0
65.0	29.94914353667485	17.504238038610428	20.557143941502417	31.989474483212305	0.0
66.0	29.981782298466676	18.114467891301047	20.367896361520167	31.53585344871211	0.0
67.0	29.217821681966782	17.474013420916794	19.459317213388527	33.8488476837279	0.0
68.0	30.10116550352485	17.685997257043375	20.023077273440386	32.189759965991385	0.0
69.0	30.172876243686673	17.74916750169536	19.661130173382322	32.41682608123564	0.0
70.0	28.42213405129658	18.136500738881352	19.896151743962427	33.54521346585963	0.0
71.0	29.43837966688429	17.339021909114376	21.06341952234183	32.15917890165951	0.0
72.0	30.123543017364856	18.47426144961864	19.74208307394867	31.660112459067836	0.0
73.0	30.358046686777477	17.363796489381087	19.12062437997287	33.15753244386856	0.0
74.0	29.835803368966634	18.272695983155167	20.208232102364757	31.683268545513442	0.0
75.0	30.424482936656577	17.690501017422733	19.3421678696889	32.54284817623179	0.0
76.0	29.014492313455126	18.406199855228724	19.3300025815857	33.249305249730455	0.0
77.0	29.644590907480246	17.55379732418108	21.226847281912658	31.574764486426016	0.0
78.0	29.62687360476241	18.078735693278055	18.705928209489386	33.58846249247014	0.0
79.0	30.013060381484628	17.613291216134126	18.934515854695665	33.43913254768558	0.0
80.0	30.477328297989743	18.23202741764834	20.04687729387406	31.24376699048786	0.0
81.0	30.0402460323487	18.551649074847496	19.392006479864328	32.01609841293948	0.0
82.0	29.66491674808766	17.92611867384184	18.54677446300112	33.86219011506938	0.0
83.0	30.016503989307846	18.314871815641325	19.550139727026043	32.11848446802479	0.0
84.0	30.992846402697406	17.769576201252512	19.053477316565665	32.18410007948441	0.0
85.0	29.705496686394728	17.308208324262473	18.897928806848963	34.088366182493836	0.0
86.0	30.16257157756705	17.42923250621478	20.383468429926133	32.02472748629204	0.0
87.0	29.82517429408995	18.186328862696254	19.964963976689905	32.023532866523894	0.0
88.0	29.216623460790668	17.573314970836034	19.08163885288399	34.12842271548931	0.0
89.0	29.496260816291397	18.422504974607982	20.20475638344734	31.876477825653282	0.0
90.0	30.553924050632915	18.243544303797467	19.102278481012657	32.10025316455696	0.0
91.0	29.882275500645587	18.275399377199424	19.291627636142685	32.550697486012304	0.0
92.0	28.81173128629949	18.521537908440468	20.790018684584965	31.876712120675077	0.0
93.0	29.953261326406082	18.663567634354695	19.45706169201088	31.926109347228344	0.0
94.0	30.450832746773077	17.525407764876267	19.28964598767464	32.734113500676024	0.0
95.0	30.189644258766933	18.00278516267882	20.521585010760855	31.28598556779339	0.0
96.0	29.566366707010143	18.718191531921143	19.371958414146885	32.34348334692182	0.0
97.0	29.633455886076593	18.321635116931525	19.25192184983744	32.79298714715445	0.0
98.0	28.547915790966314	18.06128805181783	20.895265394179106	32.495530763036754	0.0
99.0	29.385280771412365	18.9687829187262	19.093874078275665	32.55206223158577	0.0
100.0	29.508329782269026	18.087092388547312	19.540999573872284	32.863578255311374	0.0
101.0	29.964484053390784	18.50589137912638	20.03272141576014	31.496903151722698	0.0
102.0	30.130590840821732	17.602016139296897	19.74492783137744	32.522465188503936	0.0
103.0	29.095602752934813	17.641026687550063	19.34196899121979	33.92140156829534	0.0
104.0	30.021937337962846	18.02850319855592	19.596843886948562	32.352715576532674	0.0
105.0	29.666680332909678	18.384342585379855	19.410848263703826	32.53812881800664	0.0
106.0	29.48220679876498	18.035684012062493	19.50496524584774	32.97714394332479	0.0
107.0	29.699614150228985	17.584755585548923	20.495886501439852	32.21974376278224	0.0
108.0	29.270533819953847	18.53425357609296	20.44374009508716	31.751472508866023	0.0
109.0	28.718383905286256	18.138634764250526	19.855010969905205	33.28797036055802	0.0
110.0	29.327369135796072	17.435429614003077	21.29902710323487	31.93817414696598	0.0
111.0	29.023798767220743	18.75444636579375	19.920757323196916	32.30099754378859	0.0
112.0	29.09065365122644	17.50632213214557	19.302015797525264	34.101008419102726	0.0
113.0	29.921042201222438	17.993929532511423	20.305818052861046	31.779210213405097	0.0
114.0	30.39690880665924	18.37095365824327	18.796567896974164	32.435569638123326	0.0
115.0	29.458355829764482	17.54407116385614	19.992032331958214	33.00554067442116	0.0
116.0	30.09186268945366	17.55586386664144	20.663324294212863	31.688949149692043	0.0
117.0	29.85208332235507	18.352312548414123	19.780891504934946	32.01471262429585	0.0
118.0	29.654651482177947	17.59597709649475	19.817659363181136	32.93171205814617	0.0
119.0	30.538586145196984	18.090861928407325	19.699103238716372	31.671448687679327	0.0
120.0	29.583472600232376	18.58801933289829	19.553072625698324	32.275435441171005	0.0
121.0	29.03568845973882	17.921859713301288	19.556871836318006	33.48557999064188	0.0
122.0	29.845742185834297	17.95179310050744	20.256065839409835	31.946398874248434	0.0
123.0	28.77269278852832	18.577900776817295	19.505914282966653	33.14349215168774	0.0
124.0	29.496772811269718	17.77390931733576	19.02996866547042	33.6993492059241	0.0
125.0	29.074639051220352	18.285922997593676	19.96551650051564	32.673921450670335	0.0
126.0	29.17800175615327	18.146557993460213	19.893014711823866	32.78242553856265	0.0
127.0	30.15469905818911	17.787419827199585	18.878364285752884	33.179516828858425	0.0
128.0	29.12912262070535	17.908442195263355	21.00552120978972	31.95691397424158	0.0
129.0	29.750067916327083	18.59060038033143	18.65580005433306	33.00353164900842	0.0
130.0	30.097452295222165	17.57682062567751	19.31124269380151	33.014484385298815	0.0
131.0	29.882766641731145	18.051316213367986	20.061810974178083	32.004106170722785	0.0
132.0	30.831941744915	18.326261326617207	18.78124230063785	32.060554627829944	0.0
133.0	29.855743896012648	18.26695064113824	19.636505357456528	32.24080010539259	0.0
134.0	30.128455723244812	17.660597184215305	20.122344027882548	32.088603064657335	0.0
135.0	29.015212169735786	18.232517048121256	20.122028657408684	32.63024212473427	0.0
136.0	28.237699015034845	18.538728298082145	19.76965775507717	33.45391493180585	0.0
137.0	30.69488520471964	17.652518493405733	22.86957633288686	28.783019968987766	0.0
138.0	29.968992593914518	20.372311947889713	19.805144106362096	29.853551351833673	0.0
139.0	30.42296224610238	19.332300308229332	19.13147575281238	31.113261692855904	0.0
140.0	28.843607638966812	20.941518368079713	19.935593904984177	30.2792800879693	0.0
141.0	31.086479491363306	17.262139199909974	20.500759579136894	31.15062172958983	0.0
142.0	26.831456869550497	19.982505149693843	23.835887017128023	29.35015096362764	0.0
143.0	26.7481884057971	19.270833333333336	19.286684782608695	34.69429347826087	0.0
144.0	27.204128909177626	19.52317685267198	18.06340987031864	35.209284367831756	0.0
145.0	26.836290249019427	19.52419501961142	16.68509988141932	36.95441484994983	0.0
146.0	33.365964803810435	14.246213031978842	19.602926527668053	32.784895636542664	0.0
147.0	33.87240287503756	16.575955071760383	21.862649934132982	27.688992119069077	0.0
148.0	31.73159227622359	16.80234239871546	20.74097249688605	30.725092828174898	0.0
149.0	32.27778302927183	17.193811639411415	23.099851907867787	27.42855342344897	0.0
150.0	26.284989759094902	18.926167950843656	26.319126109431384	28.469716180630062	0.0
