# Position (bp)	A	C	G	T	N
0.0	34.81662037299473	17.045518961510115	21.4500311773709	26.687829488124255	0.0
1.0	23.608434417866455	27.33817027547897	23.738805124135588	25.314590182518987	0.0
2.0	29.642796681902826	22.92760002257209	17.628801986343888	29.800801309181196	0.0
3.0	31.15742044494509	19.60574486060265	21.53196282737257	27.704871867079696	0.0
4.0	33.55855855855856	17.94481981981982	18.22635135135135	30.270270270270274	0.0
5.0	27.63646595385481	21.81204276871131	18.531232414181204	32.02025886325267	0.0
6.0	27.627137713771376	24.122412241224122	19.936993699369935	28.313456345634563	0.0
7.0	34.55741761331684	18.88426498706557	18.226296254639525	28.33202114497807	0.0
8.0	33.837333483221855	18.188971952110617	18.076555561800912	29.89713900286662	0.0
9.0	27.836152160476484	22.357700736079114	18.244647974377703	31.561499129066696	0.0
10.0	26.365729043849306	16.298916399977543	19.830441861770815	37.504912694402336	0.0
11.0	25.894760462246158	18.809603949287556	19.527656232469425	35.76797935599686	0.0
12.0	26.350025234116526	17.187237144619523	19.906914147928	36.555823473335955	0.0
13.0	28.553811659192824	21.79932735426009	19.71412556053812	29.932735426008968	0.0
14.0	26.15005323023477	18.47369305765675	25.86989409984871	29.506359612259764	0.0
15.0	29.89586832381592	19.38752659276677	20.596797671033478	30.11980741238383	0.0
16.0	25.720521573675082	18.954614136213554	19.52543511108624	35.799429179025125	0.0
17.0	29.223539941821436	21.16804654285075	18.941597672857462	30.666815842470353	0.0
18.0	25.483834880859156	19.767311779841144	19.95189618525562	34.79695715404408	0.0
19.0	27.280353447793747	24.232425479559307	18.958671215256416	29.528549857390523	0.0
20.0	27.01207243460765	18.376928236083163	19.38296445338699	35.2280348759222	0.0
21.0	26.37430167597765	18.88826815642458	21.43016759776536	33.3072625698324	0.0
22.0	27.956208456683235	18.108696866446962	23.711109869854212	30.223984807015587	0.0
23.0	26.43954202736666	18.88299357721307	19.743088522759006	34.93437587266126	0.0
24.0	33.19562304600268	16.502903081732917	19.020768200089325	31.28070567217508	0.0
25.0	28.50524670685421	18.03415941058272	21.533824514400536	31.92676936816254	0.0
26.0	32.730722017631955	17.15768329427519	18.117397611873677	31.994197076219173	0.0
27.0	27.33359370641076	19.120682921385928	16.202644646543547	37.343078725659765	0.0
28.0	27.688876498466687	21.695009757457484	15.85168664622247	34.764427097853364	0.0
29.0	29.80549517917851	15.253859443794237	16.557989187984173	38.38265618904308	0.0
30.0	27.84144909710963	18.035444736400738	21.38424554145469	32.738860625034945	0.0
31.0	30.455232655803798	14.73766728260261	17.666162719077217	37.14093734251638	0.0
32.0	27.940188172043012	17.529121863799283	17.148297491039425	37.38239247311828	0.0
33.0	28.585037825721493	23.244606332305967	17.33258615858784	30.837769683384703	0.0
34.0	29.25162446784674	16.944880125476136	19.902531929195607	33.90096347748152	0.0
35.0	26.57075418680454	22.473867595818817	17.92177138361245	33.03360683376419	0.0
36.0	29.383326774973302	15.644499409747597	18.07296643993479	36.89920737534431	0.0
37.0	34.58680477369962	18.413645575320874	18.233505967124522	28.766043683854985	0.0
38.0	32.103424966201	19.823118521856692	16.47138350608382	31.602073005858493	0.0
39.0	34.011611521334764	18.612254100670764	16.616876162561297	30.759258215433178	0.0
40.0	26.87729196050776	23.170662905500706	18.623413258110013	31.328631875881523	0.0
41.0	27.173114939282687	16.520756848347926	25.7780288054222	30.52809940694719	0.0
42.0	33.95788520321521	17.264802445375295	18.764859051284954	30.01245330012453	0.0
43.0	34.24471042033014	18.63974133529979	17.493902093141983	29.62164615122809	0.0
44.0	29.72403982930299	22.9701280227596	16.47795163584637	30.82788051209104	0.0
45.0	31.913886917435537	17.027442630707355	18.97918145256683	32.07948899929028	0.0
46.0	30.45863899326057	17.200453271306735	19.532414862527585	32.80849287290511	0.0
47.0	30.26024528866288	17.529165420281185	19.204307508226144	33.006281782829795	0.0
48.0	27.365269461077844	18.904191616766468	18.50299401197605	35.227544910179645	0.0
49.0	28.9727463312369	18.149146451033243	19.61066187481282	33.26744534291704	0.0
50.0	28.247064462017736	21.675053918044572	18.338126048406423	31.739755571531276	0.0
51.0	29.71223021582734	19.190647482014388	18.0515587529976	33.045563549160676	0.0
52.0	29.016383604392963	17.90193842645382	19.804356958530878	33.27732101062234	0.0
53.0	29.407874962428615	19.873760144274122	20.07814848211602	30.640216411181243	0.0
54.0	27.521995902133302	23.23731469205737	18.476557791973004	30.764131613836327	0.0
55.0	30.274344287006333	18.54687971058185	18.191136569189027	32.987639433222796	0.0
56.0	27.663810787981173	18.73416194038856	20.01327380234102	33.58875346928925	0.0
57.0	29.991544872569154	18.003382050972338	19.978258243749245	32.02681483270926	0.0
58.0	31.172914147521162	18.52478839177751	18.30713422007255	31.995163240628777	0.0
59.0	28.582672398135255	19.373978325361747	20.136828721922868	31.90652055458013	0.0
60.0	29.434236856467166	17.433751743375176	19.835061548723544	33.296949851434114	0.0
61.0	30.654364453077577	17.991987374043948	20.523248755614908	30.830399417263564	0.0
62.0	28.892670475264374	19.271909566062963	21.429439649933148	30.405980308739515	0.0
63.0	32.29318734793188	18.42457420924574	18.91119221411192	30.371046228710462	0.0
64.0	28.554033485540337	18.8675799086758	21.56468797564688	31.013698630136986	0.0
65.0	30.765949667905673	18.79227347510816	19.90128572299068	30.54049113399549	0.0
66.0	29.176570975803013	17.583958066678857	21.283598464070213	31.955872493447917	0.0
67.0	28.149774362727165	18.733991950237833	19.55726308086352	33.558970606171485	0.0
68.0	26.48368405001525	19.86581274778896	20.494053064958827	33.156450137236966	0.0
69.0	27.411972905351806	20.83358759992677	21.327881857570024	30.4265576371514	0.0
70.0	27.28160673951529	20.822904584579696	19.357792564556497	32.53769611134851	0.0
71.0	28.2494502809675	19.704373320302956	19.78377718055216	32.26239921817737	0.0
72.0	28.525151274371986	18.324063321312877	21.673491840352057	31.477293563963084	0.0
73.0	28.932240704500977	18.639921722113503	20.83537181996086	31.59246575342466	0.0
74.0	29.94250061169562	18.06337166625887	20.999510643503793	30.99461707854172	0.0
75.0	29.955947136563875	18.47161037689672	21.56142927068037	30.011013215859027	0.0
76.0	29.601518026565465	19.171206463855054	18.99981636775418	32.22745914182531	0.0
77.0	28.31078185269087	19.89224269883059	18.85140513071695	32.945570317761586	0.0
78.0	28.616063223672118	19.469460270783557	19.43270232187711	32.48177418366722	0.0
79.0	28.363792469029804	20.593646510486938	18.250950570342205	32.79161045014105	0.0
80.0	28.968521813830765	18.04626618396024	20.733877400748604	32.25133460146039	0.0
81.0	26.72683735494566	17.817891569963777	20.45189414870756	35.003376926383005	0.0
82.0	30.28683741784903	17.597199189238992	20.34887291935385	31.767090473558135	0.0
83.0	29.05226951661446	18.143848657944844	22.467907376696765	30.335974448743936	0.0
84.0	28.03514376996805	17.57802899975424	21.467190956008846	32.91963627426886	0.0
85.0	29.70315284862639	17.411345338332	21.73191567820048	31.153586134841127	0.0
86.0	30.132776001967056	17.752643225965084	21.336365871649864	30.778214900418	0.0
87.0	31.86624047209245	17.568232112121958	21.05360216375707	29.51192525202852	0.0
88.0	32.25330464186904	18.512142637565322	17.38087918844144	31.853673532124194	0.0
89.0	31.703266285292493	17.20489635234053	18.24444854524205	32.84738881712493	0.0
90.0	30.050442913385826	17.089074803149607	19.666584645669293	33.193897637795274	0.0
91.0	28.93182377553532	19.65296578882599	17.493231602264338	33.921978833374354	0.0
92.0	29.25283111767602	17.48522895125554	19.510093549975384	33.75184638109306	0.0
93.0	31.544285098787466	17.81251923432018	19.28356004185388	31.359635625038468	0.0
94.0	30.131165712174397	16.87911817230125	18.597204261346143	34.39251185417822	0.0
95.0	31.11644805714638	16.823696040396577	19.83496520721719	32.22489069523986	0.0
96.0	30.0240192153723	17.275358748537293	20.49023834452177	32.21038369156864	0.0
97.0	30.686787804126887	18.269171542962734	18.995996304280872	32.0480443486295	0.0
98.0	32.265615375138594	19.1203646667488	18.664531230750278	29.94948872736233	0.0
99.0	30.62041771917935	18.85281251925328	20.325303431704764	30.20146632986261	0.0
100.0	31.880024737167595	16.376004947433522	18.985776128633272	32.758194186765614	0.0
101.0	32.25385380407758	18.678518150174042	19.39955246146196	29.668075584286424	0.0
102.0	32.28282576135796	17.62356465302047	19.626809785322017	30.466799800299547	0.0
103.0	29.477705410821642	20.046342685370742	19.92109218436874	30.554859719438877	0.0
104.0	28.812173803684836	17.79538451864428	19.279381248820975	34.1130604288499	0.0
105.0	29.788309636650865	18.06003159557662	19.766192733017377	32.38546603475513	0.0
106.0	31.171468460464524	19.545627617717983	18.37796674704912	30.90493717476837	0.0
107.0	29.759550991772432	18.655526500414567	19.14662924931437	32.43829325849863	0.0
108.0	33.63013259880853	18.723976683108067	17.12894753699315	30.516943181090255	0.0
109.0	28.926045016077172	17.562700964630228	20.945337620578776	32.56591639871383	0.0
110.0	27.00729927007299	19.023318907047347	20.334603707770814	33.634778115108844	0.0
111.0	30.734331453755914	19.22354008684944	19.26242789552142	30.779700563873224	0.0
112.0	28.08513407966675	18.71908357198646	20.203072116636292	32.99271023171049	0.0
113.0	28.88351102099549	18.006409837137813	17.875596834325332	35.23448230754137	0.0
114.0	30.80562491786043	16.644762780917336	20.600604547246682	31.949007753975557	0.0
115.0	26.156994784445764	19.924737571796395	19.198521159305475	34.719746484452365	0.0
116.0	29.107202124128772	18.400265516096916	18.360438101559907	34.1320942582144	0.0
117.0	29.592856666888785	18.304791097487836	19.69747451189445	32.40487772372892	0.0
118.0	29.359764264666488	17.519421376908653	21.323332440396463	31.797481918028396	0.0
119.0	25.72062084257206	19.733924611973393	23.671302828730767	30.87415171672378	0.0
120.0	26.667565927025024	20.010791124300262	21.690159843528697	31.631483105146017	0.0
121.0	30.731178423798877	17.544216304126856	19.651690723046688	32.07291454902758	0.0
122.0	27.034013605442176	17.782312925170068	20.394557823129254	34.78911564625851	0.0
123.0	29.94192005466348	17.18483088486505	19.610522719508026	33.26272634096345	0.0
124.0	31.847177447012825	17.127374991426024	20.06996364634063	30.955483915220523	0.0
125.0	28.014330990767533	18.706076891277387	18.89210417527904	34.38748794267604	0.0
126.0	30.042918454935624	19.410217361207255	18.52415893672989	32.022705247127234	0.0
127.0	30.222531293463145	18.045897079276774	21.029207232267037	30.702364394993047	0.0
128.0	29.338091239854464	19.143576826196472	19.780296669465436	31.738035264483628	0.0
129.0	30.39250229018392	18.441265590867452	18.610386864914382	32.555845254034246	0.0
130.0	30.350939383197446	18.291386033321515	17.75257001063453	33.60510457284651	0.0
131.0	30.14401825181805	18.99329816055896	20.333666048766577	30.52901753885641	0.0
132.0	29.769842976984297	17.12196171219617	21.725102172510216	31.383093138309313	0.0
133.0	29.504179878927644	19.025655808590372	18.982415681752666	32.48774863072932	0.0
134.0	27.027614698847575	19.736174530695077	19.837645865043125	33.39856490541422	0.0
135.0	28.485113197932595	16.24808910242411	21.445730508844726	33.82106719079857	0.0
136.0	27.12112346401404	18.592744294909302	19.850789935634875	34.43534230544178	0.0
137.0	29.955882352941178	16.426470588235293	19.154411764705884	34.463235294117645	0.0
138.0	29.689578713968956	18.802660753880264	19.238728750923872	32.2690317812269	0.0
139.0	30.042344550924895	18.39387861228735	19.07733452195231	32.48644231483545	0.0
140.0	29.003811374336745	18.61594798595023	20.708467229653987	31.67177341005904	0.0
141.0	29.428120538062675	18.411362440820618	19.88427143608627	32.27624558503043	0.0
142.0	31.964299220936386	17.857953256183347	18.357159065123668	31.8205884577566	0.0
143.0	32.65166489280827	20.624904971871675	18.724342405351983	27.99908772996807	0.0
144.0	30.736890383733375	18.949701880446415	17.917749579574988	32.39565815624522	0.0
145.0	30.08223810621782	19.698716470678658	17.669664130351244	32.54938129275229	0.0
146.0	30.013136542771036	18.800710918785256	17.71115060659918	33.475001931844524	0.0
147.0	29.21618892255108	18.457236075506874	18.573759030529015	33.752815971413035	0.0
148.0	29.64380565536635	18.356506795813154	20.23121387283237	31.76847367598813	0.0
149.0	28.37487223838352	19.608459784574258	18.507744319521972	33.50892365752024	0.0
150.0	28.399936818827985	17.722318749012793	19.428210393302795	34.44953403885642	0.0
151.0	29.130538541086626	19.290430355580305	21.454140482061888	30.124890621271177	0.0
152.0	30.093892945991495	18.47363774977931	16.94085546906348	34.491613835165715	0.0
153.0	30.27123022279625	18.67129480142073	19.857927026154343	31.199547949628677	0.0
154.0	30.86720207674211	18.23639166058246	19.047619047619047	31.84878721505638	0.0
155.0	28.89324191968658	21.26183480248123	18.201110022853413	31.64381325497878	0.0
156.0	31.123872026251025	17.63740771123872	20.615258408531584	30.62346185397867	0.0
157.0	30.7227919285478	20.054581541515052	19.434336751571287	29.78828977836586	0.0
158.0	27.29846768820786	22.435043304463694	18.854097268487674	31.41239173884077	0.0
159.0	33.24092741935484	15.910618279569894	20.07728494623656	30.77116935483871	0.0
160.0	27.04737732656514	18.578680203045685	21.85279187817259	32.52115059221658	0.0
161.0	28.99897680763984	16.7462482946794	20.45532060027285	33.79945429740791	0.0
162.0	30.89940726741689	18.15995189416717	20.771411390773988	30.169229447641953	0.0
163.0	28.72331230011237	17.641974241507477	18.748379289480507	34.886334168899644	0.0
164.0	28.273525067338607	17.455904075071683	20.01042662264315	34.260144234946566	0.0
165.0	29.378383097607824	16.134101623886853	20.76130609394098	33.72620918456434	0.0
166.0	27.268741779921086	20.140289346777728	20.04384042086804	32.54712845243314	0.0
167.0	28.033841544020444	17.899004142063983	21.600423019300255	32.466731294615315	0.0
168.0	28.497915003105312	18.312483364386477	20.282140005323395	32.90746162718481	0.0
169.0	27.51540041067762	19.034014820105348	19.605392375680744	33.845192393536294	0.0
170.0	28.023704767890816	18.029990123013377	18.236508934183355	35.709796174912455	0.0
171.0	30.150117561946104	17.751853861457768	18.149755832881173	33.94827274371496	0.0
172.0	28.033130062801494	20.269409301902247	17.411486301993264	34.285974333302995	0.0
173.0	28.5360938072554	17.323195309637228	19.686698424331254	34.454012458776106	0.0
174.0	30.84929992630803	19.509948415622695	18.680913780397937	30.95983787767133	0.0
175.0	29.482662710921563	17.865751900611905	20.165028740960505	32.48655664750603	0.0
176.0	28.52339590921827	17.353133464088913	19.09031474736154	35.03315587933128	0.0
177.0	27.28984279393768	19.344817848065517	19.98493834133484	33.380401016661956	0.0
178.0	27.062393324483214	20.064479423478097	20.329982931917314	32.54314432012138	0.0
179.0	27.949183303085302	18.855669118349415	20.9666634826631	32.22848409590219	0.0
180.0	29.744033872209393	16.416474210931487	19.948036951501155	33.89145496535797	0.0
181.0	29.513754358775667	18.44246416117784	18.926772568771792	33.117008911274695	0.0
182.0	29.37097089275249	18.55831217034577	19.63274076968158	32.437976167220164	0.0
183.0	28.91471341343313	20.326964742958438	20.011818002757533	30.7465038408509	0.0
184.0	31.346841477949937	19.835121176003177	18.017481128327372	30.800556217719503	0.0
185.0	29.46062243570499	20.264184929450614	19.473631542079456	30.801561092764935	0.0
186.0	29.587295164879627	19.14829051183492	19.977746307910177	31.28666801537528	0.0
187.0	30.456541721989584	21.948728424062917	17.250536206720458	30.344193647227048	0.0
188.0	29.246646026831787	19.32920536635707	17.987616099071207	33.43653250773993	0.0
189.0	30.201482409437315	19.219125169641927	19.709781814385636	30.86961060653513	0.0
190.0	31.858967592103877	19.149160772722475	17.808508392272778	31.183363242900874	0.0
191.0	29.350843476404016	19.666880204996797	18.14008114456545	32.84219517403374	0.0
192.0	31.59029649595687	18.99730458221024	18.080862533692724	31.33153638814016	0.0
193.0	30.958605664488015	17.973856209150327	19.11764705882353	31.94989106753813	0.0
194.0	29.82842058952926	19.2696876374835	20.842498900131982	30.059392872855256	0.0
195.0	29.615213523131672	20.240213523131672	19.22820284697509	30.916370106761565	0.0
196.0	30.679262258209626	19.410706252811515	18.66846603688709	31.24156545209177	0.0
197.0	29.02305409723807	19.84706687970783	20.63455832001826	30.495320703035837	0.0
198.0	29.225229411081425	21.09420374027181	19.560924613776283	30.119642234870486	0.0
199.0	28.357482040667236	22.03823207110678	18.6046511627907	30.99963472543529	0.0
200.0	24.106129398410896	18.998297389330308	21.63734392735528	35.25822928490352	0.0
201.0	30.372608257804636	18.52970795568983	20.584088620342396	30.513595166163142	0.0
202.0	30.714285714285715	19.163265306122447	20.46938775510204	29.653061224489797	0.0
203.0	30.99669148056245	19.272125723738625	19.561621174524397	30.169561621174523	0.0
204.0	31.977471839799747	19.065498539841467	22.361284939507716	26.595744680851062	0.0
205.0	29.535864978902953	17.72151898734177	24.367088607594937	28.375527426160335	0.0
206.0	28.37694107636673	22.037864284194853	20.633907679217188	28.95128696022123	0.0
207.0	28.39373793695046	18.078490242333263	21.338194295517905	32.189577525198374	0.0
208.0	28.31743278404163	17.259323503902863	21.96444058976583	32.45880312228968	0.0
209.0	26.596445029624753	19.22317314022383	20.166776387974544	34.01360544217687	0.0
210.0	28.74331550802139	17.46880570409982	21.79144385026738	31.996434937611408	0.0
211.0	30.342651036970242	18.48512173128945	19.589720468890892	31.582506762849416	0.0
212.0	26.05042016806723	17.397229161935044	23.68839427662957	32.86395639336816	0.0
213.0	30.00460193281178	20.363552692130696	18.9369535204786	30.69489185457892	0.0
214.0	29.851439182915506	22.841225626740947	19.405756731662024	27.901578458681524	0.0
215.0	28.00844475721323	18.7192118226601	19.422941590429275	33.84940182969739	0.0
216.0	30.558858501783593	18.644470868014267	20.998810939357906	29.79785969084423	0.0
217.0	25.066926259430517	20.321246045266488	23.777074714042346	30.83475298126065	0.0
218.0	26.56641604010025	19.974937343358395	18.847117794486216	34.611528822055135	0.0
219.0	21.75497617045136	23.100644799551443	24.726661059714043	30.417717970283153	0.0
220.0	14.049936521371139	23.952602623783324	22.683030046550996	39.314430808294546	0.0
