# Position (bp)	A	C	G	T	N
0.0	25.305370874321937	30.905219157394843	20.914167211409872	22.875242756873345	0.0
1.0	31.658291597261297	17.045169664792954	19.213987665806876	32.08255107213888	0.0
2.0	32.916688727366065	22.002117272737603	21.33375431153847	23.747439688357854	0.0
3.0	27.66715592935286	30.506518056002395	16.309265567459565	25.517060447185173	0.0
4.0	35.48907096150976	19.293006395672556	18.488053756032603	26.729868886785084	0.0
5.0	35.93766133620983	17.977824303631724	21.607133834084312	24.47738052607413	0.0
6.0	25.799119901264163	19.896032653383198	20.974052261408936	33.3307951839437	0.0
7.0	26.12710501254853	23.84912127491626	23.436779286712067	26.586994425823146	0.0
8.0	37.520724575144506	18.86812871194323	18.135830785261565	25.475315927650705	0.0
9.0	29.24242982819052	21.475843857227318	21.58701550149444	27.694710813087724	0.0
10.0	25.549698125215947	27.104267293869	24.623004490595513	22.723030090319536	0.0
11.0	30.48696979716731	22.762942083501116	19.390590710530997	27.359497408800582	0.0
12.0	24.449574149341867	28.50102586522179	15.610851398588524	31.438548586847816	0.0
13.0	31.870013174598327	23.816930885708178	17.305865531848063	27.007190407845428	0.0
14.0	29.76158578286199	17.69046738366925	17.05918092490008	35.48876590856867	0.0
15.0	30.65733272509564	17.968110032161384	26.002706548747035	25.37185069399594	0.0
16.0	27.87495916783294	22.710068047708862	22.06974883347369	27.34522395098451	0.0
17.0	26.326297371265213	21.302061543422933	17.741426759753164	34.6302143255587	0.0
18.0	30.81343783298917	19.821421812201798	22.732732626423896	26.632407728385132	0.0
19.0	24.131110567810378	20.263532317530363	20.53959927275143	35.06575784190783	0.0
20.0	25.274337911574918	21.135655789690873	17.604962117768363	35.98504418096585	0.0
21.0	29.5752262340304	21.113171309733854	21.257902304129406	28.05370015210634	0.0
22.0	26.43284051160582	25.703036248042565	22.37504064520781	25.4890825951438	0.0
23.0	26.28540119197151	20.826827874188705	17.511648614612653	35.376122319227136	0.0
24.0	36.20952092886368	16.06462942340971	16.577793638678646	31.14805600904797	0.0
25.0	36.36221230064571	20.53002141113319	17.914616001538185	25.19315028668292	0.0
26.0	29.597836638469005	16.050505627295987	28.412120915485872	25.939536818749133	0.0
27.0	33.691635436672534	18.870157538373196	22.785778915567	24.65242810938727	0.0
28.0	34.45623010490204	14.906229697145978	20.770876430883987	29.86666376706799	0.0
29.0	31.963097623110983	19.132691403968394	18.280608857146664	30.623602115773963	0.0
30.0	30.62757937629648	21.541624447160025	16.91127706578415	30.919519110759342	0.0
31.0	28.538870063284655	22.99100511512219	22.301813138082206	26.168311683510954	0.0
32.0	26.60304230319797	22.5440467476255	15.43247343223913	35.4204375169374	0.0
33.0	27.182161008575413	18.047022743724604	22.810186983540437	31.960629264159547	0.0
34.0	24.608707825843485	25.57735253061929	18.353959134409546	31.459980509127682	0.0
35.0	25.173944249553255	21.480745555545262	16.407137722645096	36.93817247225639	0.0
36.0	26.990681738058065	15.967426089221886	27.2942086304315	29.747683542288545	0.0
37.0	25.25826456177479	29.489799018535816	20.432262466809416	24.819673952879974	0.0
38.0	29.890269742114683	18.159397059953672	16.99619594453654	34.9541372533951	0.0
39.0	29.60958357416123	17.234359948256404	20.836484738392095	32.319571739190266	0.0
40.0	31.416002594194797	16.177150387404357	21.831225550058992	30.57562146834185	0.0
41.0	29.71039266156955	15.61255835489401	24.576461990973005	30.100586992563432	0.0
42.0	24.373641794379694	18.09191567738335	29.808460260903004	27.725982267333954	0.0
43.0	24.834423379993794	23.412635466413388	27.302800544379757	24.450140609213065	0.0
44.0	27.685673161782105	23.99147533498704	16.727441793130712	31.595409710100142	0.0
45.0	28.534103149399755	22.24576815104617	15.312791262271386	33.907337437282685	0.0
46.0	27.30482889901818	21.039439932491263	20.071490364962116	31.58424080352844	0.0
47.0	28.38881892204847	18.641773109542843	18.60589427572828	34.36351369268041	0.0
48.0	28.881941685821733	20.77944771608514	21.691333670080397	28.647276928012726	0.0
49.0	30.889173385939017	22.975914209501678	17.692882807107623	28.442029597451686	0.0
50.0	28.20623629592039	19.038730659141372	20.186650516315698	32.568382528622536	0.0
51.0	29.347232756156945	26.341841109096826	17.629043487945896	26.681882646800332	0.0
52.0	31.857621097219376	18.17289611928164	17.011285842137685	32.9581969413613	0.0
53.0	27.135716666955613	23.44959163842842	21.905812384736652	27.50887930987932	0.0
54.0	25.059033181451596	22.239751546066408	21.05404198048163	31.647173292000364	0.0
55.0	29.06595878854962	25.708159217690245	17.712084716681996	27.51379727707814	0.0
56.0	28.299386504473716	25.459577257687606	18.303609801717055	27.937426436121626	0.0
57.0	24.536262117059355	23.825217571547594	15.300448798152843	36.33807151324021	0.0
58.0	30.16363148466453	19.97104791743725	23.513297505856414	26.352023092041804	0.0
59.0	24.833466614402628	21.184030967026477	23.045966534317497	30.936535884253402	0.0
60.0	26.435524965657926	27.068213595868496	20.702333742157112	25.793927696316466	0.0
61.0	33.216145558811746	25.28892847856184	15.481172650798	26.01375331182841	0.0
62.0	30.552555338221342	20.66594739781041	17.93617228143837	30.845324982529874	0.0
63.0	32.83063325126687	15.838160642681496	16.015305195051972	35.315900910999666	0.0
64.0	30.589823493486968	21.806571742352908	17.4910423070207	30.11256245713943	0.0
65.0	35.36918842582106	17.66125989296494	16.53655160907355	30.433000072140455	0.0
66.0	27.31713029385552	23.596700513134987	20.90465629550568	28.181512897503815	0.0
67.0	25.40644343685832	24.603389992617455	20.895977858344818	29.094188712179403	0.0
68.0	24.832884174586887	17.369676030267865	17.824029673249	39.973410121896244	0.0
69.0	31.74363161813043	24.441889106683217	15.553828416844127	28.260650858342224	0.0
70.0	26.425144249937937	25.028368527559824	22.384611333869962	26.16187588863228	0.0
71.0	24.90670955494367	28.058684333356247	18.223025070827166	28.811581040872912	0.0
72.0	33.03541211394535	17.846294890637992	20.642622657564445	28.47567033785221	0.0
73.0	27.56006201238734	20.31253831499108	22.225646499724057	29.90175317289752	0.0
74.0	31.2960387197282	29.167018290724595	16.18814426887189	23.348798720675312	0.0
75.0	34.2940536093415	17.575226688686953	23.55700274989914	24.573716952072406	0.0
76.0	27.384538741866116	24.680201210200266	18.37916579902212	29.556094248911492	0.0
77.0	31.484016793007335	17.871091273557308	21.972765899721633	28.672126033713724	0.0
78.0	34.0289250440882	15.59048791145797	18.053088348190677	32.32749869626315	0.0
79.0	38.0585227745244	17.75427529634086	18.851105499402667	25.33609642973207	0.0
80.0	37.14118689355991	17.10011510310846	16.188515704978094	29.57018229835353	0.0
81.0	37.400764816351916	15.700927032377553	19.993132865188713	26.905175286081818	0.0
82.0	31.991004751472595	25.05930848254901	18.515827227488256	24.43385953849014	0.0
83.0	41.308798835396374	17.7164460030811	15.531669159976405	25.44308600154612	0.0
84.0	31.256052343113648	15.19855407545632	24.98987269685275	28.55552088457728	0.0
85.0	34.33988331771642	21.29492090711988	15.848825373888811	28.516370401274887	0.0
86.0	32.73971079011299	19.345144715552532	15.994999848886259	31.92014464544822	0.0
87.0	30.19921418538405	21.5905719733615	17.02957453465997	31.180639306594486	0.0
88.0	32.09159055350747	15.061908221034932	23.22134947121137	29.625151754246225	0.0
89.0	28.73479169901641	20.645395043313368	18.541759794718327	32.07805346295189	0.0
90.0	25.43206359925877	21.08643284142378	20.90917436788396	32.57232919143349	0.0
91.0	27.380672488725143	21.907191639431577	16.85621448539075	33.85592138645252	0.0
92.0	29.68225533313113	19.34245778991002	15.702343039126479	35.27294383783237	0.0
93.0	35.94604342631463	20.329125219644283	16.151316029053053	27.57351532498804	0.0
94.0	37.35177269617748	21.506025913092888	16.87919127532225	24.263010115407386	0.0
95.0	31.35308541695047	20.73532725700965	16.518079375850625	31.393507950189253	0.0
96.0	26.717595008001428	20.63009462907032	23.77552599626972	28.87678436665853	0.0
97.0	30.57982068404201	23.057879689895497	19.644900142562076	26.717399483500426	0.0
98.0	33.0522526408075	26.85775917812378	16.153266796889916	23.936721384178806	0.0
99.0	27.521215239299657	15.42056044677082	27.15589264982669	29.90233166410283	0.0
100.0	26.386406083459708	28.2120508435513	18.31306524844947	27.08847782453952	0.0
101.0	24.623948867857166	21.279132208867267	18.72482324277766	35.37209568049791	0.0
102.0	24.423748877432878	16.218700426039792	22.04091956023291	37.31663113629442	0.0
103.0	23.608749304488672	17.104008099856532	22.460487789622647	36.826754806032156	0.0
104.0	25.225671609226303	23.817863569153648	17.738636070418494	33.21782875120156	0.0
105.0	24.173736078283547	21.55574761750212	26.262316954830546	28.008199349383787	0.0
106.0	33.822739192583796	14.765537138833123	23.484649422448314	27.927074246134765	0.0
107.0	27.184706183838582	19.229294592196304	19.477059209880547	34.108940014084574	0.0
108.0	28.561184584285698	18.061673426785926	21.144882347500957	32.23225964142742	0.0
109.0	26.613680983708193	21.15917828253791	22.37967273314981	29.84746800060409	0.0
110.0	36.38288108194983	16.123086139178046	23.828372492737724	23.665660286134397	0.0
111.0	28.823311593126693	26.08628329045453	16.546210870458516	28.54419424596026	0.0
112.0	26.285355009175436	21.33342375698932	20.459844379997175	31.92137685383807	0.0
113.0	33.48279863952602	16.277381952466545	19.856638009465392	30.383181398542042	0.0
114.0	24.836523896077853	16.13193027980541	20.680728157593858	38.35081766652288	0.0
115.0	26.441805664960956	15.416103889792257	32.914296591344	25.227793853902785	0.0
116.0	29.295160153921195	17.23023142377107	19.39806785540079	34.07654056690694	0.0
117.0	26.20325035273776	18.70485432406202	23.392528484083982	31.699366839116237	0.0
118.0	31.23794719178304	20.751028227902687	24.017699326218832	23.993325254095442	0.0
119.0	28.962493648178505	19.0723228824925	27.826928166797636	24.13825530253136	0.0
120.0	37.45936410312732	16.3779481617748	21.578519260865985	24.584168474231898	0.0
121.0	39.450133474125046	15.070341863316706	17.754126394103288	27.72539826845496	0.0
122.0	37.11085651963143	14.586615446951646	23.27945736259759	25.02307067081933	0.0
123.0	34.18904471373218	20.321270247362534	22.14509106603846	23.34459397286682	0.0
124.0	30.031090199216347	24.03076190678656	21.75822552017099	24.179922373826102	0.0
125.0	37.57198714256621	22.98329275436157	16.081345033700725	23.363375069371493	0.0
126.0	37.57846947590523	14.9266693108598	15.994546263835904	31.500314949399066	0.0
127.0	25.81025106092761	26.229226660121608	16.95615161690516	31.004370662045627	0.0
128.0	35.27903344589772	20.99740805539684	15.817415444759202	27.90614305394624	0.0
129.0	32.236810521498214	26.385109053078676	16.095183940946015	25.282896484477096	0.0
130.0	37.181002101246825	17.292982920854463	16.34074612468826	29.18526885321045	0.0
131.0	37.8768373722611	14.684140772443591	18.149585952860342	29.289435902434967	0.0
132.0	30.08997865395042	14.228816843123266	19.718129966608345	35.96307453631797	0.0
133.0	32.66375060008864	19.918825029142003	22.16937870009511	25.24804567067424	0.0
134.0	31.603737997754067	19.166560270208315	17.650628367810622	31.579073364226996	0.0
135.0	33.140844294987325	15.033214021242827	16.627611007825593	35.198330675944256	0.0
136.0	33.6513518166467	20.213697285377815	16.001875437266257	30.133075460709225	0.0
137.0	28.109129152722	15.632114358908975	25.19849268637455	31.06026380199447	0.0
138.0	28.081790146337127	20.443644639494714	17.3374279063561	34.13713730781206	0.0
139.0	24.344683862058787	21.901228155352467	23.541451407547783	30.212636575040957	0.0
140.0	27.533533493041602	17.383780771184192	18.514136279396585	36.56854945637762	0.0
141.0	33.49257953617252	17.478657858039405	21.35279938028799	27.675963225500077	0.0
142.0	25.049272464229176	18.516978359503412	27.451882655032158	28.981866521235254	0.0
143.0	32.50873527267686	17.169619304362264	28.125445142792287	22.196200280168586	0.0
144.0	27.747334952744996	17.64002719138469	27.40260896118783	27.210028894682488	0.0
145.0	32.872689704007385	18.92952013171565	20.581731225005854	27.616058939271117	0.0
146.0	27.497398918965345	23.027990169572917	15.035790484630684	34.43882042683105	0.0
147.0	29.500537585708493	27.634701649777682	16.040139732900638	26.824621031613187	0.0
148.0	37.16005450187475	17.455995703501845	16.628601549524102	28.755348245099306	0.0
149.0	35.251585349184076	16.74476311594954	20.810321392325086	27.19333014254131	0.0
150.0	20.41729076407418	22.959402799177532	23.31587650118914	33.30742993555915	0.0
