# Position (bp)	A	C	G	T	N
0.0	26.16844602609727	25.479548350248233	23.71952023197575	24.63248539167875	0.0
1.0	25.6069592724397	21.00874302535038	14.085497122270551	39.29880057993937	0.0
2.0	28.630140595224507	20.12680793515583	18.171120458756683	33.07193101086298	0.0
3.0	23.468464908814724	23.388562547743856	15.103302338241622	38.0396702051998	0.0
4.0	33.52441315378268	14.151026212756992	14.61541162631459	37.70914900714574	0.0
5.0	35.098006513285526	15.342210830312233	23.22486635475461	26.33491630164763	0.0
6.0	32.86785099884141	18.071305691114	20.408664817610507	28.652178492434082	0.0
7.0	34.464055327850865	17.823572262350908	19.815866384644416	27.896506025153812	0.0
8.0	22.834825346673686	26.78251711427067	21.882569773565034	28.500087765490612	0.0
9.0	29.638600740701737	19.3688238288312	15.319537324697663	35.6730381057694	0.0
10.0	26.75816557558313	17.13498429190726	24.189585271249804	31.91726486125981	0.0
11.0	27.928220428220428	18.70919620919621	19.853457353457355	33.509126009126014	0.0
12.0	25.93778791734304	20.93274250866494	20.74057824770763	32.38889132628439	0.0
13.0	27.041161037844287	21.384260356067987	18.197372923741085	33.37720568234664	0.0
14.0	30.736227001131848	18.966772832162004	19.47215568599581	30.824844480710347	0.0
15.0	29.604224413178486	19.080909441773972	18.56864671415038	32.74621943089716	0.0
16.0	29.269576199831604	17.43702638226214	18.68948217793994	34.60391523996632	0.0
17.0	30.373585898447775	18.240813820924316	20.347277032359905	31.038323248268	0.0
18.0	31.593669165680215	17.916611863737998	18.588276557499235	31.901442413082552	0.0
19.0	30.178324069365786	18.470656309726287	19.847977415791412	31.503042205116515	0.0
20.0	30.71913185252713	18.350835364036396	18.875019722655633	32.05501306078084	0.0
21.0	29.64943032427695	18.337423312883434	19.759859772129712	32.2532865907099	0.0
22.0	28.570927797106275	18.591872683136298	19.77319930943221	33.06400021032522	0.0
23.0	29.392848067436013	18.09889329933493	20.69083357430141	31.81742505892765	0.0
24.0	31.28477424668577	18.498365884218735	18.12860885489227	32.08825101420323	0.0
25.0	28.94616948202145	18.239643933552955	18.98086493306231	33.833321651363285	0.0
26.0	31.068769163381514	17.89575120455541	20.508979413052998	30.52650021901007	0.0
27.0	28.746879243134334	18.523060750733652	19.547107003635407	33.1829530024966	0.0
28.0	29.717018313670877	17.677816022491395	20.22911794844846	32.37604771538927	0.0
29.0	29.176118200369594	18.4867620140306	19.882815579046937	32.45430420655287	0.0
30.0	30.013401185961165	18.633779747567203	18.90793472834132	32.444884338130315	0.0
31.0	29.48530378027947	18.168995575802708	20.011389022734242	32.33431162118358	0.0
32.0	29.819472438874772	19.008851108579442	19.31557269301551	31.85610375953028	0.0
33.0	30.773477274121326	18.097457961286704	20.423935997756768	30.705128766835198	0.0
34.0	30.016304633671698	18.692473570714775	19.59010501586634	31.701116779747192	0.0
35.0	30.485816473228372	18.641957992917003	19.296784599740523	31.575440934114102	0.0
36.0	30.831338926439262	17.78397285853299	18.82807774241906	32.55661047260868	0.0
37.0	28.281429410372606	20.13165160532567	19.19641683247289	32.39050215182884	0.0
38.0	30.14495041170126	18.380554020992818	19.54506791536229	31.92942765194363	0.0
39.0	28.977691255393033	19.029078536602476	19.90950226244344	32.08372794556105	0.0
40.0	30.62534529478309	19.13042715705103	19.498741592346075	30.745485955819806	0.0
41.0	30.5087273046224	17.89053591790194	20.556968686957283	31.043768090518377	0.0
42.0	30.2174427886007	19.272500811353687	19.56897383493996	30.94108256510565	0.0
43.0	30.19859300714022	18.637392326450414	19.400536832687145	31.763477833722213	0.0
44.0	29.115423077597853	19.374024105686065	20.768785417288022	30.74176739942806	0.0
45.0	29.321355884623486	20.126851007088217	19.55488104428381	30.99691206400449	0.0
46.0	30.113262504057627	18.258863163805128	18.948439679601346	32.6794346525359	0.0
47.0	29.466001105369816	18.55442191790436	20.330909122810095	31.64866785391573	0.0
48.0	30.717400268465795	18.84085944148586	19.288302436370973	31.153437853677367	0.0
49.0	29.4164093206064	19.044778214486243	19.22287338573835	32.315939079169006	0.0
50.0	29.980435335713846	18.532913380300226	19.85243154560848	31.63421973837745	0.0
51.0	30.037112099597294	19.600979127734057	19.196518656945578	31.165390115723074	0.0
52.0	30.0340428518785	19.14208503693825	19.001702142593924	31.822169968589325	0.0
53.0	31.12325930345814	18.758719935417638	19.1184858243465	30.999534936777728	0.0
54.0	30.232782683496307	18.45145094183944	19.97612485297474	31.339641521689515	0.0
55.0	29.59955759980338	18.05589691373196	19.00828622590499	33.33625926055967	0.0
56.0	29.217980565820774	19.32006706284069	20.40413261588968	31.057819755448858	0.0
57.0	28.295706997532555	18.892196376983396	19.55252320363882	33.25957342184523	0.0
58.0	30.062082349118818	18.474547993080495	19.057612771226104	32.40575688657458	0.0
59.0	29.09418221734358	18.02590559824369	21.027442371020857	31.852469813391878	0.0
60.0	29.208490309209544	18.800221303053455	20.16755802618753	31.823730361549472	0.0
61.0	30.395643964343737	17.54885171035876	19.422122689149433	32.633381636148066	0.0
62.0	28.752096818105972	18.877949816885202	19.681547122419047	32.68840624258978	0.0
63.0	29.665954810303464	18.372046015801455	19.96010089025987	32.001898283635214	0.0
64.0	28.306894581886894	19.42962604912774	19.945511271257196	32.31796809772817	0.0
65.0	30.103188833807966	18.30063636044018	20.797735822522238	30.798438983229616	0.0
66.0	29.883723996097768	18.641952522828944	20.31006934373929	31.164254137334	0.0
67.0	28.97299767948808	18.27051543492019	19.38418535967935	33.372301525912384	0.0
68.0	29.443765764657286	18.75763514760553	19.958165982616034	31.840433105121154	0.0
69.0	30.293279881844075	17.915919400780673	19.893097021486092	31.897703695889156	0.0
70.0	28.390307378490537	18.66779207990434	20.24337061264683	32.698529928958294	0.0
71.0	29.577080970841358	17.815167418268764	21.407913359177897	31.19983825171198	0.0
72.0	30.08707124010554	18.19613016710642	19.884784520668426	31.832014072119613	0.0
73.0	29.803893967254076	18.06304602201244	19.135514635369468	32.99754537536401	0.0
74.0	29.232001126304493	18.648258627668373	20.704644246167923	31.41509599985921	0.0
75.0	30.300976854703865	18.002288128135174	19.963917979406848	31.732817037754113	0.0
76.0	28.418801538339682	18.90538506895247	19.362134666326376	33.31367872638147	0.0
77.0	28.933795701385346	17.986586632399796	21.783520216867043	31.296097449347815	0.0
78.0	29.824823943661972	18.184859154929576	18.949823943661972	33.04049295774648	0.0
79.0	30.654022927782766	17.260992832866677	19.149629316568934	32.93535492278162	0.0
80.0	31.26579491920926	18.08479725267468	19.917228019196052	30.73217980892	0.0
81.0	30.192932557258967	19.051099389766033	19.215765698334845	31.540202354640158	0.0
82.0	30.211709172889954	18.507820205720726	18.66281527405946	32.61765534732986	0.0
83.0	29.5286408793067	18.50736278447122	20.727647431832594	31.236348904389487	0.0
84.0	31.069286525809602	18.043384444659733	18.839558581330422	32.04777044820024	0.0
85.0	29.767839213683047	17.507177960578467	19.20787021542689	33.5171126103116	0.0
86.0	30.39491994151944	18.438991738739848	19.700199045287206	31.465889274453506	0.0
87.0	29.65008234910737	18.98961608581922	19.968117243991156	31.39218432108225	0.0
88.0	29.63729565952649	17.89300310033822	18.879474351747465	33.590226888387825	0.0
89.0	30.009869058738524	18.883386497012847	20.375200465255627	30.731543978993002	0.0
90.0	30.347623033881128	18.806009604793587	19.20694364894039	31.639423712384897	0.0
91.0	29.900068735790196	18.67146054741888	19.921041964081144	31.507428752709778	0.0
92.0	29.07222672635623	18.625083718143042	20.307377771511156	31.995311783989568	0.0
93.0	30.14928793006204	18.73854342921602	19.71587704455725	31.396291596164694	0.0
94.0	30.185901786737418	17.718405951677877	19.79073928794944	32.30495297363527	0.0
95.0	30.721494997575917	18.323416633611	20.90881043677553	30.04627793203755	0.0
96.0	30.018070430605135	19.233108554806293	19.235753008065583	31.51306800652299	0.0
97.0	29.849851438446144	18.767247687817953	19.928408319447016	31.454492554288887	0.0
98.0	28.493083047514922	18.939841469973636	21.00478764206424	31.5622878404472	0.0
99.0	29.819842858528585	18.71676616608319	19.80229451239407	31.661096462994152	0.0
100.0	29.692015377137555	18.336794662189032	20.165260041535944	31.805929919137466	0.0
101.0	29.429264578279117	18.98673655504595	21.058596447734235	30.525402418940693	0.0
102.0	30.399666279100728	18.383938794166983	19.74722416991364	31.46917075681865	0.0
103.0	29.41904134702668	17.968958581777407	19.94464517736682	32.66735489382909	0.0
104.0	30.467536640662658	18.582751664673225	20.323294714104648	30.626416980559473	0.0
105.0	30.703309692671393	18.33315423740956	19.257289204097713	31.706246865821335	0.0
106.0	29.330818287972694	17.68526003772568	20.13653103386329	32.847390640438334	0.0
107.0	29.805924964861063	18.3740584567701	20.167946084261363	31.65207049410747	0.0
108.0	28.919939304165617	19.94743307200405	20.125365800787602	31.007261823042743	0.0
109.0	28.911604661059148	18.57451990547502	20.641574691933688	31.87230074153214	0.0
110.0	29.503480446876672	18.332471162659843	20.918983183134127	31.245065207329358	0.0
111.0	28.825878521591207	19.023187693875137	20.05658197563882	32.094351808894835	0.0
112.0	29.147630381455237	18.32681312067409	18.68884450888664	33.83671198898403	0.0
113.0	30.26054669995519	17.763633204386036	20.585841403970846	31.38997869168793	0.0
114.0	30.048714255570946	18.089410383200462	19.42056640642918	32.44130895479941	0.0
115.0	29.28573400701289	18.06602427823334	20.443229612450185	32.205012102303584	0.0
116.0	30.130205928525257	18.281466432726937	19.893803675316278	31.694523963431525	0.0
117.0	30.43832748093725	18.569853520239405	19.275847053264524	31.71597194555882	0.0
118.0	29.905213270142177	18.318000185856334	19.771396710342906	32.00538983365858	0.0
119.0	30.343708924126744	18.13910562966692	19.51412776985392	32.00305767635241	0.0
120.0	29.98373649381239	18.426365573709198	19.719033910345086	31.870864022133322	0.0
121.0	29.854844302006317	17.786024195739973	19.79140310927441	32.5677283929793	0.0
122.0	29.719309793596317	18.216183177394328	20.39400065823499	31.670506370774365	0.0
123.0	28.316713993264216	19.212082904878255	19.645097687757662	32.826105414099864	0.0
124.0	28.858539172601912	18.166578269434762	19.568305803909684	33.406576754053646	0.0
125.0	28.793826092741664	18.397217179733314	20.207761103243772	32.601195624281246	0.0
126.0	30.0063924588068	18.196563337817594	19.44643214929731	32.35061205407829	0.0
127.0	29.811273782280228	18.052031368193262	18.79314802225265	33.343546827273855	0.0
128.0	29.619275441680838	18.049591223064436	21.43028696044807	30.90084637480666	0.0
129.0	29.84870254476727	18.33794586463265	19.310916752649394	32.50243483795068	0.0
130.0	29.78632850662101	18.019403576990413	19.72084385247091	32.47342406391767	0.0
131.0	30.116927854058513	17.862306535345205	21.02954732909611	30.99121828150017	0.0
132.0	30.64933800623053	18.10942367601246	19.410046728971963	31.831191588785046	0.0
133.0	30.234920634920638	17.97997557997558	20.5968253968254	31.18827838827839	0.0
134.0	30.793893578845193	17.669206106421154	20.534164779245227	31.002735535488423	0.0
135.0	29.49820859088941	18.033190283082014	20.887633371392575	31.580967754636006	0.0
136.0	28.383373193920107	18.90676575810883	19.872314351787796	32.83754669618327	0.0
137.0	30.684662138005002	17.733285663210584	23.60167639931673	27.980375799467684	0.0
138.0	30.571710742894766	20.18794329778638	19.93854932513991	29.301796634178945	0.0
139.0	30.51059653058772	19.211970674251834	20.16545811465887	30.11197468050158	0.0
140.0	28.508375057811026	21.97623212885323	20.302225975749533	29.213166837586215	0.0
141.0	32.08826467294246	16.509771871941563	21.28219874685958	30.119764708256398	0.0
142.0	26.56655055087492	20.46743357096565	24.64152624756967	28.32448963058976	0.0
143.0	27.79189881654398	19.637846191386394	19.223026556590344	33.34722843547928	0.0
144.0	28.09970500872725	19.923649317641296	18.578325796935765	33.39831987669569	0.0
145.0	27.238962931043325	19.978043850739226	16.782090348528218	36.00090286968923	0.0
146.0	33.55417956656347	14.1640866873065	19.846233230134157	32.43550051599588	0.0
147.0	34.34533320800827	16.409228102056375	22.36425729235204	26.881181397583315	0.0
148.0	32.48009040608109	16.921289139543067	21.405345472766236	29.193274981609612	0.0
149.0	33.25145281066266	17.29726041417898	23.26544073328557	26.18584604187279	0.0
150.0	28.298397931323404	17.590974098204352	26.75266891062219	27.35795905985005	0.0
