# Position (bp)	A	C	G	T	N
0.0	26.00955675451493	24.090841333229758	24.40262209151997	25.496979820735348	0.0
1.0	26.832202519085165	20.46678771824451	15.670257569182464	37.03075219348786	0.0
2.0	28.865080468467298	19.51777533740661	17.66820112942789	33.9489430646982	0.0
3.0	23.065523491026074	22.385345715601616	15.308245609815197	39.24088518355711	0.0
4.0	33.924158952701994	13.323507490268574	15.051713179638297	37.70062037739114	0.0
5.0	34.701465863197825	14.848418491444923	23.44261213113585	27.007503514221405	0.0
6.0	31.119372917393108	17.53274445777069	21.355745522238863	29.99213710259734	0.0
7.0	35.315268623715426	17.157590826307743	20.075430890166153	27.451709659810685	0.0
8.0	22.62174784157577	26.90845493017221	22.692292859930866	27.777504368321154	0.0
9.0	27.439946778204817	18.638745770243652	15.735492325002125	38.18581512654941	0.0
10.0	26.3772696593008	16.77557954781805	24.95386417115009	31.89328662173106	0.0
11.0	28.020216666147636	18.391225051678422	19.402945819263728	34.185612462910214	0.0
12.0	25.893652255334885	20.078060999496405	20.74188123168504	33.28640551348367	0.0
13.0	26.46898463741845	20.9609709524594	18.946759003404782	33.623285406717365	0.0
14.0	30.613020396578534	18.463899974521823	20.096374950967824	30.826704677931815	0.0
15.0	29.429906860244863	18.562521006586408	20.243467445781427	31.764104687387302	0.0
16.0	29.99760708457867	17.8012092371376	18.569911129735225	33.631272548548516	0.0
17.0	30.433979334440348	17.787913469725748	19.69579155076571	32.0823156450682	0.0
18.0	31.804911721106432	17.69329407639677	19.148761081352507	31.353033121144286	0.0
19.0	30.1434248638273	18.422447515200176	20.02812119350166	31.40600642747086	0.0
20.0	29.672409394750527	17.682450926274484	20.343863398252928	32.30127628072206	0.0
21.0	29.015930878790524	18.3589860428327	20.436433565293914	32.18864951308286	0.0
22.0	29.65282072771414	18.991954931221027	22.797352012380554	28.55787232868428	0.0
23.0	29.793136253701313	20.17000187657494	21.155824941859255	28.88103692786449	0.0
24.0	32.788879187783515	19.503132008414415	17.808066884164337	29.899921919637734	0.0
25.0	28.969831355130754	21.0586722530404	19.83196021725671	30.139536174572136	0.0
26.0	31.719780084134452	16.63958837336774	22.371580878040216	29.26905066445759	0.0
27.0	26.031434485832182	20.850683852629327	25.073719705537478	28.044161956001012	0.0
28.0	26.83932984814265	19.682802360515055	18.951648102343846	34.526219688998445	0.0
29.0	27.975537078813407	20.402661670642217	17.298116115615734	34.323685134928645	0.0
30.0	26.584349794875887	18.876978224938604	16.1781196854171	38.36055229476841	0.0
31.0	34.50650739069477	14.428003010762389	18.626455671002006	32.439033927540834	0.0
32.0	34.301665907137846	15.506976915820966	22.58955187690702	27.60180530013417	0.0
33.0	31.322881234407873	17.58339727767653	20.962490143408644	30.131231344506954	0.0
34.0	33.14274212574365	16.723432468001285	21.735463075344434	28.398362330910633	0.0
35.0	26.377808414051064	20.480219006634094	25.494170106381713	27.647802472933126	0.0
