# Position (bp)	A	C	G	T	N
0.0	65.13422109490594	8.127245825406892	11.424645952229973	15.313887127457196	0.0
1.0	11.789562645256709	64.56792731882527	12.835410944432708	10.807099091485316	0.0
2.0	15.846994535519126	60.098781000420345	8.816729718369062	15.237494745691468	0.0
3.0	64.90566037735849	10.9958071278826	10.50314465408805	13.595387840670858	0.0
4.0	64.131573433899	10.538445422166353	9.59564215378169	15.734338990152944	0.0
5.0	14.306645735217163	59.97906855049712	9.544740973312402	16.16954474097331	0.0
6.0	15.290551839464882	60.733695652173914	9.604933110367893	14.370819397993312	0.0
7.0	64.8349352277476	10.812787296280819	10.49937317175094	13.852904304220642	0.0
8.0	64.37669659636668	12.152850281896011	9.918563374399666	13.551889747337647	0.0
9.0	15.403066013140057	59.203253728230266	8.760037543018042	16.63364271561164	0.0
10.0	15.250703638069426	8.83977900552486	10.236630876680913	65.6728864797248	0.0
11.0	13.762231938371853	11.378305225900478	9.629398292733708	65.23006454299396	0.0
12.0	15.29264996361368	9.533215510967876	10.77035034826905	64.40378417714939	0.0
13.0	15.14994292829719	57.16509287122549	10.387049911798279	17.29791428867905	0.0
14.0	13.871635610766045	9.958592132505176	61.055900621118006	15.113871635610765	0.0
15.0	61.025693942833556	10.32917139614075	11.588071406459601	17.057063254566092	0.0
16.0	13.405461102524471	10.86038124678001	11.416795466254507	64.31736218444101	0.0
17.0	15.452583992602486	57.54649131819583	10.490085276893044	16.510839412308638	0.0
18.0	13.967569786535302	10.868226600985222	10.529556650246304	64.63464696223316	0.0
19.0	15.085058413609346	60.10452961672473	10.278745644599303	14.531666325066611	0.0
20.0	14.95451293059389	11.479096391699887	10.01737708269447	63.54901359501175	0.0
21.0	14.64734102276207	11.585179136470348	11.411656629580484	62.3558232111871	0.0
22.0	14.239119355825094	8.663744776271532	58.679033737641426	18.41810213026195	0.0
23.0	14.978108135627735	10.97647897362794	11.49577436106303	62.549638529681296	0.0
24.0	63.79257752923233	8.490086426029485	10.21860701576004	17.49872902897814	0.0
25.0	16.653127538586514	9.951259138911455	57.189277010560524	16.20633631194151	0.0
26.0	64.5609409856013	9.906712634354086	9.308456702494423	16.223889677550194	0.0
27.0	13.815122643421853	13.00425704439489	8.574903709710116	64.60571660247314	0.0
28.0	14.512701143608947	56.81611172958203	8.268393887258373	20.402793239550654	0.0
29.0	16.733993132700466	8.836598666935974	9.624318319531408	64.80508988083216	0.0
30.0	16.17155023826422	11.102098752914936	55.530771570516066	17.195579438304776	0.0
31.0	15.616410465234654	9.019647765448436	9.650819505242797	65.71312226407412	0.0
32.0	15.177203554284546	9.508732509447452	9.130834439791645	66.18322949647636	0.0
33.0	15.66178728631385	57.641519091002145	9.60180161736104	17.094892005322958	0.0
34.0	16.083700892399218	11.108831675043595	10.39080931377577	62.41665811878141	0.0
35.0	14.536856173537577	57.520304307597414	9.612419039786161	18.330420479078853	0.0
36.0	15.738548636129696	10.44776119402985	8.605249613998971	65.20844055584149	0.0
37.0	63.377374071015694	9.929810074318745	9.320809248554914	17.372006606110652	0.0
38.0	63.63823863050428	11.034340517685882	9.023409301845932	16.304011549963906	0.0
39.0	64.18988648090816	10.939112487100102	7.987616099071207	16.883384932920535	0.0
40.0	14.92027334851936	58.159039138538006	11.285980534272106	15.634706978670533	0.0
41.0	14.806258531975217	8.621232804788407	60.93667961776751	15.635829045468865	0.0
42.0	64.51476793248945	9.820675105485233	9.70464135021097	15.959915611814345	0.0
43.0	64.47061319753871	10.290685338425632	10.152768936982813	15.085932527052833	0.0
44.0	16.744980777445537	58.55403673643742	8.596753524134986	16.10422896198206	0.0
45.0	25.448483886331164	13.605334180028574	12.84330846166058	48.10287347197968	0.0
46.0	27.267291209886384	17.69982060992625	19.394060195335857	35.63882798485151	0.0
47.0	32.218717139852785	18.82229232386961	17.58149316508938	31.377497371188223	0.0
48.0	25.65134505401398	20.228765092141497	17.665748782037703	36.45414107180682	0.0
49.0	26.307954062101235	19.1620586984262	20.416843896214377	34.11314334325819	0.0
50.0	26.287553648068666	23.30472103004292	20.021459227467812	30.3862660944206	0.0
51.0	30.557348827200343	18.442005595007533	17.215407789972026	33.7852377878201	0.0
52.0	29.362162162162164	17.64324324324324	19.87027027027027	33.12432432432432	0.0
53.0	31.230969986950846	20.552414093083947	20.42192257503262	27.79469334493258	0.0
54.0	29.896907216494846	22.877824084228997	16.385172186883086	30.840096512393067	0.0
55.0	31.889157686386625	18.781614251154608	19.52936001759402	29.79986804486475	0.0
56.0	28.18703131892369	20.004411116012353	19.673577415086015	32.13498014997794	0.0
57.0	29.864654981140447	17.949855779897934	20.168626580874196	32.01686265808742	0.0
58.0	28.970292606656244	19.38798302434666	20.52713870895689	31.114585660040206	0.0
59.0	26.569506726457398	21.16591928251121	22.331838565022423	29.932735426008968	0.0
60.0	29.109357384441942	17.49718151071026	19.27846674182638	34.114994363021424	0.0
61.0	28.066998641919422	18.583069262109554	22.793119058397465	30.556813037573562	0.0
62.0	28.76930063578565	22.048138056312443	20.776566757493185	28.40599455040872	0.0
63.0	34.01826484018265	17.968036529680365	20.0	28.013698630136986	0.0
64.0	30.99656357388316	19.564719358533793	19.587628865979383	29.851088201603666	0.0
65.0	29.758897818599312	18.92078071182549	19.402985074626866	31.917336394948336	0.0
66.0	28.46934071000461	17.450437989857075	21.43845089903181	32.6417704011065	0.0
67.0	28.103368712505766	17.53576372865713	21.3428703276419	33.0179972311952	0.0
68.0	26.358381502890172	19.283236994219653	19.514450867052023	34.84393063583815	0.0
69.0	26.400185916802233	18.661399023936788	22.891006274692074	32.0474087845689	0.0
70.0	27.476635514018692	21.401869158878505	18.878504672897193	32.242990654205606	0.0
71.0	28.685446009389672	20.16431924882629	20.16431924882629	30.985915492957744	0.0
72.0	28.56806406029204	18.276024493641074	19.218087611869993	33.93782383419689	0.0
73.0	28.48384814902146	19.735911341664703	20.136760198066494	31.643480311247345	0.0
74.0	30.068932731162352	17.043023532208224	22.272403137627762	30.615640599001665	0.0
75.0	29.539489382009066	20.376998329754233	20.1383917919351	29.945120496301598	0.0
76.0	28.267113451412158	20.70368597415031	16.921972235519387	34.10722833891814	0.0
77.0	29.338446788111217	19.91850431447747	18.528283796740173	32.21476510067114	0.0
78.0	29.294625719769673	20.129558541266796	18.378119001919384	32.19769673704415	0.0
79.0	29.292929292929294	21.66907166907167	18.78306878306878	30.254930254930258	0.0
80.0	30.096385542168676	19.46987951807229	19.951807228915662	30.481927710843376	0.0
81.0	28.342635282698375	17.884008735743752	18.563455471972823	35.209900509585054	0.0
82.0	30.836575875486382	18.8715953307393	20.549610894941633	29.742217898832685	0.0
83.0	29.939098660170522	18.830694275274055	20.99878197320341	30.23142509135201	0.0
84.0	30.141670737664878	18.466047874938933	19.223253541768443	32.169027845627745	0.0
85.0	31.54034229828851	18.60635696821516	21.833740831295845	28.01955990220049	0.0
86.0	29.527076696888017	18.279833374172995	23.033570203381522	29.15951972555746	0.0
87.0	31.836033382425132	18.384879725085913	20.814923907707414	28.964162984781545	0.0
88.0	33.8412386335709	19.19390513639715	16.73629884492504	30.228557385106907	0.0
89.0	29.226219812715627	17.79201577131592	18.013799901429277	34.967964514539176	0.0
90.0	31.4801087225105	17.272053372868793	18.211020509019026	33.03681739560168	0.0
91.0	29.159434664021823	21.869575998016366	16.836102157203076	32.13488718075874	0.0
92.0	30.104321907600596	18.951813214108295	18.107302533532042	32.836562344759066	0.0
93.0	33.068125310790656	19.194430631526604	17.901541521631028	29.835902536051716	0.0
94.0	29.07642519293005	16.903161563355738	19.61662932536719	34.403783918347024	0.0
95.0	31.28895537272501	17.053103964098728	19.79556220393917	31.8623784592371	0.0
96.0	27.497502497502495	17.10789210789211	20.32967032967033	35.064935064935064	0.0
97.0	31.01631116687578	18.06775407779172	19.47302383939774	31.442910915934757	0.0
98.0	31.246857717445952	20.83961789844143	18.17496229260935	29.73856209150327	0.0
99.0	32.098765432098766	19.677500629881585	18.54371378180902	29.680020156210634	0.0
100.0	34.23582995951417	14.701417004048583	19.30668016194332	31.756072874493928	0.0
101.0	33.13864906043677	18.76587100050787	18.232605383443374	29.862874555611985	0.0
102.0	32.55042124074547	16.058207812101095	19.351544549400053	32.03982639775339	0.0
103.0	29.022324865280986	17.885552989479088	20.964844752373622	32.127277392866304	0.0
104.0	28.22892498066512	17.16937354988399	22.531580304202116	32.07012116524878	0.0
105.0	29.107373868046572	20.517464424320828	18.628719275549805	31.746442432082794	0.0
106.0	29.112610275038918	17.98131811105345	20.005189413596263	32.900882200311365	0.0
107.0	30.554831987496744	18.286011982287054	19.2237561865069	31.9353998437093	0.0
108.0	32.91272344900105	18.980021030494218	15.325972660357518	32.781282860147215	0.0
109.0	27.78364116094987	20.29023746701847	21.21372031662269	30.71240105540897	0.0
110.0	26.24602332979852	19.989395546129373	19.936373276776244	33.828207847295864	0.0
111.0	29.12336797228884	19.690913935518253	19.95736743938183	31.22835065281108	0.0
112.0	25.688318631381986	19.59369152632986	21.598503074044373	33.11948676824378	0.0
113.0	28.693790149892934	19.56638115631692	19.031049250535332	32.70877944325482	0.0
114.0	31.529348411416265	16.397415185783522	19.547657512116317	32.525578890683896	0.0
115.0	27.73268398268398	18.966450216450216	19.58874458874459	33.71212121212121	0.0
116.0	29.883183917413746	18.473240967128497	18.120076066286337	33.52349904917142	0.0
117.0	31.40990745781165	18.127381600435495	19.080021774632552	31.382689167120304	0.0
118.0	29.73490024596884	16.61656190215906	21.344629680240505	32.3039081716316	0.0
119.0	23.758573388203015	22.002743484224965	27.133058984910836	27.105624142661178	0.0
120.0	27.21518987341772	21.73913043478261	22.261970280682444	28.783709411117226	0.0
121.0	31.83324130314743	18.277194919933738	17.973495306460517	31.91606847045831	0.0
122.0	29.645036051026068	18.663338879645035	21.741541874653354	29.950083194675543	0.0
123.0	32.10804789752158	19.883040935672515	17.488164856585907	30.52074631021999	0.0
124.0	31.64521544487969	19.7817571348629	19.166200335758255	29.40682708449916	0.0
125.0	28.45916362615773	18.439517260735336	21.077743474600055	32.02357563850688	0.0
126.0	31.399605744860605	18.50183047029006	18.980568853843987	31.11799493100535	0.0
127.0	27.694483734087694	19.207920792079207	22.34794908062235	30.74964639321075	0.0
128.0	29.92036405005688	17.71899886234357	20.932878270762227	31.427758816837315	0.0
129.0	30.51186731484129	21.218187017443523	17.24335144409494	31.026594223620247	0.0
130.0	28.875467356916886	20.88006902502157	17.687661777394307	32.55680184066724	0.0
131.0	29.639249639249638	19.24963924963925	19.567099567099568	31.544011544011546	0.0
132.0	29.681159420289855	20.115942028985508	20.695652173913043	29.507246376811597	0.0
133.0	30.74687590816623	21.41819238593432	18.10520197616972	29.72972972972973	0.0
134.0	23.83313885647608	20.828471411901983	20.332555425904317	35.00583430571762	0.0
135.0	26.924202516827627	17.383669885864794	19.57857769973661	36.11354989757097	0.0
136.0	25.844346549192366	19.882525697503674	20.558002936857562	33.7151248164464	0.0
137.0	28.824049513704686	17.21190686707928	19.864426760978485	34.099616858237546	0.0
138.0	31.357439241256667	17.36810906935388	19.85773562537048	31.416716064018967	0.0
139.0	28.9544235924933	18.647602025618113	20.822162645218945	31.575811736669646	0.0
140.0	29.327354260089688	18.355754857997013	19.61136023916293	32.705530642750375	0.0
141.0	29.98798076923077	18.990384615384613	19.621394230769234	31.400240384615387	0.0
142.0	30.783187178711824	16.419715754460235	17.992137889325672	34.80495917750227	0.0
143.0	31.984175289105295	19.598295800365186	18.837492391965917	29.580036518563602	0.0
144.0	29.97250229147571	17.629086465016805	19.003971891231288	33.3944393522762	0.0
145.0	29.211414544338755	19.392451672292115	17.796870205584536	33.59926357778459	0.0
146.0	29.478877582485353	20.87573234659266	18.53222325007709	31.113166820844896	0.0
147.0	29.962779156327546	17.959057071960295	16.8424317617866	35.235732009925556	0.0
148.0	26.756166094286606	22.010615048392133	19.29441148922885	31.938807368092416	0.0
149.0	28.983688833124216	20.075282308657467	19.291091593475535	31.649937264742782	0.0
150.0	29.435865111881498	18.751969744721084	16.829498896942958	34.98266624645446	0.0
151.0	28.001267025657267	19.385492556224264	20.11403230915426	32.499208108964204	0.0
152.0	27.768911586338973	20.555378231726777	17.842323651452283	33.83338653048197	0.0
153.0	29.865125240847785	20.68079640333976	18.72190109184329	30.732177263969174	0.0
154.0	31.24394184168013	17.38287560581583	19.192245557350564	32.18093699515347	0.0
155.0	29.06371911573472	20.93628088426528	17.197659297789336	32.802340702210664	0.0
156.0	31.800262812089358	16.06438896189225	18.561103810775297	33.5742444152431	0.0
157.0	30.023094688221708	16.2322665786869	21.37908281095348	32.36555592213791	0.0
158.0	27.992021276595747	22.174202127659576	17.02127659574468	32.8125	0.0
159.0	35.94115680374457	14.476763624205951	18.488799732530925	31.093279839518555	0.0
160.0	26.220127903062938	19.42107034668462	24.032312352743183	30.326489397509253	0.0
161.0	27.6797829036635	18.113975576662146	21.709633649932158	32.4966078697422	0.0
162.0	30.457025920873125	17.496589358799454	20.293315143246932	31.75306957708049	0.0
163.0	30.70567986230637	18.65748709122203	17.418244406196212	33.218588640275385	0.0
164.0	31.126516464471404	16.776429809358753	21.69844020797227	30.398613518197575	0.0
165.0	30.17751479289941	18.447615732683605	21.1277410372433	30.247128437173686	0.0
166.0	26.10062893081761	20.26554856743536	21.48846960167715	32.14535290006988	0.0
167.0	25.922023182297156	19.107832806462945	23.39304531085353	31.57709870038637	0.0
168.0	27.88563360395341	19.237557359689376	20.225908930462406	32.650900105894806	0.0
169.0	27.695035460992905	17.411347517730498	19.21985815602837	35.67375886524823	0.0
170.0	29.78951123795933	18.123439172315376	18.301819479129506	33.78523011059579	0.0
171.0	30.064655172413797	19.288793103448278	16.882183908045977	33.764367816091955	0.0
172.0	29.452303228146537	20.60210373594487	16.39463184620965	33.550961189698945	0.0
173.0	29.817518248175183	17.043795620437958	20.802919708029197	32.33576642335766	0.0
174.0	28.94930198383541	20.83027185892726	17.266715650257165	32.95371050698016	0.0
175.0	26.772525849335306	19.35007385524372	20.34711964549483	33.53028064992615	0.0
176.0	28.444114370590416	19.012253991830672	18.45525436316376	34.08837727441515	0.0
177.0	30.671166104236967	21.522309711286088	19.08511436070491	28.721409823772028	0.0
178.0	28.484848484848484	20.454545454545457	18.674242424242422	32.38636363636363	0.0
179.0	25.333333333333336	18.285714285714285	26.171428571428574	30.20952380952381	0.0
180.0	28.955453149001535	16.20583717357911	21.774193548387096	33.064516129032256	0.0
181.0	28.958575300038714	19.589624467673246	19.705768486256293	31.746031746031743	0.0
182.0	32.11223694466095	18.862042088854245	18.784099766173032	30.24162120031177	0.0
183.0	27.26915520628684	21.768172888015716	20.903732809430256	30.05893909626719	0.0
184.0	30.02373417721519	19.97626582278481	18.117088607594937	31.88291139240506	0.0
185.0	26.74139311449159	22.778222578062447	21.617293835068054	28.863090472377902	0.0
186.0	30.710250201775622	17.231638418079097	22.074253430185635	29.983857949959646	0.0
187.0	30.784871899145994	21.472143147620983	17.324115494103292	30.418869459129727	0.0
188.0	29.87704918032787	19.59016393442623	20.12295081967213	30.40983606557377	0.0
189.0	29.572791372874324	17.3372044794691	19.701368726669433	33.38863542098714	0.0
190.0	29.716193656093488	18.73956594323873	19.28213689482471	32.26210350584307	0.0
191.0	27.28421052631579	21.052631578947366	19.789473684210527	31.873684210526314	0.0
192.0	32.31552162849873	19.29601357082273	18.744698897370654	29.64376590330789	0.0
193.0	29.328772979905942	17.657118426678068	22.830269345874303	30.183839247541684	0.0
194.0	27.911993097497845	20.79378774805867	23.770491803278688	27.523727351164794	0.0
195.0	26.92644483362522	21.58493870402802	20.359019264448335	31.129597197898423	0.0
196.0	29.61487383798141	18.68083222664896	20.318725099601593	31.38556883576804	0.0
197.0	27.89544840018026	19.423163587201444	21.63136547994592	31.050022532672372	0.0
198.0	27.117075428042575	23.229986117538175	20.82369273484498	28.82924571957427	0.0
199.0	29.90699951052374	22.858541360744002	18.45325501713167	28.781204111600587	0.0
200.0	27.95031055900621	15.35855448898927	22.64257481648786	34.04856013551666	0.0
201.0	31.371030209140198	18.512780790085205	15.956622773044153	34.159566227730444	0.0
202.0	38.485558157689304	17.56440281030445	16.549570647931304	27.400468384074944	0.0
203.0	33.25453112687155	16.9424743892829	22.14342001576044	27.659574468085108	0.0
204.0	32.21153846153847	17.147435897435898	25.48076923076923	25.16025641025641	0.0
205.0	34.70873786407767	16.2621359223301	24.75728155339806	24.271844660194176	0.0
206.0	30.28571428571429	19.83673469387755	21.551020408163264	28.3265306122449	0.0
207.0	29.933665008291875	23.96351575456053	14.510779436152571	31.592039800995025	0.0
208.0	31.879194630872483	16.946308724832214	20.63758389261745	30.536912751677853	0.0
209.0	23.85786802030457	21.40439932318105	20.642978003384094	34.09475465313029	0.0
210.0	25.085324232081913	19.112627986348123	18.088737201365188	37.71331058020478	0.0
211.0	30.240549828178693	17.010309278350515	20.532646048109964	32.21649484536083	0.0
212.0	27.249134948096888	18.94463667820069	24.134948096885815	29.67128027681661	0.0
213.0	26.94663167104112	21.084864391951005	17.235345581802274	34.7331583552056	0.0
214.0	30.423280423280424	25.396825396825395	17.548500881834215	26.63139329805996	0.0
215.0	29.724933451641526	23.86867790594499	16.68145519077196	29.724933451641526	0.0
216.0	31.891891891891895	16.756756756756758	16.936936936936934	34.41441441441441	0.0
217.0	26.243093922651934	16.574585635359114	26.427255985267035	30.755064456721914	0.0
218.0	25.0	21.117424242424242	19.03409090909091	34.84848484848485	0.0
219.0	19.650205761316872	21.707818930041153	23.662551440329217	34.97942386831276	0.0
220.0	0.0	29.132569558101473	24.877250409165303	45.99018003273322	0.0
