# Position (bp)	A	C	G	T	N
0.0	26.205361260833975	24.131382630630526	24.24810230657545	25.41515380196005	0.0
1.0	26.95239623969442	20.75470492147388	15.820389699906231	36.47250913892547	0.0
2.0	29.020705765276176	19.937847992927622	17.715035792520876	33.32641044927533	0.0
3.0	23.242121195489137	22.836474168370597	15.433695434688607	38.48770920145166	0.0
4.0	34.184120244446866	13.300218571365525	15.205633613070615	37.31002757111699	0.0
5.0	34.776307590796826	15.110705742486195	23.536119084710027	26.57686758200695	0.0
6.0	31.455115063122825	17.58934187568521	21.31475375670262	29.640789304489353	0.0
7.0	35.39988139707626	17.37920338659822	20.26700751703357	26.95390769929195	0.0
8.0	23.07230337269445	26.93406797869095	22.726668445033233	27.26696020358137	0.0
9.0	27.806449665308126	18.705866780993	15.860093251040825	37.62759030265806	0.0
10.0	26.65351081779996	16.852587247602322	25.11952452012404	31.37437741447368	0.0
11.0	28.303618259973778	18.68644794692998	19.390286345076454	33.619647448019784	0.0
12.0	25.94607311408725	20.223394963700713	20.92557884235303	32.90495307985901	0.0
13.0	26.85360608329083	21.109825552689333	19.258186025463925	32.77838233855591	0.0
14.0	30.834089719657637	18.57244574845092	20.174499558649668	30.418964973241774	0.0
15.0	29.534711383587574	18.62623214533996	20.268226636660845	31.570829834411622	0.0
16.0	29.983840859607053	17.943829933973063	18.775385626405434	33.29694358001445	0.0
17.0	30.567378274533546	17.94041930168247	19.789939882889048	31.70226254089493	0.0
18.0	32.20512036048787	17.752645852424408	19.04835231628375	30.99388147080397	0.0
19.0	30.40928458286806	18.43795072957053	20.250476835420884	30.902287852140525	0.0
20.0	29.761656307536278	18.046743949175482	20.3185733746015	31.873026368686734	0.0
21.0	29.274937309675835	18.704110668196567	20.23651501302281	31.784437009104792	0.0
22.0	29.767868012303822	19.0654054777367	22.858202744818815	28.30852376514067	0.0
23.0	29.740742600596963	20.434070445956863	21.47020602250901	28.354980930937163	0.0
24.0	32.91191947772915	19.59186197011473	17.87297586230218	29.623242689853935	0.0
25.0	29.24345789930014	21.18275503039236	19.965551162532158	29.60823590777534	0.0
26.0	31.67660297540658	16.887535343584194	22.371759500207393	29.064102180801825	0.0
27.0	26.205426301461	20.923677596267638	25.085650410480483	27.785245691790884	0.0
28.0	27.014471820775483	19.852521357089138	19.10195003989714	34.03105678223824	0.0
29.0	27.896258144517343	20.595734416530796	17.536847165067925	33.97116027388393	0.0
30.0	26.743088826621353	19.12044290597873	16.180962417314255	37.95550585008567	0.0
31.0	34.58462852218162	14.798831915009735	18.564478880991857	32.05206068181679	0.0
32.0	34.39146201741413	15.647238002773353	22.7406549148291	27.22064506498342	0.0
33.0	31.61002769241729	17.914598975614545	20.93885655548417	29.536516776483996	0.0
34.0	33.52600693573761	16.823764382710234	21.81846520521491	27.831763476337244	0.0
35.0	26.737945602649127	20.30049268307897	25.75365350332101	27.207908210950894	0.0
