# Position (bp)	A	C	G	T	N
0.0	59.32753744631821	13.742536922593484	13.63779197653713	13.292133654551169	0.0
1.0	15.753639886875458	56.04902063475438	14.82140986697392	13.37592961139625	0.0
2.0	19.94561238364188	52.52588641355507	11.159920510406861	16.368580692396193	0.0
3.0	58.46571906354515	13.722826086956522	11.63252508361204	16.178929765886288	0.0
4.0	59.40045957802381	12.199707541257572	11.176101942761646	17.223730937956965	0.0
5.0	18.039461321641088	52.68817204301075	11.45213487837979	17.82023175696837	0.0
6.0	17.638468759778867	52.71722123709189	13.090643579847711	16.553666423281527	0.0
7.0	58.067542213883684	12.382739212007504	11.486345632687096	18.063372941421722	0.0
8.0	57.462764295385895	12.821581085303615	10.217685657743985	19.497968961566503	0.0
9.0	16.06864274570983	51.190847633905356	11.461258450338013	21.279251170046802	0.0
10.0	13.63400187051855	11.690740933180921	12.054452873324326	62.6208043229762	0.0
11.0	13.836738927497146	11.834871901255056	12.477958717975314	61.85043045327249	0.0
12.0	15.517598343685302	11.24223602484472	11.055900621118013	62.18426501035197	0.0
13.0	16.845804051260853	52.02563042579579	13.135593220338984	17.992972302604382	0.0
14.0	16.594516594516595	11.873840445269018	53.06122448979592	18.47041847041847	0.0
15.0	56.92987867571458	12.224964013983138	13.253135924326548	17.592021385975734	0.0
16.0	15.881326352530541	13.263525305410123	12.03161893029463	58.82352941176471	0.0
17.0	16.736701855078408	51.77821051552731	11.694168289433229	19.790919339961054	0.0
18.0	14.835277266216492	14.262328626969511	11.070186208307756	59.83220789850624	0.0
19.0	16.055561229700746	53.22234705341641	12.276580533142683	18.44551118374017	0.0
20.0	15.343807386247704	12.854519485819221	11.742501530299938	60.05917159763313	0.0
21.0	15.837150127226462	12.580152671755727	14.147582697201017	57.4351145038168	0.0
22.0	16.380099704954727	11.130328619391596	52.60962458032353	19.879947095330145	0.0
23.0	17.47483989021043	11.243265223137135	12.432652231371353	58.84924265528109	0.0
24.0	57.67082952584018	10.488374454259315	12.163671438724744	19.677124581175754	0.0
25.0	16.987829614604465	11.044624746450305	51.02434077079108	20.943204868154158	0.0
26.0	58.52842809364549	11.340833079963515	11.087463261376305	19.043275565014696	0.0
27.0	16.897843474739293	14.022476460463704	9.689176875569505	59.390503189227495	0.0
28.0	17.522750252780586	49.858442871587464	10.616784630940344	22.002022244691606	0.0
29.0	18.256213376439685	9.587795514245302	12.244897959183673	59.91109315013134	0.0
30.0	18.613581244947454	11.671382376717867	49.48464025869038	20.2303961196443	0.0
31.0	19.238172424273124	10.44473710870226	10.546043967176578	59.77104649984803	0.0
32.0	17.320195042665585	10.788297440065014	11.458756603006908	60.43275091426249	0.0
33.0	18.7665377569713	52.035416242621615	10.685935273763485	18.5121107266436	0.0
34.0	20.867621660062987	10.271258762572387	10.383013308950522	58.478106268414095	0.0
35.0	18.348250610252236	50.58991049633848	10.699755899104964	20.362082994304313	0.0
36.0	18.706579485083775	11.207601144258275	11.98406211687781	58.10175725378014	0.0
37.0	58.460749102103634	12.016418676244228	12.344792201128783	17.178040020523344	0.0
38.0	57.47067297797901	12.574603827948138	10.989915620498044	18.96480757357481	0.0
39.0	58.89621087314663	10.780477759472817	11.058484349258649	19.26482701812191	0.0
40.0	16.48271553519367	51.14535610162433	12.036651395251978	20.33527696793003	0.0
41.0	18.474399164054336	10.961337513061652	52.48693834900732	18.0773249738767	0.0
42.0	59.989495798319325	11.039915966386554	10.609243697478991	18.36134453781513	0.0
43.0	59.20245398773007	11.772794584302941	10.376560186164587	18.64819124180241	0.0
44.0	19.18760021378942	51.86531266702298	10.090860502405132	18.85622661678247	0.0
45.0	26.37071880052918	13.508746141408201	15.581361164192268	44.539173893870355	0.0
46.0	30.04794885455514	17.403658320014205	18.060735215769846	34.48765760966081	0.0
47.0	33.081896551724135	17.582614942528735	17.11566091954023	32.2198275862069	0.0
48.0	29.406474820143885	19.154676258992804	18.1294964028777	33.309352517985616	0.0
49.0	29.600288080662583	18.52718761253151	18.887288440763413	32.98523586604249	0.0
50.0	27.216904460899404	22.196135091204624	18.728553368249955	31.858407079646017	0.0
51.0	31.624705669262816	18.65604057236008	17.025901104872307	32.693352653504796	0.0
52.0	29.015261627906973	20.43968023255814	21.475290697674417	29.069767441860467	0.0
53.0	29.53594176524113	19.54504094631483	18.471337579617835	32.44767970882621	0.0
54.0	27.822286962855063	21.941005098324837	20.15659140568099	30.080116533139112	0.0
55.0	30.798687089715536	18.7636761487965	17.59664478482859	32.840991976659375	0.0
56.0	27.55661066471877	19.52154857560263	19.68590211833455	33.23593864134405	0.0
57.0	31.4703196347032	18.429223744292237	19.98173515981735	30.118721461187214	0.0
58.0	28.675932699341622	22.2201901975128	19.275786393562548	29.828090709583027	0.0
59.0	26.18873445501097	18.928310168251645	22.494513533284564	32.38844184345282	0.0
60.0	29.959662632929962	16.464979831316466	20.93876054272094	32.63659699303263	0.0
61.0	31.62534435261708	17.355371900826448	20.881542699724516	30.137741046831955	0.0
62.0	30.457973146956043	18.2821408865183	19.91907301820857	31.340812948317087	0.0
63.0	31.808118081180815	18.173431734317344	19.981549815498155	30.03690036900369	0.0
64.0	25.480059084194977	21.085672082717874	22.285819793205317	31.148449039881832	0.0
65.0	27.313019390581715	20.554016620498615	19.316712834718373	32.81625115420129	0.0
66.0	27.551775147928993	16.86390532544379	23.37278106508876	32.21153846153847	0.0
67.0	30.796296296296294	18.203703703703702	17.37037037037037	33.62962962962963	0.0
68.0	27.30476720460026	18.901873492858467	20.107586718605084	33.68577258393619	0.0
69.0	28.96347116632672	20.674949007973296	19.210087150009272	31.15149267569071	0.0
70.0	28.531650269166516	19.63987377018749	20.86504547985892	30.96343048078708	0.0
71.0	29.07735321528425	21.919850885368128	19.51537744641193	29.487418452935692	0.0
72.0	28.757926146960088	19.321148825065272	20.51473330846699	31.406191719507646	0.0
73.0	31.690009337068158	16.732026143790847	19.96265172735761	31.615312791783378	0.0
74.0	30.88621855050695	17.423957942170485	22.49342846413819	29.19639504318438	0.0
75.0	31.621519939804365	21.388261851015802	19.093303235515425	27.896914973664412	0.0
76.0	30.224655465357745	19.57711912403247	17.387200302057767	32.81102510855201	0.0
77.0	28.4469696969697	19.75378787878788	17.25378787878788	34.54545454545455	0.0
78.0	27.7903897086644	17.95308361710178	20.54483541430193	33.7116912599319	0.0
79.0	30.40514956455888	19.06474820143885	18.30745929572132	32.222642938280956	0.0
80.0	29.266906611100584	18.583064974426975	18.999810570183747	33.15021784428869	0.0
81.0	26.466679324093413	19.840516423011202	21.73913043478261	31.953673818112776	0.0
82.0	32.129277566539926	17.09125475285171	22.756653992395435	28.022813688212928	0.0
83.0	30.577252810059058	17.3366355496285	21.90893503524481	30.17717660506763	0.0
84.0	26.482364156339372	20.3813155386082	20.43851286939943	32.697807435653004	0.0
85.0	28.1786941580756	18.900343642611684	22.489499809087437	30.431462390225278	0.0
86.0	28.309455587392552	20.821394460362942	22.04393505253104	28.82521489971347	0.0
87.0	28.72970391595033	19.56064947468959	22.234957020057305	29.47468958930277	0.0
88.0	32.08197663282896	19.747174870714424	17.487071442252443	30.683777054204175	0.0
89.0	31.61835285083509	17.047417930504896	18.352850835093108	32.981378383566906	0.0
90.0	28.95040369088812	15.974625144175317	22.087658592848904	32.98731257208766	0.0
91.0	29.50693374422188	17.372881355932204	18.08551617873652	35.0346687211094	0.0
92.0	28.425318409880358	18.467773060594364	18.120416827479737	34.98649170204554	0.0
93.0	32.360332495650496	16.064179393002124	20.085057026870288	31.490431084477095	0.0
94.0	30.644225188624493	18.28206616366802	19.616947185142195	31.456761462565293	0.0
95.0	30.464348163979015	17.54420050514863	21.42995919953371	30.561492131338643	0.0
96.0	30.31718233119284	15.119673088149446	19.478497762210548	35.08464681844717	0.0
97.0	27.893405952149386	17.564676133048046	21.182649290021395	33.359268624781166	0.0
98.0	31.140521603736865	20.825223822499026	16.329311015959515	31.704943557804594	0.0
99.0	27.375609756097564	19.570731707317073	20.13658536585366	32.91707317073171	0.0
100.0	31.80308654033991	17.190857589372925	18.616917366673178	32.389138503613985	0.0
101.0	31.455399061032864	20.950704225352112	18.661971830985916	28.931924882629108	0.0
102.0	29.992153785798354	15.96704590035308	18.517065515888582	35.52373479795998	0.0
103.0	27.962271566123007	20.927490666142663	19.630575751621144	31.479662016113185	0.0
104.0	27.342519685039367	18.090551181102363	19.862204724409448	34.704724409448815	0.0
105.0	28.306721860831857	18.09580130100532	20.007884880741177	33.589591957421646	0.0
106.0	30.561043065981824	19.08336625839589	18.74753062030818	31.60806005531411	0.0
107.0	29.78639240506329	20.154272151898734	19.85759493670886	30.201740506329116	0.0
108.0	32.435109966316624	17.49554190608282	18.941945710322962	31.12740241727759	0.0
109.0	28.452380952380953	18.21428571428571	21.25	32.083333333333336	0.0
110.0	23.18552396102605	19.129051501292505	21.3561344203619	36.329290117319545	0.0
111.0	26.733067729083665	20.0	21.314741035856574	31.95219123505976	0.0
112.0	26.455342902711326	19.83652312599681	19.41786283891547	34.29027113237639	0.0
113.0	29.39182452642074	14.81555333998006	21.595214356929212	34.19740777666999	0.0
114.0	29.856115107913666	17.54596322941647	22.54196642685851	30.05595523581135	0.0
115.0	27.859002603645106	21.2096935709994	18.545964350090127	32.385339475265376	0.0
116.0	29.80942828485456	17.81344032096289	19.919759277833503	32.45737211634905	0.0
117.0	25.909547738693465	21.22613065326633	18.693467336683415	34.17085427135678	0.0
118.0	28.836085380588	17.1163914619412	21.627064035441	32.420459122029804	0.0
119.0	22.808080808080806	20.1010101010101	25.333333333333336	31.757575757575758	0.0
120.0	26.483093743672807	21.745292569346024	22.777890261186474	28.99372342579469	0.0
121.0	26.77340899878395	20.652614511552493	19.59870287798946	32.9752736116741	0.0
122.0	25.21298174442191	17.748478701825558	19.898580121703855	37.13995943204868	0.0
123.0	28.762949421084706	18.119033109892342	20.27219175299614	32.84582571602681	0.0
124.0	30.5935141749949	16.806037120130533	19.375892310830103	33.22455639404446	0.0
125.0	26.7021059088121	18.626047842976895	21.815579636066243	32.85626661214476	0.0
126.0	29.393691110200738	20.48340843916428	18.885702580909463	31.237197869725524	0.0
127.0	29.599999999999998	19.097435897435897	22.256410256410255	29.046153846153842	0.0
128.0	32.21104495996715	19.975364401560256	17.86080886881544	29.952781769657154	0.0
129.0	31.503187332922067	17.91075467818219	22.02344231955583	28.562615669339912	0.0
130.0	30.22249690976514	17.470127729707457	19.138854552946025	33.16852080758137	0.0
131.0	31.240966343175717	20.0082593433822	18.005368573198428	30.745405740243655	0.0
132.0	30.039361922519163	19.05945721980526	21.586906981562045	29.31427387611353	0.0
133.0	27.246316663208137	20.792695579995847	20.979456318738325	30.981531438057687	0.0
134.0	29.18053244592346	21.56821963394343	17.866056572379367	31.385191347753743	0.0
135.0	29.568660137528653	16.878516357574494	19.545738695561575	34.00708480933528	0.0
136.0	28.40150250417362	17.13272120200334	19.532554257095157	34.93322203672788	0.0
137.0	28.998536483378633	16.621367342671963	19.27660464143843	35.10349153251098	0.0
138.0	31.985756179304563	18.307498952660243	18.977796397151238	30.728948470883953	0.0
139.0	29.859509331096667	19.85741245544139	21.199412874816524	29.08366533864542	0.0
140.0	30.2565180824222	16.778805719091675	19.70142977291842	33.26324642556771	0.0
141.0	34.22606495149726	18.409953606073387	19.84394770139182	27.520033741037537	0.0
142.0	33.00929839391378	18.892645815722737	17.941673710904478	30.156382079459004	0.0
143.0	34.4988344988345	18.414918414918414	18.28777283322738	28.798474253019705	0.0
144.0	29.156933531535355	19.983011255043532	18.390316415374812	32.46973879804629	0.0
145.0	32.69517124016167	19.0810465858328	18.5067007019783	29.71708147202723	0.0
146.0	29.514480408858603	20.890119250425894	18.100511073253834	31.494889267461666	0.0
147.0	28.87323943661972	18.6513017498933	20.29449423815621	32.180964575330776	0.0
148.0	28.180457558263843	19.756254008980115	18.965148599529613	33.098139833226426	0.0
149.0	31.93403298350825	19.940029985007495	17.519811522810024	30.606125508674236	0.0
150.0	27.844568484328036	17.647058823529413	21.854873336195794	32.65349935594676	0.0
151.0	28.058482046871642	18.64115244033541	21.049236723285315	32.25112878950763	0.0
152.0	25.894011202068075	19.45282205945713	19.08660060318828	35.566566135286514	0.0
153.0	29.559204840103714	17.43733794295592	19.64131374243734	33.36214347450303	0.0
154.0	30.09329572575396	15.469733130830981	20.481666305055327	33.95530483835973	0.0
155.0	29.664341761115953	18.30863121185702	20.161290322580644	31.865736704446384	0.0
156.0	30.39387308533917	17.35229759299781	20.547045951859957	31.706783369803066	0.0
157.0	31.45302897278314	17.208077260755047	20.67603160667252	30.662862159789288	0.0
158.0	28.687802730074857	19.903126376045797	19.66094231616028	31.748128577719065	0.0
159.0	32.24381625441696	16.629858657243815	19.942579505300355	31.18374558303887	0.0
160.0	27.047366091190796	19.344842850818946	23.59451084550686	30.0132802124834	0.0
161.0	28.409846972721226	17.742293191394985	21.97826569084054	31.869594145043244	0.0
162.0	30.015552099533437	19.484558986891802	19.5512108420351	30.94867807153966	0.0
163.0	29.081177520071368	17.752007136485283	19.313113291703836	33.85370205173952	0.0
164.0	29.841411659593476	17.422381058744698	20.19209291936565	32.54411436229618	0.0
165.0	31.1787072243346	16.372176246924624	23.753075374636545	28.69604115410423	0.0
166.0	31.056874160322433	18.607254814151368	20.37617554858934	29.959695476936854	0.0
167.0	33.80503144654088	17.497753818508535	19.429469901168016	29.267744833782572	0.0
168.0	29.0024769196127	18.149065525782483	21.61675298356226	31.231704571042556	0.0
169.0	26.981259878076315	19.259426507112217	20.727026416798374	33.032287198013094	0.0
170.0	26.119402985074625	18.747173224785165	21.37042062415197	33.763003165988245	0.0
171.0	27.923844061650044	19.56029011786038	18.13236627379873	34.38349954669084	0.0
172.0	31.380563124432335	21.321525885558586	16.961852861035425	30.336058128973658	0.0
173.0	29.62036826551489	19.890884291884518	18.686065014776084	31.802682427824507	0.0
174.0	28.291124800365047	21.286789869952088	19.50718685831622	30.91489847136664	0.0
175.0	29.610983981693362	18.192219679633865	19.496567505720826	32.70022883295194	0.0
176.0	30.293308890925758	15.765352887259395	19.042163153070575	34.89917506874427	0.0
177.0	25.482093663911847	19.765840220385673	21.32690541781451	33.42516069788797	0.0
178.0	28.262370540851556	17.836593785960876	22.96892980437284	30.93210586881473	0.0
179.0	28.81864328564836	18.827872634979233	20.558375634517766	31.795108444854637	0.0
180.0	28.70348971573839	19.597873815576612	18.881442107695865	32.81719436098914	0.0
181.0	29.30157261794635	19.21831637372803	18.8945420906568	32.58556891766883	0.0
182.0	31.9898077368543	15.705350938151494	19.874913134120916	32.42992819087329	0.0
183.0	30.98885793871866	21.518105849582174	19.68430826369545	27.808727948003714	0.0
184.0	32.20773171867722	19.399161620866327	17.955286446204006	30.437820214252447	0.0
185.0	29.087940284581293	20.22393282015395	21.483554933519944	29.204571961744808	0.0
186.0	29.806120065405278	17.332398972202757	20.882971268395234	31.97850969399673	0.0
187.0	30.411407199625994	19.144460028050492	21.014492753623188	29.429640018700326	0.0
188.0	31.326148078725396	18.6738519212746	19.329896907216497	30.670103092783506	0.0
189.0	32.23529411764706	19.83529411764706	18.4	29.52941176470588	0.0
190.0	31.957547169811324	18.915094339622645	17.52358490566038	31.60377358490566	0.0
191.0	27.26843100189036	18.02930056710775	20.628544423440452	34.07372400756144	0.0
192.0	31.910858226647697	17.543859649122805	18.397344713134185	32.147937411095306	0.0
193.0	26.739491807171696	16.52814058418428	23.058655901211115	33.673711707432915	0.0
194.0	26.758883854042452	17.243024087765324	20.98735988552349	35.01073217266873	0.0
195.0	26.649139579349907	19.478967495219884	20.673996175908222	33.19789674952199	0.0
196.0	30.994011976047904	17.53293413173653	17.05389221556886	34.41916167664671	0.0
197.0	28.57142857142857	21.032412965186072	18.43937575030012	31.956782713085236	0.0
198.0	30.21911870936672	20.683843005056584	17.962918372261015	31.13411991331568	0.0
199.0	28.409365194303643	21.482017861453055	20.25102582669563	29.85759111754767	0.0
200.0	25.387596899224807	19.040697674418606	20.930232558139537	34.64147286821706	0.0
201.0	30.87378640776699	18.47087378640777	18.179611650485437	32.47572815533981	0.0
202.0	32.991953182150695	19.11728846622775	18.2882223847842	29.602535966837358	0.0
203.0	32.19094247246022	17.282741738066097	20.244798041615667	30.281517747858018	0.0
204.0	32.44106090373281	18.93418467583497	20.456777996070727	28.16797642436149	0.0
205.0	31.8876293740759	17.890586495810744	20.305569245933956	29.9162148841794	0.0
206.0	30.44982698961938	17.572911517548196	18.907563025210084	33.069698467622345	0.0
207.0	27.631578947368425	18.39622641509434	19.985104270109236	33.987090367428	0.0
208.0	26.164963867430853	18.988288063792673	20.807376027909292	34.039372040867185	0.0
209.0	28.3608195902049	17.391304347826086	20.28985507246377	33.95802098950525	0.0
210.0	29.902329075882793	16.779363886801903	18.357124968695217	34.96118206862008	0.0
211.0	28.92624184646262	18.28901154039137	20.923231309583542	31.86151530356247	0.0
212.0	26.374180534543623	17.67523953605648	20.87745839636914	35.07312153303076	0.0
213.0	29.703722461382633	16.991643454038996	19.118764244112434	34.18586984046594	0.0
214.0	29.87541317060768	19.52707856598017	20.823798627002287	29.77370963640987	0.0
215.0	31.393568147013784	21.490556406329762	18.68300153139357	28.432873915262892	0.0
216.0	29.473415132924334	19.88752556237219	20.270961145194274	30.368098159509206	0.0
217.0	26.313092492954137	20.24084037919549	21.470663592108636	31.975403535741737	0.0
218.0	26.047827204937	17.58806891231679	19.38801748521471	36.976086397531496	0.0
219.0	26.01856627127385	19.520371325425476	23.130479628674575	31.330582774626098	0.0
220.0	31.066701271736306	19.17985984946795	18.868414222683626	30.88502465611212	0.0
221.0	31.734028683181226	18.435462842242504	16.271186440677965	33.559322033898304	0.0
222.0	31.68238993710692	19.129979035639412	17.89832285115304	31.289308176100626	0.0
223.0	29.249011857707508	19.393939393939394	17.33860342555995	34.01844532279315	0.0
224.0	29.997352396081546	19.53931691818904	19.089224252051892	31.37410643367752	0.0
225.0	32.15331381421347	19.084375831780676	19.69656640936918	29.06574394463668	0.0
226.0	30.00267165375367	19.609938551963666	23.430403419716804	26.956986374565854	0.0
227.0	29.53631734119539	18.89573840793353	19.99463950683463	31.573304744036452	0.0
228.0	27.123655913978496	19.946236559139784	21.236559139784948	31.693548387096776	0.0
229.0	30.943396226415093	21.293800539083556	17.92452830188679	29.838274932614556	0.0
230.0	27.429805615550755	22.73218142548596	20.140388768898486	29.697624190064797	0.0
231.0	31.355013550135503	21.02981029810298	17.940379403794037	29.67479674796748	0.0
232.0	28.26855123674912	20.032617559119327	19.217178581136178	32.48165262299538	0.0
233.0	27.595628415300546	20.928961748633878	19.78142076502732	31.693989071038253	0.0
234.0	24.753018660812295	21.62458836443469	22.969264544456642	30.653128430296377	0.0
235.0	27.362637362637365	18.5989010989011	23.653846153846153	30.384615384615383	0.0
236.0	30.085564449351367	18.57576593982887	20.590670714877174	30.74799889594259	0.0
237.0	27.03601108033241	20.969529085872576	20.7202216066482	31.274238227146817	0.0
238.0	27.35376044568245	19.16434540389972	24.03899721448468	29.44289693593315	0.0
239.0	28.331936295054483	18.161497625034926	19.362950544844928	34.14361553506566	0.0
240.0	28.117084154235854	17.75963974106389	19.95496763298621	34.16830847171404	0.0
241.0	28.478506787330314	17.081447963800905	24.547511312217193	29.89253393665158	0.0
242.0	27.34263742523498	18.54172600398747	24.23810880091142	29.877527769866134	0.0
243.0	27.394909922790962	18.15842150414641	23.505862167572207	30.940806405490424	0.0
244.0	27.659574468085108	19.00517538815411	22.85796434732605	30.47728579643473	0.0
245.0	30.813785114393283	15.580654503330438	20.70663191427744	32.898928467998836	0.0
246.0	26.912928759894463	22.456757549105834	21.723834652594547	28.90647903840516	0.0
247.0	22.944493915108342	21.608785989907986	24.369249035322056	31.077471059661622	0.0
248.0	22.73288093769278	21.93090684762492	25.26218383713757	30.074028377544725	0.0
249.0	18.932748538011694	21.38157894736842	22.843567251461987	36.84210526315789	0.0
250.0	14.535182331792502	18.900873138161273	24.345146379044685	42.21879815100154	0.0
