# Position (bp)	A	C	G	T	N
0.0	60.88185415488977	9.986809873751648	12.982852835877143	16.148483135481438	0.0
1.0	13.368480512144606	61.0054603652796	13.481453586895123	12.144605535680663	0.0
2.0	17.69531978370315	55.75237740070856	10.236807756852508	16.31549505873578	0.0
3.0	61.21313299944352	11.519198664440735	11.704693006863291	15.562975329252456	0.0
4.0	60.73279052553664	11.324944485566247	11.010362694300518	16.931902294596597	0.0
5.0	15.537922125853479	56.48643661192102	11.127514301531647	16.848126960693854	0.0
6.0	17.013824884792626	56.60829493087558	10.894009216589861	15.483870967741936	0.0
7.0	62.34124792932082	10.565065341431989	10.896374010675501	16.19731271857169	0.0
8.0	60.96305826134901	12.791766219444956	11.247932365374012	14.997243153832015	0.0
9.0	16.379310344827587	55.649303008070426	10.088041085840059	17.883345561261923	0.0
10.0	15.747021081576534	9.092575618698442	10.760769935838681	64.39963336388634	0.0
11.0	15.236875800256081	11.798061093835742	9.877446497164808	63.08761660874337	0.0
12.0	15.557176728068574	10.304577785883641	11.544774758343971	62.59347072770382	0.0
13.0	16.119077872572156	53.67580323107642	11.5265928480668	18.678526048284624	0.0
14.0	16.25384198155849	10.594829144820105	56.91556680527934	16.235762068342073	0.0
15.0	57.44795405599425	10.91170136396267	12.43718592964824	19.20315865039483	0.0
16.0	14.590046544933763	12.101682778374508	12.119584675975654	61.188686000716075	0.0
17.0	16.286122012129862	53.692472351052444	10.863360684980378	19.158044951837315	0.0
18.0	16.052022091573136	10.921076073401032	12.399786210582576	60.62711562444326	0.0
19.0	16.85932776098168	56.10883869820381	11.079494931531212	15.9523386092833	0.0
20.0	15.407801418439714	12.411347517730496	11.046099290780143	61.13475177304964	0.0
21.0	15.956129488767026	11.92287281089687	12.188218644967275	59.93277905536883	0.0
22.0	16.143260409315456	9.932956951305576	55.04587155963303	18.877911079745942	0.0
23.0	16.81353542474445	11.508635882974975	10.962284102925626	60.715544589354955	0.0
24.0	59.676284306826176	9.781843771991555	11.945812807881774	18.59605911330049	0.0
25.0	17.55188181498417	10.534646500175871	52.97221245163559	18.94125923320436	0.0
26.0	60.05974345457741	10.103672465296082	10.08610086100861	19.750483219117907	0.0
27.0	14.925373134328357	13.397717295873573	9.271290605794556	62.40561896400351	0.0
28.0	15.47911547911548	53.65040365040365	9.143559143559143	21.726921726921727	0.0
29.0	17.835847071203087	8.681164503682918	10.312171168011224	63.170817257102776	0.0
30.0	16.9831223628692	10.724331926863574	52.390998593530234	19.90154711673699	0.0
31.0	18.08903748020412	9.783565018476157	10.64578567657927	61.481611824740455	0.0
32.0	16.867043847241867	10.37835926449788	10.307637906647809	62.44695898161245	0.0
33.0	16.58389499822632	54.13267115998581	10.62433487052146	18.659098971266406	0.0
34.0	17.983312622048643	11.00656843600213	11.787679744363572	59.22243919758565	0.0
35.0	17.07013171947312	52.95478818084728	10.590957636169456	19.384122463510145	0.0
36.0	16.910192444761226	10.958660014255168	10.477548111190305	61.6535994297933	0.0
37.0	60.19971469329529	12.143366619115548	10.716833095577746	16.94008559201141	0.0
38.0	60.253435659468146	11.725861145814742	8.977333571301088	19.043369623416027	0.0
39.0	60.78116639914393	11.432138398430533	9.291956482967718	18.49473871945782	0.0
40.0	16.113490364025694	54.15774446823698	12.223411848679515	17.505353319057814	0.0
41.0	16.14940454709491	9.220498015156982	56.676290147961026	17.95380728978708	0.0
42.0	61.30726054680428	10.700706137968496	10.95419156255658	17.037841752670648	0.0
43.0	61.47959183673469	10.96938775510204	10.641399416909621	16.909620991253643	0.0
44.0	18.316559926806953	54.364135407136324	8.490393412625801	18.828911253430924	0.0
45.0	23.5626767200754	11.286522148916116	13.52497643732328	51.62582469368521	0.0
46.0	29.251908396946565	17.099236641221374	18.198473282442748	35.45038167938932	0.0
47.0	29.609299321924443	17.339360671617694	19.59961252825315	33.45172747820471	0.0
48.0	27.582846003898638	19.91552956465237	18.38856400259909	34.1130604288499	0.0
49.0	27.465708687132594	19.431743958197256	20.019595035924233	33.08295231874592	0.0
50.0	26.362442547603415	23.900196979645436	18.220617202889034	31.51674326986211	0.0
51.0	29.862023653088045	18.659658344283837	17.27989487516426	34.19842312746386	0.0
52.0	29.601580507079355	16.99045110306223	20.381955877510702	33.02601251234771	0.0
53.0	32.06987475280158	18.325642715886616	20.962425840474623	28.64205669083718	0.0
54.0	28.325041459369814	21.5257048092869	18.971807628524047	31.17744610281924	0.0
55.0	32.10491367861886	16.79946879150066	19.687915006640104	31.40770252324037	0.0
56.0	27.478376580172988	19.228210246174317	21.723220226214238	31.570192947438457	0.0
57.0	29.93672993672994	17.415917415917413	19.480519480519483	33.166833166833165	0.0
58.0	28.247078464106846	19.165275459098496	19.23205342237062	33.355592654424036	0.0
59.0	26.64881151657181	20.053565450284566	20.957482423836627	32.34014060930699	0.0
60.0	27.64528048370843	19.28115552569701	20.322472287537792	32.751091703056765	0.0
61.0	28.26819407008086	19.036388140161726	21.799191374663074	30.89622641509434	0.0
62.0	28.460236886632828	20.27072758037225	20.947546531302876	30.321489001692047	0.0
63.0	33.185991159469566	17.511050663039782	20.673240394423665	28.629717783066983	0.0
64.0	31.478320245817688	18.641174462273813	20.96278593376579	28.917719358142712	0.0
65.0	30.129958960328317	18.570451436388506	21.785225718194255	29.51436388508892	0.0
66.0	28.92844916124615	16.946251283806916	21.636425881547417	32.488873673399524	0.0
67.0	29.11956149366221	17.403220280918124	21.171634121274412	32.305584104145254	0.0
68.0	26.86618507051944	18.472652218782248	19.951840385276917	34.7093223254214	0.0
69.0	26.23574144486692	19.426201175250604	23.781541652264085	30.55651572761839	0.0
70.0	28.818843089712505	20.60962937305161	20.332525112573606	30.23900242466228	0.0
71.0	27.669902912621357	21.67128987517337	18.411927877947296	32.246879334257976	0.0
72.0	28.864188954498086	18.443904133379647	18.895449808961445	33.79645710316082	0.0
73.0	29.13769123783032	18.08066759388039	21.07093184979138	31.710709318497916	0.0
74.0	31.282586027111574	16.093152589502953	22.14111922141119	30.483142161974282	0.0
75.0	30.299860529986056	19.351464435146443	21.722454672245465	28.626220362622036	0.0
76.0	27.698218651763884	21.20153684945861	19.350331819769472	31.749912679008034	0.0
77.0	29.02097902097902	20.13986013986014	18.706293706293707	32.13286713286713	0.0
78.0	29.92649632481624	20.266013300665033	17.080854042702136	32.726636331816586	0.0
79.0	28.3807516684229	20.54794520547945	20.021074815595362	31.05022831050228	0.0
80.0	30.278463165315472	19.562918575960524	20.54987663024321	29.60874162848079	0.0
81.0	28.122794636556105	18.34862385321101	18.454481298517997	35.07410021171489	0.0
82.0	30.060049452490283	18.79194630872483	21.229247615683505	29.918756623101377	0.0
83.0	29.685845393575715	18.39039887045535	20.649488175079423	31.27426756088952	0.0
84.0	28.414720452937015	18.86058032554848	20.382165605095544	32.34253361641897	0.0
85.0	32.90825363088912	16.861494863620262	20.26213248317393	29.968119022316685	0.0
86.0	30.177304964539008	18.085106382978726	21.879432624113477	29.858156028368793	0.0
87.0	30.848420305289316	18.210862619808307	21.050763223287188	29.889953851615193	0.0
88.0	33.938100320170754	19.494841693347563	17.716115261472787	28.850942725008892	0.0
89.0	29.70473141230879	17.716115261472787	18.214158662397722	34.3649946638207	0.0
90.0	30.06047669868374	17.467093561010316	19.565990750622557	32.90643898968339	0.0
91.0	29.715302491103202	22.206405693950177	16.583629893238435	31.494661921708182	0.0
92.0	28.947368421052634	19.7724039829303	17.78093883357041	33.49928876244665	0.0
93.0	33.48770929818311	17.88386177413609	18.881368008550055	29.747060919130746	0.0
94.0	30.439442658092176	18.04215791354055	19.328331546981065	32.190067881386206	0.0
95.0	30.07142857142857	17.785714285714285	19.071428571428573	33.07142857142858	0.0
96.0	28.82205513784461	17.901897601145723	20.408163265306122	32.867883995703544	0.0
97.0	30.824372759856633	18.88888888888889	18.817204301075268	31.46953405017921	0.0
98.0	30.18325547969817	20.2299676607977	18.397412863816026	31.189363995688108	0.0
99.0	30.564545127651925	18.12297734627832	20.02876663070838	31.283710895361384	0.0
100.0	31.988472622478387	14.985590778097983	20.064841498559076	32.961095100864554	0.0
101.0	31.8625678119349	18.37251356238698	19.56600361663653	30.198915009041592	0.0
102.0	31.745454545454542	14.472727272727273	20.69090909090909	33.09090909090909	0.0
103.0	28.696604600219054	18.072289156626507	21.686746987951807	31.544359255202632	0.0
104.0	27.466079941327465	18.26182618261826	21.635496883021634	32.63659699303263	0.0
105.0	28.539904376609048	19.86024273630011	19.087899963221773	32.51195292386907	0.0
106.0	30.715339233038346	18.76843657817109	18.694690265486727	31.821533923303836	0.0
107.0	30.51348356113779	19.061691909863317	19.135574436645733	31.28925009235316	0.0
108.0	32.99962921764924	19.058212829069337	16.53689284390063	31.405265109380792	0.0
109.0	29.182156133828997	20.4089219330855	20.37174721189591	30.03717472118959	0.0
110.0	25.644859813084114	20.5607476635514	19.925233644859812	33.86915887850467	0.0
111.0	30.33033033033033	17.905405405405407	19.96996996996997	31.794294294294296	0.0
112.0	26.297968397291193	19.714070729872084	21.143717080511664	32.84424379232506	0.0
113.0	27.393113885735904	19.901626939084373	18.955732122587968	33.74952705259175	0.0
114.0	29.364777481932293	17.459109927729173	21.18676302776721	31.989349562571316	0.0
115.0	30.065109153581005	17.847567981616237	20.145538108004597	31.941784756798164	0.0
116.0	29.68211413251628	19.379548065875145	18.72845653006511	32.20988127154347	0.0
117.0	31.070195627157656	18.8722669735328	18.25853471423092	31.799002685078637	0.0
118.0	28.263380824027724	17.019638043896805	21.44782441278398	33.269156719291495	0.0
119.0	23.72685185185185	20.293209876543212	26.96759259259259	29.01234567901235	0.0
120.0	26.584234930448225	20.131375579598146	23.106646058732615	30.17774343122102	0.0
121.0	30.411171450737008	19.006982156710627	18.114817688130334	32.467028704422034	0.0
122.0	30.1791277258567	17.95171339563863	21.18380062305296	30.68535825545171	0.0
123.0	32.99452697419859	17.083659108678656	18.60828772478499	31.313526192337765	0.0
124.0	30.56426332288401	18.103448275862068	20.65047021943574	30.681818181818183	0.0
125.0	28.43098702320094	19.0326386158081	20.015729453401494	32.520644907589464	0.0
126.0	31.331489529830108	18.806795732911894	17.779533781114186	32.082180956143816	0.0
127.0	28.57142857142857	19.841269841269842	21.349206349206348	30.238095238095237	0.0
128.0	30.965682362330405	19.233838786911413	18.595371109337588	31.20510774142059	0.0
129.0	30.408653846153843	20.15224358974359	17.147435897435898	32.29166666666667	0.0
130.0	29.67871485943775	20.401606425702813	16.586345381526105	33.33333333333333	0.0
131.0	30.806451612903224	20.806451612903228	18.588709677419356	29.798387096774192	0.0
132.0	28.450020234722786	19.668150546337515	22.01537838931607	29.866450829623638	0.0
133.0	29.11084043848965	20.747056435241575	19.569630531871702	30.572472594397077	0.0
134.0	25.0	22.02283849918434	19.861337683523654	33.115823817292004	0.0
135.0	28.20828208282083	15.785157851578516	20.54120541205412	35.46535465354654	0.0
136.0	25.072046109510087	19.39069575957184	21.449156031288595	34.088102099629474	0.0
137.0	27.83761391880696	17.149958574979287	19.594034797017397	35.418392709196354	0.0
138.0	30.266444629475437	18.026644462947544	19.317235636969194	32.389675270607825	0.0
139.0	30.050293378038557	17.057837384744342	18.86001676445935	34.03185247275775	0.0
140.0	27.705263157894738	18.021052631578947	20.042105263157893	34.23157894736842	0.0
141.0	31.318681318681318	18.13186813186813	18.04733727810651	32.502113271344044	0.0
142.0	31.096006796941378	14.953271028037381	20.730671197960916	33.220050977060325	0.0
143.0	31.810418445772843	19.598633646456022	19.257045260461144	29.33390264730999	0.0
144.0	30.528123658222412	17.99055388578789	17.86174323744096	33.619579218548736	0.0
145.0	27.948164146868248	18.57451403887689	20.38876889848812	33.08855291576674	0.0
146.0	28.521889900303428	19.419159081057654	19.28912006935414	32.76983094928478	0.0
147.0	29.524640209332752	18.53467073702573	18.14217182730048	33.79851722634104	0.0
148.0	26.55838454784899	20.54433713784021	19.051799824407375	33.84547848990343	0.0
149.0	28.880070546737212	20.238095238095237	18.738977072310405	32.142857142857146	0.0
150.0	28.868258178603007	19.05393457117595	17.639257294429708	34.43854995579134	0.0
151.0	28.761651131824234	18.375499334221036	21.66000887705282	31.20284065690191	0.0
152.0	28.533214444939816	19.794917521176995	17.92242532322782	33.74944271065537	0.0
153.0	31.440071556350624	17.352415026833633	19.32021466905188	31.887298747763865	0.0
154.0	30.423042304230425	16.65166516651665	21.107110711071105	31.818181818181817	0.0
155.0	30.975056689342406	20.317460317460316	16.825396825396826	31.882086167800455	0.0
156.0	31.204379562043794	15.83029197080292	18.75	34.215328467153284	0.0
157.0	28.434065934065934	17.216117216117215	22.252747252747252	32.0970695970696	0.0
158.0	29.83425414364641	21.500920810313076	17.265193370165747	31.39963167587477	0.0
159.0	34.55134135060129	14.754856614246068	19.88899167437558	30.804810360777058	0.0
160.0	27.390900649953576	20.00928505106778	23.119777158774372	29.480037140204274	0.0
161.0	29.205607476635514	19.252336448598133	21.16822429906542	30.373831775700932	0.0
162.0	30.686090225563913	17.528195488721803	20.6296992481203	31.15601503759399	0.0
163.0	30.20292590844738	17.60264275601699	17.55545068428504	34.63898065125059	0.0
164.0	30.55028462998102	16.08159392789374	21.67931688804554	31.688804554079695	0.0
165.0	30.63363506431634	17.770366841353024	21.77227251071939	29.823725583611242	0.0
166.0	28.68773946360153	19.779693486590038	20.78544061302682	30.747126436781606	0.0
167.0	27.911453320500478	18.527430221366696	22.473532242540905	31.087584215591917	0.0
168.0	28.191489361702125	17.359767891682782	18.423597678916828	36.02514506769826	0.0
169.0	26.76056338028169	17.87275376396309	21.418164157357943	33.94851869839728	0.0
170.0	30.532486565705913	15.437225207620909	19.394235466536394	34.636052760136785	0.0
171.0	28.978388998035363	18.222003929273082	17.4852652259332	35.31434184675835	0.0
172.0	32.11462450592885	19.318181818181817	17.786561264822133	30.780632411067195	0.0
173.0	28.201295465869457	19.531639262580967	19.581464872944693	32.68560039860488	0.0
174.0	29.523809523809526	18.99749373433584	18.897243107769423	32.581453634085214	0.0
175.0	28.060453400503775	19.64735516372796	19.748110831234257	32.544080604534	0.0
176.0	29.750382068262866	19.66377992868059	18.79775853285787	31.788079470198678	0.0
177.0	28.769943386515695	22.799794132784353	18.27071538857437	30.159547092125578	0.0
178.0	28.157349896480333	20.652173913043477	19.875776397515526	31.314699792960667	0.0
179.0	25.754422476586893	18.158168574401664	25.338189386056193	30.749219562955254	0.0
180.0	30.005254860746188	15.86967945349448	20.966894377299003	33.158171308460325	0.0
181.0	28.904182106934883	20.43409211222869	19.21651667548968	31.445209105346745	0.0
182.0	33.84943940202883	17.61879337960491	19.487453283502404	29.04431393486385	0.0
183.0	28.31001076426265	22.17438105489774	21.689989235737354	27.82561894510226	0.0
184.0	29.37024972855592	19.435396308360477	20.466883821932683	30.727470141150924	0.0
185.0	28.0327868852459	21.420765027322407	23.060109289617486	27.48633879781421	0.0
186.0	30.93010456796918	17.94166208035223	22.069345074298294	29.058888277380294	0.0
187.0	31.76013325930039	20.82176568573015	17.54580788450861	29.872293170460857	0.0
188.0	28.683035714285715	19.587053571428573	20.479910714285715	31.25	0.0
189.0	29.1289592760181	19.570135746606336	20.192307692307693	31.108597285067873	0.0
190.0	30.22196926579397	18.782014797951053	19.408081957882757	31.587933978372224	0.0
191.0	26.514285714285712	20.62857142857143	19.485714285714288	33.371428571428574	0.0
192.0	30.693641618497107	20.0	20.46242774566474	28.84393063583815	0.0
193.0	29.895104895104897	16.724941724941726	22.66899766899767	30.710955710955712	0.0
194.0	27.133608004708655	21.4832254267216	22.778104767510303	28.605061801059446	0.0
195.0	29.074626865671643	20.298507462686565	18.328358208955223	32.298507462686565	0.0
196.0	29.468599033816425	19.565217391304348	20.41062801932367	30.555555555555557	0.0
197.0	30.386740331491712	19.39840392879067	21.301411909146715	28.913443830570902	0.0
198.0	27.33037412809131	22.89156626506024	20.79898541534559	28.979074191502853	0.0
199.0	29.344919786096256	22.927807486631018	18.91711229946524	28.810160427807485	0.0
200.0	26.88087774294671	16.065830721003135	20.689655172413794	36.36363636363637	0.0
201.0	32.457983193277315	16.80672268907563	19.012605042016805	31.72268907563025	0.0
202.0	36.78646934460888	18.28752642706131	16.0676532769556	28.858350951374206	0.0
203.0	37.5667022411953	16.435432230522945	17.395944503735326	28.601921024546424	0.0
204.0	34.69827586206897	17.67241379310345	23.275862068965516	24.353448275862068	0.0
205.0	35.5119825708061	17.647058823529413	22.54901960784314	24.29193899782135	0.0
206.0	28.399122807017545	21.052631578947366	21.162280701754383	29.385964912280706	0.0
207.0	28.28729281767956	23.646408839779006	16.022099447513813	32.04419889502763	0.0
208.0	31.596452328159646	17.073170731707318	18.514412416851442	32.8159645232816	0.0
209.0	22.55892255892256	22.671156004489337	21.66105499438833	33.108866442199776	0.0
210.0	26.704545454545453	18.181818181818183	19.772727272727273	35.340909090909086	0.0
211.0	31.2	18.057142857142857	19.428571428571427	31.314285714285717	0.0
212.0	26.69735327963176	19.102416570771002	21.86421173762946	32.336018411967785	0.0
213.0	27.62237762237762	20.04662004662005	17.715617715617714	34.61538461538461	0.0
214.0	28.705882352941174	26.705882352941174	18.705882352941178	25.882352941176475	0.0
215.0	29.905437352245862	21.86761229314421	19.030732860520093	29.196217494089833	0.0
216.0	28.349282296650717	16.74641148325359	17.105263157894736	37.79904306220095	0.0
217.0	25.82216808769793	17.783191230207066	25.700365408038977	30.694275274056025	0.0
218.0	24.77987421383648	21.635220125786166	18.364779874213834	35.22012578616352	0.0
219.0	19.835841313269494	20.930232558139537	24.21340629274966	35.02051983584131	0.0
220.0	0.0	29.978118161925604	27.13347921225383	42.88840262582057	0.0
