# Position (bp)	A	C	G	T	N
0.0	26.391026860611934	24.24978812460003	25.212307798744316	24.145147620941938	0.0017295951017866718
1.0	26.73658872077029	20.664546079779917	15.202028885832187	37.396836313617605	0.0
2.0	27.436727285181	20.657385526901606	17.60762354875167	34.29740744546046	8.56193705263879E-4
3.0	24.256117316054222	21.952425611731606	14.780458692130615	39.00844061727343	0.002557762810128741
4.0	33.699577801515844	14.752361089916407	14.23012360750801	37.31539413669736	0.0025433643623785545
5.0	35.309834028053736	14.747237323818624	22.510632181478442	27.42553245457543	0.006764012073761551
6.0	31.544568808576628	17.508091160407254	20.80186770952734	30.145472321488775	0.0
7.0	34.698011397065	17.52172670577754	20.096992721343444	27.68326917581402	0.0
8.0	24.081420412134225	26.73337079499803	21.380825778098345	27.804383014769403	0.0
9.0	28.27383445295093	18.219054160454323	16.242272963329032	37.26316318496306	0.0016752383026485517
10.0	26.903162666978947	16.753519418490853	24.768508837232645	31.573972614198127	8.364630994303686E-4
11.0	27.668020525163385	19.11531197245483	19.742934028648314	33.473733473733475	0.0
12.0	26.235366810841505	20.418830680850352	20.921494297022427	32.42430821128572	0.0
13.0	26.811829975388978	21.583448045718097	18.344804571809952	33.259917407082966	0.0
14.0	30.478454928461186	19.15154548867476	20.42297584782881	29.94702373503525	0.0
15.0	29.216201560088432	18.75776915696826	19.2516581153798	32.77437116756351	0.0
16.0	29.836899845659698	17.878446585742296	18.840362073999916	33.44429149459809	0.0
17.0	29.70508488716473	18.725232553289118	20.544779543653277	31.02490301589288	0.0
18.0	31.806615776081426	18.0711633921495	18.067826304592664	32.054394527176406	0.0
19.0	30.158094523005047	18.966337129270432	19.754724064572642	31.12084428315188	0.0
20.0	30.802986693363366	17.481333166478954	19.896550285738122	31.819129854419554	0.0
21.0	29.38305593793017	17.929337170984024	19.033913152296332	33.652025195011056	0.0016685437784173863
22.0	28.78571726525675	18.648479539481915	20.26362991698995	32.30217327827139	0.0
23.0	29.566595753556086	17.571434530513493	19.889876110624453	32.97209360530597	0.0
24.0	30.727067951445374	17.971050765444456	18.779460226087682	32.522421057022484	0.0
25.0	29.40224419138197	17.90597755808618	19.575355608392776	33.11642264213907	0.0
26.0	30.76294164268135	17.537229383055937	20.659909064364076	31.039919909898632	0.0
27.0	28.559629583281193	18.377341175489093	20.481374880073417	32.58082008926709	8.342718892086932E-4
28.0	29.952863638259707	17.551412005172487	20.575647603554	31.9192424811246	8.342718892086932E-4
29.0	29.391643863044788	18.61943536007475	18.795468197290262	33.19345257959021	0.0
30.0	29.973886418434688	18.325393580897874	18.937769583100426	32.76211611783649	8.342997305211871E-4
31.0	30.411166919752365	18.691074140203913	19.052347022210355	31.840405827089626	0.005006090743738215
32.0	29.302849513955525	18.710834828319914	18.951979640368812	33.034336017355756	0.0
33.0	29.902533462398612	17.664140992690008	19.427384091591843	33.0051069795387	8.344737808338062E-4
34.0	28.83588168525072	18.721205848968417	19.508245977164986	32.933831875542495	8.346130733791815E-4
35.0	30.679125534818684	17.391340751718538	19.169743705675984	32.758952718260446	8.37289526345315E-4
36.0	31.177668462821273	17.52884881294572	18.661850849332517	32.631631874900485	0.0
37.0	28.813218149794515	19.274511448460956	19.76767592048981	32.14459448125472	0.0
38.0	30.637483313603507	18.44696874291615	19.120301572509213	31.795246370971125	0.0
39.0	30.157755764476363	18.766713197329253	19.13503422526447	31.94049681292992	0.0
40.0	29.407391135368965	19.350614238158805	18.9915341590767	32.250460467395534	0.0
41.0	29.299536195443505	17.924432136728903	20.54586228572399	32.22931992320891	8.494588946840862E-4
42.0	28.637657445756847	19.36050178111844	19.282098481362173	32.71889008198258	8.522097799594348E-4
43.0	29.299112562625034	18.48827864507635	20.100713027717457	32.11104081527965	8.549493015064208E-4
44.0	29.347705014951465	18.850836682060816	19.757349350104104	32.04410895288362	0.0
45.0	29.278389473865023	18.855317175395502	20.040537987185875	31.825755363553604	0.0
46.0	29.836926121939676	17.260014629318874	19.996557807323263	32.905640893249	8.605481691837701E-4
47.0	30.234622810646805	18.951696317749274	19.30940559922769	31.504275272376226	0.0
48.0	30.37296037296037	18.138651471984804	18.873348873348874	32.61417594750928	8.6333419666753E-4
49.0	28.065880643235904	19.161267441156372	20.06522322085067	32.707628694757055	0.0
50.0	29.35439929895798	18.49605663864234	19.139835324535603	33.00884111160276	8.676262613116774E-4
51.0	30.467387513079874	17.770317404952912	19.27537495640042	32.48604813393791	8.719916288803626E-4
52.0	28.8144212390622	19.044487698809338	19.987023690532553	32.154067371595914	0.0
53.0	30.833370058613546	18.81891498832136	19.286060552642017	31.061654400423077	0.0
54.0	29.89969989642443	18.694947813847257	19.124299537008348	32.280167491435094	8.852612848682289E-4
55.0	29.299940454501016	18.17826322665505	18.61730018930136	33.90360739075178	8.887387907820013E-4
56.0	29.19276270006959	18.22350695002052	21.311314526345843	31.27241582356405	0.0
57.0	27.539046766614454	19.437905571716268	19.083463862161558	33.93958379950772	0.0
58.0	30.327022684225174	17.696747726640275	22.059443980646147	29.916785608488404	0.0
59.0	28.092549061990578	21.141462448101013	21.150468779552025	29.61551971035638	0.0
60.0	30.815794712173584	18.66030872799001	19.785917226153206	30.737074503700757	9.048299824462984E-4
61.0	28.80103387393291	21.204426727825407	19.502539179817617	30.489269917544913	0.0027303008791568833
62.0	31.03713822092245	16.83000394209701	21.32857836980537	30.804279467175167	0.0
63.0	25.84759893285905	20.991737068326664	24.891618497109828	28.26904550170446	0.0
64.0	25.873753283293293	21.135528738748004	17.941503631485965	35.04734485562857	0.0018694908441685908
65.0	27.407966061748763	19.683242988451568	19.06575536177233	33.84115012962526	0.0018854584020740043
66.0	27.434771867814455	19.176975847063073	17.299469813579613	36.08213138741615	0.006651084126712654
67.0	33.080957941688844	14.334666998487661	17.910676340524915	34.66987001550625	0.0038287037923311067
68.0	34.27763965503846	15.974865977779503	23.18487297024318	26.561650221428017	9.711755108383188E-4
69.0	31.788824202617306	17.155794397173707	20.4279245658556	30.627456834353385	0.0
70.0	31.851229521439883	16.625197919022845	22.62793377925701	28.895638780280265	0.0
71.0	25.68523188246903	19.73604867887293	25.047966231772833	29.53075320688521	0.0
