# Position (bp)	A	C	G	T	N
0.0	25.607247079887674	21.302503882230265	28.197682414809737	24.892566623072327	0.0
1.0	28.79173839707281	16.496641914045306	25.018788939085933	29.692830749795956	0.0
2.0	29.614493854126923	18.901894575291227	23.327268627995867	28.156342942585983	0.0
3.0	26.812852581070462	25.98150998423453	19.308115736867805	27.897521697827198	0.0
4.0	29.85679660686939	18.05252662861663	18.05655502515001	34.03412173936397	0.0
5.0	36.65835578244817	18.562271747067026	17.600744392585014	27.1786280778998	0.0
6.0	26.39211753549105	19.68344506175326	16.26108134614447	37.66335605661122	0.0
7.0	26.963797654353012	25.467412695023917	18.132879733275438	29.435909917347637	0.0
8.0	34.76788756773982	18.924811589899395	18.704972143611137	27.602328698749645	0.0
9.0	28.930879436375257	16.649594164973742	20.665848674209926	33.753677724441076	0.0
10.0	28.615239983487857	24.633403339188916	21.463735058470455	25.287621618852768	0.0
11.0	26.71090360261085	20.917778387467013	18.75349538150367	33.61782262841847	0.0
12.0	28.10901178234848	20.69786853363747	17.28070753690431	33.91241214710974	0.0
13.0	35.10938748125226	18.31000365552609	18.246219990462535	28.33438887275911	0.0
14.0	29.14685736127271	18.171011055720072	19.029353308190338	33.65277827481688	0.0
15.0	30.494489639367757	17.935664766155348	23.703087389053344	27.866758205423555	0.0
16.0	28.170177860773126	20.107837201581052	18.6276822212841	33.09430271636172	0.0
17.0	26.29834858163878	25.315300676600067	18.225912397907035	30.160438343854118	0.0
18.0	26.811311583152666	23.613456757096763	21.867215270102825	27.708016389647756	0.0
19.0	26.799365289168886	17.873466608201717	19.654726671870886	35.672441430758504	0.0
20.0	26.6019665646802	19.99071741148389	18.692325093410922	34.71499093042499	0.0
21.0	29.60121935784566	24.00112890174416	16.989851281291482	29.4078004591187	0.0
22.0	27.280359115260122	25.99415106490915	17.637501544085286	29.087988275745445	0.0
23.0	26.41122397292915	24.498400985484484	17.356515796824752	31.733859244761614	0.0
24.0	29.203567398678913	17.37980283788327	18.76806335650197	34.64856640693585	0.0
25.0	28.992836135586312	24.234317066888693	17.826132531491652	28.94671426603334	0.0
26.0	34.422822658104444	17.071723358235946	20.197464388624482	28.307989595035128	0.0
27.0	30.064579083560695	17.744536220409984	24.017971393636078	28.172913302393244	0.0
28.0	30.547488781482606	17.42162895445632	17.918062186999027	34.11282007706205	0.0
29.0	30.11494926755699	23.284517758374122	18.41434680764446	28.186186166424427	0.0
30.0	35.572549818446355	17.89222482560291	17.866051427287758	28.669173928662982	0.0
31.0	27.721820691239525	20.408353120724325	24.614617004054395	27.255209183981755	0.0
32.0	27.875322617892383	24.03364200152918	17.323907765683387	30.767127614895045	0.0
33.0	33.466976553004116	17.666602547438007	21.003275465480172	27.86314543407771	0.0
34.0	28.60765840680271	26.17933200081734	17.85203448027239	27.360975112107553	0.0
35.0	28.41920426348066	23.830034389973235	16.556448547493893	31.194312799052216	0.0
36.0	27.8057986324593	17.826216691311917	19.373001959989267	34.99498271623951	0.0
37.0	28.669189824937046	24.77169438622416	17.97264735596134	28.586468432877453	0.0
38.0	34.467841409958034	18.142977528854303	19.002128374322957	28.387052686864706	0.0
39.0	28.265016785035122	18.422728198859005	18.877949509061978	34.434305507043895	0.0
40.0	30.569822342030804	18.315210056138994	24.13250237408244	26.982465227747767	0.0
41.0	29.65337120427145	17.412382821547425	25.800653395584703	27.133592578596417	0.0
42.0	28.32678574973013	17.884354354308503	19.443529190822492	34.34533070513887	0.0
43.0	28.182130608380202	19.89257200145547	23.525060769470176	28.40023662069415	0.0
44.0	27.753519435823097	18.080824590772725	17.04591557769898	37.1197403957052	0.0
45.0	32.99431546205382	17.427278039716185	18.01189261132963	31.56651388690037	0.0
46.0	27.818900750311244	19.69702473822844	24.15379102360285	28.33028348785747	0.0
47.0	26.497194577674794	18.714642962377877	19.063450214359875	35.72471224558746	0.0
48.0	29.211602171001623	24.441482751073075	17.980508471432337	28.366406606492973	0.0
49.0	29.702940850264664	18.907214169714624	17.669576144061576	33.72026883595913	0.0
50.0	27.64353637339279	18.99895907937043	19.407131594657496	33.950372952579286	0.0
51.0	28.470387455969497	24.012010453773534	17.786907149498855	29.730694940758113	0.0
52.0	29.291563797365484	18.18077492430784	18.774275050136602	33.75338622819007	0.0
53.0	27.912550810753032	17.985772051538653	19.5158297021707	34.58584743553762	0.0
54.0	27.876892723486215	19.252524936191534	24.264848190658128	28.605734149664126	0.0
55.0	26.496421141155462	26.620496615695515	18.220015878146214	28.66306636500281	0.0
56.0	33.34740913092693	18.662306628097095	17.886083511507987	30.10420072946799	0.0
57.0	27.668556759818706	20.046318729060957	18.23011542821353	34.05500908290681	0.0
58.0	27.901510300835152	18.26537042720082	25.099232283738026	28.733886988225994	0.0
59.0	27.514726252119004	17.67795684602247	19.33354889862378	35.473768003234746	0.0
60.0	28.25556004031848	19.90837343990229	24.39315397593257	27.44291254384666	0.0
61.0	35.419597117373826	19.001966466800262	17.549596173698532	28.02884024212738	0.0
62.0	29.65900137390548	24.131627406006583	18.055933303481517	28.15343791660642	0.0
63.0	29.342779288073416	18.040006959953132	17.580426568503658	35.03678718346979	0.0
64.0	28.240477598642016	18.7990777793993	18.42664992229485	34.53379469966384	0.0
65.0	35.35349253767769	17.651490264797882	18.813330674468574	28.18168652305586	0.0
66.0	28.005777406952458	19.827759365270666	18.425962407583377	33.740500820193496	0.0
67.0	28.026365670425896	18.06238778377698	25.84045413996196	28.070792405835164	0.0
68.0	26.992134966980313	18.44109826554082	18.76681662925955	35.79995013821931	0.0
69.0	29.934475793382237	23.97863138160914	18.194279142973453	27.892613682035165	0.0
70.0	27.065548352138485	26.023422493351088	18.81719364732031	28.093835507190118	0.0
71.0	27.46986265019837	24.682265644967774	18.042069379801422	29.805802325032438	0.0
72.0	28.213141593050306	18.110880906454494	19.76362271135545	33.91235478913975	0.0
73.0	27.738509602979182	18.971145113611353	24.94714248945875	28.343202793950713	0.0
74.0	28.473443395700844	26.582132878384996	18.031336904494275	26.913086821419885	0.0
75.0	35.584194539258114	17.509380641194415	18.335803306084806	28.57062151346266	0.0
76.0	27.781193916259696	26.281556670665086	18.07708564032407	27.86016377275115	0.0
77.0	35.032329325154834	18.238042703815992	17.132182768187533	29.597445202841644	0.0
78.0	36.36737304977402	17.097288655123034	18.009641793504645	28.525696501598308	0.0
79.0	29.096615964143773	18.05769263314099	25.052437440913515	27.793253961801717	0.0
80.0	36.54551048067249	17.822481271150505	17.430327016937035	28.201681231239974	0.0
81.0	35.291998835359834	17.040599983124057	20.117291137695354	27.55011004382075	0.0
82.0	34.46862785490132	18.459945102424644	18.800145537431746	28.27128150524229	0.0
83.0	36.895707911479505	18.398855827491722	17.618238367261004	27.087197893767765	0.0
84.0	28.769919620799183	17.302448882061327	24.25010611587013	29.677525381269366	0.0
85.0	36.142154490667664	17.742824677206514	18.00748905150812	28.107531780617702	0.0
86.0	34.11956983667874	19.16276656336207	18.003815986741337	28.71384761321785	0.0
87.0	28.96148583659591	23.703076527087255	18.395051275451454	28.940386360865382	0.0
88.0	29.824637070358783	18.05293727897944	18.45513399368806	33.66729165697372	0.0
89.0	28.474493747925194	17.91979979741405	17.973187153667403	35.63251930099335	0.0
90.0	29.0317559737651	23.70841916451769	19.646958632071364	27.61286622964585	0.0
91.0	32.277121742427454	18.495018252946	17.967893430718878	31.259966573907665	0.0
92.0	28.780178392002032	23.238129412244973	18.2588512477183	29.722840948034694	0.0
93.0	35.62349412612452	17.643880283349354	18.201498607845938	28.531126982680195	0.0
94.0	34.802707981054894	18.906594376601632	18.413795338752788	27.87690230359069	0.0
95.0	28.72461417416471	24.127994203451657	17.543823260586098	29.60356836179754	0.0
96.0	28.290737399316733	18.517262836412545	17.22501572972945	35.96698403454127	0.0
97.0	29.595205202776313	17.773301842649943	24.400632965517147	28.230859989056594	0.0
98.0	29.819897855637922	24.769275511506407	17.8819237397418	27.528902893113873	0.0
99.0	28.658738168912336	18.002389394307784	18.814608539898163	34.52426389688172	0.0
100.0	27.185483039199248	25.442885037575678	18.101366981533857	29.270264941691217	0.0
101.0	26.9510472534992	23.50685239943921	19.083145261017403	30.45895508604418	0.0
102.0	27.697929964912927	17.873266514590906	17.6322700854182	36.79653343507797	0.0
103.0	27.488042476633463	17.293218714744945	24.969637303792577	30.249101504829014	0.0
104.0	26.62240338815621	26.02640326325769	18.208678460114793	29.1425148884713	0.0
105.0	27.05163279424031	24.12417548943972	18.678064389399577	30.146127326920396	0.0
106.0	33.84146896548031	16.474454287606363	20.844151787387702	28.839924959525625	0.0
107.0	27.76530451472442	19.028804285550592	18.22254211069096	34.983349089034036	0.0
108.0	28.603725357857275	18.455704577692323	18.085589768107123	34.854980296343285	0.0
109.0	28.56015172225949	17.69034997142958	19.700835639743218	34.04866266656771	0.0
110.0	29.25084067117843	16.692205053312662	25.867886631964325	28.18906764354458	0.0
111.0	27.572154695812273	19.549212747507756	18.69479620866476	34.18383634801521	0.0
112.0	28.402733104363154	24.37547474967744	19.432735466753893	27.78905667920551	0.0
113.0	34.57545515462752	17.54313113717747	19.09622394285785	28.785189765337154	0.0
114.0	26.601339795797447	18.049352119929132	19.853753344734812	35.495554739538605	0.0
115.0	28.35639715706365	16.70404862369099	26.502670297008635	28.436883922236728	0.0
116.0	33.78758165484953	18.87367367794676	19.076957499182118	28.261787168021584	0.0
117.0	27.480578079076018	18.432695289999558	18.744184500864016	35.34254213006041	0.0
118.0	27.534097569397364	17.998596603543465	24.853825218604563	29.613480608454612	0.0
119.0	28.203887194413625	17.661326746254343	25.302710107188727	28.83207595214331	0.0
120.0	34.5617160578654	16.885366612429976	19.08169149841729	29.471225831287335	0.0
121.0	35.773658533663564	17.22073810971318	18.83817949309239	28.167423863530868	0.0
122.0	35.781740093823764	18.22876182611835	18.655991680814367	27.333506399243518	0.0
123.0	34.76247389662441	19.179687396873515	17.464002139185062	28.59383656731701	0.0
124.0	29.484686997714487	17.9059356310059	24.439720440207896	28.169656931071714	0.0
125.0	29.539519725023382	24.0558595620408	18.899858099366895	27.50476261356892	0.0
126.0	35.20220476138206	17.861318954057054	17.952942629248838	28.983533655312037	0.0
127.0	27.171607191822865	25.649962922637005	18.462346876609825	28.71608300893031	0.0
128.0	34.2905716566376	18.768075340783493	18.73054310450694	28.210809898071965	0.0
129.0	27.438574912538876	25.961205370165075	17.293315654221544	29.30690406307451	0.0
130.0	29.942880447484217	17.390972928381167	17.794818457176202	34.87132816695841	0.0
131.0	29.00617235266213	17.357959545389733	18.86590644458578	34.76996165736236	0.0
132.0	28.321323613185566	17.6957256633439	19.0803941123498	34.90255661112073	0.0
133.0	28.457013228959138	24.3533521003152	19.48416266545994	27.705472005265726	0.0
134.0	28.616065560092157	23.872113425067713	18.266193432498405	29.245627582341722	0.0
135.0	30.629063283453227	16.99433838301183	17.955967309518332	34.42063102401661	0.0
136.0	29.087825999651574	24.317801121709845	18.521308161464944	28.073064717173636	0.0
137.0	28.154938797771507	17.30303535304807	24.266797222915493	30.275228626264926	0.0
138.0	28.668198669239576	17.480442946249127	17.945168186658766	35.906190197852524	0.0
139.0	27.198323807869855	18.39550110289551	25.803694649700525	28.602480439534112	0.0
140.0	32.621719853002915	18.11544535079731	19.632765624899086	29.630069171300693	0.0
141.0	31.967118066818035	17.78486863444697	19.83433344145313	30.413679857281867	0.0
142.0	27.786961822552314	17.83876200614275	27.685030459322103	26.68924571198284	0.0
143.0	27.84378813367046	17.424294763435828	29.00352183928721	25.7283952636065	0.0
144.0	30.399299739830465	17.171148095807574	19.139086583532034	33.290465580829924	0.0
145.0	26.932132208378086	17.808569258220707	24.847214599028298	30.41208393437291	0.0
146.0	26.460389727124124	19.15102030577818	19.084128716141358	35.304461250956344	0.0
147.0	26.77042099275061	25.85942899698107	17.711990236871415	29.658159773396907	0.0
148.0	30.379157288922382	17.699295458975275	18.719576976832762	33.20197027526958	0.0
149.0	30.81172678641348	16.85038390030261	19.48897999120093	32.848909322082974	0.0
150.0	22.62705253033821	22.40386205226253	22.462174756467608	32.50691066093165	0.0
