# Position (bp)	A	C	G	T	N
0.0	30.406860582786265	21.432834271776642	24.217026907807675	23.943278237629414	0.0
1.0	25.28866862139651	20.144528918757622	12.43675238070526	42.13005007914062	0.0
2.0	27.009637960332594	25.130041120234527	15.384415820264364	32.475905099168514	0.0
3.0	25.97761377932841	22.509435675283072	14.618487438554622	36.89446310683389	0.0
4.0	31.669390190127878	16.592742458433847	10.60877233937696	41.12909501206132	0.0
5.0	36.18020074175895	17.450787146302876	22.65736442150582	23.711647690432347	0.0
6.0	29.76698349304322	18.80859450978358	15.804146838003605	35.620275159169594	0.0
7.0	37.94784683411351	18.17321282692981	18.33529999092312	25.54364034803356	0.0
8.0	23.25756298707193	24.258613311894607	24.608721586120154	27.875102114913314	0.0
9.0	25.368586210920785	20.54098211854407	15.683553987992582	38.406877682542564	0.0
10.0	24.626875348487403	16.474539348279933	25.6201454894384	33.278439813794265	0.0
11.0	23.908505037669055	26.13493432228115	19.119801864650736	30.83675877539906	0.0
12.0	26.92980977450434	23.861823934438984	22.181304218156356	27.02706207290032	0.0
13.0	25.16111464100935	24.975686925401003	17.605259404297254	32.257939029292395	0.0
14.0	29.00582217093064	20.893683787393506	17.2940520494301	32.80644199224575	0.0
15.0	29.131601810189444	21.01687003202842	20.267378985723365	29.584149172058765	0.0
16.0	27.049105927203414	19.70979914158638	15.341225897638713	37.89986903357149	0.0
17.0	31.65238138461339	20.39315862498217	15.68096059336869	32.27349939703575	0.0
18.0	33.871030485353806	20.44502651746003	19.48936059855548	26.19458239863069	0.0
19.0	27.549631089614753	16.617176052594044	25.77056237762419	30.062630480167012	0.0
20.0	25.31542162113098	18.994022225391927	18.027982727991805	37.66257342548529	0.0
21.0	26.962227207303	22.195567888587767	15.048172305138813	35.79403259897042	0.0
22.0	30.159882778563002	25.467135206628715	18.05910346347852	26.31387855132976	0.0
23.0	24.66447957053385	21.80526199769188	19.61384354050234	33.91641489127193	0.0
24.0	34.95247604351716	16.850581568744406	18.19914677316874	29.99779561456969	0.0
25.0	24.768215355489566	28.0449694627783	15.321775437959516	31.86503974377261	0.0
26.0	30.02243286349667	20.223291277117184	21.462933907338012	28.291341952048132	0.0
27.0	29.809774504337454	24.563337180202023	21.431813171851292	24.195075143609227	0.0
28.0	31.062384107677744	23.068245179527743	13.400070021654845	32.469300691139665	0.0
29.0	35.01342081717865	19.28707581789183	15.521466823999274	30.178036540930254	0.0
30.0	26.095371705441462	19.527687931101674	13.010664692204774	41.3662756712521	0.0
31.0	33.50649688826394	21.523058094419707	15.174595734708227	29.795849282608128	0.0
32.0	34.10625991842302	15.548152714205148	22.972707122903195	27.372880244468632	0.0
33.0	26.327935330683243	18.60843582424032	20.102446442387215	34.96118240268922	0.0
34.0	31.78747312200874	16.928625927724212	19.323021433030448	31.960879517236595	0.0
35.0	27.95825915284412	20.531984276674127	20.775237524457527	30.734519046024218	0.0
