# Position (bp)	A	C	G	T	N
0.0	78.71192341166231	5.604873803307224	6.353350739773717	9.329852045256745	0.0
1.0	7.222415593456318	77.70623042116254	7.553080403759137	7.518273581621998	0.0
2.0	9.67853439336329	74.9740753543035	6.515727618389215	8.831662633944003	0.0
3.0	77.93079703907729	6.334997417799966	6.197280082630401	9.53692546049234	0.0
4.0	77.11340206185568	7.9381443298969065	5.841924398625429	9.106529209621993	0.0
5.0	9.665236051502147	74.78111587982833	5.579399141630901	9.974248927038627	0.0
6.0	10.039471426119787	74.44654195984212	5.749099021795092	9.764887592243007	0.0
7.0	78.59348198970841	5.8147512864493995	5.969125214408233	9.622641509433963	0.0
8.0	77.32259170380527	7.216318135070278	5.8279053822420295	9.633184778882413	0.0
9.0	9.629883481836874	73.13228238519534	6.922549691569568	10.315284441398218	0.0
10.0	9.044193216855087	5.39568345323741	6.097978759849263	79.46214457005823	0.0
11.0	8.33190761334474	6.176218990590248	6.569717707442259	78.92215568862275	0.0
12.0	8.596821056229704	6.904802597846523	6.016065629806871	78.4823107161169	0.0
13.0	8.619218296637651	73.95459976105137	7.0831199863457925	10.343061955965181	0.0
14.0	9.713701431492842	5.521472392638037	75.13633265167007	9.628493524199046	0.0
15.0	76.10724588494826	5.8374342440183264	7.296792805022909	10.75852706601052	0.0
16.0	8.813559322033898	6.8474576271186445	7.59322033898305	76.7457627118644	0.0
17.0	9.52139353965838	73.09318450870961	6.578724843565026	10.80669710806697	0.0
18.0	8.71180145196691	7.006584501097417	7.141651190275199	77.13996285666047	0.0
19.0	8.917734322319621	74.02225219150371	6.641942009440324	10.418071476736346	0.0
20.0	8.195893638505554	7.270279367216426	6.563446650959273	77.97038034331875	0.0
21.0	8.866498740554157	6.011754827875734	8.144416456759027	76.97732997481108	0.0
22.0	9.191546460919154	6.205971150620597	73.31432405233144	11.288158336128816	0.0
23.0	10.360435875943	6.957250628667226	6.504610226320201	76.17770326906957	0.0
24.0	77.29177140941846	6.234288587229764	6.837606837606838	9.63633316574493	0.0
25.0	10.036863270777479	5.831099195710456	72.63739946380697	11.494638069705093	0.0
26.0	75.68246524870206	6.01239323396416	5.727683805057779	12.577457712275999	0.0
27.0	8.842739909562887	7.737397420867527	5.6774409646625354	77.74242170490704	0.0
28.0	8.821560093739537	72.41379310344827	5.758285905590894	13.006360897221292	0.0
29.0	9.235402375773798	5.7721264848586245	6.42462773966873	78.56784339969884	0.0
30.0	9.830849104002679	6.112878914754647	72.165466421035	11.89080556020767	0.0
31.0	10.615462015763876	5.735368103303706	5.56766728156968	78.08150259936274	0.0
32.0	9.06801007556675	7.153652392947103	5.591939546599496	78.18639798488664	0.0
33.0	10.065535204167366	72.81129221979499	6.335069736178793	10.788102839858848	0.0
34.0	10.854930999663413	6.799057556378324	5.974419387411646	76.37159205654662	0.0
35.0	9.915824915824915	72.62626262626263	5.757575757575758	11.700336700336699	0.0
36.0	10.281476487443115	5.814933423226024	6.202595651441093	77.70099443788978	0.0
37.0	77.96724632787438	6.4325510720918455	5.824750970791828	9.775451629241939	0.0
38.0	77.29191288198548	6.381901063650178	6.111767685294614	10.214418369069728	0.0
39.0	76.31667792032411	7.849426063470628	5.030384875084402	10.803511141120865	0.0
40.0	9.20785375761679	71.75016926201761	7.125930941096819	11.916046039268787	0.0
41.0	10.397236614853195	5.3022452504317785	74.52504317789291	9.775474956822107	0.0
42.0	78.30271216097988	6.00174978127734	6.10673665791776	9.588801399825021	0.0
43.0	77.17352415026834	6.475849731663685	6.243291592128801	10.107334525939176	0.0
44.0	9.87410071942446	73.30935251798562	5.863309352517986	10.953237410071942	0.0
45.0	20.05948446794448	8.955717118307998	11.797752808988763	59.18704560475876	0.0
46.0	27.652259332023576	13.948919449901767	16.74852652259332	41.650294695481335	0.0
47.0	31.019283746556475	16.03305785123967	19.33884297520661	33.608815426997246	0.0
48.0	28.492239467849224	19.235033259423503	20.39911308203991	31.87361419068736	0.0
49.0	27.676095396561283	19.190238491403218	19.467554076539102	33.66611203549639	0.0
50.0	28.142380422691883	21.69076751946607	18.46496106785317	31.70189098998888	0.0
51.0	30.161380077907623	19.421257651641625	17.696160267111853	32.7212020033389	0.0
52.0	28.28507795100223	17.42761692650334	21.046770601336302	33.240534521158125	0.0
53.0	29.549248747913186	18.753478018920422	19.922092376182526	31.775180856983866	0.0
54.0	31.350750416898276	19.232907170650364	19.566425792106727	29.849916620344636	0.0
55.0	30.239021678710394	17.509727626459142	19.844357976653697	32.40689271817676	0.0
56.0	28.01556420233463	18.565869927737634	19.399666481378546	34.018899388549194	0.0
57.0	32.36929922135706	17.797552836484982	19.243604004449388	30.589543937708562	0.0
58.0	29.199110122358174	20.18909899888765	19.07675194660734	31.53503893214683	0.0
59.0	27.910863509749305	18.217270194986074	21.72701949860724	32.14484679665738	0.0
60.0	29.64824120603015	16.582914572864322	19.597989949748744	34.17085427135678	0.0
61.0	27.516778523489933	19.23937360178971	21.364653243847876	31.879194630872483	0.0
62.0	29.434806939003916	20.145495243424737	19.69781757134863	30.72188024622272	0.0
63.0	32.80987100392597	16.545148625911384	18.900729108244533	31.744251261918116	0.0
64.0	28.774120317820657	18.615209988649262	21.679909194097615	30.930760499432463	0.0
65.0	29.572649572649574	19.82905982905983	20.22792022792023	30.37037037037037	0.0
66.0	30.068337129840543	17.084282460136674	19.874715261958997	32.972665148063776	0.0
67.0	28.14814814814815	18.68945868945869	19.31623931623932	33.84615384615385	0.0
68.0	25.769669327251993	19.84036488027366	20.980615735461804	33.409350057012546	0.0
69.0	26.8	19.428571428571427	21.485714285714288	32.285714285714285	0.0
70.0	28.799999999999997	20.514285714285716	21.485714285714288	29.2	0.0
71.0	27.787307032590054	21.66952544311035	18.925100057175527	31.61806746712407	0.0
72.0	27.679083094555875	19.083094555873924	20.057306590257877	33.18051575931232	0.0
73.0	32.58877434135166	16.38029782359679	19.702176403207332	31.328751431844214	0.0
74.0	29.799426934097422	17.478510028653297	21.60458452722063	31.11747851002865	0.0
75.0	28.16982214572576	19.219736087205966	22.030981067125648	30.57946069994263	0.0
76.0	28.908045977011493	20.74712643678161	17.75862068965517	32.58620689655172	0.0
77.0	29.195402298850574	18.850574712643677	18.620689655172416	33.33333333333333	0.0
78.0	29.161882893226178	18.94374282433984	18.771526980482204	33.12284730195178	0.0
79.0	30.339666090961426	20.437535981577433	17.328727691421992	31.894070236039145	0.0
80.0	28.168202764976957	20.334101382488477	20.910138248847925	30.587557603686637	0.0
81.0	29.272517321016167	18.12933025404157	17.84064665127021	34.75750577367205	0.0
82.0	31.23556581986143	16.8013856812933	20.034642032332563	31.928406466512705	0.0
83.0	29.948066935949218	17.830351990767454	22.273514137334104	29.948066935949218	0.0
84.0	27.6878612716763	18.20809248554913	21.84971098265896	32.25433526011561	0.0
85.0	31.307870370370374	16.608796296296298	20.48611111111111	31.59722222222222	0.0
86.0	29.333333333333332	18.434782608695652	22.202898550724637	30.028985507246375	0.0
87.0	30.80046403712297	18.271461716937353	20.88167053364269	30.046403712296982	0.0
88.0	33.08183401044689	18.28206616366802	17.58560650029019	31.050493325594893	0.0
89.0	30.331202789076116	18.12899477048228	18.768158047646715	32.77164439279488	0.0
90.0	29.68568102444703	16.530849825378347	19.615832363213038	34.16763678696158	0.0
91.0	29.428904428904428	21.037296037296038	16.84149184149184	32.69230769230769	0.0
92.0	29.44606413994169	16.909620991253643	18.192419825072886	35.45189504373178	0.0
93.0	31.932282545242263	16.695855224751895	19.264448336252187	32.10741389375365	0.0
94.0	31.25	16.764018691588785	20.50233644859813	31.483644859813083	0.0
95.0	29.63179427235535	18.118059614260666	20.514319111630623	31.735827001753357	0.0
96.0	30.152224824355972	16.100702576112415	20.901639344262296	32.84543325526932	0.0
97.0	30.53435114503817	17.498532002348796	19.318849089841457	32.64826776277158	0.0
98.0	30.565371024734983	18.78680800942285	19.49352179034158	31.15429917550059	0.0
99.0	30.624263839811544	18.374558303886925	19.6113074204947	31.389870435806834	0.0
100.0	32.06876111440427	16.953171310017783	20.21339656194428	30.76467101363367	0.0
101.0	31.93529059316956	19.352905931695627	18.873576992210907	29.838226482923908	0.0
102.0	29.287439613526573	18.17632850241546	19.625603864734302	32.910628019323674	0.0
103.0	29.065533980582526	19.174757281553397	19.114077669902912	32.64563106796117	0.0
104.0	28.754578754578752	17.216117216117215	20.94017094017094	33.089133089133085	0.0
105.0	28.24615384615385	18.461538461538463	19.384615384615383	33.90769230769231	0.0
106.0	32.48605083694978	18.350898946063236	18.784872907625545	30.378177309361437	0.0
107.0	30.817217716781037	20.212102308172177	18.527760449157828	30.442919525888957	0.0
108.0	33.08270676691729	18.60902255639098	19.172932330827066	29.135338345864664	0.0
109.0	30.52234109502832	20.201384518565135	19.949653870358716	29.32662051604783	0.0
110.0	25.696202531645568	21.455696202531644	20.443037974683545	32.40506329113924	0.0
111.0	31.14649681528662	19.554140127388536	17.8343949044586	31.46496815286624	0.0
112.0	26.106478511866584	20.141116100064142	19.243104554201413	34.50930083386786	0.0
113.0	29.03225806451613	19.032258064516128	17.93548387096774	34.0	0.0
114.0	29.40026075619296	17.926988265971318	19.882659713168188	32.79009126466754	0.0
115.0	26.837270341207347	18.89763779527559	19.291338582677163	34.9737532808399	0.0
116.0	26.33663366336634	20.0	18.613861386138613	35.04950495049505	0.0
117.0	29.666666666666668	19.2	19.666666666666664	31.466666666666665	0.0
118.0	29.09090909090909	16.026936026936024	21.41414141414141	33.46801346801347	0.0
119.0	24.643584521384927	20.162932790224033	25.59402579769178	29.599456890699255	0.0
120.0	26.657552973342447	20.574162679425836	21.599453178400545	31.16883116883117	0.0
121.0	29.472241261137768	17.751884852638796	19.191226867717614	33.58464701850583	0.0
122.0	27.360441075120605	19.228118538938663	21.295658166781532	32.1157822191592	0.0
123.0	30.86505190311419	16.40138408304498	19.58477508650519	33.148788927335644	0.0
124.0	29.41998602375961	18.93780573025856	19.91614255765199	31.72606568832984	0.0
125.0	27.017543859649123	18.526315789473685	21.12280701754386	33.33333333333333	0.0
126.0	28.70304748405386	20.340184266477674	17.647058823529413	33.30970942593905	0.0
127.0	30.599144079885875	18.544935805991443	21.96861626248217	28.88730385164051	0.0
128.0	31.12391930835735	17.219020172910664	20.172910662824208	31.484149855907784	0.0
129.0	31.97378004369993	18.062636562272395	18.353969410050983	31.609613983976693	0.0
130.0	29.169728141072742	20.49963262307127	17.854518736223365	32.47612049963262	0.0
131.0	30.53097345132743	20.870206489675518	19.690265486725664	28.908554572271388	0.0
132.0	28.180473372781066	18.49112426035503	22.411242603550296	30.917159763313613	0.0
133.0	30.29850746268657	20.44776119402985	18.880597014925375	30.37313432835821	0.0
134.0	26.63165791447862	19.204801200300075	20.855213803450862	33.30832708177044	0.0
135.0	27.878787878787882	15.833333333333332	21.515151515151516	34.77272727272727	0.0
136.0	25.840978593272173	17.889908256880734	21.02446483180428	35.24464831804281	0.0
137.0	26.979246733282093	18.0630284396618	19.830899308224442	35.126825518831666	0.0
138.0	29.5577967416602	16.058960434445307	20.55857253685027	33.82467028704422	0.0
139.0	30.721003134796238	17.946708463949843	19.357366771159874	31.974921630094045	0.0
140.0	29.430379746835445	17.484177215189874	21.677215189873415	31.408227848101266	0.0
141.0	31.34447096260939	18.536197295147176	20.763723150357997	29.355608591885442	0.0
142.0	30.072173215717722	17.56214915797915	19.96792301523657	32.39775461106656	0.0
143.0	32.16612377850163	19.462540716612377	20.521172638436482	27.850162866449512	0.0
144.0	31.630971993410213	19.43986820428336	17.54530477759473	31.3838550247117	0.0
145.0	29.35323383084577	18.90547263681592	19.071310116086234	32.66998341625207	0.0
146.0	29.78187919463087	17.78523489932886	20.302013422818792	32.13087248322148	0.0
147.0	27.905004240882104	20.10178117048346	18.23579304495335	33.75742154368109	0.0
148.0	27.350427350427353	20.256410256410255	19.914529914529915	32.47863247863248	0.0
149.0	30.094582975064487	19.690455717970764	19.174548581255372	31.04041272570937	0.0
150.0	29.192006950477843	19.635099913119028	18.766290182450042	32.40660295395308	0.0
151.0	28.144239226033424	21.020228671943713	21.284080914687774	29.551451187335093	0.0
152.0	27.846975088967973	19.572953736654807	18.416370106761565	34.16370106761566	0.0
153.0	32.25225225225225	18.01801801801802	18.46846846846847	31.261261261261264	0.0
154.0	32.63636363636363	15.909090909090908	20.636363636363637	30.818181818181817	0.0
155.0	31.11111111111111	18.796296296296298	18.703703703703702	31.38888888888889	0.0
156.0	30.76923076923077	18.19887429643527	18.19887429643527	32.833020637898684	0.0
157.0	32.32514177693761	18.99810964083176	19.659735349716446	29.017013232514177	0.0
158.0	29.590865842055187	23.120837297811608	18.74405328258801	28.5442435775452	0.0
159.0	33.71647509578544	16.187739463601535	19.923371647509576	30.17241379310345	0.0
160.0	26.990291262135923	17.96116504854369	24.563106796116504	30.485436893203882	0.0
161.0	29.03543307086614	20.275590551181104	21.555118110236222	29.133858267716533	0.0
162.0	30.938123752495013	18.263473053892216	21.656686626746506	29.141716566866265	0.0
163.0	29.828109201213348	17.795753286147622	18.200202224469162	34.17593528816987	0.0
164.0	30.541368743615934	15.117466802860061	21.859039836567927	32.48212461695608	0.0
165.0	30.967078189300413	18.31275720164609	23.14814814814815	27.572016460905353	0.0
166.0	27.99167533818939	19.042663891779394	21.12382934443288	31.841831425598333	0.0
167.0	25.603357817418676	19.62224554039874	22.66526757607555	32.10912906610703	0.0
168.0	28.008519701810435	20.447284345047922	20.02129925452609	31.52289669861555	0.0
169.0	27.175080558539204	18.474758324382385	19.226638023630503	35.12352309344791	0.0
170.0	26.997840172786177	16.630669546436287	20.302375809935207	36.06911447084234	0.0
171.0	29.540481400437635	18.052516411378555	17.505470459518598	34.901531728665205	0.0
172.0	28.776185226019845	21.830209481808158	17.089305402425577	32.30429988974642	0.0
173.0	29.31995540691193	19.175027870680044	17.837235228539576	33.667781493868446	0.0
174.0	31.07344632768362	19.54802259887006	20.451977401129945	28.926553672316384	0.0
175.0	30.182232346241456	17.65375854214123	20.615034168564918	31.548974943052393	0.0
176.0	29.25714285714286	17.257142857142856	17.37142857142857	36.114285714285714	0.0
177.0	27.880184331797235	20.506912442396313	18.77880184331797	32.83410138248848	0.0
178.0	28.78787878787879	18.065268065268064	18.997668997669	34.149184149184144	0.0
179.0	26.556991774383075	18.09635722679201	24.676850763807284	30.669800235017625	0.0
180.0	30.083234244946492	15.101070154577883	21.759809750297265	33.055885850178356	0.0
181.0	30.9265944645006	16.125150421179303	17.448856799037305	35.49939831528279	0.0
182.0	32.481751824817515	19.099756690997566	20.92457420924574	27.49391727493917	0.0
183.0	30.637254901960787	22.916666666666664	19.730392156862745	26.715686274509803	0.0
184.0	29.81366459627329	22.111801242236027	16.52173913043478	31.5527950310559	0.0
185.0	28.391959798994975	20.85427135678392	22.110552763819097	28.643216080402013	0.0
186.0	32.4905183312263	18.20480404551201	18.963337547408344	30.341340075853353	0.0
187.0	32.27040816326531	23.08673469387755	15.816326530612246	28.8265306122449	0.0
188.0	30.620155038759687	19.379844961240313	19.767441860465116	30.23255813953488	0.0
189.0	28.01556420233463	19.06614785992218	20.752269779507134	32.16601815823606	0.0
190.0	31.88976377952756	16.92913385826772	20.73490813648294	30.446194225721783	0.0
191.0	30.158730158730158	19.047619047619047	18.386243386243386	32.407407407407405	0.0
192.0	32.93010752688172	18.817204301075268	19.086021505376344	29.166666666666668	0.0
193.0	30.178326474622768	16.323731138545952	21.262002743484228	32.23593964334705	0.0
194.0	28.53185595567867	21.329639889196674	22.022160664819946	28.116343490304708	0.0
195.0	28.15126050420168	19.047619047619047	18.067226890756302	34.73389355742297	0.0
196.0	28.8135593220339	20.19774011299435	19.2090395480226	31.779661016949152	0.0
197.0	30.447330447330444	18.037518037518037	21.06782106782107	30.447330447330444	0.0
198.0	28.18991097922849	21.958456973293767	19.13946587537092	30.712166172106826	0.0
199.0	29.64669738863287	20.583717357910906	18.433179723502306	31.336405529953915	0.0
200.0	26.21035058430718	17.028380634390654	21.869782971619365	34.891485809682806	0.0
201.0	31.32075471698113	18.11320754716981	18.867924528301888	31.69811320754717	0.0
202.0	36.2763915547025	16.89059500959693	18.809980806142036	28.023032629558543	0.0
203.0	32.30174081237911	17.408123791102515	20.309477756286267	29.980657640232106	0.0
204.0	32.416502946954814	16.50294695481336	25.540275049115913	25.540275049115913	0.0
205.0	38.24701195219124	15.53784860557769	23.705179282868528	22.50996015936255	0.0
206.0	31.910569105691057	20.934959349593495	18.29268292682927	28.86178861788618	0.0
207.0	29.958677685950413	23.34710743801653	16.32231404958678	30.37190082644628	0.0
208.0	27.11864406779661	18.008474576271187	19.06779661016949	35.80508474576271	0.0
209.0	25.43478260869565	19.565217391304348	20.434782608695652	34.56521739130435	0.0
210.0	27.312775330396477	19.162995594713657	20.044052863436125	33.480176211453745	0.0
211.0	32.142857142857146	17.857142857142858	21.651785714285715	28.348214285714285	0.0
212.0	27.500000000000004	14.318181818181818	25.90909090909091	32.27272727272727	0.0
213.0	28.306264501160094	19.953596287703014	20.185614849187935	31.554524361948953	0.0
214.0	32.23529411764706	23.058823529411764	17.647058823529413	27.058823529411764	0.0
215.0	30.62200956937799	23.444976076555022	15.789473684210526	30.14354066985646	0.0
216.0	33.98533007334964	19.559902200489	15.403422982885084	31.05134474327628	0.0
217.0	26.448362720403022	18.387909319899247	22.418136020151135	32.7455919395466	0.0
218.0	23.88451443569554	18.635170603674542	19.42257217847769	38.05774278215223	0.0
219.0	19.942196531791907	20.520231213872833	25.722543352601157	33.81502890173411	0.0
220.0	0.4444444444444444	29.777777777777775	26.666666666666668	43.111111111111114	0.0
