# Position (bp)	A	C	G	T	N
0.0	27.20667423985365	21.264304225739984	27.123934713227015	24.405086821179353	0.0
1.0	27.101052310507857	19.76660057953332	17.970047277718468	35.16229983224035	0.0
2.0	27.850336658943114	19.459843776684718	19.016173437191515	33.67364612718065	0.0
3.0	25.34319765874697	21.54708498594478	17.61342851091686	35.49628884439139	0.0
4.0	31.81680725102106	15.9271694554443	17.147306983876927	35.10871630965771	0.0
5.0	32.47828190779188	17.197804353486248	21.961101817935393	28.362811920786474	0.0
6.0	31.28749390391144	17.941676412516987	20.927576100491947	29.843253583079626	0.0
7.0	31.661450508604894	18.49868986776037	20.270493369150692	29.56936625448405	0.0
8.0	25.86460546076534	23.425155545286724	20.846251234813852	29.863987759134087	0.0
9.0	29.516733443318405	18.777044543954748	17.558920575064814	34.14730143766203	0.0
10.0	27.8536677308014	18.01811777733275	22.3944209497108	31.73379354215505	0.0
11.0	28.726349819513718	18.59415024231682	19.62725018990808	33.05224974826139	0.0
12.0	28.06678997679399	19.335161400084065	20.83454504567616	31.763503577445785	0.0
13.0	28.07053890622554	20.755676460859522	18.847180221231593	32.32660441168335	0.0
14.0	29.93074718899486	18.63694934601105	20.020122736927576	31.412180728066513	0.0
15.0	30.010541201273416	18.707220487577615	19.617104981423488	31.66513332972548	0.0
16.0	29.7475856943275	18.274870993993048	19.161213997092954	32.816329314586504	0.0
17.0	29.748375764501723	18.61045859522147	19.454496716257875	32.18666892401893	0.0
18.0	30.618600802925883	18.189585468357762	19.272219140474423	31.919594588241928	0.0
19.0	29.917652448694305	18.49143045097325	19.542448341889177	32.04846875844326	0.0
20.0	29.798969011636782	18.39797559915924	19.388804734561596	32.41425065464239	0.0
21.0	29.82444194515601	18.031270324654436	20.05956811356683	32.08471961662272	0.0
22.0	29.51346910029931	18.812254240272317	19.248430072187332	32.42584658724104	0.0
23.0	29.60378842113911	18.123276256645582	19.88792000657223	32.38501531564308	0.0
24.0	29.933103892553188	18.65440374927982	19.48376997877301	31.92872237939398	0.0
25.0	29.887069617913987	18.48221566476396	19.48691474196141	32.14379997536064	0.0
26.0	30.184867561245156	18.289194902826626	19.826629469470692	31.699308066457533	0.0
27.0	29.37940063394937	18.694819774903397	19.81502380242928	32.11075578871795	0.0
28.0	29.81339064090954	18.480402967356266	19.832816407734647	31.87338998399955	0.0
29.0	29.433133652931453	18.521481380692034	19.835102383613933	32.21028258276258	0.0
30.0	29.933338885493733	18.66710614753185	19.43694055630301	31.962614410671407	0.0
31.0	29.952974324145202	18.492738527154426	19.496711487097556	32.05757566160282	0.0
32.0	29.60611282306338	18.552779286407205	19.485092721081333	32.356015169448085	0.0
33.0	29.76788598764295	18.395507637227865	20.13492572750446	31.701680647624723	0.0
34.0	29.582618223367703	18.612958437789246	19.81117577569146	31.993247563151588	0.0
35.0	29.63728792451811	18.7298439444013	19.390815711531527	32.24205241954907	0.0
36.0	29.98323223646665	18.176491007183664	19.632874230006646	32.20740252634304	0.0
37.0	29.575630578923423	19.1523689873731	19.05313574683031	32.21886468687316	0.0
38.0	29.68878553764615	18.43938311899099	19.692385780810113	32.17944556255275	0.0
39.0	29.451608593510763	18.576710124485547	20.2166939977607	31.754987284242986	0.0
40.0	29.72133473226487	18.86887858900544	19.82002572076158	31.589760957968103	0.0
41.0	29.651308984979174	18.61923197358308	19.674271969028435	32.05518707240931	0.0
42.0	29.925731812490646	19.12358311931139	20.04255096731582	30.908134100882144	0.0
43.0	30.007388696602984	18.85152765169137	19.52590981506842	31.61517383663723	0.0
44.0	29.81115975984422	18.844458851037153	19.62742008909312	31.716961300025503	0.0
45.0	29.59139461518905	19.154071193517318	19.846120976222277	31.408413215071356	0.0
46.0	29.49122555348348	18.869483096638454	19.63527470951083	32.00401664036723	0.0
47.0	29.65280612764083	18.672160920008093	19.609073179958745	32.06595977239233	0.0
48.0	30.155409479942307	18.458996857762504	19.90783089703028	31.47776276526491	0.0
49.0	30.14209132984758	18.760377709610225	19.575827065186722	31.52170389535547	0.0
50.0	29.863824107642085	18.66192906829236	19.687126117514083	31.787120706551477	0.0
51.0	30.20335958169607	18.868594811422433	19.63123840168786	31.296807205193634	0.0
52.0	29.61954260198943	19.07521701739637	19.622690665930108	31.68254971468409	0.0
53.0	30.505872020044965	18.68596260415421	19.420976902139444	31.387188473661382	0.0
54.0	29.71711639984367	18.735729678517714	20.016262267787763	31.53089165385086	0.0
55.0	29.78349784588537	18.591917980040357	19.067459235425645	32.557124938648634	0.0
56.0	29.78103873089854	18.83746616659991	19.766109553459806	31.61538554904174	0.0
57.0	29.206508567198757	18.556733610378117	19.829810715774656	32.40694710664847	0.0
58.0	29.70103598498911	18.62302002222663	19.648536827921323	32.02740716486293	0.0
59.0	29.881054540844687	18.241513647400705	19.76240163047188	32.11503018128273	0.0
60.0	29.703767994931574	18.787972006460045	19.807761090541987	31.700498908066393	0.0
61.0	29.92630680720697	18.849833615734255	19.90327462817212	31.320584948886655	0.0
62.0	29.66203162990223	18.62351895517016	19.591049212680364	32.12340020224725	0.0
63.0	29.412240694424014	18.57571968025109	20.104825658378697	31.907213966946202	0.0
64.0	29.232269083381325	19.0112457777685	19.5258331194847	32.23065201936548	0.0
65.0	29.626086165212705	18.203919909688114	19.888536637554694	32.281457287544484	0.0
66.0	29.684602255515024	18.500124375965147	20.451965017104772	31.363308351415053	0.0
67.0	29.450174618207647	18.05066394380648	20.084300146008445	32.414861291977424	0.0
68.0	29.267925199388433	18.52354994158518	19.72148603354715	32.48703882547924	0.0
69.0	29.573899192172032	18.43138903866988	20.01674523985021	31.977966529307878	0.0
70.0	29.13697976977045	18.471865305187286	20.003963069149364	32.3871918558929	0.0
71.0	29.533897884668807	18.379172123665516	20.16249454300115	31.924435448664525	0.0
72.0	30.1212225833413	18.37811858477198	19.76334212189818	31.73731670998854	0.0
73.0	29.80923482521483	18.399139442627437	19.371992090831082	32.41963364132665	0.0
74.0	29.63775099801518	18.580888414058627	19.650003611034325	32.13135697689187	0.0
75.0	29.750510237795126	18.35110594120016	20.032989351396438	31.865394469608276	0.0
76.0	29.417830622568676	18.70090536376847	19.51950302370525	32.3617609899576	0.0
77.0	29.73760204017852	18.196342179940743	20.41653644693911	31.649519332941633	0.0
78.0	29.7204771078124	18.59951908694112	19.68801985737836	31.991983947868125	0.0
79.0	30.229681513815105	18.327649884513825	19.41395935237508	32.028709249295986	0.0
80.0	30.403057722543803	18.319482315326383	19.36674726733615	31.910712694793663	0.0
81.0	29.8887703679134	18.537392530163167	19.80485500445396	31.768982097469472	0.0
82.0	30.115627586588612	18.609852496836343	19.116792416279438	32.15772750029561	0.0
83.0	29.99453412894922	18.40839880204227	19.562402867441293	32.03466420156722	0.0
84.0	30.236731008811528	18.381014107523843	19.42747764333234	31.954777240332287	0.0
85.0	29.925779854387624	18.239547129603096	19.579524380036435	32.255148635972844	0.0
86.0	29.930160094552487	18.333702020616993	19.650737269228095	32.085400615602424	0.0
87.0	29.798753186007133	18.504531913224177	19.937254326262316	31.759460574506377	0.0
88.0	30.228583446514364	18.56831910968762	19.419457339198477	31.78364010459954	0.0
89.0	30.02271623227633	18.710514533442073	19.951219079098404	31.315550155183196	0.0
90.0	30.13647313395498	18.46495344014649	19.744095413095682	31.65447801280285	0.0
91.0	30.097789780580126	18.475923827978484	19.470986658325735	31.955299733115655	0.0
92.0	29.262209932935118	18.64233082285604	19.59305315795638	32.50240608625246	0.0
93.0	29.652228445276073	18.718150044994633	20.25956677688015	31.37005473284914	0.0
94.0	29.919733303723106	18.56204045114759	19.433244885534766	32.08498135959454	0.0
95.0	29.72844844660653	18.62168195589699	20.164533330266543	31.485336267229936	0.0
96.0	30.076025733361135	18.69276162868791	20.16082711085583	31.070385527095123	0.0
97.0	29.596040968395116	18.908884127372417	19.616878650916945	31.878196253315522	0.0
98.0	29.791978988864763	18.500673910618033	19.998538043568868	31.708809056948333	0.0
99.0	29.970211345368636	18.69122518682109	19.96366297732467	31.374900490485608	0.0
100.0	29.770025686978833	18.645301134186823	19.810343187293817	31.774329991540522	0.0
101.0	29.70807223146198	18.445205937932847	20.3139401366569	31.53278169394827	0.0
102.0	29.944757505297403	18.458417327015976	19.945427736217734	31.651397431468887	0.0
103.0	29.758217307583102	18.361623482889105	19.83911268049167	32.04104652903612	0.0
104.0	30.067788462780953	18.129084946205992	19.567813014454476	32.235313576558575	0.0
105.0	29.91475438680472	18.46358657753547	20.110797303294035	31.510861732365775	0.0
106.0	29.279960826884366	18.393358187880686	19.897714642506457	32.428966342728486	0.0
107.0	29.470495005330587	18.34149998313926	19.67998319114111	32.50802182038905	0.0
108.0	29.31188979016184	18.629857328751644	20.499803901706702	31.55844897937981	0.0
109.0	29.387011494103405	18.701747587460645	19.907074484754936	32.004166433681014	0.0
110.0	29.501596412369203	18.204439745199043	20.530175579317998	31.763788263113756	0.0
111.0	29.5813450155154	18.61404469477692	20.077576990273542	31.727033299434144	0.0
112.0	29.320260328609383	18.586339928585883	19.27293378853849	32.82046595426624	0.0
113.0	30.20734724190773	17.850194298146977	19.64555624709076	32.29690221285453	0.0
114.0	29.742579806283416	18.328176374537936	19.681468862487936	32.24777495669071	0.0
115.0	29.986586262917115	18.01662883809239	20.189182207851296	31.8076026911392	0.0
116.0	29.715459271505352	18.374668272178983	19.921002490995253	31.98886996532041	0.0
117.0	29.900278043019068	18.4647395681258	19.82904431590106	31.80593807295407	0.0
118.0	29.855775373668102	18.333085253101114	19.618579936061163	32.19255943716962	0.0
119.0	30.033164389308244	18.42958569577939	19.230596721553685	32.306653193358684	0.0
120.0	30.263343916770058	17.963302825024478	19.987368582387628	31.785984675817836	0.0
121.0	30.072332395544134	18.129679572516334	19.614041959670654	32.183946072268874	0.0
122.0	29.735038249280343	18.19849335475081	19.779092513955817	32.28737588201303	0.0
123.0	29.49078209806324	18.757823170788363	19.89033291698247	31.861061814165932	0.0
124.0	29.40685245910359	18.830566127054794	19.27137769905668	32.49120371478494	0.0
125.0	29.578871796784362	18.60425776770218	19.630272427337836	32.186598008175615	0.0
126.0	29.99867908945233	18.567065563862023	19.537734678438337	31.896520668247312	0.0
127.0	29.99350434113169	18.21658077071126	19.259494889012448	32.530419999144605	0.0
128.0	29.814560384377437	17.938551032050203	20.11915379114743	32.12773479242494	0.0
129.0	29.639026222755906	18.276234495435002	19.662438199759844	32.42230108204925	0.0
130.0	29.967184994091685	18.2805528407632	19.52190378118669	32.230358383958425	0.0
131.0	29.658956352825328	18.651855823282894	19.88215626553367	31.807031558358105	0.0
132.0	30.604936088413844	18.134853514293546	19.31602656086956	31.944183836423058	0.0
133.0	30.154866867527748	18.54181351307108	19.718027845460533	31.585291773940643	0.0
134.0	30.45261241427179	18.126593741484793	19.298557176767876	32.12223666747554	0.0
135.0	29.46013503416609	18.26506907934955	20.16750213962587	32.10729374685848	0.0
136.0	28.25928792147844	19.14344572758337	19.968145576622288	32.62912077431591	0.0
137.0	30.473367125113338	18.03549775510427	21.55960170852405	29.931533411258343	0.0
138.0	30.164083415913407	19.867260513219197	20.25899119085031	29.709664880017083	0.0
139.0	30.630589836685516	19.06204632960929	19.657700973410282	30.649662860294907	0.0
140.0	28.9647577092511	21.3557268722467	19.099531938325992	30.57998348017621	0.0
141.0	31.573005952093446	16.605002076953543	20.217797214812197	31.604194756140814	0.0
142.0	28.179643253968806	20.040293400156912	24.256848286769458	27.523215059104828	0.0
143.0	27.837106432323488	19.5931128517471	18.978079915443374	33.59170080048604	0.0
144.0	28.17564765464749	19.625196010394312	19.438645779370837	32.760510555587366	0.0
145.0	26.657522684110575	20.80678061475698	17.661672645424492	34.874024055707956	0.0
146.0	32.03015877742658	15.757493253696463	17.760042881391264	34.4523050874857	0.0
147.0	33.63203219707541	16.44461046777072	22.52650290469259	27.39685443046127	0.0
148.0	31.18815601955303	18.001566786440073	20.29132977385664	30.518947420150262	0.0
149.0	32.89163373292453	17.840072870930435	21.114586029075266	28.15370736706977	0.0
150.0	22.845800224718403	26.330647294819958	21.909421676922168	28.91413080353947	0.0
