# Position (bp)	A	C	G	T	N
0.0	26.92600047724246	24.19061217891974	24.264892658933288	24.617917375474356	5.773094301571052E-4
1.0	26.907677882153973	20.07273096828255	15.141387238236586	37.87782041030774	3.835010191539584E-4
2.0	28.369899065963576	19.804744912683745	18.135061628820385	33.689625448908956	6.689436233426922E-4
3.0	23.58931503272707	22.442986096354524	15.11886849806134	38.846829299900804	0.0020010729562613097
4.0	34.879520705033315	13.317327698741908	14.257714152160569	37.5437273050299	0.0017101390343034887
5.0	36.513611265778	14.779314328751505	23.072136530969793	25.6295311206114	0.005406753889305726
6.0	32.632995356770586	17.512176632237278	20.114943617928553	29.739694873495687	1.895195678953852E-4
7.0	35.82564489153472	16.537805162162826	20.411984309328222	27.22380799951511	7.576374591112534E-4
8.0	22.63779490295627	27.46622446603706	22.688053578966695	27.20783240293261	9.464910736426844E-5
9.0	29.112673897866397	18.176004601328557	15.71404786365537	36.99613844095939	0.0011351961902815854
10.0	26.619375104604686	16.839817957114207	25.645050413549015	30.89424359819319	0.0015129265389063242
11.0	28.289182638681453	18.71656085876441	19.929161010764805	33.0650009641816	9.452760773311454E-5
12.0	26.60415211768586	19.688302950178933	21.2191943542237	32.48825607844212	9.44994693854794E-5
13.0	27.1950691837209	21.80217782757637	18.643704309740517	32.358670780718874	3.778982433400159E-4
14.0	31.949879355985818	18.183991096717385	20.645147881030073	29.22088719170589	9.447456083500397E-5
15.0	29.84508061514276	18.93789809218072	19.750946162726763	31.46588618082809	1.8894912167000794E-4
16.0	30.6335652998717	17.41846373027135	19.119950570909772	32.82735907702133	6.613219258450278E-4
17.0	30.16327093603505	18.164340388063707	20.38940524484972	31.282416583686512	5.668473650100238E-4
18.0	31.407500902232055	18.036705256375615	18.4674147792224	32.088284587609095	9.447456083500397E-5
19.0	30.662191091804708	18.31597205820389	19.626050793302888	31.395219209323503	5.668473650100238E-4
20.0	30.400685507413417	18.171614929248	19.272904884901642	32.15441678019359	3.778982433400159E-4
21.0	30.35854985328101	17.445955827474336	19.174840290754908	33.01989823200307	7.557964866800318E-4
22.0	28.733303983236436	19.043426176633417	19.82548659122558	32.39768877434373	9.447456083500397E-5
23.0	30.115183384570038	17.768775401847545	20.32091118824434	31.793712906925553	0.0014171184125250594
24.0	31.140043420508164	18.070527149154547	18.685462065629586	32.103872890146874	9.447456083500397E-5
25.0	29.70837592561451	18.1848413677649	19.366812598371634	32.739781159127276	1.8894912167000794E-4
26.0	32.057958253581056	17.956307405105026	19.81377174568204	30.17092337546269	0.0010392201691850436
27.0	29.60435943413517	18.25598071207366	19.87744759968483	32.2621177795455	9.447456083500397E-5
28.0	30.416935131877036	18.036043934449772	19.84116936832419	31.705568141666497	2.834236825050119E-4
29.0	29.513502789364043	18.612072915534938	19.6062296584269	32.267911212723845	2.834239502685442E-4
30.0	30.251952375823603	18.29281196915501	19.46574910199215	31.988541778858597	9.447741706299943E-4
31.0	30.597452070428975	18.13321265121482	19.63326744946279	31.634556153087406	0.0015116758060066437
32.0	29.08661272995774	18.393690104223257	19.822732593790064	32.696303196992446	6.613750364937297E-4
33.0	29.63904667959228	18.63083022476199	19.589101670124833	32.1410214255209	0.0
34.0	29.799059265516544	18.108477382119997	19.628430666659106	32.46280432609357	0.001228359610780084
35.0	30.26668713877626	17.696622291473556	19.617588575046394	32.418628103278	4.7389142578765496E-4
36.0	30.81034476217215	17.306685434395785	19.22825934371123	32.65433105818881	3.794015320233863E-4
37.0	29.19380052450091	18.794426204923624	19.245272990101302	32.765171468896796	0.0013288115773657828
38.0	30.538819188332106	18.457948808566993	19.559603951366046	31.443533048704253	9.500303059667603E-5
39.0	29.581212621865564	18.78404717401318	19.684358190546163	31.94981099178871	5.710217863845565E-4
40.0	30.00213205550228	18.63531238437423	19.55898001699908	31.801472169983146	0.002103373141263496
41.0	29.909536319567202	18.31632393130105	20.660343533207023	31.11273883574752	0.0010573801771976926
42.0	29.336430755160574	18.544205309673043	19.50227724176387	32.61670080197885	3.85891423659582E-4
43.0	29.161430140140578	18.562797200090944	20.36512981264603	31.910159103332507	4.837437899390967E-4
44.0	29.64433356677136	18.7108983225441	20.22821315154913	31.41577898786187	7.759712735434535E-4
45.0	29.527539151367137	18.629517428045872	19.659489078061622	32.1827737873479	6.805551774693459E-4
46.0	30.311218739558747	17.5259137892238	19.431762059738332	32.731008000374054	9.741110506079914E-5
47.0	29.782960316701555	18.029570778857167	20.000663371919465	32.18661042313373	1.9510938807842614E-4
48.0	30.294977671265933	18.050859297223735	18.93756063343067	32.71543002963161	0.0011723684480479577
49.0	29.75846857507519	17.656840780315733	20.18207106076311	32.40252170670331	9.78771426529991E-5
50.0	29.956125793673394	18.677175003878762	19.772164428113275	31.593552809107923	9.81965226647394E-4
51.0	30.217624537711945	18.376634848943954	19.447139514018914	31.95830499809015	2.9610123503825134E-4
52.0	29.95231055035988	17.886075534607368	19.89880265027439	32.26241410090543	3.9716385292625357E-4
53.0	31.5056484906574	17.661130496857513	19.573879661939205	31.259341350545878	0.0
54.0	30.310880049280108	18.349818560503074	19.37555116573748	31.962947616807007	8.026076723273918E-4
55.0	28.880060373343436	18.477245637491926	18.675433832649365	33.967159399934104	1.0075658116799044E-4
56.0	29.36882673756448	18.543122706279373	20.40388697475125	31.683759067433492	4.0451397140692995E-4
57.0	28.28913873783237	18.640024827132972	19.747813934431218	33.32281966454973	2.0283605370287358E-4
58.0	30.63674517887706	18.0509270040851	21.946266203884967	29.365146354882242	9.152582706296672E-4
59.0	29.832615456169037	20.21588332549669	21.07050223522776	28.880998983106515	0.0
60.0	31.22102389162385	19.334405925130906	19.459962660696746	29.984197875776665	4.0964677182982043E-4
61.0	29.451911664338486	20.874565460645172	19.714112479424685	29.95735157720929	0.0020588183823658087
62.0	30.98243306872655	16.36759254841848	21.955760123957944	30.69369569320824	5.185656887900618E-4
63.0	26.744010911312117	20.00267762260583	25.55299182488348	27.700110451932492	2.0918926608037887E-4
64.0	26.42402362149961	19.387733596356455	18.794245526183236	35.39336498884049	6.322671202129476E-4
65.0	27.589004237715564	19.43084432580398	18.853321525917384	34.12544954718772	0.0013803633753494708
66.0	26.59060424203883	19.506324581701197	17.037840610921997	36.860955393930325	0.004275171407653626
67.0	33.66676632731856	14.36156597714401	17.814377375454658	34.154063896100546	0.0032264239822245547
68.0	34.15241020253134	15.360034527217975	23.145660610961738	27.340913772414627	9.80886874316785E-4
69.0	31.982088460526377	17.109288935075128	20.635400266710672	30.272999335453342	2.2300223448238948E-4
70.0	32.954557742052145	15.969608244796843	22.134583477006142	28.941130391635056	1.2014450981640717E-4
71.0	26.09179369413536	19.425147264842977	26.228092409922183	28.253904168949695	0.0010624621497859138
