# Position (bp)	A	C	G	T	N
0.0	36.87116018164011	17.932508236132133	20.318760573412874	24.877571008814886	0.0
1.0	24.17875901362058	29.413335707291015	22.692068013887653	23.715837265200747	0.0
2.0	30.12581959950381	24.623427255006202	16.622363990785043	28.62838915470494	0.0
3.0	33.67220650636492	18.60855728429986	19.74893917963225	27.970297029702973	0.0
4.0	35.62212796041004	18.098267939201133	16.60480735242135	29.67479674796748	0.0
5.0	27.553905973842348	23.391657829621774	17.223400494874515	31.831035701661364	0.0
6.0	27.255057867302767	25.64714197367259	18.738404452690165	28.359395706334485	0.0
7.0	35.91555516297147	19.318081441568765	17.065630244678033	27.70073315078173	0.0
8.0	34.85557812914053	18.664428937373025	17.22462679975267	29.25536613373377	0.0
9.0	28.107057680416926	23.593322144686866	17.798781026411095	30.500839148485113	0.0
10.0	25.719329214474847	15.33097969991174	19.779346866725508	39.17034421888791	0.0
11.0	25.40144697370743	17.354861478736545	18.5283218634198	38.71536968413623	0.0
12.0	25.38590456028932	17.050366058040044	19.16732821734145	38.396401164329184	0.0
13.0	27.792963583458246	23.6398906621991	19.257561061634775	29.309584692707872	0.0
14.0	26.471624955939372	17.536129714487135	26.753612971448714	29.23863235812478	0.0
15.0	30.683218876562773	19.351998591301285	20.038739214650466	29.926043317485473	0.0
16.0	24.691901408450704	18.30985915492958	18.890845070422536	38.107394366197184	0.0
17.0	28.180538448002817	22.66408587013901	19.23279957768784	29.922576104170336	0.0
18.0	24.84390115205347	20.033418344912494	18.61753583677777	36.505144666256264	0.0
19.0	26.85071215051873	25.558290838755056	17.75101107789696	29.83998593282926	0.0
20.0	25.71152494729445	17.630007027406887	19.307800421644412	37.35066760365425	0.0
21.0	26.04687911509086	18.09323149855149	20.173821437977352	35.6860679483803	0.0
22.0	27.321397226610493	17.41267333684395	25.78550114095138	29.480428295594173	0.0
23.0	25.835892935498023	18.12198332602018	19.306713470820537	36.73541026766126	0.0
24.0	34.92147056242871	15.89014652978854	18.85583925594455	30.3325436518382	0.0
25.0	27.604349351104872	16.976499473868817	23.83374254647492	31.585408628551388	0.0
26.0	34.040315512708155	16.599474145486415	16.94127957931639	32.41893076248905	0.0
27.0	27.306984488651302	17.903777057225483	16.31758829199895	38.47165016212426	0.0
28.0	26.71454848033634	23.675221161425945	16.125076640098097	33.485153718139614	0.0
29.0	28.149899308291744	15.401453462919184	16.530951755538045	39.91769547325103	0.0
30.0	27.090653548840475	16.46170063246662	23.032326071679552	33.41531974701335	0.0
31.0	30.262810934341218	15.003955348510154	17.40353344466907	37.32970027247956	0.0
32.0	27.006593406593403	18.479120879120877	16.817582417582415	37.6967032967033	0.0
33.0	27.89797713280563	24.371152154793315	16.55233069481091	31.17854001759015	0.0
34.0	28.653018188208417	16.343027853439942	19.59406027589843	35.409893682453216	0.0
35.0	26.403802147509243	23.693011793698293	17.25928533708854	32.64390072170393	0.0
36.0	28.036971830985912	15.1056338028169	17.799295774647888	39.058098591549296	0.0
37.0	36.28513525420742	18.609569125033044	16.961846858754075	28.143448762005463	0.0
38.0	33.43320408882622	19.51885794853719	15.808953119492422	31.23898484314417	0.0
39.0	36.71455010134837	17.405481625099146	16.0571076055345	29.82286066801798	0.0
40.0	26.809036357218496	23.905753618072715	18.76985527709142	30.51535474761737	0.0
41.0	27.746329382628694	14.938970458163805	26.702635768618432	30.612064390589065	0.0
42.0	36.503719447396385	16.79950407368048	17.809068366985475	28.887708111937656	0.0
43.0	36.401562222616725	17.80578732469377	17.131191194745252	28.661459257944255	0.0
44.0	30.10503827666014	23.660316895139754	15.292860957806658	30.941783870393447	0.0
45.0	33.24851569126378	16.00226180378852	18.019036848553387	32.730185656394305	0.0
46.0	30.543374642516685	16.701620591039084	18.646329837940893	34.10867492850333	0.0
47.0	30.267430754536772	17.80324737344795	18.777459407831902	33.15186246418338	0.0
48.0	28.417231827299645	17.623459738274907	18.74104498997039	35.218263444455054	0.0
49.0	29.45166220863584	17.777990064959877	18.905235001910583	33.8651127244937	0.0
50.0	28.07990060212176	20.65373219917806	18.57975723979738	32.6866099589028	0.0
51.0	29.24474187380497	19.206500956022946	18.1453154875717	33.40344168260038	0.0
52.0	29.355517307324536	18.646012621916235	19.219736087205966	32.77873398355326	0.0
53.0	30.34416826003824	19.08221797323136	19.78967495219885	30.78393881453155	0.0
54.0	27.73527161438409	22.360367253251724	18.802601377199693	31.101759755164498	0.0
55.0	29.831611174894757	18.436662839647912	18.733256792958286	32.998469192499044	0.0
56.0	27.665071770334926	18.679425837320572	20.363636363636363	33.291866028708135	0.0
57.0	30.4335343095033	17.43707531821227	18.987462915111493	33.14192745717294	0.0
58.0	30.70150253612786	18.145277060005743	19.044884677959615	32.108335725906784	0.0
59.0	28.408655687476063	18.25928762926082	20.38490999617005	32.94714668709307	0.0
60.0	29.230916578871756	17.431280528684994	20.151326501292978	33.18647639115027	0.0
61.0	29.708756466756082	17.733282237976624	20.042153669285305	32.51580762598199	0.0
62.0	28.490710591840646	19.641831066845434	20.60907872055162	31.258379620762305	0.0
63.0	32.25744660473135	17.670721195287808	19.260607221530503	30.81122497845034	0.0
64.0	27.517485867586473	18.099070614161157	22.429816997221426	31.953626521030948	0.0
65.0	29.726618705035975	18.992805755395683	20.39328537170264	30.887290167865704	0.0
66.0	29.067536454336146	16.64428242517268	21.690330007674596	32.59785111281658	0.0
67.0	28.490547932060263	18.558679589290854	18.93292390365608	34.017848574992804	0.0
68.0	25.90922176374628	19.211208137414832	20.63141733039056	34.24815276844833	0.0
69.0	28.01881359186024	19.744672681896716	20.762142445766944	31.4743712804761	0.0
70.0	26.490638502160348	19.61593855016803	19.85597695631301	34.03744599135862	0.0
71.0	29.339477726574504	18.337173579109063	19.489247311827956	32.83410138248848	0.0
72.0	27.62892538173437	19.39882838759243	20.93536924997599	32.0368769806972	0.0
73.0	28.522039757994815	17.862287525208874	21.17545375972342	32.440218957072894	0.0
74.0	29.037833685423468	18.119838678701747	21.3462646437488	31.496062992125985	0.0
75.0	29.05703860188208	18.071826387555216	22.440944881889763	30.43019012867294	0.0
76.0	29.338842975206614	18.210647703248124	19.421487603305785	33.02902171823948	0.0
77.0	28.450595924644368	18.886966551326413	18.704344482891198	33.95809304113802	0.0
78.0	28.482168605210035	18.648466788426415	19.552052292607904	33.31731231375565	0.0
79.0	29.24319646119819	19.559573035868834	17.65554380228868	33.54168670064429	0.0
80.0	28.960538979788257	17.420596727622716	21.2223291626564	32.39653512993263	0.0
81.0	27.360215571167355	17.476662496391107	19.555384467327492	35.60773746511404	0.0
82.0	28.758421559191532	17.728585178055823	20.895091434071222	32.617901828681426	0.0
83.0	28.649793090174192	18.06370897892407	21.470503320180924	31.815994610720814	0.0
84.0	27.853705486044273	17.613089509143407	20.760346487006736	33.77285851780558	0.0
85.0	29.707354639969196	17.452830188679243	21.313053523296112	31.52676164805545	0.0
86.0	30.16270337922403	17.550784634639452	19.967266775777414	32.31924521035911	0.0
87.0	32.18103033220992	16.966779008184883	21.877708233028407	28.97448242657679	0.0
88.0	31.837009921972836	18.93844523648974	17.666891436277815	31.55765340525961	0.0
89.0	31.441510888417806	16.756600501059935	18.375409520138756	33.4264790903835	0.0
90.0	29.54895913646877	17.01040863531226	19.390902081727063	34.0497301464919	0.0
91.0	29.542168674698793	19.04578313253012	17.20481927710843	34.207228915662654	0.0
92.0	28.757350814614867	16.851441241685144	18.692760050130143	35.69844789356985	0.0
93.0	31.549513065278177	17.33680455115225	18.956706199980715	32.15697618358885	0.0
94.0	30.052063247204007	17.499035865792518	19.562283069803314	32.886617817200154	0.0
95.0	29.984573852680292	16.650597763208637	20.10219822599306	33.262630158118014	0.0
96.0	30.45993636100665	17.278950920836948	18.956706199980715	33.30440651817568	0.0
97.0	30.751422783833316	17.46889167550883	20.430211247226776	31.34947429343108	0.0
98.0	31.26567624927648	19.467489870731235	18.242330696507814	31.02450318348447	0.0
99.0	30.660104226983208	18.39413240687126	19.764524223122947	31.181239143022584	0.0
100.0	30.770720371804806	16.547250193648335	19.63594113090627	33.04608830364059	0.0
101.0	31.778878849703684	18.449431652579424	18.818614592441467	30.95307490527543	0.0
102.0	31.215281161680146	16.85020953123477	19.803138095702174	32.131371211382906	0.0
103.0	29.19029923723841	19.998044201056132	18.540973987874047	32.27068257383141	0.0
104.0	28.37519623233909	18.386970172684457	18.63226059654631	34.60557299843014	0.0
105.0	29.854273335959043	17.38873572272548	19.614021268215833	33.14296967309965	0.0
106.0	32.9350187635789	18.36855619198104	17.63776417143986	31.0586608730002	0.0
107.0	30.182322631787557	19.183511692429647	18.212445501387236	32.42172017439556	0.0
108.0	33.031899036072744	17.56931332604591	17.181754943853722	32.21703269402762	0.0
109.0	29.034187182298414	18.289644174225057	20.02392106050035	32.65224758297618	0.0
110.0	26.6753350670134	18.91378275655131	20.36407281456291	34.04680936187238	0.0
111.0	30.447881100622613	18.37718417352882	20.174733882305684	31.00020084354288	0.0
112.0	28.3241066935078	18.4398590840463	19.869149471565173	33.36688475088073	0.0
113.0	28.95799676898223	18.224959612277868	17.41720516962843	35.39983844911147	0.0
114.0	31.21901871522509	17.34951947395043	18.85685381891755	32.57460799190693	0.0
115.0	26.70391061452514	20.4266124936516	17.836465210766885	35.03301168105637	0.0
116.0	30.05202489033969	17.719065592165663	18.351525043354076	33.87738447414057	0.0
117.0	30.15661787286314	18.927218753198893	19.766608660047087	31.149554713890883	0.0
118.0	29.989733059548257	16.960985626283367	20.133470225872692	32.91581108829569	0.0
119.0	25.764282038085433	19.022130725681937	23.64384971693258	31.569737519300052	0.0
120.0	27.387219985547638	21.193351914937544	20.026840094972645	31.392588004542173	0.0
121.0	29.484258492129246	18.475559237779617	19.24192212096106	32.79826014913007	0.0
122.0	26.856667360099856	17.942583732057415	19.773247347618057	35.42750156022467	0.0
123.0	30.39891395154553	16.739766081871345	18.629908103592314	34.23141186299081	0.0
124.0	30.060771165129925	17.634115674769486	19.41533948030176	32.88977367979883	0.0
125.0	28.416964098257402	18.045349569598994	18.90615158513542	34.63153474700819	0.0
126.0	31.38370745073243	18.284329223311204	18.231636631889554	32.100326694066815	0.0
127.0	30.04232804232804	17.40740740740741	20.433862433862434	32.116402116402114	0.0
128.0	30.015948963317385	18.351940457203614	19.415204678362574	32.21690590111643	0.0
129.0	30.802047781569964	17.726109215017065	18.686006825938566	32.7858361774744	0.0
130.0	30.00535045478866	19.3151417870519	17.185660781166398	33.49384697699305	0.0
131.0	30.438521066208086	18.970335339638865	19.486242476354256	31.104901117798793	0.0
132.0	30.15975820379965	16.11614853195164	22.452504317789295	31.27158894645941	0.0
133.0	28.320503090100836	19.99349452455817	19.906754852000432	31.77924753334056	0.0
134.0	27.31829573934837	20.43151356652501	18.688024408848207	33.56216628527841	0.0
135.0	29.424633559396195	17.96105884926712	20.72850579741851	31.885801793918176	0.0
136.0	28.069018573469613	17.650291240795692	19.375755577535994	34.9049346081987	0.0
137.0	29.947054930509598	16.67769688947717	18.5087138760203	34.86653430399294	0.0
138.0	28.493969237578842	17.859909261923203	19.143521080004426	34.50260042049353	0.0
139.0	28.88050593587041	18.673027848663043	19.23887717741041	33.20758903805614	0.0
140.0	29.293266555370064	18.174735670562047	20.812465219810797	31.719532554257096	0.0
141.0	30.431381314260168	18.19400983459991	19.345105051408133	32.029503799731785	0.0
142.0	31.95783808028706	17.672123794572776	18.344920385736714	32.025117739403456	0.0
143.0	33.29957236101733	19.682646860229575	18.00585190186811	29.01192887688499	0.0
144.0	32.043010752688176	17.8494623655914	17.577815506508205	32.52971137521222	0.0
145.0	30.483229107447414	18.85162023877203	18.23763501989767	32.427515633882884	0.0
146.0	29.108571428571427	19.2	17.874285714285715	33.817142857142855	0.0
147.0	28.90831703669619	17.933969860807547	18.463131255032785	34.694581847463475	0.0
148.0	28.70841035120148	17.98752310536044	19.68576709796673	33.61829944547135	0.0
149.0	30.300568643379368	19.519554369270047	17.95288383428107	32.226993153069515	0.0
150.0	29.066511085180863	17.80630105017503	19.789964994165693	33.33722287047841	0.0
151.0	28.678537956888473	19.353327085285848	20.26710402999063	31.70103092783505	0.0
152.0	29.671106919721797	18.21289638099729	16.986915006483557	35.12908169279736	0.0
153.0	30.432720806164788	18.506224066390043	20.497925311203318	30.56312981624185	0.0
154.0	30.88024809160305	17.66459923664122	19.16746183206107	32.287690839694655	0.0
155.0	28.900347763520806	19.87048806811368	18.719270895790864	32.509893272574644	0.0
156.0	32.091621458710065	16.624472573839665	19.553948161543097	31.729957805907173	0.0
157.0	30.65728838224594	18.554450642735873	20.252243512005823	30.53601746301237	0.0
158.0	27.979527175237628	21.240555690957834	18.19400438703388	32.58591274677066	0.0
159.0	33.17802844531633	16.23344776851398	18.979892103972535	31.608631682197156	0.0
160.0	27.515703904421727	18.462864884838034	21.38194358911196	32.63948762162828	0.0
161.0	30.374582766720238	16.355544566695514	20.323896649771296	32.945976016812956	0.0
162.0	30.700335862669487	18.173902226645104	20.524940913048887	30.600820997636525	0.0
163.0	28.26930296583657	17.782505318483295	19.359279189087726	34.588912526592416	0.0
164.0	27.973790322580644	17.300907258064516	19.569052419354836	35.15625	0.0
165.0	27.871963562753038	16.953441295546558	21.52074898785425	33.65384615384615	0.0
166.0	27.6555145655769	19.27235720646228	20.429970741635923	32.6421574863249	0.0
167.0	27.89864346045559	17.852572306117224	21.24392116713591	33.00486306629127	0.0
168.0	30.53768973501415	17.712889117571393	19.436583483406224	32.31283766400823	0.0
169.0	27.372498386055522	18.205293737895417	20.697224015493866	33.7249838605552	0.0
170.0	28.014553014553012	17.112785862785863	18.762993762993762	36.109667359667355	0.0
171.0	30.062712307290308	16.409720407629997	18.29108962633917	35.236477658740526	0.0
172.0	28.69176098973414	19.51829428797052	17.47828375888392	34.31166096341142	0.0
173.0	29.040805511393746	17.024377318494967	18.839427662957075	35.09538950715421	0.0
174.0	31.05929380413058	18.37441705529647	18.58760826115923	31.978680879413723	0.0
175.0	28.51966179036371	17.970742182257414	21.04415514696014	32.46544088041873	0.0
176.0	28.559848689543365	16.42799243447717	18.52202107538503	36.49013780059443	0.0
177.0	27.572128470332064	18.794229722373434	20.522591181273818	33.111050626020685	0.0
178.0	27.27645611156686	20.221493027071368	20.27618266338529	32.22586819797648	0.0
179.0	28.10304449648712	17.357762777242044	20.58134729301557	33.957845433255265	0.0
180.0	29.77279024660571	15.433638126904961	20.185646993627042	34.60792463286229	0.0
181.0	29.108440469536053	19.28451648965903	18.963107881498043	32.64393515930688	0.0
182.0	29.222972972972972	18.42623873873874	19.313063063063062	33.03772522522522	0.0
183.0	30.383522727272727	20.482954545454547	19.573863636363637	29.55965909090909	0.0
184.0	30.534460524430436	20.447055452070497	17.839231981659264	31.179252041839806	0.0
185.0	28.441427126968076	19.066878520872454	20.540228224758053	31.951466127401417	0.0
186.0	29.570677570093455	17.683995327102803	21.013434579439252	31.731892523364486	0.0
187.0	29.79664014146773	21.367521367521366	17.329796640141467	31.506041850869437	0.0
188.0	29.806259314456035	17.22801788375559	18.7779433681073	34.18777943368107	0.0
189.0	29.80870613044133	17.818948636842897	19.807199879499926	32.56514535321585	0.0
190.0	30.893319129508445	18.201187033936996	17.957692893014762	32.9478009435398	0.0
191.0	27.771814138935746	18.647446710627204	18.800797423708023	34.77994172672903	0.0
192.0	31.41174647450798	18.766465209979856	18.673485200681853	31.148303114830313	0.0
193.0	30.9147771696638	18.2329945269742	18.358092259577795	32.4941360437842	0.0
194.0	29.561237373737377	19.349747474747474	19.886363636363637	31.202651515151516	0.0
195.0	29.44550669216061	19.980879541108987	18.78585086042065	31.78776290630975	0.0
196.0	30.514765208972083	19.638534774891074	17.79893496853316	32.047765047603676	0.0
197.0	28.916449086161876	20.267624020887727	19.924934725848566	30.890992167101828	0.0
198.0	28.378828229027963	21.304926764314246	19.540612516644472	30.775632490013315	0.0
199.0	28.93498344082273	22.398466097263377	17.971065016559177	30.695485445354713	0.0
200.0	23.93964110929853	18.800978792822185	21.023654159869494	36.235725938009786	0.0
201.0	31.257242178447274	17.23638470451912	18.36616454229432	33.14020857473928	0.0
202.0	30.638547158758055	19.127123608670182	20.826010544815464	29.408318687756296	0.0
203.0	30.52600472813239	19.030732860520093	20.62647754137116	29.81678486997636	0.0
204.0	31.9498357718722	17.706778142729174	22.782920274708868	27.56046581068976	0.0
205.0	29.38345864661654	16.902255639097742	23.669172932330827	30.045112781954884	0.0
206.0	29.208371246587806	21.14043069457082	21.261753108886865	28.389444949954505	0.0
207.0	29.00459418070444	19.356814701378255	18.92802450229709	32.71056661562021	0.0
208.0	27.85317705120296	17.82850092535472	21.591610117211598	32.72671190623072	0.0
209.0	26.359962698165994	19.086105066832452	20.329499533727073	34.22443270127448	0.0
210.0	29.82069833280906	18.213274614658697	19.031141868512112	32.93488518402013	0.0
211.0	29.2845786963434	17.93322734499205	21.303656597774246	31.4785373608903	0.0
212.0	26.690276883451386	17.45009658725048	22.47263361236317	33.386992916934965	0.0
213.0	29.18427039324017	19.174520636984074	18.91452713682158	32.72668183295417	0.0
214.0	29.291598023064253	22.899505766062603	20.42833607907743	27.38056013179572	0.0
215.0	28.13435317592285	19.587628865979383	18.689723977386098	33.588293980711676	0.0
216.0	30.137445524639624	19.342943345625212	21.488434461951055	29.03117666778411	0.0
217.0	25.534804753820033	20.848896434634977	23.63327674023769	29.983022071307303	0.0
218.0	27.23463687150838	20.006983240223462	18.400837988826815	34.357541899441344	0.0
219.0	23.235065942591156	23.545384018619085	24.04965089216447	29.16989914662529	0.0
220.0	13.609112709832132	24.580335731414866	22.062350119904075	39.74820143884892	0.0
