# Position (bp)	A	C	G	T	N
0.0	38.467307561191795	16.45871684734438	21.517692779709552	23.55628281175428	0.0
1.0	24.563676029451866	29.942732478865558	22.286610308153804	23.20698118352877	0.0
2.0	29.67189728958631	25.541743088105427	16.64289110794104	28.143468514367232	0.0
3.0	34.65138361367336	18.699131850244164	19.526587086272382	27.12289744981009	0.0
4.0	36.23355486233555	16.458700664587006	16.567204665672048	30.740539807405398	0.0
5.0	26.886312792353063	25.47623889905769	17.490339637990644	30.147108670598605	0.0
6.0	26.34896963123644	27.786062906724514	18.682212581344903	27.182754880694144	0.0
7.0	36.5392435949573	18.957570828249967	16.849667886674798	27.653517690117933	0.0
8.0	37.05360168055838	17.65941587043437	16.819136680897202	28.46784576811005	0.0
9.0	28.396232807100752	24.141201978453825	18.436208415204284	29.026356799241142	0.0
10.0	25.699194149116273	14.776190153721135	18.818988284688835	40.70562741247376	0.0
11.0	25.409614082599862	17.501692620176033	17.44075829383886	39.64793500338524	0.0
12.0	25.653351387948543	16.046039268788086	18.761002031144212	39.53960731211916	0.0
13.0	26.749695410856912	25.626099905238934	17.80154325165832	29.82266143224584	0.0
14.0	26.786681104493777	17.365998917162965	27.158906334596644	28.688413643746618	0.0
15.0	32.704147216020566	19.315337257289762	18.780867329679996	29.199648197009676	0.0
16.0	25.033820346320347	18.45914502164502	17.3633658008658	39.14366883116883	0.0
17.0	28.455504463078174	23.546118474438735	17.622396537733298	30.375980524749796	0.0
18.0	23.898350905650176	18.221140848878076	19.0051365233847	38.875371722087046	0.0
19.0	27.282557275123338	27.228492261944986	16.814219098465905	28.67473136446577	0.0
20.0	26.35276633114909	17.658582719718975	17.455921097074917	38.53272985205701	0.0
21.0	26.333918681615557	16.803998379035527	20.22828583006889	36.63379710928002	0.0
22.0	26.98980625126578	16.924323229595625	26.46324174711402	29.622628772024573	0.0
23.0	25.651410827595516	17.48346159038747	18.340758741730795	38.524368840286215	0.0
24.0	35.528713138538365	15.061745057021392	18.80018894662258	30.60935285781767	0.0
25.0	28.056923180683885	16.240642071895866	24.698185742227018	31.00424900519323	0.0
26.0	36.70015508057447	15.561998516620593	16.195806081855572	31.54204032094936	0.0
27.0	25.86625320210328	19.01038155588513	15.93636241067817	39.18700283133342	0.0
28.0	26.171058839388017	25.75992451304172	15.265889330727237	32.80312731684303	0.0
29.0	28.321089168969465	14.281862910291837	16.14881714632338	41.24823077441531	0.0
30.0	27.006756756756754	15.60135135135135	23.18243243243243	34.20945945945946	0.0
31.0	29.375126937918893	14.663868390765689	17.094306411211157	38.86669826010426	0.0
32.0	27.32281322269079	17.745884913617193	15.8685893075772	39.06271255611482	0.0
33.0	28.270645952575634	26.39683837557918	16.12837285363859	29.204142818206595	0.0
34.0	28.104575163398692	16.666666666666664	18.579793028322438	36.6489651416122	0.0
35.0	26.442504433228752	24.839721729641248	16.859909971354522	31.857863865775478	0.0
36.0	27.501534683855127	15.251347111383945	17.113430188936636	40.1336880158243	0.0
37.0	36.48584100989423	18.66257250085295	16.410781303309452	28.44080518594336	0.0
38.0	34.941979522184305	18.177474402730375	16.498293515358363	30.382252559726965	0.0
39.0	37.41036672812948	17.148125384142592	15.447654169227617	29.993853718500308	0.0
40.0	26.048519736842106	25.513980263157894	17.735745614035086	30.701754385964914	0.0
41.0	27.62271414821944	14.533205004812318	27.34772446033274	30.496356386635505	0.0
42.0	37.09444100020665	16.52545291726941	18.22690638561686	28.153199696907073	0.0
43.0	37.072833966171906	17.266137383500173	16.4998274076631	29.161201242664823	0.0
44.0	29.26559147227798	24.91174638333218	15.04118502111165	30.78147712327819	0.0
45.0	32.055956544385744	15.968450033484634	17.98496911972617	33.990624302403454	0.0
46.0	31.271554955765485	16.021892337681813	18.848403058929375	33.85814964762333	0.0
47.0	29.57874075192511	18.5489959232976	19.65876491016156	32.213498414615735	0.0
48.0	27.66535789791604	18.808517064331017	17.864693446088793	35.66143159166415	0.0
49.0	29.560555723346422	17.970401691331926	19.729688915735426	32.73935366958623	0.0
50.0	27.53798473051629	22.03492327462393	18.535036661879204	31.892055332980572	0.0
51.0	29.62570888468809	18.97164461247637	18.291115311909262	33.11153119092627	0.0
52.0	30.79425113464448	17.821482602118003	19.18305597579425	32.20121028744327	0.0
53.0	30.571947344530187	19.011953396883037	19.69284309275231	30.723256165834467	0.0
54.0	27.145345754752707	23.880936150874803	18.91994243732485	30.053775657047645	0.0
55.0	29.09435392194013	18.507010231148165	19.765062523683213	32.63357332322849	0.0
56.0	28.269274505344555	18.573269653551662	19.482980820256234	33.67447502084755	0.0
57.0	30.53406159915036	18.024578971324534	19.572143832498863	31.869215597026248	0.0
58.0	30.160898603521552	18.791742562234365	18.252884031572556	32.79447480267152	0.0
59.0	29.073385444334825	18.046596342111254	19.640282310085755	33.239735903468166	0.0
60.0	29.492143019813255	17.77878994913839	20.876034312609125	31.853032718439234	0.0
61.0	30.463173880030368	17.77524677296887	18.936977980258163	32.8246013667426	0.0
62.0	27.61142857142857	19.19238095238095	21.234285714285715	31.961904761904762	0.0
63.0	31.88826133414746	17.98198748282705	19.5008395664784	30.628911616547093	0.0
64.0	27.837569651171666	18.4184413403557	21.746431570109152	31.997557438363483	0.0
65.0	29.785447048942505	18.828739405970833	20.37107734595709	31.014736199129572	0.0
66.0	29.99389126450825	17.05864386072083	21.266035430665852	31.68142944410507	0.0
67.0	29.185762297586308	18.88939810571341	19.21020470516346	32.71463489153682	0.0
68.0	26.581118240146655	18.30125267338833	21.173235563703024	33.94439352276199	0.0
69.0	27.91017415215399	20.126794989306447	20.577451879010084	31.385578979529484	0.0
70.0	27.23800794378246	19.393522761992056	19.07271616254201	34.29575313168347	0.0
71.0	29.37671860678277	19.362969752520623	19.33241674304919	31.92789489764742	0.0
72.0	29.352891741156697	18.695087478034992	20.70440828176331	31.247612499045	0.0
73.0	28.81588999236058	18.090145148968677	20.80977845683728	32.28418640183346	0.0
74.0	28.814854435699548	18.36173301749828	21.364713074042943	31.45869947275923	0.0
75.0	28.84541911820891	18.002597998013297	22.671353251318102	30.480629632459692	0.0
76.0	29.996178830722204	18.311043179212838	19.059992357661447	32.63278563240352	0.0
77.0	28.219827256745393	19.834900252235727	18.512573568753343	33.43269892226554	0.0
78.0	28.822629969418962	19.013761467889907	19.19724770642202	32.96636085626911	0.0
79.0	27.929926560587514	19.53029375764994	18.153304773561814	34.38647490820074	0.0
80.0	28.855873793842857	17.414611732271403	20.638688926328687	33.09082554755705	0.0
81.0	26.527170997164102	18.739940216141644	19.506399938683224	35.22648884801104	0.0
82.0	28.794848206071755	16.957988347132783	20.97516099356026	33.2720024532352	0.0
83.0	29.16283348666053	17.54829806807728	21.243483593989573	32.045384851272615	0.0
84.0	27.18066743383199	18.534714230916762	20.398925968546223	33.88569236670502	0.0
85.0	29.370683039140445	16.745970836531082	20.27628549501151	33.60706062931696	0.0
86.0	28.733691481197237	17.87413660782809	20.683039140445125	32.70913277052955	0.0
87.0	32.16890595009597	17.25143953934741	21.696737044145873	28.882917466410753	0.0
88.0	31.32391337736139	19.820304100752573	17.071110428505605	31.784672093380433	0.0
89.0	31.303279318024728	16.74218570002304	18.347285154750022	33.60724982720221	0.0
90.0	29.96467516510521	16.556596528951005	19.536169559207494	33.94255874673629	0.0
91.0	28.953229398663698	20.021503724752325	16.934183242454495	34.09108363412948	0.0
92.0	28.4507258622014	16.452876565020354	18.342422613103928	36.75397495967432	0.0
93.0	31.610078353049627	16.630818866185283	19.534490705177447	32.22461207558765	0.0
94.0	30.450145951759104	16.75372561069289	18.996773697956677	33.79935473959134	0.0
95.0	30.430107526881724	16.812596006144393	19.976958525345623	32.78033794162826	0.0
96.0	29.07959434542102	16.50276582667486	20.367240319606637	34.05039950829748	0.0
97.0	30.51798339993852	17.084229941592376	20.08146326467876	32.31632339379035	0.0
98.0	30.61961869618696	18.76537515375154	18.43480934809348	32.18019680196802	0.0
99.0	30.329382792057874	18.677851315991997	20.040018470063107	30.95274742188702	0.0
100.0	30.63632857693791	16.39799460084844	19.14384882375627	33.82182799845739	0.0
101.0	31.53828324190682	17.52298539751217	20.142161786293748	30.796569574287258	0.0
102.0	30.076643183401718	17.016335062320973	20.066578926995433	32.840442827281876	0.0
103.0	28.930817610062892	19.543442813883065	19.007686932215233	32.51805264383881	0.0
104.0	27.484423676012458	17.562305295950157	19.11214953271028	35.84112149532711	0.0
105.0	30.369849089060914	17.092814137149112	19.657518179685667	32.87981859410431	0.0
106.0	32.54391468005019	19.298933500627353	17.299247176913426	30.857904642409036	0.0
107.0	29.85133328089357	18.713128293872412	18.744592149767954	32.69094627546606	0.0
108.0	32.67396957995114	17.101426432342976	17.195996532429664	33.02860745527622	0.0
109.0	30.003947887879985	17.631267272009474	20.228977497039082	32.135807343071455	0.0
110.0	26.130334943384277	18.449600126692534	20.76965713833241	34.65040779159078	0.0
111.0	31.665344964314034	18.231562252180808	19.35765265662173	30.745440126883427	0.0
112.0	28.926868044515103	18.243243243243242	18.910969793322735	33.91891891891892	0.0
113.0	28.652222399235306	18.639477457384103	17.046359725983752	35.66194041739685	0.0
114.0	32.29308005427408	17.511373613217334	18.860244233378562	31.33530209913002	0.0
115.0	26.753121998078772	20.413064361191164	18.876080691642652	33.957732949087415	0.0
116.0	30.138086062941554	17.58188824662813	17.886962106615286	34.39306358381503	0.0
117.0	30.370072405470633	18.938053097345133	19.8793242156074	30.81255028157683	0.0
118.0	29.27459049463407	16.969256838537884	19.987089486000162	33.769063180827885	0.0
119.0	25.180147356489353	19.237308719941705	22.840255849728766	32.74228807384018	0.0
120.0	27.099391480730223	20.843813387423936	20.3894523326572	31.667342799188642	0.0
121.0	30.020333468889792	18.527856852379017	18.503456689711264	32.948352989019924	0.0
122.0	26.37541771945554	17.4912380797131	19.879370771864046	36.25397342896732	0.0
123.0	30.88054942359578	16.61352301528902	19.131714495952906	33.374213065162294	0.0
124.0	30.715575250287213	17.470868209420647	19.84244214672575	31.971114393566385	0.0
125.0	27.937788018433178	18.449637919684005	18.614219881500986	34.99835418038183	0.0
126.0	30.330776210508947	18.452528252082818	18.33704528582034	32.87965025158789	0.0
127.0	30.062820300876176	16.895354604066785	20.085964622251613	32.95586047280542	0.0
128.0	29.44978455419291	17.865429234338748	19.705004971826316	32.97978123964203	0.0
129.0	30.63310069790628	17.721834496510468	18.602525756065138	33.04253904951811	0.0
130.0	29.66511162945685	18.15228257247584	16.36954348550483	35.81306231256248	0.0
131.0	30.250626566416038	18.65497076023392	19.515455304928988	31.57894736842105	0.0
132.0	30.238215064586477	16.406643180674383	21.690991444388523	31.664150310350614	0.0
133.0	29.111260730516747	20.358525500757448	19.112943948830164	31.417269819895637	0.0
134.0	27.32337300582426	19.945977884696546	19.473284375791337	33.25736473368786	0.0
135.0	29.33005843990853	17.201660032184297	20.953671550774963	32.51460997713221	0.0
136.0	28.520499108734406	17.596129360835246	18.504371445547914	35.37900008488244	0.0
137.0	29.365687526607065	16.415495955725838	19.08897403150277	35.12984248616433	0.0
138.0	27.537345283824155	17.259923175416134	19.46222791293214	35.74050362782757	0.0
139.0	29.447012497859955	18.02773497688752	18.81527135764424	33.70998116760829	0.0
140.0	28.02750322303395	18.16931671680275	21.005586592178773	32.797593467984534	0.0
141.0	31.19669165158956	17.29128973895063	19.617472215042646	31.894546394417162	0.0
142.0	31.755355908776778	17.59675190048376	18.140981340704908	32.50691085003455	0.0
143.0	33.54139575205895	18.890333766796704	18.543563068920676	29.024707412223666	0.0
144.0	31.925822740727845	17.873933484241686	17.934877241859656	32.26536653317081	0.0
145.0	30.55167597765363	18.47939944134078	17.859636871508382	33.10928770949721	0.0
146.0	29.49728498861447	19.35540374846733	17.18339464004204	33.96391662287616	0.0
147.0	29.067416717939704	18.607717324426474	18.862617561747385	33.46224839588644	0.0
148.0	29.21923246581385	18.12086457873842	19.05602117335686	33.603881782090866	0.0
149.0	30.26921714488133	18.721218561813675	18.32270634077223	32.68685795253277	0.0
150.0	28.275555555555552	17.84888888888889	20.09777777777778	33.77777777777778	0.0
151.0	29.811724814847864	18.720442580530026	20.31765860622825	31.15017399839386	0.0
152.0	29.493625426467947	19.007003052612678	17.08565272041659	34.413718800502785	0.0
153.0	31.63918176083626	17.70748851040822	18.68973596467514	31.963593764080382	0.0
154.0	30.988335292521928	17.478976399312778	18.274708382313047	33.25797992585225	0.0
155.0	29.509536784741147	19.763851044504996	17.529518619436875	33.19709355131699	0.0
156.0	30.685031469488276	16.701632764754173	19.13709750980571	33.47623825595184	0.0
157.0	30.415294548115625	18.84376143432126	19.15477497255763	31.58616904500549	0.0
158.0	28.032320264438525	21.963088788908273	18.00569277384997	31.99889817280323	0.0
159.0	33.2043486272342	16.279712548369265	19.30163994840612	31.21429887599042	0.0
160.0	28.344272903762597	18.387723028566146	20.51400573171859	32.753998335952666	0.0
161.0	29.984228592633826	17.858799517580483	19.333889971240374	32.82308191854532	0.0
162.0	30.03536857781087	18.577810871183917	19.871556217423677	31.515264333581534	0.0
163.0	28.366013071895424	18.104575163398692	18.627450980392158	34.90196078431372	0.0
164.0	28.056206088992973	17.433255269320842	19.99063231850117	34.51990632318501	0.0
165.0	28.700310121229204	16.567991730100555	21.69908843153839	33.03260971713185	0.0
166.0	27.218711685372064	18.768273130246158	19.947184759030463	34.065830425351315	0.0
167.0	27.43019403691434	17.510648367250354	21.050638902035022	34.00851869380028	0.0
168.0	29.342968527146525	17.115146905010935	19.87258723970714	33.6692973281354	0.0
169.0	26.892601431980907	18.949880668257755	20.887828162291168	33.269689737470166	0.0
170.0	28.121700739034456	17.103368845378636	18.744601209329108	36.0303292062578	0.0
171.0	30.608897037537393	16.9449001254463	18.112515680787418	34.33368715622889	0.0
172.0	28.920333397945335	19.480519480519483	16.941267687536342	34.657879433998836	0.0
173.0	28.391812865497073	16.744639376218323	19.80506822612086	35.058479532163744	0.0
174.0	31.011852287197573	18.464100303653638	19.56117151532961	30.96287589381918	0.0
175.0	28.945554789800138	17.62331397066063	20.38987890125037	33.041252338288864	0.0
176.0	29.005743711626064	16.379481085363437	18.072885719944544	36.54188948306595	0.0
177.0	28.214570063694268	19.287420382165603	18.570859872611464	33.92714968152866	0.0
178.0	27.536521913147887	19.891935161096658	19.06143686211727	33.51010606363818	0.0
179.0	30.3420523138833	17.676056338028168	19.94969818913481	32.03219315895372	0.0
180.0	30.251845858197633	15.454637402649945	19.54081116617781	34.75270557297461	0.0
181.0	29.505030999085275	18.924687468238645	17.735542229901412	33.83473930277467	0.0
182.0	29.089608664555023	16.951057525288647	19.873301318074997	34.08603249208133	0.0
183.0	29.948559670781894	20.16460905349794	18.61111111111111	31.275720164609055	0.0
184.0	32.23166183174472	18.876916701201825	17.66473269788645	31.226688769167012	0.0
185.0	28.09340143854894	19.879078494735744	20.462837485666633	31.564682581048682	0.0
186.0	29.520411375800187	17.431000104942807	20.495330045125407	32.553258474131596	0.0
187.0	28.547261577500528	22.911820680905056	17.19179530556143	31.34912243603299	0.0
188.0	29.945611602858058	17.734883224912018	18.939959475311934	33.37954569691799	0.0
189.0	30.15140126704606	18.919789541501128	19.585525609363255	31.343283582089555	0.0
190.0	31.03448275862069	17.565668576370122	17.846719273592043	33.553129391417144	0.0
191.0	28.16579634464752	17.743690165361183	18.90774586597041	35.18276762402089	0.0
192.0	32.5309114782799	16.796148375095743	18.52500273552905	32.147937411095306	0.0
193.0	31.225905936777178	18.074677827954623	19.726842163233837	30.972574072034366	0.0
194.0	29.439148747506096	18.876080691642652	19.873642207936157	31.811128352915098	0.0
195.0	29.032618409294013	20.85567470956211	18.77792672028597	31.33378016085791	0.0
196.0	29.890630285263274	20.08118164392829	17.397677302965388	32.63051076784305	0.0
197.0	28.592575723069917	19.2552949214302	19.949897517649738	32.20223183785015	0.0
198.0	28.860613071139383	21.122035858877965	19.4331983805668	30.58415268941585	0.0
199.0	27.825982164376956	23.06579898770788	18.69125090383225	30.416967944082913	0.0
200.0	23.92205638474295	18.47705914870094	21.406854615809838	36.19402985074627	0.0
201.0	32.19272369714847	16.381514257620452	18.702064896755164	32.723697148475914	0.0
202.0	30.673513727039303	17.697017578510767	20.501678846533675	31.127789847916254	0.0
203.0	30.891403613261865	18.542783402819136	20.38912050823903	30.176692475679967	0.0
204.0	31.99520671060515	18.274415817855	21.669662472538445	28.060714999001394	0.0
205.0	30.036115569823433	15.589887640449437	23.35473515248796	31.019261637239165	0.0
206.0	30.41018387553041	20.105071731662964	19.721155789048293	29.763588603758333	0.0
207.0	29.950900163666123	18.4328968903437	20.09001636661211	31.52618657937807	0.0
208.0	28.090815273477816	17.770897832817337	20.515995872033024	33.62229102167183	0.0
209.0	27.373022481265615	18.77601998334721	20.35803497085762	33.49292256452956	0.0
210.0	29.84479865771812	17.051174496644293	21.32969798657718	31.774328859060404	0.0
211.0	31.499894224666807	18.404907975460123	19.716522107044636	30.378675692828434	0.0
212.0	26.615483045425464	16.634676903390915	22.456813819577732	34.293026231605886	0.0
213.0	27.591397849462368	20.021505376344088	19.01075268817204	33.376344086021504	0.0
214.0	30.086767895878523	21.77874186550976	19.47939262472885	28.655097613882862	0.0
215.0	28.23092062103652	18.65296304395364	17.58145637437131	35.53465996063853	0.0
216.0	30.704845814977972	18.28193832599119	22.48898678414097	28.524229074889867	0.0
217.0	27.38440920259102	20.14742014742015	22.470404288586106	29.99776636140272	0.0
218.0	24.971098265895954	20.069364161849713	19.745664739884393	35.213872832369944	0.0
219.0	22.453644907289817	21.971043942087885	24.206248412496826	31.369062738125475	0.0
220.0	13.851481338976528	24.393997691419777	19.892266256252405	41.86225471335129	0.0
