# Position (bp)	A	C	G	T	N
0.0	26.919143025187353	24.064080098603473	23.106769262100126	25.91000761410905	0.0
1.0	27.06957415907814	20.109432287825392	15.193308668412293	37.62768488468418	0.0
2.0	27.924469629956132	19.93669070829723	18.04420479967153	34.094634862075104	0.0
3.0	23.894785639889463	21.703773051011748	15.052619221066955	39.348069524801474	7.525632303626151E-4
4.0	33.905968942356886	14.156416384249445	14.614884925296332	37.320929478957105	0.0018002691402364654
5.0	35.54075123600924	14.966458131450574	22.17462739993979	27.310974084619268	0.007189147981122495
6.0	32.13037459599901	17.626253113162136	20.196013358567512	30.042425710159748	0.004933222111598454
7.0	35.222047037183025	17.02425317423347	20.2631358918312	27.489070842440967	0.0014930543113436294
8.0	23.546026102932405	26.283970795256618	21.91220681921214	28.256901529431417	8.947531674262127E-4
9.0	28.771990989058143	18.21631624114997	16.25575103101385	36.75549476745572	4.4697132231996E-4
10.0	26.965542903922007	16.88576319118851	24.29664359604078	31.85175262335343	2.9768549527424274E-4
11.0	28.238412093125635	18.71153600185609	19.695500474432688	33.35351035572041	0.001041074865180805
12.0	26.411723615177685	19.69739755956185	21.176820296360148	32.70900524649614	0.005053282404173416
13.0	27.761805761805764	21.06237006237006	18.392188892188894	32.78348678348678	1.485001485001485E-4
14.0	31.261657261657263	18.445203445203447	20.479358479358478	29.812889812889814	8.91000891000891E-4
15.0	29.767151767151766	18.644490644490645	19.144342144342144	32.44282744282744	0.001188001188001188
16.0	30.689337689337687	17.71888921888922	18.890258390258392	32.698990198990195	0.0025245025245025244
17.0	30.19052569052569	18.322690822690824	20.226165726165725	31.257350757350753	0.0032670032670032672
18.0	31.604098604098603	18.193347193347194	18.471636471636472	31.723641223641224	0.007276507276507276
19.0	30.474606474606475	18.371398871398874	19.696168696168694	31.457825957825957	0.0
20.0	30.11122661122661	18.222898722898723	19.756162756162755	31.90971190971191	0.0
21.0	29.981437481437485	17.269824769824773	19.446836946836946	33.3010098010098	8.91000891000891E-4
22.0	28.603950103950105	19.06133056133056	19.80888030888031	32.52450252450252	0.0013365013365013365
23.0	30.098158598158598	17.65830115830116	19.823433323433324	32.41847341847342	0.0016335016335016336
24.0	30.656519156519156	18.01841401841402	18.506534006534007	32.81734481734482	0.001188001188001188
25.0	29.405405405405403	17.970299970299973	19.24918324918325	33.37511137511137	0.0
26.0	31.71874071874072	17.570983070983072	20.084942084942085	30.625185625185626	1.485001485001485E-4
27.0	28.911196911196914	18.36055836055836	19.77041877041877	32.95767745767746	1.485001485001485E-4
28.0	30.15755865755866	17.749925749925747	20.151321651321652	31.937035937035933	0.004158004158004158
29.0	29.373626373626372	18.6008316008316	19.356994356994356	32.66542916542917	0.0031185031185031187
30.0	30.01752301752302	18.396198396198397	19.143005643005644	32.44134244134244	0.0019305019305019305
31.0	30.272142180404455	18.35675187630495	19.38630646363666	31.983165973168916	0.0016335064850207454
32.0	29.335085648096587	18.396631991624528	19.262245784420735	33.00588807460703	1.485012511230407E-4
33.0	29.759233491389104	17.970391644675978	19.345818402681356	32.92262593352154	0.0019305277320308708
34.0	29.776769272807197	18.013050503130458	19.415816235609995	32.79436398845235	0.0
35.0	30.28783509320877	17.540067066928753	19.32059447983015	32.85150336003233	0.0
36.0	30.83926339892687	17.453932714496503	18.910581693742635	32.796073600670454	1.485921635464789E-4
37.0	29.017262697355907	18.950030911166063	19.35365940650561	32.6787497622218	2.972227506182233E-4
38.0	30.813979411965793	18.162861278978863	19.039324156012473	31.983240638627386	5.945144154882896E-4
39.0	30.055917086304994	18.646958161054886	19.359414097171733	31.937561979354832	1.4867611354692144E-4
40.0	29.83125502217196	18.5003422517187	19.492723430850273	32.17300080354752	0.002678491711556204
41.0	29.66004999001987	18.140597675672616	20.429473257722684	31.767495762169055	0.002383314415775158
42.0	28.941425494331863	18.40979049123879	19.386752725998914	33.259795335802814	0.0022359526276169964
43.0	29.55866407551526	18.189465269274425	20.389060488868537	31.860274695855402	0.002535470486377812
44.0	29.371291974549663	18.824085900848743	20.048554989196738	31.75606713540485	0.0
45.0	29.36590754715573	18.58372334311157	19.73068798471311	32.31968112501959	0.0
46.0	30.045131691348214	17.387051296602728	19.640200956994963	32.92731736748726	2.986875668313431E-4
47.0	29.657432845274855	18.428801276391685	19.751055816739793	32.15972225334522	0.0029878082484422314
48.0	30.387001229879957	17.93995854572299	18.737960850066724	32.934332181161466	7.47193168861173E-4
49.0	29.120603954105466	18.101281907538215	19.921366371416827	32.85570131180626	0.0010464551332361625
50.0	29.666579900847612	18.442972417445315	19.424174153958464	32.46597433526911	2.9919247949783536E-4
51.0	30.38082941909509	18.12781585506135	19.227047785659508	32.26430694018405	0.0
52.0	29.781129834370144	18.234281360792338	19.740457236782905	32.24413156805461	0.0
53.0	31.383318968494457	17.94849079098709	19.17630912732853	31.480769635032992	0.011111478156936114
54.0	29.984428124370588	18.5410535365894	19.200904251001802	32.271359472840906	0.002254615197308891
55.0	29.085202832722246	18.431651623910536	18.261941049647863	34.22030177789881	9.02715820546113E-4
56.0	29.259567087052364	17.779514328045387	20.653555210253074	32.30676110288007	6.022717691130946E-4
57.0	27.994448906280844	19.073672536702162	19.52903098456573	33.402847572451265	0.0
58.0	30.696678354635598	17.707649964182032	22.237152659955512	29.358519021226858	0.0
59.0	29.138205734220325	20.395822793412517	21.137329819606894	29.320788625191607	0.00785302756865736
60.0	31.309581796673857	18.774070970220823	19.615136763953977	30.30121046915134	0.0
61.0	29.090572856034147	21.03675543267365	19.465008973612726	30.407511156383393	1.51581296080714E-4
62.0	31.122741361043254	16.590080305473936	21.413120968955543	30.87390535719443	1.520073328337359E-4
63.0	26.42288212433256	20.591988569928287	25.27163211288417	27.712123386158744	0.001373806696239128
64.0	26.213960952945374	20.056140286398154	17.928444871188212	35.79915682374002	0.002297065728238748
65.0	28.027356207015792	19.31670957083029	18.502478195719828	34.14838437007723	0.005071656356860184
66.0	26.690430414719547	19.460782877767276	17.084613641234213	36.75723512080505	0.006937945473915638
67.0	33.59442360710145	14.054602954448004	17.50114936479213	34.8481213110034	0.0017027626550094504
68.0	34.72182908616065	15.55817935866259	22.80712180093675	26.912713368624352	1.5638561565107243E-4
69.0	31.815229032427972	17.142597206505066	20.312771835850647	30.729401925216308	0.0
70.0	33.267038948381646	16.00312014092292	22.049340241724824	28.68050066897061	0.0
71.0	25.654530733827773	20.426727627756346	25.442379214346637	28.47636242406924	0.0
