# Position (bp)	A	C	G	T	N
0.0	36.64659775076679	17.44859706918096	20.765648074520048	25.139157105532206	0.0
1.0	24.162217425877543	28.54708622060661	22.594570032943313	24.69612632057253	0.0
2.0	30.08579814856627	24.84759539399413	16.73063897042222	28.33596748701738	0.0
3.0	33.25453112687155	19.28402566700439	20.038275357424293	27.423167848699766	0.0
4.0	34.67251856853477	18.377222597344137	17.476930002250732	29.47332883187036	0.0
5.0	27.361673414304992	23.987854251012145	17.476383265856953	31.17408906882591	0.0
6.0	28.156977397953447	25.649387158439225	18.520184414708197	27.67345102889913	0.0
7.0	36.335019673974145	18.055087127599776	17.897695334457563	27.712197863968523	0.0
8.0	34.82464028776979	18.24415467625899	17.55845323741007	29.372751798561154	0.0
9.0	28.189277284477914	23.659660559739237	17.938630999213217	30.21243115656963	0.0
10.0	26.40386343216532	15.959119496855346	19.59793351302785	38.03908355795148	0.0
11.0	26.184594655288567	17.617336626993037	18.886144172468	37.31192454525039	0.0
12.0	25.173961840628508	16.65544332210999	19.95510662177329	38.215488215488215	0.0
13.0	27.99281947716818	23.112307864916414	19.465948614383485	29.428924043531918	0.0
14.0	26.763881099270893	17.812675266404934	26.203028603477286	29.220415030846887	0.0
15.0	30.056053811659194	18.419282511210763	20.661434977578473	30.86322869955157	0.0
16.0	24.372478709099056	19.116987897803675	18.63514119229045	37.875392200806814	0.0
17.0	28.272075302554907	22.433886149708652	19.10578216046616	30.188256387270286	0.0
18.0	24.9719919336769	19.796101277167825	19.347972215998208	35.88393457315707	0.0
19.0	26.57930107526882	25.336021505376344	18.839605734767026	29.245071684587813	0.0
20.0	27.060008956560683	17.991491267353336	18.65203761755486	36.29646215853112	0.0
21.0	26.236294473036477	18.494070261803536	20.507943611546207	34.76169165361379	0.0
22.0	27.5422306745721	18.145206398926053	25.081105269045757	29.23145765745609	0.0
23.0	26.297539149888145	18.803131991051455	18.60178970917226	36.297539149888145	0.0
24.0	34.21670580342167	15.654702001565472	18.405456781840545	31.723135413172315	0.0
25.0	28.06350626118068	17.45304114490161	22.76386404293381	31.7195885509839	0.0
26.0	34.71942767717416	16.72255756762799	16.588419405320813	31.96959534987704	0.0
27.0	27.252403308741336	18.05276101050749	15.79476861167002	38.90006706908115	0.0
28.0	26.717301463196698	23.366469339886073	15.693063777504749	34.22316541941249	0.0
29.0	29.21875	15.580357142857142	16.316964285714285	38.88392857142857	0.0
30.0	27.686274509803923	17.69187675070028	22.756302521008404	31.865546218487395	0.0
31.0	30.053847879739738	14.550145838007628	17.399596140901952	37.99641014135069	0.0
32.0	27.92236930670855	17.455687682297512	16.771370877271707	37.85057213372223	0.0
33.0	28.124298855732555	24.73636975544088	16.62553286964326	30.513798519183304	0.0
34.0	28.9924913145803	16.82169673876499	19.365684186932647	34.82012775972207	0.0
35.0	26.630679262258212	23.627980206927575	17.577597840755736	32.16374269005848	0.0
36.0	28.473394082573968	16.368545393182586	17.246034424569693	37.91202609967376	0.0
37.0	35.43918918918919	18.074324324324326	17.184684684684683	29.3018018018018	0.0
38.0	33.23937309730522	19.41594317284925	16.4956590370955	30.849024692750028	0.0
39.0	36.1553222711367	17.90269782142454	16.06276103397675	29.879218873462015	0.0
40.0	26.31935811956153	24.07051644253588	19.290315289863262	30.319810148039327	0.0
41.0	27.67210144927536	15.39855072463768	27.2758152173913	29.653532608695656	0.0
42.0	34.45301861098502	16.761234679981843	18.82660009078529	29.959146618247846	0.0
43.0	34.91521565949699	18.174576078297484	17.50312962330716	29.40707863889837	0.0
44.0	29.522067230734052	23.51932311914018	16.178824605533958	30.77978504459181	0.0
45.0	32.15928346647301	16.146211571048173	18.893730331638828	32.80077463083999	0.0
46.0	30.298962782184258	17.242220866381942	18.242830994508846	34.21598535692495	0.0
47.0	30.54807927575239	17.81257646195253	18.534377293858576	33.10496696843651	0.0
48.0	27.95935855061819	18.349859223895212	17.823479005998287	35.86730321948831	0.0
49.0	28.71662992897379	18.67499387705119	19.103600293901543	33.504775900073476	0.0
50.0	28.167115902964962	21.930899289389856	18.598382749326145	31.30360205831904	0.0
51.0	30.57121843589115	18.59524393233636	18.44814905614121	32.38538857563128	0.0
52.0	28.40142313826524	18.684823947981844	19.788982946877685	33.12476996687523	0.0
53.0	30.531353540311695	19.15572462878881	19.450239293164806	30.862682537734692	0.0
54.0	28.306064706605977	23.533029892975765	17.652847828761224	30.508057571657034	0.0
55.0	30.105807086614174	18.270177165354333	18.553149606299215	33.07086614173229	0.0
56.0	27.018709995076318	19.239290989660265	20.236336779911372	33.50566223535204	0.0
57.0	29.921162847992118	17.70140428677014	19.17960088691796	33.19783197831978	0.0
58.0	31.151380670611438	18.54043392504931	18.91025641025641	31.39792899408284	0.0
59.0	28.328192473781616	19.913633559531156	20.41949413942011	31.338679827267118	0.0
60.0	30.035815734222552	17.475608249969124	19.587501543781645	32.90107447202668	0.0
61.0	30.215027187345527	18.660405338606033	20.291646070192783	30.83292140385566	0.0
62.0	28.007913935946583	19.7353777667862	21.84988252751329	30.406825769753926	0.0
63.0	32.846715328467155	17.406903377458864	18.91624396882346	30.83013732525053	0.0
64.0	27.529062577294088	18.154835518179567	22.248330447687362	32.067771456838976	0.0
65.0	29.95916346986759	19.143670337829477	19.923276822175474	30.97388937012746	0.0
66.0	29.9083931666254	16.798712552612034	21.527605843030454	31.765288437732114	0.0
67.0	28.70760089130973	19.088883386976974	19.633572666501607	32.56994305521169	0.0
68.0	27.51578165614556	18.93798737467508	20.1262532491645	33.419977720014856	0.0
69.0	27.81703235403496	21.098301723069294	20.961943721333828	30.12272220156192	0.0
70.0	27.157738095238095	19.779265873015873	19.977678571428573	33.08531746031746	0.0
71.0	28.463351110008684	18.640704452437056	20.12898424903882	32.76696018851544	0.0
72.0	27.67646693958566	18.310383327130626	22.16846545093661	31.844684282347103	0.0
73.0	28.500558104923723	18.305841498201662	21.021952126999878	32.17164826987474	0.0
74.0	29.186306127511784	17.824361200694618	21.495906722897544	31.493425948896054	0.0
75.0	30.052135054617672	17.72591857000993	21.66087388282026	30.56107249255213	0.0
76.0	30.106726234797716	18.813601389923058	19.28518242740134	31.794489947877885	0.0
77.0	27.910151402333085	20.004964010920823	18.466120625465376	33.61876396128071	0.0
78.0	28.713363139592644	18.939393939393938	18.504719324391456	33.84252359662196	0.0
79.0	28.819875776397513	19.540372670807454	18.32298136645963	33.316770186335404	0.0
80.0	28.846631866766092	18.008948545861298	21.265224956500127	31.879194630872483	0.0
81.0	27.100944803580308	17.018896071606164	20.21382396817504	35.66633515663849	0.0
82.0	29.36201964929735	17.2988434274344	21.166521576918292	32.17261534634996	0.0
83.0	30.037313432835823	17.686567164179102	21.853233830845774	30.4228855721393	0.0
84.0	26.897238118935057	17.902463299328193	21.311271460562327	33.88902712117442	0.0
85.0	30.43532338308458	16.890547263681594	20.68407960199005	31.99004975124378	0.0
86.0	29.82958079363105	17.58925239457644	21.48277148899117	31.09839532280134	0.0
87.0	32.603285216525634	17.54604280736685	20.980587356893977	28.870084619213536	0.0
88.0	31.428215664300836	18.964014444029388	17.195866019175693	32.411903872494086	0.0
89.0	32.12551363466567	17.233221267588096	18.017681484248538	32.6235836134977	0.0
90.0	30.41095890410959	16.88667496886675	19.539227895392276	33.163138231631386	0.0
91.0	29.699763298866326	18.886258876292512	16.992649806901706	34.42132801793946	0.0
92.0	28.379220132054318	17.914538432789335	18.437772517752585	35.26846891740376	0.0
93.0	31.967111000373738	17.466052074249408	19.309829326024666	31.25700759935219	0.0
94.0	29.9788267530203	16.315855025532443	18.806825258438163	34.89849296300909	0.0
95.0	30.485678704856788	16.363636363636363	20.38605230386052	32.76463262764633	0.0
96.0	30.115830115830118	17.212604309378506	19.828123053929506	32.84344252086188	0.0
97.0	29.683607374190334	17.812655705032387	20.14200298953662	32.36173393124066	0.0
98.0	32.32839167808646	19.45932477887131	17.765042979942695	30.447240563099538	0.0
99.0	30.936058830861274	18.334787485977813	20.279197307740247	30.449956375420665	0.0
100.0	31.476846057571965	16.558197747183982	18.473091364205256	33.4918648310388	0.0
101.0	31.61792393623698	18.400903727877495	19.266976277143215	30.71419605874231	0.0
102.0	31.77699471432167	17.694437452806444	19.708029197080293	30.820538635791593	0.0
103.0	28.302601667087647	20.169234655215966	19.474614801717603	32.053548875978784	0.0
104.0	27.85804816223067	18.833967046894802	19.04942965779468	34.25855513307985	0.0
105.0	29.731449662721136	17.805778286877942	20.071274023164058	32.39149802723686	0.0
106.0	31.613891726251275	19.39479060265577	17.734933605720123	31.256384065372828	0.0
107.0	30.314658480429777	18.90509081606549	18.252750063954977	32.52750063954976	0.0
108.0	32.863549007046764	18.014093529788596	17.501601537475977	31.62075592568866	0.0
109.0	28.40267077555213	17.372881355932204	21.019517205957882	33.20493066255778	0.0
110.0	26.88588007736944	18.878143133462284	20.322372662798195	33.91360412637008	0.0
111.0	31.296128447494496	18.347792308688334	19.836850964651042	30.51922827916613	0.0
112.0	27.710686923776134	18.919620828463835	20.23113881314115	33.13855343461888	0.0
113.0	28.897288842544317	18.15693430656934	17.75286757038582	35.19290928050052	0.0
114.0	30.717928599450765	16.73859029684844	19.942461095854583	32.601020007846216	0.0
115.0	26.34203963774774	20.08137550859693	18.991993699960624	34.58459115369471	0.0
116.0	29.397812623534065	18.698115693767296	18.118329160627223	33.78574252207142	0.0
117.0	30.523948134427098	18.3381847049484	19.211431595660226	31.92643556496428	0.0
118.0	29.70639032815199	16.912448518666135	21.23023781054869	32.150923342633185	0.0
119.0	25.309876049580165	20.405171264827402	23.44395575103292	30.840996934559513	0.0
120.0	26.623029655356667	20.411434678065724	21.26636387924125	31.69917178733636	0.0
121.0	30.36768652710682	17.874396135265698	18.733225979602793	33.0246913580247	0.0
122.0	26.563342318059295	18.221024258760107	20.646900269541778	34.56873315363882	0.0
123.0	30.680741642982813	17.18771146298552	18.47340641494113	33.65814047909054	0.0
124.0	31.553200163065636	16.986003533088734	20.165783394482947	31.295012909362686	0.0
125.0	28.39607201309329	18.112384069830878	19.55810147299509	33.93344244408074	0.0
126.0	30.7608100711549	17.952928297755886	18.773946360153257	32.51231527093596	0.0
127.0	29.454595411457618	17.94202500343454	21.239181206209643	31.3641983788982	0.0
128.0	28.816134825252103	19.201547175024174	19.173919049592484	32.808398950131235	0.0
129.0	30.47698280643372	18.025513033832503	18.815862451469773	32.681641708264	0.0
130.0	30.90098872023395	19.119899735412897	17.23993872719677	32.73917281715639	0.0
131.0	29.202179684225232	19.603185692329188	19.784826044432023	31.409808579013553	0.0
132.0	29.983155530600786	17.391914654688378	21.84166198764739	30.783267827063447	0.0
133.0	28.339452132166056	19.655464558034453	19.45778028805422	32.54730302174527	0.0
134.0	27.694271128757798	19.526375496313104	19.909245604083946	32.87010777084515	0.0
135.0	29.012082444918263	16.787491115849328	21.30774697938877	32.892679459843635	0.0
136.0	28.060424682912927	18.04189824711415	19.737779677925037	34.15989739204788	0.0
137.0	29.94858611825193	17.18080548414739	19.065981148243356	33.804627249357324	0.0
138.0	29.838132072768946	18.19223606933104	18.650623119896863	33.319008738003156	0.0
139.0	29.4608195542775	19.194823867721063	19.784327821711	31.560028756290436	0.0
140.0	28.98801790096723	18.969250757903854	19.792117799913385	32.250613541215536	0.0
141.0	29.572153734590284	18.433647570703407	19.30384336475707	32.69035532994924	0.0
142.0	32.13869463869464	17.75932400932401	17.22027972027972	32.88170163170163	0.0
143.0	32.379562043795616	20.32116788321168	18.56934306569343	28.72992700729927	0.0
144.0	30.5290927744394	19.229078118129856	17.587571449509014	32.65425765792174	0.0
145.0	30.551459746387494	19.315836036567386	18.03302860513123	32.099675611913895	0.0
146.0	30.359520639147803	18.715786358928835	17.56176949252848	33.36292350939488	0.0
147.0	28.920327624720777	18.451228592702904	18.3469843633656	34.28145941921073	0.0
148.0	28.599221789883266	18.63214606405268	19.7395989224783	33.02903322358575	0.0
149.0	28.947368421052634	19.68421052631579	18.842105263157894	32.526315789473685	0.0
150.0	28.13349441256418	18.181818181818183	19.208698278465718	34.47598912715192	0.0
151.0	28.944174757281555	19.159587378640776	19.857402912621357	32.038834951456316	0.0
152.0	29.497939874866475	18.6784678773081	17.2440103769266	34.57958187089882	0.0
153.0	30.0520514390692	18.845682792406613	19.932639314145746	31.169626454378445	0.0
154.0	31.270207852193995	17.844495765973825	19.43033102386451	31.45496535796767	0.0
155.0	28.58248220365212	20.705663881151345	17.7189724543485	32.99288146084803	0.0
156.0	31.71263830450366	16.861461742247155	20.75736325385694	30.66853669939224	0.0
157.0	30.40954024792092	19.692452534128353	18.86081908049584	31.037188137454883	0.0
158.0	27.41452654797542	21.285646762249883	18.78052623286592	32.51930045690878	0.0
159.0	32.931854199683045	15.705229793977812	20.53882725832013	30.82408874801902	0.0
160.0	26.90775848335192	18.703202166640114	21.45929584196272	32.92974350804524	0.0
161.0	29.035874439461885	17.312620115310697	20.948110185778347	32.70339525944907	0.0
162.0	30.58158319870759	18.077544426494345	20.24232633279483	31.098546042003232	0.0
163.0	27.78769680246713	18.406102905372503	19.201428339555267	34.6047719526051	0.0
164.0	29.068059409172513	16.566019259017466	20.58103476415864	33.78488656765138	0.0
165.0	28.512870962452862	16.838826037055256	21.59370388588293	33.05459911460895	0.0
166.0	27.145675764551136	20.09207497533706	19.368628740545873	33.39362051956593	0.0
167.0	27.87237559927261	17.573152587204497	22.119358571664737	32.43511324185816	0.0
168.0	29.0579830536634	18.524671872404053	19.787340089715897	32.63000498421665	0.0
169.0	27.313732041430004	17.858336117607752	20.297360507851653	34.53057133311059	0.0
170.0	27.957711025339822	17.45259271689881	19.28175868434301	35.30793757341836	0.0
171.0	30.70294018249409	16.91449814126394	17.74248056775938	34.6400811084826	0.0
172.0	28.428036747192927	20.05784280367472	17.914256549846886	33.599863899285474	0.0
173.0	28.64244086390127	17.80939321220432	18.63215632499143	34.91600959890298	0.0
174.0	30.276338514680486	18.42832469775475	19.378238341968913	31.917098445595855	0.0
175.0	28.76736111111111	17.916666666666668	20.03472222222222	33.28125	0.0
176.0	28.646288209606986	16.890829694323145	18.56768558951965	35.89519650655022	0.0
177.0	26.54462242562929	19.94367188875198	19.66203133251188	33.84967435310685	0.0
178.0	26.578249336870023	20.17683465959328	20.300618921308576	32.94429708222812	0.0
179.0	27.908217716115264	18.445393098541444	21.326929918178582	32.31945926716471	0.0
180.0	28.609769189479334	16.299874753981033	20.21828591876901	34.87207013777062	0.0
181.0	28.816002883402415	18.90430708235718	18.760136961614705	33.5195530726257	0.0
182.0	29.49300381610031	18.22642195166273	20.043612574959113	32.236961657277845	0.0
183.0	29.165140974002195	20.688392530208716	19.48004393994874	30.66642255584035	0.0
184.0	31.588681339004992	20.085074902903642	17.31089328648049	31.015350471610876	0.0
185.0	29.81146163897704	20.21653910770954	20.085868956505507	29.886130296807917	0.0
186.0	29.38513768389287	18.615616748396832	20.067898906073182	31.931346661637118	0.0
187.0	30.08361839604713	21.417711896617256	17.27480045610034	31.22386925123527	0.0
188.0	29.658742331288344	17.50383435582822	19.075920245398773	33.76150306748466	0.0
189.0	29.01103154635185	18.61815366750532	20.572866266692472	31.797948519450358	0.0
190.0	31.978107896794373	18.35418295543393	17.43549648162627	32.23221266614543	0.0
191.0	27.848848651840193	19.54339696910057	18.73646919897658	33.87128518008266	0.0
192.0	31.752331811867435	18.773566183766622	18.93232784282596	30.541774161539987	0.0
193.0	31.021387167699384	18.009194483310015	19.388366979812112	31.581051369178493	0.0
194.0	29.740076566592787	19.504332057223454	20.854321982671774	29.90126939351199	0.0
195.0	30.409118664766943	19.76389171585589	19.62141257887238	30.20557704050478	0.0
196.0	30.209617755856964	19.009453349773942	17.940813810110974	32.84011508425812	0.0
197.0	28.628189042241743	20.221664575491427	20.388958594730237	30.7611877875366	0.0
198.0	27.895073576455538	21.30518234165067	19.79100021326509	31.008743868628706	0.0
199.0	28.957356552801965	22.03616878767582	18.955123911587407	30.05135074793481	0.0
200.0	23.367427222659323	18.88276947285602	21.61028061893522	36.13952268554944	0.0
201.0	30.69803316621674	18.819899730042422	18.819899730042422	31.66216737369842	0.0
202.0	31.062670299727518	18.02257687816271	20.669521214480344	30.24523160762943	0.0
203.0	29.285435376805935	19.484576337368214	20.7340882467786	30.495900039047246	0.0
204.0	32.00630666141112	19.235317303902246	22.428064643279463	26.330311391407175	0.0
205.0	29.70178926441352	16.69980119284294	25.129224652087473	28.469184890656063	0.0
206.0	28.668532586965213	21.671331467413037	22.710915633746502	26.949220311875248	0.0
207.0	28.703703703703702	20.933977455716587	18.438003220611915	31.924315619967793	0.0
208.0	27.852212748680472	17.94559480308567	22.330491270807958	31.871701177425905	0.0
209.0	26.816326530612244	19.75510204081633	18.897959183673468	34.53061224489796	0.0
210.0	28.512736236647495	19.063270336894	20.829909613804436	31.594083812654066	0.0
211.0	31.20860927152318	17.508278145695364	19.370860927152318	31.912251655629138	0.0
212.0	26.117843710823234	17.17509402423736	23.23443376514835	33.47262849979106	0.0
213.0	29.763912310286678	19.60370994940978	19.097807757166947	31.534569983136596	0.0
214.0	29.888983774551665	21.47736976942784	20.281810418445772	28.351836037574724	0.0
215.0	27.7009507346586	18.971477960242005	18.71218668971478	34.61538461538461	0.0
216.0	30.66202090592334	18.72822299651568	22.99651567944251	27.61324041811847	0.0
217.0	26.471890216910136	19.12350597609562	22.88623284639221	31.518370960602038	0.0
218.0	25.41058394160584	21.16788321167883	19.02372262773723	34.3978102189781	0.0
219.0	22.60343087790111	23.107971745711403	24.520686175580224	29.76791120080727	0.0
220.0	14.402985074626864	23.65671641791045	21.417910447761194	40.52238805970149	0.0
