# Position (bp)	A	C	G	T	N
0.0	25.706540793377968	26.56849918336284	24.48201260443122	23.242947418827974	0.0
1.0	25.806589535072643	21.48739129319412	14.516473837681607	38.18954533405163	0.0
2.0	27.624370774897656	19.983078224751942	18.667794785016536	33.72475621533386	0.0
3.0	23.48810988109881	22.9363126964603	15.56990569905699	38.0056717233839	0.0
4.0	33.44122017455465	13.812362294829972	14.883260175237837	37.863157355377545	0.0
5.0	35.35830465928399	15.34737579084878	22.977092067178386	26.317227482688843	0.0
6.0	32.673411021470955	17.753020019635464	20.64882400648824	28.924744952405344	0.0
7.0	34.705967715775905	17.54547705020188	20.16014067795163	27.58841455607058	0.0
8.0	23.090514886642993	26.459642174269327	22.168635618683417	28.28120732040426	0.0
9.0	29.588248348384234	18.8352481264617	15.308386964611891	36.268116560542175	0.0
10.0	27.075491827764264	16.952161481671148	24.283702470874406	31.688644219690183	0.0
11.0	28.164818939840064	18.61552773297147	20.130407694736753	33.089245632451714	0.0
12.0	25.841469242848365	20.28487062197037	21.32177237659589	32.55188775858537	0.0
13.0	27.108721624850656	21.11111111111111	18.460488137907493	33.319679126130744	0.0
14.0	30.382360721203483	18.570221770924885	20.03447304873158	31.01294445914005	0.0
15.0	29.62732283330205	18.915413886661092	18.68675665068341	32.77050662935345	0.0
16.0	29.556583010594917	17.13015883848293	18.71854366778701	34.59471448313514	0.0
17.0	30.236604629740192	18.026816328619436	20.347656982992444	31.38892205864792	0.0
18.0	31.421310273073054	17.521192583874875	18.53690153337086	32.520595609681216	0.0
19.0	30.28455457871085	18.040265709339906	19.770446231378603	31.904733480570645	0.0
20.0	30.654650250673576	17.64264520309676	19.434876027420618	32.26782851880905	0.0
21.0	30.25781809501074	17.742045493298775	19.96299832895679	32.03713808273369	0.0
22.0	28.769704255010787	18.385806968635173	19.96299990622096	32.88148887013308	0.0
23.0	29.855759394394056	17.17844233785719	20.47159517152015	32.4942030962286	0.0
24.0	31.172750055406855	18.093322195134427	18.41212472509675	32.32180302436197	0.0
25.0	29.39592052438224	17.81638097835815	19.49641575533375	33.29128274192586	0.0
26.0	30.98428284068051	17.542872728512496	20.486004568545223	30.98683986226177	0.0
27.0	28.90017728078549	18.178099004500204	19.556286649393154	33.36543706532115	0.0
28.0	29.942640904790718	17.276764026557345	20.31943817064544	32.46115689800649	0.0
29.0	29.604977202028383	17.941790599565348	20.003409042485192	32.44982315592108	0.0
30.0	30.197555695706274	17.623195322753848	19.55869568922904	32.62055329231084	0.0
31.0	29.75753185324072	18.20428687092513	19.907103592278517	32.13107768355563	0.0
32.0	30.37434157816682	18.163919335867583	19.309445476705932	32.15229360925967	0.0
33.0	30.815717695192635	17.89294237981589	19.859359018070236	31.431980906921243	0.0
34.0	29.887056216170137	17.700208839449346	19.9130545965989	32.49968034778161	0.0
35.0	30.068106071583827	18.22412779051629	19.673193143363708	32.03457299453617	0.0
36.0	30.569100146622567	17.287823507348175	19.20670372012139	32.936372625907865	0.0
37.0	28.648759238579114	19.220506875122542	19.068768274698016	33.06196561160033	0.0
38.0	29.982951155059247	17.86548461341744	19.879805643167675	32.27175858835564	0.0
39.0	28.910978874320108	18.770993537826733	20.101792016914185	32.21623557093898	0.0
40.0	30.62915601023018	18.115089514066497	19.799658994032395	31.456095481670932	0.0
41.0	30.084398976982097	17.774083546462062	21.111679454390455	31.02983802216539	0.0
42.0	30.128308964576494	18.867811927192122	19.73059380195234	31.273285306279043	0.0
43.0	29.89206424990622	18.374654707908466	19.565699280428333	32.16758176175698	0.0
44.0	29.37711011833714	18.56989393991065	20.463458718412166	31.58953722334004	0.0
45.0	29.559657274393626	19.37252227290166	19.651306534805403	31.416513917899312	0.0
46.0	29.93000076734847	18.19297961410898	19.342297100275392	32.53472251826716	0.0
47.0	30.196014903612507	18.194684832931184	20.009890269168793	31.59940999428752	0.0
48.0	30.69197189823341	18.537275765636725	19.383909692381145	31.386842643748718	0.0
49.0	29.14574149706266	18.43745470358023	19.41543105138852	33.00137274796859	0.0
50.0	29.60120737727982	18.495212271591672	19.914051108894178	31.989529242234333	0.0
51.0	29.867239659274038	18.91728271898635	19.37431253677129	31.841165084968324	0.0
52.0	29.603069707951395	18.369643999147304	19.43722020891068	32.59006608399062	0.0
53.0	31.143249396696543	18.17243819870215	19.54532663659387	31.138985768007437	0.0
54.0	30.51557117031074	18.13708769655831	20.056622437493605	31.29071869563734	0.0
55.0	29.373539595094744	18.004980300523613	18.960106428339955	33.661373676041684	0.0
56.0	29.518067151641265	18.406577006063603	20.3621105776201	31.713245264675027	0.0
57.0	28.352722434497817	18.387520469432314	19.392228438864628	33.86752865720524	0.0
58.0	29.83326937017611	18.27043622873225	19.01496737878982	32.88132702230182	0.0
59.0	29.827209770409034	17.36772080646812	20.76382492409511	32.04124449902774	0.0
60.0	29.733049040511727	18.39914712153518	19.93091684434968	31.936886993603412	0.0
61.0	30.303030303030305	17.489274961833363	19.600167165604823	32.607527569531506	0.0
62.0	28.794288736118457	18.476313948926155	19.80604220330598	32.923355111649414	0.0
63.0	29.337711629493796	18.21143758795684	19.903620623480744	32.54723015906862	0.0
64.0	28.076011121914608	19.02154444501305	19.85909967077768	33.043344762294666	0.0
65.0	30.294345931100363	17.875694071287835	20.842182475712836	30.987777521898963	0.0
66.0	30.229106603660927	18.19717156553336	20.503590985857826	31.070130844947887	0.0
67.0	29.68216869114235	17.70932851098676	19.570595059369456	33.03790773850143	0.0
68.0	29.70921157012104	18.19027065757935	20.092465432088236	32.00805234021137	0.0
69.0	29.78817788621493	17.580467663643887	20.09964084933587	32.53171360080532	0.0
70.0	28.31378236573817	18.398669112314977	20.09469777758819	33.19285074435866	0.0
71.0	29.458740017746226	17.580711214251586	21.38249948808955	31.578049279912634	0.0
72.0	30.059554281423846	17.748541005426436	19.991638510631034	32.200266202518684	0.0
73.0	30.10477458107232	17.64871506091942	19.166581345346575	33.07992901266169	0.0
74.0	29.490111090254434	18.13194314090203	20.625927885189675	31.75201788365386	0.0
75.0	30.389413149946247	17.689971160901692	19.928840804764427	31.991774884387635	0.0
76.0	28.76852586582026	18.55274272403819	19.158539602904412	33.52019180723714	0.0
77.0	28.90724323586379	17.870459645560118	21.800527308253486	31.421769810322616	0.0
78.0	29.78173316495443	17.771084337349397	18.649100651899385	33.79808184579679	0.0
79.0	30.343444686206748	17.508426127394515	19.16890652331584	32.97922266308289	0.0
80.0	31.22680069288597	18.01930182351887	19.867566622010223	30.88633086158493	0.0
81.0	30.354049510611247	18.65906627868279	19.645523820901637	31.34136038980433	0.0
82.0	30.1324390285529	18.07041796801666	18.60631816087246	33.19082484255799	0.0
83.0	29.77770192430772	18.250629346759396	20.28587276528566	31.685795963647223	0.0
84.0	31.038308258164722	17.923554159804063	18.94334405748372	32.09479352454749	0.0
85.0	30.02193188315512	17.317653885868868	19.149008798354682	33.51140543262133	0.0
86.0	30.66820276497696	17.609660351595835	20.20395972008875	31.51817716333845	0.0
87.0	29.71965009601024	18.963942820567528	20.051205461915938	31.265201621506293	0.0
88.0	29.915252067491103	17.72366882590402	18.781097711891167	33.57998139471371	0.0
89.0	29.502432363232913	18.712981138516685	20.211658274302298	31.57292822394811	0.0
90.0	30.44747330778619	18.970034736150346	19.200471114373254	31.382020841690206	0.0
91.0	30.42179471860437	18.12812590683304	19.57905877131591	31.871020603246674	0.0
92.0	29.392134102625377	18.5176334027517	20.266464101601176	31.823768393021744	0.0
93.0	30.604894120057015	18.33289234472222	19.375048010856855	31.68716552436391	0.0
94.0	29.851230358225006	17.618490794718376	20.03738445387117	32.492894393185445	0.0
95.0	30.463988801447616	18.06961539118114	20.940097987333345	30.526297820037897	0.0
96.0	30.12846229354274	18.782809099056806	19.43664376253681	31.652084844863644	0.0
97.0	29.982074263764403	18.452411438326934	19.513444302176698	32.05206999573197	0.0
98.0	28.6771547345688	17.991617512740184	21.273762473431272	32.057465279259745	0.0
99.0	30.055913611336376	18.240641939476717	19.36745059541594	32.335993853770965	0.0
100.0	30.046783725763547	18.632238862137683	19.840747171166857	31.48023024093191	0.0
101.0	29.871632275313637	18.560190580654005	20.65452114896826	30.913655995064097	0.0
102.0	30.276837420308283	17.964359974567387	20.02904129362638	31.729761311497946	0.0
103.0	29.428888869749454	17.29008586906905	19.867880489548433	33.413144771633064	0.0
104.0	30.544207698884986	17.854952799633796	20.141126072048575	31.459713429432647	0.0
105.0	30.809012708230465	17.937922849692907	19.524069405823088	31.728995036253544	0.0
106.0	29.446375803928387	17.78550321571354	20.067790717886318	32.70033026247175	0.0
107.0	30.04436232427203	17.89832399313212	20.099880596494593	31.957433086101254	0.0
108.0	29.710480551598778	18.917076666287983	20.25237916298905	31.12006361912419	0.0
109.0	28.71676685536024	18.460716100878038	20.14230883822009	32.68020820554163	0.0
110.0	29.85803640452597	17.299177735610375	21.069646496591467	31.77313936327219	0.0
111.0	29.09348616503359	18.89179409978079	19.901574976450185	32.11314475873544	0.0
112.0	29.346626281536164	17.869537189936686	18.8815202705686	33.902316257958546	0.0
113.0	30.53732585841946	17.531507116224283	20.607381034620186	31.323785990736063	0.0
114.0	30.152919328612178	18.219702691415726	19.230871755684493	32.396506224287606	0.0
115.0	29.630950894529366	17.414337441806538	20.46982858569823	32.48488307796586	0.0
116.0	30.317397838688898	17.67694840048665	20.545874185930007	31.45977957489444	0.0
117.0	30.42650965749982	18.055755008257343	19.68658002441301	31.83115530982983	0.0
118.0	29.872959564947283	18.1854196115858	19.73403441166143	32.20758641180549	0.0
119.0	30.885488183854882	17.743188552431885	19.652923321529233	31.718399942184	0.0
120.0	29.742781296150326	18.295235247750806	19.666041513776015	32.295941942322855	0.0
121.0	30.059872623038697	17.11957262394723	19.79249002880064	33.028064724213436	0.0
122.0	29.645295678095117	17.937591729947037	20.525629689052572	31.891482902905278	0.0
123.0	29.00907819313787	18.598868197069017	19.69135971768922	32.70069389210389	0.0
124.0	29.057161478652798	18.100369938588358	19.189990544993897	33.65247803776495	0.0
125.0	28.937863934547064	18.118412324021524	20.1896145057861	32.754109235645316	0.0
126.0	29.89941611377916	18.024595397385003	19.77625405990617	32.29973442892967	0.0
127.0	29.86622073578595	17.561315496098103	19.031029357116314	33.54143441099963	0.0
128.0	29.520780480525293	17.478734517236234	21.33636770631249	31.66411729592598	0.0
129.0	30.378490717943436	17.856373866072513	19.08649210346474	32.678643312519306	0.0
130.0	30.094388354073725	17.961023714486966	19.629960084526886	32.31462784691242	0.0
131.0	30.589311134784538	17.75381105465104	20.509460465905555	31.14741734465887	0.0
132.0	30.856364822571646	18.06620587929388	19.027807982148428	32.049621315986045	0.0
133.0	30.152298714238267	17.961759263652322	20.421312330976892	31.46462969113251	0.0
134.0	31.030868902439025	17.2484756097561	20.622141768292682	31.098513719512194	0.0
135.0	29.661738672790776	17.841251614755276	20.885125113630927	31.61188459882302	0.0
136.0	28.547534365086996	18.333173123137556	19.904835143708546	33.2144573680669	0.0
137.0	30.355625096584767	18.122199041879153	23.28562046051615	28.236555401019935	0.0
138.0	30.63985481225555	19.95749182348431	19.866264230048817	29.536389134211316	0.0
139.0	30.365359120330655	19.00198861420884	20.114247835919834	30.51840442954067	0.0
140.0	29.007282408676243	21.166947261266202	20.015856857601502	29.809913472456053	0.0
141.0	31.592443042824726	16.783086248735106	20.96338432216295	30.661086386277226	0.0
142.0	26.93191116018178	19.771098471032424	24.407290937589337	28.88969943119646	0.0
143.0	27.61603166749134	18.830282038594756	19.315190499752596	34.2384957941613	0.0
144.0	28.2313297084522	19.212532678601605	18.79802387650222	33.758113736443974	0.0
145.0	27.205970507133436	19.27926307796827	17.138232825800266	36.37653358909803	0.0
146.0	32.923998351940995	14.086884866999627	20.201786737144637	32.78733004391474	0.0
147.0	34.3650543483787	15.891689629576906	22.40027657173071	27.34297945031369	0.0
148.0	31.761234962913715	16.67012943840768	21.585880201948846	29.98275539672976	0.0
149.0	32.074631518012204	17.102685131584806	24.03148238856481	26.79120096183818	0.0
150.0	26.63726352213745	17.867373854837336	27.523612332302804	27.971750290722408	0.0
