# Position (bp)	A	C	G	T	N
0.0	26.263464401223885	23.93946535162368	24.15912408051244	25.637946166639995	0.0
1.0	26.7700468896227	21.255536321273922	15.548773450872574	36.4256433382308	0.0
2.0	29.27669247615352	20.792393328124508	17.29652558036439	32.63438861535759	0.0
3.0	24.001298896422703	22.466914490934382	15.172060156352233	38.35972645629068	0.0
4.0	34.01533827835541	13.906236612831755	14.912040610538224	37.16638449827462	0.0
5.0	35.48663384768771	15.412509136213751	23.854322187427137	25.2465348286714	0.0
6.0	31.974580732087936	17.49418765558051	21.160984303762927	29.370247308568626	0.0
7.0	35.325719982603665	17.95010492841843	20.33822456619638	26.38595052278152	0.0
8.0	23.14171654675032	26.600904547311593	23.296628413855977	26.96075049208211	0.0
9.0	26.875784443615803	19.361134389775543	15.364164018583997	38.39891714802466	0.0
10.0	27.132678826011087	16.788062425238017	24.66060094873586	31.418657800015037	0.0
11.0	27.79515817561769	19.837769889303814	19.34190849559704	33.02516343948146	0.0
12.0	25.54474012870496	21.352487388821228	20.22412896233663	32.87864352013719	0.0
13.0	26.814308096504686	21.505674352114497	19.030863762057855	32.64915378932296	0.0
14.0	30.213550844350106	19.090983443249115	19.86990349066265	30.825562221738128	0.0
15.0	29.91260358144298	18.980260123247284	21.028980709761093	30.07815558554864	0.0
16.0	28.287182142865447	18.81112264492487	18.85391576422542	34.04777944798427	0.0
17.0	29.690071608703438	18.271847941782752	20.513912802817526	31.524167646696288	0.0
18.0	31.648845244730907	17.855409647212596	19.62762233831837	30.868122769738132	0.0
19.0	30.635338278832837	18.74788263211794	20.01177198399599	30.605007105053232	0.0
20.0	30.002589293812747	17.8393816084166	20.21501991973189	31.943009178038757	0.0
21.0	29.134051771921975	19.4915875084404	19.58455788583385	31.78980283380377	0.0
22.0	30.523122626319164	18.80439745815073	22.784060648393282	27.888419267136822	0.0
23.0	29.4605624969475	20.4274931837228	21.53449381244055	28.57745050688915	0.0
24.0	33.81032415012633	19.602465875975927	17.532988300888345	29.0542216730094	0.0
25.0	30.069821780612394	21.083324870322116	19.5238180145078	29.32303533455769	0.0
26.0	31.280917447266393	16.8871184183291	23.17098176873575	28.66098236566875	0.0
27.0	26.845705222078458	21.51210882476295	24.44469725806189	27.1974886950967	0.0
28.0	27.612066419262487	19.660802510529667	19.426486925229103	33.30064414497875	0.0
29.0	28.491651077929212	20.87691784108713	17.279815059301807	33.35161602168185	0.0
30.0	27.122425406019712	19.180898690745043	16.032640406230385	37.66403549700486	0.0
31.0	34.36562650053941	15.116180725746606	18.193748090222563	32.324444683491414	0.0
32.0	34.01066741817708	15.429585541483926	23.34841064182705	27.21133639851195	0.0
33.0	31.03291448393668	17.324166513972557	20.99178953320167	30.6511294688891	0.0
34.0	32.374809173789814	17.365892777218633	21.784164675490626	28.475133373500928	0.0
35.0	27.307050648566154	20.71101280511845	24.85670294016113	27.125233606154257	0.0
