# Position (bp)	A	C	G	T	N
0.0	19.656802661530378	28.53966030467519	38.75941166170548	13.044125372088953	0.0
1.0	21.253720889511467	23.61407809490457	14.787252670285413	40.34494834529855	0.0
2.0	24.326783433360745	23.520148378856014	17.557873003097058	34.59519518468618	0.0
3.0	17.40635819955933	25.030601895568843	14.089987059769873	43.473052845101954	0.0
4.0	34.63309767458119	11.112373395321198	12.99210878171125	41.26242014838636	0.0
5.0	35.75397518783854	13.139961558623101	27.20775816879259	23.898305084745765	0.0
6.0	31.600419323840306	16.41041320870097	23.39390233248886	28.59526513496986	0.0
7.0	36.37649894757068	19.426709870127603	20.91670524118536	23.28008594111636	0.0
8.0	20.678182199245494	32.925806902333385	21.895521866703927	24.500489031717198	0.0
9.0	26.663756983240223	20.470495810055866	13.883554469273744	38.98219273743017	0.0
10.0	23.08531434356128	17.574266066254758	29.743079554578138	29.597340035605825	0.0
11.0	26.152745296519946	18.628922475479072	20.038221229362282	35.180110998638696	0.0
12.0	23.203426946196597	21.163661109220826	22.624126468971653	33.00878547561092	0.0
13.0	23.18389210220978	24.77862981670985	18.575902710530677	33.461575370549696	0.0
14.0	28.91805852339628	19.952902184815315	20.63669268675592	30.492346605032488	0.0
15.0	28.624454528068988	17.75934908465029	22.107477529164278	31.508718858116445	0.0
16.0	29.317792669465376	19.691794216578444	18.918237681764055	32.07217543219212	0.0
17.0	28.223613922016554	18.79055304142382	20.095199214780198	32.890633821779424	0.0
18.0	33.31914708820081	18.092673817692273	16.617883354323183	31.970295739783733	0.0
19.0	30.76528972985177	18.622079038546705	20.73220503825146	29.88042619335006	0.0
20.0	30.089602000416754	18.199103979995833	18.265089949294993	33.446204070292424	0.0
21.0	28.258755708357207	17.487975551735513	22.1136983209182	32.13957041898908	0.0
22.0	26.851755391186583	20.561169566274266	21.38069937840747	31.20637566413168	0.0
23.0	28.780263374914277	19.363351476166915	19.80433518233982	32.05204996657899	0.0
24.0	30.203288023193238	18.7741957884138	19.685606652431296	31.33690953596167	0.0
25.0	26.967559454089557	20.43086320136738	20.427392696322134	32.17418464822093	0.0
26.0	29.469931562101536	17.467711016853592	21.255648945674707	31.806708475370165	0.0
27.0	27.631818615503377	18.71091412165737	20.68071228456688	32.97655497827237	0.0
28.0	31.984908278763175	17.42313196582679	20.777136909666506	29.814822845743528	0.0
29.0	28.403788443858524	19.05757255112838	18.390605214314213	34.14803379069888	0.0
30.0	28.261661491491317	18.64884556004649	19.259458428018807	33.830034520443384	0.0
31.0	30.662746220499077	18.930897799519485	20.60315890817309	29.803197071808352	0.0
32.0	26.56165975679567	18.852672298645203	20.497163772616094	34.088504171943036	0.0
33.0	27.945321918936973	18.616047808626714	21.281430789380103	32.15719948305622	0.0
34.0	27.915730678161616	20.820142761737078	20.006591671942893	31.257534888158407	0.0
35.0	29.907109465120513	18.177402707789447	18.56076047078415	33.354727356305894	0.0
36.0	29.877239404849693	20.15616188782371	19.6573114128313	30.30928729449529	0.0
37.0	26.44266648154255	23.265763029556222	18.104271160554678	32.187299328346555	0.0
38.0	29.467098241016345	21.1121428013572	20.246101512535038	29.174657445091416	0.0
39.0	29.174765706351963	18.92919125303714	19.334432488719195	32.561610551891704	0.0
40.0	29.206872613675806	18.561263450190907	21.447414092329055	30.784449843804236	0.0
41.0	29.65203054494967	18.03540437348143	18.7912183269698	33.521346754599094	0.0
42.0	26.915300712407696	21.373966314656855	21.641227666756333	30.069505306179117	0.0
43.0	30.681522361638986	18.137484597629335	21.01056906336232	30.17042397736936	0.0
44.0	29.036288853022334	20.98280140920845	20.302493882438693	29.67841585533052	0.0
45.0	30.348388216408523	19.699770055100004	19.84120786151243	30.110633866979043	0.0
46.0	30.62639374560726	17.824325145123083	20.67385702013935	30.875424089130306	0.0
47.0	29.341177083062185	19.482694293325004	20.749494581391918	30.42663404222089	0.0
48.0	27.987991635792557	19.150043816646857	21.776439658837514	31.08552488872307	0.0
49.0	26.63896022766711	23.834767821198028	19.1382661206358	30.388005830499065	0.0
50.0	28.90930702690509	19.08864537511821	19.35587426360221	32.64617333437448	0.0
51.0	29.315101771677455	18.929705530201808	18.945322667407037	32.809870030713704	0.0
52.0	28.083083169931804	18.213052456228635	19.28716444845477	34.41669992538479	0.0
53.0	31.37889448980123	19.765050885397237	17.49190952550343	31.364145099298103	0.0
54.0	29.74605019998438	17.45894029967291	20.788832108555514	32.00617739178719	0.0
55.0	29.834028856247997	18.125818793867833	20.428418979533408	31.61173337035077	0.0
56.0	29.748394933194515	19.519347562033662	19.710220371334376	31.022037133437447	0.0
57.0	25.10346263632341	18.83757450611232	21.558403248336354	34.50055960922791	0.0
58.0	28.10664491892314	19.176477733144775	18.66893398460884	34.04794336332324	0.0
59.0	26.233092426621784	18.18686610156257	21.352779392498633	34.227262079317015	0.0
60.0	27.028457400659377	18.96234600034704	19.84556654520215	34.16363005379143	0.0
61.0	26.606802012840536	19.252125629012667	21.041124414367516	33.099947943779284	0.0
62.0	28.35242061426341	18.486899184452543	20.629880270692347	32.530799930591705	0.0
63.0	27.107409335415582	19.685927468332466	20.62293944126323	32.58372375498872	0.0
64.0	26.968193097225356	21.883947318190494	21.53342934980652	29.61443023477763	0.0
65.0	27.597216679102537	17.783581183084905	21.236703742907217	33.38249839490534	0.0
66.0	27.924551220316335	18.773697042262075	23.05716789435783	30.24458384306376	0.0
67.0	26.427486876925077	19.125417552383844	21.268491605570258	33.178603965120814	0.0
68.0	29.437590018567683	19.23924549256425	18.370728998559702	32.95243549030836	0.0
69.0	28.741735644749856	18.76203862772659	21.463897131552915	31.032328595970636	0.0
70.0	28.5378381661374	17.807624898051262	20.442674440800317	33.21186249501102	0.0
71.0	29.130080172144517	20.12025821677715	19.63349876791726	31.11616284316107	0.0
72.0	30.052406899663346	18.177558740846145	22.592232672751884	29.177801686738626	0.0
73.0	28.710379953319276	19.467943879011894	18.713937406183025	33.1077387614858	0.0
74.0	28.400621252744013	18.26014524819741	21.878335112059766	31.46089838699881	0.0
75.0	27.83205497518481	18.923749696317635	19.925901502793877	33.31829382570368	0.0
76.0	26.550745763594243	17.82804487596637	21.206757425098264	34.41445193534112	0.0
77.0	26.663543049518008	17.46188753242922	23.692636072572036	32.181933345480736	0.0
78.0	27.471345151018213	19.123478321229317	19.954707551344455	33.45046897640802	0.0
79.0	30.549505852545355	18.05395274579389	18.850488941335716	32.546052460325036	0.0
80.0	28.68484759086847	18.208400940572155	19.650495882827617	33.45625558573177	0.0
81.0	29.94386068425756	17.553297642495814	20.857447786965615	31.64539388628101	0.0
82.0	29.206580591420238	19.703595724003886	20.228550603915036	30.861273080660833	0.0
83.0	28.744967374704984	18.424614743856726	20.70231153685964	32.12810634457865	0.0
84.0	29.33499930584479	17.119602943218105	19.913577675968348	33.631820074968765	0.0
85.0	27.85321960658412	18.3432106692582	20.18620875163779	33.6173609725199	0.0
86.0	27.062743498746173	19.100714118371844	19.571008355965883	34.2655340269161	0.0
87.0	27.94085746266714	18.292883979626367	20.375367688529852	33.39089086917664	0.0
88.0	29.38670322614234	20.691390590562797	18.77115040869097	31.150755774603887	0.0
89.0	29.443359798689748	21.060349689791312	19.875916525662717	29.62037398585622	0.0
90.0	30.783981951494642	20.087639376979478	18.63942036530869	30.48895830621719	0.0
91.0	27.73766964006803	21.0605324355281	20.236194509041685	30.965603415362185	0.0
92.0	25.75254028444244	17.12728755759569	19.976050606110565	37.144121551851306	0.0
93.0	29.181201298137832	19.842592110515263	21.620589715555095	29.355616875791814	0.0
94.0	29.838079866715262	18.17219416532167	20.112458999323163	31.877266968639905	0.0
95.0	31.471711211384935	19.478479694550504	19.623394654633806	29.426414439430754	0.0
96.0	28.026345476318575	20.22509935958625	20.62340547388882	31.125149690206356	0.0
97.0	27.839632056232915	18.81199288410639	21.100360133639953	32.248014926020744	0.0
98.0	26.096917522910303	20.448312968619828	21.34216189947237	32.1126076089975	0.0
99.0	29.434686013816087	18.312389349810807	21.591106328322976	30.661818308050126	0.0
100.0	30.262287087672856	20.72520812288829	20.322024452262358	28.690480337176496	0.0
101.0	28.753234039577652	19.369274875882805	20.35259772043913	31.524893364100414	0.0
102.0	27.27760810442099	19.40026580529322	20.883318517475377	32.438807572810404	0.0
103.0	25.52405854968508	19.31132567158114	21.719389062127327	33.44522671660645	0.0
104.0	29.89249797711247	16.66414731956288	20.286672061033407	33.156682642291244	0.0
105.0	30.82318627933401	17.211670081325543	21.628658083794832	30.336485555545618	0.0
106.0	28.125084315894554	18.50272958655982	21.997679626581768	31.374506470963855	0.0
107.0	28.56096700991782	18.44696182046669	20.820186422443022	32.17188474717248	0.0
108.0	26.995230524642288	19.7728821258233	23.710197592550532	29.521689756983875	0.0
109.0	28.9636345376026	19.651775361326433	20.658832981821835	30.725757119249135	0.0
110.0	29.881398996523608	17.115051228662367	23.822933196356665	29.180616578457364	0.0
111.0	29.909599417602774	18.64869098850871	22.32553424809016	29.116175345798357	0.0
112.0	27.455956725514536	18.130453307645283	20.703580889572258	33.71000907726793	0.0
113.0	31.166874383824105	17.199910712624863	19.88318235086218	31.75003255268885	0.0
114.0	27.400269189067934	17.166411186301268	19.132986877032938	36.300332747597864	0.0
115.0	26.718905612868067	19.24385064922863	22.39040156341019	31.646842174493113	0.0
116.0	28.27389389729924	19.2266258433974	18.191869365538356	34.307610893765	0.0
117.0	29.301233676126753	16.909346664892507	23.658448495447374	30.13097116353337	0.0
118.0	31.958516536035177	18.03861594341426	18.602561651691836	31.400305868858723	0.0
119.0	31.42365781484186	17.15729603012951	19.881057607317167	31.537988547711464	0.0
120.0	30.63909956040771	19.126612240954543	18.199120815419544	32.0351673832182	0.0
121.0	31.265173733175367	18.695010390972477	20.315807873832227	29.724008002019925	0.0
122.0	27.91673989026224	18.445511881748775	21.726905277956767	31.91084295003222	0.0
123.0	26.2597907383051	20.340197483363106	19.79348658251703	33.60652519581477	0.0
124.0	27.1426596627039	18.06548441881591	21.07310715273115	33.71874876574904	0.0
125.0	28.749565303790554	19.19717820060609	19.71483928660142	32.33841720900193	0.0
126.0	30.469070565746943	16.903353649383014	19.9967974700013	32.63077831486875	0.0
127.0	28.484756865709247	18.9448223733938	20.13403880070547	32.43638196019148	0.0
128.0	29.279722478622944	19.000476736283687	20.20448943572682	31.51531134936655	0.0
129.0	27.956198414644113	17.218272452398466	23.530072730244342	31.295456402713086	0.0
130.0	29.235531877693326	18.065226111013978	18.458104925383882	34.24113708590881	0.0
131.0	28.450194049159123	16.915912031047867	20.99456662354463	33.63932729624838	0.0
132.0	28.87643726045659	17.85119146808865	20.40805699050158	32.864314280953174	0.0
133.0	31.406171390239813	17.31825423444575	21.088378333053832	30.187196042260606	0.0
134.0	28.06043265728433	17.438263458513255	20.565473990941435	33.93582989326098	0.0
135.0	30.25197570652116	16.003488730761458	21.443994171266898	32.30054139145048	0.0
136.0	27.668506151897105	20.468746644907775	19.861072341156515	32.00167486203861	0.0
137.0	31.192690346537333	18.00781630598348	21.265332193004298	29.53416115447489	0.0
138.0	29.283809190678152	18.221765554632505	21.605963884395084	30.888461370294255	0.0
139.0	25.961920310638487	20.831310947359132	21.779993822530116	31.426774919472265	0.0
140.0	28.49060169180663	18.28084879339284	20.473972633193647	32.75457688160689	0.0
141.0	27.69072234232014	16.923352636118235	21.530259075482476	33.85566594607914	0.0
142.0	28.225851968077304	18.258474528440324	21.03421418009008	32.48145932339229	0.0
143.0	31.41049709299018	18.5593519245429	20.327451047319975	29.702699935146942	0.0
144.0	28.028400032116352	17.579115194475985	24.3556656687657	30.03681910464196	0.0
145.0	31.676587071820645	20.838640943094703	17.768719457118372	29.71605252796628	0.0
146.0	30.480413722094816	17.403004633313053	20.760986568072262	31.355595076519865	0.0
147.0	30.46921167710672	19.11121616830162	19.547334830398295	30.872237324193357	0.0
148.0	30.06236309445435	18.860945860215697	20.310498785056797	30.76619226027315	0.0
149.0	28.522232962783956	19.95891735137748	22.181005316578055	29.337844369260512	0.0
150.0	29.251891628020505	20.429582621430313	19.636319257993655	30.68220649255553	0.0
151.0	28.66304762608171	18.750076935386584	21.509903122961212	31.07697231557049	0.0
152.0	26.782254458741118	18.62859555864673	20.71389537483233	33.87525460777982	0.0
153.0	28.213771066975752	19.657916170666	22.611365202681537	29.51694755967671	0.0
154.0	27.99691424380003	18.764938727504965	21.544648615836	31.693498412859007	0.0
155.0	29.73111003294094	20.249738260003575	20.88429815377544	29.13485355328005	0.0
156.0	27.327645183358936	19.15297337068064	19.829355500768028	33.69002594519239	0.0
157.0	29.56429912390488	18.34193783896537	20.96631205673759	31.127450980392158	0.0
158.0	26.958875173278763	20.466037362202126	21.66347613703875	30.911611327480358	0.0
159.0	31.274120962034107	17.821134302845774	20.345071645099686	30.559673090020432	0.0
160.0	28.684413319453274	19.16124758338178	21.310854840672192	30.843484256492758	0.0
161.0	27.41609270799169	18.911938340439487	21.39499289384498	32.27697605772384	0.0
162.0	28.674349596301152	18.488717134773307	20.095231523014284	32.74170174591126	0.0
163.0	26.557139270871104	20.586594516192015	20.33973947728097	32.51652673565591	0.0
164.0	30.08353002699532	18.353992056873913	20.033072802566675	31.529405113564092	0.0
165.0	26.590041600548957	20.422867435776475	22.135494846392476	30.8515961172821	0.0
166.0	29.414995880252675	18.569218982639242	20.079793000766127	31.93599213634195	0.0
167.0	28.12111823934297	19.301758026567683	21.278989901942158	31.29813383214719	0.0
168.0	30.637233129016018	17.417310710372806	18.961535044860973	32.9839211157502	0.0
169.0	30.069457987668578	19.09119548748106	22.015031728648797	28.824314796201563	0.0
170.0	32.328287822316874	18.871225374610177	20.322507035825662	28.47797976724728	0.0
171.0	29.021673829659413	19.869987830614477	22.52876750311937	28.579570836606745	0.0
172.0	28.873711621524688	20.459684084140275	20.7637492008545	29.90285509348053	0.0
173.0	30.331393878067292	19.287566405261828	17.752339994940552	32.62869972173033	0.0
174.0	28.435798911303234	18.603906500160104	22.468780019212296	30.49151456932437	0.0
175.0	26.462237365133447	20.77715583678105	18.794516102863632	33.96609069522187	0.0
176.0	26.11381259035353	17.730647916940466	24.9967144171376	31.15882507556841	0.0
177.0	27.420910814676823	19.167692358870298	20.756129203951964	32.655267622500915	0.0
178.0	27.687714030263667	18.552944550346666	21.891394929064255	31.867946490325412	0.0
179.0	27.522449328658173	20.468656461130593	19.415034636107073	32.593859574104165	0.0
180.0	27.367412697030392	18.14508403727249	22.797178437690498	31.690324828006617	0.0
181.0	29.59237879378121	17.03084605305096	21.3974572369586	31.979317916209226	0.0
182.0	29.542718533824452	18.00557002964693	22.27293145269967	30.178779983828946	0.0
183.0	28.422914880811252	18.827627715260174	21.412026482335992	31.337430921592592	0.0
184.0	32.57323568575233	19.94192927947921	17.19004290575529	30.294792129013164	0.0
185.0	28.54621249108048	21.119540316220377	22.31381680249371	28.02043039020543	0.0
186.0	31.198792994786196	19.002692843910545	20.669964286396365	29.128549874906895	0.0
187.0	26.91531867023546	20.80957368400636	22.4213507118197	29.853756933938474	0.0
188.0	26.811351596195127	18.839238237784826	22.99269354235185	31.356716623668195	0.0
189.0	28.869773954790958	19.321864372874575	21.452290458091618	30.356071214242846	0.0
190.0	27.386694344384072	22.752711805767547	20.06227486415532	29.79831898569306	0.0
191.0	33.16769157504607	17.33026896080502	19.5850673954904	29.91697206865851	0.0
192.0	28.71935178364727	18.895085762390824	21.30485109965274	31.080711354309166	0.0
193.0	31.327982878544674	16.603531300160512	20.9266987693954	31.14178705189941	0.0
194.0	29.831466782646515	20.626291181907145	20.143525062520386	29.398716972925953	0.0
195.0	30.73572013002808	17.845691161186174	22.662037548926385	28.756551159859356	0.0
196.0	29.04533477467739	19.47616152061798	20.766614868364748	30.711888836339885	0.0
197.0	30.927835051546392	19.260022909507445	18.24513172966781	31.56701030927835	0.0
198.0	27.209426888055706	17.95719708437158	23.94681074031811	30.8865652872546	0.0
199.0	27.68653882665654	20.34127586861591	19.247199544332638	32.72498576039491	0.0
200.0	27.588877326298977	19.271072820115677	20.72795914910094	32.412090704484406	0.0
201.0	31.27807671422224	18.243076467393987	21.09641111714469	29.38243570123908	0.0
202.0	31.450516242760013	18.257365902795268	20.17124150088139	30.120876353563336	0.0
203.0	27.327165253148287	19.832947828321768	21.0254433307633	31.81444358776664	0.0
204.0	30.701498475003312	19.156610529107546	20.930911019758653	29.210979976130485	0.0
205.0	28.927027027027023	18.2027027027027	19.772972972972973	33.097297297297295	0.0
206.0	28.351836037574724	17.97195669540784	21.24459381284262	32.431613454174816	0.0
207.0	29.045118903894206	18.13459864671365	24.072774237021648	28.747508212370498	0.0
208.0	30.047781179365394	18.234099167405795	21.681783067723384	30.036336585505424	0.0
209.0	27.640639589169	19.52906162464986	19.674953314659195	33.15534547152194	0.0
210.0	26.819238333631322	17.566601108528516	22.632457238214435	32.98170331962572	0.0
211.0	28.430205949656752	20.771929824561404	19.920671243325707	30.87719298245614	0.0
212.0	30.86300430255035	18.242189935773524	21.285153083494418	29.609652678181703	0.0
213.0	31.037886023559373	18.382680674944286	21.190703597580388	29.38872970391595	0.0
214.0	26.990215518642525	19.09761726749667	20.716445080128725	33.19572213373208	0.0
215.0	29.326875228079487	18.50844308794745	19.789005739309292	32.37567594466377	0.0
216.0	26.70469889278963	17.593842830137728	23.217661355657576	32.48379692141507	0.0
217.0	27.466170850118786	20.077127018558688	20.473091622766244	31.983610508556275	0.0
218.0	29.662447257383967	18.5056258790436	20.555555555555554	31.276371308016877	0.0
219.0	31.57592506191006	18.39356853174461	22.998241395398917	27.032265010946414	0.0
220.0	28.487475207522223	17.7550870491442	20.586938955410268	33.17049878792331	0.0
221.0	28.558588922592964	19.267498033928774	22.783956858779913	29.389956184698345	0.0
222.0	27.617037605525706	19.773599386032235	21.12432847275518	31.48503453568688	0.0
223.0	27.435816911360604	20.291277380858915	20.267723953835283	32.0051817539452	0.0
224.0	26.87106224166299	19.788113487700148	23.13897026365424	30.201854006982625	0.0
225.0	27.01715505212181	20.331609619962244	21.08676023967824	31.56447508823771	0.0
226.0	29.125031488789993	21.828029221597113	19.010832143756822	30.03610714585608	0.0
227.0	29.640423434620494	20.760296575665365	19.911713024471776	29.68756696524236	0.0
228.0	28.96778435239974	17.05456936226167	23.29607714223099	30.681569143107605	0.0
229.0	28.350930565497496	19.595561918396566	20.262168933428775	31.791338582677163	0.0
230.0	28.745404411764707	18.033088235294116	20.9375	32.284007352941174	0.0
231.0	25.65479555304315	18.79592990390051	19.285848878839268	36.26342566421707	0.0
232.0	30.660354572242888	17.4967392879571	19.43384377566301	32.409062364137	0.0
233.0	29.318776861137184	16.578570370004446	20.431754186632418	33.67089858222595	0.0
234.0	27.694330652910537	19.14732210590199	23.471400394477318	29.68694684671016	0.0
235.0	29.884938322794653	15.123872706540894	24.909298227428216	30.08189074323624	0.0
236.0	26.092058243106298	19.974398634593847	21.830497626540083	32.10304549575977	0.0
237.0	28.858287156416306	18.85664124650244	21.687606298348605	30.59746529873265	0.0
238.0	27.588544314522963	23.459300683499972	17.465966220414618	31.486188781562447	0.0
239.0	25.402097902097903	20.355477855477854	21.882284382284382	32.36013986013986	0.0
240.0	32.29932460701691	17.488494411571335	21.373498296575217	28.83868268483653	0.0
241.0	28.587278106508872	17.640532544378697	23.267998027613412	30.504191321499015	0.0
242.0	24.899980948752145	19.87680193052645	24.84282720518194	30.380389915539467	0.0
243.0	24.714903657097917	21.811508716738757	19.104731943898283	34.36885568226504	0.0
244.0	25.26444263628967	19.711147274206674	20.53837808516409	34.48603200433957	0.0
245.0	29.237586158390773	17.87171191447461	16.774511183007455	36.11619074412717	0.0
246.0	33.61767279090114	14.887722368037329	23.665791776027998	27.828813065033536	0.0
247.0	33.98831651619756	17.449358925726425	19.915029208709505	28.647295349366512	0.0
248.0	30.59695544751733	20.674264764485535	22.316091495975133	26.412688292021997	0.0
249.0	26.81838464970995	21.704596162427485	24.997768853190543	26.479250334672024	0.0
250.0	20.196353436185134	19.775596072931275	37.30715287517531	22.720897615708274	0.0
