# Position (bp)	A	C	G	T	N
0.0	26.484835469929784	23.993013080341907	24.00619184757113	25.515959602157178	0.0
1.0	26.866278334029982	21.075673734116133	15.567818242941817	36.490229688912066	0.0
2.0	29.20250762063611	20.334119361208565	17.388662027185063	33.07471099097026	0.0
3.0	23.52099929254349	22.665099595972816	15.501131214780525	38.312769896703166	0.0
4.0	34.178953215553015	13.373156825990879	15.176765679334203	37.271124279121906	0.0
5.0	34.909019214792245	15.265830309073749	23.827834807321803	25.997315668812206	0.0
6.0	32.014383249560524	17.686728102049415	21.092476853123678	29.206411795266384	0.0
7.0	35.5368534354434	17.645201592675797	20.28844696732541	26.529498004555396	0.0
8.0	23.489386974168976	26.546530262092325	23.00936608058494	26.954716683153755	0.0
9.0	27.54397146247166	19.004536739205598	15.71483222140248	37.73665957692025	0.0
10.0	26.894956841818242	16.79788191802897	24.560464258708365	31.746696981444423	0.0
11.0	28.120027200502506	19.108174129214653	19.210073794523765	33.561724875759076	0.0
12.0	25.976071019786296	20.813674257882944	20.34549800251101	32.86475671981975	0.0
13.0	27.383027489527013	21.251938649118372	19.058188989316317	32.3068448720383	0.0
14.0	30.684116659592252	18.914788369408583	19.843474447652703	30.557620523346458	0.0
15.0	29.789865640659485	18.60661056030633	20.555072712279042	31.04845108675514	0.0
16.0	29.136430043931217	18.331807287352966	18.726117465589855	33.80564520312596	0.0
17.0	30.061449011962953	18.128927928634713	19.969523375336014	31.840099684066313	0.0
18.0	32.37328728703609	17.716588856635923	19.146672397750873	30.76345145857712	0.0
19.0	30.688882625129594	18.537880992946114	20.063360509132895	30.709875872791397	0.0
20.0	30.359532684940543	17.657953425400372	20.239215693289548	31.743298196369533	0.0
21.0	29.370051796973446	19.168892274612634	19.73408723326884	31.72696869514508	0.0
22.0	30.250656566056666	18.823941144286604	22.81831858269129	28.10708370696544	0.0
23.0	29.82617897593328	20.390627735159512	21.51027186958478	28.27292141932243	0.0
24.0	33.33122080526674	19.462759409715364	17.69272069678672	29.513299088231182	0.0
25.0	29.795934899721786	21.058271786787312	19.863202733952047	29.28259057953885	0.0
26.0	31.269103791485303	17.01597914525922	22.73235231959415	28.98256474366133	0.0
27.0	26.42163129928398	20.82176234417018	24.85741074419849	27.89919561234735	0.0
28.0	27.294569635867454	19.721028743244275	19.405951144892253	33.57845047599602	0.0
29.0	27.882853333735397	20.861551128843853	17.57256214474071	33.68303339268004	0.0
30.0	27.018805069081253	19.15591412435394	15.910725446605674	37.91455535995913	0.0
31.0	34.615948815164174	14.823933092046692	18.676155911332355	31.883962181456777	0.0
32.0	34.107684147298215	15.546235088558353	23.17270441141608	27.173376352727352	0.0
33.0	31.482694983047228	18.075245393860154	20.637252028418267	29.804807594674347	0.0
34.0	33.275891019910794	17.046894634925273	21.698965772270473	27.978248572893456	0.0
35.0	27.06655365869304	20.465379868325467	25.45087144851869	27.017195024462797	0.0
