# Position (bp)	A	C	G	T	N
0.0	30.80043339713083	15.643081247220634	27.107221565683986	26.43943619062594	0.009827599338602565
1.0	27.94834062562185	18.142935406128473	21.39142269641888	32.51042252690694	0.0068787449238547505
2.0	29.882777100141567	19.866415859626436	19.445873195487433	30.80174977099162	0.0031840737529452686
3.0	31.128877565214847	18.596938215203494	20.3955476485073	29.877172302878996	0.0014642681953626628
4.0	32.44641663120783	18.297246368001947	20.040362288006808	29.215731566470122	2.431463132940247E-4
5.0	32.36844400089141	18.534595521621593	20.554322865697095	28.541184222000442	0.0014533897894522657
6.0	27.8731367594999	18.21626017437301	18.03213810844138	35.877982331038446	4.8262664726507546E-4
7.0	27.61577178788272	19.99956734305369	20.16253479282943	32.22164534629381	4.8072994034141443E-4
8.0	26.678422824492685	19.700098340180457	20.397571882843586	33.22390695248327	0.0
9.0	30.17005838536245	17.60946362170287	20.09757096882541	32.12243060336306	4.7642074621781483E-4
10.0	29.315002858206853	20.62605403789911	21.21240153418107	28.846067178534746	4.7439117822164974E-4
11.0	27.175584419265462	20.39639180006094	20.64392999959846	31.783385179358902	7.086017162333567E-4
12.0	28.31064727590903	19.145668244929446	20.616439806092423	31.927009462520374	2.3521054872268913E-4
13.0	29.38447559587652	18.36128687783653	21.59698186024945	30.657255666037496	0.0
14.0	29.122291418841694	18.985375411097895	21.242040445035336	30.650059477993143	2.3324703193151867E-4
15.0	29.526972881946463	18.688810173625225	21.50606817257999	30.277451948202778	6.96823645549039E-4
16.0	29.632901906726737	19.16787706654578	21.554060930142192	29.645160096585283	0.0
17.0	28.573568072845745	20.352846573720143	21.121487144394294	29.952098209039825	0.0
18.0	28.746923110451444	19.81207173023851	20.838657432365782	30.602347726944263	0.0
19.0	28.040929449109385	19.417229091857823	21.76442451830542	30.77718808001886	2.2886070850698138E-4
20.0	27.9606631410066	19.55050119528104	20.496213038847777	31.992394081644782	2.2854321980829794E-4
21.0	28.327660633287906	18.944991930384443	20.690631256234834	32.03603134708934	6.848330034721033E-4
22.0	28.49450712419717	19.238868798412028	20.451294219646584	31.814417230404178	9.126273400335389E-4
23.0	28.463432988985428	18.68691706004424	19.542085699299903	33.306652071788555	9.121798818727053E-4
24.0	28.599723755646828	18.84934654079163	19.33163453692603	33.21906724225171	2.279243838064284E-4
25.0	30.638850889192888	18.575695394436845	19.262425900592795	31.522343821249432	6.839945280437756E-4
26.0	29.260521298044907	19.180328616653437	18.83957814452929	32.718887702876536	6.842378958316227E-4
27.0	29.978177041883203	18.659427312674875	19.2518624765979	32.109621028483865	9.121403601586211E-4
28.0	30.15713754723134	18.152795798719822	18.91328588726504	32.77541256872345	0.0013681980603512166
29.0	30.30006017615201	18.78065792592863	18.872517733729648	32.04608034428053	6.838199091887161E-4
30.0	30.52679599913322	18.477663347817657	19.33463350098653	31.66067905247431	2.2809958828024315E-4
31.0	30.348599393740184	18.43842445491399	19.53042255578686	31.681868814141197	6.847814177714474E-4
32.0	30.224789445543742	19.114871565209047	19.277100175024106	31.38255334122389	6.854729992185608E-4
33.0	29.786410790044254	17.972264769113476	20.637951521728677	31.602457111588855	9.15807524732527E-4
34.0	30.210265003128878	18.990553776541	20.04703627890771	30.7514572765261	6.876648963115948E-4
35.0	29.18878477218638	19.455441340833406	19.735661385861395	31.620112501118815	0.0
36.0	29.101393339995635	18.601376109905004	20.285100566295643	32.01212998380372	0.0
37.0	28.86221294363257	18.728444906330186	21.234353876008203	31.17452843203076	4.598419982893878E-4
38.0	30.021700659764495	18.5461248328727	19.806972286209383	31.62474197386256	4.6024729086938413E-4
39.0	29.91131193360261	18.90007442516354	19.23510287032279	31.953280352448083	2.304184629706009E-4
40.0	29.997992009582962	18.578527427533473	20.182611726202428	31.240176426192505	6.924104886340818E-4
41.0	30.580699999769024	18.339827644747693	19.931723113666234	31.14705630995304	6.929318640098119E-4
42.0	30.302679954678936	18.650079774319607	20.226374083751473	30.819710037690474	0.001156149559507018
43.0	30.74735911827171	18.468589355037224	19.983250123773256	30.799875995391467	9.254075263394118E-4
44.0	31.511007585370145	17.888368172935326	18.89581461688787	31.703651906530457	0.0011577182762037956
45.0	30.826125138737954	18.629234259179874	19.351482613440723	31.191536000037072	0.0016219886043714912
46.0	30.20993557397625	18.523003825657657	19.831476184179085	31.433960425671113	0.0016239905158953872
47.0	29.64563325574156	19.169349855270433	19.82911224788481	31.35474308759507	0.0011615535081239052
48.0	29.702129244117177	18.83993548732438	19.52253172687772	31.933774433710433	0.0016291079702943799
49.0	29.60486775346282	19.364089136542162	19.79295275278726	31.236459697069936	0.0016306601378140767
50.0	28.790406697950527	19.5356890343928	19.958744507629234	31.713993032302024	0.00116672772541763
51.0	29.518656359002033	18.575523735430377	20.109758405349147	31.79536061640395	7.00883814490072E-4
52.0	28.962376256152105	19.19550124445609	20.85844078073245	30.982746037389823	9.356812695323466E-4
53.0	30.078630669940797	19.62442677328664	19.886607036262806	30.40916507290718	0.0011704476025721758
54.0	28.43742308999496	19.133685703235788	20.514256917505598	31.91393111207472	7.03177188931991E-4
55.0	28.8147201275932	19.871468611837553	20.237595431037516	31.07504309788791	0.0011727316438179451
56.0	29.798745978442103	18.803278303548364	19.72383345466501	31.673437756851325	7.045064932015123E-4
57.0	29.22536867052893	18.62961778647205	20.52164058385374	31.622197351591304	0.0011756075539838989
58.0	28.757013633209038	18.84817616129298	20.606260219025327	31.786667921376733	0.0018820650959265055
59.0	28.07143546765317	19.049929002526707	20.362028243571963	32.51542988204765	0.0011774042005072258
60.0	28.682165058343003	19.063116091726332	20.956787503183634	31.296044750073104	0.0018865966739300638
61.0	28.767032660651036	19.01467520101316	21.416436886711985	30.800437586093647	0.0014176655301714667
62.0	28.60077343469299	19.05835744407254	20.14712278512131	32.19232805733628	0.001418278776876383
63.0	28.555539253039765	18.77978824609647	19.954515980935522	32.70944657165981	7.099482684361733E-4
64.0	27.558301736204033	19.482383366923788	20.62224832620079	32.33635607931926	7.104913521360923E-4
65.0	28.743539078641184	19.838557023338783	19.674409888678827	31.74325680249921	2.3720684199415046E-4
66.0	28.985978700922487	18.849089980885445	20.03086822828242	32.133588194089924	4.7489581972954685E-4
67.0	28.746345984742263	20.192741877985597	20.325355895144614	30.73436794448273	0.001188297644794068
68.0	29.10429821659356	19.0688585770354	19.932357652367838	31.893771524999348	7.140290038581367E-4
69.0	29.30439860331534	19.212994410877933	19.836020640425204	31.646109661196714	4.766841848104585E-4
70.0	29.750770640275615	19.11903648492599	20.906301594724336	30.223891280074056	0.0
71.0	30.057988459627804	19.47007910122664	19.809459666017045	30.66223394092247	2.388322060453208E-4
72.0	30.290806664498724	18.533724199934962	20.06236012012931	31.112630793656866	4.782217801327544E-4
73.0	29.75321690405489	18.879134521592622	20.812991762712432	30.55441714659592	2.3966504413431788E-4
74.0	29.996183783238887	19.854647743991862	18.74242456971556	31.40674390305369	0.0
75.0	29.78795067098432	18.869358944131957	20.14324276207844	31.199447622805287	0.0
76.0	30.58458661564376	19.629039681717302	19.49650221578545	30.289871486853485	0.0
77.0	30.215933253045197	18.8552424210976	19.5368066399415	31.391776338812715	2.4134710299004926E-4
78.0	29.855559483054993	18.201054614300723	20.14298788016715	31.800398022477133	0.0
79.0	29.830788479525772	18.632945835307265	20.543226072907935	30.99279666678814	2.4294547088905892E-4
80.0	29.460167638306473	18.600449048572248	20.553712930358508	31.385183345265755	4.870374970168953E-4
81.0	29.388154195898213	18.496907770906155	21.023002273338385	31.091446869881935	4.888899753110563E-4
82.0	29.12569725607066	18.89821286774437	21.36103404668307	30.614565667062067	4.901624398325605E-4
83.0	30.16485771223987	18.428728342306435	20.42476232132633	30.981160171713473	4.914524138913939E-4
84.0	29.303610179522586	18.796113631880054	20.898106135332412	31.002170053264944	0.0
85.0	30.334662813483504	18.402743413629977	20.889827992320026	30.372765780566496	0.0
86.0	30.26623513510162	18.07323636273452	20.45434817653113	31.20543630569299	7.440199397343849E-4
87.0	30.761153810745377	17.678146219361388	19.828665125664653	31.731786027971925	2.488162566589451E-4
88.0	29.98743696628961	17.862985506305247	21.0119860832557	31.137091919946254	4.995242031964553E-4
89.0	29.6247925680452	18.68065756556354	19.45222923549731	32.24232063089395	0.0
90.0	30.079516307261684	17.91445263632176	20.105115574271856	31.899656914445085	0.00125856769961513
91.0	30.135475581007114	18.911692989467507	19.03968149579611	31.91289699201716	2.52941712111861E-4
92.0	29.3343653250774	18.045475308328683	19.615287012130132	33.00258843830889	0.002283916154900269
93.0	29.741803299576468	18.156589724117897	19.75388237932388	32.3474697640757	2.548329060634942E-4
94.0	30.13315327205111	18.32993160740502	19.81339103478968	31.722756779153816	7.673066003713764E-4
95.0	29.428438530351276	18.722936213626916	19.909695292282468	31.937388050687822	0.0015419130515230246
96.0	29.31292625883495	18.773458756472937	19.73891404350228	32.173668368690336	0.001032572499496621
97.0	30.167204154848402	18.671173796479774	19.878255688956237	31.281294116123348	0.0020722435922342674
98.0	29.574497415876174	18.72507887625077	19.71216996173884	31.98643302476441	0.0018207213698067173
99.0	29.2409780881492	18.40658191854144	19.998745504725264	32.35238772267291	0.0013067659111817345
100.0	29.22447672327567	18.995739229280918	20.06657618326302	31.71110766912477	0.00210019505561579
101.0	29.49962816259579	19.118771723479554	19.69393298487861	31.686612271161767	0.0010548578842715414
102.0	28.86066897958103	19.245213061786597	19.417622288725866	32.475171482295615	0.0013241876109007123
103.0	29.987903601004934	19.060202847306225	19.760730569328317	31.19036541759162	7.975647689056082E-4
104.0	29.60972171043145	19.548894264917145	19.027134701550324	31.81238017420468	0.0018691488964010874
105.0	29.277657336653217	19.347256804327294	19.567807160642225	31.805668841761825	0.0016098566154374519
106.0	30.43461861758303	18.971592990926137	18.730736901092744	31.861704420544434	0.001347069853654331
107.0	30.629391829707984	18.560995679901254	19.20359683409305	31.60520360766141	8.120486362996567E-4
108.0	28.95960619030505	19.229805817841232	19.88352337700526	31.926247808235587	8.168066128663378E-4
109.0	30.196372267783843	18.28605650248986	19.644336761621403	31.87268754631744	5.469217874497857E-4
110.0	28.98684590326172	18.768160763130044	19.429301884458372	32.81514164364356	5.498055063021456E-4
111.0	29.230467541650096	17.960636793495073	20.04811304078837	32.75967784701047	0.0011047770559901012
112.0	28.73189673849641	18.247143198395634	20.395091356543286	32.62559094267509	2.777638895832986E-4
113.0	29.136376448000355	18.37589545095566	19.78991960127142	32.69752943441825	2.790653543153271E-4
114.0	27.896559945026432	17.842007096077523	20.905100481018692	33.35605200050486	2.804773724879745E-4
115.0	28.940964830411698	18.444789695843543	20.94582591998376	31.668419553761	0.0
116.0	28.107407522950872	19.098924847065096	20.8345977464613	31.958502670156918	5.672133658157522E-4
117.0	27.868403485048184	18.469386008455864	21.12425326509303	32.53767195586062	2.852855422992874E-4
118.0	28.573150917723517	18.40585368094109	21.715629144395773	31.30479214150797	5.741154316486873E-4
119.0	29.14790039373038	18.840663502176792	20.29474852712461	31.716398494458286	2.890825099299842E-4
120.0	29.261586574512734	18.95821102010684	20.792182804262023	30.98772895582773	2.906452906743552E-4
121.0	30.061358660223863	18.539143551201885	20.23666494195921	31.16283284661504	0.0
122.0	30.154576973564158	18.632823766945485	19.717688055897295	31.49432256317583	5.886404172283277E-4
123.0	30.4715045693935	18.431515345287472	19.462330257466895	31.634353786809005	2.960410431302196E-4
124.0	29.86581382040154	18.363119366684153	19.837021317182508	31.934045495731795	0.0
125.0	30.398329768693362	18.662615075877337	19.381642454112136	31.557412701317165	0.0
126.0	30.08424676148202	18.67802035208503	19.32330827067669	31.91442461575626	0.0
127.0	29.32466363896134	19.305877274578826	20.26465062834005	31.10420048516242	6.079729573628566E-4
128.0	29.866791664368915	19.04131664246368	19.807846669485244	31.28312592293034	9.191007518244151E-4
129.0	28.683711711934208	19.566197217883097	20.14842896217037	31.600427258077463	0.001234849934861666
130.0	29.15728169837853	18.73747806717356	20.685610821438793	31.419007205166814	6.222078423076444E-4
131.0	28.478896454905257	19.697164362913917	19.76140412450606	32.061908328293384	6.267293813867641E-4
132.0	28.09473707491698	19.050101580741682	21.07855682676297	31.776604517578367	0.0
133.0	28.474534153575604	19.00277484859394	20.688710412213158	31.8339805856173	0.0
134.0	27.471927259875663	19.60095744509952	20.559366415524746	32.36774887950008	0.0
135.0	28.502091453714236	17.912628751575475	20.690325528047513	32.894630261439815	3.240052229641942E-4
136.0	28.3252913254122	19.073443079245088	21.315513506979723	31.28575208836299	0.0
137.0	29.13978388383344	19.366472023791882	20.221451555002258	31.27196319240662	3.293449657975253E-4
138.0	29.580740440489993	18.80371981141792	21.0015183581797	30.61368914523412	3.322446782708658E-4
139.0	29.10009481149933	19.606549028935934	21.762086791049526	29.530264299617738	0.0010050688974729217
140.0	29.343458409795236	19.618856434121103	20.17681708961504	30.860192160162757	6.759063058678806E-4
141.0	30.09411122856071	18.48228594810243	19.04934019845194	32.373921642172746	3.409827121764927E-4
142.0	30.4585186637633	18.93414792722319	21.65794624643529	28.949387162578216	0.0
143.0	30.702913402483727	18.842962022770386	19.908654896534504	30.54477609352296	6.935846884244183E-4
144.0	31.318164164325278	18.57599221830727	18.886700093422302	31.21914352394515	0.0
145.0	27.974334499946973	19.289426238201294	20.123024710997985	32.611446954431365	0.0017675964223848413
146.0	28.06434798238519	19.89287319133639	20.195560348701356	31.846499505706838	7.189718702255775E-4
147.0	27.791529556939707	19.478640263250675	20.002350452462096	32.726377952755904	0.0011017745916088847
148.0	28.93668180603794	19.477119193923894	20.070226327239418	31.511011030113355	0.004961642685393688
149.0	29.128807690592325	21.938947206240698	16.445087759843332	32.480264678335544	0.0068926649881000165
150.0	25.73655655518165	26.173797587162056	12.198681409243871	35.880662958130166	0.010301490282260834
