# Position (bp)	A	C	G	T	N
0.0	28.356572943485688	24.130745112034464	18.794769175864793	28.717912768615054	0.0
1.0	27.19909251387676	21.05571735376027	14.363007194886467	37.3821829374765	0.0
2.0	28.16217868697934	19.590859297378543	18.46292003158994	33.78404198405217	0.0
3.0	24.132399745385104	22.64735837046467	15.5448758752387	37.67536600891152	0.0
4.0	33.14371162228373	14.136362190194394	15.591613375330088	37.12831281219178	0.0
5.0	35.15580267962795	16.079676307050246	22.30414922448564	26.460371788836156	0.0
6.0	32.265923678301306	17.75729470811626	20.48561414222375	29.491167471358686	0.0
7.0	33.87972928275195	17.604254128183598	20.223647049843525	28.292369539220925	0.0
8.0	24.913655474211133	24.938461636316223	21.16092838651817	28.986954502954475	0.0
9.0	29.748123648390788	18.007887037272614	15.94517236992749	36.298816944409104	0.0
10.0	27.68283608194313	17.420864842174886	23.805102047306193	31.09119702857579	0.0
11.0	28.604861172939216	19.020515625198733	18.503491344771884	33.87113185709016	0.0
12.0	27.226535920280316	19.555996464251418	20.876814773832916	32.34065284163535	0.0
13.0	26.861884776802746	21.157954979015642	18.303446521683835	33.67671372249777	0.0
14.0	31.475111741256207	17.95171760457265	19.488438038440265	31.084732615730882	0.0
15.0	30.730894898101884	18.15668027003318	19.49603976759856	31.61638506426637	0.0
16.0	30.676098230628433	17.039734594264797	18.737924547488305	33.54624262761847	0.0
17.0	30.069201293790947	18.100364117000385	19.180641430541346	32.649793158667315	0.0
18.0	31.274342243203236	17.776111721762998	19.131335336836287	31.81821069819748	0.0
19.0	29.729111608050417	18.910093514942062	19.070187029884124	32.2906078471234	0.0
20.0	30.539888211382117	17.910950203252032	19.206681910569106	32.34247967479675	0.0
21.0	30.16627078384798	17.572116300633837	19.10653270161444	33.155080213903744	0.0
22.0	29.840660980674826	18.124892831966875	19.307392847843623	32.727053339514676	0.0
23.0	30.033594340401482	17.660208170600825	19.393904754647007	32.91229273435069	0.0
24.0	30.919193522781395	18.056834418161614	18.93189395142086	32.092078107636134	0.0
25.0	29.198892571849484	18.55259648721759	19.469526676064568	32.77898426486836	0.0
26.0	30.576843709324102	17.912949617448174	19.963808374869043	31.54639829835868	0.0
27.0	29.748450832994717	18.476991060544496	19.565217391304348	32.20934071515644	0.0
28.0	30.478204004926795	17.717420288750905	18.71865198786078	33.085723718461516	0.0
29.0	30.039869471919957	18.312023058267837	19.4376372893838	32.21047018042841	0.0
30.0	30.239290952148156	18.0550705682922	19.115340905483567	32.59029757407607	0.0
31.0	29.696319388448327	18.00750471425578	19.352892997504778	32.94328289979111	0.0
32.0	29.795799151702944	18.0694892438981	19.804815482691186	32.32989612170777	0.0
33.0	30.343978003695682	18.451114737650894	18.90196277646192	32.302944482191506	0.0
34.0	30.301952690903317	17.661851087474204	19.084299095094458	32.95189712652802	0.0
35.0	30.564834690274477	17.655053282696777	19.719043324738667	32.06106870229007	0.0
36.0	29.93210672391126	17.979333515398245	19.30480841902028	32.78375134167021	0.0
37.0	29.556468772429035	18.624119511436028	18.847060168571083	32.97235154756385	0.0
38.0	29.827804137528023	18.927571028411364	19.3842616411644	31.86036319289621	0.0
39.0	29.481674394969193	18.57460458616528	19.641110334751954	32.302610684113574	0.0
40.0	30.17690963951088	18.33635064316341	19.596633317452756	31.890106399872952	0.0
41.0	29.867803350337002	18.477038693406683	19.61096959032379	32.04418836593253	0.0
42.0	30.04605952796925	18.35265715828595	20.12451955147549	31.476763762269304	0.0
43.0	30.034814871286624	18.646921298061038	19.338771568702192	31.979492261950142	0.0
44.0	30.288186635154197	18.14635509981067	20.288694900824662	31.276763364210474	0.0
45.0	30.679305700271925	18.43884215609037	19.777503875574983	31.104348268062722	0.0
46.0	30.173706414557284	18.45201789163363	19.165523025312595	32.208752668496494	0.0
47.0	29.665916917641976	18.58488048492242	19.72983619889952	32.01936639853608	0.0
48.0	30.377237404769318	17.97802784325935	19.10014550676384	32.54458924520749	0.0
49.0	29.74061789113831	18.585026751559976	19.234435167181363	32.439920190120354	0.0
50.0	29.678583683896143	18.300649441429535	20.097098483789384	31.923668390884945	0.0
51.0	30.50026691069931	17.85759678690358	19.39296880957828	32.24916749281883	0.0
52.0	29.932699090579778	17.739731686081615	19.585263706443474	32.74230551689513	0.0
53.0	30.579352772199204	17.80384879375651	19.088262958537765	32.52853547550652	0.0
54.0	30.354838914700107	18.111212096174505	19.78149092087785	31.75245806824754	0.0
55.0	29.885020942840978	17.93457189527944	19.142837167027896	33.03756999485169	0.0
56.0	29.90612029568611	17.826974048014037	19.682957369588568	32.58394828671128	0.0
57.0	29.382563815722566	17.80102715346283	19.98563510627479	32.83077392453981	0.0
58.0	29.414456789809567	17.99344028883069	19.4967074317968	33.09539548956294	0.0
59.0	29.55485917328265	18.1139199471145	19.992880797859154	32.338340081743695	0.0
60.0	29.66602677379575	18.371070061912814	19.107158748522103	32.85574441576934	0.0
61.0	29.262122098197256	18.068727910702027	19.378194207836458	33.29095578326426	0.0
62.0	29.727358832391477	17.75886290389224	19.410983199099885	33.1027950646164	0.0
63.0	29.580822335799834	17.50769191649503	19.60485162865207	33.30663411905307	0.0
64.0	29.540816650879524	18.38322706149357	19.65785341479075	32.41810287283616	0.0
65.0	29.68319865726583	18.00993063811661	19.797699804820365	32.50917089979719	0.0
66.0	30.295323775312333	18.088819658581556	20.00953682805099	31.60631973805512	0.0
67.0	29.373728382502545	17.522253306205492	19.916073245167855	33.18794506612411	0.0
68.0	29.74064206825075	18.05650048005697	19.72175770793461	32.48109974375767	0.0
69.0	29.51357537991988	17.414637248044766	20.344630253703823	32.727157118331526	0.0
70.0	29.15577768028028	17.36070045590676	19.998219610985	33.48530225282796	0.0
71.0	30.456872158458655	17.31472355578164	19.785076145359742	32.44332814039996	0.0
72.0	29.744114766816317	18.645792264940418	19.572295209146752	32.03779775909651	0.0
73.0	29.567639409105073	18.2832759947346	18.88294658925426	33.26613800690607	0.0
74.0	30.27803568930211	17.864365389262684	19.43515256349923	32.422446357935975	0.0
75.0	30.00934870676223	18.21916675676191	19.501911079171464	32.26957345730439	0.0
76.0	30.39463223836932	17.788660285559832	18.544217254428087	33.27249022164276	0.0
77.0	30.402289712195895	17.406264906980443	20.022897121958977	32.16854825886468	0.0
78.0	30.368796672052106	18.0600964290712	18.730520182680934	32.84058671619576	0.0
79.0	30.17315962238225	17.883406702460622	19.248581388839412	32.69485228631772	0.0
80.0	30.080990463102573	18.355505506460787	19.54459565209093	32.01890837834571	0.0
81.0	30.92620165693124	17.63066468140343	18.787462299087544	32.655671362577785	0.0
82.0	30.476451085331007	18.177305731795013	19.091771084567362	32.25447209830662	0.0
83.0	30.70230708035004	18.216070007955448	18.29244232299125	32.78918058870326	0.0
84.0	28.77163951120163	17.990707739307535	20.022912423625254	33.214740325865584	0.0
85.0	28.700998644287868	17.770012666042913	19.148638241265843	34.38035044840338	0.0
86.0	30.79444695518227	16.825904024748095	22.661565979007403	29.718083041062233	0.0
87.0	30.277489544010646	20.26202040907268	20.452360793700304	29.00812925321637	0.0
88.0	32.07051094332896	18.230605670923467	18.572465336575803	31.12641804917177	0.0
89.0	28.38261135304454	23.060075890697025	18.879084218300353	29.678228537958084	0.0
90.0	33.348189840695795	15.223038622674427	19.496619083395945	31.932152453233837	0.0
91.0	27.385371630871504	20.52199603950309	26.64293764445944	25.449694685165962	0.0
92.0	26.205864561113057	19.561909006972524	17.67518864019867	36.55703779171575	0.0
93.0	27.882319228197534	19.347916069666	18.542363167446748	34.22740153468972	0.0
94.0	24.24387168268404	21.626957590579366	17.165020348115174	36.964150378621426	0.0
95.0	33.33397032875334	14.214552797365387	16.442125781115635	36.00935109276565	0.0
96.0	34.63651194208662	15.460987484387347	23.129667864698835	26.772832708827206	0.0
97.0	30.7054735566961	17.026363607383086	20.98122350090854	31.286939335012278	0.0
98.0	34.68984213044172	13.487482060277467	22.344123744219424	29.478552065061393	0.0
99.0	27.023613609399515	17.956421345376146	25.29564851314631	29.72431653207802	0.0
