# Position (bp)	A	C	G	T	N
0.0	26.258723215620122	23.698625614510412	24.11634269266349	25.92630847720597	0.0
1.0	26.67527589697253	20.3852454760787	15.720233531422343	37.219245095526425	0.0
2.0	28.840638347296522	19.35708627078864	17.988430242878337	33.81384513903651	0.0
3.0	23.329051597585853	22.408950813166932	15.027358881068936	39.23463870817828	0.0
4.0	34.316262460764065	13.005138730387507	14.870611763005085	37.80798704584335	0.0
5.0	35.05063031248717	14.735131879713656	23.357149700926648	26.857088106872528	0.0
6.0	31.29838099291984	17.27262524413762	21.14021677093698	30.288776992005563	0.0
7.0	35.04205257632765	17.075056834279316	20.210324472067374	27.67256611732566	0.0
8.0	22.518063104185	26.96669873931235	22.79727304953376	27.71796510696889	0.0
9.0	27.70497636980536	18.441611588855146	15.620550946918632	38.23286109442087	0.0
10.0	26.656392470638473	16.480011168397816	25.242125663636873	31.621470697326835	0.0
11.0	28.161717305405038	18.278287457588146	19.488717317723125	34.07127791928369	0.0
12.0	26.163901712624533	19.542040942579927	21.160733227215307	33.13332411758024	0.0
13.0	26.425140939431973	20.75624834903433	19.17523572025901	33.64337499127469	0.0
14.0	30.651544619528547	18.301951869132658	20.404211142940436	30.642292368398362	0.0
15.0	29.66442796862447	18.500683653763243	20.136498077694274	31.698390299918017	0.0
16.0	30.103731969401874	17.43048835735588	18.790610333779064	33.67516933946318	0.0
17.0	30.411068210715914	17.780992646102764	19.65740665970467	32.15053248347666	0.0
18.0	31.65987575157432	17.7735333607981	19.099958529111056	31.46663235851652	0.0
19.0	30.08194264425505	18.450480610648576	20.007869888165466	31.459706856930907	0.0
20.0	29.65575056149941	17.935037152715523	20.140261937251672	32.268950348533394	0.0
21.0	29.29603508190843	18.308453081095433	20.332656751063805	32.062855085932334	0.0
22.0	29.808248464003135	18.961818039973558	22.84380804042522	28.386125455598094	0.0
23.0	29.798188693913357	20.192955971055234	21.0996218347652	28.909233500266208	0.0
24.0	32.937699227929755	19.291231028436986	17.91623154169056	29.8548382019427	0.0
25.0	29.55827344234383	20.90631000789726	19.611542320152527	29.923874229606383	0.0
26.0	32.29131451768535	16.55843631481195	22.160250084515756	28.989999082986945	0.0
27.0	26.37257008648665	21.009508193580086	25.11497564440697	27.502946075526292	0.0
28.0	26.7498730552822	19.72785242385712	18.7933750597085	34.72889946115218	0.0
29.0	28.119794753316647	20.133623857668624	17.455110842242274	34.29147054677246	0.0
30.0	26.685032474540517	18.917623194399912	16.107583280377018	38.28976105068255	0.0
31.0	34.50155836146277	14.275416985589287	18.43577403208132	32.78725062086663	0.0
32.0	34.64788794848721	15.504470426123994	22.583127810038555	27.264513815350238	0.0
33.0	31.445625604641624	17.14523507594348	21.115059354202316	30.294079965212582	0.0
34.0	33.29761870084364	16.452844233540795	22.078872337268884	28.17066472834668	0.0
35.0	26.44371583934063	20.261589723477634	25.802853309926665	27.491841127255068	0.0
