# Position (bp)	A	C	G	T	N
0.0	28.60580604230929	22.34254337030474	24.587079696353175	24.464570891032793	0.0
1.0	27.74155563793367	20.519418216707734	15.3012494821082	36.437776663250396	0.0
2.0	28.544098784756187	19.730863714428576	17.79169112372008	33.933346377095155	0.0
3.0	24.914927281791186	20.96581919067126	15.824609315733577	38.29464421180398	0.0
4.0	33.53214478660183	15.394921663965425	14.651539708265801	36.42139384116694	0.0
5.0	34.909365558912384	14.83599482088908	21.34656883901597	28.892965041001297	0.015105740181268881
6.0	32.16863057667866	17.76566640098231	21.373947135994488	28.683139096529587	0.008616789814954439
7.0	34.822138635142394	18.422353573347664	19.830198817839868	26.92530897367007	0.0
8.0	25.954149315244923	26.40922165457433	20.76374876572361	26.87073369681879	0.002146567638346284
9.0	27.280526778628573	20.10381142354632	17.008772494262487	35.60688930356262	0.0
10.0	27.193245617794542	17.627394677066814	24.23391762739468	30.94544207774397	0.0
11.0	27.774326900421958	19.709983507186156	20.0591170989783	32.45657249341358	0.0
12.0	26.983515307214727	20.847784200385355	19.64247484478698	32.52194390922715	0.004281738385784628
13.0	26.86506493228643	21.510023319997433	19.09458505380715	32.53032669390899	0.0
14.0	30.88081127917674	19.133095141310626	20.450995913651827	29.53295821655506	0.0021394493057487
15.0	28.970283049143152	18.031278748850045	20.579362871996747	32.41693588070431	0.0021394493057487
16.0	31.785798335508442	17.288889839755246	19.071051111443914	31.8499818146809	0.0042788986114974
17.0	29.753321495047174	18.43563466763655	21.44583984082497	30.360925097879804	0.0042788986114974
18.0	33.2470422113348	17.898632891893627	17.97779251620633	30.870114032647994	0.006418347917246101
19.0	30.985644295158426	18.493399798891765	19.293553839241778	31.22740206670803	0.0
20.0	30.198326950642908	16.910207312637727	21.227616011638602	31.663849725080762	0.0
21.0	29.23557476305599	17.18833572238506	21.028647226203976	32.543163389743476	0.0042788986114974
22.0	28.503883100489936	19.09886395241865	20.226353736548212	32.170899210543205	0.0
23.0	30.68398194304786	16.914486211249226	20.532294987270276	31.869236858432636	0.0
24.0	30.027171006183007	17.361631116150704	19.708607004557027	32.90045142380351	0.0021394493057487
25.0	28.85047388802122	17.624783380757794	18.73087867182987	34.79386405939111	0.0
26.0	31.362187372970197	16.940159602918207	21.653366423482595	30.044286600629	0.0
27.0	30.074238890909484	17.614086134229048	19.734280396226012	32.57739457863546	0.0
28.0	29.500866476968827	17.02145867653666	21.49718662416294	31.980488222331573	0.0
29.0	30.36734344579705	17.06852656126313	19.65084187330181	32.913288119638004	0.0
30.0	29.82178387283113	17.370188913373696	19.71930425108577	33.0887229627094	0.0
31.0	30.812348901392784	17.56273935089108	19.15876853297961	32.466143214736526	0.0
32.0	28.519469405220367	18.155755241762943	19.666238767650835	33.65853658536586	0.0
33.0	29.790102060466012	16.826069281297475	19.6461047991955	33.73772385904102	0.0
34.0	29.028392922095986	18.24036630506879	18.67685131694375	34.054389455891474	0.0
35.0	30.4607545069156	17.31255084999786	21.320601207553633	30.906093435532906	0.0
36.0	31.733590320162758	18.408823214476925	17.882000214155692	31.975586251204625	0.0
37.0	28.538993724163042	20.20262599867201	18.617602330413177	32.64077794675177	0.0
38.0	30.61893437881612	17.777492126743365	19.21717334018896	32.38640015425156	0.0
39.0	31.430714821562532	17.288607866252278	19.371985853606258	31.906548065587824	0.002143392991104919
40.0	29.00298225664571	18.977021605269368	19.809478856014934	32.20622626531357	0.004291016756420434
41.0	30.48578733644157	17.65679049481125	20.379004361558128	31.478417807189054	0.0
42.0	28.53702070923206	19.416786735769122	21.375884389583018	30.668157674028517	0.0021504913872819943
43.0	32.262091826850636	18.2039305163915	19.837699377919364	29.691973222549883	0.0043050562886109735
44.0	30.042853758856086	18.375433382862806	19.8957727674053	31.685940090875807	0.0
45.0	30.645925798250527	18.20355927090964	19.552290257249968	31.598224673589865	0.0
46.0	30.88428629927369	17.222353930041596	19.843100066811783	32.05025970387293	0.0
47.0	31.816221810184985	18.418783148635246	19.352334957526626	30.412660083653144	0.0
48.0	29.692015701160337	19.134710779450458	18.860803174740113	32.3124703446491	0.0
49.0	28.258805248618785	18.85143301104972	21.346253453038674	31.541350138121548	0.002158149171270718
50.0	29.104574316444214	18.8976718068334	18.483002894043455	33.51475098267893	0.0
51.0	31.800095151593787	17.88849963236884	19.09951991695861	31.211885299078762	0.0
52.0	28.371851242175484	18.181030561632262	20.637224111416753	32.8098940847755	0.0
53.0	30.832791151594012	18.271524615050964	19.14335285187595	31.73931901973542	0.013012361743656473
54.0	31.406735132553145	18.748507284451872	18.776733178452787	31.0680244045422	0.0
55.0	29.672455389162987	17.946488730465777	18.68330109326436	33.697754787106874	0.0
56.0	32.112945680784875	17.21594987926646	21.194718179642802	29.47638626030586	0.0
57.0	28.056692501959418	19.36993816946791	18.69938169467909	33.873987633893584	0.0
58.0	30.54241942162268	17.15300629808007	22.05199729770959	30.25257698258766	0.0
59.0	27.012697997120043	21.822228040319413	21.50805079198848	29.639568878998123	0.017454291573940742
60.0	30.69995190836357	18.574301578280068	19.93835526603419	30.78739124732217	0.0
61.0	29.221362670114615	20.540860380004823	19.25226271613596	30.985514233744603	0.0
62.0	31.548299200140633	15.401687615364331	21.387448360727785	31.662564823767248	0.0
63.0	26.29257102523381	20.639227104287983	25.705840832892186	27.360155284983236	0.0022057526027880713
64.0	26.149317160627728	22.120896876867572	18.037141149649173	33.6904313951172	0.002213417738329755
65.0	26.981165600568584	19.163113006396586	19.287491115849324	34.5682302771855	0.0
66.0	26.650622813467923	18.715600418922833	18.942888339238362	35.68643180248234	0.0044566258885397865
67.0	33.573264781491005	14.465183860511905	18.345814239409858	33.615737118587234	0.0
68.0	35.17523258964863	15.843193930087615	22.642489386685934	26.339084093577814	0.0
69.0	32.72584844365597	16.646314770868372	20.487063106236896	30.140773679238762	0.0
70.0	30.960827790096086	17.42547425474255	24.1709780734171	27.44271988174427	0.0
71.0	26.046799938013326	20.275840694250736	23.505346350534634	30.172013017201298	0.0
