# Position (bp)	A	C	G	T	N
0.0	55.28592927012792	10.66591422121896	15.594431903686983	18.45372460496614	0.0
1.0	15.500376222723853	52.84048156508653	17.306245297215952	14.352896914973664	0.0
2.0	20.111940298507463	48.134328358208954	12.555970149253731	19.19776119402985	0.0
3.0	53.7274586354341	13.29243353783231	13.943112102621305	19.036995724112288	0.0
4.0	53.761842838565855	13.746981237228312	12.502322125208993	19.988853798996843	0.0
5.0	20.222634508348794	46.53061224489796	11.892393320964748	21.354359925788497	0.0
6.0	19.618023363619507	47.52456888559243	13.33209716298906	19.525310587798998	0.0
7.0	54.686921081882176	11.856243052982586	13.949610967024825	19.50722489811041	0.0
8.0	54.43272256153988	13.899685359985192	12.97427355173052	18.693318526744402	0.0
9.0	19.770667653042352	47.45700018494544	12.946180876641392	19.826151285370816	0.0
10.0	19.937176644493718	9.663710273466371	13.303769401330376	57.09534368070953	0.0
11.0	18.305960509319064	13.286584240634802	11.957925816571322	56.44952943347481	0.0
12.0	19.21518054532056	12.306558585114223	12.435519528371408	56.04274134119381	0.0
13.0	20.463320463320464	45.50468836183122	11.65655451369737	22.375436661150946	0.0
14.0	18.255131964809383	13.214809384164223	50.38489736070382	18.14516129032258	0.0
15.0	50.529390288426434	13.873676524278933	14.001460387002556	21.59547280029208	0.0
16.0	16.642362376959532	14.309150565074734	15.694495078381335	53.35399197958439	0.0
17.0	20.774968164453337	45.11551755503002	13.498271784609786	20.611242495906858	0.0
18.0	17.780602978568837	12.931347620777334	13.966581910642937	55.3214674900109	0.0
19.0	20.134106560347952	47.245378760420444	13.283798477709317	19.336716201522293	0.0
20.0	18.717253839205057	14.435411020776876	12.700993676603433	54.146341463414636	0.0
21.0	17.74048005775131	13.228659086807435	14.365637971485294	54.66522288395596	0.0
22.0	19.3868349864743	12.515779981965736	47.718665464382326	20.37871956717764	0.0
23.0	18.27356280410885	14.83150117138223	12.344566588574517	54.5503694359344	0.0
24.0	54.01512423478574	10.658984515664386	13.55779618293122	21.768095066618653	0.0
25.0	19.60079122459989	11.310915303003057	46.79014565725589	22.29814781514116	0.0
26.0	54.15318230852212	11.075152822725638	11.902193455591515	22.86947141316073	0.0
27.0	17.525588076854014	14.868019393068774	10.684144370623091	56.92224815945413	0.0
28.0	17.145421903052064	45.85278276481149	10.089766606822263	26.912028725314187	0.0
29.0	19.67713004484305	8.84304932735426	11.982062780269057	59.49775784753363	0.0
30.0	18.499190210545258	12.93863595465179	45.0782796472917	23.483894187511247	0.0
31.0	21.07728337236534	10.484597369843272	12.898576833003062	55.53954242478832	0.0
32.0	18.71619184998197	12.423368193292463	11.57591056617382	57.284529390551754	0.0
33.0	19.076923076923077	47.07692307692308	13.393665158371041	20.452488687782804	0.0
34.0	22.670299727520433	10.971843778383288	13.49682107175295	52.86103542234333	0.0
35.0	20.6563354603464	46.144029170464904	12.288058340929808	20.911577028258886	0.0
36.0	20.510948905109487	13.175182481751824	12.700729927007298	53.61313868613139	0.0
37.0	52.26563933223262	13.924050632911392	12.768299394606494	21.042010640249494	0.0
38.0	53.915607149437996	14.391007923346233	10.72415699281371	20.969227934402063	0.0
39.0	54.42828208433069	13.625483336402135	9.924507457190204	22.021727122076964	0.0
40.0	18.7292817679558	48.21362799263352	12.117863720073665	20.93922651933702	0.0
41.0	19.03435468895079	11.754874651810585	49.06220984215413	20.148560817084494	0.0
42.0	55.88399330730619	11.451942740286299	12.455846811675032	20.20821714073248	0.0
43.0	54.990654205607484	12.934579439252335	12.018691588785046	20.056074766355138	0.0
44.0	20.72411842353385	46.18140675089572	11.634923628135017	21.459551197435413	0.0
45.0	27.51540041067762	13.324207164042893	14.738763404061144	44.421629021218344	0.0
46.0	31.329639889196674	14.570637119113576	20.831024930747922	33.26869806094182	0.0
47.0	32.740005836008166	16.982783775897285	19.608987452582433	30.66822293551211	0.0
48.0	28.885630498533725	20.791788856304986	17.917888563049853	32.40469208211144	0.0
49.0	27.576025981694713	21.051077649837616	18.364334219072926	33.00856214939474	0.0
50.0	26.218787158145062	23.156956004756243	18.37098692033294	32.25326991676575	0.0
51.0	28.639760837070256	18.804185351270554	17.189835575485798	35.36621823617339	0.0
52.0	28.010784901138408	19.292989814260036	19.023367285799882	33.672857998801675	0.0
53.0	31.285757302017466	18.036735922914783	21.469436916591388	29.20806985847636	0.0
54.0	29.491833030852995	22.77676950998185	17.664851784634	30.066545674531152	0.0
55.0	32.53341433778858	16.585662211421628	20.71688942891859	30.164034021871206	0.0
56.0	28.08954308494327	19.012572830420115	22.140447715424717	30.7574363692119	0.0
57.0	32.85053929121726	18.89060092449923	19.352850539291218	28.906009244992298	0.0
58.0	30.89731729879741	19.33395004625347	18.37804502004317	31.39068763490595	0.0
59.0	26.60891089108911	21.56559405940594	20.451732673267326	31.373762376237625	0.0
60.0	28.09375	17.0625	20.8125	34.03125	0.0
61.0	27.966101694915253	18.110483364720654	22.09667294413057	31.826741996233523	0.0
62.0	31.139798488664987	20.465994962216623	20.749370277078086	27.6448362720403	0.0
63.0	33.301707779886144	17.267552182163186	19.70271979759646	29.72802024035421	0.0
64.0	28.14791201785145	18.903410902135796	21.581128466687918	31.367548613324832	0.0
65.0	29.178651326302337	18.40843720038351	21.444550974752318	30.968360498561843	0.0
66.0	28.00256904303147	17.63005780346821	23.121387283236995	31.245985870263326	0.0
67.0	29.165323880116016	17.466967450854014	17.53142120528521	35.83628746374477	0.0
68.0	24.96757457846952	19.844357976653697	20.752269779507134	34.43579766536965	0.0
69.0	27.326150832517136	19.164218086842965	22.298400261181847	31.211230819458045	0.0
70.0	30.055537406076443	22.803005553740608	17.216595883698137	29.924861156484813	0.0
71.0	27.68878718535469	21.641059169663286	18.796992481203006	31.873161163779013	0.0
72.0	28.19078947368421	18.25657894736842	19.80263157894737	33.75	0.0
73.0	27.27272727272727	16.98739216987392	22.06370272063703	33.67617783676178	0.0
74.0	30.45212765957447	15.857712765957446	24.23537234042553	29.454787234042552	0.0
75.0	29.973386560212905	21.057884231536928	19.760479041916167	29.208250166334	0.0
76.0	27.790736421192936	19.72675774741753	19.493502165944683	32.98900366544485	0.0
77.0	29.498327759197323	20.702341137123746	18.59531772575251	31.204013377926422	0.0
78.0	31.844138394356737	19.65065502183406	16.92979509573396	31.575411488075243	0.0
79.0	29.4811320754717	19.50808625336927	20.586253369272235	30.424528301886795	0.0
80.0	31.029810298102984	17.208672086720867	22.188346883468835	29.573170731707314	0.0
81.0	27.89115646258503	17.891156462585034	18.503401360544217	35.714285714285715	0.0
82.0	31.890971039182283	17.206132879045995	21.873935264054513	29.02896081771721	0.0
83.0	28.53725222146275	20.437457279562544	20.813397129186605	30.211893369788108	0.0
84.0	29.849211788896508	20.253598355037695	19.773817683344756	30.12337217272104	0.0
85.0	33.15049708604731	16.969489201234143	19.19780596503257	30.68220774768598	0.0
86.0	29.88308115543329	19.08528198074278	20.80467675378267	30.22696011004127	0.0
87.0	30.598823122187607	17.168570439598476	24.056767047421253	28.17583939079266	0.0
88.0	35.759052924791085	19.254874651810585	16.469359331476323	28.516713091922007	0.0
89.0	29.933636046105484	17.568983583653512	16.032134125043658	36.46524624519735	0.0
90.0	31.326566328316414	16.205810290514524	17.43087154357718	35.03675183759188	0.0
91.0	28.836720392431676	20.497547302032235	17.30903994393833	33.35669236159776	0.0
92.0	29.793200140203297	17.28005608131791	19.17280056081318	33.753943217665615	0.0
93.0	32.53773253773254	17.12881712881713	17.62021762021762	32.71323271323271	0.0
94.0	31.164263102356664	16.144917340837146	20.154766092156173	32.53605346465002	0.0
95.0	29.97881355932203	16.807909604519775	21.6454802259887	31.56779661016949	0.0
96.0	29.582448690728945	17.480537862703468	18.683651804670912	34.253361641896674	0.0
97.0	32.49468462083628	16.123316796598157	18.24946846208363	33.13253012048193	0.0
98.0	30.758276966892133	21.85831256674973	17.87112851548594	29.5122819508722	0.0
99.0	32.643596146985374	19.229397074562968	19.265073135925796	28.861933642525866	0.0
100.0	30.777499104263704	13.865997850232892	19.813686850591186	35.54281619491222	0.0
101.0	32.09520375045077	17.922827262892174	19.004688063469168	30.977280923187884	0.0
102.0	30.949801372336584	16.540267244492597	19.826652221018417	32.6832791621524	0.0
103.0	30.304127443881246	16.980448950036205	19.080376538740044	33.635047067342505	0.0
104.0	27.091633466135455	17.710974284679466	20.717131474103585	34.4802607750815	0.0
105.0	29.756275009094217	19.352491815205532	18.552200800291015	32.33903237540924	0.0
106.0	30.88450292397661	17.726608187134502	18.859649122807017	32.52923976608187	0.0
107.0	32.78388278388278	19.12087912087912	18.13186813186813	29.963369963369964	0.0
108.0	33.28429569694741	18.058109599117323	15.557190143435088	33.10040456050019	0.0
109.0	31.943932128365915	18.443378827001105	19.734415344891186	29.878273699741793	0.0
110.0	26.67654686921082	19.488699518340123	20.822526861800668	33.01222675064839	0.0
111.0	27.85095972901769	19.11930748964998	19.984945427173503	33.04478735415883	0.0
112.0	25.784499054820415	17.84499054820416	21.73913043478261	34.63137996219282	0.0
113.0	29.300567107750474	20.604914933837428	18.147448015122876	31.947069943289225	0.0
114.0	31.171786120591584	17.368221463784604	18.50587789154342	32.954114524080396	0.0
115.0	27.870722433460077	17.41444866920152	20.456273764258555	34.25855513307985	0.0
116.0	29.32216298552932	17.707539984767706	18.621477532368623	34.34881949733435	0.0
117.0	30.133843212237093	19.235181644359464	18.776290630975144	31.8546845124283	0.0
118.0	28.76292608196093	15.128303332056683	20.79662964381463	35.31214094216775	0.0
119.0	24.03993855606759	21.351766513056837	25.691244239631338	28.91705069124424	0.0
120.0	25.98001537279016	22.9054573405073	20.753266717909298	30.361260568793234	0.0
121.0	28.65947611710323	19.375963020030817	18.335901386748844	33.6286594761171	0.0
122.0	29.525279814743342	17.21343110768043	21.883442686221535	31.37784639135469	0.0
123.0	33.500578927055194	18.255499807024314	17.599382477807797	30.644538788112698	0.0
124.0	32.17458478176902	16.956353804557743	20.471224410969484	30.39783700270375	0.0
125.0	27.61425251742835	18.20294345468629	20.255615801704106	33.92718822618125	0.0
126.0	30.81102056655025	18.587504850601473	18.93674815677144	31.664726426076832	0.0
127.0	27.944034201321415	19.6268946754761	20.676253400699572	31.75281772250291	0.0
128.0	30.71818891491023	16.82279469164715	20.179547228727557	32.27946916471507	0.0
129.0	31.210937500000004	17.109375	18.28125	33.3984375	0.0
130.0	29.45098039215686	19.725490196078432	17.88235294117647	32.94117647058823	0.0
131.0	31.667977970102278	20.338316286388668	17.309205350118017	30.68450039339103	0.0
132.0	29.5069033530572	17.790927021696252	21.735700197238657	30.96646942800789	0.0
133.0	29.584158415841582	20.356435643564357	19.247524752475247	30.81188118811881	0.0
134.0	26.67725287812624	22.350138944025407	20.04763795156808	30.92497022628027	0.0
135.0	27.802153968887115	17.590745911447947	20.18348623853211	34.42361388113283	0.0
136.0	24.970035956851778	17.898521773871355	21.893727526967638	35.23771474230923	0.0
137.0	29.896083133493207	16.18705035971223	19.984012789768187	33.932853717026376	0.0
138.0	31.03448275862069	17.882919005613473	19.486768243785086	31.595829991980757	0.0
139.0	28.858520900321544	18.729903536977492	18.488745980707396	33.92282958199357	0.0
140.0	29.164985881403794	17.02299314239613	21.016538926986687	32.79548204921339	0.0
141.0	30.41717294451195	16.808424463345485	19.319562575941678	33.45484001620089	0.0
142.0	31.448331977217247	16.1106590724166	17.90073230268511	34.54027664768104	0.0
143.0	34.341782502044154	18.070318887980378	18.233851185609158	29.354047424366314	0.0
144.0	31.695331695331696	17.526617526617528	18.0999180999181	32.67813267813268	0.0
145.0	27.72764561115669	19.07301066447908	18.334700574241182	34.86464315012305	0.0
146.0	29.79423868312757	18.395061728395063	18.930041152263374	32.88065843621399	0.0
147.0	30.515463917525775	17.237113402061855	17.97938144329897	34.2680412371134	0.0
148.0	26.945364238410598	20.240066225165563	19.826158940397352	32.98841059602649	0.0
149.0	29.164935604486914	19.651017864561695	18.529289572081428	32.65475695886996	0.0
150.0	30.724396336386345	18.526228143213988	18.23480432972523	32.51457119067444	0.0
151.0	28.989139515455303	18.170426065162907	20.30075187969925	32.53968253968254	0.0
152.0	28.355704697986578	20.679530201342285	16.610738255033556	34.354026845637584	0.0
153.0	31.073684210526313	18.821052631578947	17.978947368421053	32.126315789473686	0.0
154.0	30.48060708263069	16.947723440134908	20.952782462057336	31.618887015177066	0.0
155.0	31.570038087177316	18.705035971223023	17.054591620820993	32.67033432077867	0.0
156.0	29.444444444444446	14.871794871794872	20.085470085470085	35.598290598290596	0.0
157.0	29.09325311559948	19.252256123764504	20.541469703480878	31.113021057155137	0.0
158.0	29.292493528904227	21.397756686798964	16.43658326143227	32.87316652286454	0.0
159.0	37.27272727272727	13.896103896103895	18.051948051948052	30.77922077922078	0.0
160.0	26.382237701349588	19.37309534175011	22.986504135829342	31.25816282107096	0.0
161.0	29.02662592754256	18.594500218245308	20.253164556962027	32.12570929725011	0.0
162.0	31.595092024539877	17.440841367221736	19.763365468886942	31.200701139351445	0.0
163.0	31.28565160157964	16.849495392716104	17.332163229486618	34.53268977621764	0.0
164.0	31.866197183098592	15.00880281690141	21.742957746478872	31.382042253521124	0.0
165.0	30.765825586542718	16.555998229305004	22.44355909694555	30.23461708720673	0.0
166.0	29.516200621393697	19.307589880159785	20.77230359520639	30.403905903240126	0.0
167.0	28.055307760927743	19.803746654772524	22.47992863514719	29.66101694915254	0.0
168.0	28.909740840035745	18.766756032171582	19.571045576407506	32.75245755138517	0.0
169.0	27.370786516853933	17.48314606741573	20.44943820224719	34.69662921348314	0.0
170.0	29.751693002257333	16.794582392776526	19.142212189616252	34.31151241534989	0.0
171.0	31.416930737890446	17.926663648709823	16.43277501131734	34.22363060208239	0.0
172.0	29.16287534121929	18.880800727934485	17.015468607825294	34.940855323020934	0.0
173.0	28.303612254229538	18.289894833104707	19.524462734339277	33.882030178326474	0.0
174.0	29.10927456382002	19.834710743801654	18.59504132231405	32.46097337006428	0.0
175.0	28.47926267281106	19.078341013824883	20.829493087557605	31.61290322580645	0.0
176.0	28.921795465062473	19.43544655252198	19.20407218880148	32.43868579361407	0.0
177.0	27.065923862581243	22.051996285979573	18.198700092850512	32.68337975858867	0.0
178.0	27.33644859813084	20.233644859813086	20.747663551401867	31.68224299065421	0.0
179.0	25.11737089201878	18.967136150234744	23.849765258215964	32.06572769953052	0.0
180.0	29.467232437529468	15.605846298915607	21.263554926921262	33.663366336633665	0.0
181.0	27.806726669824727	18.379914732354337	20.937944102321175	32.87541449549976	0.0
182.0	31.59392789373814	17.314990512333967	19.59203036053131	31.499051233396585	0.0
183.0	28.523809523809522	22.19047619047619	21.047619047619047	28.23809523809524	0.0
184.0	28.790052606408416	21.52080344332855	19.607843137254903	30.081300813008134	0.0
185.0	27.473583093179638	21.613832853025936	22.478386167146976	28.434197886647457	0.0
186.0	29.3719806763285	17.92270531400966	21.35265700483092	31.35265700483092	0.0
187.0	30.310378273520854	21.48399612027158	17.846750727449077	30.358874878758485	0.0
188.0	29.07766990291262	19.12621359223301	21.067961165048544	30.728155339805824	0.0
189.0	29.44038929440389	18.97810218978102	19.610705596107056	31.97080291970803	0.0
190.0	32.06256109481916	17.155425219941346	19.59921798631476	31.182795698924732	0.0
191.0	29.103380695737386	19.206271435570798	21.06810387065164	30.622243998040176	0.0
192.0	31.2807881773399	18.12807881773399	20.541871921182267	30.049261083743843	0.0
193.0	31.066997518610425	17.022332506203476	21.98511166253102	29.925558312655088	0.0
194.0	29.53187250996016	19.671314741035857	24.10358565737052	26.693227091633464	0.0
195.0	29.914957478739368	18.10905452726363	18.70935467733867	33.26663331665833	0.0
196.0	28.377016129032256	18.598790322580644	22.47983870967742	30.544354838709676	0.0
197.0	28.330781010719758	18.529862174578867	22.919857069933638	30.219499744767734	0.0
198.0	27.13462545835516	21.267679413305395	21.634363541121004	29.963331587218438	0.0
199.0	28.042035398230087	22.511061946902654	18.196902654867255	31.25	0.0
200.0	29.491307147456535	14.681262073406309	20.28332260141661	35.54410817772054	0.0
201.0	32.76327632763276	16.38163816381638	17.28172817281728	33.573357335733576	0.0
202.0	35.1985559566787	16.24548736462094	17.870036101083034	30.685920577617328	0.0
203.0	34.629294755877034	17.359855334538878	20.34358047016275	27.66726943942134	0.0
204.0	35.902085222121485	16.13780598368087	23.11876699909338	24.84134179510426	0.0
205.0	37.0	14.909090909090908	22.636363636363637	25.454545454545453	0.0
206.0	31.324200913242013	19.908675799086758	18.904109589041095	29.863013698630137	0.0
207.0	27.513711151736747	23.03473491773309	16.453382084095065	32.9981718464351	0.0
208.0	30.29465930018416	16.298342541436465	20.626151012891345	32.78084714548803	0.0
209.0	25.809435707678073	18.131359851988897	19.611470860314522	36.4477335800185	0.0
210.0	28.014842300556587	16.512059369202227	19.109461966604822	36.36363636363637	0.0
211.0	28.08988764044944	19.9438202247191	21.161048689138575	30.80524344569288	0.0
212.0	26.879699248120303	15.695488721804512	24.154135338345863	33.27067669172932	0.0
213.0	27.90917691579943	20.43519394512772	17.407757805108798	34.24787133396405	0.0
214.0	29.703915950334288	24.737344794651385	18.72015281757402	26.838586437440306	0.0
215.0	31.822565091610418	22.082931533269047	17.93635486981678	28.15814850530376	0.0
216.0	30.970873786407765	18.058252427184467	17.864077669902912	33.10679611650485	0.0
217.0	25.320197044334975	16.25615763546798	24.82758620689655	33.59605911330049	0.0
218.0	24.57200402819738	18.731117824773413	18.932527693856997	37.764350453172206	0.0
219.0	18.948521358159912	19.934282584884993	25.629791894852133	35.48740416210296	0.0
220.0	0.0	31.150159744408946	24.76038338658147	44.08945686900959	0.0
