# Position (bp)	A	C	G	T	N
0.0	51.17520154422618	11.422731917792666	16.11218349040536	21.289883047575792	0.0
1.0	15.974114441416894	48.76248864668483	19.20980926430518	16.053587647593098	0.0
2.0	21.052037476013094	44.01173947398126	13.421379388192797	21.514843661812847	0.0
3.0	50.264074615125296	14.361164175750085	15.4848859422407	19.88987526688392	0.0
4.0	50.05612932195779	13.482263134261338	14.234396048495734	22.227211495285136	0.0
5.0	21.970631095168702	42.51765497141576	13.070283600493218	22.44143033292232	0.0
6.0	20.004477779021606	45.04645695734916	13.410948169707826	21.538117093921414	0.0
7.0	51.895337135189536	13.11640389131164	14.05568601140557	20.932572962093257	0.0
8.0	51.592000893754886	14.277734331359623	13.774997207015977	20.35526756786951	0.0
9.0	20.861222668451585	44.13208389112003	12.003569834895137	23.003123605533244	0.0
10.0	19.03912607290157	11.615204547987961	15.338312339761453	54.00735703934901	0.0
11.0	19.089492430988425	15.026714158504006	12.700356188780054	53.183437221727516	0.0
12.0	20.293072824156305	12.00044404973357	13.576820603907638	54.12966252220248	0.0
13.0	19.840831214767327	41.24019011827125	13.838841604951918	25.080137062009506	0.0
14.0	18.577249201629776	14.469772051536175	46.96619315053408	19.986785596299967	0.0
15.0	48.00569800569801	13.642340565417488	16.272189349112427	22.07977207977208	0.0
16.0	18.142028668344455	13.601050443155707	16.664842980632454	51.592077907867385	0.0
17.0	21.15761935905821	42.20623501199041	14.028776978417264	22.607368650534116	0.0
18.0	19.020204214642625	14.218987616771669	15.685422550510536	51.07538561807517	0.0
19.0	20.574525745257453	44.96476964769648	14.124661246612465	20.336043360433603	0.0
20.0	19.198357821953326	15.816767502160761	13.872082973206567	51.11279170267934	0.0
21.0	19.67919044030574	14.716331144364304	14.867047044891807	50.73743137043816	0.0
22.0	21.40019327821325	12.477182433157951	44.432513690540105	21.690110598088694	0.0
23.0	19.676000429138504	16.72567321102886	14.107928333869758	49.490398025962875	0.0
24.0	50.551923695209524	11.75651055621048	13.66413031829386	24.027435430286143	0.0
25.0	22.253159134718356	12.433069179695867	41.700578282287424	23.613193403298354	0.0
26.0	50.6626763574177	11.714407866609662	14.09790508764429	23.525010688328347	0.0
27.0	17.81480294777315	15.603973085549502	12.026060023496743	54.55516394318061	0.0
28.0	20.179180887372013	41.61689419795222	10.94283276450512	27.261092150170647	0.0
29.0	22.178449744463375	10.945485519591141	12.148637137989779	54.7274275979557	0.0
30.0	20.61281337047354	13.649025069637883	42.56481679880009	23.173344761088494	0.0
31.0	21.947549441100602	11.468185726569217	14.273430782459156	52.310834049871026	0.0
32.0	20.198532585239533	12.354337505394907	13.034095813552007	54.41303409581355	0.0
33.0	20.02823938307809	42.836971869229934	13.989355924839797	23.14543282285218	0.0
34.0	22.624237140366173	12.434612031386225	13.568003487358327	51.37314734088928	0.0
35.0	20.75368651010377	12.583287820862916	12.703440742763517	53.9595849262698	0.0
36.0	22.166301969365428	12.724288840262583	12.975929978118161	52.13347921225383	0.0
37.0	49.70888718005053	14.445787103152806	14.456772492584863	21.388553224211797	0.0
38.0	49.22279792746114	15.114099878734427	12.457281446367546	23.205820747436885	0.0
39.0	50.841638981173865	14.296788482834993	11.949058693244739	22.912513842746403	0.0
40.0	20.98600932711526	42.42727070841661	14.779036198090163	21.80768376637797	0.0
41.0	20.360420864114616	11.864786209984329	46.00402955003358	21.77076337586747	0.0
42.0	52.666442124171994	12.776467946558887	13.719546424160772	20.837543505108343	0.0
43.0	52.06453068592057	14.068140794223826	12.161552346570396	21.705776173285198	0.0
44.0	22.876261767040944	43.13258477940343	11.579902461154589	22.411250992401044	0.0
45.0	28.42721287490856	15.961960497439648	17.307973664959768	38.30285296269202	0.0
46.0	28.50671665104655	16.05748203686348	20.49359575132771	34.94220556076226	0.0
47.0	32.016393442622956	18.606557377049178	19.80327868852459	29.57377049180328	0.0
48.0	27.5136657280106	20.026503230081165	18.25409971840318	34.20573132350505	0.0
49.0	27.420965058236273	18.419301164725457	20.58236272878536	33.577371048252914	0.0
50.0	27.453603076408626	22.55475672964387	19.17739508443404	30.81424510951346	0.0
51.0	28.422644045019318	19.50277171174198	16.714261716781458	35.36032252645725	0.0
52.0	27.84062130677022	17.474252912375484	21.50937025156171	33.17575552929259	0.0
53.0	29.09029192124915	19.925322471147318	22.165648336727767	28.818737270875765	0.0
54.0	29.82755676967731	21.13710090490012	18.354106197712138	30.68123612771043	0.0
55.0	28.997429305912597	18.49185946872322	18.868894601542415	33.64181662382176	0.0
56.0	26.217099604335107	19.009117495269223	21.211078616893168	33.56270428350249	0.0
57.0	31.723779854620975	17.964693665628246	18.674281758393906	31.637244721356872	0.0
58.0	29.400521285838398	19.113814074717634	18.627280625543005	32.85838401390095	0.0
59.0	26.58161481999301	21.006641034603284	19.64348130024467	32.768262845159036	0.0
60.0	26.912280701754387	18.859649122807017	19.087719298245613	35.140350877192986	0.0
61.0	28.57142857142857	17.4134598488842	23.036373220875067	30.97873835881216	0.0
62.0	29.669552924544973	20.233256759144723	20.074218059727865	30.022972256582435	0.0
63.0	34.64203233256351	17.232190442352106	18.795523183513946	29.330254041570434	0.0
64.0	28.63790943261142	18.149275102917485	22.749239305530697	30.4635761589404	0.0
65.0	31.057467123040894	17.528373266078184	21.131327688704737	30.282831922176186	0.0
66.0	27.892263195950832	17.660882140274765	20.57122198120029	33.875632682574114	0.0
67.0	28.15622161671208	17.51135331516803	20.381471389645778	33.950953678474114	0.0
68.0	25.744020449150995	19.244111740003653	19.62753332116122	35.384334489684136	0.0
69.0	26.470049459607985	20.424986261220006	21.688954020882946	31.416010258289063	0.0
70.0	29.606472968002944	20.33835969106289	19.271791099669	30.78337624126517	0.0
71.0	28.563525723769136	20.099575880508944	20.78185506177393	30.555043333948	0.0
72.0	29.54461310625694	18.030359126249536	18.807848944835246	33.617178822658275	0.0
73.0	28.92777364110201	17.591213700670142	20.979151154132538	32.50186150409531	0.0
74.0	30.72751075369366	16.887974565176734	21.787918458948944	30.59659622218066	0.0
75.0	30.073074761101743	20.086190743863593	20.236087689713322	29.604646805321345	0.0
76.0	29.941696445363924	19.898438969343616	18.09290953545232	32.06695504984013	0.0
77.0	30.03400075557235	20.287117491499814	18.228182848507746	31.4506989044201	0.0
78.0	31.515957446808514	18.38905775075988	18.351063829787233	31.74392097264438	0.0
79.0	30.05537521481764	20.011456940996755	18.35020049646744	31.58296734771816	0.0
80.0	29.22811721892358	19.057651790844666	22.12219881248803	29.592032177743725	0.0
81.0	27.556927827093787	18.120416827479737	17.580084909301426	36.74257043612505	0.0
82.0	30.062063615205588	18.017843289371605	21.198603568657877	30.721489526764934	0.0
83.0	28.751944012441676	19.031881804043547	21.131415241057542	31.08475894245723	0.0
84.0	27.49609984399376	19.52028081123245	20.495319812792513	32.488299531981276	0.0
85.0	32.119788608338226	16.793893129770993	20.35623409669211	30.73008416519867	0.0
86.0	30.974842767295595	18.31761006289308	21.91430817610063	28.79323899371069	0.0
87.0	31.652550718928502	18.120937561552097	21.587551703762063	28.638960015757338	0.0
88.0	34.22924901185771	18.458498023715414	17.371541501976285	29.940711462450594	0.0
89.0	29.964328180737215	17.34046769718589	17.974633372968686	34.720570749108205	0.0
90.0	29.82525814138205	16.938046068308182	18.80460683081811	34.43208895949166	0.0
91.0	28.19593787335723	20.19115890083632	17.7021107128634	33.91079251294305	0.0
92.0	29.580000000000002	17.46	18.02	34.94	0.0
93.0	33.11897106109325	17.483922829581992	17.986334405144692	31.410771704180064	0.0
94.0	29.660331581075617	16.599272139102304	21.128184391427414	32.61221188839466	0.0
95.0	30.002027163997568	18.082302858301237	20.53517129535779	31.3804986823434	0.0
96.0	29.48223350253807	16.304568527918782	20.04060913705584	34.172588832487314	0.0
97.0	31.251271617497455	16.31739572736521	19.7558494404883	32.675483214649034	0.0
98.0	31.336876533115287	18.84709730171709	18.622240392477515	31.19378577269011	0.0
99.0	29.15129151291513	19.24969249692497	19.311193111931118	32.28782287822878	0.0
100.0	31.47270854788877	13.92378990731205	19.567456230690013	35.03604531410917	0.0
101.0	33.2641196013289	17.732558139534884	19.102990033222593	29.900332225913623	0.0
102.0	31.41602175277139	16.23091403472077	19.49382974273165	32.8592344697762	0.0
103.0	31.72065628944047	17.96381994110223	19.835927639882204	30.479596129575093	0.0
104.0	26.869455006337134	19.581749049429657	20.384452893958596	33.16434305027461	0.0
105.0	29.91925201869953	18.125796855078626	19.42201444963876	32.532936676583084	0.0
106.0	32.02907846910413	17.981612144537095	19.30724823604875	30.68206115031003	0.0
107.0	30.961083637927327	19.07116749086218	19.04966673833584	30.918082132874652	0.0
108.0	33.708351363046305	19.061012548680225	16.55127650367806	30.67935958459541	0.0
109.0	31.1614730878187	17.847025495750707	21.39899760296361	29.592503813466987	0.0
110.0	26.741130091984232	19.776609724047304	19.601401664476565	33.880858519491895	0.0
111.0	29.31072451001982	19.048667694340455	18.828451882845187	32.81215591279454	0.0
112.0	26.958831341301458	19.12350597609562	21.13767153607791	32.77999114652501	0.0
113.0	28.714412811387902	19.81761565836299	18.63879003558719	32.829181494661924	0.0
114.0	30.353151542244078	16.785873938310235	20.049172999552972	32.81180151989271	0.0
115.0	28.089128966914245	18.478505514292145	19.28876884987621	34.1435966689174	0.0
116.0	29.268292682926827	18.92502258355917	17.682926829268293	34.12375790424571	0.0
117.0	29.922867513611617	19.57803992740472	18.19419237749546	32.30490018148821	0.0
118.0	28.385772913816687	16.2562699498404	22.503419972640216	32.85453716370269	0.0
119.0	24.398625429553263	20.458190148911797	24.742268041237114	30.400916380297822	0.0
120.0	25.702441271303545	21.579917088899126	21.16536158452326	31.552280055274068	0.0
121.0	30.530460968265	18.485059068797778	18.7167014130183	32.26777854991892	0.0
122.0	28.893537889353787	18.224081822408184	21.548117154811717	31.334263133426315	0.0
123.0	32.46146660439047	18.052312003736574	18.729565623540402	30.756655768332553	0.0
124.0	31.02558084956583	18.047406712039425	20.58202299929594	30.344989439098804	0.0
125.0	28.638829912715263	17.8343949044586	20.05189903279075	33.474876150035385	0.0
126.0	29.09651410955656	19.255394830448186	18.923405264405975	32.72468579558928	0.0
127.0	28.843861740166865	18.593563766388556	22.09773539928486	30.464839094159714	0.0
128.0	31.17661155044333	17.517373592139947	19.626168224299064	31.67984663311766	0.0
129.0	29.734939759036145	18.57831325301205	17.97590361445783	33.71084337349398	0.0
130.0	28.980582524271846	19.320388349514563	18.325242718446603	33.37378640776699	0.0
131.0	30.397657965357403	19.44376677238351	18.10197609172969	32.056599170529395	0.0
132.0	29.265897372943776	17.210901055732876	23.496194451264422	30.027007120058926	0.0
133.0	28.670120898100173	19.541080680977053	20.478657784357264	31.31014063656551	0.0
134.0	26.841974696105186	21.285040932771025	19.02753659141652	32.84544777970727	0.0
135.0	27.245508982035926	16.991017964071855	20.508982035928145	35.25449101796407	0.0
136.0	25.6977621322605	17.701785265275333	21.57405079205431	35.02640181040986	0.0
137.0	28.4667845415509	17.07501894417782	20.71230108613286	33.74589542813842	0.0
138.0	29.76614133197763	18.886629384850025	18.505338078291814	32.84189120488053	0.0
139.0	27.66120777891505	18.29580348004094	19.319344933469807	34.723643807574206	0.0
140.0	29.015677203803648	16.0627088152146	21.356977640709328	33.56463634027242	0.0
141.0	28.112033195020746	18.283195020746888	19.813278008298756	33.79149377593361	0.0
142.0	29.769994772608467	16.38787245164663	19.73340303188709	34.108729743857815	0.0
143.0	33.11415044713309	20.015781167806416	17.59600210415571	29.274066280904787	0.0
144.0	29.923138086403394	18.60588391200636	17.25417439703154	34.216803604558706	0.0
145.0	28.29281325140262	18.30082821266364	18.487843975420788	34.91851456051296	0.0
146.0	30.193756727664155	18.083961248654468	18.595263724434876	33.1270182992465	0.0
147.0	30.056864337936638	18.277822908204712	17.979962090441376	33.685350663417275	0.0
148.0	25.974379940038155	20.46879258653584	20.63232488416462	32.92450258926138	0.0
149.0	30.86622807017544	19.544956140350877	16.748903508771928	32.83991228070175	0.0
150.0	28.34298318169286	18.74827681279294	19.216983733112766	33.691756272401435	0.0
151.0	28.432462479155085	18.315730961645357	21.98443579766537	31.267370761534185	0.0
152.0	27.636363636363637	19.104895104895107	17.874125874125873	35.38461538461539	0.0
153.0	31.455927907631654	18.051253168121654	18.670796958603212	31.822021965643483	0.0
154.0	31.3246162592382	15.491756679931779	21.517907902217168	31.66571915861285	0.0
155.0	30.703012912482063	18.938307030129124	16.49928263988522	33.85939741750359	0.0
156.0	31.39635732870772	17.750795027464587	18.73373807458803	32.11910956923966	0.0
157.0	31.229915278995037	17.820625182588373	20.3330411919369	30.616418346479694	0.0
158.0	27.48159057437408	22.503681885125186	17.260677466863033	32.7540500736377	0.0
159.0	35.629099582587955	13.62552176505665	19.79725700655933	30.94812164579606	0.0
160.0	25.570913461538463	19.921875	23.707932692307693	30.799278846153843	0.0
161.0	30.417675544794186	18.916464891041162	21.337772397094433	29.328087167070215	0.0
162.0	30.309531106343858	18.5105730922464	20.10419859025437	31.07569721115538	0.0
163.0	28.778979907264297	17.928902627511594	18.639876352395675	34.65224111282844	0.0
164.0	32.23294923699782	15.758330738087823	19.4331983805668	32.57552164434755	0.0
165.0	29.3157564344005	17.38857501569366	21.59447583176397	31.70119271814187	0.0
166.0	28.440366972477065	20.151850680164504	21.22745966466308	30.180322682695348	0.0
167.0	27.998727330575885	19.24912503977092	21.221762647152403	31.5303849825008	0.0
168.0	28.260173021467477	19.19256648510093	18.776033322652996	33.771227170778594	0.0
169.0	26.599870717517778	18.228829993535875	20.168067226890756	35.00323206205559	0.0
170.0	29.791395045632335	17.209908735332462	18.35071707953064	34.647979139504564	0.0
171.0	29.132299571098645	18.475750577367204	16.925107225338174	35.46684262619598	0.0
172.0	29.910269192422735	20.771020272515788	17.24825523429711	32.07045530076437	0.0
173.0	29.20858484238766	18.98054996646546	18.947015425888665	32.863849765258216	0.0
174.0	28.861101723555254	19.9391686380534	19.22946941534302	31.970260223048324	0.0
175.0	27.155025553662693	18.19420783645656	21.873935264054513	32.77683134582624	0.0
176.0	29.385513216615173	19.258496395468587	17.404737384140063	33.95125300377618	0.0
177.0	28.125	23.055555555555557	19.479166666666668	29.34027777777778	0.0
178.0	28.761837951595933	19.677306208347947	20.589266923886356	30.971588916169768	0.0
179.0	26.36974195828915	17.815482502651115	24.99116295510781	30.823612583951927	0.0
180.0	29.711435696473103	15.675097969362309	20.733879586747417	33.87958674741717	0.0
181.0	27.939590075512406	17.583603020496223	21.215390147428984	33.26141675656239	0.0
182.0	30.663283798477707	17.651322943095323	20.15222906850308	31.533164189923884	0.0
183.0	26.07900512070227	23.628383321141186	22.019019751280176	28.273591806876368	0.0
184.0	30.76638282117734	20.73306182895224	18.28952239911144	30.211032950758977	0.0
185.0	27.096533730898248	20.238538948937755	23.14573238911666	29.519194931047338	0.0
186.0	28.909774436090224	17.293233082706767	22.330827067669173	31.466165413533837	0.0
187.0	29.908675799086758	21.461187214611872	18.75951293759513	29.87062404870624	0.0
188.0	30.37779491133385	18.774094063222822	18.812644564379337	32.035466461064	0.0
189.0	29.195940671350506	18.227946916471506	20.29664324746292	32.27946916471507	0.0
190.0	29.69553183076315	17.200474495848162	21.194147884539344	31.90984578884935	0.0
191.0	26.863292148266243	18.73256277401355	20.486249501793544	33.917895575926664	0.0
192.0	30.394524959742352	18.88083735909823	20.49114331723027	30.233494363929147	0.0
193.0	30.43655650754794	17.788657690738475	21.583027335781313	30.191758465932274	0.0
194.0	28.0608052588332	20.58340180772391	22.432210353327857	28.92358258011504	0.0
195.0	27.18204488778055	18.86949293433084	19.492934330839567	34.45552784704905	0.0
196.0	27.961082910321487	19.331641285956007	21.31979695431472	31.387478849407785	0.0
197.0	27.632144391920928	19.38117748173614	23.291792006875806	29.694886119467125	0.0
198.0	27.669902912621357	23.25684024713151	19.41747572815534	29.655781112091788	0.0
199.0	27.2007452258966	23.148579413134605	18.816953889147648	30.833721471821146	0.0
200.0	27.715355805243448	15.409309791332262	21.615837346174423	35.25949705724987	0.0
201.0	32.371134020618555	17.388316151202748	17.80068728522337	32.439862542955325	0.0
202.0	35.91352859135286	18.479776847977686	17.08507670850767	28.521617852161786	0.0
203.0	34.97536945812808	16.959887403237158	19.28219563687544	28.782547501759325	0.0
204.0	33.617626154939586	16.631130063965884	22.885572139303484	26.865671641791046	0.0
205.0	36.292054402290624	15.390121689334288	23.192555476020043	25.125268432355046	0.0
206.0	29.862617498192336	21.619667389732466	19.739696312364423	28.778018799710775	0.0
207.0	27.066569129480616	24.21360643745428	16.020482809070955	32.69934162399415	0.0
208.0	30.237741456166418	16.2704309063893	21.322436849925705	32.16939078751857	0.0
209.0	26.33559066967645	20.39127163280662	19.41309255079007	33.86004514672686	0.0
210.0	27.279635258358663	19.376899696048632	17.17325227963526	36.17021276595745	0.0
211.0	29.10906298003072	18.817204301075268	20.89093701996928	31.182795698924732	0.0
212.0	27.51937984496124	14.34108527131783	25.1937984496124	32.945736434108525	0.0
213.0	28.29153605015674	19.435736677115987	18.573667711598745	33.69905956112852	0.0
214.0	28.537549407114625	26.56126482213439	18.26086956521739	26.640316205533598	0.0
215.0	32.15717722534082	21.4915797914996	16.840417000801924	29.51082598235766	0.0
216.0	32.00325732899022	17.91530944625407	15.065146579804562	35.01628664495114	0.0
217.0	24.958263772954925	18.948247078464107	26.04340567612688	30.05008347245409	0.0
218.0	25.909878682842287	18.370883882149048	17.85095320623917	37.8682842287695	0.0
219.0	19.420289855072465	21.06280193236715	25.120772946859905	34.39613526570049	0.0
220.0	0.0	30.51094890510949	25.985401459854014	43.503649635036496	0.0
