# Position (bp)	A	C	G	T	N
0.0	25.915209031310955	24.21621993303887	24.559550849480573	25.3090201861696	0.0
1.0	27.052592270009097	21.264854240191326	15.618663695585697	36.063889794213885	0.0
2.0	28.99859091084395	20.562501013079768	17.283112896491474	33.15579517958481	0.0
3.0	23.54248681224079	22.3261589427104	15.249293984414708	38.882060260634105	0.0
4.0	33.759630518848134	13.816124347884875	15.244226437949818	37.18001869531717	0.0
5.0	34.90206736585362	15.01423298975465	23.84005532863528	26.243644315756455	0.0
6.0	31.4632956195623	17.565044314402524	21.349707405676703	29.621952660358474	0.0
7.0	35.29870988122774	17.66123970836372	20.450040262967594	26.590010147440946	0.0
8.0	22.866013837724182	26.96987581465125	22.753813809401844	27.410296538222727	0.0
9.0	27.200839726574927	18.984652589105732	15.647504771364162	38.167002912955176	0.0
10.0	26.50942834965406	17.03647241099901	24.66554364223581	31.788555597111124	0.0
11.0	27.88691622537542	19.105678907930898	19.251703739414385	33.755701127279295	0.0
12.0	25.72634644921964	20.69832158030821	20.35364934991298	33.221682620559164	0.0
13.0	26.63065018757264	21.682397108775373	19.133694000887658	32.55325870276433	0.0
14.0	30.452182593605464	18.89222792051758	19.750780191010982	30.904809294865977	0.0
15.0	29.511791616867487	18.64665593918574	20.63435890546177	31.207193538485	0.0
16.0	28.843032523483934	18.537807666750552	18.85801207916959	33.76114773059592	0.0
17.0	29.814930005561123	18.072332567922636	19.94632721572711	32.16641021078914	0.0
18.0	32.09775507770068	17.79402510409297	19.45864673414682	30.649573084059522	0.0
19.0	30.518603222769148	18.893149653386544	20.1990496096182	30.389197514226108	0.0
20.0	29.82247145630721	17.664926639839585	20.21966290832417	32.292938995529035	0.0
21.0	29.443778903657407	18.82871214645609	20.01688167715161	31.710627272734893	0.0
22.0	30.05687091801521	18.971245565557133	22.961901987395724	28.00998152903193	0.0
23.0	29.552180275307645	20.300160912213883	21.516261741968982	28.63139707050949	0.0
24.0	33.1980248102557	19.694386898209686	17.624733500492848	29.482854791041763	0.0
25.0	29.051707258758068	21.25038370622083	20.020456883431237	29.67745215158986	0.0
26.0	31.190742003338904	17.028428196869854	22.80665982722257	28.97416997256867	0.0
27.0	26.106016597336527	20.846050221034336	24.94764976273758	28.100283418891557	0.0
28.0	27.268210019906636	20.071319779018733	19.22952628796108	33.430943913113545	0.0
29.0	27.98216195516859	20.840994655904552	17.137471988398456	34.03937140052841	0.0
30.0	26.848366648230954	19.334041652765244	16.188812284901154	37.628779414102645	0.0
31.0	34.30085635805462	15.222772520671318	18.691732175599064	31.784638945675002	0.0
32.0	34.01989536736875	15.613765914482858	23.05019287538258	27.316145842765817	0.0
33.0	31.196799401508507	17.864443283005812	21.059046532828393	29.879710782657288	0.0
34.0	32.9204069474726	17.293545264894462	21.800151133640703	27.98589665399223	0.0
35.0	26.87007319205153	21.16087087346961	25.230734786588684	26.738321147890183	0.0
