# Position (bp)	A	C	G	T	N
0.0	26.043057398453474	24.360877133987756	24.26954242857984	25.326523038978934	0.0
1.0	26.909837250514336	20.97206417803558	15.870466299958508	36.24763227149158	0.0
2.0	29.030286548717722	20.326112434334682	17.410861359384622	33.23273965756297	0.0
3.0	23.19586832656785	22.68567571705295	15.8786952474376	38.2397607089416	0.0
4.0	33.657835882277105	13.764130194991827	15.264818457215485	37.31321546551559	0.0
5.0	34.51857075675086	15.326997073196665	23.836989524569393	26.31744264548308	0.0
6.0	31.348390643131985	17.883911317412814	21.51124900751237	29.256449031942832	0.0
7.0	35.45449703780614	17.770417150186283	20.341948329566968	26.433137482440607	0.0
8.0	23.41291638673426	26.811409027056737	22.760994319916936	27.014680266292068	0.0
9.0	27.498510963171075	18.973275514566666	15.875345996457582	37.65286752580468	0.0
10.0	26.595453490502656	17.02770170402492	24.86389055151774	31.512954253954682	0.0
11.0	28.28243571733952	19.150484333964453	19.30602821718683	33.2610517315092	0.0
12.0	25.787967996091126	20.89669577963721	20.483527759115617	32.83180846515605	0.0
13.0	27.263743968729003	21.39234104928846	19.009471691198925	32.33444329078361	0.0
14.0	30.662715446161364	18.87209430159409	19.822195077261345	30.642995174983206	0.0
15.0	29.525662981738225	18.662754534905027	20.388766872289747	31.422815611067	0.0
16.0	29.348542112013682	18.24908813290173	18.835859036218164	33.566510718866425	0.0
17.0	30.28218652659867	18.209843034263727	19.756682342881575	31.75128809625603	0.0
18.0	32.17958346057534	17.667193550357297	19.208423624259453	30.944799364807917	0.0
19.0	30.62957796372076	18.59592255542662	20.403395834605753	30.371103646246873	0.0
20.0	30.106375129786844	17.681490258352163	20.42247114151347	31.789663470347524	0.0
21.0	29.26291821901912	18.924658889635378	20.131934282049716	31.680488609295793	0.0
22.0	30.04591461552556	18.787349905331947	22.74659011787699	28.420145361265497	0.0
23.0	29.612254321138458	20.504684541623405	21.720354241739447	28.162706895498683	0.0
24.0	32.70333353692054	19.66176510108105	18.03687534355341	29.598026018445	0.0
25.0	29.003310327978987	21.242308678922615	20.13170952177365	29.62267147132474	0.0
26.0	31.00514261283821	16.9366151591034	22.76896842362426	29.289273804434128	0.0
27.0	26.131997801258166	20.743067244854334	24.904748060831857	28.220186893055637	0.0
28.0	26.95763024491541	19.99528003420265	19.46889146766017	33.57819825322177	0.0
29.0	27.70284737067123	21.017392047883714	17.617687656507666	33.6620729249374	0.0
30.0	26.97867474743834	19.33751280414309	16.28000391005081	37.40380853836777	0.0
31.0	34.248186342826145	15.174409251057828	18.78316712158062	31.794237284535402	0.0
32.0	33.90279123108957	15.749403808182658	23.33177173714178	27.01603322358599	0.0
33.0	31.65507505576432	18.194110081787674	20.840564274661897	29.310250587786108	0.0
34.0	33.35921852383475	17.27438107873432	21.64571162927491	27.72068876815602	0.0
35.0	26.901661955145162	20.659514587703452	25.318147828171274	27.120675628980113	0.0
