# Position (bp)	A	C	G	T	N
0.0	28.386242324517397	24.039812176425734	19.052855480194246	28.521090018862623	0.0
1.0	26.99121081992214	21.13175743468315	14.31231689208171	37.564714853313	0.0
2.0	28.170155408820673	19.876603631287157	18.478967257439486	33.474273702452685	0.0
3.0	23.805208241436556	23.07538075340653	15.60708012864212	37.512330876514795	0.0
4.0	33.18743336299432	13.90298453620644	15.449363892162285	37.46021820863696	0.0
5.0	35.23485898843537	16.10553226956891	22.575474646769838	26.08413409522588	0.0
6.0	32.23288834756967	17.755092229042134	20.742319588454944	29.269699834933256	0.0
7.0	34.06031664636882	17.65111210819819	20.262322928017433	28.026248317415554	0.0
8.0	24.760851800221122	25.243154032270986	21.130766395872392	28.8652277716355	0.0
9.0	29.45516594967435	18.242848101772854	15.955682664808094	36.3463032837447	0.0
10.0	27.780537041784157	17.435433222250705	23.962605742117407	30.82142399384773	0.0
11.0	28.646721935199647	19.117305458768875	18.643918458889022	33.592054147142456	0.0
12.0	27.194310290972872	19.6961323754375	20.902312245208517	32.20724508838111	0.0
13.0	26.713436804254158	21.455800618262778	18.239552800602247	33.59120977688082	0.0
14.0	31.522304877365215	18.071314750606568	19.488641368320746	30.917739003707474	0.0
15.0	30.76898447943265	18.111597601876237	19.65324859322346	31.466169325467657	0.0
16.0	30.820629776337377	16.950346096907136	18.818069059336615	33.41095506741888	0.0
17.0	29.961677853959824	18.146616210507787	19.32108198059091	32.570623954941475	0.0
18.0	31.453483721302295	17.822574194064476	19.212063034957204	31.51187904967603	0.0
19.0	29.7093451066961	19.059730620341046	19.02613814505551	32.20478612790735	0.0
20.0	30.764863460077567	17.822558074447244	19.22194234536804	32.19063612010715	0.0
21.0	30.091793001982985	17.642167210388283	19.106217616580313	33.159822171048425	0.0
22.0	29.63276858744233	18.22964556132117	19.423367527244526	32.71421832399197	0.0
23.0	29.95522865366166	17.650303805564437	19.341221618164376	33.053245922609534	0.0
24.0	30.84283989799263	17.98879198011016	19.207124527336536	31.961243594560674	0.0
25.0	29.1987722607667	18.595133804393004	19.497554113246153	32.708539821594144	0.0
26.0	30.474949851752992	17.6601746997099	20.143212205004435	31.72166324353267	0.0
27.0	29.7721697020066	18.42380750697236	19.794305441236403	32.00971734978464	0.0
28.0	30.705981061968117	17.813736066163248	18.71748771425147	32.76279515761716	0.0
29.0	30.206393978377772	18.37329902755915	19.44242462984123	31.97788236422185	0.0
30.0	30.303102949520135	18.251704105035202	18.895787883873133	32.549405061571534	0.0
31.0	29.864152149592453	17.9175323637526	19.245644877736932	32.972670608918015	0.0
32.0	29.815153718902593	18.199327105193756	19.906338157610822	32.07918101829283	0.0
33.0	30.362851662404093	18.430306905370845	19.03212915601023	32.174712276214834	0.0
34.0	30.29477116869415	17.67667886887159	19.22726473456208	32.80128522787218	0.0
35.0	30.66532386981265	17.667370036447345	19.78307436536863	31.884231728371383	0.0
36.0	29.920296748714915	17.844894435162164	19.43496230683753	32.79984650928539	0.0
37.0	29.364730340223083	18.787830328229322	18.924559229200817	32.92288010234678	0.0
38.0	29.797866726368476	18.830857307341724	19.632034285897046	31.739241680392755	0.0
39.0	29.356639107002923	18.56199325134733	19.625465768978586	32.455901872671156	0.0
40.0	30.466663468150777	18.284316077340115	19.712453421612373	31.536567032896734	0.0
41.0	29.811037096864478	18.520443658987134	19.52883223644753	32.13968700770086	0.0
42.0	29.985364800345486	18.401164418070874	20.360521748866372	31.252949032717268	0.0
43.0	30.283351594302577	18.77014371516087	19.253992754260672	31.69251193627588	0.0
44.0	30.40779929140974	18.210609659540776	20.245207418604096	31.136383630445387	0.0
45.0	30.587059105814607	18.589938414780452	19.70407102295449	31.11893145645045	0.0
46.0	30.170931283544366	18.600875052991096	19.132785692003743	32.095407971460794	0.0
47.0	29.81427565907346	18.46845405682109	19.89777962631175	31.819490657793704	0.0
48.0	30.234604340140297	18.31481614794551	19.153088730512962	32.29749078140123	0.0
49.0	29.85856678879414	18.488712541797995	19.341471609362753	32.311249060045114	0.0
50.0	29.64367429878878	18.44589513432215	20.144322309156948	31.766108257732125	0.0
51.0	30.734458756700533	17.959836786942958	19.290343227458195	32.01536122889831	0.0
52.0	29.980157777671103	17.689981277903126	19.676603779623317	32.653257164802454	0.0
53.0	30.760183384940355	17.697606874534937	19.134602305913603	32.40760743461111	0.0
54.0	30.570002080299563	18.035397097181992	19.8420572562449	31.552543566273545	0.0
55.0	29.964312005889322	17.932816950997026	19.15068975450501	32.95218128860865	0.0
56.0	29.973273157928432	17.859772101658024	19.737852890339926	32.429101850073614	0.0
57.0	29.242920130914563	17.640657133483238	20.314963150271673	32.80145958533053	0.0
58.0	29.442786149278575	17.985611510791365	19.486879906530838	33.08472243339922	0.0
59.0	29.586030841622584	18.269700146445693	20.16309088435592	31.981178127575806	0.0
60.0	29.496874974991798	18.502068678526555	19.203898878832256	32.79715746764939	0.0
61.0	29.36016966107799	17.978472250010004	19.29894762114361	33.36241046776839	0.0
62.0	29.60064025610244	17.662264905962385	19.674269707883152	33.06282513005202	0.0
63.0	29.598476178280738	17.643198424957383	19.656019656019655	33.102305740742224	0.0
64.0	29.385259349964382	18.447821876475626	19.781187223382716	32.385731550177276	0.0
65.0	29.55380367361639	17.961503061346992	19.904758093561167	32.57993517147545	0.0
66.0	30.30087163930621	18.107526193201373	19.95965966847291	31.631942499019505	0.0
67.0	29.29913873146992	17.68482054237505	20.025293759805336	32.99074696634969	0.0
68.0	29.860638612949963	18.154602287736036	19.790757802556694	32.19400129675731	0.0
69.0	29.368395773294907	17.544828690361832	20.562760166506564	32.5240153698367	0.0
70.0	29.24501869241176	17.413162339793622	19.844376666106296	33.497442301688324	0.0
71.0	30.62851744814391	17.4545483656625	19.724928550270988	32.192005635922605	0.0
72.0	29.92762673327569	18.515227207224516	19.606430332724887	31.95071572677491	0.0
73.0	29.514903565166566	18.340632330688614	18.88985853021945	33.25460557392537	0.0
74.0	30.306014604150654	17.807615936459133	19.74843069433769	32.137938765052525	0.0
75.0	30.32181091706903	18.014685275489043	19.46799907116033	32.1955047362816	0.0
76.0	30.636055701919457	17.814844769737107	18.472281168170788	33.07681836017265	0.0
77.0	30.374617614555472	17.53847878661691	20.029790028348575	32.057113570479046	0.0
78.0	30.265655408814602	18.305155332729996	18.622308006503232	32.80688125195217	0.0
79.0	30.25487400477388	17.96693526424555	19.17802732967015	32.60016340131042	0.0
80.0	30.07835031724668	18.435557264628596	19.52108568864962	31.9650067294751	0.0
81.0	31.27013124369021	17.711488229732545	18.775539637517426	32.24284088905982	0.0
82.0	30.49690287115463	18.251023695239315	19.022701593839397	32.22937183976665	0.0
83.0	30.676518199156956	18.288109243024056	18.421136986520924	32.61423557129806	0.0
84.0	28.714767709310063	17.8491573101243	20.101138813422132	33.33493616714351	0.0
85.0	28.948233163154903	17.849500284521245	19.124636333763455	34.0776302185604	0.0
86.0	30.885205431140893	16.683765890255046	23.16009682435357	29.27093185425049	0.0
87.0	30.293290156063385	20.34194474057568	20.5327155991247	28.832049504236235	0.0
88.0	31.984480713117648	18.283259050245295	18.946195530188863	30.7860647064482	0.0
89.0	28.054704910936174	23.338570810152152	18.915842298504113	29.690881980407564	0.0
90.0	33.48993073370959	14.919510005130837	19.787390969728065	31.803168291431504	0.0
91.0	27.308222692579054	20.628086716695528	26.864056186261305	25.199634404464117	0.0
92.0	26.12356172072325	19.700116265084393	17.689933047347953	36.48638896684441	0.0
93.0	27.847451647047507	19.567309234371493	18.68685248741059	33.89838663117041	0.0
94.0	24.128252012959933	21.783273987104224	17.15025823629423	36.938215763641615	0.0
95.0	33.3806590303847	14.155196201110149	16.46773831295922	35.99640645554593	0.0
96.0	34.83615764811606	15.315488799024326	23.38003081070672	26.4683227421529	0.0
97.0	30.630984965846064	17.288875689299505	21.022932502829438	31.057206842024996	0.0
98.0	34.72625949539885	13.438900220020237	22.38344548476721	29.451394799813706	0.0
99.0	27.118698508037966	18.15969935921114	25.332840830616536	29.38876130213436	0.0
