# Position (bp)	A	C	G	T	N
0.0	58.65449628127113	9.854631507775524	13.793103448275861	17.697768762677484	0.0
1.0	14.925625422582826	56.8289384719405	15.229885057471265	13.015551048005408	0.0
2.0	20.632783574554022	53.29855267586671	10.518343991921911	15.550319757657356	0.0
3.0	58.13485407581348	13.586044951358605	11.455887286145588	16.82321368668232	0.0
4.0	58.49815621857191	11.180020113979214	11.230305062018102	19.091518605430775	0.0
5.0	16.07172783643372	52.58924082453495	12.669683257918551	18.669348081112787	0.0
6.0	17.903198794171832	52.82197286886618	10.986434433093283	18.2883939038687	0.0
7.0	59.544541192230405	11.286001339584729	12.62558606831882	16.543871399866042	0.0
8.0	57.797858099062914	14.65863453815261	12.265729585006694	15.277777777777779	0.0
9.0	18.253304333277566	51.96586916513301	11.962523004851933	17.818303496737496	0.0
10.0	18.043478260869566	10.451505016722408	11.555183946488294	59.94983277591973	0.0
11.0	16.251879071321195	12.610656422248203	11.374645064305996	59.7628194421246	0.0
12.0	15.940577532966117	11.533967618093808	12.168252378567852	60.35720247037223	0.0
13.0	18.48333333333333	50.18333333333334	11.683333333333334	19.650000000000002	0.0
14.0	16.67776298268975	12.849533954727029	53.31225033288948	17.16045272969374	0.0
15.0	54.85638386186286	14.843101444462892	13.21600531296696	17.08450938070729	0.0
16.0	17.18931475029036	12.858802057408328	12.261489961838395	57.690393230462924	0.0
17.0	17.429519071310114	51.07794361525705	12.935323383084576	18.55721393034826	0.0
18.0	17.208222811671085	12.002652519893898	13.01392572944297	57.77519893899205	0.0
19.0	17.57786613651425	52.96554009277668	11.447978793903248	18.00861497680583	0.0
20.0	18.070494787357273	12.725467483038225	12.328313751447956	56.87572397815654	0.0
21.0	17.027250206440957	14.004954582989265	12.667217175887696	56.30057803468208	0.0
22.0	16.903034300791557	11.279683377308707	51.13786279683378	20.679419525065963	0.0
23.0	17.539525691699602	11.758893280632412	13.257575757575758	57.44400527009223	0.0
24.0	55.8001971738416	11.189615511008872	11.846861649687808	21.163325665461716	0.0
25.0	16.798029556650246	11.461412151067323	49.917898193760266	21.822660098522167	0.0
26.0	59.39960629921261	10.597112860892388	12.122703412073491	17.880577427821525	0.0
27.0	16.366021646441457	16.316825188586424	9.363725811741554	57.953427353230566	0.0
28.0	17.17982312479528	50.55682934818212	10.301342941369144	21.962004585653457	0.0
29.0	20.193094419898543	9.981999672721322	11.094747177221404	58.730158730158735	0.0
30.0	18.37304847986853	11.766639276910436	50.090386195562864	19.769926047658178	0.0
31.0	18.165289256198346	11.024793388429751	10.776859504132231	60.03305785123967	0.0
32.0	17.69410196601133	11.129623458847052	11.57947350883039	59.59680106631124	0.0
33.0	19.207622868605817	51.237044466733536	10.682046138415245	18.8732865262454	0.0
34.0	19.229480737018427	11.541038525963149	12.177554438860971	57.051926298157454	0.0
35.0	16.559648529908753	11.034133153092261	12.014193984454208	60.39202433254478	0.0
36.0	15.661016949152543	12.491525423728813	10.779661016949152	61.06779661016949	0.0
37.0	55.568760611205434	12.359932088285229	12.207130730050935	19.864176570458405	0.0
38.0	57.589665136834945	12.969573346931837	10.589835118137005	18.85092639809621	0.0
39.0	58.405871309097115	12.16931216931217	9.404335210786824	20.02048131080389	0.0
40.0	16.153319644079396	53.696098562628336	11.87542778918549	18.275154004106774	0.0
41.0	16.802214916075446	9.707561861913826	55.68437445924901	17.805848762761723	0.0
42.0	59.08932916232186	11.6266944734098	11.505039972193257	17.778936392075078	0.0
43.0	59.527972027972034	11.101398601398602	11.066433566433567	18.304195804195807	0.0
44.0	18.350079323109465	53.34038427639697	9.836065573770492	18.473470826723073	0.0
45.0	33.14685314685315	13.762237762237762	16.083916083916083	37.00699300699301	0.0
46.0	28.912783751493432	19.444444444444446	19.53405017921147	32.10872162485066	0.0
47.0	33.138281490606715	17.21589159223899	18.478595626732368	31.167231290421928	0.0
48.0	27.7553554796647	21.08040981061782	18.503570319776465	32.66066438994101	0.0
49.0	26.68950482715665	21.364061040174402	21.052631578947366	30.893802553721585	0.0
50.0	27.218750000000004	25.0	17.59375	30.1875	0.0
51.0	32.45448838669178	18.07909604519774	16.13308223477715	33.33333333333333	0.0
52.0	27.983539094650205	17.632162076606523	20.82937638493194	33.55492244381133	0.0
53.0	32.12352753900032	18.72015281757402	21.967526265520533	27.188793377905125	0.0
54.0	29.736673089274245	21.93320488118176	18.978805394990367	29.35131663455363	0.0
55.0	31.35538261997406	19.941634241245136	18.74189364461738	29.961089494163424	0.0
56.0	28.13008130081301	20.650406504065042	19.15447154471545	32.06504065040651	0.0
57.0	33.9344262295082	16.81967213114754	19.442622950819672	29.803278688524593	0.0
58.0	28.983106989069228	22.822126531964226	18.0854587611792	30.10930771778735	0.0
59.0	27.424191936021323	23.15894701766078	19.126957680773078	30.289903365544816	0.0
60.0	28.27470686767169	20.067001675041876	19.731993299832496	31.926298157453935	0.0
61.0	29.290540540540537	17.364864864864867	21.858108108108105	31.486486486486488	0.0
62.0	28.1929347826087	20.720108695652172	22.282608695652172	28.804347826086957	0.0
63.0	32.262474367737525	19.480519480519483	17.49829118250171	30.758714969241286	0.0
64.0	27.846364883401918	19.92455418381344	22.942386831275723	29.286694101508914	0.0
65.0	30.82784897817804	16.73016972635954	21.510218219605125	30.931763075857294	0.0
66.0	28.401953942777393	16.88764829030007	22.958827634333566	31.751570132588974	0.0
67.0	28.8454830833624	17.614230903383326	19.881409138472268	33.658876874782	0.0
68.0	26.441631504922647	19.69057665260197	21.37834036568214	32.48945147679325	0.0
69.0	26.850867871059158	20.474672334396033	21.501948281969536	31.172511512575273	0.0
70.0	28.28713574982232	21.215351812366738	19.225302061122957	31.272210376687987	0.0
71.0	28.38177251524937	20.38033728022964	21.205597416576964	30.032292787944026	0.0
72.0	25.297726452544207	19.487549621075424	20.028870443883072	35.18585348249729	0.0
73.0	26.98986975397974	19.826338639652676	21.38205499276411	31.80173661360347	0.0
74.0	29.61608775137112	16.92870201096892	23.546617915904935	29.90859232175503	0.0
75.0	28.05860805860806	19.523809523809526	22.564102564102566	29.853479853479854	0.0
76.0	27.202072538860104	22.686898593634343	17.764618800888233	32.346410066617324	0.0
77.0	27.945001858045337	19.175027870680044	21.070234113712374	31.809736157562245	0.0
78.0	27.974636329727716	21.55911973144349	19.80604252144722	30.660201417381572	0.0
79.0	28.855534709193247	20.93808630393996	17.71106941838649	32.4953095684803	0.0
80.0	31.372549019607842	17.345399698340874	19.90950226244344	31.372549019607842	0.0
81.0	25.763862693323276	19.69068276122218	18.55903432666918	35.98642021878536	0.0
82.0	32.155074116305585	16.98973774230331	21.70277461041429	29.152413530976816	0.0
83.0	30.639601685178093	19.80084258904634	20.720030639601685	28.83952508617388	0.0
84.0	29.497506712696588	19.025700038358266	19.946298427311085	31.530494821634065	0.0
85.0	33.71824480369515	18.013856812933028	19.784449576597382	28.48344880677444	0.0
86.0	28.643216080402013	18.438345574023966	22.690374951681484	30.22806339389254	0.0
87.0	31.842923794712284	18.468118195956453	21.111975116640746	28.576982892690513	0.0
88.0	33.60655737704918	18.26697892271663	17.447306791569087	30.679156908665107	0.0
89.0	29.645669291338585	17.913385826771652	17.559055118110237	34.881889763779526	0.0
90.0	30.890464933018123	17.494089834515368	19.50354609929078	32.11189913317573	0.0
91.0	29.33280694828267	21.831819976312673	17.449664429530202	31.385708645874455	0.0
92.0	28.661916072842438	19.67537608867775	17.37925574030087	34.28345209817894	0.0
93.0	32.5267750892503	18.36572788575962	18.603728679095596	30.50376834589449	0.0
94.0	29.94011976047904	16.806387225548903	18.922155688622755	34.3313373253493	0.0
95.0	28.514217060472568	18.02162595114137	20.74489387264718	32.71926311573889	0.0
96.0	27.36757624398074	18.45906902086677	20.024077046548957	34.14927768860353	0.0
97.0	30.27744270205066	18.455971049457176	18.375552874949737	32.89103337354242	0.0
98.0	29.943502824858758	22.518159806295397	17.393058918482648	30.145278450363193	0.0
99.0	31.41932875050546	17.266477961989487	19.12656692276587	32.18762636473919	0.0
100.0	32.61663286004057	14.807302231237324	19.675456389452332	32.900608519269774	0.0
101.0	31.05691056910569	18.983739837398375	19.796747967479675	30.16260162601626	0.0
102.0	31.82743182743183	15.669515669515668	20.91982091982092	31.583231583231587	0.0
103.0	27.755102040816325	17.71428571428571	20.93877551020408	33.59183673469388	0.0
104.0	28.577269010629596	18.152085036794766	20.932134096484056	32.33851185609158	0.0
105.0	28.817733990147783	19.90968801313629	18.513957307060753	32.758620689655174	0.0
106.0	30.502885408079145	17.807089859851608	20.403957131079967	31.28606760098928	0.0
107.0	30.07021891780256	19.950433705080545	18.21561338289963	31.763733994217265	0.0
108.0	32.80730897009967	17.898671096345513	16.985049833887043	32.308970099667775	0.0
109.0	29.44606413994169	20.741357767596835	19.325281132861306	30.48729695960017	0.0
110.0	26.655490360435873	19.907795473595975	20.57837384744342	32.858340318524725	0.0
111.0	29.2436974789916	20.210084033613445	17.478991596638654	33.0672268907563	0.0
112.0	26.492851135407907	19.217830109335576	20.269133725820016	34.0201850294365	0.0
113.0	29.85641891891892	20.10135135135135	18.66554054054054	31.37668918918919	0.0
114.0	31.411615091140316	16.871555743959306	19.66935142009326	32.047477744807125	0.0
115.0	28.70528109028961	19.931856899488924	19.08006814310051	32.28279386712095	0.0
116.0	28.785286569717705	20.230966638152267	18.81950384944397	32.16424294268606	0.0
117.0	31.217838765008576	18.481989708404804	18.310463121783876	31.989708404802748	0.0
118.0	29.43201376936317	15.36144578313253	22.676419965576592	32.53012048192771	0.0
119.0	22.86453839516825	21.440897325280414	28.731665228645387	26.962899050905953	0.0
120.0	26.59758203799655	22.020725388601036	21.545768566493955	29.835924006908463	0.0
121.0	30.592816962353957	18.866291648636953	18.260493292946776	32.280398096062314	0.0
122.0	29.11062906724512	17.657266811279825	23.383947939262473	29.84815618221258	0.0
123.0	32.43478260869565	17.434782608695652	18.173913043478258	31.956521739130434	0.0
124.0	30.510694020078567	18.02706241815801	22.47926669576604	28.98297686599738	0.0
125.0	28.021015761821367	19.833625218914186	19.833625218914186	32.31173380035026	0.0
126.0	31.382042253521124	19.674295774647888	19.014084507042252	29.929577464788732	0.0
127.0	28.68525896414343	20.14165559982293	22.26648959716689	28.906595838866757	0.0
128.0	31.039076376554174	18.78330373001776	19.27175843694494	30.905861456483123	0.0
129.0	29.755011135857462	18.84187082405345	16.70378619153675	34.69933184855234	0.0
130.0	29.977628635346754	19.23937360178971	17.449664429530202	33.33333333333333	0.0
131.0	32.9142343960485	18.81454872025146	19.443197126178717	28.82801975752133	0.0
132.0	30.063291139240505	18.9873417721519	21.292947558770344	29.65641952983725	0.0
133.0	29.945553539019965	20.00907441016334	19.96370235934664	30.081669691470054	0.0
134.0	25.776965265082268	19.972577696526507	22.212065813528337	32.03839122486289	0.0
135.0	28.047662694775433	17.369385884509626	20.210815765352887	34.37213565536205	0.0
136.0	23.770114942528735	19.126436781609197	21.517241379310345	35.58620689655172	0.0
137.0	29.311141932501155	16.08876560332871	19.00138696255201	35.59870550161812	0.0
138.0	28.776645041705283	19.184430027803522	19.647822057460612	32.39110287303058	0.0
139.0	27.31934731934732	19.3006993006993	18.927738927738925	34.452214452214456	0.0
140.0	29.274004683840747	17.704918032786885	19.437939110070257	33.58313817330211	0.0
141.0	31.734837799717912	17.912552891396334	19.040902679830747	31.31170662905501	0.0
142.0	30.667297681022244	16.422148603880736	20.444865120681495	32.46568859441552	0.0
143.0	34.01522359657469	20.742150333016173	17.840152235965746	27.402473834443384	0.0
144.0	33.07802776448061	16.17999042604117	16.993776926759217	33.748204882719	0.0
145.0	27.45192307692308	19.326923076923077	20.76923076923077	32.45192307692308	0.0
146.0	28.65412445730825	19.440424505547515	18.861553304389773	33.04389773275446	0.0
147.0	28.999516674722088	18.89801836636056	17.448042532624456	34.654422426292896	0.0
148.0	25.218658892128282	22.157434402332363	20.505344995140913	32.118561710398446	0.0
149.0	28.96922325354177	20.078163165608206	18.563751831949194	32.38886174890083	0.0
150.0	28.05896805896806	19.213759213759214	18.67321867321867	34.054054054054056	0.0
151.0	28.140454995054405	19.386745796241346	19.881305637982198	32.59149357072206	0.0
152.0	28.479125248508947	20.974155069582505	17.147117296222664	33.39960238568588	0.0
153.0	29.16251246261216	19.391824526420738	18.64406779661017	32.80159521435693	0.0
154.0	33.08195072900955	15.032679738562091	18.903971845148316	32.98139768728004	0.0
155.0	31.717171717171716	21.767676767676765	15.909090909090908	30.606060606060602	0.0
156.0	32.33350279613625	16.217590238942552	18.251143873919677	33.19776309100153	0.0
157.0	29.601226993865033	18.813905930470348	19.683026584867076	31.901840490797547	0.0
158.0	27.80638516992791	22.914521112255407	17.147270854788875	32.13182286302781	0.0
159.0	33.83575883575883	15.54054054054054	17.983367983367984	32.640332640332645	0.0
160.0	28.429319371727747	18.795811518324605	22.198952879581153	30.57591623036649	0.0
161.0	28.759894459102902	20.0	22.532981530343008	28.707124010554093	0.0
162.0	31.1134789557805	18.486947256259988	19.072988811933936	31.326584976025572	0.0
163.0	30.203862660944207	17.435622317596568	17.006437768240342	35.35407725321888	0.0
164.0	29.072276159654802	16.235167206040995	23.948220064724918	30.74433656957929	0.0
165.0	28.96589063345966	18.516513264753655	21.98159177043855	30.53600433134813	0.0
166.0	27.895595432300162	20.39151712887439	20.880913539967374	30.831973898858074	0.0
167.0	26.215182960131077	19.606772255598035	23.10212998361551	31.07591480065538	0.0
168.0	27.936333699231614	18.22173435784852	20.30735455543359	33.53457738748628	0.0
169.0	28.390297684674753	17.695700110253583	21.389195148842337	32.52480705622933	0.0
170.0	30.360110803324098	17.174515235457065	19.94459833795014	32.5207756232687	0.0
171.0	29.821627647714603	19.286510590858416	17.05685618729097	33.835005574136005	0.0
172.0	31.0576385002798	20.201454952434247	16.284275321768327	32.456631225517626	0.0
173.0	28.07017543859649	19.581211092246743	20.09054895302773	32.25806451612903	0.0
174.0	27.572484366117113	20.807276861853325	18.47640704945992	33.143831722569644	0.0
175.0	27.908309455587393	18.79656160458453	20.171919770773638	33.12320916905444	0.0
176.0	30.0	20.057803468208093	19.47976878612717	30.462427745664737	0.0
177.0	29.036004645760745	22.531939605110338	17.71196283391405	30.720092915214863	0.0
178.0	27.974087161366313	20.023557126030624	20.43580683156655	31.566548881036518	0.0
179.0	25.57726465364121	19.65660153937241	23.80106571936057	30.965068087625813	0.0
180.0	30.011933174224342	16.2291169451074	19.809069212410503	33.94988066825776	0.0
181.0	29.016786570743403	19.904076738609113	19.664268585131893	31.414868105515588	0.0
182.0	33.67531683765842	19.010259505129753	19.372359686179845	27.942063971031985	0.0
183.0	31.02189781021898	21.350364963503647	19.586374695863746	28.04136253041363	0.0
184.0	27.233782129742963	20.62423500611995	20.0734394124847	32.06854345165239	0.0
185.0	26.87576875768758	22.263222632226324	23.493234932349324	27.36777367773678	0.0
186.0	31.539888682745826	18.367346938775512	21.026592455163883	29.066171923314783	0.0
187.0	30.01245330012453	20.859277708592778	16.874221668742216	32.25404732254047	0.0
188.0	27.93471437539234	21.531701192718142	20.715630885122412	29.817953546767107	0.0
189.0	29.21705919796308	19.92361553150859	20.11457670273711	30.744748567791213	0.0
190.0	29.28709055876686	19.07514450867052	17.8548490687219	33.78291586384072	0.0
191.0	26.93056456846204	22.128487994808566	18.754055807916934	32.18689162881246	0.0
192.0	33.224329627207325	19.94767822105952	19.7514715500327	27.07652060170046	0.0
193.0	27.368421052631582	18.486842105263158	24.210526315789473	29.93421052631579	0.0
194.0	27.785145888594165	19.56233421750663	24.137931034482758	28.514588859416445	0.0
195.0	28.552368245497	20.48032021347565	19.212808539026017	31.754503002001332	0.0
196.0	29.467296021577884	19.487525286581253	20.296695886716115	30.74848280512475	0.0
197.0	29.7464016449623	21.590130226182318	20.287868403015764	28.375599725839617	0.0
198.0	26.75561797752809	25.35112359550562	18.96067415730337	28.932584269662918	0.0
199.0	29.48237059264816	23.705926481620406	20.10502625656414	26.70667666916729	0.0
200.0	27.081507449605606	16.827344434706397	20.946538124452236	35.14460999123576	0.0
201.0	31.18405627198124	16.295427901524032	17.584994138335286	34.93552168815944	0.0
202.0	35.613207547169814	16.50943396226415	18.04245283018868	29.83490566037736	0.0
203.0	33.134684147795	17.520858164481528	23.2419547079857	26.102502979737785	0.0
204.0	32.53301320528211	18.60744297719088	24.24969987995198	24.60984393757503	0.0
205.0	32.731648616125156	16.967509025270758	25.150421179302047	25.150421179302047	0.0
206.0	30.170316301703163	18.613138686131386	22.99270072992701	28.223844282238442	0.0
207.0	28.37837837837838	21.253071253071255	15.970515970515969	34.3980343980344	0.0
208.0	29.084158415841582	14.603960396039604	22.64851485148515	33.663366336633665	0.0
209.0	23.940149625935163	21.695760598503743	21.94513715710723	32.418952618453865	0.0
210.0	26.79245283018868	16.9811320754717	17.9874213836478	38.23899371069183	0.0
211.0	28.589580686149933	17.407878017789074	21.21982210927573	32.78271918678526	0.0
212.0	25.128205128205128	19.35897435897436	22.94871794871795	32.56410256410256	0.0
213.0	27.11864406779661	20.078226857887874	19.426336375488916	33.3767926988266	0.0
214.0	28.005284015852048	28.797886393659184	20.079260237780712	23.11756935270806	0.0
215.0	28.820375335120644	24.53083109919571	16.890080428954423	29.75871313672922	0.0
216.0	29.905277401894452	14.884979702300406	19.350473612990527	35.859269282814616	0.0
217.0	26.301369863013697	17.534246575342465	25.205479452054796	30.958904109589042	0.0
218.0	24.929178470254957	20.96317280453258	20.113314447592067	33.994334277620396	0.0
219.0	17.50788643533123	21.608832807570977	25.55205047318612	35.33123028391167	0.0
220.0	0.0	34.20365535248042	25.06527415143603	40.73107049608355	0.0
