# Position (bp)	A	C	G	T	N
0.0	55.30584326753958	10.474887629470393	15.868673050615595	18.35059605237444	0.0
1.0	15.32903729740285	52.99746143331381	17.555165006834603	14.118336262448741	0.0
2.0	18.523541949234644	50.92036427049022	12.42007362914164	18.1360201511335	0.0
3.0	55.171748359706676	12.659204940177538	14.01003473562331	18.159011964492475	0.0
4.0	54.57875457875458	11.952959321380375	13.283208020050125	20.18507807981492	0.0
5.0	19.576107899807322	49.05587668593449	12.504816955684008	18.863198458574182	0.0
6.0	18.964189449364653	50.09626492106276	12.668463611859837	18.271082017712743	0.0
7.0	57.55243409659418	12.834327496632673	13.084471810659995	16.528766596113144	0.0
8.0	55.87161253123198	15.491062848356718	12.723428791082068	15.913895829329233	0.0
9.0	19.6926032660903	49.75984630163304	11.892411143131604	18.655139289145055	0.0
10.0	17.076450249711872	11.025739531310027	13.46523242412601	58.432577794852094	0.0
11.0	16.781874039938558	13.99769585253456	12.365591397849462	56.85483870967742	0.0
12.0	17.210283960092095	11.588641596316194	13.16193399846508	58.039140445126634	0.0
13.0	18.328220858895705	49.194785276073624	12.634202453987731	19.842791411042946	0.0
14.0	17.279693486590038	12.088122605363985	51.4176245210728	19.21455938697318	0.0
15.0	51.10813909056171	13.77531524646542	15.743217424531908	19.373328238440962	0.0
16.0	16.736641221374047	13.740458015267176	14.083969465648854	55.43893129770993	0.0
17.0	20.09916094584287	47.34935163996949	13.272311212814644	19.279176201372998	0.0
18.0	17.22560975609756	13.376524390243901	15.58689024390244	53.8109756097561	0.0
19.0	20.0	51.08571428571429	12.476190476190476	16.438095238095237	0.0
20.0	18.46358623312417	15.345122646891044	12.96824491348165	53.223046206503135	0.0
21.0	18.478467084044773	14.07702523240372	14.32365774995257	53.12084993359893	0.0
22.0	17.76178754023859	10.944896799848514	49.61181594395001	21.681499715962886	0.0
23.0	18.130204390613173	13.474640423921272	13.644965934897805	54.75018925056775	0.0
24.0	54.383975812547234	11.696900982615269	13.321995464852607	20.597127739984884	0.0
25.0	19.614876345101003	12.497640173683216	47.72512743062111	20.162356050594678	0.0
26.0	56.72260984348482	11.67263812936074	12.087497642843674	19.517254384310768	0.0
27.0	16.412285660448465	15.4136046730733	10.062182023742228	58.111927642736006	0.0
28.0	18.216033120060217	47.87354158825743	9.841926985321791	24.068498306360556	0.0
29.0	21.59368539748168	10.167261792896072	10.749859049050931	57.489193760571325	0.0
30.0	19.21479803699509	12.646281615704039	47.26311815779539	20.875802189505475	0.0
31.0	19.103461320219406	10.762247020994893	12.313221108379043	57.82107055040666	0.0
32.0	19.005126257831783	10.100626542623885	12.891589139927854	58.002658059616486	0.0
33.0	19.748619310607506	48.73357455722719	11.10264711483527	20.41515901733003	0.0
34.0	20.621900038153377	12.228157191911485	12.78138115223197	54.36856161770317	0.0
35.0	18.94273127753304	48.53476345527677	12.507182532081975	20.015322735108217	0.0
36.0	18.889315910837816	12.528823981552653	12.125288239815527	56.456571867794004	0.0
37.0	53.10756205503176	13.161439291899171	14.277467769867231	19.453530883201847	0.0
38.0	53.94534257120862	14.068514241724403	11.22016936104696	20.765973826020016	0.0
39.0	55.79961464354528	12.947976878612716	9.788053949903661	21.464354527938344	0.0
40.0	18.754818812644565	47.99537393986122	13.608326908249808	19.64148033924441	0.0
41.0	17.62062902910725	11.154522367649932	52.0609494041805	19.163899199062318	0.0
42.0	56.87389684251814	10.962933908609532	12.669150813885075	19.494018434987254	0.0
43.0	58.06578688201694	11.739216072483751	11.91648611384676	18.27851093165255	0.0
44.0	20.91735863977857	48.971925662317126	11.981020166073547	18.129695531830762	0.0
45.0	31.49697144505336	17.132967983847706	15.89270262474762	35.47735794635131	0.0
46.0	28.653381642512077	16.8780193236715	22.493961352657006	31.974637681159418	0.0
47.0	31.05377681069319	19.086105066832452	18.526577556729872	31.33354056574448	0.0
48.0	28.125974430932338	18.98971000935454	19.083255378858745	33.80106018085438	0.0
49.0	25.500625782227786	20.682102628285357	19.931163954943678	33.88610763454318	0.0
50.0	25.989943431803898	22.941546197360154	20.144563167818983	30.923947203016972	0.0
51.0	29.311433986102337	18.35123183828174	17.24573594440935	35.091598231206575	0.0
52.0	28.89733840304182	17.078580481622307	21.102661596958175	32.92141951837769	0.0
53.0	31.476766390833866	19.732654360280076	22.374283895607896	26.41629535327817	0.0
54.0	30.636942675159233	21.59235668789809	16.210191082802545	31.560509554140125	0.0
55.0	31.05649537184807	18.767954037663582	19.85317586977338	30.32237472071497	0.0
56.0	27.26982097186701	19.053708439897697	21.707161125319693	31.9693094629156	0.0
57.0	29.78518756011542	20.58352035908945	18.691888425777492	30.93940365501763	0.0
58.0	28.397044651461613	20.430452939286862	18.695791840668168	32.476710568583364	0.0
59.0	25.449871465295633	23.13624678663239	21.979434447300772	29.43444730077121	0.0
60.0	27.09407216494845	18.71778350515464	19.684278350515463	34.503865979381445	0.0
61.0	28.01807617817947	18.173014848289217	24.015493867010974	29.79341510652034	0.0
62.0	29.683462532299743	19.412144702842376	23.352713178294575	27.55167958656331	0.0
63.0	32.02593192868719	18.346839546191248	20.12965964343598	29.497568881685577	0.0
64.0	30.696614583333332	18.359375	21.38671875	29.557291666666668	0.0
65.0	29.882429784454605	19.07250163291966	21.064663618549968	29.980404964075767	0.0
66.0	28.44996729888816	17.069980379332897	21.942446043165468	32.537606278613474	0.0
67.0	28.26727808712742	16.737635113003602	20.73370455289879	34.26138224697019	0.0
68.0	25.9526938239159	18.856767411300922	20.2365308804205	34.95400788436268	0.0
69.0	25.753061900033103	20.887123469049985	22.740814299900695	30.61900033101622	0.0
70.0	27.835051546391753	21.08413701363485	19.25507149983372	31.825739940139673	0.0
71.0	28.42316705724808	20.053565450284566	21.09139604954804	30.431871442919316	0.0
72.0	28.054904586541678	19.35051891529963	19.0826916638768	33.511884834281894	0.0
73.0	26.38283607106939	18.6054307743882	23.13107609788803	31.88065705665438	0.0
74.0	31.25841184387618	16.38627187079408	23.788694481830415	28.566621803499327	0.0
75.0	29.78723404255319	20.432286389733196	21.17527862208713	28.60520094562648	0.0
76.0	29.393836776159837	19.742634608872333	17.913985777175753	32.94954283779208	0.0
77.0	29.190653572638	21.02946156451067	18.963765662038604	30.81611920081273	0.0
78.0	30.125381226702814	19.620467638088783	19.28159945781091	30.97255167739749	0.0
79.0	27.661016949152543	21.762711864406782	18.949152542372882	31.6271186440678	0.0
80.0	29.789402173913043	18.61413043478261	20.516304347826086	31.080163043478258	0.0
81.0	28.19203268641471	18.624446714334354	18.556350017024172	34.62717058222676	0.0
82.0	30.532786885245898	18.71584699453552	22.096994535519126	28.654371584699454	0.0
83.0	30.869267624914443	18.583162217659137	21.218343600273784	29.329226557152637	0.0
84.0	29.472241261137768	19.87662782727896	19.945167923235093	30.705962988348183	0.0
85.0	33.21882514599794	17.966334592923396	21.57334249398832	27.241497767090344	0.0
86.0	30.3540735647989	18.87246476452389	22.894465452045377	27.87899621863183	0.0
87.0	31.89951823812801	19.821059876118376	20.406056434962146	27.873365450791464	0.0
88.0	33.35632976888582	17.799241117626767	18.454639530872715	30.389789582614696	0.0
89.0	30.30093393289519	18.194396402628847	18.60947768938084	32.89519197509512	0.0
90.0	29.72972972972973	18.711018711018713	18.12196812196812	33.43728343728344	0.0
91.0	30.474198047419804	20.641562064156208	15.620641562064156	33.26359832635983	0.0
92.0	30.79608938547486	18.01675977653631	18.331005586592177	32.85614525139665	0.0
93.0	32.79720279720279	17.797202797202797	19.93006993006993	29.475524475524477	0.0
94.0	30.393534785664087	17.14687280393535	19.676739283204498	32.78285312719606	0.0
95.0	30.4822245688138	18.373812038014783	21.22492080253432	29.9190425906371	0.0
96.0	26.767499120647205	18.255364052057686	20.82307421737601	34.1540626099191	0.0
97.0	31.265421219598167	18.470215015861825	18.752203031371167	31.51216073316884	0.0
98.0	30.07412636780798	21.920225908930462	18.319802329685846	29.685845393575715	0.0
99.0	32.27288794627077	18.66383881230117	18.133616118769883	30.929657122658185	0.0
100.0	33.487215909090914	14.950284090909092	19.069602272727273	32.49289772727273	0.0
101.0	31.565836298932386	19.359430604982204	18.790035587188612	30.284697508896798	0.0
102.0	30.760986066452308	14.648088603072527	21.900678813862093	32.69024651661307	0.0
103.0	26.60682226211849	18.88689407540395	21.436265709156192	33.07001795332136	0.0
104.0	27.74774774774775	17.18918918918919	22.52252252252252	32.54054054054054	0.0
105.0	29.16516082399711	20.1301048066498	19.335019877123237	31.36971449222985	0.0
106.0	29.270946681175193	18.86108088501995	19.73159231048241	32.13638012332245	0.0
107.0	31.311296767163093	18.706865237922266	19.79658554304395	30.185252451870685	0.0
108.0	32.94460641399417	18.658892128279884	15.925655976676383	32.470845481049565	0.0
109.0	29.418221734357846	19.941456275155506	20.197585071350165	30.442736919136482	0.0
110.0	26.823012092341518	20.30047636496885	20.04397215097105	32.832539391718576	0.0
111.0	29.13907284768212	18.72700515084621	20.125091979396615	32.00883002207506	0.0
112.0	25.61830933923957	18.456995201181247	21.004060538944263	34.92063492063492	0.0
113.0	28.608534322820038	19.369202226345084	19.14656771799629	32.87569573283859	0.0
114.0	29.129464285714285	16.852678571428573	20.758928571428573	33.25892857142857	0.0
115.0	28.08193668528864	19.255121042830538	19.96275605214153	32.700186219739294	0.0
116.0	29.1588785046729	20.299065420560748	18.766355140186917	31.775700934579437	0.0
117.0	31.3953488372093	17.966991747936984	18.11702925731433	32.52063015753939	0.0
118.0	28.361581920903955	15.668549905838042	22.78719397363465	33.18267419962335	0.0
119.0	22.87655719139298	22.348055870139675	27.70856927142318	27.06681766704417	0.0
120.0	27.451722832260504	20.711851571374478	21.999242711094283	29.837182885270728	0.0
121.0	29.402814758463293	19.741346519589197	18.02966907569418	32.82616964625333	0.0
122.0	29.012581014105987	17.88028974456729	22.302706824247046	30.804422417079678	0.0
123.0	31.804281345565748	19.495412844036696	17.46941896024465	31.230886850152906	0.0
124.0	30.20314296665389	18.167880413951707	20.812571866615563	30.81640475277884	0.0
125.0	28.934205463639863	20.046171604463257	20.58484032320123	30.434782608695656	0.0
126.0	33.101851851851855	16.396604938271604	20.44753086419753	30.05401234567901	0.0
127.0	28.295322767684578	19.79126401236954	23.772709702357943	28.14070351758794	0.0
128.0	29.949631925610227	19.17861294072065	21.115846571096476	29.755908562572646	0.0
129.0	30.093312597200622	20.178849144634526	17.573872472783826	32.153965785381025	0.0
130.0	28.643803585346845	20.420888542478565	18.08261886204209	32.8526890101325	0.0
131.0	29.269245799140286	20.203204376709653	20.085971082454083	30.441578741695974	0.0
132.0	28.880157170923383	18.978388998035363	21.139489194499017	31.00196463654224	0.0
133.0	29.581358609794627	20.971563981042653	20.418641390205373	29.02843601895735	0.0
134.0	24.653190646056284	21.640903686087988	21.046373365041617	32.65953230281411	0.0
135.0	25.59618441971383	16.653418124006357	19.475357710651828	38.27503974562798	0.0
136.0	25.259377494014366	18.834796488427774	21.268954509177973	34.63687150837989	0.0
137.0	28.09619238476954	16.91382765531062	21.803607214428858	33.186372745490985	0.0
138.0	28.68621936520691	17.436721574929688	20.16874246685416	33.70831659300924	0.0
139.0	28.26086956521739	17.55233494363929	21.457326892109503	32.729468599033815	0.0
140.0	28.46744844318641	18.600889607763847	20.056611403154065	32.875050545895675	0.0
141.0	30.616382806163827	17.680454176804542	19.991889699918897	31.71127331711273	0.0
142.0	30.158730158730158	16.035816035816037	18.762718762718762	35.04273504273504	0.0
143.0	31.58970167552105	19.08459337964855	18.34899877400899	30.976706170821416	0.0
144.0	29.9548625359048	17.849815346737792	18.219121871153057	33.97620024620435	0.0
145.0	28.39506172839506	20.246913580246915	18.97119341563786	32.38683127572016	0.0
146.0	29.06018136850783	19.744435284418795	17.68342951360264	33.511953833470734	0.0
147.0	29.519071310116086	19.071310116086234	17.495854063018243	33.91376451077944	0.0
148.0	25.11453561016243	21.699291961682633	20.07496876301541	33.11120366513953	0.0
149.0	29.36010037641154	18.862400669176075	18.90422417398578	32.8732747804266	0.0
150.0	27.451802179379715	19.656328583403184	18.3151718357083	34.5766974015088	0.0
151.0	29.10008410428932	18.96551724137931	19.217830109335576	32.716568544995795	0.0
152.0	28.855090832277142	20.87029995775243	18.41994085340093	31.854668356569498	0.0
153.0	30.700636942675157	19.02335456475584	18.895966029723994	31.380042462845008	0.0
154.0	31.471215351812365	17.142857142857142	20.426439232409383	30.95948827292111	0.0
155.0	29.464668094218418	20.342612419700217	17.430406852248396	32.76231263383298	0.0
156.0	32.585239533880014	15.753129046180407	17.781614156236515	33.88001726370307	0.0
157.0	29.197396963123644	19.088937093275486	20.780911062906725	30.93275488069414	0.0
158.0	27.72449869224063	22.58064516129032	16.95727986050567	32.737576285963385	0.0
159.0	33.888645330995175	13.28364752301622	21.920210434020166	30.907496711968435	0.0
160.0	26.65788317962231	18.48924022837066	23.45191040843215	31.40096618357488	0.0
161.0	28.703703703703702	18.430335097001763	23.589065255731924	29.276895943562607	0.0
162.0	30.19034971226206	18.946436476316954	19.787516600265604	31.07569721115538	0.0
163.0	28.215398308856255	18.157543391188252	17.668001780151315	35.959056519804186	0.0
164.0	29.277054333183656	16.70408621463853	23.259991019308487	30.75886843286933	0.0
165.0	30.225225225225227	17.47747747747748	21.98198198198198	30.315315315315317	0.0
166.0	25.971093044263778	20.957542908762424	21.04787714543812	32.023486901535684	0.0
167.0	25.681818181818183	19.363636363636363	24.863636363636363	30.09090909090909	0.0
168.0	28.473491773308957	19.652650822669106	18.647166361974406	33.226691042047534	0.0
169.0	26.055045871559635	18.990825688073397	19.678899082568808	35.27522935779817	0.0
170.0	30.354675264854908	16.628281897742976	18.562874251497004	34.454168585905116	0.0
171.0	28.93636785880167	19.043195541105433	17.51045053413841	34.509986065954486	0.0
172.0	31.118390266729058	19.934487599438466	16.378100140383715	32.56902199344876	0.0
173.0	28.76647834274953	17.702448210922785	19.774011299435028	33.75706214689266	0.0
174.0	29.862754377662093	21.012778040700425	17.794604827259818	31.329862754377665	0.0
175.0	28.25880114176974	18.886774500475738	21.26546146527117	31.588962892483348	0.0
176.0	28.235858101629912	19.079578139980825	20.13422818791946	32.5503355704698	0.0
177.0	29.315332690453232	21.456123432979748	19.91321118611379	29.315332690453232	0.0
178.0	28.53682170542636	20.203488372093023	20.63953488372093	30.620155038759687	0.0
179.0	25.0	19.005847953216374	26.120857699805068	29.873294346978557	0.0
180.0	28.40352595494613	18.070519098922624	20.617042115572968	32.90891283055827	0.0
181.0	28.39444995044599	20.515361744301288	20.564915758176415	30.525272547076316	0.0
182.0	32.08955223880597	18.90547263681592	19.900497512437813	29.1044776119403	0.0
183.0	27.87787787787788	21.72172172172172	22.872872872872875	27.52752752752753	0.0
184.0	28.1675921251893	22.16052498738011	19.586067642604746	30.08581524482585	0.0
185.0	27.281947261663287	23.427991886409735	21.8052738336714	27.48478701825558	0.0
186.0	30.765306122448983	16.73469387755102	23.26530612244898	29.23469387755102	0.0
187.0	31.324059763008762	20.607934054611025	17.825862957238535	30.24214322514168	0.0
188.0	27.536231884057973	21.325051759834366	21.68737060041408	29.45134575569358	0.0
189.0	29.728317659352143	20.219435736677116	19.905956112852667	30.146290491118076	0.0
190.0	30.07399577167019	17.81183932346723	19.661733615221987	32.45243128964059	0.0
191.0	26.13333333333333	20.96	20.64	32.266666666666666	0.0
192.0	30.005396654074474	20.669185105234757	20.23745277927685	29.087965461413923	0.0
193.0	27.608695652173914	17.282608695652176	23.206521739130434	31.90217391304348	0.0
194.0	27.82941498086386	20.393657736468015	22.744669218151994	29.03225806451613	0.0
195.0	28.800442233278055	20.287451630735212	21.006080707573243	29.90602542841349	0.0
196.0	29.799107142857146	19.475446428571427	19.810267857142858	30.91517857142857	0.0
197.0	27.627118644067792	19.887005649717516	23.672316384180792	28.8135593220339	0.0
198.0	26.790914385556203	23.645894001164823	20.034944670937683	29.52824694234129	0.0
199.0	27.86377708978328	22.538699690402478	19.13312693498452	30.46439628482972	0.0
200.0	27.62589928057554	15.251798561151078	22.66187050359712	34.46043165467626	0.0
201.0	31.027466937945064	18.921668362156662	17.09053916581892	32.960325534079345	0.0
202.0	37.60245901639344	17.11065573770492	18.647540983606557	26.639344262295083	0.0
203.0	33.161688980432544	17.816683831101958	21.215242018537587	27.80638516992791	0.0
204.0	31.85567010309278	18.762886597938145	25.051546391752577	24.329896907216494	0.0
205.0	34.196891191709845	17.305699481865286	23.730569948186528	24.76683937823834	0.0
206.0	29.87551867219917	19.813278008298756	22.095435684647303	28.21576763485477	0.0
207.0	26.62473794549266	22.851153039832283	17.08595387840671	33.43815513626834	0.0
208.0	30.220356768100736	16.57922350472193	21.196222455403987	32.00419727177335	0.0
209.0	22.832980972515855	21.035940803382662	21.56448202959831	34.56659619450317	0.0
210.0	25.34611288604899	18.423855165069224	18.10436634717785	38.12566560170394	0.0
211.0	30.182599355531686	17.830290010741138	21.911922663802365	30.075187969924812	0.0
212.0	28.972972972972972	18.16216216216216	22.486486486486488	30.37837837837838	0.0
213.0	26.87704026115343	20.674646354733405	18.389553862894452	34.05875952121872	0.0
214.0	28.44638949671772	26.039387308533918	19.25601750547046	26.258205689277897	0.0
215.0	30.913091309130913	22.772277227722775	16.061606160616062	30.25302530253025	0.0
216.0	30.077691453940066	17.869034406215317	18.53496115427303	33.51831298557158	0.0
217.0	26.45739910313901	16.704035874439462	25.89686098654709	30.94170403587444	0.0
218.0	25.431530494821637	20.828538550057537	18.181818181818183	35.558112773302646	0.0
219.0	19.551681195516814	23.163138231631383	24.03486924034869	33.25031133250312	0.0
220.0	0.1926782273603083	29.47976878612717	25.048169556840076	45.27938342967245	0.0
