# Position (bp)	A	C	G	T	N
0.0	27.291809539177326	24.086624443637636	22.816302930063063	25.804859682386006	4.034047359716003E-4
1.0	27.703942873219813	20.073820018488497	14.953577792366127	37.26865931592556	0.0
2.0	28.526374117914106	19.786763871364005	17.89754785128215	33.78878006769613	5.340917436092585E-4
3.0	24.022952832940618	22.076517435068872	15.189735160644524	38.709196184650956	0.0015983866950291506
4.0	34.332686018803116	13.843321547072874	14.632053492443422	37.19061066289081	0.001328278789778629
5.0	36.437541782064756	14.888209764534851	22.512043845966108	26.15756215579537	0.00464245163891807
6.0	32.59339914058485	17.61774570424886	19.915568554518817	29.873021676124473	2.6492452300339633E-4
7.0	35.59166593881262	16.6227307495838	20.182598730093193	27.60207822181286	9.26359697530325E-4
8.0	23.033181873482537	26.926484667996125	22.414559188358574	27.625377547619927	3.967225428328105E-4
9.0	28.930264030851617	18.437092779526708	15.93727119661034	36.69484334980057	5.286432107674049E-4
10.0	26.899147186879148	17.08413471699708	24.95587986642431	31.059120978991416	0.0017172507080356766
11.0	28.481979371426537	18.631459300613997	19.93325350861328	32.953307819346186	0.0
12.0	26.69043887560882	19.63476283197982	21.16491739091432	32.50974898024875	1.3192124829161983E-4
13.0	27.485603745992982	21.51440548448818	18.624209969710837	32.37538520775835	3.9559204965471405E-4
14.0	31.78648050983903	18.25301276311816	20.65953106518434	29.30071193382536	2.637280331031427E-4
15.0	29.98838278014181	19.001077329015224	19.5906413470173	31.419766679809115	1.3186401655157135E-4
16.0	30.336503783837955	17.674129730456762	19.412229332623028	32.57687342504915	2.637280331031427E-4
17.0	29.987327868009395	18.381843907289046	20.681288627915347	30.949275868753105	2.637280331031427E-4
18.0	31.38745999575398	18.318417315327743	18.255913771482295	32.03820891743598	0.0
19.0	30.805148498662238	18.26277070034298	19.573235296832493	31.358581776129185	2.637280331031427E-4
20.0	30.063413405559654	18.49036799291099	19.33601193105622	32.10994294244004	2.637280331031427E-4
21.0	30.298658811087652	17.574836125993432	19.29777136625626	32.82741505649714	0.0013186401655157136
22.0	28.893120258664457	19.131095249335075	19.880610319414206	32.09504230856971	1.3186401655157135E-4
23.0	30.088731296737553	17.716853671819475	20.246928557394472	31.946299697899537	0.0011867761489641423
24.0	31.087469358099153	18.16466387202861	18.516081476138545	32.23152156570059	2.637280331031427E-4
25.0	29.512221816374083	18.20435494101063	19.2840575085349	32.99910200604728	2.637280331031427E-4
26.0	32.18062205531168	17.936802851427494	19.78580009151363	30.095983817647888	7.911840993094281E-4
27.0	29.33644708231084	18.160048631449303	19.910807179204518	32.59243337900224	2.637280331031427E-4
28.0	30.105214298806498	17.923220857722683	19.815733223270833	32.15543602815033	3.9559204965471405E-4
29.0	29.305195310388115	18.371294785964924	19.71723080290681	32.605883508690496	3.9559204965471405E-4
30.0	29.852324708941612	18.37125982227274	19.714038185383323	32.061190500993604	0.0011867824087199498
31.0	30.6541430023828	18.21874039857533	19.511677310374747	31.613988773008806	0.0014505156583165316
32.0	29.093426518098504	18.59101997758291	19.7987736533263	32.516120524823634	6.59326168655634E-4
33.0	29.379410926967182	18.549629192028945	19.45673731182682	32.614222569177045	0.0
34.0	29.915762933580893	17.98912355473036	19.65975504261963	32.433644189383074	0.0017142796860494557
35.0	30.30637345467214	17.350165222073247	19.93816049239345	32.40516886434898	1.3196651217786974E-4
36.0	30.77779977562199	17.452781627400515	19.132844981191845	32.63630964165512	2.639741305352075E-4
37.0	29.223914880135176	18.853231597845603	18.97111627415778	32.9513412187137	3.96029147745274E-4
38.0	30.561574325314616	18.3829733294778	19.497381009912154	31.55807133529543	0.0
39.0	29.403093115783136	18.74389064720832	19.70249763551535	32.14999022503554	5.283764576585525E-4
40.0	29.845134996105564	18.56198104487263	19.825523963676613	31.766169845029207	0.0011901503159849089
41.0	29.69171243796378	18.46891700785483	20.611781717257855	31.226926764159092	6.620727644451036E-4
42.0	29.392508005174207	18.445697351400643	19.556879148376698	32.604385351061346	5.301439871068982E-4
43.0	29.27348443654593	18.2358324160157	20.440312462699435	32.05037068473893	0.0
44.0	29.613041326108796	18.679093296600193	20.17987029273711	31.527862378125732	1.3270642816667398E-4
45.0	29.35722803094484	18.322573106248722	19.761327451725045	32.55741074677127	0.0014606643101282464
46.0	30.177283669814482	17.659015905576254	19.541193476216034	32.62210837899167	3.985694015613292E-4
47.0	29.72139926392306	17.92795271456616	20.064542969056326	32.28583922474005	2.658277144000202E-4
48.0	30.112622495246455	17.812570638371426	18.919914369673034	33.153296900554466	0.0015955961546132672
49.0	29.597680887946392	17.656754919399148	20.0554234787479	32.69000767627154	1.3303763501656984E-4
50.0	29.884662602827643	18.637468808837117	19.87086791990562	31.60593544194915	0.001065226480465078
51.0	30.13294968019275	18.325615380615293	19.43364049585124	32.10726109791822	5.333454224962432E-4
52.0	30.04882817717042	17.845122791646855	19.819752440073295	32.286296591109426	0.0
53.0	31.221939799331107	17.463812709030098	19.59638795986622	31.717859531772575	0.0
54.0	30.27069820525804	18.188942203361222	19.394679805067288	32.14501000651026	6.697798031919026E-4
55.0	29.022484388076997	18.39846348634091	18.40959569947853	34.169456426103565	0.0
56.0	29.20012728573903	18.379093988702717	20.51072731447231	31.90991714342874	1.3426765720392974E-4
57.0	28.32333510721216	18.55302553847973	19.63173200453683	33.491772965011585	1.3438475969317271E-4
58.0	30.83347569169349	17.813671514024875	22.13728547043497	29.215029276501188	5.380473454761652E-4
59.0	29.880714741750648	20.170065003461644	21.06416566319425	28.885054591593462	0.0
60.0	31.414548944389626	19.201836806591338	19.26392756438204	30.119416724820507	2.6995981648131676E-4
61.0	29.305466516269167	20.91133851068607	19.609426352563116	30.170522631307023	0.0032459891746261025
62.0	31.22482033418249	16.267590158464028	21.86469922762011	30.642618983670687	2.712960626802423E-4
63.0	26.666693892997795	20.138364214799417	25.592615129944473	27.60232676225832	0.0
64.0	26.323353031656655	19.47333622934203	18.5116427745949	35.69112154767076	5.464167356517795E-4
65.0	27.75253743122082	19.122531073941733	18.74493061797137	34.37931582524059	6.85051625490497E-4
66.0	26.60807899436717	19.536587277254334	16.94221295867287	36.90830873466851	0.004812035037114539
67.0	33.48945683373813	14.00488518436741	17.901716714506513	34.60049127842791	0.003449988960035328
68.0	34.27655048821746	15.36098503246409	22.92709955839907	27.433410934507958	0.0019539864114202134
69.0	31.89412106471329	16.923940099909434	20.54508740651291	30.636566624325724	2.8480453864512784E-4
70.0	33.054050494500615	15.827541953683255	22.115617275820775	29.002177701682434	6.125743129213363E-4
71.0	25.766407059068108	19.553918945451606	25.990082810075805	28.688821217242666	7.699681618165089E-4
