# Position (bp)	A	C	G	T	N
0.0	26.221963879776972	22.441484202030374	24.10532473398544	27.231227184207214	0.0
1.0	26.577390428659225	20.406296973691028	17.42367585098742	35.59263674666232	0.0
2.0	27.091390189293712	20.484058990063467	17.83209666376774	34.59245415687508	0.0
3.0	25.554856846933493	20.806391950876673	16.015757934452914	37.62299326773692	0.0
4.0	33.05452945374407	15.236595042911393	17.657086018761948	34.05178948458259	0.0
5.0	34.06924086430935	16.652187575091034	21.672797175652946	27.605774384946674	0.0
6.0	32.03632653966423	17.92745041508653	20.359199544624573	29.67702350062466	0.0
7.0	31.77697206237272	19.201898235926777	20.910901920781175	28.110227780919328	0.0
8.0	25.67835258812486	24.406279796882277	19.882327723204057	30.03303989178881	0.0
9.0	29.013351662767967	17.946955503080158	17.846808793694084	35.1928840404578	0.0
10.0	27.487381108984355	17.543029864092883	24.070857936783604	30.898731090139158	0.0
11.0	27.539562603686722	19.469271782062982	19.454492383067244	33.53667323118306	0.0
12.0	27.105193154612362	19.58590725031774	20.79663346436911	32.512266130700795	0.0
13.0	27.93503720287574	20.4032097178197	19.111638182637673	32.55011489666689	0.0
14.0	30.41406391412117	18.93043031764971	19.078191550273914	31.577314217955205	0.0
15.0	29.370097351277092	17.946094869484288	19.3698018997533	33.31400587948533	0.0
16.0	30.27787522386957	17.80617049168221	19.905467033474274	32.010487250973945	0.0
17.0	30.452456111203414	18.09196802717321	18.976574181757766	32.47900167986561	0.0
18.0	30.355283850532704	17.82325883595071	19.368581153417356	32.45287616009923	0.0
19.0	30.690810842733125	18.496427095021556	19.72627413925471	31.086487922990607	0.0
20.0	30.251319334243643	18.39871572498801	18.96888954496808	32.38107539580027	0.0
21.0	29.49659402053182	17.77124216772327	19.808925658870677	32.923238152874234	0.0
22.0	29.53238060447731	18.484489559464375	20.215046621723843	31.768083214334474	0.0
23.0	30.006272368372507	18.490204036453527	18.956204110246098	32.54731948492787	0.0
24.0	30.153360313730122	18.053131951848478	19.148457358306803	32.645050376114604	0.0
25.0	30.11232224865822	18.13312676368063	20.06233977019126	31.69221121746989	0.0
26.0	30.329821921244044	18.27741630888623	19.39391256878974	31.99884920107998	0.0
27.0	29.337631346977318	17.91150468589216	19.92085065263173	32.83001331449879	0.0
28.0	30.054177254404436	17.90504781539165	20.104961515340385	31.935813414863524	0.0
29.0	29.48359092937406	18.57199228502624	19.55000903522262	32.39440775037708	0.0
30.0	29.551472594909168	18.336812291170332	19.302315289466502	32.809399824454	0.0
31.0	30.42737438409111	18.243811406485115	19.867671790635235	31.46114241878854	0.0
32.0	30.174448624326917	18.3193184332817	19.296673305303532	32.20955963708786	0.0
33.0	30.397179285748532	17.616555468268807	19.933834187145244	32.05243105883741	0.0
34.0	29.80555022793998	18.571576105398268	20.27743763001431	31.34543603664744	0.0
35.0	29.710080779019588	18.393640957544907	18.78425731252997	33.11202095090554	0.0
36.0	29.60263239438698	18.378436204276166	19.529370969883875	32.48956043145298	0.0
37.0	29.57669576253053	18.59712681418737	19.508001977436564	32.31817544584554	0.0
38.0	29.11641326284021	18.996247827835436	19.452632977055302	32.43470593226905	0.0
39.0	29.49050484627333	18.12399228138271	20.030771160707367	32.35473171163659	0.0
40.0	29.974393789571558	18.751568103664564	20.494561447525715	30.77947665923816	0.0
41.0	30.438007106407944	18.154178796633495	19.54188389915247	31.86593019780609	0.0
42.0	29.595628253995194	18.68102268156878	19.67839181146292	32.044957252973106	0.0
43.0	29.732921042338546	18.711393843678735	20.441244843287603	31.114440270695116	0.0
44.0	29.37156604810946	19.027552793839273	19.53602674469663	32.06485441335464	0.0
45.0	29.589189707787057	18.523547883587145	19.436459644060353	32.450802764565445	0.0
46.0	30.19685983653438	18.14025571483921	20.135790852567297	31.527093596059114	0.0
47.0	30.17726806444233	18.861484417089173	19.262219467015004	31.699028051453492	0.0
48.0	30.112474814940555	17.876410547835007	19.403381624685416	32.60773301253902	0.0
49.0	29.542510674258892	18.752744677631846	20.231088017890684	31.473656630218578	0.0
50.0	29.821013396316935	19.02941285013101	19.168173598553345	31.981400154998706	0.0
51.0	29.716084602581184	18.713394178498014	19.545986322754935	32.02453489616587	0.0
52.0	29.966747491299355	18.498138080950113	19.947445535638497	31.58766889211203	0.0
53.0	31.031301093563734	18.317469339248348	19.09879719061521	31.552432376572714	0.0
54.0	29.88266904847145	17.832163960685456	19.647674972226632	32.63749201861646	0.0
55.0	29.437731141441954	18.65925045582384	19.989813167588157	31.913205235146048	0.0
56.0	29.39593698787888	18.410892770141587	19.411512851933328	32.781657390046206	0.0
57.0	29.102210607520274	17.890086039841872	19.716079595158735	33.291623757479115	0.0
58.0	29.6184057050894	18.039170813093357	20.317367744983684	32.02505573683356	0.0
59.0	29.359261145932535	18.42668674743269	20.017275364886714	32.19677674174806	0.0
60.0	29.818610007825537	17.934132620668272	19.55608546074682	32.69117191075937	0.0
61.0	29.56081642296291	18.0538892313826	20.172100011443803	32.21319433421069	0.0
62.0	29.14627033173116	18.702977680318366	19.532859326201077	32.6178926617494	0.0
63.0	28.891399290442383	17.885503538558662	19.92889656776423	33.29420060323473	0.0
64.0	29.60028648534901	18.629669692729696	20.335291229339646	31.434752592581656	0.0
65.0	29.827553744088426	17.885530537127078	20.386019707088717	31.900896011695778	0.0
66.0	29.69781994720617	17.8483746515792	19.80026950694996	32.65353589426467	0.0
67.0	29.353215463167725	18.091802867132092	20.491170813289376	32.063810856410804	0.0
68.0	29.909692378125325	18.129827359591218	19.590034409936052	32.37044585234741	0.0
69.0	29.130267831429396	18.14674238116688	19.842565037918785	32.88042474948494	0.0
70.0	29.26526678802066	17.64962172261135	21.07571824703784	32.00939324233014	0.0
71.0	29.773729257899905	18.11089038718587	19.70785670504309	32.40752364987113	0.0
72.0	29.782512369839747	17.903773724244886	19.72712502769367	32.5865888782217	0.0
73.0	29.79624542124542	18.359698097601324	20.44598546614676	31.3980710150065	0.0
74.0	30.16118609331438	18.200919480807222	19.48708480271782	32.150809623160576	0.0
75.0	29.40166395249648	18.286121543125763	19.566028190442427	32.746186313935326	0.0
76.0	29.42601489709776	18.206291937324355	20.458951737687	31.908741427890885	0.0
77.0	29.67412419029611	17.981519916684515	19.75899075995834	32.58536513306103	0.0
78.0	30.070206409058507	17.791655741155875	19.293282565100654	32.84485528468496	0.0
79.0	30.761247719433015	18.09680683689976	19.816372808993744	31.32557263467348	0.0
80.0	30.452253882661445	18.470203689682556	19.308230688260604	31.769311739395395	0.0
81.0	29.90201328896292	17.99254665726073	19.109440039002624	32.99600001477373	0.0
82.0	29.638699287888187	18.508258724108384	20.03368495700736	31.81935703099607	0.0
83.0	31.106457165229852	18.129335372204864	18.789383093618184	31.974824368947104	0.0
84.0	29.823958748873423	17.606341326477846	19.143285610862403	33.42641431378633	0.0
85.0	29.948361073557766	17.727148482229264	20.398484076150794	31.926006368062172	0.0
86.0	30.171171903280857	18.534511417616596	19.329053420113624	31.965263258988923	0.0
87.0	29.351467758081256	17.764545525064733	20.329197433501157	32.55478928335285	0.0
88.0	29.986369328403146	18.381089936574895	19.570541495975444	32.06199923904652	0.0
89.0	30.290985256796244	18.46391406016232	19.71695708549285	31.528143597548585	0.0
90.0	29.806829138544405	18.334792550971027	19.743399349078107	32.114978961406464	0.0
91.0	29.842326533326435	18.599040955202707	20.32687320363816	31.23175930783269	0.0
92.0	29.741681875614205	18.873626576619845	19.585553100778057	31.79913844698789	0.0
93.0	30.092808110364803	17.657555806787702	20.037610930076184	32.21202515277131	0.0
94.0	30.092144445840198	18.146618291448373	20.67671117482321	31.084526087888214	0.0
95.0	30.1530708382134	18.684765701491546	19.496857669613796	31.665305790681263	0.0
96.0	29.671352829247567	18.665090244037614	19.786813471023997	31.876743455690825	0.0
97.0	29.307917693526992	18.41291423884248	20.865924987160398	31.41324308047013	0.0
98.0	29.29495966922483	18.423201557806212	19.82581834708484	32.45602042588412	0.0
99.0	29.676120092378756	18.026420323325635	19.88323325635104	32.414226327944576	0.0
100.0	29.710654748239268	18.583045123640108	21.045108828473882	30.661191299646745	0.0
101.0	30.046341680777118	18.012357781540565	19.451623444137482	32.48967709354484	0.0
102.0	30.220367353648875	17.794159405777823	19.732555185246074	32.25291805532722	0.0
103.0	29.38689217758985	18.125215539861756	20.27274226680461	32.21515001574378	0.0
104.0	30.32861835792421	18.413239560638043	19.3825752872071	31.875566794230647	0.0
105.0	30.25088142933261	17.45400129238513	19.774626171932567	32.520491106349695	0.0
106.0	29.079913803569262	18.28525251912104	20.86735158431468	31.767482092995024	0.0
107.0	29.806264421649036	18.544241621164698	19.4059232520771	32.243570705109164	0.0
108.0	28.899010703054252	18.433250159533205	20.53144619241042	32.13629294500212	0.0
109.0	28.962226182947166	18.256769964928417	20.587976005672783	32.19302784645164	0.0
110.0	29.714872236467293	18.133310780420484	19.984699898896316	32.16711708421591	0.0
111.0	29.202621939464045	17.82456140350877	19.782918835550415	33.18989782147677	0.0
112.0	29.85548618686224	18.119541083544146	20.40406619165874	31.62090653793488	0.0
113.0	30.339120608576454	18.016923023155574	19.35740663795681	32.28654973031116	0.0
114.0	29.922585775428583	17.914025773557547	19.525847619493106	32.63754083152077	0.0
115.0	29.819027192886328	17.746215382688604	21.26704447610251	31.167712948322556	0.0
116.0	30.273105941527824	18.23050927381327	19.149245520276644	32.34713926438227	0.0
117.0	30.059210344650754	17.818329566119534	19.990690445477963	32.13176964375175	0.0
118.0	29.810268034047137	18.12954714768026	20.19765727781388	31.862527540458718	0.0
119.0	30.180383089832773	18.23643140459628	19.308764027027568	32.27442147854338	0.0
120.0	29.765944172754534	17.606311256012397	20.045885407232987	32.58185916400008	0.0
121.0	29.963856352378205	17.84739981216687	20.261990624606142	31.926753210848783	0.0
122.0	29.739124718025415	17.948991876666682	19.661589412136927	32.650293993170976	0.0
123.0	28.88930410230859	17.922687261252285	19.786995515695065	33.40101312074406	0.0
124.0	29.6520144214021	18.323491020200873	20.04642046193816	31.978074096458865	0.0
125.0	29.12384809008986	18.25694966190834	20.078357464546006	32.54084478345579	0.0
126.0	30.346727780710452	17.668138725446017	19.17710626719369	32.80802722664984	0.0
127.0	29.7327800253503	17.84157796954491	20.638792908860452	31.786849096244335	0.0
128.0	29.49735043222858	18.214625965325126	19.229232613171888	33.058790989274414	0.0
129.0	30.32948402730315	17.208705763307623	20.166250965285236	32.29555924410399	0.0
130.0	30.084798994974875	18.223707824838478	20.11934673366834	31.572146446518307	0.0
131.0	30.44330505013839	18.167793457053406	19.20776804755207	32.18113344525614	0.0
132.0	29.94162834879815	17.870352524390356	20.07718641298861	32.11083271382289	0.0
133.0	30.218963177754233	17.907860740905964	20.553820702987043	31.31935537835276	0.0
134.0	29.55612864363229	18.252750665901154	20.237277287829304	31.95384340263725	0.0
135.0	29.436819011229314	17.543842932485934	20.359986088414793	32.65935196786995	0.0
136.0	29.905586190593354	18.435538573613343	22.819967290463577	28.838907945329723	0.0
137.0	31.017862205840657	19.69731040348836	20.26045383885885	29.024373551812126	0.0
138.0	31.208684637612315	18.537485650951986	19.581007797965405	30.672821913470294	0.0
139.0	28.427205900800324	21.71705261045184	20.413959206201863	29.441782282545976	0.0
140.0	31.93530882479727	17.10187997951142	20.554003134144423	30.40880806154689	0.0
141.0	26.36260856159104	20.078112955444784	24.550079654658514	29.009198828305667	0.0
142.0	27.430016968737963	18.902445372115054	19.042983999417025	34.624553659729955	0.0
143.0	28.257404631721165	19.72439781291562	18.45563554223226	33.56256201313095	0.0
144.0	27.0830099607671	19.07907061386372	17.629647867346776	36.2082715580224	0.0
145.0	33.519631812046335	15.085840050739682	19.20356045123624	32.19096768597774	0.0
146.0	33.740408217421106	16.55867849008204	22.056124366997633	27.644788925499213	0.0
147.0	31.856426883426757	17.597296587626865	20.838993983537495	29.70728254540888	0.0
148.0	31.934223057799105	18.000222637262056	22.12767010105258	27.93788420388626	0.0
149.0	22.8092742065151	24.190436376499342	23.986236614464417	29.014052802521146	0.0
