# Position (bp)	A	C	G	T	N
0.0	25.75976791874211	26.028148688100313	25.909236495366844	22.302846897790737	0.0
1.0	25.772653140864932	21.18035997629119	15.164801990950894	37.88218489189298	0.0
2.0	27.56542788401404	20.053637253242883	18.67886074179806	33.702074120945014	0.0
3.0	22.82510765519448	23.588530998444472	15.564495666211897	38.021865680149155	0.0
4.0	33.94160449750527	13.881157320763457	14.727932552128337	37.44930562960293	0.0
5.0	35.52961935045123	15.329645082434245	23.408752550223316	25.731983016891206	0.0
6.0	32.50327124101327	18.05320728641369	20.773850654983313	28.669670817589722	0.0
7.0	34.40206985009023	17.940660867264246	20.12333836830248	27.533930914343046	0.0
8.0	22.459704388601835	27.071007004417268	22.384735809256416	28.084552797724484	0.0
9.0	29.652805590972726	18.506134417037476	15.199905935264354	36.64115405672545	0.0
10.0	26.784264304426266	16.655705420489326	24.99017162004769	31.569858655036725	0.0
11.0	27.893485776427408	18.7189783569505	19.736286183497494	33.6512496831246	0.0
12.0	26.222383859757397	20.17971155047132	21.43276980610843	32.16513478366285	0.0
13.0	27.06771336524368	21.277564919679232	18.21902057519442	33.43570113988267	0.0
14.0	30.416256483345332	18.680850438590046	20.160816350519404	30.74207672754522	0.0
15.0	30.095778827296964	18.77309085033089	19.137035704055176	31.994094618316964	0.0
16.0	29.824123370662754	17.526711951532953	18.76225445199192	33.88691022581237	0.0
17.0	30.167039906017106	18.136862586732256	20.15492492382246	31.541172583428175	0.0
18.0	31.370692154941104	17.573842217890977	18.77998377618476	32.275481850983155	0.0
19.0	30.075378359731666	18.190258796588523	19.655989900620934	32.07837294305888	0.0
20.0	30.306554880845365	17.95446623493368	19.58869177567007	32.15028710855088	0.0
21.0	30.12470328396321	17.839283552300902	19.777889473046994	32.2581236906889	0.0
22.0	28.96612438787301	18.674320928782347	19.735524457568367	32.62403022577628	0.0
23.0	29.589026022850227	17.823910212914228	20.201727521135542	32.3853362431	0.0
24.0	30.796002567158702	18.53488585312185	18.67057852755111	31.998533052168334	0.0
25.0	29.397765318058973	17.85361989871691	19.563551288774153	33.18506349444997	0.0
26.0	30.695360110295468	17.837578193178402	20.36249367487771	31.104568021648422	0.0
27.0	28.887185899245754	18.400721611305244	19.559039758289547	33.153052731159455	0.0
28.0	29.74256307589641	17.593784260450924	20.278153611486946	32.38549905216572	0.0
29.0	29.26624476596244	18.274949217919293	19.819677781281396	32.639128234836875	0.0
30.0	29.78723404255319	18.18318477969942	19.42282238460664	32.60675879314074	0.0
31.0	30.043557328483857	18.262913207989907	19.63196257296219	32.061566890564045	0.0
32.0	29.76956193298081	18.44347960014375	19.67744537913736	32.10951308773809	0.0
33.0	30.580879386849535	18.096373171000035	20.097913381495474	31.224834060654956	0.0
34.0	29.831277938517843	18.147614385196757	19.863071467599568	32.15803620868583	0.0
35.0	29.78040676822426	18.48793117358427	19.866073065723945	31.865588992467526	0.0
36.0	30.1828463298715	17.729419703103915	19.366822155723757	32.72091181130083	0.0
37.0	28.777076043981836	19.427267859369614	19.101218376134206	32.694437720514344	0.0
38.0	30.052303787439755	18.245439007034967	19.835459473734403	31.866797731790875	0.0
39.0	29.28489685730215	18.87489362950791	19.93566419202441	31.90454532116553	0.0
40.0	30.593957355967266	18.302528344380093	19.572385916391873	31.53112838326077	0.0
41.0	30.229623651969774	17.99097645073729	20.590932433423813	31.188467463869124	0.0
42.0	29.975714799298594	19.082591693140717	19.900291275670043	31.041402231890654	0.0
43.0	29.71810938119066	18.603900391800078	19.709231514226598	31.968758712782662	0.0
44.0	29.360464049721706	18.68343135564304	20.437559849866265	31.518544744768985	0.0
45.0	29.347192004725546	19.44702286827536	19.634870726186065	31.570914400813027	0.0
46.0	30.0778913923224	18.4660935797387	19.417080338568898	32.03893468937001	0.0
47.0	29.808277876015293	18.513694961516165	20.009024807213976	31.669002355254566	0.0
48.0	30.654569734679505	18.566564921343037	19.471266729279176	31.307598614698286	0.0
49.0	29.290386964928437	18.793866970945526	19.42492762981688	32.490818434309155	0.0
50.0	29.80098188142571	18.653178639309015	19.75210796292627	31.793731516339008	0.0
51.0	29.98183719522263	18.981782156420277	19.468325169244316	31.568055479112772	0.0
52.0	29.715816317170272	18.53523400664135	19.29476947914947	32.45418019703891	0.0
53.0	31.08253891371832	18.283760081606893	19.656106206380308	30.977594798294472	0.0
54.0	30.458220035154543	18.2304567522045	20.077721633255173	31.233601579385784	0.0
55.0	29.510194344020114	18.26283239434035	19.257125029821438	32.9698482318181	0.0
56.0	29.490699279139076	18.50197465975658	20.518109611968345	31.48921644913599	0.0
57.0	28.413053852648577	18.507396938438383	19.72467971073015	33.354869498182886	0.0
58.0	29.882563701574504	17.970800615264885	19.219318436287413	32.9273172468732	0.0
59.0	29.688056419312087	17.945291476528052	20.63886573980594	31.72778636435392	0.0
60.0	29.908508154229114	18.75803123646163	19.804019473224315	31.52944113608494	0.0
61.0	30.271689246245913	17.87164518853031	19.694533171788375	32.1621323934354	0.0
62.0	28.937426340195398	18.474705085417835	19.907698069149347	32.68017050523742	0.0
63.0	29.264656745572776	18.19687239534568	20.065063576513957	32.47340728256759	0.0
64.0	28.30191450455677	19.071608492263405	19.74355773255686	32.88291927062297	0.0
65.0	30.10314426611147	17.88996720974381	20.63289233559891	31.37399618854581	0.0
66.0	30.073219452726818	18.364716595919685	20.454812508261973	31.10725144309152	0.0
67.0	29.583810698863132	17.670603096266266	19.70381304897036	33.04177315590024	0.0
68.0	29.62818794410885	18.428657987991848	20.029377742687696	31.91377632521161	0.0
69.0	29.68888856246833	17.961250615098745	20.14035268109609	32.20950814133684	0.0
70.0	28.556214147735204	18.17567517939904	19.917516838169945	33.350593834695815	0.0
71.0	29.681044455461908	17.74509263849869	21.06024715841275	31.513615747626655	0.0
72.0	30.028315087056956	18.070975015883626	20.08057496887544	31.82013492818398	0.0
73.0	30.287749967864553	17.953982040876287	19.15419505297758	32.60407293828158	0.0
74.0	29.550212662802743	18.212236742549457	20.678611043774012	31.558939550873788	0.0
75.0	30.156503087088588	17.967553431792055	20.035406941082705	31.840536540036656	0.0
76.0	29.05985417546695	18.44404855920219	19.355727377913276	33.140369887417584	0.0
77.0	29.103838906255163	18.001829275012028	21.54908003629164	31.345251782441164	0.0
78.0	30.108253652229173	17.991705573575384	19.200238033140973	32.69980274105448	0.0
79.0	29.91242634850199	17.866641197819476	19.49983102399459	32.72110142968394	0.0
80.0	30.751428949263115	18.017617585259416	20.00602436193191	31.224929103545556	0.0
81.0	30.196123088451916	18.69175357330463	19.674022047776305	31.438101290467145	0.0
82.0	30.142566939604663	17.9602752155402	19.098680126220046	32.79847771863509	0.0
83.0	29.833101274425882	18.338286780724538	20.257824181395364	31.570787763454213	0.0
84.0	30.943283933019345	18.099324756243618	19.00895671533222	31.94843459540482	0.0
85.0	29.970497573305998	17.44905044804744	19.355502404649847	33.22494957399672	0.0
86.0	30.296238872212772	18.083687573251424	20.004114939065833	31.615958615469967	0.0
87.0	29.92159542652235	18.570200383572516	20.31060555959703	31.19759863030811	0.0
88.0	29.970974023588198	17.945034353529042	19.033692177683065	33.05029944519969	0.0
89.0	29.642340111258903	18.83868929077962	20.405793693369294	31.113176904592187	0.0
90.0	30.36016108408413	18.64445391613633	19.423786357824188	31.57159864195535	0.0
91.0	30.0416331360077	18.290652938388103	19.694347373952283	31.97336655165191	0.0
92.0	29.06884019358893	18.53720560187856	20.391881612359118	32.00207259217339	0.0
93.0	30.216414262982465	18.407523234491048	19.856164811459777	31.51989769106671	0.0
94.0	29.79754734246434	17.973415456078907	20.1012079540485	32.12782924740824	0.0
95.0	30.31730748028313	18.26190178682994	20.943984241203665	30.476806491683266	0.0
96.0	30.089490802844594	18.67877028243812	19.676216027490398	31.55552288722689	0.0
97.0	29.882940992704487	18.435047871069703	19.98015326092949	31.701857875296323	0.0
98.0	29.01661998956197	18.012951977712603	21.114957990605774	31.855470042119656	0.0
99.0	30.01514282773931	18.54628853702642	19.767638453961393	31.670930181272876	0.0
100.0	29.771815251940918	18.54827098646249	20.189606352698828	31.490307408897767	0.0
101.0	29.772061821281643	18.65609132352396	20.604128831399873	30.96771802379452	0.0
102.0	30.28962188254224	18.097270641518428	20.189356693781473	31.42375078215786	0.0
103.0	29.487870619946094	17.66284815813118	20.08048817011081	32.76879305181192	0.0
104.0	30.312909394810944	18.067204746344622	20.35943923263413	31.260446626210303	0.0
105.0	30.580111962063196	18.167321925020264	19.705474626729995	31.547091486186545	0.0
106.0	29.175829410980047	18.10736132019742	20.258017798273528	32.458791470549	0.0
107.0	29.854648042808297	18.058600757424756	20.31592585210285	31.770825347664093	0.0
108.0	29.319942943058713	19.078993022090287	20.45337137129419	31.147692663556807	0.0
109.0	28.86098515676472	18.385846606983684	20.23136844552959	32.521799790722014	0.0
110.0	29.650492395911243	17.728590127150337	21.36974881575667	31.25116866118175	0.0
111.0	29.283922007664575	18.830662997482982	20.210912820352224	31.67450217450022	0.0
112.0	29.242022218897873	18.13139226354038	19.247061231881204	33.37952428568054	0.0
113.0	30.25904766429513	17.61429097430903	20.81249826786867	31.314163093527174	0.0
114.0	30.19804939875726	18.220624399654042	19.44941549719606	32.13191070439264	0.0
115.0	29.599174913518418	17.73173452762194	20.46423153788736	32.204859020972286	0.0
116.0	29.982708188561546	18.137009324649718	20.407973625947413	31.47230886084132	0.0
117.0	30.30285779346465	18.179193571997853	19.834583041915387	31.68336559262211	0.0
118.0	29.615392487974617	18.353904411012177	19.961518780063454	32.06918432094975	0.0
119.0	30.59220961130451	17.85898201742641	20.00123591571055	31.54757245555853	0.0
120.0	30.127777386345265	18.319455899601707	19.8608250199976	31.69194169405543	0.0
121.0	29.97869741575891	17.569420994926567	19.984825556431005	32.46705603288352	0.0
122.0	29.480302534270148	18.265800364317073	20.676672794580575	31.577224306832203	0.0
123.0	28.95044753927321	18.630643873632987	19.932499503672823	32.48640908342098	0.0
124.0	29.029511435042487	18.12790559065443	19.49789690581203	33.34468606849105	0.0
125.0	29.13226065210211	18.203266087001282	20.379799504982348	32.28467375591426	0.0
126.0	29.978118161925604	18.10441009851152	19.83463211700297	32.082839622559916	0.0
127.0	29.614113708292283	17.935081126794948	19.497894452339644	32.95291071257313	0.0
128.0	29.381900587620446	17.86840464123532	21.31419687480786	31.435497896336372	0.0
129.0	30.214563794018755	18.192797734914173	19.503185276942133	32.089453194124935	0.0
130.0	29.75636268058965	18.013302267978776	19.64156045493222	32.588774596499356	0.0
131.0	30.119309262166404	18.151154967481496	20.993944830679524	30.735590939672576	0.0
132.0	30.677721050015816	18.432657118330095	19.21565083811503	31.673970993539058	0.0
133.0	30.299375580273434	17.89699805210173	20.312300886566785	31.491325481058052	0.0
134.0	30.74848775297749	17.52555571351919	20.599120397334595	31.126836136168727	0.0
135.0	29.537035752438296	18.348848716917086	20.672225382335125	31.441890148309493	0.0
136.0	28.693242776777467	18.435193909822836	20.333709615725496	32.5378536976742	0.0
137.0	30.17591912802846	18.301142674271944	22.949022044012725	28.573916153686866	0.0
138.0	30.605083594888864	19.746057673588194	20.030959311297774	29.617899420225168	0.0
139.0	30.61060255507494	19.140548282485714	20.07894194796921	30.169907214470136	0.0
140.0	29.309169989126495	20.98973057871209	20.216020297209134	29.48507913495228	0.0
141.0	31.702980617946057	16.952843009747045	20.98610278967135	30.358073582635548	0.0
142.0	27.277681762834362	19.755292823755845	24.143230291841785	28.823795121568015	0.0
143.0	27.89774162082403	19.11526596982556	19.622299575656445	33.364692833693965	0.0
144.0	28.37876313068497	19.601496510971582	19.01258248043197	33.00715787791148	0.0
145.0	27.680948922778985	19.46865165819414	17.240075042362623	35.61032437666425	0.0
146.0	32.870521338605144	14.64812701259528	20.091815106183507	32.38953654261607	0.0
147.0	33.67327921808995	16.411620972417793	22.605193406775452	27.309906402716805	0.0
148.0	31.556462411528408	17.066781440625732	21.5472167314927	29.829539416353164	0.0
149.0	32.111615167337156	17.120031955262633	23.668578276127707	27.099774601272504	0.0
150.0	27.233416743491812	17.194199335645404	27.185858319797475	28.38652560106531	0.0
