# Position (bp)	A	C	G	T	N
0.0	28.14839850249584	22.595525314951274	23.82524661278821	25.43082956976468	0.0
1.0	29.41146066005309	18.622372691124838	19.881339599862656	32.08482704895941	0.0
2.0	29.844314451799825	20.59780316505602	20.095355106082554	29.462527277061596	0.0
3.0	31.62475998236531	20.095897747933204	20.577572606473097	27.701769663228387	0.0
4.0	32.745573699265	19.312067779427206	20.135776096165685	27.80658242514211	0.0
5.0	32.39902883243757	19.76808691517413	19.981340326508263	27.85154392588003	0.0
6.0	29.54388327882476	19.139492980753044	18.449926744781685	32.86669699564051	0.0
7.0	29.15759336869837	21.306126528776336	19.42554421938699	30.1107358831383	0.0
8.0	28.907587604154777	20.47711448464787	20.270588403150324	30.344709508047025	0.0
9.0	32.62738728727231	18.993581661074664	19.776462291368365	28.602568760284658	0.0
10.0	30.571053670297317	21.68645565524133	20.86929310816914	26.873197566292223	0.0
11.0	28.802685565087653	21.6582298715831	20.284897248716717	29.25418731461253	0.0
12.0	30.023287350282928	20.0363509858075	19.85317609638691	30.087185567522667	0.0
13.0	30.865327642302383	19.742626318534523	20.344726039305012	29.04731999985808	0.0
14.0	30.410296240340184	19.64839857146404	20.424021250713736	29.51728393748205	0.0
15.0	30.8277554030291	19.449486641329628	20.56696352600828	29.15579442963299	0.0
16.0	30.97963046321468	19.7829423294357	20.326649819059536	28.910777388290086	0.0
17.0	30.274510915591524	19.80078735414282	20.732005485257485	29.192696245008165	0.0
18.0	30.5771949029152	19.40526925488612	20.76739679536912	29.250139046829553	0.0
19.0	29.856851439985267	19.459633664348146	20.647462141066143	30.036052754600444	0.0
20.0	30.377470054844867	19.224028353627233	20.204437866679886	30.194063724848018	0.0
21.0	30.523275364678646	19.29460654350835	19.83795206524394	30.344166026569063	0.0
22.0	30.37760554906749	19.81915985419542	19.843224687688007	29.960009909049084	0.0
23.0	30.4123218891865	19.27683559845587	20.069775917401163	30.24106659495646	0.0
24.0	30.73586794635498	19.387065619992004	19.442253062726188	30.434813370926832	0.0
25.0	31.13478488462572	19.57012294328198	19.25639828530198	30.03869388679032	0.0
26.0	30.87891529835307	19.39427589304344	19.802736509306182	29.924072299297304	0.0
27.0	30.723615816012618	19.688686784393322	19.618673135267784	29.969024264326276	0.0
28.0	30.967591397773433	19.42642395273937	19.579858373665846	30.02612627582135	0.0
29.0	30.724648955618655	19.835642983178868	20.019165555748074	29.420542505454407	0.0
30.0	31.849972038763475	19.38704722263515	19.541718872772833	29.221261865828534	0.0
31.0	30.876271138430162	19.53729144831884	19.89986686683851	29.68657054641249	0.0
32.0	30.501365621756428	19.88281512917613	19.711713881872832	29.90410536719461	0.0
33.0	30.753582200107033	19.66515333553068	20.267650509110112	29.313613955252183	0.0
34.0	30.457191064605087	20.733462359188128	19.894794303012258	28.91455227319452	0.0
35.0	30.437431851709317	19.75961915350024	19.85867915250251	29.94426984228793	0.0
36.0	30.02464349200785	19.712289913336456	20.57284494629579	29.690221648359906	0.0
37.0	29.999856511507776	19.757289215404924	20.335906560293864	29.906947712793436	0.0
38.0	30.285677287540558	19.720797392862025	20.296684244224945	29.696841075372475	0.0
39.0	30.89437051462368	19.842042626852756	19.595008835515166	29.6685780230084	0.0
40.0	30.826271186440678	19.551541620871173	19.69615896338289	29.926028229305256	0.0
41.0	30.41763912848093	19.7334850615369	20.237957177855414	29.610918632126754	0.0
42.0	30.52904172477917	20.08513482101348	19.623866806136682	29.761956648070665	0.0
43.0	30.816763224548023	19.729104195173075	19.55406270924918	29.90006987102972	0.0
44.0	30.83299916153257	19.516605300572344	19.732054974299153	29.91834056359593	0.0
45.0	30.742961913249278	19.69532060366112	19.597072272787038	29.96464521030256	0.0
46.0	30.371668721938228	19.86087580183035	19.705358221025246	30.062097255206176	0.0
47.0	29.426687146926312	20.45068790943717	19.798521168841166	30.324103774795354	0.0
48.0	29.690088488423775	20.415884572012093	19.829267665543878	30.064759274020254	0.0
49.0	30.029583621565138	20.572391563516476	19.59620564296543	29.80181917195296	0.0
50.0	29.95435877395427	20.493205429757488	19.567477492755653	29.98495830353259	0.0
51.0	30.40679293227751	19.668183429854626	19.818505495804278	30.10651814206359	0.0
52.0	29.775218527263174	19.88801634236061	20.354306522881522	29.98245860749469	0.0
53.0	30.16475753609054	19.801682803733467	20.46545950776693	29.568100152409066	0.0
54.0	29.975216346064528	19.800913316662268	20.45301695469459	29.770853382578615	0.0
55.0	29.83038100982122	20.55718125702713	19.842741304979114	29.769696428172537	0.0
56.0	30.191037181558066	19.88823522828589	20.030739042687724	29.88998854746832	0.0
57.0	29.748810578285067	20.60306390548909	20.140002317176634	29.50812319904921	0.0
58.0	29.701494772788546	20.381631369259804	20.179058203277116	29.737815654674538	0.0
59.0	29.92679366770854	20.06026108132244	19.74657326073987	30.266371990229153	0.0
60.0	29.996277257805538	20.15846096573197	19.824918306490733	30.02034346997176	0.0
61.0	29.81001115364905	19.715581949175533	20.05094504566967	30.423461851505746	0.0
62.0	29.870885148582154	19.87892886409897	20.19199178257044	30.058194204748435	0.0
63.0	29.594589992090853	19.744106928639816	20.603517110625884	30.057785968643447	0.0
64.0	29.684732688362075	19.794751991990324	20.4963573408778	30.0241579787698	0.0
65.0	29.800690210863976	20.618909345211854	19.67367012785624	29.906730316067925	0.0
66.0	29.803564558582103	20.102160142308087	20.30937534519996	29.784899953909854	0.0
67.0	29.825010116125483	20.09024347414471	20.389528092289606	29.695218317440204	0.0
68.0	29.34626271899625	20.14038711651748	20.24481676994874	30.268533394537528	0.0
69.0	30.293676691066228	19.55160527153303	20.30506485887491	29.849653178525827	0.0
70.0	29.80937740199846	19.840891621829364	21.127978478093773	29.221752498078402	0.0
71.0	30.381741140215716	19.624422187981512	20.188751926040062	29.805084745762713	0.0
72.0	30.537710791278027	19.446846624251034	20.745181913645066	29.27026067082587	0.0
73.0	30.86871219772693	19.222806549104742	20.32025756819404	29.588223684974285	0.0
74.0	30.341946644532193	19.899308814745286	20.06686887649427	29.691875664228256	0.0
75.0	30.871160588651435	19.147497143034837	20.492408635420148	29.488933632893584	0.0
76.0	31.00101687387258	19.96462369822612	20.269685859998678	28.764673567902634	0.0
77.0	31.355664124283855	19.32445256757232	19.656016777383336	29.66386653076049	0.0
78.0	31.497878403557394	18.841890178026212	20.484757386443704	29.17547403197269	0.0
79.0	31.44498373623269	19.10649334343034	20.432706455675838	29.015816464661132	0.0
80.0	31.31910911178571	19.285669345832613	20.16098589112415	29.234235651257528	0.0
81.0	31.289958927543772	18.772319844854906	20.219710048955843	29.718011178645476	0.0
82.0	31.42198843629092	19.067078207190367	19.85353689044512	29.657396466073592	0.0
83.0	30.85744390924072	19.030849917606794	20.249318671568005	29.862387501584486	0.0
84.0	30.740490748828712	18.87437465258477	20.38831096640991	29.996823632176607	0.0
85.0	31.219791857437475	18.96772755141854	19.998088974177264	29.814391616966724	0.0
86.0	30.610819547821922	19.284018119050945	20.069043960648933	30.0361183724782	0.0
87.0	30.999655870607352	19.116387761798435	20.119965106880187	29.76399126071403	0.0
88.0	30.552223537199367	19.159529015304997	20.24672537259543	30.041522074900207	0.0
89.0	30.741573395214907	19.111833241503014	20.14985099357724	29.996742369704844	0.0
90.0	30.704463889672972	19.674583652566636	19.78063631598048	29.84031614177991	0.0
91.0	30.392798822977802	19.719972191233772	19.351748557016055	30.53548042877237	0.0
92.0	30.752740461572753	19.372682511701417	19.274613498672828	30.599963528053003	0.0
93.0	30.842253269288598	19.032989539901983	19.870935231918335	30.25382195889108	0.0
94.0	30.537272434578128	18.981615444493805	19.612909536249486	30.868202584678585	0.0
95.0	30.90154186912298	18.964622419831386	19.554725524411225	30.579110186634413	0.0
96.0	30.228860614256153	19.200114737640092	19.89509701477247	30.675927633331284	0.0
97.0	31.13128457182309	19.41200161095449	19.25254999301372	30.204163824208702	0.0
98.0	31.038534318919208	19.383005652139857	19.51328108573855	30.065178943202387	0.0
99.0	30.646241627387745	19.43355660299347	19.939634499297114	29.98056727032167	0.0
100.0	30.26026005267415	19.27873747952137	20.266688787042987	30.194313680761493	0.0
101.0	29.769220208105374	19.133878906136236	20.404478301207778	30.69242258455061	0.0
102.0	30.274858022708024	19.02850394949322	20.190610512787345	30.506027515011414	0.0
103.0	30.164841373134077	19.049033926606043	20.214097096967237	30.572027603292646	0.0
104.0	30.28580783001801	19.321515969391825	19.692155290739894	30.700520909850276	0.0
105.0	29.85897344119121	19.19081327140349	20.17576735039352	30.774445937011784	0.0
106.0	30.16937981384698	18.432360036672907	20.06151584159671	31.336744307883407	0.0
107.0	30.106852369104786	18.94181822805627	19.84927924453129	31.102050158307655	0.0
108.0	30.051150351419498	18.956243701873813	20.15527937105902	30.837326575647673	0.0
109.0	30.370357732385294	18.560539818894515	20.17453689288502	30.894565555835168	0.0
110.0	30.291798984823714	18.617699675588693	20.685714774838008	30.404786564749585	0.0
111.0	30.02537537086255	18.993744176760284	20.739535343039805	30.241345109337363	0.0
112.0	29.969587580015677	18.90050055569436	20.635645423921563	30.494266440368396	0.0
113.0	29.886383771332753	18.798321470398847	20.948343294740983	30.36695146352742	0.0
114.0	29.671558956793202	18.659787109502027	21.068354759685217	30.600299174019558	0.0
115.0	30.130597826559825	18.78833755318316	21.14927827516901	29.931786345088007	0.0
116.0	29.35542313317181	19.153951935040272	21.3913081439766	30.09931678781132	0.0
117.0	29.797785098479007	18.94494287516647	20.932045980234108	30.325226046120417	0.0
118.0	30.583808778669574	18.387207370355068	21.290427505208655	29.738556345766703	0.0
119.0	29.937002594010835	19.369496550142053	21.117365755527715	29.5761351003194	0.0
120.0	30.55143624862218	18.74803564393252	20.545725782533054	30.15480232491224	0.0
121.0	30.89283889626862	19.081615879799728	20.218933675713377	29.806611548218275	0.0
122.0	31.69963928534803	19.296673310236894	19.728728313647856	29.274959090767222	0.0
123.0	32.07009220302569	19.544803509086027	19.99283859994629	28.392265687941993	0.0
124.0	31.33357589151361	19.26361133195884	19.596904238928794	29.805908537598764	0.0
125.0	31.30277578659309	19.105003809549572	19.25017244410782	30.342047959749518	0.0
126.0	31.463989753384237	19.241370258564118	19.246348737955472	30.048291250096177	0.0
127.0	30.575366361100762	19.75624381070056	19.940673577483214	29.727716250715456	0.0
128.0	31.316093080946494	19.067184087043362	19.621237339997172	29.995485492012968	0.0
129.0	30.43271212051834	19.655203992856816	19.702367324511197	30.20971656211365	0.0
130.0	30.603002367870523	19.648727556955333	19.586657164532518	30.161612910641622	0.0
131.0	30.149804953488907	20.066015742215452	19.313066962121734	30.4711123421739	0.0
132.0	29.857211094776776	19.24334401506263	19.9111453256227	30.988299564537897	0.0
133.0	30.039818372336708	19.599022004889978	19.931540342298288	30.42961928047503	0.0
134.0	30.222093327844927	19.03135875463084	20.014594169816263	30.73195374770797	0.0
135.0	30.716171896290867	18.43853664495879	20.02433913149709	30.82095232725325	0.0
136.0	30.356561495888005	19.074176303782657	20.268376576500064	30.30088562382927	0.0
137.0	30.65987442246179	18.68356829759507	20.55633218812937	30.100225091813765	0.0
138.0	31.2782942747383	18.526769775645143	20.161946788912214	30.03298916070434	0.0
139.0	29.80888735922293	19.630872483221477	21.556339509359642	29.003900648195952	0.0
140.0	28.281896858100648	20.34550327061061	21.159553929055125	30.21304594223362	0.0
141.0	29.591654477608337	19.243747375128528	19.60966049248623	31.554937654776904	0.0
142.0	30.782888800489	19.523707879340623	20.744273142712995	28.949130177457384	0.0
143.0	31.401241606486764	19.010515646775623	20.83881530859866	28.74942743813895	0.0
144.0	32.96093773008845	18.543043106918116	19.994993275281505	28.50102588771193	0.0
145.0	28.458546915510517	19.44455439665921	20.08876442298177	32.0081342648485	0.0
146.0	28.83601183496904	19.78964490103431	20.17183656566362	31.20250669833303	0.0
147.0	28.495707203031156	20.250211616751983	20.32881212463219	30.925269055584664	0.0
148.0	30.844978677061814	19.858322052701755	20.385034249015277	28.911665021221154	0.0
149.0	33.167028311368355	20.103493951685643	19.336566660309966	27.392911076636032	0.0
150.0	25.639570150981406	25.194361431568634	21.19471759854417	27.971350818905787	0.0
