# Position (bp)	A	C	G	T	N
0.0	26.405940016337965	23.35920177383592	23.231415567744193	27.00344264208192	0.0
1.0	27.146108063951452	18.300560158711633	14.170848407048664	40.38248337028825	0.0
2.0	27.911149231132775	20.2781983622005	16.69131826231048	35.119334144356245	0.0
3.0	22.276449327152807	22.77003591046596	14.787177250676056	40.16633751170518	0.0
4.0	32.242754838615575	12.335807943059669	14.403103714831614	41.01833350349314	0.0
5.0	35.3563667653536	12.587104583837705	22.17247363892251	29.884055011886186	0.0
6.0	32.48357853717726	15.71589410927419	18.728051241964273	33.07247611158427	0.0
7.0	35.35748037008085	17.86526816861313	17.737221593494418	29.0400298678116	0.0
8.0	22.51898822788207	26.82094480288411	21.106684089556765	29.553382879677052	0.0
9.0	27.57930720677626	16.974192344039853	17.690261460022636	37.75623898916125	0.0
10.0	27.426759692454876	16.47950671442405	23.359020429116452	32.73471316400462	0.0
11.0	28.70168356453664	17.92914561724866	18.68838305468376	34.68078776353094	0.0
12.0	28.576262090046782	19.87901202879444	17.563381596294526	33.98134428486425	0.0
13.0	25.933369112482644	22.195517494837304	17.35745703585304	34.51365635682701	0.0
14.0	32.281445788755235	17.180991938024288	18.69771674580859	31.839845527411885	0.0
15.0	30.03669307323447	16.69330657675211	16.714890737478267	36.55510961253515	0.0
16.0	31.70071519408244	16.5147997339898	16.1434938339303	35.640991237997454	0.0
17.0	32.47832833591954	16.14028537760614	17.711553942901144	33.66983234357317	0.0
18.0	33.190022284187556	18.505501044206696	17.6785943461166	30.625882325489144	0.0
19.0	28.73026799360642	18.27099205469543	18.467291246164436	34.53144870553371	0.0
20.0	29.966398711950625	17.15940777729813	18.1893222573532	34.68487125339805	0.0
21.0	29.350375097712078	18.098610446733794	19.192402375424393	33.35861208012974	0.0
22.0	30.84464071122726	17.17078321335651	20.502619267071903	31.481956808344318	0.0
23.0	27.457969222153515	19.999183302026577	20.579913896699374	31.962933579120534	0.0
24.0	31.717049153550885	19.966807060937334	16.64342966480382	31.672714120707962	0.0
25.0	29.051696981717633	19.447328814271213	17.447585490777147	34.05338871323401	0.0
26.0	30.88664232128898	19.40445217066654	18.159279439045164	31.54962606899931	0.0
27.0	25.513936367560756	21.006930265660184	22.75203882815508	30.727094538623977	0.0
28.0	25.959328440923567	20.396156852679354	16.747266978567513	36.897247727829566	0.0
29.0	26.150377431134856	19.133775128046576	16.254039738189963	38.461807702628604	0.0
30.0	27.630187179681975	19.149247015235012	14.447548197453234	38.773017607629775	0.0
31.0	34.68963660204177	15.108117917017887	16.553104804720427	33.649140676219915	0.0
32.0	36.049909044540165	16.70838529735212	20.20714847999717	27.034557178110546	0.0
33.0	31.439302120273528	17.64360850503509	18.925947539315587	31.991141835375796	0.0
34.0	33.386587073053285	13.76210565924622	21.918218837792935	30.933088429907556	0.0
35.0	28.041495245839602	21.516500680315925	25.17772750328081	25.264276570563656	0.0
