# Position (bp)	A	C	G	T	N
0.0	36.44692292372038	17.167894841665007	21.081457876916947	25.30372435769767	0.0
1.0	23.459125759235288	29.383650303694115	24.056556805735337	23.10066713133526	0.0
2.0	29.955379276152698	24.957858205255327	16.80713931581557	28.2796232027764	0.0
3.0	34.44521429278432	17.757101850935367	19.964367019697118	27.833316836583194	0.0
4.0	35.517070757050966	16.912419594260268	16.82335477486393	30.74715487382484	0.0
5.0	27.386959532996936	25.002473533194813	17.601662214306916	30.008904719501334	0.0
6.0	27.357277134659146	27.337488869100625	18.600969625012368	26.704264371227858	0.0
7.0	36.70360110803324	18.816778789077958	16.897506925207757	27.582113177681045	0.0
8.0	36.2305942845842	18.856916839711264	17.29457134381489	27.617917531889645	0.0
9.0	27.283511269276396	24.54527481217873	17.556346381969156	30.614867536575723	0.0
10.0	24.627086831966807	15.726563271757385	19.361849254173663	40.284500642102145	0.0
11.0	24.953114203928536	17.461257526404104	18.576645938209456	39.0089823314579	0.0
12.0	25.41436464088398	15.834648776637728	19.09037095501184	39.660615627466456	0.0
13.0	27.55152351839069	24.94822995759787	18.42027413470072	29.079972389310722	0.0
14.0	26.772507642244353	17.759589784044966	27.21625086283404	28.25165171087664	0.0
15.0	32.02247191011236	19.603784742755767	18.83500887049083	29.538734476641043	0.0
16.0	25.69683837289471	18.398502905545158	18.33940707180144	37.56525164975869	0.0
17.0	28.443438023038297	23.471497489416166	18.440484394998524	29.644580092547013	0.0
18.0	24.795828003542262	19.53163435993309	18.419757945488538	37.25277969103611	0.0
19.0	26.94993606766991	26.66469951804859	18.03875282777614	28.34661158650536	0.0
20.0	26.03910779208018	17.863810553208214	18.492679571582983	37.604402083128626	0.0
21.0	26.721005597564567	17.971128351173522	19.483452813512717	35.82441323774919	0.0
22.0	27.59128386336867	17.432273262661955	26.334903808402043	28.641539065567333	0.0
23.0	24.774332810047095	18.887362637362635	18.671507064364206	37.66679748822606	0.0
24.0	35.03578080580335	15.96902264483874	18.262915400450936	30.73228114890697	0.0
25.0	27.661866980115583	16.99480850230189	24.566558918601235	30.776765598981292	0.0
26.0	35.187542845950446	16.962099696405836	15.943590245813338	31.906767211830378	0.0
27.0	26.167858192145726	17.794535305063167	16.10028400744295	39.937322495348155	0.0
28.0	26.04992657856094	24.973078805677925	15.428291727851198	33.54870288790994	0.0
29.0	27.52616648733249	15.406436466790572	16.130294434119143	40.9371026117578	0.0
30.0	26.12285012285012	16.304668304668304	23.194103194103192	34.37837837837838	0.0
31.0	28.936212166025832	14.512471655328799	17.71665187814256	38.83466430050281	0.0
32.0	27.01155099220061	18.19528087669069	17.602922302300325	37.19024582880837	0.0
33.0	27.832707138619732	26.10243227209808	15.997627051611627	30.067233537670557	0.0
34.0	27.827719055615923	16.260001975698906	18.996344957028548	36.915934011656624	0.0
35.0	26.451932606541128	24.85629335976214	17.264618434093162	31.42715559960357	0.0
36.0	28.27681935355939	15.129883006147136	17.568907396391037	39.02439024390244	0.0
37.0	37.24672228843862	18.116805721096544	17.500993245927692	27.135478744537146	0.0
38.0	34.14464534075105	19.580766938207827	15.547387244188357	30.727200476852772	0.0
39.0	38.375099443118536	16.726332537788384	15.363961813842483	29.534606205250597	0.0
40.0	25.741588692016727	25.502687636870398	19.788970734620744	28.966752936492135	0.0
41.0	27.263641814911054	15.020987407555467	27.71337197681391	30.00199880071957	0.0
42.0	37.2055728174802	15.595870502154957	18.16177207577428	29.036784604590558	0.0
43.0	36.46680727126645	18.148036557195944	17.987345586019885	27.39781058551773	0.0
44.0	30.20654911838791	24.483627204030224	15.24433249370277	30.065491183879097	0.0
45.0	31.912615121010923	15.913471835510817	18.03384022274577	34.14007282073249	0.0
46.0	30.181543116490168	16.382105035660256	19.440242057488653	33.996109790360926	0.0
47.0	31.380023962531318	17.601568456595142	18.788802962640236	32.22960461823331	0.0
48.0	28.878229586830916	17.366183364221083	18.21650496020931	35.53908208873869	0.0
49.0	29.1934955800502	18.4983084142748	18.923933209647494	33.3842627960275	0.0
50.0	27.837189000436492	20.853339153208207	19.238323876036663	32.071147970318634	0.0
51.0	29.775158262388125	18.55490067670814	18.020082951320674	33.64985810958306	0.0
52.0	28.599497871411415	18.41502019430193	20.292544482043446	32.69293745224321	0.0
53.0	29.827435561380515	18.785495849716032	19.986893840104848	31.400174748798605	0.0
54.0	27.222040013119052	23.067672460916146	18.7165190772931	30.993768448671695	0.0
55.0	29.490968801313628	17.51505199781062	19.704433497536947	33.28954570333881	0.0
56.0	27.431011826544022	19.10862899693386	20.41173893999124	33.04862023653088	0.0
57.0	29.855485001094813	18.064374863148675	19.24677030873659	32.83336982701993	0.0
58.0	29.9353282911323	19.160363915378714	19.017866929738027	31.88644086375096	0.0
59.0	27.621763931548927	18.97762176393155	21.248354541465556	32.15225976305397	0.0
60.0	29.252223564291203	17.45909739760624	20.983858570330515	32.304820467772046	0.0
61.0	29.75941997143799	17.741403932769416	20.751400637152585	31.74777545864001	0.0
62.0	27.68249780123131	20.09674582233949	20.54749340369393	31.673262972735266	0.0
63.0	32.31311240779478	17.96763183970054	19.36584828801057	30.353407464494108	0.0
64.0	28.069208728234518	17.974432444346483	22.724267136874587	31.23209169054441	0.0
65.0	29.07848324514991	18.650793650793652	20.756172839506174	31.514550264550266	0.0
66.0	29.097727774101035	16.68872711228767	21.906022501654533	32.30752261195676	0.0
67.0	28.78587196467991	18.399558498896248	18.984547461368653	33.83002207505519	0.0
68.0	26.514399205561073	18.669314796425024	20.953326713008938	33.86295928500497	0.0
69.0	28.139149641082273	20.055218111540583	21.082274986195472	30.723357261181665	0.0
70.0	27.053620784964068	20.165837479270316	19.369817578772803	33.41072415699281	0.0
71.0	29.366836395837947	18.895284480850123	19.75868939561656	31.979189727695374	0.0
72.0	29.421542553191486	18.938386524822697	21.45390070921986	30.186170212765955	0.0
73.0	29.050155348424322	17.876165113182424	21.071904127829562	32.001775410563695	0.0
74.0	28.92745883400089	18.925233644859812	21.295060080106808	30.85224744103249	0.0
75.0	28.72872872872873	18.51851851851852	22.19997775553331	30.55277499721944	0.0
76.0	29.600800622706547	19.114867118870233	18.981430001111978	32.302902257311246	0.0
77.0	29.475909647268278	19.461444308445532	18.39323467230444	32.66941137198175	0.0
78.0	28.561887800534286	19.356634016028494	19.679430097951915	32.402048085485305	0.0
79.0	28.948540877701046	19.525506794386278	17.832479394074404	33.69347293383827	0.0
80.0	28.97258747492757	17.48384221083129	20.537107198573658	33.006463115667486	0.0
81.0	26.343366778149385	18.494983277591974	19.79933110367893	35.36231884057971	0.0
82.0	29.477320851443217	17.530368884431073	21.386381366321185	31.605928897804525	0.0
83.0	29.915292019616587	17.710655372269283	21.656263932233617	30.71778867588052	0.0
84.0	27.11864406779661	17.763157894736842	21.27564674397859	33.84255129348796	0.0
85.0	29.74846282839575	17.339295695919507	21.2520961430967	31.660145332588037	0.0
86.0	31.312227318492003	17.563485848528916	20.57277100346795	30.551515829511132	0.0
87.0	32.19561324977619	18.02820053715309	20.84825425246195	28.92793196060877	0.0
88.0	31.903214965833985	19.323400918561667	17.687913072700795	31.08547104290355	0.0
89.0	31.903214965833985	17.340651954744036	17.95676038982861	32.79937268959337	0.0
90.0	29.821808808696627	16.922559677238596	19.332063207441443	33.92356830662333	0.0
91.0	30.253420049338413	19.46624803767661	16.494729760035884	33.78560215294909	0.0
92.0	29.808231467982505	17.24795334753841	17.999327127957834	34.94448805652125	0.0
93.0	31.085932241417996	17.16401166704061	19.542293022212252	32.20776306932914	0.0
94.0	29.59721754740267	17.36788959946146	19.6791203859531	33.35577246718277	0.0
95.0	30.12007631017843	16.844349680170577	20.35686230501627	32.67871170463472	0.0
96.0	30.518751403548173	16.112732988996182	19.35773635751179	34.01077924994386	0.0
97.0	30.21558499887716	17.53873792948574	20.143723332584774	32.10195373905233	0.0
98.0	31.360215657643494	19.937099853981806	18.488150061776928	30.214534426597776	0.0
99.0	30.04605189262046	18.263506683140516	18.971133325845223	32.7193080983938	0.0
100.0	31.97072072072072	16.204954954954957	19.324324324324323	32.5	0.0
101.0	30.264048747461068	19.002482509591516	19.927781539155948	30.80568720379147	0.0
102.0	30.004523863379323	17.416874010404886	20.131192038000453	32.447410088215335	0.0
103.0	27.678166137085793	19.927371765773945	19.473445301861098	32.921016795279165	0.0
104.0	28.035043804755944	18.261463192627147	19.0692911594038	34.634201843213106	0.0
105.0	29.598356914650843	17.412140575079874	19.511638521223183	33.4778639890461	0.0
106.0	32.52805129379437	18.410808335241587	18.296313258529885	30.76482711243417	0.0
107.0	29.353690735851224	19.45815635403513	18.76937205831707	32.41878085179658	0.0
108.0	33.9942363112392	17.19884726224784	16.634005763688762	32.17291066282421	0.0
109.0	28.58133086876155	17.81423290203327	20.494454713493532	33.109981515711645	0.0
110.0	26.43345302907448	18.86945441908954	20.76914166570138	33.9279508861346	0.0
111.0	31.575278810408925	18.41310408921933	20.097583643122675	29.914033457249072	0.0
112.0	27.801699057372282	18.771092749912718	19.632258815314792	33.79494937740021	0.0
113.0	28.534734384121425	18.22533566841798	18.27203736135435	34.967892586106245	0.0
114.0	30.52594588262856	17.793135761977275	18.92936628792316	32.75155206747101	0.0
115.0	25.613623018203167	20.963006459189664	18.71990604815032	34.703464474456844	0.0
116.0	28.958210712183636	17.610359034726308	19.340788699234842	34.090641553855214	0.0
117.0	29.80030721966206	19.35483870967742	19.508448540706606	31.336405529953915	0.0
118.0	29.145430840346094	17.150645964205285	21.227924617755125	32.475998577693495	0.0
119.0	24.976213130352047	19.136536631779258	24.250713606089437	31.636536631779254	0.0
120.0	26.317672310994517	20.534223706176963	21.01120915812068	32.136894824707845	0.0
121.0	30.26567735758736	18.226424126376255	19.315461943513643	32.19243657252274	0.0
122.0	26.999759788613982	17.859716550564496	19.781407638722076	35.35911602209944	0.0
123.0	30.156438026474124	17.43682310469314	18.664259927797833	33.742478941034896	0.0
124.0	30.47837641942498	17.045179995167913	19.316259966175405	33.160183619231695	0.0
125.0	27.36752758578877	17.885291621195588	19.291863708015036	35.4553170850006	0.0
126.0	29.66163583252191	18.34225900681597	18.561343719571568	33.43476144109056	0.0
127.0	28.7109375	17.1875	22.39990234375	31.70166015625	0.0
128.0	30.029440628066734	17.958783120706574	20.547105004906772	31.46467124631992	0.0
129.0	30.643173977328736	17.79201577131592	18.050763923114836	33.51404632824051	0.0
130.0	30.034679217240523	18.34282883329205	18.132276442903144	33.49021550656428	0.0
131.0	30.057228166210496	19.109231152027867	20.266235381935804	30.567305299825826	0.0
132.0	29.543185222166752	16.313030454318522	21.779830254618073	32.36395406889665	0.0
133.0	28.986232790988737	19.336670838548184	20.100125156445557	31.576971214017526	0.0
134.0	26.41343863607873	20.258242447035226	19.292967280932682	34.03535163595336	0.0
135.0	28.670272990313244	17.951943640709523	21.059252736193233	32.318530632784	0.0
136.0	28.15497223624432	17.895002523977787	19.28319030792529	34.6668349318526	0.0
137.0	29.370806431193824	16.82491454614508	18.103557412330677	35.70072161033042	0.0
138.0	27.729063413394332	17.295717371965942	19.62129876731478	35.353920447324946	0.0
139.0	30.318877551020407	18.290816326530614	19.83418367346939	31.55612244897959	0.0
140.0	29.460740361214295	18.368131164339697	21.480722428589726	30.69040604585628	0.0
141.0	30.988813167030987	18.22039346791822	19.004757618619006	31.786035746431786	0.0
142.0	32.368896925858955	17.41152157065358	18.431929733918885	31.787651769568587	0.0
143.0	34.05994550408719	20.020760347735823	18.37290774620475	27.546386401972235	0.0
144.0	32.08235600729737	17.99583007557988	16.940317956737033	32.98149596038572	0.0
145.0	31.299109481403875	18.93661602933473	18.072289156626507	31.691985332634886	0.0
146.0	28.93561103810775	20.183968462549277	18.068331143232587	32.81208935611038	0.0
147.0	30.051403716884145	18.597601159878742	17.846316066956636	33.50467905628048	0.0
148.0	29.370444002650764	18.780649436713055	19.37707090788602	32.471835652750165	0.0
149.0	31.207562242045	18.319797630142457	18.54613233923579	31.926507788576753	0.0
150.0	28.79112062048676	18.96228938218775	19.72452527413747	32.522064723188016	0.0
151.0	28.183407287884897	19.981175205055802	20.787952131235713	31.047465375823585	0.0
152.0	28.90931206919854	18.67819975672388	17.232058386268413	35.18042978780917	0.0
153.0	30.379230664673102	18.716868288704635	18.947940736713335	31.95596030990893	0.0
154.0	30.58550566398253	17.87907738501433	19.70792957554251	31.827487375460624	0.0
155.0	28.869374313940728	20.540614709110866	18.235455543358945	32.35455543358946	0.0
156.0	31.03686317824106	16.388236918403976	19.315200883611762	33.2596990197432	0.0
157.0	29.653259361997225	18.183079056865463	20.59639389736477	31.56726768377254	0.0
158.0	28.139372822299652	20.975609756097562	19.0801393728223	31.804878048780488	0.0
159.0	32.80854652797301	15.715490581951084	19.77790272701715	31.698060163058756	0.0
160.0	27.67642483382831	18.696082590864094	22.160939046810917	31.466553528496675	0.0
161.0	29.397556123898834	17.092924126172207	21.22762148337596	32.281898266553	0.0
162.0	30.780202538867496	18.656397090286692	20.09699044358865	30.466409927257164	0.0
163.0	28.280510540656817	17.79721784024093	19.532482432238634	34.38978918686362	0.0
164.0	27.614520311149526	17.401325266493807	19.96542783059637	35.0187265917603	0.0
165.0	27.96818510484454	17.04989154013015	21.3882863340564	33.593637020968906	0.0
166.0	27.19872074429423	19.29059456316325	21.02049716528565	32.49018752725687	0.0
167.0	28.4421083369835	17.798218718061033	21.25857789458315	32.50109505037232	0.0
168.0	28.720434846481563	18.686646099603347	19.847216101072426	32.74570295284266	0.0
169.0	27.164135083321046	17.97669960182864	20.86712874207344	33.99203657277688	0.0
170.0	27.19584569732938	17.98219584569733	19.183976261127597	35.637982195845694	0.0
171.0	29.677708146821846	17.830498358698897	18.113995822142645	34.37779767233662	0.0
172.0	29.912991299129914	19.096909690969095	17.446744674467446	33.54335433543355	0.0
173.0	28.900949796472187	16.749585406301822	19.14669078848183	35.20277400874416	0.0
174.0	30.595544779512046	19.35141688134566	18.89680254584028	31.156235793302017	0.0
175.0	29.385764365188233	16.582837982014937	21.033379058070416	32.99801859472641	0.0
176.0	27.841693511274734	17.165209387942937	18.72986654394846	36.26323055683387	0.0
177.0	27.29517049837988	19.333436198117575	19.780898009566425	33.59049529393612	0.0
178.0	26.543305862229825	20.27678432592132	20.136837194837508	33.04307261701135	0.0
179.0	28.414958535440466	17.728055077452666	21.373806915975592	32.48317947113128	0.0
180.0	30.297310051911282	15.793613339625608	19.74201667453201	34.1670599339311	0.0
181.0	28.627884919380335	18.858678469807145	18.526715143850776	33.98672146696175	0.0
182.0	29.0625497373866	18.14419863122712	19.210568199904504	33.582683431481776	0.0
183.0	28.470776621297038	21.168935148118496	19.231385108086467	31.128903122498	0.0
184.0	30.158217629964483	20.26154342912496	17.98514691637068	31.595092024539877	0.0
185.0	28.848031239830785	19.931662870159453	20.191994793361538	31.028311096648224	0.0
186.0	30.826079816061753	18.262440466414848	20.21678436524881	30.694695352274593	0.0
187.0	30.14876033057851	21.768595041322314	17.09090909090909	30.991735537190085	0.0
188.0	29.398998330550917	18.580968280467445	18.71452420701169	33.30550918196995	0.0
189.0	29.89881956155143	18.752107925801013	19.713322091062395	31.63575042158516	0.0
190.0	30.78494806742721	18.287076451557976	17.99761620977354	32.93035927124127	0.0
191.0	27.63474081702712	19.60178510127017	17.936834878132508	34.8266392035702	0.0
192.0	31.445887445887443	18.216450216450216	18.77056277056277	31.567099567099564	0.0
193.0	29.78127734033246	18.565179352580927	20.26246719160105	31.391076115485568	0.0
194.0	29.892359272983942	19.37533086289042	19.92235750838186	30.809952355743782	0.0
195.0	29.662680706764235	20.257005175798678	19.096912368374085	30.983401749063	0.0
196.0	29.44254014071802	20.440194840339167	17.932527512177522	32.18473750676529	0.0
197.0	29.091907726107653	20.560234346393262	19.15049432442329	31.197363603075797	0.0
198.0	28.632797908106088	22.058274187523345	19.2566305565932	30.052297347777362	0.0
199.0	28.431180051050458	23.758099352051836	18.456705281759277	29.354015315138426	0.0
200.0	23.84349827387802	19.217491369390103	21.334867663981587	35.60414269275029	0.0
201.0	31.36212624584718	18.07308970099668	18.006644518272424	32.55813953488372	0.0
202.0	31.888440860215056	18.04435483870968	19.959677419354836	30.107526881720432	0.0
203.0	30.515953835709436	19.585879158180582	20.434487440597422	29.463679565512557	0.0
204.0	33.424470266575526	18.591934381408066	21.941216678058783	26.04237867395762	0.0
205.0	29.028925619834713	17.83746556473829	23.174931129476583	29.958677685950413	0.0
206.0	29.81843575418994	20.984636871508382	21.613128491620113	27.583798882681563	0.0
207.0	29.059528002817892	19.936597393448395	19.12645297640014	31.877421627333568	0.0
208.0	25.933831376734258	17.787264318747773	22.94557097118463	33.33333333333333	0.0
209.0	25.026968716289105	19.129809421071556	20.208558072635743	35.63466379000359	0.0
210.0	28.203266787658805	19.310344827586206	18.87477313974592	33.61161524500908	0.0
211.0	30.00367242012486	19.02313624678663	20.712449504223283	30.26074182886522	0.0
212.0	25.129918337045286	17.668893838158873	22.197475872308832	35.00371195248701	0.0
213.0	26.744186046511626	21.530382595648913	18.56714178544636	33.158289572393095	0.0
214.0	29.650721336370538	22.4373576309795	19.020501138952163	28.8914198936978	0.0
215.0	26.843317972350228	20.161290322580644	19.70046082949309	33.294930875576036	0.0
216.0	30.417805544709097	17.844591956267084	20.577899258102303	31.159703240921516	0.0
217.0	25.731225296442688	19.565217391304348	24.66403162055336	30.039525691699602	0.0
218.0	24.775143090760427	20.114472608340147	19.664758789860997	35.44562551103843	0.0
219.0	23.119015047879618	22.43502051983584	23.803009575923394	30.64295485636115	0.0
220.0	12.517580872011253	25.17580872011252	20.675105485232066	41.63150492264416	0.0
