# Position (bp)	A	C	G	T	N
0.0	26.1171702363237	24.353629583795787	24.257525146186325	25.271675033694187	0.0
1.0	26.91539000727674	21.14279251798638	15.702726739986462	36.23909073475042	0.0
2.0	29.16509113161942	20.349220961942642	17.471135975243946	33.01455193119399	0.0
3.0	23.272998465689078	22.840358856420696	15.629047438061464	38.25759523982876	0.0
4.0	33.96531426320734	13.665688082156352	15.349534658938838	37.01946299569747	0.0
5.0	34.82211544882668	15.2486043032869	24.024648404631844	25.904631843254577	0.0
6.0	31.753080492210977	17.692540258125454	21.30420650437151	29.25017274529205	0.0
7.0	35.57341002962755	17.62861740494585	20.50876848257764	26.28920408284896	0.0
8.0	23.309904970473454	26.799818965938922	23.072210119710526	26.818065943877105	0.0
9.0	27.51340435019306	19.202465161711128	15.79687457481453	37.48725591328128	0.0
10.0	26.70252400946706	17.055532081375844	24.774671525181915	31.467272383975182	0.0
11.0	28.14295013065871	19.34446771829137	19.28298224734321	33.229599903706706	0.0
12.0	25.60882385789861	20.92641225849674	20.585612800463704	32.87915108314095	0.0
13.0	27.026094847891493	21.34348842485509	19.51683738637166	32.113579340881756	0.0
14.0	30.692785832732472	19.02805877697168	19.888170899893208	30.39098449040264	0.0
15.0	29.65584663723889	18.682184221689596	20.568501041647018	31.09346809942449	0.0
16.0	29.222560209601518	18.426993640936537	18.884370086108042	33.4660760633539	0.0
17.0	30.280551042039335	18.00878225545669	20.14195915114324	31.568707551360735	0.0
18.0	32.49234186188957	17.75447647784244	19.21937658774167	30.53380507252631	0.0
19.0	30.59697667775787	18.826206800530148	20.339804471861843	30.237012049850144	0.0
20.0	30.071704112481516	17.82332417868149	20.554961884183275	31.550009824653717	0.0
21.0	29.255064204153804	19.227239649597923	20.027619213450077	31.4900769327982	0.0
22.0	30.16557671719004	18.92423631055121	22.9312760046564	27.97891096760235	0.0
23.0	29.82461031516855	20.456030876624553	21.733302637898653	27.98605617030824	0.0
24.0	33.19120278636195	19.624015426960085	17.799785076309263	29.384996710368704	0.0
25.0	29.411273694151603	21.308196465695598	20.123077786048928	29.157452054103878	0.0
26.0	31.17814209036912	17.067401798955032	22.858772230470183	28.89568388020567	0.0
27.0	26.347116952444168	20.908181974957397	24.845823053061643	27.898878019536788	0.0
28.0	27.491434521312318	19.88481532572525	19.399559234481682	33.22419091848075	0.0
29.0	28.079828608623693	20.885177093348233	17.495646518141054	33.539347779887024	0.0
30.0	27.071060404471798	19.26003292593538	16.19432792050404	37.474578749088785	0.0
31.0	34.609530910691966	15.116987389039952	18.716370815167664	31.55711088510042	0.0
32.0	34.223786633345455	15.655273523175673	23.20097651168888	26.919963331789997	0.0
33.0	31.636143913944633	18.0209123493352	20.824474396414907	29.51846934030526	0.0
34.0	33.31614180090771	16.986116596466378	21.91157337640226	27.78616822622365	0.0
35.0	27.144362201723116	20.400654197112125	25.793033621943657	26.6619499792211	0.0
