# Position (bp)	A	C	G	T	N
0.0	25.774739134629964	24.459453871283444	24.4294043861221	25.33640260796449	0.0
1.0	25.17209533130247	20.230471280687006	14.809709567590664	39.78772382041987	0.0
2.0	27.522594613653457	18.756352798261297	18.66131906817362	35.05973351991163	0.0
3.0	23.611807004696594	22.501252608453868	15.385060097675929	38.501880289173606	0.0
4.0	33.30764997248211	13.85855806274078	14.078425976884976	38.755365987892134	0.0
5.0	34.61748987097005	15.518801625045727	22.895045921019697	26.968662582964527	0.0
6.0	32.243658842422505	17.816287920452297	20.372549882306355	29.567503354818843	0.0
7.0	33.95193595125961	17.253239415709206	19.749094778169102	29.045729854862078	0.0
8.0	23.752697483265294	25.900512693634624	21.821230739625857	28.52555908347422	0.0
9.0	29.36679842331818	18.457567577968234	15.82124342362054	36.35439057509304	0.0
10.0	26.38773990166196	16.778755905641656	24.428949530984177	32.404554661712204	0.0
11.0	27.592214494362572	18.20684955222076	20.01033231017815	34.19060364323852	0.0
12.0	26.373273104949057	19.39535318232275	20.99173508303384	33.239638629694355	0.0
13.0	26.877501847623915	20.901090991013266	18.279250840016374	33.942156321346445	0.0
14.0	30.326763271753315	17.936130760249984	20.078840738960235	31.65826522903647	0.0
15.0	29.852279531733256	18.765828174012405	18.855921728477803	32.52597056577653	0.0
16.0	29.491584072765022	16.897490188970455	18.647409860736932	34.9635158775276	0.0
17.0	29.885325697531083	17.967928532405033	20.420097241172932	31.726648528890948	0.0
18.0	30.801195576695584	17.38444268175867	18.458705121273088	33.355656620272654	0.0
19.0	29.389309834765402	18.01608711521415	19.365461825346948	33.2291412246735	0.0
20.0	30.242135733197976	17.498799610387827	19.590358470635042	32.66870618577916	0.0
21.0	29.915587390506392	17.383181672285943	19.466749332682248	33.23448160452542	0.0
22.0	28.810504775646123	18.171319789992264	19.29788949906462	33.72028593529699	0.0
23.0	29.321916286570797	17.65354455966934	20.351288120438507	32.67325103332136	0.0
24.0	30.076097239932544	18.812883057052364	18.421016549435784	32.69000315357931	0.0
25.0	29.475167737389192	17.686800637223854	18.82497456862632	34.01305705676063	0.0
26.0	30.927235839227947	17.63722103416132	19.68388441081318	31.751658715797554	0.0
27.0	29.538756767870606	18.117195531492015	19.31656500582551	33.02748269481187	0.0
28.0	29.469878263062533	17.66898846774835	19.34605800939137	33.515075259797754	0.0
29.0	29.54840725574358	18.185680376711012	19.629867175380028	32.636045192165376	0.0
30.0	29.849850343716085	18.104298917869947	19.062263592408645	32.98358714600533	0.0
31.0	29.6727998421018	18.142941731178315	19.26851466040922	32.91574376631066	0.0
32.0	29.706878968319245	17.99053634678861	19.692732835477187	32.609851849414966	0.0
33.0	30.411548585216057	17.660122833954812	19.412700153542445	32.515628427286686	0.0
34.0	29.50838552578179	17.876690541741162	19.38734657613882	33.22757735633823	0.0
35.0	29.95206178216084	17.850129992650203	19.613258153336478	32.584550071852476	0.0
36.0	30.044681919045907	17.486566623785922	18.68192453171758	33.78682692545059	0.0
37.0	29.068150208623088	18.75385767543679	18.802961597441108	33.37503051849901	0.0
38.0	29.846823291200366	17.677190306216236	19.57989579703743	32.89609060554597	0.0
39.0	28.401555122052933	18.93940017504726	19.892831567770454	32.76621313512935	0.0
40.0	29.896468741682234	17.825871015363674	19.259064130109678	33.018596112844406	0.0
41.0	29.37016495745025	18.151082473236606	20.45680946879365	32.02194310051949	0.0
42.0	29.89365059761503	18.375530031698982	19.036680251945164	32.69413911874082	0.0
43.0	29.653324989638996	18.024575473381145	19.157835799389044	33.164263737590815	0.0
44.0	29.549702867024415	17.85405487009868	20.306602802519798	32.28963946035711	0.0
45.0	29.233227275597294	18.891911702130578	19.298756132177772	32.576104890094356	0.0
46.0	29.77451123051031	17.722818760621696	19.23614409536805	33.26652591349995	0.0
47.0	29.42954733911401	17.96228466620172	19.511699551347878	33.09646844333639	0.0
48.0	30.347463630821952	18.372681790972646	18.94821819859301	32.33163637961239	0.0
49.0	29.226506593147082	18.116188771054958	18.946579307239006	33.71072532855896	0.0
50.0	29.408711556364775	18.333758997300468	19.735703869697392	32.52182557663736	0.0
51.0	29.663511977018185	18.226434578181557	19.41617185826417	32.69388158653609	0.0
52.0	29.416821618771134	18.33662463505003	19.170482104748537	33.076071641430296	0.0
53.0	30.323514546892856	18.009196185286104	19.707523951832645	31.9597653159884	0.0
54.0	30.29240890549245	17.957670068260793	19.34238899037207	32.40753203587469	0.0
55.0	29.079101353244656	17.804809705121233	18.792683797875906	34.32340514375821	0.0
56.0	29.01216590469492	18.131539036398806	20.20177598030596	32.654519078600316	0.0
57.0	28.59804250221194	18.04008419108959	19.169684613144142	34.19218869355433	0.0
58.0	29.308103859988517	17.797110847922443	19.009213740646803	33.88557155144224	0.0
59.0	29.573129677009792	17.552991225153278	20.254698651482215	32.61918044635472	0.0
60.0	29.612559056091953	18.358989580842604	19.612806411450904	32.41564495161454	0.0
61.0	29.893795969524064	17.60777070483855	19.272293501324803	33.22613982431259	0.0
62.0	28.816377914663544	17.90949596901654	19.97597627313383	33.29814984318609	0.0
63.0	29.11087592946383	17.812993938727544	19.57145016974312	33.5046799620655	0.0
64.0	28.56966128114407	17.986930691980547	19.535783897314936	33.907624129560446	0.0
65.0	29.217792465228044	17.867246588787744	20.421909838972635	32.49305110701158	0.0
66.0	30.073135190124	18.06109262874268	20.012647438893623	31.853124742239697	0.0
67.0	29.082870011383697	17.447302283888494	19.206275881411578	34.26355182331623	0.0
68.0	29.508836866521655	17.78042992242477	19.968265928221598	32.742467282831974	0.0
69.0	29.599020929017357	17.740711201562114	19.497263551607492	33.16300431781304	0.0
70.0	28.459486220364155	18.059299191374663	19.458166015732438	34.023048572528744	0.0
71.0	29.515948024513417	17.412723211829814	20.60507872239765	32.46625004125912	0.0
72.0	29.615457618912693	17.935866506383366	19.85293915378119	32.595736720922744	0.0
73.0	29.705408186285027	17.492558172804454	19.24063100091888	33.56140263999164	0.0
74.0	29.186534413735227	17.915503033471364	20.476825929645475	32.42113662314793	0.0
75.0	30.069591394772253	17.699438921099482	19.234632244288086	32.996337439840175	0.0
76.0	28.984354574601294	18.12144813066751	19.334828615854583	33.55936867887661	0.0
77.0	29.233445353634607	17.811227902137745	20.890547633399116	32.06477911082854	0.0
78.0	29.945442133427292	17.8843549399368	18.551326235121834	33.618876691514075	0.0
79.0	29.58126065017329	17.761254428682722	18.94526464734334	33.71222027380064	0.0
80.0	30.41147708877069	17.971907452068674	19.819507306705432	31.797108152455205	0.0
81.0	30.016519823788546	18.061398678414097	19.49531938325991	32.426762114537446	0.0
82.0	29.772282952887082	17.88418646914668	18.150452955915963	34.193077622050275	0.0
83.0	29.93093686836699	18.23013333480198	19.66702097778855	32.17190881904248	0.0
84.0	30.442421822287706	18.11354529556752	18.774768324084658	32.66926455806012	0.0
85.0	29.51538453064237	17.079142476287	18.84701397992795	34.558459013142674	0.0
86.0	30.37909836065574	17.132414507315353	20.084721487748986	32.40376564427992	0.0
87.0	29.585200651162534	18.470539302506868	19.79187038449991	32.152389661830696	0.0
88.0	29.507803848760144	17.64501716130525	18.903329238126197	33.94384975180841	0.0
89.0	29.35047905544261	18.109618022842596	19.98892580287929	32.5509771188355	0.0
90.0	29.936416280517708	18.19739604282259	19.49496674802885	32.371220928630855	0.0
91.0	29.6164357897753	18.108958464200306	19.38814868692212	32.886457059102284	0.0
92.0	28.816604077179313	18.364113768676972	20.27706524644094	32.54221690770277	0.0
93.0	29.882618758955143	18.33379257136559	19.281108784305083	32.502479885374186	0.0
94.0	29.62205657439685	17.326701296554003	19.327610675558375	33.723631453490775	0.0
95.0	30.108747774611555	17.891847499572837	20.188338137783926	31.811066588031682	0.0
96.0	29.749797423558398	18.5052890366181	19.305397077386957	32.43951646243654	0.0
97.0	29.73586070600687	17.907337631373675	19.045427107422526	33.31137455519693	0.0
98.0	28.883430915285636	17.63338956700076	20.96275346498627	32.52042605272733	0.0
99.0	29.341647507677376	18.474227713546924	19.169740375019988	33.01438440375571	0.0
100.0	29.42045963165369	18.091848970277006	19.324366887512365	33.16332451055694	0.0
101.0	29.74055101758272	18.29544510591167	20.096635746919564	31.867368129586044	0.0
102.0	29.77607922155057	17.63473269942771	19.249471282743002	33.339716796278715	0.0
103.0	28.98841509738498	17.32281054245618	19.45779427684105	34.230980083317796	0.0
104.0	29.82306812156392	17.79337482209137	19.266876901180478	33.11668015516423	0.0
105.0	30.179994792497837	17.973721712204313	19.17368699552323	32.67259649977462	0.0
106.0	28.957050734732398	17.78973621534175	19.435581719318744	33.817631330607114	0.0
107.0	29.778680534817813	17.6041379077197	20.12187220040455	32.49530935705794	0.0
108.0	29.088166247150255	18.308713228750857	20.2952717534091	32.30784877068979	0.0
109.0	28.215665394070534	18.088896693138174	19.75648854097042	33.93894937182087	0.0
110.0	29.170333944704076	17.486811994980325	21.172639361297392	32.17021469901821	0.0
111.0	29.025666711251635	18.438824209067445	19.751329722899694	32.78417935678123	0.0
112.0	28.898403048336686	17.835338442436957	18.856588317563613	34.40967019166274	0.0
113.0	30.2386356805711	17.505102172251625	20.325394076614163	31.93086807056311	0.0
114.0	30.09550116576889	18.270699576188456	18.564151745207713	33.06964751283494	0.0
115.0	29.30176035754293	17.310998419047454	20.147210007516	33.24003121589361	0.0
116.0	30.155689799125778	17.661215068022198	20.14722494272499	32.03587019012703	0.0
117.0	29.862469747692128	18.074866310160427	19.382345695114704	32.68031824703274	0.0
118.0	29.110523883031142	17.72382256409362	19.501204980391815	33.66444857248342	0.0
119.0	30.33083732810805	17.85810093658514	19.548444662164528	32.26261707314229	0.0
120.0	29.154264060023742	18.28110105907052	19.464441312522297	33.10019356838344	0.0
121.0	29.229231283383267	17.425845904888103	19.418728049860164	33.926194761868466	0.0
122.0	29.488660581742288	17.667445654570308	20.05173655510972	32.79215720857769	0.0
123.0	28.78032813955957	18.4009388896097	19.2484165084158	33.57031646241493	0.0
124.0	29.0575103029801	17.98354481685399	19.137360247804054	33.82158463236186	0.0
125.0	28.682709034667425	18.001353686122936	19.956480178591573	33.359457100618066	0.0
126.0	29.132793346182606	17.977759043394588	19.471710253897232	33.41773735652557	0.0
127.0	29.796183142211436	17.301115641703237	18.86157911729185	34.04112209879348	0.0
128.0	29.004322511556197	17.405533174751252	20.652966214817724	32.937178098874824	0.0
129.0	29.82339450921852	17.962114691241354	18.818055413433814	33.39643538610631	0.0
130.0	30.011471005524193	17.377667763455793	19.230235155613247	33.38062607540677	0.0
131.0	29.76067195949833	17.850589539087622	19.94501268705073	32.44372581436332	0.0
132.0	30.218657076817003	18.266172999996964	18.758827227802463	32.756342695383566	0.0
133.0	29.819580798742578	18.042833949148772	19.276495548156973	32.86108970395168	0.0
134.0	30.3237947436434	17.29349263908449	19.964745812419615	32.4179668048525	0.0
135.0	29.092263501396353	18.071040780853874	19.88614591348438	32.950549804265385	0.0
136.0	28.469773880941396	18.37901861252115	19.15951392093524	33.99169358560222	0.0
137.0	30.404547882770355	17.845066899701397	22.66406869995646	29.086316517571788	0.0
138.0	30.095802481380353	19.937206138053515	19.566827732199364	30.400163648366767	0.0
139.0	30.38035298946504	18.85346832672048	19.408512543688357	31.357666140126124	0.0
140.0	28.61818499497669	20.96091804833607	19.705715337622383	30.71518161906485	0.0
141.0	30.904373192443003	16.99166176304884	20.824934583651547	31.27903046085661	0.0
142.0	26.745642368141027	19.62276232896707	24.061535757221915	29.57005954566999	0.0
143.0	26.56921618702431	18.78745319826302	19.00819679874545	35.63513381596722	0.0
144.0	27.69080574889499	18.940138319753057	18.17050168555478	35.19855424579717	0.0
145.0	27.14049135808736	19.118169589604324	16.563031395142254	37.17830765716606	0.0
146.0	33.220088343839834	14.107606111405024	19.10642691873769	33.56587862601745	0.0
147.0	34.02244023019582	16.04418523811363	21.827404632240288	28.105969899450262	0.0
148.0	31.2960506442165	16.84320781728155	20.48326087813079	31.377480660371166	0.0
149.0	32.787034763391446	16.686427894903005	22.549900024555374	27.97663731715017	0.0
150.0	26.985348066789694	18.476554683504904	25.195099717633457	29.342997532071948	0.0
