# Position (bp)	A	C	G	T	N
0.0	26.37055739123649	24.040403049177403	23.919152312607505	25.6698872469786	0.0
1.0	26.704741664318522	20.435871806697893	15.62584258689422	37.23354394208937	0.0
2.0	28.704301016867745	19.430479775300714	17.88125123591264	33.9839679719189	0.0
3.0	23.05092769427432	22.56641472194511	15.24957053948135	39.13308704429922	0.0
4.0	34.154360310584515	13.25460020878277	14.855100764365375	37.73593871626734	0.0
5.0	34.94718264643379	14.932716360398238	22.98801651715525	27.132084476012725	0.0
6.0	30.998005711574812	17.530441965319646	21.255351099356748	30.216201223748797	0.0
7.0	35.28937960866934	17.062349179311322	20.172360497867032	27.475910714152302	0.0
8.0	22.770702124003556	26.89644175239632	22.576783139461043	27.75607298413908	0.0
9.0	27.58909627122696	18.696582393855856	15.648498610395139	38.06582272452204	0.0
10.0	26.411445842765463	16.559376190689648	25.161291753516966	31.86788621302792	0.0
11.0	28.212865891924604	18.21452818805986	19.388816669281514	34.18378925073402	0.0
12.0	26.045950814711883	19.711108340617553	21.037991871558674	33.20494897311189	0.0
13.0	26.572667555714936	20.941440949264482	18.854874076398385	33.6310174186222	0.0
14.0	30.688869993500234	18.43038154365675	20.117600447512533	30.763148015330476	0.0
15.0	29.531204473631128	18.480857445966038	20.032874707697363	31.95506337270547	0.0
16.0	30.056310281581762	17.643183932133493	18.65860873284473	33.64189705344002	0.0
17.0	30.591933848084814	17.81136300812097	19.526341323561272	32.07036182023295	0.0
18.0	31.692037694899554	17.698014023055485	18.91394162165393	31.696006660391028	0.0
19.0	30.187169408521413	18.29107085490583	19.949222923250478	31.572536813322277	0.0
20.0	29.692029290031453	17.8231181500325	20.00160159431009	32.483250965625956	0.0
21.0	29.15192312720861	18.332546544291787	20.118709423164564	32.39682090533504	0.0
22.0	29.81275588153992	18.975390546204363	22.52768470164586	28.684168870609856	0.0
23.0	29.641985304555064	20.23463823579951	21.275067519107065	28.84830894053836	0.0
24.0	32.749638590671715	19.511154193842405	17.827355604366048	29.91185161111983	0.0
25.0	29.20521232564568	21.258432884326602	19.54198371696887	29.99437107305885	0.0
26.0	32.02706507609207	16.67320378629969	22.049284278787606	29.250446858820627	0.0
27.0	26.136513268485107	21.145760958080253	24.89253442260424	27.8251913508304	0.0
28.0	26.553254645090433	19.923051097862547	18.804783397210333	34.71891085983668	0.0
29.0	27.84085709109383	20.12064721219864	17.34008337629155	34.69841232041598	0.0
30.0	26.550493965887178	18.933223108412914	16.18958140644348	38.32670151925643	0.0
31.0	34.306114367680784	14.582021309881963	18.307905800491376	32.80395852194587	0.0
32.0	34.49956509595347	15.61875360574723	22.232696399183453	27.648984899115842	0.0
33.0	31.539430208202933	17.56465543083556	20.814022198272657	30.08189216268885	0.0
34.0	33.61692805694075	16.603391591997966	21.600787609801465	28.17889274125982	0.0
35.0	26.514023791767073	20.3465563739691	25.24939493851334	27.890024895750486	0.0
