# Position (bp)	A	C	G	T	N
0.0	29.35514254864573	22.012910932941256	23.58887178662501	25.043074731788	0.0
1.0	30.11325782811459	19.467481449148842	14.355946610305773	36.063314112430795	0.0
2.0	28.499563559516698	19.23324298249644	17.069417007396517	35.19777645059035	0.0
3.0	26.502205071664832	21.678610804851157	14.477673649393605	37.341510474090406	0.0
4.0	35.137616784886255	14.813029405688313	15.267543557606226	34.78181025181921	0.0
5.0	35.30059913229117	14.452631820581685	23.375341459495445	26.871427587631707	0.0
6.0	30.574680987790327	18.27320297438722	19.75810153309465	31.394014504727807	0.0
7.0	35.316258147434134	15.925364913247039	18.482052694390894	30.276324244927938	0.0
8.0	21.22922978059304	28.28651427522262	20.37088038189663	30.113375562287708	0.0
9.0	27.278986505095016	18.011567061415587	14.254567153217662	40.45487928027173	0.0
10.0	27.244560727072432	16.563389332598916	23.886899843936472	32.305150096392175	0.0
11.0	31.892040760121176	18.011567061415587	16.1847057743505	33.911686404112736	0.0
12.0	29.080602221610206	18.801064904066834	20.265307995960708	31.853024878362252	0.0
13.0	25.640319471220053	21.874139355549435	16.19388598182319	36.29165519140732	0.0
14.0	30.597631506472045	18.560084457908747	21.057100890480125	29.785183145139083	0.0
15.0	28.598641329294043	20.71284311025429	19.113191958138252	31.57532360231341	0.0
16.0	33.14972918387956	20.001377031120903	16.694207289084734	30.154686495914806	0.0
17.0	33.99201321949876	17.903699623611494	18.245662351969155	29.85862480492059	0.0
18.0	31.455980905168456	17.830257963829983	18.99614431286147	31.717616818140087	0.0
19.0	32.67924355090425	19.198108877260626	15.05783530707794	33.06481226475718	0.0
20.0	28.736344441384375	17.981731387129347	20.94005324520334	32.34187092628294	0.0
21.0	29.69108601854402	18.31451390801432	19.165978151106213	32.828421922335444	0.0
22.0	32.734324795740385	19.969246304966493	22.08528412742128	25.211144771871847	0.0
23.0	32.764160470026624	17.935830349765904	17.14633250711466	32.15367667309281	0.0
24.0	33.64087028366841	22.227577343247955	16.634535940512254	27.497016432571375	0.0
25.0	28.40815202423575	24.807215643073533	17.41255852382264	29.37207380886808	0.0
26.0	32.12843110254291	15.537501147525933	21.920040392912878	30.41402735701827	0.0
27.0	29.202239970623335	21.148902965207014	24.348205269439088	25.300651794730562	0.0
28.0	29.436335261176904	19.693840080785826	17.440099146240705	33.42972551179656	0.0
29.0	32.291379785183146	17.690259799871477	14.463416873221336	35.55494354172404	0.0
30.0	26.282626192940096	20.60940554214097	14.53144762561803	38.57652063930091	0.0
31.0	34.57603686635945	14.71889400921659	17.933179723502306	32.77188940092166	0.0
32.0	36.57815063902563	15.530749497330653	21.25771337447133	26.633386489172388	0.0
33.0	28.45885029434529	16.66393038909867	21.659591434669416	33.21762788188663	0.0
34.0	35.95671923646201	13.456336446690145	20.333792681059563	30.25315163578829	0.0
35.0	27.229465449804437	20.90612777053455	24.022164276401565	27.842242503259452	0.0
