# Position (bp)	A	C	G	T	N
0.0	31.277866492311173	15.653267279425634	26.412468094202264	26.647722271818537	0.008675862242396047
1.0	27.9328021445375	17.179435273467508	20.472939925036744	34.40929031349527	0.005532343462970391
2.0	29.997249997802513	19.124821218464444	19.093805211944805	31.780733158120107	0.0033904136681387757
3.0	31.637524455769057	18.31441000966324	20.02371316594579	30.023725699331592	6.266692903220955E-4
4.0	32.48893415037545	17.79906568948563	19.859352988717713	29.852021628762955	6.255426582560371E-4
5.0	32.45680315226147	17.86635360530539	19.972024303886	29.704069589544087	7.493490030535972E-4
6.0	28.138441245627117	17.887749937040425	17.725301769600375	36.24813303046246	3.740172696240628E-4
7.0	27.669559763142765	19.667663113144382	19.41639432398864	33.24538718292716	9.95616797050983E-4
8.0	26.917336366435872	19.32534991605988	19.70568806063556	34.05162565686869	0.0
9.0	30.594194602015754	17.546918252086012	19.74556466701857	32.113074660302686	2.478185769761673E-4
10.0	28.949336867730864	20.63233405002145	21.16496643847218	29.252620815936442	7.418278390678686E-4
11.0	27.279031430150834	20.240192884782438	20.162209784411278	32.31807233672905	4.935639263997473E-4
12.0	28.597218647597256	19.007303728460403	20.301064834597828	32.09428964436963	1.2314497488458237E-4
13.0	29.22973708559064	18.473432705977473	21.073209811768667	31.22362039666322	0.0
14.0	29.273461558744497	18.695784946289308	20.3299782802522	31.700775214713993	0.0
15.0	29.33026648076219	18.533321418472358	20.96248410161744	31.17368317323759	2.448259104157511E-4
16.0	29.687919971460268	18.9559540041148	20.79173325123273	30.564270599676487	1.221735157139576E-4
17.0	28.92358057563697	19.771008846664724	20.12131383887678	31.184096738821527	0.0
18.0	28.936778985176392	19.20129059751012	20.335190089185158	31.52649681916416	2.4350896417374364E-4
19.0	28.299247915470758	18.847233438086803	21.021516622722096	31.832002023720335	0.0
20.0	28.519779696280306	18.800676661027822	19.853584553462056	32.82559450893465	3.6458029516420697E-4
21.0	28.79411832570476	18.51333249943226	20.34443352816663	32.34714411146424	9.715352321179832E-4
22.0	29.100253574502226	18.668497161397926	19.781481656816226	32.44891790813781	8.496991458095873E-4
23.0	28.670661878881987	18.342027368012424	18.956837150621116	34.02974572981366	7.278726708074534E-4
24.0	29.111482140280554	18.238023699791324	18.897146106679376	33.75310555052363	2.4250272512437357E-4
25.0	30.339084960347957	18.21945241148903	19.071043948184442	32.369933788000374	4.848919781895588E-4
26.0	29.225424248632308	18.472135177694078	18.70379147781203	33.5978005379857	8.48557875889925E-4
27.0	29.8092875520045	18.293343545382825	18.875042567037784	33.02135683720547	9.694983694249299E-4
28.0	30.06263402105569	17.908726360805883	18.717032334661933	33.31063809166132	9.691918151751208E-4
29.0	29.981194471925516	18.349497045970008	18.732146554761865	32.936556469259074	6.05458083531419E-4
30.0	30.092027699186353	18.246081704117923	19.280620868901423	32.38114855900012	1.2116879418874464E-4
31.0	30.092806440075893	18.380403353397952	19.26591378881837	32.26014899949687	7.274182109149102E-4
32.0	30.015018002193262	18.73222829304271	18.87367409722155	32.378715681802746	3.639257397397203E-4
33.0	30.375785798570647	17.751725931443975	19.984833920492314	31.886317595690304	0.0013367538027607613
34.0	30.47283632476502	18.752439823761115	19.529291870416017	31.24458070298543	8.512780724145773E-4
35.0	29.695933854840007	18.97461367847239	19.244253566185332	32.08495543333504	2.434671672351625E-4
36.0	29.8788830583703	18.281335856146068	19.765904746356195	32.07314532449131	7.31014636131373E-4
37.0	29.595465902858187	18.488146748735453	20.581022609543542	31.334877201535743	4.8753732707660426E-4
38.0	30.35537825275409	18.129048786736448	19.46857958496505	32.04638338884212	6.099867022898901E-4
39.0	30.241993612971484	18.287572660390406	19.31391976387053	32.15602528422766	4.886785399262584E-4
40.0	30.143743798609417	18.305465053825927	19.91002707507246	31.639540616890784	0.0012234556014079528
41.0	30.40757304601228	18.275314226777354	19.597142958637576	31.719479794063716	4.899745090761653E-4
42.0	30.320573123959765	18.145613813455068	19.679610852658033	31.85236244374915	0.0018397661779838862
43.0	30.55667734170643	18.210251229634466	19.694404994396525	31.537193450623747	0.0014729836388342316
44.0	30.97841512698177	17.860508664298518	18.9405509813149	32.21905076690377	0.0014744605010462526
45.0	30.54965596541822	17.96862798147932	19.411298107963525	32.068327297099536	0.0020906480394025664
46.0	29.86463548084131	18.290027437256818	19.709650061115287	32.133594452972	0.0020925678145837204
47.0	29.619197586994613	18.806508608899435	19.470504015514994	32.10243444446908	0.0013553441218725434
48.0	29.70260379006804	18.46615517117989	19.630469600238882	32.19904396903387	0.0017274694793160208
49.0	29.98756158989314	18.66428521138504	19.680356328952097	31.666067597262316	0.00172927250740808
50.0	29.029848808409454	18.93388103755492	19.613853685318205	32.41994339125693	0.0024730774604956787
51.0	29.724724761897686	18.122513449345544	20.08526377552157	32.066012581605904	0.0014854316292956826
52.0	28.9385321135032	18.630628709968903	20.49867435815756	31.93067742219369	0.001487396176648128
53.0	29.82228448131462	18.876333672890784	19.484062926902503	31.815581840583363	0.001737078308730928
54.0	28.675628473404004	18.736444873957513	20.195119285109172	32.39218628500732	6.210825219925321E-4
55.0	28.995141430617444	19.089652291534055	20.012755609484405	31.901083107893065	0.0013675604710375558
56.0	29.79084967320261	18.305010893246187	19.49069405539994	32.412822906940555	6.224712107065049E-4
57.0	29.436858260562882	18.08379517178895	20.301990630713266	32.1763589391445	9.96997790403647E-4
58.0	29.283189728331955	18.55686957737198	20.341407162611446	31.81703591289849	0.0014976187861300532
59.0	28.93328518574515	18.336983970101848	20.046181700501176	32.682674490233246	8.746534185828865E-4
60.0	29.400628388599912	18.33213002714008	20.417624410807484	31.848991537650136	6.256358023841729E-4
61.0	29.21244939144386	18.43643063964201	20.88544604469848	31.4646711540631	0.0010027701525464096
62.0	29.22848739158368	18.625647486347574	19.89564929328622	32.2494629376807	7.528911018310311E-4
63.0	29.15527294661707	18.083970041218457	20.069618980597166	32.69038403538755	7.539961797526892E-4
64.0	28.69143837210912	18.61262846091026	20.646107887660328	32.04919610870558	6.29170614712274E-4
65.0	29.070416641985826	19.049533500616917	19.663928878851316	32.21586891890359	2.520596423525735E-4
66.0	29.22129952920363	18.44105960097768	20.085881534965242	32.2512545947126	5.047401408477363E-4
67.0	29.52245686038636	19.275092748905713	20.18830302356378	31.013389201702335	7.581654418082751E-4
68.0	29.674938699906626	18.44392654616675	19.69143721832955	32.18944449083598	2.5304476108778883E-4
69.0	29.56290642073473	18.663892032601108	19.974577119661163	31.79811749020661	5.069367963875683E-4
70.0	29.911789309864645	18.552552575424645	20.531295182749346	31.003982111598138	3.8082036322646245E-4
71.0	29.98160364824955	19.06863860640325	19.705963494620306	31.243794250726893	0.0
72.0	30.0051318033004	18.188358828930127	20.149395325856776	31.65685936184816	2.546800645359283E-4
73.0	29.689621033507862	18.534579544178737	20.45786255958031	31.317554119844456	3.827428886371291E-4
74.0	29.80694872119346	19.39255890409558	18.82323466665644	31.977002061787147	2.556462673727617E-4
75.0	29.737356864422953	18.31597366779352	20.008428970551122	31.937984297519602	2.5619971280012196E-4
76.0	30.29873675051111	18.97158683284115	19.441567492020468	31.288108924627267	0.0
77.0	30.009912790585545	18.33326261952241	19.33701302291256	32.319168714152916	6.428528265595931E-4
78.0	29.885338924838162	17.992135979761294	19.962136198850683	32.15987339210943	5.155044404263737E-4
79.0	30.053225512581456	18.299419675219706	20.182923126026488	31.46365636916461	7.753170077415403E-4
80.0	29.523388946373974	18.35813105994579	19.9367764811618	32.18092649262284	7.770198955944267E-4
81.0	29.477584319347965	18.238381130855213	20.428586827078295	31.854538654241	9.09068477531074E-4
82.0	29.498713230747605	18.6458527238243	20.558628383383038	31.295764270642007	0.0010413914030536198
83.0	29.77691194565613	18.314306628965564	19.796210491153854	32.11074416183116	0.0018267723932936576
84.0	29.23183599243807	18.42259159683655	20.556809335976084	31.787847269920388	9.158048289080337E-4
85.0	30.03096015847403	18.170070972227688	20.277985490705394	31.520327443032	6.559355608904981E-4
86.0	29.941412313148163	18.098254734106085	19.68185860031464	32.27702741809036	0.0014469343407504064
87.0	30.418864469347746	17.44670520902324	19.708451964103364	32.42465901624637	0.001319341279286078
88.0	29.83838747317703	17.951876086479107	20.240989995792994	31.966894303608235	0.0018521409426339032
89.0	29.570128630975212	18.34766326366762	19.251119035075266	32.828965789973076	0.0021232803088311212
90.0	30.049907679445997	17.73020566117358	19.79427226509511	32.423085064038645	0.002529330246662948
91.0	30.249503437534646	18.481741060873816	19.132114334259004	32.13503827571606	0.001602891616476123
92.0	29.982743513409954	17.884311870801437	19.151082683758805	32.97931633229991	0.0025455997298984706
93.0	29.863215550458595	17.73438487331238	19.776471568893705	32.62471800139285	0.0012100059424736288
94.0	30.215825396889645	17.908367635769515	19.814058534729444	32.06012943857334	0.0016189940380544549
95.0	29.394918818353784	18.302869623264627	19.830907114006354	32.46981499710912	0.0014894472661195431
96.0	29.427047946210667	18.18624067138827	19.698793870973002	32.68723807867288	6.794327551813542E-4
97.0	30.190451649494797	18.295846984254233	19.601972549548925	31.910501767632354	0.0012270490696922969
98.0	29.578721372087262	18.425449405376852	19.484700991654343	32.509759865571795	0.0013683653097500133
99.0	29.218289592076435	17.983529201667686	19.99931314435645	32.79818120625588	6.868556435493953E-4
100.0	29.41338683102039	18.651803134026874	19.942779535755896	31.990927454102984	0.0011030450938622435
101.0	29.56806309890338	18.599370394714082	19.653924654927874	32.17808835230221	5.534991524544227E-4
102.0	29.113199632178286	18.834332989773777	19.23424186777865	32.817530982867396	6.945274018841139E-4
103.0	30.004238280596486	18.648713458771567	19.56231387813828	31.784176713994132	5.576684995371352E-4
104.0	29.684623708446665	19.06102445149667	19.026727682252332	32.22706421055136	5.599472529687704E-4
105.0	29.62628250175685	18.709768095572734	19.468446943078003	32.194378074490515	0.0011243851018974
106.0	30.279113799929174	18.704560942127234	18.91125442486304	32.104647569975974	4.23263104578437E-4
107.0	30.183069343675722	18.347729764491575	18.994648437168006	32.47441080398095	1.4165068374785044E-4
108.0	28.90660238961512	18.76987610825978	19.541229184778974	32.78186544790699	4.2686943913624394E-4
109.0	30.07463688811039	18.21174359428622	19.43630861724592	32.27702515423147	2.857461259968968E-4
110.0	29.31419897096845	18.424715122401953	19.04727059856578	33.21338487099801	4.304370657966099E-4
111.0	29.277554484967006	17.914504393240016	19.708548840118347	33.09924817014384	1.4411153079591356E-4
112.0	29.031562089582064	18.247570615415135	20.03035011229252	32.69051718271028	0.0
113.0	29.138497915427582	18.334203419949365	19.158143938016874	33.36915472660618	0.0
114.0	28.72002442305642	17.555824650634896	20.26836147876348	33.45564337663362	1.4607091158473794E-4
115.0	29.41436240370071	18.08350657791458	20.40466608665799	32.09746493172672	0.0
116.0	28.39641222814549	18.65063452375336	20.563641081285088	32.38901731377082	2.948530452422512E-4
117.0	28.379437388801403	18.24997666773822	20.63505231611585	32.735089203310665	4.4442403385918576E-4
118.0	28.87381493571738	18.21973536727503	21.11658397824349	31.78956801066986	2.9770809423652016E-4
119.0	29.112327783512093	18.392496522012298	20.116531286930243	32.37849481667639	1.4959086897335785E-4
120.0	29.446214019544325	18.34824736906188	20.315006080356916	31.890532531036875	0.0
121.0	30.02917522206257	18.24682751566412	19.97271338630502	31.750981698629477	3.0217733881483024E-4
122.0	30.271258234679244	18.144097770863212	19.422296229671584	32.161740039380604	6.077254053528454E-4
123.0	30.349985948019892	18.077108713449576	19.3732511394323	32.19934872126981	3.0547782841921334E-4
124.0	30.11858933509817	17.91047526330579	19.636569677184568	32.3340586174968	3.0710691466573716E-4
125.0	30.212466382390087	18.219586677082596	19.192528939705987	32.37526361455307	1.543862682677552E-4
126.0	30.088025626652716	18.124832108469185	19.09871944374139	32.688267545732494	1.5527540422069603E-4
127.0	29.359827880165625	18.86635731727881	19.998626039057964	31.775032631572376	1.5613192523154364E-4
128.0	29.570935528008658	18.763971340196147	19.46837037816677	32.19609438695762	6.283666708034139E-4
129.0	29.00048046225526	18.844709541601077	19.93839335950588	32.215468355870804	9.482807669694844E-4
130.0	28.98419347605166	18.90007967671293	20.47739232908868	31.638016447436428	3.180707102996067E-4
131.0	28.804578312867385	19.084625491510884	19.772140594918213	32.33849556459937	1.6003610414509515E-4
132.0	28.411506990528963	18.85719347980156	20.597255331486373	32.13372205399136	3.2214419174022294E-4
133.0	28.645899204519292	18.75200653766454	20.6336929697406	31.968239143617833	1.6214445774028998E-4
134.0	28.112408492186326	19.01370739703126	20.111964422153868	32.76159316654586	3.265220826884522E-4
135.0	28.617801993704955	17.958630211286707	20.632791762201784	32.7897898638265	9.861689800547324E-4
136.0	28.90837542115401	18.802664936818626	20.69082496541407	31.59813467661329	0.0
137.0	29.390993235849166	19.163150785097883	19.94633318398124	31.49935623139692	1.6656367479441877E-4
138.0	29.91230821089632	18.50751224649627	20.489423823523	31.089917205132377	8.385139520336478E-4
139.0	29.242552674148044	19.151979143097396	21.342359166939648	30.261927034611784	0.0011819812031217812
140.0	29.04372634564182	19.210314235290518	20.033222365418816	31.711376874921367	0.0013601787274847917
141.0	29.60122200359957	18.256418686928363	19.32361689776166	32.81857116681137	1.7124489904256978E-4
142.0	30.58976132527689	18.40729426659744	21.33359091873468	29.668836018718643	5.174706723496446E-4
143.0	30.608746100453704	18.52293176401926	19.980094075468813	30.887012165889654	0.0012158941685715674
144.0	31.039641903455323	18.187608711629387	19.102973755219033	31.668900687005003	8.74942691253723E-4
145.0	28.047249073192614	18.994296977521717	19.57378340524664	33.38290435559731	0.0017661884417095998
146.0	27.944649301038854	19.2519807781206	19.853649971152848	32.94792820104853	0.0017917486391669085
147.0	27.98022906335005	19.037392460775507	19.76855857652183	33.210161324843	0.0036585745096138194
148.0	29.468452115072086	18.90231037530531	19.575750087910208	32.04740498569677	0.006082436015624258
149.0	29.83269909697144	21.064061242564065	16.32710420213605	32.76663202293765	0.009503435390793395
150.0	25.241683293410095	25.371457646110485	12.769338951171685	36.608087171776646	0.009432937531085817
