# Position (bp)	A	C	G	T	N
0.0	26.16125952774107	23.94737253636411	23.94065522567676	25.95071271021806	0.0
1.0	26.731022531068447	20.4772951344635	15.604454892014788	37.18722744245326	0.0
2.0	29.026176168528185	19.5407088105586	17.712410403658836	33.720704617254384	0.0
3.0	23.25325472734614	22.51458274527763	15.023571670793492	39.20859085658274	0.0
4.0	34.157922104491476	13.190543370471083	14.88571688361137	37.76581764142607	0.0
5.0	35.186476894483356	14.662825112035973	23.368086395567097	26.782611597913576	0.0
6.0	31.380969507655305	17.311842922334222	20.963713318064023	30.343474251946446	0.0
7.0	35.10842902096648	17.150723422294636	20.167524514981665	27.57332304175722	0.0
8.0	22.46821724362099	26.987906806322503	22.839967293238555	27.703908656817948	0.0
9.0	27.391699682909156	18.55686208234705	15.477590791264326	38.57384744347947	0.0
10.0	26.698775768734933	16.581000183558356	24.949965258829707	31.770258788877005	0.0
11.0	28.05756915481141	18.515375053744965	19.199511599858408	34.22754419158522	0.0
12.0	26.144390481522915	19.95181681941302	20.690257524916184	33.213535174147886	0.0
13.0	26.31859339623077	20.786386005823452	19.021048143060483	33.8739724548853	0.0
14.0	30.46365704340392	18.6165806806429	20.218562258768994	30.70120001718419	0.0
15.0	29.588754725207462	18.551571909251873	19.990250459517217	31.86942290602345	0.0
16.0	29.745223133465387	17.9148516461492	18.639623112446714	33.700302107938704	0.0
17.0	30.3238580060734	17.834043364507483	19.76074925893196	32.08134937048715	0.0
18.0	31.693498022220858	17.769034593116455	19.06093746837879	31.476529916283898	0.0
19.0	30.05512431374206	18.542180964395005	19.96758082514629	31.43511389671665	0.0
20.0	29.72684954570195	17.758773787582864	20.149417211098854	32.36495945561634	0.0
21.0	29.133764334505102	18.439697174870044	20.217674645833565	32.20886384479129	0.0
22.0	29.810125391304165	18.83736552220222	22.804959839065123	28.547549247428496	0.0
23.0	29.76091613016382	20.296299399654117	21.094565217005385	28.848219253176676	0.0
24.0	33.08083704030082	19.42359836153753	17.642141447867118	29.853423150294528	0.0
25.0	29.495005046967147	20.993998671420957	19.39038388549367	30.12061239611822	0.0
26.0	31.90606356799807	16.56376274035227	22.321015514408977	29.20915817724068	0.0
27.0	26.26086305091028	21.03813078657063	24.845280189224876	27.85572597329421	0.0
28.0	26.879405001095314	19.675786948752425	18.720946209590977	34.723861840561284	0.0
29.0	28.26347760357289	20.102409230038383	17.184967529343595	34.449145637045135	0.0
30.0	26.73291431579581	18.903502160609232	15.897442559792932	38.46614096380203	0.0
31.0	34.59305147439366	14.294885168215973	18.4795963953605	32.632466962029866	0.0
32.0	34.496723120866086	15.469610374361809	22.524809575802042	27.508856928970065	0.0
33.0	31.248728347633424	17.357522377882525	21.04509030217111	30.348658972312943	0.0
34.0	33.07860997623154	16.5604822763974	21.924210060626372	28.43669768674469	0.0
35.0	26.497154834337895	20.220226055373942	25.658827548392253	27.62379156189591	0.0
