# Position (bp)	A	C	G	T	N
0.0	26.35526572646286	23.963043862732324	23.76819977143642	25.91349063936839	0.0
1.0	26.702607898094783	20.387401760204373	15.587120886848705	37.32286945485214	0.0
2.0	28.88766052527095	19.530356711464073	17.83637279050206	33.74560997276292	0.0
3.0	23.31784846266529	22.678271932466252	14.949505115799733	39.05437448906873	0.0
4.0	34.24925480324172	13.067912389049246	14.879419571358396	37.803413236350636	0.0
5.0	35.15104138623198	14.742942019763824	23.333463029259267	26.77255356474493	0.0
6.0	31.6373041274712	17.156452789375724	20.972901680165	30.233341402988078	0.0
7.0	35.25435656555494	17.074459333132115	20.065078621493367	27.606105479819576	0.0
8.0	22.467399118835623	27.00479830055167	23.029681133356807	27.498121447255897	0.0
9.0	27.794144155473948	18.492033049952212	15.428668968090278	38.28515382648356	0.0
10.0	26.75089237805389	16.37357837835572	25.251888508811643	31.623640734778746	0.0
11.0	28.04455235424317	18.476050941529586	19.423698270369066	34.055698433858176	0.0
12.0	26.18867586397706	19.767248101011116	21.042777554202928	33.00129848080889	0.0
13.0	26.431643212267552	20.914894486644197	18.921729065009977	33.73173323607828	0.0
14.0	30.7483058965072	18.307793400070427	20.39258084326844	30.55131986015393	0.0
15.0	29.651645056760067	18.70874782014521	20.072768373660647	31.56683874943408	0.0
16.0	30.17355259738082	17.729542377215488	18.702669378909068	33.39423564649462	0.0
17.0	30.5440624109194	17.8187146821604	19.55750257809749	32.07972032882271	0.0
18.0	31.70048585609605	17.860124063081646	18.976683937823836	31.462706142998474	0.0
19.0	30.051328768214365	18.537844060734106	19.92858879554639	31.48223837550514	0.0
20.0	29.633566934118083	17.950658777269147	20.011748159699515	32.40402612891326	0.0
21.0	29.245581602025588	18.37313664335899	20.196577313580498	32.18470444103493	0.0
22.0	29.799872562335462	18.928763812733706	22.847288596005836	28.424075028924996	0.0
23.0	29.850307904488826	20.354223783054145	21.19904851434512	28.59641979811191	0.0
24.0	32.961343209752336	19.43615645488539	17.912629219276624	29.689871116085655	0.0
25.0	29.385451250901284	21.118116165300066	19.61848349179201	29.877949092006638	0.0
26.0	32.373922124687695	16.695513062360614	22.064296284185993	28.866268528765698	0.0
27.0	26.446053310025658	21.313477790633332	24.904736153730067	27.335732745610947	0.0
28.0	26.798616001810956	19.758143539245772	18.757742152522763	34.685498306420506	0.0
29.0	28.158510027332024	20.11447905662592	17.236743234066097	34.49026768197596	0.0
30.0	26.54260134293646	19.045781781617837	16.10530316332586	38.30631371211984	0.0
31.0	34.50668198386717	14.202608164231151	18.363377142475642	32.92733270942605	0.0
32.0	34.52817341170384	15.50073048264865	22.560013019342417	27.411083086305094	0.0
33.0	31.557397713425356	17.375557872071916	21.12545047585767	29.941593938645063	0.0
34.0	33.52241358701741	16.50298471502355	21.783207360735048	28.19139433722399	0.0
35.0	26.39218196557235	20.10297309406711	25.903638404947998	27.601206535412537	0.0
