# Position (bp)	A	C	G	T	N
0.0	26.042743085575864	23.94937533868219	23.772923576314085	26.234957999427856	0.0
1.0	26.196171093352355	19.720763998023504	15.508765002194632	38.57429990642951	0.0
2.0	28.467395692835957	18.96927408573487	18.64352182642028	33.91980839500889	0.0
3.0	22.92409677728812	22.297197774723433	15.242225497295658	39.53647995069279	0.0
4.0	33.897130502314624	13.295281622521948	14.725653432606908	38.081934442556516	0.0
5.0	34.897488432102996	14.870474567603098	23.078275484122194	27.153761516171716	0.0
6.0	30.782311265102276	17.432630753377797	20.82900799060209	30.95604999091784	0.0
7.0	34.54542310127711	17.186584887627383	19.982351328456698	28.285640682638817	0.0
8.0	22.19451480052354	27.069405941938697	22.577854047162717	28.158225210375047	0.0
9.0	28.049897125454322	18.45779003067563	15.616878046130575	37.87543479773948	0.0
10.0	26.06081948233393	16.259589316665167	25.507401959369645	32.17218924163126	0.0
11.0	28.03640120733295	17.837296097048384	19.48845589720694	34.63784679841172	0.0
12.0	26.226303629298535	19.368255223938874	21.390170812488225	33.01527033427437	0.0
13.0	26.011875559146922	20.836986709491452	18.731909952518137	34.41922777884349	0.0
14.0	30.62067854760155	18.183128998908444	20.691672169719233	30.504520283770773	0.0
15.0	29.878201460954358	18.201622226334184	19.774840977342137	32.145335335369325	0.0
16.0	29.62328563643864	17.62932951599733	18.72842987300256	34.01895497456147	0.0
17.0	30.22404497281294	17.81975776948972	19.728984563725348	32.22721269397199	0.0
18.0	30.482706126807308	17.53420026923932	18.798434643257895	33.18465896069547	0.0
19.0	29.66307313090022	18.201685886325325	19.791116715076555	32.34412426769791	0.0
20.0	29.91929398523428	17.57995058287088	19.821185450890987	32.67956998100386	0.0
21.0	28.99375198406972	18.337599967406085	19.53927779013253	33.12937025839166	0.0
22.0	29.769926426026245	18.77593083639043	22.52705337423417	28.92708936334916	0.0
23.0	29.607434298645146	20.253192760755567	21.134395578092136	29.00497736250715	0.0
24.0	31.901581229299893	19.52924073152969	18.372856992498306	30.196321046672107	0.0
25.0	29.0950244199726	21.014566254772376	19.191460818548652	30.69894850670637	0.0
26.0	32.15388699417893	16.76274727662558	21.586041995222953	29.497323733972536	0.0
27.0	26.282897361420687	21.068454437271143	25.02154890700039	27.627099294307776	0.0
28.0	26.194282653755856	19.529537811488336	18.319881269872525	35.95629826488328	0.0
29.0	27.970417626517868	19.612062380000918	17.42885359390358	34.98866639957764	0.0
30.0	26.42746486636521	19.40611695559915	16.472409682754165	37.69400849528148	0.0
31.0	33.98499962537487	14.120507193336241	17.74028253352468	34.154210647764216	0.0
32.0	34.223597084791784	15.611876826746792	22.565364746509683	27.59916134195174	0.0
33.0	30.902545629160606	17.75094614405224	20.724782708894324	30.621725517892834	0.0
34.0	33.22610017746136	16.240968494871343	21.52102944771139	29.011901879955904	0.0
35.0	25.68197367403068	20.2091484032846	25.725693533192658	28.383184389492065	0.0
