# Position (bp)	A	C	G	T	N
0.0	27.058640628915644	23.577143334478055	23.492449485339844	25.87176655126646	0.0
1.0	27.21067665868693	19.907943887404738	15.240606460118656	37.64077299378968	0.0
2.0	27.612267301341305	20.260465674065053	18.028495784210623	34.098771240383016	0.0
3.0	24.319375401128564	21.503711661310618	15.275665902174088	38.90055692172501	6.901136617200853E-4
4.0	32.84385909380749	14.781250430067573	14.675740519017014	37.698003110248685	0.0011468468592451913
5.0	35.213871825832335	14.888201020499345	22.282353426371223	27.607783655972124	0.0077900713249765725
6.0	31.55463589043981	17.57531919958615	20.691778407504223	30.171170635011467	0.007095867458351836
7.0	34.56896492619349	17.198894787721997	19.972209716086596	28.25924495444085	6.85615557074067E-4
8.0	24.29446647987925	26.246372145383635	21.495852086287563	27.962852595500205	4.566929493459015E-4
9.0	28.578959499581234	18.48842861478846	16.027868998363733	36.904514677322545	2.2820994402010075E-4
10.0	27.253278107102695	17.273098424182155	24.534085699492973	30.938853523523225	6.842456989455774E-4
11.0	27.84418237237285	19.025353307146393	19.77471326209816	33.35461117405806	0.0011398843245387458
12.0	27.344383778906018	20.271582094449865	20.438159130062257	31.938810854168754	0.007064142413111049
13.0	27.069429702483177	21.428180960927858	18.267150152379998	33.2347836386248	4.555455841688799E-4
14.0	31.349280465749807	18.83612658700693	19.84538782873308	29.968066254549765	0.0011388639604221996
15.0	29.542814451728113	18.547082913851774	19.01014500015944	32.89927431588442	6.833183762533198E-4
16.0	30.04892559573974	18.03596076841429	18.802416213778432	33.111103012522946	0.0015944095445910797
17.0	29.667178396206218	18.491050806999002	20.56355544217532	31.274798762738193	0.003416591881266599
18.0	31.84901397158307	18.06010468437524	18.296305069766806	31.786831999344013	0.007744274930870957
19.0	30.543420327355058	18.25803924069662	19.561582929795872	31.636957502152452	0.0
20.0	30.287403709052146	18.060332457167327	19.84538782873308	31.806876005047446	0.0
21.0	29.952805477480105	17.65261915933618	18.848654090571575	33.54569349982006	2.2777279208443995E-4
22.0	29.03670330771649	18.56234369092143	20.0822715325009	32.31731483210867	0.0013666367525066395
23.0	29.992893488886967	17.31824870055622	19.717607292373714	32.97056719980685	6.833183762533198E-4
24.0	30.72313306030968	17.855564717083414	18.710851551360484	32.70931180728599	0.0011388639604221996
25.0	28.941266507833106	18.01637230829503	18.91356933631564	34.12879184755623	0.0
26.0	30.748415840231054	17.42484636725174	20.80704455691359	31.019465462811535	2.2777279208443995E-4
27.0	28.734448812620432	18.111581335386326	19.801427679860787	33.35254217213245	0.0
28.0	29.49657657493497	17.49249488650082	20.512306563956322	32.49566092831079	0.002961046297097719
29.0	29.33690784768378	18.469640164543065	18.90787501651353	33.282615924962535	0.002961046297097719
30.0	29.752205415082695	18.070167846152795	19.222700799256547	32.95447039288618	4.555466217801395E-4
31.0	30.313121396894527	18.020139807895113	18.96813664638716	32.695868856641106	0.002733292182101036
32.0	29.433296130105003	18.404209279548095	19.093228253194543	33.06926633715236	0.0
33.0	29.848801665505004	17.547480103684066	19.397484431445974	33.204867137709385	0.0013666616555739295
34.0	29.375521044503465	18.204782448259994	19.586945528925657	32.832750978310884	0.0
35.0	30.34335311762078	17.46647155894715	19.638184586490155	32.55176280736304	2.2792957887731008E-4
36.0	30.71321911796555	17.810986104936795	18.6016026627455	32.87396413956616	2.2797478598866967E-4
37.0	28.822041994523246	19.23179526700883	19.127823594729364	32.818339143738555	0.0
38.0	30.503356929139603	18.52559658468948	19.410211267605636	31.560607166313947	2.2805225133182513E-4
39.0	29.76983252458747	18.565337312043585	19.37020484426224	32.29462531910671	0.0
40.0	29.316546351846057	18.859091210128824	19.249153304908432	32.57109840846444	0.004110724652244113
41.0	29.206831900493874	18.020623742454728	20.93012621181635	31.83990305469179	0.0025150905432595573
42.0	28.844965887095668	18.997066885086873	19.29106475274436	32.863013009119655	0.0038894659534453803
43.0	29.503009600040297	18.310365433444222	20.112920101930314	32.07072846287168	0.002976401713491571
44.0	29.1944617527398	18.820556756954883	20.06492137961368	31.92006011069164	0.0
45.0	29.461449246129796	18.204051507969616	19.777575054666478	32.55623656259025	6.876286438587886E-4
46.0	29.57284634575873	17.28059876724391	20.062555033754037	33.08377054593484	2.2930730848253595E-4
47.0	29.835290879060377	18.775463387777574	19.44531106625069	31.94255826757203	0.0013763993393283171
48.0	30.215677094807962	18.453495630461923	18.466806198134687	32.86287361386503	0.0011474627304105163
49.0	28.55391312733334	19.015277796911377	19.68824477537919	32.741645887577086	9.184127990007668E-4
50.0	29.31950527859103	18.597094361995982	19.53699150185911	32.5461790538522	2.2980370167802663E-4
51.0	30.491871181526353	18.09648729188959	19.098868983926458	32.312772542657605	0.0
52.0	29.13558568212247	18.539591240404935	19.850580831299673	32.47401180328473	2.3044288818680622E-4
53.0	30.718163966504296	18.060359647321338	19.420863052041103	31.791383324603284	0.00923000952998484
54.0	30.270076702707698	18.552582940578503	18.86655577118566	32.30801219850291	0.002772387025228722
55.0	29.157684870800914	18.413298300474608	18.277993135286664	34.15009852991516	9.251635226526289E-4
56.0	29.979971983931282	17.839984255432455	20.818254436842288	31.361094710519914	6.946132740596673E-4
57.0	27.81522945687212	19.41745322917415	19.257784709363897	33.508837386071065	6.952185187674239E-4
58.0	30.405496305024514	17.796653414547023	22.02882683948544	29.76902344094302	0.0
59.0	28.33355392549558	21.55324746493165	20.933267387886936	29.172036344300246	0.007894877385588132
60.0	30.76726271328359	18.885715348975683	19.647907634482632	30.698183949537615	9.303537204845282E-4
61.0	28.778757431892288	21.09620265555408	19.266168371544506	30.858638475002504	2.330660066237359E-4
62.0	31.010150101874874	16.535039348000822	21.210535170196458	31.244041721965715	2.336579621287175E-4
63.0	26.100331060613165	20.872293134009208	25.118403406266705	27.90639331501402	0.002579084096898534
64.0	25.820016227466752	20.76433720205548	18.071048082689526	35.34224668101269	0.00235180677555532
65.0	26.939806668019077	19.548090032882477	19.246392127076383	34.26004991342992	0.0056612585921393425
66.0	27.04343156943587	19.70209836856634	17.027748801320854	36.21867881548975	0.008042445187187912
67.0	33.17751243403318	14.223442423782224	17.79395573104522	34.803902957591404	0.0011864535479706897
68.0	34.094499703924264	15.778559321830732	23.20490598696308	26.92203498728193	0.0
69.0	31.746646437858917	16.613276012931404	20.50740320441962	31.13267434479006	0.0
70.0	32.1992293571216	16.469265150138405	22.541962637252656	28.789542855487344	0.0
71.0	26.44927536231884	19.43092673846563	24.638345964632364	29.48145193458317	0.0
