# Position (bp)	A	C	G	T	N
0.0	25.8904883625108	23.750416377090037	24.311892458313412	26.04720280208575	0.0
1.0	26.012629690154725	19.925029657949636	15.50718828065012	38.55515237124551	0.0
2.0	28.28457710621292	18.850561008438376	18.730132443496675	34.13472944185203	0.0
3.0	22.66594706038162	22.190543198348887	15.575118131723395	39.5683916095461	0.0
4.0	34.04289457877278	13.35288533882382	14.714591412321285	37.88962867008212	0.0
5.0	34.67669322948505	15.021093574497074	22.872920452447797	27.429292743570073	0.0
6.0	30.48157356569622	17.535802682476817	21.181140239530784	30.80148351229618	0.0
7.0	34.72314113171572	17.118944076314335	20.029794511072463	28.128120280897484	0.0
8.0	22.52491491963297	26.83735245333868	22.271433432470385	28.366299194557964	0.0
9.0	27.987144867436754	18.573780733174086	15.88580663857433	37.553267760814826	0.0
10.0	25.854650550382964	16.37296485480637	25.725761864287893	32.04662273052277	0.0
11.0	28.01816261356791	17.720246627487548	19.704144582500653	34.55744617644389	0.0
12.0	26.074723643531826	19.392001207701913	21.536958445442988	32.99631670332327	0.0
13.0	26.367911729028194	20.590674483073972	18.67564417645457	34.36576961144326	0.0
14.0	30.58381320229832	18.25365235174221	20.455087128800344	30.707447317159126	0.0
15.0	29.941639067021146	17.92256582290954	19.95146135329601	32.1843337567733	0.0
16.0	29.449153467944207	17.52076708488038	18.787288646097224	34.24279080107819	0.0
17.0	30.226332464609918	17.625276016680655	19.82245131451655	32.32594020419288	0.0
18.0	30.591057957556657	17.195056479966368	18.874771796276995	33.33911376619998	0.0
19.0	29.619387013612375	18.173013492962273	19.868067788580323	32.33953170484503	0.0
20.0	29.932525480423145	17.355848786788673	19.924860844876804	32.78676488791138	0.0
21.0	28.935564637051108	18.101561032390972	19.628942323981573	33.33393200657635	0.0
22.0	29.643184275022072	18.753855981546625	22.476774309733795	29.126185433697504	0.0
23.0	29.47287791774327	20.040813334815454	21.208250429224446	29.278058318216832	0.0
24.0	31.69677507668276	19.418322604947015	18.45081405807745	30.434088260292768	0.0
25.0	28.907592843298254	21.122017211693933	19.333266508455125	30.637123436552688	0.0
26.0	31.77354278483053	16.760019241681636	21.650083417835255	29.816354555652584	0.0
27.0	26.11566803924643	20.811815479845503	25.16768513929589	27.904831341612173	0.0
28.0	25.82704281468329	19.600703554323044	18.61298978550185	35.95926384549182	0.0
29.0	27.54212030322638	19.73047811501419	17.616514352867394	35.11088722889203	0.0
30.0	26.38348529583755	19.08237973305919	16.707993465194917	37.82614150590834	0.0
31.0	33.91631693918344	14.320824546900928	17.973432514704427	33.789425999211204	0.0
32.0	33.88394453421148	15.72072963192785	22.497803608839632	27.897522225021042	0.0
33.0	30.96170867567627	17.85071919382735	20.81097665864956	30.376595471846823	0.0
34.0	33.295224034825786	16.349991209682145	21.693442637934066	28.661342117558004	0.0
35.0	25.927356706366133	20.484009612471617	25.083845615562794	28.504788065599453	0.0
