# Position (bp)	A	C	G	T	N
0.0	27.036827618432753	24.110553361268444	23.137570972553824	25.715048047744983	0.0
1.0	27.51822734660287	20.037881450909197	15.2283984058912	37.215492796596735	0.0
2.0	28.389010174238994	19.947137894577857	17.88276969971578	33.78094492729744	1.3730416992764068E-4
3.0	24.27580238562436	21.894285976412142	15.226669916512733	38.602967858018246	2.738634325221042E-4
4.0	34.466211056759086	13.958574377201838	14.587758636940466	36.98704612606361	4.098030350012772E-4
5.0	36.38212214261344	14.918321392016376	22.518594336403957	26.171409075400888	0.009553053565336063
6.0	32.90579588631539	17.537215253380015	19.821323157505834	29.729939754847628	0.005725947951133125
7.0	35.636131778182566	16.6792235872102	20.50610974793969	27.177444955047132	0.0010899316204149643
8.0	23.193883219151974	26.942399224510687	22.497358761831112	27.364861185235206	0.0014976092710182653
9.0	28.960678629405912	18.2615700516946	16.015528791266213	36.76208645340206	1.360742312146122E-4
10.0	26.753893233594017	17.122883373002377	25.069976198571915	31.05297517851071	2.720163209792587E-4
11.0	28.4107084832821	18.887358622161738	19.907168853981283	32.79286064859441	0.00190339198046576
12.0	26.80947294318463	19.68818545789607	21.002090179418392	32.49277678569002	0.007474633810894483
13.0	27.640427457021982	21.636003988729392	18.74390346622758	31.979665088021044	0.0
14.0	31.846662156250595	18.111086657048066	20.734056630175772	29.306971853373437	0.0012227031521287262
15.0	29.941418933422455	18.996731306906643	19.85316693701992	31.208139399027818	5.434236231683227E-4
16.0	30.483891565250232	17.930126590533018	19.173208128530554	32.41060002119352	0.002173694492673291
17.0	30.11232566290889	18.333754486641286	20.780791061768248	30.76986824694256	0.0032605417390099366
18.0	31.48650814999579	18.376005673342625	18.51525797677951	31.613533421911384	0.008694777970693164
19.0	30.690120830242613	18.67787749601263	19.569499805726053	31.062366012112914	1.3585590579208068E-4
20.0	30.2820096892432	18.4467866002603	19.205270122297485	32.06579773229322	1.3585590579208068E-4
21.0	30.59502169618816	17.509516706200735	19.383377214790904	32.512084382820206	0.0
22.0	28.69331072691061	19.564744849023334	19.84121161731022	31.899238391792128	0.0014944149637128876
23.0	30.241932197034537	17.88312044712896	20.23641644725938	31.63744406133079	0.0010868472463366455
24.0	31.32212250398737	18.06679763175985	18.74403932213337	31.8654102712499	0.0016302708695049683
25.0	29.490241470286954	18.266098245556833	19.491926083518777	32.751190777014266	5.434236231683227E-4
26.0	32.058189801568865	18.012726981254602	20.00342356882596	29.92565964835057	0.0
27.0	29.413890451231804	18.04927221991267	20.22079301809329	32.31577259895065	2.7171181158416137E-4
28.0	30.392188828840577	18.266505813274208	19.92367615212601	31.413281816773857	0.004347388985346582
29.0	29.477878582859873	18.5960922407258	19.67288615003383	32.25110518779361	0.0020378385868812104
30.0	30.33465612598819	18.25467449383142	19.5411028042208	31.867800437187277	0.0017661387723161824
31.0	30.857109475088546	18.452939745974213	19.49686645373315	31.190910610039573	0.002173715164516274
32.0	29.056808841610454	18.520646953733706	19.836019916719312	32.58652428793653	0.0
33.0	29.6660448851108	18.750178314994624	19.639511613910337	31.943178313636032	0.0010868723482012942
34.0	29.9201686837343	18.159043111084543	19.881339905332776	32.03944829984838	0.0
35.0	30.41173983903393	17.698111822619254	19.661049664053674	32.228826818072456	2.718562206820057E-4
36.0	31.173139092582474	17.590696890353488	19.166184055618544	32.06970806789726	2.7189354823799384E-4
37.0	29.308889091321923	18.77723498532285	19.386618844128527	32.526577266800544	6.798124261553752E-4
38.0	30.668740829783097	18.526727740254582	19.328743522206373	31.475651926782405	1.35980973542182E-4
39.0	29.291519590840153	19.035046554174915	20.07726156713119	31.595764216196365	4.0807165738303644E-4
40.0	30.060826853122478	18.56825459060315	19.610533882245313	31.756436646409202	0.003948027619856674
41.0	29.785439422678618	18.47842675561951	20.709469771295268	31.02516515141605	0.0014988989905596617
42.0	29.26707874652453	18.308508999076842	19.646609477291292	32.77630281733354	0.001499959773806066
43.0	29.256430160806886	18.41018511823474	20.47869619135842	31.852232837783824	0.0024556918161341684
44.0	29.389975091275122	18.922168765141436	20.16719555055106	31.520524106868663	1.3648616371515337E-4
45.0	29.438664669424025	18.285830546615454	19.791409216719487	32.48382247116447	2.7309607656521604E-4
46.0	30.167064373942274	17.586765977383273	19.58222296284863	32.66326373114533	6.829546804933118E-4
47.0	29.67167490747028	17.876236291324137	20.265135730749105	32.18490368575008	0.0020493847063983157
48.0	30.15946121025428	18.025895363489013	18.942373659653907	32.871313108673604	9.566579291909134E-4
49.0	29.71187260930549	17.673845699552416	20.120249028684235	32.49280228358319	0.0012303788746681394
50.0	30.007045095450785	18.719707799536256	19.6860486590379	31.586924850035224	2.7359593983625283E-4
51.0	30.280642846578985	18.3086112739164	19.453421558585255	31.95718738189009	1.3693902926660933E-4
52.0	30.114584461650473	17.807552400761793	20.040009268768227	32.03771675686348	1.3711195602545345E-4
53.0	31.605468004705372	17.458193153601297	19.48652696049162	31.439791689829782	0.010020191371928914
54.0	30.127681089926345	18.328893187822963	19.630984750538932	31.909967863330536	0.002473108381226909
55.0	29.02196618914879	18.232775870059395	18.33096568444764	34.41291704885975	0.0013752074844292131
56.0	29.338465921367906	18.598566747270503	20.459840985192656	31.60257583619025	5.505099786815011E-4
57.0	28.307616037677384	18.572638449939063	19.864355897075733	33.25483877631117	5.508389966467676E-4
58.0	30.836333673670445	17.932458928751046	21.98178163033878	29.249287978934923	1.3778830480426482E-4
59.0	29.71063363799483	20.166825962290382	21.217901242230027	28.896088223571066	0.008550933913693494
60.0	31.1058542789555	19.11033409423907	19.794873069598708	29.988248080128482	6.90477078232434E-4
61.0	29.097345132743364	21.057660398230087	19.77779314159292	30.067063053097343	1.3827433628318584E-4
62.0	31.003536546158024	16.307053136883184	21.968991474595626	30.720003104178446	4.157381847207903E-4
63.0	26.269325185780335	20.25707605525731	26.105577163128057	27.365102488469528	0.0029191073647688763
64.0	26.205431163004555	19.64484262445835	18.66436304356913	35.48257652812417	0.0027866408437948473
65.0	27.66371772896874	19.414095950134875	18.750550044632195	34.16590882739565	0.00572744886854946
66.0	26.33345703822481	19.782652839727476	16.97884646355724	36.89818153809527	0.006862120395202117
67.0	33.53671979991827	14.334322414124804	18.001176786138075	34.12609586453759	0.0016851352812560997
68.0	34.220713130845695	15.620657202354673	23.08171663560317	27.076913031196458	0.0
69.0	32.06877776683677	17.21037053341288	20.528489426156867	30.19236227359349	0.0
70.0	32.96217692498135	16.18290728979006	22.047188922296947	28.80772686293164	0.0
71.0	25.566791969177142	20.160874356229044	26.03980243363005	28.23253124096376	0.0
