# Position (bp)	A	C	G	T	N
0.0	26.017847709606823	24.86321787034941	24.11327446985133	25.005659950192438	0.0
1.0	25.14432872990718	20.717304354388347	14.577201720624858	39.56116519507962	0.0
2.0	27.590011504875427	19.611097489673902	18.83970502253824	33.95918598291243	0.0
3.0	23.38578149010587	23.14443826421427	15.278157495309832	38.19162275037003	0.0
4.0	33.730454206999255	13.996625729285464	14.45092698191278	37.8219930818025	0.0
5.0	35.10597193557811	15.58904187045885	23.020742039146946	26.284244154816093	0.0
6.0	32.55246369710048	17.927648627510106	20.66697449138248	28.852913184006933	0.0
7.0	34.4150765606596	17.843109540636043	20.17432273262662	27.56749116607774	0.0
8.0	23.323785474691896	26.60272113971281	21.926468925489015	28.147024460106284	0.0
9.0	29.601364274475443	19.08099908608685	15.637336649801673	35.68029998963604	0.0
10.0	26.70906350103637	17.046353872244204	24.647635198794045	31.596947427925382	0.0
11.0	27.901192696851506	18.608331920185407	20.377593126448478	33.11288225651462	0.0
12.0	25.99201115423748	20.281116931077364	21.106379771639595	32.62049214304556	0.0
13.0	26.936591523555624	21.322054016372594	18.334856292332766	33.40649816773902	0.0
14.0	30.384695088638118	18.697839151485464	19.933686253084907	30.98377950679151	0.0
15.0	29.67344516761013	18.8284715877516	18.775725494259152	32.72235775037911	0.0
16.0	29.54804441388923	17.04133430021755	18.842940960417394	34.56768032547583	0.0
17.0	30.28796353842967	18.40687797804019	20.327890464621355	30.977268018908788	0.0
18.0	31.407401828332564	17.51791144543717	18.399126316879595	32.675560409350666	0.0
19.0	29.985220608308467	18.04309557653748	20.03125323593369	31.940430579220365	0.0
20.0	30.17518097013169	18.080069281673303	19.379100656104978	32.365649092090024	0.0
21.0	30.175626835328668	17.75845192380092	19.74343046457345	32.322490776296966	0.0
22.0	28.85228930403275	18.498894169686135	19.748717707402005	32.90009881887911	0.0
23.0	29.376223460322244	17.67429603975305	20.516488480650505	32.4329920192742	0.0
24.0	31.46839326551163	18.370208641150395	17.982476778437594	32.178921314900386	0.0
25.0	29.394327228924734	17.773992584366944	19.53191168997384	33.29976849673449	0.0
26.0	31.18489031930211	17.73241862172158	20.272343148602996	30.81034791037332	0.0
27.0	28.846208136109986	18.332125683420063	19.705082480920698	33.11658369954925	0.0
28.0	30.1173415136773	17.377271315786995	20.018631611634408	32.4867555589013	0.0
29.0	29.571673222048666	18.22553023317086	19.93620264599055	32.26659389878992	0.0
30.0	30.006022282445045	17.798667570009034	19.252484191508582	32.94282595603734	0.0
31.0	29.6420371137125	18.18703654910227	20.09259607784093	32.0783302593443	0.0
32.0	30.131275584623346	18.143320942925705	19.404319390203735	32.32108408224722	0.0
33.0	30.731587961830193	17.87845137490354	19.661779375505827	31.728181287760442	0.0
34.0	29.828722002635043	17.805383022774325	20.040466779597214	32.325428194993414	0.0
35.0	30.10738520324132	18.327011943192193	19.953318965111574	31.61228388845491	0.0
36.0	30.262674936237094	17.52515223099583	19.19286984838075	33.01930298438632	0.0
37.0	28.44611764705882	19.708235294117646	19.12564705882353	32.72	0.0
38.0	30.043859649122805	17.93257284843009	19.534485355018447	32.489082147428654	0.0
39.0	28.50971312401175	19.009298998569385	20.086966342895867	32.394021534523006	0.0
40.0	30.347865371583467	18.203636774339284	19.840373465853474	31.60812438822378	0.0
41.0	30.01035294117647	17.99435294117647	20.928	31.06729411764706	0.0
42.0	30.08216547920451	18.839706726651546	19.576654839104368	31.501472955039578	0.0
43.0	29.996799939763573	18.620585799262106	19.668134929598676	31.71447933137565	0.0
44.0	29.276671843380864	18.83006259118076	20.38872417525531	31.504541390183068	0.0
45.0	29.324171686746986	19.44182981927711	19.755271084337352	31.47872740963855	0.0
46.0	30.358907745743092	18.00562881804234	19.178456122516213	32.45700731369836	0.0
47.0	29.474110260827004	18.400022590574082	20.11973004263971	32.006137105959205	0.0
48.0	30.354974442969702	18.6053297939435	19.507121139382303	31.5325746237045	0.0
49.0	28.972164958158007	18.49142921691	19.492059906055555	33.04434591887643	0.0
50.0	29.714592315078036	18.74164580077941	20.017131991641094	31.526629892501457	0.0
51.0	30.05619828486977	18.907851757020076	19.293803127147445	31.742146830962714	0.0
52.0	29.45778028805422	18.509837145815684	19.4276569707239	32.604725595406194	0.0
53.0	30.953882649747243	18.558020879420877	19.548334259006488	30.939762211825396	0.0
54.0	30.36864103626162	18.127988854162744	19.747147644688784	31.756222464886847	0.0
55.0	29.6760710553814	17.68476940890734	18.83701883701884	33.802140698692426	0.0
56.0	29.732070569185293	18.662800549791942	20.195439739413683	31.409689141609082	0.0
57.0	28.873763191835888	18.150836463599475	19.5432165014451	33.43218384311953	0.0
58.0	29.678968179250614	18.336471474298627	19.148936170212767	32.835624176238	0.0
59.0	29.678864965118578	17.37198376907651	20.824350151105754	32.12480111469915	0.0
60.0	29.67000894412277	18.257308289789577	19.995292566963236	32.077390199124416	0.0
61.0	30.24902320764487	17.703714164666007	19.454879254342607	32.592383373346514	0.0
62.0	29.015007437814223	18.314911405276142	19.940874084395656	32.72920707251398	0.0
63.0	29.279177494068463	18.199450156291192	19.938425036719014	32.58294731292133	0.0
64.0	28.176665536850827	18.65514254509848	19.84239069031748	33.325801227733216	0.0
65.0	30.222485853364596	17.757440518223504	20.851340281897016	31.168733346514895	0.0
66.0	30.140855679421513	18.067377222054837	20.630272672491714	31.16149442603194	0.0
67.0	29.342974973165358	17.788072236973427	19.438638118373728	33.43031467148749	0.0
68.0	29.60821791407346	18.359430169386197	20.182285536734867	31.850066379805476	0.0
69.0	29.95188641050025	17.49508036193471	19.743519730337926	32.80951349722711	0.0
70.0	28.322583682500824	18.178993456051977	20.375688526905513	33.12273433454169	0.0
71.0	29.53212244475203	17.580482660565146	21.204674067587543	31.682720827095277	0.0
72.0	30.145383326114384	17.88572719911113	19.78776294231747	32.181126532457014	0.0
73.0	30.21771064823534	17.546800256130172	19.249312591811368	32.98617650382312	0.0
74.0	29.27538961344696	18.304063279815434	20.84090588069118	31.579641226046423	0.0
75.0	30.309907432693308	18.092529639430094	19.632179145518066	31.965383782358536	0.0
76.0	28.7736248834647	18.509101524611314	19.479051897053424	33.23822169487056	0.0
77.0	28.873319019098204	17.680905563717182	21.967642294797905	31.47813312238671	0.0
78.0	29.75976343620217	17.876011187810185	18.778193187489993	33.58603218849765	0.0
79.0	30.084570180064794	17.51017102388307	19.141301891057033	33.2639569049951	0.0
80.0	31.32357650072517	18.332674087886836	19.73215799288015	30.611591418507842	0.0
81.0	30.27123752119043	18.84064795630062	19.21077415709173	31.677340365417216	0.0
82.0	29.840456591761004	17.825726610032213	18.639454500932395	33.69436229727439	0.0
83.0	29.60688654900262	18.539622143946957	20.06630375407335	31.787187552977077	0.0
84.0	30.885510849909586	17.980522905364676	19.061746534056663	32.072219710669074	0.0
85.0	29.89253793194383	17.240080243367206	19.1350292436215	33.73235258106747	0.0
86.0	30.765535818561986	17.65874884623354	19.92578220656658	31.649933128637898	0.0
87.0	29.683246837648696	18.819640014693277	19.93011274265101	31.56700040500702	0.0
88.0	29.894032873357514	17.450195450478027	19.351010219940658	33.3047614562238	0.0
89.0	29.66326001978053	18.653982009136723	20.389017096029765	31.293740875052983	0.0
90.0	30.42622333160646	18.795271511326707	19.397164790656056	31.381340366410775	0.0
91.0	30.34992700042387	18.208449112230962	19.67032449489003	31.771299392455138	0.0
92.0	29.157718247240116	18.348027579970612	20.383557514788443	32.11069665800083	0.0
93.0	30.152405711917414	18.67864812930937	19.570664255303114	31.598281903470106	0.0
94.0	29.950830790098337	17.55962473154742	19.874910515805734	32.61463396254851	0.0
95.0	30.616493194555645	18.43828003579334	20.486035887533557	30.45919088211746	0.0
96.0	30.212974388440415	18.901123743677175	19.141320422369375	31.74458144551303	0.0
97.0	29.87132872402555	18.55560370000565	19.51074772517473	32.06231985079407	0.0
98.0	28.513833024048836	18.26599723056924	21.252084137944028	31.968085607437903	0.0
99.0	29.745285329414646	18.451741743439023	19.43894949038226	32.364023436764064	0.0
100.0	29.717159138080685	18.608249367900676	20.027170836635342	31.647420657383297	0.0
101.0	29.839601508520875	18.74970462858817	20.640081664287944	30.770612198603008	0.0
102.0	30.165191461163438	17.80186491219766	19.665830453921522	32.367113172717374	0.0
103.0	29.715044331705464	17.39889052202361	19.467071262623868	33.418993883647055	0.0
104.0	30.4199060961469	18.311251354382495	19.900393483756915	31.368449065713687	0.0
105.0	30.52536318170993	18.05953798523458	19.309359371278877	32.10573946177661	0.0
106.0	29.585075709839415	17.861984686181284	19.817265280403277	32.73567432357603	0.0
107.0	29.68172857935733	18.218790071003426	20.24745937876787	31.85202197087137	0.0
108.0	29.421015284889627	19.08405730395259	20.19925972805554	31.29566768310224	0.0
109.0	28.707333948339482	18.45883302583026	19.97809040590406	32.8557426199262	0.0
110.0	29.5039818194074	17.68081889703121	21.275530347530502	31.53966893603089	0.0
111.0	29.320290945573113	18.706951438328414	20.057494549593873	31.9152630665046	0.0
112.0	29.157761380230745	17.93564983607826	18.994613309091612	33.91197547459938	0.0
113.0	30.22315716002947	17.861297452402187	20.585327077436116	31.33021831013223	0.0
114.0	30.46837792918444	18.128626551459366	18.88965564162625	32.51333987772993	0.0
115.0	29.491951514206647	17.356861675176365	20.605487781112366	32.54569902950462	0.0
116.0	30.589292868100408	17.658266808672796	20.33358412397526	31.41885619925154	0.0
117.0	30.47593850133757	18.060577554360073	19.601963724020344	31.861520220282014	0.0
118.0	30.179304385396417	18.147449871364323	19.542803275790963	32.1304424674483	0.0
119.0	30.388915131475358	17.964690599905527	19.868918280585735	31.777475988033384	0.0
120.0	29.780604447073905	18.320761228615094	19.957599960558102	31.941034363752895	0.0
121.0	29.811626573896543	17.54659919748572	19.915597635943154	32.72617659267459	0.0
122.0	29.885353600412213	17.843022622102875	20.44808212526878	31.823541652216136	0.0
123.0	28.537935008295335	18.659036946522416	19.6236799491352	33.17934809604705	0.0
124.0	28.95054041938537	17.983762514319867	19.111421029038205	33.95427603725656	0.0
125.0	28.711872196301364	18.178457603580743	20.178637439929663	32.93103276018823	0.0
126.0	29.68701456189054	17.945300207454327	19.618965534520598	32.748719696134536	0.0
127.0	29.56263824653127	17.990146792680477	18.89905489644078	33.54816006434748	0.0
128.0	29.253312894572296	17.918876943867364	21.230763024667702	31.597047136892638	0.0
129.0	30.247450631272255	18.170322110715443	18.960424085464552	32.62180317254775	0.0
130.0	30.310964965696424	18.149433686518083	19.22522632241302	32.31437502537246	0.0
131.0	30.385312137434102	17.889637484988498	20.48789920413605	31.237151173441347	0.0
132.0	30.800081640983773	18.224308602918665	19.039697928360034	31.935911827737524	0.0
133.0	29.895197936709376	18.18581897081099	20.128341589225037	31.790641503254598	0.0
134.0	30.81385797018113	17.26701441656056	20.455292233129338	31.46383538012897	0.0
135.0	29.68207347864173	17.85232132735611	20.66883083423507	31.796774359767095	0.0
136.0	28.45259280718454	18.526259156561686	19.601249844804038	33.41989819144974	0.0
137.0	30.743902945697787	17.645103660309942	23.511570900328223	28.09942249366405	0.0
138.0	30.439995829423417	20.070899801897614	20.008341153164423	29.480763215514543	0.0
139.0	30.34279256654947	19.015779340364976	20.088314080026787	30.553114013058764	0.0
140.0	28.912817606498535	21.521152776465897	19.909112853289674	29.656916763745894	0.0
141.0	31.238616623677423	16.780544296467863	21.308627678054428	30.672211401800286	0.0
142.0	26.707228190258895	19.564597395189658	24.704502962892544	29.023671451658906	0.0
143.0	27.093001080668742	19.189286546733626	19.260271650456637	34.457440722140994	0.0
144.0	27.712471143924	19.48489909681812	18.704056339826174	34.09857341943171	0.0
145.0	26.940663661032882	19.539112412127945	16.82015341552531	36.70007051131386	0.0
146.0	33.55021580879984	13.958856750198631	19.809315209688847	32.68161223131267	0.0
147.0	34.38751913493795	16.07986190274566	22.281210305181904	27.25140865713448	0.0
148.0	32.2376457523598	16.818434203220434	21.086063298167684	29.857856746252082	0.0
149.0	33.063482265799344	17.442191728787808	23.238450216039126	26.25587578937372	0.0
150.0	27.45109885960275	18.18442715806963	26.472320821690204	27.892153160637413	0.0
