# Position (bp)	A	C	G	T	N
0.0	64.60449369036627	8.956602031394276	13.234841489689137	13.204062788550322	0.0
1.0	12.80553420445811	64.08916218293619	11.69869331283628	11.406610299769408	0.0
2.0	14.859499083689675	59.49908368967623	10.36957849725107	15.271838729383017	0.0
3.0	62.818955042527335	10.373633049817741	11.224179829890645	15.583232077764277	0.0
4.0	64.1546626231994	11.296436694465504	9.097801364670206	15.451099317664898	0.0
5.0	15.093768905021173	59.42226255293406	9.361766485178464	16.122202056866303	0.0
6.0	15.699607132064067	58.93019038984587	10.788757932910245	14.581444545179812	0.0
7.0	65.37475493892325	8.927763534911778	10.315186246418339	15.382295279746645	0.0
8.0	63.15313958741153	10.751392862520705	11.745219093510013	14.350248456557747	0.0
9.0	15.199759687593872	57.81015319915891	10.814058275758486	16.176028837488733	0.0
10.0	15.901590159015901	7.755775577557755	10.021002100210021	66.32163216321632	0.0
11.0	14.34548714883443	10.385534967124926	9.997011356843993	65.27196652719665	0.0
12.0	14.045278522490317	10.00893655049151	10.038725052129879	65.90705987488829	0.0
13.0	14.898019509311261	56.78391959798995	10.020691693762933	18.297369198935858	0.0
14.0	14.956700425656832	10.435931307793924	59.37178922647879	15.235579040070455	0.0
15.0	59.32228039557883	11.227457824316463	12.376381617219314	17.0738801628854	0.0
16.0	13.151041666666666	12.644675925925927	10.850694444444445	63.35358796296296	0.0
17.0	16.824849007765316	55.59390278976129	10.02300834052344	17.558239861949957	0.0
18.0	15.461847389558233	11.66092943201377	11.790017211703958	61.087205966724035	0.0
19.0	15.985130111524162	56.92021732913927	11.181012296253932	15.913640263082643	0.0
20.0	15.533428165007113	11.891891891891893	10.19914651493599	62.37553342816501	0.0
21.0	15.167823254496529	11.513949865458152	11.74054666477836	61.57768021526696	0.0
22.0	15.387876218736753	10.442277801328247	56.535255051575525	17.634590928359476	0.0
23.0	15.946937623482924	10.908834321196725	11.769686706181202	61.37454134913914	0.0
24.0	61.42353770260747	9.570119802677942	11.980267794221284	17.026074700493304	0.0
25.0	17.327707454289733	9.367088607594937	53.909985935302394	19.39521800281294	0.0
26.0	61.5838247683235	8.831788823364224	9.842740803145183	19.741645605167086	0.0
27.0	14.013185580025251	13.185580025248983	9.706831252630103	63.094403142095665	0.0
28.0	14.277707720330671	55.695670449768805	10.326467703516883	19.700154126383634	0.0
29.0	16.906927921623513	9.20923722883135	9.349195241427571	64.53463960811756	0.0
30.0	17.36552308343922	10.052237752364817	54.58139206550896	18.000847098686997	0.0
31.0	16.496887379739672	10.384833050367854	9.224674589700056	63.89360498019242	0.0
32.0	16.581560283687942	10.02836879432624	10.01418439716312	63.3758865248227	0.0
33.0	16.302186878727635	55.53819937517751	11.062198239136608	17.09741550695825	0.0
34.0	17.530163236337827	10.149041873669269	11.440738112136268	60.88005677785664	0.0
35.0	16.11711199545196	55.18760659465606	9.96304718590108	18.732234223990904	0.0
36.0	16.519761160079614	10.762013079328973	10.051179982940006	62.66704577765141	0.0
37.0	60.729033176705116	11.917983767620676	10.892780862879112	16.4602021927951	0.0
38.0	62.26657163221668	11.36136849607983	8.49607982893799	17.8759800427655	0.0
39.0	61.8199943036172	11.02250071204785	8.957561948162915	18.19994303617203	0.0
40.0	15.985130111524162	56.61995996568487	10.26594223620246	17.128967686588503	0.0
41.0	15.028985507246375	8.985507246376812	57.652173913043484	18.333333333333332	0.0
42.0	62.32389251997095	10.00726216412491	11.880900508351488	15.78794480755265	0.0
43.0	61.778425655976676	10.758017492711371	10.408163265306122	17.05539358600583	0.0
44.0	16.271929824561404	55.49707602339181	9.605263157894736	18.625730994152047	0.0
45.0	26.392004894962266	11.6051397103814	14.72567815623088	47.27717723842545	0.0
46.0	28.125786163522015	17.358490566037734	18.21383647798742	36.301886792452834	0.0
47.0	31.03725542749933	17.073170731707318	19.056553202894666	32.833020637898684	0.0
48.0	26.274615592123013	19.90828162934988	19.827353655246828	33.98974912328028	0.0
49.0	27.87993510005408	19.767441860465116	18.929150892374256	33.423472147106544	0.0
50.0	27.37869341284901	22.49932230956899	17.619951206288967	32.502033071293035	0.0
51.0	29.21074043938161	18.38893409275834	18.199077841063193	34.20124762679686	0.0
52.0	29.034013605442176	18.20408163265306	18.993197278911563	33.7687074829932	0.0
53.0	31.323328785811732	18.36289222373806	19.208731241473398	31.105047748976805	0.0
54.0	29.633679606342263	22.85401858939311	18.8627665390924	28.649535265172226	0.0
55.0	32.83173734610123	17.59233926128591	18.112175102599178	31.463748290013683	0.0
56.0	25.56102900930487	20.5528188286809	19.62233169129721	34.26382047071702	0.0
57.0	30.21661639703866	16.671236632848917	21.030984370715657	32.08116259939676	0.0
58.0	28.468767274737424	19.541182974018795	18.076285240464347	33.91376451077944	0.0
59.0	28.27891532927504	19.369120088544552	21.167681239623686	31.184283342556725	0.0
60.0	26.842105263157894	19.390581717451525	21.385041551246537	32.38227146814404	0.0
61.0	28.23725981620718	19.771651350598717	19.827346143135614	32.16374269005848	0.0
62.0	29.15730337078652	19.43820224719101	21.151685393258425	30.252808988764045	0.0
63.0	33.31454340473506	16.06538895152198	20.152198421646	30.467869222096954	0.0
64.0	29.52622673434856	18.076706147772136	21.94021432600113	30.456852791878177	0.0
65.0	29.559570863918687	17.758328627893846	23.517786561264824	29.164313946922643	0.0
66.0	28.583545377438508	16.00226180378852	22.561492790500424	32.852700028272544	0.0
67.0	28.5997171145686	16.37906647807638	21.15983026874116	33.86138613861387	0.0
68.0	25.495189586870403	19.552914544425583	20.684776457272214	34.26711941143181	0.0
69.0	24.70888952002272	18.063050269809715	24.282874183470604	32.94518602669696	0.0
70.0	28.591709256104487	19.591141396933562	19.363997728563316	32.453151618398635	0.0
71.0	29.294653014789535	21.786120591581344	17.918088737201366	31.00113765642776	0.0
72.0	27.793614595210947	18.244013683010262	20.923603192702394	33.03876852907639	0.0
73.0	29.05251141552511	18.57876712328767	19.406392694063925	32.96232876712329	0.0
74.0	28.96689497716895	16.32420091324201	22.85958904109589	31.84931506849315	0.0
75.0	29.18810748999428	19.81132075471698	21.926815323041737	29.073756432247	0.0
76.0	27.660183066361554	21.96796338672769	18.478260869565215	31.893592677345538	0.0
77.0	27.98283261802575	19.313304721030043	19.856938483547925	32.84692417739628	0.0
78.0	29.099307159353348	21.016166281755197	17.927251732101617	31.95727482678984	0.0
79.0	27.780996523754347	18.858632676709153	19.611819235225955	33.748551564310546	0.0
80.0	30.72463768115942	16.231884057971012	22.0	31.043478260869566	0.0
81.0	26.643397324025596	17.94648051192554	19.342641070389764	36.067481093659104	0.0
82.0	30.69076071116293	18.099679393762752	20.7811133780239	30.42844651705042	0.0
83.0	28.45481049562682	18.192419825072886	21.865889212827987	31.486880466472307	0.0
84.0	27.166618033265244	20.017508024511237	21.38896994455792	31.426903997665594	0.0
85.0	34.121424401634556	17.221249270286048	19.001751313485112	29.655575014594277	0.0
86.0	29.148375768217733	19.285923324553703	21.422300263388937	30.143400643839623	0.0
87.0	30.131771595900442	19.267935578330896	21.346998535871155	29.253294289897514	0.0
88.0	32.77631193198475	18.938727645851657	17.590149516270888	30.6948109058927	0.0
89.0	28.772753963593654	18.261890780974753	18.291250733998826	34.67410452143277	0.0
90.0	30.20863943579195	17.073170731707318	21.187187775492212	31.53100205700852	0.0
91.0	30.194231901118307	21.306650971159506	16.509711595055915	31.989405532666275	0.0
92.0	29.21083627797409	19.228504122497057	17.785630153121318	33.77502944640754	0.0
93.0	31.384706229701802	18.42338352524358	18.393858872158255	31.798051372896367	0.0
94.0	31.381248151434487	17.450458444247264	19.698314108251996	31.469979296066253	0.0
95.0	31.262939958592135	18.012422360248447	20.05323868677906	30.67139899438036	0.0
96.0	28.558745190884878	17.904705534181712	20.479431784551643	33.05711749038177	0.0
97.0	30.725925925925925	17.125925925925927	19.22962962962963	32.91851851851852	0.0
98.0	29.922894424673785	20.581257413997626	18.594306049822066	30.901542111506526	0.0
99.0	30.830860534124625	18.961424332344215	18.5459940652819	31.66172106824926	0.0
100.0	30.888491353607634	13.98330351818724	19.67799642218247	35.450208706022664	0.0
101.0	30.334728033472803	18.679019725044828	20.74118350268978	30.245068738792586	0.0
102.0	31.011708195737015	15.430801561092766	20.86460522365656	32.69288501951366	0.0
103.0	27.04572803850782	18.802647412755714	20.547533092659446	33.604091456077015	0.0
104.0	27.812971342383108	18.793363499245853	19.879336349924586	33.51432880844645	0.0
105.0	29.664348351980646	19.352887813728454	18.80858784396734	32.174175990323555	0.0
106.0	29.2616226071103	19.386204800972347	18.77848678213309	32.57368580978426	0.0
107.0	30.34188034188034	18.55921855921856	18.864468864468865	32.234432234432234	0.0
108.0	32.92533659730722	17.22766217870257	18.512851897184824	31.33414932680538	0.0
109.0	29.11042944785276	19.079754601226995	21.503067484662576	30.306748466257673	0.0
110.0	28.001228124040527	19.09732883021185	19.557875345409887	33.343567700337736	0.0
111.0	30.494927758991704	16.32339379034737	20.288964033200124	32.89271441746081	0.0
112.0	26.255778120184896	19.322033898305087	20.986132511556242	33.43605546995377	0.0
113.0	29.36091386230318	19.697437480703922	18.277246063599875	32.66440259339302	0.0
114.0	29.841958475364116	17.44654477843198	19.739696312364423	32.97180043383948	0.0
115.0	28.30012453300125	17.4346201743462	19.52054794520548	34.744707347447076	0.0
116.0	29.200499687695192	19.175515302935665	18.45721424109931	33.166770768269835	0.0
117.0	31.138287864534338	18.438381937911572	19.62997804954531	30.79335214800878	0.0
118.0	29.043423536815606	17.841409691629956	20.044052863436125	33.07111390811831	0.0
119.0	24.960505529225905	21.295418641390203	26.12954186413902	27.614533965244863	0.0
120.0	28.879720723579815	22.43732148524278	20.46969216121866	28.213265629958745	0.0
121.0	30.194082087177854	18.517340120903594	18.294622971683104	32.993954820235444	0.0
122.0	31.761707550175217	17.107359031538707	20.61165976425613	30.519273654029945	0.0
123.0	33.75918236984989	17.7259661450016	18.971574576812518	29.543276908335997	0.0
124.0	28.48446010893944	19.929509772508812	21.243191284844603	30.342838833707148	0.0
125.0	30.2504816955684	19.877970456005137	18.561335902376364	31.3102119460501	0.0
126.0	30.350820727389767	17.79851947215964	19.02156420984873	32.82909559060187	0.0
127.0	28.401031592520955	19.793681495809157	20.309477756286267	31.495809155383625	0.0
128.0	31.5210355987055	17.411003236245957	19.41747572815534	31.650485436893206	0.0
129.0	30.081037277147487	19.05996758508914	16.693679092382496	34.16531604538088	0.0
130.0	29.09209241783274	20.989261308167915	16.856492027334852	33.0621542466645	0.0
131.0	29.849771391247547	19.62769431743958	18.22338340953625	32.29915088177662	0.0
132.0	28.945645055664706	18.893254747871644	22.52783235101506	29.63326784544859	0.0
133.0	30.338927278710102	21.1253701875617	20.138203356367228	28.397499177360974	0.0
134.0	25.744540039708802	21.409662475182	19.358041032428854	33.487756452680344	0.0
135.0	28.88002658690595	16.915918909936856	20.073113991359257	34.13094051179794	0.0
136.0	23.817455029980014	18.620919387075283	22.58494337108594	34.97668221185876	0.0
137.0	27.139037433155078	16.744652406417114	19.485294117647058	36.63101604278075	0.0
138.0	30.036875628561848	17.63325511230305	19.879316124706673	32.450553134428425	0.0
139.0	27.874915938130464	19.636852723604573	18.15736381977135	34.33086751849361	0.0
140.0	28.339533310787964	18.092661481230977	20.358471423740276	33.20933378424078	0.0
141.0	31.071913161465396	18.31750339213026	19.87788331071913	30.73270013568521	0.0
142.0	30.962912555290917	15.413405920381082	19.666553249404558	33.95712827492344	0.0
143.0	32.85470085470085	16.923076923076923	19.76068376068376	30.461538461538463	0.0
144.0	32.20164609053498	17.112482853223593	19.06721536351166	31.618655692729767	0.0
145.0	27.833275921460558	18.532552531863587	20.771615570099897	32.862555976575955	0.0
146.0	29.332410930473884	18.22898650985818	19.92390176409547	32.514700795572466	0.0
147.0	29.770992366412212	17.973629424011104	19.63913948646773	32.61623872310896	0.0
148.0	27.1044359063919	19.66468739084876	20.817324484806147	32.413552217953196	0.0
149.0	30.469845722300143	18.37307152875175	17.847124824684432	33.30995792426367	0.0
150.0	29.707849348820837	18.760999648011264	19.60577261527631	31.92537838789159	0.0
151.0	29.76694915254237	19.456214689265536	20.233050847457626	30.54378531073446	0.0
152.0	29.653220099079974	19.285208775654635	16.772823779193207	34.288747346072185	0.0
153.0	31.34115972963358	17.502668089647813	20.419779437922447	30.73639274279616	0.0
154.0	32.332976062879595	16.25580564487317	20.29296177206145	31.11825652018578	0.0
155.0	28.17103844771829	21.73913043478261	17.57096658282429	32.51886453467481	0.0
156.0	30.422230241789965	15.37351136773728	19.8845182244677	34.319740166005055	0.0
157.0	30.456852791878177	17.367657722987673	19.289340101522843	32.88614938361131	0.0
158.0	30.123546511627907	21.18459302325581	16.460755813953487	32.23110465116279	0.0
159.0	33.978102189781026	14.562043795620438	19.452554744525546	32.00729927007299	0.0
160.0	27.312775330396477	19.933920704845814	22.540381791483114	30.2129221732746	0.0
161.0	28.850405305821663	19.15991156963891	21.33382461311717	30.655858511422256	0.0
162.0	30.489614243323444	18.36053412462908	20.77151335311573	30.37833827893175	0.0
163.0	30.387770320656227	17.524235645041013	16.8530947054437	35.23489932885906	0.0
164.0	30.25084238113066	15.23773867465369	22.763010108573567	31.748408835642085	0.0
165.0	30.02630590003758	17.399473881999246	23.63773017662533	28.93649004133784	0.0
166.0	27.008675971331574	19.238023387400983	21.124104111655978	32.62919652961146	0.0
167.0	27.573110520319027	19.331560957083173	22.521838207368024	30.573490315229773	0.0
168.0	28.33714721586575	17.353165522501907	20.938215102974826	33.37147215865751	0.0
169.0	26.85255920550038	18.372803666921314	19.938884644766997	34.83575248281131	0.0
170.0	30.67790118728457	17.234775947912677	18.91995404059747	33.16736882420528	0.0
171.0	29.62677953058869	19.007310504040014	17.7375913813005	33.6283185840708	0.0
172.0	29.36630602782071	20.401854714064914	17.542503863987633	32.689335394126736	0.0
173.0	28.426791277258566	19.27570093457944	19.665109034267914	32.63239875389408	0.0
174.0	29.929577464788732	19.327073552425663	18.974960876369327	31.768388106416275	0.0
175.0	26.698076168040828	19.709462112288968	20.965842167255595	32.6266195524146	0.0
176.0	30.08290564547967	19.10777733912357	18.318199763126728	32.49111725227004	0.0
177.0	27.87470261697066	22.5218080888184	18.834258524980175	30.76923076923077	0.0
178.0	28.565705128205128	19.831730769230766	21.27403846153846	30.32852564102564	0.0
179.0	26.01855586930214	18.757563533682937	22.751109318273496	32.47277127874143	0.0
180.0	29.796747967479675	15.772357723577235	21.30081300813008	33.13008130081301	0.0
181.0	28.034327748263177	20.106252554147936	20.06538618716796	31.79403351042092	0.0
182.0	32.744453574363185	17.953985209531634	18.65242399342646	30.649137222678718	0.0
183.0	30.10351966873706	21.366459627329192	20.70393374741201	27.82608695652174	0.0
184.0	30.447511501463826	19.196988707653702	20.869928900041824	29.485570890840652	0.0
185.0	28.739991571849977	20.311841550779604	23.261694058154237	27.686472819216185	0.0
186.0	28.819297503173928	19.38214134574693	22.55607278882776	29.242488362251372	0.0
187.0	31.955688112484022	20.96293140178952	18.789944610140605	28.29143587558585	0.0
188.0	29.25782925782926	19.47661947661948	20.549120549120552	30.716430716430715	0.0
189.0	30.380293863439935	18.84183232497839	19.878997407087297	30.89887640449438	0.0
190.0	30.56521739130435	18.869565217391305	19.82608695652174	30.73913043478261	0.0
191.0	27.586206896551722	19.77302487996508	19.903972064600612	32.73679615888258	0.0
192.0	30.71177504393673	20.60632688927944	20.16695957820738	28.51493848857645	0.0
193.0	30.288248337028822	17.649667405764966	20.79822616407982	31.263858093126384	0.0
194.0	25.98039215686275	21.301247771836007	23.262032085561497	29.45632798573975	0.0
195.0	27.02338129496403	20.413669064748202	19.739208633093526	32.82374100719424	0.0
196.0	28.875793291024475	19.537624660018132	21.12420670897552	30.462375339981868	0.0
197.0	29.912159038372632	19.27877947295423	21.220527045769764	29.588534442903374	0.0
198.0	28.300094966761634	21.367521367521366	21.50997150997151	28.822412155745493	0.0
199.0	26.80722891566265	24.799196787148595	20.130522088353413	28.263052208835344	0.0
200.0	28.306264501160094	15.19721577726218	19.779582366589327	36.7169373549884	0.0
201.0	29.802371541501977	18.656126482213438	19.367588932806324	32.17391304347826	0.0
202.0	35.10301109350238	15.927099841521395	19.334389857369256	29.635499207606976	0.0
203.0	32.69689737470167	17.58154335719968	20.047732696897373	29.67382657120127	0.0
204.0	33.466453674121404	16.45367412140575	23.722044728434504	26.357827476038338	0.0
205.0	33.94863563402889	17.25521669341894	24.63884430176565	24.15730337078652	0.0
206.0	29.554655870445345	19.838056680161944	19.10931174089069	31.497975708502025	0.0
207.0	26.612244897959187	21.224489795918366	18.285714285714285	33.87755102040816	0.0
208.0	30.049668874172188	17.3841059602649	19.288079470198678	33.27814569536424	0.0
209.0	25.333333333333336	21.0	20.083333333333332	33.58333333333333	0.0
210.0	27.586206896551722	18.923465096719934	19.09167367535744	34.3986543313709	0.0
211.0	29.70212765957447	20.25531914893617	18.382978723404257	31.659574468085104	0.0
212.0	26.410256410256412	15.726495726495726	23.333333333333332	34.52991452991453	0.0
213.0	27.233676975945016	19.587628865979383	19.072164948453608	34.106529209621996	0.0
214.0	28.373702422145332	25.0	18.079584775086506	28.546712802768166	0.0
215.0	27.93733681462141	23.150565709312446	17.580504786771105	31.33159268929504	0.0
216.0	29.009640666082383	19.631901840490798	17.002629272567923	34.355828220858896	0.0
217.0	25.112107623318387	20.62780269058296	23.04932735426009	31.210762331838566	0.0
218.0	23.96694214876033	18.824609733700644	19.742883379247015	37.46556473829201	0.0
219.0	19.08548707753479	23.856858846918488	23.658051689860834	33.39960238568588	0.0
220.0	0.16025641025641024	33.81410256410257	24.03846153846154	41.98717948717949	0.0
