# Position (bp)	A	C	G	T	N
0.0	26.340792353080218	23.987667861149433	23.663118473193745	26.0084213125766	0.0
1.0	26.74713704150174	20.27073494264244	15.576796452806779	37.40533156304904	0.0
2.0	28.960314014464466	19.451556749430903	17.938268102809193	33.64986113329544	0.0
3.0	23.26721914520299	22.69704388991174	15.03571262626275	39.00002433862252	0.0
4.0	34.36216520463165	13.06490304852121	14.907018013877249	37.66591373296989	0.0
5.0	35.241208732544536	14.81556064568057	23.158367828465927	26.784862793308967	0.0
6.0	31.483143922245116	17.282773311029008	21.02627093687385	30.207811829852027	0.0
7.0	35.2120461053818	17.034073355859622	20.103514614547013	27.650365924211567	0.0
8.0	22.547071838449583	26.942609810127788	22.88376216455821	27.62655618686442	0.0
9.0	27.87014527994071	18.516985077879834	15.44442324474137	38.16844639743808	0.0
10.0	26.83284913238816	16.36184756190378	25.169005520836773	31.63629778487128	0.0
11.0	28.213273326570448	18.34310519517903	19.469005999980098	33.97461547827042	0.0
12.0	26.21794853681301	19.639839022586937	21.095869575713674	33.04634286488638	0.0
13.0	26.506503387727566	20.866101924595863	18.93762377101274	33.68977091666383	0.0
14.0	30.760006078977316	18.265152262533192	20.478929549591765	30.495912108897727	0.0
15.0	29.705780200741394	18.636684908103383	20.07065029700129	31.586884594153936	0.0
16.0	30.222972415964712	17.572397020121684	18.776533329270855	33.42809723464275	0.0
17.0	30.54304015454461	17.82112154674344	19.587256114513778	32.04858218419817	0.0
18.0	31.633779211003294	17.816993542745173	18.976987237710496	31.572240008541037	0.0
19.0	30.13933119209507	18.437889572698758	19.970067056722094	31.45271217848408	0.0
20.0	29.76556254435915	18.048284623909964	19.865662955599262	32.320489876131624	0.0
21.0	29.388685607898346	18.41552955104148	20.2051912844567	31.990593556603475	0.0
22.0	29.85641548949957	19.07594876213323	22.622960769096288	28.444674979270907	0.0
23.0	29.848564910467157	20.402131475207344	21.18695594965162	28.562347664673883	0.0
24.0	32.94786048378487	19.512092041712005	17.89997133740081	29.640076137102316	0.0
25.0	29.561730061218544	21.05704668096807	19.536258065118524	29.844965192694854	0.0
26.0	32.4738034531982	16.65456727399516	22.021070757551392	28.850558515255248	0.0
27.0	26.499353095087713	21.25347087121893	24.83082862185972	27.416347411833637	0.0
28.0	26.820194834417283	19.712926807663393	18.620074606300832	34.84680375161849	0.0
29.0	28.132076962211688	20.078144589974332	17.310219623327004	34.47955882448698	0.0
30.0	26.654696209115723	19.087897916660253	16.087950238680744	38.16945563554327	0.0
31.0	34.47675170153357	14.27376394278764	18.245071750254393	33.00441260542439	0.0
32.0	34.667750897271766	15.523327323519753	22.426722650401214	27.382199128807265	0.0
33.0	31.526190988075108	17.37068498632257	21.075971389567083	30.027152636035236	0.0
34.0	33.58810805703058	16.456722012297178	21.864257482630045	28.090912448042193	0.0
35.0	26.435128595261414	20.020570185310753	25.976952122173834	27.567349097253995	0.0
