# Position (bp)	A	C	G	T	N
0.0	25.38289018411808	24.766296401659247	24.514233921920173	25.3365794923025	0.0
1.0	25.054745853539128	20.63869059826798	15.04568218956951	39.26088135862339	0.0
2.0	27.576677178993858	19.499375210742407	18.949957355653847	33.97399025460989	0.0
3.0	23.238263903573696	22.8734933389723	15.612444491435824	38.275798266018185	0.0
4.0	33.29986392041326	14.107357545811258	14.588260163031272	38.00451837074421	0.0
5.0	34.47938818370339	15.60580644309131	23.332100542868087	26.58270483033721	0.0
6.0	32.02453825683288	18.169271710348198	20.689131454003977	29.11705857881495	0.0
7.0	34.09898192285854	17.725898245104382	19.858446342977114	28.316673489059962	0.0
8.0	23.349640515755908	26.09083166630355	22.164563898406914	28.394963919533627	0.0
9.0	29.488575974227448	18.72536787277444	15.715049610837145	36.07100654216096	0.0
10.0	26.53698398658728	16.975801660747997	24.572601618503214	31.91461273416151	0.0
11.0	27.830173113602914	18.45181132399237	20.010031745193672	33.70798381721104	0.0
12.0	26.21999907613322	19.950903079775898	21.16776760791094	32.66133023617994	0.0
13.0	26.64709181485269	21.236514796608493	18.47448121144139	33.641912177097424	0.0
14.0	29.939365148486107	18.592268561588252	19.95077954382006	31.51758674610558	0.0
15.0	29.403382853524025	18.96126342454548	18.928279283320578	32.707074438609915	0.0
16.0	29.250484770937486	17.09889327124748	18.81504834518329	34.83557361263175	0.0
17.0	29.69427994882684	18.179000540747285	20.523997309452525	31.602722200973343	0.0
18.0	31.073222833181692	17.54684388886691	18.70656803407308	32.673365243878315	0.0
19.0	29.534952704261556	18.111466332685143	19.918921591246168	32.43465937180712	0.0
20.0	30.210289766249517	17.728659641630916	19.551478486651774	32.5095721054678	0.0
21.0	29.637560368171727	17.61927037693458	19.873893936498945	32.869275318394756	0.0
22.0	28.280432691674246	18.7859862708671	19.565990750622557	33.367590286836105	0.0
23.0	29.476353576603877	17.556975365564483	20.312870504544854	32.653800553286786	0.0
24.0	30.881142277573975	18.42699737218201	18.274201940238548	32.417658410005465	0.0
25.0	29.313137965097134	17.857754362858085	19.412578202173197	33.416529469871584	0.0
26.0	30.84110918681145	17.611731935545475	20.32740897806518	31.2197498995779	0.0
27.0	28.754864581892893	18.140034109690973	19.71579647445395	33.38930483396219	0.0
28.0	29.76953973793376	17.428063475340753	20.04279976295516	32.75959702377033	0.0
29.0	28.938445230147288	18.052949348503105	19.874111969239074	33.13449345211053	0.0
30.0	29.631141604224553	18.125551443960124	19.57346221209687	32.66984473971845	0.0
31.0	29.49233798476158	18.087887628166712	19.814557499687197	32.60521688738451	0.0
32.0	29.404675666776427	18.268686203490287	19.503457359236087	32.8231807704972	0.0
33.0	30.5580801095876	17.84618221572424	19.758696539824292	31.83704113486387	0.0
34.0	29.772742243593964	18.02516303273829	19.661418878861735	32.540675844806	0.0
35.0	29.564558629776023	18.707509881422926	19.618577075098813	32.10935441370224	0.0
36.0	30.108044008169184	17.77323934383029	19.071743856644048	33.046972791356474	0.0
37.0	28.46215170941579	19.349440297278246	19.170888869855116	33.01751912345085	0.0
38.0	29.990116623838702	18.122158529353626	19.59807603610727	32.2896488107004	0.0
39.0	28.616142912682776	19.042284705153634	20.15722503739531	32.184347344768284	0.0
40.0	30.51619366489593	18.163663445948618	19.507533316636568	31.812609572518884	0.0
41.0	29.93468532298141	17.938797972674607	20.66474655137187	31.461770152972115	0.0
42.0	30.16056104087847	18.968085527096324	19.090022278173983	31.781331153851223	0.0
43.0	29.792549720169546	18.422665937151862	19.273693300549112	32.51109104212948	0.0
44.0	29.35433257739571	18.50904488159907	20.519751067981645	31.616871473023572	0.0
45.0	29.185565107325562	19.379911397078214	19.596144718105585	31.83837877749064	0.0
46.0	29.987605975502024	18.03396490117743	19.14415305301742	32.834276070303126	0.0
47.0	29.615516468447563	18.23593787083674	20.08583634397827	32.062709316737426	0.0
48.0	30.22415611814346	18.806039029535864	19.43960970464135	31.530195147679326	0.0
49.0	29.158232730485466	18.47971569668159	18.910258523495244	33.4517930493377	0.0
50.0	29.45916362245638	18.286362377517243	20.12541706779907	32.12905693222731	0.0
51.0	29.713547161848492	18.827811774636	19.45096539354294	32.00767566997257	0.0
52.0	29.292982583406424	18.95777415802212	19.150998766791748	32.59824449177971	0.0
53.0	30.848524019310418	18.34423721212441	19.799113620175692	31.00812514838948	0.0
54.0	30.23993563024323	18.04067957579275	19.57143987759194	32.147944916372076	0.0
55.0	29.440824187420855	17.54827986492191	18.803424440692275	34.207471506964964	0.0
56.0	29.128217981782083	18.533860127037315	20.527145486085917	31.810776405094682	0.0
57.0	28.350726282042828	18.478303890655305	19.420293679169358	33.75067614813251	0.0
58.0	29.17513259624772	18.29102567485553	19.079346650130617	33.45449507876613	0.0
59.0	29.019297377535874	17.91786244433449	20.489526636978393	32.573313541151244	0.0
60.0	29.382269695390278	18.172341674858647	19.943788719478	32.50159991027307	0.0
61.0	29.998614382707494	17.721385353365402	19.461984599853523	32.818015664073585	0.0
62.0	28.746288353678658	18.49620587264929	19.79676674364896	32.96073903002309	0.0
63.0	29.05988545488136	18.20449206893821	19.85140806038692	32.8842144157935	0.0
64.0	28.103596172880234	18.78851864071264	19.637083470801716	33.47080171560541	0.0
65.0	29.49642661528208	17.936873502840893	20.887308050179165	31.679391831697867	0.0
66.0	29.913745883626238	18.09158642900039	20.579559028304814	31.415108659068565	0.0
67.0	28.916680415772976	17.639333443326183	19.637683550569214	33.806302590331626	0.0
68.0	28.847499240994228	18.26959884895125	20.20341354594295	32.67948836411157	0.0
69.0	29.663852789566437	17.789467431407623	19.764901558302697	32.78177822072325	0.0
70.0	28.109963367545625	18.359790105937098	19.862050757400745	33.66819576911653	0.0
71.0	29.449233653249546	17.570528983880976	20.915127592443465	32.06510977042601	0.0
72.0	29.754777385392256	18.34251955510083	19.798013135747055	32.104689923759864	0.0
73.0	29.780435959387912	17.54663920465798	19.026683038248766	33.646241797705336	0.0
74.0	29.043374925727868	18.20690565788605	20.664157919059882	32.0855614973262	0.0
75.0	29.92684343967885	17.937882949503486	19.55881576167336	32.576457849144305	0.0
76.0	28.664342405874038	18.4468391373823	19.503321315848552	33.385497140895104	0.0
77.0	28.7588734440519	18.11470267771651	21.66936309307624	31.45706078515535	0.0
78.0	29.77085121838473	17.72039886416166	18.805388628409165	33.703361289044445	0.0
79.0	29.978074809805577	17.587700760777683	19.075575866441252	33.35864856297548	0.0
80.0	30.99437990767463	18.074111252732447	19.731741304046334	31.19976753554659	0.0
81.0	29.905097775048045	18.473243120084003	19.34433591557202	32.27732318929593	0.0
82.0	29.673000587819587	18.001809691757977	18.736914409505506	33.588275310916934	0.0
83.0	29.56744582339848	18.384708361128908	20.234737752884683	31.81310806258793	0.0
84.0	30.693069306930692	18.037767752759265	18.958513596523094	32.31064934378695	0.0
85.0	29.45982720811646	17.21115485217575	19.22243652408254	34.10658141562525	0.0
86.0	30.070017834731487	17.63987053306031	20.16447585705793	32.12563577515027	0.0
87.0	29.239936055805842	18.936201133556168	20.041352340436777	31.782510470201213	0.0
88.0	29.744548451238284	17.48987640293568	19.084549376069333	33.68102576975671	0.0
89.0	29.57217979547076	18.626958750627594	20.162909917289856	31.63795153661179	0.0
90.0	30.220390042809576	18.220495745468	19.3264098092067	32.23270440251572	0.0
91.0	29.903078112302538	18.187223752799635	19.682344624369875	32.22735351052795	0.0
92.0	28.700461194877963	18.53435175029403	20.500046251635325	32.26514080319268	0.0
93.0	30.068456038800566	18.63312585074469	19.685075790614388	31.61334231984036	0.0
94.0	29.910327828770427	17.27626561994066	19.770830442281387	33.04257610900753	0.0
95.0	30.131572860701944	18.3931061372032	20.630043020558674	30.845277981536185	0.0
96.0	29.71365507761646	18.863872165793246	19.349594570482616	32.07287818610768	0.0
97.0	29.748876553000265	18.460877610362147	19.469997356595297	32.320248480042295	0.0
98.0	28.614199040355302	18.344943359813886	20.935058755105548	32.10579884472526	0.0
99.0	29.265229776799583	18.52821234773528	19.639257364556276	32.567300510908865	0.0
100.0	29.297309464541073	18.3464858852815	20.00754726974207	32.348657380435355	0.0
101.0	29.532613597177644	18.64174116024298	20.932915992466643	30.892729250112733	0.0
102.0	29.749018200665827	17.9282206672913	19.74961625102167	32.57314488102121	0.0
103.0	29.218945629878263	17.50379605210581	19.598284450837795	33.67897386717814	0.0
104.0	29.73158751768506	17.762472971890766	20.14027922372601	32.365660286698166	0.0
105.0	30.356736649137595	18.016137449319576	19.5114608004496	32.11566510109323	0.0
106.0	29.156996632815957	17.940651704385388	19.96096212924084	32.94138953355781	0.0
107.0	29.583714301081056	18.365110525466573	20.531248319259937	31.519926854192438	0.0
108.0	29.05108111932404	19.28765388010323	20.295665415636307	31.365599584936426	0.0
109.0	28.72635680377076	18.276418591773755	19.915320048349958	33.081904556105535	0.0
110.0	29.335652268067054	17.580818710284298	21.26021019293627	31.82331882871238	0.0
111.0	29.00527393267262	18.95700863623422	19.95349720034165	32.084220230751505	0.0
112.0	28.50523168908819	18.120668569099063	19.013452914798208	34.36064682701454	0.0
113.0	30.159011202288127	17.76430930573053	20.326875276652252	31.749804215329085	0.0
114.0	29.75011947839148	18.45838738308186	18.978630436266812	32.81286270225985	0.0
115.0	28.99823411041601	17.49668040136343	20.492532614201036	33.01255287401952	0.0
116.0	29.9967732855505	17.69612588305563	20.254841788011728	32.05225904338215	0.0
117.0	29.781887280888974	18.521680459358606	19.414648251931208	32.281784007821216	0.0
118.0	29.52092419808977	18.104400154585104	19.63506873516259	32.739606912162536	0.0
119.0	30.3285436570804	17.638553550056383	19.657965921119082	32.37493687174414	0.0
120.0	29.356945734929063	18.3243423151063	19.796419309656216	32.52229264030842	0.0
121.0	29.585519230101102	17.4860160511413	19.58447694819859	33.34398777055901	0.0
122.0	29.326953214785718	17.97925764952532	20.160060179284116	32.53372895640484	0.0
123.0	28.660125013094945	18.72053636903307	19.40217201522506	33.21716660264693	0.0
124.0	28.778202596529557	17.81297704578239	19.361231320812852	34.0475890368752	0.0
125.0	28.431902978520085	18.14655808430357	20.36270631468743	33.058832622488914	0.0
126.0	28.90843606171456	18.224684414183915	19.836621346358516	33.03025817774301	0.0
127.0	29.523432585818178	17.825162024439717	18.561604625029155	34.089800764712955	0.0
128.0	29.04700803198616	17.720702391164107	21.12064993158988	32.11163964525986	0.0
129.0	29.761126119721315	17.71647945400256	19.22721455993175	33.29517986634438	0.0
130.0	29.65999002067147	17.659134649654288	19.899493905481503	32.781381424192745	0.0
131.0	29.462454716293564	17.849104329372423	20.560767697265472	32.127673257068544	0.0
132.0	30.156149272974712	17.859752166750233	19.17556048993625	32.8085380703388	0.0
133.0	29.600907615642008	17.95341289331208	20.070943374549426	32.374736116496486	0.0
134.0	30.5094266249946	17.15012026328297	20.251760740879433	32.088692370843	0.0
135.0	29.143892735687622	18.330818273056124	20.554661044484078	31.97062794677218	0.0
136.0	27.858307073780292	18.609873591944655	19.808033612227895	33.723785722047154	0.0
137.0	30.590758715963208	17.570073072308865	23.29079870578398	28.548369505943942	0.0
138.0	30.137616017745607	20.02656003735917	19.940458817348667	29.89536512754655	0.0
139.0	29.94963986648709	19.215904432862914	19.90176846050243	30.932687240147565	0.0
140.0	28.65648630790691	21.220908890683504	20.173261875045885	29.949342926363702	0.0
141.0	30.774953959484346	16.805156537753223	21.343646408839778	31.07624309392265	0.0
142.0	26.421268800047276	19.856395709600214	24.61070236090181	29.1116331294507	0.0
143.0	27.109603046422382	19.145342203914712	19.092741039280476	34.65231371038243	0.0
144.0	27.629877369007804	19.429208472686735	18.590858416945373	34.350055741360094	0.0
145.0	27.312163544458794	19.574712729499076	16.43582985522612	36.677293870816	0.0
146.0	32.90830676917307	14.160135008438028	19.970748171760736	32.96081005062816	0.0
147.0	34.28588749706353	16.094149028879745	22.22626382037117	27.39369965368556	0.0
148.0	31.757795896286567	16.75026082924379	21.218748792457205	30.273194482012443	0.0
149.0	33.13087968311603	17.037464928205974	22.946855916817956	26.884799471860042	0.0
150.0	27.320516042556758	18.335846527603252	25.7403451453464	28.60329228449359	0.0
