# Position (bp)	A	C	G	T	N
0.0	63.818223866790014	9.29694727104533	11.147086031452359	15.737742830712303	0.0
1.0	12.238529989598982	64.83300589390963	11.787819253438114	11.140644863053277	0.0
2.0	14.828853664139674	61.88835286009648	7.845164254537101	15.43762922122674	0.0
3.0	65.39562578724379	9.93931066071224	11.920302301614566	12.744761250429407	0.0
4.0	64.67154955367361	10.67750057221332	9.2813000686656	15.369649805447471	0.0
5.0	12.688614540466393	59.97942386831275	10.139460448102424	17.192501143118427	0.0
6.0	15.021704363719444	62.0402101896276	8.75028558373315	14.187799862919809	0.0
7.0	65.03081488244693	9.689568591645743	11.458571102488015	13.821045423419312	0.0
8.0	64.66362599771949	12.941847206385404	10.15963511972634	12.234891676168758	0.0
9.0	13.93097163686069	59.85875384440141	8.907620457910923	17.302654060826974	0.0
10.0	14.663023679417122	8.481329690346085	9.266848816029144	67.58879781420765	0.0
11.0	12.541179143473816	11.223446552311712	8.610700897421333	67.62467340679314	0.0
12.0	14.580265095729015	9.459612552396058	10.513198142064121	65.4469242098108	0.0
13.0	15.712187958883995	57.641477465266014	9.951428894160172	16.69490568168982	0.0
14.0	14.011019903294727	9.591813786123918	60.913077701563026	15.484088609018329	0.0
15.0	62.352021442930535	10.59861514406969	11.291043109224926	15.75832030377485	0.0
16.0	13.071094272342323	11.165589480722087	11.176732783597059	64.58658346333853	0.0
17.0	15.726970033296336	58.146503884572695	9.522752497225305	16.60377358490566	0.0
18.0	14.254119208227358	9.42165210660179	9.587526263408161	66.7367024217627	0.0
19.0	14.69387755102041	61.643684500827355	10.14892443463872	13.513513513513514	0.0
20.0	15.499615257777288	11.773112014949984	8.45333626470265	64.27393646257008	0.0
21.0	15.197368421052632	11.31578947368421	11.074561403508772	62.41228070175438	0.0
22.0	14.273214481023732	9.154544460242809	58.23034015093514	18.341900907798316	0.0
23.0	15.863651261881351	10.674095924833388	9.712662515022396	63.74959029826286	0.0
24.0	64.50873362445415	9.43231441048035	10.163755458515283	15.895196506550219	0.0
25.0	15.419847328244273	10.065430752453654	58.037077426390404	16.47764449291167	0.0
26.0	64.72956796169332	9.06518663619545	10.436391337468713	15.768854064642507	0.0
27.0	13.99369359573774	13.384799391105794	8.361422202892248	64.26008481026422	0.0
28.0	13.539630836047776	58.382193268186754	7.937024972855592	20.14115092290988	0.0
29.0	17.280606717226433	8.0931744312026	10.130010834236186	64.49620801733478	0.0
30.0	16.063864450961223	12.034321711741066	56.000868904094716	15.900944933202998	0.0
31.0	16.503374700631397	9.743087306771175	9.166122360113215	64.58741563248421	0.0
32.0	15.861768232857298	8.753951815109561	8.86296740433882	66.52131254769432	0.0
33.0	15.923497267759561	57.90163934426229	10.185792349726777	15.989071038251366	0.0
34.0	16.01006784854454	10.549354344495514	10.855767126285839	62.58481068067411	0.0
35.0	14.824975309996708	58.20256776034237	9.612641281685503	17.359815647975417	0.0
36.0	15.655899802241265	11.107448912326962	8.679411118435508	64.55724016699627	0.0
37.0	63.09641873278237	11.81267217630854	8.561983471074381	16.528925619834713	0.0
38.0	63.82252559726962	10.91049212815149	8.158097544864033	17.108884729714852	0.0
39.0	63.825799338478504	11.256890848952592	8.84233737596472	16.07497243660419	0.0
40.0	13.86237513873474	58.43507214206437	11.775804661487237	15.926748057713652	0.0
41.0	13.181457554119913	9.067210699308625	62.76776606596396	14.983565680607501	0.0
42.0	63.850352513077105	10.598135092108256	9.358653627473277	16.19285876734137	0.0
43.0	64.98516320474778	10.659666742752796	8.845012554211367	15.510157498288063	0.0
44.0	16.88430698739977	59.61053837342497	8.465063001145475	15.040091638029782	0.0
45.0	24.826653137155418	12.497886013867749	12.819211905969896	49.85624894300693	0.0
46.0	28.921258180282877	19.52712687354866	17.500527760185772	34.05108718598269	0.0
47.0	31.230140717203813	20.063549704947796	17.952791647753063	30.753517930095324	0.0
48.0	27.42490254528778	21.34831460674157	16.968585186883743	34.25819766108691	0.0
49.0	26.13296526340005	19.875776397515526	20.404876926616055	33.58638141246837	0.0
50.0	25.866851595006935	22.399445214979195	18.423485899214054	33.31021729079981	0.0
51.0	30.42973286875726	18.629500580720094	18.3739837398374	32.566782810685254	0.0
52.0	30.290262172284642	17.93071161048689	20.037453183520597	31.741573033707866	0.0
53.0	33.91386208519652	18.992704165686046	19.48693810308308	27.60649564603436	0.0
54.0	29.56898627498194	22.778714182518662	17.722128581748134	29.930170960751262	0.0
55.0	32.10323203087313	17.63145200192957	19.150988904968642	31.114327062228654	0.0
56.0	27.55523185239136	20.2476329206118	21.073075989317797	31.12405923767905	0.0
57.0	31.422298121493046	17.662844596242984	18.93144669431569	31.98341058794828	0.0
58.0	29.257534917912274	18.81891693212448	20.681205586865964	31.24234256309728	0.0
59.0	25.588812561334638	23.307163886162904	21.589793915603533	29.51422963689892	0.0
60.0	28.877400295420973	18.217626784835055	19.719350073855242	33.18562284588872	0.0
61.0	26.671601283000246	19.146311374290647	22.9706390328152	31.211448309893907	0.0
62.0	29.682854311199208	22.373637264618434	19.846382556987116	28.097125867195246	0.0
63.0	34.61155378486056	17.081673306772906	20.19422310756972	28.11254980079681	0.0
64.0	32.21861741951585	19.440978287996007	19.815323184427253	28.525081108060895	0.0
65.0	29.77766674993755	19.360479640269798	21.009243067699227	29.852610542093426	0.0
66.0	28.085106382978726	17.496871088861077	21.60200250312891	32.81602002503129	0.0
67.0	28.592889334001004	16.649974962443665	22.00801201802704	32.74912368552829	0.0
68.0	26.686731878605467	19.237521946325558	20.21570102834211	33.86004514672686	0.0
69.0	26.964599548079338	18.27768014059754	23.047953803665578	31.709766507657545	0.0
70.0	27.86596119929453	21.012849584278158	20.76089695137314	30.360292265054166	0.0
71.0	28.355196770938445	21.24117053481332	19.147325933400605	31.25630676084763	0.0
72.0	28.12658227848101	19.82278481012658	19.037974683544302	33.0126582278481	0.0
73.0	29.296775831429294	19.827367352119825	19.141914191419144	31.733942625031737	0.0
74.0	29.844665138782783	16.679399032340207	21.84873949579832	31.62719633307869	0.0
75.0	29.39077236808565	19.959214886566404	20.570991588070353	30.07902115727759	0.0
76.0	28.152118427769267	21.745788667687595	18.938233792751404	31.16385911179173	0.0
77.0	29.593662151801688	21.058011755686174	18.144646051622797	31.203680040889342	0.0
78.0	29.956510616525968	20.28651829112305	18.57252494244052	31.18444614991046	0.0
79.0	28.549461814454126	22.450025627883136	19.4771911840082	29.523321373654536	0.0
80.0	30.215827338129497	19.116135662898255	19.809866392600206	30.858170606372042	0.0
81.0	28.306264501160094	19.618458365558133	17.73653003351379	34.33874709976798	0.0
82.0	30.850788725109908	19.239720713731575	20.61029221618826	29.29919834497026	0.0
83.0	32.091097308488614	18.271221532091097	20.80745341614907	28.83022774327122	0.0
84.0	29.688311688311686	18.649350649350648	20.857142857142858	30.80519480519481	0.0
85.0	32.1985446985447	18.191268191268193	21.179833679833678	28.430353430353428	0.0
86.0	30.36690085870414	18.839448347645067	23.835545147020557	26.958105646630237	0.0
87.0	33.194372068785825	19.072433559145388	19.671704012506513	28.061490359562274	0.0
88.0	33.80281690140845	19.27490871152843	17.84037558685446	29.081898800208663	0.0
89.0	28.668407310704964	18.093994778067884	18.120104438642297	35.117493472584854	0.0
90.0	32.574568288854	17.373103087388802	17.739403453689167	32.31292517006803	0.0
91.0	30.275229357798167	22.673656618610746	16.53997378768021	30.511140235910876	0.0
92.0	30.650235972732037	19.140010487676978	17.776612480335604	32.43314105925538	0.0
93.0	33.28957731688107	18.141244421107903	18.587555788920977	29.98162247309005	0.0
94.0	29.42105263157895	17.81578947368421	19.657894736842106	33.10526315789474	0.0
95.0	30.69020021074816	17.860906217070603	20.2581664910432	31.190727081138043	0.0
96.0	28.518713758566154	18.186610437532945	19.899841855561412	33.39483394833948	0.0
97.0	31.6970176827659	17.23409870678279	18.844022169437846	32.22486144101346	0.0
98.0	29.651162790697676	22.357293868921776	19.00105708245243	28.990486257928115	0.0
99.0	32.115435530844586	19.062748212867355	18.32141911570029	30.500397140587772	0.0
100.0	32.87270794578794	14.21737975019931	20.27637523252724	32.63353707148552	0.0
101.0	31.88018186680931	19.390211286440227	18.587857715966834	30.14174913078363	0.0
102.0	31.783987103707684	16.550241805480926	19.075765717356262	32.590005373455135	0.0
103.0	28.125	17.780172413793103	20.932112068965516	33.16271551724138	0.0
104.0	28.01840822956145	18.272874932322686	21.98159177043855	31.727125067677314	0.0
105.0	29.80456026058632	21.172638436482085	18.702497285559176	30.320304017372422	0.0
106.0	29.346049046321525	19.427792915531334	19.564032697547685	31.662125340599456	0.0
107.0	30.45143638850889	18.85088919288646	18.467852257181942	32.22982216142271	0.0
108.0	31.820682068206818	19.554455445544555	16.28162816281628	32.34323432343234	0.0
109.0	29.07586206896552	21.268965517241377	20.220689655172414	29.43448275862069	0.0
110.0	27.048726467331118	20.071982281284605	19.767441860465116	33.111849390919154	0.0
111.0	28.646699944536884	19.051580698835274	21.186910704381585	31.114808652246257	0.0
112.0	25.674547983310152	20.445062586926284	21.752433936022253	32.127955493741304	0.0
113.0	29.19687674288901	19.743446737311768	18.544339096486336	32.515337423312886	0.0
114.0	30.663679641556985	18.006160739288717	20.16241949033884	31.167740128815456	0.0
115.0	28.87383573243014	19.55969517358171	19.446796500141122	32.11967259384702	0.0
116.0	30.475382003395584	19.69439728353141	18.902093944538766	30.928126768534238	0.0
117.0	31.118682566723454	18.82453151618399	18.99488926746167	31.061896649630892	0.0
118.0	27.744510978043913	17.108639863130882	21.07214143142287	34.074707727402334	0.0
119.0	24.314285714285713	21.285714285714285	26.771428571428572	27.62857142857143	0.0
120.0	27.257093723129838	21.324161650902838	23.01519059902551	28.40355402694182	0.0
121.0	29.8963133640553	19.268433179723502	18.75	32.085253456221196	0.0
122.0	29.224537037037035	18.75	22.16435185185185	29.86111111111111	0.0
123.0	32.33585124927368	19.320162696106916	17.25740848343986	31.086577571179546	0.0
124.0	30.80734479743515	19.469542407461383	20.110754881958613	29.612357913144855	0.0
125.0	29.117990654205606	19.42172897196262	21.08644859813084	30.373831775700932	0.0
126.0	32.395192025798885	18.909410729991205	18.762826150688948	29.93257109352096	0.0
127.0	28.592418454305026	18.924478401410518	22.920952101087273	29.562151043197176	0.0
128.0	30.44758539458186	18.521790341578328	20.406360424028268	30.624263839811544	0.0
129.0	30.251107828655833	20.768094534711963	17.341211225997046	31.639586410635157	0.0
130.0	29.06769596199525	20.19002375296912	18.52731591448931	32.21496437054632	0.0
131.0	30.721096543504174	19.12991656734207	19.547079856972584	30.60190703218117	0.0
132.0	29.74512743628186	19.730134932533733	20.29985007496252	30.22488755622189	0.0
133.0	28.82122399758818	22.399758818209225	19.234247814290022	29.544769369912572	0.0
134.0	26.52937613567535	20.866141732283463	19.987886129618413	32.616596002422774	0.0
135.0	27.79640353550747	17.890886924718075	18.62237122828406	35.6903383114904	0.0
136.0	25.252216447569552	20.819321308468357	20.697034546010396	33.2314276979517	0.0
137.0	28.45303867403315	17.341927562922038	19.060773480662984	35.14426028238183	0.0
138.0	30.317999382525475	16.33220129669651	21.457239888854584	31.892559431923434	0.0
139.0	29.389903995044907	18.860328275007742	21.30690616289873	30.442861567048624	0.0
140.0	29.631940112289456	19.369931378665004	20.33686837180287	30.661260137242667	0.0
141.0	31.18346900438322	19.943644333124606	18.722604884157796	30.150281778334374	0.0
142.0	31.988654270406556	14.686416640403404	19.634415379766782	33.69051370942326	0.0
143.0	30.506329113924053	20.411392405063292	18.60759493670886	30.474683544303797	0.0
144.0	29.252782193958666	16.947535771065183	20.190779014308426	33.608903020667725	0.0
145.0	27.005433045701505	19.718759987216362	19.43112815596037	33.84467881112177	0.0
146.0	29.2776886035313	20.224719101123593	18.683788121990368	31.813804173354736	0.0
147.0	29.609299321924443	17.1456247981918	17.888278979657734	35.35679690022602	0.0
148.0	26.783398184176395	22.11413748378729	19.26070038910506	31.841763942931255	0.0
149.0	29.290617848970253	20.66034651847009	18.829682902909447	31.21935272965021	0.0
150.0	29.270696452036795	19.053876478318003	18.331143232588698	33.3442838370565	0.0
151.0	28.8866930171278	20.25691699604743	20.191040843214754	30.665349143610015	0.0
152.0	27.636363636363637	19.537190082644628	18.545454545454547	34.28099173553719	0.0
153.0	30.525965379494007	19.44074567243675	18.941411451398135	31.091877496671106	0.0
154.0	31.016042780748666	17.713903743315505	19.6524064171123	31.61764705882353	0.0
155.0	30.201342281879196	20.906040268456376	18.053691275167786	30.838926174496645	0.0
156.0	31.692515171948756	16.756574511126097	19.25151719487525	32.2993931220499	0.0
157.0	29.471544715447155	16.93766937669377	21.510840108401084	32.079945799457995	0.0
158.0	27.647259107933266	22.608103506979912	16.24106230847804	33.50357507660878	0.0
159.0	34.54172366621067	15.355677154582764	19.66484268125855	30.437756497948016	0.0
160.0	25.986955029179544	20.08238928939238	23.54960521798833	30.381050463439752	0.0
161.0	28.482544071897685	18.596612512962324	21.15451088835119	31.766332526788798	0.0
162.0	29.871483153872873	18.374435567905522	19.97221257381035	31.781868704411252	0.0
163.0	29.804332634521312	18.37875611460517	16.49196366177498	35.324947589098535	0.0
164.0	30.488233227959256	16.57885493501932	21.742184755883386	31.190727081138043	0.0
165.0	30.070671378091873	17.915194346289752	21.625441696113075	30.3886925795053	0.0
166.0	26.431874777659196	21.166844539309853	20.70437566702241	31.696905016008536	0.0
167.0	26.540114613180517	19.555873925501434	23.531518624641834	30.37249283667622	0.0
168.0	27.923713566030944	18.9636559913638	19.323497661029148	33.78913278157611	0.0
169.0	28.65412445730825	17.80028943560058	20.079594790159188	33.465991316931984	0.0
170.0	30.425299890948747	17.993456924754632	18.393311523082513	33.1879316612141	0.0
171.0	29.86111111111111	19.407894736842106	16.08187134502924	34.64912280701755	0.0
172.0	31.68135095447871	20.301027900146842	15.822320117474304	32.19530102790015	0.0
173.0	28.978534418948925	17.949666913397483	20.910436713545522	32.16136195410807	0.0
174.0	27.696901829040687	20.492721164613663	19.186263531168347	32.62411347517731	0.0
175.0	26.005261180007516	18.940248027057496	22.36001503194288	32.694475760992106	0.0
176.0	28.333333333333332	21.28787878787879	19.393939393939394	30.984848484848488	0.0
177.0	29.66069386199009	21.88333968738086	18.795272588638966	29.66069386199009	0.0
178.0	28.85648503453569	21.066768994627783	19.80046047582502	30.276285495011514	0.0
179.0	25.482625482625483	18.957528957528957	24.44015444015444	31.11969111969112	0.0
180.0	30.198212203653323	16.012436844150795	20.75398367664205	33.03536727555383	0.0
181.0	29.39796716184519	21.03205629397967	19.74198592650508	29.827990617670054	0.0
182.0	33.70165745856354	18.429360694554063	18.50828729281768	29.36069455406472	0.0
183.0	29.178245335450576	21.397379912663755	21.11949186184994	28.304882890035728	0.0
184.0	28.497202238209436	19.784172661870503	20.183852917665867	31.534772182254194	0.0
185.0	28.381642512077292	22.18196457326892	21.618357487922705	27.81803542673108	0.0
186.0	31.014961585119288	17.832591993530126	20.946219167003637	30.206227254346945	0.0
187.0	30.631364562118122	20.488798370672097	17.515274949083505	31.364562118126273	0.0
188.0	29.291274068004913	20.442441622285948	20.032773453502664	30.233510856206475	0.0
189.0	29.80132450331126	19.950331125827812	18.915562913907287	31.33278145695364	0.0
190.0	30.20442219440968	18.314559866499792	20.108468919482686	31.372549019607842	0.0
191.0	27.425451490970183	22.51154976900462	18.68962620747585	31.373372532549347	0.0
192.0	31.46496815286624	20.169851380042463	19.53290870488323	28.832271762208066	0.0
193.0	29.77165015079707	19.08660060318828	22.36105127100388	28.78069797501077	0.0
194.0	27.450980392156865	21.873638344226578	22.91938997821351	27.75599128540305	0.0
195.0	28.995130588756084	19.698981850376274	19.034971226206284	32.27091633466135	0.0
196.0	29.794826048171274	19.536128456735057	21.1864406779661	29.482604817127566	0.0
197.0	28.67513611615245	19.691470054446462	21.14337568058076	30.490018148820326	0.0
198.0	28.591288229842448	21.73308619091752	20.481927710843372	29.19369786839666	0.0
199.0	28.683308859520313	24.375917767988252	18.11062163485071	28.830151737640726	0.0
200.0	29.642248722316864	15.105053946621238	21.919363997728563	33.33333333333333	0.0
201.0	31.24006359300477	18.20349761526232	16.69316375198728	33.86327503974563	0.0
202.0	38.08373590982287	17.47181964573269	18.276972624798713	26.167471819645733	0.0
203.0	30.643846780766097	18.744906275468622	22.656886715566422	27.95436022819886	0.0
204.0	30.75020610057708	18.136850783182194	26.380873866446823	24.732069249793902	0.0
205.0	33.916666666666664	16.666666666666664	25.833333333333336	23.583333333333336	0.0
206.0	30.982367758186395	19.563392107472712	19.98320738874895	29.47103274559194	0.0
207.0	30.118443316412858	21.82741116751269	15.48223350253807	32.571912013536384	0.0
208.0	28.51027397260274	20.11986301369863	19.34931506849315	32.02054794520548	0.0
209.0	22.977624784853703	23.14974182444062	21.084337349397593	32.788296041308094	0.0
210.0	23.097112860892388	20.47244094488189	17.760279965004376	38.67016622922135	0.0
211.0	29.79664014146773	19.27497789566755	18.125552608311228	32.802829354553495	0.0
212.0	27.41071428571429	19.375	22.5	30.714285714285715	0.0
213.0	25.22603978300181	23.146473779385172	17.72151898734177	33.90596745027125	0.0
214.0	26.094890510948904	27.82846715328467	18.248175182481752	27.82846715328467	0.0
215.0	27.414903403863843	24.103035878564857	16.74333026678933	31.738730450781972	0.0
216.0	29.981378026070765	17.877094972067038	18.528864059590315	33.61266294227188	0.0
217.0	26.39545884578997	17.880794701986755	26.111636707663198	29.61210974456008	0.0
218.0	24.287118977384463	21.140609636184855	19.567354965585054	35.004916420845625	0.0
219.0	18.211206896551722	22.521551724137932	24.676724137931032	34.59051724137931	0.0
220.0	0.0	30.179445350734095	25.774877650897228	44.04567699836868	0.0
