# Position (bp)	A	C	G	T	N
0.0	25.161139106996366	26.9336692839564	25.974159146841675	21.931032462205554	0.0
1.0	25.62111801242236	21.4871674674792	14.71786007265909	38.17385444743935	0.0
2.0	28.174707795061078	20.939156926502037	18.226557693997716	32.65957758443917	0.0
3.0	23.02286768365883	24.057915849266536	15.884402541504405	37.034813925570226	0.0
4.0	35.05027883897598	13.441355991744611	14.587450050498397	36.92091511878101	0.0
5.0	36.870756263170215	14.832591898852728	23.88053149145399	24.416120346523062	0.0
6.0	33.56258596973865	18.308993532149024	20.638590535280517	27.48982996283181	0.0
7.0	36.12472746960097	17.58827058427591	19.862161806236372	26.424840139886747	0.0
8.0	22.47388289000088	27.73095718842361	22.684575542094638	27.11058437948088	0.0
9.0	30.33051926200126	18.596280743851228	14.887266449149195	36.18593354499831	0.0
10.0	27.29241032242963	16.61302592310843	25.7417051904734	30.352858563988534	0.0
11.0	28.101047334854602	19.19577555438535	19.78234158328945	32.9208355274706	0.0
12.0	25.95989293079995	21.048166513083796	21.231003261807597	31.760937294308654	0.0
13.0	27.175661839988297	21.758081029691382	18.15854907123007	32.90770805909025	0.0
14.0	31.40776273070286	18.74140805522244	19.692006200824828	30.158823013249876	0.0
15.0	30.569933035061553	18.46507003538322	18.89785653712314	32.06714039243209	0.0
16.0	30.325891486468702	17.530008626109332	18.866324546398232	33.27777534102373	0.0
17.0	30.349233265601473	18.19842998523543	20.578303390003946	30.874033359159153	0.0
18.0	32.61126945845209	17.626251553021998	18.393627128553682	31.36885185997223	0.0
19.0	30.962263599427086	18.169594574844346	19.53903715179328	31.329104673935284	0.0
20.0	30.742813719329526	17.91345774452352	19.32075581990092	32.02297271624603	0.0
21.0	30.42125104107307	17.865544499481288	20.106956559856222	31.60624789958942	0.0
22.0	29.14980348611253	18.80835147494996	19.886620983884402	32.15522405505311	0.0
23.0	30.240780784290806	17.45806790953188	20.42984045350944	31.87131085266787	0.0
24.0	32.090991438506265	17.952838734184613	18.326856207813456	31.629313619495658	0.0
25.0	30.204087595506273	17.481117879943316	19.567281705161356	32.74751281938905	0.0
26.0	30.93554607608251	17.3362356103547	20.67726289955005	31.050955414012737	0.0
27.0	29.068119731786773	17.61938848553022	19.630987684980937	33.681504097702074	0.0
28.0	30.922955561398897	17.08592631548193	20.37426593040582	31.616852192713356	0.0
29.0	29.925791749444898	18.217541194343813	19.60967628841884	32.24699076779245	0.0
30.0	30.42741534955739	17.780244821642466	19.92462531771305	31.86771451108709	0.0
31.0	31.17194233044596	18.396412451248192	19.342964402050864	31.088680816254982	0.0
32.0	30.155715913406762	18.344094189137866	19.37976569575506	32.12042420170032	0.0
33.0	30.942850464559108	18.111961666569275	20.34272190732192	30.602465961549697	0.0
34.0	29.949891163021725	18.505208105067858	19.567281705161356	31.97761902674906	0.0
35.0	30.1148316970547	18.6112085086489	20.12768817204301	31.14627162225339	0.0
36.0	31.611706091199977	17.550370381193108	18.491299329368964	32.34662419823795	0.0
37.0	28.975321810026156	19.120118057889275	18.97692903376631	32.92763109831826	0.0
38.0	30.902077671605156	18.164285088103796	19.61807077525496	31.31556646503609	0.0
39.0	29.942140790742528	18.59384588410625	20.01987083954297	31.44414248560825	0.0
40.0	31.171373884075336	18.55028418637951	19.40795721862626	30.87038471091889	0.0
41.0	31.4066129951345	17.603483292178666	20.603147236305723	30.386756476381116	0.0
42.0	30.903538762748024	19.265947809824375	19.115455422109232	30.715058005318376	0.0
43.0	30.03346143168169	18.960503821032482	19.429548343732193	31.576486403553634	0.0
44.0	30.23599035581209	18.882150946153285	20.28494191568642	30.596916782348217	0.0
45.0	30.133703514283628	19.18755023014539	19.47979834879813	31.19894790677285	0.0
46.0	30.444947760648787	18.8733835025937	19.060422298531453	31.621246438226052	0.0
47.0	29.760339032588046	18.769545520970336	20.298114861902675	31.172000584538946	0.0
48.0	31.29420704974572	18.534810311568364	19.220202256386273	30.95078038229964	0.0
49.0	29.41339802420062	18.533348921494124	19.218740866312036	32.83451218799322	0.0
50.0	30.67210311719058	18.177035380770747	19.76266678357958	31.38819471845909	0.0
51.0	30.315075700005846	19.167592213713686	18.968843163617233	31.548488922663235	0.0
52.0	29.996492663821826	17.997018764248555	19.566551703980828	32.439936867948795	0.0
53.0	32.107732101886626	18.81219950605737	18.84288824913414	30.23718014292186	0.0
54.0	31.103771792661007	18.37963436554677	19.861462245539172	30.65513159625305	0.0
55.0	29.615069854445547	17.992634594025837	19.01560764599287	33.376687905535746	0.0
56.0	29.39878412345823	18.599111474834864	20.60121587654177	31.400888525165136	0.0
57.0	28.724461462017363	18.40528454096396	19.39613597170666	33.474118025312016	0.0
58.0	30.23456339057362	18.350018268176836	18.69345999269273	32.72195834855681	0.0
59.0	29.837483923769437	17.98491757278148	21.20747106278499	30.970127440664097	0.0
60.0	30.932581149613437	18.119638133376203	19.873434371483274	31.074346345527086	0.0
61.0	30.65635824211157	17.546731362261227	19.981585139499874	31.815325256127323	0.0
62.0	29.552928108969205	18.512780790085205	20.101427882437193	31.832863218508393	0.0
63.0	29.80576706662964	17.739648948453006	20.035660523508177	32.41892346140918	0.0
64.0	28.468913507351434	19.04650550992371	19.882493934699365	32.60208704802549	0.0
65.0	30.555961532840314	17.663909268948583	20.611791529040367	31.168337669170736	0.0
66.0	30.281638678183597	18.660937431490332	20.062553894272224	30.994869996053843	0.0
67.0	30.100847705349317	17.64104063139433	19.41391406021631	32.84419760304005	0.0
68.0	29.65783357937355	18.274697809024072	20.39990060949764	31.66756800210474	0.0
69.0	30.11824546530833	18.3638569361416	20.23327535554029	31.28462224300978	0.0
70.0	29.243586932690203	18.00190016809179	19.763209822407365	32.99130307681064	0.0
71.0	30.50678984373858	17.47818333308971	21.650027042434697	30.36499978073702	0.0
72.0	30.947229937143696	17.785411489548313	20.138868586463968	31.128489986844027	0.0
73.0	31.111403470303618	17.3982955459077	19.237234866757298	32.25306611703139	0.0
74.0	30.184183598889053	17.91697120304049	21.49831895921649	30.40052623885397	0.0
75.0	30.867734767863407	17.77277511402175	19.823704829844463	31.53578528827038	0.0
76.0	29.062390363700153	18.34434569056251	19.703835808677347	32.889428137059994	0.0
77.0	28.524858567105703	18.29344950078208	21.90857660765711	31.273115324455098	0.0
78.0	30.966581878782563	17.752828699236908	18.730813086571356	32.54977633540918	0.0
79.0	30.54118059819314	17.70604917697278	19.23369295091074	32.519077273923344	0.0
80.0	32.20524815437468	17.514801549594328	19.795336598201885	30.484613697829104	0.0
81.0	30.588854452955967	18.72989883632536	19.820478334600317	30.860768376118358	0.0
82.0	30.864143385524027	17.874947005248305	18.779878075523005	32.481031533704666	0.0
83.0	31.354804754316458	17.537755295975206	20.391514743936494	30.715925205771843	0.0
84.0	31.663742690058477	18.264619883040936	18.723684210526315	31.34795321637427	0.0
85.0	30.85964912280702	16.630116959064328	19.82894736842105	32.6812865497076	0.0
86.0	30.232456140350877	18.26608187134503	20.81578947368421	30.68567251461988	0.0
87.0	30.056434398666624	18.70961139214597	20.386561010555866	30.84739319863154	0.0
88.0	30.535980584227605	17.744670896809847	18.414281119330976	33.30506739963157	0.0
89.0	30.658791192724934	18.886517149624257	20.116085265651044	30.338606391999768	0.0
90.0	31.05590970232177	18.30662611848646	19.27013275630154	31.367331422890228	0.0
91.0	31.029037634880254	17.75448138725619	20.051466502909612	31.165014474953946	0.0
92.0	29.50697429599088	18.428517121384917	20.544199783606746	31.52030879901746	0.0
93.0	31.26882475070913	17.909465742609	19.92572447875545	30.895985027926425	0.0
94.0	31.01880281896073	17.17109687984326	20.283943035938826	31.526157265257186	0.0
95.0	31.100128670019885	18.149783600421102	21.36360977892151	29.386477950637502	0.0
96.0	30.483988887264218	18.594823804649803	19.839157771604036	31.082029536481944	0.0
97.0	30.28805380903641	18.451528001169763	19.951747331481208	31.30867085831262	0.0
98.0	28.929668080128675	18.305307793537068	20.84807720426963	31.916946922064632	0.0
99.0	30.56969058899222	18.731356378311983	19.534128794525355	31.16482423817044	0.0
100.0	30.75432932198415	18.13472262987966	20.007337833871443	31.103610214264748	0.0
101.0	30.647323072391192	18.720082480300466	20.982399293025995	29.65019515428235	0.0
102.0	30.768206827190443	18.21718038218068	20.32923149736733	30.68538129326155	0.0
103.0	30.086628330287223	17.572326483305844	19.570870295249556	32.770174891157374	0.0
104.0	31.2662269837954	17.48336267868334	20.636246978423706	30.614163359097557	0.0
105.0	30.95438175270108	18.134753901560625	19.747899159663866	31.16296518607443	0.0
106.0	29.577167337949344	18.204582824214448	19.863933263942315	32.3543165738939	0.0
107.0	30.542536894632267	18.438974078961337	20.034581608044775	30.98390741836162	0.0
108.0	29.737680430441877	19.241849192921485	20.74778605941439	30.272684317222247	0.0
109.0	29.28046540110227	18.28689528475199	21.025719534598895	31.406919779546843	0.0
110.0	29.79345134648806	17.99572445825195	21.76066193998862	30.450162255271373	0.0
111.0	29.57235114173593	18.952198498285078	19.771034823718445	31.704415536260544	0.0
112.0	29.294168815433846	18.68184783621734	18.961446456864145	33.06253689148467	0.0
113.0	31.53631241317954	17.008225506875398	20.613713340304983	30.841748739640074	0.0
114.0	30.4868666886471	18.531078768467495	18.95969729797623	32.02235724490917	0.0
115.0	29.17495500615705	18.553250607811563	20.38615768368539	31.885636702345995	0.0
116.0	30.683190340006355	17.8789323164919	20.246266285351126	31.19161105815062	0.0
117.0	31.200524539828244	18.854648094545105	19.270441860837025	30.674385504789626	0.0
118.0	29.947255009166053	18.40124786929534	20.131540861287107	31.519956260251504	0.0
119.0	30.944409400423762	17.87892021285199	20.0462581072994	31.130412279424846	0.0
120.0	29.906496463127084	18.63078299048703	20.325229693471016	31.137490852914873	0.0
121.0	30.914532430575996	16.92670002943774	19.88519281719164	32.27357472279462	0.0
122.0	30.023041474654377	18.153390388413428	20.939763001974985	30.88380513495721	0.0
123.0	28.762248411016948	18.9453125	19.600768008474574	32.69167108050847	0.0
124.0	29.12862379206931	17.79906697767411	19.51682772409197	33.55548150616461	0.0
125.0	29.23275760780167	18.13115799721369	20.293066116118634	32.343018278866005	0.0
126.0	31.29286172764434	17.99432451606365	19.082125603864732	31.630688152427282	0.0
127.0	30.25288685566572	17.27011445383582	19.159538103093485	33.31746058740497	0.0
128.0	30.159653655948937	17.106726672256542	22.218039323054807	30.51558034873971	0.0
129.0	30.693990012054417	17.952471155501982	19.295677630446015	32.05786120199759	0.0
130.0	29.98475292813085	17.81655000346524	19.855845865964376	32.34285120243953	0.0
131.0	30.366236484129754	18.00837111963725	20.90687129403558	30.71852110219742	0.0
132.0	31.6747956068634	17.87255693182217	19.47085862661848	30.981788834695955	0.0
133.0	30.510031082226618	17.939389658095507	21.09882735235942	30.451751907318453	0.0
134.0	31.442913596069637	16.661326497917333	20.600590978674926	31.295168927338104	0.0
135.0	30.51151445584332	18.263505272975106	20.496448812683838	30.728531458497738	0.0
136.0	28.760805874055052	18.58248634571563	20.1016385141245	32.555069266104816	0.0
137.0	30.77891280554542	17.73987595767968	23.921926304268514	27.559284932506383	0.0
138.0	30.06192462468532	20.563752963010604	20.510464710314032	28.863857701990042	0.0
139.0	30.96045197740113	18.516254515143096	19.9370195424655	30.586273964990273	0.0
140.0	28.905520922766808	21.45656799432603	20.902235992384934	28.73567509052223	0.0
141.0	32.0578119420377	17.07106207829797	21.32990020110136	29.541225778562968	0.0
142.0	27.487119260494016	19.485906955599333	24.431732080618275	28.595241703288377	0.0
143.0	28.076173740306377	19.131298468120868	19.729151545249646	33.06337624632311	0.0
144.0	28.471299559047235	19.702308743958564	18.687539714632315	33.13885198236189	0.0
145.0	27.688386481701265	19.57118119734615	16.598245033756832	36.142187287195746	0.0
146.0	33.35169591563705	14.236247737467538	20.51821830487133	31.89383804202408	0.0
147.0	34.89107167863644	15.852121551603418	22.413827595174745	26.84297917458539	0.0
148.0	32.043076923076924	16.935384615384617	22.21333333333333	28.808205128205127	0.0
149.0	31.919441200449505	17.71368133442038	24.35713813542516	26.009739329704956	0.0
150.0	26.74169949352842	17.397298818232976	28.52560495216657	27.33539673607203	0.0
