# Position (bp)	A	C	G	T	N
0.0	63.04067140090381	8.715300193673338	13.815364751452549	14.428663653970302	0.0
1.0	13.492575855390573	60.87798579728857	13.492575855390573	12.136862491930279	0.0
2.0	16.0828025477707	58.02547770700637	10.15923566878981	15.73248407643312	0.0
3.0	62.686094393411466	10.42128603104213	11.434906556857777	15.45771301868863	0.0
4.0	63.04485154769425	10.644346178142767	10.012634238787113	16.298168035375866	0.0
5.0	16.598295992426635	56.42158409592931	9.813821394761755	17.166298516882296	0.0
6.0	17.632241813602015	56.42317380352645	10.894206549118387	15.050377833753148	0.0
7.0	64.5059786028949	10.415355569540592	10.478288231592197	14.600377595972311	0.0
8.0	62.315193457061966	12.551116703365839	10.16042780748663	14.973262032085561	0.0
9.0	16.703365838313935	55.992450456118284	10.443535703051273	16.860648002516516	0.0
10.0	16.284187362464632	8.016347060672745	10.468406161584408	65.23105941527821	0.0
11.0	15.604395604395604	11.930926216640502	9.858712715855573	62.60596546310831	0.0
12.0	15.27603513174404	10.382685069008783	11.856963613550816	62.484316185696365	0.0
13.0	16.938519447929735	54.73651191969887	12.202007528230865	16.122961104140526	0.0
14.0	16.0926737633062	10.39448966812774	57.701941139636816	15.810895428929243	0.0
15.0	59.27545284197377	11.305434103685197	11.36789506558401	18.051217988757028	0.0
16.0	13.884555382215288	11.388455538221528	12.324492979719189	62.402496099843994	0.0
17.0	16.864089775561098	53.49127182044888	12.001246882793017	17.643391521197007	0.0
18.0	16.048613275163603	11.748208164537239	10.84449984418822	61.35867871611094	0.0
19.0	15.11374259894048	57.463384231847925	11.623558741040823	15.799314428170769	0.0
20.0	16.054760423148725	11.169881767268201	10.4542626011201	62.32109520846297	0.0
21.0	16.32526381129733	11.607697082557419	11.297330850403476	60.769708255741776	0.0
22.0	15.627906976744185	10.418604651162791	56.80620155038759	17.147286821705425	0.0
23.0	17.306501547987615	10.402476780185758	10.619195046439629	61.67182662538699	0.0
24.0	62.240792324357784	9.223150727329001	11.544413494274218	16.991643454038996	0.0
25.0	16.79554593257037	10.454686050108258	53.60346427466749	19.14630374265388	0.0
26.0	61.471861471861466	9.245516388373531	11.410018552875696	17.8726035868893	0.0
27.0	13.566131025957972	13.751545117428924	9.054388133498145	63.62793572311496	0.0
28.0	15.142150803461064	55.160692212608154	8.62175525339926	21.07540173053152	0.0
29.0	17.11461229533519	8.557306147667594	10.318195860364535	64.00988569663268	0.0
30.0	16.33158057531704	10.547479121558924	54.12929167955459	18.99164862356944	0.0
31.0	16.70799752014879	9.144451332920024	10.291382517048978	63.856168629882205	0.0
32.0	16.889164855634895	10.400496740142813	9.282831418814034	63.42750698540826	0.0
33.0	15.90556073314694	55.63839701770736	9.972041006523765	18.484001242621932	0.0
34.0	16.568414520632953	10.394042817251007	12.317716413279554	60.71982624883648	0.0
35.0	15.54243083618278	55.45539322350016	9.605222256760957	19.39695368355611	0.0
36.0	16.236391912908243	10.326594090202178	10.26438569206843	63.17262830482115	0.0
37.0	61.27221702525725	11.256626130339882	10.601808543810415	16.869348300592453	0.0
38.0	61.895852821951976	11.474898659183037	9.292173370751481	17.337075148113502	0.0
39.0	61.958216401621456	11.225444340505145	7.982538197692548	18.833801060180853	0.0
40.0	14.85179407176287	54.414976599063955	12.761310452418096	17.97191887675507	0.0
41.0	15.524256651017215	8.763693270735525	58.15336463223787	17.558685446009388	0.0
42.0	61.78683385579937	11.22257053291536	10.658307210031348	16.33228840125392	0.0
43.0	61.9691726958163	10.53790500157282	10.663730732934885	16.829191569676	0.0
44.0	18.532574320050603	55.123339658444024	8.918406072106261	17.425679949399115	0.0
45.0	27.958993476234856	13.74650512581547	14.39888164026095	43.89561975768873	0.0
46.0	33.05132543711224	16.187253243090808	17.089678510998308	33.67174280879864	0.0
47.0	32.43717124488603	17.708942139099943	17.12448860315605	32.72939801285798	0.0
48.0	27.08578143360752	18.33137485311398	19.27144535840188	35.311398354876616	0.0
49.0	26.823529411764707	18.176470588235293	20.647058823529413	34.35294117647059	0.0
50.0	26.3561320754717	23.29009433962264	18.278301886792452	32.075471698113205	0.0
51.0	29.710572947430595	18.901358535144713	17.070289427052572	34.31777909037212	0.0
52.0	28.875739644970416	16.86390532544379	19.171597633136095	35.08875739644971	0.0
53.0	30.450236966824644	20.438388625592417	19.253554502369667	29.85781990521327	0.0
54.0	28.911362284354553	22.48661511005354	16.775728732897086	31.826293872694823	0.0
55.0	30.732578916021442	18.10601548540798	18.70160810005956	32.459797498511016	0.0
56.0	26.6984505363528	19.9046483909416	19.606674612634087	33.790226460071516	0.0
57.0	30.668257756563243	19.630071599045344	18.73508353221957	30.96658711217184	0.0
58.0	29.47494033412888	18.377088305489263	20.047732696897373	32.10023866348449	0.0
59.0	26.105137395459977	20.19115890083632	22.939068100358423	30.76463560334528	0.0
60.0	28.067025733093953	17.594254937163374	20.287253141831236	34.05146618791143	0.0
61.0	26.136363636363637	20.27511961722488	22.188995215311007	31.399521531100476	0.0
62.0	27.704326923076923	20.49278846153846	22.175480769230766	29.627403846153843	0.0
63.0	34.68033775633293	17.973462002412546	19.96381182147165	27.38238841978287	0.0
64.0	31.72496984318456	18.69722557297949	20.86851628468034	28.70928829915561	0.0
65.0	29.48640483383686	19.516616314199396	22.17522658610272	28.82175226586103	0.0
66.0	29.209414604707302	14.966807483403741	22.933011466505736	32.89076644538322	0.0
67.0	26.855763427881712	17.07905853952927	21.72601086300543	34.33916716958358	0.0
68.0	26.589945487583282	19.56390066626287	19.200484554815265	34.645669291338585	0.0
69.0	26.274271844660195	20.20631067961165	21.480582524271842	32.038834951456316	0.0
70.0	27.002427184466022	22.5121359223301	19.66019417475728	30.8252427184466	0.0
71.0	29.03225806451613	20.815581253804016	19.90261716372489	30.24954351795496	0.0
72.0	27.449786975045647	18.685331710286064	21.059038344491785	32.805842970176506	0.0
73.0	29.293544457978076	17.783191230207066	21.985383678440925	30.937880633373933	0.0
74.0	29.13625304136253	18.856447688564476	23.29683698296837	28.710462287104622	0.0
75.0	31.48261134838316	18.42586943258084	21.53752287980476	28.55399633923124	0.0
76.0	28.588882101405012	19.853390348197923	20.219914477703117	31.337813072693955	0.0
77.0	30.024509803921568	19.54656862745098	18.38235294117647	32.04656862745098	0.0
78.0	31.00061387354205	21.85389809699202	17.986494782074892	29.158993247391034	0.0
79.0	28.16553428042001	20.506485484867202	18.65348980852378	32.67449042618901	0.0
80.0	30.821494749845584	17.047560222359483	20.630018529956764	31.500926497838172	0.0
81.0	26.97530864197531	19.814814814814817	17.839506172839506	35.37037037037037	0.0
82.0	29.956763434218654	18.591723285979	20.32118591723286	31.13032736256949	0.0
83.0	29.586164298949967	19.27115503397159	20.630018529956764	30.512662137121684	0.0
84.0	29.652605459057074	19.540942928039705	20.34739454094293	30.4590570719603	0.0
85.0	31.22284295468653	17.256362507759157	20.297951582867785	31.22284295468653	0.0
86.0	31.17610454262601	18.046048537647792	22.277535780958306	28.50031113876789	0.0
87.0	33.16708229426434	20.012468827930174	20.698254364089774	26.122194513715712	0.0
88.0	33.85286783042394	18.329177057356606	17.394014962593516	30.423940149625935	0.0
89.0	29.881472239550845	17.779164067373674	16.905801621958826	35.43356207111666	0.0
90.0	31.46067415730337	16.604244694132333	19.22596754057428	32.70911360799001	0.0
91.0	31.39825218476904	20.59925093632959	16.292134831460675	31.7103620474407	0.0
92.0	28.91942535915053	18.176139912554653	17.676452217364147	35.227982510930666	0.0
93.0	33.625	16.6875	19.8125	29.875	0.0
94.0	32.41551939924906	17.77221526908636	19.524405506883603	30.287859824780977	0.0
95.0	31.03448275862069	16.614420062695924	21.379310344827587	30.971786833855795	0.0
96.0	28.419071518193224	17.189460476787954	19.32245922208281	35.06900878293601	0.0
97.0	30.865746549560853	18.005018820577163	18.75784190715182	32.37139272271016	0.0
98.0	31.78391959798995	21.168341708542712	17.839195979899497	29.208542713567837	0.0
99.0	33.18667504714016	18.667504714016342	17.410433689503456	30.73538654934004	0.0
100.0	32.83018867924528	14.90566037735849	19.937106918238996	32.32704402515723	0.0
101.0	31.064902331442973	18.27347195967234	19.281663516068054	31.379962192816635	0.0
102.0	32.49211356466877	14.700315457413248	20.441640378548893	32.36593059936909	0.0
103.0	27.24399494310999	17.88874841972187	20.16434892541087	34.70290771175727	0.0
104.0	29.087452471482887	18.75792141951838	19.898605830164765	32.25602027883397	0.0
105.0	30.0952380952381	19.047619047619047	18.984126984126984	31.873015873015873	0.0
106.0	31.35755258126195	17.718291905672405	19.311663479923517	31.612492033142132	0.0
107.0	31.397574984045946	18.123803446075303	18.570516911295467	31.90810465858328	0.0
108.0	32.01277955271566	16.805111821086264	16.293929712460063	34.888178913738024	0.0
109.0	28.187059577194105	21.14029468289558	19.987187700192184	30.685458039718128	0.0
110.0	26.461143224149	20.10276172125883	19.460500963391137	33.975594091201025	0.0
111.0	30.888030888030887	17.117117117117118	20.785070785070786	31.209781209781212	0.0
112.0	26.645161290322584	20.0	19.032258064516128	34.32258064516129	0.0
113.0	30.297157622739018	18.992248062015506	16.7312661498708	33.97932816537468	0.0
114.0	31.712062256809336	16.536964980544745	19.58495460440986	32.16601815823606	0.0
115.0	27.231270358306187	19.153094462540718	18.697068403908794	34.9185667752443	0.0
116.0	27.966101694915253	19.295958279009128	18.97001303780965	33.76792698826597	0.0
117.0	31.241830065359476	19.54248366013072	17.647058823529413	31.56862745098039	0.0
118.0	28.890347997373606	17.399868680236374	21.33946158896914	32.37032173342088	0.0
119.0	23.796967699406725	22.544495715227423	26.763348714568224	26.895187870797628	0.0
120.0	27.308707124010557	22.62532981530343	20.778364116094984	29.287598944591032	0.0
121.0	28.64686468646865	20.13201320132013	17.953795379537954	33.26732673267327	0.0
122.0	30.09259259259259	17.923280423280424	20.634920634920633	31.349206349206348	0.0
123.0	32.869449966865474	16.832339297548046	19.218025182239895	31.08018555334659	0.0
124.0	30.43189368770764	17.807308970099665	21.32890365448505	30.43189368770764	0.0
125.0	26.31578947368421	20.6528980679547	19.453697534976683	33.57761492338441	0.0
126.0	31.34628265237776	19.223040857334226	17.749497655726724	31.681178834561287	0.0
127.0	30.06711409395973	19.06040268456376	20.80536912751678	30.06711409395973	0.0
128.0	31.229012760241776	18.804566823371392	18.737407656145063	31.229012760241776	0.0
129.0	28.465679676985197	19.313593539703902	17.833109017496636	34.38761776581426	0.0
130.0	31.784511784511782	17.97979797979798	16.161616161616163	34.074074074074076	0.0
131.0	30.883344571813893	18.88064733648011	19.217801753202966	31.018206338503035	0.0
132.0	29.709655638082378	18.23092505064146	19.648885887913572	32.410533423362594	0.0
133.0	27.439024390243905	22.76422764227642	20.121951219512198	29.67479674796748	0.0
134.0	27.86103542234332	18.59673024523161	19.82288828337875	33.71934604904632	0.0
135.0	26.93096377306904	17.634996582365005	20.437457279562544	34.99658236500342	0.0
136.0	24.33173406442769	18.50582590815627	20.904729266620972	36.257710760795064	0.0
137.0	29.30679478380233	16.609471516815375	19.217570350034315	34.86616334934797	0.0
138.0	28.011011699931178	18.444597384721266	20.440467997247076	33.10392291810048	0.0
139.0	28.4631288766368	19.77946243969676	18.26326671261199	33.49414197105445	0.0
140.0	30.636237897648687	16.59751037344398	20.33195020746888	32.43430152143845	0.0
141.0	31.3848295059151	17.258176757132915	20.32011134307585	31.03688239387613	0.0
142.0	31.49441340782123	15.991620111731844	19.762569832402235	32.7513966480447	0.0
143.0	32.53856942496493	19.35483870967742	18.162692847124827	29.943899018232816	0.0
144.0	31.434599156118143	18.143459915611814	16.666666666666664	33.755274261603375	0.0
145.0	28.913963328631876	18.899858956276447	19.957686882933707	32.228490832157966	0.0
146.0	28.551236749116608	18.79858657243816	18.939929328621908	33.71024734982332	0.0
147.0	30.26874115983027	18.95332390381895	16.548797736916548	34.22913719943423	0.0
148.0	25.619249823071478	23.21302193913659	19.53290870488323	31.634819532908704	0.0
149.0	30.16323633782825	20.227111426543647	17.459190915542937	32.150461320085164	0.0
150.0	29.35323383084577	19.82942430703625	17.34186211798152	33.47547974413646	0.0
151.0	28.98860398860399	19.37321937321937	19.159544159544158	32.47863247863248	0.0
152.0	27.80557541100786	19.228020014295925	18.155825589706932	34.81057898498928	0.0
153.0	31.537356321839084	17.887931034482758	18.53448275862069	32.04022988505747	0.0
154.0	31.200575125808772	15.959741193386053	21.639108554996405	31.200575125808772	0.0
155.0	30.108303249097474	20.505415162454874	16.967509025270758	32.418772563176894	0.0
156.0	31.544597534445252	16.02610587382161	18.85424220449601	33.57505438723713	0.0
157.0	31.468023255813954	18.023255813953487	20.421511627906977	30.08720930232558	0.0
158.0	28.947368421052634	22.807017543859647	15.058479532163743	33.187134502923975	0.0
159.0	35.31571218795889	14.977973568281937	19.383259911894275	30.323054331864906	0.0
160.0	25.955882352941178	18.16176470588235	23.823529411764703	32.05882352941177	0.0
161.0	28.761061946902654	17.920353982300885	20.943952802359885	32.37463126843657	0.0
162.0	31.43491124260355	18.49112426035503	19.89644970414201	30.17751479289941	0.0
163.0	28.199404761904763	17.559523809523807	18.303571428571427	35.9375	0.0
164.0	30.665669409124906	16.828721017202692	21.16679132385939	31.338818249813016	0.0
165.0	29.79683972911964	18.058690744920995	22.94958615500376	29.194883370955605	0.0
166.0	27.89115646258503	20.030234315948604	20.256991685563115	31.82161753590325	0.0
167.0	27.878787878787882	19.015151515151516	23.18181818181818	29.924242424242426	0.0
168.0	26.808834729626806	19.42117288651942	19.345011424219344	34.424980959634425	0.0
169.0	25.363984674329505	18.544061302681992	18.927203065134098	37.16475095785441	0.0
170.0	29.77743668457406	16.270145817344588	19.03300076745971	34.91941673062164	0.0
171.0	31.066460587326123	16.537867078825347	17.928902627511594	34.46676970633694	0.0
172.0	32.142857142857146	19.953416149068325	14.440993788819876	33.462732919254655	0.0
173.0	29.029733959311425	19.014084507042252	19.874804381846637	32.08137715179969	0.0
174.0	31.186174391201888	18.931657501963866	17.91044776119403	31.97172034564022	0.0
175.0	28.142292490118574	19.130434782608695	19.841897233201582	32.88537549407115	0.0
176.0	29.252782193958666	18.36248012718601	19.554848966613672	32.829888712241655	0.0
177.0	28.503184713375795	19.6656050955414	18.789808917197455	33.04140127388535	0.0
178.0	27.564102564102566	21.634615384615387	20.592948717948715	30.208333333333332	0.0
179.0	25.422365245374095	20.193081255028158	21.560740144810943	32.82381335478681	0.0
180.0	30.097087378640776	15.210355987055015	21.197411003236247	33.49514563106796	0.0
181.0	28.165584415584416	19.886363636363637	19.805194805194805	32.142857142857146	0.0
182.0	31.810766721044047	19.494290375203917	20.554649265905383	28.140293637846657	0.0
183.0	29.580936729663105	22.67871815940838	21.199671322925226	26.54067378800329	0.0
184.0	31.17744610281924	20.64676616915423	18.739635157545607	29.436152570480928	0.0
185.0	26.955074875207984	21.13144758735441	24.459234608985025	27.454242928452576	0.0
186.0	30.402010050251256	16.750418760469014	22.02680067001675	30.82077051926298	0.0
187.0	27.99325463743676	22.51264755480607	18.043844856661046	31.450252951096118	0.0
188.0	28.413910093299403	20.780322307039864	20.780322307039864	30.025445292620866	0.0
189.0	30.72340425531915	18.97872340425532	19.659574468085104	30.638297872340424	0.0
190.0	30.624465355004276	18.81950384944397	17.365269461077844	33.19076133447391	0.0
191.0	28.52233676975945	20.017182130584192	19.329896907216497	32.13058419243986	0.0
192.0	31.255411255411254	21.558441558441558	19.393939393939394	27.79220779220779	0.0
193.0	29.852045256744997	19.06005221932115	19.843342036553523	31.24456048738033	0.0
194.0	29.833770778652667	20.034995625546806	21.434820647419073	28.69641294838145	0.0
195.0	30.20372010628875	19.22054915854739	19.13197519929141	31.44375553587245	0.0
196.0	27.817531305903398	20.840787119856888	20.03577817531306	31.305903398926656	0.0
197.0	31.221719457013574	20.633484162895925	18.28054298642534	29.86425339366516	0.0
198.0	27.26432532347505	21.626617375231053	22.08872458410351	29.02033271719039	0.0
199.0	28.248031496062993	24.015748031496063	17.61811023622047	30.118110236220474	0.0
200.0	29.142185663924796	15.158636897767334	20.094007050528788	35.60517038777908	0.0
201.0	31.62251655629139	18.543046357615893	19.039735099337747	30.79470198675497	0.0
202.0	37.2093023255814	17.774086378737543	18.77076411960133	26.245847176079735	0.0
203.0	36.21262458471761	15.282392026578073	20.59800664451827	27.906976744186046	0.0
204.0	33.165829145728644	17.252931323283082	24.958123953098827	24.623115577889447	0.0
205.0	33.33333333333333	17.428087986463623	24.703891708967852	24.534686971235196	0.0
206.0	31.569965870307165	19.283276450511945	18.941979522184297	30.204778156996586	0.0
207.0	26.758147512864493	23.499142367066895	16.295025728987994	33.44768439108062	0.0
208.0	29.259896729776248	19.27710843373494	20.309810671256454	31.153184165232357	0.0
209.0	23.91681109185442	20.797227036395146	18.19757365684575	37.088388214904676	0.0
210.0	25.82322357019064	16.984402079722706	22.530329289428074	34.66204506065858	0.0
211.0	30.313588850174217	20.557491289198605	20.38327526132404	28.745644599303137	0.0
212.0	27.670753064798596	16.112084063047284	23.992994746059544	32.22416812609457	0.0
213.0	27.708703374777976	19.893428063943162	18.47246891651865	33.92539964476021	0.0
214.0	30.286738351254485	25.806451612903224	18.27956989247312	25.627240143369175	0.0
215.0	27.617328519855594	22.92418772563177	19.133574007220215	30.324909747292416	0.0
216.0	29.63636363636364	19.272727272727273	17.454545454545457	33.63636363636363	0.0
217.0	26.199261992619927	16.789667896678967	24.169741697416974	32.84132841328413	0.0
218.0	23.629489603024574	18.90359168241966	19.47069943289225	37.99621928166352	0.0
219.0	18.480492813141684	22.99794661190965	27.92607802874743	30.59548254620123	0.0
220.0	0.0	32.131147540983605	26.885245901639344	40.98360655737705	0.0
