# Position (bp)	A	C	G	T	N
0.0	22.07045696373623	30.179161993500703	23.025910907888303	24.72447013487476	0.0
1.0	28.216604837086244	23.010151554366896	17.127196388002186	31.646047220544677	0.0
2.0	27.553083806850857	26.546619429938577	17.3598426464837	28.540454116726867	0.0
3.0	20.54474690270372	22.63890102913506	18.437941361844253	38.37841070631697	0.0
4.0	33.049989764208775	14.044540642991704	19.200734216754956	33.70473537604457	0.0
5.0	32.468445052701796	14.33626791947235	26.977452947907743	26.217834079918116	0.0
6.0	28.951995850627178	17.116277892974242	25.225380637103534	28.706345619295043	0.0
7.0	34.78572882560559	17.476242885516182	24.84390974884104	22.89411854003719	0.0
8.0	21.804908174425464	23.185425672979278	27.45463348548467	27.555032667110584	0.0
9.0	21.223443956440786	20.256253672965478	15.1657966554307	43.354505715163036	0.0
10.0	23.320556301169944	14.995819575885335	25.83559605257559	35.84802807036913	0.0
11.0	24.59009417742249	19.87731289008187	24.501885503531224	31.030707428964416	0.0
12.0	25.352575934787687	18.132690226547936	20.135498643518503	36.379235195145874	0.0
13.0	30.44648309602095	22.043888127940527	18.987635835032528	28.52199294100599	0.0
14.0	33.18612720219797	19.038812966560055	17.729023413825185	30.046036417416783	0.0
15.0	31.711995804625264	18.69195852007236	25.209279966510607	24.38676570879177	0.0
16.0	20.141018873436078	22.958521222408915	22.513222675724446	34.387237228430564	0.0
17.0	22.959786275098356	19.16198309659597	21.740160477683894	36.13807015062178	0.0
18.0	34.34572049925879	15.910797684723569	18.50749083699336	31.235990979024276	0.0
19.0	36.94643881917682	18.44527324563068	16.444304905299305	28.163983029893195	0.0
20.0	34.85910188159337	18.562233117009324	15.45871385543208	31.11995114596523	0.0
21.0	35.51819433279396	21.36098968522039	18.167881692272484	24.952934289713166	0.0
22.0	36.70193863574418	20.786540759422632	16.465695796229912	26.045824808603278	0.0
23.0	33.58243370836395	20.959162949136832	21.16640158062583	24.292001761873383	0.0
24.0	34.1482572749155	20.385979076028516	18.09013845426662	27.37562519478936	0.0
25.0	31.930964924689114	22.54841414144899	22.511957623035002	23.008663310826897	0.0
26.0	30.629800731200458	18.493920271779317	22.978532055860125	27.8977469411601	0.0
27.0	24.869555816999778	18.762571461101356	26.214306825879298	30.15356589601957	0.0
28.0	29.925741407129607	18.11612953679521	25.205599813232222	26.752529242842964	0.0
29.0	22.50471232126818	26.82003705454332	14.771905249853656	35.90334537433484	0.0
30.0	24.862267917265147	24.045723711112213	16.062503815492573	35.02950455613007	0.0
31.0	30.33183281374527	17.18654307275502	20.456199475683164	32.02542463781655	0.0
32.0	26.929505045316027	16.51867382921007	29.95890293142043	26.59291819405348	0.0
33.0	24.44890464092081	25.04384616562484	19.920588086328358	30.58666110712599	0.0
34.0	38.646696740635456	22.314403454832675	18.536281950424822	20.502617854107047	0.0
35.0	29.097843690749407	30.42144402188512	18.983438501909372	21.497273785456105	0.0
