# Position (bp)	A	C	G	T	N
0.0	28.947368421052634	15.789473684210526	34.21052631578947	21.052631578947366	0.0
1.0	26.31578947368421	28.947368421052634	5.263157894736842	39.473684210526315	0.0
2.0	28.205128205128204	17.94871794871795	23.076923076923077	30.76923076923077	0.0
3.0	20.0	20.0	17.5	42.5	0.0
4.0	35.0	15.0	7.5	42.5	0.0
5.0	32.5	17.5	20.0	30.0	0.0
6.0	45.0	7.5	25.0	22.5	0.0
7.0	42.5	12.5	20.0	25.0	0.0
8.0	35.0	12.5	25.0	27.500000000000004	0.0
9.0	20.0	22.5	30.0	27.500000000000004	0.0
10.0	36.58536585365854	7.317073170731707	26.82926829268293	29.268292682926827	0.0
11.0	48.78048780487805	17.073170731707318	7.317073170731707	26.82926829268293	0.0
12.0	14.634146341463413	19.51219512195122	26.82926829268293	39.02439024390244	0.0
13.0	34.146341463414636	21.951219512195124	14.634146341463413	29.268292682926827	0.0
14.0	26.82926829268293	17.073170731707318	19.51219512195122	36.58536585365854	0.0
15.0	29.268292682926827	31.70731707317073	14.634146341463413	24.390243902439025	0.0
16.0	19.51219512195122	21.951219512195124	14.634146341463413	43.90243902439025	0.0
17.0	24.390243902439025	26.82926829268293	12.195121951219512	36.58536585365854	0.0
18.0	43.90243902439025	14.634146341463413	17.073170731707318	24.390243902439025	0.0
19.0	21.951219512195124	29.268292682926827	19.51219512195122	29.268292682926827	0.0
20.0	34.146341463414636	12.195121951219512	26.82926829268293	26.82926829268293	0.0
21.0	29.268292682926827	29.268292682926827	14.634146341463413	26.82926829268293	0.0
22.0	14.634146341463413	26.82926829268293	21.951219512195124	36.58536585365854	0.0
23.0	31.70731707317073	19.51219512195122	9.75609756097561	39.02439024390244	0.0
24.0	24.390243902439025	19.51219512195122	21.951219512195124	34.146341463414636	0.0
25.0	29.268292682926827	21.951219512195124	12.195121951219512	36.58536585365854	0.0
26.0	34.146341463414636	12.195121951219512	24.390243902439025	29.268292682926827	0.0
27.0	39.02439024390244	19.51219512195122	21.951219512195124	19.51219512195122	0.0
28.0	31.70731707317073	24.390243902439025	17.073170731707318	26.82926829268293	0.0
29.0	31.70731707317073	24.390243902439025	17.073170731707318	26.82926829268293	0.0
30.0	36.58536585365854	9.75609756097561	31.70731707317073	21.951219512195124	0.0
31.0	34.146341463414636	14.634146341463413	24.390243902439025	26.82926829268293	0.0
32.0	26.82926829268293	7.317073170731707	26.82926829268293	39.02439024390244	0.0
33.0	29.268292682926827	14.634146341463413	24.390243902439025	31.70731707317073	0.0
34.0	36.58536585365854	12.195121951219512	14.634146341463413	36.58536585365854	0.0
35.0	24.390243902439025	21.951219512195124	21.951219512195124	31.70731707317073	0.0
36.0	26.82926829268293	19.51219512195122	19.51219512195122	34.146341463414636	0.0
37.0	29.268292682926827	29.268292682926827	21.951219512195124	19.51219512195122	0.0
38.0	34.146341463414636	14.634146341463413	17.073170731707318	34.146341463414636	0.0
39.0	24.390243902439025	17.073170731707318	24.390243902439025	34.146341463414636	0.0
40.0	36.58536585365854	14.634146341463413	21.951219512195124	26.82926829268293	0.0
41.0	32.5	10.0	22.5	35.0	0.0
42.0	27.500000000000004	25.0	25.0	22.5	0.0
43.0	30.0	20.0	27.500000000000004	22.5	0.0
44.0	30.0	12.5	20.0	37.5	0.0
45.0	30.0	20.0	12.5	37.5	0.0
46.0	22.5	17.5	20.0	40.0	0.0
47.0	27.500000000000004	20.0	22.5	30.0	0.0
48.0	30.0	27.500000000000004	7.5	35.0	0.0
49.0	32.5	12.5	15.0	40.0	0.0
50.0	20.0	17.5	32.5	30.0	0.0
51.0	32.5	15.0	35.0	17.5	0.0
52.0	12.5	25.0	20.0	42.5	0.0
53.0	37.5	12.5	10.0	40.0	0.0
54.0	12.5	20.0	37.5	30.0	0.0
55.0	32.5	20.0	15.0	32.5	0.0
56.0	35.0	15.0	7.5	42.5	0.0
57.0	22.5	20.0	17.5	40.0	0.0
58.0	30.0	15.0	17.5	37.5	0.0
59.0	35.0	15.0	22.5	27.500000000000004	0.0
60.0	35.0	12.5	32.5	20.0	0.0
61.0	30.0	22.5	25.0	22.5	0.0
62.0	32.5	20.0	20.0	27.500000000000004	0.0
63.0	35.8974358974359	20.51282051282051	20.51282051282051	23.076923076923077	0.0
64.0	12.82051282051282	20.51282051282051	12.82051282051282	53.84615384615385	0.0
65.0	25.64102564102564	12.82051282051282	28.205128205128204	33.33333333333333	0.0
66.0	35.8974358974359	15.384615384615385	25.64102564102564	23.076923076923077	0.0
67.0	36.84210526315789	15.789473684210526	13.157894736842104	34.21052631578947	0.0
68.0	37.83783783783784	13.513513513513514	21.62162162162162	27.027027027027028	0.0
69.0	41.66666666666667	13.88888888888889	25.0	19.444444444444446	0.0
70.0	34.285714285714285	17.142857142857142	14.285714285714285	34.285714285714285	0.0
71.0	6.896551724137931	31.03448275862069	34.48275862068966	27.586206896551722	0.0
