# Position (bp)	A	C	G	T	N
0.0	26.787666927838956	23.71903601594586	24.31829727146707	25.174999784748113	0.0
1.0	26.60668049863681	19.978480426619114	15.533102419451636	37.88173665529244	0.0
2.0	28.051264749719206	19.90160447904611	18.0806040391703	33.96652673206438	0.0
3.0	23.54097941983953	21.958839679060166	15.365526635026711	39.132951667482494	0.0017025985910996658
4.0	33.20777102180038	14.557318700874983	14.428084150759519	37.80640240672867	4.2371983644414314E-4
5.0	35.18585851752888	14.727469516835502	22.511034820990684	27.570563663729686	0.005073480915255957
6.0	31.608742053733007	17.486216627787783	20.983628686287496	29.92099079983633	4.2183235538532276E-4
7.0	35.44783503939163	17.189572481862164	19.969514120772928	27.39265728229335	4.2107567993195414E-4
8.0	23.77838519764508	26.30529857022708	21.774179983179142	28.142136248948695	0.0
9.0	28.229116343548487	18.63135121510639	16.359091768363125	36.7800205843433	4.200886387027663E-4
10.0	26.80672833185046	17.25813762191744	24.391462002048044	31.54199331867246	0.0016787255115915996
11.0	27.742898722126462	19.20794487571453	20.12724215011554	32.921914252043464	0.0
12.0	26.3778587084526	20.562584603521184	20.75410811648988	32.30544857153634	0.0
13.0	27.065134548865565	21.108216986741933	18.415983383445422	33.409408789018336	0.0012562919287431218
14.0	30.772870794562767	18.884161508890358	20.226718816740508	30.116248879806363	0.0
15.0	29.396393604636557	18.29244801045235	19.569678138007855	32.741061482926995	4.187639762477073E-4
16.0	30.20670189867587	17.45952646169566	19.400497491603783	32.93327414802469	0.0
17.0	30.03710248829555	18.090185009924706	20.41641889798072	31.45503731187028	0.0012562919287431218
18.0	31.43703046089163	18.048308612299934	18.152580842385614	32.362080084422814	0.0
19.0	30.59531486863374	18.611127396376855	19.652593405304902	31.13970803775576	0.0012562919287431218
20.0	29.978056767644617	17.413462424308413	20.39631822712083	32.21216258092614	0.0
21.0	29.13592241141048	17.54537307682644	19.577634653556565	33.740651094230266	4.187639762477073E-4
22.0	28.579385086977275	18.41263327163544	20.639620097320748	32.36836154406653	0.0
23.0	29.810969941121783	17.158435162773557	19.864069213309996	33.165688154842165	8.375279524954146E-4
24.0	30.735182036700476	18.12117354416704	18.413470799587937	32.73017361954455	0.0
25.0	29.183242740726474	18.12452365597702	18.855685558505513	33.836548044790995	0.0
26.0	30.28877963802042	17.272757728289182	21.111567098551916	31.326476771162238	4.187639762477073E-4
27.0	28.699151584184122	18.351493731103275	19.767334734796773	33.18160118593958	4.187639762477073E-4
28.0	29.49187179122103	17.447801070360725	20.562986289667418	32.49650332079833	8.375279524954146E-4
29.0	29.388560157790927	18.148469201874395	19.221765767576645	33.24120487275803	0.0
30.0	29.335276455142782	17.748156337550412	19.391434350540848	33.524295304261884	8.375525040725991E-4
31.0	29.75002408044124	18.08085165191827	19.6404266635397	32.5282788138184	4.187902823902874E-4
32.0	29.25227617284675	18.737907177378148	19.16466341120204	32.84515323857307	0.0
33.0	29.44605925566045	17.504879335907724	19.578492389911293	33.470569018520536	0.0
34.0	29.11779981905304	17.90997888952183	19.3219515464263	33.649850886304996	4.188586938310492E-4
35.0	30.230274339959962	17.095362198412797	19.370407208296086	33.30353658075969	4.196725714597471E-4
36.0	30.778468760891382	17.05081315322049	18.959718157272608	33.210160111191826	8.398174236920893E-4
37.0	28.865671892591287	19.012031389154945	19.172085832871232	32.94937070457563	8.40180806909647E-4
38.0	30.768260588072078	17.980593789676366	19.222069939712945	32.02823485886775	8.408236708679822E-4
39.0	30.24463969216909	18.510270151936783	18.93252726989513	32.311720897727895	8.419882711033835E-4
40.0	29.012249241019965	19.309549847781753	19.883376753887795	31.79355743124844	0.0012667260620442425
41.0	29.515567854827157	17.62873622159031	20.263002877521007	32.59269304606153	0.0
42.0	27.928341169425224	18.947203003622864	20.26128800716928	32.86274309935485	4.247204277784148E-4
43.0	29.16214571711834	18.368458451941773	20.784028389435658	31.68494194037027	4.25501133960522E-4
44.0	29.237672747727594	18.746031543106497	20.581003396359886	31.434866169783902	4.2614302212108424E-4
45.0	28.98393576011646	18.991491886769094	19.666847387586607	32.357298065716954	4.268998108833838E-4
46.0	29.38810232208201	17.29720255805205	19.777025409527717	33.53766971033822	0.0
47.0	30.22059610158975	18.479149282153326	19.284934848193082	32.01531976806385	0.0
48.0	29.80415003169925	18.43011600212471	19.14934631003581	32.61638765614023	0.0
49.0	28.09383912679862	18.854459288486694	19.693350202646194	33.35749362039757	8.577616709197349E-4
50.0	29.187007941692166	18.64707601333929	19.19886891050985	32.96618764396466	8.59490494035136E-4
51.0	30.11046626941352	18.177349671878098	19.11902934556712	32.59315471314126	0.0
52.0	28.903630045997602	18.173596597129368	20.006577267751048	32.91576337413836	4.327149836217379E-4
53.0	31.03388357949609	18.024761077324065	19.516072980017377	31.425282363162466	0.0
54.0	29.55627889546867	18.65301907264337	19.56939487823052	32.21999991285061	0.001307240806829026
55.0	28.420045271409965	19.031908478338767	18.52413455571967	34.0239116945316	0.0
56.0	29.658492566211965	17.550661024522302	21.221997354149693	31.568411000429293	4.380546867470935E-4
57.0	27.768414399705055	18.821267742869935	19.191706387872085	34.218611469552926	0.0
58.0	30.353616865954535	17.19006301865053	22.744763471171055	29.71067710967356	8.795345503159728E-4
59.0	28.4469114139468	20.507982135535382	21.829300014549048	29.215806435968766	0.0
60.0	30.425473559415007	18.978208746582677	19.995664752669718	30.6006529413326	0.0
61.0	29.016869653279322	20.985795378834315	19.51292096403095	30.48174897174178	0.0026650321136369695
62.0	29.992941575904865	16.115096986320953	22.059362240111504	31.832152461960455	4.4673570222385033E-4
63.0	25.7548366207064	20.300315695744853	25.67703695708876	28.26781072645998	0.0
64.0	26.182568483543132	20.020633297436223	17.929701993647114	35.86483380240903	0.0022624229644980587
65.0	27.826514716733623	18.9185865376732	18.883514161041422	34.37092909914096	4.55485410802292E-4
66.0	27.254910041716467	18.61854848680505	17.922968783628463	36.20082517091845	0.0027475169315730906
67.0	32.97574282975743	14.168141266681413	17.507649487576497	35.34662316596623	0.0018432500184325002
68.0	34.19528959115444	15.308828748062234	22.920285388767486	27.57372854447993	0.0018677275359070618
69.0	31.81496059221804	16.618783578015915	20.538493214966337	31.027762614799702	0.0
70.0	32.509986099556116	15.909548933179687	22.464977599098795	29.1154873681654	0.0
71.0	25.60175772283072	19.871450121335343	25.647668393782386	28.87912376205155	0.0
