# Position (bp)	A	C	G	T	N
0.0	26.585952365250225	23.948463875800854	23.832976719987688	25.63260703896123	0.0
1.0	27.10333177009675	20.952927038375016	15.359837521097589	36.583903670430644	0.0
2.0	29.526361798170253	20.617065714116066	17.225283233657333	32.63128925405635	0.0
3.0	24.035420320608814	22.583087057886992	14.981462952460548	38.40002966904365	0.0
4.0	34.30636895348629	13.563018918715585	15.074648298493695	37.055963829304424	0.0
5.0	35.604303642861	15.15876496571265	23.853352267750484	25.383579123675865	0.0
6.0	32.42521959319752	17.42516008077819	20.884876429328088	29.264743896696206	0.0
7.0	35.902316620109644	17.5680051467561	20.174801709196682	26.354876523937577	0.0
8.0	23.31196074499783	26.729102824337343	23.17085527281561	26.788081157849213	0.0
9.0	27.56433674019045	19.360076688619117	15.22828201073848	37.84730456045195	0.0
10.0	27.392132214011543	16.53728056321333	24.5084350461618	31.562152176613328	0.0
11.0	28.169181295277124	19.438312630641207	19.247186207035465	33.145319867046204	0.0
12.0	25.622278642030356	21.09190335061025	20.115502924196132	33.17031508316327	0.0
13.0	26.93347457614187	21.304423725984066	19.447300531918952	32.31480116595511	0.0
14.0	30.600935046924782	19.08726565458931	19.93160954847775	30.380189750008164	0.0
15.0	30.166051857596244	18.70145732181295	20.508696900806836	30.62379391978397	0.0
16.0	29.28908295024121	18.59424340945735	18.653282781348015	33.46339085895343	0.0
17.0	30.04698124015947	18.122721933256365	20.15470482297802	31.675592003606145	0.0
18.0	32.32052351396726	17.981296009585467	19.25119948044132	30.44698099600595	0.0
19.0	30.87997199559181	18.908056974443536	19.871883494825624	30.34008753513903	0.0
20.0	30.366395076400217	17.786324168115566	20.151027260655546	31.696253494828674	0.0
21.0	29.499558539925356	19.309155421108354	19.62351833150371	31.567767707462586	0.0
22.0	30.57409341984913	18.70322743479804	22.9874196849382	27.73525946041463	0.0
23.0	29.71778600371663	20.575640742751617	21.599239095569924	28.107334157961834	0.0
24.0	34.139879211152206	19.372177547215475	17.38133452480249	29.106608716829836	0.0
25.0	30.416385508634335	20.914449523854866	19.501319497153627	29.167845470357168	0.0
26.0	31.469053389354357	17.09202786890299	23.04073670881672	28.398182032925934	0.0
27.0	27.026802257321325	21.202489633394343	24.41834239905854	27.35236571022579	0.0
28.0	27.664180268306403	19.722049534475545	19.216377085338063	33.39739311187999	0.0
29.0	28.68190367716557	20.620839662250233	17.400073307092935	33.297183353491256	0.0
30.0	27.37477533301307	19.138730823156607	15.843487641729926	37.6430062021004	0.0
31.0	34.64763944873806	14.796058246347805	18.320069869381097	32.23623243553303	0.0
32.0	34.36658467924465	15.302642204360053	23.2549592824604	27.07581383393489	0.0
33.0	31.492484751687076	17.546849260339005	20.847199876578582	30.113466111395333	0.0
34.0	33.024853414414444	16.968901420147272	21.615153818592177	28.39109134684611	0.0
35.0	27.343307933712126	20.430931791518947	25.477911097672383	26.747849177096544	0.0
