# Position (bp)	A	C	G	T	N
0.0	26.70393543371219	23.33863981340935	25.389656066047166	24.56776868683129	0.0
1.0	26.805263739909325	19.95281801761952	16.288842198385492	36.95307604408566	0.0
2.0	27.518725216625057	19.56968717873403	17.932148626817447	34.97943897782347	0.0
3.0	24.892186243695637	20.52847014107156	16.46078503033404	38.118558584898764	0.0
4.0	32.32246100141813	17.29391658485146	15.464892185738702	34.91873022799171	0.0
5.0	34.459116302691726	15.170862656896174	21.903794529492853	28.45897119640136	0.00725531451788435
6.0	31.11560839868454	16.858805247370896	21.56047847927433	30.457880091070074	0.007227783600159011
7.0	35.22400919012062	17.816628374497416	19.65824238943136	27.301120045950604	0.0
8.0	27.3932833948604	25.278663847173938	20.39711838285366	26.930934375112002	0.0
9.0	26.781563986126507	19.898451746701472	17.045088854721634	36.274895412450384	0.0
10.0	26.53717060629865	16.98207526958509	25.565950153538523	30.91480397057773	0.0
11.0	27.338565822333216	19.62540135569033	21.23082411701748	31.798073492686406	0.007135212272565109
12.0	27.552038779583686	20.808383233532936	19.01197604790419	32.624037639007696	0.0035642999714856007
13.0	26.765627224832695	22.219849067350136	19.411220276235227	31.603303431581946	0.0
14.0	30.35383739142816	19.8526270824434	19.389861882386445	30.40367364374199	0.0
15.0	29.421187526697995	17.976648156058666	20.564573544069486	32.03759077317386	0.0
16.0	30.76676633917129	17.795101808344015	19.75295457781575	31.68161754236081	0.003559732308130429
17.0	30.097536665242774	19.09440410081162	21.141250177986613	29.66324932365086	0.003559732308130429
18.0	32.98091983482842	18.774028193079882	17.8520575252741	30.389434714509466	0.003559732308130429
19.0	31.838245763918554	19.293749110066923	19.1976363377474	29.67036878826712	0.0
20.0	29.35711234515164	17.478285632920404	21.870995301153354	31.293606720774598	0.0
21.0	27.43485689876121	17.488964829844797	20.53609568560444	34.54008258578955	0.0
22.0	27.235511889505908	20.066211020931227	20.639327922540225	32.05894916702264	0.0
23.0	31.1298590346006	17.065356685177274	20.02349423323366	31.781290046988463	0.0
24.0	29.453225117471167	17.77374341449523	20.030613697849923	32.742417770183685	0.0
25.0	28.381745692723907	18.293464331482273	18.959134273102663	34.36565570269116	0.0
26.0	30.179410508329774	17.43200911291471	22.12017656272248	30.268403816033036	0.0
27.0	29.90887085291186	17.467606435996014	19.93094119322227	32.692581517869854	0.0
28.0	30.22212729602734	17.17214865442119	21.44738715648583	31.15833689306564	0.0
29.0	31.165456357681904	18.240068346860316	18.564003986900186	32.023351843941334	0.007119464616260858
30.0	29.80919834828421	16.940766054392707	19.421899473159616	33.821016659547205	0.007119464616260858
31.0	30.86397778647966	18.112562742515394	19.258837350040938	31.76462212096401	0.0
32.0	28.71586742141052	19.445334472569336	18.91487771013564	32.92392039588451	0.0
33.0	29.78708253222246	17.07256284269743	19.500818913337607	33.63953571174251	0.0
34.0	28.930033825885705	18.54014598540146	19.750756631653907	32.77906355705893	0.0
35.0	30.266956552731937	17.763837901414977	20.9038742559789	31.065331289874187	0.0
36.0	31.608970016756388	18.563941673499944	17.986380976148883	31.840707333594782	0.0
37.0	27.850900659889422	20.816836097734974	18.4019975031211	32.926698769395394	0.0035669698591046907
38.0	30.447814451382694	18.3764495985727	18.843889384478143	32.32827832292596	0.003568242640499554
39.0	31.283021562187635	18.149364558046553	18.613451377980866	31.95059260317007	0.0035698986148793373
40.0	28.399914242835706	20.038590723933396	18.863002930036448	32.698492103194454	0.0
41.0	28.641471619783836	17.357383150812396	21.694939517572116	32.30620571183165	0.0
42.0	27.581390351348446	19.23641703377386	21.188352852691523	31.990258228573477	0.003581533612692955
43.0	31.09828247696224	18.38717774032773	20.41306608340206	30.101473699307974	0.0
44.0	28.660089686098654	19.490582959641255	19.7847533632287	32.064573991031395	0.0
45.0	30.60073970340048	18.158641243850767	19.806815325505404	31.433803727243347	0.0
46.0	30.085506933965654	17.144499532945318	19.623482072285693	33.14651146080333	0.0
47.0	30.198785003055466	19.81020166073547	18.67428735756138	31.316725978647685	0.0
48.0	28.633078001941957	19.308087891538104	18.383860179091595	33.67497392742835	0.0
49.0	27.458883650627993	19.653075179040556	21.38410047864109	31.503940691690357	0.0
50.0	28.997514498757248	18.99427254061453	18.407117899211123	33.6010950614171	0.0
51.0	31.011973456433928	17.46249278707444	19.049336410848237	32.47619734564339	0.0
52.0	27.653661529577363	18.114555888403654	21.781499260114774	32.45028332190421	0.0
53.0	29.55309079085227	19.54189096426894	19.433505545720582	31.46789985187326	0.003612847284945265
54.0	31.16746861546254	18.910314388046743	18.588328931659493	31.33027025071452	0.0036178141167106832
55.0	28.499004164403402	18.917255114973745	18.920876335325005	33.65924316494659	0.0036212203512583745
56.0	30.674157303370787	17.99202609641174	21.725262776368247	29.60855382384922	0.0
57.0	27.660037741326754	20.340397735520394	18.830744665408623	33.165190884017996	0.003628973726230222
58.0	30.448054071732255	17.282604745811987	22.02114902431048	30.248192158145283	0.0
59.0	26.73469387755102	22.605685131195337	21.03862973760933	29.620991253644313	0.0
60.0	30.87751371115174	18.672760511883	19.95978062157221	30.489945155393055	0.0
61.0	27.762070864696163	20.697631723884708	19.552046998347713	31.988250413071416	0.0
62.0	31.363301400147385	15.902726602800296	21.558585114222552	31.17538688282977	0.0
63.0	25.74220774413267	20.733693640334643	25.04997408751018	28.474124528022504	0.0
64.0	25.99455650423176	22.922336974758583	17.452742254203795	33.62663584504679	0.003728421759069386
65.0	26.555005995203835	19.3382793764988	19.068495203836928	35.030725419664265	0.007494004796163069
66.0	27.23988711194732	18.366886171213547	19.412982126058324	34.980244590780806	0.0
67.0	34.11924733620494	14.830348371495502	17.902214161565784	33.148190130733774	0.0
68.0	34.121518212427304	16.421793694520968	22.19161310070401	27.261248852157944	0.0038261401897765534
69.0	32.215503023639364	17.466425822665517	20.336919814654834	29.98115133904029	0.0
70.0	30.32192819821338	16.58941513568178	25.627844260913534	27.460812405191305	0.0
71.0	25.045439965786382	19.57660643643751	24.302362878220894	31.075590719555223	0.0
