# Position (bp)	A	C	G	T	N
0.0	26.144045506778486	24.0452870501815	23.94120384430366	25.869463598736353	0.0
1.0	26.543738286880643	20.154249250602323	15.419078718570844	37.88293374394619	0.0
2.0	28.820518480488783	18.90624840624566	18.498338833938057	33.7748942793275	0.0
3.0	22.90872926535715	22.466731878538575	15.210525311174894	39.41401354492938	0.0
4.0	34.35898870404848	13.263622440169703	14.687181342654496	37.690207513127326	0.0
5.0	35.020067031255635	14.972404891368274	23.056344522461117	26.95118355491497	0.0
6.0	30.927963450798536	17.486842488734222	20.904221054814784	30.68097300565246	0.0
7.0	34.81718407368389	17.190843409835157	20.05929913994422	27.932673376536734	0.0
8.0	22.154529319121092	27.260497093918705	22.711567984842087	27.873405602118112	0.0
9.0	27.927458857905414	18.532137836325017	15.525111827900497	38.01529147786907	0.0
10.0	26.130841551427764	16.33588452677198	25.59092323509781	31.942350686702444	0.0
11.0	28.216466038389047	18.00233490200168	19.565553491094086	34.21564556851518	0.0
12.0	26.112362029260638	19.60136246615627	21.42998567771687	32.85628982686622	0.0
13.0	26.24103909804249	20.80079323414247	18.771783520892644	34.18638414692239	0.0
14.0	30.684449351406673	18.437034948906213	20.462385350835817	30.416130348851294	0.0
15.0	29.885373379790902	18.442654605576557	19.924335897072982	31.74763611755956	0.0
16.0	29.603109787311677	17.650243808151195	18.950161878784527	33.796484525752604	0.0
17.0	30.450710840827405	17.827563579554013	19.81998017960161	31.901745400016964	0.0
18.0	30.84745860175362	17.554552817127355	19.006841997340988	32.591146583778034	0.0
19.0	29.702146434399722	18.451619918311103	19.953074559905737	31.893159087383438	0.0
20.0	29.71849571461972	17.706806305986646	19.99046488021702	32.584233099176615	0.0
21.0	28.922817674944163	18.465682128955958	19.720303153032532	32.89119704306735	0.0
22.0	29.898285521163693	18.858848992375957	22.530170695111014	28.712694791349335	0.0
23.0	29.59430130220514	20.41508875202193	21.113847317587577	28.876762628185347	0.0
24.0	32.20563813619251	19.538370035572427	18.25802928050229	29.997962547732776	0.0
25.0	29.39493418009797	21.11682704251976	19.318641459762016	30.16959731762025	0.0
26.0	32.09342796835166	16.830192141289146	21.86676369069253	29.20961619966666	0.0
27.0	26.27607700393363	21.157693708585253	24.929071437990423	27.637157849490695	0.0
28.0	26.234034130658063	19.947402627359388	18.47730044239767	35.341262799584875	0.0
29.0	27.84349073207529	19.93202045084545	17.450706789447015	34.773782027632244	0.0
30.0	26.557084522787903	19.327666724191705	16.230990877087496	37.88425787593289	0.0
31.0	34.30615245382423	14.260671708544661	18.004801767702496	33.428374069928616	0.0
32.0	34.316141448662776	15.775506279414591	22.551799925908877	27.35655234601375	0.0
33.0	31.29953377363504	17.666893860946598	20.781462131885	30.252110233533365	0.0
34.0	33.10230837816228	16.51925616321371	22.013240755504995	28.365194703119016	0.0
35.0	26.12023109546887	20.498074980330816	25.648133405958017	27.733560518242296	0.0
