# Position (bp)	A	C	G	T	N
0.0	26.11292536610798	24.044541762817904	23.79607010002662	26.046462771047494	0.0
1.0	26.464717014985705	20.128003035775542	15.408760714754651	37.9985192344841	0.0
2.0	28.84457502517125	18.88401868968729	18.34610179687805	33.92530448826341	0.0
3.0	22.938519977722198	22.454670558500943	14.989738026919191	39.617071436857664	0.0
4.0	34.28923223577075	13.071165490885086	14.624238935052631	38.01536333829154	0.0
5.0	34.95505182226539	14.767538474689148	23.063292454362628	27.214117248682832	0.0
6.0	31.029429872153013	17.243649152432436	20.89396417997742	30.832956795437127	0.0
7.0	34.80349394186255	16.99461193509696	20.13143371338925	28.070460409651243	0.0
8.0	22.21297368192497	27.05257128659426	22.87051328986382	27.863941741616948	0.0
9.0	27.665036285060623	18.481098347300964	15.494823016194978	38.359042351443435	0.0
10.0	26.16222406918183	16.234074096061686	25.34354273237885	32.26015910237763	0.0
11.0	28.187200899733178	17.88888943857925	19.486028520134607	34.437881141552964	0.0
12.0	26.038584965089168	19.620578977861772	21.29376772064296	33.047068336406106	0.0
13.0	26.329838402028138	20.67946125947254	18.715472574298897	34.27522776420043	0.0
14.0	30.696180091754314	18.31513308553292	20.332840261080936	30.655846561631833	0.0
15.0	29.89804343213468	18.46396175034603	19.836868392034766	31.801126425484526	0.0
16.0	29.691194949884732	17.499626210555594	18.850064258803016	33.95911458075666	0.0
17.0	30.37685121970794	17.812262602476025	19.795339285380546	32.015546892435495	0.0
18.0	30.95144255241023	17.588153842940272	18.869234710087806	32.5911688945617	0.0
19.0	29.70787805229314	18.31408867385002	19.962087855910767	32.01594541794607	0.0
20.0	29.729439656641414	17.782373189182536	19.797084552271706	32.69110260190435	0.0
21.0	29.027759912841095	18.40845676630354	19.69338546596702	32.87039785488834	0.0
22.0	29.87862562018815	18.903054409451155	22.351317003132134	28.86700296722856	0.0
23.0	29.789300936782308	20.26678122213757	20.96722416262919	28.97669367845093	0.0
24.0	32.59515414966749	19.31644904425337	18.127207693906023	29.961189112173116	0.0
25.0	29.563350714542498	21.015294584560518	19.32110767004946	30.10024703084752	0.0
26.0	32.35908962481434	16.637945345386942	21.774059672186656	29.228905357612057	0.0
27.0	26.274635747683327	21.213169371692924	24.94287342939722	27.569321451226525	0.0
28.0	26.44460000681616	19.664664144687297	18.398095103028464	35.49264074546808	0.0
29.0	28.040337377954998	19.775715339549233	17.336107070886968	34.8478402116088	0.0
30.0	26.563713250721687	19.02887901553291	16.061002728144828	38.34640500560057	0.0
31.0	34.30413116649073	14.075198717642337	18.035654935941515	33.58501517992542	0.0
32.0	34.31808607810343	15.612052102319412	22.52061445034389	27.54924736923327	0.0
33.0	31.243327777446456	17.50372881317607	20.73970552197873	30.51323788739875	0.0
34.0	33.2981719040407	16.3858834623909	21.95968051596123	28.356264117607168	0.0
35.0	26.222470168744465	20.418727597552895	25.619741725694794	27.739060508007846	0.0
