# Position (bp)	A	C	G	T	N
0.0	25.534803800768934	23.79136075588755	24.43194761059801	26.24188783274551	0.0
1.0	25.785445280165533	19.43476837976703	15.795229560089119	38.98455677997832	0.0
2.0	27.785138214254967	18.99379497058002	18.65443164191214	34.56663517325288	0.0
3.0	22.507571907166717	22.05067075723785	15.414224760038241	40.02753257555719	0.0
4.0	33.49323130263062	13.388679753375934	14.703697677941282	38.414391266052164	0.0
5.0	34.504856061575815	14.857207029472939	22.95959196270735	27.678344946243893	0.0
6.0	30.142076652309836	17.613098330478458	21.082027118941447	31.162797898270256	0.0
7.0	34.36170173382495	17.304213118456143	19.787713494438126	28.546371653280783	0.0
8.0	22.16717517439719	27.12311466322997	22.119127111526137	28.590583050846696	0.0
9.0	27.440480924874166	18.565735594752113	15.815239212155364	38.17854426821835	0.0
10.0	25.51187229154708	16.43867488760085	25.322933352748507	32.72651946810357	0.0
11.0	27.606669111512456	17.76095578288109	19.42886188689219	35.203513218714264	0.0
12.0	26.137136553088286	19.121984754079293	21.271100677575287	33.46977801525714	0.0
13.0	25.923909952343454	20.641820257615247	18.612190656239164	34.822079133802134	0.0
14.0	30.309756875455673	17.84069559863814	20.63009711362733	31.219450412278853	0.0
15.0	29.668461635197975	17.77511330222344	19.924094605884164	32.632330456694426	0.0
16.0	29.49747200776846	17.636488526856265	18.45895962874542	34.407079836629855	0.0
17.0	29.83024102223123	17.95278904813792	19.603127263646552	32.61384266598429	0.0
18.0	30.21140586747283	17.403304535532964	18.643085908433157	33.74220368856105	0.0
19.0	29.505403359729666	17.935883040492186	19.611193235443025	32.94752036433512	0.0
20.0	29.689911062283997	17.372667304689898	19.720672816474686	33.216748816551416	0.0
21.0	28.83004930114917	18.128153820213637	19.362898167610894	33.67889871102629	0.0
22.0	29.492939806647772	18.906727637485833	22.2062149266249	29.39411762924149	0.0
23.0	29.82946695817844	20.011126329384897	21.030804271621992	29.12860244081467	0.0
24.0	31.785179051672813	19.4912806171781	18.28287688421494	30.440663446934153	0.0
25.0	28.7048977276284	21.054418834391914	19.429400366233263	30.811283071746427	0.0
26.0	31.97718059172373	16.598580815259968	21.29757591184465	30.126662681171656	0.0
27.0	25.769153233383342	20.734158246289457	25.295818674261618	28.200869846065586	0.0
28.0	25.986923253568463	19.301074008264088	18.42015546122943	36.291847276938014	0.0
29.0	27.628645799619946	19.634751706614917	17.239449759372654	35.497152734392486	0.0
30.0	25.975857389944302	19.157581315220735	16.749018615702756	38.117542679132214	0.0
31.0	33.426285057397045	14.156279676476528	17.875627929268944	34.541807336857474	0.0
32.0	33.909916137955356	15.531306572564462	22.46279931332298	28.0959779761572	0.0
33.0	30.296457002700517	18.0319185149061	20.811340407193903	30.860284075199484	0.0
34.0	33.11357896485422	16.616123410591776	20.951168127385415	29.319129497168582	0.0
35.0	25.312071271423246	20.662936188893298	25.297534037893936	28.727458501789517	0.0
