# Position (bp)	A	C	G	T	N
0.0	25.77470002830949	25.00598854554561	23.98103990186044	25.23827152428446	0.0
1.0	25.92423219587262	20.350892474757373	14.655604189804228	39.06927113956578	0.0
2.0	27.835365632503244	19.21048622848314	18.67152193940097	34.28262619961264	0.0
3.0	23.490935460478607	22.96229151559101	15.551849166062365	37.99492385786802	0.0
4.0	33.136854010788234	13.958732092106027	14.786700307406765	38.11771358969898	0.0
5.0	34.583375621638076	15.702251670992156	23.027069347986835	26.68730335938293	0.0
6.0	32.508844168648146	17.884068897523633	20.398857507394304	29.208229426433913	0.0
7.0	34.33370303517967	17.47529884232579	19.934178573240835	28.25681954925371	0.0
8.0	23.237961305101088	26.450696261716118	22.11944820987162	28.191894223311177	0.0
9.0	29.356162198993868	18.741754497876105	15.604476854603707	36.297606448526324	0.0
10.0	26.935148339023346	16.793876530323786	24.340212088923682	31.930763041729183	0.0
11.0	27.732718693600646	18.36598606913247	20.1004588053665	33.800836431900386	0.0
12.0	26.06937337836467	19.798083752482277	21.231645624664804	32.900897244488256	0.0
13.0	26.97815657114696	20.851995187778115	18.321955037613602	33.84789320346132	0.0
14.0	30.54468504507638	18.29724323854248	20.02855320752529	31.129518508855842	0.0
15.0	29.529544762815775	18.967491340203196	18.804440772787224	32.698523124193805	0.0
16.0	29.45084883308094	17.01071638179012	18.85039815089883	34.68803663423011	0.0
17.0	30.03911909591423	18.14836279339322	20.23688785859171	31.57563025210084	0.0
18.0	30.85308262834627	17.53679453007301	18.569648858500408	33.04047398308031	0.0
19.0	29.916714947856317	18.132242178447278	19.605301274623407	32.345741599073	0.0
20.0	30.60391020999276	17.90007241129616	19.27009413468501	32.22592324402606	0.0
21.0	30.071317380443833	17.51945842232922	19.84940086160084	32.559823335626106	0.0
22.0	28.66699487417104	18.307462859459616	19.873447047580434	33.152095218788915	0.0
23.0	29.395709807498786	17.34248419955259	20.478682970266924	32.7831230226817	0.0
24.0	30.69550613852212	18.511842714848274	18.40760365994904	32.38504748668056	0.0
25.0	29.545849378926945	17.78020673480615	18.97385412745751	33.70008975880939	0.0
26.0	31.36567958248583	17.791402161403102	20.041838278405514	30.80107997770555	0.0
27.0	29.316984191325496	18.074294979442932	19.515461231107764	33.0932595981238	0.0
28.0	29.910174656369204	17.46346547768119	19.889690714187484	32.73666915176213	0.0
29.0	29.507983150702778	17.882112820809752	19.923135937929736	32.686768090557734	0.0
30.0	29.886005862555642	17.667281873122715	19.595411283610176	32.851300980711464	0.0
31.0	29.49444504758803	18.207939782144535	19.74161328845945	32.55600188180799	0.0
32.0	30.212291635000255	18.042255661954705	19.564414913252122	32.181037789792924	0.0
33.0	31.006528756930468	17.604481825156704	19.660823115563343	31.728166302349486	0.0
34.0	29.94209612044007	17.64982628836132	19.88563983786914	32.52243775332948	0.0
35.0	30.017805700719467	18.21103374397429	19.67168025014838	32.09948030515786	0.0
36.0	30.210052404528216	17.454182228784852	19.209444396189816	33.12632097049712	0.0
37.0	28.655186640898133	19.113591452954335	19.18742264011639	33.04379926603114	0.0
38.0	30.115964269685698	17.878910717646548	19.546711450204857	32.4584135624629	0.0
39.0	28.616204243244614	18.826050134275313	19.94513170562219	32.61261391685789	0.0
40.0	30.355565850621808	18.09969163059372	19.91009511676053	31.634647402023948	0.0
41.0	29.711026175584898	17.807505211952744	21.101169793838316	31.38029881862405	0.0
42.0	30.19791229314763	18.668471572729512	19.67251089458673	31.46110523953613	0.0
43.0	29.81141636804575	18.400839758207553	19.443298222753103	32.34444565099359	0.0
44.0	29.209017461558513	18.349839284162975	20.665016071583704	31.776127182694815	0.0
45.0	29.305426850457543	19.094607899918916	19.73169813506313	31.868267114560407	0.0
46.0	30.16441867031559	17.740709367737452	19.31611679445132	32.77875516749564	0.0
47.0	29.73117773546383	18.118171747960123	19.93035092418966	32.22029959238639	0.0
48.0	30.316611038307546	18.699092811271438	19.34129265343653	31.643003496984484	0.0
49.0	29.217558771783754	18.35735850969092	19.04879125971083	33.3762914588145	0.0
50.0	29.741666425323643	18.611167424483767	19.889078745402415	31.758087404790174	0.0
51.0	30.163993773304853	18.740180284545488	19.290446367157806	31.805379574991854	0.0
52.0	29.5516747035058	18.4977627177549	19.34923324210435	32.601329336634954	0.0
53.0	31.14668636097052	17.819000658890314	19.897763393212706	31.13654958692646	0.0
54.0	30.496705524581856	18.191296792411844	19.70820360582145	31.603794077184855	0.0
55.0	29.302729708203607	17.91108536673666	18.63586995872855	34.15031496633119	0.0
56.0	29.369130626814666	18.425034935667686	20.367675275684054	31.838159161833595	0.0
57.0	28.75451642566995	18.057013764689696	19.390038158818886	33.79843165082146	0.0
58.0	29.743389231615836	18.042401598748807	19.154574680684682	33.05963448895068	0.0
59.0	29.46828770247862	17.515441597091982	20.565383306420664	32.45088739400873	0.0
60.0	29.49963794351919	18.238233164373643	19.813902968863143	32.44822592324403	0.0
61.0	30.339763642683348	17.63483373884834	19.50816823079597	32.517234387672346	0.0
62.0	28.996285219809266	18.224146795368473	19.799126700797267	32.980441284025	0.0
63.0	29.342843694558095	17.932582642383863	19.95727578840653	32.767297874651504	0.0
64.0	28.524461952900964	18.494916432523244	19.802016047272833	33.17860556730296	0.0
65.0	30.192190713437416	17.81131419633288	20.483445818729543	31.513049271500158	0.0
66.0	30.17546654693712	18.166544764608332	20.533134427796565	31.12485426065798	0.0
67.0	29.16630456823383	17.905767503838245	19.307088438921234	33.62083948900669	0.0
68.0	30.014194875360307	17.856573820594157	20.113993539883253	32.015237764162286	0.0
69.0	29.580810568092936	17.656218314551406	19.81951968481126	32.94345143254439	0.0
70.0	28.183846109276317	18.178921142592273	20.04823570311142	33.588997045019994	0.0
71.0	29.373293450471134	17.509831898081423	21.017447545103607	32.09942710634384	0.0
72.0	29.830660698506513	17.706024654875204	20.04910694885055	32.414207697767736	0.0
73.0	30.030058305870423	17.477275196465435	19.241661536232936	33.25100496143121	0.0
74.0	29.59220628712154	18.0225988700565	20.678690424453137	31.706504418368826	0.0
75.0	30.675290998775885	17.682295250581273	19.484423326259062	32.157990424383776	0.0
76.0	28.873887251102786	18.197292461918455	19.32869280524993	33.600127481728826	0.0
77.0	28.998167423600396	17.84842492593639	21.630196223299073	31.523211427164142	0.0
78.0	29.967042120893844	17.624135308391583	18.61069863460215	33.79812393611242	0.0
79.0	30.198765682496447	17.413728160403327	19.3934169733144	32.99408918378582	0.0
80.0	30.97885533397562	18.07981224058124	19.815427855326732	31.125904570116408	0.0
81.0	30.20420581396191	18.737096785877274	19.43975602512188	31.618941375038933	0.0
82.0	29.869029164191645	17.86650826536082	18.61625834866639	33.64820422178115	0.0
83.0	29.705021587319987	18.273159282547592	19.94798759815711	32.07383153197531	0.0
84.0	31.06445864302169	18.098839483635416	18.77689398878602	32.059807884556875	0.0
85.0	29.559844105417195	17.194042392894914	18.931194853740166	34.31491864794773	0.0
86.0	30.827296435815704	17.32758620689655	19.91451753115039	31.930599826137353	0.0
87.0	29.70601871975427	18.750181112173635	19.952041496421224	31.591758671650872	0.0
88.0	29.893867497373854	17.696960915709784	18.937950519795706	33.47122106712066	0.0
89.0	29.628636837834705	18.478323866929408	20.140981801321434	31.752057493914453	0.0
90.0	30.23567511175188	18.66926515442407	19.32057755978816	31.77448217403589	0.0
91.0	29.81445659182624	18.439870460127366	19.275214269671874	32.47045867837452	0.0
92.0	29.131074256815992	18.300838278233023	20.48094130603314	32.08714615891785	0.0
93.0	30.053108629971238	18.45832820118969	19.47413037335439	32.01443279548468	0.0
94.0	29.840819017671482	17.404850056876228	19.821184039878567	32.93314688557373	0.0
95.0	30.26939296013448	18.2293100699929	20.739924935151507	30.761372034721113	0.0
96.0	30.187230095933685	18.749094281656667	19.136017157928293	31.92765846448135	0.0
97.0	29.758281888531428	18.441874619598295	19.546850998463903	32.25299249340637	0.0
98.0	28.472886415673997	18.01510013622004	21.28293191896357	32.2290815291424	0.0
99.0	29.50540532707301	18.63750978175811	19.262093151320176	32.59499173984871	0.0
100.0	29.557576065423884	18.540879042733057	19.655465172811645	32.246079719031414	0.0
101.0	29.66580192278346	18.48953223895998	20.3527283032853	31.49193753497126	0.0
102.0	29.88884764046907	17.999111945785017	19.80506482067856	32.30697559306736	0.0
103.0	29.359424116227	17.407064349322813	19.430242650115602	33.80326888433459	0.0
104.0	30.394808004326663	17.88183532369579	19.818601727741804	31.904754944235748	0.0
105.0	30.278992433731055	18.09605426032946	19.435716012217362	32.18923729372212	0.0
106.0	29.18003421112522	17.805202146637985	19.856401371381587	33.15836227085521	0.0
107.0	29.500610626370232	18.106175418977973	20.397863543398614	31.99535041125318	0.0
108.0	29.470323203869892	18.910707833435342	19.978467823406657	31.640501139288112	0.0
109.0	28.65883396142762	18.452671248060298	19.892854503805513	32.99564028670657	0.0
110.0	29.435012359567192	17.583889637206	21.02310572980654	31.95799227342027	0.0
111.0	28.806044294177397	18.777201918870627	19.98279837770907	32.433955409242905	0.0
112.0	29.114779920943917	17.81436680833358	18.89024281510982	34.18061045561269	0.0
113.0	30.32678862605821	17.61337830492826	20.45835287810762	31.60148019090591	0.0
114.0	30.284238883043425	18.17890110218123	18.863193713761223	32.67366630101412	0.0
115.0	29.295785182691947	17.26840943939564	20.40315643816149	33.03264893975093	0.0
116.0	30.175167593995113	17.654733874233266	20.372980998515274	31.797117533256348	0.0
117.0	30.194778346601716	18.10965021086579	19.68080707847515	32.01476436405734	0.0
118.0	29.723233190918613	18.06632456993015	19.531915214262572	32.67852702488867	0.0
119.0	30.673966396073247	17.660562582593922	19.787804417594863	31.877666603737964	0.0
120.0	29.523124668836576	18.0894708954659	19.691923397169024	32.6954810385285	0.0
121.0	29.78457103845862	17.366305089888492	19.771675642873397	33.07744822877949	0.0
122.0	29.777740616306115	17.887167637087824	20.203256358412258	32.1318353881938	0.0
123.0	28.794642857142854	18.594588005850802	19.492016089712337	33.118753047294	0.0
124.0	29.018160703507608	17.925386020001987	19.20358782766814	33.852865448822264	0.0
125.0	28.83302558287426	18.216017836756897	20.214991150578086	32.73596542979075	0.0
126.0	29.607684918347744	17.949663784822288	19.6418828049952	32.80076849183477	0.0
127.0	29.857670167759636	17.66061231881266	18.780294215105304	33.7014232983224	0.0
128.0	29.345658592385337	17.60600392635761	21.07248303473435	31.9758544465227	0.0
129.0	30.440309092177365	17.899909318493602	18.94080900304597	32.718972586283066	0.0
130.0	29.96603952470877	17.644681727399185	19.509787921883134	32.879490826008904	0.0
131.0	30.41663096730978	17.76581741142016	20.157025243988876	31.66052637728119	0.0
132.0	30.74790946071504	18.105514651342553	18.853502190088776	32.293073697853636	0.0
133.0	29.91679777083774	17.9804478675026	20.04210987703603	32.06064448462364	0.0
134.0	30.78003609825002	17.25731774307463	20.213450521855137	31.749195636820215	0.0
135.0	29.702510680818587	17.865881964169102	20.401740402999284	32.02986695201303	0.0
136.0	28.546285407606764	18.48653938738625	19.675145813437727	33.29202939156926	0.0
137.0	30.604635698679584	17.824799721351443	23.10487318324309	28.46569139672588	0.0
138.0	30.47128819833345	19.933433421506248	19.749938437830153	29.845339942330146	0.0
139.0	30.59516503136433	18.93018547596464	19.627613361921235	30.847036130749792	0.0
140.0	28.871393174006876	21.23011749660299	19.961633762289186	29.93685556710095	0.0
141.0	31.15579097516608	16.9790606543846	21.01867953104841	30.84646883940091	0.0
142.0	26.867003150517586	19.68671638912107	24.336140937439723	29.110139522921624	0.0
143.0	27.190902492136466	18.97814339866118	19.132994596338413	34.69795951286394	0.0
144.0	27.87370737785833	19.28050102762449	18.660689722136812	34.18510187238037	0.0
145.0	27.087291920422253	19.69305724725944	16.712139667072677	36.50751116524564	0.0
146.0	33.31648623972871	14.133624625016303	19.661373418547022	32.888515716707964	0.0
147.0	34.08778415406275	16.230435462756365	21.97320862527479	27.708571757906093	0.0
148.0	31.858697021884318	16.78077876254883	20.836728693241483	30.523795522325365	0.0
149.0	32.76623236782599	16.929578981371808	23.257420767380925	27.046767883421268	0.0
150.0	27.29069859916609	18.545995750917417	26.419295833854058	27.744009816062444	0.0
