# Position (bp)	A	C	G	T	N
0.0	23.277002478060776	27.485979392968268	34.21214436101433	15.024873767956626	0.0
1.0	23.278865681653034	23.06646047213579	14.542304037562184	39.11236980864899	0.0
2.0	25.86267900705786	22.15683718505	16.89230711931321	35.08817668857893	0.0
3.0	19.07554264864664	25.190811273688524	12.662422279310473	43.07122379835437	0.0
4.0	35.846142394581115	10.741002642450407	12.145967471807658	41.26688749116082	0.0
5.0	39.091856095836896	12.574872577104804	24.539603407864877	23.793667919193425	0.0
6.0	33.2688552031991	16.899469915372453	22.031061099228122	27.80061378220032	0.0
7.0	37.429325993155786	17.426722213956257	20.48802261568219	24.655929177205774	0.0
8.0	19.447647387018783	33.24902361911847	22.25404500650921	25.049283987353544	0.0
9.0	28.569037656903767	17.83356578335658	13.257089725708973	40.340306834030685	0.0
10.0	25.62247801104561	15.772542164866021	28.47871766740428	30.126262156684085	0.0
11.0	27.548952154266694	17.637651784220022	18.67898915893412	36.13440690257917	0.0
12.0	24.502584700063224	19.93380192643832	22.47573357134888	33.08787980214958	0.0
13.0	24.799181851989587	23.51059873558944	17.471178876905913	34.21904053551506	0.0
14.0	31.74550052060092	19.027963706678566	19.7177599286033	29.508775844117206	0.0
15.0	29.628115300983143	18.339621238872265	19.97509617707733	32.05716728306726	0.0
16.0	31.498652791972496	17.084456006689585	17.671652884883397	33.74523831645452	0.0
17.0	30.12039239001189	18.4657401902497	19.119723543400713	32.29414387633769	0.0
18.0	32.163557999554136	17.360853087612398	18.691015828193507	31.784573084639966	0.0
19.0	30.89811460945481	18.428531624407913	19.147394817497908	31.52595894863936	0.0
20.0	31.36340842820794	17.642033319094406	18.10820348048957	32.88635477220809	0.0
21.0	30.85094528841511	16.318760910745457	19.637484678527652	33.19280912231178	0.0
22.0	29.43230143549555	18.743152147672195	19.6252483797285	32.19929803710375	0.0
23.0	29.075446121850224	17.854158542699572	19.81690899299946	33.25348634245074	0.0
24.0	30.348157088478324	18.37712375823972	18.525670782657137	32.74904837062483	0.0
25.0	29.658924228077016	18.23650643346516	19.272544978555118	32.832024359902704	0.0
26.0	31.880210170624384	17.535879393253005	19.23840998124803	31.345500454874585	0.0
27.0	29.25864725868439	18.371363324112068	19.541040827314752	32.82894858988879	0.0
28.0	30.345506191634332	17.728310714219408	19.76310268644524	32.16308040770102	0.0
29.0	29.649295434713995	18.270426823608044	18.95178508438074	33.128492657297215	0.0
30.0	29.910515372048117	17.185875538392988	18.975568097430564	33.928040992128324	0.0
31.0	30.627552914964724	17.810991459339025	20.313776457482362	31.24767916821389	0.0
32.0	29.71297018306041	18.207641751141807	19.314173257584198	32.765214808213585	0.0
33.0	29.776094463629278	17.982993576176153	20.17934722067506	32.06156473951951	0.0
34.0	30.03248862897986	17.85389399424487	19.998143506915437	32.115473869859834	0.0
35.0	30.084470435347626	17.58098951081407	18.310591293047434	34.023948760790866	0.0
36.0	30.456494699909037	16.772792247572728	18.62550355505226	34.145209497465984	0.0
37.0	28.182560903149138	19.481580510992274	18.473336304218655	33.862522281639926	0.0
38.0	29.506674836146235	18.427746523329432	19.526912865073616	32.53866577545072	0.0
39.0	29.029502961436343	18.594849514472976	20.657643105144917	31.718004418945767	0.0
40.0	30.468445385172394	17.887446851965315	19.916819844408547	31.72728791845374	0.0
41.0	29.643314703752534	18.084928607237686	20.483873962530406	31.78788272647938	0.0
42.0	29.83882947118241	18.26166072489602	19.800950683303626	32.09855912061794	0.0
43.0	30.26218062982769	18.998811645870468	19.964349376114082	30.77465834818776	0.0
44.0	29.76827094474153	18.387923351158644	19.7842394533571	32.05956625074272	0.0
45.0	30.47772888468037	18.550288716834697	19.753430253068196	31.218552145416734	0.0
46.0	30.413309072004157	17.89520591184225	19.634966021760928	32.05651899439266	0.0
47.0	29.283327144448567	18.310434459710358	19.010397326401783	33.395841069439285	0.0
48.0	30.203672416033868	18.005607025491543	19.338668052951117	32.452052505523476	0.0
49.0	28.50803906279009	20.168207641751142	19.13408339831421	32.189669897144555	0.0
50.0	30.13942780758591	18.398529602881382	18.738280452258508	32.7237621372742	0.0
51.0	30.12699119973265	18.17236641788274	19.902714344064464	31.79792803832015	0.0
52.0	29.31031281908475	18.225192611157524	19.582289055973266	32.88220551378446	0.0
53.0	31.217510767859796	17.59245507203327	18.929154908658845	32.260879251448095	0.0
54.0	30.044743144644748	18.211016839017507	19.731541132131518	32.01269888420622	0.0
55.0	29.090470267159276	18.12004530011325	18.886805413734844	33.90267901899263	0.0
56.0	30.310231513283703	17.774724764680762	18.988916324749827	32.926127397285704	0.0
57.0	28.26482492295125	17.89944673424678	19.90085774757714	33.93487059522484	0.0
58.0	29.640562920054954	18.20207196167985	18.97255950391742	33.18480561434778	0.0
59.0	29.518027551891873	17.59310831383907	19.683635958560767	33.20522817570829	0.0
60.0	29.739514676667717	17.665843560275523	19.91051038785021	32.68413137520655	0.0
61.0	29.58541430719816	17.77352815580847	19.74527023263586	32.89578730435751	0.0
62.0	29.668962700284062	18.076159001875197	19.422216446037023	32.83266185180372	0.0
63.0	28.976439353149775	17.70111954846735	20.326395722322275	32.9960453760606	0.0
64.0	29.745084569540115	18.71298342028555	19.79354263752994	31.748389372644397	0.0
65.0	29.659679545496743	17.463470785911884	19.966209316574144	32.910640352017225	0.0
66.0	30.26178982547345	18.005941329372448	20.410323059784627	31.321945785369476	0.0
67.0	29.14036390642406	18.018937987374674	19.970293353137762	32.8704047530635	0.0
68.0	30.584281762314102	17.45418763112456	19.398080243589984	32.56345036297135	0.0
69.0	29.866874617055643	17.3100131825693	19.66059525798845	33.1625169423866	0.0
70.0	28.877253569505562	16.83284130785941	20.371711320299298	33.91819380233573	0.0
71.0	29.497939024843106	18.59890824018716	19.057521630955478	32.84563110401426	0.0
72.0	30.16822013442757	17.689108396152847	20.580043818931262	31.562627650488324	0.0
73.0	30.58412863455754	17.910059786846894	18.816146162130046	32.689665416465516	0.0
74.0	30.010397712503252	18.541349474544173	19.183779568494934	32.26447324445765	0.0
75.0	30.51284907902555	17.166146761734996	18.575460487225193	33.745543672014264	0.0
76.0	29.39931297001207	17.97047627889704	19.539504224306008	33.090706526784885	0.0
77.0	29.159780893138986	17.457989044656948	20.206108996379164	33.1761210658249	0.0
78.0	29.321325782192925	17.74951258007613	18.776343886361527	34.15281775136942	0.0
79.0	30.368582304335717	17.972333116702256	18.093027574041407	33.566057004920616	0.0
80.0	30.23488998236004	18.653792591217158	19.106861015690278	32.00445641073252	0.0
81.0	30.507121237442668	18.49107756299556	18.921879932408594	32.079921267153175	0.0
82.0	30.471840008913155	18.34623883534808	18.895883237702634	32.286037918036136	0.0
83.0	30.159879672441647	18.860602009173117	18.923736839173305	32.05578147921193	0.0
84.0	30.344276907078658	17.782069375324966	18.359578102948824	33.51407561464755	0.0
85.0	30.10325360273362	17.681250928539594	18.9143515079483	33.30114396077849	0.0
86.0	29.773799353712437	17.774765070757343	19.453627010362887	32.99780856516733	0.0
87.0	29.913641006593	17.84381093880583	20.607298727829882	31.635249326771287	0.0
88.0	30.43736651499675	18.423251926827003	18.090816231776397	33.04856532639985	0.0
89.0	30.4384971119737	19.53271548762142	19.057259068031126	30.971528332373754	0.0
90.0	31.10326894502229	18.707280832095098	18.686849925705793	31.50260029717682	0.0
91.0	30.028418061256712	18.50517283010457	19.55088318876651	31.915525919872213	0.0
92.0	28.925128624231505	17.94424116346886	19.144114860974387	33.986515351325245	0.0
93.0	29.605483116014707	18.1990415691519	19.53638693859356	32.65908837623983	0.0
94.0	30.356446310158443	17.98948678418188	19.170830469751284	32.48323643590839	0.0
95.0	31.340899381466276	17.904043687426864	18.710180730724225	32.04487620038264	0.0
96.0	29.77134684324907	19.126251462748666	18.556011664840167	32.5463900291621	0.0
97.0	29.20907942640612	18.35574708373579	19.607697451519428	32.82747603833866	0.0
98.0	29.7668802823442	17.581499024797996	19.816104764558375	32.835515928299436	0.0
99.0	29.3637967864772	18.64214730194112	19.652642333054704	32.34141357852698	0.0
100.0	30.500233754090694	18.810659186535762	19.620383356708743	31.068723702664798	0.0
101.0	30.610784756740472	18.950519656574784	18.679394487121552	31.759301099563185	0.0
102.0	29.212801456089792	18.254209009555588	20.335962384347035	32.197027150007585	0.0
103.0	28.90910133185562	17.74979458467888	19.052987598647125	34.288116484818374	0.0
104.0	30.649105578341324	17.57841834671596	19.12656692276587	32.64590915217684	0.0
105.0	29.910662264517384	17.554865022334436	19.625169935909888	32.909302777238295	0.0
106.0	29.021204941945843	18.681103518493135	20.153505766256146	32.144185773304876	0.0
107.0	30.00454195383005	17.289045992219435	19.484981930922807	33.22143012302771	0.0
108.0	28.42587064676617	18.64278606965174	20.887562189054727	32.04378109452736	0.0
109.0	28.928370899173817	18.1519210716291	20.056950348921152	32.86275768027593	0.0
110.0	29.85086674873368	17.83746695457389	21.019918067523662	31.29174822916877	0.0
111.0	29.496578193854965	18.459476473813538	20.000812298194667	32.04313303413684	0.0
112.0	29.414412571101202	18.013667798829644	19.521627040962475	33.05029258910668	0.0
113.0	30.266738126649077	18.55623350923483	18.972625329815305	32.204403034300796	0.0
114.0	30.500903745870815	17.669789956994162	18.974508133712835	32.85479816342218	0.0
115.0	28.980378196134275	18.034469038594434	20.70027014009591	32.284882625175385	0.0
116.0	30.096348884381342	17.822430696416497	18.627450980392158	33.453769438810006	0.0
117.0	30.15422683930971	16.99268329102583	20.734230678982062	32.1188591906824	0.0
118.0	30.447035539110228	17.522158161948198	19.531451682299288	32.499354616642286	0.0
119.0	31.113378340243557	18.075846050318013	18.87034102502876	31.940434584409665	0.0
120.0	30.39314295709975	17.73297765338698	19.24607513010014	32.62780425941313	0.0
121.0	29.455723827789164	17.74794435994092	20.256596785926856	32.53973502634305	0.0
122.0	29.516465934847343	18.312519443580285	20.147993422514553	32.02302119905782	0.0
123.0	28.15742878275097	19.046551762781004	19.55532644507699	33.24069300939104	0.0
124.0	28.98596650067904	19.013128112267992	19.440923494794024	32.559981892258946	0.0
125.0	28.85899899350352	18.025436910970814	20.16652941714704	32.949034678378624	0.0
126.0	30.04369235037104	18.334604803846776	19.18995769470837	32.43174515107381	0.0
127.0	30.058627052530774	18.26080863289188	19.442692640085955	32.237871674491394	0.0
128.0	29.736742781656915	17.918475183996982	19.487167390073598	32.8576146442725	0.0
129.0	30.003337942873493	16.994897715893376	20.685708836011635	32.3160555052215	0.0
130.0	29.306649326879082	18.60896370686126	19.023191965898416	33.061195000361245	0.0
131.0	29.08272506082725	18.554744525547445	19.48905109489051	32.873479318734795	0.0
132.0	30.76885310290652	18.241849960722703	19.81539670070699	31.173900235663787	0.0
133.0	30.572363852792385	18.04632476936812	19.561551433389546	31.819759944449956	0.0
134.0	31.061289998996887	17.476677700872706	20.149964891162604	31.3120674089678	0.0
135.0	31.587088267363132	16.75076704617491	19.494383447016762	32.16776123944519	0.0
136.0	28.925046267735965	19.802590993214064	19.679210363972857	31.59315237507711	0.0
137.0	30.53027925949168	18.196318376738834	20.18355820520866	31.08984415856082	0.0
138.0	30.290027810885977	18.58032048735267	19.53118792212952	31.598463779631835	0.0
139.0	28.768010361016678	19.032971777022286	20.020506178835465	32.17851168312557	0.0
140.0	29.749664116695456	17.62770420333964	19.305749773792876	33.31688190617202	0.0
141.0	28.83981268530577	18.315830308404223	20.064285516362325	32.78007148992768	0.0
142.0	30.44403382048267	16.708662299120892	19.805140265412398	33.04216361498404	0.0
143.0	29.556134292022872	18.504784011776028	20.823189718620846	31.11589197758025	0.0
144.0	30.280400572246062	17.218884120171673	21.024320457796854	31.476394849785404	0.0
145.0	30.542743596437795	19.16282307893134	19.299161662750556	30.995271661880313	0.0
146.0	30.00646374427077	18.286520155129864	19.8290045833823	31.878011517217065	0.0
147.0	29.795979151154135	17.891288160833955	19.53536857781087	32.77736411020104	0.0
148.0	30.350559081293444	17.984285282562706	18.906013901480808	32.75914173466304	0.0
149.0	30.14987586967849	19.17123854476354	20.443191221994052	30.23569436356392	0.0
150.0	31.127945605265612	18.52277313794281	18.65938091837685	31.689900338414727	0.0
151.0	29.751962323390895	17.74568288854003	20.150706436420723	32.35164835164836	0.0
152.0	29.443526870791516	18.47922754414941	19.393977893533222	32.683267691525856	0.0
153.0	29.664041150940363	18.56614692171677	20.125381771419388	31.644430155923487	0.0
154.0	29.97624548501513	17.82564836809736	20.18482965084117	32.01327649604634	0.0
155.0	30.909270476692125	17.76402422965499	19.72280747958915	31.603897814063735	0.0
156.0	29.932245252161145	18.066820199592804	19.158239044090653	32.8426955041554	0.0
157.0	30.68058934847256	17.497972424979725	19.89051094890511	31.930927277642606	0.0
158.0	28.788138792600478	18.855750420427636	19.88536911830319	32.4707416686687	0.0
159.0	30.975703280231464	17.335378394394674	19.399030919928887	32.28988740544497	0.0
160.0	30.613904802319823	18.01754013720914	19.83167126388005	31.536883796590992	0.0
161.0	29.05691523720663	18.68226512595995	19.715782674226656	32.54503696260676	0.0
162.0	30.428618169920384	17.908168829752427	19.115134329443414	32.548078670883775	0.0
163.0	29.88256083643191	17.446526525052462	19.872620844531163	32.79829179398446	0.0
164.0	31.3915736836213	17.401201627047804	20.095533082061426	31.11169160726947	0.0
165.0	29.08169056717999	18.551591055280184	19.7813008437701	32.58541753376972	0.0
166.0	31.2831348444103	17.637341529004992	18.95121014214368	32.12831348444103	0.0
167.0	29.66154566014193	18.80605162598456	19.41433361927786	32.11806909459565	0.0
168.0	29.635505493197954	17.542537579819932	19.87863403799627	32.94332288898584	0.0
169.0	29.997579864472414	17.78396256857051	20.16376250403356	32.05469506292352	0.0
170.0	31.599245097234757	18.047919914663165	19.89825223598917	30.45458275211291	0.0
171.0	29.571482113854998	18.298421688252198	20.122433681755716	32.00766251613709	0.0
172.0	29.53181779768444	18.4737598242204	20.142820924533087	31.851601453562072	0.0
173.0	30.63097842405525	18.431776262171322	19.298245614035086	31.638999699738346	0.0
174.0	30.512162220965145	18.96784300073974	20.033941081763196	30.48605369653192	0.0
175.0	28.63017332861691	19.353555005305978	18.548814998231343	33.467456667845774	0.0
176.0	30.01569154898005	17.946648733467832	20.757677650750953	31.279982066801164	0.0
177.0	29.106142707526978	19.25686444150995	19.502754883657392	32.13423796730568	0.0
178.0	28.312638991845812	17.795589325426242	20.232579688658266	33.65919199406968	0.0
179.0	29.993404936875823	19.064443188241945	19.46014697569248	31.482004899189747	0.0
180.0	29.113317028724882	17.96863760609984	19.968349877715436	32.94969548745984	0.0
181.0	30.45923607375165	17.694527314520467	19.95891817870592	31.88731843302196	0.0
182.0	29.482784319570726	17.757241516371046	20.166939931435383	32.59303423262285	0.0
183.0	30.45215456200688	18.15698968237912	19.881650819340482	31.509204936273516	0.0
184.0	29.800780447730542	18.00164304785377	18.771821729307867	33.425754775107826	0.0
185.0	28.942970545226654	19.861082097346983	20.738458324629207	30.45748903279716	0.0
186.0	30.51306564690886	19.34353091140854	19.0939026981092	31.0495007435734	0.0
187.0	28.740604553074135	18.958524847239495	19.79667982479857	32.504190774887796	0.0
188.0	30.406074612083195	18.586992406734897	19.51138989765599	31.495543083525916	0.0
189.0	30.08785182698226	17.771809076156902	21.20194728890381	30.93839180795703	0.0
190.0	30.036442318642525	19.02402915385491	20.208404509736933	30.73112401776563	0.0
191.0	31.19447186574531	17.037338133674	18.930375704082223	32.837814296498465	0.0
192.0	28.97811517703576	19.002431646996026	19.850542672439357	32.16891050352885	0.0
193.0	30.448717948717945	17.320261437908496	19.720965309200604	32.51005530417295	0.0
194.0	31.37455288707205	17.737608584568218	20.228666326009197	30.659172202350536	0.0
195.0	30.233162304345	18.380203935831656	19.757095538091836	31.629538221731508	0.0
196.0	30.293611956090466	17.715910593836796	19.223647665652692	32.76682978442005	0.0
197.0	29.076581127500507	18.23263959048966	19.997305853034284	32.69347342897555	0.0
198.0	29.760420994322118	18.63315330286664	20.412685223653234	31.19374047915801	0.0
199.0	29.381556745653292	18.692685789743965	20.328662607292202	31.59709485731054	0.0
200.0	28.36805035216544	18.290124381837256	20.605424846395923	32.73640041960138	0.0
201.0	32.00336314301001	17.182603378430024	19.124054116028432	31.689979362531528	0.0
202.0	29.54794306272486	19.52135147817926	20.757078054121695	30.17362740497419	0.0
203.0	28.499832943534916	19.036084196458404	20.038422986969596	32.42565987303709	0.0
204.0	30.696525885558586	18.79257493188011	19.422683923705723	31.088215258855584	0.0
205.0	30.18475149622691	18.63127764767109	19.472634226732588	31.71133662936942	0.0
206.0	30.565903849565373	18.768848678375022	19.46070604931701	31.204541422742594	0.0
207.0	29.268733616559707	18.84660580312754	20.545964024224894	31.338696556087857	0.0
208.0	30.16563338576848	17.849541963542148	20.67178680484871	31.313037845840658	0.0
209.0	28.810198300283286	18.70632672332389	20.547686496694993	31.93578847969783	0.0
210.0	30.321149580480277	18.42993538431864	21.28459832192111	29.96431671327997	0.0
211.0	29.14387988465745	20.1650591627722	20.05568260912797	30.635378343442376	0.0
212.0	29.004789781798827	19.02075572112826	19.595529536987762	32.37892496008515	0.0
213.0	29.770327636878196	19.026885816915208	19.462283661695874	31.740502884510725	0.0
214.0	28.89959659345585	18.85925593904079	18.803227252353206	33.43792021515016	0.0
215.0	32.22302679217958	18.09075549118996	19.913106444605358	29.773111272025105	0.0
216.0	29.728331177231563	16.520051746442434	21.099611901681758	32.652005174644245	0.0
217.0	29.44002195992314	18.29536096623662	20.271754048860828	31.992863024979414	0.0
218.0	28.874946527876798	19.30700128333096	19.692000570369313	32.12605161842293	0.0
219.0	28.919509326163674	18.98840531003193	20.95446143505293	31.137623928751466	0.0
220.0	30.640083945435464	17.14585519412382	21.42707240293809	30.786988457502623	0.0
221.0	29.66983265490728	19.131614654002714	21.732247851650836	29.466304839439168	0.0
222.0	28.799624148461355	19.779187221047685	20.037585153864224	31.383603476626732	0.0
223.0	25.863902179691657	21.74375332270069	22.08931419457735	30.303030303030305	0.0
224.0	27.67527675276753	19.12110030191211	19.691378731969138	33.512244213351224	0.0
225.0	31.60263066805123	17.133956386292834	20.5607476635514	30.702665282104537	0.0
226.0	27.29528535980149	19.957461892945762	19.851116625310176	32.896136121942575	0.0
227.0	29.763205828779597	18.251366120218577	19.30783242258652	32.677595628415304	0.0
228.0	28.06236080178174	18.002969561989605	22.234595397178918	31.70007423904974	0.0
229.0	26.136363636363637	19.004702194357368	18.96551724137931	35.893416927899686	0.0
230.0	31.54917319408181	16.013925152306356	20.017406440382942	32.41949521322889	0.0
231.0	28.71747211895911	18.494423791821564	21.979553903345725	30.808550185873607	0.0
232.0	33.091517857142854	15.569196428571427	19.587053571428573	31.752232142857146	0.0
233.0	28.706998813760382	17.556346381969156	23.54685646500593	30.189798339264534	0.0
234.0	26.16191904047976	19.640179910044978	24.137931034482758	30.059970014992505	0.0
235.0	31.561085972850677	18.099547511312217	19.90950226244344	30.429864253393664	0.0
236.0	24.124513618677042	26.329442282749678	22.69779507133593	26.848249027237355	0.0
237.0	28.10810810810811	17.83783783783784	23.243243243243246	30.810810810810814	0.0
238.0	30.919220055710305	17.270194986072422	21.448467966573816	30.362116991643457	0.0
239.0	28.653295128939828	19.484240687679083	17.765042979942695	34.097421203438394	0.0
240.0	25.146198830409354	17.83625730994152	21.34502923976608	35.67251461988304	0.0
241.0	29.64071856287425	18.263473053892216	20.35928143712575	31.736526946107784	0.0
242.0	30.50314465408805	17.61006289308176	22.641509433962266	29.245283018867923	0.0
243.0	28.013029315960914	17.263843648208468	16.286644951140065	38.43648208469055	0.0
244.0	25.08361204013378	15.050167224080269	28.093645484949832	31.77257525083612	0.0
245.0	23.46153846153846	22.692307692307693	25.0	28.846153846153843	0.0
246.0	29.1970802919708	12.408759124087592	25.547445255474454	32.846715328467155	0.0
247.0	32.592592592592595	14.814814814814813	18.51851851851852	34.074074074074076	0.0
248.0	28.68217054263566	24.031007751937985	21.705426356589147	25.581395348837212	0.0
249.0	25.663716814159294	17.699115044247787	19.469026548672566	37.16814159292036	0.0
250.0	28.07017543859649	17.543859649122805	22.807017543859647	31.57894736842105	0.0
