# Position (bp)	A	C	G	T	N
0.0	26.07668874856049	24.552656449581672	25.395375149002277	23.97527965285557	0.0
1.0	25.605493610019238	20.558609805977152	15.206650159496974	38.62924642450663	0.0
2.0	27.360981601692785	19.489249722052865	18.842574328443852	34.307194347810494	0.0
3.0	23.212822453174045	23.123491561701005	15.366032768093424	38.29765321703153	0.0
4.0	33.477548902052725	14.125668879861122	14.616031640925605	37.780750577160546	0.0
5.0	34.84635841508928	15.508749189889826	23.25720160010727	26.387690794913627	0.0
6.0	32.44563687622588	17.850137834589557	20.613084680031633	29.091140609152934	0.0
7.0	34.12576978317634	17.623092713501055	20.10337487240083	28.147762630921775	0.0
8.0	23.254401129262092	26.38868415057424	22.045179417768903	28.31173530239477	0.0
9.0	29.435674787160863	18.630682782586945	15.700962131160722	36.23268029909147	0.0
10.0	27.00640925433797	16.655798476964648	24.490274459009804	31.847517809687574	0.0
11.0	27.97539162377321	18.464767817067315	19.90576465728035	33.654075901879125	0.0
12.0	26.485693487377134	19.705786467427956	21.26996815812861	32.538551887066305	0.0
13.0	26.962057254627013	21.287950002121203	18.383687723145005	33.36630502010677	0.0
14.0	30.61738924637073	18.33435293802441	20.255154213348934	30.793103602255933	0.0
15.0	30.32197282586856	18.763367163326087	19.109406464460648	31.80525354634471	0.0
16.0	29.673744174003108	17.14450258040322	18.974669190521258	34.207084055072414	0.0
17.0	30.101969081207024	18.208700736703737	20.220185369925257	31.46914481216398	0.0
18.0	31.2095998643381	17.54523364861337	18.70527675696662	32.53988973008191	0.0
19.0	29.81365351109088	18.20274801394754	19.625834632828482	32.35776384213309	0.0
20.0	30.201170128053857	18.049102552378063	19.65016606182541	32.09956125774268	0.0
21.0	30.000557568999163	17.761918037357123	19.593643713409534	32.643880680234176	0.0
22.0	29.036847727429848	18.553877786772464	19.4920753858608	32.91719909993689	0.0
23.0	29.461018559192965	17.852101762264834	20.28711782846516	32.39976185007704	0.0
24.0	30.467412243150683	18.680436643835616	18.823353667237445	32.028797445776256	0.0
25.0	29.405076413737753	17.949369628465373	19.393817788627672	33.251736169169206	0.0
26.0	31.026856874062283	17.714568522147392	20.0611731239536	31.197401479836724	0.0
27.0	29.38961672986511	18.42072998102932	19.5716772889094	32.61797600019617	0.0
28.0	29.64280619159712	17.815776802910335	19.832236607461304	32.70918039803124	0.0
29.0	29.552952085450883	18.16388487669181	19.928805791829383	32.354357246027924	0.0
30.0	29.922272574277955	18.303727662002725	19.329542440244392	32.44445732347493	0.0
31.0	29.938743574539796	18.229136480564236	19.472989661306357	32.35913028358961	0.0
32.0	29.88434770590255	18.316443223818844	19.75005907451414	32.049149995764466	0.0
33.0	30.370786541904387	17.96434153116939	19.753730494746204	31.911141432180017	0.0
34.0	29.70546922030724	18.1257942966712	19.795545249827207	32.373191233194355	0.0
35.0	29.90956562066613	18.26970671256761	19.833802301884944	31.986925364881312	0.0
36.0	30.186567247380548	17.905282615821314	19.197227914402493	32.71092222239565	0.0
37.0	29.072583342624597	19.145278180399153	19.01460586464489	32.767532612331365	0.0
38.0	29.955689752446872	18.101639278458798	19.791092904339372	32.15157806475496	0.0
39.0	29.06572233917294	18.732829057694367	20.114755414421808	32.08669318871088	0.0
40.0	30.233133814438506	18.263338180066548	19.62748543749944	31.876042567995505	0.0
41.0	29.903949296289774	18.03130624050811	20.634510012064876	31.430234451137245	0.0
42.0	29.950691017112067	18.785139062036542	19.64308414195456	31.621085778896823	0.0
43.0	29.71233964351348	18.54381144396667	19.60943493853373	32.13441397398612	0.0
44.0	29.51207979444722	18.243478338448362	20.52338341303262	31.721058454071798	0.0
45.0	29.336479783019875	19.295796010135255	19.46598087148924	31.901743335355626	0.0
46.0	30.102221756304935	17.983490171499692	19.393806918425565	32.5204811537698	0.0
47.0	29.72930170725505	18.240684151123524	20.073518587086962	31.956495554534463	0.0
48.0	30.55306467515202	18.49132950555652	19.32692693764471	31.62867888164675	0.0
49.0	29.571822126055388	18.348408971770823	19.41779408648323	32.661974815690556	0.0
50.0	29.86626512743294	18.391389214210026	19.905638280073614	31.836707378283418	0.0
51.0	29.943270923169248	18.53833953122107	19.541527335027247	31.976862210582436	0.0
52.0	29.74356114265318	18.46605168932862	19.221202217487814	32.56918495053039	0.0
53.0	30.795229426567435	18.11028716246364	19.839017686637757	31.25546572433117	0.0
54.0	30.29378168058828	18.22927821803384	19.775603269793674	31.70133683158421	0.0
55.0	29.298450719308892	18.045862635205083	19.200237389783315	33.45544925570271	0.0
56.0	29.339119569825296	18.437493027510655	20.3275396595194	31.89584774314465	0.0
57.0	28.782310876089117	18.372993295179445	19.524303579994868	33.32039224873657	0.0
58.0	29.71544343565291	17.89428588641389	19.325212920960972	33.06505775697223	0.0
59.0	29.62519162153659	17.91234611702804	20.446771051592215	32.015691209843155	0.0
60.0	29.832375307936736	18.51257631475597	19.790736905994503	31.864311471312796	0.0
61.0	30.063931627746104	17.837705155812422	19.659700759815678	32.43866245662579	0.0
62.0	29.166927011273664	18.15011023734502	19.9473806357169	32.735582115664414	0.0
63.0	29.349162603349587	18.09245394597369	19.932606585363132	32.6257768653136	0.0
64.0	28.901420646007864	18.578416713902516	19.587552945062107	32.932609695027516	0.0
65.0	29.76239625618446	17.916353305854287	20.524035983119802	31.797214454841455	0.0
66.0	29.977437417287266	18.131969907629543	20.371044016005822	31.51954865907737	0.0
67.0	29.54327861901202	17.714719305488913	19.606547864802437	33.13545421069663	0.0
68.0	29.6561297637008	17.978869656040494	20.344093412724625	32.02090716753408	0.0
69.0	29.703478536452543	18.02384491431989	19.807749820337364	32.4649267288902	0.0
70.0	28.731204203205525	18.142170659250645	19.893580692752195	33.23304444479164	0.0
71.0	29.582683263806587	17.834113416765433	20.793743262154905	31.78946005727308	0.0
72.0	30.023436453729747	18.00120530333467	19.986384536404625	31.98897370653096	0.0
73.0	29.883038325037386	17.816566594495658	19.457601392826053	32.842793687640906	0.0
74.0	29.599553571428572	18.21361607142857	20.43058035714286	31.75625	0.0
75.0	30.29123352924501	17.935851389871672	19.542803315245173	32.23011176563815	0.0
76.0	29.26606589982209	18.36297359498017	19.402745193456003	32.96821531174174	0.0
77.0	29.315051979971468	17.971877016079524	21.1411261248189	31.571944879130104	0.0
78.0	30.094922155795565	18.16580569979417	19.050733793805502	32.68853835060476	0.0
79.0	29.826316024467562	17.923829084252354	19.388980667053623	32.860874224226464	0.0
80.0	30.635143884089032	18.03339807559217	19.907574844283705	31.423883196035096	0.0
81.0	30.257209386434724	18.54716100758389	19.596671749385496	31.598957856595888	0.0
82.0	30.0532467097552	18.01547168547604	18.818525836375205	33.11275576839356	0.0
83.0	29.807703041520334	18.35093022788518	20.100647241243042	31.74071948935144	0.0
84.0	30.602070160397243	18.107205372771766	19.118618940449398	32.17210552638159	0.0
85.0	29.814459230150938	17.46092703402697	19.21362865053139	33.5109850852907	0.0
86.0	30.301562067394855	17.854814364946815	20.133387515964525	31.7102360516938	0.0
87.0	29.802569587410183	18.45154894228923	20.096504664466543	31.649376805834045	0.0
88.0	29.886120042872456	17.97226688102894	19.2430332261522	32.89857984994641	0.0
89.0	29.857781807057542	18.412220626885468	20.385277547657275	31.344720018399713	0.0
90.0	30.15559684161635	18.499231841080423	19.61998463682161	31.725186680481617	0.0
91.0	30.056987691373244	18.316004787680654	19.630383907676364	31.996623613269737	0.0
92.0	29.15574293996007	18.51800572574486	20.209378251995304	32.11687308229977	0.0
93.0	30.118291792376358	18.302065025871446	19.71991397772622	31.85972920402598	0.0
94.0	29.767471983634604	17.723673102949256	19.887041230620806	32.621813682795334	0.0
95.0	30.161183336273957	18.07008806233822	20.566564898794194	31.202163702593626	0.0
96.0	30.062447234766758	18.525119601195343	19.605438895068097	31.806994268969802	0.0
97.0	29.719002874519518	18.378163479084353	19.66711857895548	32.23571506744065	0.0
98.0	29.170445154229302	17.937727546849523	21.086864264814277	31.804963034106898	0.0
99.0	29.628620315313103	18.64537774581064	19.57170491554273	32.15429702333353	0.0
100.0	29.641341227830342	18.43874518732996	19.958854192345445	31.96105939249425	0.0
101.0	29.679826218360404	18.563243204346342	20.352555453613256	31.404375123679994	0.0
102.0	30.081801806682286	18.070885870227663	19.699698886285557	32.1476134368045	0.0
103.0	29.429767091798563	17.61909511740623	19.694503511532062	33.256634279263146	0.0
104.0	30.08463866326928	18.132074569463136	19.83418381869064	31.949102948576947	0.0
105.0	30.123324028737475	18.282386857639683	19.697295565826202	31.896993547796644	0.0
106.0	29.224657572037465	18.083736798304297	19.854614673710635	32.836990955947606	0.0
107.0	29.76732259271751	18.039660501670234	20.24214898561706	31.950867919995197	0.0
108.0	29.42988248565016	18.68369073509717	20.38478232108829	31.501644458164378	0.0
109.0	28.816313778157053	18.120306186449177	20.168621717973647	32.89475831742013	0.0
110.0	29.46137761636824	17.76964485998815	21.080569741331068	31.688407782312545	0.0
111.0	29.18740141932663	18.66656637197265	20.099056681389616	32.046975527311105	0.0
112.0	29.26054051501234	18.01882002904471	19.321345502201968	33.39929395374098	0.0
113.0	29.94306977097389	17.870966057813014	20.613536532405615	31.572427638807476	0.0
114.0	30.137652980890806	18.357945463654364	19.259488990147194	32.24491256530763	0.0
115.0	29.61171103318254	17.585978613884183	20.44057893146177	32.361731421471504	0.0
116.0	30.112445206784827	17.931162593211795	20.42179618009568	31.534596019907703	0.0
117.0	30.045502529940666	18.285464671835754	19.766056326065062	31.902976472158517	0.0
118.0	29.704226933459605	18.11445280274148	19.753188872020424	32.4281313917785	0.0
119.0	30.31529972982722	17.952379900715798	20.018060596245064	31.714259773211918	0.0
120.0	29.831765927482508	18.220383921942943	19.84353072041475	32.1043194301598	0.0
121.0	29.61734036437167	17.781704101659297	19.886307317169873	32.714648216799155	0.0
122.0	29.575763312194564	18.081868315258273	20.437188958687237	31.905179413859923	0.0
123.0	29.110177343503494	18.48834821629797	19.749184901011173	32.65228953918736	0.0
124.0	29.250977467854405	18.156213470917812	19.37880406304164	33.21400499818614	0.0
125.0	29.08961845607808	18.359234376980606	20.22056027379896	32.330586893142346	0.0
126.0	29.54623753052772	18.14360851024736	19.93967187009547	32.37048208912945	0.0
127.0	29.783163101515008	17.816170182165596	19.373810581681738	33.02685613463766	0.0
128.0	29.175140775733084	17.85364492212434	21.115713905463828	31.855500396678753	0.0
129.0	29.789364191912625	18.162787673904564	19.4604082694058	32.58743986477701	0.0
130.0	30.01347409180697	17.80176078908468	19.538218018654423	32.64654710045393	0.0
131.0	29.91035709773866	18.237040468269676	20.47258601086453	31.38001642312713	0.0
132.0	30.543526596645776	18.360102913772657	19.157102320853802	31.939268168727764	0.0
133.0	29.888929424515414	18.031459788510546	20.001224945210332	32.078385841763705	0.0
134.0	30.499186734800514	17.575906984970004	20.28098513613818	31.6439211440913	0.0
135.0	29.35049796684898	18.22307727592841	20.3385257159201	32.087899041302514	0.0
136.0	28.81451746602055	18.40502469132447	19.9389579364195	32.84149990623548	0.0
137.0	30.202759323259265	18.188913413772518	22.666652061276913	28.941675201691304	0.0
138.0	30.41490421360793	19.785001420999336	19.836598872581888	29.96349549281085	0.0
139.0	30.610066895859795	18.951788845872716	19.846420223838493	30.591724034428996	0.0
140.0	28.955277340929825	20.885498575658023	19.957297723851152	30.201926359561	0.0
141.0	31.343783890367742	17.052154195011337	20.88759313249109	30.71646878212983	0.0
142.0	27.250452330850948	19.674832254734586	23.96219137990687	29.112524034507597	0.0
143.0	27.417042254325686	19.08156678605499	19.43630433168246	34.06508662793687	0.0
144.0	28.05032749113315	19.360665970550247	18.80463579016405	33.78437074815256	0.0
145.0	27.329333051051453	19.409876192326767	17.424139161100783	35.836651595521	0.0
146.0	32.67817582141007	14.74455588105321	19.64916490829648	32.928103389240235	0.0
147.0	33.87545543898825	16.23545341976405	22.130400311198084	27.75869083004962	0.0
148.0	31.566020853495974	16.975269190268367	20.988623705786754	30.4700862504489	0.0
149.0	32.60736276351493	16.84734397829263	22.972761427676893	27.57253183051555	0.0
150.0	27.535480122831768	17.686944974686696	25.959000746949958	28.81857415553158	0.0
