# Position (bp)	A	C	G	T	N
0.0	25.841157229448964	23.439759823780665	24.221423059843037	26.497659886927334	0.0
1.0	25.659464157592893	19.63912321165232	15.740589101410787	38.960823529344005	0.0
2.0	27.814149643149193	18.883080012131774	18.922930591654413	34.379839753064616	0.0
3.0	22.834353132175334	21.896691514768293	15.626890833708343	39.64206451934803	0.0
4.0	33.771103702056486	13.49774489005152	14.78133578258081	37.94981562531118	0.0
5.0	34.773625921660134	15.047000926168202	22.765753491930365	27.413619660241295	0.0
6.0	30.39481497061472	17.599632627658867	21.186567392501342	30.81898500922507	0.0
7.0	34.43475980721776	17.273578165745118	20.003397119967346	28.288264907069777	0.0
8.0	22.347630489640846	26.98119854267198	21.90556370947469	28.765607258212476	0.0
9.0	27.830353851957117	18.415536059680356	15.853242499217618	37.9008675891449	0.0
10.0	25.823904694959822	16.302675140860114	25.538285743442252	32.335134420737816	0.0
11.0	27.76953753994997	17.76003193407861	19.40655133914335	35.063879186828075	0.0
12.0	26.253656675470218	19.02883993724056	21.680598023551383	33.036905363737844	0.0
13.0	26.055843012775455	20.519381470964454	18.58111448745065	34.843661028809436	0.0
14.0	30.343877353035474	17.916825037483893	20.726623052710316	31.012674556770314	0.0
15.0	29.683558562770806	17.771876776426634	20.046422191038797	32.49814246976376	0.0
16.0	29.498922886623568	17.635272655323046	18.472257029434385	34.393547428619	0.0
17.0	29.961926744397605	17.78265702160816	19.631286841895523	32.62412939209871	0.0
18.0	30.088335669212974	17.29476460845507	18.79219245538211	33.82470726694985	0.0
19.0	29.711679273511223	17.80356532631965	19.45236738116482	33.03238801900431	0.0
20.0	29.939848341899506	17.1915274562007	20.035056896963972	32.833567304935826	0.0
21.0	28.836244718854754	17.983424701665825	19.634758771393486	33.54557180808593	0.0
22.0	29.512618785306145	18.657266753234723	22.529638241250954	29.300476220208182	0.0
23.0	29.359345566226143	20.13622240067812	21.326700988895674	29.177731044200062	0.0
24.0	31.434168716016213	19.506220652245116	18.465140533060108	30.594470098678567	0.0
25.0	28.67128970383962	21.00716838349744	19.480027725562962	30.84151418709998	0.0
26.0	31.898352262542325	16.519162413313257	21.47737505633493	30.105110267809486	0.0
27.0	25.930738459263193	20.661884035828397	25.258152824170075	28.14922468073834	0.0
28.0	25.76604240031558	19.442853143424543	18.500224284727377	36.2908801715325	0.0
29.0	27.424895786967006	19.52893205846384	17.63881172157926	35.40736043298989	0.0
30.0	26.099886006642826	19.033912062926177	17.04750286905061	37.81869906138039	0.0
31.0	33.51353688501135	14.252239869184091	17.766889534852858	34.467333710951706	0.0
32.0	34.10554071771961	15.497207789054531	22.26533288010489	28.131918613120966	0.0
33.0	30.565643523959807	17.86946264568	20.976771376314314	30.58812245404588	0.0
34.0	33.34003154079161	16.243667241989144	21.03566556123195	29.380635655987298	0.0
35.0	25.585651457622617	20.441233956786903	24.9082214423457	29.06489314324478	0.0
