# Position (bp)	A	C	G	T	N
0.0	24.992699746175788	25.968687526674007	24.164963274107684	24.87364945304252	0.0
1.0	25.1409510546059	21.040454637345853	13.964824007727039	39.85377030032121	0.0
2.0	27.85274833842285	20.636114603915935	18.899317406143346	32.61181965151787	0.0
3.0	23.06777111814488	24.049879902125845	15.536399757559433	37.34594922216984	0.0
4.0	32.97982178528943	14.573653850470226	15.140394586223149	37.306129778017194	0.0
5.0	33.87569150667101	15.374171033585062	23.83159217657686	26.918545283167074	0.0
6.0	31.5855615273274	18.6809241161092	20.89247444542935	28.841039911134054	0.0
7.0	33.790727941836465	17.33798581814918	20.242796876402476	28.628489363611887	0.0
8.0	22.601563990082013	26.29163815058734	23.05146357608464	28.055334283246008	0.0
9.0	29.43288270600774	18.592023335390138	15.917428619509732	36.05766533909239	0.0
10.0	26.117050515475484	17.528410047004183	24.916704995456637	31.437834442063696	0.0
11.0	26.844508262005988	18.903335090809147	20.542274771995558	33.7098818751893	0.0
12.0	25.477021099980927	21.055111220792625	21.198694291451197	32.26917338777525	0.0
13.0	26.420871984117188	21.974583020201226	18.179982726324408	33.424562269357175	0.0
14.0	29.761984880095117	19.24871570540862	19.840949368508422	31.148350045987844	0.0
15.0	29.61305518169583	19.043292956482727	19.138627187079408	32.20502467474204	0.0
16.0	29.024986542257313	17.161986362820745	18.77130809258927	35.04171900233268	0.0
17.0	29.77494701667433	18.30587918680407	20.434182935444444	31.48499086107716	0.0
18.0	30.847187811795834	17.493077431867356	19.39552247172117	32.264212284615645	0.0
19.0	29.535850790768574	18.31713686853402	20.188977437035543	31.958034903661858	0.0
20.0	29.154198747044124	18.5612300933553	19.814185970928733	32.47038518867185	0.0
21.0	29.028317850219082	17.91185270683685	19.76422336026536	33.29560608267871	0.0
22.0	27.57078986587183	19.15108187757023	20.491243010656298	32.78688524590164	0.0
23.0	29.873607780740873	18.331353786164087	19.913497523698542	31.8815409093965	0.0
24.0	30.866535203692912	18.855599874512617	18.334603146147984	31.943261775646487	0.0
25.0	28.910749098079634	18.420462948439287	19.01427387007865	33.654514083402425	0.0
26.0	29.552074930536882	18.22398494218876	20.3112395805324	31.912700546741956	0.0
27.0	28.33759075020167	18.057049386035672	19.697275253204268	33.90808461055839	0.0
28.0	29.555436049117144	17.732141256610202	20.012100026888948	32.70032266738371	0.0
29.0	28.72987597889288	18.701755565265128	19.952049653256253	32.61631880258573	0.0
30.0	29.632534169840913	18.462917320188215	19.31772350436926	32.58682500560161	0.0
31.0	29.233233995832308	18.829684734141477	19.874969190436712	32.062112079589504	0.0
32.0	28.762841554542295	18.737186453210246	19.89446678840703	32.60550520384042	0.0
33.0	30.36120543769402	18.793217451725337	19.885911531004492	30.959665579576146	0.0
34.0	29.536843993095253	18.620395901988477	19.449862129262225	32.392897975654044	0.0
35.0	30.383804869300096	18.017755458906873	20.085862888400662	31.512576783392372	0.0
36.0	29.60218802192506	18.16439308172576	18.86944727786309	33.36397161848609	0.0
37.0	28.156700106484333	19.727624278428515	19.57406265762484	32.54161295746231	0.0
38.0	29.95012049543238	18.504735750714566	19.426105475536627	32.119038278316424	0.0
39.0	28.40921828412581	18.70446342502298	20.47436500997601	32.4119532808752	0.0
40.0	30.130691116142483	18.305723060368983	19.36044295994082	32.20314286354771	0.0
41.0	30.092582214351367	17.94929274361676	20.871348830953394	31.086776211078483	0.0
42.0	30.455054920421432	18.92176642008518	19.677202420981843	30.945976238511548	0.0
43.0	29.427588293973255	18.77178627870745	19.661731245586704	32.13889418173259	0.0
44.0	29.069102729361656	19.213136804349045	20.884380429300005	30.833380036989293	0.0
45.0	29.22411280740691	19.968838971461878	19.56979846212478	31.237249759006435	0.0
46.0	29.475984980104244	18.61682452502382	19.049487193857534	32.8577033010144	0.0
47.0	29.250221380292107	18.710277650118257	20.170827121607836	31.8686738479818	0.0
48.0	30.078238841437443	18.603582397381576	19.622480776559733	31.695697984621248	0.0
49.0	29.168861738496886	18.54172504623662	19.15709241719442	33.13232079807207	0.0
50.0	30.034412796628217	18.464090751140557	20.352871282689357	31.148625169541873	0.0
51.0	29.33303441318238	19.63344916489183	19.507902701490863	31.52561372043493	0.0
52.0	28.589844187871314	18.595448940701715	19.72200425961215	33.092702611814815	0.0
53.0	30.39121174756193	18.922766505997085	19.224302208272615	31.461719538168364	0.0
54.0	29.934535019280784	18.373912653573672	20.06546498071922	31.626087346426328	0.0
55.0	28.87394204360742	18.149206883022252	19.012387198027017	33.96446387534331	0.0
56.0	28.645576431550158	18.92964441056455	20.44751356441415	31.977265593471145	0.0
57.0	27.70291479820628	18.878923766816143	19.66479820627803	33.75336322869955	0.0
58.0	29.02723124698707	18.35110259083622	19.132501485442663	33.48916467673405	0.0
59.0	29.330254041570434	18.086728401982107	20.7224377228189	31.860579833628556	0.0
60.0	29.292136594990918	19.158501311688603	20.00717504876791	31.542187044552566	0.0
61.0	29.876565355337064	17.363812684283104	19.1732905815218	33.586331378858034	0.0
62.0	27.49307712142785	18.745025056896534	20.255165532473065	33.50673228920255	0.0
63.0	28.92217314289558	18.456691854077445	20.062109015897217	32.55902598712976	0.0
64.0	27.725147706761437	19.172169467582993	19.417693420182296	33.684989405473274	0.0
65.0	29.04166106103413	17.832638234898425	21.37988250594197	31.745818198125477	0.0
66.0	29.158258217857302	18.54455356742455	20.820440378492307	31.476747836225837	0.0
67.0	28.989943156974203	18.35009473837633	19.36811184734228	33.29185025730719	0.0
68.0	29.190958830388375	18.674320566866985	19.562292582294376	32.57242802045027	0.0
69.0	29.69100367745986	17.586779083325858	20.153152749125482	32.56906449008879	0.0
70.0	27.394526476292985	18.973462042985435	20.06771831870214	33.564293162019446	0.0
71.0	29.51655940982577	17.06280691526336	21.46893288786241	31.951700787048452	0.0
72.0	29.454105142780264	18.491361429708608	20.53636496137589	31.518168466135233	0.0
73.0	29.297799105290895	18.102723368949782	18.526532946149274	34.072944579610045	0.0
74.0	28.602982397129722	18.372014799865454	21.689651306200247	31.335351496804577	0.0
75.0	29.326022850863914	18.245932703196655	20.00964266092592	32.418401785013515	0.0
76.0	27.90971474703983	18.25327412988877	19.98789020452099	33.84912091855041	0.0
77.0	27.973133591980442	18.279473436343658	22.459689174945616	31.28770379673028	0.0
78.0	28.842789863198025	18.139717425431712	18.88876429692756	34.1287284144427	0.0
79.0	30.137032385395173	17.320803803714004	18.74495379922849	33.79721001166233	0.0
80.0	30.551163442668912	17.78749649565461	20.202971684889263	31.458368376787217	0.0
81.0	29.5834034202411	19.170171012054947	18.951499859826185	32.294925707877766	0.0
82.0	29.936977145804832	17.89535066274923	18.736402987417858	33.431269204028084	0.0
83.0	29.286098775400347	18.148073386264745	20.609608397254746	31.956219441080158	0.0
84.0	31.197362371174485	17.650357178903455	19.11159457671216	32.0406858732099	0.0
85.0	28.61788982594653	17.32908666786291	19.687556073927865	34.3654674322627	0.0
86.0	29.224143731915753	17.895834735212972	20.508938384586052	32.37108314828522	0.0
87.0	29.241294229798687	19.265406830034205	20.078506140301688	31.414792799865417	0.0
88.0	29.046801924565123	17.769702679362513	18.831802429258772	34.35169296681359	0.0
89.0	28.97278018909189	18.97087356863273	20.23933694469679	31.81700929757859	0.0
90.0	30.327602256541393	18.284490203335466	19.125646288258583	32.26226125186456	0.0
91.0	29.49766158608391	17.81680742011821	20.413175868914234	32.27235512488364	0.0
92.0	29.04264148404029	18.018886969785335	20.904645476772615	32.03382606940176	0.0
93.0	29.61912025302259	18.2488055449631	20.232834615643437	31.899239586370875	0.0
94.0	30.696156391247293	17.011922253002997	20.459617994414597	31.832303361335114	0.0
95.0	30.0930910722297	17.88021534320323	21.093539703903094	30.933153880663976	0.0
96.0	29.800574274305713	18.580914352371124	19.94818071694558	31.670330656377587	0.0
97.0	29.42403678986036	18.68880040379115	19.811564129886154	32.07559867646234	0.0
98.0	27.674895965362918	18.292149450943885	21.642569515327583	32.39038506836562	0.0
99.0	30.117779024116658	18.719012899607403	19.811553561413348	31.35165451486259	0.0
100.0	29.052960481949373	18.51593759834555	19.95459245605359	32.47650946365149	0.0
101.0	29.563572490204027	18.053866594604333	20.987028779894608	31.39553213529703	0.0
102.0	30.21445573818576	18.25073609873312	19.740983495594687	31.793824667486437	0.0
103.0	29.3806330502437	16.97859299551052	20.148367616958236	33.49240633728754	0.0
104.0	29.62786638102039	18.151007129821696	20.915655002777118	31.305471486380792	0.0
105.0	30.117852962234775	18.20072507415531	20.02591174097351	31.65551022263641	0.0
106.0	28.69558284165205	18.03654008246577	20.864751577556554	32.40312549832562	0.0
107.0	29.7948881935086	17.579543637651035	20.829812018912314	31.79575614992805	0.0
108.0	28.509620337198253	19.443268053155084	21.03769157691119	31.009420032735473	0.0
109.0	28.412924249030453	18.55680749018978	21.118938889781308	31.911329370998466	0.0
110.0	29.308897754578794	18.013957712958597	21.660898858318866	31.01624567414374	0.0
111.0	28.8048676492619	18.433455869642877	20.590709519803635	32.17096696129158	0.0
112.0	28.629670266212393	18.192527574060172	19.002136628746317	34.175665530981114	0.0
113.0	30.148949477634414	17.345780536959392	20.716254719822093	31.789015265584098	0.0
114.0	29.766119203760667	18.292612152515815	19.305902153096163	32.63536649062736	0.0
115.0	29.80080794439852	17.9307775591697	20.04377335646181	32.22464113996996	0.0
116.0	29.530436406939547	18.46381955308567	20.52443551964882	31.481308520325964	0.0
117.0	30.608086745746437	18.513097343060224	19.563460930455857	31.31535498073748	0.0
118.0	30.09862627685805	17.984031936127746	19.374192790888813	32.543148996125396	0.0
119.0	30.081587963126477	17.898727321960468	20.49588528237912	31.523799432533938	0.0
120.0	29.03831173429644	18.56572952812596	20.14611807473503	32.24984066284258	0.0
121.0	29.58909620094414	17.690278155724613	19.75722009914696	32.96340554418429	0.0
122.0	29.215774621167206	18.156702791149897	20.994095188408547	31.63342739927435	0.0
123.0	28.257561346775727	19.30402320715237	19.837835267262697	32.60058017880921	0.0
124.0	28.326774001192607	17.52057245080501	19.688729874776385	34.463923673226	0.0
125.0	28.919597989949747	18.196937066283798	20.070591050490545	32.8128738932759	0.0
126.0	29.529459803521245	18.249945956332716	19.858045300602885	32.36254893954315	0.0
127.0	30.322238557759512	18.044877202284834	18.775156057940276	32.85772818201538	0.0
128.0	29.38752326396442	18.295748434969667	21.366591738573465	30.950136562492446	0.0
129.0	29.750563595374878	18.36472498969772	19.231328630645045	32.65338278428235	0.0
130.0	28.77909450015193	17.422060164083867	20.636888483743544	33.161956852020666	0.0
131.0	30.234627338655617	17.784142848436836	20.800780059723323	31.18044975318423	0.0
132.0	29.768146762976816	18.523814761852382	19.348806511934878	32.35923196323592	0.0
133.0	30.011895856072407	18.442256042972247	19.9200402251628	31.625807875792546	0.0
134.0	30.566251276310446	16.902655955910394	20.63501826815436	31.896074499624795	0.0
135.0	29.692167172727046	18.511935619245108	20.54728578834333	31.248611419684515	0.0
136.0	28.045016794536508	19.120982635316867	19.215180773664184	33.61881979648244	0.0
137.0	30.630776311370393	17.607254362942047	23.769482417623426	27.992486908064134	0.0
138.0	30.13722576697841	19.92458201705645	20.43153071035249	29.506661505612648	0.0
139.0	30.813108013238395	19.07406478788487	20.170995888075417	29.941831310801327	0.0
140.0	28.438521498617046	21.316318833291426	21.01081216997737	29.234347498114154	0.0
141.0	31.650090872374797	17.0032310177706	20.99278069466882	30.35389741518578	0.0
142.0	26.7000126630366	20.510320374825884	24.061035836393568	28.728631125743952	0.0
143.0	27.520931000749577	18.809315089377595	19.768520283060816	33.90123362681201	0.0
144.0	27.94603348678254	20.001530241395578	18.758209107486707	33.29422716433517	0.0
145.0	27.250489863350534	19.477991368159522	16.865386831960862	36.40613193652908	0.0
146.0	33.706968663535164	14.082748857859857	20.106814233318318	32.103468245286656	0.0
147.0	34.09904340469838	16.483373462614693	22.600377432159824	26.817205700527104	0.0
148.0	32.355444438533965	16.789456886004576	21.447949359008458	29.407149316453	0.0
149.0	33.32765643405572	17.087466825619845	23.2256141695406	26.359262570783837	0.0
150.0	28.10854816824966	17.345997286295795	27.2003618272275	27.34509271822705	0.0
