# Position (bp)	A	C	G	T	N
0.0	24.927031585868146	24.280409357191758	29.555199867228605	21.237359189711494	0.0
1.0	28.692026215967353	20.849896511718832	13.251925743767165	37.20615152854665	0.0
2.0	37.07327270493203	22.4586258236138	14.548103514032354	25.91999795742182	0.0
3.0	18.49090262143002	33.84770527142148	12.994180805113615	34.667211302034886	0.0
4.0	36.48072093461105	11.971592776613024	14.964052193725646	36.58363409505028	0.0
5.0	34.03506812597722	18.32923832923833	28.467404831041193	19.16828871374326	0.0
6.0	33.4912802153183	18.334920779268433	19.029887060002267	29.143911945411006	0.0
7.0	44.55027417345121	15.512617403193719	18.966867849513317	20.970240573841764	0.0
8.0	23.672089509614818	28.797545601179337	26.53156624276276	20.998798646443085	0.0
9.0	29.174544067977788	15.390567539841701	15.495386834249905	39.939501557930605	0.0
10.0	34.43704699956764	14.643111840751253	23.546529715552026	27.373311444129083	0.0
11.0	29.21937545569271	25.4371060302205	21.38983683608464	23.953681678002148	0.0
12.0	24.686938111944453	27.673250977595476	17.555237534560852	30.08457337589922	0.0
13.0	29.046431597034427	14.712831828051684	24.552443948799684	31.688292626114205	0.0
14.0	32.71351147827114	15.420721035493376	27.54274537207659	24.323022114158903	0.0
15.0	35.26028529354986	21.266829718902414	16.851177342440007	26.62170764510772	0.0
16.0	35.73269005875943	17.982172742835353	17.99318116188279	28.291956036522425	0.0
17.0	29.631473229598924	21.452696504268552	22.543646786100034	26.372183480032486	0.0
18.0	33.27494084969041	15.657481816165783	20.218955859430466	30.848621474713344	0.0
19.0	33.53387801076273	16.430464284061884	20.742095077641263	29.29356262753413	0.0
20.0	24.536489718296153	21.974399841734034	27.233233300308076	26.255877139661738	0.0
21.0	26.741364373884203	25.416046445955843	17.356766907096922	30.485822273063036	0.0
22.0	35.83719026855756	18.88023637787914	18.51073639941735	26.771836954145943	0.0
23.0	37.76222772111367	16.288631174885488	22.495624552284408	23.453516551716437	0.0
24.0	39.964390157516114	19.84020242727663	14.16719714483091	26.028210270376345	0.0
25.0	34.92428919914549	15.687635311817457	16.45710784900278	32.93096764003427	0.0
26.0	25.41716324209109	16.999870770732922	29.452945390264407	28.13002059691158	0.0
27.0	28.60737117357724	22.393836561671876	17.31895538080355	31.67983688394733	0.0
28.0	30.69147230425356	21.08750416804272	20.562290899866465	27.658732627837264	0.0
29.0	26.238327486107853	23.512387662274467	17.82390677624032	32.42537807537736	0.0
30.0	24.77110998868337	16.54625432365559	14.875612984073602	43.807022703587435	0.0
31.0	31.742590775112756	14.235350059959046	17.616752028921233	36.40530713600697	0.0
32.0	30.77230103546922	12.479228709019464	26.720025805274446	30.028444450236876	0.0
33.0	34.78442491382259	23.082223771807488	17.502072204825936	24.631279109543982	0.0
34.0	37.70276700863553	10.72810676146622	25.73111590085236	25.83801032904589	0.0
35.0	24.047884107273397	17.20234881531986	29.951695437583915	28.798071639822837	0.0
