# Position (bp)	A	C	G	T	N
0.0	27.648135739874114	24.16758556286569	22.698758566838485	25.484992534517964	5.275959037454033E-4
1.0	27.390904552977958	20.098783595617792	15.383968683498411	37.12634316790584	0.0
2.0	27.92376763789628	20.340323045105894	17.83554543312652	33.899840309955756	5.235739155475274E-4
3.0	24.478699200567743	21.856018702122775	14.85368093677597	38.81003569266735	0.0015654678661629338
4.0	33.96983462054198	14.85140796025072	14.823342307412451	36.35385590885939	0.0015592029354593933
5.0	35.665518386320244	15.01566780111231	21.793807586951107	27.51981821200299	0.005188013613347722
6.0	32.04092092796902	17.675107298359332	20.430435975625542	29.85353579804611	0.0
7.0	35.040080883945976	17.081575173580664	20.20912214094853	27.668705960032604	5.158414922262687E-4
8.0	24.661596840712384	26.06154844223848	21.490467045273167	27.786387671775962	0.0
9.0	28.74807833700956	18.540513026175752	16.400590252605493	36.31030422688734	5.141573218573419E-4
10.0	27.5292872953998	16.899064758177587	24.52069498585068	31.0499257866868	0.0010271738851311443
11.0	28.1116133037148	18.91618741759567	19.684696008167325	33.28750327052221	0.0
12.0	27.29285846097066	19.988312726825367	20.696212913411657	32.02261589879232	0.0
13.0	27.42308795215272	21.29982384990373	18.30936872721314	32.96771947073041	0.0
14.0	31.076154192781942	19.25873581582074	20.35864978902954	29.305948138134447	5.120642333374299E-4
15.0	29.911720126172625	18.992462414485274	19.089754618819384	32.005550776289375	5.120642333374299E-4
16.0	30.11961820490762	18.220781614845766	19.215722420220395	32.442853631559544	0.0010241284666748598
17.0	29.90352709843923	18.849084429150793	20.457990250296998	30.788886157879645	5.120642333374299E-4
18.0	32.193990414157554	18.24126418417926	18.08252427184466	31.482221129818523	0.0
19.0	30.766867395846138	18.798390070050385	19.637663348490435	30.79707918561304	0.0
20.0	30.474478718610463	18.23563147761255	20.014030559993444	31.2753471795502	5.120642333374299E-4
21.0	29.739154479537916	17.820347384375896	18.81580025398386	33.62367375363566	0.0010241284666748598
22.0	28.89885707263119	18.969931588218426	19.90752119945926	32.22317807545779	5.120642333374299E-4
23.0	29.996210724673304	17.856703944942854	19.914178034492647	32.232395231657854	5.120642333374299E-4
24.0	30.743824505345952	17.90739830404326	19.029843103518907	32.31893408709188	0.0
25.0	29.273176027200854	18.423046987014054	19.56955880545656	32.73421818032854	0.0
26.0	31.59487526115276	17.424521732006063	20.847671131866782	30.132931874974396	0.0
27.0	28.936237761664824	18.37747327024702	20.012494367293435	32.67379460079473	0.0
28.0	30.133443939207734	17.808569907009137	20.496907132030643	31.560054893285816	0.0010241284666748598
29.0	29.842591454672075	18.62838474458236	19.053398058252426	32.475113678259795	5.120642333374299E-4
30.0	30.527221334644217	18.384642169513743	18.768690344516816	32.31790995862521	0.0015361927000122895
31.0	30.69584764986917	18.19834397578948	19.422695827167193	31.681576346607816	0.001536200566345942
32.0	29.358479358479357	18.931720655858587	18.94196204541032	32.767325870774144	5.12069477586719E-4
33.0	29.9559606718558	17.914276935682096	19.40342072920934	32.72634166325277	0.0
34.0	29.659350451160932	18.725483167241926	19.410674232104633	32.20346794760183	0.0010242018906766901
35.0	30.672535896936594	17.62460157218846	19.337713049984114	32.3646370335448	5.124473460351948E-4
36.0	31.179114498183182	18.019075342992295	18.63254083363656	32.16875682268951	5.125024984496799E-4
37.0	29.267217517888994	19.449798043999756	19.3518955159617	31.93108892214955	0.0
38.0	31.17287273584857	18.42082327186223	19.278034975467957	31.12775633039564	5.126864256015094E-4
39.0	30.164526320108315	19.105157346243796	18.96360727034013	31.766196200713903	5.128625938538548E-4
40.0	29.674481639860982	18.92636950261041	19.08602288536271	32.31209926230897	0.0010267098569279813
41.0	29.78609680635645	18.02758847533586	20.648185266274012	31.537615508752452	5.139432812194845E-4
42.0	28.957898309966364	18.901015254533675	19.137599391053005	33.00348704444696	0.0
43.0	29.69167348577251	18.451728450338898	19.98692790275183	31.86967016113676	0.0
44.0	29.633920893132093	19.126333081007036	19.84211583321747	31.397115241023105	5.149516202952732E-4
45.0	29.93961377547866	18.614620473609364	19.778549494033513	31.666701016054905	5.152408235609324E-4
46.0	30.09572609038564	17.473491038244042	19.954533973225562	32.47624889814476	0.0
47.0	30.297763934155697	18.895684640455464	19.217995791905608	31.588555633483228	0.0
48.0	30.520988112927196	18.31455340927852	18.797465742116557	32.36596087171868	0.0010318639590556381
49.0	28.449908897113097	18.36303855226415	20.46072768753516	32.726324863087584	0.0
50.0	29.945186937856143	18.398797315658143	19.20885274866067	32.44612976385437	0.0010332339706664877
51.0	30.85605508051542	18.145326070650796	18.91866726671736	32.07995158211642	0.0
52.0	29.480232895445692	18.585533131656376	20.176847208984295	31.75686875802909	5.180058845468485E-4
53.0	30.994843702988994	18.623362071648668	19.281645865106288	31.100148360256053	0.0
54.0	30.517963045668406	18.716569208878177	18.730071353641943	32.03487707855132	5.193132601447845E-4
55.0	29.5582638354512	18.529417881579768	18.13842730278893	33.773890980180106	0.0
56.0	29.27907061474962	18.416984598728966	20.80342689991516	31.500517886606254	0.0
57.0	28.117772082265425	19.741722406284513	19.20828905419766	32.9316955262445	5.209310078973141E-4
58.0	30.5055930744961	17.965633229902743	21.809079293890644	29.719172902923003	5.21498787515319E-4
59.0	29.082056452666166	21.166876505221584	20.88633715918649	28.86472988292576	0.0
60.0	31.39845971005691	18.784521709083105	19.734768563844547	30.08225001701544	0.0
61.0	28.78396539414556	21.26958128596027	19.661605980429215	30.282222502204863	0.002624837260089874
62.0	31.602009753836757	16.827475062409807	20.891749265302252	30.67771258834806	0.001053330103121017
63.0	26.26061648366186	21.000661463156504	24.627596242889272	28.110596639767166	5.291705252017463E-4
64.0	26.337658473342472	21.083729184599527	17.917450399039332	34.660630599037205	5.313439814667219E-4
65.0	28.095230471189097	19.800722607363763	18.55297074881122	33.551076172635916	0.0
66.0	27.67407200909227	19.680269337164667	16.92042116098042	35.72041258336371	0.004824909398923509
67.0	33.691354699703744	14.154053326151361	17.756531106921628	34.394290331268515	0.0037705359547535685
68.0	34.363091997822536	16.11377245508982	22.995100707675558	26.526401741970606	0.0016330974414806752
69.0	31.938901042623424	17.250880913812395	20.34312497564614	30.46653640832095	5.566595970897836E-4
70.0	32.59625718213966	16.37918095089428	22.617811105974457	28.40615037314105	6.003878505514562E-4
71.0	26.127646633975747	20.046375489413464	25.260196905766524	28.565020716919452	7.602539248108868E-4
