# Position (bp)	A	C	G	T	N
0.0	68.31265508684864	8.560794044665013	9.77667493796526	13.34987593052109	0.0
1.0	11.63771712158809	67.07196029776675	10.297766749379653	10.99255583126551	0.0
2.0	14.194184327254805	64.85953671759488	7.836372597338591	13.10990635781173	0.0
3.0	68.16176470588235	9.28921568627451	9.068627450980392	13.480392156862745	0.0
4.0	67.89821384878884	9.469048201614877	8.808416931734769	13.824321017861513	0.0
5.0	14.170535059858294	63.20547275836794	8.111409723918886	14.512582457854876	0.0
6.0	13.5009765625	63.2080078125	9.5458984375	13.7451171875	0.0
7.0	69.52171791117618	9.199609565641778	8.46754514397267	12.811127379209369	0.0
8.0	67.72383508172724	9.612100512320078	8.636252744571847	14.027811661380824	0.0
9.0	13.230994152046785	62.86549707602339	9.161793372319687	14.741715399610136	0.0
10.0	12.56391526661797	7.84027270513757	8.935962990017043	70.65984903822742	0.0
11.0	12.527365604475795	9.438092921430309	8.756993432254925	69.27754804183897	0.0
12.0	12.244897959183673	8.430515063168125	8.940719144800777	70.38386783284743	0.0
13.0	12.72418807561803	62.82113427047988	10.058167716917112	14.396509936984975	0.0
14.0	13.2495164410058	8.873307543520308	64.14410058027079	13.733075435203096	0.0
15.0	65.3920153920154	8.946608946608947	10.50986050986051	15.151515151515152	0.0
16.0	12.134292565947243	10.191846522781775	10.743405275779375	66.9304556354916	0.0
17.0	13.438546150167385	62.38641798182688	9.37350549976088	14.801530368244858	0.0
18.0	11.983767008832658	8.808784912867033	10.408211983767009	68.7992360945333	0.0
19.0	14.149595045259646	62.45831348261077	10.338256312529776	13.053835159599808	0.0
20.0	12.72294887039239	9.3935790725327	9.488703923900118	68.3947681331748	0.0
21.0	12.321937321937321	9.069325735992402	10.94491927825261	67.66381766381767	0.0
22.0	13.068181818181818	8.238636363636363	63.8967803030303	14.796401515151514	0.0
23.0	13.63421550094518	9.357277882797732	10.184310018903592	66.8241965973535	0.0
24.0	66.17855455833727	8.833254605573925	9.56542276806802	15.422768068020783	0.0
25.0	13.682472281198397	8.421797593772116	62.13729653220099	15.758433592828498	0.0
26.0	67.59368371435305	8.036766438840443	8.979495639877445	15.39005420692906	0.0
27.0	13.306641544983513	9.962317475270844	7.60715967969854	69.1238813000471	0.0
28.0	13.370998116760829	61.558380414312616	8.47457627118644	16.596045197740114	0.0
29.0	14.588235294117647	8.4	7.8352941176470585	69.17647058823529	0.0
30.0	13.985849056603774	9.174528301886792	60.96698113207547	15.872641509433963	0.0
31.0	14.14691943127962	8.436018957345972	9.431279620853081	67.98578199052133	0.0
32.0	13.838120104438643	8.355091383812011	8.022786612864943	69.78400189888441	0.0
33.0	14.241559676652402	61.673799334284354	8.32144555397052	15.763195435092726	0.0
34.0	16.329445370149966	8.33134967864794	8.378957391097359	66.96024756010473	0.0
35.0	13.285714285714286	62.28571428571429	8.642857142857142	15.785714285714286	0.0
36.0	15.053507728894175	8.299643281807372	8.394768133174791	68.25208085612367	0.0
37.0	67.73504273504274	9.472934472934472	8.499525166191834	14.292497625830961	0.0
38.0	67.88838969023409	9.671317096240246	7.661385670371246	14.77890754315441	0.0
39.0	68.26148744670772	9.900521080056846	7.318806252960681	14.519185220274752	0.0
40.0	13.071428571428573	61.92857142857143	10.119047619047619	14.880952380952381	0.0
41.0	14.233929434509424	8.45819236346061	62.71145480908652	14.59642339294345	0.0
42.0	68.04647785039943	9.489227789881385	8.811425804889856	13.65286855482934	0.0
43.0	67.58469412624909	9.968315866439191	8.384109188398732	14.06288081891299	0.0
44.0	15.233896644624052	62.23365172667157	7.812882684300759	14.719568944403624	0.0
45.0	25.179042593290614	11.76027139087825	12.551828119110443	50.50885789672069	0.0
46.0	29.796511627906973	17.00581395348837	17.05426356589147	36.143410852713174	0.0
47.0	29.65412004069176	17.395727365208547	18.71820956256358	34.23194303153612	0.0
48.0	29.245767060030786	18.984094407388405	18.93278604412519	32.837352488455615	0.0
49.0	28.910686628807436	18.53381517811048	19.92772328342798	32.62777490965411	0.0
50.0	29.320186818889464	21.58796056045667	18.318629994810586	30.773222625843278	0.0
51.0	28.46034214618974	18.921721099015034	17.573872472783826	35.044064282011405	0.0
52.0	28.682572614107883	17.946058091286307	20.07261410788382	33.29875518672199	0.0
53.0	30.057202288091524	19.448777951118046	19.760790431617263	30.733229329173167	0.0
54.0	29.433177327093084	20.228809152366097	19.34477379095164	30.993239729589185	0.0
55.0	32.239583333333336	17.447916666666664	20.0	30.312499999999996	0.0
56.0	28.256302521008404	18.907563025210084	19.800420168067227	33.035714285714285	0.0
57.0	32.19358232509206	17.83271962125197	18.99000526038927	30.983692793266705	0.0
58.0	30.37974683544304	16.77215189873418	19.145569620253163	33.70253164556962	0.0
59.0	26.462836056931998	19.29362150764365	21.718502899314707	32.525039536109645	0.0
60.0	27.862796833773086	16.6754617414248	20.369393139841687	35.09234828496042	0.0
61.0	31.27311146328579	17.22134178552562	20.86634970945589	30.6391970417327	0.0
62.0	31.12758073054526	19.640021175224987	20.01058761249338	29.22181048173637	0.0
63.0	34.50106157112526	17.091295116772823	20.32908704883227	28.07855626326964	0.0
64.0	30.62200956937799	17.650186071238704	21.052631578947366	30.67517278043594	0.0
65.0	30.409356725146196	19.51089845826688	19.617224880382775	30.462519936204146	0.0
66.0	29.22422954303932	16.365568544102018	20.88204038257173	33.52816153028692	0.0
67.0	29.073482428115017	16.347177848775292	22.097976570820023	32.481363152289674	0.0
68.0	27.74504552758436	18.532404927691484	19.65720407070166	34.06534547402249	0.0
69.0	27.974276527331188	17.792068595927116	22.561629153269024	31.672025723472668	0.0
70.0	29.168900804289542	19.517426273458447	20.64343163538874	30.67024128686327	0.0
71.0	27.292225201072384	20.536193029490615	20.0	32.171581769437	0.0
72.0	26.41509433962264	19.245283018867926	19.245283018867926	35.094339622641506	0.0
73.0	29.23408845738943	16.235167206040995	20.550161812297734	33.980582524271846	0.0
74.0	30.303030303030305	17.532467532467532	22.24025974025974	29.924242424242426	0.0
75.0	29.50108459869848	19.143167028199567	21.095444685466376	30.260303687635577	0.0
76.0	29.945652173913047	20.48913043478261	18.695652173913043	30.869565217391305	0.0
77.0	28.695652173913043	20.054347826086957	18.478260869565215	32.77173913043478	0.0
78.0	29.945652173913047	18.695652173913043	18.532608695652176	32.826086956521735	0.0
79.0	30.706521739130434	19.83695652173913	17.934782608695652	31.521739130434785	0.0
80.0	30.869565217391305	18.586956521739133	19.782608695652172	30.76086956521739	0.0
81.0	27.49047359825803	19.542732716385412	17.583015786608602	35.38377789874796	0.0
82.0	31.808278867102395	17.429193899782135	19.77124183006536	30.99128540305011	0.0
83.0	29.241680305510094	18.71249318057829	19.803600654664486	32.242225859247135	0.0
84.0	27.02407002188184	17.450765864332602	19.25601750547046	36.2691466083151	0.0
85.0	30.44906900328587	17.74370208105148	20.920043811610075	30.887185104052573	0.0
86.0	28.901098901098898	20.439560439560438	20.87912087912088	29.78021978021978	0.0
87.0	32.28822882288229	17.436743674367435	21.067106710671066	29.207920792079207	0.0
88.0	31.883259911894275	20.53964757709251	18.44713656387665	29.129955947136565	0.0
89.0	29.629629629629626	17.855168601437256	17.24709784411277	35.268103924820345	0.0
90.0	29.20353982300885	16.150442477876105	19.579646017699115	35.06637168141593	0.0
91.0	27.962347729789588	20.59800664451827	18.49390919158361	32.945736434108525	0.0
92.0	28.421052631578945	18.44875346260388	18.725761772853186	34.40443213296399	0.0
93.0	30.74361820199778	16.09322974472808	18.590455049944506	34.57269700332964	0.0
94.0	30.161380077907623	16.805787423483583	20.311630495269895	32.7212020033389	0.0
95.0	31.60823594880356	16.30495269894268	20.311630495269895	31.775180856983866	0.0
96.0	28.507795100222715	17.260579064587972	17.928730512249444	36.30289532293987	0.0
97.0	30.60200668896321	17.279821627647713	18.896321070234116	33.22185061315496	0.0
98.0	31.91727221911683	18.4460592509782	18.78144214645053	30.855226383454443	0.0
99.0	30.70469798657718	20.861297539149888	18.624161073825505	29.809843400447427	0.0
100.0	33.59594822734947	15.475520540236353	19.696117051209903	31.232414181204277	0.0
101.0	31.399317406143346	18.20250284414107	19.624573378839592	30.773606370875996	0.0
102.0	30.0	17.586206896551722	19.82758620689655	32.58620689655172	0.0
103.0	30.369515011547342	18.18706697459584	19.168591224018474	32.274826789838336	0.0
104.0	26.755658734764943	19.55890887986071	21.88044109112014	31.804991294254208	0.0
105.0	27.08698190309399	19.38120256859311	19.78984238178634	33.74197314652656	0.0
106.0	31.671554252199414	18.826979472140764	20.058651026392962	29.442815249266864	0.0
107.0	31.150442477876105	19.233038348082594	19.76401179941003	29.85250737463127	0.0
108.0	31.469363474122545	17.846519928613922	18.02498512790006	32.65913146936347	0.0
109.0	29.778310365488313	18.813660874775316	19.832234871180347	31.57579388855602	0.0
110.0	27.459263729631868	19.493059746529873	20.63971031985516	32.4079662039831	0.0
111.0	29.030303030303028	19.636363636363637	18.787878787878785	32.54545454545455	0.0
112.0	28.17848410757946	19.498777506112468	20.17114914425428	32.15158924205379	0.0
113.0	28.386699507389164	19.889162561576352	17.48768472906404	34.23645320197045	0.0
114.0	31.184128952262864	16.738995660260382	19.280843149411037	32.79603223806571	0.0
115.0	25.0	20.511221945137155	19.76309226932668	34.72568578553616	0.0
116.0	28.44556324732536	17.558212712397733	18.628067967275015	35.36815607300189	0.0
117.0	28.46251588310038	20.90216010165184	17.852604828462514	32.78271918678526	0.0
118.0	28.023032629558543	17.59436980166347	20.985284708893154	33.397312859884835	0.0
119.0	24.758842443729904	19.807073954983924	24.5016077170418	30.93247588424437	0.0
120.0	25.19480519480519	20.584415584415584	21.883116883116884	32.33766233766234	0.0
121.0	28.206806282722514	20.353403141361255	20.091623036649214	31.348167539267013	0.0
122.0	27.931488801054016	18.44532279314888	20.75098814229249	32.87220026350462	0.0
123.0	31.40770252324037	17.66268260292165	19.389110225763613	31.540504648074368	0.0
124.0	28.5809906291834	19.009370816599734	22.289156626506024	30.120481927710845	0.0
125.0	27.327935222672068	18.353576248313093	19.770580296896085	34.54790823211876	0.0
126.0	29.351535836177472	19.31740614334471	19.180887372013654	32.15017064846417	0.0
127.0	29.67032967032967	19.09340659340659	21.153846153846153	30.08241758241758	0.0
128.0	31.947331947331946	19.47331947331947	18.364518364518364	30.21483021483021	0.0
129.0	31.075418994413408	17.59776536312849	17.108938547486034	34.21787709497207	0.0
130.0	31.83098591549296	18.028169014084508	17.676056338028168	32.46478873239437	0.0
131.0	31.103202846975087	20.427046263345193	20.0	28.46975088967972	0.0
132.0	29.094827586206897	18.39080459770115	21.120689655172413	31.393678160919542	0.0
133.0	28.58176555716353	19.753979739507958	20.11577424023155	31.54848046309696	0.0
134.0	26.98760029175784	19.912472647702405	19.40189642596645	33.69803063457331	0.0
135.0	27.888153053715968	16.629874908020604	18.984547461368653	36.49742457689478	0.0
136.0	27.232472324723243	18.00738007380074	20.51660516605166	34.24354243542436	0.0
137.0	25.692883895131086	17.378277153558052	19.625468164794007	37.30337078651685	0.0
138.0	28.50678733031674	17.49622926093514	19.75867269984917	34.23831070889894	0.0
139.0	29.832572298325722	16.818873668188736	20.24353120243531	33.10502283105023	0.0
140.0	28.197226502311246	17.4884437596302	22.18798151001541	32.12634822804314	0.0
141.0	29.457364341085274	18.294573643410853	20.775193798449614	31.472868217054263	0.0
142.0	33.20281910728269	16.67971808927173	17.854346123727485	32.26311667971809	0.0
143.0	33.306899286280725	19.42902458366376	20.459952418715304	26.804123711340207	0.0
144.0	31.028938906752412	20.337620578778136	15.755627009646304	32.87781350482315	0.0
145.0	31.497975708502025	18.54251012145749	17.00404858299595	32.955465587044536	0.0
146.0	27.51842751842752	21.294021294021295	18.91891891891892	32.26863226863227	0.0
147.0	29.82601491300746	19.96685998342999	16.570008285004143	33.63711681855841	0.0
148.0	27.74030354131535	21.66947723440135	19.05564924114671	31.534569983136596	0.0
149.0	29.796264855687603	20.37351443123939	17.996604414261462	31.833616298811545	0.0
150.0	29.195205479452053	17.38013698630137	18.493150684931507	34.93150684931507	0.0
151.0	26.741186586414443	20.378331900257955	22.35597592433362	30.524505588993982	0.0
152.0	26.51646447140381	20.45060658578856	19.670710571923745	33.36221837088388	0.0
153.0	28.984238178633976	19.001751313485112	17.162872154115586	34.85113835376533	0.0
154.0	31.588287488908605	15.350488021295474	19.875776397515526	33.18544809228039	0.0
155.0	31.137184115523464	20.397111913357403	18.501805054151625	29.96389891696751	0.0
156.0	31.141552511415526	16.25570776255708	18.356164383561644	34.24657534246575	0.0
157.0	30.619796484736355	19.611470860314522	20.351526364477333	29.417206290471785	0.0
158.0	29.186155285313376	21.98316183348924	17.118802619270348	31.711880261927032	0.0
159.0	32.5515947467167	16.04127579737336	21.669793621013135	29.73733583489681	0.0
160.0	28.086710650329877	19.50989632422243	23.279924599434494	29.123468426013194	0.0
161.0	29.590865842055187	19.60038058991437	21.217887725975263	29.590865842055187	0.0
162.0	31.949806949806952	18.725868725868725	19.69111969111969	29.633204633204635	0.0
163.0	30.107526881720432	17.595307917888565	18.866080156402738	33.43108504398827	0.0
164.0	29.241516966067866	16.16766467065868	20.65868263473054	33.93213572854291	0.0
165.0	28.85973763874874	17.356205852674066	23.107971745711403	30.67608476286579	0.0
166.0	27.73797338792221	18.526100307062435	22.10849539406346	31.627430910951894	0.0
167.0	27.178423236514522	19.91701244813278	23.96265560165975	28.94190871369295	0.0
168.0	26.919032597266035	19.032597266035754	20.39957939011567	33.64879074658255	0.0
169.0	27.872340425531917	17.23404255319149	19.361702127659576	35.53191489361702	0.0
170.0	28.356605800214822	16.86358754027927	19.656283566058004	35.12352309344791	0.0
171.0	28.060671722643555	19.39328277356446	16.35969664138678	36.1863488624052	0.0
172.0	29.836065573770494	19.78142076502732	17.04918032786885	33.33333333333333	0.0
173.0	29.0929203539823	18.694690265486727	18.805309734513273	33.4070796460177	0.0
174.0	29.642058165548097	19.57494407158837	19.23937360178971	31.543624161073826	0.0
175.0	28.327645051194537	17.178612059158134	20.932878270762227	33.56086461888509	0.0
176.0	28.93226176808266	17.68082663605052	18.025258323765787	35.36165327210104	0.0
177.0	27.199074074074076	21.064814814814813	18.287037037037038	33.449074074074076	0.0
178.0	27.5175644028103	18.26697892271663	20.60889929742389	33.60655737704918	0.0
179.0	25.50415183867141	18.14946619217082	26.571767497034397	29.774614472123368	0.0
180.0	28.468033775633295	14.837153196622438	19.420989143546443	37.273823884197824	0.0
181.0	29.28921568627451	17.524509803921568	18.259803921568626	34.92647058823529	0.0
182.0	33.992583436341164	18.046971569839307	20.024721878862795	27.935723114956733	0.0
183.0	30.375000000000004	22.875	19.0	27.750000000000004	0.0
184.0	30.798479087452474	21.419518377693283	16.730038022813687	31.05196451204056	0.0
185.0	29.214929214929214	21.492921492921493	21.364221364221365	27.927927927927925	0.0
186.0	32.68229166666667	18.619791666666664	18.619791666666664	30.078125	0.0
187.0	33.50923482849604	22.427440633245382	15.963060686015831	28.100263852242747	0.0
188.0	32.2237017310253	19.04127829560586	18.908122503328894	29.82689747003995	0.0
189.0	28.512960436562075	19.781718963165076	19.64529331514325	32.06002728512961	0.0
190.0	30.261348005502064	16.91884456671252	20.357634112792297	32.46217331499312	0.0
191.0	29.108635097493035	18.245125348189415	19.91643454038997	32.729805013927574	0.0
192.0	31.444759206798867	19.405099150141645	18.13031161473088	31.01983002832861	0.0
193.0	30.603448275862068	17.385057471264368	20.545977011494255	31.46551724137931	0.0
194.0	28.179190751445088	21.38728323699422	20.3757225433526	30.057803468208093	0.0
195.0	27.988338192419825	18.658892128279884	18.513119533527696	34.839650145772595	0.0
196.0	29.705882352941178	20.147058823529413	18.823529411764707	31.323529411764707	0.0
197.0	30.952380952380953	17.857142857142858	21.875	29.315476190476193	0.0
198.0	28.808446455505276	22.171945701357465	18.250377073906485	30.76923076923077	0.0
199.0	29.42097026604069	20.970266040688575	18.153364632237874	31.455399061032864	0.0
200.0	26.68918918918919	18.58108108108108	20.945945945945947	33.78378378378378	0.0
201.0	34.31372549019608	18.03921568627451	17.45098039215686	30.19607843137255	0.0
202.0	35.445544554455445	18.81188118811881	15.445544554455445	30.297029702970296	0.0
203.0	36.08870967741936	17.338709677419356	19.153225806451612	27.419354838709676	0.0
204.0	32.719836400818	17.995910020449898	23.517382413087933	25.766871165644172	0.0
205.0	34.526315789473685	15.368421052631579	23.57894736842105	26.526315789473685	0.0
206.0	31.896551724137932	21.120689655172413	19.612068965517242	27.370689655172413	0.0
207.0	27.171492204899778	23.385300668151448	18.040089086859687	31.403118040089083	0.0
208.0	29.054054054054053	18.243243243243242	21.846846846846844	30.855855855855857	0.0
209.0	24.65437788018433	17.050691244239633	22.58064516129032	35.714285714285715	0.0
210.0	22.58823529411765	16.470588235294116	22.35294117647059	38.588235294117645	0.0
211.0	30.714285714285715	19.047619047619047	22.142857142857142	28.095238095238095	0.0
212.0	28.223844282238442	15.815085158150852	23.114355231143552	32.846715328467155	0.0
213.0	28.211586901763226	20.40302267002519	18.639798488664987	32.7455919395466	0.0
214.0	26.221079691516707	23.90745501285347	21.336760925449873	28.53470437017995	0.0
215.0	30.971128608923888	20.47244094488189	18.11023622047244	30.446194225721783	0.0
216.0	30.666666666666664	18.4	17.866666666666667	33.06666666666666	0.0
217.0	27.548209366391184	15.426997245179063	24.517906336088156	32.5068870523416	0.0
218.0	25.94752186588921	18.367346938775512	19.533527696793	36.15160349854227	0.0
219.0	18.211920529801322	23.509933774834437	26.158940397350992	32.11920529801324	0.0
220.0	0.0	29.347826086956523	29.891304347826086	40.76086956521739	0.0
