# Position (bp)	A	C	G	T	N
0.0	0.23866348448687352	0.23866348448687352	74.7016706443914	24.821002386634845	0.0
1.0	25.059665871121716	0.23866348448687352	1.6706443914081146	73.0310262529833	0.0
2.0	70.51886792452831	24.29245283018868	3.5377358490566038	1.650943396226415	0.0
3.0	19.272727272727273	54.18181818181819	25.272727272727273	1.2727272727272727	0.0
4.0	70.56798623063683	0.34423407917383825	7.228915662650602	21.858864027538726	0.0
5.0	70.4391891891892	0.0	24.155405405405407	5.405405405405405	0.0
6.0	48.558421851289836	0.15174506828528073	33.99089529590288	17.298937784522003	0.0
7.0	36.874051593323216	0.15174506828528073	6.373292867981791	56.600910470409715	0.0
8.0	71.32018209408194	15.781487101669194	11.836115326251896	1.062215477996965	0.0
9.0	26.403641881638844	62.2154779969651	10.318664643399089	1.062215477996965	0.0
10.0	17.450682852807283	47.496206373292864	0.15174506828528073	34.901365705614566	0.0
11.0	46.58573596358118	3.490136570561457	0.0	49.92412746585736	0.0
12.0	61.45675265553869	36.57056145675266	0.0	1.9726858877086493	0.0
13.0	18.361153262518968	71.16843702579666	0.30349013657056145	10.166919575113809	0.0
14.0	73.2928679817906	26.555386949924127	0.0	0.15174506828528073	0.0
15.0	66.76783004552352	32.92867981790592	0.0	0.30349013657056145	0.0
16.0	6.676783004552352	76.32776934749621	1.2139605462822458	15.781487101669194	0.0
17.0	21.699544764795146	15.174506828528072	0.9104704097116844	62.2154779969651	0.0
18.0	34.29438543247345	1.5174506828528074	16.5402124430956	47.64795144157815	0.0
19.0	7.7389984825493165	10.166919575113809	64.4916540212443	17.602427921092563	0.0
20.0	13.808801213960548	0.15174506828528073	20.637329286798177	65.402124430956	0.0
21.0	11.987860394537178	15.629742033383915	46.889226100151745	25.493171471927162	0.0
22.0	20.18209408194234	45.371775417298934	11.684370257966616	22.76176024279211	0.0
23.0	39.60546282245827	0.6069802731411229	1.9726858877086493	57.81487101669196	0.0
24.0	67.22306525037936	0.0	1.669195751138088	31.10773899848255	0.0
25.0	57.35963581183612	0.0	20.18209408194234	22.458270106221548	0.0
26.0	10.62215477996965	0.15174506828528073	39.45371775417299	49.77238239757208	0.0
27.0	16.99544764795144	0.15174506828528073	51.441578148710164	31.41122913505311	0.0
28.0	47.344461305007584	15.781487101669194	12.139605462822459	24.73444613050076	0.0
29.0	2.12443095599393	62.36722306525038	10.166919575113809	25.341426403641883	0.0
30.0	27.236580516898606	51.0934393638171	0.0	21.669980119284293	0.0
31.0	64.22764227642277	3.6585365853658534	0.0	32.113821138211385	0.0
32.0	18.067226890756302	52.94117647058824	0.42016806722689076	28.57142857142857	0.0
33.0	78.2312925170068	21.08843537414966	0.0	0.6802721088435374	0.0
34.0	86.51685393258427	11.235955056179774	2.247191011235955	0.0	0.0
35.0	8.0	90.66666666666666	1.3333333333333335	0.0	0.0
