# Position (bp)	A	C	G	T	N
0.0	31.14868004972948	14.924300781502234	26.09606302220274	27.820588259368158	0.010367887197387293
1.0	28.27650621201332	17.57652812981157	20.229764006246118	33.91038076035661	0.006820891572379209
2.0	29.791361386948633	19.123357852673067	19.104632009919243	31.977558077383183	0.0030906730758742057
3.0	31.355640408566337	18.526937196961644	20.021949129984094	30.094473924960504	9.993395274214224E-4
4.0	32.112015152299314	18.125647500206565	19.786879932010777	29.974731034883522	7.263805998269398E-4
5.0	32.23031675768482	18.124862746806198	19.77689209766438	29.867020938712024	9.074591325779644E-4
6.0	28.169880219642675	18.041791607937466	17.841069261454233	35.9468961050976	3.628058680221094E-4
7.0	27.8734493722241	19.585121226159792	19.573607392787626	32.967278048196725	5.439606317558777E-4
8.0	27.158286906626827	19.479193375802183	19.6070348125551	33.755394301588005	9.060342789009079E-5
9.0	30.69702581191396	17.420257439997826	19.73431974898921	32.14758202900388	8.149700951251206E-4
10.0	29.11978223058003	20.45868770033538	21.200120902570266	29.220775694963542	6.334715507926539E-4
11.0	27.492056371048196	20.109026476954206	19.955716473272954	32.44283888520563	3.617935190117972E-4
12.0	28.56475174272332	18.986033804899964	20.130703119137998	32.31805932355847	4.52009680239312E-4
13.0	29.295065631072877	18.636171037403702	20.696667808024255	31.371734143787567	3.6137971160092114E-4
14.0	29.044540554206204	18.72427834911921	20.121802569682085	32.10901736296082	3.611640316740856E-4
15.0	29.245357081302625	18.52700747974405	20.574304295370933	31.652879958635367	4.511849470263754E-4
16.0	29.60091911068466	18.916888658830658	20.58160443972304	30.900227072282572	3.6071847906660485E-4
17.0	29.129047929358343	19.454396491351407	19.727045021708232	31.6892401623453	2.7039523671751E-4
18.0	29.057805025027854	18.962080343156813	20.149923930089546	31.829920471138024	2.7023058776053604E-4
19.0	28.663150426414656	18.764315863777803	20.701819465252967	31.870444133917253	2.7011063731704506E-4
20.0	28.93881588243606	18.643150998704876	19.57232948935684	32.845343622338085	3.600071641425665E-4
21.0	29.02700820745067	18.381252861991936	20.211308343026996	32.3801606943811	2.6989314930219127E-4
22.0	29.302467803439097	18.682998776890425	19.77912080005756	32.23487301244694	5.396071659831643E-4
23.0	28.958116628292828	18.328728772645583	18.70353671616457	34.00943807577612	1.7980712090140906E-4
24.0	29.101759273822097	18.133956456287777	19.04994719931696	33.71433707057317	0.0
25.0	30.301908559496702	18.065636045736426	19.124319623068033	32.50741698458022	7.187871186160472E-4
26.0	29.11069176402116	18.344828453408613	18.83289577328671	33.71140437464242	1.7963464110345968E-4
27.0	29.75051810773049	18.378367700248187	18.735475922806437	33.13518930237737	4.4896683751351386E-4
28.0	29.84618615810056	17.961313624242575	19.027159088767203	33.16462308562935	7.180432603113257E-4
29.0	29.81302768474966	18.539155991484378	18.60464699006062	33.04263105152527	5.382821800787148E-4
30.0	30.006713493583586	18.169424165345806	19.154817829172107	32.668685501546435	3.590103520635017E-4
31.0	30.193615344146203	18.308078767670565	19.180541864402823	32.31722535547619	5.386683042183114E-4
32.0	29.99132279732893	18.82710449112608	18.820008228072098	32.36120517901446	3.593044584293724E-4
33.0	30.579768401988105	17.843406506938315	19.72647801779296	31.849627657230627	7.194160499922214E-4
34.0	30.54150227856529	18.768000215935114	19.537538969539654	31.152418698181194	5.398377787474864E-4
35.0	29.947013726010997	18.878149577055186	19.122507686836265	32.05205890164901	2.701084485420896E-4
36.0	30.223495299246185	18.202828922115437	19.61098266208455	31.961972280239532	7.208363142918413E-4
37.0	29.94598941424974	18.67156136660936	20.26113680968819	31.120771492219358	5.409172333525961E-4
38.0	30.391558927814216	18.347242396629344	19.292397080450023	31.96807982749754	7.217676088741328E-4
39.0	30.306443040857868	18.284989135661423	19.29513762098101	32.11270711840141	7.230840982960523E-4
40.0	30.27031479548748	18.29981289867653	19.8763701075991	31.552687533548347	8.146646885401119E-4
41.0	30.35327843511987	18.368266499608797	19.42573555476781	31.85217554494017	5.439655633534027E-4
42.0	30.25601022878553	18.026145880062405	19.59678752204401	32.12023908333227	8.172857757767392E-4
43.0	30.570514236271112	18.181272852698424	19.592766391002797	31.654537638161408	9.088818662616689E-4
44.0	30.86348446342843	18.0392866693469	18.92012595892691	32.17610236800599	0.001000540291757549
45.0	30.368764347257798	17.85040076749296	19.51891516981874	32.259917243287624	0.0020024721428818486
46.0	29.988742472211392	18.39239588608402	19.693113963341993	31.924927955465364	8.197228972286079E-4
47.0	29.906362348095122	18.810004419879434	19.317060278953626	31.965388243120707	0.0011847099511079317
48.0	29.731176568759864	18.41992706008742	19.606044218112043	32.24175778075893	0.001094372281738848
49.0	30.191924934727638	18.486246946275436	19.667400686078484	31.653606109913095	8.21323005348638E-4
50.0	29.140428283477743	18.997852828813556	19.501629786040922	32.35890181007171	0.0011872915960760926
51.0	29.816872249313324	18.114154353797147	19.915634183237437	32.152516578385715	8.226352663738694E-4
52.0	29.36230006696453	18.473062328243298	20.320258783148358	31.84328104245112	0.0010977791926931818
53.0	30.00334161871673	18.731100399620978	19.31766892340369	31.946698892688264	0.001190165570341074
54.0	29.096763493385602	18.502635772281735	20.07328665638564	32.32648939689241	8.246810546021327E-4
55.0	29.418255261072467	18.810351912183382	20.015372310762817	31.75491987320595	0.0011006427753808225
56.0	29.950917293895785	18.260400924730668	19.340936592782473	32.4468270683871	9.181202039695845E-4
57.0	29.680298573028992	18.020621095864477	20.225455354197052	32.072338341103695	0.0012866358057878392
58.0	29.529819784182585	18.515036383540473	20.27901713844144	31.674746787117193	0.0013799067183058425
59.0	29.157786934314235	18.36322510651074	19.79322273039567	32.68456796149589	0.0011972672834742117
60.0	29.613458458241542	18.195457106420413	20.13346697858756	32.056695341380944	9.221153695423449E-4
61.0	29.61999300130464	18.22938547207493	20.79508133905909	31.354155221460694	0.0013849661006464099
62.0	29.518136329139317	18.520973322647233	19.76300150030644	32.19668712371011	0.0012017241969015852
63.0	29.43987692695037	17.975459441246873	20.040098710213694	32.54345415399312	0.0011107675959471793
64.0	29.133965544726237	18.4807834181678	20.504020523390956	31.880489061729584	7.41451985423054E-4
65.0	29.21355509401814	18.87090996493924	19.543263564467065	32.37180736442957	4.640121459819332E-4
66.0	29.360455661053305	18.340375981703673	20.039533001320557	32.258520179580565	0.001115176341905632
67.0	29.587480630435692	18.970586182346125	20.18650621920065	31.254124030358447	0.0013029376590863615
68.0	29.611594386590145	18.4105901014164	19.50788535342898	32.46937097973722	5.591788272528848E-4
69.0	29.621755211867296	18.50858043639968	19.89922058819412	31.969977105769846	4.666577690585366E-4
70.0	29.971790859789916	18.61728478145861	20.23627257993057	31.174277900223018	3.738785978804822E-4
71.0	30.127926040153962	18.92739871858612	19.389460497229035	31.554933855411647	2.8088861923581445E-4
72.0	30.0034984416459	18.13327655790859	19.91541837329029	31.947431459150298	3.7516800492220424E-4
73.0	29.851218859078376	18.335737070322224	20.255939266100732	31.557010847352522	9.395714614564297E-5
74.0	29.848838522645988	19.199578329129174	18.835416588230867	32.11588419110726	2.823688867136026E-4
75.0	29.866027183081723	18.188599249933283	19.861962828602117	32.08331643781491	9.43005679723209E-5
76.0	30.122043621288764	18.806130334802745	19.549086704066422	31.522644864210175	9.447563190026397E-5
77.0	30.01395249336925	18.32055143585734	19.32164756796871	32.34346987340526	3.786293994369781E-4
78.0	29.906079375873123	18.04076437712028	19.82812990503613	32.224646979659546	3.793623109234532E-4
79.0	29.951910283216122	18.202718114426915	20.13419501995818	31.710891465500858	2.8511689792815053E-4
80.0	29.62004293063484	18.24713875127849	19.799803059998133	32.33253909754244	4.7616054609900705E-4
81.0	29.500983983309503	18.29674493358351	20.120120406725828	32.0815780381797	5.726382014579369E-4
82.0	29.598632617281094	18.632119911889134	20.32795760118833	31.44042903832708	8.608313143650747E-4
83.0	29.839282547321293	18.289579009428312	19.65143533674932	32.21788167399234	0.001821432508735686
84.0	29.4379936402748	18.301171138878985	20.395037146445695	31.86522149006689	5.765843336270711E-4
85.0	30.03613530460684	18.14038532122465	20.164675259117395	31.658418774559436	3.8534049167520036E-4
86.0	29.800348463015403	18.23713255888523	19.474234211959775	32.487318959555886	9.658065837103198E-4
87.0	30.31846183938632	17.542998351915436	19.663236869065397	32.47481877848078	4.8416115207114456E-4
88.0	29.887819112687623	17.969133753089437	20.207024022397345	31.935052353022265	9.70758803326208E-4
89.0	29.658900979950296	18.34367276454618	19.11219442868031	32.88406371283086	0.0011681139923508002
90.0	30.01850770861682	17.731770980771895	19.665416550342723	32.582840542814694	0.001464217453862508
91.0	30.056934318002053	18.228966802672076	19.372254113445738	32.34067005505478	0.0011747108253518258
92.0	30.011113772831344	17.998519472665226	19.17469437124714	32.813414284536144	0.0022580987201489167
93.0	29.847261569608683	17.622574289014473	19.578110675540877	32.951265697514685	7.877683212755544E-4
94.0	30.16905623848635	18.00421776300518	19.940141349387833	31.885893212562415	6.914365582263664E-4
95.0	29.503992770504134	18.376653167512057	19.716527662036924	32.40163733812657	0.001189061820314923
96.0	29.597226971617612	18.135820337662132	19.63168107390236	32.6345757751676	6.958416502978203E-4
97.0	30.229533183110842	18.354375454482884	19.62248868593225	31.793004180494417	5.98495979603257E-4
98.0	29.752559923374942	18.463675660635882	19.350728768724647	32.43243513743168	6.005098328480881E-4
99.0	29.297521491122357	18.113199967863743	19.97951313569535	32.60896199887523	8.034064433196753E-4
100.0	29.516164792195752	18.6075502882251	19.893477647438225	31.981900270085056	9.070020558713267E-4
101.0	29.62673773534335	18.472765154771597	19.59867100226051	32.30132040072215	5.057069023935108E-4
102.0	29.349122516741154	18.65061762356278	19.145569138412846	32.85337112126413	0.0013196000190834466
103.0	30.019744805017503	18.586504252570492	19.554081204331222	31.83936409094429	3.056471364938606E-4
104.0	29.412179774959174	18.974768552369596	19.180420241198444	32.43150653411967	0.0011248973531165281
105.0	29.637077940009505	18.47696538725682	19.501478769064622	32.38324602385125	0.001231879817804975
106.0	30.141991634697245	18.57909416428399	19.263181329996556	32.01521751230161	5.153587205910546E-4
107.0	29.92151164595791	18.461735892484203	18.978057620221513	32.638694841336374	0.0
108.0	29.084349643126934	18.635746326581717	19.457557095014792	32.82182739376155	5.195415150038394E-4
109.0	29.8562543495658	18.272402024563114	19.611885700453556	32.25935358800704	1.0433741049154397E-4
110.0	29.293023499515343	18.283932828587147	19.20180241544628	33.22113646485552	1.0479159571402374E-4
111.0	29.304107189660815	17.889679868886557	19.671121674664768	33.13488074423931	2.1052254854386814E-4
112.0	29.18884342521225	18.27174591091234	20.054133494042144	32.48527716983327	0.0
113.0	29.382589652689422	18.16110826718551	19.213065725834717	33.24323635429035	0.0
114.0	28.94510536142971	17.61077620698853	20.222032542011203	33.22208588957055	0.0
115.0	29.513693903008843	18.100857771166716	20.37892394943394	32.00641720857857	1.0716781193335021E-4
116.0	28.836079959944655	18.512999143978508	20.332179409183656	32.318418459915044	3.230269781364574E-4
117.0	28.773593580793445	18.16366293756376	20.495569323774195	32.566957789843904	2.163680247005737E-4
118.0	29.19837287369117	18.171352662886562	20.87533046926636	31.7548352871604	1.0870699551257523E-4
119.0	29.173398350751057	18.42269405001054	20.031088637572683	32.37260048915994	2.184725057813287E-4
120.0	29.55038255853656	18.180011659554193	20.3154008218778	31.953985382739685	2.1957729175564123E-4
121.0	30.095693885476244	18.107149791710796	20.065928828638	31.73078620348796	4.4129068700134156E-4
122.0	30.195742302758	18.045149465154367	19.5156838894316	32.24264815950342	7.761831526120226E-4
123.0	30.223241307277554	18.016143109861655	19.496244012658554	32.26381421935769	5.573508445537347E-4
124.0	30.141874173521305	18.022390568617343	19.605195329134634	32.23009166909474	4.4825963197884215E-4
125.0	29.931427051949132	18.34636211834749	19.11580783349596	32.606177649680795	2.253465266213119E-4
126.0	29.79822413673943	18.1266308110123	19.37610255004175	32.69858930244626	4.531997602573268E-4
127.0	29.47376814813549	18.693505117646055	19.944751066532245	31.88774783703273	2.2783065347527185E-4
128.0	29.43169556641444	18.856541331335666	19.46030895124728	32.25076687994978	6.872710528305258E-4
129.0	29.03301987321051	18.704963867413625	19.850976841275823	32.410233015726	8.064023740485891E-4
130.0	28.942039462099515	18.979898240053384	20.39323083196634	31.684599772013232	2.3169386752671433E-4
131.0	28.98328877394703	18.965989247499724	19.7659612886691	32.28452769962896	2.3299025518257698E-4
132.0	28.697095007810002	18.705332713064205	20.22690600930638	32.370314731899605	3.515379198095133E-4
133.0	28.83450408278981	18.685939336356576	20.633678212272063	31.84552472719514	3.536413864156913E-4
134.0	28.602181400688863	18.832964864172464	19.843487584328834	32.720654515091425	7.11635718419979E-4
135.0	28.822699198398468	18.073436196979948	20.467503462789775	32.634929497480904	0.001431644350910347
136.0	29.026996274389305	18.798610577661698	20.64221174527577	31.53218140267322	0.0
137.0	29.57775563807626	18.83223138000785	19.89554086284455	31.694230595054794	2.4152401654439513E-4
138.0	29.695521212909153	18.371155741160834	20.63636904884856	31.296589482790672	3.645142907827701E-4
139.0	29.075883988875646	19.003820176644968	21.414137709727697	30.505424650835856	7.334739158338682E-4
140.0	28.912018186336137	19.09639102590913	20.13536420647593	31.85561151309234	6.150681864591508E-4
141.0	29.424826408228437	18.275593182577698	19.437327491243053	32.8620053717525	2.475461983092595E-4
142.0	30.34023569149373	18.386402528788885	21.370034648791776	29.90295349190573	3.7363901987012306E-4
143.0	30.580698543238977	18.44683198355189	19.86961863450593	31.102098638517667	7.522001855427124E-4
144.0	30.701730023430557	18.050618081926153	19.271759109638847	31.975009089440093	8.836955643532359E-4
145.0	27.95816741940369	18.857748610013502	19.78495773092101	33.397726390590975	0.0013998490708183645
146.0	28.114048772688943	19.104871337986946	19.705826987692078	33.07396357391329	0.0012893277187408941
147.0	27.94028877172725	18.954277590666933	19.96112536543603	33.1422040970919	0.0021041750778873556
148.0	29.226577603507952	18.927694849535378	19.66306621207346	32.17761333109584	0.005048003787367166
149.0	29.800246251901207	20.934163829941337	16.435431302962268	32.823350474397046	0.006808140798145868
150.0	26.145352383944765	25.080335337551237	12.175062687066571	36.592516725052185	0.006732866385246454
