# Position (bp)	A	C	G	T	N
0.0	25.540865055877994	25.136618000207868	24.042032941485374	25.280484002428764	0.0
1.0	25.270637660071444	20.43553654360562	14.517884786854038	39.7759410094689	0.0
2.0	27.747389358528096	18.98404926749034	18.608095037732035	34.66046633624953	0.0
3.0	23.467894317201306	23.017901416603863	15.407341874460718	38.10686239173411	0.0
4.0	33.3018564106483	13.96974940366697	14.217561939487892	38.51083224619684	0.0
5.0	34.7221388623653	15.660073659800847	22.83126449324785	26.786522984586004	0.0
6.0	32.352620266009104	17.938156703145626	20.49186588253265	29.217357148312622	0.0
7.0	34.2734170862495	17.377002678420443	19.727030226329255	28.622550009000804	0.0
8.0	23.4189022594124	26.134888338551836	21.994632395457174	28.45157700657859	0.0
9.0	29.320031418410313	18.577226016189208	15.938843191586848	36.16389937381363	0.0
10.0	26.52373342641629	16.952369524786064	24.440820511701727	32.08307653709592	0.0
11.0	27.71412210618166	18.403184904425597	19.98527527063507	33.897417718757666	0.0
12.0	25.9785797642029	19.734101146266184	21.209741626585522	33.07757746294539	0.0
13.0	26.753950683258264	20.930169151407412	18.36835963486853	33.947520530465795	0.0
14.0	30.24863685932388	18.173391494002182	20.101417666303163	31.476553980370774	0.0
15.0	29.752922191207258	18.802882937892534	18.91791695743196	32.52627791346825	0.0
16.0	29.34673585975317	16.8739915398369	18.716475513497013	35.06279708691291	0.0
17.0	29.930297068553024	17.90749510880524	20.425302327609227	31.73690549503251	0.0
18.0	31.177358449441755	17.517886236452505	18.463282131200245	32.8414731829055	0.0
19.0	29.643754120063413	17.99643699639886	19.75015390650112	32.609654977036605	0.0
20.0	30.399163325780027	17.63334495380861	19.55780460170821	32.409687118703154	0.0
21.0	29.797234370489782	17.55613770416805	19.685639749252495	32.960988176089664	0.0
22.0	28.715513391641522	18.327324612519195	19.504198843275862	33.45296315256342	0.0
23.0	29.43899277911498	17.485868629992268	20.57353213457203	32.50160645632072	0.0
24.0	30.414043952693138	18.78008407204931	18.445211595844313	32.36066037941324	0.0
25.0	29.655784475999653	17.69590121090687	18.91170833696315	33.73660597613032	0.0
26.0	31.170612991566532	17.69557855536742	19.940873182231467	31.19293527083458	0.0
27.0	29.450675087108014	18.168009581881535	19.371189024390244	33.01012630662021	0.0
28.0	29.61319650488608	17.648147644064565	19.6760758907913	33.06257996025805	0.0
29.0	29.362577779229476	18.050769490399745	19.861943568889398	32.724709161481385	0.0
30.0	29.82922221798801	17.9689584025173	19.463332044923757	32.738487334570934	0.0
31.0	29.59692522102696	18.223836069857587	19.604437960019165	32.5748007490963	0.0
32.0	29.7579964611406	18.021505376344084	19.767524159520892	32.45297400299442	0.0
33.0	30.370394568490056	17.736798262091042	19.77633677975053	32.11647038966837	0.0
34.0	29.75618786275086	17.698975313884986	19.5338277089935	33.01100911437065	0.0
35.0	30.136889334175503	18.264979417594144	19.4612636943785	32.13686755385185	0.0
36.0	30.157433576753633	17.42878458664837	19.04668550859595	33.36709632800205	0.0
37.0	28.88456846599573	19.02474622053762	18.934344094453884	33.156341219012766	0.0
38.0	29.919505925409553	17.979369989543397	19.357245555942836	32.74387852910422	0.0
39.0	28.353656876147117	19.003011769319166	20.08735764896821	32.55597370556551	0.0
40.0	30.233381443860463	17.949946896871	19.620380708586367	32.19629095068217	0.0
41.0	29.55376060043246	17.971035016149152	20.791281093240233	31.683923290178157	0.0
42.0	29.957242844304037	18.594188294888205	19.393229663117186	32.05533919769057	0.0
43.0	29.75319603239881	18.330818630948816	19.51064073164222	32.405344605010164	0.0
44.0	29.317942879554625	18.292051836559047	20.428485049870083	31.961520234016245	0.0
45.0	29.523627944981616	19.087566389758955	19.326705706114666	32.06209995914476	0.0
46.0	30.108294202882764	17.499210127795877	19.188447165720635	33.20404850360073	0.0
47.0	29.603843890959013	18.069991937416923	19.788193763483036	32.53797040814103	0.0
48.0	30.358534047386858	18.463876918383246	19.21679296987791	31.96079606435199	0.0
49.0	29.139426429567646	18.19538877266388	19.17603730822873	33.48914748953975	0.0
50.0	29.43987098672275	18.569085847221693	19.792750630628667	32.198292535426894	0.0
51.0	29.690590215916707	18.66919468462431	19.357316814043575	32.282898285415406	0.0
52.0	29.568647535401194	18.469099210522014	19.231335029612236	32.73091822446455	0.0
53.0	30.59265192256349	18.068337229132954	19.688227057009442	31.650783791294113	0.0
54.0	30.363428322345122	18.012314063095953	19.574456492126625	32.0498011224323	0.0
55.0	29.13447182292745	17.75629638509574	18.849922078488213	34.2593097134886	0.0
56.0	29.17232021709634	18.28208355811305	20.02364955071303	32.52194667407758	0.0
57.0	28.674960085876666	18.099488336357545	19.502067905775426	33.723483671990365	0.0
58.0	29.473053239605473	17.908015911939405	19.10686066154433	33.5120701869108	0.0
59.0	29.60855799150958	17.446226451082012	20.48435703347666	32.460858523931755	0.0
60.0	29.407084468664852	18.270299727520438	19.952043596730245	32.37057220708447	0.0
61.0	30.166870122509483	17.553516152940663	19.38407376727558	32.89553995727427	0.0
62.0	28.774163310462093	18.10388520417895	19.717588328582874	33.40436315677608	0.0
63.0	29.040609109390076	17.966437941803235	19.86527215351998	33.12768079528671	0.0
64.0	28.557569151110506	18.399236953263387	19.449516282872324	33.59367761275378	0.0
65.0	29.788846011293522	17.72298166437744	20.51692938278065	31.97124294154839	0.0
66.0	30.031013751791875	17.947641810243802	20.494148811502885	31.527195626461435	0.0
67.0	28.894024538472856	17.688739664353808	19.37078602691492	34.04644977025841	0.0
68.0	29.45258120254441	17.890995906486935	20.10727075509236	32.54915213587629	0.0
69.0	29.76604489408789	17.51883305896846	19.763537453530585	32.95158459341307	0.0
70.0	28.412491619015434	18.279540585769496	19.708259971327493	33.59970782388758	0.0
71.0	29.589634006737676	17.43510351820154	20.74288891553918	32.232373559521605	0.0
72.0	29.724867667180916	17.87188111579326	19.959768642436995	32.44348257458883	0.0
73.0	29.749989096777007	17.454424527890446	19.254546643987965	33.54103973134458	0.0
74.0	29.304620417064196	17.842715006133297	20.632956249148155	32.21970832765436	0.0
75.0	30.19861628293688	17.934347041473348	19.3867592779374	32.480277397652365	0.0
76.0	28.89139691730594	18.1946557185774	19.27583405575456	33.638113308362094	0.0
77.0	29.020016248548263	17.668933102872938	21.34339507418171	31.967655574397085	0.0
78.0	29.99830967791185	17.86670447171982	18.510117395595348	33.62486845477298	0.0
79.0	29.93625710904996	17.6876980037406	19.13050116416657	33.245543723042864	0.0
80.0	30.580094228504123	18.209876543209877	19.63311957422676	31.576909654059243	0.0
81.0	30.096303809617293	18.392609800521328	19.475073345766667	32.036013044094716	0.0
82.0	29.934287661895027	17.776141785957737	18.157327880027267	34.13224267211997	0.0
83.0	29.680487312745065	18.311310825475942	19.956591210265415	32.05161065151358	0.0
84.0	30.747668648088567	17.83825053171184	18.900583519659705	32.51349730053989	0.0
85.0	29.416801186684697	17.163845381964137	19.014222765149864	34.4051306662013	0.0
86.0	30.59891146668412	17.3270944449898	19.98952913844442	32.08446494988166	0.0
87.0	29.565781723784383	18.575620078096026	19.837590802992956	32.02100739512663	0.0
88.0	29.774701811220734	17.648085428971896	18.924829703801873	33.6523830560055	0.0
89.0	29.752827863040892	18.222127687424326	20.125549483512767	31.89949496602201	0.0
90.0	30.0743924254985	18.3581308084995	19.590187180941577	31.977289585060433	0.0
91.0	29.922659888953127	18.263283627676632	19.279940658645405	32.534115824724836	0.0
92.0	28.994060248389612	18.369595453281047	20.19188288489754	32.4444614134318	0.0
93.0	30.0067088835436	18.388340724013986	19.458489464871086	32.14646092757133	0.0
94.0	29.772982643699475	17.43375478634623	19.59429238439133	33.198970185562956	0.0
95.0	30.33289877760747	17.933332969688372	20.41520981405015	31.318558438654005	0.0
96.0	30.011837159954396	18.764898729550897	19.148379072773984	32.07488503772072	0.0
97.0	29.872623625998962	18.2805553282601	19.18228186455009	32.66453918119085	0.0
98.0	28.44782909918117	17.932911827440797	21.118208945453354	32.50105012792467	0.0
99.0	29.51544974468642	18.327477851001614	19.32418277833544	32.83288962597652	0.0
100.0	29.542287959173635	18.53578043809659	19.416563307634725	32.505368295095046	0.0
101.0	29.6636554150548	18.4549050935932	20.339354012661484	31.542085478690517	0.0
102.0	29.89609364724451	17.669012232013678	19.441886974439914	32.9930071463019	0.0
103.0	29.42042277887314	17.306034127668454	19.455626891328585	33.81791620212982	0.0
104.0	30.182280627384483	17.913159329013503	19.477766828339107	32.426793215262904	0.0
105.0	30.103699288619566	17.99257162094295	19.361247702776534	32.54248138766094	0.0
106.0	29.07413450742009	17.779449425586165	19.731405530081364	33.41501053691238	0.0
107.0	29.77009518846429	17.820810626514174	20.0743989045288	32.334695280492745	0.0
108.0	29.203972362311436	18.59712070382795	20.16840327919842	32.0305036546622	0.0
109.0	28.37449006283428	18.175746748367924	20.020703588065384	33.42905960073242	0.0
110.0	29.155024622574686	17.529711611928146	21.044911799316257	32.27035196618091	0.0
111.0	29.027969410726357	18.613316053782604	20.000335163699535	32.35837937179151	0.0
112.0	29.07449285746272	17.644753929515026	18.955152030809188	34.32560118221307	0.0
113.0	30.319077323520172	17.467912758605213	20.464591841314007	31.748418076560608	0.0
114.0	29.992354052352255	18.43291805343168	18.72357650445264	32.85115138976343	0.0
115.0	29.64399251459879	17.101999864721666	20.061777106396413	33.19223051428314	0.0
116.0	30.346136680771252	17.653140200326533	20.24393964216913	31.756783476733087	0.0
117.0	29.860560476654356	18.175845585736617	19.59232912711538	32.37126481049364	0.0
118.0	29.46897479716802	17.893499724636776	19.746665833953138	32.89085964424207	0.0
119.0	30.67799600475787	17.73159029987081	19.685388910072906	31.90502478529842	0.0
120.0	29.402907610090512	18.236156342502554	19.638060148403326	32.72287589900361	0.0
121.0	29.433546094022322	17.309043948320298	19.667316186764648	33.590093770892736	0.0
122.0	29.683482324374783	17.553645365051914	20.220594551566553	32.54227775900675	0.0
123.0	28.620948904690575	18.458130312265055	19.624317763123912	33.296603019920454	0.0
124.0	29.147816877899412	18.068170045239494	19.17958812492086	33.60442495194023	0.0
125.0	28.968398215944564	17.908062291922704	19.87213884705706	33.25140064507568	0.0
126.0	29.323978558114227	17.875956606809996	19.67397219038357	33.12609264469221	0.0
127.0	29.979624652429077	17.41308550099555	18.54621024340123	34.06107960317414	0.0
128.0	29.121403704868026	17.571343742359147	20.696962287657037	32.61029026511579	0.0
129.0	30.049496859751113	18.016740211529033	18.894025355466834	33.03973757325302	0.0
130.0	30.26501342914153	17.57140265774121	19.28178961596751	32.881794297149746	0.0
131.0	30.188745665655563	17.820242781959738	20.1254393015765	31.8655722508082	0.0
132.0	30.498935557097656	18.24843274014655	18.781830371320027	32.47080133143576	0.0
133.0	29.80618989498759	18.104469955601154	19.615092070118337	32.47424807929292	0.0
134.0	30.614960611293796	17.26479146459748	19.932104752667314	32.18814317144141	0.0
135.0	29.271967917230253	17.91367077193232	20.414797940248214	32.39956337058921	0.0
136.0	28.754984229006723	18.459203713622568	19.292388264000476	33.49342379337023	0.0
137.0	30.68455205926775	17.994042182304444	22.81402415363767	28.507381604790133	0.0
138.0	30.337448855501442	20.143294454528572	19.486727890300667	30.032528799669322	0.0
139.0	30.46982528053083	18.873549263437532	19.547905109357437	31.1087203466742	0.0
140.0	28.542226938893645	21.08392325225214	19.79655334595579	30.577296462898424	0.0
141.0	30.951243552454148	17.175717922514558	21.12013448386375	30.752904041167543	0.0
142.0	26.57570796191862	19.75623067127524	24.19804741980474	29.470013947001394	0.0
143.0	26.920410174068532	18.868372076050065	19.008867642228953	35.20235010765245	0.0
144.0	27.543024533138045	19.154155986818015	18.365678017820088	34.93714146222385	0.0
145.0	26.998327195632328	19.373280473532315	16.656964809833394	36.971427521001964	0.0
146.0	33.391822586702624	14.113764676185022	19.3377785165894	33.15663422052296	0.0
147.0	34.20488241547155	15.851998284254304	22.04608890795273	27.897030392321415	0.0
148.0	31.64256571976066	16.716264490707548	20.687685991840155	30.95348379769164	0.0
149.0	33.03642792310714	16.679084763672325	22.817914572523947	27.466572740696588	0.0
150.0	26.931309258765783	18.476270705646723	26.25480302235823	28.337617013229266	0.0
