# Position (bp)	A	C	G	T	N
0.0	51.2306289881495	10.756608933454876	17.046490428441203	20.96627164995442	0.0
1.0	15.952597994530537	47.675478577939835	18.596171376481312	17.775752051048315	0.0
2.0	20.934411500449237	44.74393530997305	14.195867026055705	20.125786163522015	0.0
3.0	51.024042742653606	12.822796081923418	13.357079252003562	22.79608192341941	0.0
4.0	50.88967971530249	12.98932384341637	13.701067615658364	22.419928825622776	0.0
5.0	21.26334519572954	43.06049822064057	14.412811387900357	21.26334519572954	0.0
6.0	19.875776397515526	44.18811002661934	13.398402839396628	22.5377107364685	0.0
7.0	53.504880212954745	12.422360248447205	14.285714285714285	19.78704525288376	0.0
8.0	50.707964601769916	14.33628318584071	15.221238938053098	19.734513274336283	0.0
9.0	20.424403183023873	43.85499557913351	11.84792219274978	23.872679045092838	0.0
10.0	20.91791703442189	11.47396293027361	14.916151809355693	52.691968225948806	0.0
11.0	18.854625550660792	13.480176211453745	15.066079295154186	52.59911894273128	0.0
12.0	19.525065963060687	12.225153913808267	14.072119613016712	54.177660510114336	0.0
13.0	18.804920913884008	42.26713532513181	15.905096660808434	23.022847100175746	0.0
14.0	18.684210526315788	13.684210526315791	47.10526315789474	20.526315789473685	0.0
15.0	46.52173913043478	12.869565217391305	16.26086956521739	24.347826086956523	0.0
16.0	19.463667820069205	12.802768166089965	17.214532871972317	50.51903114186851	0.0
17.0	22.17428817946506	43.05435720448663	14.408973252804142	20.362381363244175	0.0
18.0	20.292347377472055	14.10146173688736	15.133276010318141	50.47291487532244	0.0
19.0	19.914163090128756	44.291845493562235	15.278969957081545	20.515021459227466	0.0
20.0	20.686695278969957	16.30901287553648	14.24892703862661	48.75536480686695	0.0
21.0	19.385140905209223	14.859094790777114	15.713065755764305	50.04269854824936	0.0
22.0	20.272572402044293	12.60647359454855	45.40034071550256	21.720613287904598	0.0
23.0	20.10221465076661	14.821124361158432	14.735945485519592	50.34071550255537	0.0
24.0	50.425170068027214	13.520408163265307	12.5	23.554421768707485	0.0
25.0	20.578231292517007	13.010204081632654	42.17687074829932	24.23469387755102	0.0
26.0	51.4018691588785	13.084112149532709	11.894647408666101	23.619371282922685	0.0
27.0	21.07051826677995	14.358538657604077	10.2803738317757	54.29056924384027	0.0
28.0	20.475785896346643	42.31096006796942	11.129991503823279	26.08326253186066	0.0
29.0	23.194562446898896	11.299915038232795	10.620220900594731	54.88530161427357	0.0
30.0	20.32312925170068	13.095238095238097	42.26190476190476	24.31972789115646	0.0
31.0	22.70408163265306	11.564625850340136	12.074829931972788	53.656462585034014	0.0
32.0	21.08843537414966	12.755102040816327	12.15986394557823	53.99659863945578	0.0
33.0	22.09005947323704	42.650807136788444	12.149532710280374	23.109600679694136	0.0
34.0	23.918575063613233	11.874469889737066	14.41899915182358	49.787955894826126	0.0
35.0	22.22222222222222	11.704834605597965	12.637828668363019	53.43511450381679	0.0
36.0	21.940928270042196	11.89873417721519	13.502109704641349	52.65822784810127	0.0
37.0	50.29535864978904	13.924050632911392	14.936708860759493	20.843881856540083	0.0
38.0	51.51770657672849	15.092748735244518	11.551433389544687	21.838111298482293	0.0
39.0	49.03117101937658	12.889637742207244	12.973883740522323	25.105307497893847	0.0
40.0	21.061499578770007	42.03875315922493	14.827295703454086	22.072451558550966	0.0
41.0	22.259696458684655	11.63575042158516	45.61551433389545	20.489038785834737	0.0
42.0	51.68634064080945	13.069139966273188	13.069139966273188	22.17537942664418	0.0
43.0	52.951096121416526	12.731871838111298	14.080944350758854	20.236087689713322	0.0
44.0	24.408783783783782	42.14527027027027	12.077702702702704	21.368243243243242	0.0
45.0	34.09610983981693	15.331807780320366	15.903890160183066	34.66819221967963	0.0
46.0	30.76923076923077	15.976331360946746	22.130177514792898	31.124260355029588	0.0
47.0	31.116389548693586	17.102137767220903	18.76484560570071	33.0166270783848	0.0
48.0	28.26603325415677	17.220902612826603	21.021377672209027	33.4916864608076	0.0
49.0	27.909738717339668	17.695961995249405	21.140142517814727	33.2541567695962	0.0
50.0	27.55344418052256	23.990498812351543	17.102137767220903	31.353919239904986	0.0
51.0	27.586206896551722	18.90606420927467	17.47919143876338	36.02853745541022	0.0
52.0	28.418549346016647	17.954815695600477	19.61950059453032	34.00713436385256	0.0
53.0	29.25089179548157	19.024970273483948	21.16527942925089	30.558858501783593	0.0
54.0	27.705112960760996	20.92746730083234	17.47919143876338	33.88822829964328	0.0
55.0	31.272294887039237	18.192627824019027	18.311533888228297	32.22354340071344	0.0
56.0	28.299643281807374	17.59809750297265	20.80856123662307	33.29369797859691	0.0
57.0	32.10463733650416	15.338882282996433	20.57074910820452	31.98573127229489	0.0
58.0	30.558858501783593	17.59809750297265	19.024970273483948	32.81807372175981	0.0
59.0	27.46730083234245	19.976218787158146	19.61950059453032	32.936979785969086	0.0
60.0	26.634958382877528	19.976218787158146	20.57074910820452	32.81807372175981	0.0
61.0	28.53745541022592	19.024970273483948	21.997621878715815	30.439952437574313	0.0
62.0	31.272294887039237	18.90606420927467	19.976218787158146	29.845422116527942	0.0
63.0	32.81807372175981	18.549346016646847	19.2627824019025	29.369797859690845	0.0
64.0	28.809523809523807	17.857142857142858	22.023809523809522	31.30952380952381	0.0
65.0	29.88095238095238	18.452380952380953	22.61904761904762	29.04761904761905	0.0
66.0	29.04761904761905	15.595238095238095	21.428571428571427	33.92857142857143	0.0
67.0	28.72467222884386	19.07032181168057	19.785458879618595	32.419547079856976	0.0
68.0	26.93682955899881	17.640047675804528	18.831942789034564	36.591179976162095	0.0
69.0	25.62574493444577	20.61978545887962	21.573301549463647	32.18116805721097	0.0
70.0	25.864123957091778	21.811680572109655	19.785458879618595	32.538736591179976	0.0
71.0	27.413587604290825	19.07032181168057	20.738974970202623	32.777115613825984	0.0
72.0	27.532777115613825	18.71275327771156	20.143027413587607	33.61144219308701	0.0
73.0	30.39332538736591	16.5673420738975	23.361144219308702	29.67818831942789	0.0
74.0	31.46603098927294	16.805721096543504	21.811680572109655	29.916567342073897	0.0
75.0	29.43980929678188	19.189511323003575	21.454112038140643	29.916567342073897	0.0
76.0	29.236276849642007	20.286396181384248	19.809069212410503	30.668257756563243	0.0
77.0	30.071599045346066	18.73508353221957	19.689737470167064	31.5035799522673	0.0
78.0	29.47494033412888	20.763723150357997	17.064439140811455	32.69689737470167	0.0
79.0	29.236276849642007	18.73508353221957	20.52505966587112	31.5035799522673	0.0
80.0	31.26491646778043	18.615751789976134	20.047732696897373	30.071599045346066	0.0
81.0	26.610978520286395	18.973747016706444	16.706443914081145	37.70883054892602	0.0
82.0	30.190930787589497	16.58711217183771	22.434367541766107	30.787589498806682	0.0
83.0	27.923627684964202	19.928400954653938	22.315035799522672	29.832935560859188	0.0
84.0	27.20763723150358	18.257756563245824	20.047732696897373	34.48687350835322	0.0
85.0	30.668257756563243	15.871121718377088	21.002386634844868	32.4582338902148	0.0
86.0	30.70489844683393	18.27956989247312	21.62485065710872	29.39068100358423	0.0
87.0	32.81437125748503	18.323353293413174	21.077844311377245	27.784431137724553	0.0
88.0	34.69387755102041	18.007202881152462	17.767106842737096	29.531812725090035	0.0
89.0	30.252100840336134	15.966386554621847	18.72749099639856	35.05402160864346	0.0
90.0	28.57142857142857	16.086434573829532	20.64825930372149	34.69387755102041	0.0
91.0	27.971188475390157	20.048019207683073	19.687875150060023	32.292917166866744	0.0
92.0	30.4921968787515	18.24729891956783	18.487394957983195	32.773109243697476	0.0
93.0	33.17249698431846	17.85283474065139	17.249698431845598	31.72496984318456	0.0
94.0	31.48371531966224	16.767189384800965	20.86851628468034	30.88057901085645	0.0
95.0	30.398069963811817	18.455971049457176	19.5416164053076	31.6043425814234	0.0
96.0	31.12183353437877	17.008443908323283	19.300361881785282	32.56936067551266	0.0
97.0	30.398069963811817	17.370325693606755	20.506634499396863	31.72496984318456	0.0
98.0	32.324455205811134	19.491525423728813	17.191283292978206	30.99273607748184	0.0
99.0	29.782082324455207	18.523002421307506	18.64406779661017	33.05084745762712	0.0
100.0	33.65617433414044	14.40677966101695	19.612590799031477	32.324455205811134	0.0
101.0	35.44457978075518	20.584652862362972	16.07795371498173	27.892813641900123	0.0
102.0	31.74019607843137	18.014705882352942	19.730392156862745	30.514705882352942	0.0
103.0	28.322981366459626	17.142857142857142	20.372670807453417	34.161490683229815	0.0
104.0	29.08863920099875	17.97752808988764	19.72534332084894	33.20848938826467	0.0
105.0	29.219143576826195	16.876574307304786	19.899244332493705	34.005037783375315	0.0
106.0	31.5989847715736	19.543147208121827	21.82741116751269	27.03045685279188	0.0
107.0	34.987277353689564	17.68447837150127	18.06615776081425	29.262086513994912	0.0
108.0	33.971902937420175	18.901660280970624	16.73052362707535	30.395913154533844	0.0
109.0	29.910141206675224	18.10012836970475	20.025673940949936	31.964056482670088	0.0
110.0	27.190721649484534	19.974226804123713	19.587628865979383	33.24742268041237	0.0
111.0	28.71927554980595	17.981888745148773	20.051746442432083	33.247089262613194	0.0
112.0	25.97402597402597	18.83116883116883	21.688311688311686	33.506493506493506	0.0
113.0	31.11111111111111	19.346405228758172	18.954248366013072	30.58823529411765	0.0
114.0	28.47769028871391	17.454068241469816	19.94750656167979	34.120734908136484	0.0
115.0	26.190476190476193	18.78306878306878	19.973544973544975	35.05291005291005	0.0
116.0	26.104417670682732	19.67871485943775	18.20615796519411	36.01070950468541	0.0
117.0	29.356568364611256	19.973190348525467	19.302949061662197	31.36729222520107	0.0
118.0	26.99055330634278	17.543859649122805	24.291497975708502	31.17408906882591	0.0
119.0	21.98100407055631	20.8955223880597	27.137042062415194	29.986431478968793	0.0
120.0	26.986301369863014	19.589041095890412	20.958904109589042	32.465753424657535	0.0
121.0	28.591160220994478	18.646408839779006	20.58011049723757	32.18232044198895	0.0
122.0	28.372739916550767	19.33240611961057	21.41863699582754	30.87621696801113	0.0
123.0	31.977559607293127	16.690042075736326	18.79382889200561	32.53856942496493	0.0
124.0	29.90126939351199	18.899858956276447	19.18194640338505	32.01692524682652	0.0
125.0	26.704545454545453	20.738636363636363	17.1875	35.36931818181818	0.0
126.0	30.32904148783977	17.167381974248926	16.02288984263233	36.48068669527897	0.0
127.0	30.447330447330444	19.047619047619047	21.645021645021643	28.86002886002886	0.0
128.0	32.50728862973761	16.76384839650146	19.825072886297377	30.903790087463555	0.0
129.0	30.428360413589367	17.134416543574595	18.020679468242246	34.416543574593796	0.0
130.0	31.305637982195844	21.216617210682493	16.468842729970326	31.008902077151333	0.0
131.0	31.69642857142857	21.279761904761905	19.047619047619047	27.976190476190478	0.0
132.0	27.395209580838326	17.964071856287426	21.25748502994012	33.38323353293413	0.0
133.0	27.21804511278195	21.654135338345863	20.0	31.127819548872182	0.0
134.0	25.90909090909091	20.454545454545457	21.06060606060606	32.57575757575758	0.0
135.0	27.871362940275652	18.529862174578867	20.21439509954058	33.3843797856049	0.0
136.0	26.810477657935284	18.181818181818183	21.417565485362093	33.59013867488444	0.0
137.0	28.951486697965574	19.405320813771517	18.466353677621285	33.17683881064163	0.0
138.0	27.586206896551722	19.59247648902821	19.905956112852667	32.9153605015674	0.0
139.0	28.818897637795278	18.11023622047244	19.055118110236222	34.01574803149606	0.0
140.0	29.635499207606976	15.847860538827257	22.18700475435816	32.32963549920761	0.0
141.0	31.04	16.32	19.36	33.28	0.0
142.0	30.64516129032258	17.258064516129032	21.129032258064516	30.967741935483872	0.0
143.0	31.97389885807504	20.0652528548124	16.965742251223492	30.99510603588907	0.0
144.0	31.51815181518152	20.462046204620464	16.17161716171617	31.84818481848185	0.0
145.0	32.89036544850498	18.106312292358805	19.102990033222593	29.900332225913623	0.0
146.0	30.92436974789916	18.65546218487395	20.0	30.42016806722689	0.0
147.0	28.57142857142857	20.578231292517007	15.646258503401361	35.204081632653065	0.0
148.0	27.815699658703068	20.30716723549488	19.453924914675767	32.42320819112628	0.0
149.0	30.44982698961938	23.01038062283737	16.26297577854671	30.276816608996537	0.0
150.0	27.874564459930312	20.38327526132404	18.466898954703833	33.27526132404181	0.0
151.0	27.368421052631582	19.12280701754386	21.929824561403507	31.57894736842105	0.0
152.0	27.127659574468083	19.326241134751772	17.375886524822697	36.17021276595745	0.0
153.0	30.824372759856633	16.845878136200717	18.45878136200717	33.87096774193548	0.0
154.0	28.339350180505413	16.967509025270758	22.021660649819495	32.67148014440433	0.0
155.0	29.798903107861058	20.6581352833638	16.63619744058501	32.90676416819013	0.0
156.0	32.53234750462107	15.526802218114602	18.299445471349355	33.64140480591497	0.0
157.0	32.89719626168225	18.50467289719626	21.30841121495327	27.289719626168225	0.0
158.0	31.835205992509362	22.284644194756552	16.666666666666664	29.213483146067414	0.0
159.0	35.338345864661655	13.721804511278195	19.924812030075188	31.015037593984964	0.0
160.0	26.325757575757574	18.181818181818183	24.810606060606062	30.681818181818183	0.0
161.0	32.38095238095238	19.428571428571427	21.904761904761905	26.285714285714285	0.0
162.0	28.87189292543021	18.35564053537285	22.37093690248566	30.401529636711285	0.0
163.0	31.85328185328185	16.795366795366796	20.27027027027027	31.08108108108108	0.0
164.0	30.174081237911025	15.087040618955513	21.663442940038685	33.07543520309478	0.0
165.0	29.377431906614788	15.758754863813229	22.37354085603113	32.490272373540854	0.0
166.0	27.34375	20.5078125	22.265625	29.8828125	0.0
167.0	27.755905511811026	15.94488188976378	25.393700787401574	30.905511811023622	0.0
168.0	28.910891089108908	19.207920792079207	19.603960396039604	32.27722772277228	0.0
169.0	25.595238095238095	17.857142857142858	20.436507936507937	36.11111111111111	0.0
170.0	28.08080808080808	15.555555555555555	20.0	36.36363636363637	0.0
171.0	30.67484662576687	16.359918200409	17.791411042944784	35.173824130879346	0.0
172.0	27.892561983471076	22.107438016528928	19.62809917355372	30.37190082644628	0.0
173.0	28.541666666666664	18.333333333333332	16.666666666666664	36.45833333333333	0.0
174.0	30.526315789473685	19.157894736842103	18.10526315789474	32.21052631578947	0.0
175.0	29.38689217758985	17.12473572938689	21.987315010570825	31.501057082452434	0.0
176.0	28.78464818763326	16.844349680170577	17.69722814498934	36.67377398720683	0.0
177.0	28.75536480686695	18.4549356223176	18.240343347639485	34.54935622317596	0.0
178.0	28.9760348583878	16.775599128540307	22.004357298474943	32.24400871459695	0.0
179.0	29.424778761061948	17.920353982300885	19.690265486725664	32.9646017699115	0.0
180.0	31.543624161073826	14.988814317673377	20.581655480984338	32.88590604026846	0.0
181.0	28.314606741573034	19.325842696629213	20.44943820224719	31.910112359550563	0.0
182.0	33.560090702947846	17.233560090702948	21.541950113378686	27.66439909297052	0.0
183.0	29.262672811059907	23.502304147465438	20.046082949308754	27.188940092165897	0.0
184.0	32.325581395348834	20.46511627906977	17.441860465116278	29.767441860465116	0.0
185.0	24.824355971896956	23.653395784543328	23.4192037470726	28.10304449648712	0.0
186.0	30.80568720379147	14.691943127962084	21.563981042654028	32.93838862559242	0.0
187.0	32.61390887290168	22.062350119904075	16.546762589928058	28.776978417266186	0.0
188.0	29.584352078239608	21.026894865525673	19.070904645476773	30.317848410757946	0.0
189.0	31.127450980392158	19.607843137254903	17.401960784313726	31.862745098039213	0.0
190.0	33.33333333333333	16.417910447761194	20.398009950248756	29.850746268656714	0.0
191.0	30.555555555555557	18.68686868686869	17.67676767676768	33.08080808080808	0.0
192.0	33.756345177664976	19.035532994923855	18.527918781725887	28.680203045685282	0.0
193.0	28.46153846153846	19.230769230769234	20.76923076923077	31.538461538461537	0.0
194.0	28.09278350515464	22.164948453608247	20.103092783505154	29.63917525773196	0.0
195.0	29.242819843342037	20.365535248041773	17.4934725848564	32.89817232375979	0.0
196.0	29.815303430079155	21.108179419525065	17.941952506596305	31.13456464379947	0.0
197.0	29.838709677419356	23.655913978494624	18.817204301075268	27.688172043010752	0.0
198.0	28.254847645429365	22.160664819944596	16.62049861495845	32.96398891966759	0.0
199.0	27.556818181818183	22.727272727272727	21.022727272727273	28.693181818181817	0.0
200.0	28.037383177570092	15.887850467289718	20.5607476635514	35.51401869158878	0.0
201.0	33.57142857142857	19.28571428571429	17.857142857142858	29.28571428571429	0.0
202.0	38.90909090909091	15.272727272727273	17.81818181818182	28.000000000000004	0.0
203.0	33.94833948339483	16.605166051660518	19.557195571955717	29.88929889298893	0.0
204.0	35.2059925093633	14.606741573033707	27.715355805243448	22.47191011235955	0.0
205.0	38.16793893129771	14.885496183206106	22.900763358778626	24.045801526717558	0.0
206.0	30.501930501930502	20.84942084942085	18.146718146718147	30.501930501930502	0.0
207.0	26.953125	23.046875	17.578125	32.421875	0.0
208.0	27.559055118110237	16.92913385826772	22.04724409448819	33.46456692913386	0.0
209.0	22.0	21.2	20.0	36.8	0.0
210.0	28.80658436213992	16.872427983539097	18.930041152263374	35.390946502057616	0.0
211.0	34.03361344537815	17.647058823529413	22.268907563025213	26.05042016806723	0.0
212.0	29.66101694915254	11.440677966101696	27.11864406779661	31.779661016949152	0.0
213.0	29.48717948717949	19.230769230769234	17.52136752136752	33.76068376068376	0.0
214.0	30.603448275862068	25.43103448275862	18.53448275862069	25.43103448275862	0.0
215.0	29.646017699115045	23.008849557522122	15.486725663716813	31.858407079646017	0.0
216.0	29.017857142857146	21.428571428571427	16.964285714285715	32.589285714285715	0.0
217.0	24.074074074074073	19.444444444444446	25.0	31.48148148148148	0.0
218.0	24.75728155339806	17.475728155339805	20.388349514563107	37.37864077669903	0.0
219.0	17.22222222222222	21.11111111111111	26.111111111111114	35.55555555555556	0.0
220.0	0.0	27.11864406779661	32.20338983050847	40.67796610169492	0.0
