# Position (bp)	A	C	G	T	N
0.0	26.153016884344115	23.78769993014716	24.208076587851522	25.851206597657207	0.0
1.0	26.803571120517923	20.818721328775787	15.789672567876508	36.58803498282978	0.0
2.0	29.35855511959832	20.0570506039706	17.549638638895303	33.03475563753578	0.0
3.0	23.75033158504633	22.57940178635712	14.855502833495168	38.814763795101385	0.0
4.0	34.37793012307834	13.417235019017614	14.914241785596047	37.290593072308	0.0
5.0	35.534851474471246	14.95259264490097	23.631254777891183	25.881301102736604	0.0
6.0	31.72275405047673	17.435483588439375	20.89626137631362	29.945500984770273	0.0
7.0	35.359876331684205	17.474677335832393	20.268641389254125	26.89680494322928	0.0
8.0	22.824514375237435	26.855517395783497	22.996575473691472	27.323392755287596	0.0
9.0	27.176772011723088	18.900801501186212	15.528825468491183	38.39360101859952	0.0
10.0	27.020407571180993	16.670712855439664	24.956112308697836	31.352767264681507	0.0
11.0	28.074300616042503	19.194699866763155	19.1129458699315	33.61805364726284	0.0
12.0	26.014795092242153	20.447941835603032	20.416548519779155	33.12071455237566	0.0
13.0	26.47315939921897	21.06119260661411	19.370907510419734	33.09474048374719	0.0
14.0	30.48663197618597	18.74859729081432	20.02131296864172	30.743457764357995	0.0
15.0	29.729689044690726	18.82417936722899	20.29417753891731	31.15195404916297	0.0
16.0	29.214299477453192	18.320531502248166	18.567914662731237	33.897254357567405	0.0
17.0	30.287324107110596	17.926281268782617	20.00205821913684	31.78433640496994	0.0
18.0	31.900959699412425	17.9691015326069	19.287743961918565	30.84219480606211	0.0
19.0	30.18256567963381	18.835332615876098	19.932155404303213	31.049946300186882	0.0
20.0	29.842357383477975	17.77056002172078	20.274553295285475	32.11252929951577	0.0
21.0	29.144670361972867	19.047627519265696	19.924779206731692	31.88292291202974	0.0
22.0	30.310725401818022	18.979435325390213	22.59399109491784	28.115848177873925	0.0
23.0	29.565633652320805	20.408310169244732	21.47027734502869	28.55577883340577	0.0
24.0	33.55166786911916	19.535332396916612	17.431145453689524	29.481854280274707	0.0
25.0	29.926191495394733	20.694325993446544	19.597065286054143	29.78241722510458	0.0
26.0	31.85771520159052	16.62292494835293	22.722369776584692	28.796990073471857	0.0
27.0	26.29978454386908	21.280863707575232	24.723207844004506	27.696143904551185	0.0
28.0	27.196355200451933	19.90010521003141	18.91578654077956	33.9877530487371	0.0
29.0	28.22598479764312	20.51861100862591	17.208231015391757	34.047173178339214	0.0
30.0	27.164702924129585	19.01914055998265	15.91404722360012	37.90210929228765	0.0
31.0	34.57112733967846	14.458770216171615	18.60420929210912	32.3658931520408	0.0
32.0	34.77373207657947	15.323153898595496	22.882047091834494	27.02106693299054	0.0
33.0	31.403709814739518	17.29719795487884	21.007082894349637	30.292009336032006	0.0
34.0	32.89521436931055	16.813207241855547	22.052993041887913	28.238585346945992	0.0
35.0	27.101657244973847	20.48494288761817	25.501198607007503	26.912201260400476	0.0
