# Position (bp)	A	C	G	T	N
0.0	25.998685745858246	23.80063848786597	23.790510552547815	26.410165213727964	0.0
1.0	26.197792395394593	19.78381375249989	15.177229358269292	38.841164493836224	0.0
2.0	28.591936400032026	18.706375190900882	18.39858525593887	34.30310315312823	0.0
3.0	22.787691677046173	22.306672626604147	15.04233336495827	39.86330233139141	0.0
4.0	33.89100570561476	13.011778702067216	14.532065638618036	38.56514995369998	0.0
5.0	34.34102274928381	14.770934201594782	23.11673875038706	27.77130429873435	0.0
6.0	30.481384711650826	17.24493504340957	20.967184890018196	31.30649535492141	0.0
7.0	34.58231357530776	16.903026238858693	20.020568129720065	28.49409205611349	0.0
8.0	22.198050884119755	26.787418181762884	22.738617675704404	28.275913258412956	0.0
9.0	27.734206010508927	18.4426137586171	15.6104710616812	38.21270916919278	0.0
10.0	25.9456853876373	16.412772578564137	25.052537021112887	32.589005012685675	0.0
11.0	27.975051377557186	17.772187007465426	19.355482515664168	34.89727909931322	0.0
12.0	26.004504422309456	19.539875294903	21.218066272677024	33.23755401011053	0.0
13.0	26.087434604333886	20.534685838497698	18.491035633177546	34.88684392399087	0.0
14.0	30.464363401084043	18.240952569942284	20.275136987811564	31.01954704116211	0.0
15.0	29.807013882394624	18.27036683917969	19.612778965119524	32.30984031330616	0.0
16.0	29.536260048370554	17.445892950687426	18.54365818851439	34.47418881242763	0.0
17.0	30.25734206770813	17.78381966192313	19.717577397068116	32.241260873300625	0.0
18.0	30.57601407475159	17.46920577861614	18.523377073634702	33.43140307299757	0.0
19.0	29.487163403821135	18.1539357527734	19.91895347166308	32.439947371742385	0.0
20.0	29.64952636849056	17.559872056007052	19.78265943769421	33.00794213780818	0.0
21.0	28.995484173127352	18.14043084919138	19.299989811923545	33.56409516575772	0.0
22.0	29.692188938638125	18.854327993716847	22.29249967496995	29.160983392675078	0.0
23.0	29.831429151432072	19.96974179308625	20.76040115170882	29.43842790377286	0.0
24.0	32.24480579169337	19.1121186409106	18.170709964470984	30.472365602925045	0.0
25.0	29.39797021584276	21.000077551029715	19.1081175399901	30.493834693137416	0.0
26.0	31.975344474831267	16.621038910088703	21.54242155371207	29.861195061367958	0.0
27.0	26.109388388482003	21.20746953270943	24.93464234909672	27.748499729711853	0.0
28.0	26.047984319485913	19.460119382967513	18.260235785542513	36.23166051200407	0.0
29.0	27.991236353489757	19.62961970343574	17.25287071863194	35.12627322444256	0.0
30.0	26.320614410569355	18.941120954488955	16.047494073331613	38.69077056161008	0.0
31.0	33.87213161796721	14.047771388788957	17.95553801274278	34.12455898050105	0.0
32.0	33.8914218041283	15.501777762309594	22.52631840048886	28.080482033073245	0.0
33.0	30.883254225516865	17.39631574054096	20.6310043917865	31.08942564215568	0.0
34.0	33.25927070949945	16.181961453178104	21.752168499932463	28.806599337389983	0.0
35.0	26.03528505098841	20.33466849131986	25.363203561998294	28.26684289569344	0.0
