# Position (bp)	A	C	G	T	N
0.0	25.836573611165797	23.739212113843756	24.489350673849433	25.934863601141018	0.0
1.0	26.009497796236104	19.923857977832995	15.368175892679057	38.69846833325185	0.0
2.0	28.095446841539218	18.82824027887682	18.728899386826534	34.347413492757426	0.0
3.0	22.4291353383865	22.193480085774578	15.559602586727426	39.817781989111495	0.0
4.0	33.593135129101036	13.405720790587916	14.663863325898847	38.3372807544122	0.0
5.0	33.88665886157106	15.060906540678767	23.217652827099844	27.834781770650334	0.0
6.0	30.074486417077917	17.56817064432063	21.327688056083737	31.029654882517715	0.0
7.0	34.73635585124409	17.12818126162483	20.10572579288673	28.029737094244346	0.0
8.0	22.78162566829437	26.67317878609038	22.125746779023416	28.41944876659183	0.0
9.0	27.704077107469526	18.81934453811108	16.022190468257904	37.4543878861615	0.0
10.0	25.73095245580255	16.867880137679254	25.227775636959933	32.173391769558265	0.0
11.0	28.106720111851164	17.79713192346164	19.704443981350796	34.391703983336406	0.0
12.0	25.739357281468862	19.743270386806714	21.244946976677255	33.27242535504717	0.0
13.0	26.423615961260882	20.630454831786274	18.5730766642176	34.372852542735245	0.0
14.0	30.519207565380196	18.529874996043358	19.819637626697613	31.131279811878827	0.0
15.0	29.857268127010528	18.126961913716148	19.866663598581205	32.14910636069212	0.0
16.0	29.37049044102324	17.42023274885225	18.711896728243357	34.497380081881154	0.0
17.0	30.319814419720785	17.829282002102932	19.88763245027568	31.963271127900594	0.0
18.0	30.5603242318146	17.347462947196412	18.70068309194307	33.39152972904592	0.0
19.0	29.453415173432713	18.195291633946724	19.93255181418378	32.418741378436785	0.0
20.0	29.709600309487723	17.431046669793087	19.945429130628817	32.91392389009037	0.0
21.0	28.946727341297606	18.15436942363314	19.291548818155118	33.607354416914134	0.0
22.0	29.476803923519547	19.016080116786025	22.15915001933218	29.347965940362254	0.0
23.0	29.634443018792993	19.826951337463797	21.021916609221087	29.51668903452212	0.0
24.0	31.645681070139563	19.23189400153642	18.477501480837375	30.64492344748664	0.0
25.0	28.831090768120042	21.172522874791756	19.30005087188183	30.696335485206372	0.0
26.0	31.240153633299183	16.85105968322882	21.506587687232887	30.40219899623911	0.0
27.0	25.784276645376963	20.879207422779047	25.014716547254405	28.321799384589593	0.0
28.0	25.884540381892375	19.674324888860227	18.586105224312156	35.855029504935246	0.0
29.0	27.445763757203384	19.958933027907584	17.64545614922649	34.94984706566254	0.0
30.0	26.256161894765935	19.063059775668236	16.453228901573848	38.22754942799199	0.0
31.0	33.5571240435022	14.382118093143243	18.40173629899296	33.65902156436159	0.0
32.0	33.506225484091644	15.904343117155825	22.57820244716011	28.01122895159242	0.0
33.0	30.8933163548009	17.960604895259312	20.27670172540053	30.869377024539258	0.0
34.0	33.388715241954934	16.613534324869196	21.65554752129361	28.342202911882257	0.0
35.0	26.09128975505489	20.892891517951245	24.688154480834616	28.32766424615925	0.0
