# Position (bp)	A	C	G	T	N
0.0	25.128334048253603	39.63254270183605	16.619259248841477	18.619864001068866	0.0
1.0	46.72232277019534	19.865597885597598	13.70232960464498	19.70974973956208	0.0
2.0	50.78581598576459	15.277801212155822	15.306571417817366	18.629811384262222	0.0
3.0	30.725564467510907	32.947202596006	15.438611987489914	20.888620948993182	0.0
4.0	41.61112337044361	22.47435267174402	17.428425614867056	18.48609834294531	0.0
5.0	49.92278992510115	16.4458729437103	15.523542723331413	18.107794407857142	0.0
6.0	29.741245690197264	33.014024814200546	15.286471225849438	21.958258269752744	0.0
7.0	39.29295696305234	23.908727627834224	16.281311622129703	20.517003786983736	0.0
8.0	44.28105005342704	20.61147112202636	16.12426832952846	18.98321049501814	0.0
9.0	33.08414828187568	17.622636830149037	30.865197497767355	18.428017390207927	0.0
10.0	27.91411478004343	16.931345385496524	37.91529947281172	17.239240361648324	0.0
11.0	28.180260005144902	33.08317604693951	20.058862009488465	18.67770193842712	0.0
12.0	27.647366240772026	36.033411988674295	14.368797140068464	21.95042463048521	0.0
13.0	39.75634376501084	23.01756952843107	16.30654542318638	20.91954128337171	0.0
14.0	44.19012515357864	16.899189937735574	14.49761562649674	24.413069282189042	0.0
15.0	46.402431661566006	17.027543563799888	17.52961505631545	19.040409718318656	0.0
16.0	30.264724344682786	33.22412073521404	15.313976159990142	21.197178760113022	0.0
17.0	27.090521465665297	21.393504806745966	15.455204107238647	36.060769620350094	0.0
18.0	28.530180112525084	15.372658726477011	32.788709048645906	23.308452112352004	0.0
19.0	24.65953139473893	17.596053097337773	23.55708737484469	34.1873281330786	0.0
20.0	25.47435380795122	33.662287952151445	14.865255447193219	25.99810279270411	0.0
21.0	42.30820564783542	20.16903507309372	13.981047481916272	23.541711797154584	0.0
22.0	30.659279262501165	35.743551541111835	14.820813323932795	18.776355872454207	0.0
23.0	27.01587831996702	20.76093245022543	16.998247749005838	35.22494148080171	0.0
24.0	45.13671565777724	15.392910258131028	14.720395796202853	24.74997828788888	0.0
25.0	45.793353870953666	18.964879007380663	16.656827166161538	18.584939955504133	0.0
26.0	30.262271356850718	15.88964481335109	30.929019994566648	22.919063835231547	0.0
27.0	38.44420603977869	19.90188858859869	20.187558848364247	21.46634652325837	0.0
28.0	48.923972756617225	17.892246532598083	14.27815043659427	18.905630274190422	0.0
29.0	44.28490284949353	18.030889858447086	15.672837219962565	22.01137007209682	0.0
30.0	29.068249479938714	16.33324613742905	17.703633577897087	36.894870804735156	0.0
31.0	23.424446905364878	35.95338313582994	15.000126644667866	25.622043314137322	0.0
32.0	24.721372359473673	22.380152742759	14.403097376000318	38.495377521767004	0.0
33.0	24.311384258111456	16.092223242439836	35.40390442955785	24.192488069890857	0.0
34.0	24.998878661171275	36.715291240765566	20.236967966256838	18.04886213180632	0.0
35.0	24.90196471230462	20.044147180640348	14.948941519384192	40.104946587670845	0.0
36.0	24.015183569472338	16.792672233584085	35.28104154724129	23.911102649702286	0.0
37.0	27.402032676348764	32.6686808332431	20.121751608685997	19.807534881722134	0.0
38.0	25.262156289739497	20.66227308125056	18.260382396919212	35.81518823209073	0.0
39.0	23.4042046232986	16.676169120994608	33.71123317746472	26.208393078242075	0.0
40.0	41.39695657899913	18.941036925039896	20.50400994747473	19.157996548486242	0.0
41.0	29.60427105174606	16.19951859130585	30.727858831477306	23.468351525470784	0.0
42.0	21.996185468253586	16.662517315286383	39.68883310476007	21.652464111699963	0.0
43.0	22.836437680830272	37.699957643456344	19.88805955649547	19.57554511921791	0.0
44.0	26.67126343786801	20.842733687128796	14.802238500528613	37.683764374474585	0.0
45.0	24.9430041999649	16.491161306802486	15.564284485499954	43.00155000773266	0.0
46.0	28.02406467872252	32.46733059194199	15.620183189035828	23.888421540299674	0.0
47.0	21.82303037086817	22.99574175601954	16.548605587966907	38.63262228514538	0.0
48.0	39.83949655058376	19.257650712668823	14.990409881615877	25.912442855131534	0.0
49.0	48.34814931767895	16.189847492042997	16.915070611399592	18.546932578878458	0.0
50.0	30.479620326304136	17.685878238010595	32.011988302803886	19.822513132881383	0.0
51.0	40.82231459613495	20.148375290130712	20.946873400603994	18.082436713130342	0.0
52.0	43.029672203131305	21.14106696200799	17.51768403574673	18.311576799113976	0.0
53.0	29.630698597309536	18.542690075175358	31.658184978132585	20.16842634938252	0.0
54.0	25.611354395444643	34.22385836527838	20.482597590814137	19.682189648462835	0.0
55.0	24.088985207852968	37.026787864707536	18.402119814552105	20.48210711288739	0.0
56.0	24.786306334507664	22.662480272268557	18.288309803979775	34.26290358924401	0.0
57.0	22.47876969019098	38.56944431295485	15.685882029940856	23.265903966913314	0.0
58.0	29.12002978615152	21.696355669784	29.877877682481973	19.305736861582506	0.0
59.0	27.734814936245577	16.66613079471923	36.883009493084764	18.71604477595043	0.0
60.0	29.86913069409935	32.72799319508659	18.815095360476125	18.58778075033793	0.0
61.0	42.29326095241907	21.282617574263053	14.540841155244507	21.883280318073368	0.0
62.0	46.229171922969705	17.438029612927743	17.236689443853102	19.096109020249447	0.0
63.0	46.22247758042411	18.304135887972567	16.495565489314906	18.97782104228842	0.0
64.0	43.215279628522794	15.984015067523588	19.716493131130296	21.08421217282332	0.0
65.0	43.963962131859994	17.04833535387336	15.57579844454623	23.411904069720414	0.0
66.0	30.298096465607305	33.589749421114455	15.30810541866571	20.804048694612522	0.0
67.0	25.127095616604088	24.721768055214703	30.698486867135543	19.452649461045667	0.0
68.0	23.139644557434625	17.91755485263704	20.84780942156845	38.09499116835988	0.0
69.0	43.440304084235606	14.907263298066603	17.019989474295368	24.632443143402423	0.0
70.0	27.713671704540655	35.4341940418264	16.14262454309564	20.709509710537304	0.0
71.0	24.59015622523785	24.800409690940104	16.150861446681162	34.4585726371409	0.0
72.0	29.1663524336717	16.03601675741716	31.273567474622542	23.524063334288602	0.0
73.0	27.850460755915567	32.920098481026535	20.68493629532215	18.54450446773575	0.0
74.0	23.514746149376972	40.82816710249088	14.905093314402862	20.75199343372929	0.0
75.0	43.64055816109686	19.91381922746993	16.39572098024929	20.04990163118391	0.0
76.0	30.286214800339888	31.648240225258782	17.55895072821138	20.50659424618995	0.0
77.0	29.574053236903364	20.15628832409022	13.855605087578152	36.414053351428265	0.0
78.0	40.777568505356385	15.15602223783925	19.11763369182863	24.94877556497574	0.0
79.0	45.06851062279071	19.933340238099348	14.166518022398295	20.831631116711645	0.0
80.0	46.36771856560284	19.723777991836293	15.07564789552919	18.83285554703167	0.0
81.0	30.093103102601372	15.553105107513407	31.259036562655428	23.09475522722979	0.0
82.0	29.133103322692566	31.253432408895353	19.449423500209388	20.164040768202696	0.0
83.0	41.153263209462025	23.18357341295486	14.479761329052126	21.183402048530986	0.0
84.0	31.69693589312301	15.768395636338218	16.07276264761436	36.461905822924415	0.0
85.0	44.625753640720575	14.254440303865993	14.280484569381194	26.83932148603224	0.0
86.0	30.751692305890028	30.73202114137661	14.875988683467046	23.64029786926632	0.0
87.0	39.13493872919189	22.5151800134433	18.538929519600245	19.810951737764565	0.0
88.0	43.76769759180157	17.041448828116177	16.689535008206082	22.501318571876165	0.0
89.0	33.290345589930425	15.800557231497372	16.312863417200482	34.59623376137172	0.0
90.0	25.835380768617007	17.618351475759077	29.788837084755176	26.757430670868747	0.0
91.0	24.60983346550357	18.62777557494052	18.92496034892942	37.83743061062649	0.0
92.0	42.74765299752277	15.81080436278038	13.176515262971636	28.26502737672521	0.0
93.0	47.27357364002639	17.00323359429356	13.859898845515131	21.86329392016491	0.0
94.0	32.966305770113124	32.366932932418614	13.599245885809278	21.06751541165898	0.0
95.0	42.48046199425515	19.987166826245844	16.628133725680886	20.90423745381812	0.0
96.0	30.218197388828187	30.779521931812816	19.052769231233142	19.949511448125854	0.0
97.0	40.34661760340903	23.59783448407233	14.921358189497258	21.134189723021382	0.0
98.0	47.2537257071643	16.55554886255898	14.965141017782054	21.225584412494666	0.0
99.0	28.618622896770677	15.641004767404587	32.32585235800817	23.414519977816557	0.0
100.0	28.077733606831394	30.01806250883603	18.55574445454439	23.348459429788186	0.0
101.0	24.045577448568608	21.735557766373056	15.154265995497992	39.06459878956034	0.0
102.0	25.28763502719978	15.33097655109785	18.8259950300621	40.55539339164027	0.0
103.0	22.639654303442917	15.94890978344391	20.615844287827088	40.79559162528608	0.0
104.0	22.844655760993252	34.898689890318565	16.069318914844423	26.187335433843757	0.0
105.0	25.134139363711604	20.77786812130124	30.918669021828865	23.169323493158295	0.0
106.0	22.33292561575508	14.998435260124335	39.09860568919632	23.570033434924266	0.0
107.0	28.667232398135695	29.463242685744873	20.33708891993159	21.53243599618784	0.0
108.0	38.24022012828946	23.00354241470762	14.529661176726902	24.226576280276017	0.0
109.0	27.588829261477926	14.68493933444885	34.339453983779805	23.386777420293416	0.0
110.0	40.14137584686197	16.294880458352274	19.936459346675257	23.627284348110503	0.0
111.0	30.62865539547332	29.725188735004064	16.722505008548733	22.923650860973886	0.0
112.0	25.53629742335657	18.828473827753324	33.954413394561904	21.680815354328207	0.0
113.0	22.594100441143166	16.818623067672785	22.29591147790935	38.2913650132747	0.0
114.0	22.56926989738721	17.45131769664164	30.79220656681346	29.187205839157688	0.0
115.0	22.998523922088758	18.84154624509311	36.25504059214256	21.904889240675573	0.0
116.0	28.637443497468485	16.425065319527953	20.316612642728064	34.6208785402755	0.0
117.0	26.859636191470244	31.053333835484516	16.452140509073693	25.63488946397155	0.0
118.0	25.031603106010476	34.23671617010298	19.526347436612966	21.205333287273582	0.0
119.0	41.47475639764046	23.03253408159664	15.46199738237749	20.03071213838541	0.0
120.0	30.504948054387874	18.94133463355729	29.78350836765787	20.770208944396966	0.0
121.0	39.65858804017483	15.280612495082757	20.090629832110878	24.970169632631535	0.0
122.0	46.82577654372359	15.027167479294262	16.763622425350263	21.38343355163188	0.0
123.0	33.60309629517487	30.862188316268824	15.646032378137681	19.88868301041862	0.0
124.0	40.01747605851562	23.76331007780535	16.18914006669974	20.030073796979295	0.0
125.0	43.7622733591075	21.47354923575627	14.107350612528016	20.656826792608214	0.0
126.0	45.30721466030157	16.860667004669544	15.842387113880713	21.989731221148183	0.0
127.0	29.232591745173963	35.69154769780862	14.27476061093525	20.801099946082164	0.0
128.0	29.16278615025769	35.38528150620836	14.329092001061497	21.12284034247245	0.0
129.0	24.627212296300453	36.921942052562194	18.08212492637366	20.368720724763694	0.0
130.0	42.52140519718582	19.883412866383914	17.658027223568897	19.93715471286137	0.0
131.0	44.73191349711997	16.45031516290018	17.318965224574782	21.498806115405074	0.0
132.0	35.36624125056074	16.009249346297278	29.578235949300304	19.046273453841682	0.0
133.0	28.788596892947975	18.47465969865958	33.77945480978642	18.957288598606016	0.0
134.0	41.159376544021065	16.412115397085632	18.971438802393422	23.457069256499878	0.0
135.0	44.48374809724498	14.759181299827853	16.081900136928855	24.675170465998317	0.0
136.0	46.43008559210292	16.466609632479397	14.64139900545907	22.461905769958612	0.0
137.0	30.85530399075188	17.18002947396907	14.134268342545175	37.830398192733874	0.0
138.0	26.0642596752634	17.551073003679903	18.15124723057035	38.23342009048635	0.0
139.0	26.25723367350476	17.383588810563523	17.67263690037165	38.68654061556006	0.0
140.0	25.212623951755354	17.51026082232024	17.09868600170808	40.17842922421632	0.0
141.0	26.926837704623612	16.452309871095665	31.322658729750795	25.298193694529925	0.0
142.0	27.246593324241562	21.138543216515064	33.83329947237736	17.781563986866004	0.0
143.0	28.470660477928924	20.786562553325265	32.68151384729051	18.061263121455305	0.0
144.0	26.821824696431957	19.002930959283045	33.43730393696124	20.73794040732376	0.0
145.0	40.88730284716192	18.676802460258415	17.917426581639127	22.51846811094054	0.0
146.0	29.75492403385081	32.52176508881009	16.030092955524086	21.69321792181501	0.0
147.0	24.636809159204187	35.21340981187847	18.30847527543791	21.841305753479432	0.0
148.0	41.99749562373024	21.080203927781966	15.905408686096878	21.016891762390912	0.0
149.0	36.26099695349416	18.412643517367155	27.71614389040869	17.61021563873	0.0
150.0	18.363629386846103	24.22634471544009	36.5732625834146	20.8367633142992	0.0
