# Position (bp)	A	C	G	T	N
0.0	26.32550716904317	24.07953635905493	23.550121542702993	26.044834929198906	0.0
1.0	26.93423353985711	20.307846421407326	15.488801766815877	37.26911827191968	0.0
2.0	29.210899716820382	19.408925376013602	17.75640822178044	33.623766685385576	0.0
3.0	23.32261470353974	22.597341335259724	14.992078339847248	39.08796562135329	0.0
4.0	34.206123724316704	13.09285602539371	14.870227921793363	37.83079232849622	0.0
5.0	35.17725018399577	14.80690290641088	23.200900415600174	26.814946493993176	0.0
6.0	31.712189659451056	17.231062883585178	20.920431578466513	30.136315878497257	0.0
7.0	35.40894146232454	17.02185424658346	19.989258689041517	27.579945602050483	0.0
8.0	22.573062520602946	26.930343215750955	22.903734395776564	27.592859867869528	0.0
9.0	27.929544407913014	18.491364356379414	15.393236924923176	38.1858543107844	0.0
10.0	26.8232017255237	16.55224907001236	24.958658299144275	31.665890905319667	0.0
11.0	28.35054206581337	18.4038658842383	19.27662826545113	33.968963784497205	0.0
12.0	26.398302625941874	19.763814622257726	20.82085839124793	33.01702436055247	0.0
13.0	26.349843263284345	20.879997333191763	19.133744137034437	33.63641526648946	0.0
14.0	30.618292082172267	18.54546599387375	20.393033210404994	30.44320871354899	0.0
15.0	29.54425975699945	18.679584224841566	19.96225725563209	31.8138987625269	0.0
16.0	30.087375008796762	17.740682530060237	18.596900823130117	33.575041638012884	0.0
17.0	30.501668607098896	17.807229272665094	19.495096653279127	32.19600546695689	0.0
18.0	31.705090517150907	18.009882006081803	18.920152551308277	31.364874925459006	0.0
19.0	30.166724900210752	18.415619594620456	20.004148368370174	31.413507136798618	0.0
20.0	29.592793197663582	17.918926560298882	20.157045374013684	32.331234868023856	0.0
21.0	29.18132690994707	18.58159136843067	20.08733796979346	32.1497437518288	0.0
22.0	30.008728858445572	18.862482823162217	22.79120990373563	28.337578414656576	0.0
23.0	29.714972523232714	20.351981648408497	21.231904903593648	28.701140924765138	0.0
24.0	33.18841617517967	19.51959178079824	17.65956711282204	29.632424931200052	0.0
25.0	29.4852566247344	21.15844421370517	19.42212981676805	29.934169344792377	0.0
26.0	32.26068791306205	16.61491906360461	22.240069534555538	28.884323488777795	0.0
27.0	26.495320121932398	21.216101595516797	24.727139835818445	27.561438446732357	0.0
28.0	26.81925089850449	19.702626188797677	18.746340855131816	34.73178205756602	0.0
29.0	28.22628855605915	20.082621670039273	17.38942931538341	34.30166045851817	0.0
30.0	26.68503258018413	18.944550679620008	15.899087809256999	38.47132893093887	0.0
31.0	34.485913610825115	14.470557785227388	18.238616327947625	32.80491227599987	0.0
32.0	34.56800852359528	15.685979981837539	22.452876057879635	27.293135436687542	0.0
33.0	31.617435831961586	17.169209271832536	21.09003208591913	30.123322810286744	0.0
34.0	33.44328751320794	16.33262212069542	21.92076021271748	28.303330153379157	0.0
35.0	26.761052076552396	20.05040038324418	25.744466143444715	27.44408139675871	0.0
