# Position (bp)	A	C	G	T	N
0.0	52.86169728252619	10.778806740549568	13.708820403825717	22.65067557309853	0.0
1.0	15.642542861477773	49.70414201183432	16.84114701866181	17.812168108026096	0.0
2.0	25.496987951807228	42.62048192771085	13.207831325301205	18.67469879518072	0.0
3.0	50.442477876106196	14.669266536673167	14.459277036148194	20.428978551072447	0.0
4.0	49.72326103216155	14.091249065071054	14.315632011967091	21.869857890800297	0.0
5.0	20.878136200716845	43.57825567502987	16.681600955794504	18.86200716845878	0.0
6.0	19.776119402985074	46.71641791044776	12.62686567164179	20.88059701492537	0.0
7.0	52.75003726337755	14.0557460128186	14.681770755701296	18.512445968102547	0.0
8.0	50.77450104259755	17.396484956806674	13.062257968424188	18.766756032171582	0.0
9.0	21.56454491374182	44.80963712076145	14.173111243307554	19.452706722189173	0.0
10.0	20.466706302021404	11.355529131985731	14.580856123662306	53.59690844233056	0.0
11.0	19.68235119489387	13.834050764435208	12.720795606352976	53.76280243431795	0.0
12.0	18.140017798872737	14.105606644912488	13.675467220409374	54.078908335805394	0.0
13.0	20.43871350229732	43.14510152660442	13.576404327849415	22.83978064324885	0.0
14.0	20.411790845800624	13.242482595171085	44.7341134646719	21.61161309435639	0.0
15.0	47.85049490323534	15.393706603634213	15.18688137095583	21.568917122174618	0.0
16.0	17.56457564575646	15.247232472324724	14.125461254612546	53.06273062730627	0.0
17.0	20.212295444493584	42.56228807312399	15.376676986584107	21.84873949579832	0.0
18.0	18.235380762998968	14.552953306819855	16.880247459125055	50.331418471056125	0.0
19.0	20.699794178182888	45.060276389297265	12.069979417818288	22.16995001470156	0.0
20.0	21.3090695626651	14.16201937188142	14.235397710595832	50.293513354857645	0.0
21.0	19.042038962941263	15.834187783799619	16.390801230408673	48.73297202285045	0.0
22.0	18.646792342539822	13.13751278678942	42.89054508256613	25.325149788104635	0.0
23.0	20.356308411214954	15.09929906542056	14.018691588785046	50.52570093457944	0.0
24.0	47.950401167031366	11.305616338439094	15.75492341356674	24.9890590809628	0.0
25.0	21.773958636760852	11.870084474220798	42.86338479464026	23.492572094378094	0.0
26.0	50.42224810716366	13.29353523587653	13.861386138613863	22.42283051834595	0.0
27.0	18.66453302298516	18.548152458539423	11.390747745126564	51.39656677334885	0.0
28.0	18.91891891891892	43.83900029061319	10.040685847137459	27.201394943330428	0.0
29.0	21.77384235738133	11.162723181884163	13.761068369865	53.302366090869505	0.0
30.0	21.57979267046284	13.95824207913564	40.370857059424736	24.091108190976783	0.0
31.0	20.97510679039623	12.402415672411253	11.96052437766976	54.66195315952276	0.0
32.0	19.027139255524247	12.175589500222452	15.764496514904344	53.03277472934895	0.0
33.0	22.641509433962266	43.38125187181791	11.605271039233303	22.371967654986523	0.0
34.0	22.48681235870384	12.976639035418236	14.92087415222306	49.61567445365486	0.0
35.0	20.16055740684641	42.69918206604059	14.995455922447743	22.144804604665254	0.0
36.0	20.036485253876556	14.77652782000608	12.389784128914563	52.7972027972028	0.0
37.0	47.27937814357567	13.671696387745772	14.723365340649291	24.325560128029263	0.0
38.0	50.855222968845446	15.348197923029932	12.568723274282224	21.227855833842394	0.0
39.0	50.5433950711771	13.822133782335833	11.418949946425839	24.215521200061225	0.0
40.0	17.749846719803802	44.57388105456775	15.205395462906193	22.470876762722256	0.0
41.0	20.15779702970297	10.597153465346535	48.932549504950494	20.3125	0.0
42.0	52.86673957194188	12.123105764724261	15.044524293079206	19.965630370254647	0.0
43.0	52.03149606299212	12.929133858267717	13.559055118110235	21.48031496062992	0.0
44.0	21.694214876033058	43.8652256834075	10.18753973299428	24.253019707565162	0.0
45.0	28.850710900473935	13.68483412322275	15.086887835703003	42.37756714060031	0.0
46.0	26.851851851851855	16.73611111111111	21.89814814814815	34.513888888888886	0.0
47.0	32.88857677902622	18.328651685393258	17.017790262172287	31.76498127340824	0.0
48.0	25.90404159773103	19.45166627274876	18.36445284802647	36.279839281493736	0.0
49.0	27.42595713941729	22.24897664339032	19.35949915723573	30.965567059956655	0.0
50.0	25.784645098985997	25.63978754225012	18.20376629647513	30.37180106228875	0.0
51.0	30.26475589021132	17.34272528540199	16.37114403692009	36.021374787466605	0.0
52.0	27.78048780487805	17.853658536585364	19.82926829268293	34.536585365853654	0.0
53.0	31.50990099009901	18.861386138613863	22.821782178217823	26.806930693069308	0.0
54.0	31.09118086696562	21.873442949676132	17.239661185849528	29.79571499750872	0.0
55.0	31.1787072243346	18.225602027883397	18.986058301647653	31.609632446134345	0.0
56.0	27.565907345789608	19.29869465062708	20.092142308676735	33.04325569490658	0.0
57.0	31.763191763191763	17.03989703989704	20.617760617760617	30.57915057915058	0.0
58.0	28.066098631551768	19.235734572682674	19.648851019881228	33.049315775884324	0.0
59.0	24.43462438263582	21.47127631920977	21.75721341304913	32.336885885105275	0.0
60.0	27.572663000785546	19.53390940036659	20.764598062319976	32.12882953652789	0.0
61.0	30.405049973698056	18.200946870068385	21.751709626512362	29.642293529721197	0.0
62.0	29.061419835150225	21.935655410795	19.755384206328106	29.24754054772667	0.0
63.0	32.69179363806469	18.871959369152634	18.577920342154506	29.858326650628175	0.0
64.0	27.59827679052235	20.05923532579429	22.428648357565965	29.913839526117393	0.0
65.0	30.116562754133913	18.677148278666305	19.327731092436977	31.87855787476281	0.0
66.0	28.252585737615675	17.419706042460533	22.1012520413718	32.226456178551985	0.0
67.0	27.252867285636263	17.039868924085198	20.999453850354996	34.70780993992354	0.0
68.0	27.43045992839438	18.97548884604792	19.113191958138252	34.48085926741945	0.0
69.0	26.54474923801607	20.0055417013023	20.753671377112774	32.69603768356886	0.0
70.0	28.082382410242136	21.76454216532146	20.066796548844977	30.086278875591425	0.0
71.0	27.531380753138073	19.330543933054393	21.450488145048816	31.687587168758718	0.0
72.0	26.65364219927435	19.787887245325148	19.17387663968741	34.38459391571309	0.0
73.0	26.405594405594407	20.0	20.195804195804197	33.39860139860139	0.0
74.0	28.494926719278467	16.967305524239006	21.92784667418264	32.609921082299884	0.0
75.0	29.114642451759366	19.721906923950055	23.439273552780932	27.724177071509647	0.0
76.0	29.688838138738223	21.153297173850984	16.44304881530117	32.71481587210962	0.0
77.0	28.50186193067889	20.30936694356918	18.81982240045832	32.36894872529361	0.0
78.0	28.62496396656097	19.112136062265783	21.47592966272701	30.786970308446236	0.0
79.0	28.3603707995365	21.176129779837773	18.39513325608343	32.0683661645423	0.0
80.0	30.23594523740169	19.45819982522575	20.535974366443345	29.769880570929217	0.0
81.0	27.539236008291386	18.152206100088836	18.981344388510514	35.32721350310927	0.0
82.0	33.42238052834669	17.334520629266844	19.323241317898486	29.91985752448798	0.0
83.0	31.14166168559474	18.26060968320383	20.113568439928272	30.484160191273162	0.0
84.0	28.730445246690735	18.922984356197354	20.75812274368231	31.5884476534296	0.0
85.0	30.367913148371535	18.30518697225573	21.139927623642944	30.186972255729792	0.0
86.0	29.894099848714067	17.972768532526477	21.45234493192133	30.680786686838125	0.0
87.0	30.692167577413482	18.761384335154826	21.311475409836063	29.23497267759563	0.0
88.0	32.96803652968037	18.93455098934551	17.04718417047184	31.05022831050228	0.0
89.0	29.357798165137616	19.051987767584098	16.788990825688074	34.801223241590215	0.0
90.0	30.896805896805894	17.35257985257985	18.98034398034398	32.77027027027027	0.0
91.0	29.302899444787165	21.46822948797039	17.95188155459593	31.276989512646512	0.0
92.0	30.00309310238169	18.744200433034333	16.9811320754717	34.27157438911228	0.0
93.0	33.11587449518484	18.484001242621932	18.049083566324946	30.35104069586828	0.0
94.0	28.714107365792756	17.478152309612984	21.098626716604244	32.70911360799001	0.0
95.0	31.124371859296485	18.21608040201005	18.969849246231156	31.68969849246231	0.0
96.0	27.543581616481777	17.654516640253565	20.22187004754358	34.580031695721075	0.0
97.0	29.977770720863766	18.894887265798666	20.22864401397269	30.898697999364877	0.0
98.0	31.14231014677728	19.974473516273132	17.9323548181238	30.950861518825786	0.0
99.0	31.099711445976276	20.359089451747355	17.762103238217378	30.77909586405899	0.0
100.0	33.47280334728033	13.871902156420985	19.60090119085935	33.054393305439326	0.0
101.0	31.708104617371653	18.95382628350016	19.761059089441396	29.577010009686795	0.0
102.0	31.365553032760296	16.83425235160558	20.175154070710345	31.625040544923777	0.0
103.0	28.046798830029253	17.029574260643486	21.449463763405916	33.47416314592135	0.0
104.0	28.048381824125528	17.554756456358287	21.085322000653807	33.31153971886237	0.0
105.0	30.77175697865353	18.58784893267652	19.507389162561577	31.133004926108377	0.0
106.0	29.70394736842105	17.99342105263158	20.263157894736842	32.03947368421053	0.0
107.0	31.73395102581072	18.795499669093317	18.927862342819324	30.542686962276637	0.0
108.0	32.77759253084361	18.13937979326442	16.972324108036013	32.11070356785595	0.0
109.0	29.204431017119838	20.040281973816718	19.872440416247063	30.88284659281638	0.0
110.0	26.75438596491228	19.939271255060728	19.365721997300945	33.94062078272604	0.0
111.0	30.31536113936928	18.58257036283486	19.905052560189894	31.197015937605972	0.0
112.0	26.573664511738688	19.122150391289555	21.912215039128956	32.391970057842805	0.0
113.0	27.863247863247864	19.45299145299145	19.14529914529915	33.53846153846154	0.0
114.0	30.80096253007906	16.191130972842902	20.935029219663114	32.07287727741492	0.0
115.0	28.015161957270845	18.88352860096485	19.917298414886286	33.18401102687801	0.0
116.0	29.72318339100346	19.757785467128027	18.546712802768166	31.972318339100347	0.0
117.0	31.24565066109951	17.432150313152402	17.292971468336813	34.029227557411275	0.0
118.0	28.396786587495633	15.997205728257072	22.17953195948306	33.42647572476423	0.0
119.0	23.284313725490197	20.69327731092437	26.96078431372549	29.061624649859947	0.0
120.0	25.929824561403507	21.684210526315788	21.75438596491228	30.63157894736842	0.0
121.0	28.475888771559312	19.816965857092573	18.760999648011264	32.946145723336855	0.0
122.0	29.332862689728202	18.21390751853159	21.4613483939287	30.991881397811504	0.0
123.0	31.6330145235565	17.959617428267798	18.243003896563938	32.164364151611764	0.0
124.0	31.183178902352104	17.46258018531718	20.527441197434072	30.82679971489665	0.0
125.0	26.86673812075741	19.97141836370132	20.18578063594141	32.97606287959985	0.0
126.0	30.416068866571017	18.794835007173603	18.220946915351508	32.568149210903876	0.0
127.0	29.435048578625405	19.86326016552717	21.518531845987766	29.18315940985966	0.0
128.0	30.483405483405484	18.47041847041847	20.274170274170274	30.772005772005773	0.0
129.0	29.39898624185373	19.587255611875452	17.668356263577117	33.3454018826937	0.0
130.0	30.42212518195051	19.723435225618633	16.48471615720524	33.369723435225616	0.0
131.0	29.86822840409956	19.582723279648608	19.436310395314788	31.112737920937043	0.0
132.0	29.335793357933582	18.96678966789668	20.40590405904059	31.29151291512915	0.0
133.0	27.862171174509076	20.081511670989254	20.896628380881808	31.15968877361986	0.0
134.0	27.843866171003718	19.5910780669145	20.03717472118959	32.52788104089219	0.0
135.0	26.374859708193043	19.41638608305275	19.229330340441454	34.97942386831276	0.0
136.0	25.674662668665665	18.665667166416792	21.326836581709145	34.33283358320839	0.0
137.0	29.072398190045252	15.233785822021115	21.116138763197586	34.57767722473605	0.0
138.0	28.967350037965073	17.501898253606683	20.197418375094912	33.33333333333333	0.0
139.0	29.44761904761905	19.2	19.61904761904762	31.733333333333334	0.0
140.0	28.533026113671273	17.972350230414747	20.583717357910906	32.91090629800307	0.0
141.0	30.43310131477185	18.097447795823665	19.218870843000772	32.25058004640371	0.0
142.0	30.25242718446602	15.184466019417474	20.699029126213592	33.86407766990291	0.0
143.0	30.955165692007796	19.922027290448344	17.894736842105264	31.2280701754386	0.0
144.0	30.356443399921663	17.97884841363102	18.057187622405014	33.607520564042304	0.0
145.0	27.8281434765471	19.66890027591644	18.998817500985414	33.50413874655104	0.0
146.0	29.176563737133808	20.269200316706254	17.300079176563738	33.2541567695962	0.0
147.0	29.74481658692185	18.14194577352472	17.304625199362043	34.80861244019139	0.0
148.0	25.150421179302047	21.139189731247495	20.01604492579222	33.69434416365824	0.0
149.0	29.399919452275476	20.2577527184857	19.130084575110754	31.21224325412807	0.0
150.0	28.2881424524484	20.356131121003642	17.64467826790773	33.711048158640224	0.0
151.0	28.175895765472315	19.096091205211728	21.213355048859935	31.514657980456022	0.0
152.0	26.92622950819672	20.614754098360656	18.15573770491803	34.30327868852459	0.0
153.0	31.78453947368421	18.25657894736842	18.996710526315788	30.962171052631575	0.0
154.0	31.855840927920465	15.990057995028998	19.80115990057995	32.35294117647059	0.0
155.0	30.208333333333332	20.0	17.916666666666668	31.874999999999996	0.0
156.0	32.06202849958088	15.758591785414922	19.19530595138307	32.984073763621126	0.0
157.0	28.631578947368418	17.010526315789473	20.842105263157894	33.51578947368421	0.0
158.0	29.40677966101695	20.889830508474578	18.89830508474576	30.805084745762713	0.0
159.0	33.27652322113337	14.784831700042607	19.769919045590115	32.168726033233916	0.0
160.0	27.580299785867236	19.61456102783726	22.312633832976445	30.49250535331906	0.0
161.0	28.928110202324582	19.070167886353854	21.60998708566509	30.39173482565648	0.0
162.0	30.191138140747174	19.41789748045178	19.50477845351868	30.886185925282362	0.0
163.0	28.427947598253272	18.16593886462882	17.554585152838428	35.851528384279476	0.0
164.0	28.126371215445374	16.36682755594559	22.641509433962266	32.86529179464677	0.0
165.0	29.030837004405285	17.048458149779737	22.687224669603523	31.233480176211454	0.0
166.0	27.750773309765798	21.56429518338489	19.752540874944764	30.93239063190455	0.0
167.0	27.087033747779753	18.78330373001776	22.202486678507995	31.927175843694496	0.0
168.0	28.162717925793473	17.612874385337506	19.266875279392043	34.957532409476975	0.0
169.0	27.530364372469634	17.67881241565452	20.242914979757085	34.54790823211876	0.0
170.0	30.619629127091812	16.55359565807327	18.046132971506108	34.78064224332881	0.0
171.0	32.87795992714025	17.395264116575593	15.75591985428051	33.970856102003644	0.0
172.0	30.942528735632184	20.413793103448278	16.137931034482758	32.50574712643678	0.0
173.0	28.677150786308975	19.33395004625347	19.565217391304348	32.423681776133215	0.0
174.0	30.353817504655495	17.92364990689013	18.109869646182496	33.61266294227188	0.0
175.0	28.195488721804512	18.468045112781954	20.676691729323306	32.65977443609023	0.0
176.0	28.98481973434535	20.351043643263758	19.497153700189752	31.166982922201136	0.0
177.0	29.150763358778626	19.704198473282442	19.27480916030534	31.87022900763359	0.0
178.0	25.622605363984675	20.3544061302682	21.50383141762452	32.51915708812261	0.0
179.0	24.831568816169394	18.912415784408086	23.676612127045235	32.57940327237729	0.0
180.0	30.286825473991247	16.14000972289742	20.36947010209042	33.2036947010209	0.0
181.0	29.279058361942127	19.813634134379598	19.568415890142226	31.338891613536045	0.0
182.0	32.743362831858406	18.928220255653887	18.977384464110127	29.35103244837758	0.0
183.0	28.642220019821607	21.902874132804754	20.66402378592666	28.790882061446975	0.0
184.0	29.262213359920242	20.7876370887338	18.295114656031906	31.65503489531406	0.0
185.0	26.884422110552762	21.50753768844221	22.613065326633166	28.99497487437186	0.0
186.0	30.62468257998984	17.013712544438803	21.43219908583037	30.929405789740986	0.0
187.0	30.643513789581206	20.83758937691522	17.00715015321757	31.511746680286006	0.0
188.0	29.26954732510288	20.267489711934157	20.37037037037037	30.09259259259259	0.0
189.0	29.80269989615784	19.314641744548286	19.730010384215994	31.15264797507788	0.0
190.0	29.534762153685314	18.295870360690017	18.609513852587558	33.559853633037115	0.0
191.0	26.813880126182966	21.55625657202944	19.873817034700316	31.756046267087278	0.0
192.0	31.073144687666844	20.0747463961559	18.686599038974908	30.16550987720235	0.0
193.0	29.28802588996764	18.39266450916936	21.57497303128371	30.74433656957929	0.0
194.0	27.762656505171474	21.339139902014153	21.339139902014153	29.55906369080022	0.0
195.0	28.79120879120879	19.67032967032967	18.13186813186813	33.4065934065934	0.0
196.0	28.769401330376944	19.623059866962304	21.175166297117517	30.43237250554324	0.0
197.0	28.128523111612175	20.12401352874859	21.138669673055244	30.60879368658399	0.0
198.0	27.030162412993043	22.8538283062645	20.533642691415313	29.582366589327147	0.0
199.0	28.59778597785978	21.832718327183272	19.92619926199262	29.643296432964327	0.0
200.0	27.369921596578763	16.82109764789736	21.525302922309336	34.28367783321454	0.0
201.0	30.9452736318408	17.91044776119403	17.611940298507463	33.53233830845771	0.0
202.0	35.750251762336354	17.32124874118832	17.92547834843907	29.003021148036257	0.0
203.0	35.107471852610026	17.09314227226203	19.140225179119756	28.65916069600819	0.0
204.0	33.84932920536636	18.885448916408667	21.775025799793603	25.49019607843137	0.0
205.0	34.90073145245559	17.763845350052247	21.42110762800418	25.914315569487982	0.0
206.0	28.961175236096537	20.67156348373557	22.560335781741866	27.806925498426022	0.0
207.0	27.041357370095444	22.163308589607635	16.755037115588546	34.04029692470838	0.0
208.0	27.419354838709676	16.344086021505376	21.612903225806452	34.623655913978496	0.0
209.0	24.190064794816415	18.142548596112313	21.706263498920087	35.96112311015119	0.0
210.0	26.195652173913043	17.5	20.76086956521739	35.54347826086956	0.0
211.0	30.033003300330037	17.491749174917494	20.792079207920793	31.683168316831683	0.0
212.0	28.22222222222222	17.444444444444446	23.444444444444446	30.88888888888889	0.0
213.0	29.035874439461885	19.843049327354258	19.506726457399104	31.614349775784756	0.0
214.0	31.25	23.75	18.522727272727273	26.477272727272727	0.0
215.0	29.646522234891677	22.91904218928164	18.244013683010262	29.19042189281642	0.0
216.0	30.671296296296298	18.40277777777778	19.212962962962962	31.712962962962965	0.0
217.0	27.0906949352179	17.432273262661955	24.263839811542994	31.21319199057715	0.0
218.0	26.012269938650306	19.263803680981596	19.018404907975462	35.70552147239264	0.0
219.0	19.328859060402685	21.610738255033556	25.63758389261745	33.422818791946305	0.0
220.0	0.0	30.753968253968257	25.396825396825395	43.84920634920635	0.0
