# Position (bp)	A	C	G	T	N
0.0	27.183534612219894	23.700481273622444	23.603685377670036	25.512298736487626	0.0
1.0	27.24817596132265	19.836244313868338	15.069153417933897	37.8463036618136	1.226450615126306E-4
2.0	28.448825420209456	19.694079442437086	18.013731063502803	33.84336407385066	0.0
3.0	23.77217337181701	21.96083695897583	15.32618578341337	38.94031572074518	4.8816504860293265E-4
4.0	34.70801510680354	13.75639853024101	14.434645780532392	37.09972268468506	0.0012178977379985313
5.0	36.13147612517294	15.1332368792186	22.570262847602905	26.15565455149445	0.009369596511102972
6.0	32.850447172367495	17.532634948277835	19.980590505887303	29.630854771743863	0.005472601723504703
7.0	36.023127627448744	16.44475944787409	20.22840720379884	27.302854725335106	8.509955432147694E-4
8.0	23.136600108641364	27.102739001884817	22.447809005080867	27.31151513383911	0.001336750553840059
9.0	29.21212636591692	18.337635832427278	15.775816513092758	36.67429980623569	1.2148232735842753E-4
10.0	26.643899915353348	17.049074412543735	24.968819185279013	31.33711348845004	0.0010929983738613082
11.0	28.281192330853354	19.093829522718	19.870723984537385	32.75206880475533	0.002185357135919501
12.0	27.052480430748094	19.37626006076209	20.917767266397934	32.647423316085444	0.0060689260064403444
13.0	27.285281750389846	21.59420905411719	19.050294583426876	32.07021461206609	0.0
14.0	31.994976002524133	18.060300104969997	20.44924731052309	29.494505761214494	9.708207682832855E-4
15.0	30.295432895048208	18.80673992318381	19.502939766638956	31.394159299552815	7.281155762124641E-4
16.0	30.647962186531075	17.77754855620749	19.202834796643387	32.369348761293374	0.002305699324672803
17.0	30.43875031096603	17.955451461995402	20.54159663610604	31.060439660455437	0.0037619304770977317
18.0	31.609924215303774	17.975110582553135	18.422294898943626	31.985025089649234	0.0076452135502308735
19.0	30.572480871797048	18.388194819457677	19.78678348876578	31.25254081997949	0.0
20.0	30.269099381708525	18.23917383152619	19.16946283273365	32.32226395403164	0.0
21.0	30.56143778555783	17.58374846033894	19.04143584391629	32.81325655759091	1.2135259603541068E-4
22.0	29.026812856094026	19.245914968235958	19.579998665121444	32.14618133718425	0.0010921733643186962
23.0	29.973727162958337	18.00229356406507	20.388206954717276	31.634316087106896	0.0014562311524249283
24.0	31.434569714032605	17.893197580229234	18.825064165185154	31.845712309400582	0.0014562311524249283
25.0	29.546687377509723	17.99780351801176	19.78447778944111	32.670303199461195	7.281155762124641E-4
26.0	32.2638933553386	17.964916964486164	19.623321541906087	30.147868138269146	0.0
27.0	29.557973168941015	18.065882324387626	19.9883501507806	32.38755165069869	2.4270519207082137E-4
28.0	30.679149803712175	17.895867337342015	19.679507793870478	31.7415917820022	0.003883283073133142
29.0	29.600567930149445	18.550200535164947	19.831926654490957	32.01414971269773	0.0031551674969206777
30.0	30.097082665890007	18.22811999417504	19.52757147711276	32.14455608951022	0.002669773311975147
31.0	30.44190031455089	18.27077103801794	19.711734495747738	31.574259252067883	0.0013348996155489107
32.0	29.0210855253178	18.444707381450804	19.69187828039198	32.84232881283942	0.0
33.0	29.756788998285227	18.929585190596796	19.32132468140827	31.991330275953047	9.708537566579331E-4
34.0	29.92134775554091	18.07678818262466	19.803108468738735	32.198512876711	2.4271638469090676E-4
35.0	30.43744435226338	17.739374850441962	19.41879772951161	32.404383067783044	0.0
36.0	30.938186077196633	17.490435165059466	19.101604122143154	32.46953164201699	2.4299358375442094E-4
37.0	29.37198396389324	18.75176967114801	19.30372478560396	32.57203548942572	4.860899290673271E-4
38.0	30.585144854865547	18.358939574619125	19.421358510474064	31.633949268888024	6.0779115323509E-4
39.0	29.905167789887727	18.782056193892156	19.732932452270706	31.579721937413417	1.216265359911164E-4
40.0	29.86904925789706	18.713200940983842	19.458288613047806	31.955562756824385	0.0038984312469010516
41.0	30.02304310574198	18.570082530445458	20.37642768394818	31.028127723248396	0.0023189566159832254
42.0	29.44691033343273	18.396971193093773	19.26196051210105	32.891102757504804	0.0030552038676436803
43.0	29.478577326523748	18.239823847824095	20.187895654301354	32.091378941252025	0.002324230098779779
44.0	29.649872238934616	18.63475027517297	20.34688322993686	31.368371820818624	1.2243513692533538E-4
45.0	30.051195710245516	18.249346880958335	19.50105626381598	32.198401144980174	0.0
46.0	30.304074393328733	17.58736667087647	19.374366230686512	32.73382485834834	3.678467599444306E-4
47.0	29.715077205440327	17.888033095406932	19.821665615668298	32.57362918323932	0.0015949002451238993
48.0	30.344784411541585	17.917790865815427	18.788835505625702	32.94711619902437	0.0014730179929147835
49.0	29.617419352461344	17.496735775288684	20.162898017390365	32.721964209603144	9.826452564642703E-4
50.0	29.944499853040824	18.436305188089296	19.669286516280494	31.949908442589386	0.0
51.0	30.345876298822926	18.36429641751612	19.13385516275952	32.15597212090144	0.0
52.0	29.979919033940046	17.876258765354038	19.781233559172158	32.36258864153376	0.0
53.0	31.405286997846588	17.63198930719537	19.44345436994134	31.507883468230986	0.011385856785723125
54.0	30.296867132797757	18.062662304645354	19.227907345905148	32.410578976479314	0.0019842401724304713
55.0	29.0506200952349	18.21488601254477	18.597018225818275	34.135984903541434	0.0014907628606248531
56.0	29.315989283985584	18.55953472687975	20.554415627562506	31.569562636796544	4.977247756194496E-4
57.0	28.158274044516755	18.563265143408135	19.792976034901812	33.48486188643705	6.228907362443924E-4
58.0	30.567324493845575	18.017513510547147	21.73311664906003	29.681671179536558	3.741670106924459E-4
59.0	29.94661421747682	20.144110393056728	21.10855109113047	28.792357403765102	0.008366894570884456
60.0	31.53732872727364	18.92304785689351	19.676766716255628	29.86248134157953	3.753579976902971E-4
61.0	29.011163494207548	20.768162783085067	19.876939439204044	30.343358028221658	3.762552816835166E-4
62.0	30.95732471572462	16.49841691709075	22.064501190458213	30.47937965298017	3.775237462436387E-4
63.0	26.531416787967004	19.780800177907164	25.922767062914442	27.762994298884035	0.0020216723273491833
64.0	26.05732143966942	19.506462835682512	18.84210539666756	35.59220781526855	0.0019025127119557702
65.0	27.60115312525467	19.309118042539318	18.862052807432157	34.220672724309345	0.00700330046450982
66.0	26.43276736961686	19.64222505906903	17.04331558387291	36.87338590444938	0.008306082991825538
67.0	33.52113434719376	14.356453420817056	18.00594054834647	34.115317432020994	0.0011542516217235284
68.0	34.347751109566715	15.624177468437479	23.008193224738637	27.019748537109383	1.2966014778663645E-4
69.0	32.2875071306332	17.292331475508345	20.330014307590698	30.090147086267756	0.0
70.0	33.30937248678002	15.977139928971509	22.115624132605493	28.59786345164298	0.0
71.0	26.142706828598435	20.051004939988943	25.799047670001606	28.007240561411017	0.0
