# Position (bp)	A	C	G	T	N
0.0	43.74361593462717	9.98467824310521	16.44535240040858	29.826353421859043	0.0
1.0	18.19806023481368	40.17355793772333	24.961715160796324	16.666666666666664	0.0
2.0	21.305668016194332	43.87651821862348	15.00506072874494	19.812753036437247	0.0
3.0	43.84286074036767	21.430370183832785	14.908083606144547	19.818685469654998	0.0
4.0	41.53884837817451	13.125471460900176	14.583857178777974	30.75182298214735	0.0
5.0	22.972633693196084	35.32513181019332	22.043685664072306	19.65854883253829	0.0
6.0	19.63882618510158	34.86330574366691	16.3531477301229	29.144720341108606	0.0
7.0	45.72788774743172	13.680781758957655	15.033826108744675	25.557504384865947	0.0
8.0	40.0	17.797246558197745	15.269086357947433	26.933667083854818	0.0
9.0	19.765117441279358	36.25687156421789	17.01649175412294	26.96151924037981	0.0
10.0	26.829877591806145	13.964526605046215	12.86535098675993	46.34024481638771	0.0
11.0	18.653366583541146	23.99002493765586	12.967581047381547	44.38902743142145	0.0
12.0	28.45042351768809	13.228699551569505	13.926258096661684	44.39461883408072	0.0
13.0	21.00547536087606	35.440517670482826	20.159283225485318	23.394723743155797	0.0
14.0	17.544731610337973	13.991053677932404	47.688866799204774	20.77534791252485	0.0
15.0	39.509536784741144	17.265296011890015	15.234084716373545	27.991082486995296	0.0
16.0	17.12447414006434	14.501361049245237	16.159366493442217	52.2147983172482	0.0
17.0	22.88471053933696	42.62741217219199	14.275111331024245	20.212765957446805	0.0
18.0	19.168933959930744	16.151372743012615	23.893148651991094	40.78654464506555	0.0
19.0	19.896193771626297	42.98072170044488	15.274345032130498	21.84873949579832	0.0
20.0	21.155270303628733	15.329548259688966	21.40212293260923	42.11305850407307	0.0
21.0	26.742181728638265	15.242551095789214	18.29598621029303	39.71928096527949	0.0
22.0	21.018951513659857	21.929608663549104	33.76815161210928	23.283288210681764	0.0
23.0	20.374015748031496	12.549212598425196	23.941929133858267	43.13484251968504	0.0
24.0	43.9390213916892	10.523727563314482	16.44947135480698	29.08777969018933	0.0
25.0	22.46252150405505	15.163430818382896	40.47677562054559	21.897272057016465	0.0
26.0	42.55893909626719	21.635559921414536	14.759332023575638	21.046168958742633	0.0
27.0	19.067484662576685	18.11042944785276	11.239263803680982	51.58282208588957	0.0
28.0	17.631191760666994	42.98675821481118	10.201078960274645	29.18097106424718	0.0
29.0	24.834680382072005	10.874357090374724	20.426157237325494	43.86480529022778	0.0
30.0	21.982434127979925	13.55081555834379	34.75533249686324	29.71141781681305	0.0
31.0	29.65952080706179	11.450189155107187	11.778058007566203	47.11223203026481	0.0
32.0	20.284605433376456	18.31824062095731	14.592496765847349	46.80465717981889	0.0
33.0	23.454545454545457	35.14285714285714	18.675324675324674	22.727272727272727	0.0
34.0	21.770833333333332	13.098958333333332	15.572916666666666	49.557291666666664	0.0
35.0	20.695970695970693	35.55729984301413	21.690214547357403	22.05651491365777	0.0
36.0	19.40729084710202	14.660372410175714	20.27275111460792	45.65958562811435	0.0
37.0	42.47694334650857	22.08168642951252	14.04479578392622	21.396574440052703	0.0
38.0	43.676939426142404	15.727948990435706	12.327311370882041	28.26780021253985	0.0
39.0	44.24920127795527	15.228966986155484	10.303514376996805	30.21831735889244	0.0
40.0	18.405564472980203	37.53344034242911	14.633493846976995	29.4275013376137	0.0
41.0	21.005434782608695	11.847826086956522	46.494565217391305	20.652173913043477	0.0
42.0	43.877829288246524	13.116989364603219	21.298063812380693	21.707117534769566	0.0
43.0	50.50671049027664	12.818405916187345	13.585319090660091	23.089564502875927	0.0
44.0	22.81767955801105	38.12154696132597	18.287292817679557	20.773480662983427	0.0
45.0	36.86714237172953	14.135236153584776	14.509004417261298	34.4886170574244	0.0
46.0	28.330995792426368	23.632538569424966	17.812061711079945	30.22440392706872	0.0
47.0	29.884643114635907	16.979091564527756	16.943042537851476	36.193222782984854	0.0
48.0	23.809523809523807	26.44300144300144	19.047619047619047	30.6998556998557	0.0
49.0	24.240231548480462	26.91751085383502	18.596237337192477	30.246020260492042	0.0
50.0	24.09156976744186	22.165697674418606	26.380813953488374	27.361918604651166	0.0
51.0	27.17948717948718	15.2014652014652	15.421245421245422	42.1978021978022	0.0
52.0	28.18348623853211	16.256880733944953	26.715596330275233	28.844036697247706	0.0
53.0	27.591349739000748	17.300521998508575	28.59806114839672	26.51006711409396	0.0
54.0	36.05086013462977	18.960359012715035	16.230366492146597	28.7584143605086	0.0
55.0	28.55534709193246	16.285178236397748	27.992495309568483	27.166979362101312	0.0
56.0	24.820822331195775	17.201056205205585	26.40513013956997	31.57299132402867	0.0
57.0	36.78993518871521	17.041555470834922	20.930232558139537	25.238276782310333	0.0
58.0	24.88532110091743	16.704892966360855	26.79663608562691	31.613149847094803	0.0
59.0	25.43993879112471	18.553940321346595	28.003060443764344	28.003060443764344	0.0
60.0	25.240107568190552	17.134076066077604	18.132923549750288	39.49289281598156	0.0
61.0	25.35700501736781	25.58857583944423	20.87996912389039	28.17445001929757	0.0
62.0	23.752417794970988	16.44100580270793	23.713733075435204	36.092843326885884	0.0
63.0	30.733229329173167	17.433697347893915	16.73166926677067	35.101404056162245	0.0
64.0	34.75204998047637	20.929324482623976	17.883639203436157	26.43498633346349	0.0
65.0	24.862960062646827	18.245888801879403	18.794048551292093	38.09710258418168	0.0
66.0	26.862745098039216	21.88235294117647	22.19607843137255	29.058823529411764	0.0
67.0	35.76756968983118	15.704750687082841	16.411464468001572	32.11621515508442	0.0
68.0	23.569427771108444	19.16766706682673	27.13085234093637	30.132052821128454	0.0
69.0	33.33333333333333	18.737434660233212	19.09931644551669	28.82991556091677	0.0
70.0	25.02030869212023	20.471161657189278	24.898456539398865	29.610073111291634	0.0
71.0	25.467860048820178	18.144833197721724	27.827502034174124	28.55980471928397	0.0
72.0	24.1210139002453	26.614881439084222	19.010629599345872	30.253475061324615	0.0
73.0	34.92586490939045	17.71004942339374	17.751235584843492	29.612850082372322	0.0
74.0	26.796036333608587	24.979355904211396	20.644095788604456	27.580511973575554	0.0
75.0	25.76763485477178	18.547717842323653	30.53941908713693	25.145228215767634	0.0
76.0	26.713751557955963	17.739925218113832	15.66265060240964	39.88367262152057	0.0
77.0	27.02475870751154	28.745279060008393	17.62484263533361	26.605119597146455	0.0
78.0	35.38073201514514	19.394194362641986	18.17416912074043	27.050904501472445	0.0
79.0	34.69818488813846	20.21950189953567	16.20937104263402	28.87294216969185	0.0
80.0	26.95578231292517	24.31972789115646	18.622448979591837	30.102040816326532	0.0
81.0	34.015345268542205	17.476555839727194	18.15856777493606	30.34953111679454	0.0
82.0	27.789653698161608	15.946985891406584	19.66652415562206	36.59683625480975	0.0
83.0	25.85616438356164	25.51369863013699	20.6763698630137	27.95376712328767	0.0
84.0	23.51421188630491	16.709732988802756	20.37037037037037	39.405684754521964	0.0
85.0	30.699481865284973	14.075993091537134	18.868739205526772	36.35578583765112	0.0
86.0	38.17157712305026	15.684575389948009	20.27729636048527	25.866551126516462	0.0
87.0	39.12288319583153	16.977854971775944	19.93052540165002	23.96873643074251	0.0
88.0	41.41856392294221	17.162872154115586	15.105078809106832	26.313485113835377	0.0
89.0	28.514764213309828	14.059056853239312	27.765535478184223	29.660643455266637	0.0
90.0	36.77248677248677	16.358024691358025	19.841269841269842	27.028218694885364	0.0
91.0	27.557319223985893	18.95943562610229	14.065255731922399	39.41798941798942	0.0
92.0	27.91005291005291	15.608465608465607	24.735449735449734	31.746031746031743	0.0
93.0	32.22936233316856	17.498764211566982	19.970341077607515	30.301532377656947	0.0
94.0	29.64799206742687	17.15418939018344	18.591968269707486	34.605850272682204	0.0
95.0	31.746031746031743	17.708333333333336	21.180555555555554	29.365079365079367	0.0
96.0	28.96174863387978	17.93343268753105	21.559860904123198	31.54495777446597	0.0
97.0	30.56246888999502	19.860627177700348	18.21801891488303	31.3588850174216	0.0
98.0	30.484757621189406	19.54022988505747	17.44127936031984	32.53373313343329	0.0
99.0	31.99799699549324	17.676514772158235	19.278918377566352	31.046569854782174	0.0
100.0	32.730923694779115	14.959839357429718	19.076305220883537	33.23293172690763	0.0
101.0	30.846774193548388	20.3125	20.614919354838708	28.225806451612907	0.0
102.0	30.668016194331983	16.599190283400812	21.204453441295545	31.528340080971663	0.0
103.0	26.243654822335028	19.18781725888325	19.949238578680202	34.619289340101524	0.0
104.0	26.246185147507628	17.548321464903356	21.617497456765005	34.58799593082401	0.0
105.0	27.407030056036678	19.765664798777383	19.460010188487008	33.36729495669893	0.0
106.0	30.66326530612245	18.21428571428571	17.5	33.62244897959184	0.0
107.0	30.092118730808597	18.42374616171955	21.64790174002047	29.83623336745138	0.0
108.0	34.87179487179487	18.358974358974358	15.692307692307692	31.076923076923073	0.0
109.0	27.546777546777545	20.426195426195427	18.814968814968815	33.21205821205821	0.0
110.0	26.31578947368421	20.157894736842106	21.0	32.526315789473685	0.0
111.0	27.833421191354766	17.6594623089088	21.244069583552978	33.26304691618345	0.0
112.0	26.4519535374868	18.84899683210137	21.172122492080252	33.52692713833157	0.0
113.0	29.327686606670195	17.628374801482266	19.798835362625727	33.24510322922181	0.0
114.0	28.972457627118644	18.114406779661017	20.07415254237288	32.83898305084746	0.0
115.0	28.002125398512224	18.544102019128587	18.75664187035069	34.6971307120085	0.0
116.0	28.328008519701807	19.64856230031949	20.23429179978701	31.789137380191697	0.0
117.0	31.166755460841767	19.445924347362816	17.155034629728288	32.23228556206713	0.0
118.0	26.830571886691608	16.835916622127208	20.363442009620524	35.970069481560664	0.0
119.0	21.424745581146222	23.03160149973219	28.49491162292448	27.04874129619711	0.0
120.0	27.306866952789697	20.493562231759658	21.99570815450644	30.203862660944207	0.0
121.0	29.03225806451613	18.817204301075268	18.978494623655916	33.17204301075269	0.0
122.0	29.940764674205706	17.77059773828756	21.109316101238555	31.179321486268176	0.0
123.0	33.89098758769563	16.729627630868862	18.29465731246627	31.084727468969238	0.0
124.0	30.28664142779881	18.226068144943213	19.524067063277446	31.963223363980532	0.0
125.0	30.02710027100271	19.349593495934958	20.8130081300813	29.81029810298103	0.0
126.0	31.395980445410103	18.68549701249321	18.30526887561108	31.61325366648561	0.0
127.0	27.475516866158866	20.184983677910772	22.143634385201306	30.195865070729056	0.0
128.0	31.590413943355124	17.429193899782135	20.37037037037037	30.610021786492375	0.0
129.0	30.786026200873362	18.722707423580786	17.358078602620086	33.133187772925766	0.0
130.0	30.306345733041574	20.076586433260392	16.52078774617068	33.096280087527354	0.0
131.0	30.021953896816683	20.142700329308454	18.331503841931944	31.503841931942922	0.0
132.0	28.721058434399115	18.798235942668136	21.995589856670342	30.485115766262403	0.0
133.0	27.988980716253444	21.70798898071625	19.33884297520661	30.964187327823687	0.0
134.0	24.19889502762431	20.552486187845304	21.60220994475138	33.646408839779006	0.0
135.0	27.23239046034387	16.41708264004437	19.966722129783694	36.38380476982807	0.0
136.0	25.556792873051226	17.65033407572383	21.158129175946545	35.634743875278396	0.0
137.0	28.082959641255606	15.47085201793722	20.795964125560538	35.65022421524663	0.0
138.0	28.442945474985947	18.268690275435638	20.57335581787521	32.715008431703204	0.0
139.0	29.548022598870055	18.361581920903955	19.661016949152543	32.429378531073446	0.0
140.0	29.755820556501988	18.00113571834185	22.089721749006248	30.153321976149915	0.0
141.0	30.961866818440527	17.586795674445078	19.180421172453045	32.27091633466135	0.0
142.0	32.647226986849624	14.751286449399656	19.439679817038307	33.16180674671241	0.0
143.0	31.666666666666664	18.67816091954023	19.42528735632184	30.22988505747126	0.0
144.0	30.977011494252878	16.494252873563216	19.022988505747126	33.50574712643678	0.0
145.0	29.591249280368455	18.71042026482441	20.09211283822683	31.606217616580313	0.0
146.0	30.2540415704388	18.30254041570439	18.013856812933028	33.429561200923786	0.0
147.0	29.28240740740741	19.270833333333336	17.59259259259259	33.85416666666667	0.0
148.0	26.00116076610563	20.313406848520025	19.849100406268136	33.83633197910621	0.0
149.0	29.186046511627907	19.883720930232556	17.732558139534884	33.19767441860465	0.0
150.0	26.943308007013446	19.929865575686733	18.118059614260666	35.00876680303916	0.0
151.0	29.466900995899238	19.390743995313414	20.56239015817223	30.579964850615116	0.0
152.0	27.369040612124778	18.893466745144202	18.599175985874044	35.13831665685698	0.0
153.0	30.301240401653867	17.95629060838748	19.905493207324277	31.836975782634376	0.0
154.0	30.700712589073635	16.152019002375297	20.961995249406176	32.18527315914489	0.0
155.0	30.906921241050117	18.914081145584728	16.766109785202865	33.41288782816229	0.0
156.0	29.56313584679832	15.439856373429084	19.748653500897667	35.24835427887493	0.0
157.0	31.591591591591587	17.77777777777778	20.6006006006006	30.03003003003003	0.0
158.0	28.778718258766627	21.221281741233376	16.68681983071342	33.313180169286575	0.0
159.0	33.25242718446602	12.985436893203882	20.99514563106796	32.76699029126214	0.0
160.0	24.345709068776628	17.77236762020694	25.015216068167984	32.86670724284845	0.0
161.0	29.321930360415394	18.998167379352473	21.50274893097129	30.177153329260843	0.0
162.0	29.440688383527963	20.098340503995082	21.38905961893055	29.071911493546406	0.0
163.0	27.760641579272054	17.890191239975323	17.643429981492904	36.705737199259715	0.0
164.0	28.394296342219466	15.499070055796652	24.054556726596406	32.05207687538748	0.0
165.0	32.7940261356565	18.855009334163036	21.095208462974487	27.255756067205972	0.0
166.0	27.815805849408836	20.472930927193527	19.788425637834475	31.922837585563162	0.0
167.0	27.98998121477771	18.346900438321853	22.542266750156543	31.120851596743893	0.0
168.0	27.386934673366838	18.718592964824122	19.974874371859297	33.91959798994975	0.0
169.0	25.45915136162128	19.126029132362255	19.569347688410385	35.845471817606075	0.0
170.0	29.17991099809282	17.29179910998093	17.80038143674507	35.727908455181186	0.0
171.0	30.842911877394634	17.17752234993614	17.11366538952746	34.86590038314176	0.0
172.0	29.85265855221012	20.499679692504806	16.72005124919923	32.92761050608584	0.0
173.0	28.783000643915003	19.381841596909208	19.768190598840953	32.06696716033483	0.0
174.0	28.875968992248062	19.896640826873384	17.89405684754522	33.33333333333333	0.0
175.0	27.968851395197923	18.624269954574952	23.231667748215447	30.175210902011678	0.0
176.0	28.943937418513688	19.035202086049544	18.904823989569753	33.116036505867015	0.0
177.0	28.421741977734122	21.676489849377862	19.384413883431563	30.51735428945645	0.0
178.0	28.288169200264374	18.902842035690682	21.150033046926637	31.65895571711831	0.0
179.0	26.392572944297083	19.56233421750663	23.80636604774536	30.238726790450926	0.0
180.0	29.313790806129248	16.98867421718854	20.186542305129915	33.510992671552295	0.0
181.0	28.255033557046982	18.993288590604028	19.463087248322147	33.288590604026844	0.0
182.0	32.748143146522615	19.85145172180959	19.581363943281566	27.819041188386223	0.0
183.0	28.095238095238095	23.945578231292515	21.292517006802722	26.666666666666668	0.0
184.0	28.981544771018452	21.804511278195488	18.9336978810663	30.28024606971975	0.0
185.0	30.07570543702684	20.784583620096353	22.780454232622162	26.35925671025465	0.0
186.0	30.742539902845245	16.932685634975712	23.178348369188065	29.14642609299098	0.0
187.0	31.053733426378226	22.470341939986042	17.02721563154222	29.44870900209351	0.0
188.0	28.901329601119663	19.314205738278517	21.343596920923723	30.440867739678097	0.0
189.0	29.507042253521128	20.070422535211268	20.704225352112676	29.718309859154928	0.0
190.0	31.605113636363637	17.613636363636363	19.176136363636363	31.605113636363637	0.0
191.0	28.786791098348885	19.66977745872218	19.885139985642496	31.65829145728643	0.0
192.0	30.35328046142754	20.980533525594808	19.17808219178082	29.488103821196827	0.0
193.0	29.15155910079768	16.533720087019578	20.667150108774475	33.64757070340827	0.0
194.0	28.613352898019073	21.27659574468085	22.7439471753485	27.366104181951577	0.0
195.0	28.13884785819793	20.31019202363368	19.49778434268833	32.05317577548006	0.0
196.0	26.78169542385596	20.180045011252815	21.230307576894223	31.807951987997	0.0
197.0	28.224582701062218	20.561456752655538	20.18209408194234	31.031866464339906	0.0
198.0	25.723221266614544	22.986708365910868	21.735731039874903	29.55433932759969	0.0
199.0	27.59472817133443	23.476112026359143	17.874794069192752	31.054365733113677	0.0
200.0	26.698564593301437	16.74641148325359	19.330143540669855	37.22488038277512	0.0
201.0	32.79352226720648	17.139001349527668	18.62348178137652	31.44399460188934	0.0
202.0	36.71232876712329	16.84931506849315	18.767123287671232	27.671232876712327	0.0
203.0	34.30555555555556	18.88888888888889	17.22222222222222	29.583333333333332	0.0
204.0	33.751743375174335	18.13110181311018	22.87308228730823	25.24407252440725	0.0
205.0	35.63380281690141	17.183098591549296	22.112676056338028	25.070422535211268	0.0
206.0	29.72972972972973	20.62588904694168	23.186344238975817	26.458036984352773	0.0
207.0	25.358166189111746	23.925501432664756	17.191977077363894	33.5243553008596	0.0
208.0	26.62807525325615	18.234442836468887	21.41823444283647	33.71924746743849	0.0
209.0	23.17784256559767	19.096209912536445	21.282798833819243	36.44314868804665	0.0
210.0	24.926253687315633	18.58407079646018	19.469026548672566	37.02064896755162	0.0
211.0	32.789317507418396	17.95252225519288	20.178041543026705	29.080118694362017	0.0
212.0	27.969924812030072	15.18796992481203	25.112781954887218	31.72932330827068	0.0
213.0	28.44175491679274	20.87745839636914	16.944024205748864	33.73676248108926	0.0
214.0	31.05022831050228	22.22222222222222	18.41704718417047	28.31050228310502	0.0
215.0	27.522935779816514	20.18348623853211	18.654434250764528	33.63914373088685	0.0
216.0	32.81972265023113	18.02773497688752	16.79506933744222	32.357473035439135	0.0
217.0	26.456692913385826	17.165354330708663	22.83464566929134	33.54330708661417	0.0
218.0	25.241157556270092	17.684887459807076	20.418006430868168	36.655948553054664	0.0
219.0	20.13888888888889	23.958333333333336	23.958333333333336	31.944444444444443	0.0
220.0	0.0	28.75318066157761	23.918575063613233	47.32824427480916	0.0
