# Position (bp)	A	C	G	T	N
0.0	25.858012798791762	24.670590854963162	24.104713866648595	25.36668247959648	0.0
1.0	25.569023438634535	20.462092534683567	14.73119632881858	39.237687697863315	0.0
2.0	27.448647446035686	19.32413412846965	18.910605203209567	34.3166132222851	0.0
3.0	23.65378294243895	22.840735513060963	15.437750149848217	38.06773139465187	0.0
4.0	33.301445116029626	14.310562247249642	14.570016378947978	37.81797625777275	0.0
5.0	34.59198161043878	15.747027632633745	22.807788520045975	26.8532022368815	0.0
6.0	32.40004441933787	17.936238937412188	20.449794077743498	29.21392256550645	0.0
7.0	34.18014860304448	17.491032158703028	19.96292165751778	28.36589758073471	0.0
8.0	23.754905794268005	25.711430681670073	22.002095069827615	28.531568454234307	0.0
9.0	29.551652403913447	18.710994627937623	15.85554799380258	35.88180497434635	0.0
10.0	27.00773607578748	16.860591377870865	24.196109279912744	31.935563266428908	0.0
11.0	28.054065009264978	18.520305744286595	20.065916460778258	33.35971278567016	0.0
12.0	26.212992627475202	19.937179140772766	21.178638977882425	32.671189253869606	0.0
13.0	27.05105875882299	20.943595582594767	18.29826652064206	33.707079137940184	0.0
14.0	30.519455459395832	18.337723233668125	20.107190753229712	31.035630553706326	0.0
15.0	30.026624735923136	19.00147593644791	18.641173803575047	32.3307255240539	0.0
16.0	29.70776872257318	17.181366639340308	18.772725080773498	34.33813955731301	0.0
17.0	30.125256732910987	18.059050980165274	20.42967205685248	31.38602023007126	0.0
18.0	31.09220610208705	17.495059526678556	18.809948426278496	32.6027859449559	0.0
19.0	29.80386487398198	18.179364849886753	19.690135415160714	32.32663486097056	0.0
20.0	30.452105876798257	17.807691195883642	19.567165473448895	32.173037453869206	0.0
21.0	29.980153568985617	17.767372852779946	19.731302446120793	32.52117113211364	0.0
22.0	28.808138414704636	18.506030596123463	19.504065353936266	33.181765635235635	0.0
23.0	29.56313181176765	17.492065479659214	20.53583898823427	32.40896372033886	0.0
24.0	30.769564149607774	18.545913330732965	18.392299061460154	32.2922234581991	0.0
25.0	29.38613174886726	17.7414617469894	19.405054819123375	33.467351685019956	0.0
26.0	31.14417081919068	17.596591319419367	20.320647071567848	30.9385907898221	0.0
27.0	29.265451324536784	18.14925890445909	19.5188053896107	33.06648438139342	0.0
28.0	29.96067369758699	17.60634226879552	19.807074883633614	32.625909149983876	0.0
29.0	29.503667622879803	18.15473325503937	19.811420650353284	32.53017847172754	0.0
30.0	30.0923207254734	17.946224862096518	19.44029958508621	32.52115482734388	0.0
31.0	29.65073741769032	18.08213639339212	19.799087373406753	32.4680388155108	0.0
32.0	30.054973620364304	18.024800708591673	19.37362806639196	32.546597604652064	0.0
33.0	30.58377222965752	17.82272118930473	19.702673817387033	31.890832763650717	0.0
34.0	29.88671214871378	17.872326084130552	19.702360604908016	32.53860116224765	0.0
35.0	29.936437617373716	18.266962007030386	19.788606924447443	32.00799345114846	0.0
36.0	30.31023954229795	17.490825732255857	19.26596226269709	32.9329724627491	0.0
37.0	28.858556132991048	19.035944957928553	19.00367493004147	33.10182397903893	0.0
38.0	30.18896097953364	17.862424076027533	19.598379646354445	32.35023529808438	0.0
39.0	28.748061306077627	18.86915140597455	20.200468176519887	32.18231911142794	0.0
40.0	30.404643768967677	18.213786791271254	19.571270292403295	31.810299147357775	0.0
41.0	30.008093109295515	17.945506397410206	20.76460613534762	31.281794357946662	0.0
42.0	30.172741947141446	18.652757366227384	19.429975666755006	31.744525019876164	0.0
43.0	29.914365160065348	18.32787975461305	19.46325219629028	32.29450288903132	0.0
44.0	29.36289156626506	18.343614457831325	20.487710843373495	31.80578313253012	0.0
45.0	29.536253397852363	19.17159877388136	19.483912012492528	31.808235815773745	0.0
46.0	30.15878371864335	17.85376858261188	19.1581667084434	32.82928099030137	0.0
47.0	29.624558900094488	18.1188414739968	20.11897645538865	32.137623170520065	0.0
48.0	30.545016270941304	18.696396287814874	19.293238519946968	31.465348921296854	0.0
49.0	29.396053399158223	18.365241371330495	19.096129091356143	33.142576138155135	0.0
50.0	29.83052481859164	18.433017526096286	19.878980738169282	31.85747691714279	0.0
51.0	30.123769895034258	18.869725796886225	19.365383966326103	31.641120341753414	0.0
52.0	29.638487985765195	18.66871766186547	19.151890982211313	32.54090337015802	0.0
53.0	30.94258638566709	18.051168286272336	19.724144582961586	31.282100745098983	0.0
54.0	30.47023818135347	17.91640745938282	19.661173883479695	31.952180475784008	0.0
55.0	29.294371271347064	17.87968960245386	18.850525929962817	33.97541319623626	0.0
56.0	29.272444924572703	18.45557313167946	20.320517766889154	31.951464176858675	0.0
57.0	28.80595719232587	18.250653497053236	19.343995061394963	33.59939424922593	0.0
58.0	29.81764867589114	17.919236834871015	19.189088822119444	33.074025667118406	0.0
59.0	29.577057197841157	17.604529910819792	20.47865028721911	32.33976260411994	0.0
60.0	29.793811946849303	18.268502664769574	19.83794342489208	32.09974196348904	0.0
61.0	29.96189465560486	17.74117306579201	19.40912598880957	32.88780628979356	0.0
62.0	29.116879483258483	18.257685758252574	19.82739907090724	32.7980356875817	0.0
63.0	29.296803388620337	18.158836753794347	19.801526422940725	32.742833434644595	0.0
64.0	28.63601055643204	18.690867335369354	19.602252167494104	33.0708699407045	0.0
65.0	30.070068427706946	17.828361306013722	20.456409909953386	31.645160356325942	0.0
66.0	29.994546884726937	18.19361937255394	20.398029157276532	31.413804585442595	0.0
67.0	29.22383464198329	17.66267234847571	19.539020611840105	33.574472397700895	0.0
68.0	29.637458736317836	18.096175749502905	20.081176039072606	32.185189475106654	0.0
69.0	29.797246099123058	17.773905992847386	19.82509399267364	32.60375391535592	0.0
70.0	28.47510148131344	18.23574555581834	19.79573416481241	33.49341879805581	0.0
71.0	29.608927761205557	17.588597024723178	20.868931429619547	31.933543784451718	0.0
72.0	29.976299314079945	18.104717450173048	19.814931914831995	32.10405132091501	0.0
73.0	30.295394092118155	17.35820456004673	19.228856802174302	33.11754454566081	0.0
74.0	29.386915653227636	18.15645020349244	20.46607735126706	31.99055679201286	0.0
75.0	30.335071456160676	17.94129007338741	19.471803785245267	32.251834685206646	0.0
76.0	28.988348455071776	18.1958212818148	19.29240887120528	33.52342139190814	0.0
77.0	29.21294597152736	17.751453572601363	21.292665494794182	31.74293496107709	0.0
78.0	29.930698089971745	17.907420375244488	18.703788665394924	33.45809286938884	0.0
79.0	30.023471684262383	17.480609297877887	19.29121309005206	33.204705927807666	0.0
80.0	30.8369235524816	18.134309615347462	19.745078340835764	31.283688491335177	0.0
81.0	30.29231631213895	18.54943101682799	19.38020440889507	31.778048262137986	0.0
82.0	29.948461326674042	17.959802732950454	18.572760337923672	33.51897560245183	0.0
83.0	29.824459708817592	18.255900453100697	20.064438841066963	31.855200997014755	0.0
84.0	30.88081850327517	17.911522037369814	18.892141518366085	32.31551794098893	0.0
85.0	29.73884310296519	17.22640360962696	19.082907411522594	33.951845875885255	0.0
86.0	30.38775194697277	17.679285755695982	19.9161304036949	32.01683189363634	0.0
87.0	29.616871195284567	18.781041646535897	19.807227751473572	31.79485940670596	0.0
88.0	29.794758812615957	17.56483843537415	19.2060915275201	33.4343112244898	0.0
89.0	29.67331378015723	18.60289818657982	20.165541634252527	31.55824639901042	0.0
90.0	30.477557272564738	18.45382195613412	19.219711136560218	31.848909634740924	0.0
91.0	30.15231026451345	18.067515197201203	19.42390768606303	32.35626685222232	0.0
92.0	29.052460664166702	18.317257509568176	20.38311361966985	32.247168206595276	0.0
93.0	30.050646614215847	18.320252846455702	19.498946473101235	32.13015406622721	0.0
94.0	30.026484433146138	17.358419439960564	19.88748948838648	32.72760663850682	0.0
95.0	30.178484261196953	18.350579240149052	20.720220000096663	30.750716498557335	0.0
96.0	29.902079245246544	18.839837217619937	19.35119041865231	31.90689311848121	0.0
97.0	29.971773530918615	18.47673732950536	19.488830244854952	32.06265889472107	0.0
98.0	28.81048708690419	18.101052285591372	21.04377836748307	32.04468226002136	0.0
99.0	29.761110627725092	18.569757436893955	19.376045322273463	32.2930866131075	0.0
100.0	29.763201595762705	18.57979055614461	19.67252005596789	31.984487792124796	0.0
101.0	29.69576751652594	18.442124050031282	20.634266287083335	31.227842146359443	0.0
102.0	30.005637690879578	18.04206883814967	19.569591461814365	32.38270200915639	0.0
103.0	29.46522058859339	17.593029994594254	19.56344935398881	33.37830006282355	0.0
104.0	30.21391679603214	17.883678470656005	19.748005819005495	32.154398914306356	0.0
105.0	30.387181080935576	18.156056831585285	19.48385644298488	31.972905644494254	0.0
106.0	29.458905050742988	17.83562020297195	19.75001472233673	32.95546002394833	0.0
107.0	29.744765202677776	18.081877788325798	20.393698076270393	31.77965893272603	0.0
108.0	29.41547622568592	19.09930693166918	20.11327674425483	31.371940098390073	0.0
109.0	28.802699311339673	18.16996176304947	19.99436820108486	33.03297072452599	0.0
110.0	29.372540283656345	17.619860894532312	21.015816440187123	31.99178238162422	0.0
111.0	29.110917151840354	18.574630788609742	19.937415073941462	32.37703698560844	0.0
112.0	29.2781393406353	17.879214251266575	18.950147414894623	33.8924989932035	0.0
113.0	30.343614179193747	17.59539854061167	20.21561864508154	31.84536863511304	0.0
114.0	30.1460995956395	18.32717712389226	19.032433810335434	32.494289470132806	0.0
115.0	29.533190706902683	17.417292536161813	20.540210131820892	32.50930662511461	0.0
116.0	30.329314685736396	17.65273457326787	20.33227967375081	31.685671067244925	0.0
117.0	30.085565701154987	18.36185523371833	19.645340751043115	31.907238314083568	0.0
118.0	29.866048194353912	18.120127130419846	19.495520623323078	32.51830405190317	0.0
119.0	30.52887051336617	17.70282320990657	19.835430980320627	31.93287529640664	0.0
120.0	29.702754045734835	18.10091733799283	19.76035433830775	32.43597427796458	0.0
121.0	29.62525458248472	17.334521384928717	19.809063136456214	33.23116089613035	0.0
122.0	29.788971811861277	17.665826093170935	20.38203554911229	32.163166545855496	0.0
123.0	28.78732823255457	18.507126589728497	19.77072084751401	32.93482433020292	0.0
124.0	29.050041320405096	18.049574220173596	19.350268710957348	33.55011574846396	0.0
125.0	28.88986149013954	18.25292209463982	20.274960094742806	32.58225632047783	0.0
126.0	29.467223912672868	18.087936726059173	19.913623424996512	32.531215936271444	0.0
127.0	29.911977854499085	17.676484920116533	18.895213212652795	33.51632401273159	0.0
128.0	29.075240408369176	17.760314546201574	21.13565325025874	32.028791795170505	0.0
129.0	29.88876947316798	18.078090925216774	19.2050043302691	32.828135271346135	0.0
130.0	30.129318462407667	17.824708614953234	19.630040385862856	32.415932536776246	0.0
131.0	30.152343381141737	17.861527001080674	20.32661497623569	31.659514641541897	0.0
132.0	30.526465281905352	18.239294750074954	18.949909792391	32.28433017562869	0.0
133.0	30.016667721585755	17.841319070827268	19.814545224381288	32.327467983205686	0.0
134.0	30.659363920198974	17.17680055035191	20.366724876964597	31.797110652484523	0.0
135.0	29.513105432768626	18.055607171488187	20.425574839267984	32.0057125564752	0.0
136.0	28.580639660666517	18.45285673178374	19.64489347870107	33.321610128848675	0.0
137.0	30.675345374416352	17.922030689251276	22.885367249466494	28.517256686865878	0.0
138.0	30.464379663928703	19.910345197831106	19.704729693455736	29.92054544478445	0.0
139.0	30.44593400435373	18.905317154126344	19.816475203138133	30.832273638381793	0.0
140.0	29.10175886187475	20.99931894100732	19.823140871106883	30.075781326011047	0.0
141.0	31.14016055543502	17.111087003688436	20.88359730961163	30.865155131264917	0.0
142.0	26.92458374142997	19.6626401131788	24.11579061921863	29.296985526172598	0.0
143.0	27.606695246156786	19.04595472790323	19.00335854517653	34.34399148076345	0.0
144.0	27.99804799947362	19.26613553244104	18.560454443268615	34.17536202481672	0.0
145.0	27.29074999036285	19.448865294703975	17.092995721106455	36.16738899382672	0.0
146.0	33.07412593605233	14.227442038089649	19.62153875104467	33.076893274813344	0.0
147.0	34.200681128055436	16.120589863606625	22.157352883609867	27.521376124728082	0.0
148.0	31.802067693853438	16.782458283620006	20.918987731987603	30.49648629053896	0.0
149.0	33.15439189395279	16.845303092230075	22.946799490016897	27.05350552380023	0.0
150.0	27.500947108805406	18.404836826682956	25.88429036423099	28.209925700280653	0.0
