# Position (bp)	A	C	G	T	N
0.0	37.183283974991774	16.798288910825928	20.593396950751345	25.42503016343095	0.0
1.0	23.29330481987169	30.854855513516476	22.64078521686681	23.211054449745024	0.0
2.0	29.71303634872916	24.438371139655644	16.824268925936046	29.024323585679145	0.0
3.0	34.3480632842335	18.71249318057829	19.98363338788871	26.95581014729951	0.0
4.0	36.59467713787086	16.993891797556717	16.36671029668412	30.044720767888304	0.0
5.0	27.03233193391854	23.83730439997819	17.14192246878578	31.988441197317485	0.0
6.0	26.38063566483127	27.056642861036906	19.15717167311781	27.40554980101401	0.0
7.0	36.887435268465524	18.887980376124286	16.467702371218316	27.756881984191878	0.0
8.0	36.30319873576372	17.443191106751677	17.481336166966376	28.772273990518226	0.0
9.0	28.20331226846808	24.406188712137723	17.389409457398123	30.001089561996075	0.0
10.0	25.541643984757755	15.084376701143167	19.194338595536202	40.17964071856287	0.0
11.0	24.884391491213755	17.480006528480494	18.497361405799467	39.138240574506284	0.0
12.0	25.34667464244929	16.553374299853175	18.951547120561205	39.14840393713634	0.0
13.0	26.861615392977495	23.82867703011197	19.13794977714969	30.171757799760847	0.0
14.0	25.14127363616605	17.430993262334272	28.624212127798305	28.803520973701367	0.0
15.0	31.5903784546886	18.38518759841451	19.88380300809035	30.140630938806538	0.0
16.0	24.174989144594008	18.50303951367781	18.828701693443335	38.493269648284844	0.0
17.0	27.358541745782023	23.39282808007378	18.94428470677589	30.304345467368304	0.0
18.0	24.477951944459512	19.352389217334707	19.054076042740142	37.11558279546564	0.0
19.0	27.05633573713604	26.64425527300331	17.437510166458818	28.861898823401834	0.0
20.0	26.216538419854775	17.763086593692424	18.760160398829523	37.26021458762328	0.0
21.0	26.299826689774697	17.32560658578856	20.537261698440208	35.837305025996535	0.0
22.0	27.32048088378642	17.713635871331096	26.210332502978446	28.75555074190404	0.0
23.0	25.108271979211782	18.996318752706802	18.920528367258555	36.97488090082287	0.0
24.0	35.42207792207792	15.854978354978355	18.468614718614717	30.254329004329005	0.0
25.0	27.806329456315932	17.349202055720855	24.062753583987018	30.781714903976198	0.0
26.0	35.5164954029205	16.1763115197404	16.506219578150354	31.80097349918875	0.0
27.0	26.407137064071375	18.237361449040282	15.344687753446879	40.010813733441466	0.0
28.0	25.981187155368147	24.69996756406098	15.531408800951455	33.78743647961942	0.0
29.0	28.069606571552097	14.87246000864678	15.731733679204496	41.32619974059663	0.0
30.0	26.973292161005475	16.626036079960997	23.484479115878436	32.9161926431551	0.0
31.0	29.746286457768623	14.00845711807438	17.37504065922151	38.87021576493549	0.0
32.0	26.553519141090987	17.481834941980264	16.684741351263423	39.27990456566533	0.0
33.0	28.184825641303757	25.061011985465587	16.172243614078855	30.5819187591518	0.0
34.0	28.583811897280313	15.955141402102068	19.086574926860983	36.37447177375664	0.0
35.0	25.521966072205306	25.032622879512832	17.175946063505872	32.26946498477599	0.0
36.0	27.968452542833834	14.974163720424258	17.677454446559697	39.37992929018221	0.0
37.0	37.10458975336201	18.065007894593567	17.378994936571026	27.451407415473405	0.0
38.0	34.13385612372706	19.571965365136414	15.787180743887163	30.50699776724936	0.0
39.0	38.13416162606942	17.41049534085336	15.198081848400632	29.257261184676587	0.0
40.0	26.414270907206372	24.657683705198842	18.602367574054878	30.325677813539905	0.0
41.0	27.049225209439854	15.030389311723155	28.116957783496687	29.803427695340307	0.0
42.0	37.17512885184779	16.35596008334247	18.1763351244654	28.292575940344335	0.0
43.0	36.567123136996095	17.884837485563438	17.741846779959303	27.806192597481168	0.0
44.0	29.53630699674698	25.13646137729503	14.748855929867123	30.578375696090866	0.0
45.0	32.454384932313125	15.956444967628016	18.287227781047672	33.30194231901118	0.0
46.0	30.102921054197157	16.44357189600809	19.067166398952942	34.38634065084181	0.0
47.0	30.55323715273638	16.573268153094073	19.643495886490996	33.22999880767855	0.0
48.0	27.724550898203592	18.191616766467067	18.32934131736527	35.75449101796407	0.0
49.0	29.386752904539463	17.618876512157144	19.110073062642233	33.88429752066116	0.0
50.0	28.842004315511865	21.074082953728123	17.77151762167346	32.31239510908655	0.0
51.0	29.82193177048984	19.69542538521494	17.920738653396487	32.56190419089873	0.0
52.0	28.91783206290139	17.357901686573435	19.818738371046155	33.905527879479024	0.0
53.0	30.313588850174217	19.902679322359727	19.764507989907486	30.019223837558574	0.0
54.0	27.71765271765272	23.25036075036075	18.32010582010582	30.711880711880713	0.0
55.0	28.95385911087048	18.40221380015641	18.979726884437227	33.66420020453588	0.0
56.0	27.646386230968282	18.649575735692363	19.780947222723714	33.92309081061563	0.0
57.0	30.16800144517372	17.865960137291502	19.359306316613477	32.6067321009213	0.0
58.0	31.3139828977478	18.138022401541612	18.40900879200289	32.138985908707696	0.0
59.0	28.84511115127417	19.139707211277788	20.374721368757154	31.640460268690884	0.0
60.0	29.472034715525552	17.635004821600774	19.641996142719385	33.25096432015429	0.0
61.0	30.71682643033701	17.893531078555494	19.82878157593296	31.560860915174533	0.0
62.0	28.172496984318457	19.927623642943303	20.989143546441497	30.910735826296744	0.0
63.0	32.93492695883134	17.252203307980203	19.280453941808524	30.532415791379936	0.0
64.0	27.131642512077292	18.26086956521739	22.88647342995169	31.721014492753625	0.0
65.0	30.895242700840235	18.467025327933264	19.82107235688811	30.81665961433839	0.0
66.0	29.287311853956354	16.9497672731669	21.85818775312821	31.904733119748535	0.0
67.0	28.929068150208625	18.66118401161033	19.68918183467376	32.72056600350729	0.0
68.0	26.00254037379786	19.01046392064356	20.643561362124235	34.34343434343434	0.0
69.0	27.396514161220043	20.751633986928105	21.405228758169933	30.446623093681918	0.0
70.0	26.92656940492766	20.20703432411163	19.529027180822084	33.33736909013863	0.0
71.0	28.589596075819053	19.190940471143946	20.081148186277478	32.13831526675952	0.0
72.0	27.511208045559187	19.283896764812795	21.610323518720463	31.594571670907552	0.0
73.0	28.460653056279156	17.719755255346218	20.912340219300905	32.90725146907373	0.0
74.0	29.687784177023342	17.80539557441649	21.315550166717188	31.19127008184298	0.0
75.0	29.210893431188207	18.105173773275915	22.363073937041307	30.32085885849457	0.0
76.0	29.518437651625423	18.5589519650655	19.06234837457545	32.86026200873363	0.0
77.0	28.53763571298599	19.39103536119367	18.15976223691393	33.91156668890641	0.0
78.0	28.746511345710474	18.747724790680742	19.239170003640336	33.26659385996845	0.0
79.0	29.08472930322894	20.14445253702355	17.801650886137413	32.9691672736101	0.0
80.0	28.646940883407257	17.431192660550458	21.058387508354095	32.86347894768819	0.0
81.0	26.490428441203285	17.538742023701005	19.95745973868125	36.013369796414466	0.0
82.0	29.696711845863977	17.61988695070808	20.075366194614965	32.60803500881298	0.0
83.0	28.86322188449848	18.048632218844986	22.19452887537994	30.893617021276597	0.0
84.0	27.450741911943567	17.57479931890051	20.609340792994406	34.36511797616152	0.0
85.0	29.926385593478127	17.247672933016975	20.885806412362353	31.940135061142545	0.0
86.0	29.471890971039183	17.382574835726455	21.16695059625213	31.978583596982237	0.0
87.0	32.532100042597214	17.531795776790602	21.517677843363963	28.41842633724822	0.0
88.0	32.37120935330654	18.66398733406406	17.232980148581174	31.73182316404823	0.0
89.0	32.11718845169935	16.877817030088927	18.01681081739554	32.98818370081618	0.0
90.0	29.679030391619467	17.21176685547232	19.593154272489187	33.51604848041902	0.0
91.0	29.880017053413727	19.105913880260676	16.547901821060965	34.466167245264636	0.0
92.0	29.42000731083222	16.80272937736079	18.68526867308395	35.09199463872304	0.0
93.0	31.69185763042418	17.02827888834715	19.350316918576304	31.929546562652366	0.0
94.0	30.766416681909643	16.986769099445155	19.108590939576857	33.13822327906835	0.0
95.0	30.5	17.21341463414634	19.823170731707318	32.46341463414634	0.0
96.0	29.811504910632586	17.171963643018362	19.80113463063503	33.21539681571403	0.0
97.0	30.294709866373786	17.340899383732992	19.696137653304046	32.668253096589176	0.0
98.0	31.871148801171373	18.98602891830883	18.19291074370081	30.949911536818988	0.0
99.0	30.06527972667927	18.845708010493563	20.09639436276005	30.99261790006711	0.0
100.0	31.39549130115168	15.725312423425631	18.843420730213182	34.0357755452095	0.0
101.0	32.71677010999816	18.4600258096233	19.375652922018066	29.447551158360476	0.0
102.0	31.079580505860584	17.631091918568785	20.067859346082663	31.221468229487968	0.0
103.0	30.25558512284176	19.995049198589022	18.83779936877282	30.911566309796395	0.0
104.0	28.829556038497362	17.708786091276004	19.180378764358892	34.28127910586774	0.0
105.0	30.207618928860903	17.220524970384687	19.483758339048567	33.08809776170584	0.0
106.0	31.57039259814954	18.86721680420105	17.991997999499876	31.57039259814954	0.0
107.0	30.07466900922382	19.012361172115202	18.585681119407667	32.32728869925331	0.0
108.0	33.68175807568793	17.757068194698068	17.05182293306467	31.509350796549334	0.0
109.0	28.66536005563634	17.430612631978253	20.74350382499842	33.16052348738699	0.0
110.0	26.26801244207452	19.16460356757443	20.85951882181172	33.70786516853933	0.0
111.0	31.354690784026495	18.374625820011463	19.32997898223043	30.940704413731606	0.0
112.0	28.01892220162373	18.174263248737454	19.996164418589785	33.81065013104903	0.0
113.0	29.07223113964687	18.22792937399679	17.393258426966295	35.30658105939005	0.0
114.0	31.397295556986478	16.889890534449453	18.956857694784286	32.75595621377978	0.0
115.0	25.767664360980024	19.775033938845432	18.7794944728166	35.677807227357945	0.0
116.0	29.615184607384293	18.12272490899636	18.16822672906916	34.09386375455018	0.0
117.0	29.348038895777588	18.697383018991058	19.800300202310254	32.1542778829211	0.0
118.0	29.530553370049827	16.928927353789668	21.03330710726462	32.50721216889588	0.0
119.0	25.14808477030407	19.5340265894432	24.404370146110306	30.913518494142423	0.0
120.0	26.919268598587365	21.31493827975444	20.133342134794376	31.63245098686382	0.0
121.0	30.01789145848519	17.76555562918296	19.30289576568816	32.91365714664369	0.0
122.0	26.244012772751464	17.695582756785523	20.6093666844066	35.45103778605641	0.0
123.0	29.955270712330595	16.830228987248816	19.360437946458376	33.85406235396221	0.0
124.0	31.147760793778495	17.35720032180209	19.945025475998925	31.550013408420487	0.0
125.0	28.12205307827024	17.829718442678164	19.082581166644214	34.965647312407384	0.0
126.0	30.434488359501895	18.557119653492148	18.48944233892799	32.518949648077964	0.0
127.0	29.44410507025046	17.7153329260843	21.17694970474445	31.66361229892079	0.0
128.0	29.397310763770392	18.599413009350897	20.05323868677906	31.95003754009965	0.0
129.0	30.798765855330817	18.25848474460062	18.196777511141583	32.74597188892698	0.0
130.0	30.265242852221842	19.0492593868412	17.02376851532897	33.661729245607994	0.0
131.0	30.145328719723185	19.051903114186853	19.667820069204154	31.13494809688581	0.0
132.0	30.22367324256738	16.62267296471242	22.096415671019727	31.057238121700472	0.0
133.0	29.141061452513966	19.72067039106145	19.39245810055866	31.74581005586592	0.0
134.0	26.731214481161857	19.61692275310461	19.252087279870906	34.39977548586263	0.0
135.0	28.90701927134618	16.760444506963005	22.007314671543117	32.325221550147695	0.0
136.0	27.353689567430024	17.917726887192536	20.306757138818206	34.421826406559234	0.0
137.0	30.015618344455486	16.28567371858583	18.841402811302004	34.85730512565668	0.0
138.0	27.981160351102545	18.31156782987226	19.79590380361093	33.911368015414254	0.0
139.0	29.84165651644336	18.248907358314824	19.072866661890092	32.83656946335172	0.0
140.0	28.220284004901607	18.251279463706478	21.3147841130253	32.213652418366614	0.0
141.0	30.269448066058235	17.94871794871795	19.324931189337967	32.456902795885846	0.0
142.0	32.3090366271026	17.439743683099103	18.182480157285372	32.06873953251292	0.0
143.0	32.711306256860595	20.16831320892792	18.631540431759973	28.48884010245152	0.0
144.0	31.380198748619804	18.174457121825544	18.0714022819286	32.37394184762606	0.0
145.0	30.452796685409883	18.363421130511988	18.17845516424978	33.00532701982835	0.0
146.0	29.746788445830546	18.883195960496028	17.695106556768398	33.67490903690503	0.0
147.0	29.644003283827153	18.837226658705873	17.926710948578254	33.59205910888872	0.0
148.0	29.510657460222156	18.170219153407384	19.896427499249477	32.42269588712098	0.0
149.0	29.859749660684663	19.604886140853566	18.0666566128789	32.46870758558287	0.0
150.0	28.491238716528862	17.697034059015397	19.752711825836304	34.05901539861944	0.0
151.0	29.524463781390736	18.433707350583926	20.418288680253415	31.623540187771926	0.0
152.0	30.043842781324514	18.544727328667026	17.306361049150066	34.105068840858394	0.0
153.0	30.65738592420727	18.615622583139984	20.046403712296986	30.68058778035576	0.0
154.0	31.44835096453018	17.87492221530803	19.0883634100809	31.588363410080895	0.0
155.0	29.240407204385278	21.049334377447142	17.525450274079873	32.184808144087704	0.0
156.0	31.230308758664144	17.02898550724638	19.22652804032766	32.514177693761816	0.0
157.0	30.94106463878327	18.805449936628644	19.256970849176174	30.996514575411915	0.0
158.0	27.826433121019107	21.99044585987261	17.98566878980892	32.19745222929936	0.0
159.0	32.977356672555004	16.17954070981211	19.80086719126385	31.042235426369036	0.0
160.0	28.21529745042493	18.78591663294213	21.068393363010927	31.930392553622017	0.0
161.0	29.35720097640358	17.534580960130185	20.374288039056143	32.73393002441009	0.0
162.0	30.33799819952533	19.06047958098044	19.846141255421884	30.755380964072348	0.0
163.0	29.047658243476832	17.77924108980163	18.972754959255905	34.20034570746564	0.0
164.0	27.920251489080076	17.265056254136333	19.564857710125743	35.249834546657844	0.0
165.0	28.4907384334247	17.19411911288313	21.43035135808622	32.88479109560595	0.0
166.0	26.934958670785676	19.737830842448027	20.389079068214077	32.938131418552224	0.0
167.0	27.856064418721694	17.455124979030366	21.187720181177657	33.50109042107029	0.0
168.0	30.031273772293126	17.893669174203364	19.44890541796974	32.626151635533766	0.0
169.0	27.820763540515266	18.8504378879347	20.134342317830118	33.19445625371992	0.0
170.0	28.14156266028381	17.52436313899812	18.396307061036072	35.937767139681995	0.0
171.0	30.81955922865014	17.174586776859506	17.759986225895315	34.24586776859504	0.0
172.0	28.593722906190393	19.96705392751864	17.149297728455	34.28992543783596	0.0
173.0	28.64374236341421	16.739396055157968	19.401291673939607	35.21556990748822	0.0
174.0	31.635788919132494	18.33347967336904	18.702256563350602	31.328474844147863	0.0
175.0	27.70658418029165	17.77286787450287	21.502430402121078	33.0181175430844	0.0
176.0	28.557444157693336	16.98852006763371	17.798344753937883	36.65569102073507	0.0
177.0	27.401306955509803	20.1682929012622	20.266762152000716	32.16363799122728	0.0
178.0	26.980264936469318	20.257727313688385	19.680994863476613	33.081012886365684	0.0
179.0	27.221617700398987	18.307943416757343	21.055495103373232	33.41494377947044	0.0
180.0	30.317982456140353	15.981359649122806	19.572368421052634	34.12828947368421	0.0
181.0	27.835051546391753	19.090574374079527	19.007731958762886	34.066642120765835	0.0
182.0	29.32393582490958	17.935639432439952	19.6513029769081	33.08912176574238	0.0
183.0	30.076592564916872	20.17560246590697	19.661871847562114	30.08593312161405	0.0
184.0	31.30467500705484	19.92286708682156	17.608879691468346	31.163578214655253	0.0
185.0	28.605335611886453	19.62403873540302	20.26013481439286	31.51049083831767	0.0
186.0	29.366143240137877	17.991191114515512	21.486020681731137	31.15664496361547	0.0
187.0	30.89681774349084	21.022179363548698	17.5602700096432	30.520732883317258	0.0
188.0	29.647996888370283	17.78490859587709	18.23220536756126	34.334889148191365	0.0
189.0	30.047132757266297	18.332678711704634	20.57148468185389	31.048703849175176	0.0
190.0	31.364764267990076	18.392059553349878	17.766749379652605	32.47642679900745	0.0
191.0	28.499799438427598	18.752507019655035	19.03329322101885	33.71440032089851	0.0
192.0	31.417004048582996	18.006072874493928	18.785425101214575	31.791497975708506	0.0
193.0	30.80462120437583	18.22921991616399	18.924445353235868	32.041713526224314	0.0
194.0	29.220311051601605	19.311978576578433	20.3625502111443	31.10516016067566	0.0
195.0	28.80615640599002	20.455490848585693	18.69800332778702	32.04034941763727	0.0
196.0	30.20472440944882	19.968503937007874	17.721784776902886	32.10498687664042	0.0
197.0	29.513778061495906	19.810618150867114	19.91701244813278	30.758591339504203	0.0
198.0	28.72490504612046	21.540965816603364	18.795442213781875	30.938686923494302	0.0
199.0	28.311126295410542	21.922332308393123	18.84751167293019	30.919029723266146	0.0
200.0	24.02623477446125	18.859590416276266	21.72399946459644	35.39017534466604	0.0
201.0	31.757411354388687	16.99283084673513	19.821739972873473	31.428017826002712	0.0
202.0	30.48828125	19.08203125	20.2734375	30.15625	0.0
203.0	30.74197992521157	19.149773666601064	19.051367840976184	31.05687856721118	0.0
204.0	32.318407960199	18.945273631840795	22.328358208955223	26.407960199004975	0.0
205.0	29.839357429718877	16.365461847389557	22.951807228915662	30.843373493975907	0.0
206.0	29.025035619784244	21.229391410543457	20.924078974150216	28.821493995522086	0.0
207.0	28.351467871073698	19.277355779100798	20.057483063026073	32.31369328679943	0.0
208.0	27.993359618178044	16.70471052085495	22.30753268312928	32.994397177837726	0.0
209.0	27.08727655099895	19.200841219768662	19.705573080967405	34.00630914826498	0.0
210.0	29.272455728611053	18.754000426712185	19.820780883294216	32.15276296138255	0.0
211.0	30.473308839420792	18.93235357683164	20.531661984006917	30.06267559974065	0.0
212.0	25.191173257592308	17.456849464714878	22.63491369892943	34.71706357876338	0.0
213.0	30.16400709219858	19.791666666666664	18.085106382978726	31.95921985815603	0.0
214.0	29.629629629629626	22.154882154882156	20.246913580246915	27.9685746352413	0.0
215.0	27.434030937215653	18.40309372156506	19.54049135577798	34.62238398544131	0.0
216.0	30.222325150532654	18.20287169986105	21.815655396016677	29.759147753589627	0.0
217.0	25.40056550424128	20.075400565504243	23.91611687087653	30.607917059377943	0.0
218.0	26.097560975609756	19.658536585365855	20.02439024390244	34.21951219512195	0.0
219.0	21.89445196211096	23.058186738836266	25.19621109607578	29.851150202976996	0.0
220.0	14.61794019933555	23.50498338870432	23.214285714285715	38.662790697674424	0.0
