# Position (bp)	A	C	G	T	N
0.0	78.59599749843652	4.205753595997498	7.879924953095685	9.318323952470294	0.0
1.0	4.878048780487805	78.70544090056285	7.598499061913697	8.818011257035648	0.0
2.0	7.759426612651916	77.1579931442817	4.191336865066999	10.891243377999377	0.0
3.0	82.36940298507463	4.897388059701493	4.322139303482587	8.411069651741293	0.0
4.0	77.1646199284937	7.616974972796518	7.7102440540960675	7.50816104461371	0.0
5.0	7.969551033089949	80.75190306043187	4.147894982134535	7.130650924343638	0.0
6.0	12.721342031686858	75.753339546443	4.318111214662939	7.207207207207207	0.0
7.0	84.7849712777519	4.56450861667443	4.2695233659369665	6.380996739636702	0.0
8.0	78.56921166977034	8.147113594040968	5.493482309124767	7.7901924270639356	0.0
9.0	6.904577191621413	75.37626066718386	6.066718386346005	11.65244375484872	0.0
10.0	6.330488750969744	3.149728471683476	6.159813809154383	84.3599689681924	0.0
11.0	4.88599348534202	6.8093686986195125	8.655188459748722	79.64944935628975	0.0
12.0	7.258064516129033	10.297766749379653	3.4429280397022333	79.00124069478908	0.0
13.0	6.1686298822070675	78.95226286422815	5.021698698078116	9.857408555486671	0.0
14.0	6.259683916950729	6.461109389525875	78.75735977688255	8.521846916640843	0.0
15.0	76.22583139984532	4.640371229698376	8.02784222737819	11.105955143078113	0.0
16.0	8.33462192670481	4.82449358280501	5.6285758466058455	81.21230864388434	0.0
17.0	7.125193199381761	75.00772797527048	7.202472952086553	10.664605873261205	0.0
18.0	5.950540958268934	7.032457496136011	3.508500772797527	83.50850077279752	0.0
19.0	6.2123319425127494	75.41338278473188	4.296090248802349	14.078195023953022	0.0
20.0	7.993827160493828	7.052469135802469	7.083333333333333	77.87037037037037	0.0
21.0	7.9747030695665595	4.720037019898196	5.398735153478327	81.90652475705691	0.0
22.0	5.840653413468948	4.86977962706118	76.91477885652644	12.374788102943443	0.0
23.0	7.467282525019246	6.68206312548114	4.757505773672055	81.09314857582756	0.0
24.0	78.20197044334975	3.386699507389163	9.313423645320198	9.097906403940886	0.0
25.0	10.54332768970294	5.002308757888256	74.44974603663229	10.004617515776513	0.0
26.0	81.04323742114171	4.062163409755347	3.8159716879519925	11.078627481150946	0.0
27.0	9.278350515463918	7.231881827973534	5.939375288505924	77.55039236805662	0.0
28.0	6.015384615384615	77.58461538461539	5.569230769230769	10.830769230769231	0.0
29.0	9.858505075361428	5.398338972623808	5.167640725930482	79.57551522608428	0.0
30.0	7.2671285604311	5.265588914549654	76.65896843725943	10.808314087759815	0.0
31.0	10.029316463508717	3.7339916679524765	3.4408270328652986	82.7958648356735	0.0
32.0	8.227848101265822	5.35659154059895	6.1747452917567145	80.24081506637852	0.0
33.0	10.634357153881773	74.79549313165612	2.994289242167001	11.575860472295108	0.0
34.0	13.146917966939595	6.318553993511509	4.032133477522015	76.50239456202688	0.0
35.0	7.440061871616396	78.2830626450116	4.068058778035576	10.208816705336426	0.0
36.0	7.76729073185827	3.976481510134612	6.343803187374284	81.91242457063284	0.0
37.0	79.09034461347407	7.063023905619373	3.6789816827072337	10.167649798199317	0.0
38.0	83.68613719560719	6.000318319274232	4.0744867101703015	6.2390577749482725	0.0
39.0	79.82681205901218	8.258499037844773	5.131494547787043	6.783194355355997	0.0
40.0	9.22479365593138	77.47208286130441	5.923288558019097	7.379834924745104	0.0
41.0	6.988811415599157	6.534781903680882	80.36322360953461	6.113183071185341	0.0
42.0	83.31978540074785	7.42968622988132	3.284018858722159	5.966509510648675	0.0
43.0	81.07183580387685	5.44062550904056	3.9582993972959764	9.529239289786611	0.0
44.0	6.844429347826086	81.4538043478261	4.177989130434782	7.523777173913043	0.0
45.0	20.49114331723027	6.884057971014493	8.57487922705314	64.04991948470209	0.0
46.0	27.523553162853297	13.593539703903096	19.650067294751008	39.2328398384926	0.0
47.0	26.46176911544228	19.26536731634183	18.36581709145427	35.907046476761614	0.0
48.0	24.299065420560748	20.71651090342679	19.70404984423676	35.280373831775705	0.0
49.0	27.25137039937353	18.950665622552858	21.378230227094754	32.41973375097886	0.0
50.0	30.61550759392486	22.062350119904075	17.985611510791365	29.3365307753797	0.0
51.0	34.723336006415394	19.566960705693663	13.873295910184444	31.836407377706493	0.0
52.0	24.396135265700483	18.51851851851852	24.9597423510467	32.125603864734295	0.0
53.0	36.833602584814216	16.962843295638123	18.497576736672052	27.705977382875606	0.0
54.0	27.213647441104794	19.57757920389927	16.815597075548336	36.3931762794476	0.0
55.0	32.21859706362154	16.965742251223492	17.04730831973899	33.768352365415986	0.0
56.0	31.893687707641195	20.09966777408638	19.6843853820598	28.322259136212622	0.0
57.0	35.494596841230255	20.36575228595179	15.96009975062344	28.179551122194514	0.0
58.0	28.309741881765195	18.567860116569527	15.653621981681932	37.468776019983345	0.0
59.0	25.75503355704698	19.463087248322147	26.34228187919463	28.439597315436245	0.0
60.0	26.24053826745164	23.80151387720774	19.34398654331371	30.613961312026916	0.0
61.0	26.919831223628695	16.962025316455694	25.991561181434598	30.126582278481013	0.0
62.0	25.042301184433164	20.304568527918782	29.103214890016922	25.549915397631136	0.0
63.0	26.95578231292517	25.510204081632654	19.387755102040817	28.146258503401363	0.0
64.0	27.96248934356351	18.584825234441603	20.545609548167093	32.90707587382779	0.0
65.0	31.45780051150895	18.15856777493606	20.460358056265985	29.923273657289002	0.0
66.0	27.71599657827203	14.54234388366125	28.314798973481608	29.426860564585116	0.0
67.0	30.881094952951237	14.713430282292558	18.477331052181352	35.92814371257485	0.0
68.0	24.123182207014544	22.3267750213858	21.72797262617622	31.822070145423435	0.0
69.0	21.012006861063465	20.06861063464837	24.44253859348199	34.476843910806174	0.0
70.0	27.639484978540775	21.201716738197423	20.171673819742487	30.98712446351931	0.0
71.0	30.22452504317789	21.502590673575128	17.184801381692573	31.088082901554404	0.0
72.0	30.615784908933218	19.514310494362533	21.942758022549867	27.92714657415438	0.0
73.0	28.90829694323144	15.021834061135372	25.938864628820962	30.131004366812224	0.0
74.0	26.835664335664333	19.143356643356643	25.174825174825177	28.846153846153843	0.0
75.0	28.84784520668426	18.909410729991205	18.20580474934037	34.03693931398417	0.0
76.0	27.360988526037072	20.123565754633717	17.475728155339805	35.039717563989406	0.0
77.0	29.140271493212673	24.16289592760181	17.737556561085974	28.95927601809955	0.0
78.0	33.39382940108893	20.87114337568058	19.056261343012704	26.678765880217785	0.0
79.0	29.70027247956403	19.346049046321525	20.072661217075385	30.881017257039055	0.0
80.0	25.932666060054594	20.564149226569608	20.83712465878071	32.666060054595086	0.0
81.0	28.972868217054266	17.635658914728683	19.57364341085271	33.81782945736434	0.0
82.0	32.038834951456316	18.54368932038835	20.485436893203886	28.932038834951456	0.0
83.0	29.863813229571985	19.747081712062258	22.37354085603113	28.01556420233463	0.0
84.0	27.29044834307992	18.71345029239766	21.832358674463936	32.16374269005848	0.0
85.0	30.214424951267056	20.175438596491226	20.37037037037037	29.239766081871345	0.0
86.0	31.996086105675147	17.22113502935421	21.428571428571427	29.354207436399214	0.0
87.0	30.460333006856022	22.233104799216456	21.645445641527914	25.66111655239961	0.0
88.0	34.543670264965655	18.54759568204122	15.603532875368009	31.305201177625126	0.0
89.0	28.0561122244489	18.537074148296593	19.539078156312627	33.86773547094188	0.0
90.0	30.792377131394183	19.45837512537613	18.85656970912738	30.892678034102307	0.0
91.0	29.016064257028113	19.27710843373494	18.373493975903614	33.33333333333333	0.0
92.0	29.111338100102145	20.531154239019408	18.283963227783453	32.073544433094995	0.0
93.0	33.46938775510204	18.6734693877551	19.591836734693878	28.26530612244898	0.0
94.0	34.183673469387756	16.632653061224488	18.6734693877551	30.51020408163265	0.0
95.0	30.20408163265306	18.367346938775512	18.46938775510204	32.95918367346939	0.0
96.0	28.425357873210633	18.50715746421268	18.200408997955012	34.86707566462168	0.0
97.0	32.17213114754098	18.135245901639344	18.34016393442623	31.352459016393443	0.0
98.0	30.903490759753595	23.81930184804928	19.71252566735113	25.564681724845993	0.0
99.0	34.90759753593429	17.145790554414784	15.092402464065707	32.85420944558521	0.0
100.0	34.25925925925926	13.68312757201646	20.679012345679013	31.378600823045268	0.0
101.0	33.26424870466321	18.65284974093264	19.378238341968913	28.704663212435232	0.0
102.0	32.224532224532226	15.48856548856549	19.95841995841996	32.32848232848233	0.0
103.0	25.78288100208768	17.432150313152402	21.08559498956159	35.699373695198325	0.0
104.0	27.12041884816754	18.848167539267017	22.5130890052356	31.518324607329845	0.0
105.0	27.148846960167717	22.536687631027252	17.92452830188679	32.38993710691824	0.0
106.0	32.457983193277315	17.857142857142858	17.647058823529413	32.037815126050425	0.0
107.0	31.335436382754995	20.82018927444795	18.08622502628812	29.758149316508938	0.0
108.0	32.840549102428724	17.634635691657866	17.00105596620908	32.52375923970433	0.0
109.0	26.666666666666668	20.43010752688172	20.0	32.903225806451616	0.0
110.0	26.80301399354144	21.63616792249731	20.129171151776106	31.43164693218515	0.0
111.0	28.57142857142857	19.37229437229437	20.67099567099567	31.38528138528138	0.0
112.0	28.602383531960996	21.23510292524377	20.043336944745395	30.119176598049833	0.0
113.0	29.053318824809576	22.63329706202394	17.73667029379761	30.576713819368877	0.0
114.0	29.475982532751093	15.72052401746725	20.52401746724891	34.27947598253275	0.0
115.0	24.205914567360352	19.934282584884993	21.467688937568454	34.392113910186204	0.0
116.0	28.07017543859649	19.62719298245614	21.271929824561404	31.030701754385966	0.0
117.0	31.030701754385966	17.105263157894736	19.62719298245614	32.23684210526316	0.0
118.0	28.17982456140351	15.460526315789474	22.039473684210524	34.32017543859649	0.0
119.0	24.890350877192983	19.956140350877195	29.385964912280706	25.767543859649123	0.0
120.0	28.618421052631575	23.24561403508772	22.039473684210524	26.096491228070175	0.0
121.0	30.803080308030808	18.701870187018702	18.151815181518153	32.34323432343234	0.0
122.0	31.167400881057265	16.519823788546255	19.823788546255507	32.48898678414097	0.0
123.0	33.14977973568282	17.400881057268723	18.502202643171806	30.947136563876654	0.0
124.0	29.911699779249446	17.880794701986755	20.86092715231788	31.346578366445915	0.0
125.0	27.796234772978963	20.70874861572536	19.601328903654487	31.893687707641195	0.0
126.0	30.62360801781737	18.70824053452116	18.596881959910913	32.071269487750556	0.0
127.0	30.27932960893855	17.877094972067038	20.0	31.843575418994412	0.0
128.0	31.319910514541387	17.002237136465325	19.798657718120804	31.879194630872483	0.0
129.0	28.81165919282511	17.937219730941703	17.713004484304935	35.53811659192825	0.0
130.0	30.976430976430976	19.19191919191919	15.600448933782268	34.231200897867566	0.0
131.0	29.650507328072152	20.293122886133034	18.1510710259301	31.905298759864714	0.0
132.0	30.09049773755656	19.457013574660635	21.49321266968326	28.95927601809955	0.0
133.0	30.690826727066817	22.310305775764437	18.7995469988675	28.199320498301244	0.0
134.0	25.681818181818183	21.477272727272727	20.909090909090907	31.931818181818183	0.0
135.0	29.351535836177472	17.064846416382252	20.932878270762227	32.65073947667804	0.0
136.0	24.8	17.142857142857142	23.65714285714286	34.4	0.0
137.0	30.663615560640732	16.819221967963387	19.221967963386728	33.29519450800915	0.0
138.0	28.325688073394495	18.692660550458715	20.756880733944953	32.22477064220183	0.0
139.0	27.35632183908046	20.804597701149426	20.919540229885058	30.919540229885058	0.0
140.0	26.87427912341407	18.685121107266436	23.298731257208765	31.141868512110726	0.0
141.0	33.75722543352601	17.22543352601156	18.497109826589593	30.520231213872833	0.0
142.0	34.29895712630359	13.789107763615297	19.119351100811123	32.79258400926999	0.0
143.0	32.36658932714617	20.301624129930396	17.51740139211137	29.81438515081207	0.0
144.0	33.25581395348837	17.093023255813954	18.255813953488374	31.3953488372093	0.0
145.0	29.336437718277065	17.345750873108265	19.67403958090803	33.64377182770664	0.0
146.0	28.93815635939323	22.403733955659277	19.369894982497083	29.28821470245041	0.0
147.0	31.69590643274854	18.362573099415204	18.947368421052634	30.994152046783626	0.0
148.0	29.294117647058826	18.705882352941178	19.294117647058822	32.70588235294118	0.0
149.0	29.585798816568047	20.236686390532544	18.224852071005916	31.952662721893493	0.0
150.0	27.46730083234245	21.759809750297265	17.24137931034483	33.53151010701546	0.0
151.0	28.333333333333332	19.523809523809526	20.357142857142858	31.785714285714285	0.0
152.0	29.051620648259302	21.248499399759904	16.80672268907563	32.89315726290516	0.0
153.0	31.28760529482551	16.60649819494585	18.772563176895307	33.33333333333333	0.0
154.0	32.68998793727383	15.199034981905909	18.33534378769602	33.775633293124244	0.0
155.0	31.363088057901084	21.71290711700844	17.370325693606755	29.55367913148372	0.0
156.0	28.96969696969697	18.545454545454547	19.03030303030303	33.45454545454545	0.0
157.0	31.746031746031743	17.46031746031746	22.344322344322347	28.449328449328448	0.0
158.0	28.76376988984088	22.15422276621787	17.503059975520195	31.57894736842105	0.0
159.0	34.27518427518427	15.724815724815725	18.91891891891892	31.08108108108108	0.0
160.0	24.014778325123153	20.19704433497537	21.79802955665025	33.99014778325123	0.0
161.0	28.36004932182491	18.865598027127003	21.948212083847103	30.826140567200987	0.0
162.0	29.259259259259256	19.38271604938272	19.753086419753085	31.604938271604937	0.0
163.0	27.509293680297397	18.09169764560099	17.71995043370508	36.67905824039653	0.0
164.0	31.506849315068493	14.570361145703611	23.536737235367372	30.386052303860524	0.0
165.0	27.750000000000004	18.875	21.125	32.25	0.0
166.0	27.06766917293233	18.796992481203006	20.551378446115287	33.583959899749374	0.0
167.0	27.763819095477388	19.09547738693467	21.733668341708544	31.4070351758794	0.0
168.0	28.78787878787879	19.19191919191919	18.68686868686869	33.33333333333333	0.0
169.0	24.111675126903553	18.02030456852792	21.573604060913706	36.29441624365482	0.0
170.0	27.53807106598985	18.14720812182741	19.289340101522843	35.025380710659896	0.0
171.0	31.800766283524908	18.51851851851852	15.070242656449553	34.61047254150703	0.0
172.0	26.982097186700766	20.33248081841432	17.647058823529413	35.0383631713555	0.0
173.0	29.411764705882355	18.286445012787723	23.40153452685422	28.9002557544757	0.0
174.0	29.896907216494846	19.974226804123713	18.04123711340206	32.08762886597938	0.0
175.0	27.8137128072445	16.946959896507117	20.95730918499353	34.28201811125485	0.0
176.0	28.125	17.317708333333336	18.619791666666664	35.9375	0.0
177.0	27.559055118110237	21.916010498687662	17.84776902887139	32.677165354330704	0.0
178.0	27.572559366754618	22.95514511873351	17.282321899736147	32.189973614775724	0.0
179.0	26.71957671957672	17.989417989417987	23.41269841269841	31.878306878306876	0.0
180.0	29.560585885486017	16.644474034620508	21.304926764314246	32.49001331557923	0.0
181.0	27.710843373493976	19.143239625167336	19.27710843373494	33.86880856760375	0.0
182.0	32.53012048192771	17.938420348058905	20.214190093708165	29.31726907630522	0.0
183.0	31.2751677852349	20.671140939597315	20.80536912751678	27.248322147651006	0.0
184.0	29.34051144010767	20.457604306864063	18.842530282637952	31.35935397039031	0.0
185.0	27.03804347826087	19.972826086956523	23.777173913043477	29.21195652173913	0.0
186.0	28.12071330589849	17.832647462277095	20.16460905349794	33.882030178326474	0.0
187.0	27.76243093922652	23.895027624309392	16.71270718232044	31.629834254143645	0.0
188.0	31.3969571230982	18.39557399723375	19.91701244813278	30.29045643153527	0.0
189.0	29.707112970711297	21.199442119944212	17.154811715481173	31.938633193863318	0.0
190.0	30.629370629370626	17.762237762237763	18.321678321678323	33.28671328671329	0.0
191.0	27.42616033755274	19.971870604781998	20.534458509142052	32.06751054852321	0.0
192.0	31.20567375886525	19.71631205673759	18.439716312056735	30.638297872340424	0.0
193.0	28.469241773962807	18.4549356223176	23.17596566523605	29.89985693848355	0.0
194.0	29.130434782608695	22.463768115942027	21.304347826086957	27.10144927536232	0.0
195.0	28.84333821376281	25.036603221083453	16.251830161054173	29.86822840409956	0.0
196.0	29.185185185185187	21.777777777777775	17.925925925925927	31.11111111111111	0.0
197.0	30.211480362537763	20.84592145015106	19.184290030211482	29.758308157099698	0.0
198.0	28.66043613707165	26.947040498442366	20.24922118380062	24.143302180685357	0.0
199.0	28.05872756933116	25.938009787928223	18.92332789559543	27.07993474714519	0.0
200.0	27.360308285163775	16.184971098265898	18.11175337186898	38.34296724470135	0.0
201.0	31.025641025641026	21.025641025641026	16.923076923076923	31.025641025641026	0.0
202.0	41.60206718346253	14.987080103359174	18.863049095607234	24.54780361757106	0.0
203.0	34.196891191709845	19.689119170984455	18.393782383419687	27.72020725388601	0.0
204.0	34.645669291338585	15.748031496062993	23.097112860892388	26.509186351706038	0.0
205.0	35.69553805774278	14.435695538057743	26.246719160104988	23.62204724409449	0.0
206.0	32.631578947368425	22.105263157894736	19.210526315789473	26.052631578947366	0.0
207.0	28.912466843501328	23.342175066312997	15.649867374005305	32.09549071618037	0.0
208.0	22.76422764227642	22.22222222222222	21.680216802168022	33.33333333333333	0.0
209.0	23.577235772357724	23.306233062330623	19.51219512195122	33.60433604336043	0.0
210.0	28.09917355371901	19.834710743801654	18.181818181818183	33.88429752066116	0.0
211.0	35.45706371191136	18.005540166204987	19.94459833795014	26.59279778393352	0.0
212.0	26.740947075208915	17.827298050139277	22.841225626740947	32.590529247910865	0.0
213.0	26.40449438202247	21.910112359550563	16.573033707865168	35.1123595505618	0.0
214.0	28.774928774928775	26.21082621082621	18.803418803418804	26.21082621082621	0.0
215.0	28.448275862068968	21.839080459770116	15.517241379310345	34.195402298850574	0.0
216.0	30.057803468208093	19.07514450867052	17.63005780346821	33.23699421965318	0.0
217.0	24.705882352941178	21.176470588235293	23.52941176470588	30.58823529411765	0.0
218.0	23.19277108433735	18.072289156626507	20.783132530120483	37.95180722891566	0.0
219.0	18.446601941747574	22.330097087378643	24.59546925566343	34.627831715210355	0.0
220.0	0.0	30.87557603686636	25.34562211981567	43.77880184331797	0.0
