# Position (bp)	A	C	G	T	N
0.0	27.010160092510432	23.931866849199753	23.589725788150247	25.468247270139564	0.0
1.0	27.21387870727778	19.97426665369187	15.17607880026382	37.63577583876653	0.0
2.0	28.077567400145437	19.874814834765278	18.024724608796358	34.02267769129252	2.1546500040399688E-4
3.0	23.92084437253297	21.90950757111823	15.176616450395047	38.99270929355569	3.223123980687041E-4
4.0	34.3887295810991	13.757120629572956	14.604845242840794	37.248232969425764	0.001071577061392793
5.0	36.13532443957324	14.99612539174216	22.625678591612008	26.234844073775964	0.00802750329662802
6.0	32.54164261124297	17.534158701648597	20.051425150212758	29.868924669104285	0.003848867791391366
7.0	35.764661141698554	16.674892160570188	20.54012652305168	27.01957240250653	7.477721730472998E-4
8.0	23.25977300041199	26.820703626144443	22.25114684529489	27.667095733031065	0.0012807951176090117
9.0	29.186727904550818	18.138096690722374	15.76850629195794	36.90656245133572	1.0666143314568032E-4
10.0	26.746992318499775	16.952173440301546	25.168266002059486	31.131928647113625	6.395920255666252E-4
11.0	28.47629976016885	18.692339573631145	19.55588087072238	33.2743078085229	0.0011719869547197515
12.0	26.717914146626153	19.50641818241845	21.07994585573813	32.68943835445748	0.006283460759787555
13.0	27.676440595334658	21.46474807278394	18.564716351691118	32.29388208694986	2.128932404267232E-4
14.0	31.784428562608706	18.262195057044746	20.47266557239541	29.47996568160964	7.451263414935312E-4
15.0	29.951204869294195	18.747059412116606	19.51858451542305	31.78219318358423	9.580195819202544E-4
16.0	30.646939979008724	17.71271760350337	18.943453426410258	32.69486650529359	0.0020224857840538705
17.0	30.123754840660055	18.162241680664398	20.499064334208324	31.21100061951933	0.003938524947894379
18.0	31.623161932985468	17.920927192640708	18.627945644097853	31.819981733759974	0.007983496516002121
19.0	30.52271677321973	18.373431775167706	19.642701274591833	31.46104373040052	1.064466202133616E-4
20.0	30.39561950868498	18.095606096410833	19.46089044726741	32.04777750101657	1.064466202133616E-4
21.0	30.45586829572574	17.33706748077042	19.42001494510548	32.786304152056864	7.451263414935312E-4
22.0	28.654897928335878	19.204992772274487	19.691773166510192	32.44769745315816	6.386797212801697E-4
23.0	30.021566085255223	17.668755149355253	20.10872457788593	32.19967682806103	0.0012773594425603393
24.0	31.048137290592887	17.97617298853144	18.480729968342775	32.49293726674885	0.0020224857840538705
25.0	29.603763100917785	17.986072524211284	19.35572118649661	33.05412384851368	3.1933986064008483E-4
26.0	31.94260824024576	17.63096659917951	20.058588219765433	30.367517600948652	3.1933986064008483E-4
27.0	29.204907614978314	18.209716873279557	20.044963052378122	32.54009311950336	3.1933986064008483E-4
28.0	30.468641890151343	18.02013544267956	19.95458987181698	31.55322650350529	0.0034062918468275713
29.0	29.307415710243784	18.486690979074723	19.627053621420465	32.57628497037591	0.0025547188851206787
30.0	30.22016565381737	18.28440467560614	19.294166988670778	32.19913372910566	0.0021289528000519465
31.0	30.643531947733987	18.171541102270005	19.515341831439446	31.667456156691593	0.0021289618649705934
32.0	29.297971088543996	18.166634732068722	19.693427859743245	32.84196631964404	0.0
33.0	29.819608644648405	18.354336056342227	19.56212569272793	32.26265219788759	0.001277408393850556
34.0	29.88666037179486	17.930484602225487	19.65671303368466	32.525503279259176	6.387130358137045E-4
35.0	30.429478054061427	17.58360256071468	19.52427734824526	32.4624289282335	2.1310874513046516E-4
36.0	31.103392339658154	17.332170899142135	19.164816612861454	32.39908724757824	5.329007600230639E-4
37.0	29.27804849967005	18.75255189882594	19.288890405073627	32.68029598295145	2.1321347892971096E-4
38.0	30.795463997560095	18.447291472494566	19.17446376508677	31.582034290881715	7.464739768507756E-4
39.0	29.870400110978906	18.806870021288745	19.586390144219227	31.73623301302402	1.0671048910752682E-4
40.0	29.977050908076436	18.366328220114607	19.49133610318647	32.162078095321576	0.0032066733009174296
41.0	29.70923762570302	18.252041184642195	20.68304041454551	31.35439549552348	0.0012852795857972322
42.0	29.388264213917694	18.374917953315972	19.493005117997075	32.74188220455686	0.0019305102123990236
43.0	29.50840264409786	18.364176489344914	20.233661465720022	31.892148979046265	0.0016104217909393378
44.0	29.554829884605425	18.799677208953476	19.984139827407795	31.661245625289453	1.0745374384961635E-4
45.0	29.52252308446775	18.407026539878647	19.68971205984647	32.380738315807136	0.0
46.0	30.167066288425033	17.437032668540656	19.495551069077884	32.89970426554974	6.457084066929828E-4
47.0	29.669343975086925	18.080715518661655	19.956087691093384	32.29245296225027	0.001399852907763692
48.0	30.501679231723205	17.892302901725348	18.806210086595993	32.79905355332328	7.542266321733688E-4
49.0	29.538946224409262	17.73820357008854	20.122395642404616	32.599807651668385	6.469114291998568E-4
50.0	29.889544694399074	18.512680605922547	19.433591325085803	32.164075413195256	1.0796139732277327E-4
51.0	30.351395879917654	18.086345831183287	19.512894323771445	32.04936396512761	0.0
52.0	29.772153765573538	18.05777107368919	19.796303666295437	32.37377149444183	0.0
53.0	31.390133066974762	17.644878665917442	19.52029371901707	31.43349966252311	0.01119488556761874
54.0	30.20255058863508	18.16638185202491	19.36227660021718	32.26574131859921	0.0030496405236232777
55.0	29.07281653515554	18.347793919460848	18.373437771101887	34.20475142377938	0.0012003505023466853
56.0	29.331215621802663	18.335658006348762	20.493450106249945	31.83858315916504	0.0010931064335872255
57.0	28.437040312412442	18.638471035304008	19.739751155785935	33.183971350518355	7.661459792659008E-4
58.0	30.62435407207213	17.975619405839463	21.84324130607038	29.55667562061139	1.0959540663731701E-4
59.0	29.61785956569562	20.312325049891655	21.025078652080083	29.034966969419546	0.0097697629131018
60.0	31.2233798499424	19.069792518245563	19.67143129071762	30.034956224947763	4.4011614665110126E-4
61.0	29.164083134925452	20.97217288075006	19.70328183922452	30.160241487584706	2.2065751526398363E-4
62.0	31.01755746330656	16.43489338133481	21.778454721683744	30.768872888396565	2.2154527831625589E-4
63.0	26.56134450037867	20.282777208535663	25.497171114180066	27.656702454671	0.002004722234597051
64.0	26.322200348977674	19.826629680998614	18.457004160887656	35.391928772761844	0.002237036374211445
65.0	27.639665353777694	19.417009871951187	18.626130049050733	34.31292455851533	0.004270166705060709
66.0	26.56351047080533	19.54843770279955	17.041651853482087	36.83906391959685	0.007336053316178255
67.0	33.62058020694471	14.243545447125719	17.820301801924348	34.313645473424565	0.0019270705806603732
68.0	34.3224347558857	15.352763708459518	23.251317839946516	27.073369026145805	1.1466956245535053E-4
69.0	32.06285092410258	17.178338852840604	20.649478292346064	30.10933193071076	0.0
70.0	33.252091770603755	15.960751877424006	22.066603791665194	28.720552560307045	0.0
71.0	26.00058993494857	19.87589164227106	25.81520446320677	28.3083139595736	0.0
