# Position (bp)	A	C	G	T	N
0.0	26.185351436084208	23.86309407689468	23.990418388636037	25.961136098385072	0.0
1.0	26.78232037287815	20.693429456306912	15.546575991359546	36.97767417945539	0.0
2.0	29.08154155765802	20.06642110476864	17.419499199381217	33.43253813819212	0.0
3.0	23.583337890141756	22.606646912676574	14.998419103295898	38.811596093885775	0.0
4.0	34.196569315374845	13.363350459101508	14.818591868551193	37.62148835697245	0.0
5.0	35.24456791308065	15.033365087695769	23.484983308320963	26.23708369090261	0.0
6.0	31.6185037356603	17.467207835663697	20.973018825205312	29.941269603470694	0.0
7.0	35.218709387457814	17.410083840053353	20.07550490317679	27.295701869312044	0.0
8.0	22.720192973816207	26.881529217888456	22.893283687830966	27.50499412046437	0.0
9.0	27.287987896912636	18.81824920163769	15.534681816908458	38.35908108454122	0.0
10.0	26.999133463767134	16.802046882276255	24.720520749976757	31.478298903979855	0.0
11.0	27.979565822446823	19.02337320103735	19.148339553907743	33.84872142260809	0.0
12.0	26.09963014885666	20.39062744233501	20.478810326816653	33.03093208199168	0.0
13.0	26.36051128209063	21.10059710206357	19.02227700495954	33.51661461088625	0.0
14.0	30.3750925845854	18.72982271802765	20.190185959514636	30.704898737872316	0.0
15.0	29.78087311070268	18.665093016297188	20.066965400397798	31.487068472602335	0.0
16.0	29.444665713652746	18.226966450580704	18.5357960122552	33.792571823511345	0.0
17.0	30.29222828107388	17.961078001929575	19.814407237384238	31.93228647961231	0.0
18.0	31.83996240994783	17.874099579805037	19.226521340839973	31.05941666940716	0.0
19.0	30.24082886498099	18.6441570245395	19.95695332735433	31.158060783125187	0.0
20.0	29.777476256189956	17.77686292771778	20.143780325553994	32.301880490538274	0.0
21.0	29.1307205702818	18.876239327482352	19.89354988754517	32.09949021469068	0.0
22.0	30.086332884434274	18.85872725680721	22.720084707536916	28.3348551512216	0.0
23.0	29.55462365355657	20.26191236954421	21.37215599709251	28.811307979806717	0.0
24.0	33.3396804439567	19.411074747174556	17.56972246886634	29.6795223400024	0.0
25.0	29.61324984379206	20.957117215434604	19.46363802576981	29.96599491500353	0.0
26.0	31.627760502539587	16.730970069922424	22.642917916973026	28.998351510564962	0.0
27.0	26.43024829923825	21.165096737950538	24.65550684926316	27.74914811354805	0.0
28.0	26.979564333785483	19.789546593002292	18.90031504133945	34.33057403187278	0.0
29.0	28.362584852004737	20.334410176813723	17.211131018573216	34.09187395260833	0.0
30.0	26.774864727568627	19.147819270527375	15.87047848568087	38.20683751622313	0.0
31.0	34.31464651487609	14.617426769194308	18.357479772677397	32.7104469432522	0.0
32.0	34.46506082453101	15.356714697280019	22.830006366823262	27.348218111365714	0.0
33.0	31.162089305626004	17.274498321859603	21.1661950687507	30.39721730376369	0.0
34.0	32.965639535628036	16.63482468151316	21.828611222014707	28.570924560844098	0.0
35.0	26.807515214004557	20.299168729104125	25.489679392637765	27.40363666425355	0.0
