# Position (bp)	A	C	G	T	N
0.0	31.77649456521739	22.87703804347826	24.728260869565215	20.61820652173913	0.0
1.0	33.22010869565217	21.467391304347828	12.567934782608695	32.744565217391305	0.0
2.0	34.61277173913043	21.26358695652174	13.909646739130435	30.21399456521739	0.0
3.0	25.033967391304344	19.599184782608695	15.777853260869565	39.58899456521739	0.0
4.0	42.56114130434783	12.075407608695652	9.527853260869565	35.83559782608695	0.0
5.0	40.52309782608695	16.15149456521739	19.31046195652174	24.014945652173914	0.0
6.0	38.835116318560026	19.952453727288162	14.043131261674308	27.1692986924775	0.0
7.0	44.82934284258788	17.218543046357617	15.588385124808966	22.363728986245544	0.0
8.0	25.38200339558574	30.390492359932086	16.6723259762309	27.555178268251275	0.0
9.0	35.365025466893044	15.687606112054327	13.191850594227505	35.75551782682513	0.0
10.0	28.772704124936343	20.132405364114753	22.203361059242912	28.891529451705996	0.0
11.0	37.0948583064653	16.069913456643476	15.764466315968098	31.07076192092313	0.0
12.0	31.043256997455472	17.52332485156913	19.134860050890584	32.29855810008482	0.0
13.0	33.89312977099237	21.95080576759966	14.877014418999151	29.279050042408823	0.0
14.0	41.63133796845854	17.856537222316433	14.431066644056301	26.08105816516873	0.0
15.0	40.71561811090385	20.044090215363745	12.294386976428692	26.945904697303714	0.0
16.0	43.26890471346219	17.734825364530348	14.632078670735844	24.364191251271617	0.0
17.0	40.81044421837911	19.091217361817563	15.12377076975246	24.974567650050865	0.0
18.0	36.94472702611055	19.44727026110546	14.259070871481857	29.348931841302132	0.0
19.0	41.759918616480164	18.107833163784335	13.021363173957273	27.110885045778232	0.0
20.0	35.72397422855205	19.430315361139368	17.056629365886742	27.789081044421838	0.0
21.0	38.48762292302476	16.87012546625975	20.956256358087487	23.685995252628008	0.0
22.0	38.368938623262125	19.277721261444558	13.936927772126145	28.416412343167174	0.0
23.0	30.71707068994745	20.410239023563314	20.766231564671976	28.10645872181726	0.0
24.0	36.2095270384811	17.71486692659773	15.917952195287338	30.157653839633834	0.0
25.0	33.29379871230091	17.7228058285327	21.738393764825485	27.245001694340903	0.0
26.0	38.021009827177224	18.773297187394103	16.113181972212807	27.09251101321586	0.0
27.0	33.10181263764188	18.19413857360664	17.46569540911401	31.238353379637473	0.0
28.0	34.99915297306455	22.344570557343722	16.87277655429443	25.78349991529731	0.0
29.0	37.506352702015924	17.499576486532273	15.568355073691343	29.42571573776046	0.0
30.0	28.155175334575638	21.582246315432833	17.702862951041844	32.559715398949685	0.0
31.0	36.7270879213959	18.685414196171436	17.956971031678805	26.630526850753856	0.0
32.0	34.193548387096776	17.877758913412563	17.181663837011886	30.747028862478775	0.0
33.0	38.65472427116263	19.17808219178082	19.704952581664912	22.46224095539164	0.0
34.0	37.19704952581665	18.106779065683178	15.806111696522656	28.89005971197752	0.0
35.0	32.142228480901245	20.876606231297306	18.957929941911637	28.02323534588981	0.0
36.0	34.747403626122164	21.017426509417355	15.032564689315262	29.20260517514522	0.0
37.0	31.561344833656047	18.62348178137652	19.60922372821686	30.205949656750576	0.0
38.0	37.65182186234818	18.412251364196443	19.503608519626823	24.43231825382855	0.0
39.0	34.154929577464785	21.25	15.739436619718312	28.8556338028169	0.0
40.0	29.385887735351048	20.095020235790955	16.311807144114024	34.20728488474397	0.0
41.0	34.10770855332629	18.884195705737415	15.557902147131292	31.450193593804997	0.0
42.0	35.05807814149947	18.391411474832804	18.497008095740934	28.053502287926786	0.0
43.0	38.25030804435839	16.405562400985744	16.405562400985744	28.93856715367013	0.0
44.0	33.03995775391657	18.88751980285161	20.577363140292203	27.495159302939626	0.0
45.0	35.904208487409754	18.348300757175558	15.93590420848741	29.811586546927277	0.0
46.0	35.55203380876915	16.869167106885016	17.76721253741856	29.811586546927277	0.0
47.0	30.3153073806588	17.4211731548353	16.96318478069403	35.300334683811876	0.0
48.0	37.22036286771182	17.156949092830722	18.072925841113264	27.549762198344197	0.0
49.0	30.03875968992248	21.31782945736434	17.81183932346723	30.83157152924595	0.0
50.0	34.143763213530654	18.675123326286116	17.653276955602536	29.52783650458069	0.0
51.0	32.30579531442663	19.675885150607716	15.976748282543596	32.04157125242205	0.0
52.0	33.40965128566397	16.836914406481153	17.488552307150403	32.264882000704475	0.0
53.0	38.64036632617119	14.37125748502994	18.15780204297288	28.83057414582599	0.0
54.0	34.07890102148644	18.016907361747094	20.412116942585417	27.49207467418105	0.0
55.0	32.93413173652694	18.72138076787601	18.52765058119056	29.81683691440648	0.0
56.0	33.908754623921084	21.261229522635194	14.690857847454641	30.13915800598908	0.0
57.0	30.297692443191828	19.852034525277436	19.288356526334333	30.561916505196407	0.0
58.0	34.26154388438491	18.329221008107154	15.949947127247091	31.459287980260843	0.0
59.0	31.265421219598167	19.70391258371519	19.157560803665845	29.8731053930208	0.0
60.0	33.99153737658674	17.665726375176305	20.09873060648801	28.24400564174894	0.0
61.0	33.69181946403385	18.935119887165023	17.295486600846264	30.077574047954865	0.0
62.0	34.53808180535966	17.01339915373766	17.559943582510577	30.888575458392104	0.0
63.0	34.99647390691114	17.71861777150917	16.114245416078983	31.170662905500706	0.0
64.0	31.752468265162197	19.3935119887165	15.92031029619182	32.933709449929474	0.0
65.0	40.01410188612727	14.436805922792173	16.09377754274634	29.455314648334213	0.0
66.0	33.77401727481051	21.029437687290674	15.071390798519301	30.125154239379516	0.0
67.0	27.921734531993653	17.927022739291377	19.07280098713203	35.078441741582935	0.0
68.0	32.25295050202572	18.583759027655454	21.701602959309493	27.461687511009337	0.0
69.0	28.65950325876343	21.57829839704069	19.235511713933416	30.52668663026246	0.0
70.0	35.14180024660912	15.448300158534437	19.99295402501321	29.41694556984323	0.0
71.0	35.96970230755681	19.51735071340497	17.61493746697199	26.898009512066235	0.0
72.0	32.02395631495508	19.746344900475606	17.808701779108684	30.42099700546063	0.0
73.0	36.22907488986784	15.71806167400881	18.237885462555067	29.81497797356828	0.0
74.0	28.123348017621147	18.502202643171806	22.92511013215859	30.44933920704846	0.0
75.0	34.79563072586328	17.829457364341085	16.878083157152922	30.496828752642706	0.0
76.0	34.51374207188161	19.767441860465116	16.24383368569415	29.474982381959126	0.0
77.0	32.72246696035243	15.94713656387665	17.938325991189426	33.392070484581495	0.0
78.0	32.26431718061674	18.555066079295155	16.740088105726873	32.44052863436123	0.0
79.0	29.62832481944689	19.112207151664613	20.34525277435265	30.914215254535847	0.0
80.0	36.63261711870377	14.653046847481507	18.210637548432544	30.503698485382174	0.0
81.0	27.42162733356816	18.89749911940824	23.617470940471996	30.063402606551605	0.0
82.0	33.86159535129424	16.869167106885016	21.148089452368374	28.12114808945237	0.0
83.0	30.440140845070424	18.221830985915492	15.86267605633803	35.475352112676056	0.0
84.0	33.12202852614897	20.707871104067618	20.038739214650466	26.13136115513295	0.0
85.0	32.47096092925027	16.138683562126012	18.409010911650828	32.981344596972896	0.0
86.0	35.251671946497716	18.409010911650828	15.487504399859203	30.85181274199226	0.0
87.0	31.837381203801478	14.413938753959874	22.632875747976065	31.115804294262585	0.0
88.0	27.87750791974657	19.99296022527279	16.085885251671947	36.043646603308694	0.0
89.0	30.951961991905684	20.587717754707022	19.690304416681332	28.770015836705966	0.0
90.0	29.099225897255454	18.314567206192823	19.03589021815623	33.5503166783955	0.0
91.0	28.04363124560169	16.379310344827587	21.586910626319494	33.99014778325123	0.0
92.0	31.93173821252639	19.88036593947924	22.04433497536946	26.14356087262491	0.0
93.0	34.38874230430959	19.349164467897978	17.748460861917327	28.513632365875107	0.0
94.0	31.310466138962177	21.072999120492526	20.510114335971856	27.106420404573438	0.0
95.0	30.06156552330695	17.854001759014952	21.21372031662269	30.87071240105541	0.0
96.0	32.031662269129285	21.723834652594547	16.481970096745822	29.76253298153034	0.0
97.0	30.043975373790676	18.258575197889183	19.102902374670187	32.59454705364996	0.0
98.0	29.315502375505897	16.681330283301072	20.834066514165052	33.16910082702798	0.0
99.0	28.558859757170506	22.91043462959704	16.874890022875242	31.655815590357207	0.0
100.0	37.64124293785311	17.39053672316384	14.565677966101696	30.402542372881356	0.0
101.0	29.17258522727273	19.779829545454543	19.122869318181817	31.92471590909091	0.0
102.0	30.994465274058204	21.47830744509909	16.72915550794501	30.798071772897696	0.0
103.0	32.55645889792231	17.452574525745256	16.350496838301716	33.64046973803072	0.0
104.0	34.00036383481899	21.86647262142987	15.899581589958158	28.23358195379298	0.0
105.0	31.65810711665444	20.28613352898019	20.506236243580336	27.549523110785035	0.0
106.0	28.022890899021597	23.59239431419605	16.540520583348716	31.844194203433634	0.0
107.0	31.520119225037256	19.24366616989568	17.567064083457527	31.66915052160954	0.0
108.0	30.879038317054846	17.036063110443276	21.111945905334334	30.97295266716754	0.0
109.0	28.47957639939486	19.15658093797277	22.16338880484115	30.200453857791228	0.0
110.0	33.193995819874594	18.962568877066314	22.724681740452212	25.118753562606877	0.0
111.0	31.50554069545281	22.755063049293085	17.329002674818494	28.41039358043561	0.0
112.0	33.82070026933436	20.06540977298961	18.180069257406693	27.933820700269337	0.0
113.0	29.796708615682476	17.71539206195547	19.535333978702806	32.952565343659245	0.0
114.0	30.91617933723197	17.621832358674464	19.649122807017545	31.812865497076025	0.0
115.0	30.208333333333332	19.14308176100629	20.69575471698113	29.952830188679247	0.0
116.0	26.533438860308667	19.707162643450733	21.982588049070042	31.776810447170554	0.0
117.0	32.25870646766169	22.44776119402985	17.83084577114428	27.46268656716418	0.0
118.0	33.38019682667202	16.469170516167907	18.116087567784696	32.03454508937538	0.0
119.0	32.31050599471652	21.438731965047754	18.10607600081284	28.144686039422883	0.0
120.0	35.51153767612824	15.785174596691853	23.79007555646314	24.913212170716765	0.0
121.0	28.90625	16.879111842105264	22.203947368421055	32.010690789473685	0.0
122.0	32.640332640332645	21.891891891891895	21.03950103950104	24.42827442827443	0.0
123.0	27.442740071443584	20.907753729775163	19.79407438537508	31.855431813406177	0.0
124.0	32.61975413310725	17.761763459092837	20.241627808393385	29.376854599406528	0.0
125.0	34.664673216574116	16.53139683895771	23.57966680905596	25.224263135412215	0.0
126.0	30.58493416792575	18.886250809410747	17.05158644506799	33.47722857759551	0.0
127.0	33.1013484123532	16.42018268812527	17.83384080034798	32.64462809917356	0.0
128.0	26.72508214676889	16.998904709748082	27.294633077765607	28.981380065717417	0.0
129.0	28.808313066548752	20.05306212690692	19.61087773601592	31.527747070528413	0.0
130.0	29.623020298906983	24.13562346642873	15.81530225295561	30.426053981708677	0.0
131.0	30.914826498422716	21.856692203695356	17.86840919333033	29.360072104551598	0.0
132.0	38.114754098360656	18.693078324225866	15.346083788706741	27.84608378870674	0.0
133.0	35.58620689655172	15.287356321839079	19.586206896551726	29.540229885057474	0.0
134.0	29.355885078776645	19.230769230769234	21.1306765523633	30.282669138090824	0.0
135.0	26.895095048110772	18.188218727998123	20.042243604787608	34.8744426191035	0.0
136.0	30.26783598009007	21.995733586157858	18.630007110689736	29.106423323062337	0.0
137.0	31.746031746031743	21.115921115921115	17.05146705146705	30.08658008658009	0.0
138.0	31.67716917111003	19.558894813378576	18.807561803199224	29.956374212312163	0.0
139.0	33.06510607168983	18.946598390636428	19.89758595464521	28.090709583028527	0.0
140.0	35.923284976641256	21.34251290877797	15.613474305384806	27.120727809195966	0.0
141.0	32.076407839245846	19.49888365169933	18.80426693128256	29.620441577772265	0.0
142.0	30.22613065326633	21.381909547738694	21.809045226130653	26.58291457286432	0.0
143.0	28.75601722827464	21.07930073473524	18.06435267291614	32.10032936407398	0.0
144.0	32.743589743589745	21.615384615384613	15.871794871794872	29.76923076923077	0.0
145.0	26.935064935064933	23.740259740259738	16.545454545454547	32.77922077922078	0.0
146.0	34.64463676894833	12.404930500917914	19.32861264096512	33.62182008916864	0.0
147.0	37.39924771628157	16.845781837721656	19.774314884470716	25.98065556152606	0.0
148.0	33.86509935628324	21.27064091799608	18.108032465715084	26.7562272600056	0.0
149.0	36.5036231884058	17.059178743961354	20.018115942028984	26.419082125603865	0.0
150.0	32.51748251748251	19.19191919191919	23.853923853923853	24.436674436674437	0.0
