# Position (bp)	A	C	G	T	N
0.0	26.572739945208244	24.232841833484365	24.68425357271261	24.509323639299524	8.410092952552358E-4
1.0	26.808606812959606	20.2262615778041	15.017557664056385	37.94694613836025	6.27806819656213E-4
2.0	27.632407326337205	20.479722489753886	17.56202912690173	34.32542412454607	4.1693246111062474E-4
3.0	23.625794898109696	22.160543968954048	14.506462020438308	39.70449838059961	0.0027007318983444514
4.0	34.16868467349685	13.873952188761255	14.209665735278898	37.74542067680844	0.002276725654558626
5.0	35.90204364907236	14.617234071558702	22.582590770323918	26.89441353013835	0.003717978906666336
6.0	31.743900955350313	17.60541743220477	20.293512979608334	30.357168632836583	0.0
7.0	35.09893599081999	16.998235562666316	20.1376178862123	27.764182333416965	0.001028226884431411
8.0	23.06908711519859	26.851534276566163	21.827987685533376	28.250980166643735	4.1075605813841246E-4
9.0	28.551057089392994	18.1067594629198	15.515741439873937	37.82500574505105	0.0014362627622205443
10.0	26.96575783290085	16.832076871676936	24.810505905164813	31.38940472823124	0.0022546620261622782
11.0	28.169331370047328	18.446150600966217	19.27515426062417	34.109363768362286	0.0
12.0	26.51891298919784	19.985018603946738	21.136866923451617	32.3592014834038	0.0
13.0	27.20314270172554	21.540022003819995	18.025750195294126	33.23088060269199	2.0449646834599166E-4
14.0	31.066080988781327	18.818787499539884	20.250876267366863	29.864050747843585	2.0449646834599166E-4
15.0	29.740534880962606	18.6316732310033	19.15559318290573	32.47158521572332	6.13489405037975E-4
16.0	30.1949260336274	17.985464391029968	18.749872189707283	33.06932839269866	4.089929366919833E-4
17.0	29.764665464227434	18.506112399438862	19.929203322658616	31.80001881367509	0.0
18.0	31.827216843965108	17.99650720032065	18.147630090428336	32.0286458652859	0.0
19.0	30.377541379860368	18.2617391197654	19.64638470693611	31.713925800501425	4.089929366919833E-4
20.0	30.414555240630992	17.880353206300125	19.732068727173083	31.972613832959105	4.089929366919833E-4
21.0	29.773663308834657	17.62452812439929	18.994040972912398	33.60654061504358	0.00122697881007595
22.0	28.906802779516	18.72165167707554	19.69382788759238	32.67751315934774	2.0449646834599166E-4
23.0	29.828877355288075	17.575857964932943	19.719185449667282	32.87485225130162	0.00122697881007595
24.0	30.708621162112532	17.88464763213539	18.622879882864424	32.78364682641931	2.0449646834599166E-4
25.0	29.483482820251695	18.122681521290126	19.200377909473502	33.19325325251633	2.0449646834599166E-4
26.0	31.44623992343652	17.697737860067157	20.015296335832282	30.83970339832231	0.0010224823417299583
27.0	28.819278291063917	18.260921133892015	19.65456456566995	33.26482701643742	4.089929366919833E-4
28.0	29.987566614724564	17.81736829404956	20.065193474108703	32.129258127712134	6.13489405037975E-4
29.0	29.18634945174497	18.572778248119658	19.046187572340624	33.19448023132641	2.0449646834599166E-4
30.0	30.018834625444534	18.35404596793819	19.035037311372555	32.59085508381511	0.0012270114296114667
31.0	30.433102105590365	18.285056361762347	19.20267329810382	32.076714166516695	0.002454068026765702
32.0	29.31687155270967	18.627689576682464	18.983947923291975	33.07108192510394	4.0902221195122007E-4
33.0	29.73938083775266	17.710772654110535	19.22462578049743	33.3250162081681	2.0451947127626284E-4
34.0	29.713024643760725	18.55205378308009	19.168914786870022	32.56539319775754	6.13588531621285E-4
35.0	30.323059601861292	17.730646262758423	18.97916200968379	32.96672196940644	4.101562900543252E-4
36.0	30.850253781060726	17.60910122713867	18.593234010151242	32.94720574019305	2.052414563112774E-4
37.0	28.94906008744996	19.18785312184873	19.3848106517261	32.47724924882986	0.0010268901453460311
38.0	30.693128327406527	18.40901149047257	19.108511994080043	31.788937079898865	4.1110814199675223E-4
39.0	29.828266982876105	18.789140182067467	19.455115140585562	31.926654232389236	8.234620816297961E-4
40.0	29.81575128076842	18.83112050180486	19.074662906713748	32.27660463020008	0.0018606805128862462
41.0	29.65943191547727	18.05813015902044	20.263468524260382	32.01834595466296	6.234465789408058E-4
42.0	28.908729248591552	18.77228391638136	19.132371154656113	33.18599016692868	6.255134422838746E-4
43.0	29.325873704809453	18.44815474547781	19.872341671057143	32.35342080834943	2.0907030616255636E-4
44.0	29.537892946037225	19.022527090334638	19.44553858015638	31.99383186812266	2.0951534909447467E-4
45.0	29.273444602854315	18.74917324744205	19.834712479081848	32.142039763910965	6.299067108161281E-4
46.0	29.926611178070434	17.51761100348539	19.665217400449713	32.88992938771131	6.310302831432881E-4
47.0	29.846159031494953	18.643343002374078	19.51271405128594	31.99736260588021	4.21308964822808E-4
48.0	30.738381046813355	17.98611843631991	18.73947807008291	32.53475665070357	0.0012657960802514715
49.0	28.860081617471465	18.362240401705048	20.103849884716908	32.67361676137985	2.1133472673363159E-4
50.0	29.786543867906527	18.339036521606392	19.555787358003332	32.318420238049804	2.1201443394266284E-4
51.0	30.22769694955125	18.012904105619338	19.280302061759016	32.47888380338711	2.1307968327835875E-4
52.0	29.401618197869254	18.654915875995304	19.659218499567167	32.28424742656827	0.0
53.0	30.835052745387742	18.29676980267324	19.41284411573402	31.455333336205005	0.0
54.0	30.45281467699364	18.42780494136991	18.866557050755052	32.25195794210549	8.653887759075765E-4
55.0	29.224735458357777	18.42144145318645	18.278469460921713	34.074919062208025	4.345653260326358E-4
56.0	29.07446620594604	18.198391912019662	20.577594497521574	32.148893158320554	6.542261921636787E-4
57.0	28.037354562155542	19.194514915580438	19.208949348263495	33.558962470475024	2.1870352550083108E-4
58.0	30.32964526063648	17.88766440585763	21.75114722166165	30.03154311184424	0.0
59.0	29.188017733578285	20.974026688375265	20.532887426981	29.305068151065445	0.0
60.0	31.345247255906106	18.635957580421188	19.495670478768098	30.52246132618675	6.633587178602701E-4
61.0	28.94760838283667	21.215747064828427	19.225679609815117	30.609185713682045	0.001779228837741002
62.0	31.408121085501396	16.754614456913057	21.052997323458076	30.78337047016575	8.966639617303821E-4
63.0	26.600099104664025	20.600194136533645	24.680002805702816	28.119477686743284	2.2626635622922592E-4
64.0	26.104893269899943	20.44198012572589	18.01508254326819	35.43713135046948	9.127106365015801E-4
65.0	27.58677811445255	19.454586867843265	18.5163455985717	34.441829271379035	4.601477534436307E-4
66.0	27.136322643316014	19.46459496866719	16.728219466449666	36.66622617582076	0.004636745746365371
67.0	33.688300105299284	13.9548403816924	17.651288923962706	34.70440319119875	0.0011673978468514114
68.0	34.4864946702561	15.588732074507597	23.087986903922673	26.83560354086137	0.0011828104522594045
69.0	31.44979591440774	16.95571718563179	20.59700189412772	30.99675742796373	7.275778690214319E-4
70.0	32.5210480761665	16.137382956959634	22.139953313924515	29.20109109030346	5.245626458939859E-4
71.0	26.326504136437574	19.48433409508983	25.217466510988917	28.971362612724995	3.326447586828598E-4
