# Position (bp)	A	C	G	T	N
0.0	25.91278217078704	24.250495034274394	23.959496297545083	25.87722649739348	0.0
1.0	26.14974078625938	20.198649034487755	15.531451012898966	38.1201591663539	0.0
2.0	28.331574682276834	19.200868459778032	18.613705324605224	33.85385153333991	0.0
3.0	22.66571684781807	22.55851848259314	15.377877987360694	39.3978866822281	0.0
4.0	33.775433893995846	13.373105595744118	14.802172631797847	38.04928787846219	0.0
5.0	34.36333598558985	15.059373394401874	23.1920715189633	27.385219101044978	0.0
6.0	30.655593060075642	17.475938856859564	21.178316334690024	30.690151748374767	0.0
7.0	34.72092422376638	17.166722307071062	20.17330320088918	27.939050268273373	0.0
8.0	22.672111263483636	26.97028252664742	22.447254895689234	27.91035131417971	0.0
9.0	27.760334622058387	18.810021669771867	15.888987897712282	37.540655810457466	0.0
10.0	26.017769612742786	16.714085951430924	25.29690985854677	31.97123457727952	0.0
11.0	28.126324374895052	18.003302441247733	19.899020162483307	33.971353021373915	0.0
12.0	25.90248652635956	19.7283382243581	21.46729243796928	32.90188281131306	0.0
13.0	26.60266854044891	20.843961650101154	18.72459948904117	33.82877032040877	0.0
14.0	30.716101999856065	18.41523301001927	20.19989065161244	30.668774338512222	0.0
15.0	29.97826275997729	18.428414288455848	19.92065994850431	31.672663003062556	0.0
16.0	29.58438616972789	17.620458143756146	18.948418846304545	33.84673684021142	0.0
17.0	30.312517491743897	18.04279630014633	19.752714218888684	31.891971989221084	0.0
18.0	30.934498916511405	17.591022037598254	18.88716026035711	32.58731878553323	0.0
19.0	29.71793563438057	18.347377537802156	20.03926646622794	31.895420361589327	0.0
20.0	29.706153695455743	17.870715022509376	19.804714674673555	32.618416607361326	0.0
21.0	29.284390267793604	18.342579802333297	19.570125400810817	32.80290452906228	0.0
22.0	29.576527379077078	19.252950107549236	22.25022289479366	28.92029961858003	0.0
23.0	29.777007752340896	20.107059467931137	21.135149209573083	28.980783570154887	0.0
24.0	32.116828357015486	19.442897952166575	18.502829164634292	29.937444526183643	0.0
25.0	29.225730455225136	21.28370409166873	19.367158701093086	30.12340675201305	0.0
26.0	31.767643172422616	16.875747147346452	21.75078363012658	29.60582605010435	0.0
27.0	26.041933207526046	21.0741529997841	25.031047845416964	27.852865947272885	0.0
28.0	26.246774022661302	19.768056977106806	18.555042020166482	35.43012698006541	0.0
29.0	27.51355110387897	20.184835257758337	17.631490436513968	34.67012320184873	0.0
30.0	26.637606350931257	19.109772406250283	16.39239145363064	37.86022978918781	0.0
31.0	33.98631578496766	14.42255175961671	18.306465076470094	33.284667378945535	0.0
32.0	33.78796244888182	16.068934559594485	22.646444894881025	27.49665809664267	0.0
33.0	31.142375841066016	17.99068341732842	20.60164866457962	30.265292077025947	0.0
34.0	33.37120451803883	16.741365049731332	21.869676539622343	28.017753892607487	0.0
35.0	26.234206206921286	20.48564408101579	25.488525806385002	27.79162390567792	0.0
