# Position (bp)	A	C	G	T	N
0.0	26.951598697432562	21.60268751068771	27.26602420892564	24.179689582954094	0.0
1.0	26.903411528260246	20.12580797672224	17.716435538015293	35.25434495700222	0.0
2.0	27.832665018236664	19.893552995090964	18.863888506188864	33.409893480483504	0.0
3.0	25.099139530109245	22.091636981836125	17.18346485904358	35.62575862901106	0.0
4.0	31.96600008947345	16.10897866058247	16.836934639645683	35.08808661029839	0.0
5.0	32.60252130150979	17.317041919662877	22.07811621334966	28.002320565477675	0.0
6.0	31.390932826964157	18.057469594822	20.59758175653893	29.95401582167492	0.0
7.0	31.62288516839264	18.90019935430376	20.016407035619142	29.460508441684457	0.0
8.0	25.482055523907448	24.078702078839644	20.941306774791492	29.497935622461412	0.0
9.0	29.428129666489777	18.992646449545052	17.2051219215492	34.37410196241597	0.0
10.0	27.658318309109525	18.128466366005952	22.510957549738553	31.70225777514597	0.0
11.0	28.502809577761607	18.839412675785827	19.372606925181888	33.28517082127068	0.0
12.0	27.834842701043023	19.601463508297854	20.91611955390125	31.647574236757876	0.0
13.0	27.866476216978793	21.121246118648276	18.718022329110447	32.29425533526249	0.0
14.0	29.994348263191345	18.893527264788272	20.011197833676956	31.100926638343424	0.0
15.0	29.970076217633906	18.92168770132545	19.537237506820862	31.570998574219782	0.0
16.0	29.79183529825796	18.417561147281365	18.99190568361781	32.798697870842865	0.0
17.0	29.490352965185522	18.953824068063184	19.548989906986645	32.006833059764645	0.0
18.0	30.56632243904498	18.421395106715252	19.234773555439872	31.777508898799894	0.0
19.0	29.791928550708075	18.84721208871386	19.41103561036929	31.949823750208772	0.0
20.0	29.658785731359234	18.724778897934506	19.341333783270763	32.27510158743549	0.0
21.0	29.791731831009677	18.287252624439002	19.894073529980282	32.02694201457104	0.0
22.0	29.483343552731217	19.098034186082057	19.044448231575657	32.37417402961107	0.0
23.0	29.569204015492843	18.411544102793805	19.800806260374674	32.218445621338674	0.0
24.0	29.889188064137084	19.002956038802623	19.263431709883147	31.84442418717715	0.0
25.0	29.643664919994944	18.91410168158128	19.446005366449853	31.996228031973928	0.0
26.0	29.98798984404356	18.387127360329263	19.876281346682635	31.748601448944548	0.0
27.0	29.07980609014596	18.958006682550746	19.843629014841724	32.118558212461565	0.0
28.0	29.54823962331064	18.894686390657206	19.749330224686357	31.8077437613458	0.0
29.0	29.1031884526121	18.96112833512986	19.693022341288373	32.24266087096967	0.0
30.0	29.77144131190826	19.142645971914266	19.253422938029853	31.83248977814762	0.0
31.0	29.68511346519149	18.84772174255006	19.340697539685607	32.12646725257285	0.0
32.0	29.315947759006022	18.99696448855407	19.325621366910642	32.36146638552926	0.0
33.0	29.69252296904161	18.782030686253336	20.16377238307428	31.36167396163077	0.0
34.0	29.62416074388291	18.991944545888696	19.751137736326093	31.632756973902293	0.0
35.0	29.529231396763556	19.150907569289625	19.48267495586984	31.83718607807698	0.0
36.0	30.013118160288073	18.487625789070545	19.54711532535679	31.952140725284593	0.0
37.0	29.350958062502425	19.432992054059202	18.993549433767956	32.22250044967041	0.0
38.0	29.650843440310986	18.652473626484255	19.709533674912972	31.987149258291787	0.0
39.0	29.26284398314708	18.898687920305928	20.303982227316304	31.53448586923069	0.0
40.0	29.643531524892918	19.176211344497624	19.931873496558246	31.24838363405121	0.0
41.0	29.62556218896646	18.94632259666989	19.640731311375067	31.78738390298858	0.0
42.0	29.863823254524714	19.57700631487674	19.888485744441166	30.67068468615738	0.0
43.0	29.93186262908108	19.04020442990784	19.34076337344938	31.687169567561703	0.0
44.0	29.92981092796441	19.12732418867279	19.494845434323846	31.448019449038956	0.0
45.0	29.688492984397875	19.48659359491592	19.676889571209255	31.148023849476953	0.0
46.0	29.454725539168976	19.259904207332664	19.508235702166687	31.777134551331677	0.0
47.0	29.436111896825196	19.11755754709212	19.49887752288815	31.947453033194527	0.0
48.0	29.985211740981406	18.739861079991037	19.918799014116065	31.356128164911496	0.0
49.0	30.11339260551687	19.05918422663443	19.59320829092554	31.23421487692316	0.0
50.0	29.777170542287262	18.885762824603823	19.716856477694584	31.620210155414334	0.0
51.0	30.18073731607156	19.163304509701195	19.695848568810344	30.960109605416896	0.0
52.0	29.75131357353307	19.53338838862303	19.43674111151581	31.27855692632809	0.0
53.0	30.567199004552837	18.827893469816026	19.309543976117936	31.2953635495132	0.0
54.0	29.685174233011217	18.93421883167031	20.144363719888805	31.236243215429667	0.0
55.0	29.66362794943642	18.826583009869644	18.970760572870347	32.53902846782359	0.0
56.0	29.667505264666243	18.91833554923937	19.893999278092277	31.52015990800211	0.0
57.0	29.089436239831013	18.791218571265105	19.99742085943502	32.12192432946886	0.0
58.0	29.51443137525941	18.86109539858387	19.753769036156193	31.870704190000527	0.0
59.0	29.64712824977506	18.582866759677835	19.94106054590028	31.82894444464682	0.0
60.0	29.56175618583406	19.019022671054454	19.779345771888476	31.63987537122301	0.0
61.0	29.819228134277232	18.991185202100937	19.907193423155974	31.28239324046586	0.0
62.0	29.63552530464376	18.889925714494822	19.6313170124785	31.843231968382916	0.0
63.0	29.289960345674302	18.802637269202297	20.14216185708317	31.765240528040227	0.0
64.0	29.076007164669953	19.20293046746535	19.702842377260982	32.01821999060371	0.0
65.0	29.505412707456486	18.38739914352405	20.00128655185723	32.10590159716224	0.0
66.0	29.594323473651272	18.726094719210735	20.478933902703897	31.2006479044341	0.0
67.0	29.314059991410314	18.294375597914144	20.014340723045247	32.3772236876303	0.0
68.0	29.060477514297002	18.76257563842709	19.746659725837237	32.430287121438674	0.0
69.0	29.643104739191923	18.574822291857316	19.878908885869315	31.90316408308145	0.0
70.0	29.051363275341448	18.767784971479244	20.000259195420387	32.18059255775893	0.0
71.0	29.49080202759577	18.513491966374836	20.115767264043548	31.879938741985843	0.0
72.0	29.97536383366225	18.62174851802413	19.784122575602584	31.618765072711035	0.0
73.0	29.563646232605517	18.56947940173768	19.42586595979612	32.441008405860686	0.0
74.0	29.46669371695104	18.847471760061495	19.65953866856763	32.026295854419836	0.0
75.0	29.680193386177812	18.527312815561846	19.962985259336158	31.829508538924188	0.0
76.0	29.41074371373488	18.919357758612644	19.583584510209757	32.08631401744272	0.0
77.0	29.561326951864263	18.44471314225057	20.404379815769655	31.589580090115515	0.0
78.0	29.49627497618642	18.776889694007213	19.770229377628148	31.95660595217822	0.0
79.0	30.092237821066497	18.489720438649577	19.405166292256933	32.012875448026996	0.0
80.0	30.260119564585324	18.513189808310244	19.41376962339219	31.81292100371224	0.0
81.0	29.657996055967693	18.776598741665886	19.716780918396093	31.848624283970327	0.0
82.0	30.14582961159115	18.7045516515133	19.01802420151001	32.131594535385545	0.0
83.0	29.879421887826958	18.682452533194756	19.57982180648757	31.858303772490714	0.0
84.0	30.08527060172049	18.561013820888377	19.41881005751948	31.934905519871652	0.0
85.0	29.72086377646453	18.354023023217625	19.594649432913123	32.33046376740473	0.0
86.0	29.797016764400734	18.48241637170065	19.77957392607487	31.940992937823747	0.0
87.0	29.775587049896874	18.674903971692935	19.93074608791084	31.618762890499347	0.0
88.0	30.184661378357845	18.682494965244558	19.38158236253649	31.751261293861106	0.0
89.0	30.05312943970349	18.821971802133145	20.010697966437977	31.114200791725388	0.0
90.0	30.196117902429116	18.550015097679136	19.74662486160461	31.507242138287143	0.0
91.0	29.949458648503725	18.517187482173618	19.663209775130916	31.870144094191737	0.0
92.0	29.16944318575579	18.758543745882818	19.55837163343094	32.51364143493045	0.0
93.0	29.67474948104405	18.703000890183393	20.52530351060119	31.09694611817137	0.0
94.0	29.975147169984197	18.708912660054516	19.38215330111246	31.93378686884883	0.0
95.0	29.575429778206736	18.696570374688235	20.257054669507966	31.470945177597066	0.0
96.0	30.03809848199268	18.879127734202335	20.10704314830088	30.97573063550411	0.0
97.0	29.52637326844596	19.06807426283218	19.67371103404671	31.731841434675147	0.0
98.0	29.577140577163597	18.586516991874287	20.147014816576764	31.689327614385356	0.0
99.0	30.136112823644872	18.752532789419806	19.958476658004766	31.152877728930555	0.0
100.0	29.86325345232142	18.5936838866023	19.813824672077548	31.729237988998733	0.0
101.0	29.597642481557813	18.43313623143743	20.660644465417285	31.308576821587476	0.0
102.0	29.790225434852623	18.605270111029895	19.947001884248873	31.657502569868605	0.0
103.0	29.620367080198374	18.61414093036909	19.99320221854867	31.772289770883866	0.0
104.0	30.32248957777417	18.296323796706655	19.436194321337137	31.94499230418204	0.0
105.0	30.040059867138325	18.761919698263426	19.992758632039763	31.205261802558486	0.0
106.0	29.115725392116946	18.64072587681033	19.887357257798715	32.356191473274	0.0
107.0	29.46893945129373	18.457930772082875	19.75602701406805	32.31710276255535	0.0
108.0	29.15063806626559	18.85565998308857	20.705809172992254	31.287892777653585	0.0
109.0	29.204361433776587	18.75642303260565	20.069641244433374	31.969574289184393	0.0
110.0	29.508937968239614	18.35148472398712	20.627879600539476	31.511697707233786	0.0
111.0	29.603550365145843	18.717871654456104	19.979976502640525	31.698601477757528	0.0
112.0	29.23246196901237	18.736026641234503	19.299455918450306	32.73205547130282	0.0
113.0	30.168963418333693	17.94010635320459	19.752847208766607	32.13808301969511	0.0
114.0	29.811060386582326	18.420583225361305	19.63803725475975	32.13031913329662	0.0
115.0	29.921160913402645	18.244888023369036	20.213313126236766	31.620637936991553	0.0
116.0	29.772203565782956	18.66471888197683	19.673739510668252	31.889338041571964	0.0
117.0	30.159489821642403	18.59775792525367	19.633910001890715	31.60884225121321	0.0
118.0	29.84704194952956	18.468407148959002	19.55882265901975	32.12572824249168	0.0
119.0	30.17170164073092	18.444487484041314	19.11979193429171	32.264018940936054	0.0
120.0	30.419229482461336	18.002696276881107	20.07657267970725	31.501501560950306	0.0
121.0	30.17762390843981	18.205161761090093	19.563613867275798	32.0536004631943	0.0
122.0	29.73945133432378	18.329771429025417	19.690908802008437	32.23986843464237	0.0
123.0	29.382450304776153	18.997183008928427	19.70322123724794	31.917145449047474	0.0
124.0	29.273367158634816	18.92330318816088	19.298556778279533	32.50477287492477	0.0
125.0	29.286397367837868	18.908083956069405	19.780546676755556	32.02497199933717	0.0
126.0	29.94330056699433	18.68341316586834	19.5850041499585	31.788282117178827	0.0
127.0	30.036266730784643	18.352969463813416	19.202332291416205	32.40843151398573	0.0
128.0	29.78106644290182	17.96214733951363	20.26149170316898	31.99529451441557	0.0
129.0	29.26871948975097	18.47420092564098	19.787838742962656	32.469240841645394	0.0
130.0	29.70729681900454	18.5145545356698	19.642072504605608	32.13607614072005	0.0
131.0	29.382170995098328	18.846703033705822	19.944379030450158	31.826746940745693	0.0
132.0	30.646143882125543	18.24301486586316	19.32703886983009	31.783802382181204	0.0
133.0	30.05636036562241	18.7287178270331	19.70645558401629	31.508466223328202	0.0
134.0	30.412066306156916	18.286826762260684	19.33197989761848	31.96912703396392	0.0
135.0	29.316051137810167	18.362807976585938	20.254304085444215	32.06683680015968	0.0
136.0	28.015581688452023	19.436460905854165	20.11116354031976	32.43679386537405	0.0
137.0	30.502307600954982	18.191143890283506	21.71970531505817	29.586843193703345	0.0
138.0	30.200460611932396	20.132477246509488	20.078287607404274	29.58877453415384	0.0
139.0	30.680644431184547	19.22758790971379	19.550626530318308	30.541141128783355	0.0
140.0	29.04341184484858	21.53706417851908	19.12040955349586	30.29911442313647	0.0
141.0	31.806697911170428	16.697600794562213	20.113597566653215	31.38210372761414	0.0
142.0	27.95541701147137	20.54185669812945	24.53744319796249	26.9652830924367	0.0
143.0	27.862147832415012	19.87337561077035	18.69404303981703	33.57043351699761	0.0
144.0	28.163117494248684	20.0576910597697	19.266846270909348	32.51234517507227	0.0
145.0	26.540033377851202	20.98711513670783	17.437922893365997	35.03492859207498	0.0
146.0	32.23730810872899	15.918600025950655	17.526477113436272	34.31761475188408	0.0
147.0	33.8191543708868	16.62473866548753	22.550968279249073	27.005138684376597	0.0
148.0	31.070120299122138	18.122683429066868	20.3112604313428	30.495935840468192	0.0
149.0	33.0379780150368	17.865633800345655	21.160746400905367	27.935641783712178	0.0
150.0	22.75297246887293	26.717043401434637	21.931175688278177	28.59880844141426	0.0
