# Position (bp)	A	C	G	T	N
0.0	26.557172084564673	24.102068651966356	25.77479730241722	23.565961961051755	0.0
1.0	26.495807029115237	21.20983699236785	15.650617167624612	36.6437388108923	0.0
2.0	26.75802515487141	20.850384831987988	17.90125774357049	34.49033226957011	0.0
3.0	24.249448536284444	21.83796313605264	15.52136688226717	38.39122144539574	0.0
4.0	33.59132839616163	15.407316665738627	14.635187556842439	36.36245522207992	0.0037121591773855264
5.0	35.25928119332272	14.836954510123256	22.42291890291298	27.47714402043158	0.0037013732094607096
6.0	31.27014829142489	17.481808971170672	21.385281385281385	29.86091922262135	0.0018421295017039697
7.0	35.17262864682598	17.4974343937839	20.151004251576015	27.178932707814102	0.0
8.0	24.594540235139238	26.89656433416833	21.456912471887513	27.05198295880492	0.0
9.0	28.069663003395522	18.78308810106247	16.75855270364015	36.38687064149841	0.0018255504034466394
10.0	26.85892411178154	17.372441074065296	25.637566764496782	30.127422206828662	0.0036458428277156975
11.0	27.137966200466202	19.63869463869464	20.387164918414918	32.83617424242424	0.0
12.0	27.197292280816683	20.224187502274628	20.904756705608328	31.67376351130036	0.0
13.0	26.033846545362003	22.28018831912457	19.064584734517297	32.62138040099613	0.0
14.0	29.845672840964866	20.202497591478377	20.32792249104757	29.623907076509187	0.0
15.0	29.398505807718177	19.19364513842183	19.56083107629106	31.847017977568935	0.0
16.0	29.16946903459182	18.099358333484812	19.71715776271063	33.01401486921273	0.0
17.0	29.93110719284533	18.77737989202552	20.79508479813862	30.496428116990533	0.0
18.0	31.948812098958427	18.453820006180358	18.64650173595332	30.950866158907896	0.0
19.0	30.410993765110067	18.873720756912	20.34246450838893	30.372820969589004	0.0
20.0	30.22194753967244	17.16866922363805	21.10228491447476	31.50709832221475	0.0
21.0	28.6768581971534	17.93394288622689	19.297257011978985	34.09194190464072	0.0
22.0	28.08245323832549	19.48266773308127	20.5642302728446	31.870648755748643	0.0
23.0	30.031083562067145	17.343173431734318	20.246123643502443	32.37780161052842	0.0018177521676694599
24.0	30.22194753967244	18.230236489557015	19.65898969334521	31.888826277425338	0.0
25.0	28.945885517968478	18.439277988839002	19.635358915165508	32.97947757802701	0.0
26.0	30.45825532146947	17.668551069747153	21.29860214858306	30.574591460200317	0.0
27.0	29.165833530256485	18.628324214276624	20.315198225873885	31.890644029593005	0.0
28.0	30.02744805773181	17.484958100812538	20.653300129060405	31.83429371239525	0.0
29.0	29.720247941395673	18.44836674967735	19.277261738134623	32.554123570792356	0.0
30.0	30.2270620102896	18.03225044085298	18.992128274583234	32.746741323831515	0.001817950442670933
31.0	30.09090909090909	18.516363636363636	19.68	31.71272727272727	0.0
32.0	28.412438625204583	19.714493544280778	18.992544098927077	32.87870521913075	0.0018185124568103291
33.0	30.050381040723156	17.580618759207724	19.53583965369855	32.833160546370564	0.0
34.0	29.14407365624659	18.77979548018487	19.520361002947705	32.555769860620835	0.0
35.0	30.63076220903697	17.840255591054312	19.291647649475124	32.237334550433594	0.0
36.0	31.197018415667934	18.04662379421222	18.855963168664132	31.900394621455714	0.0
37.0	28.50796204545039	20.24791121999378	19.29539097208256	31.945079254803737	0.0036565076695248373
38.0	30.237367544517852	18.541022309254956	19.61713731447082	31.604472831756375	0.0
39.0	30.549801088969147	18.484976259005993	19.4107833611381	31.552606009496397	0.0018332813903606064
40.0	29.63556046383214	19.990796981409904	19.39812258420762	30.973679366832318	0.0018406037180195103
41.0	29.663166861100308	17.861970631261226	20.684036072070068	31.79082643556839	0.0
42.0	28.434944237918213	19.224907063197026	20.148698884758364	32.19144981412639	0.0
43.0	29.280901812209553	19.073925458651388	20.600586028629554	31.04458670050951	0.0
44.0	28.67510895793195	19.455303866369878	19.91358186341445	31.956005312283718	0.0
45.0	29.68207821438619	18.655162712182314	20.420144424645972	31.23886335927975	0.0037512895057676076
46.0	29.47576099210823	18.19052987598647	19.812100714017287	32.51972942502819	0.0018789928598271326
47.0	30.47929094296306	19.380515985773698	19.18292843567114	30.957264635592104	0.0
48.0	29.819765468873722	18.68896346291618	19.169714565815767	32.32155650239433	0.0
49.0	27.79865898573992	19.643025781471337	20.572292001133253	31.98602323165549	0.0
50.0	29.18293098874446	19.026414522302648	19.475499298897184	32.31326031758063	0.001894872475082427
51.0	30.764981523105643	17.82163130024001	19.00643834050821	32.406948836146135	0.0
52.0	28.59743245832535	18.746886376700516	20.653381873922207	32.002299291051926	0.0
53.0	30.398520715757844	18.712560432998828	19.687193019627482	31.20172583161585	0.0
54.0	29.86812081834706	18.929110105580694	19.487952972115867	31.71288239161542	0.00193371234095216
55.0	28.80500213600528	19.04928346731912	19.064818051186457	33.080896345489144	0.0
56.0	29.524496519992983	18.90706334197649	21.191975513227927	30.37646462480261	0.0
57.0	27.81114872136023	19.95734606429396	19.452542605020643	32.77896260932517	0.0
58.0	29.84166846514548	18.099236790990602	22.24685593203712	29.810276834938886	0.0019619768879122605
59.0	28.05487756869538	21.55342099047319	21.571136131013304	28.820565309818125	0.0
60.0	30.568861090218125	18.894738925616565	20.525711571196705	30.010688412968605	0.0
61.0	28.793518721261226	21.151740748850447	20.12460935167307	29.924159484045624	0.0059716941696359264
62.0	31.47427149393915	16.201733964839047	21.269165930801957	31.054828610419843	0.0
63.0	25.405120725976342	20.707745908280668	25.350429427969534	28.536703937773456	0.0
64.0	25.629014441762465	22.008345947715092	18.418361084973203	33.94427852554924	0.0
65.0	27.6914184265395	19.60942177081398	18.96327491174831	33.735884890898205	0.0
66.0	27.512280409624513	19.172008991757554	18.505952876529847	34.807676296728005	0.0020814253600865873
67.0	33.509600251809886	14.281817227992866	18.30657853320743	33.897807155597526	0.004196831392298815
68.0	33.82547189910094	16.700754186373516	22.84289914355107	26.62661383101112	0.004260939963355916
69.0	31.746517679473442	16.9841026874549	20.937657169097548	30.33172246397411	0.0
70.0	31.240583804143125	16.946798493408664	24.500941619585685	27.311676082862522	0.0
71.0	25.922484337999464	20.128293516381405	24.98726057372381	28.96196157189533	0.0
