# Position (bp)	A	C	G	T	N
0.0	48.140329090344615	15.03880782365725	19.261099037565973	17.559764048432164	0.0
1.0	19.143123253647936	43.582738280037255	19.92548897857808	17.34864948773673	0.0
2.0	23.283341596430343	39.56370847793753	14.27243430837878	22.880515617253348	0.0
3.0	46.55973245804174	16.616089676100824	16.151607109679816	20.67257075617762	0.0
4.0	48.657676605220836	14.703699121613262	13.936657181739454	22.70196709142645	0.0
5.0	21.91882374745166	40.242169642305555	14.43751158336937	23.401495026873416	0.0
6.0	21.967314215232808	39.056429232192414	17.02127659574468	21.954979956830094	0.0
7.0	48.06058367196158	14.714936584164512	14.948897918975495	22.27558182489841	0.0
8.0	46.29333661175313	16.867469879518072	13.10548315711827	23.733710351610522	0.0
9.0	20.44659836819827	39.126433961106684	14.80277283602233	25.62419483467272	0.0
10.0	18.790140069729038	14.239403021591535	15.426019940057495	51.54443696862193	0.0
11.0	19.004884004884005	15.732600732600732	14.26129426129426	51.001221001221	0.0
12.0	19.746465138956605	14.663578742077036	14.517308629936615	51.07264748902974	0.0
13.0	22.037093341441167	38.5162663423533	15.925813317117665	23.52082699908787	0.0
14.0	21.884110787172013	14.522594752186588	40.7555879494655	22.8377065111759	0.0
15.0	44.90970791419222	15.767785722942673	17.306993091746456	22.015513271118653	0.0
16.0	20.4864472410455	16.626331074540175	15.863988383349467	47.02323330106486	0.0
17.0	22.242369295859778	38.91205802357208	14.959202175883954	23.886370504684194	0.0
18.0	19.359314671814673	17.308156370656373	15.938706563706564	47.39382239382239	0.0
19.0	21.80591530630685	40.461417986868256	15.131618577194144	22.601048129630747	0.0
20.0	20.17074490470751	16.990320447303553	15.63758792761378	47.201346720375156	0.0
21.0	20.36837053035757	16.36669066474682	17.92656587473002	45.33837293016559	0.0
22.0	21.438840301904875	13.861267521265125	39.69090691266323	25.008985264166768	0.0
23.0	22.0939276099312	14.651510619204307	15.495064313490877	47.75949745737362	0.0
24.0	46.26090072870625	13.725958666825946	15.308804204993429	24.704336399474375	0.0
25.0	21.46437522377372	14.005251223296336	38.095238095238095	26.43513545769185	0.0
26.0	47.49612495528795	14.200548467866936	14.832478836294266	23.47084774055085	0.0
27.0	19.85591807573232	18.575851393188856	12.866158609192665	48.702071921886166	0.0
28.0	22.564925417483806	37.16645866761752	12.783027277589587	27.48558863730909	0.0
29.0	23.12759643916914	12.367952522255193	14.759643916913948	49.74480712166172	0.0
30.0	23.26273203236554	13.820799619228938	37.48215135649691	25.434316991908617	0.0
31.0	23.79703058851589	12.99862858505754	13.684336056287638	49.52000477013893	0.0
32.0	22.074659009332375	13.783201722900214	14.05240488155061	50.0897343862168	0.0
33.0	23.7803412641192	39.36553713049747	13.091804854602259	23.76231675078106	0.0
34.0	26.356635783900856	12.06834315966791	13.963421970881965	47.61159908554927	0.0
35.0	22.526875226476626	38.36816040584612	13.969078391110038	25.135885976567216	0.0
36.0	23.32828129736284	15.186420127311306	14.943922400727494	46.54137617459836	0.0
37.0	46.86166971358928	15.405240706886044	15.685557586837295	22.047531992687386	0.0
38.0	45.77348572825622	16.368192653260802	13.25713587189047	24.601185746592506	0.0
39.0	46.96163025518634	14.974603757419985	14.001591089896579	24.062174897497094	0.0
40.0	20.360840721681445	39.3514787029574	15.183830367660736	25.103850207700418	0.0
41.0	22.36751977084501	13.244909396600038	40.84314091786537	23.544429914689584	0.0
42.0	49.0357610934282	13.836360232166262	14.622729825875306	22.505148848530236	0.0
43.0	48.695706832610476	16.0035200201144	13.156075177572443	22.144697969702683	0.0
44.0	24.443457855013637	38.897697723092534	12.672036531997211	23.986807889896617	0.0
45.0	29.710201227565847	15.64757983062699	17.481159195089738	37.16105974671743	0.0
46.0	29.17789757412399	16.745283018867923	20.24932614555256	33.82749326145553	0.0
47.0	32.27805126464098	17.31454761500594	18.324562892547956	32.08283822780513	0.0
48.0	28.117546848381604	19.69335604770017	19.037478705281092	33.15161839863714	0.0
49.0	28.575087509604714	18.64594894561598	18.48373601980705	34.295227524972255	0.0
50.0	27.25327398784559	21.980655653513654	18.847898656167082	31.91817170247368	0.0
51.0	30.78838886980419	18.206801786327723	18.464445207832362	32.54036413603573	0.0
52.0	28.840854288666897	18.945918015845677	21.701687909059594	30.511539786427832	0.0
53.0	29.59668365143795	19.224458070645134	20.278089645047068	30.900768632869852	0.0
54.0	29.771586779719673	22.24433292957259	18.627790275134107	29.356290015573627	0.0
55.0	30.591505254929206	18.995917658299312	17.95361764961348	32.458959437158	0.0
56.0	27.33368164402647	19.096133751306166	21.125043538836643	32.445141065830725	0.0
57.0	31.064313177210767	19.241523942677386	20.11534428521496	29.578818594896887	0.0
58.0	29.336488736962046	21.675869927250417	18.871066701726708	30.11657463406083	0.0
59.0	25.931131412508783	20.335558678847505	21.389669711876316	32.343640196767396	0.0
60.0	29.39519323884145	17.607183730962234	20.292279249933973	32.705343780262346	0.0
61.0	31.161273256326606	17.97901419627899	21.700026452693766	29.159686094700643	0.0
62.0	31.585914747153826	18.903891977760125	20.13061512664372	29.379578148442327	0.0
63.0	30.80194949047408	18.94550287992911	20.948161276030127	29.30438635356668	0.0
64.0	26.730034645109708	19.836546149062805	22.892422492671226	30.54099671315626	0.0
65.0	29.18114586117794	18.381894324155752	19.843179185601	32.593780629065314	0.0
66.0	28.617305976806424	16.4049955396967	23.684210526315788	31.29348795718109	0.0
67.0	29.13836253128352	18.957811941365748	18.65391490883089	33.24991061851984	0.0
68.0	27.034050179211473	18.521505376344084	20.25089605734767	34.193548387096776	0.0
69.0	28.63301598706664	20.648464163822524	20.432908209089277	30.285611640021553	0.0
70.0	27.94555124853511	20.769854863427387	20.174885062652123	31.10970882538538	0.0
71.0	29.20809980112096	20.81902006870367	20.6291809799313	29.343699150244078	0.0
72.0	29.18101105272694	19.35133176300054	20.030802681645227	31.436854502627288	0.0
73.0	30.095411176737848	17.592003634711496	20.436165379373012	31.876419809177648	0.0
74.0	31.198177676537586	16.98405466970387	21.649202733485193	30.16856492027335	0.0
75.0	32.51371115173674	20.283363802559414	19.69835466179159	27.504570383912245	0.0
76.0	30.141129032258064	20.372067448680355	17.888563049853374	31.59824046920821	0.0
77.0	29.366320242803273	19.95769336889543	16.931849535546768	33.74413685275453	0.0
78.0	28.811059907834103	18.046082949308754	21.640552995391705	31.502304147465438	0.0
79.0	30.383834655840563	19.459309835763055	18.942609337516146	31.214246170880237	0.0
80.0	29.403067824801333	19.44187765662539	19.173905008316392	31.981149510256884	0.0
81.0	26.535148652403446	20.17227007502084	20.802074650365842	32.49050662220988	0.0
82.0	32.393059292938666	17.35176765333581	21.796418298227707	28.458754755497818	0.0
83.0	30.869363086936307	17.508135750813576	20.86471408647141	30.757787075778708	0.0
84.0	26.51691676763911	20.877994221269454	20.607698760369093	31.99739025072234	0.0
85.0	29.148359353089653	19.229690567448817	21.837898476208284	29.784051603253246	0.0
86.0	28.47508430123642	20.08242787560884	22.180591982015734	29.261895841139	0.0
87.0	29.629629629629626	18.44350679793718	22.11908110642288	29.807782466010313	0.0
88.0	32.021046697359765	19.56215352814056	16.874941275956026	31.541858498543647	0.0
89.0	30.664908645695988	16.406102844226787	18.788849124128838	34.14013938594839	0.0
90.0	29.52614687558996	15.86747215404946	21.71984141967151	32.88653955068907	0.0
91.0	29.16627325087338	18.723444433953357	18.449627041827966	33.66065527334529	0.0
92.0	29.219979148895842	17.52440526964269	18.747038195431713	34.508577386029756	0.0
93.0	30.87969567284831	17.203994293865907	20.589633856395626	31.326676176890157	0.0
94.0	30.222349460826415	17.139039984731365	19.40070617425327	33.23790438018895	0.0
95.0	30.238345936632527	16.598066430554226	20.62793146357806	32.53565616923519	0.0
96.0	30.812781882736783	14.883408502063142	19.892524709720757	34.41128490547932	0.0
97.0	29.274162495186758	17.78975741239892	20.65845206006931	32.277628032345014	0.0
98.0	30.799690940699247	20.56210160324512	17.172107398107013	31.46610005794862	0.0
99.0	28.047955138741177	19.655805859035098	20.506622836701148	31.789616165522578	0.0
100.0	32.80007756447547	17.9173938336242	17.452006980802793	31.830521621097535	0.0
101.0	31.143717811680112	20.172966669905744	19.45389175007288	29.229423768341267	0.0
102.0	29.568688540551065	16.395677149255185	19.277577645798853	34.7580566643949	0.0
103.0	29.21722113502935	20.009784735812133	18.561643835616437	32.211350293542075	0.0
104.0	27.622685865412873	17.99392692722108	21.010872759330006	33.37251444803604	0.0
105.0	28.4111045481394	17.98582398109864	20.81118330379996	32.791888166962	0.0
106.0	30.878718987842248	20.02569931797964	18.315706237026784	30.779875457151327	0.0
107.0	30.125979565519295	19.849221307409977	19.283801210197403	30.740997916873326	0.0
108.0	32.3617190608834	18.424194190210905	18.473935535216874	30.740151213688815	0.0
109.0	28.68263473053892	18.822355289421157	20.189620758483034	32.30538922155689	0.0
110.0	24.912456228114056	19.70985492746373	21.570785392696347	33.80690345172586	0.0
111.0	27.904179613110152	20.02605993785707	20.336774581537536	31.732985867495238	0.0
112.0	27.32295328980412	19.296835760924157	19.829231541938725	33.550979407332996	0.0
113.0	29.8639798488665	17.06801007556675	20.413098236775816	32.65491183879094	0.0
114.0	31.172776990074947	16.05225845655256	22.118695564107757	30.656268989264735	0.0
115.0	27.286569891381586	19.90660846614557	19.033600649680235	33.77322099279261	0.0
116.0	30.103911980440095	17.359413202933986	19.47840260798696	33.058272208638954	0.0
117.0	26.744304831954235	20.880580243130044	18.929410562876697	33.445704362039024	0.0
118.0	28.42795654847305	17.247386759581882	21.725763476122157	32.59889321582292	0.0
119.0	23.906105219808506	19.13929784824462	24.99742612992896	31.957170802017913	0.0
120.0	26.643955817074428	20.243625477443995	23.33023639929803	29.782182306183547	0.0
121.0	28.749093170276712	19.919162607524097	19.338791584620168	31.992952637579027	0.0
122.0	26.963024511840466	17.573743248857497	20.783132530120483	34.680099709181555	0.0
123.0	29.82803543512246	16.915059927045338	20.854611776967168	32.40229286086503	0.0
124.0	29.96340825927862	17.104025091479354	20.554103502352326	32.3784631468897	0.0
125.0	27.65778989305934	17.781505556720486	21.80750681484588	32.75319773537429	0.0
126.0	29.468700683850606	19.379274066280907	18.811152025249868	32.34087322461862	0.0
127.0	29.210165559422123	19.223874301381418	21.027101128334916	30.53885901086154	0.0
128.0	32.0367825811225	19.659655427544656	17.71482929922841	30.588732692104433	0.0
129.0	30.976359588678044	18.59429661825506	20.873529099968195	29.555814693098696	0.0
130.0	31.265271433124404	18.559439073621586	18.18761287581005	31.98767661744396	0.0
131.0	30.984566258648215	20.2980308674827	17.87120808940926	30.84619478445982	0.0
132.0	29.44876852542915	18.94658279134236	21.644098517965666	29.960550165262823	0.0
133.0	29.01155327342747	21.138211382113823	19.330338040222507	30.5198973042362	0.0
134.0	29.782889079965607	21.10920034393809	18.38993981083405	30.717970765262255	0.0
135.0	29.78975741239892	16.172506738544474	20.40970350404313	33.62803234501347	0.0
136.0	29.67330160103851	16.886629164863695	19.52617914322804	33.91389009086975	0.0
137.0	28.935662363024843	16.805902137354888	19.355538678528806	34.90289682109146	0.0
138.0	31.01348412353197	17.855589386689864	20.063070900391473	31.06785558938669	0.0
139.0	29.661941112322793	19.738276990185387	20.59978189749182	30.0	0.0
140.0	29.92996279273364	16.64478003939593	19.588531407310132	33.8367257605603	0.0
141.0	33.31505046072839	18.11101360245722	19.61386573058359	28.960070206230803	0.0
142.0	32.21085066578629	18.807087047430397	18.15780785737867	30.824254429404647	0.0
143.0	32.833020637898684	19.037633815252182	18.88312548283854	29.246220064010597	0.0
144.0	29.356479433878814	19.803184431667404	18.918620079610793	31.921716054842992	0.0
145.0	32.808340727595386	20.153061224489797	17.690771960958294	29.347826086956523	0.0
146.0	30.00667556742323	20.67200712060525	17.734757454383622	31.586559857587893	0.0
147.0	29.435393885293458	19.839321580004462	19.29256862307521	31.432715911626868	0.0
148.0	27.47596691258663	20.534317013190254	18.60049183992846	33.38922423429466	0.0
149.0	31.409681757059616	19.419542805916628	17.929179740026893	31.24159569699686	0.0
150.0	28.79128285778477	16.87261289597843	21.37721860256122	32.95888564367558	0.0
151.0	28.227078170759178	19.36246902455508	19.779229556206353	32.63122324847939	0.0
152.0	26.245059288537547	18.317334839073972	19.76284584980237	35.67476002258611	0.0
153.0	28.89845874886673	17.37307343608341	19.639619220308248	34.08884859474162	0.0
154.0	30.62663482315478	15.77391106562038	20.91436369839645	32.68509041282839	0.0
155.0	30.005711022272983	18.46944603083952	19.840091376356366	31.684751570531127	0.0
156.0	31.18341161645091	16.49673502119372	21.182266009852217	31.13758735250315	0.0
157.0	31.37028927048519	18.796819177134953	20.11063731704506	29.722254235334795	0.0
158.0	28.6871023713129	19.953730480046268	19.086176980913823	32.27299016772701	0.0
159.0	31.553905071370547	15.980039456887548	21.608448415922016	30.85760705581989	0.0
160.0	27.90019820450041	17.896700478022616	24.017721814154132	30.18537950332284	0.0
161.0	28.489595510872107	17.664250642974046	22.854804769698386	30.99134907645546	0.0
162.0	30.065666041275797	18.609287054409005	20.004690431519702	31.320356472795496	0.0
163.0	29.842315839020944	17.262885384796423	20.145916686279126	32.74888208990351	0.0
164.0	31.097992916174732	16.221959858323494	21.109799291617474	31.5702479338843	0.0
165.0	29.717260144327458	17.23648408848929	24.074293150360816	28.971962616822427	0.0
166.0	32.37563813368158	18.54446159325656	19.51798646562982	29.561913807432035	0.0
167.0	31.54258487194759	17.307921381774864	20.66706372840977	30.482430017867777	0.0
168.0	27.575902462347596	19.148936170212767	21.659096342338035	31.6160650251016	0.0
169.0	28.907563025210088	19.183673469387756	19.79591836734694	32.11284513805522	0.0
170.0	27.52977980989051	18.28901455901817	21.922752977980988	32.25845265311034	0.0
171.0	28.942284472349673	19.8502777106979	18.546244868389277	32.66119294856315	0.0
172.0	31.279506113061373	20.929669531533712	17.69761530081104	30.09320905459387	0.0
173.0	29.126685290902465	19.4339851815863	19.178914126077977	32.26041540143326	0.0
174.0	29.56151035322777	19.30572472594397	19.12302070645554	32.009744214372716	0.0
175.0	29.43908102163021	18.489551509226445	19.27166076011243	32.799706709030914	0.0
176.0	29.869970559371932	16.057409224730126	19.492149165848872	34.58047105004907	0.0
177.0	26.994091580502218	18.734613490891185	20.51944854751354	33.75184638109306	0.0
178.0	29.060145732987525	16.759293565518092	22.032851673459305	32.147709028035074	0.0
179.0	27.943913636927658	19.667452537535674	20.883484303263433	31.505149522273236	0.0
180.0	29.528782792490365	18.67462389655601	19.25898296655477	32.53761034439886	0.0
181.0	27.86373845769903	18.218118292987274	20.039930122286	33.8782131270277	0.0
182.0	32.31058234189105	15.190983093299938	20.50093926111459	31.99749530369443	0.0
183.0	30.47523258737742	19.109881820467688	21.196882071913503	29.218003520241385	0.0
184.0	32.91650877857775	18.921308576480993	18.61816344574965	29.544019199191613	0.0
185.0	28.789032749428788	20.931708555470934	21.26174155877126	29.01751713632902	0.0
186.0	31.04238258877434	17.805778286877942	20.096729031436936	31.05511009291078	0.0
187.0	30.79673135852911	19.343718079673135	20.339632277834525	29.519918283963225	0.0
188.0	31.82575272261371	17.20691864189622	18.949391415759127	32.01793721973094	0.0
189.0	31.196196839265067	19.259925478607222	19.426956186560453	30.11692149556726	0.0
190.0	31.15811194222337	19.628578798039722	18.08099045653856	31.13231880319835	0.0
191.0	28.504974802946116	17.314898565706162	20.46776069259594	33.71236593875177	0.0
192.0	31.586457387469192	17.109871578674277	19.302114411726553	32.00155662212998	0.0
193.0	26.810838978634706	16.558103178738925	22.433559145388223	34.197498697238146	0.0
194.0	27.322762416459177	18.280697156335997	20.84916786790722	33.5473725592976	0.0
195.0	25.8361864629971	21.16144324466684	20.805899394258624	32.19647089807743	0.0
196.0	31.041776837652037	16.34056054997356	17.31887890005288	35.29878371232152	0.0
197.0	29.850152499668482	18.472351147062724	19.586261768996156	32.09123458427264	0.0
198.0	29.619275825346115	20.433972310969118	18.23748668796592	31.709265175718848	0.0
199.0	29.659318637274552	20.534402137608552	19.131596526386105	30.67468269873079	0.0
200.0	27.403137149751977	18.94355811771015	20.525539616570587	33.12776511596729	0.0
201.0	30.763008897276894	18.846050148287947	18.293340523052034	32.09760043138312	0.0
202.0	32.44047619047619	18.763528138528137	18.614718614718615	30.181277056277057	0.0
203.0	33.057065217391305	17.092391304347824	20.16304347826087	29.6875	0.0
204.0	32.90569127883172	17.79718848096083	21.482189163368364	27.814931076839088	0.0
205.0	33.52949226768852	16.970028739564803	20.44614752976598	29.054331462980702	0.0
206.0	30.90859181992863	17.62283832006588	19.709031018391435	31.759538841614056	0.0
207.0	28.055172413793105	18.510344827586206	19.255172413793105	34.179310344827584	0.0
208.0	26.906574394463668	18.67128027681661	19.252595155709344	35.169550173010386	0.0
209.0	29.13134120917304	16.956219596942322	20.653231410701874	33.25920778318277	0.0
210.0	29.377268919296284	18.263055012566323	19.659313041049987	32.700363027087405	0.0
211.0	29.36563506511693	18.288755076319845	19.969191989917377	32.376417868645845	0.0
212.0	28.241588061382515	17.119526960439252	21.23046600028157	33.408418977896666	0.0
213.0	28.605803255484787	17.452229299363058	20.32554847841472	33.61641896673744	0.0
214.0	29.26205033413906	19.010379638845443	20.986776624484573	30.740793402530926	0.0
215.0	31.986291589318867	20.005711837783807	19.691560759674427	28.316435813222906	0.0
216.0	29.5526240321193	19.199885288213363	19.916833954688844	31.33065672497849	0.0
217.0	27.499639301688067	19.939402683595443	21.858317703073148	30.702640311643343	0.0
218.0	27.552204176334104	17.16937354988399	19.852088167053363	35.42633410672854	0.0
219.0	25.711782742006132	19.097678493210687	23.37567528106293	31.814863483720252	0.0
220.0	30.292346114294112	19.450565594241223	18.40752166887028	31.849566622594388	0.0
221.0	31.85108583247156	17.47673216132368	17.402866006795687	33.26931599940907	0.0
222.0	32.3188836104513	19.343824228028502	17.16152019002375	31.175771971496435	0.0
223.0	30.84042394387222	19.390953873712494	17.062248096730855	32.70637408568443	0.0
224.0	31.172331187303488	18.595598143434646	18.880071867045963	31.351998802215903	0.0
225.0	32.40030097817908	19.172310007524455	20.225733634311513	28.201655379984953	0.0
226.0	32.672518159806295	18.976997578692494	22.245762711864405	26.104721549636807	0.0
227.0	30.288753799392097	18.693009118541035	20.425531914893615	30.59270516717325	0.0
228.0	27.010529528460246	20.097665191515336	21.5016023195483	31.390202960476117	0.0
229.0	30.86344151867728	21.06552357624005	19.488671157379056	28.582363747703614	0.0
230.0	27.373271889400925	22.53456221198157	20.384024577572966	29.708141321044547	0.0
231.0	31.62037037037037	19.938271604938272	19.39814814814815	29.04320987654321	0.0
232.0	28.378588052754072	20.760279286268425	19.239720713731575	31.621411947245925	0.0
233.0	27.552294723696534	19.80955354355292	20.730565095223227	31.90758663752732	0.0
234.0	24.713635650400125	20.86929232700455	23.50541346304723	30.911658559548094	0.0
235.0	28.46772920940508	18.557677134290675	22.42385987060123	30.550733785703017	0.0
236.0	30.052306229196386	18.21207798383262	21.493105087969568	30.24251069900143	0.0
237.0	27.101611102249162	20.386026479502313	20.944329239113095	31.56803317913543	0.0
238.0	28.631105398457585	18.348329048843187	24.534061696658096	28.48650385604113	0.0
239.0	29.34993531694696	17.415912031047863	19.695989650711514	33.53816300129366	0.0
240.0	28.454886604666342	17.08272148800783	20.296948931310165	34.16544297601566	0.0
241.0	28.728827495477717	17.21756290083868	24.23943430356849	29.814175300115114	0.0
242.0	26.877274230896457	18.193847171683757	24.2474363215349	30.681442275884883	0.0
243.0	26.97883686052325	18.280286618896852	23.729378436927178	31.01149808365272	0.0
244.0	27.405541561712848	19.966414777497903	22.787573467674225	29.84047019311503	0.0
245.0	28.733299509555216	16.455268053441568	21.71486555048199	33.096566886521224	0.0
246.0	25.586171487249697	22.214615779565293	22.50556221119288	29.693650521992126	0.0
247.0	24.80390447969322	21.09116262855151	21.37005403521004	32.73487885654524	0.0
248.0	24.675090252707584	21.425992779783392	24.169675090252706	29.729241877256317	0.0
249.0	18.265524625267666	22.269807280513916	22.805139186295502	36.65952890792291	0.0
250.0	14.909949808089754	19.33864777088869	24.269264836138174	41.482137584883375	0.0
