# Position (bp)	A	C	G	T	N
0.0	26.36547786956814	23.920263281617302	23.640580294176907	26.073678554637652	0.0
1.0	26.748727248304117	20.39411646181745	15.50229028141581	37.35486600846262	0.0
2.0	29.081755309704683	19.592514128277426	17.73514828546816	33.59058227654973	0.0
3.0	23.330490632447905	22.716335647106547	15.037028293937688	38.91614542650786	0.0
4.0	34.300304638589076	13.104695515811265	14.92108799879702	37.67391184680264	0.0
5.0	35.218920143058774	14.78987269315579	23.28822272750826	26.702984436277177	0.0
6.0	31.47719760065883	17.309688041350178	21.040318569791847	30.172795788199146	0.0
7.0	35.2932427416708	17.012273903976684	20.05055342306141	27.643929931291105	0.0
8.0	22.638308782616924	26.88474262522074	22.884471467720513	27.592477124441828	0.0
9.0	27.784421733139407	18.52365480039385	15.521377480101133	38.17054598636561	0.0
10.0	26.80986556897099	16.46534117184338	25.088686624485117	31.636106634700507	0.0
11.0	28.129731413126574	18.405191189529024	19.359168915685455	34.10590848165895	0.0
12.0	26.256368677550107	19.794940496365886	20.942970342484006	33.0057204836	0.0
13.0	26.46691844938181	20.993590883738538	18.935411491574317	33.60407917530534	0.0
14.0	30.656758231543	18.36741707043853	20.44342305469663	30.532401643321837	0.0
15.0	29.65657634123963	18.68935619557973	20.026833853611194	31.627233609569444	0.0
16.0	30.2058582101323	17.77374322861329	18.603015351944315	33.417383209310096	0.0
17.0	30.549288580711973	17.836861177427615	19.56210748441683	32.05174275744358	0.0
18.0	31.75842282985068	17.892475312250614	18.961010370432017	31.388091487466685	0.0
19.0	30.204864860874054	18.474390046640433	19.943969732379628	31.376775360105885	0.0
20.0	29.73149366840525	17.959580081736537	19.96403807212387	32.34488817773434	0.0
21.0	29.294030709258084	18.437850902303428	20.210361840890954	32.057756547547534	0.0
22.0	29.86456219809398	19.003523033957105	22.727200117591075	28.404714650357842	0.0
23.0	29.790946963874976	20.431731065454333	21.137304358856817	28.640017611813878	0.0
24.0	33.0479109797981	19.54771734381093	17.777434729235143	29.626936947155833	0.0
25.0	29.525776406478517	21.048131127471546	19.53883089504124	29.8872615710087	0.0
26.0	32.30408031631462	16.675488234516337	22.069267317668395	28.95116413150065	0.0
27.0	26.529110167131016	21.21556417204004	24.78662790814741	27.468697752681543	0.0
28.0	26.849935130266346	19.755340762422403	18.700551510192902	34.69417259711835	0.0
29.0	28.19067473248366	20.150546107178357	17.278102219665765	34.38067694067222	0.0
30.0	26.789913823298217	19.106658531611846	15.987319644704709	38.11610800038523	0.0
31.0	34.44247797647385	14.353171406667586	18.35774961053943	32.84660100631913	0.0
32.0	34.56223465801333	15.611583373932108	22.460043737929112	27.366138230125447	0.0
33.0	31.5813937184327	17.31703695239294	21.078588456624363	30.022980872550004	0.0
34.0	33.501573334075914	16.53039103172915	21.78295988249911	28.18507575169583	0.0
35.0	26.552692009360047	20.12056010935501	25.78746350253503	27.53928437874991	0.0
