# Position (bp)	A	C	G	T	N
0.0	26.20255135526291	24.079371916724945	24.036227500083147	25.681849227928993	0.0
1.0	26.653663115183395	20.159824227644165	15.77331792302387	37.41319473414857	0.0
2.0	28.848305346568146	19.18318573327971	18.55421561977352	33.414293300378624	0.0
3.0	22.96509771849632	22.576105822177794	15.192173823110558	39.266622636215324	0.0
4.0	34.28193945294437	13.171747529351247	14.899522272992252	37.64679074471213	0.0
5.0	34.99967048205887	14.843040770858055	23.375853224312927	26.781435522770145	0.0
6.0	31.29476065049021	17.36114609347272	20.927023765080467	30.41706949095661	0.0
7.0	34.94977146262768	17.171447768324683	20.20832312615111	27.670457642896523	0.0
8.0	22.474996141397593	27.15024213161388	22.875359206556332	27.49940252043219	0.0
9.0	28.073373941242053	18.557220830978494	15.558482956248392	37.81092227153106	0.0
10.0	26.46615965436123	16.29337707412818	25.715693114252126	31.524770157258462	0.0
11.0	28.389514814388	18.02321556027712	19.896978191018185	33.69029143431669	0.0
12.0	26.143865719256137	19.61929683037952	21.512588244684387	32.72424920567995	0.0
13.0	26.585207026957775	20.79800498179499	19.00489921744553	33.61188877380171	0.0
14.0	31.019839541945366	18.31607830743182	20.551445463514185	30.112636687108633	0.0
15.0	30.03940949926957	18.543856610424232	20.05371450574581	31.363019384560392	0.0
16.0	29.81535753660382	17.59588253195164	19.234667202155574	33.354092729288965	0.0
17.0	30.56153418491711	17.785304831890297	19.799472285803862	31.853688697388733	0.0
18.0	31.318142285934975	17.608832714691832	19.149041881995082	31.923983117378107	0.0
19.0	30.01917915163192	18.47808210323849	20.017601207518283	31.48513753761131	0.0
20.0	29.879533397785217	17.907802519604115	19.943580447202244	32.26908363540842	0.0
21.0	29.252070591607133	18.494954144161987	20.00488104578591	32.248094218444976	0.0
22.0	29.951023927015253	19.017297349766952	22.55262823153639	28.479050491681406	0.0
23.0	29.770733461087	20.368912292759696	21.255344250590408	28.605009995562895	0.0
24.0	32.43645842174766	19.59427054472885	18.385728668599302	29.583542364924188	0.0
25.0	29.557549991040684	21.115272957879245	19.394014255321938	29.93316279575814	0.0
26.0	32.43703347426721	16.836468174638387	21.943498099681445	28.78300025141296	0.0
27.0	26.46736726465228	21.154905577526396	24.979395868224643	27.398331289596676	0.0
28.0	26.70152865061166	19.8453384747629	18.514425422473835	34.938707452151604	0.0
29.0	27.943768604386637	20.110759715684836	17.564185637074235	34.38128604285429	0.0
30.0	26.765747422891277	19.22389378522037	16.230256628254377	37.78010216363397	0.0
31.0	34.3836173002978	14.309453076145259	18.259357817805082	33.047571805751865	0.0
32.0	34.49111725033909	15.756867007793259	22.671277647924423	27.08073809394323	0.0
33.0	31.374636055671257	17.843865070415664	20.741658915863344	30.03983995804974	0.0
34.0	33.42894099156401	16.62252684361526	22.19612890126	27.752403263560733	0.0
35.0	26.36275601838099	20.339571722259418	25.95581317709198	27.341859082267618	0.0
