# Position (bp)	A	C	G	T	N
0.0	29.342610364683303	19.67370441458733	20.945297504798464	30.038387715930902	0.0
1.0	25.83973128598848	21.521113243761995	25.0	27.63915547024952	0.0
2.0	27.24443380416567	20.94804883887958	19.272204931769213	32.535312425185545	0.0
3.0	32.31284381726859	21.454197560392252	18.177469504903133	28.05548911743602	0.0
4.0	29.46663477636929	21.54986845252332	19.87562784022961	29.10786893087778	0.0
5.0	32.743362831858406	19.34943793350873	17.818703659411625	30.08849557522124	0.0
6.0	33.11812529890005	18.029650884744143	18.483978957436634	30.36824485891918	0.0
7.0	30.942132950741275	21.47297943567671	19.99043519846963	27.594452415112386	0.0
8.0	29.67479674796748	21.16212338593974	20.75561932089909	28.407460545193686	0.0
9.0	26.607697824527847	19.603155629930672	17.78627779105905	36.00286875448243	0.0
10.0	26.846760698063594	17.7384652163519	21.969878077934496	33.44489600765001	0.0
11.0	26.96629213483146	19.794405928759264	19.77049964140569	33.468802295003584	0.0
12.0	26.990198422185035	21.63519005498446	18.312216112837675	33.06239540999283	0.0
13.0	28.20941907721731	20.607219698780778	20.00956251494143	31.173798709060485	0.0
14.0	26.19502868068834	20.48279158699809	21.749521988527725	31.572657743785854	0.0
15.0	28.035372848948377	20.91300191204589	22.27533460803059	28.776290630975144	0.0
16.0	28.322179732313575	19.980879541108987	22.131931166347993	29.565009560229445	0.0
17.0	29.51015531660693	20.812425328554358	20.1194743130227	29.55794504181601	0.0
18.0	27.161968466316296	19.78021978021978	20.377448638318203	32.680363115145724	0.0
19.0	23.787914974922376	21.447336995462145	23.57296393599236	31.19178409362312	0.0
20.0	28.182469548602818	21.11296871268211	18.844041079531884	31.860520659183184	0.0
21.0	25.256869772998808	21.959378733572283	22.341696535244925	30.442054958183988	0.0
22.0	26.392541238345686	21.39612718144872	17.905809227826918	34.305522352378674	0.0
23.0	28.424575663399477	20.272531675830745	18.742529285202007	32.560363375567775	0.0
24.0	27.56394931867081	17.905809227826918	18.718622997848435	35.811618455653836	0.0
25.0	28.32895051398518	20.655032273487926	16.11283767630887	34.903179536218026	0.0
26.0	31.986612479081998	17.284245756633997	17.78627779105905	32.94286397322496	0.0
27.0	28.847992351816444	20.55449330783939	19.88527724665392	30.71223709369025	0.0
28.0	29.063097514340345	17.78202676864245	19.192160611854682	33.96271510516252	0.0
29.0	27.700764818355637	18.570745697896747	16.539196940726576	37.18929254302103	0.0
30.0	32.3845969863669	17.244678306625207	17.579526429083952	32.79119827792395	0.0
31.0	31.188710834728532	17.60344415211672	18.1296340588376	33.07821095431715	0.0
32.0	28.007653671370488	20.04305190145898	19.18201387227936	32.76728055489117	0.0
33.0	29.08004778972521	19.5221027479092	19.11589008363202	32.281959378733575	0.0
34.0	30.164795796513015	19.0112252209219	20.802483878672078	30.021495103893002	0.0
35.0	30.6039627596085	17.426593459059443	19.766053950823586	32.20338983050847	0.0
36.0	28.96305125148987	16.06674612634088	18.06912991656734	36.901072705601905	0.0
37.0	27.775131014768938	21.962839447355883	19.294902334444973	30.967127203430206	0.0
38.0	29.258994519895165	19.08506075768406	17.989039790326427	33.666904932094354	0.0
39.0	28.305932809149393	20.490826781034073	16.702406480819633	34.500833928996904	0.0
40.0	26.51262505955217	19.175797999047166	20.414483087184372	33.897093854216294	0.0
41.0	27.500000000000004	17.38095238095238	23.047619047619047	32.07142857142857	0.0
42.0	32.36623067776457	17.312722948870395	18.311533888228297	32.009512485136746	0.0
43.0	29.72202423378475	19.173200285103352	19.57709669755286	31.527678783559036	0.0
44.0	30.64861012116892	20.028510334996437	16.65478736041815	32.66809218341648	0.0
45.0	33.38091839162503	17.392338805615037	19.390911253866285	29.835831548893648	0.0
46.0	31.731684110371077	16.508087535680303	21.93149381541389	29.82873453853473	0.0
47.0	34.372026641294006	17.435775451950523	19.053282588011417	29.13891531874405	0.0
48.0	27.021883920076117	22.002854424357754	19.88582302568982	31.08943862987631	0.0
49.0	29.590865842055187	17.50713606089439	17.887725975261656	35.01427212178878	0.0
50.0	28.94862036156042	18.672692673644146	20.813510941960036	31.565176022835395	0.0
51.0	31.8830242510699	19.09177365668093	18.18830242510699	30.836899667142177	0.0
52.0	30.813124108416545	16.809320019020447	23.34759866856871	29.029957203994293	0.0
53.0	30.76557299096529	20.851165002377556	18.06942463147884	30.313837375178316	0.0
54.0	28.483119353304804	19.923918212077986	18.66381359961959	32.929148834997626	0.0
55.0	29.101283880171184	17.902995720399428	18.61626248216833	34.37945791726106	0.0
56.0	26.462196861626246	20.328102710413695	21.374227294341416	31.835473133618642	0.0
57.0	30.50404184498336	19.18687589158345	19.305753685211602	31.00332857822159	0.0
58.0	29.553019495958154	20.185449358059916	18.806466951973373	31.455064194008557	0.0
59.0	26.56361474435196	20.28537455410226	18.882282996432817	34.26872770511296	0.0
60.0	31.50261531145982	18.949120304327153	20.209224916785544	29.339039467427487	0.0
61.0	26.764915616829093	19.681483242215357	22.39125267411457	31.162348466840978	0.0
62.0	27.953410981697168	21.820774898977895	21.725695269788446	28.500118849536488	0.0
63.0	30.544330877109577	18.873306394105064	18.04135963869741	32.54100309008795	0.0
64.0	28.90420727359163	18.540527691942003	22.53387211789874	30.021392916567624	0.0
65.0	30.140242453054434	20.15688138816259	21.202757309246493	28.500118849536488	0.0
66.0	30.805799857380556	15.90206798193487	20.65604944140718	32.63608271927739	0.0
67.0	25.98050867601616	20.15688138816259	20.84620869978607	33.01640123603518	0.0
68.0	26.455906821963392	20.65604944140718	19.44378416924174	33.44425956738768	0.0
69.0	29.33206560494414	20.01426194437842	19.039695745186595	31.61397670549085	0.0
70.0	28.40503922034704	21.701925362491085	19.039695745186595	30.853339671975277	0.0
71.0	29.28452579034942	22.581411932493463	20.632279534109816	27.501782743047304	0.0
72.0	27.810791537913005	19.08723555978132	20.727359163299262	32.37461373900642	0.0
73.0	28.309959591157597	18.397908248157833	22.415022581411932	30.877109579272645	0.0
74.0	29.75992393629665	18.540527691942003	21.58307582600428	30.116472545757073	0.0
75.0	32.49346327549322	19.015925837889235	21.202757309246493	27.287853577371045	0.0
76.0	30.425481340622774	22.39125267411457	19.681483242215357	27.501782743047304	0.0
77.0	31.94675540765391	19.942952222486333	18.231518897076302	29.878773472783454	0.0
78.0	31.067268837651536	18.302828618968388	21.060137865462323	29.569764677917753	0.0
79.0	29.855003565486093	21.678155455193725	18.065129545994772	30.401711433325413	0.0
80.0	33.658188733063945	18.63560732113145	17.518421678155455	30.187782267649155	0.0
81.0	31.63774661278821	16.80532445923461	21.107677680057048	30.449251247920134	0.0
82.0	35.32208224387925	15.688138816258618	20.67981934870454	28.309959591157597	0.0
83.0	31.66151652008557	17.28072260518184	22.177323508438317	28.88043736629427	0.0
84.0	30.259091989541243	17.44711195626337	19.990492037081058	32.30330401711433	0.0
85.0	29.926313287378182	17.019253624910863	20.465890183028286	32.58854290468267	0.0
86.0	29.902543380080814	19.396244354647017	18.421678155455194	32.27953410981697	0.0
87.0	31.709056334680298	16.0684573330164	19.324934632754932	32.89755169954837	0.0
88.0	31.80413596386974	17.28072260518184	16.97171381031614	33.94342762063228	0.0
89.0	31.21730860675226	15.026153114598193	18.806466951973373	34.950071326676174	0.0
90.0	28.720874940561103	17.427484545886827	21.73086067522587	32.1207798383262	0.0
91.0	32.14455539705183	18.33095577746077	16.904422253922966	32.62006657156443	0.0
92.0	31.978126485972417	19.210651450309083	17.04707560627675	31.76414645744175	0.0
93.0	31.28863528292915	18.806466951973373	17.379933428435567	32.52496433666191	0.0
94.0	29.434141702330002	17.023300047551118	18.806466951973373	34.7360912981455	0.0
95.0	30.290061816452685	18.735140275796482	19.662387066096056	31.31241084165478	0.0
96.0	27.84117926771279	17.92677127912506	20.161673799334284	34.07037565382787	0.0
97.0	30.385164051355208	16.999524488825486	20.351878269139327	32.26343319067998	0.0
98.0	29.980979553019495	20.993818354731335	18.56871136471707	30.4564907275321	0.0
99.0	26.60485021398003	21.46932952924394	19.377080361388494	32.54873989538754	0.0
100.0	29.1151284490961	19.933396764985726	20.14747859181732	30.803996194100858	0.0
101.0	29.883416607185342	20.057102069950037	21.46086128955508	28.59862003330954	0.0
102.0	27.485101311084627	19.9523241954708	18.99880810488677	33.56376638855781	0.0
103.0	25.739503816793892	21.469465648854964	22.924618320610687	29.866412213740457	0.0
104.0	28.33611840534734	18.429219384101216	20.124134638338507	33.11052757221294	0.0
105.0	26.814708691499522	20.86914995224451	18.696275071633238	33.61986628462273	0.0
106.0	30.984233158146203	21.261347348303868	18.776875298614428	28.9775441949355	0.0
107.0	32.870481206607614	17.83576729710318	19.43978932248025	29.853962173808952	0.0
108.0	30.45977011494253	18.007662835249043	20.761494252873565	30.771072796934867	0.0
109.0	25.65947242206235	18.441247002398082	20.40767386091127	35.4916067146283	0.0
110.0	26.43319740945071	19.59702566562725	20.412568961381627	33.55720796354042	0.0
111.0	32.20379716414323	18.673395818312905	18.55323239605864	30.569574621485216	0.0
112.0	26.286676286676286	21.188071188071188	18.590668590668592	33.934583934583934	0.0
113.0	31.19884448724121	16.995666827154547	20.582571015888302	31.222917669715937	0.0
114.0	30.53214543703347	18.03515530941488	18.2037081627739	33.22899109077775	0.0
115.0	26.313253012048193	17.734939759036145	18.192771084337352	37.75903614457831	0.0
116.0	29.211858279103396	18.606893227283685	17.932031814895154	34.249216678717765	0.0
117.0	33.24493731918997	16.899710703953712	17.1648987463838	32.690453230472514	0.0
118.0	29.435872709739634	17.309546769527483	20.85342333654773	32.401157184185145	0.0
119.0	24.02315484804631	20.47756874095514	23.974915581283167	31.524360829715388	0.0
120.0	30.854659584741672	19.86962819893771	18.372766779333656	30.90294543698696	0.0
121.0	32.721121314644755	19.018849685838568	18.390526824552925	29.869502174963753	0.0
122.0	31.479690522243715	18.665377176015475	18.399419729206965	31.45551257253385	0.0
123.0	32.55926463473634	15.505563618771165	18.57764876632801	33.35752298016449	0.0
124.0	29.56690055649649	21.001693684974594	20.2516331962255	29.179772562303413	0.0
125.0	31.840193704600484	21.45278450363196	17.02179176755448	29.685230024213077	0.0
126.0	31.50883991281182	19.181399854686365	20.295471058367642	29.014289174134174	0.0
127.0	29.706808819966078	22.34068330506421	18.51223649139811	29.440271383571602	0.0
128.0	33.996120271580985	18.28322017458778	17.798254122211446	29.922405431619786	0.0
129.0	29.791363415817564	19.723435225618633	20.984958757884524	29.500242600679282	0.0
130.0	30.24271844660194	17.475728155339805	18.567961165048544	33.713592233009706	0.0
131.0	27.853326857697912	19.426906265177273	22.36522583778533	30.354541039339484	0.0
132.0	28.547133138969873	17.93002915451895	20.89407191448008	32.6287657920311	0.0
133.0	27.557715674362086	20.048602673147023	20.874848116646415	31.518833535844472	0.0
134.0	25.206611570247933	20.855614973262032	22.241127856101116	31.69664560038892	0.0
135.0	29.297349866277656	19.49914903963044	18.964259664478483	32.23924142961342	0.0
136.0	29.450389105058367	21.035992217898833	18.19066147859922	31.32295719844358	0.0
137.0	28.24817518248175	16.81265206812652	18.491484184914842	36.44768856447689	0.0
138.0	29.795520934761445	19.036027263875365	16.455696202531644	34.71275559883155	0.0
139.0	30.817916260954238	18.427458617332036	20.374878286270693	30.37974683544304	0.0
140.0	29.32715748415407	18.23500731350561	21.574841540711848	30.862993661628472	0.0
141.0	27.811661380824592	17.443278848499634	23.981458892412782	30.76360087826299	0.0
142.0	31.844802342606148	17.98438262567106	20.351390922401173	29.81942410932162	0.0
143.0	33.675213675213676	16.825396825396826	17.28937728937729	32.21001221001221	0.0
144.0	31.208791208791208	19.26739926739927	18.192918192918192	31.33089133089133	0.0
145.0	30.285993644585673	18.968467367391835	18.43070153996578	32.31483744805671	0.0
146.0	28.57841937851725	18.008319060435525	19.451920724247614	33.96134083679961	0.0
147.0	28.241650294695482	20.87426326129666	18.835952848722986	32.048133595284874	0.0
148.0	26.979832759468763	18.83915395966552	19.380226266601085	34.800787014264635	0.0
149.0	28.863188976377952	19.242125984251967	19.611220472440944	32.28346456692913	0.0
150.0	26.885165105963527	19.615574174470183	18.802365697387877	34.69689502217842	0.0
151.0	29.01873767258383	19.058185404339252	20.833333333333336	31.08974358974359	0.0
152.0	27.263755243029852	19.220330619294348	20.133234641006663	33.382679496669134	0.0
153.0	31.02000493949123	17.48579896270684	18.44899975302544	33.04519634477649	0.0
154.0	31.118274237540295	17.90230597570047	18.150260352095216	32.82915943466402	0.0
155.0	29.918134457950877	21.06177127263706	18.63061275117837	30.38948151823369	0.0
156.0	30.014895729890767	15.863952333664349	22.095332671300895	32.02581926514399	0.0
157.0	30.58180009945301	19.492789656887123	19.44306315266037	30.4823470909995	0.0
158.0	32.60382989306142	16.737130067147476	18.303904501367818	32.355135538423276	0.0
159.0	28.852377396066714	14.86183719193428	21.53348269853124	34.75230271346776	0.0
160.0	26.307922272047833	17.4638764324863	24.4892874937718	31.738913801694068	0.0
161.0	28.233241963618237	16.96984799401944	23.0750062297533	31.72190381260902	0.0
162.0	27.65475591343734	18.746854554604933	23.88022143935581	29.71816809260191	0.0
163.0	30.571644422059936	15.23545706371191	20.977083857970285	33.21581465625787	0.0
164.0	29.735182849936947	19.041614123581336	22.496847414880204	28.726355611601512	0.0
165.0	31.396817378125792	17.378125789340743	20.889113412477897	30.33594342005557	0.0
166.0	29.919069296914518	18.209408194233685	19.701568032372283	32.16995447647951	0.0
167.0	29.060913705583758	17.106598984771573	21.01522842639594	32.817258883248726	0.0
168.0	30.794617923330797	19.04036557501904	17.94871794871795	32.216298552932216	0.0
169.0	27.15265430530861	16.94183388366777	20.5994411988824	35.30607061214122	0.0
170.0	29.392321383168063	15.967454869056699	22.95957284515637	31.68065090261887	0.0
171.0	29.13165266106443	19.35319582378406	19.88795518207283	31.62719633307869	0.0
172.0	27.1523178807947	20.55527254202751	20.173204279164544	32.11920529801324	0.0
173.0	23.98674483813408	19.908233494774407	19.65332653581443	36.451695131277084	0.0
174.0	26.944728761514842	19.60081883316274	18.807574206755373	34.646878198567045	0.0
175.0	28.373879641485278	19.74391805377721	20.998719590268884	30.88348271446863	0.0
176.0	30.069213022301973	15.893360676749552	18.431171494488595	35.60625480645988	0.0
177.0	28.981790202616054	19.13311105411644	19.92818671454219	31.956912028725316	0.0
178.0	30.315465503975382	18.389330597589126	19.49217748140549	31.803026417030004	0.0
179.0	29.648627853295718	20.159015132085152	21.08232880225699	29.110028212362142	0.0
180.0	31.169830682401233	17.573114417650075	17.470497691123654	33.786557208825045	0.0
181.0	28.37699024139702	21.00667693888033	18.00205444273241	32.61427837699024	0.0
182.0	33.50462487153135	18.29393627954779	19.835560123329905	28.365878725590953	0.0
183.0	32.88763178194909	19.645152995628695	17.845204422730777	29.622010799691438	0.0
184.0	31.952662721893493	20.066889632107024	19.680987908412657	28.29945973758683	0.0
185.0	29.009009009009006	20.92664092664093	22.29086229086229	27.773487773487776	0.0
186.0	33.46233230134159	17.827657378740973	20.691434468524253	28.01857585139319	0.0
187.0	31.241897848068444	20.663728286232825	18.122893440497798	29.971480425200937	0.0
188.0	32.044628956927866	20.99117799688635	16.86559418785677	30.098598858329005	0.0
189.0	31.887821345105166	16.9306673591275	18.43676967021553	32.744741625551804	0.0
190.0	32.700312174817896	17.559833506763788	17.559833506763788	32.18002081165452	0.0
191.0	30.61702681593335	17.469409008070816	17.287164800833114	34.62639937516272	0.0
192.0	31.777893639207505	17.361835245046926	19.708029197080293	31.152241918665275	0.0
193.0	26.64741401942767	19.217642425833553	19.873982672617487	34.260960882121296	0.0
194.0	27.165043432482232	19.031324032640168	20.321137141352988	33.482495393524616	0.0
195.0	28.92866543827323	21.55830481705712	17.609897341405635	31.903132403264017	0.0
196.0	30.453108535300316	19.52054794520548	18.86195995785037	31.164383561643838	0.0
197.0	31.52345809172377	19.08276225619399	19.636267791249338	29.757511860832892	0.0
198.0	31.77742616033755	17.457805907172997	18.9873417721519	31.77742616033755	0.0
199.0	27.14549775547927	18.141008714021652	20.94005809347769	33.77343543702139	0.0
200.0	27.80861749933915	18.58313507798044	20.697858842188737	32.91038858049167	0.0
201.0	32.63576158940397	14.728476821192052	20.052980132450333	32.58278145695364	0.0
202.0	29.72686290108724	16.255635110050385	20.312914346327236	33.70458764253514	0.0
203.0	29.189907038512615	15.033200531208498	19.681274900398407	36.09561752988048	0.0
204.0	29.000531632110583	19.936204146730464	19.24508240297714	31.818181818181817	0.0
205.0	30.627993613624266	15.886109632783397	22.538584353379456	30.94731240021288	0.0
206.0	28.788282290279625	18.455392809587217	18.828229027962717	33.92809587217044	0.0
207.0	27.745202558635395	19.00319829424307	18.78997867803838	34.46162046908315	0.0
208.0	29.229122055674516	19.72698072805139	20.690578158458244	30.35331905781585	0.0
209.0	31.315296008572197	17.572997589070454	17.921242968122154	33.1904634342352	0.0
210.0	31.03725542749933	16.671133744304477	17.957652103993567	34.33395872420263	0.0
211.0	29.288590604026844	17.959731543624162	22.44295302013423	30.308724832214768	0.0
212.0	29.289940828402365	17.912856374394835	22.99623453469607	29.80096826250672	0.0
213.0	30.60565275908479	19.165545087483178	19.703903095558548	30.524899057873483	0.0
214.0	31.68103448275862	21.39008620689655	20.60883620689655	26.320043103448278	0.0
215.0	33.261280734936506	22.588489597406106	16.536071332072414	27.614158335584975	0.0
216.0	35.50567874526771	17.95565170362358	19.307733910221742	27.230935640886965	0.0
217.0	30.725500812127777	17.433676231727123	19.65349214943151	32.18733080671359	0.0
218.0	29.61559285327558	16.838115863562532	22.793719545208447	30.75257173795344	0.0
219.0	25.996204933586338	19.84277582000542	23.14990512333966	31.011114123068584	0.0
220.0	30.765056972327727	19.50623982637005	19.967444384156266	29.761258817145958	0.0
221.0	30.72534637326813	21.162727519695736	17.413746264602008	30.69817984243412	0.0
222.0	30.419389978213506	19.444444444444446	19.934640522875817	30.201525054466234	0.0
223.0	34.36903788498228	17.41618969746525	17.5524666121559	30.662305805396567	0.0
224.0	32.43316966721222	18.303327877795965	19.694489907255868	29.56901254773595	0.0
225.0	35.69087930092845	16.357181867831784	19.907154560349536	28.044784270890222	0.0
226.0	33.60745614035088	17.324561403508774	19.846491228070175	29.221491228070175	0.0
227.0	32.88535381239715	17.772901810202963	17.69061985737795	31.651124520021938	0.0
228.0	28.818681318681318	20.494505494505493	19.450549450549453	31.236263736263737	0.0
229.0	29.969671905155774	22.1119382409705	15.991177281499864	31.927212572373865	0.0
230.0	28.77017250973845	21.368948247078464	16.05453533667223	33.80634390651085	0.0
231.0	27.98996375801505	22.247003066629496	18.734318371898524	31.028714803456932	0.0
232.0	29.170159262363786	16.79240011176306	18.329142218496784	35.70829840737636	0.0
233.0	27.346595685065843	17.680022415242362	21.882880358643877	33.090501541047914	0.0
234.0	27.201346045989904	19.489624228827818	21.45260796410544	31.856421761076838	0.0
235.0	25.372295588648498	20.708064062939027	21.691486372576566	32.22815397583591	0.0
236.0	28.108260501832532	17.423174513673526	22.977163800394703	31.49140118409924	0.0
237.0	25.771428571428572	18.771428571428572	21.74285714285714	33.714285714285715	0.0
238.0	30.67888857061014	16.47092523632197	19.020338012030937	33.82984818103695	0.0
239.0	26.64181244622885	17.665615141955836	20.963579007743046	34.72899340407227	0.0
240.0	26.975007181844298	18.012065498419993	20.827348463085322	34.18557885665039	0.0
241.0	27.059843885516045	18.73373807458803	21.27782596126048	32.92859207863545	0.0
242.0	26.20909354184767	18.679409209383145	22.03880683463655	33.07269041413264	0.0
243.0	26.69590643274854	17.36842105263158	23.567251461988302	32.36842105263158	0.0
244.0	26.24633431085044	16.686217008797655	21.759530791788855	35.307917888563054	0.0
245.0	31.071953010279003	17.06314243759178	20.587371512481646	31.277533039647576	0.0
246.0	28.52941176470588	15.529411764705884	20.47058823529412	35.47058823529412	0.0
247.0	27.599410898379972	16.406480117820323	23.681885125184092	32.31222385861561	0.0
248.0	25.46419098143236	16.563513115237253	24.28529325081049	33.687002652519894	0.0
249.0	27.659574468085108	18.173758865248228	18.912529550827422	35.25413711583924	0.0
250.0	24.741047647232907	17.845516424977802	20.92335010358094	36.49008582420834	0.0
251.0	26.504595315742662	17.04713904536021	21.19774681292618	35.25051882597094	0.0
252.0	28.934769599042486	21.30460801915021	18.940754039497307	30.81986834230999	0.0
253.0	29.672967296729674	15.541554155415541	19.2019201920192	35.583558355835585	0.0
254.0	30.111412225233362	16.440831074977417	19.090635350797953	34.357121348991264	0.0
255.0	31.21597096188748	17.150635208711435	18.723532970356928	32.90986085904416	0.0
256.0	26.314171533968644	18.50599446664617	22.348601291115894	32.83123270826929	0.0
257.0	27.97655768044417	16.995681677976556	17.489204194941394	37.53855644663788	0.0
258.0	32.89026275115919	17.928902627511594	17.928902627511594	31.25193199381762	0.0
259.0	32.81589568457001	17.665321328779882	17.013349891338095	32.505433095312014	0.0
260.0	30.364372469635626	19.4331983805668	19.21519775770788	30.987231392089694	0.0
261.0	32.749452611823585	19.080387863622146	17.766656240225213	30.40350328432906	0.0
262.0	29.786566227244194	18.361581920903955	22.818581293157564	29.033270558694284	0.0
263.0	30.18867924528302	19.371069182389938	18.836477987421386	31.60377358490566	0.0
264.0	30.997474747474747	17.045454545454543	21.306818181818183	30.650252525252526	0.0
265.0	31.002847200253086	19.93040177159127	18.000632711167352	31.066118316988295	0.0
266.0	34.25309229305423	19.60038058991437	19.12464319695528	27.021883920076117	0.0
267.0	28.398983481575602	21.25158831003812	19.440914866581956	30.908513341804323	0.0
268.0	30.105129021981526	17.330359987257086	20.993947116916214	31.570563873845174	0.0
269.0	31.069827033952595	20.019218449711722	20.27546444586803	28.63549007046765	0.0
270.0	30.522218618228997	20.27246188777165	16.250405449237757	32.954914044761594	0.0
271.0	31.955743573055646	19.65506020175724	16.108037748128865	32.28115847705825	0.0
272.0	28.14332247557003	19.804560260586317	19.6742671009772	32.37785016286645	0.0
273.0	30.93994778067885	18.01566579634465	18.43994778067885	32.60443864229765	0.0
274.0	29.74828375286041	18.143184047074207	20.79110820529585	31.317423994769534	0.0
275.0	29.477489319750244	19.717384160368056	19.88169569503779	30.923430824843905	0.0
276.0	30.99201065246338	20.03994673768309	17.643142476697736	31.324900133155793	0.0
277.0	27.132820341251257	17.19638675142188	19.60521913683506	36.0655737704918	0.0
278.0	26.97986577181208	18.456375838926174	21.812080536912752	32.75167785234899	0.0
279.0	30.168350168350166	19.73063973063973	18.31649831649832	31.784511784511782	0.0
280.0	29.763513513513512	20.97972972972973	20.81081081081081	28.445945945945944	0.0
281.0	29.30800542740841	19.335142469470828	21.031207598371775	30.325644504748983	0.0
282.0	29.75093824633231	16.47901740020471	23.916751961787785	29.853292391675197	0.0
283.0	26.872852233676976	20.378006872852232	20.927835051546392	31.821305841924396	0.0
284.0	23.864030523759972	20.742282344779746	23.655913978494624	31.73777315296566	0.0
285.0	26.88284518828452	19.456066945606697	21.75732217573222	31.903765690376567	0.0
286.0	27.973258268824768	18.472906403940886	23.5045742434905	30.049261083743843	0.0
287.0	26.687875574407915	17.24991162955108	22.90562036055143	33.15659243548957	0.0
288.0	24.501424501424502	18.66096866096866	22.257834757834758	34.579772079772084	0.0
289.0	27.05798138869005	19.183965640658553	22.476735862562634	31.281317108088764	0.0
290.0	31.504871887405265	16.167448574521835	21.40021652832912	30.92746300974378	0.0
291.0	29.59738846572361	18.570910409865796	22.669568371418208	29.16213275299238	0.0
292.0	26.113951789627464	20.89116143170197	24.54346238130022	28.451424397370346	0.0
293.0	30.080704328686718	16.581071166544387	22.26705796038151	31.07116654438738	0.0
294.0	29.598230740877256	20.051603391079986	21.784002948765206	28.566162919277556	0.0
295.0	31.645569620253166	17.20029784065525	23.4921816827997	27.661950856291885	0.0
296.0	31.07450393111194	18.345189067764885	23.848745788094348	26.731561213028826	0.0
297.0	29.391764261428033	17.90706460143559	24.367208160181335	28.333962976955046	0.0
298.0	26.30158118010027	22.25221750867721	21.403779406093328	30.042421905129196	0.0
299.0	28.067226890756302	21.050420168067227	18.865546218487395	32.016806722689076	0.0
300.0	30.568720379146917	8.451816745655607	20.537124802527646	40.44233807266983	0.0
