# Position (bp)	A	C	G	T	N
0.0	25.980503257080183	23.780670800020097	24.061116439273565	26.177709503626158	0.0
1.0	26.00461044936277	19.781353086769418	15.341526572602913	38.8725098912649	0.0
2.0	28.322868237593852	18.95662971607055	18.5500735854218	34.17042846091379	0.0
3.0	22.58789161276176	22.20692917995305	15.37383357740497	39.83134562988022	0.0
4.0	33.74746635422714	12.982338563995736	14.71327545512571	38.55691962665141	0.0
5.0	34.07738165217411	14.797304218588764	23.23263136996639	27.892682759270738	0.0
6.0	30.226445796563418	17.30001029405947	21.344246740120795	31.129297169256315	0.0
7.0	34.70538391577231	16.962882402075333	20.082442433769177	28.249291248383184	0.0
8.0	22.554437634100058	26.52598186875718	22.50882483037547	28.41075566676729	0.0
9.0	27.57446300430541	18.60705939406529	15.918071144729057	37.90040645690024	0.0
10.0	25.823808431948958	16.544638957075815	25.01499385474295	32.61655875623228	0.0
11.0	27.987523640813585	17.80693394352129	19.599255433847585	34.60628698181754	0.0
12.0	25.969121297243674	19.553356400068246	21.250761959739496	33.22676034294859	0.0
13.0	26.39108573295492	20.606447883998317	18.53711703568706	34.4653493473597	0.0
14.0	30.462493589213462	18.259351212557405	20.08626564950046	31.191889548728675	0.0
15.0	29.7416640863368	18.154284337460737	19.839504674801255	32.26454690140121	0.0
16.0	29.58333797605297	17.296452863379024	18.6060269213678	34.51418223920021	0.0
17.0	30.071595336944394	17.90249389179952	19.794116766119686	32.2317940051364	0.0
18.0	30.712208866977754	17.289910462127622	18.592267433735955	33.40561323715867	0.0
19.0	29.450302335606583	18.09263242816827	20.003136263599888	32.45392897262526	0.0
20.0	29.703891941611932	17.450904645421787	19.76963387393672	33.075569539029566	0.0
21.0	29.157754774649547	18.112995652063244	19.343887112502006	33.3853624607852	0.0
22.0	29.460913292636192	19.00866060588156	22.31251190282571	29.217914198656537	0.0
23.0	29.777545068199935	19.846915988718855	20.91107844226653	29.46446050081468	0.0
24.0	32.1238750519942	19.1879121776679	18.272200897515226	30.416011872822672	0.0
25.0	29.211330907397322	21.029240342367945	19.193023428645557	30.56640532158918	0.0
26.0	31.718593739474017	16.653171260335334	21.556394323199324	30.071840676991325	0.0
27.0	25.91896970265093	20.978189167603134	24.984121898837916	28.118719230908024	0.0
28.0	26.204913527344836	19.326181739115412	18.55165343346751	35.917251300072245	0.0
29.0	27.700107775838116	19.762539457579734	17.4904963954947	35.04685637108745	0.0
30.0	26.339320144574952	18.881525991095216	16.174991040626036	38.604162823703795	0.0
31.0	33.718092902043985	14.31228275597292	18.22966180517127	33.73996253681183	0.0
32.0	33.736267319338296	15.63391456509059	22.548183096543198	28.081635019027917	0.0
33.0	30.89396583276579	17.6376627189153	20.58121825593879	30.88715319238012	0.0
34.0	33.36368985003557	16.46641564770423	21.647094315695202	28.522800186564996	0.0
35.0	26.135153772773005	20.425593711982188	25.044661193792333	28.394591321452474	0.0
