# Position (bp)	A	C	G	T	N
0.0	35.250977835723596	17.329421990438938	23.163841807909606	24.255758365927857	0.0
1.0	24.443237370994026	27.40901683867463	23.840304182509506	24.307441607821836	0.0
2.0	31.07463980067165	21.42238110713899	17.278734698299207	30.224244393890153	0.0
3.0	31.85505678745268	18.869659275283936	20.832882639264465	28.44240129799892	0.0
4.0	34.31043807463494	16.955110870740942	17.58788534342888	31.14656571119524	0.0
5.0	28.043043313686262	21.737954901854756	18.336667928405344	31.88233385605364	0.0
6.0	27.842967609365704	23.99286216406208	19.288379386795004	28.875790839777217	0.0
7.0	34.76074614760746	19.972965666396323	17.35063530683969	27.91565287915653	0.0
8.0	33.9352327404444	18.38135913931989	17.889387468238095	29.79402065199762	0.0
9.0	28.347478242067137	21.50386507378777	18.47126871722796	31.67738796691713	0.0
10.0	26.670989355379042	15.604906251688549	20.235586534824662	37.48851785810775	0.0
11.0	26.75812898347197	17.80814518742573	18.688560008642106	36.74516582046019	0.0
12.0	26.190733340533534	17.188681283075926	19.510746300896425	37.109839075494115	0.0
13.0	27.851859849916323	21.65415969335421	19.608054850726127	30.885925606003344	0.0
14.0	28.203605743279713	17.024722012307027	24.846162150491203	29.925510093922053	0.0
15.0	29.80789984890999	19.242391538959637	19.992445499676236	30.957263112454132	0.0
16.0	25.1227275179371	19.339698980417545	19.43680207153261	36.10077143011275	0.0
17.0	29.52375815759668	20.333315355158838	19.082034410225987	31.060892077018497	0.0
18.0	25.173920077657336	20.007550018875047	19.948228441999678	34.87030146146794	0.0
19.0	28.70160681548582	24.253208238973365	17.1950824975736	29.850102447967213	0.0
20.0	27.669091888978713	18.17838857450822	18.895176502290486	35.25734303422258	0.0
21.0	27.504445761707174	18.45125828528318	20.13256453090478	33.91173142210487	0.0
22.0	28.97246618891104	17.71108357131311	23.363327765504607	29.953122474271243	0.0
23.0	26.91520310311389	19.35136299967676	18.79646589807133	34.93696799913803	0.0
24.0	32.88800301675376	16.511339761891936	19.091741636588914	31.508915584765397	0.0
25.0	29.239388062917477	17.700926524455937	21.024563671622495	32.0351217410041	0.0
26.0	34.354969027740374	17.06436843522758	16.622677080527875	31.957985456504172	0.0
27.0	27.261956053425244	19.38819474364498	16.593063334769496	36.75678586816027	0.0
28.0	27.755343778603347	21.515102568244227	15.829429817476983	34.900123835675444	0.0
29.0	30.13079283061521	14.893158942892512	16.760859034393672	38.215189192098606	0.0
30.0	27.89005658852061	16.663971975208838	21.16410670978173	34.28186472648881	0.0
31.0	30.533239877069068	15.139914811020649	18.11074567315469	36.216099638755594	0.0
32.0	27.508631851532154	18.68256365990505	17.5280535174795	36.2807509710833	0.0
33.0	28.826737217212894	23.227687489876356	16.905134711948598	31.04044058096215	0.0
34.0	30.263796730862598	16.458973944003887	19.258779737821655	34.01844958731186	0.0
35.0	27.014909248055314	21.29969749351772	18.193604148660327	33.49178910976664	0.0
36.0	28.833792470156105	15.432398854858748	17.95495057527143	37.778858099713716	0.0
37.0	33.66828741220962	18.816855753646678	18.011885467314965	29.50297136682874	0.0
38.0	32.29082266515422	19.121698266083293	16.447901474639444	32.13957759412305	0.0
39.0	34.194454953250826	18.148408366210887	16.478408906663784	31.17872777387451	0.0
40.0	27.326839826839826	21.948051948051948	19.215367965367967	31.50974025974026	0.0
41.0	28.35367507458638	15.302413886628695	24.567398969351775	31.776512069433142	0.0
42.0	35.064370688250314	16.562550926177412	19.24602096800478	29.127057417567492	0.0
43.0	35.0595659032802	18.20703911222325	17.597780558124356	29.135614426372193	0.0
44.0	30.851876090750434	21.973167539267017	15.537739965095987	31.637216404886566	0.0
45.0	32.48047096116834	16.35344729989811	18.062945771538548	33.103135967395	0.0
46.0	30.737751506195295	16.414686825053995	19.12583835398431	33.7217233147664	0.0
47.0	30.80433542498574	17.28465487735311	19.475185396463207	32.43582430119795	0.0
48.0	28.372438202888624	18.570531483701547	18.599075184106866	34.45795512930297	0.0
49.0	29.87815342371718	18.46576282821349	19.192265888679138	32.46381785939019	0.0
50.0	29.083004404782336	20.28488072764716	18.46576282821349	32.166352039357015	0.0
51.0	29.60183328559152	18.642222858779718	18.81409338298482	32.94185047264394	0.0
52.0	29.554052504872175	17.551301157858536	19.551759715694143	33.34288662157515	0.0
53.0	30.51605504587156	19.22591743119266	19.66743119266055	30.590596330275226	0.0
54.0	27.80803852990081	22.25216444011238	19.247749555644745	30.692047474342065	0.0
55.0	29.520697167755994	18.621717692925124	19.5562435500516	32.30134158926729	0.0
56.0	27.378017315520896	18.978269594633336	20.228197924430937	33.415515165414824	0.0
57.0	30.472965216393067	17.3401446447021	20.07806222018138	32.108827918723456	0.0
58.0	30.59303059877146	18.485561742924393	18.1698145702968	32.75159308800735	0.0
59.0	28.3203125	17.899816176470587	20.43313419117647	33.34673713235294	0.0
60.0	29.080255069799506	17.96978227149997	20.451542482909176	32.498420175791345	0.0
61.0	29.818411676818755	17.980691874497186	20.043673141018274	32.15722330766578	0.0
62.0	28.097701149425287	19.333333333333332	20.52873563218391	32.04022988505747	0.0
63.0	33.36016096579477	17.062374245472835	19.741304972693303	29.836159816039093	0.0
64.0	27.53248246521789	18.201678739795334	21.990341497067956	32.27549729791882	0.0
65.0	30.631045601105484	18.793182865039153	19.73744818056195	30.83832335329341	0.0
66.0	29.20888991248273	16.55918931368033	20.871718102257024	33.36020267157992	0.0
67.0	28.889016874964003	18.585497897828716	19.034729021482462	33.49075620572482	0.0
68.0	25.84955650270706	18.724801290173943	20.913489229351455	34.51215297776754	0.0
69.0	26.93858739486116	20.14633022237585	21.06233437031916	31.852748012443833	0.0
70.0	27.6688955499193	19.679501959880103	19.506571362693105	33.145031127507494	0.0
71.0	29.738147421847966	18.72765024801015	19.85811512285154	31.676087207290344	0.0
72.0	29.50280071605936	18.686839521857134	20.07853554310793	31.731824218975575	0.0
73.0	29.073796050352236	17.721445894445086	20.579743619355582	32.62501443584709	0.0
74.0	28.973203973203976	17.86209286209286	22.331947331947333	30.832755832755833	0.0
75.0	29.01380784562944	18.377722572072333	21.948119475417414	30.660350106880813	0.0
76.0	29.4874022589053	18.78945844193455	19.391833188531713	32.33130611062844	0.0
77.0	29.280871530393465	19.244364605667265	17.89418786579359	33.580575998145676	0.0
78.0	28.981223922114047	18.70653685674548	19.326611033843303	32.98562818729717	0.0
79.0	28.3536231884058	19.884057971014492	17.843478260869567	33.91884057971015	0.0
80.0	29.330936920222634	16.483070500927642	20.900974025974026	33.2850185528757	0.0
81.0	26.738184981153957	17.726877355755292	19.5592925485648	35.97564511452595	0.0
82.0	28.679113997448685	17.511306969732114	21.0019714716456	32.807607561173604	0.0
83.0	28.640185561032183	18.28935923456074	21.670049289649175	31.4004059147579	0.0
84.0	27.608002319512902	18.144389678167585	20.255146419251957	33.99246158306756	0.0
85.0	30.265599628856414	16.52748782185108	20.5404778473672	32.666434701925304	0.0
86.0	29.822526389049997	17.71256234775548	20.82125043498434	31.643660828210184	0.0
87.0	31.59299222647639	17.577445179255133	21.905093398306068	28.92446919596241	0.0
88.0	31.68184718918605	19.43493647386436	17.74670766374659	31.136508673202997	0.0
89.0	31.088683951046924	17.15677744910388	18.421205266515862	33.33333333333333	0.0
90.0	28.620309690889055	16.90541089137621	19.729745403932032	34.7445340138027	0.0
91.0	28.81916251014964	19.307504929822528	16.95858949077833	34.91474306924951	0.0
92.0	28.500173993736226	16.95858949077833	17.811158798283262	36.73007771720218	0.0
93.0	31.33445456127124	16.737226700690137	19.462970480774807	32.46534825726381	0.0
94.0	30.539443155452435	16.85614849187935	19.193735498839906	33.4106728538283	0.0
95.0	30.645629096815362	16.46267184871512	20.20998897847903	32.68171007599049	0.0
96.0	30.218664810625835	16.472362391972624	19.74363435995592	33.565338437445625	0.0
97.0	29.78303747534517	17.03793943612948	20.855087597169046	32.3239354913563	0.0
98.0	30.746026221139346	19.230769230769234	18.57524074718645	31.447963800904976	0.0
99.0	29.4598828102338	18.34425944189824	20.595231188721936	31.600626559146022	0.0
100.0	30.923577992322905	16.39525415842736	19.849947656159124	32.831220193090616	0.0
101.0	31.460215680559607	18.204605071407755	19.720198192946665	30.614981055085984	0.0
102.0	31.328892005610097	16.368630201028516	20.359981299672743	31.942496493688637	0.0
103.0	29.12809094105239	19.60037501464901	19.336692839564044	31.93484120473456	0.0
104.0	29.131636192603917	17.49074019636663	19.395614086660004	33.98200952436945	0.0
105.0	30.590941259731068	17.144373673036092	19.468034913894787	32.79665015333805	0.0
106.0	32.3936170212766	18.74113475177305	17.346335697399525	31.51891252955083	0.0
107.0	30.29404790135167	19.101256817642877	18.366137064263693	32.23855821674176	0.0
108.0	33.61669242658423	17.399833551301867	16.858875282368327	32.12459873974557	0.0
109.0	29.517964607042842	18.328070070905085	20.35988798188643	31.794077340165643	0.0
110.0	27.0695116848963	18.73767258382643	19.586396509473435	34.60641922180383	0.0
111.0	31.475154348738236	17.730623988491278	20.188215548762212	30.60600611400827	0.0
112.0	28.953698135898975	17.98556825015033	19.83764281419122	33.22309079975947	0.0
113.0	29.341930818368084	18.17524406411956	17.192961311317344	35.28986380619501	0.0
114.0	31.81928001932834	16.471369896110172	19.23169847789321	32.47765160666828	0.0
115.0	26.881394926439427	19.852273415269117	18.62323666525398	34.64309499303748	0.0
116.0	30.273224043715846	17.741347905282332	17.510625379477837	34.47480267152399	0.0
117.0	30.18190667396727	18.689541887205692	19.924560442903207	31.20399099592383	0.0
118.0	29.7285757853004	16.980786825251602	20.26227508386703	33.02836230558097	0.0
119.0	25.36510846318362	19.113962725328445	23.421937060800488	32.098991750687446	0.0
120.0	26.86064318529862	20.986217457886678	20.361408882082696	31.791730474732006	0.0
121.0	30.36372573113787	18.74539198820349	18.812976161218973	32.07790611943967	0.0
122.0	27.550517496303602	17.50246426811237	19.615574174470183	35.33144406111385	0.0
123.0	30.842391304347828	17.033102766798418	19.07114624505929	33.05335968379446	0.0
124.0	30.79019073569482	17.630666336388405	20.13252415159772	31.446618776319045	0.0
125.0	29.234684377133636	17.677363292160635	18.533920923592575	34.55403140711315	0.0
126.0	30.64144839171281	18.204442232315063	18.22932868786163	32.924780688110495	0.0
127.0	29.559905248722107	17.83443460915098	20.32165565390849	32.28400448821843	0.0
128.0	28.984692283661357	18.02561699468916	19.968759762574194	33.02093095907529	0.0
129.0	30.139733065981577	17.363243310984398	19.017482298389623	33.4795413246444	0.0
130.0	29.862858580775036	19.09914443885254	16.802969300452943	34.235027679919476	0.0
131.0	30.6925696984988	18.190992809385644	19.458811656364325	31.65762583575123	0.0
132.0	29.331393510025933	16.496932127269275	22.050730596495665	32.12094376620912	0.0
133.0	29.408036506528077	20.503232348840157	19.127899607047787	30.960831537583978	0.0
134.0	27.753752225896715	19.92495548206563	19.142711778173492	33.17858051386416	0.0
135.0	29.668367346938773	16.70918367346939	21.026785714285715	32.59566326530612	0.0
136.0	27.488817891373802	17.897763578274763	19.23961661341853	35.373801916932905	0.0
137.0	29.224066124175053	16.47978471198821	18.844108412891654	35.45204075094509	0.0
138.0	27.809890815671164	17.328195247270394	19.659601798330122	35.202312138728324	0.0
139.0	29.800386349001933	17.830006439150033	18.995492594977463	33.37411461687057	0.0
140.0	27.892561983471076	18.233471074380166	21.745867768595044	32.12809917355372	0.0
141.0	30.607885026218685	18.275393280248593	19.408299346151356	31.708422347381372	0.0
142.0	33.00870016880925	16.919880534995453	17.874302038696275	32.19711725749902	0.0
143.0	32.9535095715588	18.811043104570906	19.22776403177497	29.007683292095326	0.0
144.0	31.22021283541163	17.999608278383494	17.90820656786577	32.8719723183391	0.0
145.0	30.555737382994042	18.635857825489296	18.68822412777378	32.12018066374288	0.0
146.0	29.067245119305856	18.898310655360547	18.352724643397096	33.681719581936505	0.0
147.0	30.278621418196224	17.714247986267	18.110392182754524	33.89673841278225	0.0
148.0	28.827814569536425	18.7682119205298	19.331125827814567	33.0728476821192	0.0
149.0	30.39085349641053	19.70220685987769	17.821058229194364	32.08588141451742	0.0
150.0	29.16889007470651	18.46985058697972	18.93676627534685	33.42449306296692	0.0
151.0	29.534198902422702	19.200910186052734	20.793735778342924	30.47115513318164	0.0
152.0	29.942895532415182	18.29358414511253	17.285858246556938	34.47766207591535	0.0
153.0	30.586092938558036	17.744655021245027	19.646590679166387	32.02266136103055	0.0
154.0	31.15431513345075	17.274082102696113	19.448584202682564	32.123018561170575	0.0
155.0	28.97387044093631	19.427054980947197	17.841589548176376	33.75748502994012	0.0
156.0	30.787622105335068	17.057176036614525	19.229455563904637	32.925746294145775	0.0
157.0	30.65268065268065	18.20238584944467	19.600987248046074	31.543946249828604	0.0
158.0	28.321750498864652	20.683960641299112	18.537122411064473	32.457166448771765	0.0
159.0	33.225115700766736	15.500448988050012	19.562063963528356	31.7123713476549	0.0
160.0	27.343262902667124	18.164184274333216	21.544856252164877	32.94769657083478	0.0
161.0	29.584522235367807	17.614308580972928	20.22409353469274	32.57707564896653	0.0
162.0	30.173135995531975	18.64702597039933	20.043283998882995	31.136554035185704	0.0
163.0	29.06096706377015	17.792571829011912	19.36229852838122	33.78416257883672	0.0
164.0	28.343186936936938	18.01097972972973	19.756475225225227	33.889358108108105	0.0
165.0	29.51977401129944	16.822033898305087	20.805084745762713	32.85310734463277	0.0
166.0	27.391242737707238	19.342496811676348	20.561144962448633	32.70511548816778	0.0
167.0	28.314238952536826	17.818259446381557	20.849640646125383	33.017860954956234	0.0
168.0	30.069280765659595	17.605885293907576	19.29147918005857	33.03335476037426	0.0
169.0	26.725003586286043	18.770621144742506	21.101707072156074	33.40266819681538	0.0
170.0	28.289236536659217	17.24461105904405	18.744142455482663	35.72200994881407	0.0
171.0	30.625407638234652	17.015725777230234	18.494093774911224	33.86477280962389	0.0
172.0	28.88370737394346	20.023316817254443	17.137860682016907	33.955115126785195	0.0
173.0	28.87912087912088	16.76923076923077	18.923076923076923	35.42857142857142	0.0
174.0	31.08754878138576	18.584787570871068	18.989765113025552	31.337898534717617	0.0
175.0	28.54607306611448	17.512202336932408	21.03239165803875	32.90933293891436	0.0
176.0	28.82387882387882	16.914166914166913	18.265518265518267	35.99643599643599	0.0
177.0	27.805132796180242	19.3002088928678	19.792599224112205	33.102059086839745	0.0
178.0	28.23653167029829	19.738522804117515	19.325268615222782	32.69967691036141	0.0
179.0	29.226815811352125	17.209583553775225	20.73161514624745	32.8319854886252	0.0
180.0	31.34839151266256	15.240702715035365	19.043273252718837	34.36763251958324	0.0
181.0	29.25840978593272	18.769113149847094	18.11926605504587	33.85321100917431	0.0
182.0	29.560473336406943	18.072844628861226	19.79406792684801	32.572614107883815	0.0
183.0	29.4276875483372	20.19334880123743	19.187935034802784	31.191028615622585	0.0
184.0	31.07045543012845	19.27598287271312	18.201634877384194	31.45192681977423	0.0
185.0	27.872707320896694	19.84637090453049	21.014265558865024	31.26665621570779	0.0
186.0	29.503277264471294	17.397141277738292	21.219300323777937	31.880281134012478	0.0
187.0	30.266189908621378	21.70838299562972	17.798967024235203	30.226460071513706	0.0
188.0	29.19468459814281	17.59526096701889	19.93275696445725	33.27729747038104	0.0
189.0	29.347826086956523	18.92109500805153	20.241545893719806	31.48953301127214	0.0
190.0	31.83180750222798	17.831969537389615	17.69423965000405	32.64198331037835	0.0
191.0	28.78565607171964	17.791361043194783	19.02200488997555	34.400977995110026	0.0
192.0	31.004510045100453	17.556375563755637	18.933989339893397	32.50512505125051	0.0
193.0	30.70385345325522	17.616965096130045	19.539565970789667	32.13961547982507	0.0
194.0	29.552635955429903	18.460003326126724	20.680192915350073	31.3071678030933	0.0
195.0	29.24987413995637	20.33898305084746	18.920959892599427	31.490182916596744	0.0
196.0	29.164552680534417	20.10823608997125	18.34939962793844	32.3778116015559	0.0
197.0	28.69951327811459	19.503031338058236	20.74118350268978	31.05627188113739	0.0
198.0	28.77354396319764	20.814165437028038	19.199722246332783	31.21256835344154	0.0
199.0	28.000000000000004	22.32054176072235	19.386004514672685	30.29345372460497	0.0
200.0	23.698271346254586	19.088528025144054	21.44578313253012	35.76741749607124	0.0
201.0	30.884557721139434	17.001499250374813	19.625187406296853	32.488755622188904	0.0
202.0	31.33202594659828	17.36310152360839	20.95338663448484	30.351485895308493	0.0
203.0	31.962985436893206	18.355582524271842	19.50849514563107	30.172936893203882	0.0
204.0	32.503436688559646	18.710859935848482	22.46830609439438	26.317397281197497	0.0
205.0	29.780033840947546	16.32056606675896	24.0578372558068	29.841562836486695	0.0
206.0	30.052696838189707	21.016738995660262	20.040297582145072	28.89026658400496	0.0
207.0	28.91697877652934	19.1167290886392	19.72534332084894	32.24094881398252	0.0
208.0	28.414442700156982	16.577708006279433	22.135007849293565	32.872841444270016	0.0
209.0	27.0428323059902	18.2709024814288	20.783941836573415	33.90232337600759	0.0
210.0	29.32952017794725	17.46107403876708	20.241499841118525	32.96790594216714	0.0
211.0	30.261259817278408	18.753005289309186	20.1795159480686	30.806218945343804	0.0
212.0	26.2799740764744	16.607258587167856	23.687621516526246	33.4251458198315	0.0
213.0	28.87289383281531	20.121053492556847	18.616064125633894	32.38998854899395	0.0
214.0	29.52742894910773	22.323198942498347	20.307336417713152	27.842035690680767	0.0
215.0	28.166193892875018	19.739696312364423	18.88870348740197	33.20540630735859	0.0
216.0	31.065835999326485	17.6292305101869	21.451422798450917	29.853510692035695	0.0
217.0	26.07136759433157	19.805361106368448	24.0566843093734	30.066586989926584	0.0
218.0	26.542882404951367	18.868258178603007	19.770114942528735	34.81874447391689	0.0
219.0	22.991635868508073	21.785644816183623	24.489398949620696	30.73332036568761	0.0
220.0	12.653419053185273	24.430157802454705	20.777323202805377	42.13909994155465	0.0
