# Position (bp)	A	C	G	T	N
0.0	69.68711905729378	7.314099959366112	10.2803738317757	12.718407151564403	0.0
1.0	11.824461600975212	68.10239739943113	10.605444941080862	9.4676960585128	0.0
2.0	12.956277577216206	65.70397111913357	7.54111512234256	13.79863618130766	0.0
3.0	69.01913875598086	8.931419457735247	9.011164274322168	13.038277511961722	0.0
4.0	69.6812749003984	7.968127490039841	6.892430278884462	15.458167330677291	0.0
5.0	12.569610182975339	64.95624502784408	9.705648369132856	12.76849642004773	0.0
6.0	15.295987286452126	64.4020659515296	7.906237584425904	12.395709177592371	0.0
7.0	70.92930897537728	9.0945194598888	8.141382049245433	11.834789515488483	0.0
8.0	69.2613185067514	10.96108022239873	8.498808578236696	11.278792692613186	0.0
9.0	12.311358220810167	63.661636219221606	8.141382049245433	15.885623510722796	0.0
10.0	11.433108376339817	8.773322747121874	9.090909090909092	70.70265978562922	0.0
11.0	11.90003966679889	7.417691392304642	8.250694168980562	72.4315747719159	0.0
12.0	13.248710829036098	7.774692582308608	8.885362951209837	70.09123363744546	0.0
13.0	11.06264869151467	65.90007930214115	9.318001586042824	13.71927042030135	0.0
14.0	11.454617518826794	8.363059849385653	65.83432421720174	14.347998414585811	0.0
15.0	67.97463337296868	8.719778042013477	8.323424494649228	14.982164090368608	0.0
16.0	11.930241775663893	8.402695204122077	9.235037653587	70.43202536662703	0.0
17.0	12.88149028933809	62.940943321442724	8.719778042013477	15.457788347205708	0.0
18.0	12.524772096710265	8.83868410622275	10.344827586206897	68.29171621086009	0.0
19.0	11.806656101426308	65.76862123613311	8.676703645007924	13.748019017432647	0.0
20.0	10.174188440221695	10.570071258907364	9.85748218527316	69.39825811559778	0.0
21.0	14.076710162119415	8.699090549624358	9.727164887307236	67.49703440094899	0.0
22.0	11.41841169498222	9.838008692216516	65.38917423943106	13.35440537337021	0.0
23.0	12.4753257007501	8.290564547966838	8.566916699565732	70.66719305171733	0.0
24.0	70.67876874506709	7.34017363851618	8.800315706393054	13.180741910023677	0.0
25.0	12.662721893491124	7.613412228796844	63.23471400394477	16.48915187376726	0.0
26.0	68.91518737672584	7.258382642998027	6.70611439842209	17.120315581854044	0.0
27.0	10.848126232741617	9.822485207100591	7.850098619329389	71.47928994082841	0.0
28.0	12.071005917159763	65.4043392504931	6.351084812623274	16.173570019723865	0.0
29.0	15.345167652859962	6.942800788954635	6.903353057199212	70.80867850098619	0.0
30.0	14.595660749506903	8.007889546351086	62.56410256410256	14.832347140039449	0.0
31.0	14.082840236686389	8.362919132149901	7.179487179487179	70.37475345167653	0.0
32.0	13.028030003947888	10.343466245558625	7.1456770627714175	69.48282668772207	0.0
33.0	13.062352012628256	63.93054459352802	7.1033938437253346	15.90370955011839	0.0
34.0	14.960629921259844	8.031496062992126	8.976377952755906	68.03149606299212	0.0
35.0	12.347620920173023	65.74911521824617	7.4714903657097915	14.43177349587102	0.0
36.0	12.308297286669289	8.061344868265827	8.1399921352733	71.49036570979158	0.0
37.0	67.92601338055884	9.366391184573002	9.327036599763874	13.380558835104289	0.0
38.0	68.66141732283465	8.858267716535433	6.692913385826772	15.78740157480315	0.0
39.0	70.9728239464356	8.625443087829854	5.789680976762504	14.612051988972036	0.0
40.0	11.947949526813881	65.69400630914826	8.438485804416404	13.919558359621451	0.0
41.0	12.90959336754836	6.632451638373469	65.69285432293724	14.76510067114094	0.0
42.0	70.06344171292625	6.978588421887391	10.507533703409992	12.450436161776368	0.0
43.0	69.15146708961142	9.040444091990484	9.71451229183188	12.093576526566217	0.0
44.0	14.399680893498203	64.06063023534104	6.581571599521341	14.95811727163941	0.0
45.0	27.594158339738662	11.222136817832437	14.527286702536509	46.656418139892395	0.0
46.0	32.455315145813735	15.051740357478833	17.77986829727187	34.71307619943556	0.0
47.0	30.931796349663788	15.081652257444764	19.21229586935639	34.77425552353506	0.0
48.0	28.406909788867562	18.52207293666027	18.71401151631478	34.357005758157385	0.0
49.0	26.391554702495203	21.30518234165067	20.825335892514396	31.477927063339735	0.0
50.0	28.023032629558543	20.72936660268714	17.370441458733204	33.87715930902112	0.0
51.0	28.21497120921305	19.385796545105567	17.370441458733204	35.02879078694818	0.0
52.0	30.998080614203456	16.698656429942417	21.593090211132438	30.710172744721685	0.0
53.0	30.297219558964528	20.230105465004794	19.175455417066157	30.297219558964528	0.0
54.0	28.859060402684566	21.28475551294343	18.40843720038351	31.447746883988493	0.0
55.0	29.942418426103647	17.46641074856046	19.961612284069098	32.629558541266796	0.0
56.0	24.56813819577735	20.537428023032632	20.441458733205376	34.452975047984644	0.0
57.0	30.230326295585414	17.08253358925144	20.72936660268714	31.957773512476006	0.0
58.0	29.14669223394056	18.40843720038351	18.40843720038351	34.036433365292424	0.0
59.0	28.57142857142857	17.353787152444873	22.435282837967403	31.639501438159158	0.0
60.0	26.391554702495203	18.13819577735125	21.593090211132438	33.87715930902112	0.0
61.0	28.338136407300674	17.675312199807877	22.28626320845341	31.70028818443804	0.0
62.0	26.70509125840538	19.30835734870317	23.82324687800192	30.16330451488953	0.0
63.0	33.81364073006724	17.579250720461097	19.30835734870317	29.298751200768493	0.0
64.0	30.643611911623438	17.29106628242075	23.150816522574445	28.914505283381363	0.0
65.0	27.56964457252642	20.26897214217099	22.862632084534102	29.298751200768493	0.0
66.0	30.835734870317005	14.793467819404418	21.517771373679153	32.85302593659942	0.0
67.0	29.106628242074926	16.234390009606148	19.500480307396735	35.158501440922194	0.0
68.0	24.015369836695484	19.500480307396735	21.32564841498559	35.158501440922194	0.0
69.0	25.26416906820365	20.7492795389049	21.421709894332373	32.564841498559076	0.0
70.0	27.185398655139288	21.229586935638807	20.26897214217099	31.316042267050914	0.0
71.0	27.089337175792505	21.517771373679153	18.828049951969263	32.564841498559076	0.0
72.0	28.69481765834933	17.370441458733204	20.249520153550865	33.685220729366605	0.0
73.0	30.230326295585414	17.562380038387715	20.825335892514396	31.381957773512475	0.0
74.0	29.654510556621883	17.65834932821497	22.264875239923224	30.422264875239925	0.0
75.0	30.230326295585414	19.865642994241842	20.825335892514396	29.078694817658352	0.0
76.0	28.598848368522074	19.481765834932823	19.28982725527831	32.629558541266796	0.0
77.0	30.422264875239925	20.057581573896353	17.46641074856046	32.05374280230326	0.0
78.0	30.134357005758154	21.017274472168907	18.71401151631478	30.134357005758154	0.0
79.0	29.366602687140116	20.153550863723606	18.809980806142036	31.669865642994242	0.0
80.0	28.982725527831093	17.946257197696738	20.153550863723606	32.91746641074856	0.0
81.0	27.447216890595012	18.90595009596929	17.562380038387715	36.08445297504799	0.0
82.0	32.5	15.96153846153846	21.923076923076923	29.615384615384617	0.0
83.0	27.019230769230766	19.71153846153846	20.865384615384617	32.40384615384615	0.0
84.0	26.25	20.192307692307693	20.096153846153847	33.46153846153846	0.0
85.0	31.538461538461537	17.307692307692307	19.807692307692307	31.346153846153847	0.0
86.0	31.73076923076923	16.634615384615383	22.30769230769231	29.326923076923077	0.0
87.0	33.17307692307692	19.51923076923077	20.673076923076923	26.634615384615383	0.0
88.0	33.55769230769231	17.21153846153846	18.942307692307693	30.288461538461537	0.0
89.0	29.71153846153846	18.269230769230766	18.461538461538463	33.55769230769231	0.0
90.0	32.40384615384615	16.538461538461537	18.076923076923077	32.98076923076923	0.0
91.0	29.740134744947067	20.692974013474494	16.650625601539943	32.9162656400385	0.0
92.0	30.41385948026949	20.307988450433108	16.45813282001925	32.820019249278154	0.0
93.0	32.820019249278154	16.07314725697786	19.345524542829644	31.76130895091434	0.0
94.0	33.39749759384023	17.131857555341675	20.500481231953803	28.97016361886429	0.0
95.0	33.20500481231954	16.650625601539943	20.307988450433108	29.836381135707413	0.0
96.0	27.526467757459095	17.51684311838306	20.307988450433108	34.64870067372473	0.0
97.0	31.56881616939365	17.709335899903753	20.981713185755535	29.740134744947067	0.0
98.0	30.028873917228104	19.73051010587103	18.38306063522618	31.857555341674686	0.0
99.0	31.183830606352263	19.634263715110684	16.554379210779597	32.62752646775746	0.0
100.0	34.68599033816425	13.14009661835749	19.32367149758454	32.850241545893724	0.0
101.0	32.23620522749274	18.005808325266216	19.36108422071636	30.396902226524684	0.0
102.0	33.365664403491756	15.227934044616878	19.98060135790495	31.42580019398642	0.0
103.0	26.777020447906523	17.91626095423564	19.279454722492698	36.027263875365136	0.0
104.0	27.5390625	17.578125	23.046875	31.8359375	0.0
105.0	31.213307240704502	18.395303326810176	19.47162426614481	30.919765166340508	0.0
106.0	32.97350343473994	17.369970559371932	19.136408243375858	30.520117762512267	0.0
107.0	32.02357563850688	19.25343811394892	17.87819253438114	30.844793713163064	0.0
108.0	32.416502946954814	16.994106090373283	18.36935166994106	32.220039292730846	0.0
109.0	27.897838899803535	21.807465618860512	18.56581532416503	31.728880157170924	0.0
110.0	26.653504442250743	19.743336623889437	19.545903257650544	34.05725567620928	0.0
111.0	30.56379821958457	18.199802176063304	17.903066271018794	33.33333333333333	0.0
112.0	25.892857142857146	19.1468253968254	21.03174603174603	33.92857142857143	0.0
113.0	30.784508440913605	17.974180734856006	18.867924528301888	32.373386295928505	0.0
114.0	29.054726368159205	18.90547263681592	20.0	32.039800995024876	0.0
115.0	29.099999999999998	19.5	18.4	33.0	0.0
116.0	27.82782782782783	18.91891891891892	19.61961961961962	33.633633633633636	0.0
117.0	32.364729458917836	18.03607214428858	18.236472945891784	31.362725450901802	0.0
118.0	27.20883534136546	18.072289156626507	20.481927710843372	34.23694779116466	0.0
119.0	24.120603015075375	20.603015075376884	27.1356783919598	28.14070351758794	0.0
120.0	26.686807653575023	21.550855991943603	21.75226586102719	30.010070493454176	0.0
121.0	28.383838383838384	19.090909090909093	19.393939393939394	33.131313131313135	0.0
122.0	29.524772497472195	17.18907987866532	19.716885743174924	33.56926188068756	0.0
123.0	31.477732793522268	18.62348178137652	19.129554655870447	30.76923076923077	0.0
124.0	30.456852791878177	17.96954314720812	21.01522842639594	30.558375634517766	0.0
125.0	28.04878048780488	19.61382113821138	16.76829268292683	35.56910569105691	0.0
126.0	30.24439918533605	19.75560081466395	16.90427698574338	33.09572301425662	0.0
127.0	29.561671763506624	18.144750254842	19.673802242609582	32.61977573904179	0.0
128.0	32.78855975485189	15.219611848825332	19.918283963227783	32.073544433094995	0.0
129.0	29.200819672131146	17.827868852459016	17.725409836065573	35.24590163934426	0.0
130.0	30.666666666666664	20.717948717948715	15.794871794871796	32.82051282051282	0.0
131.0	32.06577595066803	19.732785200411097	18.19116135662898	30.01027749229188	0.0
132.0	29.545454545454547	17.665289256198346	22.31404958677686	30.47520661157025	0.0
133.0	26.632124352331605	22.17616580310881	19.689119170984455	31.50259067357513	0.0
134.0	25.414937759336098	20.850622406639005	20.95435684647303	32.780082987551864	0.0
135.0	27.027027027027028	17.35966735966736	21.30977130977131	34.303534303534306	0.0
136.0	25.678496868475992	15.24008350730689	22.233820459290186	36.84759916492693	0.0
137.0	26.88284518828452	18.305439330543933	20.606694560669457	34.20502092050209	0.0
138.0	25.735294117647058	17.016806722689076	20.3781512605042	36.86974789915966	0.0
139.0	27.60800842992624	19.810326659641728	17.702845100105375	34.87881981032666	0.0
140.0	27.983104540654697	16.261879619852166	22.06969376979937	33.68532206969377	0.0
141.0	32.733050847457626	16.101694915254235	17.690677966101696	33.47457627118644	0.0
142.0	33.12034078807242	15.228966986155484	19.488817891373802	32.16187433439829	0.0
143.0	33.43982960596379	18.956336528221513	18.210862619808307	29.39297124600639	0.0
144.0	32.97758804695838	16.328708644610458	18.463180362860193	32.230522945570975	0.0
145.0	27.73019271948608	18.52248394004283	20.12847965738758	33.61884368308351	0.0
146.0	27.438370846730976	19.828510182207932	20.471596998928188	32.261521972132904	0.0
147.0	29.03225806451613	18.064516129032256	16.881720430107528	36.02150537634409	0.0
148.0	27.578718783930512	20.412595005428884	19.001085776330076	33.00760043431053	0.0
149.0	31.4410480349345	20.41484716157205	17.79475982532751	30.349344978165938	0.0
150.0	28.665207877461707	19.803063457330417	17.067833698030636	34.46389496717725	0.0
151.0	27.850877192982455	18.75	21.710526315789476	31.688596491228072	0.0
152.0	27.39273927392739	19.471947194719473	18.151815181518153	34.98349834983499	0.0
153.0	28.634361233480178	17.62114537444934	19.383259911894275	34.36123348017621	0.0
154.0	32.15077605321508	15.631929046563192	20.84257206208426	31.37472283813747	0.0
155.0	29.03225806451613	20.467185761957733	17.352614015572858	33.14794215795328	0.0
156.0	31.1731843575419	14.63687150837989	16.312849162011172	37.87709497206704	0.0
157.0	30.855855855855857	16.77927927927928	21.95945945945946	30.405405405405407	0.0
158.0	27.941176470588236	22.511312217194572	15.158371040723981	34.38914027149321	0.0
159.0	34.88636363636364	15.113636363636363	19.772727272727273	30.227272727272727	0.0
160.0	27.491408934707906	16.265750286368842	23.711340206185564	32.531500572737684	0.0
161.0	29.574223245109323	18.411967779056386	23.014959723820482	28.99884925201381	0.0
162.0	32.21709006928407	19.053117782909933	18.475750577367204	30.2540415704388	0.0
163.0	29.81438515081207	16.82134570765661	17.633410672853827	35.730858468677496	0.0
164.0	29.53488372093023	15.0	23.25581395348837	32.2093023255814	0.0
165.0	29.37062937062937	18.2983682983683	22.377622377622377	29.953379953379955	0.0
166.0	25.174825174825177	21.328671328671327	20.862470862470865	32.634032634032636	0.0
167.0	28.438228438228435	18.414918414918414	22.494172494172492	30.65268065268065	0.0
168.0	29.494712103407757	16.92126909518214	19.036427732079904	34.5475910693302	0.0
169.0	26.08695652173913	18.213866039952997	20.681551116333726	35.01762632197415	0.0
170.0	30.070754716981128	17.806603773584907	18.278301886792452	33.84433962264151	0.0
171.0	32.74021352313167	16.9632265717675	16.251482799525505	34.04507710557533	0.0
172.0	30.502392344497608	20.574162679425836	16.507177033492823	32.41626794258373	0.0
173.0	28.862275449101798	19.40119760479042	19.16167664670659	32.5748502994012	0.0
174.0	30.120481927710845	19.638554216867472	17.349397590361445	32.89156626506024	0.0
175.0	28.45036319612591	16.82808716707022	22.397094430992738	32.324455205811134	0.0
176.0	29.84165651644336	18.148599269183922	17.295980511571255	34.71376370280146	0.0
177.0	29.21760391198044	20.048899755501225	15.770171149144256	34.96332518337408	0.0
178.0	26.231527093596057	20.56650246305419	20.935960591133004	32.26600985221675	0.0
179.0	25.280199252801992	19.80074719800747	23.163138231631383	31.755915317559154	0.0
180.0	31.125000000000004	14.249999999999998	21.25	33.375	0.0
181.0	27.42138364779874	18.742138364779873	21.50943396226415	32.32704402515723	0.0
182.0	32.0659062103929	18.124207858048162	20.912547528517113	28.89733840304182	0.0
183.0	30.779054916985952	23.88250319284802	20.689655172413794	24.648786717752238	0.0
184.0	27.784891165172855	21.382842509603073	18.950064020486558	31.88220230473752	0.0
185.0	28.350515463917525	20.103092783505154	23.969072164948454	27.577319587628867	0.0
186.0	28.534370946822307	18.417639429312583	22.957198443579767	30.090791180285343	0.0
187.0	30.156657963446477	21.93211488250653	17.4934725848564	30.417754569190603	0.0
188.0	29.92125984251969	19.816272965879264	20.209973753280842	30.05249343832021	0.0
189.0	30.263157894736842	18.421052631578945	19.605263157894736	31.710526315789473	0.0
190.0	29.894179894179896	17.59259259259259	18.386243386243386	34.12698412698413	0.0
191.0	27.563249001331556	19.70705725699068	20.77230359520639	31.957390146471372	0.0
192.0	33.155080213903744	19.786096256684495	17.914438502673796	29.144385026737968	0.0
193.0	31.22476446837147	16.1507402422611	21.399730820995963	31.22476446837147	0.0
194.0	26.928281461434374	20.16238159675237	23.27469553450609	29.63464140730717	0.0
195.0	30.178326474622768	19.615912208504803	20.85048010973937	29.35528120713306	0.0
196.0	26.72176308539945	21.763085399449036	19.55922865013774	31.955922865013775	0.0
197.0	31.163434903047094	21.74515235457064	19.113573407202217	27.977839335180054	0.0
198.0	26.136363636363637	23.72159090909091	22.15909090909091	27.982954545454547	0.0
199.0	27.934621099554235	23.476968796433876	18.7221396731055	29.86627043090639	0.0
200.0	29.100529100529098	17.46031746031746	18.69488536155203	34.74426807760141	0.0
201.0	35.36585365853659	19.75609756097561	15.121951219512194	29.756097560975608	0.0
202.0	35.13513513513514	16.953316953316953	18.42751842751843	29.484029484029485	0.0
203.0	34.88943488943489	16.216216216216218	20.884520884520885	28.00982800982801	0.0
204.0	34.72906403940887	16.995073891625616	24.63054187192118	23.645320197044335	0.0
205.0	36.79012345679013	16.296296296296298	23.703703703703706	23.209876543209877	0.0
206.0	32.754342431761785	19.35483870967742	18.858560794044664	29.03225806451613	0.0
207.0	25.870646766169152	23.134328358208954	17.412935323383085	33.582089552238806	0.0
208.0	26.75	17.25	22.75	33.25	0.0
209.0	22.55639097744361	20.30075187969925	21.804511278195488	35.338345864661655	0.0
210.0	27.525252525252526	16.414141414141415	21.21212121212121	34.84848484848485	0.0
211.0	31.979695431472084	18.781725888324875	21.065989847715734	28.17258883248731	0.0
212.0	28.388746803069054	16.624040920716112	23.52941176470588	31.45780051150895	0.0
213.0	27.435897435897438	22.30769230769231	17.17948717948718	33.07692307692307	0.0
214.0	28.57142857142857	23.376623376623375	20.0	28.05194805194805	0.0
215.0	29.35064935064935	23.636363636363637	17.142857142857142	29.87012987012987	0.0
216.0	31.842105263157894	19.736842105263158	17.894736842105264	30.526315789473685	0.0
217.0	23.93617021276596	16.75531914893617	24.46808510638298	34.840425531914896	0.0
218.0	24.65753424657534	16.71232876712329	20.54794520547945	38.082191780821915	0.0
219.0	19.57831325301205	22.289156626506024	23.19277108433735	34.93975903614458	0.0
220.0	0.0	35.54502369668246	20.379146919431278	44.07582938388626	0.0
