# Position (bp)	A	C	G	T	N
0.0	12.121212121212121	6.0606060606060606	69.6969696969697	12.121212121212121	0.0
1.0	21.21212121212121	9.090909090909092	3.0303030303030303	66.66666666666666	0.0
2.0	63.63636363636363	12.121212121212121	3.0303030303030303	21.21212121212121	0.0
3.0	20.0	60.0	11.428571428571429	8.571428571428571	0.0
4.0	61.36363636363637	4.545454545454546	20.454545454545457	13.636363636363635	0.0
5.0	64.44444444444444	6.666666666666667	8.88888888888889	20.0	0.0
6.0	55.55555555555556	2.2222222222222223	26.666666666666668	15.555555555555555	0.0
7.0	20.0	4.444444444444445	26.666666666666668	48.888888888888886	0.0
8.0	68.88888888888889	15.555555555555555	6.666666666666667	8.88888888888889	0.0
9.0	31.11111111111111	55.55555555555556	2.2222222222222223	11.11111111111111	0.0
10.0	24.444444444444443	48.888888888888886	4.444444444444445	22.22222222222222	0.0
11.0	15.555555555555555	2.2222222222222223	6.666666666666667	75.55555555555556	0.0
12.0	68.88888888888889	13.333333333333334	6.666666666666667	11.11111111111111	0.0
13.0	17.77777777777778	71.11111111111111	4.444444444444445	6.666666666666667	0.0
14.0	60.0	31.11111111111111	2.2222222222222223	6.666666666666667	0.0
15.0	55.55555555555556	37.77777777777778	2.2222222222222223	4.444444444444445	0.0
16.0	33.33333333333333	53.333333333333336	0.0	13.333333333333334	0.0
17.0	20.0	17.77777777777778	0.0	62.22222222222222	0.0
18.0	28.888888888888886	8.88888888888889	15.555555555555555	46.666666666666664	0.0
19.0	31.11111111111111	6.666666666666667	53.333333333333336	8.88888888888889	0.0
20.0	8.88888888888889	6.666666666666667	28.888888888888886	55.55555555555556	0.0
21.0	11.11111111111111	8.88888888888889	48.888888888888886	31.11111111111111	0.0
22.0	13.333333333333334	48.888888888888886	2.2222222222222223	35.55555555555556	0.0
23.0	35.55555555555556	2.2222222222222223	11.11111111111111	51.11111111111111	0.0
24.0	77.77777777777779	4.444444444444445	6.666666666666667	11.11111111111111	0.0
25.0	51.11111111111111	6.666666666666667	13.333333333333334	28.888888888888886	0.0
26.0	13.333333333333334	2.2222222222222223	33.33333333333333	51.11111111111111	0.0
27.0	13.333333333333334	11.11111111111111	66.66666666666666	8.88888888888889	0.0
28.0	53.333333333333336	13.333333333333334	4.444444444444445	28.888888888888886	0.0
29.0	11.11111111111111	51.11111111111111	8.88888888888889	28.888888888888886	0.0
30.0	13.157894736842104	39.473684210526315	13.157894736842104	34.21052631578947	0.0
31.0	69.56521739130434	8.695652173913043	0.0	21.73913043478261	0.0
32.0	56.52173913043478	8.695652173913043	13.043478260869565	21.73913043478261	0.0
33.0	19.047619047619047	47.61904761904761	19.047619047619047	14.285714285714285	0.0
34.0	18.181818181818183	63.63636363636363	0.0	18.181818181818183	0.0
35.0	50.0	25.0	0.0	25.0	0.0
