# Position (bp)	A	C	G	T	N
0.0	30.72062025383676	21.573469279379744	24.04014656683129	23.665763899952204	0.0
1.0	25.318623546280072	19.827677765386863	12.637406404333278	42.21629228399979	0.0
2.0	26.957283563862266	24.44978363023336	15.700746011097246	32.892186794807124	0.0
3.0	26.011706462445083	22.523658468603585	14.542824150883293	36.92181091806804	0.0
4.0	31.374500670196813	16.857108731138272	10.57052991997452	41.1978606786904	0.0
5.0	36.3333554508659	17.222480260102184	22.578461946785218	23.8657023422467	0.0
6.0	29.523619957537157	19.14543524416136	16.04564755838641	35.285297239915074	0.0
7.0	37.612791932059444	18.297505307855626	17.78927813163482	26.30042462845011	0.0
8.0	23.236464968152866	23.80971337579618	25.1671974522293	27.78662420382166	0.0
9.0	25.44187898089172	20.541401273885352	15.623673036093418	38.393046709129514	0.0
10.0	24.42011677282378	16.763535031847134	25.34102972399151	33.47531847133758	0.0
11.0	24.219745222929937	25.993895966029722	18.876061571125266	30.910297239915074	0.0
12.0	26.99575371549894	23.959660297239914	22.39384288747346	26.65074309978769	0.0
13.0	25.115445859872608	25.351645435244162	17.665870488322717	31.867038216560513	0.0
14.0	29.544851380042463	20.468418259023355	17.223991507431	32.76273885350319	0.0
15.0	29.436040339702764	21.084129511677283	20.1963906581741	29.28343949044586	0.0
16.0	27.040870488322717	20.011942675159236	15.504246284501061	37.442940552016985	0.0
17.0	31.589702760084926	20.37287685774947	15.828025477707005	32.2093949044586	0.0
18.0	34.047239915074314	20.842622080679405	19.101645435244162	26.008492569002122	0.0
19.0	27.158970276008493	16.47956475583864	26.26326963906582	30.098195329087048	0.0
20.0	25.469745222929934	18.765923566878982	18.32935244161359	37.434978768577494	0.0
21.0	26.15047770700637	22.275743099787686	15.188428874734608	36.38535031847134	0.0
22.0	29.779723991507428	25.8359872611465	18.030785562632694	26.35350318471338	0.0
23.0	24.592622080679405	21.77149681528662	20.063694267515924	33.57218683651805	0.0
24.0	35.0796178343949	17.040870488322717	18.43949044585987	29.440021231422502	0.0
25.0	24.50504246284501	28.249734607218684	15.149946921443735	32.09527600849257	0.0
26.0	30.392781316348195	20.22956475583864	21.719745222929937	27.657908704883226	0.0
27.0	29.02202760084926	24.766454352441613	21.687898089171973	24.523619957537154	0.0
28.0	31.077494692144374	22.59023354564756	13.19267515923567	33.1395966029724	0.0
29.0	35.09686836518047	19.28343949044586	15.477707006369426	30.141985138004245	0.0
30.0	25.736124958457964	19.766035227650384	12.951811232967763	41.546028580923895	0.0
31.0	33.438157929803054	21.67870372837993	15.130719825173895	29.752418516643125	0.0
32.0	34.50708009780477	15.51844587151033	22.63213047800736	27.34234355267754	0.0
33.0	26.087372928894908	18.92897700064305	20.39841836664888	34.58523170381316	0.0
34.0	32.21205176021752	16.957307785385854	19.08693609691517	31.743704357481455	0.0
35.0	27.7349069450749	20.962324103495234	20.593735814798002	30.709033136631863	0.0
