# Position (bp)	A	C	G	T	N
0.0	65.42817405126168	8.185972580965627	13.51082853169084	12.875024836081861	0.0
1.0	13.967812437909796	63.02404132724021	12.378303198887343	10.629843035962647	0.0
2.0	16.77839116719243	60.23264984227129	8.615930599369086	14.373028391167193	0.0
3.0	64.02594849616669	11.617849420090428	10.182818950265382	14.17338313347749	0.0
4.0	65.6385068762279	8.801571709233793	9.05697445972495	16.50294695481336	0.0
5.0	16.19234543670265	57.19332679097155	10.088321884200196	16.526005888125614	0.0
6.0	14.949970570924073	59.97645673925839	10.378654110260937	14.694918579556601	0.0
7.0	63.68452030606239	10.045124583088091	9.986266431234059	16.28408867961546	0.0
8.0	64.2675034320455	10.237301431653266	11.002157285742301	14.493037850558931	0.0
9.0	14.448147422074104	58.04744167810233	10.272495589100176	17.231915310723387	0.0
10.0	15.383107975700568	7.956104252400549	10.170487948265725	66.49029982363317	0.0
11.0	13.709361535448492	11.28084606345476	9.537798668233451	65.4719937328633	0.0
12.0	15.639068310824037	9.08201213544725	9.806224310041104	65.47269524368761	0.0
13.0	14.659890539483971	57.95543393275997	9.577795152462862	17.806880375293197	0.0
14.0	13.37890625	10.4296875	61.26953125	14.921875000000002	0.0
15.0	63.35476329631794	10.792908630430547	10.188973309955191	15.663354763296317	0.0
16.0	13.974309069676918	9.634098871156093	11.24951342934994	65.14207862981705	0.0
17.0	15.318818040435458	57.56220839813375	10.750388802488336	16.368584758942458	0.0
18.0	14.407766990291263	10.485436893203884	11.650485436893204	63.45631067961165	0.0
19.0	15.08336564559907	59.984490112446686	10.915083365645598	14.017060876308646	0.0
20.0	14.025923776359065	11.278777326368736	11.06597020700329	63.62932869026891	0.0
21.0	15.513910355486862	10.568006182380216	10.973724884080372	62.94435857805255	0.0
22.0	13.560956790123457	11.091820987654321	59.548611111111114	15.79861111111111	0.0
23.0	15.062680810028931	10.607521697203472	10.29893924783028	64.03085824493732	0.0
24.0	64.86121819583654	7.825751734772552	11.835003855050116	15.478026214340787	0.0
25.0	15.824980724749421	9.618350038550501	57.49807247494218	17.0585967617579	0.0
26.0	63.60308285163776	8.959537572254336	10.192678227360307	17.24470134874759	0.0
27.0	14.351762666152956	11.635523020612599	8.264303602388749	65.74841071084569	0.0
28.0	14.448083220959354	57.40705066461182	9.998073588903871	18.146792525524948	0.0
29.0	14.975938402309913	7.892204042348412	11.010587102983639	66.12127045235803	0.0
30.0	16.138384228836493	9.064553536915346	57.808272129880166	16.988790104367993	0.0
31.0	16.089731193192804	9.282537226842004	10.38483852252949	64.24289305743571	0.0
32.0	14.52676493405741	9.406516679596587	8.96043444530644	67.10628394103956	0.0
33.0	15.578865578865578	58.68298368298368	9.79020979020979	15.947940947940948	0.0
34.0	16.104503801910706	9.20257360109183	10.801325794501853	63.89159680249561	0.0
35.0	15.432701699550694	58.78101191638992	8.41961320570424	17.366673178355146	0.0
36.0	14.713363333985521	9.03932694189004	9.254549011935042	66.9927607121894	0.0
37.0	63.31175201098686	11.653914067098293	9.083774769472239	15.950559152442615	0.0
38.0	64.57883369330453	11.78087571176124	7.814647555468291	15.825643039465934	0.0
39.0	63.97870662460568	10.33123028391167	7.8667192429022075	17.823343848580443	0.0
40.0	14.599841521394612	59.21156893819335	11.133122028526149	15.055467511885896	0.0
41.0	15.891934843067142	8.402860548271752	60.30989272943981	15.395311879221296	0.0
42.0	63.868394815553344	10.388833499501496	9.970089730807578	15.772681954137587	0.0
43.0	65.25746343418153	10.719294730514926	10.25846523742737	13.764776597876176	0.0
44.0	16.26032641547451	59.64134596010477	7.918597622405803	16.17973000201491	0.0
45.0	29.35251798561151	15.611510791366905	16.402877697841728	38.63309352517986	0.0
46.0	31.088488645262334	14.056382145653876	19.890368050117463	34.964761158966326	0.0
47.0	31.56390363413638	18.456512862392813	17.190690077582687	32.78889342588812	0.0
48.0	27.481542247744052	20.54963084495488	20.057424118129614	31.91140278917145	0.0
49.0	28.054298642533936	20.855614973262032	17.811600164541343	33.27848621966269	0.0
50.0	28.059332509270707	23.156159868149977	17.428924598269468	31.355583024309848	0.0
51.0	29.404466501240694	20.22332506203474	16.00496277915633	34.36724565756824	0.0
52.0	32.33706932337069	16.853466168534663	18.38937318389373	32.42009132420091	0.0
53.0	29.231415371692567	18.81562368752625	21.41957160856783	30.533389332213357	0.0
54.0	28.34314550042052	24.053826745164002	21.026072329688812	26.576955424726663	0.0
55.0	31.547870097005482	17.376634331505695	18.17798397300717	32.89751159848166	0.0
56.0	27.67668218366483	17.647058823529413	23.952602623783324	30.72365636902243	0.0
57.0	30.162116040955635	19.752559726962456	19.880546075085324	30.204778156996586	0.0
58.0	27.161572052401745	21.048034934497817	18.16593886462882	33.624454148471614	0.0
59.0	28.4452296819788	18.153710247349824	20.848056537102476	32.553003533568905	0.0
60.0	29.34105075690116	17.6313446126447	19.54585930543188	33.48174532502226	0.0
61.0	26.654740608228984	17.93381037567084	22.853309481216456	32.55813953488372	0.0
62.0	27.660529860799283	20.02694207453974	23.259991019308487	29.052537045352494	0.0
63.0	34.49367088607595	18.083182640144667	20.11754068716094	27.305605786618447	0.0
64.0	28.986824170831436	18.037255792821444	21.899136756019992	31.076783280327124	0.0
65.0	29.931662870159453	17.76765375854214	23.234624145785876	29.066059225512532	0.0
66.0	28.82594792142531	16.08040201005025	21.33394243947008	33.75970762905436	0.0
67.0	29.2067858780376	17.10224667583677	19.348922512608898	34.34204493351673	0.0
68.0	25.76036866359447	20.55299539170507	18.755760368663594	34.93087557603687	0.0
69.0	27.587800369685766	19.408502772643253	22.7818853974122	30.22181146025878	0.0
70.0	31.37436372049977	19.52799629801018	19.01897269782508	30.078667283664974	0.0
71.0	27.25581395348837	23.069767441860463	19.906976744186046	29.767441860465116	0.0
72.0	28.97674418604651	20.13953488372093	20.232558139534884	30.651162790697672	0.0
73.0	29.636533084808946	17.474370922646784	21.528424976700837	31.360671015843426	0.0
74.0	29.447565543071164	18.49250936329588	22.47191011235955	29.588014981273407	0.0
75.0	29.20395666509656	20.160150730098916	21.05511069241639	29.580781912388133	0.0
76.0	29.58942897593204	19.5375176970269	18.310523831996225	32.562529495044835	0.0
77.0	30.58712121212121	21.354166666666664	16.90340909090909	31.155303030303028	0.0
78.0	29.96665078608861	18.437351119580754	18.723201524535494	32.87279656979514	0.0
79.0	30.229226361031518	20.773638968481375	17.191977077363894	31.805157593123205	0.0
80.0	29.549808429118773	17.480842911877396	21.743295019157088	31.226053639846747	0.0
81.0	28.24207492795389	19.116234390009605	18.29971181556196	34.34197886647454	0.0
82.0	32.83582089552239	17.91044776119403	21.32883967260472	27.924891670678864	0.0
83.0	28.337349397590362	19.08433734939759	22.120481927710845	30.457831325301203	0.0
84.0	26.96030977734753	19.651500484027107	21.151984511132625	32.23620522749274	0.0
85.0	31.03448275862069	17.629917435648373	20.349684312773192	30.985915492957744	0.0
86.0	32.75024295432459	17.395529640427597	21.039844509232264	28.81438289601555	0.0
87.0	33.46360527601368	19.00341963849536	20.85979482169028	26.673180263800685	0.0
88.0	34.5703125	18.701171875	17.08984375	29.638671875	0.0
89.0	29.749631811487482	15.954835542464407	17.623956799214533	36.671575846833576	0.0
90.0	31.508213041314086	16.02787456445993	19.412643106022898	33.05126928820308	0.0
91.0	29.34131736526946	22.15568862275449	16.56686626746507	31.936127744510976	0.0
92.0	31.734132933533232	18.640679660169916	16.241879060469767	33.38330834582708	0.0
93.0	32.9	17.95	19.55	29.599999999999998	0.0
94.0	31.234256926952142	16.77581863979849	20.302267002518892	31.687657430730475	0.0
95.0	29.924050632911392	17.063291139240505	21.924050632911392	31.088607594936708	0.0
96.0	29.101066531234128	17.673946165566274	19.1467750126968	34.07821229050279	0.0
97.0	31.88331627430911	18.474923234390992	18.62845445240532	31.013306038894573	0.0
98.0	30.01027749229188	19.63001027749229	17.78006166495375	32.57965056526208	0.0
99.0	30.252968508002066	18.48218895198761	19.153329891584924	32.1115126484254	0.0
100.0	31.79460580912863	13.3298755186722	20.228215767634854	34.64730290456431	0.0
101.0	32.41271495570609	17.30067743616467	20.27097446586764	30.015633142261596	0.0
102.0	31.524008350730686	15.762004175365343	21.86847599164927	30.845511482254693	0.0
103.0	30.31413612565445	16.963350785340314	20.209424083769633	32.5130890052356	0.0
104.0	29.383886255924168	18.272775144813057	20.379146919431278	31.964191679831487	0.0
105.0	27.17161016949153	18.96186440677966	20.18008474576271	33.686440677966104	0.0
106.0	31.704726500265533	18.05629314922995	19.75570897503983	30.483271375464682	0.0
107.0	31.446876668446343	17.72557394554191	19.006940736785904	31.82060864922584	0.0
108.0	34.118907337975365	16.818425281199787	15.854311730048206	33.20835565077665	0.0
109.0	28.456159225389992	19.956966110812267	19.526627218934912	32.060247444862824	0.0
110.0	26.10810810810811	19.83783783783784	20.64864864864865	33.4054054054054	0.0
111.0	29.723876556578233	18.24580400649702	20.249052517596102	31.781266919328644	0.0
112.0	27.9499728113105	19.9021207177814	21.859706362153343	30.288200108754758	0.0
113.0	30.266739248775178	19.216113228089277	17.583015786608602	32.93413173652694	0.0
114.0	29.203056768558948	17.740174672489083	20.03275109170306	33.0240174672489	0.0
115.0	27.397260273972602	18.794520547945208	18.465753424657535	35.342465753424655	0.0
116.0	28.092358438702586	20.34084661902144	19.516217702034087	32.05057724024189	0.0
117.0	30.501930501930502	20.022062879205738	18.091560948703805	31.384445670159955	0.0
118.0	27.227448810182626	18.206972883231877	19.53514111787493	35.03043718871057	0.0
119.0	23.128119800332776	20.1885745978924	26.12312811980033	30.56017748197449	0.0
120.0	27.712854757929883	22.25932109070673	20.70116861435726	29.32665553700612	0.0
121.0	30.657748049052397	19.007803790412485	19.007803790412485	31.32664437012263	0.0
122.0	30.536912751677853	15.659955257270694	20.246085011185684	33.557046979865774	0.0
123.0	30.57110862262038	17.91713325867861	20.6047032474804	30.90705487122061	0.0
124.0	30.661434977578477	18.329596412556054	19.338565022421523	31.670403587443946	0.0
125.0	28.442945474985947	19.05564924114671	19.224283305227654	33.277121978639684	0.0
126.0	31.32054176072235	18.397291196388263	18.905191873589164	31.376975169300223	0.0
127.0	28.984685195689163	19.398752127056156	21.100397050482133	30.516165626772544	0.0
128.0	31.24644280022766	17.643710870802504	18.099032441661926	33.01081388730791	0.0
129.0	31.03251568739304	17.969195664575015	17.113519680547633	33.88476896748431	0.0
130.0	30.148741418764303	18.64988558352403	15.675057208237986	35.526315789473685	0.0
131.0	30.879815986198967	20.701552616446232	18.458884416331227	29.959746981023578	0.0
132.0	29.815455594002305	18.685121107266436	20.703575547866205	30.79584775086505	0.0
133.0	28.108733371891265	21.399652978600347	20.01156737998843	30.480046269519956	0.0
134.0	26.205694363742012	21.90586868099942	19.349215572341663	32.539221382916914	0.0
135.0	28.27102803738318	17.289719626168225	19.626168224299064	34.81308411214953	0.0
136.0	27.09677419354839	17.06744868035191	22.639296187683282	33.19648093841642	0.0
137.0	28.336272780717227	17.577895355673135	20.04703115814227	34.038800705467374	0.0
138.0	28.032979976442874	18.78680800942285	19.905771495877502	33.27444051825677	0.0
139.0	27.374631268436577	20.058997050147493	20.0	32.56637168141593	0.0
140.0	31.00177830468287	15.708358032009484	19.79845880260818	33.49140486069946	0.0
141.0	31.65083135391924	17.636579572446557	19.061757719714965	31.65083135391924	0.0
142.0	32.69803454437165	14.592019058963668	18.880285884455034	33.82966051220965	0.0
143.0	33.59281437125748	17.185628742514968	19.940119760479043	29.281437125748504	0.0
144.0	32.34939759036145	18.192771084337352	17.650602409638555	31.807228915662648	0.0
145.0	29.340592861464003	18.753781004234725	19.782214156079856	32.12341197822142	0.0
146.0	29.690346083788704	18.822100789313904	18.154219793564057	33.33333333333333	0.0
147.0	31.41809290953545	16.625916870415647	18.45965770171149	33.496332518337404	0.0
148.0	27.334152334152336	18.857493857493857	20.577395577395578	33.23095823095823	0.0
149.0	30.39457459926017	19.42046855733662	16.892725030826142	33.292231812577064	0.0
150.0	27.99752781211372	19.77750309023486	19.15945611866502	33.065512978986405	0.0
151.0	27.905531385954006	19.390926041019267	20.94468614045991	31.758856432566812	0.0
152.0	27.114427860696516	18.718905472636816	17.9726368159204	36.19402985074627	0.0
153.0	30.006238303181537	18.652526512788523	18.527760449157828	32.813474734872116	0.0
154.0	30.48397234443746	16.090509113764927	20.55311125078567	32.87240729101194	0.0
155.0	30.64820641913153	20.26431718061674	16.42542479546885	32.66205160478288	0.0
156.0	30.919395465994963	16.68765743073048	18.828715365239297	33.56423173803527	0.0
157.0	32.045598480050664	17.73274224192527	19.696010132995568	30.5256491450285	0.0
158.0	28.833967046894806	21.863117870722434	17.807351077313054	31.49556400506971	0.0
159.0	35.21932612841704	14.24030514939606	18.118245390972664	32.422123331214245	0.0
160.0	26.00896860986547	19.34657270980141	24.023062139654066	30.62139654067905	0.0
161.0	28.893178893178895	18.21106821106821	21.10682110682111	31.78893178893179	0.0
162.0	30.44602456367162	18.81060116354234	21.78409825468649	28.95927601809955	0.0
163.0	29.61762799740765	16.591056383668178	19.118600129617626	34.67271548930654	0.0
164.0	30.624187256176853	15.149544863459038	22.041612483745123	32.184655396618986	0.0
165.0	32.17789404839764	17.920209287115764	21.71353826030085	28.188358404185742	0.0
166.0	27.05727452271231	19.618169848584596	20.86899275839368	32.455562870309414	0.0
167.0	27.29676140118969	19.365499008592202	22.80237937871778	30.53536021150033	0.0
168.0	26.838966202783297	19.41683233929755	20.212060967528164	33.53214049039099	0.0
169.0	27.363515312916114	18.10918774966711	20.572569906790946	33.95472703062583	0.0
170.0	30.93476798924008	15.870880968392736	19.031607262945528	34.16274377942165	0.0
171.0	29.56698240866035	18.33558863328823	16.847090663058186	35.250338294993234	0.0
172.0	27.921195652173914	21.875	16.71195652173913	33.49184782608695	0.0
173.0	29.543907420013614	19.332879509870658	18.720217835262083	32.40299523485364	0.0
174.0	31.292984869325995	20.357634112792297	18.363136176066025	29.98624484181568	0.0
175.0	29.88904299583911	17.475728155339805	21.220527045769764	31.41470180305132	0.0
176.0	29.263157894736842	18.87719298245614	19.649122807017545	32.21052631578947	0.0
177.0	27.722772277227726	20.86280056577086	18.81188118811881	32.6025459688826	0.0
178.0	26.585887384176765	21.88168210976479	21.097647897362794	30.434782608695656	0.0
179.0	25.017921146953405	19.92831541218638	22.22222222222222	32.831541218637994	0.0
180.0	30.08658008658009	15.656565656565657	20.77922077922078	33.477633477633475	0.0
181.0	27.450980392156865	19.753086419753085	19.535221496005807	33.26071169208424	0.0
182.0	33.21167883211679	18.175182481751825	18.759124087591243	29.854014598540147	0.0
183.0	28.193832599118945	23.641703377386197	19.823788546255507	28.34067547723935	0.0
184.0	30.05181347150259	21.169504071058476	19.096965210954846	29.681717246484084	0.0
185.0	29.157345264727812	19.463087248322147	22.44593586875466	28.933631618195378	0.0
186.0	28.75280059746079	18.297236743838685	23.002240477968634	29.94772218073189	0.0
187.0	29.760119940029984	22.638680659670165	15.742128935532234	31.859070464767612	0.0
188.0	28.560663149962323	20.874152223059532	19.74378296910324	30.821401657874908	0.0
189.0	30.945121951219512	18.597560975609756	20.045731707317074	30.41158536585366	0.0
190.0	31.340996168582375	18.620689655172416	19.00383141762452	31.03448275862069	0.0
191.0	29.230769230769234	18.76923076923077	18.53846153846154	33.46153846153846	0.0
192.0	30.333591931730027	20.403413498836308	20.17067494181536	29.092319627618306	0.0
193.0	29.98442367601246	18.06853582554517	21.884735202492212	30.062305295950154	0.0
194.0	29.199372056514918	20.800627943485086	20.957613814756673	29.04238618524333	0.0
195.0	29.249011857707508	18.814229249011856	20.632411067193676	31.30434782608696	0.0
196.0	28.365384615384613	19.471153846153847	20.993589743589745	31.169871794871796	0.0
197.0	29.092382495948137	19.854132901134523	21.88006482982172	29.17341977309562	0.0
198.0	28.677685950413224	23.05785123966942	20.743801652892564	27.520661157024794	0.0
199.0	27.637314734088932	23.45248474280732	19.09328683522232	29.81691368788143	0.0
200.0	27.720739219712527	17.5564681724846	21.45790554414784	33.26488706365503	0.0
201.0	34.63768115942029	17.101449275362317	16.231884057971012	32.028985507246375	0.0
202.0	37.445573294629895	16.545718432510885	18.432510885341074	27.576197387518143	0.0
203.0	33.43065693430657	19.708029197080293	20.72992700729927	26.13138686131387	0.0
204.0	36.1890694239291	17.872968980797637	21.270310192023633	24.66765140324963	0.0
205.0	32.544378698224854	18.93491124260355	23.668639053254438	24.85207100591716	0.0
206.0	28.041543026706233	20.326409495548962	20.02967359050445	31.602373887240354	0.0
207.0	25.705794947994054	22.436849925705797	16.939078751857355	34.91827637444279	0.0
208.0	27.05530642750374	15.994020926756352	22.122571001494766	34.82810164424514	0.0
209.0	20.726172465960666	20.574886535552196	20.87745839636914	37.821482602118	0.0
210.0	27.59146341463415	15.24390243902439	19.817073170731707	37.34756097560975	0.0
211.0	30.87557603686636	20.583717357910906	17.972350230414747	30.568356374807987	0.0
212.0	27.889060092449924	15.10015408320493	24.03697996918336	32.973805855161785	0.0
213.0	27.596899224806204	19.069767441860467	20.930232558139537	32.4031007751938	0.0
214.0	31.513260530421217	26.98907956318253	16.536661466458657	24.960998439937597	0.0
215.0	28.639240506329116	24.841772151898734	16.297468354430382	30.22151898734177	0.0
216.0	32.800000000000004	16.96	18.4	31.840000000000003	0.0
217.0	25.525040387722132	17.932148626817447	22.45557350565428	34.087237479806134	0.0
218.0	28.95174708818636	15.806988352745424	19.467554076539102	35.77371048252912	0.0
219.0	19.672131147540984	21.67577413479053	27.140255009107467	31.51183970856102	0.0
220.0	0.0	34.530386740331494	27.348066298342545	38.12154696132597	0.0
