# Position (bp)	A	C	G	T	N
0.0	81.00442362737445	5.438459536820193	6.1150143117356235	7.442102524069736	0.0
1.0	6.24512099921936	80.32786885245902	7.59823054905022	5.828779599271402	0.0
2.0	8.228011348981171	78.2563838019087	5.648697446479237	7.8669074026309005	0.0
3.0	80.62194808532512	5.551272166538165	5.448470830120791	8.378308918015934	0.0
4.0	80.49781883500128	6.13292276109828	4.721580703104952	8.647677700795484	0.0
5.0	8.643241856886382	77.43011028468838	5.437291613234162	8.489356245191075	0.0
6.0	9.456688877498719	77.29369554074833	5.407483341875961	7.842132239876987	0.0
7.0	81.24519600307455	5.14988470407379	5.559825775044837	8.045093517806816	0.0
8.0	80.1485655737705	6.736680327868852	5.584016393442623	7.530737704918032	0.0
9.0	8.194622279129321	76.5685019206146	5.2752880921895	9.961587708066581	0.0
10.0	8.090117767537123	4.81310803891449	5.350742447516641	81.74603174603175	0.0
11.0	7.680491551459294	5.6067588325652835	5.529953917050691	81.18279569892472	0.0
12.0	8.139237266444843	6.168415664192476	5.426158177629895	80.2661888917328	0.0
13.0	7.841634738186462	76.52618135376757	6.334610472541508	9.297573435504471	0.0
14.0	8.269525267993874	5.895865237366003	77.76927003573252	8.065339458907605	0.0
15.0	77.90519877675841	6.014271151885831	6.269113149847094	9.811416921508664	0.0
16.0	7.226463104325699	6.28498727735369	6.030534351145038	80.45801526717557	0.0
17.0	8.99390243902439	75.71138211382113	5.919715447154472	9.375	0.0
18.0	8.282520325203253	6.529471544715447	5.741869918699187	79.4461382113821	0.0
19.0	8.221263638670388	76.85866531337224	5.937579294595281	8.98249175336209	0.0
20.0	8.151898734177216	6.075949367088607	5.69620253164557	80.07594936708861	0.0
21.0	8.19423368740516	5.791603439554882	6.828528072837632	79.18563480020234	0.0
22.0	7.987866531850354	5.283114256825075	76.69362992922144	10.035389282103134	0.0
23.0	9.04725802375537	5.888299216578216	5.711397523376295	79.35304523629011	0.0
24.0	79.02981303688732	5.07832238504295	6.695300656897422	9.19656392117231	0.0
25.0	9.044972208185953	5.255179383527034	75.72006063668519	9.979787771601819	0.0
26.0	79.23718110633999	4.748673907552412	5.279110886587522	10.735034099520082	0.0
27.0	7.375599898964386	7.123010861328619	4.319272543571609	81.18211669613538	0.0
28.0	7.880777974235918	75.90300580954786	4.420308158625915	11.7959080575903	0.0
29.0	9.242424242424242	4.722222222222222	5.252525252525253	80.78282828282828	0.0
30.0	8.863636363636363	5.328282828282829	75.17676767676768	10.631313131313131	0.0
31.0	9.371053296286942	4.470825966153069	5.607476635514018	80.55064410204598	0.0
32.0	9.093205354887598	5.885324576913361	5.1022985602424855	79.91917150795655	0.0
33.0	8.512250568325335	76.18085375094721	5.354887597878252	9.952008082849204	0.0
34.0	9.818273599192327	4.8965169106511865	5.5275113579000505	79.75769813225644	0.0
35.0	9.22415971695729	5.2817791256002025	5.02906242102603	80.46499873641648	0.0
36.0	9.33636134241736	5.500883169316174	5.374716124148373	79.78803936411809	0.0
37.0	79.23193532086913	5.886811520970188	5.836280949974735	9.044972208185953	0.0
38.0	80.38967611336032	6.452429149797571	4.175101214574899	8.982793522267206	0.0
39.0	79.0632911392405	6.860759493670885	4.2784810126582276	9.79746835443038	0.0
40.0	8.124525436598331	75.70235383447228	6.757782839787396	9.41533788914199	0.0
41.0	8.858820525912687	4.774061781976002	77.25299974470258	9.114117947408731	0.0
42.0	80.1750772399588	4.994850669412976	6.230690010298661	8.599382080329557	0.0
43.0	79.36548877998453	6.370905339179778	5.648697446479237	8.614908434356462	0.0
44.0	9.385532797511019	76.25097225823178	4.926108374384237	9.43738656987296	0.0
45.0	16.336206896551726	7.28448275862069	9.008620689655173	67.37068965517241	0.0
46.0	25.698704839809132	12.678936605316974	13.496932515337424	48.125426039536464	0.0
47.0	31.84257602862254	15.11627906976744	17.620751341681572	35.42039355992844	0.0
48.0	28.07174887892377	20.896860986547086	18.116591928251122	32.91479820627803	0.0
49.0	28.430493273542602	20.986547085201792	18.295964125560538	32.28699551569507	0.0
50.0	25.972850678733035	22.624434389140273	17.466063348416288	33.93665158371041	0.0
51.0	27.330316742081447	19.004524886877828	16.561085972850677	37.10407239819005	0.0
52.0	28.36495031616983	18.337850045167116	19.241192411924118	34.056007226738934	0.0
53.0	30.74141048824593	19.710669077757686	20.88607594936709	28.661844484629295	0.0
54.0	30.67873303167421	21.085972850678733	16.561085972850677	31.674208144796378	0.0
55.0	32.39819004524887	15.92760180995475	20.81447963800905	30.85972850678733	0.0
56.0	26.738934056007224	20.41553748870822	20.68654019873532	32.15898825654923	0.0
57.0	31.16531165311653	18.247515808491418	22.04155374887082	28.545618789521228	0.0
58.0	29.475587703435806	18.44484629294756	18.9873417721519	33.09222423146474	0.0
59.0	28.028933092224236	18.083182640144667	22.06148282097649	31.82640144665461	0.0
60.0	27.848101265822784	19.981916817359853	19.981916817359853	32.1880650994575	0.0
61.0	25.49728752260398	18.17359855334539	22.78481012658228	33.54430379746836	0.0
62.0	27.6268115942029	21.105072463768117	20.652173913043477	30.61594202898551	0.0
63.0	33.303167420814475	17.104072398190045	20.271493212669682	29.321266968325794	0.0
64.0	28.5972850678733	20.81447963800905	22.35294117647059	28.235294117647058	0.0
65.0	28.661844484629295	20.34358047016275	21.518987341772153	29.475587703435806	0.0
66.0	30.10849909584087	15.280289330922242	21.79023508137432	32.82097649186257	0.0
67.0	27.732610659439928	16.53116531165312	20.05420054200542	35.682023486901535	0.0
68.0	25.022583559168925	20.41553748870822	19.241192411924118	35.320686540198736	0.0
69.0	26.01626016260163	18.247515808491418	22.854561878952122	32.881662149954835	0.0
70.0	29.11392405063291	23.146473779385172	17.811934900542497	29.92766726943942	0.0
71.0	29.38517179023508	20.34358047016275	19.529837251356238	30.74141048824593	0.0
72.0	28.20976491862568	18.806509945750452	20.253164556962027	32.730560578661844	0.0
73.0	27.782805429864254	19.81900452488688	21.71945701357466	30.67873303167421	0.0
74.0	31.131221719457013	17.104072398190045	22.35294117647059	29.411764705882355	0.0
75.0	27.239819004524886	20.09049773755656	22.262443438914026	30.407239819004523	0.0
76.0	29.321266968325794	20.271493212669682	18.733031674208146	31.674208144796378	0.0
77.0	29.140271493212673	19.728506787330318	18.552036199095024	32.57918552036199	0.0
78.0	30.04524886877828	21.53846153846154	18.190045248868778	30.226244343891402	0.0
79.0	29.257246376811597	20.108695652173914	19.021739130434785	31.61231884057971	0.0
80.0	29.102447869446962	16.953762466001812	20.852221214868543	33.09156844968268	0.0
81.0	28.428701180744774	18.1653042688465	18.34695731153497	35.05903723887375	0.0
82.0	31.970935513169845	17.166212534059948	21.707538601271573	29.155313351498634	0.0
83.0	28.519527702089007	19.346049046321525	22.70663033605813	29.427792915531338	0.0
84.0	26.975476839237057	19.255222524977295	21.88919164396004	31.88010899182561	0.0
85.0	32.575068243858055	18.471337579617835	20.291173794358507	28.662420382165603	0.0
86.0	31.028207461328485	19.654231119199274	20.564149226569608	28.753412192902637	0.0
87.0	32.93903548680619	19.472247497725203	19.29026387625114	28.29845313921747	0.0
88.0	35.850773430391264	18.1073703366697	16.65150136487716	29.390354868061873	0.0
89.0	29.754322111010005	17.197452229299362	18.471337579617835	34.57688808007279	0.0
90.0	29.326047358834245	17.48633879781421	20.309653916211293	32.87795992714025	0.0
91.0	30.355515041020965	19.325432999088424	18.505013673655423	31.814038286235185	0.0
92.0	30.81130355515041	20.875113947128533	15.952597994530537	32.36098450319052	0.0
93.0	32.39051094890511	18.248175182481752	18.52189781021898	30.83941605839416	0.0
94.0	32.20802919708029	16.240875912408757	18.704379562043798	32.846715328467155	0.0
95.0	31.751824817518248	16.78832116788321	17.88321167883212	33.57664233576642	0.0
96.0	30.2836230558097	18.023787740164686	18.023787740164686	33.66880146386093	0.0
97.0	30.649588289112533	17.932296431838974	18.389752973467523	33.02836230558097	0.0
98.0	30.586080586080588	20.146520146520146	19.230769230769234	30.036630036630036	0.0
99.0	32.78388278388278	17.49084249084249	18.223443223443223	31.5018315018315	0.0
100.0	32.10671573137074	13.063477460901565	19.687212511499542	35.142594296228154	0.0
101.0	32.903225806451616	17.050691244239633	20.55299539170507	29.493087557603687	0.0
102.0	31.330868761552683	15.526802218114602	22.828096118299445	30.31423290203327	0.0
103.0	26.827012025901944	17.391304347826086	20.07400555041628	35.70767807585569	0.0
104.0	26.179463459759482	17.853839037927845	21.554116558741907	34.41258094357077	0.0
105.0	29.101019462465246	18.257645968489342	18.443002780352177	34.19833178869324	0.0
106.0	31.38347260909935	18.848653667595173	19.312906220984217	30.45496750232126	0.0
107.0	32.68156424581006	18.24953445065177	17.59776536312849	31.471135940409685	0.0
108.0	33.33333333333333	16.900093370681606	17.92717086834734	31.83940242763772	0.0
109.0	28.651685393258425	21.53558052434457	19.288389513108616	30.52434456928839	0.0
110.0	27.485928705440898	20.356472795497186	18.94934333958724	33.20825515947467	0.0
111.0	29.25682031984948	18.25023518344309	21.16650987770461	31.326434619002825	0.0
112.0	27.521206409048066	19.038642789820923	20.735155513666353	32.704995287464655	0.0
113.0	30.68932955618508	19.54674220963173	18.035882908404155	31.728045325779036	0.0
114.0	30.047393364928908	17.535545023696685	20.0	32.41706161137441	0.0
115.0	27.160493827160494	18.42355175688509	19.943019943019944	34.472934472934476	0.0
116.0	26.64129400570885	19.980970504281636	19.790675547098	33.58705994291151	0.0
117.0	31.398667935299713	18.363463368220742	18.07802093244529	32.159847764034254	0.0
118.0	26.54614652711703	18.07802093244529	22.549952426260706	32.825880114176975	0.0
119.0	24.33206106870229	20.896946564885496	27.099236641221374	27.671755725190838	0.0
120.0	25.862068965517242	23.371647509578544	22.988505747126435	27.77777777777778	0.0
121.0	28.338136407300674	19.98078770413064	19.500480307396735	32.18059558117195	0.0
122.0	30.539499036608863	18.015414258188827	20.616570327552985	30.828516377649322	0.0
123.0	32.97974927675988	18.80424300867888	18.70781099324976	29.508196721311474	0.0
124.0	29.951690821256037	19.130434782608695	19.22705314009662	31.69082125603865	0.0
125.0	28.212560386473427	19.613526570048307	18.84057971014493	33.33333333333333	0.0
126.0	32.68671193016489	18.040737148399614	17.16779825412221	32.104752667313285	0.0
127.0	29.582929194956353	18.71968962172648	21.43549951503395	30.26188166828322	0.0
128.0	33.07468477206596	16.39185257032008	19.398642095053344	31.134820562560623	0.0
129.0	29.057337220602523	18.950437317784257	18.4645286686103	33.52769679300292	0.0
130.0	30.60428849902534	19.68810916179337	15.984405458089668	33.72319688109162	0.0
131.0	29.549902152641877	19.960861056751465	17.5146771037182	32.974559686888455	0.0
132.0	29.74559686888454	18.590998043052835	22.700587084148726	28.962818003913892	0.0
133.0	27.984344422700584	22.211350293542072	19.17808219178082	30.626223091976517	0.0
134.0	26.176470588235297	21.470588235294116	19.31372549019608	33.03921568627451	0.0
135.0	27.13864306784661	18.3874139626352	21.238938053097346	33.23500491642085	0.0
136.0	24.532019704433498	18.029556650246306	22.364532019704434	35.073891625615765	0.0
137.0	28.500986193293887	17.75147928994083	18.93491124260355	34.81262327416174	0.0
138.0	28.205128205128204	18.14595660749507	20.216962524654832	33.43195266272189	0.0
139.0	30.108588351431393	17.867719644619942	20.829220138203354	31.19447186574531	0.0
140.0	28.55731225296443	16.50197628458498	21.14624505928854	33.794466403162055	0.0
141.0	31.57894736842105	16.08738828202582	19.761668321747766	32.57199602780536	0.0
142.0	32.76892430278885	15.836653386454183	18.52589641434263	32.86852589641434	0.0
143.0	32.734530938123754	19.16167664670659	18.263473053892216	29.840319361277444	0.0
144.0	32.565130260521045	17.835671342685373	18.13627254509018	31.462925851703403	0.0
145.0	31.42570281124498	16.46586345381526	17.9718875502008	34.13654618473896	0.0
146.0	28.600201409869086	18.831822759315205	20.241691842900302	32.3262839879154	0.0
147.0	29.162462159434916	17.255297679112008	18.869828456104944	34.71241170534813	0.0
148.0	28.91809908998989	19.919110212335692	19.009100101112235	32.153690596562186	0.0
149.0	31.243680485338725	20.82912032355915	18.503538928210315	29.42366026289181	0.0
150.0	28.716904276985744	20.977596741344197	17.311608961303463	32.9938900203666	0.0
151.0	27.096114519427406	19.836400817995912	20.245398773006134	32.82208588957055	0.0
152.0	27.840327533265096	19.140225179119756	19.447287615148415	33.57215967246673	0.0
153.0	30.349794238683124	17.695473251028808	20.267489711934157	31.68724279835391	0.0
154.0	31.92148760330579	15.702479338842975	20.867768595041323	31.508264462809915	0.0
155.0	30.9375	20.0	16.5625	32.5	0.0
156.0	31.341719077568136	16.561844863731658	17.81970649895178	34.276729559748425	0.0
157.0	31.506849315068493	17.702845100105375	20.337197049525816	30.453108535300316	0.0
158.0	28.02950474183351	20.864067439409904	16.859852476290833	34.24657534246575	0.0
159.0	34.32203389830508	15.572033898305085	19.279661016949152	30.826271186440678	0.0
160.0	27.02127659574468	18.085106382978726	22.5531914893617	32.340425531914896	0.0
161.0	30.439442658092176	20.15005359056806	20.257234726688104	29.153269024651664	0.0
162.0	30.17241379310345	19.288793103448278	20.04310344827586	30.495689655172413	0.0
163.0	29.22077922077922	16.99134199134199	17.424242424242426	36.36363636363637	0.0
164.0	30.217391304347824	14.23913043478261	22.282608695652172	33.26086956521739	0.0
165.0	30.718954248366014	18.736383442265794	21.78649237472767	28.75816993464052	0.0
166.0	27.480916030534353	18.86586695747001	21.483097055616142	32.1701199563795	0.0
167.0	28.30601092896175	19.672131147540984	21.530054644808743	30.491803278688522	0.0
168.0	27.78993435448578	19.474835886214443	19.803063457330417	32.93216630196937	0.0
169.0	27.850877192982455	16.337719298245617	19.846491228070175	35.96491228070175	0.0
170.0	29.48294829482948	16.061606160616062	19.691969196919693	34.763476347634764	0.0
171.0	31.677704194260485	17.108167770419428	17.218543046357617	33.99558498896248	0.0
172.0	29.490022172949004	20.066518847006652	16.62971175166297	33.813747228381374	0.0
173.0	30.400890868596882	17.59465478841871	21.714922048997774	30.28953229398664	0.0
174.0	30.15695067264574	18.721973094170405	18.946188340807176	32.17488789237668	0.0
175.0	27.97281993204983	17.440543601359003	21.7440543601359	32.84258210645527	0.0
176.0	30.17142857142857	17.942857142857143	19.885714285714286	32.0	0.0
177.0	29.931192660550458	21.788990825688074	18.46330275229358	29.81651376146789	0.0
178.0	27.11471610660487	22.711471610660485	20.278099652375435	29.89571263035921	0.0
179.0	26.223776223776223	19.46386946386946	23.193473193473192	31.11888111888112	0.0
180.0	29.328621908127207	16.489988221436985	19.78798586572438	34.39340400471143	0.0
181.0	27.55344418052256	18.52731591448931	20.902612826603324	33.0166270783848	0.0
182.0	31.45933014354067	19.138755980861244	20.334928229665074	29.066985645933013	0.0
183.0	30.09592326139089	21.70263788968825	21.103117505995204	27.098321342925658	0.0
184.0	31.44578313253012	19.397590361445783	18.313253012048193	30.843373493975907	0.0
185.0	28.381642512077292	20.28985507246377	23.792270531400966	27.536231884057973	0.0
186.0	28.640776699029125	18.325242718446603	22.694174757281555	30.339805825242717	0.0
187.0	29.024390243902438	21.70731707317073	17.804878048780488	31.463414634146343	0.0
188.0	31.901840490797547	18.650306748466257	19.509202453987733	29.938650306748464	0.0
189.0	28.553770086526576	20.148331273176762	19.65389369592089	31.64400494437577	0.0
190.0	29.228855721393032	17.16417910447761	19.402985074626866	34.20398009950249	0.0
191.0	29.875	20.0	19.0	31.125000000000004	0.0
192.0	30.18867924528302	18.9937106918239	21.0062893081761	29.81132075471698	0.0
193.0	29.277566539923956	17.743979721166035	21.546261089987325	31.432192648922687	0.0
194.0	27.53807106598985	22.84263959390863	21.19289340101523	28.426395939086298	0.0
195.0	27.249357326478147	20.822622107969153	19.794344473007712	32.13367609254499	0.0
196.0	26.918075422626785	19.63589076723017	21.066319895968793	32.37971391417425	0.0
197.0	30.911492734478202	17.8335535006605	21.400264200792602	29.854689564068693	0.0
198.0	27.111716621253407	22.479564032697546	22.3433242506812	28.065395095367844	0.0
199.0	28.59195402298851	23.850574712643677	19.54022988505747	28.01724137931034	0.0
200.0	27.863247863247864	16.41025641025641	18.803418803418804	36.92307692307693	0.0
201.0	32.46445497630332	19.194312796208532	18.009478672985782	30.33175355450237	0.0
202.0	36.124401913875595	16.028708133971293	18.899521531100476	28.947368421052634	0.0
203.0	34.05275779376499	16.546762589928058	19.904076738609113	29.496402877697843	0.0
204.0	32.608695652173914	16.666666666666664	26.32850241545894	24.396135265700483	0.0
205.0	33.25242718446602	14.805825242718445	25.728155339805824	26.21359223300971	0.0
206.0	32.926829268292686	20.0	18.29268292682927	28.780487804878046	0.0
207.0	24.449877750611247	24.205378973105134	17.359413202933986	33.98533007334964	0.0
208.0	25.307125307125304	18.67321867321867	21.62162162162162	34.3980343980344	0.0
209.0	23.690773067331673	22.443890274314214	19.70074812967581	34.1645885286783	0.0
210.0	26.0	19.0	17.5	37.5	0.0
211.0	33.41708542713568	17.839195979899497	19.34673366834171	29.396984924623116	0.0
212.0	28.030303030303028	15.151515151515152	24.747474747474747	32.07070707070707	0.0
213.0	27.66497461928934	21.31979695431472	17.00507614213198	34.01015228426396	0.0
214.0	30.102040816326532	22.95918367346939	19.132653061224488	27.806122448979593	0.0
215.0	27.94871794871795	25.128205128205128	17.94871794871795	28.974358974358978	0.0
216.0	33.76623376623377	18.441558441558442	16.623376623376622	31.16883116883117	0.0
217.0	27.821522309711288	15.485564304461944	23.62204724409449	33.07086614173229	0.0
218.0	28.342245989304814	17.914438502673796	18.983957219251337	34.75935828877005	0.0
219.0	21.32564841498559	21.32564841498559	25.072046109510087	32.27665706051873	0.0
220.0	0.0	31.877729257641924	25.327510917030565	42.79475982532751	0.0
