# Position (bp)	A	C	G	T	N
0.0	26.354266613018044	24.74356990312297	23.447955677984464	25.454207805874525	0.0
1.0	25.59596397288681	20.817728806214987	14.62069392429354	38.96561329660466	0.0
2.0	28.01919224395914	19.25840278980041	18.65431701827715	34.0680879479633	0.0
3.0	23.67281376455688	22.73375961449356	15.39863466468971	38.19479195625984	0.0
4.0	33.022403032342105	14.211634266947348	14.58079969380259	38.18516300690796	0.0
5.0	34.85299647980667	15.57947560832763	22.895436078590937	26.672091833274763	0.0
6.0	32.45366490856213	17.915413811800658	20.509439542564202	29.121481737073	0.0
7.0	34.332164881132066	17.361064051305114	20.079101544451493	28.227669523111327	0.0
8.0	23.35957520205007	26.267740981667654	22.0092893751232	28.36339444115908	0.0
9.0	29.340963269127712	18.823725075919505	15.505442181061085	36.3298694738917	0.0
10.0	26.87152764945736	16.895795607130097	24.299370511351736	31.933306232060804	0.0
11.0	28.127810009484744	18.483549511597257	19.843440129091068	33.545200349826935	0.0
12.0	26.146455626039295	20.097924493440907	21.018661082712324	32.736958797807475	0.0
13.0	26.905904161303635	20.783115835370772	18.482913220468415	33.82806678285718	0.0
14.0	30.554118632377573	18.39159030446349	19.989654153118533	31.0646369100404	0.0
15.0	30.011145800619488	18.81608197397671	18.497102707629022	32.67566951777478	0.0
16.0	29.71179125337865	16.987753744989746	18.76712413109465	34.53333087053695	0.0
17.0	30.30409356725146	18.179747614650662	20.145275469375193	31.370883348722682	0.0
18.0	31.336669313292838	17.40679875177724	18.531307125579335	32.72522480935059	0.0
19.0	30.18819156399621	17.943431757480276	19.74842148017773	32.119955198345785	0.0
20.0	30.47132660595619	17.885183362047748	19.416687176962835	32.22680285503323	0.0
21.0	30.138065119484164	17.491324785273054	19.614598971279502	32.75601112396328	0.0
22.0	28.747200826832692	18.53298717917169	19.715407141275193	33.00440485272043	0.0
23.0	29.681463618691406	17.623465144319496	20.35606191097222	32.339009326016885	0.0
24.0	30.98315176940253	18.387269405606236	18.326987310003755	32.30259151498748	0.0
25.0	29.383650119948328	17.7615796272375	19.27600418281356	33.57876607000062	0.0
26.0	31.429836755280544	17.56387703133265	20.147867485145593	30.858418728241215	0.0
27.0	29.26154186810348	18.007528508691	19.647316431093234	33.08361319211229	0.0
28.0	29.85761294092321	17.432112433496325	20.122397515145924	32.58787711043454	0.0
29.0	29.63072305459197	18.054222943882696	19.928900041823503	32.38615395970182	0.0
30.0	29.819177071160585	17.835660249707853	19.505504643582018	32.83965803554954	0.0
31.0	29.687240520343206	18.066242273272444	19.84315896300397	32.40335824338039	0.0
32.0	30.33602125735796	18.043535758000726	19.602777726520646	32.01766525812067	0.0
33.0	30.833533243527523	17.876277118586728	19.494011920798656	31.796177717087094	0.0
34.0	30.260009472784198	17.56524841453888	19.81472710385001	32.36001500882691	0.0
35.0	30.17992802878848	18.20748623627472	19.673976563220865	31.93860917171593	0.0
36.0	30.363667679588595	17.600236211753995	19.065487248256094	32.97060886040131	0.0
37.0	28.7285544681139	19.227007375602074	19.07383598973936	32.97060216654466	0.0
38.0	29.992187451940527	18.091892789694818	19.61318659686637	32.30273316149829	0.0
39.0	28.77918243056196	18.960967057303684	20.019070468456828	32.240780043677525	0.0
40.0	30.528880166839944	18.09524395420514	19.712582512565287	31.663293366389627	0.0
41.0	29.854079259815197	17.959570358157904	20.92412367582465	31.262226706202245	0.0
42.0	30.06022502875914	18.94843039672238	19.374127229218058	31.617217345300418	0.0
43.0	29.954722181209704	18.318445789655	19.44916088390177	32.277671145233526	0.0
44.0	29.330806760223698	18.42019453792628	20.464626951070205	31.784371750779812	0.0
45.0	29.454397794950044	19.275729684500664	19.42831126642713	31.841561254122162	0.0
46.0	30.29441624365482	17.76834333179511	19.03584063990155	32.90139978464852	0.0
47.0	30.151981294609893	18.1091557962097	19.855402412010832	31.88346049716958	0.0
48.0	30.577108856304264	18.517447405502192	19.319825002922773	31.58561873527077	0.0
49.0	29.213994757503787	18.382579160462225	19.300631314685145	33.10279476734885	0.0
50.0	29.706912147485404	18.625816098602556	20.057103826817876	31.610167927094167	0.0
51.0	30.345077962514	18.637163567446496	19.371254168871605	31.646504301167898	0.0
52.0	29.676942957356474	18.53055196603286	19.263429942772753	32.52907513383792	0.0
53.0	31.155621192542	18.15457510307058	19.541566672820135	31.148237031567287	0.0
54.0	30.666650256309268	18.125650004000025	19.61735149139379	31.590348248296912	0.0
55.0	29.505775491239838	17.951716031680583	18.87911776832803	33.66339070875154	0.0
56.0	29.652604695529096	18.500876950060004	20.149543062863472	31.69697529154743	0.0
57.0	28.8620838205428	18.230660348329128	19.19625823127577	33.7109975998523	0.0
58.0	29.681393817427644	17.939060490248572	19.24253334071845	33.137012351605335	0.0
59.0	29.61572546895771	17.6511496233568	20.488897641672	32.24422726601349	0.0
60.0	29.585500200018462	18.438625103855742	19.667661630304337	32.30821306582146	0.0
61.0	30.25233874938454	17.658788774002954	19.48116691285081	32.6077055637617	0.0
62.0	29.16525624534561	18.44400268339067	19.77461980169989	32.61612126956383	0.0
63.0	29.482397833579515	18.066223535204333	19.752584933530283	32.69879369768587	0.0
64.0	28.423184159829635	18.71818702184363	19.79652003717541	33.06210878115133	0.0
65.0	30.352493675794452	17.808716632506723	20.380867970283926	31.4579217214149	0.0
66.0	30.337479765370624	18.046519643747423	20.27155949750414	31.34444109337781	0.0
67.0	29.25014310246136	17.64314862344665	19.401000793987848	33.70570748010414	0.0
68.0	29.645404912997712	17.925486406470238	20.336437553472397	32.092671127059646	0.0
69.0	29.7072546195418	17.67736455294161	19.636591941500168	32.978788886016424	0.0
70.0	28.420359347781933	18.290543576612233	19.94755664436388	33.34154043124196	0.0
71.0	29.716420758468292	17.683230845936514	20.796631765553155	31.80371663004204	0.0
72.0	30.01778932271309	17.956136085241017	19.744917116529297	32.2811574755166	0.0
73.0	29.97876334985073	17.533470807300482	19.29642054722846	33.19134529562033	0.0
74.0	29.564425184054365	18.200453056902962	20.417107822618373	31.8180139364243	0.0
75.0	30.550699300699304	17.777996651236087	19.25231458682163	32.41898946124298	0.0
76.0	28.943772084261848	18.26206862588183	19.429225711928886	33.36493357792744	0.0
77.0	29.20083228681884	17.77535643052375	21.346433232375464	31.677378050281945	0.0
78.0	30.108162348175643	17.821239711649152	18.64492338756841	33.42567455260679	0.0
79.0	30.1346334977007	17.427866117544216	19.23590719091855	33.20159319383653	0.0
80.0	30.934264150014158	17.761853753432078	19.83402898336596	31.469853113187803	0.0
81.0	30.429215198601295	18.524218769238345	19.245733704351252	31.800832327809108	0.0
82.0	29.92070723238691	17.85995715235539	18.683666182373365	33.53566943288433	0.0
83.0	29.576138147566724	18.409825468649	20.128051220488192	31.885985163296088	0.0
84.0	30.891080575256108	17.91087962962963	18.71737096138692	32.48066883372734	0.0
85.0	29.705286617537507	17.222909702085218	19.23117177351335	33.84063190686392	0.0
86.0	30.803423012990212	17.587884011574218	19.80237640829896	31.806316567136612	0.0
87.0	29.76740177065248	18.619555982416607	20.05836504007979	31.554677206851117	0.0
88.0	29.91552972467123	17.65379500566419	19.100009850760973	33.33066541890361	0.0
89.0	29.84571055645171	18.632943813030252	20.218935858442823	31.30240977207521	0.0
90.0	30.531578234475624	18.466710174730025	19.377301104530176	31.624410486264175	0.0
91.0	30.122707318725027	18.23986109999446	19.45769891453586	32.179732666744655	0.0
92.0	29.32495166791858	18.59769237399796	20.192343213190654	31.88501274489281	0.0
93.0	30.38758735338485	18.35852599821445	19.16448603885109	32.089400609549614	0.0
94.0	30.016254956530307	17.337388862891903	19.80333965470532	32.84301652587247	0.0
95.0	30.414999076411554	18.12634689982144	20.477803090942675	30.980850932824332	0.0
96.0	30.066377675426715	18.656560183246718	19.3425038792148	31.93455826211177	0.0
97.0	29.780172413793103	18.38054187192118	19.810960591133007	32.028325123152705	0.0
98.0	28.859085199142836	17.993669794822534	21.20434000837459	31.942904997660044	0.0
99.0	29.699738903394255	18.616680624661313	19.339622641509436	32.343957830435	0.0
100.0	29.93646289556474	18.45722040589723	19.772376781197952	31.833939917340075	0.0
101.0	29.82932074352383	18.53989519477951	20.5012853470437	31.12949871465296	0.0
102.0	30.068418934398316	18.022352249156373	19.526949630042413	32.3822791864029	0.0
103.0	29.498786837026604	17.347299704000648	19.70164257922792	33.45227087974483	0.0
104.0	30.341410034010437	18.06034831160272	19.70988540908893	31.888356245297917	0.0
105.0	30.330111366624912	17.927097550183536	19.543066539532973	32.19972454365858	0.0
106.0	29.37546068987919	17.66612945541771	19.67255100383544	33.28585885086766	0.0
107.0	29.70955967518767	18.101337941310895	20.179310431183985	32.00979195231745	0.0
108.0	29.565675706200512	18.915883393778156	19.924203445982407	31.594237454038925	0.0
109.0	28.69933728197583	18.344839727870628	20.08903308560003	32.866789904553514	0.0
110.0	29.553258109836385	17.592470090154794	21.04052870652126	31.813743093487563	0.0
111.0	29.045656249408232	18.5875788237819	19.94786110602627	32.4189038207836	0.0
112.0	29.183381632730537	17.776287316029915	19.087963958947622	33.95236709229192	0.0
113.0	30.36742510717094	17.586180655962256	20.42272277604444	31.62367146082236	0.0
114.0	30.179802141349406	18.06286717021439	18.96760001017268	32.789730678263524	0.0
115.0	29.5950949962078	17.3778369800065	20.255447702691505	32.77162032109419	0.0
116.0	30.36374904957542	17.794503830450644	20.264649317291656	31.577097802682275	0.0
117.0	30.11808879405904	18.32138349063555	19.43114904305147	32.129378672253935	0.0
118.0	29.778953722850865	17.990675212248096	19.680953543034025	32.549417521867014	0.0
119.0	30.659927890806077	17.772984805562707	19.643317022920424	31.92377028071079	0.0
120.0	29.825387811991845	18.007123867537363	19.60612239630385	32.56136592416695	0.0
121.0	29.712722475165563	17.446838783112582	19.714274627483444	33.12616411423841	0.0
122.0	29.94814286640306	17.977571789719324	20.201594606858105	31.87269073701951	0.0
123.0	28.846766175620093	18.442513759917865	19.63493167152948	33.07578839293257	0.0
124.0	29.028474620446993	17.96181664168893	19.31647879064312	33.693229947220956	0.0
125.0	29.079905363188374	18.063343921153418	20.035815588931154	32.82093512672706	0.0
126.0	29.540313538818623	18.024875915471718	19.650924159274048	32.78388638643561	0.0
127.0	30.051949759978957	17.54192148352732	18.786085355428423	33.620043401065296	0.0
128.0	29.402452458064815	17.60519250938306	20.978476679221387	32.01387835333074	0.0
129.0	29.925322291527483	18.074783540477434	18.96509528187693	33.034798886118146	0.0
130.0	30.07195675962463	17.626421726299036	19.633252644493815	32.66836886958252	0.0
131.0	30.36030164789126	17.941266442337106	20.18035032651921	31.51808158325242	0.0
132.0	30.554258965365484	18.235466705786646	18.89161543283144	32.31865889601643	0.0
133.0	30.15112002674691	17.953861584754264	19.96589769307924	31.929120695419595	0.0
134.0	30.80994063789114	17.344467920984673	20.095247677499415	31.750343763624777	0.0
135.0	29.503090966574508	17.92289736914684	20.52549795168809	32.04851371259056	0.0
136.0	28.574898785425102	18.503373819163293	19.781376518218625	33.14035087719298	0.0
137.0	30.593437250308092	18.01235086198724	23.117915521187417	28.276296366517244	0.0
138.0	30.383282364933738	20.20115528372409	19.531770302412504	29.883792048929664	0.0
139.0	30.58549095571986	19.026409843669004	19.739175510872233	30.648923689738904	0.0
140.0	28.813327403961274	21.408681969007628	20.025313857626656	29.75267676940444	0.0
141.0	31.429355469419956	17.074743594141253	20.809522176105375	30.686378760333415	0.0
142.0	26.82473716078604	19.69023504155887	24.569273958275993	28.915753839379093	0.0
143.0	27.478149206743712	19.141709125554037	19.116164754290764	34.26397691341149	0.0
144.0	27.669701126491248	19.576422662842415	18.682711892588436	34.0711643180779	0.0
145.0	27.17316429977943	19.332169024276542	16.91634369846715	36.57832297747688	0.0
146.0	33.099802827537026	14.095034330382738	19.94448406538854	32.8606787766917	0.0
147.0	34.30246521155612	16.064137882319702	21.965105601469237	27.66829130465494	0.0
148.0	31.72259217619418	16.86485629450258	21.106835019746896	30.30571650955634	0.0
149.0	33.17312876442226	16.780658379161082	23.060985566184513	26.985227290232146	0.0
150.0	27.76048859237936	17.724116468597437	26.147083422480694	28.368311516542512	0.0
