# Position (bp)	A	C	G	T	N
0.0	29.637281910009182	18.2277318640955	19.4674012855831	32.66758494031221	0.0
1.0	23.30119375573921	22.58953168044077	25.436179981634528	28.67309458218549	0.0
2.0	29.156185684884516	19.071575577406815	19.89480905556826	31.877429682140406	0.0
3.0	30.967594705613877	21.314468279324508	19.3518941122775	28.366042902784116	0.0
4.0	30.87799315849487	18.67730900798176	18.905359179019385	31.53933865450399	0.0
5.0	30.21877848678213	19.371011850501368	17.958067456700093	32.45214220601641	0.0
6.0	30.69735642661805	19.758432087511395	20.077484047402006	29.46672743846855	0.0
7.0	30.699157367342288	20.359826918697337	19.74493281712594	29.196082896834437	0.0
8.0	30.60992262175694	19.799726900318614	19.89076012744652	29.699590350477923	0.0
9.0	27.547770700636942	21.656050955414013	17.53867151956324	33.25750682438581	0.0
10.0	24.943155979990905	18.44020009095043	20.28194633924511	36.33469758981355	0.0
11.0	26.48329165719482	18.731529893157536	20.800181859513525	33.984996590134116	0.0
12.0	26.778813366674243	19.527165264832917	18.89065696749261	34.80336440100022	0.0
13.0	28.675301067939106	21.13156100886162	18.836628039082026	31.356509884117244	0.0
14.0	27.760109041344844	19.83189459336665	21.172194457064972	31.235801908223536	0.0
15.0	27.621425329096688	20.10894235133908	21.084884248751703	31.184748070812528	0.0
16.0	28.023598820058996	19.854776491944634	20.308599954617655	31.813024733378715	0.0
17.0	28.888888888888886	18.39002267573696	21.201814058956916	31.519274376417233	0.0
18.0	26.666666666666668	20.952380952380953	20.839002267573697	31.541950113378686	0.0
19.0	27.61904761904762	20.839002267573697	22.267573696145124	29.27437641723356	0.0
20.0	26.27522103831331	21.650419406030377	19.632736340965767	32.441623214690544	0.0
21.0	26.042611060743425	20.104261106074343	21.28286491387126	32.57026291931097	0.0
22.0	26.69385905279855	20.43961024246544	20.122365737593473	32.74416496714254	0.0
23.0	28.030818037616136	21.640607296623614	17.62973034217086	32.69884432358939	0.0
24.0	28.46136415137095	19.39723544074326	16.94992068887378	35.19147971901201	0.0
25.0	26.8751416270111	18.876048039882164	17.380466802628597	36.86834353047813	0.0
26.0	30.79537729435758	17.901654203489688	17.81101291638341	33.49195558576932	0.0
27.0	26.943122592340814	20.34896895535917	18.64944482211647	34.05846363018355	0.0
28.0	30.056625141562854	19.501698754246885	16.39864099660249	34.04303510758777	0.0
29.0	28.17028985507246	17.05163043478261	18.455615942028984	36.322463768115945	0.0
30.0	30.366847826086957	17.527173913043477	18.86322463768116	33.242753623188406	0.0
31.0	30.480072463768117	17.34601449275362	17.09692028985507	35.07699275362319	0.0
32.0	29.23460144927536	19.316123188405797	19.406702898550723	32.04257246376812	0.0
33.0	28.039927404718696	20.621597096188747	19.373865698729585	31.964609800362975	0.0
34.0	32.811080835603995	16.871026339691188	18.755676657584015	31.5622161671208	0.0
35.0	29.609445958219798	19.02815622161671	20.231607629427792	31.130790190735695	0.0
36.0	29.59671907040328	16.814764183185236	18.272955115060377	35.31556163135111	0.0
37.0	31.342603145657627	19.534989742420787	18.782767266925006	30.33963984499658	0.0
38.0	29.063141098700708	19.352632778664237	18.69158878504673	32.89263733758833	0.0
39.0	29.942987457240594	18.517673888255416	16.76168757126568	34.77765108323831	0.0
40.0	28.558394160583944	18.02007299270073	19.388686131386862	34.03284671532847	0.0
41.0	28.414550446122167	15.740105239075728	23.175474719743764	32.66986959505834	0.0
42.0	31.729667812142036	16.059564719358534	19.106529209621993	33.10423825887743	0.0
43.0	30.321100917431192	17.958715596330276	19.587155963302752	32.133027522935784	0.0
44.0	30.573394495412842	18.96788990825688	17.79816513761468	32.6605504587156	0.0
45.0	32.085932085932086	16.447216447216448	18.734118734118734	32.732732732732735	0.0
46.0	31.469500924214415	15.11090573012939	20.42513863216266	32.99445471349353	0.0
47.0	32.87133287133287	17.117117117117118	20.304920304920305	29.706629706629705	0.0
48.0	28.267898383371826	19.30715935334873	20.438799076212472	31.986143187066972	0.0
49.0	29.799029799029796	19.173019173019174	19.173019173019174	31.854931854931856	0.0
50.0	29.20517560073937	19.593345656192238	19.015711645101664	32.185767097966725	0.0
51.0	30.013863216266174	17.121072088724585	18.045286506469502	34.81977818853974	0.0
52.0	28.974121996303143	17.698706099815155	22.250462107208875	31.07670979667283	0.0
53.0	30.61460258780037	19.70887245841035	19.801293900184845	29.875231053604434	0.0
54.0	30.020799630228794	20.637855327016407	17.79523919574763	31.546105847007166	0.0
55.0	30.23793023793024	17.532917532917534	18.965118965118965	33.264033264033266	0.0
56.0	25.063525063525066	19.196119196119195	21.2982212982213	34.442134442134446	0.0
57.0	30.376530376530376	17.625317625317624	19.496419496419495	32.5017325017325	0.0
58.0	28.452655889145497	19.79214780600462	18.683602771362587	33.071593533487295	0.0
59.0	28.475750577367204	18.84526558891455	20.392609699769054	32.286374133949195	0.0
60.0	30.23094688221709	18.77598152424942	19.422632794457275	31.57043879907621	0.0
61.0	28.941285251964864	17.383263985205733	22.607489597780862	31.06796116504854	0.0
62.0	28.971098265895957	19.167630057803468	20.832369942196532	31.028901734104046	0.0
63.0	29.645915297384867	19.787086322610506	20.921083082619766	29.645915297384867	0.0
64.0	27.96943736976152	18.962722852512158	20.861310488539015	32.206529289187316	0.0
65.0	28.47881454040287	19.333178976614956	20.120398240333408	32.06760824264876	0.0
66.0	30.14586709886548	17.666126418152352	19.88886316276916	32.29914332021301	0.0
67.0	29.312340819634176	20.629775410974762	17.411437832831673	32.64644593655939	0.0
68.0	28.200972447325768	20.53716137994906	19.98147719379486	31.280388978930308	0.0
69.0	29.77541097476268	20.32877981014124	18.777494790460754	31.118314424635336	0.0
70.0	28.75665663347997	20.953924519564715	17.990275526742302	32.29914332021301	0.0
71.0	28.316739986107898	22.783051632322294	19.611021069692057	29.28918731187775	0.0
72.0	28.06205140078722	19.865709655012733	20.583468395461914	31.48877054873813	0.0
73.0	29.094278434097752	17.257354644429	21.38058837155432	32.26777854991892	0.0
74.0	29.30674704382101	18.8499884071412	21.284488754926965	30.558775794110826	0.0
75.0	29.770461395780202	20.38024576860654	21.53953164850452	28.30976118710874	0.0
76.0	30.837004405286343	19.707859958265708	18.20078831439833	31.254347322049618	0.0
77.0	30.442847206121034	19.870159981451426	19.290517041502433	30.396475770925107	0.0
78.0	29.005332715047533	18.131231161604454	20.774402967771852	32.08903315557616	0.0
79.0	29.429499072356215	20.153061224489797	17.926716141001855	32.490723562152134	0.0
80.0	31.74860853432282	16.929499072356215	19.08627087198516	32.23562152133581	0.0
81.0	28.130797773654916	18.48330241187384	20.0834879406308	33.30241187384044	0.0
82.0	31.176061238691723	16.005567153792626	21.247970308513107	31.570401299002555	0.0
83.0	30.456970540477847	16.956622593365807	21.50313152400835	31.083275342147992	0.0
84.0	29.529111575040595	16.539086058919043	19.97216423103688	33.95963813500348	0.0
85.0	29.45269016697588	16.465677179962896	20.732838589981448	33.34879406307978	0.0
86.0	29.40630797773655	19.990723562152134	19.179035250463823	31.423933209647497	0.0
87.0	31.841372912801486	16.280148423005567	20.70964749536178	31.16883116883117	0.0
88.0	31.818181818181817	16.79035250463822	18.181818181818183	33.209647495361786	0.0
89.0	32.02599210953817	15.641680204223718	18.217683917382224	34.114643768855885	0.0
90.0	30.338904363974002	16.550603528319403	19.54503249767874	33.56545961002785	0.0
91.0	30.919220055710305	17.87372330547818	16.922005571030642	34.28505106778088	0.0
92.0	30.72638663262938	17.150150847064282	17.451844975632397	34.671617544673936	0.0
93.0	31.25290023201856	16.612529002320187	20.88167053364269	31.25290023201856	0.0
94.0	29.589231840334186	17.637502900905083	19.958226966813648	32.81503829194708	0.0
95.0	30.77280111394755	16.6395915525644	19.56370387560919	33.02390345787886	0.0
96.0	29.4035739150615	17.985611510791365	19.053144581109304	33.55766999303783	0.0
97.0	29.380366674402413	16.593177071246227	19.540496634950106	34.48595961940125	0.0
98.0	31.213738686470176	18.728243211882106	18.28730563935948	31.770712462288238	0.0
99.0	28.86980737990253	21.304246925040612	18.310512880018564	31.51543281503829	0.0
100.0	32.791831051288	17.080529125087025	19.494082153631933	30.63355766999304	0.0
101.0	30.11376828418853	21.38379382400743	19.224518226143488	29.27791966566055	0.0
102.0	28.664343786295003	19.48896631823461	19.14053426248548	32.7061556329849	0.0
103.0	28.72414594468975	19.172670230072043	21.194515454334187	30.908668370904017	0.0
104.0	27.5284817484306	17.693559637293653	20.62311090444083	34.154847709834925	0.0
105.0	28.481748430597538	19.018832829574517	19.065333643338757	33.43408509648919	0.0
106.0	31.61200279134683	20.004652244708073	17.911142126075834	30.472202837869272	0.0
107.0	31.16701607267645	20.498485907290938	19.05427440018635	29.280223619846264	0.0
108.0	31.934731934731936	18.927738927738925	19.13752913752914	30.0	0.0
109.0	28.311567164179102	19.449626865671643	18.61007462686567	33.62873134328358	0.0
110.0	27.18152123191787	19.80867942137191	19.97200186654223	33.03779748016799	0.0
111.0	31.323048153342683	18.77045348293595	18.2328190743338	31.673679289387564	0.0
112.0	28.267477203647417	19.242459667991582	19.102174421323355	33.387888707037646	0.0
113.0	30.11456628477905	17.348608837970538	19.756838905775076	32.779985971475334	0.0
114.0	30.68288119738073	16.113189897100096	19.92516370439663	33.278765201122546	0.0
115.0	26.964452759588397	19.270346117867167	17.305893358278766	36.45930776426567	0.0
116.0	28.133769878391018	19.246959775491113	18.077642656688493	34.54162768942937	0.0
117.0	31.415204678362574	17.707602339181285	17.801169590643276	33.07602339181287	0.0
118.0	30.500936329588015	17.883895131086142	19.452247191011235	32.162921348314605	0.0
119.0	25.40983606557377	20.81967213114754	21.381733021077284	32.38875878220141	0.0
120.0	28.384074941451992	20.491803278688526	20.46838407494145	30.655737704918035	0.0
121.0	31.349578256794754	18.93158388003749	19.095595126522962	30.6232427366448	0.0
122.0	29.838142153413088	18.01548205489092	19.21182266009852	32.93455313159747	0.0
123.0	31.503635937133474	16.115411681914146	19.680975838611307	32.699976542341076	0.0
124.0	32.129455909943715	17.612570356472794	19.066604127579737	31.191369606003754	0.0
125.0	31.496247654784238	17.565666041275797	18.902439024390244	32.035647279549714	0.0
126.0	31.245601688951442	17.45249824067558	19.774806474313863	31.527093596059114	0.0
127.0	29.516658845612387	18.86438291881746	20.154856874706713	31.464101360863445	0.0
128.0	31.596244131455396	17.112676056338028	19.08450704225352	32.20657276995305	0.0
129.0	32.14369570321672	18.78375205447288	18.76027236440479	30.312279877905613	0.0
130.0	31.031242659149637	17.946910970166783	17.101245008221753	33.92060136246183	0.0
131.0	30.06582040432534	18.335684062059237	21.227080394922424	30.371415138693	0.0
132.0	27.681091251175914	18.156161806208843	22.201317027281277	31.961429915333962	0.0
133.0	26.658823529411762	19.623529411764707	20.56470588235294	33.15294117647059	0.0
134.0	26.324464327760772	19.378384742170944	21.732987991523427	32.564162938544854	0.0
135.0	28.01977866729456	18.248175182481752	21.521073699081704	32.210972451141984	0.0
136.0	29.550270779373676	18.22462914998823	19.566753002119142	32.65834706851896	0.0
137.0	28.34590009425071	17.10650329877474	19.250706880301603	35.296889726672944	0.0
138.0	26.98562337968419	18.548197030403017	19.39665331133632	35.06952627857648	0.0
139.0	31.557860004713646	18.52462880037709	18.05326419985859	31.86424699505067	0.0
140.0	28.87108178175819	17.01626207871789	20.99929295309922	33.1133631864247	0.0
141.0	28.901461574728906	18.528995756718526	20.57991513437058	31.98962753418199	0.0
142.0	29.54223690420009	18.900424728645586	19.13638508730533	32.42095327984899	0.0
143.0	33.4276952111347	17.527718801604152	20.193441849492803	28.85114413776834	0.0
144.0	30.580462482302973	19.466729589428976	18.711656441717793	31.24115148655026	0.0
145.0	32.94784045315081	16.07269294312013	18.385650224215247	32.593816379513804	0.0
146.0	29.893742621015345	18.181818181818183	18.772136953955133	33.15230224321134	0.0
147.0	30.464675201517306	18.46846846846847	19.179706021811285	31.887150308202937	0.0
148.0	28.574816220061656	19.539957315627223	19.89566042210102	31.989566042210104	0.0
149.0	30.336812144212523	18.263757115749527	18.809297912713472	32.59013282732448	0.0
150.0	28.12351543942993	17.387173396674584	20.475059382422803	34.01425178147268	0.0
151.0	28.693586698337292	18.43230403800475	20.973871733966746	31.90023752969121	0.0
152.0	28.94486692015209	18.75	18.346007604562736	33.95912547528518	0.0
153.0	31.257428096030427	18.540527691942003	18.04135963869741	32.16068457333016	0.0
154.0	30.852082336045957	16.68262326471996	19.38726663475347	33.07802776448061	0.0
155.0	28.961225466730493	19.004308281474387	20.416467209191	31.61799904260412	0.0
156.0	32.03162434115956	16.506947771921418	19.765213224724484	31.69621466219454	0.0
157.0	31.09404990403071	19.241842610364685	19.745681381957773	29.918426103646834	0.0
158.0	30.686180422264876	18.761996161228407	20.393474088291747	30.158349328214975	0.0
159.0	31.86074429771909	15.46218487394958	20.432172869147657	32.244897959183675	0.0
160.0	27.971188475390157	18.535414165666268	22.521008403361346	30.972388955582232	0.0
161.0	28.12199807877041	17.29106628242075	22.742555235350626	31.84438040345821	0.0
162.0	29.19089147286822	18.7984496124031	22.52906976744186	29.481589147286826	0.0
163.0	28.737581778531624	16.71916646474437	20.329537194087717	34.2137145626363	0.0
164.0	30.444282592862344	16.970138383102697	22.432629278951204	30.152949745083756	0.0
165.0	31.28491620111732	17.828515909642945	22.22492105902356	28.661646830216174	0.0
166.0	30.666342412451364	18.65272373540856	21.40077821011673	29.28015564202335	0.0
167.0	29.19512195121951	17.4390243902439	21.24390243902439	32.1219512195122	0.0
168.0	28.257686676427525	17.95998047828209	20.912640312347484	32.8696925329429	0.0
169.0	26.9775390625	17.578125	20.3369140625	35.107421875	0.0
170.0	27.374847374847377	16.01953601953602	20.903540903540904	35.7020757020757	0.0
171.0	26.783968719452588	17.375366568914956	19.18377321603128	36.65689149560117	0.0
172.0	28.470185728250247	20.112414467253174	18.548387096774192	32.86901270772238	0.0
173.0	25.006110975311657	17.01295526766072	19.77511610853092	38.2058176484967	0.0
174.0	27.79960707269155	19.351669941060905	19.62180746561886	33.22691552062869	0.0
175.0	27.14987714987715	18.452088452088454	21.03194103194103	33.36609336609337	0.0
176.0	28.128841898205064	16.867469879518072	20.457339562330958	34.546348659945906	0.0
177.0	27.710843373493976	19.62134251290878	19.572166215883943	33.095647897713306	0.0
178.0	30.15013536795471	17.819345311346297	19.739109032734433	32.29141028796455	0.0
179.0	27.660098522167488	18.940886699507388	21.47783251231527	31.92118226600985	0.0
180.0	29.9408575653031	17.27451946771809	18.506653523903402	34.277969443075406	0.0
181.0	28.1658849666749	18.3658355961491	18.908911379906197	34.559368057269815	0.0
182.0	32.254877747592	17.312916769572734	20.251914052852555	30.180291429982713	0.0
183.0	30.755928853754938	22.82608695652174	17.539525691699602	28.87845849802372	0.0
184.0	31.562036579337615	21.379139891250617	17.27632229362333	29.782501235788434	0.0
185.0	31.27317676143387	20.321384425216316	20.716934487021014	27.6885043263288	0.0
186.0	33.18485523385301	18.13907448651324	19.747587230883447	28.92848304875031	0.0
187.0	30.66600397614314	20.576540755467196	19.507952286282308	29.249502982107355	0.0
188.0	31.220482227193635	18.866517524235647	19.040517027094207	30.87248322147651	0.0
189.0	34.01292889109895	18.52312282446544	17.62804574838389	29.835902536051716	0.0
190.0	34.08751864743908	17.702635504724018	17.081054201889607	31.12879164594729	0.0
191.0	29.58447374968898	19.208758397611348	17.666086091067427	33.54068176163224	0.0
192.0	34.494773519163765	17.371826779492284	18.939771030363364	29.193628670980587	0.0
193.0	30.012547051442912	17.917189460476788	20.37641154328733	31.69385194479297	0.0
194.0	30.087829360100375	18.36888331242158	20.100376411543287	31.442910915934757	0.0
195.0	32.60487314745039	19.794021602612407	17.834714895754836	29.766390354182366	0.0
196.0	30.6706857573474	19.140919366993216	18.111027380055262	32.07736749560412	0.0
197.0	31.983907467940657	18.35554438018607	20.26653256223284	29.394015589640432	0.0
198.0	31.672955974842765	18.540880503144656	18.364779874213834	31.42138364779874	0.0
199.0	30.05285678328719	18.37402466649887	18.550213944122827	33.02290460609111	0.0
200.0	28.117913832199548	18.190980095742002	21.894683799445705	31.79642227261275	0.0
201.0	31.391830559757945	16.666666666666664	18.734241048915784	33.20726172465961	0.0
202.0	31.61875945537065	16.91880988401412	18.582955118507314	32.87947554210792	0.0
203.0	30.28240040342915	16.38930912758447	21.003530005042865	32.32476046394352	0.0
204.0	30.131114473020677	17.448310640443772	19.667170953101362	32.753403933434186	0.0
205.0	30.037831021437576	16.292559899117276	22.219419924337956	31.45018915510719	0.0
206.0	29.061553985872855	16.9021190716448	20.58526740665994	33.4510595358224	0.0
207.0	29.332996462860027	17.07933299646286	20.439615967660433	33.14805457301668	0.0
208.0	28.41599190283401	16.902834008097166	22.267206477732792	32.413967611336034	0.0
209.0	29.352226720647774	17.434210526315788	20.673076923076923	32.540485829959515	0.0
210.0	30.979498861047837	17.337382941027588	19.99493799038218	31.688180207542395	0.0
211.0	30.344478216818644	16.134751773049647	22.391084093211752	31.129685916919957	0.0
212.0	28.365019011406844	17.38910012674271	22.813688212927758	31.432192648922687	0.0
213.0	31.33874239350913	17.773833671399593	19.143002028397564	31.74442190669371	0.0
214.0	29.22374429223744	20.928462709284627	20.192795535261286	29.65499746321664	0.0
215.0	32.05486410972822	19.558039116078234	19.558039116078234	28.829057658115314	0.0
216.0	33.60468074281353	18.49402187738489	18.748410073772575	29.152887306029	0.0
217.0	29.564553093964857	18.71657754010695	19.22587216704864	32.49299719887955	0.0
218.0	27.944926058133607	17.56756756756757	20.65272819989801	33.83477817440082	0.0
219.0	28.50574712643678	19.744572158365262	22.01787994891443	29.731800766283524	0.0
220.0	30.071538068472154	18.34440470107307	20.669391926417987	30.91466530403679	0.0
221.0	29.703476482617585	19.938650306748464	18.4560327198364	31.901840490797547	0.0
222.0	31.336405529953915	18.561187916026626	20.12288786482335	29.979518689196112	0.0
223.0	31.761086900794666	19.53345296077929	18.661881568828505	30.04357856959754	0.0
224.0	34.56410256410257	16.333333333333332	19.743589743589745	29.35897435897436	0.0
225.0	36.2002567394095	17.12451861360719	18.89602053915276	27.77920410783055	0.0
226.0	31.32065775950668	18.602261048304214	19.424460431654676	30.652620760534425	0.0
227.0	30.6426735218509	16.60668380462725	19.974293059125962	32.77634961439589	0.0
228.0	29.722079258878026	18.167781780751415	18.24498198661863	33.86515697375193	0.0
229.0	30.44599123485434	21.1394689352926	16.963134828564066	31.45140500128899	0.0
230.0	29.052304505437597	21.128948731227343	16.960124287933713	32.85862247540135	0.0
231.0	30.145152928978746	19.751166407465007	18.040435458786934	32.06324520476931	0.0
232.0	28.719813035575175	18.203064139184626	18.280965982861595	34.7961568423786	0.0
233.0	29.029733959311425	18.20552947313511	19.770474700052166	32.99426186750131	0.0
234.0	26.53434317054061	19.69182554191695	22.381822930269	31.392008357273436	0.0
235.0	26.202928870292887	18.436192468619247	20.632845188284517	34.72803347280335	0.0
236.0	27.034807641978542	16.985082439152055	22.428683590683068	33.55142632818634	0.0
237.0	29.005014515703355	19.31908155186065	21.298495645288995	30.377408287147006	0.0
238.0	29.016913319238903	15.750528541226217	21.326638477801268	33.90591966173361	0.0
239.0	26.96272799365583	16.812053925455988	20.248480042294474	35.97673803859371	0.0
240.0	27.000529941706414	16.50768415474298	20.376258611552732	36.11552729199788	0.0
241.0	27.674294837679618	16.764236295902077	23.416711016498137	32.14475784992017	0.0
242.0	27.340624166444382	17.764737263270206	22.379301146972526	32.515337423312886	0.0
243.0	26.664876476906553	15.789473684210526	22.18045112781955	35.36519871106337	0.0
244.0	26.862059693465984	16.966926593170207	20.570045711212693	35.60096800215112	0.0
245.0	28.698224852071007	16.433566433566433	21.51694459386767	33.35126412049489	0.0
246.0	28.56758212170167	16.397415185783522	20.247711362412492	34.78729133010231	0.0
247.0	26.657681940700805	17.49326145552561	22.830188679245282	33.0188679245283	0.0
248.0	27.606699081577524	16.828741220961643	23.392760669908157	32.17179902755267	0.0
249.0	27.7027027027027	19.27027027027027	18.135135135135137	34.89189189189189	0.0
250.0	26.359945872801084	17.212449255751014	21.705006765899864	34.72259810554804	0.0
251.0	26.621438263229308	19.294436906377204	21.275440976933513	32.808683853459975	0.0
252.0	28.825136612021858	19.37158469945355	20.027322404371585	31.775956284153008	0.0
253.0	31.01750547045952	14.63347921225383	19.72100656455142	34.62800875273523	0.0
254.0	30.72289156626506	17.14129244249726	20.29025191675794	31.84556407447974	0.0
255.0	29.352004393190555	18.31411312465678	19.24766611751785	33.086216364634815	0.0
256.0	28.416365154467023	19.510158641803507	18.842193153353744	33.23128305037573	0.0
257.0	30.41782729805014	17.66016713091922	16.323119777158773	35.598885793871865	0.0
258.0	29.113218070273284	19.604015616285555	19.21360847741216	32.069157836029	0.0
259.0	31.02485339290701	18.514381457693382	16.838871823512985	33.621893325886624	0.0
260.0	31.19060927892677	19.396310788149805	16.964784795975405	32.44829513694801	0.0
261.0	29.741863075196406	18.013468013468014	19.94949494949495	32.29517396184063	0.0
262.0	30.531346640427326	16.61512510542592	20.551026145628338	32.30250210851842	0.0
263.0	31.25880033793298	20.7828780625176	17.600675865953253	30.357645733596172	0.0
264.0	31.070422535211268	18.76056338028169	19.380281690140848	30.788732394366196	0.0
265.0	30.745341614906835	19.621682665160925	18.46414455110107	31.16883116883117	0.0
266.0	32.38202882170105	19.101441085052276	18.818875388527832	29.697654704718847	0.0
267.0	30.660243695097762	18.39047888920374	20.0340039671295	30.915273448568996	0.0
268.0	32.20675944333996	17.069014484521443	21.130360692984947	29.593865379153648	0.0
269.0	31.74964438122333	19.60170697012802	20.08534850640114	28.56330014224751	0.0
270.0	32.081422018348626	21.3302752293578	15.969036697247708	30.619266055045873	0.0
271.0	32.42311008910607	18.654785858005173	17.677493532624318	31.244610520264445	0.0
272.0	31.24100201554852	19.061330262021308	17.362510797581344	32.33515692484883	0.0
273.0	30.50505050505051	17.51803751803752	18.037518037518037	33.939393939393945	0.0
274.0	31.59571387199537	19.1717347234289	19.316536345207066	29.916015059368668	0.0
275.0	29.098837209302324	18.83720930232558	21.511627906976745	30.55232558139535	0.0
276.0	33.167592863410356	18.806668616554546	18.30944720678561	29.71629131324949	0.0
277.0	27.655192703736393	21.241541629891145	19.888202412474257	31.215063253898208	0.0
278.0	28.67668729737695	19.18656056587091	21.396993810786913	30.739758325965223	0.0
279.0	30.292294065544727	20.992028343666963	19.33864777088869	29.377029819899615	0.0
280.0	29.061852619118085	20.568215448357503	20.775377330571175	29.594554601953238	0.0
281.0	28.745541022592153	18.668252080856124	22.11652794292509	30.469678953626634	0.0
282.0	29.00626678603402	18.50193971948672	21.754700089525514	30.737093404953747	0.0
283.0	29.233082706766915	18.857142857142858	21.32330827067669	30.586466165413533	0.0
284.0	25.970873786407765	19.933252427184467	22.99757281553398	31.098300970873787	0.0
285.0	28.184034125533213	19.256550883607556	22.394881170018284	30.16453382084095	0.0
286.0	27.36745326386761	17.49923383389519	23.597916028194913	31.53539687404229	0.0
287.0	25.9680393362016	20.190534726490473	24.615857406269207	29.22556853103872	0.0
288.0	24.589656240322082	19.727469804893154	22.01920099101889	33.663672963765876	0.0
289.0	29.148539465506524	19.018023617153514	20.323182100683653	31.510254816656307	0.0
290.0	28.9375	16.625	22.28125	32.15625	0.0
291.0	30.10043942247332	16.60389202762084	22.4105461393597	30.88512241054614	0.0
292.0	28.071833648393195	19.250157529930686	22.68431001890359	29.993698802772528	0.0
293.0	29.1283676703645	16.671949286846278	22.820919175911254	31.378763866877975	0.0
294.0	31.562201718103722	18.32643970728603	18.962774419344576	31.148584155265667	0.0
295.0	29.705505761843792	19.1101152368758	22.0550576184379	29.12932138284251	0.0
296.0	29.752331939530396	18.108716629141203	21.743325828240593	30.39562560308781	0.0
297.0	29.01655306718598	17.526777020447906	23.563777994157743	29.892891918208374	0.0
298.0	28.222881635344542	19.881305637982198	22.387075502802507	29.508737223870757	0.0
299.0	30.650263620386642	16.87170474516696	22.636203866432336	29.841827768014063	0.0
300.0	32.98267326732673	8.477722772277229	22.277227722772277	36.26237623762376	0.0
