# Position (bp)	A	C	G	T	N
0.0	23.069358856693327	26.77166644814475	36.28392552773043	13.875049167431493	0.0
1.0	21.830339583060184	22.592434771207554	14.886259341811984	40.690966303920284	0.0
2.0	25.651611212136103	23.351517832276667	17.11636441080585	33.880506544781376	0.0
3.0	17.590909835126155	25.8788087168656	12.245198683628862	44.28508276437939	0.0
4.0	36.75058480967103	10.076720485514715	12.124781207570628	41.04791349724363	0.0
5.0	40.26464719159934	11.560731459975793	24.964833655009976	23.209787693414896	0.0
6.0	33.03131899582959	16.41671436748712	22.582386131327173	27.969580505356124	0.0
7.0	38.101466572928075	18.022333763876855	19.668753985252522	24.207445677942545	0.0
8.0	17.749186679527213	32.30721443868626	25.12547205283722	24.818126828949303	0.0
9.0	25.912372986571697	17.894599274675727	12.368085732022086	43.82494200673049	0.0
10.0	24.777835859905906	15.60866440146367	30.469158389963408	29.144341348667012	0.0
11.0	25.821205142026425	18.286208980578557	18.49692099116316	37.39566488623185	0.0
12.0	23.601449985304203	21.300741321315435	22.90584892720682	32.19195976617354	0.0
13.0	23.5251857294473	22.845946607886358	17.56061719324026	36.068250469426076	0.0
14.0	31.514429354922957	19.571036824236092	20.00359101593105	28.9109428049099	0.0
15.0	29.72511940734964	16.892484647626475	21.090424667771387	32.29197127725249	0.0
16.0	29.866796621182583	18.323586744639375	18.356075373619234	33.45354126055881	0.0
17.0	28.722351146524723	19.689716168189417	18.260008763246297	33.32792392203957	0.0
18.0	31.691843390501536	16.8243254206487	16.816212620272267	34.6676185685775	0.0
19.0	30.96910226259022	17.435731084259185	20.008109642364772	31.587057010785824	0.0
20.0	31.483433612818473	16.984804009017047	17.79244579231605	33.73931658584843	0.0
21.0	28.648569760653825	16.652072387624052	21.37088927806966	33.32846857365246	0.0
22.0	28.94992865481904	19.71721364638734	19.5210143987547	31.811843300038916	0.0
23.0	28.15727604377787	17.196595054722337	20.54479124442643	34.101337657073366	0.0
24.0	29.825556888557443	17.514023540092733	19.2406212509322	33.41979832041763	0.0
25.0	28.555688777990213	18.6412391846787	20.086522570400856	32.71654946693023	0.0
26.0	31.64653301810409	16.14470317712213	20.57680474139327	31.63195906338051	0.0
27.0	28.892271321469632	18.257039687808668	19.335459947860162	33.51522904286154	0.0
28.0	30.526094207944038	16.964878475314542	19.5394854024645	32.969541914276924	0.0
29.0	29.47310469898637	17.871368891479648	18.18711745846692	34.46840895106707	0.0
30.0	29.64858299595142	17.28097165991903	18.13441295546559	34.93603238866397	0.0
31.0	29.41729018883814	17.863505328280375	20.696077478703074	32.023127004178406	0.0
32.0	29.014025200012956	18.789881125902895	19.280601172545587	32.915492501538566	0.0
33.0	29.52542921930677	17.755102040816325	21.298995788791707	31.420472951085195	0.0
34.0	29.84953759940398	19.50990395672384	19.398150397615925	31.242408046256255	0.0
35.0	31.330979528375224	15.894661829489504	18.12483804094325	34.649520601192016	0.0
36.0	32.0032401782098	17.174564601053056	18.663426488456867	32.15876873228027	0.0
37.0	28.099066390041493	18.93801867219917	20.299533195020746	32.663381742738586	0.0
38.0	31.595415268388372	19.10575036882123	19.27435436019649	30.024480002593908	0.0
39.0	28.990159363195694	18.76367880939643	19.66506168636415	32.58110014104372	0.0
40.0	29.90840560914323	18.4047985733971	19.969198346437544	31.71759747102213	0.0
41.0	31.34858235933017	16.909559550634658	20.012320261967677	31.7295378280675	0.0
42.0	27.503201439432008	19.01249777114976	20.729117699502357	32.755183089915874	0.0
43.0	30.33879072783271	17.317231317879724	20.66785540606257	31.676122548224996	0.0
44.0	29.250068882801987	19.724792946401077	19.285563785474643	31.73957438532229	0.0
45.0	29.020809023726173	18.416958381952547	20.32607286399585	32.236159730325426	0.0
46.0	29.81978477894464	17.47860754570206	21.63068844807468	31.07091922727862	0.0
47.0	28.61889018540127	17.467263062362246	20.54323868792947	33.370608064307014	0.0
48.0	29.639893685984703	19.149487877609232	19.48009853494101	31.73051990146506	0.0
49.0	27.680539349150784	21.87054323868793	19.086282899001684	31.3626345131596	0.0
50.0	29.920264488525866	19.501166861143524	17.974523531699727	32.60404511863088	0.0
51.0	30.52476338649034	18.604952677298066	19.812329832749903	31.05795410346169	0.0
52.0	29.989952029041877	17.292233890833657	18.332685077142486	34.38512900298198	0.0
53.0	32.025476468300276	18.238687929469727	18.413717100998316	31.32211850123169	0.0
54.0	29.80519901465059	18.1284843770258	20.677751847530143	31.388564760793464	0.0
55.0	29.840853105147154	18.117139893685984	18.729741994036043	33.31226500713082	0.0
56.0	29.942953455205494	18.305134189031506	19.37961882535978	32.37229353040322	0.0
57.0	26.225629223862697	18.63442620293989	20.587329627408714	34.5526149457887	0.0
58.0	28.90459134888093	17.196894802521758	18.44480819409105	35.453705654506265	0.0
59.0	29.432928706870005	17.571268819992543	20.822326305041894	32.173476168095554	0.0
60.0	29.280586033094014	17.43837414712413	19.083350890556375	34.197688929225485	0.0
61.0	28.73673122113281	18.285390162871728	20.225265375577344	32.752613240418114	0.0
62.0	29.80309537314642	18.91256786322016	19.44899116765254	31.835345595980876	0.0
63.0	28.97820273883802	18.317802447127463	19.209140264160116	33.494854549874404	0.0
64.0	30.12721821570375	20.66121059881695	19.36633984280042	29.845231342678876	0.0
65.0	29.786889231018556	17.6339032493315	19.523539421440724	33.055668098209225	0.0
66.0	31.435053885422576	16.894903168300786	20.452151365367474	31.217891580909164	0.0
67.0	27.04686892259821	18.29865162712304	21.248217295475172	33.40626215480358	0.0
68.0	31.098470115389603	17.669843122001815	19.016595358485674	32.21509140412291	0.0
69.0	29.461623233501882	17.985868015039543	19.27265655387009	33.27985219758849	0.0
70.0	29.283827366578613	18.029917508062816	19.600343581349367	33.08591154400921	0.0
71.0	29.68413205192616	19.457724908027163	17.760886828841386	33.09725621120529	0.0
72.0	31.084388117271445	17.242273471306095	21.251802991750807	30.421535419671653	0.0
73.0	30.114741345779848	17.41702320757163	17.632568391028133	34.83566705562038	0.0
74.0	30.337260749072172	19.002317553441486	19.99254493298543	30.667876764500917	0.0
75.0	30.465787170594144	17.31872548701825	18.829211370782144	33.38627597160546	0.0
76.0	29.05092217432174	17.216621827493437	20.153317558588054	33.579138439596775	0.0
77.0	28.02988557907361	17.46620855077631	20.462869923179152	34.04103594697093	0.0
78.0	29.331777442829125	18.43892319411355	18.803585031036775	33.42571433202055	0.0
79.0	30.116205572032868	18.330335002674186	18.187711706455325	33.36574771883762	0.0
80.0	29.03356509618969	18.894345310448777	18.711204032349556	33.360885561011976	0.0
81.0	29.017828200972446	18.915721231766614	19.696920583468394	32.369529983792546	0.0
82.0	29.682333873581847	17.685575364667745	19.93517017828201	32.6969205834684	0.0
83.0	28.70271321598755	19.613277577879348	20.097896204090894	31.586113002042204	0.0
84.0	30.548171680497926	18.145422717842326	17.262059128630707	34.044346473029044	0.0
85.0	31.073327282157674	18.211877593360995	18.232948651452283	32.481846473029044	0.0
86.0	29.30173755186722	19.271913900414937	18.20863589211618	33.21771265560166	0.0
87.0	28.84443940155285	17.59032629309646	21.973319501402102	31.591914803948583	0.0
88.0	29.967743504125266	19.332825442108508	19.515990468934888	31.18344058483134	0.0
89.0	31.42658000097256	19.217739451801663	19.345792877636036	30.00988766958974	0.0
90.0	32.67089202638959	17.767583602146182	17.997763044852572	31.56376132661166	0.0
91.0	29.196453176417194	19.624244192643744	21.126943215159915	30.05235941577915	0.0
92.0	27.322537243268652	17.68710791226961	19.985734896010634	35.0046199484511	0.0
93.0	29.919434583150966	19.421614874612978	20.057060415957466	30.60189012627859	0.0
94.0	30.330539659895926	18.913223207482936	19.203397798563717	31.55283933405742	0.0
95.0	32.42494001686013	18.73743596394527	18.902794890084948	29.93482912910966	0.0
96.0	28.959356710925217	20.261660425076602	18.765300001621192	32.01368286237699	0.0
97.0	29.582786074492063	17.800911287314946	20.646657261922137	31.969645376270854	0.0
98.0	27.94966595316858	18.94013102419407	19.51741583965752	33.592787182979826	0.0
99.0	28.719695126895324	19.296197194518772	20.07297494526879	31.911132733317118	0.0
100.0	31.372581228029826	18.95101678767371	19.91688294622031	29.759519038076153	0.0
101.0	30.280330270342255	19.53322679451325	18.655946197895858	31.530496737248637	0.0
102.0	28.299846224039744	19.424776517903915	20.0314311303378	32.24394612771854	0.0
103.0	28.692909065971744	18.258812234261416	19.54978740913455	33.49849129063229	0.0
104.0	29.646071621315784	18.4101948085862	19.188384603332114	32.7553489667659	0.0
105.0	29.716889148894683	17.96876384974029	19.986172419294792	32.32817458207023	0.0
106.0	27.861307149432342	18.06039384148873	21.73709004927531	32.341208959803616	0.0
107.0	30.685741570557557	17.600822742966283	19.34731506648057	32.36612061999559	0.0
108.0	26.473774656306038	21.260460251046027	21.510759115361626	30.75500597728631	0.0
109.0	29.247900277429405	19.182533348534943	19.756394177782845	31.813172196252804	0.0
110.0	29.282161995450867	16.949381240602953	22.55676780138016	31.21168896256602	0.0
111.0	29.30178948190982	18.43205438774713	20.70993201531609	31.55622411502696	0.0
112.0	30.18669732043761	18.19010623117171	18.364515617567783	33.2586808308229	0.0
113.0	30.54538136445965	19.73435298852888	19.71221573757295	30.008049909438515	0.0
114.0	30.0	16.92732855680655	18.80450358239509	34.26816786079836	0.0
115.0	26.35474656491733	19.720189320489563	21.87819269823398	32.046871416359124	0.0
116.0	29.272498882241475	18.33123975388022	17.984202346228365	34.41205901764994	0.0
117.0	30.696250624172293	16.57150300688218	22.13152124356831	30.600725125377217	0.0
118.0	32.07580548860043	18.221622697419342	19.911103248490743	29.791468565489488	0.0
119.0	31.154149307510416	18.6127688323387	18.77941673234996	31.453665127800924	0.0
120.0	31.361190612478534	16.803663423010875	18.68803663423011	33.147109330280486	0.0
121.0	30.03099582838099	18.65342935048591	20.009788156330842	31.305786664802255	0.0
122.0	28.34696054034838	20.684915274321604	20.789193032349804	30.17893115298021	0.0
123.0	28.61935795317403	19.534153994689838	19.980690321023413	31.86579773111272	0.0
124.0	29.55501439008191	19.034265613853837	19.228593215752834	32.182126780311414	0.0
125.0	28.80462079357107	18.513309894525364	20.057759919638375	32.6243093922652	0.0
126.0	30.986132511556242	18.05341551104263	19.273240883410374	31.687211093990754	0.0
127.0	29.91811883266849	18.848414864581144	19.714465672895233	31.51900062985513	0.0
128.0	29.23551502145923	18.213519313304722	19.538626609442062	33.012339055793994	0.0
129.0	28.672192337248877	17.715995169612473	22.118234712921286	31.493577780217368	0.0
130.0	29.93527054669768	18.642642979236136	18.07661053044526	33.345475943620926	0.0
131.0	27.304193603753074	19.028548543967048	20.536071857657763	33.13118599462212	0.0
132.0	29.95839515870938	18.073375811003462	20.11288586308225	31.855343167204914	0.0
133.0	31.10057769219375	17.304103095837654	20.059250481410164	31.536068730558437	0.0
134.0	31.53371262559012	17.715772908848805	20.160997457934876	30.589517007626192	0.0
135.0	31.31294350965263	15.633231074339191	21.455796225713488	31.598029190294692	0.0
136.0	27.981651376146786	19.017584097859327	20.64857288481142	32.352191641182465	0.0
137.0	30.708220891199893	17.830579872309617	21.43092213519384	30.030277101296647	0.0
138.0	30.38073301266852	17.922227491362374	18.670821760043356	33.02621773592575	0.0
139.0	28.608355456196733	20.574262959340505	20.179544501886266	30.637837082576496	0.0
140.0	30.417130744080765	17.274458376747027	19.828979987784283	32.47943089138792	0.0
141.0	30.014318757572422	17.6047288614752	20.611667951683373	31.769284429269007	0.0
142.0	28.77603187730246	16.80324787609954	21.746485226674686	32.674235019923316	0.0
143.0	32.45063700396443	17.53589161310188	19.187098264116084	30.826373118817596	0.0
144.0	29.651988636363637	18.110795454545457	20.186237373737374	32.050978535353536	0.0
145.0	32.22059779077323	19.334795321637426	19.083008447043532	29.361598440545812	0.0
146.0	30.349837187943557	19.128329297820823	20.359856391416884	30.161977122818733	0.0
147.0	30.292754120879124	18.629807692307693	19.385302197802197	31.69213598901099	0.0
148.0	30.473581904930196	19.605937444778228	18.474995582258348	31.445485068033218	0.0
149.0	30.528846153846157	17.706821480406386	20.654934687953556	31.109397677793904	0.0
150.0	32.03675201716338	18.725805699361036	18.110162772258757	31.127279511216827	0.0
151.0	31.442215854823303	18.64851957975167	20.205348615090735	29.703915950334288	0.0
152.0	28.333741130413507	19.412772204551015	19.652556887692686	32.6009297773428	0.0
153.0	30.618892508143325	19.96993234778251	20.240541217739917	29.17063392633425	0.0
154.0	28.565563253784966	17.67000256607647	19.93841416474211	33.82602001539646	0.0
155.0	31.451231682336257	17.88434266505594	19.46530805189348	31.19911760071432	0.0
156.0	29.977870135477954	17.39623252550332	18.82117989960598	33.80471743941275	0.0
157.0	30.40159309658148	17.85042593207213	19.74222812257993	32.005752848766456	0.0
158.0	30.650207634108877	20.51311223619091	18.544854656123785	30.291825473576427	0.0
159.0	31.46120058565154	18.37774524158126	19.062957540263543	31.09809663250366	0.0
160.0	32.02169328110877	18.156071105754744	17.71617957216029	32.1060560409762	0.0
161.0	29.885200124107975	18.58516909711449	18.65342848278002	32.87620229599752	0.0
162.0	30.37918310217585	18.95279297620562	17.864868303855452	32.803155617763075	0.0
163.0	29.01963342247733	19.118126671450003	19.926945404735502	31.935294501337157	0.0
164.0	31.448312873146843	17.2335144562957	20.57422687328101	30.743945797276446	0.0
165.0	29.113575315104345	18.561884427302154	19.257524622907916	33.06701563468559	0.0
166.0	31.380457086252033	17.6112644166136	19.549989386542137	31.45828911059223	0.0
167.0	29.430586866409712	19.43131408624827	18.740455239618935	32.39764380772308	0.0
168.0	31.65041260315079	17.164291072768194	18.57464366091523	32.61065266316579	0.0
169.0	30.2388498106207	18.28089974491768	20.514802504444614	30.965447940017004	0.0
170.0	32.58910772665657	17.74180687345507	19.35252372219121	30.316561677697152	0.0
171.0	29.676199868507563	18.523997370151214	19.567718606180147	32.232084155161076	0.0
172.0	28.244725738396625	20.89451476793249	19.50210970464135	31.358649789029535	0.0
173.0	31.161941207166464	18.72499565141764	16.959471212384763	33.15359192903114	0.0
174.0	29.042638777152053	20.09475283811567	20.58639492267811	30.27621346205417	0.0
175.0	29.531624562050524	19.74921630094044	17.564078923105292	33.155080213903744	0.0
176.0	28.03481880972656	18.648878796480272	21.28867442520579	32.02762796858738	0.0
177.0	28.536561554232158	18.39304891145172	19.525529629991215	33.5448599043249	0.0
178.0	28.30245670559807	18.727345952476842	20.29802658074909	32.672170761176	0.0
179.0	29.026217228464418	21.94132334581773	18.3832709113608	30.649188514357057	0.0
180.0	28.397587766530258	17.467154856773636	21.096273960801206	33.0389834158949	0.0
181.0	32.718945487042	16.85656836461126	19.593386952636283	30.831099195710454	0.0
182.0	29.121387283236995	17.884393063583815	21.479768786127167	31.514450867052023	0.0
183.0	29.17165429734259	17.93152980608092	19.28417524539143	33.61264065118506	0.0
184.0	29.445741673835567	20.06882143296055	18.139363401745115	32.34607349145877	0.0
185.0	29.583174965159003	21.272013176232104	19.586975801342962	29.55783605726593	0.0
186.0	29.647979139504564	19.41329856584094	20.14341590612777	30.79530638852673	0.0
187.0	27.172302303650813	19.87067223494544	22.376397682877545	30.580627778526203	0.0
188.0	28.740266963292548	19.911012235817573	18.854282536151278	32.4944382647386	0.0
189.0	32.55580995993131	17.415569547796224	20.721236405266172	29.307384087006294	0.0
190.0	28.42556969517609	19.82835158330867	19.931932524415508	31.814146197099735	0.0
191.0	30.581180811808117	17.52767527675277	19.57257072570726	32.31857318573186	0.0
192.0	27.91142265413414	20.073283415644415	21.761988210928788	30.253305719292655	0.0
193.0	31.463372791216333	16.349288042545894	19.368673872019215	32.81866529421856	0.0
194.0	31.755319148936167	18.865248226950353	18.70567375886525	30.673758865248228	0.0
195.0	29.83708585026542	18.17682591982427	19.12868387332967	32.85740435658063	0.0
196.0	30.387890255439924	19.5837275307474	19.47019867549669	30.558183538315987	0.0
197.0	30.760233918128655	18.92787524366472	17.87524366471735	32.43664717348928	0.0
198.0	29.4497077202177	17.617415843579924	21.406974400322515	31.52590203587986	0.0
199.0	30.66724625081504	19.126276896326885	19.517496196479026	30.68898065637905	0.0
200.0	29.724853405502934	18.786648624267027	19.079837618403246	32.408660351826796	0.0
201.0	30.880635365568793	16.95865451997197	20.25227750525578	31.90843260920346	0.0
202.0	31.094284318514898	19.247679531021006	21.958964338055694	27.699071812408405	0.0
203.0	29.29936305732484	19.002123142250532	17.8343949044586	33.86411889596603	0.0
204.0	32.16821409066084	18.70562534134353	19.115237575095577	30.010922992900053	0.0
205.0	30.1160486838381	18.879139541466174	18.030002830455704	32.974808944240024	0.0
206.0	30.287053309900408	19.0099589923843	19.68365553602812	31.019332161687167	0.0
207.0	28.35866261398176	21.48936170212766	19.696048632218847	30.455927051671733	0.0
208.0	31.378114159571112	18.13308104698833	19.489120151371807	30.999684642068747	0.0
209.0	29.042796471741262	20.32015681149951	19.60143743874551	31.03560927801372	0.0
210.0	29.213483146067414	16.343207354443308	21.961184882533196	32.48212461695608	0.0
211.0	27.599715099715098	21.225071225071225	20.334757834757834	30.84045584045584	0.0
212.0	29.470452801227935	18.534151957022257	18.34228702993093	33.653108211818875	0.0
213.0	30.09940357852883	19.005964214711728	20.278330019880716	30.61630218687873	0.0
214.0	29.995862639635913	18.700868845676457	20.024824162184526	31.278444352503104	0.0
215.0	32.48058474189127	19.415258108725446	17.724988579259936	30.379168570123344	0.0
216.0	29.853756933938474	15.179021684316693	21.381744831064044	33.58547655068079	0.0
217.0	30.285099515868747	19.795589026358257	20.225927918235612	29.693383539537386	0.0
218.0	27.40356937248129	21.704087507196316	19.286125503742085	31.606217616580313	0.0
219.0	31.517241379310345	18.82758620689655	19.79310344827586	29.862068965517242	0.0
220.0	31.765749778172136	15.350488021295474	23.247559893522627	29.63620230700976	0.0
221.0	30.642023346303503	16.731517509727624	21.88715953307393	30.739299610894943	0.0
222.0	28.205128205128204	20.102564102564102	20.205128205128204	31.48717948717949	0.0
223.0	24.824355971896956	22.716627634660423	24.707259953161593	27.751756440281028	0.0
224.0	29.624060150375943	19.548872180451127	19.548872180451127	31.278195488721806	0.0
225.0	27.78649921507064	15.855572998430143	24.960753532182103	31.39717425431711	0.0
226.0	31.06796116504854	19.25566343042071	19.902912621359224	29.773462783171524	0.0
227.0	30.398671096345513	18.272425249169437	19.435215946843854	31.893687707641195	0.0
228.0	29.381443298969074	18.900343642611684	22.164948453608247	29.553264604810998	0.0
229.0	28.677839851024206	17.318435754189945	18.6219739292365	35.38175046554935	0.0
230.0	31.941544885177453	19.206680584551147	20.250521920668056	28.60125260960334	0.0
231.0	23.927765237020317	19.187358916478555	20.090293453724605	36.794582392776526	0.0
232.0	33.42776203966006	15.01416430594901	20.113314447592067	31.444759206798867	0.0
233.0	30.72289156626506	15.963855421686745	23.795180722891565	29.518072289156628	0.0
234.0	27.66798418972332	20.948616600790515	21.73913043478261	29.64426877470356	0.0
235.0	32.86713286713287	18.181818181818183	20.97902097902098	27.972027972027973	0.0
236.0	18.4	24.0	19.2	38.4	0.0
237.0	29.310344827586203	12.068965517241379	22.413793103448278	36.206896551724135	0.0
238.0	29.09090909090909	14.545454545454545	18.181818181818183	38.18181818181819	0.0
239.0	19.607843137254903	25.49019607843137	21.568627450980394	33.33333333333333	0.0
240.0	17.647058823529413	25.49019607843137	17.647058823529413	39.21568627450981	0.0
241.0	28.000000000000004	18.0	24.0	30.0	0.0
242.0	30.612244897959183	22.448979591836736	20.408163265306122	26.53061224489796	0.0
243.0	31.25	22.916666666666664	14.583333333333334	31.25	0.0
244.0	22.22222222222222	26.666666666666668	11.11111111111111	40.0	0.0
245.0	25.64102564102564	12.82051282051282	35.8974358974359	25.64102564102564	0.0
246.0	29.166666666666668	16.666666666666664	20.833333333333336	33.33333333333333	0.0
247.0	34.78260869565217	17.391304347826086	21.73913043478261	26.08695652173913	0.0
248.0	31.57894736842105	15.789473684210526	31.57894736842105	21.052631578947366	0.0
249.0	23.52941176470588	5.88235294117647	17.647058823529413	52.94117647058824	0.0
250.0	25.0	12.5	25.0	37.5	0.0
