# Position (bp)	A	C	G	T	N
0.0	27.19848913469587	23.421590752571966	23.24783064746829	26.13208946526387	0.0
1.0	27.182623977791792	19.657271630967994	15.265767536857549	37.894336854382665	0.0
2.0	27.53704015489519	20.076658388753263	17.855301372169375	34.531000084182175	0.0
3.0	24.513226749904916	21.25932823586502	15.154694610935513	39.072750403294556	0.0
4.0	33.37887150659955	14.673914463115386	14.443524393397574	37.502122357501655	0.0015672793858354512
5.0	35.33538859590095	14.713906407307137	21.653025774244536	28.29037625910914	0.007302963438235186
6.0	31.915314756890638	17.34490042009256	20.45509593372278	30.278438287022446	0.006250602271573042
7.0	34.93852459016394	17.032901306482483	20.07728634434551	27.951027710743116	2.6004826495797616E-4
8.0	24.122474419570977	25.795720147509478	21.533267542720615	28.547499091050742	0.0010387991481846984
9.0	28.525505478339607	18.32642757253643	16.112778814146388	37.03528813497757	0.0
10.0	27.026711739270198	17.2711200058069	24.046009311778676	31.655640469944107	5.184732001202858E-4
11.0	28.023098266075653	18.771615764644316	19.681712318298043	33.52227832426173	0.0012953267202586508
12.0	26.52695029401027	20.14986626481379	20.77543104675941	32.541279248907976	0.006473145508543257
13.0	27.4757002744957	20.755083086045737	18.28306948803059	33.48614715142798	0.0
14.0	31.07079194985085	18.57645132164118	20.03922106347034	30.31275952262067	7.761424169592291E-4
15.0	29.642948616784853	17.937427398344745	19.11250701762102	33.306599538971405	5.174282779728195E-4
16.0	30.115619348713025	17.57988445826553	18.95546753525627	33.3467002305143	0.0023284272508776876
17.0	29.67295945690728	18.546181767379768	20.365977021010178	31.411518470895956	0.003363283806823327
18.0	32.022601267181855	17.89758542094084	18.40052570713042	31.671008752299322	0.008278852447565111
19.0	30.239543421287518	18.29186576875613	19.80715448079953	31.66143632915682	0.0
20.0	30.123898201160593	17.866281010123483	20.043101775555137	31.966719013160787	0.0
21.0	29.889761905377892	17.417153264843076	19.068008185715357	33.6245592157857	5.174282779728195E-4
22.0	28.812217516499494	18.702962535605533	19.706773394872805	32.77571812577129	0.0023284272508776876
23.0	29.962978006711044	17.17836011455862	19.760585935781975	33.0972998005314	7.761424169592291E-4
24.0	30.72851314397183	17.492180365149135	18.54462948254585	33.233124723499266	0.0015522848339184583
25.0	29.01944754182761	17.757362357610205	19.237724660890443	33.98546543967174	0.0
26.0	30.918409321987856	17.39464513475126	20.582779469480787	31.103907359641113	2.5871413898640973E-4
27.0	28.285992957801138	18.322135323017537	20.18979269236043	33.2018203126819	2.5871413898640973E-4
28.0	29.90838932338491	17.71312223984353	20.36908159067801	32.003973849174834	0.005432996918714604
29.0	29.41346917550391	18.416824697886565	18.90062013779115	33.26727498984547	0.0018109989729048683
30.0	30.00564001200443	17.906003249474807	19.062464426529786	33.02485744740301	0.0010348645879686643
31.0	30.415525078714587	18.004879399156064	19.43118520760731	32.14608186317503	0.0023284513470091042
32.0	29.13373400151609	18.34130616447748	19.039069028590944	33.48589080541549	0.0
33.0	29.74831572302311	17.565120202009748	19.374618385784807	33.31142824617868	5.174430036531476E-4
34.0	29.095754314248012	18.56666062973791	19.194328736643296	33.14325631937078	0.0
35.0	30.385706446903892	17.053960595927073	19.427678099990683	33.13265485717836	0.0
36.0	30.98256858410516	17.533146611305828	18.635099944604647	32.848926003199466	2.588567848951889E-4
37.0	28.84643263953609	18.68333851092472	19.368074971523246	33.101894998446724	2.588795692243968E-4
38.0	30.994423069952415	17.992201618707828	19.029914507785435	31.98268407234992	7.767312043994055E-4
39.0	30.014243907492293	18.39225131432419	19.24300106181856	32.35024473622873	2.5898013622355166E-4
40.0	29.569379726430693	18.617018519574355	19.12911870046804	32.68085481337888	0.003628240148032198
41.0	29.268710217929232	17.906406113016097	20.501481047263823	32.32236511057276	0.0010375112180900457
42.0	29.01131409591032	18.49491384679261	19.507992526468758	32.98344405231472	0.002335478513597675
43.0	29.77646365554999	18.111869413862834	19.90799990654618	32.202109460382076	0.0015575636589247098
44.0	29.37380546784112	18.87179034402526	19.677839870367293	32.076564317766326	0.0
45.0	29.567523756578844	18.43375434476524	19.483252196411964	32.51546970224395	0.0
46.0	29.79849030129013	17.12715508841222	19.605035793631203	33.46931881666645	0.0
47.0	29.585540440087122	18.5363178441657	19.353488831476678	32.522833483217326	0.0018194010531732952
48.0	30.211547910909132	17.80621410614053	18.784528950371907	33.19666910183782	0.001039930740612675
49.0	28.339934619955738	18.536048746362358	20.16638883181933	32.95684761040359	7.801914589840347E-4
50.0	29.830121275040135	18.28466460074987	18.93930523790567	32.94564869527207	2.6019103225588227E-4
51.0	30.429959402416063	17.777002341066577	19.179819433196272	32.613218823321084	0.0
52.0	29.183402710261618	18.105944694815367	19.864043810422437	32.846608784500575	0.0
53.0	30.978662123769595	18.05331990639406	19.23983000660042	31.713839226316104	0.014348736919821865
54.0	29.979740596085968	18.525084066083252	18.814616011194886	32.67820965350153	0.0023496731343595314
55.0	28.916427597234634	18.34224291544519	18.02087089205558	34.71941348299341	0.0010451122711857322
56.0	29.497254901960783	17.77124183006536	20.92235294117647	31.808888888888887	2.6143790849673205E-4
57.0	28.09703551987612	18.992762096088605	19.124074989602217	33.786127394433066	0.0
58.0	30.33139381185333	17.759316115826863	22.021551983625308	29.887214601115552	5.234875789484705E-4
59.0	28.912098479469034	20.722507683882583	20.884963172388858	29.468639540093754	0.011791124165777964
60.0	30.727793215100064	18.541579749731703	20.256565672468128	30.474061362700105	0.0
61.0	28.78704258517561	20.8447654188611	19.44164117442997	30.92628801496946	2.628065638567389E-4
62.0	30.641435889332225	16.51509764416176	21.619194353362566	31.223482005293725	7.90107849721487E-4
63.0	26.13956856971424	20.49835722385369	25.084649889115912	28.275838370915857	0.001585946400298158
64.0	25.933994868859063	20.665829145728644	17.85748362063482	35.541102135148314	0.0015902296291584507
65.0	27.552607028091636	19.34519300539825	18.617452482902884	34.479963214284766	0.004784269322467726
66.0	27.060464099357684	19.30974352684583	17.397460065218144	36.2264664083893	0.0058659001890419655
67.0	33.254153592646986	14.113253779093874	17.69613704515118	34.93485058836433	0.0016049947436422144
68.0	34.36974608203005	15.686205610305922	22.71909006870976	27.224687940923666	2.70298030608549E-4
69.0	31.645996934128025	16.733628852400955	20.534424650938853	31.085949562532168	0.0
70.0	32.69143660897344	16.052782148476613	22.437777142039767	28.81800410051018	0.0
71.0	25.928368219756205	19.859072668010626	24.58767451061665	29.624884601616518	0.0
