# Position (bp)	A	C	G	T	N
0.0	25.964237780490162	23.75994159965686	24.30185135137835	25.97396926847463	0.0
1.0	26.87548746621447	21.037393741996848	15.731478281516251	36.35564051027243	0.0
2.0	29.37314225825496	20.268285229289237	17.422860470736815	32.935712041718986	0.0
3.0	23.78988890530848	22.66415009508464	14.927732249868628	38.61822874973825	0.0
4.0	34.14967177792141	13.57042983486496	14.945571098430113	37.33432728878351	0.0
5.0	35.39761808581342	14.944848204766537	23.9001616831589	25.757372026261145	0.0
6.0	31.864377295644836	17.459377067506214	20.986414345356238	29.689831291492712	0.0
7.0	35.38532612415304	17.561369287979375	20.255700613692877	26.79760397417471	0.0
8.0	22.797378687290397	27.207155567722946	23.02530342436064	26.970162320626013	0.0
9.0	27.415788332991127	18.903608582574773	15.390630346998838	38.28997273743527	0.0
10.0	26.966469326762944	16.796149590491183	24.964495927725686	31.27288515502019	0.0
11.0	27.946880774758743	19.328716378071316	19.268202609905778	33.45620023726416	0.0
12.0	25.927953824743916	20.523592384732964	20.35217473136678	33.19627905915634	0.0
13.0	26.581570962516825	21.204956881801383	19.4174765587571	32.79599559692469	0.0
14.0	30.509747222412336	18.77238610179545	20.126574156457462	30.591292519334743	0.0
15.0	29.754993383980104	18.914259804257068	20.19284842470285	31.137898387059977	0.0
16.0	28.98896094266877	18.63851150959323	18.777847169940458	33.594680377797545	0.0
17.0	30.285814911140008	17.92734640567609	20.151897542947093	31.634941140236805	0.0
18.0	32.21717940820843	17.86681837884699	19.426473775465976	30.489528437478615	0.0
19.0	30.474314443455842	18.70361656742637	20.05612209978783	30.76594688932996	0.0
20.0	30.128256678758014	17.929898706454043	20.32255948714439	31.619285127643554	0.0
21.0	29.310821755298523	19.320432094540642	19.79942337964547	31.569322770515367	0.0
22.0	30.32586749709123	18.915970843884743	22.73060536582027	28.027556293203748	0.0
23.0	30.207292450893164	20.043959459767756	21.369173910067758	28.379574179271327	0.0
24.0	33.86821857960897	19.228691853169984	17.645980197568043	29.257109369653	0.0
25.0	30.026335751602673	20.942355074943535	19.553147742568385	29.478161430885407	0.0
26.0	31.591195560422513	16.726881002897358	22.84641423128693	28.835509205393194	0.0
27.0	26.43564779960304	21.129043756986746	24.95967649944106	27.47563194396915	0.0
28.0	27.521216891383204	19.966492140624645	19.00126616932448	33.51102479866767	0.0
29.0	28.429008965847647	20.640527684621176	17.353677594506422	33.57678575502475	0.0
30.0	27.124043649101452	19.095446158989073	15.875407058514282	37.90510313339519	0.0
31.0	34.66950079629299	14.662938453679963	18.533602991167346	32.1339577588597	0.0
32.0	34.549161525914165	15.346435992670685	23.095583722362274	27.008818759052872	0.0
33.0	31.191666289960313	17.532001387449725	21.144856685542944	30.13147563704701	0.0
34.0	32.9835645322732	16.818507001860677	22.128829216099103	28.06909924976702	0.0
35.0	27.003158608528626	20.785663652811674	25.450039490195035	26.761138248464654	0.0
