# Position (bp)	A	C	G	T	N
0.0	36.00236081054496	17.59787527050954	21.34566201062365	25.054101908321858	0.0
1.0	23.772991049473788	28.228582669420675	23.5566047014852	24.441821579620342	0.0
2.0	30.185167042225924	21.7399823650436	17.027530126383855	31.047320466346623	0.0
3.0	32.2615324472244	18.803752931978106	20.9147771696638	28.019937451133696	0.0
4.0	33.89996092223525	17.311449785072295	17.604533020711216	31.18405627198124	0.0
5.0	28.17107704325749	22.331803534811055	17.351821111219607	32.145298310711844	0.0
6.0	27.575432086710283	23.610975490674736	20.29098720828044	28.52260521433454	0.0
7.0	34.830144474814524	18.840296759078484	17.463881296368605	28.865677469738383	0.0
8.0	33.72694447155265	18.132136234995606	18.00526983507368	30.13564945837806	0.0
9.0	28.692682926829267	21.6	18.692682926829267	31.014634146341464	0.0
10.0	26.693304746126106	15.690478510866388	20.41711334177955	37.19910340122795	0.0
11.0	26.278865828705054	18.2987430575855	18.630030205592906	36.792360908116535	0.0
12.0	27.079680498733683	16.267290083771673	20.33898305084746	36.31404636664718	0.0
13.0	28.14569536423841	22.45812232177639	19.68250876509544	29.71367354888975	0.0
14.0	27.529457590807283	17.84983932223196	24.93913720907586	29.681565877884896	0.0
15.0	29.062408723590693	19.65728750851913	20.67958329276604	30.600720475124138	0.0
16.0	25.717901294655892	18.582692494889518	19.65346052759661	36.045945682857976	0.0
17.0	28.8661800486618	20.116788321167885	19.59124087591241	31.42579075425791	0.0
18.0	25.927007299270073	20.009732360097324	19.746958637469586	34.31630170316301	0.0
19.0	27.64591439688716	24.328793774319067	18.472762645914397	29.55252918287938	0.0
20.0	27.211744118218938	18.62726035387906	19.278631149134746	34.88236437876726	0.0
21.0	26.44113930203169	18.460192475940506	21.162632448721688	33.936035773306116	0.0
22.0	29.299115388354235	17.44920773792165	24.380285797608632	28.871391076115486	0.0
23.0	25.969481971037027	19.17581883564972	19.652055593352124	35.20264359996113	0.0
24.0	33.200582807187956	16.41573579407479	19.310344827586206	31.073336571151046	0.0
25.0	29.145631067961165	17.436893203883493	21.893203883495147	31.524271844660195	0.0
26.0	32.18167701863354	16.954580745341616	17.68245341614907	33.181288819875775	0.0
27.0	27.563791597943144	18.57960609294654	15.940622877655963	37.915979431454346	0.0
28.0	26.878696790458644	21.584408028701638	15.572578299233978	35.96431688160574	0.0
29.0	29.54060864508626	15.535956580732698	16.24345803450281	38.67997673967823	0.0
30.0	28.12104699815121	17.27157730855308	20.764814634620997	33.84256105867471	0.0
31.0	31.120412732405335	14.591648009344885	17.726078068723837	36.56186118952594	0.0
32.0	28.04984908966994	18.099503456333366	17.340083730892804	36.510563723103886	0.0
33.0	29.36021034180543	21.97877105852566	17.080533644950822	31.580484954718084	0.0
34.0	29.749732203719937	16.262537734930373	20.099328074788197	33.8884019865615	0.0
35.0	26.72052954346345	21.785262338168014	18.388007398033682	33.10620072033486	0.0
36.0	28.56447688564477	15.600973236009732	18.170316301703163	37.66423357664234	0.0
37.0	34.75550360413014	18.799922072861875	17.971946230274693	28.47262809273329	0.0
38.0	31.464174454828658	20.161604361370717	16.140965732087228	32.2332554517134	0.0
39.0	35.602809207959424	16.68942645337495	16.29925868123293	31.408505657432695	0.0
40.0	26.39703008987886	22.596717467760843	19.37280187573271	31.63345056662759	0.0
41.0	26.980246430666927	15.382358693526305	25.836104048503817	31.801290827302953	0.0
42.0	34.59353574926543	16.51322233104799	18.952007835455436	29.941234084231144	0.0
43.0	34.91658488714426	18.213935230618254	18.213935230618254	28.655544651619238	0.0
44.0	30.434782608695656	22.89002557544757	15.601023017902813	31.074168797953966	0.0
45.0	32.00329082682024	16.073632250102836	19.343891402714934	32.57918552036199	0.0
46.0	30.671058048579663	16.16920543433512	19.349526554137505	33.81020996294771	0.0
47.0	31.25193199381762	17.372488408037096	18.959299330242143	32.41628026790314	0.0
48.0	27.3290003095017	18.446301454658002	18.31218405034561	35.912514185494686	0.0
49.0	29.100856818416432	18.333849489005885	18.94291318261588	33.6223805099618	0.0
50.0	28.387030152829407	20.50805452292441	18.08137133415944	33.02354399008674	0.0
51.0	29.5266639107069	19.491525423728813	17.972302604381976	33.00950806118231	0.0
52.0	29.27434360140583	17.211081248707877	19.557577010543724	33.95699813934257	0.0
53.0	29.931761786600497	19.644334160463192	19.602977667493796	30.820926385442515	0.0
54.0	27.539830333126424	23.215394165114837	18.24953445065177	30.995241051106976	0.0
55.0	29.89861369749638	18.35298986136975	18.68404717566729	33.06434926546659	0.0
56.0	27.851376526599047	19.540467812047197	19.48871869178224	33.11943696957152	0.0
57.0	30.62428822859509	17.35169272181385	19.681126410601514	32.34289263898955	0.0
58.0	31.637305699481864	17.82383419689119	18.40414507772021	32.134715025906736	0.0
59.0	28.695742256293382	18.201595358955768	21.21620221692738	31.886460167823476	0.0
60.0	29.542863066238205	17.383642583186482	19.767803462216232	33.305690888359074	0.0
61.0	30.533955417314672	17.200622083981337	20.145152928978746	32.120269569725245	0.0
62.0	28.131161149735394	19.12420877866556	22.040053958700838	30.70457611289821	0.0
63.0	32.004567632097995	17.75147928994083	18.986816152808057	31.257136925153116	0.0
64.0	27.65824758341129	17.95031701486332	22.087101132938365	32.30433426878703	0.0
65.0	30.488565488565488	19.10602910602911	19.095634095634097	31.30977130977131	0.0
66.0	29.92412431140214	17.17077226899491	21.182829227731006	31.722274191871946	0.0
67.0	29.541437038577516	18.685660808984093	18.91442237704066	32.85847977539773	0.0
68.0	26.931475512113966	18.2593324321514	20.557346365810545	34.251845689924096	0.0
69.0	26.7741935483871	20.81165452653486	21.560874089490113	30.853277835587928	0.0
70.0	27.66732590819194	19.83970021859061	19.52742791714375	32.9655459560737	0.0
71.0	28.729051733111273	18.24711148121162	19.798063911731028	33.22577287394608	0.0
72.0	28.315636060795335	18.88403081407454	21.44493025192588	31.35540287320425	0.0
73.0	28.430147824276492	18.301061836352282	20.487195502810742	32.78159483656049	0.0
74.0	30.148818815693623	17.775002601727547	21.271724425018213	30.804454157560617	0.0
75.0	28.92080341346654	18.243313560203976	22.45811218649183	30.377770839837652	0.0
76.0	30.21972300322816	19.452254503800894	18.619181505779444	31.7088409871915	0.0
77.0	28.514892730681108	19.433451364299103	18.444074151218494	33.60758175380129	0.0
78.0	28.691939179337638	18.485732139137678	19.912518225369716	32.90981045615497	0.0
79.0	28.42412248724091	20.883241329028227	17.62316425372357	33.069471930007296	0.0
80.0	28.974786413836217	17.65992915190665	19.733277766201294	33.632006668055844	0.0
81.0	26.552730304293455	17.528136723634848	20.341809087119632	35.57732388495206	0.0
82.0	29.902062929777035	18.055844967701603	20.202125442800583	31.839966659720776	0.0
83.0	28.910891089108908	17.978113600833765	22.511724856696198	30.59927045336113	0.0
84.0	27.61676396997498	17.180984153461218	21.14261884904087	34.059633027522935	0.0
85.0	28.474611615055785	17.44343655510374	21.718277551871545	32.363674277968926	0.0
86.0	30.709812108559497	17.609603340292278	19.728601252609604	31.95198329853862	0.0
87.0	33.16630128405888	16.97463200751644	21.52625535024533	28.33281135817935	0.0
88.0	31.603133159268932	19.258485639686683	16.804177545691907	32.334203655352475	0.0
89.0	32.017131515721296	16.640551551237856	17.737386399247885	33.60493053379296	0.0
90.0	29.299895506792055	17.199582027168233	19.080459770114942	34.42006269592476	0.0
91.0	29.77633779264214	19.53386287625418	16.7433110367893	33.94648829431438	0.0
92.0	29.657118962993938	17.112690779845284	18.199874555718168	35.03031570144261	0.0
93.0	31.914671128307013	17.08668827773711	19.815957335564153	31.18268325839172	0.0
94.0	30.45069538847642	16.919376764613613	19.449963400606503	33.17996444630346	0.0
95.0	31.115992051040685	16.211693337516998	20.353519506327792	32.31879510511453	0.0
96.0	30.05544513024375	16.863688670363008	20.368239355581128	32.71262684381212	0.0
97.0	31.135531135531135	17.969649398220827	19.518576661433805	31.376242804814236	0.0
98.0	31.306259158467657	19.33221687251413	19.00774544693322	30.35377852208499	0.0
99.0	30.39472306564758	18.804313684430948	20.259658674484346	30.541304575437128	0.0
100.0	32.06595945804012	16.185274656023527	18.74803066904737	33.000735216888984	0.0
101.0	32.50764203647096	18.520080109623695	19.047117107620956	29.92516074628439	0.0
102.0	30.82945408379179	17.467202708421496	19.858231062209057	31.84511214557765	0.0
103.0	29.90346875994484	19.32746366818712	19.539620239736927	31.22944733213111	0.0
104.0	28.115695448745214	18.088047639302424	19.08762228838792	34.708634623564436	0.0
105.0	29.42055276918152	17.12730765126454	19.58168818695977	33.87045139259418	0.0
106.0	31.86096256684492	19.090909090909093	17.72192513368984	31.326203208556148	0.0
107.0	29.30627147766323	18.6963058419244	18.964776632302403	33.03264604810997	0.0
108.0	33.41952165481577	17.043740573152338	17.022193492781728	32.51454427925016	0.0
109.0	29.071652437047447	17.71317410569545	20.825678158435103	32.389495298822	0.0
110.0	26.33289986996099	18.476376246207195	19.614217598612917	35.5765062852189	0.0
111.0	32.04780010863661	17.914177077675177	19.348180336773492	30.68984247691472	0.0
112.0	28.789198606271775	18.35801393728223	19.16376306620209	33.6890243902439	0.0
113.0	28.893017156594908	18.391432630313627	17.145667140203255	35.56988307288821	0.0
114.0	30.971704321123056	17.174819039262996	19.192805439789428	32.66067119982452	0.0
115.0	27.107638124587275	20.085846357032796	17.77459828307286	35.03191723530706	0.0
116.0	29.776894190413078	17.450850452838523	18.367572343715484	34.404683013032916	0.0
117.0	30.18826135105205	19.12513842746401	20.143964562569213	30.54263565891473	0.0
118.0	29.864504664593518	17.059084851177257	21.09062638827188	31.985784095957353	0.0
119.0	25.478628673196795	19.757346393588602	23.630899376669635	31.13312555654497	0.0
120.0	27.39848282016957	19.90182954038376	20.905845604640785	31.79384203480589	0.0
121.0	29.5757304377029	19.07533863203851	19.50072763909101	31.848203291167582	0.0
122.0	26.942946990116802	17.576370170709794	19.137466307277627	36.34321653189578	0.0
123.0	30.658413055711875	16.46595385481148	19.144625773776028	33.731007315700616	0.0
124.0	32.00858078356102	16.41639381280343	19.645478152873434	31.92954725076211	0.0
125.0	28.387096774193548	17.668364459535937	18.528579513299377	35.415959252971135	0.0
126.0	31.095205635082934	18.76846171324699	17.586912065439673	32.549420586230404	0.0
127.0	30.036504677161762	17.49942961441935	20.876112251882272	31.587953456536617	0.0
128.0	29.633447880870563	18.121420389461626	19.919816723940436	32.325315005727376	0.0
129.0	31.383162501439593	17.40181964758724	18.23102614303812	32.98399170793505	0.0
130.0	30.02891844997108	18.854829381145173	17.790630422209368	33.32562174667438	0.0
131.0	30.52204176334107	18.92111368909513	19.19953596287703	31.357308584686777	0.0
132.0	29.803099149481532	16.83560526622393	21.76395199813585	31.597343586158686	0.0
133.0	28.553032076797003	19.91336923437134	19.84312807305081	31.690470615780846	0.0
134.0	27.267387218045116	19.889567669172934	19.419642857142858	33.4234022556391	0.0
135.0	28.30834612206351	17.471372919371973	21.721166332192183	32.499114626372325	0.0
136.0	27.93925732589868	17.605884446553567	19.68205006525092	34.77280816229683	0.0
137.0	29.495117885210764	16.301500357227912	18.885448916408667	35.317932841152654	0.0
138.0	29.3210614391585	18.395888118575186	19.160889313889555	33.12216112837677	0.0
139.0	30.176237861167728	18.34312432562043	19.206330176237863	32.27430763697398	0.0
140.0	28.85542168674699	18.30120481927711	20.337349397590362	32.506024096385545	0.0
141.0	30.035121714908563	18.19062613540027	19.41383068911227	32.360421460578905	0.0
142.0	33.26841144248326	17.188070602556298	17.748021911138164	31.795496043822276	0.0
143.0	32.40073304825901	20.13439218081857	19.022602321319486	28.442272449602935	0.0
144.0	31.124202258222876	18.949435444280805	17.90623465881198	32.020127638684336	0.0
145.0	29.10613149470574	18.492982024131987	18.283673971928096	34.11721250923418	0.0
146.0	29.91706894417626	18.108676816437676	17.774477039237528	34.19977720014853	0.0
147.0	28.8008965259619	18.83949694932138	17.967874486365336	34.391732038351385	0.0
148.0	29.20519870032492	17.608097975506123	19.87003249187703	33.316670832291926	0.0
149.0	29.64918898528857	18.74764239909468	18.684773041619515	32.91839557399723	0.0
150.0	27.88169868554095	17.441860465116278	19.754802831142566	34.9216380182002	0.0
151.0	29.457364341085274	18.312364976490024	20.51086542127335	31.71940526115135	0.0
152.0	28.966223132036852	18.398157625383828	17.48976458546571	35.14585465711361	0.0
153.0	30.848329048843187	18.16195372750643	19.910025706940875	31.079691516709513	0.0
154.0	29.280268768574754	17.366584830081404	19.485721669466336	33.867424731877506	0.0
155.0	28.832922238089054	20.316759704011425	18.20070102557445	32.64961703232507	0.0
156.0	30.964797913950452	17.105606258148633	20.391134289439375	31.538461538461537	0.0
157.0	30.262123197903012	19.27916120576671	20.35386631716907	30.104849279161204	0.0
158.0	27.261951797708416	21.374950612406163	18.2273146318978	33.13578295798762	0.0
159.0	33.58070500927644	15.53140736814206	19.705804399681952	31.18208322289955	0.0
160.0	26.677316293929714	18.224174653887115	21.538871139510118	33.559637912673054	0.0
161.0	30.08695652173913	16.722408026755854	19.652173913043477	33.53846153846154	0.0
162.0	30.27979553403282	18.60371267150928	20.9712133440947	30.145278450363193	0.0
163.0	27.602970965563806	18.23092505064146	19.054692775151924	35.11141120864281	0.0
164.0	28.315217391304348	17.01086956521739	19.497282608695652	35.17663043478261	0.0
165.0	29.172932330827066	16.664388243335612	20.738209159261793	33.424470266575526	0.0
166.0	26.643788606726147	19.43719972546328	20.315717227179135	33.60329444063144	0.0
167.0	27.980132450331123	17.190949227373068	21.550772626931565	33.27814569536424	0.0
168.0	30.669995838535165	17.93591344153142	19.07338049660147	32.32071022333194	0.0
169.0	27.608301991920882	18.70734085527232	19.779913636996795	33.90444351581	0.0
170.0	28.471444568868982	17.609182530795074	18.435050391937292	35.484322508398655	0.0
171.0	30.309859154929576	16.732394366197184	18.098591549295776	34.859154929577464	0.0
172.0	28.322223798042828	19.85533966813218	16.94795064529854	34.87448588852645	0.0
173.0	29.649172846548772	16.828294352538506	19.03879064460924	34.483742156303485	0.0
174.0	31.306467804388355	18.68636168076868	18.67202065108275	31.33514986376022	0.0
175.0	28.55080831408776	18.389145496535797	21.31928406466513	31.740762124711313	0.0
176.0	28.22264205784043	15.971515768056967	18.514750762970497	37.29109141113211	0.0
177.0	26.80714076675446	19.476148668422592	20.26631548141645	33.4503950834065	0.0
178.0	26.104890984089568	19.44608131997643	20.433117265763112	34.01591043017089	0.0
179.0	28.228672985781987	17.446682464454977	21.178909952606634	33.1457345971564	0.0
180.0	29.757992231849418	16.17866746340006	19.913355243501645	34.14998506124888	0.0
181.0	29.137178135822918	19.19891582592983	18.039451889775638	33.624454148471614	0.0
182.0	29.138270483113736	17.552627593518096	19.930334696350144	33.378767227018024	0.0
183.0	29.103111653447222	21.095179987797437	20.576571079926783	29.225137278828555	0.0
184.0	31.380688806888067	20.126076260762606	17.081795817958177	31.411439114391143	0.0
185.0	28.43440594059406	19.786509900990097	20.42079207920792	31.35829207920792	0.0
186.0	30.09814612868048	18.16482318118087	20.330269512385108	31.406761177753545	0.0
187.0	29.71698113207547	21.933962264150946	17.672955974842765	30.67610062893082	0.0
188.0	29.241248217962934	18.057975605892604	18.469824172342786	34.230952003801676	0.0
189.0	29.838580789515746	18.075755154227267	20.153428160460287	31.93223589579671	0.0
190.0	31.693989071038253	17.56669881067181	17.823850851816136	32.9154612664738	0.0
191.0	29.372777238926606	18.71968962172648	18.671193016488846	33.23634012285807	0.0
192.0	32.71926964460385	18.829475057059014	17.720899902184545	30.730355396152593	0.0
193.0	30.417625780993095	18.497204866820123	19.40151266030911	31.683656691877673	0.0
194.0	30.026542800265428	19.376244193762442	19.16058394160584	31.43662906436629	0.0
195.0	30.045218556355717	19.67844582147044	18.271646290403616	32.00468933177022	0.0
196.0	30.008467400508042	19.932260795935647	17.950889077053343	32.10838272650297	0.0
197.0	28.967297762478484	19.91394148020654	20.25817555938038	30.860585197934597	0.0
198.0	28.78893944697235	20.756037801890095	18.865943297164858	31.589079453972698	0.0
199.0	28.97350993377483	21.670345842531272	18.72700515084621	30.629139072847682	0.0
200.0	24.163969795037758	17.49730312837109	22.826321467098165	35.51240560949299	0.0
201.0	33.166458072590736	17.42803504380476	19.211514392991237	30.193992490613265	0.0
202.0	30.71338383838384	17.897727272727273	21.117424242424242	30.271464646464647	0.0
203.0	28.380102040816325	19.929846938775512	20.631377551020407	31.058673469387756	0.0
204.0	31.475515463917525	18.621134020618555	21.552835051546392	28.350515463917525	0.0
205.0	28.162601626016258	17.756097560975608	23.772357723577237	30.308943089430894	0.0
206.0	30.400525279054495	20.650032829940905	20.584372948128692	28.365068942875904	0.0
207.0	27.82004631161098	18.954680780681443	21.104862719153157	32.120410188554416	0.0
208.0	28.062583222370176	17.509986684420774	22.603195739014648	31.82423435419441	0.0
209.0	27.536231884057973	18.23390630266262	20.020222446916076	34.209639366363334	0.0
210.0	29.546229955646535	18.150801774138518	19.85670419651996	32.446264073694984	0.0
211.0	30.9285467725233	17.604418363824646	22.02278218847083	29.44425267518122	0.0
212.0	26.212914485165793	16.858638743455497	24.991273996509598	31.93717277486911	0.0
213.0	30.331920903954803	19.350282485875706	17.51412429378531	32.80367231638418	0.0
214.0	30.55258467023173	22.424242424242426	19.53654188948307	27.48663101604278	0.0
215.0	27.785817655571638	20.11577424023155	19.7178002894356	32.38060781476121	0.0
216.0	31.451612903225808	17.998533724340177	21.334310850439884	29.215542521994138	0.0
217.0	26.570048309178745	20.58714232627276	23.48569305091044	29.357116313638056	0.0
218.0	26.17397998460354	19.24557351809084	20.63125481139338	33.94919168591224	0.0
219.0	22.24115892628888	22.624627183638687	25.181082232637408	29.953131657435023	0.0
220.0	13.037974683544304	25.886075949367086	22.78481012658228	38.291139240506325	0.0
