# Position (bp)	A	C	G	T	N
0.0	29.461290985009242	24.796358409199808	15.866931343692245	29.875419262098706	0.0
1.0	27.359832069339113	19.762323943661972	15.536971830985916	37.340872156013	0.0
2.0	27.908847184986595	19.175603217158177	18.542225201072384	34.37332439678284	0.0
3.0	25.57385724680823	21.432823973010517	15.472646689157902	37.52067209102335	0.0
4.0	33.997799495178306	14.261212866481134	16.448773542165558	35.29221409617501	0.0
5.0	34.98356155638545	15.381914520093204	23.106387053528678	26.528136869992657	0.0
6.0	32.41768638829318	18.440141289264538	19.660653462848494	29.48151885959379	0.0
7.0	31.810226278284787	18.51168896112014	20.205650706338293	29.47243405425678	0.0
8.0	24.19890188292955	23.746006142010735	21.605608462325897	30.449483512733817	0.0
9.0	29.000092327578248	18.09928292247561	17.243714030714308	35.65691071923183	0.0
10.0	28.352689486552567	16.75733496332518	22.73838630806846	32.15158924205379	0.0
11.0	28.971253377045198	18.656467231278267	19.934432201074586	32.43784719060195	0.0
12.0	27.895610197616534	19.906471564338514	20.024136370493288	32.17378186755167	0.0
13.0	28.14074874010079	19.927405807535397	18.92548596112311	33.0063594912407	0.0
14.0	30.829355608591886	18.281622911694512	20.51909307875895	30.369928400954656	0.0
15.0	29.934640522875817	18.874034462269755	19.07605466428996	32.115270350564465	0.0
16.0	29.7882408612327	17.730391576954926	19.09972790725186	33.381639654560516	0.0
17.0	30.146301256954462	18.406876453445587	20.134820876630066	31.312001412969888	0.0
18.0	31.06875824659141	18.014953819088113	18.29057322973171	32.62571470458877	0.0
19.0	30.0479083898107	18.044519747604582	19.25975695255901	32.64781491002571	0.0
20.0	30.12609569294388	18.03488744576138	19.738489763825388	32.10052709746935	0.0
21.0	29.813556368705353	18.455596213045247	19.033513387930533	32.69733403031887	0.0
22.0	29.950487882560733	18.04731157888641	19.541361438457304	32.46083910009555	0.0
23.0	30.316245487364625	17.95234657039711	20.118411552346572	31.612996389891695	0.0
24.0	30.49817039790244	19.134468551012766	18.41703402771775	31.95032702336704	0.0
25.0	29.96834532374101	18.4863309352518	19.09064748201439	32.454676258992805	0.0
26.0	30.683190522744262	17.858991316349414	19.96664558053942	31.4911725803669	0.0
27.0	29.80294151442032	18.628633804435253	19.243364357118235	32.3250603240262	0.0
28.0	29.625910838258072	18.007344081702907	19.702794193585405	32.66395088645361	0.0
29.0	30.134709085697907	18.492404700487246	19.555746632272857	31.817139581541987	0.0
30.0	29.842016228460018	18.48496143590332	19.1530234825243	32.51999885311236	0.0
31.0	29.95957221091264	17.90291596180864	19.445479829113744	32.69203199816498	0.0
32.0	30.63910313387046	18.069214668692833	19.904234882587378	31.387447314849325	0.0
33.0	30.094331507870514	18.27852166184018	19.104280758092727	32.52286607219658	0.0
34.0	29.66711586432319	18.298592195429652	19.127218510766408	32.90707342948075	0.0
35.0	30.121000114692052	17.963642619566464	20.002293841036817	31.913063424704667	0.0
36.0	29.9288909278587	18.342126390641127	19.02454409909393	32.70443858240624	0.0
37.0	29.6381258243964	18.595515283592363	19.645007742157482	32.12135114985376	0.0
38.0	29.539132180446813	18.53795635091342	20.23573948206143	31.68717198657834	0.0
39.0	29.761904761904763	18.413654618473895	19.822145725760183	32.00229489386116	0.0
40.0	30.00286944045911	18.06312769010043	19.45480631276901	32.47919655667145	0.0
41.0	29.696917513345962	18.196429596464036	20.360484472762757	31.746168417427246	0.0
42.0	29.72670379514268	18.87810759602687	19.162312683010853	32.232875925819606	0.0
43.0	29.885684742647058	17.965877757352942	19.706456801470587	32.44198069852941	0.0
44.0	30.294235963450376	18.15125567496121	20.024711223492904	31.52979713809551	0.0
45.0	29.45522495328446	19.143308897513293	19.321546643668245	32.079919505533994	0.0
46.0	29.002847364031176	18.17423566970577	19.6525640656907	33.17035290057235	0.0
47.0	29.88952183669947	18.39001093273491	20.098970021290064	31.62149720927556	0.0
48.0	30.166954519286126	18.871617731721358	18.701784686240643	32.25964306275187	0.0
49.0	29.82309553993316	18.2032960700703	19.384579923936844	32.5890284660597	0.0
50.0	29.726924075088668	18.524178897892096	20.03517979180484	31.713717235214396	0.0
51.0	30.256469500924215	18.37742606284658	19.24387707948244	32.12222735674676	0.0
52.0	29.74981923355025	18.409255242227044	19.430224150397688	32.41070137382502	0.0
53.0	30.12079603719475	18.159960603690507	20.152950378030766	31.566292981083976	0.0
54.0	30.027851920622027	18.254612974353023	19.072763142625043	32.64477196239991	0.0
55.0	29.498242249920104	18.196345041982624	19.6054504779337	32.69996223016357	0.0
56.0	29.52707812227328	18.390436856494677	20.34494793787447	31.73753708335757	0.0
57.0	29.553264604810998	18.74890791542897	19.098374978158308	32.599452501601725	0.0
58.0	29.961520522388057	17.65683302238806	19.542910447761194	32.838736007462686	0.0
59.0	29.62043795620438	18.35912408759124	20.642335766423358	31.37810218978102	0.0
60.0	29.821224800304297	18.489042338414723	19.343418088187963	32.34631477309301	0.0
61.0	29.664398028631776	18.35836658061488	19.390988030978644	32.5862473597747	0.0
62.0	29.775462758600398	18.060092404579027	20.276036608693094	31.888408228127485	0.0
63.0	29.680351819603906	18.54726838050825	19.087394114695552	32.68498568519229	0.0
64.0	29.479477998402036	18.23750480868819	19.40046755245169	32.88254964045808	0.0
65.0	29.590504451038573	18.160237388724035	20.198813056379823	32.05044510385757	0.0
66.0	30.218374390098774	18.103653457098655	19.278828989646556	32.39914316315601	0.0
67.0	29.86966506606221	18.085836141847356	19.317605654806286	32.726893137284144	0.0
68.0	29.82571522525485	17.772263908403335	20.465755881737465	31.936264984604346	0.0
69.0	29.87141444114738	18.53850073434643	19.08101789407427	32.50906693043192	0.0
70.0	29.501443348568678	17.75619437094058	19.818980033678134	32.92338224681261	0.0
71.0	29.670561947036266	18.235347404656217	20.29773228251351	31.796358365794003	0.0
72.0	30.08300012116806	18.03586574578941	19.48685326547922	32.39428086756331	0.0
73.0	29.775776567586483	17.82530651982111	19.376920502601237	33.021996409991175	0.0
74.0	29.72584736697332	18.31963079556221	20.41015923469544	31.544362602769034	0.0
75.0	30.077633557335297	18.144159072079535	19.202798490288135	32.57540888029703	0.0
76.0	29.413577393608826	17.95938491880065	19.937752303472926	32.689285384117596	0.0
77.0	29.844001485700133	18.246254797573354	20.347901448557632	31.561842268168878	0.0
78.0	30.00993912287241	18.520934277550005	19.2322027581066	32.23692384147099	0.0
79.0	29.92550571953994	17.872393479412775	19.271888539101706	32.93021226194558	0.0
80.0	30.265010481524357	18.090798160257815	20.180845405337756	31.463345952880072	0.0
81.0	29.87992707613001	18.322122336078454	19.180235116615325	32.61771547117621	0.0
82.0	29.910262891809907	17.89370576339737	19.186046511627907	33.009984833164815	0.0
83.0	29.812617313014982	17.958833073521458	20.048993096427324	32.17955651703623	0.0
84.0	30.17931476144733	18.306115914185078	19.0457893051553	32.468780019212296	0.0
85.0	29.598090445777693	17.782723695245465	19.6955035159022	32.92368234307464	0.0
86.0	29.92861778066191	18.212199870214146	19.866969500324462	31.99221284879948	0.0
87.0	30.137433486762642	18.835895929226652	19.129696732282177	31.89697385172853	0.0
88.0	30.115462835399853	18.09683133241488	19.467952502788165	32.3197533293971	0.0
89.0	30.76187650413741	18.26393696634029	20.077143704875876	30.897042824646427	0.0
90.0	29.8893233481344	18.420703823977732	19.28225859897939	32.407714228908475	0.0
91.0	29.704852426213108	18.279139569784892	19.603134900783726	32.412873103218274	0.0
92.0	29.793094182453313	18.12105333870751	20.230417842267904	31.85543463657127	0.0
93.0	30.106253383865727	18.276258798050893	19.16621548456957	32.451272333513806	0.0
94.0	29.709996588195153	18.01091777550324	19.624701467076083	32.65438416922552	0.0
95.0	30.38723433523626	17.989545360753834	19.949790219409863	31.673430084600042	0.0
96.0	29.708186040063772	18.493103209260415	19.47736882234699	32.32134192832883	0.0
97.0	29.851163440709943	18.248200684787925	19.516455873104604	32.384180001397525	0.0
98.0	30.103781882145995	17.998240985048373	20.41864555848725	31.47933157431838	0.0
99.0	30.100938551443246	18.664777758101646	19.05790685319639	32.17637683725872	0.0
100.0	29.611667795884888	17.872552865242664	20.044217808365726	32.47156153050672	0.0
101.0	30.06606347838575	18.46905069653885	19.908803676576188	31.556082148499208	0.0
102.0	29.865055533446693	18.17589812235447	19.36254115263558	32.59650519156326	0.0
103.0	29.70477684925008	17.852059993431375	19.47232054884502	32.970842608473525	0.0
104.0	30.42917188997862	17.944841825824053	19.82523412727675	31.80075215692058	0.0
105.0	29.886469383956822	18.65996649916248	19.184812953657175	32.26875116322353	0.0
106.0	29.42304078180793	17.684645743281337	20.03006953580154	32.86224393910919	0.0
107.0	30.129978400090945	17.810451324415478	19.856758497858955	32.20281177763462	0.0
108.0	29.527739569005046	18.37077793061287	19.593458658107902	32.508023842274184	0.0
109.0	29.46865487612222	17.71664162139252	19.874388317342888	32.940315185142374	0.0
110.0	29.35897435897436	18.41880341880342	20.532245532245533	31.68997668997669	0.0
111.0	29.47487958648236	18.43207894427693	19.602929083290913	32.4901123859498	0.0
112.0	29.43409657136078	18.09625499268399	19.19958872147744	33.270059714477796	0.0
113.0	29.92732790289091	18.124101581217058	20.539849864238942	31.408720651653088	0.0
114.0	30.05168793409788	18.34921660474883	19.45162332418026	32.14747213697303	0.0
115.0	30.06007110457276	17.55547382616158	19.459768705815048	32.92468636345062	0.0
116.0	30.244003308519435	17.812241521918942	20.19437551695616	31.74937965260546	0.0
117.0	29.86279595080733	18.083326361582866	19.191834685852925	32.86204300175688	0.0
118.0	29.828045122311885	17.837677975410877	19.65862520596561	32.67565169631163	0.0
119.0	30.079808800307283	18.09995305364688	20.037557082497546	31.78268106354829	0.0
120.0	29.933232823605426	17.940986431186733	19.720008615119536	32.40577213008831	0.0
121.0	29.63478260869565	17.878260869565217	19.669565217391305	32.81739130434783	0.0
122.0	29.479056670186555	18.307814149947202	20.23495248152059	31.97817669834565	0.0
123.0	29.617578891067925	18.323230522374757	19.125512569085398	32.93367801747192	0.0
124.0	29.20393964037228	18.28408782867986	19.49037679587964	33.02159573506822	0.0
125.0	30.24450662874444	18.207257213633653	20.06055323638699	31.487682921234917	0.0
126.0	30.068888475144295	18.348538447216534	19.284118413703222	32.298454663935956	0.0
127.0	30.65286247813549	17.250508202146268	19.50078003120125	32.595849288516995	0.0
128.0	29.81211656441718	18.01667944785276	20.528182515337424	31.64302147239264	0.0
129.0	29.87246011347655	18.190194461956256	19.271616313466854	32.66572911110033	0.0
130.0	29.521564004322627	17.56066411238825	19.70724039689557	33.210531486393556	0.0
131.0	30.031344843027014	18.065575401761283	19.946265983382258	31.956813771829445	0.0
132.0	30.507107571327758	17.975602379272104	19.412239137009777	32.10505091239036	0.0
133.0	30.01946322474903	17.71153452161442	19.744929317762754	32.5240729358738	0.0
134.0	30.1399802258417	17.942446791903002	20.086381849404173	31.83119113285112	0.0
135.0	29.320480906731632	18.124040040252105	19.734124251893437	32.82135480112282	0.0
136.0	28.96325035025326	18.105399288716455	19.98598986959802	32.94536049143227	0.0
137.0	29.98081666209921	17.7473280350781	21.775828994244996	30.496026308577694	0.0
138.0	30.16395271023868	19.267231764443455	19.36203435199643	31.206781173321435	0.0
139.0	30.859574468085103	17.912056737588653	19.699290780141844	31.529078014184396	0.0
140.0	29.082838531158124	19.7959301320113	19.7959301320113	31.32530120481928	0.0
141.0	31.225806451612904	16.838709677419356	20.12316715542522	31.812316715542522	0.0
142.0	28.96370582617001	18.92311365807068	22.504775549188157	29.608404966571158	0.0
143.0	27.87352834081806	18.770481854594003	19.711129991503824	33.64485981308411	0.0
144.0	29.36330979809241	18.530905487427226	18.90251455468847	33.2032701597919	0.0
145.0	27.78164777404851	18.877841808625167	18.307896903299348	35.03261351402698	0.0
146.0	32.244871461957935	15.502466891716438	18.832770708906775	33.41989093741885	0.0
147.0	33.00938111628535	16.076128771006275	21.44833637038537	29.46615374232301	0.0
148.0	30.94170403587444	16.613282084134102	21.090469072531853	31.354544807459604	0.0
149.0	33.693355247710734	13.759098379901385	22.297879001330514	30.24966737105737	0.0
150.0	29.08106088905491	14.942099364960775	24.82256257004109	31.154277175943218	0.0
