# Position (bp)	A	C	G	T	N
0.0	27.381330125548775	23.88718133296709	23.08349869525889	25.64798984622525	0.0
1.0	27.192798234954047	19.992920938683532	15.151550904350083	37.66272992201234	0.0
2.0	27.74658653902694	20.341522503557528	17.81162164387106	34.100034105208685	2.3520833578342015E-4
3.0	24.065819923704034	21.834854641416	14.782987922541075	39.31586857586337	4.689364755203437E-4
4.0	33.637447126732255	14.685798415554673	14.483185716622653	37.19216657708397	0.0014021640064499543
5.0	35.44821825631071	14.754419652960706	22.132212777970913	27.657449772163595	0.007699540594077886
6.0	32.13233495976617	17.671677943008863	20.002794824915863	30.189000034935308	0.004192237373796187
7.0	34.791199339834264	17.36142911935285	20.13156824230872	27.71533839305431	4.649054498541359E-4
8.0	24.348710187349553	26.231258661231806	21.432036750317433	27.98544100613047	0.002553394970740415
9.0	28.825220879808917	18.59147090879577	16.2275351900378	36.355541126545	2.3189481251304408E-4
10.0	27.219776655391314	17.220008340670034	24.07858764654094	31.481163986840276	4.633705574347806E-4
11.0	28.06494029622702	18.85403017830107	19.744609529453708	33.334799498108644	0.0016204979095576966
12.0	26.58811226508293	20.487614147195803	20.546610924352247	32.37257274533983	0.005089918029183739
13.0	27.363163381108563	21.061548453603482	18.4051348546519	33.16992217745943	2.3113317662503956E-4
14.0	31.005359978365938	19.002845249404253	20.19526130761283	29.795146665557226	0.0013867990597502375
15.0	29.858708289129115	18.709306115090456	18.8278774346991	32.60295249519821	0.001155665883125198
16.0	30.3644276795847	17.67544741604665	18.80545751656647	33.15189378968268	0.002773598119500475
17.0	30.018883580530265	18.60506505243256	20.427087883767747	30.945727618796674	0.0032358644727505537
18.0	31.974963654307974	18.321695777890262	18.17561961026324	31.520555829063145	0.007165128475376227
19.0	30.32351710732207	18.432870835846906	19.870056928101405	31.373555128729624	0.0
20.0	30.26041775010343	18.02908117628296	19.950953539920167	31.759085267340186	4.622663532500791E-4
21.0	29.561702157165936	17.81112259072555	19.203468846714788	33.42370640539372	0.0
22.0	28.734245384848293	18.866476675195482	19.85757573656365	32.54077767068607	9.245327065001582E-4
23.0	29.800924994972856	17.54832416890288	20.065133329172934	32.584461841068205	0.001155665883125198
24.0	30.6394761597685	17.827533046265927	18.74674968970371	32.78462317202549	0.0016179322363752769
25.0	29.11376606086661	18.317766513887637	19.153312947387153	33.4151544778586	0.0
26.0	31.078398062179446	17.77899507917467	20.591192439171525	30.551183286297736	2.3113317662503956E-4
27.0	28.768915361342053	18.314068383061635	19.67266919526362	33.24434706033269	0.0
28.0	29.617867519085824	17.76836295304992	20.35774793078024	32.25186119990477	0.004160397179250712
29.0	29.348135101964402	18.511687249076044	19.172265867870408	32.96583158249952	0.002080198589625356
30.0	29.80686109993944	18.482486674895178	18.920262018019518	32.78946565520685	9.245519390165541E-4
31.0	30.036589396702563	18.51451209900171	19.309401140442723	32.13787938674045	0.001617977112558045
32.0	29.318873140469126	18.837544725820322	19.243890938340776	32.59969119536978	0.0
33.0	29.674061027166587	17.794081275556078	19.270410769554374	33.258904321736736	0.0025426059862190755
34.0	29.425456865346654	18.282472920933284	19.196203614240606	33.095635450809255	2.3114867020170035E-4
35.0	30.434199388503686	17.3776891729998	19.370371569584304	32.81727731496686	4.625539453538769E-4
36.0	30.935561322915078	17.723758899698833	18.663113726469867	32.67733473970549	2.3131121072913918E-4
37.0	28.874498835145975	19.089956344000942	19.387474175405963	32.647607942754426	4.6270269269832015E-4
38.0	30.722364657861366	18.166945881656037	19.046473098175692	32.063059394118895	0.0011569681880027028
39.0	30.175860145234505	18.833262730010578	19.01104421156922	31.979369940577467	4.6297260822563427E-4
40.0	29.629535233425937	18.72064653504575	19.20559415931213	32.43982177653484	0.004402295681347937
41.0	29.44213534225224	18.214564043567812	20.362338337075318	31.97933868962574	0.0016235874788933626
42.0	28.847948085947834	18.841588800230234	19.364721282254806	32.94388510581016	0.0018567257569638822
43.0	29.62455499072244	18.574855611471193	20.024662745088932	31.772675443383676	0.003251209333757539
44.0	29.77948266368028	18.805428476499603	19.802647323285246	31.61220919290794	2.3234362693048513E-4
45.0	29.37667940457263	18.705428951307727	19.675648285031567	32.24224335908808	0.0
46.0	30.020533976405694	17.683869782497982	19.271241503282415	33.02435473781391	0.0
47.0	29.957197357402066	18.813389783195312	19.5773239043454	31.64976272448125	0.0023262305759746906
48.0	30.254171621109066	18.25740141338316	18.511037838366114	32.97715643317378	2.326939678742708E-4
49.0	28.559058087403454	18.563806757077614	20.12853997029754	32.74766407352058	9.311117008151883E-4
50.0	29.658257041023134	18.517716122719964	19.19910545810329	32.62492137815361	0.0
51.0	30.3276872523572	18.194793291868105	19.241685381990845	32.235834073783856	0.0
52.0	29.421161040817186	18.361427550548573	19.777581608680013	32.43936273067384	4.670692803863597E-4
53.0	31.02363014819699	18.172954166023654	19.143787090166807	31.647703624723505	0.011924970889041655
54.0	30.040049341912773	19.101499685176126	18.764439180474835	32.090968885102164	0.0030429073341088847
55.0	29.04025493228361	18.258118937157317	18.041613946295517	34.65930924598153	7.029382820188388E-4
56.0	29.37167568784533	17.97239237905836	20.840329828050393	31.814664027541955	9.380775039633775E-4
57.0	28.120261928791045	19.239796277606967	19.31372779120802	33.32550989274063	7.041096533433474E-4
58.0	30.655926027725506	17.799578549731837	21.720428591900358	29.8240668306423	0.0
59.0	29.048406561480355	20.79268479158384	20.993114350709384	29.15685494969265	0.008939346533768383
60.0	31.13667979157334	18.65230000235777	19.776247848537004	30.434536580765332	2.3577676655742343E-4
61.0	29.04506463123567	21.388803554127183	19.18779686650755	30.37786232483399	4.7262329560224025E-4
62.0	30.786749580532934	17.105724658975646	21.151567432292804	30.95524736707397	7.109611246457043E-4
63.0	26.25791886420352	20.601536313181416	24.79368727058191	28.345430193859027	0.0014273581741234237
64.0	26.29867960015658	20.594132192742098	17.42798903963109	35.67752837952664	0.0016707879435941993
65.0	27.721368634813594	19.605875704049964	18.568719108011802	34.09972604314341	0.004310509981225334
66.0	26.933217963971114	19.67119731766233	17.186910384444364	36.20026198459338	0.0084123493288147
67.0	33.54053304055114	14.10687354463521	17.608918596093286	34.74270960269295	9.652160274121352E-4
68.0	34.65116845773327	15.626629626922044	22.95562541121427	26.76657650413042	0.0
69.0	32.01851408984017	17.102614691697557	20.187382916816134	30.691488301646142	0.0
70.0	32.60712922185119	16.423881656422914	22.341598240548056	28.627390881177845	0.0
71.0	25.753559322033897	20.22271186440678	25.011525423728813	29.01220338983051	0.0
