# Position (bp)	A	C	G	T	N
0.0	26.278583950417023	19.94727650152456	26.873092241831483	26.90104730622694	0.0
1.0	27.72761749056406	16.350183148983017	23.121125694590063	32.80107366586286	0.0
2.0	27.493185070877296	19.686686305606056	22.3470636256848	30.473064997831845	0.0
3.0	28.667752156631423	21.858537618952507	19.165690630498432	30.308019593917635	0.0
4.0	29.60997940511921	17.48431998993641	18.90257669859384	34.003123906350545	0.0
5.0	32.496525734452916	18.549005408694857	19.356977874688802	29.597490982163432	0.0
6.0	26.717819157231524	18.15317595704982	17.956035729966676	37.17296915575198	0.0
7.0	26.437514158182392	23.83715458023183	18.803023390114955	30.92230787147082	0.0
8.0	29.509291881427117	19.683769510798577	19.616725585867044	31.190213021907258	0.0
9.0	29.440229597109802	17.678754421341445	19.970862259656457	32.9101537218923	0.0
10.0	27.759785026077882	23.631970566431455	20.789208646548477	27.819035760942185	0.0
11.0	26.97239723578652	20.194649814461098	19.122894717062618	33.71005823268977	0.0
12.0	27.965255841075525	18.856520949327063	18.55259700742638	34.625626202171034	0.0
13.0	31.480056184797924	18.58016168029896	19.309968033472472	30.629814101430647	0.0
14.0	27.896873300609705	19.16628234874458	19.570342493804237	33.366501856841474	0.0
15.0	28.53747042560914	17.848477459926155	23.052656910062876	30.56139520440183	0.0
16.0	27.123317799064452	19.622088118567007	19.812723332408343	33.4418707499602	0.0
17.0	27.15418004969696	23.35868452667035	18.617073419505957	30.87006200412673	0.0
18.0	28.09250761189304	21.917173398804472	19.350793009675456	30.639525979627024	0.0
19.0	28.39968981855179	18.276549370216628	19.461664627217033	33.862096184014554	0.0
20.0	27.349545123971662	20.063002966944858	18.3318489356353	34.255602973448184	0.0
21.0	28.576571033485358	21.575267521297043	18.956310140753942	30.891851304463657	0.0
22.0	27.807072685634022	22.50719579294824	19.50933847852677	30.17639304289097	0.0
23.0	27.624003113005752	21.791079907085336	18.901563873282914	31.683353106625994	0.0
24.0	28.536673006732144	18.75804971081457	18.520029839641637	34.185247442811644	0.0
25.0	28.69508766051025	22.355559093953577	18.56237000843274	30.386983237103433	0.0
26.0	32.65935864094641	18.032100029740583	18.527631219930228	30.780910109382773	0.0
27.0	28.785468880354802	18.27674586101532	22.796378940266294	30.14140631836358	0.0
28.0	28.117553676867928	18.753758419949367	19.135865272892463	33.99282263029024	0.0
29.0	27.548981151672063	21.763111678094514	19.03736931663679	31.65053785359663	0.0
30.0	32.577560105940194	18.05384963411366	18.68124169002399	30.68734856992215	0.0
31.0	28.28887106721314	18.9342989761157	22.57236185320446	30.204468103466702	0.0
32.0	28.642479268962745	21.577854802776066	19.037916778166423	30.741749150094765	0.0
33.0	31.72255600282508	18.519729653547348	19.283879610949413	30.473834732678156	0.0
34.0	28.938400975848076	22.42641251118951	18.681068951141476	29.954117561820937	0.0
35.0	28.76540598544138	22.12671947603875	18.141055073632444	30.96681946488743	0.0
36.0	28.148069486321926	19.06856796719855	18.929721005504955	33.85364154097457	0.0
37.0	29.435139781191943	21.83847710423096	18.85767671586241	29.868706398714686	0.0
38.0	32.973785978531794	18.20244427768164	19.448026649743657	29.375743094042907	0.0
39.0	28.078054278719993	19.334852727624956	18.319508286222504	34.26758470743254	0.0
40.0	29.053440539538972	18.2309371826607	23.015671848905985	29.69995042889434	0.0
41.0	28.607808448752962	18.691812214397444	23.323209380199508	29.37716995665009	0.0
42.0	27.85640467597526	18.735290992855973	19.03574912510584	34.37255520606293	0.0
43.0	28.691459705367556	18.523686141844813	22.17376567801614	30.6110884747715	0.0
44.0	28.534774095820232	18.639178519981417	18.455894609935434	34.37015277426292	0.0
45.0	32.42057383464093	18.462217594059855	18.85514426715133	30.262064304147884	0.0
46.0	28.521629992509972	18.756897912913217	22.86345877446912	29.858013320107695	0.0
47.0	27.899700502892383	19.155001309742293	19.856544697084587	33.08875349028074	0.0
48.0	28.208121685182874	22.449329311054054	19.317417202918683	30.025131800844385	0.0
49.0	28.69765389394226	20.144260001504826	18.42188424629538	32.73620185825754	0.0
50.0	28.701067079256525	19.23284684556967	18.361715181009135	33.70437089416467	0.0
51.0	28.501788529261056	21.75829071433467	19.15464250629086	30.58527825011341	0.0
52.0	27.356793815780872	18.893492188010722	20.00281918023142	33.746894815976994	0.0
53.0	28.950679699369957	18.855054073551816	19.05298344668817	33.14128278039006	0.0
54.0	28.369941088033578	18.075856583761574	22.986197873235806	30.56800445496904	0.0
55.0	27.79107183675379	22.13479286643212	19.86842369850798	30.205711598306113	0.0
56.0	30.975328384297065	19.51930810483803	19.044994638749532	30.460368872115374	0.0
57.0	27.99870264521257	18.099910312941567	19.98679595762029	33.91459108422558	0.0
58.0	27.305419730460358	19.333537792353727	22.57479036767173	30.78625210951419	0.0
59.0	27.52150759577279	19.165414464993393	18.590612615587844	34.72246532364597	0.0
60.0	28.659434326178037	18.028150146795372	22.295738200244514	31.016677326782084	0.0
61.0	31.885606292117707	19.100870491329456	18.9836427797088	30.029880436844035	0.0
62.0	28.708811831502288	22.424611913619415	19.147474898286738	29.71910135659156	0.0
63.0	28.255440688273236	18.472877142961583	19.314318755046905	33.95736341371828	0.0
64.0	27.5551050925481	19.130975309273783	19.68372171205345	33.63019788612468	0.0
65.0	32.093464790681026	18.878025789454604	18.693541551459518	30.334967868404856	0.0
66.0	28.46362630487399	18.925331845248657	19.478229874858144	33.13281197501921	0.0
67.0	28.846316225961438	18.711851597331773	23.40590778254585	29.03592439416094	0.0
68.0	27.75115249823095	18.108479288528613	19.439766527515502	34.70060168572493	0.0
69.0	28.33958128976441	22.052721037796815	19.42518241670312	30.18251525573566	0.0
70.0	27.90410718914597	22.61250016279864	19.364257652901536	30.11913499515385	0.0
71.0	28.96532505811149	22.617176417301522	18.969433483498527	29.448065041088462	0.0
72.0	28.442221816592173	18.744801693978545	19.35546696332931	33.457509526099976	0.0
73.0	28.189964974854178	18.307815977816283	22.334230071637737	31.167988975691806	0.0
74.0	28.60205034194914	21.955688667311556	18.77528259001955	30.666978400719753	0.0
75.0	31.82685354382982	17.829907007385554	19.474043866230183	30.869195582554443	0.0
76.0	28.387304109591366	22.345932190958145	18.655520756974425	30.611242942476064	0.0
77.0	32.76224708491697	18.76025331417683	18.378609251503818	30.098890349402378	0.0
78.0	32.15623878535748	17.992325995520094	19.041081095790695	30.810354123331727	0.0
79.0	28.24511794719382	18.74406815095776	23.488951272508025	29.52186262934039	0.0
80.0	31.750512351213505	18.50983070560152	18.835168929879828	30.90448801330514	0.0
81.0	32.258602972912165	18.12141049181252	19.22181234169663	30.398174193578686	0.0
82.0	33.06510422677777	18.324343918017217	19.22153287698051	29.389018978224495	0.0
83.0	31.657008484562105	18.459561685886726	20.088291150211806	29.795138679339367	0.0
84.0	28.072328142444782	18.31852926491104	23.51037499116042	30.098767601483768	0.0
85.0	32.73840433485055	18.0009939325482	19.0729476108282	30.187654121773043	0.0
86.0	31.537399169117432	18.280705614215414	19.354372962111825	30.82752225455533	0.0
87.0	29.079827085989308	21.00164317360114	19.645928143532227	30.272601596877323	0.0
88.0	28.323282589245135	17.66448248396325	19.778391108419232	34.23384381837238	0.0
89.0	27.50935300577182	19.073834615912144	19.342197087262228	34.0746152910538	0.0
90.0	29.119006427060505	21.24039417461808	19.487657642639544	30.152941755681873	0.0
91.0	31.313347516258478	19.08619586273696	18.90765532032655	30.692801300678013	0.0
92.0	28.590026725801415	22.19194000397445	18.46314302871346	30.754890241510672	0.0
93.0	33.24918346160265	17.57944859004896	19.601559604593856	29.569808343754538	0.0
94.0	32.48336480239599	18.020574256136467	18.864900058597563	30.631160882869978	0.0
95.0	28.739105019894	22.138034590135792	18.763247274489395	30.359613115480816	0.0
96.0	28.507235643802165	18.0703992592483	19.2648961842411	34.15746891270843	0.0
97.0	28.425254171496984	18.0247965604237	22.413445331290987	31.136503936788333	0.0
98.0	27.902091252264995	22.026022223753785	18.902535308584245	31.16935121539698	0.0
99.0	28.992253072979747	17.686902203181145	19.184618132884452	34.13622659095466	0.0
100.0	27.89101573911933	22.504605227479868	19.036164812038493	30.568214221362304	0.0
101.0	27.816833864283947	21.636463649956248	19.622165209873664	30.924537275886145	0.0
102.0	28.356743439301173	18.680751468129174	19.159551687224788	33.802953405344866	0.0
103.0	28.671359069832796	18.804886188000562	22.087036321483772	30.436718420682872	0.0
104.0	27.521875015112368	21.78110960610245	19.11438666647323	31.582628712311955	0.0
105.0	27.664338705573815	22.104699265164836	18.565174253742185	31.66578777551917	0.0
106.0	31.99876567700412	18.082346977010737	19.040622451453636	30.878264894531508	0.0
107.0	28.45271418298614	17.491980236088075	19.64295883048071	34.412346750445074	0.0
108.0	28.0791182481313	17.75545469696079	19.403589444121984	34.76183761078593	0.0
109.0	28.490837152846332	17.94862714440902	19.192886808138418	34.367648894606226	0.0
110.0	27.500294780740752	19.073023173755736	22.4992176120189	30.92746443348461	0.0
111.0	27.91941428367216	17.89325735452761	19.24785066577642	34.93947769602381	0.0
112.0	28.688781126244116	21.993004319397098	18.855884356100415	30.46233019825837	0.0
113.0	32.3900660438467	17.62215440503776	19.054328687782	30.933450863333533	0.0
114.0	27.765162948276622	17.87600353284579	19.26132135744383	35.097512161433755	0.0
115.0	27.855367998517604	17.513501204448087	24.103473141589067	30.527657655445246	0.0
116.0	31.03405563895183	19.089786706768425	19.296063919553227	30.58009373472652	0.0
117.0	28.1546165940273	18.21589346424844	19.93169062347424	33.69779931825003	0.0
118.0	28.75950493992133	17.140391765511463	22.85354158571071	31.2465617088565	0.0
119.0	27.112209641265178	18.142737902122043	23.009532131332787	31.735520325279992	0.0
120.0	31.653681252364397	17.719010646538525	18.837572733332134	31.789735367764948	0.0
121.0	32.141236009100005	18.03117140482488	19.36431703471882	30.463275551356293	0.0
122.0	32.01444068124506	18.76149507245879	19.365510420767677	29.85855382552847	0.0
123.0	32.775911854963816	18.67315902116432	18.139125117485193	30.411804006386667	0.0
124.0	28.375402891422546	18.606332697421905	22.776477359328993	30.241787051826552	0.0
125.0	29.536523171112727	21.22731243834809	18.714438587307743	30.521725803231437	0.0
126.0	31.858525635826275	18.821797310240935	18.469514879159515	30.850162174773278	0.0
127.0	28.647833786601375	22.06977847313879	19.265116835411426	30.01727090484841	0.0
128.0	32.08093424230046	19.064522606996753	19.124538955962546	29.730004194740246	0.0
129.0	27.80947884244255	22.62471980160349	19.64625095691477	29.919550399039192	0.0
130.0	28.22312013765313	18.850188243598982	19.54093562951307	33.385755989234816	0.0
131.0	28.444214355493262	17.842599812725197	19.76564396324329	33.94754186853825	0.0
132.0	28.544001964639264	18.775922644175484	18.775784159265033	33.90429123192022	0.0
133.0	28.512176266123944	22.699435890294474	18.89829971329551	29.89008813028607	0.0
134.0	27.78672098447314	21.841490511775582	19.08293251225884	31.288855991492436	0.0
135.0	29.14176602900578	17.612542203616936	18.887554035972222	34.35813773140507	0.0
136.0	28.39734005705209	21.537467549582374	19.994681980076084	30.070510413289455	0.0
137.0	28.7585255944463	19.03973393735194	22.363926202052085	29.837814266149675	0.0
138.0	29.07428357992546	17.893808739736016	19.619570394304958	33.41233728603357	0.0
139.0	28.739320111207807	18.431041794235437	23.745040996935526	29.084597097621234	0.0
140.0	30.03656861504046	19.447399197776598	20.745910946778544	29.7701212404044	0.0
141.0	30.194711211611704	18.283164366318026	19.686587861189793	31.835536560880477	0.0
142.0	28.77414785892351	18.580489694457842	24.50549319974429	28.139869246874355	0.0
143.0	29.689571958052664	18.584484748958253	23.22304824382594	28.502895049163147	0.0
144.0	30.790801051083804	18.773620500448978	18.241894060302602	32.19368438816462	0.0
145.0	26.072899742339946	18.33957451820273	22.489359093546334	33.098166645910986	0.0
146.0	26.667207792996823	19.215217768514904	19.866805156123856	34.250769282364416	0.0
147.0	26.848912536865647	21.87547734402845	18.830463067770122	32.44514705133578	0.0
148.0	28.688176225492494	17.663568886087333	19.135882605847694	34.51237228257248	0.0
149.0	29.876174195167188	18.339767473066654	18.96949674036288	32.814561591403276	0.0
150.0	23.60989182674424	23.059088232730858	20.853641946310862	32.47737799421404	0.0
