# Position (bp)	A	C	G	T	N
0.0	27.08894525717302	24.184881703835483	23.423305442449617	25.302666121340454	2.0147520142483263E-4
1.0	27.386768253764355	20.059370647055754	15.07348070955751	37.479978965369135	4.014242532505329E-4
2.0	28.249797962825156	19.983276922953824	17.920297334709588	33.846027669091114	6.001104203173384E-4
3.0	23.924214255507593	21.987879706687306	15.000558538862336	39.08575167362181	0.0015958253209603678
4.0	34.71406239434211	13.741592117772006	14.31637105659882	37.2267811186113	0.0011933126757650127
5.0	36.18581761418477	14.874703590281335	22.312055385422003	26.622259823723105	0.005163586388786279
6.0	32.395391266410186	17.562170308967595	20.178082735096975	29.86376075833895	5.949311862927854E-4
7.0	35.51905640156025	16.78278733178682	20.28324593742757	27.41491032922536	0.0
8.0	23.064454520445462	26.78305305469738	22.343059467097852	27.80923504416442	1.9791359488274606E-4
9.0	28.886120011075512	18.16008069301056	15.767374708278945	37.185237925714965	0.0011866619200189864
10.0	26.976371883430673	16.954532428132378	24.88828278635874	31.179824691431225	9.882106469815107E-4
11.0	28.507710632514833	18.563987286888466	19.489026151162765	33.439078398179554	1.9753125438272469E-4
12.0	26.58076642861797	19.754619638721447	21.33513926539896	32.32947466726163	0.0
13.0	27.645111132158867	21.252644124518532	18.395213739976004	32.70683368062133	1.9732272526362316E-4
14.0	31.609719328155585	18.36009029487908	20.4895971459241	29.540198585590705	3.946454505272463E-4
15.0	30.11184252067942	18.774862663383214	19.271918608322284	31.84078423943929	5.919681757908695E-4
16.0	30.546544484435184	17.695902001641723	19.045589442444907	32.711964071478185	0.0
17.0	30.033110753299237	18.469604407400393	20.30450842962682	31.192381764223022	3.946454505272463E-4
18.0	31.58347540569552	18.08285186588369	18.51972437961735	31.813948348803432	0.0
19.0	30.5692365978405	18.42481214876555	19.565534823514554	31.43982446170361	5.919681757908695E-4
20.0	30.3056134368883	18.055226684346785	19.69320262676012	31.945167961103742	7.892909010544926E-4
21.0	30.306402727789354	17.087556039653975	19.359135252888805	33.24611668876681	7.892909010544926E-4
22.0	28.917053419208184	18.84905600808234	19.799362252951948	32.434528319757526	0.0
23.0	30.09151827997727	17.450432531413778	19.986226873776598	32.4710330239313	7.892909010544926E-4
24.0	30.964868661994068	18.034113152743576	18.563924670076403	32.436896192460694	1.9732272526362316E-4
25.0	29.733969501799585	18.093112647597398	19.207394077161076	32.96512912799141	3.946454505272463E-4
26.0	31.758697985729622	17.611053229778367	20.203281871566585	30.426177622024376	7.892909010544926E-4
27.0	28.982564563995705	18.348250931363264	19.85934836143209	32.80963882048368	1.9732272526362316E-4
28.0	30.13670518406264	17.783513291658775	20.183746921765486	31.895639957062578	3.946454505272463E-4
29.0	29.50986911557807	18.429978906159047	19.52295163807784	32.53700301707042	1.9732311462697052E-4
30.0	30.30950619111045	18.203739332050713	19.268511666913323	32.21745350500716	7.893049183562725E-4
31.0	30.636975353710756	18.10071630128066	19.491287961007952	31.77003374311818	9.866408824516053E-4
32.0	29.719239254409334	18.214915759936538	19.382515796245208	32.68253987047276	7.893189361559379E-4
33.0	29.86861527046547	18.028992256628438	19.389410288186028	32.71258751746402	3.9466725603643567E-4
34.0	29.822058298256103	17.98894499929944	19.646603083638716	32.541406917565055	9.8670124067814E-4
35.0	30.41410085136321	17.431009541275703	19.530959740085216	32.62373224350411	1.9762377176825847E-4
36.0	30.932479825397262	17.540141627490442	19.008409873594896	32.51837559357418	5.930799432224801E-4
37.0	29.25065805476835	18.945451165513383	19.309136430426157	32.49396329923248	7.910500596253983E-4
38.0	30.869527367121467	18.342817119883502	19.1773639558074	31.610093703504383	1.9785368324416725E-4
39.0	30.104436728929944	18.716020431809135	19.51241733495214	31.666531326067194	5.941782415889119E-4
40.0	29.827051860617022	18.737405122727463	19.562338562213483	31.871616134943626	0.0015883194984087023
41.0	30.021225419530573	18.019106859832586	20.396911362966623	31.56255724491665	1.9911275357009168E-4
42.0	29.148984986782384	18.624569803980247	19.460920744176764	32.765324953863036	1.9951119756596338E-4
43.0	29.34729177240737	18.3489263405257	20.400529136476447	31.90205380087044	0.0011989497200452404
44.0	29.421735015078475	18.805768842089254	20.00704395870479	31.76545218412748	0.0
45.0	29.39792501267558	18.606748418308147	19.66308009563299	32.33164526013495	6.012132483351403E-4
46.0	30.024396213771826	17.46154988183084	19.79624346458336	32.717810439813974	0.0
47.0	29.850479525775516	18.328206075599606	19.735457597712415	32.08525438159649	6.024193159729473E-4
48.0	30.32092880240038	17.854566136173172	19.067821305620928	32.756482785924874	2.0096988064398786E-4
49.0	29.189257699728206	18.170332533300606	19.946163765961256	32.69404481926838	2.0118174154986392E-4
50.0	29.885036621398832	18.483829747781957	19.620161319579648	32.01016611643872	8.061948008497293E-4
51.0	30.358521920904412	18.235410660639413	19.32245947574205	32.08320360988351	4.0433283061284725E-4
52.0	29.758692467812814	18.277006601771564	19.76859309634042	32.19570783407521	0.0
53.0	31.26377730781991	17.828319733277425	19.410254896732525	31.497648062170136	0.0
54.0	30.363234384473582	18.36320988712848	19.144879340368153	32.12806395440227	6.124336275056191E-4
55.0	29.32681580827341	18.44537376491467	18.424904151033	33.802496883501284	4.0939227763346696E-4
56.0	29.35280200760444	18.100244794776618	20.565428739686507	31.980908880120325	6.155778121133402E-4
57.0	28.339307883940247	18.754059542700222	19.51170381576459	33.39492875759495	0.0
58.0	30.855443497315477	17.803324402083366	21.99641239720653	29.344613756047128	2.0594734750113786E-4
59.0	29.65695178335535	20.368023447820345	20.92511558784676	29.049909180977547	0.0
60.0	31.46914957699306	18.906040087851306	19.489576454856145	30.13502687910509	2.0700119439689166E-4
61.0	29.22337338033992	20.881435792176603	19.686881298678095	30.206647539944864	0.0016619888605196626
62.0	31.224480845100427	16.49391090773527	21.549810257577686	30.730336022656314	0.0014619669303080364
63.0	26.72119843762482	20.21207266978637	25.44367502932607	27.622633417842863	4.204454198778185E-4
64.0	26.21671549169552	20.04595048169801	18.159528912448902	35.576959659112525	8.454550450416175E-4
65.0	27.996267022674225	19.253319501192596	18.607063745477273	34.14164905761455	0.0017006730413561166
66.0	26.860665106987575	19.446420750141545	16.92337275261994	36.766122915531625	0.0034184747193111774
67.0	33.70258057865439	14.001615009277712	17.595010652188854	34.698216617414616	0.002577142464435434
68.0	34.641928483450315	15.349925381402047	23.05725538242303	26.948935680289175	0.001955072435433733
69.0	31.79411993380205	16.899136983106196	20.50959092777093	30.796930014550224	2.2214077060633326E-4
70.0	33.22238262646222	15.801123256003569	22.106608601397596	28.869885516136613	0.0
71.0	26.00162667013367	19.765856254365254	25.616426344799642	28.615788375658003	3.02355043433302E-4
