# Position (bp)	A	C	G	T	N
0.0	57.22667429879794	9.37321121923297	14.081282198053808	19.31883228391528	0.0
1.0	16.199198626216372	54.851173440183175	14.925586720091585	14.024041213508873	0.0
2.0	19.82611174458381	50.37058152793614	12.756556442417333	17.046750285062714	0.0
3.0	54.63726884779516	13.342816500711239	13.485064011379801	18.5348506401138	0.0
4.0	56.77749360613811	12.489343563512362	12.531969309462914	18.201193520886616	0.0
5.0	18.439716312056735	49.5177304964539	12.964539007092199	19.078014184397162	0.0
6.0	18.522195433271875	50.390015600624025	11.870656644447596	19.217132321656504	0.0
7.0	57.23199092456041	11.230856494611457	13.896766874645492	17.64038570618264	0.0
8.0	55.89235127478753	15.424929178470254	11.402266288951841	17.280453257790366	0.0
9.0	18.77123442808607	49.405436013590034	12.528312570781427	19.295016987542468	0.0
10.0	18.147100424328148	9.745403111739744	12.814710042432814	59.29278642149929	0.0
11.0	15.604240282685513	15.293286219081272	10.82685512367491	58.275618374558306	0.0
12.0	17.887900607087392	12.127629535507554	11.929973175208245	58.05449668219681	0.0
13.0	19.915492957746476	47.63380281690141	12.028169014084506	20.422535211267608	0.0
14.0	19.268635724331926	13.727144866385373	49.57805907172996	17.426160337552744	0.0
15.0	52.12452671434581	13.322114710419298	15.004908147524892	19.548450427709998	0.0
16.0	16.42627083041591	14.535779302618682	12.897353311861085	56.140596555104324	0.0
17.0	19.241533725160927	48.86649874055416	11.335012594458437	20.556954939826475	0.0
18.0	16.22641509433962	12.620545073375261	14.661076170510132	56.49196366177498	0.0
19.0	17.350069735006972	50.557880055788004	12.594142259414227	19.497907949790793	0.0
20.0	19.077480490523968	14.032887402452621	10.68840579710145	56.20122630992196	0.0
21.0	17.94800500486584	14.95898790490755	13.62435701376338	53.468650076463234	0.0
22.0	18.118660553008198	13.727942198138113	47.380853133249964	20.772544115603726	0.0
23.0	19.325281132861306	13.674857698181315	11.9533527696793	55.04650839927808	0.0
24.0	54.91473727991127	10.869263829197283	12.186330237071953	22.029668653819492	0.0
25.0	18.3619733924612	11.529933481152993	47.63026607538803	22.477827050997785	0.0
26.0	56.960797894445214	10.555478598143788	11.81604100290899	20.667682504502007	0.0
27.0	15.215284507822236	17.01509068254188	10.120448567077393	57.6491762425585	0.0
28.0	16.468473451327434	49.654314159292035	9.222898230088497	24.654314159292035	0.0
29.0	19.256803425887554	8.951512639867385	12.239259566238431	59.552424368006626	0.0
30.0	19.610027855153202	11.90807799442897	46.32311977715877	22.158774373259053	0.0
31.0	19.063027574563872	10.776589758019133	11.26899268429938	58.89138998311761	0.0
32.0	17.105635797224583	11.568960634381195	11.271594449164542	60.05380911922968	0.0
33.0	18.811028144744398	50.30155083285468	10.75531303848363	20.132107983917287	0.0
34.0	21.768707482993197	11.029092488059053	12.172528585902446	55.0296714430453	0.0
35.0	17.35717400784998	49.571158598633524	11.862189271696467	21.209478121820034	0.0
36.0	18.257321870901936	13.332361940842198	10.316188255864782	58.09412793239108	0.0
37.0	54.10387710314557	13.401609363569861	11.997073884418434	20.49743964886613	0.0
38.0	56.3069685386651	14.216406939135547	9.614819170832108	19.861805351367245	0.0
39.0	56.569827459076826	13.818020940864178	8.553310721132576	21.058840878926414	0.0
40.0	16.97918204636055	50.99660416359073	12.461243171415916	19.562970618632807	0.0
41.0	17.159498207885303	9.67741935483871	54.25627240143369	18.906810035842295	0.0
42.0	58.3896650142707	12.543187622051978	11.221270842721946	17.845876520955386	0.0
43.0	58.644683103917714	12.131296324307971	10.800181515655725	18.42383905611859	0.0
44.0	19.23838537699924	51.59177456207159	10.144706778370145	19.025133282559025	0.0
45.0	27.40854242482283	12.58379620762306	12.660409883164144	47.347251484389965	0.0
46.0	29.24689251767	16.524494272483548	21.910796977821107	32.31781623202535	0.0
47.0	32.44138634046891	18.85830784913354	18.55249745158002	30.147808358817535	0.0
48.0	24.97438524590164	21.644467213114755	18.545081967213115	34.83606557377049	0.0
49.0	25.283213182286303	21.575695159629248	18.40885684860968	34.73223480947477	0.0
50.0	24.772550038991422	27.060046789706266	17.416168442942553	30.751234728359762	0.0
51.0	28.52648138437336	19.664394336654432	16.41321447299423	35.39590980597798	0.0
52.0	26.458938473725908	17.718510694481118	20.25349881172432	35.56905202006865	0.0
53.0	33.16475911631621	18.285866382752197	20.81447963800905	27.734894862922545	0.0
54.0	29.51791004578508	25.047131699434424	16.832749798007	28.602208456773496	0.0
55.0	31.84800437397485	17.19518862766539	20.147621651175506	30.809185347184254	0.0
56.0	29.23414768048312	20.83447707933022	20.532528136151523	29.398847104035138	0.0
57.0	34.17791242082071	16.304048471495456	20.104654365188654	29.41338474249518	0.0
58.0	30.0749791724521	20.605387392391002	18.522632602054983	30.79700083310192	0.0
59.0	27.70478054235393	21.107072966172773	21.330724070450096	29.857422421023205	0.0
60.0	28.292820802713397	19.05031091011871	19.16336913510458	33.49349915206331	0.0
61.0	28.93689596361569	19.30073905628198	21.887436043206367	29.874928936895962	0.0
62.0	28.56328392246294	20.667046750285063	20.55302166476625	30.216647662485745	0.0
63.0	33.2561505065123	17.3082489146165	19.768451519536903	29.667149059334296	0.0
64.0	30.31450203843914	18.69539895165987	20.355270821199767	30.634828188701224	0.0
65.0	28.768733470467232	20.77578607111372	20.011754334410814	30.44372612400823	0.0
66.0	26.810523204256576	17.706177948566364	23.086018326928762	32.3972805202483	0.0
67.0	31.34461264470169	16.68150786583556	21.697833184921343	30.27604630454141	0.0
68.0	26.7500744712541	20.554066130473636	18.52844801906464	34.16741137920762	0.0
69.0	25.540216086434576	19.897959183673468	22.689075630252102	31.872749099639858	0.0
70.0	29.97587454764777	20.838359469240046	19.209891435464417	29.97587454764777	0.0
71.0	27.03276699029126	21.480582524271842	18.325242718446603	33.161407766990294	0.0
72.0	27.633587786259543	18.931297709923665	19.358778625954198	34.0763358778626	0.0
73.0	27.966625463535227	18.355995055624227	21.786155747836837	31.89122373300371	0.0
74.0	29.06142812597443	17.118802619270348	21.671343935141877	32.148425319613345	0.0
75.0	29.130162703379227	20.306633291614517	21.933667083854818	28.629536921151438	0.0
76.0	28.66582756450598	21.900566393958464	17.99874134675897	31.434864694776586	0.0
77.0	29.88650693568726	19.104665825977303	19.230769230769234	31.778058007566205	0.0
78.0	30.45267489711934	21.240899018676796	16.365938588160812	31.94048749604305	0.0
79.0	27.715833067856003	22.204523733673145	18.477222045237337	31.60242115323351	0.0
80.0	31.11753371868979	19.492614001284522	19.877970456005137	29.511881824020552	0.0
81.0	25.32299741602067	20.89793281653747	17.700258397932817	36.07881136950905	0.0
82.0	32.836304700162074	18.11993517017828	19.74068071312804	29.303079416531602	0.0
83.0	31.258148631029986	20.59973924380704	19.426336375488916	28.715775749674055	0.0
84.0	29.7969875573019	18.79502292075966	20.333988212180746	31.074001309757694	0.0
85.0	32.294059730882836	17.853626517886447	20.643255661306203	29.20905808992452	0.0
86.0	28.151815181518153	17.656765676567655	24.224422442244226	29.966996699669966	0.0
87.0	31.26033741316573	19.64935494541846	21.60105855110817	27.489249090307645	0.0
88.0	35.56220891550233	17.7977378576181	16.001330671989354	30.63872255489022	0.0
89.0	30.04349280695885	17.19638675142188	16.527266644362662	36.23285379725661	0.0
90.0	31.23527431841131	17.334230898687313	17.60350050488051	33.82699427802087	0.0
91.0	29.753461668355285	22.188449848024316	16.210739614994935	31.847348868625463	0.0
92.0	30.378890392422193	19.079837618403246	17.794316644113668	32.74695534506089	0.0
93.0	34.531886024423336	18.385345997286294	17.774762550881952	29.30800542740841	0.0
94.0	30.19381162869772	15.776946616797009	19.041142468548113	34.988099285957155	0.0
95.0	28.94557823129252	16.3265306122449	20.680272108843536	34.04761904761905	0.0
96.0	28.615384615384613	18.22222222222222	19.65811965811966	33.5042735042735	0.0
97.0	31.927297668038406	17.935528120713307	18.244170096021946	31.893004115226336	0.0
98.0	30.7480179248535	21.95794553602206	18.821096173733196	28.472940365391242	0.0
99.0	29.228640608785888	20.511933586994118	19.37046004842615	30.888965755793844	0.0
100.0	32.75442862104897	13.789510246613407	19.27752691906912	34.1785342132685	0.0
101.0	34.252793296089386	18.296089385474858	19.134078212290504	28.317039106145252	0.0
102.0	32.30553608969867	15.977575332866154	20.427470217238962	31.289418360196215	0.0
103.0	29.310344827586203	17.55805770584096	20.232230823363828	32.899366643209014	0.0
104.0	27.634825519915402	18.787451533309834	20.972858653507227	32.60486429326754	0.0
105.0	30.443974630021142	20.049330514446794	17.33615221987315	32.17054263565892	0.0
106.0	31.272084805653712	17.56183745583039	17.879858657243815	33.28621908127209	0.0
107.0	31.29203539823009	18.79646017699115	18.4070796460177	31.504424778761063	0.0
108.0	33.70067543547814	18.023462495556345	15.961606825453254	32.314255243512264	0.0
109.0	30.39914468995011	19.03064861012117	19.03064861012117	31.539558089807556	0.0
110.0	27.354099534550663	20.121732903687793	18.761188686000715	33.76297887576083	0.0
111.0	30.16157989228007	18.13285457809695	20.430879712746858	31.274685816876126	0.0
112.0	26.35938062657544	18.545192653943104	21.67806985956068	33.41735685992078	0.0
113.0	30.180505415162457	19.56678700361011	18.339350180505416	31.91335740072202	0.0
114.0	31.30434782608696	16.81159420289855	20.398550724637683	31.48550724637681	0.0
115.0	26.92867540029112	20.087336244541483	19.068413391557495	33.9155749636099	0.0
116.0	30.247813411078717	19.6064139941691	18.549562682215743	31.596209912536445	0.0
117.0	30.985401459854018	18.065693430656935	20.985401459854014	29.963503649635037	0.0
118.0	28.366972477064223	16.073394495412842	22.055045871559635	33.5045871559633	0.0
119.0	22.700515084621046	20.41942604856512	28.734363502575423	28.14569536423841	0.0
120.0	25.865880619012525	22.402358142962417	23.5445836403832	28.187177597641856	0.0
121.0	30.06293965198075	19.585338763420957	17.104776008885597	33.2469455757127	0.0
122.0	29.625509825732294	17.61216166110493	22.432332220986282	30.329996292176492	0.0
123.0	32.9368029739777	18.28996282527881	16.765799256505577	32.007434944237914	0.0
124.0	31.967213114754102	16.65424739195231	21.535022354694487	29.843517138599108	0.0
125.0	27.88785046728972	19.850467289719624	20.299065420560748	31.962616822429908	0.0
126.0	30.84986896293523	19.730438038187945	18.644702358667164	30.77499064020966	0.0
127.0	28.7593984962406	19.661654135338345	21.39097744360902	30.18796992481203	0.0
128.0	31.61266013564431	17.370007535795025	19.480030143180105	31.537302185380554	0.0
129.0	30.403621274990574	19.27574500188608	17.578272350056583	32.74236137306677	0.0
130.0	30.92354277062831	19.909159727479185	15.745647236941712	33.4216502649508	0.0
131.0	31.27134724857685	20.265654648956357	17.30550284629981	31.157495256166985	0.0
132.0	29.593001141118297	19.893495625713197	21.90947128185622	28.604031951312287	0.0
133.0	30.2868068833652	20.994263862332694	19.235181644359464	29.48374760994264	0.0
134.0	25.278097429996166	20.5216724204066	21.09704641350211	33.103183736095126	0.0
135.0	29.153846153846153	16.538461538461537	18.923076923076923	35.38461538461539	0.0
136.0	25.06759366550792	18.38547701815373	20.8960988798764	35.65083043646196	0.0
137.0	27.984496124031004	15.038759689922482	21.356589147286822	35.62015503875969	0.0
138.0	29.848425961912167	19.510299261562377	19.743490089389816	30.897784687135637	0.0
139.0	29.730784237222007	18.181818181818183	19.352321498244248	32.73507608271557	0.0
140.0	27.749510763209393	19.217221135029355	20.273972602739725	32.759295499021526	0.0
141.0	30.612244897959183	18.83830455259027	20.17268445839874	30.376766091051806	0.0
142.0	31.624605678233436	15.457413249211358	17.50788643533123	35.41009463722398	0.0
143.0	31.512272367379257	19.754552652414887	18.131433095803644	30.601741884402216	0.0
144.0	31.424025457438344	18.377088305489263	17.382657120127288	32.81622911694511	0.0
145.0	27.529880478087648	19.16334661354582	18.844621513944222	34.462151394422314	0.0
146.0	29.216626698641086	17.905675459632295	20.343725019984014	32.53397282174261	0.0
147.0	31.342685370741485	15.631262525050099	17.87575150300601	35.1503006012024	0.0
148.0	25.633802816901408	22.0523138832998	19.879275653923543	32.43460764587525	0.0
149.0	30.480419862737186	19.49939442874445	18.207509083568834	31.81267662494954	0.0
150.0	27.967479674796746	18.3739837398374	17.845528455284555	35.8130081300813	0.0
151.0	28.44335778321108	18.622656886715568	20.986145069274652	31.947840260798692	0.0
152.0	26.595744680851062	19.72176759410802	18.73977086743044	34.94271685761047	0.0
153.0	32.758620689655174	19.54022988505747	16.625615763546797	31.075533661740558	0.0
154.0	31.409727947238252	16.364385820280297	19.950535861500413	32.27535037098104	0.0
155.0	31.541959487391484	20.256304257957833	16.99049193881769	31.211244315832985	0.0
156.0	32.365145228215766	15.394190871369295	18.13278008298755	34.107883817427386	0.0
157.0	30.887869945810753	17.340558566069195	20.216756982075864	31.55481450604419	0.0
158.0	29.145728643216078	21.39865996649916	18.00670016750419	31.448911222780566	0.0
159.0	37.1536523929471	13.602015113350127	18.303946263643997	30.940386230058774	0.0
160.0	26.478040540540544	21.53716216216216	21.79054054054054	30.194256756756754	0.0
161.0	30.847457627118647	19.533898305084747	21.440677966101696	28.177966101694917	0.0
162.0	29.842486164325244	18.007662835249043	20.09365687526607	32.05619412515964	0.0
163.0	28.912579957356076	17.86780383795309	15.394456289978677	37.82515991471215	0.0
164.0	29.35897435897436	15.512820512820513	22.136752136752136	32.99145299145299	0.0
165.0	30.874785591766724	16.895368782161235	21.69811320754717	30.53173241852487	0.0
166.0	29.3207222699914	20.335339638865005	19.217540842648322	31.12639724849527	0.0
167.0	26.565874730021598	20.129589632829372	20.647948164146868	32.656587473002155	0.0
168.0	27.0516717325228	17.62917933130699	21.27659574468085	34.04255319148936	0.0
169.0	27.070619006102874	17.523975588491716	20.70619006102877	34.69921534437663	0.0
170.0	30.328227571115974	16.76148796498906	18.643326039387308	34.266958424507656	0.0
171.0	30.59340659340659	19.428571428571427	16.439560439560438	33.53846153846154	0.0
172.0	30.11037527593819	20.706401766004415	14.437086092715232	34.746136865342166	0.0
173.0	28.23581560283688	18.26241134751773	20.0354609929078	33.46631205673759	0.0
174.0	30.191196087149848	19.25300133392619	18.36371720764784	32.19208537127612	0.0
175.0	27.969520394441954	19.184222321828777	20.75302554908113	32.09323173464814	0.0
176.0	29.054054054054053	19.414414414414413	18.64864864864865	32.88288288288289	0.0
177.0	29.701627486437616	20.93128390596745	17.17902350813743	32.1880650994575	0.0
178.0	28.285584356525696	19.236016371077763	19.00864029104138	33.46975898135516	0.0
179.0	25.709057639524246	19.12168344007319	24.2451967063129	30.92406221408966	0.0
180.0	31.740927882406982	16.260909508497935	20.027560863573726	31.97060174552136	0.0
181.0	29.368372521899495	21.16182572614108	18.39557399723375	31.07422775472568	0.0
182.0	34.24340583063397	17.954650624710784	18.139750115687182	29.66219342896807	0.0
183.0	27.86809103576405	22.34091964700418	21.5513237343242	28.23966558290757	0.0
184.0	29.93006993006993	20.093240093240095	18.694638694638694	31.28205128205128	0.0
185.0	25.093457943925234	24.39252336448598	23.037383177570092	27.476635514018692	0.0
186.0	32.722143864598024	17.395392571697226	20.827456511518573	29.055007052186177	0.0
187.0	29.172576832151297	21.891252955082745	16.501182033096924	32.434988179669034	0.0
188.0	27.92022792022792	21.320037986704655	19.278252611585945	31.48148148148148	0.0
189.0	30.87248322147651	19.798657718120804	17.497603068072866	31.831255992329815	0.0
190.0	31.83791606367583	17.173178967679693	18.76507477086348	32.223830197781	0.0
191.0	27.955426356589147	21.31782945736434	19.137596899224807	31.589147286821706	0.0
192.0	32.03505355404089	20.009737098344694	18.792599805258035	29.16260954235638	0.0
193.0	29.607843137254903	17.205882352941178	23.137254901960784	30.049019607843135	0.0
194.0	27.18780727630285	20.993117010816125	24.532940019665684	27.286135693215343	0.0
195.0	28.698664027709054	19.693221177634832	19.198416625432955	32.409698169223155	0.0
196.0	30.174563591022448	18.55361596009975	21.795511221945137	29.476309226932667	0.0
197.0	28.772635814889334	20.17102615694165	22.686116700201207	28.37022132796781	0.0
198.0	25.87090163934426	23.924180327868854	20.081967213114755	30.122950819672127	0.0
199.0	27.691483663631494	24.852704874129618	17.35404392072844	30.101767541510444	0.0
200.0	29.1358024691358	14.5679012345679	21.48148148148148	34.81481481481482	0.0
201.0	29.317980513728966	17.803365810451727	17.803365810451727	35.075287865367585	0.0
202.0	38.16725978647687	15.658362989323843	16.90391459074733	29.270462633451956	0.0
203.0	32.618409294012515	15.370866845397677	22.25201072386059	29.75871313672922	0.0
204.0	30.975828111011637	16.56222023276634	25.425246195165624	27.0367054610564	0.0
205.0	34.14195867026056	15.992812219227314	25.60646900269542	24.258760107816713	0.0
206.0	28.545618789521228	20.50587172538392	20.68654019873532	30.26196928635953	0.0
207.0	30.831826401446655	20.88607594936709	16.54611211573237	31.735985533453885	0.0
208.0	29.990884229717413	16.590701914311758	19.963536918869647	33.45487693710118	0.0
209.0	24.358974358974358	22.802197802197803	19.047619047619047	33.791208791208796	0.0
210.0	29.81651376146789	16.51376146788991	16.605504587155963	37.06422018348624	0.0
211.0	30.691244239631338	17.972350230414747	19.447004608294932	31.889400921658982	0.0
212.0	25.809435707678073	16.836262719703978	24.0518038852914	33.30249768732655	0.0
213.0	28.82298424467099	19.833178869323447	15.848007414272475	35.49582947173309	0.0
214.0	28.319405756731662	27.57660167130919	17.827298050139277	26.27669452181987	0.0
215.0	28.49109653233365	25.117150890346768	18.181818181818183	28.209934395501406	0.0
216.0	28.71939736346516	16.38418079096045	18.54990583804143	36.346516007532955	0.0
217.0	25.31041069723018	18.72015281757402	26.64756446991404	29.32187201528176	0.0
218.0	26.26953125	18.84765625	19.3359375	35.546875	0.0
219.0	17.455310199789693	21.451104100946374	24.500525762355416	36.59305993690852	0.0
220.0	0.15698587127158556	29.356357927786497	23.547880690737834	46.93877551020408	0.0
