# Position (bp)	A	C	G	T	N
0.0	25.129828379247243	23.21248990223717	28.95955949024845	22.69812222826714	0.0
1.0	23.57974216096805	20.267730554914436	14.829041511424709	41.323485772692806	0.0
2.0	28.10765404443859	20.41737354438094	17.502017689786374	33.9729547213941	0.0
3.0	23.367482856720002	21.509266415615595	14.45791057538932	40.66534015227508	0.0
4.0	34.959469659676415	12.864691017688951	14.223359915985693	37.95247940664894	0.0
5.0	37.520631444773095	13.468860817413756	22.662722860457897	26.347784877355252	0.0
6.0	32.6708984375	16.407877604166668	20.953776041666668	29.967447916666668	0.0
7.0	36.923900523984884	16.31653229077105	19.97955972292069	26.78000746232338	0.0
8.0	24.277784071598504	25.713314667659294	22.400427260515627	27.60847400022658	0.0
9.0	29.3633999386176	17.959196859805836	16.98838580451322	35.68901739706334	0.0
10.0	27.057647987880546	16.45634901448855	25.399281213234705	31.086721784396204	0.0
11.0	28.081068039247224	16.97925044233553	20.172108734116133	34.76757278430111	0.0
12.0	26.06985146527499	18.81653954235247	22.18225612203934	32.9313528703332	0.0
13.0	26.226381833042193	21.80964438532669	19.09645987916473	32.867513902466385	0.0
14.0	30.61668372569089	18.463728249744115	20.034224667349026	30.885363357215965	0.0
15.0	30.352896110321932	18.552982299331237	20.029368106874372	31.064753483472458	0.0
16.0	30.65682962585251	17.61265855057684	18.86831538020269	32.862196443367964	0.0
17.0	30.090522933006664	17.581176320855274	20.037545539876227	32.290755206261835	0.0
18.0	30.790978398983484	17.519059720457435	19.383735705209656	32.30622617534943	0.0
19.0	29.869965112591185	18.667935299714557	20.185537583254042	31.276562004440216	0.0
20.0	29.97388207360506	18.1195092995647	19.64384645825089	32.26276216857934	0.0
21.0	29.771161261773816	17.5342942031734	19.762627220431128	32.93191731462166	0.0
22.0	29.207506668560697	18.735104250516912	19.828906040374385	32.22848304054801	0.0
23.0	29.09497699628159	17.794794227012037	20.76006806579694	32.350160710909435	0.0
24.0	28.978211279792337	18.37961142137969	20.16675843624636	32.47541886258161	0.0
25.0	29.181919590252793	17.92486920454367	20.082012286131754	32.811198919071785	0.0
26.0	30.32200357781753	18.07425540595675	20.09227003107052	31.511470985155192	0.0
27.0	29.707794751273013	18.409714061887975	19.899725812769294	31.98276537406972	0.0
28.0	29.71819091705242	18.369198048292258	19.79388214687852	32.118728887776804	0.0
29.0	29.487559935652147	18.70460899308104	20.036859449919564	31.770971621347243	0.0
30.0	29.727362312493156	18.66700035976287	19.549201482848698	32.056435844895276	0.0
31.0	30.072372955698977	17.805000313302838	19.957390813960775	32.16523591703741	0.0
32.0	29.70171256508375	18.358321309829996	19.824665955711687	32.115300169374564	0.0
33.0	29.472594033925965	18.15870823983555	20.10764668037096	32.261051045867525	0.0
34.0	29.15874636713534	18.39447019087267	19.567983661927578	32.87879978006441	0.0
35.0	29.31400449678464	18.30788824075093	19.75126177261364	32.62684548985079	0.0
36.0	30.138409939061834	17.57444061284583	19.402585541751304	32.884563906341036	0.0
37.0	29.751805481093697	19.349396070516256	18.942571509666024	31.95622693872402	0.0
38.0	29.825808183698932	18.414112221853728	20.10549422782331	31.654585366624026	0.0
39.0	29.403485466679317	18.352468608659898	20.005060568681404	32.23898535597938	0.0
40.0	30.024727364950543	18.055731676388536	20.01806999746386	31.90147096119706	0.0
41.0	29.483760358129345	18.3779407562625	20.459091342032572	31.679207543575576	0.0
42.0	29.640585241730278	18.611641221374047	19.70737913486005	32.04039440203562	0.0
43.0	29.643380712601186	18.22136528778125	20.44107336350309	31.694180636114478	0.0
44.0	30.307240266998818	18.044776596084443	20.123918111845676	31.524065025071064	0.0
45.0	29.574515695927374	18.670481427018736	20.27044306630011	31.484559810753787	0.0
46.0	29.849432772773092	17.906459510056482	20.063363041425987	32.180744675744435	0.0
47.0	29.273216689098252	18.592578350317247	20.24931102993014	31.88489393065436	0.0
48.0	30.57762370199175	18.22748647824482	19.570834737669927	31.624055082093506	0.0
49.0	29.856791552148128	18.795506051400743	19.073565102785413	32.27413729366572	0.0
50.0	29.370786878388593	18.321347555383944	20.115192174654503	32.19267339157295	0.0
51.0	29.63506001772335	18.1599935551438	19.9162168694111	32.288729557721744	0.0
52.0	29.368125665258198	18.26597426055543	19.67228977840854	32.69361029577782	0.0
53.0	30.237106237170885	17.772462058153256	19.95280502982011	32.037626674855744	0.0
54.0	29.472219075209992	18.91012672568663	19.175554728340913	32.44209947076246	0.0
55.0	29.509977144153925	18.17607106385048	19.59280932388841	32.721142468107175	0.0
56.0	29.897576574090607	18.218708912948202	19.6812050578668	32.20250945509439	0.0
57.0	29.41807193683595	18.604802287422427	19.654287292458655	32.32283848328297	0.0
58.0	29.894089511445166	18.009663721997168	19.22657686238144	32.86966990417623	0.0
59.0	29.680960213670343	18.21409377391984	20.383368890770807	31.721577121639005	0.0
60.0	29.664401088781318	17.88339608495102	20.220690104803353	32.23151272146431	0.0
61.0	29.57587828131122	18.409625179574245	19.90988637847721	32.10461016063733	0.0
62.0	29.047767002992593	18.411800297623916	19.963696423607136	32.576736275776355	0.0
63.0	29.273164901020092	18.27976356163935	19.1966990323056	33.25037250503496	0.0
64.0	29.06519387721656	18.699400176996953	20.36120489036022	31.874201055426266	0.0
65.0	28.883562880640874	18.23957187648768	20.058440172693995	32.818425070177454	0.0
66.0	29.485430670369944	18.349302348513486	20.259010304534325	31.906256676582245	0.0
67.0	29.320327663914203	18.470572753890185	20.28325163667467	31.925847945520943	0.0
68.0	29.772790931408892	18.01855238660142	20.16542270113522	32.04323398085446	0.0
69.0	29.593166114216924	17.993370603077228	20.203169577334716	32.21029370537113	0.0
70.0	28.79260543038706	17.34257654534951	20.567797309565076	33.297020714698355	0.0
71.0	29.461438038107513	18.166344421859765	20.309685522119214	32.06253201791351	0.0
72.0	29.91994442422839	18.564954183069236	19.8087928810083	31.70630851169407	0.0
73.0	29.440792197254467	18.2930666180927	19.97383629468943	32.292304889963404	0.0
74.0	29.643561403218055	18.618986859330207	19.894940924983842	31.842510812467893	0.0
75.0	29.39400474444684	18.778719662912028	19.638028566214892	32.18924702642624	0.0
76.0	28.872467618731317	18.400863500498176	20.079707738292925	32.64696114247758	0.0
77.0	28.824037758425845	18.63158944359503	20.158877883400915	32.38549491457821	0.0
78.0	29.722896776554343	18.833372143308605	19.19430491334287	32.24942616679419	0.0
79.0	29.507841896706736	19.21347940461523	18.993706503279945	32.28497219539809	0.0
80.0	29.67005499083486	18.565239126812198	19.691718046992168	32.07298783536077	0.0
81.0	29.68833422317138	18.786705819540845	20.106446876668446	31.418513080619327	0.0
82.0	29.68554299360398	18.16435931263673	19.722449524891033	32.42764816886826	0.0
83.0	30.243559953862352	18.62055131141238	19.69040972233831	31.445479012386958	0.0
84.0	29.398183004567585	18.91616055145644	19.55194164198832	32.13371480198765	0.0
85.0	29.924635739407137	18.32188913079886	19.44062971026629	32.31284541952772	0.0
86.0	29.850120708154503	18.164900751072963	19.844755901287552	32.140222639484975	0.0
87.0	29.18736573576799	18.216299677765843	20.476973684210524	32.119360902255636	0.0
88.0	29.586951774645993	18.744225891522348	19.936841751633548	31.731980582198112	0.0
89.0	29.341961509370535	19.104126397176234	19.79157912429616	31.76233296915707	0.0
90.0	30.021194993944288	18.730655362669896	19.74666935809447	31.501480285291343	0.0
91.0	29.90891795881947	18.113709446605046	19.980807111470273	31.996565483105204	0.0
92.0	28.860123712730275	18.329372503413055	20.22382902698421	32.58667475687246	0.0
93.0	29.96862983201781	18.27227956554004	19.840787964649532	31.918302637792618	0.0
94.0	29.568812758417014	18.516580879250697	19.584845160745928	32.329761201586365	0.0
95.0	29.9439321782011	18.120714695848957	19.92096463674131	32.014388489208635	0.0
96.0	29.091769957894382	18.840996330554475	19.66112586029051	32.406107851260636	0.0
97.0	29.282571912013537	18.4331641285956	19.710659898477157	32.57360406091371	0.0
98.0	28.923394743971826	18.45705770793823	20.51442698455703	32.10512056353292	0.0
99.0	29.362401885161137	18.278603760150542	20.114601522369334	32.24439283231899	0.0
100.0	29.33897642479561	18.612003467441742	19.73552258086448	32.313497526898175	0.0
101.0	30.1170736695012	18.702816925410268	19.55488147782076	31.62522792726777	0.0
102.0	29.336294524643375	18.60937900401469	19.830870419407194	32.22345605193474	0.0
103.0	29.348198383340186	17.956226880394574	19.83833401835868	32.85724071790656	0.0
104.0	29.886162668910217	18.23457701619134	19.98076956096221	31.898490753936233	0.0
105.0	29.896357000206596	17.636526410026857	20.081261621100474	32.385854968666074	0.0
106.0	29.575981492351783	18.707917544283692	19.969959600842515	31.746141362522014	0.0
107.0	29.982164810998945	17.89752558397257	19.918269813509724	32.20203979151876	0.0
108.0	29.268335041072575	18.219551588197497	20.62138552647575	31.89072784425418	0.0
109.0	29.337303245577377	18.082253795793285	19.877420253517204	32.70302270511213	0.0
110.0	29.58403185247276	18.061958647666945	20.82984073763621	31.524168762224086	0.0
111.0	29.142366766493282	18.51696176815706	20.228025009194557	32.1126464561551	0.0
112.0	29.89478861117454	18.26532942230341	19.424586795004657	32.4152951715174	0.0
113.0	29.89556365685705	18.22440605131998	20.33955020165196	31.54048009017101	0.0
114.0	30.416195590729227	18.126413227812325	19.327656868287168	32.129734313171284	0.0
115.0	29.420831635455237	18.576262778378187	19.958187906383433	32.04471767978315	0.0
116.0	29.91770498213683	18.46394482856686	19.981870212047422	31.636479977248893	0.0
117.0	29.99482632508519	18.580629047508605	19.659964676288514	31.764579951117693	0.0
118.0	29.615584136808398	18.4623365472336	19.165339963865982	32.75673935209202	0.0
119.0	30.10889650347141	18.654132505695987	19.531404172870957	31.705566817961646	0.0
120.0	30.44620367038503	18.107232817560273	19.507016912558477	31.93954659949622	0.0
121.0	29.881614090810654	18.694506605067495	19.582400923987585	31.84147838013427	0.0
122.0	29.01765504753282	18.759619737437756	19.849705749207786	32.37301946582164	0.0
123.0	28.794261848556385	19.260940621027782	19.611403668058834	32.333393862357	0.0
124.0	29.31917141868134	18.271420503197362	19.747126017963527	32.66228206015777	0.0
125.0	29.334600065772648	18.37066539993423	19.70073446121241	32.59400007308072	0.0
126.0	29.932546374367625	18.326123616100887	19.939145098614265	31.802184910917227	0.0
127.0	29.564050232592347	18.822512732822183	19.7933329655984	31.820104068987078	0.0
128.0	29.415995131756073	18.32598794003209	20.280661638606652	31.977355289605192	0.0
129.0	29.67500740302043	18.579730530056263	20.206544270062185	31.53871779686112	0.0
130.0	30.100278551532035	18.41225626740947	19.610027855153202	31.877437325905294	0.0
131.0	30.11956197854589	18.396156138259833	20.016388557806913	31.467893325387365	0.0
132.0	29.680664099016564	18.395467972927495	20.242680327562354	31.681187600493587	0.0
133.0	29.952361303874863	18.509696537754607	19.57687835252635	31.96106380584418	0.0
134.0	30.254393557370264	18.134949008391978	20.05607195273398	31.554585481503782	0.0
135.0	29.346450894121645	18.367732311120342	19.444077270238118	32.841739524519895	0.0
136.0	29.44878307680643	19.129577678368335	19.770263098036242	31.65137614678899	0.0
137.0	29.440310579100615	18.52056254400822	20.38175347783889	31.657373399052275	0.0
138.0	29.346891186758157	18.421605917544294	19.96406659148684	32.267436304210705	0.0
139.0	29.080369311092767	19.56158703956082	19.77081213889475	31.58723151045166	0.0
140.0	30.339548425659913	18.40232921350481	19.484025220291922	31.774097140543354	0.0
141.0	29.666776385850095	18.583848045385018	19.8346467364997	31.914728832265183	0.0
142.0	30.233688467221402	17.773543821448012	19.879073022785597	32.11369468854499	0.0
143.0	29.994145199063233	18.89929742388759	20.001951600312257	31.104605776736925	0.0
144.0	30.36085099713983	18.15421384633468	19.635230968146377	31.849704188379107	0.0
145.0	30.54030115146147	18.986320244070466	19.444936521995867	31.028442082472196	0.0
146.0	29.75719708952863	18.651138880101232	19.843403986080354	31.748260044289783	0.0
147.0	30.06258070924804	18.613290950630773	19.652329393066456	31.671798947054736	0.0
148.0	29.822846427003952	18.253999920201096	19.672425487770816	32.25072816502414	0.0
149.0	29.599262273720505	18.707776196299342	20.387707234929735	31.305254295050418	0.0
150.0	29.69332071444393	18.61621795775357	19.560621010450856	32.12984031735164	0.0
151.0	29.13656690746474	18.18531334102268	19.81828851251543	32.859831238997145	0.0
152.0	29.56235523588931	18.227071396643506	20.183672640091025	32.02690072737616	0.0
153.0	29.393512564557945	18.73966562557413	20.2318982587217	31.634923551146223	0.0
154.0	29.874871794871794	18.186666666666667	20.358974358974358	31.57948717948718	0.0
155.0	30.328781815931688	18.594529928633307	19.497958005032796	31.57873025040221	0.0
156.0	30.149024809832735	18.28507471967169	19.849938856301947	31.715961614193628	0.0
157.0	29.75563009103977	18.266286119039187	19.837086727359846	32.1409970625612	0.0
158.0	29.659507595599788	18.44525929806181	19.80513357778942	32.090099528548976	0.0
159.0	29.67940346294814	18.35531027509795	20.025698276951594	31.939587985002316	0.0
160.0	29.7840355706119	18.354859199661234	19.722633919119204	32.13847131060766	0.0
161.0	29.538343656216075	18.283208820211566	19.907200476768192	32.27124704680416	0.0
162.0	30.10306633023992	18.594705555317965	19.640336996963605	31.661891117478508	0.0
163.0	30.381161101800526	18.046065918954923	19.9003051007692	31.67246787847536	0.0
164.0	30.624864864864865	17.99135135135135	19.93081081081081	31.452972972972976	0.0
165.0	29.80346971607461	19.116048523848864	19.73346667246402	31.347015087612505	0.0
166.0	29.569246235548658	18.725003824551433	19.203619118386257	32.502130821513646	0.0
167.0	29.481598733676297	18.658488326078356	20.010552697533306	31.849360242712045	0.0
168.0	29.31175521213327	18.507218500585882	19.50653312993301	32.67449315734784	0.0
169.0	29.546465095598045	18.181413961760782	20.09115162294353	32.180969319697645	0.0
170.0	29.92543830187412	18.81955173417523	20.404827478112892	30.850182485837756	0.0
171.0	30.189656725831153	18.537706099648616	19.711235246418596	31.561401928101628	0.0
172.0	29.40696594076458	18.59548142944549	19.998187133177726	31.999365496612203	0.0
173.0	29.733427587622284	19.068250746813217	19.638337171915264	31.559984493649235	0.0
174.0	29.630565058664153	18.947030055334878	19.51874727343696	31.903657612564	0.0
175.0	29.09532062391681	18.96013864818024	19.919121894858463	32.02541883304448	0.0
176.0	29.47799385875128	18.263236251977297	20.60575044198381	31.653019447287615	0.0
177.0	30.002107382864633	18.29676633807104	19.205282506380687	32.495843772683635	0.0
178.0	29.583510211782464	18.402433847460024	19.86227064761096	32.15178529314655	0.0
179.0	29.90507831039392	18.168011390602754	19.53013763644993	32.39677266255339	0.0
180.0	30.047835446065534	18.665391054771586	20.215259507294906	31.07151399186797	0.0
181.0	29.72992489890237	18.522530329289427	19.781436549200848	31.966108222607353	0.0
182.0	29.541373453045377	18.65566610046105	20.286338267410823	31.51662217908275	0.0
183.0	30.28220678861391	18.23339528514135	19.52215592291891	31.962242003325837	0.0
184.0	28.856432107583558	18.98721706361912	19.748282062018177	32.40806876677914	0.0
185.0	29.475277998411435	18.653196981731533	20.038224781572676	31.83330023828435	0.0
186.0	29.603321494672603	19.213646140763345	19.393727177229753	31.7893051873343	0.0
187.0	29.888155574588136	19.396443145750418	19.693687339412566	31.02171394024888	0.0
188.0	29.664671266233768	18.902191558441558	19.675831980519483	31.7573051948052	0.0
189.0	29.483375959079282	18.406649616368288	19.657289002557548	32.452685421994886	0.0
190.0	29.759756663401554	18.36881992060628	20.74547610455225	31.125947311439912	0.0
191.0	30.036116091147658	17.972302335853666	19.79109829293008	32.200483280068596	0.0
192.0	29.447981346118578	18.735099164243234	20.328014881186306	31.488904608451882	0.0
193.0	30.232189973614776	17.820580474934037	19.905013192612138	32.04221635883905	0.0
194.0	29.765013054830288	18.40198220280279	19.9632333351095	31.869771407257417	0.0
195.0	29.911314162859448	18.591776404192423	19.99193765116904	31.50497178177909	0.0
196.0	29.592362561362588	18.19858425320713	18.922730601285565	33.28632258414472	0.0
197.0	29.759102107856556	18.612099644128115	20.04653709280044	31.58226115521489	0.0
198.0	30.11475183188165	18.512373842112538	19.05709940550256	32.31577492050325	0.0
199.0	30.03068340306834	18.407252440725244	19.737796373779638	31.82426778242678	0.0
200.0	29.617843363654284	18.88253682165085	20.152637359542652	31.346982455152215	0.0
201.0	30.616132609251938	18.310539933467915	19.430781041198713	31.64254641608143	0.0
202.0	30.310084202661148	18.501594965083196	19.849412305658536	31.33890852659712	0.0
203.0	29.717337048000463	18.8954669452667	19.893783736722966	31.49341227000987	0.0
204.0	29.737814534576806	19.420493870608247	19.502610123760924	31.33908147105402	0.0
205.0	30.2380034974362	19.06399122677021	18.945434067399745	31.75257120839385	0.0
206.0	29.778110944527736	18.791604197901048	19.571214392803597	31.859070464767612	0.0
207.0	30.247643296656662	18.083719802370343	19.52047528113728	32.14816161983571	0.0
208.0	29.97271863409251	17.932133770652605	19.927658400514975	32.16748919473991	0.0
209.0	29.654168859717018	18.297780117031486	20.18947955045048	31.858571472801017	0.0
210.0	30.237729821154506	18.21655651956025	19.83587559119241	31.70983806809284	0.0
211.0	29.687846617017904	18.615116463318017	19.714783710980825	31.982253208683254	0.0
212.0	28.785693683299684	19.174438355286348	19.86347466589751	32.17639329551646	0.0
213.0	30.202971739341557	18.765983619824546	19.203004111229806	31.828040529604092	0.0
214.0	28.96623988997675	18.936441926716657	19.63718523854743	32.46013294475916	0.0
215.0	30.159097674726294	18.41365395428836	19.746634472265406	31.68061389871994	0.0
216.0	29.53222244529211	18.965401860402864	19.457270962992705	32.04510473131232	0.0
217.0	29.503421177427004	18.535329584716482	20.025743513312104	31.935505724544406	0.0
218.0	29.418025751072964	18.836051502145924	19.910729613733906	31.835193133047213	0.0
219.0	30.299972160356347	18.454203786191535	19.306792873051226	31.93903118040089	0.0
220.0	30.248784269504547	18.08443160194517	19.881598421312287	31.785185707238	0.0
221.0	29.848663732961256	18.45372258595399	20.22110121283675	31.476512468248007	0.0
222.0	30.42989298022855	18.479956466533647	19.22002539452204	31.870125158715762	0.0
223.0	29.14077723445715	18.655097613882862	19.9602926578183	32.24383249384169	0.0
224.0	29.918002236302648	17.75997018263138	20.24972046216921	32.07230711889676	0.0
225.0	29.269490948943726	18.226824383054307	19.991685877328898	32.51199879067306	0.0
226.0	29.172413793103445	19.00383141762452	19.954022988505745	31.86973180076628	0.0
227.0	30.1869195196829	18.695838028990014	19.24377258772782	31.87346986359927	0.0
228.0	29.33417332755837	19.073118872307752	19.246367681222193	32.346340118911684	0.0
229.0	30.220679197094857	18.153158545831836	20.01276986312303	31.613392393950278	0.0
230.0	30.28939688715953	18.70541504539559	19.755188067444877	31.25	0.0
231.0	29.86062574517946	18.42700324795461	19.528841014677468	32.18352999218846	0.0
232.0	30.088421755088422	18.67701034367701	19.711378044711378	31.52318985652319	0.0
233.0	29.615352029145132	18.601203083961703	19.29170549860205	32.491739388291116	0.0
234.0	30.033997503980718	18.754572449111333	19.038602229203423	32.17282781770452	0.0
235.0	30.11043694617836	17.958007769872104	19.621109607577807	32.31044567637173	0.0
236.0	29.802116074195407	18.29208906990128	19.735269378901236	32.17052547700208	0.0
237.0	29.442720280663874	18.91782485494535	19.57900418297126	32.06045068141951	0.0
238.0	30.775554946560703	18.493651228647117	18.881885448067965	31.848908376724218	0.0
239.0	29.66671302090576	18.37018495341399	19.51513465906457	32.44796736661568	0.0
240.0	31.038050891303325	17.948356145054326	20.116645501152345	30.896947462490004	0.0
241.0	30.742775256747073	17.535228086935753	20.023883448770004	31.69811320754717	0.0
242.0	30.082404265632572	18.628211342704798	20.24236548715463	31.047018904508	0.0
243.0	29.749262536873154	18.446411012782693	19.252704031465093	32.551622418879056	0.0
244.0	30.365160131697095	18.09338521400778	19.405367654394894	32.13608699990023	0.0
245.0	30.054229385231363	18.149105468552023	20.52607571841265	31.270589427803962	0.0
246.0	30.85840890354493	18.306883759274527	19.090065952184666	31.744641384995877	0.0
247.0	30.48371898230552	18.390744424667574	19.57910166474715	31.54643492827976	0.0
248.0	29.330918389090133	19.086937992755168	19.90198167483486	31.68016194331984	0.0
249.0	29.74013996636467	18.61878153311995	19.32403840937449	32.31704009114089	0.0
250.0	30.3584209656995	18.119253427297252	19.85905412101525	31.663271485988	0.0
251.0	30.698714365567355	18.30072666294019	19.776411403018447	31.22414756847401	0.0
252.0	29.2972972972973	19.209103840682786	19.163584637268848	32.33001422475107	0.0
253.0	30.170470962149672	18.636232302802657	18.87893672349032	32.314360011557355	0.0
254.0	30.17514987657223	17.961678617609028	20.071705654167157	31.79146585165158	0.0
255.0	30.706635553162208	18.79375336564351	19.601507808292943	30.898103272901334	0.0
256.0	29.382731094997254	18.49978672841387	20.120650783011396	31.99683139357748	0.0
257.0	29.886271828972717	18.90497793797775	19.899322602697158	31.30942763035237	0.0
258.0	29.6598897966939	18.53822281335107	19.057571727151814	32.74431566280322	0.0
259.0	29.573288642516438	18.241588242877402	19.26646899574578	32.91865411886039	0.0
260.0	30.23072372313153	18.48419115230395	20.048642608295538	31.23644251626898	0.0
261.0	29.87882439579568	19.475128874606682	19.06674700408382	31.579299725513827	0.0
262.0	30.199235807860266	17.767467248908297	19.42549126637555	32.6078056768559	0.0
263.0	30.6642528895697	18.214733324049575	19.816181590307757	31.30483219607297	0.0
264.0	29.91198182850653	18.100511073253834	18.874219193639977	33.11328790459966	0.0
265.0	30.088367376502973	18.788932348254384	19.25249891351586	31.870201361726785	0.0
266.0	30.200696141598165	18.492186921424867	19.891875879434203	31.41524105754277	0.0
267.0	29.139223256870316	18.956771897948368	18.53281853281853	33.37118631236278	0.0
268.0	30.308417716626728	17.93306021488753	19.679987632372264	32.07853443611347	0.0
269.0	29.571088165210487	18.371723590150914	20.15885623510723	31.898332009531373	0.0
270.0	29.590090457175457	19.4116208947926	19.933175780295002	31.06511286773694	0.0
271.0	29.945810754481034	18.19091288036682	19.79991663192997	32.06335973322217	0.0
272.0	28.99656946826758	19.22813036020583	19.879931389365353	31.89536878216124	0.0
273.0	29.35135609584833	19.520758360396734	20.00351092776266	31.124374615992277	0.0
274.0	29.81115107913669	18.758992805755394	18.5431654676259	32.88669064748201	0.0
275.0	30.069994474120463	18.88929821329895	19.423466568428807	31.617240744151776	0.0
276.0	29.755639097744364	18.87218045112782	19.154135338345863	32.21804511278196	0.0
277.0	29.54501638712165	18.584923848081743	19.60670908039329	32.26335068440331	0.0
278.0	29.850598595033144	18.333828039972296	20.37201939250025	31.44355397249431	0.0
279.0	30.50365556458164	18.15597075548335	19.404955320877335	31.935418359057678	0.0
280.0	30.330423940149625	18.71363258520366	19.513715710723194	31.442227763923526	0.0
281.0	30.654984506891765	18.388716743241798	18.858852441500158	32.09744630836628	0.0
282.0	29.52517351547868	19.510851602952517	18.761705409276193	32.202269472292606	0.0
283.0	30.420969023034157	18.55213888573698	18.665607625099284	32.36128446612958	0.0
284.0	29.433037797480168	18.490433971068594	19.92533831077928	32.15118992067196	0.0
285.0	30.18981259010091	19.30562229697261	19.089380105718405	31.415185007208073	0.0
286.0	29.552497830668155	19.02813933308541	20.366926986488163	31.052435849758275	0.0
287.0	30.321592649310876	19.62736089841756	20.62276671771312	29.428279734558448	0.0
288.0	31.758701910494636	18.699293378696677	19.026432870976183	30.515571839832507	0.0
289.0	30.636925557645796	20.102123085192154	17.790916420317117	31.470034936844932	0.0
290.0	30.220008302200085	18.79064618790646	20.354227203542273	30.635118306351185	0.0
291.0	29.551263845498436	18.886679920477135	21.49957398466345	30.06248224936098	0.0
292.0	28.070687892507667	18.197750839783847	20.08178764422375	33.649773623484734	0.0
293.0	27.344103880416732	19.386984750113243	18.073380643213046	35.19553072625698	0.0
294.0	28.406610539444966	19.550982226379794	17.181166198939817	34.86124103523542	0.0
295.0	31.430868167202576	16.382636655948556	15.659163987138264	36.52733118971061	0.0
296.0	35.827552031714575	14.816650148662042	19.144367360422862	30.21143045920053	0.0
297.0	33.96356136129254	16.13956686146442	20.36782399449983	29.529047782743213	0.0
298.0	34.22198041349292	17.1563293434893	20.620239390642002	28.00145085237577	0.0
299.0	29.786793624508384	20.492651624922374	21.8588283999172	27.861726350652038	0.0
300.0	30.52164261931188	17.314095449500556	18.590455049944506	33.573806881243065	0.0
