# Position (bp)	A	C	G	T	N
0.0	57.06174591909156	10.273243435060326	13.094393186657205	19.570617459190913	0.0
1.0	14.886444286728176	54.95031937544358	17.246273953158266	12.916962384669977	0.0
2.0	17.37056016964128	52.94221593921188	11.680508923838135	18.006714967308714	0.0
3.0	57.180663373323924	12.279463655610446	13.81439661256175	16.725476358503883	0.0
4.0	58.12929364100757	11.167870354060243	12.91174916329047	17.79108684164171	0.0
5.0	18.503521126760564	54.24295774647887	11.58450704225352	15.669014084507044	0.0
6.0	18.266526019690577	53.09423347398031	10.935302390998594	17.70393811533052	0.0
7.0	59.36731107205624	11.335676625659051	12.144112478031635	17.152899824253076	0.0
8.0	58.946444249341525	14.644424934152767	11.694468832309044	14.714661984196663	0.0
9.0	17.833947691767595	52.29067930489732	11.269088994207479	18.60628400912761	0.0
10.0	16.38884014739428	10.440428145288646	13.212844358659414	59.95788734865766	0.0
11.0	15.868840960897773	13.747150622479396	11.730668069437138	58.65334034718569	0.0
12.0	14.876467496057474	11.301909935167338	12.423339758191695	61.398282810583495	0.0
13.0	16.51199439677815	49.99124496585537	13.30765189984241	20.189108737524077	0.0
14.0	14.53813855843247	12.491252624212736	55.1259622113366	17.844646606018195	0.0
15.0	53.50218340611354	13.58951965065502	12.978165938864628	19.930131004366814	0.0
16.0	14.958980624890906	12.812009076627684	13.44039099319253	58.78861930528888	0.0
17.0	17.690160502442428	50.24424284717376	14.584787159804605	17.480809490579205	0.0
18.0	15.182150949973854	14.240892452501308	13.386787519609552	57.190169077915286	0.0
19.0	18.67270510364048	52.551820240376244	12.471694826685246	16.303779829298033	0.0
20.0	17.308027163503397	13.250914156364269	13.337976667247084	56.10308201288525	0.0
21.0	17.41172377804836	13.637154287702208	13.932857888328403	55.01826404592103	0.0
22.0	17.731851337269884	9.934004862799583	51.840916985064254	20.493226814866272	0.0
23.0	15.590277777777779	12.899305555555557	15.104166666666666	56.40625	0.0
24.0	57.09084604715673	10.50624133148405	12.690707350901526	19.712205270457698	0.0
25.0	17.81818181818182	11.774891774891776	51.39393939393939	19.01298701298701	0.0
26.0	57.09839183814629	12.917171018502508	12.173612311948816	17.810824831402385	0.0
27.0	15.724900639364092	16.38154484188699	8.778296181095559	59.115258337653366	0.0
28.0	18.093922651933703	50.63881215469613	9.185082872928177	22.08218232044199	0.0
29.0	21.421179717143843	10.124180751983443	10.279406691962746	58.17523283890998	0.0
30.0	17.919474684637983	12.99464316571626	49.369275963366164	19.71660618627959	0.0
31.0	18.717504332755635	10.121317157712305	10.918544194107453	60.24263431542462	0.0
32.0	16.95357329160146	10.189532255259955	13.041210224308816	59.81568422882977	0.0
33.0	20.431049588224987	50.53443140003504	9.269318380935692	19.765200630804276	0.0
34.0	17.758985200845668	11.768851303735024	11.504580690627202	58.96758280479211	0.0
35.0	17.65536723163842	11.05225988700565	12.182203389830509	59.11016949152542	0.0
36.0	17.770711888358946	13.513513513513514	10.704822469528352	58.01095212859919	0.0
37.0	55.673758865248224	11.702127659574469	14.042553191489363	18.581560283687942	0.0
38.0	56.51477394090424	12.068351726593093	12.246351014595943	19.170523317906728	0.0
39.0	58.78895814781835	13.107747105966162	8.067675868210152	20.035618878005344	0.0
40.0	16.84811708013564	52.38265215063359	12.850258789933964	17.918971979296806	0.0
41.0	16.75977653631285	10.019823391602092	56.20832582447288	17.012074247612183	0.0
42.0	58.42086200651938	10.901847156827236	12.06084751901485	18.616443317638538	0.0
43.0	58.626952415546675	11.514711224119143	12.695241554667636	17.163094805666546	0.0
44.0	19.630442736919136	52.59787778997439	11.525795828759605	16.245883644346872	0.0
45.0	29.596159277040385	18.102231008189776	15.334651228466534	36.966958486303305	0.0
46.0	26.383487885133118	17.64881842656297	21.05892910559378	34.90876458271014	0.0
47.0	34.15625	18.34375	19.65625	27.84375	0.0
48.0	27.37007874015748	18.677165354330707	19.307086614173226	34.645669291338585	0.0
49.0	24.928909952606634	18.167456556082147	20.9478672985782	35.955766192733016	0.0
50.0	23.38403041825095	24.461343472750315	21.894803548795945	30.259822560202785	0.0
51.0	29.206653870761357	18.074216250799743	16.34676903390915	36.37236084452975	0.0
52.0	28.585209003215432	17.684887459807076	21.35048231511254	32.37942122186495	0.0
53.0	31.45994832041344	19.60594315245478	21.834625322997418	27.099483204134366	0.0
54.0	28.914879792072774	20.955165692007796	17.70630279402209	32.423651721897336	0.0
55.0	29.891838741396263	17.895771878072765	20.714519829564075	31.497869550966897	0.0
56.0	26.63382594417077	19.638752052545154	20.164203612479476	33.5632183908046	0.0
57.0	29.144562334217504	19.66180371352785	19.860742705570292	31.33289124668435	0.0
58.0	27.081945369753495	19.85343104596935	21.385742838107927	31.67888074616922	0.0
59.0	23.71859296482412	23.88609715242881	23.953098827470686	28.442211055276385	0.0
60.0	26.68690958164642	18.657219973009447	16.56545209176788	38.09041835357625	0.0
61.0	29.170896785109985	18.037225042301184	24.500846023688663	28.291032148900168	0.0
62.0	29.676320272572404	20.647359454855195	24.15672913117547	25.519591141396937	0.0
63.0	33.78099173553719	18.663911845730027	21.005509641873278	26.549586776859503	0.0
64.0	30.766574585635357	19.544198895027623	21.201657458563535	28.48756906077348	0.0
65.0	29.630919220055713	18.52367688022284	21.483286908077996	30.362116991643457	0.0
66.0	29.20013971358715	15.927348934683899	21.690534404470835	33.18197694725812	0.0
67.0	26.24386825508059	18.220042046250875	20.00700770847933	35.52908199018921	0.0
68.0	26.31205673758865	19.46808510638298	21.48936170212766	32.730496453900706	0.0
69.0	28.16194912217843	20.064493013256897	21.60515944106055	30.168398423504122	0.0
70.0	26.59189580318379	23.118668596237338	19.283646888567294	31.00578871201158	0.0
71.0	27.743571169865987	18.833755885548715	23.650851140890982	29.771821803694316	0.0
72.0	26.826608505997818	21.374045801526716	18.284260268993094	33.51508542348237	0.0
73.0	26.749271137026238	21.829446064139944	20.845481049562682	30.575801749271136	0.0
74.0	32.67543859649123	15.314327485380117	21.966374269005847	30.043859649122805	0.0
75.0	28.345588235294116	20.66176470588235	21.948529411764707	29.044117647058826	0.0
76.0	27.564575645756456	22.43542435424354	17.380073800738007	32.619926199262	0.0
77.0	29.168207024029574	20.51756007393715	18.077634011090574	32.236598890942695	0.0
78.0	29.205520328235735	19.097351734427452	19.880641551659828	31.816486385676985	0.0
79.0	26.67414889637112	23.53161242050131	20.16460905349794	29.629629629629626	0.0
80.0	29.35361216730038	18.935361216730037	19.73384030418251	31.97718631178707	0.0
81.0	29.26923076923077	16.807692307692307	18.69230769230769	35.23076923076923	0.0
82.0	31.167826759474092	17.633410672853827	23.201856148491878	27.9969064191802	0.0
83.0	30.601941747572813	18.485436893203882	22.29126213592233	28.621359223300967	0.0
84.0	28.287163480296527	18.37690206788919	18.72805306281701	34.60788138899727	0.0
85.0	34.504293520686964	16.978922716627633	21.623731459797032	26.89305230288837	0.0
86.0	31.291715744012567	17.275225755791126	25.4416961130742	25.991362387122102	0.0
87.0	30.7753164556962	19.97626582278481	20.96518987341772	28.283227848101266	0.0
88.0	34.65346534653465	18.178217821782177	17.584158415841582	29.584158415841582	0.0
89.0	30.741626794258377	18.421052631578945	19.537480063795854	31.299840510366828	0.0
90.0	30.10795681727309	17.792882846861254	19.072371051579367	33.02678928428628	0.0
91.0	29.959999999999997	20.4	16.96	32.68	0.0
92.0	28.14755412991179	19.206094627105053	19.446672012830792	33.19967923015237	0.0
93.0	31.663974151857836	18.416801292407108	19.4264943457189	30.492730210016155	0.0
94.0	28.935653581545935	17.03763658437879	19.465803318494537	34.56090651558073	0.0
95.0	31.03448275862069	19.026369168357	20.973630831643003	28.965517241379313	0.0
96.0	28.10085400569337	17.28344855632371	20.170801138674257	34.44489629930867	0.0
97.0	30.484330484330485	20.43142043142043	19.495319495319496	29.58892958892959	0.0
98.0	32.11947626841244	21.72667757774141	16.612111292962357	29.541734860883796	0.0
99.0	32.868852459016395	19.385245901639344	16.926229508196723	30.81967213114754	0.0
100.0	36.06085526315789	14.144736842105262	17.886513157894736	31.907894736842106	0.0
101.0	31.692180388911872	19.28009929664874	20.81092263136119	28.216797683078198	0.0
102.0	31.67082294264339	17.1238570241064	20.61512884455528	30.59019118869493	0.0
103.0	26.533166458072593	19.190654985398414	21.485189820609094	32.7909887359199	0.0
104.0	26.214405360134002	17.294807370184255	23.743718592964825	32.747068676716914	0.0
105.0	28.19327731092437	20.3781512605042	19.495798319327733	31.932773109243694	0.0
106.0	28.745791245791246	17.887205387205388	19.444444444444446	33.92255892255892	0.0
107.0	31.590046393926613	17.039223956136652	21.08814846056516	30.28258118937157	0.0
108.0	32.656514382402705	19.83925549915398	15.355329949238577	32.14890016920474	0.0
109.0	27.017841971113	19.711129991503824	20.815632965165676	32.4553950722175	0.0
110.0	26.096211153682418	20.391656023839932	21.711366538952745	31.800766283524908	0.0
111.0	29.705505761843792	19.931711481007255	19.97439180537772	30.388390951771232	0.0
112.0	25.867237687366167	19.31477516059957	23.254817987152034	31.563169164882225	0.0
113.0	29.069767441860467	19.46597760551249	20.887166236003445	30.577088716623603	0.0
114.0	29.36851211072664	15.873702422145328	21.885813148788927	32.8719723183391	0.0
115.0	29.266174554928355	17.368649587494573	20.625271385149805	32.73990447242727	0.0
116.0	28.328240942819725	20.296813618507205	19.336534264513315	32.038411174159755	0.0
117.0	33.33333333333333	17.47700394218134	17.082785808147175	32.10687691633815	0.0
118.0	27.760668719753628	15.970083589969203	22.965244170699517	33.30400351957765	0.0
119.0	22.530864197530864	23.32451499118166	28.527336860670193	25.617283950617285	0.0
120.0	27.200353825740827	20.875718708536045	22.158337019018134	29.765590446704998	0.0
121.0	29.547471162378	17.74622892635315	18.944099378881987	33.76220053238686	0.0
122.0	27.632163482896487	19.724566859173702	22.923145268769435	29.720124389160375	0.0
123.0	31.801962533452276	19.5807314897413	17.885816235504016	30.731489741302408	0.0
124.0	29.874776386404296	18.917710196779964	20.348837209302324	30.85867620751342	0.0
125.0	28.064660978895372	19.757521329142342	22.272114952851368	29.90570273911091	0.0
126.0	33.047790802524794	18.394950405770967	18.214607754733994	30.342651036970242	0.0
127.0	27.54870865428183	19.57408246488446	24.875396465790665	28.00181241504304	0.0
128.0	28.480436760691536	19.153776160145586	22.065514103730663	30.300272975432215	0.0
129.0	29.374143444495203	19.872087711283694	18.181818181818183	32.57195066240293	0.0
130.0	29.076711070280204	21.589343132751495	19.200734956361966	30.13321084060634	0.0
131.0	28.48568790397045	20.221606648199447	21.421975992613113	29.87072945521699	0.0
132.0	28.213457076566122	19.16473317865429	22.59860788863109	30.02320185614849	0.0
133.0	29.09683426443203	21.461824953445067	21.135940409683425	28.305400372439475	0.0
134.0	25.16370439663237	20.439663236669787	21.000935453695043	33.3956969130028	0.0
135.0	25.48189938881053	18.42971321109544	19.18194640338505	36.90644099670898	0.0
136.0	25.177137458667925	20.12281530467643	21.68162494095418	33.01842229570147	0.0
137.0	29.620853080568722	16.255924170616115	21.32701421800948	32.796208530805686	0.0
138.0	30.842455973346027	17.51546882436935	22.227510709186102	29.414564493098528	0.0
139.0	29.29631402584969	17.280995691718527	23.02537099090474	30.397319291527047	0.0
140.0	27.641099855282196	17.559093101784853	22.672455378678244	32.127351664254704	0.0
141.0	30.23255813953488	17.587209302325583	19.815891472868216	32.36434108527132	0.0
142.0	30.18500486854917	16.455696202531644	18.500486854917234	34.858812074001946	0.0
143.0	31.34474327628362	19.60880195599022	19.266503667481665	29.7799511002445	0.0
144.0	28.796068796068795	19.213759213759214	17.83783783783784	34.15233415233415	0.0
145.0	28.684080827994084	20.847708230655495	17.052735337604734	33.41547560374568	0.0
146.0	30.148514851485146	20.99009900990099	18.514851485148515	30.346534653465344	0.0
147.0	28.87780548628429	19.351620947630924	16.30922693266833	35.461346633416454	0.0
148.0	24.761426418884984	23.505775991963837	19.98995479658463	31.74284279256655	0.0
149.0	29.543147208121827	20.456852791878173	19.64467005076142	30.35532994923858	0.0
150.0	25.829504849412967	19.60183767228178	19.29555895865237	35.27309851965288	0.0
151.0	28.25641025641026	19.743589743589745	21.17948717948718	30.820512820512818	0.0
152.0	28.033040784718636	20.237480640165202	18.843572534847702	32.88590604026846	0.0
153.0	32.34529381175247	20.02080083203328	18.14872594903796	29.485179407176286	0.0
154.0	33.82275825904562	17.252228631358154	19.664394336654432	29.260618772941793	0.0
155.0	28.20378151260504	21.271008403361343	19.747899159663866	30.77731092436975	0.0
156.0	33.89920424403183	16.551724137931036	17.93103448275862	31.618037135278517	0.0
157.0	29.38034188034188	18.37606837606838	22.48931623931624	29.754273504273502	0.0
158.0	26.33279483037157	22.724824986537424	17.71674744211093	33.225632740980075	0.0
159.0	33.58572201189832	15.467820443482964	20.118983234180636	30.827474310438074	0.0
160.0	26.25	19.83695652173913	23.097826086956523	30.81521739130435	0.0
161.0	29.366812227074234	16.430131004366814	25.927947598253276	28.27510917030568	0.0
162.0	30.01095290251917	18.565169769989048	17.74370208105148	33.68017524644031	0.0
163.0	28.93289328932893	18.04180418041804	17.27172717271727	35.75357535753575	0.0
164.0	29.535398230088493	15.15486725663717	24.059734513274336	31.25	0.0
165.0	30.20544142143254	18.04553026096613	21.321488062187672	30.42754025541366	0.0
166.0	25.23676880222841	22.00557103064067	21.002785515320337	31.75487465181058	0.0
167.0	25.26610644257703	19.327731092436977	24.313725490196077	31.092436974789916	0.0
168.0	27.323943661971832	20.338028169014084	18.366197183098592	33.97183098591549	0.0
169.0	27.89115646258503	17.233560090702948	19.671201814058957	35.204081632653065	0.0
170.0	30.5982905982906	17.89173789173789	18.86039886039886	32.64957264957265	0.0
171.0	30.914285714285718	20.228571428571428	15.428571428571427	33.42857142857143	0.0
172.0	31.32530120481928	19.27710843373494	17.269076305220885	32.1285140562249	0.0
173.0	29.745370370370374	18.229166666666664	20.3125	31.712962962962965	0.0
174.0	31.20278907611854	18.65194654270773	17.024985473561884	33.120278907611855	0.0
175.0	25.687536571094206	20.011702750146284	23.112931538911642	31.187829139847867	0.0
176.0	26.455026455026452	20.693709582598473	20.693709582598473	32.157554379776606	0.0
177.0	28.368794326241137	21.631205673758867	20.685579196217493	29.314420803782504	0.0
178.0	27.39156268568033	20.439691027926322	23.291740938799762	28.87700534759358	0.0
179.0	23.459006582884502	18.67145421903052	29.263913824057454	28.605625374027525	0.0
180.0	28.433734939759038	16.265060240963855	22.048192771084338	33.25301204819277	0.0
181.0	30.569007263922522	18.523002421307506	20.581113801452787	30.326876513317192	0.0
182.0	31.402439024390244	19.20731707317073	20.975609756097562	28.41463414634146	0.0
183.0	27.747084100675263	20.073664825046038	21.485573971761816	30.69367710251688	0.0
184.0	28.101736972704717	20.905707196029777	18.734491315136477	32.25806451612903	0.0
185.0	29.301745635910226	21.758104738154614	24.376558603491272	24.56359102244389	0.0
186.0	32.9153605015674	16.426332288401255	22.13166144200627	28.526645768025077	0.0
187.0	32.469993682880606	18.44598862918509	18.003790271636134	31.080227416298168	0.0
188.0	28.65347798340779	19.14486279514997	24.633056796426292	27.568602425015953	0.0
189.0	29.11311053984576	18.76606683804627	20.051413881748072	32.0694087403599	0.0
190.0	28.59909619109103	17.301484828921883	20.529373789541637	33.57004519044545	0.0
191.0	26.779882429784458	22.01175702155454	20.37883736120183	30.82952318745918	0.0
192.0	30.931923331130207	19.960343688037014	19.16721744877726	29.940515532055517	0.0
193.0	27.126590756865372	20.629604822505023	22.638981915606163	29.604822505023442	0.0
194.0	28.105906313645622	21.04548540393754	22.742701968771215	28.105906313645622	0.0
195.0	28.140013726835967	21.3452299245024	20.315717227179135	30.199039121482496	0.0
196.0	28.462073764787753	19.345859429366737	20.59846903270703	31.593597773138484	0.0
197.0	28.118393234672308	19.59126145172657	23.185341789992954	29.105003523608175	0.0
198.0	25.86705202312139	25.86705202312139	19.29190751445087	28.973988439306357	0.0
199.0	27.32115677321157	24.885844748858446	18.2648401826484	29.52815829528158	0.0
200.0	27.22371967654987	14.195867026055705	23.62982929020665	34.95058400718778	0.0
201.0	31.612090680100756	20.151133501259448	16.24685138539043	31.98992443324937	0.0
202.0	39.87261146496815	17.8343949044586	16.178343949044585	26.11464968152866	0.0
203.0	31.829896907216494	16.237113402061855	22.551546391752577	29.381443298969074	0.0
204.0	32.03125	14.713541666666666	28.645833333333332	24.609375	0.0
205.0	33.860342555994734	14.624505928853754	27.66798418972332	23.847167325428195	0.0
206.0	28.079470198675498	22.91390728476821	24.370860927152318	24.635761589403973	0.0
207.0	28.322147651006713	22.684563758389263	17.583892617449663	31.409395973154364	0.0
208.0	29.70027247956403	17.029972752043594	22.3433242506812	30.92643051771117	0.0
209.0	23.28767123287671	22.054794520547947	20.82191780821918	33.83561643835616	0.0
210.0	23.895027624309392	18.50828729281768	18.23204419889503	39.364640883977906	0.0
211.0	27.754532775453278	18.410041841004183	19.107391910739192	34.72803347280335	0.0
212.0	25.842696629213485	19.382022471910112	25.42134831460674	29.353932584269664	0.0
213.0	24.752475247524753	20.509193776520508	15.417256011315416	39.321074964639315	0.0
214.0	27.22063037249284	26.07449856733524	18.05157593123209	28.653295128939828	0.0
215.0	28.94356005788712	26.62807525325615	15.77424023154848	28.65412445730825	0.0
216.0	33.72262773722628	16.934306569343065	16.204379562043798	33.13868613138686	0.0
217.0	24.850299401197603	17.964071856287426	27.694610778443113	29.491017964071858	0.0
218.0	25.306748466257666	23.466257668711656	19.018404907975462	32.20858895705521	0.0
219.0	18.524871355060036	21.612349914236706	23.499142367066895	36.36363636363637	0.0
220.0	0.0	29.411764705882355	27.73109243697479	42.857142857142854	0.0
