# Position (bp)	A	C	G	T	N
0.0	74.31223565520081	8.72478197402403	8.582550436051951	8.38043193472321	0.0
1.0	7.639330763184489	78.32840513530711	8.92690047535277	5.105363626155631	0.0
2.0	11.416601204503797	77.92241798526166	3.82673100662103	6.834249803613511	0.0
3.0	83.45856229673657	5.334380023176704	4.8633695936600505	6.343688086426676	0.0
4.0	78.03638808981208	6.2315537789068625	9.186685097321329	6.545373033959727	0.0
5.0	11.906272154024105	73.54949442184993	7.585537853065184	6.958695571060781	0.0
6.0	12.871360942334215	72.76997055205577	7.4178998769896	6.94076862862042	0.0
7.0	80.47163133777893	4.824348992288492	7.435830570353537	7.2681890995790335	0.0
8.0	76.87667560321717	6.884867441167709	4.054959785522788	12.183497170092345	0.0
9.0	5.797856504912176	72.08990771062817	7.41292051205716	14.6993152724025	0.0
10.0	5.155558859606735	6.947180611827678	10.541575289001226	77.35568523956437	0.0
11.0	4.946156702562198	4.559970293353137	8.169327887114743	82.32454511696993	0.0
12.0	7.433634880616936	5.590983241880468	4.990360373720896	81.9850215037817	0.0
13.0	7.177246129916302	73.7797200207392	9.010443670839196	10.032590178505297	0.0
14.0	7.314636673079769	6.363770904247447	75.70297469291106	10.618617729761729	0.0
15.0	75.57189844414059	4.56040504083669	8.24125060053956	11.626445914483167	0.0
16.0	6.224862551197373	6.047747315597211	10.221025054426036	77.50636507877938	0.0
17.0	6.578704898094571	72.45420705414072	4.680647182397818	16.286440865366895	0.0
18.0	5.663710300666103	9.781768667427224	6.480697751444449	78.07382328046224	0.0
19.0	5.704722671766956	78.46476386641166	4.774165072826246	11.056348388995145	0.0
20.0	5.60864451631873	13.253454866215819	5.402822699206116	75.73507791825934	0.0
21.0	5.9123792736219745	8.398516396753699	6.540340053615365	79.14876427600896	0.0
22.0	8.465123105713133	4.450886140975306	71.41232157927567	15.671669174035884	0.0
23.0	7.648849921126967	4.820426281228219	8.023038262592172	79.50768553505264	0.0
24.0	76.72704605456146	4.528454092109123	10.420944558521562	8.323555294807862	0.0
25.0	15.997800989554701	4.416345977643394	70.62855048561481	8.9573025471871	0.0
26.0	76.98028870814099	9.269436506191838	4.799589653403678	8.950685132263501	0.0
27.0	9.275670133294273	11.505785850300278	3.9402372931009224	75.27830672330452	0.0
28.0	12.95293170338921	70.85864870800089	4.351804406705219	11.836615181904692	0.0
29.0	12.579536312440576	4.666130329847144	5.423096613764353	77.33123674394793	0.0
30.0	13.654486265042612	5.1355206847360915	72.60324079154323	8.606752258678078	0.0
31.0	12.365473314298264	4.879566586133684	4.216999780364595	78.53796031920346	0.0
32.0	10.080246235022534	7.643545491187571	4.7195045985856146	77.55670367520428	0.0
33.0	11.91048640651008	75.37266506380618	3.857961901239135	8.85888662844461	0.0
34.0	8.52575488454707	11.349171107164002	4.496003552397868	75.62907045589105	0.0
35.0	7.429629629629629	76.50740740740741	4.222222222222222	11.84074074074074	0.0
36.0	9.496354709120666	7.550959678619253	4.601249814015771	78.35143579824431	0.0
37.0	76.64320560086396	7.727255800096823	5.645551707444233	9.98398689159498	0.0
38.0	75.74092760772882	5.228538326419255	4.43248495720746	14.598049108644467	0.0
39.0	79.22267570299921	5.47422024188415	4.848916014528026	10.45418804058861	0.0
40.0	10.803661404098085	72.45969096405777	7.3480013436345315	9.388646288209607	0.0
41.0	10.172368764690521	5.049186036388961	76.6083398624532	8.17010533646731	0.0
42.0	80.39933734414508	5.2358531694132004	5.196616967477548	9.168192518964165	0.0
43.0	79.13473748741077	6.966764461181415	4.54087664754565	9.357621403862154	0.0
44.0	8.729595457771469	76.43718949609652	6.019339957416608	8.8138750887154	0.0
45.0	20.86787983202326	11.403036502638097	12.69516528480672	55.03391838053192	0.0
46.0	34.29376761666145	14.970247416222987	18.728468524898215	32.00751644221735	0.0
47.0	29.89803921568627	20.61176470588235	19.51372549019608	29.976470588235294	0.0
48.0	30.462745098039218	18.47843137254902	18.83921568627451	32.219607843137254	0.0
49.0	31.763228136285132	18.197519233788665	17.365363479353118	32.67388915057309	0.0
50.0	26.707489401789918	21.84016329094049	18.919767624430836	32.53257968283875	0.0
51.0	29.448719962305635	18.15611748076017	20.983194597141512	31.41196795979268	0.0
52.0	28.690457475239743	16.42823455431536	20.84577896557145	34.035529004873446	0.0
53.0	31.723052714398115	18.552321007081037	20.01573564122738	29.70889063729347	0.0
54.0	27.025326411829482	25.483718735252474	18.79817523989303	28.69277961302501	0.0
55.0	32.19005663939585	18.077407174323472	17.542479546884834	32.19005663939585	0.0
56.0	24.653652392947105	18.954659949622165	20.340050377833755	36.051637279596974	0.0
57.0	27.78215016527625	17.629466393829688	20.22666456792067	34.3617188729734	0.0
58.0	27.329974811083126	18.860201511335013	19.080604534005037	34.72921914357683	0.0
59.0	24.795340050377835	17.002518891687657	25.661209068010077	32.54093198992443	0.0
60.0	26.15748031496063	16.976377952755904	19.68503937007874	37.181102362204726	0.0
61.0	27.262693156732894	16.777041942604857	26.42699463891517	29.533270261747084	0.0
62.0	28.91167192429022	17.99684542586751	22.20820189274448	30.883280757097793	0.0
63.0	28.979785217940616	17.49842072015161	20.30953885028427	33.2122552116235	0.0
64.0	22.868891349043174	19.958880278348882	27.455321840898307	29.71690653170963	0.0
65.0	29.890874584848966	18.503874743001738	21.429701091254152	30.175549580895144	0.0
66.0	27.678430131349895	15.002373793321727	20.35132141161576	36.967874663712614	0.0
67.0	25.862614751503642	18.83507439062995	17.109844887622668	38.19246597024375	0.0
68.0	25.578080456129236	23.392461197339244	18.767817548305356	32.26164079822617	0.0
69.0	32.85782215882073	20.161673799334284	19.971469329529242	27.00903471231574	0.0
70.0	31.092436974789916	20.516885999682895	19.81924845409862	28.57142857142857	0.0
71.0	27.451602665820374	26.515391939066962	18.50206283719454	27.53094255791812	0.0
72.0	28.625833068867024	19.94604887337353	18.72421453506823	32.703903522691206	0.0
73.0	29.10649103316934	16.933820028566895	24.345342009204888	29.614346929058875	0.0
74.0	32.95219946006034	17.29394949976179	21.740511354613307	28.013339685564553	0.0
75.0	34.48713877421404	20.84788821848206	18.132740552556367	26.53223245474754	0.0
76.0	29.626093874303898	18.186157517899762	15.974542561654733	36.21320604614161	0.0
77.0	28.018477222045234	19.544440904746736	20.40458744823192	32.03249442497611	0.0
78.0	28.018477222045234	21.742593182542212	19.305511309334182	30.933418286078368	0.0
79.0	32.77565328234544	19.152326322498407	18.275971956660293	29.79604843849586	0.0
80.0	28.534991232265266	18.04559222062809	23.38593974175036	30.03347680535629	0.0
81.0	25.29102216552384	24.334236963801626	20.1881677563387	30.18657311433583	0.0
82.0	36.206896551724135	17.464878671775224	20.290549169859514	26.037675606641127	0.0
83.0	34.46842525979217	16.69064748201439	21.183053557154278	27.657873701039172	0.0
84.0	26.456466069142127	18.758002560819463	20.278489116517285	34.50704225352113	0.0
85.0	29.401408450704224	21.062740076824586	20.390524967989755	29.145326504481435	0.0
86.0	29.214022730910838	19.049143588922682	20.825996478309587	30.91083720185689	0.0
87.0	28.944417747877623	17.956110844145442	20.326765977895242	32.772705430081686	0.0
88.0	30.52395449447204	17.913795866047106	16.696042300913316	34.86620733856754	0.0
89.0	29.818939272552473	15.22191956417241	18.779041820221117	36.180099343053996	0.0
90.0	27.555270746555593	18.087151553989106	25.328420378083948	29.029157321371358	0.0
91.0	28.816549069916615	19.018601667735727	16.46889031430404	35.69595894804362	0.0
92.0	27.628832878471666	18.23727725156526	17.049285599614706	37.08460427034837	0.0
93.0	28.631105398457585	16.95051413881748	25.417737789203088	29.000642673521853	0.0
94.0	27.366222079382936	21.45267555841234	20.48851036477583	30.69259199742889	0.0
95.0	32.63631976837703	17.146533697925044	20.508283738137365	29.70886279556056	0.0
96.0	32.79639175257732	14.81958762886598	19.84536082474227	32.53865979381443	0.0
97.0	26.00773943889068	18.026443082876494	20.622379877458886	35.34343760077394	0.0
98.0	33.935775375181535	16.750040342101016	17.169598192673874	32.14458609004357	0.0
99.0	24.216984178237002	19.163706813044882	18.614788505004842	38.004520503713266	0.0
100.0	31.094890510948904	15.506893755068937	23.16301703163017	30.23519870235199	0.0
101.0	27.56316218418908	20.71719641401793	24.531377343113284	27.188264058679707	0.0
102.0	26.118302474193023	20.858594134032444	18.236932656070785	34.786170735703756	0.0
103.0	30.564729194187585	20.32694848084544	18.59313077939234	30.515191545574638	0.0
104.0	25.062199369713056	17.366064023884558	25.609553823187923	31.962182783214466	0.0
105.0	26.35	17.549999999999997	18.5	37.6	0.0
106.0	28.683989941324395	18.088851634534787	17.820620284995808	35.40653813914501	0.0
107.0	28.147648744311475	19.585369964604755	18.203269846620596	34.06371144446317	0.0
108.0	31.09158499493072	17.641094964515037	18.164920581277457	33.10239945927678	0.0
109.0	26.590870524350922	19.854064143899542	18.784999151535718	34.77006618021382	0.0
110.0	23.4963366842733	18.112114499914806	26.188447776452545	32.203101039359346	0.0
111.0	25.8783204798629	19.194515852613538	18.748928877463584	36.17823479005998	0.0
112.0	30.413876008930107	19.491670959986262	18.495620814013396	31.59883221707024	0.0
113.0	26.484806629834257	19.9585635359116	21.201657458563535	32.35497237569061	0.0
114.0	31.26408878099532	16.195595630310386	21.189526616958556	31.35078897173574	0.0
115.0	25.725204099357303	23.01545944068091	16.831683168316832	34.42765329164496	0.0
116.0	31.169509223807868	17.33379742429516	20.79707622694048	30.69961712495649	0.0
117.0	26.8221039104094	20.96566917569304	19.552046998347713	32.66017991554984	0.0
118.0	28.587216798673786	16.54079941057285	20.924663842328236	33.947319948425125	0.0
119.0	22.189349112426036	20.617603550295858	26.40532544378698	30.787721893491128	0.0
120.0	26.963788300835656	22.395543175487465	23.28690807799443	27.35376044568245	0.0
121.0	27.513030528667166	20.197319434102756	20.699925539836187	31.589724497393895	0.0
122.0	27.4967332462199	18.163151017360462	21.504573455292142	32.835542281127495	0.0
123.0	29.642121041783774	17.462994191493348	19.168071950534006	33.726812816188875	0.0
124.0	29.608728367193375	18.039879608728366	19.88337095560572	32.46802106847254	0.0
125.0	27.722211738063784	20.437818456312513	22.381581430458578	29.45838837516512	0.0
126.0	30.08330177962893	19.746308216584627	19.72737599394169	30.443014009844756	0.0
127.0	30.661094224924014	18.9209726443769	21.789513677811552	28.628419452887538	0.0
128.0	33.95579268292683	18.197408536585368	18.76905487804878	29.077743902439025	0.0
129.0	31.340996168582375	18.697318007662837	20.67049808429119	29.291187739463602	0.0
130.0	31.57894736842105	18.70918171340761	18.574721475220898	31.13714944295044	0.0
131.0	29.96918335901387	21.956856702619415	17.507704160246533	30.566255778120183	0.0
132.0	27.19027402547279	19.837900424546508	23.00270165959089	29.96912389038981	0.0
133.0	28.316870036800314	22.370714700755375	20.08522177028859	29.227193492155724	0.0
134.0	27.53989879330479	21.467497080576102	18.11989100817439	32.87271311794473	0.0
135.0	27.99216454456415	16.552399608227226	20.430950048971596	35.02448579823702	0.0
136.0	29.04686884600236	17.48719968491532	19.88972036234738	33.57621110673493	0.0
137.0	29.627427665477608	17.24137931034483	18.747522790328976	34.3836702338486	0.0
138.0	31.266201395812566	17.3678963110668	19.860418743768694	31.505483549351943	0.0
139.0	31.5346038114343	17.89368104312939	22.146439317953863	28.425275827482448	0.0
140.0	30.58918482647296	16.98950766747377	21.670702179176757	30.750605326876514	0.0
141.0	33.43477378778657	17.34631771150335	21.09961452627308	28.119293974437003	0.0
142.0	34.264166326946594	18.36526701997554	18.324500611496127	29.046066041581735	0.0
143.0	33.0945558739255	19.484240687679083	19.01350798198936	28.407695456406056	0.0
144.0	30.854560394412488	18.71405094494659	18.221035332785537	32.21035332785539	0.0
145.0	32.837977296181634	20.061919504643964	19.09184726522188	28.00825593395253	0.0
146.0	29.724123625803777	20.3899605890894	18.170504044803984	31.71541174030284	0.0
147.0	26.823676531888285	19.341392246769487	20.633597332221758	33.20133388912046	0.0
148.0	25.188284518828453	19.225941422594143	20.481171548117157	35.10460251046025	0.0
149.0	30.68849706129303	19.542401343408898	18.282955499580183	31.48614609571788	0.0
150.0	27.332207682566484	17.496834107218234	22.836639932460955	32.33431827775433	0.0
151.0	27.854268163524676	18.661300571912733	21.097225164160136	32.38720610040245	0.0
152.0	25.472700233694496	18.313150626726152	20.11897174421075	36.0951773953686	0.0
153.0	29.004052036681593	17.487737257410963	20.046918319471104	33.46129238643634	0.0
154.0	29.45337620578778	15.969989281886388	21.929260450160772	32.647374062165056	0.0
155.0	29.190004308487723	20.379146919431278	20.61611374407583	29.814735028005167	0.0
156.0	29.712183510062758	17.46375243453798	20.796364423285002	32.027699632114256	0.0
157.0	31.10820244328098	19.480802792321118	21.11692844677138	28.294066317626527	0.0
158.0	28.69964973730298	20.161996497373032	19.439579684763572	31.698774080560423	0.0
159.0	31.782265144863914	16.286215978928887	21.071115013169447	30.86040386303775	0.0
160.0	26.894273127753305	18.370044052863435	23.41409691629956	31.321585903083697	0.0
161.0	28.701040053109097	17.725160433724273	22.195175923876963	31.378623589289667	0.0
162.0	28.158362989323845	19.105871886120994	21.59697508896797	31.13879003558719	0.0
163.0	28.84271671134942	16.9124218051832	21.00089365504915	33.24396782841823	0.0
164.0	30.17512348450831	18.006286484059274	20.296362819937137	31.522227211495284	0.0
165.0	31.423415294383034	16.896007218587865	23.97924655989172	27.70133092713738	0.0
166.0	32.244897959183675	19.682539682539684	20.02267573696145	28.049886621315196	0.0
167.0	32.225005693463906	18.127989068549304	21.248007287633797	28.398997950352996	0.0
168.0	26.717032967032967	20.764652014652015	21.176739926739927	31.34157509157509	0.0
169.0	28.331028123559243	17.61180267404334	21.599815583218074	32.457353619179344	0.0
170.0	25.665355241842164	18.02823420504513	23.09650543855589	33.20990511455682	0.0
171.0	29.16182957975389	18.55119572788484	20.153238913396795	32.13373577896448	0.0
172.0	31.474568362109196	20.951936537564162	17.708819412039198	29.864675688287445	0.0
173.0	27.055516514406186	22.183181072850786	18.997423284141483	31.763879128601545	0.0
174.0	27.776467814194767	22.21174251355812	20.089601509078047	29.92218816316906	0.0
175.0	27.706552706552706	18.75593542260209	20.94017094017094	32.597340930674264	0.0
176.0	30.41298639293387	16.209119121508714	19.62282167581762	33.755072809739794	0.0
177.0	28.211284513805523	19.15966386554622	21.536614645858343	31.092436974789916	0.0
178.0	29.232995658465992	18.306801736613604	21.900627110467923	30.559575494452485	0.0
179.0	27.577007033713315	20.470531166626245	22.48362842590347	29.468833373756976	0.0
180.0	28.874269005847953	18.396686159844055	19.78557504873294	32.94346978557505	0.0
181.0	28.844270323212534	18.168462291870714	20.64152791380999	32.34573947110676	0.0
182.0	30.79950799507995	16.801968019680196	22.681426814268143	29.717097170971712	0.0
183.0	30.89471082550667	21.15669797330697	19.77261492832427	28.175976272862087	0.0
184.0	33.7733499377335	18.08219178082192	19.42714819427148	28.717310087173104	0.0
185.0	28.4748309541698	20.96168294515402	21.28725269221137	29.27623340846481	0.0
186.0	32.21578018653894	18.553062767834636	19.4857574993698	29.745399546256618	0.0
187.0	30.777018476335105	20.045558086560362	21.05796001012402	28.119463426980513	0.0
188.0	29.903209373408046	19.077941925624046	20.376974019358126	30.64187468160978	0.0
189.0	31.727319323423885	19.374679651460788	20.117888262429524	28.7801127626858	0.0
190.0	31.710458526532715	17.980422462648118	18.495620814013396	31.813498196805774	0.0
191.0	27.85825142265908	19.968960165545784	19.787894464562854	32.38489394723228	0.0
192.0	32.63925039042165	16.736074960957833	19.93753253513795	30.68714211348256	0.0
193.0	26.31578947368421	15.789473684210526	24.552631578947366	33.3421052631579	0.0
194.0	26.459660297239918	18.39171974522293	21.019108280254777	34.12951167728237	0.0
195.0	27.095568606513616	20.768820074746397	21.329418045915645	30.806193272824345	0.0
196.0	31.4247311827957	17.82258064516129	17.20430107526882	33.5483870967742	0.0
197.0	28.463203463203463	20.29220779220779	21.455627705627705	29.788961038961038	0.0
198.0	29.264305177111716	20.245231607629428	18.88283378746594	31.607629427792915	0.0
199.0	26.878771256171145	22.435545803620403	21.311025781678552	29.374657158529892	0.0
200.0	24.70328457079768	20.94948937344742	20.397460667954732	33.94976538780017	0.0
201.0	29.725228975853458	18.151540383014154	19.51151817929503	32.61171246183736	0.0
202.0	30.316615298402915	18.968898851218828	20.117680022415243	30.596805827963014	0.0
203.0	33.23911814584511	17.410966647823628	21.00056529112493	28.34934991520633	0.0
204.0	31.74964438122333	19.45945945945946	20.88193456614509	27.908961593172123	0.0
205.0	31.957580968758958	17.02493551160791	21.15219260533104	29.865290914302093	0.0
206.0	27.9445727482679	18.937644341801384	22.28637413394919	30.831408775981522	0.0
207.0	25.588149869300032	19.51786232936393	18.559395875689805	36.33459192564624	0.0
208.0	25.643274853801167	21.929824561403507	19.298245614035086	33.12865497076024	0.0
209.0	28.17647058823529	17.588235294117645	20.38235294117647	33.85294117647059	0.0
210.0	30.388378298250817	18.9149125407649	17.906907797213165	32.789801363771126	0.0
211.0	31.168057210965433	21.096543504171635	18.802145411203814	28.93325387365912	0.0
212.0	27.860994607549433	18.60395446375075	21.030557219892152	32.50449370880767	0.0
213.0	29.637462235649547	20.876132930513595	19.516616314199396	29.969788519637465	0.0
214.0	29.237804878048777	21.25	20.70121951219512	28.810975609756095	0.0
215.0	32.09230769230769	20.70769230769231	18.738461538461536	28.46153846153846	0.0
216.0	29.146039603960393	19.616336633663366	20.761138613861384	30.476485148514854	0.0
217.0	25.568358766739337	20.523201494861414	22.173777639364683	31.734662099034566	0.0
218.0	25.447690857681433	18.75589066918002	19.855482249450205	35.94093622368835	0.0
219.0	24.469768914213358	20.639442861665085	23.456790123456788	31.433998100664766	0.0
220.0	31.064237775647175	18.82390540108661	18.21668264621285	31.89517417705337	0.0
221.0	32.15547703180212	18.952778670093156	16.96113074204947	31.930613556055253	0.0
222.0	29.449838187702266	20.711974110032365	17.864077669902912	31.974110032362457	0.0
223.0	30.59823471722785	18.796992481203006	16.868257600523044	33.73651520104609	0.0
224.0	30.868273357543746	21.228128095080883	17.497523935292175	30.406074612083195	0.0
225.0	33.92143808255659	18.77496671105193	19.207723035952064	28.095872170439414	0.0
226.0	33.31090174966352	17.092866756393	24.057873485868104	25.538358008075367	0.0
227.0	29.220338983050848	18.033898305084744	22.88135593220339	29.864406779661017	0.0
228.0	28.087581252138214	22.100581594252482	21.21108450222374	28.600752651385562	0.0
229.0	31.127197518097212	19.71733884867287	20.579110651499484	28.576352981730434	0.0
230.0	27.13097713097713	21.69092169092169	20.443520443520445	30.734580734580735	0.0
231.0	32.264808362369344	21.463414634146343	17.630662020905923	28.641114982578397	0.0
232.0	28.379334748761497	21.585279547062985	19.886765746638357	30.148619957537154	0.0
233.0	28.14392589953687	20.27075169219808	19.27324545778411	32.312076950480936	0.0
234.0	25.340501792114694	20.93189964157706	24.480286738351253	29.24731182795699	0.0
235.0	28.329123060267055	18.58534824972934	22.952002887044387	30.13352580295922	0.0
236.0	28.602620087336245	18.522561863173216	23.326055312954878	29.54876273653566	0.0
237.0	25.981651376146793	22.458715596330276	21.247706422018346	30.311926605504585	0.0
238.0	29.3026706231454	18.84272997032641	23.2566765578635	28.597922848664687	0.0
239.0	27.587504704554007	18.103123823861498	20.248400451637185	34.06097101994731	0.0
240.0	25.987841945288753	17.287234042553195	21.314589665653497	35.410334346504555	0.0
241.0	27.502876869965476	18.795550441120064	25.04794783275796	28.6536248561565	0.0
242.0	24.175397749320915	19.90686845168801	24.524641055490882	31.393092743500194	0.0
243.0	26.280797809933514	18.7719984356668	24.794681267109894	30.15252248728979	0.0
244.0	26.074950690335307	20.039447731755423	22.998027613412226	30.88757396449704	0.0
245.0	29.93224392188123	16.381028298126743	20.765245117576725	32.9214826624153	0.0
246.0	27.883447996762445	22.33913395386483	22.25819506272764	27.51922298664508	0.0
247.0	24.90675507666805	20.430998756734358	22.171570658930793	32.49067550766681	0.0
248.0	23.407917383820998	20.567986230636834	25.946643717728058	30.077452667814114	0.0
249.0	19.106957424714434	23.624091381100726	22.533748701973	34.73520249221183	0.0
250.0	14.24287856071964	23.163418290854572	24.737631184407796	37.85607196401799	0.0
