# Position (bp)	A	C	G	T	N
0.0	25.454617252749422	24.969560553109428	24.09619523367623	25.47962696046492	0.0
1.0	25.503978517977373	20.39804924279819	14.481278917474546	39.61669332174989	0.0
2.0	27.718077550376176	18.943020992266007	18.55434839795865	34.78455305939917	0.0
3.0	23.13319049934936	23.087842900143272	15.196703426701191	38.582263173806176	0.0
4.0	33.30815064938478	13.632153250865517	14.359385367327768	38.70031073242194	0.0
5.0	34.68802122322472	15.591058928594881	22.922002022510277	26.79891782567012	0.0
6.0	32.45095722051524	17.79786759106069	20.396412720922292	29.35476246750177	0.0
7.0	34.227628400378116	17.509321499842454	19.868579981094424	28.39447011868501	0.0
8.0	23.32740412069339	26.51014420457753	21.784277303367837	28.378174371361247	0.0
9.0	29.46812979103224	18.736873884280165	15.566260632153734	36.22873569253387	0.0
10.0	26.587744280970693	16.8375047576549	24.45172128673238	32.12302967464203	0.0
11.0	27.620803695635054	18.417806241633638	20.087141394787263	33.87424866794404	0.0
12.0	25.960604708537833	19.77769612346133	21.33671032256371	32.92498884543713	0.0
13.0	26.79347041610351	21.12994869237734	18.155812458173134	33.92076843334601	0.0
14.0	30.459856840116263	18.29389110138633	19.78322628053301	31.463025777964397	0.0
15.0	29.90599025132683	18.757339386345297	18.87608163693737	32.46058872539051	0.0
16.0	29.201705477205643	16.92948507707445	18.806821908822567	35.06198753689734	0.0
17.0	29.86503679026271	18.1760948546096	20.43990923756935	31.51895911755833	0.0
18.0	30.749711498111626	17.42485837180025	18.42609106168695	33.399339068401176	0.0
19.0	29.541372212243182	17.988488416305017	19.446447535760644	33.02369183569115	0.0
20.0	30.37197260184184	17.663946514600333	19.455314128404286	32.50876675515354	0.0
21.0	30.04089336269267	17.466184334696443	19.575076019712697	32.91784628289818	0.0
22.0	28.668313555379367	18.457385116407075	19.647338658419116	33.226962669794446	0.0
23.0	29.41870217003879	17.486764860048222	20.433221511688856	32.661311458224134	0.0
24.0	30.597538046291017	18.57995453443656	18.288424624778077	32.534082794494346	0.0
25.0	29.389415487006822	17.799380310106972	19.04138034941077	33.76982385347544	0.0
26.0	31.34780017161085	17.66216242770402	19.835463185542768	31.154574215142368	0.0
27.0	29.23707720925358	18.280541800937932	19.466713825355654	33.01566716445283	0.0
28.0	29.764087920148803	17.669172932330827	19.58161955411176	32.985119593408605	0.0
29.0	29.431219096892498	18.02482072104522	19.716428173810538	32.827532008251744	0.0
30.0	29.9165618778162	17.722414335114745	19.43767683118516	32.92334695588389	0.0
31.0	29.738279561441427	18.125908751522772	19.76984844316946	32.36596324386633	0.0
32.0	29.926581830804196	17.985159181855693	19.5150864186211	32.57317256871901	0.0
33.0	30.61354153703061	17.711942674116237	19.58132192754354	32.093193861309615	0.0
34.0	29.826733483999867	17.58409485441027	19.77924077167469	32.809930889915165	0.0
35.0	30.202819558723338	18.184319480111107	19.525968240658244	32.08689272050731	0.0
36.0	30.199284619315282	17.36632469897672	19.00213566028589	33.432255021422115	0.0
37.0	28.740368992085543	18.89839614235547	18.933120184496044	33.42811468106295	0.0
38.0	29.99108851204361	17.750897701360312	19.543024139648256	32.71498964694782	0.0
39.0	28.220468932255148	18.93487634500203	20.282171924352234	32.56248279839058	0.0
40.0	30.140640155189136	18.010590610008652	19.53102472016148	32.31774451464074	0.0
41.0	29.460803911416384	18.15125279363477	20.870499872197353	31.51744342275149	0.0
42.0	30.056109807417506	18.56408710129918	19.3552616054222	32.024541485861114	0.0
43.0	29.55440903637758	18.396606769416344	19.4973088849409	32.55167530926517	0.0
44.0	29.3613227214916	18.19069846722698	20.54558327979336	31.90239553148806	0.0
45.0	29.256874598408057	19.19838969826512	19.508517027498392	32.03621867582843	0.0
46.0	30.074423789383953	17.611225861447167	19.19346906658798	33.120881282580896	0.0
47.0	29.647189979670795	17.913961571250574	19.771788313987805	32.66706013509083	0.0
48.0	30.513365336691063	18.52259909236379	18.962645261142153	32.00139030980299	0.0
49.0	29.053074768990644	18.234163808424544	19.132624620449494	33.58013680213532	0.0
50.0	29.418207336188406	18.537877843871534	19.733467998452227	32.31044682148783	0.0
51.0	29.783563979799304	18.461992523119303	19.34019807175182	32.414245425329575	0.0
52.0	29.630795668457267	18.453001711890753	19.266969691007	32.649232928644984	0.0
53.0	30.736081229994227	18.06488429448497	19.66403421315002	31.535000262370783	0.0
54.0	30.412107376210347	17.883570810044873	19.596420792988532	32.10790102075625	0.0
55.0	29.048637443090126	17.692247136465618	18.988545862471625	34.27056955797263	0.0
56.0	28.94004802456338	18.4907690490874	20.24970148666203	32.31948143968719	0.0
57.0	28.690648803626846	17.904591947198185	19.325674620618162	34.07908462855681	0.0
58.0	29.17309118108273	17.99410803682149	19.223678080978406	33.60912270111737	0.0
59.0	29.636628479193732	17.585921814101805	20.572024723436087	32.20542498326838	0.0
60.0	29.58170663692136	18.22643614054657	19.63387027984646	32.55798694268561	0.0
61.0	30.26358094763158	17.65211514360142	19.169165556656452	32.91513835211055	0.0
62.0	28.881510741328853	17.97614204537998	19.987926667629033	33.15442054566213	0.0
63.0	29.239723870019425	17.911045199223054	19.686072759724922	33.163158171032606	0.0
64.0	28.500922115681217	18.4357505234073	19.6046387997401	33.458688561171385	0.0
65.0	29.870308869665664	17.592969375566085	20.481484884682533	32.05523687008572	0.0
66.0	30.117887993278547	17.86305038464568	20.49780765090451	31.521253971171266	0.0
67.0	29.075369891428497	17.63269485762298	19.495608564939413	33.79632668600911	0.0
68.0	29.506485663270666	17.85723663480727	20.054353534292616	32.58192416762945	0.0
69.0	29.796620406234	17.555768549032997	19.67884668408545	32.968764360647555	0.0
70.0	28.401772525849335	18.12440505498113	19.834564254062037	33.6392581651075	0.0
71.0	29.529487465693162	17.473178290501767	20.913710916468595	32.083623327336475	0.0
72.0	29.642981436610654	17.854211400692105	19.872741957725115	32.63006520497213	0.0
73.0	29.964605372891263	17.34862066021815	19.28449006126751	33.40228390562308	0.0
74.0	29.417752442996743	18.037459283387623	20.544157822843335	32.000630450772306	0.0
75.0	30.5010607065685	17.770611531817913	19.30748668369927	32.42084107791431	0.0
76.0	28.789869160842834	18.225526772108665	19.307971204876253	33.67663286217225	0.0
77.0	29.035839091936204	17.767151002391024	21.286029585643345	31.91098032002943	0.0
78.0	29.890954476778557	17.776390987321815	18.525257833541353	33.807396702358275	0.0
79.0	29.530629003120378	17.611430448349484	19.120381014944982	33.737559533585156	0.0
80.0	30.72885186450477	17.928941213570546	19.83286468872362	31.50934223320106	0.0
81.0	30.186261949344633	18.456686705430176	19.486219243783058	31.870832101442133	0.0
82.0	29.64907324060264	17.817039757682476	18.4215194780449	34.11236752366998	0.0
83.0	29.539391550036136	18.500558512385833	19.83967409159603	32.120375845982	0.0
84.0	30.690935374708417	17.874954824719914	18.947333837106154	32.48677596346552	0.0
85.0	29.785905793291978	17.109793922826203	18.746714330774893	34.35758595310693	0.0
86.0	30.562528750739304	17.367418019320496	19.973056450022998	32.0969967799172	0.0
87.0	29.629800014458368	18.625666235106237	19.73436031571822	32.010173434717174	0.0
88.0	29.559719492878877	17.732808423100433	18.93948854113951	33.76798354288118	0.0
89.0	29.860399085101346	18.416278886347502	19.778768041643662	31.944553986907486	0.0
90.0	30.173190048966447	18.304906503664267	19.36376482960334	32.15813861776595	0.0
91.0	29.906468341867082	18.183132751855187	19.63573264274587	32.274666263531856	0.0
92.0	28.95774721951989	18.33539294822917	20.33431493702837	32.372544895222575	0.0
93.0	30.153158482876485	18.276474068231117	19.375534082692432	32.19483336619996	0.0
94.0	29.780702331023782	17.44455108399837	19.694718712612243	33.080027872365605	0.0
95.0	30.336339968969416	18.059536645015385	20.374339285244695	31.22978410077051	0.0
96.0	29.858645627876395	18.789612097304406	19.129520052596977	32.22222222222222	0.0
97.0	29.730813739414025	18.32097206880227	19.405212771553312	32.5430014202304	0.0
98.0	28.594348989669843	18.032075434478134	20.907554626214004	32.46602094963802	0.0
99.0	29.358847898993883	18.458604589991452	19.28256723877162	32.89998027224305	0.0
100.0	29.61414367551195	18.403898070718377	19.439652334233227	32.542305919536446	0.0
101.0	29.607597441139617	18.448855767328364	20.48407307261096	31.45947371892106	0.0
102.0	29.77296897396772	17.887032743462207	19.274848238643493	33.06515004392657	0.0
103.0	29.035717122507876	17.38528952315391	19.733776377452408	33.84521697688581	0.0
104.0	30.28492220350449	17.984056029394207	19.24882940482033	32.48219236228097	0.0
105.0	30.403254215658254	18.211244857129564	19.101900286472006	32.283600640740175	0.0
106.0	29.064013160962027	17.89717665394529	19.678169187630296	33.36064099746239	0.0
107.0	29.583898174921703	17.81538194421257	20.216765611331112	32.38395426953461	0.0
108.0	28.93134368308351	18.644941113490365	20.342612419700217	32.08110278372591	0.0
109.0	28.411178608306177	18.01236405573212	20.119081144144506	33.4573761918172	0.0
110.0	29.377032001504688	17.64650562914797	20.999140177875702	31.97732219147164	0.0
111.0	28.843475159647124	18.66306885854827	19.83258079927864	32.660875182525956	0.0
112.0	28.865055075433794	17.739412978118132	19.038438203610575	34.3570937428375	0.0
113.0	30.329452128809166	17.445834233844824	20.3459314890858	31.87878214826021	0.0
114.0	30.046252090824748	18.222511156708585	18.76494050884072	32.96629624362595	0.0
115.0	29.55994053800884	17.204607625525213	20.117973676529484	33.11747815993647	0.0
116.0	30.197460637154173	17.674155927221264	20.491134003783188	31.63724943184138	0.0
117.0	30.05068247395958	18.146781355943766	19.58267109598292	32.21986507411374	0.0
118.0	29.377773826701226	17.839338589784795	19.794437644033835	32.98844993948015	0.0
119.0	30.42041918548066	17.994955518087483	19.543940453180902	32.04068484325095	0.0
120.0	29.450380421347543	18.23069739335842	19.523717966325158	32.795204218968884	0.0
121.0	29.460058357190043	17.271801365338032	19.62329332746091	33.64484695001101	0.0
122.0	29.678264767750612	17.79578606158833	20.052415600537948	32.47353357012311	0.0
123.0	28.621888587050435	18.49117640959708	19.349687908259543	33.53724709509294	0.0
124.0	29.01537885770918	18.082459508347828	19.040259479239584	33.86190215470341	0.0
125.0	28.80676449335779	18.079873269968317	20.014868545383806	33.09849369129009	0.0
126.0	29.283604135893647	18.06527131350854	19.65037206320894	33.000752487388866	0.0
127.0	29.895682674100936	17.508960949126962	18.72261932211206	33.87273705466004	0.0
128.0	29.078550907434657	17.535561628477332	20.89412094457291	32.4917665195151	0.0
129.0	30.147575544624033	17.990161630358397	18.74279690794097	33.1194659170766	0.0
130.0	30.234900510653283	17.649586194752597	19.388624757879906	32.72688853671421	0.0
131.0	30.03368858190139	18.081657732483	20.17289234485243	31.711761340763182	0.0
132.0	30.371492696879805	18.205761783051663	18.513746008595238	32.9089995114733	0.0
133.0	29.908359774839045	18.08882926240621	19.58375036379253	32.41906059896221	0.0
134.0	30.44208727842244	17.243539545810492	19.950879191286397	32.36349398448068	0.0
135.0	29.39730803303518	18.02360472094419	20.29120109736233	32.2878861486583	0.0
136.0	28.39492901626069	18.42710640036119	19.72136821963752	33.4565963637406	0.0
137.0	30.79373296806805	17.698109680249072	23.1519230354408	28.35623431624208	0.0
138.0	30.302702312660102	19.958870007576575	19.722192156438286	30.016235523325037	0.0
139.0	30.50641429160607	18.915105602465868	19.66904715390682	30.90943295202124	0.0
140.0	28.69086238052731	21.1563722395187	19.964729703250526	30.18803567670346	0.0
141.0	31.223395353236942	17.02115274068792	20.847128335358622	30.90832357071652	0.0
142.0	26.561188670845894	19.73844570778022	24.418545250206165	29.281820371167726	0.0
143.0	26.76376944190302	18.89112534309241	19.11509606587374	35.23000914913083	0.0
144.0	27.66187129607191	19.022126265852997	18.357530494297695	34.958471943777404	0.0
145.0	26.8823546760256	19.48049075412157	16.74064352493585	36.89651104491698	0.0
146.0	33.33382704712251	14.075286415711949	19.265946338248256	33.32494019891728	0.0
147.0	34.34447685289058	15.953182260115176	21.950489866128187	27.751851020866052	0.0
148.0	31.70865739079995	16.823257340426345	20.551667289976415	30.916417978797295	0.0
149.0	32.84237094935678	16.6422406774141	22.972642892037126	27.54274548119199	0.0
150.0	26.68942965308796	18.578310518769147	26.233482221144822	28.498777606998072	0.0
