# Position (bp)	A	C	G	T	N
0.0	72.47363502870111	13.082365505272994	6.607929515418502	7.836069950607396	0.0
1.0	7.1018555600053395	72.11320250967827	8.930716860232279	11.854225070084102	0.0
2.0	13.380281690140844	70.24980069093807	5.965984586765878	10.403933032155194	0.0
3.0	76.33739406779661	6.197033898305085	5.548199152542373	11.917372881355933	0.0
4.0	76.23775483187714	6.6322478157267675	4.977495366693143	12.152501985702939	0.0
5.0	10.423280423280424	70.1984126984127	10.264550264550266	9.113756613756614	0.0
6.0	8.566895822316235	72.65996827075621	5.222104706504495	13.551031200423056	0.0
7.0	74.71249173826834	9.107732980832782	5.419695968274951	10.760079312623926	0.0
8.0	78.12706379606394	7.132479196935676	6.313564918768987	8.42689208823141	0.0
9.0	8.379519662179995	67.99947215624175	8.801794668778042	14.81921351280021	0.0
10.0	10.851793248945148	5.603902953586498	5.946729957805907	77.59757383966245	0.0
11.0	11.165240289664252	5.753785385121791	5.9512837393021725	77.12969058591177	0.0
12.0	9.90138067061144	5.654174884944116	11.13740959894806	73.30703484549639	0.0
13.0	13.978494623655912	68.71230002622607	7.395751376868607	9.91345397324941	0.0
14.0	9.663920491696091	11.952399633843337	69.84438341833399	8.539296456126586	0.0
15.0	69.90897269180755	8.205461638491547	7.035110533159948	14.850455136540964	0.0
16.0	10.515383616772686	6.270284304816305	6.309230170063612	76.90510190834739	0.0
17.0	14.998057246470664	67.5301126797047	6.43699002719855	11.034840046626085	0.0
18.0	10.766045548654244	6.586438923395445	11.322463768115941	71.32505175983437	0.0
19.0	10.46782114241406	68.82915482036702	9.963814939260791	10.73920909795813	0.0
20.0	10.741457124435847	9.954867827208252	5.94455190199871	73.35912314635719	0.0
21.0	9.30950237880931	8.152243795808152	12.94843770091295	69.58981612446959	0.0
22.0	13.856427378964941	4.931295749325799	68.56298959804803	12.64928727366123	0.0
23.0	10.545221295702373	11.084028223220013	6.414368184733804	71.95638229634382	0.0
24.0	69.29093473522246	5.975125016027696	14.0146172586229	10.719322990126939	0.0
25.0	17.322229340166558	5.1249199231262015	66.82895579756565	10.723894939141577	0.0
26.0	72.08706786171575	7.797695262483995	8.975672215108835	11.139564660691422	0.0
27.0	9.732360097323602	11.742860801639134	5.429632475348956	73.09514662568832	0.0
28.0	10.768245838668374	67.28553137003841	5.019206145966709	16.927016645326503	0.0
29.0	12.05837173579109	5.248335893497184	6.1443932411674345	76.5488991295443	0.0
30.0	10.565648756603531	5.785336941115836	70.36464373147791	13.28437057080273	0.0
31.0	10.489690721649485	5.206185567010309	10.025773195876289	74.27835051546393	0.0
32.0	10.408585466770107	10.188776829583656	7.538143263511767	71.86449444013448	0.0
33.0	15.252040948555138	68.54995464558766	5.947907217830763	10.250097188026436	0.0
34.0	12.616701244813278	9.738070539419088	6.172199170124482	71.47302904564316	0.0
35.0	8.627858627858629	68.24324324324324	5.613305613305614	17.515592515592516	0.0
36.0	10.338541666666666	7.3046875	10.8203125	71.53645833333333	0.0
37.0	76.45135983263597	6.210774058577406	7.1260460251046025	10.211820083682008	0.0
38.0	73.81232822928936	6.569820704096323	5.339615233608167	14.27823583300615	0.0
39.0	72.69271106449922	10.605663345568956	4.260618772941793	12.441006816990036	0.0
40.0	8.647012371676757	74.11160831797842	7.844169518294287	9.397209792050539	0.0
41.0	8.554376657824934	6.5782493368700266	69.6684350132626	15.198938992042441	0.0
42.0	72.41699867197875	7.463479415670651	5.763612217795485	14.355909694555113	0.0
43.0	77.61651131824235	6.178428761651132	7.070572569906791	9.134487350199734	0.0
44.0	11.884219315335374	72.68299471193988	4.773170052880602	10.659615919844141	0.0
45.0	16.484740476720873	10.403207841390065	8.643350412118513	64.46870126977055	0.0
46.0	27.269245499808502	14.017617770968977	16.23898889314439	42.47414783607813	0.0
47.0	34.82628714943491	15.36207618250314	17.78987023859355	32.02176642946839	0.0
48.0	24.336842105263155	21.47368421052632	21.431578947368422	32.757894736842104	0.0
49.0	25.735617039964865	18.00614844093105	22.529644268774703	33.72859025032938	0.0
50.0	30.884293884733832	20.809502859656842	16.58600967883854	31.72019357677079	0.0
51.0	27.016306743058614	18.289995592772147	15.513442044953724	39.180255619215515	0.0
52.0	31.46760687527545	18.73071837814015	17.144116350815334	32.65755839576906	0.0
53.0	30.030959752321984	17.3374613003096	25.210084033613445	27.421494913754973	0.0
54.0	27.280779450841454	26.350752878653676	17.139061116031886	29.229406554472988	0.0
55.0	36.94013303769401	16.62971175166297	16.807095343680707	29.623059866962304	0.0
56.0	30.58771148708816	18.8780053428317	18.29919857524488	32.235084594835264	0.0
57.0	35.3125	16.383928571428573	18.705357142857142	29.598214285714285	0.0
58.0	27.504472271914132	18.6046511627907	22.31663685152057	31.5742397137746	0.0
59.0	31.69203222918532	17.86034019695613	21.351835273052817	29.09579230080573	0.0
60.0	30.541871921182267	16.748768472906402	21.40618002686968	31.303179579041647	0.0
61.0	25.145674585387717	17.21201255042582	23.263110712684895	34.37920215150157	0.0
62.0	30.554303740423617	18.882379450202794	20.865254619197838	29.698062190175754	0.0
63.0	30.883678990081155	23.264201983769162	19.206492335437332	26.645626690712355	0.0
64.0	28.02346570397112	16.60649819494585	20.98375451263538	34.38628158844765	0.0
65.0	27.978339350180505	16.922382671480143	25.180505415162457	29.918772563176894	0.0
66.0	27.77777777777778	16.260162601626014	19.51219512195122	36.449864498644985	0.0
67.0	31.075319753671245	17.100900047370914	18.995736617716723	32.82804358124112	0.0
68.0	26.128266033254157	20.332541567695962	22.232779097387173	31.306413301662705	0.0
69.0	25.451950523311133	19.55280685061846	21.64605137963844	33.34919124643197	0.0
70.0	27.03474535935269	19.99048072346502	20.752022846263685	32.22275107091861	0.0
71.0	28.999999999999996	20.238095238095237	20.238095238095237	30.523809523809526	0.0
72.0	29.313632030505243	19.20877025738799	19.494756911344137	31.98284080076263	0.0
73.0	30.391221374045802	16.650763358778626	19.65648854961832	33.30152671755725	0.0
74.0	27.60765550239234	15.83732057416268	24.258373205741627	32.29665071770335	0.0
75.0	27.818093855829705	19.15820029027576	23.076923076923077	29.94678277697146	0.0
76.0	26.308139534883722	19.912790697674417	21.802325581395348	31.976744186046513	0.0
77.0	30.761766132945173	20.426977195536146	18.631732168850075	30.17952450266861	0.0
78.0	27.65647743813683	22.270742358078603	17.321688500727802	32.751091703056765	0.0
79.0	30.896686159844055	17.884990253411306	20.906432748538013	30.31189083820663	0.0
80.0	29.22552362396493	18.55820750121773	19.581100828056503	32.63516804676084	0.0
81.0	27.06399609184172	17.635564240351734	19.54079140205178	35.75964826575476	0.0
82.0	33.708414872798436	14.9706457925636	22.06457925636008	29.256360078277886	0.0
83.0	27.437530622244	16.805487506124447	24.448799608035277	31.308182263596272	0.0
84.0	24.542305789213263	20.385947550717468	21.128154379020287	33.943592281048986	0.0
85.0	34.2814371257485	19.01197604790419	17.315369261477045	29.39121756487026	0.0
86.0	30.147432638535843	21.45399084900864	19.97966446365023	28.41891204880529	0.0
87.0	30.925737538148525	20.040691759918616	20.295015259409972	28.73855544252289	0.0
88.0	35.303107488537954	18.135506877228732	17.82985226693836	28.731533367294958	0.0
89.0	31.039755351681958	16.106014271151885	18.04281345565749	34.811416921508666	0.0
90.0	29.088130412633724	17.62608252674478	20.835455934793686	32.450331125827816	0.0
91.0	28.12022414671421	22.516556291390728	16.658176260825268	32.70504330106979	0.0
92.0	27.879714576962282	19.06218144750255	17.48216106014271	35.57594291539245	0.0
93.0	30.07246376811594	17.96066252587992	20.755693581780537	31.211180124223603	0.0
94.0	29.6411856474259	17.212688507540303	20.80083203328133	32.34529381175247	0.0
95.0	30.416666666666664	17.291666666666668	20.416666666666668	31.874999999999996	0.0
96.0	28.4375	17.03125	20.260416666666668	34.270833333333336	0.0
97.0	30.29197080291971	16.944734098018767	18.561001042752867	34.20229405630866	0.0
98.0	29.064296915838995	20.386826973340302	18.03450078410873	32.51437532671197	0.0
99.0	29.639309984317823	19.602718243596446	17.877679038159958	32.88029273392577	0.0
100.0	31.3581541688516	14.787624541164131	18.720503408495016	35.133717881489254	0.0
101.0	29.936974789915965	19.380252100840337	20.010504201680675	30.672268907563026	0.0
102.0	30.890880337374803	17.079599367422247	19.662625197680548	32.3668950975224	0.0
103.0	26.888536714210247	17.379820390913896	20.126782884310618	35.60486001056524	0.0
104.0	27.936507936507937	19.894179894179896	21.58730158730159	30.582010582010582	0.0
105.0	27.509293680297397	20.1805629314923	18.693574083908658	33.61656930430165	0.0
106.0	32.745726495726494	17.574786324786324	18.002136752136753	31.677350427350426	0.0
107.0	31.925133689839573	19.25133689839572	19.25133689839572	29.572192513368982	0.0
108.0	34.67309753483387	17.792068595927116	16.505894962486604	31.028938906752412	0.0
109.0	30.793991416309012	18.88412017167382	19.84978540772532	30.472103004291846	0.0
110.0	26.437399247716282	19.666845781837722	20.47286405158517	33.42289091886082	0.0
111.0	29.70350404312668	17.951482479784367	18.921832884097036	33.42318059299191	0.0
112.0	25.71428571428571	20.32345013477089	20.646900269541778	33.315363881401616	0.0
113.0	29.1036717062635	20.248380129589634	20.086393088552914	30.561555075593954	0.0
114.0	28.339643050297457	20.822065981611683	18.496484586262845	32.341806381828015	0.0
115.0	26.485013623978205	20.217983651226156	19.182561307901906	34.11444141689373	0.0
116.0	26.76133260513381	19.33369743309667	19.71600218459858	34.188967777170944	0.0
117.0	30.01095290251917	19.49616648411829	19.27710843373494	31.2157721796276	0.0
118.0	27.462850853054487	18.05173362685746	20.803522289488168	33.68189323059989	0.0
119.0	24.022038567493112	20.550964187327825	26.391184573002757	29.03581267217631	0.0
120.0	27.19249862107005	21.897407611693325	21.290678433535575	29.61941533370105	0.0
121.0	30.33149171270718	19.723756906077348	17.845303867403313	32.09944751381216	0.0
122.0	32.92615213770127	17.71238200999445	20.377568017767906	28.98389783453637	0.0
123.0	33.66722314969394	17.640511964385087	18.697829716193656	29.994435169727325	0.0
124.0	28.013392857142854	20.647321428571427	20.424107142857142	30.91517857142857	0.0
125.0	28.212290502793298	19.776536312849164	19.329608938547484	32.68156424581006	0.0
126.0	30.201342281879196	18.008948545861298	19.686800894854585	32.10290827740492	0.0
127.0	29.20403587443946	19.61883408071749	21.244394618834082	29.932735426008968	0.0
128.0	32.563380281690144	17.295774647887324	19.605633802816904	30.535211267605632	0.0
129.0	32.316384180790955	19.039548022598872	16.497175141242938	32.14689265536723	0.0
130.0	30.782312925170068	19.5578231292517	16.383219954648524	33.276643990929706	0.0
131.0	30.36529680365297	20.26255707762557	19.17808219178082	30.19406392694064	0.0
132.0	29.063756461803564	18.897185525560023	20.50545663411832	31.533601378518096	0.0
133.0	30.05181347150259	19.919401266551525	20.610247553252734	29.418537708693147	0.0
134.0	27.75533756491633	19.619157530294288	20.542412002308136	32.08309290248125	0.0
135.0	26.32794457274827	17.956120092378754	21.478060046189377	34.2378752886836	0.0
136.0	26.504629629629626	18.40277777777778	22.04861111111111	33.04398148148148	0.0
137.0	27.700348432055748	17.18931475029036	20.441347270615566	34.66898954703833	0.0
138.0	27.20373613543491	17.86339754816112	20.548744892002336	34.384121424401634	0.0
139.0	29.218106995884774	17.930629041740154	20.282186948853614	32.56907701352146	0.0
140.0	27.92207792207792	18.299881936245573	19.71664698937426	34.061393152302244	0.0
141.0	31.183431952662723	16.50887573964497	20.118343195266274	32.18934911242604	0.0
142.0	32.403560830860535	14.00593471810089	19.46587537091988	34.124629080118694	0.0
143.0	32.375822860562536	18.791143028126868	18.91083183722322	29.922202274087372	0.0
144.0	32.012012012012015	18.31831831831832	17.177177177177178	32.492492492492495	0.0
145.0	31.28390596745027	18.625678119349008	19.40928270042194	30.681133212778782	0.0
146.0	29.746070133010882	18.742442563482467	18.56106408706167	32.95042321644498	0.0
147.0	28.058429701765064	19.293974437005478	18.56360316494218	34.08399269628728	0.0
148.0	26.422018348623855	19.63302752293578	20.0	33.94495412844037	0.0
149.0	31.349693251533743	19.754601226993866	16.993865030674847	31.901840490797547	0.0
150.0	28.799999999999997	20.184615384615384	19.56923076923077	31.446153846153845	0.0
151.0	28.412600370599133	18.900555898702905	20.56825200741198	32.11859172328598	0.0
152.0	28.022318660880348	18.970861748295103	16.98698078115313	36.01983880967142	0.0
153.0	29.657320872274145	17.258566978193144	20.0	33.084112149532714	0.0
154.0	32.89555972482802	14.821763602251407	21.138211382113823	31.144465290806757	0.0
155.0	31.80677540777917	20.82810539523212	17.25219573400251	30.112923462986195	0.0
156.0	29.760403530895335	15.825977301387137	19.861286254728878	34.552332912988646	0.0
157.0	30.33565547815073	17.099430018999367	20.83597213426219	31.728942368587713	0.0
158.0	28.6984126984127	21.904761904761905	17.46031746031746	31.936507936507937	0.0
159.0	33.44010249839846	15.823190262652146	19.60281870595772	31.133888532991673	0.0
160.0	26.735218508997427	19.344473007712082	22.36503856041131	31.555269922879177	0.0
161.0	28.405422853453842	20.335700451904454	21.239509360877985	30.019367333763718	0.0
162.0	29.423201555411538	17.43357096565133	20.933246921581336	32.2099805573558	0.0
163.0	29.277813923227065	16.26545217957059	18.217306441119064	36.23942745608328	0.0
164.0	29.496402877697843	15.958142576847612	23.41399607586658	31.131458469587965	0.0
165.0	31.25	18.61842105263158	21.710526315789476	28.421052631578945	0.0
166.0	27.597617471872933	19.72203838517538	21.111846459298476	31.568497683653206	0.0
167.0	28.33443928334439	20.83609820836098	22.69409422694094	28.135368281353685	0.0
168.0	28.390957446808514	18.617021276595743	19.414893617021274	33.577127659574465	0.0
169.0	26.084056037358238	17.07805203468979	22.01467645096731	34.82321547698466	0.0
170.0	30.681818181818183	16.443850267379677	19.919786096256683	32.95454545454545	0.0
171.0	29.577464788732392	17.16968477531858	19.114688128772634	34.13816230717639	0.0
172.0	29.03225806451613	21.16935483870968	17.943548387096776	31.85483870967742	0.0
173.0	29.18918918918919	18.04054054054054	20.2027027027027	32.567567567567565	0.0
174.0	29.7554347826087	19.36141304347826	18.817934782608695	32.065217391304344	0.0
175.0	28.64976010966415	18.98560657984921	20.630568882796435	31.7340644276902	0.0
176.0	30.620689655172413	18.620689655172416	18.0	32.758620689655174	0.0
177.0	27.877947295423024	23.370319001386964	18.932038834951456	29.819694868238557	0.0
178.0	28.391608391608393	19.93006993006993	21.11888111888112	30.55944055944056	0.0
179.0	25.915492957746476	18.87323943661972	23.239436619718308	31.971830985915496	0.0
180.0	28.885734563520227	16.536550745209368	20.723917672107877	33.85379701916253	0.0
181.0	29.0414878397711	19.170243204577968	19.38483547925608	32.40343347639485	0.0
182.0	31.510791366906478	19.280575539568346	20.79136690647482	28.41726618705036	0.0
183.0	30.217391304347824	22.318840579710145	20.0	27.463768115942027	0.0
184.0	30.707512764405543	20.86068563092633	19.40189642596645	29.029905178701675	0.0
185.0	27.146001467351432	20.763022743947175	23.330887747615552	28.76008804108584	0.0
186.0	29.00369003690037	17.343173431734318	20.81180811808118	32.84132841328413	0.0
187.0	30.729166666666668	20.535714285714285	18.229166666666664	30.505952380952383	0.0
188.0	29.693343305908755	18.997756170531037	21.465968586387437	29.84293193717277	0.0
189.0	31.348907309721174	20.120572720422008	18.613413715146947	29.917106254709875	0.0
190.0	30.447987851176915	16.704631738800305	20.72892938496583	32.11845102505695	0.0
191.0	28.516819571865444	17.813455657492355	18.577981651376145	35.091743119266056	0.0
192.0	28.868360277136258	21.78598922247883	22.093918398768285	27.25173210161663	0.0
193.0	29.86708365910868	19.311962470680218	20.71931196247068	30.101641907740422	0.0
194.0	28.79622344610543	21.08575924468922	22.34461054287962	27.773406766325724	0.0
195.0	29.183187946074547	20.77716098334655	19.666931007137194	30.37272006344171	0.0
196.0	27.68	21.12	20.32	30.880000000000003	0.0
197.0	29.3398533007335	20.78239608801956	19.396903015484924	30.48084759576202	0.0
198.0	29.184188393608075	22.455845248107654	19.51219512195122	28.847771236333053	0.0
199.0	28.255093002657215	23.82639503985828	19.486271036315323	28.43224092116918	0.0
200.0	29.34443288241415	17.377731529656607	19.35483870967742	33.92299687825182	0.0
201.0	30.520393811533054	19.268635724331926	18.9873417721519	31.223628691983123	0.0
202.0	36.633663366336634	17.397454031117398	19.094766619519092	26.874115983026876	0.0
203.0	33.76251788268956	17.739628040057227	17.310443490701	31.187410586552218	0.0
204.0	32.70622286541244	16.78726483357453	24.312590448625183	26.19392185238784	0.0
205.0	31.625183016105417	19.91215226939971	23.133235724743777	25.329428989751097	0.0
206.0	30.205278592375368	19.35483870967742	19.06158357771261	31.378299120234605	0.0
207.0	25.591715976331358	23.37278106508876	17.899408284023668	33.13609467455622	0.0
208.0	25.18628912071535	16.542473919523097	21.311475409836063	36.95976154992549	0.0
209.0	23.042168674698797	20.933734939759034	21.536144578313255	34.48795180722892	0.0
210.0	25.757575757575758	19.696969696969695	20.151515151515152	34.39393939393939	0.0
211.0	29.98477929984779	18.2648401826484	19.93911719939117	31.81126331811263	0.0
212.0	28.177641653905056	16.079632465543643	23.27718223583461	32.465543644716696	0.0
213.0	26.113671274961597	19.35483870967742	22.119815668202765	32.41167434715822	0.0
214.0	29.629629629629626	24.074074074074073	18.3641975308642	27.9320987654321	0.0
215.0	25.811437403400312	24.57496136012365	17.465224111282843	32.1483771251932	0.0
216.0	30.265210608424336	19.81279251170047	15.756630265210608	34.16536661466459	0.0
217.0	26.825396825396826	18.253968253968253	21.746031746031747	33.17460317460317	0.0
218.0	24.350649350649352	19.642857142857142	19.480519480519483	36.52597402597403	0.0
219.0	21.3768115942029	23.369565217391305	24.094202898550723	31.15942028985507	0.0
220.0	0.0	31.62393162393162	24.786324786324787	43.58974358974359	0.0
