# Position (bp)	A	C	G	T	N
0.0	43.9952186752918	11.854872732386443	18.984671635494305	25.165236956827453	0.0
1.0	17.422165999016094	42.8842504743833	20.36685641998735	19.326727106613255	0.0
2.0	24.232870954182427	36.97632058287796	14.859184531315679	23.931623931623932	0.0
3.0	43.70499825235932	15.52603984620762	17.860887801468017	22.90807409996505	0.0
4.0	43.54782365681548	13.435338503458393	18.912876406064417	24.103961433661706	0.0
5.0	22.278056951423785	37.290619765494135	17.08542713567839	23.345896147403685	0.0
6.0	21.8601730393525	39.84789282723975	15.182807703042142	23.109126430365613	0.0
7.0	47.607421875	14.773995535714285	16.462053571428573	21.156529017857142	0.0
8.0	45.19592804350857	18.254078929019663	15.667270952447357	20.882722075024404	0.0
9.0	23.515886287625417	37.81354515050167	15.238294314381271	23.432274247491637	0.0
10.0	21.228583368157125	13.177322746900682	16.193063100710408	49.401030784231786	0.0
11.0	20.434298440979955	17.72689309576837	14.04510022271715	47.79370824053452	0.0
12.0	20.05561348627042	15.557872784150156	15.307612095933266	49.07890163364616	0.0
13.0	21.17320374869837	36.466504685872955	16.056924678930926	26.30336688649774	0.0
14.0	21.38251404007488	15.232614573944394	40.68501698675726	22.69985439922346	0.0
15.0	40.428917329643724	17.4195780006918	19.27360774818402	22.877896921480456	0.0
16.0	19.347705914870094	17.01216141514649	16.452459922609176	47.187672747374236	0.0
17.0	22.41319803962173	35.231586940015184	17.339683854490232	25.01553116587285	0.0
18.0	18.347358256311217	15.381431921644365	21.340874603393573	44.930335218650846	0.0
19.0	23.332414553472987	37.92034178610805	14.73263506063947	24.014608599779493	0.0
20.0	24.12820689180824	16.170300570878325	15.241763532567576	44.45972900474586	0.0
21.0	21.411893970608435	17.834088724076363	17.34651833539349	43.40749896992172	0.0
22.0	21.536247773057422	13.334246950801699	37.145402220090446	27.98410305605043	0.0
23.0	21.34739148295221	17.205258113104204	16.910858551280295	44.53649185266329	0.0
24.0	43.0366778225531	13.564647223550304	15.27218086196298	28.126494091933612	0.0
25.0	24.438834686497916	14.98260216961179	35.205021491437535	25.37354165245275	0.0
26.0	46.87925865358408	14.690651403652222	15.419732897247208	23.01035704551649	0.0
27.0	20.068027210884352	20.034013605442176	12.625850340136054	47.27210884353742	0.0
28.0	22.46298057329167	36.523570167096864	11.526966444776525	29.48648281483494	0.0
29.0	26.044209384323295	11.642256577163005	14.490100352590183	47.82343368592352	0.0
30.0	22.863379032808133	16.38360275561012	34.89530045699475	25.857717754587	0.0
31.0	23.238855255916345	12.919647771051181	14.20610897083104	49.63538800220143	0.0
32.0	21.735807101660757	12.890000694878745	17.073170731707318	48.30102147175318	0.0
33.0	26.3465054141471	36.267754183659115	14.118970608915765	23.26676979327802	0.0
34.0	25.902590967011186	15.347586011609799	14.54056349992921	44.20925952144981	0.0
35.0	21.41533637400228	37.06527936145952	16.954104903078676	24.56527936145952	0.0
36.0	24.692153493699887	15.177548682703321	13.967640320733105	46.16265750286369	0.0
37.0	42.2680412371134	15.21880181673996	18.62158460096604	23.89157234518059	0.0
38.0	44.240666908300106	17.209133744110186	14.425516491482421	24.124682856107285	0.0
39.0	45.33022985161478	16.787896421297642	11.550771021239454	26.331102705848124	0.0
40.0	21.466695912846383	37.76412956057615	16.22431819843533	24.544856328142135	0.0
41.0	22.94266191325015	12.990196078431374	41.57754010695187	22.48960190136661	0.0
42.0	48.408785298072615	13.43194382190348	14.866278201105631	23.292992678918274	0.0
43.0	49.33012193286166	14.59430979978925	13.698630136986301	22.376938130362788	0.0
44.0	23.360718089152595	38.38429940666362	14.696485623003195	23.558496881180588	0.0
45.0	31.470208448625712	16.297731045932483	15.725880833794504	36.506179671647295	0.0
46.0	25.442071697748574	16.030534351145036	23.625471060005797	34.90192289110059	0.0
47.0	30.137401495251563	20.792079207920793	18.640129319054356	30.430389977773288	0.0
48.0	26.93246541903987	18.55166802278275	19.294141578519124	35.22172497965826	0.0
49.0	26.46758028226631	20.423399468193903	21.077930047044386	32.0310902024954	0.0
50.0	25.949562532166752	25.877509006690687	18.908903757076686	29.26402470406588	0.0
51.0	28.977860542106352	17.86674943099524	17.46327332919512	35.69211669770329	0.0
52.0	28.824994810047748	16.763545775378866	20.60411044218393	33.807348972389455	0.0
53.0	31.312919463087248	17.66988255033557	24.664429530201343	26.35276845637584	0.0
54.0	30.689289501590665	22.873806998939557	16.62778366914104	29.80911983032874	0.0
55.0	31.598632186364604	18.39068176960889	20.111134857875616	29.899551186150887	0.0
56.0	27.390041939993548	19.464458543929457	19.70104312291644	33.44445639316056	0.0
57.0	30.651132404181187	18.107578397212542	19.370644599303137	31.870644599303137	0.0
58.0	29.41434525115157	20.66242597060759	19.313445931125248	30.609782847115596	0.0
59.0	24.96141124586549	24.509371554575523	19.272326350606395	31.25689084895259	0.0
60.0	26.34146341463415	18.8470066518847	19.878048780487806	34.93348115299335	0.0
61.0	30.25097601784718	16.83212493028444	23.513664249860568	29.40323480200781	0.0
62.0	29.942741663859884	19.714831031772764	22.072527225777478	28.26990007858987	0.0
63.0	33.23170731707317	18.39430894308943	18.29268292682927	30.081300813008134	0.0
64.0	29.40174821205585	20.342831195368376	21.409921671018274	28.8454989215575	0.0
65.0	29.265226831219287	19.209233230487943	20.260541652382585	31.264998285910185	0.0
66.0	27.782253423869257	17.286223961330418	21.717113591897803	33.21440902290252	0.0
67.0	29.102667744543247	16.722485275435965	19.748238826654347	34.42660815336644	0.0
68.0	25.629664179104477	19.55457089552239	20.638992537313435	34.1767723880597	0.0
69.0	27.01841359773371	20.821529745042493	21.765816808309726	30.39423984891407	0.0
70.0	29.536817102137768	21.57957244655582	18.313539192399052	30.57007125890736	0.0
71.0	28.542413381123062	20.31063321385902	20.3584229390681	30.78853046594982	0.0
72.0	27.16804605973372	19.37147655031786	19.203550437807365	34.25692695214106	0.0
73.0	28.14240736255752	19.33882295955437	20.416565754419956	32.10220392346815	0.0
74.0	29.837141468157512	17.318911035488576	22.8852698104035	29.958677685950413	0.0
75.0	29.202348911181797	20.296060680205528	22.596036212380717	27.905554196231957	0.0
76.0	28.517016832534708	20.801081213908343	17.790883400909202	32.89101855264774	0.0
77.0	29.877973622581045	17.946505608283005	19.86934549488475	32.3061752742512	0.0
78.0	29.20583869371598	18.96338446313706	20.58386937159822	31.24690747154874	0.0
79.0	26.53315088941411	21.607165070282374	18.907824356263216	32.9518596840403	0.0
80.0	29.29394091136705	19.028542814221332	20.505758637956937	31.171757636454682	0.0
81.0	27.14159180058206	18.42338352524358	18.70175882576237	35.733265848411996	0.0
82.0	31.469242501270973	17.806304016268427	21.237925775292325	29.486527707168275	0.0
83.0	29.358500191302127	19.270501211580154	20.06121668154572	31.309781915571993	0.0
84.0	29.83602357161158	18.716372021521906	19.08788111708942	32.359723289777094	0.0
85.0	33.686112545172946	17.307692307692307	19.579246257098607	29.426948890036137	0.0
86.0	29.309895833333332	18.411458333333332	22.552083333333332	29.726562499999996	0.0
87.0	29.468725464538082	17.927244176917036	21.813661345197595	30.79036901334729	0.0
88.0	33.09229555613989	18.143570865106497	17.104917170654748	31.659216408098867	0.0
89.0	29.770084566596193	18.73678646934461	18.195031712473572	33.298097251585624	0.0
90.0	30.248306997742663	17.819678661532336	19.293586509095736	32.638427831629265	0.0
91.0	29.697292972396323	20.256034137885052	17.028937191625552	33.017735698093084	0.0
92.0	30.51643192488263	17.411133467471494	18.739101274312542	33.33333333333333	0.0
93.0	31.68862597472439	18.338262973917722	20.13982253293896	29.833288518418932	0.0
94.0	29.319654427645787	16.860151187904968	19.559935205183585	34.26025917926566	0.0
95.0	30.887926367081754	17.690850027070926	20.34380075798592	31.077422847861396	0.0
96.0	27.917402526830593	16.750441516098356	20.45917674229045	34.8729792147806	0.0
97.0	29.730098146128682	18.5659760087241	19.697382769901854	32.00654307524536	0.0
98.0	29.878132274407776	22.292208681363824	18.184307818704642	29.645351225523758	0.0
99.0	30.963207937164118	19.429516329061595	19.222819346837536	30.384456386936755	0.0
100.0	32.76148312119535	15.398450470392916	18.89872717210847	32.941339236303264	0.0
101.0	32.36607142857143	19.266183035714285	19.587053571428573	28.780691964285715	0.0
102.0	29.8919904614953	15.219525880207602	22.303268340580725	32.58521531771637	0.0
103.0	28.031584884376766	19.035532994923855	21.277495769881558	31.65538635081782	0.0
104.0	27.547544706216293	19.358501277320467	20.905478285552086	32.18847573091115	0.0
105.0	30.71764873733771	19.46069339420745	19.0612070195463	30.760450848908544	0.0
106.0	28.919461163657207	18.300372599598738	20.406993407853253	32.3731728288908	0.0
107.0	30.07345527869797	21.28762782658793	19.271208411349562	29.36770848336454	0.0
108.0	33.86465729604405	18.620489784089262	15.389074047239532	32.12577887262715	0.0
109.0	29.230993300320417	18.831925429653364	20.24468394989805	31.69239732012817	0.0
110.0	25.67032967032967	20.659340659340657	19.589743589743588	34.08058608058608	0.0
111.0	30.079622530227073	18.873488646416988	18.637570038336772	32.40931878501917	0.0
112.0	25.895235276709084	18.141461970997337	21.81118674163954	34.15211601065404	0.0
113.0	29.218657159833633	19.875222816399287	18.196672608437314	32.70944741532977	0.0
114.0	30.487259722843092	16.569810758456267	21.29339889733274	31.649530621367905	0.0
115.0	28.123132098027497	19.202032277346085	20.15839808726838	32.51643753735804	0.0
116.0	29.104813315339634	19.86804618383566	18.338581496476234	32.68855900434848	0.0
117.0	30.38432554634514	18.92991710625471	18.236623963828183	32.44913338357197	0.0
118.0	27.79291553133515	15.37995761429004	23.342415985467756	33.48471086890705	0.0
119.0	22.81981160741416	23.427529626253417	27.240960194469764	26.511698571862656	0.0
120.0	26.703246456332874	21.368693796677334	21.50586800792562	30.422191739064168	0.0
121.0	30.88483361447631	19.076828707253487	18.064714000920105	31.973623677350098	0.0
122.0	28.131258665845017	18.702819288245262	22.58511785549222	30.5808041904175	0.0
123.0	32.04214440656957	18.515649209792375	17.725441586612952	31.7167647970251	0.0
124.0	30.291231895343408	18.034574053885688	20.6042672480922	31.06992680267871	0.0
125.0	29.225957779515245	19.014855355746676	20.46911649726349	31.290070367474588	0.0
126.0	30.894819466248038	17.72370486656201	19.167974882260598	32.21350078492936	0.0
127.0	26.012289270521507	21.096581061919018	24.168898692295574	28.7222309752639	0.0
128.0	30.38315389487017	19.26852438252058	20.06016466117796	30.288157061431285	0.0
129.0	31.080650302837103	20.306024864520243	17.35734778450749	31.255977048135158	0.0
130.0	29.52396217342523	19.794838916493028	18.127905112998878	32.553293797082866	0.0
131.0	30.098181232898764	19.314340898116853	19.684532431997425	30.90294543698696	0.0
132.0	29.431762991743565	18.666019103124494	21.240084183260482	30.66213372187146	0.0
133.0	30.204944697462587	20.104098893949253	20.006506180871828	29.68445022771633	0.0
134.0	26.326998689384013	21.00262123197903	19.872214941022282	32.798165137614674	0.0
135.0	25.045312242544078	17.515241390673918	19.67375185368265	37.765694513099355	0.0
136.0	24.370444002650764	19.681908548707753	21.421471172962224	34.52617627567926	0.0
137.0	26.762206298950176	16.813864355940677	20.846525579070153	35.577403766039	0.0
138.0	30.299983241159712	18.7699011228423	19.825708061002178	31.10440757499581	0.0
139.0	27.36611653755473	18.356348939036714	21.000336813742003	33.27719770966656	0.0
140.0	27.600813283632668	18.19722128092172	20.26431718061674	33.93764825482887	0.0
141.0	28.37883959044369	18.771331058020476	19.948805460750854	32.901023890784984	0.0
142.0	30.762624527653728	15.115080728272071	18.979732050841637	35.14256269323256	0.0
143.0	32.226258432797096	19.63328143919737	18.9586576716831	29.181802456322437	0.0
144.0	27.659944367176635	18.445757997218358	19.15855354659249	34.73574408901251	0.0
145.0	28.461403815858567	19.53439523892876	18.396639243829863	33.60756170138281	0.0
146.0	30.985915492957744	20.176056338028168	18.503521126760564	30.334507042253524	0.0
147.0	29.691926345609065	18.289660056657222	17.54603399433428	34.47237960339943	0.0
148.0	24.67023172905526	22.92335115864528	20.481283422459892	31.925133689839573	0.0
149.0	29.353680430879713	18.74326750448833	18.779174147217233	33.123877917414724	0.0
150.0	27.433948606587045	19.055374592833875	18.241042345276874	35.26963445530221	0.0
151.0	29.09455274184733	19.803242849335035	19.67571506649663	31.426489342321005	0.0
152.0	28.668378576669113	20.139398385913427	17.883345561261923	33.308877476155544	0.0
153.0	30.830258302583026	19.70479704797048	18.948339483394832	30.516605166051658	0.0
154.0	32.75060442626	15.305932676213502	20.159940487260556	31.783522410265945	0.0
155.0	28.774555659494855	21.440598690364826	17.474275023386344	32.31057062675398	0.0
156.0	32.830473316990386	15.406373750707147	18.10296058834622	33.660192343956254	0.0
157.0	27.676537585421414	18.166287015945333	22.494305239179955	31.662870159453306	0.0
158.0	27.892720306513407	23.486590038314176	16.896551724137932	31.724137931034484	0.0
159.0	35.52936630602782	12.867078825347757	19.416537867078826	32.18701700154559	0.0
160.0	26.425374586495426	19.809301420509826	23.54543685541934	30.2198871375754	0.0
161.0	28.232293505983915	18.658034137728073	22.856582303315676	30.253090052972336	0.0
162.0	29.157624778062736	18.090353126849475	19.09646873150523	33.65555336358256	0.0
163.0	28.767123287671232	17.311891999205876	18.542783402819136	35.37820131030375	0.0
164.0	28.81389776357827	16.034345047923324	22.963258785942493	32.18849840255591	0.0
165.0	30.744466800804833	16.116700201207244	21.62977867203219	31.50905432595573	0.0
166.0	26.62074554294976	22.042139384116695	21.06969205834684	30.267423014586708	0.0
167.0	26.731866340668297	19.356153219233903	23.6960065199674	30.215973920130402	0.0
168.0	28.57142857142857	19.396551724137932	17.95977011494253	34.072249589490966	0.0
169.0	27.52577319587629	17.77319587628866	20.804123711340207	33.896907216494846	0.0
170.0	29.65502909393184	17.622610141313384	17.70573566084788	35.016625103906904	0.0
171.0	30.071099958176497	18.92513592639063	16.4366373902133	34.56712672521957	0.0
172.0	31.5645399031375	20.425352705832807	16.403453358601812	31.606654032427876	0.0
173.0	27.796610169491526	17.11864406779661	19.745762711864405	35.33898305084745	0.0
174.0	30.26034997865984	19.078104993597954	18.01109688433632	32.65044814340589	0.0
175.0	26.675257731958762	19.072164948453608	23.04553264604811	31.20704467353952	0.0
176.0	26.58721560130011	20.780065005417118	19.349945828819067	33.28277356446371	0.0
177.0	28.80874316939891	21.57377049180328	19.650273224043715	29.9672131147541	0.0
178.0	28.43633164723994	19.41939740488234	21.02485155047284	31.119419397404886	0.0
179.0	24.90022172949002	18.625277161862527	26.940133037694014	29.534368070953438	0.0
180.0	30.460026797677536	15.453327378293883	20.031263957123716	34.05538186690487	0.0
181.0	28.950325915936165	20.161834120026974	19.757248819959543	31.130591144077318	0.0
182.0	33.30312641594925	18.939737199818758	18.849116447666518	28.90801993656547	0.0
183.0	26.399635867091487	21.506599908966773	22.12107419208011	29.97269003186163	0.0
184.0	27.768860353130016	20.31644118321486	19.26163723916533	32.6530612244898	0.0
185.0	26.734505087881594	23.519888991674375	22.687326549491214	27.05827937095282	0.0
186.0	31.936314680402717	16.506672910325452	21.774760009365487	29.782252399906344	0.0
187.0	32.216190700967665	19.82534812367241	17.11116355912202	30.847297616237906	0.0
188.0	25.9656652360515	20.624701955174057	21.34000953743443	32.06962327134001	0.0
189.0	29.800048181161166	18.501565887737893	19.103830402312695	32.59455552878824	0.0
190.0	30.99756690997567	16.885644768856448	19.97566909975669	32.14111922141119	0.0
191.0	25.839091806515302	22.211253701875616	20.58242843040474	31.367226061204345	0.0
192.0	32.56103637269557	19.855505729945193	19.282511210762333	28.300946686596912	0.0
193.0	27.001013171225935	18.465045592705167	23.32826747720365	31.20567375886525	0.0
194.0	28.338013786060763	20.57697217258106	23.078886903242278	28.006127138115904	0.0
195.0	26.444788441692467	20.278637770897834	22.265221878224974	31.011351909184725	0.0
196.0	29.979035639413	17.636268343815516	19.70649895178197	32.67819706498952	0.0
197.0	26.164492946499866	19.5102475379292	24.141602342294384	30.18365717327655	0.0
198.0	26.248294679399724	24.256480218281038	18.63574351978172	30.85948158253752	0.0
199.0	29.083094555873924	22.349570200573066	19.541547277936964	29.025787965616047	0.0
200.0	27.59295499021526	14.481409001956946	22.765818656229612	35.15981735159817	0.0
201.0	30.715835140997832	17.2234273318872	17.787418655097614	34.273318872017356	0.0
202.0	37.980769230769226	15.078671328671328	18.793706293706293	28.146853146853147	0.0
203.0	30.23767605633803	16.593309859154928	21.786971830985916	31.382042253521124	0.0
204.0	31.01153504880213	17.613132209405503	24.711623779946763	26.663708961845607	0.0
205.0	35.11210762331839	17.26457399103139	24.12556053811659	23.49775784753363	0.0
206.0	25.755525484889493	23.09427153811457	24.40234551195309	26.747857465042852	0.0
207.0	27.97266514806378	23.006833712984054	15.216400911161731	33.804100227790435	0.0
208.0	31.330868761552683	16.358595194085026	21.580406654343808	30.730129390018483	0.0
209.0	25.422138836772984	21.435272045028142	20.215759849906192	32.926829268292686	0.0
210.0	25.925925925925924	17.37891737891738	18.091168091168093	38.603988603988604	0.0
211.0	29.394812680115272	17.146974063400577	19.6926032660903	33.765609990393855	0.0
212.0	28.59230394544569	17.730150998538726	25.328787140769606	28.348757915245983	0.0
213.0	28.10810810810811	19.754299754299755	16.756756756756758	35.38083538083538	0.0
214.0	30.727091633466134	24.153386454183266	18.97410358565737	26.145418326693225	0.0
215.0	28.851963746223564	23.26283987915408	17.170191339375627	30.71500503524673	0.0
216.0	30.394669400307535	16.45310097385956	17.734495130702204	35.4177344951307	0.0
217.0	26.504751847940867	16.737064413938754	28.247096092925027	28.511087645195353	0.0
218.0	25.08269018743109	20.61742006615215	19.514884233737597	34.78500551267916	0.0
219.0	19.323076923076922	20.861538461538462	23.138461538461538	36.67692307692308	0.0
220.0	0.09643201542912247	31.72613307618129	23.915139826422372	44.26229508196721	0.0
