# Position (bp)	A	C	G	T	N
0.0	49.07488986784141	11.894273127753303	17.885462555066077	21.145374449339208	0.0
1.0	17.22466960352423	46.21145374449339	19.779735682819382	16.784140969162994	0.0
2.0	22.44367417677643	43.67417677642981	13.648180242634314	20.233968804159446	0.0
3.0	47.99827808867843	16.013775290572536	14.421007318123117	21.566939302625915	0.0
4.0	49.871134020618555	14.003436426116838	13.745704467353953	22.379725085910653	0.0
5.0	21.836121836121837	41.35564135564135	13.299013299013298	23.50922350922351	0.0
6.0	22.26027397260274	40.75342465753425	13.912671232876711	23.0736301369863	0.0
7.0	49.35842600513259	15.055603079555175	15.483319076133448	20.102651839178783	0.0
8.0	49.89339019189765	15.863539445629	14.968017057569297	19.275053304904052	0.0
9.0	21.985513421389008	41.88325521942906	14.103110353642947	22.028121005538985	0.0
10.0	21.465076660988075	11.96763202725724	14.267461669505963	52.29982964224872	0.0
11.0	19.685374149659864	14.370748299319727	14.923469387755103	51.02040816326531	0.0
12.0	20.8244793880153	12.367190820229494	15.29961750956226	51.508712282192946	0.0
13.0	21.689303904923598	41.553480475382	14.813242784380307	21.943972835314092	0.0
14.0	19.923857868020303	13.790186125211507	44.62774957698816	21.658206429780034	0.0
15.0	44.52861952861953	14.856902356902356	15.698653198653197	24.915824915824917	0.0
16.0	19.109617807643847	14.489710205795884	15.749685006299874	50.65098698026039	0.0
17.0	22.413070800167574	39.63133640552996	14.830330959363216	23.125261834939252	0.0
18.0	21.553884711779446	14.703425229741018	14.995822890559731	48.7468671679198	0.0
19.0	21.735502711722987	42.88694201084689	15.76971214017522	19.607843137254903	0.0
20.0	19.983347210657783	16.11157368859284	15.40383014154871	48.501248959200666	0.0
21.0	21.08533554266777	15.161557580778789	15.534382767191385	48.21872410936206	0.0
22.0	20.256304257957833	12.732534105002067	42.455560148821824	24.555601488218272	0.0
23.0	21.735537190082642	14.669421487603307	15.0	48.595041322314046	0.0
24.0	48.08247422680412	12.824742268041236	14.804123711340205	24.288659793814432	0.0
25.0	22.25886232481451	12.530915086562242	39.44765045342127	25.762572135201978	0.0
26.0	48.99052327976926	13.102595797280594	13.267408323032551	24.639472599917596	0.0
27.0	19.73629995879687	16.440049443757726	11.413267408323033	52.41038318912238	0.0
28.0	19.761218608480856	41.29271305063813	12.968299711815561	25.977768629065455	0.0
29.0	21.64609053497942	11.604938271604938	12.633744855967077	54.11522633744856	0.0
30.0	21.072164948453608	12.412371134020619	39.4639175257732	27.05154639175258	0.0
31.0	23.46137959520859	11.81330028913672	13.300289136720364	51.42503097893433	0.0
32.0	21.561338289962826	12.969847170590665	13.713341594382486	51.75547294506402	0.0
33.0	20.73523337463858	42.04874019000413	13.052457662123091	24.1635687732342	0.0
34.0	23.492981007431872	11.519405450041289	15.400495458298927	49.58711808422791	0.0
35.0	21.579164944191813	40.34725093013642	14.716825134353037	23.356758991318728	0.0
36.0	20.553033429632688	13.371853074700784	13.784564589352044	52.290548906314484	0.0
37.0	46.69694467382329	16.01981833195706	14.327002477291495	22.95623451692816	0.0
38.0	48.88705688375927	15.539983511953833	11.788953009068425	23.784006595218464	0.0
39.0	49.917559769167354	14.303380049464137	11.046990931574609	24.732069249793902	0.0
40.0	21.122112211221122	40.38778877887788	14.76897689768977	23.72112211221122	0.0
41.0	20.17434620174346	12.49481112494811	43.33748443337485	23.99335823993358	0.0
42.0	49.41812136325852	13.923524522028263	14.588528678304238	22.069825436408976	0.0
43.0	49.41520467836257	14.578111946532998	14.160401002506266	21.84628237259816	0.0
44.0	24.150943396226417	40.461215932914044	12.075471698113208	23.31236897274633	0.0
45.0	28.49846782431052	14.81103166496425	16.24106230847804	40.44943820224719	0.0
46.0	31.567080045095828	16.290868094701242	19.10935738444194	33.03269447576099	0.0
47.0	30.290929834569308	17.455790074158585	19.452367370222476	32.80091272104963	0.0
48.0	28.832951945080094	19.221967963386728	17.90617848970252	34.03890160183066	0.0
49.0	28.465063001145474	22.22222222222222	17.468499427262312	31.844215349369986	0.0
50.0	26.93409742120344	21.83381088825215	17.879656160458453	33.35243553008596	0.0
51.0	29.776247848537007	19.162363740676994	15.89213998852553	35.169248422260466	0.0
52.0	27.627800114876504	18.150488225157954	20.333141872487076	33.88856978747846	0.0
53.0	32.259919493962045	19.60897067280046	20.18401380103508	27.947096032202417	0.0
54.0	29.435483870967744	23.847926267281107	17.3963133640553	29.32027649769585	0.0
55.0	31.949250288350633	17.070357554786618	19.55017301038062	31.430219146482123	0.0
56.0	27.09416522241479	18.25534373194685	21.548238012709415	33.10225303292894	0.0
57.0	30.387059503177355	17.96649335644136	18.370883882149048	33.27556325823224	0.0
58.0	29.826589595375726	19.47976878612717	19.653179190751445	31.040462427745663	0.0
59.0	26.85614849187935	20.069605568445475	23.08584686774942	29.988399071925752	0.0
60.0	28.944315545243622	18.155452436194896	20.82366589327146	32.07656612529002	0.0
61.0	28.704241719930273	18.477629285299244	21.90586868099942	30.91226031377106	0.0
62.0	27.225130890052355	20.36067481093659	22.280395578824898	30.133798720186157	0.0
63.0	33.352769679300295	17.259475218658892	19.7667638483965	29.620991253644313	0.0
64.0	29.813302217036174	19.778296382730456	21.003500583430572	29.404900816802797	0.0
65.0	29.778554778554778	18.706293706293707	21.91142191142191	29.603729603729604	0.0
66.0	28.964306612053832	17.02750146284377	22.469280280866002	31.538911644236396	0.0
67.0	28.353837141183362	17.106033977738722	21.382542472173405	33.15758640890451	0.0
68.0	25.644028103044498	19.086651053864166	19.437939110070257	35.831381733021075	0.0
69.0	26.744868035190617	19.296187683284458	21.759530791788855	32.199413489736074	0.0
70.0	27.406103286384976	22.007042253521128	19.65962441314554	30.927230046948356	0.0
71.0	28.839390386869873	20.22274325908558	20.046893317702228	30.890973036342324	0.0
72.0	27.347417840375588	19.131455399061036	20.187793427230048	33.33333333333333	0.0
73.0	27.454438565549676	18.930041152263374	21.987066431510875	31.628453850676074	0.0
74.0	29.37720329024677	17.038777908343125	21.974148061104586	31.609870740305524	0.0
75.0	28.823529411764703	18.823529411764707	22.764705882352942	29.58823529411765	0.0
76.0	27.326266195524145	21.554770318021202	19.140164899882215	31.978798586572438	0.0
77.0	29.574970484061392	20.188902007083826	18.83116883116883	31.40495867768595	0.0
78.0	30.18867924528302	20.931603773584907	18.808962264150946	30.070754716981128	0.0
79.0	30.814639905548997	20.66115702479339	18.181818181818183	30.342384887839437	0.0
80.0	31.301775147928996	18.16568047337278	20.828402366863905	29.704142011834318	0.0
81.0	27.10059171597633	19.349112426035504	17.159763313609467	36.3905325443787	0.0
82.0	31.83431952662722	18.284023668639055	20.118343195266274	29.763313609467456	0.0
83.0	29.530600118835416	18.954248366013072	21.865715983363042	29.64943553178847	0.0
84.0	27.926322043969105	19.37017231134878	20.558526440879383	32.144979203802734	0.0
85.0	32.323232323232325	16.45870469399881	21.509209744503863	29.708853238265004	0.0
86.0	30.178571428571427	18.392857142857146	21.904761904761905	29.523809523809526	0.0
87.0	32.10244192972007	19.892793329362714	20.428826682549136	27.575938058368077	0.0
88.0	33.77010125074449	18.40381179273377	17.33174508636093	30.494341870160813	0.0
89.0	29.43980929678188	16.924910607866508	16.98450536352801	36.650774731823596	0.0
90.0	30.94812164579606	16.398330351818725	19.200954084675015	33.452593917710196	0.0
91.0	30.590339892665476	19.916517590936195	17.2927847346452	32.200357781753134	0.0
92.0	30.429594272076372	18.914081145584728	17.482100238663485	33.17422434367542	0.0
93.0	33.59281437125748	16.94610778443114	18.622754491017965	30.83832335329341	0.0
94.0	31.257485029940117	16.526946107784433	19.760479041916167	32.455089820359284	0.0
95.0	30.653869226154768	17.336532693461308	20.935812837432515	31.073785242951406	0.0
96.0	27.954409118176365	18.29634073185363	19.43611277744451	34.313137372525496	0.0
97.0	30.713857228554286	17.516496700659868	18.29634073185363	33.473305338932214	0.0
98.0	30.006013229104028	21.58749248346362	18.15995189416717	30.246542393265187	0.0
99.0	32.110643415514126	18.220084185207455	18.5207456404089	31.14852675886951	0.0
100.0	30.96385542168675	14.156626506024098	19.03614457831325	35.8433734939759	0.0
101.0	32.64936632468316	17.320458660229328	19.070609535304765	30.959565479782743	0.0
102.0	31.219806763285025	15.03623188405797	20.893719806763286	32.850241545893724	0.0
103.0	26.90909090909091	16.78787878787879	20.363636363636363	35.93939393939394	0.0
104.0	29.283110571081412	17.861482381530987	20.1093560145808	32.746051032806804	0.0
105.0	28.623629719853838	18.696711327649208	19.914738124238735	32.76492082825822	0.0
106.0	32.94691885295912	16.900549115314217	19.097010372178158	31.055521659548507	0.0
107.0	31.33414932680538	19.277845777233782	19.767441860465116	29.620563035495717	0.0
108.0	32.04182041820418	17.343173431734318	16.482164821648215	34.132841328413285	0.0
109.0	28.219346888478125	21.19531731361676	20.640788662969808	29.944547134935306	0.0
110.0	26.28007402837754	20.049352251696483	20.296113510178902	33.37446020974707	0.0
111.0	31.621287128712872	16.76980198019802	18.873762376237625	32.73514851485149	0.0
112.0	26.426799007444167	20.22332506203474	19.913151364764268	33.436724565756826	0.0
113.0	30.467289719626166	18.81619937694704	17.445482866043612	33.271028037383175	0.0
114.0	30.31815346225827	18.2158452900811	18.83967560823456	32.62632563942607	0.0
115.0	27.21598002496879	19.038701622971285	17.915106117353307	35.830212234706615	0.0
116.0	28.830519074421513	19.887429643527206	17.94871794871795	33.33333333333333	0.0
117.0	29.74326862867877	18.409517845961176	18.847839699436445	32.999373825923605	0.0
118.0	28.123038292529817	16.509730069052104	20.652856246076585	34.714375392341495	0.0
119.0	22.655758338577723	21.271239773442417	27.942101950912523	28.130899937067337	0.0
120.0	25.914249684741485	22.44640605296343	22.06809583858764	29.57124842370744	0.0
121.0	29.103535353535353	18.876262626262626	18.623737373737374	33.39646464646464	0.0
122.0	29.93670886075949	17.911392405063292	22.658227848101266	29.49367088607595	0.0
123.0	33.121827411167516	18.591370558375633	17.449238578680205	30.83756345177665	0.0
124.0	30.38779402415766	18.30896376350922	21.487603305785125	29.815638906548	0.0
125.0	28.52584556477345	18.6981493299298	20.29355456285897	32.48245054243778	0.0
126.0	30.966090850927703	17.914267434420985	19.001919385796544	32.11772232885476	0.0
127.0	28.608082103912764	18.98652982681206	20.782552918537526	31.622835150737654	0.0
128.0	30.689877498388135	16.118633139909736	20.56737588652482	32.62411347517731	0.0
129.0	27.806451612903228	19.35483870967742	18.129032258064516	34.70967741935484	0.0
130.0	31.67098445595855	18.65284974093264	16.126943005181346	33.54922279792746	0.0
131.0	29.980532121998703	20.57105775470474	19.662556781310837	29.785853341985725	0.0
132.0	30.6640625	19.010416666666664	19.270833333333336	31.0546875	0.0
133.0	28.515625	22.265625	19.401041666666664	29.817708333333332	0.0
134.0	26.2434554973822	20.353403141361255	20.026178010471206	33.37696335078534	0.0
135.0	27.01639344262295	17.573770491803277	20.13114754098361	35.278688524590166	0.0
136.0	23.486842105263158	17.434210526315788	21.973684210526315	37.10526315789473	0.0
137.0	27.770448548812666	16.75461741424802	21.108179419525065	34.366754617414244	0.0
138.0	27.49504296100463	17.316589557171184	19.629874421678785	35.55849306014541	0.0
139.0	28.363154406891983	18.422796554009278	18.621603711066932	34.59244532803181	0.0
140.0	29.659318637274552	17.30126920507682	20.307281229124914	32.73213092852371	0.0
141.0	32.15003348961822	17.615539182853315	18.754186202277296	31.480241125251172	0.0
142.0	32.52850435949027	15.694164989939638	18.10865191146881	33.668678739101274	0.0
143.0	33.738191632928476	18.016194331983808	19.568151147098515	28.6774628879892	0.0
144.0	30.60257278266757	18.280297901150984	17.467840216655382	33.649289099526065	0.0
145.0	29.850746268656714	18.385345997286294	19.470827679782904	32.29308005427408	0.0
146.0	28.843537414965986	19.79591836734694	18.231292517006803	33.12925170068027	0.0
147.0	30.559345156889496	19.167803547066846	16.84856753069577	33.42428376534789	0.0
148.0	26.438356164383563	21.095890410958905	19.041095890410958	33.42465753424658	0.0
149.0	29.848693259972492	19.944979367262725	17.67537826685007	32.53094910591472	0.0
150.0	28.19626814098134	19.90324809951624	17.829993089149966	34.070490670352456	0.0
151.0	28.42323651452282	19.432918395574	20.055325034578146	32.088520055325034	0.0
152.0	28.144544822793605	20.152883947185547	16.81723419041001	34.88533703961084	0.0
153.0	30.286113049546405	18.911374738311235	17.864619678995115	32.93789253314724	0.0
154.0	31.818181818181817	16.083916083916083	18.74125874125874	33.35664335664335	0.0
155.0	30.94736842105263	20.912280701754383	16.63157894736842	31.508771929824565	0.0
156.0	30.959097320169253	16.00846262341326	19.1114245416079	33.92101551480959	0.0
157.0	32.64872521246459	17.422096317280452	20.467422096317282	29.461756373937675	0.0
158.0	30.1994301994302	21.794871794871796	17.02279202279202	30.982905982905983	0.0
159.0	33.85826771653544	15.461703650680029	18.32498210450966	32.35504652827487	0.0
160.0	27.16845878136201	17.77777777777778	22.22222222222222	32.831541218637994	0.0
161.0	25.39568345323741	18.77697841726619	23.81294964028777	32.014388489208635	0.0
162.0	30.07246376811594	19.782608695652172	19.202898550724637	30.942028985507246	0.0
163.0	30.23255813953488	17.296511627906977	17.87790697674419	34.593023255813954	0.0
164.0	29.591836734693878	16.18075801749271	23.396501457725947	30.830903790087465	0.0
165.0	30.336257309941523	18.128654970760234	20.687134502923975	30.84795321637427	0.0
166.0	26.173020527859236	20.747800586510266	20.674486803519063	32.40469208211144	0.0
167.0	26.86346863468635	20.14760147601476	23.321033210332104	29.667896678966788	0.0
168.0	26.997041420118347	18.639053254437872	19.230769230769234	35.133136094674555	0.0
169.0	26.968796433878158	17.97919762258544	19.093610698365527	35.95839524517088	0.0
170.0	29.94772218073189	17.027632561613142	18.222554144884242	34.802091112770725	0.0
171.0	30.059970014992505	17.541229385307346	17.616191904047977	34.78260869565217	0.0
172.0	29.61567445365486	19.89449886963075	15.975885455915598	34.51394122079879	0.0
173.0	30.401819560272937	18.347232752084913	18.498862774829416	32.752084912812734	0.0
174.0	29.80988593155893	20.076045627376427	18.250950570342205	31.863117870722434	0.0
175.0	28.342245989304814	18.563789152024444	20.24446142093201	32.84950343773873	0.0
176.0	27.405696689761356	19.091608929946112	20.246343341031565	33.25635103926097	0.0
177.0	28.979907264296756	20.942812982998454	18.39258114374034	31.68469860896445	0.0
178.0	26.454615981380915	22.110162916989914	20.09309542280838	31.342125678820793	0.0
179.0	25.194401244167963	19.12908242612753	23.17262830482115	32.50388802488336	0.0
180.0	28.90625	15.156249999999998	21.875	34.0625	0.0
181.0	26.38997650743931	20.125293657008612	20.986687548942832	32.49804228660924	0.0
182.0	32.38770685579196	18.67612293144208	19.858156028368796	29.078014184397162	0.0
183.0	30.286168521462635	21.860095389507155	19.793322734499206	28.060413354531	0.0
184.0	30.240000000000002	19.759999999999998	19.52	30.48	0.0
185.0	26.586345381526105	21.44578313253012	23.293172690763054	28.674698795180724	0.0
186.0	29.653505237711524	17.96937953263497	21.434327155519743	30.942788074133766	0.0
187.0	30.39611964430073	21.827000808407437	17.865804365400162	29.911075181891672	0.0
188.0	28.733766233766232	22.07792207792208	20.616883116883116	28.57142857142857	0.0
189.0	30.41700735895339	18.806214227309894	18.887980376124286	31.888798037612425	0.0
190.0	30.800990916597854	18.249380677126343	18.74483897605285	32.20478943022296	0.0
191.0	27.105921601334444	19.599666388657212	21.100917431192663	32.19349457881568	0.0
192.0	30.840336134453782	20.33613445378151	19.327731092436977	29.495798319327733	0.0
193.0	31.148936170212764	17.78723404255319	20.0	31.06382978723404	0.0
194.0	30.55793991416309	20.858369098712444	22.06008583690987	26.523605150214593	0.0
195.0	28.8695652173913	19.565217391304348	20.0	31.565217391304344	0.0
196.0	29.7273526824978	18.557607739665787	19.17326297273527	32.54177660510114	0.0
197.0	28.699551569506728	21.614349775784753	21.345291479820627	28.340807174887892	0.0
198.0	27.281191806331474	22.160148975791433	21.508379888268156	29.05027932960894	0.0
199.0	28.248031496062993	22.244094488188974	18.799212598425196	30.708661417322837	0.0
200.0	27.27272727272727	16.317016317016318	20.97902097902098	35.43123543123543	0.0
201.0	32.16	17.28	17.44	33.12	0.0
202.0	35.69131832797427	18.006430868167204	18.327974276527332	27.974276527331188	0.0
203.0	33.387096774193544	16.7741935483871	21.29032258064516	28.548387096774192	0.0
204.0	33.81877022653722	17.313915857605178	23.624595469255663	25.24271844660194	0.0
205.0	34.36482084690554	15.960912052117262	24.9185667752443	24.7557003257329	0.0
206.0	29.605263157894733	20.230263157894736	19.24342105263158	30.92105263157895	0.0
207.0	26.910299003322258	22.259136212624583	17.275747508305646	33.5548172757475	0.0
208.0	26.633165829145728	17.922948073701843	21.105527638190953	34.33835845896148	0.0
209.0	23.77740303541315	18.381112984822934	21.585160202360875	36.25632377740304	0.0
210.0	27.11864406779661	16.779661016949152	20.33898305084746	35.76271186440678	0.0
211.0	29.642248722316864	18.56899488926746	21.976149914821125	29.81260647359455	0.0
212.0	30.240549828178693	16.323024054982817	24.22680412371134	29.20962199312715	0.0
213.0	27.430555555555557	20.3125	19.444444444444446	32.8125	0.0
214.0	29.929577464788732	23.943661971830984	18.661971830985916	27.464788732394368	0.0
215.0	27.61061946902655	22.654867256637168	19.29203539823009	30.442477876106196	0.0
216.0	31.071428571428573	18.928571428571427	19.107142857142854	30.892857142857146	0.0
217.0	27.51798561151079	17.26618705035971	22.841726618705035	32.37410071942446	0.0
218.0	24.358974358974358	17.399267399267398	21.062271062271062	37.17948717948718	0.0
219.0	20.98765432098765	23.25102880658436	24.279835390946502	31.48148148148148	0.0
220.0	0.0	30.81967213114754	27.21311475409836	41.967213114754095	0.0
