# Position (bp)	A	C	G	T	N
0.0	26.14598687993529	23.925898585136583	23.91969083025441	26.008423704673717	0.0
1.0	26.626642068928625	20.691086303270193	15.495716985594981	37.186554642206204	0.0
2.0	29.068965720249857	19.770363772917154	17.547659357230504	33.613011149602485	0.0
3.0	23.398477137726577	22.614023799810106	15.007666779787684	38.97983228267564	0.0
4.0	34.19152581446369	13.232728100025003	14.818701569662926	37.757044515848385	0.0
5.0	35.00869083331456	14.914741058899605	23.477120191753173	26.599447916032666	0.0
6.0	31.42927276242676	17.35126138016258	21.03366762779828	30.18579822961238	0.0
7.0	35.108114696907286	17.27488083929487	20.09869112368335	27.518313340114496	0.0
8.0	22.57790630227729	26.95289894667821	22.8993838109569	27.569810940087596	0.0
9.0	27.309750582143128	18.65157998268282	15.55203981270543	38.48662962246862	0.0
10.0	26.688265507704468	16.6666778751986	24.945198685239202	31.69985793185773	0.0
11.0	27.971855376312448	18.719554124599647	19.15229872979312	34.15629176929479	0.0
12.0	26.14694385366141	20.08125625225922	20.551358894390408	33.22044099968896	0.0
13.0	26.336861218759722	20.98245584538951	18.975075027110634	33.705607908740134	0.0
14.0	30.370184184201015	18.574964062644487	20.226686954109468	30.828164799045034	0.0
15.0	29.574669838681206	18.656808762830266	20.122783863076574	31.645737535411953	0.0
16.0	29.477475054011116	18.089982094370235	18.5731987188648	33.859344132753854	0.0
17.0	30.203451667409233	17.933841640256563	19.838361760972454	32.02434493136175	0.0
18.0	31.58216834654539	17.849945778726767	19.0911001454307	31.47678572929714	0.0
19.0	30.041241793253025	18.57215632539489	19.988701799810016	31.39790008154207	0.0
20.0	29.648175391107713	17.78121506090436	20.22039896769421	32.35021058029372	0.0
21.0	29.045419773531613	18.62530157956236	20.02802693410224	32.30125171280378	0.0
22.0	29.874828719621377	18.702119253175518	22.88593357263549	28.53711845456762	0.0
23.0	29.508763670906298	20.249350605681045	21.207680086081528	29.034205637331134	0.0
24.0	33.217902267205794	19.345998974419327	17.630942273258405	29.80515648511647	0.0
25.0	29.440301957850316	20.924956076565483	19.480181914473295	30.154560051110906	0.0
26.0	31.70749094210513	16.509259648444395	22.540413762956362	29.242835646494107	0.0
27.0	26.024260867372245	21.1101490454534	25.057575426414587	27.808014660759774	0.0
28.0	26.81797624351657	19.746530258833022	18.860310868633203	34.575182629017206	0.0
29.0	28.11969030826265	20.265373202081424	17.18434392259388	34.43059256706205	0.0
30.0	26.64025013281821	19.023121654067605	15.882598473289644	38.45402973982454	0.0
31.0	34.39088541072212	14.444807986425513	18.399164022532837	32.76514258031953	0.0
32.0	34.326766949541984	15.435631397458547	22.72937239804064	27.508229254958827	0.0
33.0	31.139780388716147	17.369230984288407	21.15236298628133	30.338625640714117	0.0
34.0	32.96217763749626	16.598133282324863	21.937355035612818	28.502334044566062	0.0
35.0	26.558496625674334	20.482548762034618	25.44726146332425	27.5116931489668	0.0
