# Position (bp)	A	C	G	T	N
0.0	34.89129019658898	17.797161827886992	21.950266892331726	25.361281083192296	0.0
1.0	24.059367269886735	26.793386277828407	23.317276396302564	25.829970055982294	0.0
2.0	30.00648088139987	22.255346727154894	17.511341542449774	30.226830848995462	0.0
3.0	31.69943093636834	19.684428349715468	19.69736161407139	28.918779099844798	0.0
4.0	32.7039958618906	18.259407733091944	17.16022242338032	31.87637398163714	0.0
5.0	28.545572074983838	21.137685843568196	17.81512605042017	32.501616031027794	0.0
6.0	29.48701382607572	23.039152345264245	19.434035405091095	28.039798423568936	0.0
7.0	33.99199276766111	19.59188944853416	18.119591889448532	28.296525894356193	0.0
8.0	32.76084710743802	18.517561983471072	18.272210743801654	30.44938016528926	0.0
9.0	28.562209602478063	21.515229736706246	18.559628291171915	31.36293236964378	0.0
10.0	28.34107327141383	15.699174406604746	19.96904024767802	35.9907120743034	0.0
11.0	27.381719737011736	18.022431352326933	18.976408405311332	35.619440505350006	0.0
12.0	26.620280891637677	17.16273676072671	20.396856075248035	35.82012627238758	0.0
13.0	28.657908294693456	21.535291087068522	20.685213807315815	29.121586810922206	0.0
14.0	27.179091026136216	17.664477919402604	24.681344148319813	30.475086906141367	0.0
15.0	28.929765886287623	19.539490609724723	20.890146642655	30.640596861332646	0.0
16.0	25.160709694008744	19.940858832604782	19.915145281563383	34.98328619182309	0.0
17.0	28.398869185299407	19.853508095605243	19.956309432022618	31.791313287072732	0.0
18.0	26.12045717221009	19.956337485552844	19.827918325414153	34.09528701682291	0.0
19.0	27.73141609962768	23.815637437411734	18.872769290024394	29.58017717293619	0.0
20.0	27.437147255002564	18.817342226782966	19.497178040020525	34.248332478193944	0.0
21.0	26.977817668931912	18.322861905372484	20.75907167585588	33.940248749839725	0.0
22.0	28.913963328631876	17.835619951275806	23.1311706629055	30.11924605718682	0.0
23.0	26.170021797666365	18.681882292601614	19.81023208103603	35.33786382869599	0.0
24.0	33.03846153846154	16.205128205128204	19.48717948717949	31.26923076923077	0.0
25.0	29.569341194565496	17.533965649833377	20.943347859523197	31.953345296077927	0.0
26.0	33.10689566777749	16.67521148423481	17.36734170725455	32.850551140733145	0.0
27.0	28.002050493399977	17.86492374727669	16.57054978854287	37.56247597078047	0.0
28.0	26.93046484825202	21.001408631066717	16.519400691509798	35.54872582917147	0.0
29.0	29.280778090606603	15.85615561812132	17.0079344765805	37.855131814691575	0.0
30.0	27.742101207295143	18.16080143847932	20.5753917287439	33.52170562548164	0.0
31.0	31.24759090325068	14.78864191185918	18.19349865090582	35.77026853398432	0.0
32.0	28.211716341212746	18.062692702980474	17.934224049331963	35.79136690647482	0.0
33.0	28.975446715516135	22.09795603548014	16.814500578480523	32.11209667052321	0.0
34.0	29.132947976878615	17.263969171483623	19.524727039177904	34.07835581245986	0.0
35.0	26.62295924926083	21.84085358015169	17.90718601362643	33.629001156961046	0.0
36.0	28.891175713918187	15.616156418832002	18.75482377154618	36.73784409570363	0.0
37.0	34.080082399897	18.53997682502897	18.295352130809835	29.08458864426419	0.0
38.0	31.607418856259663	19.706336939721794	16.653786707882535	32.03245749613601	0.0
39.0	34.33835845896148	17.961602886226004	16.570029635356267	31.130009019456256	0.0
40.0	27.232890836448	21.330068307771622	20.079907204536667	31.357133651243718	0.0
41.0	27.763429752066116	15.47004132231405	25.60692148760331	31.15960743801653	0.0
42.0	34.30232558139535	17.02842377260982	19.302325581395348	29.36692506459948	0.0
43.0	34.149184149184144	18.66096866096866	17.715617715617714	29.474229474229475	0.0
44.0	30.32978447156583	21.734614385873797	16.39833809400156	31.537263048558817	0.0
45.0	32.129430719656284	16.35338345864662	18.595596133190117	32.921589688506984	0.0
46.0	30.41125541125541	17.464826839826838	19.169372294372295	32.95454545454545	0.0
47.0	30.96432930964329	16.91306116913061	19.28658619286586	32.836023328360234	0.0
48.0	28.8135593220339	18.047457627118643	17.410169491525423	35.728813559322035	0.0
49.0	29.445273294452733	18.09304218093042	18.866133188661333	33.59555133595551	0.0
50.0	28.2089552238806	20.352781546811396	18.53459972862958	32.90366350067843	0.0
51.0	29.786945311439815	18.957796173157824	18.645677839598317	32.60958067580405	0.0
52.0	28.07707965802687	18.211426245080744	20.260550956710542	33.45094314018184	0.0
53.0	30.531033546108922	19.272035854950428	19.435012902349584	30.761917696591063	0.0
54.0	27.91235710397387	23.08111050626021	18.494828524768643	30.51170386499728	0.0
55.0	29.452614379084967	18.395969498910674	18.80446623093682	33.34694989106754	0.0
56.0	27.417597384908742	18.74148733315173	19.84472895668755	33.996186325251976	0.0
57.0	30.15397193078076	18.02697915247309	19.37593677612754	32.44311214061861	0.0
58.0	30.96114519427403	18.336741649625086	18.173142467620995	32.528970688479895	0.0
59.0	28.06491204145643	19.159961816446202	20.850947770353198	31.924178371744173	0.0
60.0	28.797382056176712	18.08017452958822	20.39814562312517	32.7242977911099	0.0
61.0	29.93178717598909	17.653478854024556	20.136425648021827	32.27830832196453	0.0
62.0	28.53438864628821	19.00927947598253	21.206331877729255	31.25	0.0
63.0	31.30802839978154	18.118514472965593	19.38831239759694	31.185144729655928	0.0
64.0	28.780221281245733	18.09862040704822	22.00519054773938	31.115967763966673	0.0
65.0	30.159814233028275	18.22155443245458	19.819696762737333	31.798934571779814	0.0
66.0	29.178625119584527	17.247505808391416	21.34754680880142	32.226322263222634	0.0
67.0	28.817498291182503	19.275461380724536	19.166097060833902	32.74094326725906	0.0
68.0	26.001914922719187	19.10819313363425	20.74955546436876	34.1403364792778	0.0
69.0	27.103570939937065	20.399507456560407	20.851005609522506	31.645915993980022	0.0
70.0	28.151087997810322	19.611331599835776	19.433420008211304	32.8041603941426	0.0
71.0	29.464896674421787	18.557547557136992	19.13233885315451	32.84521691528671	0.0
72.0	28.743498494388177	19.148644949356694	20.95537914043252	31.15247741582261	0.0
73.0	29.320734045466995	17.515749109832925	20.884689126266775	32.278827718433305	0.0
74.0	28.972602739726028	17.671232876712327	22.424657534246574	30.931506849315067	0.0
75.0	28.31894780106864	18.317577750376763	22.78394300589122	30.579531442663377	0.0
76.0	29.68899849294424	18.701191944101932	19.235511713933416	32.37429784902041	0.0
77.0	27.52808988764045	19.306659358728417	18.648944916415456	34.516305837215675	0.0
78.0	28.90228861175826	19.364122242017267	19.199671097711388	32.53391804851309	0.0
79.0	29.66415352981494	20.12337217272104	17.340644276901987	32.87183002056203	0.0
80.0	29.52955698806748	17.418735427239064	20.12069674941709	32.93101083527637	0.0
81.0	26.807518178076556	17.83509397722596	19.097269858691178	36.260117986006314	0.0
82.0	29.20268972142171	17.579250720461097	20.296418279127213	32.92164127898998	0.0
83.0	29.243858926856042	17.894881295457665	22.615616851928092	30.245642925758197	0.0
84.0	28.34202580290969	17.499313752401864	20.738402415591544	33.4202580290969	0.0
85.0	30.05081719544019	16.467518198049717	21.1509408048345	32.330723801675596	0.0
86.0	29.78021978021978	17.28021978021978	20.686813186813186	32.252747252747255	0.0
87.0	32.298392636351146	17.3375463662591	20.99189449100151	29.372166506388243	0.0
88.0	31.450948062654575	18.562791975817532	17.477328936521022	32.50893102500687	0.0
89.0	31.700605393505775	16.895982388552557	17.817831590533846	33.585580627407815	0.0
90.0	30.69620253164557	16.400660429279032	19.38635112823335	33.516785910842046	0.0
91.0	29.28306041007293	19.485344708958305	17.187284986927207	34.04430989404156	0.0
92.0	28.732626943718177	17.228567496903814	18.549607816155223	35.48919774322279	0.0
93.0	32.548533663775295	17.100371747211895	18.766349993115792	31.584744595897014	0.0
94.0	31.53326904532305	17.151122744179638	18.583826973412314	32.731781237085	0.0
95.0	30.81163015019981	16.673556566074136	20.587019429516328	31.927793854209728	0.0
96.0	29.97932460372157	16.940041350792555	19.47622329427981	33.60441075120607	0.0
97.0	30.700303280948443	17.411083540115797	20.030328094844226	31.858285084091538	0.0
98.0	32.538260030332275	19.205845856886803	18.268302771267063	29.98759134151386	0.0
99.0	30.901820187534472	19.098179812465528	20.408163265306122	29.591836734693878	0.0
100.0	32.18088784400498	15.986723827962937	19.167473378509197	32.66491494952289	0.0
101.0	32.22761970853574	18.140180430256766	18.417765440666205	31.21443442054129	0.0
102.0	31.432952327850572	17.939782548090328	19.960970170058545	30.666294954000556	0.0
103.0	29.406815313420275	19.646613378207824	18.55279764408919	32.39377366428271	0.0
104.0	27.984234234234233	18.524774774774773	19.43975225225225	34.05123873873874	0.0
105.0	29.713317328061006	17.850586075413077	19.276938285552887	33.15915831097303	0.0
106.0	32.36543909348442	19.376770538243626	17.535410764872523	30.722379603399435	0.0
107.0	30.004261969029695	18.781076857508168	18.553771842591278	32.660889330870866	0.0
108.0	32.41241811449729	17.616063799487325	16.277413842210198	33.694104243805185	0.0
109.0	28.536759457530337	18.087080656673805	20.214132762312634	33.16202712348323	0.0
110.0	26.740189057576625	18.705242050988254	19.779432827270124	34.775136064165	0.0
111.0	31.379310344827587	18.362068965517242	19.482758620689655	30.775862068965516	0.0
112.0	28.04263286763647	18.45023764943108	20.495463056315714	33.011666426616735	0.0
113.0	28.934449898931565	17.65809991336991	18.062373664452785	35.34507652324574	0.0
114.0	31.0789283128168	17.538015930485155	18.76900796524258	32.61404779145547	0.0
115.0	26.992885145927108	20.05227239727022	19.253666327864092	33.701176128938584	0.0
116.0	29.214629170916506	17.922191461460002	18.53416873087571	34.329010636747775	0.0
117.0	30.051207022677396	18.946598390636428	19.707388441843456	31.294806144842724	0.0
118.0	29.83563252127972	16.994423246257707	20.384502494863515	32.78544173759906	0.0
119.0	25.452671868099515	20.020609450905344	23.28867952303842	31.23803915795672	0.0
120.0	26.413701461686106	21.05418573748708	20.227373394359958	32.30473940646685	0.0
121.0	30.106571936056838	18.53167554766134	18.946121965660154	32.41563055062167	0.0
122.0	27.045893361057477	17.37709787613248	20.273280855487897	35.30372790732215	0.0
123.0	29.510885773933794	16.17954070981211	19.698777214434834	34.61079630181927	0.0
124.0	30.873989823406166	17.674348997306197	19.545046393295422	31.906614785992215	0.0
125.0	28.406015037593985	17.74436090225564	18.30075187969925	35.54887218045113	0.0
126.0	31.08863052997131	18.299864109919977	18.314963007700438	32.296542352408274	0.0
127.0	29.755949674094285	17.780809458844928	20.266787933909352	32.196452933151434	0.0
128.0	30.355237078822988	17.822838847385274	19.377953956395793	32.44397011739594	0.0
129.0	30.69987775061125	18.643031784841078	18.184596577017114	32.47249388753056	0.0
130.0	30.25042249193424	18.95836534029805	17.560301121524045	33.23091104624366	0.0
131.0	29.275808936825886	20.33898305084746	19.58397534668721	30.801232665639443	0.0
132.0	29.528228924980667	16.19489559164733	21.732405259087393	32.54447022428461	0.0
133.0	27.86425902864259	20.734744707347446	19.17808219178082	32.222914072229145	0.0
134.0	27.338017174082747	19.42232630757221	19.578454332552695	33.66120218579235	0.0
135.0	30.03129890453834	17.120500782472615	20.766823161189357	32.08137715179969	0.0
136.0	27.92156862745098	18.211764705882352	19.65490196078431	34.21176470588235	0.0
137.0	29.993698802772528	16.603654694391935	19.139886578449904	34.262759924385634	0.0
138.0	29.127134724857683	18.1056293485136	18.86464263124605	33.90259329538267	0.0
139.0	29.635499207606976	19.6513470681458	18.985736925515056	31.727416798732172	0.0
140.0	29.32103673079981	19.224041978056924	20.003180155827636	31.45174113531563	0.0
141.0	30.474365117393386	18.91071713783741	18.814885800990258	31.80003194377895	0.0
142.0	32.557766367137354	17.89152759948652	17.329910141206675	32.22079589216945	0.0
143.0	32.84495250362261	19.88407663822251	18.821445821928837	28.449525036226053	0.0
144.0	30.208839242350656	18.698397280233124	18.277480977820947	32.81528249959527	0.0
145.0	30.692908262849706	18.461288223812623	17.90826284970722	32.93754066363045	0.0
146.0	29.716057441253263	18.554177545691903	17.738250652741513	33.99151436031332	0.0
147.0	29.070912672357192	17.7774130006566	18.844386080105053	34.30728824688116	0.0
148.0	28.85375494071146	18.148880105401844	19.318181818181817	33.679183135704875	0.0
149.0	28.18558409279205	19.536039768019883	19.353769676884838	32.92460646230323	0.0
150.0	29.81987991994663	17.92861907938626	18.74583055370247	33.50567044696464	0.0
151.0	29.203688181056158	19.413243922883485	19.849119865884326	31.533948030176028	0.0
152.0	29.693292888439498	17.93056959892147	17.020559487698012	35.35557802494102	0.0
153.0	30.675469781615032	18.520399525986118	19.180633147113593	31.623497545285257	0.0
154.0	30.45624787197821	18.352059925093634	19.20326864147089	31.988423561457267	0.0
155.0	29.45404757829882	20.349135717953107	18.12425124080096	32.07256546294712	0.0
156.0	31.727460426703374	16.39710942876807	20.19958706125258	31.67584308327598	0.0
157.0	29.879101899827287	19.03281519861831	19.810017271157168	31.27806563039724	0.0
158.0	27.01906412478336	20.91854419410745	19.80935875216638	32.25303292894281	0.0
159.0	33.693191711648964	15.288176911022115	20.250740031342502	30.76789134598642	0.0
160.0	27.185314685314687	18.374125874125873	21.363636363636363	33.07692307692307	0.0
161.0	28.988566402814424	17.590149516270888	20.58047493403694	32.840809146877746	0.0
162.0	30.79101044062998	18.49230224738984	20.36807644664661	30.34861086533357	0.0
163.0	28.050515830665248	17.84062611170402	19.316969050160086	34.79188900747065	0.0
164.0	27.240207476301197	18.350921123233768	19.92487927025577	34.48399213020926	0.0
165.0	29.41810344827586	15.858477011494255	21.012931034482758	33.71048850574713	0.0
166.0	26.189617880317233	19.881038211968278	20.62004325883201	33.30930064888248	0.0
167.0	28.607640774941157	17.273221075502445	20.80391091797936	33.31522723157704	0.0
168.0	29.67413071181504	18.113963225923904	19.31549244492991	32.89641361733115	0.0
169.0	28.24817518248175	17.846715328467152	20.748175182481752	33.15693430656934	0.0
170.0	27.997062603267853	17.954837525243253	18.836056544887096	35.2120433266018	0.0
171.0	30.204683754379495	17.00165959800848	17.683938779273465	35.10971786833856	0.0
172.0	28.77777777777778	19.09259259259259	17.5	34.629629629629626	0.0
173.0	29.51459921889529	16.458992002975638	19.248651664496933	34.777757113632134	0.0
174.0	31.018345189067766	18.47622613253463	18.5511044552602	31.954324223137405	0.0
175.0	29.302238104194096	17.07729922888847	21.064510062065075	32.555952604852365	0.0
176.0	28.295454545454547	16.950757575757574	18.390151515151516	36.36363636363637	0.0
177.0	26.58926532165969	19.870574800152266	19.547011800532925	33.99314807765512	0.0
178.0	26.19502868068834	20.55449330783939	19.961759082217974	33.2887189292543	0.0
179.0	27.895344363216623	17.410542516352443	21.392843401308195	33.301269719122736	0.0
180.0	29.248935346496324	16.821525358110723	19.744483159117305	34.18505613627565	0.0
181.0	29.6411856474259	18.174726989079563	17.94071762870515	34.24336973478939	0.0
182.0	29.18801734331888	18.01340165549862	19.471817106819078	33.326763894363424	0.0
183.0	29.100633914421554	19.5919175911252	21.335182250396194	29.97226624405705	0.0
184.0	30.779972072611212	20.646319569120287	17.27508477957311	31.298623578695388	0.0
185.0	29.754724567752312	19.622034579815036	20.004020908725373	30.619219943707275	0.0
186.0	28.95056726094003	19.145056726094005	19.874392220421395	32.02998379254457	0.0
187.0	30.570902394106813	22.304072027828933	17.270308983016168	29.854716595048085	0.0
188.0	29.946303180503925	18.21561338289963	19.165634035522512	32.67244940107394	0.0
189.0	29.67674661105318	18.561001042752867	19.43691345151199	32.32533889468196	0.0
190.0	32.55912162162162	18.05320945945946	17.06081081081081	32.326858108108105	0.0
191.0	28.97594209069619	18.799233553331916	18.841813923781135	33.383010432190765	0.0
192.0	31.644482610562473	18.012022327179046	18.613138686131386	31.730356376127094	0.0
193.0	31.00303951367781	18.45419018671298	19.34433347807208	31.198436821537122	0.0
194.0	30.07238429480149	18.732178109234482	20.13599473568765	31.059442860276377	0.0
195.0	30.823737821080606	20.106288751107172	18.976970770593447	30.093002657218776	0.0
196.0	29.977628635346754	20.380313199105146	18.41163310961969	31.230425055928414	0.0
197.0	29.067930489731435	19.90521327014218	20.176032498307382	30.850823741819	0.0
198.0	28.926189928719246	21.821108300758794	19.314785008047828	29.93791676247413	0.0
199.0	28.267697511476204	22.034307803817345	17.782072964484176	31.915921720222272	0.0
200.0	25.232590921905835	18.09980265012687	21.990414434733577	34.67719199323372	0.0
201.0	31.181485992691837	18.838814453917987	18.838814453917987	31.140885099472186	0.0
202.0	30.942622950819672	18.565573770491802	19.95901639344262	30.532786885245898	0.0
203.0	28.90818858560794	20.55417700578991	20.885028949545077	29.652605459057074	0.0
204.0	32.36272878535774	18.05324459234609	21.25623960066556	28.32778702163062	0.0
205.0	29.7433740008414	17.96381994110223	23.559108119478335	28.73369793857804	0.0
206.0	28.90591741166454	22.137079608343978	20.263942103022565	28.69306087696892	0.0
207.0	29.416809605488854	18.053173241852488	20.154373927958833	32.37564322469983	0.0
208.0	28.44195079844627	18.256365990504964	21.579628830384117	31.722054380664655	0.0
209.0	27.920104211897524	19.23577941815024	20.408163265306122	32.43595310464612	0.0
210.0	28.802447552447553	17.263986013986013	20.716783216783217	33.21678321678322	0.0
211.0	30.616740088105725	18.546255506607928	19.73568281938326	31.101321585903086	0.0
212.0	24.98888394842152	17.385504668741664	22.987994664295243	34.63761671854157	0.0
213.0	28.968609865470853	21.479820627802688	18.52017937219731	31.031390134529147	0.0
214.0	30.357951971001356	21.295876755777073	19.25690983235161	29.089261440869958	0.0
215.0	27.251943301326016	18.51851851851852	19.84453589391861	34.385002286236855	0.0
216.0	30.009233610341646	18.559556786703602	21.375807940904895	30.055401662049864	0.0
217.0	25.63143124415341	21.468662301216092	23.24602432179607	29.653882132834426	0.0
218.0	25.63978754225012	19.652341863833897	18.976339932399807	35.731530661516175	0.0
219.0	22.542735042735043	23.931623931623932	24.519230769230766	29.00641025641026	0.0
220.0	13.70309951060359	26.182707993474715	20.717781402936378	39.39641109298532	0.0
