# Position (bp)	A	C	G	T	N
0.0	26.266504760142105	24.052031064900827	23.989916740236115	25.691547434720952	0.0
1.0	26.47504431900916	20.287381931515604	15.632676829460967	37.60489692001426	0.0
2.0	28.626793273647383	19.362339151484264	18.0029638371633	34.00790373770505	0.0
3.0	22.817252224406033	22.612922086000697	15.374369969180945	39.19545572041232	0.0
4.0	33.86481726021026	13.146586284293521	14.893031184435163	38.095565271061055	0.0
5.0	34.52781386786384	15.028057902861052	23.128344365278956	27.315783863996145	0.0
6.0	30.811568939806826	17.486227529321795	21.310764699946557	30.391438830924823	0.0
7.0	35.05158385829192	17.027473802761286	20.183037543264703	27.737904795682095	0.0
8.0	22.78522807072259	26.75776444902836	22.49114988193184	27.96585759831721	0.0
9.0	27.63637764851116	18.573707252566884	15.743950545273467	38.04596455364849	0.0
10.0	26.313560627158882	16.600126734953704	25.044187764135863	32.04212487375155	0.0
11.0	28.182521015204458	18.153164746031994	19.481639347684858	34.18267489107869	0.0
12.0	26.144774000286873	19.759492266319704	21.036906883574087	33.05882684981934	0.0
13.0	26.61406964184939	20.929129334476535	18.787084375657663	33.66971664801641	0.0
14.0	30.71501633932388	18.389533038271406	20.19914682658073	30.696303795823983	0.0
15.0	29.588101090521157	18.539452472523685	20.032383525693213	31.840062911261946	0.0
16.0	30.017458596886577	17.53936238941138	18.702942367041388	33.740236646660655	0.0
17.0	30.535520260903375	17.828569130927363	19.55663128337763	32.079279324791635	0.0
18.0	31.418901808247725	17.613606854358288	18.959775892805478	32.00771544458851	0.0
19.0	29.948497976867326	18.228337105697907	20.04086345243077	31.782301465003997	0.0
20.0	29.744013178167002	17.745561215856533	19.973217349930106	32.53720825604636	0.0
21.0	29.12174378223548	18.31393539352595	20.053776653936897	32.51054417030168	0.0
22.0	29.68671567926855	19.018503896062388	22.494655261981407	28.80012516268765	0.0
23.0	29.717142893595867	20.319502504091435	21.108329002084027	28.85502560022867	0.0
24.0	32.47235872512936	19.502181905769454	17.999546620330353	30.02591274877083	0.0
25.0	29.052654287949704	21.182444592764405	19.584790310614046	30.180110808671845	0.0
26.0	32.05447102848495	16.617035038722207	21.923097889928748	29.405396042864098	0.0
27.0	26.118676961314907	21.074319083147227	24.938394878742848	27.868609076795014	0.0
28.0	26.48344268529639	19.630386026111733	18.783256809941772	35.10291447865011	0.0
29.0	27.81827078828909	20.25760419387793	17.45676687199344	34.46735814583953	0.0
30.0	26.56955539949889	18.93368817140704	16.13846019939496	38.358296229699114	0.0
31.0	34.19103051500208	14.5246732017246	18.361627629276914	32.9226686539964	0.0
32.0	34.32139429061762	15.657427661896584	22.380603048490553	27.64057499899525	0.0
33.0	31.38654010867142	17.745803675169107	20.759835738990308	30.107820477169167	0.0
34.0	33.53832368370079	16.639827210355538	21.640035711302048	28.181813394641626	0.0
35.0	26.312787160849037	20.23814008809099	25.494324182717783	27.95474856834219	0.0
