# Position (bp)	A	C	G	T	N
0.0	26.020508601726345	24.18474419268715	24.37100465464115	25.423742550945356	0.0
1.0	26.89722646482163	20.76366165935159	15.603950716884565	36.73516115894221	0.0
2.0	28.917608845452968	19.876510350747008	17.56229880300155	33.643582000798474	0.0
3.0	23.208888581456332	22.585605426101523	15.192236746333244	39.0132692461089	0.0
4.0	33.891015260654825	13.66019575358401	15.0067726827238	37.44201630303736	0.0
5.0	34.61703366623875	15.063472764047276	23.560121932245778	26.759371637468206	0.0
6.0	31.120956103525867	17.773296520509124	21.18705317744206	29.91869419852295	0.0
7.0	35.29396557993669	17.388873583953938	20.216317130157023	27.10084370595235	0.0
8.0	22.9427221504387	27.04263131231884	22.49150602065341	27.523140516589052	0.0
9.0	27.363624853670892	18.774836236763413	15.830765452486121	38.03077345707957	0.0
10.0	26.57275856199503	17.018295167982	24.951750522050553	31.457195747972417	0.0
11.0	28.215132948666415	18.587911849181	19.260017382737768	33.936937819414815	0.0
12.0	25.863869274087715	20.25021985379003	20.60798157635362	33.27792929576864	0.0
13.0	26.488383294818362	21.24274272255534	18.967351381251778	33.301522601374515	0.0
14.0	30.31404947866581	18.919199235421168	20.049310787373237	30.717440498539784	0.0
15.0	29.40090289945374	18.64951918711952	20.210010008856443	31.739567904570297	0.0
16.0	29.895396782558333	18.0027822970162	18.660949871155637	33.44087104926983	0.0
17.0	30.34041480301614	18.115391665224852	19.78959754804041	31.75459598371859	0.0
18.0	31.912289589372143	17.944024843517205	19.091407006635556	31.052278560475095	0.0
19.0	30.095278021800215	18.600199055862873	20.127892846836776	31.176630075500135	0.0
20.0	29.477273573177325	17.84828118486048	20.427302017515732	32.24714322444646	0.0
21.0	29.063401830747075	18.64615538909254	20.255888476391043	32.03455430376933	0.0
22.0	29.679008015961845	19.089491510536863	22.71663131823663	28.51486915526466	0.0
23.0	29.675659791073883	20.254175431099526	21.319533871032295	28.750630906794296	0.0
24.0	32.71267106898542	19.606675457184537	17.853140004232777	29.82751346959726	0.0
25.0	28.896348768546247	21.095514266319054	19.91978899019562	30.088347974939083	0.0
26.0	31.327969840436058	16.793465760040043	22.544080937963933	29.334483461559962	0.0
27.0	25.978331845839005	20.948332529499808	24.925307332005154	28.148028292656036	0.0
28.0	26.959128140926943	20.12765924975157	18.985789977844096	33.92742263147739	0.0
29.0	27.94568649744998	20.626762782004242	17.29423561816719	34.13331510237859	0.0
30.0	26.56871835171249	19.263407828158137	16.130612522538083	38.03726129759129	0.0
31.0	34.21255306934865	14.870663898432648	18.676259939367217	32.24052309285149	0.0
32.0	33.83177033743274	15.973602105247558	22.835963710304892	27.358663847014807	0.0
33.0	31.32886749461073	17.750045270525785	20.769365387211764	30.151721847651725	0.0
34.0	32.832244950024894	17.09013830080528	21.796435973297232	28.281180775872595	0.0
35.0	26.634674353202488	20.694665363248795	25.40170950763958	27.26895077590914	0.0
