# Position (bp)	A	C	G	T	N
0.0	43.189911845408375	10.644715589545994	25.270982933426744	20.87492945686652	0.019460174752369278
1.0	36.68560753483304	16.342336732311043	17.4418152097766	29.52634856386705	0.0038919592122674553
2.0	37.44943581009154	17.694079393036173	18.385042677144018	26.471442119728263	0.0
3.0	37.12733995840074	18.08027116554965	19.784685309298204	25.007703566751406	0.0
4.0	37.45804645096948	18.33106384610959	18.246677278916785	25.964212424004142	0.0
5.0	35.18066313098554	19.413178679079707	18.787439429203708	26.618718760731046	0.0
6.0	29.92291919805589	19.07654921020656	17.299513973268528	33.70101761846902	0.0
7.0	31.4494367180571	18.966655973430452	18.294869133659162	31.289038174853285	0.0
8.0	31.06861642294713	20.170603674540683	18.50018747656543	30.260592425946758	0.0
9.0	35.933100889377805	18.09147353308597	18.969664199280295	27.005761378255926	0.0
10.0	31.89230256087166	21.845235889263613	18.487566245413777	27.774895304450954	0.0
11.0	30.76033482634555	20.94683897496145	18.029958146706807	30.262868051986196	0.0
12.0	30.636176003214672	20.49717803064896	19.702642970647865	29.164002995488502	0.0
13.0	35.593681423312	18.1051524329422	19.768222129527192	26.531130415858108	0.0018135983605070821
14.0	34.06028464743763	19.58619694427909	18.364990890560456	27.988527517722822	0.0
15.0	30.025116612845355	20.545389307499104	20.052027269465373	29.3756727664155	0.001794043774668102
16.0	30.64133440371064	21.27731692088128	19.70921416465971	28.370350548568368	0.001783962180001784
17.0	31.313346847327427	19.68775561008571	19.769550837512003	29.22934670507486	0.0
18.0	30.27372069172826	18.660041730027938	20.758920677582488	30.307316900661313	0.0
19.0	27.384191371329635	20.29080244514328	21.603476908943147	30.717995830536022	0.0035334440479135015
20.0	30.293857319879624	17.459727385377942	19.665427509293682	32.58098778544875	0.0
21.0	31.31805767389068	18.114425566630015	20.175220799489235	30.388748980243324	0.003546979746745646
22.0	30.91580685834029	18.56830814583296	20.77391628633837	29.740192857523397	0.0017758519649801992
23.0	29.746745646082363	18.052353421061966	19.666229205831236	32.532898237151066	0.001773489873372823
24.0	29.231506290256753	19.097893784268148	20.38610997746509	31.28448994801001	0.0
25.0	32.95004879779967	17.2566764262266	21.433768077366693	28.359506698607046	0.0
26.0	31.421928797075218	16.92755475100273	20.146949206687253	31.503567245234798	0.0
27.0	30.53435114503817	17.306941239126576	19.826025208592224	32.33268240724303	0.0
28.0	32.36113823158717	17.29891892851437	20.884738962952444	29.45520387694602	0.0
29.0	33.40604383911471	16.780165992764417	19.325033695112435	30.485209619067888	0.003546853940554728
30.0	28.98998508416791	17.140777043824134	21.23730378578024	32.631934086227716	0.0
31.0	29.645569170030768	18.539595596734898	21.683768739663176	30.13106649357116	0.0
32.0	29.210901318133235	17.924830780192377	21.132882080513003	31.731385821161386	0.0
33.0	31.331750091340883	17.13372305443917	21.622214103032515	29.912312751187432	0.0
34.0	30.882164965396342	17.069919471175794	21.324616985921153	30.721472527071196	0.001826050435513029
35.0	30.54984206273415	18.726584882097992	20.603467273929333	30.11459634173217	0.00550943950635422
36.0	32.0986291287147	17.009844511914622	21.963382095868987	28.92446407213175	0.0036801913699512374
37.0	30.6252533068052	17.80516561659482	21.75490954644265	29.814671530157327	0.0
38.0	29.568761989080716	18.878190939943927	21.250184447395604	30.301018149623726	0.001844473956027741
39.0	30.501418413587295	19.82647459750212	20.49883947979221	29.16958331798254	0.003684191135836127
40.0	30.265675596114217	19.20628495731528	20.803282307918753	29.7229172799529	0.0018398586988519284
41.0	31.57119717272861	17.53055514651745	19.958400824620824	30.938006184656164	0.001840671476954793
42.0	29.950864020316896	18.36802296692983	21.227847402418153	30.45142531147058	0.0018402988645356006
43.0	29.783033836389798	20.434670307368734	21.16896055496107	28.609645400538724	0.0036899007416700495
44.0	32.746550418382995	19.284408075807676	19.947540499104125	28.02150100670521	0.0
45.0	32.453039696493015	18.552789858425093	19.71685018969187	29.277320255390027	0.0
46.0	29.21954020859191	19.056705136992647	21.833608121376038	29.890146533039402	0.0
47.0	28.9562664883142	20.26901497417605	19.6187715973693	31.15223126370156	0.0037156764388957013
48.0	29.339343254670418	21.14772113468308	21.525824656819832	27.983385795973103	0.0037251578535640447
49.0	30.05017065482963	19.01262659231214	22.601040714698698	28.332431877949162	0.003730160210381036
50.0	29.194662274709437	19.59162284067302	19.428796017293333	31.784918867324212	0.0
51.0	29.930860857475672	20.037199864727764	20.595197835644232	29.434862661105477	0.0018787810468567992
52.0	28.6839378238342	20.90626471973622	20.18464437117287	30.22515308525671	0.0
53.0	30.043080643942254	18.277152142695186	20.765626180938703	30.914141032423853	0.0
54.0	31.281701869937162	19.848209554091905	19.817927170868348	29.05026875615111	0.0018926489514724807
55.0	29.578426352619903	21.14695340501792	20.232880089510914	29.041740152851265	0.0
56.0	28.34430033091172	19.22711193944696	21.049028184549844	31.377657753603895	0.0019017914875813016
57.0	26.792416881013626	19.091168905401542	23.193293321901496	30.921215585405353	0.001905306277984186
58.0	27.150763358778622	19.27862595419847	20.446564885496183	33.12022900763359	0.0038167938931297713
59.0	25.239133761861034	20.550198959289865	21.510560146923783	32.700107131925314	0.0
60.0	27.32741938574138	18.619355085931062	21.78261452685226	32.26869503573276	0.0019159657425325237
61.0	27.68326869167851	17.781575208325336	23.011789101801007	31.5214469490419	0.0019200491532583234
62.0	27.721972058653737	17.888619481968977	22.64557595350806	31.739983835584805	0.003848670284416734
63.0	26.654199120845224	16.769491786843528	23.09130870671705	33.4850003855942	0.0
64.0	25.75883455378016	19.444712792472515	25.422648144212378	29.369940297930714	0.003864211604227448
65.0	27.0493231859641	18.906253025813825	21.17391893723736	32.86663180929143	0.0038730416932938284
66.0	27.440136608840763	17.980362479139984	23.28753832421314	31.29196258780611	0.0
67.0	29.8691705060166	17.021442040395794	22.10687972628837	30.998619777998094	0.0038879493011411133
68.0	30.209792931651876	16.07309668379262	20.86641756188697	32.84485442939437	0.005838393274170948
69.0	30.804225159614973	17.496143858484487	21.801355018841402	29.89827596305914	0.0
70.0	30.271390583450646	18.367745972157046	20.295635851712813	31.061317065540432	0.003910527139058345
71.0	30.58395018211726	18.207809501429523	20.017232600947793	31.189049465397723	0.001958250107703756
72.0	30.463199214916585	17.583905789990187	21.774288518155053	30.17664376840039	0.001962708537782139
73.0	30.089452472230416	18.13820898456699	21.502015138110686	30.268357416691245	0.001965988400668436
74.0	29.72179532647673	21.19044804350396	20.753044095046697	28.33471253497261	0.0
75.0	31.602731075854447	19.587181308706292	20.53437524666509	28.27373904807009	0.0019733207040808273
76.0	31.3685918363309	18.838170989889395	22.866583565817848	26.926653607961853	0.0
77.0	33.694661329317114	17.08612421227855	21.469620704688676	27.74959375371567	0.0
78.0	31.93667420545173	19.12669126691267	20.39638138316867	28.540253144466927	0.0
79.0	29.22062445380154	20.44371176610789	21.476523397155795	28.859140382934772	0.0
80.0	30.663247047596325	18.18163744085252	19.770169788063143	31.380969422243428	0.003976301244582289
81.0	30.006765899864686	19.245005173923428	22.363289023322455	28.38493990288944	0.0
82.0	29.12456906000279	21.62571491201849	21.265020625336284	27.984695402642433	0.0
83.0	29.951902927734647	20.24667212165965	20.192787434889336	29.608637515716367	0.0
84.0	30.817471888793463	18.772094509576785	21.23269887555174	29.177734726078015	0.0
85.0	29.71249200255918	19.787667946257198	21.96896992962252	28.528870761356366	0.001999360204734485
86.0	28.326893431299926	19.275661174397886	23.041502332379025	29.355943061923163	0.0
87.0	29.4891563369846	18.92584656667401	21.8234976069848	29.76149948935659	0.0
88.0	29.14429933498918	20.529204390673826	21.07603557407259	29.248457655636567	0.0020030446278343082
89.0	29.654633599102524	19.295644857566412	19.92467646940983	31.123041788533197	0.0020032853880363796
90.0	27.65867927552492	19.935085750921623	22.507613399583267	29.898621573970185	0.0
91.0	32.3399735460339	18.23519980760752	18.525792616938556	30.89903402942002	0.0
92.0	30.364299454953507	17.82221865982687	20.679705033664636	31.133776851554984	0.0
93.0	29.76202409831793	18.29226728683414	22.67086348964494	29.27484512520299	0.0
94.0	31.567647825999718	18.18656072553623	20.281305804691105	29.96448564377295	0.0
95.0	31.316375900905424	18.040191925478307	21.70805645339383	28.93537572022244	0.0
96.0	30.474888964810386	18.734299322735584	22.371832231355132	28.418979481098898	0.0
97.0	29.56397513028431	20.66037546027083	22.72480331596209	27.050846093482768	0.0
98.0	30.696298085633188	19.326851460434405	21.24927028604787	28.727580167884536	0.0
99.0	30.407744324585412	17.460956367734664	20.63274834970214	31.498550957977784	0.0
100.0	31.296941384934456	19.07254898012605	19.40478827295975	30.225721361979748	0.0
101.0	32.6284413831994	16.28904597909492	20.788270597949772	30.294242039755908	0.0
102.0	32.04433249370277	17.692695214105793	19.85491183879093	30.408060453400505	0.0
103.0	30.78241580963904	18.95140149223634	19.265981044565436	31.000201653559184	0.0
104.0	29.225209948320412	20.78488372093023	20.700096899224807	29.28980943152455	0.0
105.0	31.32182167020095	19.691002726446534	19.933353529233568	29.05382207411895	0.0
106.0	29.331230156322675	17.915428016744524	21.90337519464499	30.849966632287813	0.0
107.0	29.19297393556743	20.14732070584426	20.61478063785009	30.04492472073822	0.0
108.0	30.020854846220818	19.168235841989105	20.976330761910546	29.834578549879527	0.0
109.0	31.740724981257472	18.537880169391933	20.219642169675602	29.501752679674993	0.0
110.0	30.861869715954015	19.47570099142388	20.07785414512499	29.584575147497112	0.0
111.0	28.65197022855868	20.249852968018008	20.963718590926604	30.134458212496707	0.0
112.0	30.539274342385465	18.01366945869755	21.86910580647778	29.577950392439206	0.0
113.0	28.665163426574846	19.63962865906921	21.748227598675523	29.94698031568042	0.0
114.0	25.056961510293757	20.349499552445277	22.261778826592888	32.33176011066808	0.0
115.0	29.401587624669247	19.87583960920008	21.534703846936697	29.187868919193978	0.0
116.0	28.623868178481114	19.094134921282325	22.222448813116895	30.05954808711967	0.0
117.0	29.444444444444446	18.61315359477124	21.81781045751634	30.124591503267972	0.0
118.0	30.721240386188843	17.861233840615284	21.800850924562265	29.61667484863361	0.0
119.0	31.197999918029428	16.94331734907168	19.670888151153736	32.18779458174515	0.0
120.0	31.650349937401227	16.712846089116024	23.31547728998625	28.3213266834965	0.0
121.0	30.76670227627578	17.57745089982743	21.540389514339715	30.11545730955707	0.0
122.0	29.82492233628901	19.873680745571626	20.577283107371365	29.724113810767992	0.0
123.0	29.417823740266165	18.338758188784972	21.255819702525645	30.985538296732727	0.002060071690494829
124.0	27.750613769057786	17.07206370819665	23.292277856862867	31.885044665882695	0.0
125.0	27.80476712215492	17.58212225828458	18.409029830690674	36.204080788869824	0.0
126.0	28.013603467225185	18.306617174377372	22.358625552122433	31.321153806275014	0.0
127.0	29.563446713902795	18.82934735179837	21.871298855112514	29.73590707918632	0.0
128.0	30.044544357020943	20.54036051788019	20.83593522334624	28.579159901752632	0.0
129.0	32.89020598117578	17.434313500427823	21.775152868501785	27.900327649894606	0.0
130.0	31.38112986305959	18.41995058419532	23.124921479123916	27.073998073621176	0.0
131.0	32.69461077844311	18.522954091816366	20.69335014182162	28.086983926883075	0.0021010610358230906
132.0	30.848030415038547	17.870947301721408	22.85985848558454	28.419051642200866	0.0021121554546414617
133.0	29.66355656627914	18.46719517119721	23.663684087479545	28.205564175044103	0.0
134.0	31.9501808298915	18.47246891651865	21.785186928887843	27.790023325986002	0.0021399987160007706
135.0	31.120233336934213	18.254294047747653	23.346656584206546	27.278816031111592	0.0
136.0	27.968521788415845	20.070629782224838	23.45388354805659	28.504784949752576	0.0021799315501493254
137.0	30.145974151786696	18.562716043946367	22.05244501199938	29.238864792267556	0.0
138.0	30.041573108645874	19.234788021609123	22.133789822369447	28.58984904737556	0.0
139.0	30.063333782509094	20.673314467951307	22.656425459282218	26.606926290257377	0.0
140.0	27.555092046794233	19.561077355581755	24.172485716876757	28.70907771832774	0.002267162419515734
141.0	27.966023875114782	20.0068870523416	22.690541781450875	29.336547291092746	0.0
142.0	29.650716925007554	20.199391136622435	21.965559712765213	28.1843322256048	0.0
143.0	31.883887094111824	17.685759426509776	22.99856155823331	27.431791921145095	0.0
144.0	28.590616904921806	19.66564328888036	21.39259330327161	30.35114650292622	0.0
145.0	28.253014989502468	19.154338167081686	18.53425125726283	34.05839558615302	0.0
146.0	26.436579357498367	19.33789150872254	21.082399074958523	33.143130058820574	0.0
147.0	30.343627205358793	18.059547983860334	19.6919749993407	31.904849811440172	0.0
148.0	28.517010758941552	21.4975283512649	19.27013666763594	30.709508578075024	0.005815644082582146
149.0	29.19809593555474	20.402782863419993	15.485170267301354	34.899304284144996	0.014646649578908825
150.0	29.030931227377426	11.952945047713063	14.16584402764067	44.82560052648898	0.024679170779861793
