# Position (bp)	A	C	G	T	N
0.0	26.565008348588787	24.487718521796857	24.807982457905005	24.13888833008107	4.023416282765696E-4
1.0	26.695680374108672	20.168797319101404	15.375129620806591	37.760392685983334	0.0
2.0	27.544580524195155	20.576854031196394	17.92595843140384	33.95220808233933	3.9893086528104677E-4
3.0	23.68159559922414	22.520986358866736	14.602610575852967	39.18924290120513	0.00556456485102865
4.0	34.456328620551844	14.202052097801099	14.075428245824382	37.265003937210395	0.0011870986122817222
5.0	35.76943115615971	14.589747233142297	22.590347179462892	27.047711520548162	0.002762910686938537
6.0	31.9424590751395	17.554865106461737	20.48704226572314	30.01563355267562	0.0
7.0	34.996541804863476	17.439913859502962	20.099580300862975	27.463571058050523	3.929767200591037E-4
8.0	23.268913199524597	26.883082752479986	21.936055793301197	27.911948254694224	0.0
9.0	28.66577875274209	18.060952679410843	15.957380131620184	37.315104982764026	7.834534628643058E-4
10.0	26.91008839722795	16.879996556460355	24.749658580870353	31.459473842794587	7.826226467515291E-4
11.0	28.224617706512774	18.87519109786948	19.594618371201015	33.305572824416736	0.0
12.0	26.400865858375887	20.335559193688923	21.083026284428225	32.18054866350696	0.0
13.0	27.287029301769973	21.551986633458515	18.350106573184156	32.810096735659464	7.807559278893825E-4
14.0	31.13381375848096	18.76820137256892	20.2809159828546	29.816678508131574	3.9037796394469123E-4
15.0	29.690586425777436	18.861892083915645	18.969636401964383	32.47749471037859	3.9037796394469123E-4
16.0	30.27693412762236	17.816069518507817	18.8064584130355	33.10014756287037	3.9037796394469123E-4
17.0	29.906855817802796	18.699885228878603	20.038491267244947	31.353986930145766	7.807559278893825E-4
18.0	32.185882371311905	18.169361575877765	18.26773682279183	31.377019230018504	0.0
19.0	30.665360201747333	18.58003919394758	19.519678953162455	31.23453127317869	3.9037796394469123E-4
20.0	30.61187842068691	17.968707302410195	19.841350395452878	31.577673503486075	3.9037796394469123E-4
21.0	30.05441868817389	17.537730030215254	19.086359413183846	33.320711112499126	7.807559278893825E-4
22.0	28.686143924547746	18.875945690617655	19.662947665930155	32.77496271890444	0.0
23.0	29.93301114138709	17.593944457023287	19.803874110914187	32.66838953474755	7.807559278893825E-4
24.0	30.784035102786518	18.01321039029989	18.71159656779694	32.491157939116654	0.0
25.0	29.262732177294055	18.34542203761682	19.19488448716047	33.19657091996471	3.9037796394469123E-4
26.0	31.411762868809586	17.810604227012593	20.358991575643536	30.418641328534285	0.0
27.0	28.602603040263585	18.556226138146954	20.001795738634147	32.83937508295532	0.0
28.0	30.091504594748635	18.037804202028404	20.169267885166416	31.70064256212865	7.807559278893825E-4
29.0	29.56683661120697	18.632740219080112	18.87711682450949	32.92330634520342	0.0
30.0	30.39769510952524	18.609726294256124	18.672189450753656	32.319608356008764	7.807894562191832E-4
31.0	30.3592134081353	18.536911022358606	19.10104902339709	32.00009369766107	0.002732848447937285
32.0	29.40342794674579	18.698707687502438	19.17893257330262	32.7181509389763	7.808534728458205E-4
33.0	29.738087429133675	17.923909478517547	19.031220228334035	33.30639241593653	3.90448078214559E-4
34.0	29.519629511038914	18.522495646129936	19.165618874319588	32.79069404203144	0.0015619264801205808
35.0	30.547058293610537	17.714082041118477	18.936904402865526	32.801563583237694	3.9167916776010434E-4
36.0	31.02189781021898	17.855770813896054	18.660964193591383	32.460975169937356	3.920123562294683E-4
37.0	29.295782383379038	19.08578422718874	19.609896942806593	32.00735954681511	0.0011768998105191305
38.0	31.2075925111516	18.27919834139599	18.801831375259155	31.71059244832569	7.85323867562983E-4
39.0	30.208390695186328	18.90777787392717	19.275155958683733	31.607495456941244	0.0011800152615307159
40.0	29.55135526040205	19.28978743415359	18.827034866489363	32.33024172992796	0.0015807090270340762
41.0	29.623846248594436	18.009051212059806	20.23569705855475	32.13061081774801	7.946630430031906E-4
42.0	28.908623976137115	19.129387556526805	19.382212899675395	32.57977556766069	0.0
43.0	29.472627503679526	18.77919626287835	19.945846931592754	31.801929353042812	3.999488065527612E-4
44.0	29.67831158679574	19.013088008337842	19.57549155192111	31.732707995109532	4.008578357685447E-4
45.0	29.326888304925387	18.885861922097124	19.889984490143604	31.895658043829407	0.0016072390044761607
46.0	29.971294100595458	17.664394619556244	19.566311432839065	32.79799984700923	0.0
47.0	30.106351658190526	18.98520272150546	19.54781388258164	31.35942182124694	0.0012099164754326458
48.0	30.52293996712187	18.275231136476545	18.894422431446678	32.30538692387542	0.002019541079485098
49.0	28.746267690539963	18.550286042578673	19.99749156437374	32.705954702507626	0.0
50.0	29.62937409190159	18.540224193770953	19.553235874250184	32.276354131999966	8.117080773070774E-4
51.0	30.551352585879926	18.18415396599469	19.226581075624903	32.037096701835665	8.156706648123754E-4
52.0	29.40411798718101	18.941428788183238	19.504053605186648	32.150399619449104	0.0
53.0	31.14512186576423	18.24462187194717	19.120950688985708	31.489305573302882	0.0
54.0	30.066217486551515	19.0142332396046	18.812971835827014	32.104920965557795	0.0016564724590747773
55.0	29.372644923015496	18.526605611425815	18.29037007461383	33.80996348330962	4.159076352323676E-4
56.0	28.82773821351345	18.307354500446664	20.78111824473814	32.083371598887936	4.1744241381901363E-4
57.0	27.78614962159266	19.68053044002411	19.612299912932823	32.920182841068915	8.37184381488179E-4
58.0	30.420543481911928	18.041046656141884	21.657401498102182	29.880588492156797	4.198716872123879E-4
59.0	28.76679432247627	21.00506831481692	20.882046874539196	29.34566918186529	4.213063023209764E-4
60.0	31.3423551515767	18.972900692293372	19.62118519270807	30.063558963421862	0.0
61.0	29.012844848866603	21.389354693179207	19.37027043131113	30.22625320270006	0.0012768239430025793
62.0	31.372935878190006	17.14346986918293	21.03023804417757	30.453356208449495	0.0
63.0	26.502247200741273	20.937502706166597	24.835681564294187	27.724568528797946	0.0
64.0	26.420541399882953	20.586822267450493	17.667997309597226	35.32376551567509	8.735073942400922E-4
65.0	27.872290738611078	19.76180090150824	18.475631518420112	33.89027684146056	0.0
66.0	27.18851443466985	19.81197848898915	16.81047307349003	36.18592547527166	0.003108527579300759
67.0	33.81954443420947	14.492876753981953	17.328313226074744	34.35747694894336	0.0017886367904701432
68.0	34.64128100334388	15.591159119536751	23.188734130184592	26.57837264728004	4.530996547380631E-4
69.0	31.787141789416513	17.516747055628542	20.182813319654056	30.511905148762136	0.0013926865387561453
70.0	32.7246639480441	16.601218345667824	22.03493933444092	28.638674923224084	5.034486230680159E-4
71.0	26.37487828007357	20.249740649045652	25.01797954468792	28.357401526192856	0.0
