# Position (bp)	A	C	G	T	N
0.0	33.89847313107278	27.612532222883207	18.352171326591314	20.136823319452706	0.0
1.0	33.135038667459845	19.690660321237356	15.992464802696807	31.18183620860599	0.0
2.0	33.448993754337266	18.45940319222762	18.399920689997025	29.691682363438087	0.0
3.0	25.614347998414587	27.814110186286168	9.562029330162506	37.00951248513674	0.0
4.0	38.85861488160111	12.166848310710392	15.446348954721092	33.5281878529674	0.0
5.0	37.30959446092977	16.280909990108803	19.950544015825916	26.45895153313551	0.0
6.0	30.254178617347442	18.86064682029473	16.932054198397783	33.953120363960046	0.0
7.0	38.364157847888436	15.79467906240728	18.751854415982592	27.08930867372169	0.0
8.0	26.13984769063396	31.698150529126696	16.60567698546138	25.556324794777964	0.0
9.0	28.07833053110474	22.084858075363464	15.448521412323213	34.38828998120859	0.0
10.0	29.37394916427653	16.932054198397783	24.260706161606173	29.433290475719513	0.0
11.0	30.135495994461476	15.092473543665315	20.047473049154384	34.72455741271882	0.0
12.0	31.28276134902581	15.132034417960638	21.35298190090001	32.232222332113544	0.0
13.0	30.451982988824057	26.90139452081891	15.072693106517654	27.573929383839385	0.0
14.0	32.43002670359015	15.62654534665216	20.334289387795472	31.60913856196222	0.0
15.0	24.557412718821087	22.895855998417566	24.40905944021363	28.137671842547718	0.0
16.0	32.973988725150825	16.516665018296905	20.89803184650381	29.61131441004846	0.0
17.0	28.216793591138362	24.40905944021363	15.310058352289586	32.06408861635842	0.0
18.0	31.945405993472452	22.35189397685689	16.486994362575413	29.215705667095243	0.0
19.0	33.80476708535259	13.005637424587082	18.949658787459203	34.23993670260113	0.0
20.0	26.228859657798438	24.359608347344476	19.31559687469093	30.095935120166157	0.0
21.0	31.8959549006033	16.45732370685392	23.558500642864207	28.088220749678566	0.0
22.0	29.097023044209276	25.566215013351794	16.684798734052023	28.651963208386906	0.0
23.0	32.08386905350608	22.114528731084956	15.883691029571754	29.91791118583721	0.0
24.0	33.082781129462965	23.192562555632477	15.636435565225993	28.088220749678566	0.0
25.0	30.699238453169812	26.85194342794976	20.5716546335674	21.877163485313027	0.0
26.0	31.302541786173478	20.789239442191672	18.385916328750866	29.522302442883984	0.0
27.0	26.881614083671252	27.09919889229552	23.301354959944614	22.71783206408862	0.0
28.0	29.759667688655924	19.47384037187222	20.789239442191672	29.977252497280187	0.0
29.0	24.61675403026407	26.535456433587186	18.999109880328355	29.848679655820394	0.0
30.0	23.914555389965226	19.74167908594138	16.870342771982116	39.473422752111276	0.0
31.0	40.518444666002	14.795613160518444	18.614157527417746	26.071784646061815	0.0
32.0	31.822759315206444	24.97482376636455	15.28700906344411	27.915407854984892	0.0
33.0	35.984461255367	23.686362707012883	15.927213248824371	24.401962788795746	0.0
34.0	36.17514061983015	23.778537553766405	16.77511856181758	23.27120326458586	0.0
35.0	28.298132843587386	20.81420263238445	17.21763085399449	33.670033670033675	0.0
