# Position (bp)	A	C	G	T	N
0.0	55.93850482315113	12.75120578778135	15.866157556270096	15.444131832797428	0.0
1.0	18.981109324758844	52.32114147909967	14.198151125401928	14.49959807073955	0.0
2.0	18.970706260032102	51.08346709470305	12.098715890850723	17.847110754414125	0.0
3.0	55.43641647459665	14.089588135083675	15.001503156628921	15.472492233690751	0.0
4.0	56.715072608913374	12.078117175763646	10.615923885828742	20.59088632949424	0.0
5.0	18.45583817344282	51.04145804125776	12.43741237732826	18.06529140797116	0.0
6.0	18.304643714971977	47.71817453963171	16.393114491593273	17.584067253803042	0.0
7.0	56.85568556855686	12.241224122412241	12.57125712571257	18.331833183318334	0.0
8.0	55.567772890843656	12.834866053578569	11.70531787285086	19.89204318272691	0.0
9.0	14.468425259792166	47.282174260591525	14.86810551558753	23.381294964028775	0.0
10.0	14.703241895261845	11.860349127182044	14.264339152119701	59.17206982543641	0.0
11.0	16.73973694699083	12.186129932243922	11.23953766440813	59.83459545635711	0.0
12.0	15.673794132272501	12.690203878667331	12.670313276976627	58.96568871208354	0.0
13.0	17.160174880763115	49.76152623211447	13.05643879173291	20.021860095389506	0.0
14.0	17.990468625893566	10.45472597299444	51.82684670373312	19.727958697378874	0.0
15.0	54.054321966693095	13.104678826328312	16.256938937351308	16.58406026962728	0.0
16.0	17.023172905525847	14.359279065161418	13.705684293919587	54.911863735393155	0.0
17.0	17.791411042944784	50.58381159707105	13.754205422521274	17.87057193746289	0.0
18.0	15.915381573744563	17.29932779754844	11.783313562672994	55.001977066034	0.0
19.0	16.93659885443413	51.728224372901444	11.564289946671934	19.770886825992495	0.0
20.0	15.526601520086864	14.50992004737933	14.77642878294344	55.18704964959037	0.0
21.0	14.772839262836307	16.241253572484478	14.378634079038138	54.607273085641076	0.0
22.0	17.436250861474846	10.633060943191888	51.19621935610908	20.734468839224178	0.0
23.0	16.973334645281906	10.63662304437666	16.461674702351665	55.92836760798977	0.0
24.0	53.30253587576175	10.300766660114016	13.976803617063101	22.419893847061136	0.0
25.0	20.44740973312402	10.253139717425432	49.77433281004709	19.525117739403452	0.0
26.0	55.48146695430477	11.070798195724652	12.482839772504413	20.96489507746617	0.0
27.0	15.679169523063363	16.002350406424444	9.460385858388012	58.85809421212418	0.0
28.0	18.21917808219178	46.99608610567515	13.091976516634052	21.692759295499023	0.0
29.0	19.696969696969695	14.007820136852395	10.32258064516129	55.972629521016614	0.0
30.0	21.360370115168816	13.55448370902648	45.74269120976474	19.342454966039966	0.0
31.0	20.217001791757912	11.298029066295042	8.749751144734223	59.73521799721282	0.0
32.0	18.193612774451097	12.19560878243513	12.435129740518962	57.175648702594806	0.0
33.0	20.765464175077447	50.134905566103726	10.382732087538724	18.716898171280107	0.0
34.0	21.16211621162116	11.14111411141114	10.41104110411041	57.28572857285729	0.0
35.0	20.343925985518908	48.481496379726465	11.192679002413515	19.98189863234111	0.0
36.0	18.604415637026534	13.621632570386874	12.082236175815272	55.69171561677132	0.0
37.0	55.60187067913787	12.576250508336722	13.226921512810087	18.594957299715333	0.0
38.0	56.86894441611423	13.564507904130545	10.882202957674656	18.68434472208057	0.0
39.0	55.57944307944308	12.674037674037674	13.943488943488944	17.803030303030305	0.0
40.0	17.23524487233152	49.570950188363334	11.42737547090833	21.76642946839682	0.0
41.0	19.370791245791246	11.18476430976431	51.77819865319865	17.666245791245792	0.0
42.0	57.65004226542688	13.091715976331361	11.147506339814033	18.110735418427726	0.0
43.0	58.04054771255706	14.669355694724551	10.168771892580406	17.12132470013799	0.0
44.0	22.43686596157997	49.00712281459098	11.374919058925101	17.181092164903948	0.0
45.0	25.15493405371047	18.09947560781821	17.87700619736215	38.86858414110917	0.0
46.0	27.838312829525485	15.975395430579963	21.528998242530754	34.657293497363796	0.0
47.0	30.51718030464045	14.364151611760539	22.972015586255758	32.146652497343254	0.0
48.0	28.971135115990794	20.293961395431204	19.63874623693997	31.09615725163804	0.0
49.0	31.257761220507362	18.201170835550826	18.378570161433387	32.162497782508424	0.0
50.0	27.748132337246535	22.340803984347207	21.736036997509782	28.175026680896476	0.0
51.0	32.48694399423735	20.31334413830362	19.575004502070954	27.62470736538808	0.0
52.0	31.235132662397074	18.27996340347667	22.2323879231473	28.252516010978958	0.0
53.0	31.646971935007386	17.208271787296898	19.165435745937963	31.979320531757754	0.0
54.0	30.28624192059095	20.535549399815327	19.519852262234533	29.658356417359187	0.0
55.0	25.977859778597782	22.5830258302583	19.88929889298893	31.54981549815498	0.0
56.0	28.113278319579894	20.23630907726932	19.561140285071268	32.08927231807952	0.0
57.0	31.12921561197423	20.32967032967033	21.50435771125426	27.036756347101175	0.0
58.0	29.21606118546845	23.479923518164437	18.26003824091778	29.043977055449332	0.0
59.0	24.79659046881054	17.609453700116234	24.118558698178997	33.47539713289422	0.0
60.0	26.747839748625296	18.578161822466615	23.271798900235662	31.402199528672426	0.0
61.0	30.579652996845425	18.631703470031546	23.75788643533123	27.030757097791795	0.0
62.0	27.511438233538886	15.953849214243087	21.682912273721904	34.85180027849612	0.0
63.0	30.94758064516129	17.419354838709676	20.665322580645164	30.967741935483872	0.0
64.0	26.89417022140971	19.33780215315864	22.587852935202115	31.180174690229535	0.0
65.0	26.17683176422431	21.30577159230454	21.264838313548914	31.252558329922227	0.0
66.0	27.73109243697479	18.97929903668785	23.119491699118672	30.170116827218692	0.0
67.0	28.09934318555008	20.1559934318555	20.361247947454846	31.38341543513957	0.0
68.0	29.0356175796709	17.142262028744014	19.683399291814204	34.13872109977088	0.0
69.0	29.11901736552308	21.918678526048286	20.24565861922914	28.716645489199493	0.0
70.0	30.45630650021524	21.674558760223846	18.166164442531212	29.7029702970297	0.0
71.0	27.95558458523841	20.61833224472023	22.033529283692577	29.392553886348793	0.0
72.0	32.113289760348586	18.387799564270153	18.9760348583878	30.522875816993466	0.0
73.0	30.85988651243998	15.953731994762114	20.47140986468791	32.71497162810999	0.0
74.0	27.816040879804486	16.77405021106421	26.105309931126413	29.304598978004886	0.0
75.0	34.32636727434416	22.943530457981325	17.76345042240996	24.96665184526456	0.0
76.0	32.609668755595344	17.949865711727842	16.27126230975828	33.16920322291853	0.0
77.0	29.289078268670103	18.950437317784257	17.963668984077145	33.79681542946849	0.0
78.0	27.722772277227726	18.204320432043204	21.827182718271825	32.24572457245725	0.0
79.0	29.803293687099725	20.082342177493135	18.298261665141812	31.816102470265324	0.0
80.0	27.48902748902749	19.034419034419034	19.404019404019405	34.07253407253407	0.0
81.0	25.78922934076137	19.568245125348188	23.09656453110492	31.545961002785518	0.0
82.0	32.69767441860465	16.72093023255814	21.53488372093023	29.04651162790698	0.0
83.0	28.604923798358733	17.91324736225088	23.845252051582648	29.63657678780774	0.0
84.0	24.60093896713615	22.72300469483568	23.4037558685446	29.272300469483568	0.0
85.0	29.50011734334663	17.765782680122037	21.544238441680356	31.189861534850976	0.0
86.0	29.565217391304348	20.705052878965923	22.867215041128084	26.862514688601646	0.0
87.0	30.618969169216285	18.68674982348788	24.735231819251588	25.959049188044247	0.0
88.0	33.49893541518807	20.416370948663353	15.637568015140763	30.44712562100781	0.0
89.0	30.6669831474009	16.11678139093283	18.917635888915264	34.29859957275101	0.0
90.0	27.420123986647592	15.832141154029566	20.386266094420602	36.36146876490224	0.0
91.0	30.129434324065198	18.192713326941515	18.576222435282837	33.101629913710454	0.0
92.0	27.51081210956271	21.23978856319077	17.851994233541564	33.397405093704954	0.0
93.0	33.60557290415566	14.821042517415325	20.56209464328609	31.011289935142926	0.0
94.0	30.161018985820714	17.18336938236001	21.581350636866137	31.074260994953136	0.0
95.0	30.125725338491293	18.59284332688588	19.342359767891683	31.93907156673114	0.0
96.0	30.07043964051494	16.97838231722128	18.921544814185086	34.0296332280787	0.0
97.0	27.938671209540033	20.41859333171088	20.345582866877585	31.2971525918715	0.0
98.0	32.42177876324217	18.206454791820644	17.29490022172949	32.07686622320768	0.0
99.0	27.944111776447105	18.812375249501	19.91017964071856	33.33333333333333	0.0
100.0	32.87981859410431	16.55328798185941	19.24918115394306	31.317712270093224	0.0
101.0	29.451881788330386	19.196766860318263	19.67668603182622	31.67466531952513	0.0
102.0	28.676284484940524	17.868893950898507	19.336876740065804	34.11794482409516	0.0
103.0	28.38660578386606	20.750887874175543	20.116692034500254	30.74581430745814	0.0
104.0	26.893746822572446	18.683274021352315	21.377732587697	33.04524656837824	0.0
105.0	29.31562819203269	16.189989785495403	21.501532175689476	32.99284984678243	0.0
106.0	30.0589894844832	19.85124390869454	19.7999487047961	30.28981790202616	0.0
107.0	31.187226371362346	20.216327581766674	18.851403553953126	29.745042492917843	0.0
108.0	32.07839092315626	16.70964414646725	18.92728210417741	32.284682826199074	0.0
109.0	27.035409666580513	18.19591625743086	21.6593434996123	33.10933057637632	0.0
110.0	24.020752269779507	18.59922178988327	21.634241245136188	35.74578469520104	0.0
111.0	27.848429794964964	19.85465870750065	19.724889696340515	32.57202180119387	0.0
112.0	28.497004428236522	20.395936441781714	20.578275592602242	30.528783537379528	0.0
113.0	28.100470957613815	16.16954474097331	22.05651491365777	33.6734693877551	0.0
114.0	29.70063025210084	17.883403361344538	22.715336134453782	29.70063025210084	0.0
115.0	28.70321560358461	18.79283078545071	17.316816025303112	35.187137585661574	0.0
116.0	30.55188803802482	17.850541325587535	19.831000792183787	31.766569844203858	0.0
117.0	27.971473851030108	20.734284204965665	18.225039619651348	33.06920232435288	0.0
118.0	30.01057641459545	16.31411951348493	22.051824431517716	31.623479640401904	0.0
119.0	25.775656324582343	17.84672500662954	24.37019358260408	32.007425086184035	0.0
120.0	25.371549893842886	21.20488322717622	24.044585987261147	29.378980891719745	0.0
121.0	27.746741154562383	18.648576749135408	21.308858739026338	32.29582335727587	0.0
122.0	25.36833645861238	19.15349584784356	21.832306455933566	33.645861237610504	0.0
123.0	30.16517736257785	16.95098835634985	21.256431085838074	31.627403195234226	0.0
124.0	31.392199349945827	16.549295774647888	20.693391115926328	31.365113759479957	0.0
125.0	28.253796095444685	18.953362255965292	22.234273318872017	30.558568329718007	0.0
126.0	30.005425935973957	19.83179598480738	18.909386869234943	31.25339120998372	0.0
127.0	30.917480998914225	19.35396308360478	20.602605863192185	29.12595005428882	0.0
128.0	31.873810171335325	18.765297797117213	18.03100353549089	31.32988849605657	0.0
129.0	29.533678756476682	17.507499318243795	23.20698118352877	29.75184074175075	0.0
130.0	29.554766457252118	18.328325594099972	18.027861240098332	34.089046708549574	0.0
131.0	30.754510661563693	21.815199562602515	17.331875341716785	30.098414434117004	0.0
132.0	31.665299425758818	18.211648892534864	21.547716707683897	28.57533497402242	0.0
133.0	26.252395291541198	22.20093074185601	20.038324664659186	31.508349301943607	0.0
134.0	28.587105624142662	22.277091906721537	18.271604938271604	30.864197530864196	0.0
135.0	29.799505630321338	15.709969788519636	20.57127162867344	33.91925295248558	0.0
136.0	29.573590096286107	17.441540577716644	19.669876203576344	33.31499312242091	0.0
137.0	28.382474510884542	16.643703499586664	18.68283273629099	36.290989253237804	0.0
138.0	31.583310306714562	17.297596021000274	19.6739430781984	31.445150594086762	0.0
139.0	30.75858250276855	18.826135105204873	21.511627906976745	28.903654485049834	0.0
140.0	30.833333333333336	17.02777777777778	20.5	31.63888888888889	0.0
141.0	34.24200278164117	17.468706536856747	19.471488178025034	28.817802503477054	0.0
142.0	34.010576120233786	18.64736988588923	18.619537990537154	28.722516003339827	0.0
143.0	34.03899721448468	18.690807799442897	19.35933147632312	27.910863509749305	0.0
144.0	30.22023975466964	19.933091720100364	18.678561471982157	31.16810705324784	0.0
145.0	32.28236607142857	20.8984375	18.359375	28.45982142857143	0.0
146.0	29.95804195804196	21.062937062937063	17.95804195804196	31.020979020979023	0.0
147.0	29.551820728291318	18.235294117647058	20.30812324929972	31.9047619047619	0.0
148.0	27.950658816933	20.49341183067003	19.40005606952621	32.155873282870765	0.0
149.0	32.83791362871565	19.265283230510374	17.807066741447	30.089736399326977	0.0
150.0	28.01348693453217	16.493397021635293	20.792357403765102	34.700758640067434	0.0
151.0	27.293190770962294	19.302194710185706	19.639842431063588	33.76477208778841	0.0
152.0	27.774647887323944	17.971830985915492	19.661971830985916	34.59154929577465	0.0
153.0	28.83366280711663	15.334651228466534	20.898051397910194	34.93363456650664	0.0
154.0	28.35314091680815	16.893039049235995	21.36389360498019	33.38992642897566	0.0
155.0	30.705982421321238	18.315849163595125	20.32889140912957	30.64927700595407	0.0
156.0	31.003125888036376	17.675475987496448	20.886615515771524	30.434782608695656	0.0
157.0	31.235763097949885	17.51138952164009	21.725512528473804	29.52733485193622	0.0
158.0	28.583666476299257	19.246145059965734	20.53112507138778	31.63906339234723	0.0
159.0	31.70522707797772	16.48100542702085	21.10825478434733	30.705512710654098	0.0
160.0	28.742857142857144	16.885714285714286	23.771428571428572	30.599999999999998	0.0
161.0	28.22419216471261	16.328281384043468	23.248498713182727	32.1990277380612	0.0
162.0	30.38119805101748	18.74462596732588	21.897391802808826	28.976784178847808	0.0
163.0	27.763422337065748	16.652311225954637	22.107378696525984	33.476887740453634	0.0
164.0	33.03622771707878	16.791259344450836	19.00517538815411	31.167337550316276	0.0
165.0	31.645569620253166	18.181818181818183	22.49712313003452	27.675489067894134	0.0
166.0	32.18822170900693	19.31293302540416	20.52540415704388	27.973441108545032	0.0
167.0	33.140710777232016	17.596070499855532	20.052008090147353	29.211210632765095	0.0
168.0	28.3068017366136	18.29232995658466	22.431259044862518	30.96960926193922	0.0
169.0	28.799303944315547	18.097447795823665	20.533642691415313	32.569605568445475	0.0
170.0	26.554328878558977	18.710052295177224	22.283556072051134	32.45206275421267	0.0
171.0	27.989525749199885	20.308408495781205	17.77713121908641	33.9249345359325	0.0
172.0	31.23359580052493	20.618256051326917	17.14785651793526	31.00029163021289	0.0
173.0	29.093567251461987	20.321637426900587	20.05847953216374	30.526315789473685	0.0
174.0	28.872620790629576	21.142020497803806	19.32650073206442	30.658857979502198	0.0
175.0	30.011723329425553	17.966002344665885	20.164126611957798	31.858147713950764	0.0
176.0	30.067468465825755	16.92578468759167	19.213845702552067	33.79290114403051	0.0
177.0	27.47058823529412	19.264705882352942	20.588235294117645	32.6764705882353	0.0
178.0	28.12960235640648	17.43740795287187	22.268041237113405	32.16494845360825	0.0
179.0	27.130639929224415	18.696549690356825	21.58655263933943	32.58625774107933	0.0
180.0	29.559562518474724	18.179130948861957	18.533845699083653	33.72746083357966	0.0
181.0	29.715302491103202	17.734282325029657	21.085409252669038	31.465005931198103	0.0
182.0	32.123735871505055	16.061867935752527	22.605591909577633	29.208804283164785	0.0
183.0	30.22354694485842	19.85096870342772	20.983606557377048	28.94187779433681	0.0
184.0	34.052111410601974	18.538484576220426	18.598382749326145	28.811021263851455	0.0
185.0	29.034193161367728	20.18596280743851	21.985602879424114	28.794241151769643	0.0
186.0	30.547203848466626	17.889356584485867	19.36259771497294	32.20084185207456	0.0
187.0	31.69332930878358	20.313914880772714	20.313914880772714	27.678840929670994	0.0
188.0	31.943185252342097	17.769718948322758	19.82472045935328	30.462375339981868	0.0
189.0	31.1837723281865	18.58916136845292	20.193763245534363	30.033303057826217	0.0
190.0	32.38153098420413	17.375455650060754	18.49939246658566	31.743620899149455	0.0
191.0	29.544072948328264	17.56838905775076	19.756838905775076	33.130699088145896	0.0
192.0	34.15525114155251	17.382039573820396	17.62557077625571	30.837138508371385	0.0
193.0	26.69917708015849	16.001219140505942	22.462663822005485	34.83693995733008	0.0
194.0	27.723378212974296	18.206854345165237	19.981640146878828	34.08812729498164	0.0
195.0	27.18357339871284	20.13484523444683	20.625191541526203	32.05638982531413	0.0
196.0	29.6990171990172	16.799754299754298	17.045454545454543	36.45577395577396	0.0
197.0	28.76923076923077	17.846153846153847	20.246153846153845	33.13846153846154	0.0
198.0	29.449938195302845	20.055624227441285	18.541409147095177	31.95302843016069	0.0
199.0	28.327645051194537	20.695004654049022	20.943220601923674	30.034129692832767	0.0
200.0	24.42510876320696	20.261031696706027	21.566190180236173	33.74766935985084	0.0
201.0	29.545454545454547	19.333748443337484	18.960149439601494	32.160647571606475	0.0
202.0	30.826833073322934	18.408736349453978	18.1591263650546	32.605304212168484	0.0
203.0	32.0625	15.875	21.375	30.6875	0.0
204.0	32.5705329153605	17.304075235109718	21.03448275862069	29.09090909090909	0.0
205.0	33.56401384083045	16.200062912865683	19.943378420887072	30.292544825416794	0.0
206.0	30.179754020813625	18.227688426363923	20.561337117628508	31.031220435193944	0.0
207.0	27.557808045612926	17.96008869179601	18.688628444726003	35.79347481786506	0.0
208.0	26.270648030495554	18.932655654383733	20.933926302414232	33.86277001270648	0.0
209.0	28.68513212352754	16.93728112066221	22.19038522763451	32.18720152817574	0.0
210.0	30.73731248005107	17.36354931375678	19.214810086179384	32.684328120012765	0.0
211.0	29.182630906768836	19.189016602809705	20.753512132822475	30.874840357598977	0.0
212.0	28.26086956521739	18.15856777493606	21.515345268542198	32.065217391304344	0.0
213.0	27.934573444515713	18.762026940346377	20.26940346375882	33.03399615137909	0.0
214.0	29.521362030195952	19.37038226790877	21.07292001284934	30.03533568904594	0.0
215.0	30.833601544898613	20.72738976504667	20.0836820083682	28.355326681686517	0.0
216.0	29.483870967741936	19.193548387096772	20.290322580645164	31.032258064516128	0.0
217.0	27.540453074433657	19.676375404530745	22.071197411003237	30.711974110032365	0.0
218.0	26.122316200390372	18.445022771633052	19.420949902407287	36.01171112556929	0.0
219.0	26.566579634464755	17.9177545691906	22.845953002610965	32.66971279373368	0.0
220.0	30.602883355176935	18.34862385321101	19.495412844036696	31.553079947575362	0.0
221.0	32.76428102429416	17.89231779382797	17.43269862114248	31.910702560735395	0.0
222.0	29.78303747534517	20.216962524654832	18.277449046679816	31.722550953320184	0.0
223.0	32.10283454185893	16.776532630191166	17.798286090969018	33.32234673698088	0.0
224.0	32.11100099108028	20.515361744301288	18.10373306904526	29.269904195573176	0.0
225.0	35.14408744617423	18.350447167936405	18.68168267638291	27.82378270950646	0.0
226.0	33.9673006339673	18.01801801801802	22.25558892225559	25.759092425759096	0.0
227.0	28.657515902243052	17.408771342484098	21.694007365249416	32.23970539002344	0.0
228.0	27.76659959758551	21.026156941649898	21.495640509725018	29.711602951039573	0.0
229.0	30.890756302521012	20.100840336134453	19.19327731092437	29.815126050420165	0.0
230.0	27.398182430158197	24.032312352743183	20.02692696061932	28.542578256479302	0.0
231.0	31.070584262073623	19.3515704154002	19.11516379601486	30.462681526511314	0.0
232.0	27.33446519524618	21.01867572156197	21.833616298811545	29.813242784380307	0.0
233.0	27.76454576386526	19.394351820347055	19.258251105818307	33.58285130996938	0.0
234.0	25.631399317406146	20.06825938566553	24.436860068259385	29.86348122866894	0.0
235.0	28.199863107460644	18.412046543463383	23.613963039014372	29.774127310061605	0.0
236.0	28.698935805012017	17.679368348781324	21.798832818400275	31.822863027806385	0.0
237.0	26.190476190476193	21.152518978605936	21.394064872325742	31.262939958592135	0.0
238.0	27.41433021806853	18.968501211491866	25.02596053997923	28.59120803046037	0.0
239.0	27.446882619296414	18.53012887495646	19.331243469174503	34.69174503657263	0.0
240.0	28.040658955485455	17.770767613038906	22.292323869610936	31.896249561864703	0.0
241.0	29.075511644318986	17.74876499647142	23.853211009174313	29.322512350035286	0.0
242.0	26.801561945331915	19.027334043308482	23.074192403265886	31.09691160809372	0.0
243.0	26.347732952516957	17.422349161013923	24.455551588718315	31.774366297750806	0.0
244.0	26.185344827586203	18.82183908045977	23.455459770114942	31.537356321839084	0.0
245.0	28.22085889570552	17.899675207506316	21.977625405990615	31.901840490797547	0.0
246.0	26.21041135784492	21.878412813978887	22.242446305060064	29.668729523116127	0.0
247.0	23.962962962962962	20.0	24.037037037037038	32.0	0.0
248.0	23.52941176470588	20.37677816224529	26.066897347174162	30.026912725874666	0.0
249.0	17.85876993166287	21.503416856492027	22.687927107061505	37.949886104783594	0.0
250.0	16.829745596868882	19.765166340508806	24.787997390737115	38.617090671885194	0.0
