# Position (bp)	A	C	G	T	N
0.0	2.5236593059936907	0.9463722397476341	68.76971608832808	27.760252365930597	0.0
1.0	28.391167192429023	2.5236593059936907	0.31545741324921134	68.76971608832808	0.0
2.0	71.60883280757098	27.760252365930597	0.31545741324921134	0.31545741324921134	0.0
3.0	31.03448275862069	68.3385579937304	0.0	0.6269592476489028	0.0
4.0	96.58385093167702	0.3105590062111801	1.8633540372670807	1.2422360248447204	0.0
5.0	95.34161490683229	0.3105590062111801	0.3105590062111801	4.037267080745342	0.0
6.0	71.11801242236024	0.6211180124223602	0.6211180124223602	27.639751552795033	0.0
7.0	27.95031055900621	3.1055900621118013	0.9316770186335404	68.01242236024845	0.0
8.0	68.63354037267081	29.81366459627329	0.6211180124223602	0.9316770186335404	0.0
9.0	2.484472049689441	94.40993788819875	0.0	3.1055900621118013	0.0
10.0	3.7267080745341614	68.63354037267081	0.3105590062111801	27.32919254658385	0.0
11.0	27.639751552795033	3.1055900621118013	0.0	69.25465838509317	0.0
12.0	72.36024844720497	27.018633540372672	0.0	0.6211180124223602	0.0
13.0	30.434782608695656	69.25465838509317	0.0	0.3105590062111801	0.0
14.0	95.03105590062113	3.7267080745341614	0.3105590062111801	0.9316770186335404	0.0
15.0	68.32298136645963	27.639751552795033	0.0	4.037267080745342	0.0
16.0	1.8633540372670807	67.70186335403726	0.6211180124223602	29.81366459627329	0.0
17.0	0.6211180124223602	2.1739130434782608	2.1739130434782608	95.03105590062113	0.0
18.0	0.9316770186335404	0.9316770186335404	27.95031055900621	70.1863354037267	0.0
19.0	1.2422360248447204	0.6211180124223602	69.56521739130434	28.57142857142857	0.0
20.0	0.9316770186335404	2.484472049689441	27.95031055900621	68.63354037267081	0.0
21.0	0.9316770186335404	27.95031055900621	67.70186335403726	3.4161490683229814	0.0
22.0	3.4161490683229814	67.3913043478261	0.3105590062111801	28.88198757763975	0.0
23.0	30.745341614906835	0.6211180124223602	0.6211180124223602	68.01242236024845	0.0
24.0	95.03105590062113	0.6211180124223602	0.6211180124223602	3.7267080745341614	0.0
25.0	68.32298136645963	0.0	3.1055900621118013	28.57142857142857	0.0
26.0	2.484472049689441	1.2422360248447204	27.95031055900621	68.32298136645963	0.0
27.0	27.018633540372672	2.7950310559006213	68.63354037267081	1.5527950310559007	0.0
28.0	67.70186335403726	29.81366459627329	0.6211180124223602	1.8633540372670807	0.0
29.0	0.9316770186335404	96.8944099378882	0.6211180124223602	1.5527950310559007	0.0
30.0	0.0	94.08602150537635	0.0	5.913978494623656	0.0
31.0	23.076923076923077	7.6923076923076925	30.76923076923077	38.46153846153847	0.0
32.0	45.45454545454545	18.181818181818183	18.181818181818183	18.181818181818183	0.0
33.0	18.181818181818183	45.45454545454545	18.181818181818183	18.181818181818183	0.0
34.0	12.5	12.5	37.5	37.5	0.0
35.0	0.0	0.0	100.0	0.0	0.0
