# Position (bp)	A	C	G	T	N
0.0	27.13562782138647	24.291957790620778	22.706662066189367	25.865608556887775	1.4376491560999454E-4
1.0	27.662897169080093	19.955986710049558	14.797606204269231	37.58308009931645	4.2981728467228583E-4
2.0	28.6593394666263	19.601354998843224	18.08812062460191	33.65061366252417	5.712474043946063E-4
3.0	24.10179491452754	22.39291549329881	14.847038412395893	38.656826757487835	0.0014244222899297617
4.0	34.28193851378715	14.086978763312894	14.791789523044896	36.83773011147662	0.0015630883784379062
5.0	36.748798119573436	14.719788338459747	22.63211458565465	25.89433104194197	0.004967914370189107
6.0	32.302930275161714	18.00007940356579	19.987579013637564	29.70884413930788	5.671683270519441E-4
7.0	35.69136845208065	16.538084359818832	20.231306437807167	27.53867389221761	5.668580757435761E-4
8.0	22.78854242492048	27.56805519757321	22.437609578002544	27.205792799503765	0.0
9.0	29.128168982189163	18.363395495770916	15.636004393265171	36.87172345075127	7.076780234835876E-4
10.0	26.807784091471703	17.3468622732976	24.806310110350545	31.038053326430237	9.901984499150552E-4
11.0	28.495255386207745	18.416680452983005	19.723623241891172	33.36444091891808	0.0
12.0	26.78246833099167	19.655704661938106	20.770798644190457	32.791028362879764	0.0
13.0	27.504804159837228	21.708302718589273	18.55776295710168	32.229130164471826	0.0
14.0	31.84296049285028	18.367009551800148	20.46572090657322	29.32416774995761	1.4129881874187534E-4
15.0	29.95591476855253	18.98490928615837	19.62259085514045	31.436443791329904	1.4129881874187534E-4
16.0	30.49581755496524	17.810716102413384	19.163369694229356	32.52995534957328	1.4129881874187534E-4
17.0	30.008054032668284	18.413496863166223	20.51107782738936	31.0669473803199	4.238964562256259E-4
18.0	31.760441982705025	18.55352399253942	18.028457582094614	31.6574351438422	1.4129881874187534E-4
19.0	30.80639235855988	18.384389306505398	19.53286610523936	31.27621093087662	1.4129881874187534E-4
20.0	30.310009608319678	18.407562312779067	19.213954671338946	32.06804951110609	4.238964562256259E-4
21.0	30.34434522127395	17.297094896286666	19.43353303566382	32.92375515740689	0.0012716893686768778
22.0	28.732408297066637	19.309613971627197	19.962838410670887	31.994856722997795	2.825976374837507E-4
23.0	30.58384671904143	17.80972701068219	20.0661278471712	31.538744136099023	0.0015542870061606285
24.0	31.370033346521225	18.210167862996666	18.49700446504267	31.92222913016447	5.651952749675013E-4
25.0	29.51025829424066	18.354716554569602	19.455575651387555	32.67930820098344	1.4129881874187534E-4
26.0	32.23845588650879	18.37082461990618	19.56324535126886	29.826908947041204	5.651952749675013E-4
27.0	29.48553100096083	18.14601819928785	19.827615441134913	32.54069405979766	1.4129881874187534E-4
28.0	30.179732097439665	18.225286836602045	19.98869609450065	31.605437178545188	8.477929124512518E-4
29.0	29.58773185402681	18.596646409097396	19.53360020007941	32.28173893875959	2.825980367914384E-4
30.0	29.966074009809006	18.639653985985923	19.6281847122508	31.764956896612627	0.001130395341640797
31.0	30.739731756806403	18.415579130611714	19.140587467289137	31.7028299487365	0.0012716965562457256
32.0	29.447671584385194	18.659400067541505	19.67732682598737	32.21517762143694	4.2390064899189365E-4
33.0	29.698208012931925	18.708051083359475	19.283148652123906	32.31045094997075	1.413016139470345E-4
34.0	30.16629998431532	18.22446612038768	19.281274330681068	32.32739435097224	5.652136436921451E-4
35.0	30.568371578734528	17.69945039173905	19.80003704588741	31.931999587122174	1.4139651683820422E-4
36.0	31.167029414385173	17.727686065537835	18.83558689469568	32.26899051481892	7.071105623933147E-4
37.0	29.32172368238665	18.688454564227904	19.331030639407746	32.65765956905112	0.0011315449265768785
38.0	30.781974161493498	18.652702404463735	19.58005353312999	30.985128428581937	1.41472330841534E-4
39.0	29.365516323847242	19.34064876447718	19.3178617578831	31.9748408801729	0.00113227361958154
40.0	29.98872188973522	18.35512445593036	19.530541575988394	32.123911860718174	0.0017002176278563656
41.0	29.96170724128978	18.46153627880647	20.3056610573001	31.269676646808538	0.001418775795117425
42.0	29.40803926051413	18.39015987924211	19.33262238025387	32.86903647870904	1.4200128085155327E-4
43.0	29.451262491331388	18.316640329236822	20.293937085753914	31.938017985243462	1.421084344197997E-4
44.0	29.61807486068314	18.793236573466448	20.22444269700947	31.363961476168605	2.843926723384045E-4
45.0	29.453955118975124	18.299148023151915	19.79124575292102	32.45465514003267	9.959649192699293E-4
46.0	30.585046564000944	17.46299507170372	19.472891523387343	32.47878213286185	2.847080461340918E-4
47.0	29.68048624877526	18.03452616948071	20.071148631713264	32.213269305261235	5.696447695217262E-4
48.0	30.08609500797123	18.069693787852668	18.695709781606755	33.14707671616572	0.0014247064036278724
49.0	29.24604950695452	17.86096088990504	20.124636879630764	32.76835272350967	0.0
50.0	29.84154113268059	18.80349074598503	19.484719783033903	31.869392343698955	8.559946015273797E-4
51.0	30.136268119202818	18.20912920686212	19.30981676159293	32.34378593662725	9.999757148754958E-4
52.0	29.763475324452333	17.87986320774965	20.15181650378468	32.204701875885355	1.4308812797802166E-4
53.0	31.07259295351787	17.877026920513906	19.37101870893314	31.67936141703509	0.0
54.0	30.37328190159662	18.275343476176946	19.119862925237427	32.230507170881374	0.0010045261076335374
55.0	29.127111959159567	18.43983350024498	18.57676331258073	33.85629122801472	0.0
56.0	29.26326509769286	18.66183153070604	20.253053486174263	31.82184988542684	0.0
57.0	28.196873780732734	18.631195677369103	19.777936787426015	33.39370580943509	2.879450370513276E-4
58.0	30.950696462715793	17.97676392313046	21.77917513800293	29.292788113088196	5.763630626204059E-4
59.0	29.95225249917055	20.32168255845823	21.003418778760295	28.722069154537454	5.770090734676803E-4
60.0	31.717410496899884	19.31492578073637	19.384282826473008	29.583236402045454	1.444938452846601E-4
61.0	29.08052116490576	21.2869316495787	19.523273941609958	30.106812460826504	0.0024607830790765407
62.0	31.34758197030663	16.55097632775349	21.69433364106673	30.406382274556254	7.257863168957249E-4
63.0	26.64976356532136	20.53042339793114	25.57047967040409	27.249187733649453	1.4563269395726264E-4
64.0	26.44461775281358	19.56422681586765	18.194019692893676	35.79596736739719	0.0011683710279036211
65.0	27.607265779421443	19.39919734734874	18.485626832452486	34.5073239490276	5.86091749732962E-4
66.0	26.588264338206663	19.897076738373006	16.511953587545754	36.99829685807787	0.004408477796701576
67.0	33.54420488990058	14.213263825822356	17.729133003880314	34.51074457169142	0.0026537087053439797
68.0	34.33354019057654	15.338836628911498	22.860701737154386	27.464093898306597	0.0028275450509776608
69.0	31.98567438384814	17.21033230508459	20.563304126208802	30.240233535489768	4.5564936869779964E-4
70.0	33.06338660441731	15.985732708663217	21.77378017923897	29.17677402504122	3.26482639285656E-4
71.0	25.63630542660477	19.874154979005308	26.062150858052892	28.42677305619518	6.156801418527047E-4
