# Position (bp)	A	C	G	T	N
0.0	32.06751054852321	18.53023909985935	27.79535864978903	21.60689170182841	0.0
1.0	19.672995780590718	25.28129395218003	19.040084388185655	36.0056258790436	0.0
2.0	25.140646976090014	24.050632911392405	23.347398030942333	27.461322081575247	0.0
3.0	26.371308016877638	16.78973277074543	14.69760900140647	42.141350210970465	0.0
4.0	36.015460295151094	9.94378074490513	20.39704848910752	33.64371047083626	0.0
5.0	36.52494729444835	13.193956430077304	25.404075895994378	24.877020379479973	0.0
6.0	28.970484891075195	15.196767392832044	23.559381588193958	32.273366127898804	0.0
7.0	35.08432888264231	15.390021082220661	25.298664792691493	24.226985242445537	0.0
8.0	21.820098383696415	31.676036542515813	20.133520730850314	26.370344342937457	0.0
9.0	25.755446240337314	22.505270555165144	17.269852424455376	34.46943078004217	0.0
10.0	28.109627547434997	17.041461700632464	26.91496837666901	27.933942375263527	0.0
11.0	29.356992269852423	21.029515108924805	21.978215038650738	27.635277582572034	0.0
12.0	21.39845397048489	15.79409697821504	26.704146170063247	36.10330288123683	0.0
13.0	22.839072382290933	21.205200281096275	21.960646521433592	33.99508081517919	0.0
14.0	29.55024595924104	13.439915671117358	23.401264933239634	33.60857343640197	0.0
15.0	25.140548137737174	19.237526352775824	24.349964862965564	31.271960646521435	0.0
16.0	38.4926212227688	15.302178496134927	20.88896697118763	25.316233309908643	0.0
17.0	38.106113843991565	12.947997189037244	20.44975404075896	28.49613492621223	0.0
18.0	26.071679550245957	22.64581869290232	23.66479269149684	27.617709065354884	0.0
19.0	35.20730850316233	16.830639494026702	18.02529866479269	29.936753338018274	0.0
20.0	25.825720309205902	21.13492621222769	24.771609276177088	28.267744202389316	0.0
21.0	29.234012649332396	18.76317638791286	22.80393534785664	29.1988756148981	0.0
22.0	36.06816584680253	17.832044975404077	23.805340829234012	22.29444834855938	0.0
23.0	30.059732958538298	17.568517217146873	23.13773717498243	29.234012649332396	0.0
24.0	31.957132817990164	22.382290934645116	20.836261419536193	24.82431482782853	0.0
25.0	26.300070274068872	25.28109627547435	19.72944483485594	28.68938861560084	0.0
26.0	38.984539704848906	12.807449051300072	16.777933942375263	31.430077301475755	0.0
27.0	30.8854532677442	16.092761770906534	28.109627547434997	24.912157413914265	0.0
28.0	31.728742094167252	17.86718200983837	22.716092761770906	27.687983134223472	0.0
29.0	27.723120168657765	22.962052002810964	16.215741391426562	33.09908643710471	0.0
30.0	25.022073106127497	18.64736005650715	17.16404732473954	39.16651951262582	0.0
31.0	38.656504785537045	15.260545905707195	13.878057426444524	32.20489188231124	0.0
32.0	33.52909770421783	15.002669514148426	23.598505072076883	27.869727709556862	0.0
33.0	31.108699584011575	15.771387230964006	22.083559413998916	31.036353771025503	0.0
34.0	38.228483211115396	10.362794287919721	25.27981474334234	26.12890775762254	0.0
35.0	28.88052681091251	26.64628410159925	28.15145813734713	16.32173095014111	0.0
