# Position (bp)	A	C	G	T	N
0.0	26.279905861531578	24.028482443962695	23.59332734708681	26.098284347418915	0.0
1.0	26.480525775736986	20.204977979671046	15.515470866505195	37.799025378086775	0.0
2.0	28.884036642465844	19.28122798759549	18.073437801377608	33.76129756856106	0.0
3.0	23.237375517453472	22.653577426243444	15.023082398634408	39.085964657668676	0.0
4.0	34.195065129521545	13.081010531440842	14.87247434245268	37.85144999658493	0.0
5.0	35.10333592469798	14.808326930213456	23.105587767873075	26.982749377215487	0.0
6.0	31.20385344494513	17.3313612958051	21.007514185755944	30.45727107349383	0.0
7.0	35.08862742680458	16.954655537374023	20.16613424133509	27.7905827944863	0.0
8.0	22.510577203621732	26.93603615142315	22.88380195797179	27.669584686983328	0.0
9.0	27.753673522207478	18.487745537007324	15.51854205982969	38.24003888095551	0.0
10.0	26.71095336464288	16.34011216804906	25.091755015967443	31.857179451340613	0.0
11.0	28.15465330527981	18.189481946875095	19.46166936200901	34.19419538583608	0.0
12.0	26.15870933934794	19.727952887931334	21.09527003291276	33.01806773980797	0.0
13.0	26.4452012897253	20.86505874393681	18.829787403654578	33.85995256268332	0.0
14.0	30.626285779274582	18.358496652655848	20.394857467497786	30.620360100571787	0.0
15.0	29.67950581433972	18.653412101458247	19.94394786253063	31.7231342216714	0.0
16.0	30.104294602424158	17.57091283618926	18.64615779524362	33.678634766142956	0.0
17.0	30.45073422613559	17.852156707894864	19.684533340844506	32.01257572512504	0.0
18.0	31.407492183684347	17.885412254516137	18.88981479463936	31.817280767160156	0.0
19.0	30.038328246461464	18.34748233058272	19.996149637470698	31.61803978548512	0.0
20.0	29.62136507442174	17.975214188041182	19.916418700485377	32.487002037051695	0.0
21.0	29.261081152036972	18.285687865007194	20.183672124491334	32.2695588584645	0.0
22.0	29.772695748019945	19.086557956592145	22.588315199339302	28.552431096048608	0.0
23.0	29.798351545273515	20.364564760227907	21.105513751029022	28.73156994346956	0.0
24.0	32.80430485942855	19.473241707637108	17.946874563213704	29.775578869720633	0.0
25.0	29.52470742293562	21.02806805336406	19.46275883656872	29.984465687131607	0.0
26.0	32.3088330877144	16.633552840313325	22.067200916646694	28.99041315532559	0.0
27.0	26.41497501383101	21.24786290264721	24.795285072976196	27.541877010545583	0.0
28.0	26.644030396871663	19.682752979978645	18.58648913368703	35.08672748946265	0.0
29.0	28.179352490724852	20.00321793583367	17.226200428243217	34.59122914519826	0.0
30.0	26.727554049652614	18.904866350373766	16.067515191317685	38.300064408655935	0.0
31.0	34.39759353702587	14.263548529435768	18.323498174923195	33.01535975861516	0.0
32.0	34.45235802463811	15.633276324643283	22.403687304818924	27.510678345899684	0.0
33.0	31.35170445029056	17.277095533481415	20.999605538253878	30.37159447797415	0.0
34.0	33.38453995509959	16.422579967338454	21.995775379976184	28.19710469758577	0.0
35.0	26.469914832642495	19.994122415111157	25.857973731421264	27.677989020825088	0.0
