# Position (bp)	A	C	G	T	N
0.0	26.937741489938283	22.442995261989264	24.64115250799867	25.978110740073777	0.0
1.0	30.80603514802131	16.455734044135948	18.930646688552493	33.807584119290254	0.0
2.0	30.68423738787504	20.436934451193704	19.010594748203253	29.868233412728003	0.0
3.0	30.754638197404983	21.667946821178738	18.712319210393822	28.86509577102246	0.0
4.0	33.775361751999746	17.507871079959653	18.816979329384328	29.899787838656266	0.0
5.0	32.147775089747974	18.409578465788012	19.988245487786763	29.454400956677247	0.0
6.0	28.427118414594933	18.699216436223324	18.389852595237695	34.48381255394405	0.0
7.0	28.373744696303916	21.729190544267553	19.21767192210131	30.679392837327217	0.0
8.0	29.72395204328788	19.90611738194674	20.043011260516675	30.326919314248702	0.0
9.0	32.11591165347619	17.361999018132185	20.897633536720235	29.624455791671387	0.0
10.0	27.79016472998841	20.678769782427004	23.40230783748079	28.128757650103797	0.0
11.0	27.324846557567017	20.65901082687112	19.985919003954805	32.03022361160705	0.0
12.0	28.68590369543287	21.278168297962036	18.640911190816436	31.395016815788658	0.0
13.0	30.263173838933007	19.41035811514941	20.49484867824031	29.831619367677277	0.0
14.0	29.67190972217549	19.770550143952967	18.697329971963157	31.86021016190839	0.0
15.0	31.456620032246814	17.596579806149094	21.154123679608112	29.79267648199598	0.0
16.0	28.108112107192028	19.68214862926218	22.046882387796295	30.1628568757495	0.0
17.0	28.961579800776683	19.795182371469558	18.49729580349449	32.745942024259264	0.0
18.0	29.514975950623406	18.411258959909414	22.042881192953942	30.030883896513235	0.0
19.0	29.680308989283148	18.0043042113062	19.387095094173525	32.92829170523713	0.0
20.0	28.686208744052305	20.925698565163863	18.625022883814047	31.763069806969778	0.0
21.0	31.18816635927553	19.05853013754018	18.501162623566533	31.252140879617752	0.0
22.0	29.93148767039949	20.327540371778266	19.14984411313029	30.591127844691957	0.0
23.0	28.092014057889774	18.389049078416036	19.31106941334828	34.20786745034591	0.0
24.0	31.53339454615259	17.657616297644648	19.256935439269096	31.552053716933663	0.0
25.0	31.056725676365765	18.57064152832459	18.172408262744703	32.20022453256494	0.0
26.0	30.055571060915494	17.79364169916083	21.051153822414133	31.099633417509548	0.0
27.0	30.793712016528264	18.301057164705725	21.36827700935081	29.536953809415206	0.0
28.0	31.046767016628497	19.180009590138923	18.85122877846444	30.921994614768145	0.0
29.0	30.58115498829671	19.441876120126505	18.189345882996605	31.78762300858018	0.0
30.0	30.24528678254077	18.44074513005245	18.662748693776223	32.651219393630555	0.0
31.0	29.626661964096414	18.939668750414885	20.071906411699743	31.36176287378896	0.0
32.0	29.226773344669883	19.13257292176205	19.92102412492377	31.719629608644297	0.0
33.0	29.884187645452787	19.16239982806353	20.05681816276764	30.89659436371604	0.0
34.0	28.979123775290542	20.448540407867647	18.326548951494466	32.24578686534734	0.0
35.0	27.93478707433557	19.153678657998192	17.963592940845263	34.947941326820974	0.0
36.0	28.241807035878352	18.74203749069317	22.016420538673355	30.999734934755118	0.0
37.0	29.010235556623993	20.944359608996997	18.88864811422651	31.1567567201525	0.0
38.0	31.85630576501184	17.631972738067386	18.95092763846157	31.560793858459203	0.0
39.0	28.71056640708115	19.774730839610196	19.77081577939487	31.74388697391378	0.0
40.0	32.687439841078046	17.75096083611515	19.698061944063298	29.863537378743505	0.0
41.0	28.21542338092081	19.1952170426398	22.349982390431347	30.239377186008042	0.0
42.0	28.011928913386118	18.300143557025603	20.477979408292708	33.209948121295575	0.0
43.0	29.84252882484208	19.28879376956198	20.474686956754667	30.393990448841272	0.0
44.0	31.136739926198093	18.609542372455728	18.904350954997486	31.34936674634869	0.0
45.0	29.02949579377307	18.557260544168226	20.363183134982098	32.05006052707661	0.0
46.0	28.052211351185118	19.482615026881916	19.30928129317596	33.155892328757005	0.0
47.0	28.617001968772744	19.77117986355143	20.780214784636314	30.831603383039514	0.0
48.0	31.029949267403577	20.10395127011541	19.262770750435237	29.603328712045773	0.0
49.0	30.80657981251266	20.883108938524238	17.97792903889849	30.332382210064612	0.0
50.0	30.97567338760245	19.06165356488897	19.641515352684987	30.32115769482359	0.0
51.0	31.86012218536295	19.34228115994675	18.629510012894947	30.168086641795355	0.0
52.0	29.076718611287422	20.989663010013533	18.806023108263215	31.127595270435833	0.0
53.0	30.342151879908197	19.022030190528923	20.12168937927105	30.51412855029183	0.0
54.0	28.786350168084063	19.202638428497043	21.085256896027772	30.92575450739112	0.0
55.0	29.575753541518136	20.978855117881274	18.739294866966443	30.706096473634148	0.0
56.0	28.078460550375002	19.29481667620107	19.720951943088373	32.90577083033555	0.0
57.0	28.30417075088142	20.118138695010764	20.595868766972636	30.981821787135182	0.0
58.0	28.67296207959945	18.845172569731584	20.658179646083774	31.823685704585188	0.0
59.0	27.481129023894596	18.221925289312637	20.762253744300082	33.53469194249269	0.0
60.0	28.76706956432642	19.335413185034962	19.91071712485823	31.986800125780384	0.0
61.0	29.388542916728746	20.545720996583846	19.339892904147764	30.72584318253965	0.0
62.0	30.91223862524206	19.001784060291527	19.996930267807546	30.08904704665887	0.0
63.0	29.573255271066962	19.05466074690535	18.761501195609533	32.610582786418156	0.0
64.0	30.171530545510024	19.91561634599005	19.00954472728411	30.903308381215815	0.0
65.0	29.92220562187578	18.80651387617535	18.99044397276181	32.280836529187056	0.0
66.0	28.633747388213393	21.69762024926099	19.41755820170595	30.25107416081967	0.0
67.0	28.900170995294143	18.756464161953243	22.921949568007186	29.421415274745428	0.0
68.0	28.056264821306222	17.984277282575174	19.6118854832592	34.34757241285941	0.0
69.0	30.160590487977686	19.768181451287433	18.591259271217297	31.47996878951758	0.0
70.0	28.640436698955508	20.362130955782074	21.500955009442286	29.49647733582013	0.0
71.0	30.160061118303666	20.04115836754797	20.070608634040475	29.728171880107894	0.0
72.0	29.169771012847484	19.87699937324062	19.831669307614803	31.12156030629709	0.0
73.0	28.90767842656224	18.912670187628088	19.81418512570786	32.36546626010182	0.0
74.0	28.611954078878625	20.711139185917446	19.419951346650052	31.25695538855387	0.0
75.0	30.25230152391251	18.412481210200777	19.645867548766503	31.68934971712021	0.0
76.0	28.989132056241964	21.944477412802925	18.204849288627514	30.8615412423276	0.0
77.0	31.130948161316297	18.654400898665635	19.408305749896844	30.80634519012122	0.0
78.0	29.94269116688153	17.40967423782092	20.942936188447433	31.704698406850117	0.0
79.0	30.672486433749597	17.454889756441872	21.837142286305124	30.03548152350341	0.0
80.0	30.55949767409935	17.467274736677233	19.962328478290317	32.0108991109331	0.0
81.0	30.37862447938357	17.75797912890739	20.068051710817524	31.795344680891517	0.0
82.0	30.8659456189725	19.21526927975054	19.770445246584984	30.148339854691976	0.0
83.0	30.37324117954406	19.643166839302246	19.762587883732227	30.221004097421467	0.0
84.0	28.535882377350024	17.760097707968185	20.066377376463205	33.637642538218586	0.0
85.0	32.66316209472641	18.11510661731582	18.714230290460247	30.507500997497523	0.0
86.0	29.34601239058439	19.63100761605171	19.283146175825802	31.739833817538095	0.0
87.0	31.281218131826588	18.881264602884524	19.42375888159654	30.413758383692347	0.0
88.0	30.070147549194143	17.444364335851336	20.72026817993112	31.765219935023392	0.0
89.0	28.073986629920398	19.944799234304803	18.84718197243438	33.13403216334042	0.0
90.0	30.494191688358637	19.05916610986087	20.05923129688095	30.387410904899546	0.0
91.0	29.17521903584911	18.807262547039578	20.140356525306235	31.877161891805084	0.0
92.0	31.592135246716058	18.143644849225467	18.763643252057282	31.500576652001193	0.0
93.0	30.818182325446443	18.275956350217523	20.3247880098876	30.58107331444844	0.0
94.0	31.365369185117416	18.778566410408658	18.58676403427932	31.269300370194603	0.0
95.0	29.03242652462111	18.52780668673508	19.013477169384107	33.426289619259705	0.0
96.0	30.230581123596007	19.267323278597413	19.199455865451455	31.302639732355125	0.0
97.0	29.77684628214916	19.361858994620626	19.09410595434433	31.767188768885884	0.0
98.0	30.689735270536577	19.162202057591585	18.19735944911095	31.95070322276089	0.0
99.0	29.968007888835857	19.488396386985222	20.27334005745522	30.2702556667237	0.0
100.0	28.599821504063133	22.74218610550049	19.253999718164312	29.403992672272068	0.0
101.0	27.782613784463134	19.12435537159913	19.451623185885936	33.641407658051804	0.0
102.0	29.252191730941608	18.683785375091503	19.906284608013944	32.157738285952945	0.0
103.0	30.02526240130223	18.709767776168782	18.948273232575662	32.316696589953324	0.0
104.0	28.458163500977697	20.39689268686725	18.81586890347046	32.32907490868459	0.0
105.0	27.280184733026708	20.224594476936765	20.02555221168588	32.46966857835065	0.0
106.0	30.51768813286328	18.05003984958016	19.95189992636738	31.480372091189185	0.0
107.0	27.996831921353895	19.406342156290616	18.85071340620471	33.74611251615078	0.0
108.0	28.844450950236393	17.837031179007923	19.784839941675997	33.53367792907969	0.0
109.0	29.373939403861684	17.999894154551868	20.201860214713964	32.42430622687248	0.0
110.0	29.579262333494626	17.952360960651102	20.77103144960578	31.697345256248493	0.0
111.0	29.397638308005302	19.39315843364038	19.774196000041247	31.435007258313068	0.0
112.0	30.43212492789503	18.400539505876267	19.49397225354634	31.67336331268237	0.0
113.0	30.010031635286833	17.204369470722032	20.82901617936472	31.956582714626414	0.0
114.0	27.365486025224996	17.99317056618432	21.884512247456428	32.75683116113426	0.0
115.0	29.29729605011431	17.24648186567351	22.4021950004903	31.054027083721884	0.0
116.0	27.86925595113141	19.787095459610576	20.626018079591336	31.717630509666677	0.0
117.0	27.67158789346565	20.066936093511412	19.443727336328596	32.81774867669435	0.0
118.0	28.780022799410414	18.59647942776495	19.842483829156727	32.78101394366791	0.0
119.0	28.892010932660668	18.516709947590453	20.431087294770585	32.1601918249783	0.0
120.0	29.960544080448177	17.753456757553657	20.48639022951939	31.79960893247878	0.0
121.0	33.11766171387617	17.339042082200855	19.1632531939727	30.38004300995028	0.0
122.0	32.503815289742	17.300445451384117	19.891376685824568	30.304362573049314	0.0
123.0	32.24647040415053	19.152491183326713	18.934561905572046	29.66647650695072	0.0
124.0	30.019806393965403	18.298018774037004	20.850169419944432	30.83200541205316	0.0
125.0	29.964702641208053	18.235727730274412	18.493590082723653	33.30597954579388	0.0
126.0	30.379749320992598	19.065577427264916	18.484709962911822	32.069963288830664	0.0
127.0	28.61635838882754	19.56081328366467	18.739123830332147	33.08370449717564	0.0
128.0	28.728279764015475	20.931813063085272	20.201865614095016	30.138041558804236	0.0
129.0	27.970085005543837	22.60771947577609	19.083458012083792	30.33873750659628	0.0
130.0	31.82744598869703	18.456871998849174	19.7608629919787	29.954819020475092	0.0
131.0	30.021328990745523	18.87258211860031	19.554315446637805	31.551773444016362	0.0
132.0	28.68999503143572	18.294946396835407	20.431707721021485	32.58335085070738	0.0
133.0	29.048672266170943	18.737732959039757	20.281933417355162	31.931661357434137	0.0
134.0	28.838987424831057	18.4502094527821	21.539067845096966	31.171735277289876	0.0
135.0	29.583460433156194	17.44481191902002	20.308210380978377	32.66351726684541	0.0
136.0	30.302718967014936	18.6668503915435	19.212464927082177	31.817965714359385	0.0
137.0	30.030556989128243	17.947149058375125	20.090785901835318	31.93150805066131	0.0
138.0	29.550021546071502	18.14945392971562	18.964758896824925	33.33576562738795	0.0
139.0	29.000121160966003	20.479862478237784	20.674411210560685	29.84560515023553	0.0
140.0	26.736428632929066	19.883343759270616	20.388971113012673	32.99125649478764	0.0
141.0	28.684010408864722	18.001663322831153	20.199508697655876	33.11481757064825	0.0
142.0	28.638052769250415	18.175103454023876	23.66096887736731	29.5258748993584	0.0
143.0	32.28542692208845	18.096536056250784	21.32225747780875	28.295779543852017	0.0
144.0	31.657394942319243	17.69832031978129	20.340906737360974	30.303378000538494	0.0
145.0	27.825199248082644	18.15603286800378	20.099306847055605	33.919461036857975	0.0
146.0	28.482625748759705	19.57307877885131	19.997747206283613	31.946548266105374	0.0
147.0	27.352836787817132	22.878116256671717	18.677972763380918	31.09107419213023	0.0
148.0	31.27586660606206	18.83956125451544	18.814356799393043	31.07021534002946	0.0
149.0	30.619729114724525	18.70560620904022	19.747645433670428	30.927019242564825	0.0
150.0	23.514044410264486	25.377830077229202	21.423435610675885	29.68468990183043	0.0
