# Position (bp)	A	C	G	T	N
0.0	25.919250549045632	23.864827532462126	23.857817398281217	26.35810452021103	0.0
1.0	25.743338882429818	19.691769381886758	15.76287384898801	38.80201788669542	0.0
2.0	28.15534274203412	18.753360636788468	18.638899960675268	34.452396660502146	0.0
3.0	23.019019877877362	21.91342066644007	15.2796297511677	39.787929704514866	0.0
4.0	33.84866437628671	13.396908760663297	14.624918049871027	38.12950881317896	0.0
5.0	35.1531484944774	14.921742201382798	22.62749067356103	27.297618630578768	0.0
6.0	30.66095145307714	17.329825443322182	20.856033750712495	31.153189352888184	0.0
7.0	34.364987414432505	17.241209462767728	19.997818163777662	28.39598495902211	0.0
8.0	22.05647043803074	27.171151537416584	22.22409129499804	28.548286729554643	0.0
9.0	27.85177952571646	18.189596944433504	15.578657374095203	38.379966155754836	0.0
10.0	25.87095852404025	16.234906409984095	25.315265998643067	32.57886906733259	0.0
11.0	27.88978828631346	17.672980092211475	19.253210984540704	35.18402063693436	0.0
12.0	26.26708538243526	18.91998751356646	21.668220950837824	33.144706153160456	0.0
13.0	25.781257849031334	20.71720175147925	18.752526693485887	34.74901370600353	0.0
14.0	30.59998629017337	17.749228777797406	20.845044551157436	30.80574038087179	0.0
15.0	29.686575759194987	18.04992030607588	19.893554132076844	32.36994980265229	0.0
16.0	29.71190604198817	17.809198155628224	18.427038338703312	34.0518574636803	0.0
17.0	30.135345862384106	17.850256508011135	19.55443596910826	32.459961660496504	0.0
18.0	30.18533071667096	17.495970404556356	18.77975963704345	33.538939241729224	0.0
19.0	29.924630628197235	17.829665095252622	19.473537322869173	32.77216695368097	0.0
20.0	29.819397484237925	17.52779107220002	19.966442043041567	32.68636940052049	0.0
21.0	28.738197168467362	18.121919123225467	19.629066503950643	33.51081720435653	0.0
22.0	29.596661701670442	18.74589405362498	22.46736514469513	29.190079100009452	0.0
23.0	29.625930670064665	20.22879584601144	21.231346922895206	28.913926561028692	0.0
24.0	31.828776179256252	19.407557670848043	18.36176107079614	30.401905079099567	0.0
25.0	28.951997558192744	20.939075113046055	19.26272428836264	30.846203040398557	0.0
26.0	32.52385194205207	16.265962456946742	21.425267174914183	29.78491842608701	0.0
27.0	26.19747822764838	20.952535993407192	25.176149489388976	27.67383628955545	0.0
28.0	26.11554823258374	19.245964869947358	18.282773976259595	36.3557129212093	0.0
29.0	27.91987522101761	19.46564216979078	17.249513599001084	35.36496901019053	0.0
30.0	26.24880440135277	19.163191834008913	16.62864294087118	37.959360823767135	0.0
31.0	33.86396203298858	14.149553267480622	17.50677736474172	34.479707334789076	0.0
32.0	34.46428049198037	15.36759726969521	22.139746577108255	28.028375661216167	0.0
33.0	30.73641325024959	17.651356314294176	20.99538223319493	30.616848202261306	0.0
34.0	33.259821531780446	16.21425489060098	20.902753435623104	29.623170141995477	0.0
35.0	25.452787053757536	20.384272050687173	25.47646260690972	28.686478288645567	0.0
