# Position (bp)	A	C	G	T	N
0.0	25.714263350045734	24.23030284318136	24.86767747026154	25.187756336511363	0.0
1.0	27.046218466382804	22.092095132631282	16.27777479415348	34.58391160683244	0.0
2.0	29.601493191174345	21.251428130391158	17.83443797158197	31.312640706852523	0.0
3.0	23.73656109152044	22.941302038883872	15.448620100333416	37.873516769262274	0.0
4.0	34.41083556379005	13.797242246944052	15.742554071096107	36.049368118169795	0.0
5.0	35.73821608538252	14.930551933034952	25.375213438913867	23.956018542668655	0.0
6.0	32.525612832301746	17.583928238427443	21.65798669597615	28.232472233294658	0.0
7.0	35.258858156049946	18.44521664137514	21.0189753823831	25.276949820191806	0.0
8.0	22.997213222998234	27.527562402548654	23.557807039926416	25.917417334526693	0.0
9.0	27.183225262952902	19.835888349828974	15.726685465421317	37.2542009217968	0.0
10.0	26.822565634444928	17.44065547290228	25.27314631079149	30.463632581861305	0.0
11.0	27.6544474761433	20.437386193565157	19.975183731238374	31.932982599053165	0.0
12.0	25.071256031822553	21.241839298902374	20.435082353585535	33.25182231568954	0.0
13.0	27.154079513776747	21.910344111102464	20.228106239189884	30.707470135930905	0.0
14.0	30.564392979460614	19.605069665078176	19.76572990214766	30.064807453313552	0.0
15.0	30.42874896707552	19.358841333671233	20.980549070270165	29.231860628983092	0.0
16.0	27.878897999440994	19.58061853321898	19.495811140761578	33.04467232657844	0.0
17.0	29.320058578391635	18.338740112505636	21.24616443244902	31.095036876653708	0.0
18.0	32.75084579181893	17.595795187756437	19.988680756024653	29.66467826439998	0.0
19.0	30.83231218161909	19.23665087739355	20.47550822492607	29.455528716061284	0.0
20.0	30.344963088571347	18.264626015047988	20.949316824508685	30.441094071871984	0.0
21.0	29.722643747660843	20.338581886514582	20.194265872696757	29.744508493127817	0.0
22.0	31.17312835822712	19.196855301896495	22.76761166125554	26.862404678620845	0.0
23.0	30.67139113247645	20.521454618481926	22.67687079413364	26.130283454907982	0.0
24.0	33.74662628716192	20.258034424585535	17.80018491575987	28.19515437249267	0.0
25.0	30.77871530058374	20.56611868601139	21.040014222951722	27.615151790453147	0.0
26.0	31.02996426439911	17.23828703846587	23.404775555997006	28.32697314113802	0.0
27.0	26.60204902658414	21.041883376142735	24.89622939638958	27.459838200883546	0.0
28.0	28.045187430422946	20.398047039196143	20.112240475686445	31.444525054694466	0.0
29.0	27.950425710506423	21.87602558914187	17.680928595305296	32.49262010504641	0.0
30.0	27.529529539118858	19.634389339668733	16.276364960109106	36.5597161611033	0.0
31.0	34.861118443413126	14.733338598047375	19.461240869829656	30.94430208870985	0.0
32.0	34.46788044892594	15.554486788835487	24.05858305689975	25.91904970533882	0.0
33.0	31.539876874652844	18.29867243245553	20.924299097033312	29.237151595858318	0.0
34.0	33.06197763769823	17.612593783366098	22.771114842673253	26.554313736262426	0.0
35.0	27.469444883121064	21.773977289969377	25.97564260964077	24.78093521726879	0.0
