# Position (bp)	A	C	G	T	N
0.0	27.28309927685777	23.065049244140198	24.006308618982903	25.645542860019127	0.0
1.0	26.947607439810334	20.24910675526764	15.974888970514575	36.82839683440745	0.0
2.0	27.711885552690674	20.613823504948847	17.41828162688181	34.25434583714547	0.0016634783331947102
3.0	25.112293438085292	20.524422786866225	15.634893010458622	38.72673329686904	0.0016574677208161372
4.0	32.331372258202734	16.140142713534715	15.095334618743921	36.433150409518625	0.0
5.0	34.8587031614962	14.774484324110931	21.15175839721025	29.20189492384117	0.013159193341448168
6.0	31.72819865181808	17.222942054419313	21.556149644913155	29.487789276869332	0.004920371980121697
7.0	34.67239773154428	18.32578815761518	19.781979832317322	27.219834278523216	0.0
8.0	26.506751027330246	25.78109712347531	20.893940382232078	26.818211466962367	0.0
9.0	27.7810333040336	19.871732265520723	16.883159162678645	35.464075267767036	0.0
10.0	26.423960586006736	17.391587128664572	24.710167314352613	31.47428497097608	0.0
11.0	27.09433226660602	20.052307542357738	20.37395019412271	32.479409996913525	0.0
12.0	26.909344672011425	20.740692654743746	19.7539679963647	32.592748872082836	0.003245804797299491
13.0	26.15731357320059	21.98044525156876	19.20289267588734	32.65934849934331	0.0
14.0	30.673066009436866	19.921197282441263	19.327744718110033	30.07799199001184	0.0
15.0	29.080797107324113	18.442430236894587	19.557991341429798	32.9187813143515	0.0
16.0	30.283916786924586	18.184618876980203	19.272615244920793	32.25560618098682	0.0032429101876023545
17.0	29.593176916965287	18.588361195336695	21.646425502245712	30.165550565077098	0.006485820375204709
18.0	32.553953918246236	18.233262529794235	18.285149092795873	30.916284273507046	0.011350185656608239
19.0	30.350396445770432	19.29693707132781	19.94389765375448	30.408768829147277	0.0
20.0	30.118528367356866	17.31551894670277	21.070808943946297	31.495143741994063	0.0
21.0	28.42572924942844	17.86357076840757	19.499618958052956	34.21108102411104	0.0
22.0	28.41600051886563	19.058583172539038	20.621665882963374	31.90212897053816	0.0016214550938011773
23.0	29.67911403693675	16.89069771212686	20.9378496262546	32.49071716958799	0.0016214550938011773
24.0	30.377961182365055	17.448478264394467	19.36828109545506	32.802036547597815	0.0032429101876023545
25.0	28.503559093930892	17.65926742658862	19.801209605499974	34.03596387398051	0.0
26.0	30.215815672984935	17.216610185980898	22.071246736821625	30.496327404212543	0.0
27.0	29.139169490700954	17.7695263729671	20.422226906425827	32.66745577481232	0.0016214550938011773
28.0	29.693707132780954	17.62035250433739	21.711283705997765	30.96979229160248	0.004864365281403531
29.0	30.139607283576282	17.957615163848036	18.758613980185817	33.13929920710846	0.004864365281403531
30.0	29.538047443776044	17.461449905144878	19.32125889773483	33.67600084315665	0.0032429101876023545
31.0	29.834119764557087	18.014950300789675	19.625107424883655	32.52582250976958	0.0
32.0	28.371278458844134	18.667704482065254	19.056885256534994	33.90413180255562	0.0
33.0	29.81870074271073	17.22342944248046	20.35481464664483	32.60305516816398	0.0
34.0	28.57652573022592	18.43202127832109	19.13913621693508	33.85231677451792	0.0
35.0	30.550958824102015	16.882442649015218	20.617151757033	31.949446769849764	0.0
36.0	31.28062830623438	18.06055885502872	18.67880440073995	31.980008437996947	0.0
37.0	28.03771686385251	19.687748510962884	19.61633964652612	32.658194978658486	0.0
38.0	30.7388890692465	18.04856669804889	18.98191734571308	32.23062688699152	0.0
39.0	30.8119519324456	18.151997401753817	18.949334199415393	32.08671646638519	0.0
40.0	28.388459975619668	19.910605444941083	19.824461600975212	31.87159691182446	0.004876066639577408
41.0	29.27932324711241	17.294615259476167	21.192451602407676	32.228729461525944	0.004880429477794046
42.0	28.063807275982743	18.96475950191259	20.473671359973956	32.49613412549849	0.0016277366322129082
43.0	30.19202892649478	18.811994071371565	20.510774142059056	30.480316627848264	0.0048862322263302765
44.0	28.998566121358277	18.892980512285735	20.17369484455452	31.93475852180147	0.0
45.0	30.365263312307466	18.603817254249996	19.552426124231904	31.47849330921063	0.0
46.0	29.977336833352354	17.39194234751276	19.847390474948234	32.78333034418665	0.0
47.0	30.94488574271314	19.300592082728475	18.778645875809424	30.970983053059093	0.004893245689866088
48.0	29.776160798773127	18.864815479492282	18.288902665840048	33.07012105589454	0.0
49.0	27.3089288920079	19.66282049189692	21.063110995054917	31.963507580826793	0.0016320402134708599
50.0	29.00413108436883	18.74173374916317	18.931143151054	33.322992015414	0.0
51.0	30.953898449118334	17.131604320896866	18.939059665637103	32.9754375643477	0.0
52.0	28.58638229665854	18.349389116959163	21.103678382754616	31.96055020362768	0.0
53.0	31.02161100196464	18.965291421087098	19.490831696136215	30.505893909626717	0.016371971185330715
54.0	30.63548767697955	18.79588358678553	18.630374934452018	31.934976402726793	0.0032773990561090717
55.0	28.940636274188257	18.904558871761235	18.689734339127583	33.463430632994424	0.001639881928501148
56.0	30.851273300078763	17.94270149645576	21.165332108164872	30.040693095300604	0.0
57.0	27.78060596108055	19.357911158551605	19.30043517530175	33.5610477050661	0.0
58.0	30.268111058142782	17.603932076340143	22.06368254072625	30.06427432479082	0.0
59.0	27.2318709358795	21.848711828134	21.31698082146679	29.592559058358713	0.009877356161000906
60.0	30.58039396839014	18.635958689411687	20.71468637608473	30.06896096611344	0.0
61.0	28.377282283027927	20.7329790932115	19.62059889755177	31.269139726208806	0.0
62.0	30.830662969665774	16.128443108801406	21.282106626376	31.75878729515682	0.0
63.0	25.243737813109345	21.45226072029732	24.842091228771896	28.45857707114644	0.0033331666749995834
64.0	25.55263642296558	22.574005589116283	18.229890058401246	33.64346792951689	0.0
65.0	27.48672625848511	19.285570266819008	18.59499966395591	34.62598292896028	0.006720881779689495
66.0	27.548905626042565	18.37941667087904	18.711351497076613	35.341791774082125	0.01853443191966166
67.0	33.10437004077351	14.42130373729	18.82518145058961	33.645761077368164	0.003383693978716565
68.0	34.252326039649766	16.07923099330032	22.732646801802574	26.93579616524734	0.0
69.0	32.211530034530504	16.965522076738356	20.946170969834007	29.876776918897125	0.0
70.0	31.515675188308883	17.059563837180907	24.40595826211094	27.01880271239927	0.0
71.0	24.88666302722461	20.355557665377038	23.951484655004627	30.806294652393724	0.0
