# Position (bp)	A	C	G	T	N
0.0	34.97221364618709	17.204384069157147	22.059277554800865	25.764124729854892	0.0
1.0	23.734177215189874	27.94844087681383	23.865390552639703	24.451991355356594	0.0
2.0	30.2413157085767	22.294804795573317	16.976636950507224	30.487242545342763	0.0
3.0	31.870829178491984	19.07647464907571	20.702615632430774	28.35008054000153	0.0
4.0	33.12116564417178	17.45398773006135	17.430981595092025	31.993865030674844	0.0
5.0	28.091696695545505	21.91213677834854	17.894656137391703	32.10151038871425	0.0
6.0	27.782888684452622	24.325360318920577	19.855872431769395	28.03587856485741	0.0
7.0	34.352959214964734	20.001533272002455	17.141980987427168	28.503526525605643	0.0
8.0	33.652740513606744	18.006899195093908	18.2292065925642	30.111153698735148	0.0
9.0	28.69951720438348	22.791018468848186	18.484175032569546	30.025289294198785	0.0
10.0	26.032013479359726	15.631462051007123	20.257333231216972	38.07919123841618	0.0
11.0	26.11791730474732	17.825421133231238	19.119448698315466	36.93721286370597	0.0
12.0	26.406860117908277	16.721537401424087	20.006125105275245	36.865477375392395	0.0
13.0	28.510182207931408	22.20946256316031	19.28494870617057	29.99540652273771	0.0
14.0	26.681974741676235	17.94871794871795	25.579793340987372	29.789513968618447	0.0
15.0	29.540933435348126	19.173680183626626	21.00229533282326	30.28309104820199	0.0
16.0	25.544933078393882	18.66156787762906	19.34225621414914	36.45124282982792	0.0
17.0	28.82379932701132	20.99265830529214	19.333129397369227	30.85041297032732	0.0
18.0	25.90412111017662	19.58865356678645	19.58865356678645	34.91857175625048	0.0
19.0	28.02109607888099	24.367499808912328	18.657800198731177	28.9536039134755	0.0
20.0	27.07617083046833	18.229047291618915	19.015967606387044	35.67881427152571	0.0
21.0	26.716566104025052	18.75811502329489	21.095241732223325	33.43007714045673	0.0
22.0	28.25837978162938	17.614720928456897	24.272734213942122	29.854165075971594	0.0
23.0	26.398961752805555	19.03962134514085	19.3068173142988	35.25459958775479	0.0
24.0	33.623321123321126	15.52960927960928	19.23840048840049	31.60866910866911	0.0
25.0	28.45373407582577	17.316347547486462	21.66450530170112	32.56541307498665	0.0
26.0	33.15035071668191	16.308325709057637	17.512961268679476	33.02836230558097	0.0
27.0	26.732220443631377	18.941992529918437	15.649058617272656	38.67672840917753	0.0
28.0	26.580831936614352	22.611610543958555	15.907359439280816	34.900198080146275	0.0
29.0	29.295774647887324	14.594594594594595	16.55881233346022	39.55081842405786	0.0
30.0	27.647238327738787	17.111687519072323	21.460176991150444	33.78089716203845	0.0
31.0	30.87663080796521	14.259555962462805	18.04379339284352	36.82001983672847	0.0
32.0	27.702290076335878	17.80916030534351	17.72519083969466	36.76335877862596	0.0
33.0	29.141853718124906	22.53779202931745	17.246907924874026	31.07344632768362	0.0
34.0	29.023887659314664	16.309242158284363	20.087002976417615	34.57986720598336	0.0
35.0	26.050099282113948	22.498854437146782	17.725675882083397	33.725370398655876	0.0
36.0	29.35156190330711	15.619033071106697	18.238753532421907	36.79065149316428	0.0
37.0	34.61685384674154	18.656887462754984	18.328367331346932	28.397891359156546	0.0
38.0	31.855701620299605	19.657597065117702	16.42464078263528	32.06206053194742	0.0
39.0	35.41171964764458	16.844121026426656	16.10111068556109	31.643048640367677	0.0
40.0	27.027856649528047	22.968306346404727	19.146650295449312	30.857186708617913	0.0
41.0	27.22939729397294	15.29827798277983	25.768757687576876	31.703567035670353	0.0
42.0	34.951904578684115	16.691035013466717	19.276644863409004	29.080415544440168	0.0
43.0	34.72265023112481	18.54391371340524	17.996918335901388	28.736517719568567	0.0
44.0	30.99961404862987	22.35430335777692	15.445773832497107	31.200308761096103	0.0
45.0	32.24949698189135	16.249496981891348	18.680080482897385	32.82092555331992	0.0
46.0	30.55735580038885	17.174335709656514	18.875567077122486	33.392741412832144	0.0
47.0	30.62119366626066	16.979293544457978	19.43970767356882	32.95980511571255	0.0
48.0	27.54811987330464	18.11906115487696	18.403313571022498	35.92950540079591	0.0
49.0	29.869918699186993	17.341463414634145	19.260162601626014	33.52845528455284	0.0
50.0	28.176346185130956	21.164795835366846	18.07385716609728	32.58500081340491	0.0
51.0	29.821849833238428	19.067762141055887	18.116000976165296	32.99438704954039	0.0
52.0	28.558639212175468	17.970212419630506	20.037437942540897	33.43371042565313	0.0
53.0	29.726428920371273	19.190685556098355	19.67920534114965	31.40368018238072	0.0
54.0	27.921760391198042	23.317033414832924	18.141809290953546	30.619396903015485	0.0
55.0	29.82713633398565	18.36268754076973	18.566536203522503	33.243639921722114	0.0
56.0	27.607862327705735	18.90547263681592	19.712910855558274	33.773754179920076	0.0
57.0	30.334420880913537	17.34094616639478	20.114192495921696	32.21044045676999	0.0
58.0	31.35095447870778	18.37167564039811	18.445097079458314	31.832272801435796	0.0
59.0	29.07517753652763	18.888254020079994	20.071830870949313	31.964737572443063	0.0
60.0	29.47806910071061	16.91578861390182	19.848076451850037	33.75806583353753	0.0
61.0	30.78117339434548	17.46200359535872	20.493544696845888	31.26327831344991	0.0
62.0	28.383458646616543	19.606080418437397	20.88917947041517	31.12128146453089	0.0
63.0	32.537996404641284	17.7071416898186	19.488478509560387	30.266383395979734	0.0
64.0	27.631578947368425	18.7070938215103	22.53187316116378	31.1294540699575	0.0
65.0	30.18960444589735	19.1974501471069	18.91140895717555	31.7015364498202	0.0
66.0	29.491580840281184	16.91188491090404	21.145986594735984	32.4505476540788	0.0
67.0	28.591284441174064	19.01725124683182	18.853732319515984	33.53773199247813	0.0
68.0	26.561988877984955	19.49623814196925	20.011449133137063	33.930323846908735	0.0
69.0	26.92842535787321	20.43353783231084	20.858895705521473	31.779141104294478	0.0
70.0	27.02282582017508	19.823283972838095	19.69238321197742	33.46150699500941	0.0
71.0	28.267452328341108	18.7658564530649	19.854325231197315	33.11236598739667	0.0
72.0	28.15748547106491	19.022673324056644	21.44552672505525	31.374314479823195	0.0
73.0	28.49303849303849	17.223587223587224	20.982800982800985	33.3005733005733	0.0
74.0	28.977552023594953	18.179583811240374	21.825331804030803	31.01753236113387	0.0
75.0	29.430561245391235	18.328553871364196	21.540352314625153	30.700532568619423	0.0
76.0	29.962301262088182	19.119816423537124	18.513358465825274	32.40452384854942	0.0
77.0	28.770491803278688	19.278688524590166	18.942622950819672	33.00819672131148	0.0
78.0	28.74590163934426	19.508196721311474	19.098360655737707	32.64754098360656	0.0
79.0	28.76476377952756	20.03772965879265	17.741141732283463	33.45636482939632	0.0
80.0	28.754203231362258	18.215369474288526	20.44615763142787	32.58426966292135	0.0
81.0	26.68580803937654	17.850697292863003	20.0	35.46349466776046	0.0
82.0	29.925330269959794	17.28070895216214	20.49725116927874	32.29670960859933	0.0
83.0	28.60659773510586	17.741670769735762	22.63252913179058	31.0192023633678	0.0
84.0	26.71918595109142	17.339569998358773	20.93385852617758	35.00738552437223	0.0
85.0	29.496757244889583	17.092192759215173	21.287250636236763	32.123799359658484	0.0
86.0	30.24630541871921	17.577996715927753	20.073891625615765	32.10180623973727	0.0
87.0	32.42466540766894	16.865095656457836	21.881927908695296	28.82831102717793	0.0
88.0	32.04401740987107	18.37891106183789	17.615176151761517	31.961895376529526	0.0
89.0	31.84430941041222	17.277056988011168	18.37740187222861	32.50123172934801	0.0
90.0	29.958949096880133	16.96223316912972	19.73727422003284	33.341543513957305	0.0
91.0	28.91754270696452	19.743758212877793	16.99244415243101	34.346254927726676	0.0
92.0	28.753285151116952	17.296320630749015	18.249014454664913	35.70137976346912	0.0
93.0	31.712126191258626	17.26092671705554	18.624712454814325	32.402234636871505	0.0
94.0	30.355822171090473	16.377680992686333	19.19631851425754	34.07017832196565	0.0
95.0	31.05942302950604	16.5776280101915	20.374784252486233	31.988164707816225	0.0
96.0	30.322209436133484	16.9817524247904	19.924379418050304	32.77165872102581	0.0
97.0	30.52770014795331	17.672201216505016	19.990136445832647	31.809962189709022	0.0
98.0	31.4889418728932	20.044396941544026	18.375400805722272	30.091260379840502	0.0
99.0	30.090460526315788	18.59375	20.246710526315788	31.06907894736842	0.0
100.0	31.758486825803256	16.18898158090361	19.02205335756174	33.030478235731394	0.0
101.0	32.455050128428205	18.187090894026017	19.330516198525146	30.027342779020632	0.0
102.0	31.53475224476222	17.19321582973063	19.679082141669436	31.59294978383771	0.0
103.0	30.39559339008513	19.671173426806877	19.42914371557336	30.504089467534634	0.0
104.0	28.340589417280643	18.36905559276624	19.139316811788344	34.15103817816477	0.0
105.0	30.04955068447132	17.384731670445955	19.459141681363903	33.10657596371882	0.0
106.0	32.22381393781074	19.314064211679447	17.923653829948595	30.538468020561222	0.0
107.0	30.30200490652229	18.568649014465784	18.67862278995009	32.45072328906184	0.0
108.0	33.24845089550972	17.57915287327052	16.603004838298958	32.56939139292081	0.0
109.0	28.631023327090073	17.708155967989104	20.194108632726035	33.46671207219479	0.0
110.0	26.753113803105272	18.623101859750896	19.94540180856509	34.67838252857874	0.0
111.0	31.24091336697169	17.68579492003763	20.379714359018216	30.69357735397246	0.0
112.0	28.64373337908553	18.795573475165135	19.336021274770523	33.22467187097881	0.0
113.0	29.204682389395764	18.454122912721637	17.317954897572733	35.02323980030987	0.0
114.0	31.29586462919796	17.111283777950444	19.04515237848571	32.547699214365885	0.0
115.0	25.777931871370374	20.438588887925803	18.895726792060326	34.8877524486435	0.0
116.0	30.05393180236604	17.82359081419624	18.058455114822547	34.06402226861517	0.0
117.0	29.581151832460733	19.275741710296685	19.877835951134383	31.2652705061082	0.0
118.0	29.917745887294366	17.150857542877144	20.703535176758837	32.22786139306965	0.0
119.0	25.07897507897508	19.656019656019655	23.367848367848367	31.897156897156897	0.0
120.0	26.50061608871678	20.955817637739834	20.876606231297306	31.666960042246085	0.0
121.0	29.26700185234189	18.48813619123225	19.837699567786892	32.40716238863897	0.0
122.0	26.48074369189907	17.830898627711377	20.610889774236387	35.07746790615317	0.0
123.0	30.739161336176263	17.01314854299929	18.90547263681592	33.34221748400853	0.0
124.0	31.286210892236383	16.99794990640877	20.082003743649164	31.63383545770568	0.0
125.0	28.235399338162953	18.15580001788749	18.531437259636885	35.07736338431267	0.0
126.0	30.776829815895823	18.742703188145487	18.051189941625505	32.429277054333184	0.0
127.0	29.37995674116799	17.105263157894736	21.0436193222783	32.47116077865898	0.0
128.0	29.658483558293327	18.03605399039768	19.73910680315246	32.56635564815654	0.0
129.0	31.443392792136876	17.974153622133237	18.256279577721152	32.326174008008735	0.0
130.0	30.368743709397016	18.363985726049957	18.473785341751302	32.79348522280172	0.0
131.0	30.453960668994668	19.417386509832752	19.233596765300494	30.895056055872082	0.0
132.0	29.458437125196053	17.280191899621737	21.51489989851462	31.746471076667586	0.0
133.0	29.32073023816143	19.293855991103698	19.275322027615605	32.11009174311927	0.0
134.0	27.321844434094082	19.953423381462507	19.236143455985093	33.48858872845831	0.0
135.0	28.48326164204227	17.14045259023752	21.769216383018513	32.6070693847017	0.0
136.0	28.144106857304113	17.401937729282288	19.69711221898222	34.75684319443138	0.0
137.0	29.614585301341396	16.62573209899868	18.76062724352919	34.99905535613074	0.0
138.0	28.77752467729689	18.118830675778284	19.115413819286257	33.988230827638574	0.0
139.0	29.426338860301126	18.658280922431867	19.515913855536496	32.39946636173051	0.0
140.0	28.768435165677076	18.846964183106685	20.762306071633787	31.622294579582455	0.0
141.0	30.103072921683843	18.02331181967055	18.919179269819864	32.95443598882574	0.0
142.0	32.36546651180798	17.13124274099884	18.5152922957801	31.987998451413084	0.0
143.0	32.57376570260006	19.68059207323011	17.976433927354172	29.76920829681566	0.0
144.0	30.326746233613772	17.931911563294854	18.117785169242808	33.62355703384856	0.0
145.0	29.894881619019547	18.64623243933589	18.17467334708714	33.284212594557424	0.0
146.0	29.825254220554843	18.47171487807286	18.313752591568765	33.38927830980353	0.0
147.0	29.4719078816756	18.195354377605717	18.02660313678777	34.30613460393091	0.0
148.0	28.92768079800499	18.403990024937656	19.45137157107232	33.21695760598504	0.0
149.0	29.56347215253387	19.62870045158053	18.39438033115906	32.41344706472654	0.0
150.0	28.84208404716316	17.48463166381135	19.177668043938326	34.49561624508718	0.0
151.0	29.101760064738013	19.411288691078294	20.190167914222133	31.296783329961563	0.0
152.0	29.768815561666155	18.810469497912212	17.150422649964355	34.27029229045728	0.0
153.0	31.01434426229508	18.00204918032787	19.989754098360656	30.99385245901639	0.0
154.0	30.994332818134986	18.083462132921174	19.17568263781556	31.746522411128286	0.0
155.0	29.52094566569888	20.717544587308172	17.378681045209458	32.382828701783495	0.0
156.0	31.37316233969346	16.588468355750184	19.320196017099363	32.71817328745699	0.0
157.0	30.0261917234154	19.088528025144054	19.93713986380304	30.94814038763751	0.0
158.0	28.06407419116872	21.509115818315944	18.33702181473285	32.08978817578249	0.0
159.0	32.594869620521514	15.751536993852024	19.864320542717827	31.789272842908627	0.0
160.0	26.86646757679181	19.03796928327645	21.40571672354949	32.68984641638225	0.0
161.0	30.052479383099495	17.007604155510336	19.70654385777016	33.233372603620005	0.0
162.0	30.264573026457303	18.04689180468918	20.638847063884707	31.04968810496881	0.0
163.0	28.234785428602315	18.116960328613125	19.370878823910928	34.27737541887363	0.0
164.0	28.111099056092005	17.63046544428773	19.11684930020614	35.14158619941413	0.0
165.0	29.071670121086505	16.439402203556234	20.72651903567143	33.76240863968583	0.0
166.0	26.610429447852763	18.64592462751972	20.869851007887817	33.873794916739705	0.0
167.0	28.184520532863594	17.340085874710997	21.809974677969834	32.66541891445557	0.0
168.0	29.985589180800353	17.525773195876287	19.410264937368364	33.078372685954996	0.0
169.0	27.49944333110666	18.18080605655756	20.819416610999777	33.50033400133601	0.0
170.0	27.293115048217086	17.61605741197578	19.141063018614037	35.949764521193096	0.0
171.0	30.27667984189723	16.442687747035574	18.08018068887634	35.20045172219085	0.0
172.0	28.47245883021011	19.602498580352073	17.33106189664963	34.59398069278819	0.0
173.0	29.395635782017592	16.41722837884154	19.03347423740432	35.153661601736545	0.0
174.0	30.573102101757204	19.19145515102791	19.11106006661307	31.124382680601816	0.0
175.0	28.364772595764382	17.636847587084826	20.460594838560354	33.53778497859044	0.0
176.0	29.211908931698776	16.96438995913602	17.968476357267953	35.85522475189726	0.0
177.0	27.59026226037869	19.193225920263437	19.698929789486066	33.51758202987181	0.0
178.0	26.505026611472505	20.023654642223537	20.094618568894145	33.376700177409816	0.0
179.0	28.838371816234233	17.281599619138298	21.06641275886694	32.813615805760534	0.0
180.0	29.948447428365903	15.88538544539024	19.92566838508572	34.240498741158135	0.0
181.0	28.910867205403452	17.70594620673019	19.310095284042937	34.073091303823425	0.0
182.0	28.871614235394144	17.891412607797886	19.980566014818415	33.256407141989555	0.0
183.0	29.3563387175722	20.77826725403818	19.23641703377386	30.62897699461576	0.0
184.0	31.608133086876155	19.2483056069008	18.08995686999384	31.053604436229204	0.0
185.0	28.221697527028706	20.79035665465391	20.318130980489624	30.669814837827765	0.0
186.0	29.906073888541012	17.70820288040075	20.488415779586724	31.89730745147151	0.0
187.0	29.59312610563558	21.733636593378822	17.412180945160475	31.26105635582512	0.0
188.0	29.37205451534836	18.37982422621322	18.4689848426952	33.77913641574322	0.0
189.0	30.28205128205128	18.205128205128204	20.205128205128204	31.30769230769231	0.0
190.0	31.236274383154633	17.69797183826379	18.434310812556518	32.63144296602506	0.0
191.0	28.284671532846716	19.61678832116788	18.886861313868614	33.21167883211679	0.0
192.0	32.1390937829294	18.427291886195995	18.071654373024238	31.361959957850367	0.0
193.0	31.03906457613606	18.60217911241031	18.774913632739835	31.583842678713793	0.0
194.0	29.81657517739992	18.663810416387737	20.016066407818986	31.503547998393362	0.0
195.0	29.682217714672078	20.040567951318458	19.310344827586206	30.96686950642326	0.0
196.0	29.5171659143756	19.14922719190261	18.58842839556832	32.745178498153464	0.0
197.0	29.030016675931076	20.17787659811006	20.205669816564757	30.58643690939411	0.0
198.0	28.911227523715134	21.63386662891123	18.575676058332153	30.879229789041485	0.0
199.0	29.77212192956496	21.485646641018054	17.830719147676827	30.911512281740162	0.0
200.0	24.692000694082942	18.87905604719764	21.690091965989936	34.738851292729485	0.0
201.0	30.90415019762846	17.045454545454543	19.713438735177867	32.33695652173913	0.0
202.0	30.761548064918852	17.677902621722847	20.074906367041198	31.485642946317107	0.0
203.0	30.59268600252207	18.41109709962169	20.756620428751578	30.23959646910467	0.0
204.0	32.382165605095544	19.363057324840767	22.038216560509554	26.21656050955414	0.0
205.0	29.278932512188867	17.26969463690018	23.453938927380037	29.99743392353092	0.0
206.0	29.681429681429684	21.833721833721835	19.89121989121989	28.593628593628594	0.0
207.0	28.436763550667717	19.114951557999476	19.455354804922756	32.992930086410055	0.0
208.0	28.499603069595132	16.538766869542208	21.93702037576078	33.02460968510188	0.0
209.0	27.343124165554073	19.172229639519358	20.400534045393858	33.084112149532714	0.0
210.0	27.83031613077547	17.805998378816536	20.886246960281003	33.47743853012699	0.0
211.0	30.22683793386171	17.87373599344083	20.36075430445477	31.538671768242686	0.0
212.0	25.089903181189488	18.035961272475795	23.84508990318119	33.02904564315352	0.0
213.0	28.207282913165265	20.700280112044815	17.81512605042017	33.27731092436974	0.0
214.0	30.133484805452998	21.35756887247941	20.278330019880716	28.230616302186878	0.0
215.0	28.262748487467587	19.302794583693462	18.640161336790552	33.7942955920484	0.0
216.0	31.242672919109026	17.497069167643613	20.75029308323564	30.50996483001172	0.0
217.0	26.04941947008038	18.69604048824055	25.096754986603152	30.157785055075912	0.0
218.0	26.34011090573013	20.147874306839185	19.747381392483057	33.76463339494763	0.0
219.0	21.88034188034188	23.282051282051285	24.957264957264957	29.88034188034188	0.0
220.0	13.986727922409392	24.093925472179684	22.00102092904543	39.91832567636549	0.0
