# Position (bp)	A	C	G	T	N
0.0	26.346810646562822	23.893996624175294	23.666976630539903	26.092216098721988	0.0
1.0	26.50003084731737	20.07468201599365	15.713410025083391	37.711877111605595	0.0
2.0	28.75779923472074	19.360404826470713	18.210737974574972	33.67105796423358	0.0
3.0	23.153982817019187	22.612491826881797	15.088234113668197	39.145291242430815	0.0
4.0	34.15957608069714	12.977275987673211	14.892902586585615	37.97024534504403	0.0
5.0	35.014235274935096	14.7590009859293	23.358163580960237	26.868600158175365	0.0
6.0	31.483323970389392	17.130438846092503	21.053498811938923	30.332738371579183	0.0
7.0	35.07711984331207	16.93654971621645	20.128263866384525	27.85806657408696	0.0
8.0	22.599613765864095	26.802972844753587	22.99697168869244	27.600441700689878	0.0
9.0	27.829175204215456	18.451609495142613	15.441329896980527	38.27788540366141	0.0
10.0	26.717294288671923	16.232642574948418	25.364885607851463	31.685177528528197	0.0
11.0	28.22648233349621	18.164189126726853	19.694324430578934	33.915004109198	0.0
12.0	26.141204030569586	19.593560190861833	21.305384014457875	32.9598517641107	0.0
13.0	26.589700897115637	20.69575985623394	18.93910564753138	33.77543359911904	0.0
14.0	30.920714319818526	18.099874336763254	20.581890881237573	30.39752046218065	0.0
15.0	29.833569861953297	18.49970082600467	20.09819408620884	31.568535225833195	0.0
16.0	30.019362500342854	17.46409150152838	18.98213794105307	33.534408057075694	0.0
17.0	30.490076464606545	17.718242096270025	19.61815442660688	32.173527012516544	0.0
18.0	31.472616690556563	17.643209867764078	19.06152825594259	31.822645185736764	0.0
19.0	30.111512154388002	18.31201866764461	20.011255850146846	31.56521332782054	0.0
20.0	29.871634546520287	17.95786573639977	19.779860764727335	32.39063895235261	0.0
21.0	29.34131943350972	18.384084552971068	20.137173054632523	32.13742295888669	0.0
22.0	29.873087241981477	19.00345091362354	22.57658397138495	28.546877873010036	0.0
23.0	29.861384408615805	20.295496542483214	21.195294079402505	28.647824969498476	0.0
24.0	32.799354312422984	19.431366234684475	18.129466657591554	29.639812795300983	0.0
25.0	29.727076110067586	20.962060267560094	19.430096395994624	29.880767226377696	0.0
26.0	32.586417602199155	16.573233628985644	22.07410372245593	28.766245046359273	0.0
27.0	26.60772244780201	21.15334876779933	24.931860455902566	27.307068328496094	0.0
28.0	26.700796544413368	19.553148844396	18.617003444818398	35.129051166372236	0.0
29.0	28.087805789854905	19.981897179637475	17.41941349706464	34.51088353344298	0.0
30.0	26.609644879716043	18.95991715172735	16.20573309314091	38.224704875415696	0.0
31.0	34.35163501427997	14.151852230736232	18.23239955576601	33.264113199217796	0.0
32.0	34.643644571637935	15.422887821279124	22.601173571613586	27.332294035469353	0.0
33.0	31.369398375748066	17.45012895525378	21.07423065045197	30.106242018546187	0.0
34.0	33.781947767987745	16.354135725664992	21.942353534045054	27.921562972302205	0.0
35.0	26.43940175422524	19.96248880976272	25.967770673895746	27.630338762116295	0.0
