# Position (bp)	A	C	G	T	N
0.0	27.02668571998272	24.26605961915523	22.886909707221427	25.82001262836064	3.323252799840484E-4
1.0	27.467058457587974	19.876771166305982	15.298045678056399	37.3577937935553	3.3090449434484216E-4
2.0	27.938446523191363	20.12885739627606	17.933533587662925	33.99883276565298	3.297272166736459E-4
3.0	24.267499178442325	21.497206703910614	15.021360499507066	39.21130463358528	0.002628984554715741
4.0	34.17625775609437	14.490267022478347	14.341611957891978	36.990553527283446	0.0013097362518622812
5.0	35.781813902400756	14.786338197604476	21.880393849050684	27.54589675192217	0.005557299021915372
6.0	32.1347346713697	17.531952660791138	20.265997539718537	30.066988830844227	3.262972763966339E-4
7.0	35.12945500518081	17.131527327941818	20.173214902477014	27.565151090576144	6.516738242175027E-4
8.0	23.981193772470675	25.947388114334053	21.90242235923799	28.168670386698984	3.25367258292798E-4
9.0	28.72318294109999	18.178065271096084	16.002795475230787	37.09498114679495	9.75165778182291E-4
10.0	27.363361803007173	16.909362517455264	24.056441399019256	31.66888578573052	0.0019484947877764427
11.0	28.325464427679076	18.5920337470593	19.605418998945403	33.47708282631622	0.0
12.0	26.823763647624578	19.734294895699232	21.03979739742596	32.402144059250226	0.0
13.0	27.855495224642656	21.178094263091737	18.124975702048804	32.841110837534174	3.239726826234012E-4
14.0	31.436041312996487	18.57335389479959	20.24408101908847	29.746523773115452	0.0
15.0	29.711210750709498	18.76579366827789	18.999377972449363	32.52361760856324	0.0
16.0	30.556779452356576	17.729405056565632	18.962445086630293	32.7513704044475	0.0
17.0	30.284318426270296	18.477457980743065	19.980043282750398	31.257532364870993	6.479453652468025E-4
18.0	31.91649280132699	18.0598571928415	18.320655202353336	31.70299480347817	0.0
19.0	30.709370585872197	18.362771651094377	19.548187696813404	31.379346093537393	3.239726826234012E-4
20.0	30.21660813560201	18.010613345082742	19.728964453717264	32.04284214755012	9.719180478702036E-4
21.0	30.141446473233373	17.289774126245675	19.109852657223943	33.45795482524914	9.719180478702036E-4
22.0	28.918125623647413	18.807910117018935	19.949265877901176	32.324698381432476	0.0
23.0	30.03129576114142	17.63577695128747	19.745163087848432	32.586144336309566	0.001619863413117006
24.0	31.027187787525754	17.76925369652831	18.39160521984786	32.811629323415445	3.239726826234012E-4
25.0	29.30073736182565	18.217631889279097	19.349916415047883	33.13139036116475	3.239726826234012E-4
26.0	31.66120232741975	17.33966591936968	20.379825573107677	30.6180102893724	0.001295890730493605
27.0	28.957002345562223	18.342361372089105	19.87151243407156	32.82847590291187	6.479453652468025E-4
28.0	30.39122941153602	17.86482563790221	20.16211593038475	31.58182902017702	0.0
29.0	29.555379890367643	18.39128124716524	18.958233441756192	33.09478144802831	3.239726826234012E-4
30.0	30.29640356759874	18.15257218944688	19.125465307272886	32.423291119556026	0.0022678161254685468
31.0	30.71041650467823	18.1631158800508	19.161936604203923	31.963883057305033	6.479537620195424E-4
32.0	29.519344784910356	18.415937173996152	19.09272926372537	32.97166479838788	3.239789802437618E-4
33.0	29.650388619082023	17.96589742011359	19.492187120330982	32.891526840473404	0.0
34.0	29.80184803597579	18.195573007788706	19.41215349325454	32.5894534945505	9.719684304653784E-4
35.0	30.379714006918036	17.46237061098522	19.2820024054281	32.875264613299876	6.483633687663914E-4
36.0	31.187906928484345	17.29559544499494	18.83705999844362	32.67878913646857	6.484916085185857E-4
37.0	29.41258500864275	18.84573100135884	19.598120323916575	32.14259074885439	9.729172274453464E-4
38.0	31.227699134564237	18.270490846102945	18.70742562053172	31.794060022576588	3.243762245202475E-4
39.0	30.218801410868355	18.678754879469402	19.245308732911717	31.85583702977815	0.0012979469723764436
40.0	29.76262795253209	18.671080372544495	19.26199285967209	32.30267453683701	0.0016242784143144407
41.0	29.69688690261284	17.97536453911782	20.50428859983802	31.822158904252166	0.0013010541791486552
42.0	29.090186937186242	18.582702287392323	19.393349437755973	32.933435776560906	3.255611045637155E-4
43.0	29.53802046002476	18.27197497882322	20.2453248191829	31.944353945396493	3.25796572620056E-4
44.0	29.544209881211614	18.695479260930227	19.838377384569245	31.921607489796717	3.259834921959552E-4
45.0	29.498144052814578	18.681135878818715	19.64335805755067	32.17670965679655	6.523540194792911E-4
46.0	30.095259229767613	17.35356218609979	19.794926687269726	32.75625189686288	0.0
47.0	30.000195906852824	18.636945420350802	19.557054605770112	31.805477555604895	3.265114213695195E-4
48.0	30.374677424623524	17.794727730049324	18.945872668474177	32.88308888380753	0.0016332930454382127
49.0	28.9470244125625	18.208111376188764	19.949017941762804	32.89584626948593	0.0
50.0	29.87252583339058	18.28536287776938	19.100190050014884	32.741594130365804	3.271084593518673E-4
51.0	30.450420938841027	17.990303665607495	19.193828414190715	32.36544698136076	0.0
52.0	29.75292843783837	18.305607507300586	19.792302391967713	32.14883354660892	3.281162844111953E-4
53.0	31.286188426275835	17.88735171371299	19.04110939502481	31.78535046498636	0.0
54.0	30.247104501184523	18.58745722558568	18.92570413266649	32.239405106607	3.290339563042906E-4
55.0	29.44647234008908	18.416440450148908	18.160793822312414	33.976293387449594	0.0
56.0	29.302663038997444	17.896611427158053	20.611097369939813	32.18929837579355	3.2978811113859347E-4
57.0	28.20164117324742	18.991332017401984	19.356403942512728	33.45062286683787	0.0
58.0	30.696282002141185	17.86006952246263	22.091885962013773	29.350771223516038	9.91289866374126E-4
59.0	29.179145225606828	20.77833115475619	20.811754388867744	29.230438307659217	3.309231100153879E-4
60.0	31.48911475518562	18.49214902754058	19.66540100479183	30.3523403690869	9.94843395068893E-4
61.0	29.268300789364353	21.158288325716658	19.322309929372665	30.247777316161194	0.0033236393851267137
62.0	31.304571049464414	16.66161031894997	21.211656492850548	30.82216213873507	0.0
63.0	26.49560053456771	20.391949329948183	25.151477597392812	27.9609725380913	0.0
64.0	26.516078705633934	20.204631958360793	17.95993436714053	35.318682501042325	6.724678224146975E-4
65.0	27.86689892176919	19.4587915983067	18.50006414021727	34.173907759615965	3.3758009087656043E-4
66.0	27.210086596959787	19.30349607686963	17.06587130776661	36.41749563625887	0.0030503821450965107
67.0	33.36838952534597	14.199459522010525	17.661173395413424	34.76825474619998	0.0027228110301074832
68.0	34.463710190589865	15.464573537555593	23.058931169577164	27.011409250539163	0.0013758517382166898
69.0	31.779577603419668	17.116974605585085	20.295494811440143	30.807952979555104	0.0
70.0	33.03805687077826	16.00492085249213	22.056126575261324	28.900895701468283	0.0
71.0	26.06012847147599	20.240227332425913	24.895288583231846	28.80435561286625	0.0
