# Position (bp)	A	C	G	T	N
0.0	26.94406174881973	24.08748710203658	23.583241582457617	25.385209566686072	0.0
1.0	27.310386447399615	20.05230223218455	15.176412268034573	37.46061167747915	2.87374902112924E-4
2.0	28.195385303118876	20.020660683378612	18.06663571862499	33.71731829487752	0.0
3.0	23.876511248460535	22.31775722298898	15.360370786292107	38.44507499449936	2.8574775902319986E-4
4.0	34.46307070027564	13.838190063822084	14.594277960999833	37.10346360943962	9.976654628170083E-4
5.0	36.37681180053217	14.993828382039522	22.919837302768045	25.701407584470015	0.008114930190245284
6.0	32.87760453699964	17.780391242271	19.902985796278706	29.43333010995512	0.005688314495531829
7.0	35.843666725883814	16.719275182092737	20.349618049387104	27.086445194528334	9.948481080120804E-4
8.0	23.04144781881244	27.278266526149537	22.33071899509421	27.348572434970585	9.942249732269417E-4
9.0	29.28152170055715	18.235281592675396	15.959544341530925	36.52365236523652	0.0
10.0	26.750565751296442	16.99069968715195	25.365521448890842	30.892787469052163	4.256436086065138E-4
11.0	28.550499778758553	18.889906851677463	19.88237329672449	32.67566003698703	0.0015600358524603185
12.0	26.74159788362789	19.696664672407486	21.034141528131816	32.522775668525775	0.004820247307041247
13.0	27.395278108068656	21.80193790594481	18.85043657446709	31.951922245669333	4.251658501120312E-4
14.0	31.92003480691093	18.26399114521256	20.684743773800427	29.130521664325894	7.086097501867186E-4
15.0	30.015433520359068	19.00519694390787	19.83058558092536	31.147650179207403	0.0011337756002987498
16.0	30.605563720314567	17.833723304899184	19.14861955734566	32.40996758819003	0.002125829250560156
17.0	30.276060186477743	18.232387150354235	20.549682755414842	30.939177190702473	0.002692717050709531
18.0	31.609096848528996	18.32762430077933	18.372266715041093	31.682792262548414	0.008219873102165938
19.0	30.681810129434655	18.487344938471413	19.662361626231032	31.168483305862893	0.0
20.0	30.340685395694774	18.37680181744229	19.240030215119745	32.04248257174319	0.0
21.0	30.509051072339133	17.542909863422558	19.220047420164484	32.72770820017375	2.8344390007468745E-4
22.0	28.88052414446002	19.41590715511609	19.71479874774485	31.987777899028778	9.92053650261406E-4
23.0	30.18167336775287	17.95716312338171	20.290331586846502	31.56998159031869	8.503317002240624E-4
24.0	31.354705948211965	18.008749913195306	18.696101370876423	31.938316938465743	0.002125829250560156
25.0	29.479015939467722	18.363338232188738	19.619703319269792	32.537942509073744	0.0
26.0	32.04007329859256	18.030291649600983	19.87848760003798	30.05114745176848	0.0
27.0	29.58587428979588	18.19539772139449	20.05719897903507	32.16124556587449	2.8344390007468745E-4
28.0	30.525065652693357	18.032842644701656	19.853544536831407	31.5855710048228	0.002976160950784218
29.0	29.482984154068763	18.6929834879756	19.72401067449728	32.09817929810787	0.0018423853504854685
30.0	30.206504224046665	18.543713674686757	19.520892059699293	31.728181427800052	7.086137672317153E-4
31.0	30.690780662506572	18.372772972520988	19.495658261915864	31.438945681150464	0.0018424219061130142
32.0	29.156816725908037	18.48940174719525	19.844016621597873	32.50962317953253	1.4172576631121844E-4
33.0	29.66006930419439	18.903037904717362	19.44896787771849	31.98679110241856	0.0011338109511965248
34.0	29.976657137714387	18.231384882272323	19.750442550622264	32.04109024064266	4.2518874837188146E-4
35.0	30.441925228367992	17.671334514600087	19.596165659185154	32.29057459784676	0.0
36.0	31.07773300034056	17.542002497445793	19.173004881371327	32.20725962084232	0.0
37.0	29.368157954124495	18.79033551483978	19.292493602381064	32.548729063144464	2.838655101985781E-4
38.0	30.56008314355325	18.59115975034217	19.34464820167991	31.50297306353326	0.0011358408914079316
39.0	29.594556199568135	19.019348789635185	19.73235594953972	31.65345493806114	2.8412319581770656E-4
40.0	30.067921886273176	18.629779470883808	19.587345724251087	31.712106830753118	0.002846087838808969
41.0	30.01743658032019	18.43016599681494	20.51998933559928	31.031980370659213	4.277166063823872E-4
42.0	29.39684180320731	18.441659302489924	19.441854887410184	32.718073617021886	0.0015703898706998084
43.0	29.091813371978358	18.51230952605538	20.33151255820335	32.06136326607613	0.0030012776867866606
44.0	29.592978179831146	18.773584635763104	20.188877349880844	31.444416788970614	1.430455542872183E-4
45.0	29.748056049904857	18.37800612499982	19.611882900541055	32.261911750177894	1.4317437636821013E-4
46.0	30.504664380921813	17.63051455049008	19.376773947666663	32.48747401314422	5.731077772158138E-4
47.0	29.778013518453477	18.070860779998995	20.032828481933585	32.11500003583895	0.0032971837749887108
48.0	30.406362958287914	18.02513052957714	18.77875953869987	32.7893166561478	4.3031728727982096E-4
49.0	29.848978765734067	17.614694175182336	20.160997449246903	32.37346355523593	0.0018660546007576182
50.0	29.946715461715485	18.607616224832864	19.681643929343007	31.763880643784166	1.437403244794085E-4
51.0	30.120971343130503	18.3410302874906	19.518909154813933	32.019089214564964	0.0
52.0	30.030429024697046	17.899545225444847	19.86147356198668	32.20840776914956	1.4441872186542776E-4
53.0	31.45320054428071	17.66075099157523	19.349758258301726	31.52702585333372	0.009264352508612952
54.0	30.297126227508077	18.414398312498278	19.36202221664493	31.92326161354296	0.003191629805760311
55.0	29.04712206268406	18.392401861741558	18.482959715564032	34.07649885603482	0.00101750397553339
56.0	29.347921046960636	18.622486123811132	20.499047741078762	31.52996266679092	5.824213585560609E-4
57.0	28.362249561555046	18.698820754373152	19.89585201189013	33.04264032060786	4.3735157380963836E-4
58.0	30.696789147499544	18.19113315448232	21.830673435369878	29.28140426264826	0.0
59.0	29.707672607353352	20.305775797548883	21.19512466086631	28.782948592010477	0.008478342220974834
60.0	31.314396553113376	19.255567422174753	19.661083495583714	29.768952529128157	0.0
61.0	29.04493911602551	20.990831779833442	19.840727699013254	30.123207599001645	2.938061261515364E-4
62.0	31.04202984475888	16.441901829090234	21.93285961636595	30.582323808849598	8.849009353402887E-4
63.0	26.456162091092487	20.211433475682334	25.704790604669505	27.626427998630366	0.0011858299253075376
64.0	26.200556141071672	19.71517121880638	18.751004805201767	35.330588354382144	0.002679480538039692
65.0	27.640924822652625	19.50873468533455	18.864528282141173	33.97998161118877	0.005830598682882708
66.0	26.560117196412058	19.90372723015406	16.92623590581059	36.60316526375197	0.006754403871324103
67.0	33.57677541450949	14.360923101031226	18.012403642741337	34.04884311019232	0.001054731525623949
68.0	34.221462304045495	15.614032681561266	23.11832627005643	27.045873964319405	3.04780017402939E-4
69.0	31.959176875820066	17.370217547966547	20.654527229683772	30.01607834652961	0.0
70.0	33.14003627041048	16.206979123582297	21.970055979677852	28.682928626329367	0.0
71.0	26.003672912585944	19.957072043484587	25.973100448466425	28.066154595463043	0.0
