# Position (bp)	A	C	G	T	N
0.0	25.988001042740255	23.92987850959397	24.13471768046924	25.947402767196543	0.0
1.0	26.78422707809266	20.47357476323987	15.62160227063204	37.12059588803543	0.0
2.0	29.135718516360292	19.47629349533239	17.717299878670843	33.67068810963647	0.0
3.0	23.53756706743663	22.621149320434697	15.031411987163029	38.809871624965645	0.0
4.0	34.107293084485164	12.941228216228584	14.822605118942944	38.12887358034331	0.0
5.0	35.111344012487386	14.686538456939214	23.549615389419042	26.652502141154354	0.0
6.0	31.616021236934515	17.191354293025583	21.181091900495712	30.011532569544187	0.0
7.0	35.147976950804555	17.11712334136273	20.11428935854732	27.62061034928539	0.0
8.0	22.551979602764096	26.84628067989015	23.11311617203724	27.488623545308517	0.0
9.0	27.566375385138663	18.52833517792443	15.49593370632604	38.40935573061087	0.0
10.0	26.834681678493748	16.37999550920679	25.144668644564344	31.64065416773511	0.0
11.0	27.995737732362013	18.39862034329324	19.52340460585318	34.08223731849157	0.0
12.0	26.210727149767955	19.926725667009013	20.941379204970165	32.92116797825287	0.0
13.0	26.326783595584143	20.758890906940934	19.026547496781376	33.887778000693544	0.0
14.0	30.46217968221659	18.401158040047775	20.502835975770974	30.633826301964657	0.0
15.0	29.569548170400356	18.407761366157754	20.20988479388189	31.812805669559996	0.0
16.0	29.571607557818965	17.861651681855204	18.906717721759485	33.66002303856635	0.0
17.0	30.458791657753725	17.70116561327893	19.921995719131445	31.9180470098359	0.0
18.0	31.816180407652418	17.728309668093182	19.06317802009165	31.392331904162752	0.0
19.0	29.90715484334705	18.450131601499233	20.11915217012932	31.5235613850244	0.0
20.0	29.99512390204756	17.89210404290966	20.2049289777068	31.90784307733598	0.0
21.0	29.082044666120154	18.473768054516633	20.234956174907097	32.209231104456116	0.0
22.0	29.918076239850873	18.594926466582784	23.06064829515938	28.426348998406965	0.0
23.0	29.91638887080466	20.034092826555735	21.095806688624606	28.953711614014992	0.0
24.0	33.37666461613683	19.18174558992149	17.92824297051356	29.513346823428122	0.0
25.0	29.673766460152184	20.94379732439072	19.52478638837921	29.857649827077886	0.0
26.0	31.856889846688574	16.55339592985328	22.49108816702562	29.09862605643253	0.0
27.0	26.35254586787236	21.111883196860166	25.046415935141255	27.48915500012622	0.0
28.0	26.876467313535755	19.48761112388079	18.770997447688238	34.86492411489522	0.0
29.0	28.16379703209057	20.139267734979427	17.403351619807854	34.29358361312215	0.0
30.0	26.963275691155708	18.61504361932655	15.932338894952213	38.489341794565526	0.0
31.0	34.55152741090281	14.235407637268228	18.317951298951094	32.89511365287787	0.0
32.0	34.54933039403609	15.158078004075154	22.859962040353203	27.432629561535553	0.0
33.0	31.152289090637318	17.277312684729466	21.330341293316298	30.240056931316918	0.0
34.0	33.11669726942181	16.350439824281207	22.077925121483368	28.454937784813612	0.0
35.0	26.537378621551948	20.273750950000284	25.660983323369724	27.527887105078047	0.0
