# Position (bp)	A	C	G	T	N
0.0	43.89355822103194	10.558705376221544	23.506082794381605	22.006324966523263	0.03532864184164791
1.0	35.053590659669396	17.25499581189422	18.602597195393653	29.076280506219483	0.01253582682325054
2.0	36.46831811661848	17.429020286423352	17.913981922087384	28.18867967487079	0.0
3.0	35.96152096788865	18.13824706631493	19.66421813881561	26.234308196124807	0.0017056308559992722
4.0	36.52385224214483	18.398192203308994	18.217071869002872	26.859748134858	0.0011355506853048384
5.0	34.35848286187419	18.97556881337477	18.502030261098383	28.162216727536695	0.0017013361159630696
6.0	30.605425610239568	18.903550999603556	17.052160616186214	33.43886277397066	0.0
7.0	31.779191091596314	19.240997668786637	17.912998211981986	31.066813027635064	0.0
8.0	31.585130959845003	19.604155016691237	17.726037765690045	31.084676257773715	0.0
9.0	34.92991445274586	18.020788659910163	18.627971017764033	28.42132586957994	0.0
10.0	31.95011158953087	21.69740075294754	18.43368876665389	27.91879889086769	0.0
11.0	31.924903766067125	20.251333768543322	17.492064921324538	30.331134772527747	5.627715372667312E-4
12.0	31.218201341376346	19.094655295513192	19.298166710704585	30.388976652405873	0.0
13.0	35.557265024453514	17.538027884307635	17.90075971542958	29.00394737580927	0.0
14.0	33.247161082293566	18.775830646291883	18.15561474835273	29.820832749193887	5.607738679377541E-4
15.0	31.83747284495308	19.351750240756086	18.919509081543527	29.89126783274731	0.0
16.0	32.07164072244814	20.51112814001488	18.21781956695622	29.199411570580768	0.0
17.0	31.829912744254642	18.667255075022066	19.0068933156066	30.49482163406214	0.0011172310545543923
18.0	32.54130272302355	18.008656559909863	19.17773836216994	30.271186818825786	0.0011155360708588512
19.0	29.761652837333628	19.090048449072786	19.986634738542072	31.15999331736927	0.0016706576822409088
20.0	32.424176667946384	17.00078452319351	18.085763407835216	32.48871900159686	5.56399428021388E-4
21.0	32.91127978424667	17.401506936914394	18.80668390469041	30.87830511302027	0.0022242611282564575
22.0	32.17410639835455	18.306743009616987	19.605870254044138	29.91216854744566	0.001111790538662516
23.0	31.49051279772485	17.434678279416993	18.48949075719872	32.583096338428724	0.0022218272307145395
24.0	31.809500544093805	18.33984765373426	19.129894068267117	30.71909214062049	0.0016655932843278778
25.0	34.16436851129472	17.7941037748936	18.90221233290977	29.13820560768407	0.001109773217842934
26.0	33.437071801443466	16.769018256860885	18.51537492857579	31.27631600845441	0.002219004665457309
27.0	32.88019825583652	17.584671763512276	18.418499442821265	31.114967317724933	0.0016632201050046293
28.0	34.02211567774298	17.5661668929967	19.696810132195218	28.711581631239085	0.0033256658260122497
29.0	34.07169840584045	17.94454230228101	17.491442055236135	30.491209412077502	0.001107824564901902
30.0	31.247778764993335	17.66492669924478	19.502998667258996	31.583185250999556	0.0011106175033318527
31.0	31.993427648434892	18.288403698340204	19.69923136905425	30.01726634733207	0.0016709368385875013
32.0	31.246337665816544	18.444212535367686	19.476083911400814	30.83113360753171	0.0022322798832517623
33.0	32.205813112231425	18.12377266619966	20.1523903581805	29.51630128963355	0.0017225737548662709
34.0	32.068612450099515	17.504573012896472	19.48793759994478	30.93715127181528	0.0017256652439515434
35.0	31.625943102374194	18.56613829860871	19.41867977204033	30.386931542880873	0.002307284095890727
36.0	32.385268140622294	17.28453501125671	20.418518732321193	29.909946314148822	0.0017318016509842405
37.0	31.564186043821955	17.78264816945879	20.525424022853574	30.12542864908314	0.0023131147825382965
38.0	31.490832860402357	18.534068403191995	19.87410384406018	30.10099489234547	0.0
39.0	32.171421611558024	19.44065840375369	18.675652632861027	29.711107373402857	0.001159978424401306
40.0	32.1260976629652	18.99247316823863	18.848441202434604	30.030664870138924	0.002323096222645542
41.0	31.959332522930712	18.51963869226608	18.759269707033635	30.76001419173971	0.0017448860298608163
42.0	31.789255500631718	18.149319080307187	19.77607378037065	30.283604944309563	0.0017466943808841769
43.0	31.182407024130875	19.97924476600806	19.963503436856865	28.874261760813418	5.830121907849093E-4
44.0	33.839866896290026	18.530605096471	18.684725181704078	28.944802825534893	0.0
45.0	33.64201498031059	18.76979165449468	17.895745451571063	29.69244791362367	0.0
46.0	30.674222354778152	19.68981911963368	20.2839815903203	29.35197693526787	0.0
47.0	30.27235577204548	20.508061777689306	18.541503225881996	30.677493764856035	5.854595271828859E-4
48.0	30.441102345590735	20.06411984667503	20.27746193250419	29.216143665967248	0.0011722092627975947
49.0	31.40203475750713	18.845562609277273	20.85098393550734	28.900831974090284	5.867236179725178E-4
50.0	30.456778226943687	18.690655259941714	18.946248942370968	31.904554855692396	0.0017627150512362507
51.0	31.095281547110943	19.3153386512819	20.041797898331026	29.546404497689345	0.0011774055867895092
52.0	30.00578396307707	20.08923828747477	19.931654803640356	29.97273274549382	5.90200313986567E-4
53.0	31.225256739030243	18.507072879613325	19.88442312010305	30.38324726125338	0.0
54.0	31.972616032756623	19.06641262928688	19.474095287685497	29.485692646327898	0.0011834039431019383
55.0	31.087174200276102	20.297196892941574	19.617009426639886	28.9968419867636	0.001777493378837164
56.0	30.271113827457913	18.963726880559197	20.02527784865333	30.738694689871654	0.001186753457902888
57.0	29.236492429104565	18.475005348356273	22.092276973543466	30.195630987187716	5.942618079821247E-4
58.0	29.162798447951626	18.92392106453379	19.632102644671377	32.27939251112857	0.0017853317146325786
59.0	27.90295763484562	19.39417054522267	20.4650691584775	32.237802661454204	0.0
60.0	29.061198142359345	18.484361271659026	21.289948538333263	31.16389435117059	5.976964777746565E-4
61.0	30.374242632677596	18.00994072647451	21.287629118792278	30.32758940373585	5.981183197660161E-4
62.0	30.07543555049991	18.682871340477757	20.765132012213375	30.47596240196372	5.986948452373825E-4
63.0	28.91220459230142	18.01807200038349	20.82174871770289	32.24737548535545	5.9920425674704E-4
64.0	28.293674346660914	19.146627337422135	22.6784654400259	29.88123287589105	0.0
65.0	29.345556648827664	18.799947202956634	19.11852936235571	32.735366819458115	5.999664018814946E-4
66.0	29.530962930941318	17.742593993539632	21.793532427921274	30.932310241723403	6.004058743710748E-4
67.0	31.696825511258503	17.502943791603585	20.55367313099272	30.245956792348544	6.007737966500853E-4
68.0	31.049616140726354	16.82608199017657	20.041241575837006	32.082459104107926	6.011891521429387E-4
69.0	31.424291103369857	18.455679295345018	20.72992437232641	29.390105228958717	0.0
70.0	31.946459859947858	18.42113185734672	19.241213624677115	30.38999042635822	0.0012042316700886916
71.0	30.73271811676264	18.999228971399656	19.837120208177723	30.43033033756596	6.023660940172999E-4
72.0	32.48976935084346	17.129029730658196	20.320269040458523	30.060931878039813	0.0
73.0	31.230177393485526	18.833134353556915	19.936567659153674	29.99951762478444	6.029690194517805E-4
74.0	30.24429102496017	20.97897455704147	19.911408294307922	28.86411915222324	0.0012069714671945155
75.0	32.338927370118306	18.969400880472	20.003261007409733	28.6878068517389	6.038902610617598E-4
76.0	32.08679621626522	18.552993441929342	21.28199703829067	28.078213303514765	0.0
77.0	33.09493437479218	17.817652002007144	19.807265626416942	29.27893887273365	0.0012091240500819182
78.0	32.7919917740277	18.786669086070283	19.384866630375612	29.0352628077179	0.0012097018085042038
79.0	30.935308390969436	19.534554432080164	20.114848633373875	29.415288543576523	0.0
80.0	31.486414491209374	17.995955828933987	19.061485930159343	31.45553833486705	6.054148302416816E-4
81.0	31.568046799774724	18.180937327786157	20.928486213808597	29.32131848433649	0.0012111742940367834
82.0	31.25408862937029	20.013083613984932	20.146342645312917	28.58527366559252	0.0012114457393453348
83.0	32.19714640574354	19.2766047681076	19.11181121444367	29.41322589439884	0.001211717306352428
84.0	32.63686053980681	18.08364945280023	20.492419192592504	28.785858855182944	0.0012119596175055448
85.0	31.47448759994908	19.602446668566127	20.53116228881116	28.391903442673634	0.0
86.0	31.119858796984275	18.365490177049658	21.77547022181247	28.7391808041536	0.0
87.0	32.04046091953325	18.16129756494196	20.321478631804418	29.475549298851345	0.001213584869023853
88.0	31.349208757989818	19.37283372081024	20.40961266472827	28.868344856471673	0.0
89.0	31.512196898867128	18.450769212088833	19.650424371941668	30.386002404167222	6.071129351481963E-4
90.0	30.381338175722867	18.964878505013452	21.172497980650686	29.481285338612995	0.0
91.0	33.41654973850611	17.913394196718723	18.456426796897304	30.213021848862	6.074190158597106E-4
92.0	32.7589140315485	17.431276280290696	19.320419026322824	30.48878302505894	6.076367790389616E-4
93.0	32.059291852536134	17.328706348531075	21.4668595252276	29.143926778573253	0.0012154951319419966
94.0	33.86458301663069	17.520294305433097	19.896628256969993	28.717886351889575	6.080690766471071E-4
95.0	32.596765754474774	18.2239635934439	20.00839589696166	29.170874755119673	0.0
96.0	31.86706838309139	18.81432788581515	20.06330076995648	29.254694299887397	6.086612495815455E-4
97.0	31.12217233164978	20.04179435471588	21.354112722908305	27.481311343572745	6.092471532926762E-4
98.0	32.22636125861932	18.063540644185807	19.685284201413232	30.024204217752605	6.096780290328678E-4
99.0	32.120453990724926	16.773858921161825	20.103124237246767	31.00073224310471	0.00183060776177691
100.0	32.59084721552445	19.01671967232128	18.919661333544948	29.47216134880569	6.104298036247322E-4
101.0	32.96512622498106	17.07214252547716	20.467875559031256	29.49485569051052	0.0
102.0	33.29359256541942	17.883345561261923	19.150158963071657	29.672291513817562	6.11396429444852E-4
103.0	32.57110338750734	18.779983356177794	18.321054435089092	30.327858821225767	0.0
104.0	30.8190935993187	19.828204169908773	19.60886427271669	29.743837958055842	0.0
105.0	32.821384102995026	18.69268938952508	19.189509129829425	29.296417377650474	0.0
106.0	30.99951476883956	17.632317623718592	20.425160771210436	30.941778402913844	0.0012284333175684391
107.0	31.608269483833674	18.976522241763107	19.16222897270972	30.252364378743344	6.149229501543457E-4
108.0	31.440499501237667	19.43017943128779	20.436324675804485	28.69176487974286	0.0012315119271930149
109.0	33.45866283692577	17.606740672711247	19.124871331800616	29.80787603473887	0.0018491238234949674
110.0	32.3154619316919	18.205615785444397	19.359518929197638	30.119403353666062	0.0
111.0	30.877097528101004	19.05674609553723	19.644115792207153	30.42142230026339	6.182838912314979E-4
112.0	31.492113037177415	17.909939369166835	20.120890077971623	30.476438201760093	6.19313924034954E-4
113.0	30.03134601657304	18.890785512553922	20.206076782222773	30.871170975450795	6.207131994661867E-4
114.0	28.07814347041623	18.79114042182542	21.367510732283954	31.762583214085733	6.221613886642195E-4
115.0	30.879519049074204	19.50433117761882	20.507767432288322	29.10775870133272	6.236396859350541E-4
116.0	30.162381089290847	18.822580846781754	20.852031951198168	30.163006112729228	0.0
117.0	30.78286798930032	17.81232968533681	20.454673590969172	30.950128734393694	0.0
118.0	31.311083352687515	18.274946488315308	20.525261909096045	29.888708249901136	0.0
119.0	31.741527076857246	17.342277149221612	19.61514743452598	31.30104833939516	0.0
120.0	32.925028398333964	16.786570743405278	21.195885396945602	29.09251546131516	0.0
121.0	32.536512177056366	17.511917498623077	19.75107779768424	30.19922639132444	0.0012661353118807808
122.0	31.422708965937822	19.089938888818306	19.40502356782579	30.08232857741808	0.0
123.0	31.27871192185897	17.94745997056331	20.130999636820075	30.642828470757642	0.0
124.0	30.120944028228795	18.093022066532	20.750338796696415	31.03569510854279	0.0
125.0	30.68120590121873	17.587556125721616	18.129570237331624	33.60038486209108	0.0012828736369467609
126.0	29.493179521182434	19.016228812741	20.752409215854154	30.73818245022241	0.0
127.0	31.565077540158764	18.789197987379136	20.540875709681377	29.103556965050416	0.0012917977303113879
128.0	31.90951680522527	19.87014585911733	19.32649503975325	28.892546346394344	0.0012959495098070978
129.0	32.28777128140426	18.17561020024584	20.250258518089762	29.285059280311653	0.00130071994849149
130.0	30.98538215957537	19.605794906279993	21.413601969066846	27.995220965077788	0.0
131.0	32.360035130494055	18.206247460248797	19.363718589012542	30.069343400579392	6.55419665211635E-4
132.0	30.84848644449419	18.777568567553686	21.21676958931887	29.157175398633257	0.0
133.0	30.65209341691132	18.221190721785817	21.766642862810443	29.36007299849242	0.0
134.0	31.673543697384073	19.041069494554854	20.003189347579088	29.28219746048199	0.0
135.0	31.890637745891226	17.698150550288183	21.87579400633868	28.53541769748191	0.0
136.0	30.039166599370105	19.170771756978652	20.905004172386874	29.88505747126437	0.0
137.0	30.69708818128223	18.52193181587168	21.043429942197314	29.73619478081737	0.001355279831403189
138.0	31.749866906916747	18.282211938790834	21.387034686105082	28.580886468187337	0.0
139.0	30.357204272969273	20.745086979550003	20.923929866074193	27.97309102415067	6.878572558622635E-4
140.0	29.312723113714345	19.474578033480054	21.859078778636537	29.352926905347797	6.931688212664194E-4
141.0	29.635846114036745	19.64486778703257	21.09253159333935	29.62675450559134	0.0
142.0	31.66766710215035	19.641961795134353	20.89827336605346	27.79209773666184	0.0
143.0	33.16180511444335	18.101104108826448	21.244281401440265	27.4920956656413	7.1370964864074E-4
144.0	29.84844648605635	19.75548884146562	20.238723912178536	30.15661735450501	7.234057944804138E-4
145.0	30.04159990592247	19.242528921489367	18.66556909553279	32.048832115715356	0.0014699613400167577
146.0	27.68610941354881	19.664561689414	20.36093946870072	32.28688048406932	0.0015089442671434932
147.0	29.93698802772527	19.493541272841842	19.572306238185256	30.990863264020163	0.00630119722747322
148.0	29.056477205294257	20.592206541276433	18.816274929693748	31.526441170652834	0.008600153082724873
149.0	30.3183480318348	20.165627016562702	15.107550010755	34.39019143901915	0.018283501828350184
150.0	32.12766446687668	12.370944376738946	12.111108556186622	43.362689415714314	0.027593184483432592
