# Position (bp)	A	C	G	T	N
0.0	50.64216743226774	15.430767788506609	17.249460954345178	16.67760382488047	0.0
1.0	18.12130870910284	46.55479516265117	19.13377706946658	16.190119058779413	0.0
2.0	21.46601759970043	41.555888410410034	14.061037258940273	22.917056730949263	0.0
3.0	47.23599289121691	15.966700963427183	15.910578991675242	20.886727153680663	0.0
4.0	48.62565445026178	13.977187733732235	15.416978309648465	21.980179506357516	0.0
5.0	21.959648795068187	42.07920792079208	13.618531664487204	22.34261161965253	0.0
6.0	20.636550308008214	40.43307821541908	16.828448758633563	22.101922717939146	0.0
7.0	49.557274676111476	13.98079970174294	13.701183707708081	22.760741914437503	0.0
8.0	47.300316514615524	17.585179668590577	12.046173896853473	23.06832991994042	0.0
9.0	19.743208038704875	38.47227391142538	14.923706736136955	26.860811313732786	0.0
10.0	17.659633794962357	13.876754345199368	15.270935960591133	53.19267589924714	0.0
11.0	17.11368909512761	17.410672853828306	13.540603248259862	51.935034802784216	0.0
12.0	19.670003707823508	14.136077122728958	13.366703744901741	52.82721542454579	0.0
13.0	20.681355304573227	40.77948528050361	14.950935012034808	23.588224402888354	0.0
14.0	19.395116537180908	15.140584535701073	42.59156492785793	22.87273399926008	0.0
15.0	46.21135209967697	15.20073834794647	17.19427780341486	21.3936317489617	0.0
16.0	21.263254956201013	16.422314430613184	15.306592899953896	47.0078377132319	0.0
17.0	22.473048926564086	39.233391688933935	15.562517276329126	22.731042108172854	0.0
18.0	17.27849848192106	16.597663078480082	17.545312356242523	48.57852608335633	0.0
19.0	20.33648984094879	41.344120621494895	14.222671692562288	24.09671784499402	0.0
20.0	18.813699384813148	16.674318244422	13.423928013956477	51.08805435680838	0.0
21.0	17.562362435803376	14.691856199559794	18.01173881144534	49.734042553191486	0.0
22.0	20.839827633629778	13.532593747134866	42.330613367562115	23.29696525167324	0.0
23.0	20.089735372218662	15.035253181943045	15.117663217654062	49.757348228184235	0.0
24.0	47.47188442900247	13.961781109993598	14.720672945048916	23.845661515955015	0.0
25.0	20.992505940413086	13.306525315298847	40.16633156644124	25.534637177846832	0.0
26.0	51.70838662525124	12.32413667093002	13.566599671112737	22.400877032706013	0.0
27.0	19.64220518437386	19.70609711573567	11.646586345381527	49.00511135450895	0.0
28.0	22.47765006385696	38.30505382229521	11.795292829775589	27.42200328407225	0.0
29.0	22.949325555960627	11.383521691578563	12.304046664236237	53.363106088224576	0.0
30.0	22.32724603101771	14.013031109479673	39.01991373772598	24.639809121776636	0.0
31.0	22.444668931949675	12.563137110845807	12.902929561943246	52.08926439526127	0.0
32.0	20.83218263831354	12.077694927736353	12.97063426309491	54.1194881708552	0.0
33.0	22.447454460532462	40.859411489957964	13.666510976179355	23.026623073330217	0.0
34.0	24.312916236750773	13.685395366288342	13.291436075415064	48.71025232154582	0.0
35.0	23.0551091785613	39.83363266849418	11.919841194819925	25.191416958124584	0.0
36.0	23.197343453510435	12.874762808349146	15.483870967741936	48.44402277039848	0.0
37.0	47.29871367317771	15.054787994282993	13.825631252977608	23.820867079561697	0.0
38.0	47.8177641653905	15.78292496171516	13.342266462480856	23.05704441041348	0.0
39.0	48.84881043745203	13.584036838066002	14.389869531849579	23.177283192632387	0.0
40.0	20.435203094777563	40.686653771760156	14.545454545454545	24.332688588007738	0.0
41.0	20.943579766536967	14.50389105058366	41.8579766536965	22.69455252918288	0.0
42.0	50.303981172778975	14.238085899195921	13.051578740929596	22.40635418709551	0.0
43.0	49.89600871546004	14.014063583242548	13.340596216698028	22.749331484599384	0.0
44.0	22.44509076321332	42.70384113930398	12.476180924681577	22.374887172801124	0.0
45.0	28.46856114182847	16.79310788221679	16.42021344991642	38.31811752603832	0.0
46.0	30.343590451221196	15.661653097833586	22.105698909893746	31.889057541051468	0.0
47.0	34.23935653862155	15.767577312439329	18.097351268894744	31.89571488004438	0.0
48.0	27.622620536334587	21.870223704321244	18.452132833124914	32.05502292621926	0.0
49.0	28.34030683403068	18.94002789400279	17.489539748953973	35.23012552301255	0.0
50.0	27.960893854748605	21.997206703910617	17.164804469273744	32.87709497206704	0.0
51.0	30.292430390373582	18.23142577305163	17.51783965300126	33.95830418357353	0.0
52.0	29.61199047485642	19.35845356492506	21.781762151561843	29.247793808656674	0.0
53.0	29.391084235691185	20.826887920123752	18.886232597384335	30.895795246800734	0.0
54.0	28.092747066308497	21.504312173052455	18.096988547999434	32.30595221263962	0.0
55.0	30.318091451292243	17.6370349332576	19.454700369213292	32.590173246236866	0.0
56.0	26.224373576309794	19.248291571753988	21.156036446469248	33.37129840546697	0.0
57.0	31.491791577444683	18.843683083511777	21.85581727337616	27.808708065667382	0.0
58.0	29.37473172127629	22.878809557876664	19.902704249534985	27.84375447131206	0.0
59.0	29.087261785356066	18.025505086688636	19.615990829631752	33.27124229832354	0.0
60.0	29.25355961455487	19.60304904357831	19.416079390191285	31.727311951675535	0.0
61.0	31.57743235463443	17.386298215313758	23.963730569948186	27.072538860103627	0.0
62.0	32.98255730142713	17.341790399308056	18.004901254144443	31.670751045120372	0.0
63.0	31.146119381413502	17.054487642722936	22.373175314351784	29.426217661511778	0.0
64.0	28.134512248151903	20.13335265980577	22.16263226554573	29.569502826496596	0.0
65.0	28.780131482834186	20.0	19.70781592403214	31.51205259313367	0.0
66.0	27.35117741699576	15.0650870264736	22.904782799473452	34.67895275705719	0.0
67.0	28.06114949287079	18.080258709392915	17.168896075260914	36.68969572247538	0.0
68.0	26.743498817966906	19.148936170212767	19.2080378250591	34.89952718676123	0.0
69.0	28.11851851851852	19.57037037037037	22.192592592592593	30.118518518518517	0.0
70.0	29.720902612826606	21.347980997624703	20.769002375296914	28.16211401425178	0.0
71.0	28.220035778175312	23.1216457960644	19.88670244484198	28.77161598091831	0.0
72.0	28.42990093065146	19.99399579705794	17.53227259081357	34.04383068147703	0.0
73.0	34.07006465193204	18.012328973086753	18.67388362652233	29.24372274845888	0.0
74.0	32.58324464041356	18.792762657746692	19.841873194465563	28.782119507374183	0.0
75.0	34.013709063214016	19.26884996191927	17.48667174409749	29.230769230769234	0.0
76.0	29.136141636141637	22.2985347985348	17.933455433455432	30.631868131868135	0.0
77.0	31.525061124694375	18.581907090464547	16.671760391198042	33.22127139364303	0.0
78.0	30.24472833615515	16.80775742650454	21.0558719408958	31.891642296444513	0.0
79.0	29.81337480559876	18.64696734059098	19.828926905132192	31.710730948678073	0.0
80.0	28.504453820909514	17.97155805594624	22.597280825128927	30.926707298015316	0.0
81.0	26.846057571964955	21.667709637046308	19.72778473091364	31.758448060075096	0.0
82.0	30.83804143126177	18.157564344005024	22.818581293157564	28.185812931575644	0.0
83.0	31.22150605250747	19.19509511083163	19.918251847193837	29.66514698946707	0.0
84.0	28.60069335014182	21.30475890324614	19.16167664670659	30.93287109990545	0.0
85.0	31.066118316988295	17.099019297690603	21.3540018981335	30.4808604871876	0.0
86.0	28.673098212873636	20.496599715325004	22.853076071485052	27.977226000316307	0.0
87.0	30.05698005698006	17.869578980690093	23.266856600189932	28.80658436213992	0.0
88.0	32.81621022637328	20.16780117144214	16.22605667247111	30.78993192971347	0.0
89.0	30.642347343378272	18.3187946074544	17.160983346550356	33.87787470261697	0.0
90.0	28.088281994283896	15.4811051127342	23.21371864083836	33.21689425214353	0.0
91.0	28.7303352931829	19.40251072620372	17.400286032099157	34.46686794851422	0.0
92.0	27.554425552200858	17.940568886063883	20.3082790402034	34.196726521531865	0.0
93.0	31.06024479415037	17.183277698299158	20.044508027340648	31.711969480209824	0.0
94.0	32.25190839694657	16.873409669211195	19.751908396946565	31.122773536895675	0.0
95.0	29.117788847822595	17.06572392736622	20.954523541700144	32.86196368311104	0.0
96.0	29.037467700258397	15.229328165374678	20.348837209302324	35.3843669250646	0.0
97.0	28.531946025036582	16.37132173630304	20.175581206307918	34.92115103235246	0.0
98.0	35.15052888527258	17.461350691619202	16.45240032546786	30.935720097640356	0.0
99.0	25.43830631822693	20.59212702613298	20.52596758187231	33.443599073767786	0.0
100.0	31.0808567159223	17.30034866345675	17.748630250705627	33.87016436991532	0.0
101.0	30.439121756487026	19.06187624750499	19.278110445775116	31.220891550232864	0.0
102.0	31.075896580483736	17.08090075062552	18.765638031693076	33.07756463719767	0.0
103.0	28.73851294903926	22.79030910609858	18.913951545530495	29.55722639933166	0.0
104.0	27.21952850693864	18.926600902859054	19.127236248119043	34.726634342083265	0.0
105.0	27.135171486213856	19.48554135843981	19.939475453934097	33.43981170141224	0.0
106.0	28.879892037786774	21.575573549257758	19.078947368421055	30.465587044534416	0.0
107.0	31.416004060226694	20.233463035019454	17.54356284892573	30.806970055828113	0.0
108.0	34.35114503816794	16.810856658184903	17.065309584393553	31.772688719253605	0.0
109.0	28.02244516238735	18.092161197075328	20.812786940996432	33.0726066995409	0.0
110.0	24.774237519168512	17.39649003237349	21.80950758221162	36.019764866246376	0.0
111.0	26.314890710382517	18.78415300546448	21.53346994535519	33.36748633879781	0.0
112.0	28.27574409852891	18.388641806363324	20.663701676359906	32.67191241874786	0.0
113.0	26.584446728331617	17.420349434737926	21.41144227475163	34.58376156217883	0.0
114.0	28.78241456294007	15.438777262579425	22.136355830328007	33.6424523441525	0.0
115.0	27.311864990528672	19.459273290855865	20.320303082486653	32.90855863612881	0.0
116.0	27.564213066712632	18.03137390105154	19.3587312532322	35.045681779003615	0.0
117.0	26.293924182101435	21.0662973861866	18.885234550804917	33.75454388090704	0.0
118.0	27.845457709711102	16.881308736512356	22.902888966237384	32.37034458753916	0.0
119.0	22.986899563318776	19.196506550218338	24.209606986899562	33.60698689956332	0.0
120.0	26.592022393282015	21.850944716585026	21.990902729181247	29.566130160951715	0.0
121.0	29.2768341796533	19.69882682542462	18.9283838206969	32.095955174225175	0.0
122.0	28.576443742320517	17.851500789889414	19.729682288923993	33.84237317886607	0.0
123.0	28.474333750670723	18.690752995886246	19.92487927025577	32.91003398318726	0.0
124.0	31.082049444643495	17.39519885345754	19.45539233249731	32.06735936940165	0.0
125.0	26.85069008782936	19.967736153432515	21.043197705682022	32.138376053056106	0.0
126.0	31.634667145164187	18.464022967880855	18.266642741790776	31.634667145164187	0.0
127.0	30.100755667506295	18.36991723641598	21.35660309463836	30.172724001439367	0.0
128.0	31.872294372294373	19.985569985569985	17.604617604617605	30.537518037518037	0.0
129.0	30.826252033990237	19.038148616886637	20.177183149520882	29.958416199602244	0.0
130.0	30.795722312851186	19.75711437375385	17.545767627333696	31.901395686061264	0.0
131.0	31.023222060957913	20.047169811320757	18.541364296081277	30.38824383164006	0.0
132.0	29.905351292318894	18.83873316345104	22.206042955951947	29.04987258827812	0.0
133.0	28.00655976676385	21.137026239067055	19.8432944606414	31.013119533527693	0.0
134.0	29.01753104455807	21.110299488677867	18.46238130021914	31.40978816654492	0.0
135.0	29.700073152889537	16.313094367227503	20.42794440380395	33.55888807607901	0.0
136.0	30.743862220593627	17.16746060828142	19.109563942836203	32.979113228288746	0.0
137.0	29.35022026431718	16.593245227606463	19.787077826725405	34.26945668135096	0.0
138.0	31.511135652494016	16.896742131419103	19.694459782808764	31.897662433278118	0.0
139.0	30.040545521562844	19.664577957980097	20.89937338739403	29.395503133063027	0.0
140.0	31.963723857116417	16.60188784008884	19.43364797334814	32.0007403294466	0.0
141.0	34.31063277045834	16.181109667841902	20.486175542772315	29.02208201892745	0.0
142.0	32.47163846010787	17.928212758043518	18.802306118653526	30.79784266319509	0.0
143.0	33.7120506612032	17.638293909480353	18.904823989569753	29.744831439746694	0.0
144.0	29.912133108992332	19.031594690596375	18.395961862030287	32.660310338381	0.0
145.0	32.15958044577636	19.610413935193858	18.936130361490918	29.293875257538865	0.0
146.0	28.759151492397223	20.893561103810775	18.415618547024593	31.93166885676741	0.0
147.0	29.3398533007335	18.074101937182622	19.747978183186007	32.83806657889787	0.0
148.0	27.271013946475687	18.601583113456467	20.260082924990577	33.867320015077276	0.0
149.0	31.42803244670817	18.543671005470667	18.71345029239766	31.314846255423507	0.0
150.0	28.56603060646136	17.362554317022482	20.8955223880597	33.17589268845646	0.0
151.0	29.337121212121215	18.579545454545453	20.227272727272727	31.856060606060606	0.0
152.0	26.25687725289319	18.535382280402203	19.996205653576173	35.21153481312844	0.0
153.0	29.46207945257556	16.23265538870937	20.6424634099981	33.66280174871697	0.0
154.0	29.380362249761678	16.37750238322212	20.953288846520497	33.28884652049571	0.0
155.0	29.95603135155802	18.352131523609252	19.51825654750526	32.17358057732747	0.0
156.0	30.41395170563434	17.995400536604063	20.410118819471062	31.18052893829053	0.0
157.0	31.185071181223545	18.25702193151212	20.200076952674106	30.357829934590224	0.0
158.0	28.563162970106077	19.787849566055932	19.247830279652845	32.401157184185145	0.0
159.0	31.928875144955548	15.63587166602242	21.105527638190953	31.32972555083108	0.0
160.0	28.341728012398292	16.970166602092213	23.944207671445174	30.743897714064317	0.0
161.0	28.72960372960373	17.094017094017094	22.804972804972806	31.371406371406373	0.0
162.0	29.055501460564752	18.870496592015577	20.292112950340798	31.781888997078873	0.0
163.0	28.317720530835285	17.54488680718189	21.116315378610462	33.021077283372364	0.0
164.0	29.77890823713559	17.100371747211895	20.133046370573275	32.98767364507924	0.0
165.0	30.374289633548894	16.715657456398198	23.946698020772097	28.96335488928082	0.0
166.0	31.51277013752456	18.99803536345776	20.098231827111984	29.390962671905697	0.0
167.0	32.72297696396929	18.46820240204765	19.33451466824178	29.474305965741287	0.0
168.0	27.900552486187845	18.547750591949487	20.36306235201263	33.18863456985004	0.0
169.0	27.64484872454024	18.212378880759346	20.229385010876015	33.9133873838244	0.0
170.0	25.737477727182736	18.372599485250447	22.569788160760247	33.32013462680658	0.0
171.0	28.142999006951342	20.31777557100298	18.728897715988083	32.8103277060576	0.0
172.0	32.464171974522294	20.003980891719745	16.938694267515924	30.59315286624204	0.0
173.0	30.315117670522536	20.12365376944555	17.3713601914639	32.18986836856801	0.0
174.0	29.55044955044955	21.85814185814186	18.36163836163836	30.22977022977023	0.0
175.0	28.722978382706167	18.514811849479585	19.87590072057646	32.88630904723779	0.0
176.0	30.946650621740872	15.262735659847573	19.895707982350583	33.89490573606097	0.0
177.0	27.34767745827468	18.74120249346471	20.852604061934446	33.05851598632616	0.0
178.0	28.926120306822767	16.148566814695194	22.50706499798143	32.41824788050061	0.0
179.0	28.285483218762636	17.50909826122119	21.35058633238981	32.854832187626364	0.0
180.0	29.492900608519268	18.032454361054768	19.73630831643002	32.73833671399594	0.0
181.0	28.87624466571835	19.122129648445437	18.93923999187157	33.06238569396464	0.0
182.0	32.31458842705786	14.832925835370823	19.76365118174409	33.088834555827226	0.0
183.0	30.27766435279706	21.376071866067782	19.518170681910984	28.828093099224173	0.0
184.0	33.94871794871795	19.076923076923077	17.16923076923077	29.805128205128206	0.0
185.0	28.333333333333332	19.958847736625515	21.74897119341564	29.958847736625515	0.0
186.0	30.288659793814432	16.783505154639176	20.989690721649485	31.938144329896907	0.0
187.0	28.92561983471074	20.43388429752066	20.55785123966942	30.082644628099175	0.0
188.0	30.33940397350993	18.129139072847682	19.49503311258278	32.0364238410596	0.0
189.0	31.452282157676347	19.398340248962658	20.809128630705395	28.3402489626556	0.0
190.0	30.51340677613802	18.748700893785074	18.68634379546872	32.05154853460819	0.0
191.0	28.4375	17.645833333333332	19.666666666666664	34.25	0.0
192.0	32.23918043069203	16.66318210328246	18.837549655028223	32.260087810997284	0.0
193.0	25.80780528745279	15.75744859420898	24.548887956357532	33.8858581619807	0.0
194.0	27.483164983164983	17.045454545454543	20.37037037037037	35.1010101010101	0.0
195.0	25.911870124393843	19.607843137254903	21.1258697027198	33.35441703563146	0.0
196.0	29.784081287044877	17.718035563082136	17.231160033869603	35.266723116003384	0.0
197.0	28.216032319795875	18.541356580905806	19.200510312566447	34.04210078673187	0.0
198.0	30.71504802561366	20.61899679829242	17.780149413020276	30.885805763073638	0.0
199.0	29.439452289259734	20.624732563115106	19.70474967907574	30.231065468549424	0.0
200.0	25.214776632302403	19.093642611683848	21.1340206185567	34.557560137457045	0.0
201.0	30.921619293712315	17.743324720068905	18.453919035314385	32.88113695090439	0.0
202.0	32.56316130425394	18.44094148132153	17.922694882314836	31.073202332109695	0.0
203.0	32.48862897985705	17.695473251028808	19.77474550573966	30.04115226337449	0.0
204.0	32.91331740169455	18.401042798175105	20.94286334998914	27.74277645014121	0.0
205.0	33.115325921081315	17.76760409853935	19.83867451493351	29.27839546544583	0.0
206.0	30.14207650273224	17.158469945355193	19.956284153005466	32.7431693989071	0.0
207.0	28.289040193279156	18.010103228640457	18.49330112014057	35.20755545793982	0.0
208.0	25.970873786407765	20.05736981465137	20.34421888790821	33.627537511032656	0.0
209.0	27.710042119264024	18.39946796719131	19.84039015739304	34.05009975615163	0.0
210.0	31.515691075005563	17.1822835521923	17.939016247496106	33.36300912530603	0.0
211.0	29.30918846411804	19.29353901184887	18.689917281466577	32.70735524256651	0.0
212.0	29.021372328458945	17.277840269966255	20.022497187851517	33.67829021372329	0.0
213.0	27.15575620767494	18.058690744920995	20.451467268623023	34.33408577878104	0.0
214.0	29.30917327293318	20.2718006795017	21.177802944507363	29.241223103057756	0.0
215.0	31.51680290644868	20.413260672116255	18.55131698455949	29.518619436875564	0.0
216.0	29.0594397631519	19.19836028239581	20.655887041676156	31.086312912776133	0.0
217.0	26.7641013930121	22.059831011646494	20.643982644439372	30.532084950902032	0.0
218.0	26.97504007327685	18.685596519349666	18.98328371880009	35.356079688573395	0.0
219.0	26.622181316152783	18.752876208007365	21.675103543488262	32.94983893235159	0.0
220.0	30.84910013844024	19.635440701430547	18.412551915089985	31.102907245039223	0.0
221.0	32.6242774566474	18.635838150289015	16.439306358381504	32.30057803468208	0.0
222.0	31.09302325581395	19.372093023255815	18.744186046511626	30.790697674418606	0.0
223.0	31.169740835862715	18.11814148961009	17.230912911510625	33.48120476301658	0.0
224.0	31.3877168307548	21.495546179090482	17.463666197843413	29.653070792311297	0.0
225.0	34.22044276966557	18.65284974093264	18.723504474799814	28.40320301460198	0.0
226.0	30.984578884934756	18.93238434163701	23.65361803084223	26.429418742586	0.0
227.0	29.707212568436088	17.30540347536301	22.089978576529397	30.897405379671504	0.0
228.0	26.06612362242453	21.20268327743172	21.490177287973168	31.24101581217058	0.0
229.0	31.02866779089376	21.48879788002891	18.57383762948687	28.908696699590458	0.0
230.0	26.611929485631492	23.738227481284714	19.608790147307413	30.04105288577638	0.0
231.0	30.48011639185257	20.126091173617848	18.79243452958293	30.601357904946653	0.0
232.0	28.254509995124327	20.965382740126767	20.258410531448074	30.52169673330083	0.0
233.0	27.837573385518592	18.909001956947165	20.62133072407045	32.63209393346379	0.0
234.0	24.993849938499384	20.19680196801968	25.313653136531368	29.49569495694957	0.0
235.0	28.381046396841064	18.287265547877592	22.68015794669299	30.651530108588354	0.0
236.0	29.799355957394102	18.999256873916273	21.60019816695566	29.601189001733964	0.0
237.0	27.109783420463028	20.88623350759273	21.234752302713467	30.76923076923077	0.0
238.0	28.857715430861724	19.514028056112224	23.34669338677355	28.281563126252507	0.0
239.0	29.425113464447804	17.498739283913263	19.440242057488653	33.635905194150276	0.0
240.0	27.59146341463415	17.65752032520325	21.239837398373986	33.511178861788615	0.0
241.0	27.56066411238825	17.52234993614304	24.62324393358876	30.29374201787995	0.0
242.0	26.644398766700927	18.448098663926	23.252826310380268	31.654676258992804	0.0
243.0	27.15539494062984	18.172431595250387	24.13526071244192	30.536912751677853	0.0
244.0	26.926070038910506	20.155642023346303	21.893644617380026	31.024643320363165	0.0
245.0	29.405603561141657	16.732128829536528	19.900497512437813	33.961770096884	0.0
246.0	26.276792802328657	21.989944429743318	22.360412807621064	29.372849960306958	0.0
247.0	24.414535666218036	21.61507402422611	22.099596231493944	31.87079407806191	0.0
248.0	24.569205113952194	20.26125625347415	24.096720400222345	31.072818232351306	0.0
249.0	19.300560870999668	22.500824810293633	24.249422632794456	33.94919168591224	0.0
250.0	17.141522652965904	18.5894441849603	23.680523120037368	40.58851004203643	0.0
