# Position (bp)	A	C	G	T	N
0.0	27.016217369411695	24.002142587598915	23.01056497557473	25.971075067414663	0.0
1.0	27.16818317448014	20.067062456342523	15.166564346689807	37.59819002248753	0.0
2.0	28.144536589811352	19.919917069169777	17.93436161487287	34.00107081017042	1.1391597557641483E-4
3.0	23.953244009246692	21.925787928184796	15.044728307480845	39.07601256368459	2.2719140307730755E-4
4.0	34.14283028313705	14.023993820322712	14.730307375517333	37.10196240998353	9.061110393773204E-4
5.0	35.931567968216186	15.028756566950086	22.4573855280484	26.574823636947777	0.007466299837551416
6.0	32.63079876305107	17.555003440363084	19.966986072461165	29.841223571627907	0.005988152496777132
7.0	35.487122755724634	16.841166543434948	20.49691544422683	27.17355353242311	0.0012417241904804908
8.0	23.210648477097248	26.677020104617092	22.320681387044893	27.79029664065901	0.0013533905817549416
9.0	28.908436219789134	18.186869227604937	16.204461825415162	36.700007325553216	2.2540163754289678E-4
10.0	26.877143194986402	17.031931845695592	24.767760716678772	31.322826399094577	3.378435446544705E-4
11.0	28.257209103392388	18.67804965896045	19.70364450847534	33.35985863178984	0.0012380973819868086
12.0	26.44427269137436	19.48321076239238	21.316881039248575	32.75034791246894	0.005287594515751969
13.0	27.649320859944233	21.347823153728523	18.578078618332285	32.42444004677521	3.3732121975353066E-4
14.0	31.458352073401098	18.278424934784564	20.620446163533327	29.641539983808578	0.0012368444724296123
15.0	29.806939821894396	18.86772510569398	19.48119996401907	31.842673383106952	0.0014617252855986327
16.0	30.759647386884954	17.49302869479176	18.918435729063596	32.826526940721415	0.0023612485382747146
17.0	30.16674912296483	18.001709094180086	20.523859854277234	31.304421156786905	0.0032607717909507957
18.0	31.4394620850949	18.169470180804172	18.55176756319151	31.8299676171629	0.009332553746514347
19.0	30.326976702347757	18.472834397769184	19.812561842223623	31.38762705765944	0.0
20.0	30.07398578753261	18.36556624988756	19.515719168840516	32.04472879373932	0.0
21.0	30.334622649995502	17.32425564450841	19.35729063596294	32.98349374831339	3.3732121975353066E-4
22.0	28.650377799766126	19.176711342988217	19.701808041737877	32.469978411441936	0.0011244040658451022
23.0	30.261873706935322	17.471440136727534	20.03586848970046	32.229693262570834	0.0011244040658451022
24.0	30.887717009984705	17.975285598632727	18.73875595934155	32.39632994512908	0.0019114869119366737
25.0	29.513020599082484	18.09660879733741	19.287690024287127	33.10256813888639	1.1244040658451021E-4
26.0	31.967931996042097	17.761423945308984	19.924552487181792	30.345979131060535	1.1244040658451021E-4
27.0	29.052352253305745	18.219618602140866	20.00775838805433	32.72015831609247	1.1244040658451021E-4
28.0	30.229940631465325	17.984730592785823	19.969641090222183	31.81220203292255	0.0034856526041198163
29.0	29.49337669040286	18.40325447878753	19.588377696745635	32.51173035860659	0.003260775457379978
30.0	30.030831298152822	18.462910240668528	19.3399493566131	32.16473493179334	0.0015741727722082045
31.0	30.291234189348888	18.374481223990923	19.49372184048404	31.83842636163593	0.0021363845402219365
32.0	29.251396246018157	18.222317672814608	19.67259197457916	32.85335678119613	3.37325391943995E-4
33.0	29.846809123087926	18.301272392809114	19.493718994139527	32.35707507072597	0.00112441923746385
34.0	29.795162474601923	17.852360011199327	19.682933054774388	32.66931957330107	2.248861232893194E-4
35.0	30.312872668361724	17.637760727223633	19.50397137906982	32.54528272168846	1.12503656368832E-4
36.0	30.98770307811229	17.533212040609435	19.06332312809209	32.41553672030326	2.2503288293001814E-4
37.0	29.268454616143757	18.775832636585935	19.2653375389494	32.690150148595684	2.2505972522458148E-4
38.0	30.700240957889203	18.35264035149915	19.17489085991917	31.770089484174548	0.0021383465179277846
39.0	29.77420822018977	18.810540252090625	19.540175535771382	31.87485083062014	2.251613280915776E-4
40.0	30.046556907143085	18.361246445134512	19.55626715462031	32.03209857625102	0.0038309168510764872
41.0	29.62165161453305	18.336724198597942	20.529471205463878	31.510574086270832	0.0015788951342963092
42.0	29.279789647117237	18.433299854423165	19.39974947242504	32.88512972137271	0.002031304661844199
43.0	29.48533247224223	18.501565996536065	20.205645716711565	31.80497189787038	0.00248391663975757
44.0	29.603311759456926	18.898602780883962	19.862537133046434	31.63554832661268	0.0
45.0	29.517109050207868	18.41535198391757	19.687640192962018	32.3797857710288	1.1300188374140198E-4
46.0	30.192275301062494	17.541941879932217	19.47351226576021	32.791705336885904	5.652163591701267E-4
47.0	29.60482424697467	18.099972183462505	19.966733230359377	32.32643498280124	0.002035356402213563
48.0	30.509622866863317	17.777194665122423	18.928138402794115	32.78368682024648	0.0013572449736694474
49.0	29.320703396369872	17.963151117980235	20.046706025846717	32.66864744870597	7.920110972069163E-4
50.0	29.73236108894089	18.54521083597395	19.653759635555527	32.06810239132724	5.660482024007237E-4
51.0	30.119119386816184	18.179191275456784	19.503419923034734	32.1982694146923	0.0
52.0	29.890576162734632	18.14586441427899	19.838558713915376	32.125000709071	0.0
53.0	31.47169494162717	17.7253734123374	19.37167006829377	31.41979031439212	0.011471263349540753
54.0	30.12118187285624	18.336332847120296	19.579529938482494	31.96034047797432	0.0026148635666511672
55.0	29.096857149359366	18.32935072028402	18.458842538858924	34.1139254909993	0.001024100498395576
56.0	29.170040140063197	18.02362854784069	20.515045406667237	32.290830415350015	4.554900788567199E-4
57.0	28.278126755411936	18.72082384295209	19.740144910857833	33.25987901686677	0.001025473911373987
58.0	30.654812808005342	17.996748056473443	21.999192715281627	29.34879032717836	4.56093061228213E-4
59.0	29.469635142307627	20.225660459196774	21.288673032034197	29.00792722250441	0.008104143956990965
60.0	31.2456343522036	18.985694965400633	19.647844413171196	30.120826269224573	0.0
61.0	29.10560710000641	21.030403084729308	19.65931051537327	30.204335839828545	3.434600624639367E-4
62.0	31.01242149080837	16.454631612040103	21.702613951631225	30.82930030726725	0.0010326382530514461
63.0	26.351521739380757	20.46377038552727	25.492632250442455	27.689542367006855	0.002533257642665586
64.0	26.464120350329168	19.72142666671284	18.02796122691398	35.78418300970482	0.002308746339194086
65.0	27.914832728645088	19.323320282563447	18.499639965455206	34.25502948578732	0.007177537548940387
66.0	26.439754714045893	19.624501661322416	16.959536176427566	36.970634878250955	0.005572569953167193
67.0	33.58599299556603	14.137682433825335	17.689864535132234	34.585411816226205	0.0010482192501971234
68.0	34.401924240676074	15.348009239745977	23.037436983001598	27.21262953657635	0.0
69.0	31.77581426957375	17.06391087129576	20.61251370273382	30.547761156396668	0.0
70.0	33.033371652909985	15.917581444186826	22.22763897527676	28.82140792762643	0.0
71.0	25.741950157585208	19.879780355460248	25.893686844071873	28.48458264288267	0.0
