# Position (bp)	A	C	G	T	N
0.0	25.945913511353435	23.975029677234176	24.646409441288565	25.432647370123824	0.0
1.0	26.675936356173825	20.621966163932154	15.851184522185704	36.85091295770832	0.0
2.0	28.363014149757554	19.641257463495393	17.768615485850397	34.22711290089666	0.0
3.0	23.088708766271353	22.348233866359653	15.408551759441252	39.15450560792774	0.0
4.0	33.800149634212026	13.423767982296066	15.072216585787345	37.70386579770456	0.0
5.0	34.48900165074877	14.925435155974595	23.5157550267818	27.069808166494834	0.0
6.0	30.9025986423223	17.665271958771676	21.489030886024644	29.943098512881377	0.0
7.0	35.151118412801	17.25779564893151	20.231878425627695	27.3592075126398	0.0
8.0	22.865244278804003	27.058481345987857	22.283146297897	27.793128077311135	0.0
9.0	27.234879354265896	18.71235323593033	15.928060505443625	38.12470690436015	0.0
10.0	26.371548576798627	16.976223031339533	25.07754098087178	31.57468741099006	0.0
11.0	28.04614028182903	18.405788326097205	19.55198921964116	33.99608217243261	0.0
12.0	26.030847099689282	19.821946136512906	20.89879264676716	33.248414117030656	0.0
13.0	26.477001221502146	20.906871119475515	18.98048747635927	33.635640182663074	0.0
14.0	30.423172952223016	18.486851088570337	20.286466040448587	30.80350991875806	0.0
15.0	29.398581648799286	18.49290608149897	20.28204836703637	31.82646390266537	0.0
16.0	30.01002780971752	17.665241065950614	18.73614070814996	33.58859041618191	0.0
17.0	30.310213352000837	17.8782316207795	19.73385525724761	32.07769976997206	0.0
18.0	31.803340626098624	17.75461399729008	19.229730756707294	31.212314619903996	0.0
19.0	30.147469970633285	18.525003722584938	19.994915041652792	31.332611265128985	0.0
20.0	29.556196821870138	17.752266142889184	20.33050375687597	32.36103327836471	0.0
21.0	29.09969360500068	18.419720988397273	20.532110307142606	31.94847509945944	0.0
22.0	29.577219386604504	19.13082739006944	22.738630051671333	28.553323171654725	0.0
23.0	29.74529177960567	20.13152309639981	21.29922539340463	28.823959730589888	0.0
24.0	32.58347703643932	19.476023772643668	17.94139199344578	29.999107197471236	0.0
25.0	28.809517336742253	21.06881128749539	20.02997839356095	30.091692982201412	0.0
26.0	31.753927558806026	16.575913855986318	22.420928279844475	29.249230305363177	0.0
27.0	25.905669388736108	20.7654746774635	25.140732246359125	28.188123687441262	0.0
28.0	26.538447042599344	19.97860363213076	19.11674026366405	34.36620906160584	0.0
29.0	27.637381919914688	20.394683592637374	17.530934526372892	34.436999961075045	0.0
30.0	26.405472854308993	18.97659741364676	16.35414163306974	38.2637880989745	0.0
31.0	34.195935467566706	14.6738206349981	18.75437707041453	32.375866827020666	0.0
32.0	34.31507615567379	15.61205003453976	22.530000305107738	27.54287350467871	0.0
33.0	31.361564182077572	17.66720573607111	21.01830761002542	29.952922471825893	0.0
34.0	33.02719153278607	17.023440200966153	21.7585594722236	28.190808794024175	0.0
35.0	26.345933234668244	20.667525657471327	25.468864591412967	27.51767651644746	0.0
