# Position (bp)	A	C	G	T	N
0.0	27.06090585808681	23.897547054810833	22.951001642831486	26.09034362222141	2.0182204946254787E-4
1.0	27.32566325401774	19.99497153891023	15.110525574753103	37.56863849387533	2.011384435907235E-4
2.0	28.292734768520006	20.02751130931374	17.860093361994288	33.8192595206776	4.010394943694055E-4
3.0	23.874270527301693	21.899390805241797	15.266692816945381	38.95704416461867	0.002601685892458313
4.0	34.302440504832894	13.844169483606509	14.506458163202145	37.3457338585853	0.0011979897731606364
5.0	36.164382468848224	14.878863059814604	22.132321266174195	26.81964676037462	0.0047864447883593664
6.0	32.428803646273245	17.488326507195335	20.285582240354426	29.797287606176994	0.0
7.0	35.305041160454124	16.618234797700744	20.40169259430282	27.674832412464372	1.9903507794213654E-4
8.0	23.226173451426003	26.53266211719497	22.359174889462157	27.88179064341676	1.988985001064107E-4
9.0	28.566401940222846	18.3130398481219	16.131481904837635	36.988082340195014	9.939666226008131E-4
10.0	26.777727219439306	16.90944604177885	24.89106223510687	31.418783990271603	0.002980513403368775
11.0	28.246486915934256	18.82754853766324	19.729877352400816	33.19588857440787	1.9861959382293064E-4
12.0	26.460684419101472	19.665533645178968	21.311260592294925	32.56252134342464	0.0
13.0	27.667580220403938	21.200731107596255	18.432286219495012	32.69900554284342	3.9690966137652243E-4
14.0	31.347528145856362	18.222717918288208	20.688519189589854	29.741234746265576	0.0
15.0	29.99287547157829	18.65713554266481	19.286634265607976	32.063156265318234	1.9845483068826121E-4
16.0	30.423919363833196	17.595799108143993	19.17093509931672	32.80934642870609	0.0
17.0	29.94226948975279	18.34476763916149	20.573216932959973	31.138952118802997	7.938193227530449E-4
18.0	31.40825532404697	18.034979648457114	18.523972351272988	32.032594221392245	1.9845483068826121E-4
19.0	30.435429744013113	18.420378929653715	19.783168251990006	31.361023074343166	0.0
20.0	30.097461167351003	18.247127862462865	19.56705094137049	32.088161573984955	1.9845483068826121E-4
21.0	30.212564969150197	17.15642011300018	19.28762653976142	33.34318992325752	1.9845483068826121E-4
22.0	28.630879968564756	18.979823097363923	19.833178869323447	32.55591960991718	1.9845483068826121E-4
23.0	29.9200425487157	17.52534764324966	20.368014638028313	32.18520598619151	0.0013891838148178284
24.0	30.77697050762761	18.171318117139947	18.597797548289023	32.453516917282045	3.9690966137652243E-4
25.0	29.509836413683065	17.99072422121363	19.298144645787897	33.20109626448472	1.9845483068826121E-4
26.0	31.737888797820172	17.767462536689337	20.024290871276243	30.470159339383564	1.9845483068826121E-4
27.0	28.941660233422574	18.328295888214363	19.916728353043204	32.812720160827794	5.953644920647836E-4
28.0	30.000416755144443	17.863316219911766	20.12847965738758	32.006795093402765	9.922741534413061E-4
29.0	29.31382121565732	18.34162876171878	19.61610821366483	32.72804489851	3.9691044906448204E-4
30.0	29.940006866564396	18.271610328424202	19.479411221871395	32.308177760666496	7.938224735111364E-4
31.0	30.524916152334836	18.10811883546012	19.571335013594236	31.793248526464108	0.0023814721466986844
32.0	29.07570730003493	18.526736100085735	19.539262693296923	32.857301622582796	9.92283999618963E-4
33.0	29.688476797008807	18.217270416111806	19.433038487414635	32.66121429946475	0.0
34.0	29.91138675266683	17.91813445795088	19.583626891590175	32.58585958819152	9.923096005953857E-4
35.0	30.267362262659642	17.310331268655084	19.849905371671873	32.571805325797484	5.957712159094745E-4
36.0	30.848069661801013	17.42021725615291	19.043778962024863	32.687735494904274	1.9862511694053762E-4
37.0	29.04881663269725	18.96129075833244	19.264830331708364	32.724466322602176	5.959546597694847E-4
38.0	30.545190095256263	18.375676073073517	19.39420673430378	31.684927097366444	0.0
39.0	29.685251298035254	18.544610271374847	19.9008881503097	31.868057598575145	0.0011926817050577655
40.0	29.665927733092417	18.792858478964273	19.916382435933663	31.62264241054194	0.0021889414677051535
41.0	29.727430313415294	18.1910378768256	20.469027077646494	31.612305485265697	1.992468469186475E-4
42.0	29.06258849054572	18.461072136495794	19.74191670023491	32.734223257409276	1.9941531429847685E-4
43.0	29.472020498943323	18.243899908002213	20.51510779307083	31.76837311589127	5.986840923649818E-4
44.0	29.402485898267862	18.85828383167773	20.191683721858933	31.547346877651872	1.9967054360305498E-4
45.0	29.323255693147445	18.523357987988348	19.717130789548346	32.43625552931586	0.0
46.0	30.009015257974305	17.352472599412707	19.638470164693373	33.000041977919615	0.0
47.0	29.512596035018536	18.157767388287425	19.865500981846832	32.46313575082287	9.998440243322042E-4
48.0	30.260354674481643	17.745726602586544	19.26484561757969	32.72867302133448	4.000840176437052E-4
49.0	29.26809254963806	17.91032827863357	20.145016581042974	32.6765625906854	0.0
50.0	29.79406574432584	18.73078317512524	19.654592908778795	31.81995725477078	6.009169993409943E-4
51.0	30.302963441395107	18.29434631385119	19.180530426724328	32.2217586482182	4.0116981116936984E-4
52.0	29.898725683415805	18.108836239369815	19.734127295045575	32.258109880925836	2.0090124297599026E-4
53.0	31.0764259182499	17.634382206053388	19.50267416263899	31.786115280756892	4.024323008261935E-4
54.0	30.258518915477694	18.27744043709682	19.31800324760358	32.14523154285346	8.058569684466704E-4
55.0	29.350413076451414	18.376456255849227	18.38311227288863	33.88981669732469	2.0169748604253394E-4
56.0	29.389791562764383	18.022763938722726	20.589108281155035	31.998134301988664	2.019153691921568E-4
57.0	27.898578547669377	18.826463182485057	19.667330846364322	33.60742534040894	2.020830723093649E-4
58.0	30.85935050618445	17.943505567523285	22.224582056494434	28.972359598288783	2.0227150904659325E-4
59.0	29.418186163415015	20.28520564092282	21.24844809812273	29.048160097539437	0.0
60.0	31.36977658946463	19.153096973520586	19.45596806160475	30.02054979318347	6.085822265589341E-4
61.0	29.15022875876773	20.96349006001996	19.597847980601742	30.285790940299144	0.0026422603114208652
62.0	31.12603568989941	16.243082661557434	21.53786573993865	31.093015908604503	0.0
63.0	26.461497550448488	20.17612224233684	25.705256052284376	27.656919599480428	2.045554498685731E-4
64.0	26.007456026065316	20.05268870373068	18.201608154438635	35.73722124536563	0.00102587039974066
65.0	27.55258853904153	19.193762407809334	18.85822438462409	34.39480749251674	6.171760083113036E-4
66.0	26.606155769821992	19.327722422939395	17.018431820010687	37.042325302124624	0.005364685103301139
67.0	33.543610627457234	14.067944341042582	17.81525549001787	34.5702910687704	0.002898472711914586
68.0	34.268623865495584	15.466292299387819	23.0409530464765	27.222247793757663	0.0018829948824383529
69.0	31.866167096741115	16.796614658987988	20.491267494916006	30.845523523078768	4.272262761248868E-4
70.0	33.24726386461878	15.657362273521565	22.191667433091144	28.903016646739633	6.897820288788742E-4
71.0	25.747518861275747	19.474195001906345	25.768026527099003	29.009104248264066	0.0011553614548311438
