# Position (bp)	A	C	G	T	N
0.0	35.88085574740318	17.39010800027516	21.434959069959415	25.294077182362244	0.0
1.0	24.19343743550939	27.908096581137787	23.58120657632249	24.31725940703034	0.0
2.0	30.154162384378214	23.309352517985612	17.51969852689277	29.016786570743403	0.0
3.0	32.51076628614396	19.194750153804087	20.568733337890492	27.72575022216146	0.0
4.0	33.54741732713856	17.545777534845584	17.737086635692812	31.16971850232304	0.0
5.0	28.285519125683063	21.953551912568305	18.0327868852459	31.72814207650273	0.0
6.0	27.491291578444095	24.834369237073968	19.93033262755276	27.744006556929175	0.0
7.0	34.71463681048607	19.046968869470234	17.845439650464225	28.392954669579463	0.0
8.0	33.87933387933388	17.929292929292927	18.195468195468194	29.995904995904997	0.0
9.0	28.07532237156308	23.23122057719861	18.53039503308999	30.163062018148324	0.0
10.0	26.53617949942031	16.415467503239448	19.654913728432106	37.39343926890813	0.0
11.0	25.47523335831573	18.341622947468828	18.764052599305035	37.41909109491041	0.0
12.0	26.388510754151916	16.689354750884835	19.88837462564661	37.03375986931663	0.0
13.0	27.67881425074789	22.83791134076693	19.764753875441937	29.71852053304324	0.0
14.0	25.998641304347824	18.59375	26.229619565217394	29.177989130434785	0.0
15.0	29.783479264236746	18.991379895472747	21.204099640263355	30.02104120002715	0.0
16.0	25.33921302578019	19.01628222523745	19.69470827679783	35.94979647218453	0.0
17.0	27.965297546428086	21.872034702453572	19.47946319642131	30.68320455469703	0.0
18.0	25.482756284301107	19.10698556812792	20.0487837929399	35.36147435463107	0.0
19.0	27.28134308150555	25.46709991876523	18.318440292445167	28.93311670728405	0.0
20.0	27.121509229832984	18.128338630062885	19.35898302792616	35.39116911217797	0.0
21.0	26.538747381933653	18.714951692453212	21.072900479697317	33.67340044591582	0.0
22.0	28.3032880966849	17.27769900749443	24.502059280264668	29.916953615556007	0.0
23.0	25.848916492270302	19.40187672989941	19.563896577330723	35.18531020049956	0.0
24.0	33.490788852149265	16.2764019164586	18.766448478304877	31.46636075308725	0.0
25.0	28.2639498009581	18.25787733621213	22.12401322447878	31.354159638350986	0.0
26.0	33.78068519018073	16.839762611275965	17.68276234151605	31.696789857027248	0.0
27.0	27.107215104517866	18.408631153068107	16.31827376938638	38.16587997302764	0.0
28.0	27.523925057285346	22.46259603720178	15.157029249224962	34.85644965628791	0.0
29.0	29.714439655172413	14.655172413793101	16.049299568965516	39.58108836206897	0.0
30.0	27.747030237580994	17.89281857451404	22.11123110151188	32.24892008639309	0.0
31.0	29.969584319026698	15.424129773572155	17.411287597161206	37.194998310239946	0.0
32.0	27.707501860244875	17.337482243117094	17.689237637827233	37.2657782588108	0.0
33.0	28.53275582024905	23.24038982133189	17.914185165132647	30.31266919328641	0.0
34.0	29.119318181818183	16.328463203463205	19.798430735930737	34.753787878787875	0.0
35.0	26.96317357162199	23.04359599241809	17.770105605199024	32.223124830760895	0.0
36.0	28.005418218760582	16.051473078225534	18.333897731120892	37.60921097189299	0.0
37.0	35.186440677966104	18.528813559322032	18.183050847457626	28.10169491525424	0.0
38.0	33.082349749016416	19.529236195902865	16.449599782933117	30.938814272147606	0.0
39.0	35.476206639060486	17.62948883307311	16.414364265833957	30.47994026203245	0.0
40.0	27.32957248691633	23.32631006592809	19.05797593964521	30.286141507510365	0.0
41.0	27.48740982714033	15.54375935756091	26.643527970600246	30.325302844698516	0.0
42.0	34.447248175680286	17.24749369160472	18.672850030689492	29.632408102025504	0.0
43.0	34.883720930232556	18.41313269493844	17.517099863201093	29.186046511627907	0.0
44.0	29.951989026063103	22.89437585733882	16.262002743484224	30.891632373113854	0.0
45.0	32.064041540458675	16.277224866580124	19.024953122746286	32.633780470214916	0.0
46.0	29.91161982034193	17.13995943204868	19.392929585627357	33.55549116198203	0.0
47.0	30.784868946489507	16.92441733827053	20.05372830901038	32.23698540622958	0.0
48.0	27.586457425167104	18.185120604475443	18.860796280151117	35.36762569020633	0.0
49.0	29.54264524103832	18.11241183741729	19.333963498872972	33.01097942267142	0.0
50.0	28.231614170364445	21.08823743362188	18.55677602385975	32.12337237215392	0.0
51.0	29.556040756914122	18.90829694323144	18.43522561863173	33.1004366812227	0.0
52.0	28.497560265093586	18.061321098244846	19.96941227878523	33.47170635787634	0.0
53.0	30.602128590173493	19.13544248432716	19.74048695145065	30.521941974048694	0.0
54.0	28.365946261682247	23.269567757009348	18.406834112149532	29.95765186915888	0.0
55.0	29.632605361186183	18.369731940690965	18.9394492732452	33.05821342487766	0.0
56.0	28.16952868103763	18.582389477530143	20.00730727073438	33.240774570697845	0.0
57.0	30.323854082900798	18.590540244169894	19.606696395935373	31.47890927699393	0.0
58.0	30.400760567500367	18.962995465847595	18.385256691531374	32.25098727512067	0.0
59.0	28.519168861574478	19.41030143400644	19.827333918642083	32.243195785777	0.0
60.0	29.50267340511243	17.651798139603017	20.07617373471032	32.769354720574235	0.0
61.0	31.031449307235544	17.61601055641082	20.218459057253867	31.134081079099772	0.0
62.0	28.680463819169233	19.484808454425362	21.2975194481139	30.5372082782915	0.0
63.0	32.59433269710762	18.337982675084422	19.424460431654676	29.643224196153284	0.0
64.0	28.285945191389317	18.32341488501947	21.512012342957902	31.878627580633314	0.0
65.0	30.5012494487726	18.778480082316626	19.976480964280466	30.74378950463031	0.0
66.0	28.31409455187119	18.013381369016983	21.64546724505551	32.02705683405632	0.0
67.0	28.704930095658572	18.395879323031643	19.69830757910228	33.200883002207505	0.0
68.0	27.040553470228897	19.754176786634282	20.09273570324575	33.112534039891074	0.0
69.0	27.701259482949105	20.70413198792075	21.12395963762245	30.470648891507697	0.0
70.0	27.140120819213205	19.964638279062914	19.93517017828201	32.96007072344187	0.0
71.0	28.616699830495985	18.58648389711843	19.94251602918417	32.854300243201415	0.0
72.0	28.362831858407077	19.115044247787612	21.68141592920354	30.840707964601773	0.0
73.0	28.5198023453057	17.892174939154806	21.08562578361236	32.50239693192714	0.0
74.0	30.19034971226206	17.91353106094142	20.99011361959569	30.906005607200825	0.0
75.0	29.49380165289256	18.499114521841793	22.609208972845337	29.39787485242031	0.0
76.0	29.949800679167282	18.61065997342389	19.415325557360106	32.02421379004872	0.0
77.0	28.876255168340226	19.425575900767868	17.919373892498523	33.77879503839338	0.0
78.0	28.99032424846739	18.6128960779969	19.97931900435778	32.41746066917793	0.0
79.0	28.530280649926144	20.34711964549483	17.991137370753325	33.1314623338257	0.0
80.0	29.323086018326926	17.528820573455516	20.74342299733964	32.40467041087792	0.0
81.0	26.890942698706098	17.390018484288355	20.502772643253234	35.21626617375231	0.0
82.0	29.366957550658185	18.244342552876795	20.115367549179116	32.2733323472859	0.0
83.0	29.14294165495822	17.88064778525475	22.26576942986024	30.710641129926792	0.0
84.0	27.76256383687366	17.422840648360598	21.64162534231367	33.172970172452075	0.0
85.0	29.490596771805123	17.518140085887755	21.264623130460535	31.726640011846584	0.0
86.0	30.54588548996371	17.102436856529145	21.220650322198356	31.131027331308793	0.0
87.0	32.58518518518518	17.355555555555554	21.54074074074074	28.51851851851852	0.0
88.0	31.984585741811177	18.445234919223356	17.504075885578775	32.06610345338669	0.0
89.0	31.247683297501666	17.443843131440435	18.274149306842613	33.034324264215286	0.0
90.0	30.034104389086597	16.97064056939502	18.979833926453143	34.015421115065244	0.0
91.0	28.86070315976858	18.862186619195963	17.972110962765168	34.304999258270286	0.0
92.0	29.018618796825162	16.734663600623097	18.893257176767303	35.35346042578444	0.0
93.0	31.985457783053867	17.28743136963941	19.409407924024336	31.317702923282386	0.0
94.0	30.18475921941085	16.88061141203532	19.44052830748683	33.494101061067006	0.0
95.0	30.129870129870127	17.320964749536177	20.051948051948052	32.49721706864564	0.0
96.0	29.46634008758257	16.937578861426555	20.270169969568766	33.325911081422106	0.0
97.0	31.209623524170194	18.13321452439296	19.113388282468254	31.54377366896859	0.0
98.0	31.781391549714115	19.64802851414569	18.192618994579345	30.37796094156085	0.0
99.0	30.069098744334642	19.154469128464225	20.12036555464745	30.65606657255368	0.0
100.0	31.532607073571107	16.53484554544098	18.758394269512014	33.1741531114759	0.0
101.0	32.397634553484544	18.616662923871548	19.088255108915337	29.89744741372857	0.0
102.0	31.25375826819002	17.633794347564642	19.678292242934457	31.43415514131088	0.0
103.0	29.857498303551232	19.241498906733018	19.71650456156224	31.18449822815351	0.0
104.0	28.06060606060606	17.65909090909091	19.522727272727273	34.75757575757576	0.0
105.0	29.765072607009806	18.2619934615677	19.41762335588839	32.555310575534094	0.0
106.0	32.00091540163247	19.520939812342668	18.06392554733389	30.414219238690976	0.0
107.0	29.90811638591118	19.180704441041346	18.94333843797856	31.967840735068915	0.0
108.0	33.31796172469449	18.08469756360003	16.501421873799092	32.09591883790638	0.0
109.0	28.58798979828426	18.06167400881057	20.59664579952083	32.753690393384346	0.0
110.0	26.318647223084085	18.957493018926467	20.058951287620232	34.66490847036922	0.0
111.0	31.33898700692445	18.548198864078426	19.411810472263287	30.70100365673384	0.0
112.0	28.555798687089716	18.91216005001563	19.451391059706157	33.0806502031885	0.0
113.0	29.28571428571429	18.60282574568289	17.82574568288854	34.285714285714285	0.0
114.0	31.116539279804584	16.381687810259237	19.462611299345994	33.039161610590185	0.0
115.0	26.806083650190114	19.795627376425855	19.066856780735108	34.331432192648926	0.0
116.0	28.86253283451405	18.785321977234737	18.283849399028895	34.06829578922232	0.0
117.0	29.076369452219115	18.536585365853657	20.71171531387445	31.675329868052778	0.0
118.0	29.535051794748252	17.297036858588292	21.7136432988035	31.45426804785995	0.0
119.0	25.181422351233675	19.42428640541848	23.907434284792775	31.48685695855507	0.0
120.0	26.573370004853587	20.635819446691475	21.048374049506553	31.74243649894839	0.0
121.0	30.472242542469317	18.369503373161017	18.33699097781029	32.82126310655938	0.0
122.0	26.759644400946087	18.024630943642446	20.675311964766333	34.540412690645134	0.0
123.0	29.799426934097422	17.31477691363078	19.533360622185835	33.35243553008596	0.0
124.0	31.520934441062764	16.245784321789916	20.177675413342108	32.055605823805216	0.0
125.0	28.316389784279693	18.69575998016365	18.927184064798745	34.06066617075791	0.0
126.0	30.47808764940239	18.459495351925632	18.774900398406373	32.287516600265604	0.0
127.0	30.154102457309456	17.834235735110372	20.84131611828405	31.170345689296123	0.0
128.0	29.75622015581805	18.019602915305352	20.557929127921586	31.666247800955016	0.0
129.0	30.70581307310507	17.99444771599226	18.869353074787583	32.43038613611509	0.0
130.0	30.579281183932345	18.224101479915433	18.621564482029598	32.575052854122625	0.0
131.0	29.789223185449597	19.785823559408467	19.581845996940338	30.843107258201595	0.0
132.0	30.47521542530501	16.88422489548673	21.994710348946338	30.64584933026192	0.0
133.0	29.22061219240333	19.591871731115493	19.574723484523705	31.612792591957472	0.0
134.0	27.312661498708014	19.500430663221362	20.051679586563306	33.13522825150732	0.0
135.0	28.380013831258644	17.263139695712308	21.619986168741356	32.73686030428769	0.0
136.0	28.343035884959594	17.951168650621252	20.114692849074636	33.59110261534452	0.0
137.0	30.572525746203528	16.47757025658928	18.685634491185198	34.264269506021996	0.0
138.0	29.048370136698214	19.400630914826497	19.25166491412548	32.299334034349805	0.0
139.0	29.52825206829783	19.186762893856717	19.098750220031686	32.18623481781376	0.0
140.0	29.03625110521662	19.02740937223696	20.59239610963749	31.34394341290893	0.0
141.0	29.781177726383206	18.48425547055684	19.694004625511475	32.04056217754848	0.0
142.0	32.57209385634963	16.881604871932655	17.884649829840587	32.661651441877126	0.0
143.0	32.288852872321264	20.088240590671706	19.061768413470194	28.56113812353683	0.0
144.0	30.285196921684022	18.632865550022633	18.17111815301041	32.910819375282934	0.0
145.0	30.059225512528474	19.28018223234624	17.98633257403189	32.674259681093396	0.0
146.0	29.863590588666117	18.91421770575849	17.550123592419663	33.67206811315573	0.0
147.0	29.230344319646473	18.735039587552937	18.422021727122075	33.61259436567851	0.0
148.0	29.099990750161876	18.481176579409862	19.4246600684488	32.994172601979464	0.0
149.0	29.724702380952383	19.289434523809522	18.32217261904762	32.663690476190474	0.0
150.0	28.59947643979058	17.86649214659686	19.72700074794316	33.80703066566941	0.0
151.0	29.244218838127466	19.044933258131227	19.88155668358714	31.829291220154165	0.0
152.0	29.4201250710631	19.082812203903735	17.538374076179647	33.95868864885351	0.0
153.0	30.71646341463415	18.597560975609756	19.655106707317074	31.030868902439025	0.0
154.0	30.24012245288434	17.77480149239453	19.582894862718835	32.402181192002296	0.0
155.0	29.568650105911804	20.152127864432888	18.110918544194107	32.168303485461195	0.0
156.0	30.98468695483621	17.464624927311494	20.53692576080636	31.013762357045938	0.0
157.0	30.481857198595396	19.84003121342177	20.278969957081543	29.399141630901287	0.0
158.0	27.57876140936304	21.57228383550888	18.794778682893316	32.05417607223476	0.0
159.0	32.89850775768357	15.465955133906512	20.110682873801757	31.524854234608163	0.0
160.0	27.203904771391574	18.956071321844806	21.127602350831758	32.71242155593186	0.0
161.0	29.151217556869426	16.745164846176973	20.452951197514782	33.65066639943882	0.0
162.0	30.06246222043119	18.41628047551884	20.965142051178724	30.556115252871248	0.0
163.0	28.772533927486325	18.006886773344135	19.171561677131862	34.049017622037674	0.0
164.0	28.284373725010198	17.350061199510403	19.277845777233782	35.08771929824561	0.0
165.0	29.810353664787286	16.084059456688877	21.06611993849308	33.039466940030756	0.0
166.0	27.417027417027416	19.82065553494125	19.985569985569985	32.77674706246135	0.0
167.0	28.67509848641924	16.991499066970764	21.749948165042504	32.583454281567484	0.0
168.0	28.814443748695474	18.597370068879147	19.724483406386977	32.86370277603841	0.0
169.0	26.98762324312985	18.607090413257815	20.82022236207258	33.585063981539754	0.0
170.0	27.825261158594493	17.843199324680807	18.89838556505223	35.433153951672466	0.0
171.0	29.532908704883226	18.03609341825902	18.662420382165603	33.768577494692146	0.0
172.0	27.493865357943026	20.804438280166433	17.31569401472314	34.38600234716739	0.0
173.0	29.604980678402747	16.85272649205668	19.386002576212967	34.15629025332761	0.0
174.0	30.61797752808989	18.917458945548834	18.86343993085566	31.60112359550562	0.0
175.0	29.192006950477843	17.1372719374457	21.025195482189403	32.645525629887054	0.0
176.0	28.763235454644686	17.192446239493506	18.174871738893135	35.86944656696867	0.0
177.0	28.047975352112676	19.74031690140845	19.718309859154928	32.493397887323944	0.0
178.0	26.753851268979272	20.104178211237947	20.359082345118033	32.78288817466475	0.0
179.0	28.182831661092532	18.06020066889632	20.84726867335563	32.909698996655514	0.0
180.0	30.29180695847363	16.610549943883278	19.764309764309765	33.33333333333333	0.0
181.0	29.07225791906211	19.625746815466126	18.092661481230977	33.20933378424078	0.0
182.0	30.255536626916523	18.65985235661556	19.08006814310051	32.004542873367406	0.0
183.0	28.563257835735527	20.921985815602838	19.3319606497369	31.182795698924732	0.0
184.0	32.100046104195485	19.859382203780545	17.300599354541262	30.739972337482712	0.0
185.0	29.27395035954535	19.856181860357225	19.937369519832984	30.932498260264442	0.0
186.0	28.524628524628525	19.749619749619747	21.177021177021178	30.548730548730546	0.0
187.0	30.31268436578171	21.699115044247787	17.463126843657818	30.525073746312685	0.0
188.0	29.997620180866253	18.181818181818183	18.288910042836743	33.53165159447882	0.0
189.0	30.55855855855856	17.96996996996997	20.07207207207207	31.399399399399396	0.0
190.0	30.873621713316368	18.417545135102387	18.126741790863928	32.582091360717314	0.0
191.0	28.76896720509055	18.746940773372494	19.077337249143415	33.40675477239354	0.0
192.0	31.98220464656451	18.43796342066238	18.116658428077113	31.463173504695995	0.0
193.0	30.01497005988024	18.33832335329341	19.897704590818364	31.749001996007987	0.0
194.0	30.08170961659334	19.057196731615335	20.615964802011312	30.245128849780013	0.0
195.0	30.16256032512065	20.33274066548133	18.973837947675896	30.530861061722124	0.0
196.0	30.58763151141904	19.37387734154478	18.642545547857324	31.395945599178855	0.0
197.0	28.762672212113333	20.483493631401092	20.62646217832077	30.127371978164803	0.0
198.0	28.635583146215826	21.186104873860785	18.80861180821556	31.36970017170783	0.0
199.0	28.259064489344038	22.474398007196235	19.028508164959867	30.23802933849986	0.0
200.0	24.53711157623571	18.740943487361132	21.993237803896314	34.72870713250684	0.0
201.0	30.073293632615666	18.850206138341733	19.812185066422355	31.26431516262025	0.0
202.0	30.30794165316045	19.263718453345682	20.467700856679787	29.96063903681408	0.0
203.0	30.21346469622332	20.17358667604973	19.798264133239503	29.814684494487448	0.0
204.0	31.887150308202937	19.39307728781413	21.97724039829303	26.742532005689903	0.0
205.0	29.337162000478585	16.750418760469014	23.953098827470686	29.959320411581718	0.0
206.0	29.584942084942085	21.307915057915057	20.053088803088805	29.054054054054053	0.0
207.0	28.278888347147735	20.039005363237443	20.69722086786933	30.98488542174549	0.0
208.0	28.402366863905325	18.269230769230766	21.967455621301777	31.360946745562128	0.0
209.0	26.670002501876404	19.46459844883663	19.614711033274958	34.250688016012006	0.0
210.0	29.478744939271255	17.510121457489877	20.040485829959515	32.97064777327935	0.0
211.0	29.372599231754158	19.308578745198464	20.358514724711906	30.960307298335465	0.0
212.0	25.94510616261005	16.649404453650956	23.84774728120145	33.557742102537546	0.0
213.0	29.373024236037935	20.100105374077977	18.94099051633298	31.585879873551104	0.0
214.0	30.8839190628328	21.645367412140576	19.808306709265175	27.662406815761447	0.0
215.0	27.69851951547779	18.977119784656796	19.784656796769852	33.53970390309556	0.0
216.0	29.78432978432978	17.90881790881791	22.877422877422877	29.429429429429426	0.0
217.0	26.060438037149986	19.7393956196285	25.062378708067644	29.137787635153867	0.0
218.0	27.11864406779661	19.850617638609595	18.98879632289572	34.041941970698076	0.0
219.0	22.35294117647059	23.879173290937995	25.75516693163752	28.012718600953896	0.0
220.0	13.928914505283382	24.87992315081652	21.37367915465898	39.817483189241116	0.0
