# Position (bp)	A	C	G	T	N
0.0	31.984304932735423	18.76681614349776	22.97645739910314	26.272421524663674	0.0
1.0	30.47645739910314	17.617713004484305	19.59641255605381	32.309417040358746	0.0
2.0	27.624278428515385	16.31452110071176	21.078294008855014	34.98290646191784	0.0
3.0	31.085093272085594	19.679569772001567	17.741303008234834	31.494033947678002	0.0
4.0	30.59475806451613	17.400313620071685	15.400985663082437	36.60394265232975	0.0
5.0	31.655844155844154	13.042991491267353	21.19346171070309	34.1077026421854	0.0
6.0	28.094225604297225	20.109668755595344	20.238361683079678	31.55774395702775	0.0
7.0	27.95368091295592	23.500783172969346	20.888341910942046	27.65719400313269	0.0
8.0	25.840371385424245	16.896918172157278	20.97992057721349	36.28278986520499	0.0
9.0	34.30632444220768	16.054353296426775	18.53156629200917	31.107755969356372	0.0
10.0	26.495248742314143	15.880380100614868	20.463946338736726	37.16042481833426	0.0
11.0	29.114277731209835	22.07320480581168	18.077675328303997	30.73484213467449	0.0
12.0	28.345532770855453	14.834888528803711	17.991842208191315	38.827736492149526	0.0
13.0	29.38055074568508	23.94012176730157	16.958051723174886	29.721275763838463	0.0
14.0	30.251256281407034	24.43886097152429	14.673366834170853	30.63651591289782	0.0
15.0	32.39939722051683	17.94385220740079	16.810850030697104	32.84590054138528	0.0
16.0	30.834030683403068	22.203626220362622	19.581589958158997	27.380753138075313	0.0
17.0	29.658133957949918	15.135798338073728	19.268306285204396	35.937761418771956	0.0
18.0	27.982162764771463	24.096989966555185	19.632107023411372	28.288740245261984	0.0
19.0	32.43996211065917	19.3012759792723	18.96695826600546	29.291803644063073	0.0
20.0	34.84460287401136	20.88671048234377	17.711930489027512	26.556756154617357	0.0
21.0	29.966592427616927	19.73273942093541	17.839643652561247	32.46102449888642	0.0
22.0	24.93181185638742	19.009184525466182	24.007792930698578	32.05121068744782	0.0
23.0	26.27566635134383	16.365255133270267	20.727839296644593	36.63123921874131	0.0
24.0	22.557143651632277	16.5841721817474	24.609309827039652	36.24937433958067	0.0
25.0	28.917537230495665	16.092464992220492	19.62658368526339	35.36341409202045	0.0
26.0	27.385846017109213	15.409398955671591	20.247750249972224	36.95700477724697	0.0
27.0	26.072955416134587	23.313530620176557	20.093276331130973	30.520237632557883	0.0
28.0	29.763027914978636	16.45485321050003	18.819024363172208	34.96309451134913	0.0
29.0	28.75526958065232	24.700465941868206	17.744619480807632	28.79964499667184	0.0
30.0	26.892816419612313	20.496009122006843	17.217787913340935	35.39338654503991	0.0
31.0	27.65323992994746	17.921774664331583	21.6579100992411	32.76707530647986	0.0
32.0	27.454182544002904	18.88344523075062	17.74027702171415	35.92209520353233	0.0
33.0	38.583502992164846	18.67481029057931	16.638904312419026	26.102782404836823	0.0
34.0	35.932547229618365	18.93622416634969	17.237225814631675	27.89400278940028	0.0
35.0	29.559182624341346	22.67703380028274	21.867369232746434	25.89641434262948	0.0
36.0	35.07309651385857	19.04478401799299	17.066878348878745	28.815241119269697	0.0
37.0	34.42374051069703	17.07384403036577	19.440993788819878	29.061421670117323	0.0
38.0	25.227436823104693	25.992779783393498	20.938628158844764	27.841155234657037	0.0
39.0	28.86243991760128	17.05195696955825	23.048752574959945	31.03685053788052	0.0
40.0	30.751618506237172	17.44828675193431	18.845728722564346	32.95436601926417	0.0
41.0	27.696697920913167	21.8263350998777	18.98899306971056	31.487973909498574	0.0
42.0	24.762228260869566	16.958220108695652	21.81555706521739	36.46399456521739	0.0
43.0	27.22972391846564	25.956824632321325	14.88776124537714	31.9256902038359	0.0
44.0	29.145821752825647	22.095608671484158	21.78988326848249	26.968686307207708	0.0
45.0	35.28367137115618	15.70240209365361	15.973455463127396	33.04047107206281	0.0
46.0	32.11044603205252	18.845336937632748	21.519598378065265	27.524618652249465	0.0
47.0	37.903467572699114	16.608374138103326	17.128010392725095	28.36014789647247	0.0
48.0	30.580697650767824	17.9904403539103	24.84490999694905	26.58395199837283	0.0
49.0	30.041421408327885	16.808371484630477	30.2921299324177	22.858077174623936	0.0
50.0	25.1943661971831	19.87605633802817	22.12957746478873	32.800000000000004	0.0
51.0	37.69355211462908	12.029119482320315	20.094753871042293	30.18257453200832	0.0
52.0	31.0390549662488	21.046287367405977	21.407907425265186	26.50675024108004	0.0
53.0	35.06081438392385	16.327340031729243	22.567424643046007	26.0444209413009	0.0
54.0	24.423465947403912	18.28725556304788	23.304113283884018	33.98516520566419	0.0
55.0	31.54151278894816	19.45014361920394	20.29818082341677	28.71016276843113	0.0
56.0	25.647487050258995	22.343553128937423	18.96962060758785	33.03933921321573	0.0
57.0	34.822621344812234	18.123793973578746	17.96051655039335	29.093068131215677	0.0
58.0	27.01580712118793	18.409707807759858	18.888711480121348	35.685773590930864	0.0
59.0	32.55583126550869	16.691480562448305	20.363937138130687	30.388751033912325	0.0
60.0	26.394052044609666	23.951141795007967	19.26004602584528	30.394760134537087	0.0
61.0	29.75454375117107	18.77459246767847	20.498407344950348	30.972456436200112	0.0
62.0	32.92752520448925	13.049267643142477	22.37017310252996	31.653034049838315	0.0
63.0	27.83380395320694	18.55586930213796	17.204517950786606	36.405808793868495	0.0
64.0	29.361256544502616	21.44502617801047	18.387434554973822	30.80628272251309	0.0
65.0	24.169184290030213	19.76694000863185	23.65127319810099	32.41260250323694	0.0
66.0	27.102803738317753	25.985867335308864	15.112833371324367	31.798495555049012	0.0
67.0	25.067451557517785	18.395879323031643	20.0392445425558	36.49742457689478	0.0
68.0	31.075186040544008	17.680266871952785	15.165511932255582	36.079035155247624	0.0
69.0	28.46194503171247	16.0676532769556	15.671247357293868	39.79915433403806	0.0
70.0	25.7196663976325	19.88162496637073	26.17702448210923	28.221684153887544	0.0
71.0	29.66639095671354	18.803418803418804	21.72594430658947	29.80424593327819	0.0
72.0	24.004583213978805	18.504726439415638	20.796333428816958	36.6943569177886	0.0
73.0	31.141256266588023	17.31052786788558	21.439103509289296	30.109112356237098	0.0
74.0	28.92613283674736	18.156424581005588	19.522036002482928	33.39540657976412	0.0
75.0	28.27476038338658	16.96485623003195	25.94249201277955	28.817891373801917	0.0
76.0	30.55749128919861	18.32752613240418	20.0	31.11498257839721	0.0
77.0	29.05740609496811	18.391211906449325	20.269312544294827	32.282069454287736	0.0
78.0	30.295478818084725	18.298326806692774	19.935920256318976	31.470274118903525	0.0
79.0	29.411764705882355	17.358354384698664	21.725009022013715	31.504871887405265	0.0
80.0	28.75180375180375	19.227994227994227	21.5007215007215	30.519480519480517	0.0
81.0	29.556116925297726	18.404907975460123	20.534103211836882	31.504871887405265	0.0
82.0	29.086972212197765	19.23493323709852	20.245398773006134	31.43269577769758	0.0
83.0	29.05088415734392	18.044027426921687	20.028870443883072	32.87621797185132	0.0
84.0	28.2514450867052	19.942196531791907	19.29190751445087	32.51445086705203	0.0
85.0	29.8372513562387	17.685352622061483	20.07233273056058	32.40506329113924	0.0
86.0	29.52243125904486	18.849493487698986	20.549927641099856	31.078147612156293	0.0
87.0	30.246020260492042	19.319826338639654	18.668596237337194	31.765557163531117	0.0
88.0	29.89504162142599	20.195439739413683	18.675352877307276	31.23416576185306	0.0
89.0	31.053203040173727	18.71154542164314	20.30401737242128	29.931234165761854	0.0
90.0	29.260333575054386	17.802755620014505	20.775924583031184	32.160986221899925	0.0
91.0	29.753265602322205	18.57764876632801	19.62989840348331	32.03918722786647	0.0
92.0	30.5989110707804	19.491833030852995	18.947368421052634	30.961887477313976	0.0
93.0	30.77761627906977	18.56831395348837	19.476744186046513	31.177325581395348	0.0
94.0	29.760174418604652	19.331395348837212	19.731104651162788	31.177325581395348	0.0
95.0	28.799999999999997	19.527272727272727	20.0	31.672727272727276	0.0
96.0	30.601092896174865	19.23497267759563	18.61566484517304	31.548269581056466	0.0
97.0	27.941712204007285	19.271402550091075	21.129326047358834	31.657559198542806	0.0
98.0	26.98064987221614	19.569185834246074	20.153340635268346	33.29682365826944	0.0
99.0	29.66751918158568	18.74314943368652	20.42382170259408	31.165509682133724	0.0
100.0	31.183583730304143	18.57823378526933	19.05459875412239	31.183583730304143	0.0
101.0	29.09157778595072	18.683339463037882	20.48547260022067	31.739610150790732	0.0
102.0	30.59343899741983	18.577220788794694	18.982676004423148	31.84666420936233	0.0
103.0	30.536044362292053	18.817005545286506	19.33456561922366	31.31238447319778	0.0
104.0	28.396436525612472	20.452858203414998	20.155902004454344	30.99480326651819	0.0
105.0	30.14157973174367	18.554396423248882	20.230998509687034	31.07302533532042	0.0
106.0	31.16591928251121	19.020926756352765	18.086696562032888	31.726457399103143	0.0
107.0	29.87645076750281	18.86933732684388	19.430924747285662	31.823287158367652	0.0
108.0	30.665163472378804	18.752348741074783	19.466366027809094	31.116121758737318	0.0
109.0	29.83779705771407	19.72840437570728	21.04866088268578	29.38513768389287	0.0
110.0	29.353985644125423	19.531545145447677	21.042689837551944	30.07177937287495	0.0
111.0	30.53030303030303	18.787878787878785	18.522727272727273	32.15909090909091	0.0
112.0	28.984404716622294	19.208824648155193	20.654241156333207	31.152529478889313	0.0
113.0	29.047072330654423	19.096823574435515	21.086873325679296	30.76923076923077	0.0
114.0	29.35074913561275	18.82443334613907	20.245870149827123	31.57894736842105	0.0
115.0	27.381411492479753	20.709602776706518	19.976860779020438	31.932124951793288	0.0
116.0	28.432516530532865	19.369894982497083	18.903150525087515	33.29443796188254	0.0
117.0	29.280688037529316	18.02189210320563	18.960125097732604	33.737294761532446	0.0
118.0	29.619458611220082	17.6147508826991	21.890937622597097	30.874852883483715	0.0
119.0	30.74191002367798	17.955801104972377	20.48145224940805	30.820836621941595	0.0
120.0	29.484126984126984	19.444444444444446	19.523809523809526	31.547619047619047	0.0
121.0	29.188324670131948	19.27229108356657	18.992403038784484	32.54698120751699	0.0
122.0	30.57784911717496	18.90048154093098	19.662921348314608	30.858747993579456	0.0
123.0	27.448609431680776	19.830713422007253	20.19347037484885	32.52720677146312	0.0
124.0	30.097087378640776	18.6084142394822	19.093851132686083	32.200647249190936	0.0
125.0	31.430900937627392	18.874847125968202	18.711781492050548	30.982470444353854	0.0
126.0	27.373158756137478	20.29459901800327	19.885433715220948	32.4468085106383	0.0
127.0	28.41237113402062	20.783505154639176	19.381443298969074	31.422680412371136	0.0
128.0	29.187396351575458	18.61525704809287	19.11276948590381	33.08457711442786	0.0
129.0	28.97703549060543	19.54070981210856	19.206680584551147	32.27557411273486	0.0
130.0	30.89840470193115	18.219983207388747	18.639798488664987	32.241813602015114	0.0
131.0	28.0168776371308	20.042194092827003	20.0	31.940928270042196	0.0
132.0	30.462452269834532	18.79507848960543	20.916419176919813	29.82605006364022	0.0
133.0	31.028595817328213	18.30985915492958	19.334186939820743	31.32735808792147	0.0
134.0	29.464668094218418	18.843683083511777	20.256959314775163	31.434689507494646	0.0
135.0	30.056058645968093	19.27554980595084	19.7498921949116	30.91849935316947	0.0
136.0	28.651928912006934	18.205461638491546	21.75986129172085	31.382748157780664	0.0
137.0	28.646060078363085	19.98258598171528	19.460165433173703	31.911188506747934	0.0
138.0	29.653964082347787	19.66710468681559	19.27288655278143	31.40604467805519	0.0
139.0	29.37554969217238	20.932277924362356	18.161829375549694	31.53034300791557	0.0
140.0	31.20035304501324	17.608120035304502	17.696381288614297	33.49514563106796	0.0
141.0	34.337616304829425	18.34293309703146	16.570669029685423	30.748781568453698	0.0
142.0	35.49822064056939	17.393238434163703	17.48220640569395	29.626334519572957	0.0
143.0	34.48121645796064	19.051878354203936	17.08407871198569	29.382826475849733	0.0
144.0	28.22944896115628	24.209575429087625	17.795844625112917	29.76513098464318	0.0
145.0	28.885832187070154	22.283356258596974	19.80742778541953	29.02338376891334	0.0
146.0	27.99065420560748	24.065420560747665	20.700934579439252	27.242990654205606	0.0
147.0	27.729885057471265	25.0	23.132183908045977	24.137931034482758	0.0
148.0	27.98804780876494	27.73904382470119	20.418326693227094	23.854581673306775	0.0
149.0	21.69344870210136	29.11001236093943	22.00247218788628	27.19406674907293	0.0
