# Position (bp)	A	C	G	T	N
0.0	26.107958302773802	24.339613567228962	23.778420362866864	25.77400776713037	0.0
1.0	25.406615867862993	20.18335662864271	14.87262726002074	39.537400243473556	0.0
2.0	27.620786694017053	18.712890020813123	18.709286016764626	34.9570372684052	0.0
3.0	23.95719196073428	22.58889572670099	15.133512450655179	38.32039986190955	0.0
4.0	33.24960386055892	13.936005473926821	14.103164313838471	38.71122635167579	0.0
5.0	34.40396287950842	15.45877051123186	22.837263308860372	27.30000330039935	0.0
6.0	32.19054590399505	17.82340394255663	20.317576506658426	29.668473646789884	0.0
7.0	33.71098612673416	17.296437945256844	19.674840644919385	29.317735283089615	0.0
8.0	24.03947092168801	25.67019585495336	21.759995201103745	28.53033802225488	0.0
9.0	29.39451192082771	18.391063127905234	15.8320587794272	36.382366171839855	0.0
10.0	26.241596248073357	16.634780887724073	24.45679227064729	32.666830593555275	0.0
11.0	27.69827206246121	18.08382730818934	19.814163510924416	34.403737118425035	0.0
12.0	26.387410696351104	19.321667021432877	21.051527043678217	33.2393952385378	0.0
13.0	26.93820409974159	20.871030211462248	18.401772277880703	33.78899341091546	0.0
14.0	30.406006924149093	18.02766662170466	19.95713621989419	31.609190234252054	0.0
15.0	29.975154572128165	18.861246227481022	18.688916661421853	32.474682538968956	0.0
16.0	29.47989523586913	16.861750903500727	18.65257025729543	35.00578360333471	0.0
17.0	29.772719101662215	18.048548110686337	20.62905216734777	31.549680620303683	0.0
18.0	30.530626183229888	17.639710992355436	18.536569292338662	33.293093532076014	0.0
19.0	29.316680893121884	18.09215747937164	19.233867948545157	33.35729367896132	0.0
20.0	30.426736142305273	17.428502979666398	19.57805528104693	32.56670559698141	0.0
21.0	29.77123008743562	17.29518505210205	19.49125643789675	33.44232842256557	0.0
22.0	28.929388375908694	18.069378076384147	19.43226864992395	33.568964897783204	0.0
23.0	29.02266848685156	17.686628825980744	20.46660200220338	32.824100684964314	0.0
24.0	30.09142015553999	18.724368530392564	18.399578521352325	32.78463279271512	0.0
25.0	29.619309015483246	17.634980829265228	18.88250030679162	33.86320984845991	0.0
26.0	30.78882234812095	17.818460424204876	19.52707171738031	31.865645510293866	0.0
27.0	29.485241967099295	18.15434062431731	19.187387964340115	33.17302944424328	0.0
28.0	29.34924097564479	17.658201143698438	19.48955499896762	33.503002881689156	0.0
29.0	29.567447232512073	18.15758134302009	19.654580164092376	32.62039126037546	0.0
30.0	29.879949969179577	18.274714686678994	19.084124789792757	32.76121055434867	0.0
31.0	29.68730828966702	18.130972010665452	19.29986264188435	32.88185705778318	0.0
32.0	29.38115174785203	18.11685066421669	19.700855596089216	32.80114199184206	0.0
33.0	30.356277048503244	17.660914276821043	19.446489605593168	32.53631906908255	0.0
34.0	29.358822402605178	17.89652323827311	19.356248353806	33.388406005315716	0.0
35.0	30.09506477335313	17.86445487416489	19.70199468403534	32.33848566844664	0.0
36.0	29.829697682703042	17.493631250130967	18.669791919246347	34.00687914791965	0.0
37.0	29.109463966040604	18.65761002975638	18.956071918238806	33.27685408596421	0.0
38.0	29.740466973831143	17.82302416300674	19.572005520577925	32.86450334258419	0.0
39.0	28.34684566008814	18.97034872580954	20.151130484767197	32.53167512933512	0.0
40.0	29.89269718090585	17.758556681277096	19.29265167301382	33.05609446480324	0.0
41.0	29.48887232137778	18.29053226622593	20.103477081443287	32.117118330953	0.0
42.0	29.985627021200145	18.39172355970775	18.81572643430351	32.8069229847886	0.0
43.0	29.739741328454166	17.915055833884836	19.1269610734959	33.21824176416509	0.0
44.0	29.51006229036895	17.896801629132728	20.49113560134164	32.102000479156686	0.0
45.0	29.19501880825167	18.78219565373649	19.227843400340223	32.79494213767161	0.0
46.0	29.786208053289243	17.712863458289902	19.201140543195677	33.29978794522518	0.0
47.0	29.268285377090038	17.892980595843593	19.553326983099993	33.28540704396638	0.0
48.0	30.433063436289622	18.475516054530587	18.788548696795683	32.30287181238411	0.0
49.0	29.2077072399166	18.221714956742638	18.679751719510147	33.89082608383061	0.0
50.0	29.08332159986579	18.41954685847641	19.859617798521885	32.63751374313592	0.0
51.0	29.50892362265824	18.277472683857784	19.30870012014009	32.90490357334388	0.0
52.0	29.241048689138577	18.500973782771535	18.994157303370788	33.2638202247191	0.0
53.0	30.323988061705165	17.736338683191697	19.801567800165408	32.13810545493773	0.0
54.0	30.177133558883202	17.94380032543909	19.310284894052497	32.56878122162522	0.0
55.0	28.915586828572454	17.842801145966938	18.816453496038264	34.42515852942234	0.0
56.0	28.55794215225268	18.13204103467808	20.421135916132453	32.88888089693678	0.0
57.0	28.769151461385377	18.04523221521567	18.992914858417052	34.192701464981894	0.0
58.0	29.389778589048444	17.729960765272022	18.899209610560106	33.98105103511943	0.0
59.0	29.59825670446405	17.531869996193286	20.290988876599496	32.57888442274317	0.0
60.0	29.625255534839667	18.304387705551925	19.60229486772138	32.46806189188703	0.0
61.0	29.71620066183876	17.71767541125126	19.356685530669992	33.20943839623999	0.0
62.0	28.70092807981007	18.002530036691528	20.088911005060073	33.20763087843833	0.0
63.0	28.82110469909316	17.831672037772613	19.653151465187737	33.69407179794649	0.0
64.0	28.545089339249312	17.944897469720587	19.56829356037894	33.94171963065116	0.0
65.0	28.867302272590994	18.048210109731965	20.625412244408466	32.459075373268576	0.0
66.0	29.96488934597037	18.086034594938187	19.994183205054014	31.954892854037425	0.0
67.0	28.8591167510255	17.550135533859475	19.082987502098973	34.50776021301605	0.0
68.0	29.222802277708976	17.899626079108106	19.872381129439	33.00519051374391	0.0
69.0	29.246058163455025	17.702129701266063	19.45728902403186	33.59452311124706	0.0
70.0	28.496456835772914	17.941336116284162	19.27673267178274	34.28547437616019	0.0
71.0	29.361028304772645	17.5601753828252	20.681257909921367	32.39753840248079	0.0
72.0	29.487133345330214	18.227460860176354	19.781656769239998	32.503749025253434	0.0
73.0	29.49703511965999	17.695701598365943	19.08021223564275	33.72705104633132	0.0
74.0	28.830636694682916	17.876104601983332	20.60183935352663	32.69141934980713	0.0
75.0	30.098007745821846	17.718192481572924	19.057361680681346	33.12643809192389	0.0
76.0	28.72713853686636	18.2066652265745	19.545950940860216	33.52024529569893	0.0
77.0	29.19950912587801	18.039623983221468	20.69772535652884	32.063141534371695	0.0
78.0	29.847508281722597	18.180781602573333	18.291804695376637	33.67990542032743	0.0
79.0	29.27212056103372	17.883099969391616	18.90037870376483	33.94440076580983	0.0
80.0	30.157606020958124	18.065875235568786	19.758369443877612	32.018149299595486	0.0
81.0	29.863243092380685	17.904141120404297	19.611126616429438	32.62148917078558	0.0
82.0	29.49526719206737	17.86912600613434	18.108617491881898	34.52698930991639	0.0
83.0	29.610088714421195	18.323009327619115	19.73775825020108	32.32914370775861	0.0
84.0	30.258075552901136	18.14302049538261	18.855812027119093	32.74309192459716	0.0
85.0	29.370329241573877	17.25141810978721	18.777274227918006	34.600978420720914	0.0
86.0	30.310588461284492	17.10427584385336	20.085600917238438	32.49953477762371	0.0
87.0	29.317481232910016	18.653632005955043	19.819727880947163	32.20915888018778	0.0
88.0	29.305278323903288	17.671654335069263	18.95033843106062	34.072728909966834	0.0
89.0	29.344367600797256	18.210143361429292	19.807650745623516	32.63783829214994	0.0
90.0	29.835468154787815	17.958016011911372	19.63845620439052	32.5680596289103	0.0
91.0	29.488368741950882	18.089765873837848	19.299873015301205	33.121992368910064	0.0
92.0	28.89557364843769	18.433124384561808	20.314563969546317	32.35673799745419	0.0
93.0	29.774553926616687	18.374050133153993	19.36272228610545	32.48867365412387	0.0
94.0	29.461623686035725	17.579273217497303	19.099733679220073	33.859369417246896	0.0
95.0	30.228347520605325	17.892176732873935	20.1116966175742	31.76777912894654	0.0
96.0	29.639015836220928	18.78246665505624	19.148795618465382	32.429721890257454	0.0
97.0	29.688696440743623	18.06143193031028	18.73106339277939	33.518808236166706	0.0
98.0	28.826986429307173	17.62117977038832	20.87946738258903	32.67236641771547	0.0
99.0	29.194232807887392	18.40642427482154	19.25870979948166	33.1406331178094	0.0
100.0	29.211350964459065	18.079923492863546	19.337900504634337	33.37082503804306	0.0
101.0	29.55839447925354	18.363346771886828	20.097612674593304	31.98064607426632	0.0
102.0	30.013358703813715	17.44079802423866	19.098121639592424	33.447721632355204	0.0
103.0	28.848343536788313	17.409399662334604	19.33330715772115	34.408949643155935	0.0
104.0	29.822390692074286	17.795418036828746	19.095647649270774	33.28654362182619	0.0
105.0	30.05703963678905	17.97506258599892	19.0834257727022	32.88447200450983	0.0
106.0	28.810595157852546	17.803120009230078	19.59630553986847	33.7899792930489	0.0
107.0	29.632164399061935	17.657203865421994	20.2137723148427	32.496859420673374	0.0
108.0	28.95331015549062	18.245999993905915	20.3636950884709	32.436994762132564	0.0
109.0	28.323404826719077	17.985143861619406	19.639521966820883	34.05192934484064	0.0
110.0	29.069877603410603	17.69295417386122	21.059242394144523	32.17792582858365	0.0
111.0	28.997227780939618	18.679432337659954	19.7916857906944	32.53165409070603	0.0
112.0	28.775834170977472	17.923030719066414	18.707862413886097	34.593272696070024	0.0
113.0	30.19807906586981	17.438201971275006	20.24347794056707	32.12024102228811	0.0
114.0	29.96485899016482	18.337273758612316	18.465785938062048	33.23208131316082	0.0
115.0	29.084877736265156	17.229037752527976	19.984168394077624	33.701916117129244	0.0
116.0	30.216317965808802	17.640251805221254	20.263840029624145	31.8795901993458	0.0
117.0	29.6856835439907	18.285141853619926	19.2544336985827	32.77474090380667	0.0
118.0	29.012615257864795	17.699457664706085	19.634953525179412	33.65297355224971	0.0
119.0	30.387256316457385	17.835634034868892	19.644236765924177	32.132872882749545	0.0
120.0	29.00637639367084	18.292046287894795	19.337377102159024	33.36420021627534	0.0
121.0	29.165642071187335	17.51638055810624	19.32423388791185	33.99374348279458	0.0
122.0	29.470540371179787	17.86595003756691	19.85278758951369	32.81072200173961	0.0
123.0	28.74582686608183	18.52231240806613	18.962658063790784	33.769202662061254	0.0
124.0	29.066081748746047	18.172715581575087	19.02474740995466	33.73645525972421	0.0
125.0	28.39074475958704	18.211924683568125	19.917018954551725	33.48031160229311	0.0
126.0	28.89119333804698	18.032209914368764	19.425877916568464	33.650718831015794	0.0
127.0	29.757106691688602	17.415645427409096	18.78502966107032	34.04221821983198	0.0
128.0	28.743563531728	17.520445252158108	20.610581049018123	33.125410167095765	0.0
129.0	29.80680772769089	18.083441610789176	18.75112624361005	33.35862441790988	0.0
130.0	29.93773397267389	17.426569794325747	19.188768044796067	33.446928188204296	0.0
131.0	29.52986490516711	17.993819522440717	19.79910275202579	32.677212820366385	0.0
132.0	30.02911930011953	18.196701508099995	18.67195646092419	33.10222273085628	0.0
133.0	29.639785100332155	18.08908718595445	19.230144550917654	33.04098316279573	0.0
134.0	30.04977664326739	17.359604339502233	20.076898532227187	32.51372048500319	0.0
135.0	28.9107663580089	17.991891338824374	20.041118841766	33.05622346140073	0.0
136.0	28.315756754245136	18.270028808285506	19.26053393064862	34.15368050682074	0.0
137.0	30.339709921457136	17.51586116063541	22.878941197256623	29.265487720650828	0.0
138.0	29.80381929351763	19.948419252948508	19.45257436868321	30.79518708485065	0.0
139.0	30.324774632345825	19.066716569120278	19.40839780859398	31.200110989939922	0.0
140.0	28.5602514031503	21.02009673331092	19.67481830173551	30.744833561803276	0.0
141.0	30.690523001778214	17.00314507169533	20.9488982532058	31.357433673320656	0.0
142.0	26.472029413005455	19.549718817638716	24.32543816097325	29.652813608382576	0.0
143.0	26.274244621156463	18.852448357250143	18.939576194594174	35.93373082699923	0.0
144.0	27.422681084110078	19.10843381344419	18.068827111222603	35.40005799122313	0.0
145.0	26.954396329747603	19.232227116473002	16.34785052348151	37.46552603029788	0.0
146.0	33.28044322782632	13.939384005114167	18.85783598603439	33.92233678102513	0.0
147.0	34.29477534202181	15.931916413409041	21.750172788391264	28.02313545617789	0.0
148.0	31.165756165250958	16.939031208530647	20.397028015600895	31.498184610617503	0.0
149.0	32.54874911985745	16.86856058973143	22.408070009052892	28.17462028135822	0.0
150.0	26.63358674375199	18.832339418218236	24.797651021987527	29.736422816042246	0.0
