# Position (bp)	A	C	G	T	N
0.0	30.761209593326384	20.020855057351408	28.953771289537713	20.2641640597845	0.0
1.0	28.258602711157454	19.67327076816128	15.154675008689608	36.91345151199166	0.0
2.0	30.779896013864814	18.9948006932409	15.909878682842288	34.31542461005199	0.0
3.0	27.33241188666206	19.765031098825155	15.79129232895646	37.11126468555632	0.0
4.0	36.918304033092035	13.926232333678042	14.788004136504654	34.36745949672527	0.0
5.0	37.64988009592326	15.381980130181569	20.14388489208633	26.82425488180884	0.0
6.0	32.968536251709985	16.415868673050614	22.161422708618332	28.454172366621066	0.0
7.0	36.057201225740556	17.126319373510384	19.57780047667688	27.238678924072186	0.0
8.0	26.222826086956523	24.21875	22.35054347826087	27.20788043478261	0.0
9.0	30.946725483542586	17.64506277570411	16.830675262979298	34.577536477774004	0.0
10.0	28.58110396207247	15.74669827294277	24.85607856417203	30.81611920081273	0.0
11.0	28.5472972972973	17.094594594594597	20.472972972972972	33.88513513513514	0.0
12.0	29.2806484295846	17.29145558932793	20.871327254305978	32.55656872678149	0.0
13.0	28.802698145025296	21.349072512647556	17.807757166947724	32.04047217537943	0.0
14.0	32.17888365837256	16.980497646267654	20.107599193006052	30.73301950235373	0.0
15.0	31.418010752688176	17.90994623655914	20.530913978494624	30.141129032258064	0.0
16.0	32.941571524513094	17.259905977165882	17.998656816655473	31.799865681665544	0.0
17.0	31.93839973217275	17.8439906260462	19.283562102443923	30.93404753933713	0.0
18.0	33.80140421263791	16.95085255767302	18.655967903711137	30.59177532597793	0.0
19.0	33.50083752093803	17.98994974874372	18.927973199329983	29.581239530988274	0.0
20.0	30.996309963099634	18.181818181818183	19.523649781952365	31.29822207312982	0.0
21.0	31.10513940208263	16.862613369163586	19.516291568693315	32.51595566006046	0.0
22.0	30.60881264715775	19.206189034645142	18.499831819710728	31.685166498486378	0.0
23.0	29.89551735760027	17.020559487698012	18.773171553758004	34.31075160094371	0.0
24.0	29.74341661039838	19.51384199864956	18.97366644159352	31.76907494935854	0.0
25.0	30.618452179790467	17.269347752619126	19.80398783372761	32.30821223386279	0.0
26.0	30.506756756756758	17.93918918918919	19.66216216216216	31.891891891891895	0.0
27.0	29.699628754640568	19.372257846776915	19.6422544718191	31.285858926763417	0.0
28.0	31.11711103611205	18.93351333108336	19.70975362807965	30.239622004724943	0.0
29.0	31.545209176788124	17.64507422402159	19.736842105263158	31.072874493927127	0.0
30.0	29.818059299191376	19.57547169811321	18.766846361185983	31.839622641509436	0.0
31.0	29.503210544102735	19.195674214261572	20.479891855356538	30.82122338627915	0.0
32.0	31.135902636916835	19.168356997971603	20.013522650439487	29.682217714672078	0.0
33.0	30.8135593220339	18.47457627118644	19.627118644067796	31.08474576271186	0.0
34.0	30.41709053916582	19.057307561885384	18.71820956256358	31.807392336385217	0.0
35.0	30.445124023105674	18.110771321780497	20.251444104655114	31.19266055045872	0.0
36.0	30.515953835709436	18.805159538357096	19.993211133740665	30.685675492192804	0.0
37.0	28.04753820033956	20.848896434634977	19.185059422750424	31.918505942275043	0.0
38.0	31.50033944331297	17.345553292600137	19.789545145960624	31.364562118126273	0.0
39.0	28.77502544960977	19.511367492365117	19.98642687478792	31.72718018323719	0.0
40.0	30.667570315147408	19.383259911894275	20.128769908505593	29.820399864452728	0.0
41.0	29.796610169491526	18.949152542372882	19.322033898305087	31.93220338983051	0.0
42.0	30.862944162436552	18.61252115059222	18.917089678510997	31.60744500846024	0.0
43.0	28.779661016949156	18.745762711864405	20.88135593220339	31.593220338983052	0.0
44.0	30.02372077261945	19.28159945781091	19.41714672992206	31.277533039647576	0.0
45.0	29.58319213825822	18.468315825144018	18.56997627922738	33.37851575737038	0.0
46.0	30.403800475059384	18.22192059721751	19.545300305395315	31.828978622327792	0.0
47.0	30.197010869565215	17.527173913043477	20.040760869565215	32.235054347826086	0.0
48.0	29.928741092636578	18.25585341024771	20.32575500508992	31.48965049202579	0.0
49.0	29.341926729986433	18.690637720488468	20.149253731343283	31.818181818181817	0.0
50.0	28.16423481506617	19.138106549032916	20.699015948422126	31.99864268747879	0.0
51.0	30.179721939640558	18.277382163445235	20.006781959986437	31.536113936927773	0.0
52.0	28.052917232021713	18.690637720488468	20.997286295793756	32.25915875169606	0.0
53.0	29.74167233174711	18.49082256968049	20.224337185588034	31.543167912984366	0.0
54.0	29.49371389738362	19.9796126401631	19.571865443425075	30.954808019028203	0.0
55.0	28.581126951799053	17.549219280380175	20.570264765784113	33.29938900203666	0.0
56.0	29.47368421052631	18.370118845500848	19.456706281833615	32.69949066213922	0.0
57.0	28.634510869565215	19.497282608695652	21.22961956521739	30.638586956521742	0.0
58.0	29.53385505273903	18.747873426335488	19.496427356243622	32.22184416468186	0.0
59.0	30.852871219843696	18.89228678219504	19.130139313625552	31.124702684335716	0.0
60.0	32.065217391304344	16.847826086956523	20.040760869565215	31.046195652173914	0.0
61.0	30.35653650254669	18.879456706281832	18.675721561969443	32.088285229202036	0.0
62.0	29.565512559402578	17.922606924643585	19.925322471147318	32.586558044806516	0.0
63.0	30.46875	19.259510869565215	20.44836956521739	29.82336956521739	0.0
64.0	29.62334577536478	19.850695622667118	19.375636240244315	31.150322361723788	0.0
65.0	28.896434634974533	17.75891341256367	20.814940577249573	32.52971137521222	0.0
66.0	28.867028493894164	18.792401628222525	20.793758480325643	31.54681139755767	0.0
67.0	29.497623896809234	17.311608961303463	19.551934826883908	33.63883231500339	0.0
68.0	31.17147707979627	16.129032258064516	20.780984719864176	31.918505942275043	0.0
69.0	29.60950764006791	18.879456706281832	20.74702886247878	30.76400679117148	0.0
70.0	29.327902240325866	17.718940936863543	20.570264765784113	32.382892057026474	0.0
71.0	29.158180583842498	17.718940936863543	20.8418194161575	32.28105906313646	0.0
72.0	30.946725483542586	18.595181540549714	19.91856124872752	30.539531727180186	0.0
73.0	31.126951799049557	19.45010183299389	18.43177189409369	30.991174473862866	0.0
74.0	30.28862478777589	18.505942275042443	19.08319185059423	32.12224108658744	0.0
75.0	29.036635006784262	19.470827679782904	19.131614654002714	32.36092265943012	0.0
76.0	30.149558123725356	18.456832087015634	19.54452753229096	31.849082256968046	0.0
77.0	29.962673905666783	18.39158466236851	19.681031557516118	31.964709874448594	0.0
78.0	30.672554347826086	18.716032608695652	19.293478260869566	31.3179347826087	0.0
79.0	32.18898708361659	17.60707002039429	19.782460910944934	30.421481985044185	0.0
80.0	29.12984364377974	18.966689326988444	19.10265125764786	32.800815771583956	0.0
81.0	30.86335825968729	19.340584636301834	18.830727396329028	30.96532970768185	0.0
82.0	30.907854471268276	17.851071064263856	20.027201632097928	31.213872832369944	0.0
83.0	30.513081889228676	19.469928644240568	18.484539585457014	31.53244988107373	0.0
84.0	29.847198641765704	17.589134125636672	20.984719864176572	31.57894736842105	0.0
85.0	29.67107494065785	19.837232960325537	19.905052560189894	30.58663953882672	0.0
86.0	30.430362588952896	17.24839037614368	21.314808539478143	31.006438495425282	0.0
87.0	29.986431478968793	18.181818181818183	19.91180461329715	31.919945725915877	0.0
88.0	29.250084832032574	18.900576857821513	19.579233118425517	32.2701051917204	0.0
89.0	30.834464043419267	19.776119402985074	19.742198100407055	29.6472184531886	0.0
90.0	30.65173116089613	19.144602851323828	19.008825526137134	31.194840461642904	0.0
91.0	30.67526297930098	18.934509670851714	19.205972175093315	31.18425517475399	0.0
92.0	30.555555555555557	18.69918699186992	18.428184281842817	32.31707317073171	0.0
93.0	28.57142857142857	19.49898442789438	20.379146919431278	31.550440081245767	0.0
94.0	30.94109681787407	18.61882193635748	18.991198375084632	31.44888287068382	0.0
95.0	27.85496441884107	19.586580820061	19.92544900033887	32.63300576075906	0.0
96.0	31.571815718157183	18.93631436314363	19.139566395663955	30.35230352303523	0.0
97.0	30.027081922816517	19.16046039268788	20.14218009478673	30.67027758970887	0.0
98.0	32.058226134055516	17.09546377792823	20.10832769126608	30.73798239675017	0.0
99.0	32.12715590125127	18.56611430503889	18.938112952316537	30.368616841393305	0.0
100.0	31.381892443839348	18.277739959155888	19.74132062627638	30.599046970728388	0.0
101.0	30.879835672714822	19.548099965765147	18.14447107155084	31.42759328996919	0.0
102.0	32.402619786280596	18.062736987245778	19.441571871768357	30.093071354705277	0.0
103.0	31.332408049965306	18.56349757113116	19.63913948646773	30.46495489243581	0.0
104.0	31.85933147632312	17.72284122562674	18.55849582172702	31.85933147632312	0.0
105.0	30.30408947920308	18.385180006990563	19.119189094722124	32.19154141908424	0.0
106.0	30.685413005272405	17.855887521968366	20.0	31.45869947275923	0.0
107.0	30.72310405643739	18.342151675485006	19.400352733686066	31.53439153439154	0.0
108.0	30.49946865037195	18.66808359900815	20.12043924902586	30.712008501594052	0.0
109.0	31.28113879003559	17.82918149466192	18.22064056939502	32.669039145907476	0.0
110.0	30.642857142857142	19.035714285714285	19.214285714285715	31.107142857142854	0.0
111.0	30.747126436781606	18.13936781609195	19.25287356321839	31.860632183908045	0.0
112.0	30.2821997105644	18.270622286541244	20.947901591895803	30.499276410998554	0.0
113.0	29.416031918752267	19.840406238665214	18.86108088501995	31.88248095756257	0.0
114.0	32.043795620437955	18.138686131386862	18.357664233576642	31.45985401459854	0.0
115.0	30.921777451340432	18.251928020565554	20.4186558942343	30.40763863385971	0.0
116.0	28.317929759704253	19.66728280961183	18.706099815157117	33.3086876155268	0.0
117.0	31.3944817300522	18.158090976882924	19.164802386278897	31.282624906785983	0.0
118.0	30.847076461769113	18.74062968515742	20.614692653673163	29.797601199400297	0.0
119.0	31.50943396226415	18.37735849056604	19.28301886792453	30.830188679245285	0.0
120.0	29.68453059673128	19.574306347396426	19.232231090839985	31.508931965032303	0.0
121.0	30.627871362940272	17.725880551301685	20.63552833078101	31.01071975497703	0.0
122.0	28.245749613601234	21.290571870170016	19.435857805255022	31.027820710973725	0.0
123.0	29.622421175554692	19.968859478396265	19.657454262358893	30.75126508369015	0.0
124.0	28.755868544600936	18.70109546165884	19.953051643192488	32.58998435054773	0.0
125.0	30.291109362706532	18.92210857592447	18.568056648308417	32.21872541306058	0.0
126.0	29.311708860759495	18.670886075949365	19.97626582278481	32.041139240506325	0.0
127.0	32.31319554848967	17.170111287758345	20.945945945945947	29.570747217806044	0.0
128.0	31.322413104274872	18.857371154614462	20.295645225729125	29.524570515381544	0.0
129.0	29.714515480498594	18.93848009650181	19.179734620024124	32.167269802975476	0.0
130.0	30.959125859975718	19.384864427357346	19.020639417239984	30.63537029542695	0.0
131.0	30.612244897959183	19.224489795918366	17.6734693877551	32.48979591836735	0.0
132.0	31.67625308134758	18.77567789646672	18.32374691865242	31.224322103533282	0.0
133.0	28.695652173913043	19.006211180124225	20.33126293995859	31.96687370600414	0.0
134.0	29.779258642232403	17.784256559766764	18.82548937942524	33.6109954185756	0.0
135.0	29.255989911727614	18.41109709962169	19.756200084068936	32.576712904581754	0.0
136.0	30.338983050847457	17.584745762711865	20.33898305084746	31.73728813559322	0.0
137.0	30.336599914784834	20.110779718789946	21.303792074989346	28.248828291435874	0.0
138.0	29.437043403523848	20.11173184357542	20.455522131499784	29.995702621400945	0.0
139.0	29.50391644908616	20.626631853785902	19.36466492602263	30.50478677110531	0.0
140.0	28.97278314310799	20.105355575065847	17.822651448639157	33.099209833187004	0.0
141.0	29.57559681697613	16.091954022988507	23.076923076923077	31.25552608311229	0.0
142.0	27.041499330655956	20.74966532797858	22.80232039268184	29.406514948683622	0.0
143.0	28.02519118308592	20.287899235267655	18.30859199280252	33.378317588843906	0.0
144.0	28.51277372262774	18.932481751824817	17.472627737226276	35.082116788321166	0.0
145.0	29.207232267037554	19.935095039406583	15.99443671766342	34.863235975892444	0.0
146.0	33.977379830348724	15.975494816211121	18.28463713477851	31.762488218661638	0.0
147.0	34.00770712909441	15.751445086705202	20.905587668593448	29.335260115606935	0.0
148.0	32.96921549155908	17.378351539225424	20.158887785501488	29.493545183714005	0.0
149.0	31.74863387978142	18.0327868852459	21.639344262295083	28.579234972677597	0.0
150.0	18.13186813186813	26.465201465201467	20.604395604395602	34.798534798534796	0.0
