# Position (bp)	A	C	G	T	N
0.0	27.401424352961612	23.192635052978982	24.372068785825952	25.033871808233453	0.0
1.0	26.731817002508002	20.529274409755256	15.681051630199775	37.05785695753697	0.0
2.0	27.83322129720599	19.92691797231846	17.779271592809003	34.460589137666545	0.0
3.0	25.083732673777504	20.908263341406023	15.686779684306352	38.321224300510124	0.0
4.0	32.8304916800492	16.236717121672875	14.644480131205794	36.28831106707213	0.0
5.0	35.311876375172695	15.040338399085776	21.02201981954323	28.61723720343175	0.008528202766548977
6.0	32.00020396369446	17.005473025801408	21.885304415813987	29.093721317605464	0.015297277084678929
7.0	34.91821599105964	18.133021775204035	19.640014900606182	27.308747333130146	0.0
8.0	26.67714618934131	25.85737707688927	20.729171948684144	26.736304785085274	0.0
9.0	28.10221442073994	19.377869295166082	16.87483121793141	35.645085066162565	0.0
10.0	27.217089290531426	17.222484488804966	24.50431615861883	31.054424062584303	0.0016859994604801725
11.0	27.476969196827056	19.43681897030837	20.528150630715597	32.55806120214898	0.0
12.0	27.237838747685572	20.841609156707623	20.107725972058578	31.812826123548227	0.0
13.0	26.305521451756675	21.833532350022704	19.453741233454984	32.40720496476563	0.0
14.0	30.856556618846597	19.894381002035015	19.499150675255216	29.74991170386317	0.0
15.0	29.840730587463632	18.479960981516676	19.588287727677894	32.08765704098623	0.0033636623555727474
16.0	30.180460485376475	17.933365848736106	19.17792092029802	32.70320725205604	0.0050454935333591215
17.0	29.156225298104577	18.61114381338401	21.791486570578044	30.43946248675558	0.0016818311777863737
18.0	32.42065961418793	18.313459694915824	18.527052254494695	30.733782942868192	0.0050454935333591215
19.0	30.755646748179416	18.91387342538556	19.86915353436822	30.461326292066804	0.0
20.0	30.232597251887857	17.393498040666678	21.068299164129904	31.30560554331556	0.0
21.0	29.134361492793353	17.94850232933618	19.4268319346104	33.49030424326006	0.0
22.0	28.427992398123074	19.719470559545233	20.181974133436487	31.66888107771742	0.0016818311777863737
23.0	30.13336921239846	17.34977043004423	20.669705174994533	31.847155182562776	0.0
24.0	30.619418422778722	17.474225937200423	19.18296641383138	32.723389226189475	0.0
25.0	28.406128592811854	18.441278864427588	19.28555811567635	33.86703442708421	0.0
26.0	29.992095393464403	17.67100018500143	21.559393868043525	30.77751055349064	0.0
27.0	29.519500832506434	17.983820784069696	20.403975848904288	32.09270253451958	0.0
28.0	29.585092248440105	17.793773860979833	20.896752383995697	31.721017844228793	0.0033636623555727474
29.0	29.973595250508755	17.998957264669773	19.329285726298796	32.694798096167105	0.0033636623555727474
30.0	29.883278953210667	17.262605536681356	19.591980894076492	33.26045275656766	0.001681859463823203
31.0	29.76386693127922	18.155672911971475	19.553298126408556	32.52716203034075	0.0
32.0	29.147114721563483	19.19538490001177	18.63531627899154	33.022184099433204	0.0
33.0	29.780506265242618	17.79665293078799	19.710705575645445	32.7104532839963	0.001681944327642755
34.0	28.648084913118808	18.466248380965197	19.228246059647766	33.65573853218725	0.0016821140809769718
35.0	30.11715593859413	17.0667250201993	20.643684352275788	32.172434688930785	0.0
36.0	31.334388363244553	18.266608303309877	18.18748105996835	32.21152227347722	0.0
37.0	28.798518144312535	19.966321461648565	18.723583396480592	32.51157699755831	0.0
38.0	30.4679603800283	18.31581429822788	19.03342092850886	32.18111987062866	0.0016845226062933765
39.0	31.272751786436565	17.840771201294324	18.889038694890118	31.995752999865175	0.0016853175138196036
40.0	29.13946387300302	19.678796160399482	19.314405249928303	31.862273731801544	0.0050609848676552455
41.0	29.327792137583835	17.681144729951175	21.389353470849592	31.59833088371936	0.003378777896035004
42.0	28.312570781426956	19.036189381518227	20.521965484018185	32.12927435303663	0.0
43.0	30.381973813309877	18.594579964137093	20.292993199580472	30.727069729674866	0.003383293297695977
44.0	29.156512320606552	19.034321689683185	20.032832385594368	31.776333604115898	0.0
45.0	30.120889912295556	18.675290372828552	19.772442518031898	31.431377196843997	0.0
46.0	30.433456984602874	17.695682368684047	19.777427714822906	32.09343293189017	0.0
47.0	30.666644072392057	19.32318850403308	19.353690774757677	30.654782078221377	0.0016945705958110215
48.0	29.826405370583846	18.827558147419815	18.566488099274427	32.777853122669015	0.0016952600528921135
49.0	27.397492662900575	19.519229138039258	20.803433592888528	32.27984460617165	0.0
50.0	29.168364574843793	18.64982341754958	19.036946481934258	33.14486552567237	0.0
51.0	31.23841903952401	17.317467063323416	18.973225669358264	32.470888227794305	0.0
52.0	28.497735707719023	18.836187817086042	21.119207327454117	31.546869147740814	0.0
53.0	30.317960958145086	18.741795243372263	19.573778876481118	31.357940499531157	0.008524422470377633
54.0	30.43381800805516	19.1651307256468	19.168543927913166	31.232507338384874	0.0
55.0	29.47086059901929	18.450682567616052	18.688171675579625	33.385159493584375	0.005125664200652668
56.0	31.029175359989054	17.982351130416937	20.802407907788076	30.18606560180593	0.0
57.0	27.663909864557112	20.211982671529597	19.57500727727265	32.549100186640636	0.0
58.0	30.807596064854486	17.08429026839886	21.7495629520447	30.35855071470195	0.0
59.0	27.379174178041033	22.070563996909605	21.435316336166192	29.10636106103528	0.008584427847883939
60.0	30.553547454301356	18.680505353024202	20.759750765947192	30.006196426727254	0.0
61.0	28.58301831425958	20.95006300381475	19.833255657397338	30.633663024528335	0.0
62.0	31.16298399944587	16.158135346678673	21.60767472466579	31.071205929209672	0.0
63.0	25.94532514312562	21.19825291036595	25.0978822628639	27.755059425409367	0.0034802582351610486
64.0	26.19642513934269	22.459070815788092	17.905753673579927	33.437003127566264	0.0017472437230269251
65.0	27.234872443601095	19.393492163890645	19.152786562653734	34.215334879471506	0.003513950383020592
66.0	27.117806865892813	19.200508061955333	18.434886920932858	35.24326994319585	0.003528208023145045
67.0	33.04646550502904	14.54526136846579	18.72078198045049	33.68749114605468	0.0
68.0	34.38065382892969	16.38513210927004	22.622480967308555	26.61173309449171	0.0
69.0	31.82510412652979	17.196014752022897	20.654666886846112	30.3242142346012	0.0
70.0	30.666797797010226	16.736821400472067	24.734461054287962	27.86191974822974	0.0
71.0	25.310432002379358	19.946960120950752	24.37355937244405	30.369048504225844	0.0
