# Position (bp)	A	C	G	T	N
0.0	26.69739937223715	23.35758449673374	25.66108088818976	24.283206979674173	7.282631651773685E-4
1.0	27.136778468028965	20.386653425442	15.723471037237319	36.75309706929172	0.0
2.0	28.553795069837946	20.402786299491105	17.37467066084383	33.66802613058072	7.218392463998268E-4
3.0	24.222856608685024	22.110924949844318	15.812522021759296	37.85082010829313	0.002876311418237253
4.0	33.19895355320153	15.632371231290476	14.499435319009022	36.66709553830538	0.002144358193592658
5.0	34.824675232078945	15.01204956721377	21.835384374064198	28.324325865928955	0.00356496071413293
6.0	31.29035236627341	16.969124446875156	21.595130370549253	30.14539281630218	0.0
7.0	35.13588032351112	17.927436230982412	19.998868842260052	26.937107629658957	7.069735874667722E-4
8.0	24.753279024128535	26.909175620155583	21.341540894266473	26.99600446144941	0.0
9.0	27.572744378122778	19.68414598910508	16.622856780431427	36.119548135672055	7.047166686633639E-4
10.0	26.517450415754308	17.56447536101274	25.63313642796291	30.283529651977386	0.0014081432926614612
11.0	27.185497316271906	19.759695539313274	21.012570962273045	32.04223618214178	0.0
12.0	27.34385984646101	21.01881274429853	20.51474930401282	31.12257810522764	0.0
13.0	25.857575395682442	22.376693900203023	19.545623783798973	32.21940442152737	7.024987881895904E-4
14.0	30.833374312429314	20.16803771013495	20.03034794764979	28.968240029785946	0.0
15.0	29.480361646376156	18.838910002880247	19.759183415408607	31.9208424365468	7.024987881895904E-4
16.0	30.218687872763418	17.685406992672938	19.628518640805346	32.4673864937583	0.0
17.0	29.61594391249675	18.597250419743023	21.563200303479476	30.222902865492557	7.024987881895904E-4
18.0	32.196924460305304	18.234058546249006	18.845934990762142	30.723082002683544	0.0
19.0	31.33074345446754	18.718080211311637	20.02613295492065	29.92504337930017	0.0
20.0	29.939795853852154	17.107952988781093	21.424105543417937	31.52674061637244	0.0014049975763791808
21.0	28.4722758853241	17.98607647401808	19.77463838874878	33.76630675312085	7.024987881895904E-4
22.0	28.566410722941505	20.128697777996333	20.262875046540547	31.04201645252162	0.0
23.0	29.82528855137725	17.737391902998965	20.11464780223254	32.32126674581487	0.0014049975763791808
24.0	30.13719801333343	17.85541169941482	19.831540790592136	32.17584949665962	0.0
25.0	28.824227778207085	18.378773296616064	19.29342671883891	33.50357220633794	0.0
26.0	29.74941868225277	17.668547021756385	21.98188958124047	30.599442215962174	7.024987881895904E-4
27.0	30.030418197528608	18.07529382011816	19.813275822099207	32.081012160254026	0.0
28.0	29.834421035623716	17.820989258793528	20.654166871562147	31.689017836444233	0.0014049975763791808
29.0	29.704667434737402	18.27633686458538	19.41439289628235	32.60460280439486	0.0
30.0	29.81635262544085	17.17953041352274	19.431213028144274	33.57079627365847	0.0021076592336551027
31.0	29.454249100719426	18.761943570143885	19.91906474820144	31.862634892086334	0.002107688848920863
32.0	28.017931926136203	19.740577306838304	19.23325557210714	33.00823519491835	0.0
33.0	30.01546029515109	17.249472944483486	19.931131412508783	32.80393534785664	0.0
34.0	29.212235373499396	18.64966684472434	18.577975203126318	33.560122578649946	0.0
35.0	30.107322298092438	17.83466869613626	20.38771325285923	31.670295752912075	0.0
36.0	31.468787904431466	18.64051789794364	17.944486756367944	31.946207441256945	0.0
37.0	28.956209943815463	20.17561195968266	18.552189502809227	32.315282757841835	7.058358508145345E-4
38.0	29.902282892087246	18.125357695487207	19.835937003200712	32.136422409224835	0.0
39.0	31.11008914673836	18.11376821848026	18.813499363237582	31.962643271543794	0.0
40.0	28.63817429153678	20.5534214282164	19.5380344095489	31.269659809845702	7.100608522150347E-4
41.0	29.422928736550702	17.646051542566855	20.37158594708753	32.558720283113104	7.134906818116955E-4
42.0	27.837640594144414	19.110071262986178	20.64480123636988	32.40748690649953	0.0
43.0	30.517398446298298	19.067635518510283	20.210316407118622	30.203215000466255	0.0014346276065390327
44.0	28.437544918786834	19.783671122610322	20.408940635331323	31.369843323271525	0.0
45.0	30.190526937311883	19.144860957099034	20.09101513558663	30.570716744192744	0.002880225809703481
46.0	29.37820508197076	18.22614265003931	19.48184958924463	32.9138026787453	0.0
47.0	31.029551954242134	19.31637634688159	18.577577490828208	31.076494208048068	0.0
48.0	29.494317031552765	19.20351678861671	18.618590392457413	32.68357578737311	0.0
49.0	27.43862698240278	19.908030994279095	20.754580346151062	31.898761677167066	0.0
50.0	29.54179188989067	18.489481249183328	19.127575242824165	32.84115161810183	0.0
51.0	31.035538322497885	17.608087227777617	18.624092592052712	32.73155301594706	7.288417247310574E-4
52.0	28.02954330846991	18.699538111307124	21.318615358714034	31.95230322150893	0.0
53.0	30.799979425531447	18.07760983459597	19.923433584880705	31.19897715499188	0.0
54.0	30.66676495521728	18.840440824149496	19.089602299952084	31.403191920681138	0.0
55.0	29.173105788924957	19.090364608365807	18.32432472401121	33.41220487869803	0.0
56.0	30.901663045976584	18.229742053635643	20.79511837061532	30.073476529772453	0.0
57.0	27.4570124986996	20.118299225704817	19.15377413170449	33.2709141438911	0.0
58.0	30.055332553861735	17.580559879057784	22.129297954259417	30.234064894734097	7.447180869681782E-4
59.0	27.86349040400269	21.35389440669106	21.596594727802255	29.18527369128519	7.467702188036741E-4
60.0	30.4052585425083	19.273577622713066	20.552986411434482	29.767427916145135	7.495071990166465E-4
61.0	28.922244576561102	20.63958526422075	19.820512240884327	30.616150884252246	0.0015070340815757548
62.0	30.92456204158332	16.204461417227375	21.82442262229496	31.045796205370674	7.577135236709704E-4
63.0	25.774557559284766	20.69355158881644	24.95762647162119	28.573500893279785	7.634869978164272E-4
64.0	26.207373803390873	22.325939025796778	17.532582368997733	33.933335896351544	7.689054630733152E-4
65.0	27.63706216789825	19.187154343077566	18.673606915462194	34.50062741088441	0.001549162677572772
66.0	27.26302006204112	18.740159935153	18.691057037302613	35.301865910118316	0.0038970553849511313
67.0	33.57550393429261	14.777892723909842	17.759961127308067	33.88585849086178	7.837236276999279E-4
68.0	34.54886500921982	15.866026578495582	22.389839130158325	27.193679659184845	0.0015896229414382908
69.0	31.534623599810864	17.23761230046795	20.718722994896545	30.50904110482464	0.0
70.0	30.922422693943265	16.591708520728698	24.93743765640586	27.54843112892218	0.0
71.0	25.641367213951888	19.87211509641323	25.447097612149065	29.03942007748582	0.0
