# Position (bp)	A	C	G	T	N
0.0	25.81991870472941	23.902641549000016	24.774625213900812	25.50281453236976	0.0
1.0	26.76128390991576	20.839272755484128	15.724568535346659	36.67487479925345	0.0
2.0	28.255909166395483	19.969301037025943	17.678436522358503	34.09635327422007	0.0
3.0	23.295139922546014	22.23033473120564	15.318880143629796	39.15564520261855	0.0
4.0	33.6377264813979	13.48640881331577	15.102175695218445	37.77368901006788	0.0
5.0	34.42066788821842	15.00179395427815	23.640441677299286	26.937096480204147	0.0
6.0	30.891632678393588	17.639976079827534	21.436161936574706	30.032229305204172	0.0
7.0	35.00729135510616	17.39745530651606	20.403477365335355	27.19177597304242	0.0
8.0	22.90995382685348	27.02994837056775	22.28664416748188	27.773453635096885	0.0
9.0	27.167084553435433	18.777853388988472	15.958983465574079	38.096078592002016	0.0
10.0	26.349236436554275	17.093177206308802	25.011448799262208	31.546137557874708	0.0
11.0	27.983666443670085	18.513557354407435	19.512303214469824	33.990472987452655	0.0
12.0	25.98985829197153	19.949343260038635	20.82476631883165	33.23603212915819	0.0
13.0	26.46624728984331	21.104372184684145	18.985840708304163	33.443539817168386	0.0
14.0	30.383050827296852	18.637724306774487	20.0802826064393	30.89894225948936	0.0
15.0	29.304302465477576	18.580859219194767	20.37013339697721	31.744704918350447	0.0
16.0	29.660246449912965	17.9463837430312	18.686301365395217	33.70706844166062	0.0
17.0	30.293551625691123	17.889039024145983	19.770901229141554	32.04650812102134	0.0
18.0	31.769856784010702	17.81550195238719	19.333458293276127	31.081182970325976	0.0
19.0	30.095655749043086	18.68877626293158	20.07375962068454	31.14180836734079	0.0
20.0	29.540549661313147	17.823271979536244	20.33231926485183	32.30385909429877	0.0
21.0	29.07962397673059	18.625656783128182	20.312539269813136	31.98217997032809	0.0
22.0	29.52982510532224	19.04587136250016	22.91244790964207	28.51185562253554	0.0
23.0	29.55346133605713	20.203567037204234	21.363353904400274	28.87961772233837	0.0
24.0	32.6574241074589	19.493309814772143	17.80790459250812	30.041361485260836	0.0
25.0	28.845467973386985	21.130099607911003	20.010429103106723	30.01400331559529	0.0
26.0	31.43018189345777	16.64836713359094	22.544609068830354	29.376841904120937	0.0
27.0	25.792614713898963	20.778951936530582	25.125562679466046	28.302870670104408	0.0
28.0	26.530114994483277	20.079093120801666	19.124684378619417	34.266107506095636	0.0
29.0	27.56920743996407	20.384982782195397	17.459500412195144	34.58630936564539	0.0
30.0	26.37504167695579	19.19299961662005	16.331467038452335	38.10049166797182	0.0
31.0	34.0039973710844	14.932460473698503	18.75352913406235	32.310013021154745	0.0
32.0	34.23631595975326	15.617124601432659	22.53846032919445	27.608099109619626	0.0
33.0	31.345005969744506	17.526390560817497	21.12801505552443	30.00058841391357	0.0
34.0	32.965215491722574	16.951530060353935	21.926112600875708	28.157141847047782	0.0
35.0	26.546899457109944	20.774763172235705	25.28398120823766	27.394356162416695	0.0
