# Position (bp)	A	C	G	T	N
0.0	26.50279674533815	24.32999389934657	24.465354903675827	24.70185445163946	0.0
1.0	27.46323070025211	22.245305069422496	15.702435116243175	34.58902911408222	0.0
2.0	30.045869267296954	21.95375329012929	17.309416486715136	30.69096095585862	0.0
3.0	24.121211764982483	23.13397832271413	15.399278207509463	37.34553170479393	0.0
4.0	34.651694559372245	14.168019205016014	15.171292626998282	36.00899360861346	0.0
5.0	36.767169548399686	15.663827102483788	24.079639446168912	23.489363902947616	0.0
6.0	32.86097219961176	17.93020135490381	21.230626914828658	27.978199530655772	0.0
7.0	36.14708705083623	18.472362700944977	20.607684997499298	24.7728652507195	0.0
8.0	23.277322727932564	26.899871468090648	24.00975479026731	25.813051013709483	0.0
9.0	26.980064330602644	20.36975109945619	15.514571357542625	37.13561321239854	0.0
10.0	26.919236472266316	16.749670736158137	25.00565669697089	31.325436094604658	0.0
11.0	27.55117033387148	20.91158920567045	20.04013463232645	31.497105828131623	0.0
12.0	25.097868203956104	21.86535239312075	20.314300776422066	32.722478626501086	0.0
13.0	27.5308943810927	22.479037897225016	19.254221071357836	30.735846650324444	0.0
14.0	30.628766111301463	19.774931047067835	19.40488021613578	30.191422625494923	0.0
15.0	30.952152865403527	19.13174256239851	21.386428511398318	28.52967606079965	0.0
16.0	27.416673180438938	19.683659874124533	19.679986694273307	33.219680251163226	0.0
17.0	29.214533097701295	18.827808968788553	20.891283867452863	31.06637406605729	0.0
18.0	32.18551850312926	17.393652627675323	20.365166971001862	30.05566189819356	0.0
19.0	31.608711724731315	19.223307589729906	20.51867650334436	28.649304182194424	0.0
20.0	31.01086497214554	17.814569653187174	20.34086521310614	30.833700161561143	0.0
21.0	30.169001535683034	20.16234867233649	19.18639947858477	30.482250313395703	0.0
22.0	31.966214973291574	19.231888137862374	22.246481534484104	26.555415354361944	0.0
23.0	29.4898746593493	20.571570293202033	22.67365765846245	27.26489738898622	0.0
24.0	34.80132210966293	19.74134349050821	17.618950787030208	27.83838361279865	0.0
25.0	30.899376617301087	20.929837563171347	20.461815679247355	27.708970140280208	0.0
26.0	31.676592088381994	17.539286862416787	23.52645247816221	27.257668571039005	0.0
27.0	27.53359784146321	21.40229664835562	24.231908707669543	26.832196802511632	0.0
28.0	28.43678868872181	20.20134314963712	20.298168170515474	31.0636999911256	0.0
29.0	28.493385043869523	22.05744500662054	17.75018615675486	31.69898379275508	0.0
30.0	28.139815309830595	19.942304929545955	15.86314156988999	36.05473819073346	0.0
31.0	35.3245932805309	15.642352552199723	18.307025597274663	30.726028569994718	0.0
32.0	33.8699636280608	15.75656547097707	24.754978472354768	25.618492428607357	0.0
33.0	31.46568366671841	18.199826086170233	20.5645116321828	29.76997861492856	0.0
34.0	32.70899006039073	18.435118987276592	21.7471635023083	27.10872745002438	0.0
35.0	27.821201183766686	22.155778377800285	24.504152143832524	25.518868294600498	0.0
