# Position (bp)	A	C	G	T	N
0.0	67.28797763280522	8.313140726933831	10.773532152842497	13.625349487418454	0.0
1.0	10.506706408345751	66.71013412816691	12.1274217585693	10.655737704918032	0.0
2.0	14.774408284023668	63.83136094674556	8.764792899408285	12.629437869822485	0.0
3.0	67.1578559587401	10.941241480935716	9.393995210904402	12.506907349419782	0.0
4.0	67.87555228276878	9.167893961708394	7.80559646539028	15.150957290132547	0.0
5.0	14.409274935590725	62.60581523739418	9.348546190651454	13.636363636363635	0.0
6.0	14.272576788670222	63.56446569799522	8.405370608791612	13.757586904542945	0.0
7.0	68.75689591761677	9.157778595071719	8.86355277675616	13.221772710555351	0.0
8.0	67.46279625206687	11.207054932941393	9.259599485577805	12.070549329413927	0.0
9.0	13.356604813521955	62.37369097923939	8.928899503950028	15.340804703288628	0.0
10.0	13.071415458050303	7.582155314852212	9.014136221773454	70.33229300532403	0.0
11.0	12.385321100917432	9.486238532110091	9.137614678899082	68.9908256880734	0.0
12.0	12.247891455812248	8.81921525485882	10.029336266960028	68.9035570223689	0.0
13.0	13.227222832052691	61.306256860592754	10.04390779363337	15.422612513721184	0.0
14.0	12.790060295998536	8.752055545404716	63.84067239174127	14.617211766855473	0.0
15.0	65.2332361516035	9.748542274052479	10.295189504373178	14.723032069970845	0.0
16.0	12.295380138232085	9.785376500545654	9.567115314659876	68.35212804656238	0.0
17.0	13.460490463215258	61.18074477747503	9.827429609445957	15.531335149863759	0.0
18.0	12.880986937590711	10.55878084179971	8.925979680696662	67.63425253991292	0.0
19.0	13.043478260869565	62.86231884057971	9.31159420289855	14.782608695652174	0.0
20.0	13.406911525239732	9.951148905373621	9.516916953139134	67.1250226162475	0.0
21.0	13.69219653179191	9.953034682080924	10.36849710982659	65.98627167630057	0.0
22.0	13.23343563820184	8.358909550460373	62.15923451886623	16.248420292471565	0.0
23.0	14.076881429344883	9.510918606749684	9.655296877819888	66.75690308608554	0.0
24.0	66.6786938480967	8.695652173913043	9.056467616814	15.569186361176257	0.0
25.0	15.02254283137962	8.818755635707845	60.21641118124437	15.94229035166817	0.0
26.0	66.37231933681744	8.956568751126328	8.740313570012614	15.930798342043612	0.0
27.0	12.27027027027027	11.621621621621623	7.4774774774774775	68.63063063063063	0.0
28.0	12.610340479192939	61.44838767789588	7.1338497568005765	18.807422086110613	0.0
29.0	15.647482014388489	7.715827338129497	8.147482014388489	68.48920863309353	0.0
30.0	14.967579250720462	8.861671469740633	59.834293948126806	16.336455331412104	0.0
31.0	14.290882778581764	8.122286541244573	8.954413892908827	68.63241678726484	0.0
32.0	13.614938361131253	9.100797679477884	8.375634517766498	68.90862944162437	0.0
33.0	14.033812034175606	61.879658243955646	8.434830030903472	15.651699690965279	0.0
34.0	14.77231329690346	9.107468123861565	9.289617486338798	66.83060109289617	0.0
35.0	13.272561531449407	61.96900638103919	9.042844120328168	15.715587967183229	0.0
36.0	13.947128532360983	8.78760255241568	8.277119416590702	68.98814949863264	0.0
37.0	67.10502283105023	9.223744292237443	9.351598173515981	14.319634703196346	0.0
38.0	67.81210016450375	9.687442880643392	7.877901663315664	14.622555291537195	0.0
39.0	66.65449899616719	10.147837196568716	6.698302609965322	16.499361197298775	0.0
40.0	12.506846813949243	61.74913273689976	11.009676830381595	14.7343436187694	0.0
41.0	13.332107392423683	8.238322912835601	64.45384332475174	13.975726369988967	0.0
42.0	66.93756926486886	8.625785001847062	9.013668267454747	15.422977465829332	0.0
43.0	67.1489519569653	9.794101279910963	9.88684845112224	13.170098312001485	0.0
44.0	15.304022450888679	61.27221702525725	8.41908325537886	15.004677268475211	0.0
45.0	26.602564102564102	14.262820512820513	14.134615384615385	45.0	0.0
46.0	28.736920777279522	15.919282511210762	18.19880418535127	37.14499252615845	0.0
47.0	31.427429028388644	17.273090763694523	18.152738904438227	33.14674130347861	0.0
48.0	26.878264363198074	20.530333467255925	18.280433909200482	34.31096826034552	0.0
49.0	28.200972447325768	20.056726094003242	18.92220421393841	32.82009724473258	0.0
50.0	27.682227682227683	22.358722358722357	16.871416871416873	33.08763308763309	0.0
51.0	28.78975629904998	18.75258157786039	17.926476662536142	34.531185460553495	0.0
52.0	30.679933665008292	17.66169154228856	19.5273631840796	32.13101160862355	0.0
53.0	31.343906510851422	18.363939899833053	19.28213689482471	31.010016694490815	0.0
54.0	29.298024379991595	22.404371584699454	18.327028163093736	29.970575872215218	0.0
55.0	31.789473684210527	18.821052631578947	19.66315789473684	29.726315789473684	0.0
56.0	28.378947368421052	19.326315789473682	20.46315789473684	31.83157894736842	0.0
57.0	29.25170068027211	17.602040816326532	20.79081632653061	32.355442176870746	0.0
58.0	29.391602399314483	18.1662382176521	19.408740359897173	33.03341902313625	0.0
59.0	27.210004312203534	19.103061664510566	23.15653298835705	30.53040103492885	0.0
60.0	27.514148889856333	19.024814976055726	20.330866347409664	33.13016978667827	0.0
61.0	27.80445220427761	18.463553033609777	22.304670449585334	31.427324312527283	0.0
62.0	27.45955400087451	21.163095758635766	20.507214691735896	30.870135548753826	0.0
63.0	32.95404814004376	16.717724288840262	21.00656455142232	29.321663019693656	0.0
64.0	31.241772707327776	19.964896884598506	21.193505923650726	27.599824484422992	0.0
65.0	28.77254729432468	20.501539815222174	21.029476462824462	29.696436427628687	0.0
66.0	29.74404236540159	15.62224183583407	21.932921447484553	32.70079435127979	0.0
67.0	29.07079646017699	16.68141592920354	20.884955752212388	33.36283185840708	0.0
68.0	25.50930026572188	21.479185119574844	18.55624446412755	34.45527015057573	0.0
69.0	26.04444444444444	20.177777777777777	22.711111111111112	31.066666666666663	0.0
70.0	27.760393383996423	23.15601251676352	18.506928922664283	30.576665176575773	0.0
71.0	28.821942446043163	20.323741007194247	18.165467625899282	32.688848920863315	0.0
72.0	27.305443094916782	19.568151147098515	19.973009446693656	33.15339631129105	0.0
73.0	28.043282236248874	19.92786293958521	20.649233543733093	31.379621280432822	0.0
74.0	30.148715637674627	17.665615141955836	21.766561514195583	30.419107706173953	0.0
75.0	29.40379403794038	19.467028003613372	21.680216802168022	29.44896115627823	0.0
76.0	28.35820895522388	21.07643600180914	19.17684305744007	31.38851198552691	0.0
77.0	29.86425339366516	20.271493212669682	18.235294117647058	31.628959276018097	0.0
78.0	28.765880217785845	21.73321234119782	18.058076225045372	31.442831215970962	0.0
79.0	28.47411444141689	21.34423251589464	18.755676657584015	31.42597638510445	0.0
80.0	29.064486830154408	17.120799273387828	20.89009990917348	32.92461398728428	0.0
81.0	27.73722627737226	18.15693430656934	19.06934306569343	35.03649635036496	0.0
82.0	32.449725776965266	17.687385740402195	21.572212065813527	28.29067641681901	0.0
83.0	27.41046831955923	19.742883379247015	21.074380165289256	31.772268135904504	0.0
84.0	28.676470588235293	18.520220588235293	20.036764705882355	32.76654411764706	0.0
85.0	33.37937384898711	17.449355432780848	20.073664825046038	29.097605893186003	0.0
86.0	29.617687701520033	17.227084292952558	23.353293413173652	29.801934592353753	0.0
87.0	32.50345781466113	19.08713692946058	20.885200553250346	27.52420470262794	0.0
88.0	33.75	18.37962962962963	16.712962962962962	31.157407407407405	0.0
89.0	30.241187384044526	16.883116883116884	17.996289424860855	34.87940630797773	0.0
90.0	30.76923076923077	17.377201112140874	20.389249304911957	31.464318813716403	0.0
91.0	32.01856148491879	19.721577726218097	17.03016241299304	31.22969837587007	0.0
92.0	28.604651162790695	20.604651162790695	17.953488372093023	32.83720930232558	0.0
93.0	32.86778398510242	16.899441340782122	19.41340782122905	30.819366852886404	0.0
94.0	30.396270396270396	18.08857808857809	19.34731934731935	32.16783216783217	0.0
95.0	30.67599067599068	16.317016317016318	19.953379953379955	33.05361305361305	0.0
96.0	28.304530593180754	18.075665576833256	18.963101354507238	34.656702475478745	0.0
97.0	30.93121197941039	19.138979878334116	18.10949929808142	31.82030884417408	0.0
98.0	30.63529411764706	21.36470588235294	17.741176470588236	30.258823529411767	0.0
99.0	32.95668549905838	17.419962335216574	17.65536723163842	31.96798493408663	0.0
100.0	33.57007575757576	14.820075757575758	19.176136363636363	32.433712121212125	0.0
101.0	31.653992395437264	19.43916349809886	18.44106463878327	30.46577946768061	0.0
102.0	32.50714966634891	15.586272640610105	20.400381315538606	31.506196377502384	0.0
103.0	26.23264719961704	17.807563427477263	20.15318334131163	35.806606031594065	0.0
104.0	27.06333973128599	18.234165067178505	20.969289827255277	33.73320537428023	0.0
105.0	29.788257940327238	20.019249278152067	18.816169393647737	31.376323387872958	0.0
106.0	31.982633863965265	17.99324650265316	18.427399903521465	31.596719729860105	0.0
107.0	31.752178121974833	17.81219748305905	17.909002904162634	32.526621490803485	0.0
108.0	32.63821532492726	18.089233753637245	17.55577109602328	31.71677982541222	0.0
109.0	28.04463852498787	21.251819505094613	20.038816108685104	30.664725861232412	0.0
110.0	26.945525291828794	19.017509727626457	20.136186770428015	33.900778210116734	0.0
111.0	29.40029254022428	19.063871282301317	20.185275475377864	31.350560702096537	0.0
112.0	26.112469437652813	19.559902200489	21.271393643031786	33.0562347188264	0.0
113.0	30.30897498773909	18.734673859735164	18.68563021088769	32.27072094163806	0.0
114.0	29.35103244837758	18.141592920353983	19.76401179941003	32.743362831858406	0.0
115.0	27.290640394088673	18.571428571428573	20.64039408866995	33.497536945812804	0.0
116.0	28.55022266204849	19.198416625432955	19.445818901533894	32.805541810984664	0.0
117.0	32.34274393263992	18.67261020307083	18.7221396731055	30.262506191183753	0.0
118.0	27.896568871208355	17.105917454002984	21.332670313276978	33.664843361511686	0.0
119.0	22.85856573705179	21.56374501992032	27.73904382470119	27.838645418326692	0.0
120.0	28.265204386839482	21.68494516450648	21.934197407776672	28.11565304087737	0.0
121.0	29.235382308845576	18.4407796101949	19.04047976011994	33.28335832083958	0.0
122.0	31.947921882824236	17.1256885327992	20.73109664496745	30.195292939409114	0.0
123.0	32.93051359516616	18.12688821752266	18.07653575025176	30.866062437059416	0.0
124.0	30.963187090267276	18.406454866364093	20.32274331820474	30.307614725163894	0.0
125.0	27.67676767676768	19.696969696969695	20.151515151515152	32.474747474747474	0.0
126.0	31.288032454361055	18.50912778904665	18.30628803245436	31.896551724137932	0.0
127.0	28.60050890585242	19.796437659033078	21.22137404580153	30.38167938931298	0.0
128.0	31.237218813905933	17.484662576687114	19.37627811860941	31.901840490797547	0.0
129.0	29.580348004094166	19.1914022517912	17.809621289662232	33.4186284544524	0.0
130.0	31.19218910585817	18.859198355601233	17.36896197327852	32.57965056526208	0.0
131.0	30.221763795771018	19.855595667870034	18.824136152656006	31.09850438370294	0.0
132.0	28.971962616822427	19.158878504672895	21.339563862928348	30.529595015576323	0.0
133.0	29.843750000000004	21.927083333333332	20.0	28.229166666666668	0.0
134.0	26.227795193312435	20.637408568443053	21.525600835945664	31.60919540229885	0.0
135.0	26.910994764397905	18.376963350785342	20.0	34.71204188481675	0.0
136.0	26.76130389064143	18.664563617245005	20.977917981072554	33.59621451104101	0.0
137.0	29.6998420221169	16.692996313849395	19.483938915218534	34.12322274881517	0.0
138.0	28.850210970464136	17.088607594936708	21.09704641350211	32.96413502109704	0.0
139.0	29.071618037135277	17.771883289124666	21.220159151193634	31.93633952254642	0.0
140.0	29.718234981392875	17.650186071238704	20.414673046251995	32.21690590111643	0.0
141.0	32.33724653148346	17.822838847385274	19.903948772678763	29.935965848452504	0.0
142.0	31.9935691318328	16.023579849946408	18.70310825294748	33.27974276527331	0.0
143.0	33.153928955866526	19.106566200215287	17.115177610333692	30.6243272335845	0.0
144.0	33.36938885884262	16.87398593834505	17.52298539751217	32.233639805300164	0.0
145.0	29.4341675734494	18.33514689880305	19.640914036996733	32.58977149075082	0.0
146.0	27.55046372067649	20.621931260229132	18.657937806873978	33.1696672122204	0.0
147.0	28.688524590163933	18.360655737704917	17.868852459016395	35.08196721311476	0.0
148.0	26.41405820977485	23.28390993959363	19.16529379461834	31.13673805601318	0.0
149.0	29.337016574585633	19.502762430939228	17.34806629834254	33.812154696132595	0.0
150.0	28.86426592797784	19.2797783933518	18.005540166204987	33.850415512465375	0.0
151.0	29.07170650361312	19.232907170650364	19.510839355197334	32.18454697053919	0.0
152.0	27.39955357142857	20.926339285714285	17.522321428571427	34.151785714285715	0.0
153.0	31.21841661987647	18.472768107804605	19.034250421111736	31.274564851207188	0.0
154.0	31.380281690140844	15.71830985915493	20.056338028169012	32.84507042253521	0.0
155.0	30.37831733483907	20.7227555053642	17.108977978543198	31.78994918125353	0.0
156.0	32.992036405005685	15.073947667804324	18.543799772468713	33.39021615472127	0.0
157.0	29.46887492861222	17.475728155339805	19.87435750999429	33.181039406053685	0.0
158.0	28.349626221966645	22.369177688326623	16.791259344450836	32.489936745255896	0.0
159.0	34.44700460829493	15.149769585253456	19.758064516129032	30.64516129032258	0.0
160.0	27.803468208092486	18.4393063583815	22.947976878612717	30.809248554913292	0.0
161.0	28.380731282646547	18.630295995356935	22.28670922809054	30.702263493905978	0.0
162.0	31.137026239067055	17.60932944606414	19.825072886297377	31.428571428571427	0.0
163.0	31.415149735760423	17.968291250733998	16.38285378743394	34.233705226071635	0.0
164.0	29.917550058892818	16.07773851590106	23.616018845700825	30.3886925795053	0.0
165.0	30.555555555555557	19.2080378250591	21.631205673758867	28.60520094562648	0.0
166.0	26.820603907637658	20.071047957371228	19.59739490822972	33.510953226761394	0.0
167.0	26.551312649164675	19.51073985680191	23.15035799522673	30.787589498806682	0.0
168.0	27.375971309025704	19.964136282127914	18.589360430364614	34.070531978481775	0.0
169.0	27.51798561151079	18.28537170263789	19.304556354916066	34.89208633093525	0.0
170.0	30.94521372667068	18.242022877784468	18.302227573750756	32.5105358217941	0.0
171.0	31.053268765133176	17.070217917675546	17.433414043583532	34.44309927360775	0.0
172.0	30.04265691651432	19.500304692260816	17.12370505789153	33.33333333333333	0.0
173.0	28.8249694002448	19.033047735618112	21.41982864137087	30.722154222766218	0.0
174.0	30.19680196801968	19.311193111931118	17.589175891758916	32.902829028290284	0.0
175.0	28.6509900990099	17.883663366336634	20.792079207920793	32.67326732673268	0.0
176.0	27.975077881619935	20.062305295950157	18.940809968847354	33.021806853582554	0.0
177.0	28.150470219435736	21.442006269592476	17.93103448275862	32.476489028213166	0.0
178.0	27.410207939508506	20.730938878386894	20.730938878386894	31.12791430371771	0.0
179.0	26.017811704834603	18.25699745547074	23.66412213740458	32.06106870229007	0.0
180.0	31.186224489795915	16.007653061224488	19.706632653061224	33.099489795918366	0.0
181.0	28.516624040920718	20.076726342710998	19.62915601023018	31.77749360613811	0.0
182.0	31.258023106546855	18.934531450577662	20.73170731707317	29.07573812580231	0.0
183.0	29.857512953367877	20.33678756476684	18.199481865284977	31.606217616580313	0.0
184.0	29.8371335504886	20.846905537459286	18.371335504885995	30.944625407166125	0.0
185.0	28.852459016393446	20.19672131147541	24.459016393442624	26.491803278688526	0.0
186.0	29.947229551451187	18.139841688654354	21.701846965699207	30.21108179419525	0.0
187.0	31.515957446808514	21.07712765957447	17.220744680851062	30.186170212765955	0.0
188.0	30.944407233757538	20.093770931011388	19.624916275954455	29.336905559276627	0.0
189.0	31.266846361185983	18.39622641509434	18.463611859838274	31.8733153638814	0.0
190.0	28.822733423545333	19.688768606224627	20.56833558863329	30.92016238159675	0.0
191.0	27.705922396187884	20.966643975493533	19.400953029271616	31.926480599046968	0.0
192.0	32.35494880546075	18.771331058020476	19.522184300341298	29.351535836177472	0.0
193.0	28.983516483516485	19.642857142857142	22.664835164835164	28.708791208791208	0.0
194.0	27.42935906271537	22.2605099931082	21.915920055134393	28.394210889042036	0.0
195.0	28.591352859135288	20.711297071129707	19.246861924686193	31.450488145048816	0.0
196.0	29.075511644318986	19.689484827099506	20.324629498941427	30.910374029640085	0.0
197.0	28.26552462526767	20.842255531763026	20.41399000713776	30.47822983583155	0.0
198.0	27.81456953642384	23.98822663723326	19.72038263428992	28.47682119205298	0.0
199.0	28.56006364359586	24.423229912490054	18.77486077963405	28.241845664280028	0.0
200.0	29.071969696969695	16.571969696969695	20.833333333333336	33.52272727272727	0.0
201.0	30.59418457648546	19.469026548672566	16.308470290771176	33.6283185840708	0.0
202.0	38.75476493011436	17.15374841168996	18.80559085133418	25.285895806861497	0.0
203.0	33.24742268041237	18.427835051546392	22.29381443298969	26.03092783505155	0.0
204.0	34.193548387096776	17.290322580645164	24.64516129032258	23.870967741935484	0.0
205.0	34.11458333333333	17.057291666666664	23.697916666666664	25.130208333333332	0.0
206.0	30.698287220026348	20.158102766798418	22.134387351778656	27.009222661396574	0.0
207.0	27.866666666666667	22.133333333333333	17.333333333333336	32.666666666666664	0.0
208.0	27.200000000000003	18.8	20.4	33.6	0.0
209.0	22.88021534320323	21.80349932705249	21.265141318977122	34.05114401076716	0.0
210.0	25.745257452574528	19.51219512195122	18.157181571815716	36.58536585365854	0.0
211.0	29.25170068027211	19.047619047619047	20.816326530612244	30.8843537414966	0.0
212.0	27.671232876712327	19.041095890410958	21.91780821917808	31.36986301369863	0.0
213.0	25.41436464088398	20.027624309392262	19.337016574585636	35.22099447513812	0.0
214.0	28.551532033426184	24.651810584958216	18.245125348189415	28.551532033426184	0.0
215.0	28.81118881118881	23.916083916083917	15.804195804195803	31.46853146853147	0.0
216.0	27.84090909090909	18.75	18.323863636363637	35.08522727272727	0.0
217.0	25.32561505065123	15.629522431259044	27.206946454413895	31.83791606367583	0.0
218.0	24.51708766716196	20.950965824665676	21.2481426448737	33.28380386329866	0.0
219.0	19.24342105263158	21.875	23.519736842105264	35.36184210526316	0.0
220.0	0.0	31.31578947368421	23.94736842105263	44.73684210526316	0.0
