# Position (bp)	A	C	G	T	N
0.0	26.732967320261437	21.9440522875817	27.384261437908496	23.938718954248365	0.0
1.0	26.809105754486584	20.53774663493361	17.576986203590923	35.07616140698888	0.0
2.0	27.574413586347763	20.20738617645121	18.860982078144563	33.357218159056465	0.0
3.0	24.741890620526036	22.374319957458994	17.23974311776496	35.64404630425001	0.0
4.0	32.29695792459424	15.944685104965012	16.80842158304955	34.94993538739119	0.0
5.0	32.92410240872595	17.392516285411304	22.145533505024492	27.537847800838257	0.0
6.0	31.68215379978904	18.36516148475564	20.700587673916317	29.252097041539006	0.0
7.0	31.773255639503834	18.967176157356008	20.065371636151237	29.19419656698892	0.0
8.0	25.4278841058477	24.35344956876641	20.698812382893035	29.51985394249286	0.0
9.0	29.305637175535594	19.320348760508992	17.209955905222213	34.164058158733205	0.0
10.0	27.60457048766256	18.342298992062794	22.646214840096874	31.406915680177764	0.0
11.0	28.306900506279543	19.348709526606648	19.36229556016415	32.982094406949656	0.0
12.0	27.813722885525433	19.875791286213392	20.955875743344606	31.354610084916573	0.0
13.0	27.754332495161705	21.64260335175447	18.55907711911291	32.043987033970915	0.0
14.0	29.887596024625434	19.16758356413856	20.144453785372107	30.800366625863894	0.0
15.0	30.013256350670403	19.065586992804835	19.588853485382078	31.332303171142684	0.0
16.0	29.82895918571001	18.504939626783752	19.20866181019858	32.45743937730766	0.0
17.0	29.420802273053777	19.113644707647612	19.71403259533577	31.751520423962837	0.0
18.0	30.858338619652343	18.473989315651096	19.359497620159026	31.308174444537535	0.0
19.0	29.898553990535426	19.160672371467488	19.314027947009567	31.62674569098752	0.0
20.0	29.818241264436335	18.93843488523701	19.22491870996553	32.018405140361125	0.0
21.0	30.06761336001722	18.301652859614574	19.917038088327924	31.713695692040282	0.0
22.0	29.565652398348952	19.139356759762506	19.346435710854802	31.94855513103374	0.0
23.0	29.445280349153524	18.478033420688146	20.19829209721295	31.878394132945388	0.0
24.0	29.928818247398436	19.204525979745483	19.42373070500225	31.442925067853828	0.0
25.0	29.494097673343482	19.05403358866243	19.76043966554811	31.691429072445978	0.0
26.0	30.01859087911146	18.44203252307919	19.803371066375217	31.73600553143413	0.0
27.0	28.96427361667364	18.982605057086495	19.82684759001335	32.22627373622651	0.0
28.0	29.396199948992603	19.146901300688597	19.809001211425656	31.647897538893137	0.0
29.0	29.121620409765665	19.277838337661095	19.533717683773784	32.06682356879946	0.0
30.0	29.900387879029605	19.308398727677016	19.185952596994685	31.605260796298694	0.0
31.0	29.900016756968107	18.969286871314463	19.276098977824947	31.854597393892487	0.0
32.0	29.36259622713795	19.005183993870197	19.395280530291846	32.23693924870001	0.0
33.0	29.614226387306253	18.771415514361493	20.11626491477698	31.49809318355528	0.0
34.0	29.680290572363692	19.064021713099706	19.771892711742638	31.48379500279396	0.0
35.0	29.730578383470302	19.202715216291296	19.395716374298246	31.670990025940153	0.0
36.0	29.972044368292906	18.80121441668921	19.423252272021323	31.80348894299656	0.0
37.0	29.421331293406176	19.774443487392006	18.871133223707325	31.93309199549449	0.0
38.0	29.614381306554087	18.886727902799873	19.61379804143596	31.885092749210074	0.0
39.0	28.85713767656071	19.29792750811409	20.438029732512152	31.406905082813047	0.0
40.0	29.501788121705296	19.4445117176463	19.992048307540788	31.06165185310762	0.0
41.0	29.768515617261365	19.07466892537959	19.629374319000075	31.52744113835897	0.0
42.0	29.658617784761937	19.73346347627456	19.989631765677903	30.618286973285596	0.0
43.0	30.096008146391632	19.192298252055362	19.22515969240069	31.486533909152314	0.0
44.0	29.85494053557604	19.2517215524756	19.814566091562817	31.078771820385537	0.0
45.0	29.298079565230665	19.734986108142767	19.92814907540276	31.038785251223803	0.0
46.0	29.544449088184628	19.391239640778384	19.592053088143853	31.472258182893142	0.0
47.0	29.202536918452694	19.288257971772087	19.897371602195506	31.611833507579718	0.0
48.0	29.8569786797214	18.909528892597	20.049773218981713	31.183719208699884	0.0
49.0	29.897960855637756	19.483291141314588	19.618264638172718	31.000483364874942	0.0
50.0	29.405331987410698	19.403034070718387	19.761468040492574	31.430165901378338	0.0
51.0	30.117067235560818	19.336851927211143	19.719540116491764	30.826540720736272	0.0
52.0	29.679209894030762	19.51279269189038	19.713530997082604	31.09446641699625	0.0
53.0	30.263594796988073	19.063342359751935	19.598327809550128	31.07473503370986	0.0
54.0	29.445026351073565	19.099415132189215	20.24518584169523	31.21037267504199	0.0
55.0	29.396620944844088	18.920059932286453	19.29670620762729	32.38661291524217	0.0
56.0	29.514785687338573	19.21745511228665	20.074788672252325	31.192970528122448	0.0
57.0	29.07046277532308	19.1986977176838	19.976080528886083	31.754758978107038	0.0
58.0	29.21458129717815	19.36222420927863	19.678304809831772	31.744889683711452	0.0
59.0	29.643313083518514	18.750065081252643	20.108753376415386	31.49786845881346	0.0
60.0	29.64939437812668	19.1439515001815	19.870781195889364	31.335872925802455	0.0
61.0	29.942469766848962	19.041190643866333	20.11614712526461	30.900192464020094	0.0
62.0	29.437635410234137	19.05445715541693	19.696890405367217	31.811017028981713	0.0
63.0	28.902103782110828	19.05439890292156	20.192156476264568	31.851340838703045	0.0
64.0	28.72787763966545	19.59223023637792	19.877463232668628	31.802428891288002	0.0
65.0	29.343316615053183	18.466616736232663	20.352893160091558	31.837173488622593	0.0
66.0	29.42672341142761	19.170739929209507	20.704744648575762	30.697792010787122	0.0
67.0	29.04619734357362	18.624945932544914	20.094947726001962	32.2339089978795	0.0
68.0	29.16649935647216	18.916759832027612	19.73020438613361	32.18653642536662	0.0
69.0	29.37785896781869	18.963119447437325	20.021929778140922	31.637091806603063	0.0
70.0	28.626947948690766	18.97445139404219	20.142478532810344	32.256122124456695	0.0
71.0	29.6318316265105	18.54664902867165	20.111773361673034	31.709745983144817	0.0
72.0	29.89934306088118	19.079306949433338	19.91276256829381	31.108587421391675	0.0
73.0	29.36480721431447	19.10455772069238	19.493260008817686	32.03737505617546	0.0
74.0	29.41320757534068	19.12605020508194	19.850822354037756	31.60991986553962	0.0
75.0	29.512329024636685	18.78929255772521	20.242115854166535	31.456262563471565	0.0
76.0	29.46913957951353	19.171992101170062	19.683105446812334	31.67576287250407	0.0
77.0	29.63038354403257	18.56395971716306	20.60724233983287	31.1984143989715	0.0
78.0	29.53286710885748	18.955908955329573	19.941932950368336	31.569290985444614	0.0
79.0	30.2664489234604	18.582233873393786	19.591301731918005	31.560015471227814	0.0
80.0	30.044864277491474	18.85891959934156	19.668843534487397	31.42737258867957	0.0
81.0	29.491991398887375	18.99053274326368	19.891150247993004	31.626325609855943	0.0
82.0	30.223571447065222	18.878647438055047	19.056218660728927	31.841562454150807	0.0
83.0	29.531352621936463	19.188141657160635	19.51437139202876	31.76613432887414	0.0
84.0	30.02103185937216	18.82805805831797	19.596413332294723	31.554496750015147	0.0
85.0	29.758607987171988	18.5796008580901	19.57507204923184	32.08671910550608	0.0
86.0	29.65432977564422	18.685463534048345	20.03033946343856	31.629867226868875	0.0
87.0	29.86101904875743	18.837297749573494	20.118226172753648	31.183457028915427	0.0
88.0	30.141794584996234	19.14683878155887	19.338770678376978	31.372595955067915	0.0
89.0	29.979278201583227	19.153609318926126	20.220422410919145	30.646690068571502	0.0
90.0	30.257111812219357	18.793991996893013	19.89038274400967	31.05851344687796	0.0
91.0	30.05277016027707	18.718657474680157	19.76226114127763	31.466311223765146	0.0
92.0	29.11653045371495	18.97637881423617	19.59759740046608	32.30949333158281	0.0
93.0	29.28388634730329	19.032532295665284	20.677989868713958	31.005591488317467	0.0
94.0	29.82693282483285	19.04726377438729	19.46287076027113	31.662932640508735	0.0
95.0	29.461956820304348	18.99686864802505	20.481239356150084	31.05993517552052	0.0
96.0	29.79988338449014	19.110861744612034	20.321682783810246	30.76757208708758	0.0
97.0	29.35540875819125	19.265685112308798	19.815220409044638	31.563685720455315	0.0
98.0	29.351931936525865	18.871242476126596	20.699698162498017	31.07712742484952	0.0
99.0	30.02724145473345	19.00295833802823	20.22274805078885	30.747052156449463	0.0
100.0	29.575666657816246	18.94830470222765	20.075848091407128	31.400180548548974	0.0
101.0	29.342512863011695	18.753850040106894	20.95707011393903	30.946566982942386	0.0
102.0	29.679157438762964	18.84400811315814	20.06808306666726	31.408751381411637	0.0
103.0	29.451579775670524	18.841275557156003	20.313465548131255	31.393679119042222	0.0
104.0	30.106667616406156	18.408622447389625	19.84614220271299	31.63856773349123	0.0
105.0	29.799509977683698	19.150999551890422	20.12301834128115	30.926472129144734	0.0
106.0	29.070348954030944	18.90491393360273	20.204951887656	31.819785224710323	0.0
107.0	29.122963923576563	18.777180292680747	20.12789410725665	31.971961676486043	0.0
108.0	28.88109116396346	19.223009210222834	20.875609368317104	31.0202902574966	0.0
109.0	29.26431605434427	18.95276498212596	20.20663918654042	31.57627977698936	0.0
110.0	29.71046390455999	18.440745265729994	20.830788026878437	31.018002802831578	0.0
111.0	29.667044565012013	19.00761195238481	20.16470069551291	31.16064278709027	0.0
112.0	29.323675851037468	19.12767251672787	19.400725437628136	32.14792619460653	0.0
113.0	30.030849361686762	18.25460765795347	19.793013646385525	31.92152933397424	0.0
114.0	29.53754834393076	18.635045422386376	19.96347221876886	31.863934014914	0.0
115.0	29.898356817610605	18.483481001623485	20.350373491711633	31.26778868905428	0.0
116.0	29.83642326727059	19.000031753664146	19.796595099956	31.366949879109264	0.0
117.0	30.13343815108752	18.94058332897855	19.761933433152553	31.16404508678138	0.0
118.0	29.838136866548286	18.814141966033784	19.642353048308518	31.705368119109412	0.0
119.0	29.9880950751926	18.726537947517983	19.44402632767279	31.841340649616622	0.0
120.0	30.084951012648975	18.323417050522774	20.25663522702347	31.33499670980478	0.0
121.0	30.008766930132374	18.664862922294784	19.640441413787656	31.685928733785186	0.0
122.0	29.521236955489872	18.82995530872294	19.710022632268064	31.938785103519123	0.0
123.0	29.17705220066115	19.537974872559445	19.679256422567374	31.60571650421203	0.0
124.0	29.228456590899675	19.149313308870585	19.466300799720074	32.15592930050967	0.0
125.0	29.038551566207826	19.244880969127845	20.056869152520484	31.659698312143846	0.0
126.0	29.583244757054523	18.99914966772342	19.888301461277532	31.529304113944523	0.0
127.0	29.732432876699644	18.933898858377187	19.28465094957736	32.04901731534581	0.0
128.0	29.499635769732237	18.591055247003798	20.18995652436167	31.7193524589023	0.0
129.0	29.307964108047795	18.832814170812217	19.8747036124413	31.984518108698683	0.0
130.0	29.71612286975666	18.81393642177362	19.65333675026501	31.816603958204716	0.0
131.0	29.298368096984866	19.322721721892343	20.172880382372927	31.206029798749864	0.0
132.0	30.577839350738095	18.54622808413446	19.512257907497027	31.36367465763042	0.0
133.0	29.877063312042445	19.122155579064405	19.7456352901714	31.255145818721747	0.0
134.0	29.996496944818652	18.482495303790117	19.601592126824706	31.919415624566525	0.0
135.0	28.906844621645376	18.565567879503366	20.72496860103163	31.802618897819627	0.0
136.0	27.62165445808307	19.714321507671436	20.38041615551348	32.283607878732006	0.0
137.0	30.42884768513252	18.51680696166534	21.88838964092064	29.165955712281498	0.0
138.0	29.789944224357345	20.527670374744826	20.333037859470096	29.349347541427733	0.0
139.0	30.44814743328544	19.6491930391435	19.630606608667474	30.27205291890359	0.0
140.0	28.520603952228957	22.15973890901266	19.183253834475007	30.136403304283377	0.0
141.0	31.456359090287982	16.88030243825259	20.462527238860535	31.20081123259889	0.0
142.0	27.698298240553793	20.799442361311414	24.76853187193539	26.733727526199402	0.0
143.0	27.641153572676764	20.279595550574257	18.827626932764502	33.25162394398448	0.0
144.0	27.92535755044557	20.63327100988272	19.341961488963893	32.099409950707816	0.0
145.0	26.07134547324851	21.66154373675896	17.329381941978227	34.9377288480143	0.0
146.0	31.990136049379053	16.240678418407438	17.768701230028714	34.000484302184795	0.0
147.0	33.626291932454045	17.135458634462008	22.856009559614122	26.382239873469825	0.0
148.0	30.65469138354348	18.838384093005903	20.586530075169016	29.920394448281602	0.0
149.0	33.083376737440894	18.140108459205244	21.15516202498034	27.62135277837352	0.0
150.0	22.44941397988839	27.296120942544107	21.950034792812215	28.304430284755288	0.0
