# Position (bp)	A	C	G	T	N
0.0	26.25978355592612	24.045748797931576	23.583179116400306	26.111288529741998	0.0
1.0	26.64174735678479	20.287423173884942	15.445417064610623	37.62541240471965	0.0
2.0	29.00488810609097	19.40901030574869	17.940744315717552	33.64535727244279	0.0
3.0	23.1429171970788	22.59868160490185	14.991894907606937	39.266506290412416	0.0
4.0	34.34543214782237	13.02052796164778	14.798788160430675	37.835251730099166	0.0
5.0	35.08804832479425	14.64206250764552	23.200754470127016	27.06913469743321	0.0
6.0	31.285460251163418	17.24845970288984	21.004676099000477	30.46140394694627	0.0
7.0	35.13601910490879	17.03547219048448	19.986635441964985	27.841873262641748	0.0
8.0	22.567037573261604	26.8447061549164	23.007539291588646	27.58071698023335	0.0
9.0	27.806660058787596	18.580912872383685	15.451002709695938	38.16142435913278	0.0
10.0	26.65560975390784	16.386047940083685	25.14699081102468	31.811351494983803	0.0
11.0	28.14587393897467	18.29474324474461	19.48611915205508	34.07326366422564	0.0
12.0	26.2251457937616	19.635189212988635	21.015935845133725	33.12372914811604	0.0
13.0	26.391198993381188	20.845805195917713	18.782914962481854	33.980080848219245	0.0
14.0	30.713258157798297	18.173716560393203	20.43120214062363	30.68182314118487	0.0
15.0	29.67161318245689	18.68591655144027	19.928915215109157	31.71355505099368	0.0
16.0	30.021600507449204	17.619233292338546	18.65909516281057	33.700071037401685	0.0
17.0	30.567529859836736	17.883394667568776	19.507067516954145	32.04200795564034	0.0
18.0	31.381386305430404	17.80120974313439	18.83966258668165	31.977741364753555	0.0
19.0	30.083822138905365	18.357937478856805	20.04056501231527	31.51767536992256	0.0
20.0	29.649604930048046	18.059697602871122	19.90027331381561	32.390424153265215	0.0
21.0	29.348048229620016	18.390133120624302	19.97355518316789	32.28826346658779	0.0
22.0	29.762077698732337	19.071615850879564	22.611502971612847	28.554803478775252	0.0
23.0	29.78265198568678	20.409119072625863	21.065551049855983	28.74267789183137	0.0
24.0	32.86542832735162	19.523701516225195	17.70851322845601	29.902356927967176	0.0
25.0	29.563492187195088	21.015511890129815	19.4023256924588	30.018670230216294	0.0
26.0	32.42502636314315	16.62149259843144	21.92669094765041	29.026790090775002	0.0
27.0	26.454991752204783	21.1512772454995	24.815121327817096	27.57860967447862	0.0
28.0	26.63866402301627	19.770493205559944	18.49536124644766	35.09548152497612	0.0
29.0	28.170026904932705	19.933429088974314	17.299608627185066	34.596935378907915	0.0
30.0	26.714117193858662	19.061914019464858	16.008145082597494	38.215823704078986	0.0
31.0	34.41723740528881	14.23681890235174	18.155028646194367	33.19091504616509	0.0
32.0	34.625003469269835	15.520087703141519	22.353363425569654	27.50154540201899	0.0
33.0	31.43998603267335	17.345923568339412	20.882485518057294	30.331604880929948	0.0
34.0	33.612512716230945	16.300736317225464	21.8519178744679	28.23483309207569	0.0
35.0	26.487584894061243	19.980848732446514	25.883035537914107	27.64853083557813	0.0
