# Position (bp)	A	C	G	T	N
0.0	37.6946946727816	11.350029005812107	27.49039524523593	23.44517901511586	0.01970206105449809
1.0	30.6748063362457	16.032978248912993	22.583204953851794	30.70326416803255	0.0057462929569602654
2.0	32.56282038327193	17.29448360429645	21.174176527939743	28.963603641001413	0.00491584349046736
3.0	33.437368934207015	17.183576536976215	23.060226263814677	26.316377164457954	0.0024511005441443206
4.0	33.42683585826357	17.05963976636136	21.558079731494782	27.95544464388029	0.0
5.0	32.64713287508426	17.735267761663557	20.720835352498938	28.89541038018068	0.0013536305725586595
6.0	27.47824115068138	17.360646178433363	19.80541217631687	35.355430533658726	2.699609096602812E-4
7.0	28.139453493067705	19.811549333692287	19.863777089783284	32.18495086821914	2.6921523758244715E-4
8.0	27.989601386481805	19.177608104265147	20.09325485188146	32.73953565737159	0.0
9.0	31.983412740427035	17.495227553459422	20.94288571260514	29.578206629556554	2.6736395185309955E-4
10.0	29.260047910566943	21.824327921213733	20.903380356667554	28.01224381155177	0.0
11.0	28.129264770182715	19.667960727677446	19.850807573569355	32.351966928570484	0.0
12.0	29.263963614177158	18.500352606514898	20.977578451648007	31.25784120292967	2.641247302626192E-4
13.0	31.492682001622708	18.67512091293215	19.710125075076657	30.122072010368484	0.0
14.0	29.91541869191764	18.93297830716591	18.826628012930094	32.32497498798635	0.0
15.0	28.98713131815623	18.472253132077448	20.806419940565803	31.734195609200516	0.0
16.0	29.46330892048199	19.537591874567553	20.056397603101868	30.942701601848587	0.0
17.0	29.94472288503819	18.45609611236728	18.874191161913494	32.72498984068104	0.0
18.0	29.458127311256078	19.119541280591683	20.133117962355094	31.288953754103126	2.5969169402085846E-4
19.0	29.349510487335902	18.749708469165107	19.519868150321074	32.38091289317792	0.0
20.0	29.492188005643794	17.914644091491596	19.088708529118612	33.504459373746	0.0
21.0	29.95829357907284	18.013398801813054	20.14836419298205	31.8789091689485	0.0010342571835625506
22.0	29.485894388756844	19.261392993696393	20.046243670559058	31.2064689469877	0.0
23.0	29.687592732602397	18.558390252335894	18.66315390192987	33.09008899749444	7.74115637393914E-4
24.0	29.35887422118079	18.629020408478915	20.391207624114845	31.620897746225452	0.0
25.0	30.08560451744321	18.169043137457134	20.419255859526082	31.326096485573572	0.0
26.0	29.087876850744422	17.701416670103516	18.92192848599827	34.28852022930672	2.577638470738648E-4
27.0	29.31247840860459	17.869167745162237	19.712750653542535	33.10560319269064	0.0
28.0	30.12510192917084	18.08249295527503	19.68884507798227	32.10356003757187	0.0
29.0	29.099379843361433	18.346472536657345	19.267936560349185	33.285953090980385	2.5796865164945154E-4
30.0	30.356875171226683	17.41601492838202	19.90364783905467	32.32346206133663	0.0
31.0	30.638499402183193	17.97461737136587	19.633494303918674	31.753130127378977	2.5879515328436933E-4
32.0	28.572020650228342	18.467344818921948	19.54156078632505	33.41881471004976	2.590344748982642E-4
33.0	30.549888122271195	17.182186781295915	20.448964546960095	31.8189605494728	0.0
34.0	29.608428802046372	18.029224214349032	20.42185603136105	31.94049095224355	0.0
35.0	29.23303635123384	18.504709882682523	18.933520097061596	33.32873366902204	0.0
36.0	29.29415628763431	17.751664381454855	20.19857882416729	32.75533983619462	2.606705489200419E-4
37.0	28.98651626210238	18.053762852054373	20.330431109337965	32.629029019632384	2.6075687289927745E-4
38.0	29.518934074023797	18.057984785911565	19.079218724710625	33.34360136373367	2.610516203474075E-4
39.0	29.2274837414525	18.347326488362853	19.797003408544363	32.62818636164028	0.0
40.0	30.36706318069113	18.262923323185085	19.22125273322662	32.14876076289717	0.0
41.0	30.415495076049854	17.863280279350796	18.646927272013915	33.074297372585434	0.0
42.0	30.130794056290917	17.286435580590027	20.4582634255636	32.124245192395776	2.6174515967763464E-4
43.0	29.635109901765393	18.994555325384127	19.784150994785787	31.58618377806469	0.0
44.0	30.537131716111855	18.118663211050283	19.015673439010904	32.328531633826955	0.0
45.0	30.511622051209418	18.23017484223282	19.369298480294184	31.888117757529024	7.86868734557701E-4
46.0	28.704722249205172	18.48862821902919	20.771385590405856	32.035001404571815	2.6253678796741393E-4
47.0	28.48446953675267	19.361389663171664	19.04192686508739	33.11221393498827	0.0
48.0	30.00052616347899	18.412301702138855	20.326747520454607	31.260424613927544	0.0
49.0	29.297546214064862	18.700348661272283	20.786527202157753	31.2155779225051	0.0
50.0	28.313052922382614	18.82414036715628	19.26067884897245	33.60186425129433	2.6361019433343525E-4
51.0	29.259216218643196	18.712132817080708	20.49014066651524	31.538246184889573	2.641128712766688E-4
52.0	29.001549935750525	19.0472531694199	19.369427848503715	32.58176904632586	0.0
53.0	28.740152256920947	18.24986798916317	19.28446146212284	33.72551829179304	0.0
54.0	28.74428495481127	18.51940457203615	20.51993620414673	32.21637426900585	0.0
55.0	29.37488681275367	19.465809461921147	20.027218203705086	31.132085521620095	0.0
56.0	29.07482048954969	17.61658169393802	18.946427141446225	34.36217067506607	0.0
57.0	28.121079507913876	18.64422194699829	21.430998001802926	31.803700543284908	0.0
58.0	29.320916459688974	18.531969336902467	19.788855927429953	32.358258275978606	0.0
59.0	26.96668209162425	18.647966595998838	19.663861476706522	34.72122079571258	2.690399578145346E-4
60.0	27.80334214832367	17.63483295997671	21.830444873961813	32.73138001773781	0.0
61.0	28.842983693566605	18.324064015047103	21.255925067155264	31.577027224231024	0.0
62.0	28.982771275889807	18.19403102307907	20.074808577255702	32.74784742517111	5.41698604313546E-4
63.0	28.98523564304804	17.16858961823436	21.71821697846729	32.12795776025031	0.0
64.0	28.265223540183282	18.51322003046479	21.33652695916137	31.883939495505214	0.0010899746853379332
65.0	29.410702461927407	18.378268935061808	19.135069469145193	33.07541191728274	5.472165828513268E-4
66.0	29.273720301545087	17.543517439943734	20.563364029978683	32.619398228532496	0.0
67.0	29.576369567435357	17.251572448442165	20.548406043275765	32.62282469922874	8.272416179743059E-4
68.0	29.759373096306142	17.20911557844603	19.43456831145816	33.59666611286482	2.7690092484908903E-4
69.0	29.57365020778881	18.244776052931172	20.526416874733826	31.654878513829853	2.7835071633556846E-4
70.0	30.546843305401282	18.105563560566846	20.036652071121804	31.310941062910064	0.0
71.0	29.794021503682405	18.538908612162917	18.896178060842704	32.77061050878545	2.8131452651952043E-4
72.0	29.366344088151962	16.996085468682335	20.346788414345923	33.290215936076805	5.660927429740815E-4
73.0	29.894088733080252	18.356339155272924	20.12086244065808	31.628424886727057	2.847842616825624E-4
74.0	29.433653942634347	19.185241460372975	19.494574487909063	31.88624342416467	2.8668491893983915E-4
75.0	29.947557193270224	17.76153539600672	20.691517318255066	31.59939009246799	0.0
76.0	30.062014465187136	18.59822258212038	20.54138132924758	30.79809033896775	2.912844771589277E-4
77.0	29.400305004363503	17.816897476808798	19.500592084578475	33.28220543424923	0.0
78.0	29.05285709622763	17.706667299697628	21.233935602947156	32.00624326786408	2.967332635021053E-4
79.0	28.985120377674267	18.28534922572576	20.77358439634203	31.95504620451158	8.99795746365575E-4
80.0	28.657963224722305	17.598687203877724	19.37678583344961	34.36595708539848	6.066525518839595E-4
81.0	28.327216712490184	17.857668892380204	21.94434897879026	31.869844854674	9.205616653574234E-4
82.0	29.399693426072464	19.15154266383516	19.376964669375877	32.07117738690811	6.21853808388186E-4
83.0	29.26712337408375	18.78871604657911	19.820723414455674	32.122806353531914	6.308113495578012E-4
84.0	28.329755534907562	18.776392938387108	20.963762775944378	31.92912755118388	9.611995770721861E-4
85.0	28.019988931210733	18.587752710225608	20.8627144577921	32.529218348145974	3.2555262558192535E-4
86.0	28.057015495789077	18.512483730911764	19.892168648763217	33.53766976979861	6.6235473732667E-4
87.0	28.067458791301476	18.16758766336727	20.69509948788535	33.06951669601711	3.3736142879312324E-4
88.0	27.749020632917055	19.986311216891544	20.66834279739569	31.596325352795713	0.0
89.0	28.441146323312598	19.0560103343209	18.546314887881042	33.9551243347983	0.0014041196871621337
90.0	27.678597055193592	18.554289486524496	21.50591257426595	32.26048333859533	7.175454206251255E-4
91.0	28.856343940817286	19.069251996242368	19.475105683419446	32.59819751056835	0.0011008689525598872
92.0	28.800186355473066	18.727973609660427	19.592873406021987	32.87708804544669	0.0018785833978313634
93.0	29.16809417307922	18.066649472432125	20.90061860749797	31.863867855891787	7.6989109890406E-4
94.0	28.9998815493347	19.59608323133415	19.83219489082797	31.57026098629921	0.0015793422039720455
95.0	29.4933640336298	18.826767631726163	19.28159684781463	32.396649992297895	0.0016214945315096926
96.0	28.344475684681868	18.444236176194938	21.450380089555345	31.759658440070808	0.0012496094970321774
97.0	27.236169283346612	20.06792233042972	21.462342934964155	31.232280665690233	0.0012847855692884858
98.0	28.42614307629913	19.209677134947363	19.432297085221563	32.93100104036254	8.816631694027613E-4
99.0	26.837394715430523	18.939176996259075	21.26373301696826	32.958786176300805	9.090950413410971E-4
100.0	28.78885145424982	19.626632428810407	20.433533731004786	31.150513802135805	4.68583799183727E-4
101.0	28.33641914135579	17.95166802828953	21.157202179241132	32.55326040191239	0.0014502492011543983
102.0	28.95211901487686	19.478434804350545	20.321540192524065	31.245905738217278	0.002000250031253907
103.0	29.561575845310724	19.897632095956986	19.60345362423741	30.935787405645744	0.001551028849136594
104.0	26.995744407852527	19.483234250032076	19.471472563192336	34.04901415679398	5.346221290791668E-4
105.0	27.634345535832853	19.80268691071666	20.93698818113408	31.625426054623524	5.533176928865477E-4
106.0	28.12324897940514	19.291815801209847	19.706343125707555	32.878592093677454	0.0
107.0	27.35654466042943	18.8570854437674	19.327537396793126	34.45765045892706	0.0011820400829792139
108.0	27.302154531491894	18.96489478225219	21.054563923070805	32.67716294524027	0.0012238179448425253
109.0	28.56219750145706	18.868307021767226	20.3507082583686	32.21815371360515	6.335048019663989E-4
110.0	27.790485053840253	19.309088287532525	19.114437577417895	33.785333691612976	6.553895963455475E-4
111.0	27.163440409463085	18.817316989067013	21.008647676486298	33.009242669082695	0.0013522559009066875
112.0	28.137438743002935	19.238356813729933	19.846221410496817	32.77728594034283	6.970924274849603E-4
113.0	25.633881704138272	19.31409368021198	19.68821134416671	35.36381327148304	0.0
114.0	25.67765322874186	19.145142959017672	21.974609824764705	33.202593987475765	0.0
115.0	27.316019967537443	20.09080329525618	20.766085811410896	31.825559672924385	0.0015312528710991335
116.0	26.83233149817142	19.024336300661133	20.605682419570144	33.53685989842102	7.898831762782285E-4
117.0	26.044897959183672	18.205714285714286	22.411428571428573	33.33795918367347	0.0
118.0	27.577280469500987	19.194057034925883	20.928546132182067	32.29758672445486	0.002529638936202506
119.0	26.74185224123101	19.046336440965135	19.63803185250189	34.572041740157964	0.0017377251440139712
120.0	27.669842065680623	18.23228163162984	22.10006088171042	31.99781542097912	0.0
121.0	27.778953859747624	18.646626229900505	21.54500354358611	32.02941636676576	0.0
122.0	27.724042262085742	19.312480997263606	19.385641532380664	33.57688507145029	9.501368197020371E-4
123.0	26.560867229845208	18.14639386688803	21.1611895112066	34.130572781874115	9.766101860442405E-4
124.0	26.45611280533833	18.656964280322473	21.339211127550147	33.54771178678905	0.0
125.0	26.580295832209615	17.923158309648777	19.55479949380744	35.93967180465946	0.002074559674709043
126.0	26.474388407777976	17.486572200450617	22.240493758609276	33.79320654785422	0.00533908530790505
127.0	25.73343865885502	19.070502271081562	21.921971342680973	33.26969916397867	0.004388563403769776
128.0	26.820083210246814	20.84878961788682	19.013203143498213	33.31228647777114	0.005637550597016608
129.0	26.340750704437667	19.87615811871659	21.01601363652176	32.76707754032399	0.0
130.0	27.003480167810835	19.272025171624712	21.96796338672769	31.754147597254008	0.002383676582761251
131.0	27.986435864162768	19.206473569522316	19.372964767524422	33.43412579879049	0.0
132.0	27.104836377808226	18.7722364004375	22.299888110833134	31.823039110921137	0.0
133.0	28.127660672359966	19.230372300626954	21.84266879950463	30.799298227508448	0.0
134.0	28.3738396847645	19.037103641604737	19.313463623621505	33.275593050009256	0.0
135.0	27.70762769272456	18.548977103373527	21.113670234385584	32.629724969516325	0.0
136.0	26.084962688122733	18.90885340670641	22.378788510443158	32.626005753116274	0.0013896416114284127
137.0	27.72609708349409	18.004887040768207	20.422686157671368	33.843471799488434	0.0028579185778997156
138.0	26.64840797914409	19.31368815723952	20.956970034271656	33.08093382934474	0.0
139.0	26.6422591003211	20.115235723074154	22.346427392491673	30.896077784113075	0.0
140.0	26.589915655974885	18.74345872067968	21.213753616942682	33.4513328818568	0.001539124545958259
141.0	26.72082018927445	18.061514195583598	21.034700315457414	34.1813880126183	0.001577287066246057
142.0	27.8096283974742	19.24226029941377	22.38497440286817	30.563136900243858	0.0
143.0	28.75157420295619	18.457943925233643	20.620401670312187	32.17008020149798	0.0
144.0	26.013703055135245	19.459698396776552	19.548105204100715	34.97509308216733	0.003400261820160152
145.0	24.749263051403254	20.515951230573336	18.018175158291324	36.71486630269837	0.0017442570337164885
146.0	23.949791396921306	20.779384261257373	18.41461660192778	36.85081283268594	0.00539490720759603
147.0	25.611858625988532	19.367714853266367	18.10839173944005	36.90641280311832	0.0056219781867246355
148.0	25.66336476110912	21.81644587659625	17.573696145124718	34.944504117436445	0.001989099733460636
149.0	23.679139592202556	26.343266860855923	13.909926058704908	36.05422361640153	0.013443871835088507
150.0	29.357370095440082	23.983032873806998	10.960763520678684	35.67762460233298	0.021208907741251323
