# Position (bp)	A	C	G	T	N
0.0	25.957050537571867	23.848252821071842	23.98545544604612	26.209241195310167	0.0
1.0	26.133203748212107	19.75411348329434	15.740889796985394	38.371792971508164	0.0
2.0	28.388083344599714	18.919073054529978	18.605707244845927	34.08713635602438	0.0
3.0	22.89546695182758	22.108319299528496	15.288140230346128	39.7080735182978	0.0
4.0	33.96657662664355	13.32216428626351	14.734890373510853	37.97636871358208	0.0
5.0	34.982350179048545	14.85121543482968	22.977171498051995	27.18926288806978	0.0
6.0	30.71904306442606	17.41691451433712	20.847744668498766	31.016297752738055	0.0
7.0	34.48794448345529	17.20771862089726	20.048314825443192	28.256022070204263	0.0
8.0	22.1106958057436	27.160600164941474	22.460430735519708	28.268273293795215	0.0
9.0	27.997933793637642	18.285426256947414	15.600658115729308	38.115981833685645	0.0
10.0	25.920788838785274	16.171527631322178	25.67746453677061	32.23021899312194	0.0
11.0	27.966155619792527	17.779788256352102	19.458218389561658	34.79583773429371	0.0
12.0	26.29442615581231	19.18237834003671	21.566641468316647	32.95655403583433	0.0
13.0	26.006884937633146	20.671127028812002	18.844807125111622	34.47718090844323	0.0
14.0	30.625883760140542	17.952455501493212	20.817241622007	30.604419116359242	0.0
15.0	29.760647344653545	18.094669705136802	19.963318836468794	32.18136411374086	0.0
16.0	29.56379018354458	17.738309113622723	18.721469806796954	33.976430896035744	0.0
17.0	30.07534127470981	17.816904463333273	19.69194173268055	32.41581252927636	0.0
18.0	30.532136897172606	17.454793297480585	18.8534454878681	33.15962431747871	0.0
19.0	29.847518520912274	18.107646001144364	19.704055442537324	32.340780035406034	0.0
20.0	29.92538879820622	17.52657546672474	19.970719575617615	32.57731615945143	0.0
21.0	28.842430637759946	18.261511368447923	19.68000304030365	33.21605495348848	0.0
22.0	29.657599552755332	18.73872152981279	22.61788396116062	28.98579495627126	0.0
23.0	29.656236916662053	20.255710539090092	21.14766212275451	28.940390421493344	0.0
24.0	31.956829188315183	19.536326190578286	18.3635465592126	30.14329806189393	0.0
25.0	29.003796754200827	21.045301899527217	19.338568939572838	30.612332406699117	0.0
26.0	32.387597211271476	16.539176850287923	21.565766380917296	29.50745955752331	0.0
27.0	26.250871805821607	20.937003583232876	25.16887624151462	27.643248369430896	0.0
28.0	26.173001528527664	19.473732439027348	18.433116007461244	35.92015002498374	0.0
29.0	27.921076117477234	19.54077663506643	17.34118195054731	35.19696529690903	0.0
30.0	26.345973464752	19.201611062367814	16.602379354701053	37.85003611817913	0.0
31.0	34.00126525360744	14.100628127789106	17.810354720911544	34.0877518976919	0.0
32.0	34.406223176752704	15.444992574382955	22.42991635225463	27.718867896609712	0.0
33.0	30.810462677137156	17.76350712090893	20.92240453769963	30.50362566425428	0.0
34.0	33.22349312065171	16.23174690049403	21.449110909622153	29.095649069232106	0.0
35.0	25.639432986350823	20.357048962824724	25.572029418985508	28.431488631838945	0.0
