# Position (bp)	A	C	G	T	N
0.0	26.042176757597584	23.8518694435429	24.218984795074423	25.886969003785094	0.0
1.0	26.652319319349672	20.504026634665358	15.632553786789972	37.21110025919499	0.0
2.0	28.80187686594608	19.64037243120485	17.652296473971692	33.90545422887738	0.0
3.0	23.25971703077111	22.61697761345228	15.134054248425455	38.98925110735115	0.0
4.0	34.207455070990065	13.055550845111236	14.76005972076386	37.97693436313484	0.0
5.0	35.09681684915395	14.787412294009657	23.40462057020786	26.71115028662853	0.0
6.0	31.417120424166917	17.34045160019201	21.111904575049042	30.13052340059203	0.0
7.0	35.13982013361306	17.21917616434997	20.10600271391677	27.5350009881202	0.0
8.0	22.244333839673033	27.194148287655974	22.95265921377444	27.60885865889656	0.0
9.0	27.496241466865563	18.509809700204183	15.458656585689829	38.53529224724043	0.0
10.0	26.614556143459144	16.687797083177212	24.962407165844684	31.735239607518956	0.0
11.0	27.939537547742262	18.62118142562111	19.25360836437371	34.18567266226292	0.0
12.0	26.153523417548385	19.977224467146616	20.868243287347603	33.00100882795739	0.0
13.0	26.182274189024916	20.820690471685214	19.011972835622867	33.985062503666995	0.0
14.0	30.487327077089432	18.452968404612786	20.454943444561504	30.604761073736274	0.0
15.0	29.556993527625124	18.61448891827323	20.04170362426283	31.786813929838814	0.0
16.0	29.744728862668403	17.94159181737438	18.57844541457457	33.73523390538265	0.0
17.0	30.367597220298588	17.858070526122614	19.7949211672153	31.979411086363505	0.0
18.0	31.571933424857622	17.86840939958155	19.075086481150162	31.484570694410664	0.0
19.0	29.976940860893535	18.532588234181937	20.030659486576646	31.459811418347883	0.0
20.0	29.621847825287745	17.89917092438682	20.123754364572687	32.35522688575275	0.0
21.0	29.050433745002564	18.654253816192238	20.185907650301186	32.109404788504015	0.0
22.0	29.867564883183483	18.902311751097546	22.821870213675556	28.40825315204341	0.0
23.0	29.797863769661305	20.20834105497625	21.22240597439831	28.771389200964144	0.0
24.0	33.09815522385462	19.351760136935305	17.802204595951874	29.747880043258206	0.0
25.0	29.489288161809824	20.90743797163607	19.624592353525248	29.978681513028853	0.0
26.0	31.963520132817756	16.506604199263254	22.428782943529793	29.101092724389193	0.0
27.0	26.144369988216088	21.123488915122053	25.065450771131403	27.666690325530457	0.0
28.0	26.60076597697327	19.72170873817876	18.801458966601835	34.87606631824613	0.0
29.0	28.075638537978254	20.205880132991823	17.177745642404926	34.540735686625	0.0
30.0	26.619449822338964	18.942423505884534	16.009843251588	38.4282834201885	0.0
31.0	34.52448225217415	14.365628157494006	18.327509458603966	32.78238013172788	0.0
32.0	34.54371580750027	15.35530529133094	22.558030725035053	27.54294817613374	0.0
33.0	31.24393087086191	17.220801522059574	21.231331490079146	30.30393611699937	0.0
34.0	33.004822730388184	16.585656427191726	21.95703989864374	28.452480943776354	0.0
35.0	26.40164040777898	20.28312060032569	25.691043149866182	27.62419584202915	0.0
