# Position (bp)	A	C	G	T	N
0.0	25.21253317193538	26.787094371246333	24.67619535360119	23.324177103217096	0.0
1.0	25.5896457004516	21.213278085571954	14.472740816611573	38.72433539736487	0.0
2.0	28.08754559666493	19.468845380778678	18.495496166157967	33.948112856398424	0.0
3.0	23.124784925735437	23.424261307093495	15.689028189841983	37.76192557732908	0.0
4.0	33.8542925677309	13.859499060971755	14.60793246434482	37.67827590695253	0.0
5.0	35.37098827968882	15.405563662388118	23.079067951780353	26.144380106142705	0.0
6.0	32.824335250982834	17.652908538342146	20.955974608957497	28.566781601717523	0.0
7.0	35.076860164687076	17.475231881633487	20.000371754121822	27.447536199557614	0.0
8.0	23.206170716974118	26.64931926955067	22.460852190883323	27.68365782259189	0.0
9.0	29.85809737103774	18.88317891626165	15.390905965114444	35.867817747586166	0.0
10.0	26.84440892490405	16.575751098885778	24.907767937626033	31.672072038584133	0.0
11.0	27.997695509961346	18.43220338983051	20.20982010110021	33.360280999107935	0.0
12.0	25.660419434868658	20.2153854730954	21.279304225011845	32.8448908670241	0.0
13.0	27.17845793610972	20.92880637787813	18.35684153797551	33.53589414803665	0.0
14.0	30.607921656802535	18.41882763939087	20.383911399344044	30.589339304462555	0.0
15.0	29.782608695652176	18.871237458193978	19.124860646599778	32.22129319955407	0.0
16.0	29.67208546214584	16.998606595448212	18.86669763121226	34.46261031119368	0.0
17.0	30.125484149615	17.984823012548414	20.59760549120868	31.292087346627905	0.0
18.0	31.46163419209837	17.410888422460392	18.900570239797908	32.22690714564333	0.0
19.0	30.315721051165383	18.12331692821989	19.576562354907605	31.984399665707127	0.0
20.0	30.65845913876664	17.649898798581322	19.43160083932186	32.26004122333018	0.0
21.0	30.6349044254853	17.620245643677414	19.911434592497006	31.83341533834028	0.0
22.0	29.226427530379407	18.52842064221461	19.60898989055059	32.636161936855395	0.0
23.0	29.416187815044143	17.50322586634238	20.95374246911059	32.12684384950289	0.0
24.0	30.955010813369594	18.39757929030881	18.438419484485365	32.20899041183623	0.0
25.0	29.51522632980945	17.81216064450859	19.05309956284052	33.61951346284145	0.0
26.0	31.40221265221265	17.50538313038313	20.45682358182358	30.635580635580634	0.0
27.0	29.30224787927162	18.05357043416925	19.75572179013606	32.888459896423065	0.0
28.0	29.89856242633479	17.39287802433388	20.16222587261371	32.546333676717616	0.0
29.0	29.553427250960524	18.044805761271043	20.07257271191789	32.32919427585055	0.0
30.0	30.06663325723407	17.608627057928246	19.755183102251426	32.56955658258626	0.0
31.0	30.130578834535175	17.974775176100454	19.9756846804206	31.918961308943768	0.0
32.0	30.466458774176786	17.968779002858522	19.586442439766863	31.978319783197833	0.0
33.0	31.083514321248913	17.803642033747284	20.069239479497316	31.043604165506487	0.0
34.0	30.357059986448988	17.69428536954363	19.71301547229003	32.23563917171736	0.0
35.0	30.0325805463507	18.47716112983023	19.629083010776643	31.861175313042427	0.0
36.0	30.376503787316206	17.64536610723303	19.319953958116738	32.658176147334025	0.0
37.0	28.70377246398337	19.232697163225904	18.807552354076932	33.2559780187138	0.0
38.0	30.033695662263643	17.930176646956717	19.83495623276926	32.20117145801038	0.0
39.0	28.95188764190964	18.855997103790138	20.052540217401393	32.139575036898826	0.0
40.0	30.524947783708516	18.25481550243676	19.798561151079134	31.421675562775587	0.0
41.0	30.308290708576628	17.90146950976115	20.914753580943717	30.87548620071851	0.0
42.0	30.207385677948796	19.031395629490728	19.58003007742151	31.181188615138964	0.0
43.0	29.925821395746105	18.459238903382136	19.729280588229834	31.885659112641928	0.0
44.0	29.22117107498631	18.613352148765703	20.792290624158642	31.37318615208935	0.0
45.0	29.76204844444857	19.413059019041697	19.685083231981878	31.139809304527855	0.0
46.0	30.43914214093399	17.910129050227464	19.01680438213722	32.63392442670133	0.0
47.0	30.00649893231826	18.08281496611271	20.110481849410455	31.800204252158576	0.0
48.0	30.535541855455694	18.647403996137562	19.60094332615316	31.216110822253583	0.0
49.0	29.08724595430195	18.610675257875535	19.358073291429527	32.94400549639299	0.0
50.0	29.626569115353192	18.36422045606477	20.08003416771893	31.929176260863105	0.0
51.0	29.68272685911661	18.92496680563422	19.643636431164634	31.74866990408453	0.0
52.0	29.679186591763777	18.31654208644784	19.433585588931706	32.57068573285668	0.0
53.0	31.267294371088454	18.164428844689585	19.607406169331625	30.96087061489034	0.0
54.0	30.95224828662172	18.05872847829721	19.85847216805037	31.130551067030705	0.0
55.0	29.368116049703747	17.971173313025872	19.035457567934024	33.62525306933635	0.0
56.0	29.561179475272816	18.48804272115161	20.35941490596703	31.591362897608544	0.0
57.0	28.34402890125096	18.472840067981092	19.51856013819107	33.664570892576876	0.0
58.0	29.90954512528093	18.048254982447666	19.168260926094465	32.87393896617694	0.0
59.0	29.589969816577664	17.525888089157185	20.977942883677734	31.906199210587417	0.0
60.0	29.76205955012352	18.436205583520625	19.74199899697234	32.05973586938351	0.0
61.0	30.48775957502136	17.67431925405847	19.32835543668041	32.50956573423976	0.0
62.0	29.17111678662642	18.204782911539354	19.836545159043418	32.7875551427908	0.0
63.0	29.463282345620534	18.040734445961384	20.178689179274283	32.317294029143795	0.0
64.0	28.115015974440894	18.980793521063973	19.821309161156105	33.08288134333903	0.0
65.0	30.387494659409658	17.748407110879942	20.85895268701354	31.00514554269686	0.0
66.0	30.43542874126913	18.0821816020211	20.569549710209543	30.91283994650022	0.0
67.0	29.63303519184151	17.634929922817577	19.516657843164573	33.21537704217634	0.0
68.0	29.76203744984396	18.162988556992126	20.309481349383265	31.76549264378065	0.0
69.0	29.89142045085127	17.809275238475614	19.92978089037088	32.36952342030224	0.0
70.0	28.464475138634736	18.144663143130497	20.03864124023519	33.35222047799957	0.0
71.0	29.939062906402107	17.6541076803032	20.699104521978224	31.707724891316463	0.0
72.0	30.146491904394757	17.68492628958393	20.05462095103622	32.11396085498509	0.0
73.0	30.248221020753206	17.640228155249616	19.291938390650838	32.81961243334634	0.0
74.0	29.86789788562298	18.114339861023375	20.722009587157668	31.29575266619598	0.0
75.0	30.584355258268303	17.83259011519881	19.636752136752136	31.94630248978075	0.0
76.0	28.998513563730953	18.420661464139727	19.144370122630992	33.436454849498325	0.0
77.0	28.860357305437624	17.81324612826206	21.720751772127205	31.605644794173116	0.0
78.0	30.055091556034526	17.86248478711248	18.74506452122372	33.33735913562928	0.0
79.0	30.055929243004197	17.573116801070274	19.227767661377236	33.14318629454829	0.0
80.0	31.12463418033168	18.167882194453476	19.682259488084732	31.025224137130113	0.0
81.0	30.479420235993683	18.78100901235715	19.583759174951222	31.155811576697946	0.0
82.0	30.221041188549343	17.780854246610982	18.702556050061787	33.29554851477789	0.0
83.0	29.87103488004757	18.217716908553694	20.09272852284764	31.818519688551095	0.0
84.0	31.373459944623043	18.017951052719603	18.76684072621857	31.841748276438782	0.0
85.0	30.056213704994196	17.31382113821138	19.041114982578396	33.58885017421603	0.0
86.0	30.857142857142854	17.688269454123112	20.000929152148665	31.453658536585365	0.0
87.0	29.682316976854388	18.867714150321028	20.04961764678554	31.400351226039042	0.0
88.0	30.197638007452078	17.63131730796034	18.675723139535965	33.49532154505162	0.0
89.0	29.99535402341572	18.67496747816391	20.275041813789258	31.05463668463111	0.0
90.0	30.529925013241154	18.636114440758604	19.421291779332645	31.412668766667593	0.0
91.0	30.270958389860432	18.258098087680498	19.482800275046923	31.988143247412143	0.0
92.0	29.267567416878844	18.42139498578252	20.307766647462223	32.00327094987641	0.0
93.0	30.27394205214935	18.37957886520341	19.70003902837921	31.646440054268034	0.0
94.0	29.92138423224176	17.676467308478607	19.77195851763744	32.63018994164219	0.0
95.0	30.735705457620504	18.177509734134986	20.58525615411064	30.50152865413387	0.0
96.0	30.448196712170915	18.888754658067633	19.187986134988712	31.475062494772743	0.0
97.0	29.97788227422263	18.474806237570395	19.55095440774678	31.996357080460196	0.0
98.0	28.61205598617075	18.160188851093885	21.242959906317964	31.984795256417403	0.0
99.0	29.715512514289433	18.5795142987258	19.470803089305463	32.2341700976793	0.0
100.0	29.875731266535006	18.56299139248053	19.915601594813133	31.64567574617133	0.0
101.0	29.66882098027496	18.64539748953975	20.857927375971308	30.827854154213984	0.0
102.0	29.974433653927196	18.088423970556562	19.956733875876793	31.980408499639452	0.0
103.0	29.72511011560965	17.25128898656073	19.466749312070924	33.55685158575869	0.0
104.0	30.270010642205293	18.136954822425857	20.355807536188205	31.237226999180645	0.0
105.0	30.915669935566765	17.935491185306958	19.445231751790338	31.703607127335943	0.0
106.0	29.346166611350817	17.86354369162202	20.012327533070977	32.77796216395619	0.0
107.0	29.97526636225266	18.25057077625571	20.1322298325723	31.64193302891933	0.0
108.0	29.808811463679902	19.02249613615982	19.978438817760306	31.19025358239997	0.0
109.0	28.461825452249528	18.398974486525784	20.22423540891393	32.91496465231075	0.0
110.0	29.791151257119843	17.284199221371995	21.291448516579408	31.63320100492875	0.0
111.0	29.028226426703586	19.035532994923855	19.875788340255347	32.060452238117215	0.0
112.0	29.11564494668029	17.742059895481805	18.83159457739553	34.31070058044237	0.0
113.0	30.43629612439081	17.636535932544287	20.728900750367448	31.198267192697454	0.0
114.0	30.574688112376553	18.011874042024793	19.046002211831357	32.36743563376729	0.0
115.0	29.63813900057438	17.359008557326298	20.267915380796154	32.734937061303164	0.0
116.0	30.46846002070757	17.93354040907226	20.35495907323839	31.243040496981774	0.0
117.0	30.61468618549423	18.13074215341171	19.646621628246738	31.607950032847327	0.0
118.0	29.9613383045912	18.096231222516256	19.612202536128517	32.330227936764025	0.0
119.0	31.078653903088917	17.663081022402054	19.550972071449717	31.707293003059313	0.0
120.0	29.619107952408292	18.357650505810387	19.849345712984775	32.173895828796546	0.0
121.0	29.939126721681014	17.4596081468903	19.928302598782537	32.672962532646146	0.0
122.0	29.649627910220268	17.986829914623577	20.475398240667868	31.88814393448829	0.0
123.0	28.825576511530233	18.79037580751615	19.77639552791056	32.60765215304306	0.0
124.0	29.002863314412014	18.258903903149644	19.164113126036067	33.57411965640227	0.0
125.0	29.143381685395525	18.09570883854177	20.229184739847074	32.53172473621563	0.0
126.0	29.98299181987527	18.2787316757107	19.68494371102292	32.05333279339111	0.0
127.0	30.102575050575904	17.569916740370246	18.85896692996635	33.468541279087496	0.0
128.0	29.352695655723487	17.632231531467177	21.308079313406335	31.70699349940301	0.0
129.0	30.22493546933257	18.110583029458763	18.996599336255994	32.66788216495268	0.0
130.0	30.054790859281038	17.87024948858438	19.605464694332795	32.469494957801786	0.0
131.0	30.042196704736558	17.764915864516595	20.793999607952376	31.398887822794475	0.0
132.0	30.707838184754255	18.16901991635957	18.837729286571985	32.28541261231419	0.0
133.0	29.966022090836354	17.984393021540125	20.069826161950978	31.979758725672546	0.0
134.0	30.75078206465068	17.40667361835245	20.284671532846716	31.557872784150153	0.0
135.0	29.43147314417339	17.95099989529892	20.812480368547796	31.805046591979895	0.0
136.0	28.70198020843192	18.404475712738325	19.671682914261076	33.22186116456868	0.0
137.0	30.58643279797126	18.211115807269653	23.37066779374472	27.831783601014372	0.0
138.0	30.734767976388905	19.987684859809114	19.74456700604079	29.53298015776119	0.0
139.0	30.586992927924566	19.26847219703677	19.94261272120236	30.201922153836307	0.0
140.0	29.127804251218077	21.62767039674466	19.870428869732827	29.37409648230444	0.0
141.0	31.621331039673155	16.93151274056553	20.926782066444467	30.520374153316848	0.0
142.0	26.73320744537362	19.844618289722145	24.406797949824657	29.01537631507958	0.0
143.0	27.58194722869372	18.904480684835022	19.16996261580972	34.34360947066154	0.0
144.0	27.930595317143265	19.392164759924675	18.692239868505556	33.98500005442651	0.0
145.0	26.965406222280624	19.662275370412956	16.592748338206466	36.77957006909995	0.0
146.0	33.28228463140267	14.074016945230985	19.76135649989533	32.88234192347102	0.0
147.0	34.27062088334615	16.212511284228828	22.140492828245677	27.376375004179344	0.0
148.0	31.712179728174807	16.513437460838258	21.32791050047279	30.446472310514146	0.0
149.0	32.329716733588	16.810476341579506	23.99892600412512	26.860880920707373	0.0
150.0	26.41652836158893	18.385010314715146	27.531758465046302	27.66670285864963	0.0
