# Position (bp)	A	C	G	T	N
0.0	26.17552557899326	24.025150195875675	23.980676263054438	25.81864796207663	0.0
1.0	26.77579520221099	20.512153307999853	15.653691482412649	37.05836000737651	0.0
2.0	29.13021331574542	19.46997800887866	17.81477011150638	33.58503856386954	0.0
3.0	23.287178938726026	22.661378868765876	15.040322825455968	39.01111936705213	0.0
4.0	34.351804149136164	13.085972409060561	14.847422588221065	37.71480085358221	0.0
5.0	35.183254091927814	14.73125530923643	23.422883184016136	26.66260741481962	0.0
6.0	31.449564021981992	17.323290257505956	20.9937373574896	30.233408363022452	0.0
7.0	35.16060956496049	17.11137992566913	20.190651595671724	27.53735891369866	0.0
8.0	22.473292632946766	27.050165924832648	22.94294121128338	27.533600230937203	0.0
9.0	27.72432419876148	18.530457762035926	15.527246889777564	38.21797114942503	0.0
10.0	26.65955474083707	16.489901575039827	25.277398375198484	31.573145308924616	0.0
11.0	28.131207444152917	18.382911954257064	19.44496161999694	34.04091898159308	0.0
12.0	26.11392707525105	19.826222788800198	21.07212106787212	32.98772906807663	0.0
13.0	26.44539153392894	20.885564335283373	19.037856588976716	33.63118754181097	0.0
14.0	30.750297280289523	18.347472945363343	20.432246182981782	30.469983591365345	0.0
15.0	29.641719324216854	18.70899519320505	20.089132142328943	31.56015334024915	0.0
16.0	30.004747379748707	17.82501604152107	18.72723997940429	33.44299659932594	0.0
17.0	30.618159737247062	17.781581077063386	19.644183479281896	31.956075706407656	0.0
18.0	31.781156882866025	17.78201297539312	19.107135415651367	31.329694726089496	0.0
19.0	30.08218558297695	18.466163275544947	20.01475224619232	31.43689889528578	0.0
20.0	29.687523893024153	17.96824286600261	20.140189528660017	32.20404371231322	0.0
21.0	29.15292714423805	18.539796104300414	20.21288852318903	32.09438822827251	0.0
22.0	29.86015482271099	18.92199110733012	22.786617361775903	28.43123670818299	0.0
23.0	29.885321655113778	20.309972263956183	21.211390769819086	28.593315311110956	0.0
24.0	33.086061812121656	19.430615591693122	17.88373086850902	29.599591727676195	0.0
25.0	29.508286086185194	21.064720431627517	19.58475660369628	29.842236878491008	0.0
26.0	32.23609757213607	16.587720710260307	22.191169640208848	28.985012077394778	0.0
27.0	26.28965133081299	21.216001576312173	25.017372234843897	27.476974858030935	0.0
28.0	26.872387233972518	19.713894204286277	18.76719641136845	34.64652215037275	0.0
29.0	28.208342151257565	20.275595491495046	17.274205595978255	34.241856761269126	0.0
30.0	26.749671058402484	19.073864201212846	16.005649023701338	38.17081571668333	0.0
31.0	34.629024874103465	14.25045487093404	18.373099813356184	32.74742044160631	0.0
32.0	34.597948265742026	15.52092734200428	22.658308878523062	27.222815513730637	0.0
33.0	31.4703780992127	17.429459701690845	21.05145450354917	30.048707695547282	0.0
34.0	33.35290967353074	16.52981891048722	21.93541146288031	28.18185995310173	0.0
35.0	26.453067927913832	20.237777847544375	25.957442708751206	27.35171151579059	0.0
