# Position (bp)	A	C	G	T	N
0.0	64.7867213992504	8.727467428163484	11.119043369623416	15.3667678029627	0.0
1.0	11.226128859539532	63.98358022487953	13.010887024808138	11.779403890772802	0.0
2.0	15.874423554451933	59.34728627172756	9.223128769067044	15.55516140475346	0.0
3.0	64.3879173290938	10.528175234057587	11.429076134958487	13.654831301890125	0.0
4.0	63.34098534345753	10.453823061981282	10.100653363941374	16.104538230619813	0.0
5.0	13.386243386243384	59.470899470899475	10.564373897707231	16.57848324514991	0.0
6.0	15.00617175101393	60.07758772703227	9.82190089931229	15.09433962264151	0.0
7.0	65.58533145275035	9.837799717912553	10.472496473906912	14.104372355430183	0.0
8.0	63.929515418502206	12.493392070484582	10.555066079295154	13.022026431718063	0.0
9.0	14.829165199013739	59.63367382881296	9.140542444522719	16.39661852765058	0.0
10.0	14.713129179866243	9.222104892643436	9.151707145371347	66.91305878211897	0.0
11.0	14.238003164000704	10.142380031640007	9.57989101775356	66.03972578660573	0.0
12.0	14.674390029840268	9.303142004563805	10.77760224679656	65.24486571879937	0.0
13.0	15.070890950463856	57.92053211972694	10.78242604586032	16.22615088394889	0.0
14.0	14.712563340905119	9.557924165647387	60.80726891490477	14.922243578542721	0.0
15.0	60.973913043478255	10.591304347826087	11.513043478260869	16.921739130434784	0.0
16.0	13.695538968929005	11.213331018920327	10.935601458080194	64.15552855407047	0.0
17.0	16.17926976985638	57.7262502163004	10.5208513583665	15.573628655476726	0.0
18.0	14.423907410606324	10.329936085679737	11.038175850751426	64.20798065296252	0.0
19.0	15.214766258409524	60.27255476970848	9.729170260479558	14.78350871140245	0.0
20.0	15.78675838349097	11.229578675838349	9.647463456577816	63.33619948409286	0.0
21.0	15.205079800926722	11.326583147417196	11.481036553972885	61.987300497683194	0.0
22.0	14.165810208975676	8.53031860226105	58.70161014045906	18.602261048304214	0.0
23.0	15.12662559890486	10.951403148528405	10.335386721423683	63.58658453114305	0.0
24.0	63.452991452991455	9.350427350427351	10.017094017094017	17.17948717948718	0.0
25.0	15.59084699453552	9.78483606557377	57.513661202185794	17.11065573770492	0.0
26.0	63.509131251066734	10.172384365932754	9.62621607782898	16.69226830517153	0.0
27.0	13.596042306380074	13.476629136813376	8.205390651654726	64.72193790515183	0.0
28.0	13.908300664734957	57.61036304755412	8.164308846088291	20.317027441622635	0.0
29.0	16.819884235614573	7.7289751447054815	10.180456247871978	65.27068437180796	0.0
30.0	15.934347751752437	10.822362797059327	56.04376816549838	17.199521285689862	0.0
31.0	15.584860421305018	8.614488782325742	9.813324199349204	65.98732659702003	0.0
32.0	15.325210228247812	9.078428007551056	9.799210571477603	65.79715119272352	0.0
33.0	15.341006699879745	57.48153238275211	9.7405943995877	17.43686651778045	0.0
34.0	15.65561092971301	11.067193675889328	10.311050008592542	62.96614538580512	0.0
35.0	14.769601100412654	57.25584594222833	9.3707015130674	18.603851444291607	0.0
36.0	15.764139590854393	10.177067216778408	9.50661853188929	64.55217466047792	0.0
37.0	62.97446514837819	9.920634920634921	10.024154589371982	17.080745341614907	0.0
38.0	62.62504311831666	11.728182131769575	8.985857192135219	16.660917557778546	0.0
39.0	64.32637571157495	11.626703467310678	7.538381921683629	16.508538899430743	0.0
40.0	15.572492638143078	57.647670188809975	10.77429412783648	16.005543045210462	0.0
41.0	14.400559245019224	9.105207969241524	61.377140859839216	15.117091925900034	0.0
42.0	64.28446312839377	9.318619723244002	10.299527062532842	16.097390085829392	0.0
43.0	63.892310399436916	10.944923455921169	9.343656519443956	15.819109625197958	0.0
44.0	17.485855728429986	57.567185289957564	8.787128712871286	16.15983026874116	0.0
45.0	26.186058839120065	13.649615690432018	12.218393851046912	47.94593161940101	0.0
46.0	27.596153846153847	18.044871794871796	18.30128205128205	36.05769230769231	0.0
47.0	32.0385012031626	18.013062908215883	18.975592987280855	30.97284290134067	0.0
48.0	25.578983753888696	20.221223643276875	17.73245765641203	36.4673349464224	0.0
49.0	27.641149982680986	19.120193972982335	19.778316591617596	33.46033945271908	0.0
50.0	25.59916637721431	24.696075026050714	19.138589788120875	30.5661688086141	0.0
51.0	29.39742250087078	18.495297805642632	16.788575409265064	35.318704284221525	0.0
52.0	31.053733426378226	17.06210746685276	20.30704815073273	31.577110956036286	0.0
53.0	30.663856691253947	19.459079733052338	22.128556375131716	27.748507200561995	0.0
54.0	30.265486725663713	22.548672566371682	16.84955752212389	30.336283185840706	0.0
55.0	30.977872947894365	17.02355460385439	19.52177016416845	32.476802284082794	0.0
56.0	28.499820981023987	20.694593626924455	20.264948084496957	30.5406373075546	0.0
57.0	31.13987774181949	17.475728155339805	19.381517439769866	32.002876663070836	0.0
58.0	27.42753623188406	19.021739130434785	20.68840579710145	32.86231884057971	0.0
59.0	26.831935836675175	21.65512212905578	21.54575282537368	29.967189208895366	0.0
60.0	27.991218441273325	18.84376143432126	19.0267105744603	34.13830954994512	0.0
61.0	27.96330275229358	18.642201834862384	23.229357798165136	30.1651376146789	0.0
62.0	29.731716280779125	20.9114296214627	20.654171260565967	28.702682837192206	0.0
63.0	33.83652430044183	19.072164948453608	19.84536082474227	27.245949926362297	0.0
64.0	31.598375784422295	19.416758951642674	19.52750092284976	29.457364341085274	0.0
65.0	29.922423346878464	19.394163280384188	20.24381233838197	30.439601034355373	0.0
66.0	29.101707498144023	17.223459539717894	22.30883444691908	31.365998515219008	0.0
67.0	28.221314519123652	16.709988860007428	21.463052357965097	33.60564426290382	0.0
68.0	25.81967213114754	20.864381520119224	19.374068554396423	33.94187779433681	0.0
69.0	25.924542398206945	19.536794919686216	22.936122525214792	31.602540156892044	0.0
70.0	27.573253193087904	21.149511645379416	19.684447783621337	31.592787377911346	0.0
71.0	28.690071725179312	21.328803322008305	18.04454511136278	31.936579841449603	0.0
72.0	28.139183055975792	18.608169440242055	20.12102874432678	33.13161875945537	0.0
73.0	29.155622870124954	21.052631578947366	19.3865959863688	30.40514956455888	0.0
74.0	32.05030487804878	17.1875	21.150914634146343	29.61128048780488	0.0
75.0	30.778075891146035	19.3560751245688	21.73246454580299	28.133384438482178	0.0
76.0	27.958636537725013	20.91152815013405	18.690157027958637	32.43967828418231	0.0
77.0	28.763440860215056	20.54531490015361	19.086021505376344	31.60522273425499	0.0
78.0	30.84902036112178	19.823280829811758	18.05608912792931	31.271609681137146	0.0
79.0	29.441233140655104	20.886319845857418	19.26782273603083	30.404624277456648	0.0
80.0	31.129156999226602	19.06419180201083	19.837587006960558	29.96906419180201	0.0
81.0	28.044996121024052	17.99844840961986	17.53297129557797	36.423584173778124	0.0
82.0	31.245136186770427	18.754863813229573	21.556420233463037	28.443579766536963	0.0
83.0	30.265210608424336	18.018720748829953	20.67082683307332	31.045241809672387	0.0
84.0	27.866927592954987	20.587084148727985	19.960861056751465	31.58512720156556	0.0
85.0	32.27450980392157	18.470588235294116	20.47058823529412	28.784313725490197	0.0
86.0	29.53652788688138	17.91044776119403	23.52710133542812	29.025923016496463	0.0
87.0	32.7437106918239	18.71069182389937	20.59748427672956	27.94811320754717	0.0
88.0	35.815602836879435	18.991331757289203	15.760441292356187	29.432624113475175	0.0
89.0	30.766192733017377	17.9304897314376	18.048973143759873	33.25434439178515	0.0
90.0	30.03561535417491	16.97665215670756	19.430154333201425	33.557578155916104	0.0
91.0	28.75791139240506	21.242088607594937	16.574367088607595	33.425632911392405	0.0
92.0	30.162504954419344	18.70788743559255	17.8359096313912	33.29369797859691	0.0
93.0	33.41279300754867	18.15653555820421	18.87167262614223	29.558998808104885	0.0
94.0	30.266825965750698	16.885702907208284	19.87256073277579	32.97491039426524	0.0
95.0	30.637450199203187	17.649402390438247	21.274900398406373	30.438247011952193	0.0
96.0	27.649402390438247	17.410358565737052	21.314741035856574	33.62549800796813	0.0
97.0	32.162809257781326	18.355945730247406	18.71508379888268	30.766161213088587	0.0
98.0	30.443467838593683	21.17459049141031	18.01837794646424	30.36356372353176	0.0
99.0	32.53301320528211	18.567426970788315	18.367346938775512	30.532212885154063	0.0
100.0	34.06902086677368	15.168539325842698	18.739967897271267	32.02247191011236	0.0
101.0	32.460732984293195	18.56625050342328	18.928715263793798	30.04430124848973	0.0
102.0	33.37373737373737	15.595959595959597	19.353535353535353	31.676767676767675	0.0
103.0	27.818329278183292	19.424168694241686	20.35685320356853	32.40064882400649	0.0
104.0	27.235772357723576	17.926829268292682	23.089430894308943	31.7479674796748	0.0
105.0	28.187372708757636	19.75560081466395	19.877800407331975	32.17922606924644	0.0
106.0	31.112019623875714	16.68029435813573	19.29681112019624	32.91087489779231	0.0
107.0	31.682357756856323	18.460908718788374	18.419975440032747	31.436758084322552	0.0
108.0	32.79901356350185	19.19441019317715	16.358405260994658	31.648170982326345	0.0
109.0	28.318219291014014	20.733718054410552	20.032976092333058	30.915086562242372	0.0
110.0	27.55482002482416	18.742242449317338	20.479933802234175	33.22300372362433	0.0
111.0	29.966749792186203	18.453865336658353	19.534497090606816	32.04488778054863	0.0
112.0	26.611226611226613	19.37629937629938	21.455301455301456	32.55717255717256	0.0
113.0	28.261775739891622	21.050437682367654	19.00791996665277	31.679866611087952	0.0
114.0	31.29707112970711	16.778242677824267	19.665271966527197	32.25941422594143	0.0
115.0	28.10924369747899	18.10924369747899	20.88235294117647	32.89915966386555	0.0
116.0	30.26094276094276	18.181818181818183	20.15993265993266	31.397306397306394	0.0
117.0	31.50569380008435	17.587515816111345	17.714044706874738	33.19274567692956	0.0
118.0	28.08798646362098	16.455160744500848	21.489001692047378	33.967851099830796	0.0
119.0	22.98558100084818	22.476675148430875	27.184054283290926	27.353689567430024	0.0
120.0	27.952421410365336	20.008496176720474	22.727272727272727	29.31180968564146	0.0
121.0	31.03448275862069	17.922520221370796	18.773946360153257	32.26905065985526	0.0
122.0	28.38241570635937	18.096457533077253	21.93768672641912	31.58344003414426	0.0
123.0	32.42087254063302	19.546621043627034	17.57912745936698	30.453378956372966	0.0
124.0	32.36051502145923	18.88412017167382	19.527896995708154	29.227467811158796	0.0
125.0	28.46054333764554	19.189305735230704	21.388529538594224	30.961621388529537	0.0
126.0	32.33766233766234	17.61904761904762	18.441558441558442	31.601731601731604	0.0
127.0	28.92561983471074	17.268377555458894	23.140495867768596	30.665506742061766	0.0
128.0	29.95633187772926	18.90829694323144	20.87336244541485	30.26200873362445	0.0
129.0	31.49122807017544	19.780701754385966	16.798245614035086	31.929824561403507	0.0
130.0	30.11037527593819	20.044150110375273	17.218543046357617	32.626931567328924	0.0
131.0	30.061892130857647	20.999115826702035	20.424403183023873	28.514588859416445	0.0
132.0	28.641207815275312	20.426287744227352	21.00355239786856	29.928952042628776	0.0
133.0	28.227960819234195	22.350845948352628	19.278717720391807	30.14247551202137	0.0
134.0	25.770433229120144	20.23224653863332	21.21482804823582	32.78249218401072	0.0
135.0	26.986977997305793	17.736865738661876	19.35339021104625	35.922766052986084	0.0
136.0	25.473399458972047	19.341749323715057	21.10009017132552	34.08476104598738	0.0
137.0	29.65142598460842	16.56858306926211	20.68809416025351	33.09189678587596	0.0
138.0	31.241473396998636	18.32651205093224	19.145065939063212	31.28694861300591	0.0
139.0	29.08675799086758	18.12785388127854	20.91324200913242	31.87214611872146	0.0
140.0	27.714154832798897	18.27759963353184	21.53000458085204	32.478240952817224	0.0
141.0	30.14705882352941	18.428308823529413	18.979779411764707	32.44485294117647	0.0
142.0	31.542380731820284	16.62806855025475	17.92496526169523	33.90458545622973	0.0
143.0	32.30769230769231	20.04662004662005	17.94871794871795	29.6969696969697	0.0
144.0	30.135704258306035	18.858212447356106	18.156293869911092	32.84978942442677	0.0
145.0	28.423529411764708	18.96470588235294	18.070588235294117	34.54117647058823	0.0
146.0	28.23306489815253	21.222169587873047	18.853623874940787	31.69114163903363	0.0
147.0	31.080437886720606	17.89623988576868	16.277962874821515	34.7453593526892	0.0
148.0	26.66029622551362	21.213569039655997	19.589106545628283	32.5370281892021	0.0
149.0	30.028873917228104	19.39364773820982	19.15303176130895	31.42444658325313	0.0
150.0	28.564523924601254	19.719671338811022	17.448042532624456	34.267762203963265	0.0
151.0	28.120446818844098	19.5726080621661	20.252549781447303	32.054395337542495	0.0
152.0	27.837573385518592	20.54794520547945	17.661448140900195	33.95303326810176	0.0
153.0	30.108055009823183	19.05697445972495	18.811394891944992	32.02357563850688	0.0
154.0	31.21614967996061	16.88823239783358	20.87641555883801	31.0192023633678	0.0
155.0	31.092436974789916	20.612951062778055	16.361838853188335	31.932773109243694	0.0
156.0	31.542288557213933	15.124378109452735	18.507462686567163	34.82587064676617	0.0
157.0	30.22556390977444	18.49624060150376	18.646616541353385	32.631578947368425	0.0
158.0	28.05247225025227	22.149344096871847	16.750756811301713	33.047426841574165	0.0
159.0	34.17849898580121	15.770791075050711	19.82758620689655	30.223123732251523	0.0
160.0	25.61099796334012	21.283095723014256	21.792260692464357	31.313645621181262	0.0
161.0	28.915046059365405	18.372569089048106	22.92732855680655	29.785056294779938	0.0
162.0	29.93302421432251	17.980422462648118	20.350334878928386	31.736218444100977	0.0
163.0	30.470770822555615	18.313502327987585	16.813243662700465	34.40248318675634	0.0
164.0	29.974025974025974	16.415584415584416	21.818181818181817	31.792207792207794	0.0
165.0	29.807191245440336	17.769671704012506	21.88639916623241	30.536737884314746	0.0
166.0	26.84458398744113	19.832548403976975	21.611721611721613	31.711145996860285	0.0
167.0	26.750921537651394	18.904686677198526	23.85466034755134	30.48973143759874	0.0
168.0	29.358770535241124	19.183889772125067	18.75993640699523	32.69740328563858	0.0
169.0	28.411513859275058	18.816631130063964	19.616204690831555	33.15565031982942	0.0
170.0	30.798071772897696	16.87198714515265	18.639528655597214	33.69041242635244	0.0
171.0	28.756756756756758	19.675675675675674	16.756756756756758	34.81081081081081	0.0
172.0	30.49376017362995	19.967444384156266	17.905588714053174	31.633206728160605	0.0
173.0	28.711256117455136	17.400761283306146	21.04404567699837	32.843936922240346	0.0
174.0	28.899835796387517	21.0727969348659	17.4055829228243	32.62178434592228	0.0
175.0	27.955801104972377	18.7292817679558	20.276243093922652	33.03867403314917	0.0
176.0	29.238465814341303	20.122290161200667	17.898832684824903	32.74041133963313	0.0
177.0	29.91021324354658	21.997755331088666	17.901234567901234	30.190796857463525	0.0
178.0	27.95031055900621	20.383963862224732	20.045172219085263	31.620553359683797	0.0
179.0	26.124075128059193	18.099032441661926	26.46556630620376	29.311326124075126	0.0
180.0	29.152348224513176	15.52119129438717	21.8213058419244	33.50515463917525	0.0
181.0	28.983833718244806	18.822170900692843	19.572748267898383	32.62124711316397	0.0
182.0	33.858727378867485	17.68826619964974	18.680677174547576	29.772329246935204	0.0
183.0	27.369040612124778	22.601530311948203	21.4832254267216	28.546203649205417	0.0
184.0	29.342027267338473	21.280379371665678	18.672199170124482	30.70539419087137	0.0
185.0	27.191413237924866	20.989862850327967	22.957662492546213	28.861061419200958	0.0
186.0	30.718562874251496	16.347305389221557	21.49700598802395	31.437125748502993	0.0
187.0	31.35233474833232	20.194057004244996	18.253486961795026	30.200121285627652	0.0
188.0	30.103595368677638	19.317489335770873	19.98781230956734	30.591102985984154	0.0
189.0	29.75970425138632	18.66913123844732	19.963031423290204	31.608133086876155	0.0
190.0	28.92613283674736	19.180633147113593	19.24270639354438	32.65052762259466	0.0
191.0	28.015075376884425	21.105527638190953	18.530150753768844	32.34924623115578	0.0
192.0	31.139240506329113	19.68354430379747	19.62025316455696	29.55696202531646	0.0
193.0	29.968051118210866	17.955271565495206	21.46964856230032	30.60702875399361	0.0
194.0	27.348777348777347	20.97812097812098	23.93822393822394	27.734877734877735	0.0
195.0	27.984344422700584	21.52641878669276	18.134377038486626	32.35485975212002	0.0
196.0	30.952380952380953	20.03968253968254	19.444444444444446	29.563492063492063	0.0
197.0	29.08232118758435	19.02834008097166	22.469635627530366	29.41970310391363	0.0
198.0	28.29403606102635	22.399445214979195	20.457697642163662	28.84882108183079	0.0
199.0	30.220588235294116	23.97058823529412	17.352941176470587	28.455882352941174	0.0
200.0	28.25342465753425	15.496575342465754	22.26027397260274	33.98972602739726	0.0
201.0	29.745370370370374	16.89814814814815	17.59259259259259	35.76388888888889	0.0
202.0	38.39907192575406	17.40139211136891	16.473317865429234	27.7262180974478	0.0
203.0	33.05882352941176	16.58823529411765	20.823529411764703	29.52941176470588	0.0
204.0	30.79667063020214	17.00356718192628	26.7538644470868	25.44589774078478	0.0
205.0	34.371257485029936	16.047904191616766	27.065868263473053	22.51497005988024	0.0
206.0	30.445246690734056	19.253910950661854	21.41997593261131	28.880866425992778	0.0
207.0	28.223844282238442	22.62773722627737	16.78832116788321	32.360097323600975	0.0
208.0	30.627306273062732	16.605166051660518	19.803198031980322	32.96432964329643	0.0
209.0	24.137931034482758	22.29064039408867	20.073891625615765	33.497536945812804	0.0
210.0	24.720496894409937	17.018633540372672	18.012422360248447	40.24844720496895	0.0
211.0	28.428927680798004	18.952618453865338	21.571072319201996	31.047381546134662	0.0
212.0	26.716604244694132	17.60299625468165	21.722846441947567	33.95755305867665	0.0
213.0	25.56675062972292	20.780856423173805	17.632241813602015	36.02015113350126	0.0
214.0	28.517110266159694	25.982256020278832	17.490494296577946	28.010139416983527	0.0
215.0	27.54182754182754	25.482625482625483	16.08751608751609	30.888030888030887	0.0
216.0	29.166666666666668	18.098958333333336	16.40625	36.328125	0.0
217.0	25.46419098143236	17.771883289124666	26.790450928381965	29.973474801061005	0.0
218.0	25.34246575342466	22.328767123287673	19.589041095890412	32.73972602739726	0.0
219.0	18.41317365269461	21.706586826347305	23.353293413173652	36.52694610778443	0.0
220.0	0.0	28.767123287671232	26.94063926940639	44.29223744292237	0.0
