# Position (bp)	A	C	G	T	N
0.0	26.669700698389153	24.28658115192071	23.737646153241077	25.305791067585865	2.809288631932622E-4
1.0	27.111266522134414	20.19302049094342	15.381495209455206	37.31393803762501	2.797398419469893E-4
2.0	28.090109975864397	19.97625457768265	17.845855420477918	34.08750132383516	2.7870213987503E-4
3.0	23.850430211785888	21.96261033119501	14.868352693095218	39.315272865680015	0.0033338982438691
4.0	34.51683353032195	13.793723859795778	14.548001096123983	37.137843126942784	0.003598386815510708
5.0	36.30801372929414	14.704272994080487	22.207299076423087	26.776821591028426	0.003592609173865703
6.0	32.32312644642005	17.524749471082632	20.125064476889	30.026507931691736	5.516739165813871E-4
7.0	35.27658402203856	17.02093663911846	20.437741046831956	27.263636363636362	0.0011019283746556475
8.0	22.977316002069188	26.78522293274046	22.412417315121562	27.82504375006879	0.0
9.0	28.52618556701031	18.00549828178694	15.961512027491409	37.50625429553265	5.49828178694158E-4
10.0	26.782889098859563	17.086180755454965	24.875024720384978	31.253982728691028	0.0019226966094618647
11.0	28.305589482495986	18.549726221026773	19.483731079059684	33.66095321741756	0.0
12.0	26.449336983535687	19.757451734486185	21.14465664141151	32.6482803267626	2.7431380401924586E-4
13.0	27.570516159096513	21.28751953071462	18.41287245415422	32.728543625448864	5.482305857843809E-4
14.0	31.513664647350677	18.440283983443436	20.36676626188975	29.678736876730355	5.482305857843809E-4
15.0	29.93503467558455	18.762643567884652	19.290863737287903	32.011458019242895	0.0
16.0	30.612647679614046	17.60697349305118	19.00770263973027	32.772402072311614	2.7411529289219044E-4
17.0	30.087716893725503	18.461390860996136	20.2878210575368	31.16252295715578	5.482305857843809E-4
18.0	31.596173350511226	18.163701652915215	18.448507442230202	31.791617554343354	0.0
19.0	30.759299361311363	18.313916833420134	19.78317480332228	31.14360900194622	0.0
20.0	30.124448342973054	18.27279953948631	19.81332748554042	31.78942463200022	0.0
21.0	30.26534360351964	17.183465365532744	19.529069926811214	33.020750527671936	0.0013705764644609524
22.0	28.78978098188098	18.96302184698884	19.82977440311395	32.41742276801623	0.0
23.0	29.831693210164197	17.556536279159012	20.063046517365205	32.547079301554234	0.0016446917573531426
24.0	31.081110715166798	17.791727200460514	18.414243030618678	32.71264493846112	2.7411529289219044E-4
25.0	29.635700775746276	18.135741893040212	19.34568679586634	32.88259642005428	2.7411529289219044E-4
26.0	31.736520380472026	17.567775006167594	20.152956333433842	30.542474164633642	2.7411529289219044E-4
27.0	29.045530550149394	18.267865464214246	19.860475315917874	32.82530632383981	8.223458786765713E-4
28.0	30.289191634001263	17.90493681642499	20.129382418245115	31.676215016035748	2.7411529289219044E-4
29.0	29.427921383733995	18.356404703818427	19.47315040706121	32.74197527480058	5.482305857843809E-4
30.0	29.92157496977854	18.36752036008081	19.326383539789532	32.38315054261569	0.0013705877354327084
31.0	30.717780732171985	18.209180246981262	19.32840832773674	31.7435342169104	0.001096476199613492
32.0	29.196237907658233	18.62460491725535	19.325268574028843	32.8533403509349	5.48250122670965E-4
33.0	29.6930554375269	18.084975150018227	19.389290795500962	32.83240448588088	2.7413107303125915E-4
34.0	29.784247608081806	18.05658360062505	19.61784137949941	32.53968253968254	0.0016448721111933548
35.0	30.67051423205652	17.62869529643368	19.150881489677744	32.54908528800455	8.236938275130212E-4
36.0	31.106240145909215	17.438238541786838	19.059940339832227	32.39503161549406	5.493569776576518E-4
37.0	29.3473183224608	18.97701105206175	19.28697439504938	32.387871859835016	8.243705930522046E-4
38.0	30.9868370410284	18.47212905637969	18.950207286363085	31.590551700627906	2.749156009105205E-4
39.0	29.99303780225707	18.734641199149127	19.449573599786458	31.82192184176273	8.255570446158546E-4
40.0	29.80508462886072	18.767053370670272	19.508366325024483	31.91728856579256	0.0022071096519663967
41.0	29.7863214752175	18.248455936068005	20.244393775042614	31.719721957806655	0.0011068558652292297
42.0	29.0247892635315	18.61024844720497	19.626774622892633	32.73791038154392	2.7728482697426796E-4
43.0	29.369953419383872	18.435591257176664	20.48213854191839	31.712039019946058	2.77761575019235E-4
44.0	29.465229338406257	18.799018789840805	19.85003726818632	31.885714603566623	0.0
45.0	29.317754536465806	18.671438717673762	19.737351511691063	32.27317670979152	2.78524377846171E-4
46.0	30.313196297752604	17.31740441112905	19.784546826067437	32.58457359736526	2.7886768564919006E-4
47.0	30.008903725329844	18.379633635427336	19.76571200495706	31.844913293345652	8.373409401105849E-4
48.0	30.325073118405726	17.687810246912548	19.220573158910668	32.76514675359866	0.0013967221724057982
49.0	29.205264497079476	18.23280887817672	20.0880212279912	32.47390539675261	0.0
50.0	29.879905538015905	18.434373853191737	19.365827284722204	32.318212505847846	0.0016808182223106208
51.0	30.256427542155066	18.04711705106922	19.35495650366425	32.34149890311146	0.0
52.0	29.670729232434383	18.3446829620276	19.71593983945161	32.268647966086405	0.0
53.0	31.249964658316603	17.858859453193475	19.305323871186634	31.58585201730329	0.0
54.0	30.21498485862378	18.38231124318071	19.276049405119714	32.126087400333454	5.670927423470835E-4
55.0	29.09703940822279	18.54165126764728	18.318768230069878	34.04225680447131	2.842895887466809E-4
56.0	29.114400186934	18.18417558117666	20.572143414850995	32.12899585667633	2.849603620136439E-4
57.0	28.18551333576909	18.652664870295947	19.546663774205335	33.61515801972963	0.0
58.0	30.70543453703624	17.71522373888598	22.024989204137604	29.554352519940174	0.0
59.0	29.545461059377537	20.526335399810264	20.74788694852151	29.180316592290694	0.0
60.0	31.732621181719402	18.642523270454717	19.5319462091725	30.09290933865339	0.0
61.0	29.25165946914296	20.88781959745793	19.651980256572248	30.208252198922825	2.884779040349405E-4
62.0	30.823623549330726	16.510160120837163	21.57992850661154	31.08483824113508	0.0014495820854847547
63.0	26.494157074421036	20.504975901398623	25.351553491304944	27.649021605541947	2.9192733344815807E-4
64.0	26.3812272290904	20.120603251120748	18.138341441073806	35.357773008710566	0.002055070004491796
65.0	27.776218984526597	19.381772751572	18.586985093670346	34.25354641872993	0.0014767515011179008
66.0	26.959202951503375	19.118232424949948	17.023128427231303	36.89616863017686	0.003267566138509158
67.0	33.635570846623416	14.256830209415952	17.763322940185645	34.34158812075165	0.0026878830233308245
68.0	34.95791917579627	15.175699533241433	22.95460591549977	26.910868461147793	9.069143147355437E-4
69.0	31.824059694474176	16.93601776974812	20.375194124598604	30.864728411179104	0.0
70.0	33.167633804040264	15.938557545508909	22.230796727434296	28.662677851384892	3.3407163163925606E-4
71.0	25.715175568920746	20.104882596307224	25.581336621787127	28.59818433579266	4.208771922440751E-4
