# Position (bp)	A	C	G	T	N
0.0	26.78479637221288	24.218165500152708	23.966327555918753	25.03056048950813	1.500822075291741E-4
1.0	26.994602918311205	20.129993421839494	15.320311565602202	37.55479308695132	2.99007295778017E-4
2.0	28.119008067459756	20.036798939237055	17.952667923094687	33.89092913596984	5.959342386567643E-4
3.0	23.57083792416089	22.227133964000977	15.121833071937866	39.07818906804776	0.0020059718525001465
4.0	34.60743885826792	13.73906589462815	14.48357393488536	37.16873614371353	0.001185168505035855
5.0	36.11882757697714	14.782390733241302	22.56236288741814	26.53213027941206	0.004288522951361495
6.0	32.27198590645602	17.669057184141217	20.33448539884331	29.724176172253113	2.953383063381815E-4
7.0	35.383910684412555	16.719971203748234	20.465106673000268	27.43086391705735	1.475217815910519E-4
8.0	23.099989682668358	26.764926968031013	22.250725897976327	27.884136365646235	2.2108567806977466E-4
9.0	28.637836906305857	18.31447608063731	15.931193305804175	37.11568359290134	8.101143513230272E-4
10.0	26.800449574163178	17.071379098923245	25.17593232539807	30.950472501856662	0.0017664996588447534
11.0	28.251797021038993	18.668052640522962	19.739239759499696	33.34091057893835	0.0
12.0	26.51439555437573	19.75242279022192	21.42409105382091	32.30909060158144	0.0
13.0	27.66730612334899	21.53094749840136	18.4913232343278	32.31005564008144	3.675038404151323E-4
14.0	31.445613106656968	18.469567006975225	20.503039256760232	29.58156012730333	2.205023042490794E-4
15.0	29.842340852461906	18.99377448494337	19.422136961331248	31.741600699727314	1.4700153616605295E-4
16.0	30.458056786693422	17.64738741519849	19.260729274620918	32.63353252041484	2.940030723321059E-4
17.0	29.927969247278636	18.49183773970438	20.389921574680457	31.1895364306557	7.350076808302646E-4
18.0	31.597906698124994	18.16490632327108	18.415690943970365	31.82142253386548	7.350076808302647E-5
19.0	30.76698051494638	18.399667776528265	19.650136343924792	31.183068363064393	1.4700153616605295E-4
20.0	30.14082747164708	18.360050862531512	19.57545956355244	31.923074096124303	5.880061446642118E-4
21.0	30.311202252063534	17.201678757543014	19.449552747826214	33.03719873872682	3.675038404151323E-4
22.0	28.71924911615326	19.058602162392596	19.802650437697075	32.419498283757065	0.0
23.0	29.91907565434059	17.700234467450183	20.12605381726239	32.25338654788942	0.0012495130574114498
24.0	30.91464355802518	18.16064327872226	18.68595326821165	32.238392391200485	3.675038404151323E-4
25.0	29.483657104216736	18.152999198841627	19.388326608013053	32.97457608432008	4.410046084981588E-4
26.0	31.726459541502212	17.804164553519584	20.09422798468244	30.374412912614936	7.350076808302646E-4
27.0	28.790324358889553	18.499187816512684	20.057698102945174	32.65242221781218	3.675038404151323E-4
28.0	30.134432904823854	18.077219906948027	20.056669092192013	31.731237091427605	4.410046084981588E-4
29.0	29.211820704902802	18.67186856867334	19.457225430127124	32.65886479366834	2.2050262839133042E-4
30.0	29.937000963618445	18.45428545597675	19.401586332053654	32.20587770498575	0.0012495433654024963
31.0	30.774766219122622	18.242258879704103	19.442071884403976	31.539285919048087	0.0016170977212152928
32.0	29.286817921875162	18.51925629833921	19.51665566530779	32.67668206856909	5.880459087440956E-4
33.0	29.603651297823497	18.31066463882128	19.546336977623376	32.53920006939171	1.4701634013112387E-4
34.0	29.68340407513971	18.26557361141945	19.542160597377432	32.50812660896566	7.351070977530717E-4
35.0	30.254504071224876	17.4878032780602	19.700202768889902	32.55697393045123	5.159513737942401E-4
36.0	30.70592365745576	17.593731744879715	19.107763478548208	32.592286086869294	2.9503224702459975E-4
37.0	29.032048547401175	19.137902784153894	19.243373223646042	32.58564214448195	0.0010333003169279687
38.0	30.808970554887072	18.403287913269764	19.309473211469584	31.478046723055797	2.215973177860655E-4
39.0	29.662655183868054	18.71150689167665	19.827358524764684	31.797961534449502	5.178652411069592E-4
40.0	29.792384356333567	18.946784378913406	19.803926811623267	31.45571604074472	0.0011884123850396707
41.0	29.85048228511726	18.327804623220583	20.413291292748	31.40775014459225	6.716543219089908E-4
42.0	28.996395243068424	18.504493780577736	19.90275017125403	32.59576188390662	5.989211932007472E-4
43.0	29.37283772729661	18.347404522292514	20.62978889464244	31.649518577721743	4.502780466938334E-4
44.0	29.391672125180584	18.750540524483597	20.158197885731433	31.699363854385147	2.2561021924049073E-4
45.0	29.14618717980983	18.67051051847543	19.83941419939554	32.34305925293545	8.288493837504832E-4
46.0	30.24753880105422	17.42900184457842	19.814425146645494	32.50865683897827	3.7736874360359975E-4
47.0	29.427541894459363	18.35027954830918	19.948292253813843	32.27350843330517	3.778701124390307E-4
48.0	30.12423065223741	17.84674940638965	19.226543500401792	32.80134143074849	0.0011350102226587388
49.0	29.24624098039899	18.04617368860571	20.130627920335005	32.57688163161381	7.577904648741385E-5
50.0	29.763113187190577	18.738812116496828	19.420646184798763	32.07689665966648	5.318518473494024E-4
51.0	30.115241564782846	18.31024814511053	19.37378168570829	32.20034713612695	3.814682713765283E-4
52.0	29.720855117375137	18.28625476464037	19.927904753947953	32.0644488270151	5.365370214377199E-4
53.0	31.099753184504976	17.84700826670239	19.39095235675694	31.662286192035697	0.0
54.0	30.03155588110758	18.423179510003	19.323418419857024	32.2213053193758	5.408696565941283E-4
55.0	29.170723539370787	18.55802206525312	18.36259449671006	33.90865989866604	0.0
56.0	29.222415047864303	18.281114905422132	20.490134791343994	32.00610199854448	2.3325682509470227E-4
57.0	28.20571163186476	18.87056216302985	19.735901897513543	33.18766846072386	1.5584686798445583E-4
58.0	30.919011205205926	17.997761614261936	22.025684421975544	29.05746465717006	7.810138653391514E-5
59.0	29.45881693334816	20.38582550150581	21.082898608829385	29.072380651092278	7.830522436795938E-5
60.0	31.1554235610239	19.246688351482582	19.615644494728077	29.981772183723816	4.714090416254184E-4
61.0	29.11975120076243	21.07519518306499	19.706310235355748	30.09708661268232	0.0016567681345106382
62.0	31.097647586286246	16.576402858287807	21.44850598518483	30.877046806248238	3.967639928741187E-4
63.0	26.607412119027966	20.384086454212238	25.38297972650641	27.625441792115783	7.990813760500928E-5
64.0	26.169920790025635	20.058139301186824	18.20768239477325	35.56321242148742	0.0010450925268649072
65.0	27.658211621717143	19.345939742539393	18.689065000837065	34.30540874317912	0.001374891727276477
66.0	26.756184067377102	19.554760158522882	17.01145013961007	36.674109284516696	0.0034963499732488567
67.0	33.38450609699773	14.257745602698261	18.011668371063028	34.344363271034986	0.00171665820599408
68.0	34.31926665624139	15.475496048737341	22.833590241940886	27.369909506942324	0.0017375461380554874
69.0	31.74918039168561	17.168022666380065	20.477683127662562	30.604690681430053	4.23132841709389E-4
70.0	33.251542587458914	16.005040670288697	21.83730789516428	28.905652595251695	4.5625183641364155E-4
71.0	25.655825102570624	19.94074080890176	25.4271619195285	28.976157147277267	1.1502172185217178E-4
