# Position (bp)	A	C	G	T	N
0.0	26.16398388558354	24.271538685383863	24.1013961609275	25.463081268105093	0.0
1.0	27.055459143265697	20.845891375221687	15.513964618487922	36.5846848630247	0.0
2.0	29.29834520510696	20.17299718149563	17.4297510493259	33.09890656407151	0.0
3.0	23.17604175727163	22.797577870141776	15.553705746502274	38.47267462608431	0.0
4.0	34.04462125994536	13.461160992187896	15.154308126314605	37.33990962155214	0.0
5.0	34.83625312196532	15.163941747131366	23.701303024693164	26.298502106210154	0.0
6.0	31.498725772279585	17.72896420155229	21.138784754275914	29.633525271892214	0.0
7.0	35.609864765677436	17.59276135063673	20.147760243689202	26.649613639996634	0.0
8.0	23.36195917778844	26.81192535236206	22.808526004580255	27.01758946526925	0.0
9.0	27.623256598231304	18.892659537442878	15.748961023999938	37.735122840325886	0.0
10.0	26.670908274195327	16.9727164833377	24.69291034812871	31.66346489433827	0.0
11.0	28.092769590840206	18.944365799437342	19.20260484603525	33.7602597636872	0.0
12.0	25.794158743014194	20.60868394046043	20.483984900699863	33.11317241582551	0.0
13.0	26.994175921605873	21.295283672860837	19.27294289815019	32.437597507383096	0.0
14.0	30.744394002852975	18.777702610163605	19.984255122544813	30.4936482644386	0.0
15.0	29.489439428293874	18.661990669167032	20.293429180565752	31.55514072197334	0.0
16.0	29.573213477205933	18.28244608532288	18.553901931187074	33.59043850628411	0.0
17.0	30.16396705964454	18.173228885980507	19.781911446308335	31.880892608066613	0.0
18.0	32.28863248911705	17.786856704972383	18.945502379226827	30.979008426683745	0.0
19.0	30.257304615642404	18.55337423342767	20.374272477306356	30.81504867362356	0.0
20.0	29.878888493160673	17.77588871000386	20.30419421485758	32.04102858197789	0.0
21.0	29.257698927645087	18.830545451947557	20.071138529023823	31.840617091383532	0.0
22.0	29.73343063538788	18.876211604203625	22.796591916790668	28.593765843617824	0.0
23.0	29.632794613456113	20.472740879211038	21.451441617508916	28.443022889823933	0.0
24.0	33.07908314056805	19.476609877998712	17.79335144662658	29.650955534806663	0.0
25.0	29.185274439773735	21.24353681873103	20.020658149516585	29.550530591978653	0.0
26.0	31.201818657558007	16.997542633310864	22.443099365406912	29.357539343724216	0.0
27.0	26.032816143524695	21.015595741949948	24.939442622894923	28.01214549163043	0.0
28.0	27.072291426851713	19.877173069521255	19.12954712085261	33.92098838277442	0.0
29.0	28.007915791128134	20.661591729660923	17.456144459940717	33.87434801927022	0.0
30.0	26.963461687200592	19.31568749939511	16.05926444506598	37.66158636833831	0.0
31.0	34.334558730232814	14.951650907697529	18.593946202592843	32.11984415947681	0.0
32.0	34.044309221711735	15.704046371120217	23.05907893491077	27.192565472257286	0.0
33.0	31.57232947424795	18.126453340337488	20.727727995231223	29.573489190183338	0.0
34.0	33.264592684871154	17.03336481069297	21.608695465831588	28.09334703860429	0.0
35.0	27.05307539927523	20.319790022653287	25.5105890876697	27.116545490401784	0.0
