# Position (bp)	A	C	G	T	N
0.0	53.47826086956522	10.289855072463768	15.043478260869565	21.18840579710145	0.0
1.0	15.79023612921918	53.16529045342605	16.15239750832971	14.892075909025063	0.0
2.0	18.724812895797353	49.19401266551526	12.305699481865284	19.775474956822105	0.0
3.0	54.83316626091938	12.043534297579837	14.334813117571244	18.788486323929543	0.0
4.0	53.203661327231124	13.229405034324943	12.90045766590389	20.666475972540045	0.0
5.0	18.04940739682993	47.62244752249036	12.851635013565616	21.476510067114095	0.0
6.0	19.523333809048093	49.13657770800628	12.658769801626946	18.681318681318682	0.0
7.0	55.35128972495368	13.153769417129826	14.065840102607952	17.429100755308536	0.0
8.0	53.34567198177677	17.013097949886106	12.044419134396357	17.596810933940773	0.0
9.0	20.051158163990337	47.534460707687934	11.90848372886173	20.505897399459997	0.0
10.0	20.40062508879102	11.56414263389686	12.373916749538287	55.66131552777384	0.0
11.0	16.51545222568755	15.59398922597108	12.0640771193649	55.82648142897647	0.0
12.0	20.500848896434633	11.47425014148274	12.705149971703452	55.31975099037917	0.0
13.0	19.977426636568847	45.42889390519188	12.429458239277652	22.164221218961625	0.0
14.0	19.22103487064117	12.4859392575928	50.28121484814398	18.011811023622048	0.0
15.0	50.30040519770854	14.489311163895488	15.52326393740394	19.687019700992035	0.0
16.0	18.12482585678462	14.990247979938701	14.224017832265254	52.66090833101143	0.0
17.0	21.289605336297942	46.37298499166204	11.742634797109504	20.594774874930515	0.0
18.0	19.184918214582755	12.79456612143055	13.90352093152204	54.116994732464654	0.0
19.0	20.575619205756194	49.411927494119276	12.674692126746923	17.33776117337761	0.0
20.0	19.754787160765947	16.03526656564265	10.99324975891996	53.21669651467145	0.0
21.0	19.367697594501717	14.171821305841926	14.213058419243987	52.24742268041237	0.0
22.0	18.08087731322824	11.692940370116519	47.100753941055515	23.12542837559973	0.0
23.0	18.972602739726028	14.986301369863014	13.479452054794521	52.56164383561644	0.0
24.0	53.54653546535465	11.985786524531912	12.696460297936312	21.771217712177123	0.0
25.0	20.507572656569792	13.548915268112976	44.985673352435526	20.957838722881704	0.0
26.0	54.7077258482082	12.276876958713721	13.162556206567652	19.852840986510422	0.0
27.0	18.284547311095984	16.310415248468345	10.98706603131382	54.417971409121854	0.0
28.0	17.806170993611524	45.983417153731146	9.773005301073807	26.437406551583525	0.0
29.0	21.748574531631824	11.52592994841162	11.743144175943526	54.98235134401304	0.0
30.0	21.553133514986374	13.147138964577657	43.433242506811986	21.86648501362398	0.0
31.0	20.60514786418401	12.74644030668127	12.801204819277109	53.84720700985761	0.0
32.0	19.70823011285439	11.464354527938344	12.5103220478943	56.31709331131296	0.0
33.0	19.784768211920532	45.943708609271525	12.417218543046356	21.85430463576159	0.0
34.0	21.555309121153314	14.263931244801775	12.683670640421402	51.49708899362351	0.0
35.0	19.075466443887496	46.08744082428293	12.11361737677527	22.7234753550543	0.0
36.0	20.167480809490577	13.342637822749476	11.48639218422889	55.00348918353105	0.0
37.0	52.06322562596167	13.330535739264231	12.896908658553643	21.709329976220452	0.0
38.0	51.79997198487183	14.763972545174395	11.262081524022973	22.173973945930804	0.0
39.0	53.357684742905306	13.838156785613936	10.803596515875245	22.00056195560551	0.0
40.0	18.554080768144594	46.82293137531771	14.176786218582322	20.44620163795538	0.0
41.0	17.479088549177963	12.575713873665995	50.11537352177675	19.82982405537929	0.0
42.0	54.191400028956124	13.16056174895034	12.393224265238164	20.254813956855365	0.0
43.0	54.38928519435143	13.480856019799099	12.039598194788178	20.09026059106129	0.0
44.0	20.296884185773077	48.28042328042328	11.831275720164609	19.591416813639036	0.0
45.0	29.93821008570859	15.905919872433724	14.092086904524617	40.06378313733307	0.0
46.0	29.415715245130958	17.147974031788674	21.356615177971793	32.07969554510857	0.0
47.0	32.769652650822664	17.87020109689214	18.96709323583181	30.39305301645338	0.0
48.0	27.097219030108022	21.55826246839807	18.01884624224316	33.32567225925075	0.0
49.0	26.65284496659756	18.88965676111495	20.2718267680258	34.18567150426169	0.0
50.0	24.919168591224018	23.602771362586605	18.683602771362587	32.79445727482679	0.0
51.0	29.076529425447777	19.585950220981623	17.492440102349384	33.84508025122122	0.0
52.0	28.54804769698387	17.816226326864626	18.681318681318682	34.954407294832826	0.0
53.0	32.181476257639865	18.54724964739069	21.321109543958627	27.950164551010815	0.0
54.0	28.951115329852872	24.133839582344567	16.7062173706692	30.208827717133364	0.0
55.0	31.42993100166548	17.582679038781823	20.342612419700217	30.644777539852484	0.0
56.0	27.947178871548616	20.33613445378151	20.456182472989195	31.26050420168067	0.0
57.0	31.78743961352657	18.333333333333332	19.033816425120772	30.845410628019327	0.0
58.0	29.644941634241246	19.64980544747082	20.695525291828794	30.009727626459142	0.0
59.0	24.774225042714182	23.309738833292652	21.845252623871126	30.07078350012204	0.0
60.0	29.017967019443763	18.926901304454834	19.886783165148906	32.1683485109525	0.0
61.0	29.277942631058355	18.94164193867458	22.502472799208704	29.277942631058355	0.0
62.0	30.09925558312655	22.332506203473944	19.35483870967742	28.213399503722087	0.0
63.0	33.85846461615404	17.67941985496374	20.43010752688172	28.032008002000502	0.0
64.0	30.185836263184328	20.718232044198896	21.245605223505777	27.850326469110996	0.0
65.0	31.413480885311873	19.491951710261567	19.718309859154928	29.376257545271628	0.0
66.0	27.041970344307614	18.094998743402865	20.733852726815783	34.129178185473734	0.0
67.0	29.020891014346837	16.71281147747294	21.520261766926755	32.74603574125346	0.0
68.0	26.250631632137445	19.50480040424457	20.33855482566953	33.90601313794846	0.0
69.0	26.702100733991397	19.463426980511265	22.956213616805872	30.878258668691473	0.0
70.0	28.382165605095544	22.14012738853503	19.64331210191083	29.8343949044586	0.0
71.0	27.905785970302098	21.249359959037378	18.612391193036355	32.232462877624165	0.0
72.0	28.7146529562982	18.97172236503856	20.077120822622106	32.23650385604113	0.0
73.0	27.654639175257735	20.18041237113402	20.2319587628866	31.932989690721648	0.0
74.0	30.34232365145228	17.401452282157674	22.380705394190873	29.87551867219917	0.0
75.0	29.497526685758917	20.35928143712575	21.114293152824786	29.028898724290546	0.0
76.0	28.022982501958737	21.102115434839384	17.88978845651606	32.985113606685815	0.0
77.0	28.227914270778882	20.961840041819134	19.262937794040774	31.547307893361214	0.0
78.0	30.77527501309586	20.193818753273966	17.46987951807229	31.561026715557883	0.0
79.0	27.76902887139108	23.097112860892388	17.165354330708663	31.968503937007874	0.0
80.0	30.63583815028902	18.996321597477667	19.28533893851813	31.082501313715188	0.0
81.0	27.870150435471103	19.18712061229876	17.49802058590657	35.44470836632357	0.0
82.0	29.71473851030111	19.783412572636028	20.47015319598521	30.031695721077657	0.0
83.0	30.2934179222839	19.058947924927306	21.940259053661116	28.707375099127674	0.0
84.0	30.53637812002124	18.95910780669145	19.516728624535315	30.987785448751993	0.0
85.0	31.763766959297683	17.903697791965946	21.707901037509977	28.62463421122639	0.0
86.0	30.359520639147803	17.976031957390145	22.503328894806923	29.161118508655125	0.0
87.0	32.07597645799893	19.20813269127876	20.331728196896737	28.384162653825573	0.0
88.0	34.647358541163854	19.3349423437919	17.055510860820593	28.962188254223655	0.0
89.0	31.20796341135324	18.267419962335214	16.68011837503363	33.84449825127791	0.0
90.0	31.492456896551722	18.103448275862068	18.02262931034483	32.38146551724138	0.0
91.0	31.33603238866397	21.133603238866396	16.005398110661268	31.52496626180837	0.0
92.0	29.945945945945944	19.27027027027027	17.81081081081081	32.972972972972975	0.0
93.0	34.559221200649	17.198485667928608	19.03731746890211	29.204975662520283	0.0
94.0	28.741542625169146	18.186738836265224	19.59404600811908	33.47767253044655	0.0
95.0	29.796472184531886	17.80189959294437	21.51967435549525	30.881953867028493	0.0
96.0	27.86529060293319	16.97447039652363	20.450841933731667	34.70939706681151	0.0
97.0	29.787812840043525	19.26006528835691	20.26659412404788	30.68552774755169	0.0
98.0	32.24311801580812	22.158626328699917	17.44344508040338	28.15481057508858	0.0
99.0	33.18789200981729	19.361876193073357	17.998363785110445	29.45186801199891	0.0
100.0	33.433734939759034	14.430449069003288	19.633077765607887	32.50273822562979	0.0
101.0	31.629568562791977	18.93377301456444	18.713932399010716	30.72272602363287	0.0
102.0	30.37486218302095	15.132304299889746	19.983461962513783	34.50937155457552	0.0
103.0	27.823920265780732	19.93355481727575	20.81949058693245	31.423034330011074	0.0
104.0	29.173599556295066	17.609539656128675	21.29783693843594	31.91902384914032	0.0
105.0	28.309232480533925	21.301446051167964	19.07675194660734	31.31256952169077	0.0
106.0	29.807423946413618	18.55986603404968	19.14596706670388	32.48674295283282	0.0
107.0	28.968031407739765	19.125070106561974	18.620302860347728	33.286595625350536	0.0
108.0	33.09779536461278	18.79592990390051	15.912945166760881	32.19332956472583	0.0
109.0	29.390070921985817	19.54609929078014	20.4822695035461	30.581560283687942	0.0
110.0	25.84781989170704	21.202621829581076	20.00569962952408	32.9438586491878	0.0
111.0	28.665332952272077	18.433838239497	20.17719348385253	32.72363532437839	0.0
112.0	25.861079219288175	19.316877152698048	22.388059701492537	32.43398392652124	0.0
113.0	28.155619596541786	20.51873198847262	19.53890489913545	31.786743515850148	0.0
114.0	29.46971892205158	17.386264850767894	20.341929875398435	32.802086351782094	0.0
115.0	27.737438280569272	19.343595701423176	19.982573337205924	32.936392680801625	0.0
116.0	28.679464805119252	20.157068062827225	19.168121000581735	31.995346131471784	0.0
117.0	30.531231757151193	18.4179801517805	18.126094570928196	32.9246935201401	0.0
118.0	27.686435701702877	17.29301233118027	20.610687022900763	34.40986494421609	0.0
119.0	23.465171192443922	23.022432113341203	26.446280991735538	27.066115702479337	0.0
120.0	27.081481481481482	21.62962962962963	21.392592592592592	29.8962962962963	0.0
121.0	30.622579684241884	18.707179028894846	18.88591003872505	31.78433124813822	0.0
122.0	29.236276849642007	18.943914081145586	21.479713603818613	30.340095465393794	0.0
123.0	30.997304582210244	20.245582509733453	17.909553758610365	30.847559149445942	0.0
124.0	30.875714715618418	20.042130604875112	18.98886548299729	30.093289196509176	0.0
125.0	28.10141865378811	19.348022939933596	21.73256866888017	30.817989737398126	0.0
126.0	30.181818181818183	18.333333333333332	19.3030303030303	32.18181818181819	0.0
127.0	27.757464960390006	19.195612431444243	23.613650213284583	29.433272394881172	0.0
128.0	30.265973708346074	18.985019871598897	20.941608070926325	29.807398349128704	0.0
129.0	31.574102485424977	20.22092666462105	17.520711874808224	30.684258975145752	0.0
130.0	29.658145980905452	21.188789651986447	17.708654142285184	31.44441022482291	0.0
131.0	30.70500927643785	20.037105751391465	20.377241805813235	28.88064316635745	0.0
132.0	29.73225404732254	19.89414694894147	20.330012453300125	30.04358655043586	0.0
133.0	29.25	20.71875	20.5	29.531249999999996	0.0
134.0	25.094221105527637	21.92211055276382	19.34673366834171	33.63693467336684	0.0
135.0	26.94365753855839	17.500786905886056	18.885741265344667	36.66981429021089	0.0
136.0	24.628986422481844	21.787180296810863	21.313545942532365	32.27028733817493	0.0
137.0	28.539682539682538	17.142857142857142	20.793650793650794	33.523809523809526	0.0
138.0	30.179028132992325	18.0306905370844	19.501278772378516	32.289002557544755	0.0
139.0	29.727126805778493	17.39967897271268	20.513643659711075	32.359550561797754	0.0
140.0	28.765352294764057	19.683257918552037	19.42469295410472	32.126696832579185	0.0
141.0	29.9545159194282	17.83625730994152	20.305393112410655	31.90383365821962	0.0
142.0	29.08496732026144	15.784313725490195	19.31372549019608	35.81699346405229	0.0
143.0	31.35259356533158	19.665134602757714	19.500984898227184	29.48128693368352	0.0
144.0	30.207989435457243	17.7946517002311	18.355893034004623	33.641465830307034	0.0
145.0	27.33311192294919	20.092992361341746	19.196280305546328	33.37761541016274	0.0
146.0	28.542847615871956	20.173391130376793	18.072690896965653	33.21107035678559	0.0
147.0	29.39993295340261	18.806570566543748	17.499161917532685	34.29433456252095	0.0
148.0	27.423167848699766	20.466058763931105	20.128335021952044	31.98243836541709	0.0
149.0	28.04753820033956	19.69439728353141	20.74702886247878	31.511035653650254	0.0
150.0	26.816786079836234	19.310815421357898	19.106107130672125	34.76629136813374	0.0
151.0	28.50291195614937	18.225419664268586	22.028091812264474	31.243576567317575	0.0
152.0	27.693370165745858	21.09806629834254	17.99033149171271	33.2182320441989	0.0
153.0	30.787920860812218	19.507115584866366	18.2922596320722	31.412703922249218	0.0
154.0	30.339042292904576	17.89584061516952	19.713386927647676	32.051730164278226	0.0
155.0	28.847505270555164	21.784961349262122	16.163035839775123	33.20449754040759	0.0
156.0	31.433628318584073	17.168141592920357	17.98230088495575	33.415929203539825	0.0
157.0	29.771265189421015	18.441744102930667	20.65761258041458	31.129378127233736	0.0
158.0	27.478448275862068	22.66522988505747	17.887931034482758	31.968390804597703	0.0
159.0	34.081854400579495	15.320536037667512	18.978630930822167	31.618978630930823	0.0
160.0	27.29591836734694	19.533527696793	23.542274052478135	29.628279883381925	0.0
161.0	28.027808269301136	19.136480058543725	21.478229052323456	31.35748261983169	0.0
162.0	30.08100147275405	17.96759941089838	19.47717231222386	32.47422680412371	0.0
163.0	29.259259259259256	18.25925925925926	17.77777777777778	34.7037037037037	0.0
164.0	29.510646245797535	15.539783339559207	23.122898767276805	31.826671647366457	0.0
165.0	29.9812382739212	17.78611632270169	21.350844277673545	30.881801125703568	0.0
166.0	27.714932126696834	21.30467571644042	21.07843137254902	29.901960784313726	0.0
167.0	26.41151951496779	19.78021978021978	23.68321333838575	30.125047366426678	0.0
168.0	27.317817626859974	19.83975581838993	18.6570011446013	34.1854254101488	0.0
169.0	28.23076923076923	18.423076923076923	19.230769230769234	34.11538461538461	0.0
170.0	30.444874274661508	17.756286266924565	17.56286266924565	34.23597678916828	0.0
171.0	28.81619937694704	20.482866043613708	16.238317757009348	34.46261682242991	0.0
172.0	31.93737769080235	19.569471624266143	15.968688845401175	32.52446183953033	0.0
173.0	29.590228526398736	18.321513002364064	20.094562647754138	31.99369582348306	0.0
174.0	30.08709422011085	20.54631828978622	16.666666666666664	32.699920823436265	0.0
175.0	28.349282296650717	18.740031897926634	21.09250398724083	31.818181818181817	0.0
176.0	28.565689031739655	19.124146243471273	19.887505022097226	32.42265970269184	0.0
177.0	30.738037307380374	21.857258718572588	18.369829683698295	29.034874290348746	0.0
178.0	26.552287581699346	19.444444444444446	21.895424836601308	32.1078431372549	0.0
179.0	25.616776315789476	19.284539473684212	25.205592105263158	29.893092105263158	0.0
180.0	31.22661122661123	18.87733887733888	20.0	29.8960498960499	0.0
181.0	30.30685161832703	19.37788986969315	18.15889029003783	32.156368221941996	0.0
182.0	32.95262267343485	18.401015228426395	19.712351945854483	28.934010152284262	0.0
183.0	27.392598894087623	22.075712462781798	22.033177371331348	28.49851127179923	0.0
184.0	30.412371134020617	19.029209621993125	19.201030927835053	31.3573883161512	0.0
185.0	28.373101952277658	23.036876355748372	21.952277657266812	26.637744034707154	0.0
186.0	32.92576419213974	17.510917030567686	20.436681222707424	29.126637554585155	0.0
187.0	31.523178807947023	20.485651214128037	17.395143487858718	30.596026490066226	0.0
188.0	28.844444444444445	21.511111111111113	19.244444444444444	30.4	0.0
189.0	30.727762803234505	17.4303683737646	19.7214734950584	32.1203953279425	0.0
190.0	29.534147444595206	18.2722749886929	19.26729986431479	32.92627770239711	0.0
191.0	26.53618570778334	22.530723714155666	19.66317705962676	31.26991351843423	0.0
192.0	30.719853278312705	19.53232462173315	18.752865657955066	30.994956441999083	0.0
193.0	29.095127610208817	17.587006960556845	21.57772621809745	31.740139211136892	0.0
194.0	27.86116322701688	20.121951219512198	23.827392120075046	28.189493433395874	0.0
195.0	30.333333333333336	20.952380952380953	17.761904761904763	30.952380952380953	0.0
196.0	29.865125240847785	19.653179190751445	19.990366088631983	30.491329479768787	0.0
197.0	28.62035225048924	19.227005870841488	22.99412915851272	29.158512720156555	0.0
198.0	28.58580775037745	24.308002013085055	19.77856064418722	27.327629592350277	0.0
199.0	30.358097274184924	21.165152324959916	17.53073222875468	30.94601817210048	0.0
200.0	27.372933251684017	15.676668707899571	23.33129210042866	33.619105939987755	0.0
201.0	31.463414634146343	18.78048780487805	17.317073170731707	32.4390243902439	0.0
202.0	38.42364532019704	18.472906403940886	17.651888341543515	25.451559934318556	0.0
203.0	31.78036605657238	17.637271214642265	21.29783693843594	29.28452579034942	0.0
204.0	32.99748110831234	16.456759026028546	25.10495382031906	25.440806045340054	0.0
205.0	34.29541595925297	14.855687606112053	24.872665534804753	25.97623089983022	0.0
206.0	29.63279248505551	19.299743808710502	22.032450896669513	29.035012809564474	0.0
207.0	31.29836629406707	23.387790197764403	15.477214101461737	29.836629406706795	0.0
208.0	31.190269331016506	19.200695047784535	18.245004344048652	31.364031277150307	0.0
209.0	22.98951048951049	22.98951048951049	22.02797202797203	31.993006993006993	0.0
210.0	25.398230088495577	18.761061946902654	19.911504424778762	35.92920353982301	0.0
211.0	29.185317815577438	20.859444941808416	18.710832587287378	31.24440465532677	0.0
212.0	28.27461607949413	19.602529358626917	21.40921409214092	30.713640469738028	0.0
213.0	27.31397459165154	21.687840290381125	17.876588021778584	33.12159709618875	0.0
214.0	25.983531564501373	28.270814272644103	19.670631290027448	26.07502287282708	0.0
215.0	31.763619575253927	21.23730378578024	18.005540166204987	28.99353647276085	0.0
216.0	29.84097287184284	15.622076707202995	20.5799812909261	33.956969130028064	0.0
217.0	27.212178877259753	17.602283539486205	26.070409134157945	29.1151284490961	0.0
218.0	23.702252693437806	20.66601371204701	20.372184133202744	35.25954946131244	0.0
219.0	18.629550321199144	22.91220556745182	23.66167023554604	34.796573875803	0.0
220.0	0.0	28.432956381260098	24.07108239095315	47.49596122778675	0.0
