# Position (bp)	A	C	G	T	N
0.0	27.05131845841785	23.82028397565923	23.263286004056795	25.86490872210953	2.028397565922921E-4
1.0	27.03543954822358	19.817971614405426	15.27736792532915	37.86922091204185	0.0
2.0	27.881147986832723	19.925984423286906	17.950288286037768	34.24257930384261	0.0
3.0	23.881826198219116	21.599379724129896	15.135896256450327	39.38229522158592	6.025996147379796E-4
4.0	33.87531433696923	14.418456585459612	14.498542437492992	37.20568449377733	0.0020021463008344947
5.0	35.57659242672638	14.803670678555719	22.03486744771882	27.577072253988565	0.007797193010516214
6.0	32.15343590071137	17.38149795211216	20.18706437473553	30.272412994706627	0.005588777734309507
7.0	35.10566419057224	17.061931592825637	20.227372835244385	27.60383552142483	0.0011958599329122577
8.0	23.699989250351354	26.20724526318723	21.839901899502728	28.251071978851062	0.00179160810762389
9.0	28.64308914467338	18.109382676269526	16.244502920836094	37.00282635892969	1.9889929132182503E-4
10.0	27.007460284023388	17.14732570479215	24.102838246574905	31.74177957782026	5.961867892956649E-4
11.0	28.136940271831083	18.581346763367147	19.563576858611295	33.71634878899331	0.0017873171971688896
12.0	26.540706733278945	19.902304634079048	20.874891576404643	32.67574546804258	0.006351588194779392
13.0	27.63470268919463	20.923715249611764	18.243445596317358	33.19773979924753	3.966656287249382E-4
14.0	31.345509645916426	18.313457079787305	20.123640676473563	30.216400933750894	9.916640718123453E-4
15.0	29.68784398347491	18.61809628264806	19.050858483586968	32.64260625184697	5.949984430874073E-4
16.0	30.668401417682954	17.413422768210424	18.82376741114194	33.092226742006694	0.00218166095798716
17.0	30.00537481926922	18.160740812728207	20.302140209399784	31.529562497644797	0.00218166095798716
18.0	31.617820600036094	18.064946063391137	18.415598479183977	31.893304879185568	0.008329978203223702
19.0	30.421675396616045	18.320200395475634	19.664103545595722	31.594020662312598	0.0
20.0	30.159479416028862	17.841028315975908	19.851131389539532	32.1483608784557	0.0
21.0	30.036909736752854	17.167490078400963	19.484414015783326	33.31098783624849	1.983328143624691E-4
22.0	28.617243451546305	18.795009153059382	19.865213019359267	32.72154271196324	9.916640718123453E-4
23.0	29.941511653044508	17.36959121623632	19.782309902955756	32.905595563691605	9.916640718123453E-4
24.0	30.799301075162187	17.98660460171796	18.434836762177138	32.77747256561345	0.0017849953292622218
25.0	29.41037637618182	17.907668141601697	19.122258296757458	33.55890385420158	7.933312574498764E-4
26.0	31.477400967467467	17.41481109791096	20.245020358863393	30.862767575758177	0.0
27.0	28.782454685910235	18.24205726661682	19.79143321241643	33.184054835056514	0.0
28.0	30.078559627768975	17.83408666747322	20.131573989048064	31.95300305630867	0.002776659401074567
29.0	29.357083073847384	18.459466642337794	19.20718283545087	32.97368911666356	0.0025783317003899233
30.0	30.176120587068624	18.198532328441093	18.985124950416502	32.63804046013487	0.00218167393891313
31.0	30.479571598571997	18.173740579135263	19.185838952796512	32.15807219357398	0.0027766759222530744
32.0	29.34853103635668	18.295355603640626	19.257872387688195	33.0982409723145	0.0
33.0	29.735797713988777	17.706967713016937	19.577070073800517	32.979569493670134	5.95005523634611E-4
34.0	29.659872310801617	17.797549747814827	19.36659176148816	33.175986179895396	0.0
35.0	30.42849290277003	17.34410998374771	19.3350650587682	32.89173673275402	5.953219600380212E-4
36.0	31.08755537208453	17.285815219979995	19.015448613117826	32.61118079481765	0.0
37.0	29.036189538539713	18.87783053323594	19.40721567631086	32.67816876806301	5.954838504779751E-4
38.0	30.86348431156507	18.136446204699087	18.875951679024848	32.123522229832346	5.955748786516185E-4
39.0	30.176111720127736	18.48497847258631	19.265645107478193	32.073264699807766	0.0
40.0	29.75195441001962	18.492405976628575	19.509712915902227	32.24314391176184	0.002782785687735667
41.0	29.4946363439187	18.082017872884038	20.489146331999468	31.933403508911567	7.959422862248259E-4
42.0	29.089254493390843	18.392734108351156	19.46067362032092	33.05494820602889	0.0023895719081926474
43.0	29.646838482152642	18.29287002261429	20.19406449556182	31.862839837017702	0.0033871626535430716
44.0	29.595514218396808	18.92862695694814	19.66356637976056	31.812093112260154	1.993326343402289E-4
45.0	29.327178096396594	18.59871976389415	19.76369473747183	32.31040740223742	0.0
46.0	29.977676834778656	17.39630899729289	19.49396835656419	33.13204581136427	0.0
47.0	29.70604844583417	18.588330137267853	19.487086365604615	32.2163400427428	0.0021950085505560357
48.0	30.48941389696739	17.747566304115676	18.603077524965716	33.15934345601782	5.988179333994694E-4
49.0	28.859459772479028	18.254194880478604	19.87204191785363	33.01270595001088	0.001597479177857341
50.0	29.707900552706985	18.458335165032793	19.213461592259705	32.62010286824153	1.9982175899098005E-4
51.0	30.3508273588529	18.03306234797081	19.203487069517347	32.41262322365894	0.0
52.0	29.716736409216832	18.093734788679072	19.7821788921451	32.40714959626775	2.0031369124048258E-4
53.0	31.2856119999278	17.7893033134578	19.158930050561267	31.756327178135713	0.009827457917421276
54.0	29.951513326306276	18.568689454399436	19.179641620237916	32.29714400441701	0.003011594639361542
55.0	28.96724985177518	18.39736310558632	18.08001125503713	34.554772839183606	6.029484177628604E-4
56.0	29.34248217705467	17.829181351486184	20.614469173948727	32.21346497368802	4.023238223981718E-4
57.0	28.17543640671838	18.839322203141766	19.362144598542056	33.62289547377131	2.0131782649221805E-4
58.0	30.746170025868945	17.531046765575763	21.995454801872878	29.727328406682407	0.0
59.0	29.010698153897675	20.552035231484002	21.171168444985103	29.258835609944057	0.007262559689162446
60.0	31.090693059703607	18.732697755810523	19.81033709318256	30.365867951293048	4.041400102651563E-4
61.0	29.232591332867685	20.913682974480448	19.26063145960501	30.592689321469425	4.049115774342778E-4
62.0	30.81341403247321	16.716173057830098	21.38391851038213	31.086494399314557	0.0
63.0	26.339546936387194	20.579306520307533	25.21596059394515	27.86273938138529	0.0024465679748329706
64.0	26.339491137547473	20.02503205698474	17.72101936098721	35.91138979043833	0.0030676540422477313
65.0	27.922087253571583	19.32113756879877	18.424007768281843	34.32701920925296	0.005748200094845302
66.0	26.86192123908387	19.37448508815291	17.03410776075136	36.72371889932444	0.0057670126874279125
67.0	33.51098137796448	13.97913703568948	17.558834717031058	34.948566136341086	0.0024807329739026888
68.0	34.33669015466997	15.402463525372474	23.107350060355955	27.15349625960161	0.0
69.0	31.88368727206069	16.887598609397013	20.361761402027927	30.86695271651437	0.0
70.0	32.95724711324893	15.841836852004285	22.27339406508813	28.92752196965865	0.0
71.0	25.701277635431385	20.191456701709996	25.121220122975675	28.986045539882944	0.0
