# Position (bp)	A	C	G	T	N
0.0	26.06304236040878	24.06239695730347	24.37031182193753	25.50424886035022	0.0
1.0	26.33017983869612	20.30660425598662	16.29688438620849	37.066331519108765	0.0
2.0	28.19763258011152	19.53318734230996	18.393384113688047	33.87579596389047	0.0
3.0	22.887355761506072	22.57620347070804	15.725996404763338	38.81044436302255	0.0
4.0	33.81755705206822	13.344787378749343	15.163848262450905	37.67380730673153	0.0
5.0	34.123178212161946	15.186697786001297	23.502104355630895	27.18801964620586	0.0
6.0	30.836479177560967	17.680078379089608	21.45250154808593	30.030940895263498	0.0
7.0	34.97186635261584	17.29656432944518	20.239710597080933	27.491858720858048	0.0
8.0	23.024143893513553	26.80156466652316	22.374494415567952	27.799797024395335	0.0
9.0	27.58778929164429	18.77568592765812	16.000740270094468	37.63578451060312	0.0
10.0	26.51694851504786	16.610929499685177	25.404018542152055	31.468103443114902	0.0
11.0	28.210485545861996	18.27873667858717	19.823191537598774	33.68758623795207	0.0
12.0	26.071289780081997	19.648874068447913	21.310954826084682	32.96888132538541	0.0
13.0	27.067908328324886	20.875174167801323	18.956536722888846	33.10038078098495	0.0
14.0	30.992615259194743	18.143528063759014	20.23554592706986	30.62831074997638	0.0
15.0	29.661534665281568	18.469400477531476	20.36483290172602	31.504231955460938	0.0
16.0	29.7413401543687	17.624024523659358	19.073368731293147	33.56126659067879	0.0
17.0	30.474543324411396	17.95705496401335	19.548778827650597	32.01962288392466	0.0
18.0	31.71725482652718	17.63064895189572	19.045140077374363	31.60695614420274	0.0
19.0	30.14095325652467	18.3776345767563	20.03320803750077	31.44820412921826	0.0
20.0	29.703780036706362	18.008787974307108	19.91080578295666	32.37662620602987	0.0
21.0	29.31355045666908	18.3781421459139	20.191673731421993	32.116633665995025	0.0
22.0	29.513519690169375	19.157508080110553	22.510249643335058	28.818722586385014	0.0
23.0	29.789676355684687	20.258620801849947	21.330567818918066	28.621135023547307	0.0
24.0	32.39577067348701	19.61394289873006	18.28934357252161	29.70094285526132	0.0
25.0	28.958850717663747	21.292890569911666	19.858617261880436	29.88964145054415	0.0
26.0	31.949552310988405	16.74524010754219	22.10704451329454	29.198163068174864	0.0
27.0	26.186976504233257	20.841622545024638	25.003390301680888	27.96801064906122	0.0
28.0	26.48698892015573	19.7342107598935	19.165785361757553	34.61301495819322	0.0
29.0	27.481381972861445	20.459019516945133	17.866174055615524	34.1934244545779	0.0
30.0	26.327995167796995	19.174245672455502	16.632162108309366	37.86559705143813	0.0
31.0	34.11183892258241	14.676483938723484	18.52546626608887	32.68621087260524	0.0
32.0	34.06712014375263	15.806068369479053	22.803031351331406	27.32378013543691	0.0
33.0	31.390688712604586	18.191005429801116	20.84365255325454	29.574653304339755	0.0
34.0	33.50415576198556	17.113097121164188	21.700353743061747	27.6823933737885	0.0
35.0	26.328308524732524	20.608784879556747	25.577129327588576	27.485777268122153	0.0
