# Position (bp)	A	C	G	T	N
0.0	53.5913140311804	10.996659242761693	15.64587973273942	19.766146993318486	0.0
1.0	19.348552338530066	48.44097995545657	15.812917594654788	16.397550111358576	0.0
2.0	21.219646799116997	45.33664459161148	15.64569536423841	17.79801324503311	0.0
3.0	49.08042821850124	12.956354652758714	12.434806478177327	25.528410650562723	0.0
4.0	49.46560701562072	14.25047958344752	14.880789257330775	21.403124143600987	0.0
5.0	21.620142309797483	41.73508483853311	13.382594417077176	23.26217843459223	0.0
6.0	19.748358862144418	42.47811816192561	15.50875273522976	22.26477024070022	0.0
7.0	50.09570686354936	12.797374897456931	16.215477167076838	20.891441071916873	0.0
8.0	48.44432314410481	16.894104803493452	13.482532751091703	21.17903930131004	0.0
9.0	21.22037591936802	41.89594116044674	17.379460637428494	19.504222282756743	0.0
10.0	21.801850843767014	10.669569951007077	14.589003810560698	52.93957539466522	0.0
11.0	17.57197175448126	17.734926670287887	12.547528517110266	52.14557305812059	0.0
12.0	19.37669376693767	12.899728997289973	14.200542005420056	53.5230352303523	0.0
13.0	21.35135135135135	42.37837837837838	13.378378378378377	22.89189189189189	0.0
14.0	20.053908355795148	12.479784366576819	45.84905660377358	21.617250673854446	0.0
15.0	46.4562717304092	14.067932602300079	18.42738700187216	21.04840866541856	0.0
16.0	17.689434364994664	15.795090715048026	17.262540021344716	49.252934898612594	0.0
17.0	19.13760979504924	44.21080649454352	14.24008517434123	22.41149853606601	0.0
18.0	17.401700318809777	12.48671625929862	20.802337938363443	49.309245483528166	0.0
19.0	21.305386044043512	43.30061024144335	15.972406473865746	19.421597240647387	0.0
20.0	19.70899470899471	17.883597883597886	12.671957671957673	49.735449735449734	0.0
21.0	19.69376979936642	13.146779303062303	18.45300950369588	48.706441393875394	0.0
22.0	20.152792413066386	14.120126448893572	43.256059009483664	22.471022128556374	0.0
23.0	20.242168991839957	13.740458015267176	15.925243485127666	50.09212950776521	0.0
24.0	49.71128608923884	13.88451443569554	14.120734908136484	22.283464566929133	0.0
25.0	21.838177533385704	13.616129876931135	40.403246923278346	24.142445666404818	0.0
26.0	49.529042386185246	11.72161172161172	12.899005756148613	25.850340136054424	0.0
27.0	17.311715481171547	18.540794979079497	12.813807531380753	51.3336820083682	0.0
28.0	17.759206059023246	44.215199791068166	12.953773831287544	25.07182031862105	0.0
29.0	19.624217118997915	13.048016701461378	12.526096033402922	54.80167014613778	0.0
30.0	22.315348349921425	12.022001047668937	40.256678889470926	25.40597171293871	0.0
31.0	24.057971014492754	13.069828722002635	11.673254281949934	51.19894598155468	0.0
32.0	20.685005393743257	13.079827400215748	12.675296655879182	53.55987055016181	0.0
33.0	23.33513806172171	43.28641039523552	13.724959393611261	19.65349214943151	0.0
34.0	25.190839694656486	11.232279171210468	13.90403489640131	49.67284623773173	0.0
35.0	20.398689240851994	41.39814309120699	13.32605133806663	24.877116329874386	0.0
36.0	19.52954048140044	14.797592997811815	13.375273522975931	52.29759299781181	0.0
37.0	48.24753559693319	16.237677984665936	14.403066812705367	21.11171960569551	0.0
38.0	49.51909865347623	16.735366859027206	11.624072547403133	22.121461940093432	0.0
39.0	50.15189174261254	14.139740403203534	11.019055509527755	24.689312344656173	0.0
40.0	21.058464948739264	43.14214463840399	13.715710723192021	22.083679689664727	0.0
41.0	21.74900624645088	11.612720045428732	46.394094264622375	20.244179443498012	0.0
42.0	53.62937660119555	12.866495872473669	13.72046683746086	19.78366068886991	0.0
43.0	53.57756153405838	13.995420721236403	12.535775615340583	19.891242129364624	0.0
44.0	20.419902214552778	44.49237848720161	11.389128559102675	23.69859073914294	0.0
45.0	31.571109456440805	14.221891288160835	16.455696202531644	37.75130305286672	0.0
46.0	28.918140682846566	16.37186343068696	21.801727684080625	32.90826820238585	0.0
47.0	30.34742570113018	18.37588949351193	19.673503557974048	31.603181247383844	0.0
48.0	27.1688531527719	20.567075751163774	18.1125687685146	34.15150232754973	0.0
49.0	29.511677282377917	18.471337579617835	19.745222929936308	32.27176220806794	0.0
50.0	27.96248934356351	23.614663256606992	18.67007672634271	29.752770673486783	0.0
51.0	28.284124946512623	20.154043645699616	18.10012836970475	33.461703038083016	0.0
52.0	26.302195436935	17.262160998708566	21.52389151958674	34.91175204476969	0.0
53.0	30.301724137931036	19.913793103448278	21.637931034482758	28.14655172413793	0.0
54.0	29.661751951431047	22.376409366869037	17.736339982653945	30.225498699045968	0.0
55.0	30.856149500217295	18.296392872664057	19.6870925684485	31.16036505867014	0.0
56.0	28.090869375273048	17.78069025775448	21.712538226299692	32.415902140672785	0.0
57.0	30.910683012259195	18.257443082311735	19.001751313485112	31.83012259194396	0.0
58.0	30.73213502849627	19.68434896975011	19.68434896975011	29.89916703200351	0.0
59.0	27.152899824253073	22.100175746924428	18.101933216168717	32.64499121265378	0.0
60.0	27.856510186005313	17.050487156775908	21.966341895482728	33.12666076173605	0.0
61.0	30.76241134751773	18.395390070921984	20.611702127659576	30.230496453900706	0.0
62.0	31.333333333333336	20.133333333333333	18.711111111111112	29.822222222222223	0.0
63.0	32.44206773618538	19.741532976827095	18.850267379679146	28.96613190730838	0.0
64.0	29.664429530201343	18.299776286353467	20.93959731543624	31.096196868008946	0.0
65.0	30.986547085201792	18.744394618834082	20.807174887892376	29.46188340807175	0.0
66.0	28.905898244034216	16.028815848716793	20.846465556055833	34.21882035119316	0.0
67.0	28.991406603346903	16.960651289009498	21.98100407055631	32.06693803708729	0.0
68.0	25.271739130434785	21.422101449275363	20.15398550724638	33.15217391304348	0.0
69.0	29.219600725952816	20.46279491833031	21.73321234119782	28.584392014519054	0.0
70.0	29.68536251709986	20.975832193342452	18.695850433196533	30.64295485636115	0.0
71.0	28.989483310470966	21.582075903063558	18.152720621856425	31.275720164609055	0.0
72.0	27.530920751259735	18.552450755840585	21.026110856619333	32.89051763628035	0.0
73.0	28.499079189686928	18.047882136279927	20.948434622467772	32.50460405156538	0.0
74.0	29.571625978811607	17.73376324274528	22.616305849838785	30.078304928604332	0.0
75.0	29.085872576177284	20.8679593721145	21.191135734072024	28.855032317636198	0.0
76.0	28.491879350348025	21.160092807424594	18.88631090487239	31.46171693735499	0.0
77.0	28.17885421518398	21.471821145784816	18.444340940847695	31.904983698183514	0.0
78.0	29.757462686567166	19.86940298507463	18.050373134328357	32.32276119402985	0.0
79.0	30.16838166510758	21.515434985968195	17.02525724976614	31.29092609915809	0.0
80.0	31.109022556390975	18.843984962406015	20.018796992481203	30.028195488721803	0.0
81.0	26.6193853427896	20.094562647754138	17.77777777777778	35.50827423167849	0.0
82.0	29.397818871503084	16.690374585111428	20.862968231389285	33.04883831199621	0.0
83.0	29.492650545282125	17.59127548601233	20.862968231389285	32.053105737316265	0.0
84.0	29.638439581351093	17.69743101807802	19.55280685061846	33.111322549952426	0.0
85.0	30.14811275680841	18.633540372670808	19.589106545628283	31.6292403248925	0.0
86.0	28.10551558752998	20.191846522781777	22.49400479616307	29.208633093525183	0.0
87.0	31.04276790004805	18.452666987025466	21.720326765977894	28.78423834694858	0.0
88.0	34.183919114106885	19.45113143957631	16.46605681271064	29.89889263360616	0.0
89.0	30.02409638554217	16.722891566265062	17.06024096385542	36.19277108433735	0.0
90.0	29.261226460647034	17.91405118300338	19.314340898116853	33.510381458232736	0.0
91.0	28.274528757854036	23.006283228612855	16.626389560173997	32.09279845335911	0.0
92.0	29.80164489598452	18.045476536042575	17.803580067731012	34.3492985002419	0.0
93.0	30.858806404657933	19.5536147501213	18.631732168850075	30.955846676370697	0.0
94.0	31.838127742564602	16.43100926377377	19.453924914675767	32.276938078985864	0.0
95.0	29.638671875	16.9921875	19.091796875	34.27734375	0.0
96.0	27.837573385518592	15.606653620352251	20.596868884540118	35.95890410958904	0.0
97.0	29.744346116027533	16.617502458210424	20.206489675516224	33.43166175024582	0.0
98.0	28.74074074074074	20.246913580246915	20.049382716049383	30.962962962962965	0.0
99.0	28.295341922695737	20.366699702675916	20.26759167492567	31.070366699702678	0.0
100.0	30.761572921851666	16.42608262817322	20.856147336983575	31.956197112991536	0.0
101.0	29.879275653923543	20.472837022132797	19.21529175050302	30.432595573440647	0.0
102.0	28.643981716607414	16.962925342813612	20.2133062468258	34.17978669375317	0.0
103.0	32.01844262295082	18.75	18.237704918032787	30.99385245901639	0.0
104.0	26.786632390745503	18.097686375321338	21.439588688946014	33.67609254498715	0.0
105.0	28.26086956521739	20.28985507246377	18.16770186335404	33.2815734989648	0.0
106.0	31.334723670490096	19.08237747653806	19.760166840458812	29.822732012513036	0.0
107.0	31.601049868766406	20.26246719160105	19.160104986876643	28.976377952755904	0.0
108.0	34.199363732767765	17.497348886532343	16.277836691410393	32.0254506892895	0.0
109.0	32.102728731942214	17.656500802568218	19.26163723916533	30.97913322632424	0.0
110.0	24.581307401404644	20.31334413830362	22.15018908698001	32.95515937331172	0.0
111.0	29.21653971708379	18.933623503808487	19.1512513601741	32.698585418933625	0.0
112.0	26.18917441224713	19.190814652815746	20.2843083652269	34.33570256971022	0.0
113.0	29.3598233995585	20.86092715231788	18.15673289183223	31.62251655629139	0.0
114.0	30.42269187986652	17.46384872080089	20.24471635150167	31.86874304783092	0.0
115.0	26.72655811341943	19.988770353733855	17.798989331836047	35.48568220101067	0.0
116.0	27.582292849035188	20.885357548240634	17.423382519863793	34.10896708286039	0.0
117.0	29.73744292237443	18.835616438356166	18.77853881278539	32.64840182648402	0.0
118.0	26.85451408855664	15.928694652098907	23.404255319148938	33.81253594019552	0.0
119.0	23.041207196749856	20.37144515380151	26.17527568195009	30.412071967498548	0.0
120.0	25.511995318899945	20.47981275599766	22.293739028671737	31.71445289643066	0.0
121.0	29.863985807214664	20.283855706682434	19.337670017740983	30.514488468361918	0.0
122.0	27.159023228111973	17.450863609291247	22.51340083382966	32.87671232876712	0.0
123.0	31.042796865581675	18.806509945750452	19.228450874020496	30.92224231464738	0.0
124.0	30.34188034188034	19.230769230769234	20.146520146520146	30.28083028083028	0.0
125.0	29.22038060159607	18.661755678330262	19.152854511970535	32.96500920810313	0.0
126.0	29.80828695114409	19.047619047619047	19.480519480519483	31.66357452071738	0.0
127.0	28.08988764044944	19.912609238451935	23.03370786516854	28.963795255930087	0.0
128.0	30.958385876418664	20.05044136191677	18.474148802017652	30.51702395964691	0.0
129.0	31.19440914866582	16.772554002541295	19.3138500635324	32.71918678526048	0.0
130.0	31.397574984045946	19.91065730695597	16.84747925973197	31.844288449266113	0.0
131.0	33.52713178294574	20.155038759689923	17.829457364341085	28.488372093023255	0.0
132.0	28.916449086161876	19.647519582245433	19.451697127937337	31.98433420365535	0.0
133.0	29.365079365079367	19.775132275132275	20.965608465608465	29.894179894179896	0.0
134.0	27.278820375335123	21.246648793565683	17.426273458445042	34.048257372654156	0.0
135.0	30.155510480054094	16.227180527383368	18.45841784989858	35.15889114266396	0.0
136.0	26.10770279481936	19.018404907975462	19.427402862985684	35.446489434219494	0.0
137.0	27.216494845360824	15.945017182130583	20.274914089347078	36.56357388316151	0.0
138.0	26.85634975711312	19.430950728660655	19.56974323386537	34.142956280360856	0.0
139.0	28.09224318658281	17.679944095038437	19.217330538085257	35.0104821802935	0.0
140.0	28.36030964109782	18.085855031667837	20.689655172413794	32.86418015482055	0.0
141.0	31.383737517831666	17.902995720399428	19.828815977175463	30.884450784593437	0.0
142.0	30.75812274368231	15.95667870036101	20.144404332129966	33.14079422382672	0.0
143.0	34.74762253108998	19.6781272860278	17.55669348939283	28.017556693489393	0.0
144.0	31.04988830975428	19.955323901712585	16.232315711094564	32.762472077438574	0.0
145.0	30.03003003003003	18.91891891891892	17.86786786786787	33.18318318318318	0.0
146.0	28.71212121212121	19.318181818181817	17.954545454545453	34.015151515151516	0.0
147.0	29.46153846153846	20.23076923076923	16.846153846153847	33.46153846153846	0.0
148.0	26.842513576415826	21.87742435996897	19.317300232738557	31.962761830876644	0.0
149.0	27.586206896551722	20.454545454545457	19.905956112852667	32.05329153605015	0.0
150.0	26.24900872323553	17.525773195876287	19.032513877874703	37.192704203013484	0.0
151.0	28.307939053728948	20.44907778668805	22.77465918203689	28.468323977546113	0.0
152.0	27.25060827250608	19.54582319545823	18.167072181670722	35.03649635036496	0.0
153.0	31.105610561056107	19.636963696369637	16.996699669966997	32.26072607260726	0.0
154.0	31.799163179916317	15.983263598326362	19.581589958158997	32.63598326359833	0.0
155.0	29.848229342327148	20.489038785834737	17.706576728499158	31.956155143338954	0.0
156.0	31.767719897523484	16.396242527754058	17.933390264731	33.902647309991465	0.0
157.0	30.983463881636204	21.75805047867711	19.49521322889469	27.763272410791995	0.0
158.0	31.834215167548503	23.192239858906525	15.961199294532626	29.01234567901235	0.0
159.0	34.165923282783226	16.681534344335414	19.179304192685105	29.973238180196255	0.0
160.0	26.678765880217785	21.14337568058076	23.77495462794918	28.402903811252266	0.0
161.0	26.64835164835165	20.42124542124542	22.71062271062271	30.21978021978022	0.0
162.0	30.790697674418606	19.069767441860467	21.674418604651162	28.46511627906977	0.0
163.0	28.947368421052634	17.951127819548873	18.139097744360903	34.962406015037594	0.0
164.0	28.40909090909091	15.246212121212121	21.117424242424242	35.22727272727273	0.0
165.0	29.47368421052631	17.607655502392344	24.210526315789473	28.708133971291865	0.0
166.0	29.865125240847785	19.942196531791907	21.290944123314066	28.901734104046245	0.0
167.0	26.11218568665377	18.85880077369439	24.46808510638298	30.56092843326886	0.0
168.0	29.95121951219512	17.65853658536585	19.317073170731707	33.07317073170732	0.0
169.0	25.370187561697925	18.065153010858836	21.42152023692004	35.1431391905232	0.0
170.0	28.07192807192807	16.383616383616385	18.981018981018984	36.56343656343656	0.0
171.0	28.51365015166835	19.817997977755308	18.200202224469162	33.46814964610718	0.0
172.0	27.86885245901639	20.38934426229508	17.62295081967213	34.11885245901639	0.0
173.0	25.72614107883817	19.502074688796682	19.19087136929461	35.58091286307054	0.0
174.0	29.324894514767934	19.62025316455696	20.780590717299578	30.27426160337553	0.0
175.0	28.800856531049252	17.45182012847966	22.376873661670235	31.370449678800856	0.0
176.0	29.847494553376908	17.647058823529413	16.775599128540307	35.72984749455338	0.0
177.0	28.555678059536937	21.389195148842337	17.30981256890849	32.74531422271224	0.0
178.0	28.044692737430164	17.877094972067038	17.877094972067038	36.201117318435756	0.0
179.0	24.266365688487586	19.977426636568847	25.28216704288939	30.474040632054177	0.0
180.0	31.12128146453089	15.560640732265446	20.022883295194507	33.29519450800915	0.0
181.0	31.712962962962965	19.560185185185187	17.24537037037037	31.48148148148148	0.0
182.0	35.1288056206089	18.501170960187356	19.55503512880562	26.81498829039813	0.0
183.0	28.60520094562648	25.65011820330969	19.030732860520093	26.713947990543733	0.0
184.0	29.868578255675033	20.908004778972522	17.682198327359618	31.54121863799283	0.0
185.0	26.39225181598063	24.69733656174334	19.73365617433414	29.176755447941886	0.0
186.0	34.932349323493234	17.712177121771216	18.45018450184502	28.90528905289053	0.0
187.0	31.19496855345912	21.38364779874214	17.48427672955975	29.937106918238992	0.0
188.0	28.335451080050827	21.47395171537484	19.82210927573062	30.368487928843713	0.0
189.0	30.838709677419356	20.903225806451616	19.612903225806452	28.64516129032258	0.0
190.0	30.819245773732117	15.99479843953186	20.806241872561767	32.37971391417425	0.0
191.0	28.68421052631579	20.0	18.421052631578945	32.89473684210527	0.0
192.0	33.51206434316354	19.034852546916888	17.158176943699733	30.29490616621984	0.0
193.0	30.39889958734526	16.91884456671252	19.944979367262725	32.737276478679505	0.0
194.0	28.094575799721838	19.749652294853963	21.140472878998608	31.01529902642559	0.0
195.0	27.181688125894134	18.88412017167382	18.4549356223176	35.47925608011445	0.0
196.0	29.839883551673946	19.65065502183406	18.486171761280932	32.02328966521107	0.0
197.0	32.44047619047619	17.857142857142858	19.642857142857142	30.059523809523807	0.0
198.0	30.441400304414003	20.091324200913242	18.11263318112633	31.35464231354642	0.0
199.0	29.179810725552052	22.239747634069403	18.138801261829656	30.441640378548897	0.0
200.0	25.64102564102564	17.77777777777778	21.53846153846154	35.04273504273504	0.0
201.0	29.593810444874276	17.988394584139265	19.729206963249517	32.688588007736946	0.0
202.0	37.00787401574803	18.11023622047244	15.748031496062993	29.133858267716533	0.0
203.0	32.66129032258064	18.548387096774192	21.774193548387096	27.016129032258064	0.0
204.0	36.0655737704918	18.0327868852459	22.540983606557376	23.36065573770492	0.0
205.0	33.123689727463315	17.61006289308176	23.060796645702304	26.20545073375262	0.0
206.0	29.087048832271762	21.86836518046709	18.046709129511676	30.997876857749468	0.0
207.0	29.565217391304348	22.17391304347826	17.391304347826086	30.869565217391305	0.0
208.0	27.802690582959645	15.246636771300448	21.973094170403588	34.97757847533632	0.0
209.0	22.685185185185187	19.212962962962962	22.453703703703702	35.648148148148145	0.0
210.0	25.05854800936768	18.26697892271663	20.843091334894616	35.831381733021075	0.0
211.0	31.414868105515588	17.505995203836928	22.54196642685851	28.53717026378897	0.0
212.0	28.361858190709043	17.6039119804401	22.493887530562347	31.54034229828851	0.0
213.0	26.913580246913583	21.23456790123457	18.02469135802469	33.827160493827165	0.0
214.0	29.770992366412212	23.155216284987276	21.62849872773537	25.44529262086514	0.0
215.0	32.19895287958115	19.3717277486911	19.10994764397906	29.31937172774869	0.0
216.0	29.708222811671085	17.50663129973475	19.098143236074268	33.687002652519894	0.0
217.0	27.77777777777778	17.22222222222222	23.055555555555557	31.944444444444443	0.0
218.0	21.802325581395348	15.988372093023257	20.930232558139537	41.27906976744186	0.0
219.0	16.558441558441558	23.7012987012987	26.623376623376622	33.116883116883116	0.0
220.0	0.0	31.28205128205128	27.692307692307693	41.02564102564102	0.0
