# Position (bp)	A	C	G	T	N
0.0	26.674367405999742	24.325952423093526	23.835806574816722	25.163718339248618	1.55256841392716E-4
1.0	27.23635121115559	20.015646766515303	15.181383440093137	37.566618582235975	0.0
2.0	28.24652713579608	19.829838898544295	17.90728346214054	34.015580125479175	7.703780399117455E-4
3.0	23.793867903512506	21.877299689815533	15.03157920611827	39.2946414442705	0.00261175628319427
4.0	34.52258235471612	13.73719705243101	14.399190046517186	37.340111537088916	9.190092467647046E-4
5.0	36.14126944320413	14.67269969233404	22.56160964957887	26.620751243202907	0.003669971680051869
6.0	32.4028794552547	17.47826286098155	19.925952502729068	30.192447155278362	4.580257563150301E-4
7.0	35.41771518684248	16.820398788444468	20.35120469249	27.409918772095182	7.625601278660822E-4
8.0	22.889154015989906	26.918171720080636	22.347929037360064	27.84428811087798	4.5711569141033905E-4
9.0	28.69149815567812	18.08059602880887	15.889179318628488	37.33826979315889	4.567037256367592E-4
10.0	26.766519716565814	17.055643279390782	24.80216500397039	31.37293379943593	0.002738200637088015
11.0	28.4653277180606	18.368631505328935	19.616407948550314	33.54963282806015	0.0
12.0	26.362250720693204	19.658626207550526	21.35257815931081	32.6263929476162	1.519648292599161E-4
13.0	27.52928704110134	21.279106678797138	18.518766033259567	32.672536478750665	3.037680912883868E-4
14.0	31.638509896004997	18.284105182739292	20.42399950182033	29.652929767298453	4.556521369325802E-4
15.0	29.74952802032816	18.801118474112126	19.300209448098943	32.149144057460774	0.0
16.0	30.64154302039651	17.501294811489114	19.172019313575245	32.68514285453913	0.0
17.0	30.08033147174121	18.319190397283098	20.347449942815658	31.252420651977452	6.075361825767736E-4
18.0	31.58580613216646	18.032585203152504	18.36566691525022	32.015941749430816	0.0
19.0	30.702752290791118	18.363388654565558	19.59638333710512	31.33671629730998	7.59420228220967E-4
20.0	30.179815521638158	18.28167503800898	19.59121927955322	31.946834508662707	4.556521369325802E-4
21.0	30.27474305016578	17.10259919167311	19.505708561855535	33.116037892031706	9.113042738651604E-4
22.0	28.811947806566558	18.956040200669204	19.710600139429555	32.52141185333469	0.0
23.0	30.075926834417533	17.588780021780174	19.91549171700357	32.417978818250994	0.0018226085477303208
24.0	31.087322694362218	17.901053619624633	18.518917917305213	32.492705768707935	0.0
25.0	29.616173828252556	18.059316795185882	19.331649445547292	32.99240427887734	4.556521369325802E-4
26.0	31.864209587832264	17.593640311240787	20.030771707647514	30.510618973051212	7.59420228220967E-4
27.0	28.980083445094678	18.25008315651499	19.927338672563817	32.84234284178087	1.518840456441934E-4
28.0	30.351900145353035	17.901357387715922	19.98718098654763	31.759105828246483	4.556521369325802E-4
29.0	29.498204727853754	18.478241058572653	19.448933468611596	32.574316976409335	3.0376855266435395E-4
30.0	29.96978962093493	18.416635909493408	19.290899066348917	32.32100464319401	0.0016707600287370725
31.0	30.819832983483654	18.23268699743916	19.33889042464967	31.607678263854506	9.113305730142866E-4
32.0	29.385970241747827	18.399324394111535	19.47348915202955	32.740912432484976	3.037796261080362E-4
33.0	29.602125319739713	18.23822659140758	19.48224950937802	32.677246684124505	1.5189535017954032E-4
34.0	29.88350703226228	17.99253557903947	19.54390170174823	32.57884047800244	0.001215208947583481
35.0	30.597591739978512	17.50583502475511	19.358740669285705	32.53768041409657	1.5215188409678076E-4
36.0	31.135203266141186	17.353049524905543	19.041530044662835	32.469608263994814	6.089002956210936E-4
37.0	29.303050240327504	18.973993457243633	19.29184104879044	32.429744564455895	0.0013706891825209714
38.0	31.064438660758363	18.262344343331524	19.027142012519583	31.645617841926576	4.5714146394982414E-4
39.0	29.907213491338347	18.70968332390164	19.707256505961794	31.675389076421123	4.5760237709181485E-4
40.0	29.804619801728794	18.653585233521632	19.736260441666627	31.80400488871145	0.0015296343714961815
41.0	29.80651774917285	18.171341055435857	20.30167148530775	31.71908857091996	0.0013811391635821224
42.0	29.02507340828233	18.340303723403437	19.706028477337647	32.92813294551406	4.614454625298594E-4
43.0	29.45909631611062	18.273527399582118	20.45754312868651	31.80967906956677	1.5408605397942643E-4
44.0	29.518528749538962	18.768103976431842	19.819658545694168	31.89324576037087	4.629679641601066E-4
45.0	29.323085150283845	18.576093995601298	19.75583028984141	32.34375410542975	0.001236458843694601
46.0	30.167946160666894	17.514031620859182	19.875460176813124	32.44240729535962	1.5474630117653614E-4
47.0	29.850683849382754	18.24538033797494	19.749384303217113	32.1545515094252	0.0
48.0	30.23924661580228	17.71442038007203	19.16996261916981	32.875440127879344	9.302570765431028E-4
49.0	29.239258661368435	18.02713274556066	20.046256053644605	32.6873525394263	0.0
50.0	29.73746920186158	18.446218361912347	19.471111968343248	32.34457828326821	6.221846146188496E-4
51.0	30.177245138907317	18.046323766954714	19.399423488999627	32.37685153827306	1.560668652877639E-4
52.0	29.818061621560656	18.27576807634707	19.787795998420922	32.1180609949432	3.133087281545489E-4
53.0	31.31496538323681	17.741798562508254	19.292164223685287	31.65107183056965	0.0
54.0	30.09636019887004	18.355742743025278	19.285915894938842	32.26071969762671	0.001261465539126719
55.0	29.080885492609827	18.451241922679124	18.280918387034536	34.18647975885856	4.744388179514997E-4
56.0	29.165748422866727	18.143810455454208	20.443991356088866	32.2464497655902	0.0
57.0	28.273176961714054	18.75125094118432	19.498003259595315	33.47740998783211	1.5884967419931822E-4
58.0	31.05784503146416	17.710962640888443	21.82597153743073	29.405061639191892	1.5915102477344852E-4
59.0	29.500603690406507	20.304413080543622	21.014646470285197	29.180177263280786	1.5949548388537378E-4
60.0	31.57296163769593	18.876755319744518	19.500584640042483	30.049378490045125	3.199124719476751E-4
61.0	29.424712693504418	20.859302501067667	19.695626904539427	30.01843128566245	0.0019266152260401313
62.0	31.133476217528276	16.53265893714817	21.410195992356556	30.923346072406133	3.2278056086350256E-4
63.0	26.720069961784347	20.341746411288817	25.33806463987724	27.599956436435395	1.6255061419749575E-4
64.0	26.33350278117854	19.88228005969359	18.20049657481068	35.58257640272577	0.00114418159142583
65.0	27.82106668244794	19.275836900558264	18.44633381334701	34.45544749768212	0.0013151059646631027
66.0	26.789394442709135	19.30789202732205	16.953984521029486	36.94393624634139	0.004792762597941756
67.0	33.51989274910168	14.174030198370968	17.720154231310417	34.582600302681435	0.00332251853550028
68.0	34.65152760894018	15.25070071105148	22.8975726057708	27.197845155888245	0.002353918349297944
69.0	31.695456749534877	17.049311686033917	20.450645326583743	30.804070389259348	5.158485881224143E-4
70.0	33.14846083907001	15.990759467834412	21.940326201918616	28.92045349117696	0.0
71.0	25.879433966231417	20.095974356997505	25.486238146302487	28.538119902530422	2.336279381633573E-4
