# Position (bp)	A	C	G	T	N
0.0	22.079901611246672	27.10924160849911	35.772554509593554	15.038302270660656	0.0
1.0	22.983324938016395	22.53848217030936	14.735416680295426	39.74277621137882	0.0
2.0	25.79095934449367	21.786829759151082	17.962389409443162	34.45982148691209	0.0
3.0	18.66328168848629	25.728662237479277	13.446804067194861	42.161252006839575	0.0
4.0	35.644487932159166	11.469667318982388	12.486627527723417	40.39921722113503	0.0
5.0	38.274632043665676	13.04296790938199	24.822135418364883	23.86026462858745	0.0
6.0	33.527620761372006	17.490432322125947	22.12138400453772	26.860562911964326	0.0
7.0	37.16990110885848	17.933390264731	20.36101459573275	24.535694030677764	0.0
8.0	20.135711212796746	32.44032487256704	22.080774896684787	25.343189017951424	0.0
9.0	28.997040918749107	18.902923885130292	13.755817136600054	38.34421805952055	0.0
10.0	25.681735231242502	16.165467438344024	28.594426195317794	29.55837113509568	0.0
11.0	27.738420328864617	18.43688289004608	19.492039077927746	34.33265770316156	0.0
12.0	24.315552803936264	21.075303854801394	23.036267066375572	31.57287627488677	0.0
13.0	24.760669668749877	24.261481013235667	17.431850321605225	33.54599899640923	0.0
14.0	31.34073552792764	19.007871347772827	20.232230823363828	29.419162300935696	0.0
15.0	30.762668264377773	18.193718129896517	19.913645451407657	31.129968154318057	0.0
16.0	31.556944715764796	17.541186429641208	18.25030930520284	32.65155954939116	0.0
17.0	30.436367898115712	18.652741786360735	19.22440847473077	31.68648184079278	0.0
18.0	32.022760861214735	17.63576111512595	18.636431701139998	31.70504632251932	0.0
19.0	31.023910114114972	19.091636993301524	18.824739449409897	31.05971344317361	0.0
20.0	31.217254912169945	17.88947536267727	18.43227095522913	32.460998769923656	0.0
21.0	30.708307844489852	17.067329593523446	20.036834090406217	32.187528471580485	0.0
22.0	29.955359466916548	18.82906450101515	19.9047321568015	31.3108438752668	0.0
23.0	29.151836548784853	18.088297491622473	20.195204476689334	32.56466148290334	0.0
24.0	30.90031296562583	18.512469825819338	18.487744890722293	32.099472317832536	0.0
25.0	29.00910865322056	18.404033832140534	19.628497072218607	32.9583604424203	0.0
26.0	31.227026991861457	17.62180166934482	20.211693220482328	30.9394781183114	0.0
27.0	29.06379905931029	17.964831476024123	20.180591606653785	32.7907778580118	0.0
28.0	30.121971052203612	18.23450967637014	20.30574077085705	31.337778500569197	0.0
29.0	29.84486291345497	18.83240641363385	18.743942498455134	32.578788174456044	0.0
30.0	30.018213751382294	18.47459832173291	19.000845638457033	32.50634228842777	0.0
31.0	30.836282264779353	18.639415070774355	19.805760824313072	30.718541840133224	0.0
32.0	29.444520338530992	18.12806151324135	19.78103471829199	32.64638342993567	0.0
33.0	30.2540415704388	18.036626223855837	20.452135445467263	31.257196760238102	0.0
34.0	30.102399292182785	18.767565316956386	19.700478817528886	31.429556573331947	0.0
35.0	30.09797798422984	18.17146797824446	18.736175085226535	32.994378952299165	0.0
36.0	30.574748539381403	17.97374139568776	18.805871101221843	32.645638963709	0.0
37.0	28.021445348844775	20.740697364226087	18.555822321120676	32.68203496580846	0.0
38.0	30.400296708873935	19.1227567898182	19.75521517900134	30.72173132230652	0.0
39.0	29.45141749139485	19.30156747154932	20.233331381313967	31.013683655741865	0.0
40.0	31.18530037542862	18.924985848227937	19.64005699748196	30.249656778861482	0.0
41.0	30.645560066625027	18.440948365604832	19.362898188632105	31.550593379138036	0.0
42.0	29.726687789105245	19.368018372618035	20.164989232761034	30.74030460551569	0.0
43.0	30.575233039959933	19.015280135823428	19.819942886508077	30.589543937708562	0.0
44.0	30.00461809643366	19.489667822274836	19.917654787535042	30.588059293756466	0.0
45.0	30.417845413455595	19.43680291353689	19.80424674015543	30.34110493285208	0.0
46.0	30.56332349153909	18.07291598923039	19.840536919735182	31.52322359949534	0.0
47.0	29.748712345871702	18.42450965090266	19.35513240726289	32.47164559596275	0.0
48.0	30.110366087629505	18.401935471283355	19.738425218358362	31.74927322272878	0.0
49.0	28.397502601456814	20.779786680541104	19.138267429760667	31.684443288241415	0.0
50.0	29.878120162853318	18.98437804862186	19.247128604690488	31.890373183834335	0.0
51.0	30.32798080112384	18.45355393830605	19.55787953875871	31.660585721811408	0.0
52.0	29.584802091598483	18.115480170137488	19.695235369866936	32.60448236839709	0.0
53.0	31.750274791386186	17.99119366776583	19.290680507047018	30.967851033800965	0.0
54.0	30.277801265748682	17.8824401761381	20.855583668849963	30.98417488926325	0.0
55.0	29.813127272490746	18.044633507002036	19.096402391034275	33.04583682947295	0.0
56.0	30.092559467669233	18.089099057493545	19.630672763579835	32.18766871125739	0.0
57.0	27.75768535262206	18.295887702134856	19.963053065684885	33.9833738795582	0.0
58.0	29.558582468191396	18.432727083495955	19.384383212343558	32.62430723596909	0.0
59.0	29.172683866099426	17.907185511884784	20.48840144152583	32.43172918048996	0.0
60.0	29.321650208813082	17.986547493592493	19.850903555676982	32.840898741917435	0.0
61.0	29.518103638942012	18.098434877639434	20.076629847911217	32.30683163550733	0.0
62.0	29.874649545628994	18.72125623662419	19.227992115996333	32.17610210175048	0.0
63.0	28.993520855559314	17.886601961957794	20.780099398922744	32.339777783560145	0.0
64.0	29.02577379945616	19.360273740908916	20.083006986638217	31.530945472996706	0.0
65.0	29.8206467645509	17.56711922403867	19.916210748183374	32.69602326322706	0.0
66.0	29.919461864737567	18.336412605063884	20.93340966457623	30.810715865622317	0.0
67.0	28.77979598209639	18.394790257104194	20.064145935255542	32.76126782554387	0.0
68.0	30.81326888421929	17.810464957420646	19.50192891947981	31.87433723888025	0.0
69.0	29.63418363031923	17.80484155330458	20.324505077710768	32.23646973866542	0.0
70.0	28.870976136570643	17.077185312410545	20.334660525151584	33.71717802586723	0.0
71.0	29.784714677006956	18.838929624015147	19.36657059393766	32.00978510504024	0.0
72.0	30.162654521795705	17.795705920624595	21.135328562134028	30.906310995445672	0.0
73.0	30.333964436983972	17.82184659626933	19.34300158101224	32.501187385734454	0.0
74.0	29.246234425322882	19.190604769185725	20.004554474771464	31.558606330719936	0.0
75.0	30.607770035069915	17.79456448894875	18.94946419160274	32.6482012843786	0.0
76.0	29.077824986498886	18.372578745665002	19.826144666896564	32.72345160093955	0.0
77.0	29.36663890479413	17.740487220863045	20.562438186455676	32.330435687887146	0.0
78.0	29.466841913487062	18.144552600072874	19.421815626464006	32.96678985997605	0.0
79.0	30.438884731756517	18.466343494810815	18.49692552949214	32.59784624394052	0.0
80.0	29.8677806407954	18.677285859295697	19.41971838317587	32.035215116733035	0.0
81.0	29.69788067490451	18.788919905518576	19.266532622770544	32.24666679680637	0.0
82.0	30.52851453707801	18.34899398735001	19.254145084463417	31.868346391108567	0.0
83.0	30.17550481222872	18.91248186059829	19.14935153672456	31.762661790448426	0.0
84.0	30.072232706448883	17.91240970911694	19.184616385761696	32.83074119867248	0.0
85.0	29.972408048520187	17.89116797251217	19.30525548585262	32.83116849311503	0.0
86.0	29.645464839326852	17.772311376622024	19.70247159423685	32.87975218981427	0.0
87.0	30.006377551020407	17.943044564764683	20.73680237401083	31.313775510204085	0.0
88.0	30.875959911492906	18.769360926721333	17.983860471170114	32.37081869061564	0.0
89.0	30.737240813776406	19.662358285498588	19.36754005753186	30.232860843193148	0.0
90.0	31.100394392596353	19.184661642391347	19.16708969502909	30.547854269983212	0.0
91.0	29.912660913480938	18.92303487055332	19.760631028154165	31.403673187811577	0.0
92.0	28.49156193662178	18.67047621526987	19.380536157085302	33.45742569102305	0.0
93.0	30.02486234591203	18.490556213633937	19.87100217382815	31.61357926662588	0.0
94.0	30.883530215757105	18.29151615737577	19.267141787887663	31.557811838979465	0.0
95.0	30.848688792413288	18.929684906630566	19.297434862695834	30.924191438260312	0.0
96.0	29.853029237939026	19.204483324220885	19.24158400374912	31.700903434090964	0.0
97.0	29.711522189098766	19.00816225575068	19.365505031438353	31.9148105237122	0.0
98.0	28.70198597902712	18.48633378247313	20.28028927206806	32.53139096643169	0.0
99.0	30.00703015153882	18.84340988387231	19.940243711920015	31.209316252668856	0.0
100.0	30.538929972391017	19.30997121616594	19.829516157456055	30.321582653986983	0.0
101.0	30.084398960236236	18.969141016323242	19.300451131757974	31.64600889168254	0.0
102.0	29.403087297824136	18.601496233075178	20.71742795427006	31.277988514830618	0.0
103.0	28.66856984259149	17.954614540792726	19.62518007480539	33.7516355418104	0.0
104.0	31.275660018867175	17.550456399558882	19.5301808325472	31.643702749026748	0.0
105.0	30.108668790617216	17.924673225532825	20.135451940609535	31.831206043240428	0.0
106.0	29.762000590302932	18.540207679304515	20.248732190292202	31.44905954010035	0.0
107.0	30.26445189885355	18.18628837785771	19.045117137506903	32.504142585781835	0.0
108.0	28.62496786675867	19.29618054146203	21.05031727347756	31.02853431830174	0.0
109.0	29.26453312690555	18.507880244725566	20.259800226798944	31.967786401569935	0.0
110.0	29.759105932059015	17.509284813792632	21.869910388769632	30.861698865378717	0.0
111.0	29.991518931932585	18.644670606259574	20.945502298095864	30.41830816371197	0.0
112.0	29.303963910765663	18.373512589347634	20.061247330728722	32.26127616915799	0.0
113.0	30.52843371667574	18.087606027823906	19.03298490287817	32.350975352622186	0.0
114.0	30.119748465960583	17.776870767123476	19.208871486582776	32.89450928033317	0.0
115.0	28.26976660158286	18.33000965834474	21.317148078406305	32.0830756616661	0.0
116.0	29.906137687986323	18.268606720401966	18.82689556509299	32.99836002651872	0.0
117.0	30.54144033642895	17.427019449798493	21.02680918170668	31.004731032065884	0.0
118.0	30.968300441992064	17.739506207595507	19.331522198136312	31.96067115227612	0.0
119.0	31.58437667806574	18.347087584433204	18.689766271938502	31.378769465562556	0.0
120.0	30.64480657221706	18.383620536759437	19.525812836538805	31.4457600544847	0.0
121.0	30.257629918680664	18.768959083982512	19.737385533417832	31.236025463918992	0.0
122.0	29.59902203984759	18.34890587133533	20.179006741348125	31.873065347468955	0.0
123.0	28.37931900541782	19.745254924473468	19.330486886010547	32.54493918409816	0.0
124.0	29.029374662101283	19.044152099477383	19.54298071724635	32.383492521174986	0.0
125.0	29.23862648507679	18.52216748768473	19.978991596638657	32.260214430599824	0.0
126.0	30.397249196832497	18.468117346232578	18.943097130451886	32.19153632648304	0.0
127.0	30.24347380368323	18.59554058506938	19.37465675685571	31.786328854391684	0.0
128.0	29.195512231009747	18.23358469744344	20.100055177487587	32.470847894059226	0.0
129.0	30.173669384948653	17.531070480640558	21.077652173270145	31.217607961140644	0.0
130.0	30.416827594402683	18.54630262336968	18.428206423244898	32.60866335898274	0.0
131.0	29.242256967237573	18.12227725726562	20.21021065823238	32.42525511726443	0.0
132.0	30.421524260496895	18.32349327179549	19.783768393922138	31.471214073785475	0.0
133.0	30.94345869640465	18.0790705374208	19.65325748340783	31.324213282766717	0.0
134.0	30.922659327531587	17.691801692134373	20.683658579000294	30.701880401333746	0.0
135.0	31.630388520702862	16.90353863926552	19.88584544293792	31.580227397093697	0.0
136.0	29.201340023251543	19.435691121581105	19.340084439821332	32.02288441534602	0.0
137.0	31.053000053854024	17.79952454589517	20.566082735168987	30.581392665081818	0.0
138.0	29.74407788328342	18.583954372035073	20.425788777192206	31.246178967489303	0.0
139.0	28.508399928411908	19.959070288608935	20.175390816493273	31.35713896648588	0.0
140.0	30.132261268800885	18.109860542967315	19.812597279688394	31.945280908543406	0.0
141.0	29.187528000691664	18.683633448349042	20.158926031014943	31.969912519944355	0.0
142.0	30.952813568962657	17.443100574326724	19.967926182820758	31.636159673889857	0.0
143.0	30.997935852651636	18.476500476341695	20.43188313750397	30.0936805335027	0.0
144.0	29.96790265401935	17.74536105522021	21.392641563667723	30.894094727092714	0.0
145.0	30.72190945814628	19.69369644305597	18.974115984162804	30.610278114634948	0.0
146.0	30.637585791545746	17.45580068067356	20.205172148972117	31.701441378808582	0.0
147.0	30.4653926292486	18.567684594348222	19.49553978382602	31.47138299257716	0.0
148.0	30.764691902346282	18.53912786933611	19.550412627127674	31.145767601189938	0.0
149.0	29.67460893670385	19.003696125668274	21.032440102963502	30.28925483466438	0.0
150.0	30.75255959943203	19.006219432196563	19.301829293608684	30.939391674762724	0.0
151.0	30.14825642096471	17.78074754646064	20.308206306118187	31.762789726456464	0.0
152.0	29.689983099160006	18.55056378175214	19.60833774773184	32.15111537135602	0.0
153.0	30.046372298475134	19.057491495591247	20.655981857261327	30.2401543486723	0.0
154.0	29.827204630575416	17.82260810350698	20.15917602996255	32.19101123595506	0.0
155.0	30.971366902777657	18.281328959427167	19.830753813606503	30.916550324188673	0.0
156.0	29.80546089807186	18.76116119570375	19.430617262649356	32.00276064357504	0.0
157.0	30.794972533203534	17.88905500312913	19.96731798901328	31.348654474654058	0.0
158.0	29.691086541325717	18.78537260605211	20.767114646668187	30.756426205953986	0.0
159.0	30.97914313946923	18.013304630152458	19.62697628458498	31.38057594579334	0.0
160.0	30.449236458018525	18.217453911930452	19.772092940569948	31.561216689481075	0.0
161.0	29.293670976754182	18.378165407070455	20.17264228661485	32.155521329560514	0.0
162.0	30.798910985702182	18.729603519463424	18.631339812127003	31.840145682707387	0.0
163.0	29.948892983905374	18.03814417080455	20.298472236090813	31.714490609199263	0.0
164.0	31.188966072687002	18.045449969340034	19.703833868738734	31.061750089234234	0.0
165.0	29.559481525900644	18.72503344250196	20.586742930947	31.1287421006504	0.0
166.0	30.945896961641772	17.817475439395487	19.26462250559991	31.972005093362828	0.0
167.0	29.690149818699695	18.97422443759428	19.321833803371156	32.01379194033487	0.0
168.0	30.396363361433487	18.267304275507502	19.41462216005746	31.921710203001552	0.0
169.0	30.56366237482117	18.31187410586552	19.97520267048164	31.149260848831666	0.0
170.0	32.044942955538026	17.62221751928738	20.68607268599573	29.646766839178866	0.0
171.0	30.140705759141994	18.443024349563142	20.641370014448764	30.774899876846096	0.0
172.0	29.724103556454683	18.81725159058258	19.978303574046382	31.480341278916352	0.0
173.0	31.422942422302125	18.43274392946855	19.13707333891543	31.007240309313893	0.0
174.0	29.749192947603674	19.25304196672461	20.43208343680159	30.565681648870125	0.0
175.0	29.153850007514652	19.267571764941636	19.256550273032413	32.3220279545113	0.0
176.0	29.909075278387427	18.147522579470635	21.865423320825705	30.077978821316233	0.0
177.0	29.74491825349067	18.338143951370263	20.31066733301376	31.60627046212531	0.0
178.0	28.83337106167555	18.67038462329965	20.315683328874528	32.18056098615027	0.0
179.0	30.21016216665455	18.869923851276244	19.551418568653318	31.368495413415886	0.0
180.0	29.087759815242492	17.99286164182238	20.684442578207012	32.23493596472811	0.0
181.0	30.85697324343807	17.53699698935674	19.80982063350719	31.796209133698	0.0
182.0	29.739124854267164	17.13604227054432	20.89782122725766	32.22701164793086	0.0
183.0	30.719906732730983	18.380344786640325	19.905653248701924	30.994095231926767	0.0
184.0	31.45179744793994	17.942878314027613	18.243633470997832	32.36169076703462	0.0
185.0	30.09273009273009	19.88031988031988	20.832920832920834	29.19402919402919	0.0
186.0	30.72451848805806	19.122664680974026	19.926203363081676	30.22661346788624	0.0
187.0	28.90083860031209	18.93642578892419	20.204991187399663	31.957744423364055	0.0
188.0	29.41723883561255	17.919763944844807	20.983941440163424	31.679055779379222	0.0
189.0	30.71072977127257	18.07795544747528	20.726559453073023	30.484755328179126	0.0
190.0	29.626234378082316	19.146640054770995	20.271070007078453	30.95605556006823	0.0
191.0	30.870978721406523	17.770501038695823	19.884276375245	31.47424386465265	0.0
192.0	29.015611654171014	18.558413210591247	20.95354465217804	31.472430483059693	0.0
193.0	31.530515530707493	17.45270002759415	20.0381519117947	30.97863252990366	0.0
194.0	31.368982660361343	18.526736995271005	20.4668364253668	29.63744391900085	0.0
195.0	30.258062935006375	18.831487109106952	21.11312616410156	29.797323791785118	0.0
196.0	30.702178576299765	18.394524420637577	19.046733375491325	31.856563627571326	0.0
197.0	30.1511066524547	19.148535958367297	19.99247601730516	30.707881371872848	0.0
198.0	29.472587775011434	18.823992683298613	20.705248717036735	30.998170824653222	0.0
199.0	29.408211007995067	18.177845188822335	19.711303632484125	32.70264017069848	0.0
200.0	28.902629523561572	18.592814371257486	20.889091382452488	31.615464722728454	0.0
201.0	30.691633150919763	18.18949034087163	20.439111228324652	30.67976527988396	0.0
202.0	30.934704232874882	18.70343169982641	20.22432901588997	30.137535051408733	0.0
203.0	29.184038117927336	19.118522930315667	19.92121934051654	31.776219611240457	0.0
204.0	31.54823777251119	18.76983632004213	19.78573309495101	29.89619281249567	0.0
205.0	30.703121708724773	18.4774824114252	19.447838114897976	31.371557764952048	0.0
206.0	30.581218237982032	17.520534100129538	20.128400404276217	31.76984725761221	0.0
207.0	29.250552019742827	19.369037825980286	21.61175333015832	29.768656824118573	0.0
208.0	29.703811071580212	18.661513008594312	20.232500256218795	31.40217566360668	0.0
209.0	28.99354743009716	18.819253875250315	20.34858710969369	31.838611584958837	0.0
210.0	29.046673286991066	18.467695826186393	21.642442297854416	30.843188588968136	0.0
211.0	29.586539636008307	19.680591181140834	19.65921582997435	31.073653352876512	0.0
212.0	29.96621516907913	18.993893934228062	20.36233456281189	30.67755633388092	0.0
213.0	31.241947141824582	17.904842713931053	20.7095942930769	30.143615851167464	0.0
214.0	29.41007607291517	18.3053442419023	19.00547023268424	33.27910945249828	0.0
215.0	31.240495680590158	18.60581745235707	19.911346944057982	30.242339922994795	0.0
216.0	29.53565043384126	17.404497515049126	20.712844653665098	32.34700739744452	0.0
217.0	29.178456109983024	18.614560101195032	20.267301354815086	31.939682434006855	0.0
218.0	30.05836082212636	17.410132792015563	20.551467478643325	31.98003890721475	0.0
219.0	31.44861741642592	18.56342000275141	19.9339661576558	30.053996423166872	0.0
220.0	30.823940585408476	17.46439493228484	19.898645696810835	31.81301878549585	0.0
221.0	29.614777223769895	18.53185939634828	20.941497950565147	30.911865429316677	0.0
222.0	28.91616280119123	19.514484252323797	19.20043317390127	32.3689197725837	0.0
223.0	28.023945498283048	19.147217070349082	20.629120223295445	32.19971720807243	0.0
224.0	30.001306189472114	17.504804911272416	20.882237689164228	31.611651210091246	0.0
225.0	29.311848341232228	18.847393364928912	20.276777251184836	31.563981042654028	0.0
226.0	29.984004933418127	18.509953556493418	19.743308088107764	31.762733421980688	0.0
227.0	30.063322158834715	18.543786390636946	20.576760963751497	30.816130486776842	0.0
228.0	29.16458927467443	18.44125800211395	21.969168179008037	30.424984544203575	0.0
229.0	29.50214121897262	18.690507600819956	19.721540053987134	32.08581112622029	0.0
230.0	30.0522431379053	17.858031345882743	20.627746911020814	31.461978605191142	0.0
231.0	28.888466172088012	17.301798659987742	20.472174666582124	33.337560501342125	0.0
232.0	31.25686354729657	17.41133911845137	19.418186516224885	31.913610818027173	0.0
233.0	28.619993858841074	17.5417818133965	21.49405623546958	32.34416809229285	0.0
234.0	30.034617532104967	17.960915689558906	21.087660524846456	30.91680625348967	0.0
235.0	29.004486756098117	17.614503382148634	21.90994602227435	31.471063839478898	0.0
236.0	28.79326777785527	19.280749471139316	21.64260641141874	30.283376339586678	0.0
237.0	30.527065527065528	18.87226970560304	21.645299145299145	28.955365622032286	0.0
238.0	30.19477365455605	20.337089566737905	19.547794831940937	29.920341946765106	0.0
239.0	28.25606515855082	20.89593007375034	19.766084775645005	31.081919992053837	0.0
240.0	31.54790655108422	18.52200218623688	20.441314792688818	29.488776469990086	0.0
241.0	29.820493447620038	18.133027642445875	22.684521793502334	29.361957116431753	0.0
242.0	26.763574176998716	19.786767849508337	23.431487815305687	30.018170158187257	0.0
243.0	26.549909554349615	20.577755851559502	18.201501945951872	34.67083264813901	0.0
244.0	25.85422052377206	20.02079352590761	18.551197032707652	35.57378891761268	0.0
245.0	31.229399178858497	16.596310645926096	16.54137512288209	35.63291505233332	0.0
246.0	34.28715904696749	14.890389363157738	20.747196525774118	30.07525506410066	0.0
247.0	34.60533193936226	17.508686694751084	20.048583991882168	27.837397374004492	0.0
248.0	33.25169191105382	17.914921044150823	21.269738962294554	27.56364808250081	0.0
249.0	28.081655878796504	21.993029376200298	23.586314816132013	26.33899992887119	0.0
250.0	19.71500564775393	20.861934138500303	36.31940220696846	23.103658006777305	0.0
