# Position (bp)	A	C	G	T	N
0.0	26.25605603440238	24.152155183667077	24.687734269229193	24.904054512701354	0.0
1.0	26.16542531170628	20.368042786652296	15.572819734373661	37.893712167267765	0.0
2.0	28.795372465123908	20.041966851405295	18.330867252811146	32.83179343065966	0.0
3.0	24.11692830374239	22.620120847271995	15.922112368591629	37.340838480393984	0.0
4.0	33.95984701496706	14.38833917392551	14.904868484263917	36.74694532684351	0.0
5.0	34.70102716648734	16.47338265023101	22.80838263161618	26.017207551665468	0.0
6.0	32.5813715455476	18.210105145622034	20.268726156136594	28.939797152693775	0.0
7.0	33.60096436464294	18.690145770859225	19.638140026341443	28.070749838156395	0.0
8.0	23.668506971829938	26.670411762079794	21.422937841336925	28.238143424753343	0.0
9.0	29.92012969628462	18.67544694648541	15.521164886813219	35.88325847041675	0.0
10.0	27.048162767705154	17.60219442028501	24.735547081168278	30.614095730841566	0.0
11.0	28.646367378479187	18.967054522758684	19.663635147786547	32.722942950975586	0.0
12.0	27.156422568581796	20.215985769300758	21.34604886418075	31.281542797936694	0.0
13.0	27.28518330109056	21.539409827300034	18.750069622109756	32.42533724949965	0.0
14.0	30.743101521693127	18.447791336112648	19.875561957300526	30.933545184893696	0.0
15.0	30.49291410462411	18.920954879601005	19.385184003206188	31.200947012568697	0.0
16.0	28.885476590520486	18.255054466958196	18.55140516221399	34.30806378030733	0.0
17.0	30.783568263002653	17.801665999673915	20.418130345205803	30.99663539211763	0.0
18.0	31.026411208930405	17.488583291049224	18.976736950877594	32.50826854914278	0.0
19.0	29.99615054336561	17.718604720026057	19.297252080187143	32.98799265642119	0.0
20.0	29.45396026784063	17.978247197661943	19.50316303503385	33.06462949946358	0.0
21.0	30.33942693960893	17.833230992313325	19.29436483217306	32.53297723590468	0.0
22.0	29.195760229592594	18.367777153170213	19.46174443030859	32.97471818692861	0.0
23.0	30.377074575657083	17.077237620943738	20.19395364485705	32.351734158542136	0.0
24.0	30.52093686610234	19.04953685058397	18.58361629724327	31.845909986070414	0.0
25.0	29.095288584802148	18.15112142247574	19.78218063195694	32.97140936076517	0.0
26.0	31.08617275924229	17.526374892875086	20.264339962764858	31.123112385117764	0.0
27.0	30.37948967983098	18.014863407354873	19.2607449433388	32.344901969475345	0.0
28.0	30.478996809641973	18.213473354602385	19.57676060498641	31.73076923076923	0.0
29.0	29.159082770002104	18.56648662219088	19.376871361114084	32.89755924669293	0.0
30.0	30.689838466763135	18.891193928476508	18.809615214245635	31.609352390514722	0.0
31.0	31.35842203947854	17.748733999675196	19.145025320006496	31.74781864083977	0.0
32.0	30.33137912193393	18.175273564983684	19.191266594798943	32.30208071828344	0.0
33.0	31.136819624521046	18.578855384069673	19.278305947731496	31.006019043677785	0.0
34.0	30.5305826839155	18.06508589312966	19.18064346868568	32.22368795426916	0.0
35.0	29.945800959843943	19.151805341579568	19.931355271567856	30.971038427008637	0.0
36.0	31.0168784008925	17.89243482661682	19.251498886225026	31.83918788626566	0.0
37.0	28.90472529422201	19.973460878821932	19.034611745224435	32.08720208173162	0.0
38.0	30.416937821688457	17.94097201680175	19.49247175057682	32.14961841093297	0.0
39.0	29.19160957068009	18.79859937659687	19.99844703846538	32.011344014257666	0.0
40.0	30.81502847422528	18.484579542933215	19.869462317875897	30.830929664965613	0.0
41.0	30.628894765065922	18.134950720242607	20.03772259102424	31.19843192366723	0.0
42.0	30.046047156726768	18.813499768839577	20.006657420249656	31.133795654184006	0.0
43.0	29.67676535984225	18.499143541041587	20.604959692784657	31.219131406331506	0.0
44.0	29.552764191492514	19.139988142878316	20.820364606491772	30.486883059137394	0.0
45.0	29.483416712988696	19.83509357050213	19.36112655178803	31.320363164721144	0.0
46.0	30.212188913712808	18.782071944898316	18.55976821130711	32.44597093008177	0.0
47.0	30.24348869596136	19.02315624166642	19.77947494740585	30.95388011496637	0.0
48.0	31.262104284777948	19.01395672637188	19.099126454828568	30.624812534021608	0.0
49.0	29.475360654826943	19.33220985573807	18.91701698179596	32.275412507639025	0.0
50.0	30.42130524631691	18.43210452636491	19.69609433445178	31.450495892866403	0.0
51.0	30.439891176230756	18.763204519003388	19.554178373129126	31.242725931636727	0.0
52.0	31.027451852675675	18.64279226677047	18.678752154812877	31.651003725740978	0.0
53.0	31.816766617988275	18.22993498839873	19.340766054603815	30.612532339009185	0.0
54.0	31.292849965330692	18.19897586497139	19.67362648364239	30.834547686055526	0.0
55.0	29.230637944212347	18.237101238488883	19.429211715555688	33.10304910174309	0.0
56.0	29.161022138920334	18.951138493514204	20.818008053890548	31.06983131367491	0.0
57.0	28.527587987680054	19.043532213540797	19.111893801758825	33.316985997020325	0.0
58.0	30.19996804078887	18.24536498533964	18.721036964915474	32.833630008956014	0.0
59.0	30.508884097836592	17.59237231432607	20.93524645007806	30.963497137759276	0.0
60.0	29.566561741631702	18.806604702673173	20.449232758909027	31.1776007967861	0.0
61.0	29.972384417824134	18.011083400544877	19.398181014008497	32.61835116762249	0.0
62.0	29.039145377988724	18.658404130276292	20.173781077502195	32.12866941423279	0.0
63.0	29.99769348670407	18.567060013987888	19.805880864868083	31.629365634439964	0.0
64.0	28.683696440864015	19.32240599825113	19.59589945859458	32.39799810229027	0.0
65.0	30.200056542570604	18.182528345683423	20.594515370651433	31.022899741094545	0.0
66.0	30.086895710268273	18.921392116892584	20.255702530986355	30.736009641852785	0.0
67.0	29.465352282495843	18.0508263278741	19.09317912019619	33.39064226943387	0.0
68.0	29.746557499069592	18.69519910681057	19.776702642352063	31.78154075176777	0.0
69.0	30.351653183584798	18.28544386106774	19.406694713464326	31.956208241883132	0.0
70.0	28.93322900365154	18.044936284372902	19.98807660779492	33.03375810418064	0.0
71.0	30.010992081974848	17.77587331159758	21.495295761527714	30.71783884489986	0.0
72.0	30.792822672306176	18.26529281335594	19.781251746818462	31.160632767519424	0.0
73.0	30.48750945688592	18.251510306608083	19.141855152185986	32.11912508432002	0.0
74.0	30.130554539550786	18.440362178745513	20.112415744175806	31.3166675375279	0.0
75.0	30.833986635308168	18.161048269683057	19.82379512450069	31.181169970508083	0.0
76.0	29.502692689776744	18.2154301207789	19.354501385558816	32.92737580388554	0.0
77.0	29.358391288262396	18.59054609051806	21.529337463984483	30.521725157235053	0.0
78.0	30.514073874762694	18.058358371825342	19.355875450319147	32.07169230309282	0.0
79.0	31.05409910819074	17.59772151330986	18.93468786675936	32.41349151174004	0.0
80.0	31.663084714720892	18.13190304434768	19.879646414621842	30.325365826309593	0.0
81.0	30.872804345144424	18.98384027930935	19.1161683182751	31.027187057271128	0.0
82.0	30.939804794533348	18.204348947527784	18.757593088933998	32.09825316900487	0.0
83.0	29.914657715009852	18.370085716101396	20.560276026032575	31.15498054285618	0.0
84.0	31.672579240324623	18.415081361748577	18.46143494237577	31.450904455551026	0.0
85.0	30.157193323489278	18.214238986187173	18.731612493224425	32.89695519709912	0.0
86.0	31.017196261682244	18.452710280373832	19.24710280373832	31.282990654205605	0.0
87.0	30.79237975611033	19.500706547338673	19.151171223710083	30.55574247284092	0.0
88.0	30.498368181597275	18.16197059362301	19.107042053436913	32.232619171342805	0.0
89.0	30.50005981576744	18.738036846512742	20.054357578657733	30.70754575906209	0.0
90.0	30.4828627826295	19.077117478167242	19.418441201100613	31.021578538102645	0.0
91.0	30.598984619755797	18.778552896226344	19.480271864695723	31.142190619322136	0.0
92.0	30.043741588156124	18.535965305817257	19.819051891730222	31.601241214296394	0.0
93.0	30.470397344060775	18.6222315273146	19.732237658705827	31.175133469918798	0.0
94.0	30.872648828106016	17.88330037050469	19.65095542353808	31.59309537785122	0.0
95.0	30.636218505931485	18.459571318012046	20.865439617752955	30.03877055830352	0.0
96.0	30.526351209882453	19.179029701193432	19.480378667783327	30.814240421140788	0.0
97.0	30.591947834410142	18.623624072744676	19.49329983249581	31.291128260349367	0.0
98.0	29.54095921091498	18.47081125747339	20.81892248615624	31.169307045455398	0.0
99.0	30.90855384431308	18.80709075069079	19.3238286464234	30.960526758572726	0.0
100.0	30.44730663346061	18.226451327367243	19.901131956582077	31.425110082590074	0.0
101.0	30.213659296380317	18.678916616816593	20.413699176439163	30.693724910363922	0.0
102.0	30.897050106283768	18.19094832305735	19.583397833547913	31.32860373711097	0.0
103.0	30.334553612709097	17.733463698583414	19.773831449858644	32.158151238848845	0.0
104.0	31.216609080807928	18.14258968934078	20.177247751107323	30.46355347874397	0.0
105.0	31.089546363146447	18.104960613971052	19.483567177927007	31.321925844955494	0.0
106.0	29.877023697119036	18.140923780792054	19.683501063184643	32.29855145890427	0.0
107.0	30.235275065932544	18.156125171578832	20.259411773778126	31.349187988710497	0.0
108.0	29.8395933111611	18.488777726584612	20.03438115850566	31.63724780374863	0.0
109.0	29.78193267511467	18.004353572261525	20.30785975277929	31.905853999844513	0.0
110.0	30.313247558058308	17.78685741714179	20.92440614865893	30.97548887614097	0.0
111.0	29.393748310962977	18.469546417674866	20.27353587416723	31.863169397194923	0.0
112.0	29.7841205903641	18.137332032602195	18.8630928029707	33.215454574063	0.0
113.0	30.912597416968335	17.627926461056926	20.563477133688487	30.895998988286248	0.0
114.0	30.757716527304634	18.169076716614654	19.219254988843097	31.853951767237614	0.0
115.0	30.482832361178712	17.74614396399703	19.573023307772715	32.198000367051534	0.0
116.0	30.77209966353731	18.18502640770937	19.72617792018736	31.316696008565962	0.0
117.0	30.754751204175818	18.309115459803703	19.22408754710897	31.712045788911507	0.0
118.0	29.785639638033977	18.30812479240422	19.617699717264678	32.28853585229712	0.0
119.0	31.356459943587677	17.62457721284052	19.695878155895006	31.3230846876768	0.0
120.0	30.432365253793826	18.36325876504448	19.411466509680793	31.7929094714809	0.0
121.0	30.269932906849746	17.85236222089003	19.87377947130269	32.003925400957534	0.0
122.0	30.18541123684471	17.648295998152484	20.888868727524663	31.27742403747814	0.0
123.0	29.270445307223447	18.914473002705737	19.386423246967958	32.428658443102854	0.0
124.0	30.357901577066304	17.746786300434046	19.303025001457932	32.592287121041714	0.0
125.0	29.466881120521393	18.022082045353642	19.84661523124995	32.664421602875024	0.0
126.0	30.415555864404208	18.003209218290017	19.339962348541324	32.24127256876445	0.0
127.0	29.72203631064836	17.91938121097622	19.383328956174758	32.97525352220067	0.0
128.0	29.83478360869399	18.176358594957897	20.94955767666313	31.039300119684988	0.0
129.0	30.466408644871816	18.439710239241005	18.991146199030705	32.10273491685648	0.0
130.0	30.16791277660843	17.507521855347942	19.634732678210938	32.689832689832684	0.0
131.0	30.577704325103078	18.34740134724127	20.4418120697935	30.633082257862153	0.0
132.0	31.515662996524167	17.95121654130759	19.06356988424043	31.469550577927812	0.0
133.0	30.635772421725687	18.306502048974203	20.107062728787543	30.950662800512575	0.0
134.0	31.482312171266734	17.49960420074938	20.052949144194066	30.965134483789818	0.0
135.0	30.084861999699136	18.350633146619234	20.159813108922457	31.404691744759173	0.0
136.0	29.669409711089738	18.08895301200527	19.915571230095118	32.32606604680988	0.0
137.0	30.912138692052903	17.76185161779009	22.587657375410668	28.73835231474634	0.0
138.0	30.80576844137508	20.16608852942636	19.830483244545285	29.197659784653275	0.0
139.0	31.057318711645305	19.264497621554884	19.235447910236392	30.442735756563422	0.0
140.0	28.929243473336136	21.41787090998776	19.911577178142757	29.74130843853335	0.0
141.0	32.65134606376237	17.07539977772267	20.655718130298606	29.617536028216364	0.0
142.0	28.211938271661964	19.599347796967166	22.97768560303376	29.211028328337115	0.0
143.0	28.46427326594632	18.991518531427907	19.569187870338098	32.97502033228768	0.0
144.0	29.007697847782776	19.506982312721558	18.755904333429985	32.72941550606568	0.0
145.0	27.847993932570507	19.412476858503588	17.0034058629835	35.7361233459424	0.0
146.0	33.77210048305511	15.098556528836207	19.82424006605233	31.305102922056356	0.0
147.0	34.860668004407806	16.794906959622352	21.338414824866586	27.006010211103256	0.0
148.0	32.166314917453995	17.712380914810943	20.976251997080812	29.14505217065425	0.0
149.0	33.86579949238578	16.824767343485618	22.044204737732656	27.265228426395936	0.0
150.0	28.588970975901123	17.307012099492127	25.664537743341278	28.439479181265476	0.0
