# Position (bp)	A	C	G	T	N
0.0	25.603031910438595	25.429939417627516	23.87629470392808	25.090733968005807	0.0
1.0	25.693765878444403	20.919763254138864	14.434378402523802	38.952092464892935	0.0
2.0	27.951476086835203	19.92228919024499	18.615017579105977	33.51121714381382	0.0
3.0	23.561739373016703	23.001011263381805	15.811974753286606	37.62527461031488	0.0
4.0	33.546938519360445	14.072142304286281	14.678790329891012	37.702128846462266	0.0
5.0	35.0337432722608	15.569313143143981	23.09322624724616	26.303717337349063	0.0
6.0	32.45445862758905	18.298812752281428	20.552701110561138	28.694027509568393	0.0
7.0	34.4517721201305	17.40191294163576	20.18069769387357	27.965617244360168	0.0
8.0	23.2324358992234	25.979114091713956	22.4892991090724	28.299150899990238	0.0
9.0	30.03255467023583	18.55407072798377	15.511916961192323	35.90145764058808	0.0
10.0	27.063858856660882	16.851739545647824	24.50560098147877	31.578800616212522	0.0
11.0	28.40811660474421	18.4380206191316	19.93391840177333	33.21994437435086	0.0
12.0	26.43956978454375	20.39480562932603	20.70150491764427	32.46411966848595	0.0
13.0	26.76206540831405	21.291856023642904	18.35879778068977	33.58728078735328	0.0
14.0	30.25481258450773	18.74433711091596	20.113885055548586	30.886965249027725	0.0
15.0	29.99045222978765	18.997275052443044	18.60421356340904	32.40805915436027	0.0
16.0	29.832336831542417	17.12240944377082	18.511937115859013	34.533316608827754	0.0
17.0	30.22192802146117	18.26080897467164	20.248057694317666	31.269205309549523	0.0
18.0	31.770557583526067	17.449912224482404	18.722657229637473	32.056872962354056	0.0
19.0	30.198785278466556	18.1323656423258	19.609673195330565	32.059175883877074	0.0
20.0	30.691552336513684	17.974789330733337	19.554286510202658	31.779371822550317	0.0
21.0	30.147345551779846	17.5665701075149	19.757952203219876	32.52813213748538	0.0
22.0	28.751270732080936	18.60003620716066	19.600607166232646	33.048085894525755	0.0
23.0	29.66921261322732	17.404805503143557	20.517033705361808	32.408948178267316	0.0
24.0	31.165368254697608	18.37618440930958	18.15688158343602	32.30156575255679	0.0
25.0	29.654692286271235	18.00612642717906	19.32121971595656	33.01796157059315	0.0
26.0	31.153144623438827	17.681458069366897	20.49400593141282	30.67139137578146	0.0
27.0	28.792214030617576	18.281433832487487	19.77332692856596	33.153025208328984	0.0
28.0	30.387624961710895	17.451477263234104	19.93887666731642	32.22202110773858	0.0
29.0	29.1982540776476	18.134480574177335	20.130317649270097	32.536947698904974	0.0
30.0	30.038078398340424	17.951841616139113	19.399795337310564	32.6102846482099	0.0
31.0	29.738534792415006	18.1285328432601	19.88555676217526	32.24737560214964	0.0
32.0	29.985868528586646	18.205929648940835	19.444347759500456	32.36385406297207	0.0
33.0	30.805485937064887	18.2818156502367	19.738930659983293	31.173767752715122	0.0
34.0	30.61548422129864	17.824049901491893	19.573526033290868	31.986939843918606	0.0
35.0	29.96783715296149	18.411489515747263	19.734900169864385	31.88577316142686	0.0
36.0	30.329569346013002	17.98359811197282	18.93944667994041	32.74738586207377	0.0
37.0	28.661435960985525	19.54900827769617	19.187685795640462	32.60186996567784	0.0
38.0	30.445437709734463	17.897572998036676	19.73348928526672	31.92350000696214	0.0
39.0	28.892973258979232	19.03896628306077	19.973962140674058	32.09409831728593	0.0
40.0	30.744701590219176	18.28960926838778	19.276881945024645	31.688807196368394	0.0
41.0	30.498927785668535	17.580833820703486	20.895647088311474	31.024591305316513	0.0
42.0	30.50819135677832	19.07858550272581	19.276319911994264	31.136903228501605	0.0
43.0	29.831365231437644	18.62014705063221	19.26349356653484	32.28499415139531	0.0
44.0	29.543935385043866	18.81701712853363	20.318897089541846	31.32015039688066	0.0
45.0	29.68680369875223	19.63708778966132	19.355085784313726	31.32102272727273	0.0
46.0	30.19851963262379	17.9865332525607	19.114564837445077	32.70038227737043	0.0
47.0	29.801130824722165	18.5256106732028	20.109740133136505	31.56351836893853	0.0
48.0	30.91459805730599	18.461859833582846	19.35661316714828	31.266928941962885	0.0
49.0	29.684845277553407	18.36684956688856	19.19756009247138	32.75074506308665	0.0
50.0	30.025067892208064	18.232017268992408	20.202632128681845	31.54028271011768	0.0
51.0	30.304992688531442	19.002158624051248	19.19573845832463	31.497110229092684	0.0
52.0	29.87827806637606	18.78542679275239	19.139868807709984	32.19642633316157	0.0
53.0	31.403024985376454	18.463274003509653	19.5064204339712	30.627280577142695	0.0
54.0	30.684540389972142	17.790389972144848	19.72075208913649	31.804317548746518	0.0
55.0	30.10884476911399	17.927005062709352	18.60180084819532	33.36234931998134	0.0
56.0	29.641984164014566	18.49202977778087	20.278278794125228	31.587707264079334	0.0
57.0	28.697378042410946	18.505518994393956	19.265991155680908	33.53111180751419	0.0
58.0	29.923743862947877	18.233225390856227	18.884362268881226	32.95866847731467	0.0
59.0	29.511187871275062	18.03360888065574	20.381216354557672	32.073986893511524	0.0
60.0	29.985653796868906	18.572761713744498	19.623655913978492	31.8179285754081	0.0
61.0	30.729373419969498	17.713056014040074	19.077366650648727	32.480203915341704	0.0
62.0	29.291733407618914	18.408663555957936	19.43728671913086	32.86231631729229	0.0
63.0	29.744336186423563	18.315724961173366	19.68005460104327	32.25988425135981	0.0
64.0	28.384185197824312	18.96829100127449	19.525444504028915	33.12207929687228	0.0
65.0	30.023400284146305	17.891467253530934	20.93211131849458	31.153021143828173	0.0
66.0	30.007591216475028	18.331743124377557	20.560357135395265	31.10030852375215	0.0
67.0	29.609767309045072	17.468885158899855	19.490043947318934	33.43130358473614	0.0
68.0	29.51226137162995	18.56513048383839	19.859870038514845	32.062738106016816	0.0
69.0	30.154407616606655	17.941092484381638	19.711521719447557	32.19297817956415	0.0
70.0	28.754100415787388	18.61014186916278	19.67503116664229	32.96072654840754	0.0
71.0	30.24167711380415	17.768491433347265	20.69647583228862	31.293355620559964	0.0
72.0	30.472363069036607	18.46339221039728	19.292221541204658	31.772023179361454	0.0
73.0	30.37966748622652	17.584782654120204	18.830142157648027	33.20540770200525	0.0
74.0	29.51194199304864	18.42598332509107	20.718957435100894	31.343117246759398	0.0
75.0	30.355861723097927	18.105832120194755	19.47174489959392	32.0665612571134	0.0
76.0	29.062299740882114	18.30751441865649	19.14546822323145	33.48471761722995	0.0
77.0	29.074457191816606	17.945931637863175	21.750639110052315	31.2289720602679	0.0
78.0	30.287008011145943	17.802159526297455	18.612330198537094	33.298502264019504	0.0
79.0	30.458316788229638	17.408932266087067	19.29890558493037	32.833845360752925	0.0
80.0	31.413404668854106	17.963454478324174	19.763561760259705	30.85957909256202	0.0
81.0	30.478459566404727	18.36649389734158	19.22894722175779	31.926099314495904	0.0
82.0	30.051831519694584	18.2531941870672	18.70184336291817	32.99313093032005	0.0
83.0	29.92197296920719	18.31893548836561	20.104500487668943	31.654591054758257	0.0
84.0	31.55309706769589	17.814670577334383	18.858986059537827	31.773246295431907	0.0
85.0	29.74403990580892	17.41977734119188	19.14127269433878	33.694910058660426	0.0
86.0	30.416062869245348	17.707056069557463	19.889783747631256	31.987097313565933	0.0
87.0	29.63458389939736	18.996760372034696	20.183230570940886	31.185425157627062	0.0
88.0	29.97777514578529	17.801481192478384	18.83817658656894	33.38256707516739	0.0
89.0	30.279869853899154	18.416927353672726	20.096007134347285	31.207195658080835	0.0
90.0	30.769605930550135	18.278663396689147	19.091745164706538	31.85998550805418	0.0
91.0	30.282318186251967	18.018338140824657	19.571366860359795	32.12797681256358	0.0
92.0	29.24368576902979	18.31248911339488	20.30099285838704	32.14283225918829	0.0
93.0	30.29354998292909	18.515318529253967	19.61621806172005	31.574913426096895	0.0
94.0	30.60452347440739	17.216655750498195	19.72087124959935	32.45794952549506	0.0
95.0	30.545026338526714	18.455781933721678	21.010897739624852	29.988293988126756	0.0
96.0	30.40769825730073	18.848466689428832	19.396152264951606	31.347682788318824	0.0
97.0	30.062922882885395	18.44832031440537	19.613404037377446	31.875352765331794	0.0
98.0	28.965137589107155	18.30503041663473	21.047753768108873	31.682078226149248	0.0
99.0	29.977561601070352	18.446872561043595	19.25103133013714	32.324534507748915	0.0
100.0	29.967670081208848	18.570500869346628	19.76244841527536	31.69938063416916	0.0
101.0	30.320901630742753	18.512533143045033	20.823276736555645	30.343288489656572	0.0
102.0	30.26849215144416	18.061497888815634	19.80304964439519	31.86696031534502	0.0
103.0	29.81373010906176	17.170722789055855	19.85050593124398	33.16504117063841	0.0
104.0	30.138358038446896	18.01968887071069	20.104932090320577	31.737021000521842	0.0
105.0	30.979471477162633	17.986323746755957	19.46355709871087	31.570647677370538	0.0
106.0	29.396749766017187	17.897558070279928	19.94171700842338	32.7639751552795	0.0
107.0	29.962533503010828	18.23488010010024	20.27456472746145	31.52802166942748	0.0
108.0	29.593894522314777	19.462279007788617	20.090071472853854	30.85375499704275	0.0
109.0	29.128322377822236	18.43098028008002	19.94212632180623	32.498571020291514	0.0
110.0	29.76690894768878	17.578144580901572	21.198753983314834	31.456192488094814	0.0
111.0	29.24804477290665	18.772332639735957	19.913180741910026	32.06644184544737	0.0
112.0	28.881567589342232	17.94757437992749	19.017235426137997	34.15362260459228	0.0
113.0	30.453781754988142	17.44748664181311	20.582063614534285	31.51666798866447	0.0
114.0	30.09182935647144	18.38467100506146	19.065075921908896	32.4584237165582	0.0
115.0	29.77079857837093	17.122651773409732	20.48596503952999	32.62058460868935	0.0
116.0	30.169272064653637	17.914323748281454	20.623986149806143	31.292418037258766	0.0
117.0	30.534295449405	18.2986888858083	19.16838733684034	31.99862832794636	0.0
118.0	30.19777711112249	17.976278453782495	19.778442807074025	32.04750162802099	0.0
119.0	30.74254448372475	17.684939343709203	19.735664725469775	31.836851447096272	0.0
120.0	30.232883058437693	17.732791140590187	19.79836900971388	32.235956791258246	0.0
121.0	29.750701910818638	17.520873095997818	19.517910700731754	33.21051429245179	0.0
122.0	29.87898578563196	17.588433464345872	20.503708738437897	32.02887201158426	0.0
123.0	28.57830825424344	18.692627414371763	19.62392478495699	33.1051395464278	0.0
124.0	29.266625048307027	17.666993668063853	19.26112547935432	33.8052558042748	0.0
125.0	29.08078451251239	17.888584910583166	20.44100874413889	32.589621832765545	0.0
126.0	30.01779918333159	18.283051886863007	19.43999880341625	32.25915012638916	0.0
127.0	30.001125492402924	17.67548302382292	18.690677171262426	33.63271431251172	0.0
128.0	29.55602727970733	17.52329765292143	21.50384655917378	31.416828508197465	0.0
129.0	30.17239426409623	17.895627090742963	19.21180406104403	32.720174584116776	0.0
130.0	30.16593079527124	17.808592655422856	19.638299644812673	32.38717690449323	0.0
131.0	30.22505107892358	17.773946331052187	20.78019732794568	31.22080526207855	0.0
132.0	30.618262161441468	18.20273513389966	18.876233286350995	32.302769418307875	0.0
133.0	30.107403585215764	17.76631120284371	20.068035011275466	32.058250200665064	0.0
134.0	30.96813265157497	17.0988984031829	20.42362032089661	31.509348624345517	0.0
135.0	29.630427424069914	18.36708003815737	20.45958088438933	31.54291165338339	0.0
136.0	28.375676447655884	18.551456340659424	19.868454572824753	33.204412638859935	0.0
137.0	30.76893276099859	17.903023353117106	23.059459794517366	28.26858409136694	0.0
138.0	30.516161655451395	20.003889688435954	19.898868100665137	29.58108055544751	0.0
139.0	30.68470255621246	18.933779023906403	20.022492795276513	30.35902562460462	0.0
140.0	29.225548057403966	21.39402917225109	20.20582034219787	29.174602428147068	0.0
141.0	31.365331068006984	17.278619409442005	20.896848993974864	30.459200528576147	0.0
142.0	26.66898140841514	20.041980998074553	24.50127836873836	28.787759224771946	0.0
143.0	27.718389712403397	19.25044343088813	18.837894336754086	34.19327251995439	0.0
144.0	28.32951908712374	19.418486379962495	18.54836146339913	33.70363306951464	0.0
145.0	27.353837805053228	19.497071169776387	16.75657989242335	36.39251113274703	0.0
146.0	33.208279223381915	14.252160389912301	20.008657592227404	32.53090279447838	0.0
147.0	34.32693164421621	16.309322274152134	22.402941914998745	26.96080416663292	0.0
148.0	32.17872108303786	16.836511203127454	21.12932153099766	29.855446182837024	0.0
149.0	33.35836985720345	17.01452707479146	23.15053725434752	26.476565813657572	0.0
150.0	28.411825946781	17.622496613641704	26.368816397810342	27.59686104176695	0.0
