# Position (bp)	A	C	G	T	N
0.0	27.253869988984302	23.99103283451328	23.374540207301283	25.37926858335534	0.001288385845793098
1.0	27.223237472347794	20.11862396204033	15.30505594562534	37.35308261998653	0.0
2.0	27.54633326731788	20.638348165515655	17.71301164640418	34.10102920225645	0.0012777185058359794
3.0	24.103298942809833	21.60807540440708	15.173863202139856	39.112851866004334	0.001910584638899503
4.0	33.50961507939027	15.192396818040416	14.615301594154134	36.68141677194898	0.001269736466196441
5.0	35.67063894523327	14.868788032454361	21.85534989858012	27.59888438133874	0.006338742393509128
6.0	31.541114310121177	17.847312304236404	20.41826177745436	30.192678836966497	6.327712215648431E-4
7.0	34.5352670158388	17.39747007771286	19.957015271553814	28.10772653645193	0.0025210984425914373
8.0	24.797860626081487	25.95186408683341	21.342771747679723	27.907503539405383	0.0
9.0	28.409905097102634	18.534347306894603	16.279932122431024	36.77518697756269	6.284960090503425E-4
10.0	27.510297367892306	17.02644665461121	24.758890898131405	30.700597749648384	0.003767329716696805
11.0	27.802071635161337	18.868066578414087	19.75519320413323	33.574668582291345	0.0
12.0	27.382161531806045	20.29367139399867	20.52941102709752	31.79475604709777	0.0
13.0	27.076587776267747	21.620436767643874	18.524108647047402	32.77824052908131	6.262799596675707E-4
14.0	31.024030362052446	19.351424473768265	20.318400731494993	29.3061444326843	0.0
15.0	29.964990950254585	18.993192336838412	18.762095031721078	32.279721681185926	0.0
16.0	29.471482342036538	18.478390209991673	19.091518290506222	32.95860915746557	0.0
17.0	29.494028420584566	19.326373275381563	20.392301766735766	30.786043977378768	0.0012525599193351413
18.0	32.378047634853736	18.06817683640941	18.036236558466364	31.517538970270493	0.0
19.0	30.517996154641047	18.549159845434108	19.900045718437056	31.03279828148779	0.0
20.0	30.491066116375343	18.081954995522096	20.252641335729898	31.173084992453326	0.0012525599193351413
21.0	29.520332178890605	17.840210931090418	18.7752469108741	33.864209979144874	0.0
22.0	28.92411365728708	18.70760867523	20.039706149442924	32.32857151803999	0.0
23.0	29.77397556255597	17.967345762902934	19.8837624394857	32.37303739517639	0.0018788398790027118
24.0	30.773518378185415	17.746895217099947	19.164166765827662	32.31541963888698	0.0
25.0	28.344178414634907	18.632455080069892	19.4685388262261	33.5548276790691	0.0
26.0	30.95639212640835	17.991770681329967	20.70293662673088	30.3489005655308	0.0
27.0	28.52642588289817	18.428287813218265	19.8392965623493	33.20598974153426	0.0
28.0	29.838482398401734	18.14395671152919	20.330300050728678	31.68663455938073	6.262799596675707E-4
29.0	29.7482980842096	18.75958991188241	18.88296706393692	32.6085186600114	6.262799596675707E-4
30.0	30.46909250328803	18.442412475731196	18.503789064946453	32.58407966430764	6.262917266862905E-4
31.0	30.63356464664178	18.294210486760026	19.12092592128667	31.94879374702508	0.002505198286444372
32.0	29.40469107193186	19.17827952275076	18.936523345755173	32.48050605956221	0.0
33.0	29.81260647359455	17.756037679126166	19.373183685740052	33.05817216153923	0.0
34.0	29.525241137417012	18.851935362645623	19.330452210948266	32.29049229612927	0.0018789928598271326
35.0	30.660882974255465	17.763541425070052	19.22283722708724	32.350857837759904	0.0018805358273417372
36.0	31.053139733172834	18.3224245159996	18.291077339753233	32.33147758049955	0.0018808305747818237
37.0	28.754796960044143	19.8543981539542	19.283152323860644	32.107025508540474	6.270536005417743E-4
38.0	30.794415384036427	18.679988459463868	19.363639784743913	31.160701965654358	0.0012544061014312775
39.0	30.190301106168317	18.95419095363881	18.94415198991084	31.910101079816034	0.0012548704659961476
40.0	29.44627657903829	18.957253682590533	19.40576023116304	32.19070950720814	0.0
41.0	29.923889797458802	17.94816958107938	20.478676563089696	31.64737702855705	0.0018870298150710783
42.0	28.743223759184524	18.981659289667373	19.24672757150862	33.02775976376813	6.296158713568851E-4
43.0	29.528526598359107	18.629563814636974	19.884809759663252	31.957099827340667	0.0
44.0	29.440917029741676	19.259894450784685	19.803403552355313	31.49515444611883	6.305209995018883E-4
45.0	29.423159435652813	18.599353877993995	19.94901693546352	32.0272077938467	0.001261957042982257
46.0	29.95890333129218	17.790880453515314	19.732713832090752	32.51750238310176	0.0
47.0	29.8810794424691	19.329800872799844	19.4365325468451	31.352587137885955	0.0
48.0	30.461868958109562	18.313009414292033	18.53857332406647	32.68528464017186	0.0012636633600808743
49.0	28.672575322721354	18.640714096064126	20.42468992199057	32.26202065922395	0.0
50.0	29.67931357412235	18.831785162874283	19.362044091219722	32.12685717178365	0.0
51.0	30.9342490401551	18.170529276853483	18.907994272608626	31.987227410382797	0.0
52.0	29.521941683486297	19.006182007438717	19.824948906406693	31.64692740266829	0.0
53.0	30.787618327113677	18.27053281372181	19.16565478044718	31.776194078717328	0.0
54.0	30.407216199527664	18.698079457129943	18.606412843511087	32.287018352419935	0.0012731474113730258
55.0	29.72189296320371	18.186568781146843	18.256031812793942	33.835506442855504	0.0
56.0	29.070412830867575	18.604502797501706	20.753826229529114	31.571258142101605	0.0
57.0	27.791045157335514	19.924908050674293	19.085870453616675	33.19817633837352	0.0
58.0	30.482613142418817	18.008182050626438	21.762336998210177	29.746867808744565	0.0
59.0	28.576459589944548	21.145645241845635	20.832532944023974	29.445362224185846	0.0
60.0	31.552728043088894	18.950895866367937	19.43172991121582	30.064646179327347	0.0
61.0	28.54899234685668	21.602590096613696	19.222327353711677	30.623515554096585	0.002574648721365079
62.0	31.399478278836717	17.041169481894723	20.740353324035333	30.818998915233227	0.0
63.0	26.140123256568277	20.836198507946804	24.62601362309439	28.39766461239053	0.0
64.0	25.98875577357802	21.45132604999316	17.78294603943948	34.77501775232735	0.0019543846619891727
65.0	27.716193503240532	19.644620586369495	18.77546482502436	33.86372108536562	0.0
66.0	27.38827145897375	19.992249284044032	16.830219910144244	35.784661464491215	0.00459788234675915
67.0	33.60375690899257	14.408300025063648	17.879615338952867	34.10502987850726	0.0032978484836492673
68.0	34.46784116890302	16.205731197632332	22.89679444877717	26.428300037994678	0.001333146692796342
69.0	31.574782199360072	16.912381719072993	20.365809563443605	31.147026518123333	0.0
70.0	32.39794980402538	16.472162780265762	22.449940067800597	28.679947347908257	0.0
71.0	25.98804399364082	19.86221771831798	24.897500023242625	29.25223826479858	0.0
