# Position (bp)	A	C	G	T	N
0.0	26.406640701652112	23.95146363042772	24.04959268052819	25.592302987391975	0.0
1.0	26.842447864369902	21.21869653178859	15.563689067038164	36.37516653680334	0.0
2.0	29.36983222307686	20.655245178390896	17.377556378258145	32.5973662202741	0.0
3.0	24.048564870700844	22.490040177712313	15.23168076715368	38.22971418443316	0.0
4.0	34.12039973800459	13.586323128436254	15.102045147177412	37.191231986381744	0.0
5.0	35.429828754386804	15.33226168024919	24.204081094278994	25.033828471085005	0.0
6.0	32.38897247333398	17.595873365694708	20.82862722799858	29.18652693297273	0.0
7.0	35.737167493765575	17.857694829893468	20.23942140639216	26.165716269948796	0.0
8.0	23.33108529885812	26.84414095979029	23.112991546071374	26.711782195280215	0.0
9.0	27.338106392245887	19.340408333670254	15.550520417113622	37.77096485697024	0.0
10.0	27.220600712661337	16.83975671908544	24.52255790767632	31.4170846605769	0.0
11.0	27.86308265741761	19.66339124602759	19.27174865827611	33.2017774382787	0.0
12.0	25.77514895378942	21.169000866238793	20.150833364157787	32.905016815814	0.0
13.0	26.96732407338112	21.616729620234146	19.358214831235408	32.057731475149325	0.0
14.0	30.371189488374306	19.215002992122418	19.86106917551902	30.55273834398426	0.0
15.0	30.065998736627563	19.05306709035235	20.57440434971732	30.306529823302768	0.0
16.0	28.824289439026508	18.621754149329707	18.762715086576566	33.79124132506722	0.0
17.0	29.953052208593512	18.099774307661296	20.286102530443806	31.661070953301383	0.0
18.0	32.28305105303498	17.92173800591887	19.390472978998368	30.40473796204779	0.0
19.0	30.781943236556025	18.91693770679265	20.139736561327325	30.161382495324002	0.0
20.0	30.23431458317742	17.91980251705309	20.246976981445975	31.598905918323517	0.0
21.0	29.522241060980512	19.396766902050786	19.599735167775343	31.481256869193352	0.0
22.0	30.57728321019323	19.06604203423034	22.846309854276324	27.510364901300104	0.0
23.0	29.59862835488321	20.595508346831576	21.758178013936096	28.04768528434912	0.0
24.0	33.901119744825145	19.531620296654527	17.470166948101085	29.09709301041924	0.0
25.0	30.225353986576597	21.050835686744424	19.70547020766505	29.018340119013924	0.0
26.0	31.293586133985723	17.196374126843626	23.024460851655245	28.485578887515405	0.0
27.0	26.916198493415465	21.22035583747743	24.451432276097627	27.41201339300947	0.0
28.0	27.892674131632166	19.859950893063235	19.11124645196217	33.13612852334243	0.0
29.0	28.435413883505362	20.74239044631226	17.693049243711307	33.12914642647106	0.0
30.0	27.39409536606222	19.29981209825246	15.928698749155549	37.377393786529765	0.0
31.0	34.662163067306665	14.927374922918185	18.528300207179207	31.88216180259594	0.0
32.0	34.43723951982794	15.473042655026731	23.3004786256294	26.789239199515936	0.0
33.0	31.637449530917095	17.596465104234106	20.66653031676339	30.099555048085413	0.0
34.0	32.85291218572312	17.260907445353414	21.97615029077956	27.910030078143905	0.0
35.0	27.399374345732504	20.407100681323616	25.48811433975237	26.705410633191512	0.0
