# Position (bp)	A	C	G	T	N
0.0	28.1682193028482	23.903337260298382	18.910316698181386	29.018126738672024	0.0
1.0	27.229212660007324	20.813079763590103	14.297947748265042	37.65975982813753	0.0
2.0	28.36384139435275	19.423602902263745	18.469041036268404	33.7435146671151	0.0
3.0	24.16404284450332	22.283293708263926	15.564002313247293	37.98866113398546	0.0
4.0	32.98076780571186	14.249015665370687	15.588303585102336	37.181912943815114	0.0
5.0	34.6229634495054	16.06275958456592	22.171793744783617	27.14248322114506	0.0
6.0	32.08663361447449	17.54004780058072	20.36067710905248	30.01264147589231	0.0
7.0	33.469615496664545	17.384370015948964	20.290735281773248	28.855279205613243	0.0
8.0	24.908410439728637	24.58007050668036	21.05918018703033	29.45233886656068	0.0
9.0	29.375984358876885	18.067274603417545	15.85934838528115	36.69739265242442	0.0
10.0	27.608576520713097	17.17130825018637	23.61307904597809	31.607036183122446	0.0
11.0	28.470724134015885	18.745341185646655	18.737936447601605	34.045998232735855	0.0
12.0	27.11647720261218	19.22710512416765	20.732616282226576	32.92380139099359	0.0
13.0	26.918729484932996	20.838618919519238	18.393346331350724	33.84930526419704	0.0
14.0	31.01792210228086	18.027236067305367	19.542051046648798	31.412790783764976	0.0
15.0	30.506040506928816	18.209858265229578	19.470271230605235	31.813829997236372	0.0
16.0	30.540369851388423	16.827350056247408	18.784661232706387	33.84761885965778	0.0
17.0	29.919290386873342	18.037315862694992	19.139919685054906	32.903474065376756	0.0
18.0	31.19950279676818	17.79129302435704	19.139858139236633	31.869346039638145	0.0
19.0	29.69551408506273	18.75542491911939	19.013355164523002	32.535705831294884	0.0
20.0	30.37747478981237	17.841169654084172	19.189329125471534	32.59202643063192	0.0
21.0	30.00157786258789	17.52808102324389	19.17448201729732	33.2958590968709	0.0
22.0	29.528354912189016	17.97684669315952	19.329264083777893	33.165534310873575	0.0
23.0	29.955234770947957	17.633950580764758	19.293912323256226	33.11690232503106	0.0
24.0	30.40784031471686	18.015371039541726	19.209855606879994	32.36693303886142	0.0
25.0	29.18819260953583	18.27651141696573	19.44236305556651	33.09293291793193	0.0
26.0	30.54729899590376	17.760229507711873	19.925173387752686	31.76729810863168	0.0
27.0	29.628789857894194	18.374680224963893	19.553226832021373	32.44330308512054	0.0
28.0	30.253202616312024	17.712846446931945	18.727727091250536	33.30622384550549	0.0
29.0	30.073490632532053	18.21838202313649	19.526032245185647	32.18209509914581	0.0
30.0	30.03746056782334	18.0727523659306	19.201498422712934	32.68828864353313	0.0
31.0	29.674922982131857	17.997288971041282	19.294146642020948	33.03364140480591	0.0
32.0	29.76896420843007	18.038734355667945	19.69398971750243	32.498311718399556	0.0
33.0	30.494003046541092	18.248189575702604	18.90482270412565	32.35298467363066	0.0
34.0	29.975202252010195	17.77106206338955	19.194344338669204	33.05939134593105	0.0
35.0	30.42993842528458	17.616580310880828	19.67531539170689	32.27816587212771	0.0
36.0	29.807625940424188	17.7953400317501	19.30741394440774	33.08962008341797	0.0
37.0	29.44946800642928	18.61435150033034	18.956523454063166	32.979657039177205	0.0
38.0	29.781380350856434	18.8148980859687	19.358735417960933	32.04498614521394	0.0
39.0	29.346507706416592	18.592531234900257	19.411985129524993	32.64897592915816	0.0
40.0	30.225081971254593	18.01592584374923	19.49412025737741	32.26487192761876	0.0
41.0	29.71277828455906	18.227854342841646	19.722393432114593	32.336973940484704	0.0
42.0	29.729636441634906	18.554149141276426	20.225738531861282	31.490475885227394	0.0
43.0	29.98880665092037	18.5232668800142	19.29841863125558	32.18950783780985	0.0
44.0	30.15015163095737	17.980226336941247	20.338765748662443	31.53085628343894	0.0
45.0	30.441150363926862	18.32110381284889	19.728978046038225	31.508767777186026	0.0
46.0	29.881401484330695	18.404221219518206	19.243040658825848	32.471336637325244	0.0
47.0	29.448923736962797	18.480656853317555	19.817540745124145	32.25287866459551	0.0
48.0	30.13650665272668	18.216832532770475	19.112904021225603	32.53375679327725	0.0
49.0	29.65695460911763	18.434991024401793	19.20383484899296	32.70421951748762	0.0
50.0	29.595636284726503	18.18527048820544	20.05790010998062	32.161193117087436	0.0
51.0	30.284916724616668	17.821474543921166	19.423853699675973	32.46975503178619	0.0
52.0	29.668904222420604	17.6571262287239	19.851443396086825	32.82252615276867	0.0
53.0	30.419492465905446	17.853954474832918	19.27100545019606	32.455547609065576	0.0
54.0	30.190540547206012	18.035997020800142	19.709084093341687	32.06437833865216	0.0
55.0	29.880878979949195	17.81636125977261	19.0445655658865	33.25819419439169	0.0
56.0	29.956099245301633	17.852315888127066	19.560499186109602	32.631085680461695	0.0
57.0	29.12516956468122	17.759033173017635	19.9343938833395	33.18140337896165	0.0
58.0	29.41930901126655	18.023519662200822	19.594621258459778	32.96255006807285	0.0
59.0	29.542517191369296	18.02750619086613	20.045087264081136	32.38488935368344	0.0
60.0	29.469800114445828	18.344383275123818	19.23331162809053	32.952504982339825	0.0
61.0	29.280108134240372	17.97041107783988	19.382766598753893	33.36671418916586	0.0
62.0	29.71141038922599	17.74258793350106	19.538749938335553	33.0072517389374	0.0
63.0	29.364143599256053	17.645027453959734	19.56803796687765	33.422790979906566	0.0
64.0	29.40976230648551	18.228102891987096	19.709617263120506	32.65251753840689	0.0
65.0	29.528456407625214	17.995915064924812	19.829695701937876	32.6459328255121	0.0
66.0	30.109229767331712	17.896118248376848	19.937146014642906	32.05750596964853	0.0
67.0	29.214009778624185	17.575868210590713	19.95885281246454	33.251269198320564	0.0
68.0	29.660147230061774	17.965620004341908	19.68363299058596	32.69059977501036	0.0
69.0	29.19080278284897	17.46385750234371	20.321705235111263	33.02363447969606	0.0
70.0	29.269484124047075	17.355241408235266	19.7448992179212	33.630375249796465	0.0
71.0	30.351177582267923	17.44292192380379	19.759598541406586	32.4463019525217	0.0
72.0	29.77232579024761	18.45819064631053	19.512183086776737	32.257300476665115	0.0
73.0	29.513212109249707	18.096271989341492	18.826577187831536	33.563938713577265	0.0
74.0	30.08532077948354	17.9884232187005	19.344475861966867	32.5817801398491	0.0
75.0	29.877615475720486	18.16966048164232	19.4245953414923	32.52812870114489	0.0
76.0	30.286131646219296	17.735424459863598	18.484064865718487	33.49437902819862	0.0
77.0	30.25150776337739	17.35038348024361	19.978481674875876	32.41962708150312	0.0
78.0	30.061055967147247	18.05914087294732	18.873055907917532	33.0067472519879	0.0
79.0	30.021324277097133	17.870928889459293	19.170623833828596	32.93712299961498	0.0
80.0	29.996790995038385	18.33181111303103	19.595665374836464	32.075732517094124	0.0
81.0	30.829852161289367	17.6685529187529	18.744012877867647	32.757582042090085	0.0
82.0	30.302865693163916	17.919594664665013	19.128489523405054	32.64905011876602	0.0
83.0	30.26796649678006	18.24256252222354	18.575915609813915	32.91355537118249	0.0
84.0	28.767075929236757	17.69525578087496	19.90586631634054	33.631801973547745	0.0
85.0	28.574392002686842	17.674891834759073	19.20056502755991	34.550151134994174	0.0
86.0	30.735148111376198	16.820038627012234	22.68027997174597	29.764533289865597	0.0
87.0	30.04169095345827	20.110945357188726	20.434494818268938	29.412868871084065	0.0
88.0	31.928273272902413	18.133721935436064	18.585718872724577	31.352285918936946	0.0
89.0	28.43832747105086	22.81695846342331	18.797178200213413	29.947535865312414	0.0
90.0	33.15432461674514	14.976952833591058	19.67926644302928	32.18945610663452	0.0
91.0	27.260286154697443	20.594541717718666	26.131378206395006	26.01379392118889	0.0
92.0	26.45220579153059	19.183889248464666	17.86668906466929	36.49721589533545	0.0
93.0	27.778683624110005	19.30638522844621	18.644788007253357	34.27014314019042	0.0
94.0	24.600468467400006	21.186289916090967	17.172196360976862	37.04104525553217	0.0
95.0	33.01316433419514	14.264740050126305	16.56639757970033	36.155698035978226	0.0
96.0	34.82475358677751	15.31347520536496	22.84706801647865	27.014703191378874	0.0
97.0	30.674822337035057	16.989825207355942	20.824177999485322	31.51117445612368	0.0
98.0	34.471812851596546	13.295796688059584	22.24566199191823	29.98672846842564	0.0
99.0	27.073429205292765	17.779395452024403	25.396165121622694	29.751010221060138	0.0
