# Position (bp)	A	C	G	T	N
0.0	26.88312081654905	24.353111023614098	24.958859577389426	23.804908582447425	0.0
1.0	26.78851174934726	20.710986141795544	15.362522594898573	37.137979513958626	0.0
2.0	27.93526316842379	20.54434152879749	17.639586292436032	33.88080901034269	0.0
3.0	23.95191091367272	22.330348516389932	14.941681524348338	38.77506299989044	9.960456985766506E-4
4.0	33.87490970978499	15.128187368275233	14.298012131046969	36.69790130908443	9.89481808376953E-4
5.0	35.754735595895816	14.836227308603	22.032359905288082	27.371744277821623	0.004932912391475927
6.0	31.848830351877332	17.57912325535679	20.860035384312955	29.712011008452922	0.0
7.0	34.886175921491194	17.753428406658394	19.89599929623584	27.463418925391224	9.774502233473761E-4
8.0	24.41500931498298	26.72863650107781	21.562966358768275	27.29338782517094	0.0
9.0	28.44134975897161	18.42235964357014	16.356819399133272	36.778497346253104	9.738520718702829E-4
10.0	27.127230298021292	17.051874179590644	25.314794107637706	30.50318440371433	0.0029170110360250863
11.0	27.510051861779615	19.41903152496941	20.26105704795758	32.8098595652934	0.0
12.0	27.35193666071567	20.34561049445005	20.822013506170922	31.48043933866336	0.0
13.0	26.7869084424458	21.987575231874086	18.57706360667177	32.64748354832769	9.691706806485691E-4
14.0	30.491078783884628	19.809848712456752	20.380690243358757	29.318382260299863	0.0
15.0	29.423052693809908	19.180856940715827	19.171165233909342	32.224925131564916	0.0
16.0	29.676975412139832	18.250453087293202	18.97733109777963	33.09524040278733	0.0
17.0	29.753539895911068	18.998652852753896	20.58421608629496	30.663591165040078	0.0
18.0	32.32668805303302	18.196179529176884	18.453009759548756	31.024122658241343	0.0
19.0	30.67231370116591	18.95697851348601	19.901919927118364	30.467818687549062	9.691706806485691E-4
20.0	30.61804014304959	17.389829522877275	20.08800069780289	31.902191294908945	0.0019383413612971381
21.0	28.962696620501838	17.85793896163053	19.5733710663785	33.60405501012783	0.0019383413612971381
22.0	28.570182494839163	18.680764869501168	20.381659414039408	32.36739322162026	0.0
23.0	29.809751795388685	17.685426580475088	20.064740601467324	32.43911185198826	9.691706806485691E-4
24.0	30.867117007976276	17.900582471579067	19.494868241245968	31.73743227919869	0.0
25.0	29.257324507419003	18.51600585379091	19.435748829726403	32.790920809063685	0.0
26.0	30.93011310221843	17.512914199319642	21.303340731336196	30.25363196712573	0.0
27.0	29.137147343018576	18.690456576307653	20.128705866390128	32.043690214283636	0.0
28.0	30.038476076021748	17.608862096703852	20.569678526085227	31.782014130508525	9.691706806485691E-4
29.0	29.690543801668912	18.751514329188513	19.144028454851185	32.41294424361074	9.691706806485691E-4
30.0	30.140637569906854	18.39240886666085	18.806276835993913	32.65873823577874	0.0019384916596396345
31.0	30.11108095533499	18.692811724565754	19.405241935483872	31.789896091811414	9.692928039702234E-4
32.0	29.126599457153933	19.74602559131446	19.100426521907714	32.026948429623886	0.0
33.0	30.15357468344612	17.622307110585407	19.34323553935351	32.87991312947199	9.695371429679471E-4
34.0	29.15894919560516	18.905945442732325	19.367539104547085	32.56756625711542	0.0
35.0	30.303236598459506	17.930638761378667	19.42445343499572	32.34167120516611	0.0
36.0	30.989973717511926	18.29261170057432	18.490217073882995	32.227197508030756	0.0
37.0	28.492790335151984	19.94349181605612	19.41738113795791	32.146336710833985	0.0
38.0	30.781682724187696	18.34945586457074	19.580099075554863	31.288762335686705	0.0
39.0	30.506206721425155	18.755921046206137	19.118264657336237	31.619607575032475	0.0
40.0	29.461939683909172	19.90568257578729	19.131142397741087	31.50025491195733	9.804306051217695E-4
41.0	29.858880107219584	17.797662455407295	20.43676212625894	31.906695311114174	0.0
42.0	28.440784205166736	19.245256903318932	19.68224465382068	32.63171423769366	0.0
43.0	29.385290997947994	18.916105752550134	20.224629994944337	31.47397325455753	0.0
44.0	29.180741564996225	19.505822040297264	19.91117911218853	31.402257282517983	0.0
45.0	29.90321038795507	18.835139010595075	20.219270293953638	31.042380307496213	0.0
46.0	29.833383218597227	17.898832684824903	19.59792477302205	32.66985932355582	0.0
47.0	30.09122792993535	19.452632420387893	19.309745301212043	31.1443959272175	0.0019984212472147003
48.0	29.95886174141952	18.695386709639966	19.09275626332489	32.25199435474992	0.0010009308657051058
49.0	27.876776205613663	19.11633457345995	20.576408178818905	32.43048104210748	0.0
50.0	29.26517636169742	18.85450411477092	19.57081631421155	32.30849715286021	0.001006056459888529
51.0	30.818773760414135	18.085213944835395	18.996198333737766	32.0998139610127	0.0
52.0	29.238386693372103	18.708378661406915	20.342222719277732	31.71101192594325	0.0
53.0	30.736611932520663	18.730522035006693	19.921934870794036	30.610931161678607	0.0
54.0	30.32048123511538	18.853165804385316	18.805945635213927	32.02040732528537	0.0
55.0	29.45208303271423	18.75347859248418	18.539094226051823	33.255344148749764	0.0
56.0	29.287309728656517	18.737590999338185	21.100471542025147	30.874627729980148	0.0
57.0	27.33921161825726	20.255186721991702	19.32883817427386	33.07676348547718	0.0
58.0	30.473286573563385	18.06044081836535	21.628821778675047	29.837450829396218	0.0
59.0	28.1995570968955	21.772239167676428	21.037897463752977	28.99030627167509	0.0
60.0	30.904068729388534	19.02346293612284	19.86892683849014	30.203541495998486	0.0
61.0	28.627144261359433	21.267690486508197	19.712935854480882	30.39117246044413	0.0010569372073605107
62.0	31.71420352237979	16.781912910065312	21.33351801144294	30.170365556111957	0.0
63.0	25.887363937529578	20.966527556683733	24.75691606074947	28.389192445037214	0.0
64.0	26.095453163677423	21.84283666999609	17.700959742910495	34.36075042341599	0.0
65.0	28.1732897880455	19.518663831839202	18.847949499156126	33.46009688095917	0.0
66.0	27.33747805249732	19.62410415539384	17.508309683403823	35.525691001247836	0.004417107457181665
67.0	33.712791409336226	14.102264507872919	17.818950648194516	34.3648806543148	0.0011127802815334112
68.0	34.42809756978134	16.270280027980235	23.228106595663064	26.0712593361464	0.0022564704289550286
69.0	31.698763946113605	17.12189250497662	20.806907087634833	30.372436461274944	0.0
70.0	31.660964463202056	16.95926878605499	23.467272681866994	27.912494068875958	0.0
71.0	25.866734583426187	19.677819872019356	25.4751520168094	28.98029352774506	0.0
