# Position (bp)	A	C	G	T	N
0.0	58.51515151515152	9.424242424242424	12.676767676767678	19.383838383838384	0.0
1.0	13.131313131313133	58.38383838383838	13.88888888888889	14.595959595959595	0.0
2.0	18.307027244395297	53.945913340705744	9.952749572735497	17.794309842163468	0.0
3.0	58.32748420735987	12.172866740198536	13.325980146395267	16.173668906046327	0.0
4.0	58.165615299889865	11.394813257234404	11.585060578752378	18.854510864123363	0.0
5.0	15.32072450715501	54.36805764034824	12.718903232262585	17.592314620234166	0.0
6.0	16.98169816981698	55.56555655565557	10.221022102210222	17.23172317231723	0.0
7.0	59.266293482606955	12.165133946421431	11.555377848860456	17.013194722111155	0.0
8.0	58.949260886935676	13.633639632441072	11.186576108669597	16.230523371953655	0.0
9.0	16.465422612513724	53.85690050893125	10.807304660213552	18.870372218341483	0.0
10.0	16.27930174563591	10.104738154613466	11.940149625935161	61.67581047381546	0.0
11.0	14.811123293132662	14.382537625834747	10.25615468952457	60.55018439150802	0.0
12.0	16.494127015727653	10.939677483575553	12.283495918773642	60.28269958192315	0.0
13.0	16.876924605145526	51.96185556769643	11.632065163405185	19.529154663752855	0.0
14.0	16.625359373450976	10.70685040150689	54.95191831069693	17.715871914345197	0.0
15.0	54.86708172744342	12.264057713212768	13.845241624666468	19.023618934677337	0.0
16.0	15.392205229403059	12.629501726689691	12.126295017266898	59.85199802664035	0.0
17.0	16.92095678708534	51.727532237424946	10.758932965843094	20.59257800964662	0.0
18.0	14.927279874213836	11.871069182389938	13.413915094339623	59.7877358490566	0.0
19.0	17.301275760549558	54.573110893032386	10.628066732090284	17.49754661432777	0.0
20.0	17.72883015173764	12.7851199216838	10.895741556534508	58.590308370044056	0.0
21.0	17.490234375	12.79296875	11.71875	57.998046875	0.0
22.0	16.185928668875462	10.32937049308127	51.870980315727934	21.61372052231534	0.0
23.0	16.81751824817518	11.62043795620438	11.844282238442823	59.71776155717762	0.0
24.0	58.18923644841655	10.01554303477754	11.589275306003497	20.20594521080241	0.0
25.0	17.697827773467807	10.74476338246703	51.541892940263764	20.015515903801393	0.0
26.0	59.42884801548887	10.21297192642788	11.616650532429816	18.741529525653437	0.0
27.0	16.578005609826867	15.320630621917013	8.472772995454106	59.62859077280201	0.0
28.0	16.924116624831047	51.75709596447191	8.92064105039583	22.398146360301215	0.0
29.0	20.107858243451464	9.33166409861325	10.651001540832048	59.90947611710323	0.0
30.0	18.91787064869582	12.314554445845049	49.31639678076215	19.451178124696984	0.0
31.0	18.598303928258115	10.147187835071644	9.679305975241252	61.575202261428984	0.0
32.0	17.09090909090909	9.857493857493857	10.928746928746929	62.122850122850124	0.0
33.0	18.721506442021806	53.04261645193261	10.594648166501488	17.641228939544103	0.0
34.0	17.779990044798407	11.557989049278246	11.866600298656047	58.7954206072673	0.0
35.0	16.193806193806193	53.14685314685315	10.41958041958042	20.23976023976024	0.0
36.0	17.001901330931652	10.887621334934455	10.307215050535374	61.803262283598514	0.0
37.0	57.895793595020585	11.665495432185525	11.022989659672723	19.415721313121175	0.0
38.0	58.24706000603076	13.016383556136295	9.498442054477838	19.23811438335511	0.0
39.0	58.91402714932127	12.267471091000502	8.88888888888889	19.92961287078934	0.0
40.0	15.970961887477314	53.15587820125025	12.179874974793305	18.69328493647913	0.0
41.0	16.388917288620796	9.917186381760557	55.75094571107249	17.94295061854616	0.0
42.0	59.742930591259636	11.506426735218508	9.96401028277635	18.7866323907455	0.0
43.0	60.781880235805154	11.531699245009825	10.20788085634502	17.478539662840003	0.0
44.0	17.86981013978719	53.8493636553307	9.503442520342166	18.777383684539952	0.0
45.0	27.162478082992404	13.164815897136178	12.98947983635301	46.683226183518414	0.0
46.0	27.542005889485537	18.638489520180148	19.799064611120734	34.02043997921358	0.0
47.0	31.24425657048337	19.20602830362066	18.562764197757765	30.986950928138207	0.0
48.0	25.106068990961077	20.14388489208633	17.764250138350857	36.98579597860173	0.0
49.0	25.302325581395348	19.330232558139535	20.8	34.56744186046512	0.0
50.0	25.500842538850403	24.489795918367346	17.730762029582475	32.27859951319977	0.0
51.0	29.067572668931675	19.06379765949415	16.761041902604756	35.107587768969424	0.0
52.0	29.28965911254999	19.043991620643688	19.42487145305656	32.24147781374976	0.0
53.0	33.39093701996928	19.22043010752688	19.87327188940092	27.515360983102923	0.0
54.0	28.93341190335887	23.296012571204088	17.540758200746414	30.229817324690632	0.0
55.0	31.12817483756645	18.625713723173853	19.432959243945657	30.813152195314036	0.0
56.0	27.024351613541874	20.68897248069689	19.89705008909127	32.38962581666996	0.0
57.0	30.07383755737378	17.68110157653163	18.61903811614448	33.62602274995011	0.0
58.0	29.473260956976276	19.079211901889828	20.225170888620827	31.222356252513066	0.0
59.0	25.55645487656819	22.27842978551194	21.448806151355726	30.716309186564146	0.0
60.0	29.03952488224452	17.079664140896988	20.274421462215848	33.606389514642636	0.0
61.0	28.580285182889025	17.978921264724114	23.207274230212853	30.233519322174	0.0
62.0	28.20245782128723	22.12039158508644	20.370756092480732	29.306394501145594	0.0
63.0	34.55420678107995	18.606111343658434	18.7316868982838	28.107994976977814	0.0
64.0	31.073684210526313	18.505263157894735	20.56842105263158	29.85263157894737	0.0
65.0	30.627774254914392	19.213696892834495	20.164870006341154	29.993658845909955	0.0
66.0	26.563820794590026	18.04733727810651	21.787827557058325	33.60101437024514	0.0
67.0	28.280686877252492	16.663133347466612	22.153911384354462	32.90226839092644	0.0
68.0	25.884861407249467	20.0	19.765458422174838	34.349680170575695	0.0
69.0	26.583904109589042	18.94263698630137	23.309075342465754	31.164383561643838	0.0
70.0	29.311827956989244	20.21505376344086	19.741935483870968	30.731182795698924	0.0
71.0	28.62381363244176	20.5565142364107	18.895599654874893	31.92407247627265	0.0
72.0	28.60233665080052	18.84465599307659	19.861531804413673	32.69147555170922	0.0
73.0	27.811550151975684	20.5601389491967	19.887103777681286	31.74120712114633	0.0
74.0	31.119337979094077	16.572299651567945	22.321428571428573	29.98693379790941	0.0
75.0	30.419580419580424	19.493006993006993	21.481643356643357	28.60576923076923	0.0
76.0	28.527540048277377	21.30787798990564	18.520956769804698	31.643625192012287	0.0
77.0	29.201588001764446	20.31318923687693	18.239964711071902	32.24525805028672	0.0
78.0	29.30006623978803	21.527931110620447	18.127621991609626	31.044380657981897	0.0
79.0	27.5609756097561	21.818181818181817	19.223946784922394	31.39689578713969	0.0
80.0	30.071333036112353	21.17699509585377	19.460543914400358	29.291127953633527	0.0
81.0	26.981639050604567	19.458128078817737	18.316166592028658	35.244066278549035	0.0
82.0	30.365552814532403	19.197129401211033	19.80264633325858	30.63467145099798	0.0
83.0	30.465064030554935	19.186699618063358	19.613569984273198	30.734666367108517	0.0
84.0	29.247408742676882	18.81478143307796	20.752591257323118	31.185218566922035	0.0
85.0	32.13315217391305	17.708333333333336	21.059782608695652	29.098731884057973	0.0
86.0	29.68005445881552	18.107556160653505	22.21465849784434	29.997730882686636	0.0
87.0	32.506259959025726	18.347370817209196	20.37332119280674	28.773048030958343	0.0
88.0	34.59434822242479	19.143117593436646	16.932543299908843	29.329990884229716	0.0
89.0	30.038803926044285	19.561743894088107	16.685688199041316	33.71376398082629	0.0
90.0	31.031328607363367	15.938714841070203	19.757603475874685	33.27235307569175	0.0
91.0	29.853479853479854	20.238095238095237	17.71978021978022	32.18864468864469	0.0
92.0	29.715465810004588	19.045433685176686	18.28820559889858	32.950894905920144	0.0
93.0	33.90804597701149	17.310344827586206	19.057471264367816	29.724137931034484	0.0
94.0	29.919447640966627	15.535097813578828	19.93095512082854	34.614499424626004	0.0
95.0	30.12465373961219	18.513388734995385	19.113573407202217	32.24838411819021	0.0
96.0	28.57142857142857	16.276915952766842	21.278073628154665	33.873581847649916	0.0
97.0	30.162790697674417	18.348837209302328	19.53488372093023	31.953488372093027	0.0
98.0	30.48041044776119	21.31529850746269	18.63339552238806	29.570895522388057	0.0
99.0	31.0296521130049	18.98202194723325	19.122110670091057	30.866215269670793	0.0
100.0	33.98217636022514	15.314258911819886	18.66791744840525	32.035647279549714	0.0
101.0	33.003300330033	18.906176331918907	18.741159830268742	29.349363507779348	0.0
102.0	32.14962121212121	16.31155303030303	19.81534090909091	31.72348484848485	0.0
103.0	28.591851322373124	18.155825589706932	22.802001429592565	30.45032165832738	0.0
104.0	27.73390763340512	18.353673127542475	22.517348648001914	31.39507059105049	0.0
105.0	29.548727796447434	20.091214594335092	19.011041766682666	31.349015842534804	0.0
106.0	29.85759111754767	18.17523533671253	18.730388607289402	33.2367849384504	0.0
107.0	29.485935984481088	18.98642095053346	18.452958292919497	33.07468477206596	0.0
108.0	32.38304093567251	19.371345029239766	15.886939571150096	32.35867446393762	0.0
109.0	29.527076696888017	17.83876500857633	20.166625827003184	32.467532467532465	0.0
110.0	26.36497786522381	20.659124446630596	19.82292179045745	33.152975897688144	0.0
111.0	29.629629629629626	18.469135802469136	20.0	31.90123456790123	0.0
112.0	26.488095238095237	18.452380952380953	22.073412698412696	32.98611111111111	0.0
113.0	28.503858600945982	21.384117500622356	18.77022653721683	31.341797361214834	0.0
114.0	31.88188188188188	17.71771771771772	19.41941941941942	30.98098098098098	0.0
115.0	27.871324453380247	19.50238753455642	20.432269414425736	32.194018597637594	0.0
116.0	29.530540131246845	19.030792529025746	18.223119636547196	33.215547703180206	0.0
117.0	32.236009116231955	17.953912382881743	18.63762977969106	31.172448721195238	0.0
118.0	28.08759867583397	16.322892793481028	22.38349885408709	33.206009676597915	0.0
119.0	23.779084633086168	21.47788289440041	27.639989772436717	27.103042700076706	0.0
120.0	27.198154319405283	21.48167136631633	22.199436042040503	29.12073827223789	0.0
121.0	31.20494335736354	18.795056642636457	17.94541709577755	32.05458290422245	0.0
122.0	30.061983471074385	16.8646694214876	21.823347107438014	31.25	0.0
123.0	31.423386051335235	19.859994814622763	17.189525537982888	31.527093596059114	0.0
124.0	32.10197710718002	18.938605619146724	19.17273673257024	29.786680541103017	0.0
125.0	28.593831677992682	19.73340303188709	20.099320439100886	31.57344485101934	0.0
126.0	32.465825446898	17.113564668769715	18.769716088328074	31.650893796004205	0.0
127.0	26.81254943316636	18.481413129448985	24.307935670972842	30.398101766411813	0.0
128.0	30.24364406779661	18.908898305084744	20.365466101694913	30.48199152542373	0.0
129.0	28.541001064962728	21.778487752928648	18.317358892438765	31.36315228966986	0.0
130.0	28.334669874365144	19.566960705693663	18.73830526597167	33.360064153969525	0.0
131.0	30.19881783987104	19.290703922622246	19.425040300913487	31.08543793659323	0.0
132.0	29.259058950784205	19.334775554353705	21.20064899945917	30.20551649540292	0.0
133.0	31.17695025822234	20.304430551780374	19.217178581136178	29.3014406088611	0.0
134.0	25.60742560742561	21.64892164892165	20.91182091182091	31.83183183183183	0.0
135.0	26.369112814895946	17.68893756845564	18.756845564074478	37.185104052573934	0.0
136.0	24.773413897280967	20.186761878604777	19.774787146388356	35.2650370777259	0.0
137.0	28.776185226019845	15.87651598676957	20.31422271223815	35.033076074972435	0.0
138.0	30.27192008879023	18.39622641509434	19.700332963374027	31.631520532741398	0.0
139.0	29.513694801565123	18.30631637786473	20.849636668529907	31.33035215204025	0.0
140.0	28.330522765598655	19.505340078695895	20.15177065767285	32.0123664980326	0.0
141.0	30.228619813717188	19.05165114309907	19.390347163420827	31.329381879762913	0.0
142.0	29.05885698038101	16.263861245379584	18.99346033551322	35.683821438726184	0.0
143.0	31.72828890799656	20.57896245342505	18.31470335339639	29.378045285182004	0.0
144.0	30.199019325064896	17.161811364291896	18.200173060282665	34.438996250360546	0.0
145.0	28.923701769654777	19.089062953292718	18.218740934145632	33.76849434290688	0.0
146.0	27.909011373578302	20.822397200349958	17.964421114027413	33.30417031204433	0.0
147.0	30.16383850204798	17.70040959625512	17.817437097717963	34.318314803978936	0.0
148.0	24.904214559386972	22.664308871205424	20.10020630710286	32.33127026230475	0.0
149.0	29.56702253855279	19.661921708185055	19.06880189798339	31.702253855278766	0.0
150.0	28.255675029868577	18.249701314217443	17.44324970131422	36.05137395459976	0.0
151.0	27.927927927927925	20.06006006006006	19.75975975975976	32.25225225225225	0.0
152.0	27.737447065940714	21.26436781609195	17.090139140955838	33.90804597701149	0.0
153.0	30.060790273556233	19.817629179331306	18.753799392097264	31.367781155015194	0.0
154.0	31.009174311926607	17.12538226299694	20.672782874617738	31.19266055045872	0.0
155.0	29.91373998767714	22.211953173136166	16.358595194085026	31.515711645101664	0.0
156.0	32.277104690897794	16.091954022988507	17.45883814849332	34.17210313762038	0.0
157.0	29.246168282765094	18.360963403190492	19.768532999687206	32.62433531435721	0.0
158.0	27.28701666142722	23.357434768940585	17.195850361521533	32.15969820811066	0.0
159.0	35.63509661070637	13.84225530566994	19.06873614190687	31.45391194171682	0.0
160.0	25.966145001596935	21.398914084956882	22.804215905461515	29.83072500798467	0.0
161.0	27.95629820051414	18.76606683804627	22.557840616966583	30.719794344473005	0.0
162.0	29.615260265114774	17.2971225347559	20.659553831231815	32.42806336889751	0.0
163.0	30.45883501464367	17.70257077774162	16.465994142531727	35.372600065082985	0.0
164.0	30.317928548017044	16.093084234677153	22.254998361193053	31.33398885611275	0.0
165.0	29.463992107859255	16.90233475830319	21.473199605392963	32.16047352844459	0.0
166.0	26.726131483316816	21.374297984803437	21.53947803105385	30.360092500825903	0.0
167.0	26.956233421750664	19.42970822281167	23.6737400530504	29.94031830238727	0.0
168.0	28.045515394912986	20.917001338688085	18.67469879518072	32.362784471218205	0.0
169.0	28.561782579338285	17.01553004726536	19.918973666441595	34.503713706954755	0.0
170.0	31.043862631757907	16.456987419245156	18.905134308058482	33.59401564093846	0.0
171.0	29.791595490263067	20.908780321147933	17.35565425350188	31.943969935087118	0.0
172.0	31.624225739848587	20.23399862353751	16.72401927047488	31.41775636613902	0.0
173.0	28.155339805825243	18.23855755894591	21.11650485436893	32.48959778085992	0.0
174.0	28.58138724294179	19.414430115022657	18.612757058208434	33.391425583827115	0.0
175.0	26.94336967991558	18.571931058740766	20.99894477664439	33.48575448469926	0.0
176.0	26.891651865008882	21.101243339253998	19.325044404973358	32.682060390763766	0.0
177.0	28.857858933046902	21.732903687790905	17.901897601145723	31.50733977801647	0.0
178.0	29.81634857760173	18.437162405473533	19.04933381346777	32.697155203456965	0.0
179.0	25.62341886519696	18.359233827249728	25.29815684857246	30.719190458980844	0.0
180.0	31.36396790663749	16.374908825674687	20.38657913931437	31.87454412837345	0.0
181.0	29.3598233995585	20.08830022075055	19.242089771891095	31.309786607799854	0.0
182.0	34.110247872734	18.09100998890122	18.16500184979652	29.633740288568255	0.0
183.0	27.435610302351627	22.17245240761478	19.44755505785741	30.94438223217619	0.0
184.0	29.33433621662279	19.63144039112448	18.69123730725837	32.34298608499436	0.0
185.0	26.772847933257488	22.79105043610163	22.070534698521048	28.365566932119833	0.0
186.0	33.49942506707551	16.36642391720966	20.9658873131468	29.16826370256803	0.0
187.0	32.62466177039041	21.260146888287593	17.471975260919983	28.643216080402013	0.0
188.0	29.111457521434136	22.01870615744349	19.719407638347622	29.15042868277475	0.0
189.0	29.279811097992912	18.260527351436444	19.59858323494687	32.86107831562377	0.0
190.0	28.36710369487485	19.149781485895907	19.626539531187923	32.85657528804132	0.0
191.0	25.450901803607213	22.925851703406813	20.080160320641284	31.543086172344694	0.0
192.0	33.871618893823175	17.844166330238192	18.368994751715785	29.91522002422285	0.0
193.0	28.844589096826688	17.982099267697315	22.90480065093572	30.268510984540274	0.0
194.0	27.112387202625104	19.97538966365874	24.364232977850698	28.547990155865467	0.0
195.0	26.982150269821503	21.91780821917808	19.80074719800747	31.29929431299294	0.0
196.0	30.478589420654913	19.35348446683459	19.479429051217465	30.68849706129303	0.0
197.0	27.713427713427713	19.09051909051909	23.595023595023594	29.601029601029598	0.0
198.0	27.156125608137994	24.10437859354268	18.9296771340115	29.80981866430783	0.0
199.0	30.473511486169713	21.80028129395218	19.221753398968588	28.504453820909514	0.0
200.0	26.269797924631348	14.636810486073184	23.156744948115783	35.93664664117968	0.0
201.0	29.04169714703731	17.77615215801024	17.483540599853693	35.69861009509875	0.0
202.0	39.823008849557525	15.339233038348082	17.035398230088493	27.802359882005902	0.0
203.0	31.403118040089083	16.406829992576093	23.533778767631773	28.65627319970304	0.0
204.0	29.654654654654657	17.192192192192195	27.25225225225225	25.900900900900904	0.0
205.0	33.45950037850113	16.048448145344434	26.34367903103709	24.148372445117335	0.0
206.0	28.60429447852761	18.711656441717793	25.536809815950924	27.14723926380368	0.0
207.0	31.269349845201237	22.987616099071207	15.325077399380804	30.41795665634675	0.0
208.0	32.78688524590164	16.939890710382514	19.20374707259953	31.069476971116316	0.0
209.0	23.760818253343825	23.996852871754523	18.09598741148702	34.146341463414636	0.0
210.0	25.178713264495634	17.235901509134234	18.586179507545673	38.99920571882446	0.0
211.0	30.32984714400644	17.61866452131939	17.940466613032985	34.11102172164119	0.0
212.0	26.726238830219334	19.821283509341995	22.095857026807472	31.356620633631195	0.0
213.0	25.387755102040817	20.244897959183675	16.897959183673468	37.46938775510204	0.0
214.0	27.384868421052634	27.713815789473685	17.598684210526315	27.302631578947366	0.0
215.0	29.900332225913623	24.501661129568106	17.026578073089702	28.57142857142857	0.0
216.0	28.427249789739278	17.073170731707318	17.24137931034483	37.258200168208575	0.0
217.0	25.66069906223359	16.453537936913897	28.644501278772378	29.241261722080136	0.0
218.0	25.395430579964852	22.144112478031637	17.926186291739896	34.53427065026362	0.0
219.0	18.893129770992367	21.755725190839694	23.18702290076336	36.16412213740458	0.0
220.0	0.0	28.923076923076923	27.076923076923077	44.0	0.0
