# Position (bp)	A	C	G	T	N
0.0	26.82419941767354	23.855977937799704	24.207693329821037	25.111837918357736	2.9139634798784993E-4
1.0	26.90066595091508	20.07468358766902	15.460234270255643	37.564067799365816	3.4839179444419606E-4
2.0	27.69812980279604	20.1149199148227	17.822308119618555	34.36406351263772	5.78650124988427E-4
3.0	23.527662655444022	21.785026796014257	15.340819203983433	39.34435505382875	0.0021362907295375106
4.0	33.89590957312627	14.025702961127639	14.387679995023896	37.689382813318915	0.0013246574032798517
5.0	35.62645789051332	14.747711237729272	22.426505060731657	27.194091067283715	0.005234743742036431
6.0	31.70301194189584	17.343136527993074	20.688557172753143	30.265121927808348	1.7242954959677349E-4
7.0	34.892908866013485	16.85004255162759	20.555020230686097	27.701224407292006	8.039443808307501E-4
8.0	23.470951258899294	26.77845277678626	21.790372063075232	27.960109127177695	1.1477406152119246E-4
9.0	28.593152709133545	18.293936515366365	15.8140823547228	37.29791061488405	9.178058932316405E-4
10.0	26.65456292930324	17.236127247516077	24.94274045282352	31.164103511039592	0.002465859317564832
11.0	28.124808308476734	18.75191691523265	19.70637588221097	33.4167842374676	1.1465661204616762E-4
12.0	26.707706450727326	20.01769819195317	20.809359867630363	32.46512086409359	1.1462559555160988E-4
13.0	27.394737656319297	21.209805042783326	18.348931362179467	33.04641134563223	1.1459308568239608E-4
14.0	31.20444208637339	18.48203123119957	20.305780189834906	30.007460009877924	2.864827142059902E-4
15.0	29.508349825188247	18.549641151752187	19.200873657685243	32.74084888266012	2.864827142059902E-4
16.0	30.307292818565912	17.452011280543356	19.232042976990854	33.008481034271355	1.7188962852359414E-4
17.0	29.929422118528215	18.435907514212406	20.433723369999303	31.200374031831668	5.729654284119804E-4
18.0	31.741711768595305	17.83337706969437	18.42112500615938	32.00378615555095	0.0
19.0	30.60414620702616	18.308537299476423	19.64606779556135	31.44107680830754	1.7188962852359414E-4
20.0	30.313881920992653	17.976331944083157	19.76117655012932	31.94803661936646	5.729654284119804E-4
21.0	30.014163705390345	17.21743923415149	19.172741055150215	33.59485385370817	8.021515997767727E-4
22.0	28.7206942507503	18.669792002090176	19.968647331757296	32.640694525773704	1.7188962852359414E-4
23.0	29.806635627219524	17.350997475514323	20.199036730521755	32.64195504971621	0.0013751170281887531
24.0	30.70430056391257	17.809885487129478	18.510908688791535	32.97473337053789	1.7188962852359414E-4
25.0	29.010843943698124	17.87652136645379	19.306757668855777	33.80547594519242	4.0107579988838635E-4
26.0	30.8346501988763	17.57983986762207	20.49445770541097	31.09053655920509	5.156688855707824E-4
27.0	28.411407512493515	18.155670123176108	19.92899812411119	33.50358046096215	3.437792570471883E-4
28.0	29.88725186299709	17.779461022880803	20.424040254259136	31.90878848752024	4.583723427295843E-4
29.0	29.02575949780496	18.754333070913965	19.160452828113023	33.059053525529734	4.0107763831735325E-4
30.0	29.952626404075914	18.06264453301369	19.168601413186224	32.81469521153102	0.0014324381931568417
31.0	30.594892733889168	18.038159816506507	19.630835662049726	31.73404903282588	0.0020627547287219686
32.0	29.228106123375124	18.37631373573671	19.31287509726601	33.08218934755279	5.156960693645593E-4
33.0	29.483896438920382	17.904242158227294	19.39905098233814	33.21263851778591	1.7190272826820034E-4
34.0	29.512239845970477	18.242585037132116	19.728958467039515	32.51535711011277	8.595397451178143E-4
35.0	30.20727215510439	17.433739409273784	19.483088719189702	32.87561258816273	2.871282693860394E-4
36.0	30.591862005165616	17.585147857764653	18.836559207747843	32.985856333908885	5.74595413004818E-4
37.0	28.654023613015617	19.073015215935193	19.282640380154028	32.9894583725015	8.624183936595001E-4
38.0	30.463095670305478	18.5418358006031	19.41374701456427	31.581206441118955	1.1507340820392849E-4
39.0	29.520612625755426	18.519357160100967	19.692949629842172	32.2664468017315	6.337825699422278E-4
40.0	29.601806935259006	18.733306463690997	19.523378034472174	32.14006292584962	0.0014456407282097128
41.0	29.276213414096	18.22101114357514	20.689412906851974	31.81249158077118	8.709547057102114E-4
42.0	28.988460627035284	18.5296047594455	19.79847581762213	32.68276011041559	6.98685481490366E-4
43.0	29.661124256384376	18.197350263018926	20.523995553623475	31.616713007401877	8.169195713506307E-4
44.0	29.386496934735323	18.77928399018133	19.939974944742225	31.893951838486533	2.922918545859715E-4
45.0	29.44213569216497	18.629151654571093	19.594942817385764	32.333067058972354	7.027769058138391E-4
46.0	29.98256326461668	17.44406667131959	19.77524030495812	32.79789515788955	2.346012160554034E-4
47.0	29.755720887625735	18.366207273175686	19.53228770911995	32.345138199733405	6.459303452204091E-4
48.0	30.011187806408028	18.061928594398807	18.916328965013264	33.00949640761476	0.0010582265651317875
49.0	28.781034853225563	18.517626766429522	20.001530586715095	32.69957231875057	2.354748792455385E-4
50.0	29.618010866428612	18.60818363520808	19.199776699435905	32.57349769293458	5.311059928229877E-4
51.0	29.980773581977633	18.204503696613518	19.368631915380067	32.44579465048315	2.9615554563105416E-4
52.0	29.407394232353617	18.435493647784412	19.838769067502962	32.31810510824375	2.3794411525537057E-4
53.0	30.927466285435152	17.889157415054466	19.315491172973648	31.867885126536734	0.0
54.0	29.980000551213088	18.5710879148927	18.91056327986167	32.53697022131205	0.0013780327204882309
55.0	29.129084547971786	18.308499634271165	18.406287771193792	34.15612804656326	0.0
56.0	29.65601946352367	18.034916944342495	20.644376665226307	31.664204798503476	4.8212840405253033E-4
57.0	27.88247714323332	18.907489433765807	19.52201605801856	33.687896573508255	1.2079147405459535E-4
58.0	30.582422909808603	17.75508956558106	22.169546673542126	29.49281980423095	1.2104683725797442E-4
59.0	29.142301850351092	20.603475049619302	20.876866486468124	29.377356613561478	0.0
60.0	30.9264039863341	18.853174327872086	19.890835886257054	30.329098948767474	4.868507692850718E-4
61.0	29.020743633226953	20.96862675144294	19.38285919547252	30.625204650639976	0.00256576921761144
62.0	30.595487842624753	16.61438348424626	21.435818197004014	31.35351210333155	7.983727934204256E-4
63.0	26.515813395384935	20.23037027059424	25.191573603684542	28.061872002511063	3.707278252240741E-4
64.0	25.705154580226214	20.351374633453865	18.379266323500346	35.563147865237816	0.0010565975817588993
65.0	26.875042175796217	19.24553436421393	19.05858624231776	34.81946259912874	0.0013746185433542192
66.0	26.856071095103452	19.148471245552003	17.39746610983121	36.593972890376634	0.00401865913670411
67.0	33.11667991571085	14.224236918146143	18.132200224602844	34.52442240476461	0.0024605367755611914
68.0	34.06644429279368	15.499225092956955	23.13107090239998	27.301218804410908	0.0020409074384698297
69.0	31.64077089592175	16.716672218010732	20.58946800307399	31.05250224389455	5.866390989744896E-4
70.0	32.62943429714003	16.095108512502527	22.40366145447193	28.87165532115657	1.4041472894340726E-4
71.0	26.15184272704658	19.527745588494362	25.063495759129534	29.25647329194416	4.426333853575106E-4
