# Position (bp)	A	C	G	T	N
0.0	28.232374359141822	23.920582568657544	18.97789243379159	28.869150638409042	0.0
1.0	27.109688796003006	20.96398132122914	14.325833523821963	37.60049635894589	0.0
2.0	28.095527141952708	19.76007257869763	18.545423691201137	33.598976588148524	0.0
3.0	23.991597460971903	22.56029539360807	15.555135138661466	37.89297200675856	0.0
4.0	33.245294831161715	14.13441848938973	15.416519935829715	37.203766743618836	0.0
5.0	35.088474227072986	16.05380171862979	22.228742062094955	26.62898199220227	0.0
6.0	32.34089990482027	17.528064982984993	20.514492092259147	29.61654301993559	0.0
7.0	33.92415955567434	17.627655621540928	20.164144953422728	28.284039869361997	0.0
8.0	24.97685879300679	24.82106306141872	21.023949519575506	29.178128625998983	0.0
9.0	29.459309715477627	18.09145129224652	15.912394485545741	36.53684450673011	0.0
10.0	27.60324329961414	17.381895922411093	23.854155803524872	31.160704974449892	0.0
11.0	28.535863713976617	18.847512415114505	18.5516351455273	34.06498872538158	0.0
12.0	26.99794714718629	19.602463423376452	20.863501580370816	32.53608784906644	0.0
13.0	26.8074624823245	21.32724275223021	18.186379601331932	33.67891516411336	0.0
14.0	31.197914969864797	17.91171200521258	19.560188955856002	31.330184069066625	0.0
15.0	30.614837398373986	18.163044611215344	19.44314154680008	31.778976443610592	0.0
16.0	30.60849628076026	16.84079569584305	18.668499146724333	33.88220887667235	0.0
17.0	29.82032262476148	18.159202360097165	19.332087292335544	32.68838772280581	0.0
18.0	31.34812364474601	17.786792907422722	19.0389987562594	31.826084691571864	0.0
19.0	29.515209125475284	18.909839054117402	19.174826813896555	32.400125006510756	0.0
20.0	30.460593121045644	18.016897961309137	19.21589814356758	32.30661077407764	0.0
21.0	30.228652881104406	17.644608465298525	18.954822668723438	33.171915984873635	0.0
22.0	29.602077475788818	18.1388628553577	19.294751640112466	32.964308028741016	0.0
23.0	29.939344240956956	17.693649368060708	19.318078279771434	33.0489281112109	0.0
24.0	30.663404094701356	18.046751962098632	19.225963478283507	32.06388046491651	0.0
25.0	28.962506019078855	18.583011231275783	19.444552896315674	33.00992985332969	0.0
26.0	30.574533151148415	17.748714945669857	19.850348103324876	31.826403799856855	0.0
27.0	29.604544034978137	18.38369248386425	19.742218405163438	32.26954507599417	0.0
28.0	30.47280108782636	17.85674784158854	18.703196465865542	32.96725460471956	0.0
29.0	30.117432744543116	18.3266647148759	19.333788751179206	32.222113789401774	0.0
30.0	30.27761693157494	18.01810007742305	19.062335313368163	32.64194767763385	0.0
31.0	29.536375583922137	18.17087611091593	19.33156367516363	32.96118462999831	0.0
32.0	29.729465958775762	18.16182594211951	19.69537268373933	32.413335415365395	0.0
33.0	30.432632558381645	18.33661923259612	18.923526388048437	32.307221820973794	0.0
34.0	30.09903953772873	17.752934745828885	19.074546448371898	33.073479268070486	0.0
35.0	30.482852866532177	17.615669942083688	19.652502114921585	32.24897507646255	0.0
36.0	29.851231924613764	17.828090223998124	19.47000559669925	32.85067225468886	0.0
37.0	29.48300771843965	18.68435096122558	18.761795676111884	33.070845644222885	0.0
38.0	29.891640363151218	18.81422667664573	19.319904981940063	31.97422797826299	0.0
39.0	29.284626498496625	18.596326812188423	19.724185507699115	32.39486118161584	0.0
40.0	30.359711293776154	18.376060032150786	19.515655609140197	31.748573064932867	0.0
41.0	29.77349648529029	18.463290809684977	19.471491799010675	32.291720906014056	0.0
42.0	30.01965685125882	18.22619698508162	20.335728605274806	31.418417558384753	0.0
43.0	30.05057573015863	18.707812876307518	19.36132681555155	31.88028457798231	0.0
44.0	30.139429523648342	18.17400700402276	20.30645854217385	31.38010493015505	0.0
45.0	30.433792034994987	18.43290674512765	19.77125672104256	31.362044498834802	0.0
46.0	29.991407033213118	18.6278594398948	19.209837645006314	32.17089588188576	0.0
47.0	29.473917204294075	18.493948843477185	19.946356611352346	32.08577734087639	0.0
48.0	30.283854166666668	18.234375	19.153645833333332	32.328125	0.0
49.0	29.654611152706796	18.468700152999773	19.36000520850288	32.51668348579055	0.0
50.0	29.453205370281143	18.351933118904068	19.972523537301576	32.22233797351321	0.0
51.0	30.529872903427442	17.74989582248151	19.57104906761121	32.14918220647984	0.0
52.0	29.980466206537308	17.58041411642141	19.709597603854668	32.729522073186615	0.0
53.0	30.74313545471712	17.91195410830908	18.93488041984907	32.41003001712473	0.0
54.0	30.431583471160483	18.188625678825844	19.71818146300806	31.661609387005612	0.0
55.0	30.029498140900834	17.890329428465378	18.92764815815692	33.15252427247687	0.0
56.0	29.796045948269125	17.965799275871948	19.462243755046757	32.775911020812174	0.0
57.0	29.20579309985543	17.782394081869214	20.14365533139709	32.86815748687826	0.0
58.0	29.356525589846115	18.062999407386183	19.426011188027896	33.154463814739806	0.0
59.0	29.717426556303035	18.0927757842569	19.874570995031032	32.31522666440903	0.0
60.0	29.36196263082143	18.439716312056735	19.328032093989542	32.87028896313229	0.0
61.0	29.395099839787424	17.899521967358318	19.430007945501675	33.27537024735258	0.0
62.0	29.716492663197453	17.809575292592857	19.50814440442618	32.965787639783514	0.0
63.0	29.508196721311474	17.538443502217707	19.780248409178245	33.17311136729258	0.0
64.0	29.39889144353331	18.36478151276924	19.61207036923658	32.62425667446087	0.0
65.0	29.600729499120693	18.13261251872598	19.86061356086758	32.40604442128574	0.0
66.0	30.097118998456256	18.027266272806028	20.00026054727956	31.875354181458153	0.0
67.0	29.117568509435316	17.66296028504615	20.044424468632545	33.17504673688599	0.0
68.0	29.64029339343643	17.990541579269642	19.56303659601079	32.806128431283135	0.0
69.0	29.36746791739952	17.432740538075695	20.35893427138297	32.840857273141815	0.0
70.0	29.145548592200754	17.48120545660643	20.074657007726284	33.298588943466534	0.0
71.0	30.37102185738949	17.414899508127302	19.74917749763836	32.46490113684485	0.0
72.0	29.720115706356033	18.470669481145595	19.61079404789826	32.19842076460011	0.0
73.0	29.6635567601376	18.31869592411133	18.822318357135412	33.19542895861566	0.0
74.0	30.287058271656413	17.955801104972377	19.43148650057333	32.32565412279788	0.0
75.0	29.98208293970095	18.033032543896798	19.437078541877057	32.5478059745252	0.0
76.0	30.320108939985275	17.79266218831241	18.60189341864359	33.28533545305872	0.0
77.0	30.39903044203503	17.433798999165973	19.88180254378649	32.28536801501251	0.0
78.0	29.995634012993698	18.132530513036055	18.864973706331984	33.00686176763826	0.0
79.0	30.035973567248416	18.01676159691357	19.191116092957785	32.75614874288023	0.0
80.0	30.08889931696126	18.206110850409303	19.523958496271966	32.18103133635747	0.0
81.0	30.972061066711866	17.6075251293952	18.71504374014054	32.7053700637524	0.0
82.0	30.388296346519937	18.122669309202806	19.062116984379482	32.42691735989778	0.0
83.0	30.539183726691878	18.14186986569305	18.446994393010822	32.87195201460425	0.0
84.0	28.92537196656539	17.809407070298747	19.951230325870096	33.31399063726577	0.0
85.0	28.76778425465879	17.831201178879283	19.018556916135257	34.38245765032667	0.0
86.0	30.83082821985876	16.722203021786335	22.84533070758316	29.60163805077175	0.0
87.0	30.366737962335023	20.227972246856904	20.419688037977984	28.985601752830092	0.0
88.0	32.15019334980991	18.305955695831077	18.8250330944447	30.718817859914317	0.0
89.0	28.242467718794835	23.19420894743707	18.891352549889135	29.671970783878958	0.0
90.0	33.42137700299349	15.033293550638154	19.561999047824017	31.983330398544346	0.0
91.0	27.276640426794668	20.85189364047245	26.462704380775982	25.408761551956903	0.0
92.0	26.183457038128903	19.436871420931112	17.784792789032235	36.59487875190775	0.0
93.0	27.918232101857647	19.30833855145064	18.658682947192652	34.11474639949906	0.0
94.0	24.15311454235895	21.718624630618994	17.185593977703412	36.94266684931865	0.0
95.0	33.45534980229417	13.98426183298751	16.453953464093228	36.10643490062509	0.0
96.0	34.75289340896777	15.459583662438883	23.115285946485805	26.67223698210754	0.0
97.0	30.541241321655534	17.14703711686293	21.04159727256696	31.27012428891458	0.0
98.0	34.42735422492878	13.428817856302762	22.29358877185646	29.850239146912	0.0
99.0	27.079794046156664	17.93209795875696	25.27181725516845	29.716290739917934	0.0
