# Position (bp)	A	C	G	T	N
0.0	26.179634351000196	23.756903469327227	23.883528478768262	26.17993370090431	0.0
1.0	26.460839045543555	20.033543308101976	15.310504142081596	38.195113504272875	0.0
2.0	28.72873321127819	18.991781078014604	18.117890349293823	34.16159536141338	0.0
3.0	23.051967669839858	22.41585622016753	15.02330202725853	39.50887408273408	0.0
4.0	34.115798275115665	12.985274754561981	14.693979521687867	38.204947448634485	0.0
5.0	34.69221764516509	14.683873548038504	23.123907080907596	27.50000172588882	0.0
6.0	30.80278772295536	17.247925510997018	21.073151840330215	30.876134925717402	0.0
7.0	34.91768660506345	16.913358717409967	20.050732102879838	28.118222574646744	0.0
8.0	22.34000472643622	26.741009473812344	22.767121308104503	28.151864491646933	0.0
9.0	27.744732865460637	18.42722197153139	15.555118093023351	38.27292706998462	0.0
10.0	26.367749873497647	16.476531541368168	24.97316355287177	32.182555032262414	0.0
11.0	28.13617106661675	18.091608182579424	19.24474126443444	34.52747948636939	0.0
12.0	26.19515671449633	19.610568348202584	21.02821157774378	33.166063359557306	0.0
13.0	26.220089010713636	20.668378830075874	18.635608565480585	34.4759235937299	0.0
14.0	30.39161768607581	18.4281539124606	20.220989656836338	30.959238744627243	0.0
15.0	29.683733764956216	18.456998059491887	19.73144453835443	32.127823637197466	0.0
16.0	29.840702531588768	17.535193426065675	18.52474211123509	34.099361931110465	0.0
17.0	30.402685922790653	17.85587314926311	19.653069456752075	32.088371471194165	0.0
18.0	31.055343714771773	17.642113513166485	18.727836201141844	32.5747065709199	0.0
19.0	29.781518529862034	18.251786967968155	19.92228533085859	32.04440917131122	0.0
20.0	29.608050957149356	17.728968106680313	19.913920873382825	32.74906006278751	0.0
21.0	29.056963221008758	18.256239574629944	19.759092119254383	32.927705085106915	0.0
22.0	29.746472948746238	18.911451575083717	22.529234756840506	28.812840719329536	0.0
23.0	29.742975293900802	20.113091607032036	20.85984091653284	29.284092182534323	0.0
24.0	32.60703686735305	19.212054299250607	17.936606846797424	30.24430198659892	0.0
25.0	29.41286110697554	20.956245028210198	19.254175728162267	30.37671813665199	0.0
26.0	32.0758305377023	16.55081068505942	21.750201172680832	29.62315760455744	0.0
27.0	26.23015627383784	21.132784554356203	24.83371757679711	27.803341595008845	0.0
28.0	26.33286536859184	19.700517906036882	18.417338795504318	35.54927792986696	0.0
29.0	28.12823231055309	19.78951251205483	17.231208101489056	34.851047075903026	0.0
30.0	26.48852475567262	18.9071209050284	16.000662926525568	38.603691412773415	0.0
31.0	34.216934137310595	14.157561159996131	18.147898997927754	33.47760570476552	0.0
32.0	34.2944429212022	15.42235626754033	22.460503880774958	27.822696930482522	0.0
33.0	31.097577486759132	17.24704654544345	20.834670988786634	30.82070497901078	0.0
34.0	33.313399216161585	16.286896991369453	21.830738662454998	28.568965130013968	0.0
35.0	26.285269596390947	20.30646350814756	25.428119296748953	27.98014759871254	0.0
