# Position (bp)	A	C	G	T	N
0.0	26.126834032921938	23.934084033887526	23.99880009218176	25.940281841008783	0.0
1.0	26.589244860587964	20.44532487275298	15.50724930001801	37.458180966641045	0.0
2.0	28.9692839110628	19.475445007830995	17.70041979846813	33.85485128263808	0.0
3.0	23.110830738929273	22.681729727286886	15.028274701875336	39.1791648319085	0.0
4.0	34.25089668678149	13.025822548614002	14.706635660941208	38.0166451036633	0.0
5.0	35.110623702092354	14.721965695341016	23.37118936031046	26.79622124225617	0.0
6.0	31.378993634265633	17.322041639455797	21.064893826494593	30.234070899783976	0.0
7.0	35.20529804354873	17.14268227968706	20.084044223957967	27.567975452806238	0.0
8.0	22.15389098846126	27.111376256698804	23.01857097936102	27.716161775478916	0.0
9.0	27.58687946888009	18.509848749281986	15.469004777911415	38.434267003926514	0.0
10.0	26.585981885605538	16.559303199683466	24.935255174902903	31.919459739808097	0.0
11.0	27.96232867162966	18.53600264141441	19.20579395223061	34.29587473472532	0.0
12.0	26.10262821591704	19.964314022304166	20.79577613927083	33.13728162250796	0.0
13.0	26.06165998138483	20.82905121143713	18.891875748849994	34.21741305832804	0.0
14.0	30.58775617479952	18.547856975245892	20.2663921914116	30.597994658542994	0.0
15.0	29.621220430122136	18.575741113932732	19.93652998052543	31.866508475419703	0.0
16.0	29.86934636576011	17.866926308513257	18.52207487162929	33.74165245409734	0.0
17.0	30.50095785591279	17.80758314156434	19.693694881458807	31.997764121064066	0.0
18.0	31.585035969823927	17.806596472041576	18.90361568621507	31.704751871919427	0.0
19.0	29.959018895865324	18.399084370682875	20.00561114667729	31.63628558677451	0.0
20.0	29.589832899651565	17.771777047578777	20.11578924338606	32.5226008093836	0.0
21.0	29.035381826090774	18.59739064520036	19.95503360896685	32.41219391974201	0.0
22.0	29.865471185460553	18.82270878534833	22.761965405650585	28.549854623540533	0.0
23.0	29.72512102073679	20.27518641976668	21.17913299776083	28.8205595617357	0.0
24.0	33.155828149624284	19.35479534972644	17.628881561477446	29.860494939171822	0.0
25.0	29.382389207379774	21.025026657951564	19.590023083776963	30.002561050891703	0.0
26.0	32.022917044115424	16.492052376994128	22.2697031111406	29.215327467749848	0.0
27.0	26.271977884875113	21.165505518700034	25.00776823504699	27.554748361377868	0.0
28.0	26.660797174636073	19.726111980127044	18.63923115278892	34.97385969244796	0.0
29.0	28.30478879337896	20.25200683576085	17.034191530857804	34.40901284000238	0.0
30.0	26.661404983892663	19.02391964808796	15.77360344578151	38.54107192223787	0.0
31.0	34.55407800526398	14.189739115185196	18.28382956886229	32.97235331068853	0.0
32.0	34.47919738201761	15.383337707633359	22.56095637728092	27.576508533068118	0.0
33.0	31.19689525036535	17.15601082177029	21.151459138100858	30.4956347897635	0.0
34.0	33.14991969614502	16.43561158927591	21.946511882528732	28.467956832050334	0.0
35.0	26.40056133274716	20.396497069321835	25.657103956567752	27.545837641363256	0.0
