# Position (bp)	A	C	G	T	N
0.0	27.129881714829196	24.006891708650276	22.935176183537084	25.927839508385826	2.1088459762164352E-4
1.0	27.398252913735778	19.990674365216222	15.150585897707868	37.46006674970122	4.200736389089007E-4
2.0	28.19937050585547	19.878663329454803	17.99206435573116	33.92969253563925	2.0927331932597248E-4
3.0	23.882998034527223	21.86327653909872	15.122247399191277	39.1291828891198	0.002295138062986934
4.0	34.23706679642499	14.01826597961297	14.662066900398008	37.08072880925942	0.0018715143046076682
5.0	35.89669585367322	14.98690841287606	22.186139321064687	26.92381962886752	0.006436783518511982
6.0	32.44502573307659	17.524401340648726	20.025370346956077	30.005202579318606	0.0
7.0	35.45855415700563	16.843532626697584	20.442820470354423	27.254471679364027	6.210665783371978E-4
8.0	23.309554824969503	26.561214151314022	22.08361764158551	28.04561338213097	0.0
9.0	28.737011712698052	18.224710281146066	15.927410192319611	37.110041521204735	8.262926315354582E-4
10.0	26.81156727970772	17.061118335500648	24.519578095650918	31.60546576671414	0.0022705224265692405
11.0	28.299271744039995	18.499475102968503	19.635480151879833	33.56556675473387	2.0624637779798993E-4
12.0	26.454934843818922	19.692172601011663	21.254189495034442	32.598496934918025	2.0612521694679084E-4
13.0	27.600922722029985	20.965150766188827	18.317062118965232	33.11686439281595	0.0
14.0	31.563066403031804	18.25032954358214	20.409251936068546	29.777146152578677	2.0596473883671113E-4
15.0	29.887131323117483	18.710866699621025	19.33308617564673	32.068297907398254	6.178942165101334E-4
16.0	30.654349975284234	17.735829625968034	18.935780194430713	32.673834239578184	2.0596473883671113E-4
17.0	30.051079255231507	18.17700609655627	20.356730927665183	31.414771791069366	4.1192947767342225E-4
18.0	31.525992750041194	18.13457736035591	18.373290492667653	31.966139396935244	0.0
19.0	30.54683638161147	18.369789092107432	19.659128357225242	31.423834239578184	4.1192947767342225E-4
20.0	30.072911517548196	18.133547536661723	19.868800461361012	31.924740484429066	0.0
21.0	30.15117811830614	17.237188993244356	19.389520514087987	33.22190640962267	2.0596473883671113E-4
22.0	28.511698797165923	18.99859943977591	19.72730268578019	32.7619871478003	4.1192947767342225E-4
23.0	30.07208765859285	17.435121107266436	20.011122095897182	32.47940352611633	0.0022656121272038227
24.0	30.974007249958806	17.876709507332343	18.416543087823364	32.732740154885484	0.0
25.0	29.4900313066403	18.149612786290987	19.267795353435492	33.09235458889438	2.0596473883671113E-4
26.0	31.922268907563023	17.314219805569287	20.18083704069863	30.58185038721371	8.238589553468445E-4
27.0	28.867605865875763	18.384000659087164	19.91679024550997	32.831603229527104	0.0
28.0	30.14211566979733	17.932319986818257	20.136966551326413	31.788185862580328	4.1192947767342225E-4
29.0	29.25955676388202	18.312736859449664	19.559235458889436	32.86847091777887	0.0
30.0	30.101150741586736	18.103325760587254	19.25592105669673	32.53795469946222	0.001647741667061438
31.0	30.552488918914467	18.265871904298965	19.349882186228147	31.829697309232312	0.0020596813261052247
32.0	29.22240690736152	18.455812535658307	19.329737122330908	32.99121956042191	8.238742273604512E-4
33.0	29.82016737142822	17.996650923673606	19.443180015942097	32.73938377819475	6.17910761327849E-4
34.0	29.768547412044104	17.850912154298978	19.597362713414444	32.78235382565155	8.23894590926037E-4
35.0	30.45990869838522	17.561237002916293	19.476303830339752	32.50234436990551	2.060984532311085E-4
36.0	31.1111202724207	17.424536002572495	19.09521532283997	32.368510013769445	6.183883973846293E-4
37.0	29.26144914628766	18.91464525891749	19.322431544268934	32.501061728700485	4.123218254311856E-4
38.0	31.012128385205102	18.26536461447736	18.988696394475628	31.73339821600155	4.1238984036389277E-4
39.0	30.004702834489105	18.69727359358434	19.432400879512553	31.864385104390553	0.0012375880234481679
40.0	29.638898008147457	18.568393406879295	19.676538178034082	32.114931564265994	0.0012388426731747202
41.0	29.51717694141091	18.067467478641223	20.52902374942895	31.88550497251731	8.268580016082389E-4
42.0	29.13344614862656	18.40909749144576	19.515873442755893	32.941376043162194	2.0687400959067907E-4
43.0	29.426169613340868	18.33748372446371	20.33132748345536	31.90439817258589	6.210061541709878E-4
44.0	29.493640210522393	18.887155938599705	19.872452097042455	31.746751753835444	0.0
45.0	29.34119202607959	18.555592168663463	19.742685840882196	32.359493744339645	0.0010362200351071349
46.0	30.237944175592684	17.43755935127245	19.716855554035057	32.607018897030464	6.220220693430202E-4
47.0	29.843715971667688	18.364565941074595	19.71771391830089	32.07296711501965	0.0010370539371752725
48.0	30.270223166491	17.694803847526412	19.069779987219174	32.964363075033404	8.299237300092121E-4
49.0	29.090105200229168	18.00962328852429	20.131687106121873	32.76858440512467	0.0
50.0	29.80539525453586	18.41827556264619	19.45465800833427	32.32042477346661	0.0012464010170632298
51.0	30.41891208898632	18.107792750726404	19.33576403982587	32.13732313074441	2.0798971698839208E-4
52.0	29.749059154061307	18.229814246708862	19.717256791064514	32.303453274268826	4.165338964871614E-4
53.0	31.535055981548716	17.680326484308694	19.30670047733941	31.477917056803186	0.0
54.0	30.1841407980757	18.33285657313119	19.344701802153562	32.137883226462485	4.176001770624751E-4
55.0	29.159027767615807	18.34297385040231	18.305554568392623	34.192443813589264	0.0
56.0	29.24741892689296	17.970211465949085	20.542077664458404	32.24029194269955	0.0
57.0	28.368513632365875	18.534154206977426	19.604431042425766	33.49290111823093	0.0
58.0	30.79733536800094	17.66932738584341	22.10709674173696	29.42561165797461	6.288464440829742E-4
59.0	29.59067150863788	20.260290938096936	21.121350154285352	29.02768739897983	0.0
60.0	31.49942909532111	18.808312708569456	19.641854567552848	30.049772794657258	6.308338993315264E-4
61.0	29.344704129605166	20.985398768093493	19.546558943333565	30.120598715833346	0.002739443134428689
62.0	30.994667461369215	16.46112192554736	21.700874806872488	30.842701735030108	6.3407118083076E-4
63.0	26.466703474050796	20.35929669582944	25.547863756051985	27.625711373481693	4.2470058608680883E-4
64.0	26.477181199473264	19.74681764136832	18.00253992064879	35.772608916144264	8.523223653650284E-4
65.0	27.799343406799053	19.376557270112176	18.48769689775753	34.3351191812903	0.0012832440409354848
66.0	26.90898397168266	19.156919523550915	17.063385587608373	36.86598849876466	0.0047224183933903315
67.0	33.55730449947079	14.084315767009628	17.718080875362958	34.63771208819161	0.0025867699650139364
68.0	34.42269214170819	15.35150239100963	23.075967410778507	27.14918417966792	6.538768357592163E-4
69.0	31.837466055290925	16.893113119351824	20.500378400035615	30.76815207229667	8.903530249744023E-4
70.0	33.120678063772566	15.732087975412984	22.26781598155974	28.878937764118323	4.802151363810988E-4
71.0	25.573735785143963	20.16392451004113	25.70287926445681	28.55885555286717	6.048874909266877E-4
