# Position (bp)	A	C	G	T	N
0.0	26.323066108564287	24.051467997101774	23.571663714234433	26.05380218009951	0.0
1.0	26.71379663984131	20.35575732193091	15.52868216972536	37.40176386850242	0.0
2.0	29.028928287761808	19.59706105419831	17.89243085213195	33.481579805907934	0.0
3.0	23.113158083329996	22.712345629569985	15.062196080745826	39.11230020635419	0.0
4.0	34.28100596967507	13.119560255098827	14.895578762909247	37.70385501231685	0.0
5.0	35.13154189846721	14.734362566827173	23.248954905602382	26.885140629103233	0.0
6.0	31.404163840207506	17.308109926182173	21.03717914832349	30.250547085286833	0.0
7.0	35.20019890897689	17.095504886268024	20.041159303254936	27.663136901500152	0.0
8.0	22.600479388544535	26.9604235138751	22.949439271327304	27.48965782625306	0.0
9.0	27.852116232692424	18.617690598824797	15.4941849018552	38.03600826662758	0.0
10.0	26.745685048758645	16.46302332953136	25.166963568340655	31.624328053369343	0.0
11.0	28.08501515061126	18.460304397634637	19.483268612850885	33.97141183890322	0.0
12.0	26.179734752034754	19.81546398771674	20.977746136360373	33.02705512388813	0.0
13.0	26.438498158208755	20.94160960083483	18.916449142896425	33.70344309805999	0.0
14.0	30.722876889645157	18.29724223186302	20.44162428459471	30.538256593897113	0.0
15.0	29.61796017421919	18.716065205375756	20.03192763000296	31.634046990402087	0.0
16.0	30.098441769936958	17.68547597045496	18.684695953326976	33.53138630628111	0.0
17.0	30.56880934988081	17.86789699454383	19.619610286428134	31.94368336914722	0.0
18.0	31.487749332547388	17.972039750715847	18.96127741072768	31.578933506009083	0.0
19.0	30.19823865995612	18.395419299043393	19.99349963777864	31.41284240322184	0.0
20.0	29.6694125956107	18.09168276283305	19.982437433025922	32.25646720853033	0.0
21.0	29.356641925518968	18.484549063051013	20.168084933501003	31.990724077929016	0.0
22.0	29.76340182813469	19.081157470089575	22.720043384913495	28.435397316862236	0.0
23.0	29.762624839943726	20.41561493413445	21.204099916467182	28.61766030945464	0.0
24.0	32.960234139465165	19.630277412439685	17.710998057134443	29.698490390960703	0.0
25.0	29.477667713230254	21.036454837298013	19.5160469790765	29.969830470395237	0.0
26.0	32.31798096853027	16.702019629355565	22.061354938345985	28.918644463768185	0.0
27.0	26.4847092016341	21.11487796741996	24.806480555607134	27.5939322753388	0.0
28.0	26.853291328561575	19.759033574186503	18.622286681513724	34.765388415738194	0.0
29.0	28.235145072255293	20.073450405699774	17.312152898633464	34.37925162341147	0.0
30.0	26.743398164637693	19.090339432067054	16.125534568181376	38.04072783511388	0.0
31.0	34.41560232016666	14.349283816365563	18.286543977169508	32.94856988629826	0.0
32.0	34.52087774743301	15.589360667921309	22.405799388378714	27.483962196266965	0.0
33.0	31.546173551163907	17.352226851363856	20.96008135206569	30.141518245406544	0.0
34.0	33.51502231331311	16.412569570441732	21.78144974967188	28.29095836657327	0.0
35.0	26.68084273599906	19.763832797910116	25.947322085056797	27.608002381034026	0.0
