# Position (bp)	A	C	G	T	N
0.0	28.235294117647058	15.735294117647058	23.823529411764703	32.20588235294118	0.0
1.0	21.764705882352942	24.41176470588235	29.705882352941178	24.11764705882353	0.0
2.0	30.823863636363637	19.744318181818183	20.170454545454543	29.261363636363637	0.0
3.0	28.83263009845288	18.424753867791843	20.253164556962027	32.48945147679325	0.0
4.0	32.20815752461322	16.877637130801688	19.12798874824191	31.78621659634318	0.0
5.0	30.801687763713083	19.549929676511955	18.846694796061886	30.801687763713083	0.0
6.0	27.9887482419128	19.831223628691983	21.237693389592124	30.942334739803094	0.0
7.0	33.47398030942335	19.12798874824191	20.675105485232066	26.72292545710267	0.0
8.0	29.535864978902953	20.253164556962027	18.70604781997187	31.504922644163152	0.0
9.0	28.83263009845288	18.565400843881857	19.69057665260197	32.91139240506329	0.0
10.0	26.441631504922647	17.29957805907173	23.066104078762308	33.19268635724332	0.0
11.0	26.47058823529412	17.92717086834734	19.88795518207283	35.714285714285715	0.0
12.0	25.80195258019526	17.99163179916318	20.0836820083682	36.122733612273365	0.0
13.0	26.46239554317549	21.72701949860724	19.91643454038997	31.894150417827298	0.0
14.0	27.70083102493075	20.498614958448755	21.88365650969529	29.916897506925206	0.0
15.0	27.86206896551724	17.79310344827586	22.344827586206897	32.0	0.0
16.0	26.164383561643834	20.958904109589042	22.876712328767123	30.0	0.0
17.0	30.191256830601095	16.939890710382514	20.62841530054645	32.240437158469945	0.0
18.0	26.639344262295083	19.53551912568306	24.453551912568305	29.37158469945355	0.0
19.0	27.732240437158467	21.721311475409834	22.131147540983605	28.415300546448087	0.0
20.0	25.683060109289617	23.36065573770492	20.21857923497268	30.737704918032787	0.0
21.0	28.843537414965986	21.224489795918366	20.680272108843536	29.25170068027211	0.0
22.0	29.795918367346943	20.680272108843536	22.312925170068027	27.2108843537415	0.0
23.0	28.70748299319728	20.680272108843536	17.687074829931973	32.92517006802721	0.0
24.0	30.570652173913043	16.304347826086957	20.108695652173914	33.016304347826086	0.0
25.0	29.483695652173914	18.88586956521739	17.119565217391305	34.51086956521739	0.0
26.0	28.396739130434785	15.217391304347828	19.565217391304348	36.82065217391305	0.0
27.0	25.679347826086957	20.380434782608695	18.61413043478261	35.32608695652174	0.0
28.0	27.853260869565215	17.934782608695652	15.081521739130435	39.130434782608695	0.0
29.0	31.929347826086957	17.66304347826087	14.945652173913043	35.46195652173913	0.0
30.0	33.37874659400545	17.302452316076295	15.66757493188011	33.65122615803814	0.0
31.0	30.706521739130434	16.57608695652174	18.61413043478261	34.10326086956522	0.0
32.0	28.940217391304344	18.75	16.71195652173913	35.59782608695652	0.0
33.0	30.842391304347828	19.70108695652174	19.429347826086957	30.027173913043477	0.0
34.0	34.10326086956522	16.032608695652172	21.059782608695652	28.804347826086957	0.0
35.0	31.11413043478261	17.66304347826087	17.391304347826086	33.83152173913043	0.0
36.0	29.891304347826086	16.71195652173913	17.66304347826087	35.733695652173914	0.0
37.0	28.76526458616011	21.709633649932158	20.21709633649932	29.30800542740841	0.0
38.0	27.00135685210312	19.810040705563093	17.639077340569877	35.549525101763905	0.0
39.0	28.900949796472187	19.131614654002714	16.824966078697422	35.14246947082768	0.0
40.0	27.54409769335143	17.91044776119403	21.845318860244234	32.70013568521031	0.0
41.0	28.76526458616011	15.739484396200815	22.795115332428765	32.70013568521031	0.0
42.0	33.78561736770692	16.960651289009498	20.081411126187245	29.17232021709634	0.0
43.0	29.850746268656714	18.588873812754407	20.352781546811396	31.20759837177748	0.0
44.0	31.343283582089555	19.53867028493894	16.28222523744912	32.83582089552239	0.0
45.0	32.33695652173913	13.994565217391305	18.75	34.91847826086957	0.0
46.0	31.75033921302578	14.246947082767978	19.810040705563093	34.19267299864315	0.0
47.0	33.921302578018995	16.28222523744912	19.810040705563093	29.986431478968793	0.0
48.0	31.614654002713706	17.639077340569877	17.91044776119403	32.83582089552239	0.0
49.0	27.815468113975577	19.53867028493894	19.94572591587517	32.70013568521031	0.0
50.0	28.04878048780488	25.880758807588077	15.718157181571815	30.35230352303523	0.0
51.0	27.91327913279133	18.157181571815716	17.88617886178862	36.043360433604335	0.0
52.0	28.455284552845526	18.69918699186992	21.81571815718157	31.029810298102984	0.0
53.0	28.59078590785908	21.40921409214092	21.680216802168022	28.319783197831978	0.0
54.0	29.81029810298103	20.18970189701897	18.69918699186992	31.300813008130078	0.0
55.0	30.48780487804878	16.666666666666664	20.59620596205962	32.24932249322493	0.0
56.0	26.964769647696478	21.138211382113823	18.97018970189702	32.926829268292686	0.0
57.0	32.74932614555256	17.78975741239892	19.2722371967655	30.18867924528302	0.0
58.0	32.88409703504043	18.733153638814017	17.11590296495957	31.266846361185983	0.0
59.0	29.649595687331537	19.2722371967655	20.889487870619945	30.18867924528302	0.0
60.0	26.954177897574123	18.194070080862534	21.428571428571427	33.42318059299191	0.0
61.0	28.167115902964962	18.059299191374663	22.506738544474395	31.266846361185983	0.0
62.0	28.609986504723345	19.4331983805668	21.45748987854251	30.49932523616734	0.0
63.0	30.0944669365722	18.75843454790823	19.568151147098515	31.57894736842105	0.0
64.0	26.450742240215924	18.083670715249664	22.13225371120108	33.33333333333333	0.0
65.0	28.997289972899733	16.93766937669377	22.628726287262875	31.43631436314363	0.0
66.0	26.151761517615174	14.634146341463413	21.40921409214092	37.80487804878049	0.0
67.0	26.693766937669377	16.53116531165312	21.00271002710027	35.77235772357724	0.0
68.0	24.151967435549526	19.402985074626866	19.53867028493894	36.90637720488466	0.0
69.0	26.322930800542743	19.131614654002714	20.62415196743555	33.921302578018995	0.0
70.0	31.300813008130078	20.59620596205962	18.69918699186992	29.40379403794038	0.0
71.0	30.434782608695656	18.342391304347828	20.78804347826087	30.434782608695656	0.0
72.0	29.347826086956523	17.79891304347826	21.73913043478261	31.11413043478261	0.0
73.0	28.668478260869566	18.478260869565215	20.92391304347826	31.929347826086957	0.0
74.0	27.717391304347828	17.79891304347826	20.244565217391305	34.23913043478261	0.0
75.0	28.668478260869566	17.66304347826087	22.554347826086957	31.11413043478261	0.0
76.0	27.717391304347828	20.244565217391305	21.603260869565215	30.434782608695656	0.0
77.0	30.570652173913043	20.380434782608695	17.934782608695652	31.11413043478261	0.0
78.0	31.657608695652172	19.565217391304348	17.79891304347826	30.978260869565215	0.0
79.0	29.6195652173913	19.972826086956523	18.61413043478261	31.793478260869566	0.0
80.0	30.381471389645775	17.302452316076295	19.07356948228883	33.2425068119891	0.0
81.0	26.430517711171664	20.708446866485016	20.02724795640327	32.833787465940055	0.0
82.0	30.65395095367847	16.893732970027248	22.20708446866485	30.24523160762943	0.0
83.0	27.247956403269757	17.574931880108995	22.3433242506812	32.833787465940055	0.0
84.0	26.09289617486339	17.349726775956285	22.6775956284153	33.87978142076503	0.0
85.0	31.284153005464482	18.30601092896175	21.311475409836063	29.098360655737704	0.0
86.0	27.63337893296854	19.562243502051984	20.24623803009576	32.55813953488372	0.0
87.0	31.19015047879617	20.109439124487004	20.79343365253078	27.906976744186046	0.0
88.0	35.70451436388509	17.647058823529413	18.741450068399455	27.906976744186046	0.0
89.0	33.28767123287671	16.575342465753426	17.534246575342465	32.602739726027394	0.0
90.0	29.45205479452055	15.616438356164384	18.356164383561644	36.57534246575342	0.0
91.0	29.67032967032967	19.642857142857142	17.445054945054945	33.24175824175824	0.0
92.0	30.08241758241758	17.032967032967033	17.307692307692307	35.57692307692308	0.0
93.0	33.28748280605227	16.643741403026134	19.257221458046768	30.81155433287483	0.0
94.0	29.573590096286107	20.220082530949107	18.982118294360383	31.224209078404403	0.0
95.0	31.224209078404403	19.39477303988996	16.781292984869324	32.599724896836314	0.0
96.0	26.27235213204952	17.05639614855571	20.907840440165064	35.763411279229715	0.0
97.0	30.853994490358126	18.732782369146005	20.110192837465565	30.303030303030305	0.0
98.0	31.950207468879665	20.055325034578146	15.352697095435685	32.6417704011065	0.0
99.0	29.18395573997234	18.118948824343015	19.64038727524205	33.0567081604426	0.0
100.0	32.2268326417704	15.629322268326417	18.948824343015215	33.19502074688796	0.0
101.0	32.49651324965133	17.99163179916318	19.525801952580196	29.9860529986053	0.0
102.0	29.49438202247191	15.730337078651685	23.314606741573034	31.46067415730337	0.0
103.0	29.055007052186177	19.040902679830747	19.746121297602258	32.15796897038082	0.0
104.0	28.125	17.897727272727273	21.164772727272727	32.8125	0.0
105.0	29.28571428571429	15.857142857142856	21.0	33.85714285714286	0.0
106.0	32.23021582733813	18.1294964028777	20.287769784172664	29.35251798561151	0.0
107.0	29.47976878612717	21.53179190751445	19.36416184971098	29.6242774566474	0.0
108.0	33.819241982507286	17.784256559766764	16.909620991253643	31.486880466472307	0.0
109.0	29.05109489051095	20.72992700729927	18.97810218978102	31.24087591240876	0.0
110.0	26.991150442477874	21.828908554572273	17.846607669616517	33.33333333333333	0.0
111.0	28.125	20.238095238095237	18.898809523809522	32.73809523809524	0.0
112.0	27.436281859070466	20.689655172413794	19.1904047976012	32.68365817091454	0.0
113.0	31.17469879518072	19.879518072289155	16.114457831325304	32.831325301204814	0.0
114.0	27.896341463414636	16.463414634146343	19.20731707317073	36.43292682926829	0.0
115.0	25.692307692307693	18.0	18.923076923076923	37.38461538461538	0.0
116.0	24.922600619195045	17.80185758513932	18.885448916408667	38.39009287925697	0.0
117.0	28.66043613707165	18.69158878504673	19.003115264797508	33.64485981308411	0.0
118.0	25.03937007874016	18.11023622047244	23.30708661417323	33.54330708661417	0.0
119.0	23.538704581358612	19.589257503949447	24.644549763033176	32.22748815165877	0.0
120.0	27.142857142857142	20.317460317460316	20.952380952380953	31.587301587301585	0.0
121.0	29.82456140350877	17.543859649122805	19.298245614035086	33.33333333333333	0.0
122.0	28.29581993569132	18.488745980707396	21.70418006430868	31.511254019292608	0.0
123.0	32.847896440129446	15.53398058252427	20.87378640776699	30.74433656957929	0.0
124.0	28.87438825448613	14.681892332789559	21.37030995106036	35.07340946166394	0.0
125.0	26.557377049180324	20.0	19.672131147540984	33.77049180327869	0.0
126.0	30.64250411861614	18.28665568369028	16.80395387149918	34.2668863261944	0.0
127.0	28.642384105960268	19.205298013245034	23.013245033112582	29.13907284768212	0.0
128.0	31.114808652246257	17.470881863560734	18.80199667221298	32.61231281198003	0.0
129.0	29.39189189189189	16.216216216216218	18.91891891891892	35.47297297297297	0.0
130.0	32.538330494037474	18.05792163543441	16.86541737649063	32.538330494037474	0.0
131.0	32.81786941580756	20.274914089347078	15.463917525773196	31.443298969072163	0.0
132.0	27.586206896551722	18.275862068965516	21.20689655172414	32.93103448275862	0.0
133.0	26.38888888888889	22.743055555555554	21.354166666666664	29.51388888888889	0.0
134.0	24.125874125874127	19.58041958041958	20.804195804195803	35.48951048951049	0.0
135.0	24.295774647887324	17.253521126760564	21.30281690140845	37.147887323943664	0.0
136.0	26.24113475177305	16.666666666666664	20.74468085106383	36.347517730496456	0.0
137.0	25.668449197860966	17.825311942959	19.786096256684495	36.72014260249554	0.0
138.0	25.760286225402506	15.20572450805009	20.03577817531306	38.998211091234346	0.0
139.0	28.980322003577818	18.962432915921287	20.572450805008945	31.48479427549195	0.0
140.0	28.597122302158272	15.647482014388489	21.58273381294964	34.172661870503596	0.0
141.0	31.57894736842105	16.33393829401089	21.234119782214155	30.852994555353902	0.0
142.0	34.12844036697248	16.69724770642202	19.449541284403672	29.724770642201836	0.0
143.0	30.74074074074074	19.074074074074073	18.14814814814815	32.03703703703704	0.0
144.0	31.02803738317757	19.252336448598133	16.448598130841123	33.271028037383175	0.0
145.0	28.83895131086142	20.224719101123593	19.475655430711612	31.46067415730337	0.0
146.0	32.5187969924812	18.421052631578945	16.729323308270676	32.33082706766917	0.0
147.0	31.32075471698113	18.30188679245283	17.547169811320753	32.83018867924528	0.0
148.0	25.0	21.755725190839694	20.801526717557252	32.44274809160305	0.0
149.0	30.115830115830118	19.305019305019304	14.478764478764477	36.1003861003861	0.0
150.0	26.31578947368421	20.66276803118908	19.883040935672515	33.13840155945419	0.0
151.0	24.803149606299215	19.88188976377953	22.440944881889763	32.874015748031496	0.0
152.0	28.968253968253972	17.46031746031746	16.666666666666664	36.904761904761905	0.0
153.0	29.859719438877757	18.03607214428858	18.236472945891784	33.86773547094188	0.0
154.0	31.91919191919192	13.737373737373737	21.21212121212121	33.131313131313135	0.0
155.0	31.70731707317073	21.138211382113823	15.040650406504067	32.113821138211385	0.0
156.0	30.122950819672127	19.4672131147541	17.418032786885245	32.99180327868852	0.0
157.0	32.231404958677686	16.94214876033058	21.280991735537192	29.545454545454547	0.0
158.0	32.15767634854772	20.74688796680498	15.560165975103734	31.535269709543567	0.0
159.0	33.89121338912134	12.552301255230125	21.338912133891213	32.21757322175732	0.0
160.0	24.369747899159663	17.647058823529413	26.89075630252101	31.092436974789916	0.0
161.0	29.957805907172997	19.831223628691983	23.417721518987342	26.79324894514768	0.0
162.0	29.700854700854702	20.94017094017094	20.299145299145298	29.059829059829063	0.0
163.0	32.47311827956989	15.483870967741936	19.56989247311828	32.47311827956989	0.0
164.0	28.104575163398692	16.55773420479303	20.47930283224401	34.85838779956427	0.0
165.0	30.242825607064017	16.335540838852097	22.737306843267106	30.684326710816777	0.0
166.0	29.555555555555557	21.11111111111111	21.11111111111111	28.22222222222222	0.0
167.0	27.927927927927925	19.594594594594593	22.74774774774775	29.72972972972973	0.0
168.0	27.89115646258503	19.27437641723356	19.954648526077097	32.87981859410431	0.0
169.0	25.570776255707763	18.493150684931507	19.863013698630137	36.07305936073059	0.0
170.0	30.504587155963304	14.220183486238533	18.807339449541285	36.46788990825688	0.0
171.0	31.40877598152425	15.242494226327944	17.782909930715935	35.56581986143187	0.0
172.0	29.930394431554525	21.11368909512761	19.721577726218097	29.23433874709977	0.0
173.0	29.176470588235293	19.058823529411764	15.058823529411763	36.705882352941174	0.0
174.0	30.33175355450237	19.66824644549763	18.246445497630333	31.753554502369667	0.0
175.0	28.53717026378897	16.30695443645084	22.54196642685851	32.61390887290168	0.0
176.0	28.19277108433735	17.83132530120482	17.10843373493976	36.86746987951807	0.0
177.0	30.508474576271187	17.433414043583532	18.159806295399516	33.89830508474576	0.0
178.0	28.361858190709043	17.6039119804401	22.00488997555012	32.02933985330073	0.0
179.0	26.980198019801982	19.554455445544555	21.287128712871286	32.17821782178218	0.0
180.0	31.32832080200501	14.536340852130325	21.303258145363408	32.83208020050125	0.0
181.0	26.633165829145728	17.587939698492463	21.85929648241206	33.91959798994975	0.0
182.0	32.57575757575758	16.161616161616163	21.71717171717172	29.545454545454547	0.0
183.0	29.873417721518987	23.29113924050633	18.734177215189874	28.10126582278481	0.0
184.0	32.90816326530612	20.408163265306122	17.602040816326532	29.081632653061224	0.0
185.0	25.839793281653744	22.739018087855296	23.51421188630491	27.906976744186046	0.0
186.0	30.46875	20.052083333333336	19.53125	29.947916666666668	0.0
187.0	30.343007915567284	24.538258575197887	16.358839050131927	28.759894459102902	0.0
188.0	31.099195710455763	19.034852546916888	19.034852546916888	30.831099195710454	0.0
189.0	28.532608695652172	19.021739130434785	20.92391304347826	31.521739130434785	0.0
190.0	33.97260273972603	15.616438356164384	18.904109589041095	31.506849315068493	0.0
191.0	28.651685393258425	18.820224719101123	19.101123595505616	33.42696629213483	0.0
192.0	32.67045454545455	23.295454545454543	15.625	28.40909090909091	0.0
193.0	31.142857142857146	16.857142857142858	21.142857142857142	30.857142857142854	0.0
194.0	25.872093023255815	21.511627906976745	23.546511627906977	29.069767441860467	0.0
195.0	27.27272727272727	16.715542521994134	21.114369501466275	34.89736070381232	0.0
196.0	29.673590504451035	20.178041543026705	19.881305637982198	30.267062314540063	0.0
197.0	30.72289156626506	18.67469879518072	20.783132530120483	29.819277108433734	0.0
198.0	28.037383177570092	23.98753894080997	18.06853582554517	29.906542056074763	0.0
199.0	27.79552715654952	24.600638977635782	17.89137380191693	29.712460063897762	0.0
200.0	25.78397212543554	19.51219512195122	21.254355400696863	33.44947735191638	0.0
201.0	36.99186991869919	18.69918699186992	13.414634146341465	30.89430894308943	0.0
202.0	36.885245901639344	19.262295081967213	16.80327868852459	27.049180327868854	0.0
203.0	35.80246913580247	17.695473251028808	19.753086419753085	26.74897119341564	0.0
204.0	38.429752066115704	16.528925619834713	22.727272727272727	22.31404958677686	0.0
205.0	38.07531380753138	16.317991631799163	23.01255230125523	22.594142259414227	0.0
206.0	28.389830508474578	21.1864406779661	22.45762711864407	27.966101694915253	0.0
207.0	26.923076923076923	26.923076923076923	13.247863247863249	32.9059829059829	0.0
208.0	27.27272727272727	17.74891774891775	21.645021645021643	33.33333333333333	0.0
209.0	23.555555555555554	22.666666666666664	19.555555555555557	34.22222222222222	0.0
210.0	28.251121076233183	19.282511210762333	17.48878923766816	34.97757847533632	0.0
211.0	33.18181818181819	19.545454545454547	21.363636363636363	25.90909090909091	0.0
212.0	29.953917050691242	17.050691244239633	27.188940092165897	25.806451612903224	0.0
213.0	30.0	19.047619047619047	18.571428571428573	32.38095238095238	0.0
214.0	33.81642512077295	23.67149758454106	20.28985507246377	22.22222222222222	0.0
215.0	32.35294117647059	22.058823529411764	15.686274509803921	29.901960784313726	0.0
216.0	31.155778894472363	18.090452261306535	17.587939698492463	33.165829145728644	0.0
217.0	26.804123711340207	16.49484536082474	22.164948453608247	34.5360824742268	0.0
218.0	26.063829787234045	14.893617021276595	19.680851063829788	39.361702127659576	0.0
219.0	15.950920245398773	22.699386503067483	30.061349693251532	31.28834355828221	0.0
220.0	0.0	31.428571428571427	29.523809523809526	39.04761904761905	0.0
