# Position (bp)	A	C	G	T	N
0.0	27.406183709099103	23.94651941761893	22.79816993534165	25.848590576668823	5.363612714980303E-4
1.0	27.7731831767235	19.99925180002218	14.874616380502442	37.352815035612984	1.3360713889664554E-4
2.0	28.593457253228827	19.764331150819807	17.818844719289345	33.822701070217285	6.658064447400625E-4
3.0	23.946084584191702	22.17422893065722	15.008706532090644	38.868589143333026	0.0023908097274078443
4.0	34.415333262689416	13.921532266610152	14.400630496979971	37.26025219879199	0.0022517749284730313
5.0	36.28305121516295	14.839777339182062	22.430378809124438	26.442030404207696	0.004762232322858186
6.0	32.54398943196829	17.620211360634084	19.978467635402904	29.857067371202113	2.642007926023778E-4
7.0	35.492730593800154	16.595441971450292	20.233444547681394	27.677854970859023	5.279162091392853E-4
8.0	23.058672719144038	26.848021185429218	22.192343756800135	27.900830457219648	1.3188140696360207E-4
9.0	29.040552473081434	18.300011861301844	15.92379772526589	36.735242563622705	3.9537672812578256E-4
10.0	26.958162032713208	17.11232271126784	24.72221966085441	31.205714865315233	0.0015807298493169272
11.0	28.525446086523804	18.54079614958281	19.71443090233621	33.21932686155718	0.0
12.0	26.598157297931564	19.714991554720672	20.995332733481717	32.69125532105216	2.630928138828816E-4
13.0	27.637444279346212	21.464450551618036	18.408526081868267	32.488790122158086	7.889650094018331E-4
14.0	31.651303764678033	18.317663611618826	20.48205762074452	29.548580520453914	3.9448250470091657E-4
15.0	30.05930386987337	18.975791923628186	19.326486870307303	31.637891359518207	5.259766729345553E-4
16.0	30.6039527146971	17.6905679233126	19.061000144643586	32.64421622901024	2.629883364672777E-4
17.0	30.086260174361268	18.358952780444188	20.438533051059185	31.11585951163066	3.9448250470091657E-4
18.0	31.570697839550814	18.343041986087915	18.11726649923076	31.96899367513051	0.0
19.0	30.820523609777904	18.400504937606016	19.488224697234678	31.290615261213166	1.3149416823363884E-4
20.0	30.37817722783995	18.34711830530316	19.27980644058436	31.994503543767834	3.9448250470091657E-4
21.0	30.253915238859157	17.438230614472246	19.32109560940972	32.98518060724007	0.0015779300188036663
22.0	28.897289905192704	19.071782666438743	19.808281502715356	32.22238293731673	2.629883364672777E-4
23.0	30.042604110507696	17.581296269510446	20.218148825099608	32.15716182987284	7.889650094018331E-4
24.0	31.04248576575629	18.03968493997291	18.515956817315153	32.40147799445094	3.9448250470091657E-4
25.0	29.5274099593683	18.25678181172665	19.169088350931638	33.04632539546871	3.9448250470091657E-4
26.0	32.07077016134334	17.922392141908507	19.859169745821774	30.146484503412275	0.0011834475141027495
27.0	29.26073978619048	18.253888940025508	19.726755118410498	32.75848466120528	1.3149416823363884E-4
28.0	30.0152533235151	17.9927415219135	19.878762376888584	32.11245381267341	7.889650094018331E-4
29.0	29.405909347920417	18.50504280135176	19.6407579323857	32.44815842417389	1.3149416823363884E-4
30.0	29.861693706393016	18.409937855529225	19.521200916256184	32.20637855266238	7.88969159195567E-4
31.0	30.821201788863128	18.17700066931148	19.345468603505932	31.654882489154918	0.001446449164544112
32.0	29.43299762121732	18.483364958387742	19.572161010318577	32.510950421645475	5.259884308844627E-4
33.0	29.589449640812816	18.37502482027491	19.422670543231987	32.61285499568029	0.0
34.0	29.95472483138517	17.95950088170202	19.46464052725912	32.61995026700909	0.0011834926445932138
35.0	30.36039971892296	17.468885455842216	19.85027647137778	32.32004358273218	3.9477112486084316E-4
36.0	30.815235202219554	17.627695964558768	18.940290315914993	32.616646902511604	1.316147950823448E-4
37.0	29.286198521716813	18.927816866645166	19.038786833670105	32.745881408252316	0.001316369715598323
38.0	30.778345981872473	18.32001769566614	19.359374753129657	31.542261569331725	0.0
39.0	29.566676633573902	18.83482024660851	19.530571841423434	32.06714095094833	7.903274458329326E-4
40.0	29.892059054313354	18.527730338856763	19.591182734723752	31.986785970973976	0.0022419011321600717
41.0	29.913512928159868	18.31362755753589	20.41802745030196	31.35364351056426	0.001188553438022881
42.0	29.485808548576625	18.39687421931486	19.518813768344863	32.59784256629132	6.608974723315273E-4
43.0	29.617895900906383	18.112046477911882	20.412263946283723	31.85726455477187	5.291201261422382E-4
44.0	29.641340717053854	18.581377988606764	20.169124965587347	31.607494546917685	6.617818343533598E-4
45.0	29.44165596154101	18.440980545365456	19.604682885483847	32.51215086943278	5.297381769060642E-4
46.0	30.162307848258262	17.625156192649307	19.530739640932477	32.681663811140396	1.3250701955936115E-4
47.0	29.664032196914462	18.180757677389252	19.848003202723376	32.30667667075844	5.302522144658107E-4
48.0	30.223296696301638	17.841721657578134	18.76458762120987	33.16867003331282	0.0017239915975301831
49.0	29.49027193988027	17.87179446355029	20.01456820787161	32.62296735023139	3.9803846643739655E-4
50.0	29.82108306298147	18.595648784711386	19.62495567911547	31.957250099929485	0.0010623732621897373
51.0	30.228122722363793	18.213508610462366	19.391362405503035	32.16607525709026	9.310045805425363E-4
52.0	30.032812044138396	17.967624916904132	19.772220734600786	32.22720908452665	1.3321983003814085E-4
53.0	31.346521812228296	17.566269304362443	19.467150226435134	31.62005865697412	0.0
54.0	30.287709321792715	18.481779834827353	19.126597178890716	32.103111985238414	8.016792508040174E-4
55.0	29.12021683204212	18.323832661530375	18.36637497976564	34.189575526661855	0.0
56.0	29.353892142590244	18.22676921964292	20.36238182546262	32.05668895671588	2.678555883381034E-4
57.0	28.331878876596384	18.694795994010587	19.552188186594062	33.42113694279896	0.0
58.0	30.948901779400494	17.815876798555117	21.954884998477024	29.279933874627474	4.0254893988736685E-4
59.0	29.78304304070278	20.246315413255513	20.92444867242012	29.046192873621596	0.0
60.0	31.36957104214717	19.220904071188237	19.341139911162813	30.068250332903823	1.3464259795585606E-4
61.0	29.29033563838759	21.062573789846518	19.380401416765054	30.263450834879407	0.003238320121437005
62.0	31.230925186806285	16.373988823428302	21.62716700028557	30.767377620058824	5.413694210189384E-4
63.0	26.772517972122323	20.25989095123512	25.33515579462528	27.63229941263667	1.358693806122546E-4
64.0	26.36348639138123	19.59701091661679	18.237853269872346	35.80096773006085	6.816920687854565E-4
65.0	27.834701882416013	19.1089022248724	18.5184931919014	34.537082118415505	8.205823946782496E-4
66.0	26.611992386222187	19.642805679867266	16.88905540025169	36.85244119838777	0.0037053352710864455
67.0	33.563781722811775	13.9415077082438	17.787364871566	34.70541725897275	0.0019284384056773227
68.0	34.47082496089771	15.327819121993578	22.890702839299333	27.308565766989318	0.002087310820062675
69.0	31.87709972176687	16.946487395627035	20.48674447336881	30.689526235947945	1.421732893354394E-4
70.0	33.120205973791	15.788007414811561	22.052635365467243	29.039151245930196	0.0
71.0	26.035123282180926	19.521091696661863	25.69830356936405	28.745096074547376	3.853772457858998E-4
