# Position (bp)	A	C	G	T	N
0.0	25.956190125571233	24.411826691956982	23.77503354702052	25.856949635451265	0.0
1.0	25.340205470498628	20.26026618860495	14.8983451915048	39.501183149391615	0.0
2.0	27.59823860879949	18.74676802840403	18.71984603820257	34.935147324593906	0.0
3.0	23.800478982574944	22.44291769118677	15.265638194997589	38.49096513124069	0.0
4.0	32.83770469977367	13.958993476234854	14.565836772733324	38.63746505125816	0.0
5.0	34.35116129272669	15.538378821512794	22.966606512608397	27.143853373152126	0.0
6.0	32.22396074486825	17.671461795964856	20.351092874363356	29.753484584803537	0.0
7.0	33.67440870513742	17.383137787000823	19.706015377657167	29.23643813020459	0.0
8.0	23.944415035817933	25.631967738588934	21.75650189264462	28.667115332948505	0.0
9.0	29.236968085106383	18.582978723404256	15.96808510638298	36.211968085106385	0.0
10.0	26.338000079773444	16.810125909084867	24.219217422520043	32.63265658862165	0.0
11.0	27.672093140734717	18.042428061331652	20.01627144600512	34.26920735192851	0.0
12.0	26.486249385243177	19.378730078555954	20.99185197984927	33.1431685563516	0.0
13.0	26.871273601080276	20.871821180698618	18.365714073062005	33.891191145159105	0.0
14.0	30.22769374699336	17.991447198811432	20.306125432224764	31.47473362197044	0.0
15.0	29.959237686273678	18.826396122531406	18.831179184115985	32.38318700707893	0.0
16.0	29.416093688562047	16.94412267930584	18.81927544394733	34.82050818818478	0.0
17.0	29.904089541218127	17.984207045474466	20.472407482662543	31.639295930644867	0.0
18.0	30.643358091833946	17.574375084645393	18.469558197524506	33.312708625996166	0.0
19.0	29.352680349414545	18.0288346653214	19.288160794413617	33.33032419085043	0.0
20.0	30.141433554367502	17.58177290995291	19.718672520798272	32.558121014881316	0.0
21.0	29.52949419564421	17.408290116936403	19.503378575637097	33.55883711178229	0.0
22.0	28.828032745558517	18.191564170945615	19.438230572251193	33.54217251124468	0.0
23.0	29.20140086492797	17.660184128837123	20.377543710700166	32.76087129553474	0.0
24.0	29.960660103827614	18.812057160895666	18.464550323499683	32.76273241177704	0.0
25.0	29.567505344515705	17.637432298380464	18.96441056490072	33.830651792203106	0.0
26.0	30.6397502844307	17.72487263604274	19.70965526203427	31.925721817492292	0.0
27.0	29.329002320185616	18.10009943652635	19.34451441829632	33.226383824991714	0.0
28.0	29.392955998854635	17.64181858674557	19.5056897118556	33.459535702544194	0.0
29.0	29.442780266680806	18.09108501444742	19.699122551228694	32.76701216764308	0.0
30.0	29.74013372429042	18.187457912904232	19.18561801089095	32.8867903519144	0.0
31.0	29.482614632077098	18.02616753052216	19.46286305128783	33.02835478611292	0.0
32.0	29.579653233140924	18.02561906554843	19.71755921525371	32.67716848605694	0.0
33.0	30.230189880131537	17.738941338707967	19.499045295428026	32.53182348573247	0.0
34.0	29.345228781397275	17.93413832701697	19.479238217486202	33.24139467409955	0.0
35.0	29.87889622101042	17.95921831568673	19.741029939103313	32.42085552419954	0.0
36.0	29.821908869543073	17.55128674422676	18.856863962143038	33.76994042408713	0.0
37.0	29.043827977641655	18.574297455106898	18.952861247217808	33.42901332003364	0.0
38.0	29.741324418974845	17.727103894725673	19.734691711769077	32.7968799745304	0.0
39.0	28.456354470681877	18.74529052799151	19.965508092332186	32.832846908994426	0.0
40.0	29.77242032588709	17.81685899187803	19.52377288201253	32.88694780022235	0.0
41.0	29.377127830362664	18.21966772013342	20.41576113636424	31.987443313139675	0.0
42.0	29.745352247243197	18.43310022691384	19.04590029060895	32.77564723523401	0.0
43.0	29.584242404938983	18.08508379384114	19.363888756177705	32.96678504504217	0.0
44.0	29.444945848375454	17.920471437672543	20.340836695689106	32.2937460182629	0.0
45.0	29.019472503550713	18.935715518271234	19.280565990150922	32.76424598802713	0.0
46.0	29.731595295616852	17.671967504712345	19.242573074574562	33.35386412509624	0.0
47.0	29.479799481711204	17.80980500446068	19.528495263180254	33.181900250647864	0.0
48.0	30.18656498441309	18.418313427049533	18.952304579418904	32.44281700911847	0.0
49.0	29.157515966698977	18.243596723009308	18.869783437122408	33.72910387316931	0.0
50.0	29.26662151934032	18.348139000650654	19.85871542577912	32.5265240542299	0.0
51.0	29.52432805694253	18.22798257728673	19.29831084670137	32.94937851906937	0.0
52.0	29.29116122914614	18.335197044269556	19.210388616931702	33.16325310965261	0.0
53.0	30.24682175814018	17.86456147434297	19.930617904405707	31.957998863111143	0.0
54.0	30.10270224319126	17.917104997502843	19.39999149903833	32.580201260267565	0.0
55.0	28.86497688506297	17.84393432169616	18.99303894999734	34.29804984324353	0.0
56.0	28.826497400157823	18.249643302184822	20.264155655752734	32.65970364190462	0.0
57.0	28.698824698601488	18.02252816020025	19.084630735340617	34.19401640585764	0.0
58.0	29.341153459794732	17.6338182378672	19.10527406761734	33.91975423472072	0.0
59.0	29.616400639952378	17.534641940267566	20.32380314554664	32.525154274233415	0.0
60.0	29.664397779130308	18.133204340742434	19.713009204011172	32.48938867611608	0.0
61.0	29.847084559341454	17.58381376903469	19.60177661534045	32.96732505628341	0.0
62.0	28.711244843278187	18.03603325819759	20.196008590992218	33.05671330753201	0.0
63.0	28.82739187069676	17.937634580110057	19.737884467129224	33.49708908206396	0.0
64.0	28.84669576822259	17.92563684023033	19.537742520350708	33.68992487119637	0.0
65.0	29.0762285580594	17.888932608765007	20.543054034222028	32.49178479895356	0.0
66.0	29.693519697747195	18.10379437875722	20.145755618716915	32.05693030477867	0.0
67.0	28.898100705421886	17.634217614541317	19.19901512150114	34.26866655853566	0.0
68.0	29.321912653606102	17.881199756410837	20.033879104251376	32.76300848573169	0.0
69.0	29.458916769723807	17.722636667065597	19.626068802276567	33.19237776093403	0.0
70.0	28.452994590108993	17.94865657033124	19.47188399321237	34.126464846347396	0.0
71.0	29.29500888420739	17.706704118654706	20.716428867822145	32.28185812931576	0.0
72.0	29.599174246273602	17.991534960188773	19.81223679765043	32.597053995887194	0.0
73.0	29.711594742723353	17.555472782418985	19.237215984675146	33.49571649018252	0.0
74.0	29.08490036374086	17.951822296490047	20.404345732098335	32.55893160767076	0.0
75.0	30.053599182439484	17.695181928506035	19.163437586493217	33.08778130256126	0.0
76.0	28.91341785089739	18.122656048293724	19.420496618321483	33.543429482487404	0.0
77.0	29.009415754684586	18.044866590176415	20.921769640114256	32.02394801502474	0.0
78.0	29.84475795179536	17.964255192262122	18.47409659564385	33.71689026029866	0.0
79.0	29.36443272891871	17.81292435498043	19.03613174641212	33.78651116968874	0.0
80.0	30.384061309211557	18.025025363544135	19.752409203837683	31.838504123406626	0.0
81.0	29.822061972071022	18.055836644262417	19.663989518645945	32.45811186502061	0.0
82.0	29.574040292406227	17.979520911838723	18.159012529793213	34.28742626596184	0.0
83.0	29.677084304299772	18.141603526106238	19.995472522204615	32.18583964738937	0.0
84.0	30.225112929344583	18.1451355152135	18.96547132020796	32.66428023523395	0.0
85.0	29.468671091743996	17.15765137067303	18.998444475223472	34.37523306235949	0.0
86.0	30.428192799968034	17.172728846742938	20.195250589347786	32.20382776394124	0.0
87.0	29.586030528250618	18.464796611524015	19.751991262420415	32.19718159780495	0.0
88.0	29.197780329327514	17.665189905453538	19.161842550436766	33.975187214782174	0.0
89.0	29.508803806590667	18.087166876693423	20.053869865112205	32.3501594516037	0.0
90.0	29.694214942090806	18.213087717708998	19.600137479384752	32.49255986081545	0.0
91.0	29.47759404426302	18.12939979003576	19.339358703124418	33.053647462576805	0.0
92.0	28.92434695253398	18.421227939746164	20.255596502868535	32.398828604851325	0.0
93.0	29.856207129951873	18.371164679610512	19.288124030677235	32.48450415976038	0.0
94.0	29.63239330771404	17.523545056737326	19.361578518167136	33.4824831173815	0.0
95.0	30.1567080646021	17.928415329673257	20.207345024252437	31.707531581472203	0.0
96.0	29.721431541241568	18.527787550239335	19.347341712774917	32.403439195744184	0.0
97.0	29.692522562383054	18.023785789296927	19.03396218368685	33.24972946463316	0.0
98.0	28.828274104639135	17.559095416306818	20.873716533921886	32.73891394513216	0.0
99.0	29.268611278464075	18.51877522512676	19.200953289863033	33.01166020654614	0.0
100.0	29.35572644599201	18.036296274546963	19.527331644596533	33.080645634864496	0.0
101.0	29.708305047600213	18.41414589558422	20.22167105875058	31.65587799806499	0.0
102.0	30.063806097978762	17.606896625556697	19.12951781431997	33.19977946214457	0.0
103.0	28.80882936401557	17.43702885574273	19.471996740191084	34.282145040050615	0.0
104.0	29.790233449870307	17.744230882834692	19.45388734043296	33.011648326862044	0.0
105.0	30.13341153112532	18.0238736424119	19.128776159717198	32.713938666745584	0.0
106.0	29.078371697446915	17.81282769440618	19.50868415448441	33.600116453662494	0.0
107.0	29.667329235489206	17.669522194255098	20.302423057395025	32.360725512860675	0.0
108.0	29.073045106069866	18.293197569671754	20.307470067250623	32.32628725700775	0.0
109.0	28.57038349617154	18.10159370106048	19.61943003917871	33.708592763589266	0.0
110.0	29.022294359369656	17.722034339936055	21.056145741163952	32.199525559530336	0.0
111.0	29.025970318858864	18.70227243688204	19.598306886361843	32.67345035789725	0.0
112.0	28.73432030835024	17.988913555697806	19.02074281900767	34.25602331694429	0.0
113.0	29.954620000491182	17.569673171224224	20.347867849511953	32.12783897877264	0.0
114.0	29.91562819538388	18.30862692133136	18.569725668604175	33.20601921468058	0.0
115.0	29.186130936887817	17.43605901612395	20.03698782141732	33.34082222557092	0.0
116.0	30.143016416131633	17.724918578403642	20.257912861042307	31.874152144422414	0.0
117.0	29.76672492809072	18.19490510727901	19.44096557988467	32.5974043847456	0.0
118.0	29.172884217029978	17.683126970423306	19.590455359137664	33.55353345340906	0.0
119.0	30.310067232837934	17.835500707714083	19.62164941613588	32.2327826433121	0.0
120.0	29.131271725131214	18.290517802489994	19.474303757149386	33.1039067152294	0.0
121.0	29.113049366305255	17.712371686180266	19.42905033204106	33.74552861547342	0.0
122.0	29.327802583364377	17.871977224579215	20.024410179990326	32.77581001206608	0.0
123.0	28.69121206971957	18.520478799713633	19.1082536401648	33.680055490402	0.0
124.0	28.893201172693004	18.068127879380146	19.126622923356134	33.912048024570716	0.0
125.0	28.673060723011606	18.0078419080297	20.010579019397667	33.30851834956103	0.0
126.0	29.098740144224024	17.875922444513034	19.75616599792362	33.26917141333932	0.0
127.0	29.72688632406264	17.39893612532455	18.924423265718314	33.9497542848945	0.0
128.0	28.880258571090128	17.497264245665097	20.77734908225313	32.84512810099164	0.0
129.0	29.744026145860424	18.09373833783799	18.856514413018648	33.305721103282934	0.0
130.0	29.95092010632088	17.560797293238195	19.240621829784583	33.247660770656346	0.0
131.0	29.54971484401627	18.046340687555386	19.944729726659244	32.4592147417691	0.0
132.0	30.114716766296613	18.256475946484485	18.651010532308568	32.97779675491033	0.0
133.0	29.5149359115171	18.141619428809435	19.375461799384365	32.967982860289105	0.0
134.0	30.180154418072636	17.36802973977695	20.009436659994282	32.44237918215613	0.0
135.0	29.044742658758032	18.05015237216076	20.021099889053573	32.884005080027634	0.0
136.0	28.190264227116273	18.275349441727123	19.52502954547415	34.00935678568245	0.0
137.0	30.394673095556684	17.595625893969455	22.735661883449453	29.27403912702441	0.0
138.0	30.02088057008005	19.89582851325714	19.642774512979503	30.44051640368331	0.0
139.0	30.438377145907186	19.08095124823773	19.402946107923395	31.07772549793169	0.0
140.0	28.69225556321458	21.03565518103897	19.62300150368942	30.64908775205703	0.0
141.0	30.83409138618711	16.93081893032911	20.948207496559608	31.28688218692417	0.0
142.0	26.59952243028622	19.53534863465917	24.223656944781364	29.641471990273242	0.0
143.0	26.43956733122137	18.781705061966818	19.1574036356603	35.62132397115151	0.0
144.0	27.514877235258677	18.97321362975153	18.13832522738293	35.37358390760686	0.0
145.0	26.99486755943602	19.169665506459797	16.64887027314023	37.18659666096396	0.0
146.0	33.152933788331204	14.343096829233613	18.959133134271767	33.54483624816342	0.0
147.0	34.15548026518425	15.863508458205372	21.805334186579906	28.175677090030472	0.0
148.0	31.17928554011217	16.76237503048037	20.567239697634722	31.49109973177274	0.0
149.0	32.613865960430374	16.69947325097525	22.61734725417023	28.06931353442414	0.0
150.0	26.649880293899113	18.642367704119543	25.072236440188227	29.635515561793113	0.0
