# Position (bp)	A	C	G	T	N
0.0	27.30426861009891	23.677251431546072	23.010671525247268	26.007808433107755	0.0
1.0	27.099723580693176	20.054920834132858	15.279038289000793	37.565798685841415	5.186103317550292E-4
2.0	27.8898518210273	20.124994507582123	17.80706492942566	34.17808874196492	0.0
3.0	24.13895280376601	21.534747219166047	15.02848470637949	39.29729994357168	5.153271167705481E-4
4.0	33.56220663304609	14.599788416306325	14.538162097759882	37.29830219492404	0.001540657963661014
5.0	35.691172398231814	14.938051917416232	21.912082952995355	27.45048768730577	0.008205044050830248
6.0	32.11490120163969	17.395262486286885	20.353715263304597	30.131773767481825	0.004347281286999839
7.0	34.86288829616332	17.060041513456174	20.563440618927892	27.513119578133526	5.0999331908752E-4
8.0	23.969017039609707	25.827281708646098	21.712261796848743	28.48991169550737	0.0015277593880814399
9.0	28.669968029178143	18.09823206696323	16.221694885940213	37.01010501791841	0.0
10.0	27.102730118718494	16.94432021466905	24.32509351114002	31.62734794275492	5.082127175150431E-4
11.0	27.891111556829518	18.781783883555782	19.619367762541543	33.70519789474219	0.00253890233096623
12.0	26.96382632169152	20.022123332504556	20.6513190275882	32.357149743501274	0.005581574714451712
13.0	27.4370244196716	20.8436623930974	18.133519890093737	33.585539823278026	2.5347385924089647E-4
14.0	31.140024029321857	18.808267303393002	20.15472044368064	29.895974328167537	0.0010138954369635859
15.0	29.85972756629609	18.749714841908354	18.763655904166605	32.62563431833275	0.0012673692962044823
16.0	30.26528574108152	18.065588895817175	18.72614177299895	32.9389280083545	0.0040555817478543435
17.0	29.946922573874957	18.295489686148667	20.32150624306115	31.432025915167365	0.0040555817478543435
18.0	32.06951267115822	18.040748457611567	18.141884527448685	31.7402501280043	0.007604215777226895
19.0	30.43688754378761	18.631089075783613	19.74916226889521	31.182861111533565	0.0
20.0	29.900283383774635	18.317288438043384	19.93647945087423	31.845948727307754	0.0
21.0	29.731723267379433	17.473220486771197	19.029043034791822	33.76601321105754	0.0
22.0	28.699070764832022	18.60396737284484	19.860437293101963	32.83551067378421	0.0010138954369635859
23.0	29.66784785485073	17.441282780506846	19.9567573596135	32.932084214155	0.0020277908739271717
24.0	30.669830020429995	17.726440872152853	18.66961710238823	32.932591161873475	0.001520843155445379
25.0	29.20297679700293	18.07800911491998	19.29189542682463	33.42661171353398	5.069477184817929E-4
26.0	31.114169695679283	17.622009642145606	20.742526323260282	30.521294338914828	0.0
27.0	28.681327594685158	18.26481934918052	19.78084650130032	33.27275308097476	2.5347385924089647E-4
28.0	30.163642723525925	17.71452760076853	20.12303621127553	31.995498304259883	0.003295160170131654
29.0	29.308168448587896	18.2987848463188	19.156286912130753	33.232704211214696	0.0040555817478543435
30.0	29.825837669859602	18.129763736416933	19.08080006691727	32.9613172562906	0.002281270515592484
31.0	30.673436177169883	18.091119706778468	19.219343293267162	32.013819534921446	0.0022812878630416155
32.0	29.586425761447053	18.54645739546579	19.023248975950036	32.84386786713712	0.0
33.0	29.70553270014119	17.559802184487552	19.350128894397848	33.38377578204806	7.604389253477107E-4
34.0	29.54375505382722	18.356260915633086	19.182617115712684	32.917366914827014	0.0
35.0	30.225444917027446	17.43095765267432	19.659030097365623	32.684567332932616	0.0
36.0	30.875511746711375	17.80269786271237	18.79803570432074	32.52350103237131	2.5365388420192875E-4
37.0	28.95231523644509	19.200493159442203	19.2948631761599	32.55131369659025	0.0010147313625559053
38.0	30.93413103764992	18.188876287325787	19.079950574808883	31.79602720922739	0.0010148909880217491
39.0	29.811123462618077	18.763292674879573	19.323678854050872	32.101905008451475	0.0
40.0	29.740055530011862	18.60280799977646	19.524159111519808	32.13119917898903	0.001778179702840769
41.0	29.54019598370701	17.895336360723928	20.57803497602327	31.985161378903527	0.0012713006422610845
42.0	29.07253950605662	18.302670713742334	19.353706101907946	33.26879384084612	0.0022898374469839024
43.0	29.38162175371786	18.530218871075313	20.16653344669759	31.91908032400454	0.0025456045047017317
44.0	29.40643176562866	19.05871507298638	19.787050902015913	31.747802259369045	0.0
45.0	29.34444772803701	18.458234400953828	19.762868002975615	32.43419510654126	2.5476149229091723E-4
46.0	30.115366678474313	17.60545972105066	19.47497585378223	32.80394290534428	2.548413485184798E-4
47.0	30.186163772116988	18.536589096304002	19.41884681956415	31.857380655588102	0.001019656426767001
48.0	30.621653322453973	17.89943393339793	18.725330205517874	32.75256259880667	0.0010199398235504105
49.0	28.58210535176347	18.190537165945226	20.244414458765583	32.98217779353585	7.652299898734565E-4
50.0	29.5278906425465	18.275159768871102	19.54284664230149	32.65359250260326	5.104436776446087E-4
51.0	30.288454169710775	17.992111703187504	19.45098680345164	32.26844732365007	0.0
52.0	29.449257125026534	18.316491082686884	19.96593184835069	32.267808410127344	5.115338085482415E-4
53.0	31.008260061348754	17.88894749509671	19.57424581491932	31.518816860152498	0.00972976848271942
54.0	30.16068270931037	18.500550985366853	18.95722815919633	32.377437789908	0.004100356218446477
55.0	29.0414093119652	18.360761701516427	17.99858412164242	34.597192867256275	0.002051997619682761
56.0	29.084473239060628	18.0112377720565	20.850456518446837	32.05306240839471	7.700620413317967E-4
57.0	27.912143800183912	19.071042181455777	19.26651220852876	33.750044950400444	2.56859431107732E-4
58.0	30.423393989558456	17.904339846230172	21.77326276338417	29.8990034008272	0.0
59.0	29.03801116915871	20.820958900584195	20.792135265203182	29.342718171757987	0.006176493295931234
60.0	31.425138770364374	18.328000804391152	19.691340677699547	30.555261929868436	2.578176764955359E-4
61.0	29.04085372314993	21.13321461708842	19.4703256770832	30.35560598267846	0.0
62.0	31.033205073393187	16.891186339668597	21.129464806249757	30.946143780688455	0.0
63.0	26.447910596853408	20.27751186214934	24.894645384167152	28.379151752268378	7.80404561724798E-4
64.0	26.08456218191309	20.43325068511027	18.062638653268955	35.418504502153205	0.0010439775544825785
65.0	27.545019924491154	19.38854590487561	18.514329400799074	34.54555927339753	0.006545496436631739
66.0	26.869625549271493	19.59190967769064	17.160397788196708	36.368605849084375	0.009461135756785737
67.0	33.28214829413984	14.12707081740397	17.785218077289407	34.80424360912571	0.001319202041069398
68.0	34.288631867457994	15.723366020913653	23.23164456389009	26.756090927996674	2.666197415921464E-4
69.0	31.777735989949118	16.748834255845072	20.39064352347704	31.08278623072877	0.0
70.0	32.28381843656648	16.181857168454044	22.632569916256173	28.901754478723312	0.0
71.0	25.558896297693405	19.903919763016876	25.565553127045586	28.971630812244126	0.0
