# Position (bp)	A	C	G	T	N
0.0	49.41293532338308	8.17910447761194	22.852404643449418	19.535655058043115	0.01990049751243781
1.0	45.91978786874378	16.26118660921445	15.9562479284057	21.86277759363606	0.0
2.0	46.24273845961647	15.666187769379725	19.92004497470173	18.171028796302082	0.0
3.0	45.92815062954834	13.35913133880097	22.172808132147395	18.539909899503293	0.0
4.0	41.98921832884097	14.60377358490566	20.49056603773585	22.91644204851752	0.0
5.0	39.09952606635071	15.634768579207423	21.221135424019362	24.044569930422508	0.0
6.0	32.91458482036641	18.206043302403046	22.09850107066381	26.780870806566735	0.0
7.0	36.088166636739096	16.78936972526486	21.866582869455918	25.255880768540134	0.0
8.0	34.94580574416937	15.507570326009027	21.82531314579731	27.721310784024293	0.0
9.0	40.391323523515496	15.031474279299145	20.77302433743635	23.804177859749007	0.0
10.0	39.63196715078701	16.84282564063569	21.348186449699643	22.177020758877653	0.0
11.0	38.24282969183688	16.46502028325386	21.01629777240054	24.275852252508717	0.0
12.0	38.98530012249898	16.778957397577244	19.718932897781407	24.516809582142372	0.0
13.0	39.22277451423407	15.786585759473242	21.551223290943128	23.439416435349557	0.0
14.0	37.37537961287156	14.751986257247154	24.53449492315715	23.338139206724133	0.0
15.0	34.253328216784254	17.445464474422174	23.198630339168165	25.10257696962541	0.0
16.0	32.70958935274712	18.336935502218175	23.253896030030713	25.699579115003978	0.0
17.0	34.02298215568201	17.460361306005193	22.504281531407106	26.012375006905696	0.0
18.0	32.93247984572944	17.0313629911348	22.476363928542735	27.559793234593034	0.0
19.0	32.153007744256996	16.208182315976117	23.928971865140415	27.709838074626475	0.0
20.0	32.96802012217032	15.397053539346029	23.040398336841026	28.594528001642626	0.0
21.0	34.56525034102966	16.963067751225182	21.95220532511494	26.519476582630226	0.0
22.0	33.4871308858739	16.872007182761372	23.034716679968074	26.603651237031123	0.0024940143655227454
23.0	31.352696277683346	16.446185302884732	21.841204148498512	30.359914270933412	0.0
24.0	32.789234618280744	14.127134494401128	24.637469940975006	28.446160946343124	0.0
25.0	33.1367552481495	16.192209683290862	24.399951462201187	26.271083606358452	0.0
26.0	32.358939496940856	19.75332621151792	21.8534524618821	26.031853938040207	0.0024278916189181313
27.0	32.93710988983662	16.124138960037797	21.95807325989108	28.980677890234503	0.0
28.0	33.35089964616427	15.90504153178248	22.66807197169314	28.075986850360106	0.0
29.0	32.314016442751154	15.969019450571487	23.27802285943453	28.438941247242834	0.0
30.0	31.862599940775837	15.610502418320008	25.187543184285854	27.3393544566183	0.0
31.0	28.388476476082786	17.76952952165577	26.54490929649476	27.29708470576668	0.0
32.0	31.085652206118368	16.68353867805733	21.848843238438555	30.381965877385742	0.0
33.0	27.31970871505755	17.221308694176912	25.701459034792368	29.75752355597317	0.0
34.0	31.930211782016922	16.59309475011824	23.088443953965	28.388249513899837	0.0
35.0	28.364378120135274	16.960115948252724	23.643244403886413	31.03226152772559	0.0
36.0	28.083804780337275	16.04092791597867	25.425655739923663	30.44961156376039	0.0
37.0	30.55487522790976	17.0272403189376	24.962581979481318	27.455302473671324	0.0
38.0	29.083141636542887	19.90634242523825	22.480556468397413	28.52995946982145	0.0
39.0	29.99670456417861	17.874993134508703	22.774207722304606	29.354094579008073	0.0
40.0	27.31381952483325	19.13345460558955	23.581941458574498	29.9707844110027	0.0
41.0	31.092071263429894	16.083231334149325	24.422684618523054	28.402012783897728	0.0
42.0	27.809917355371898	19.396694214876035	23.997245179063363	28.796143250688704	0.0
43.0	31.010876166289403	20.38315022359631	21.821343786230884	26.7846298238834	0.0
44.0	32.243287247840605	16.753594392471783	22.36112260948754	28.64199575020007	0.0
45.0	31.192230223767346	17.782744254062855	22.649891013437077	28.375134508732717	0.0
46.0	28.84180554392429	20.64037071155403	23.62727856405103	26.89054518047065	0.0
47.0	30.731322688744335	19.698121708766298	21.79324716285095	27.77730843963842	0.0
48.0	30.03613369467028	20.615966576332433	23.763550135501355	25.584349593495936	0.0
49.0	28.31381140979186	18.20454481615685	22.30555321479734	31.176090559253954	0.0
50.0	32.45304496300513	18.349459305634603	22.32214001138304	26.875355719977236	0.0
51.0	30.8563726052541	21.260181255018928	22.444648388206954	25.43879775152002	0.0
52.0	31.77692062295177	17.8359096313912	21.74820915866709	28.63896058698994	0.0
53.0	30.71114091611511	18.62845146805843	23.71052861766335	26.949878998163108	0.0
54.0	30.638569233890838	17.287457607466884	24.215194643322995	27.858778515319283	0.0
55.0	29.560652275926795	20.665180666353823	23.677264195213514	26.096902862505868	0.0
56.0	28.453821186190613	21.118323989377398	24.71230451460608	25.715550309825908	0.0
57.0	29.683720367682632	18.299467827769714	24.101959361393323	27.91485244315433	0.0
58.0	28.8181707018831	18.546710687209586	22.643066764490094	29.992051846417215	0.0
59.0	26.260341461903135	18.740123322901496	25.78935952653921	29.207077123291914	0.0030985653642363587
60.0	28.968674098524012	17.029955782524755	24.70573581615495	29.292520396088932	0.003113906707355048
61.0	28.45153037346729	18.72640479236217	26.05846931452997	26.76359551964057	0.0
62.0	28.639432500544476	19.171774369185776	23.98183006129243	28.203851778102734	0.0031112908745838646
63.0	30.99526957175527	19.38222486764199	23.952883681588926	25.669621879013814	0.0
64.0	26.384324036685765	18.214542836573074	28.12470654521551	27.276426581525655	0.0
65.0	29.37906939812609	17.738605685246945	23.182467841829443	29.69985707479752	0.0
66.0	29.657366932373364	18.841604525584984	25.22177937773207	26.279249164309594	0.0
67.0	30.540945459182044	16.856332281406395	24.277198686685157	28.325523572726404	0.0
68.0	31.333290205718722	18.1427092767499	22.739034803984993	27.78173114245051	0.003234571095872687
69.0	31.78681737530394	17.684169021489122	22.5570086087928	27.97200499441414	0.0
70.0	30.994210421241764	17.9776402475544	22.49950089838291	28.528648432820923	0.0
71.0	28.823687390895664	19.06808110648583	24.2446622801128	27.856855109440044	0.006714113065664025
72.0	32.926499425248494	14.101697207383868	23.098248698356887	29.873554669010748	0.0
73.0	30.646147574398697	17.06753635004756	22.14974860714771	30.133170267699416	0.003397200706617747
74.0	33.509742602838585	19.938829513041686	21.6467919859789	24.90463589814083	0.0
75.0	36.89407851425799	17.81989536052112	20.747721839160114	24.538304286060775	0.0
76.0	34.934238141877714	16.821743388834477	23.660277039317197	24.58374142997062	0.0
77.0	34.92169160155566	16.295855085666233	24.03559791177604	24.743351669528046	0.003503731474019831
78.0	33.63098401899295	18.213387193933595	22.295453740122603	25.86017504695085	0.0
79.0	30.173894375268357	18.541577214827537	25.14670101617289	26.137827393731218	0.0
80.0	29.53547327453851	19.016674402827867	22.20873353090299	29.23911879173064	0.0
81.0	33.37161725647836	18.336802813868353	23.501543320651784	24.786447491206662	0.003589117794846027
82.0	31.24482373699183	21.090346044434842	22.70714054229232	24.954088797666632	0.0036008786143819096
83.0	31.620553359683797	18.714871088225696	22.819741088588316	26.844834463502192	0.0
84.0	36.11658996274381	16.49134341442034	21.60859083936007	25.783475783475783	0.0
85.0	32.62671805686859	18.489564395316705	23.830994109519306	25.0527234382954	0.0
86.0	32.19572668270983	17.290162619412236	25.362794428644353	25.151316269233575	0.0
87.0	31.130807512078174	18.878273820334922	24.91191107559301	25.071742526063424	0.007265065930473319
88.0	30.644628099173556	19.169880624426078	22.857667584940312	27.327823691460058	0.0
89.0	29.537181487259488	18.79132308149469	25.59245226951935	26.079043161726467	0.0
90.0	27.228609825294907	21.14006271464835	22.793788263401524	28.83753919665522	0.0
91.0	34.013268262925116	15.239438767729144	22.262467591886534	28.48101265822785	0.0038127192313558034
92.0	32.01606732976281	16.33511859219587	25.279265493496556	26.365723029839327	0.0038255547054322873
93.0	33.285802373978726	19.02651456759673	20.72992138122399	26.957761677200555	0.0
94.0	35.72155665178921	16.38869313287918	22.692036645525018	25.197713569806595	0.0
95.0	34.29778163732533	15.295650114470671	22.925712481250493	27.4808557669535	0.0
96.0	35.38770527310676	16.094986807387862	23.703382822037568	24.813925097467806	0.0
97.0	32.18790778599391	18.585155601249557	23.460793230258215	25.76614338249832	0.0
98.0	32.10530476717527	19.98972250770812	23.065064431970907	24.835955411494982	0.003952881650723377
99.0	32.99239861503562	17.98861782146695	20.448123532455128	28.570860031042304	0.0
100.0	34.466874949931906	17.34358727869903	20.804293839621884	27.3812384843387	0.0040054474084755265
101.0	34.22044088176352	17.71142284569138	21.69138276553106	26.37675350701403	0.0
102.0	36.75490078652134	17.18768714816146	21.04044396534515	25.016968099972054	0.0
103.0	33.275799783245695	17.910327941235497	23.072291574679888	25.741580700838917	0.0
104.0	32.157476522995424	21.169435749257566	21.54265992455253	25.13042780319448	0.0
105.0	32.72000968405762	18.95654279142961	21.67614897308639	26.643263527417986	0.00403502400839285
106.0	31.48185688222177	18.68234340158119	23.170484492195417	26.66126089600649	0.004054327995134806
107.0	30.432653061224492	19.99591836734694	21.591836734693878	27.979591836734695	0.0
108.0	32.6403920767817	17.235041862364714	22.59750867878293	27.52705738207066	0.0
109.0	32.99488195476308	18.28875681030213	24.37262671289417	24.343734522040613	0.0
110.0	32.52471169686985	18.735584843492585	21.84514003294893	26.894563426688634	0.0
111.0	32.79511871160551	18.661796446953346	22.492943715756265	26.050141125684874	0.0
112.0	33.81261982162207	18.45878136200717	22.526464949570727	25.202133866800036	0.0
113.0	33.65146256817055	17.61692282267394	23.359775243761362	25.37183936539415	0.0
114.0	29.167194293191507	19.028322991853447	22.74281372673167	29.057447976024655	0.004221012198725255
115.0	33.30482746825159	17.163381365715995	23.09402659597212	26.437764570060292	0.0
116.0	33.88306485979715	17.361288672973664	23.72794681667093	25.027699650558255	0.0
117.0	32.834928229665074	18.929425837320572	22.50512645249487	25.730519480519483	0.0
118.0	33.366594360086765	17.29284164859002	21.95661605206074	27.38394793926247	0.0
119.0	34.27124614707178	16.82959048877147	20.691325407309556	28.207837956847204	0.0
120.0	34.527759345277595	16.739659367396595	23.132050431320504	25.60053085600531	0.0
121.0	33.49147777192057	17.69021261641188	21.24846248462485	27.569847127042703	0.0
122.0	34.37184163114646	17.963703475853585	21.958078832886585	25.701981807795406	0.0043942523179680976
123.0	33.17491338722572	16.905036865950077	22.27058719019277	27.649462556631427	0.0
124.0	32.19494682044608	16.173764753399453	24.134990800161557	27.49180989992371	0.004487726069200736
125.0	30.703071672354948	17.538111490329918	21.811149032992034	29.947667804323096	0.0
126.0	30.871988576166565	16.26514348887558	21.470357916071674	31.38790363443733	0.004606384448846101
127.0	31.576718580906228	17.59751564485014	23.446101726815037	27.37495882934174	0.004705218086858326
128.0	34.184506095804934	18.14821925698378	22.54007871748104	25.12719592973025	0.0
129.0	34.885912698412696	17.192460317460316	22.137896825396826	25.78373015873016	0.0
130.0	36.030946200437725	17.48358528019545	22.19677304423067	24.283605639537843	0.005089835598310175
131.0	36.644951140065146	16.8698119155196	22.14458337711464	24.335399810864768	0.005253756435851634
132.0	36.68219237435009	16.150346620450605	22.579072790294628	24.58838821490468	0.0
133.0	32.9938671017836	18.483092331063975	24.244640747200812	24.278399819951613	0.0
134.0	39.13604126370084	16.85715960377469	20.010550378055214	23.996248754469256	0.0
135.0	37.57136718030573	20.658112836883788	22.456872736202346	19.31364724660814	0.0
136.0	34.22205048943843	20.517774343122102	23.36424523441525	21.88948995363215	0.006439979392065946
137.0	35.349562622906355	18.939445310910692	22.309622296060216	23.401369770122738	0.0
138.0	32.03703703703704	20.284900284900285	24.935897435897438	22.742165242165242	0.0
139.0	34.597649858694034	20.1993157816451	23.694779116465863	21.508255243195002	0.0
140.0	29.817191754181255	21.446907817969663	24.98638661999222	23.749513807856864	0.0
141.0	31.540482837904417	20.717687633437347	25.078009525373623	22.663820003284613	0.0
142.0	33.423086945192395	21.167376009728134	21.87092851559107	23.538608529488407	0.0
143.0	33.980671043034285	18.025164113785557	26.276440554339896	21.717724288840262	0.0
144.0	30.216947173849597	19.603074229010602	24.399260628465804	25.780717968673994	0.0
145.0	31.157873335366475	17.7289824133374	19.66046558910237	31.452678662193755	0.0
146.0	27.31243857158458	19.536966255323797	26.526154854209892	26.62444031888173	0.0
147.0	28.667770941788927	20.042593469001417	24.89351632749645	26.396119261713203	0.0
148.0	26.983914209115284	23.9544235924933	22.882037533512065	26.152815013404823	0.026809651474530835
149.0	28.94260812366387	25.176780134846243	16.6255550074001	29.205722742969908	0.049333991119881605
150.0	29.14364640883978	18.888121546961326	17.4378453038674	34.530386740331494	0.0
