# Position (bp)	A	C	G	T	N
0.0	26.95476166379921	23.780993826535777	23.49660965489323	25.76763485477178	0.0
1.0	27.086669688271137	20.165181044467946	15.76773933625422	36.97940272951604	0.0010072014906582062
2.0	27.662564493786512	20.023689546485716	17.589488265644135	34.72425769408364	0.0
3.0	24.825972155544886	21.372419587133944	14.94639142262762	38.85321651464234	0.0020003200512081934
4.0	33.52969272408852	15.352849864671231	14.507045056519663	36.60941729024041	9.950644801783157E-4
5.0	35.484735932627565	15.098218364550023	21.51965360398832	27.892426559675847	0.004965539158241802
6.0	31.573785109228712	17.291326100956063	20.80051518303859	30.333382870163966	9.907366126715212E-4
7.0	34.507139612505675	17.510319356941125	20.03140244504572	27.951138585507472	0.0
8.0	24.841348048876625	25.62770989357509	21.436736302719748	28.09420575482854	0.0
9.0	28.273750935076187	18.748769636599867	16.307728650734283	36.668766486869565	9.842907201070908E-4
10.0	26.798458604486562	16.74989678155044	24.2730472052376	32.17663134301949	0.0019660657059158916
11.0	27.708595223130107	18.958202388434948	19.968769641734756	33.36443274670019	0.0
12.0	27.1212715855573	20.039246467817897	20.57594191522763	32.26354003139718	0.0
13.0	27.24652740337016	21.362963543862058	18.67605109152755	32.714457961240235	0.0
14.0	30.95389803260369	19.02698675658985	20.28957093703744	29.729544273769033	0.0
15.0	29.45114838304922	18.774077813611992	19.22402046797957	32.55075333535922	0.0
16.0	29.698175722702008	18.24865458323939	19.08580278984051	32.96736690421809	0.0
17.0	30.502975111015264	18.504504327879783	19.970984090263006	31.02055620362111	9.802672208444022E-4
18.0	31.874368952976585	18.496662190113025	18.401576269691116	31.227392587219278	0.0
19.0	30.28633605520865	18.82799251075843	19.688667130659816	31.1970043033731	0.0
20.0	30.24418456471234	18.184937213884506	20.15233352611922	31.418544695283934	0.0
21.0	29.408016625332067	17.976140295844647	19.17108603805397	33.44475704076931	0.0
22.0	28.6051777714605	18.92699950006372	20.266044523737172	32.20177820473861	0.0
23.0	30.008920431709683	17.401703704429828	19.77591091331497	32.81052414888298	0.0029408016625332065
24.0	30.871555586052757	17.737935361179456	19.002480076068736	32.38802897669905	0.0
25.0	29.176673561212784	18.3084508837109	19.144618823091175	33.3692764647643	9.802672208444022E-4
26.0	31.345024653720603	17.489927754305825	20.934586768353054	30.22850028917883	0.0019605344416888043
27.0	28.82769843059218	18.629978532147863	19.82100320547381	32.72131983178615	0.0
28.0	29.87168302079147	17.9751600286238	20.229774636565928	31.9233823140188	0.0
29.0	29.6913138521561	18.721143383686393	19.22107966631704	32.36646309784047	0.0
30.0	30.31898208053955	18.204721013214133	18.80072932596165	32.670666196133794	0.00490138415088421
31.0	30.76304748460965	18.365486413363133	18.99580441516684	31.87566168686037	0.0
32.0	29.234388785413195	18.97264974022155	18.942260562689935	32.850700911675325	0.0
33.0	30.028625767111738	17.404858537733077	19.373370193910162	33.19314550124503	0.0
34.0	29.601670571857134	18.619425299751963	19.30471269889511	32.47419142949579	0.0
35.0	30.35151919473359	17.551432860128127	19.26929529378293	32.827752651355354	0.0
36.0	31.44539299381807	17.650868413305858	18.829359238543812	32.07437935433226	0.0
37.0	29.278297905748886	19.1652436750476	19.37231348996055	32.183163555712575	9.813735303931383E-4
38.0	31.070057817085978	18.333611457402846	18.961844649710915	31.63448607580026	0.0
39.0	30.44643909337314	18.76694033075382	19.270731036650037	31.51490749106336	9.82048159641749E-4
40.0	29.416738771336426	19.47612679933926	19.281444190985606	31.82372374734524	0.0019664909934712497
41.0	29.574164328262686	17.902820853640524	20.843794614286416	31.678235612661844	9.845911485255748E-4
42.0	28.931834083943514	19.066155529056992	19.31252648487775	32.689483902121744	0.0
43.0	29.613924362704008	18.50401853951975	20.005916868004537	31.875154085104285	9.861446674227108E-4
44.0	29.097135187944694	19.13986559166313	19.89973651229116	31.863262708101015	0.0
45.0	29.347815354233525	18.819057022957296	19.991113305356702	31.84201431745248	0.0
46.0	29.793140237878845	17.390445331331254	19.86406922985735	32.95234520093255	0.0
47.0	30.28185717391734	19.189413555234914	19.248710295890735	31.28001897495701	0.0
48.0	30.42395001186427	18.10092541327217	19.014474412718503	32.46065016214506	0.0
49.0	28.313664196895804	18.64198874259316	20.44040400043526	32.60394306007577	0.0
50.0	29.396624263723208	18.44280552393209	19.038756620303914	33.12082364005346	9.899519873286145E-4
51.0	30.845327306609573	17.944371753697315	19.06942627175766	32.14087466793545	0.0
52.0	29.70512311358221	18.568308181096107	20.021842732327244	31.704725972994442	0.0
53.0	30.718213365947754	18.428143861428474	19.432429476279967	31.421213296343804	0.0
54.0	30.090504495355297	18.830709798181942	18.89542698407957	32.18236307336937	9.956490138096517E-4
55.0	29.218377742556097	18.321919515137015	18.49536967812036	33.96333622416938	9.968400171456483E-4
56.0	29.428554320273047	18.086465340013174	21.016546575916646	31.468433763797133	0.0
57.0	27.757744058975714	19.526715879691135	19.620613531250935	33.094926530082205	0.0
58.0	30.303878728489003	17.763756537042408	22.124451288409812	29.807913446058777	0.0
59.0	28.472966610232316	21.122809829594974	21.04667354564671	29.357550014526	0.0
60.0	30.99819240811408	18.608154247840933	20.206868849166497	30.186784494878488	0.0
61.0	29.03430429835778	21.017549865581923	19.49213125648177	30.45601457957852	0.0
62.0	31.2023276724286	16.711960639705808	21.101603305618134	30.98309810775588	0.001010274491579362
63.0	25.988448225107348	20.576979687959966	25.040350004567923	28.393206987910226	0.001015094454538995
64.0	25.9601460360195	21.125252401639845	17.74765954843052	35.16694201391014	0.0
65.0	27.8386852189594	19.273960531978116	18.68071067030062	34.2056189676018	0.0010246111600647554
66.0	27.769025628352846	19.012757544867636	17.305573574686726	35.91264325209279	0.0
67.0	33.47996191107063	14.334064751179929	17.775523722778836	34.41044961497061	0.0
68.0	34.82684979690968	15.834764038356852	22.9261756207864	26.412210543947072	0.0
69.0	31.865884217515152	17.109293011501144	20.29084834336382	30.732903557430767	0.0010708701891156754
70.0	32.06926406926407	16.36132756132756	23.098412698412698	28.47099567099567	0.0
71.0	25.55326701433016	20.43326467709657	24.621295119564106	29.392173189009156	0.0
