# Position (bp)	A	C	G	T	N
0.0	26.185895757850325	23.850432249868312	23.992605647723035	25.97106634455833	0.0
1.0	26.767103813692884	20.718290190262596	15.554437519566372	36.96016847647815	0.0
2.0	29.075557173509193	20.060756948568528	17.426210875595284	33.43747500232699	0.0
3.0	23.616560375685353	22.62659277906774	14.97788833351382	38.778958511733094	0.0
4.0	34.19207449372387	13.377012319930998	14.809366191823475	37.62154699452165	0.0
5.0	35.237503835186196	14.983541744049086	23.514237519589823	26.264716901174896	0.0
6.0	31.616864449638904	17.46451415134897	20.977518375098196	29.94110302391393	0.0
7.0	35.30256495703354	17.39442095543568	20.058443039198252	27.244571048332528	0.0
8.0	22.7126654266179	26.910740520596182	22.87267817957423	27.50391587321169	0.0
9.0	27.289657662160945	18.844829418528207	15.523186295164718	38.34232662414613	0.0
10.0	27.00188837745333	16.78312818056221	24.719306790308394	31.495676651676067	0.0
11.0	27.995596278144752	18.985362938563114	19.17605648470206	33.842984298590075	0.0
12.0	26.068300412228098	20.38909600871986	20.51837456415383	33.02422901489821	0.0
13.0	26.41377308602852	21.120495143676365	19.00938154036273	33.45635022993238	0.0
14.0	30.368124124502604	18.7221997033923	20.18924361831491	30.720432553790182	0.0
15.0	29.748219899845502	18.671532336060693	20.09628001390649	31.483967750187315	0.0
16.0	29.398341368016247	18.25654056299923	18.526432744977722	33.8186853240068	0.0
17.0	30.250380906453223	17.970707185607317	19.839672161439186	31.93923974650028	0.0
18.0	31.881910187785678	17.85000002670217	19.223305974290085	31.044783811222064	0.0
19.0	30.267790721209586	18.625043858314015	19.974504768206476	31.132660652269923	0.0
20.0	29.797111572880635	17.758144562343425	20.113823339512216	32.33092052526372	0.0
21.0	29.140264896206	18.903253766207552	19.85685500775164	32.09962632983481	0.0
22.0	30.15000744990539	18.815270116480207	22.727912365614657	28.306810067999745	0.0
23.0	29.54764655085402	20.249497064630468	21.409372568433657	28.79348381608186	0.0
24.0	33.31867384207376	19.37930005068072	17.54924013635196	29.75278597089357	0.0
25.0	29.665069342864943	20.965555802995663	19.40347886549957	29.96589598863983	0.0
26.0	31.627211540464202	16.70794822128836	22.63485530361168	29.02998493463576	0.0
27.0	26.38948746253018	21.1871437596762	24.75014779651024	27.673220981283382	0.0
28.0	26.97657472041493	19.78548010768451	18.87317377184705	34.36477140005351	0.0
29.0	28.369546816113374	20.357387181997183	17.16790644841381	34.10515955347563	0.0
30.0	26.787218954155286	19.1122073165562	15.89199238237065	38.20858134691786	0.0
31.0	34.34639261898041	14.639573161372866	18.356124428053626	32.6579097915931	0.0
32.0	34.47670551084639	15.357922913564655	22.80888063996612	27.35649093562284	0.0
33.0	31.200508904598458	17.229013366274696	21.1695606714321	30.40091705769474	0.0
34.0	33.032865268240315	16.567172278656642	21.834620585672926	28.56534186743012	0.0
35.0	26.86429408079886	20.31061510534746	25.492460280177188	27.33263053367649	0.0
