# Position (bp)	A	C	G	T	N
0.0	25.074418075052456	24.164321616214192	31.772451485921565	18.988808822811784	0.0
1.0	25.410722709305922	19.501195569074614	16.191421181905426	38.89666053971404	0.0
2.0	28.655381071347456	19.181726744751952	17.814152688102265	34.34873949579832	0.0
3.0	23.01489134652697	23.0342937524253	14.90064351312896	39.050171387918766	0.0
4.0	35.17927516259278	13.196408855362943	13.828646954054946	37.795669027989334	0.0
5.0	36.92029712909054	14.591849026299938	23.103392892993373	25.384460951616138	0.0
6.0	32.31774668630339	17.308461932509445	20.83506755458795	29.538723826599217	0.0
7.0	35.264734866166364	17.242576212761374	19.465622967759437	28.027065953312825	0.0
8.0	22.007236807985223	27.525003690213556	22.5749312822395	27.89282821956172	0.0
9.0	28.682040664903486	18.746783786694753	15.934068125880096	36.63710742252167	0.0
10.0	26.69838636345508	16.46698944715201	25.11904856862542	31.715575620767495	0.0
11.0	27.59944047917937	18.032192373141406	19.452912975383473	34.91545417229575	0.0
12.0	26.38630162014879	19.36552447302466	22.268208303709383	31.979965603117165	0.0
13.0	26.06178141016761	22.485504521797637	18.501969010349672	32.950745057685076	0.0
14.0	30.4244417886429	18.666997984483285	20.497134495312245	30.41142573156157	0.0
15.0	29.778328027355265	19.03745627481036	19.696576661557206	31.48763903627717	0.0
16.0	29.609872829743818	18.099143451338872	18.61221100784484	33.67877271107247	0.0
17.0	29.52468292682927	18.433951219512196	19.981268292682927	32.060097560975606	0.0
18.0	30.54188149841744	18.04431172184246	19.410291704578153	32.00351507516195	0.0
19.0	29.537072906174945	18.531804447199193	19.844657937553265	32.0864647090726	0.0
20.0	29.80011809975184	18.433981852776697	19.91447416664415	31.851425880827318	0.0
21.0	29.79994154385749	17.941805371811835	19.880472571762606	32.37778051256807	0.0
22.0	28.78784394880049	19.402161416417567	19.57844715260213	32.23154748217981	0.0
23.0	28.934866953838632	18.66350472000733	20.320853572846975	32.08077475330706	0.0
24.0	29.168870002548896	18.776986901722978	19.726545410276994	32.32759768545114	0.0
25.0	29.49189943392721	18.554523842925228	19.633967400577067	32.31960932257049	0.0
26.0	30.52741324992634	17.973300695813784	20.109471680152307	31.389814374107566	0.0
27.0	29.26562176604512	19.172107550755452	19.96123958078537	31.601031102414055	0.0
28.0	29.332033520181472	18.74280572167751	19.51706942127069	32.40809133687033	0.0
29.0	29.229781244282815	18.598903047794707	19.8817920121867	32.28952369573578	0.0
30.0	29.78236522010917	18.953090756196207	19.24480843004543	32.01973559364919	0.0
31.0	30.087524513165746	18.09766712511075	19.50969961409141	32.3051087476321	0.0
32.0	29.25020669698222	18.77399161400815	20.110139963385105	31.865661725624523	0.0
33.0	29.86034472012114	18.408171795426465	20.109040378671498	31.6224431057809	0.0
34.0	29.15224755438457	18.576445352325756	19.832780930594584	32.43852616269509	0.0
35.0	29.47377977919814	18.432597327135387	19.599796629866358	32.493826263800116	0.0
36.0	29.91479574123365	18.056720865640553	19.728257724800372	32.300225668325425	0.0
37.0	29.18007386721917	19.567966849833347	18.955769750472932	32.29618953247455	0.0
38.0	29.900820154838335	18.132819120667616	19.90132287671823	32.06503784777581	0.0
39.0	29.092065897693438	18.740952292443357	20.56103829257918	31.605943517284025	0.0
40.0	29.632714072175954	18.656132109046908	19.762972453555413	31.94818136522172	0.0
41.0	29.244164714515534	18.70960458355677	20.684570009313877	31.361660692613814	0.0
42.0	29.417609908853937	19.095537166949494	19.8974825492906	31.589370374905968	0.0
43.0	29.069297770167402	18.63199649247574	20.18310933740243	32.115596399954434	0.0
44.0	29.52584247721465	18.434670769769472	20.30631862119585	31.733168131820033	0.0
45.0	28.82964876413292	19.08157358486778	20.11316373273015	31.975613918269154	0.0
46.0	29.579657498702645	18.653280640826047	19.532487059731483	32.23457480073982	0.0
47.0	29.11635837348084	18.761275996748548	19.478974602985787	32.643391026784826	0.0
48.0	30.70455758422339	18.35322101351396	19.187054009712128	31.755167392550522	0.0
49.0	29.678513445118544	18.923733214142516	19.30628315268475	32.09147018805419	0.0
50.0	29.337072754707076	18.88735813160139	19.676244833694152	32.099324279997376	0.0
51.0	30.103390002255427	18.903078818941648	19.39240804238892	31.601123136414007	0.0
52.0	28.942176948385434	18.91110190852265	19.421410800288253	32.72531034280367	0.0
53.0	30.085795685795684	18.29255189255189	20.02832722832723	31.593325193325196	0.0
54.0	29.45134525143293	18.864045983730332	19.91589134070502	31.768717424131715	0.0
55.0	28.849242790528635	18.77204539038391	19.402215004007513	32.97649681507994	0.0
56.0	29.655866175587754	18.60496811772914	19.813736147842874	31.92542955884023	0.0
57.0	28.55530071273086	18.979338266542527	19.558736224700002	32.90662479602661	0.0
58.0	29.770330922083865	18.49392644228741	19.508403674964867	32.22733896066386	0.0
59.0	29.835674882381397	18.306292148694588	19.767068090536288	32.09096487838772	0.0
60.0	29.799553552571297	18.786533793860862	19.82759461013832	31.58631804342952	0.0
61.0	29.9129377495156	18.511619136789815	19.60591165034656	31.969531463348027	0.0
62.0	28.812164311902432	18.900683494311803	19.856794766274874	32.43035742751089	0.0
63.0	28.834965048625875	18.397087982392453	20.064725972761696	32.703220996219976	0.0
64.0	28.913974816335177	18.65154995194579	19.902262620339148	32.53221261137989	0.0
65.0	28.748903591004392	18.44673490216282	20.11686334097423	32.68749816585856	0.0
66.0	29.57852205301601	18.56441621681604	20.530812864313734	31.326248865854218	0.0
67.0	28.77967009985884	18.778428399644483	19.721467036126942	32.72043446436974	0.0
68.0	29.427278468379736	18.597170913350634	19.746016995461552	32.229533622808084	0.0
69.0	29.755816277385893	18.740846796255827	19.76403982687954	31.739297099478737	0.0
70.0	28.751267236882256	18.35615179939435	19.89127189572076	33.00130906800264	0.0
71.0	29.4058322848536	18.449191712465797	20.353209004989996	31.79176699769061	0.0
72.0	29.83053188131313	18.693444865319865	19.945220433501685	31.530802819865322	0.0
73.0	29.709701409043944	18.636432440258773	19.57787912890679	32.07598702179049	0.0
74.0	29.26028514846274	18.69979143501918	19.604121296655723	32.43580211986236	0.0
75.0	29.043846267408103	18.512212325508916	20.315929334186308	32.128012072896674	0.0
76.0	29.223996850567907	18.931405499142688	19.563894754308507	32.280702895980895	0.0
77.0	28.553865915843836	18.637684732259867	20.75748335949968	32.05096599239663	0.0
78.0	29.354108827526122	19.041891250495762	19.464834886185574	32.13916503579254	0.0
79.0	29.34927911420057	18.798784503726694	18.898554315859485	32.95338206621325	0.0
80.0	30.112982153137597	18.62602711048307	19.42318260323442	31.837808133144918	0.0
81.0	30.055216716590277	18.62046791492098	20.037795399591207	31.286519968897537	0.0
82.0	29.989304108867714	18.325846209540735	19.256553290220666	32.428296391370885	0.0
83.0	29.758930781288672	18.636416137282403	19.839947199075983	31.76470588235294	0.0
84.0	29.468375208493285	19.175425591061927	19.4381933229197	31.918005877525086	0.0
85.0	29.450320422406666	18.503522821177416	19.37236369187677	32.67379306453915	0.0
86.0	29.934124022595558	17.888373672244544	20.020105654548903	32.15739665061099	0.0
87.0	29.11136708903023	18.651441545216272	20.188978481160582	32.048212884592914	0.0
88.0	29.194618509674157	18.839905016762735	19.51141908841546	32.45405738514765	0.0
89.0	29.28371517943239	19.303975029650612	19.654742585667584	31.75756720524942	0.0
90.0	29.48089117221711	19.085230394784304	19.53728892979103	31.89658950320756	0.0
91.0	29.782686623695476	18.692467416520685	19.427328864870713	32.09751709491312	0.0
92.0	29.632218463386412	18.66154530000373	19.750740550976715	31.95549568563314	0.0
93.0	29.865399410399036	18.526814588879283	20.088303978104427	31.519482022617257	0.0
94.0	29.746943514787244	18.27880609248002	19.46520046444915	32.50904992828359	0.0
95.0	29.755387303436226	18.6159169550173	20.201103155298227	31.42759258624824	0.0
96.0	29.447890712260506	18.88718962110147	20.185582953862017	31.479336712776014	0.0
97.0	29.639040198579604	19.004343928842307	19.217058539612495	32.139557332965595	0.0
98.0	29.275218949319974	18.075598046404803	20.327351716313625	32.321831287961594	0.0
99.0	29.252243685405112	18.906650193307467	19.825294472864073	32.015811648423345	0.0
100.0	29.592744086786414	18.476634829638776	19.50915881202205	32.421462271552755	0.0
101.0	29.121029285008515	19.130209318785433	20.083250993335717	31.66551040287034	0.0
102.0	29.95943576272738	19.00392261808348	19.453227885096165	31.583413734092975	0.0
103.0	29.414325609052522	18.171585925692586	19.561531736565097	32.8525567286898	0.0
104.0	29.595106424595908	18.54330778668848	19.95910165905009	31.90248412966552	0.0
105.0	30.250496847342763	18.624983915014084	19.60187872635507	31.522640511288085	0.0
106.0	29.219190631006054	18.635245091875774	19.72877337308929	32.41679090402888	0.0
107.0	29.599283570879177	18.46032737633112	19.738272264732114	32.20211678805759	0.0
108.0	29.243392390357247	18.508205053732212	20.647327911704906	31.601074644205635	0.0
109.0	28.680659724883483	18.703032559225967	20.055621858952602	32.56068585693795	0.0
110.0	29.338691328122135	18.052038606921357	20.6759881096554	31.933281955301112	0.0
111.0	29.294613769770848	19.18404090863811	20.241806650605255	31.279538670985787	0.0
112.0	29.237776945247095	18.7404717481537	19.017556093815493	33.00419521278371	0.0
113.0	30.153170091170896	18.212170046406136	19.801692107972606	31.832967754450365	0.0
114.0	29.90818665836207	18.46960254240786	19.52881408079724	32.09339671843283	0.0
115.0	29.517554118596877	18.544060724498802	19.870900077716495	32.067485079187826	0.0
116.0	29.705595617885038	18.427491398506167	20.16751575201903	31.69939723158977	0.0
117.0	29.935601031604325	18.750476888095346	20.009461459811686	31.30446062048864	0.0
118.0	29.27256893158442	18.36359660396613	19.73129438303978	32.632540081409665	0.0
119.0	30.20693434600719	18.785408851634017	19.495515522005586	31.5121412803532	0.0
120.0	29.577240632411684	18.770500393995736	19.688918045004794	31.963340928587787	0.0
121.0	29.67157815830776	18.58948831471027	19.3832134741971	32.35572005278487	0.0
122.0	29.42597926154112	18.469330420466555	20.118033972094633	31.98665634589769	0.0
123.0	28.815086821956687	19.33443746566056	19.949088695555933	31.90138701682682	0.0
124.0	29.18102179327026	18.918134005935663	19.33068642038176	32.57015778041231	0.0
125.0	29.163248071912555	18.638111895108842	19.909228805046045	32.289411227932554	0.0
126.0	29.512191192698978	18.872787904661408	19.957389224065018	31.657631678574592	0.0
127.0	29.683018134085277	18.243878328228565	19.552887030644822	32.52021650704134	0.0
128.0	28.853381160070107	18.161252190926508	20.887783801410347	32.09758284759304	0.0
129.0	29.570902409213577	18.45874314026266	19.822487634016095	32.147866816507666	0.0
130.0	29.502341291798455	18.444589427436473	19.784948012585993	32.26812126817908	0.0
131.0	28.881822338612462	19.41139792991645	20.17500103919857	31.53177869227252	0.0
132.0	30.45638325478608	18.457488217912122	19.240588978829912	31.845539548471884	0.0
133.0	29.792088394062077	18.95453778677463	19.525978407557353	31.727395411605936	0.0
134.0	30.22444356610694	18.200286451360643	19.47741751773321	32.09785246479921	0.0
135.0	28.86004306894027	18.28931539222276	20.338300960274683	32.51234057856229	0.0
136.0	27.684595606633188	19.25808010215527	20.035892391848286	33.02143189936326	0.0
137.0	30.545750156499967	17.764484941225568	23.75756416498574	27.932200737288724	0.0
138.0	29.483487826792015	21.206582955317423	20.525935178489252	28.78399403940131	0.0
139.0	32.36409719738417	18.905182653543342	18.96656024939616	29.764159899676336	0.0
140.0	28.915283114301687	23.04757172140239	18.213198690246955	29.823946474048963	0.0
141.0	33.29338969988819	15.399829831212164	20.524494059683807	30.782286409215843	0.0
142.0	27.082755101127216	20.906787476161913	27.111853237951134	24.89860418475974	0.0
143.0	26.200423639250044	19.10109327708795	18.323072149092233	36.37541093456977	0.0
144.0	28.335108432096806	19.433025901334723	18.04482313218065	34.18704253438782	0.0
145.0	23.99489966134848	21.968017768921754	15.512616025849027	38.524466543880735	0.0
146.0	34.11242317073733	13.289560442093906	15.518012514005635	37.08000387316313	0.0
147.0	36.36346737428143	15.030927164320602	23.245795439230793	25.359810022167178	0.0
148.0	30.710136780963087	17.297170695147088	20.166291924302044	31.826400599587785	0.0
149.0	36.34096223340183	16.41181889038475	20.205956682963695	27.04126219324972	0.0
150.0	18.773737678290935	30.36623499146538	24.00149781406681	26.858529516176876	0.0
