# Position (bp)	A	C	G	T	N
0.0	26.8317530470614	23.999021797940454	23.67692469491373	25.492300460084415	0.0
1.0	26.91356996056213	20.01030131341746	15.354511621800407	37.721490862634006	1.262415859982932E-4
2.0	27.824459124711115	20.118409448600964	17.94710826563874	34.10989735415521	1.2580689396617556E-4
3.0	23.776177288098175	21.822726953450335	15.274391161684578	39.12645373631556	2.5086045134812407E-4
4.0	34.002553020177864	14.112000320065214	14.63823253988	37.245838839663584	0.0013752802133434688
5.0	35.80164926112802	14.843974304881124	22.427804255722855	26.918832684630612	0.007739493637387246
6.0	32.154384513196035	17.575064989444666	20.14747556820589	30.118837841677486	0.004237087475917143
7.0	35.24982232450577	16.91097306427061	20.535428680247588	27.3027802014112	9.957295648288403E-4
8.0	23.4432466708941	26.337175326693774	22.00554540141992	28.212664901090427	0.0013676999017742798
9.0	28.808451327103825	18.15000509325628	16.085869816369478	36.95567376327042	0.0
10.0	26.842439052844657	17.066941031773318	24.690005076085434	31.39962196195046	9.928773461381415E-4
11.0	28.32834384556812	18.584953159995138	19.675034289810284	33.41042856682235	0.001240137804112793
12.0	26.513338348977268	19.770354569668903	21.133874312259778	32.57735102112148	0.0050817479725684764
13.0	27.79785539655843	20.99719849099975	18.471381755760927	32.73331665473569	2.4770194520337566E-4
14.0	31.453936107760256	18.314586424447192	20.404571587100673	29.82591507291107	9.908077808135026E-4
15.0	29.86913906234906	18.640933737252638	19.237400021302367	32.252279477150736	2.4770194520337566E-4
16.0	30.692995732095486	17.59687003822041	18.957496823222552	32.74978883409172	0.0028485723698388203
17.0	30.180995811360106	18.218849622626088	20.29124794717013	31.30618189744644	0.0027247213972371323
18.0	31.554626948485424	18.005330545860776	18.49355107985663	31.938441112578058	0.00805031321910971
19.0	30.385473767125493	18.333783325200454	19.779371877407353	31.5013710302667	0.0
20.0	30.13145542231943	18.036045587065995	19.745684412859692	32.08669072678228	1.2385097260168783E-4
21.0	30.12860684994959	17.350035049825248	19.31158675389078	33.20939979341658	3.7155291780506354E-4
22.0	28.740609000002475	18.96034539559239	19.68227271488763	32.615410528818884	0.0013623606986185662
23.0	30.021723460594334	17.435987624810817	19.934309444132065	32.60698866268197	9.908077808135026E-4
24.0	30.76334308453324	17.964831277820025	18.558944393390323	32.71114733063999	0.0017339136164236297
25.0	29.580194743269317	17.930153005491555	19.236409213521554	33.25287148479977	3.7155291780506354E-4
26.0	31.423344917527636	17.48466105704328	20.298183601635824	30.793686572820654	1.2385097260168783E-4
27.0	28.87573041111092	18.223679810557552	19.873374765612034	33.02696731077429	2.4770194520337566E-4
28.0	30.16080810282603	17.890149141341208	20.101632108116945	31.84233275783915	0.005077889876669201
29.0	29.40581257384614	18.479308218007436	19.366948138643732	32.74520634810545	0.0027247213972371323
30.0	30.019444891690718	18.330587929304816	19.10788818568014	32.54121202363112	8.669696932165815E-4
31.0	30.593568283575156	18.228893801747574	19.312117215028394	31.86368674952471	0.0017339501241632142
32.0	29.17502687652651	18.37239718799697	19.359892791145857	33.092683144330664	0.0
33.0	29.75076203180407	17.97032627718512	19.554336800098095	32.723707890079154	8.670008335593729E-4
34.0	29.780050187894958	17.990849255480164	19.581329904900628	32.647646792161176	1.238595630730053E-4
35.0	30.412909208572085	17.4934107594921	19.354266827668116	32.7391652554245	2.479488431946721E-4
36.0	30.963140063789368	17.47709584773885	18.993581381044734	32.56605870010566	1.2400732139225502E-4
37.0	29.05188421221063	18.96802154306815	19.427709535734973	32.551392398154796	9.92310831444842E-4
38.0	30.78382469724042	18.24746873138773	19.102640460591623	31.865197538217195	8.685725630335518E-4
39.0	30.08687382126863	18.648259730004558	19.508679311813324	31.755690502234234	4.966346792547004E-4
40.0	29.733084422731785	18.555613734193823	19.510669285119963	32.19739887592238	0.0032336820320457886
41.0	29.543602383545466	18.085313183020105	20.463625012772553	31.905714876723053	0.0017445439388313049
42.0	29.156830647455443	18.347399048755047	19.48155652820546	33.01259176818769	0.0016220073963537274
43.0	29.603641096225758	18.274800846325057	20.339279424658834	31.779405923775787	0.002872709014560888
44.0	29.493894633678018	18.88325799547973	19.830564833890033	31.792282536952214	0.0
45.0	29.35405612018282	18.55441795985982	19.8491333739548	32.24189207618652	5.004698160398074E-4
46.0	30.128888955666405	17.49216198890158	19.548450427709998	32.83024821203197	2.504156900454755E-4
47.0	29.809822099724382	18.422575795539963	19.57040841894262	32.195565021297924	0.0016286644951140064
48.0	30.495909828195234	17.763855566669925	18.879094872431263	32.86013693238368	0.001002800319893302
49.0	29.132099233098437	18.119146950581637	19.983091538996078	32.7640316393932	0.0016306379306452057
50.0	29.833857917622264	18.378243274812668	19.407148580859246	32.380624627913576	1.255987922420138E-4
51.0	30.186465957219184	18.09430910681359	19.412220033605408	32.306879039413985	1.2586294783610127E-4
52.0	29.762480048954977	18.25566357333468	19.74046292733088	32.24126727776271	1.2617261675698524E-4
53.0	31.274169847159307	17.829095627233617	19.349661969907356	31.536196914858905	0.010875640840813498
54.0	30.064472473751035	18.42508749654702	19.141659507282295	32.36561265322983	0.003167869189811119
55.0	29.10952078072611	18.36196816715481	18.30293381678023	34.22468854619343	8.886891454238221E-4
56.0	29.28218530034527	18.07539947478524	20.542382796355287	32.0991422340067	8.901945074998888E-4
57.0	28.105187696014077	18.782971430172193	19.70486630614295	33.406337899938755	6.366677320240049E-4
58.0	30.669774760931357	17.731822303041742	21.982838320863976	29.61543709488401	1.2752027891235404E-4
59.0	29.220142995287567	20.46209679582741	21.130191626970593	29.18015949965701	0.00740908225741962
60.0	31.123535505781142	18.763325952969712	19.7662699881291	30.34686855312005	0.0
61.0	29.046149420194368	20.894322412772294	19.61205872418359	30.447341010989916	1.2843185983460546E-4
62.0	30.766651621639046	16.523051131601004	21.563092397962475	31.1469469340383	2.5791475917209366E-4
63.0	26.39595291370756	20.369166909880988	25.26847618121088	27.96484742354963	0.0015565716509388073
64.0	26.264897537270727	20.038401526675763	18.076091334629027	35.61787222172254	0.002737379701938456
65.0	27.633644193706452	19.465632852849232	18.66367597850268	34.2321993349562	0.004847639985430877
66.0	26.877405326861215	19.34567212268944	17.11039627677777	36.65928725986217	0.007239013809405979
67.0	33.248997827027125	14.244544753586464	17.84575463525665	34.65938021999532	0.0013225641344412895
68.0	34.43846861036655	15.477157489471663	23.07147760712675	27.012762472416224	1.3382061881330552E-4
69.0	31.76314014928211	17.177427407232127	20.456873829672862	30.602558613812903	0.0
70.0	33.194752715447635	16.00141579347113	22.084755886235097	28.719075604846147	0.0
71.0	25.893012881652833	20.18626625051493	25.29476383636478	28.625957031467454	0.0
