# Position (bp)	A	C	G	T	N
0.0	31.338690402335256	14.983086377023595	27.1664457229431	26.50394107006419	0.00783642763385598
1.0	27.915029361299897	17.613678104812575	20.721878208968867	33.743537167307984	0.005877157610674225
2.0	29.75457673082972	19.172480781234466	19.398689359233238	31.670830664626227	0.0034224640763502842
3.0	31.250437087816024	18.372488269782796	20.34544168232051	30.030331861465527	0.0013010986151431616
4.0	32.315393592725634	18.167740930169895	19.854532115095257	29.66168409673403	6.492652751829711E-4
5.0	32.27796125893087	18.22634645381053	20.208590805353584	29.286453583767557	6.478981374548294E-4
6.0	27.91659258061909	18.12042350278833	17.97623858401358	35.986098763436516	6.465691424876748E-4
7.0	27.668901537205997	19.8946487296398	19.83932802276052	32.596637855814556	4.8385457911909435E-4
8.0	26.801707608961404	19.54195673714146	20.193730617287127	33.46212247944306	4.8255716693904337E-4
9.0	30.50572271083545	17.64109442232226	19.939644412214864	31.912736280414432	8.021742129868797E-4
10.0	28.925835417776902	20.825551677396952	21.20195177533779	29.04554089110163	0.001120238386728696
11.0	27.125135704706558	20.359537646082128	20.39306469123188	32.12146369499968	7.982629797560509E-4
12.0	28.300005733323992	19.368601769686006	20.483414767768526	31.847659211222023	3.18517999452149E-4
13.0	29.228281364919457	18.68766053974714	21.075364128371437	31.00837626307153	3.177038904429904E-4
14.0	28.978758610196248	19.031346978625475	20.67651655154706	31.312902377095693	4.7548253552647006E-4
15.0	29.217848648922175	18.85041367270519	21.164355834429713	30.766907448638804	4.7439530411901633E-4
16.0	29.52496343870244	19.156700064840102	21.06672219882089	30.251298774033035	3.155236035319712E-4
17.0	28.81077327841518	20.085589181376324	20.329005065128705	30.774475026254596	1.574488251955908E-4
18.0	28.867075703168933	19.47086007621525	20.45339591403322	31.208511226512602	1.5708006999487918E-4
19.0	28.232221429187682	19.01426677856297	21.04392975631181	31.709268307986726	3.137279508074573E-4
20.0	28.3624988637824	19.03266351346692	20.05839374876583	32.54597371497707	4.7015900777643E-4
21.0	28.500887192634345	18.845913510855386	20.547631986544115	32.10494087209548	6.264378706750338E-4
22.0	28.969396397200292	18.948747692871265	19.94048038373089	32.140749333496146	6.261927014109687E-4
23.0	28.591502352633746	18.465866859863773	19.1255744666868	33.816743366542994	3.129542726864464E-4
24.0	28.894286487357263	18.35061833435255	19.280895994394562	33.47404278213704	1.564017585813735E-4
25.0	30.274509067932865	18.40440040288022	19.12179619515918	32.19851234602656	7.819880011761099E-4
26.0	29.096628468279068	18.773678464055664	18.967329585448947	33.16205063710906	3.12845107258945E-4
27.0	29.753833837840542	18.606152903209665	18.97812273284467	32.661421459485155	4.690666199684787E-4
28.0	29.91782971666336	18.270969678118195	18.895257507006434	32.914848953294076	0.0010941449179313158
29.0	29.803426600517362	18.699310181077465	18.82537084015446	32.67126754227016	6.248359805551044E-4
30.0	30.05913313080549	18.498324769655827	19.283432721999276	32.157859205640776	0.0012501718986360625
31.0	30.15566817884801	18.442255203269063	19.350345634006256	32.050793035420064	9.379484566058147E-4
32.0	29.596272271815078	19.067379719294184	19.023895813813805	32.31120085966743	0.0012513354095073335
33.0	29.96983212760994	17.91254604631794	20.270086214049428	31.846126629918324	0.001408982104361739
34.0	30.05012452812456	19.008787456336837	19.767077583371186	31.173070597265077	9.398349023354897E-4
35.0	29.389649869012473	19.003616854825687	19.44071227112458	32.16523711799225	7.838870450123618E-4
36.0	29.51176853514874	18.397659626199008	19.960157175237843	32.12947349432553	9.411690888698912E-4
37.0	29.36866733304983	18.656897928824627	20.731839358765736	31.241183107343655	0.0014122720161438384
38.0	30.129181359450115	18.238467407926095	19.60627003739791	32.02466817598056	0.0014130192453221213
39.0	29.995834675929927	18.541350665272986	19.360583459733892	32.100816560699776	0.0014146383634205954
40.0	29.965048775920323	18.31689634389109	20.008592241489197	31.707574233976494	0.001888404722900212
41.0	30.38244429184333	18.365579068727204	19.752219191200098	31.498497439031304	0.0012600091980671459
42.0	30.208417092755774	18.425811618949417	19.7787332264366	31.58546141390635	0.0015766479518554781
43.0	30.534211489206005	18.30847748463858	19.754091121288972	31.401485042330645	0.0017348625358012543
44.0	31.17329436973968	17.971957573443323	18.926271076790048	31.92689908071586	0.001577899311089161
45.0	30.615313184019104	18.2768325000079	19.59630831040767	31.5088612552629	0.0026847503024292254
46.0	29.915767182388546	18.593011678809045	19.830112047031307	31.659212668110055	0.0018964236610458775
47.0	29.760172809675318	19.052709481128197	19.712922140765247	31.47213981643716	0.0020557519940794344
48.0	29.702437309807824	18.654745581841613	19.73042979870107	31.911437338306964	9.49971342531167E-4
49.0	30.076937945807547	18.997620247228113	19.866816233019307	31.057991818213505	6.33755731528397E-4
50.0	28.98679434093025	19.34715484416307	19.7612292506855	31.903870033604893	9.515306162905213E-4
51.0	29.666296820113303	18.315182280381784	20.148383072139126	31.869502897660446	6.34929705344997E-4
52.0	29.024872697229924	18.95822244818519	20.543846966579547	31.47226348694402	7.944010613198178E-4
53.0	29.87076175514695	19.254558637401498	19.54187840665526	31.332483193304032	3.180074922565176E-4
54.0	28.658305613471057	19.10012573411214	20.336458117808085	31.90511053460871	0.0
55.0	29.071182380561023	19.47337907659767	19.99022062524289	31.464580824780363	6.370928180526621E-4
56.0	29.757268009597677	18.637512256171927	19.492375266048608	32.11252560842428	3.1885975750715445E-4
57.0	29.37292254762881	18.298814844838343	20.48753009962197	31.839296343045532	0.0014361648653435865
58.0	29.103978148535646	18.803121181384725	20.47073293453346	31.620570406280702	0.0015973292654681373
59.0	28.7634155037099	18.669393066864483	20.11290366417315	32.45284889102766	0.0014388742248065112
60.0	29.361946653349214	18.5255080480965	20.540093222183806	31.571171551867643	0.0012805245028363616
61.0	29.08203422434176	18.639522301927624	21.149200496934238	31.127800264497257	0.00144271229912235
62.0	29.084196328188778	18.871640575005575	19.920385817641183	32.12201306480922	0.0017642143552518256
63.0	29.098188285983056	18.357449923428355	20.037210287890122	32.506027809794105	0.0011236929043608916
64.0	28.427442998443333	18.94461374848791	20.663214899041417	31.963443178367925	0.0012851756594155985
65.0	28.97460351668358	19.482806592052803	19.666955622496097	31.874990953377324	6.433153901949085E-4
66.0	29.164889327433375	18.70528147419625	20.06995607222248	32.05874636014339	0.0011267660045038447
67.0	29.21983256467298	19.770384534220824	20.143626455232717	30.86486773833438	0.0012887075391001923
68.0	29.59145179543894	18.704839962985297	19.6930810228698	32.00949872157396	0.001128497132005146
69.0	29.562096821061196	18.972575760510903	19.86449313263982	31.599865687736905	9.685980511807211E-4
70.0	29.954010878382526	18.89868496320547	20.58813073450089	30.55868864750615	4.8477640496281764E-4
71.0	30.028910197194403	19.412218643275345	19.63644658570086	30.922262793207157	1.6178062224062926E-4
72.0	30.061390436698197	18.554490086821303	20.039847090838407	31.343786445509913	4.85940132175716E-4
73.0	29.662908589504422	18.650498823911104	20.64709222159137	31.03933814583502	1.6221915808256956E-4
74.0	29.731543515104637	19.648135299078497	18.87222602277842	31.74793266894917	1.6249408927750255E-4
75.0	29.777787907846044	18.466282339112354	20.10214364907128	31.653460494633144	3.256093371733528E-4
76.0	30.376146818912687	19.23345368205108	19.429958024715518	30.959952251890844	4.892224298699647E-4
77.0	29.950621154524438	18.436891745372368	19.446022912829356	32.165811027942155	6.531593316873718E-4
78.0	29.79417522769386	18.01613336214291	20.11759544808711	32.071768580539135	3.273815369908399E-4
79.0	29.86948623229908	18.446044298863892	20.291584134856024	31.392228908643645	6.564253373615969E-4
80.0	29.373483870437223	18.51458362456726	20.244389806675493	31.86688485227245	6.578460475787154E-4
81.0	29.44189390641284	18.369810424664582	20.658533528581415	31.52877270748407	9.894328570863183E-4
82.0	29.32150389062614	18.920607426897877	20.814519274631266	30.94221246719247	0.0011569406522500844
83.0	29.950634463108372	18.39644833184243	20.120763343604015	31.53066295596859	0.001490905476592784
84.0	29.376867909419996	18.451414834959458	20.731364929902004	31.43952168228553	8.306434330160829E-4
85.0	30.09749004362317	18.252941107885317	20.568517028694018	31.080218998649162	8.328211483271122E-4
86.0	29.927531391931605	18.130176329147744	19.98363612075875	31.957320331285068	0.001335826876836762
87.0	30.544126438687186	17.52431094566104	19.825038222650917	32.105854554649596	6.698383512598823E-4
88.0	29.857085278608135	18.01464414066436	20.599032680616666	31.52839821314614	8.396869646995599E-4
89.0	29.5067003268904	18.384174530168735	19.309942958383367	32.79800329079772	0.0011788937597785026
90.0	30.076735157271596	17.849286880011352	19.85349025014107	32.21795352640453	0.0025341861714528995
91.0	30.01288353958298	18.773520935751822	19.22274961857942	31.989320223766743	0.001525682319037125
92.0	29.68724230857512	17.93693839209052	19.35340173933742	33.019187119041746	0.003230440955190383
93.0	29.685620030480575	17.936775851740858	19.648193437290402	32.72838669709035	0.0010239833978158434
94.0	30.084833543063084	18.047202033950537	19.904979583451038	31.961272759957883	0.00171207957745876
95.0	29.45975441038729	18.42901704003506	19.83759119383362	32.27157502169747	0.002062334046557191
96.0	29.32379983094996	18.396957099239273	19.867519966879993	32.410860602715154	8.62500215625054E-4
97.0	30.194419734797222	18.44426138153272	19.75348809841093	31.605927084811587	0.001903700447542669
98.0	29.509859605059987	18.47662023889546	19.736058207537173	32.275898723887636	0.0015632246197456112
99.0	29.167313329508577	18.144690883536168	20.181984002287876	32.50461673673876	0.0013950479286153974
100.0	29.181908239025194	18.857135856229238	20.107674051463718	31.852056693398488	0.001225159883364779
101.0	29.428531787359518	18.784038440936225	19.65408777417355	32.13281512066358	5.268768671198979E-4
102.0	28.893629023728096	19.010330359976024	19.425483905087614	32.66967528117618	8.814300320840532E-4
103.0	29.88952612849511	18.749236875587275	19.647467488688065	31.713415594458432	3.539127711193022E-4
104.0	29.460893413169398	19.264387987644476	19.138807823271232	32.1341345359662	0.0017762399487021904
105.0	29.552211653875855	18.940624838368507	19.647077078380352	31.85937302140759	7.134079676968872E-4
106.0	30.341627083807044	18.941584472179798	18.88912562015136	31.827304742960578	3.5808090121801215E-4
107.0	30.250791025456635	18.52006328203653	19.11351215302747	32.11509420394075	5.393355386164245E-4
108.0	28.85161043291052	19.05662387952412	19.5874445293324	32.5035987075357	7.224506972552292E-4
109.0	29.926295095286804	18.41026645483761	19.4917190798494	32.171175288544546	5.440814816426908E-4
110.0	29.060875331081792	18.623100492205232	19.17541961315802	33.139875910361084	7.286531938691121E-4
111.0	29.309628903356096	18.053805080513722	19.792125880547378	32.84389136546809	5.487701147112463E-4
112.0	29.028670382516875	18.299888230363102	20.152543494565936	32.51853022927482	3.676632792623204E-4
113.0	29.166289724336693	18.464881590875105	19.34424958320948	33.02420985194936	3.692496293656845E-4
114.0	28.44785367120543	17.747375060290135	20.554298222832337	33.250473045672095	0.0
115.0	29.24620249979967	18.31093005443503	20.597536726406673	31.845330719358632	0.0
116.0	28.276274049355248	18.818889675396903	20.763624378752297	32.14027557742797	9.363190675760198E-4
117.0	28.282634351830417	18.32090093040678	20.885684008033532	32.5104042554393	3.7645428997897505E-4
118.0	28.711743718383826	18.350907859539998	21.49218888926724	31.44478117917693	3.7835363200569046E-4
119.0	28.999906787576496	18.778688976774887	20.206170662435962	32.015233573212655	0.0
120.0	29.287518234080668	18.55832707208938	20.567278261152182	31.586685249656348	1.9118302141823387E-4
121.0	29.944027340491374	18.426191821687098	20.18168048683912	31.447908137179148	1.9221380325763955E-4
122.0	30.13468534117838	18.296756186286373	19.73291015436239	31.83410198819377	0.001546329979085887
123.0	30.297088578568736	18.193177534133707	19.622848303711276	31.886108271763757	7.773118225241647E-4
124.0	29.939135465611734	18.22496032273449	19.80208276325768	32.03343053937627	3.9090901983472365E-4
125.0	30.166325395671294	18.403284061923983	19.30801246654431	32.121788548229254	5.895276311600724E-4
126.0	29.794881928663173	18.305503408754078	19.45815630866515	32.4414583539176	0.0
127.0	29.377011507962543	19.16754631313824	19.963502126060796	31.490946102023088	9.939508153378538E-4
128.0	29.554785411887984	18.966065461322945	19.621998556147275	31.85615067263139	9.998980104029389E-4
129.0	28.839477449881358	19.15265732956844	19.92690255619668	32.079755107462496	0.0012075568910240283
130.0	28.977155334810668	18.984487990244734	20.55412188412784	31.483829671732007	4.051190847549637E-4
131.0	28.822144538774346	19.179159999592333	19.77292879055025	32.22535900284348	4.076682395866244E-4
132.0	28.204954622290057	19.163671573695698	20.710657607536145	31.920511053123924	2.0514335417589813E-4
133.0	28.498994179874508	18.85964368770421	20.725264466667493	31.91547806403377	6.196017200143747E-4
134.0	27.961725552831172	19.190671383382934	20.308499863780902	32.53847929573686	6.239042681290983E-4
135.0	28.593413357956294	17.875515857312454	20.781276499519475	32.7483286327766	0.001465652435181521
136.0	28.598767865008927	18.923157013958996	21.011842912273085	31.465810677800704	4.21530958287404E-4
137.0	29.139353915953475	19.142091380382354	20.333843336396182	31.384286954178243	4.24413089748514E-4
138.0	29.665312125247695	18.774328839334	20.80421710569912	30.75528687990184	8.550498173399828E-4
139.0	29.093492041284158	19.395804858099165	21.688819053563936	29.820592571865213	0.0012914751875329595
140.0	28.97697954652872	19.42104144895738	20.214551146686553	31.386343828185638	0.0010840296417065228
141.0	29.603250008190546	18.38111151153775	19.48192073736745	32.532625670259584	0.0010920726446723237
142.0	30.49899892191591	18.620712415568413	21.432311720314186	29.447756925040153	2.2001716133858442E-4
143.0	30.411674224592293	18.900798347451804	20.008998585936496	30.67764228182862	8.865601907877531E-4
144.0	30.971261107115254	18.303230389156685	19.146678698909504	31.578159692284324	6.70112534231582E-4
145.0	27.78169911352756	19.214870907873166	19.863432278782167	33.13864465106	0.0013530487571119625
146.0	27.904937236960812	19.590265660992575	19.9607530648788	32.54175425098804	0.002289786179766533
147.0	27.77858366166603	19.41616051959234	19.88034963922398	32.922098584036014	0.002807595481643005
148.0	29.07173364819755	19.40715149924928	19.5480629534069	31.967949932702634	0.005101966443637847
149.0	29.54367134293695	21.667765119417506	15.888072895416835	32.89212147841279	0.008369163815920242
150.0	25.39470823830245	25.95070798775253	12.212097876589425	36.43290604746447	0.00957984989112132
