# Position (bp)	A	C	G	T	N
0.0	26.3270075673268	23.95934287573284	23.823707176648085	25.889942380292275	0.0
1.0	26.81282672697734	20.49315840815389	15.522001296894212	37.17201356797456	0.0
2.0	29.086694777851314	19.636693284625263	17.779945822731083	33.49666611479234	0.0
3.0	23.48568824446942	22.65736711692126	15.053211572691477	38.80373306591785	0.0
4.0	34.34484546238012	13.082453450501843	14.860219426800317	37.712481660317714	0.0
5.0	35.237951252823194	14.849829322426404	23.354310244973973	26.557909179776434	0.0
6.0	31.61628075249275	17.336837292069376	21.049311286125633	29.997570669312246	0.0
7.0	35.31165589012272	17.180485238858505	20.046146278171843	27.461712592846926	0.0
8.0	22.6607581382578	26.952901248120227	22.946514006755905	27.439826606866063	0.0
9.0	27.863831475431844	18.592509627907976	15.478137949666909	38.06552094699327	0.0
10.0	26.9493246570737	16.447036464171084	25.0761401209328	31.52749875782242	0.0
11.0	28.207129191420805	18.463202105456613	19.422361287418706	33.907307415703876	0.0
12.0	26.206054013127737	19.88715305003431	20.986858504005507	32.91993443283244	0.0
13.0	26.575474599875754	20.95831455623034	18.969496080331336	33.496714763562565	0.0
14.0	30.719794450561334	18.39578336422958	20.464483625540822	30.419938559668267	0.0
15.0	29.621891048232808	18.703191364678577	20.11454170387697	31.560375883211645	0.0
16.0	30.08607754159438	17.858056656503646	18.59621002402919	33.45965577787279	0.0
17.0	30.549603741224285	17.82205689200841	19.695007574119348	31.933331792647962	0.0
18.0	31.84018910812475	17.918198410562937	19.02566231588122	31.215950165431096	0.0
19.0	30.18737760492755	18.48683511860251	20.021839215174868	31.303948061295067	0.0
20.0	29.723177355446573	18.049239204059926	20.027988200551015	32.19959523994249	0.0
21.0	29.365504494674454	18.614863321948768	20.191947387795462	31.827684795581312	0.0
22.0	29.925007139425976	18.959123966296406	22.77606193115007	28.339806963127543	0.0
23.0	29.828865620871444	20.366773909373585	21.205594558739456	28.598765911015516	0.0
24.0	33.073727847833105	19.524046522095354	17.82583982484608	29.576385805225453	0.0
25.0	29.606621755688018	21.069670342852017	19.605358943926205	29.718348957533756	0.0
26.0	32.17484798112441	16.744113618943388	22.207659077140466	28.87337932279174	0.0
27.0	26.469346138629767	21.1699937217071	24.940257173403587	27.420402966259537	0.0
28.0	26.7908128931155	19.76640183385579	18.729781943497564	34.71300332953115	0.0
29.0	28.104233418236102	20.26114066842635	17.391944306424715	34.24268160691283	0.0
30.0	26.748844613783497	19.064354902012663	15.971767454269637	38.215033029934204	0.0
31.0	34.63675285178043	14.406431153082538	18.306194393150914	32.65062160198612	0.0
32.0	34.6514564402853	15.546870334587954	22.555868711642265	27.24580451348448	0.0
33.0	31.53834051889713	17.361638353737625	21.113595741988547	29.986425385376698	0.0
34.0	33.464208014304816	16.55483322047111	21.908718853249027	28.07223991197505	0.0
35.0	26.672957243004834	20.174034928359863	25.80783333365961	27.345174494975694	0.0
