# Position (bp)	A	C	G	T	N
0.0	25.620717339660125	24.49688143379469	24.704202953933066	25.17819827261211	0.0
1.0	26.99392024884754	21.597440342988282	15.635365111660974	35.7732742965032	0.0
2.0	28.911437733983337	21.092483146000973	17.230532059557266	32.76554706045843	0.0
3.0	23.556987791295594	22.36045918937822	15.418794007126735	38.66375901219945	0.0
4.0	33.6416035810136	14.120828366414425	15.230385360941433	37.00718269163054	0.0
5.0	35.08286966243045	15.256421788463268	24.05898150884723	25.601727040259053	0.0
6.0	31.687071260040927	17.71739250549766	21.512315355755383	29.083220878706022	0.0
7.0	35.195912622304846	17.82077966200135	20.702539243045653	26.28076847264815	0.0
8.0	22.90129597586759	26.64978069741486	23.29217806645201	27.156745260265534	0.0
9.0	26.86814526833503	19.081624969578787	15.69968536690105	38.35054439518513	0.0
10.0	26.249132979320773	17.094859450775967	24.567183533918467	32.0888240359848	0.0
11.0	27.648804391654092	19.608814660982386	19.42976959029852	33.31261135706501	0.0
12.0	25.668283734653507	21.114725821013007	20.09195623251342	33.12503421182006	0.0
13.0	27.17483737017819	21.937300045564363	18.944751990324832	31.943110593932616	0.0
14.0	30.614496971242026	18.956008160980716	19.460762608131837	30.96873225964542	0.0
15.0	29.854294267653746	18.73152722335712	20.853366790030528	30.560811718958604	0.0
16.0	28.270412281664342	18.829594682770015	18.890013078231156	34.00997995733449	0.0
17.0	29.312558931064693	18.18706779067326	20.207524724384438	32.29284855387761	0.0
18.0	32.197787879776904	17.606526934243146	19.597224403069593	30.598460782910358	0.0
19.0	30.726801687603228	18.845733667180735	20.273828195371145	30.153636449844896	0.0
20.0	30.06569440421834	17.536985386766393	20.363440677282245	32.03387953173302	0.0
21.0	29.645772421302535	19.18316179665959	19.840594120218473	31.330471661819402	0.0
22.0	30.546805753188156	18.86164136041359	22.762572667190756	27.8289802192075	0.0
23.0	29.623799759405777	20.39926511083088	21.905330464980075	28.071604664783273	0.0
24.0	33.47312743450026	19.955108952279232	17.50676333952594	29.065000273694558	0.0
25.0	29.35688974015464	21.137443754482874	20.364674230230836	29.14099227513165	0.0
26.0	31.143742584226608	17.282744984258066	22.96765084489382	28.6058615866215	0.0
27.0	26.31762086698727	20.89628415303355	24.81520477364432	27.970890206334857	0.0
28.0	27.422910007943567	20.113903195390417	19.554846719481578	32.908340077184434	0.0
29.0	27.80181635531876	21.250416645357898	17.187067533683063	33.76069946564028	0.0
30.0	26.92653186803001	19.66583978383472	16.255057523496646	37.15257082463862	0.0
31.0	34.16138749089849	15.495894567724259	18.64877560501447	31.69394233636278	0.0
32.0	34.00016648284186	15.564402846856595	23.662414417414105	26.773016252887437	0.0
33.0	31.16661798156856	17.99530408501367	20.856775120192435	29.981302813225337	0.0
34.0	32.95903576403968	17.3466872719274	21.88146146947846	27.81281549455446	0.0
35.0	26.8469298380823	21.900832890563656	24.98472217940604	26.267515091948002	0.0
