# Position (bp)	A	C	G	T	N
0.0	58.024046001045484	12.702561421850497	11.360864262066563	17.912528315037463	0.0
1.0	14.146341463414632	50.90592334494774	20.522648083623693	14.425087108013937	0.0
2.0	19.562955254942768	53.017689906347556	13.51023239680888	13.909122441900799	0.0
3.0	57.06126687435099	15.697473174108689	10.730356524749048	16.510903426791277	0.0
4.0	61.89240615810413	12.956235945338177	8.92579138557343	16.22556651098426	0.0
5.0	24.71035794570292	46.809614386996365	15.113263012277365	13.366764655023344	0.0
6.0	16.513920110669204	56.735258516341005	7.193498184333391	19.557323188656405	0.0
7.0	60.38355217691777	16.015894955079474	7.722874913614374	15.877677954388389	0.0
8.0	64.4448281816612	13.400103609048525	8.375064755655327	13.78000345363495	0.0
9.0	21.111686518211634	44.70913171068531	15.346107370964956	18.8330744001381	0.0
10.0	13.878819264629724	11.306749525289142	13.102019678922838	61.712411531158295	0.0
11.0	14.749008107641885	21.097119199585993	12.161462825599449	51.992409867172675	0.0
12.0	20.537560303239143	10.733976567884218	12.784286698828396	55.944176430048245	0.0
13.0	21.86262695816836	44.05233258736443	12.859356171458083	21.225684283009123	0.0
14.0	16.13347093223254	20.588235294117645	47.368421052631575	15.909872721018232	0.0
15.0	56.017167381974254	15.36480686695279	12.223175965665236	16.394849785407725	0.0
16.0	22.761578044596913	9.433962264150944	9.34819897084048	58.45626072041167	0.0
17.0	22.759211653813196	44.67866323907455	14.207369323050557	18.354755784061698	0.0
18.0	19.023972602739725	18.167808219178085	10.873287671232877	51.93493150684931	0.0
19.0	13.721129170230967	49.204448246364414	8.571428571428571	28.502994011976046	0.0
20.0	14.32723542485895	11.164301590015386	14.532398700632587	59.97606428449308	0.0
21.0	14.897610921501705	13.10580204778157	13.72013651877133	58.276450511945384	0.0
22.0	13.720811317538775	18.11828873359468	44.2645304244077	23.896369524458837	0.0
23.0	18.987557525140616	13.68672234532129	14.555991136867224	52.76972899267087	0.0
24.0	57.873210633946826	11.11111111111111	11.74164962508521	19.27402862985685	0.0
25.0	18.80108991825613	8.889645776566757	46.21934604904632	26.08991825613079	0.0
26.0	50.49370105549881	16.853932584269664	14.998297582567247	17.654068777664282	0.0
27.0	16.527659574468085	15.114893617021277	9.446808510638299	58.91063829787234	0.0
28.0	19.74132062627638	49.09802586793737	10.023825731790334	21.136827773995915	0.0
29.0	19.99659632402995	8.168822328114365	13.801906058543226	58.03267528931245	0.0
30.0	16.1400512382579	15.183603757472246	45.19214346712212	23.484201537147737	0.0
31.0	19.27503865315238	12.918742484109261	12.472083834392716	55.33413502834564	0.0
32.0	22.104532036811946	8.682062858135092	9.532905018232332	59.68050008682063	0.0
33.0	23.870402802101577	51.55866900175131	10.332749562171628	14.238178633975481	0.0
34.0	20.07735583684951	12.710970464135022	13.466947960618846	53.744725738396625	0.0
35.0	20.687212185618137	50.832447750619906	13.567127169677647	14.913212894084307	0.0
36.0	16.086718892330115	10.657678994352342	11.696119511750775	61.55948260156677	0.0
37.0	53.66477791994151	15.207457503198684	10.674465362822152	20.453299214037653	0.0
38.0	54.7484984984985	13.85135135135135	8.971471471471473	22.42867867867868	0.0
39.0	59.64615095049878	12.177677395068699	12.215320910973086	15.96085074345944	0.0
40.0	15.717798373368641	49.59334216001513	12.010592018157745	22.678267448458485	0.0
41.0	19.155470249520153	8.90595009596929	50.537428023032625	21.401151631477926	0.0
42.0	56.217566788391316	16.240630405535267	13.626753795886989	13.915049010186431	0.0
43.0	53.31412103746398	12.39193083573487	9.971181556195965	24.322766570605186	0.0
44.0	19.382835101253615	56.509161041465774	9.161041465766633	14.946962391513981	0.0
45.0	20.096914052537617	15.225707727620504	15.812292782453454	48.86508543738842	0.0
46.0	40.56311881188119	10.612623762376238	15.872524752475247	32.95173267326732	0.0
47.0	40.493186242699544	15.120051914341337	17.488643737832575	26.89811810512654	0.0
48.0	30.4885993485342	22.41042345276873	16.579804560260587	30.521172638436482	0.0
49.0	23.839522546419097	31.830238726790448	17.805039787798407	26.525198938992045	0.0
50.0	31.445702864756832	16.722185209860093	25.616255829447038	26.21585609593604	0.0
51.0	32.83333333333333	18.9	14.933333333333335	33.33333333333333	0.0
52.0	34.805890227576974	18.20615796519411	17.16867469879518	29.819277108433734	0.0
53.0	30.673818303721085	28.6959436808582	20.1475025142474	20.482735501173316	0.0
54.0	27.4546128195628	21.896998888477214	17.302704705446462	33.34568358651352	0.0
55.0	32.170686456400745	23.302411873840445	15.695732838589983	28.83116883116883	0.0
56.0	22.27593901078468	15.433246560059501	23.019709929341765	39.27110449981406	0.0
57.0	33.410226835832376	13.956170703575548	17.262591311034218	35.371011149557866	0.0
58.0	31.382560879811468	19.795758051846033	15.946582875098192	32.875098193244305	0.0
59.0	27.187244480784955	17.947669664758788	20.07358953393295	34.7914963205233	0.0
60.0	30.587748344370862	22.764900662251655	16.100993377483444	30.54635761589404	0.0
61.0	25.393449595916636	17.22671203743088	19.60867715865589	37.7711612079966	0.0
62.0	25.703324808184142	21.483375959079286	23.785166240409207	29.028132992327365	0.0
63.0	31.16651825467498	17.008014247551202	18.61086375779163	33.21460373998219	0.0
64.0	25.832952989502513	21.816522136010956	23.68781378366043	28.66271109082611	0.0
65.0	26.267702147099133	14.801279122887163	22.019186843307445	36.91183188670626	0.0
66.0	25.494707777266452	17.211228716060745	27.61159687068569	29.682466635987115	0.0
67.0	29.02033271719039	13.724584103512013	14.556377079482441	42.69870609981516	0.0
68.0	23.091161499305876	22.119389171679778	22.211938917167977	32.57751041184637	0.0
69.0	27.133580705009276	24.907235621521338	20.0834879406308	27.87569573283859	0.0
70.0	29.512761020881673	20.185614849187935	13.921113689095128	36.380510440835266	0.0
71.0	29.624413145539908	18.826291079812208	19.342723004694836	32.20657276995305	0.0
72.0	26.037735849056602	21.32075471698113	17.735849056603772	34.90566037735849	0.0
73.0	25.414888572783312	16.4058795637743	19.677572309151255	38.50165955429114	0.0
74.0	30.14354066985646	16.315789473684212	20.909090909090907	32.631578947368425	0.0
75.0	25.227381522259456	28.00382958353279	23.073240785064623	23.69554810914313	0.0
76.0	27.74480712166172	17.50741839762611	19.584569732937684	35.16320474777448	0.0
77.0	31.955484896661368	20.243773184949656	15.580286168521463	32.22045574986752	0.0
78.0	25.968992248062015	23.034330011074196	22.148394241417495	28.848283499446293	0.0
79.0	35.761957730812014	17.07452725250278	17.741935483870968	29.421579532814242	0.0
80.0	28.930817610062892	14.922813036020582	28.30188679245283	27.844482561463696	0.0
81.0	33.08528906697195	17.401259301659987	17.172295363480252	32.341156267887804	0.0
82.0	32.165422171166	15.33601378518093	21.99885123492246	30.499712808730617	0.0
83.0	33.92857142857143	17.857142857142858	20.334101382488477	27.880184331797235	0.0
84.0	25.559481743227323	23.027090694935218	20.43580683156655	30.977620730270907	0.0
85.0	30.460448642266826	15.76151121605667	21.66469893742621	32.1133412042503	0.0
86.0	28.907664453832226	18.467109233554616	23.898611949305977	28.726614363307178	0.0
87.0	35.36585365853659	17.621951219512194	19.451219512195124	27.5609756097561	0.0
88.0	37.8146101903008	16.451810926949047	16.63597298956415	29.097605893186003	0.0
89.0	27.395577395577398	17.56756756756757	18.734643734643736	36.302211302211305	0.0
90.0	31.225806451612904	18.193548387096776	20.129032258064516	30.451612903225804	0.0
91.0	32.191338073691014	17.8409825468649	16.224951519069165	33.74272786037492	0.0
92.0	30.639948287007112	20.55591467356173	15.578539107950872	33.22559793148028	0.0
93.0	34.79948253557568	15.653298835705046	16.429495472186286	33.11772315653299	0.0
94.0	29.598445595854923	16.515544041450777	19.883419689119172	34.00259067357513	0.0
95.0	29.007138221933808	16.09344581440623	21.804023361453602	33.09539260220636	0.0
96.0	29.431438127090303	18.19397993311037	20.535117056856187	31.83946488294314	0.0
97.0	28.465679676985197	17.833109017496636	18.909825033647376	34.79138627187079	0.0
98.0	30.94109681787407	19.16046039268788	19.025050778605284	30.873392010832767	0.0
99.0	29.200542005420054	18.089430894308943	19.986449864498645	32.72357723577235	0.0
100.0	30.431802604523643	15.969842357779301	18.64290610006854	34.95544893762851	0.0
101.0	33.6076817558299	17.48971193415638	18.587105624142662	30.315500685871054	0.0
102.0	30.089102124742972	17.477724468814255	20.3564084989719	32.076764907470874	0.0
103.0	28.708791208791208	16.208791208791208	20.810439560439562	34.27197802197802	0.0
104.0	26.56033287101248	19.27877947295423	19.902912621359224	34.25797503467407	0.0
105.0	29.218967921896795	19.804741980474198	18.89818688981869	32.07810320781032	0.0
106.0	31.263232180663376	17.572335920959777	20.042342978122797	31.12208892025406	0.0
107.0	32.67186392629341	18.355776045357903	18.568391211906448	30.40396881644224	0.0
108.0	34.94318181818182	16.69034090909091	15.625	32.74147727272727	0.0
109.0	26.63352272727273	20.738636363636363	20.383522727272727	32.24431818181818	0.0
110.0	25.71022727272727	19.744318181818183	20.951704545454543	33.59375	0.0
111.0	29.708599857853592	17.768301350390903	19.616204690831555	32.90689410092395	0.0
112.0	27.149964463397296	17.626154939587778	22.530206112295666	32.69367448471926	0.0
113.0	29.814550641940084	18.544935805991443	18.830242510699	32.81027104136947	0.0
114.0	29.550321199143468	17.273376159885796	19.129193433261957	34.04710920770878	0.0
115.0	27.94853466761973	19.013581129378128	19.15654038598999	33.88134381701215	0.0
116.0	27.865329512893982	21.060171919770774	18.19484240687679	32.87965616045845	0.0
117.0	32.23259152907394	18.951902368987795	17.444364680545586	31.37114142139268	0.0
118.0	28.879310344827587	16.738505747126435	21.120689655172413	33.26149425287356	0.0
119.0	24.820143884892087	22.302158273381295	26.402877697841724	26.47482014388489	0.0
120.0	26.984126984126984	22.7994227994228	21.645021645021643	28.57142857142857	0.0
121.0	29.097472924187727	19.350180505415164	18.19494584837545	33.357400722021666	0.0
122.0	31.624548736462092	18.48375451263538	21.010830324909747	28.880866425992778	0.0
123.0	34.17630057803468	17.846820809248555	18.20809248554913	29.76878612716763	0.0
124.0	28.850325379609544	19.016630513376718	21.547360809833695	30.585683297180044	0.0
125.0	31.064446053584362	19.116582186821145	16.799420709630702	33.019551049963795	0.0
126.0	31.132075471698112	18.940493468795356	18.650217706821483	31.277213352685052	0.0
127.0	28.50909090909091	19.78181818181818	21.163636363636364	30.545454545454547	0.0
128.0	31.900946831755277	15.877640203932994	19.08230152949745	33.139111434814275	0.0
129.0	29.88338192419825	17.05539358600583	16.982507288629737	36.078717201166185	0.0
130.0	29.46754194018964	19.693654266958426	17.505470459518598	33.33333333333333	0.0
131.0	28.341855368882396	21.110299488677867	17.75018261504748	32.797662527392255	0.0
132.0	31.675201170446233	17.62984637893197	20.263350402340894	30.431602048280908	0.0
133.0	28.40409956076135	21.815519765739385	20.644216691068813	29.136163982430453	0.0
134.0	25.567765567765566	19.78021978021978	21.17216117216117	33.479853479853475	0.0
135.0	26.632428466617753	18.1951577402788	21.129860601614087	34.04255319148936	0.0
136.0	25.71638501102131	16.385011021307864	21.3078618662748	36.59074210139603	0.0
137.0	28.371407516580692	16.507000736919675	19.970523212969788	35.151068533529845	0.0
138.0	27.527675276752767	18.081180811808117	20.14760147601476	34.24354243542436	0.0
139.0	30.450849963045084	18.477457501847745	18.99482631189948	32.07686622320768	0.0
140.0	29.52522255192878	16.394658753709198	21.58753709198813	32.49258160237389	0.0
141.0	33.531598513011154	17.323420074349443	17.695167286245354	31.449814126394056	0.0
142.0	30.923994038748138	15.573770491803279	20.715350223546945	32.78688524590164	0.0
143.0	31.63799551234106	20.49364248317128	18.399401645474946	29.468960359012712	0.0
144.0	31.58682634730539	17.14071856287425	18.263473053892216	33.00898203592814	0.0
145.0	27.798647633358375	18.181818181818183	21.036814425244177	32.98271975957927	0.0
146.0	29.660377358490564	17.20754716981132	18.11320754716981	35.0188679245283	0.0
147.0	31.164901664145233	17.246596066565807	18.00302571860817	33.58547655068079	0.0
148.0	25.681818181818183	20.757575757575758	21.136363636363637	32.42424242424242	0.0
149.0	29.331306990881462	19.376899696048632	17.325227963525837	33.96656534954408	0.0
150.0	27.832699619771862	20.076045627376427	17.9467680608365	34.14448669201521	0.0
151.0	27.376425855513308	17.9467680608365	20.912547528517113	33.76425855513308	0.0
152.0	28.277439024390244	18.75	17.073170731707318	35.89939024390244	0.0
153.0	30.968726163234173	18.230358504958048	18.230358504958048	32.57055682684973	0.0
154.0	31.880733944954127	15.902140672782874	20.718654434250762	31.49847094801223	0.0
155.0	31.116207951070336	18.807339449541285	16.36085626911315	33.715596330275226	0.0
156.0	31.595092024539877	15.184049079754603	18.481595092024538	34.739263803680984	0.0
157.0	31.129900076863954	16.06456571867794	22.367409684857805	30.438124519600308	0.0
158.0	28.91287586738628	21.742482652274482	16.345412490362374	32.99922898997687	0.0
159.0	36.55332302936631	13.369397217928903	19.088098918083464	30.989180834621326	0.0
160.0	26.991492652745553	18.71616395978345	23.820572312451663	30.471771075019333	0.0
161.0	28.992248062015502	18.83720930232558	21.627906976744185	30.54263565891473	0.0
162.0	31.41524105754277	18.895800933125972	19.828926905132192	29.86003110419907	0.0
163.0	30.265210608424336	17.160686427457097	17.394695787831512	35.17940717628705	0.0
164.0	30.961688819390147	15.63721657544957	21.11024237685692	32.290852228303365	0.0
165.0	30.305403288958498	18.324197337509787	20.360219263899765	31.010180109631953	0.0
166.0	28.17896389324961	20.486656200941916	19.15227629513344	32.18210361067504	0.0
167.0	28.706624605678233	19.63722397476341	19.952681388012618	31.703470031545745	0.0
168.0	27.387529597474348	17.048145224940807	19.494869771112867	36.06945540647198	0.0
169.0	27.150749802683507	17.67955801104972	19.57379636937648	35.59589581689029	0.0
170.0	30.252764612954188	18.167456556082147	18.325434439178515	33.25434439178515	0.0
171.0	31.45800316957211	15.768621236133121	17.194928684627577	35.57844690966719	0.0
172.0	31.800158604282313	20.77716098334655	15.78112609040444	31.64155432196669	0.0
173.0	30.023828435266086	19.142176330420966	20.17474185861795	30.659253375694995	0.0
174.0	30.38981702466189	20.047732696897373	17.979315831344472	31.583134447096263	0.0
175.0	28.022417934347477	19.855884707766215	21.297037630104082	30.824659727782226	0.0
176.0	30.466237942122188	18.086816720257236	19.533762057877812	31.913183279742764	0.0
177.0	27.31668009669621	21.756647864625304	19.097502014504432	31.829170024174054	0.0
178.0	25.88996763754045	22.572815533980584	21.68284789644013	29.85436893203883	0.0
179.0	25.892857142857146	19.642857142857142	21.428571428571427	33.035714285714285	0.0
180.0	31.72920065252855	15.415986949429037	19.412724306688418	33.442088091353995	0.0
181.0	26.87908496732026	19.362745098039216	21.323529411764707	32.43464052287582	0.0
182.0	31.829368334700575	18.78589007383101	18.539786710418376	30.84495488105004	0.0
183.0	28.653530377668307	21.67487684729064	21.182266009852217	28.48932676518883	0.0
184.0	28.38283828382838	19.389438943894387	21.534653465346533	30.693069306930692	0.0
185.0	29.79253112033195	18.755186721991702	23.734439834024894	27.717842323651453	0.0
186.0	30.813953488372093	19.102990033222593	21.262458471760798	28.820598006644516	0.0
187.0	29.883138564273793	21.619365609348915	15.859766277128548	32.637729549248746	0.0
188.0	30.492898913951542	17.627401837928154	19.298245614035086	32.581453634085214	0.0
189.0	30.22670025188917	19.227539882451723	19.98320738874895	30.56255247691016	0.0
190.0	28.823529411764703	17.899159663865547	18.991596638655462	34.285714285714285	0.0
191.0	29.51096121416526	19.05564924114671	19.139966273187184	32.29342327150084	0.0
192.0	32.20338983050847	19.491525423728813	19.576271186440678	28.728813559322035	0.0
193.0	31.63265306122449	18.79251700680272	20.493197278911566	29.081632653061224	0.0
194.0	27.365728900255753	20.971867007672635	23.18840579710145	28.47399829497016	0.0
195.0	28.852739726027398	21.06164383561644	20.804794520547944	29.28082191780822	0.0
196.0	28.079242032730406	20.068906115417743	21.016365202411713	30.835486649440135	0.0
197.0	30.0	19.565217391304348	21.130434782608695	29.304347826086957	0.0
198.0	28.11387900355872	21.88612099644128	22.15302491103203	27.846975088967973	0.0
199.0	27.06766917293233	24.43609022556391	19.830827067669173	28.665413533834588	0.0
200.0	29.014396456256918	14.950166112956811	20.155038759689923	35.880398671096344	0.0
201.0	32.42811501597444	16.93290734824281	18.051118210862622	32.587859424920126	0.0
202.0	36.64	17.28	18.240000000000002	27.839999999999996	0.0
203.0	33.92	17.76	18.72	29.599999999999998	0.0
204.0	32.102728731942214	18.138041733547354	23.274478330658106	26.484751203852326	0.0
205.0	31.9935691318328	17.524115755627008	24.27652733118971	26.20578778135048	0.0
206.0	30.967741935483872	20.0	18.548387096774192	30.483870967741932	0.0
207.0	27.184466019417474	20.550161812297734	17.637540453074433	34.627831715210355	0.0
208.0	28.246753246753247	15.909090909090908	21.266233766233768	34.57792207792208	0.0
209.0	23.817292006525285	19.9021207177814	20.22838499184339	36.05220228384992	0.0
210.0	27.168576104746318	15.548281505728315	18.00327332242226	39.27986906710311	0.0
211.0	33.497536945812804	19.704433497536947	16.912972085385878	29.88505747126437	0.0
212.0	26.644736842105267	13.322368421052634	22.203947368421055	37.82894736842105	0.0
213.0	26.85337726523888	21.911037891268535	17.627677100494235	33.60790774299836	0.0
214.0	29.304635761589402	25.165562913907287	17.3841059602649	28.14569536423841	0.0
215.0	30.016583747927033	21.06135986733002	17.5787728026534	31.343283582089555	0.0
216.0	30.948419301164726	17.13810316139767	16.472545757071547	35.44093178036606	0.0
217.0	27.85234899328859	15.604026845637584	24.496644295302016	32.04697986577181	0.0
218.0	28.034188034188034	18.632478632478634	20.34188034188034	32.99145299145299	0.0
219.0	21.960072595281307	20.689655172413794	26.31578947368421	31.03448275862069	0.0
220.0	0.2590673575129534	29.533678756476682	24.870466321243523	45.33678756476684	0.0
