# Position (bp)	A	C	G	T	N
0.0	65.2117982174033	8.462740053294128	11.044748690618396	15.280713038684187	0.0
1.0	11.894920547441904	64.07642142004225	12.400110223201983	11.628547809313861	0.0
2.0	15.336806507631842	59.55579928708528	9.880266886025044	15.22712731925784	0.0
3.0	62.8714676390155	11.38559708295351	10.765724703737465	14.977210574293528	0.0
4.0	63.91771345348626	9.830693610049153	10.040050973966867	16.211541962497726	0.0
5.0	15.772239403310898	59.35965071857376	9.859923594688013	15.008186283427325	0.0
6.0	14.35063164591475	61.08334090702535	8.979369262928293	15.586658184131599	0.0
7.0	64.64875658014158	10.33762933381739	8.876384098747504	16.13722998729352	0.0
8.0	63.40136054421769	10.104308390022677	9.505668934240363	16.988662131519273	0.0
9.0	15.695514272768463	58.93973719981875	8.944268237426371	16.420480289986404	0.0
10.0	14.091650063394312	8.594457525810542	11.084948378916863	66.22894403187829	0.0
11.0	13.2561714440727	10.986526810742383	9.259426711275884	66.49787503390904	0.0
12.0	14.151624548736464	9.584837545126353	10.631768953068592	65.63176895306859	0.0
13.0	12.933441412230929	57.57903269386653	11.546428893091958	17.94109700081059	0.0
14.0	14.832793959007551	9.214311398777419	60.38295577130529	15.569938870909745	0.0
15.0	59.54683861723088	11.499193981730253	11.83055704818198	17.123410352856887	0.0
16.0	13.472197389594134	10.834972286787055	12.667620239585196	63.02521008403361	0.0
17.0	14.498572448251249	57.33404710920771	10.474660956459672	17.69271948608137	0.0
18.0	14.138084632516703	10.146993318485524	12.819599109131403	62.895322939866375	0.0
19.0	15.564652487318678	59.82023671798523	8.925869894099849	15.689240900596243	0.0
20.0	14.737215909090908	10.395951704545455	10.688920454545455	64.17791193181817	0.0
21.0	14.606940509915015	10.640934844192634	11.296033994334277	63.45609065155807	0.0
22.0	15.288708108586082	8.877884870457157	57.85657440976214	17.976832611194624	0.0
23.0	13.160219042571983	12.32114467408585	11.296590708355414	63.22204557498675	0.0
24.0	63.515183615819204	10.248940677966102	9.295550847457628	16.940324858757062	0.0
25.0	16.365399876554097	9.66405078917203	55.947447315051576	18.02310201922229	0.0
26.0	63.54744911445942	9.181425676271038	9.692483919288044	17.578641289981498	0.0
27.0	13.760014085746985	12.967690817853683	9.349414561140945	63.922880535258386	0.0
28.0	15.439429928741092	56.778393595495736	9.193278789478313	18.58889768628486	0.0
29.0	17.99876901433219	9.399454849204256	9.17084322518245	63.430932911281104	0.0
30.0	17.14866896612718	10.241443353674715	55.73538515963562	16.874502520562483	0.0
31.0	16.359262229350442	9.578544061302683	9.516172146484896	64.54602156286198	0.0
32.0	15.507350304768735	9.95876658300466	9.20580853352456	65.32807457870204	0.0
33.0	15.464938338284274	58.196057250877665	10.58601134215501	15.752993068683049	0.0
34.0	17.146478363208402	9.252217997465145	9.053050878145935	64.5482527611805	0.0
35.0	14.398547435315479	57.385383567862	9.477984566500226	18.73808443032229	0.0
36.0	14.791762013729977	10.251716247139587	9.766590389016018	65.18993135011442	0.0
37.0	62.79583755410258	11.971636430610554	9.310249562574823	15.922276452712037	0.0
38.0	64.20380987608655	10.25522470871093	8.267061216941002	17.273904198261512	0.0
39.0	65.00556792873051	10.384187082405345	7.136228656273199	17.474016332590946	0.0
40.0	15.217797719199849	59.2073284726117	10.329033464198915	15.245840343989531	0.0
41.0	14.800343085866768	7.900505098637186	61.574382921947965	15.724768893548081	0.0
42.0	67.29016786570743	8.911270983213429	9.2757793764988	14.522781774580334	0.0
43.0	66.38492179150879	9.336442242300592	8.899251918779754	15.379384047410863	0.0
44.0	15.368812365486207	60.223048327137555	8.012130698493445	16.396008608882802	0.0
45.0	25.16703786191537	13.080920564216777	12.397921306607275	49.35412026726058	0.0
46.0	26.994091580502218	16.63589364844904	17.300590841949777	39.06942392909897	0.0
47.0	32.32099758648431	19.931617055510863	17.598551890587288	30.14883346741754	0.0
48.0	27.56657857288067	19.414515145354745	16.527749542589955	36.49115673917463	0.0
49.0	29.252683732452518	19.199009083402146	18.848059454995873	32.70024772914946	0.0
50.0	27.021943573667713	22.821316614420063	19.080459770114942	31.076280041797283	0.0
51.0	30.177140447068744	18.17798397300717	17.229017292281736	34.415858287642344	0.0
52.0	30.924120389995764	16.044934294192455	20.02967359050445	33.00127172530733	0.0
53.0	30.732961851693098	18.816973853407628	19.995713673381914	30.454350621517364	0.0
54.0	28.37280034759939	22.37671084075603	18.74864218987617	30.501846621768415	0.0
55.0	29.607714223098842	18.956826649134342	18.847249616480386	32.588209511286436	0.0
56.0	25.274243089074155	20.9741114523914	19.591926283457656	34.15971917507679	0.0
57.0	31.346578366445915	16.379690949227374	19.02869757174393	33.24503311258278	0.0
58.0	29.186176142697885	19.665551839464886	18.30546265328874	32.8428093645485	0.0
59.0	28.184463845981643	19.095589881352137	21.468547123349005	31.251399149317216	0.0
60.0	29.5459679241021	17.03185001129433	20.51050372712898	32.911678337474584	0.0
61.0	29.144930823315946	20.117940576094355	20.934452256747562	29.802676343842144	0.0
62.0	29.81693363844394	19.931350114416478	21.48741418764302	28.764302059496565	0.0
63.0	33.771020502188435	17.645703754895187	18.52107809260539	30.06219765031099	0.0
64.0	30.663241475945817	18.239140588510043	19.850537132181223	31.247080803362913	0.0
65.0	29.62264150943396	18.915094339622645	21.86320754716981	29.599056603773583	0.0
66.0	27.874315639133542	17.233991906688885	21.70911687693406	33.18257557724351	0.0
67.0	28.01909307875895	17.01670644391408	20.310262529832933	34.653937947494036	0.0
68.0	25.85165498912781	18.941773375211405	19.763227832809857	35.44334380285093	0.0
69.0	26.065773447015832	19.65895249695493	22.971985383678444	31.303288672350792	0.0
70.0	28.219512195121947	19.53658536585366	19.390243902439025	32.853658536585364	0.0
71.0	29.354207436399214	19.9119373776908	20.181017612524464	30.552837573385517	0.0
72.0	29.257534917912274	19.112962509188925	19.480519480519483	32.14898309237932	0.0
73.0	28.273151559813314	18.324735937116188	21.149594694178333	32.252517808892165	0.0
74.0	29.308641975308642	18.962962962962962	20.641975308641975	31.08641975308642	0.0
75.0	29.871095686663363	18.56717897868121	21.269211700545366	30.292513634110062	0.0
76.0	27.53911100074497	20.387385150235907	20.18872609883288	31.884777750186245	0.0
77.0	30.101913994531444	19.537658463832962	17.87223465075814	32.48819289087746	0.0
78.0	30.00501756146513	19.49322629202208	18.840943301555445	31.660812844957352	0.0
79.0	28.722867238768302	20.671378091872793	17.592125189298336	33.01362948006057	0.0
80.0	29.577108128640162	18.916181311724486	21.4991136996708	30.007596859964547	0.0
81.0	27.06002034587996	18.66734486266531	18.260427263479144	36.01220752797559	0.0
82.0	31.9280205655527	18.123393316195372	20.025706940874034	29.922879177377894	0.0
83.0	29.501420821493152	18.625678119349008	21.053991216739863	30.81890984241798	0.0
84.0	27.834245504300238	18.321605420901747	20.901746155850926	32.942402918947096	0.0
85.0	31.768388106416275	18.049034950443403	20.422535211267608	29.760041731872715	0.0
86.0	29.719086374376474	19.13888159621948	21.921764242583354	29.220267786820685	0.0
87.0	31.022667369530836	19.030047443331576	21.560358460727464	28.386926726410124	0.0
88.0	30.98256735340729	19.149498151082938	17.11568938193344	32.752245113576336	0.0
89.0	30.534957627118644	17.1875	17.05508474576271	35.222457627118644	0.0
90.0	31.432360742705573	16.445623342175068	19.124668435013263	32.9973474801061	0.0
91.0	28.92078681552366	21.13237639553429	16.48059542796385	33.4662413609782	0.0
92.0	28.693561314453646	18.380977825273845	18.193962062516697	34.73149879775581	0.0
93.0	31.498388829215894	17.669172932330827	18.58216970998926	32.25026852846401	0.0
94.0	30.444145356662176	17.900403768506056	19.407806191117093	32.24764468371467	0.0
95.0	30.08921330089213	18.085969180859692	19.843200865098677	31.981616653149498	0.0
96.0	28.648795017600865	17.248849174113186	19.144327105334416	34.95802870295153	0.0
97.0	30.439500813890398	17.41725447639718	19.85892566467716	32.28431904503527	0.0
98.0	31.5359477124183	19.526143790849673	17.81045751633987	31.127450980392158	0.0
99.0	29.85769020251779	19.102353585112205	18.88341543513957	32.15654077723043	0.0
100.0	31.92074848651624	13.09851403412218	19.64777105118327	35.33296642817832	0.0
101.0	32.96398891966759	18.39335180055402	19.058171745152354	29.584487534626035	0.0
102.0	30.267558528428097	16.276477146042364	20.875139353400225	32.58082497212932	0.0
103.0	27.229388670779585	18.48008973639933	20.63937184520471	33.65114974761638	0.0
104.0	28.5472972972973	18.94707207207207	20.579954954954953	31.925675675675674	0.0
105.0	29.393511988716504	19.210155148095907	17.997179125528913	33.39915373765868	0.0
106.0	31.859410430839002	17.517006802721088	19.047619047619047	31.57596371882086	0.0
107.0	31.121867881548976	17.995444191343964	19.447608200455583	31.435079726651484	0.0
108.0	33.78146453089245	17.448512585812356	17.73455377574371	31.03546910755149	0.0
109.0	28.53440829254247	20.96170457817449	19.378059314713507	31.125827814569533	0.0
110.0	26.90531177829099	20.496535796766743	18.677829099307157	33.9203233256351	0.0
111.0	29.652173913043477	18.289855072463766	19.39130434782609	32.666666666666664	0.0
112.0	25.749199883619433	19.49374454466104	21.617689845795752	33.13936572592377	0.0
113.0	29.880361832506562	19.550627370878317	18.967026553837172	31.60198424277794	0.0
114.0	29.33255269320843	18.149882903981265	20.491803278688526	32.02576112412178	0.0
115.0	29.021803182086035	19.121979964643486	18.945197407189156	32.91101944608132	0.0
116.0	28.58833974548683	18.79254217224031	18.55578573542468	34.06333234684818	0.0
117.0	30.09217960154624	19.714540588760034	18.73327386262266	31.460005947071068	0.0
118.0	29.01972504482965	16.168559473998805	21.27913927077107	33.53257621040048	0.0
119.0	24.550898203592812	21.407185628742514	25.179640718562872	28.862275449101798	0.0
120.0	26.58265826582658	21.992199219921993	20.882088208820882	30.543054305430545	0.0
121.0	28.64881131507674	20.10231718326813	18.3569064098706	32.89196509178453	0.0
122.0	30.68559347629115	17.879794623980672	20.658411356085775	30.776200543642407	0.0
123.0	31.301182893539583	18.13770094024871	18.744313011828936	31.81680315438277	0.0
124.0	30.48112058465286	19.397076735688184	19.488428745432397	30.633373934226555	0.0
125.0	30.247479376718605	17.9040635502597	19.431714023831347	32.416743049190345	0.0
126.0	30.82591341725514	19.404359840343872	18.02272029474977	31.74700644765121	0.0
127.0	28.89710412815773	19.038817005545287	20.733210104744302	31.330868761552683	0.0
128.0	32.683982683982684	16.171923314780457	19.325912183055042	31.818181818181817	0.0
129.0	28.651162790697676	19.224806201550386	17.953488372093023	34.17054263565891	0.0
130.0	28.762437810945272	20.273631840796018	17.3818407960199	33.582089552238806	0.0
131.0	30.819569959488934	19.38298535369274	19.009037083203488	30.788407603614832	0.0
132.0	29.045383411580595	17.84037558685446	22.22222222222222	30.892018779342724	0.0
133.0	28.53107344632768	19.962335216572505	19.617074701820464	31.889516635279346	0.0
134.0	26.50488496690829	20.296249606051056	20.138670028364324	33.060195398676335	0.0
135.0	27.565519419008528	18.187559204294285	20.176823492263974	34.07009788443322	0.0
136.0	27.448494453248813	18.003169572107765	20.28526148969889	34.26307448494453	0.0
137.0	29.14012738853503	16.210191082802545	20.063694267515924	34.58598726114649	0.0
138.0	28.639846743295017	18.103448275862068	20.4661558109834	32.79054916985951	0.0
139.0	28.76888460302154	19.672131147540984	19.57569913211186	31.983285117325615	0.0
140.0	29.250161603102782	17.582417582417584	20.911441499676794	32.25597931480284	0.0
141.0	30.51673708157296	17.48456288592785	19.467013324666883	32.5316867078323	0.0
142.0	31.700946784198496	16.291217760365654	18.60920666013712	33.39862879529873	0.0
143.0	33.83755343636962	19.335744820782637	18.119039789542914	28.707661953304836	0.0
144.0	30.502313284864506	17.878387309980173	18.274950429610044	33.34434897554527	0.0
145.0	30.332225913621265	18.93687707641196	18.93687707641196	31.794019933554818	0.0
146.0	30.640854472630174	17.823765020026702	18.257676902536716	33.277703604806405	0.0
147.0	29.384203480589022	17.938420348058905	19.042838018741634	33.634538152610446	0.0
148.0	27.046143482654095	20.242505894240484	20.343550016840688	32.36780060626474	0.0
149.0	30.446549391069013	20.060893098782138	17.083897158322056	32.408660351826796	0.0
150.0	28.876823888700375	20.22395656599932	17.509331523583306	33.389888021717	0.0
151.0	28.128196385952947	18.922604841459258	20.900102284350496	32.049096488237296	0.0
152.0	28.29218106995885	19.1358024691358	17.79835390946502	34.77366255144033	0.0
153.0	29.316298342541437	18.922651933701655	19.095303867403317	32.66574585635359	0.0
154.0	32.73169038528289	15.55015619576536	19.507115584866366	32.21103783408539	0.0
155.0	30.949057920446617	20.725750174459176	16.817864619678996	31.507327285415215	0.0
156.0	30.09129213483146	16.60814606741573	19.382022471910112	33.918539325842694	0.0
157.0	30.36723163841808	17.266949152542374	20.480225988700564	31.885593220338983	0.0
158.0	28.3226723525231	20.931058990760484	18.017057569296373	32.72921108742004	0.0
159.0	32.84541235273117	14.066404855408782	20.599785790789007	32.48839700107104	0.0
160.0	25.893824485373777	20.187793427230048	21.524015890213075	32.3943661971831	0.0
161.0	29.193899782135073	18.627450980392158	21.641249092229483	30.537400145243282	0.0
162.0	30.138990490124364	18.25164594001463	19.787856620336502	31.821506949524508	0.0
163.0	28.865979381443296	18.262150220913107	18.262150220913107	34.609720176730484	0.0
164.0	31.224565297817243	16.75915649278579	21.198668146503884	30.81761006289308	0.0
165.0	28.944423722491607	17.195076464005968	22.15591197314435	31.704587840358073	0.0
166.0	27.398800599700152	20.539730134932537	20.614692653673163	31.446776611694155	0.0
167.0	27.48868778280543	19.984917043740573	21.49321266968326	31.03318250377074	0.0
168.0	27.362428842504745	18.937381404174573	19.54459203036053	34.15559772296015	0.0
169.0	26.926010678871094	16.09458428680397	21.24332570556827	35.736079328756674	0.0
170.0	30.145371078806427	16.908951798010712	18.85998469778118	34.08569242540168	0.0
171.0	30.042421905129196	17.778634785962204	16.85306594677979	35.32587736212881	0.0
172.0	31.26454615981381	19.976726144297903	17.64934057408844	31.10938712179985	0.0
173.0	29.135705905357838	19.31951505670708	18.850215095815408	32.69456394211967	0.0
174.0	30.01573564122738	18.25334382376082	18.450039339103068	33.280881195908734	0.0
175.0	28.20818434644418	19.030591974572904	21.851410409217323	30.909813269765596	0.0
176.0	29.979959919839676	20.20040080160321	17.314629258517034	32.50501002004008	0.0
177.0	27.291077916834883	21.88130803391199	18.611223253936213	32.21639079531692	0.0
178.0	27.39112739112739	20.35002035002035	20.87912087912088	31.37973137973138	0.0
179.0	26.713171932704142	18.670496512105046	24.41526466967583	30.201066885514976	0.0
180.0	29.275362318840582	14.989648033126294	21.78053830227743	33.95445134575569	0.0
181.0	27.63377926421405	19.188963210702344	19.899665551839465	33.27759197324415	0.0
182.0	33.50232361639206	16.983523447401776	19.349387410223912	30.164765525982258	0.0
183.0	28.771780705482364	22.439439014024646	19.549511262218445	29.239269018274545	0.0
184.0	29.721627408993577	19.743040685224837	19.18629550321199	31.349036402569592	0.0
185.0	28.82378285221887	20.12063765618268	23.093494183541576	27.96208530805687	0.0
186.0	28.608582574772434	17.468573905504986	22.583441699176422	31.339401820546165	0.0
187.0	28.540305010893245	22.396514161220043	18.082788671023962	30.980392156862745	0.0
188.0	29.411764705882355	19.139596136962247	19.841966637401228	31.60667251975417	0.0
189.0	28.881026094648387	19.10659000442282	19.725785050862452	32.28659885006635	0.0
190.0	29.335711101203742	18.635755684351317	19.884083816317432	32.144449398127506	0.0
191.0	28.891879766711533	18.663077613279498	18.977119784656796	33.46792283535218	0.0
192.0	29.81029810298103	19.73803071364047	21.22854561878952	29.22312556458898	0.0
193.0	31.164069660861593	17.965169569202565	20.944087992667278	29.92667277726856	0.0
194.0	28.247803975959318	20.06472491909385	23.208506703652336	28.478964401294498	0.0
195.0	26.887232059645854	21.295433364398882	19.384902143522833	32.432432432432435	0.0
196.0	28.04532577903683	20.632672332389046	20.53824362606232	30.7837582625118	0.0
197.0	28.75598086124402	19.760765550239235	21.818181818181817	29.665071770334926	0.0
198.0	28.369140625	22.607421875	19.384765625	29.638671875	0.0
199.0	27.30532786885246	22.28483606557377	20.28688524590164	30.122950819672127	0.0
200.0	27.083333333333332	16.130952380952383	20.11904761904762	36.666666666666664	0.0
201.0	32.62745098039216	18.509803921568626	16.862745098039216	32.0	0.0
202.0	35.8893280632411	17.94466403162055	18.023715415019762	28.142292490118574	0.0
203.0	35.6285028022418	17.053642914331466	18.414731785428344	28.903122497998403	0.0
204.0	32.1226795803067	18.401937046004843	22.35673930589185	27.11864406779661	0.0
205.0	34.20408163265306	18.612244897959187	22.20408163265306	24.979591836734695	0.0
206.0	30.92105263157895	20.80592105263158	20.641447368421055	27.631578947368425	0.0
207.0	28.855721393034827	22.056384742951906	15.50580431177446	33.582089552238806	0.0
208.0	29.288702928870293	16.485355648535567	20.753138075313807	33.47280334728033	0.0
209.0	23.67312552653749	20.134793597304128	21.735467565290648	34.45661331086774	0.0
210.0	28.35314091680815	16.468590831918505	19.015280135823428	36.16298811544992	0.0
211.0	31.880341880341877	19.31623931623932	18.205128205128204	30.5982905982906	0.0
212.0	27.858985382631126	16.50902837489252	22.699914015477212	32.93207222699914	0.0
213.0	28.47222222222222	20.225694444444446	18.31597222222222	32.98611111111111	0.0
214.0	29.148375768217733	23.705004389815628	19.139596136962247	28.007023705004393	0.0
215.0	29.081177520071368	23.015165031222125	18.28724353256021	29.6164139161463	0.0
216.0	30.62330623306233	17.344173441734416	17.795844625112917	34.23667570009034	0.0
217.0	25.645756457564577	18.45018450184502	23.70848708487085	32.19557195571956	0.0
218.0	25.1434034416826	19.311663479923517	19.120458891013385	36.4244741873805	0.0
219.0	20.084121976866456	19.873817034700316	23.55415352260778	36.48790746582545	0.0
220.0	0.0	29.906542056074763	24.766355140186917	45.32710280373832	0.0
