# Position (bp)	A	C	G	T	N
0.0	27.300211629547515	24.10281388916882	22.646041183781787	25.950933297501876	0.0
1.0	27.30478266444416	19.984167423917224	15.025337696583174	37.685433472518774	2.7874253666858073E-4
2.0	28.31890111477085	19.94451140598877	17.976582591356223	33.759449446502664	5.55441381493804E-4
3.0	23.881365788817813	21.82437484423029	15.070754063858658	39.22184375951926	0.0016615435739802276
4.0	34.06237410111647	14.1657974469776	14.48120001986788	37.28842088997059	0.0022075420674735236
5.0	35.6894499608768	14.867642358853415	22.0583211188133	27.3771476432405	0.007438918215982102
6.0	32.15713994950134	17.420387596472793	20.197263830746973	30.224933576108302	2.7504717058975613E-4
7.0	35.13224752121728	16.97574775467604	20.208464939987365	27.6827158120245	8.239720948117223E-4
8.0	23.78972085674157	26.40010533707865	21.822057145365168	27.988116660814605	0.0
9.0	28.761453682309185	18.343981865973756	16.110667993279225	36.78197780390802	0.0019186545298062983
10.0	27.155727155727156	17.05194556258386	24.175086941044388	31.615049700156085	0.002190640488512829
11.0	28.084823407713905	18.6788828136545	19.749163971123483	33.48712980750811	0.0
12.0	26.615084607158586	19.808221950545768	20.953912551178647	32.622780891116996	0.0
13.0	27.641352171180277	20.954554149700762	18.28519115677862	33.11835596972099	5.465526193534282E-4
14.0	31.272101221545107	18.485229415461973	20.348973847457163	29.893148962916406	5.465526193534282E-4
15.0	29.776733254994127	18.477304402481348	19.123876151176454	32.62208619134807	0.0
16.0	30.686743366217584	17.451151859645286	18.884759380209328	32.9773453939278	0.0
17.0	30.066952695870796	18.46282075806848	20.106031208154565	31.363648785286802	5.465526193534282E-4
18.0	31.583089661957203	18.099363266198452	18.261689394146423	32.055857677697915	0.0
19.0	30.591643210450087	18.236274697346484	19.567130325472085	31.604951766731343	0.0
20.0	30.096193261006203	18.02475883365671	19.898067936490584	31.98016013991747	8.198289290301424E-4
21.0	29.840953187768154	17.296750744677944	19.33183942284043	33.52963681578444	8.198289290301424E-4
22.0	28.84732052578362	18.868909354248082	19.743393545213568	32.54037657475474	0.0
23.0	30.103025168748122	17.36944224305195	19.914737791380865	32.610881862651325	0.001912934167736999
24.0	30.79250129806247	17.976115650534254	18.368540431230016	32.862842620173254	0.0
25.0	29.639548547536414	18.079687371901727	18.88831197223513	33.39217883201705	2.732763096767141E-4
26.0	31.51285765037029	17.602000382586834	20.14565627305769	30.73866586505616	8.198289290301424E-4
27.0	29.044079468750855	18.47484491569426	19.56002514142049	32.92077719782472	2.732763096767141E-4
28.0	29.90107397589703	17.903697428469926	20.11641570792228	32.07826633509141	5.465526193534282E-4
29.0	29.3545213565436	18.341212800262348	19.493345721859374	32.81092012133468	0.0
30.0	29.904953460535737	18.360542841995375	19.094844312784552	32.63747315030908	0.0021862343752561994
31.0	30.180774748923962	18.307030129124822	19.31488693038191	32.194848671175784	0.002459520393523263
32.0	29.27271186950189	18.546079618278263	19.300340783939703	32.88086772828015	0.0
33.0	29.636340282958795	17.880733167722912	19.507595943364514	32.97533060595378	0.0
34.0	29.600640592931065	17.69856604474859	19.436420331720008	33.26273328760273	0.001639742997614174
35.0	30.38287653811124	17.33624704958879	19.485431874560685	32.79517103496186	2.7350277742070475E-4
36.0	30.82911830439576	17.41287952357635	18.915791518149017	32.84138998842862	8.206654502580994E-4
37.0	29.01679444453565	18.774043854896874	19.291995687838938	32.9152507127652	0.0019152999633356863
38.0	30.92624370858752	17.946296858878043	19.186379074878417	31.940806669239336	2.7368841668514067E-4
39.0	30.248904709748082	18.587349397590362	19.234392113910186	31.92771084337349	0.0016429353778751369
40.0	29.940728799991227	18.470846903751468	19.515083725367635	32.06977662269303	0.0035639481966422124
41.0	29.54491800398588	18.044887807931133	20.45782709190032	31.95072003865095	0.001647057531719583
42.0	28.99909333186801	18.61829271643267	19.32384537187131	33.058493831909225	2.747479187845152E-4
43.0	29.56378284001705	18.23176012867925	20.331046618732728	31.873135456907576	2.749556633992769E-4
44.0	29.511092523449346	18.752321546982607	20.040006273335848	31.696304509923152	2.7514630904983725E-4
45.0	29.25949583163552	18.757364844773853	19.645551358435295	32.336486679955506	0.0011012851998281996
46.0	29.94338920951502	17.436674425972093	19.375766174019642	33.24334375559565	8.264348975909424E-4
47.0	29.846793241153886	18.587653613270756	19.60875640428505	31.955969937410945	8.26803879363802E-4
48.0	30.36215001585354	18.04353520175354	18.658652586884298	32.934559340492704	0.0011028550159224693
49.0	28.791803563596037	18.416050802898766	19.739640661077686	33.05222910959754	2.758628299664275E-4
50.0	29.924775901777874	18.334078946641704	19.34507536217476	32.39524133017414	8.284592315212168E-4
51.0	30.390052877276048	18.189285161176134	19.132336998606164	32.28777185335959	5.531095820703998E-4
52.0	29.693616620446427	18.13283169830975	19.819754926541684	32.35324266594265	5.540887594783808E-4
53.0	31.161036842192885	17.984639374920228	19.250448110720804	31.603875672166083	0.0
54.0	30.03967724726594	18.532441984529207	19.13676980528141	32.28944385169378	0.001667111229661243
55.0	29.122386299144253	18.378253563758165	18.27253708422821	34.22682305286936	0.0
56.0	29.21559561477784	17.908273541601677	20.72257007888052	32.153560764739964	0.0
57.0	28.301502830875076	18.859956010626583	19.208971825057215	33.629011800191236	5.575332498891902E-4
58.0	30.574354022654905	17.644481529750262	22.27146257810472	29.50942279946307	2.790700270418856E-4
59.0	29.171057302337545	20.48304911828582	21.194960994384644	29.15065307502886	2.7950996313263587E-4
60.0	31.18746306943087	18.864764806532826	19.501300796160063	30.446191285645874	2.8004223036833957E-4
61.0	29.07276609954512	20.996124716228767	19.41823038996972	30.5097920367268	0.0030867575295837647
62.0	30.92658735184763	16.376905821392484	21.518859082503734	31.17764774425615	0.0
63.0	26.3510437666645	20.52331121296346	25.400725533051904	27.724919487320136	0.0
64.0	26.357396409408068	19.913682782808063	17.55939629023242	36.16867326294403	8.512546074155627E-4
65.0	28.037622842684428	19.08097003336591	18.7077049325131	34.172847385862084	8.548055744720863E-4
66.0	26.72060610392395	19.269530412407974	17.0861267957973	36.92059180902009	0.003144878850689729
67.0	33.8613019844768	14.071379141026782	17.337108366618523	34.728200474942064	0.0020100329358253913
68.0	34.64844169528227	15.316580989175899	22.90070796408802	27.131947206023643	0.0023221454301629273
69.0	31.882416093051667	16.820536850253124	20.369585010187166	30.926572337769027	8.897087390158042E-4
70.0	32.90881353004954	15.876635525974919	22.265861123815434	28.948689820160105	0.0
71.0	25.903723594845186	19.766575814548954	25.508375974781494	28.820519427188806	8.051886355675976E-4
