# Position (bp)	A	C	G	T	N
0.0	35.34350587719939	17.39797035847266	21.66167773965102	25.59684602467694	0.0
1.0	25.03285151116951	26.879836472477734	23.178566214045844	24.908745802306907	0.0
2.0	30.51881993896236	21.493968899869206	17.591919779101875	30.39529138206656	0.0
3.0	31.099992748894206	18.65709520701907	20.832426945109127	29.410485098977595	0.0
4.0	33.374411018484956	17.7745559985502	17.593330916998912	31.25770206596593	0.0
5.0	28.718394551909004	20.98094617112222	18.524958342389336	31.775700934579437	0.0
6.0	28.596262494567583	23.453570911198028	20.020281037230188	27.9298855570042	0.0
7.0	34.24101969872538	19.061413673232906	17.330533024333718	29.36703360370799	0.0
8.0	33.195801664857036	18.29895041621426	17.821208830980815	30.684039087947884	0.0
9.0	29.018955288670234	21.30661264650557	19.165099117349154	30.509332947475038	0.0
10.0	26.596820809248555	15.953757225433526	20.1878612716763	37.26156069364162	0.0
11.0	26.3898916967509	18.28158844765343	18.75812274368231	36.57039711191336	0.0
12.0	27.371078254597908	17.00685178507032	19.8196898665705	35.80238009376127	0.0
13.0	27.97464707577067	21.34111207144915	19.612503601267647	31.07173725151253	0.0
14.0	27.37546789519148	17.895191477109126	24.654477397063058	30.07486323063634	0.0
15.0	29.38259182059944	18.996621864443327	20.405376266800836	31.2154100481564	0.0
16.0	25.70177327877091	19.01069710675569	19.951180989302895	35.33634862517051	0.0
17.0	29.66417910447761	19.926808266360503	19.417336394948332	30.99167623421355	0.0
18.0	25.97188351742935	19.559604074020946	19.63132979486444	34.83718261368527	0.0
19.0	28.235462823546282	23.610812361081233	18.491431849143186	29.6622929662293	0.0
20.0	26.99254587155963	18.413130733944953	19.674598623853214	34.919724770642205	0.0
21.0	26.830839716515143	18.591166153625885	21.068079318490945	33.50991481136803	0.0
22.0	28.533600515279467	18.22085450511701	23.280612610033636	29.964932369569887	0.0
23.0	26.169695235369865	19.358992702818714	20.2317928172843	34.23951924452711	0.0
24.0	32.20569303390073	17.086253754827634	19.253325704477184	31.45472750679445	0.0
25.0	28.91764369459537	17.32199027738061	20.982270517586503	32.77809551043752	0.0
26.0	33.2833047455689	16.63093196112064	16.866781017724414	33.21898227558605	0.0
27.0	27.649539055241906	18.795111841635105	16.243836203816194	37.3115128993068	0.0
28.0	27.553936276610948	20.931561651664524	16.65237891127304	34.86212316045149	0.0
29.0	29.60714285714286	15.814285714285713	16.707142857142856	37.871428571428574	0.0
30.0	28.290414878397712	17.918454935622318	21.008583690987123	32.78254649499285	0.0
31.0	30.51938760910001	15.367005294033481	18.39318929746745	35.72041779939906	0.0
32.0	28.494739102426454	18.27356667382435	16.82055686779758	36.41113735595161	0.0
33.0	28.892547784379698	22.33517073519937	17.538835993986684	31.233445486434245	0.0
34.0	30.223907289505686	16.117032691894988	19.586522641104516	34.07253737749482	0.0
35.0	27.5177406637517	21.35330800659451	17.633144577449645	33.495806752204146	0.0
36.0	28.66872177217005	16.022653953688437	18.732525629077355	36.576098645064164	0.0
37.0	33.672810729398265	19.21394248009754	18.295919099189557	28.817327691314638	0.0
38.0	32.25991536971957	19.558201247938033	16.818475220540773	31.36340816180162	0.0
39.0	34.69592656339645	17.756741250717152	16.164658634538153	31.38267355134825	0.0
40.0	28.057708871662363	22.136089577950045	18.28883146712604	31.517370083261557	0.0
41.0	27.946563240680888	15.952021834374774	24.70013646484235	31.401278460101988	0.0
42.0	34.325354036374094	17.166271296096614	18.977787362518868	29.530587305010425	0.0
43.0	32.98063773123155	18.54890952278126	18.066652270927804	30.403800475059384	0.0
44.0	30.509329299041855	21.511418485699878	16.346084576039193	31.633167639219078	0.0
45.0	31.89386056191467	17.095287646796493	19.206184034487887	31.804667756800953	0.0
46.0	30.55472488038278	16.791267942583733	18.832236842105264	33.82177033492823	0.0
47.0	30.722530355269072	17.538599910058462	18.977664518063257	32.7612052166092	0.0
48.0	28.518935133108364	18.560179977502813	18.485189351331083	34.43569553805774	0.0
49.0	28.95506713674893	17.785612482184384	19.26337108994074	33.995949291125946	0.0
50.0	28.84788478847885	20.574557455745573	18.886888688868886	31.69066906690669	0.0
51.0	29.643527204502814	18.348968105065666	18.424015009380863	33.58348968105066	0.0
52.0	28.037523452157597	17.666041275797372	20.405253283302063	33.891181988742964	0.0
53.0	29.73358348968105	18.97936210131332	20.090056285178235	31.19699812382739	0.0
54.0	28.09098416034832	23.256512273853314	18.970047293746717	29.68245627205165	0.0
55.0	28.84297520661157	19.00826446280992	19.05334335086401	33.0954169797145	0.0
56.0	28.043282236248874	19.281635106702737	19.604749023143974	33.07033363390442	0.0
57.0	30.59920306743854	18.216675437936996	19.434628975265017	31.749492519359446	0.0
58.0	30.649526387009473	18.358141632837167	18.6588482934897	32.33348368666366	0.0
59.0	28.567132761990678	18.6588482934897	20.50067658998647	32.27334235453315	0.0
60.0	29.057965566498762	17.682880986392	20.65258251259304	32.6065709345162	0.0
61.0	29.820341276403816	18.16131699616628	19.950387130722394	32.06795459670751	0.0
62.0	28.926986991503124	19.02398676592225	21.227159936837356	30.821866305737274	0.0
63.0	32.849624060150376	17.42105263157895	19.18796992481203	30.54135338345865	0.0
64.0	28.088113675663486	18.07382903541087	21.727689647394932	32.110367641530715	0.0
65.0	30.675492703475253	18.557243869414776	19.911238152550023	30.85602527455995	0.0
66.0	29.967647280114363	17.086750432623578	20.841170717026557	32.1044315702355	0.0
67.0	28.792895845875975	18.58067429259482	18.56562311860325	34.06080674292595	0.0
68.0	27.124256792353428	18.95838037179198	20.388349514563107	33.52901332129149	0.0
69.0	27.173503951825367	20.52691004892736	21.422657132103875	30.876928867143395	0.0
70.0	27.211140383891607	19.969890854347007	19.074143771170494	33.74482499059089	0.0
71.0	28.768257792501128	18.860111429001655	19.831350700195756	32.54028007830146	0.0
72.0	28.465998945703742	18.698697191053544	21.552827773175693	31.282476090067025	0.0
73.0	29.479551103411914	16.65285832642916	20.765233109889284	33.10235746026964	0.0
74.0	29.06433629651951	17.854452312791924	22.83411179749887	30.247099593189695	0.0
75.0	29.757420521319872	18.359198433026968	21.756817839385263	30.126563206267893	0.0
76.0	29.294755877034355	19.002411091018686	19.070223025919226	32.63261000602773	0.0
77.0	28.230241844345667	19.814661342575153	18.25510434717095	33.69999246590824	0.0
78.0	28.671539446914323	19.199758872730012	19.5237736417753	32.60492803858036	0.0
79.0	28.89776839565742	19.96381182147165	18.01869722557298	33.11972255729795	0.0
80.0	29.520434323631427	16.96576685266174	20.92444578494948	32.58935303875735	0.0
81.0	27.198672499622866	17.800573238799217	19.86724996228692	35.133504299291	0.0
82.0	29.86268296363362	17.722951561792666	20.341029123283537	32.07333635129018	0.0
83.0	29.76379141196891	17.96090861067089	22.051165949739644	30.224134027620558	0.0
84.0	27.368103253075702	18.26552947392256	20.665710619669408	33.70065665333233	0.0
85.0	29.606703404544426	17.573790292141616	20.31403336604514	32.50547293726881	0.0
86.0	29.573423933559834	17.60664401661004	20.93620234050585	31.88372970932427	0.0
87.0	32.183040096654835	17.496035641470968	21.294268670240882	29.026655591633315	0.0
88.0	31.605982776854507	19.00589212872035	17.6310620939719	31.75706300045324	0.0
89.0	31.285422806619813	17.07095896622081	17.864429834504648	33.779188392654724	0.0
90.0	29.600241819693192	16.451296002418196	19.972795284515982	33.97566689337263	0.0
91.0	28.31343509143116	19.684146894363007	17.20568233338371	34.796735680822124	0.0
92.0	28.70209388464737	17.416282409857132	18.474563459067202	35.4070602464283	0.0
93.0	31.758391291200482	17.500755972180222	19.29996976111279	31.4408829755065	0.0
94.0	30.540009075782788	17.221297836938437	18.749054605959763	33.48963848131901	0.0
95.0	31.008397004311977	17.42945759891066	19.74430743626598	31.817837960511387	0.0
96.0	30.289734473106893	16.86209244269612	19.888039942506996	32.96013314168999	0.0
97.0	29.96217851739788	17.57942511346445	20.272314674735252	32.18608169440242	0.0
98.0	31.547889241942805	18.762293841730973	18.951429868361323	30.7383870479649	0.0
99.0	29.32143127316741	18.6927906800817	20.652091686209246	31.333686360541645	0.0
100.0	31.211109424798906	16.535134314767035	18.60676885718622	33.646987403247834	0.0
101.0	31.810220089863684	18.12504759728886	19.15314903663087	30.911583276216586	0.0
102.0	31.312590780521365	16.910022169558903	19.89909028361746	31.87829676630227	0.0
103.0	29.38966416193835	19.75923938046312	19.1918417420641	31.65925471553443	0.0
104.0	28.8130381303813	17.92742927429274	19.526445264452644	33.73308733087331	0.0
105.0	29.224836097184724	18.54994215194755	19.760894716544545	32.464327034323176	0.0
106.0	31.89528309193711	19.371078924947717	17.27983889706452	31.453799086050655	0.0
107.0	30.092412829075094	19.181486371049157	18.513628950842588	32.21247184903316	0.0
108.0	33.25280548628429	17.861596009975063	16.217269326683294	32.66832917705736	0.0
109.0	28.67859654606548	18.152692037196218	20.68453543799328	32.484175978745014	0.0
110.0	26.778013016545128	19.03865757076766	19.43856347526072	34.744765937426486	0.0
111.0	31.671646485296428	18.540651045761912	19.602138701053626	30.185563767888034	0.0
112.0	27.90440886505245	19.070904645476773	19.670321003233692	33.354365486237086	0.0
113.0	29.50521656655074	17.854884603224786	17.08030350932659	35.55959532089788	0.0
114.0	31.124147772316473	16.576819407008088	20.049151736166166	32.249881084509276	0.0
115.0	26.83004455760662	19.8520050922979	18.62667091024825	34.691279439847236	0.0
116.0	29.573754789272034	18.167305236270753	18.334929757343552	33.92401021711366	0.0
117.0	29.456495637557033	18.914592171616103	19.514928359881534	32.11398383094533	0.0
118.0	30.032897376233652	16.946160635481025	20.765465778704968	32.25547620958036	0.0
119.0	26.020120724346075	19.34808853118712	23.7102615694165	30.9215291750503	0.0
120.0	26.452290538902805	20.7562414155288	20.764320917831462	32.02714712773693	0.0
121.0	30.946975839143832	18.412518242257175	18.955732122587968	31.68477379601103	0.0
122.0	27.077398876861725	18.255066330267763	19.964189794091318	34.703344998779194	0.0
123.0	30.6932309953458	16.69796684902425	18.861762064178983	33.74704009145097	0.0
124.0	31.727302523762702	17.043592264831204	19.46083251392986	31.768272697476235	0.0
125.0	28.321131858188696	17.718187052726826	19.07542979353459	34.88525129554989	0.0
126.0	30.380582844877402	19.25204325930818	17.873359200858584	32.49401469495583	0.0
127.0	29.30363500869421	17.355303469404653	20.427258425105574	32.91380309679556	0.0
128.0	29.576059850374065	18.495428096425602	19.817123857024107	32.11138819617623	0.0
129.0	31.501127725336232	17.90159552251274	18.32762509397711	32.26965165817392	0.0
130.0	30.457406630297946	18.76626101552665	17.18002517834662	33.59630717582879	0.0
131.0	29.891258534940572	19.37115400826098	19.868498693416505	30.869088763381946	0.0
132.0	29.561240047433508	16.533965780111807	21.82788412671523	32.07691004573945	0.0
133.0	28.83764465622873	20.166780122532334	19.009530292716136	31.986044928522805	0.0
134.0	27.685738684884715	19.598633646456022	19.342442356959864	33.3731853116994	0.0
135.0	29.301927194860816	17.36188436830835	21.42184154175589	31.914346895074946	0.0
136.0	28.74828060522696	18.096629986244842	18.973521320495184	34.18156808803301	0.0
137.0	29.54467057606071	17.005864091065884	18.454639530872715	34.99482580200069	0.0
138.0	28.712357217030117	18.293527172031844	19.50501903772932	33.48909657320872	0.0
139.0	30.18671298306557	18.549717759444203	18.65392965696917	32.609639600521064	0.0
140.0	28.83424884471183	17.882988926671896	21.07420001743831	32.20856221117796	0.0
141.0	29.294961511546536	18.351994401679498	19.786564030790764	32.566480055983206	0.0
142.0	32.4469018781815	18.070914516412145	18.263998595752152	31.218185009654203	0.0
143.0	33.06309481847021	19.721536834684525	18.954881917518506	28.260486429326754	0.0
144.0	30.623617868199908	18.991596638655462	18.000884564352056	32.38390092879257	0.0
145.0	30.51088405153265	18.47179031541537	18.33851621501555	32.67880941803643	0.0
146.0	29.101475189986587	18.506928922664283	18.551631649530623	33.839964237818506	0.0
147.0	29.164047768698932	17.86836670557601	18.460985902846367	34.50659962287869	0.0
148.0	28.773925604911522	18.23763091368725	19.754423979776092	33.234019501625134	0.0
149.0	29.81580618818619	19.21785681880047	18.165320751292985	32.801016241720355	0.0
150.0	28.744643996718022	17.649740176862068	19.947123712280064	33.65849211413985	0.0
151.0	29.327231121281468	18.581235697940503	20.68649885583524	31.405034324942793	0.0
152.0	29.772748182905513	18.170944889134237	17.793725273714234	34.26258165424602	0.0
153.0	30.348074969993537	18.114670852183547	20.395162034899826	31.14209214292309	0.0
154.0	30.4376043018728	17.773039124791396	19.20081587242722	32.58854070090859	0.0
155.0	28.80850270371061	20.492261793772144	18.245385045683385	32.45385045683386	0.0
156.0	30.81607795371498	17.56769418157969	19.956900590274522	31.659327274430805	0.0
157.0	30.5955405023991	18.910527801298336	19.719634960955876	30.774296735346695	0.0
158.0	28.04532577903683	20.679886685552407	19.19735599622285	32.07743153918791	0.0
159.0	33.09284222517562	15.986329979115247	19.75507879248149	31.165749003227646	0.0
160.0	27.320423542878945	18.5156920728799	21.196222455403987	32.96766192883717	0.0
161.0	28.963005558750236	17.318382211999232	20.39486294805444	33.32374928119609	0.0
162.0	30.498844375963017	17.767719568567024	20.050077041602464	31.68335901386749	0.0
163.0	28.59217660728118	17.796281951975214	19.306738962044925	34.30480247869868	0.0
164.0	27.564040128567253	18.135774812506085	20.190902892763223	34.10928216616343	0.0
165.0	29.00293255131965	16.29521016617791	21.153470185728253	33.5483870967742	0.0
166.0	26.910233745825966	19.58357886466313	20.575525437045766	32.93066195246514	0.0
167.0	28.705255891923876	17.217236958879795	21.93077605758801	32.14673109160832	0.0
168.0	29.041204437400953	18.581616481774958	19.48296354992076	32.894215530903324	0.0
169.0	27.30711796913888	18.84519661523146	20.029865604778497	33.81781981085117	0.0
170.0	28.60576923076923	17.427884615384613	18.830128205128204	35.13621794871795	0.0
171.0	29.971791255289137	16.17973000201491	18.839411646181745	35.00906709651421	0.0
172.0	27.923724515670962	20.032457652905975	17.608276701491025	34.43554112993204	0.0
173.0	28.25066340069402	17.30965503163911	19.57542355582772	34.86425801183915	0.0
174.0	30.078044773054014	19.20312179092216	19.254467036352434	31.46436639967139	0.0
175.0	28.420835055808187	18.354692021496486	20.587019429516328	32.637453493178995	0.0
176.0	29.04836193447738	16.484659386375455	18.30473218928757	36.1622464898596	0.0
177.0	27.571413623522023	18.740190436329392	20.257402950716752	33.43099298943183	0.0
178.0	26.943770439919824	19.33748285684144	20.086507015507966	33.632239687730774	0.0
179.0	28.421387651177593	17.801824740080626	21.599830256736684	32.17695735200509	0.0
180.0	29.83673033827767	16.01750080034148	20.318002347668337	33.82776651371252	0.0
181.0	28.73550880206097	18.73121511378274	18.355517389437527	34.17775869471876	0.0
182.0	29.76241900647948	17.5377969762419	19.978401727861772	32.721382289416844	0.0
183.0	30.04786771105309	19.930374238468232	19.669277632724107	30.352480417754567	0.0
184.0	31.792287467134095	19.872918492550397	17.879053461875547	30.455740578439965	0.0
185.0	29.208902600264437	19.270603790215954	20.504627589246365	31.015866020273247	0.0
186.0	29.483484814896922	18.465972068277544	20.804699623143428	31.245843493682113	0.0
187.0	31.091966882971583	21.000223763705527	17.319310807786977	30.588498545535913	0.0
188.0	30.287648054145517	17.66497461928934	18.98477157360406	33.06260575296108	0.0
189.0	29.367606915377614	18.061874431301185	20.74613284804368	31.824385805277526	0.0
190.0	30.770112308044922	18.175567270226907	17.717167086866834	33.337153334861334	0.0
191.0	28.8039713691988	18.39067190025398	19.071807896559687	33.733548833987534	0.0
192.0	32.02705854910194	18.311173314672267	18.252857476090504	31.40891066013529	0.0
193.0	30.651611385556336	18.63091037402964	18.772053634438958	31.945424605975063	0.0
194.0	29.64586047613408	18.69003908563307	19.791543290299657	31.8725571479332	0.0
195.0	29.314675278076784	20.26073436191843	19.20822868077981	31.216361679224974	0.0
196.0	30.337486391677754	19.76533204306278	18.38635538889561	31.510826176363853	0.0
197.0	28.49278199168094	20.369464154636653	20.34499632982628	30.792757523856128	0.0
198.0	28.22650902302427	20.784069695084007	19.128811449906657	31.860609831985066	0.0
199.0	29.201352757544225	21.21488033298647	18.69146722164412	30.89229968782518	0.0
200.0	24.898876404494384	18.576779026217228	21.722846441947567	34.80149812734082	0.0
201.0	30.98047192839707	17.94141578519121	18.755085435313262	32.323026851098454	0.0
202.0	29.87492310846832	18.08488825097396	20.647939306950995	31.392249333606724	0.0
203.0	29.593730666116723	18.47803670859971	20.684677253041865	31.243555372241698	0.0
204.0	32.191069574247145	17.94392523364486	22.388369678089305	27.476635514018692	0.0
205.0	29.878048780487802	16.883936080740117	23.80151387720774	29.43650126156434	0.0
206.0	28.48061029879212	21.29688493324857	20.8306844670481	29.39182030091121	0.0
207.0	27.113578138343296	19.470538001707943	20.345858240819812	33.07002561912895	0.0
208.0	27.88192199956906	17.53932342167636	21.676362852833442	32.902391725921134	0.0
209.0	27.007616974972798	18.95538628944505	19.45593035908596	34.58106637649619	0.0
210.0	30.395604395604398	18.0	19.604395604395606	32.0	0.0
211.0	30.16189842537148	18.34109558660457	20.647593701485917	30.849412286538037	0.0
212.0	25.862068965517242	16.681594267801163	23.15270935960591	34.30362740707568	0.0
213.0	29.131716164135117	20.40353661301292	17.864429834504648	32.600317388347314	0.0
214.0	29.25263640531866	21.412196240256762	20.26593305823017	29.069234296194406	0.0
215.0	27.70693252956179	20.148388592626944	18.710874101553443	33.43380477625782	0.0
216.0	30.89887640449438	17.415730337078653	20.435393258426966	31.25	0.0
217.0	25.386260993582127	19.966722129783694	24.57808414547183	30.068932731162352	0.0
218.0	25.797741777123225	18.7039764359352	19.95581737849779	35.54246440844379	0.0
219.0	23.072732225551622	23.01825115772269	23.780986107327703	30.128030509397984	0.0
220.0	14.261019878997407	24.15730337078652	21.73725151253241	39.844425237683666	0.0
