# Position (bp)	A	C	G	T	N
0.0	23.55612705534732	27.588848458318516	32.124976060846485	16.730048425487677	0.0
1.0	23.984295915296435	22.244261442915377	14.957183114005087	38.81425952778309	0.0
2.0	26.15317310584311	21.988898914499767	17.310584310830393	34.54734366882673	0.0
3.0	20.05877127041618	24.768673546094444	13.953393015786236	41.21916216770314	0.0
4.0	34.79229297622301	12.116698551516809	12.894233397103033	40.19677507515715	0.0
5.0	38.09276589931006	13.75230548534736	23.3485893845208	24.806339230821777	0.0
6.0	32.95765027322404	17.176229508196723	21.811475409836063	28.054644808743166	0.0
7.0	36.729954924190686	17.44433820516323	19.905750580521786	25.9199562901243	0.0
8.0	21.011295808121506	30.97537322606641	22.113559067378745	25.89977189843334	0.0
9.0	28.624499774642505	18.44107242853436	14.330005326631792	38.604422470191345	0.0
10.0	25.96391548410888	16.44973161970581	27.097531993935835	30.488820902249476	0.0
11.0	27.284274358764236	17.9286514245131	19.197465104209346	35.589609112513315	0.0
12.0	25.12360348548171	19.910404545330383	22.596902401048922	32.36908956813898	0.0
13.0	25.399123226308674	22.894445734263826	17.506794313262226	34.19963672616528	0.0
14.0	30.916291137511948	18.96900177522873	19.500204834084393	30.61450225317493	0.0
15.0	30.20233186795183	17.73475684679027	19.65295033175873	32.409960953499166	0.0
16.0	31.16920346734011	17.29574773053034	17.92505631014948	33.609992491980066	0.0
17.0	29.917014713509676	18.32910217563399	19.268146206971856	32.48573690388448	0.0
18.0	31.616583422036626	17.660143562870164	18.985234313163566	31.73803870192964	0.0
19.0	30.908842794759828	18.354257641921397	19.099344978165938	31.637554585152838	0.0
20.0	31.092586023412554	17.38887221327803	18.210221846262993	33.30831991704641	0.0
21.0	30.371785251381407	16.525001705436935	19.976806057711986	33.12640698546968	0.0
22.0	30.021418534535684	18.38992646757889	19.744614671014038	31.844040326871394	0.0
23.0	29.228964312997924	17.518825712103023	19.78473207464804	33.467477900251005	0.0
24.0	30.71109959213739	17.914580747247953	18.52842079417261	32.84589886644205	0.0
25.0	29.28539276799476	17.90132718617435	19.431751531106354	33.38152851472454	0.0
26.0	31.456980740902395	17.16542091767145	19.781493807627257	31.596104533798897	0.0
27.0	29.5407738785308	17.632537268647962	19.518815041121673	33.307873811699565	0.0
28.0	29.894980905619207	17.775504637206765	20.11593016912166	32.213584288052374	0.0
29.0	29.567648663393342	17.855973813420622	19.073922531369337	33.50245499181669	0.0
30.0	29.956764276654074	17.474324527066653	19.08645780766241	33.48245338861687	0.0
31.0	29.90793152833663	18.214553638409605	20.507399577167018	31.37011525608675	0.0
32.0	29.65847404457296	18.253362066613928	18.818025587168226	33.27013830164489	0.0
33.0	29.950353255680735	17.492293843258135	20.2978804659156	32.25947243514553	0.0
34.0	29.602957022245864	18.339539261017226	19.80168310214548	32.25582061459143	0.0
35.0	30.153166300686042	17.32838691198734	18.27629945853053	34.24214732879609	0.0
36.0	30.402225950325303	16.75736868666203	19.237011879918708	33.60339348309396	0.0
37.0	28.336629611948442	19.42712950965014	18.919729932483122	33.316510945918296	0.0
38.0	29.649330987356276	17.956272078781183	19.612095421252913	32.78230151260962	0.0
39.0	29.42211432234482	18.581813718135816	20.099837695549585	31.896234263969774	0.0
40.0	29.956355701036554	18.06737588652482	20.35733769776323	31.618930714675397	0.0
41.0	29.915987016175226	17.390414882299993	20.540901775728976	32.1526963257958	0.0
42.0	29.26952347180928	18.388750988789177	20.39769782602766	31.944027713373885	0.0
43.0	30.430157387959955	18.302828618968388	20.13583917514525	31.131174817926404	0.0
44.0	29.72423763024385	18.45507610059462	19.949811794228356	31.870874474933174	0.0
45.0	30.110738346561927	18.539126639936722	20.168835065324714	31.181299948176637	0.0
46.0	30.069415085848323	17.880180561048455	19.839895263681864	32.21050908942136	0.0
47.0	29.3893025666203	18.158634045222705	19.28783787469656	33.16422551346044	0.0
48.0	30.15165152878924	18.344107137986526	18.95780487139623	32.546436461828	0.0
49.0	28.23925702674322	19.879444133811557	19.563053172774012	32.31824566667122	0.0
50.0	30.070778839990727	18.462503579854626	18.77071201603775	32.6960055641169	0.0
51.0	29.723021533677908	18.365677035743996	19.920356758083653	31.990944672494443	0.0
52.0	29.311967269007845	17.87384930105694	19.9672690078418	32.84691442209342	0.0
53.0	31.516283890676995	17.628607277289838	18.857400032731437	31.997708799301726	0.0
54.0	29.982815526035843	17.976869152505387	20.373148577507433	31.667166743951334	0.0
55.0	29.614980701299764	18.32490009683447	18.679505189509143	33.380614012356624	0.0
56.0	30.030005455537374	17.756410256410255	19.03573376977632	33.177850518276045	0.0
57.0	28.207855973813423	17.399072558647028	19.832242225859247	34.56082924168031	0.0
58.0	29.953219405081764	17.82845296708992	19.313702759100394	32.90462486872792	0.0
59.0	29.935897435897434	17.20403709765412	19.844517184942717	33.01554828150573	0.0
60.0	29.565324131534798	17.639356783371298	19.375605231931694	33.41971385316221	0.0
61.0	29.682214948172398	17.902345881069284	19.383524277141298	33.03191489361702	0.0
62.0	29.55497060869328	18.368543800548274	19.424175884125965	32.65230970663248	0.0
63.0	28.70119065479194	17.914376508776474	20.234312134313498	33.15012070211809	0.0
64.0	29.6327109559335	18.716329564517668	19.988816300923336	31.662143178625495	0.0
65.0	29.789961811238406	17.847790507364973	19.56492089470813	32.797326786688494	0.0
66.0	30.64595324476936	17.9301126599198	20.40290242505251	31.021031670258324	0.0
67.0	28.955085450850415	18.128128537719764	19.788043700642415	33.1287423107874	0.0
68.0	30.773217671208585	17.444794522416355	19.344763151792897	32.43722465458216	0.0
69.0	29.53243493916744	17.372742648262314	19.550984778220307	33.54383763434994	0.0
70.0	28.93950760417377	17.23385391802496	20.034099433949397	33.792539043851875	0.0
71.0	29.933438812810298	18.34933711604561	18.813083092367286	32.9041409787768	0.0
72.0	30.401276665393638	17.971520541218833	20.286158546565552	31.341044246821976	0.0
73.0	30.51164186433511	17.949067696042995	18.723827970482727	32.81546246913917	0.0
74.0	29.846002755309424	18.611978775933327	19.269433797552956	32.27258467120429	0.0
75.0	29.72637494543867	17.812909209951986	18.916412047140987	33.54430379746836	0.0
76.0	29.449074516115832	18.296891410800267	18.797484757137205	33.456549315946695	0.0
77.0	29.353593496378544	17.340717198859686	20.162863339380465	33.14282596538131	0.0
78.0	29.869191002959912	17.797662079031003	18.438748925838528	33.89439799217055	0.0
79.0	30.21155865944648	18.266883090311403	18.279159221420485	33.24239902882163	0.0
80.0	30.161501527717157	18.012058053251856	18.879583151462242	32.946857267568745	0.0
81.0	30.40880631828784	18.7407073972528	19.106273274133486	31.744213010325872	0.0
82.0	30.318778900847075	18.347860484784004	18.769352484620317	32.56400812974861	0.0
83.0	30.402400763879417	18.603191924703314	19.04651480016369	31.947892511253578	0.0
84.0	29.916243793310414	18.038958913079064	18.577781415398047	33.46701587821247	0.0
85.0	30.180880667867083	17.519233917171388	19.104326949309762	33.19555846565177	0.0
86.0	30.06806989782695	17.463543727065627	18.924522896858416	33.54386347824901	0.0
87.0	29.912559510005863	17.77592862891675	20.598305755248475	31.713206105828913	0.0
88.0	30.51413916815584	18.27247056897704	18.145606831544054	33.067783431323065	0.0
89.0	30.17529500034104	19.36157151626765	19.155582838824092	31.30755064456722	0.0
90.0	30.7759467423333	18.678380443086326	19.026246862381317	31.51942595219906	0.0
91.0	29.457988294839087	18.76645611928896	19.70232329709008	32.073232288781874	0.0
92.0	28.696743564207853	17.685979727425273	19.306694315220803	34.31058239314606	0.0
93.0	29.405184174624832	18.521145975443385	19.537517053206003	32.53615279672579	0.0
94.0	30.01814485872931	18.118937502558015	19.090301368367918	32.77261627034475	0.0
95.0	31.079034612603518	17.67466608456008	19.135844577540688	32.11045472529572	0.0
96.0	29.450849307592602	19.059963162562248	18.956272597039362	32.53291493280578	0.0
97.0	29.417543285170478	18.453331150314494	19.799980898585133	32.329144665929896	0.0
98.0	28.75172253830516	18.065845305827295	19.540747411076094	33.641684744791455	0.0
99.0	29.37019047099274	18.377176226600447	20.02537794029362	32.22725536211319	0.0
100.0	30.356015481320853	19.129312947764266	19.224012516812607	31.290659054102278	0.0
101.0	30.755094991364423	18.97754749568221	18.828324697754752	31.43903281519862	0.0
102.0	29.383866481223926	18.15020862308762	20.552155771905426	31.91376912378303	0.0
103.0	29.000713476308388	17.481568528699935	19.557644688798423	33.96007330619326	0.0
104.0	30.50635050268946	17.398406037905882	18.962798163845783	33.132445295558874	0.0
105.0	30.31789694580722	17.492839520176958	19.7062076397357	32.48305589428012	0.0
106.0	29.443500849235686	18.630375519175598	20.254627977677234	31.67149565391148	0.0
107.0	30.2851396969044	17.397112691230337	19.21855921855922	33.09918839330604	0.0
108.0	28.725417949051398	18.878148164203044	21.13370034823067	31.26273353851489	0.0
109.0	29.313578667287025	18.00165753086061	19.688267880250663	32.9964959216017	0.0
110.0	29.27210794848179	17.715597269125624	21.032703244009767	31.979591538382817	0.0
111.0	29.41660664677436	18.366087045992387	20.22253906192583	31.994767245307425	0.0
112.0	29.268653405309475	17.877689861717077	19.51933742512756	33.334319307845895	0.0
113.0	30.57406305770375	18.480071386079715	18.9767995240928	31.969066032123738	0.0
114.0	30.699574926659885	17.716877207687244	18.87684847033467	32.7066993953182	0.0
115.0	29.07946640970821	18.07040260170436	20.75039898822608	32.09973200036135	0.0
116.0	29.66000212214458	18.001849297418563	18.380803686468298	33.95734489396856	0.0
117.0	30.597265458096807	16.68345235915278	20.88445339681377	31.834828785936644	0.0
118.0	30.61014555057422	17.498311122029108	19.306945894491186	32.58459743290548	0.0
119.0	31.2327286761868	18.365109996140486	18.513315322269396	31.88884600540332	0.0
120.0	30.49087183308495	17.627608047690018	19.21417039244908	32.66734972677596	0.0
121.0	30.012649727484263	18.098480471007136	19.735136570205988	32.15373323130261	0.0
122.0	29.488810365135453	18.74361994503337	19.616804083235177	32.150765606595996	0.0
123.0	28.46465029550267	18.931133655699885	19.45576941310325	33.14844663569419	0.0
124.0	29.017366804094173	18.834466181690836	19.692459527864887	32.45570748635011	0.0
125.0	29.237947122861584	18.490965352487535	19.64695130749868	32.6241362171522	0.0
126.0	30.099313685910374	18.239806217198222	18.9245054501413	32.7363746467501	0.0
127.0	30.580865603644646	18.027985681744223	19.079075821672635	32.312072892938495	0.0
128.0	29.418126403067497	17.839644747406886	19.61099185606371	33.13123699346191	0.0
129.0	30.52520384247186	17.09635889479418	20.791932129534878	31.58650513319909	0.0
130.0	29.274125247023264	18.91492435690918	18.60770214391285	33.20324825215471	0.0
131.0	29.579325917872374	17.961027013464918	19.24730283515932	33.21234423350339	0.0
132.0	30.817779423397347	18.07058585926587	19.597085009340763	31.514549707996025	0.0
133.0	31.102595839197	17.39941335051459	19.256006375150477	32.24198443513793	0.0
134.0	30.8932536293766	17.123825789923142	19.91460290350128	32.068317677198976	0.0
135.0	30.890673637504946	16.59414931122844	20.36218549538239	32.15299155588423	0.0
136.0	28.920845837597792	19.253386993252033	19.437264731902786	32.38850243724738	0.0
137.0	30.53420344409069	17.9275650384338	19.994371251165326	31.54386026631018	0.0
138.0	30.081026932146592	18.036914239109237	20.015602560238293	31.86645626850588	0.0
139.0	29.065613499685846	19.44349699308859	20.21901086078449	31.271878646441074	0.0
140.0	29.974939163912396	17.67878545745106	19.1824356227073	33.163839755929246	0.0
141.0	29.562324033785515	17.965921971552888	19.82887856960035	32.64287542506125	0.0
142.0	30.203442879499214	16.838810641627543	20.012887784221668	32.94485869465157	0.0
143.0	30.3202833775338	18.013389959385027	20.157267112998646	31.50905955008253	0.0
144.0	29.923364485981306	17.192523364485982	21.528971962616822	31.355140186915886	0.0
145.0	30.84819830850082	19.007704044152273	19.12637269490855	31.017724952438357	0.0
146.0	30.099318255189043	17.370250099698055	19.732619305341917	32.797812339770985	0.0
147.0	29.633108418954144	17.80785155650974	19.709400398711853	32.84963962582426	0.0
148.0	31.041948579161026	17.454088536632515	19.23835298666151	32.26560989754495	0.0
149.0	30.48756723049341	18.538077792501365	20.31140385065087	30.662951126354354	0.0
150.0	31.164087660042416	17.94046029377111	18.70041630665305	32.195035739533424	0.0
151.0	29.17392336922103	17.631808106396456	21.12294173527549	32.07132678910703	0.0
152.0	29.44414527613235	18.147549811523962	18.8216757414388	33.586629170904885	0.0
153.0	30.082770813243332	18.904693024750884	20.268804243008677	30.743731918997106	0.0
154.0	30.51911240686751	17.379332685455136	19.85341755749919	32.24813735017817	0.0
155.0	30.50436271711653	17.95441572209084	19.318274484220826	32.2229470765718	0.0
156.0	30.71576912795838	17.870581703781383	18.964489132893302	32.44916003536693	0.0
157.0	30.696825824642882	17.305579167789688	19.399581199593637	32.59801380797379	0.0
158.0	29.392336796337716	18.455653337235308	19.88126842116265	32.27074144526432	0.0
159.0	30.96111673414305	17.510121457489877	19.525978407557353	32.00278340080971	0.0
160.0	30.459757887794396	18.30308703699764	19.292385592408994	31.944769482798968	0.0
161.0	29.98884933739332	17.928978856628213	19.60372260582408	32.478449200154394	0.0
162.0	30.417215824384762	17.794870686861266	19.024263768554327	32.76364972019964	0.0
163.0	30.247343668350464	17.94112523950531	19.349851942170353	32.46167914997387	0.0
164.0	31.85061584736646	17.825542845851537	19.12749467582936	31.196346630952643	0.0
165.0	29.43170488534397	18.06137144123186	19.83161626232414	32.675307411100036	0.0
166.0	30.661740006718176	17.742693987235473	19.249804053297503	32.34576195274885	0.0
167.0	30.225988700564972	18.8316384180791	18.763841807909603	32.17853107344632	0.0
168.0	29.835578899292077	17.179721397579357	19.55240922585065	33.43229047727792	0.0
169.0	30.24322766570605	17.307204610951008	20.22593659942363	32.22363112391931	0.0
170.0	31.89904070038186	17.658563844649343	19.71686690881997	30.725528546148833	0.0
171.0	29.726871004136896	18.014291086874763	20.414159458443024	31.844678450545317	0.0
172.0	29.49104282833076	18.732945782417843	20.23015778858702	31.545853600664376	0.0
173.0	30.538061828021362	18.450228682263354	18.63940039750006	32.372309092215225	0.0
174.0	30.40978061273799	18.072871363680292	20.155600657195322	31.361747366386396	0.0
175.0	29.342631424948795	19.113917877694334	18.799375792450988	32.74407490490588	0.0
176.0	30.18389502966446	17.67312473843578	20.437704635533343	31.705275596366413	0.0
177.0	29.832935560859188	18.158313444709627	19.575377883850436	32.433373110580746	0.0
178.0	28.303356109324756	18.498794212218648	20.375301446945336	32.822548231511256	0.0
179.0	30.2350997585462	18.584318210700214	18.889312492057442	32.29126953869615	0.0
180.0	29.391501066865473	18.108434664130183	20.262731689760663	32.237332579243684	0.0
181.0	31.592777604329275	17.91029243417629	19.356852950359038	31.140077011135393	0.0
182.0	29.28330877709956	17.330561986950116	20.577246895390445	32.80888234055988	0.0
183.0	29.925611052072266	18.0047821466525	19.718384697130713	32.351222104144526	0.0
184.0	30.249979861987487	17.877184974357597	18.90825121499342	32.96458394866149	0.0
185.0	29.801880911727242	19.315933544732633	20.475919451445918	30.40626609209421	0.0
186.0	30.714383655560123	19.366515837104075	19.001782531194298	30.917317976141508	0.0
187.0	28.72794851880617	18.800621324753134	20.00443803395096	32.466992122489735	0.0
188.0	30.708528742733577	18.36052683310399	19.023280631301077	31.907663792861356	0.0
189.0	29.77792923269154	17.345373998977678	21.39489975577895	31.481797012551826	0.0
190.0	29.357666331369447	19.11768932317862	19.853427216554103	31.671217128897833	0.0
191.0	30.707470328135912	17.16604607865953	19.149988363974867	32.9764952292297	0.0
192.0	28.442698023458508	18.87907347770851	20.512896268502377	32.165332230330606	0.0
193.0	31.05697997012286	17.444590103960245	18.950641748727172	32.547788177189716	0.0
194.0	31.306035677973938	17.432295036509842	20.146655575068554	31.11501371044767	0.0
195.0	30.679478380233355	17.944718287889184	19.925750296374865	31.45005303550259	0.0
196.0	31.001991968887342	18.307142631296045	18.522148796914028	32.16871660290258	0.0
197.0	29.520000000000003	18.928	19.1232	32.4288	0.0
198.0	29.65742251223491	18.41435562805873	19.97063621533442	31.95758564437194	0.0
199.0	29.622596724424398	18.056356176460614	20.08748431724933	32.23356278186566	0.0
200.0	28.978287755943384	18.304246255324998	19.81929366497183	32.89817232375979	0.0
201.0	31.44161092530658	17.119565217391305	19.913600891861762	31.525222965440356	0.0
202.0	29.600113342542418	19.108844260262813	20.068713916339036	31.222328480855737	0.0
203.0	29.746552366753633	18.374953410361535	19.567648155050314	32.31084606783451	0.0
204.0	30.279321162641263	19.287901122576258	19.216086479948597	31.21669123483388	0.0
205.0	30.56108389467238	18.635180649112062	19.31644213104715	31.4872933251684	0.0
206.0	29.97823721436344	18.377895227732008	19.85076946992072	31.793098087983836	0.0
207.0	29.72696111264332	18.600527953981324	20.657184508096606	31.01532642527875	0.0
208.0	30.38607721544309	18.00360072014403	20.15603120624125	31.454290858171635	0.0
209.0	28.74253928295911	18.583783344837386	20.049535100897316	32.624142271306184	0.0
210.0	29.292554069671457	17.822354300808982	21.776456991910187	31.108634637609377	0.0
211.0	28.55813560038912	19.684473205599968	20.551537452945905	31.20585374106501	0.0
212.0	29.130141604855027	18.835693414250393	19.932569116655426	32.10159586423916	0.0
213.0	29.357965977684287	18.396744100969453	19.114688128772634	33.13060179257362	0.0
214.0	29.67784229256415	17.315976774676905	19.338827495785726	33.667353436973215	0.0
215.0	31.975124378109456	18.552238805970152	19.766169154228855	29.706467661691544	0.0
216.0	30.0711648563326	16.512386965594736	21.05516614051046	32.3612820375622	0.0
217.0	29.608432028106762	18.297727659092196	20.445401484671617	31.64843882812943	0.0
218.0	29.485519190016486	19.431363315281374	19.337179185307278	31.745938309394866	0.0
219.0	29.591623036649217	18.652705061082024	20.537521815008724	31.21815008726003	0.0
220.0	31.53362040410732	17.5306392845313	21.000331235508447	29.93540907585293	0.0
221.0	29.87314632839021	17.89351438270502	21.842058245488655	30.391281043416118	0.0
222.0	29.406342182890853	19.911504424778762	19.837758112094395	30.844395280235986	0.0
223.0	26.814643383126445	20.944666526404376	22.070271407532086	30.170418682937093	0.0
224.0	28.9732953072336	19.56183562354161	19.471091521908217	31.993777547316565	0.0
225.0	29.112913951323314	17.58212528261737	20.946934432770313	32.358026333289004	0.0
226.0	28.588807785888076	18.951067856177346	19.96485536631522	32.495268991619355	0.0
227.0	29.86887508626639	16.783988957902	18.8543823326432	34.492753623188406	0.0
228.0	28.001691093573843	18.22153325817362	22.364712514092446	31.41206313416009	0.0
229.0	27.526339219468767	20.507493693426323	18.979077014393827	32.987090072711084	0.0
230.0	31.33289124668435	17.00928381962865	18.71684350132626	32.94098143236074	0.0
231.0	28.450106157112526	17.232837933474876	21.97452229299363	32.34253361641897	0.0
232.0	30.35122597746852	16.059200353434946	21.00728959575878	32.58228407333775	0.0
233.0	29.55022139361454	18.130971801444883	23.44441855045444	28.87438825448613	0.0
234.0	26.248864668483197	23.22131395700878	20.920375416288223	29.609445958219798	0.0
235.0	29.616182572614107	19.968879668049794	21.78423236514523	28.63070539419087	0.0
236.0	24.26602756141402	23.367285799880165	21.509886159376872	30.85680047932894	0.0
237.0	28.72467222884386	17.044100119189512	24.910607866507746	29.32061978545888	0.0
238.0	25.728155339805824	19.781553398058254	20.87378640776699	33.616504854368934	0.0
239.0	27.351485148514854	19.925742574257427	21.782178217821784	30.94059405940594	0.0
240.0	27.19186785260483	19.3138500635324	17.662007623888183	35.83227445997459	0.0
241.0	34.99344692005242	15.727391874180865	18.872870249017037	30.40629095674967	0.0
242.0	33.0188679245283	14.959568733153638	24.12398921832884	27.897574123989216	0.0
243.0	29.338842975206614	18.319559228650135	19.97245179063361	32.36914600550964	0.0
244.0	28.510638297872344	19.29078014184397	21.98581560283688	30.21276595744681	0.0
245.0	24.873949579831933	26.05042016806723	17.478991596638654	31.596638655462183	0.0
246.0	34.112149532710276	17.289719626168225	18.69158878504673	29.906542056074763	0.0
247.0	35.960591133004925	15.763546798029557	22.660098522167488	25.615763546798032	0.0
248.0	33.33333333333333	17.20430107526882	17.741935483870968	31.72043010752688	0.0
249.0	32.0	16.0	17.142857142857142	34.85714285714286	0.0
250.0	24.418604651162788	19.767441860465116	23.25581395348837	32.55813953488372	0.0
