# Position (bp)	A	C	G	T	N
0.0	25.95611316806182	23.89060487765615	24.568040352006868	25.585241602275165	0.0
1.0	27.003145793088645	21.303642814981753	16.071783107963082	35.621428283966516	0.0
2.0	29.37008171056503	20.529211506041317	17.597942439614073	32.502764343779575	0.0
3.0	23.797199919197812	22.865560749582787	15.22031588291059	38.11692344830881	0.0
4.0	34.185439646091986	13.71532678360346	15.250113814575105	36.84911975572945	0.0
5.0	35.214855069913256	15.006484653879715	24.335905406180014	25.442754870027024	0.0
6.0	32.12096265177399	17.39289800124091	21.4143996867899	29.0717396601952	0.0
7.0	35.35174627032271	17.829612231551557	20.623212340960567	26.19542915716517	0.0
8.0	22.898963262506868	27.079583991022027	23.226469605313042	26.79498314115807	0.0
9.0	27.60618187705498	19.09700026916493	15.710566918993424	37.58625093478667	0.0
10.0	27.066125744603042	16.948826149288994	25.242960733764374	30.74208737234359	0.0
11.0	28.103349276522888	19.587530725193332	19.552150453474187	32.75696954480959	0.0
12.0	25.556103792409818	20.83871188324611	20.606335063072752	32.998849261271324	0.0
13.0	26.73868644162959	21.3299462575181	19.82071202335936	32.11065527749295	0.0
14.0	30.783568268840455	19.134861014694796	20.00247376982745	30.0790969466373	0.0
15.0	29.781356289559785	19.121168128861285	20.58627339313063	30.5112021884483	0.0
16.0	29.0728625773933	18.771035842511367	18.84491373817124	33.311187841924095	0.0
17.0	30.069108011561692	18.089240743726496	20.406254682313314	31.4353965623985	0.0
18.0	32.41974242625869	17.866417099716053	19.610525387817052	30.103315086208198	0.0
19.0	30.605124994092115	18.957054618357315	20.249666393032417	30.188153994518153	0.0
20.0	30.089638960332866	18.166789070227914	20.68009563902536	31.06347633041386	0.0
21.0	29.384262600387963	19.639134636431255	19.977434392305703	30.99916837087508	0.0
22.0	30.395524957086128	18.93744546728607	23.059104662922046	27.607924912705755	0.0
23.0	29.93834681783702	20.439858398465326	22.103585927132393	27.518208856565263	0.0
24.0	33.756499930781374	19.717822640088947	17.657420421204563	28.868257007925113	0.0
25.0	29.98292830659729	20.825236876868942	20.262990559785955	28.92884425674781	0.0
26.0	31.346116265170693	16.84320489283515	23.08602115576001	28.72465768623414	0.0
27.0	26.50206935203655	21.07214458078484	24.991712200679718	27.43407386649889	0.0
28.0	27.449744427397704	20.029105343376347	19.54665318719097	32.974497042034976	0.0
29.0	28.203791705898933	21.019333952557922	17.570285398623874	33.20658894291927	0.0
30.0	26.94222551575577	19.20728661839521	16.239362587096718	37.611125278752304	0.0
31.0	34.6498623912593	14.778332005980074	18.736908484000974	31.834897118759653	0.0
32.0	34.57836369923854	15.363339865336759	23.445083706832836	26.61321272859187	0.0
33.0	31.291835531306738	17.649472895057404	21.15909856589404	29.899593007741814	0.0
34.0	33.076541899077306	16.87153040724492	22.55311221940914	27.49881547426864	0.0
35.0	27.212484433817764	20.901458597511876	25.630993513656037	26.255063455014326	0.0
