# Position (bp)	A	C	G	T	N
0.0	26.094758273232337	24.597122053901103	23.706822181579764	25.601297491286797	0.0
1.0	25.709257442581574	20.604082759436636	14.938403671624279	38.74825612635751	0.0
2.0	27.7155679920389	19.67219575637849	18.62286747427175	33.989368777310865	0.0
3.0	23.65022231632437	23.031281851798965	15.666530437394444	37.651965394482225	0.0
4.0	33.38485773358275	14.25223983459683	14.912867972826621	37.4500344589938	0.0
5.0	34.710381976043486	15.517623041542661	22.92249797082913	26.849497011584724	0.0
6.0	32.18120557782642	18.213521556282434	20.536632153660754	29.068640712230394	0.0
7.0	34.55950343307954	17.484113399830807	19.707745578311595	28.24863758877806	0.0
8.0	23.584005508557937	25.946291560102303	22.023411371237458	28.4462915601023	0.0
9.0	30.178091017740243	18.35355567250139	15.644565543494835	35.82378776626353	0.0
10.0	27.002822886032124	16.81928611474491	24.335343123272583	31.842547875950387	0.0
11.0	28.18644084466869	18.63818319514522	19.823355266393243	33.352020693792845	0.0
12.0	26.63394916329411	19.983083936132022	20.939529989132414	32.44343691144145	0.0
13.0	26.91505787708618	21.175047452326393	18.475428054405445	33.43446661618198	0.0
14.0	30.466379840196684	18.62814996926859	19.88297480024585	31.022495390288874	0.0
15.0	30.23319845222701	18.958744081538335	18.410041841004183	32.39801562523047	0.0
16.0	29.94287512167304	17.145329230043163	18.49725190989804	34.41454373838575	0.0
17.0	30.165065819872783	18.04909700443387	20.06989982008907	31.715937355604275	0.0
18.0	31.413882758857962	17.484431905868938	18.826212394512954	32.275472940760146	0.0
19.0	29.800397043792753	18.157382655869174	19.71361742275336	32.328602877584714	0.0
20.0	30.55573297696197	17.96809362609503	19.377693052232317	32.09848034471069	0.0
21.0	29.87875572324078	17.51557311010238	19.74444378942404	32.8612273772328	0.0
22.0	28.698655034532898	18.768113806281743	19.272598661911637	33.26063249727372	0.0
23.0	29.667760378804253	17.632178713873117	20.540012181464526	32.160048725858104	0.0
24.0	31.00906166351514	18.55602760246556	18.23432626900125	32.20058446501805	0.0
25.0	29.35540112467156	17.98836038602264	19.4111435797952	33.2450949095106	0.0
26.0	31.404605570097683	17.58249313682639	20.118552422859892	30.89434887021604	0.0
27.0	28.814033778109543	18.38495651277115	19.480608772093525	33.32040093702578	0.0
28.0	30.19908462324193	17.541447316728213	19.820558654828318	32.438909405201535	0.0
29.0	29.155372225495974	17.979277155765075	20.08593596542919	32.779414653309765	0.0
30.0	29.930659909445378	17.878153942858265	19.40294842707996	32.7882377206164	0.0
31.0	29.974365773888444	17.990119528173096	19.67500515630985	32.36050954162861	0.0
32.0	30.16004753790018	17.998104377120914	19.09078854965206	32.751059535326846	0.0
33.0	30.9476568869157	17.95469948629296	19.621546228722412	31.47609739806893	0.0
34.0	30.17008089033392	18.026216915755196	19.497173504118187	32.30652868979269	0.0
35.0	29.905412971093497	18.480321379811613	19.852962842914813	31.76130280618008	0.0
36.0	30.435102918858387	17.684067836567504	19.0617218464984	32.8191073980757	0.0
37.0	28.65556248679926	19.307224921041126	19.09257467323552	32.944637918924094	0.0
38.0	30.199097112035723	18.012074530011937	19.416021103409655	32.372807254542685	0.0
39.0	29.061399328974453	18.89875177458257	19.766270895863318	32.273578000579654	0.0
40.0	30.633719787777558	18.196600510905874	19.268520337983887	31.901159363332678	0.0
41.0	30.438947233984027	17.830020925640294	20.636316301368517	31.09471553900716	0.0
42.0	30.484995259592573	18.9881563499354	19.324160358404278	31.202688032067748	0.0
43.0	30.070304554811518	18.437873078415862	19.16892253725257	32.322899829520054	0.0
44.0	29.617400960059747	18.408187531015237	20.239376206830475	31.735035302094545	0.0
45.0	29.7714274483599	19.43751105520725	19.091605903972013	31.69945559246084	0.0
46.0	30.471506205839287	17.907506952701972	18.846981593765662	32.774005247693076	0.0
47.0	30.121263339950076	18.285312788663745	19.99223678779898	31.601187083587195	0.0
48.0	30.479601814045587	18.705011227232305	19.44645076969188	31.368936189030233	0.0
49.0	29.314267462715904	18.470307854843863	18.997567627331023	33.217857055109214	0.0
50.0	29.854046881910655	18.28640228021033	20.041771094402673	31.817779743476336	0.0
51.0	30.054795193748923	19.185689362852298	19.3916013465366	31.367914096862176	0.0
52.0	30.14399449577354	18.719775899351287	18.755160212305878	32.381069392569295	0.0
53.0	31.109265502294996	18.463186656575882	19.624445907826583	30.803101933302536	0.0
54.0	30.58694017564466	17.997926075909554	19.4560618049037	31.959071943542085	0.0
55.0	29.91629434114357	17.792490575126195	18.82959533253707	33.46161975119316	0.0
56.0	29.71204703199041	18.37629524764545	20.19898149786665	31.712676222497493	0.0
57.0	28.534279773286997	18.618780999759128	19.29715035712706	33.54978886982682	0.0
58.0	29.642174188759384	18.193124671251528	18.96884816367864	33.19585297631045	0.0
59.0	29.133115063563697	18.077554592022338	20.330550885369043	32.458779459044926	0.0
60.0	29.74368050025071	18.71073356340147	19.39454718854772	32.1510387478001	0.0
61.0	30.06415771490376	17.682456183476315	19.269929451095106	32.983456650524815	0.0
62.0	29.32630616368651	18.349467308420312	19.401084557106405	32.92314197078677	0.0
63.0	29.4275236934209	18.26113885721027	19.648826143379605	32.66251130598922	0.0
64.0	28.24136659702593	18.744500430133957	19.476465527835813	33.537667445004296	0.0
65.0	30.166144647624854	17.793064112461092	20.65621972986129	31.384571510052762	0.0
66.0	30.18144269066234	18.003638688105422	20.325023356443918	31.489895264788316	0.0
67.0	29.28750553178935	17.65747160348134	19.51172739342086	33.543295471308454	0.0
68.0	29.42940875653987	18.439970890208883	19.827111443294914	32.303508909956335	0.0
69.0	30.031273356673616	17.974804295661066	19.499134573777585	32.49478777388773	0.0
70.0	28.785964015086325	18.365189341227264	19.56452255326682	33.284324090419595	0.0
71.0	29.945808786647916	17.56542777619324	20.67084984804823	31.817913589110614	0.0
72.0	29.97654279096529	18.47464211773847	19.38637514814432	32.162439943151924	0.0
73.0	30.21165270073567	17.266611589755694	18.8761359612888	33.64559974821984	0.0
74.0	29.593457553270486	18.0817215722723	20.646769839045188	31.678051035412025	0.0
75.0	29.980377982030365	18.13536733499555	19.43415804822394	32.45009663475015	0.0
76.0	28.95650548845261	18.35090687335248	19.049258370382027	33.64332926781288	0.0
77.0	29.258900424426926	17.944947450733526	21.24790368508801	31.548248439751543	0.0
78.0	30.460035803513463	17.629295929809377	18.5120886038597	33.39857966281746	0.0
79.0	30.025673057061077	17.53587834315336	19.10577102780756	33.332677571978	0.0
80.0	31.060430939933013	17.76631271425269	19.8482217948781	31.32503455093619	0.0
81.0	30.23716775856303	18.29172322886541	19.054575144110643	32.41653386846092	0.0
82.0	29.928436170474388	17.929321496200476	18.986302043626885	33.15594028969825	0.0
83.0	29.6996197905651	18.314978677776192	20.052727621502246	31.93267391015646	0.0
84.0	31.079751704327467	17.7013959253539	18.836138628471367	32.38271374184726	0.0
85.0	29.579730248207063	17.275133055908075	19.117748330037678	34.02738836584718	0.0
86.0	30.24294505083695	17.782357831153437	19.94421954086878	32.03047757714083	0.0
87.0	29.578434748389	18.75989965074524	20.091986816862608	31.56967878400315	0.0
88.0	29.793984829255333	17.91958127957656	18.953592475625474	33.33284141554264	0.0
89.0	30.152249305162705	18.392896672159775	19.972452468209656	31.482401554467863	0.0
90.0	30.764160132230106	18.123591857616514	19.045955864267373	32.06629214588601	0.0
91.0	30.282861078315626	18.034730421094057	19.489374262101535	32.193034238488785	0.0
92.0	28.988237840603308	18.17846408138568	20.270662488501028	32.56263558950999	0.0
93.0	30.203613788082272	18.41969332487197	19.61264678246924	31.764046104576515	0.0
94.0	30.35981345192648	17.25176118698099	19.764650320752487	32.623775040340036	0.0
95.0	30.436921623709186	18.203509738614503	20.69387935826983	30.665689279406482	0.0
96.0	30.191231962845798	18.81128204623612	19.372629279596186	31.624856711321897	0.0
97.0	29.91202778898478	18.51647756905425	19.805555828897	31.765938813063972	0.0
98.0	29.07203306435741	18.100767565439874	20.77543790592403	32.051761464278684	0.0
99.0	29.91787751005004	18.571295016065303	19.25277883020966	32.25804864367499	0.0
100.0	29.78204294079375	18.544587054671634	19.82610752942568	31.847262475108927	0.0
101.0	29.891776601627303	18.40538352160518	20.65723990836559	31.045599968401927	0.0
102.0	30.178589096665675	17.92816859602256	19.74621549421193	32.147026813099835	0.0
103.0	29.98671596958552	17.376800531361216	19.672261160072566	32.9642223389807	0.0
104.0	30.10947182206232	18.05713604221846	19.775490834281626	32.057901301437596	0.0
105.0	30.736191733725306	18.03981165450061	19.44841675178754	31.775579859986546	0.0
106.0	29.429399420405716	17.827520735485162	19.8725891875687	32.870490656540426	0.0
107.0	29.694975027927644	18.152216928910995	20.188555426979857	31.964252616181504	0.0
108.0	29.501069352263716	19.292520558673804	20.106332774391774	31.10007731467071	0.0
109.0	28.97091835193928	18.281978236579054	19.94242055143395	32.80468286004771	0.0
110.0	29.484728492521878	17.535372897172692	21.161189437312416	31.818709172993014	0.0
111.0	29.28863103420393	18.55239750950109	19.79966847254791	32.35930298374707	0.0
112.0	29.005541653580803	17.892854610108706	19.13896684125746	33.96263689505303	0.0
113.0	30.49863648136017	17.619098401864743	20.27910236292448	31.603162753850604	0.0
114.0	30.025005984120433	18.47438032523058	19.021354397437268	32.47925929321171	0.0
115.0	29.682799899901436	17.34973724126308	20.388954429616916	32.578508429218566	0.0
116.0	30.15750249699081	18.041334801649295	20.327297871795526	31.47386482956437	0.0
117.0	30.243047885211123	18.314128217905708	19.246042958495373	32.196780938387796	0.0
118.0	29.901256316350654	17.85730842334616	19.854331175085893	32.387104085217295	0.0
119.0	30.519232358287883	17.67114939679392	19.551003966286565	32.25861427863163	0.0
120.0	29.9307644905209	17.80755946123692	19.845268734238175	32.41640731400401	0.0
121.0	29.75511242400802	17.430263888816782	19.525591971716185	33.28903171545902	0.0
122.0	29.846456631417816	17.78114472855261	20.05383650156459	32.31856213846498	0.0
123.0	28.975632169504443	18.451047654850854	19.515149616495147	33.05817055914955	0.0
124.0	29.33021774210449	17.84164972651256	19.311251755139676	33.51688077624327	0.0
125.0	29.042194736039782	18.151043172463822	20.38036764667231	32.42639444482408	0.0
126.0	29.728660289858134	18.18445613350146	19.463335109554134	32.62354846708628	0.0
127.0	29.990259809007558	17.45982171215618	18.907087047663413	33.64283143117285	0.0
128.0	29.366706683523326	17.693116746523312	21.310038564917612	31.63013800503575	0.0
129.0	29.85377763325533	17.886252538767852	19.252522775612903	33.00744705236392	0.0
130.0	29.850379132220358	17.89889094467557	19.861929563757315	32.38880035934676	0.0
131.0	30.029123245498766	17.86654795681393	20.478522276869278	31.625806520818024	0.0
132.0	30.438758822516782	18.073248407643312	19.02812446204166	32.459868307798246	0.0
133.0	29.872610433966234	17.82051074529101	20.02244559909786	32.284433221644896	0.0
134.0	30.585502412293764	17.293790847903658	20.417589438972485	31.70311730083009	0.0
135.0	29.611128022264744	18.247195164376414	20.55357453470169	31.58810227865716	0.0
136.0	28.34609152067045	18.481457434213038	19.86894440776731	33.30350663734921	0.0
137.0	30.632373166468497	18.001347923047838	22.8566105762645	28.509668334219164	0.0
138.0	30.883324160704458	19.87616951018162	19.399009356081454	29.841496973032474	0.0
139.0	30.781005642162036	18.77828679424621	19.79564431722103	30.645063246370725	0.0
140.0	29.167267443794987	21.25752819955413	20.036379365801178	29.538824990849704	0.0
141.0	31.4395414835012	17.118134772689334	20.584831116799286	30.857492627010185	0.0
142.0	26.83692156512417	19.94651152403073	24.351214936573164	28.86535197427193	0.0
143.0	27.80331139932965	19.281558622081228	18.85446209378188	34.060667884807245	0.0
144.0	28.15755263291182	19.547759337734185	18.667026838423574	33.627661190930425	0.0
145.0	27.21351148102704	19.427560119192343	16.96398785459439	36.39494054518622	0.0
146.0	32.83477687228803	14.543820838143551	19.932780182096327	32.68862210747209	0.0
147.0	34.065612016802376	16.22601610131994	22.190744901536004	27.51762698034168	0.0
148.0	31.887101220606606	16.83686337534973	21.025989946565467	30.250045457478198	0.0
149.0	32.85627455526383	17.1114550501601	23.229671217941085	26.802599176634985	0.0
150.0	28.364900142030802	17.557070198129	25.485404153012404	28.592625506827794	0.0
