# Position (bp)	A	C	G	T	N
0.0	27.325581395348834	23.25581395348837	20.930232558139537	28.488372093023255	0.0
1.0	27.167630057803464	16.76300578034682	19.653179190751445	36.41618497109826	0.0
2.0	25.287356321839084	22.988505747126435	18.39080459770115	33.33333333333333	0.0
3.0	22.413793103448278	18.39080459770115	16.091954022988507	43.103448275862064	0.0
4.0	36.0	12.0	16.0	36.0	0.0
5.0	34.285714285714285	15.428571428571427	21.142857142857142	29.142857142857142	0.0
6.0	35.42857142857142	20.0	20.0	24.571428571428573	0.0
7.0	36.0	16.57142857142857	19.428571428571427	28.000000000000004	0.0
8.0	21.142857142857142	26.285714285714285	24.0	28.57142857142857	0.0
9.0	28.000000000000004	16.0	17.142857142857142	38.857142857142854	0.0
10.0	23.42857142857143	12.571428571428573	29.714285714285715	34.285714285714285	0.0
11.0	28.000000000000004	17.142857142857142	17.142857142857142	37.142857142857146	0.5714285714285714
12.0	32.57142857142858	18.857142857142858	17.142857142857142	31.428571428571427	0.0
13.0	29.714285714285715	24.0	16.0	30.28571428571429	0.0
14.0	28.57142857142857	19.428571428571427	14.857142857142858	37.142857142857146	0.0
15.0	29.714285714285715	20.0	18.857142857142858	31.428571428571427	0.0
16.0	32.0	18.285714285714285	21.714285714285715	28.000000000000004	0.0
17.0	29.714285714285715	18.285714285714285	20.0	32.0	0.0
18.0	33.714285714285715	14.857142857142858	20.0	31.428571428571427	0.0
19.0	37.142857142857146	14.285714285714285	19.428571428571427	29.142857142857142	0.0
20.0	37.142857142857146	11.428571428571429	16.0	35.42857142857142	0.0
21.0	30.857142857142854	20.57142857142857	18.857142857142858	29.714285714285715	0.0
22.0	34.285714285714285	20.0	17.142857142857142	28.57142857142857	0.0
23.0	32.0	22.285714285714285	17.142857142857142	28.57142857142857	0.0
24.0	35.42857142857142	19.428571428571427	16.0	29.142857142857142	0.0
25.0	33.14285714285714	17.142857142857142	21.142857142857142	28.57142857142857	0.0
26.0	34.285714285714285	16.57142857142857	15.428571428571427	33.714285714285715	0.0
27.0	23.42857142857143	13.142857142857142	24.0	39.42857142857143	0.0
28.0	28.57142857142857	21.714285714285715	15.428571428571427	34.285714285714285	0.0
29.0	28.000000000000004	20.0	18.857142857142858	33.14285714285714	0.0
30.0	33.714285714285715	16.0	17.71428571428571	32.0	0.5714285714285714
31.0	28.000000000000004	17.71428571428571	28.000000000000004	26.285714285714285	0.0
32.0	28.57142857142857	16.57142857142857	16.57142857142857	38.285714285714285	0.0
33.0	32.57142857142858	14.285714285714285	15.428571428571427	37.714285714285715	0.0
34.0	28.000000000000004	19.428571428571427	22.857142857142858	29.714285714285715	0.0
35.0	32.0	17.71428571428571	15.428571428571427	34.85714285714286	0.0
36.0	37.142857142857146	16.0	19.428571428571427	27.42857142857143	0.0
37.0	26.857142857142858	27.42857142857143	18.285714285714285	27.42857142857143	0.0
38.0	33.14285714285714	20.0	14.285714285714285	32.57142857142858	0.0
39.0	32.57142857142858	17.71428571428571	20.57142857142857	29.142857142857142	0.0
40.0	32.57142857142858	14.857142857142858	17.71428571428571	34.85714285714286	0.0
41.0	26.857142857142858	18.857142857142858	22.285714285714285	32.0	0.0
42.0	29.142857142857142	19.428571428571427	19.428571428571427	32.0	0.0
43.0	32.947976878612714	17.341040462427745	21.965317919075144	27.74566473988439	0.0
44.0	29.651162790697676	28.488372093023255	15.11627906976744	26.744186046511626	0.0
45.0	36.04651162790697	17.441860465116278	14.534883720930234	31.976744186046513	0.0
46.0	33.13953488372093	19.767441860465116	16.86046511627907	30.23255813953488	0.0
47.0	26.16279069767442	20.930232558139537	21.511627906976745	31.3953488372093	0.0
48.0	28.654970760233915	11.11111111111111	16.95906432748538	43.27485380116959	0.0
49.0	30.994152046783626	18.128654970760234	19.883040935672515	30.994152046783626	0.0
50.0	27.058823529411764	15.88235294117647	21.764705882352942	35.294117647058826	0.0
51.0	27.218934911242602	18.93491124260355	16.56804733727811	37.278106508875744	0.0
52.0	25.443786982248522	23.076923076923077	23.668639053254438	27.810650887573964	0.0
53.0	33.33333333333333	14.880952380952381	22.023809523809522	29.761904761904763	0.0
54.0	30.952380952380953	17.857142857142858	17.261904761904763	33.92857142857143	0.0
55.0	22.023809523809522	19.047619047619047	25.0	33.92857142857143	0.0
56.0	27.380952380952383	14.880952380952381	27.380952380952383	30.357142857142854	0.0
57.0	32.142857142857146	15.476190476190476	19.047619047619047	33.33333333333333	0.0
58.0	31.547619047619047	15.476190476190476	24.404761904761905	28.57142857142857	0.0
59.0	28.57142857142857	20.833333333333336	23.809523809523807	26.785714285714285	0.0
60.0	32.142857142857146	15.476190476190476	16.666666666666664	35.714285714285715	0.0
61.0	26.785714285714285	20.833333333333336	20.833333333333336	31.547619047619047	0.0
62.0	33.92857142857143	16.666666666666664	17.857142857142858	31.547619047619047	0.0
63.0	22.023809523809522	23.214285714285715	22.61904761904762	32.142857142857146	0.0
64.0	28.57142857142857	17.857142857142858	18.452380952380953	35.11904761904761	0.0
65.0	31.736526946107784	22.15568862275449	16.16766467065868	29.94011976047904	0.0
66.0	23.49397590361446	21.686746987951807	18.072289156626507	36.74698795180723	0.0
67.0	28.484848484848484	15.757575757575756	21.21212121212121	34.54545454545455	0.0
68.0	35.58282208588957	11.65644171779141	20.858895705521473	31.901840490797547	0.0
69.0	33.97435897435898	16.025641025641026	25.64102564102564	24.358974358974358	0.0
70.0	37.83783783783784	16.216216216216218	23.64864864864865	22.2972972972973	0.0
71.0	28.205128205128204	17.094017094017094	32.47863247863248	22.22222222222222	0.0
