# Position (bp)	A	C	G	T	N
0.0	26.920873762485105	24.20863429437739	23.94341941203371	24.926754591184906	3.179399188935267E-4
1.0	26.826365069260355	20.284716481757727	15.370931660232067	37.51788121698903	1.0557176082084155E-4
2.0	28.18712632167997	19.931175869163674	18.016344021778004	33.86477525655213	5.785308262261698E-4
3.0	23.34642785175732	22.44394510587564	15.230327786267233	38.97678040671021	0.002518849389598831
4.0	34.61753488162704	13.544132442870769	14.353369439014866	37.483235775404935	0.001727461082395706
5.0	36.197319464060016	14.816254596051667	22.908179286900737	26.07359639181533	0.004650261172252466
6.0	32.56577419609026	17.556519338659943	20.208517391147794	29.669032521678595	1.5655242340542226E-4
7.0	35.7814690482608	16.623333832091046	20.37100274803334	27.22362088713878	5.734844760359085E-4
8.0	22.782944811425708	27.24448976635536	22.525638173091604	27.446718819286637	2.0842984069186198E-4
9.0	28.64984220558061	18.37565487287915	16.051754486465093	36.921654810386315	0.0010936246888377374
10.0	26.33372876671114	17.09485039552881	25.513989648633412	31.055505208216754	0.0019259809098854355
11.0	28.12627776488814	18.76422123058708	20.06443316398776	33.04496379861229	1.040419247339908E-4
12.0	26.02874753574726	19.82766867134147	21.701384556517688	32.44214724793918	5.198845440404595E-5
13.0	27.138528858446538	21.7876334306888	18.617050025464863	32.45647587074243	3.118146573676607E-4
14.0	31.534595836234942	18.127345106068955	20.898857718971843	29.439045431395577	1.5590732868383034E-4
15.0	29.547504963049963	18.995177266632712	19.833283096527424	31.623826797351658	2.078764382451071E-4
16.0	30.302304310317947	17.26933510721227	19.522715697789234	32.90512519358494	5.196910956127678E-4
17.0	30.014239536019787	18.236064483271143	20.59868414214591	31.150440178357986	5.716602051740445E-4
18.0	31.034497094926778	18.263712049557743	18.388282005176123	32.313404912120234	1.0393821912255355E-4
19.0	30.508621675276217	18.452152040826935	19.79363066593217	31.245335772416876	2.598455478063839E-4
20.0	30.078317448108844	18.129527808670527	19.38536134121878	32.4063256800158	4.67721986051491E-4
21.0	29.8084938312667	17.72998929436343	19.589911756451965	32.87061770483625	9.874130816642586E-4
22.0	28.44867011048633	19.14807038696199	19.930621238735696	32.47263826381599	0.0
23.0	29.653469977445408	17.59798775607779	20.5454158048456	32.20167132656349	0.0014551350677157497
24.0	30.918450073276443	18.21964224464978	18.798370248724158	32.06338152602093	1.5590732868383034E-4
25.0	29.33172922015154	18.211898847325152	19.37777385122283	33.07849414308136	1.0393821912255355E-4
26.0	31.824947251353798	17.921443493987173	19.952552202970555	30.300537360592866	5.196910956127678E-4
27.0	29.160854787914065	18.273638149483947	20.08237103865462	32.48303208572824	1.0393821912255355E-4
28.0	30.03840517196578	18.123447422851857	19.85547390631009	31.982413653324464	2.598455478063839E-4
29.0	29.35355624616728	18.52849466277245	19.705127272349316	32.41282181871096	0.0
30.0	29.64727257419666	18.38609441854881	19.781911955085214	32.18347376566709	0.001247286502229265
31.0	30.17562569218912	18.342914192196137	19.690003217006584	31.789793825738027	0.0016630728701363564
32.0	28.691758349414304	18.572311351128857	20.171954200290315	32.563508352142826	4.6774702369970227E-4
33.0	29.26253377621603	18.53153304391077	19.832375376872147	32.373401882788535	1.5592021250885498E-4
34.0	29.644432917514944	18.045922109026158	19.534126092712203	32.77447937808635	0.0010395026603471835
35.0	29.642522739955574	17.52350850537125	19.947175879103728	32.88658445528577	2.0842028367042711E-4
36.0	30.70356281062232	17.178417914369913	19.188299432094286	32.92909416640075	6.256765127293887E-4
37.0	28.90015875309694	18.949057628469756	19.134000030258562	33.01610537908497	6.782090897755806E-4
38.0	30.112008988285368	18.507274266960845	19.74138840189581	31.639015089418194	3.1325343978381336E-4
39.0	29.221930225432445	18.68473863033869	20.072240447330252	32.020201808939284	8.88887959332853E-4
40.0	29.53787687914672	18.954029142521208	19.9914441085076	31.514760225077687	0.001889644746787604
41.0	29.647952412863333	18.50729207912701	20.623183966230933	31.220886121666286	6.854201124405332E-4
42.0	29.209842983991663	18.57654332087007	19.79697391175584	32.41626958733718	3.7019604524853375E-4
43.0	29.029055505259212	18.543079705458933	20.574304196552944	31.853401576172114	1.5901655680389444E-4
44.0	29.389165203952384	18.95937947278555	20.30681151299979	31.34443137369451	2.1243656776859284E-4
45.0	29.095748048757	18.61775004615729	19.827044502014694	32.458499672509355	9.577305616610879E-4
46.0	30.018464096258423	17.73022170237369	19.457427335921327	32.793673715706205	2.1314974035697252E-4
47.0	29.20485666313289	18.027990317405354	20.248509969903285	32.51826957500196	3.7347455651230255E-4
48.0	29.871387548767824	17.834494929855524	19.182206848220428	33.111269694082054	6.409790741698253E-4
49.0	29.281801940584312	17.673063962258095	20.19865849353317	32.8463151363437	1.6046728072146088E-4
50.0	29.56028800803025	18.847710499166734	19.880339827169443	31.710482008077438	0.0011796575561356134
51.0	29.884900931472398	18.43587568310129	19.48044467794654	32.19856338792402	2.1531955575269254E-4
52.0	29.719883472216512	17.91279448244838	19.957383445182415	32.40983046375376	1.0813639892815201E-4
53.0	31.04804380215188	17.43360611944383	19.795182371414796	31.723167706989493	0.0
54.0	29.90207191202276	18.372497302481715	19.712319211779707	32.01196717201992	0.0011444016958943226
55.0	28.374271946823075	18.57360340883312	18.582513604447445	34.469556376119584	5.466377677500117E-5
56.0	29.055481156272663	18.369721983005537	20.663991216072876	31.910476740737654	3.289039112704955E-4
57.0	27.735200098004047	18.39789752754029	20.141809218423223	33.72459874099958	4.944150328538789E-4
58.0	30.5077439876334	17.995976891901265	22.273474461411084	29.22263950683345	1.651522208019131E-4
59.0	29.663559126122152	19.958366276352805	21.243185415727574	29.134668488854732	2.206929427362504E-4
60.0	30.901499083493466	19.24785548547157	19.70151237422263	30.149077678774148	5.5378038177619524E-5
61.0	29.02897432362111	20.907368449143156	19.69120963186664	30.36989018711333	0.0025574082557586163
62.0	30.622084737793426	16.168645909449992	22.15026218141422	31.05872763043798	2.795409043819155E-4
63.0	26.31202460582559	19.917098853848035	25.854126625450597	27.916581073437584	1.688414381913705E-4
64.0	25.95816832229862	19.428007051797184	18.70906579544238	35.90419251202436	5.663184374594728E-4
65.0	27.37517717128427	19.05141540565889	19.067360109426225	34.50490840621866	0.0011389074119524916
66.0	26.425913531098793	19.516451604222503	17.220550033866825	36.83353496928511	0.00354986152677254
67.0	33.1976390108897	14.023697386310916	18.163544661123	34.61310424938897	0.002014692287412548
68.0	33.799679643234285	15.337940235445313	23.103180651710854	27.75704198866098	0.00215748094856857
69.0	31.889988959614808	17.053972901954833	20.68771779466074	30.36778469165781	5.356521118084508E-4
70.0	32.65098947438537	15.910881336088242	22.317454177005047	29.120482869136268	1.9214338507968185E-4
71.0	25.53200247961101	19.54186926509237	26.13882915867573	28.78673408109103	5.650155298554206E-4
