# Position (bp)	A	C	G	T	N
0.0	25.677677370998868	21.36193353639605	25.525311945640833	27.435077146964247	0.0
1.0	27.347542252683148	20.996338579500147	17.112251192321	34.5438679754957	0.0
2.0	24.739670947359784	18.567677347884953	18.985352644319534	37.70729906043573	0.0
3.0	24.720550065777058	21.88885454928356	18.286295671295218	35.10429971364416	0.0
4.0	33.834307842933484	14.0017612278274	20.790556099482025	31.373374829757093	0.0
5.0	35.359912269546896	12.839603408032751	26.166400713220145	25.63408360920021	0.0
6.0	35.27331796441083	16.549348735072044	21.419820440666935	26.757512859850195	0.0
7.0	34.77820347687688	14.884199817870064	22.215203200673823	28.12239350457923	0.0
8.0	24.521088513507973	24.21917943080293	24.79483035389542	26.464901701793682	0.0
9.0	34.994516959141095	13.62843305357519	18.139567318341797	33.23748266894192	0.0
10.0	25.41792803953259	14.877910045313708	25.915640476600675	33.788521438553026	0.0
11.0	29.859054401063247	19.230022451753342	17.529322646189353	33.381600500994054	0.0
12.0	28.45616165262407	22.06643640629743	19.431978844486743	30.04542309659176	0.0
13.0	28.537928695856678	20.871106152217966	19.8352079590235	30.755757192901857	0.0
14.0	32.84696983370388	18.780166979787953	19.3781055751997	28.994757611308465	0.0
15.0	30.59140270132058	18.04891255301868	19.723359394869185	31.636325350791555	0.0
16.0	34.7679484129263	17.97234140885436	17.479141199924523	29.780568978294813	0.0
17.0	28.261315437563066	17.733876988456903	18.993882512518017	35.01092506146202	0.0
18.0	35.98406226327894	15.572382976046907	19.777232664156227	28.666322096517927	0.0
19.0	27.925769745100133	18.14353260973602	22.423039163405555	31.507658481758295	0.0
20.0	26.46066294202744	16.457600096260865	25.325222261419356	31.75651470029234	0.0
21.0	32.32915747129266	17.958667990253588	21.112715458893604	28.59945907956015	0.0
22.0	27.43721849849456	20.41208948979006	26.8923327672538	25.25835924446158	0.0
23.0	33.8075274904081	19.495833709352343	22.01912637793876	24.677512422300797	0.0
24.0	28.694079136277495	26.54817282107238	14.854255031134375	29.903493011515753	0.0
25.0	29.00091064967881	20.532825776034873	22.770070527493143	27.696193046793173	0.0
26.0	30.395736081143536	20.230643224957817	18.32990130526454	31.043719388634106	0.0
27.0	27.44255113174886	18.21148950018186	25.361730289083418	28.98422907898587	0.0
28.0	27.818159940712057	21.03628104891529	17.582512244546358	33.5630467658263	0.0
29.0	28.416235270309816	20.22339631309941	16.99961440959546	34.36075400699532	0.0
30.0	29.558810630646438	18.155205683711955	16.44784448732567	35.838139198315936	0.0
31.0	36.421228126553565	14.60202755964986	20.11752814605461	28.85921616774197	0.0
32.0	38.714739583620116	14.357314729672435	22.101116109529602	24.826829577177843	0.0
33.0	29.617727081587013	19.218773061831467	19.4298627916756	31.733637064905917	0.0
34.0	37.06416702878308	11.474360679773802	24.362453405224528	27.09901888621859	0.0
35.0	23.70320805029643	21.189581453888636	30.466819212853707	24.640391282961225	0.0
