# Position (bp)	A	C	G	T	N
0.0	28.58788510514835	20.817760775422045	20.49237580459708	30.10197831483253	0.0
1.0	30.659259179660214	17.42228048872221	19.401240073501757	32.51722025811582	0.0
2.0	30.14286846292723	17.168630188913614	19.23766364767536	33.450837700483795	0.0
3.0	31.88060974309775	17.529474469672742	19.163202217247626	31.426713569981878	0.0
4.0	31.275460707454744	17.709932090627913	19.587151776066776	31.427455425850564	0.0
5.0	32.420431032478554	17.204735143497842	19.400688586748615	30.974145237274993	0.0
6.0	31.390637831918973	17.714418075764915	20.00168460064436	30.893259491671753	0.0
7.0	31.632610263895177	17.858011642927842	20.186597211736874	30.3227808814401	0.0
8.0	31.31788029675177	17.908702045181126	18.889102392728244	31.88431526533886	0.0
9.0	31.147653505442186	17.55497825413234	19.809643059937894	31.48772518048758	0.0
10.0	30.916591214697288	17.47364015522732	20.530947048256802	31.078821581818595	0.0
11.0	31.41716278541875	17.790113393658622	19.589554163786254	31.20316965713637	0.0
12.0	31.035106433267767	17.614875377402893	19.852265650530573	31.497752538798764	0.0
13.0	31.192378925395737	17.52192286834	20.099049412149924	31.186648794114337	0.0
14.0	31.33935013635641	17.713288737245886	20.151806060013126	30.795555066384576	0.0
15.0	31.194522195184376	18.065096665948968	19.988056403027336	30.75232473583932	0.0
16.0	31.058156522020646	17.764427843583196	20.18259148796685	30.994824146429306	0.0
17.0	31.2413559513393	18.054821917476804	19.8866545969202	30.8171675342637	0.0
18.0	30.459414501651384	18.148962158774037	20.08843548348213	31.303187856092446	0.0
19.0	31.392170878358495	17.757782169336643	19.83129205935412	31.018754892950746	0.0
20.0	30.90939925380579	17.684204225773627	20.115320923365456	31.29107559705513	0.0
21.0	30.452319846370685	17.298008663516416	20.527444739766494	31.7222267503464	0.0
22.0	31.052014233972912	17.583632516227205	20.167106524960968	31.197246724838916	0.0
23.0	30.949071148742576	17.45308353342601	20.272613105017058	31.325232212814356	0.0
24.0	31.103116137273002	17.248084519294544	20.006809723340226	31.641989620092225	0.0
25.0	31.006054613160057	18.05750116736709	20.387330437478173	30.549113781994684	0.0
26.0	31.176985924196384	17.41914919413189	20.19578625428747	31.20807862738426	0.0
27.0	30.726087142929526	17.458792440181316	20.142886653388782	31.672233763500373	0.0
28.0	31.47681603365856	17.33781129993765	20.414244284862388	30.771128381541402	0.0
29.0	30.72140723865416	17.787911575304417	20.00723904127221	31.483442144769214	0.0
30.0	30.20975717422198	17.715904294659072	20.02044522576873	32.05389330535022	0.0
31.0	30.737645355878474	17.03054483869155	20.529162250199104	31.70264755523087	0.0
32.0	30.94790277045264	17.514658889957495	20.201152545527876	31.336285794061986	0.0
33.0	30.765601519087614	16.77422987461314	20.67213413947492	31.78803446682432	0.0
34.0	31.151464018693403	17.601660944856786	19.782817463248872	31.464057573200932	0.0
35.0	31.069709315793265	17.256710380577708	20.000622908632927	31.6729573949961	0.0
36.0	31.12562776856412	17.222636891062056	20.394756074032355	31.25697926634147	0.0
37.0	30.90733809243163	17.903798041458018	20.56683748941302	30.62202637669733	0.0
38.0	30.966393938802213	17.701079846126806	20.12497315029974	31.207553064771243	0.0
39.0	30.213274771993714	17.593605664402887	20.23394577866002	31.959173784943378	0.0
40.0	31.295585825521417	17.49733084603381	20.486001118502614	30.721082209942157	0.0
41.0	30.734517917554193	17.217453953138705	19.893731988472624	32.15429614083448	0.0
42.0	30.52730586091353	17.443027060921366	20.51633256912194	31.51333450904317	0.0
43.0	30.61719915220975	17.503924954863017	20.76301122537091	31.115864667556327	0.0
44.0	30.578004250955683	17.30083958339063	20.13016096271181	31.99099520294188	0.0
45.0	30.360943788926175	17.601812981228875	20.486137067361224	31.551106162483723	0.0
46.0	30.402576996837823	17.704645603865497	20.28380831617042	31.608969083126265	0.0
47.0	30.192516108691798	17.733551400027586	19.48117204279887	32.59276044848175	0.0
48.0	30.541869003908563	17.160369536894468	20.069090765525683	32.22867069367128	0.0
49.0	30.891762592347842	17.669253263583588	20.015392955645336	31.423591188423234	0.0
50.0	31.060793983112234	17.369000724328508	19.78250300149827	31.78770229106099	0.0
51.0	30.80806170689226	17.294252301567553	19.94187608857925	31.955809902960937	0.0
52.0	30.973691456207625	17.387461442999484	20.00035913376935	31.638487967023536	0.0
53.0	30.637567395813765	17.21815660209192	19.985931311225773	32.15834469086854	0.0
54.0	30.920964467512725	17.37521626513856	19.924994749632475	31.77882451771624	0.0
55.0	31.647269292649543	17.411811319848557	20.12010629867687	30.820813088825034	0.0
56.0	31.19807494424625	17.29226974803711	19.79448188053283	31.715173427183807	0.0
57.0	30.99887236041204	17.315977431184944	19.922767704241966	31.762382504161053	0.0
58.0	31.07755563303238	17.50662226443373	19.812893478722593	31.602928623811298	0.0
59.0	31.13192042042644	17.58992387587639	19.55916956959204	31.71898613410513	0.0
60.0	30.93659199785037	17.54874260814813	20.00657721915976	31.508088174841735	0.0
61.0	30.957815978978196	17.313702284717067	20.387138186267627	31.34134355003711	0.0
62.0	30.673237644801976	17.436034296974235	19.62323894909833	32.26748910912546	0.0
63.0	30.294398676751616	17.755455990750107	19.947286859051566	32.00285847344671	0.0
64.0	30.69014265518571	17.491124212826115	19.99240939467935	31.826323737308833	0.0
65.0	30.3755054649474	17.48260879172534	19.773045485316658	32.3688402580106	0.0
66.0	30.597476819941082	17.04975222355745	20.252358196718017	32.10041275978345	0.0
67.0	30.64790114125005	17.49769317521616	20.320563206999076	31.53384247653472	0.0
68.0	30.26369241783745	17.74594466320493	19.96255374603315	32.02780917292447	0.0
69.0	30.650152307141333	17.422568819891275	19.810793083605958	32.116485789361434	0.0
70.0	30.42035954902383	17.10746413467287	20.642365269762415	31.829811046540886	0.0
71.0	30.34729689998349	17.63146977916863	19.50146804731583	32.51976527353205	0.0
72.0	30.40097029088579	17.37759546767779	19.62844467367522	32.5929895677612	0.0
73.0	29.938889941429476	17.75557588974391	20.55027269758986	31.75526147123675	0.0
74.0	29.984413782813224	17.257954918933525	19.695494111313415	33.062137186939836	0.0
75.0	30.095048674119408	17.360704877094317	20.158306874891576	32.385939573894696	0.0
76.0	30.504561233551303	17.39484943892791	20.303342213611046	31.797247113909744	0.0
77.0	30.624236489010492	17.47741017072358	19.696513846681945	32.20183949358398	0.0
78.0	30.474714680253996	17.49051964660556	19.823181560131804	32.21158411300864	0.0
79.0	30.528624565375594	17.501212905312524	20.170817498180643	31.79934503113124	0.0
80.0	30.59101473137441	17.353004832246803	19.38906160558429	32.6669188307945	0.0
81.0	30.484657472688298	17.392043625852445	19.811383772688902	32.31191512877035	0.0
82.0	30.451779652090778	17.706181181789457	20.281268483183847	31.560770682935917	0.0
83.0	30.374590687442343	17.862552082805326	19.624496913048326	32.13836031670401	0.0
84.0	30.26817200851881	17.54822284527476	19.839937306748254	32.34366783945817	0.0
85.0	30.108252746984622	17.89138939269477	19.96474262523078	32.03561523508983	0.0
86.0	30.14332916410334	17.99823996023614	19.840985296334473	32.01744557932605	0.0
87.0	30.213597466478	17.37773939108081	20.054394766341403	32.35426837609979	0.0
88.0	30.149864513631584	17.972271890316463	20.285678589057454	31.592185006994495	0.0
89.0	29.96894250355075	17.99978212477673	19.687698477134408	32.34357689453812	0.0
90.0	29.88154627621039	18.17735240756832	20.12763858301358	31.813462733207704	0.0
91.0	31.20419043512868	17.64207183603078	20.288662443618996	30.865075285221543	0.0
92.0	31.819431599470093	17.72856416793728	19.247673323834995	31.204330908757633	0.0
93.0	29.856795064757268	18.408564245447522	19.48076959307693	32.253871096718285	0.0
94.0	30.215303554444528	18.28796639985186	19.385105505475174	32.11162454022843	0.0
95.0	30.05854682053538	18.10890385461437	18.5353142238316	33.29723510101864	0.0
96.0	30.90677508388584	17.490994764843222	19.557414487477725	32.044815663793216	0.0
97.0	30.658159408591818	16.27376117324997	21.02556875205528	32.04251066610293	0.0
98.0	32.52134341833529	16.87422126814539	19.754108380173406	30.85032693334591	0.0
99.0	31.84929222599711	16.812725516226408	20.157412208698123	31.180570049078355	0.0
100.0	27.251791309682933	19.62070250016434	25.388390998531897	27.739115191620833	0.0
