# Position (bp)	A	C	G	T	N
0.0	26.148358567567453	23.83940545026345	23.83692203739192	26.175313944777173	0.0
1.0	26.460156227364727	20.058176533403973	15.285160469861717	38.196506769369584	0.0
2.0	28.78939307996264	18.96498700401144	18.152391771440275	34.09322814458564	0.0
3.0	22.989407336891375	22.423361013030895	15.069077694270588	39.518153955807136	0.0
4.0	34.08852770004236	13.039285708744472	14.683189444509667	38.1889971467035	0.0
5.0	34.71013017202203	14.733285368075178	23.112609109649743	27.443975350253048	0.0
6.0	30.852486623476878	17.25323584063983	21.03263772094841	30.861639814934883	0.0
7.0	34.89119014371933	16.926552231950147	20.076310208898324	28.105947415432205	0.0
8.0	22.380833010235154	26.8290384223311	22.77511836770154	28.015010199732203	0.0
9.0	27.66059552370153	18.48493479062139	15.593405409975711	38.261064275701365	0.0
10.0	26.310771276612936	16.465828666994096	24.986157090743422	32.23724296564955	0.0
11.0	28.073471685287423	18.04664171603206	19.37302707030517	34.506859528375344	0.0
12.0	26.092749495895738	19.696517404573775	21.07135778933361	33.139375310196876	0.0
13.0	26.255244500748354	20.685837776229548	18.650067155724617	34.408850567297485	0.0
14.0	30.412745586397012	18.42739120985928	20.249380511226427	30.910482692517277	0.0
15.0	29.74381277224442	18.503913441836577	19.7086570186685	32.0436167672505	0.0
16.0	29.91006989392511	17.575097217106592	18.489860448736504	34.02497244023179	0.0
17.0	30.39081929725468	17.88797346919014	19.66565770399432	32.055549529560864	0.0
18.0	31.043772811065327	17.64300924355983	18.738612647667935	32.5746052977069	0.0
19.0	29.707200006412403	18.311192219994112	20.011319963899194	31.97028780969429	0.0
20.0	29.622869119575455	17.76845192253866	19.87420308734045	32.73447587054543	0.0
21.0	29.063645320553682	18.330856067744993	19.698430783579123	32.9070678281222	0.0
22.0	29.768260067508667	18.94688653804709	22.471175527055117	28.81367786738913	0.0
23.0	29.88717398704358	20.09252221749767	20.841144681575596	29.17915911388316	0.0
24.0	32.60467637585848	19.204145516610392	18.002401290651708	30.188776816879415	0.0
25.0	29.43389708632455	21.014085701538473	19.311734300951507	30.240282911185474	0.0
26.0	32.07548487027872	16.61009485834984	21.784634454758738	29.52978581661271	0.0
27.0	26.207565164452983	21.1534262347791	24.88209771497298	27.756910885794934	0.0
28.0	26.28915526514714	19.696401050445072	18.427843698137572	35.586599986270215	0.0
29.0	28.109800029915938	19.846924508277755	17.24920223084478	34.79407323096152	0.0
30.0	26.45264942292599	18.912869199104488	15.998486499113692	38.635994878855826	0.0
31.0	34.21652194735898	14.194519432674502	18.162988818268506	33.42596980169802	0.0
32.0	34.320034320034324	15.510267963788232	22.451693649499198	27.718004066678255	0.0
33.0	31.135856875463425	17.363206184230933	20.743693711877047	30.757243228428592	0.0
34.0	33.318670839991306	16.397783042406097	21.77850487025617	28.50504124734643	0.0
35.0	26.330113074980787	20.329948402678667	25.489552457276687	27.850386065063855	0.0
