# Position (bp)	A	C	G	T	N
0.0	49.75922953451043	8.747993579454254	17.81701444622793	23.675762439807382	0.0
1.0	21.74959871589085	51.92616372391653	15.48956661316212	10.834670947030498	0.0
2.0	25.178713264495634	45.830023828435266	9.37251787132645	19.618745035742652	0.0
3.0	57.187993680884674	13.033175355450238	14.375987361769353	15.402843601895736	0.0
4.0	52.83911671924291	18.29652996845426	9.858044164037855	19.006309148264986	0.0
5.0	24.64566929133858	44.09448818897638	8.661417322834646	22.598425196850393	0.0
6.0	16.141732283464567	52.75590551181102	15.748031496062993	15.354330708661418	0.0
7.0	52.793076317859956	11.48701809598741	17.62391817466562	18.09598741148702	0.0
8.0	51.84893784421715	19.82690794649882	10.30684500393391	18.017309205350116	0.0
9.0	17.073170731707318	45.633359559402045	12.431156569630213	24.862313139260426	0.0
10.0	15.184893784421716	9.75609756097561	11.801730920535011	63.257277734067664	0.0
11.0	16.758457907159716	11.48701809598741	17.781274586939418	53.97324940991345	0.0
12.0	15.656963021243115	9.99213217938631	15.656963021243115	58.69394177812745	0.0
13.0	17.309205350118017	44.76789929189614	12.273800157356412	25.649095200629425	0.0
14.0	25.885129819040127	9.83477576711251	47.67899291896145	16.601101494885917	0.0
15.0	56.76100628930818	12.028301886792454	14.779874213836477	16.430817610062892	0.0
16.0	19.874312647289866	11.704634721131187	13.825608798114688	54.59544383346425	0.0
17.0	20.816967792615866	49.48939512961508	10.369206598586016	19.324430479183032	0.0
18.0	24.09733124018838	11.067503924646783	11.302982731554161	53.53218210361067	0.0
19.0	25.117739403453687	48.11616954474097	10.989010989010989	15.777080062794349	0.0
20.0	13.49019607843137	20.784313725490197	12.862745098039216	52.86274509803922	0.0
21.0	17.07126076742365	11.119812059514487	11.82458888018794	59.984338292873915	0.0
22.0	17.07126076742365	10.5716523101018	47.141738449490994	25.215348472983557	0.0
23.0	23.88410336726703	10.649960845732185	11.276429130775254	54.189506656225525	0.0
24.0	54.61658841940532	9.624413145539906	19.953051643192488	15.805946791862285	0.0
25.0	16.3408913213448	18.451915559030493	45.973416731821736	19.23377638780297	0.0
26.0	52.81249999999999	9.765625	8.75	28.671875000000004	0.0
27.0	16.796875	22.8125	7.890625	52.5	0.0
28.0	14.0625	52.81249999999999	8.984375	24.140625	0.0
29.0	26.406249999999996	8.75	11.40625	53.43750000000001	0.0
30.0	20.710059171597635	10.059171597633137	50.97210481825867	18.258664412510566	0.0
31.0	20.28740490278952	8.791208791208792	13.102282333051562	57.819103972950124	0.0
32.0	18.575063613231553	11.11111111111111	11.195928753180661	59.11789652247668	0.0
33.0	20.067739204064353	46.570702794242166	14.733276883996613	18.62828111769687	0.0
34.0	22.109704641350213	9.535864978902953	14.09282700421941	54.26160337552742	0.0
35.0	18.8135593220339	50.67796610169491	9.661016949152543	20.847457627118644	0.0
36.0	22.707797772065124	9.682947729220222	9.940017137960583	57.66923736075407	0.0
37.0	54.8885077186964	14.751286449399656	11.320754716981133	19.039451114922812	0.0
38.0	54.42060085836909	17.167381974248926	6.866952789699571	21.545064377682404	0.0
39.0	56.59246575342466	13.356164383561644	10.188356164383562	19.863013698630137	0.0
40.0	17.465753424657535	47.43150684931507	13.698630136986301	21.404109589041095	0.0
41.0	16.95067264573991	9.865470852017937	48.699551569506724	24.484304932735427	0.0
42.0	54.48833034111311	14.452423698384202	13.195691202872531	17.863554757630162	0.0
43.0	53.14183123877917	11.131059245960502	12.118491921005386	23.608617594254937	0.0
44.0	19.06474820143885	47.39208633093525	10.701438848920864	22.841726618705035	0.0
45.0	27.44186046511628	11.162790697674419	22.790697674418606	38.604651162790695	0.0
46.0	32.5974025974026	14.675324675324674	16.233766233766232	36.493506493506494	0.0
47.0	34.50520833333333	14.713541666666666	16.276041666666664	34.50520833333333	0.0
48.0	38.02083333333333	16.276041666666664	16.666666666666664	29.036458333333332	0.0
49.0	25.69832402234637	22.206703910614525	15.64245810055866	36.452513966480446	0.0
50.0	28.910614525139668	20.810055865921786	15.921787709497206	34.357541899441344	0.0
51.0	25.41899441340782	20.810055865921786	20.670391061452513	33.100558659217874	0.0
52.0	23.52941176470588	18.487394957983195	20.868347338935575	37.11484593837535	0.0
53.0	31.372549019607842	19.88795518207283	17.22689075630252	31.512605042016805	0.0
54.0	27.591036414565828	21.008403361344538	18.34733893557423	33.0532212885154	0.0
55.0	34.388489208633096	15.683453237410072	20.14388489208633	29.784172661870507	0.0
56.0	27.482014388489205	20.287769784172664	18.41726618705036	33.81294964028777	0.0
57.0	34.82014388489208	15.39568345323741	21.43884892086331	28.345323741007196	0.0
58.0	31.510791366906478	16.834532374100718	20.575539568345324	31.07913669064748	0.0
59.0	33.669064748201436	18.848920863309353	20.575539568345324	26.906474820143885	0.0
60.0	26.187050359712234	18.56115107913669	23.16546762589928	32.0863309352518	0.0
61.0	31.03448275862069	17.24137931034483	20.25862068965517	31.46551724137931	0.0
62.0	26.00574712643678	17.24137931034483	26.29310344827586	30.45977011494253	0.0
63.0	34.770114942528735	18.67816091954023	18.82183908045977	27.729885057471265	0.0
64.0	31.46551724137931	16.954022988505745	21.551724137931032	30.028735632183906	0.0
65.0	33.81294964028777	17.841726618705035	20.287769784172664	28.05755395683453	0.0
66.0	26.906474820143885	15.53956834532374	25.755395683453237	31.798561151079134	0.0
67.0	29.06474820143885	17.841726618705035	16.258992805755394	36.83453237410072	0.0
68.0	25.072046109510087	20.893371757925074	16.42651296829971	37.60806916426513	0.0
69.0	29.827089337175792	19.020172910662826	20.172910662824208	30.979827089337174	0.0
70.0	36.79653679653679	19.624819624819626	17.316017316017316	26.262626262626267	0.0
71.0	28.13852813852814	24.81962481962482	19.047619047619047	27.994227994227995	0.0
72.0	30.835734870317005	16.714697406340058	19.164265129683	33.28530259365994	0.0
73.0	29.971181556195965	15.85014409221902	22.910662824207492	31.26801152737752	0.0
74.0	30.158730158730158	21.645021645021643	20.634920634920633	27.56132756132756	0.0
75.0	34.160583941605836	18.686131386861312	21.897810218978105	25.255474452554743	0.0
76.0	29.761904761904763	22.023809523809522	16.666666666666664	31.547619047619047	0.0
77.0	28.720238095238095	20.535714285714285	16.666666666666664	34.077380952380956	0.0
78.0	32.589285714285715	20.535714285714285	17.261904761904763	29.613095238095237	0.0
79.0	28.125	19.047619047619047	19.047619047619047	33.779761904761905	0.0
80.0	26.041666666666668	18.452380952380953	19.791666666666664	35.714285714285715	0.0
81.0	27.529761904761905	18.00595238095238	21.726190476190478	32.73809523809524	0.0
82.0	28.57142857142857	17.857142857142858	19.642857142857142	33.92857142857143	0.0
83.0	26.041666666666668	17.410714285714285	20.833333333333336	35.714285714285715	0.0
84.0	24.739195230998508	18.479880774962744	26.229508196721312	30.55141579731744	0.0
85.0	31.74366616989568	18.330849478390462	19.970193740685545	29.955290611028317	0.0
86.0	29.402985074626862	16.268656716417908	18.35820895522388	35.97014925373134	0.0
87.0	33.88059701492537	17.611940298507463	23.582089552238806	24.925373134328357	0.0
88.0	39.55223880597015	18.65671641791045	14.925373134328357	26.865671641791046	0.0
89.0	27.395209580838326	20.059880239520957	18.862275449101794	33.68263473053892	0.0
90.0	29.191616766467064	14.97005988023952	21.407185628742514	34.4311377245509	0.0
91.0	28.29341317365269	21.407185628742514	14.97005988023952	35.32934131736527	0.0
92.0	27.436281859070466	19.34032983508246	17.24137931034483	35.98200899550225	0.0
93.0	36.28185907046477	16.64167916041979	17.541229385307346	29.535232383808097	0.0
94.0	34.63268365817092	15.142428785607196	17.541229385307346	32.68365817091454	0.0
95.0	34.48275862068966	16.94152923538231	18.140929535232384	30.434782608695656	0.0
96.0	26.466165413533833	23.909774436090224	19.398496240601503	30.22556390977444	0.0
97.0	28.421052631578945	17.74436090225564	18.646616541353385	35.18796992481203	0.0
98.0	27.06766917293233	19.548872180451127	16.842105263157894	36.54135338345865	0.0
99.0	33.08270676691729	16.842105263157894	17.142857142857142	32.932330827067666	0.0
100.0	38.19548872180451	12.330827067669173	16.99248120300752	32.4812030075188	0.0
101.0	30.977443609022558	17.44360902255639	19.398496240601503	32.180451127819545	0.0
102.0	29.11010558069382	14.328808446455504	24.58521870286576	31.975867269984914	0.0
103.0	29.74203338391502	14.56752655538695	20.18209408194234	35.50834597875569	0.0
104.0	28.549618320610687	17.251908396946565	21.068702290076335	33.12977099236642	0.0
105.0	30.5111821086262	20.60702875399361	18.210862619808307	30.670926517571885	0.0
106.0	33.97435897435898	16.826923076923077	19.230769230769234	29.967948717948715	0.0
107.0	31.89102564102564	17.94871794871795	17.628205128205128	32.532051282051285	0.0
108.0	33.762057877813504	15.755627009646304	17.363344051446948	33.11897106109325	0.0
109.0	27.697262479871178	20.45088566827697	20.128824476650564	31.72302737520129	0.0
110.0	26.494345718901453	19.547657512116317	19.7092084006462	34.24878836833602	0.0
111.0	27.463651050080774	19.22455573505654	20.678513731825525	32.63327948303716	0.0
112.0	27.30210016155089	19.38610662358643	19.38610662358643	33.925686591276246	0.0
113.0	30.555555555555557	20.098039215686274	16.176470588235293	33.169934640522875	0.0
114.0	31.147540983606557	18.19672131147541	18.19672131147541	32.459016393442624	0.0
115.0	26.557377049180324	20.81967213114754	18.688524590163937	33.9344262295082	0.0
116.0	28.899835796387517	19.21182266009852	19.704433497536947	32.18390804597701	0.0
117.0	30.21346469622332	16.912972085385878	20.032840722495894	32.84072249589491	0.0
118.0	28.078817733990146	17.569786535303777	19.54022988505747	34.8111658456486	0.0
119.0	25.164473684210524	18.914473684210524	26.973684210526315	28.947368421052634	0.0
120.0	28.83031301482702	23.064250411861615	21.4168039538715	26.68863261943987	0.0
121.0	30.971993410214164	20.922570016474467	16.96869851729819	31.13673805601318	0.0
122.0	32.67326732673268	18.48184818481848	19.471947194719473	29.372937293729372	0.0
123.0	32.396694214876035	17.85123966942149	18.677685950413224	31.074380165289256	0.0
124.0	30.082644628099175	17.1900826446281	23.305785123966942	29.421487603305785	0.0
125.0	28.642384105960268	19.70198675496689	17.052980132450333	34.602649006622514	0.0
126.0	29.5	17.833333333333336	18.166666666666668	34.5	0.0
127.0	28.213689482470784	19.86644407345576	21.368948247078464	30.550918196994992	0.0
128.0	32.608695652173914	15.217391304347828	18.394648829431436	33.77926421404682	0.0
129.0	31.438127090301005	16.220735785953178	16.555183946488295	35.785953177257525	0.0
130.0	29.86577181208054	18.456375838926174	17.114093959731544	34.56375838926174	0.0
131.0	32.15488215488215	19.696969696969695	14.47811447811448	33.670033670033675	0.0
132.0	29.96632996632997	18.855218855218855	20.2020202020202	30.976430976430976	0.0
133.0	28.330522765598655	22.4283305227656	19.05564924114671	30.185497470489036	0.0
134.0	25.463743676222595	20.9106239460371	18.887015177065766	34.73861720067454	0.0
135.0	25.636672325976228	17.996604414261462	22.75042444821732	33.61629881154499	0.0
136.0	26.2350936967632	16.35434412265758	21.63543441226576	35.77512776831346	0.0
137.0	27.2572402044293	19.08006814310051	17.54684838160136	36.11584327086882	0.0
138.0	29.230769230769234	16.923076923076923	17.60683760683761	36.23931623931624	0.0
139.0	28.130360205831906	20.06861063464837	16.638078902229847	35.16295025728988	0.0
140.0	29.50257289879931	12.864493996569468	24.356775300171527	33.27615780445969	0.0
141.0	34.02061855670103	15.292096219931272	18.384879725085913	32.302405498281786	0.0
142.0	31.958762886597935	13.402061855670103	20.618556701030926	34.02061855670103	0.0
143.0	32.758620689655174	18.620689655172416	18.275862068965516	30.344827586206897	0.0
144.0	33.506044905008636	17.616580310880828	17.962003454231436	30.915371329879104	0.0
145.0	28.249566724436743	18.890814558058924	19.23743500866551	33.62218370883882	0.0
146.0	27.47826086956522	18.608695652173914	19.82608695652174	34.08695652173913	0.0
147.0	29.122807017543863	19.473684210526315	17.894736842105264	33.50877192982456	0.0
148.0	26.31578947368421	20.701754385964914	21.052631578947366	31.929824561403507	0.0
149.0	30.158730158730158	19.047619047619047	17.989417989417987	32.804232804232804	0.0
150.0	28.01418439716312	19.50354609929078	19.148936170212767	33.33333333333333	0.0
151.0	27.886323268206038	20.781527531083483	20.24866785079929	31.08348134991119	0.0
152.0	28.520499108734406	18.89483065953654	15.508021390374333	37.076648841354725	0.0
153.0	31.372549019607842	15.86452762923351	21.21212121212121	31.550802139037433	0.0
154.0	35.241502683363144	13.595706618962433	18.783542039355993	32.379248658318424	0.0
155.0	29.496402877697843	20.323741007194247	16.72661870503597	33.45323741007194	0.0
156.0	29.422382671480147	14.620938628158845	18.592057761732853	37.36462093862816	0.0
157.0	29.891304347826086	16.304347826086957	22.463768115942027	31.34057971014493	0.0
158.0	29.818181818181817	22.363636363636363	15.636363636363637	32.18181818181819	0.0
159.0	34.790528233151186	14.207650273224044	20.58287795992714	30.418943533697636	0.0
160.0	27.97074954296161	19.012797074954296	22.6691042047532	30.347349177330894	0.0
161.0	27.106227106227106	21.245421245421245	20.32967032967033	31.318681318681318	0.0
162.0	29.520295202952028	20.11070110701107	21.217712177121772	29.15129151291513	0.0
163.0	29.739776951672862	15.985130111524162	17.843866171003718	36.43122676579926	0.0
164.0	32.21601489757914	14.338919925512103	21.787709497206702	31.65735567970205	0.0
165.0	29.962546816479403	20.037453183520597	22.659176029962545	27.340823970037455	0.0
166.0	27.87193973634652	21.468926553672315	19.2090395480226	31.45009416195857	0.0
167.0	28.78787878787879	18.75	20.454545454545457	32.00757575757576	0.0
168.0	29.467680608365022	16.34980988593156	20.912547528517113	33.26996197718631	0.0
169.0	24.952380952380953	17.142857142857142	23.047619047619047	34.85714285714286	0.0
170.0	29.904761904761905	17.904761904761905	18.285714285714285	33.904761904761905	0.0
171.0	30.07662835249042	15.708812260536398	17.43295019157088	36.7816091954023	0.0
172.0	29.558541266794624	21.113243761996163	15.930902111324377	33.397312859884835	0.0
173.0	28.79078694817658	19.577735124760075	18.809980806142036	32.82149712092131	0.0
174.0	31.27413127413127	17.953667953667953	18.33976833976834	32.432432432432435	0.0
175.0	27.184466019417474	18.25242718446602	23.689320388349515	30.87378640776699	0.0
176.0	28.155339805825243	18.640776699029125	19.223300970873787	33.980582524271846	0.0
177.0	28.599221789883266	20.817120622568094	18.09338521400778	32.490272373540854	0.0
178.0	28.235294117647058	22.941176470588236	19.411764705882355	29.411764705882355	0.0
179.0	25.544554455445546	21.584158415841586	21.980198019801982	30.89108910891089	0.0
180.0	31.01391650099404	14.115308151093439	19.880715705765407	34.990059642147116	0.0
181.0	25.349301397205586	19.560878243512974	22.75449101796407	32.33532934131736	0.0
182.0	32.2	17.0	20.200000000000003	30.599999999999998	0.0
183.0	30.58350100603622	23.74245472837022	20.52313883299799	25.15090543259557	0.0
184.0	29.67479674796748	19.51219512195122	20.32520325203252	30.48780487804878	0.0
185.0	24.59016393442623	20.491803278688526	26.229508196721312	28.688524590163933	0.0
186.0	29.629629629629626	17.078189300411523	23.045267489711936	30.246913580246915	0.0
187.0	29.87551867219917	22.199170124481327	17.219917012448132	30.70539419087137	0.0
188.0	28.930817610062892	19.91614255765199	18.867924528301888	32.28511530398323	0.0
189.0	30.252100840336134	19.95798319327731	18.487394957983195	31.30252100840336	0.0
190.0	33.403361344537814	17.647058823529413	16.80672268907563	32.142857142857146	0.0
191.0	26.526315789473685	19.57894736842105	19.157894736842103	34.73684210526316	0.0
192.0	31.501057082452434	20.084566596194502	19.873150105708245	28.541226215644823	0.0
193.0	28.723404255319153	19.148936170212767	20.212765957446805	31.914893617021278	0.0
194.0	28.75536480686695	24.463519313304722	19.313304721030043	27.467811158798284	0.0
195.0	29.52586206896552	19.82758620689655	18.96551724137931	31.68103448275862	0.0
196.0	29.321663019693656	19.474835886214443	20.350109409190374	30.85339168490153	0.0
197.0	29.13907284768212	20.52980132450331	21.192052980132452	29.13907284768212	0.0
198.0	25.727069351230426	21.92393736017897	22.371364653243848	29.977628635346754	0.0
199.0	24.647887323943664	24.88262910798122	20.422535211267608	30.046948356807512	0.0
200.0	26.666666666666668	16.11111111111111	19.444444444444446	37.77777777777778	0.0
201.0	32.677165354330704	18.11023622047244	17.716535433070867	31.496062992125985	0.0
202.0	34.92063492063492	15.873015873015872	19.047619047619047	30.158730158730158	0.0
203.0	33.730158730158735	17.857142857142858	18.253968253968253	30.158730158730158	0.0
204.0	34.12698412698413	16.26984126984127	27.380952380952383	22.22222222222222	0.0
205.0	35.45816733067729	14.741035856573706	23.904382470119522	25.89641434262948	0.0
206.0	28.000000000000004	22.8	20.4	28.799999999999997	0.0
207.0	25.301204819277107	25.702811244979916	16.867469879518072	32.1285140562249	0.0
208.0	25.203252032520325	16.666666666666664	21.544715447154474	36.58536585365854	0.0
209.0	24.59016393442623	19.262295081967213	19.672131147540984	36.47540983606557	0.0
210.0	27.572016460905353	17.695473251028808	18.106995884773664	36.62551440329218	0.0
211.0	35.12396694214876	17.768595041322314	16.528925619834713	30.57851239669421	0.0
212.0	25.6198347107438	14.049586776859504	28.09917355371901	32.231404958677686	0.0
213.0	31.25	20.0	16.25	32.5	0.0
214.0	29.66101694915254	25.0	20.76271186440678	24.576271186440678	0.0
215.0	30.508474576271187	22.88135593220339	16.101694915254235	30.508474576271187	0.0
216.0	29.361702127659573	18.72340425531915	18.29787234042553	33.61702127659574	0.0
217.0	26.923076923076923	14.957264957264957	23.504273504273502	34.61538461538461	0.0
218.0	27.27272727272727	15.151515151515152	17.74891774891775	39.82683982683983	0.0
219.0	20.754716981132077	23.11320754716981	24.056603773584907	32.075471698113205	0.0
220.0	0.0	30.656934306569344	27.73722627737226	41.605839416058394	0.0
