# Position (bp)	A	C	G	T	N
0.0	61.93087404453307	14.722499169159189	6.7298105682951155	16.616816218012627	0.0
1.0	18.511133266866068	50.03323363243602	13.90827517447657	17.547357926221334	0.0
2.0	18.32808094211312	50.37319621827832	10.134350638580196	21.164372201028364	0.0
3.0	62.73405136702568	11.234465617232809	8.086164043082022	17.945318972659486	0.0
4.0	58.260149130074566	9.627174813587407	8.699254349627175	23.413421706710853	0.0
5.0	12.955599734923789	59.6752816434725	15.291583830351227	12.077534791252486	0.0
6.0	18.704440026507623	49.817760106030484	7.422133863485753	24.055666003976143	0.0
7.0	64.58505880404174	6.443597813483519	14.460824913036276	14.510518469438463	0.0
8.0	50.99370652533952	24.080821464060946	5.929115601192448	18.99635640940709	0.0
9.0	22.28476821192053	47.66556291390728	6.026490066225165	24.02317880794702	0.0
10.0	16.32450331125828	8.04635761589404	14.023178807947021	61.60596026490066	0.0
11.0	19.016881827209534	9.698775239986759	9.947037404832837	61.33730552797088	0.0
12.0	22.43547319655857	10.688285903375249	7.42885506287227	59.44738583719391	0.0
13.0	17.455327597617472	50.43017868960953	8.802117802779616	23.31237590999338	0.0
14.0	13.713813068651778	18.941273779983458	47.758478081058726	19.586435070306038	0.0
15.0	56.14151099355266	16.30021491155563	10.2826913539428	17.275582740948916	0.0
16.0	11.687882294594147	7.8690692676475456	10.943957678955199	69.4990907588031	0.0
17.0	22.27730953561395	50.81804660386713	8.21351842670633	18.691125433812594	0.0
18.0	8.21351842670633	23.120145430507357	9.965294992563214	58.7010411502231	0.0
19.0	18.820224719101123	49.471249173826834	10.161929940515533	21.54659616655651	0.0
20.0	17.040951122853368	8.190224570673713	14.960369881109642	59.80845442536328	0.0
21.0	17.17305151915456	18.411492734478205	8.57001321003963	55.8454425363276	0.0
22.0	13.153985806238651	6.321175111404523	50.81696649612147	29.70787258623535	0.0
23.0	9.44765045342127	10.849134377576258	20.329760923330586	59.37345424567189	0.0
24.0	53.88165485412889	5.834844239327509	14.240975770562056	26.04252513598154	0.0
25.0	15.181952906306604	5.038695866952083	55.82084636917504	23.958504857566275	0.0
26.0	49.67901234567901	15.76954732510288	14.831275720164609	19.720164609053498	0.0
27.0	13.174342105263156	12.812499999999998	6.134868421052632	67.8782894736842	0.0
28.0	18.534341110745974	44.98849819257312	10.663818600065724	25.813342096615184	0.0
29.0	16.767842493847414	11.665299425758818	9.007383100902379	62.55947497949139	0.0
30.0	15.816068721576555	8.455448879905676	47.58295435405087	28.1455280444669	0.0
31.0	15.492957746478872	6.108942813507552	18.39470558289496	60.00339385711862	0.0
32.0	11.72117039586919	11.273666092943202	12.61617900172117	64.38898450946644	0.0
33.0	17.597380213719408	48.27645639434678	10.703205791106516	23.422957600827303	0.0
34.0	14.946996466431095	13.02120141342756	17.508833922261484	54.52296819787986	0.0
35.0	14.429886685552407	54.05453257790368	8.923512747875353	22.592067988668553	0.0
36.0	18.70120652945351	9.137686302342086	11.355571327182398	60.80553584102199	0.0
37.0	56.14973262032086	7.415329768270945	18.324420677361854	18.110516934046345	0.0
38.0	64.72931377874343	12.131088176715553	13.416621401412277	9.722976643128735	0.0
39.0	54.058973425555145	9.519475791772843	4.805242082271569	31.616308700400435	0.0
40.0	9.171433843882635	52.96180107030818	23.509872670234362	14.35689241557483	0.0
41.0	11.053412462908012	14.873887240356082	55.118694362017806	18.9540059347181	0.0
42.0	56.6710452242447	7.975229874272846	11.465565772189905	23.88815912929255	0.0
43.0	60.74265289912629	6.036536934074663	11.81493248610008	21.405877680698968	0.0
44.0	11.433140115930442	59.36438137117729	10.673595842494503	18.528882670397763	0.0
45.0	20.16280525986224	12.836568566061365	12.147777082028805	54.852849092047585	0.0
46.0	31.615417929839758	14.76829796448679	12.472932005197054	41.1433521004764	0.0
47.0	41.3440142412105	11.526479750778815	24.343569203382287	22.785936804628392	0.0
48.0	23.29680800381134	25.297760838494522	15.57884707003335	35.82658408766079	0.0
49.0	39.66019417475728	17.37864077669903	13.640776699029125	29.320388349514566	0.0
50.0	27.64505119453925	21.647976596782055	19.600195026816188	31.106777181862505	0.0
51.0	28.774509803921568	22.745098039215687	11.813725490196077	36.666666666666664	0.0
52.0	28.585707146426785	16.591704147926038	13.74312843578211	41.07946026986507	0.0
53.0	33.9859437751004	16.867469879518072	24.69879518072289	24.447791164658632	0.0
54.0	35.53272038939967	23.526230394808003	16.44131963223364	24.49972958355868	0.0
55.0	26.481783578031536	21.642196846112014	17.346383904295813	34.529635671560634	0.0
56.0	33.46049046321526	16.239782016348776	24.632152588555858	25.66757493188011	0.0
57.0	32.63041065482797	21.14317425083241	13.706992230854606	32.51942286348501	0.0
58.0	23.953098827470686	28.754885538805137	20.044667783361252	27.247347850362925	0.0
59.0	34.22168382798304	21.441550575408844	13.809812235009087	30.52695336159903	0.0
60.0	20.71688942891859	26.306196840826246	17.01093560145808	35.96597812879708	0.0
61.0	24.770642201834864	17.12538226299694	23.24159021406728	34.862385321100916	0.0
62.0	29.82779827798278	17.650676506765066	20.97170971709717	31.54981549815498	0.0
63.0	26.53822249844624	15.59975139838409	25.233064014916096	32.62896208825357	0.0
64.0	28.75318066157761	21.501272264631044	18.3206106870229	31.424936386768447	0.0
65.0	28.775113415424496	14.776409591704473	17.368762151652625	39.079714841218404	0.0
66.0	22.360655737704917	8.918032786885247	34.557377049180324	34.16393442622951	0.0
67.0	20.861833105335155	14.36388508891929	19.630642954856363	45.1436388508892	0.0
68.0	26.319396847155584	18.231665524331735	19.328307059629886	36.120630568882795	0.0
69.0	22.674017918676775	20.399724328049622	24.12129565816678	32.80496209510682	0.0
70.0	32.96475466482377	19.557705597788527	16.240497581202487	31.23704215618521	0.0
71.0	21.623512946116165	15.325402379286215	26.172148355493352	36.87893631910427	0.0
72.0	21.248246844319777	16.760168302945303	20.827489481065918	41.164095371669	0.0
73.0	26.12359550561798	19.171348314606742	19.662921348314608	35.04213483146067	0.0
74.0	28.228652081863093	15.102328863796755	19.477769936485533	37.191249117854625	0.0
75.0	24.751066856330013	18.421052631578945	25.746799431009958	31.08108108108108	0.0
76.0	24.198250728862973	21.720116618075803	20.845481049562682	33.23615160349854	0.0
77.0	27.066569129480616	15.362106803218728	24.21360643745428	33.35771762984638	0.0
78.0	30.438010393466964	16.035634743875278	30.957683741648108	22.56867112100965	0.0
79.0	38.06949806949807	14.208494208494207	14.208494208494207	33.513513513513516	0.0
80.0	35.50667714061272	22.152395915161037	17.124901806755695	25.216025137470545	0.0
81.0	31.517183570829843	21.87761944677284	14.920368818105617	31.6848281642917	0.0
82.0	39.29492691315563	13.241616509028376	18.31470335339639	29.148753224419604	0.0
83.0	28.782608695652172	27.82608695652174	20.608695652173914	22.782608695652172	0.0
84.0	19.563318777292576	21.572052401746724	23.580786026200872	35.28384279475982	0.0
85.0	24.912280701754387	24.561403508771928	19.12280701754386	31.403508771929822	0.0
86.0	31.657848324514994	17.548500881834215	17.989417989417987	32.804232804232804	0.0
87.0	30.407801418439718	14.627659574468085	28.102836879432623	26.861702127659576	0.0
88.0	29.902395740905057	20.05323868677906	21.29547471162378	28.748890860692107	0.0
89.0	26.738934056007224	20.68654019873532	20.957542908762424	31.616982836495033	0.0
90.0	35.45706371191136	15.05078485687904	20.129270544783008	29.362880886426595	0.0
91.0	29.187562688064194	18.154463390170513	19.658976930792377	32.99899699097292	0.0
92.0	28.06652806652807	20.997920997921	16.424116424116423	34.511434511434516	0.0
93.0	28.735632183908045	19.122257053291534	16.823406478578892	35.318704284221525	0.0
94.0	30.462184873949578	17.436974789915965	20.588235294117645	31.512605042016805	0.0
95.0	35.635964912280706	14.912280701754385	21.052631578947366	28.399122807017545	0.0
96.0	27.722772277227726	18.48184818481848	16.831683168316832	36.96369636963696	0.0
97.0	28.03114571746385	17.352614015572858	17.24137931034483	37.37486095661847	0.0
98.0	25.806451612903224	17.797552836484982	17.686318131256954	38.70967741935484	0.0
99.0	36.177474402730375	15.699658703071673	17.633674630261662	30.489192263936292	0.0
100.0	34.89702517162471	13.615560640732266	18.07780320366133	33.40961098398169	0.0
101.0	37.95871559633027	17.431192660550458	18.922018348623855	25.688073394495415	0.0
102.0	33.94495412844037	16.972477064220186	18.922018348623855	30.160550458715598	0.0
103.0	28.17551963048499	19.168591224018474	19.28406466512702	33.37182448036952	0.0
104.0	21.552723059096177	16.685979142526072	20.74159907300116	41.01969872537659	0.0
105.0	29.432213209733487	17.96060254924681	21.089223638470454	31.517960602549245	0.0
106.0	30.45066991473813	16.808769792935443	18.514007308160778	34.22655298416565	0.0
107.0	29.739776951672862	20.693928128872365	18.463444857496903	31.10285006195787	0.0
108.0	36.12167300380228	17.61723700887199	16.603295310519645	29.65779467680608	0.0
109.0	27.50316856780735	18.75792141951838	21.166032953105194	32.57287705956908	0.0
110.0	25.44529262086514	18.956743002544528	23.66412213740458	31.93384223918575	0.0
111.0	30.025445292620866	18.702290076335878	19.720101781170484	31.552162849872772	0.0
112.0	28.809218950064018	19.590268886043532	20.998719590268884	30.60179257362356	0.0
113.0	28.88318356867779	19.6405648267009	19.127086007702182	32.34916559691913	0.0
114.0	28.406169665809767	17.223650385604113	20.69408740359897	33.67609254498715	0.0
115.0	26.03092783505155	18.556701030927837	20.36082474226804	35.051546391752574	0.0
116.0	29.518855656697006	15.474642392717817	20.416124837451235	34.59037711313394	0.0
117.0	30.429128738621586	19.765929778933682	18.855656697009103	30.949284785435633	0.0
118.0	25.848563968668408	17.4934725848564	21.54046997389034	35.117493472584854	0.0
119.0	22.58485639686684	19.712793733681462	28.067885117493475	29.634464751958223	0.0
120.0	26.474442988204455	21.756225425950195	23.591087811271297	28.178243774574053	0.0
121.0	29.736842105263158	20.394736842105264	19.210526315789473	30.657894736842106	0.0
122.0	29.249011857707508	18.44532279314888	20.158102766798418	32.14756258234519	0.0
123.0	32.98153034300791	16.75461741424802	18.997361477572557	31.266490765171508	0.0
124.0	31.48148148148148	18.915343915343914	18.386243386243386	31.216931216931215	0.0
125.0	27.984084880636605	18.56763925729443	18.56763925729443	34.88063660477454	0.0
126.0	28.45744680851064	19.28191489361702	19.54787234042553	32.71276595744681	0.0
127.0	27.770360480640853	18.82510013351135	21.895861148197596	31.5086782376502	0.0
128.0	30.604026845637584	17.315436241610737	19.19463087248322	32.88590604026846	0.0
129.0	29.499323410013535	16.77943166441137	17.591339648173207	36.129905277401896	0.0
130.0	35.013623978201636	18.66485013623978	14.168937329700274	32.15258855585831	0.0
131.0	30.15006821282401	20.600272851296044	20.327421555252386	28.922237380627557	0.0
132.0	30.36935704514364	17.236662106703147	21.477428180574556	30.91655266757866	0.0
133.0	25.41436464088398	20.027624309392262	20.165745856353592	34.392265193370164	0.0
134.0	25.523012552301257	21.338912133891213	20.641562064156208	32.49651324965133	0.0
135.0	26.264044943820224	14.887640449438203	20.926966292134832	37.92134831460674	0.0
136.0	26.129943502824858	14.971751412429379	25.141242937853107	33.75706214689266	0.0
137.0	28.389830508474578	17.937853107344633	22.598870056497177	31.07344632768362	0.0
138.0	28.693181818181817	19.03409090909091	18.892045454545457	33.38068181818182	0.0
139.0	24.463519313304722	19.88555078683834	20.028612303290416	35.622317596566525	0.0
140.0	28.08022922636103	16.189111747851005	22.206303724928368	33.5243553008596	0.0
141.0	31.03448275862069	16.522988505747126	18.67816091954023	33.764367816091955	0.0
142.0	32.17893217893218	13.708513708513708	20.057720057720058	34.05483405483405	0.0
143.0	32.751091703056765	18.631732168850075	21.106259097525474	27.510917030567683	0.0
144.0	33.38213762811127	17.71595900439239	17.71595900439239	31.18594436310395	0.0
145.0	29.705882352941178	18.088235294117645	17.352941176470587	34.85294117647059	0.0
146.0	26.706231454005934	20.178041543026705	19.584569732937684	33.531157270029674	0.0
147.0	28.486646884272997	19.881305637982198	17.210682492581604	34.42136498516321	0.0
148.0	23.916292974588938	21.823617339312406	19.13303437967115	35.1270553064275	0.0
149.0	30.920060331825038	19.457013574660635	16.289592760180994	33.33333333333333	0.0
150.0	26.666666666666668	18.787878787878785	18.484848484848484	36.06060606060606	0.0
151.0	27.921092564491655	17.450682852807283	22.91350531107739	31.71471927162367	0.0
152.0	27.896341463414636	18.75	16.920731707317074	36.43292682926829	0.0
153.0	32.97709923664122	16.793893129770993	20.916030534351147	29.312977099236644	0.0
154.0	31.490015360983104	17.050691244239633	20.43010752688172	31.02918586789555	0.0
155.0	30.218068535825545	19.158878504672895	16.1993769470405	34.42367601246106	0.0
156.0	28.639240506329116	16.297468354430382	17.72151898734177	37.34177215189873	0.0
157.0	30.047694753577108	17.647058823529413	20.349761526232115	31.955484896661368	0.0
158.0	27.447833065810595	21.829855537720707	16.853932584269664	33.86837881219903	0.0
159.0	35.16129032258065	14.516129032258066	17.741935483870968	32.58064516129032	0.0
160.0	26.418152350081037	18.638573743922205	22.690437601296594	32.25283630470016	0.0
161.0	26.221498371335507	18.729641693811075	22.63843648208469	32.410423452768725	0.0
162.0	31.751227495908346	17.18494271685761	19.639934533551553	31.42389525368249	0.0
163.0	28.995057660626028	16.474464579901152	18.780889621087315	35.749588138385505	0.0
164.0	30.198019801980198	15.181518151815181	21.947194719471945	32.67326732673268	0.0
165.0	30.016583747927033	21.22719734660033	19.734660033167494	29.021558872305143	0.0
166.0	29.73421926910299	18.106312292358805	19.269102990033225	32.89036544850498	0.0
167.0	28.046744574290482	19.031719532554256	23.205342237061767	29.716193656093488	0.0
168.0	26.46566164154104	20.770519262981573	20.435510887772192	32.32830820770519	0.0
169.0	25.71428571428571	15.630252100840336	22.35294117647059	36.30252100840336	0.0
170.0	28.667790893760543	16.694772344013494	18.718381112984822	35.91905564924115	0.0
171.0	30.204778156996586	17.064846416382252	16.723549488054605	36.00682593856656	0.0
172.0	27.615780445969122	22.46998284734134	17.152658662092623	32.76157804459691	0.0
173.0	30.381944444444443	17.36111111111111	21.52777777777778	30.729166666666668	0.0
174.0	32.22416812609457	21.541155866900176	18.388791593695274	27.845884413309985	0.0
175.0	26.36203866432337	17.75043936731107	23.550087873462214	32.33743409490334	0.0
176.0	29.9645390070922	18.79432624113475	19.148936170212767	32.09219858156028	0.0
177.0	26.820603907637658	23.623445825932503	17.761989342806395	31.793960923623445	0.0
178.0	28.44364937388193	22.182468694096602	20.214669051878353	29.159212880143116	0.0
179.0	24.280575539568343	22.841726618705035	22.48201438848921	30.39568345323741	0.0
180.0	30.198915009041592	17.90235081374322	18.625678119349008	33.273056057866185	0.0
181.0	31.397459165154263	18.69328493647913	18.51179673321234	31.397459165154263	0.0
182.0	32.42258652094718	16.57559198542805	23.31511839708561	27.686703096539162	0.0
183.0	32.541133455210236	23.40036563071298	21.023765996343695	23.03473491773309	0.0
184.0	29.2817679558011	22.467771639042358	16.574585635359114	31.675874769797424	0.0
185.0	24.76894639556377	20.33271719038817	23.475046210720887	31.42329020332717	0.0
186.0	26.159554730983302	17.068645640074212	23.00556586270872	33.76623376623377	0.0
187.0	30.337078651685395	20.224719101123593	18.164794007490638	31.273408239700373	0.0
188.0	29.831144465290805	17.636022514071296	22.138836772983115	30.393996247654787	0.0
189.0	29.924242424242426	21.401515151515152	18.75	29.924242424242426	0.0
190.0	30.28571428571429	16.380952380952383	19.047619047619047	34.285714285714285	0.0
191.0	27.203065134099617	20.114942528735632	19.54022988505747	33.14176245210728	0.0
192.0	29.615384615384617	21.346153846153847	19.038461538461537	30.0	0.0
193.0	30.23255813953488	16.86046511627907	21.31782945736434	31.589147286821706	0.0
194.0	27.57281553398058	22.330097087378643	20.776699029126213	29.320388349514566	0.0
195.0	32.677165354330704	18.30708661417323	17.913385826771652	31.10236220472441	0.0
196.0	29.482071713147413	20.51792828685259	20.51792828685259	29.482071713147413	0.0
197.0	32.382892057026474	21.384928716904277	20.366598778004075	25.865580448065174	0.0
198.0	26.304801670146137	25.887265135699373	19.832985386221296	27.97494780793319	0.0
199.0	26.695842450765866	25.164113785557984	19.25601750547046	28.88402625820569	0.0
200.0	29.63917525773196	15.721649484536082	17.525773195876287	37.11340206185567	0.0
201.0	30.711610486891384	19.850187265917604	19.101123595505616	30.337078651685395	0.0
202.0	38.57677902621723	16.479400749063668	18.352059925093634	26.591760299625467	0.0
203.0	33.58490566037736	16.9811320754717	22.264150943396228	27.169811320754718	0.0
204.0	32.196969696969695	18.181818181818183	27.27272727272727	22.348484848484848	0.0
205.0	30.916030534351147	16.793893129770993	24.427480916030532	27.86259541984733	0.0
206.0	36.39846743295019	19.157088122605366	19.54022988505747	24.904214559386972	0.0
207.0	24.23076923076923	25.384615384615383	18.846153846153847	31.538461538461537	0.0
208.0	23.93822393822394	15.83011583011583	24.71042471042471	35.521235521235525	0.0
209.0	18.67704280155642	23.73540856031128	24.124513618677042	33.46303501945525	0.0
210.0	25.098039215686274	17.647058823529413	20.0	37.254901960784316	0.0
211.0	31.372549019607842	18.823529411764707	23.52941176470588	26.27450980392157	0.0
212.0	23.50597609561753	14.741035856573706	28.286852589641438	33.46613545816733	0.0
213.0	31.2	22.400000000000002	16.400000000000002	30.0	0.0
214.0	30.081300813008134	21.951219512195124	17.073170731707318	30.89430894308943	0.0
215.0	29.795918367346943	24.489795918367346	16.3265306122449	29.38775510204082	0.0
216.0	31.020408163265305	21.224489795918366	18.775510204081634	28.97959183673469	0.0
217.0	26.74897119341564	16.049382716049383	25.925925925925924	31.275720164609055	0.0
218.0	26.666666666666668	15.833333333333332	19.583333333333332	37.916666666666664	0.0
219.0	17.040358744394617	21.973094170403588	24.2152466367713	36.771300448430495	0.0
220.0	0.0	26.11464968152866	29.29936305732484	44.5859872611465	0.0
