# Position (bp)	A	C	G	T	N
0.0	25.94531806862081	25.324052481982417	23.823687290454863	24.906942158941913	0.0
1.0	25.434049930041624	21.163509006591045	14.326947614815335	39.075493448551995	0.0
2.0	27.790579047351017	19.875290227256738	18.530570604376276	33.80356012101597	0.0
3.0	23.41095083638793	23.34062920281638	15.29056019971344	37.957859761082254	0.0
4.0	33.52814004991739	13.997082293387702	14.644778008225822	37.829999648469084	0.0
5.0	35.04780484375549	15.67454040563816	23.02014130549404	26.257513445112306	0.0
6.0	32.53431277788517	17.91293956381913	20.70980440398573	28.842943254309965	0.0
7.0	34.41377007696904	17.67036867817102	20.013706814747128	27.90215443011282	0.0
8.0	22.902279157221432	26.488832656790905	22.23364436712531	28.375243818862355	0.0
9.0	29.643035995115135	18.558965393029407	15.276618550179668	36.52138006167579	0.0
10.0	26.826504076468932	16.970937587854934	24.52119061006466	31.68136772561147	0.0
11.0	28.106825968549593	18.487217780901343	19.885794605991393	33.520161644557675	0.0
12.0	26.10425890786422	20.573301004989812	21.06174010822967	32.26069997891629	0.0
13.0	26.832331963037138	21.196549664453112	18.549945539510208	33.42117283299954	0.0
14.0	30.259378650668868	18.74236927860587	19.979095117216662	31.019156953508592	0.0
15.0	29.598693051566492	19.005208470571702	18.717117686841807	32.67898079102	0.0
16.0	29.626084512979027	17.27580877445643	18.74319435175103	34.354912360813515	0.0
17.0	30.20701643489254	18.236409608091027	20.317109144542773	31.23946481247366	0.0
18.0	31.030850923772324	17.64953701672006	18.604467459516393	32.71514459999123	0.0
19.0	30.10617760617761	17.972972972972972	20.007020007020007	31.913829413829415	0.0
20.0	30.381757082817863	18.044624604072894	19.127337176348785	32.44628113676046	0.0
21.0	29.91674927407823	17.803724790118693	19.950347828375424	32.329178107427644	0.0
22.0	28.62292781334971	18.45364441715639	19.940356109113235	32.983071660380666	0.0
23.0	29.418265056436972	17.77216477666395	20.44798765139755	32.36158251550153	0.0
24.0	31.125200599826364	18.489384651811317	18.072838564275255	32.312576184087064	0.0
25.0	29.339600305164115	17.857362084235817	19.173601550374002	33.62943606022606	0.0
26.0	30.95236007470866	17.70823285953544	20.255517655621126	31.083889410134773	0.0
27.0	28.906366450096886	18.1427606947769	19.592112300637435	33.35876055448878	0.0
28.0	29.752761704366122	17.532877432930036	20.220059617745044	32.4943012449588	0.0
29.0	29.273509893134857	18.130254495086305	19.929165680421498	32.66706993135733	0.0
30.0	30.09720651783288	17.790808768746658	19.502660250510576	32.60932446290988	0.0
31.0	29.521647279516827	18.4153086895923	20.046634349880346	32.01640968101053	0.0
32.0	29.998597377095166	18.440108001963672	19.417560838768498	32.14373378217266	0.0
33.0	30.831353086116643	17.998474259709056	19.812702226353217	31.35747042782108	0.0
34.0	29.691596734450492	17.829865221547013	19.979129946772595	32.499408097229896	0.0
35.0	29.855853168510542	18.5048385257192	19.79452715803511	31.844781147735148	0.0
36.0	30.373782574361673	17.56514872334825	18.950601035360183	33.11046766692989	0.0
37.0	28.217074668772486	19.770992366412212	19.18399578836536	32.82793717644994	0.0
38.0	29.92620670895961	18.194740582800286	19.703071941877912	32.175980766362194	0.0
39.0	28.556386227229652	19.00424695517883	20.093187322312307	32.34617949527921	0.0
40.0	30.523406308954502	18.330189093142632	19.767472469617864	31.378932128284998	0.0
41.0	30.242699705180403	17.682156394777483	21.021690299031306	31.053453601010812	0.0
42.0	30.162685807549884	19.205524648567067	19.48017760306067	31.151611940822377	0.0
43.0	29.566995471618636	18.722575209744797	19.527328254993506	32.183101063643065	0.0
44.0	29.015384885425167	19.104288986598565	20.50674460037036	31.37358152760591	0.0
45.0	29.351565791321445	19.642606375509057	19.656649347001824	31.349178486167673	0.0
46.0	30.172814801162044	18.1617911652931	19.02367097606572	32.64172305747913	0.0
47.0	29.454255020362307	18.617469456537002	20.047219491644434	31.881056031456257	0.0
48.0	30.463250653887336	18.678357645654504	19.339266592939772	31.519125107518388	0.0
49.0	28.992732507109505	18.55053891795106	19.416845135694977	33.03988343924446	0.0
50.0	29.5008294639644	18.37811268421561	20.07478341774263	32.04627443407737	0.0
51.0	30.090849242922975	18.98793065613342	19.533026113671276	31.388193987272327	0.0
52.0	29.408098594640148	18.982452752345925	19.33093986183408	32.27850879117985	0.0
53.0	30.985507500811966	18.431193546404963	19.46436565690259	31.11893329588048	0.0
54.0	30.189441157364328	18.44812753480696	19.944870691925487	31.417560615903223	0.0
55.0	29.386977552650755	17.958757275416772	18.8910640763403	33.76320109559217	0.0
56.0	29.217911915233557	18.60981626328865	20.46035132074478	31.711920500733015	0.0
57.0	28.414657700208945	18.457324460520077	19.51609221638895	33.611925622882026	0.0
58.0	29.609502572296453	18.092988955805662	19.23340298140572	33.06410549049216	0.0
59.0	29.41853012704015	17.725041922371183	20.68023985742004	32.176188093168626	0.0
60.0	29.569019253224234	18.667638253601748	19.850223435730403	31.913119057443613	0.0
61.0	30.408329894734994	17.634302871741745	19.4226666549608	32.53470057856246	0.0
62.0	28.920105355575064	18.600526777875327	19.697102721685688	32.78226514486391	0.0
63.0	29.40071289354006	18.349985074888938	19.882003827852014	32.36729820371899	0.0
64.0	28.403623977244795	18.773922814903255	19.756294553499316	33.066158654352634	0.0
65.0	30.090601021895246	17.912138078766702	20.84174670342212	31.155514195915927	0.0
66.0	29.98182759922394	18.149575538368346	20.53832445197482	31.33027241043289	0.0
67.0	28.981053888430402	18.043581324296326	19.53872627346315	33.43663851381012	0.0
68.0	29.50757775319179	18.480761463217604	19.957676975220835	32.05398380836977	0.0
69.0	29.77933105610242	17.602585154679005	20.07182936574143	32.54625442347714	0.0
70.0	28.347632135863503	18.593419331044352	19.96768499899016	33.091263534101984	0.0
71.0	30.082807190087724	17.388631793394744	20.86249440195295	31.66606661456458	0.0
72.0	29.729373748726772	18.129851427768607	19.93080678585227	32.209968037652345	0.0
73.0	29.953637848374694	17.713327362450173	19.17092531127619	33.16210947789895	0.0
74.0	29.377881195943278	18.111252579356368	20.965008561267943	31.545857663432407	0.0
75.0	30.48815827603467	18.07213045654522	19.556187816679397	31.883523450740714	0.0
76.0	28.748320467897887	18.47880496351134	19.459739529818833	33.31313503877195	0.0
77.0	28.867382694148542	17.798522863992833	21.984912487156294	31.34918195470233	0.0
78.0	29.968296345736693	17.736482036059613	18.644559003047416	33.65066261515628	0.0
79.0	30.093531813990253	17.361788082378254	19.428270320115924	33.116409783515564	0.0
80.0	31.385412549949503	18.040662187678393	19.811179906029068	30.762745356343036	0.0
81.0	30.045492868685447	19.031476146982364	19.392433078058033	31.53059790627415	0.0
82.0	30.043649713246857	17.852469238808723	18.59196739884596	33.51191364909846	0.0
83.0	29.574038292640086	18.379588968909186	20.277533813455122	31.768838924995606	0.0
84.0	30.92245672278871	18.02931696220764	18.96204955251671	32.086176762486936	0.0
85.0	29.680473580663293	17.382483136593592	18.978358628442944	33.95868465430017	0.0
86.0	30.554018323802495	17.741411266591122	19.69764847462689	32.00692193497949	0.0
87.0	29.461422911707093	18.88577527517415	20.097156460553247	31.55564535256551	0.0
88.0	29.960381949629735	17.606753515992164	19.024570218821648	33.408294315556454	0.0
89.0	29.415330551284868	18.915001098177026	20.140566659345485	31.52910169119262	0.0
90.0	30.223241348409374	18.61223127135992	19.15430097607689	32.01022640415382	0.0
91.0	30.043929010718678	18.25865401511158	19.705675628184853	31.991741345984888	0.0
92.0	28.868017361050097	18.60514154175965	20.48709342986171	32.03974766732854	0.0
93.0	30.235909150814923	18.561701006018538	19.48600799543118	31.71638184773536	0.0
94.0	30.20446178313168	17.260194533041624	20.067480296280678	32.46786338754602	0.0
95.0	30.26527366506454	18.515557039549414	21.020675353888603	30.198493941497446	0.0
96.0	29.86151385740145	19.071721059383844	19.50317217623592	31.563592906978787	0.0
97.0	29.73716354561192	18.331766215278083	19.82213942371064	32.10893081539935	0.0
98.0	28.54732550067225	18.445125969928906	21.186850268460507	31.820698260938336	0.0
99.0	29.55542080795831	18.549471408610373	19.585563259602964	32.30954452382836	0.0
100.0	29.614077712635783	18.613003750066024	19.878871106885683	31.89404743041251	0.0
101.0	29.421672722141874	18.782849483226922	20.894035062965184	30.901442731666016	0.0
102.0	30.208719933548945	17.907321987169293	19.942385522153298	31.941572557128467	0.0
103.0	29.539958008876603	17.469724754387364	19.702164226043354	33.28815301069268	0.0
104.0	30.598671591958514	18.137742416708104	20.016693897847553	31.24689209348583	0.0
105.0	30.78586685653257	18.176397294410823	19.27020291918832	31.76753292986828	0.0
106.0	28.872548144710773	17.866640489746384	20.323403951525105	32.93740741401774	0.0
107.0	29.395395449136085	18.233878255889906	20.291878059037753	32.078848235936256	0.0
108.0	29.30139111872494	19.496291246984114	20.05058613545245	31.15173149883849	0.0
109.0	28.618045504804883	18.550714215082568	20.158934205913287	32.672306074199255	0.0
110.0	29.632665561720835	17.60466959717518	21.259097787706278	31.503567053397706	0.0
111.0	28.963563191424086	18.816660951796575	20.026709498114094	32.19306635866525	0.0
112.0	28.944369063772047	18.10221619176843	18.90909090909091	34.04432383536861	0.0
113.0	30.400797968806675	17.40660137830976	20.61026478055858	31.58233587232499	0.0
114.0	30.032364224804088	18.26487754322806	19.038527973235876	32.664230258731976	0.0
115.0	29.61453232292835	17.453195816120886	20.378628293163352	32.55364356778742	0.0
116.0	30.23983315954119	17.770704132594258	20.319960485154493	31.66950222271006	0.0
117.0	30.397219190520303	18.13029082938193	19.63900837361166	31.833481606486107	0.0
118.0	29.876422883833833	18.322330311333417	19.64361242391364	32.157634380919106	0.0
119.0	30.513990688240444	17.845387913151708	19.51873876365648	32.12188263495136	0.0
120.0	29.735774423999334	18.132584124284907	19.800744896167387	32.330896555548364	0.0
121.0	29.721293406074302	17.44949658679362	19.912377388549782	32.91683261858229	0.0
122.0	29.776193526228333	17.978779693113147	20.15372190815673	32.09130487250179	0.0
123.0	28.257065197155306	18.842387459507766	19.681088729195366	33.219458614141566	0.0
124.0	28.915471388017334	17.945988346033168	19.29161063797998	33.846929627969516	0.0
125.0	28.892156679092594	18.031021111589833	20.09441207875166	32.98241013056591	0.0
126.0	29.582268490679496	18.15995189416717	19.736545399879734	32.5212342152736	0.0
127.0	29.760962183765034	17.89861629529088	18.61780341590318	33.72261810504091	0.0
128.0	29.343570928759195	17.79507158121679	21.064924258184085	31.79643323183993	0.0
129.0	29.958462151243292	18.08318949983878	19.201297346509115	32.757051002408815	0.0
130.0	29.83690742237649	17.74523322714089	19.642432599495983	32.77542675098664	0.0
131.0	30.120217536494607	17.808415227554622	20.54097891422574	31.530388321725027	0.0
132.0	30.665084726301988	18.10875202127965	19.194741324045815	32.031421928372545	0.0
133.0	30.383792239699797	18.16846934172769	20.202117143487815	31.245621275084694	0.0
134.0	30.90373394442412	17.40645881877178	20.3730093011612	31.3167979356429	0.0
135.0	29.496715610510044	18.012944358578054	20.73415765069552	31.756182380216387	0.0
136.0	28.310227823557927	18.58846340281144	19.829374697043143	33.27193407658749	0.0
137.0	30.458226271120452	17.955306392587403	23.3590282644242	28.227439071867945	0.0
138.0	30.636024456468657	19.958783427421718	19.858183736057665	29.54700838005196	0.0
139.0	30.235065775285747	19.391456074656418	19.564961671927385	30.808516478130453	0.0
140.0	28.912156515754805	21.4127709777319	20.102246472988252	29.572826033525047	0.0
141.0	31.66132452290547	17.03535677301642	20.678534444499235	30.624784259578874	0.0
142.0	26.462266017650084	20.18184336538842	24.56864141833868	28.787249198622817	0.0
143.0	27.595172879202888	19.056409034972805	19.061371124607994	34.287046961216305	0.0
144.0	27.97522430567312	19.608448432100857	18.6464982423995	33.76982901982653	0.0
145.0	27.071165693255463	19.758580686454916	16.803344267541405	36.36690935274822	0.0
146.0	33.425095194558594	14.043583535108958	19.80348226216431	32.72783900816815	0.0
147.0	34.326949426057304	16.08460453267566	22.567974910939924	27.020471130327113	0.0
148.0	32.010858865828766	16.971122462724455	21.431753893338584	29.586264778108195	0.0
149.0	32.681112906438834	17.235883928373802	23.6293410655393	26.453662099648067	0.0
150.0	27.83309425364948	17.992855736506062	26.32407954321717	27.849970466627287	0.0
