# Position (bp)	A	C	G	T	N
0.0	27.943279575806912	22.967591472134828	23.619942355503728	25.469186596554533	0.0
1.0	26.89024056112664	20.02191900926078	15.964710395090142	37.12313003452244	0.0
2.0	29.221027348654406	19.424641083028547	17.76952890441618	33.584802663900874	0.0
3.0	24.541869130368465	21.231996164992484	16.428431351186457	37.7977033534526	0.0
4.0	32.47559508976457	15.813081681961494	14.954982285448065	36.75634094282588	0.0
5.0	35.47804260567571	15.214921723701435	21.74642157764338	27.555204535373097	0.00540955760637895
6.0	32.15900385208844	17.51890976186109	21.643989339318278	28.673780981257487	0.004316065474713251
7.0	36.575619843612	17.408396699911684	19.916851560648816	26.098054843504297	0.001077052323201861
8.0	26.476286839895803	25.728186691352178	21.5689651460679	26.225484919592688	0.0010764030914296786
9.0	27.61339313564153	20.6952556118443	16.382175470297828	35.30917578221634	0.0
10.0	27.00137581151382	18.062900382647577	24.740960488413087	30.19476331742551	0.0
11.0	27.082370889244622	20.727554013257553	21.001514842230794	31.188560255267035	0.0
12.0	27.25369352344958	21.991496306476552	19.235311802095858	31.513056175914787	0.006442192063219378
13.0	26.619870989900292	21.220122141009544	20.3249938285518	31.835013040538364	0.0
14.0	31.88975110281096	19.51680243852701	19.597299588927886	28.994000279056785	0.0021465906773566884
15.0	30.01148426012386	17.797383305964303	20.532139828916723	31.658992604995117	0.0
16.0	32.232132315849356	17.420656642088204	19.410546199997853	30.93451825138723	0.0021465906773566884
17.0	29.044445159974668	18.864238872610574	21.794335147202457	30.29483422953494	0.0021465906773566884
18.0	33.406317416363464	18.189136104581898	18.076440094020672	30.32273990834058	0.00536647669339172
19.0	31.830719859183652	18.856725805239826	19.518949029204364	29.793605306372157	0.0
20.0	29.279496839145224	17.024610662115894	21.152504534672804	32.54338796406607	0.0
21.0	28.983267325670003	17.04822315956682	21.13103862789924	32.83747088686394	0.0
22.0	28.039840722971743	19.33434223095169	21.15572442068884	31.46687273937169	0.003219886016035032
23.0	30.06836891307381	16.92372090028013	20.725332989878826	32.28150390142856	0.0010732953386783442
24.0	30.84436144293825	16.65110388425583	19.304289961468697	33.19917141599854	0.0010732953386783442
25.0	29.442637730624337	18.047461119876356	18.5111247061854	33.99770314797523	0.0010732953386783442
26.0	30.1381331100879	17.70400661149929	21.277006793959494	30.88085348445332	0.0
27.0	30.483734209142334	17.372358351847677	19.23774565047064	32.90616178853935	0.0
28.0	29.364287170900816	17.276835066705306	21.759989696364748	31.591374998658377	0.007513067370748409
29.0	30.90983245859763	16.95699305577916	19.689602988054222	32.44249820223031	0.0010732953386783442
30.0	30.09123108296662	16.228399699474082	20.54845980465815	33.13190941290115	0.0
31.0	30.2157346785446	17.196522485778683	20.164215949339916	32.42138027261994	0.0021466137168616507
32.0	28.596421556526312	18.50508216252187	20.569073404243902	32.329422876707916	0.0
33.0	30.262112787926927	16.9514629800571	19.869909623682457	32.914367902453684	0.002146705879827405
34.0	28.877797456126224	17.930553319379595	18.773144421188213	34.41850480330596	0.0
35.0	30.316698347240568	16.806812934265494	21.01227487998969	31.864213838504245	0.0
36.0	31.484146760611786	17.38271180615226	18.006745145213955	33.126396288022	0.0
37.0	28.438376177636453	19.829410564083833	18.844331768522597	32.88680724897679	0.001074240780328503
38.0	30.619546997894016	18.173808398160485	19.736106932565438	31.470537671380068	0.0
39.0	32.306187594716306	17.754538321815115	18.693909136832147	31.24536494663643	0.0
40.0	29.041175458222185	19.021598829704843	20.355391102314773	31.580758970828672	0.0010756389295241372
41.0	29.47762800912967	16.90926316696094	21.720640799276516	31.89139141294518	0.0010766116876964817
42.0	28.097900440595076	19.669499833026315	20.784453134257614	31.44706934255459	0.0010772495664070495
43.0	31.337041348682792	19.062863795110594	20.58271892381322	29.015220109515806	0.0021558228775923768
44.0	29.19272742958202	18.54160376137687	21.25587715136091	31.009791657680196	0.0
45.0	30.25425831436554	18.841220698805838	19.99654804155295	30.90797294527567	0.0
46.0	30.23612190278857	17.642234308900974	19.413148579815246	32.70849520849521	0.0
47.0	31.331764604291696	19.37308406372782	18.944561979189153	30.347351150641167	0.0032382021501662275
48.0	28.82453924140835	19.758364914326435	18.209006791263132	33.207009360930265	0.0010796920718211167
49.0	27.60184905171296	20.123558128483175	20.49077634250659	31.78381647729727	0.0
50.0	29.40820407501486	19.569799491974273	18.868291628384586	32.15370480462628	0.0
51.0	31.530205989267785	17.192097974727368	19.866496451445386	31.41119958455946	0.0
52.0	28.268945424613616	17.014870411887664	21.231222449664795	33.48496171383392	0.0
53.0	30.90918948224451	18.394144754676063	19.55326646787747	31.13038763892654	0.01301165627541339
54.0	30.996277929096177	19.10084316300066	19.860449469903312	30.04025913426584	0.002170303734007574
55.0	28.900233530657687	19.50904252430348	18.760658230597947	32.830065714440885	0.0
56.0	32.50163078930202	17.35159817351598	21.173081104587954	28.972602739726028	0.0010871928680147858
57.0	26.77943976067446	18.913244492793037	19.813978787054666	34.49333695947783	0.0
58.0	29.874597230688842	16.48197335191152	23.241966385091004	30.40146303230863	0.0
59.0	26.647489539748953	21.891344142259413	23.026717224546722	28.430090655509066	0.004358437935843794
60.0	30.595296556992412	19.160801003983195	19.82102908277405	30.422873356250342	0.0
61.0	29.565331467552912	20.244446387965716	19.16761413328669	31.02260801119468	0.0
62.0	30.593842445491397	15.291990796537744	22.940725320477704	31.173441437493153	0.0
63.0	26.575348489512336	20.550987203728948	25.857482080823186	27.015082889934476	0.0010993360010553624
64.0	26.62545182050604	20.807987304945783	18.430970642687118	34.13559023186106	0.0
65.0	28.311840562719816	18.790506315114246	19.20192881948285	33.690194430312545	0.005529872370545688
66.0	26.31718911012864	18.547573934337223	19.22902192822081	35.900674799720775	0.005540227592549502
67.0	33.24890014664712	14.14700262187264	18.35533040039106	34.24765586810648	0.001110962982713416
68.0	34.5689422558014	15.489521496672062	22.44670804101457	27.49482820651196	0.0
69.0	32.27641153173068	17.12029105646127	21.07741549230911	29.525881919498943	0.0
70.0	31.272308013099632	16.632118632633784	25.05366188718125	27.041911467085335	0.0
71.0	26.06633597163694	19.22903481627766	24.786577306442332	29.91805190564307	0.0
