# Position (bp)	A	C	G	T	N
0.0	26.847446519382807	24.195823066618264	23.391083940234065	25.565646473764865	0.0
1.0	26.978006329620253	20.236224755919217	15.232048742555977	37.55356017139255	1.600005120016384E-4
2.0	27.79605053276335	19.830281375614113	18.064186818094814	34.30948127352772	0.0
3.0	23.86281398962659	21.912193446080387	14.914517203919692	39.310157255261856	3.1810511147198367E-4
4.0	33.67234665922581	14.26456039774745	14.752073715184416	37.30959235959617	0.001426868246156968
5.0	35.74229913629994	14.69414251446757	22.453034825082927	27.101656942454298	0.008866581695258753
6.0	32.30313989807661	17.41154415205048	19.983497515143085	30.295179504040266	0.006638930689563601
7.0	34.890393157210774	17.055497395426244	20.644266858674044	27.409053084671147	7.895040177859466E-4
8.0	23.075588474666095	26.96084616694952	21.85699955205895	28.105777177719034	7.886286063986171E-4
9.0	28.381384854395858	18.24392672681379	16.065300488761018	37.30923036683862	1.5756319071763732E-4
10.0	26.758476944317195	17.2238725612895	24.310360298666765	31.706817920635743	4.7227509079488623E-4
11.0	28.053605957196414	18.288517481879353	19.71079340655537	33.9450378460701	0.0020453082987597565
12.0	26.288707620355122	19.89136468786219	21.01278682285745	32.800535942593754	0.006604926331482382
13.0	27.545016516794956	20.949927866708993	18.29419696317273	33.21054434704442	3.143062788965335E-4
14.0	31.27033168741612	18.567957732091614	20.42173616502337	29.738717190353313	0.001257225115586134
15.0	29.59727936484987	18.482937883650102	19.2083567753433	32.710325904180586	0.0011000719761378674
16.0	30.69295105308319	17.469142981069332	18.892478965052284	32.94275539742457	0.002671603370620535
17.0	30.05270916297095	18.16470277626736	20.34818849576158	31.431413655350593	0.0029859096495170683
18.0	31.407840684433353	18.23117855425398	18.5102825299141	31.84252626814726	0.008171963251309871
19.0	30.083039718884464	18.31541263699825	19.95813440365098	31.643413240466305	0.0
20.0	30.027564660659227	18.05516703807192	19.93283274819981	31.984435553069048	0.0
21.0	29.885341069458544	17.46301400863085	19.508676424828938	33.14218273138442	7.857656972413338E-4
22.0	28.202388099107058	19.202699262323165	19.847027134061058	32.746628279393136	0.001257225115586134
23.0	30.255122406580316	17.494287483381054	20.03922542360629	32.20979315503786	0.0015715313944826676
24.0	30.56377117245671	18.152287678250946	18.57282947941451	32.70954013848335	0.0015715313944826676
25.0	29.440911991098844	17.931330364186685	19.282533057162883	33.34491028127269	3.143062788965335E-4
26.0	31.527434223553485	17.534361533940363	20.20863650793152	30.729410581435186	1.5715313944826675E-4
27.0	28.732308485326612	18.10247013304585	20.12895986623125	33.035947209117396	3.143062788965335E-4
28.0	29.827508714141583	18.002992195775093	20.14876116180173	32.01775201863208	0.0029859096495170683
29.0	29.1460927014939	18.580372830108026	19.321507035746052	32.9493558292814	0.002671603370620535
30.0	30.11313543406824	18.230536037855348	19.072097712303773	32.58265927202951	0.0015715437431343183
31.0	30.0934285691835	18.349559573481688	19.42512749188688	32.12984135216049	0.0020430132874441117
32.0	29.062203859433517	18.299385049134777	19.48324011371798	33.15501382185755	1.5715585617724666E-4
33.0	29.82796094350386	17.57353738513835	19.60902643212653	32.987903675729875	0.0015715635013806184
34.0	29.593855738086223	17.96916867960289	19.591356920702623	32.84546150328225	1.5715832601237464E-4
35.0	30.063004036220637	17.608425276458313	19.524175656573757	32.80423779581786	1.5723492942510192E-4
36.0	31.02477087880637	17.625662831730377	18.94220547626386	32.4070463022953	3.145109040930449E-4
37.0	28.80241696404278	18.823633026599502	19.494400312028674	32.87907787977774	4.718175512983632E-4
38.0	30.387990021046406	18.176041073524	19.157577492614884	32.27713303279024	0.0012583800244754914
39.0	29.690201921821185	18.88212127267549	19.212862072275204	32.21481473322812	0.0
40.0	29.748468972380877	18.40036155715233	19.46282937368412	32.38534811686359	0.0029919799190905637
41.0	29.528679125732328	18.261299927023522	20.412451079752415	31.795836085056212	0.0017337824355229956
42.0	29.1412213740458	18.256892309633464	19.48993754337266	33.109898429121195	0.0020503438268878937
43.0	29.52082041377308	18.340016000530195	20.22852039278619	31.90732947363936	0.0033137192711711156
44.0	29.450282649087328	18.981926560174024	19.676670281670354	31.89096264864532	1.578604229712173E-4
45.0	29.319559428786217	18.611038286232308	19.80011939770491	32.26912495380446	1.5793347210421083E-4
46.0	30.067461884825025	17.57784975116518	19.408010111383206	32.946362271901414	3.159807251757643E-4
47.0	29.674316877715146	18.273274198671604	19.632170393793864	32.41897429333131	0.0012642364880774597
48.0	30.43562797579528	17.882593217874057	18.817301186840425	32.863213005292415	0.001264614197823599
49.0	28.647447656398256	18.13523942058321	20.187393257005503	33.028496426086406	0.001423239926624075
50.0	29.453825657124412	18.454705409527907	19.56784536610991	32.52330710953867	3.164576990993614E-4
51.0	29.99000612936282	18.15764341045983	19.53176102770567	32.320589432471685	0.0
52.0	29.561789753583046	18.1369603237146	19.87825819473932	32.42299172796304	0.0
53.0	31.202721105711085	17.900348867846066	19.34375386881426	31.54524012837321	0.007936029255378247
54.0	29.761267394181264	18.68983825536302	19.347556354843682	32.19911382812587	0.0022241674861664725
55.0	28.847019238872733	18.478317906510433	18.439518956626273	34.234189825452425	9.540725381350743E-4
56.0	29.111551045870627	18.084236189797192	20.48407323004061	32.31934383235515	7.957019364202325E-4
57.0	27.822683380468295	19.052236999668782	19.69938724553492	33.42521465515045	4.777191775586639E-4
58.0	30.634980582632572	17.864615453260477	21.935649394213193	29.564435860539163	3.187093545976215E-4
59.0	29.3851308232291	20.464422463305677	20.96442246330568	29.179483088704533	0.006541161455009572
60.0	31.082996096951533	18.933859065281403	20.050293886928223	29.93253142169699	3.1952914185656017E-4
61.0	29.052230004688685	21.140838106028237	19.442190782978003	30.36442105970629	3.2004659878478303E-4
62.0	30.772290694914055	16.565401222884493	21.687593432609827	30.974073052270935	6.415973206895888E-4
63.0	26.13352609810718	20.52542353780245	25.68418883434733	27.655412574037612	0.0014489557054240853
64.0	26.381586596220174	20.031229411840695	17.811099197788426	35.77366265776182	0.0024221363888853003
65.0	27.59844439153259	19.60367942544207	18.479734490483153	34.31279651559253	0.005345176949653293
66.0	26.406642240293763	19.53384081695656	17.15170077422395	36.90261676320771	0.005199405318016752
67.0	33.4353952780862	14.20258806918691	17.725192507414164	34.6355198393095	0.001304306003231418
68.0	34.443736132319295	15.399035048272294	22.959690451128935	27.197538368279478	0.0
69.0	31.720509606369074	17.07050271707168	20.331492826729132	30.87749484983012	0.0
70.0	32.5869688303278	16.090251133746854	22.3120657437506	29.01071429217475	0.0
71.0	25.273641563068782	20.520220049399775	25.729010209437764	28.47712817809368	0.0
