# Position (bp)	A	C	G	T	N
0.0	28.33954290578125	24.144161633055333	18.932600628672542	28.583694832490874	0.0
1.0	26.958255247026496	21.18596611738705	14.160065107180456	37.695713528405996	0.0
2.0	28.01077796935295	19.847436500294826	18.470334460392454	33.671451069959765	0.0
3.0	24.170453443168505	22.760205642483527	15.26947671598803	37.799864198359934	0.0
4.0	33.50465860517855	13.835572497445039	15.446875489545182	37.21289340783123	0.0
5.0	35.21873717972625	15.843061201655914	22.537575056875397	26.400626561742442	0.0
6.0	32.07282599777733	17.8268555190083	20.618618215449793	29.481700267764577	0.0
7.0	34.15623741404257	17.43089843225585	20.229269529676756	28.18359462402482	0.0
8.0	24.563143724409507	25.07327550845372	21.323359411707674	29.040221355429104	0.0
9.0	29.641810412331925	18.073547068781647	15.910836670619204	36.373805848267224	0.0
10.0	27.532308701909812	17.34565277373841	24.031111807124695	31.09092671722708	0.0
11.0	28.731963759740502	18.888184631445508	18.506394243316805	33.87345736549718	0.0
12.0	27.318415342514786	19.626279723512614	20.826032167383733	32.22927276658887	0.0
13.0	26.76618176666642	21.14273358336378	18.314605903800413	33.77647874616939	0.0
14.0	31.58797259313934	17.909145809568543	19.342861616229396	31.160019981062725	0.0
15.0	30.90347927864795	17.907810671179465	19.605328880174746	31.583381169997836	0.0
16.0	30.61040422788226	16.986068561461572	18.66395342770038	33.73957378295579	0.0
17.0	30.08197943061559	18.115963630943508	19.26963779997019	32.53241913847071	0.0
18.0	31.549375540254555	17.788905779605948	19.151837610659037	31.50988106948046	0.0
19.0	29.729105511764093	19.049038160659208	18.986455275588206	32.2354010519885	0.0
20.0	30.78344172048778	17.953531335434032	18.980043354861778	32.28298358921641	0.0
21.0	30.18062641987263	17.6127518528174	19.027969163159657	33.17865256415031	0.0
22.0	29.821686603405382	18.15757720210341	19.074468560532708	32.9462676339585	0.0
23.0	29.854170080288384	17.625459907943934	19.38688871344942	33.133481298318266	0.0
24.0	31.0229523823709	17.9865651856596	19.177378274922177	31.813104157047317	0.0
25.0	29.325379981084726	18.592077924979332	19.280921635650085	32.80162045828586	0.0
26.0	30.483445779902596	17.956451156486903	19.89931936315029	31.66078370046021	0.0
27.0	29.663635889760144	18.464654588238798	19.533245463142922	32.338464058858136	0.0
28.0	30.427951240217137	17.85153137589265	18.457677729706383	33.26283965418382	0.0
29.0	29.98153332936201	18.301364150831002	19.365431583963783	32.35167093584322	0.0
30.0	30.234185933951373	18.257567295878477	18.842845973416733	32.66540079675341	0.0
31.0	29.724940058675482	17.995055771493245	19.200583776377904	33.07942039345336	0.0
32.0	29.797310378721313	18.28227619997915	19.644213442149315	32.27619997915022	0.0
33.0	30.543475023085403	18.489172202198326	18.784069583867026	32.183283190849245	0.0
34.0	30.03924605863823	18.00701513989321	19.004922513237165	32.9488162882314	0.0
35.0	30.81746486844751	17.48348612238515	19.633455217044855	32.065593792122485	0.0
36.0	30.046546266989388	17.913237758331782	19.1763172593558	32.86389871532303	0.0
37.0	29.38416509648254	18.93083494075503	18.577822793860268	33.10717716890216	0.0
38.0	29.977955195424215	18.98608794089609	19.091843422306958	31.944113441372735	0.0
39.0	29.561551810172116	18.67519680641101	19.486999977656794	32.27625140576008	0.0
40.0	30.24444014121222	18.58623925640147	19.28559724725545	31.88372335513086	0.0
41.0	29.83003634630281	18.479264732169458	19.451975213013167	32.23872370851456	0.0
42.0	29.930285561067166	18.53391130774158	20.077907375132202	31.457895756059052	0.0
43.0	30.20624622924689	18.714108016714214	19.09695583842928	31.982689915609612	0.0
44.0	30.393201099384015	18.270183305153548	20.16505657060712	31.171559024855316	0.0
45.0	30.691306711954297	18.553775334629393	19.65244724512674	31.10247070828957	0.0
46.0	30.347272916883927	18.47429346125769	19.16705153226167	32.011382089596715	0.0
47.0	29.835525825722925	18.489191484290036	19.849380987143007	31.825901702844035	0.0
48.0	30.52277941658473	18.155746253091387	19.17478621018444	32.14668812013945	0.0
49.0	29.63923093540722	18.518187439008944	19.328670078441014	32.513911547142825	0.0
50.0	29.767199314634784	18.191231794986404	20.093120274146088	31.948448616232728	0.0
51.0	30.44349581685031	17.847112024972247	19.454067302892817	32.25532485528462	0.0
52.0	29.845931488683263	17.769284639339624	19.59456439139958	32.790219480577534	0.0
53.0	30.479418886198545	17.932575898677594	19.038182156826224	32.54982305829763	0.0
54.0	30.465199445694445	18.235460654736183	19.663691496177975	31.635648403391396	0.0
55.0	30.042988802050353	17.85935136826577	19.07227632039696	33.02538350928692	0.0
56.0	30.23818925503461	17.84221545063738	19.333040284307224	32.58655501002078	0.0
57.0	29.285501415586353	17.761138429444195	19.90910445537178	33.04425569959768	0.0
58.0	29.573225248852598	17.984442987423257	19.37175895571318	33.070572808010965	0.0
59.0	29.819319748165256	18.056849085422645	19.906865849569723	32.216965316842376	0.0
60.0	29.714707219121845	18.46393419415407	19.206038163218167	32.61532042350592	0.0
61.0	29.366664182996793	18.057521794203115	19.31450711571418	33.26130690708591	0.0
62.0	29.872810318234993	17.68361287246012	19.480064675245327	32.96351213405956	0.0
63.0	29.687942416881512	17.7309509261881	19.39108534640776	33.190021310522624	0.0
64.0	29.534142052397844	18.5061548090966	19.634288098715388	32.32541503979017	0.0
65.0	29.871687878155644	18.15519656642127	19.737861762689636	32.235253792733445	0.0
66.0	30.333310978472266	18.003114777308326	20.014307111081305	31.6492671331381	0.0
67.0	29.39379261522411	17.695145124632063	19.936659339021574	32.97440292112225	0.0
68.0	29.945898414212476	18.015231906521997	19.454214856325265	32.584654822940266	0.0
69.0	29.273854592064865	17.632724237636747	20.39228545026381	32.70113572003458	0.0
70.0	29.359904011685533	17.295037374332072	19.922046757040757	33.423011856941635	0.0
71.0	30.45937607130614	17.427821913520443	19.68445842214306	32.42834359303036	0.0
72.0	29.847364655378012	18.50703553541617	19.58025280228953	32.06534700691629	0.0
73.0	29.4524938139105	18.341382702799393	18.837760486539665	33.36836299675044	0.0
74.0	30.41336235167849	18.00951046449228	19.469620177687673	32.10750700614155	0.0
75.0	30.223527394962996	18.241445362868664	19.358709667802067	32.17631757436627	0.0
76.0	30.46443505288343	17.75526784582933	18.565476323576547	33.2148207777107	0.0
77.0	30.410930314030367	17.34881744795355	20.0046213820914	32.23563085592468	0.0
78.0	30.197089868209197	18.27106565686684	18.714592402647742	32.817252072276226	0.0
79.0	30.07633701599797	18.209807517406926	19.13941942121036	32.57443604538474	0.0
80.0	29.988294850479765	18.40765233469272	19.557291860820552	32.04676095400696	0.0
81.0	31.114574168244925	17.572363809893076	18.66322680704475	32.649835214817244	0.0
82.0	30.40735521105966	18.25902810400495	18.99275962090538	32.340857064030004	0.0
83.0	31.00699467569462	18.239847280428332	18.118298011961045	32.634860031916006	0.0
84.0	28.898699439207732	17.969961818398758	19.953615320367497	33.17772342202601	0.0
85.0	28.630024610336342	17.884256842419273	18.98128122902528	34.504437318219104	0.0
86.0	30.99837408075896	16.8230433031519	22.68008174346276	29.498500872626384	0.0
87.0	30.22069407877563	20.44571402999769	20.327871297836317	29.005720593390365	0.0
88.0	32.218774706505364	18.320479735071675	18.628518579292034	30.83222697913093	0.0
89.0	28.010412626428376	23.555210788555062	18.776292627621803	29.658083957394755	0.0
90.0	33.86542148094552	14.72889611600516	19.47964762835383	31.926034774695477	0.0
91.0	27.322229101243444	20.749200002983674	26.801578362411703	25.126992533361182	0.0
92.0	26.084783565445065	19.511558343714334	17.730999037737117	36.67265905310349	0.0
93.0	27.796053858490914	19.63671627317146	18.537167580470705	34.03006228786692	0.0
94.0	24.117300390155837	21.642832098710173	16.999007825496648	37.24085968563734	0.0
95.0	33.43529675084866	14.175401947252583	16.277091804379452	36.1122094975193	0.0
96.0	35.075673900713454	15.469864772082747	23.185766739305652	26.268694587898146	0.0
97.0	30.67217166023339	17.12048021860698	20.896079558605038	31.311268562554595	0.0
98.0	34.6384777381148	13.406419428554358	22.51131390677042	29.443788926560423	0.0
99.0	27.388615894732126	17.80502740728571	25.287141726285604	29.519214971696563	0.0
