# Position (bp)	A	C	G	T	N
0.0	48.8231338264963	10.782335799148173	13.640439363371442	26.754091010984084	0.0
1.0	18.285714285714285	46.666666666666664	15.943977591036415	19.103641456582633	0.0
2.0	17.14668452779638	49.017637865595	10.627372181290466	23.20830542531815	0.0
3.0	51.42061281337047	10.685236768802229	19.73259052924791	18.161559888579387	0.0
4.0	49.21465968586388	11.975047343210427	12.16442018491701	26.645872786008688	0.0
5.0	18.36507406169952	42.90010023387905	19.033299922040317	19.70152578238111	0.0
6.0	19.298440979955455	50.99109131403118	12.026726057906458	17.683741648106903	0.0
7.0	51.608952232490815	14.486137401180269	14.285714285714285	19.619196080614632	0.0
8.0	49.59955506117909	17.31924360400445	10.389321468298109	22.691879866518352	0.0
9.0	17.3801845880129	43.945290781719116	11.88702324029801	26.787501389969975	0.0
10.0	17.809894385769873	12.595886603668704	12.229016120066703	57.365202890494714	0.0
11.0	18.057561951327923	14.823869318813202	9.412156906322924	57.70641182353595	0.0
12.0	27.667369823470633	9.6813589430443	11.901854113467303	50.74941712001776	0.0
13.0	20.14867413735715	44.26938866082325	18.107178519915678	17.474758681903914	0.0
14.0	17.39997783442314	21.123794746758286	45.228859581070594	16.247367837747976	0.0
15.0	48.295706064630366	22.111553784860558	12.959274015050907	16.633466135458168	0.0
16.0	17.14222517142225	14.698075646980758	11.236452112364521	56.923247069232474	0.0
17.0	21.471985854790585	44.14852469886175	11.702950602276495	22.676538844071167	0.0
18.0	17.18387631143015	10.590833793484263	13.981225842076201	58.244064053009396	0.0
19.0	17.172497516830372	53.08464849354376	14.269948129345547	15.472905860280322	0.0
20.0	20.06394002866277	14.022709734318155	9.855583728365119	56.05776650865395	0.0
21.0	19.367980621008588	13.091829993393524	20.14974675181678	47.390442633781106	0.0
22.0	15.542102366538249	18.64611997798569	46.07594936708861	19.735828288387452	0.0
23.0	18.11084231361337	14.284143391246976	12.51374532658896	55.091268968550686	0.0
24.0	55.26518063028439	12.693532447567804	12.144504227517295	19.896782694630506	0.0
25.0	17.623175683090093	12.871721716229562	45.90145945352793	23.603643147152418	0.0
26.0	53.72970601140852	11.375603334795963	12.51645458534445	22.378236068451073	0.0
27.0	14.617576156037696	24.567170721016875	8.4155161078238	52.39973701512163	0.0
28.0	16.53896672504378	52.24387040280211	10.04816112084063	21.169001751313484	0.0
29.0	23.60533800043754	8.138262962152702	11.441697659155546	56.814701378254206	0.0
30.0	19.509782369751594	15.190151681688283	41.29479006375028	24.005275884809848	0.0
31.0	18.039867109634553	14.806201550387597	16.910299003322258	50.243632336655594	0.0
32.0	18.39234023602761	12.157648630594522	10.498775328434647	58.951235804943224	0.0
33.0	17.91563832174108	43.81871213820956	14.224814897913395	24.040834642135966	0.0
34.0	21.81736392262708	10.447593342330185	10.762483130904183	56.97255960413855	0.0
35.0	17.7300125099511	43.261685431593314	15.717047651541	23.29125440691459	0.0
36.0	23.5851209493382	15.141487905066182	10.04107713372889	51.232314011866734	0.0
37.0	54.91230081394016	14.983377278459246	12.002751347013643	18.101570560586953	0.0
38.0	47.389558232931726	16.683878370625358	9.856569133677567	26.069994262765345	0.0
39.0	51.684101620875964	13.058972295666168	8.173353258995286	27.083572824462582	0.0
40.0	25.648516008413182	46.49450806263145	11.731713017060061	16.1252629118953	0.0
41.0	15.081151522331476	11.219049875607155	48.975239900485725	24.724558701575646	0.0
42.0	50.68330362448009	12.442067736185383	17.813428401663696	19.061200237670825	0.0
43.0	53.91138182252478	21.222978621760422	9.45897527767825	15.406664278036548	0.0
44.0	20.603075444497836	46.28784238346949	10.583853916386353	22.525228255646322	0.0
45.0	29.728280300321774	19.98569896317483	14.461923489452985	35.82409724705041	0.0
46.0	35.588288779778146	17.07583196944899	20.040007274049827	27.295871976723042	0.0
47.0	27.354672553348053	17.236938925680647	16.869021339220012	38.53936718175129	0.0
48.0	23.293246993524512	23.515263644773356	16.114708603145235	37.07678075855689	0.0
49.0	34.746079163554896	16.672890216579535	18.857356235997013	29.72367438386856	0.0
50.0	25.464439857384125	21.82398198536311	16.47588665790955	36.23569149934321	0.0
51.0	24.741103370363398	27.960836000753154	15.270193937111657	32.02786669177179	0.0
52.0	24.38055608095328	15.39625496500851	17.81728768677889	42.40590126725932	0.0
53.0	27.55860491709548	19.973318086525634	18.82980750905279	33.63826948732609	0.0
54.0	24.82758620689655	21.64750957854406	13.793103448275861	39.73180076628353	0.0
55.0	31.474716400692177	15.612382234185734	17.073639684676024	35.839261680446064	0.0
56.0	28.871595330739297	15.914396887159532	29.961089494163424	25.252918287937742	0.0
57.0	30.104971281441873	16.835016835016837	28.48088730441672	24.579124579124578	0.0
58.0	26.027124052652574	16.41404068607898	17.151974471479857	40.40686078978859	0.0
59.0	20.65586882623475	23.115376924615077	19.976004799040194	36.25274945010998	0.0
60.0	22.717238611278347	28.717639975918118	20.208709612683123	28.356411800120405	0.0
61.0	23.923154701718907	16.946410515672397	21.456016177957533	37.67441860465116	0.0
62.0	29.48717948717949	31.339031339031337	17.399267399267398	21.774521774521773	0.0
63.0	42.14108910891089	15.73844884488449	17.141089108910894	24.97937293729373	0.0
64.0	29.421591146377114	29.212779285863437	18.375443725203592	22.990185842555857	0.0
65.0	25.796178343949045	18.322717622080678	16.390658174097663	39.490445859872615	0.0
66.0	24.790367662868203	14.362502687594066	18.017630617071596	42.82949903246613	0.0
67.0	26.0060579835569	14.712245781047164	32.02077022933795	27.260926006057986	0.0
68.0	35.65689467969598	18.04560260586319	16.742671009771986	29.55483170466884	0.0
69.0	39.02439024390244	17.161063502526915	18.809052955394417	25.005493298176223	0.0
70.0	25.680159256801595	33.3996903339969	16.567131165671313	24.35301924353019	0.0
71.0	26.02404274265361	18.121104185218165	16.3846838824577	39.47016918967052	0.0
72.0	24.279007377598926	16.901408450704224	30.69528280795886	28.124301363737985	0.0
73.0	24.04149751917005	30.401443391971135	17.63644564727109	27.920613441587733	0.0
74.0	40.70374574347333	14.324631101021568	21.475595913734395	23.496027241770715	0.0
75.0	40.086501251991805	17.59617573412247	20.714773503300705	21.60254951058502	0.0
76.0	24.58904109589041	19.497716894977167	29.15525114155251	26.757990867579906	0.0
77.0	39.88545246277205	17.457044673539517	15.578465063001145	27.079037800687285	0.0
78.0	25.541225241824044	17.134960847535698	16.39797328420083	40.92584062643943	0.0
79.0	24.096385542168676	34.059314179796104	15.871177015755327	25.97312326227989	0.0
80.0	40.436904485242856	17.755054613060654	17.569137810829655	24.238903090866838	0.0
81.0	23.096683792620272	16.88463334890238	15.600186828584771	44.41849602989257	0.0
82.0	41.21098333724478	16.52194320582023	18.188218727998123	24.078854728936868	0.0
83.0	32.17535153019024	18.886131789357595	19.65811965811966	29.280397022332505	0.0
84.0	30.545555247853777	19.412905012461923	20.65909720299086	29.382442536693436	0.0
85.0	34.1016384337684	17.9394612607609	21.18855873368509	26.770341571785615	0.0
86.0	27.652464494569756	18.657755499860762	24.617098301308825	29.07268170426065	0.0
87.0	32.4112880692931	17.574741547918414	20.732048058116792	29.281922324671694	0.0
88.0	35.490196078431374	16.946778711484594	16.80672268907563	30.756302521008404	0.0
89.0	31.590781337830244	17.93142214727375	16.104553119730188	34.37324339516582	0.0
90.0	32.730866986726916	19.288336628071168	18.384637108161535	29.596159277040385	0.0
91.0	31.916099773242628	21.740362811791382	15.98639455782313	30.357142857142854	0.0
92.0	31.308543854669317	19.18819188191882	20.153278455861482	29.349985807550382	0.0
93.0	32.81963470319635	18.807077625570777	20.46232876712329	27.910958904109588	0.0
94.0	30.62392673153978	16.22781911848884	18.918145392100744	34.23010875787064	0.0
95.0	30.292598967297764	17.03958691910499	20.91222030981067	31.755593803786574	0.0
96.0	26.147186147186147	18.585858585858585	20.72150072150072	34.54545454545455	0.0
97.0	30.125400991542723	19.189268008165648	18.955963837853602	31.729367162438027	0.0
98.0	30.339379754242245	22.264482153306027	18.987712112346404	28.408425980105324	0.0
99.0	30.28521023228462	21.25845339605998	19.464863275507206	28.99147309614819	0.0
100.0	33.156028368794324	15.277777777777779	20.390070921985814	31.17612293144208	0.0
101.0	30.86309523809524	20.11904761904762	19.077380952380953	29.94047619047619	0.0
102.0	31.907894736842106	15.9688995215311	19.198564593301434	32.92464114832536	0.0
103.0	27.5353596148059	19.47035811014144	20.854649413180862	32.1396328618718	0.0
104.0	27.930930021205697	18.691305664950015	23.50802787034232	29.86973644350197	0.0
105.0	27.92326431181486	23.90377588306943	19.244823386114497	28.928136419001216	0.0
106.0	30.445393532641855	17.41915802318487	20.22574740695546	31.909701037217815	0.0
107.0	33.139178418148376	19.00674432863274	18.97608828939301	28.877988963825874	0.0
108.0	32.588454376163874	19.987585350713843	16.418373680943514	31.00558659217877	0.0
109.0	30.501089324618736	20.510426392779337	19.670090258325555	29.31839402427638	0.0
110.0	26.585442049359575	20.712277413308342	20.89971883786317	31.802561699468917	0.0
111.0	28.37413684871312	19.146264908976775	20.872567482736976	31.607030759573135	0.0
112.0	26.25275764260952	19.06712890009455	23.920579892845886	30.75953356445005	0.0
113.0	29.014887551472917	20.77922077922078	19.480519480519483	30.72537218878682	0.0
114.0	30.022285896211397	16.809933142311365	22.09487424387138	31.072906717605857	0.0
115.0	27.69083359948898	20.69626317470457	20.887895241137016	30.725007984669432	0.0
116.0	28.987828315182572	21.844971172325433	18.417680973734786	30.74951953875721	0.0
117.0	33.054930934789596	18.695791840668168	17.507227754577578	30.742049469964666	0.0
118.0	28.902478274863213	15.159317669777922	20.34116511103959	35.59703894431928	0.0
119.0	22.99708076548816	24.651313655530327	26.435290301654234	25.91631527732728	0.0
120.0	28.018223234624145	20.72892938496583	22.45362837617963	28.79921900423039	0.0
121.0	31.088591042824454	19.581562602157568	18.43739784243217	30.892448512585812	0.0
122.0	27.68472906403941	18.850574712643677	23.61247947454844	29.852216748768473	0.0
123.0	32.46539222148978	20.63282794990112	18.52340145023072	28.37837837837838	0.0
124.0	31.798608810864526	19.34415369327592	21.000331235508447	27.85690626035111	0.0
125.0	29.089095744680847	20.545212765957448	21.841755319148938	28.523936170212767	0.0
126.0	32.5658992325659	17.71771771771772	20.053386720053386	29.662996329662995	0.0
127.0	27.891384512236005	20.717398592021453	22.82936640965471	28.56185048608783	0.0
128.0	31.201615617637156	19.05082463816897	21.911814203971726	27.835745540222145	0.0
129.0	31.465226198514518	20.121539500337608	17.285617825793384	31.127616475354493	0.0
130.0	30.196343940419766	20.31144211238998	17.33243060257278	32.159783344617466	0.0
131.0	31.277683134582624	19.557069846678026	20.511073253833047	28.654173764906304	0.0
132.0	27.665409667466573	21.151868357901954	21.117586561535827	30.065135413095646	0.0
133.0	27.812284334023463	23.464458247066943	20.77294685990338	27.95031055900621	0.0
134.0	26.90443213296399	23.441828254847646	20.706371191135734	28.947368421052634	0.0
135.0	29.073816155988858	17.618384401114206	18.802228412256266	34.50557103064067	0.0
136.0	25.664335664335663	21.048951048951047	20.41958041958042	32.86713286713287	0.0
137.0	29.68036529680365	14.64699683877766	21.49631190727081	34.176325957147874	0.0
138.0	31.13540197461213	18.15937940761636	20.09873060648801	30.6064880112835	0.0
139.0	29.847571783055653	17.972350230414747	21.056362991846864	31.12371499468274	0.0
140.0	28.02139037433155	19.429590017825312	20.926916221033867	31.62210338680927	0.0
141.0	29.656160458452725	18.946991404011463	21.63323782234957	29.763610315186245	0.0
142.0	30.511527377521613	16.534582132564843	17.507204610951007	35.44668587896253	0.0
143.0	32.54887762490949	20.782041998551772	17.776973207820422	28.89210716871832	0.0
144.0	29.244249726177436	17.96276013143483	18.32785688207375	34.46513326031398	0.0
145.0	28.277634961439592	21.740727139184724	18.87623944179214	31.10539845758355	0.0
146.0	29.034635224760503	21.112748710390566	18.4966838614591	31.35593220338983	0.0
147.0	28.513162773451985	20.28179458657768	18.205413422321097	32.99962921764924	0.0
148.0	24.888059701492537	22.574626865671643	19.701492537313435	32.83582089552239	0.0
149.0	27.500936680404646	21.356313225927316	20.007493443237166	31.135256650430872	0.0
150.0	28.625235404896422	18.794726930320152	17.21280602636535	35.367231638418076	0.0
151.0	29.590288315629742	20.18209408194234	20.8649468892261	29.362670713201823	0.0
152.0	29.05689194348988	21.076746849942726	18.747613592974417	31.118747613592973	0.0
153.0	31.42747505755948	19.071373752877975	18.610897927858787	30.89025326170376	0.0
154.0	33.32049306625578	16.60246533127889	19.337442218798152	30.739599383667183	0.0
155.0	28.454968944099377	21.700310559006212	17.585403726708073	32.25931677018634	0.0
156.0	33.17702227432591	15.59202813599062	18.60101602188355	32.629933567799924	0.0
157.0	30.3662859393462	17.802284363922805	21.780228436392278	30.05120126033872	0.0
158.0	26.061086870289568	25.06941689805633	19.2780642602142	29.591431971439903	0.0
159.0	33.89088012743927	13.341298287534848	21.226602947033054	31.54121863799283	0.0
160.0	25.630756908289946	21.385662795354428	23.508209851822187	29.47537044453344	0.0
161.0	27.276406313233508	21.20598947794415	23.67462565762849	27.84297855119385	0.0
162.0	29.45010183299389	18.574338085539715	18.615071283095723	33.360488798370675	0.0
163.0	28.3258288988948	18.87024150634466	16.987310683585754	35.816618911174785	0.0
164.0	29.574555968608014	15.90251961999174	24.70053696819496	29.82238744320529	0.0
165.0	30.12448132780083	16.72199170124481	22.53112033195021	30.62240663900415	0.0
166.0	28.726513569937367	22.08768267223382	20.20876826722338	28.97703549060543	0.0
167.0	26.17252931323283	19.765494137353436	24.706867671691793	29.355108877721943	0.0
168.0	27.265065318162662	20.64896755162242	18.415507796038767	33.67045933417615	0.0
169.0	28.565346956151554	20.09365687526607	20.34908471690081	30.991911451681563	0.0
170.0	28.498074454428757	16.859221223791184	18.913136499786052	35.72956782199401	0.0
171.0	31.554024967714163	18.166164442531212	17.56349547998278	32.71631510977185	0.0
172.0	33.044608055435255	21.307925508878302	16.977046340407103	28.670420095279344	0.0
173.0	28.51528384279476	18.777292576419214	18.820960698689955	33.88646288209607	0.0
174.0	29.442738043001317	21.061869240895128	15.884159719175075	33.61123299692848	0.0
175.0	27.095343680709533	19.290465631929045	22.394678492239468	31.21951219512195	0.0
176.0	29.15737851092287	21.35532768613464	19.61658493089612	29.870708872046364	0.0
177.0	31.0762331838565	22.780269058295964	18.923766816143498	27.219730941704036	0.0
178.0	29.534147444595206	19.855269109000453	21.031207598371775	29.579375848032562	0.0
179.0	26.93006357856494	20.29972752043597	24.841053587647593	27.9291553133515	0.0
180.0	31.001371742112482	16.91815272062186	19.84453589391861	32.23593964334705	0.0
181.0	31.44306131857999	20.516366989396033	18.211157215306592	29.829414476717382	0.0
182.0	34.701492537313435	19.029850746268657	19.35634328358209	26.912313432835823	0.0
183.0	28.666035950804165	21.665089877010406	21.570482497634817	28.098391674550616	0.0
184.0	28.020932445290196	22.407231208372977	19.2197906755471	30.352045670789725	0.0
185.0	28.318160038332536	24.389075227599424	20.69956875898419	26.59319597508385	0.0
186.0	33.04347826086956	17.584541062801932	21.207729468599034	28.164251207729468	0.0
187.0	34.521484375	19.580078125	17.7734375	28.125	0.0
188.0	28.810226155358897	22.07472959685349	20.599803343166176	28.515240904621436	0.0
189.0	29.025844930417495	20.129224652087473	18.48906560636183	32.3558648111332	0.0
190.0	31.262525050100198	17.73547094188377	19.08817635270541	31.913827655310623	0.0
191.0	28.946041351487644	22.138174483106404	19.667170953101362	29.24861321230459	0.0
192.0	29.731100963977674	21.461187214611872	19.431760527650937	29.37595129375951	0.0
193.0	29.63152507676561	16.01842374616172	23.490276356192428	30.859774820880247	0.0
194.0	28.954147346728494	20.195775373518803	24.111282843894898	26.738794435857805	0.0
195.0	28.17047817047817	22.66112266112266	19.022869022869024	30.14553014553015	0.0
196.0	31.675392670157066	17.486910994764397	20.785340314136125	30.052356020942405	0.0
197.0	29.259259259259256	19.1005291005291	24.126984126984127	27.513227513227513	0.0
198.0	25.802939575394667	25.802939575394667	19.814915623298855	28.579205225911814	0.0
199.0	27.416619559072924	22.159412097230074	18.937252685132844	31.48671565856416	0.0
200.0	25.161290322580644	15.161290322580644	24.258064516129032	35.41935483870968	0.0
201.0	29.151943462897528	18.021201413427562	19.434628975265017	33.39222614840989	0.0
202.0	37.05357142857143	15.982142857142856	19.642857142857142	27.32142857142857	0.0
203.0	34.03284671532847	20.255474452554743	16.970802919708028	28.740875912408757	0.0
204.0	36.15455381784729	18.491260349586017	22.079116835326587	23.275068997240112	0.0
205.0	33.672525439407956	20.999074930619795	21.554116558741907	23.774283071230343	0.0
206.0	28.238583410997204	22.646784715750233	21.24883504193849	27.86579683131407	0.0
207.0	28.222013170272813	23.800564440263404	14.299153339604892	33.67826904985889	0.0
208.0	31.42311365807068	15.854823304680037	21.585482330468004	31.13658070678128	0.0
209.0	22.608695652173914	22.22222222222222	21.256038647342994	33.91304347826087	0.0
210.0	27.45861733203505	16.455696202531644	19.474196689386563	36.61148977604674	0.0
211.0	29.146221786064768	19.136408243375858	18.743866535819432	32.97350343473994	0.0
212.0	26.41509433962264	19.06653426017875	23.33664349553128	31.181727904667326	0.0
213.0	27.81124497991968	21.686746987951807	17.9718875502008	32.53012048192771	0.0
214.0	29.01921132457027	28.00808897876643	18.806875631951467	24.16582406471183	0.0
215.0	27.41273100616016	24.53798767967146	17.04312114989733	31.006160164271044	0.0
216.0	30.104166666666664	15.937499999999998	19.583333333333332	34.375	0.0
217.0	25.66560170394036	17.35889243876464	26.837060702875398	30.138445154419596	0.0
218.0	26.258205689277897	20.350109409190374	20.350109409190374	33.04157549234136	0.0
219.0	19.596199524940616	21.140142517814727	23.871733966745843	35.39192399049881	0.0
220.0	0.0	32.28200371057514	23.00556586270872	44.712430426716146	0.0
