# Position (bp)	A	C	G	T	N
0.0	26.676003791194532	23.682288239448948	24.107892083768494	25.53381588558803	0.0
1.0	26.71735521281971	20.275618969707175	15.89410745650971	37.112918360963405	0.0
2.0	27.60377335874477	20.170927877066177	17.87910388723075	34.345595550601125	5.993263571745359E-4
3.0	24.665989483747612	21.15081261950287	15.664435946462715	38.51876195028681	0.0
4.0	32.49495844809432	16.308453745620245	14.623772330059548	36.570435982701085	0.002379493524803246
5.0	35.04504986072258	14.890508347736223	21.452286347249196	28.60443430797831	0.007721136313691951
6.0	31.688099176493605	17.314384978863927	21.197137589005685	29.78852071216406	0.011857543472718756
7.0	34.3979602702287	17.818648619869617	20.000354941375516	27.78244459956697	5.915689591935732E-4
8.0	25.665969687304347	25.682508180647602	21.089532315034674	27.56021783558375	0.0017719814296346173
9.0	28.04844952093265	19.046467173266628	16.791546703167036	36.11353660263369	0.0
10.0	26.932325863755853	17.398300189784635	23.958836773425435	31.70994777975552	5.893932785590514E-4
11.0	27.88862453181315	19.045487738804738	20.192692751643072	32.872606063461404	5.889142776377471E-4
12.0	26.4206016665882	20.672284732357234	20.74878772185867	32.15361800291888	0.00470787627701144
13.0	27.013836211712267	21.732201974585593	18.62978578274854	32.6241760309536	0.0
14.0	31.022985869776136	18.92497397992485	20.149240566620215	29.902799583678796	0.0
15.0	29.691110836699774	18.762091249610435	19.292489165652324	32.25313269944314	0.0011760485943279177
16.0	30.033340977649196	18.015300392212204	19.506530009820004	32.44424059602143	5.880242971639588E-4
17.0	29.96983435355549	18.467491076731292	20.8395810914907	30.71897730814237	0.004116170080147712
18.0	31.849748031588664	18.734454107643728	18.599208519296017	30.809533049905625	0.007056291565967506
19.0	30.508464609757674	19.039638717871824	19.89521407024538	30.556682602125118	0.0
20.0	30.23856145735942	17.771270308889164	20.55262523447469	31.43754299927673	0.0
21.0	29.17717760097847	18.127025008673357	19.231922663044436	33.46387472730373	0.0
22.0	28.306901641175813	19.23545080882742	20.333292171632532	32.12200328117557	0.0023520971886558354
23.0	29.665237767624557	17.6189720159237	20.271549620430314	32.443652571724265	5.880242971639588E-4
24.0	30.340877685065948	18.067634554659797	19.113141755017317	32.47658193236545	0.0017640728914918764
25.0	29.105438636724468	18.026472853858323	19.261323877902633	33.60676463151457	0.0
26.0	30.803652806933986	17.23440412557847	21.22120886035011	30.74073420713744	0.0
27.0	28.299845349609846	18.55628274560305	20.10572676863008	33.03814513615703	0.0
28.0	29.82165223067017	17.514303691028513	21.232381321996225	31.427546586224942	0.004116170080147712
29.0	29.252444711015457	18.97083987510364	19.13254655682373	32.644168857057174	0.0
30.0	30.214397440873114	18.085006291970977	19.221677310094204	32.47891895706171	0.0
31.0	30.296312412896853	18.93306361984511	19.190036281952523	31.57882357092034	0.0017641143851767347
32.0	29.344796358803677	18.528232208592566	19.186846531101885	32.940124901501875	0.0
33.0	29.58524207443649	17.647646882405866	19.871097494281127	32.89542549000006	5.880588764547107E-4
34.0	28.958634722369244	18.5296919657034	19.722310433647365	32.789362878279995	0.0
35.0	30.216140532526975	17.197114988645858	19.801508395006532	32.78523608382064	0.0
36.0	31.439665823380597	17.738424427840208	18.658586809436958	32.16332293934224	0.0
37.0	28.41936793546375	19.38264558608069	19.87925931592047	32.318138757641904	5.884048931750917E-4
38.0	30.425315293577604	18.93468141077324	19.1135880791662	31.525826707705345	5.88508777608418E-4
39.0	30.059099845775307	18.707102577082914	19.206272589208982	32.0275249879328	0.0
40.0	29.70053249140003	19.06130719570237	19.254512039960417	31.98129211629989	0.002356156637293247
41.0	29.146327084070272	17.985496993279092	21.424949887984905	31.443226034665724	0.0
42.0	28.42117681757853	19.02905176227695	19.7097773189795	32.83822445067099	0.0017696504940274296
43.0	29.88426376765406	18.464089897720097	20.32377815943389	31.326097605599724	0.001770569592237823
44.0	28.637050682537435	19.1889849322186	20.51981484105616	31.653559113882196	5.904303056067262E-4
45.0	29.541158680654	18.415083640487666	20.0205557130706	32.02261128437765	5.906814100746622E-4
46.0	29.5414795556606	17.668990782320964	20.496336563460176	32.292602221696995	5.908768612621129E-4
47.0	30.43457703650731	19.030845335965342	19.087583259948346	31.445812327496025	0.0011820400829792139
48.0	29.924271534728092	18.391789875677624	18.83871196580691	32.84463545700149	5.911667858853018E-4
49.0	28.009697256385994	19.042100283822137	20.558183538315987	32.38942762535478	5.912961210974456E-4
50.0	28.980456430798725	19.23352287183371	18.99329613566302	32.792724561704546	0.0
51.0	30.49151006532541	17.906743975314928	19.431793280307026	32.169952679052635	0.0
52.0	29.1113350723263	18.76511738202514	20.52288356651648	31.600663979132083	0.0
53.0	30.7230309972166	18.53423462453783	19.196553095270595	31.534311776331016	0.011869506643956343
54.0	30.0	19.275405357248914	19.408445685098297	31.31377323751262	0.0023757201401674883
55.0	29.34071225189773	18.22596848306158	18.371010598774276	34.061714231365954	5.94434900461876E-4
56.0	29.969306176834493	17.878557152374608	21.030027600647188	31.122109070143715	0.0
57.0	27.71168232920493	19.44793272349619	19.94488849740809	32.895496449890786	0.0
58.0	30.625323859270864	17.767440752366035	21.96584810925746	29.64138727910564	0.0
59.0	27.995610215791295	21.61372284715678	21.10317185766602	29.28093426059572	0.006560818790185015
60.0	30.367927740640514	18.822320591169493	20.520081005035934	30.289670663154062	0.0
61.0	28.76841040618099	21.11339194340876	19.91106748936221	30.206531691932035	5.984691160012687E-4
62.0	30.525886522696062	16.94603201256994	21.767108253821657	30.76097321091234	0.0
63.0	25.95581195088611	21.08055376573951	25.201881213756227	27.759946526318323	0.0018065432998319916
64.0	25.991130873983494	21.621213402771904	17.683877282229123	34.70257011322032	0.001208327795164272
65.0	27.46431493772161	19.47086098736249	19.40236991241628	33.65639300542473	0.006061157074885596
66.0	27.03964972026271	19.29518365361226	17.74507419119436	35.91461931403551	0.005473120895159328
67.0	32.57635895118645	14.752146355165296	18.31576761965243	34.35572707399582	0.0
68.0	34.403114934159376	16.282442088634934	22.44443347443508	26.870009502770614	0.0
69.0	32.37399174461317	17.110993297231794	20.19098471364916	30.324030244505877	0.0
70.0	31.753014011078527	16.938878027587705	23.78217660475725	27.525931356576518	0.0
71.0	25.62782488915673	20.688734880117085	24.314924023933536	29.36851620679265	0.0
