# Position (bp)	A	C	G	T	N
0.0	26.197216421339657	35.22323229235553	18.291704907757893	20.287846378546913	0.0
1.0	42.157033303398045	20.004855307145196	14.308134817179868	23.52997657227689	0.0
2.0	46.53262414734944	16.128556537016348	16.97257780274788	20.36624151288633	0.0
3.0	29.59574956290492	31.448463965028473	16.510843782267326	22.444942689799284	0.0
4.0	40.914721414558855	21.219897253656836	17.12938999274752	20.735991339036794	0.0
5.0	45.1496151334579	17.34770051554148	16.693911916278438	20.808772434722183	0.0
6.0	28.87394802911768	32.482918372401336	14.545461167523783	24.097672430957203	0.0
7.0	37.02194970841421	23.574441205947874	16.340938606404475	23.062670479233443	0.0
8.0	41.97496949122349	18.374730552197963	16.858392321808658	22.79190763476989	0.0
9.0	31.471393401788607	16.187818314607284	30.769033581133044	21.571754702471065	0.0
10.0	24.41247449756919	18.120348517312898	38.35990886180927	19.10726812330865	0.0
11.0	23.911339191306073	31.951085557284298	22.06888423346812	22.06869101794151	0.0
12.0	24.2735046448776	36.18287714948096	16.337527772225748	23.206090433415696	0.0
13.0	39.19673301641238	22.738198048332496	15.855193133813565	22.209875801441566	0.0
14.0	42.73651765712746	17.828414900101624	15.530471241873736	23.90459620089718	0.0
15.0	45.05039261776363	16.381892995382728	17.185816568749342	21.381897818104303	0.0
16.0	28.232101561789985	32.449467281768975	16.218923966305816	23.09950719013522	0.0
17.0	24.77931597229418	21.328957648427632	16.528516738247898	37.36320964103029	0.0
18.0	23.833686352887213	17.499643447038395	32.81983282484384	25.846837375230553	0.0
19.0	23.440482323391063	16.38351867466557	22.456804065635712	37.71919493630766	0.0
20.0	22.932522723168603	31.9718774453741	18.57940167338831	26.51619815806898	0.0
21.0	40.165261485090696	20.933346106981872	15.733997755625017	23.16739465230241	0.0
22.0	29.76740212563967	32.64612419097307	15.202113847942043	22.384359835445217	0.0
23.0	25.291535317087888	20.941968647397864	16.914906644462242	36.851589391052	0.0
24.0	40.32780308340016	16.02920229804662	15.694972457787127	27.948022160766094	0.0
25.0	43.25296650457678	18.11514361330429	15.965308500605252	22.666581381513673	0.0
26.0	28.902158649395037	16.218587863586457	33.46804506985096	21.41120841716755	0.0
27.0	37.41619578625731	18.192761469627612	21.761885944544275	22.629156799570797	0.0
28.0	45.192233285958515	16.86604302376607	14.763999882724502	23.177723807550908	0.0
29.0	44.650747957020975	18.279541473116964	15.764438529463565	21.305272040398496	0.0
30.0	30.53373651602579	16.654064204080605	16.293242124662264	36.51895715523134	0.0
31.0	22.702367739859778	34.056759343334896	17.982362030814905	25.25851088599042	0.0
32.0	24.587344312495222	23.677187842858523	15.123067437312907	36.61240040733335	0.0
33.0	24.336032146417878	17.4153584115571	32.83437371364226	25.41423572838276	0.0
34.0	23.480542562783448	33.3076922337507	21.12778543566319	22.08397976780266	0.0
35.0	24.240359052167058	21.037562247083567	16.482078238053283	38.240000462696095	0.0
36.0	24.632280090590026	17.36956418774908	31.841784503615578	26.156371218045315	0.0
37.0	23.846410330099683	31.30373697481883	21.28273772454974	23.567114970531748	0.0
38.0	24.02841064959559	20.810477660181668	18.887065699687934	36.2740459905348	0.0
39.0	24.44871406399038	17.167759674114578	32.572880424563	25.810645837332043	0.0
40.0	38.374799094315584	18.473505116394026	21.758088674719744	21.393607114570642	0.0
41.0	29.254094554374937	16.267171264937605	31.249767327033368	23.228966853654093	0.0
42.0	22.939106988910513	19.376655715298465	36.165019706571414	21.51921758921961	0.0
43.0	24.54269436919793	32.29319636129255	21.357533302274916	21.806575967234604	0.0
44.0	25.779438095099383	20.79140951181454	16.383721243111715	37.04543114997436	0.0
45.0	24.648540761000785	17.69114476993043	15.174079765045867	42.48623470402292	0.0
46.0	25.745790039056683	30.944553211007353	16.95222853421282	26.357428215723143	0.0
47.0	21.879104244764136	22.017218700826945	18.530115281459917	37.573561772949006	0.0
48.0	38.97453474363369	18.487529621882405	17.178404294601073	25.359531339882835	0.0
49.0	45.42602411740028	17.193759689087123	15.879201486399316	21.501014707113274	0.0
50.0	29.754192564027875	18.243939634215455	30.839940296691964	21.161927505064703	0.0
51.0	40.756863903297536	16.83571487610803	21.010630255404333	21.396790965190096	0.0
52.0	44.137034940304446	18.96294612158671	16.318548105328293	20.58147083278055	0.0
53.0	29.641345626743583	16.07673698552223	33.246518048862065	21.03539933887213	0.0
54.0	23.046203375836637	32.72177944231405	21.424070959018188	22.807946222831124	0.0
55.0	24.801129139294794	35.66840410579361	16.9530021607555	22.577464594156087	0.0
56.0	22.856089426240462	23.224636296016723	18.534823496992537	35.38445078075028	0.0
57.0	22.890695736506494	33.51389502452896	16.2747141077935	27.320695131171043	0.0
58.0	25.200650645642465	23.251868175738448	29.65681312399112	21.890668054627966	0.0
59.0	24.164716264087836	17.444212174402953	35.84967473691938	22.54139682458983	0.0
60.0	26.48320328172613	32.47428805748429	19.32374724405784	21.718761416731738	0.0
61.0	37.833311880752134	23.46267068481329	14.861349448998704	23.84266798543587	0.0
62.0	45.14570314011152	15.531282444839198	16.983478159950902	22.33953625509838	0.0
63.0	45.641271638723744	17.052467679531944	16.31187547838487	20.994385203359442	0.0
64.0	43.08788768430376	16.816121746496247	17.88397476461778	22.212015804582215	0.0
65.0	43.79338796551644	17.270159042396468	17.646700341910414	21.289752650176677	0.0
66.0	31.21325537058386	31.61131886274873	15.676856964328104	21.498568802339307	0.0
67.0	26.298985337111837	21.483582628424447	29.95108810016952	22.266343934294195	0.0
68.0	24.87872428474046	16.025965364336063	21.613982833503194	37.48132751742028	0.0
69.0	40.56430742136744	16.18254888695596	16.323921050653436	26.929222641023166	0.0
70.0	28.785220053119097	31.116396897000975	16.23793784048506	23.860445209394864	0.0
71.0	25.05819668727794	20.614083571359625	17.648034200293665	36.67968554106877	0.0
72.0	25.247898839436147	18.08800739872295	31.70716018873014	24.956933573110764	0.0
73.0	25.877136790624515	30.45905295527241	21.730630101841125	21.93318015226195	0.0
74.0	25.45730381777629	37.78116481089377	15.327571814280683	21.433959557049256	0.0
75.0	40.217355478382814	19.768959358279155	17.79133884971081	22.222346313627224	0.0
76.0	29.76063736858886	31.86007634621348	17.092756500128843	21.28652978506881	0.0
77.0	28.350076384212453	19.76237299739421	15.543687856593053	36.34386276180029	0.0
78.0	39.71077109422485	17.045793662461683	16.084751025280376	27.158684218033084	0.0
79.0	46.02413924295604	17.10292798142137	14.419219908690259	22.453712866932328	0.0
80.0	45.44922027293134	16.161162238170327	17.086023048918957	21.303594439979378	0.0
81.0	31.33177442315628	16.6059840717165	29.81625630648771	22.245985198639517	0.0
82.0	27.588918605159705	29.774328574362674	21.39438633747854	21.242366482999074	0.0
83.0	40.3613761082381	21.981896524226954	15.386567592642672	22.270159774892278	0.0
84.0	30.745841476329772	16.212035147160595	16.82429950768062	36.217823868829015	0.0
85.0	40.8775647415356	14.710148805740827	14.69113833158281	29.72114812114076	0.0
86.0	30.463397221768172	28.916467233601434	15.385586892043493	25.234548652586902	0.0
87.0	39.44483451728066	23.098684442780797	15.506422566370443	21.9500584735681	0.0
88.0	43.36631726961122	16.3423349299829	15.280824300545536	25.010523499860344	0.0
89.0	30.679488129821543	15.861881973805591	17.569825781163466	35.8888041152094	0.0
90.0	26.185473880045418	15.879356305412633	30.109791460387818	27.82537835415413	0.0
91.0	22.646001744726203	18.12856709895467	19.776219160745303	39.44921199557383	0.0
92.0	38.52934946254139	15.20331872340607	14.86561757626851	31.401714237784027	0.0
93.0	44.02756322892172	15.786399514026057	15.931125565028804	24.25491169202342	0.0
94.0	30.895531474665667	31.01646310842031	15.366692095369928	22.721313321544095	0.0
95.0	40.34555204255487	20.04456295807265	15.778645425906918	23.831239573465552	0.0
96.0	30.26910035143756	30.845647531248073	17.060361950528737	21.824890166785632	0.0
97.0	37.27471417560583	21.88999248243478	16.697258060940364	24.138035281019025	0.0
98.0	44.141813764124045	17.39574039455097	16.667023243200425	21.79542259812456	0.0
99.0	30.743765416773737	15.429274121307415	30.292445036796998	23.534515425121846	0.0
100.0	25.802238164828324	29.515339985426824	19.123390296082427	25.559031553662425	0.0
101.0	22.0655276649764	20.304540343149977	18.380370923662106	39.24956106821152	0.0
102.0	25.569932965635278	16.43870913213359	15.901483372296335	42.0898745299348	0.0
103.0	23.481246169669017	17.794930334337486	16.82770001171544	41.89612348427805	0.0
104.0	25.329178714049316	29.713220891423187	18.131383440410794	26.8262169541167	0.0
105.0	25.65423906188172	20.79361936564789	30.914758250516673	22.63738332195372	0.0
106.0	22.686881047400128	15.010748129801666	35.12873560966284	27.173635213135373	0.0
107.0	25.238396640803025	29.034850120485945	22.140624692979664	23.58612854573137	0.0
108.0	37.87950181102621	22.729498675696416	14.710847942477148	24.680151570800227	0.0
109.0	29.34909407097961	15.877412137820022	29.60468007435229	25.168813716848078	0.0
110.0	38.54444849756737	15.699276292383283	21.77562812146759	23.98064708858175	0.0
111.0	30.462889931180648	29.309819552403262	17.137403890731967	23.08988662568413	0.0
112.0	25.596190564768882	19.42355386437901	31.56412055078457	23.41613502006754	0.0
113.0	24.53469681299353	14.645440152973402	22.211679853715548	38.60818318031752	0.0
114.0	23.33938191459014	16.899541601996063	31.16158582803133	28.599490655382464	0.0
115.0	26.571990374732728	15.050830662271897	34.57024376108202	23.80693520191335	0.0
116.0	25.94819079852344	17.477749505714392	21.119567596384165	35.454492099378	0.0
117.0	24.358629604974894	30.204238323117178	17.47908909750817	27.95804297439976	0.0
118.0	26.07800537745376	32.6259058419597	17.71492973966935	23.58115904091719	0.0
119.0	38.759882261521874	21.140895481486556	17.599637328948692	22.49958492804288	0.0
120.0	30.45193422920946	16.49511635841898	30.74551623308467	22.307433179286896	0.0
121.0	38.64597122525714	14.793356328268233	19.610950560889968	26.94972188558466	0.0
122.0	45.93340596881499	14.758311309269633	17.778994954090237	21.529287767825142	0.0
123.0	32.11577316051565	30.27801005961159	16.57864297892689	21.027573800945873	0.0
124.0	38.43567408997249	20.68137672693253	18.763353421256088	22.119595761838895	0.0
125.0	44.061923058125	19.394927404847454	15.417826134254916	21.12532340277263	0.0
126.0	47.32710220030884	15.416278025302017	14.244197915436915	23.012421858952223	0.0
127.0	28.55411618808986	32.11701102903591	16.611338400081785	22.717534382792444	0.0
128.0	26.066915915498523	34.61387896044875	15.78317009320053	23.536035030852194	0.0
129.0	25.729452395730668	35.687828850177965	16.07373734496006	22.508981409131316	0.0
130.0	40.74433797419316	20.433832784371216	15.609235423568881	23.212593817866747	0.0
131.0	42.69324301327902	16.78469562027603	16.735645605083118	23.786415761361827	0.0
132.0	31.879514796903685	16.116188694706867	29.583036902153864	22.421259606235584	0.0
133.0	27.662639703512625	15.675632696381664	35.03734931474932	21.62437828535639	0.0
134.0	39.913605624376665	15.652096469899487	19.98370078064682	24.450597125077024	0.0
135.0	46.259987131607566	14.654501508417495	14.402156761077839	24.683354598897097	0.0
136.0	44.005280612380695	17.472365948567262	16.01527358575938	22.507079853292662	0.0
137.0	30.199108848294586	16.152552292694867	14.340364946244133	39.30797391276641	0.0
138.0	27.0728223881905	17.168547203117225	15.265047534200363	40.49358287449191	0.0
139.0	23.975924618191303	17.654247172739538	17.362787552495078	41.007040656574084	0.0
140.0	22.79636288797899	17.281658390489238	18.56426328209192	41.35771543943985	0.0
141.0	24.89708502905875	16.87378290212638	29.96014327472888	28.268988794085992	0.0
142.0	25.605336990046872	19.777657766830437	34.533342669229874	20.083662573892813	0.0
143.0	26.020194525980205	20.78764996759295	33.97249078952919	19.219664716897654	0.0
144.0	28.194710123990035	17.850818269566727	31.597212702282608	22.35725890416063	0.0
145.0	38.72993583229002	18.333038117614652	18.36413338449617	24.57289266559916	0.0
146.0	28.17602160062555	33.19889059668576	15.550630764486057	23.07445703820263	0.0
147.0	22.824137458555384	36.97895295116739	16.49194643174125	23.70496315853597	0.0
148.0	39.44747284936075	21.695894578637784	15.998049646361439	22.85858292564003	0.0
149.0	34.972254169275466	16.739380133422735	29.640155299683098	18.648210397618698	0.0
150.0	20.21443405400062	24.70959125421421	35.704444654928025	19.371530036857145	0.0
