# Position (bp)	A	C	G	T	N
0.0	21.99835773367247	27.401814504015544	34.20320041657487	16.396627345737116	0.0
1.0	24.66804189781899	21.109130600228315	13.90518916104224	40.317638340910456	0.0
2.0	28.336336336336338	20.50850850850851	15.715715715715717	35.43943943943944	0.0
3.0	20.111631256751892	24.104749329812346	12.097387268435162	43.686232145000595	0.0
4.0	36.110166609996604	11.496689801388085	12.07672460347621	40.31641898513911	0.0
5.0	39.13408659134087	12.204779522047795	23.563643635636435	25.097490250974904	0.0
6.0	33.58595452818493	16.491031614309424	20.83025055490012	29.09276330260553	0.0
7.0	38.60732921489834	17.953177792438872	18.289050160938842	25.150442831723947	0.0
8.0	19.554178328668534	30.041983206717315	22.880847660935625	27.522990803678525	0.0
9.0	28.74902564307557	18.247956348809787	12.607678931904942	40.3953390762097	0.0
10.0	26.471352345170768	16.4951337956394	26.015707747956597	31.017806111233238	0.0
11.0	26.96296888427027	18.331701273007052	16.944783069206018	37.76054677351666	0.0
12.0	25.098909003716578	19.761819126403708	22.57123446429285	32.56803740558686	0.0
13.0	25.161341884952748	22.451997042897958	16.24607884273412	36.14058222941517	0.0
14.0	30.9168997203356	20.323611666000797	18.168198162205353	30.591290451458253	0.0
15.0	31.178252551020407	18.626434948979593	18.61248405612245	31.582828443877553	0.0
16.0	28.888800334734704	18.44029568232083	17.073462312458908	35.597441670485566	0.0
17.0	30.844136447816478	16.22159826353625	18.760579086763446	34.173686201883825	0.0
18.0	28.83114297092792	19.454400637196336	16.87574671445639	34.83870967741935	0.0
19.0	32.702299193789194	17.15337911814472	18.65233403005872	31.491987658007364	0.0
20.0	30.067480144116885	18.193761570157456	19.443836216334574	32.294922069391085	0.0
21.0	28.820239256354625	18.82800214972432	19.35946177272637	32.992296821194685	0.0
22.0	29.378396130650263	18.831233454748116	20.24044107402321	31.549929340578416	0.0
23.0	28.714723560084387	17.199379055049157	20.00955299924372	34.07634438562274	0.0
24.0	31.201862797778972	17.258741815431765	16.828865404899794	34.710529981889465	0.0
25.0	29.20619766493625	18.42592040097858	19.11012988046224	33.25775205362293	0.0
26.0	30.50833979443749	17.584143456392518	19.578139599610346	32.329377149559654	0.0
27.0	30.18447837150127	16.72232824427481	19.71215012722646	33.38104325699746	0.0
28.0	29.77040055660471	17.83321737401849	20.05367259715734	32.34270947221946	0.0
29.0	30.5993440015903	18.558791372626978	17.18318258622403	33.65868203955869	0.0
30.0	27.21742933248519	17.59233491034867	19.411203434977935	35.77903232218821	0.0
31.0	30.266690531591195	17.620269275898416	17.992164349780243	34.12087584273015	0.0
32.0	29.121174154286738	19.48769962014995	18.75981942207108	32.63130680349223	0.0
33.0	28.483614736758074	17.41108849239612	20.354847722827603	33.7504490480182	0.0
34.0	31.156571200478993	17.992216345674084	19.22961780261451	31.62159465123241	0.0
35.0	29.222231094785595	17.00471133115068	18.83733929569592	34.93571827836781	0.0
36.0	30.70872429626672	17.10521062088241	18.153324016769815	34.03274106608105	0.0
37.0	26.642962726219487	21.15976189524989	18.838640086292997	33.35863529223763	0.0
38.0	28.36787305901397	18.533543835808068	20.543975698954814	32.55460740622315	0.0
39.0	30.674074222106757	18.779352105357823	18.10387897439997	32.442694698135455	0.0
40.0	29.69627896746846	18.68914082338592	19.86283566272769	31.75174454641793	0.0
41.0	29.70287131088539	17.321842757738143	18.233623930256737	34.741662001119735	0.0
42.0	28.81766011477475	18.693887344784148	20.457499350142967	32.030953190298135	0.0
43.0	27.974405118976204	19.34613077384523	20.43391321735653	32.245550889822034	0.0
44.0	28.52344296710987	20.745776267119865	18.362491252624213	32.36828951314605	0.0
45.0	28.338931541906593	17.438419705694177	21.573096609085095	32.64955214331414	0.0
46.0	29.246056340844113	18.663654357518446	18.447727772557332	33.64256152908011	0.0
47.0	27.717130518234168	18.400111964171465	19.723688419705695	34.159069097888676	0.0
48.0	29.521143656902932	17.840647805658303	18.084574627611715	34.553633909827056	0.0
49.0	28.12468758122888	22.446163997360685	16.473716833623257	32.955431587787174	0.0
50.0	29.594305480575052	17.57742986823426	19.35496770839582	33.473296942794875	0.0
51.0	29.29638294043549	18.639153820006797	18.869094035550756	33.19536920400696	0.0
52.0	29.19440945354208	18.35522764081339	18.737128346629873	33.71323455901465	0.0
53.0	30.526063223561874	18.487193329734268	19.790854377861756	31.195889068842103	0.0
54.0	27.53828927900188	18.800735793977687	20.742192186187864	32.91878274083257	0.0
55.0	28.302075418882712	18.236893669772464	18.870716199464148	34.59031471188067	0.0
56.0	28.24209221418003	18.764745871156077	19.304594713480224	33.688567201183666	0.0
57.0	28.999880033590596	17.76102691246451	19.87643459831247	33.36265845563242	0.0
58.0	31.247875552356387	17.381480814988105	17.135544758362826	34.23509887429269	0.0
59.0	29.190410493271752	17.13754423849799	19.234998900285927	34.43704636794433	0.0
60.0	28.31663767420471	17.071561394037552	19.686881410833184	34.92491952092456	0.0
61.0	30.283520614228017	18.458831527172393	18.73275482864798	32.52489302995161	0.0
62.0	29.381185644306708	18.04258722383285	20.49185244426672	32.08437468759372	0.0
63.0	26.824489143039948	18.22289758867517	22.297756628144118	32.654856640140764	0.0
64.0	29.514326275168457	19.38096095015296	18.967068562173836	32.13764421250475	0.0
65.0	27.85642871425715	17.860427914417116	19.34413117376525	34.93901219756049	0.0
66.0	30.55127871868189	18.507928255783728	19.921617244206274	31.019175781328105	0.0
67.0	26.740117174221673	20.08758073223891	18.68588910439703	34.48641298914239	0.0
68.0	31.341104956909483	16.822299094199273	19.8816260422707	31.954969906620544	0.0
69.0	28.97826130432174	18.85486870787753	19.072855628662282	33.09401435913845	0.0
70.0	28.356298622082676	18.294902305861648	19.376837389756616	33.97196168229906	0.0
71.0	31.845363092738143	17.621647567048658	16.937661246775065	33.595328093438134	0.0
72.0	27.583448331033377	19.66960660786784	21.865562688746227	30.88138237235255	0.0
73.0	31.644734210631576	18.373265069397224	18.089276428942842	31.892724291028358	0.0
74.0	27.876557531150624	20.454409088181762	19.276385527710556	32.392647852957055	0.0
75.0	29.797191887675506	17.31069242769711	19.426777071082842	33.465338613544546	0.0
76.0	29.24516980679227	18.60874434977399	17.504700188007522	34.64138565542621	0.0
77.0	28.083685021101267	17.117027021621297	19.40716442986579	35.39212352741165	0.0
78.0	29.854388351068085	17.501400112008962	18.427474197935833	34.216737338987116	0.0
79.0	28.822611617858858	18.71099375900144	18.32293166906705	34.14346295407265	0.0
80.0	27.393478695739148	19.01980396079216	18.37367473494699	35.213042608521704	0.0
81.0	28.989797959591918	20.888177635527107	20.038007601520306	30.084016803360676	0.0
82.0	29.557911582316464	18.10362072414483	19.681936387277453	32.65653130626126	0.0
83.0	27.853013542437637	20.1476265727831	18.141265427777	33.85809445700226	0.0
84.0	28.869773954790958	18.759751950390076	18.499699939987998	33.87077415483097	0.0
85.0	28.90204628648011	17.104394615246136	19.01666233272658	34.976896765547174	0.0
86.0	27.66353270654131	20.1500300060012	19.301860372074415	32.88457691538308	0.0
87.0	28.732321110644342	17.907939746744283	20.150433095280963	33.209306047330415	0.0
88.0	31.17085758866951	16.9137210186241	17.801916421612756	34.11350497109364	0.0
89.0	28.537419729129574	19.553083801788464	20.021205513433493	31.88829095564847	0.0
90.0	30.33728094742738	18.402416579979196	18.74849963991358	32.51180283267984	0.0
91.0	29.018446640790685	19.31695410347725	19.923172342043134	31.74142691368893	0.0
92.0	28.955582232893157	17.65706282513005	18.609443777511004	34.777911164465785	0.0
93.0	29.77710192484693	17.999919964784507	19.658649805914603	32.56432830445396	0.0
94.0	29.090617995517132	19.846701889209093	18.87007684918348	32.192603266090295	0.0
95.0	28.36872335741589	18.58626693617788	19.83909380190926	33.20591590449697	0.0
96.0	27.414704469005287	20.288723370174598	19.32564472208874	32.97092743873138	0.0
97.0	25.03203588018581	17.563671311869296	21.97461156495275	35.42968124299215	0.0
98.0	28.108541103434465	16.319214979473315	17.654951436867925	37.91729248022429	0.0
99.0	27.808375558270416	19.857403216438684	19.28261000180249	33.051611223488415	0.0
100.0	29.919436052366567	17.677744209466265	19.70392749244713	32.69889224572004	0.0
101.0	30.06784810126582	18.284556962025317	18.280506329113923	33.36708860759494	0.0
102.0	30.271602925894985	19.931131441145908	18.67601214368671	31.121253489272398	0.0
103.0	28.417384173841736	19.27019270192702	19.182041820418206	33.13038130381304	0.0
104.0	30.01961391555693	18.7116754413131	19.403324042531228	31.86538660059874	0.0
105.0	31.60850214217379	17.097874464456552	20.793644191173414	30.499979202196247	0.0
106.0	26.310604313832354	21.066090930052194	20.833420672018782	31.789884084096677	0.0
107.0	29.499683343888538	16.489339244247414	20.067553303778762	33.94342410808528	0.0
108.0	25.43611754456792	20.816777510995898	20.69991288273166	33.04719206170452	0.0
109.0	28.328236275369445	17.874633760345603	20.19931991702132	33.59781004726363	0.0
110.0	29.802320584443486	17.468844005156857	20.406102277610657	32.322733132789	0.0
111.0	28.014850309741195	20.009065596062943	20.233547022383387	31.74253707181247	0.0
112.0	29.310644209064073	18.015280430630316	20.337732245181456	32.33634311512416	0.0
113.0	30.939962026145217	19.96028022085943	18.51116300386286	30.58859474913249	0.0
114.0	26.775079661575653	17.461817382705195	21.5558729809911	34.20722997472805	0.0
115.0	27.562924755938283	17.736258384433178	21.83383879751179	32.86697806211675	0.0
116.0	26.94855154880578	18.195401529849914	18.021453580428627	36.834593340915674	0.0
117.0	29.898018778920886	16.132800215643112	21.317220000898512	32.65196100453749	0.0
118.0	30.52674394956274	18.337739814249883	17.580728990124964	33.55478724606241	0.0
119.0	28.58182645286023	18.18264528602297	20.2479244853861	32.9876037757307	0.0
120.0	29.444863789199204	18.202612136599647	21.40030650289348	30.95221757130767	0.0
121.0	28.568137842071316	17.550446881046717	20.796093246107066	33.0853220307749	0.0
122.0	29.910962715637172	19.147653496568353	21.236783528102393	29.704600259692075	0.0
123.0	27.908605036525312	19.12852708474339	20.615212266903168	32.34765561182813	0.0
124.0	30.170773531277163	17.612928989218013	19.987785111930656	32.22851236757417	0.0
125.0	26.85987592934602	19.103092295307096	21.16067623241938	32.8763555429275	0.0
126.0	29.22301333205906	18.626654561093325	19.5489081091413	32.60142399770631	0.0
127.0	28.150754253217023	18.600896428743553	18.979227914598294	34.269121403441126	0.0
128.0	28.02019123428627	18.482745231276997	19.8611852642819	33.635878270154834	0.0
129.0	29.548235524448142	16.80289755763301	19.79834565121629	33.85052126670256	0.0
130.0	26.18871460984512	20.763046266153694	16.49403176482194	36.554207359179244	0.0
131.0	27.602664810579697	20.194889131947896	20.271949885651786	31.93049617182062	0.0
132.0	31.580923770184004	19.016147202403307	21.832519714607585	27.570409312805104	0.0
133.0	31.316905675621086	17.582306604726316	20.821551201777417	30.279236517875173	0.0
134.0	30.75435695204172	17.127591909426283	18.70499936394861	33.41305177458339	0.0
135.0	30.352379975379566	15.785289290110793	18.901313089864587	34.961017644645054	0.0
136.0	27.915166895408756	20.646347463552324	17.97135976383458	33.46712587720434	0.0
137.0	30.41193778898697	17.636086591004624	19.83501471206389	32.11696090794452	0.0
138.0	28.52221839476404	17.32955298232598	21.826227510002916	32.322001112907074	0.0
139.0	28.200859291084857	20.829752953813106	18.716433941997852	32.25295381310419	0.0
140.0	27.91868502694171	17.852283241713383	19.31638817830512	34.912643553039786	0.0
141.0	28.68008457124029	17.518328345094595	20.288860210329773	33.512726873335346	0.0
142.0	31.462260234160922	18.306623488056687	18.46439148606383	31.766724791718566	0.0
143.0	29.17189635455889	16.721055420745824	22.215714166178564	31.891334058516723	0.0
144.0	32.19572483918991	16.139996067526194	20.68481222437572	30.97946686890818	0.0
145.0	29.210966516401577	22.08046270307051	18.36636330129568	30.34220747923223	0.0
146.0	27.70942671140555	18.056153029911957	18.82761191889644	35.40680833978605	0.0
147.0	27.850228945690603	19.390830580188954	20.778994957398712	31.97994551672173	0.0
148.0	27.667926296979818	19.418812432258253	18.947183408032338	33.96607786272959	0.0
149.0	29.65853658536585	19.98521803399852	19.26681448632668	31.089430894308943	0.0
150.0	30.88305489260143	19.713603818615752	18.213007159904535	31.190334128878284	0.0
151.0	30.1870312923531	17.007499322350387	20.206005481432403	32.599463903864105	0.0
152.0	28.000364785992215	18.780398832684824	19.95683365758755	33.262402723735406	0.0
153.0	27.219769438312486	19.567083639931322	21.52317880794702	31.689968113809176	0.0
154.0	31.212496133622025	16.229508196721312	19.70924837612125	32.84874729353542	0.0
155.0	30.300857365549493	17.798908807482462	19.10522213561964	32.7950116913484	0.0
156.0	30.176787571298018	18.589480981943087	18.885702580909463	32.34802886584943	0.0
157.0	28.702790416494324	20.006999904546756	19.287918801107256	32.002290877851664	0.0
158.0	29.230125253566026	18.678558779019223	18.878191712013397	33.21312425540136	0.0
159.0	31.219067465485807	18.172050013024226	20.223365459755144	30.38551706173483	0.0
160.0	31.740288787290726	19.20205242903661	17.837055553728252	31.220603229944416	0.0
161.0	29.129408636106774	18.824585313964697	20.559784595951204	31.486221453977333	0.0
162.0	29.63771278917503	18.335963469093105	19.5212033710506	32.50512037068126	0.0
163.0	29.213864206742183	18.720748829953198	18.92423523027878	33.14115173302584	0.0
164.0	32.90298277456252	17.711722201294478	18.759631519468513	30.6256635046745	0.0
165.0	27.9662190225668	19.21639208085283	19.662882458812128	33.15450643776824	0.0
166.0	32.40659686963829	18.94674183269722	16.810812703526036	31.83584859413845	0.0
167.0	28.2521975500406	19.405514173756487	19.236064532071875	33.10622374413104	0.0
168.0	29.50068056451035	18.801490078085823	19.24206605057669	32.45576330682714	0.0
169.0	30.618160736285237	16.67874483658236	21.139212986448292	31.563881440684106	0.0
170.0	29.998530924048772	18.81886293521375	20.559717937417364	30.622888203320116	0.0
171.0	30.556278101891422	18.884471034149605	20.355988257589832	30.20326260636914	0.0
172.0	28.906015037593985	19.5	19.958646616541355	31.63533834586466	0.0
173.0	31.86103086513608	19.10065379352288	17.462368861182913	31.57594648015813	0.0
174.0	30.795515626199798	18.80903017737848	19.845657682561622	30.549796513860095	0.0
175.0	29.624019265128567	18.589295424531965	18.317408529480307	33.46927678085916	0.0
176.0	28.395740835330635	18.80083297316412	20.792896153392796	32.01053003811245	0.0
177.0	27.05240956663616	20.04457001870349	20.609654184408452	32.293366230251905	0.0
178.0	28.45974046909003	18.8039010236157	20.444104134762632	32.29225437253164	0.0
179.0	29.217433968435685	19.032627361190613	19.76858287676834	31.981355793605363	0.0
180.0	29.725249678836352	17.222659649413618	21.0227508184493	32.02933985330073	0.0
181.0	29.665896196679974	17.688590039924353	20.72284093296911	31.922672830426563	0.0
182.0	29.121627372542342	19.6144352710869	17.448293471784833	33.815643884585924	0.0
183.0	29.720400414221608	19.49430445288229	19.8567483603728	30.9285467725233	0.0
184.0	29.617181020559606	19.485791610284167	18.154437120782223	32.742590248374	0.0
185.0	28.339007029488485	20.814359609178123	19.253724744683673	31.592908616649716	0.0
186.0	29.29608938547486	22.57877094972067	18.654748603351955	29.470391061452517	0.0
187.0	28.30633818792251	20.520847511455923	18.479197858536363	32.69361644208521	0.0
188.0	29.15304195643163	19.025468613273155	20.06631971629899	31.755169713996224	0.0
189.0	29.70158315042264	18.11516368561154	21.613038808200628	30.57021435576519	0.0
190.0	29.43349753694581	18.572375899962108	19.998105342932927	31.99602122015915	0.0
191.0	30.32810545559511	17.14134513614933	20.711055518137208	31.81949389011835	0.0
192.0	27.05692330282414	21.60442464881797	20.18990749351476	31.148744554843134	0.0
193.0	30.597750012960756	16.641609207320236	20.32764788221266	32.43299289750635	0.0
194.0	29.63313360664354	20.6717123935667	20.566593083149375	29.12856091664039	0.0
195.0	30.260628070925016	17.886135441145054	19.23734244819483	32.615894039735096	0.0
196.0	30.020591741627833	20.24493334778368	19.128644196380186	30.605830714208302	0.0
197.0	29.088206144697722	19.920713577799802	18.142275079837024	32.848805197665456	0.0
198.0	29.75593258553633	18.93354376867144	20.821825150780676	30.48869849501156	0.0
199.0	29.837986488910147	17.492676511030073	21.312847492078678	31.356489507981106	0.0
200.0	29.473491550240986	18.992129827344275	18.98602891830883	32.54834970410591	0.0
201.0	29.788156590683844	18.440287413280476	20.688800792864225	31.08275520317146	0.0
202.0	28.503427265803506	20.265295760345264	18.907083015993905	32.324193957857325	0.0
203.0	28.797232209483752	18.580828980394816	18.913235194355877	33.70870361576555	0.0
204.0	29.17815774958632	19.615278543849975	18.80860452289024	32.39795918367347	0.0
205.0	32.59389259389259	18.806598806598807	17.47279747279747	31.126711126711125	0.0
206.0	29.438186225581063	19.798944816768856	20.469128760872664	30.293740196777414	0.0
207.0	29.56743002544529	20.370774263904035	19.672846237731733	30.38894947291894	0.0
208.0	28.26070873714582	20.448324332322258	21.580232300066584	29.71073463046534	0.0
209.0	26.17757712565839	22.776523702031604	18.78103837471783	32.26486079759218	0.0
210.0	26.652813053182484	18.094358500731165	22.504425459863004	32.748402986223354	0.0
211.0	26.903953910504303	23.19469655117986	19.390734748638625	30.510614789677216	0.0
212.0	28.97109631751917	18.867447543608325	18.39555068677846	33.76590545209404	0.0
213.0	28.834618680377034	18.08911739502999	19.451585261353898	33.624678663239074	0.0
214.0	28.42818189814408	19.58835429677192	18.321752132993225	33.661711672090775	0.0
215.0	32.95335803172794	19.882207656502327	17.972831765935215	29.19160254583452	0.0
216.0	31.433823529411764	18.20874183006536	22.334558823529413	28.022875816993466	0.0
217.0	29.256180503076756	20.71683040051819	20.80319550901436	29.223793587390695	0.0
218.0	28.403493058665475	19.704433497536947	19.872369010300044	32.01970443349754	0.0
219.0	29.095933675483614	20.963284642716147	17.883932096328465	32.056849585471774	0.0
220.0	30.020147750167897	20.114170584284754	20.50033579583613	29.365345869711216	0.0
221.0	30.55155010814708	17.682047584715214	21.755587599134824	30.010814708002886	0.0
222.0	30.894157177524733	21.13123016613776	20.02986746313235	27.94474519320515	0.0
223.0	23.89230443078228	22.450710197159214	23.89230443078228	29.764680941276232	0.0
224.0	29.36361235806707	19.329284393979403	20.755215209928704	30.55188803802482	0.0
225.0	26.66124220233252	19.96202874966097	23.162462706807702	30.214266341198808	0.0
226.0	28.698553948832036	21.023359288097886	18.32591768631813	31.952169076751947	0.0
227.0	31.21978959340347	16.974694341768554	18.908160363946543	32.897355700881434	0.0
228.0	26.33101851851852	21.238425925925927	23.755787037037038	28.67476851851852	0.0
229.0	26.77331723513432	21.27980682161183	16.84274071838213	35.10413522487172	0.0
230.0	31.312458361092606	17.3217854763491	19.586942038640906	31.778814123917385	0.0
231.0	25.653710247349824	19.257950530035338	22.473498233215548	32.61484098939929	0.0
232.0	32.44060475161987	17.49460043196544	18.833693304535636	31.23110151187905	0.0
233.0	31.634046426945833	17.569412835685025	22.030040964952207	28.766499772416932	0.0
234.0	25.239234449760765	21.949760765550238	22.9066985645933	29.904306220095695	0.0
235.0	30.089374379344587	17.08043694141013	23.23733862959285	29.59285004965243	0.0
236.0	19.63260619977038	24.110218140068888	27.554535017221582	28.702640642939148	0.0
237.0	27.44630071599045	21.957040572792362	21.957040572792362	28.639618138424822	0.0
238.0	28.287841191067	22.084367245657567	19.851116625310176	29.776674937965257	0.0
239.0	24.556962025316455	21.772151898734176	18.734177215189874	34.93670886075949	0.0
240.0	28.534031413612563	18.06282722513089	15.706806282722512	37.696335078534034	0.0
241.0	32.360742705570296	14.588859416445624	22.281167108753316	30.76923076923077	0.0
242.0	33.153638814016176	18.598382749326145	25.336927223719673	22.911051212938006	0.0
243.0	27.70083102493075	17.451523545706372	18.83656509695291	36.011080332409975	0.0
244.0	31.502890173410403	19.36416184971098	18.497109826589593	30.63583815028902	0.0
245.0	23.232323232323232	22.55892255892256	22.895622895622896	31.313131313131315	0.0
246.0	37.5	13.194444444444445	22.916666666666664	26.38888888888889	0.0
247.0	37.22627737226277	14.5985401459854	16.78832116788321	31.386861313868614	0.0
248.0	29.365079365079367	17.46031746031746	23.809523809523807	29.365079365079367	0.0
249.0	35.45454545454545	20.909090909090907	22.727272727272727	20.909090909090907	0.0
250.0	20.833333333333336	26.38888888888889	33.33333333333333	19.444444444444446	0.0
