# Position (bp)	A	C	G	T	N
0.0	56.821445667783635	11.105792245093346	14.121589277166107	17.951172809956915	0.0
1.0	13.212063188128292	58.35327908089995	14.648157012924845	13.786500718046913	0.0
2.0	18.865248226950353	51.205673758865245	10.638297872340425	19.29078014184397	0.0
3.0	58.239171374764595	11.72316384180791	11.487758945386064	18.54990583804143	0.0
4.0	58.19209039548022	9.934086629001882	12.476459510357815	19.397363465160076	0.0
5.0	18.76763875823142	50.376293508936975	12.13546566321731	18.7206020696143	0.0
6.0	16.823308270676694	52.11466165413534	11.513157894736842	19.548872180451127	0.0
7.0	59.840300610615316	12.916862376702678	11.742602160638798	15.500234852043212	0.0
8.0	56.31159080244017	11.496949788831534	12.060065696855936	20.131393711872363	0.0
9.0	17.925856405443454	49.46034725480995	12.482402627874238	20.131393711872363	0.0
10.0	19.136960600375236	8.864915572232645	11.069418386491558	60.928705440900565	0.0
11.0	16.49484536082474	10.449859418931585	12.74601686972821	60.30927835051546	0.0
12.0	17.181647940074907	12.406367041198502	10.720973782771535	59.69101123595506	0.0
13.0	15.014031805425631	51.16931711880262	13.002806361085126	20.81384471468662	0.0
14.0	17.600373482726425	11.204481792717088	52.240896358543424	18.954248366013072	0.0
15.0	56.24129930394432	12.064965197215777	13.410672853828306	18.2830626450116	0.0
16.0	17.832329782306626	12.552107457156092	13.29319129226494	56.32237146827235	0.0
17.0	17.453703703703706	51.75925925925926	14.074074074074074	16.712962962962962	0.0
18.0	17.214252660805183	14.113836186950484	12.262841277186489	56.40906987505785	0.0
19.0	17.029153169828785	50.023137436372046	13.743637204997686	19.20407218880148	0.0
20.0	16.682070240295747	12.846580406654343	12.33826247689464	58.13308687615527	0.0
21.0	14.877936434822661	14.140948871487794	15.384615384615385	55.596499309074154	0.0
22.0	17.44132535664979	11.45881270133456	51.17349286700414	19.926369075011504	0.0
23.0	18.436781609195403	13.057471264367814	11.080459770114942	57.42528735632184	0.0
24.0	57.438016528925615	9.550045913682277	12.075298438934801	20.9366391184573	0.0
25.0	18.31115190454337	12.987608994951813	48.6920605782469	20.009178522257915	0.0
26.0	60.21110601193208	9.729233593391463	10.692978430472694	19.366681964203764	0.0
27.0	16.422018348623855	12.935779816513762	11.605504587155965	59.03669724770643	0.0
28.0	16.605504587155963	52.70642201834862	10.963302752293579	19.724770642201836	0.0
29.0	17.377349839523156	11.462631820265932	11.325080238422743	59.83493810178817	0.0
30.0	19.375573921028465	10.055096418732782	48.484848484848484	22.084481175390266	0.0
31.0	18.055555555555554	8.287037037037038	11.75925925925926	61.898148148148145	0.0
32.0	17.161410018552875	11.317254174397032	13.729128014842301	57.7922077922078	0.0
33.0	19.17221693625119	51.99809705042816	9.181731684110371	19.647954329210275	0.0
34.0	21.784527764594213	10.39392501186521	11.817750355956335	56.00379686758424	0.0
35.0	17.546362339514978	50.68949120304327	11.317165953399904	20.446980504041846	0.0
36.0	18.394648829431436	8.982322025800286	10.654562828475871	61.96846631629241	0.0
37.0	57.914873266379715	12.051649928263988	12.721186035389763	17.312290769966523	0.0
38.0	59.71223021582733	12.997601918465229	10.26378896882494	17.026378896882495	0.0
39.0	57.8544061302682	12.260536398467432	8.524904214559387	21.36015325670498	0.0
40.0	16.94015444015444	52.268339768339764	11.438223938223938	19.353281853281853	0.0
41.0	19.66183574879227	9.178743961352657	52.51207729468599	18.647342995169083	0.0
42.0	60.66763425253991	11.030478955007258	11.46589259796807	16.835994194484762	0.0
43.0	61.20058565153733	11.322596388482186	10.346510492923377	17.1303074670571	0.0
44.0	20.42218949435444	51.39911634756995	10.407461953853707	17.771232204221896	0.0
45.0	28.757319453480807	12.752114508783343	13.337670787247886	45.152895250487965	0.0
46.0	29.943955164131303	15.692554043234589	19.935948759007204	34.4275420336269	0.0
47.0	30.27823240589198	18.657937806873978	17.51227495908347	33.55155482815057	0.0
48.0	27.429983525535416	21.087314662273478	16.392092257001647	35.09060955518946	0.0
49.0	28.77164056059357	21.022258862324815	18.136850783182194	32.069249793899424	0.0
50.0	28.488372093023255	25.083056478405314	17.441860465116278	28.98671096345515	0.0
51.0	29.900332225913623	18.106312292358805	16.196013289036546	35.797342192691026	0.0
52.0	28.6783042394015	18.37073981712386	19.617622610141314	33.33333333333333	0.0
53.0	28.476269775187347	16.402997502081597	23.480432972522898	31.64029975020816	0.0
54.0	29.043183742591022	21.507197290431836	19.05165114309907	30.39796782387807	0.0
55.0	31.922099915325997	18.204911092294665	19.64436917866215	30.228619813717188	0.0
56.0	26.96917808219178	18.75	22.089041095890412	32.19178082191781	0.0
57.0	30.73630136986301	18.15068493150685	17.893835616438356	33.21917808219178	0.0
58.0	30.7032590051458	18.95368782161235	18.95368782161235	31.3893653516295	0.0
59.0	28.216123499142366	19.81132075471698	20.154373927958833	31.818181818181817	0.0
60.0	29.356223175965667	17.76824034334764	20.257510729613735	32.61802575107296	0.0
61.0	29.836629406706795	18.916595012897677	23.215821152192607	28.030954428202925	0.0
62.0	30.689655172413794	20.603448275862068	19.396551724137932	29.310344827586203	0.0
63.0	31.228373702422147	16.608996539792386	19.80968858131488	32.35294117647059	0.0
64.0	29.238754325259514	17.99307958477509	21.62629757785467	31.141868512110726	0.0
65.0	29.523809523809526	18.614718614718615	20.173160173160174	31.68831168831169	0.0
66.0	27.0995670995671	16.017316017316016	21.818181818181817	35.064935064935064	0.0
67.0	29.02946273830156	18.544194107452338	17.417677642980937	35.008665511265164	0.0
68.0	26.393728222996515	18.81533101045296	20.29616724738676	34.494773519163765	0.0
69.0	27.685589519650655	20.611353711790393	19.03930131004367	32.66375545851528	0.0
70.0	27.821522309711288	20.909886264216972	19.77252843394576	31.496062992125985	0.0
71.0	29.947460595446586	22.066549912434326	17.68826619964974	30.297723292469353	0.0
72.0	26.882661996497376	18.388791593695274	20.140105078809107	34.58844133099825	0.0
73.0	31.57894736842105	17.105263157894736	20.526315789473685	30.789473684210527	0.0
74.0	32.77533039647577	16.82819383259912	23.17180616740088	27.224669603524227	0.0
75.0	27.312775330396477	20.792951541850222	22.378854625550662	29.515418502202646	0.0
76.0	30.212014134275616	20.229681978798585	19.434628975265017	30.123674911660775	0.0
77.0	30.76923076923077	21.220159151193634	17.329796640141467	30.68081343943413	0.0
78.0	30.46944198405669	19.486271036315323	18.511957484499558	31.53232949512843	0.0
79.0	30.73516386182462	19.66341895482728	18.86625332152347	30.73516386182462	0.0
80.0	30.550621669627	19.36056838365897	18.650088809946713	31.438721136767317	0.0
81.0	26.57777777777778	19.022222222222222	19.2	35.199999999999996	0.0
82.0	32.62222222222223	17.866666666666667	20.08888888888889	29.42222222222222	0.0
83.0	28.02491103202847	19.572953736654807	21.352313167259787	31.049822064056944	0.0
84.0	26.625111308993766	19.946571682991987	19.412288512911843	34.016028495102404	0.0
85.0	31.46167557932264	17.557932263814617	20.32085561497326	30.65953654188948	0.0
86.0	29.543419874664277	18.084153983885408	21.575649059982094	30.796777081468218	0.0
87.0	31.5129811996419	21.038495971351836	20.232766338406446	27.21575649059982	0.0
88.0	32.73381294964029	18.165467625899282	19.514388489208635	29.586330935251798	0.0
89.0	30.720720720720724	15.045045045045043	19.00900900900901	35.22522522522522	0.0
90.0	28.64864864864865	17.47747747747748	19.18918918918919	34.68468468468468	0.0
91.0	28.63595302619693	19.421860885275517	17.615176151761517	34.32700993676603	0.0
92.0	29.502262443438916	18.099547511312217	16.923076923076923	35.47511312217195	0.0
93.0	30.336058128973658	17.80199818346957	18.982742960944595	32.879200726612176	0.0
94.0	32.63636363636363	17.909090909090907	18.72727272727273	30.727272727272727	0.0
95.0	29.29936305732484	16.014558689717926	20.10919017288444	34.57688808007279	0.0
96.0	29.014598540145986	18.065693430656935	19.434306569343065	33.48540145985402	0.0
97.0	30.04566210045662	17.26027397260274	19.726027397260275	32.96803652968037	0.0
98.0	30.83257090576395	19.030192131747484	18.48124428179323	31.655992680695334	0.0
99.0	32.417582417582416	18.681318681318682	18.13186813186813	30.76923076923077	0.0
100.0	31.244239631336406	16.31336405529954	21.474654377880185	30.967741935483872	0.0
101.0	31.75487465181058	20.334261838440113	19.220055710306408	28.690807799442897	0.0
102.0	30.55295220243674	16.776007497656984	19.587628865979383	33.0834114339269	0.0
103.0	28.57142857142857	18.543046357615893	20.624408703878903	32.26111636707663	0.0
104.0	28.857142857142858	18.761904761904763	20.38095238095238	32.0	0.0
105.0	28.065134099616856	18.29501915708812	21.36015325670498	32.27969348659004	0.0
106.0	33.108108108108105	19.498069498069498	18.436293436293436	28.957528957528954	0.0
107.0	32.84600389863548	17.446393762183234	18.421052631578945	31.28654970760234	0.0
108.0	34.66796875	16.69921875	17.08984375	31.54296875	0.0
109.0	31.200787401574804	19.88188976377953	19.488188976377952	29.429133858267715	0.0
110.0	26.838966202783297	20.675944333996025	19.681908548707753	32.80318091451292	0.0
111.0	31.56843156843157	18.581418581418582	17.282717282717282	32.56743256743257	0.0
112.0	26.4321608040201	20.7035175879397	19.497487437185928	33.36683417085427	0.0
113.0	31.739572736520856	18.514750762970497	16.88708036622584	32.858596134282806	0.0
114.0	29.153924566768602	17.737003058103976	19.77573904179409	33.33333333333333	0.0
115.0	24.82051282051282	20.410256410256412	18.871794871794872	35.8974358974359	0.0
116.0	28.37837837837838	20.27027027027027	16.735966735966738	34.61538461538461	0.0
117.0	29.61418143899896	21.793534932221064	17.413972888425445	31.178310740354537	0.0
118.0	29.590766002098633	15.320041972717732	20.88142707240294	34.20776495278069	0.0
119.0	24.947145877378436	22.51585623678647	23.995771670190276	28.541226215644823	0.0
120.0	25.266524520255864	20.68230277185501	23.02771855010661	31.023454157782517	0.0
121.0	30.513918629550325	17.66595289079229	20.449678800856532	31.370449678800856	0.0
122.0	28.525296017222818	16.89989235737352	22.17438105489774	32.400430570505925	0.0
123.0	33.551198257080614	16.44880174291939	18.51851851851852	31.48148148148148	0.0
124.0	29.2896174863388	17.26775956284153	21.74863387978142	31.693989071038253	0.0
125.0	28.13186813186813	20.439560439560438	17.912087912087912	33.51648351648351	0.0
126.0	29.502762430939228	21.325966850828728	18.45303867403315	30.718232044198896	0.0
127.0	31.731843575418996	19.329608938547484	20.22346368715084	28.71508379888268	0.0
128.0	32.9954954954955	16.666666666666664	18.806306306306304	31.53153153153153	0.0
129.0	30.419977298524405	16.572077185017026	18.955732122587968	34.0522133938706	0.0
130.0	29.714285714285715	18.628571428571426	16.0	35.65714285714286	0.0
131.0	31.006864988558352	20.709382151029747	18.64988558352403	29.63386727688787	0.0
132.0	26.406429391504016	20.20665901262916	22.043628013777266	31.343283582089555	0.0
133.0	28.78612716763006	19.190751445086704	22.54335260115607	29.47976878612717	0.0
134.0	27.262044653348998	20.44653349001175	20.681551116333726	31.609870740305524	0.0
135.0	28.368794326241137	15.24822695035461	20.685579196217493	35.69739952718676	0.0
136.0	27.001194743130224	19.23536439665472	20.78853046594982	32.97491039426524	0.0
137.0	28.485576923076923	16.22596153846154	19.35096153846154	35.9375	0.0
138.0	28.087167070217916	18.159806295399516	20.33898305084746	33.41404358353511	0.0
139.0	29.095354523227385	18.82640586797066	18.82640586797066	33.251833740831295	0.0
140.0	26.44526445264453	16.851168511685117	23.370233702337025	33.33333333333333	0.0
141.0	29.96300863131936	17.13933415536375	20.96177558569667	31.935881627620223	0.0
142.0	32.054455445544555	17.82178217821782	18.935643564356436	31.18811881188119	0.0
143.0	32.24592220828105	20.451693851944793	18.695106649937266	28.60727728983689	0.0
144.0	32.91139240506329	20.0	16.70886075949367	30.37974683544304	0.0
145.0	31.257941550190598	18.170266836086405	18.932655654383733	31.639135959339264	0.0
146.0	30.334190231362467	18.894601542416453	19.92287917737789	30.848329048843187	0.0
147.0	27.943078913324708	17.852522639068564	19.922380336351875	34.28201811125485	0.0
148.0	26.302083333333332	20.703125	19.921875	33.07291666666667	0.0
149.0	29.3733681462141	21.54046997389034	16.449086161879894	32.637075718015666	0.0
150.0	28.55263157894737	17.894736842105264	18.684210526315788	34.868421052631575	0.0
151.0	28.133333333333333	20.133333333333333	21.333333333333336	30.4	0.0
152.0	27.321668909825032	19.515477792732167	16.689098250336475	36.47375504710632	0.0
153.0	27.656675749318797	19.346049046321525	20.16348773841962	32.833787465940055	0.0
154.0	30.506155950752394	17.236662106703147	19.288645690834475	32.968536251709985	0.0
155.0	30.165289256198346	20.24793388429752	17.4931129476584	32.09366391184573	0.0
156.0	28.51182197496523	19.33240611961057	19.471488178025034	32.68428372739917	0.0
157.0	33.0532212885154	17.647058823529413	20.588235294117645	28.711484593837532	0.0
158.0	29.27864214992928	22.63083451202263	16.69024045261669	31.400282885431402	0.0
159.0	32.142857142857146	17.142857142857142	18.714285714285715	32.0	0.0
160.0	24.856321839080458	20.545977011494255	24.281609195402297	30.31609195402299	0.0
161.0	27.906976744186046	21.22093023255814	22.52906976744186	28.343023255813954	0.0
162.0	31.470588235294116	18.823529411764707	21.91176470588235	27.794117647058826	0.0
163.0	32.592592592592595	15.407407407407408	18.51851851851852	33.48148148148148	0.0
164.0	31.53961136023916	14.947683109118087	21.076233183856502	32.436472346786246	0.0
165.0	30.22556390977444	17.142857142857142	22.857142857142858	29.774436090225564	0.0
166.0	27.945619335347434	21.299093655589125	20.996978851963746	29.758308157099698	0.0
167.0	30.85271317829457	18.91472868217054	20.62015503875969	29.612403100775193	0.0
168.0	29.245283018867923	17.61006289308176	20.440251572327046	32.70440251572327	0.0
169.0	25.238095238095237	16.984126984126984	23.49206349206349	34.285714285714285	0.0
170.0	26.848874598070736	17.845659163987136	21.382636655948552	33.92282958199357	0.0
171.0	29.40226171243942	18.416801292407108	16.63974151857835	35.54119547657512	0.0
172.0	27.33224222585925	22.585924713584287	16.857610474631752	33.224222585924714	0.0
173.0	29.818780889621088	16.80395387149918	16.80395387149918	36.57331136738056	0.0
174.0	30.960264900662253	19.5364238410596	19.370860927152318	30.132450331125828	0.0
175.0	27.97319932998325	18.592964824120603	20.100502512562816	33.33333333333333	0.0
176.0	30.494037478705284	15.502555366269167	18.909710391822827	35.09369676320272	0.0
177.0	30.862068965517242	19.137931034482758	17.413793103448274	32.58620689655172	0.0
178.0	29.636048526863085	20.45060658578856	18.370883882149048	31.542461005199307	0.0
179.0	24.52173913043478	20.52173913043478	21.565217391304348	33.39130434782609	0.0
180.0	31.57894736842105	16.140350877192983	19.298245614035086	32.98245614035088	0.0
181.0	29.049295774647888	18.838028169014084	18.661971830985916	33.45070422535211	0.0
182.0	33.810375670840784	17.352415026833633	20.75134168157424	28.085867620751344	0.0
183.0	31.53153153153153	25.045045045045043	18.91891891891892	24.504504504504503	0.0
184.0	29.09090909090909	21.636363636363637	17.272727272727273	32.0	0.0
185.0	26.788990825688074	20.36697247706422	22.752293577981654	30.091743119266056	0.0
186.0	33.39517625231911	17.625231910946194	19.109461966604822	29.87012987012987	0.0
187.0	31.343283582089555	24.067164179104477	15.111940298507461	29.47761194029851	0.0
188.0	29.75517890772128	18.64406779661017	19.58568738229755	32.015065913371	0.0
189.0	29.087452471482887	20.342205323193916	17.490494296577946	33.07984790874524	0.0
190.0	32.10831721470019	15.860735009671178	17.408123791102515	34.622823984526114	0.0
191.0	26.21359223300971	19.80582524271845	19.02912621359223	34.95145631067961	0.0
192.0	31.189083820662766	18.71345029239766	18.51851851851852	31.57894736842105	0.0
193.0	29.446640316205535	16.205533596837945	21.73913043478261	32.608695652173914	0.0
194.0	28.087649402390436	19.12350597609562	24.302788844621514	28.48605577689243	0.0
195.0	31.515151515151512	17.97979797979798	18.585858585858585	31.91919191919192	0.0
196.0	30.04115226337449	19.54732510288066	19.34156378600823	31.069958847736622	0.0
197.0	32.48945147679325	20.042194092827003	19.831223628691983	27.637130801687764	0.0
198.0	29.718004338394792	20.607375271149674	18.004338394793926	31.670281995661604	0.0
199.0	28.02690582959641	23.094170403587444	20.85201793721973	28.02690582959641	0.0
200.0	27.951807228915666	17.83132530120482	18.072289156626507	36.144578313253014	0.0
201.0	30.7909604519774	18.64406779661017	15.819209039548024	34.74576271186441	0.0
202.0	34.00576368876081	15.85014409221902	21.037463976945244	29.106628242074926	0.0
203.0	31.76470588235294	19.705882352941178	22.058823529411764	26.47058823529412	0.0
204.0	34.4311377245509	15.868263473053892	21.856287425149702	27.844311377245507	0.0
205.0	34.25076452599388	13.455657492354739	28.74617737003058	23.547400611620795	0.0
206.0	29.283489096573206	22.429906542056074	19.937694704049843	28.34890965732087	0.0
207.0	28.02547770700637	21.656050955414013	14.968152866242038	35.35031847133758	0.0
208.0	26.623376623376622	15.909090909090908	21.428571428571427	36.038961038961034	0.0
209.0	23.841059602649008	19.205298013245034	21.85430463576159	35.099337748344375	0.0
210.0	26.936026936026934	14.814814814814813	18.181818181818183	40.06734006734007	0.0
211.0	32.6530612244898	19.727891156462583	20.068027210884352	27.55102040816326	0.0
212.0	26.89655172413793	13.448275862068964	25.862068965517242	33.793103448275865	0.0
213.0	27.719298245614034	17.894736842105264	20.350877192982455	34.03508771929825	0.0
214.0	28.214285714285715	24.285714285714285	21.785714285714285	25.71428571428571	0.0
215.0	25.0	25.0	15.942028985507244	34.05797101449276	0.0
216.0	31.5018315018315	19.047619047619047	17.582417582417584	31.868131868131865	0.0
217.0	25.475285171102662	16.730038022813687	25.475285171102662	32.31939163498099	0.0
218.0	30.081300813008134	13.414634146341465	17.479674796747968	39.02439024390244	0.0
219.0	18.75	19.196428571428573	27.67857142857143	34.375	0.0
220.0	0.0	35.13513513513514	28.37837837837838	36.486486486486484	0.0
