# Position (bp)	A	C	G	T	N
0.0	71.23915534457358	7.464396791618923	9.035848747749222	12.260599116058275	0.0
1.0	10.099852676379113	70.8626616467507	9.837944017024062	9.19954165984613	0.0
2.0	12.61993820133355	67.78337941128639	7.5134168157423975	12.083265571637664	0.0
3.0	71.54655870445345	8.842105263157894	8.11336032388664	11.497975708502024	0.0
4.0	71.28985272697848	8.7716458973944	7.541673409936883	12.39682796569024	0.0
5.0	11.804657179818888	68.4993531694696	7.4223803363518766	12.273609314359637	0.0
6.0	12.807244501940493	68.14359637774902	7.001940491591204	12.047218628719275	0.0
7.0	72.41435035552682	8.387201034259856	7.482223658694247	11.716224951519068	0.0
8.0	70.65568475452196	10.78811369509044	7.154392764857881	11.401808785529715	0.0
9.0	11.914756215692606	66.87116564417178	8.395221181788829	12.818856958346785	0.0
10.0	11.985804161961607	6.597838361025972	7.5979996773673175	73.81835779964511	0.0
11.0	10.460992907801419	8.365570599613152	8.204384268214056	72.96905222437138	0.0
12.0	10.917874396135266	6.827697262479872	8.937198067632849	73.31723027375202	0.0
13.0	11.812790511299887	66.05225196345567	8.895656355185126	13.239301170059303	0.0
14.0	11.976335145506875	7.723057243364247	67.41285577230572	12.887751838823153	0.0
15.0	68.25851639605222	8.516396052212672	8.97803247373448	14.247055078000637	0.0
16.0	10.260482846251588	9.275730622617536	8.020965692503177	72.4428208386277	0.0
17.0	11.994929488195215	65.59974647440976	7.780066550467438	14.625257486927588	0.0
18.0	11.188479189745212	8.561481247032757	9.669251463839215	70.58078809938281	0.0
19.0	11.660609890978039	67.59361668510033	8.26354874387739	12.48222468004424	0.0
20.0	11.396595208070618	9.174022698612863	7.550441361916772	71.87894073139974	0.0
21.0	12.079798931825323	8.969525604775368	9.53502984605718	69.41564561734212	0.0
22.0	12.956862745098038	7.780392156862745	65.52156862745097	13.741176470588234	0.0
23.0	13.21109543958627	8.008149192916472	8.337251214543175	70.44350415295409	0.0
24.0	70.88488645262333	7.282693813625684	8.41033672670321	13.42208300704777	0.0
25.0	13.519011109372556	6.884681583476763	65.67047410420905	13.925833202941638	0.0
26.0	70.7298015314893	6.469760900140647	7.188623222378497	15.611814345991561	0.0
27.0	10.482737072332448	10.154663333854085	7.592563661927825	71.77003593188564	0.0
28.0	10.710382513661203	65.54254488680719	7.50975800156128	16.237314597970336	0.0
29.0	13.141876073045106	6.118308100515062	7.538629623848915	73.20118620259092	0.0
30.0	13.362541073384445	8.292911907369739	64.34047879831012	14.004068220935691	0.0
31.0	14.435901459281345	7.24933312411737	6.637376431821748	71.67738898477953	0.0
32.0	12.51178874567746	7.7805721471235465	7.623388871424081	72.08425023577492	0.0
33.0	12.549266908402965	66.12013242944978	7.709285826895791	13.621314835251457	0.0
34.0	13.81110583768391	8.147445024521437	8.796076570162949	69.2453725676317	0.0
35.0	12.422753921723974	65.44129298051023	8.207890983996197	13.92806211376961	0.0
36.0	12.531725888324875	8.470812182741117	8.074238578680202	70.9232233502538	0.0
37.0	71.69059011164273	8.468899521531101	7.783094098883573	12.057416267942584	0.0
38.0	71.42401021711366	8.684546615581098	5.954661558109834	13.936781609195403	0.0
39.0	71.1888782358581	9.172259507829978	6.55161393416427	13.087248322147651	0.0
40.0	11.588604538870111	67.11733462095606	9.43183647191373	11.8622243682601	0.0
41.0	11.412244897959184	6.693877551020408	68.86530612244897	13.028571428571428	0.0
42.0	71.41220749468172	8.067419407625593	9.000163639338897	11.520209458353788	0.0
43.0	72.11443604077607	7.875698783294968	7.39888194672805	12.61098322920092	0.0
44.0	12.890431333663857	66.93108577094695	6.4452156668319285	13.733267228557263	0.0
45.0	20.888648062855594	10.647520997019779	13.410999729070713	55.05283121105391	0.0
46.0	26.533684606699286	17.576213774934136	18.253669552126457	37.63643206624012	0.0
47.0	30.394148720032504	18.650954896383585	18.163348232425843	32.79154815115807	0.0
48.0	28.191268191268193	19.20997920997921	18.461538461538463	34.13721413721414	0.0
49.0	27.573221757322173	19.9163179916318	17.280334728033473	35.23012552301255	0.0
50.0	27.392598894087623	22.075712462781798	17.99234368353892	32.539344959591666	0.0
51.0	30.851063829787233	17.78723404255319	17.659574468085108	33.702127659574465	0.0
52.0	28.6504895700298	19.19965942954449	18.39080459770115	33.759046402724564	0.0
53.0	31.511528608027326	18.70196413321947	21.050384286934246	28.736122971818958	0.0
54.0	30.58169375534645	20.9153122326775	18.477331052181352	30.025662959794698	0.0
55.0	31.820128479657388	17.21627408993576	19.528907922912207	31.434689507494646	0.0
56.0	27.823100042936883	18.16230141691713	21.811936453413484	32.2026620867325	0.0
57.0	32.40103270223752	16.652323580034423	21.25645438898451	29.690189328743543	0.0
58.0	27.851915626345242	19.28540680154972	19.371502367628068	33.49117520447697	0.0
59.0	26.89655172413793	20.517241379310345	20.905172413793103	31.68103448275862	0.0
60.0	28.874458874458874	18.181818181818183	19.870129870129873	33.073593073593074	0.0
61.0	28.652668416447945	18.635170603674542	21.653543307086615	31.058617672790902	0.0
62.0	29.584245076586434	19.868708971553612	21.269146608315097	29.277899343544856	0.0
63.0	33.61086765994742	17.397020157756355	20.946538124452236	28.045574057843996	0.0
64.0	29.730921923246584	18.482576091751213	22.849580943978825	28.93692104102338	0.0
65.0	29.67372134038801	17.680776014109348	23.14814814814815	29.4973544973545	0.0
66.0	28.483245149911816	16.666666666666664	23.589065255731924	31.261022927689595	0.0
67.0	28.811312417145384	17.852408307556342	20.061864781263807	33.27441449403447	0.0
68.0	25.22202486678508	18.91651865008881	20.69271758436945	35.168738898756665	0.0
69.0	26.464014304872595	20.026821636119806	22.306660706303084	31.202503352704515	0.0
70.0	25.861297539149884	21.118568232662195	19.59731543624161	33.422818791946305	0.0
71.0	29.525089605734767	19.937275985663085	18.77240143369176	31.765232974910397	0.0
72.0	26.66068222621185	18.17773788150808	20.33213644524237	34.8294434470377	0.0
73.0	27.211495285136955	18.455321059721598	21.104625056129322	33.228558599012125	0.0
74.0	28.654970760233915	16.464237516869098	22.672064777327936	32.20872694556905	0.0
75.0	27.50561797752809	21.168539325842698	22.06741573033708	29.258426966292134	0.0
76.0	27.59550561797753	22.20224719101124	18.60674157303371	31.595505617977526	0.0
77.0	29.234234234234236	21.17117117117117	18.153153153153152	31.44144144144144	0.0
78.0	30.180180180180184	22.162162162162165	17.43243243243243	30.225225225225227	0.0
79.0	29.756537421100088	19.206492335437332	18.710550045085665	32.326420198376915	0.0
80.0	29.788192879675528	19.333032897701667	21.946822893195133	28.93195132942767	0.0
81.0	27.35466426318161	18.97251013970257	19.10770617395223	34.56511942316359	0.0
82.0	32.70184934596301	18.26792963464141	20.16238159675237	28.86783942264321	0.0
83.0	29.76995940460081	18.403247631935045	21.69598556608029	30.13080739738385	0.0
84.0	27.617328519855594	19.67509025270758	22.292418772563177	30.415162454873645	0.0
85.0	32.126696832579185	17.601809954751133	20.0	30.271493212669682	0.0
86.0	30.344202898550726	18.88586956521739	21.920289855072465	28.849637681159418	0.0
87.0	31.218849116447668	19.845944721341187	22.609877661984594	26.325328500226554	0.0
88.0	34.285714285714285	17.596371882086167	16.643990929705215	31.473922902494333	0.0
89.0	29.128856624319422	17.513611615245008	17.92196007259528	35.43557168784029	0.0
90.0	30.807622504537207	17.604355716878402	20.235934664246823	31.352087114337568	0.0
91.0	30.081669691470054	21.32486388384755	16.1978221415608	32.3956442831216	0.0
92.0	30.59464366772583	19.337267362687243	17.249205628688152	32.81888334089877	0.0
93.0	31.890660592255127	17.722095671981776	18.76993166287016	31.61731207289294	0.0
94.0	30.776255707762555	16.666666666666664	19.086757990867582	33.470319634703195	0.0
95.0	29.798903107861058	17.595978062157222	20.29250457038391	32.31261425959781	0.0
96.0	29.995427526291724	18.472793781435755	19.524462734339277	32.007315957933244	0.0
97.0	30.247479376718605	17.094408799266727	18.194317140238315	34.46379468377635	0.0
98.0	30.380908673703534	20.330426801284993	18.35704451583295	30.931620009178523	0.0
99.0	31.985294117647058	18.474264705882355	18.290441176470587	31.25	0.0
100.0	32.74988484569323	13.956701980654076	19.53017042837402	33.763242745278674	0.0
101.0	31.54981549815498	19.464944649446494	19.37269372693727	29.612546125461254	0.0
102.0	32.99398426654327	14.946783896344284	21.28644146228598	30.77279037482647	0.0
103.0	27.803521779425395	16.728452270620945	20.898980537534754	34.56904541241891	0.0
104.0	28.525046382189238	18.97031539888683	19.990723562152134	32.513914656771796	0.0
105.0	28.651162790697676	18.372093023255815	20.046511627906977	32.93023255813953	0.0
106.0	31.777881474568364	18.198786747550162	20.111992533831078	29.911339244050396	0.0
107.0	32.7247191011236	18.398876404494384	18.49250936329588	30.383895131086142	0.0
108.0	32.58110014104372	18.28866948754114	17.81852374236013	31.31170662905501	0.0
109.0	28.52428099952852	19.519094766619517	21.16925978312117	30.787364450730788	0.0
110.0	26.47754137115839	19.858156028368796	20.472813238770684	33.191489361702125	0.0
111.0	30.29871977240398	18.634423897581794	19.582740635372215	31.48411569464201	0.0
112.0	26.844359828653026	20.323655402189434	20.609233698238935	32.22275107091861	0.0
113.0	29.714285714285715	19.333333333333332	19.28571428571429	31.666666666666664	0.0
114.0	28.510028653295127	18.147086914995224	21.10792741165234	32.23495702005731	0.0
115.0	28.132501200192028	19.58713394143063	18.674987998079693	33.605376860297646	0.0
116.0	28.647087144920558	18.536350505536834	19.162253249879633	33.654309099662974	0.0
117.0	30.34249879401833	20.164013506994692	20.453449107573565	29.04003859141341	0.0
118.0	29.61352657004831	18.647342995169083	19.178743961352655	32.56038647342995	0.0
119.0	23.802612481857764	21.43202709240445	26.75374939525883	28.011611030478957	0.0
120.0	26.857697911607577	21.369596891694997	21.85526954832443	29.917435648372997	0.0
121.0	29.941577409931842	19.961051606621226	17.818889970788703	32.278481012658226	0.0
122.0	31.073170731707318	18.0	19.414634146341463	31.51219512195122	0.0
123.0	34.44064484611627	17.2447484123107	18.270639960918416	30.043966780654618	0.0
124.0	28.885630498533725	19.550342130987293	20.72336265884653	30.840664711632453	0.0
125.0	27.48166259168704	19.119804400977994	19.41320293398533	33.98533007334964	0.0
126.0	31.225490196078432	18.18627450980392	19.80392156862745	30.784313725490197	0.0
127.0	26.633906633906633	20.68796068796069	21.76904176904177	30.909090909090907	0.0
128.0	31.283817019183473	17.658632562715198	19.331037875061487	31.726512543039842	0.0
129.0	30.37475345167653	18.49112426035503	17.357001972386588	33.777120315581854	0.0
130.0	31.08910891089109	19.306930693069308	16.08910891089109	33.51485148514852	0.0
131.0	28.98909811694747	20.614469772051535	18.97918731417245	31.41724479682854	0.0
132.0	30.22332506203474	18.213399503722083	21.042183622828784	30.52109181141439	0.0
133.0	29.417620706819314	21.602787456445995	19.51219512195122	29.467396714783472	0.0
134.0	25.848303393213573	20.60878243512974	20.459081836327346	33.08383233532935	0.0
135.0	29.5	16.650000000000002	20.4	33.45	0.0
136.0	25.050200803212853	17.8714859437751	22.740963855421686	34.33734939759036	0.0
137.0	29.290387518872674	17.31253145445395	19.476597886260695	33.920483140412685	0.0
138.0	30.726538849646822	17.81029263370333	19.374369323915236	32.08879919273461	0.0
139.0	28.11550151975684	20.11144883485309	19.098277608915907	32.67477203647417	0.0
140.0	28.498727735368956	17.455470737913487	20.865139949109416	33.18066157760814	0.0
141.0	31.804281345565748	18.399592252803263	20.642201834862387	29.153924566768602	0.0
142.0	30.95115681233933	16.195372750642672	19.02313624678663	33.83033419023136	0.0
143.0	33.264462809917354	18.59504132231405	18.181818181818183	29.958677685950413	0.0
144.0	33.004158004158	16.735966735966738	17.983367983367984	32.276507276507274	0.0
145.0	29.18186555497655	17.665450755601874	20.218863991662325	32.93381969775925	0.0
146.0	27.93733681462141	19.26892950391645	19.843342036553523	32.95039164490861	0.0
147.0	29.87964416535845	19.047619047619047	18.733647305075877	32.33908948194662	0.0
148.0	27.81875658587987	21.074815595363543	18.914646996838776	32.19178082191781	0.0
149.0	31.517715494447383	18.878900052882074	16.763617133791644	32.8397673188789	0.0
150.0	29.033970276008493	20.116772823779193	18.046709129511676	32.802547770700635	0.0
151.0	27.869727709556862	20.1281366791244	20.875600640683395	31.126534970635344	0.0
152.0	28.602035350830207	18.58596679164435	18.746652383502944	34.06534547402249	0.0
153.0	31.22977346278317	18.06903991370011	19.30960086299892	31.3915857605178	0.0
154.0	31.80097349918875	15.68415359653867	19.253650621957817	33.26122228231477	0.0
155.0	30.18970189701897	20.8130081300813	17.073170731707318	31.92411924119241	0.0
156.0	32.22464558342421	16.68484187568157	19.520174482006546	31.570338058887675	0.0
157.0	31.875341716785126	17.113176599234553	20.448332422088573	30.56314926189174	0.0
158.0	30.363036303630363	20.187018701870187	17.16171617161716	32.28822882288229	0.0
159.0	34.053156146179404	14.839424141749724	19.878183831672203	31.22923588039867	0.0
160.0	27.02552719200888	20.199778024417313	22.086570477247502	30.6881243063263	0.0
161.0	29.860724233983287	18.94150417827298	20.835654596100277	30.362116991643457	0.0
162.0	31.55829596412556	18.83408071748879	20.40358744394619	29.20403587443946	0.0
163.0	29.610829103214893	17.258883248730964	16.864072194021432	36.26621545403271	0.0
164.0	31.692133559705717	15.393322014714206	22.920203735144312	29.994340690435767	0.0
165.0	30.602957906712174	18.20250284414107	22.18430034129693	29.01023890784983	0.0
166.0	27.241576242147342	20.2170188463735	20.33123929183324	32.21016561964591	0.0
167.0	27.627800114876504	19.758759333716256	22.630672027570363	29.982768523836878	0.0
168.0	27.450980392156865	18.33910034602076	20.761245674740483	33.44867358708189	0.0
169.0	27.167630057803464	18.61271676300578	19.653179190751445	34.566473988439306	0.0
170.0	29.640371229698374	17.28538283062645	20.069605568445475	33.0046403712297	0.0
171.0	29.556074766355138	18.63317757009346	18.69158878504673	33.11915887850467	0.0
172.0	28.554641598119858	21.445358401880142	15.981198589894241	34.01880141010576	0.0
173.0	29.119905493207327	18.36975782634377	19.728292971057297	32.78204370939161	0.0
174.0	30.19538188277087	19.952634695085848	18.590882178804026	31.261101243339258	0.0
175.0	28.205128205128204	18.843172331544427	21.10912343470483	31.84257602862254	0.0
176.0	29.60960960960961	18.4984984984985	18.61861861861862	33.273273273273276	0.0
177.0	29.39046469523235	22.269161134580568	17.1997585998793	31.140615570307784	0.0
178.0	28.094660194174757	20.20631067961165	20.691747572815533	31.00728155339806	0.0
179.0	25.626911314984707	19.63302752293578	23.30275229357798	31.43730886850153	0.0
180.0	29.02033271719039	14.540973505853358	22.674060382008626	33.76463339494763	0.0
181.0	27.37430167597765	19.056486654252016	19.553072625698324	34.016139044072006	0.0
182.0	31.647940074906366	17.915106117353307	19.288389513108616	31.148564294631708	0.0
183.0	31.869510664993726	21.706398996235883	20.326223337515685	26.097867001254706	0.0
184.0	30.29728020240354	20.36685641998735	19.22833649588868	30.107526881720432	0.0
185.0	28.18066157760814	20.29262086513995	24.173027989821882	27.353689567430024	0.0
186.0	29.890955740859525	18.34509300833868	22.2578576010263	29.506093649775494	0.0
187.0	29.438347320852166	22.724338282763075	18.592640413169786	29.244673983214973	0.0
188.0	29.29358392741413	19.96111471160078	20.803629293583928	29.941672067401164	0.0
189.0	30.247718383311607	19.491525423728813	19.165580182529336	31.095176010430247	0.0
190.0	29.29226736566186	18.479685452162517	19.724770642201836	32.50327653997378	0.0
191.0	27.84726793943384	18.828176431863067	20.276497695852534	33.04805793285056	0.0
192.0	30.0132802124834	19.787516600265604	20.650730411686588	29.54847277556441	0.0
193.0	29.72427706792199	19.09885675857431	22.259583053127102	28.917283120376595	0.0
194.0	28.02160702228224	20.931802835921676	22.01215395003376	29.034436191762325	0.0
195.0	28.046289993192648	21.034717494894487	20.081688223281144	30.837304288631724	0.0
196.0	28.640109890109887	19.8489010989011	20.192307692307693	31.318681318681318	0.0
197.0	30.619345859429366	19.832985386221296	20.11134307585247	29.436325678496868	0.0
198.0	27.435530085959886	23.13753581661891	21.131805157593124	28.29512893982808	0.0
199.0	27.518796992481203	26.466165413533833	18.1203007518797	27.89473684210526	0.0
200.0	28.95204262877442	15.985790408525755	19.27175843694494	35.790408525754884	0.0
201.0	31.129807692307693	17.908653846153847	18.75	32.21153846153847	0.0
202.0	34.78787878787879	16.484848484848484	20.242424242424242	28.484848484848484	0.0
203.0	32.19927095990279	17.739975698663425	19.441069258809236	30.619684082624545	0.0
204.0	32.234432234432234	16.483516483516482	24.786324786324787	26.495726495726498	0.0
205.0	34.85221674876847	15.147783251231528	25.24630541871921	24.75369458128079	0.0
206.0	29.455445544554454	20.42079207920792	20.2970297029703	29.826732673267326	0.0
207.0	25.935162094763093	23.067331670822945	17.45635910224439	33.54114713216958	0.0
208.0	26.4669163545568	18.352059925093634	20.474406991260924	34.706616729088644	0.0
209.0	24.968632371392722	19.573400250941027	19.196988707653702	36.26097867001255	0.0
210.0	26.767676767676768	18.560606060606062	19.19191919191919	35.47979797979798	0.0
211.0	28.950695322376742	20.101137800252843	20.859671302149177	30.08849557522124	0.0
212.0	26.30241423125794	16.13722998729352	22.87166454891995	34.68869123252859	0.0
213.0	27.040816326530614	19.897959183673468	20.535714285714285	32.525510204081634	0.0
214.0	30.0	25.0	17.564102564102562	27.435897435897438	0.0
215.0	28.14910025706941	23.65038560411311	17.35218508997429	30.848329048843187	0.0
216.0	29.792746113989637	18.911917098445596	17.487046632124354	33.80829015544041	0.0
217.0	26.405228758169937	19.084967320261438	22.745098039215687	31.76470588235294	0.0
218.0	24.663072776280323	19.2722371967655	20.619946091644206	35.44474393530997	0.0
219.0	19.068413391557495	23.435225618631733	25.327510917030565	32.1688500727802	0.0
220.0	0.0	32.071269487750556	22.93986636971047	44.98886414253897	0.0
