# Position (bp)	A	C	G	T	N
0.0	56.68508287292817	11.734806629834255	16.022099447513813	15.558011049723758	0.0
1.0	15.134776844896155	56.34114007954043	14.825452938577111	13.698630136986301	0.0
2.0	18.707557502738226	52.004381161007665	10.514786418400876	18.77327491785323	0.0
3.0	56.694286960314	12.123855211513302	13.519406890536414	17.662450937636283	0.0
4.0	56.949891067538125	12.61437908496732	12.004357298474945	18.43137254901961	0.0
5.0	17.735274940230383	50.96718104759835	12.106063899152359	19.19148011301891	0.0
6.0	19.58315240990013	50.97698653929656	11.767260095527572	17.672600955275726	0.0
7.0	57.84568703944517	11.616818378846988	12.743823146944083	17.793671434763763	0.0
8.0	56.21212121212121	13.311688311688311	13.722943722943723	16.753246753246753	0.0
9.0	18.572972972972973	50.07567567567568	11.632432432432433	19.718918918918916	0.0
10.0	18.293736501079913	9.654427645788337	12.116630669546437	59.93520518358532	0.0
11.0	17.804090419806244	12.292787944025834	11.819160387513456	58.08396124865447	0.0
12.0	17.914610598583995	11.1564042051062	13.62368590431238	57.30529929199742	0.0
13.0	17.233269189651487	49.112679067778494	12.614924096643149	21.039127645926875	0.0
14.0	17.113095238095237	12.032312925170068	52.27465986394558	18.579931972789115	0.0
15.0	52.84810126582279	12.236286919831224	13.966244725738397	20.949367088607595	0.0
16.0	16.130389064143007	13.05993690851735	14.342797055730811	56.46687697160884	0.0
17.0	18.61145964031786	47.74153074027603	13.028021748222502	20.618987871183606	0.0
18.0	17.313308302044224	12.119315811430956	13.266583229036296	57.30079265748853	0.0
19.0	18.354166666666664	51.31250000000001	13.3125	17.020833333333332	0.0
20.0	17.036269430051814	13.720207253886011	13.015544041450777	56.22797927461139	0.0
21.0	17.943423497831922	12.492256865579186	14.020235391286393	55.54408424530249	0.0
22.0	17.69309989701339	10.9783728115345	50.73120494335737	20.59732234809475	0.0
23.0	18.284656519950637	13.327848621966268	12.546277252159605	55.84121760592349	0.0
24.0	55.188000821861515	10.478734333264846	12.697760427367989	21.63550441750565	0.0
25.0	20.44754670498871	11.88667624717717	47.44405666187641	20.22172038595771	0.0
26.0	56.25512715340443	11.279737489745694	10.192780968006563	22.27235438884331	0.0
27.0	17.233606557377048	13.688524590163933	10.40983606557377	58.66803278688525	0.0
28.0	17.800081933633756	48.2793936911102	10.938140106513723	22.98238426874232	0.0
29.0	20.266120777891505	9.580348004094166	10.706243602865916	59.44728761514841	0.0
30.0	18.765483071841455	11.643270024772914	48.41040462427746	21.180842279108177	0.0
31.0	18.760330578512395	10.599173553719009	12.830578512396695	57.8099173553719	0.0
32.0	19.026915113871638	10.766045548654244	12.380952380952381	57.826086956521735	0.0
33.0	19.83008702859511	48.50808122668877	11.935350186489847	19.726481558226276	0.0
34.0	19.026915113871638	12.422360248447205	13.643892339544514	54.90683229813664	0.0
35.0	18.294701986754966	48.61341059602649	11.589403973509933	21.50248344370861	0.0
36.0	18.523878437047756	11.990903452553235	12.011577424023155	57.47364068637585	0.0
37.0	55.27408637873754	13.455149501661129	11.794019933554816	19.476744186046513	0.0
38.0	55.90861889927311	12.834890965732088	10.446521287642783	20.809968847352025	0.0
39.0	56.12181479179614	12.243629583592293	10.565568676196396	21.068986948415162	0.0
40.0	17.880107861439534	48.26799419207633	12.632233976353454	21.21966397013068	0.0
41.0	18.299832495812396	10.196817420435512	50.753768844221106	20.749581239530986	0.0
42.0	56.8639798488665	11.586901763224182	13.140218303946263	18.408900083963058	0.0
43.0	56.25659421818949	12.133361468664274	12.196665963283394	19.41337834986284	0.0
44.0	20.309847198641766	49.044991511035654	11.03565365025467	19.60950764006791	0.0
45.0	28.04578904333606	13.355137639683837	15.072226764786045	43.52684655219406	0.0
46.0	29.692058346839545	17.73095623987034	19.448946515397083	33.12803889789303	0.0
47.0	29.76230331436224	17.475728155339805	19.517910947438903	33.24405758285906	0.0
48.0	29.283069673510603	18.411309323460117	18.007404914170312	34.298216088858965	0.0
49.0	27.284991568296796	20.94435075885329	19.156829679595276	32.61382799325464	0.0
50.0	25.90463307406155	21.575921542103483	18.97193101115996	33.54751437267501	0.0
51.0	29.610829103214893	18.849407783417934	16.95431472081218	34.58544839255499	0.0
52.0	29.170896785109985	17.59729272419628	19.627749576988155	33.60406091370559	0.0
53.0	32.21544715447154	19.241192411924118	20.291327913279133	28.252032520325205	0.0
54.0	28.94915254237288	22.237288135593218	18.271186440677965	30.542372881355934	0.0
55.0	30.844927044451985	16.321683067526298	20.25788937902952	32.57550050899219	0.0
56.0	26.772989480827963	20.970478452663727	19.61316593145572	32.643366135052595	0.0
57.0	30.0475866757308	17.641060503059144	20.224337185588034	32.08701563562202	0.0
58.0	28.556841388699794	18.75425459496256	19.128658951667802	33.56024506466984	0.0
59.0	26.814310051107327	19.454855195911414	22.180579216354342	31.550255536626914	0.0
60.0	28.346994535519126	18.579234972677597	20.047814207650273	33.025956284153004	0.0
61.0	29.415784079262043	18.58558250768705	21.79706183805945	30.20157157499146	0.0
62.0	28.615384615384613	20.444444444444446	21.88034188034188	29.059829059829063	0.0
63.0	34.04036948340746	16.695176188847075	20.766335956209375	28.49811837153609	0.0
64.0	29.667694415895856	18.362452894826994	21.959575196985266	30.01027749229188	0.0
65.0	28.527397260273972	19.554794520547944	22.294520547945204	29.62328767123288	0.0
66.0	28.879753340184994	16.71805412812607	22.062350119904075	32.33984241178486	0.0
67.0	29.595336076817556	17.352537722908092	19.684499314128946	33.36762688614541	0.0
68.0	25.206043956043956	19.024725274725274	21.53159340659341	34.237637362637365	0.0
69.0	25.48143053645117	19.53232462173315	23.59009628610729	31.396148555708393	0.0
70.0	28.36488812392427	20.585197934595527	19.793459552495698	31.256454388984512	0.0
71.0	27.42382271468144	21.398891966759003	18.905817174515235	32.27146814404433	0.0
72.0	26.82842287694974	18.856152512998268	20.27729636048527	34.038128249566725	0.0
73.0	27.743055555555557	19.09722222222222	19.72222222222222	33.4375	0.0
74.0	30.03472222222222	16.38888888888889	22.98611111111111	30.59027777777778	0.0
75.0	29.270833333333336	19.791666666666664	21.07638888888889	29.86111111111111	0.0
76.0	28.57142857142857	20.646506777893638	18.97810218978102	31.803962460896766	0.0
77.0	29.683698296836987	19.951338199513383	18.039624608967674	32.32533889468196	0.0
78.0	29.643854748603353	21.019553072625698	18.610335195530723	30.726256983240223	0.0
79.0	29.055944055944057	21.25874125874126	18.496503496503497	31.18881118881119	0.0
80.0	29.251224632610217	17.249825052484255	21.553533939818053	31.945416375087476	0.0
81.0	26.549912434325744	18.704028021015763	19.78984238178634	34.95621716287216	0.0
82.0	31.558669001751316	18.318739054290717	20.91068301225919	29.211908931698776	0.0
83.0	28.57142857142857	17.99719887955182	21.673669467787114	31.757703081232492	0.0
84.0	27.330063069376315	20.147161878065873	19.6916608269096	32.831114225648214	0.0
85.0	32.457062740974415	17.28005608131791	20.39957939011567	29.863301787592007	0.0
86.0	31.122807017543856	18.561403508771928	21.017543859649123	29.29824561403509	0.0
87.0	32.467532467532465	18.392418392418392	21.165321165321167	27.974727974727976	0.0
88.0	32.77133825079031	19.213206884439764	18.194590797330523	29.820864067439413	0.0
89.0	31.436599929750614	16.859852476290833	17.105725324903407	34.59782226905514	0.0
90.0	30.67463106113844	17.32255797610682	20.41461700632467	31.58819395643008	0.0
91.0	30.15817223198594	21.0896309314587	17.223198594024606	31.528998242530754	0.0
92.0	31.03448275862069	18.156228008444756	18.01548205489092	32.793807178043636	0.0
93.0	32.15921098978514	17.75272983444875	19.16167664670659	30.926382529059527	0.0
94.0	31.582657737046176	16.989777934437786	20.267888614733874	31.159675713782164	0.0
95.0	31.19492421572083	17.307014451885795	20.65562213605922	30.842439196334155	0.0
96.0	30.077574047954865	17.207334273624824	18.899858956276447	33.81523272214386	0.0
97.0	31.263232180663376	17.39590684544813	19.37191249117855	31.96894848270995	0.0
98.0	30.0	21.554770318021202	17.915194346289752	30.53003533568905	0.0
99.0	32.70862800565771	17.998585572842998	17.892503536067892	31.400282885431402	0.0
100.0	30.95997166135317	15.26744597945448	19.411973078285513	34.360609280906836	0.0
101.0	30.728241563055064	18.934280639431616	19.005328596802844	31.33214920071048	0.0
102.0	31.7012151536812	15.832737669764116	21.229449606862044	31.236597569692638	0.0
103.0	28.387096774193548	16.738351254480285	21.29032258064516	33.584229390681	0.0
104.0	28.919985647649803	17.5816289917474	20.846788661643345	32.65159669895946	0.0
105.0	28.64845434938893	18.871315600287563	19.734004313443563	32.74622573687994	0.0
106.0	30.64167267483778	18.421052631578945	19.06993511175198	31.86733958183129	0.0
107.0	30.21660649819495	19.27797833935018	17.833935018050543	32.67148014440433	0.0
108.0	33.92469225199131	17.19768283852281	17.19768283852281	31.67994207096307	0.0
109.0	28.307357738310984	20.84088437839797	19.717288872779992	31.134469010511058	0.0
110.0	28.104575163398692	21.13289760348584	18.917937545388526	31.844589687726945	0.0
111.0	29.221251819505095	18.486171761280932	20.596797671033478	31.695778748180498	0.0
112.0	25.519504192489972	18.33758658403208	22.457163689391177	33.68574553408676	0.0
113.0	28.001464128843338	19.54612005856515	18.960468521229867	33.49194729136164	0.0
114.0	28.519061583577717	18.291788856304986	20.307917888563047	32.881231671554254	0.0
115.0	28.771155261221487	18.690213392200146	18.72700515084621	33.81162619573216	0.0
116.0	28.903654485049834	18.6046511627907	18.899963086009596	33.59173126614987	0.0
117.0	30.98852276934469	18.28952239911144	18.659755646057015	32.062199185486854	0.0
118.0	26.924507251766457	17.738936407586465	20.45370026031982	34.88285608032726	0.0
119.0	23.814856289660323	21.537887271369915	26.203807390817467	28.443449048152296	0.0
120.0	28.46988402543958	20.46389824167602	21.062476618032175	30.00374111485223	0.0
121.0	29.294823705926483	18.56714178544636	18.904726181545385	33.23330832708177	0.0
122.0	30.037593984962406	18.30827067669173	21.353383458646615	30.30075187969925	0.0
123.0	32.655367231638415	17.551789077212806	19.51035781544256	30.282485875706218	0.0
124.0	29.52308856926571	19.454958364875093	20.893262679788037	30.12869038607116	0.0
125.0	29.681576952236544	18.57467778620167	19.901440485216074	31.842304776345713	0.0
126.0	30.072325846973737	19.33764750666159	19.52797868290826	31.06204796345641	0.0
127.0	28.08088515833651	20.45020984357116	21.213277375047692	30.25562762304464	0.0
128.0	31.305013394565634	17.56601607347876	19.747416762342134	31.381553769613475	0.0
129.0	31.158864159631623	18.802762854950114	16.653875671527242	33.38449731389102	0.0
130.0	30.665640631011925	19.507502885725277	15.852250865717584	33.97460561754521	0.0
131.0	29.9922898997687	20.740169622205087	18.427139552814186	30.84040092521203	0.0
132.0	29.029764205643605	19.09547738693467	23.154232701971395	28.720525705450328	0.0
133.0	28.65995352439969	21.49496514329977	19.44229279628195	30.402788536018587	0.0
134.0	25.135975135975137	21.6006216006216	21.095571095571096	32.16783216783217	0.0
135.0	27.35076082715568	18.064767850175574	19.001170503316427	35.58330081935232	0.0
136.0	25.795053003533567	17.157440125638004	22.497055359246172	34.55045151158225	0.0
137.0	28.11023622047244	17.086614173228345	20.0	34.80314960629921	0.0
138.0	28.66719242902208	17.231861198738173	20.977917981072554	33.12302839116719	0.0
139.0	28.56576862123613	18.740095087163233	19.334389857369256	33.35974643423138	0.0
140.0	27.52585521081941	17.859984089101033	20.883054892601432	33.73110580747812	0.0
141.0	31.790985241324293	18.069405664140405	18.069405664140405	32.0702034303949	0.0
142.0	31.530448717948715	15.665064102564102	19.791666666666664	33.01282051282051	0.0
143.0	33.159163987138264	18.971061093247588	17.64469453376206	30.22508038585209	0.0
144.0	31.03030303030303	18.383838383838384	18.70707070707071	31.87878787878788	0.0
145.0	27.2948822095857	18.074735987002438	20.674248578391552	33.95613322502031	0.0
146.0	28.024439918533606	19.95926680244399	18.08553971486762	33.930753564154784	0.0
147.0	29.676627097830536	17.928776094965208	18.501841997544002	33.892754809660254	0.0
148.0	25.793160280181294	21.054800164812526	20.436753193242687	32.715286361763496	0.0
149.0	29.038939519469757	20.215410107705054	17.315658657829328	33.42999171499586	0.0
150.0	29.27740863787375	18.97840531561462	18.064784053156146	33.679401993355484	0.0
151.0	29.308909242298085	20.399666944213156	19.4421315570358	30.849292256452955	0.0
152.0	28.9727463312369	20.251572327044027	16.352201257861633	34.42348008385744	0.0
153.0	32.294736842105266	17.557894736842105	19.49473684210526	30.65263157894737	0.0
154.0	29.463908822287888	17.01139721401435	20.89489235964542	32.629801604052346	0.0
155.0	30.063694267515924	19.065817409766456	17.0276008492569	33.84288747346072	0.0
156.0	31.07127614169868	16.261203585147246	19.80367050789586	32.863849765258216	0.0
157.0	31.016731016731015	18.01801801801802	19.905619905619908	31.05963105963106	0.0
158.0	29.026701119724375	21.188630490956072	17.011197243755383	32.77347114556417	0.0
159.0	34.28447903156074	14.3536532641591	19.714656290531778	31.647211413748376	0.0
160.0	25.086805555555557	19.35763888888889	22.82986111111111	32.72569444444444	0.0
161.0	29.960750109027472	17.880505887483647	20.671609245529872	31.487134757959005	0.0
162.0	30.122591943957964	18.301225919439577	19.833625218914186	31.742556917688265	0.0
163.0	29.263992948435437	17.849272807404144	17.849272807404144	35.03746143675628	0.0
164.0	30.384785493144626	15.833701901813358	22.865988500663423	30.915524104378594	0.0
165.0	30.284191829484904	17.628774422735347	22.46891651865009	29.618117229129666	0.0
166.0	27.446619217081853	19.26156583629893	21.30782918149466	31.983985765124558	0.0
167.0	28.859060402684566	18.344519015659955	21.789709172259506	31.00671140939597	0.0
168.0	28.007181328545784	18.895870736086177	19.47935368043088	33.61759425493716	0.0
169.0	26.3086642599278	18.54693140794224	19.043321299638986	36.101083032490976	0.0
170.0	31.400090620752152	16.855459900317175	17.172632532850024	34.57181694608065	0.0
171.0	29.668332576101776	18.446160835983644	17.17401181281236	34.711494775102224	0.0
172.0	29.621177544500227	19.808306709265175	16.750342309447742	33.82017343678685	0.0
173.0	28.971533516988064	17.860422405876953	19.696969696969695	33.47107438016529	0.0
174.0	29.39547761882787	20.95062298107983	18.55099215505307	31.102907245039223	0.0
175.0	28.789986091794155	19.100602688919796	20.35234121464998	31.757070004636066	0.0
176.0	28.531337698783908	19.550982226379794	19.31711880261927	32.60056127221703	0.0
177.0	27.602449364107397	23.69288742345737	17.23975506358926	31.46490814884597	0.0
178.0	27.54860123281176	20.910384068278805	22.00094831673779	29.54006638217165	0.0
179.0	25.869461648404002	18.38970938542163	22.868032396379228	32.87279656979514	0.0
180.0	30.72491598655785	15.41046567450792	20.451272203552566	33.41334613538166	0.0
181.0	27.51937984496124	19.525193798449614	19.57364341085271	33.38178294573643	0.0
182.0	31.207400194741968	18.30574488802337	20.009737098344694	30.47711781888997	0.0
183.0	29.627815866797256	21.79236043095005	21.155729676787463	27.42409402546523	0.0
184.0	28.339083292262195	21.14342040413997	19.714144898965007	30.803351404632824	0.0
185.0	26.930693069306933	21.633663366336634	22.524752475247524	28.910891089108908	0.0
186.0	29.408842523596622	18.877297565822158	22.851465474416294	28.86239443616493	0.0
187.0	31.41570785392696	21.260630315157577	16.50825412706353	30.81540770385193	0.0
188.0	29.83425414364641	20.291310899045705	21.044701155198393	28.82973380210949	0.0
189.0	29.71602434077079	19.523326572008113	19.675456389452332	31.085192697768765	0.0
190.0	29.994916115912556	17.691916624300966	20.488052872394512	31.825114387391967	0.0
191.0	28.05128205128205	20.410256410256412	19.94871794871795	31.58974358974359	0.0
192.0	30.85271317829457	19.12144702842377	20.103359173126613	29.92248062015504	0.0
193.0	30.55991627420199	18.78597592883307	19.78021978021978	30.87388801674516	0.0
194.0	28.90995260663507	21.43233280674039	21.484992101105846	28.17272248551869	0.0
195.0	28.97395002658161	20.946305156831475	18.341307814992025	31.738437001594892	0.0
196.0	27.938034188034187	20.192307692307693	20.61965811965812	31.25	0.0
197.0	29.16213275299238	19.74972796517954	20.946681175190424	30.141458106637646	0.0
198.0	28.57142857142857	22.790439132851585	21.23401889938855	27.404113396331297	0.0
199.0	27.820437093916123	23.03603071470762	18.96042528056704	30.183106910809215	0.0
200.0	27.489481065918653	16.129032258064516	20.476858345021036	35.90462833099579	0.0
201.0	31.21998078770413	17.77137367915466	18.539865513928913	32.468780019212296	0.0
202.0	36.486486486486484	18.243243243243242	18.243243243243242	27.027027027027028	0.0
203.0	33.7220602526725	17.49271137026239	20.01943634596696	28.765792031098155	0.0
204.0	32.94346978557505	18.226120857699804	25.048732943469787	23.781676413255358	0.0
205.0	33.33333333333333	17.357001972386588	23.471400394477318	25.83826429980276	0.0
206.0	28.798411122144984	21.747765640516388	19.165839126117177	30.28798411122145	0.0
207.0	27.445109780439118	20.25948103792415	18.7624750499002	33.532934131736525	0.0
208.0	27.382146439317957	17.251755265797392	19.95987963891675	35.406218655967905	0.0
209.0	23.618090452261306	19.597989949748744	21.30653266331658	35.47738693467337	0.0
210.0	26.693629929221434	18.301314459049543	19.41354903943377	35.591506572295245	0.0
211.0	28.105906313645622	18.94093686354379	22.70875763747454	30.24439918533605	0.0
212.0	29.06857727737973	15.455475946775845	22.824974411463664	32.650972364380756	0.0
213.0	28.630278063851698	20.803295571575696	18.4346035015448	32.13182286302781	0.0
214.0	30.353430353430355	25.571725571725572	17.151767151767153	26.923076923076923	0.0
215.0	31.204188481675395	21.780104712041883	17.591623036649214	29.42408376963351	0.0
216.0	30.158730158730158	19.047619047619047	17.989417989417987	32.804232804232804	0.0
217.0	25.910064239828696	16.38115631691649	24.411134903640257	33.29764453961456	0.0
218.0	25.573770491803277	17.04918032786885	20.87431693989071	36.502732240437155	0.0
219.0	19.263803680981596	21.96319018404908	26.50306748466258	32.26993865030675	0.0
220.0	0.19157088122605362	29.50191570881226	25.287356321839084	45.01915708812261	0.0
