# Position (bp)	A	C	G	T	N
0.0	22.766381519491937	27.673719004171982	34.234992634041866	15.324906842294217	0.0
1.0	23.749334587815838	23.079589487106478	13.965609022370229	39.20546690270746	0.0
2.0	26.203023330611842	21.889457928202084	16.42420643756649	35.483312303619584	0.0
3.0	19.99307427836454	24.358752380716812	13.73271661431151	41.91545672660714	0.0
4.0	34.651481989835666	11.39963645806284	13.269280706310049	40.67960084579145	0.0
5.0	37.478361936792126	13.576339086997379	24.41762698451951	24.527671991690983	0.0
6.0	32.35574129254813	16.324385810902704	22.7055230653198	28.61434983122937	0.0
7.0	35.403634565459264	17.756212139943134	20.90493262455186	25.935220670045737	0.0
8.0	19.827426353330942	30.971777533284712	22.822741151892007	26.378054961492342	0.0
9.0	27.782035750488294	18.38702499567335	13.338442900585951	40.492496353252406	0.0
10.0	25.00123615506329	16.18745055379747	27.501977848101266	31.309335443037973	0.0
11.0	27.102595797280593	17.91347342398022	18.684796044499382	36.2991347342398	0.0
12.0	24.96230193063555	20.3507774454305	22.594121573183696	32.09279905075025	0.0
13.0	25.32659341745869	22.978334219080224	17.39812880819666	34.29694355526443	0.0
14.0	31.372040140392503	18.677393840525976	20.109743437639032	29.840822581442485	0.0
15.0	29.82365081130513	17.899380862343826	19.92980634955944	32.347161976791604	0.0
16.0	30.439510200046954	17.201072518565198	18.680110217345643	33.679307064042206	0.0
17.0	29.43451241058081	18.811697698266595	19.544348212851652	32.20944167830094	0.0
18.0	32.01151342203116	16.95141385316681	18.52895032674894	32.508122398053096	0.0
19.0	30.28435199367558	18.545876772567816	20.14921685854044	31.020554375216168	0.0
20.0	30.098562323995846	17.595474531890716	18.40818141396176	33.89778173015167	0.0
21.0	29.79855990712266	16.065804587053986	20.63062729260069	33.50500821322267	0.0
22.0	28.815254844326983	18.47822059749787	20.68888861444221	32.01763594373294	0.0
23.0	29.768814681255712	16.867142539580605	20.40161039345963	32.962432385704055	0.0
24.0	31.007273311023575	17.789357997554983	18.377150195724923	32.82621849569652	0.0
25.0	28.41619125237707	18.50534686720506	19.571015781284732	33.50744609913314	0.0
26.0	31.081147824369044	16.951894107769053	20.23015755420556	31.736800513656345	0.0
27.0	29.151387191169388	17.78345742119495	20.161499425862132	32.90365596177353	0.0
28.0	29.530077044646386	17.468391939944684	20.06124061635717	32.94029039905176	0.0
29.0	29.26985851502506	18.484407022395615	18.867132521790662	33.37860194078866	0.0
30.0	29.710610138521936	17.614015160868167	18.356008790340503	34.31936591026939	0.0
31.0	29.41525088897669	19.463650730936386	20.25261754247333	30.868480837613593	0.0
32.0	29.88863372595501	17.81489986912611	19.587870706472085	32.7085956984468	0.0
33.0	30.32286751809491	17.939280156122624	20.930807045280503	30.807045280501967	0.0
34.0	29.80126724553191	18.330595457184145	20.594592591677678	31.273544705606266	0.0
35.0	30.016057312252965	17.06645256916996	18.473320158102766	34.444169960474305	0.0
36.0	30.06682064646814	17.009004112989885	19.860924125835258	33.063251114706716	0.0
37.0	27.425112716941513	19.860416280649744	19.13285158421345	33.58161941819529	0.0
38.0	29.331620489889694	18.02191286732463	20.5368281927443	32.10963845004138	0.0
39.0	29.52383305740196	18.284365810867577	19.947367120512	32.244434011218466	0.0
40.0	29.886577048532175	17.11228625086488	21.832064841356132	31.16907185924681	0.0
41.0	29.06354639022401	17.660286903982307	20.794978562514675	32.48118814327901	0.0
42.0	28.643433357629068	18.98773271399805	20.959393183193942	31.409440745178944	0.0
43.0	29.495034339641286	17.60215425663323	20.49261327140669	32.41019813231879	0.0
44.0	29.403626661396316	19.03626661396314	20.32956173723998	31.230544987400567	0.0
45.0	29.289261098347293	18.461424442303418	20.371056597247954	31.87825786210134	0.0
46.0	29.810602784744443	18.68274422109932	20.217195240977997	31.28945775317824	0.0
47.0	29.46242138947576	18.142505899650345	19.78452376539778	32.61054894547611	0.0
48.0	29.439310072155777	18.33547494316497	19.795888109123258	32.429326875556	0.0
49.0	28.117084501995475	20.20065980502391	19.558153040169028	32.12410265281159	0.0
50.0	29.636997133537612	18.562815063754076	19.487002075714145	32.31318572699417	0.0
51.0	29.938092354838314	18.321450195855522	20.21698567845095	31.523471770855217	0.0
52.0	29.6730588642317	18.54519843819503	19.885830079572976	31.895912618000295	0.0
53.0	31.30768945618999	17.320120105277464	19.340409494742307	32.03178094379023	0.0
54.0	29.61631139944393	18.09947482236639	20.275563793636085	32.0086499845536	0.0
55.0	29.41648954574663	17.816716919578866	19.53190648015422	33.23488705452029	0.0
56.0	29.657822868652918	17.690891341151467	19.423402493728606	33.22788329646701	0.0
57.0	28.47043701799486	17.718014633181728	20.74599564959462	33.06555269922879	0.0
58.0	28.8923487544484	18.694395017793592	19.45680110715698	32.95645512060103	0.0
59.0	29.885071675729115	17.668067226890756	19.660158180919428	32.786702916460705	0.0
60.0	29.72689075630252	17.60133465150766	18.991596638655462	33.680177953534354	0.0
61.0	29.867513656474777	18.25024099661369	19.85935684801147	32.022888498900066	0.0
62.0	29.294789400830535	18.885950168083845	18.821682815898754	32.99757761518687	0.0
63.0	28.176884372411575	18.825798316211102	19.961923129226474	33.03539418215085	0.0
64.0	29.045699589495026	19.919382758791233	20.19016766407834	30.844749987635396	0.0
65.0	29.940519618633065	17.790940680376423	20.00445175411478	32.26408794687573	0.0
66.0	30.712235911137498	18.810301321062788	20.28969373113651	30.187769036663205	0.0
67.0	28.72518092410466	18.197562936846662	19.844126925218035	33.233129213830644	0.0
68.0	31.64099709284345	18.209933815797612	18.765386280695243	31.3836828106637	0.0
69.0	28.633816233870668	17.065234872759213	19.978721035246377	34.32222785812374	0.0
70.0	28.12074724730917	17.19534826178399	19.763701595942102	34.92020289496474	0.0
71.0	28.800831364204328	19.26859744404993	18.972918805903678	32.95765238584207	0.0
72.0	30.621914859398004	18.217020697504672	20.51564375054125	30.645420692556076	0.0
73.0	30.45344880915558	18.173832353850912	18.56232601299103	32.81039282400248	0.0
74.0	28.73426651319942	19.865344868129554	19.439597024715653	31.960791593955374	0.0
75.0	29.953341006695627	17.244025297342787	19.771284298072995	33.03134939788859	0.0
76.0	29.329619312906217	18.857319715258434	19.524605385329618	32.28845558650573	0.0
77.0	29.28964048727345	17.266267208081608	20.96043379221551	32.483658512429436	0.0
78.0	28.88181840691312	18.530715329190087	18.48243246589249	34.10503379800431	0.0
79.0	30.930949521462974	18.201740809984276	17.928114205058996	32.93919546349375	0.0
80.0	29.240236745003838	18.460414551397935	19.034942175775736	33.264406527822494	0.0
81.0	29.853888063397722	18.31104507181773	19.843982169390788	31.991084695393756	0.0
82.0	29.28750092870056	18.91453478293172	18.715173728918497	33.08279055944922	0.0
83.0	29.604220328908266	19.422429165841095	18.79210422032891	32.18124628492174	0.0
84.0	28.67757235025324	17.823486433940534	18.807969982539348	34.69097123326688	0.0
85.0	30.3199920744997	17.957449970279374	19.054636417673866	32.66792153754706	0.0
86.0	29.504278584785325	18.2449752944236	18.196678678901808	34.054067441889266	0.0
87.0	29.890893779335453	17.912739792190422	20.893655491844896	31.302710936629225	0.0
88.0	29.79922464297658	19.837249340451095	19.091618464892182	31.271907551680144	0.0
89.0	29.152164488759524	19.74608286368985	19.827831795379947	31.273920852170683	0.0
90.0	30.482124718182497	18.806828035577137	18.591284096821344	32.11976314941902	0.0
91.0	29.389539925178997	19.099174986993038	19.569903129103388	31.941381958724573	0.0
92.0	28.053614786185026	16.980080273524603	19.92344284227739	35.04286209801298	0.0
93.0	29.923289504665835	19.331292677183896	19.348642385337016	31.396775432813257	0.0
94.0	29.874587949537762	18.283887277864526	19.5479217785709	32.29360299402681	0.0
95.0	32.05973478745817	18.075350105341432	18.27859710001239	31.586318007188	0.0
96.0	30.0557689924402	19.578634279340687	18.86107324327674	31.50452348494237	0.0
97.0	28.908360806087796	19.060307860099645	19.811367523486105	32.219963810326455	0.0
98.0	29.162638506730126	17.59376316898441	19.77020896854317	33.47338935574229	0.0
99.0	29.795619895145197	18.499560006444977	19.971989142694248	31.73283095571558	0.0
100.0	31.26606924440229	19.196974613714087	19.840992486458152	29.695963655425476	0.0
101.0	30.742831282135093	19.553220108866455	19.095628999208014	30.608319609790442	0.0
102.0	28.43651095075326	19.065704519559436	20.80263324471452	31.695151284972784	0.0
103.0	28.41742680359763	17.80442686738534	19.373604643745615	34.40454168527142	0.0
104.0	30.98535406138693	17.44139695765665	18.81083722305803	32.76241175789839	0.0
105.0	29.50379799341508	18.034635625955982	19.753454488891194	32.708111891737744	0.0
106.0	29.83419634918144	18.038338825252367	20.5436999843088	31.583764841257388	0.0
107.0	30.021609655826705	17.94392030780583	19.676645759763876	32.357824276603594	0.0
108.0	29.06008999561968	18.64289791204853	20.855622071492093	31.441390020839695	0.0
109.0	28.499973252019473	18.51628952014123	20.149253731343283	32.83448349649601	0.0
110.0	29.879813192285432	17.805951467678767	20.881280198113082	31.43295514192272	0.0
111.0	29.276516228622494	18.567114866420226	20.874463446669644	31.281905458287635	0.0
112.0	29.67127320304195	18.197181562951453	19.57232807261428	32.55921716139232	0.0
113.0	30.610564453044585	19.08545706561269	18.68060987827137	31.62336860307135	0.0
114.0	30.72701383800821	17.070102437203644	19.808673293058877	32.39421043172926	0.0
115.0	28.168445100716017	18.378235310506227	21.459616081130026	31.99370350764773	0.0
116.0	29.904336465927766	18.264570778372455	18.707067301614057	33.12402545408572	0.0
117.0	30.422886630091156	16.144260621783694	22.096995988034987	31.335856760090163	0.0
118.0	30.866665714652918	17.453268025190283	19.823782255415768	31.85628400474103	0.0
119.0	31.217152154818645	17.957062016731705	18.620858471684258	32.204927356765396	0.0
120.0	30.71804462227635	17.695240580466518	18.27512721262993	33.311587584627205	0.0
121.0	30.47922203078001	18.265046870893322	19.36454165814911	31.891189440177552	0.0
122.0	29.26262537133445	18.40789434983382	19.774111003264803	32.55536927556693	0.0
123.0	29.134488534455922	19.272786564487202	19.6433600640351	31.949364837021776	0.0
124.0	28.194089421050272	18.305753621238622	19.618219053171295	33.88193790453982	0.0
125.0	28.827498945592577	18.64794842441405	19.306199915647408	33.21835271434597	0.0
126.0	30.552011179973267	18.030744926479525	18.36037185563252	33.056872037914694	0.0
127.0	29.774712643678157	17.621455938697316	20.19770114942529	32.406130268199234	0.0
128.0	30.230652691463376	18.241968895897102	19.582289830875304	31.945088581764214	0.0
129.0	28.957378480341724	16.457768216256667	22.69666074268076	31.888192560720857	0.0
130.0	30.36522504400302	18.979444304752327	18.27382449082223	32.38150616042243	0.0
131.0	29.696921612186607	17.410345921929547	18.782926055220564	34.10980641066328	0.0
132.0	30.172082906857728	17.694472876151483	20.74270726714432	31.39073694984647	0.0
133.0	30.3116330085812	17.347893412478225	19.493193109232855	32.84728046970773	0.0
134.0	30.963690786048932	16.68239198334201	20.920093701197292	31.433823529411764	0.0
135.0	30.99018996686243	16.248892680206044	20.797926441156207	31.962990911775318	0.0
136.0	29.115580886738684	18.977400755517266	19.394923454171913	32.512094903572134	0.0
137.0	29.882507185719327	17.914712655270367	20.883129107626107	31.319651051384195	0.0
138.0	29.70646656367248	17.35735021985298	19.511739639746704	33.42444357672784	0.0
139.0	29.378920521127732	19.423381815675192	20.312607706624387	30.885089956572685	0.0
140.0	29.831910771325337	18.311776718856365	19.139131800806407	32.71718070901189	0.0
141.0	31.170317672747768	17.332887229696414	19.26287243783898	32.23392265971684	0.0
142.0	29.298074363297545	17.527730943295765	20.743632975419292	32.4305617179874	0.0
143.0	29.44105163243011	18.6077332234898	19.86496409191038	32.08625105216971	0.0
144.0	31.125696101829753	16.579879945035074	21.421855789397558	30.87256816373761	0.0
145.0	30.66411238825032	18.918080642218573	19.844918810436052	30.572888159095058	0.0
146.0	30.752644576314918	17.640337621171355	19.708083004680994	31.89893479783274	0.0
147.0	28.743862520458265	18.96481178396072	20.168129742597827	32.12319595298319	0.0
148.0	30.690575542272846	17.969249276342993	20.420284951693546	30.919890229690612	0.0
149.0	30.45196344776488	18.749168835609932	19.984041643710697	30.814826072914492	0.0
150.0	29.88730450781969	17.95653173873045	20.106945722171112	32.04921803127875	0.0
151.0	29.6103443603492	17.66903466831846	21.621726253847196	31.09889471748514	0.0
152.0	28.822495606326886	17.775825034173014	19.615309509861355	33.786369849638746	0.0
153.0	30.14694295619288	18.27135203277655	20.361251181846832	31.220453829183736	0.0
154.0	30.802826967362822	17.595092511712856	19.99722067815453	31.604859842769795	0.0
155.0	31.588953372023216	17.530518310986594	19.88593155893536	30.994596758054833	0.0
156.0	29.891973750630996	18.439172135285208	19.262998485613327	32.40585562847047	0.0
157.0	31.44348819186687	17.336949871517724	19.60476404127748	31.614797895337926	0.0
158.0	28.52136628805838	20.64274082166931	19.81612417802148	31.01976871225083	0.0
159.0	31.33840224976565	16.946151442558065	19.72711175919175	31.98833454848453	0.0
160.0	30.462573591253157	17.792262405382676	19.814970563498736	31.930193439865434	0.0
161.0	28.90583512118444	18.310427597340528	19.99490196911443	32.7888353123606	0.0
162.0	30.59618271499035	18.069912073772247	18.668239330902853	32.66566588033455	0.0
163.0	30.13829073517	16.9173501850369	19.581448698249183	33.36291038154392	0.0
164.0	31.2637951004174	17.517865337966303	19.81031054000306	31.40802902161323	0.0
165.0	28.64291697896918	18.65878929500463	19.899916229443146	32.79837749658304	0.0
166.0	30.655080213903744	18.03921568627451	20.19385026737968	31.111853832442065	0.0
167.0	30.082581400058505	19.11973177921289	18.99147183906753	31.80621498166108	0.0
168.0	30.976553608012747	17.017983155019348	19.07580241292966	32.929660824038244	0.0
169.0	30.343542189189808	18.288501806300193	20.497480383810025	30.87047562069997	0.0
170.0	32.632117841435324	16.83382589067554	21.55539524817909	28.97866101971005	0.0
171.0	30.45113665749818	17.798622375813995	20.182429414392175	31.567811552295648	0.0
172.0	29.839054265774106	19.106964819826235	19.396572188197315	31.657408726202345	0.0
173.0	30.608474494937376	19.78021978021978	17.589615624550124	32.02169010029272	0.0
174.0	30.514759342736657	17.616693325578016	19.974795211090107	31.89375212059522	0.0
175.0	28.983059146102626	19.628867998433215	18.701037994516255	32.687034860947904	0.0
176.0	30.044000593266425	17.476640134473723	21.46882879319721	31.010530479062638	0.0
177.0	31.358684789126524	17.82180691585049	19.923046172296623	30.896462122726366	0.0
178.0	28.991915108640725	18.744315310763014	19.86609398686205	32.397675593734206	0.0
179.0	29.998210130660464	18.279679869083843	20.27154874836994	31.450561251885755	0.0
180.0	29.077720207253886	18.746113989637305	19.370466321243523	32.80569948186528	0.0
181.0	32.03801921966077	17.23205377303996	20.406448563776717	30.323478443522557	0.0
182.0	30.68326608621788	17.801019324697386	19.9033765130601	31.61233807602463	0.0
183.0	29.8974331435936	18.14788959295457	20.064976909032328	31.889700354419503	0.0
184.0	30.721403165811406	17.726914827183624	18.859113246993022	32.692568760011945	0.0
185.0	29.193517426714564	20.130528971398796	20.166177640058137	30.5097759618285	0.0
186.0	31.209608076997753	18.550467367486757	19.53790253238288	30.702022023132606	0.0
187.0	28.23763709292867	19.07660374183052	19.901265041653808	32.784494123586995	0.0
188.0	30.949539720422774	18.050346630298897	19.667007614501646	31.33310603477668	0.0
189.0	29.506924889374176	17.685765185908856	21.60220676972588	31.205103154991093	0.0
190.0	29.09969718145819	19.49685534591195	20.041346377824365	31.362101094805496	0.0
191.0	29.972880556538144	17.854616200919704	19.534842589317297	32.637660653224856	0.0
192.0	28.804120007186057	18.62087550152704	20.30361099467034	32.27139349661656	0.0
193.0	30.56362029790457	18.3981317849028	19.149204746276194	31.889043170916437	0.0
194.0	31.422559459287125	17.920678441624688	20.241662947140217	30.41509915194797	0.0
195.0	31.414457753527262	17.512026603816228	19.64291479675847	31.430600845898038	0.0
196.0	29.794957323653488	18.4800026161745	19.631119395663692	32.093920664508325	0.0
197.0	30.14260662409423	18.740694173311716	18.800251464116734	32.316447738477315	0.0
198.0	30.26342383615172	17.79626760088931	21.09074984841339	30.849558714545577	0.0
199.0	29.740412349108002	18.555709860057686	19.549193462236943	32.15468432859737	0.0
200.0	30.399826945956665	18.16706925767026	18.927785989833072	32.50531780654	0.0
201.0	31.161535094119365	16.551145483729755	19.356486210418794	32.930833211732086	0.0
202.0	30.604136496973748	18.915005012810514	20.433700939437824	30.047157550777914	0.0
203.0	30.19090730171226	18.787640228301516	18.795512694351505	32.225939775634714	0.0
204.0	31.00549756991475	19.237510955302366	19.504421958409687	30.252569516373196	0.0
205.0	32.570990642142625	18.31235882542756	18.55840593739916	30.558244595030654	0.0
206.0	30.742497342382862	18.914056750347534	19.895330771117834	30.44811513615177	0.0
207.0	29.381528768031835	18.43392472226828	20.69308572376057	31.491460785939314	0.0
208.0	31.640509950772078	18.59300711069971	19.093701350612193	30.67278158791602	0.0
209.0	30.03027331258261	18.360124504327803	19.24274080075044	32.366861382339145	0.0
210.0	29.724358420461417	17.78709064201158	21.887151127624644	30.601399809902357	0.0
211.0	29.43043554928584	20.36236995238935	20.891377182154823	29.31581731616999	0.0
212.0	30.108282941920965	19.38780293442085	19.767496367130736	30.736417756527445	0.0
213.0	30.013324450366426	18.830303607119063	18.958789378509564	32.197582564004954	0.0
214.0	29.772295089960505	18.39680140426154	19.123311716807258	32.707591788970696	0.0
215.0	31.642071231162326	18.720342076445743	20.201282786671534	29.436303905720397	0.0
216.0	30.20437793165066	16.24972079517534	21.884074156801432	31.66182711637257	0.0
217.0	29.842256494458454	18.27830880197033	20.606344924646688	31.27308977892453	0.0
218.0	29.981288102855075	19.031810225146376	20.607231242832135	30.379670429166417	0.0
219.0	29.70374036625893	19.437177402248462	21.0634236017818	29.795658629710807	0.0
220.0	31.867153414655863	16.864037040334786	20.93313151099635	30.335678034012997	0.0
221.0	30.532026268202152	17.997525459217663	22.090035214618826	29.38041305796136	0.0
222.0	29.437652811735944	19.34474327628362	20.254278728606355	30.963325183374085	0.0
223.0	26.645318021201415	21.565812720848058	21.643109540636043	30.145759717314487	0.0
224.0	29.3986013986014	19.51048951048951	19.594405594405593	31.496503496503497	0.0
225.0	28.956808724350697	17.735686612139475	22.427894963409383	30.879609700100445	0.0
226.0	30.013106159895152	20.343672637250616	19.83398864132809	29.809232561526137	0.0
227.0	29.74936971674329	16.772949725641407	18.834346729942162	34.643333827673146	0.0
228.0	29.46670683940946	17.429948779752937	23.50105453449834	29.602289846339257	0.0
229.0	28.309284818067752	19.6831869510665	17.503136762860727	34.50439146800502	0.0
230.0	31.34431916738942	16.65221162185603	19.7398091934085	32.263660017346055	0.0
231.0	29.32508641076951	17.482263052574133	20.57485901400764	32.617791522648716	0.0
232.0	33.61860873381611	13.978494623655912	20.254553434276936	32.14834320825104	0.0
233.0	28.945554789800138	18.860555938433265	22.237537330576615	29.956351941189986	0.0
234.0	26.785714285714285	21.99404761904762	23.035714285714285	28.18452380952381	0.0
235.0	31.8854415274463	16.94510739856802	22.95942720763723	28.21002386634845	0.0
236.0	25.62733582487987	21.836625734116392	19.754404698344903	32.78163374265883	0.0
237.0	26.42777155655095	20.156774916013436	25.41993281075028	27.99552071668533	0.0
238.0	29.028571428571425	20.114285714285714	16.34285714285714	34.51428571428571	0.0
239.0	26.877934272300468	19.248826291079812	19.131455399061036	34.74178403755869	0.0
240.0	30.252100840336134	18.367346938775512	18.847539015606245	32.53301320528211	0.0
241.0	32.51231527093596	16.748768472906402	19.58128078817734	31.157635467980292	0.0
242.0	30.78848560700876	18.89862327909887	21.65206508135169	28.660826032540676	0.0
243.0	30.217669654289374	17.92573623559539	17.41357234314981	34.44302176696543	0.0
244.0	26.385224274406333	21.767810026385224	21.63588390501319	30.21108179419525	0.0
245.0	24.88619119878604	21.547799696509866	18.968133535660094	34.59787556904401	0.0
246.0	36.41975308641975	16.049382716049383	18.82716049382716	28.703703703703702	0.0
247.0	38.21656050955414	18.152866242038215	20.382165605095544	23.248407643312103	0.0
248.0	35.526315789473685	17.434210526315788	19.078947368421055	27.960526315789476	0.0
249.0	29.310344827586203	18.620689655172416	25.862068965517242	26.20689655172414	0.0
250.0	19.62025316455696	19.62025316455696	25.949367088607595	34.810126582278485	0.0
