# Position (bp)	A	C	G	T	N
0.0	29.2003652491521	25.019566918862512	15.412209757370206	30.367858074615185	0.0
1.0	27.45458059528411	20.042520293776576	15.42004896276253	37.08285014817678	0.0
2.0	27.915126800050977	19.185676054543137	18.634510003823117	34.26468714158277	0.0
3.0	25.903274369589763	21.17990214527663	15.757119558399197	37.15970392673441	0.0
4.0	33.85807479097118	14.198646289547028	16.786622155523567	35.156656763958225	0.0
5.0	34.42370424066691	16.141113930167936	22.526277636824936	26.908904192340223	0.0
6.0	31.90403723928028	18.13624563602184	19.583445230209172	30.376271894488703	0.0
7.0	31.732048363733114	18.272385963875013	19.89534986844828	30.1002158039436	0.0
8.0	24.563923660989122	23.429392278150743	21.21309841400135	30.793585646858784	0.0
9.0	29.18132906790752	17.98749454704086	17.295332266976878	35.53584411807474	0.0
10.0	28.466204506065857	16.98151357596765	22.44367417677643	32.10860774119006	0.0
11.0	29.11069009071076	18.529681938224826	20.068320128602597	32.29130784246182	0.0
12.0	27.88434092595764	19.70086201975224	20.286007878061312	32.12878917622881	0.0
13.0	28.50286817742943	19.867098313170896	18.85613676378713	32.77389674561254	0.0
14.0	30.695362367960232	18.1381686719765	20.137829746370674	31.028639213692593	0.0
15.0	29.8612671309818	18.49022691529993	19.18950797573579	32.45899797798247	0.0
16.0	29.729880722925223	17.707198525098466	19.134612698678737	33.42830805329758	0.0
17.0	30.54157047091875	18.775555617368084	19.693471669772748	30.989402241940418	0.0
18.0	30.978697470844068	18.18886949777002	18.5406797972243	32.29175323416161	0.0
19.0	30.19159200551344	18.070296347346655	18.847691247415575	32.89042039972433	0.0
20.0	29.979398434281006	18.055212196126906	19.868149979398435	32.09723939019366	0.0
21.0	29.773019740985134	18.415792788106124	19.10303096678805	32.70815650412069	0.0
22.0	29.66420966420966	17.911547911547913	19.467649467649466	32.95659295659296	0.0
23.0	29.918066254729563	18.17241473174184	20.072406565587826	31.83711244794077	0.0
24.0	30.308214528173792	18.720977596741346	18.742701968771218	32.22810590631365	0.0
25.0	30.31371166725414	18.13942138228356	18.92031127138635	32.62655567907595	0.0
26.0	30.113959342771295	18.062961860162954	20.19597758709363	31.627101209972118	0.0
27.0	29.821052062496623	18.58950100016219	19.159863761691085	32.42958317565011	0.0
28.0	29.69724795419559	18.340670321657168	19.164393550652225	32.79768817349502	0.0
29.0	30.141422865162475	18.4038648386052	19.656158911799633	31.798553384432687	0.0
30.0	29.868832991471443	18.58199287487855	19.235129007880815	32.31404512576919	0.0
31.0	29.968420200275308	17.933007638532754	19.355448190234554	32.743123970957384	0.0
32.0	30.2928870292887	18.466729653124577	19.813740045890132	31.426643271696587	0.0
33.0	30.31718180591173	18.19678769064651	19.138885139694967	32.34714536374679	0.0
34.0	29.612633283843977	18.277770279389934	19.19287353219058	32.916722904575515	0.0
35.0	29.9454702515927	17.957024079473058	19.768383543893748	32.32912212504049	0.0
36.0	29.852599751633278	18.622104637978513	19.072944225473787	32.45235138491442	0.0
37.0	29.601728095045228	18.277305251788846	19.59227757526664	32.52868907789929	0.0
38.0	29.68104356280552	18.464903988981014	20.20957679531153	31.64447565290194	0.0
39.0	30.340114001674905	18.22946213901721	19.385687657022448	32.044736202285435	0.0
40.0	30.020810248371667	18.034647712223993	19.383259911894275	32.56128212751007	0.0
41.0	29.82266435986159	18.26340830449827	20.409818339100347	31.50410899653979	0.0
42.0	29.938613807836877	18.81067632980881	19.100029746612943	32.150680115741366	0.0
43.0	29.592250872588544	18.171487323791226	19.997835439270542	32.238426364349685	0.0
44.0	29.714734221067445	18.59369925300422	20.139114431092345	31.552452094835985	0.0
45.0	29.791266210033303	18.764382597395564	19.354576711698297	32.08977448087284	0.0
46.0	29.54256154700322	17.847953849903853	19.318581913712322	33.2909026893806	0.0
47.0	29.46484216230863	18.39317165695705	20.067741498441947	32.074244682292374	0.0
48.0	30.121461880490187	18.46057911289448	18.82116907059972	32.59678993601562	0.0
49.0	29.894725417842416	18.146299110049924	19.42967223789885	32.52930323420881	0.0
50.0	29.723783915912982	18.5067492327331	20.15535457236753	31.614112278986394	0.0
51.0	30.122382376937722	18.672831112319827	18.931193908077237	32.27359260266522	0.0
52.0	29.98829007924621	17.77729364668718	19.69172952806296	32.54268674600365	0.0
53.0	30.273277695958107	18.084874270441283	20.201276386843396	31.440571646757213	0.0
54.0	29.95575462937674	18.572130878898783	18.984541432239034	32.48757305948544	0.0
55.0	29.43573753453133	18.270835042805174	19.299253302699597	32.9941741199639	0.0
56.0	30.058896041638132	17.986577181208055	20.24106286810026	31.71346390905355	0.0
57.0	29.643954355935925	18.4551239850779	19.47553214834321	32.425389510642965	0.0
58.0	30.310937757512495	17.37625666098995	19.329231445366148	32.9835741361314	0.0
59.0	29.926826584507044	18.16956426056338	20.218970070422536	31.684639084507044	0.0
60.0	30.07580978635424	18.5223983459683	19.746381805651275	31.655410062026192	0.0
61.0	29.69289880310695	18.274041518091604	19.222157724521104	32.81090195428034	0.0
62.0	29.808225252189334	18.362709234009532	20.180689502272475	31.648376011528654	0.0
63.0	29.979157982492705	18.413227733777962	19.258024176740307	32.34959010698903	0.0
64.0	29.520943064961124	18.128361619708496	19.32112699607056	33.029568319259816	0.0
65.0	29.454159450248618	18.174199675959553	20.543047097603218	31.82859377618861	0.0
66.0	30.251912461120295	18.370835318183094	19.273124667245774	32.10412755345084	0.0
67.0	29.673015337940335	18.39710096072813	18.94207539749424	32.9878083038373	0.0
68.0	30.049815653936	17.99273873518899	19.957220455376994	32.000225155498015	0.0
69.0	29.98194029008409	18.229019696371125	19.3267114396975	32.46232857384728	0.0
70.0	29.667714795614852	17.727543129089828	19.735984816294156	32.868757259001164	0.0
71.0	29.938333001790333	18.326749836596665	19.98920117082043	31.74571599079258	0.0
72.0	30.386897968500342	18.346267975348095	19.051015749828807	32.21581830632276	0.0
73.0	29.895902038943532	17.825700438760002	19.583608155774137	32.69478936652233	0.0
74.0	29.76516352110647	18.40945108773952	20.244921481054604	31.58046391009941	0.0
75.0	29.99334509996817	18.410925609791384	19.264488874743208	32.331240415497234	0.0
76.0	29.472583643122675	17.919377323420075	19.92332713754647	32.68471189591078	0.0
77.0	29.89447294776119	18.210704291044777	20.5078125	31.387010261194032	0.0
78.0	30.09419060434096	18.425671327443983	19.218393494412915	32.26174457380214	0.0
79.0	29.522299539035203	18.215449660882584	19.301799817962948	32.96045098211927	0.0
80.0	29.69961383132388	18.550835716180764	19.912743566311942	31.836806886183417	0.0
81.0	30.081156329601328	18.55044132456608	19.053965997275043	32.31443634855755	0.0
82.0	30.119728377412436	17.905646890636167	19.09697402906838	32.87765070288301	0.0
83.0	29.714593752807644	18.202509658291156	19.960468389685843	32.122428199215356	0.0
84.0	30.09492240470092	17.950881422329363	19.12912460448998	32.825071568479736	0.0
85.0	29.88868330856259	17.844035305893417	19.284782674633746	32.98249871091025	0.0
86.0	30.22517849514859	17.703057301519497	20.324037346677244	31.74772685665467	0.0
87.0	30.211656441717793	18.475460122699385	19.32515337423313	31.987730061349694	0.0
88.0	30.135381009652452	17.79072994726617	19.702716871742684	32.3711721713387	0.0
89.0	30.46606096313064	18.02226425625601	20.20837855437378	31.303296226239574	0.0
90.0	29.711025904797534	18.47314442470152	19.34598958820412	32.46984008229683	0.0
91.0	29.804585803456607	18.195790596279913	19.419089739970516	32.58053386029297	0.0
92.0	30.078605928591724	18.215108753985543	19.856678347065696	31.84960697035704	0.0
93.0	30.34669211195929	18.056615776081426	19.46882951653944	32.12786259541985	0.0
94.0	29.801133634354887	18.09972139494668	19.75533993018862	32.343805040509814	0.0
95.0	30.64339184305627	18.033686112545173	19.805110996386162	31.51781104801239	0.0
96.0	29.87688009615697	18.542702140791995	19.094955007634084	32.48546275541695	0.0
97.0	29.98134145143867	17.91875347801892	19.637304003404367	32.46260106713804	0.0
98.0	30.517019804264013	17.840313704814314	20.522621675948198	31.120044814973475	0.0
99.0	30.0683069169043	18.857351283241595	19.016513031368127	32.057828768485976	0.0
100.0	30.14045974710573	17.639208621092315	19.157241517365627	33.06309011443633	0.0
101.0	29.727187206020695	18.226716839134525	20.118263674237333	31.927832280607443	0.0
102.0	29.876685412290804	18.32441222305034	19.181516362897217	32.61738600176164	0.0
103.0	29.809501008926432	17.729744519306408	19.641574609254764	32.8191798625124	0.0
104.0	30.38136324417601	17.77739430543572	20.020707506471098	31.820534943917174	0.0
105.0	29.61078783232865	18.54768458831318	19.129586396738564	32.711941182619604	0.0
106.0	29.90394426656346	17.45188417015587	19.812814468174942	32.83135709510574	0.0
107.0	30.144628833374792	17.735688141857075	20.0810205749618	32.03866244980633	0.0
108.0	29.45033682098323	18.535903683531604	19.517701017629356	32.49605847785581	0.0
109.0	29.351400180668474	17.46341463414634	20.086720867208673	33.098464317976514	0.0
110.0	29.328815041539137	18.10231744643638	20.79871738813584	31.770150123888648	0.0
111.0	29.431647011278887	18.6046511627907	19.534148940078623	32.42955288585179	0.0
112.0	29.703374119391917	17.741935483870968	19.50685947348906	33.04783092324806	0.0
113.0	30.29180695847363	18.00972689861579	20.11971567527123	31.578750467639356	0.0
114.0	29.88588270858525	18.092503022974608	19.25256952841596	32.769044740024185	0.0
115.0	30.238158951030236	17.4012768072174	19.70641079551971	32.654153446232655	0.0
116.0	30.533967443838687	17.79762595213239	20.013146193403706	31.655260410625218	0.0
117.0	30.201605010765313	17.772558230573498	19.377568995889607	32.64826776277158	0.0
118.0	30.006724417546778	18.013527945888217	19.540366282979313	32.439381353585695	0.0
119.0	30.450436034882788	17.71741739339147	19.793583486678934	32.0385630850468	0.0
120.0	30.469728179651845	17.908639282685083	19.188981784401633	32.43265075326144	0.0
121.0	29.84143806301716	18.15513797741817	19.463579668202012	32.539844291362655	0.0
122.0	29.73184495613132	18.23948593318779	20.171355604069696	31.857313506611195	0.0
123.0	29.705735245081694	18.48532844281427	18.88962987662554	32.91930643547849	0.0
124.0	29.73850695908899	17.903838043019825	19.33361450864614	33.024040489245046	0.0
125.0	30.119037423995888	18.08255545088636	19.808169906654104	31.990237218463648	0.0
126.0	29.80477223427332	18.316702819956614	19.592190889370933	32.28633405639913	0.0
127.0	29.982844323230545	17.476795847446443	19.52667927682224	33.013680552500766	0.0
128.0	30.017397510817684	18.07556764955168	20.323861355221485	31.583173484409155	0.0
129.0	30.012667390517556	18.50343829171191	18.946796959826276	32.53709735794426	0.0
130.0	29.736540664375717	17.539518900343644	19.702176403207332	33.02176403207331	0.0
131.0	29.78298248059854	17.937636507272643	20.58181142246387	31.697569589664948	0.0
132.0	30.29231494578029	18.151815181518153	19.27864214992928	32.27722772277228	0.0
133.0	29.76372680313755	17.98354696766788	19.977998852114023	32.274727377080545	0.0
134.0	30.36191401505951	17.483604566431868	20.340053436968667	31.814427981539957	0.0
135.0	29.689195855944746	18.31771090281204	19.60039467192896	32.39269856931426	0.0
136.0	29.644506929102228	17.764611367744525	19.988953605141592	32.60192809801165	0.0
137.0	29.636252171247573	17.783794829876367	21.717584550934912	30.862368447941147	0.0
138.0	29.68717522344627	18.883807940137185	20.016628559551027	31.412388276865517	0.0
139.0	30.75339211234887	17.918800485718812	19.51850483079035	31.809302571141966	0.0
140.0	29.15660063348902	20.17501476351533	19.49857733397756	31.16980726901809	0.0
141.0	31.659305305632806	16.74028027700529	19.608484650199028	31.991929767162873	0.0
142.0	29.235382308845576	18.97939918929424	22.710866788827808	29.07435171303237	0.0
143.0	28.02897402523909	18.47094108992134	19.659328843868483	33.84075604097108	0.0
144.0	28.785079108442087	18.39704353851484	19.00334911652616	33.814528236516914	0.0
145.0	27.285097320002365	18.91971839318464	18.541087380938297	35.2540969058747	0.0
146.0	32.122684482235044	15.863953841481932	18.71849377467355	33.29486790160948	0.0
147.0	33.501386438114444	16.296949836148222	21.351146962440133	28.8505167632972	0.0
148.0	31.517200238616027	16.45787764300391	21.10426194737191	30.92066017100815	0.0
149.0	33.8098016336056	13.776254375729287	21.915110851808635	30.498833138856472	0.0
150.0	29.337948939852875	14.487234963219386	24.482907832107312	31.691908264820423	0.0
