# Position (bp)	A	C	G	T	N
0.0	62.23214285714286	8.839285714285715	11.830357142857142	17.098214285714285	0.0
1.0	9.732142857142858	61.473214285714285	19.955357142857146	8.839285714285715	0.0
2.0	13.742819266460451	62.92532037118869	11.400795404330534	11.931064958020327	0.0
3.0	67.12208021154694	8.946672542970472	8.594094314676068	15.337152930806521	0.0
4.0	69.60352422907489	9.911894273127754	6.960352422907488	13.524229074889869	0.0
5.0	14.694236691597009	58.68895732512098	12.934447866256049	13.682358117025956	0.0
6.0	20.765508139023318	56.84117905851298	7.743070831500221	14.650241970963485	0.0
7.0	65.84615384615384	8.527472527472527	13.582417582417584	12.043956043956044	0.0
8.0	64.94076349275998	12.593242650285214	10.223782360684512	12.242211496270293	0.0
9.0	12.286090390522158	56.91092584466871	9.433962264150944	21.369021500658185	0.0
10.0	15.131578947368421	6.447368421052632	13.157894736842104	65.26315789473685	0.0
11.0	11.919368974583698	12.00701139351446	13.672217353198949	62.40140227870289	0.0
12.0	14.816433566433568	7.561188811188811	9.833916083916083	67.78846153846155	0.0
13.0	11.993022241604885	58.787614478848674	10.161360662887049	19.058002616659397	0.0
14.0	12.788168769030014	9.656372335798173	62.07046541974771	15.484993475424098	0.0
15.0	58.60726643598616	8.996539792387544	10.59688581314879	21.79930795847751	0.0
16.0	13.693304535637148	8.207343412526997	15.161987041036717	62.93736501079914	0.0
17.0	15.560344827586206	55.30172413793103	9.612068965517242	19.525862068965516	0.0
18.0	11.843238587424635	12.790697674418606	9.905254091300602	65.46080964685615	0.0
19.0	14.75268817204301	61.33333333333333	11.827956989247312	12.086021505376344	0.0
20.0	12.032660077352816	15.083798882681565	12.806188225182638	60.077352814782984	0.0
21.0	13.416202314616374	14.102014573510502	9.515645092156022	62.9661380197171	0.0
22.0	12.654980761008977	9.876015391192817	56.73364685763147	20.735356990166736	0.0
23.0	13.017498932991892	10.157917200170722	9.048228766538626	67.77635510029876	0.0
24.0	61.7157490396927	7.212974818608621	13.401621852326079	17.6696542893726	0.0
25.0	18.779342723004692	8.151941954758858	55.39906103286385	17.6696542893726	0.0
26.0	64.3344709897611	8.148464163822526	11.006825938566553	16.510238907849832	0.0
27.0	11.390784982935154	14.633105802047783	11.04948805460751	62.92662116040956	0.0
28.0	18.06561567959097	57.47763101832126	7.456327226246271	17.0004260758415	0.0
29.0	15.551768214742223	7.541542394546228	7.285896889646357	69.62079250106518	0.0
30.0	17.732310315430517	8.184143222506394	55.49872122762148	18.584825234441603	0.0
31.0	18.208955223880597	6.823027718550106	11.599147121535182	63.36886993603411	0.0
32.0	17.36348122866894	8.276450511945391	9.00170648464164	65.35836177474403	0.0
33.0	18.550106609808104	55.13859275053304	8.272921108742004	18.038379530916846	0.0
34.0	13.617021276595745	12.978723404255318	12.553191489361701	60.851063829787236	0.0
35.0	15.554611134721632	59.15852103697408	8.07479813004675	17.212069698257544	0.0
36.0	13.084112149532709	11.172472387425659	8.963466440101953	66.77994902293968	0.0
37.0	58.72611464968153	14.94692144373673	12.229299363057326	14.097664543524417	0.0
38.0	60.424628450106155	9.214437367303608	7.048832271762208	23.312101910828027	0.0
39.0	62.32498939329656	9.461179465422147	7.891387356809504	20.322443784471787	0.0
40.0	17.629566694987258	54.71537807986407	12.192013593882752	15.46304163126593	0.0
41.0	15.112540192926044	12.586127698667893	54.29490124023886	18.006430868167204	0.0
42.0	63.561266636071586	8.811381367599816	9.637448370812299	17.989903625516295	0.0
43.0	63.97430013767783	10.325837540156035	9.775126204681046	15.924736117485086	0.0
44.0	19.54921803127875	55.74977000919963	8.463661453541858	16.237350505979762	0.0
45.0	33.68078175895766	14.723127035830618	12.052117263843648	39.54397394136808	0.0
46.0	24.512534818941504	12.883008356545961	22.841225626740947	39.76323119777159	0.0
47.0	25.179856115107913	22.22222222222222	22.142286171063148	30.455635491606714	0.0
48.0	32.48	15.840000000000002	17.2	34.48	0.0
49.0	24.64	24.8	22.720000000000002	27.839999999999996	0.0
50.0	23.76	33.28	14.56	28.4	0.0
51.0	27.439999999999998	22.64	16.24	33.68	0.0
52.0	36.30522088353413	14.698795180722893	19.919678714859437	29.076305220883537	0.0
53.0	35.26104417670683	15.582329317269075	23.132530120481928	26.024096385542165	0.0
54.0	37.30484798685292	19.145439605587512	15.694330320460148	27.85538208709942	0.0
55.0	27.937551355792934	28.512736236647495	16.35168447000822	27.198027937551355	0.0
56.0	26.913580246913583	17.77777777777778	16.790123456790123	38.51851851851852	0.0
57.0	33.49794238683128	15.802469135802468	18.68312757201646	32.01646090534979	0.0
58.0	35.1440329218107	15.967078189300413	19.25925925925926	29.629629629629626	0.0
59.0	23.950617283950617	15.637860082304528	20.329218106995885	40.08230452674897	0.0
60.0	24.279835390946502	16.049382716049383	29.46502057613169	30.205761316872426	0.0
61.0	26.77100494233937	15.074135090609555	27.677100494233937	30.477759472817134	0.0
62.0	22.652388797364086	17.54530477759473	18.616144975288304	41.18616144975288	0.0
63.0	27.160493827160494	19.09465020576132	19.670781893004115	34.074074074074076	0.0
64.0	25.53542009884679	17.380560131795715	26.606260296540363	30.477759472817134	0.0
65.0	24.649629018961253	16.24072547403133	23.57790601813685	35.53173948887057	0.0
66.0	27.86479802143446	24.896949711459193	20.115416323165704	27.122835943940643	0.0
67.0	37.675185490519375	14.83924154987634	15.49876339653751	31.986809563066775	0.0
68.0	21.139554087530964	21.38728323699422	17.423616845582163	40.04954582989265	0.0
69.0	30.247933884297524	22.231404958677686	18.429752066115704	29.09090909090909	0.0
70.0	23.96694214876033	27.520661157024794	15.454545454545453	33.057851239669425	0.0
71.0	23.801652892561982	30.413223140495866	17.43801652892562	28.34710743801653	0.0
72.0	32.56198347107438	16.198347107438018	17.60330578512397	33.63636363636363	0.0
73.0	25.537190082644628	15.867768595041323	30.0	28.595041322314053	0.0
74.0	38.41059602649007	14.817880794701988	20.695364238410598	26.076158940397352	0.0
75.0	27.31788079470199	27.81456953642384	19.867549668874172	25.0	0.0
76.0	24.00662251655629	17.218543046357617	20.364238410596027	38.41059602649007	0.0
77.0	40.397350993377486	16.887417218543046	16.721854304635762	25.99337748344371	0.0
78.0	24.792703150912107	23.797678275290217	16.417910447761194	34.991708126036485	0.0
79.0	38.97180762852405	17.330016583747927	17.495854063018243	26.202321724709783	0.0
80.0	33.16749585406302	13.84742951907131	20.066334991708125	32.91873963515754	0.0
81.0	24.813278008298756	23.983402489626556	20.91286307053942	30.29045643153527	0.0
82.0	33.69294605809129	20.08298755186722	19.83402489626556	26.390041493775936	0.0
83.0	22.508305647840533	25.49833887043189	20.431893687707642	31.561461794019934	0.0
84.0	31.3953488372093	17.60797342192691	17.358803986710964	33.63787375415283	0.0
85.0	33.02904564315352	15.518672199170124	16.59751037344398	34.85477178423236	0.0
86.0	40.16597510373444	14.771784232365146	19.253112033195023	25.8091286307054	0.0
87.0	28.322259136212622	21.59468438538206	17.524916943521596	32.55813953488372	0.0
88.0	36.43926788685524	20.299500831946755	15.89018302828619	27.371048252911812	0.0
89.0	34.804329725228975	17.985012489592005	17.152373022481264	30.058284762697753	0.0
90.0	35.45150501672241	16.05351170568562	17.474916387959865	31.02006688963211	0.0
91.0	37.89915966386555	17.983193277310924	14.873949579831933	29.2436974789916	0.0
92.0	40.168067226890756	17.647058823529413	14.957983193277311	27.22689075630252	0.0
93.0	27.609427609427613	17.76094276094276	15.404040404040403	39.225589225589225	0.0
94.0	35.91905564924115	15.598650927487354	17.79089376053963	30.69139966273187	0.0
95.0	30.86003372681282	23.440134907251263	16.863406408094438	28.836424957841484	0.0
96.0	29.282700421940927	15.527426160337555	23.037974683544306	32.151898734177216	0.0
97.0	26.013513513513516	17.905405405405407	19.763513513513516	36.317567567567565	0.0
98.0	29.940627650551317	16.878710771840545	25.614927905004244	27.565733672603905	0.0
99.0	31.655290102389078	16.467576791808874	16.040955631399317	35.83617747440273	0.0
100.0	29.82005141388175	12.853470437017995	26.563838903170524	30.762639245929734	0.0
101.0	37.682403433476395	16.566523605150216	20.600858369098713	25.15021459227468	0.0
102.0	28.890799656061912	13.757523645743767	19.518486672398968	37.83319002579535	0.0
103.0	24.52504317789292	15.3713298791019	27.0293609671848	33.074265975820374	0.0
104.0	25.064822817631804	16.508210890233364	27.139152981849612	31.287813310285223	0.0
105.0	27.81629116117851	16.984402079722706	17.85095320623917	37.34835355285962	0.0
106.0	37.72766695576756	16.99913269731136	16.825672159583693	28.44752818733738	0.0
107.0	29.365768896611645	24.326672458731537	17.723718505647263	28.58384013900956	0.0
108.0	41.67393199651264	15.257192676547515	14.908456843940716	28.160418482999127	0.0
109.0	35.45851528384279	18.427947598253276	18.078602620087338	28.034934497816593	0.0
110.0	22.74715660542432	27.909011373578302	19.335083114610676	30.0087489063867	0.0
111.0	30.643611911623438	17.86743515850144	20.36503362151777	31.12391930835735	0.0
112.0	27.857829010566764	19.500480307396735	20.172910662824208	32.468780019212296	0.0
113.0	32.59615384615385	16.442307692307693	18.75	32.21153846153847	0.0
114.0	29.615384615384617	15.28846153846154	21.44230769230769	33.65384615384615	0.0
115.0	28.20019249278152	17.901828681424448	19.056785370548603	34.84119345524543	0.0
116.0	28.212560386473427	17.971014492753625	20.966183574879228	32.850241545893724	0.0
117.0	32.94685990338164	18.454106280193237	19.420289855072465	29.178743961352655	0.0
118.0	29.980657640232106	16.827852998065765	20.79303675048356	32.39845261121857	0.0
119.0	23.837209302325583	22.093023255813954	27.325581395348834	26.744186046511626	0.0
120.0	25.872093023255815	22.28682170542636	22.48062015503876	29.360465116279073	0.0
121.0	30.426356589147286	20.348837209302324	17.441860465116278	31.782945736434108	0.0
122.0	31.456310679611647	17.96116504854369	19.70873786407767	30.87378640776699	0.0
123.0	33.754863813229576	16.731517509727624	17.607003891050585	31.906614785992215	0.0
124.0	29.990262901655306	19.863680623174293	18.597857838364167	31.54819863680623	0.0
125.0	27.848101265822784	19.863680623174293	19.279454722492698	33.008763388510225	0.0
126.0	33.10613437195716	17.72151898734177	17.62414800389484	31.54819863680623	0.0
127.0	28.99118511263467	18.31537708129285	21.351616062683643	31.341821743388838	0.0
128.0	31.929480901077373	15.377081292850148	19.882468168462292	32.810969637610185	0.0
129.0	27.406679764243613	19.94106090373281	17.976424361493123	34.67583497053045	0.0
130.0	30.147783251231523	21.083743842364534	15.665024630541872	33.10344827586207	0.0
131.0	29.88165680473373	19.82248520710059	18.93491124260355	31.360946745562128	0.0
132.0	27.766798418972332	19.565217391304348	21.936758893280633	30.731225296442688	0.0
133.0	28.28882294757666	23.54104846686449	17.903066271018794	30.267062314540063	0.0
134.0	26.03960396039604	21.782178217821784	19.801980198019802	32.37623762376238	0.0
135.0	25.396825396825395	17.261904761904763	22.023809523809522	35.317460317460316	0.0
136.0	25.04970178926441	16.79920477137177	22.266401590457257	35.884691848906556	0.0
137.0	27.88844621513944	16.43426294820717	19.721115537848604	35.95617529880478	0.0
138.0	26.22133599202393	17.74675972083749	21.834496510468593	34.19740777666999	0.0
139.0	28.771228771228774	16.483516483516482	20.77922077922078	33.96603396603396	0.0
140.0	29.9	15.299999999999999	22.6	32.2	0.0
141.0	29.819277108433734	16.164658634538153	20.180722891566266	33.835341365461844	0.0
142.0	31.055276381909547	15.27638190954774	20.301507537688444	33.36683417085427	0.0
143.0	32.36180904522613	17.48743718592965	19.195979899497488	30.954773869346734	0.0
144.0	32.82828282828283	17.17171717171717	17.87878787878788	32.121212121212125	0.0
145.0	29.524772497472195	18.301314459049543	19.919110212335692	32.25480283114257	0.0
146.0	31.17408906882591	18.218623481781375	18.82591093117409	31.781376518218625	0.0
147.0	28.976697061803446	18.33839918946302	19.148936170212767	33.53596757852077	0.0
148.0	24.94929006085193	21.196754563894523	20.486815415821503	33.367139959432045	0.0
149.0	30.35532994923858	18.883248730964468	16.85279187817259	33.90862944162436	0.0
150.0	29.327902240325866	18.533604887983707	17.820773930753564	34.317718940936864	0.0
151.0	29.28571428571429	19.28571428571429	20.408163265306122	31.020408163265305	0.0
152.0	28.469387755102044	19.183673469387756	18.16326530612245	34.183673469387756	0.0
153.0	29.815573770491806	18.852459016393443	19.4672131147541	31.864754098360653	0.0
154.0	31.108829568788497	15.605749486652979	20.2258726899384	33.059548254620125	0.0
155.0	32.02883625128734	17.61071060762101	18.22863027806385	32.13182286302781	0.0
156.0	29.162357807652533	15.822130299896585	19.958634953464323	35.05687693898656	0.0
157.0	30.616509926854757	17.972831765935215	22.152560083594565	29.258098223615463	0.0
158.0	28.48167539267016	21.465968586387437	15.18324607329843	34.86910994764398	0.0
159.0	34.973821989528794	14.24083769633508	20.209424083769633	30.57591623036649	0.0
160.0	24.421052631578945	19.263157894736842	23.789473684210527	32.526315789473685	0.0
161.0	30.23255813953488	18.816067653276956	20.824524312896404	30.12684989429176	0.0
162.0	29.04255319148936	19.46808510638298	21.170212765957448	30.319148936170215	0.0
163.0	29.732620320855613	18.288770053475936	18.181818181818183	33.79679144385027	0.0
164.0	30.280172413793103	14.870689655172415	23.49137931034483	31.35775862068966	0.0
165.0	31.351351351351354	17.513513513513512	22.37837837837838	28.756756756756758	0.0
166.0	27.874186550976138	20.065075921908893	19.95661605206074	32.10412147505423	0.0
167.0	27.578718783930512	21.389793702497286	20.629750271444085	30.401737242128124	0.0
168.0	25.954198473282442	21.264994547437297	18.75681570338059	34.023991275899675	0.0
169.0	25.27352297592998	16.849015317286653	20.350109409190374	37.527352297593	0.0
170.0	29.230769230769234	16.59340659340659	20.32967032967033	33.84615384615385	0.0
171.0	31.567328918322296	18.211920529801322	17.770419426048566	32.450331125827816	0.0
172.0	28.903654485049834	21.040974529346624	16.72203765227021	33.33333333333333	0.0
173.0	31.666666666666664	19.555555555555557	19.22222222222222	29.555555555555557	0.0
174.0	31.731843575418996	19.888268156424584	18.100558659217878	30.27932960893855	0.0
175.0	26.79372197309417	18.721973094170405	23.430493273542602	31.053811659192824	0.0
176.0	27.48868778280543	15.837104072398189	21.832579185520363	34.841628959276015	0.0
177.0	26.25	23.977272727272727	19.204545454545453	30.568181818181817	0.0
178.0	28.832951945080094	20.251716247139587	21.39588100686499	29.51945080091533	0.0
179.0	27.617951668584578	17.491369390103568	22.094361334867664	32.796317606444184	0.0
180.0	28.80371660859466	16.260162601626014	22.880371660859467	32.05574912891986	0.0
181.0	26.923076923076923	18.64801864801865	20.97902097902098	33.44988344988345	0.0
182.0	30.87719298245614	19.415204678362574	19.883040935672515	29.82456140350877	0.0
183.0	27.784290738569755	22.860492379835872	21.45369284876905	27.90152403282532	0.0
184.0	28.150765606595996	22.143698468786805	19.199057714958776	30.50647820965842	0.0
185.0	27.96208530805687	19.66824644549763	24.28909952606635	28.080568720379144	0.0
186.0	29.013079667063018	15.933412604042807	22.829964328180736	32.22354340071344	0.0
187.0	31.736526946107784	19.880239520958085	18.20359281437126	30.179640718562872	0.0
188.0	31.971153846153843	17.307692307692307	20.3125	30.408653846153843	0.0
189.0	30.70388349514563	20.509708737864077	19.781553398058254	29.004854368932037	0.0
190.0	32.26993865030675	16.19631901840491	21.34969325153374	30.184049079754597	0.0
191.0	26.823238566131025	20.64276885043263	19.77750309023486	32.756489493201485	0.0
192.0	28.214731585518106	20.59925093632959	20.34956304619226	30.836454431960046	0.0
193.0	27.56892230576441	19.423558897243108	22.05513784461153	30.952380952380953	0.0
194.0	29.255989911727614	19.419924337957127	22.57250945775536	28.7515762925599	0.0
195.0	27.099236641221374	20.35623409669211	20.10178117048346	32.44274809160305	0.0
196.0	29.048843187660665	19.28020565552699	21.079691516709513	30.59125964010283	0.0
197.0	27.916120576671034	20.96985583224115	22.542595019659238	28.57142857142857	0.0
198.0	25.850340136054424	23.401360544217688	21.08843537414966	29.65986394557823	0.0
199.0	25.834542815674894	24.383164005805515	20.029027576197386	29.753265602322205	0.0
200.0	29.289428076256502	16.81109185441941	18.370883882149048	35.52859618717504	0.0
201.0	36.86746987951807	19.759036144578314	15.421686746987953	27.951807228915666	0.0
202.0	38.10679611650485	19.174757281553397	16.019417475728158	26.699029126213592	0.0
203.0	35.049019607843135	19.11764705882353	18.627450980392158	27.205882352941174	0.0
204.0	31.773399014778324	17.48768472906404	23.645320197044335	27.093596059113302	0.0
205.0	33.25062034739454	16.87344913151365	27.29528535980149	22.58064516129032	0.0
206.0	30.174563591022448	21.197007481296758	20.698254364089774	27.93017456359102	0.0
207.0	25.0	23.5	17.0	34.5	0.0
208.0	25.31328320802005	16.290726817042607	21.804511278195488	36.59147869674185	0.0
209.0	21.608040201005025	24.623115577889447	21.85929648241206	31.909547738693465	0.0
210.0	27.848101265822784	17.72151898734177	16.20253164556962	38.22784810126582	0.0
211.0	33.33333333333333	19.083969465648856	19.338422391857506	28.24427480916031	0.0
212.0	24.808184143222505	13.299232736572892	26.342710997442452	35.54987212276215	0.0
213.0	29.381443298969074	17.783505154639176	16.49484536082474	36.340206185567006	0.0
214.0	28.90625	21.354166666666664	19.270833333333336	30.46875	0.0
215.0	27.368421052631582	20.526315789473685	16.05263157894737	36.05263157894737	0.0
216.0	32.09549071618037	20.954907161803714	16.180371352785148	30.76923076923077	0.0
217.0	26.61290322580645	19.623655913978492	21.50537634408602	32.25806451612903	0.0
218.0	25.13812154696133	18.50828729281768	17.955801104972377	38.39779005524862	0.0
219.0	17.771084337349397	23.49397590361446	21.385542168674696	37.34939759036144	0.0
220.0	0.0	28.57142857142857	25.892857142857146	45.535714285714285	0.0
