# Position (bp)	A	C	G	T	N
0.0	25.77079347693355	23.956804164748185	24.528846474073145	25.743555884245122	0.0
1.0	26.11979413084723	19.95075030911562	15.692923829365006	38.23653173067215	0.0
2.0	27.956587325779108	19.08836132375836	18.461128461576372	34.49392288888616	0.0
3.0	22.538751211305588	22.111848550079095	15.416313974635761	39.93308626397955	0.0
4.0	33.556116784596085	13.339667631603763	14.921802585968024	38.182412997832124	0.0
5.0	33.96490702624082	14.957755767471115	23.149276864892805	27.928060341395256	0.0
6.0	30.237703430861828	17.411381485140698	21.411954048123285	30.938961035874186	0.0
7.0	34.553344092658016	17.084389392478457	20.272532584987175	28.089733929876353	0.0
8.0	22.70233353748056	26.66613054911378	22.342012363451783	28.289523549953877	0.0
9.0	27.415255792776566	18.766279948965835	15.911757691768324	37.90670656648928	0.0
10.0	25.777799609822626	16.648285493424904	25.26229485250561	32.311620044246865	0.0
11.0	27.97737372648973	17.843167393066338	19.99066151888177	34.188797361562166	0.0
12.0	25.83075112181938	19.54438987313557	21.235814342755532	33.38904466228952	0.0
13.0	26.418592134178336	20.524428605648037	18.839831051664564	34.21714820850906	0.0
14.0	30.430349218522835	18.409088328139863	20.04271510000177	31.117847353335538	0.0
15.0	29.742124816089234	18.225527488173064	20.179068544609866	31.85327915112784	0.0
16.0	29.68764153965566	17.37773548699413	18.8655277205787	34.069095252771504	0.0
17.0	30.288766647044234	17.811462510197458	19.90678421110038	31.992986631657928	0.0
18.0	31.02290436798475	17.471674902541487	18.83419257395319	32.67122815552057	0.0
19.0	29.83644717274579	18.218594933609896	19.764118840623343	32.18083905302097	0.0
20.0	29.71500202166496	17.50880698526839	19.936389520301557	32.839801472765096	0.0
21.0	29.27108084203732	18.143287583755164	19.747269431818392	32.83836214238913	0.0
22.0	29.688328192679066	19.11148155161399	22.289219309845045	28.910970945861898	0.0
23.0	29.778702294451076	19.935003009388925	21.008492577412866	29.277802118747132	0.0
24.0	31.915817395720513	19.33703386493482	18.325924083113538	30.42122465623113	0.0
25.0	29.084707365647755	20.835627678772095	19.52846480493904	30.55120015064111	0.0
26.0	31.74810239475524	16.75701435870701	21.608468861473824	29.886414385063926	0.0
27.0	25.908316503731825	20.914249449951313	24.86737692999018	28.310057116326682	0.0
28.0	26.391112808376533	19.624305721166582	18.613816568039525	35.37076490241736	0.0
29.0	27.60238194651871	19.883319164512294	17.63705264225404	34.87724624671496	0.0
30.0	26.35665211483542	18.92380125988281	16.448076103621172	38.271470521660596	0.0
31.0	33.74718492471575	14.388417839376762	18.58010776635413	33.284289469553364	0.0
32.0	33.909930886370006	15.7115858914931	22.57014038772939	27.808342834407508	0.0
33.0	30.944392725170918	17.85360812005596	20.439019983111788	30.762979171661332	0.0
34.0	33.08749903354381	16.717068544361325	21.86511940136863	28.330313020726226	0.0
35.0	25.851861384290743	20.773636434787583	25.35507707729403	28.019425103627643	0.0
