# Position (bp)	A	C	G	T	N
0.0	26.07785061434365	24.249760870107846	23.943165971451354	25.72922254409715	0.0
1.0	26.783254361206467	20.433101793744992	15.2741363419508	37.50950750309774	0.0
2.0	29.00568216265698	19.100281276881436	18.454544052564977	33.4394925078966	0.0
3.0	22.93327081253034	22.854354776368076	15.202029760467173	39.01034465063441	0.0
4.0	34.29338998243406	13.433881407577328	14.749567912138037	37.523160697850585	0.0
5.0	34.95692103790506	15.102804956739835	23.19020587818627	26.75006812716883	0.0
6.0	30.973064618794876	17.578157080111964	20.887033295957398	30.56174500513576	0.0
7.0	35.081636807098995	17.26246965901617	20.073441947094032	27.582451586790803	0.0
8.0	22.413089185726236	27.305885356673485	22.641286328290917	27.63973912930936	0.0
9.0	27.96800416037688	18.813280732489883	15.634922222366027	37.583792884767206	0.0
10.0	26.38387242138405	16.607351489487872	25.524453391660185	31.48432269746789	0.0
11.0	28.372923194218767	18.1884476593762	19.626472045114678	33.81215710129035	0.0
12.0	25.917218383312367	20.073653730985043	21.374159776826843	32.634968108875746	0.0
13.0	26.350610584723555	21.04782433232187	18.79662039973033	33.80494468322425	0.0
14.0	30.586147215688953	18.85564927646387	20.274130715370685	30.284072792476497	0.0
15.0	29.93588830988219	18.636558841212675	19.906685664466075	31.520867184439062	0.0
16.0	29.691501465426867	17.72965315681538	19.081187354619182	33.49765802313856	0.0
17.0	30.678461460626433	18.00267788964412	19.84904514879583	31.469815500933613	0.0
18.0	31.11213604055897	17.803236293170087	18.968953658154916	32.11567400811603	0.0
19.0	29.59261015409631	18.80818615333389	20.195241215968977	31.40396247660082	0.0
20.0	29.675158808503827	17.92039984798623	19.98362204576179	32.420819297748146	0.0
21.0	28.966306359517276	18.69832914275764	19.679100342030985	32.6562641556941	0.0
22.0	29.88866050218667	19.06771554599652	22.598564811165247	28.445059140651562	0.0
23.0	29.59053937827309	20.533118882534065	21.097887691002597	28.778454048190248	0.0
24.0	32.20734113560875	19.608023315053245	18.38391242500791	29.800723124330087	0.0
25.0	29.369531122231074	21.31321307930248	19.292265299327116	30.02499049913933	0.0
26.0	31.746405262594372	17.04006127613913	22.052950679061514	29.160582782204976	0.0
27.0	26.289263850960616	21.322837480571767	24.862428714130573	27.52546995433704	0.0
28.0	26.23276461514749	20.324876488811338	18.49391062484484	34.948448271196334	0.0
29.0	27.860559133003814	20.180745785206426	17.61083062818632	34.34786445360344	0.0
30.0	26.747013168468502	19.68925332246302	15.972605965213353	37.59112754385512	0.0
31.0	34.33234519957003	14.557053698927454	18.097994444363646	33.01260665713887	0.0
32.0	34.026128004590234	16.15081890824213	22.729369689168156	27.093683397999484	0.0
33.0	31.538752205586896	17.652112142485603	20.661547208543407	30.147588443384098	0.0
34.0	33.13340902459178	16.77094234837605	22.14614715435108	27.94950147268109	0.0
35.0	26.482242443257675	20.612178410845477	25.659551229857925	27.24602791603893	0.0
