# Position (bp)	A	C	G	T	N
0.0	46.496916020876164	12.312193578997311	18.63039696346671	22.56049343665981	0.0
1.0	17.997785861141864	46.44156254942274	18.432705993990194	17.127945595445198	0.0
2.0	23.695823483057527	40.3940110323089	13.664302600472814	22.245862884160754	0.0
3.0	47.276157534785	15.163902208945837	15.525509000864712	22.03443125540445	0.0
4.0	46.96874509188	15.454688236217997	14.174650541856447	23.401916130045546	0.0
5.0	22.19083490269931	38.45731324544884	15.26993094789705	24.081920903954803	0.0
6.0	21.690052520184995	40.942227796503886	14.65861879752293	22.709100885788196	0.0
7.0	48.97032338892804	13.875185968209225	14.587737843551796	22.566752799310937	0.0
8.0	47.77099953073674	16.01751916158298	14.727045205693729	21.48443610198655	0.0
9.0	21.835220616946504	40.421710269426	14.752049980476375	22.991019133151113	0.0
10.0	21.103136214698083	12.131377750039007	15.844905601497894	50.92058043376502	0.0
11.0	20.192981090965684	15.967628978289628	13.781028713718776	50.05836121702592	0.0
12.0	20.80260808817822	13.653652099666228	14.662733835286812	50.88100597686874	0.0
13.0	20.9284332688588	40.06189555125725	14.746615087040619	24.26305609284333	0.0
14.0	21.602465331278893	14.807395993836673	42.34206471494607	21.248073959938367	0.0
15.0	44.54475899005356	14.835501147666411	18.041315990818667	22.57842387146136	0.0
16.0	18.865767207866455	15.488985440963488	16.31221891912493	49.333028432045126	0.0
17.0	21.55493128843672	38.40255105914509	14.888770784298838	25.153746868119352	0.0
18.0	19.89092561733071	14.649295561278594	17.694288744129675	47.76549007726102	0.0
19.0	21.61365868399184	40.60587746468233	15.486892800483492	22.29357105084234	0.0
20.0	21.17903930131004	16.593886462882097	14.440596295738594	47.78647794006927	0.0
21.0	21.43928035982009	15.667166416791604	16.229385307346327	46.664167916041976	0.0
22.0	21.875701144267445	13.895744521726124	40.02692393986987	24.201630394136565	0.0
23.0	20.179238237490665	16.430171769977594	15.339805825242719	48.050784167289024	0.0
24.0	46.44108220913766	11.738838786613998	16.38965491540583	25.430424088842514	0.0
25.0	22.022170969421918	14.01681422513206	37.460010415891674	26.50100438955435	0.0
26.0	47.81252321176558	12.56777835549283	14.231597712248384	25.388100720493206	0.0
27.0	20.15135776821487	17.22807538210417	12.3979818964238	50.222584953257154	0.0
28.0	21.071349188708602	39.85330073349633	12.313847521671482	26.761502556123585	0.0
29.0	22.226331360946748	12.093195266272188	13.957100591715976	51.723372781065095	0.0
30.0	22.16575741723339	13.130558254241087	38.315522008818476	26.38816231970705	0.0
31.0	24.534839924670433	11.909604519774012	13.966101694915253	49.589453860640305	0.0
32.0	21.738135205249502	14.443766213947809	13.215321226918968	50.602777353883724	0.0
33.0	23.835153006304783	39.38951253267722	14.031985237582653	22.743349223435338	0.0
34.0	25.268277619084383	13.116652512931367	14.112560796726628	47.50250907125763	0.0
35.0	22.708268813874263	37.99163827810468	14.207184886961906	25.092908021059152	0.0
36.0	21.445764422703625	14.387763025079586	14.201413153195125	49.96505939902166	0.0
37.0	44.850472397907396	15.382212852346372	15.88974779417506	23.877566955571172	0.0
38.0	46.722794869777324	16.02014320560233	12.668187898339758	24.58887402628059	0.0
39.0	47.50059415352928	14.671631149489029	12.738651667590906	25.08912302939079	0.0
40.0	21.09879594928634	39.566222789251256	14.33697472290886	24.998006538553543	0.0
41.0	21.740531829170024	11.36986301369863	42.87671232876713	24.012892828364222	0.0
42.0	48.90060851926978	14.085192697768761	14.961460446247465	22.052738336713993	0.0
43.0	49.609856262833674	14.669404517453799	13.552361396303903	22.168377823408626	0.0
44.0	22.872955559226828	40.12886172146043	10.994548157938212	26.003634561374522	0.0
45.0	29.887236802714302	14.299970062867978	16.565213052589563	39.24758008182816	0.0
46.0	29.1478834524464	16.74546454095657	20.703683342495875	33.40296866410116	0.0
47.0	31.48316651501365	18.3007279344859	19.620109190172887	30.59599636032757	0.0
48.0	25.948057917720064	20.55849230062055	19.202482188002758	34.29096759365663	0.0
49.0	27.620264931443177	20.311410643736927	19.742040436904485	32.3262839879154	0.0
50.0	26.257439607888898	24.273544170848407	18.473567510794727	30.995448710467965	0.0
51.0	28.28854314002829	18.823668081093825	16.513437057991514	36.374351720886374	0.0
52.0	27.661844913445577	18.686269860090114	19.551814085843016	34.100071140621296	0.0
53.0	31.380552220888358	18.559423769507802	22.088835534213686	27.971188475390157	0.0
54.0	29.45397057035145	23.191049495318012	19.007661437431594	28.347318496898943	0.0
55.0	31.219272369714844	18.682399213372662	19.26007866273353	30.83824975417896	0.0
56.0	27.60493827160494	21.320987654320987	19.59259259259259	31.48148148148148	0.0
57.0	31.92178353468676	17.573794993149832	20.102129779549134	30.402291692614273	0.0
58.0	29.276851735806492	20.090236871788445	19.162802356184987	31.47010903622008	0.0
59.0	27.022939248802626	20.5444920594908	19.649609276531386	32.78295941517519	0.0
60.0	28.740458015267173	18.295165394402034	19.80916030534351	33.155216284987276	0.0
61.0	27.961115374776156	18.700434893834743	22.614479406497825	30.723970324891276	0.0
62.0	27.861211807353705	21.16778871051269	20.947695494562403	30.02330398757121	0.0
63.0	33.202870189171556	17.82126549249837	18.799739073711677	30.176125244618397	0.0
64.0	28.261441346659655	19.174118884797476	21.317727511835876	31.246712256707	0.0
65.0	29.809473405662875	17.84863720560995	22.05609949722149	30.285789891505686	0.0
66.0	29.375	15.917553191489361	21.03723404255319	33.670212765957444	0.0
67.0	29.745649263721553	17.028112449799195	19.812583668005352	33.4136546184739	0.0
68.0	25.857200484066155	18.663439558961947	20.62659674599973	34.852763210972164	0.0
69.0	27.896589063345967	18.922577152138604	23.48402815376286	29.69680563075257	0.0
70.0	29.766113679630134	20.655425618710908	19.078052760402503	30.50040794125646	0.0
71.0	28.014766201804758	22.026251025430682	19.45583811867651	30.50314465408805	0.0
72.0	28.30447925254191	18.27425116790327	19.510854630392966	33.91041494916186	0.0
73.0	27.96352583586626	18.84498480243161	21.456203371096986	31.73528599060514	0.0
74.0	29.68771686328938	17.015961138098543	21.943095072866065	31.353226925746007	0.0
75.0	28.830335982155304	19.531576746131325	22.724104279938658	28.913982991774713	0.0
76.0	28.78171877190523	20.7486331136969	18.15505397448479	32.314594139913076	0.0
77.0	29.154929577464788	19.591549295774648	17.704225352112676	33.54929577464789	0.0
78.0	30.648579906740142	19.2030521407376	19.047619047619047	31.10074890490321	0.0
79.0	29.130931961120645	21.72670097198399	18.11034877072613	31.03201829616924	0.0
80.0	27.998274374460742	18.86683922922059	21.498418176589013	31.63646821972965	0.0
81.0	27.35944500650383	19.598207833501952	18.124006359300477	34.91834080069374	0.0
82.0	31.553750181343393	18.192369070071088	21.093863339619904	29.160017408965615	0.0
83.0	29.78723404255319	18.91576799766832	20.4167881084232	30.88020985135529	0.0
84.0	28.270412642669008	19.022534386889085	19.695639449809775	33.01141352063213	0.0
85.0	31.948740609809988	17.219030785093533	19.826189424068346	31.006039181028132	0.0
86.0	28.3303730017762	19.93783303730018	21.358792184724688	30.373001776198933	0.0
87.0	31.218349717009236	17.917783735478103	22.0583854632112	28.80548108430146	0.0
88.0	33.173724375280564	18.58446805326949	16.51952715846177	31.72228041298818	0.0
89.0	29.358626919602532	17.133393556157785	17.35922914784703	36.148750376392655	0.0
90.0	31.647289747848404	17.605314812018722	19.643666012381097	31.103729427751777	0.0
91.0	29.936498336861206	21.484729361959477	16.69186573934079	31.886906561838522	0.0
92.0	29.46442118039751	18.631467152177212	16.917008041268396	34.98710362615688	0.0
93.0	32.359688025692	18.19850129989295	18.366722740480196	31.075087933934853	0.0
94.0	29.734295807095684	16.879127630164337	21.148825065274153	32.23775149746583	0.0
95.0	29.964566322600522	17.701432753042674	20.19719611770143	32.13680480665537	0.0
96.0	27.52052036549481	18.739352640545146	19.20396468948428	34.536162304475766	0.0
97.0	31.283089380255376	17.26876362503893	18.685767673621925	32.76237932108377	0.0
98.0	29.803186504217432	20.759137769447047	18.60356138706654	30.834114339268982	0.0
99.0	29.72252704185609	18.968490358990437	19.909076657783352	31.399905941370122	0.0
100.0	31.580604534005037	14.924433249370278	19.411209068010077	34.08375314861461	0.0
101.0	32.70330368487929	18.80559085133418	19.52033036848793	28.970775095298603	0.0
102.0	31.207034372501997	14.948041566746603	20.799360511590727	33.045563549160676	0.0
103.0	29.190056134723335	18.251804330392943	20.384923817161187	32.173215717722535	0.0
104.0	28.486312399355878	18.88888888888889	20.03220611916264	32.592592592592595	0.0
105.0	30.375647668393785	18.150906735751295	19.446243523316063	32.02720207253886	0.0
106.0	31.001304631441617	18.34637964774951	19.129158512720156	31.523157208088715	0.0
107.0	30.40983606557377	19.360655737704917	18.360655737704917	31.868852459016395	0.0
108.0	33.11913000494315	18.19080573405833	17.086834733893557	31.603229527104958	0.0
109.0	31.115524660708378	19.116186693147963	19.281694803045347	30.486593843098316	0.0
110.0	25.45757071547421	20.116472545757073	19.916805324459236	34.509151414309486	0.0
111.0	29.782608695652176	18.59531772575251	20.100334448160535	31.521739130434785	0.0
112.0	25.919086788652006	18.969279838845058	20.84942084942085	34.262212523082084	0.0
113.0	29.50902648894888	19.419605196558123	17.63117934874304	33.440188965749954	0.0
114.0	29.97113262013924	17.761929020207166	20.173204279164544	32.09373408048904	0.0
115.0	27.00256191289496	19.846285226302307	20.22203245089667	32.92912040990606	0.0
116.0	28.9140116478246	19.167523124357658	17.951353203151765	33.96711202466598	0.0
117.0	31.41775636613902	18.874741913282865	19.631796283551274	30.07570543702684	0.0
118.0	28.771384136858476	16.36426473129428	21.565578019699327	33.29877311214792	0.0
119.0	24.552562988705475	20.781928757602085	26.238053866203302	28.42745438748914	0.0
120.0	26.737502177321026	21.39000174185682	22.139000174185682	29.733495906636477	0.0
121.0	29.356193142057386	19.751574527641708	18.579426172148356	32.312806158152554	0.0
122.0	29.892926101456908	18.571177812883974	20.905739863085834	30.630156222573284	0.0
123.0	31.80056377730796	18.164200140944327	19.186046511627907	30.8491895701198	0.0
124.0	30.602836879432626	19.27304964539007	20.19503546099291	29.929078014184395	0.0
125.0	29.1970802919708	19.29855794908314	18.604237137261883	32.90012462168417	0.0
126.0	30.269980332558553	18.630430895762558	20.66869300911854	30.430895762560343	0.0
127.0	28.00934243621991	19.06216313330938	21.990657563780093	30.93783686669062	0.0
128.0	31.07059035927063	17.385809712944575	18.721790936992235	32.82180899079256	0.0
129.0	31.58851326790258	18.247909850963286	17.37549981824791	32.788077062886224	0.0
130.0	30.308563081979184	19.37191893372284	16.961840423589557	33.35767756070842	0.0
131.0	31.416498254638984	19.75013779165901	17.122910159838327	31.710453793863678	0.0
132.0	29.390018484288355	18.595194085027728	21.497227356746766	30.517560073937155	0.0
133.0	28.613843013546113	20.838745592874375	20.857301911300798	29.690109482278714	0.0
134.0	27.044142298379587	20.26448128143043	19.87334699199106	32.81802942819892	0.0
135.0	28.39760389367278	15.780606514414078	20.85361287907151	34.96817671284163	0.0
136.0	26.374246987951803	17.658132530120483	21.72439759036145	34.24322289156627	0.0
137.0	27.105811092182474	16.240772288472456	20.121143289797462	36.53227332954761	0.0
138.0	28.977489507821442	17.359786341091187	20.278519648988937	33.384204502098434	0.0
139.0	28.867562380038386	18.618042226487525	20.0	32.51439539347409	0.0
140.0	29.281020487050636	17.491302667182065	20.197139543873213	33.030537301894086	0.0
141.0	30.869227784245247	18.432285603414826	19.441210710128058	31.257275902211873	0.0
142.0	31.068911511354735	16.05324980422866	19.635865309318714	33.241973375097885	0.0
143.0	33.08997632202052	19.001578531965272	17.876874506708763	30.031570639305443	0.0
144.0	31.279809220985694	18.302861685214626	17.03100158982512	33.38632750397456	0.0
145.0	29.03807615230461	18.597194388777556	18.817635270541082	33.547094188376754	0.0
146.0	29.070002017349207	19.08412346177123	18.599959653015937	33.24591486786363	0.0
147.0	29.62287104622871	18.045417680454175	18.227899432278992	34.103811841038116	0.0
148.0	25.372525005103082	21.290059195754235	20.57562767911819	32.76178812002449	0.0
149.0	30.62692702980473	19.26002055498458	17.882836587872557	32.23021582733813	0.0
150.0	29.83654045106559	18.95303124353404	18.18746120422098	33.02296710117939	0.0
151.0	28.100896393579323	18.88680425265791	21.513445903689806	31.49885345007296	0.0
152.0	28.613383679462974	20.05454164044472	16.341514579400044	34.99056010069226	0.0
153.0	30.681578392065838	18.717028909052544	18.61152141802068	31.989871280860942	0.0
154.0	31.292517006802722	16.45408163265306	19.685374149659864	32.56802721088435	0.0
155.0	30.69687900812313	20.585720393330483	16.930312099187685	31.787088499358703	0.0
156.0	30.974403097440312	16.670251667025166	19.402021940202193	32.95332329533233	0.0
157.0	28.283921229171177	18.71889201471543	20.103873620428477	32.89331313568491	0.0
158.0	28.415539065910085	22.435617634220865	16.564818856394588	32.58402444347446	0.0
159.0	33.83226942548976	14.946070878274268	18.732115342284832	32.48954435395113	0.0
160.0	26.147704590818364	20.403637170104236	22.99844754934575	30.450210689731648	0.0
161.0	28.900312919088066	20.38444345105051	19.959767545820295	30.755476084041128	0.0
162.0	30.69641649763354	17.917511832319136	18.864097363083165	32.52197430696416	0.0
163.0	30.213055303717134	18.56300997280145	16.364460562103357	34.85947416137806	0.0
164.0	31.042330450614475	15.111515703231678	21.734182976786524	32.11197086936732	0.0
165.0	29.961000229410416	17.52695572378986	21.61046111493462	30.901582931865107	0.0
166.0	28.91760904684976	19.316870528502193	20.12462497115163	31.64089545349642	0.0
167.0	26.649628252788105	19.981412639405207	21.49163568773234	31.87732342007435	0.0
168.0	27.83625730994152	18.22222222222222	20.701754385964914	33.239766081871345	0.0
169.0	26.82984231583902	17.51000235349494	21.110849611673334	34.549305718992706	0.0
170.0	30.57929724596391	16.595441595441596	19.017094017094017	33.80816714150047	0.0
171.0	30.578117534639276	18.53798375537506	17.20019111323459	33.68370759675107	0.0
172.0	31.027000964320155	20.32304725168756	17.092574734811958	31.557377049180328	0.0
173.0	28.82096069868996	18.41339155749636	19.723435225618633	33.04221251819505	0.0
174.0	27.51283932501834	19.613597456590853	20.518464172169235	32.35509904622157	0.0
175.0	27.883428006915288	19.041738700913804	21.75845887873549	31.316374413435415	0.0
176.0	29.960119641076773	18.768693918245262	18.120638085742772	33.1505483549352	0.0
177.0	29.105976896032143	21.848317428427926	18.960321446509294	30.085384229030637	0.0
178.0	28.256462240243284	20.3750633552965	20.476431829700964	30.892042574759248	0.0
179.0	26.366888094021462	18.14001021972407	23.22432294328053	32.26877874297394	0.0
180.0	30.83075335397317	15.325077399380804	20.175438596491226	33.6687306501548	0.0
181.0	29.361370716510905	19.6521287642783	19.029075804776742	31.95742471443406	0.0
182.0	33.4643605870021	16.71907756813417	19.20859538784067	30.60796645702306	0.0
183.0	28.217299578059073	23.338607594936708	20.226793248945146	28.217299578059073	0.0
184.0	29.32410856838744	20.30335284725918	19.425226184140502	30.94731240021288	0.0
185.0	27.40462117141322	20.92960773777539	23.320795271359486	28.344975819451907	0.0
186.0	30.663058186738834	18.619756427604873	21.434370771312587	29.282814614343707	0.0
187.0	30.05449591280654	20.599455040871934	17.493188010899182	31.852861035422343	0.0
188.0	28.48101265822785	18.381948266373143	20.941111722619706	32.19592735277931	0.0
189.0	29.655364091161758	19.06614785992218	20.37242912729294	30.906058921623124	0.0
190.0	30.65509518477044	17.497200447928332	18.701007838745802	33.14669652855543	0.0
191.0	27.755794234030525	21.08535895986433	18.852459016393443	32.3063877897117	0.0
192.0	31.802624073017682	20.13690815744438	20.93553907586994	27.124928693668	0.0
193.0	29.64254577157803	19.09328683522232	21.24382446963092	30.020342923568734	0.0
194.0	28.052708638360173	20.468521229868227	23.16251830161054	28.316251830161054	0.0
195.0	28.926353149955634	19.994084590357883	19.136350192250813	31.943212067435674	0.0
196.0	28.605697151424287	19.430284857571216	21.679160419790104	30.284857571214392	0.0
197.0	28.9321569820505	19.561910556738667	22.360815333130514	29.145117128080315	0.0
198.0	27.991252733520778	23.2427366447985	20.618556701030926	28.147453920649795	0.0
199.0	27.91777188328912	23.176392572944295	19.728116710875334	29.177718832891248	0.0
200.0	27.801980198019805	16.15841584158416	20.316831683168317	35.72277227722772	0.0
201.0	32.07750269106566	17.007534983853606	17.868675995694293	33.04628632938644	0.0
202.0	36.22950819672131	18.469945355191257	18.14207650273224	27.15846994535519	0.0
203.0	32.33995584988962	18.984547461368653	20.364238410596027	28.311258278145697	0.0
204.0	34.17085427135678	16.69458403126745	22.892238972640982	26.242322724734784	0.0
205.0	34.31650595575723	17.64038570618264	23.709585933068634	24.33352240499149	0.0
206.0	29.011993146773275	19.131924614505998	20.845231296402055	31.010850942318672	0.0
207.0	28.80966072455434	21.736630247268547	16.04370327774583	33.41000575043128	0.0
208.0	30.34362259755387	17.122888759464182	19.62725684333139	32.906231799650556	0.0
209.0	24.61629279811098	21.428571428571427	19.067296340023614	34.887839433293976	0.0
210.0	26.047904191616766	18.622754491017965	18.38323353293413	36.946107784431135	0.0
211.0	30.115361262902248	19.672131147540984	19.247115968427444	30.965391621129324	0.0
212.0	27.26153846153846	17.415384615384617	22.953846153846154	32.36923076923077	0.0
213.0	29.35323383084577	21.082089552238806	16.6044776119403	32.960199004975124	0.0
214.0	29.6343001261034	26.292559899117272	18.15889029003783	25.914249684741485	0.0
215.0	29.891650732950925	24.219247928616955	15.61504142766093	30.27405991077119	0.0
216.0	29.24773022049287	17.898832684824903	17.509727626459142	35.34370946822309	0.0
217.0	25.8	18.46666666666667	23.466666666666665	32.266666666666666	0.0
218.0	24.965132496513252	19.9442119944212	18.619246861924683	36.47140864714086	0.0
219.0	18.95881895881896	23.465423465423466	23.776223776223777	33.7995337995338	0.0
220.0	0.0	33.80281690140845	23.943661971830984	42.25352112676056	0.0
