# Position (bp)	A	C	G	T	N
0.0	20.347135928167713	27.782899747464622	35.158536096524635	16.71142822784303	0.0
1.0	22.355393434080252	21.87637792119293	13.933539102898143	41.83468954182868	0.0
2.0	25.56366878011158	22.33740997826457	17.424401774893074	34.67451946673077	0.0
3.0	18.745120803891346	25.97734051284104	12.426686950777668	42.85085173248994	0.0
4.0	34.95628338768732	12.221644224805427	11.835497489045837	40.98657489846141	0.0
5.0	38.079662305445524	13.75685191853719	23.489577081582844	24.67390869443444	0.0
6.0	32.00112017922868	17.546807489198272	21.18839014242279	29.263682189150263	0.0
7.0	36.51826963460731	18.169636607267854	18.97262054758905	26.33947321053579	0.0
8.0	20.105190532852042	32.11210991010809	21.501064904158625	26.28163465288124	0.0
9.0	28.071402870507335	19.104065885739416	12.606444648782633	40.218086594970615	0.0
10.0	24.93303749900056	17.187375069960822	27.78344127288718	30.096146158151438	0.0
11.0	26.13831700979412	18.759744153507896	18.303018189086547	36.79892064761143	0.0
12.0	24.411423774882085	20.24142617315533	22.18902390278999	33.158126149172595	0.0
13.0	25.608025739922862	22.31859149863107	16.44317432402726	35.630208437418815	0.0
14.0	29.730296673658973	17.911297572670062	20.961941863949654	31.396463889721304	0.0
15.0	30.183382115763695	17.43324771519025	19.190410767974832	33.19295940107122	0.0
16.0	29.180807547996057	17.85582770186212	18.855061357325557	34.10830339281626	0.0
17.0	30.0798695033768	19.010533225912333	17.751320383134903	33.158276887575965	0.0
18.0	33.091672136364544	18.071881774966684	17.52093402549874	31.315512063170036	0.0
19.0	30.097039113921532	17.727534848575235	19.83734017379546	32.338085863707775	0.0
20.0	30.426786229110537	18.74459433934128	16.15882452355625	34.66979490799193	0.0
21.0	28.834148475088472	16.93307885005368	19.118056383951647	35.1147162909062	0.0
22.0	30.293240556660038	17.87375745526839	18.408548707753482	33.42445328031809	0.0
23.0	29.73907857462353	18.079618309229165	19.808160628199396	32.373142487947916	0.0
24.0	31.880845649991553	16.95076981184586	18.20711864743711	32.961265890725485	0.0
25.0	27.36467689372864	18.87369843414673	20.474326365153804	33.28729830697083	0.0
26.0	31.153727741307563	17.89335690379478	19.559841495267698	31.393073859629954	0.0
27.0	27.999960275292224	18.57527335564538	19.77793888353709	33.64682748552531	0.0
28.0	30.342211364674572	17.777910186895472	20.09970406562196	31.780174382808003	0.0
29.0	27.956028242023418	19.853824688930597	17.624452587362587	34.5656944816834	0.0
30.0	29.20630822094663	18.389377718632687	18.35958448368324	34.044729576737446	0.0
31.0	29.68517231105373	19.63551494686662	19.818254047075182	30.861058695004466	0.0
32.0	28.757150802478943	17.943548387096776	18.72119815668203	34.578102653742256	0.0
33.0	28.82993832371607	18.334045110093655	21.638344572784966	31.197671993405308	0.0
34.0	30.297161472300022	19.30059789841686	18.315356653357963	32.086883975925154	0.0
35.0	30.134578139742764	18.036450315339923	17.834831404876596	33.99414014004072	0.0
36.0	29.66885574907353	17.70573566084788	19.044023407616418	33.58138518246217	0.0
37.0	26.775668422622008	21.5912931120167	18.552827750720606	33.08021071464069	0.0
38.0	28.749204834605596	19.84832220101781	19.87814090330789	31.524332061068705	0.0
39.0	29.171056555014413	19.10346884007554	19.593479773382366	32.131994831527685	0.0
40.0	30.66899903590987	19.94076312206176	19.375229841074216	30.01500800095415	0.0
41.0	30.37977199765438	18.35548090207031	19.682347211592933	31.582399888682378	0.0
42.0	30.449042876736836	19.95944898324289	19.069910748007235	30.52159739201304	0.0
43.0	29.98638428129876	18.74795018833421	19.83919538059412	31.426470149772907	0.0
44.0	30.026932212317263	20.230961112270553	18.52956083599177	31.212545839420414	0.0
45.0	30.30516828475748	17.99707849313843	19.530372740552306	32.167380481551774	0.0
46.0	31.13796255813029	18.36320998449859	19.03195675503796	31.46687070233316	0.0
47.0	29.506567834502494	18.95530692951253	20.308618668150473	31.229506567834502	0.0
48.0	28.866102301180398	19.754779221811532	20.062795596359447	31.316322880648624	0.0
49.0	28.33480718976978	20.74659936607613	18.23971860934193	32.67887483481216	0.0
50.0	28.68285606406868	19.77603783708591	20.12479879175692	31.41630730708849	0.0
51.0	30.134835703142855	18.61964805596129	18.950527121153407	32.29498911974245	0.0
52.0	30.368037201168498	18.668150473957194	18.918542954233818	32.04526937064049	0.0
53.0	30.18581081081081	18.943759936406995	19.03914944356121	31.831279809220987	0.0
54.0	29.702311162337793	18.056079966614334	19.873412690526816	32.36819618052105	0.0
55.0	31.330796212204014	16.649608998499588	18.753167261200925	33.26642752809547	0.0
56.0	28.433311141803873	18.332853068889797	20.409582766124466	32.82425302318187	0.0
57.0	27.051949600540564	18.91370881195596	19.882547001073174	34.1517945864303	0.0
58.0	27.302357009420085	18.38705830915378	19.011089470964667	35.299495210461465	0.0
59.0	27.42358599308399	18.257879883938152	19.249572717516592	35.068961405461266	0.0
60.0	26.78637081789004	17.939723958385088	19.595178711607065	35.678726512117805	0.0
61.0	28.317616781104366	19.47693194351978	18.583622325784752	33.621828949591105	0.0
62.0	29.68122739377559	19.43638459398227	19.222743352279505	31.659644659962638	0.0
63.0	28.065503398386266	18.933582415835286	18.26980404626575	34.7311101395127	0.0
64.0	29.745414074765986	19.95945704235149	20.62126120396685	29.673867678915673	0.0
65.0	28.28396251726571	18.358788866475212	20.361114147446663	32.996134468812414	0.0
66.0	29.28264088320929	19.226297536593364	20.09778104597895	31.3932805342184	0.0
67.0	27.04480637564218	19.225303826776504	20.592648534774874	33.137241262806434	0.0
68.0	28.48568561008814	19.38230997784027	18.63404648574523	33.49795792632636	0.0
69.0	28.392559026949677	17.356308132601956	19.473924795293744	34.77720804515462	0.0
70.0	28.666825661817313	17.26587964067096	19.189720963510613	34.87757373400111	0.0
71.0	29.413109150170918	18.712735511566898	18.10358534064711	33.77056999761508	0.0
72.0	28.954298377239617	20.036569248044835	21.198239111208274	29.81089326350727	0.0
73.0	29.979827289801353	17.56218262761972	17.931850026333834	34.52614005624509	0.0
74.0	29.919209786248768	18.63640428893681	19.236616947064025	32.2077689777504	0.0
75.0	29.3414423277584	18.921980741138242	18.262131194784804	33.47444573631856	0.0
76.0	31.810909379999803	17.05373202555923	19.203211797791887	31.932146796649075	0.0
77.0	28.154191676273005	18.993719441904837	19.875183845450568	32.97690503637158	0.0
78.0	29.866438764558573	17.766426839448265	18.230512382239535	34.13662201375362	0.0
79.0	30.763115267274188	16.610849970683812	18.319138998479534	34.30689576356246	0.0
80.0	29.424391795197963	18.998449674034028	18.39521386547941	33.1819446652886	0.0
81.0	29.98191286373032	18.132851009699475	18.794720941326126	33.09051518524408	0.0
82.0	28.252703132453487	20.393743043409128	18.290865002385118	33.06268882175227	0.0
83.0	29.434914829758902	18.283278010772992	19.699469300948103	32.582337858520006	0.0
84.0	28.08332173878476	17.551827632128163	19.074357496372564	35.290493132714516	0.0
85.0	29.709208721750713	16.556021545983977	19.185665162688082	34.549104569577224	0.0
86.0	29.238138776808253	19.30591719504681	19.537476893721056	31.918467134423885	0.0
87.0	28.83891036662327	19.363751105634012	19.874578865246818	31.922759662495903	0.0
88.0	31.165772212283837	19.450407473663287	17.081097197376266	32.30272311667661	0.0
89.0	30.142418429918806	19.14747711664795	19.321400530714875	31.388703922718374	0.0
90.0	32.23578286191338	18.151821741636684	18.24623824762965	31.36615714882029	0.0
91.0	29.008726072869667	19.72112345703552	19.923870480430935	31.346279989663877	0.0
92.0	25.958576000318033	18.076288536842313	18.891252062255262	37.07388340058439	0.0
93.0	28.98019221403938	19.839589731357524	19.510619477821837	31.66959857678126	0.0
94.0	29.61427989305982	18.72148841647038	18.476003061112934	33.18822862935687	0.0
95.0	30.25761310328377	19.15997455673054	19.668839945933055	30.913572394052636	0.0
96.0	30.396755983143837	20.721356444303094	18.901566351276138	29.980321221276935	0.0
97.0	29.601948019678975	19.934403418973314	18.88883367291159	31.57481488843612	0.0
98.0	30.435128312163318	17.305742739578985	20.460373307889558	31.798755640368135	0.0
99.0	28.566884994980768	19.502449981612713	19.551151441662608	32.37951358174391	0.0
100.0	29.67831303689235	19.606162677137107	19.344069519462657	31.371454766507885	0.0
101.0	30.564993204892478	18.545647134063476	18.9793348788872	31.91002478215685	0.0
102.0	28.79863275359405	18.028551322006635	21.661807580174926	31.51100834422439	0.0
103.0	28.792035666014403	18.97581247100119	19.606221379435556	32.62593048354885	0.0
104.0	31.15634947991646	17.726434031509157	18.850747176544537	32.26646931202984	0.0
105.0	29.32155376212603	17.68158473954512	21.08604385750387	31.91081764082498	0.0
106.0	28.75792271519117	19.717849110611326	19.677979963197707	31.846248210999796	0.0
107.0	29.989329831329258	17.898181967414946	18.757951327615217	33.354536873640576	0.0
108.0	27.673875227733575	20.122898932611445	22.092987349850233	30.110238489804743	0.0
109.0	28.50986430763825	19.02070006097372	20.950156568109712	31.519279063278322	0.0
110.0	28.19840092916178	17.601186340492163	22.691872945422116	31.508539784923933	0.0
111.0	30.22907433992884	19.01462663587375	20.903813744460393	29.852485279737014	0.0
112.0	29.08513792887423	17.19046922964479	20.06181218284712	33.662580658633864	0.0
113.0	30.625111271691434	17.966843654109983	19.20051944243719	32.20752563176139	0.0
114.0	29.66331594885599	16.365242261103635	19.65111877523553	34.32032301480484	0.0
115.0	27.256235827664398	18.482307651742868	22.337182935189578	31.92427358540315	0.0
116.0	30.24533835939899	18.429495663959507	17.884181658389895	33.4409843182516	0.0
117.0	29.555335863337266	16.424828055404962	21.26478936122716	32.75504672003062	0.0
118.0	30.393233860560358	17.643796461215217	19.440918932178626	32.5220507460458	0.0
119.0	31.815846924361114	18.62077822011044	17.947647789050126	31.615727066478318	0.0
120.0	30.62685862131899	17.965151856742565	19.490697499651088	31.917292022287352	0.0
121.0	30.196217799603687	19.19315930042216	19.59162574308607	31.018997156888084	0.0
122.0	29.354556358803123	17.22912006570061	20.443911347402775	32.972412228093496	0.0
123.0	29.029495615223684	19.423095684599627	19.11740794137733	32.43000075879936	0.0
124.0	28.32268666137054	18.308648289821637	20.071606577357954	33.29705847144987	0.0
125.0	27.70304970661189	18.22830730902455	20.277106985587377	33.79153599877618	0.0
126.0	30.19702541024093	17.31628340925306	19.2821469732726	33.20454420723341	0.0
127.0	28.198062147951365	19.307972971483373	19.359781302703954	33.13418357786131	0.0
128.0	29.355938960377397	18.393834023609664	19.62304267901043	32.627184337002504	0.0
129.0	26.827098438681553	18.039677950269116	21.4325430363418	33.70068057470753	0.0
130.0	28.890873569634383	18.205972648618477	18.785375383756627	34.11777839799051	0.0
131.0	28.671297333632083	16.99529464485772	19.87004257226081	34.46336544924938	0.0
132.0	29.346652267818573	16.46530777537797	19.877159827213823	34.310880129589634	0.0
133.0	30.488989271597966	18.255223037831733	19.524562394127614	31.731225296442688	0.0
134.0	30.167337909127006	16.303817573316696	21.06075216972035	32.468092347835956	0.0
135.0	30.033849625602627	17.25191187700163	21.26941794600016	31.444820551395587	0.0
136.0	28.533932398821737	19.550242415211986	18.94850252730753	32.96732265865875	0.0
137.0	29.542311946902654	18.095501474926255	19.740966076696164	32.62122050147493	0.0
138.0	29.69669586171741	18.69641781361509	20.082024190184903	31.5248621344826	0.0
139.0	27.33889186482521	20.64652863497683	20.70475347602301	31.309826024174953	0.0
140.0	29.259757738896365	18.459827959506114	19.157352683012462	33.123061618585055	0.0
141.0	27.69610435395734	19.132734003172924	20.058757858863626	33.11240378400611	0.0
142.0	26.60198529324977	19.043235012924473	20.764137247264618	33.59064244656115	0.0
143.0	29.228470814214063	19.593545097760227	20.019208195496745	31.15877589252896	0.0
144.0	27.807448381097704	19.2122454818559	21.294883410423918	31.68542272662248	0.0
145.0	31.112469437652813	19.37772664077856	18.07253463732681	31.437269284241815	0.0
146.0	30.030001084376543	18.083786160945575	19.90674361723918	31.979469137438706	0.0
147.0	29.2506365951255	19.117254759306416	20.54807808900206	31.084030556566024	0.0
148.0	29.945557969776125	18.399209003686433	20.548814726202973	31.106418300334465	0.0
149.0	28.749432229710653	19.736309063455234	20.909905596680538	30.604353110153575	0.0
150.0	29.809390866079482	20.068930587639436	18.83608602734988	31.285592518931203	0.0
151.0	30.524969897091502	18.919522822349393	20.589148056655535	29.96635922390357	0.0
152.0	27.563182527301095	19.062714508580346	20.475507020280812	32.898595943837755	0.0
153.0	29.636600913517043	19.422275761682478	19.412237112884608	31.528886211915875	0.0
154.0	29.991675285689055	17.894351807472063	20.71718675109104	31.396786155747836	0.0
155.0	32.308511177573884	18.674912556394787	19.994170426319258	29.022405839712068	0.0
156.0	27.710367330291362	18.950266384562443	19.79657906140865	33.54278722373754	0.0
157.0	29.572862067639782	17.436659789058197	22.05533698145609	30.93514116184593	0.0
158.0	27.641185727922394	19.750522432341786	21.298470111710223	31.309821728025593	0.0
159.0	30.302401038286824	16.53341985723556	20.107722258273846	33.056456846203766	0.0
160.0	30.669927801611387	17.802396149419273	20.501988071570576	31.025687977398764	0.0
161.0	28.301936434434854	18.1106609134919	21.133708692906755	32.45369395916649	0.0
162.0	29.790413223140494	18.61289256198347	19.888925619834712	31.707768595041326	0.0
163.0	29.265405994840286	18.11617330248145	20.05771430091226	32.560706401766005	0.0
164.0	31.17582447022263	18.406247488413214	19.80201998553326	30.6159080558309	0.0
165.0	28.23227895056316	18.87637418223511	19.84352869764619	33.04781816955554	0.0
166.0	28.97966387010942	18.631044500556595	19.460508810512884	32.9287828188211	0.0
167.0	27.121007093943494	19.068902830743156	19.85894123918481	33.95114883612854	0.0
168.0	30.246361044934382	17.831912637536664	18.70085517165402	33.22087114587493	0.0
169.0	30.3946729555386	18.474023721994868	20.2732884788791	30.858014843587434	0.0
170.0	31.426215071499463	18.12577754791093	20.734145011811737	29.71386236877787	0.0
171.0	28.940739385580994	19.851109641284005	20.567415809397822	30.640735163737176	0.0
172.0	28.54147481759581	19.172628745484168	19.968831904795636	32.31706453212439	0.0
173.0	30.572721174841945	19.276712954373547	17.63975509854572	32.51081077223879	0.0
174.0	31.191328474288753	18.55062463161829	20.541682839522146	29.71636405457081	0.0
175.0	28.493416573721337	19.2302678273969	18.689977837970943	33.586337760910816	0.0
176.0	28.787392382898002	17.726543119801548	23.27739676054283	30.208667736757622	0.0
177.0	27.487288011051348	18.657966669605855	19.658760250418833	34.19598506892396	0.0
178.0	27.05420034106918	19.096908133758433	20.24764588121895	33.60124564395343	0.0
179.0	30.045916154409895	18.252793108089918	18.78673666262844	32.91455407487175	0.0
180.0	26.365516096412456	17.94376443243733	22.09728783373832	33.593431637411896	0.0
181.0	29.412750399878135	17.43620991697768	20.68550536979206	32.46553431335212	0.0
182.0	28.64520889052845	18.4312459651388	20.790679086353713	32.13286605797903	0.0
183.0	29.420608841217682	17.40498480996962	19.72223944447889	33.45216690433381	0.0
184.0	30.911732087908657	18.21121194608019	18.297121257087518	32.57993470892364	0.0
185.0	29.31216431192805	19.058419568744192	20.77367732993117	30.855738789396586	0.0
186.0	30.521111535037516	19.448683708508202	20.60759252193819	29.422612234516087	0.0
187.0	28.09988933262763	19.26414216747662	20.0644757734687	32.571492726427046	0.0
188.0	28.372424517299464	17.310807308539587	21.974212776985873	32.34255539717507	0.0
189.0	29.99181669394435	18.873977086743043	20.797054009819966	30.337152209492636	0.0
190.0	29.08718219988759	19.49780143485304	18.416702482890866	32.9983138823685	0.0
191.0	30.17170891251022	18.387371301750463	20.137834365144258	31.303085420595057	0.0
192.0	28.819731274339567	19.02490011295244	20.64163730465128	31.513731308056713	0.0
193.0	31.630394060147815	17.947277000102176	18.734034944313883	31.688293995436123	0.0
194.0	29.594259756349373	19.765641131530042	20.137311583729094	30.502787528391494	0.0
195.0	31.330748230711713	18.03717678971987	21.026274148394165	29.60580083117425	0.0
196.0	29.17363078168159	19.41624588750682	18.994000598180826	32.41612273263076	0.0
197.0	28.10944389133836	18.793557104252596	20.88607594936709	32.21092305504196	0.0
198.0	28.48695089510389	18.428715220360917	22.05945790495363	31.024875979581566	0.0
199.0	29.650824794709685	19.873192355206744	19.18101882130659	31.294964028776977	0.0
200.0	29.03658760801618	19.049457620886194	20.189373046515904	31.724581724581725	0.0
201.0	32.331889419769844	17.537042889810184	19.93716187324546	30.193905817174517	0.0
202.0	31.01695872310791	18.496489676071448	20.245063901070978	30.241487699749666	0.0
203.0	29.90320548311346	18.585692739456654	19.486817235915158	32.02428454151473	0.0
204.0	31.38758976968084	19.19261100131108	19.03019392207894	30.38960530692914	0.0
205.0	28.12431821337194	19.637438267319858	19.928995021718006	32.30924849759019	0.0
206.0	29.447630546332633	17.67783479223262	19.700171043364524	33.17436361807023	0.0
207.0	28.75921049945911	20.643765435878596	21.864347968077073	28.732676096585223	0.0
208.0	28.28029958207473	18.016303223403813	19.6900732403691	34.013323954152355	0.0
209.0	29.290747420518414	19.316751950339736	19.404831809411963	31.987668819729887	0.0
210.0	28.212225084630287	17.69464966254338	21.7867103834444	32.30641486938193	0.0
211.0	28.672463015831816	20.756553335063586	20.416991089194568	30.153992559910026	0.0
212.0	30.05553238657565	19.131236418709804	19.862156763756886	30.95107443095766	0.0
213.0	29.34054439028733	19.36302330239701	20.219892724399635	31.076539582916023	0.0
214.0	30.570685953215055	18.29585263871624	19.00779749124195	32.12566391682676	0.0
215.0	29.840447480629038	18.584659116959333	20.36587043235065	31.20902297006098	0.0
216.0	27.964289035617966	15.92578815214359	22.244954896308005	33.864967915930436	0.0
217.0	28.74761242247742	19.829273469002757	20.85033131322659	30.57278279529323	0.0
218.0	28.464356696439264	18.694475706999352	19.527789085510406	33.31337851105098	0.0
219.0	31.678182172051383	18.17098092643052	20.272966134682758	29.877870766835347	0.0
220.0	29.796666419000918	18.1737127572628	19.535874383931446	32.49374643980484	0.0
221.0	28.97153929389265	17.833865975490074	22.320642190291654	30.87395254032562	0.0
222.0	28.320172290021535	19.415957337708953	19.22110552763819	33.042764844631314	0.0
223.0	26.65451230628988	19.97135043625472	20.541737205365283	32.832400052090115	0.0
224.0	27.82887587139184	18.967847960346703	20.176531396612503	33.02674477164895	0.0
225.0	28.031857451403887	19.168466522678184	20.8207343412527	31.978941684665223	0.0
226.0	28.231797919762258	19.261460569038576	20.529965329370974	31.976776181828185	0.0
227.0	30.214861235452105	17.13294538943599	22.098813786929274	30.553379588182633	0.0
228.0	28.36935836623399	19.01610475189593	21.830885903371488	30.783650978498596	0.0
229.0	28.706971362452993	19.69916112236043	19.647092855076657	31.946774660109924	0.0
230.0	29.45763913505849	17.564693371144983	20.929339477726575	32.04832801606995	0.0
231.0	28.632646286628237	18.459727796722696	19.79961976038869	33.10800615626037	0.0
232.0	31.398001973359648	17.15897878638382	20.11285150468673	31.33016773556981	0.0
233.0	28.909222400402477	17.4606169229318	20.59554130113511	33.03461937553061	0.0
234.0	30.105939004815408	18.234349919743178	20.815409309791335	30.84430176565008	0.0
235.0	29.760577238438835	16.82846835027878	22.381108560183666	31.02984585109872	0.0
236.0	28.110954585094248	18.69591467095995	21.312135238478565	31.88099550546723	0.0
237.0	28.37777548989327	19.777617625862245	23.079034970314698	28.765571913929783	0.0
238.0	28.879188960856094	21.796676992396506	19.10025344973247	30.223880597014922	0.0
239.0	27.684860744861467	21.890691037821046	19.008055485315897	31.41639273200159	0.0
240.0	31.52004743200178	18.409545690357966	19.80656636774624	30.26384050989402	0.0
241.0	28.051481820959363	19.33623586923312	21.494042163153072	31.118240146654447	0.0
242.0	25.87607424557548	19.809284621119964	23.97676882627634	30.337872307028213	0.0
243.0	26.014194693120412	20.38067586095653	16.638438583756752	36.9666908621663	0.0
244.0	25.69790628115653	21.107510800930545	18.511133266866068	34.68344965104686	0.0
245.0	31.584137191854232	17.359056806002144	16.012861736334404	35.043944265809216	0.0
246.0	34.85378047161881	14.2326239879662	19.594744060522938	31.31885147989205	0.0
247.0	34.100110415899884	17.560728744939272	20.91001104158999	27.42914979757085	0.0
248.0	33.4656725089571	16.151834995642492	21.371162970853103	29.011329524547303	0.0
249.0	25.03796919071382	21.517682794532437	26.16077240182252	27.283575612931223	0.0
250.0	19.111783308125947	21.07795957651588	37.60483981850681	22.20541729685137	0.0
