# Position (bp)	A	C	G	T	N
0.0	30.23205378442854	18.43417913684667	18.499240945564953	32.834526133159834	0.0
1.0	24.051181956191716	22.641509433962266	24.98373454782043	28.323574062025592	0.0
2.0	29.193617938766707	18.973695558430357	18.65028029322984	33.18240620957309	0.0
3.0	29.806451612903224	21.634408602150536	19.548387096774196	29.010752688172044	0.0
4.0	30.223559759243336	18.981083404987103	19.969905417024936	30.825451418744628	0.0
5.0	30.296519123334765	20.19767941555651	17.36140954018049	32.144391920928236	0.0
6.0	30.440386680988183	19.441460794844254	20.558539205155746	29.559613319011813	0.0
7.0	30.06227184882972	20.592656216448358	20.270560446639468	29.074511488082454	0.0
8.0	30.13522215067611	20.240394934535306	19.98282893324748	29.6415539815411	0.0
9.0	27.98283261802575	20.94420600858369	17.27467811158798	33.798283261802574	0.0
10.0	26.367732246299074	17.378245011800043	21.66916970607166	34.58485303582922	0.0
11.0	26.81252681252681	19.09051909051909	19.36936936936937	34.72758472758473	0.0
12.0	26.46932646932647	19.51951951951952	19.36936936936937	34.64178464178464	0.0
13.0	27.5788119236543	22.024447780398884	19.0864250482522	31.310315247694614	0.0
14.0	26.88679245283019	20.797598627787306	21.569468267581478	30.746140651801028	0.0
15.0	26.838156484458736	20.214362272240084	20.878885316184352	32.068595927116824	0.0
16.0	26.119562888365117	19.948575101778445	22.11270623526891	31.819155774587532	0.0
17.0	28.59897172236504	19.00171379605827	20.95115681233933	31.448157669237357	0.0
18.0	27.372028271578497	20.154208609980724	19.918612122510172	32.5551509959306	0.0
19.0	25.95844934675519	21.91047333476119	22.27457699721568	29.856500321267937	0.0
20.0	27.907474834011563	20.475476547440564	19.168986935103877	32.44806168344399	0.0
21.0	25.722852859284647	20.304133647461985	21.032340972370957	32.940672520882416	0.0
22.0	27.969184677937086	19.94436122405307	19.601968756687352	32.48448534132249	0.0
23.0	27.840787502674942	21.592124973250588	18.510592766959128	32.056494757115345	0.0
24.0	28.290177616092443	18.531992296169484	17.91140594906912	35.26642413866895	0.0
25.0	27.455595976888507	19.559169698266636	17.483415364861973	35.50181895998288	0.0
26.0	30.43850267379679	18.010695187165776	16.855614973262032	34.6951871657754	0.0
27.0	28.485885372112918	20.25235243798118	18.113772455089823	33.14798973481608	0.0
28.0	29.46963216424294	18.520102651839178	16.424294268605646	35.58597091531223	0.0
29.0	28.437032285653196	17.169125507804146	16.827025871285013	37.56681633525764	0.0
30.0	31.058823529411768	17.454545454545457	17.49732620320856	33.98930481283423	0.0
31.0	30.464568614857633	16.48469278527082	17.79062299293513	35.26011560693642	0.0
32.0	28.693790149892934	19.657387580299787	19.97858672376874	31.670235546038544	0.0
33.0	28.850278850278848	19.283569283569282	20.12012012012012	31.746031746031743	0.0
34.0	32.45632952339875	15.548846236791029	19.64632305369851	32.34850118611171	0.0
35.0	30.880448856279674	18.839015968925334	18.66637893828226	31.61415623651273	0.0
36.0	29.69121140142518	19.391060246167136	16.56229755992226	34.35543079248543	0.0
37.0	29.71514889943893	21.104876996115667	18.40742339231765	30.77255071212775	0.0
38.0	29.52236870542468	20.12102874432678	17.743678409336503	32.612924140912035	0.0
39.0	31.07027027027027	18.054054054054053	16.583783783783783	34.29189189189189	0.0
40.0	27.74653979238754	17.798442906574394	20.307093425605537	34.147923875432525	0.0
41.0	28.723404255319153	15.914025184541902	22.253582283977423	33.108988276161526	0.0
42.0	32.15063125816282	16.652154984762735	19.329560296038313	31.867653461036134	0.0
43.0	30.522875816993466	18.344226579520697	19.25925925925926	31.873638344226578	0.0
44.0	30.159076051427324	20.17868816735672	16.670298539986923	32.991937241229024	0.0
45.0	33.589462129527995	16.245883644346872	17.69484083424808	32.469813391877054	0.0
46.0	30.114386273647163	15.090189177298724	21.843378794544655	32.952045754509456	0.0
47.0	34.32343234323432	16.633663366336634	19.03190319031903	30.011001100110015	0.0
48.0	28.41734536649791	18.7541272287035	20.118864186660797	32.7096632181378	0.0
49.0	30.29301608283763	18.19784093412646	19.299405155320557	32.20973782771536	0.0
50.0	28.854625550660796	21.475770925110133	19.801762114537443	29.867841409691632	0.0
51.0	30.224867724867728	17.570546737213405	17.83509700176367	34.3694885361552	0.0
52.0	29.230090447827045	16.85418045444518	23.670858151334656	30.244870946393114	0.0
53.0	29.596115647759873	20.304568527918782	19.642463032443167	30.456852791878177	0.0
54.0	29.507834915029797	20.26042816155374	18.274111675126903	31.957625248289563	0.0
55.0	30.03533568904594	17.358657243816257	17.84452296819788	34.76148409893993	0.0
56.0	25.336867682792136	19.615639496355204	20.432957808703335	34.614535012149325	0.0
57.0	30.55678303137428	17.631462660185594	20.01767565178966	31.794078656650466	0.0
58.0	29.605845881310895	19.973427812223207	18.09123117803366	32.32949512843224	0.0
59.0	28.011514614703277	19.10983170947741	19.596988485385296	33.28166519043401	0.0
60.0	31.178033658104514	17.11691762621789	19.596988485385296	32.108060230292296	0.0
61.0	28.88150609080842	18.31672203765227	22.081949058693244	30.719822812846072	0.0
62.0	30.387596899224807	19.756367663344406	20.46511627906977	29.39091915836102	0.0
63.0	30.55617106137824	18.23620651451363	19.211167737646797	31.996454686461334	0.0
64.0	27.845573552252052	19.25893055247393	21.588639893499	31.306856001775017	0.0
65.0	29.181494661921707	19.41725978647687	19.572953736654807	31.828291814946617	0.0
66.0	29.49288256227758	17.348754448398576	20.52935943060498	32.629003558718864	0.0
67.0	29.159252669039148	20.351423487544483	18.772241992882563	31.717081850533805	0.0
68.0	27.891459074733092	19.862099644128115	20.373665480427047	31.872775800711743	0.0
69.0	28.883441051927793	20.03565856919991	19.545353242701136	31.53554713617116	0.0
70.0	29.0394472921774	21.528861154446176	18.27501671495431	31.15667483842211	0.0
71.0	29.500891265597147	20.967023172905524	19.964349376114082	29.567736185383243	0.0
72.0	29.523172905525847	18.78342245989305	20.34313725490196	31.350267379679142	0.0
73.0	29.901960784313726	17.602495543672013	21.18983957219251	31.305704099821746	0.0
74.0	30.160499331252787	18.323673651359787	20.485956308515384	31.02987070887205	0.0
75.0	30.829246544806065	18.613464110566206	22.403031654034773	28.154257690592953	0.0
76.0	30.05574136008919	20.80267558528428	19.643255295429206	29.498327759197323	0.0
77.0	31.30298973672468	19.857206604194555	18.87550200803213	29.964301651048643	0.0
78.0	28.313253012048197	17.916108879964302	21.976796073181614	31.79384203480589	0.0
79.0	30.388219544846052	18.87550200803213	18.49620705042392	32.2400713966979	0.0
80.0	32.1954484605087	17.42525658188309	18.49620705042392	31.883087907184294	0.0
81.0	28.000892458723786	18.58545292280232	20.883534136546185	32.53012048192771	0.0
82.0	32.14365380325675	15.369172429176892	21.52576399732322	30.961409770243144	0.0
83.0	31.385233102832927	17.220611197858577	20.209681017176	31.184474682132503	0.0
84.0	29.361892012494422	17.53681392235609	20.325747434181167	32.775546630968314	0.0
85.0	29.62053571428571	17.43303571428571	20.691964285714285	32.254464285714285	0.0
86.0	29.55357142857143	19.39732142857143	19.977678571428573	31.071428571428573	0.0
87.0	31.138392857142854	16.428571428571427	20.379464285714285	32.05357142857143	0.0
88.0	32.8125	16.852678571428573	18.50446428571429	31.830357142857142	0.0
89.0	31.38392857142857	15.78125	19.084821428571427	33.75	0.0
90.0	29.910714285714285	16.71875	19.107142857142854	34.263392857142854	0.0
91.0	30.736607142857142	18.45982142857143	16.71875	34.08482142857142	0.0
92.0	29.535299374441465	18.118856121537085	17.470956210902592	34.87488829311886	0.0
93.0	32.15642458100559	16.62569832402235	19.64245810055866	31.575418994413408	0.0
94.0	29.74060822898032	17.195885509838998	19.856887298747765	33.20661896243291	0.0
95.0	31.417710196779964	17.128801431127012	18.448121645796064	33.005366726296955	0.0
96.0	29.382826475849733	17.262969588550984	18.98479427549195	34.36940966010734	0.0
97.0	29.49463327370304	17.0169946332737	19.342576028622542	34.14579606440071	0.0
98.0	29.58407871198569	19.655635062611807	19.342576028622542	31.417710196779964	0.0
99.0	29.159212880143116	19.11896243291592	18.67173524150268	33.05008944543829	0.0
100.0	30.850111856823265	17.96420581655481	19.395973154362416	31.789709172259506	0.0
101.0	31.11856823266219	19.59731543624161	20.447427293064877	28.83668903803132	0.0
102.0	29.426266248319138	19.430748543254143	19.475571492604214	31.6674137158225	0.0
103.0	28.58744394618834	20.62780269058296	21.390134529147982	29.394618834080717	0.0
104.0	28.04932735426009	18.116591928251122	20.291479820627803	33.54260089686099	0.0
105.0	29.50415077406327	19.273053623513576	18.285842494951762	32.936953107471396	0.0
106.0	31.75387379294857	19.98652593757018	18.773860318886143	29.485739950595104	0.0
107.0	31.10961365678347	21.00179694519317	18.68823000898473	29.20035938903863	0.0
108.0	32.78577857785779	17.574257425742573	18.81188118811881	30.828082808280826	0.0
109.0	28.83836109860423	19.158036920306166	18.392615938766323	33.610986042323276	0.0
110.0	27.8766043683855	19.837874352623285	18.689484350371536	33.59603692861968	0.0
111.0	31.836642599277976	18.434115523465707	18.569494584837546	31.15974729241877	0.0
112.0	28.12641083521445	19.480812641083524	20.270880361173816	32.121896162528216	0.0
113.0	30.53297199638663	18.360433604336045	19.96386630532972	31.142728093947607	0.0
114.0	30.652812288231306	16.444544838491076	19.584368646939236	33.31827422633838	0.0
115.0	27.435028248587574	19.615819209039547	16.06779661016949	36.88135593220339	0.0
116.0	28.736151933077096	19.94121636898033	17.4316075062175	33.89102419172507	0.0
117.0	32.32300384528387	17.394254693508255	17.054964940058813	33.22777652114906	0.0
118.0	30.407239819004523	17.398190045248867	19.8868778280543	32.30769230769231	0.0
119.0	24.93212669683258	21.470588235294116	22.30769230769231	31.289592760180994	0.0
120.0	30.224134027620558	19.877745075843333	19.35702965813901	30.5410912383971	0.0
121.0	30.027173913043477	20.108695652173914	19.067028985507246	30.79710144927536	0.0
122.0	31.000905797101446	17.91213768115942	19.36141304347826	31.72554347826087	0.0
123.0	31.37743543271409	16.78749433620299	19.075668328047122	32.759401903035794	0.0
124.0	32.03443588581785	17.874943362029903	18.826461259628456	31.264159492523785	0.0
125.0	31.754306436990028	18.01903898458749	18.29102447869447	31.935630099728012	0.0
126.0	31.73164097914778	17.497733454215776	20.30825022665458	30.462375339981868	0.0
127.0	28.7916572205849	20.176830650646114	19.474042167309	31.55746996145999	0.0
128.0	32.86427598729006	17.362687244666365	17.83931003177485	31.933726736268724	0.0
129.0	30.851305334846764	19.477866061293984	20.54483541430193	29.12599318955732	0.0
130.0	31.068181818181817	19.227272727272727	17.045454545454543	32.65909090909091	0.0
131.0	29.974982942915624	18.53536502160564	21.150784625881283	30.33886740959745	0.0
132.0	27.810650887573964	17.6832043695949	21.87073281747838	32.635411925352756	0.0
133.0	27.77777777777778	18.55646630236794	20.651183970856103	33.01457194899818	0.0
134.0	26.520847573479152	20.186830713146502	22.146274777853726	31.146046935520623	0.0
135.0	28.87420237010027	18.573381950774838	21.103008204193255	31.449407474931633	0.0
136.0	29.49623888762252	17.55185776156827	18.873945748803283	34.077957602005924	0.0
137.0	28.63657090743274	17.46466028271774	18.627450980392158	35.27131782945737	0.0
138.0	27.48004561003421	19.49828962371722	18.654503990877995	34.36716077537058	0.0
139.0	30.89041095890411	17.876712328767123	19.315068493150687	31.917808219178085	0.0
140.0	28.0721790772042	19.004111466423023	20.2603928734582	32.663316582914575	0.0
141.0	28.594285714285718	17.554285714285715	21.782857142857143	32.06857142857143	0.0
142.0	31.001371742112482	17.99268404206676	19.707361682670324	31.29858253315043	0.0
143.0	32.83786873999542	17.539446604161903	19.6890006860279	29.933683969814773	0.0
144.0	30.382063601006635	19.10318005033173	18.760009151223976	31.754747197437656	0.0
145.0	31.34294211850835	16.678105696636926	18.57698467169984	33.40196751315489	0.0
146.0	29.565217391304348	19.038901601830663	18.53546910755149	32.860411899313505	0.0
147.0	29.781357882623706	19.60874568469505	18.941311852704256	31.668584579976983	0.0
148.0	30.716094865300487	19.479622380842734	18.052037761915727	31.752244991941055	0.0
149.0	29.93322588072761	18.466497812571955	19.019111213446926	32.58116509325351	0.0
150.0	27.968641918376758	17.40834678349089	20.54415494581508	34.078856352317274	0.0
151.0	28.54507724233341	19.66797325340097	19.29905464606871	32.48789485819691	0.0
152.0	29.00992384029541	17.8398338333718	18.71682437110547	34.43341795522733	0.0
153.0	31.247113163972283	17.9445727482679	18.822170900692843	31.986143187066972	0.0
154.0	31.258708778448675	17.46400371574547	18.578727357176035	32.69856014862982	0.0
155.0	29.895470383275264	18.443670150987224	19.349593495934958	32.311265969802555	0.0
156.0	31.372093023255815	16.232558139534884	20.325581395348838	32.06976744186046	0.0
157.0	30.937427308676433	18.120493137939057	19.981391021167713	30.960688532216796	0.0
158.0	31.32417966022807	18.454735862229462	19.385617872934606	30.835466604607863	0.0
159.0	29.54333643988816	16.565703634669152	21.318732525629077	32.572227399813606	0.0
160.0	26.596736596736598	18.53146853146853	22.843822843822846	32.02797202797203	0.0
161.0	28.344618258230213	17.394349754844736	23.558253560588373	30.70277842633668	0.0
162.0	28.25523899222981	18.766187897339297	22.156816576406875	30.82175653402402	0.0
163.0	29.658421672555946	15.406360424028268	21.224970553592463	33.71024734982332	0.0
164.0	31.516867185656995	18.54210898796886	21.89195564991743	28.04906817645671	0.0
165.0	31.554085970713274	17.076051015588096	21.374586679263107	29.995276334435523	0.0
166.0	30.243556396311185	18.16032158902814	21.068810593520926	30.527311421139746	0.0
167.0	28.679962013295345	17.782526115859447	21.604938271604937	31.932573599240264	0.0
168.0	28.096030425481338	17.803660565723796	19.633943427620633	34.46636558117424	0.0
169.0	26.2657475635845	17.75612075112907	20.299500831946755	35.67863085333967	0.0
170.0	27.99048751486326	15.980975029726515	21.640903686087988	34.387633769322235	0.0
171.0	28.003806804663334	17.32096121817749	18.81989055436593	35.85534142279324	0.0
172.0	28.20085673488815	19.82389338410281	18.729176582579722	33.246073298429316	0.0
173.0	26.577756608716363	17.50416765896642	18.74255775184568	37.17551798047154	0.0
174.0	27.459899449365572	19.51161120421355	19.463729949724684	33.56475939669619	0.0
175.0	28.509822712026832	17.417345471969334	20.8672735984667	33.20555821753713	0.0
176.0	28.842004315511865	16.66267082234476	18.556701030927837	35.93862383121554	0.0
177.0	29.112709832134293	19.71223021582734	19.424460431654676	31.750599520383695	0.0
178.0	31.309980806142036	18.042226487523994	18.97792706333973	31.669865642994242	0.0
179.0	29.154658981748323	18.99615754082613	21.01344860710855	30.835734870317005	0.0
180.0	32.40451597405717	17.175114100408358	16.886860437184723	33.53350948834975	0.0
181.0	30.18777082330284	18.175252768415984	18.728935965334617	32.90804044294656	0.0
182.0	32.90773307636714	17.923391953746084	19.947000722717416	29.221874247169353	0.0
183.0	29.949360983843743	22.835784904750422	18.5194116228599	28.695442488545936	0.0
184.0	31.458232737807823	19.435055528730082	18.396909705456302	30.709802028005797	0.0
185.0	30.659579608601113	20.995409519207538	20.777965692196183	27.56704517999517	0.0
186.0	32.95399515738499	17.748184019370463	21.45278450363196	27.845036319612593	0.0
187.0	32.007806782141984	19.785313491095387	19.712124908514273	28.494754818248353	0.0
188.0	31.68171833048572	18.89187210153771	19.18476934342202	30.24164022455455	0.0
189.0	33.43108504398827	18.548387096774192	18.255131964809383	29.765395894428153	0.0
190.0	33.259911894273124	16.837983357807147	17.44982868330886	32.45227606461087	0.0
191.0	29.37285644292014	18.83880450759432	18.56932876041156	33.219010289073985	0.0
192.0	33.53778213935231	17.198233562315995	19.013738959764474	30.250245338567222	0.0
193.0	28.673746604099776	17.18942948876266	21.363299580143245	32.77352432699432	0.0
194.0	30.432632880098886	19.18417799752781	19.80222496909765	30.580964153275648	0.0
195.0	31.271647699158834	19.742701632855024	17.51608114794656	31.469569520039585	0.0
196.0	31.48377508050533	20.03963339113203	18.008422095615558	30.46816943274709	0.0
197.0	30.580357142857146	18.75	20.610119047619047	30.059523809523807	0.0
198.0	32.09233060312733	18.9873417721519	17.39885827748821	31.52146934723256	0.0
199.0	29.540372670807454	18.459627329192546	19.577639751552795	32.422360248447205	0.0
200.0	28.57142857142857	17.91304347826087	21.41614906832298	32.099378881987576	0.0
201.0	29.937733499377334	15.740971357409714	20.473225404732254	33.848069738480696	0.0
202.0	31.60389124469943	15.914193065602394	20.478922424544773	32.00299326515341	0.0
203.0	30.994005994005995	15.80919080919081	20.85414585414585	32.34265734265735	0.0
204.0	28.517870532366906	18.92026993251687	19.39515121219695	33.16670832291927	0.0
205.0	32.13303325831458	15.378844711177795	21.13028257064266	31.357839459864966	0.0
206.0	29.526671675432002	17.60581016779364	20.836463811670423	32.03105434510393	0.0
207.0	29.691806564770733	17.990478576797795	19.51891756452017	32.7987972939113	0.0
208.0	28.438521498617046	18.43097812421423	21.649484536082475	31.481015841086247	0.0
209.0	30.306841046277665	17.228370221327967	19.26559356136821	33.199195171026155	0.0
210.0	30.68982880161128	17.170191339375627	20.745216515609265	31.394763343403824	0.0
211.0	29.06478447189312	16.637257373329973	21.981346105369294	32.31661204940761	0.0
212.0	29.328621908127207	16.63301362948006	22.31196365471984	31.726400807672896	0.0
213.0	31.043192725435713	17.655973730740087	20.535488759787825	30.765344784036376	0.0
214.0	29.95193523905894	20.667847204654695	20.490766506450797	28.889451049835568	0.0
215.0	31.685678073510775	20.53231939163498	18.986058301647653	28.795944233206587	0.0
216.0	34.153768079167726	17.102258310073584	18.19335194113169	30.550621669627	0.0
217.0	30.005081300813007	18.69918699186992	18.978658536585368	32.31707317073171	0.0
218.0	28.25534079348932	18.692777212614445	20.72736520854527	32.324516785350966	0.0
219.0	28.14569536423841	19.510952623535406	23.000509424350486	29.3428425878757	0.0
220.0	29.696660718837624	19.780780015294415	20.265103237318378	30.25745602854958	0.0
221.0	31.301020408163264	19.33673469387755	18.26530612244898	31.096938775510203	0.0
222.0	31.007157464212682	19.197341513292436	19.580777096114517	30.214723926380366	0.0
223.0	32.60813923726644	18.044535449193756	18.351676478116204	30.9956488354236	0.0
224.0	34.17818740399385	15.693804403481822	20.097286226318484	30.030721966205835	0.0
225.0	35.9375	17.23872950819672	19.262295081967213	27.561475409836067	0.0
226.0	33.256410256410255	17.923076923076923	19.333333333333332	29.48717948717949	0.0
227.0	30.903490759753595	17.684804928131417	19.430184804928132	31.981519507186857	0.0
228.0	29.419321685508738	18.627954779033914	19.270298047276466	32.68242548818088	0.0
229.0	31.085949562532168	20.07205352547607	16.64951106536284	32.19248584662893	0.0
230.0	30.334456831734506	23.25641690432979	15.815400570391496	30.593725693544204	0.0
231.0	30.92890503373119	20.083030617540217	18.11105345096004	30.877010897768553	0.0
232.0	29.56318252730109	17.1866874674987	18.434737389495577	34.815392615704624	0.0
233.0	29.46242171189979	17.667014613778704	20.6419624217119	32.2286012526096	0.0
234.0	26.691042047531994	19.587359623922694	21.781143901802036	31.940454426743276	0.0
235.0	26.868792472556198	18.13904861474124	20.909566126502874	34.08259278619969	0.0
236.0	28.848167539267017	16.780104712041886	21.8848167539267	32.48691099476439	0.0
237.0	27.029886273472627	19.04258132769109	21.608040201005025	32.31949219783126	0.0
238.0	31.08108108108108	16.216216216216218	19.87281399046105	32.829888712241655	0.0
239.0	27.40308019118428	16.728624535315987	20.65852363250133	35.209771640998405	0.0
240.0	26.820839978734718	16.56034024455077	20.68048910154173	35.93833067517278	0.0
241.0	26.77376171352075	17.322623828647927	22.89156626506024	33.01204819277108	0.0
242.0	27.66299973168768	16.125570163670513	22.99436544137376	33.21706466326804	0.0
243.0	26.23172712506768	15.755278830536005	23.17271250676773	34.840281537628584	0.0
244.0	26.585365853658537	16.82926829268293	21.436314363143634	35.14905149051491	0.0
245.0	28.796095444685466	16.377440347071584	22.69522776572668	32.13123644251627	0.0
246.0	26.94708276797829	16.173677069199456	21.031207598371775	35.84803256445048	0.0
247.0	26.82993197278912	18.72108843537415	22.91156462585034	31.537414965986393	0.0
248.0	26.710275279367675	17.715998909784684	23.24884164622513	32.32488416462252	0.0
249.0	27.955227955227958	18.29101829101829	19.6014196014196	34.15233415233415	0.0
250.0	26.690391459074732	17.6019709827539	20.722693676430332	34.98494388174104	0.0
251.0	27.53225363711227	18.556135053527314	20.450178424375515	33.4614328849849	0.0
252.0	28.223574986164913	19.97786386275595	20.171555063641396	31.627006087437742	0.0
253.0	31.234396671289876	16.421636615811373	19.1123439667129	33.23162274618585	0.0
254.0	30.675187552097803	16.976938038343985	19.644345651569882	32.70352875798833	0.0
255.0	29.68227424749164	18.84057971014493	19.035674470457078	32.441471571906355	0.0
256.0	29.33709449929478	18.758815232722146	19.012693935119888	32.89139633286319	0.0
257.0	30.590896239751203	17.8117048346056	17.048346055979643	34.549052869663555	0.0
258.0	31.492495043896913	17.983574058340412	17.983574058340412	32.54035683942226	0.0
259.0	31.610337972166995	16.72820221527975	17.72223800056802	33.939221811985234	0.0
260.0	30.119453924914673	19.254835039817976	16.95108077360637	33.67463026166098	0.0
261.0	30.584878744650503	18.316690442225394	19.62910128388017	31.46932952924394	0.0
262.0	31.484129253645982	16.328281384043468	20.44609665427509	31.74149270803546	0.0
263.0	33.10423825887743	19.329896907216497	16.151202749140893	31.414662084765176	0.0
264.0	29.928263988522236	19.110473457675752	20.71736011477762	30.24390243902439	0.0
265.0	29.709519700891573	19.44204774230659	19.413287316652287	31.435145240149552	0.0
266.0	32.621863282376694	18.344389962503605	19.44043841938275	29.59330833573695	0.0
267.0	31.443448076366792	19.149551634365057	19.0049175585768	30.402082730691347	0.0
268.0	30.89855072463768	17.449275362318843	20.956521739130434	30.695652173913047	0.0
269.0	32.372634643377005	19.15574963609898	19.30131004366812	29.170305676855897	0.0
270.0	32.345171705312595	20.927502201350162	15.996477839741708	30.73084825359554	0.0
271.0	32.803297997644286	19.287396937573618	17.137809187279153	30.771495877502947	0.0
272.0	31.718842291789723	17.926757235676313	18.015357353809804	32.339043118724156	0.0
273.0	30.75555555555556	16.266666666666666	19.822222222222223	33.15555555555555	0.0
274.0	31.491384432560903	18.983957219251337	19.19191919191919	30.332739156268566	0.0
275.0	29.895678092399404	18.599105812220568	21.28166915052161	30.22354694485842	0.0
276.0	30.711271850512357	20.34358047016275	19.198312236286917	29.746835443037973	0.0
277.0	28.281297362837222	19.915125795695666	19.551379205819945	32.252197635647164	0.0
278.0	27.488584474885847	19.726027397260275	21.856925418569254	30.928462709284627	0.0
279.0	29.095354523227385	21.149144254278728	19.86552567237164	29.88997555012225	0.0
280.0	30.29745476847593	19.472554431156087	20.944495553511192	29.28549524685679	0.0
281.0	31.263449123885646	17.58376882877344	21.45711650783892	29.695665539502	0.0
282.0	28.15294480419365	18.439716312056735	23.527597903176073	29.879740980573544	0.0
283.0	29.461227032077236	19.4331983805668	22.298349423855495	28.807225163500465	0.0
284.0	27.59811616954474	20.565149136577705	21.821036106750395	30.01569858712716	0.0
285.0	28.71568318081414	18.586304828021458	22.372988324392555	30.32502366677185	0.0
286.0	27.579617834394902	17.70700636942675	24.012738853503183	30.700636942675157	0.0
287.0	25.67956507834986	20.243044451551008	24.048608890310202	30.028781579788934	0.0
288.0	24.3391360412637	19.825918762088975	22.856221792392006	32.97872340425532	0.0
289.0	27.998706757193663	18.26705463950857	21.50016165535079	32.234076947946974	0.0
290.0	31.33116883116883	15.357142857142858	21.59090909090909	31.72077922077922	0.0
291.0	29.215686274509807	16.503267973856207	22.287581699346408	31.993464052287578	0.0
292.0	27.597509013438216	18.682399213372662	23.238282530317928	30.48180924287119	0.0
293.0	29.806112389089712	16.825501150180745	21.853434111074595	31.514952349654944	0.0
294.0	32.814569536423846	18.41059602649007	19.70198675496689	29.072847682119207	0.0
295.0	30.712858094603597	18.454363757495003	23.051299133910728	27.781479013990673	0.0
296.0	31.105913798864016	18.10892081523555	21.850985633144003	28.934179752756435	0.0
297.0	28.431703204047214	19.021922428330523	23.102866779089375	29.443507588532885	0.0
298.0	27.873365450791464	20.337233310392293	22.883688919476946	28.9057123193393	0.0
299.0	29.914846353202517	17.363939281747502	20.362828582006664	32.35838578304332	0.0
300.0	31.620553359683797	8.168642951251647	21.60737812911726	38.6034255599473	0.0
