# Position (bp)	A	C	G	T	N
0.0	25.980847339832653	23.96904248009153	23.91883997356694	26.131270206508876	0.0
1.0	26.342086111493877	19.861357988188217	15.333091899669771	38.46346400064814	0.0
2.0	28.715331406683347	18.77774078845718	18.465411170915853	34.04151663394362	0.0
3.0	22.811184023733013	22.290380314076643	15.03939254411493	39.85904311807541	0.0
4.0	34.07960018221775	13.107600646875344	14.592982216926572	38.21981695398033	0.0
5.0	34.68455427057162	14.76833493626307	23.109236912399755	27.437873880765558	0.0
6.0	30.63122739653662	17.301973331733922	20.878399927103743	31.188399344625715	0.0
7.0	34.723429630599355	16.968715163056363	20.015328976090142	28.29252623025414	0.0
8.0	22.20914882659514	26.95812098356893	22.737531365864825	28.095198823971106	0.0
9.0	27.832841495042302	18.40277605565491	15.554516194330818	38.20986625497197	0.0
10.0	25.919695312089996	16.33332968083088	25.429837061865513	32.31713794521362	0.0
11.0	28.051784026376453	17.824865583103755	19.470752394359536	34.65259799616026	0.0
12.0	26.0549340213879	19.44552705898772	21.198774373965882	33.30076454565849	0.0
13.0	26.117853182088975	20.586203575492323	18.746080528451746	34.54986271396695	0.0
14.0	30.53361330725831	18.320041107953937	20.27735181268891	30.86899377209884	0.0
15.0	29.887962370766292	18.31245159232767	19.71402059203989	32.08556544486615	0.0
16.0	29.517875443130247	17.51096183269501	18.735930416367978	34.23523230780676	0.0
17.0	30.269375900750354	17.770643222983544	19.780965194919638	32.179015681346456	0.0
18.0	30.6474906443072	17.443740408576613	18.703646139410637	33.20512280770555	0.0
19.0	29.583193721232938	18.213880162932366	20.035306242145918	32.16761987368877	0.0
20.0	29.751858595097612	17.580270950321545	19.784713815859664	32.883156638721175	0.0
21.0	28.92318268298605	18.25579551215101	19.4636473159009	33.357374488962044	0.0
22.0	29.721950367105332	18.898655167819992	22.355333509037926	29.024060956036752	0.0
23.0	29.776230398316926	20.095687874826048	20.87215991501588	29.255921811841144	0.0
24.0	32.276987331391354	19.211094072507557	18.233661347277437	30.278257248823653	0.0
25.0	29.376546666582083	20.997767552052483	19.155210784955457	30.470474996409973	0.0
26.0	32.12804597078037	16.62046251061869	21.659774010061298	29.591717508539645	0.0
27.0	26.162559812130652	21.109361113882528	25.045978277606718	27.682100796380098	0.0
28.0	26.218466168119303	19.606337130205752	18.296903466090264	35.87829323558468	0.0
29.0	28.039880713114577	19.649279024851047	17.31828271637761	34.99255754565676	0.0
30.0	26.377166116000083	19.027589707011643	16.191203359845968	38.4040408171423	0.0
31.0	34.07971754871441	14.091424521040727	17.963907327801834	33.864950602443024	0.0
32.0	34.01817347287128	15.511248806142234	22.595769385764992	27.874808335221495	0.0
33.0	30.900205504256977	17.531781465398595	20.701494413472478	30.866518616871957	0.0
34.0	33.20877209291664	16.303429551627925	21.83427717847396	28.65352117698147	0.0
35.0	26.074761812806134	20.465277252242263	25.4453859141404	28.014575020811204	0.0
