# Position (bp)	A	C	G	T	N
0.0	26.681511801420143	24.03987859020498	24.57116193978481	24.707447668590067	0.0
1.0	26.680150776868622	20.39165210995679	15.564493886181852	37.36370322699274	0.0
2.0	27.576404021167892	20.03854534800681	17.635641171192617	34.74757832671074	0.0018311329219388036
3.0	24.06111047771064	21.784061110477708	15.320031923383878	38.83388439174553	9.120966822483183E-4
4.0	33.25177824885044	15.309962278882075	14.281823505113458	37.15552811834717	9.078488068597056E-4
5.0	35.18769336697485	14.924872825116983	22.1535701828691	27.72978678105989	0.004076843979180916
6.0	31.374746383851708	17.35931929199861	21.033081938915224	30.232852385234455	0.0
7.0	34.73026914516899	17.48362332291113	19.99756715113398	27.788540380785896	0.0
8.0	24.525611149600067	26.519888791916717	21.364368426261663	27.590131632221553	0.0
9.0	27.86120622253377	18.788924536949665	16.228554995371745	37.12086489984093	4.4934530389222906E-4
10.0	26.664751353438138	17.056462835441675	24.949049675444186	31.32704272644838	0.002693409227620014
11.0	27.524705396833944	19.025510593153815	20.209754762769876	33.24002924724237	0.0
12.0	26.85058996521178	20.426873005056844	20.75727145572571	31.96526557400567	0.0
13.0	26.668309291282142	22.013708449063703	18.567780664814983	32.750201594839176	0.0
14.0	30.719917570110205	19.176597079114774	20.33419944449422	29.7692859062808	0.0
15.0	29.723143087536958	18.681569751814354	19.56769106710868	32.027148105008514	4.4798853149359373E-4
16.0	29.534091927246664	17.988531493593765	19.463757727802168	33.013170862825916	4.4798853149359373E-4
17.0	30.03315115133053	18.5803243436968	20.361974733446825	31.02320580593137	0.0013439655944807814
18.0	31.7623868828958	18.385001343965595	18.433384105366905	31.419227667771704	0.0
19.0	30.456948302123465	18.958426664277393	19.629065495923303	30.95511154914434	4.4798853149359373E-4
20.0	30.259833348266284	17.69375503987098	20.52638652450497	31.520025087357762	0.0
21.0	29.043992473792674	18.028402472896694	19.104470925544305	33.82313412776633	0.0
22.0	28.34602634172565	19.026072932532927	20.41394140310008	32.21395932264134	0.0
23.0	29.83155631215841	17.454081175521907	20.02015948391721	32.69375503987098	4.4798853149359373E-4
24.0	30.33016754771078	17.870710509810948	19.144341904847238	32.654332049099544	4.4798853149359373E-4
25.0	29.154645641071586	18.23716512857271	19.210644207508288	33.39754502284741	0.0
26.0	30.809515276408924	17.74616969805573	20.85162619836932	30.592688827166025	0.0
27.0	28.898396201057253	18.39082519487501	19.81408475943016	32.896245856106084	4.4798853149359373E-4
28.0	29.781829585162622	17.977331780306425	20.276408923931548	31.964429710599408	0.0
29.0	29.526160407492192	18.868465498008682	18.937008050389974	32.66791805357071	4.479905384398282E-4
30.0	29.848078241273797	18.158928707433013	19.150833083191834	32.841263938854965	8.960292463946023E-4
31.0	30.156049086241428	18.618362985497246	19.312810541265865	31.912329356314324	4.4803068114104453E-4
32.0	29.03063922071172	19.066395433241627	19.157354219501922	32.74561112654473	0.0
33.0	29.74099300949991	17.74645993905718	19.543825058254168	32.968273884208635	4.4810898010396133E-4
34.0	29.267877310291667	18.75705860208307	19.49384220999229	32.480773712421346	4.4816521162361294E-4
35.0	29.972960104925573	17.61500938760477	19.63850984126414	32.77352066620552	0.0
36.0	30.792497943810982	18.030642834349816	18.541206926772706	32.635202854844295	4.494402222032459E-4
37.0	28.727308709497507	19.568033391504596	19.238796034758828	32.4654120864293	4.497778097619776E-4
38.0	30.18205391388904	18.650622152593954	19.549186969909783	31.618136963607224	0.0
39.0	29.935079572607187	18.817456381587846	19.373788377440153	31.87142148685812	0.002254181506694919
40.0	29.348907909737427	19.59383652123559	19.317873364578997	31.737120211360637	0.002261993087349125
41.0	29.51626897062364	17.7675420067865	20.897780079312085	31.818408943277777	0.0
42.0	28.15767899435234	19.37283658225542	19.73446893787575	32.73501548551649	0.0
43.0	29.7029070192097	18.477466949090644	20.1829669125703	31.635746110583597	9.130085457599883E-4
44.0	29.01927790174489	19.19879650290815	20.254599992683907	31.52732560266306	0.0
45.0	29.578406805594366	18.641171647021636	19.802465516214593	31.97749792707899	4.581040904114233E-4
46.0	29.587085468399493	17.55471656566676	19.85347750095189	33.00472046498186	0.0
47.0	29.782571744892756	18.876245515226408	19.393056812491675	31.946288376109994	0.0018375512791653842
48.0	29.960581208689614	18.080668233605785	19.036470431306892	32.92182016383866	4.599625590476935E-4
49.0	27.92089057973351	18.86494378606926	20.708189593629243	32.505976040567994	0.0
50.0	29.321520576910647	18.950425203830065	19.15033102187422	32.57726152113092	4.616762541435444E-4
51.0	30.5993383926834	18.17520547818271	18.7807522308398	32.444703898294094	0.0
52.0	28.97518777759691	18.91216891844755	20.22556565820989	31.88707764574565	0.0
53.0	30.577057752462768	18.30197488211401	19.378589103132732	31.742378262290487	0.0
54.0	30.09193561228743	18.819870831167247	18.934146375732368	32.15264215362567	0.0014050271872760739
55.0	29.007328760687777	18.518744714836043	18.57324062764258	33.9006858968336	0.0
56.0	29.547670524396963	18.327280606308967	20.738479799906738	31.38656906938733	0.0
57.0	27.438227172963913	19.600217119392067	19.511953366530573	33.44960234111344	0.0
58.0	30.51907501324654	17.885663462266294	21.733782454015593	29.861479070471574	0.0
59.0	28.477748200448875	21.222603405979683	21.07455859395389	29.22508979961755	0.0
60.0	30.837155471730465	18.971618538680993	19.89226570648835	30.298484004172206	4.762789279913889E-4
61.0	29.057551547624744	20.780749174759606	19.665598239487156	30.49418743720997	0.0019136009185284407
62.0	31.04252638059235	16.514202714531688	21.38150617070191	31.06176473417405	0.0
63.0	25.836687835147426	20.857008607869638	25.16288104476383	28.143422512219107	0.0
64.0	26.00764945214702	21.03209062259125	18.112809905259976	34.84647432457484	9.75695426915534E-4
65.0	27.084867226230795	19.253423648947134	19.313306827664064	34.34692975997644	0.0014725371815638346
66.0	27.256020748425343	19.305421761146103	17.519081141163394	35.91799431888354	0.0014820303816228233
67.0	33.363465683888464	14.404422501912245	17.947291565259718	34.28382687474545	9.93374194125185E-4
68.0	34.01418725159732	16.1337223927152	22.65281481108819	27.197766262514467	0.0015092820848216532
69.0	32.01090232730683	16.795560753682626	20.287809075311586	30.905727843698962	0.0
70.0	31.587914710354852	16.64280243748127	23.147747327761316	28.621535524402564	0.0
71.0	25.685415538663836	20.034736627453185	24.75933986344427	29.519804799842493	7.031705962183485E-4
