# Position (bp)	A	C	G	T	N
0.0	36.02363640784962	10.984120808306788	30.08535369501252	22.885003526007345	0.02188556282372395
1.0	31.855524767877107	16.744446064848574	23.341111273151522	28.05648728792961	0.00243060619318458
2.0	33.68019587531783	17.080233543648177	23.133063376965815	26.10650720406818	0.0
3.0	31.507842959470487	17.995738507570948	26.584459153141715	23.911959379816846	0.0
4.0	32.4267235747572	17.78232655372153	23.291668481337922	26.499281390183356	0.0
5.0	32.93418205499884	17.831558160542844	22.79573958530283	26.43641940295372	0.002100796201760467
6.0	27.047387606318345	18.84973673552045	22.650870797893884	31.452004860267312	0.0
7.0	26.781383531585632	19.8464025869038	23.57855025599569	29.793663625514878	0.0
8.0	27.33226336082056	18.844429686202886	23.67037467485749	30.15293227811906	0.0
9.0	29.52165147108677	20.10990775599051	23.81394187021607	26.55449890270666	0.0
10.0	27.84642844883809	22.36123983111935	22.833213194658978	26.959118525383584	0.0
11.0	27.475551624158435	20.25324749782954	22.908578636132816	29.36262224187921	0.0
12.0	29.210944957047406	20.930639516385618	22.24307986000636	27.615335666560608	0.0
13.0	29.317642681054934	20.9575639177016	22.49717041102687	27.2276229902166	0.0
14.0	29.46277750965251	20.056105212355213	23.02726833976834	27.453848938223942	0.0
15.0	26.98886617346413	19.87468929711285	23.485461311055875	29.650983218367138	0.0
16.0	26.013344572873653	20.881256161506478	23.64589732965667	29.459501935963196	0.0
17.0	26.84762423379271	19.46969379633896	23.345760203298006	30.336921766570324	0.0
18.0	26.82857259280388	21.182239245887835	23.610828137946022	28.378360023362266	0.0
19.0	26.28995905738634	19.7057999813291	22.62912926930104	31.375111691983516	0.0
20.0	26.87249705925113	18.421643911658585	24.348078931021266	30.35778009806902	0.0
21.0	28.39671768975856	18.80227236862869	23.33122928830677	29.469780653305982	0.0
22.0	28.08931310720982	19.222246987714858	22.464632691324358	30.22380721375097	0.0
23.0	27.149516236436995	19.218666353297557	22.430699727107733	31.201117683157715	0.0
24.0	26.258950733602777	18.59543333896477	22.781322694252037	32.36429323318042	0.0
25.0	26.575199947981016	17.479680083230377	26.10572859093569	29.839391377852913	0.0
26.0	25.211072483467078	19.68267245210027	22.870324385079854	32.2359306793528	0.0
27.0	26.024809437626327	18.15263484682352	23.306075538000183	32.516480177549965	0.0
28.0	27.63206894717242	17.56397297441081	23.543650582539765	31.260307495877004	0.0
29.0	26.891346090180757	18.422829901344105	23.273521816857578	31.41230219161756	0.0
30.0	28.087846322370353	18.3480723503166	23.464425979855193	30.099655347457855	0.0
31.0	27.146698937743714	18.217022993142397	24.934785531800458	29.701492537313435	0.0
32.0	26.365546218487395	18.42544710191769	23.288353803059685	31.92065287653523	0.0
33.0	27.125402103100587	17.572243397399507	23.938312653745303	31.364041845754603	0.0
34.0	27.0161784115494	17.733661709278433	24.150599376811396	31.0981998285551	0.0013606738056685672
35.0	27.081249229166954	19.157770682307156	23.381250599536816	30.379729488989078	0.0
36.0	26.468799247974783	18.062429152036273	23.82150460338964	31.645884597307084	0.0013823992922115625
37.0	26.8980777209238	17.436039275342278	24.776656064168165	30.889226939565756	0.0
38.0	28.013622463163745	18.67528495968863	22.700861829302195	30.610230747845428	0.0
39.0	28.12434479963099	18.588820709223825	22.47319793690508	30.81363655424011	0.0
40.0	27.699596519098563	18.193192841377176	23.767415051102894	30.339795588421364	0.0
41.0	27.804761301403612	17.260069547099157	23.384156213484253	31.551012938012978	0.0
42.0	27.214687021167926	17.813971965268713	22.97117076215879	32.000170251404576	0.0
43.0	27.10857110281333	18.846734885842146	24.366502294558618	29.678191716785907	0.0
44.0	27.456345170393504	18.815625492415016	22.706241315589683	31.021788021601797	0.0
45.0	28.95453562936811	18.33417393183947	22.23070826428417	30.480582174508246	0.0
46.0	26.048981486855087	18.771400383030585	24.15414079275724	31.02547733735709	0.0
47.0	25.786944391697464	20.71690451497933	22.8743372138882	30.621813879435006	0.0
48.0	29.446369332841872	19.842241061555473	21.929966826391446	28.78142277921121	0.0
49.0	26.544615657626213	19.89884948685339	23.967052142793765	29.589482712726628	0.0
50.0	27.4703764027315	19.361056736846823	22.025312672773186	31.143254187648488	0.0
51.0	27.417703219588592	21.582387133692738	22.11998915760624	28.879920489112433	0.0
52.0	26.190800939607488	20.013639463514433	22.45358793665227	31.34045616427976	0.0015154959460483444
53.0	26.2369316800389	19.064551422319475	23.074702163870654	31.62381473377097	0.0
54.0	26.29813702472787	20.171052230386927	22.27185413299997	31.25743208220264	0.00152452968259292
55.0	27.1961510675254	19.356871666384862	22.979848440598243	30.465591711883427	0.0015371136080667722
56.0	26.293665074145313	19.15679096606068	22.07761990444872	32.47192405534528	0.0
57.0	26.889943192458954	19.796803795492853	22.52169298957488	30.789999375741306	0.001560646732005743
58.0	26.39046180948786	18.873474267019	22.18132628664905	32.554737636844095	0.0
59.0	23.56464827345768	20.48238594044657	22.716828043040742	33.236137743055004	0.0
60.0	25.995613895686997	18.08155611353018	24.344468105393638	31.57836188538919	0.0
61.0	26.262545162585305	19.68044961862706	24.668004817342432	29.3890004014452	0.0
62.0	27.03749537937352	18.848941675640056	23.103132382957522	31.010430562028894	0.0
63.0	27.046269090439445	17.978108553162635	23.986955539052662	30.988666817345255	0.0
64.0	23.874093584365752	19.25990960231522	26.038110103079376	30.82788671023965	0.0
65.0	26.14214865175551	19.576641376818735	22.35195585771997	31.929254113705785	0.0
66.0	27.786348179480804	18.3777058969893	22.46329932819109	31.37264659533881	0.0
67.0	27.20313542361574	17.291527685123416	24.107738492328217	31.39759839893262	0.0
68.0	28.03109156230064	18.654937380384784	22.276130678575026	31.03448275862069	0.0033576201188597523
69.0	30.293828249584365	18.398194958097243	21.494248973636886	29.812031350727786	0.001696467953720354
70.0	29.510946781013025	18.45118882555333	21.835361782981565	30.20079083859703	0.0017117718550471593
71.0	28.122365410092737	20.199239517558198	20.966604153404106	30.71179091894496	0.0
72.0	28.45055800674799	16.68310407474695	23.173284886235834	31.693053032269226	0.0
73.0	28.379578826357317	18.585288533556287	23.141906603264182	29.893226036822213	0.0
74.0	29.59113810719239	19.258114916700315	22.641012587117952	28.509734388989344	0.0
75.0	28.111580366965967	18.621570784682543	22.867941938460447	30.397132412960925	0.0017744969301203108
76.0	29.92377365258721	18.744507219083488	22.71903865124204	28.610886915971662	0.0017935611155950138
77.0	28.3287094960924	18.531614353841412	23.681299751582078	29.45656312897786	0.0018132695062467136
78.0	28.106640062077375	18.235228910320362	23.22728448435133	30.4289990023279	0.0018475409230314453
79.0	28.53410030829386	19.321001579066095	23.163395744040905	28.981502368599145	0.0
80.0	26.34433067880167	18.503981797497158	21.7614713689799	33.39021615472127	0.0
81.0	29.224456773000462	19.16512559716443	23.51286793034366	28.09754969949145	0.0
82.0	28.221038459287012	20.30088391968624	21.815059806044996	29.663017814981757	0.0
83.0	29.323367895164647	18.229218294641264	22.63832993001725	29.80908388017684	0.0
84.0	28.794678958434417	19.252385573346274	21.646045608927704	30.30688985929161	0.0
85.0	27.28766223098407	18.84343683259405	23.62206341383276	30.246837522589125	0.0
86.0	25.23509006561625	18.826012454549254	23.57378693526142	32.36511054457308	0.0
87.0	27.546059365404297	18.374701467076083	22.98277038553395	31.09646878198567	0.0
88.0	28.721762007261976	20.274824429804536	22.440371360859263	28.56304220207423	0.0
89.0	27.192146608460565	20.998515301260888	21.703193210273227	30.10614488000532	0.0
90.0	27.11033035225406	20.081219200584048	23.683610147837197	29.124840299324696	0.0
91.0	27.635221588926367	20.323368616959407	22.754449226474353	29.286960567639873	0.0
92.0	28.806417825176155	18.044182060559894	23.205103789754332	29.94429632450962	0.0
93.0	28.24631211180124	17.912946428571427	24.23330745341615	29.605007763975156	0.0024262422360248445
94.0	27.02556138923809	19.369469299218615	23.941926101210285	29.660578274051613	0.002464936281397126
95.0	29.043020193151886	18.525021949078138	21.90141728333124	30.53054057443873	0.0
96.0	26.03659474142791	18.233304289887755	24.937214904412897	30.790323407308694	0.002562656962738968
97.0	25.8454928876431	19.652634060723546	25.73808712964661	28.758546616718622	0.0052393052681214474
98.0	25.9196877339322	19.353545075393004	22.778312479948667	31.94578119987167	0.002673510854454069
99.0	25.433367215186397	19.189033268316805	24.199884618554435	31.174967720667013	0.002747177275349578
100.0	28.707985562824273	19.078502143018273	23.671892623505528	28.54161967065193	0.0
101.0	27.863723773714877	17.88123188197813	24.132487586464222	30.122556757842773	0.0
102.0	29.046459073166435	20.341619464091803	22.32852992105186	28.2833915416899	0.0
103.0	28.076136636997834	20.15876834255473	23.34917007457301	28.415924945874426	0.0
104.0	26.4957528006894	19.349378308506708	23.208789855964547	30.946079034839347	0.0
105.0	24.94952044422009	20.163427561837455	23.94939424533064	30.937657748611812	0.0
106.0	24.906668383110194	19.09436148300721	24.227600411946447	31.76815139031926	0.003218331616889804
107.0	26.31008312251536	18.750205342182213	23.04760653152413	31.892105003778298	0.0
108.0	25.96137642816218	18.728725017694046	24.825587273769003	30.48094098614809	0.0033702942266859897
109.0	27.013908014321125	19.478105205177638	23.612641145689892	29.89534563481135	0.0
110.0	26.120556414219475	19.168891386820288	23.457917661936207	31.252634537024026	0.0
111.0	25.670580631261448	19.074293511436675	25.135552443534774	30.11598262056088	0.0035907932062192536
112.0	26.37459247591487	19.125242682882156	24.231656837246785	30.26850800395619	0.0
113.0	25.279376276220532	18.11026545387043	24.121032114349358	32.48932615555968	0.0
114.0	24.004537719795803	19.130270372471166	25.380979391189264	31.48421251654377	0.0
115.0	26.667950693374422	19.84591679506934	24.345146379044685	29.140986132511554	0.0
116.0	24.589711219820103	18.90878964809847	25.670664352217138	30.83083477986429	0.0
117.0	23.704511490771033	19.354578133204086	25.917848055252634	31.014984450098954	0.008077870673290521
118.0	24.698993897410524	18.96750783440541	25.556655121227116	30.7727197756886	0.004123371268349002
119.0	25.598751897453198	19.434137291280148	23.207960870298532	31.759149940968122	0.0
120.0	26.01793452610804	17.55695713734071	26.75591024155833	29.664907538507745	0.004290556485176128
121.0	25.50850429598457	19.700157811678064	24.018060669822898	30.773277222514466	0.0
122.0	24.938831798567552	18.928777970550293	23.595355665287602	32.53703456559455	0.0
123.0	23.967655476309453	18.847953482033343	25.730250306636986	31.454140735020214	0.0
124.0	24.179739923180158	17.335369521958444	24.3324540700634	34.152436484798	0.0
125.0	22.69631031220435	19.333017975402083	23.003784295175024	34.962157048249765	0.004730368968779565
126.0	23.141254955042058	18.253891520835346	25.311805085565116	33.29304843855748	0.0
127.0	23.081078426557973	19.638560133575602	26.720031429553604	30.560330010312825	0.0
128.0	23.81768680044368	21.795906019965717	23.50005041847333	30.886356761117273	0.0
129.0	23.770962854605298	21.49835431795622	24.424011284676872	30.30667154276161	0.0
130.0	25.31707053807545	19.39662151222408	25.333261374062282	29.953046575638187	0.0
131.0	24.589981033136226	20.919335044070067	23.775521588753765	30.715162334039942	0.0
132.0	24.957762889600932	18.735799592193416	25.150014564520827	31.156422953684825	0.0
133.0	24.961873970597207	19.453425242481547	26.65771975843348	28.92698102848777	0.0
134.0	24.699257742513435	18.793191707192218	24.993601228564117	31.513949321730227	0.0
135.0	25.49905584030213	19.06528189910979	24.42001618559482	31.01564607499326	0.0
136.0	21.856839121190642	20.021261516654853	26.746987951807228	31.374911410347273	0.0
137.0	24.25487413162023	17.718682303727498	26.346455516545902	31.679988048106374	0.0
138.0	24.154044473090558	18.167902030293266	25.346438930067677	32.3316145665485	0.0
139.0	24.241132332878582	21.67462482946794	26.244884038199178	27.8393587994543	0.0
140.0	23.499142367066895	19.382504288164665	24.681773043242757	32.43658030152569	0.0
141.0	23.753609239653514	18.960538979788257	27.160731472569775	30.115495668912416	0.009624639076034648
142.0	24.124072547403134	20.83676834295136	25.29884583676834	29.74031327287716	0.0
143.0	23.80277080833424	18.8284062397731	25.100905421621032	32.26791753027163	0.0
144.0	22.219612448620083	17.909571344685848	25.41397533763946	34.45684086905461	0.0
145.0	21.978158351948373	20.228344502357906	21.680317696698932	36.113179448994785	0.0
146.0	22.09048787135459	18.070318887980378	21.53175252112292	38.30744071954211	0.0
147.0	21.755382775119617	18.27153110047847	23.370215311004785	36.60287081339713	0.0
148.0	23.263946711074105	21.13238967527061	21.13238967527061	34.47127393838468	0.0
149.0	21.67845536226343	27.012043586312366	14.891990059262092	36.398394188491686	0.019116803670426306
150.0	26.75438596491228	21.820175438596493	15.095029239766081	36.29385964912281	0.03654970760233918
