# Position (bp)	A	C	G	T	N
0.0	26.266657010428734	24.223155658555427	24.69510428736964	24.815083043646197	0.0
1.0	25.570200849748936	20.496813441483198	15.29668791039011	38.63629779837775	0.0
2.0	27.437946362888653	19.490787528250053	18.82460486105919	34.2466612478021	0.0
3.0	23.483966455264447	22.958232995620094	15.5360143088208	38.02178624029467	0.0
4.0	33.47750135534004	14.14035299078369	14.766339377145954	37.61580627673032	0.0
5.0	34.68366929171785	15.68070707800496	23.187390121137682	26.448233509139513	0.0
6.0	32.172920599452944	17.962158569942595	20.732124282467158	29.132796548137303	0.0
7.0	34.10807921764629	17.473432812823514	20.113780268777596	28.304707700752594	0.0
8.0	23.309774732919614	26.11032742923995	22.18030995286675	28.399587884973688	0.0
9.0	29.541997227143185	18.471270122467843	15.713818069783564	36.27291458060541	0.0
10.0	26.975261106030707	16.818838138326033	24.48693266592867	31.71896808971459	0.0
11.0	28.000760340998497	18.44043474180889	19.936333472087544	33.62247144510506	0.0
12.0	26.55930870066229	19.821690190314207	21.10151775039032	32.51748335863318	0.0
13.0	27.083333333333332	21.050302120617324	18.35647346341839	33.50989108263095	0.0
14.0	30.49585345673549	18.476169402166594	20.08932866406265	30.93864847703527	0.0
15.0	30.217078162085993	18.770635892083753	18.894962257208885	32.117323688621376	0.0
16.0	29.742030100495263	17.289272491224697	18.946963504351586	34.02173390392845	0.0
17.0	30.107033234865	18.227137359718682	20.101240508702308	31.564588896714007	0.0
18.0	31.109920292588917	17.55533501382925	18.69916159434046	32.63558309924137	0.0
19.0	29.821240243407317	18.137592881320916	19.686876136617524	32.35429073865424	0.0
20.0	30.205691338098532	17.99174736761202	19.734983859810928	32.067577434478515	0.0
21.0	30.284642647892195	17.675746544619788	19.448579908368792	32.591030899119225	0.0
22.0	28.937429923483045	18.465867484256044	19.572206122796867	33.02449646946404	0.0
23.0	29.474305823949226	17.749350053892115	20.355615942463867	32.4207281796948	0.0
24.0	30.38107443887641	18.594599005433636	18.758760056064357	32.2655664996256	0.0
25.0	29.291622771547804	17.852094847053007	19.45871619075959	33.3975661906396	0.0
26.0	30.956797159002292	17.74447817062783	20.175402814603306	31.123321855766577	0.0
27.0	29.368860993949163	18.317090608970208	19.56228616945216	32.75176222762847	0.0
28.0	29.78289031762787	17.68928125899626	19.861817483926686	32.666010939449194	0.0
29.0	29.469336058377348	18.194706314138084	19.894980257823708	32.44097736966086	0.0
30.0	29.908046473355547	18.212459906775006	19.37981148687389	32.49968213299555	0.0
31.0	29.898470337600525	18.237673454503582	19.594121259812294	32.26973494808361	0.0
32.0	29.93108975128007	18.27873139879167	19.55376295066391	32.23641589926435	0.0
33.0	30.528993245107806	17.904903595810286	19.69692970352862	31.86917345555329	0.0
34.0	29.886535987866452	17.979534240789448	19.7796475128151	32.354282258529	0.0
35.0	29.943261458113323	18.21105585530232	19.78096618728519	32.064716499299166	0.0
36.0	30.25730881858768	17.78527195045845	19.303201958619365	32.6542172723345	0.0
37.0	29.14074052735688	19.016103013193526	19.05571239269459	32.78744406675501	0.0
38.0	30.017596546947733	18.083872872750316	19.8423272573633	32.05620332293865	0.0
39.0	29.12482203778441	18.80913567383157	20.02852197128116	32.03752031710286	0.0
40.0	30.397662475480725	18.215452727312016	19.455521969513264	31.931362827694	0.0
41.0	30.067372889495015	17.943614221778297	20.61403930005186	31.374973588674827	0.0
42.0	30.07369131287713	18.72849469465768	19.59194846170285	31.60586553076234	0.0
43.0	29.749381076674453	18.47717247490089	19.531323163220467	32.24212328520419	0.0
44.0	29.57278051662076	18.173937474335855	20.5361195090734	31.71716249996998	0.0
45.0	29.351496491135375	19.17747025510719	19.52547469342466	31.945558560332778	0.0
46.0	30.08413614539725	17.94360020079308	19.395026768408236	32.577236885401426	0.0
47.0	29.85682271813459	18.21120870833003	20.025123878012284	31.906844695523095	0.0
48.0	30.721224525092968	18.404389226792734	19.291506923025185	31.58287932508912	0.0
49.0	29.610500675029666	18.373058388865132	19.367345860218414	32.649095075886784	0.0
50.0	29.754903373982565	18.447112751174792	19.89458106303034	31.903402811812303	0.0
51.0	29.988323819408407	18.657863883603376	19.505948605585345	31.84786369140287	0.0
52.0	29.795909540880565	18.500533412784606	19.17354657029996	32.53001047603487	0.0
53.0	30.73856564093445	18.01455216528338	19.844626319811226	31.40225587397094	0.0
54.0	30.19496358100493	18.19628048033182	19.823420141350397	31.785335797312854	0.0
55.0	29.50259062376837	18.001711061338664	19.085303136625363	33.4103951782676	0.0
56.0	29.36955037925034	18.37970217552225	20.410301765989562	31.840445679237845	0.0
57.0	28.817690181468574	18.26751592356688	19.424828746544886	33.48996514841966	0.0
58.0	29.68344739226899	17.839346366579893	19.342905149598693	33.13430109155242	0.0
59.0	29.599740372133276	17.79869224481946	20.527909995672868	32.073657387374396	0.0
60.0	29.851951936068627	18.484130151510055	19.702317127704077	31.96160078471725	0.0
61.0	30.020364933844018	17.82977608190214	19.669111901344277	32.480747082909566	0.0
62.0	29.231830947983994	18.229647583871962	19.938586872883963	32.59993459526008	0.0
63.0	29.34264059479268	18.18306418259289	19.845338514364858	32.628956708249575	0.0
64.0	28.731939126921525	18.639734882736594	19.59785097254555	33.030475017796334	0.0
65.0	29.73914925857777	17.97019879496338	20.57004726341235	31.720604683046506	0.0
66.0	30.01621275756395	18.260039160785333	20.30972621126618	31.414021870384534	0.0
67.0	29.396015453228962	17.693033057016258	19.597022895988992	33.31392859376579	0.0
68.0	29.587477086069775	18.13412046592861	20.244367142506604	32.03403530549501	0.0
69.0	29.81425787358949	18.076895315545077	19.712484661838655	32.39636214902678	0.0
70.0	28.625601539942252	18.081568816169394	19.865976900866215	33.42685274302213	0.0
71.0	29.58667741586148	17.767697065229164	20.84252830688149	31.80309721202787	0.0
72.0	29.950108423325094	18.152784229159497	19.88105925136161	32.016048096153796	0.0
73.0	30.088913065454843	17.6069050839788	19.314883190279737	32.98929866028662	0.0
74.0	29.66206343742553	18.1427570751481	20.471171043224782	31.72400844420159	0.0
75.0	30.207079509672695	17.96598908029928	19.547612398771292	32.27931901125673	0.0
76.0	29.319202823533942	18.355378148428134	19.32945883871092	32.995960189327	0.0
77.0	29.372420800208022	18.02923855521474	21.17170909756297	31.426631547014267	0.0
78.0	30.10845119936817	18.00256199103303	18.97655200312062	32.912434806478174	0.0
79.0	29.942037570827583	17.769445829089097	19.300019987044543	32.98849661303878	0.0
80.0	30.654852934447273	18.00695048203014	20.00033716822045	31.337859415302137	0.0
81.0	30.27735496425888	18.503256199302516	19.490472245236123	31.728916591202484	0.0
82.0	29.9603547359953	18.021253329864976	18.89316010809717	33.12523182604256	0.0
83.0	29.863911168918754	18.31273935978033	20.11344750343233	31.709901967868586	0.0
84.0	30.552926015584543	18.05133022606015	19.139357589334104	32.25638616902121	0.0
85.0	29.7187661844942	17.480819492454263	19.16436821756778	33.63604610548376	0.0
86.0	30.46381545666093	17.765138923015403	20.07867566643059	31.692369953893074	0.0
87.0	29.757935513712493	18.60533466957041	20.044519821920712	31.592209994796384	0.0
88.0	29.874694928770534	17.913975334102687	19.27520135303457	32.93612838409221	0.0
89.0	29.915141527163385	18.445273272231375	20.269176280105242	31.370408920499994	0.0
90.0	30.38909530762818	18.43335405552584	19.437657524806394	31.739893112039592	0.0
91.0	29.979517578736836	18.232728499481915	19.561194245644472	32.22655967613677	0.0
92.0	29.238005961776192	18.441022032546382	20.240157888268506	32.08081411740892	0.0
93.0	30.07381452143465	18.41651825843035	19.613985960058706	31.895681260076298	0.0
94.0	29.71701523615804	17.686909243397743	19.956426805226855	32.63964871521736	0.0
95.0	30.150394061362707	18.175025909233327	20.638451712419563	31.036128316984406	0.0
96.0	30.041047123447477	18.67800785270277	19.40543133223585	31.8755136916139	0.0
97.0	29.857085351067703	18.315925980383884	19.77327455087583	32.053714117672584	0.0
98.0	29.170162091276385	17.89585081045638	21.082231671921857	31.85175542634538	0.0
99.0	29.66298852680735	18.547323604786	19.629550161164726	32.16013770724192	0.0
100.0	29.686736968325572	18.46337206210141	19.862152661937984	31.987738307635034	0.0
101.0	29.782479069609607	18.550846184051696	20.42888515069396	31.23778959564473	0.0
102.0	30.021443888491778	18.042041691587286	19.727891156462583	32.20862326345835	0.0
103.0	29.496223874480414	17.727299338446226	19.7014714204867	33.07500536658666	0.0
104.0	30.256589786840255	18.047704499440602	19.910006291725523	31.78569942199362	0.0
105.0	30.1580905298023	18.232993105346182	19.56401020192539	32.044906162926125	0.0
106.0	29.372640927593434	17.9708893548785	19.825336129271	32.83113358825706	0.0
107.0	29.663844109656218	18.137013307047805	20.31200853949392	31.887134043802057	0.0
108.0	29.34882853769188	18.6847305947424	20.288857125100986	31.677583742464734	0.0
109.0	28.784729586426298	18.11764705882353	20.169671261930013	32.92795209282016	0.0
110.0	29.451224703401923	17.745053360109374	21.119185100234876	31.684536836253823	0.0
111.0	29.147536946431757	18.719609188296758	20.080363672001628	32.052490193269854	0.0
112.0	29.23800635625284	18.042929929879435	19.205720627553852	33.51334308631388	0.0
113.0	30.157789578442767	17.754682914105846	20.547338139698603	31.540189367752784	0.0
114.0	30.04118471561178	18.337246602070174	19.206221206948744	32.4153474753693	0.0
115.0	29.586259935970322	17.49701697323069	20.471867566386717	32.444855524412276	0.0
116.0	30.033499762549575	17.980772933218674	20.449487235435303	31.536240068796445	0.0
117.0	29.97524369487854	18.231213574707308	19.643870235700657	32.1496724947135	0.0
118.0	29.615209259431957	18.0631974882651	19.83198109981659	32.489612152486345	0.0
119.0	30.39600121774473	17.881852741356745	19.95123817057273	31.7709078703258	0.0
120.0	29.82473100860668	18.13281564356746	19.84265505871041	32.19979828911545	0.0
121.0	29.445142537847886	17.66881691094106	19.957922019323345	32.92811853188771	0.0
122.0	29.457162129404203	18.088974610301324	20.577091303843762	31.87677195645071	0.0
123.0	29.23493145064155	18.417660030125184	19.748674412386798	32.598734106846464	0.0
124.0	29.136045552510442	18.091424314184604	19.598222600643908	33.17430753266105	0.0
125.0	29.143654905149198	18.210070526312975	20.275579495216675	32.37069507332115	0.0
126.0	29.609760295153738	18.24193140687437	19.83843990168713	32.30986839628476	0.0
127.0	29.901621434520653	17.72950491622408	19.253858884357864	33.1150147648974	0.0
128.0	29.264897781644194	17.890387124836884	20.99445411048282	31.850260983036105	0.0
129.0	29.860165854885174	18.11120039796426	19.461709606354308	32.56692414079625	0.0
130.0	29.905314943867445	17.89154756639903	19.58225403723125	32.62088345250228	0.0
131.0	29.919697007340172	18.13097476073352	20.472708300552377	31.47661993137393	0.0
132.0	30.505939995228026	18.201743434377065	19.252964448809504	32.03935212158541	0.0
133.0	29.8235340048411	18.048444489062902	19.984327767180897	32.143693738915104	0.0
134.0	30.615168933127716	17.50147203140334	20.246179728024675	31.637179307444274	0.0
135.0	29.402225719297654	18.26319440919167	20.340005978870895	31.99457389263978	0.0
136.0	28.68184500839878	18.424830889363054	19.99392790666001	32.899396195578156	0.0
137.0	30.252136837566074	18.157621934676882	22.81254372913496	28.777697498622086	0.0
138.0	30.46705712627096	19.774345769414253	19.814004816562537	29.944592287752254	0.0
139.0	30.480567333221504	18.948513121894504	19.86823153766507	30.70268800721892	0.0
140.0	29.01376480516835	20.969356575386318	19.98748654075605	30.029392078689288	0.0
141.0	31.243615374032974	17.06557468219564	20.86166472993581	30.829145213835574	0.0
142.0	27.24856042674957	19.725686226021832	23.948434427291247	29.077318919937355	0.0
143.0	27.618833270650526	19.071070454484882	19.374317028894307	33.93577924597029	0.0
144.0	28.07017543859649	19.387946680017524	18.85808456933058	33.68379331205541	0.0
145.0	27.362604710352635	19.432080460770575	17.39294857749992	35.81236625137688	0.0
146.0	32.75590312967977	14.699662678304012	19.69595667760819	32.848477514408025	0.0
147.0	33.85688230876515	16.374086164881145	22.057106073842476	27.711925452511228	0.0
148.0	31.638476606645067	16.90116527285969	21.036439890504532	30.42391822999071	0.0
149.0	32.88464317035554	16.622256868958054	22.979970229194876	27.51312973149153	0.0
150.0	27.921792149305897	17.577111898240922	25.82046888819576	28.680627064257425	0.0
