# Position (bp)	A	C	G	T	N
0.0	49.42263279445728	12.840646651270207	15.635103926096997	22.10161662817552	0.0
1.0	18.083140877598154	47.66743648960739	17.41339491916859	16.836027713625867	0.0
2.0	23.142201834862387	42.88990825688073	12.86697247706422	21.100917431192663	0.0
3.0	49.12080383649235	14.72939027175154	14.752226535738751	21.397579356017353	0.0
4.0	50.444900752908964	13.985854437599818	14.738763404061144	20.83048140543007	0.0
5.0	20.58287795992714	40.77868852459016	14.731329690346085	23.90710382513661	0.0
6.0	22.030040964952207	43.309057806099226	14.542558033682292	20.118343195266274	0.0
7.0	51.39868091880828	13.645667500568571	14.760063679781668	20.19558790084148	0.0
8.0	49.15909090909091	16.295454545454547	15.704545454545455	18.84090909090909	0.0
9.0	21.88422247446084	41.06696935300795	14.52894438138479	22.519863791146424	0.0
10.0	20.408163265306122	12.426303854875284	14.421768707482993	52.7437641723356	0.0
11.0	18.682065217391305	15.87409420289855	13.360507246376812	52.083333333333336	0.0
12.0	20.88607594936709	13.946654611211573	14.285714285714285	50.88155515370705	0.0
13.0	21.61552346570397	40.86191335740072	14.643501805054152	22.879061371841157	0.0
14.0	20.39621791985592	14.227825303917156	44.91220171094102	20.46375506528591	0.0
15.0	46.03993717747364	15.929997756338343	16.468476553735698	21.561588512452325	0.0
16.0	20.00896258122339	16.087833295989245	15.079542908357608	48.823661214429755	0.0
17.0	21.60107334525939	40.69767441860465	15.876565295169948	21.82468694096601	0.0
18.0	20.01785315777728	13.36755188573979	16.96049988841776	49.65409506806516	0.0
19.0	20.23623802094941	42.210831290394474	15.600624024960998	21.95230666369512	0.0
20.0	22.046718576195772	15.973303670745272	13.348164627363737	48.63181312569522	0.0
21.0	18.593299312181053	16.307965387175503	16.307965387175503	48.79076991346794	0.0
22.0	19.94251602918417	12.513818262215343	43.33407030731815	24.209595401282336	0.0
23.0	21.054954756124474	15.029794747296402	14.831163098653718	49.0840873979254	0.0
24.0	48.118811881188115	11.41914191419142	15.115511551155114	25.346534653465348	0.0
25.0	21.62280701754386	13.201754385964911	40.24122807017544	24.934210526315788	0.0
26.0	50.547765118317265	11.96319018404908	13.38737949167397	24.101665205959684	0.0
27.0	18.927789934354486	18.052516411378555	11.684901531728666	51.334792122538296	0.0
28.0	19.30131004366812	41.26637554585153	11.812227074235809	27.62008733624454	0.0
29.0	22.32162339079206	11.433558804276675	13.157320532402355	53.087497272528914	0.0
30.0	21.522309711286088	13.342082239720035	40.332458442694666	24.803149606299215	0.0
31.0	22.55440756210156	11.980655089030556	14.684546054077819	50.780391294790064	0.0
32.0	21.22557726465364	13.25488454706927	14.27619893428064	51.243339253996446	0.0
33.0	22.608695652173914	41.56075808249721	13.42251950947603	22.40802675585284	0.0
34.0	23.848904783191774	12.628520339740723	14.774251229324989	48.74832364774252	0.0
35.0	20.722135007849293	40.86117963668984	13.747477012783134	24.66920834267773	0.0
36.0	20.710591409939287	14.234315268720485	13.37980661119856	51.67528671014166	0.0
37.0	48.081264108352144	14.311512415349886	16.16252821670429	21.44469525959368	0.0
38.0	48.95010160307067	17.11447279295552	12.350417701512757	21.58500790246105	0.0
39.0	49.457013574660635	14.90950226244344	11.176470588235295	24.457013574660632	0.0
40.0	19.012963384125538	42.46076870593586	15.010234250625427	23.51603365931317	0.0
41.0	21.810699588477366	12.231367169638775	44.467306812985825	21.490626428898032	0.0
42.0	50.88323009864648	14.6822665749025	13.191098875888965	21.243404450562057	0.0
43.0	50.931677018633536	14.561766735679779	12.997469519208648	21.50908672647803	0.0
44.0	23.52941176470588	42.05650764242705	11.76470588235294	22.649374710514127	0.0
45.0	31.75876411170529	15.62685680332739	16.577540106951872	36.03683897801545	0.0
46.0	29.058180649308902	17.004178720668595	22.34008357441337	31.597557055609126	0.0
47.0	31.018818948734587	17.585983127839068	18.364698247890978	33.03049967553537	0.0
48.0	26.334635416666668	19.205729166666664	19.661458333333336	34.79817708333333	0.0
49.0	27.311336164652072	21.267559621038874	19.17673962757269	32.24436458673636	0.0
50.0	27.093596059113302	23.8752052545156	17.077175697865353	31.95402298850575	0.0
51.0	29.427254772876893	19.35483870967742	15.799868334430547	35.41803818301514	0.0
52.0	28.55731225296443	16.205533596837945	19.861660079051383	35.37549407114625	0.0
53.0	31.19024068578965	18.496538081107815	22.815694032311242	27.497527200791293	0.0
54.0	29.88087359364659	22.17074784910655	17.57114493712773	30.377233620119128	0.0
55.0	30.41305796135909	17.22185209860093	20.153231179213858	32.21185876082612	0.0
56.0	26.72903441363181	19.879719345138657	22.08486468426328	31.306381556966258	0.0
57.0	33.11014395714764	17.274857716772683	19.283562102443923	30.331436223635755	0.0
58.0	30.587440918298448	19.581363943281566	19.007427413909518	30.823767724510464	0.0
59.0	24.839255499153975	22.910321489001692	20.879864636209813	31.370558375634516	0.0
60.0	27.6797829036635	19.53867028493894	20.081411126187245	32.70013568521031	0.0
61.0	29.931972789115648	16.93877551020408	21.700680272108844	31.428571428571427	0.0
62.0	30.543218312265118	20.908780321147933	20.19132217287325	28.356679193713703	0.0
63.0	34.248455730954014	16.95264241592313	20.315717227179135	28.483184625943718	0.0
64.0	29.655172413793103	20.137931034482758	21.586206896551722	28.620689655172416	0.0
65.0	30.12089810017271	19.13644214162349	20.96718480138169	29.775474956822105	0.0
66.0	29.413805064169267	16.684009712105446	20.881026708289976	33.02115851543531	0.0
67.0	30.514961725817674	16.805845511482254	20.772442588726513	31.90675017397356	0.0
68.0	24.737945492662476	20.47519217330538	21.278825995807125	33.50803633822502	0.0
69.0	26.98913424465475	18.962495618647036	22.11706975113915	31.93130038555906	0.0
70.0	30.193321616871703	20.77328646748682	18.312829525483306	30.720562390158175	0.0
71.0	28.64730878186969	21.03399433427762	19.97167138810198	30.347025495750707	0.0
72.0	27.18239886444287	19.801277501774308	20.156139105748757	32.86018452803406	0.0
73.0	29.166666666666668	18.767806267806268	21.50997150997151	30.555555555555557	0.0
74.0	30.650929899856937	18.419170243204576	21.638054363376252	29.291845493562228	0.0
75.0	29.380150483697598	19.706198495163026	21.49767108563239	29.415979935506986	0.0
76.0	28.7100251527129	20.73302191879267	18.361480416816388	32.19547251167805	0.0
77.0	28.473722102231818	21.562275017998562	18.718502519798417	31.245500359971203	0.0
78.0	30.72202166064982	20.938628158844764	17.906137184115522	30.43321299638989	0.0
79.0	29.629629629629626	21.31445170660857	18.373275236020334	30.682643427741468	0.0
80.0	29.30469603203495	19.111758281761922	22.3152530032763	29.268292682926827	0.0
81.0	27.309236947791167	19.20408908360716	19.021540708287695	34.46513326031398	0.0
82.0	31.871345029239766	18.23830409356725	20.175438596491226	29.714912280701753	0.0
83.0	30.929721815519766	19.070278184480234	19.875549048316252	30.124450951683745	0.0
84.0	28.613352898019073	19.22230374174615	20.102714600146733	32.06162876008804	0.0
85.0	32.40264511388685	18.001469507714916	20.720058780308598	28.87582659808964	0.0
86.0	30.652895610475838	18.443378827001105	21.357432681667284	29.546292880855773	0.0
87.0	30.763555883437842	18.590925857617115	21.541866469937293	29.103651789007746	0.0
88.0	34.39584877687176	18.82876204595997	16.82727946627131	29.948109710896958	0.0
89.0	30.37833827893175	18.5459940652819	16.357566765578635	34.718100890207715	0.0
90.0	31.50074294205052	17.236255572065378	18.424962852897476	32.838038632986624	0.0
91.0	28.805359136583554	20.50614067733532	17.00781540751768	33.68068477856345	0.0
92.0	28.608728086534875	18.01566579634465	18.27676240208877	35.098843715031705	0.0
93.0	31.898165481093223	17.933358292774244	19.618120554099587	30.550355672032946	0.0
94.0	30.841472577009764	16.26596543951916	20.210368144252442	32.682193839218634	0.0
95.0	30.835843373493976	17.281626506024097	20.180722891566266	31.701807228915662	0.0
96.0	28.905660377358487	18.037735849056606	19.50943396226415	33.54716981132076	0.0
97.0	31.795841209829867	16.52173913043478	18.37429111531191	33.30812854442344	0.0
98.0	31.03448275862069	19.628647214854112	20.234937476316787	29.101932550208414	0.0
99.0	31.4329152413531	19.46028126187761	20.296465222348917	28.81033827442037	0.0
100.0	33.02822273073989	15.636918382913805	18.95499618611747	32.379862700228834	0.0
101.0	31.776416539050533	19.525267993874426	18.491577335375194	30.206738131699844	0.0
102.0	31.757016532103037	14.340638216070742	21.83775470972703	32.06459054209919	0.0
103.0	28.191284226764367	19.166988044735827	20.40107983031238	32.24064789818743	0.0
104.0	28.42718446601942	18.75728155339806	20.815533980582522	32.0	0.0
105.0	28.18713450292398	20.545808966861596	18.947368421052634	32.319688109161795	0.0
106.0	32.75794429187917	17.81090623774029	18.124754805806198	31.306394664574345	0.0
107.0	30.662983425414364	20.086819258089978	19.297553275453826	29.952644041041832	0.0
108.0	35.80786026200873	17.03056768558952	16.23660182612148	30.92497022628027	0.0
109.0	31.207652451175765	20.207253886010363	18.692706257473095	29.892387405340777	0.0
110.0	25.592607472880673	20.40980313378867	19.56609079951788	34.431498593812776	0.0
111.0	29.45674044265594	17.90744466800805	20.56338028169014	32.072434607645874	0.0
112.0	25.434694702790132	19.85442782046098	21.067529316619492	33.6433481601294	0.0
113.0	27.89087947882736	19.62540716612378	17.95602605863192	34.527687296416936	0.0
114.0	31.428571428571427	18.244897959183675	19.95918367346939	30.36734693877551	0.0
115.0	27.919407894736842	21.011513157894736	17.96875	33.100328947368425	0.0
116.0	30.17775940471269	19.925589086399338	16.494419181479948	33.40223232740802	0.0
117.0	31.216272312162722	18.88750518887505	18.55541718555417	31.340805313408055	0.0
118.0	28.523769808173476	16.221851542952457	21.3511259382819	33.903252710592156	0.0
119.0	24.403516115529513	19.79907911259941	26.99874424445375	28.79866052741733	0.0
120.0	25.744234800838573	21.928721174004192	22.0125786163522	30.31446540880503	0.0
121.0	30.895334174022697	20.21857923497268	18.0327868852459	30.853299705758726	0.0
122.0	29.468802698145026	18.634064080944352	21.12141652613828	30.775716694772342	0.0
123.0	32.75350021213407	18.540517607127704	18.879932117098004	29.82605006364022	0.0
124.0	29.374201787994892	19.24223073648361	20.561941251596423	30.821626223925076	0.0
125.0	28.345446772124838	19.324497648567764	20.13681060282172	32.19324497648568	0.0
126.0	28.86021505376344	18.96774193548387	20.774193548387096	31.397849462365592	0.0
127.0	28.28719723183391	18.166089965397923	22.837370242214533	30.709342560553633	0.0
128.0	31.752936059156156	18.181818181818183	19.399739016963895	30.665506742061766	0.0
129.0	30.940919037199127	19.168490153172865	18.03063457330416	31.85995623632385	0.0
130.0	29.722589167767506	18.582122413033904	16.732716864817263	34.96257155438133	0.0
131.0	32.316534040671975	19.80548187444739	17.639257294429708	30.238726790450926	0.0
132.0	28.25990209167779	19.670672007120604	20.91677792612372	31.15264797507788	0.0
133.0	29.964221824686945	20.75134168157424	19.901610017889087	29.382826475849733	0.0
134.0	25.59604138551507	21.18758434547908	20.10796221322537	33.10841205578048	0.0
135.0	28.24807605251245	16.70439112720688	19.646899049343595	35.40063377093708	0.0
136.0	25.568698817106462	18.061874431301185	21.97452229299363	34.394904458598724	0.0
137.0	27.30593607305936	16.986301369863014	20.958904109589042	34.74885844748859	0.0
138.0	29.08256880733945	18.577981651376145	19.541284403669724	32.798165137614674	0.0
139.0	28.195662205814493	17.99723119520074	19.24319335486848	34.56391324411629	0.0
140.0	28.744186046511626	18.88372093023256	20.13953488372093	32.23255813953488	0.0
141.0	31.369798971482	18.560074801309025	20.009350163627865	30.060776063581113	0.0
142.0	30.874060150375936	15.272556390977442	18.93796992481203	34.91541353383459	0.0
143.0	34.04457088667615	19.962067330488384	17.63869132290185	28.35467045993362	0.0
144.0	30.138955438428365	18.06420699568759	17.53713464302827	34.25970292285577	0.0
145.0	29.763627592860587	17.317896767969128	19.778099372889532	33.140376266280754	0.0
146.0	28.82096069868996	19.45657447840854	18.486171761280932	33.23629306162057	0.0
147.0	30.926829268292682	17.756097560975608	16.04878048780488	35.26829268292683	0.0
148.0	26.264113892979875	21.698576337751597	19.636720667648504	32.40058910162003	0.0
149.0	29.00838677849038	19.585594474592995	18.697582634435125	32.7084361124815	0.0
150.0	28.98909811694747	18.780971258671954	19.127849355797817	33.10208126858276	0.0
151.0	28.18725099601594	19.671314741035857	19.87051792828685	32.27091633466135	0.0
152.0	28.284854563691077	19.55867602808425	17.45235707121364	34.70411233701103	0.0
153.0	30.520464881253158	19.656392117230926	18.69631126831733	31.126831733198586	0.0
154.0	32.09939148073022	15.669371196754565	19.168356997971603	33.062880324543606	0.0
155.0	30.804480651731158	20.519348268839106	17.260692464358453	31.415478615071287	0.0
156.0	32.683427398665984	16.162134427911752	18.163160595177015	32.99127757824525	0.0
157.0	31.01494075218959	18.444100978876868	20.14425553838228	30.39670273055126	0.0
158.0	29.68911917098446	22.2279792746114	15.284974093264248	32.7979274611399	0.0
159.0	34.326018808777434	15.517241379310345	19.435736677115987	30.721003134796238	0.0
160.0	27.836134453781515	20.588235294117645	23.05672268907563	28.51890756302521	0.0
161.0	28.78306878306878	20.052910052910054	20.8994708994709	30.264550264550266	0.0
162.0	30.970149253731343	17.857142857142858	20.46908315565032	30.703624733475483	0.0
163.0	29.903536977491964	17.363344051446948	17.14898177920686	35.58413719185423	0.0
164.0	28.17053426875337	16.351861845655694	22.34214786832164	33.13545601726929	0.0
165.0	29.50108459869848	17.245119305856832	23.156182212581346	30.09761388286334	0.0
166.0	26.805251641137858	20.568927789934357	20.951859956236323	31.673960612691467	0.0
167.0	28.0750137892995	19.305019305019304	22.72476558190844	29.895201323772753	0.0
168.0	25.4585881045025	19.844357976653697	20.400222345747636	34.29683157309616	0.0
169.0	27.125279642058164	16.834451901565995	20.52572706935123	35.51454138702461	0.0
170.0	29.319077096229602	17.2763083849184	18.23297692740574	35.171637591446256	0.0
171.0	29.795686719636777	18.501702610669692	16.969353007945518	34.73325766174801	0.0
172.0	30.499712808730617	20.333141872487076	15.106260769672602	34.0608845491097	0.0
173.0	29.101449275362317	17.507246376811594	20.231884057971016	33.15942028985507	0.0
174.0	30.895260386190753	21.06495026331188	18.95845523698069	29.081334113516675	0.0
175.0	27.87271655863288	18.267530936947555	20.919269298762522	32.94048320565704	0.0
176.0	28.22485207100592	18.757396449704142	20.532544378698226	32.485207100591715	0.0
177.0	29.647340107591152	21.876867901972506	17.99163179916318	30.484160191273162	0.0
178.0	27.690447400241837	20.67714631197098	19.347037484885128	32.285368802902056	0.0
179.0	26.09223300970874	19.41747572815534	23.300970873786408	31.18932038834951	0.0
180.0	30.434782608695656	16.1053276178812	19.53459889773423	33.925290875688916	0.0
181.0	29.451632778804683	19.654959950708566	18.853974121996302	32.039433148490446	0.0
182.0	32.52788104089219	18.15365551425031	20.1363073110285	29.182156133828997	0.0
183.0	30.9375	22.5625	20.4375	26.0625	0.0
184.0	28.733459357277884	20.478890989287965	20.163831127914303	30.623818525519848	0.0
185.0	27.347715736040605	23.604060913705585	21.446700507614214	27.601522842639593	0.0
186.0	30.82368082368082	19.176319176319176	19.884169884169882	30.115830115830118	0.0
187.0	31.112548512289777	21.604139715394567	17.205692108667527	30.077619663648125	0.0
188.0	29.569190600522195	21.475195822454307	18.994778067885118	29.960835509138384	0.0
189.0	30.423280423280424	20.304232804232804	18.055555555555554	31.216931216931215	0.0
190.0	29.95298858294157	18.0658159838818	18.737407656145063	33.243787777031564	0.0
191.0	27.235772357723576	21.27371273712737	19.91869918699187	31.571815718157183	0.0
192.0	32.785763175906915	20.396988364134156	17.932922655715263	28.884325804243673	0.0
193.0	29.38322938322938	17.94871794871795	21.62162162162162	31.046431046431046	0.0
194.0	28.551434569629112	19.52414275717285	22.25332400279916	29.671098670398884	0.0
195.0	28.3072546230441	19.630156472261735	19.985775248933145	32.07681365576102	0.0
196.0	29.797979797979796	19.19191919191919	19.264069264069263	31.746031746031743	0.0
197.0	29.32551319648094	18.841642228739	22.727272727272727	29.105571847507335	0.0
198.0	27.715355805243448	21.423220973782772	21.722846441947567	29.138576779026216	0.0
199.0	28.368794326241137	21.98581560283688	20.17336485421592	29.472025216706065	0.0
200.0	28.280961182994456	15.98890942698706	20.794824399260627	34.93530499075786	0.0
201.0	31.272727272727273	16.606060606060606	18.545454545454547	33.57575757575758	0.0
202.0	35.88807785888078	16.423357664233578	18.248175182481752	29.44038929440389	0.0
203.0	33.00852618757612	16.199756394640684	23.87332521315469	26.9183922046285	0.0
204.0	32.54950495049505	19.554455445544555	22.772277227722775	25.123762376237625	0.0
205.0	36.329588014981276	16.729088639201	21.5980024968789	25.343320848938827	0.0
206.0	28.84130982367758	21.158690176322416	23.67758186397985	26.322418136020154	0.0
207.0	27.898089171974522	21.91082802547771	15.668789808917197	34.52229299363057	0.0
208.0	29.30591259640103	18.380462724935732	19.408740359897173	32.904884318766065	0.0
209.0	23.49869451697128	19.06005221932115	21.409921671018274	36.0313315926893	0.0
210.0	25.263157894736842	17.763157894736842	21.578947368421055	35.39473684210526	0.0
211.0	27.563249001331556	18.77496671105193	20.372836218375497	33.288948069241016	0.0
212.0	30.604026845637584	17.04697986577181	21.34228187919463	31.00671140939597	0.0
213.0	28.04878048780488	21.81571815718157	18.29268292682927	31.842818428184284	0.0
214.0	30.15006821282401	26.193724420190996	17.871759890859483	25.78444747612551	0.0
215.0	29.005524861878452	24.585635359116022	17.67955801104972	28.7292817679558	0.0
216.0	28.870292887029287	16.736401673640167	19.665271966527197	34.72803347280335	0.0
217.0	27.453769559032715	19.34566145092461	24.466571834992887	28.733997155049785	0.0
218.0	24.372230428360414	20.38404726735598	19.940915805022154	35.30280649926144	0.0
219.0	18.993506493506494	21.1038961038961	24.83766233766234	35.064935064935064	0.0
220.0	0.0	32.241813602015114	23.929471032745592	43.8287153652393	0.0
