# Position (bp)	A	C	G	T	N
0.0	25.692386540514917	23.954389060851152	24.537319892539617	25.815904506094313	0.0
1.0	26.16365643164269	19.84792272168326	15.450028449363506	38.53839239731054	0.0
2.0	28.285129975187147	18.800933554913556	18.564584372198812	34.34935209770049	0.0
3.0	22.454999378741984	22.305697654017354	15.325729634756483	39.91357333248418	0.0
4.0	33.71907046054119	13.272980211012452	14.601555408153876	38.40639392029248	0.0
5.0	34.02941672470031	14.869462675616019	23.34921160576431	27.751908993919354	0.0
6.0	30.10517999296054	17.558056809927134	21.268874859897306	31.06788833721502	0.0
7.0	34.69408311054196	17.09679754567535	20.00491763584033	28.204201707942357	0.0
8.0	22.244676097543927	26.951639919220966	22.45786934066236	28.345814642572748	0.0
9.0	27.48596476776028	18.63606748893532	15.846332616906183	38.031635126398214	0.0
10.0	25.581304496516466	16.715056702587873	25.163205599614578	32.54043320128108	0.0
11.0	27.908831524791623	17.82247334616412	19.586519187516693	34.68217594152756	0.0
12.0	25.814280614779367	19.65665166413296	21.172931035773928	33.35613668531374	0.0
13.0	26.322244938205035	20.69261281231356	18.543106697720162	34.442035551761236	0.0
14.0	30.48634669582301	18.262813936130645	20.02453825396469	31.22630111408166	0.0
15.0	29.922129111655295	18.21096657755012	19.824013539724263	32.04289077107032	0.0
16.0	29.422564709347753	17.49488890386646	18.723511541466653	34.35903484531914	0.0
17.0	30.16012271623244	17.885179443782935	19.87152988399871	32.08316795598591	0.0
18.0	30.70363380837196	17.404923626868765	18.715086657730048	33.176355907029226	0.0
19.0	29.515200986522682	18.266171408316044	19.922241443438452	32.296386161722815	0.0
20.0	29.650935224501307	17.47551791192689	19.887480997206683	32.98606586636512	0.0
21.0	28.96619811831782	18.185779295504982	19.355577522659818	33.49244506351739	0.0
22.0	29.523313837528303	19.104965314441625	22.279037141880035	29.09268370615004	0.0
23.0	29.8062900806043	19.952795688456536	20.907778102291818	29.333136128647354	0.0
24.0	32.03610093884408	19.27992830735973	18.281735600937594	30.40223515285859	0.0
25.0	28.998674484958777	21.091652750006865	19.411643563763263	30.4980292012711	0.0
26.0	31.60122716232442	16.887411101874942	21.48820890716153	30.02315282863911	0.0
27.0	25.82792268577805	20.985099813029986	25.040801399903646	28.146176101288322	0.0
28.0	26.09109109109109	19.654804430365527	18.512202976043373	35.741901502500006	0.0
29.0	27.59095754108223	19.92784555128695	17.466893327242456	35.014303580388365	0.0
30.0	26.317083375744932	19.050557044581325	16.290981172250785	38.34137840742296	0.0
31.0	33.7871246266651	14.249790633670372	18.345411572588134	33.617673167076404	0.0
32.0	33.64281540546276	15.872201127619265	22.706637614382625	27.778345852535345	0.0
33.0	30.772748233142256	17.88783564508878	20.398397560196003	30.941018561572957	0.0
34.0	33.031597935694386	16.712878477215376	21.75904791695912	28.496475670131126	0.0
35.0	25.94632398557587	21.049308481321496	25.003785313692894	28.000582219409743	0.0
