# Position (bp)	A	C	G	T	N
0.0	54.57570715474209	10.066555740432612	12.728785357737104	22.628951747088184	0.0
1.0	23.46089850249584	51.83028286189683	13.643926788685523	11.064891846921796	0.0
2.0	32.757201646090536	42.88065843621399	9.54732510288066	14.814814814814813	0.0
3.0	63.96396396396396	11.138411138411138	12.039312039312039	12.858312858312859	0.0
4.0	54.2997542997543	21.94922194922195	7.207207207207207	16.543816543816543	0.0
5.0	16.176470588235293	44.689542483660134	23.202614379084967	15.931372549019606	0.0
6.0	16.39477977161501	43.3115823817292	14.355628058727568	25.938009787928223	0.0
7.0	54.56769983686787	9.9510603588907	11.827079934747145	23.65415986949429	0.0
8.0	49.42903752039152	17.210440456769984	10.0326264274062	23.3278955954323	0.0
9.0	13.70309951060359	43.3931484502447	10.766721044045676	32.13703099510604	0.0
10.0	24.95921696574225	9.9510603588907	10.0326264274062	55.05709624796084	0.0
11.0	25.36704730831974	14.600326264274063	11.582381729200652	48.450244698205545	0.0
12.0	12.306438467807661	14.343928280358597	22.73838630806846	50.61124694376527	0.0
13.0	13.61043194784026	41.89079054604727	21.515892420537895	22.982885085574573	0.0
14.0	24.348534201954397	10.993485342019543	44.951140065146575	19.706840390879478	0.0
15.0	54.8413344182262	11.635475996745322	17.57526444263629	15.947925142392188	0.0
16.0	14.796747967479677	9.75609756097561	16.585365853658537	58.86178861788618	0.0
17.0	21.463414634146343	50.89430894308943	12.439024390243903	15.203252032520325	0.0
18.0	30.081300813008134	12.439024390243903	10.8130081300813	46.666666666666664	0.0
19.0	16.7479674796748	54.71544715447154	9.91869918699187	18.617886178861788	0.0
20.0	13.463098134630982	22.62773722627737	17.761557177615572	46.14760746147608	0.0
21.0	14.505672609400325	12.236628849270664	10.12965964343598	63.128038897893035	0.0
22.0	20.178282009724473	10.12965964343598	42.544570502431114	27.14748784440843	0.0
23.0	15.316045380875204	11.426256077795786	15.883306320907616	57.37439222042139	0.0
24.0	47.9740680713128	9.076175040518638	9.886547811993516	33.06320907617504	0.0
25.0	16.28849270664506	10.291734197730957	58.26580226904377	15.153970826580226	0.0
26.0	59.400324149108584	15.07293354943274	10.12965964343598	15.39708265802269	0.0
27.0	23.562753036437247	14.412955465587043	13.603238866396762	48.421052631578945	0.0
28.0	15.776699029126215	42.961165048543684	8.333333333333332	32.92880258899677	0.0
29.0	24.190938511326863	9.142394822006473	7.9288025889967635	58.7378640776699	0.0
30.0	27.044534412955468	9.878542510121457	41.29554655870445	21.78137651821862	0.0
31.0	22.07792207792208	8.766233766233766	19.642857142857142	49.51298701298701	0.0
32.0	31.138211382113823	7.642276422764227	9.91869918699187	51.300813008130085	0.0
33.0	30.781758957654727	43.40390879478828	9.201954397394136	16.612377850162865	0.0
34.0	16.82926829268293	8.699186991869919	26.910569105691057	47.5609756097561	0.0
35.0	29.12937347436941	44.75183075671277	9.6826688364524	16.43612693246542	0.0
36.0	14.297319252640131	10.398050365556458	9.991876523151909	65.3127538586515	0.0
37.0	46.58536585365854	9.91869918699187	10.894308943089431	32.60162601626016	0.0
38.0	45.77235772357724	11.05691056910569	13.414634146341465	29.756097560975608	0.0
39.0	45.836837678721615	10.344827586206897	9.5878889823381	34.23044575273339	0.0
40.0	31.05485232067511	41.434599156118146	11.814345991561181	15.69620253164557	0.0
41.0	16.340425531914892	12.76595744680851	43.148936170212764	27.74468085106383	0.0
42.0	52.17391304347826	8.951406649616368	11.508951406649617	27.365728900255753	0.0
43.0	51.75363558597091	21.3857998289136	11.206159110350727	15.654405474764758	0.0
44.0	23.043852106620808	51.24677558039553	8.85640584694755	16.85296646603611	0.0
45.0	28.719723183391004	11.649365628604382	12.572087658592848	47.05882352941176	0.0
46.0	36.791314837153195	15.560916767189385	18.21471652593486	29.43305186972256	0.0
47.0	28.590250329380762	11.725955204216074	17.918313570487484	41.76548089591568	0.0
48.0	23.381770145310433	15.587846763540291	31.175693527080583	29.854689564068693	0.0
49.0	21.428571428571427	18.650793650793652	29.894179894179896	30.02645502645503	0.0
50.0	37.93103448275862	20.159151193633953	15.915119363395224	25.9946949602122	0.0
51.0	24.20212765957447	30.45212765957447	16.75531914893617	28.590425531914892	0.0
52.0	37.765957446808514	15.292553191489361	20.47872340425532	26.46276595744681	0.0
53.0	30.250783699059564	19.278996865203762	20.532915360501566	29.93730407523511	0.0
54.0	25.628930817610062	20.754716981132077	18.71069182389937	34.90566037735849	0.0
55.0	31.132075471698112	16.82389937106918	20.754716981132077	31.289308176100626	0.0
56.0	25.039619651347067	25.039619651347067	17.9080824088748	32.01267828843106	0.0
57.0	31.85419968304279	18.54199683042789	19.17591125198098	30.427892234548338	0.0
58.0	31.587301587301585	18.253968253968253	16.19047619047619	33.96825396825397	0.0
59.0	25.555555555555554	20.317460317460316	24.444444444444443	29.682539682539684	0.0
60.0	25.555555555555554	20.0	19.841269841269842	34.6031746031746	0.0
61.0	27.733755942947703	18.225039619651348	22.820919175911254	31.2202852614897	0.0
62.0	30.269413629160063	19.968304278922343	23.137876386687797	26.62440570522979	0.0
63.0	35.13513513513514	16.69316375198728	18.91891891891892	29.252782193958666	0.0
64.0	29.936305732484076	17.51592356687898	24.522292993630572	28.02547770700637	0.0
65.0	29.505582137161085	17.384370015948964	22.647527910685806	30.462519936204146	0.0
66.0	29.505582137161085	14.035087719298245	22.966507177033492	33.49282296650718	0.0
67.0	27.27272727272727	18.341307814992025	17.22488038277512	37.16108452950559	0.0
68.0	26.6347687400319	21.690590111642745	18.660287081339714	33.014354066985646	0.0
69.0	29.505582137161085	21.690590111642745	19.617224880382775	29.1866028708134	0.0
70.0	25.199362041467303	22.807017543859647	19.457735247208934	32.535885167464116	0.0
71.0	30.89171974522293	21.656050955414013	19.426751592356688	28.02547770700637	0.0
72.0	27.388535031847134	19.426751592356688	20.85987261146497	32.324840764331206	0.0
73.0	28.662420382165603	19.26751592356688	21.496815286624205	30.573248407643312	0.0
74.0	32.1656050955414	16.24203821656051	25.0	26.59235668789809	0.0
75.0	26.59235668789809	19.5859872611465	22.452229299363058	31.369426751592357	0.0
76.0	31.158238172920065	18.59706362153344	18.270799347471453	31.97389885807504	0.0
77.0	29.690048939641112	20.0652528548124	18.76019575856444	31.484502446982056	0.0
78.0	27.895595432300162	22.512234910277325	19.73898858075041	29.853181076672104	0.0
79.0	27.07993474714519	19.9021207177814	22.34910277324633	30.668841761827082	0.0
80.0	30.392156862745097	17.973856209150327	19.444444444444446	32.189542483660134	0.0
81.0	27.941176470588236	18.137254901960784	19.11764705882353	34.80392156862745	0.0
82.0	32.84313725490196	18.30065359477124	22.712418300653596	26.143790849673206	0.0
83.0	29.248366013071898	19.444444444444446	22.058823529411764	29.248366013071898	0.0
84.0	27.941176470588236	18.954248366013072	19.77124183006536	33.33333333333333	0.0
85.0	33.49673202614379	17.320261437908496	22.22222222222222	26.96078431372549	0.0
86.0	33.82352941176471	16.33986928104575	25.326797385620914	24.509803921568626	0.0
87.0	34.150326797385624	16.503267973856207	21.73202614379085	27.61437908496732	0.0
88.0	34.80392156862745	16.33986928104575	20.588235294117645	28.26797385620915	0.0
89.0	31.862745098039213	16.176470588235293	19.77124183006536	32.189542483660134	0.0
90.0	30.555555555555557	17.483660130718953	20.26143790849673	31.699346405228756	0.0
91.0	29.73856209150327	18.137254901960784	17.81045751633987	34.31372549019608	0.0
92.0	29.901960784313726	19.934640522875817	16.176470588235293	33.98692810457516	0.0
93.0	31.372549019607842	15.686274509803921	19.77124183006536	33.169934640522875	0.0
94.0	32.84313725490196	18.790849673202615	17.15686274509804	31.209150326797385	0.0
95.0	31.372549019607842	18.30065359477124	20.098039215686274	30.22875816993464	0.0
96.0	28.921568627450984	15.686274509803921	19.77124183006536	35.62091503267974	0.0
97.0	28.431372549019606	19.607843137254903	20.098039215686274	31.862745098039213	0.0
98.0	26.797385620915033	20.588235294117645	18.30065359477124	34.31372549019608	0.0
99.0	31.862745098039213	17.81045751633987	18.4640522875817	31.862745098039213	0.0
100.0	32.40589198036006	16.20294599018003	19.803600654664486	31.58756137479542	0.0
101.0	29.32454695222405	19.43986820428336	22.73476112026359	28.500823723228997	0.0
102.0	32.01320132013201	15.346534653465346	20.2970297029703	32.34323432343234	0.0
103.0	24.337748344370862	19.867549668874172	20.86092715231788	34.93377483443709	0.0
104.0	25.33112582781457	16.39072847682119	23.509933774834437	34.7682119205298	0.0
105.0	28.524046434494192	18.407960199004975	20.066334991708125	33.001658374792704	0.0
106.0	32.50414593698176	15.754560530679933	19.734660033167494	32.00663349917081	0.0
107.0	30.948419301164726	20.299500831946755	20.798668885191347	27.953410981697168	0.0
108.0	34.94176372712147	16.638935108153078	18.80199667221298	29.61730449251248	0.0
109.0	26.166666666666664	24.0	19.666666666666664	30.166666666666668	0.0
110.0	24.040066777963272	19.86644407345576	23.372287145242073	32.7212020033389	0.0
111.0	30.485762144053602	17.75544388609715	21.775544388609717	29.98324958123953	0.0
112.0	28.02013422818792	18.959731543624162	22.31543624161074	30.70469798657718	0.0
113.0	30.252100840336134	19.831932773109244	20.33613445378151	29.57983193277311	0.0
114.0	29.915966386554622	17.310924369747898	20.168067226890756	32.60504201680672	0.0
115.0	30.252100840336134	19.327731092436977	16.134453781512605	34.285714285714285	0.0
116.0	30.185497470489036	19.898819561551434	18.381112984822934	31.534569983136596	0.0
117.0	29.441624365482234	19.96615905245347	17.089678510998308	33.50253807106599	0.0
118.0	28.35314091680815	16.808149405772497	21.901528013582343	32.93718166383701	0.0
119.0	21.976149914821125	22.487223168654175	28.620102214650768	26.916524701873932	0.0
120.0	26.916524701873932	21.976149914821125	22.998296422487225	28.109028960817717	0.0
121.0	29.692832764505116	19.283276450511945	18.600682593856654	32.42320819112628	0.0
122.0	29.96575342465753	18.835616438356166	19.52054794520548	31.67808219178082	0.0
123.0	29.948364888123923	18.9328743545611	18.588640275387263	32.53012048192771	0.0
124.0	29.655172413793103	18.79310344827586	19.482758620689655	32.068965517241374	0.0
125.0	30.103806228373703	19.55017301038062	19.896193771626297	30.44982698961938	0.0
126.0	32.752613240418114	18.118466898954704	18.29268292682927	30.836236933797913	0.0
127.0	29.195804195804197	19.055944055944053	21.678321678321677	30.069930069930066	0.0
128.0	32.16783216783217	18.006993006993007	20.62937062937063	29.195804195804197	0.0
129.0	29.173989455184536	18.804920913884008	19.85940246045694	32.161687170474515	0.0
130.0	30.052724077328648	22.144112478031637	17.926186291739896	29.876977152899826	0.0
131.0	28.295254833040424	22.671353251318102	21.441124780316343	27.592267135325134	0.0
132.0	29.50530035335689	18.551236749116608	24.73498233215548	27.208480565371023	0.0
133.0	24.778761061946902	25.309734513274336	19.82300884955752	30.08849557522124	0.0
134.0	24.29078014184397	19.858156028368796	22.5177304964539	33.33333333333333	0.0
135.0	25.97864768683274	17.08185053380783	21.70818505338078	35.231316725978644	0.0
136.0	23.885918003565063	18.538324420677363	22.994652406417114	34.58110516934047	0.0
137.0	31.194295900178254	13.01247771836007	21.21212121212121	34.58110516934047	0.0
138.0	28.035714285714285	16.25	25.0	30.714285714285715	0.0
139.0	27.648114901256733	19.569120287253142	21.18491921005386	31.597845601436266	0.0
140.0	26.306306306306304	17.117117117117118	25.405405405405407	31.17117117117117	0.0
141.0	33.87387387387387	15.855855855855856	19.27927927927928	30.99099099099099	0.0
142.0	28.933092224231466	16.817359855334537	20.795660036166367	33.45388788426763	0.0
143.0	33.756805807622506	18.148820326678766	19.782214156079856	28.31215970961887	0.0
144.0	32.240437158469945	18.761384335154826	16.57559198542805	32.42258652094718	0.0
145.0	28.832116788321166	21.715328467153284	17.7007299270073	31.751824817518248	0.0
146.0	28.884826325411332	20.29250457038391	19.012797074954296	31.809872029250457	0.0
147.0	32.17550274223035	18.647166361974406	18.281535648994517	30.895795246800734	0.0
148.0	27.28937728937729	19.5970695970696	18.864468864468865	34.24908424908425	0.0
149.0	31.608133086876155	21.626617375231053	17.375231053604438	29.390018484288355	0.0
150.0	28.624535315985128	19.33085501858736	19.144981412639407	32.899628252788105	0.0
151.0	26.119402985074625	21.641791044776117	21.641791044776117	30.597014925373134	0.0
152.0	26.82926829268293	19.69981238273921	19.136960600375236	34.33395872420263	0.0
153.0	33.0188679245283	15.471698113207546	20.566037735849058	30.943396226415093	0.0
154.0	32.57575757575758	16.28787878787879	22.727272727272727	28.40909090909091	0.0
155.0	31.119544592030362	19.734345351043643	15.749525616698293	33.396584440227706	0.0
156.0	30.60836501901141	13.498098859315588	18.8212927756654	37.0722433460076	0.0
157.0	33.14176245210728	17.049808429118773	21.455938697318008	28.35249042145594	0.0
158.0	24.807692307692307	23.26923076923077	17.115384615384617	34.80769230769231	0.0
159.0	32.625482625482626	14.285714285714285	22.2007722007722	30.888030888030887	0.0
160.0	27.51937984496124	17.829457364341085	22.48062015503876	32.17054263565892	0.0
161.0	28.100775193798448	16.08527131782946	25.0	30.813953488372093	0.0
162.0	31.712062256809336	18.67704280155642	21.40077821011673	28.21011673151751	0.0
163.0	27.87524366471735	15.204678362573098	19.298245614035086	37.62183235867446	0.0
164.0	28.767123287671232	13.50293542074364	23.28767123287671	34.44227005870842	0.0
165.0	30.0	18.03921568627451	23.92156862745098	28.03921568627451	0.0
166.0	27.435387673956264	20.675944333996025	20.675944333996025	31.21272365805169	0.0
167.0	25.89641434262948	19.9203187250996	24.900398406374503	29.282868525896415	0.0
168.0	28.65731462925852	20.240480961923847	18.43687374749499	32.66533066132264	0.0
169.0	25.450901803607213	18.637274549098194	19.238476953907817	36.67334669338677	0.0
170.0	30.181086519114686	16.297786720321934	20.12072434607646	33.400402414486926	0.0
171.0	30.040322580645164	21.16935483870968	17.540322580645164	31.25	0.0
172.0	30.707070707070706	18.98989898989899	17.97979797979798	32.323232323232325	0.0
173.0	28.455284552845526	18.69918699186992	20.32520325203252	32.52032520325203	0.0
174.0	29.327902240325866	18.73727087576375	18.73727087576375	33.19755600814664	0.0
175.0	28.57142857142857	19.79591836734694	21.428571428571427	30.20408163265306	0.0
176.0	30.927835051546392	18.350515463917525	20.412371134020617	30.309278350515463	0.0
177.0	27.95031055900621	23.809523809523807	19.25465838509317	28.985507246376812	0.0
178.0	25.933609958506228	22.40663900414938	23.651452282157674	28.008298755186722	0.0
179.0	26.15062761506276	19.456066945606697	25.313807531380757	29.079497907949794	0.0
180.0	29.809725158562365	14.376321353065538	22.621564482029598	33.192389006342495	0.0
181.0	27.966101694915253	21.398305084745765	21.822033898305087	28.8135593220339	0.0
182.0	34.54935622317596	16.523605150214593	23.819742489270386	25.10729613733906	0.0
183.0	31.5450643776824	21.888412017167383	21.67381974248927	24.892703862660944	0.0
184.0	26.939655172413797	22.198275862068968	16.163793103448278	34.69827586206897	0.0
185.0	24.618736383442265	23.311546840958606	25.272331154684096	26.797385620915033	0.0
186.0	28.947368421052634	15.131578947368421	24.561403508771928	31.359649122807014	0.0
187.0	27.654867256637168	20.79646017699115	21.01769911504425	30.53097345132743	0.0
188.0	32.30088495575221	17.47787610619469	21.238938053097346	28.98230088495575	0.0
189.0	26.607538802660752	21.951219512195124	22.61640798226164	28.824833702882486	0.0
190.0	28.923766816143498	16.81614349775785	19.955156950672645	34.30493273542601	0.0
191.0	28.153153153153156	19.594594594594593	20.945945945945947	31.306306306306308	0.0
192.0	29.705215419501137	20.408163265306122	20.408163265306122	29.47845804988662	0.0
193.0	27.5626423690205	17.539863325740317	22.323462414578586	32.57403189066059	0.0
194.0	27.45995423340961	23.569794050343248	21.96796338672769	27.002288329519452	0.0
195.0	27.546296296296298	18.287037037037038	21.75925925925926	32.407407407407405	0.0
196.0	27.80373831775701	20.327102803738317	20.794392523364486	31.074766355140188	0.0
197.0	28.132387706855795	21.513002364066196	20.094562647754138	30.260047281323878	0.0
198.0	25.24271844660194	24.271844660194176	20.388349514563107	30.097087378640776	0.0
199.0	26.463104325699742	23.66412213740458	18.575063613231553	31.297709923664126	0.0
200.0	24.17910447761194	17.91044776119403	23.582089552238806	34.32835820895522	0.0
201.0	34.45378151260504	24.789915966386555	13.445378151260504	27.310924369747898	0.0
202.0	42.19409282700422	16.877637130801688	15.18987341772152	25.738396624472575	0.0
203.0	35.44303797468354	21.940928270042196	20.675105485232066	21.940928270042196	0.0
204.0	34.78260869565217	16.52173913043478	26.956521739130434	21.73913043478261	0.0
205.0	34.801762114537446	17.62114537444934	28.193832599118945	19.383259911894275	0.0
206.0	32.0	20.88888888888889	20.88888888888889	26.222222222222225	0.0
207.0	22.666666666666664	26.222222222222225	20.0	31.11111111111111	0.0
208.0	24.553571428571427	18.303571428571427	22.321428571428573	34.82142857142857	0.0
209.0	18.303571428571427	23.660714285714285	22.321428571428573	35.714285714285715	0.0
210.0	25.0	19.196428571428573	15.625	40.17857142857143	0.0
211.0	28.37837837837838	21.17117117117117	20.72072072072072	29.72972972972973	0.0
212.0	23.076923076923077	16.7420814479638	23.981900452488688	36.199095022624434	0.0
213.0	21.818181818181817	22.727272727272727	15.0	40.45454545454545	0.0
214.0	26.605504587155966	22.93577981651376	17.889908256880734	32.56880733944954	0.0
215.0	26.72811059907834	23.502304147465438	16.589861751152075	33.17972350230415	0.0
216.0	35.348837209302324	15.813953488372093	17.674418604651162	31.16279069767442	0.0
217.0	22.857142857142858	18.571428571428573	27.61904761904762	30.952380952380953	0.0
218.0	23.67149758454106	17.874396135265698	19.806763285024154	38.64734299516908	0.0
219.0	19.892473118279568	24.731182795698924	24.193548387096776	31.182795698924732	0.0
220.0	0.0	33.33333333333333	28.68217054263566	37.98449612403101	0.0
