# Position (bp)	A	C	G	T	N
0.0	67.63729631864815	7.905853952926976	9.987929993964997	14.468919734459867	0.0
1.0	10.556477152767304	67.16935605489368	11.642286231337657	10.631880561001356	0.0
2.0	13.96497530309834	63.47852117946415	9.025594970812753	13.530908546624756	0.0
3.0	69.00820283370619	9.60477255779269	8.038777032065623	13.348247576435496	0.0
4.0	67.08879618593564	10.816448152562575	6.808700834326579	15.286054827175208	0.0
5.0	12.875855909496876	63.63501041976779	9.67549866031557	13.813635010419766	0.0
6.0	12.819750148720999	65.31826293872695	9.622248661511005	12.239738251041048	0.0
7.0	69.12442396313364	9.811208562509291	8.086814330310688	12.97755314404638	0.0
8.0	67.30054969543902	9.686525033427424	8.186005051255385	14.826920219878176	0.0
9.0	13.842269419278184	63.34472003564533	7.322144660626765	15.490865884449725	0.0
10.0	12.769116555308091	10.185597624350407	7.765404602821084	69.27988121752041	0.0
11.0	13.18208778173191	9.311981020166074	8.526097271648874	68.97983392645315	0.0
12.0	14.448725548310609	9.54356846473029	8.432128037937167	67.57557794902193	0.0
13.0	12.637037037037038	63.214814814814815	9.45185185185185	14.696296296296296	0.0
14.0	12.137359384251036	8.910597986974542	66.14860864416815	12.803433984606277	0.0
15.0	65.57788944723619	8.897428318060893	10.907478569317174	14.617203665385754	0.0
16.0	12.127031019202365	8.729689807976367	9.911373707533235	69.23190546528804	0.0
17.0	13.319551092734791	61.7690490253987	9.686946249261666	15.224453632604842	0.0
18.0	12.501845018450183	9.416974169741698	9.254612546125461	68.82656826568265	0.0
19.0	13.08838719197285	66.46008558359155	7.953371698391619	12.498155526043972	0.0
20.0	13.97817752875258	10.54261279858449	8.227661456797405	67.25154821586553	0.0
21.0	13.136216534274785	10.135333921741688	10.59135039717564	66.13709914680788	0.0
22.0	13.725202057310801	7.773695811903012	62.68919911829537	15.811903012490816	0.0
23.0	12.689087971802026	10.118960199735644	8.767807313849318	68.42414451461302	0.0
24.0	65.89875275128392	9.273661041819516	8.8481291269259	15.979457079970652	0.0
25.0	13.215019067175124	7.597535934291582	62.73100616016427	16.45643883836902	0.0
26.0	68.68035190615835	7.697947214076247	8.826979472140764	14.794721407624634	0.0
27.0	12.096774193548388	11.730205278592376	7.859237536656892	68.31378299120234	0.0
28.0	12.62448740480375	62.41944932630346	6.590509666080843	18.36555360281195	0.0
29.0	14.670571010248901	8.243045387994144	8.726207906295754	68.3601756954612	0.0
30.0	16.31633103042775	7.761281787446715	60.37042481258268	15.55196236954285	0.0
31.0	12.383626422343728	8.57100635436678	9.354219003989952	69.69114821929954	0.0
32.0	13.312601806604471	8.396268325188805	7.3152672886124686	70.97586257959425	0.0
33.0	13.244246473645138	64.12769116555307	8.478099480326652	14.149962880475131	0.0
34.0	14.120095124851368	9.453032104637336	8.100475624256836	68.32639714625446	0.0
35.0	12.574493444576879	64.58581644815257	7.777115613825983	15.062574493444577	0.0
36.0	14.497307001795331	8.273488928785158	8.408138839018552	68.82106523040096	0.0
37.0	68.5362927414517	8.638272345530893	9.118176364727054	13.70725854829034	0.0
38.0	68.45818946104188	9.623179702747334	6.470499924936196	15.448130911274582	0.0
39.0	67.99097065462753	9.857035364936042	7.057938299473287	15.09405568096313	0.0
40.0	11.99214620148014	62.76997432412023	9.590696269445703	15.647183204953935	0.0
41.0	12.76983885679538	7.905138339920949	66.67680145941016	12.648221343873518	0.0
42.0	69.56853178838237	8.476901966763226	7.7755755450526	14.1789906998018	0.0
43.0	70.20852499233364	8.141674333026678	7.2983747316773995	14.351425942962281	0.0
44.0	15.784601141799104	63.061255979015584	7.560561641721956	13.593581237463354	0.0
45.0	25.79449152542373	11.996822033898304	11.917372881355933	50.291313559322035	0.0
46.0	30.503889076766992	15.623943185661144	20.3922894825837	33.479878254988165	0.0
47.0	32.63345195729537	16.441281138790035	20.0	30.92526690391459	0.0
48.0	27.289048473967686	19.138240574506284	18.63554757630162	34.937163375224415	0.0
49.0	24.557602022390753	19.97110870350307	20.729505236547492	34.74178403755869	0.0
50.0	24.646098003629763	25.117967332123413	21.270417422867514	28.965517241379313	0.0
51.0	27.26277372262774	20.474452554744527	14.854014598540147	37.408759124087595	0.0
52.0	26.19831686791072	19.612147822905232	20.563483351628246	33.626051957555795	0.0
53.0	31.002589715131336	21.790603033666297	20.34776174620792	26.859045504994448	0.0
54.0	32.219747587230884	19.15367483296214	17.743132887899034	30.88344469190794	0.0
55.0	25.83177570093458	21.981308411214954	19.252336448598133	32.93457943925234	0.0
56.0	25.45045045045045	21.02102102102102	20.00750750750751	33.52102102102102	0.0
57.0	32.90614398793819	19.37429325292122	16.698077647945723	31.021485111194874	0.0
58.0	27.2108843537415	19.160997732426306	19.27437641723356	34.35374149659864	0.0
59.0	28.994994224104737	20.870234886407392	21.293800539083556	28.84097035040431	0.0
60.0	27.62088974854932	18.25918762088975	19.41972920696325	34.70019342359768	0.0
61.0	26.869158878504674	16.47196261682243	24.805295950155763	31.853582554517136	0.0
62.0	28.324833267948215	20.831698705374656	22.28324833267948	28.560219693997645	0.0
63.0	31.316725978647685	15.342032423882957	22.261763542902333	31.079478054567023	0.0
64.0	31.442463533225286	17.504051863857377	23.500810372771475	27.55267423014587	0.0
65.0	29.278183292781833	19.302514193025143	20.965125709651257	30.454176804541767	0.0
66.0	27.368849125660837	16.998779991866613	20.536803578690524	35.095567303782026	0.0
67.0	29.682410423452772	15.513029315960914	17.95602605863192	36.84853420195439	0.0
68.0	27.6803913575214	18.222584590297593	19.40481043620057	34.692213615980435	0.0
69.0	25.887265135699373	20.626304801670145	20.91858037578288	32.5678496868476	0.0
70.0	27.417329426538302	23.189619087484303	19.045625784847218	30.34742570113018	0.0
71.0	28.46315789473684	20.378947368421052	20.25263157894737	30.905263157894737	0.0
72.0	28.347457627118644	18.305084745762713	18.983050847457626	34.36440677966102	0.0
73.0	27.68122085629504	16.49003815175922	22.170411191182705	33.658329800763035	0.0
74.0	28.890799656061912	17.798796216680998	24.935511607910577	28.374892519346517	0.0
75.0	28.725701943844495	19.611231101511876	21.382289416846653	30.280777537796975	0.0
76.0	29.213483146067414	18.66897147796024	21.43474503025065	30.682800345721695	0.0
77.0	29.208570179274158	22.037603847835594	17.052907739396588	31.70091823349366	0.0
78.0	28.789864569681082	20.96985583224115	16.950633464394933	33.28964613368283	0.0
79.0	31.2472647702407	20.568927789934357	18.293216630196937	29.89059080962801	0.0
80.0	30.442477876106196	18.141592920353983	19.557522123893804	31.858407079646017	0.0
81.0	26.817375886524825	18.97163120567376	19.45921985815603	34.751773049645394	0.0
82.0	32.801418439716315	17.907801418439718	20.656028368794328	28.634751773049643	0.0
83.0	28.438331854480925	18.32298136645963	23.02573203194321	30.21295474711624	0.0
84.0	27.75310834813499	19.404973357015987	21.314387211367674	31.527531083481346	0.0
85.0	31.59768580329328	20.160213618157545	22.296395193591458	25.945705384957723	0.0
86.0	28.89581478183437	19.367764915405164	22.350845948352628	29.385574354407833	0.0
87.0	31.889236266190263	21.750781598928093	20.455560518088433	25.90442161679321	0.0
88.0	37.52798925212718	17.913121361397224	15.853112404836542	28.705776981639055	0.0
89.0	32.97394429469901	16.711590296495956	16.307277628032345	34.00718778077268	0.0
90.0	30.17086330935252	16.951438848920862	17.985611510791365	34.89208633093525	0.0
91.0	29.509671614934774	19.208277103013945	16.64417453891138	34.6378767431399	0.0
92.0	29.414414414414413	18.55855855855856	17.65765765765766	34.369369369369366	0.0
93.0	32.320942883046236	19.174977334542156	18.948322756119673	29.55575702629193	0.0
94.0	31.987295825771323	16.878402903811253	20.235934664246823	30.898366606170597	0.0
95.0	29.841269841269842	18.911564625850342	20.680272108843536	30.56689342403628	0.0
96.0	28.960508397639583	16.205174761688607	18.429414434861553	36.404902405810255	0.0
97.0	33.15143246930423	17.007730786721236	17.871759890859483	31.96907685311505	0.0
98.0	31.26991351843423	19.43559399180701	17.75147928994083	31.54301319981793	0.0
99.0	33.3646175504458	18.86438291881746	17.691224777099954	30.07977475363679	0.0
100.0	34.023529411764706	15.576470588235294	18.823529411764707	31.576470588235296	0.0
101.0	32.07368918280586	18.80018894662258	18.65847897968824	30.467642890883322	0.0
102.0	31.758034026465026	15.595463137996218	20.226843100189036	32.41965973534972	0.0
103.0	26.398104265402843	18.578199052132703	21.421800947867297	33.60189573459716	0.0
104.0	28.151658767772513	16.919431279620852	21.61137440758294	33.317535545023695	0.0
105.0	27.756653992395435	20.342205323193916	19.344106463878326	32.55703422053232	0.0
106.0	30.916030534351147	17.41412213740458	18.3206106870229	33.349236641221374	0.0
107.0	30.401529636711285	19.646271510516254	17.78202676864245	32.170172084130016	0.0
108.0	33.01297453147525	18.981259010091303	16.434406535319557	31.57135992311389	0.0
109.0	28.102366006760022	19.362626750362143	20.280057943022694	32.25494929985514	0.0
110.0	26.792635658914726	19.040697674418606	20.397286821705425	33.769379844961236	0.0
111.0	28.72444011684518	19.571567672833496	19.182083739045762	32.521908471275566	0.0
112.0	25.633528265107213	19.541910331384017	21.34502923976608	33.47953216374269	0.0
113.0	28.99755501222494	20.293398533007334	18.728606356968218	31.980440097799512	0.0
114.0	29.270680372001955	19.23641703377386	18.79588839941263	32.69701419481155	0.0
115.0	27.259332023575638	18.762278978389	19.351669941060905	34.62671905697446	0.0
116.0	29.365469749139205	18.002951303492377	19.42941465814068	33.202164289227746	0.0
117.0	33.267619517003446	18.235584031542633	18.137013307047805	30.359783144406112	0.0
118.0	27.887462981243832	16.831194471865746	21.470878578479763	33.81046396841066	0.0
119.0	24.925962487660414	21.520236920039487	27.295162882527148	26.25863770977295	0.0
120.0	26.136363636363637	22.677865612648223	22.381422924901187	28.804347826086957	0.0
121.0	32.34421364985163	18.051434223541047	17.85361028684471	31.750741839762615	0.0
122.0	28.748144482929245	17.664522513607125	22.81048985650668	30.77684314695695	0.0
123.0	33.41608738828202	18.321747765640517	18.123138033763656	30.1390268123138	0.0
124.0	30.66202090592334	18.367346938775512	20.25883524141364	30.711796913887508	0.0
125.0	27.802690582959645	18.883906327852515	19.730941704035875	33.582461385151966	0.0
126.0	31.165582791395696	18.159079539769884	19.409704852426213	31.265632816408207	0.0
127.0	28.106212424849698	19.88977955911824	21.19238476953908	30.811623246492985	0.0
128.0	30.587644399799096	17.076845806127576	20.441988950276244	31.893520843797084	0.0
129.0	29.195979899497488	19.899497487437188	18.090452261306535	32.814070351758794	0.0
130.0	31.281533804238144	18.012108980827445	17.457114026236127	33.24924318869829	0.0
131.0	30.93670886075949	20.455696202531644	19.544303797468356	29.063291139240505	0.0
132.0	28.317234367056432	18.6578546009151	20.284697508896798	32.74021352313167	0.0
133.0	28.884360672440142	20.733571064696893	20.376974019358126	30.005094243504836	0.0
134.0	25.60163850486431	21.55657962109575	22.06861239119304	30.773169482846903	0.0
135.0	26.796714579055443	18.480492813141684	19.35318275154004	35.369609856262834	0.0
136.0	25.990735975295937	18.63098301595471	19.917653113741636	35.46062789500772	0.0
137.0	29.24187725631769	16.658071170706553	21.14492006188757	32.95513151108819	0.0
138.0	28.660113812726333	16.968442834971547	19.76202793585101	34.609415416451114	0.0
139.0	29.13426645930534	18.455158113011922	19.491964748574393	32.91861067910835	0.0
140.0	29.047371160853725	17.855283706402915	21.395106715252474	31.70223841749089	0.0
141.0	31.870428422152557	17.29362591431557	19.74921630094044	31.08672936259143	0.0
142.0	30.104712041884817	16.544502617801047	19.214659685863875	34.13612565445026	0.0
143.0	33.578947368421055	18.736842105263158	18.052631578947366	29.63157894736842	0.0
144.0	32.18816067653277	18.39323467230444	16.913319238900634	32.50528541226216	0.0
145.0	27.89585547290117	19.81934112646121	19.28799149840595	32.99681190223167	0.0
146.0	28.39637719765583	20.831113478955782	18.060735215769846	32.71177410761854	0.0
147.0	29.26698769395399	17.81701444622793	17.8705189941145	35.045478865703586	0.0
148.0	25.174825174825177	21.51694459386767	20.01075847229693	33.29747175901022	0.0
149.0	29.859611231101514	20.032397408207345	18.466522678185747	31.641468682505398	0.0
150.0	29.87012987012987	17.91125541125541	18.452380952380953	33.76623376623377	0.0
151.0	27.895595432300162	18.977705274605764	20.880913539967374	32.2457857531267	0.0
152.0	27.629427792915536	20.0	16.294277929155314	36.07629427792916	0.0
153.0	31.599123767798464	19.05805038335159	16.92223439211391	32.420591456736034	0.0
154.0	31.04017611447441	17.17116125481563	19.81287837094111	31.97578425976885	0.0
155.0	31.322634200332043	19.92252351964582	17.044825677919203	31.710016602102932	0.0
156.0	32.77685030606566	15.971062882582082	16.416249304396217	34.83583750695603	0.0
157.0	31.12102621305075	17.902955939765754	21.36084774121584	29.615170105967653	0.0
158.0	27.762198541783512	22.546270330902974	17.27425687044307	32.41727425687044	0.0
159.0	35.750421585160204	14.333895446880272	17.875210792580102	32.04047217537943	0.0
160.0	26.422535211267608	19.098591549295772	23.098591549295776	31.380281690140844	0.0
161.0	28.43414358394573	18.654607122668175	21.254946297343132	31.65630299604296	0.0
162.0	30.437251561612722	18.85292447473027	18.96649630891539	31.743327654741627	0.0
163.0	30.471859010801595	16.42978965321205	18.305855599772595	34.79249573621376	0.0
164.0	29.58950969213227	16.590649942987458	21.949828962371722	31.870011402508553	0.0
165.0	29.48938611589214	18.014916810097535	21.457257601835916	31.03843947217441	0.0
166.0	26.091954022988507	20.804597701149426	21.03448275862069	32.068965517241374	0.0
167.0	26.93194925028835	19.146482122260668	23.18339100346021	30.73817762399077	0.0
168.0	27.983777520278096	17.497103128621088	19.17728852838934	35.34183082271147	0.0
169.0	27.63234438627109	18.906340895869693	18.557300756253635	34.904013961605585	0.0
170.0	28.996499416569428	16.744457409568263	18.08634772462077	36.17269544924154	0.0
171.0	29.088785046728972	18.925233644859812	16.764018691588785	35.22196261682243	0.0
172.0	31.224370240187465	20.44522554188635	14.762741652021088	33.567662565905096	0.0
173.0	27.833235466823254	17.909571344685848	20.02348796241926	34.233705226071635	0.0
174.0	30.914454277286136	20.530973451327434	17.463126843657818	31.091445427728615	0.0
175.0	27.659574468085108	17.907801418439718	20.685579196217493	33.74704491725768	0.0
176.0	28.817587641117054	19.548425430778373	20.73677956030897	30.897207367795605	0.0
177.0	28.14549791293977	21.884317233154444	17.829457364341085	32.140727489564696	0.0
178.0	25.917017438364404	20.32471437161756	20.74564040889958	33.01262778111846	0.0
179.0	25.06038647342995	19.625603864734302	23.792270531400966	31.521739130434785	0.0
180.0	28.762135922330096	17.96116504854369	21.480582524271842	31.79611650485437	0.0
181.0	28.449328449328448	20.268620268620268	18.07081807081807	33.21123321123321	0.0
182.0	30.91579594345421	18.315918869084204	20.036877688998157	30.73140749846343	0.0
183.0	29.269801980198018	23.26732673267327	20.544554455445542	26.91831683168317	0.0
184.0	29.931549471064095	21.468574984443062	18.419415059116364	30.180460485376475	0.0
185.0	27.045596502186132	22.1736414740787	23.048094940662086	27.732667083073082	0.0
186.0	31.952291274325173	17.011927181418706	21.908349026993097	29.127432517263024	0.0
187.0	31.92429022082019	21.198738170347003	17.917981072555207	28.9589905362776	0.0
188.0	28.87055837563452	21.383248730964468	20.241116751269036	29.50507614213198	0.0
189.0	31.202046035805626	18.542199488491047	18.606138107416882	31.64961636828644	0.0
190.0	30.378933847141944	16.313423249839435	20.809248554913296	32.49839434810533	0.0
191.0	25.53329023917259	20.94376212023271	20.426632191338072	33.09631544925662	0.0
192.0	31.25	20.703125	18.359375	29.6875	0.0
193.0	32.06806282722513	16.95026178010471	21.20418848167539	29.777486910994767	0.0
194.0	27.66798418972332	20.35573122529644	24.37417654808959	27.602108036890645	0.0
195.0	28.732581287325814	20.968812209688124	20.106171201061713	30.192435301924352	0.0
196.0	29.356568364611256	19.839142091152816	20.10723860589812	30.6970509383378	0.0
197.0	29.243353783231086	20.38173142467621	20.58623040218132	29.788684389911385	0.0
198.0	27.368421052631582	23.92982456140351	21.47368421052632	27.228070175438596	0.0
199.0	27.72795216741405	23.54260089686099	17.78774289985052	30.94170403587444	0.0
200.0	28.039041703637977	15.43921916592724	22.182786157941436	34.338952972493345	0.0
201.0	30.848329048843187	18.637532133676093	16.709511568123396	33.804627249357324	0.0
202.0	37.904269081500644	16.946959896507117	18.628719275549805	26.52005174644243	0.0
203.0	33.89830508474576	17.992177314211215	22.816166883963493	25.293350717079534	0.0
204.0	34.90196078431372	17.77777777777778	22.22222222222222	25.098039215686274	0.0
205.0	34.95400788436268	17.345597897503286	24.0473061760841	23.653088042049937	0.0
206.0	30.911492734478202	18.626155878467635	22.192866578599734	28.269484808454425	0.0
207.0	28.437917222963954	22.429906542056074	16.955941255006675	32.176234979973295	0.0
208.0	28.150134048257375	18.230563002680967	19.302949061662197	34.316353887399465	0.0
209.0	22.776280323450134	20.350404312668463	21.159029649595688	35.714285714285715	0.0
210.0	26.4945652173913	16.71195652173913	19.70108695652174	37.09239130434783	0.0
211.0	28.551912568306008	20.62841530054645	20.21857923497268	30.601092896174865	0.0
212.0	28.25788751714678	17.421124828532236	22.90809327846365	31.412894375857338	0.0
213.0	27.562326869806093	21.60664819944598	17.72853185595568	33.10249307479224	0.0
214.0	29.86111111111111	24.583333333333332	19.166666666666668	26.38888888888889	0.0
215.0	29.88826815642458	22.067039106145252	17.039106145251395	31.00558659217877	0.0
216.0	29.213483146067414	17.134831460674157	18.96067415730337	34.69101123595505	0.0
217.0	25.85227272727273	18.46590909090909	27.27272727272727	28.40909090909091	0.0
218.0	25.25697503671072	19.970631424375917	20.26431718061674	34.50807635829663	0.0
219.0	18.940609951845907	22.792937399678973	24.077046548956663	34.18940609951846	0.0
220.0	0.0	31.873479318734795	25.060827250608277	43.06569343065693	0.0
