# Position (bp)	A	C	G	T	N
0.0	26.109238863183716	24.018633033288463	24.069269165120875	25.80285893840695	0.0
1.0	26.89826637225436	20.74902363589071	15.576562704694712	36.77614728716022	0.0
2.0	29.109248502460872	20.028582048666177	17.43654940863483	33.425620040238115	0.0
3.0	23.582743800485797	22.67976251780177	14.973321309526904	38.76417237218553	0.0
4.0	34.22875487647836	13.350832192206555	14.902385026139159	37.51802790517592	0.0
5.0	35.20673732377473	14.98400574487531	23.513813358353296	26.295443572996657	0.0
6.0	31.5569779876213	17.494181175378852	20.982098040908735	29.96674279609112	0.0
7.0	35.29818095904098	17.455638875156918	20.108472569211514	27.137707596590595	0.0
8.0	22.810399779107644	27.014413985294716	22.789373255894496	27.385812979703143	0.0
9.0	27.362357399656705	18.85872282848487	15.555433259291378	38.22348651256705	0.0
10.0	26.961126551014463	16.83241500435997	24.800328681752752	31.406129762872816	0.0
11.0	28.07885325745061	18.909695067970894	19.081721631984607	33.92973004259389	0.0
12.0	26.028330773018872	20.38885784039768	20.514485623494295	33.06832576308915	0.0
13.0	26.33270298043376	21.282598938995566	19.087870182093866	33.29682789847681	0.0
14.0	30.383326042999997	18.79905912001723	20.203794072911556	30.613820764071214	0.0
15.0	29.630375355700266	18.784295008952405	20.19311001824639	31.39221961710094	0.0
16.0	29.583217494522764	18.301633825375486	18.558924079638906	33.55622460046285	0.0
17.0	30.303888293748884	17.98587541405456	19.828220137070918	31.88201615512564	0.0
18.0	31.925131913916506	17.996901054836904	19.151632923967675	30.92633410727891	0.0
19.0	30.26786993539278	18.6479262401711	20.026662694146637	31.057541130289483	0.0
20.0	29.555738789096193	17.899397195388207	20.264084022594023	32.28077999292157	0.0
21.0	29.15902446800334	18.840580810261248	20.047594332327236	31.952800389408175	0.0
22.0	29.984600159217084	19.046690077967032	22.77293916825678	28.1957705945591	0.0
23.0	29.63086875786953	20.386941162740165	21.221891495169878	28.76029858422043	0.0
24.0	33.2913435435954	19.547796911871732	17.522210213994214	29.63864933053865	0.0
25.0	29.593673825109807	20.961526965851824	19.521741481933415	29.92305772710495	0.0
26.0	31.66960652125852	16.724435837317714	22.6383162840744	28.967641357349365	0.0
27.0	26.30678038954101	21.20765874028733	24.754537165043974	27.731023705127683	0.0
28.0	27.06124923736155	19.988253232970273	18.901079507015325	34.04941802265286	0.0
29.0	28.3460874631253	20.430094875544047	17.136654372729282	34.08716328860137	0.0
30.0	26.836846047673546	19.158393441750285	15.956417753814684	38.048342756761485	0.0
31.0	34.43356973147374	14.73601614126045	18.451474534513657	32.378939592752154	0.0
32.0	34.237310400947365	15.566150160471517	22.795041064230283	27.40149837435083	0.0
33.0	31.178752768088252	17.35545077233801	21.189640094967093	30.276156364606642	0.0
34.0	32.866422005548635	16.707300797205924	21.904375808165966	28.521901389079474	0.0
35.0	26.76058847251637	20.47177568034914	25.521170466673972	27.246465380460517	0.0
