# Position (bp)	A	C	G	T	N
0.0	48.71060171919771	9.40899666876325	21.026393645025276	20.840030749877698	0.013977217136068207
1.0	41.19962730025623	16.68763102725367	15.772187281621244	26.34055439086886	0.0
2.0	43.327815330850235	15.678024555111051	17.9725939210006	23.02156619303812	0.0
3.0	41.30834752981261	17.296990346394097	18.56899488926746	22.823395797842135	0.002271436683702442
4.0	41.15313942544705	18.493703222336755	15.777797696410165	24.575359655806032	0.0
5.0	40.418857420580565	18.97892457915433	17.306587725886978	23.29563027437812	0.0
6.0	32.941305060662366	20.397857689364958	16.854301016504536	29.804350202207893	0.0021860312602470216
7.0	35.173321253694	18.3632088699066	19.377035742789968	27.086434133609437	0.0
8.0	35.045708104439306	19.50495259507498	16.81761299764566	28.629605277112013	0.0021210257280420814
9.0	39.11721534912979	18.878171524428602	18.81316837911512	23.18934787167121	0.0020968756552736424
10.0	35.74318744838976	21.457473162675473	17.927332782824113	24.872006606110652	0.0
11.0	34.74615742897066	21.4353698791033	16.8141592920354	27.004313399890645	0.0
12.0	34.81667563849513	20.629224235899276	17.223916900931076	27.33018322467452	0.0
13.0	38.43866317427182	17.539437146739665	18.817574886267405	25.20432479272111	0.0
14.0	36.834652389819986	19.19421166977033	19.4929391682185	24.476256983240223	0.0019397889509621352
15.0	33.51635693441868	19.900936876055905	18.893027184764243	27.689679004761174	0.0
16.0	32.35238348060222	20.3667184952027	20.063331942811637	27.215669915431	0.001896165952444158
17.0	33.50025414635064	18.37195730341309	20.186750503586286	27.939155481089628	0.0018825655603456391
18.0	33.583796752654976	18.083582866814215	20.0234344486395	28.309185931891307	0.0
19.0	30.338032327109012	19.47007159199941	20.62882869584471	29.563067385046864	0.0
20.0	34.43327760119059	16.436695022690945	19.46276664155658	29.66726073456189	0.0
21.0	34.072606534221194	17.118852383835048	21.312347513437164	27.494359143690495	0.0018344248160989123
22.0	35.20832186691617	17.87109912488304	19.955235107417398	26.965343900783385	0.0
23.0	32.89692321738337	16.4941112024103	19.40838126540674	31.19693234730211	0.0036519674974892723
24.0	34.41974858808526	15.128438695572962	21.56494807797413	28.886864638367644	0.0
25.0	35.63678211310828	15.921379511909981	23.326757270203128	25.115081104778607	0.0
26.0	34.989378845590394	15.710152358628774	21.89972165250513	27.400747143275712	0.0
27.0	34.79404192717911	16.083118793674146	21.01875689591762	28.10408238322913	0.0
28.0	36.04736822719069	15.297064348594791	22.129728535121	26.52583888909352	0.0
29.0	35.549909790493025	15.746161493427593	20.46098899075813	28.242939725321257	0.0
30.0	31.285698492832665	16.490400560120868	22.414047241773225	29.80985370527324	0.0
31.0	31.975124102677665	18.295225968369962	22.714942146930188	27.014707782022178	0.0
32.0	31.933395004625346	16.70490286771508	21.098982423681775	30.262719703977798	0.0
33.0	31.980535092612183	16.8125252447539	23.55407666711546	27.650939585697525	0.0019234098209305456
34.0	33.008772775474796	15.625180757736432	21.318808445001448	30.047238021787333	0.0
35.0	31.91909321868282	17.918702364666796	21.99921829196795	28.162986124682433	0.0
36.0	32.796851942941466	16.596163305459914	23.966551893753074	26.640432857845546	0.0
37.0	33.32806917109185	15.999763112699133	21.554770318021202	29.115423337347256	0.0019740608405551057
38.0	30.07173146276701	18.452027107359413	21.061704910236596	30.414536519636982	0.0
39.0	33.536621704841174	18.901845487594112	20.46524563459743	27.094300641649617	0.001986531317666223
40.0	30.837633981738787	20.5379118697896	20.70464470027789	27.91980944819373	0.0
41.0	32.59705754054804	16.21128603719713	21.334813816076455	29.856842606178375	0.0
42.0	30.787727037876078	18.918167004491078	21.99236914272088	28.301736814911965	0.0
43.0	31.765150911842	20.440789997610896	20.946484032810382	26.847575057736723	0.0
44.0	36.065769567640736	17.39390078827932	18.960506409746	27.579823234333944	0.0
45.0	34.84421528069229	16.957451485900435	19.475588064832024	28.722745168575255	0.0
46.0	29.96448564377295	19.813800437408453	22.885691928008185	27.336021990810412	0.0
47.0	31.16587410332877	21.217860884984283	19.341903764004194	28.274361247682762	0.0
48.0	32.487998541594926	19.787721039518726	20.391338694322346	27.332941724563998	0.0
49.0	33.249003218037195	17.36930518731405	22.58697808091643	26.794713513732315	0.0
50.0	31.058269761402368	18.40001623113131	19.53416653140724	31.007547476059084	0.0
51.0	32.24171619311243	17.786778474314094	21.871692583245135	28.09981274932834	0.0
52.0	30.33350331463539	18.994390617032124	22.264150943396228	28.407955124936258	0.0
53.0	31.64965951616531	16.50681990143351	22.670293041042104	29.17322754135907	0.0
54.0	32.24006866110838	17.81101847310773	21.23998692169364	28.70892594409024	0.0
55.0	32.58461475460185	18.769835582219127	21.648682405454657	26.99686725772436	0.0
56.0	30.908269317668324	18.007230004518753	23.74810006983527	27.33640060797765	0.0
57.0	29.143433262690067	17.014053208781714	25.43157548198597	28.41093804654225	0.0
58.0	28.320869313721442	18.129983886295086	20.7247035491468	32.82444325083667	0.0
59.0	28.38700319118074	18.53371461726553	22.63044469310788	30.44883749844585	0.0
60.0	28.903805912942595	16.22226365840015	22.365177036070193	32.50875339258707	0.0
61.0	29.936292557812433	16.470855913622636	23.944069829975593	29.64878169858933	0.0
62.0	30.062983995869903	17.699535363964895	22.308724832214764	29.92875580795044	0.0
63.0	28.537448031935796	17.08068752973297	23.308581711378164	31.073282726953067	0.0
64.0	28.607542478242852	17.81392457521757	25.928305014504765	27.65022793203481	0.0
65.0	30.1764718080584	16.4485826265475	21.54366173817473	31.831283827219377	0.0
66.0	29.814025974025977	16.725194805194803	25.016103896103896	28.444675324675323	0.0
67.0	33.25985234480607	16.583134033482374	21.923676822293857	28.233336799417696	0.0
68.0	33.291643215975654	14.983428178350323	22.264607174869198	29.460321430804825	0.0
69.0	33.75499195015368	17.05940159324231	21.592405963158885	27.593200493445124	0.0
70.0	34.0667423191695	16.86630521581978	20.46190055898794	28.60295044761064	0.002101458412138024
71.0	31.19722017479204	18.824892071180376	21.162472359692536	28.815415394335055	0.0
72.0	33.119513841998646	15.401333558406483	22.206279540850776	29.272873058744093	0.0
73.0	32.14980544747082	17.594315682625613	20.774826594484857	29.481052275418712	0.0
74.0	33.01397799209755	20.99035561031567	20.331817988698646	25.663848408888136	0.0
75.0	35.43875335291863	18.723123429982543	19.815216928513646	26.022906288585173	0.0
76.0	35.47318241091088	16.67842407918083	22.678979884136044	25.169413625772247	0.0
77.0	37.46465598491989	15.941221831891012	21.823322765829833	24.770799417359264	0.0
78.0	36.28481909094811	17.809777243658527	19.468646723035324	26.43675694235804	0.0
79.0	32.07461915827524	19.07436096049574	21.64558051467424	27.205439366554778	0.0
80.0	33.14487937508092	16.11281343058133	19.537352725389496	31.204954468948255	0.0
81.0	33.43866331919315	18.452947796727557	21.86390788676305	26.24448099731625	0.0
82.0	32.001128251860536	20.61229360584955	21.404239623337457	25.982338518952464	0.0
83.0	34.15657542883231	17.9729112768224	21.01876209317999	26.851751201165293	0.0
84.0	36.65322141066172	16.175733129837568	21.630873214869727	25.54017224463098	0.0
85.0	34.326727697786716	18.337739518014377	22.132884703620352	25.20264808057856	0.0
86.0	32.17085580765619	17.015701089686196	26.17648985652829	24.63695324612932	0.0
87.0	33.58007927991065	17.627734828409363	22.947373031690063	25.844812859989926	0.0
88.0	33.63722238087916	17.921398914786582	21.434063399310208	27.007315305024054	0.0
89.0	33.125206839492556	17.539988968560397	22.863761720904577	26.471042471042473	0.0
90.0	30.900442477876105	20.449115044247787	22.504424778761063	26.146017699115042	0.0
91.0	36.3206709860655	17.158516020236085	19.08671341084583	27.43409958285258	0.0
92.0	34.38838329764454	16.37446466809422	21.944147037830124	27.29300499643112	0.0
93.0	33.24749770482993	16.98201930182046	23.892160594728946	25.878322398620657	0.0
94.0	36.58980582524271	16.41046386192017	21.471592952175477	25.528137360661635	0.0
95.0	36.03394714330737	16.707937508441763	20.76223492863896	26.495880419611908	0.0
96.0	34.42279535983782	17.38033562338101	23.031872958666515	25.164996058114653	0.0
97.0	33.37246314648847	20.394157617897374	22.213693929611487	24.019685306002664	0.0
98.0	32.51798886726705	18.862288998506585	20.941756799565553	27.677965334660815	0.0
99.0	34.39767779390421	15.713443396226415	20.149219883889696	29.73965892597968	0.0
100.0	35.35791264889393	18.622802041973905	19.20136131593874	26.81792399319342	0.0
101.0	34.749744637385085	16.89933038247645	20.814890477811826	27.53603450232664	0.0
102.0	36.19255420700941	16.950770489567706	19.425882994681576	27.43079230874131	0.0
103.0	33.60959948997017	18.559165736924793	19.697625173615062	28.133609599489972	0.0
104.0	32.58089473444682	20.759568561416284	20.625312883993992	26.034223820142905	0.0
105.0	33.53880447638977	18.526521699572378	19.759348557911018	28.175325266126833	0.0
106.0	31.49617067833698	15.798231218088986	22.939460247994166	29.766137855579867	0.0
107.0	32.844997028843075	20.27928875074279	19.803903643095488	27.071810577318644	0.0
108.0	35.248639004529025	17.411592479070407	22.109886088110162	25.229882428290406	0.0
109.0	37.28848534874123	16.712523501627917	18.88155179529509	27.117439354335765	0.0
110.0	35.52444342437457	16.86022492540739	20.610511820059674	27.004819830158368	0.0
111.0	33.49027353528858	19.278381295790176	21.033049309845893	26.198295859075355	0.0
112.0	35.38903574301804	16.933685783243305	20.992989311573382	26.68428916216527	0.0
113.0	33.89113644722324	16.76857300478117	22.38184994483266	26.958440603162927	0.0
114.0	29.05907894129059	19.088641507690888	21.541410688715416	30.31086886230311	0.0
115.0	33.967592592592595	17.983796296296294	21.467592592592595	26.58101851851852	0.0
116.0	33.168041523774214	15.907405690981555	23.257484474928166	27.66706831031606	0.0
117.0	33.658831461719096	16.686429053032946	21.413126874520472	28.24161261072749	0.0
118.0	33.31076032131515	16.33663366336634	20.686997945077525	29.665608070240985	0.0
119.0	33.795493934142115	14.914047496369854	19.58873951941543	31.7017190500726	0.0
120.0	36.7862509391435	14.232719759579263	21.53456048084147	27.44646882043576	0.0
121.0	34.93094280134585	15.696101268205453	20.561869132491	28.811086797957696	0.0
122.0	34.24754531722055	18.374716767371602	19.4297583081571	27.947979607250755	0.0
123.0	34.9134152986047	15.400469049818778	21.57866060218416	28.107455049392367	0.0
124.0	31.444254348445966	16.16528847067769	22.951715616386277	29.438741564490066	0.0
125.0	31.09776443109776	15.715715715715717	18.506601839935175	34.679918013251346	0.0
126.0	30.57643510317422	18.317613826782207	20.735385646574425	30.37056542346914	0.0
127.0	34.89425254131137	17.020764079587607	21.356650768415474	26.728332610685552	0.0
128.0	34.7221214100796	18.29135515714597	20.272918632503448	26.713604800270986	0.0
129.0	35.50555230859146	16.442626144554843	21.330118838885642	26.72170270796805	0.0
130.0	35.44102149351763	17.118839301031787	22.260618091806975	25.179521113643606	0.0
131.0	38.552221837773715	15.980426078789975	20.560031634620138	24.907320448816172	0.0
132.0	36.24326750448833	16.57440654298823	21.384400558547775	25.797925393975664	0.0
133.0	32.627075993960744	16.215400100654254	24.38097634625063	26.77654755913437	0.0
134.0	38.22901849217639	16.302580776264985	19.665718349928877	25.80268238162975	0.0
135.0	36.38865313890389	16.65509348558496	23.30838669855721	23.64786667695394	0.0
136.0	33.74095852630483	16.971951917572984	21.93630639537909	27.35078316074309	0.0
137.0	35.8181002875155	16.311888370130042	20.838279127430035	27.031732214924432	0.0
138.0	34.98946020225738	16.628865704298637	22.384395762734478	25.9972783307095	0.0
139.0	35.2853624874841	18.45858252374638	22.444727085757584	23.811327903011932	0.0
140.0	32.76953863866882	17.530634063433755	23.775322788453632	25.924504509443793	0.0
141.0	31.29283923098356	19.108386737252715	24.714405126776263	24.88436890498746	0.0
142.0	37.448000679174804	18.414126835894386	20.522398619011234	23.615473865919576	0.0
143.0	38.46109609523262	16.723215826096958	22.27557651388809	22.537236183794356	0.0028753809879809075
144.0	33.6777403775794	18.472120591248352	22.145470510756624	25.70174154836821	0.002926972047416947
145.0	34.86857754519505	17.197906755470978	18.79757373929591	29.132968601332067	0.0029733587059942914
146.0	31.968769136558485	18.22106552357624	21.25842008573178	28.548683404776487	0.003061849357011635
147.0	33.935755795389234	17.315920556868257	21.7542627243119	26.987674819592566	0.006386103838048407
148.0	30.648847032753963	20.25829236202479	20.753410428640677	28.322138356069527	0.01731182051104494
149.0	32.80394071935114	21.291774597647457	14.140727844069811	31.729585120387277	0.033971718544311864
150.0	37.49023691746941	12.956695305042091	13.17365269461078	36.35338019612948	0.02603488674824265
