# Position (bp)	A	C	G	T	N
0.0	25.610973089208542	22.5048539635483	23.60926115367753	28.27491179356563	0.0
1.0	26.400968704983402	20.570784358754878	17.43460197498904	35.59364496127268	0.0
2.0	26.713335170018617	20.881859393392944	17.599619305232046	34.80518613135639	0.0
3.0	25.929620139056986	20.440374936355973	15.912676220921984	37.71732870366506	0.0
4.0	33.137358808630665	14.990590719236241	18.169717554671884	33.702332917461206	0.0
5.0	33.96890033002199	16.886194566945232	21.78270284252819	27.36220226050459	0.0
6.0	31.92206600191915	18.09378780925362	20.52693061871584	29.457215570111394	0.0
7.0	30.829050130164877	19.828866564314797	20.815115813363594	28.52696749215673	0.0
8.0	25.354498237416824	24.226862184768777	19.539016708036964	30.879622869777435	0.0
9.0	28.466422486796766	18.003537548912455	18.182500813469385	35.3475391508214	0.0
10.0	27.173903975305553	17.738288908355234	23.81178826179452	31.276018854544695	0.0
11.0	27.217932835291712	19.7310408402471	19.289727578741882	33.7612987457193	0.0
12.0	26.923574238057302	19.949613971278296	20.370470784028296	32.756341006636106	0.0
13.0	27.921254587921258	20.689022355689023	18.66741741741742	32.7223056389723	0.0
14.0	30.191637993952664	18.91565008862475	18.99822750495256	31.894484412470025	0.0
15.0	29.30966897138425	18.144438235514894	19.064796203471253	33.48109658962961	0.0
16.0	30.050744065612868	18.187390287327325	19.60672306749336	32.155142579566444	0.0
17.0	30.238685872714765	18.073002438973546	18.936440766296304	32.751870922015385	0.0
18.0	30.466789498695256	17.549417659466265	19.386062177461714	32.59773066437677	0.0
19.0	30.12361526727738	18.516450082938093	19.900140869724677	31.459793780059847	0.0
20.0	29.64943057992091	18.49563090411324	19.046507848538006	32.80843066742784	0.0
21.0	28.843693879506827	18.23481126847419	19.583161456184868	33.33833339583411	0.0
22.0	29.434826989979797	18.459679603358122	19.837926796241902	32.26756661042018	0.0
23.0	29.860726322849967	18.59801442313701	18.852564877036716	32.68869437697631	0.0
24.0	29.998041984844132	17.984160907185913	19.13397406254817	32.883823045421785	0.0
25.0	29.682611756570427	17.97228112125239	20.01141414604275	32.33369297613444	0.0
26.0	29.47856006264944	18.440345571634467	19.744153691068288	32.336940674647806	0.0
27.0	29.114182411943084	17.79591122663201	19.85779266220134	33.23211369922356	0.0
28.0	29.58472175941353	18.20226591136288	20.050399866711096	32.1626124625125	0.0
29.0	29.38287751684841	18.45786023108771	19.196774435401238	32.96248781666264	0.0
30.0	29.166111296234586	18.413862045984672	19.381872709096967	33.03815394868377	0.0
31.0	30.116090656514118	18.220443118910655	19.4375830483482	32.22588317622703	0.0
32.0	29.803222420314246	18.701784494393255	19.30952896679274	32.18546411849976	0.0
33.0	30.101224693826545	17.853869865866866	19.832541864533866	32.21236357577272	0.0
34.0	29.78201373817488	18.57611190489084	20.29734109247233	31.344533264461948	0.0
35.0	29.668864792358352	18.423431492212135	19.012884654638768	32.894819060790745	0.0
36.0	29.363244391676563	18.4965319002687	19.444270865879314	32.69595284217542	0.0
37.0	29.343148405050844	18.78778031903149	19.51849491124359	32.35057636467407	0.0
38.0	29.243113532970057	18.967988135113067	19.62997217084104	32.15892616107584	0.0
39.0	29.65183373675681	18.257377233584275	19.7088685117215	32.38192051793742	0.0
40.0	30.104153647460734	18.944298629338	20.15456401283173	30.796983710369535	0.0
41.0	30.661839452063926	18.24287166497242	19.388154715283218	31.70713416768044	0.0
42.0	29.603243049566498	19.00458709862887	19.48871140441878	31.90345844738585	0.0
43.0	29.54812475523077	18.69745273349943	20.422294622992894	31.332127888276908	0.0
44.0	29.233397216898595	19.42754770435797	19.447962669777517	31.89109240896592	0.0
45.0	29.098529699732108	18.83934188543407	19.40054745665968	32.66158095817415	0.0
46.0	29.992958714736282	18.56149458570994	19.82392620399728	31.621620495556492	0.0
47.0	29.889381913630398	18.963814761577403	19.599608357810972	31.54719496698123	0.0
48.0	29.989000366654444	18.239392020265992	19.321022632578913	32.45058498050065	0.0
49.0	29.275782613949342	18.96523706546332	20.14900186252328	31.60997845806406	0.0
50.0	29.731982132142143	19.150443362890858	19.052936862457496	32.0646376425095	0.0
51.0	29.694850842358356	18.62605789625012	19.24360678553719	32.43548447585434	0.0
52.0	29.950579626805347	18.512638447883592	19.818569726062787	31.718212199248274	0.0
53.0	30.596427187378893	18.649548502160606	19.211264318961245	31.54275999149926	0.0
54.0	29.617128379504614	18.075974264093077	19.646547988132145	32.66034936827016	0.0
55.0	29.25758005100595	18.78677512376444	19.995249445768675	31.960395379460937	0.0
56.0	28.935162998862364	18.80935613053244	19.319417762979693	32.93606310762551	0.0
57.0	29.053941424547013	18.125218782817424	19.71712423530196	33.1037155573336	0.0
58.0	29.299811638412425	18.03645546832025	20.341384541014484	32.32234835225284	0.0
59.0	29.25327976795746	18.460051009351712	20.399989998166333	31.886679224524496	0.0
60.0	29.879644601510275	18.044141425928085	19.476070612945705	32.60014335961593	0.0
61.0	29.165468525348505	18.235919234856535	20.05959450730345	32.53901773249151	0.0
62.0	29.081111717711384	18.767842035731995	19.52298991885911	32.62805632769751	0.0
63.0	28.622569325787445	18.220992356868397	19.88506130341649	33.27137701392767	0.0
64.0	29.156247916249917	18.916700006668	20.521604320864174	31.405447756217907	0.0
65.0	29.55272897009302	18.266762244523722	20.227219684593074	31.953289100790183	0.0
66.0	29.342185878440052	18.066027316186737	19.821948810282954	32.769837995090256	0.0
67.0	28.92075956120169	18.4913807475576	20.394868460538163	32.192991230702546	0.0
68.0	29.67890367110133	18.478876996432263	19.515021173018575	32.32719815944783	0.0
69.0	28.62686256121705	18.307804522246535	19.953735542356988	33.11159737417943	0.0
70.0	28.917314793974707	17.713256808462752	21.176465684680853	32.19296271288169	0.0
71.0	29.63162106737358	18.209706730689074	19.91822137748212	32.24045082445522	0.0
72.0	29.41811512650577	18.05093576757951	19.69947063482139	32.83147847109333	0.0
73.0	29.265090222461204	18.345859020370394	20.39123493687137	31.99781582029703	0.0
74.0	29.703300459346575	18.24047752036214	19.807758038565105	32.248463981726175	0.0
75.0	28.9665320277948	18.270870067236068	20.04660255688805	32.71599534808109	0.0
76.0	28.922949944976157	18.488428318938208	20.58183546203355	32.00678627405209	0.0
77.0	29.468431890751752	18.093824772607903	20.181413457610446	32.256329879029906	0.0
78.0	29.88327983659177	18.018258368418856	19.253407811913796	32.84505398307558	0.0
79.0	30.75011880841414	18.078471915358385	19.883109195354383	31.288300080873093	0.0
80.0	30.201059700932554	18.430958941799823	19.429378978568362	31.93860237869926	0.0
81.0	29.465346534653463	18.311203751954142	19.40552371026576	32.81792600312663	0.0
82.0	29.54742529348986	18.44191902347919	20.08112660085379	31.92952908217716	0.0
83.0	30.65298141902455	18.375863492156135	18.997452776307068	31.97370231251225	0.0
84.0	29.58384751359103	17.786745822632824	19.35888670246473	33.270519961311415	0.0
85.0	29.99862420318434	17.87993879788711	20.02784946281388	32.09358753611467	0.0
86.0	30.130075877595264	18.706328691736847	19.372550654548487	31.791044776119403	0.0
87.0	29.456129745054305	18.030059827812636	20.04252569260595	32.47128473452711	0.0
88.0	29.844903064415256	18.455284552845526	19.534292265999582	32.16552011673963	0.0
89.0	29.92044895474596	18.659890096145027	19.704727199953304	31.714933749155712	0.0
90.0	29.847690761796358	18.315884273331083	19.618830808744125	32.217594156128435	0.0
91.0	29.771301102841534	18.624054037150543	20.39151916942898	31.21312569057894	0.0
92.0	29.485003773553437	18.649693320601934	19.853894682416907	32.01140822342772	0.0
93.0	29.996997798385483	17.751767963172995	20.13518246714257	32.116051771298956	0.0
94.0	30.10741478954874	17.976131900024185	20.929621629735884	30.98683168069119	0.0
95.0	29.96084449133283	18.75169402826369	19.715361552543023	31.57209992786046	0.0
96.0	29.74650025229042	18.621118167829426	19.888408401896555	31.743973177983598	0.0
97.0	29.195944903397457	18.435593439450866	20.889752582392607	31.478709074759063	0.0
98.0	29.5047374391139	18.533562420764664	19.88348235137119	32.07821778875025	0.0
99.0	29.606645981383245	18.037066693357353	20.1010075734828	32.2552797517766	0.0
100.0	29.72748894546429	18.5896254857296	20.934945732279246	30.747939836526868	0.0
101.0	30.084815321477425	18.238451015468797	19.871619488582553	31.80511417447122	0.0
102.0	30.09265156726368	17.825023566278567	19.869132845872294	32.21319202058546	0.0
103.0	29.22099275272573	18.00672198567628	20.745055667778455	32.027229593819534	0.0
104.0	30.32560018566431	18.23249297312165	19.57984854605936	31.86205829515468	0.0
105.0	30.03777765276582	17.61529107832913	19.8858448476561	32.46108642124896	0.0
106.0	28.856702538919656	18.104168843381046	21.13589663218751	31.903231985511788	0.0
107.0	29.42124510040073	18.70322114437121	19.589638031839186	32.28589572338888	0.0
108.0	28.874697203259192	18.437348601629598	20.659766571239814	32.028187623871396	0.0
109.0	28.97513671485819	18.486062833484624	20.74169194323289	31.797108508424294	0.0
110.0	29.486614593764603	18.31141375703763	20.263034915548435	31.93893673364933	0.0
111.0	29.041527540305616	17.99675943746699	19.855606978846826	33.10610604338057	0.0
112.0	29.578897616528998	18.081969795863248	20.415925817559813	31.92320677004794	0.0
113.0	30.19826433734394	17.886842045634786	19.90392676681848	32.0109668502028	0.0
114.0	29.49790890391904	17.685610431308522	19.920369601802403	32.89611106297004	0.0
115.0	29.552266207687893	17.97314974182444	21.292484222604706	31.182099827882958	0.0
116.0	30.02490907494443	18.465989176798974	18.976648319908314	32.53245342834828	0.0
117.0	29.64844458710731	17.871780199945107	20.181057783112127	32.298717429835456	0.0
118.0	29.56864509657794	18.04631803928737	20.495802691339623	31.889234172795067	0.0
119.0	30.139778132950003	18.208040552681602	19.403909626533256	32.24827168783514	0.0
120.0	29.48808206778638	17.777043433284003	20.09262319027983	32.642251308649776	0.0
121.0	29.64871968015079	17.901159599119733	20.570617983259414	31.879502737470062	0.0
122.0	29.26469790850253	18.205837264441584	19.636317032173473	32.89314779488241	0.0
123.0	28.582571261431077	17.8542321865172	20.182197267040994	33.380999285010724	0.0
124.0	29.50353601762678	17.899407533012138	20.358627832240966	32.238428617120114	0.0
125.0	28.824949200094895	18.252380117381303	20.267357064023354	32.65531361850045	0.0
126.0	30.150024619962075	17.612701805114668	19.28895454212109	32.94831903280217	0.0
127.0	29.398903033946368	17.846712027791227	20.87161454038612	31.882770397876293	0.0
128.0	29.24899049142931	18.15223443302647	19.587439388943245	33.011335686600965	0.0
129.0	29.68044803162576	17.19760610552902	20.70114753198265	32.420798330862574	0.0
130.0	29.97690866092544	18.322475570032573	20.12125741823212	31.579358350809873	0.0
131.0	30.2672960429759	18.111191073887493	19.67178743249599	31.949725450640614	0.0
132.0	30.308092911789103	17.768918794358925	20.027191446216243	31.895796847635726	0.0
133.0	30.433890595324627	17.602991863818612	20.737297474735634	31.22582006612113	0.0
134.0	29.652791465825672	18.186487955513346	20.3594531152006	31.80126746346038	0.0
135.0	29.31588166601791	17.630887504865704	20.78325710393149	32.2699737251849	0.0
136.0	29.615225024927078	18.394634330622836	22.94096153488862	29.049179109561468	0.0
137.0	30.92818000454557	19.563625344074346	20.64382938963105	28.864365261749036	0.0
138.0	31.06776127853411	18.618910363641042	19.9011761072651	30.412152250559743	0.0
139.0	28.525921012013058	21.624160104038726	20.81694044702498	29.03297843692324	0.0
140.0	32.03258116893964	17.20801566248154	20.436063799220886	30.32333936935793	0.0
141.0	26.630449619175018	19.667085255657778	24.74816412328356	28.954301001883646	0.0
142.0	27.51492272223886	18.943673253327574	19.423568498255243	34.11783552617832	0.0
143.0	28.06155511404502	20.097986854379858	18.534897135166315	33.30556089640881	0.0
144.0	27.507246799026962	18.49718139575534	17.775414779100085	36.22015702611761	0.0
145.0	33.813933439362636	15.025194345764525	19.1060838027855	32.05478841208734	0.0
146.0	33.707409617355914	16.157188537507075	22.504245651076328	27.63115619406068	0.0
147.0	32.230779645897876	17.578470336181972	20.95701553875929	29.233734479160862	0.0
148.0	31.789908958231983	17.992042532490096	22.53023142678435	27.68781708249357	0.0
149.0	23.16274228040598	23.694542821258445	24.482060217925074	28.660654680410502	0.0
