# Position (bp)	A	C	G	T	N
0.0	27.152219491747687	24.013807677905742	22.98808579922472	25.84588703112185	0.0
1.0	27.281599158846316	20.046136554532985	15.136687473940553	37.53557681268015	0.0
2.0	27.992114600338546	19.85114726842286	17.970608964898226	34.186129166340365	0.0
3.0	23.79208567716352	21.93885137926114	14.991100329700865	39.277812408468584	1.5020540589255808E-4
4.0	33.94956347245309	14.26359375233988	14.560552285966724	37.22479296763856	0.0014975216017491053
5.0	35.8257668748346	14.92664285468662	22.26639415953628	26.973870114569614	0.007325996372884246
6.0	32.3917488842784	17.60929593862412	20.029255041270506	29.965222323387614	0.004477812439362956
7.0	35.19810531932494	17.067328831131668	20.429969698821488	27.303850917605537	7.452331163711321E-4
8.0	23.47899222209817	26.532395519333107	21.770235569945296	28.21763239179785	7.442968255740389E-4
9.0	28.935491210511994	18.373680758895443	16.163854318009786	36.526825002862665	1.4870972011343578E-4
10.0	27.092459300908782	17.195403186981046	24.237876455449427	31.473369510303307	8.915463574387657E-4
11.0	28.244751922563022	18.56305115947623	19.759494046735355	33.4306244247157	0.0020784465096944683
12.0	26.365792553499194	19.939065723876357	21.088480781525107	32.60146936450653	0.005191576592812781
13.0	27.66551514100632	21.0028202745581	18.254571645792485	33.07694473714241	1.4820150068839598E-4
14.0	31.370552658216216	18.394770265443707	20.507679060758168	29.72596060507709	0.0010374105048187717
15.0	29.98531323128178	18.819219363415275	19.122143230822356	32.072879569978525	4.446045020651879E-4
16.0	30.746031534315314	17.609746916297276	18.86768125414038	32.77476187723877	0.0017784180082607516
17.0	30.108172275352462	18.26049970582002	20.464552424057846	31.163070557252464	0.0037050375172098995
18.0	31.77114131457695	18.330450814144942	18.281247915916396	31.61078729083211	0.006372664529601026
19.0	30.237996789955496	18.48131994184573	19.805500350496548	31.475182917702227	0.0
20.0	29.989611074801743	18.17276441741249	19.646035535755836	32.19158897202993	0.0
21.0	29.92455061599954	17.55861739855978	19.298206613640172	33.21862537180051	0.0
22.0	28.677583189207372	18.93689135496186	19.862409726760895	32.522374721566436	7.410075034419799E-4
23.0	29.94737364710555	17.563359846581804	19.97548747178614	32.51229701951962	0.0014820150068839597
24.0	30.862517913856397	18.064873724911337	18.34289974020277	32.72778200152055	0.0019266195089491474
25.0	29.436374872731964	18.226413360661688	19.122143230822356	33.214920334283306	1.4820150068839598E-4
26.0	31.643095217982175	17.729938333355562	20.120873143961457	30.505945103200116	1.4820150068839598E-4
27.0	29.010147356752135	18.197514068027452	19.694942030983007	33.096803738234655	5.928060027535839E-4
28.0	29.966639842195043	17.95387080089573	20.098642918858197	31.977734206536574	0.0031122315144563152
29.0	29.15553302892745	18.533486870088048	19.470268555939395	32.83848852253478	0.0022230225103259398
30.0	29.849945535787064	18.433060888767034	19.200005928077598	32.51609843572852	8.892116397803647E-4
31.0	30.136805616277364	18.436375977579942	19.494392762981416	31.93153642888583	8.89214275445978E-4
32.0	29.1601519370792	18.477872643767423	19.697726427300065	32.66424899185332	0.0
33.0	29.754872174879587	17.95524268247499	19.309077436087442	32.979473879214524	0.001333827343460541
34.0	29.704406849995184	17.892537180712715	19.333377794574247	33.0693817664451	2.964082727548926E-4
35.0	30.28884934756821	17.394128113879002	19.540480427046266	32.77624555160143	2.9655990510083033E-4
36.0	30.951604148809015	17.59477038886928	18.825799256726093	32.627677906731876	1.4829886373410607E-4
37.0	28.941587922168647	19.065537274538098	19.231208480229952	32.76151800506358	1.483179997241285E-4
38.0	30.751943274194502	18.02201388476829	19.09481991336854	32.130481219960835	7.417077078264998E-4
39.0	29.895059236923956	18.781606875756786	19.42205417982383	31.901131318407373	1.4838908806002042E-4
40.0	30.06937968149499	18.45184705581857	19.47323714426578	32.0033086029617	0.002227515458957285
41.0	29.521221643653572	18.136764511329158	20.413596478840788	31.926633597578828	0.0017837685976457227
42.0	29.18850581551001	18.444834458755988	19.61492697147277	32.749947943005026	0.0017848112562096558
43.0	29.58869659677683	18.46296930105207	20.205502894302168	31.740450290918286	0.002380916950640615
44.0	29.633081197923566	18.907476080383606	19.748142480077533	31.71115137205629	1.4886955900370535E-4
45.0	29.411703380907205	18.37092130875557	19.848178635097035	32.36904774315769	1.4893208250241644E-4
46.0	30.207009572051103	17.639390666319045	19.288763082423927	32.86438973518567	4.469440202614622E-4
47.0	29.679995111926456	18.414773904244427	19.727996590270646	32.17589315386552	0.0013412396929455264
48.0	30.269187310124412	17.92261572907754	18.670192625895528	33.137109925853494	8.944090490344854E-4
49.0	28.96864864864865	18.077614165890026	20.114818266542407	32.83817334575955	7.455731593662628E-4
50.0	29.663890998449784	18.419077658531634	19.620756487707933	32.29627485531065	0.0
51.0	29.961066831539	18.377590504309232	19.4879399769119	32.173402687239864	0.0
52.0	29.89497890307976	18.072629624202698	19.73062925937998	32.30176221333756	0.0
53.0	31.41755971981081	17.89064838651739	19.29294138777465	31.38912171466204	0.009728791235107465
54.0	30.095619881385204	18.70842003238762	19.237827302974058	31.956335135475232	0.0017976477778826406
55.0	28.854238507901286	18.375363579117813	18.223035173468467	34.54601337371435	0.0013493657980749047
56.0	29.328655841213347	17.831538260705166	20.581015343894702	32.25864050632152	1.5004786526902082E-4
57.0	28.083671505417506	18.862720900310922	19.617584047585805	33.435423019122304	6.005275634645036E-4
58.0	30.660835178835967	17.76835912028871	22.043564880059858	29.526790087472314	4.5073334314930393E-4
59.0	29.620225746672762	20.302008375249695	21.040709008206782	29.02938557435441	0.0076712955163533965
60.0	31.271250301422715	18.946678321678323	19.574240414757657	30.20752953942609	3.014227152158187E-4
61.0	29.20124168085903	21.01964585522581	19.38812793661147	30.390984527303694	0.0
62.0	31.004675478786282	16.63889229446586	21.612699623570226	30.743127167271346	6.054359062845761E-4
63.0	26.32053956566726	20.387322820169594	25.302396533360476	27.988829446987733	9.116338149292193E-4
64.0	26.48432033973486	19.81964541850281	17.923422469022515	35.77063018927171	0.001981583468106414
65.0	27.943808803185593	19.32313759658817	18.496778483479698	34.23016073189187	0.006114384854668715
66.0	26.628571954378362	19.45989550025381	17.042629577998312	36.86092822888726	0.007974738482253906
67.0	33.66422157348213	13.995232992128894	17.57310643854009	34.765899264624366	0.0015397312245174482
68.0	34.49755569316559	15.547254005644778	22.860103497957112	27.09493121400054	1.555892319804331E-4
69.0	31.94483034553275	16.943695134788413	20.34456424578345	30.76691027389539	0.0
70.0	33.00226893274541	15.905817886039642	22.251637484481357	28.840275696733592	0.0
71.0	25.816928624419866	19.96018874760615	25.562447162747365	28.66043546522662	0.0
