# Position (bp)	A	C	G	T	N
0.0	25.857036305052173	23.885753797452214	24.168658243931226	26.088551653564384	0.0
1.0	26.06910300112097	19.88942589105676	15.430619605863363	38.61085150195891	0.0
2.0	28.444567468324415	18.7717809641276	18.683629080182147	34.10002248736584	0.0
3.0	22.52529574992403	22.343119599482637	15.515548873635954	39.616035776957375	0.0
4.0	33.9577387987123	13.288739150691281	14.65015908345942	38.103362967137	0.0
5.0	34.513036766138406	15.017174144260933	22.99241481656154	27.477374273039125	0.0
6.0	30.282662102527336	17.469164230342805	21.27999825275127	30.96817541437859	0.0
7.0	34.78673584581751	17.043483713363848	20.086502902804828	28.083277538013817	0.0
8.0	22.47840186861676	26.929459294623477	22.29660815340468	28.295530683355086	0.0
9.0	27.65180808539349	18.7461353277019	15.839302904119961	37.76275368278464	0.0
10.0	25.74569828067437	16.48032478159978	25.56595946148103	32.20801747624481	0.0
11.0	27.985229642262567	17.709258281172243	19.688698518102928	34.61681355846226	0.0
12.0	25.78950866379388	19.523942826451936	21.570654487904648	33.115894021849535	0.0
13.0	26.325131988906847	20.5779166078575	18.624591163759245	34.47236023947641	0.0
14.0	30.55278111975629	18.32059571787851	20.226106667186457	30.900516495178742	0.0
15.0	29.975167462283263	18.09627152621002	19.860558278847275	32.06800273265944	0.0
16.0	29.291885180395212	17.43554613147624	18.850711921661258	34.42185676646729	0.0
17.0	30.20863887680088	17.72646069641483	19.820247090091105	32.24465333669318	0.0
18.0	30.589792732619514	17.30147297295076	18.82652285995496	33.28221143447477	0.0
19.0	29.45951772647244	18.214046423741166	20.022249239864607	32.30418660992179	0.0
20.0	29.79472410731207	17.460780254586354	19.88421893872018	32.860276699381394	0.0
21.0	28.974116060057447	18.15364422305321	19.449954827514375	33.422284889374964	0.0
22.0	29.512240487181796	18.961136162576796	22.418986018017797	29.10763733222361	0.0
23.0	29.52932547979474	20.06436873711727	21.093906869294287	29.312398913793707	0.0
24.0	31.89441685925935	19.32181151178583	18.39830601417573	30.385465614779093	0.0
25.0	29.002121357227118	21.1650884673834	19.295273997486685	30.537516177902802	0.0
26.0	31.716545059877323	16.7574774143443	21.660694160314296	29.86528336546408	0.0
27.0	25.99254413270824	20.900605736377273	25.084902432362803	28.021947698551685	0.0
28.0	25.945246297488357	19.59242370405928	18.584808376836463	35.87752162161591	0.0
29.0	27.506521065737182	19.814082402034888	17.599421153404915	35.079975378823015	0.0
30.0	26.3251640302857	19.051933297683355	16.48895787805308	38.13394479397787	0.0
31.0	33.866106771019446	14.295070030466416	18.095888587255374	33.74293461125876	0.0
32.0	33.68971161708414	15.876768434864792	22.578685032480568	27.854834915570496	0.0
33.0	31.057498560954507	17.767733521795172	20.657254621727887	30.51751329552243	0.0
34.0	33.322690065754095	16.44625061142521	21.67212961915757	28.55892970366312	0.0
35.0	26.000558459742084	20.590966156973753	25.084005949142913	28.324469434141246	0.0
