# Position (bp)	A	C	G	T	N
0.0	42.76011953273567	12.781852757402879	22.58217875577289	21.875848954088564	0.0
1.0	16.666666666666664	43.05215973920131	20.354523227383865	19.926650366748166	0.0
2.0	26.962480493927675	37.21419363593188	11.106587963905286	24.71673790623516	0.0
3.0	46.71275586281686	13.982648773214043	17.57489494374407	21.729700420225022	0.0
4.0	48.79056846669829	17.067552002168167	13.097093299003998	21.044786232129546	0.0
5.0	18.496444293938367	41.57128344056891	17.094480189637657	22.837792075855063	0.0
6.0	16.243482971088092	42.717854966483856	15.02471392782179	26.013948134606267	0.0
7.0	45.674248578391555	11.596263200649878	17.154075277552124	25.575412943406445	0.0
8.0	44.96853217838533	13.906746971645124	18.860391148406308	22.26432970156324	0.0
9.0	14.62589636043837	40.47490190772562	11.83195778649709	33.06724394533892	0.0
10.0	18.578570463450887	12.734765572219969	13.640048642075394	55.04661532225374	0.0
11.0	14.3918416964949	14.74302694671439	18.2548794489093	52.61025190788141	0.0
12.0	21.88386225523295	11.397704253882512	10.317353139770425	56.40108035111411	0.0
13.0	18.58000944860633	45.40055341837079	12.755618546264428	23.263818586758454	0.0
14.0	20.608678048451313	16.620554693299145	39.719279303596736	23.05148795465281	0.0
15.0	42.4062584299973	14.74237928243863	13.933099541408147	28.91826274615592	0.0
16.0	24.398463301206444	13.796589607063423	12.785603558670891	49.01934353305924	0.0
17.0	15.94691100181904	47.57798288755642	10.732331738866806	25.742774371757733	0.0
18.0	23.12613644016432	13.374638022762475	14.903360495656273	48.59586504141693	0.0
19.0	22.463816896667787	44.87377987209694	10.972736452372938	21.689666778862335	0.0
20.0	23.499327052489903	15.787348586810229	10.706594885598923	50.00672947510094	0.0
21.0	20.678991596638653	15.233613445378152	18.94453781512605	45.14285714285714	0.0
22.0	21.381534739954308	12.632710657169735	46.43865071898938	19.547103883886574	0.0
23.0	16.102605425731937	12.14074670964276	15.44453397797475	56.31211388665055	0.0
24.0	45.53020134228188	11.570469798657717	19.879194630872483	23.02013422818792	0.0
25.0	22.39426235002346	18.962396943494873	37.401970641463905	21.24137006501776	0.0
26.0	47.71342484097757	18.875125544024105	10.987612989621693	22.42383662537663	0.0
27.0	24.18243830669431	13.943690229385409	12.893733698923294	48.98013776499699	0.0
28.0	18.421052631578945	38.97274913171253	12.162703713598717	30.443494523109806	0.0
29.0	19.470384204909287	17.536019210245467	12.49332977588047	50.50026680896478	0.0
30.0	25.829051844932277	10.789350770667912	38.42663641822913	24.95496096617068	0.0
31.0	24.888266293109197	12.280701754385964	12.334067106930826	50.49696484557401	0.0
32.0	27.966329966329965	12.531986531986533	11.037037037037036	48.464646464646464	0.0
33.0	19.40700808625337	45.0	11.475741239892184	24.11725067385445	0.0
34.0	25.556004852405984	13.296940288448578	9.361099878689851	51.785954980455585	0.0
35.0	20.69012362450754	38.58850699633202	16.519494633881266	24.201874745279174	0.0
36.0	21.741794906713878	9.437559580552907	19.00449407599074	49.81615143674248	0.0
37.0	52.26798385974677	16.961179908167527	11.284263253095867	19.486572978989845	0.0
38.0	48.37206066508975	12.00083484068457	9.531097815500209	30.09600667872548	0.0
39.0	45.930313588850176	9.609756097560975	22.209059233449477	22.250871080139373	0.0
40.0	25.655298759864714	40.39599774520857	13.59216459977452	20.356538895152198	0.0
41.0	20.478948855608927	15.55524159367053	39.99717434303476	23.968635207685786	0.0
42.0	54.48500282965478	10.724391624221845	14.417091114883984	20.37351443123939	0.0
43.0	53.98918918918919	14.097297297297299	12.172972972972973	19.74054054054054	0.0
44.0	23.593624918128228	37.835674259515315	13.150425733207191	25.420275089149264	0.0
45.0	24.61498074903745	14.411970598529928	21.482324116205813	39.490724536226814	0.0
46.0	37.291687456341684	15.716994311944916	17.832551641552737	29.158766590160663	0.0
47.0	27.60791366906475	14.178657074340528	18.50519584332534	39.70823341326938	0.0
48.0	25.275275275275277	25.655655655655657	17.74774774774775	31.32132132132132	0.0
49.0	31.569982967638516	22.252279330728385	15.639715459372807	30.538022242260293	0.0
50.0	30.879983890455094	19.653644784534837	16.210229561014902	33.25614176399517	0.0
51.0	42.51889168765743	18.035264483627202	15.798488664987406	23.64735516372796	0.0
52.0	35.86199939473419	18.248764248966005	15.636033491374961	30.253202864924845	0.0
53.0	28.225073239721183	17.36539044347914	13.577129002929588	40.83240731387009	0.0
54.0	26.37918817694099	20.153861726895432	17.876303269561696	35.59064682660188	0.0
55.0	22.14676667342388	22.400162173119806	15.021285221974455	40.431785931481855	0.0
56.0	23.60941940722696	20.412099066179458	18.70686155095412	37.27161997563947	0.0
57.0	41.74283973187081	13.82287223237863	18.799512492382693	25.634775543367866	0.0
58.0	34.69906466043107	15.778771858479057	15.88043920292802	33.64172427816185	0.0
59.0	29.407573289902277	14.810667752442995	20.59242671009772	35.189332247557005	0.0
60.0	28.779543602281986	15.372860635696822	23.797881010594946	32.049714751426244	0.0
61.0	32.49463025467935	21.253963383450955	19.566329139817938	26.685077222051756	0.0
62.0	28.892538232577238	17.253412706558553	16.25782613158165	37.59622292928256	0.0
63.0	31.0377161908731	23.098562200458428	23.379870806418005	22.48385080225047	0.0
64.0	29.633903283331588	19.80488828280709	21.95531312283646	28.60589531102486	0.0
65.0	32.032984459245164	16.164499418543183	18.046305106248017	33.756211015963636	0.0
66.0	28.872419269454735	17.247220751720487	23.90682901005823	29.973530968766543	0.0
67.0	26.81505034446211	15.866454689984103	16.544780074191838	40.77371489136195	0.0
68.0	24.65244614241749	23.98386925607556	15.950334288443171	35.41335031306378	0.0
69.0	36.79235262878385	18.502389803505046	21.603823685608074	23.101433882103027	0.0
70.0	27.55612299180764	21.31077774231301	16.09745717629535	35.035642089583995	0.0
71.0	27.441167074858907	16.952401235225214	16.87786178255777	38.72856990735811	0.0
72.0	30.53483912209674	13.647986362667803	19.912635840613678	35.904538674621776	0.0
73.0	23.549488054607508	15.955631399317404	17.875426621160408	42.61945392491467	0.0
74.0	30.2618920363442	14.794227685729556	30.33671833244254	24.6071619454837	0.0
75.0	30.396664171923447	24.484122741366406	19.587298193093126	25.53191489361702	0.0
76.0	24.98128542401882	21.035183402844616	17.05699925141696	36.9265319217196	0.0
77.0	28.600514359194168	17.24174882126018	24.474924989284183	29.682811830261468	0.0
78.0	35.477880939377386	13.282359366466412	16.504642271982522	34.73511742217368	0.0
79.0	32.32047218275221	18.034757897037927	20.13334790687507	29.511422013334794	0.0
80.0	26.954709946266036	13.861168987827613	17.995394231823663	41.188726834082686	0.0
81.0	30.107405313736574	16.382136800452233	18.745053702656868	34.765404183154324	0.0
82.0	40.34888989578613	14.227458087902129	17.263253285002268	28.16039873130947	0.0
83.0	27.763819095477388	15.909090909090908	27.832343535861128	28.49474645957058	0.0
84.0	23.552344914574018	23.357413140694874	18.472652218782248	34.61758972594886	0.0
85.0	36.6361071932299	16.33756464503996	21.567936060178656	25.458392101551482	0.0
86.0	26.610249177244942	23.47202632816173	15.973201692524682	33.94452280206865	0.0
87.0	37.045748559332	16.14724214982947	21.180759731859343	25.626249558979186	0.0
88.0	28.152250765967473	20.598633042658495	14.388404430827245	36.860711760546785	0.0
89.0	28.305444261135985	16.957341503653076	14.482677350930945	40.25453688427999	0.0
90.0	24.336752741422004	13.913453602169557	31.1284046692607	30.62138898714774	0.0
91.0	34.63443396226415	19.56367924528302	15.825471698113208	29.97641509433962	0.0
92.0	25.369079957481986	24.861225935986774	17.833943545529703	31.935750561001537	0.0
93.0	27.657061880018897	13.308927727916863	28.66084081247048	30.373169579593768	0.0
94.0	25.673270850634715	26.408826669830347	16.395776485941393	31.522125993593548	0.0
95.0	34.89634748272458	16.58440276406713	16.91757156959526	31.60167818361303	0.0
96.0	28.31050228310502	16.17919289152166	19.029988893002592	36.48031593237073	0.0
97.0	30.100086494501422	16.396886197948845	22.179661435808722	31.32336587174101	0.0
98.0	31.76194011383321	23.694630042068795	15.169512496906707	29.37391734719129	0.0
99.0	32.55727554179567	19.56656346749226	17.21362229102167	30.6625386996904	0.0
100.0	35.426569927445584	16.32474355766825	16.637478108581437	31.61120840630473	0.0
101.0	35.00375845652719	17.689802054622902	16.098722124780757	31.207717364069154	0.0
102.0	34.6931090749341	15.476339902096148	19.492908246516883	30.337642776452867	0.0
103.0	29.905207115958966	23.087910660953124	18.59498766393975	28.411894559148166	0.0
104.0	32.02656941911956	18.29903620734566	17.205001302422506	32.469393071112265	0.0
105.0	27.16966379984363	16.78394579098254	19.715923898879335	36.3304665102945	0.0
106.0	31.193737769080236	18.604044357469014	17.847358121330725	32.35485975212002	0.0
107.0	31.265508684863523	23.651560663445213	16.57307039310435	28.509860258586915	0.0
108.0	30.10330848698836	23.70864391264548	15.417810906237742	30.770236694128418	0.0
109.0	27.6403612092658	22.4708807747677	19.44771626750425	30.441041748462244	0.0
110.0	29.35936067077165	17.083715446089347	18.53792742041137	35.01899646272763	0.0
111.0	26.084676890811377	22.165421418272384	21.483811770874294	30.266089920041946	0.0
112.0	27.34313468101864	24.337096350748226	16.77605670779732	31.543712260435807	0.0
113.0	33.53674714778456	14.778455823825947	18.798089678959936	32.88670734942956	0.0
114.0	35.47355801252164	15.159184760889834	20.60743306247502	28.759824164113496	0.0
115.0	27.715973080620792	23.760472462573823	16.61859634665568	31.904958110149707	0.0
116.0	32.95766904892798	16.95986805937328	18.361737218251786	31.72072567344695	0.0
117.0	26.29624535827259	17.232842800165038	23.848163938935496	32.62274790262688	0.0
118.0	31.35931689849883	16.333838314281778	21.42955515769178	30.877289629527617	0.0
119.0	23.580485115766262	17.805953693495038	26.488423373759645	32.12513781697905	0.0
120.0	26.06294864715627	25.19326339039205	19.29872998343457	29.44505797901712	0.0
121.0	25.995575221238937	21.875	20.13274336283186	31.996681415929203	0.0
122.0	25.775193798449614	15.656146179401995	19.379844961240313	39.188815060908084	0.0
123.0	31.342244500139238	16.55527708159287	19.548872180451127	32.553606237816766	0.0
124.0	29.84462034593961	18.396364702433303	18.92406918792143	32.83494576370566	0.0
125.0	26.08886933567972	19.401671799384072	20.22290658454319	34.28655228039302	0.0
126.0	32.00293470286134	18.782098312545855	17.388114453411593	31.826852531181217	0.0
127.0	29.607871934204727	19.5182846232927	21.750624173887502	29.12321926861507	0.0
128.0	31.97588944428109	20.15583651867098	17.906498088797413	29.961775948250512	0.0
129.0	30.12225659154515	19.074974223007807	20.503756076005303	30.29901310944174	0.0
130.0	30.899705014749262	18.525073746312685	18.289085545722713	32.28613569321534	0.0
131.0	28.752955082742314	20.93676122931442	20.005910165484632	30.304373522458626	0.0
132.0	30.325443786982248	16.56804733727811	20.99112426035503	32.11538461538462	0.0
133.0	27.87322274881517	21.371445497630333	20.408767772511847	30.34656398104265	0.0
134.0	27.713523131672595	21.87129300118624	19.113285883748517	31.301897983392646	0.0
135.0	31.31778339028376	16.342296835537066	19.209627098499478	33.13029267567969	0.0
136.0	27.330855018587364	19.449814126394052	19.91078066914498	33.30855018587361	0.0
137.0	30.069930069930066	17.065912810593662	18.22645439666716	34.6377027228091	0.0
138.0	33.23402353642187	17.071354089080888	18.873826903023982	30.82079547147326	0.0
139.0	31.762600656128843	19.504920966298837	19.773337309871756	28.959141067700568	0.0
140.0	31.187453323375653	18.35698282300224	17.49066467513069	32.964899178491414	0.0
141.0	32.78982797307405	17.202692595362752	19.80553477935677	30.201944652206432	0.0
142.0	33.014067644417835	18.886560909907214	17.973660580664472	30.125710865010475	0.0
143.0	34.35720707222056	18.93916691639197	17.980221756068325	28.723404255319153	0.0
144.0	31.1684415779211	18.284085795710215	18.854057297135142	31.693415329233538	0.0
145.0	31.846846846846848	20.075075075075073	18.16816816816817	29.90990990990991	0.0
146.0	29.690318701142516	19.00180396873121	18.415514131088393	32.89236319903788	0.0
147.0	30.75647980711272	19.18324291742013	19.24352019288728	30.816757082579866	0.0
148.0	28.687782805429862	19.215686274509807	19.230769230769234	32.8657616892911	0.0
149.0	32.55287009063444	17.809667673716014	18.157099697885197	31.48036253776435	0.0
150.0	26.755447941888622	17.312348668280872	20.914043583535108	35.0181598062954	0.0
151.0	27.993920972644375	19.3161094224924	18.738601823708205	33.951367781155014	0.0
152.0	27.951548604722475	17.095982827353573	19.273229070837168	35.67923949708678	0.0
153.0	29.44804193647857	16.9904409497379	20.120259019426456	33.44125809435708	0.0
154.0	28.29925650557621	17.084882280049566	21.158612143742257	33.457249070631974	0.0
155.0	29.121989121989124	18.212898212898214	20.24864024864025	32.416472416472416	0.0
156.0	30.512700638927846	16.503038803179056	20.196353436185134	32.78790712170797	0.0
157.0	30.046875	17.84375	20.78125	31.328125	0.0
158.0	30.834246360932855	18.829237752386916	19.345750508686805	30.99076537799343	0.0
159.0	31.823879661548105	16.21748668129113	19.74302726418051	32.215606392980256	0.0
160.0	28.172549019607846	17.50588235294118	23.764705882352942	30.55686274509804	0.0
161.0	30.130318731355	17.5537761029989	20.835295964829644	31.480609200816456	0.0
162.0	28.9937106918239	18.176100628930815	21.352201257861637	31.477987421383645	0.0
163.0	30.16522423288749	16.223446105428796	19.48072383949646	34.130605822187256	0.0
164.0	28.796471329552613	18.22621298046629	20.730938878386894	32.2463768115942	0.0
165.0	30.504731861198735	16.593059936908517	22.854889589905365	30.047318611987382	0.0
166.0	32.20097961763312	19.086743561384104	19.465950387106968	29.246326433875808	0.0
167.0	31.01155611841064	18.5372803545987	19.23381351907551	31.21735000791515	0.0
168.0	28.569162436548222	17.78236040609137	21.938451776649746	31.71002538071066	0.0
169.0	29.368739068214346	19.287645094609633	18.33359834631897	33.01001749085705	0.0
170.0	26.924300254452927	18.018447837150127	20.928753180661577	34.12849872773537	0.0
171.0	27.9006843864396	20.11777813146586	19.624383256406176	32.35715422568837	0.0
172.0	29.859783301465903	19.837476099426386	18.81771829190567	31.485022307202037	0.0
173.0	29.837164750957857	18.53448275862069	18.454661558109834	33.17369093231162	0.0
174.0	30.103916866506797	19.840127897681857	20.35171862509992	29.704236610711433	0.0
175.0	29.86077772443591	19.251080172827653	18.674987998079693	32.213154104656745	0.0
176.0	30.30448717948718	16.69871794871795	19.006410256410255	33.99038461538461	0.0
177.0	26.860166773572804	18.729955099422707	20.285439384220656	34.12443874278384	0.0
178.0	28.00192895032953	17.457000482237582	21.073782350104484	33.4672882173284	0.0
179.0	27.658544456995322	19.073745360658386	19.315797966758108	33.95191221558819	0.0
180.0	30.31871865393949	18.184759747613654	17.974437793237342	33.52208380520951	0.0
181.0	27.50242954324587	17.93002915451895	19.792678976352445	34.77486232588273	0.0
182.0	31.214528944381385	17.382844170585372	19.361115615372142	32.0415112696611	0.0
183.0	30.679233019174525	19.174520636984074	18.492037699057523	31.654208644783882	0.0
184.0	30.501302083333332	19.205729166666664	19.368489583333336	30.924479166666668	0.0
185.0	27.85388127853881	19.797782126549247	22.47227658186562	29.876060013046313	0.0
186.0	29.72884678209735	16.824567134923228	20.25481868670369	33.19176739627573	0.0
187.0	30.126002290950744	19.08034691539846	19.48944526264114	31.304205531009654	0.0
188.0	29.15165411071078	17.589256469046838	18.75204716672126	34.50704225352113	0.0
189.0	30.03771110018036	17.593048040662403	19.1014920478767	33.26774881128054	0.0
190.0	31.163708086785007	17.685733070348455	17.932281393819853	33.21827744904668	0.0
191.0	29.109758104327792	17.22889583676156	18.742800724041466	34.91854533486918	0.0
192.0	30.528569076239094	16.268730446237445	19.891322246006915	33.31137823151655	0.0
193.0	28.46293544659072	16.75747069506356	21.4132408783226	33.36635298002311	0.0
194.0	28.217002977174992	18.441945087661264	19.847833278200465	33.49321865696328	0.0
195.0	27.83676177836762	19.34306569343066	19.6914399469144	33.12873258128732	0.0
196.0	31.503659347970725	18.163672654690618	16.783100465735195	33.54956753160346	0.0
197.0	28.22822822822823	18.6353019686353	18.685352018685354	34.45111778445112	0.0
198.0	29.742818971275888	18.152972611890448	18.80427521710087	33.2999331997328	0.0
199.0	28.217158176943702	20.25804289544236	18.733243967828418	32.79155495978552	0.0
200.0	26.410342511752855	18.770987239758227	20.36601746138348	34.45265278710544	0.0
201.0	29.328621908127207	18.223119636547196	19.518761568231533	32.92949688709406	0.0
202.0	32.30639730639731	18.484848484848484	18.703703703703702	30.50505050505051	0.0
203.0	32.24283305227656	16.728499156829677	20.252951096121414	30.775716694772342	0.0
204.0	33.801149814000674	19.022658099425094	18.633750422725736	28.542441663848493	0.0
205.0	30.844760453699	17.894024039275436	20.230235314034196	31.030980192991365	0.0
206.0	28.77038043478261	18.953804347826086	18.512228260869566	33.76358695652174	0.0
207.0	27.350136239782014	18.75	18.97138964577657	34.928474114441414	0.0
208.0	26.50375939849624	18.096377306903623	19.976076555023923	35.423786739576215	0.0
209.0	27.310132007543288	18.069603977370136	19.78398765643751	34.836276358649066	0.0
210.0	31.05696636925189	16.16334934797529	19.28620452985587	33.493479752916954	0.0
211.0	28.804815133276012	18.21152192605331	20.06878761822872	32.91487532244196	0.0
212.0	29.87594762232943	16.574776016540316	19.10751206064783	34.441764300482426	0.0
213.0	29.031141868512112	18.66782006920415	19.982698961937718	32.31833910034602	0.0
214.0	31.14042700919979	19.423711161256726	20.08331886825204	29.352542961291444	0.0
215.0	32.37497821920195	20.66562118836034	16.86705000871232	30.092350583725384	0.0
216.0	30.606537318650584	19.03513371788149	19.699353259919594	30.65897570354833	0.0
217.0	27.479845776375743	20.36452856642131	20.522257273045916	31.63336838415703	0.0
218.0	27.539543057996486	18.576449912126538	19.85940246045694	34.024604569420035	0.0
219.0	25.568281938325992	20.422907488986784	22.361233480176214	31.647577092511014	0.0
220.0	29.98233215547703	20.28268551236749	18.215547703180214	31.51943462897526	0.0
221.0	32.30714791224346	19.072894550601557	15.852795470629866	32.767162066525124	0.0
222.0	30.84559475270342	20.652366601666373	17.1778053536607	31.32423329196951	0.0
223.0	31.347795163584635	18.385490753911807	16.87411095305832	33.392603129445234	0.0
224.0	30.946840880615717	21.174154286737068	17.18274565956685	30.696259173080364	0.0
225.0	32.86047764410128	17.902675525228943	18.926198599389476	30.3106482312803	0.0
226.0	31.29619614205877	18.640706688299982	21.48909320353344	28.57400396610781	0.0
227.0	29.60883737776168	18.725099601593627	20.73524085476277	30.930822165881928	0.0
228.0	27.29577975004528	21.028799130592287	20.23184205759826	31.443579061764172	0.0
229.0	30.725952813067153	21.978221415607983	17.096188747731397	30.199637023593468	0.0
230.0	28.605504587155963	22.55045871559633	18.93577981651376	29.908256880733948	0.0
231.0	31.077602059580727	19.878631849944835	17.56160353070982	31.48216255976462	0.0
232.0	29.212860310421284	20.879526977087952	19.06873614190687	30.83887657058389	0.0
233.0	28.891771682727946	20.49666419570052	18.587842846553002	32.02372127501853	0.0
234.0	27.279480037140203	20.334261838440113	22.618384401114206	29.767873723305478	0.0
235.0	27.749766573295986	18.356676003734826	22.446311858076566	31.447245564892622	0.0
236.0	30.928422251756217	17.372318207708375	21.60622745395861	30.093032086576798	0.0
237.0	27.497621313035204	19.29590865842055	21.351094196003807	31.85537583254044	0.0
238.0	26.970795953426226	19.030349303302156	22.561557549150603	31.437297194121015	0.0
239.0	28.470363288718932	16.2906309751434	20.84130019120459	34.397705544933075	0.0
240.0	26.52198962934511	16.91953140003841	21.08699827155752	35.47148069905896	0.0
241.0	26.647398843930638	17.533718689788053	25.10597302504817	30.712909441233137	0.0
242.0	26.186325779585513	18.18710052295177	23.106720898702303	32.51985279876041	0.0
243.0	26.975476839237057	17.88633709614636	23.063448812767614	32.074737251848966	0.0
244.0	28.074970714564625	18.156969933619678	21.495509566575556	32.27254978524014	0.0
245.0	28.35850166699353	16.94449892135713	21.768974308687977	32.928025102961364	0.0
246.0	24.507874015748033	19.783464566929133	22.992125984251967	32.71653543307087	0.0
247.0	24.732461355529132	21.00673801030519	23.602853745541022	30.657946888624654	0.0
248.0	25.6912209889001	19.475277497477293	22.38143289606458	32.45206861755802	0.0
249.0	23.3502538071066	21.077024939306995	21.341867137497243	34.23085411608916	0.0
250.0	14.150943396226415	21.22641509433962	22.068733153638814	42.55390835579515	0.0
