# Position (bp)	A	C	G	T	N
0.0	27.00179721170456	24.07391251243217	24.843398300500777	24.080891975362494	0.0
1.0	27.532963219986122	20.640180430256766	15.640180430256766	36.18667591950035	0.0
2.0	28.276445503358023	20.331140691631706	17.848448749158337	33.543965055851935	0.0
3.0	24.089322858468996	22.078011380241016	15.841226728094753	37.991439033195235	0.0
4.0	33.22969163748185	15.814469975228496	14.464850089689929	36.49098829759973	0.0
5.0	35.397114680383574	14.814940982098754	21.946483623171126	27.841460714346546	0.0
6.0	31.699989816354936	17.58715502902339	21.456940154112495	29.25591500050918	0.0
7.0	35.67363069803577	17.595298012126534	19.343343072843656	27.387728216994038	0.0
8.0	25.453840578488716	26.072445935240278	21.619161595900685	26.85455189037032	0.0
9.0	28.04321849913327	19.106683047510057	16.85656103266632	35.991854457328465	0.0016829633618876119
10.0	27.143696984966827	16.954732510288064	25.38002855463173	30.521541950113377	0.0
11.0	27.070154537980102	19.787908787355068	20.83997516653523	32.30196150812961	0.0
12.0	27.262820835219365	20.466395077872217	21.02969035524485	31.241093731663565	0.0
13.0	26.798600298022667	21.936477639928338	19.12033083864919	32.14459122339981	0.0
14.0	30.289483818038743	20.299027240611448	20.206941584208145	29.204547357141664	0.0
15.0	29.775478426842135	19.066753729469085	19.66112478443585	31.496643059252932	0.0
16.0	29.78719841947528	18.716828235136536	19.060056590821574	32.43591675456661	0.0
17.0	29.517638588912888	19.23753076498066	21.10435816297487	30.1387981984697	0.0016742846618782127
18.0	32.675339461215195	18.592931170157552	18.350159894185207	30.381569474442045	0.0
19.0	31.071374755135867	19.569039128032546	19.29445644348452	30.065129673347062	0.0
20.0	30.100289651246502	17.62686892025382	20.90679257287324	31.36604885562643	0.0
21.0	28.759187637082057	18.095668625579723	19.334639275369597	33.81050446196862	0.0
22.0	28.395867865454484	19.401610661844725	20.86995831031192	31.332563162388873	0.0
23.0	30.416729452341485	17.67542317544829	20.10146165050982	31.804711437038524	0.0016742846618782127
24.0	30.830277763825404	17.79429738644164	19.8570160898756	31.516734475195474	0.0016742846618782127
25.0	29.117484554723994	18.350159894185207	19.158839385872387	33.37351616521841	0.0
26.0	30.512163678068543	17.41423476819529	21.636780685452138	30.436820868284027	0.0
27.0	29.176084517889734	18.52595978368242	20.379392904381604	31.918562794046245	0.0
28.0	29.931186900396806	17.680446029433924	20.28228439399267	32.106082676176605	0.0
29.0	29.904398345806754	18.713479665812784	19.41667922380163	31.96544276457883	0.0
30.0	30.49207226212601	17.90982302811124	19.02322232826025	32.574882381502505	0.0
31.0	30.31175702374175	18.60663697552155	19.36007768810903	31.72152831262767	0.0
32.0	29.037389280511693	19.861694824439496	19.145052994658673	31.955862900390137	0.0
33.0	30.324190361365083	17.582638400482267	19.513379550554273	32.57979168759838	0.0
34.0	29.279852621001506	19.058784123262434	19.169318372131972	32.49204488360409	0.0
35.0	30.603339766719813	17.559788537383568	19.674414701686665	32.16077871947638	0.0016782747335738859
36.0	31.463598958770678	17.981358636325467	18.69846334704845	31.856579057855406	0.0
37.0	28.93746429651534	19.661278940824626	19.264760240599482	32.136496522060554	0.0
38.0	30.59982516306906	18.490686571178806	19.348059982516308	31.561428283235827	0.0
39.0	30.932830798223183	18.853479606945754	18.7239197738592	31.48976982097187	0.0
40.0	29.721565980425247	20.123185960175498	19.23557205534931	30.917988525143436	0.0016874789065136685
41.0	29.66945507501609	17.907339045619263	20.738645985030647	31.684559894333997	0.0
42.0	28.58355257574472	19.327845200712893	19.782737842654672	32.30586438088772	0.0
43.0	29.679899309453344	19.090383372452973	20.343912644147363	30.884103820117698	0.0017008538286219681
44.0	28.289675375549272	19.511530469734645	20.581122049255715	31.617672105460365	0.0
45.0	29.598990226346224	18.612584645299947	20.398451225544544	31.389973902809288	0.0
46.0	29.7863255162519	17.691769006097665	19.418586776436026	33.103318701214405	0.0
47.0	30.395157567156268	19.385120462356582	19.164543542567923	31.055178427919223	0.0
48.0	29.73176535031411	18.954449750937194	19.055444290384976	32.256628836508675	0.0017117718550471593
49.0	27.990127181104523	19.55880840560831	20.432964245312125	32.01810016797504	0.0
50.0	30.162819455894475	18.731107447100854	19.079760923330586	32.02459466886508	0.001717504809013465
51.0	30.42826626240353	18.303817530319737	18.918825799338478	32.349090407938256	0.0
52.0	29.2615453775265	18.6835416774729	20.44538962947594	31.60952331552466	0.0
53.0	30.54013737598002	19.014084507042252	19.723513494761676	30.722264622216056	0.0
54.0	29.92115019755966	19.010983272701953	19.44613670780317	31.62172982193521	0.0
55.0	29.19234058894378	19.13456335422158	18.726107978844105	32.94698807799054	0.0
56.0	29.791666666666668	18.6046918767507	21.356792717086833	30.246848739495796	0.0
57.0	27.45332023024007	19.56163133511161	19.891548504843463	33.09349992980486	0.0
58.0	29.86928449534667	17.90960750162735	22.533030734856883	29.688077268169106	0.0
59.0	27.843656255514382	21.960472913358036	21.669313569790013	28.526557261337572	0.0
60.0	31.152449286916468	19.445477898839577	19.98937018336434	29.41270263087962	0.0
61.0	28.78304994213478	21.048695806997237	20.0	30.166473782604825	0.0017804682631532092
62.0	31.402739235520542	16.573270074299526	21.645331662339988	30.378659027839944	0.0
63.0	25.71944068561119	20.6765899864682	25.116824537663508	28.4871447902571	0.0
64.0	26.288144526635282	21.482706602933423	18.351175005906835	33.87615637665618	0.0018174878682684793
65.0	27.89287611511055	19.68456338956971	19.067245516660254	33.35348317488231	0.0018318037771793885
66.0	27.57209233719301	18.817759421786267	18.106055018806696	35.49487425326351	0.009218968950512574
67.0	33.68873889743922	14.613658699401064	18.047803593613825	33.64423593984684	0.005562869699048749
68.0	34.01196703420765	16.21194445489783	22.735483385391188	27.04060512550333	0.0
69.0	31.764138197259218	17.272727272727273	20.511484269446054	30.451650260567458	0.0
70.0	31.450438833659167	16.887816646562122	24.058899380225448	27.60284513955326	0.0
71.0	25.78056955844704	20.301406740742696	25.368840560584864	28.54654385177756	0.0026392884478344636
