# Position (bp)	A	C	G	T	N
0.0	26.345360444092332	23.9482195240369	25.06737202489649	24.639048006974278	0.0
1.0	27.03072565309514	22.522037710958394	15.654869447801675	34.792367188144794	0.0
2.0	28.80848309186814	22.12770578138247	17.77262874779173	31.291182378957654	0.0
3.0	24.130208812690285	23.67114527691388	15.953455905062395	36.24519000533344	0.0
4.0	33.73994997200624	15.071317283576146	15.182123143158366	36.00660960125926	0.0
5.0	35.74214170091064	16.170031606225578	25.371779000933287	22.71604769193049	0.0
6.0	31.660842066058905	18.790503938599105	21.64902585120588	27.899628144136106	0.0
7.0	35.20487145377856	18.34621426012541	21.204352041365937	25.244562244730094	0.0
8.0	23.095330549215994	26.928577452991924	23.67391589360229	26.30217610418979	0.0
9.0	27.24662152288045	20.41218965734647	15.810880437442117	36.530308382330965	0.0
10.0	26.439578223759863	18.060387120910356	25.497354086447928	30.00268056888185	0.0
11.0	27.541266982155427	21.421052236020333	19.970304975252752	31.067375806571484	0.0
12.0	25.176687902450674	22.41174373093435	22.121590938508085	30.28997742810689	0.0
13.0	27.059349131153304	23.150344841408025	19.486549974238145	30.303756053200527	0.0
14.0	29.880927627145393	20.496047204734502	19.745120487813434	29.87790468030667	0.0
15.0	29.998822553855636	19.99198334540007	21.575940683436507	28.433253417307792	0.0
16.0	27.577325226491368	19.80601366004541	19.035913777539506	33.58074733592372	0.0
17.0	29.71000587052936	19.191036044048175	20.562318216093935	30.536639869328532	0.0
18.0	32.743524672507135	18.236252481196352	20.822842789227956	28.19738005706856	0.0
19.0	30.204416341616376	19.732060021361043	21.687271974193052	28.376251662829528	0.0
20.0	29.38638354514838	18.11860807494236	21.283366193266513	31.211642186642752	0.0
21.0	28.728399917495263	20.578602045750046	19.706573740278763	30.986424296475928	0.0
22.0	30.950549767141233	19.81438104328409	23.38800524756849	25.847063942006184	0.0
23.0	29.474767162112624	20.925322357197075	22.412461889575592	27.18744859111471	0.0
24.0	32.943723919776666	20.313668312586064	19.138426748236125	27.604181019401143	0.0
25.0	28.732324737976477	22.48875371918494	20.979017241652866	27.799904301185713	0.0
26.0	30.56643510225828	17.47037804371916	23.73951885041173	28.223668003610836	0.0
27.0	27.32525154341478	21.686871141463058	24.910501567005454	26.07737574811671	0.0
28.0	27.751937984496124	21.19803892586849	19.93229267135808	31.117730418277308	0.0
29.0	28.613444430804996	22.62577170738877	17.607345927831737	31.153437933974498	0.0
30.0	27.566925839131713	20.248762736316486	16.359586361348086	35.824725063203715	0.0
31.0	33.841279741918825	17.212783670061192	18.82050933808852	30.125427249931462	0.0
32.0	34.1462353273349	16.218099803639202	24.787050914489445	24.848613954536454	0.0
33.0	30.92317369171116	18.233942423504782	21.93908368419639	28.903800200587664	0.0
34.0	32.30500146134736	17.83004530176823	23.019983925179016	26.84496931170539	0.0
35.0	28.218189438568643	21.598551199699255	24.852994864584417	25.330264497147688	0.0
