# Position (bp)	A	C	G	T	N
0.0	55.0098231827112	11.394891944990176	15.520628683693516	18.07465618860511	0.0
1.0	14.538310412573674	50.884086444007856	21.021611001964637	13.555992141453832	0.0
2.0	21.484375	44.921875	13.0859375	20.5078125	0.0
3.0	52.918287937743195	14.785992217898833	13.229571984435799	19.06614785992218	0.0
4.0	53.69649805447471	13.618677042801556	10.311284046692606	22.37354085603113	0.0
5.0	20.622568093385212	42.996108949416346	12.062256809338521	24.31906614785992	0.0
6.0	18.410852713178294	46.51162790697674	14.34108527131783	20.73643410852713	0.0
7.0	53.48837209302325	14.922480620155037	11.434108527131782	20.155038759689923	0.0
8.0	55.89941972920697	12.959381044487428	11.411992263056092	19.729206963249517	0.0
9.0	19.148936170212767	43.7137330754352	14.70019342359768	22.437137330754354	0.0
10.0	19.922630560928432	10.251450676982591	14.506769825918761	55.319148936170215	0.0
11.0	18.3752417794971	13.539651837524177	14.893617021276595	53.191489361702125	0.0
12.0	16.827852998065765	12.18568665377176	16.827852998065765	54.15860735009671	0.0
13.0	18.725868725868725	43.82239382239382	14.478764478764477	22.972972972972975	0.0
14.0	18.269230769230766	14.23076923076923	47.88461538461539	19.615384615384617	0.0
15.0	48.84615384615385	13.653846153846153	15.384615384615385	22.115384615384613	0.0
16.0	16.73076923076923	14.423076923076922	14.807692307692308	54.03846153846153	0.0
17.0	21.923076923076923	42.5	13.846153846153847	21.73076923076923	0.0
18.0	17.307692307692307	15.192307692307692	15.0	52.5	0.0
19.0	17.81609195402299	48.08429118773947	13.218390804597702	20.88122605363985	0.0
20.0	18.702290076335878	14.122137404580155	13.358778625954198	53.81679389312977	0.0
21.0	18.893129770992367	14.50381679389313	14.31297709923664	52.29007633587786	0.0
22.0	21.374045801526716	10.305343511450381	46.37404580152672	21.946564885496183	0.0
23.0	19.46564885496183	14.885496183206106	12.977099236641221	52.67175572519084	0.0
24.0	53.52380952380953	11.619047619047619	13.904761904761905	20.952380952380953	0.0
25.0	21.142857142857142	13.333333333333334	41.714285714285715	23.809523809523807	0.0
26.0	49.714285714285715	11.047619047619047	13.142857142857142	26.095238095238095	0.0
27.0	17.904761904761905	14.285714285714285	12.380952380952381	55.42857142857143	0.0
28.0	17.523809523809526	44.952380952380956	11.047619047619047	26.476190476190474	0.0
29.0	21.523809523809522	11.047619047619047	11.428571428571429	56.00000000000001	0.0
30.0	19.083969465648856	11.83206106870229	45.80152671755725	23.282442748091604	0.0
31.0	23.473282442748094	10.114503816793894	9.923664122137405	56.48854961832062	0.0
32.0	19.46564885496183	14.122137404580155	12.977099236641221	53.43511450381679	0.0
33.0	20.0	45.33333333333333	11.619047619047619	23.047619047619047	0.0
34.0	21.69811320754717	12.641509433962264	12.830188679245284	52.83018867924528	0.0
35.0	21.69811320754717	42.83018867924528	12.830188679245284	22.641509433962266	0.0
36.0	20.566037735849058	13.20754716981132	12.264150943396226	53.9622641509434	0.0
37.0	52.83018867924528	13.584905660377359	13.018867924528301	20.566037735849058	0.0
38.0	53.68620037807184	13.610586011342155	11.342155009451796	21.361058601134218	0.0
39.0	55.19848771266541	13.799621928166353	9.829867674858223	21.17202268431002	0.0
40.0	18.525519848771268	43.28922495274102	15.500945179584122	22.68431001890359	0.0
41.0	21.21212121212121	8.901515151515152	47.53787878787879	22.348484848484848	0.0
42.0	53.03030303030303	10.606060606060606	16.666666666666664	19.696969696969695	0.0
43.0	53.97727272727273	14.393939393939394	12.121212121212121	19.507575757575758	0.0
44.0	23.719165085388994	46.29981024667932	10.056925996204933	19.924098671726757	0.0
45.0	30.80568720379147	14.218009478672986	14.218009478672986	40.758293838862556	0.0
46.0	33.51800554016621	15.23545706371191	19.390581717451525	31.855955678670362	0.0
47.0	32.96398891966759	17.174515235457065	21.052631578947366	28.80886426592798	0.0
48.0	29.6398891966759	21.60664819944598	14.958448753462603	33.795013850415515	0.0
49.0	26.869806094182824	18.282548476454295	19.94459833795014	34.903047091412745	0.0
50.0	29.916897506925206	23.545706371191137	17.72853185595568	28.80886426592798	0.0
51.0	24.653739612188367	21.052631578947366	15.23545706371191	39.05817174515235	0.0
52.0	31.855955678670362	15.23545706371191	19.94459833795014	32.96398891966759	0.0
53.0	31.024930747922436	19.667590027700832	22.160664819944596	27.146814404432135	0.0
54.0	26.869806094182824	24.37673130193906	17.174515235457065	31.57894736842105	0.0
55.0	31.024930747922436	16.343490304709142	14.40443213296399	38.227146814404435	0.0
56.0	26.038781163434905	18.559556786703602	19.94459833795014	35.45706371191136	0.0
57.0	31.301939058171747	19.113573407202217	18.83656509695291	30.747922437673132	0.0
58.0	33.2409972299169	20.77562326869806	16.06648199445983	29.916897506925206	0.0
59.0	28.254847645429365	19.113573407202217	24.653739612188367	27.977839335180054	0.0
60.0	31.024930747922436	15.512465373961218	19.667590027700832	33.795013850415515	0.0
61.0	29.6398891966759	16.897506925207757	21.329639889196674	32.13296398891966	0.0
62.0	29.085872576177284	17.174515235457065	21.60664819944598	32.13296398891966	0.0
63.0	27.146814404432135	14.681440443213297	20.221606648199447	37.95013850415512	0.0
64.0	26.59279778393352	18.282548476454295	22.99168975069252	32.13296398891966	0.0
65.0	24.37673130193906	16.897506925207757	26.038781163434905	32.686980609418285	0.0
66.0	23.26869806094183	17.174515235457065	25.761772853185594	33.795013850415515	0.0
67.0	28.254847645429365	18.83656509695291	19.113573407202217	33.795013850415515	0.0
68.0	23.545706371191137	18.83656509695291	19.113573407202217	38.504155124653735	0.0
69.0	26.869806094182824	23.545706371191137	19.390581717451525	30.193905817174517	0.0
70.0	28.53185595567867	22.71468144044321	17.174515235457065	31.57894736842105	0.0
71.0	26.869806094182824	21.60664819944598	24.37673130193906	27.146814404432135	0.0
72.0	29.085872576177284	16.343490304709142	19.94459833795014	34.62603878116344	0.0
73.0	29.362880886426595	16.343490304709142	20.77562326869806	33.51800554016621	0.0
74.0	27.42382271468144	16.897506925207757	24.653739612188367	31.024930747922436	0.0
75.0	29.6398891966759	19.390581717451525	20.498614958448755	30.47091412742382	0.0
76.0	27.70083102493075	19.390581717451525	16.06648199445983	36.84210526315789	0.0
77.0	30.193905817174517	17.174515235457065	20.498614958448755	32.13296398891966	0.0
78.0	31.855955678670362	19.390581717451525	18.559556786703602	30.193905817174517	0.0
79.0	33.51800554016621	18.005540166204987	15.23545706371191	33.2409972299169	0.0
80.0	30.193905817174517	15.23545706371191	21.88365650969529	32.686980609418285	0.0
81.0	24.233983286908078	19.220055710306408	17.827298050139277	38.71866295264624	0.0
82.0	32.31197771587744	14.763231197771587	23.398328690807798	29.526462395543174	0.0
83.0	28.969359331476323	14.763231197771587	21.72701949860724	34.540389972144844	0.0
84.0	26.18384401114206	16.991643454038996	21.72701949860724	35.097493036211695	0.0
85.0	32.86908077994429	16.71309192200557	20.334261838440113	30.08356545961003	0.0
86.0	32.31197771587744	14.484679665738161	23.398328690807798	29.805013927576603	0.0
87.0	33.42618384401114	18.105849582172702	20.891364902506965	27.57660167130919	0.0
88.0	34.540389972144844	21.72701949860724	15.041782729805014	28.690807799442897	0.0
89.0	29.526462395543174	13.649025069637883	23.119777158774372	33.70473537604457	0.0
90.0	30.64066852367688	15.598885793871867	20.334261838440113	33.42618384401114	0.0
91.0	26.46239554317549	22.56267409470752	17.548746518105848	33.42618384401114	0.0
92.0	32.31197771587744	16.71309192200557	15.598885793871867	35.37604456824512	0.0
93.0	32.31197771587744	19.498607242339833	19.77715877437326	28.412256267409468	0.0
94.0	34.540389972144844	15.87743732590529	18.662952646239557	30.919220055710305	0.0
95.0	32.31197771587744	13.370473537604457	21.16991643454039	33.147632311977716	0.0
96.0	28.969359331476323	15.041782729805014	22.56267409470752	33.42618384401114	0.0
97.0	27.57660167130919	14.484679665738161	20.891364902506965	37.04735376044568	0.0
98.0	26.740947075208915	19.220055710306408	18.662952646239557	35.37604456824512	0.0
99.0	29.247910863509752	20.61281337047354	16.71309192200557	33.42618384401114	0.0
100.0	30.532212885154063	15.126050420168067	17.647058823529413	36.69467787114846	0.0
101.0	33.0532212885154	18.207282913165265	21.568627450980394	27.170868347338935	0.0
102.0	34.45378151260504	14.84593837535014	17.086834733893557	33.61344537815126	0.0
103.0	29.13165266106443	20.168067226890756	19.607843137254903	31.092436974789916	0.0
104.0	25.842696629213485	17.134831460674157	23.314606741573034	33.70786516853933	0.0
105.0	31.07344632768362	18.07909604519774	20.33898305084746	30.508474576271187	0.0
106.0	33.994334277620396	17.847025495750707	19.8300283286119	28.328611898016998	0.0
107.0	35.8974358974359	19.08831908831909	17.663817663817664	27.350427350427353	0.0
108.0	35.14285714285714	18.0	17.71428571428571	29.142857142857142	0.0
109.0	27.45664739884393	23.699421965317917	19.942196531791907	28.901734104046245	0.0
110.0	22.89855072463768	21.73913043478261	21.44927536231884	33.91304347826087	0.0
111.0	32.848837209302324	18.6046511627907	17.441860465116278	31.1046511627907	0.0
112.0	27.77777777777778	21.34502923976608	16.95906432748538	33.91812865497076	0.0
113.0	29.03225806451613	20.234604105571847	17.008797653958943	33.724340175953074	0.0
114.0	32.448377581120944	17.10914454277286	18.58407079646018	31.858407079646017	0.0
115.0	23.303834808259587	22.123893805309734	20.058997050147493	34.51327433628318	0.0
116.0	26.923076923076923	18.04733727810651	20.710059171597635	34.319526627218934	0.0
117.0	31.547619047619047	17.559523809523807	17.261904761904763	33.63095238095239	0.0
118.0	27.164179104477608	14.925373134328357	21.791044776119403	36.11940298507463	0.0
119.0	18.61861861861862	22.822822822822822	27.32732732732733	31.23123123123123	0.0
120.0	29.518072289156628	20.180722891566266	21.686746987951807	28.614457831325304	0.0
121.0	29.878048780487802	19.817073170731707	19.20731707317073	31.097560975609756	0.0
122.0	28.353658536585364	19.817073170731707	19.51219512195122	32.31707317073171	0.0
123.0	31.384615384615383	17.53846153846154	19.076923076923077	32.0	0.0
124.0	29.32098765432099	20.98765432098765	19.444444444444446	30.246913580246915	0.0
125.0	24.9211356466877	19.242902208201894	21.451104100946374	34.38485804416404	0.0
126.0	29.02208201892745	17.665615141955836	18.92744479495268	34.38485804416404	0.0
127.0	28.48101265822785	18.037974683544302	21.835443037974684	31.645569620253166	0.0
128.0	30.990415335463258	15.335463258785943	21.72523961661342	31.948881789137378	0.0
129.0	29.073482428115017	16.61341853035144	17.57188498402556	36.74121405750799	0.0
130.0	35.36977491961415	17.363344051446948	13.183279742765272	34.08360128617363	0.0
131.0	33.11897106109325	18.327974276527332	19.292604501607716	29.260450160771708	0.0
132.0	29.677419354838708	17.096774193548388	22.58064516129032	30.64516129032258	0.0
133.0	26.537216828478964	23.624595469255663	21.68284789644013	28.155339805825243	0.0
134.0	22.80130293159609	22.149837133550488	20.521172638436482	34.527687296416936	0.0
135.0	28.618421052631575	15.131578947368421	22.697368421052634	33.55263157894737	0.0
136.0	31.02310231023102	15.181518151815181	20.792079207920793	33.003300330033	0.0
137.0	26.578073089701	17.60797342192691	18.272425249169437	37.54152823920266	0.0
138.0	24.58471760797342	21.262458471760798	16.943521594684384	37.2093023255814	0.0
139.0	26.666666666666668	19.333333333333332	18.666666666666668	35.333333333333336	0.0
140.0	29.431438127090303	17.391304347826086	23.076923076923077	30.100334448160538	0.0
141.0	32.5503355704698	15.771812080536913	19.463087248322147	32.21476510067114	0.0
142.0	31.313131313131315	14.14141414141414	21.885521885521886	32.659932659932664	0.0
143.0	31.97278911564626	20.408163265306122	20.068027210884352	27.55102040816326	0.0
144.0	33.105802047781566	18.088737201365188	15.358361774744028	33.44709897610921	0.0
145.0	32.534246575342465	15.068493150684931	15.41095890410959	36.986301369863014	0.0
146.0	29.310344827586203	19.655172413793103	16.896551724137932	34.13793103448276	0.0
147.0	26.89655172413793	18.620689655172416	20.344827586206897	34.13793103448276	0.0
148.0	29.166666666666668	20.13888888888889	21.52777777777778	29.166666666666668	0.0
149.0	28.771929824561404	21.403508771929825	17.543859649122805	32.280701754385966	0.0
150.0	26.666666666666668	17.894736842105264	17.192982456140353	38.24561403508772	0.0
151.0	30.604982206405694	21.352313167259787	20.284697508896798	27.75800711743772	0.0
152.0	26.618705035971225	19.424460431654676	15.827338129496402	38.1294964028777	0.0
153.0	29.856115107913666	14.028776978417264	19.424460431654676	36.69064748201439	0.0
154.0	32.971014492753625	14.855072463768115	18.478260869565215	33.69565217391305	0.0
155.0	29.09090909090909	19.272727272727273	17.09090909090909	34.54545454545455	0.0
156.0	31.73431734317343	17.712177121771216	16.974169741697416	33.579335793357934	0.0
157.0	31.086142322097377	20.224719101123593	19.850187265917604	28.83895131086142	0.0
158.0	29.81132075471698	22.264150943396228	15.849056603773585	32.075471698113205	0.0
159.0	35.60606060606061	14.015151515151514	20.075757575757574	30.303030303030305	0.0
160.0	27.376425855513308	19.011406844106464	22.813688212927758	30.798479087452474	0.0
161.0	28.35249042145594	23.371647509578544	22.988505747126435	25.287356321839084	0.0
162.0	34.10852713178294	19.379844961240313	20.930232558139537	25.581395348837212	0.0
163.0	25.984251968503933	17.322834645669293	18.89763779527559	37.79527559055118	0.0
164.0	33.33333333333333	13.492063492063492	22.22222222222222	30.952380952380953	0.0
165.0	27.88844621513944	20.717131474103585	23.50597609561753	27.88844621513944	0.0
166.0	30.0	19.6	18.4	32.0	0.0
167.0	26.104417670682732	19.27710843373494	21.285140562248998	33.33333333333333	0.0
168.0	30.120481927710845	20.481927710843372	21.686746987951807	27.710843373493976	0.0
169.0	26.122448979591837	17.142857142857142	21.63265306122449	35.10204081632653	0.0
170.0	31.68724279835391	14.40329218106996	19.34156378600823	34.5679012345679	0.0
171.0	28.39506172839506	19.753086419753085	19.753086419753085	32.098765432098766	0.0
172.0	29.460580912863072	20.74688796680498	19.08713692946058	30.70539419087137	0.0
173.0	29.66101694915254	15.254237288135593	17.372881355932204	37.71186440677966	0.0
174.0	30.90128755364807	20.600858369098713	19.313304721030043	29.184549356223176	0.0
175.0	27.510917030567683	15.72052401746725	21.83406113537118	34.93449781659388	0.0
176.0	32.89473684210527	12.280701754385964	15.350877192982457	39.473684210526315	0.0
177.0	26.87224669603524	19.383259911894275	22.46696035242291	31.277533039647576	0.0
178.0	27.876106194690266	18.58407079646018	21.68141592920354	31.858407079646017	0.0
179.0	27.43362831858407	23.008849557522122	22.123893805309734	27.43362831858407	0.0
180.0	30.357142857142854	14.285714285714285	20.089285714285715	35.267857142857146	0.0
181.0	31.363636363636367	17.727272727272727	19.545454545454547	31.363636363636367	0.0
182.0	34.403669724770644	17.431192660550458	22.477064220183486	25.688073394495415	0.0
183.0	32.25806451612903	23.963133640552993	17.050691244239633	26.72811059907834	0.0
184.0	34.418604651162795	16.27906976744186	18.6046511627907	30.697674418604652	0.0
185.0	27.488151658767773	21.80094786729858	26.066350710900476	24.644549763033176	0.0
186.0	32.38095238095238	17.142857142857142	20.0	30.476190476190478	0.0
187.0	32.850241545893724	28.019323671497588	14.009661835748794	25.120772946859905	0.0
188.0	29.901960784313726	19.11764705882353	21.07843137254902	29.901960784313726	0.0
189.0	29.7029702970297	18.81188118811881	19.801980198019802	31.683168316831683	0.0
190.0	29.292929292929294	20.707070707070706	18.181818181818183	31.818181818181817	0.0
191.0	25.64102564102564	21.025641025641026	20.0	33.33333333333333	0.0
192.0	35.44973544973545	19.047619047619047	13.756613756613756	31.746031746031743	0.0
193.0	29.347826086956523	16.304347826086957	26.08695652173913	28.26086956521739	0.0
194.0	30.386740331491712	16.022099447513813	20.994475138121548	32.59668508287293	0.0
195.0	28.888888888888886	18.88888888888889	23.333333333333332	28.888888888888886	0.0
196.0	28.8135593220339	20.903954802259886	20.33898305084746	29.943502824858758	0.0
197.0	29.714285714285715	20.57142857142857	24.0	25.71428571428571	0.0
198.0	28.823529411764703	24.705882352941178	20.0	26.47058823529412	0.0
199.0	26.41509433962264	25.78616352201258	18.238993710691823	29.559748427672954	0.0
200.0	24.832214765100673	16.10738255033557	20.80536912751678	38.25503355704698	0.0
201.0	34.61538461538461	20.0	13.076923076923078	32.30769230769231	0.0
202.0	44.18604651162791	13.953488372093023	14.728682170542637	27.131782945736433	0.0
203.0	32.53968253968254	17.46031746031746	18.253968253968253	31.746031746031743	0.0
204.0	32.25806451612903	16.129032258064516	27.419354838709676	24.193548387096776	0.0
205.0	39.02439024390244	15.447154471544716	26.82926829268293	18.69918699186992	0.0
206.0	30.57851239669421	23.96694214876033	19.834710743801654	25.6198347107438	0.0
207.0	24.793388429752067	25.6198347107438	12.396694214876034	37.1900826446281	0.0
208.0	28.205128205128204	15.384615384615385	22.22222222222222	34.18803418803419	0.0
209.0	22.413793103448278	23.275862068965516	17.24137931034483	37.06896551724138	0.0
210.0	26.31578947368421	19.298245614035086	18.421052631578945	35.96491228070175	0.0
211.0	33.92857142857143	19.642857142857142	18.75	27.67857142857143	0.0
212.0	24.324324324324326	11.711711711711711	31.53153153153153	32.432432432432435	0.0
213.0	26.36363636363636	22.727272727272727	20.0	30.909090909090907	0.0
214.0	34.25925925925926	23.14814814814815	20.37037037037037	22.22222222222222	0.0
215.0	25.233644859813083	22.429906542056074	22.429906542056074	29.906542056074763	0.0
216.0	33.65384615384615	20.192307692307693	17.307692307692307	28.846153846153843	0.0
217.0	26.0	19.0	22.0	33.0	0.0
218.0	25.263157894736842	18.947368421052634	16.842105263157894	38.94736842105263	0.0
219.0	17.24137931034483	24.137931034482758	21.839080459770116	36.7816091954023	0.0
220.0	0.0	27.77777777777778	31.48148148148148	40.74074074074074	0.0
