# Position (bp)	A	C	G	T	N
0.0	69.41217881027806	7.849348820837733	10.61246040126716	12.126011967617037	0.0
1.0	10.976253298153035	67.08883025505716	12.06684256816183	9.868073878627968	0.0
2.0	13.614120936735407	64.1209367354072	8.528486543166725	13.736455784690667	0.0
3.0	68.20789153485138	9.056144620198157	9.560229445506693	13.175734399443769	0.0
4.0	68.14313010248392	9.03248219558798	8.424526663192635	14.399861038735454	0.0
5.0	13.005028611062944	63.44719958383909	9.311600485521069	14.236171319576904	0.0
6.0	14.233766233766234	64.64069264069265	7.930735930735931	13.194805194805195	0.0
7.0	68.98996886890349	9.408509166378416	8.682116914562435	12.919405050155655	0.0
8.0	67.51295336787565	10.535405872193436	9.879101899827289	12.072538860103627	0.0
9.0	13.979979288919573	62.909906800138074	8.387987573351744	14.72212633759061	0.0
10.0	13.731240296705192	7.9178885630498534	8.211143695014663	70.13972744523029	0.0
11.0	12.741046831955924	9.659090909090908	8.798209366391184	68.80165289256198	0.0
12.0	13.16829981089909	7.8734742994670786	9.83324737837373	69.12497851126011	0.0
13.0	13.879369431117203	61.96024674434544	9.252912954078136	14.90747087045922	0.0
14.0	13.547176249786727	8.991639651936529	64.39174202354548	13.069442074731274	0.0
15.0	65.29262086513995	9.855810008481765	9.787955894826124	15.06361323155216	0.0
16.0	12.5	9.332655826558266	10.806233062330623	67.36111111111111	0.0
17.0	14.72423680215888	61.37628605161073	10.001686625063249	13.897790521167144	0.0
18.0	13.052985702270817	9.554247266610597	10.09251471825063	67.30025231286795	0.0
19.0	13.822640241854215	64.36009405441719	9.573396036278133	12.243869667450454	0.0
20.0	13.537483266398928	10.542168674698797	9.287148594377511	66.63319946452476	0.0
21.0	13.794829024186821	10.208507089241033	10.025020850708923	65.97164303586321	0.0
22.0	13.053613053613052	8.574758574758574	62.87046287046287	15.5011655011655	0.0
23.0	13.770164643272908	9.645767503741892	9.712290038250456	66.87177781473474	0.0
24.0	67.02639880458243	8.517350157728707	9.413913332226464	15.042337705462394	0.0
25.0	14.904564315352697	8.66390041493776	60.962655601659755	15.468879668049793	0.0
26.0	66.90981432360743	9.350132625994695	8.720159151193634	15.019893899204245	0.0
27.0	12.823061630218687	10.73558648111332	7.703777335984095	68.7375745526839	0.0
28.0	12.901623053991388	61.344816164292816	8.297449486584963	17.45611129513084	0.0
29.0	15.706719629261833	7.4147633234028465	8.904336312479312	67.974180734856	0.0
30.0	14.283347141673572	9.295774647887324	60.57995028997515	15.84092792046396	0.0
31.0	14.64386518346339	8.550556201228623	9.098455918977253	67.70712269633073	0.0
32.0	14.824707846410684	8.063439065108515	8.831385642737896	68.28046744574291	0.0
33.0	14.605614973262032	61.54745989304813	8.489304812834225	15.357620320855613	0.0
34.0	15.416736261900784	8.819108067479538	10.238850843494237	65.52530482712544	0.0
35.0	13.79886401603742	61.44336785833612	8.787170063481458	15.970598062145006	0.0
36.0	14.269005847953217	9.456975772765247	8.738512949039265	67.53550543024227	0.0
37.0	65.90301003344482	9.782608695652174	8.996655518394649	15.317725752508359	0.0
38.0	66.37715049273426	10.038416569233338	7.716719559044597	15.867713378987808	0.0
39.0	67.11118519753292	9.801633605600934	7.934655775962661	15.152525420903483	0.0
40.0	13.440320962888666	61.651621531260446	9.946506185222335	14.961551320628551	0.0
41.0	13.351452352641413	7.983692882622728	63.66570409376593	14.999150670969932	0.0
42.0	67.29720518064076	8.452624403544649	9.270620313565098	14.979550102249489	0.0
43.0	67.22041445452989	9.864702860078781	9.111149169378319	13.803733516013017	0.0
44.0	15.62016170651987	61.1216239463272	8.222948563564426	15.035265783588509	0.0
45.0	26.200388565084655	12.60061060227588	13.599777962808771	47.5992228698307	0.0
46.0	29.27076299797434	16.374071573261308	18.129642133693448	36.2255232950709	0.0
47.0	32.33812949640288	17.014388489208635	17.66187050359712	32.985611510791365	0.0
48.0	26.64023071377073	19.899062725306415	18.709444844989186	34.751261715933666	0.0
49.0	27.482845792704946	19.646081617912603	18.490429758035393	34.38064283134706	0.0
50.0	28.152173913043477	22.39130434782609	18.514492753623188	30.942028985507246	0.0
51.0	28.540305010893245	19.389978213507625	17.93754538852578	34.13217138707335	0.0
52.0	29.767103347889375	17.46724890829694	19.614264919941775	33.151382823871906	0.0
53.0	31.507849580138735	19.64220518437386	19.67871485943775	29.17123037604965	0.0
54.0	29.413919413919416	22.344322344322347	17.142857142857142	31.0989010989011	0.0
55.0	32.685253118121786	17.02127659574468	20.029347028613355	30.264123257520176	0.0
56.0	27.853211009174313	19.63302752293578	19.816513761467892	32.69724770642202	0.0
57.0	29.831006612784716	19.250551065393093	19.324026451138867	31.594415870683324	0.0
58.0	27.923275544079672	18.590925857617115	19.402434526005162	34.083364072298046	0.0
59.0	27.31977818853974	19.77818853974122	23.031423290203325	29.87060998151571	0.0
60.0	28.48148148148148	17.666666666666668	19.48148148148148	34.37037037037037	0.0
61.0	28.71946706143597	18.43079200592154	21.872686898593635	30.97705403404885	0.0
62.0	29.335313776457483	21.017452655031562	21.760118826587448	27.887114741923508	0.0
63.0	34.313360625232605	17.41719389653889	19.240788983997025	29.028656494231488	0.0
64.0	31.64179104477612	19.06716417910448	20.111940298507463	29.17910447761194	0.0
65.0	30.350484712900823	19.57494407158837	20.693512304250557	29.381058911260254	0.0
66.0	29.381058911260254	16.070096942580165	21.10365398956003	33.44519015659955	0.0
67.0	27.8254382693025	17.269675494218575	22.26781051846326	32.637075718015666	0.0
68.0	25.841436050860132	20.0074794315632	18.810770381451007	35.340314136125656	0.0
69.0	27.123082678638234	19.60344182566405	21.69846614291059	31.57500935278713	0.0
70.0	27.854736053912394	20.703856233620364	19.356046424560088	32.08536128790715	0.0
71.0	28.37888431299139	19.76787719955073	19.468363908648445	32.38487457880944	0.0
72.0	27.378277153558052	18.651685393258425	18.91385767790262	35.056179775280896	0.0
73.0	29.43609022556391	18.195488721804512	20.225563909774436	32.142857142857146	0.0
74.0	30.452830188679247	16.22641509433962	22.867924528301884	30.452830188679247	0.0
75.0	30.018903591682424	19.092627599243855	20.226843100189036	30.66162570888469	0.0
76.0	29.480863963622582	21.03069344448655	17.809776430466083	31.678666161424786	0.0
77.0	30.716723549488055	19.302237390974593	19.226393629124004	30.754645430413348	0.0
78.0	29.74203338391502	20.789074355083457	17.450682852807283	32.01820940819423	0.0
79.0	28.191489361702125	20.212765957446805	20.934650455927052	30.661094224924014	0.0
80.0	28.91337386018237	18.5790273556231	21.428571428571427	31.0790273556231	0.0
81.0	26.867378048780488	18.0640243902439	18.40701219512195	36.66158536585366	0.0
82.0	30.443086325439268	19.25133689839572	21.73414820473644	28.57142857142857	0.0
83.0	29.166666666666668	18.23394495412844	21.674311926605505	30.925076452599388	0.0
84.0	28.35249042145594	19.157088122605366	19.96168582375479	32.52873563218391	0.0
85.0	32.75795934023782	16.762562332182583	21.59570387418489	28.883774453394707	0.0
86.0	31.08211818879509	18.457405986185726	22.02609363008442	28.434382194934766	0.0
87.0	32.77052954719878	17.38296239447429	19.838833461243286	30.007674597083657	0.0
88.0	34.485407066052225	18.27956989247312	18.010752688172044	29.22427035330261	0.0
89.0	30.038461538461537	18.115384615384617	18.346153846153847	33.5	0.0
90.0	30.230769230769234	17.423076923076923	19.423076923076923	32.92307692307692	0.0
91.0	29.4072363356428	20.63125481139338	17.47498075442648	32.486528098537335	0.0
92.0	29.391371340523882	18.066255778120187	18.335901386748844	34.20647149460709	0.0
93.0	32.290459636925455	17.65160293549633	19.080726149092314	30.9772112784859	0.0
94.0	30.819798917246715	17.324052590873936	19.218870843000772	32.63727764887857	0.0
95.0	32.41673121611154	18.164213787761422	18.590240123934933	30.8288148721921	0.0
96.0	30.027121270825262	17.31886865555986	19.41108097636575	33.24292909724913	0.0
97.0	30.06586594343278	18.171251452925222	20.18597442851608	31.576908175125922	0.0
98.0	31.976744186046513	20.813953488372093	18.333333333333332	28.875968992248062	0.0
99.0	32.919736331911594	18.99961225281117	17.758821248545946	30.32183016673129	0.0
100.0	34.18903150525088	14.391287436795022	19.525476468300273	31.894204589653828	0.0
101.0	31.915723761217325	18.33788529067499	19.118220834959033	30.628170113148656	0.0
102.0	31.597494126859825	15.81832419733751	20.24275646045419	32.34142521534847	0.0
103.0	27.86949685534591	18.238993710691823	20.007861635220124	33.88364779874214	0.0
104.0	28.003150846790074	17.132729421031904	21.85899960614415	33.00512012603387	0.0
105.0	28.837025316455694	18.63132911392405	18.235759493670887	34.29588607594937	0.0
106.0	29.662027833001986	18.727634194831015	20.47713717693837	31.13320079522863	0.0
107.0	30.422647527910684	19.657097288676237	19.976076555023923	29.944178628389157	0.0
108.0	34.13557962294425	18.57200160449258	15.96470116325712	31.327717609306056	0.0
109.0	28.646253021756646	19.379532634971795	21.232876712328768	30.741337630942787	0.0
110.0	28.351559335763465	18.59052247873633	19.927095990279465	33.13082219522074	0.0
111.0	29.237631792376316	18.085969180859692	19.261962692619626	33.41443633414436	0.0
112.0	26.661231145536078	19.69017529555646	22.58459029759478	31.064003261312678	0.0
113.0	29.8159509202454	18.48670756646217	20.040899795501023	31.656441717791413	0.0
114.0	30.586305863058634	18.45018450184502	18.61418614186142	32.349323493234934	0.0
115.0	29.835390946502056	18.68312757201646	19.1358024691358	32.34567901234568	0.0
116.0	28.978916907813147	18.561389003720546	18.809425382389417	33.65026870607689	0.0
117.0	31.244813278008298	18.381742738589214	18.630705394190873	31.742738589211616	0.0
118.0	27.803251354731138	16.38182576073364	21.759066277615673	34.05585660691955	0.0
119.0	22.348008385744233	22.18029350104822	26.876310272536685	28.59538784067086	0.0
120.0	26.787216148023553	21.909167367535744	21.867115222876365	29.43650126156434	0.0
121.0	31.22629582806574	18.83691529709229	17.78339654445849	32.15339233038348	0.0
122.0	29.9029945170814	16.87051876845213	22.479966258962463	30.746520455504005	0.0
123.0	33.51648351648351	19.611158072696533	17.920540997464073	28.951817413355872	0.0
124.0	29.98303647158609	20.18659881255301	20.144189991518235	29.686174724342663	0.0
125.0	29.544487015751386	18.731375053214133	19.582801191996595	32.14133673903789	0.0
126.0	31.42123287671233	18.15068493150685	19.69178082191781	30.73630136986301	0.0
127.0	28.82882882882883	19.13341913341913	22.136422136422137	29.901329901329905	0.0
128.0	30.348687042617307	18.295307791648728	18.854928971157985	32.50107619457598	0.0
129.0	30.22452504317789	20.207253886010363	17.70293609671848	31.865284974093267	0.0
130.0	28.78787878787879	21.125541125541126	17.61904761904762	32.467532467532465	0.0
131.0	29.365768896611645	19.287576020851432	19.93918331885317	31.407471763683752	0.0
132.0	29.78630614914959	19.45050152638465	21.107719145224596	29.65547317924117	0.0
133.0	29.540481400437635	21.444201312910284	19.25601750547046	29.75929978118162	0.0
134.0	25.460930640913084	20.54433713784021	20.719929762949956	33.274802458296755	0.0
135.0	26.772346983707617	17.084984588287096	19.903126376045797	36.23954205195949	0.0
136.0	24.856512141280355	20.1766004415011	20.0	34.966887417218544	0.0
137.0	29.424778761061948	16.858407079646017	19.690265486725664	34.02654867256637	0.0
138.0	30.87843833185448	18.101153504880212	19.964507542147295	31.05590062111801	0.0
139.0	28.450578806767584	17.809439002671414	20.7479964381122	32.9919857524488	0.0
140.0	30.062724014336915	16.666666666666664	21.63978494623656	31.630824372759857	0.0
141.0	30.02247191011236	18.337078651685392	20.49438202247191	31.14606741573034	0.0
142.0	30.685920577617328	16.877256317689532	19.855595667870034	32.581227436823106	0.0
143.0	33.89368468877783	19.400272603362108	17.037710131758292	29.668332576101776	0.0
144.0	29.903978052126202	18.106995884773664	17.23822588020119	34.75080018289895	0.0
145.0	28.74196510560147	18.2277318640955	18.824609733700644	34.205693296602384	0.0
146.0	29.62107208872458	20.147874306839185	19.085027726432532	31.146025878003698	0.0
147.0	29.19369786839666	18.443002780352177	17.979610750695088	34.38368860055607	0.0
148.0	27.31934731934732	22.33100233100233	19.067599067599065	31.28205128205128	0.0
149.0	31.80327868852459	19.71896955503513	17.611241217798597	30.866510538641684	0.0
150.0	29.209783631232362	19.47318908748824	18.7206020696143	32.5964252116651	0.0
151.0	27.96410014170997	20.40623523854511	20.59518186112423	31.03448275862069	0.0
152.0	29.938417811463765	19.848413074372335	17.85883467550924	32.35433443865466	0.0
153.0	30.90822634331907	18.78269139324774	19.400855920114125	30.90822634331907	0.0
154.0	31.21414913957935	17.351816443594647	19.21606118546845	32.217973231357554	0.0
155.0	30.631934394597206	20.164013506994692	17.75205016883743	31.45200192957067	0.0
156.0	30.478955007256893	14.610546686018383	19.93226898887276	34.97822931785196	0.0
157.0	29.995138551288285	17.695673310646573	21.92513368983957	30.384054448225573	0.0
158.0	28.857421875	21.533203125	16.796875	32.8125	0.0
159.0	34.87229862475442	14.68565815324165	19.646365422396855	30.795677799607073	0.0
160.0	25.8399209486166	19.861660079051383	22.381422924901187	31.91699604743083	0.0
161.0	27.89890981169475	17.34390485629336	22.794846382556987	31.962338949454903	0.0
162.0	30.104842735896153	18.572141787319023	19.321018472291563	32.00199700449326	0.0
163.0	29.467871485943775	16.716867469879517	17.92168674698795	35.893574297188756	0.0
164.0	30.408472012102873	14.573877962682804	21.986888552697934	33.03076147251639	0.0
165.0	31.018753167764824	18.14495691839838	21.946274708565635	28.890015205271162	0.0
166.0	27.00507614213198	20.812182741116754	20.86294416243655	31.31979695431472	0.0
167.0	26.744778400407537	19.15435557819664	23.025980641874682	31.074885379521138	0.0
168.0	28.513030148185997	17.424629535002556	19.775166070516097	34.28717424629535	0.0
169.0	26.670092497430627	18.13977389516958	19.938335046248714	35.25179856115108	0.0
170.0	28.586171310629517	18.059855521155832	18.008255933952526	35.345717234262125	0.0
171.0	29.83912817851583	19.148936170212767	17.384535547483136	33.627400103788275	0.0
172.0	31.014644351464437	20.763598326359833	15.690376569037657	32.53138075313807	0.0
173.0	28.886554621848738	18.80252100840336	19.485294117647058	32.825630252100844	0.0
174.0	30.07399577167019	18.76321353065539	17.81183932346723	33.35095137420719	0.0
175.0	27.403846153846157	18.963675213675213	21.42094017094017	32.21153846153847	0.0
176.0	29.33906501880709	20.150456743686192	17.732401934443846	32.77807630306287	0.0
177.0	27.930848190167477	23.500810372771475	19.016747703943814	29.551593733117233	0.0
178.0	28.749999999999996	20.16304347826087	19.51086956521739	31.57608695652174	0.0
179.0	26.38812534359538	19.406267179769106	24.95876855415063	29.24683892248488	0.0
180.0	29.47368421052631	16.23268698060942	22.71468144044321	31.57894736842105	0.0
181.0	28.523676880222844	19.38718662952646	20.61281337047354	31.47632311977716	0.0
182.0	32.32662192393736	18.008948545861298	19.630872483221477	30.033557046979865	0.0
183.0	28.475336322869953	22.869955156950674	20.739910313901344	27.914798206278025	0.0
184.0	28.53107344632768	20.16949152542373	19.6045197740113	31.694915254237287	0.0
185.0	28.9937464468448	21.3757816941444	21.83058555997726	27.799886299033545	0.0
186.0	29.731275014293885	17.953116066323613	20.983419096626644	31.33218982275586	0.0
187.0	31.912442396313363	21.370967741935484	17.223502304147466	29.493087557603687	0.0
188.0	29.06774753908512	20.03474232773596	20.903300521134916	29.99420961204401	0.0
189.0	30.180969060128433	19.38120256859311	19.439579684763572	30.998248686514884	0.0
190.0	30.046948356807512	18.251173708920188	19.248826291079812	32.45305164319249	0.0
191.0	27.541371158392437	19.680851063829788	20.62647754137116	32.15130023640662	0.0
192.0	31.30227001194743	19.892473118279568	19.71326164874552	29.091995221027478	0.0
193.0	30.59250302297461	18.621523579201934	20.67714631197098	30.10882708585248	0.0
194.0	27.8419452887538	21.762917933130698	22.796352583586625	27.598784194528875	0.0
195.0	27.97288971041282	19.47011706715958	20.08626001232286	32.47073321010475	0.0
196.0	28.357276702061213	18.67582760774516	20.737039350405997	32.22985633978763	0.0
197.0	29.835651074589126	19.40581542351454	20.733249051833123	30.02528445006321	0.0
198.0	30.848995463383023	22.942320155541154	18.600129617627996	27.608554763447827	0.0
199.0	28.640109890109887	23.214285714285715	18.612637362637365	29.532967032967033	0.0
200.0	28.246753246753247	15.746753246753247	20.29220779220779	35.714285714285715	0.0
201.0	32.87086446104589	17.502668089647813	16.755602988260407	32.87086446104589	0.0
202.0	36.587982832618025	18.776824034334762	17.27467811158798	27.360515021459225	0.0
203.0	33.87270765911543	18.230852211434737	18.878101402373247	29.018338727076593	0.0
204.0	33.69565217391305	17.608695652173914	24.02173913043478	24.67391304347826	0.0
205.0	34.53551912568306	16.830601092896174	25.245901639344265	23.387978142076502	0.0
206.0	32.38199780461032	18.111964873765093	19.319429198682766	30.18660812294182	0.0
207.0	28.871681415929203	22.566371681415927	17.146017699115042	31.41592920353982	0.0
208.0	28.22222222222222	18.88888888888889	21.22222222222222	31.666666666666664	0.0
209.0	24.52407614781635	20.38073908174692	20.156774916013436	34.93840985442329	0.0
210.0	25.366403607666292	17.13641488162345	19.95490417136415	37.54227733934611	0.0
211.0	30.37542662116041	17.861205915813425	20.36405005688282	31.399317406143346	0.0
212.0	26.74285714285714	17.71428571428571	23.314285714285717	32.22857142857143	0.0
213.0	26.927502876869962	19.447640966628306	18.642117376294593	34.982738780207136	0.0
214.0	28.35648148148148	24.421296296296298	18.51851851851852	28.703703703703702	0.0
215.0	28.588098016336055	22.520420070011667	17.736289381563594	31.155192532088684	0.0
216.0	31.005917159763314	17.633136094674555	17.159763313609467	34.201183431952664	0.0
217.0	24.639423076923077	17.78846153846154	26.08173076923077	31.490384615384613	0.0
218.0	24.846248462484624	19.557195571955717	19.803198031980322	35.79335793357934	0.0
219.0	18.438761776581426	22.611036339165544	25.033647375504707	33.91655450874832	0.0
220.0	0.0	28.778467908902694	26.501035196687372	44.72049689440994	0.0
