# Position (bp)	A	C	G	T	N
0.0	35.66009104704097	18.057663125948405	22.003034901365705	24.279210925644918	0.0
1.0	22.15477996965099	34.44613050075873	25.341426403641883	18.057663125948405	0.0
2.0	30.059523809523807	27.67857142857143	17.708333333333336	24.553571428571427	0.0
3.0	36.37702503681885	16.200294550810014	21.06038291605302	26.362297496318117	0.0
4.0	36.61764705882353	19.11764705882353	15.88235294117647	28.38235294117647	0.0
5.0	29.515418502202646	26.87224669603524	16.152716593245227	27.45961820851689	0.0
6.0	28.928046989721	26.87224669603524	15.418502202643172	28.781204111600587	0.0
7.0	38.032305433186494	18.502202643171806	18.355359765051396	25.11013215859031	0.0
8.0	37.15124816446402	16.299559471365637	20.26431718061674	26.284875183553595	0.0
9.0	27.165932452276063	25.25697503671072	19.08957415565345	28.487518355359764	0.0
10.0	25.65982404692082	13.78299120234604	19.35483870967742	41.20234604105572	0.0
11.0	24.308588064046578	18.777292576419214	20.52401746724891	36.3901018922853	0.0
12.0	26.705370101596515	17.271407837445572	19.448476052249635	36.574746008708274	0.0
13.0	26.19392185238784	25.759768451519538	20.11577424023155	27.930535455861072	0.0
14.0	23.08802308802309	19.19191919191919	29.58152958152958	28.13852813852814	0.0
15.0	30.229226361031518	18.48137535816619	21.346704871060172	29.942693409742123	0.0
16.0	20.600858369098713	18.31187410586552	22.603719599427755	38.483547925608015	0.0
17.0	29.0414878397711	25.321888412017167	19.45636623748212	26.180257510729614	0.0
18.0	26.03719599427754	21.030042918454935	18.741058655221746	34.19170243204578	0.0
19.0	27.181688125894134	31.04434907010014	18.31187410586552	23.462088698140203	0.0
20.0	23.470839260312946	21.62162162162162	21.19487908961593	33.712660028449505	0.0
21.0	23.829787234042556	20.99290780141844	20.70921985815603	34.46808510638298	0.0
22.0	28.22695035460993	16.02836879432624	27.659574468085108	28.085106382978726	0.0
23.0	28.47025495750708	16.71388101983003	15.439093484419264	39.376770538243626	0.0
24.0	37.1994342291372	15.983026874115982	16.973125884016973	29.84441301272984	0.0
25.0	26.412429378531073	19.491525423728813	25.423728813559322	28.67231638418079	0.0
26.0	39.12429378531073	15.96045197740113	16.807909604519775	28.10734463276836	0.0
27.0	23.870056497175142	20.903954802259886	13.841807909604519	41.38418079096045	0.0
28.0	25.847457627118644	26.27118644067797	13.559322033898304	34.32203389830508	0.0
29.0	31.779661016949152	15.677966101694915	13.700564971751412	38.84180790960452	0.0
30.0	28.34978843441467	17.066290550070523	24.823695345557123	29.760225669957684	0.0
31.0	29.760225669957684	15.091678420310295	17.48942172073343	37.65867418899859	0.0
32.0	26.056338028169012	14.929577464788732	19.718309859154928	39.29577464788732	0.0
33.0	29.295774647887324	27.323943661971832	14.366197183098592	29.014084507042252	0.0
34.0	31.136044880785413	15.147265077138849	19.214586255259466	34.50210378681627	0.0
35.0	29.73352033660589	25.94670406732118	15.147265077138849	29.172510518934082	0.0
36.0	28.370786516853936	15.02808988764045	17.275280898876407	39.325842696629216	0.0
37.0	33.28651685393258	19.101123595505616	18.53932584269663	29.07303370786517	0.0
38.0	33.42696629213483	18.258426966292134	16.853932584269664	31.46067415730337	0.0
39.0	34.55056179775281	17.5561797752809	12.921348314606742	34.97191011235955	0.0
40.0	27.489481065918653	23.842917251051894	18.2328190743338	30.434782608695656	0.0
41.0	22.861150070126225	15.287517531556801	29.873772791023846	31.977559607293127	0.0
42.0	37.11484593837535	14.84593837535014	17.92717086834734	30.11204481792717	0.0
43.0	37.39495798319328	16.246498599439775	18.76750700280112	27.591036414565828	0.0
44.0	32.773109243697476	24.92997198879552	15.826330532212884	26.47058823529412	0.0
45.0	35.854765506807865	15.279878971255673	16.64145234493192	32.22390317700454	0.0
46.0	34.09436834094368	17.04718417047184	19.025875190258752	29.832572298325722	0.0
47.0	32.42009132420091	16.590563165905632	18.87366818873668	32.115677321156774	0.0
48.0	28.9193302891933	17.80821917808219	17.80821917808219	35.46423135464231	0.0
49.0	25.72298325722983	21.15677321156773	18.56925418569254	34.55098934550989	0.0
50.0	24.50532724505327	23.43987823439878	17.65601217656012	34.39878234398782	0.0
51.0	26.564885496183205	18.015267175572518	17.404580152671755	38.01526717557252	0.0
52.0	28.287461773700308	17.431192660550458	21.253822629969417	33.02752293577982	0.0
53.0	29.66360856269113	16.666666666666664	23.547400611620795	30.122324159021407	0.0
54.0	28.987730061349694	24.69325153374233	16.104294478527606	30.214723926380366	0.0
55.0	34.19847328244275	16.6412213740458	16.946564885496183	32.213740458015266	0.0
56.0	26.259541984732827	20.458015267175572	19.69465648854962	33.587786259541986	0.0
57.0	28.854961832061072	19.083969465648856	22.595419847328245	29.465648854961835	0.0
58.0	29.312977099236644	18.16793893129771	16.030534351145036	36.48854961832061	0.0
59.0	26.717557251908396	18.931297709923665	21.984732824427482	32.36641221374046	0.0
60.0	25.0	19.753086419753085	20.679012345679013	34.5679012345679	0.0
61.0	28.549382716049383	16.97530864197531	22.067901234567902	32.407407407407405	0.0
62.0	27.314814814814813	18.51851851851852	23.30246913580247	30.864197530864196	0.0
63.0	34.36055469953775	16.33281972265023	19.876733436055467	29.429892141756547	0.0
64.0	30.970724191063177	16.33281972265023	23.42064714946071	29.275808936825886	0.0
65.0	29.275808936825886	20.647149460708782	22.033898305084744	28.043143297380585	0.0
66.0	30.508474576271187	13.097072419106318	22.95839753466872	33.43605546995377	0.0
67.0	27.426810477657938	15.408320493066254	19.876733436055467	37.28813559322034	0.0
68.0	25.885978428351308	19.72265023112481	20.184899845916796	34.20647149460709	0.0
69.0	26.040061633281976	22.033898305084744	20.955315870570107	30.970724191063177	0.0
70.0	28.35130970724191	22.18798151001541	18.64406779661017	30.81664098613251	0.0
71.0	27.73497688751926	20.49306625577812	20.184899845916796	31.587057010785824	0.0
72.0	28.153846153846153	16.153846153846153	21.53846153846154	34.15384615384615	0.0
73.0	30.615384615384617	16.46153846153846	22.30769230769231	30.615384615384617	0.0
74.0	33.69230769230769	16.307692307692307	21.69230769230769	28.307692307692307	0.0
75.0	28.76923076923077	18.923076923076923	22.30769230769231	30.0	0.0
76.0	29.076923076923077	19.692307692307693	18.615384615384613	32.61538461538461	0.0
77.0	31.846153846153847	20.0	17.23076923076923	30.923076923076927	0.0
78.0	27.384615384615387	21.846153846153847	18.461538461538463	32.30769230769231	0.0
79.0	30.461538461538463	20.153846153846153	18.153846153846153	31.23076923076923	0.0
80.0	29.230769230769234	17.23076923076923	21.23076923076923	32.30769230769231	0.0
81.0	24.76923076923077	17.384615384615383	20.307692307692307	37.53846153846154	0.0
82.0	32.92307692307692	14.76923076923077	24.461538461538463	27.846153846153847	0.0
83.0	26.810477657935284	21.571648690292758	22.80431432973806	28.8135593220339	0.0
84.0	28.76923076923077	18.615384615384613	21.384615384615387	31.23076923076923	0.0
85.0	33.23076923076923	18.76923076923077	20.46153846153846	27.53846153846154	0.0
86.0	34.61538461538461	15.692307692307692	22.30769230769231	27.384615384615387	0.0
87.0	32.30769230769231	18.923076923076923	22.153846153846153	26.615384615384613	0.0
88.0	31.384615384615383	18.307692307692307	20.76923076923077	29.53846153846154	0.0
89.0	28.153846153846153	17.692307692307693	21.076923076923077	33.07692307692307	0.0
90.0	27.53846153846154	17.692307692307693	21.69230769230769	33.07692307692307	0.0
91.0	31.692307692307693	16.76923076923077	17.692307692307693	33.84615384615385	0.0
92.0	29.53846153846154	18.461538461538463	17.53846153846154	34.46153846153846	0.0
93.0	32.0	16.307692307692307	20.153846153846153	31.538461538461537	0.0
94.0	29.846153846153843	18.461538461538463	20.76923076923077	30.923076923076927	0.0
95.0	34.10138248847927	16.43625192012289	18.586789554531492	30.87557603686636	0.0
96.0	31.490015360983104	18.125960061443934	17.81874039938556	32.565284178187405	0.0
97.0	26.461538461538463	19.384615384615383	20.923076923076923	33.23076923076923	0.0
98.0	29.53846153846154	21.53846153846154	16.615384615384617	32.30769230769231	0.0
99.0	32.5115562403698	19.876733436055467	17.719568567026194	29.892141756548536	0.0
100.0	32.76923076923077	15.538461538461537	17.53846153846154	34.15384615384615	0.0
101.0	32.15384615384615	18.153846153846153	19.230769230769234	30.461538461538463	0.0
102.0	31.007751937984494	15.813953488372093	20.155038759689923	33.02325581395349	0.0
103.0	27.570093457943923	16.822429906542055	20.71651090342679	34.890965732087224	0.0
104.0	24.922118380062305	18.847352024922117	23.83177570093458	32.398753894081	0.0
105.0	29.6411856474259	19.34477379095164	17.31669266770671	33.697347893915754	0.0
106.0	33.697347893915754	17.004680187207487	18.252730109204368	31.045241809672387	0.0
107.0	31.25	17.8125	21.875	29.062500000000004	0.0
108.0	38.28125	15.156249999999998	15.312500000000002	31.25	0.0
109.0	26.959247648902824	21.473354231974923	20.219435736677116	31.347962382445143	0.0
110.0	27.27272727272727	20.06269592476489	21.786833855799372	30.877742946708466	0.0
111.0	27.27272727272727	18.338557993730408	20.846394984326018	33.5423197492163	0.0
112.0	27.9874213836478	16.9811320754717	22.169811320754718	32.861635220125784	0.0
113.0	29.08805031446541	19.654088050314467	20.754716981132077	30.50314465408805	0.0
114.0	28.30188679245283	16.82389937106918	21.069182389937108	33.80503144654088	0.0
115.0	28.86435331230284	17.034700315457414	20.189274447949526	33.91167192429022	0.0
116.0	28.706624605678233	17.19242902208202	20.66246056782334	33.4384858044164	0.0
117.0	32.33438485804416	19.400630914826497	17.350157728706623	30.914826498422716	0.0
118.0	27.444794952681388	14.511041009463725	22.555205047318612	35.488958990536275	0.0
119.0	21.011058451816748	20.063191153238545	30.01579778830964	28.90995260663507	0.0
120.0	28.68462757527734	23.93026941362916	21.236133122028527	26.148969889064976	0.0
121.0	31.001589825119236	20.349761526232115	16.85214626391097	31.79650238473768	0.0
122.0	32.11446740858506	16.85214626391097	19.71383147853736	31.319554848966614	0.0
123.0	32.1656050955414	16.24203821656051	16.560509554140125	35.03184713375796	0.0
124.0	28.343949044585987	18.312101910828023	19.426751592356688	33.917197452229296	0.0
125.0	28.980891719745223	19.904458598726116	17.197452229299362	33.917197452229296	0.0
126.0	32.48407643312102	18.471337579617835	17.197452229299362	31.84713375796178	0.0
127.0	26.31578947368421	20.095693779904305	22.00956937799043	31.57894736842105	0.0
128.0	32.695374800637964	15.47049441786284	19.936204146730464	31.89792663476874	0.0
129.0	28.434504792332266	18.69009584664537	17.57188498402556	35.3035143769968	0.0
130.0	31.41025641025641	18.75	17.467948717948715	32.371794871794876	0.0
131.0	31.73076923076923	22.115384615384613	18.75	27.403846153846157	0.0
132.0	30.497592295345104	18.138041733547354	22.632423756019264	28.731942215088285	0.0
133.0	26.64526484751204	22.632423756019264	21.02728731942215	29.69502407704655	0.0
134.0	22.829581993569132	21.061093247588424	22.347266881028936	33.762057877813504	0.0
135.0	23.47266881028939	16.39871382636656	23.79421221864952	36.33440514469453	0.0
136.0	23.79421221864952	18.167202572347264	23.15112540192926	34.88745980707396	0.0
137.0	30.75684380032206	15.297906602254429	20.77294685990338	33.17230273752013	0.0
138.0	26.89210950080515	19.32367149758454	21.09500805152979	32.689210950080515	0.0
139.0	27.858293075684383	19.32367149758454	21.900161030595815	30.917874396135264	0.0
140.0	29.43089430894309	15.121951219512194	25.203252032520325	30.24390243902439	0.0
141.0	33.65853658536586	14.796747967479677	18.69918699186992	32.84552845528455	0.0
142.0	33.49673202614379	14.869281045751634	19.934640522875817	31.699346405228756	0.0
143.0	33.77483443708609	19.867549668874172	18.046357615894042	28.311258278145697	0.0
144.0	31.94675540765391	17.304492512479204	16.139767054908486	34.60898502495841	0.0
145.0	28.000000000000004	18.0	21.0	33.0	0.0
146.0	29.382303839732888	18.530884808013358	18.530884808013358	33.5559265442404	0.0
147.0	27.09030100334448	18.729096989966553	20.5685618729097	33.61204013377927	0.0
148.0	27.09030100334448	20.066889632107024	20.066889632107024	32.77591973244147	0.0
149.0	31.93979933110368	20.903010033444815	17.558528428093645	29.59866220735786	0.0
150.0	28.8107202680067	21.440536013400337	17.08542713567839	32.663316582914575	0.0
151.0	29.747899159663866	17.983193277310924	23.19327731092437	29.075630252100844	0.0
152.0	25.126475548060707	23.608768971332207	17.537942664418214	33.726812816188875	0.0
153.0	33.05227655986509	15.851602023608768	18.718381112984822	32.377740303541316	0.0
154.0	31.756756756756754	16.216216216216218	19.763513513513516	32.263513513513516	0.0
155.0	31.41891891891892	19.594594594594593	15.70945945945946	33.27702702702703	0.0
156.0	33.67174280879864	12.859560067681894	18.104906937394247	35.36379018612521	0.0
157.0	31.3458262350937	17.88756388415673	21.80579216354344	28.960817717206133	0.0
158.0	27.00854700854701	21.88034188034188	16.23931623931624	34.87179487179487	0.0
159.0	35.738831615120276	11.683848797250858	20.274914089347078	32.302405498281786	0.0
160.0	28.1786941580756	17.697594501718214	23.53951890034364	30.584192439862544	0.0
161.0	28.915662650602407	18.76075731497418	22.89156626506024	29.43201376936317	0.0
162.0	30.05181347150259	18.48013816925734	21.761658031088082	29.70639032815199	0.0
163.0	27.508650519031143	17.647058823529413	17.1280276816609	37.71626297577855	0.0
164.0	29.809358752166375	14.384748700173311	23.050259965337954	32.755632582322356	0.0
165.0	31.88908145580589	17.504332755632582	22.357019064124785	28.249566724436743	0.0
166.0	26.689774696707108	20.623916811091856	20.97053726169844	31.715771230502597	0.0
167.0	26.90972222222222	22.04861111111111	20.13888888888889	30.90277777777778	0.0
168.0	28.819444444444443	19.270833333333336	17.36111111111111	34.54861111111111	0.0
169.0	23.859649122807017	18.421052631578945	22.45614035087719	35.26315789473684	0.0
170.0	30.755711775043938	14.586994727592268	18.98066783831283	35.67662565905096	0.0
171.0	30.511463844797177	19.929453262786595	17.10758377425044	32.451499118165785	0.0
172.0	32.50883392226148	18.551236749116608	16.25441696113074	32.685512367491164	0.0
173.0	30.427046263345197	18.683274021352315	19.750889679715304	31.13879003558719	0.0
174.0	30.124777183600713	19.25133689839572	18.538324420677363	32.0855614973262	0.0
175.0	27.629233511586452	18.36007130124777	23.707664884135475	30.303030303030305	0.0
176.0	29.695885509838998	18.962432915921287	19.499105545617173	31.84257602862254	0.0
177.0	27.109515260323157	24.416517055655294	19.210053859964095	29.263913824057454	0.0
178.0	27.436823104693143	21.119133574007222	22.021660649819495	29.422382671480147	0.0
179.0	25.09090909090909	18.72727272727273	24.545454545454547	31.636363636363633	0.0
180.0	28.59744990892532	16.39344262295082	22.950819672131146	32.05828779599271	0.0
181.0	26.55677655677656	19.047619047619047	21.245421245421245	33.150183150183146	0.0
182.0	34.06998158379374	16.574585635359114	21.54696132596685	27.808471454880294	0.0
183.0	29.684601113172544	22.263450834879407	22.07792207792208	25.97402597402597	0.0
184.0	27.611940298507463	21.828358208955223	17.91044776119403	32.649253731343286	0.0
185.0	25.328330206378986	21.013133208255162	24.390243902439025	29.268292682926827	0.0
186.0	29.37853107344633	15.44256120527307	23.35216572504708	31.826741996233523	0.0
187.0	31.132075471698112	20.754716981132077	17.92452830188679	30.18867924528302	0.0
188.0	33.01526717557252	16.603053435114504	20.610687022900763	29.770992366412212	0.0
189.0	30.07662835249042	19.34865900383142	22.413793103448278	28.160919540229884	0.0
190.0	32.758620689655174	14.17624521072797	19.731800766283524	33.33333333333333	0.0
191.0	27.220077220077222	17.56756756756757	22.586872586872587	32.625482625482626	0.0
192.0	31.976744186046513	20.54263565891473	18.217054263565892	29.26356589147287	0.0
193.0	28.460038986354775	18.51851851851852	19.68810916179337	33.33333333333333	0.0
194.0	28.180039138943247	23.483365949119374	20.939334637964773	27.397260273972602	0.0
195.0	27.111984282907663	17.4852652259332	19.44990176817289	35.952848722986246	0.0
196.0	27.634194831013914	21.868787276341948	21.272365805168985	29.22465208747515	0.0
197.0	27.82258064516129	21.975806451612904	20.161290322580644	30.040322580645164	0.0
198.0	25.624999999999996	24.583333333333332	19.791666666666664	30.0	0.0
199.0	25.770925110132158	25.11013215859031	21.365638766519822	27.75330396475771	0.0
200.0	27.105263157894736	16.57894736842105	18.684210526315788	37.631578947368425	0.0
201.0	35.27272727272727	22.181818181818183	15.636363636363637	26.90909090909091	0.0
202.0	43.223443223443226	19.413919413919416	14.285714285714285	23.076923076923077	0.0
203.0	35.8974358974359	19.047619047619047	19.413919413919416	25.64102564102564	0.0
204.0	31.970260223048324	18.95910780669145	26.394052044609666	22.676579925650557	0.0
205.0	33.95522388059701	16.791044776119403	26.865671641791046	22.388059701492537	0.0
206.0	31.954887218045116	20.676691729323306	21.428571428571427	25.93984962406015	0.0
207.0	21.052631578947366	27.819548872180448	19.172932330827066	31.954887218045116	0.0
208.0	23.484848484848484	18.560606060606062	23.484848484848484	34.46969696969697	0.0
209.0	19.318181818181817	21.21212121212121	22.727272727272727	36.74242424242424	0.0
210.0	25.475285171102662	19.39163498098859	15.96958174904943	39.163498098859314	0.0
211.0	31.538461538461537	20.0	18.846153846153847	29.615384615384617	0.0
212.0	27.027027027027028	15.057915057915059	24.71042471042471	33.204633204633204	0.0
213.0	23.62204724409449	21.25984251968504	16.92913385826772	38.188976377952756	0.0
214.0	27.380952380952383	24.6031746031746	17.46031746031746	30.555555555555557	0.0
215.0	30.0	23.200000000000003	14.799999999999999	32.0	0.0
216.0	31.72690763052209	20.080321285140563	16.867469879518072	31.32530120481928	0.0
217.0	29.838709677419356	15.725806451612904	24.596774193548388	29.838709677419356	0.0
218.0	27.800829875518673	17.842323651452283	18.25726141078838	36.09958506224066	0.0
219.0	18.181818181818183	25.454545454545453	25.0	31.363636363636367	0.0
220.0	0.0	26.53061224489796	31.292517006802722	42.17687074829932	0.0
