# Position (bp)	A	C	G	T	N
0.0	26.13726901319492	23.856940119450112	24.001287521953692	26.004503345401268	0.0
1.0	26.098923150947385	19.856803890728973	15.824284673076297	38.21998828524735	0.0
2.0	28.345152254843846	19.024213788525195	18.709213255383865	33.921420701247094	0.0
3.0	23.091477088141723	22.06830673192813	15.232131144083194	39.608085035846955	0.0
4.0	34.00489351442569	13.408979130182225	14.769383934569447	37.81674342082264	0.0
5.0	35.14840392898415	14.955954626635219	22.90564567694497	26.98999576743566	0.0
6.0	30.922134235825826	17.423587166987662	20.736247294556794	30.918031302629718	0.0
7.0	34.640102275351516	17.186900640825446	20.03030210997351	28.14269497384953	0.0
8.0	22.201109052640746	27.308504475119665	22.388193637817583	28.102192834422006	0.0
9.0	28.09402135015154	18.33339541216428	15.527332927242274	38.04525031044191	0.0
10.0	26.05932176680555	16.248005120644	25.50575814584094	32.18691496670951	0.0
11.0	28.18391913783391	17.772703231289107	19.474927697263126	34.568449933613856	0.0
12.0	26.338985945161664	19.125089608404824	21.674833375642443	32.86109107079107	0.0
13.0	26.066335719643597	20.747902833831777	18.988753034938537	34.19700841158609	0.0
14.0	30.834700500202565	17.875242179070113	20.80778502922194	30.48227229150538	0.0
15.0	29.862408479089652	18.207808982100094	19.973858126758863	31.955924412051388	0.0
16.0	29.869961085168526	17.869145082812203	18.615592406823016	33.64530142519625	0.0
17.0	30.408786236607448	17.769528615380384	19.611424720630936	32.21026042738123	0.0
18.0	30.605153994658163	17.51251079455364	18.978117498608956	32.90421771217923	0.0
19.0	30.070832901169165	17.997264329179018	19.513630505652134	32.41827226399968	0.0
20.0	29.795065363278635	17.66015908607736	20.034233132560843	32.51054241808316	0.0
21.0	28.924601726097123	18.353119289344463	19.65445967636109	33.06781930819733	0.0
22.0	29.874373457460436	18.80824689572418	22.426518242867285	28.890861403948097	0.0
23.0	29.785759268990248	20.260811314927054	21.287163492146263	28.666265923936436	0.0
24.0	31.982822691971148	19.54317620894703	18.393988171404047	30.080012927677778	0.0
25.0	29.14181651063869	21.08559257300327	19.28849637239964	30.484094543958403	0.0
26.0	32.669880631003615	16.50777351121115	21.492436219731555	29.329909638053675	0.0
27.0	26.404472426397906	20.99100735605495	25.1671057072603	27.437414510286846	0.0
28.0	26.36534557184058	19.45365662460396	18.389678945477407	35.79131885807805	0.0
29.0	28.01976742786774	19.62374498092652	17.31811427815022	35.03837331305552	0.0
30.0	26.355839020793738	19.28793764805505	16.56584259184966	37.790380739301554	0.0
31.0	34.161934820486636	14.167617988805748	17.628004036500823	34.042443154206794	0.0
32.0	34.59805020417105	15.560105568543634	22.27565815171595	27.566186075569366	0.0
33.0	30.87867330414273	17.93737701365976	20.782104022634325	30.401845659563186	0.0
34.0	33.438446354538264	16.25472270548956	21.289504649819442	29.017326290152738	0.0
35.0	25.66656173557756	20.57658549466445	25.603879501820142	28.152973267937853	0.0
