# Position (bp)	A	C	G	T	N
0.0	26.366796226221258	24.740509905313083	23.588514288649556	25.304179579816104	0.0
1.0	25.959282913548957	20.65236374843758	15.026967792750373	38.36138554526309	0.0
2.0	27.55085285001745	19.80336213797492	18.886197718891328	33.759587293116304	0.0
3.0	23.469590135344927	22.91562656015976	15.969880795245489	37.644902509249825	0.0
4.0	32.89133645089835	14.616662564607433	15.210435638690623	37.28156534580359	0.0
5.0	34.052201369619596	16.125835508959938	23.248335816509247	26.57362730491122	0.0
6.0	32.14806766503688	18.06120740611664	20.74197835839509	29.048746570451385	0.0
7.0	33.63172010864923	17.831115362932845	20.344739224763824	28.1924253036541	0.0
8.0	23.21565840675916	26.033570323096423	22.210530271712578	28.540240998431837	0.0
9.0	29.307947483678333	18.98028417301825	15.943138065450668	35.76863027785275	0.0
10.0	27.00850613193045	17.11952994226762	24.269121716257303	31.60284220954463	0.0
11.0	27.837178637553034	18.651490411220955	20.282300213843097	33.229030737382914	0.0
12.0	26.226237852055544	20.308117986643666	21.244769338502792	32.220874822797995	0.0
13.0	27.089951427458857	21.089432227300364	18.47976827277137	33.340848072469406	0.0
14.0	30.156707904390416	18.46782842738768	20.458100787638248	30.91736288058366	0.0
15.0	29.595489040225686	18.91269749110308	19.044870525071893	32.446942943599346	0.0
16.0	29.349073226700906	17.47244266571963	18.92031252134242	34.25817158623704	0.0
17.0	30.15568453397064	18.119494708091498	20.37589621031069	31.348924547627178	0.0
18.0	31.195494496117416	17.521631538527178	18.768836931478795	32.514037033876605	0.0
19.0	29.928985076969806	18.219542242105945	19.880424656272076	31.971048024652177	0.0
20.0	29.972122605939216	18.073559468930526	19.83218968911758	32.122128236012685	0.0
21.0	29.819964586553127	18.112033407367225	19.840400670057896	32.227601336021756	0.0
22.0	28.83050691338567	18.55202693712964	19.8576043830831	32.75986176640159	0.0
23.0	29.551548396340337	17.786942846811442	20.46516705214538	32.19634170470284	0.0
24.0	30.534588084412594	18.752025213265615	18.70938914451581	32.00399755780598	0.0
25.0	29.358536643598498	17.72099226096477	19.448546841798294	33.471924253638434	0.0
26.0	30.632965788674895	17.92010422670673	20.46881554669568	30.978114437922695	0.0
27.0	29.27155344408331	18.46609802430315	19.546882300580123	32.71546623103341	0.0
28.0	29.616809107092916	17.603385830531135	20.21574097441529	32.56406408796066	0.0
29.0	29.36193431777103	18.19936568563926	20.031715718037034	32.40698427855267	0.0
30.0	29.744763281926755	18.123716825024385	19.456513583749974	32.67500630929888	0.0
31.0	29.474118614066025	18.249813269304884	19.86712277841632	32.408945338212774	0.0
32.0	29.83860515563074	18.41135903190379	19.794402341112026	31.95563347135344	0.0
33.0	30.452844732614576	18.125044766039885	19.893857587715857	31.528252913629686	0.0
34.0	29.593500371777644	17.900922963579436	20.116581282871625	32.388995381771295	0.0
35.0	29.961081530952292	18.255524819477653	20.07012828427878	31.713265365291278	0.0
36.0	30.101783253516707	17.92974772488505	19.5069788383611	32.461490183237146	0.0
37.0	28.830955312769678	19.235531481626765	19.27578102881936	32.6577321767842	0.0
38.0	30.002694709841148	18.23568136932192	20.075929419068313	31.68569450176862	0.0
39.0	28.822682648946984	18.803512099277523	20.119184876414767	32.25462037536072	0.0
40.0	30.19273409517312	18.381374722838135	19.913354937745183	31.51253624424356	0.0
41.0	29.76721655955354	17.784873169866415	21.053188150695213	31.39472211988484	0.0
42.0	29.94275694558157	18.804241034878007	19.97673434856176	31.27626767097866	0.0
43.0	29.507346644969584	18.479362187720678	20.069799097319592	31.943492069990143	0.0
44.0	28.970585225062944	18.739551989301237	20.868387475351224	31.421475310284595	0.0
45.0	29.090443860666642	19.4111425744601	19.730817781720173	31.76759578315308	0.0
46.0	29.872744021016	18.1123127835966	19.571491931356828	32.44345126403057	0.0
47.0	29.858516797505363	18.32935870273516	20.29552146129938	31.516603038460094	0.0
48.0	30.401629444637777	18.58099117725328	19.644087804412056	31.37329157369689	0.0
49.0	29.396552018260042	18.65854199434321	19.674922125288724	32.26998386210803	0.0
50.0	29.6937852914584	18.54142854705812	20.074719800747197	31.69006636073628	0.0
51.0	30.085023337063628	18.843655321123453	19.513742937467587	31.557578404345332	0.0
52.0	29.38553242596807	18.561294923281118	19.519044093311454	32.53412855743936	0.0
53.0	30.879412587603472	18.284302686620126	19.814932339754744	31.02135238602166	0.0
54.0	30.106011648656857	18.450871943251183	20.171215466031576	31.271900942060388	0.0
55.0	29.32959368900899	18.277170426783496	19.232895221717232	33.16034066249027	0.0
56.0	29.118186967291983	18.681033717986338	20.715986870389454	31.48479244433223	0.0
57.0	28.598628314054665	18.365919404920326	19.743406012215512	33.2920462688095	0.0
58.0	29.82177771863196	17.91231177126946	19.437250265303128	32.82866024479546	0.0
59.0	29.735069508424957	17.710146114421036	20.933398849374527	31.621385527779484	0.0
60.0	29.641876098343317	18.495163024005734	19.965876712562487	31.89708416508846	0.0
61.0	30.12267321833785	17.70964494719421	19.696985207554896	32.47069662691304	0.0
62.0	28.740048660472066	18.264738902102366	20.31898884494508	32.67622359248049	0.0
63.0	29.134135022248913	18.29768502088395	20.075892004040295	32.49228795282684	0.0
64.0	28.448678880862115	18.633529775087272	20.15069255102424	32.76709879302637	0.0
65.0	29.887289243169278	18.03849841836404	20.753384223223943	31.320828115242737	0.0
66.0	29.976453726453727	18.39987714987715	20.53985803985804	31.083811083811085	0.0
67.0	29.274560122305793	17.8991659727815	19.549475149810945	33.27679875510176	0.0
68.0	29.58424194027253	18.282366029532714	20.371906044070425	31.76148598612433	0.0
69.0	29.60566504564457	18.039075164235133	20.122515143759063	32.23274464636123	0.0
70.0	28.524284700229334	18.068485857813695	20.012012667904337	33.39521677405264	0.0
71.0	29.20117808060228	17.84798937952829	21.50440756401462	31.446424975854807	0.0
72.0	29.963312458406566	18.04344487483576	20.227292118150945	31.765950548606725	0.0
73.0	30.070304767755367	17.901778096310707	19.412989317770723	32.6149278181632	0.0
74.0	29.439569703112895	18.313896937615826	20.88653172108516	31.36000163818612	0.0
75.0	30.38511682514112	18.01489409628603	19.974948976457497	31.625040102115342	0.0
76.0	29.101762481399064	18.36851015030922	19.662725771000286	32.86700159729143	0.0
77.0	29.089432170734455	17.862201486042327	21.93124067810494	31.117125665118277	0.0
78.0	29.95095379007403	18.20648556771756	19.259426121799795	32.58313452040862	0.0
79.0	30.15922316842159	17.5643804290322	19.509872519070942	32.766523883475266	0.0
80.0	30.740586516669854	18.111227916882832	20.37039565300494	30.777789913442373	0.0
81.0	30.40756630930805	18.786072912080222	19.819238658898296	30.98712211971343	0.0
82.0	29.923646404691123	18.21461606463262	18.86380935152349	32.99792817915277	0.0
83.0	29.44135927831005	18.559691991576187	20.57485348779264	31.42409524232112	0.0
84.0	30.95073931979848	18.0860286989883	19.133227748726842	31.83000423248638	0.0
85.0	29.751981485653427	17.67567124746554	19.31479167946696	33.25755558741407	0.0
86.0	30.44429576935943	18.095085302330027	20.118242205367324	31.34237672294322	0.0
87.0	29.752249484564235	18.750597359330413	20.08799956307432	31.409153593031036	0.0
88.0	29.92763270182625	17.942993684929167	19.403993855606757	32.725379757637825	0.0
89.0	29.55893045499698	18.776775321133172	20.640593691008956	31.023700532860893	0.0
90.0	30.212703495219206	18.9282556674848	19.588110997702625	31.27092983959337	0.0
91.0	30.098996381511572	18.392503584351743	19.676384242506998	31.832115791629683	0.0
92.0	29.46698618820365	18.681768838457284	20.263673541841616	31.58757143149745	0.0
93.0	30.068547864023977	18.534550444810094	19.776127045682646	31.620774645483284	0.0
94.0	29.731132139882295	17.900058716698755	20.22107519833955	32.1477339450794	0.0
95.0	30.17325253904583	18.366817444738416	20.981138516685157	30.478791499530594	0.0
96.0	30.102655664837958	18.741913348650318	19.629866073105035	31.525564913406683	0.0
97.0	29.661607161146275	18.42178933065678	19.960807609059312	31.95579589913763	0.0
98.0	29.117575765852195	18.045194924020773	21.206927748891292	31.63030156123574	0.0
99.0	29.972790183982056	18.582221782191738	19.676418273252104	31.768569760574106	0.0
100.0	29.94523818482198	18.485276562558788	19.971131185502657	31.598354067116574	0.0
101.0	29.65440203945971	18.622405274086663	20.612523214616125	31.1106694718375	0.0
102.0	30.38789181468269	18.147513571234818	19.788422646536716	31.67617196754578	0.0
103.0	29.691296417386514	17.466359224971608	20.02030491791995	32.82203943972193	0.0
104.0	30.350030716558642	18.30258226170508	20.31330889813837	31.034078123597908	0.0
105.0	30.47235700886708	18.170239570282487	19.74637806557899	31.611025355271444	0.0
106.0	29.315191138502538	18.015185586185837	19.94357458149413	32.726048693817496	0.0
107.0	29.522079801817604	18.1258959264053	20.470961546490752	31.88106272528635	0.0
108.0	29.438093277841542	18.778715432462697	20.416607069970592	31.36658421972517	0.0
109.0	28.92679584087937	18.469208662270734	20.19145380425282	32.412541692597074	0.0
110.0	29.52739073144748	17.77839300232695	21.298256188847457	31.395960077378117	0.0
111.0	29.08788244879611	18.744556513921275	20.29331610148063	31.874244935801983	0.0
112.0	29.367133174896576	18.00510518440278	19.132822814893053	33.49493882580759	0.0
113.0	29.993363831469562	17.65962103241839	21.040890093753532	31.306125042358524	0.0
114.0	29.940234247758784	18.07559942783498	19.521236669546376	32.46292965485986	0.0
115.0	29.64812341960962	17.563641787652358	20.356848595050714	32.4313861976873	0.0
116.0	29.896128692133423	17.959833577931978	20.7318723907499	31.412165339184707	0.0
117.0	30.074545792415343	18.260145517961032	19.85326700687565	31.81204168274797	0.0
118.0	29.688872004214794	18.300677019679803	19.856854600257332	32.15359637584807	0.0
119.0	30.53197835289383	17.796695438440143	20.223011190087753	31.448315018578278	0.0
120.0	29.76371937486712	18.538137501846787	19.738098584190062	31.960044539096028	0.0
121.0	29.612099489832787	17.602575405026517	20.230731432370327	32.554593672770366	0.0
122.0	29.433865194266918	17.985449907975017	20.98133414489225	31.599350752865817	0.0
123.0	28.859348198970842	18.60772741808879	20.05807192487717	32.474852458063204	0.0
124.0	29.090584254586823	17.889332905521687	19.465916051687426	33.554166788204064	0.0
125.0	29.025129158312236	18.182782794502906	20.41908762275528	32.373000424429584	0.0
126.0	29.892304133420964	18.01014169735736	20.165160589114382	31.932393580107295	0.0
127.0	29.600418672189992	17.86396102220879	19.47120523045398	33.06441507514724	0.0
128.0	29.409871720893072	17.84736709722284	21.278500303312768	31.46426087857132	0.0
129.0	29.843246693484943	18.23852925022637	19.506954443570294	32.41126961271839	0.0
130.0	30.01675728010725	17.755641617636105	19.686080285990915	32.54152081626573	0.0
131.0	30.39483124570267	18.038324713760424	20.742653433380166	30.824190607156737	0.0
132.0	30.730604224168967	18.366734669386776	19.23414436577463	31.668516740669627	0.0
133.0	30.013549115543846	18.036883703424916	20.36544975536319	31.584117425668047	0.0
134.0	30.82357294427705	17.5252788412889	20.479826012097597	31.171322202336455	0.0
135.0	29.502505287255254	18.127136695446517	20.69609842254076	31.67425959475747	0.0
136.0	28.98909340084131	18.22334735519729	20.15874526524164	32.62881397871976	0.0
137.0	30.353905813784504	17.952287346738974	23.212305244720476	28.481501594756043	0.0
138.0	30.76527123683382	19.75138864347011	20.25383557539393	29.22950454430214	0.0
139.0	30.544367283950617	19.10763888888889	20.063271604938272	30.28472222222222	0.0
140.0	29.251932520564498	20.905689898223166	20.11990147630629	29.722476104906047	0.0
141.0	31.572604316099262	17.054462470307865	20.869051367879234	30.503881845713643	0.0
142.0	27.407540380960562	19.65915698525251	24.21413714111775	28.71916549266918	0.0
143.0	27.627335812327843	19.187260737193927	19.42392765202127	33.761475798456964	0.0
144.0	28.087804647647836	19.538384029220985	19.11919831223629	33.25461301089489	0.0
145.0	27.501740341106856	19.433281650476218	17.539078568490332	35.52589943992659	0.0
146.0	33.002358987823165	14.550937031335156	19.91455133483704	32.53215264600463	0.0
147.0	33.75708544371271	16.393976819686774	22.394226243397313	27.454711493203206	0.0
148.0	32.00838453792565	16.99718460368673	21.29795935143133	29.69647150695629	0.0
149.0	33.01445082893331	16.63713779505058	23.099344503013704	27.249066873002402	0.0
150.0	28.142611080452852	17.375429912428856	26.37000618739444	28.11195281972385	0.0
