# Position (bp)	A	C	G	T	N
0.0	26.14325409771518	24.181675685202478	23.910557124268298	25.764513092814045	0.0
1.0	25.5807674567729	19.8655281937054	15.183764385595842	39.36993996392585	0.0
2.0	27.754936830309457	18.535647494012842	18.802118274048894	34.9072974016288	0.0
3.0	23.801067715650465	22.238831132340543	15.190409290999343	38.76969186100965	0.0
4.0	33.19850187265917	13.797378277153557	14.625093632958801	38.379026217228464	0.0
5.0	34.842862438637155	15.561729805024358	22.662782381421334	26.93262537491715	0.0
6.0	32.59875773606946	17.521237920874004	20.211686566102443	29.668317776954094	0.0
7.0	34.11553292650968	17.250945303433042	19.69750290142638	28.936018868630903	0.0
8.0	24.00814596856914	25.724564437755966	21.80544012937715	28.461849464297746	0.0
9.0	29.590408169376815	18.339921540442607	15.905653879555596	36.16401641062498	0.0
10.0	26.442228510682895	16.56223330189103	24.4254293371663	32.57010885025977	0.0
11.0	28.002395478534265	17.938016992925853	20.077104465321703	33.982483063218176	0.0
12.0	26.47094050363805	19.44560888702578	20.7982752941881	33.28517531514807	0.0
13.0	26.9166279922751	20.97773852119107	18.31032830815755	33.795305178376275	0.0
14.0	30.476942537855255	18.00173651394825	20.234129984057006	31.287190964139487	0.0
15.0	29.93002020806826	18.809969313674127	18.871716188908017	32.3882942893496	0.0
16.0	29.59161527869245	16.589459977249597	18.856268335029636	34.96265640902832	0.0
17.0	29.846173414037423	17.942569412750547	20.80137965089745	31.409877522314584	0.0
18.0	30.96848279009224	17.440320782805802	18.356362167378602	33.23483425972336	0.0
19.0	29.479703927560248	17.909091249107032	19.650891845291305	32.960312978041415	0.0
20.0	30.49343286261369	17.331857348013404	19.79752573001436	32.37718405935854	0.0
21.0	30.01110649898471	17.460762646263618	19.62484714540539	32.90328370934629	0.0
22.0	28.952081814272628	18.21377157066203	19.123151419971208	33.710995195094135	0.0
23.0	29.309448762960223	17.611692521676705	20.523606016758084	32.55525269860499	0.0
24.0	30.02684373060559	18.907632143684992	18.429828693630036	32.63569543207938	0.0
25.0	29.807915180607587	17.639801709248335	19.004732957986587	33.5475501521575	0.0
26.0	31.075256356098528	17.994833625546264	19.582503112161167	31.347406906194042	0.0
27.0	29.632537101416766	18.204926918619865	19.37310754738141	32.78942843258196	0.0
28.0	29.602051420070126	17.6763032573022	19.593154955480298	33.12849036714737	0.0
29.0	29.585356463363123	18.061832086748826	19.694913860449816	32.657897589438235	0.0
30.0	29.965199774228395	18.192930059395874	19.11657514942417	32.72529501695156	0.0
31.0	29.970618140494633	17.990594814438232	19.4996859953946	32.53910104967254	0.0
32.0	29.653847160380288	18.036286418202277	19.641995939928893	32.66787048148854	0.0
33.0	30.407115644172926	17.713213218826994	19.54671043530604	32.33296070169404	0.0
34.0	29.568991946639944	17.858344612025455	19.54528799922233	33.027375442112266	0.0
35.0	30.016376035653398	18.163939819938385	19.52599228307361	32.29369186133461	0.0
36.0	30.0480104097337	17.55782562200402	18.507190344074605	33.886973624187675	0.0
37.0	29.112991582749686	18.82083708825212	18.771477823854735	33.29469350514346	0.0
38.0	29.87808982461389	18.00792790097603	19.47945103025317	32.63453124415691	0.0
39.0	28.409239640555995	18.91344100698171	20.036423060958146	32.64089629150415	0.0
40.0	30.011031955273836	17.72741721358987	19.436061404984947	32.82548942615134	0.0
41.0	29.607246235891605	18.210954621270485	20.45857423876377	31.723224904074137	0.0
42.0	30.32377020057521	18.27878570279863	18.716363541164107	32.68108055546205	0.0
43.0	29.61207896055712	18.099740438486915	19.158182919805217	33.12999768115075	0.0
44.0	29.581062733994845	18.097222170275316	20.459518190352586	31.862196905377253	0.0
45.0	29.21033536060803	18.971850056479425	19.22320219633894	32.59461238657361	0.0
46.0	29.93300841228815	17.764927229405977	19.35424747612653	32.947816882179346	0.0
47.0	29.433262137302357	17.85723637206971	19.49861036818697	33.21089112244097	0.0
48.0	30.496180636086816	18.487816191708877	18.780721377215492	32.235281794988815	0.0
49.0	29.18552713288492	18.234361088457767	18.792880283112744	33.78723149554457	0.0
50.0	29.337932427730745	18.660376582029862	19.862027168077695	32.1396638221617	0.0
51.0	29.747647642030046	18.365041061039715	19.22105617599192	32.666255120938324	0.0
52.0	29.724400610613905	18.450492382292197	18.87066359364243	32.954443413451465	0.0
53.0	30.343145141676924	18.026064213901662	19.66190606256758	31.96888458185383	0.0
54.0	30.341173565222597	17.925643769597464	19.420850576605027	32.31233208857491	0.0
55.0	28.91423354250156	17.897915427185882	18.837114451316936	34.350736578995615	0.0
56.0	28.974585403819674	18.08582290606478	20.180506495839072	32.75908519427648	0.0
57.0	29.19173776380781	18.127900014967818	18.921194431971262	33.759167789253105	0.0
58.0	29.508417558814394	17.650118433312503	19.148028543738	33.6934354641351	0.0
59.0	29.92852598884856	17.593084608763988	20.04191146203645	32.43647794035101	0.0
60.0	30.07843489454698	18.2843863666981	19.54173963806188	32.09543910069304	0.0
61.0	29.979604438373592	17.698856725857457	19.169208315401455	33.15233052036749	0.0
62.0	28.910436813269065	17.929478159336547	20.03832220592198	33.12176282147241	0.0
63.0	28.851364500531428	17.665528959147316	20.036376700947592	33.44672983937366	0.0
64.0	28.586720162283346	17.923027692215566	19.765931725720186	33.7243204197809	0.0
65.0	29.128615485957244	17.738337625007485	20.7576052458231	32.37544164321216	0.0
66.0	30.298005808904993	17.883342815222925	20.001796568554063	31.816854807318023	0.0
67.0	29.15955503653132	17.56048628578273	18.893729787998563	34.38622888968739	0.0
68.0	29.71328043120228	17.715975445425965	20.02283275939512	32.547911363976645	0.0
69.0	29.82261101316474	17.918571006127575	19.248146193379824	33.01067178732786	0.0
70.0	28.840308452496817	18.063562177135584	19.11993711162686	33.97619225874073	0.0
71.0	29.893233105224542	17.47765082882856	20.565355415462484	32.06376065048442	0.0
72.0	29.53755039850854	18.03714421554277	19.702681556298458	32.72262382965023	0.0
73.0	29.870168765629913	17.417526467901588	19.345153416493208	33.367151349975295	0.0
74.0	29.422335367451613	17.746995619782112	20.575043989367675	32.2556250233986	0.0
75.0	30.59879746314142	17.9107606831847	19.036547835658286	32.45389401801559	0.0
76.0	28.958344253334033	18.223921166330957	19.360974039102338	33.456760541232676	0.0
77.0	29.083032869439545	18.060781692856633	20.87185074526278	31.984334692441042	0.0
78.0	30.00965988228422	18.18229470878076	18.19315271599946	33.614892692935555	0.0
79.0	29.25019282467557	18.111291663234514	18.909922795246402	33.728592716843515	0.0
80.0	30.463727417392118	18.31882430029018	19.70532621922681	31.512122063090892	0.0
81.0	29.70415663485193	18.404370438878633	19.47526276177888	32.41621016449056	0.0
82.0	29.846213758008528	17.69234513721687	18.174261118329657	34.28717998644494	0.0
83.0	29.997678372164433	18.41912122641863	19.511035221341004	32.07216518007594	0.0
84.0	30.95922830352596	17.98740301369042	18.790629399958057	32.26273928282556	0.0
85.0	29.44806641627004	17.35226162078766	18.934778294132407	34.26489366880989	0.0
86.0	30.726857399640505	17.155107849011383	20.049056321150392	32.068978430197724	0.0
87.0	29.532304996011728	18.838870102197106	19.601322682964277	32.02750221882689	0.0
88.0	29.429233747898152	17.525568575462405	19.053878446748833	33.99131922989061	0.0
89.0	29.713504606396523	18.033480638154444	20.069283199760317	32.18373155568871	0.0
90.0	30.08932082467277	18.04992228900998	19.62062056438777	32.240136321929484	0.0
91.0	29.785735954488086	18.11974966948432	19.05680375420869	33.0377106218189	0.0
92.0	28.939217456114395	18.27483792195535	20.416402934820468	32.36954168710979	0.0
93.0	29.84025918088354	18.668888930504316	19.149796812674396	32.34105507593775	0.0
94.0	30.107643674716844	17.26531132018937	19.08858692395278	33.53845808114101	0.0
95.0	30.451295381423066	17.788506556499005	20.273271732331537	31.48692632974639	0.0
96.0	29.735894852365558	18.87803069178244	19.375077253845838	32.010997202006166	0.0
97.0	29.78563214731188	18.090354383060333	18.855231467088185	33.2687820025396	0.0
98.0	28.568110904262294	17.695687514280685	21.125673767366248	32.61052781409077	0.0
99.0	29.13432724003596	18.27876835480971	19.292777944261314	33.29412646089302	0.0
100.0	29.437481018780627	17.722178687793154	19.585993828526007	33.25434646490021	0.0
101.0	29.7416220518558	18.49305811063472	20.27264467588247	31.49267516162701	0.0
102.0	30.269750170073777	17.332867274797884	19.153878245966148	33.243504309162184	0.0
103.0	29.052663267418012	17.278594140999832	19.181546219119834	34.48719637246233	0.0
104.0	30.15081057859711	17.740403819630245	19.29900590128351	32.80977970048913	0.0
105.0	30.08230095508353	18.089606532756232	18.975256883884335	32.852835628275905	0.0
106.0	29.0016853975044	17.681936015357525	19.711592965165934	33.60478562197214	0.0
107.0	29.873216515914162	17.707678916095826	20.102562161753017	32.31654240623699	0.0
108.0	29.1226820451807	18.384119309785614	20.512431891723946	31.98076675330974	0.0
109.0	28.456095756587057	18.042756606028416	19.706735967524708	33.79441166985982	0.0
110.0	29.25779617882782	17.433433357389752	21.243590230561782	32.065180233220644	0.0
111.0	29.43429088613564	18.53803971676516	19.524113750275703	32.50355564682349	0.0
112.0	28.89805211617246	17.74302858622318	19.069538995750904	34.28938030185346	0.0
113.0	30.26087089101665	17.482999939013233	20.106193206074284	32.149935963895835	0.0
114.0	30.02549676710154	18.215302640518484	18.6530989259296	33.10610166645038	0.0
115.0	29.039287120537338	17.346810047899933	20.174167676528267	33.43973515503446	0.0
116.0	30.357546219902986	17.540783393377414	20.400693729254165	31.70097665746544	0.0
117.0	29.611155415145845	18.372542404073243	19.304971935098	32.711330245682916	0.0
118.0	29.18970177216745	17.63913203722473	19.776021990847383	33.39514419976044	0.0
119.0	30.755659082784625	17.898422875417534	19.353313576032935	31.992604465764902	0.0
120.0	29.276956351069476	18.290833801559387	19.56389553812643	32.86831430924471	0.0
121.0	29.537047027451948	17.498882500732154	19.259521864451195	33.70454860736471	0.0
122.0	29.80400026241351	17.82906847063091	19.889014521500542	32.47791674545504	0.0
123.0	28.815203236638627	18.677908859409477	19.25212626600254	33.25476163794935	0.0
124.0	29.136179844841266	17.960494495927566	19.1603629398905	33.742962719340674	0.0
125.0	28.839431729226572	17.906884818985763	20.14098261550266	33.112700836285	0.0
126.0	29.278585043732118	17.674918766571814	19.5856998109406	33.46079637875547	0.0
127.0	29.898615145893853	17.461373031706586	18.896783451751777	33.743228370647785	0.0
128.0	29.01467603252337	17.56916279993922	20.836693587660758	32.579467579876656	0.0
129.0	30.114057754912448	18.340580671855605	18.436604654430766	33.108756918801184	0.0
130.0	30.291929423999438	17.420371333289026	19.01861357958566	33.26908566312588	0.0
131.0	29.821188759988882	17.944943208735793	19.908852076473423	32.325015954801906	0.0
132.0	30.187843137254898	18.423921568627453	18.37450980392157	33.01372549019608	0.0
133.0	29.55670248868778	18.33050527903469	19.33917797888386	32.77361425339366	0.0
134.0	30.595793565240655	17.237255195096427	19.982138782447223	32.18481245721569	0.0
135.0	29.320771080537707	17.987937083612568	19.776875468127884	32.91441636772184	0.0
136.0	28.40361493372095	18.423443350765485	19.070829317618063	34.1021123978955	0.0
137.0	30.89232717343991	17.363776660994816	22.898579399311465	28.84531676625381	0.0
138.0	29.96347223929848	20.18981744051845	19.513994376073327	30.33271594410975	0.0
139.0	30.52453804887741	19.160341744486388	19.33518776077886	30.97993244585734	0.0
140.0	29.08517023698644	21.213351483453934	19.450083188052762	30.25139509150686	0.0
141.0	31.236771933181075	16.838257861108787	20.86277886060258	31.06219134510756	0.0
142.0	26.77453214612127	19.541106086789938	24.29767040896555	29.386691358123233	0.0
143.0	26.237043965575822	18.994056113169684	19.13475874694711	35.63414117430737	0.0
144.0	27.66951799702052	18.923702884969646	18.042673843048682	35.364105274961155	0.0
145.0	27.01509312780989	19.340879897238278	16.562700706486833	37.081326268465	0.0
146.0	33.66276846279262	14.15671987278839	18.89011895895815	33.29039270546084	0.0
147.0	34.42806630103398	16.084861426292267	21.680178296682108	27.806893975991652	0.0
148.0	31.593098627088427	17.04908810377706	20.217250123061522	31.140563146072992	0.0
149.0	32.96497099312135	17.06681736704077	22.383420604155447	27.584791035682432	0.0
150.0	26.893369501384267	18.95914315277273	24.539836125171284	29.60765122067172	0.0
