# Position (bp)	A	C	G	T	N
0.0	26.031189468672434	24.009435336179468	24.51338918540381	25.44598600974429	0.0
1.0	26.629879750804307	20.371143774408743	16.227889685039614	36.771086789747336	0.0
2.0	28.335238660658746	19.521353073204224	18.284299007605824	33.8591092585312	0.0
3.0	22.989935891846226	22.48618690680706	15.732227002431376	38.791650198915335	0.0
4.0	33.680834991126424	13.424744872690209	15.27881659100987	37.6156035451735	0.0
5.0	34.236375741116476	15.099724449694389	23.503143043415726	27.160756765773414	0.0
6.0	30.993557042089293	17.544859749317443	21.60207546954183	29.859507739051434	0.0
7.0	35.068582803850454	17.209716407336696	20.41416606630382	27.30753472250903	0.0
8.0	23.172006869199503	26.877525187234568	22.287196311352567	27.663271632213366	0.0
9.0	27.7713765476151	18.738913277431227	16.013750619362867	37.47595955559081	0.0
10.0	26.54028854304016	16.775316594987096	25.301234674906205	31.38316018706654	0.0
11.0	28.369529168808526	18.261832730217133	19.894280317607127	33.47435778336721	0.0
12.0	25.936772542120917	19.786842995884342	21.295355777078477	32.98102868491626	0.0
13.0	26.954332405755295	20.85430265823356	19.12176127958925	33.06960365642189	0.0
14.0	30.998252828136152	18.294533505338656	20.247742882744184	30.459470783781008	0.0
15.0	29.68967869621444	18.432306736438882	20.34921712194481	31.528797445401867	0.0
16.0	30.004318991648404	17.590527683016564	19.074848679709035	33.330304645626	0.0
17.0	30.55656606105359	17.803546642337594	19.745010897052413	31.8948763995564	0.0
18.0	31.912369616974352	17.549680001982416	19.24506243754746	31.292887943495778	0.0
19.0	30.240228493554493	18.3897617833396	20.170731991575646	31.199277731530255	0.0
20.0	29.81949737890275	17.92673464882479	20.190805062532593	32.06296290973986	0.0
21.0	29.284879308680722	18.371815960037615	20.498373391028515	31.84493134025315	0.0
22.0	29.592040291881013	19.062662266281393	22.73692814802385	28.60836929381375	0.0
23.0	29.83082384115072	20.175903013800745	21.55292247053564	28.440350674512892	0.0
24.0	32.36747614851855	19.59050256339	18.25413843018854	29.787882857902915	0.0
25.0	28.898840435040253	21.190045703010654	19.99998642182348	29.911127440125618	0.0
26.0	31.955955563606913	16.636988921678928	22.299484561104112	29.107570953610047	0.0
27.0	26.134233174178245	20.70097109986964	25.328628646037423	27.8361670799147	0.0
28.0	26.63912635296628	19.675422742382047	19.29902437407152	34.386426530580145	0.0
29.0	27.621416903087237	20.4061209967151	17.922400947485155	34.05006115271251	0.0
30.0	26.57703048843045	19.057669493374778	16.62207530368549	37.74322471450928	0.0
31.0	34.31013098842099	14.677701280471119	18.6370629526645	32.375104778443394	0.0
32.0	34.3512121202747	15.621307524140837	22.82176792464482	27.205712430939638	0.0
33.0	31.41579235279674	18.121440966497325	20.94121733150811	29.521549349197823	0.0
34.0	33.628372254436535	17.098480704918774	21.692105553128407	27.581041487516284	0.0
35.0	26.437504431816595	20.546649401943938	25.577961140867373	27.4378850253721	0.0
