# Position (bp)	A	C	G	T	N
0.0	26.048467476128177	23.801088586172295	23.96496954244512	26.185474395254403	0.0
1.0	26.217096429187382	19.805367788651463	15.636429558963647	38.341106223197514	0.0
2.0	28.528722706488445	18.811285472804506	18.60147413038251	34.058517690324535	0.0
3.0	22.82722733099792	22.21967088284878	15.321327593194939	39.63177419295836	0.0
4.0	34.170877458843314	13.251322417114286	14.626274198983483	37.951525925058924	0.0
5.0	35.001096721248906	14.871943375986522	22.90245613982441	27.22450376294016	0.0
6.0	30.91746369509487	17.38309671449306	20.788118063920937	30.911321526491125	0.0
7.0	34.58630759642783	17.09295192248002	20.028064552972968	28.292675928119188	0.0
8.0	22.14015472263373	27.087751240483627	22.544656378956237	28.22743765792641	0.0
9.0	27.977671763635097	18.323317378698732	15.600770668678674	38.09824018898749	0.0
10.0	25.97235217675642	16.127215470838017	25.585423686790286	32.31500866561528	0.0
11.0	28.07910663048507	17.776064222139826	19.510518862271574	34.634310285103524	0.0
12.0	26.275578381291947	19.16180310064173	21.537472010934746	33.02514650713157	0.0
13.0	26.08969104047961	20.6476171292798	18.803391152238945	34.45930067800164	0.0
14.0	30.7881218148636	17.943018679881988	20.69668883661325	30.572170668641164	0.0
15.0	29.917593665258003	18.064933693648886	19.95168598308362	32.06578665800949	0.0
16.0	29.650957906358844	17.587926315732222	18.779563288999064	33.98155248890987	0.0
17.0	30.30199964628611	17.717858969432253	19.712150784894128	32.26799059938751	0.0
18.0	30.653706784686324	17.35003215495594	18.892898021434014	33.103363038923725	0.0
19.0	29.807625403859305	18.024432890290743	19.79639695701026	32.37154474883969	0.0
20.0	29.87423276812254	17.575604469098142	19.90676844474477	32.64339431803455	0.0
21.0	28.840126009167676	18.22679624673176	19.6535141737808	33.279563570319766	0.0
22.0	29.759116337924674	18.647455088556946	22.512342007950874	29.08108656556751	0.0
23.0	29.562491923751587	20.30856004499631	21.17613432725812	28.952813703993986	0.0
24.0	31.9939936155205	19.391088848016118	18.331372528058456	30.28354500840493	0.0
25.0	29.123078368632516	21.05262516286124	19.307620996501683	30.516675472004557	0.0
26.0	32.41941615452234	16.582298588914128	21.593933075305987	29.404352181257554	0.0
27.0	26.322727730512774	20.992347514334696	25.00537791403702	27.67954684111551	0.0
28.0	26.296142924418692	19.421912219314617	18.41917271834378	35.86277213792291	0.0
29.0	27.92327371772619	19.554114193323212	17.389989071628563	35.13262301732204	0.0
30.0	26.39497471924073	19.102134004417966	16.5200101726179	37.9828811037234	0.0
31.0	34.11389622433858	14.127010442901469	17.78601510898306	33.973078223776895	0.0
32.0	34.33949581746667	15.524114955820181	22.423457883678957	27.712931343034192	0.0
33.0	30.91316445353388	17.746477238938567	20.846100849233803	30.49425745829375	0.0
34.0	33.281265178248155	16.255923899802653	21.5296193691459	28.93319155280329	0.0
35.0	25.85133978814951	20.364803912154418	25.546637598313698	28.23721870138237	0.0
