# Position (bp)	A	C	G	T	N
0.0	26.515931848499687	23.361645362287025	24.53014977795039	25.592273011262893	0.0
1.0	27.184563927592986	20.40270938030489	16.05291023076794	36.359816461334184	0.0
2.0	27.602249146529218	19.641542271905752	17.894437378673274	34.86177120289176	0.0
3.0	24.749620890199804	20.633571630922027	16.33754936759486	38.27925811128331	0.0
4.0	31.622884022923774	16.346440520753966	14.759664756352073	37.271010699970184	0.0
5.0	34.43812609514993	14.998181637848381	21.246735213409597	29.305385658081796	0.011571395510298543
6.0	31.514342675432093	17.1090570576508	21.735620252747434	29.631094195376733	0.009885818792941526
7.0	34.282432099778454	18.18331008451629	19.729219660293758	27.805038155411506	0.0
8.0	25.945343731568254	25.90766105249361	20.59440330296874	27.550953535618323	0.0016383773510714988
9.0	27.515097952570333	19.3973912047266	17.119196085170454	35.96831475753261	0.0
10.0	27.333660290992317	17.426843223802518	24.436815432401502	30.80268105280366	0.0
11.0	27.68914218528014	18.80562405081895	20.739095644789916	32.76613811911099	0.0
12.0	26.886299849879254	20.75093009594674	20.63018079759807	31.732589256575945	0.0
13.0	26.215238157337073	22.08782968734718	18.992273334854758	32.70465882046099	0.0
14.0	30.28885338897402	19.839924363446677	19.934470055097318	29.936752192481986	0.0
15.0	29.698757865223484	18.59289929253741	19.367195905193494	32.3378867407818	0.0032601962638150813
16.0	29.80797444006129	17.968571708016825	19.213966680794183	33.0094871711277	0.0
17.0	29.76070159423597	18.32230300264076	21.758549864701855	30.158445538421415	0.0
18.0	32.17650702572295	18.087568871646074	18.570077918690707	31.164216085808366	0.0016300981319075406
19.0	31.702148469337853	18.485312815831513	19.47478238189939	30.337756332931242	0.0
20.0	29.82753561764418	17.60505982460144	21.455351612167053	31.112052945587326	0.0
21.0	28.70928829915561	17.63114139471196	19.631271802562512	34.028298503569914	0.0
22.0	28.446842499918496	19.43076973233789	20.255599387083105	31.866788380660516	0.0
23.0	29.865027874678056	16.55038633325726	20.74136863039155	32.84321716167313	0.0
24.0	30.41111074886708	17.55778697877612	19.592149447396736	32.43895282496006	0.0
25.0	28.547908584096763	18.270139862419718	18.909138330127472	34.272813223356046	0.0
26.0	30.205718384246733	17.24154794118606	22.169334593942555	30.383399080624653	0.0
27.0	28.88696899553353	18.18374466142862	20.26537997587455	32.66390636716331	0.0
28.0	29.36458774818244	17.119290581292994	20.82124343885502	32.69487823166954	0.0
29.0	29.566719916538975	18.65810321781371	18.95152088155707	32.823655984090244	0.0
30.0	30.005216314022103	17.733837577022136	19.251458937828055	33.0094871711277	0.0
31.0	30.095362295215583	18.633955497595565	19.36914173934306	31.90154046784579	0.0
32.0	29.072117892540426	19.245565988523737	18.559272300469484	33.12304381846635	0.0
33.0	29.63596941686637	17.334246262695423	19.976850719746988	33.05293360069122	0.0
34.0	29.417326942515242	17.917115002119406	19.769147999608723	32.896410055756625	0.0
35.0	30.682022087010424	16.58646395771822	20.432931504167822	32.298582451103535	0.0
36.0	31.183620197405986	18.38486010278163	18.624683905701932	31.806835794110448	0.0
37.0	28.039289268873695	20.21243616309615	18.921829365791577	32.826445202238574	0.0
38.0	30.513121817469646	17.98864081472777	19.468925447186315	32.029311920616266	0.0
39.0	30.822845763348187	17.787245156130126	19.29712877266866	32.092780307853026	0.0
40.0	29.09860167276529	19.74647151071615	19.4720334553058	31.677992681651858	0.004900679560899112
41.0	29.49139241748001	17.67129334445044	21.205878987035494	31.629800382559225	0.0016348684748311998
42.0	28.009619002437468	19.143123558376548	20.105023802123377	32.74059775229433	0.0016358847682769225
43.0	30.37906314445645	18.31156502667845	20.05466627385512	31.251432125437823	0.0032734295721627547
44.0	28.289559863767355	19.568705789887346	19.760282944720984	32.38145140162431	0.0
45.0	29.717112483414958	18.558862553031172	20.075676915264786	31.648348048289076	0.0
46.0	29.92527285241388	17.308511684310577	20.436891612860936	32.3293238504146	0.0
47.0	30.45751848269757	19.233480320639966	19.115453338360407	31.191908594659278	0.001639263642771667
48.0	29.568040932795437	18.341041031191576	19.288923874184132	32.80199416182886	0.0
49.0	26.546450956584515	19.863485708660125	20.925081219440163	32.66334131854428	0.0016407967709119546
50.0	28.855754072517076	19.129335260115607	19.070218076720966	32.94469259064635	0.0
51.0	30.639514816823628	17.673356014660683	18.75647157437996	32.930657594135724	0.0
52.0	28.491050276388524	19.062582258489076	20.94959199789418	31.496775467228215	0.0
53.0	30.248225198069544	18.55676895455519	19.35728286471974	31.826192946912425	0.011530035743110803
54.0	30.117522952413918	19.523974352634788	18.963556346733917	31.393298059964724	0.0016482882526496234
55.0	29.19134753411322	18.60841156962067	18.854257759004735	33.34598313726137	0.0
56.0	30.59738458490192	18.004094841820223	21.62175549831583	29.773462783171524	0.0033022917905026084
57.0	27.267469720253146	19.973892496571324	19.646722516895522	33.111915266280015	0.0
58.0	30.286290789408397	17.55288358169459	22.16231414253345	29.99851148636356	0.0
59.0	27.541249751507518	20.88330793187993	21.315684845272017	30.249817772182098	0.009939699158438804
60.0	30.345938049865538	18.835696026028355	20.807742106835764	30.00896384582185	0.001659971448491086
61.0	28.51890668929148	20.71501056379032	19.819999667282197	30.946083079636004	0.0
62.0	30.776927310020515	16.147214301198993	21.5585238547868	31.517334533993697	0.0
63.0	25.821564821631753	20.478883608861523	25.50364768087812	28.195903888628603	0.0
64.0	26.136611746527606	21.51290707243748	18.21937824356326	34.1277439075595	0.0033590299121613676
65.0	26.633047174107364	19.37393533588572	19.470071343036885	34.519572953736656	0.0033731932333743737
66.0	27.469161914753208	18.782043689402528	18.685595356943434	35.05812281087666	0.005076228024162846
67.0	32.94571011441958	14.536719519234035	18.07455946762639	34.44301089872	0.0
68.0	34.46506119226214	16.4987383923514	22.40683842839733	26.629361986989135	0.0
69.0	32.01467902795336	16.819426885798567	20.418949290630707	30.746944795617363	0.0
70.0	31.58591725155603	16.676441098015477	24.103747706161677	27.633893944266823	0.0
71.0	24.664570482202432	20.310587331685188	25.12061061373401	29.90423157237837	0.0
