# Position (bp)	A	C	G	T	N
0.0	36.527639584386776	11.42773255908787	28.332816807216144	23.677557212063874	0.03425383724533903
1.0	32.17562788271916	17.01028407516665	21.87688446306045	28.929054549603144	0.008149029450592435
2.0	34.55959705441678	17.958812840702603	21.79540310497625	25.67343555739743	0.012751442506933598
3.0	33.1980984530575	18.207157125381315	25.0576812895833	23.52777218600474	0.009290945973149166
4.0	33.87218045112782	17.966917293233085	22.415037593984962	25.74586466165413	0.0
5.0	33.89200070015754	19.149308594433748	21.510881615030048	25.44343310578213	0.004375984596534221
6.0	27.91344054000397	18.833489321875266	20.946425026234436	32.306645111886326	0.0
7.0	27.45572318793047	20.821034218869574	22.32699245654313	29.39488356838308	0.0013665682737509567
8.0	28.38567157861319	19.415857562369375	22.23603799042303	29.961110082277308	0.001322786317098336
9.0	31.18567311650885	19.464028406751748	22.444936187731575	26.904075751338	0.0012865376698229724
10.0	29.228990264463427	22.272371218620613	22.13684459199025	26.36179392492571	0.0
11.0	28.167748736254524	19.98035504659687	21.78433674325004	30.067559473898562	0.0
12.0	29.84493859474871	20.239778450320756	21.512286892812487	28.402996062118042	0.0
13.0	30.748733431685366	20.193044452831053	21.636303335963678	27.421918779519906	0.0
14.0	30.655024763267637	19.58366406922535	21.451809451406977	28.309501716100037	0.0
15.0	27.747676747775262	20.031961820948126	22.531989185520857	29.688372245755758	0.0
16.0	27.21541305579005	20.89695778079352	22.714595599628137	29.173033563788298	0.0
17.0	27.92503851837877	19.598779989309183	22.334370971292017	30.14181052102003	0.0
18.0	27.820558831068958	20.75775442194309	22.187131504742375	29.23455524224558	0.0
19.0	27.15422363133343	19.726771542236314	22.11676326258608	31.00224156384418	0.0
20.0	28.53619163165652	17.989030712001043	22.69258921319924	30.782188443143195	0.0
21.0	29.07198197210063	18.996101267337394	22.24870125337774	29.681221270528173	0.001994236656063975
22.0	29.229516499011947	19.486013326315998	21.59022074814057	29.69424942653148	0.0
23.0	28.298262118136357	19.042432044363025	21.66856463831262	30.988760707035702	0.0019804921522998467
24.0	28.0520350182674	18.188622017390962	21.83127024924419	31.928072715097443	0.0
25.0	28.47467637938672	17.544913126938035	24.78613968597726	29.194270807697986	0.0
26.0	27.370304114490164	18.83592445072594	21.771316182211724	32.02245525257217	0.0
27.0	27.89779187361618	17.96321784054415	22.089242614645045	32.04974767119462	0.0
28.0	29.1175645342312	17.61463844797178	22.194163860830525	31.07363315696649	0.0
29.0	28.433951883159104	18.818586505276848	22.127744710648727	30.61971690091532	0.0
30.0	29.22056384742952	18.595909342178	22.586059600984974	29.597467209407508	0.0
31.0	27.65933810682798	18.927680546157806	23.333905614074066	30.07907573294014	0.0
32.0	27.406253477244906	18.620836157277683	21.97315314039471	31.999757225082696	0.0
33.0	28.601159355552625	17.86646091997198	22.50794392048973	31.024435803985668	0.0
34.0	28.861013753100085	17.765274959519566	22.34007665662342	31.033634630756936	0.0
35.0	28.66182208550961	19.19114762897665	21.643716839736577	30.503313445777163	0.0
36.0	28.193186897720302	18.1523332328451	22.40610414046176	31.24837572897284	0.0
37.0	28.192788616449604	18.06691681651405	23.588229791391658	30.15206477564469	0.0
38.0	28.728239341186278	18.75117273011571	21.66162827061399	30.857917231314502	0.0010424267695194414
39.0	29.00601936665794	19.138445433132688	20.838523946610835	31.017011253598536	0.0
40.0	28.89431887599267	18.193499462852568	22.016725296484317	30.895456364670444	0.0
41.0	29.043287393681013	18.120132542580357	21.88218906312657	30.95439100061206	0.0
42.0	28.622779963841328	17.909177921939808	21.58672764011486	31.881314474104013	0.0
43.0	29.573317115329218	18.721125017338327	22.423524641763496	29.282033225568966	0.0
44.0	29.82606185655181	18.54734388864538	21.332278514844074	30.294315739958734	0.0
45.0	31.020132356569025	18.533137408428345	20.591421492390033	29.855308742612596	0.0
46.0	27.42328510124426	19.30218014793091	22.941151100856104	30.33338364996873	0.0
47.0	27.7203054758165	20.948924876780588	21.009586741049667	30.321182906353243	0.0
48.0	30.70539871547428	20.15876650637356	20.69634815226755	28.439486625884612	0.0
49.0	28.106615440028815	19.6520372411836	22.782392298540696	29.45895502024689	0.0
50.0	29.360007918788426	19.370236353837864	20.581151083884166	30.688604643489548	0.0
51.0	29.177065618305097	21.326501314133004	20.9819555182543	28.514477549307593	0.0
52.0	27.95064854299929	20.23143212508884	21.418576759061832	30.399342572850035	0.0
53.0	28.449638286032275	18.998330550918197	21.95436839176405	30.597662771285478	0.0
54.0	27.99504729609138	19.340085668391932	21.71492950205247	30.949937533464215	0.0
55.0	28.569667630381673	19.544364508393286	22.31112306416549	29.574844797059548	0.0
56.0	28.019225561873817	19.293257514216084	20.928107229894394	31.759409694015705	0.0
57.0	28.47776769509982	19.725499092558984	21.802404718693285	29.994328493647913	0.0
58.0	27.516502592448777	19.267490463899865	21.141591101162604	32.074415842488754	0.0
59.0	25.34827272831851	20.363745125332166	21.408275719265145	32.87970642708417	0.0
60.0	27.478645779299377	18.500074927090175	23.172067180781777	30.849212112828674	0.0
61.0	28.19357230576732	19.51479481891698	23.329934888894037	28.96169798642167	0.0
62.0	28.87522863559538	18.807158898844666	21.740640411196775	30.57697205436318	0.0
63.0	28.417700925022082	17.998419560265884	23.397480593129735	30.186398921582295	0.0
64.0	25.827150123664193	19.94026786130944	24.386345606421205	29.846236408605158	0.0
65.0	28.218363099787187	19.514173848631998	21.03443816063303	31.233024890947785	0.0
66.0	29.066055982059165	18.71210413280017	21.79835542318782	30.423484461952842	0.0
67.0	28.936935220792208	17.452644863262414	22.706654125939068	30.90376579000631	0.0
68.0	29.424593189062236	18.396961200182137	21.36027032856424	30.818175282191383	0.0
69.0	31.537236737352536	18.49291935055849	20.69913874212926	29.27070516995971	0.0
70.0	30.476294728648227	18.672310199712957	20.99175363059184	29.859641441046975	0.0
71.0	29.80734056822339	19.67321058407511	20.17680770637727	30.34264114132423	0.0
72.0	29.54157926372993	16.993584317766413	22.253707724579545	31.211128693924117	0.0
73.0	29.277552479445806	19.301835393888595	21.659866628865853	29.759512862548842	0.0012326352509029054
74.0	30.36314685922011	19.498517388121737	21.416607734395356	28.72048733886676	0.00124067939603727
75.0	29.879979475113576	18.487415991890167	21.242005932192782	30.389347083338546	0.0012515174649262231
76.0	31.058209726405465	18.84286272384721	21.9266297841237	28.17229776562362	0.0
77.0	29.963146524336004	18.688524590163937	22.175625873681533	29.17270301181853	0.0
78.0	29.647586749364933	18.3866101017395	21.975216309267452	29.990586839628115	0.0
79.0	29.92499477315492	19.046623458080703	21.88741375705624	29.140968011708136	0.0
80.0	27.306680694371384	19.17806417674908	20.577327722251447	32.93792740662809	0.0
81.0	30.35139520655441	18.877184582236055	22.0666081451334	28.70481206607613	0.0
82.0	30.002149728596766	20.298812274950286	20.543343902832266	29.15569409362068	0.0
83.0	30.755341967364448	18.55909424126415	21.347506176861884	29.338057614509516	0.0
84.0	29.960773518684192	19.231986786869452	20.977221113481523	29.830018580964833	0.0
85.0	28.601677207254895	18.861616471178223	22.346975733429915	30.189730588136964	0.0
86.0	27.321385699557965	18.888841813893713	23.03944413845698	30.750328348091344	0.0
87.0	29.37002547532348	18.372457864966393	22.051267289396794	30.204810086500956	0.0014392838123749622
88.0	29.995602462620933	20.070360598065086	21.528877162122544	28.40515977719144	0.0
89.0	29.04196523008625	20.11709148330776	21.136055536520328	29.703398036557573	0.0014897135280885485
90.0	28.170687134502927	20.262244152046787	22.545077972709553	29.020467836257307	0.0015229044834307991
91.0	29.705306958978976	19.98726826693165	20.95456945005124	29.35130267366394	0.0015526503741887404
92.0	30.185518788913118	18.15682184507443	21.72181663032142	29.93268227932113	0.0031604563698998133
93.0	29.859023613946533	18.25298590236139	23.009532382774196	28.878458100917875	0.0
94.0	29.475437135720234	19.379275440400974	22.642895626193855	28.502391797684933	0.0
95.0	30.969223855257244	18.277601158474674	20.807603322292316	29.942242713760216	0.0033289502155495264
96.0	28.490521246651067	18.123240750161088	23.729100959744972	29.657137043442873	0.0
97.0	27.54245356506085	20.119787429244056	23.63378282469837	28.703976180996726	0.0
98.0	28.31827105035106	18.944873812850396	21.56942503935058	31.167430097447962	0.0
99.0	27.453571299279584	19.241212033450385	22.801650798247834	30.503565869022193	0.0
100.0	30.628408205660868	19.121193011091737	21.999851615535853	28.25054716771154	0.0
101.0	29.502705975854372	17.84430231237937	23.11243991976687	29.54055179199939	0.0
102.0	31.27215668042076	19.586989790976542	21.140621065070416	28.00023246353228	0.0
103.0	30.501563675230592	19.739915284430545	22.14084953089743	27.617671509441433	0.0
104.0	27.858708001947736	19.747200129849052	22.1757831520857	30.218308716117516	0.0
105.0	26.58080113375849	20.42432578883748	22.894001917385687	30.10087116001834	0.0
106.0	26.44982403753866	19.00394582489069	22.5231950517223	32.02090220752906	0.0021328783192918845
107.0	27.891230752429834	19.370973026100252	21.631538713552473	31.10625750791744	0.0
108.0	28.07388099946072	19.187039367247888	23.173197914794173	29.56588171849721	0.0
109.0	29.280288161813946	19.030686462398116	21.97464730194648	29.7120690849477	0.002308988893763421
110.0	28.960765278336847	19.184050387138022	22.025430350673645	29.829753983851493	0.0
111.0	28.28275494893761	19.07942500363003	23.04341512995499	29.594404917477373	0.0
112.0	28.57461797975789	18.738837070847392	23.012998610835485	29.673546338559238	0.0
113.0	26.91852411535071	18.284850774461656	22.98451076690593	31.809595768794864	0.002518574486840448
114.0	26.301440329218106	19.470164609053498	24.12037037037037	30.108024691358025	0.0
115.0	28.248661698331055	20.014170252965258	23.11850530072426	28.618662747979428	0.0
116.0	26.43972012917115	18.947793326157157	24.050053821313238	30.557050592034447	0.005382131324004306
117.0	26.008545585705566	18.96953554186782	24.12185783252872	30.900061039897896	0.0
118.0	27.74950965064385	18.889109980386028	23.428750106597686	29.932630262372438	0.0
119.0	27.127844867626568	19.063516024152346	22.372851834649328	31.43578727357176	0.0
120.0	28.22155013935836	17.71926703433553	24.853228962818	29.20298879202989	0.002965071458222143
121.0	27.87865969725353	19.847720337190683	23.014170468622535	29.25642807505212	0.0030214218811372632
122.0	26.845720269812425	19.505959897742322	22.120922783133643	31.524316998798778	0.003080050512828411
123.0	26.38736220596087	18.840488678119407	23.95339342357338	30.815615087465847	0.003140604880499984
124.0	26.349961429673435	18.28233479043456	23.187194651581382	32.18050912831062	0.0
125.0	26.07464013966204	18.82473072235581	20.88342830791528	34.217200830066865	0.0
126.0	25.621596021785457	18.436453435269442	23.378776090118738	32.56317445282636	0.0
127.0	25.806451612903224	19.199419769289218	25.091524487117496	29.902604130690058	0.0
128.0	26.78210268601639	21.967143313344923	21.55199943228187	29.69875456835681	0.0
129.0	26.13911512216597	21.490938440090982	22.78597109105584	29.583975346687215	0.0
130.0	27.582938388625593	19.567772511848343	23.51090047393365	29.338388625592415	0.0
131.0	27.70397736204999	20.095110831630247	21.785096682911494	30.41581512340827	0.0
132.0	27.979062730023717	18.872168152449497	23.46037458084567	29.688394536681116	0.0
133.0	28.084942744829945	18.808750640916085	24.662450863100325	28.443855751153652	0.0
134.0	28.387240687039927	18.674994423377203	23.381664064242695	29.556100825340177	0.0
135.0	28.907162547306452	19.301032565528196	22.917348035322153	28.8744568518432	0.0
136.0	25.0390167772142	19.991221225126804	24.887826765509168	30.081935232149824	0.0
137.0	27.330530202030562	17.777663829350836	23.966772638703723	30.925033329914882	0.0
138.0	26.231205055567663	18.89845282196557	23.757899324471563	31.112442797995204	0.0
139.0	26.30583108766699	21.816409609540738	23.886245054756035	27.991514248036236	0.0
140.0	25.51641071966275	19.735019572417947	23.137609153869317	31.61096055404998	0.0
141.0	25.612713811590503	19.52387030890988	25.657390860352308	29.199642583609908	0.006382435537401073
142.0	27.180430635050424	20.564186426819298	22.949032433905696	29.306350504224582	0.0
143.0	27.656373146091568	17.99097227197822	23.307300995916027	31.038188722504835	0.007164863509350148
144.0	25.268654457393673	19.070682609353714	23.618889057060695	32.04177387619192	0.0
145.0	24.059374503889504	21.12240038101286	19.47928242578187	35.338942689315765	0.0
146.0	22.71794871794872	20.085470085470085	21.205128205128204	35.991452991452995	0.0
147.0	23.61725663716814	19.11873156342183	22.418879056047196	34.84513274336283	0.0
148.0	23.599716398257875	21.817076876329384	20.14585232452142	34.437354400891316	0.0
149.0	22.16291482942678	27.616616384311904	14.33047110698538	35.87839405894639	0.011603620329542819
150.0	28.02948189898114	24.12746585735964	14.329070019510079	33.44894862345546	0.06503360069369174
