# Position (bp)	A	C	G	T	N
0.0	27.47126436781609	19.47126436781609	19.74712643678161	33.310344827586206	0.0
1.0	23.678160919540232	22.114942528735632	25.95402298850575	28.25287356321839	0.0
2.0	31.397750745926096	20.03672251549231	17.718613725040168	30.84691301354143	0.0
3.0	32.13385285354114	22.18656887462755	18.58812743525097	27.091450836580332	0.0
4.0	29.452211780884713	22.140728856291542	18.129727251890902	30.277332110932843	0.0
5.0	31.63078332569858	18.91891891891892	15.803939532753091	33.64635822262941	0.0
6.0	33.02038012365468	18.594000457980307	20.013739409205407	28.371880009159607	0.0
7.0	28.640109890109887	22.756410256410255	20.97069597069597	27.632783882783883	0.0
8.0	27.71801327534905	23.57518883039597	18.860151064316778	29.8466468299382	0.0
9.0	28.06134126802472	20.89723048752575	16.594186312657357	34.44724193179217	0.0
10.0	26.344701304646374	20.691233691920345	21.515220874341956	31.448844129091324	0.0
11.0	26.298924238956285	19.66124971389334	21.080338750286106	32.95948729686427	0.0
12.0	27.80320366132723	21.212814645308924	17.665903890160184	33.318077803203664	0.0
13.0	30.846681922196794	21.16704805491991	18.215102974828376	29.77116704805492	0.0
14.0	28.67596615595701	18.72856162817288	19.73473587925909	32.860736336611026	0.0
15.0	26.96089640978733	20.329293391264578	22.18156871712783	30.528241481820263	0.0
16.0	26.040237768632828	21.467764060356654	21.6506630086877	30.84133516232282	0.0
17.0	27.732053040695014	20.98765432098765	20.5761316872428	30.704160951074535	0.0
18.0	25.19990861320539	22.161297692483437	19.64816084075851	32.99063285355266	0.0
19.0	26.2737034498515	22.7553118574366	21.681517020790494	29.28946767192141	0.0
20.0	25.95297877196987	24.058434147454918	19.196530472494864	30.792056608080348	0.0
21.0	23.660816047412812	21.814451789377706	22.976977433325736	31.54775472988375	0.0
22.0	27.07811432475518	20.405374629924847	20.33705306308358	32.17945798223639	0.0
23.0	30.49613108784706	19.185252617205283	18.84387801547565	31.47473827947201	0.0
24.0	25.772727272727273	20.931818181818183	17.5	35.79545454545455	0.0
25.0	28.123580190822356	19.036801453884596	16.378918673330304	36.460699681962744	0.0
26.0	30.367680435769408	18.066273263731276	18.11166591012256	33.454380390376755	0.0
27.0	27.47277676950998	20.12250453720508	20.30399274047187	32.10072595281307	0.0
28.0	31.82127466545702	17.486958493989565	17.21478793377183	33.47697890678158	0.0
29.0	26.76343842141075	20.866409616693126	17.3508732138807	35.019278748015424	0.0
30.0	31.728367022484672	18.282988871224166	17.987735634794458	32.00090847149671	0.0
31.0	29.763528876762162	18.03092314688495	17.735334242837652	34.47021373351523	0.0
32.0	33.41674249317562	18.3803457688808	18.926296633303004	29.27661510464058	0.0
33.0	28.57142857142857	19.703635100717758	19.93517017828201	31.78976614957166	0.0
34.0	35.358219336888475	15.163459309065615	19.68467424066775	29.793647113378157	0.0
35.0	29.651972157772622	17.494199535962878	19.76798143851508	33.08584686774942	0.0
36.0	29.679516953088715	18.20715281003251	17.974918718067812	34.13841151881096	0.0
37.0	29.157919290879402	19.967343130394216	17.424772568229532	33.449965010496854	0.0
38.0	26.873686668223208	18.72519262199393	19.26219939294887	35.138921316833994	0.0
39.0	29.271708683473392	19.28104575163399	19.11764705882353	32.3295985060691	0.0
40.0	29.351376574895006	17.638824078394773	20.088660755949604	32.92113859076062	0.0
41.0	27.81796966161027	16.382730455075848	23.54725787631272	32.25204200700117	0.0
42.0	33.08428671491945	16.20359561055335	19.42563623628298	31.286481438244223	0.0
43.0	30.009341429238674	19.033162073797293	18.47267631947688	32.48482017748716	0.0
44.0	30.27330063069376	19.037608035505723	16.30460172856809	34.384489605232424	0.0
45.0	30.855539971949508	15.988779803646564	19.611968209443663	33.54371201496026	0.0
46.0	31.817116060961315	15.07620164126612	20.961313012895662	32.14536928487691	0.0
47.0	32.52358490566038	16.816037735849058	21.132075471698116	29.528301886792452	0.0
48.0	27.76598254305261	18.966737438075018	20.94833687190375	32.31894314696863	0.0
49.0	28.534340335142787	18.55086145857918	18.149634175123907	34.765164031154114	0.0
50.0	28.305004721435317	19.90084985835694	20.16052880075543	31.633616619452315	0.0
51.0	30.31161473087819	17.70538243626062	18.53163361661945	33.45136921624174	0.0
52.0	28.57142857142857	18.654073199527748	21.889020070838253	30.88547815820543	0.0
53.0	29.76864966949953	19.995278564683662	19.61756373937677	30.61850802644004	0.0
54.0	28.46008502598016	20.33538025507794	18.80018894662258	32.40434577231932	0.0
55.0	27.970706354831087	17.977793527049375	19.040869359792108	35.01063075832743	0.0
56.0	24.935003545261168	19.522571496100213	21.318837154337036	34.22358780430159	0.0
57.0	29.267139479905435	18.983451536643024	19.858156028368796	31.891252955082745	0.0
58.0	27.274875915859138	19.92436776175845	18.19900732687308	34.60174899550933	0.0
59.0	25.414103170847135	19.072408897302413	21.06010411736867	34.45338381448178	0.0
60.0	29.713744972793943	19.801277501774308	18.571090607996215	31.913886917435537	0.0
61.0	28.327806726669824	16.816674561819042	22.501184272856467	32.35433443865466	0.0
62.0	27.175717334598055	20.796774958501306	20.93905620109082	31.088451505809818	0.0
63.0	28.98481973434535	18.809297912713472	20.659392789373815	31.546489563567366	0.0
64.0	28.05977229601518	18.40607210626186	20.137571157495255	33.396584440227706	0.0
65.0	26.274602798197773	19.16054066872184	20.891629120227652	33.67322741285274	0.0
66.0	30.56675361631492	17.02632202987906	20.36993123073275	32.03699312307327	0.0
67.0	28.402086296823136	20.957799905168326	18.56330014224751	32.07681365576102	0.0
68.0	26.902109504621947	22.30386347475705	17.895235837876275	32.89879118274472	0.0
69.0	30.4811566721972	21.047641621237258	18.037449632614365	30.433752073951176	0.0
70.0	29.41455321166153	21.924626688788813	16.781227779094575	31.879592320455085	0.0
71.0	28.58159392789374	21.86907020872865	21.086337760910816	28.46299810246679	0.0
72.0	29.537366548042705	18.457888493475682	20.901542111506526	31.103202846975087	0.0
73.0	29.127134724857683	16.650853889943072	22.011385199240987	32.210626185958255	0.0
74.0	29.127134724857683	18.263757115749527	21.46584440227704	31.14326375711575	0.0
75.0	28.873072360616845	19.9288256227758	21.70818505338078	29.48991696322657	0.0
76.0	30.65243179122183	18.74258600237248	19.33570581257414	31.269276393831554	0.0
77.0	30.51732320835311	20.07593735168486	19.174181300427147	30.23255813953488	0.0
78.0	29.615567157095395	17.370669197911724	21.120075937351686	31.893687707641195	0.0
79.0	29.995253915519697	19.957285239677265	18.011390602752726	32.03607024205031	0.0
80.0	34.22739140754806	16.021837170662238	18.75148350344173	30.999287918347974	0.0
81.0	28.76809874198908	18.086873961547592	21.26750534061239	31.877521955850934	0.0
82.0	32.16235461666271	15.309755518632803	22.478044149062427	30.04984571564206	0.0
83.0	33.50748040845405	17.026834481120872	19.35407266682498	30.111612443600094	0.0
84.0	30.49881235154394	17.458432304038006	19.90498812351544	32.13776722090261	0.0
85.0	30.16627078384798	17.339667458432302	20.2375296912114	32.25653206650831	0.0
86.0	30.197196483725353	19.173200285103352	19.624613922546924	31.004989308624374	0.0
87.0	32.1369146660328	17.13810316139767	18.849536486807704	31.87544568576183	0.0
88.0	31.906799809795526	16.048502139800284	19.234427009034714	32.81027104136947	0.0
89.0	31.24108416547789	16.096053257251544	18.87779362815026	33.78506894912031	0.0
90.0	28.673323823109843	16.405135520684734	20.114122681883025	34.8074179743224	0.0
91.0	30.932001902044696	19.614835948644792	16.262482168330955	33.19067998097955	0.0
92.0	29.72651605231867	19.548156956004757	17.50297265160523	33.22235434007134	0.0
93.0	29.686013320647003	18.458610846812558	19.50523311132255	32.35014272121789	0.0
94.0	29.105188005711568	16.111375535459306	19.776297001427892	35.00713945740124	0.0
95.0	28.557829604950026	18.443598286530225	20.276059019514516	32.72251308900523	0.0
96.0	28.65302237029986	18.705378391242267	19.966682532127557	32.67491670633032	0.0
97.0	27.843883864826275	19.03855306996668	18.89576392194193	34.221799143265116	0.0
98.0	27.88095238095238	20.166666666666664	18.523809523809522	33.42857142857143	0.0
99.0	28.11904761904762	20.357142857142858	18.023809523809522	33.5	0.0
100.0	29.878484631879914	17.13128425065523	21.44388849177984	31.546342625685014	0.0
101.0	30.116750059566357	20.08577555396712	21.4200619490112	28.377412437455323	0.0
102.0	28.050524308865587	19.566253574833176	20.233555767397522	32.149666348903715	0.0
103.0	27.079856972586413	19.833134684147797	20.97735399284863	32.10965435041716	0.0
104.0	26.873508353221958	17.75656324582339	22.0763723150358	33.29355608591885	0.0
105.0	27.694145758661886	19.426523297491038	19.54599761051374	33.33333333333333	0.0
106.0	33.07030129124821	20.086083213773314	18.220946915351508	28.622668579626975	0.0
107.0	31.468197034911526	19.607843137254903	19.99043519846963	28.933524629363937	0.0
108.0	32.82333253645709	18.527372699019843	18.288309825484102	30.360984939038964	0.0
109.0	28.4006693760459	19.00549844609132	17.881902940473342	34.711929237389434	0.0
110.0	29.01219803874671	19.038507534082754	18.82324802678785	33.126046400382684	0.0
111.0	29.64824120603015	17.15721464465183	20.603015075376884	32.59152907394113	0.0
112.0	27.596936333173765	20.847295356629967	18.93250359023456	32.6232647199617	0.0
113.0	31.13026819923372	16.091954022988507	20.474137931034484	32.303639846743295	0.0
114.0	31.2814371257485	16.718562874251496	18.922155688622755	33.07784431137725	0.0
115.0	26.264078600527196	18.42798945602684	16.271267673136833	39.03666427030913	0.0
116.0	28.643336529242568	18.959731543624162	18.024928092042185	34.372003835091085	0.0
117.0	32.35858101629914	18.288590604026847	17.953020134228186	31.399808245445833	0.0
118.0	31.551186765763607	17.621673459602015	18.197075041956364	32.630064732678015	0.0
119.0	25.56354916067146	20.911270983213427	22.685851318944845	30.839328537170264	0.0
120.0	29.407531782201968	20.148716718637562	21.46797793235788	28.975773566802594	0.0
121.0	30.750779563444468	20.076757016071	17.31830175101943	31.854161669465096	0.0
122.0	30.319021348045094	19.117294315183496	18.733509234828496	31.830175101942913	0.0
123.0	31.773458123350135	16.27069834413247	19.702423806095513	32.25341972642188	0.0
124.0	32.30916946711474	18.458953432549208	17.30676908305329	31.925108017282767	0.0
125.0	32.1402834494355	19.74537593081912	17.535431179437904	30.578909440307473	0.0
126.0	32.98102330050444	16.694691328368965	21.258707662743216	29.065577708383376	0.0
127.0	29.44003845229512	19.850997356404708	19.081951453977407	31.627012737322758	0.0
128.0	33.66193796585718	16.494349603270017	19.427747054580426	30.415965376292377	0.0
129.0	30.695212893913883	19.100312725523214	20.37527062785663	29.829203752706277	0.0
130.0	31.03033220991815	18.151179585941264	17.54935002407318	33.2691381800674	0.0
131.0	30.346820809248555	19.002890173410407	20.399807321772638	30.2504816955684	0.0
132.0	27.65598650927487	17.923391953746084	21.657431944109852	32.76318959286919	0.0
133.0	28.7882437966755	19.05564924114671	21.00698626836907	31.14912069380872	0.0
134.0	26.144578313253014	20.409638554216865	21.662650602409638	31.783132530120483	0.0
135.0	28.18905232698336	18.205931999035446	22.08825657101519	31.516759102966002	0.0
136.0	30.14954172696575	19.150988904968642	19.22334780511336	31.47612156295224	0.0
137.0	30.21009418014972	18.1598647669645	18.522096112050228	33.10794494083555	0.0
138.0	26.72143029717323	19.90819038415076	19.255858903116696	34.11452041555931	0.0
139.0	31.689630166787524	17.331399564902103	17.93570219966159	33.04326806864878	0.0
140.0	27.883917775090687	17.823458282950426	20.362756952841597	33.92986698911729	0.0
141.0	27.969997580450034	17.88047423179289	22.13888216791677	32.01064601984031	0.0
142.0	29.881442051778368	18.727316719090247	19.2838132107428	32.10742801838858	0.0
143.0	31.873184898354307	17.76379477250726	20.7405614714424	29.62245885769603	0.0
144.0	30.0	19.63680387409201	18.789346246973366	31.573849878934624	0.0
145.0	31.549636803874094	17.239709443099276	19.225181598062953	31.98547215496368	0.0
146.0	29.515738498789347	17.239709443099276	18.305084745762713	34.93946731234867	0.0
147.0	29.021317829457367	20.03391472868217	19.62209302325581	31.322674418604652	0.0
148.0	28.79301987396995	18.952981095492003	19.389238972370336	32.86476005816772	0.0
149.0	29.13233155598643	17.69268056228793	19.074163839069318	34.10082404265633	0.0
150.0	28.945454545454545	17.89090909090909	20.727272727272727	32.43636363636364	0.0
151.0	29.776915615906884	18.331716779825413	18.18622696411251	33.70514064015519	0.0
152.0	27.65647743813683	18.073750606501697	19.941775836972344	34.32799611838913	0.0
153.0	30.664725861232412	17.15186802523047	19.092673459485688	33.09073265405143	0.0
154.0	30.16258189759767	18.150934239262316	17.908274690609076	33.778209172530936	0.0
155.0	28.900752244600824	18.903178840087357	19.679689395777725	32.51637951953409	0.0
156.0	30.623635040038828	14.92356224217423	20.359136132006796	34.093666585780156	0.0
157.0	30.687059966011166	19.37363437727604	21.24302015052197	28.696285506190822	0.0
158.0	31.099781500364166	18.669579995144453	18.28113619810634	31.949502306385046	0.0
159.0	31.374453618261295	15.760077707625062	22.46236036911122	30.40310830500243	0.0
160.0	27.429543245869777	18.415937803692906	22.157434402332363	31.997084548104954	0.0
161.0	28.82839086047642	16.285853184248904	23.894020418084587	30.991735537190085	0.0
162.0	30.12399708242159	17.238025771942624	23.38925358619013	29.24872355944566	0.0
163.0	30.051057622173595	15.26866034524678	22.538293216630198	32.14198881594943	0.0
164.0	32.481751824817515	17.226277372262775	22.06812652068127	28.223844282238442	0.0
165.0	31.62892622352082	17.555393231068905	20.964207450693937	29.851473094716336	0.0
166.0	31.798245614035086	18.17738791423002	20.760233918128655	29.264132553606238	0.0
167.0	27.77777777777778	18.055555555555554	21.58869395711501	32.57797270955166	0.0
168.0	27.066569129480616	19.28797854181907	20.238966105827846	33.40648622287247	0.0
169.0	26.456961716654476	18.45891246037552	18.45891246037552	36.62521336259449	0.0
170.0	29.700073152889537	16.483784442818823	19.45866861741039	34.35747378688125	0.0
171.0	28.79785418190685	17.971226530114606	19.77566447207998	33.45525481589856	0.0
172.0	29.934130275676996	20.00487923883874	18.419126616247866	31.641863869236396	0.0
173.0	25.963884821864326	19.20448999511957	18.594436310395317	36.23718887262079	0.0
174.0	29.160566129819426	19.91215226939971	19.009272816007808	31.91800878477306	0.0
175.0	28.288991945325847	19.624115206248476	19.52648279228704	32.560410056138636	0.0
176.0	30.56640625	16.7724609375	18.9208984375	33.740234375	0.0
177.0	29.349951124144674	19.868035190615835	18.841642228739	31.94037145650049	0.0
178.0	31.979447027159285	17.885979936383656	19.990212870075847	30.144360166381208	0.0
179.0	26.83643486777669	19.29480901077375	22.404505386875613	31.464250734573945	0.0
180.0	30.222875336762183	18.295371050698016	19.103600293901543	32.37815331863826	0.0
181.0	29.737680804118654	17.651385143417507	19.612650159352782	32.99828389311106	0.0
182.0	32.016683022571144	17.86064769381747	21.197252208047104	28.92541707556428	0.0
183.0	30.763564939847775	22.685980849496683	17.849251166216547	28.701203044438987	0.0
184.0	31.70312115999017	21.03710985500123	18.5549275006144	28.7048414843942	0.0
185.0	30.366363412835014	21.686746987951807	19.62134251290878	28.325547086304404	0.0
186.0	33.33333333333333	17.22017220172202	22.41082410824108	27.035670356703566	0.0
187.0	30.25603151157065	20.40866568193008	21.36878385032004	27.966518956179222	0.0
188.0	31.29000492368291	18.83308714918759	20.40866568193008	29.46824224519941	0.0
189.0	31.70731707317073	18.25572801182557	18.77309682187731	31.263858093126384	0.0
190.0	34.253326761951705	17.37309019221291	18.087727944800395	30.285855101034993	0.0
191.0	30.8906982482112	18.57883049592894	18.085368862570935	32.44510239328892	0.0
192.0	34.50148075024679	17.398815399802565	18.583415597235934	29.516288252714705	0.0
193.0	30.18774703557312	16.32905138339921	20.454545454545457	33.02865612648221	0.0
194.0	28.998763906056862	18.8380716934487	21.23609394313968	30.92707045735476	0.0
195.0	30.23025501361723	20.15350334241149	19.262193612280267	30.35404803169101	0.0
196.0	31.3196335726665	20.07922753156722	18.073780638771975	30.527358256994308	0.0
197.0	31.631135349529004	19.31085770946951	18.939018344075357	30.118988596926126	0.0
198.0	32.11805555555556	19.1468253968254	18.154761904761905	30.580357142857146	0.0
199.0	28.323412698412696	19.419642857142858	20.188492063492063	32.06845238095239	0.0
200.0	28.44378257632167	19.558203028046663	20.79920575825267	31.198808637379	0.0
201.0	28.39751552795031	16.795031055900623	20.422360248447205	34.38509316770186	0.0
202.0	30.042278040288483	16.985824421785626	20.293459338473017	32.67843819945288	0.0
203.0	31.201791490420504	16.795222692211993	22.095048519532224	29.90793729783528	0.0
204.0	28.603435399551902	19.093851132686083	20.413243714214587	31.889469753547424	0.0
205.0	32.702366127023666	17.63387297633873	18.929016189290163	30.734744707347446	0.0
206.0	29.82062780269058	17.364225211758843	20.453413054309916	32.36173393124066	0.0
207.0	27.866400797607177	18.569292123629115	21.7098703888335	31.85443668993021	0.0
208.0	28.36118732851085	18.034422549264157	22.49937640309304	31.105013719131954	0.0
209.0	30.51397205588822	17.789421157684632	20.459081836327346	31.2375249500998	0.0
210.0	30.509745127436283	18.015992003998	20.014992503748125	31.45927036481759	0.0
211.0	31.690845422711355	18.384192096048025	20.985492746373186	28.939469734867433	0.0
212.0	29.912390488110134	17.171464330413016	21.176470588235293	31.739674593241553	0.0
213.0	30.736472945891784	18.7625250501002	20.841683366733466	29.659318637274552	0.0
214.0	31.118355065195587	19.483450351053158	22.24172517552658	27.156469408224677	0.0
215.0	33.96084337349398	19.879518072289155	18.87550200803213	27.28413654618474	0.0
216.0	35.888414174415686	17.86881125911033	18.848957024377984	27.393817542096006	0.0
217.0	29.330312185297082	17.799597180261834	19.73816717019134	33.131923464249745	0.0
218.0	28.45979329468112	17.746407864885303	22.485505419712627	31.308293420720943	0.0
219.0	28.510101010101007	19.242424242424242	22.676767676767675	29.57070707070707	0.0
220.0	30.485338725985844	20.424671385237612	19.03437815975733	30.055611729019212	0.0
221.0	30.078421452061725	20.313685808246902	17.9863394889957	31.621553250695673	0.0
222.0	31.97365087408158	19.027109196858376	18.748416518875093	30.250823410184953	0.0
223.0	32.868727825646225	17.511403953370504	17.663456664977193	31.95641155600608	0.0
224.0	35.902636916835704	15.289046653144018	19.675456389452332	29.132860040567955	0.0
225.0	35.4388635210553	17.45306950786403	19.076610857432776	28.031456113647895	0.0
226.0	34.171747967479675	17.58130081300813	18.318089430894307	29.928861788617887	0.0
227.0	31.84243964421855	16.289707750952985	20.076238881829735	31.79161372299873	0.0
228.0	29.480651731160894	18.966395112016293	17.769857433808554	33.783095723014256	0.0
229.0	30.37263910158244	20.4951505870342	17.304747320061256	31.827462991322104	0.0
230.0	30.23255813953488	21.49246102734475	16.611295681063122	31.663685152057248	0.0
231.0	30.741687979539645	20.383631713554987	18.286445012787723	30.58823529411765	0.0
232.0	28.238607270865334	18.049155145929337	18.868407578084998	34.84383000512033	0.0
233.0	28.92646682039457	18.396105559825777	20.215219062259802	32.46220855751986	0.0
234.0	27.80200051295204	19.081815850218003	21.826109258784303	31.290074378045652	0.0
235.0	26.46983311938382	19.25545571245186	20.077021822849808	34.19768934531451	0.0
236.0	27.099922938607758	17.647058823529413	23.452350372463396	31.800667865399433	0.0
237.0	27.45753988677303	19.505918682449817	21.152856407617087	31.883685023160062	0.0
238.0	30.735483870967744	16.7741935483871	19.716129032258063	32.774193548387096	0.0
239.0	28.549262994569435	15.929661236100337	20.61029221618826	34.910783553141975	0.0
240.0	28.319958581413406	16.61920786953145	21.485891793942532	33.57494175511261	0.0
241.0	27.708657335406944	17.47019180922758	21.721099015033694	33.10005184033178	0.0
242.0	27.39299610894942	16.36835278858625	22.30869001297017	33.929961089494164	0.0
243.0	26.14345114345114	15.306652806652806	23.986486486486484	34.563409563409564	0.0
244.0	26.927083333333336	15.937499999999998	20.885416666666668	36.25	0.0
245.0	29.335071707953063	17.835723598435465	21.121251629726206	31.70795306388527	0.0
246.0	28.38473601672765	15.891270256142183	20.543648719289077	35.18034500784108	0.0
247.0	26.317169069462647	17.011795543905635	23.25032765399738	33.420707732634334	0.0
248.0	26.339285714285715	17.778361344537817	22.505252100840337	33.377100840336134	0.0
249.0	26.729807945277557	18.60036832412523	20.3893712181005	34.28045251249671	0.0
250.0	27.030590717299578	19.06645569620253	19.54113924050633	34.36181434599156	0.0
251.0	28.125826063970393	17.55220724292889	21.094369547977795	33.227597145122914	0.0
252.0	26.75496688741722	19.788079470198674	20.397350993377483	33.05960264900663	0.0
253.0	32.50996015936255	15.405046480743692	18.00796812749004	34.07702523240372	0.0
254.0	30.554075652637184	17.84762919552477	19.872136387852958	31.726158763985087	0.0
255.0	29.59893048128342	18.983957219251337	19.385026737967912	32.032085561497325	0.0
256.0	29.895526386284487	19.26064827216716	17.948031074203055	32.895794267345295	0.0
257.0	29.919354838709676	17.580645161290324	18.306451612903228	34.193548387096776	0.0
258.0	30.1535974130962	18.970627863109673	17.811910536243598	33.06386418755052	0.0
259.0	32.202930005425934	17.715680954964732	17.85132935431362	32.230059685295714	0.0
260.0	31.178396072013093	18.630660120021822	18.73977086743044	31.451172940534644	0.0
261.0	29.890710382513664	20.081967213114755	19.672131147540984	30.3551912568306	0.0
262.0	31.38706140350877	17.077850877192983	19.380482456140353	32.15460526315789	0.0
263.0	30.703683342495875	20.06597031335899	18.8565145684442	30.373831775700932	0.0
264.0	31.90200935865676	18.662262592898433	19.185246352876412	30.2504816955684	0.0
265.0	30.441988950276244	19.447513812154696	20.138121546961326	29.972375690607734	0.0
266.0	34.498058790904054	17.997781475318913	19.328896283971158	28.175263449805882	0.0
267.0	30.707126948775056	19.682628062360802	20.71269487750557	28.897550111358573	0.0
268.0	31.232414181204277	18.683173888576253	20.0900393922341	29.99437253798537	0.0
269.0	31.47050522156365	19.27744848998024	19.503245836861417	29.748800451594693	0.0
270.0	32.918552036199095	19.004524886877828	16.968325791855204	31.108597285067873	0.0
271.0	32.254400908574674	18.99488926746167	18.05792163543441	30.692788188529246	0.0
272.0	30.59360730593607	17.123287671232877	19.06392694063927	33.21917808219178	0.0
273.0	28.87807670291929	17.25815684029765	21.150543789353176	32.71322266742988	0.0
274.0	32.098765432098766	18.37496411139822	18.776916451335058	30.749354005167955	0.0
275.0	29.806860766791583	17.094263476506196	22.05246468722975	31.04641106947247	0.0
276.0	31.614024920312957	19.124891335844683	19.73341060562156	29.527673138220806	0.0
277.0	27.19604421175102	18.644560791157648	20.18615474112856	33.973240255962764	0.0
278.0	27.612375948628138	18.534734384121425	23.84705195563339	30.005837711617044	0.0
279.0	30.872876391329818	20.56239015817223	19.85940246045694	28.705330990041006	0.0
280.0	30.17978190391983	21.013852048334808	20.277040966696138	28.529325081049215	0.0
281.0	29.68009478672986	16.43957345971564	22.808056872037916	31.072274881516588	0.0
282.0	29.63403748884261	17.49479321630467	23.05861350788456	29.812555786968165	0.0
283.0	28.059701492537314	19.462686567164177	21.850746268656717	30.626865671641788	0.0
284.0	24.789915966386555	21.638655462184875	23.289315726290518	30.282112845138055	0.0
285.0	27.977087729876395	19.023213747362075	23.183599638227314	29.81609888453422	0.0
286.0	28.008487420430434	18.763261594422552	22.188541982418915	31.0397090027281	0.0
287.0	25.966514459665145	19.84779299847793	22.67884322678843	31.506849315068493	0.0
288.0	24.69437652811736	19.621026894865526	21.118581907090466	34.566014669926645	0.0
289.0	27.35095267363245	20.129071911493547	22.280270436385987	30.239704978488014	0.0
290.0	30.747836835599507	15.358467243510507	21.22991347342398	32.663782447466005	0.0
291.0	29.7162457125039	16.152167134393515	23.323978796382914	30.807608356719673	0.0
292.0	28.795976108142096	18.076076705438542	23.231688148381014	29.89625903803835	0.0
293.0	28.277390753641544	18.746041798606715	22.16592780240659	30.810639645345155	0.0
294.0	30.688336520076483	19.725940089228807	21.25557680050988	28.330146590184828	0.0
295.0	30.336000000000002	18.144	22.016	29.504	0.0
296.0	29.598715890850723	18.45906902086677	23.820224719101123	28.121990369181383	0.0
297.0	29.1044776119403	20.246593121349772	22.323166774821544	28.325762491888383	0.0
298.0	26.907763769077636	21.366954213669544	21.964167219641674	29.76111479761115	0.0
299.0	27.000352485019384	19.351427564328517	21.04335565738456	32.60486429326754	0.0
300.0	32.583503749147916	9.815950920245399	22.83571915473756	34.76482617586912	0.0
