# Position (bp)	A	C	G	T	N
0.0	41.35811722380453	17.04392145105681	18.910208364563033	22.687752960575626	0.0
1.0	22.38794783390796	34.34267725978114	22.020686553740067	21.24868835257083	0.0
2.0	28.503172825681222	29.630459126539755	15.11758118701008	26.74878686076894	0.0
3.0	38.55439642324888	17.272727272727273	18.27123695976155	25.901639344262296	0.0
4.0	39.60226426336958	15.916877699985104	15.626396544019066	28.85446149262625	0.0
5.0	25.487568855143667	29.529551883281226	15.698972755694507	29.2839065058806	0.0
6.0	24.96464458503908	31.484927428358766	17.067361369557126	26.483066617045033	0.0
7.0	40.340824527459446	18.19467182616461	16.06637892543533	25.39812472094062	0.0
8.0	40.565265898103384	16.058014131647454	16.429899590925995	26.946820379323167	0.0
9.0	25.689642352591267	29.712246263662728	16.863707338835603	27.734404044910406	0.0
10.0	22.74483578540645	14.407787189775597	18.338534700549857	44.508842324268095	0.0
11.0	23.468251021165987	16.353509097660602	16.858522094318605	43.31971778685481	0.0
12.0	22.76808905380334	15.487940630797773	18.159554730983302	43.58441558441559	0.0
13.0	25.73611214121486	29.83757324037677	17.889193799599497	26.53712081880887	0.0
14.0	24.72568208778173	16.266310794780544	31.939501779359432	27.068505338078293	0.0
15.0	36.48488441019561	17.36810906935388	17.686721991701244	28.46028452874926	0.0
16.0	23.20503330866025	16.861584011843078	17.57957068837898	42.35381199111769	0.0
17.0	26.417744916820702	27.955637707948245	17.212569316081332	28.41404805914972	0.0
18.0	23.560712438105092	18.00310398344542	16.7762914788264	41.659892099623086	0.0
19.0	25.125591016548466	31.73020094562648	16.659278959810877	26.484929078014186	0.0
20.0	23.841157366400946	16.86595807499262	17.153823442574552	42.13906111603188	0.0
21.0	24.620486366986	16.49226234340457	18.34193072955048	40.545320560058954	0.0
22.0	24.904270986745214	16.435935198821795	30.522827687776143	28.136966126656848	0.0
23.0	23.577475156422526	17.607655502392344	17.246963562753038	41.5679057784321	0.0
24.0	39.09077534206267	15.06547006032073	17.18405178755333	28.659702810063266	0.0
25.0	26.54756653433319	15.894721364505221	28.885458020879284	28.67225408028231	0.0
26.0	39.41509295319274	15.44566095965905	15.710191784848263	29.42905430229995	0.0
27.0	24.97612576213913	16.66789098655697	14.838757070447366	43.51722618085653	0.0
28.0	24.959612277867528	28.961668380085182	13.915406080187987	32.16331326185931	0.0
29.0	27.069269151746404	13.993249192838276	15.196653947754623	43.7408277076607	0.0
30.0	25.112074667450578	15.624311016388623	28.845447196296025	30.418167119864776	0.0
31.0	27.9126213592233	13.62165342747867	15.570756104736688	42.89496910856134	0.0
32.0	26.1992348440259	16.399352560329604	16.171277221895235	41.23013537374926	0.0
33.0	25.951276955913745	30.632221976889674	15.308751011996764	28.107750055199826	0.0
34.0	26.34132000587976	15.559312068205204	17.49228281640453	40.60708510951051	0.0
35.0	24.20363422349739	29.780033840947546	16.05237990141985	29.963952034135215	0.0
36.0	26.16279069767442	13.975566676479245	16.8899028554607	42.97173977038564	0.0
37.0	41.00883652430044	16.597938144329895	16.25920471281296	26.134020618556704	0.0
38.0	38.173509250386964	18.279649148669566	15.36817277216776	28.178668828775706	0.0
39.0	41.84654050857481	15.72294500295683	14.695446481371969	27.73506800709639	0.0
40.0	24.017208129357662	29.543094496365523	18.11303960836671	28.326657765910102	0.0
41.0	25.754077604826097	14.306993371564758	32.270797646533104	27.668131377076037	0.0
42.0	41.49634492018499	15.135014172758465	16.61942413844547	26.749216768611067	0.0
43.0	40.530642750373694	16.64424514200299	16.621823617339313	26.203288490284006	0.0
44.0	27.850285028502853	29.08040804080408	14.461446144614461	28.60786078607861	0.0
45.0	31.605393183150486	15.660329955615108	17.904698098986685	34.82957876224772	0.0
46.0	30.781076225511168	16.921892377448884	18.513132004448625	33.78389939259133	0.0
47.0	31.320200449282876	17.435631588042163	18.818040435458787	32.426127527216174	0.0
48.0	27.84886736987723	18.28635656233789	18.23448037350856	35.63029569427633	0.0
49.0	29.757365684575387	17.616984402079723	18.75216637781629	33.8734835355286	0.0
50.0	27.678029317373582	21.953335068089167	18.622603868505507	31.746031746031743	0.0
51.0	30.045115391289258	19.043900746139165	17.976748221412457	32.93423564115912	0.0
52.0	29.024136134745614	18.432019447820803	20.33339121375239	32.2104532036812	0.0
53.0	29.4398610508033	19.522362136343897	19.565783760312634	31.471993052540164	0.0
54.0	27.592496091714438	22.49435469862776	19.107173875282264	30.80597533437554	0.0
55.0	29.978289188015633	18.28050369083804	18.82761615284412	32.913590968302216	0.0
56.0	28.044120201493833	18.872676741358347	19.05506340107695	34.02813965607087	0.0
57.0	30.09641275080344	17.779900981499175	19.404151828367933	32.71953443932946	0.0
58.0	30.868809730668982	18.531711555169416	18.297132927888793	32.30234578627281	0.0
59.0	28.279756733275413	18.653344917463073	21.190269331016506	31.876629018245005	0.0
60.0	29.313640312771504	17.141615986099044	20.364900086880976	33.179843614248476	0.0
61.0	29.254302103250478	17.19103076655658	20.73700677907179	32.817660351121155	0.0
62.0	27.954090948613164	19.180940787757585	21.502478045387356	31.362490218241888	0.0
63.0	32.1789070657849	17.525234946049427	19.97041420118343	30.325443786982248	0.0
64.0	27.92863359442994	18.085291557876417	22.428198433420366	31.557876414273284	0.0
65.0	29.614480898094158	18.849534418240363	20.7640762335741	30.771908450091374	0.0
66.0	29.13474930362117	16.521587743732592	21.422353760445684	32.92130919220056	0.0
67.0	28.314039516058838	18.10427365305945	20.053964661850465	33.52772216903125	0.0
68.0	25.78397212543554	19.55574912891986	20.365853658536583	34.29442508710802	0.0
69.0	27.321024211809792	20.101027695523427	21.07646751437032	31.501480578296466	0.0
70.0	27.29727375664141	19.19693406497692	20.19858897308597	33.30720320529571	0.0
71.0	29.175015245230423	18.96506664343584	20.524435926474432	31.33548218485931	0.0
72.0	28.43700993204391	19.45460881686705	21.048963234012895	31.059418017076148	0.0
73.0	29.706420419897206	17.640909486889104	20.219531318059065	32.43313877515463	0.0
74.0	28.90883737144849	18.53756318633432	21.221892975422698	31.33170646679449	0.0
75.0	28.168891215214163	18.52918084271133	22.995725377300882	30.30620256477362	0.0
76.0	29.580169328794625	18.599982543423234	18.0675569520817	33.75229117570044	0.0
77.0	28.768438509208345	18.896744348433273	18.661080562101773	33.673736580256616	0.0
78.0	28.842123646524627	18.96611945511701	19.11456514146001	33.07719175689836	0.0
79.0	28.446695189033438	19.907447830262814	18.13498646642801	33.51087051427574	0.0
80.0	28.77107170931959	17.189274172416805	20.377325530614026	33.662328587649576	0.0
81.0	26.897877173058443	18.109548353280335	20.022713374683324	34.9698610989779	0.0
82.0	28.964613368283093	17.929226736566186	20.463084316295323	32.643075578855395	0.0
83.0	29.22310582889103	18.20326837367823	21.742550030586386	30.831075766844357	0.0
84.0	27.331526964426185	17.699501791801417	20.461498120793635	34.50747312297876	0.0
85.0	29.74036191974823	17.195559052364718	20.70111023690882	32.36296879097823	0.0
86.0	29.93964838625033	17.169596781247268	21.36796991165923	31.522784920843172	0.0
87.0	31.446815955213438	17.337298810356895	21.65850244926522	29.55738278516445	0.0
88.0	31.46981627296588	18.635170603674542	17.506561679790025	32.38845144356956	0.0
89.0	31.661853504856918	16.11971646101339	18.911350310667714	33.307079723461975	0.0
90.0	29.430296665791545	16.959831976896822	20.1102651614597	33.499606195851925	0.0
91.0	29.382932166301966	19.054704595185996	16.814004376367613	34.74835886214442	0.0
92.0	29.373139555244265	17.518823323410963	17.939064962353353	35.168972158991416	0.0
93.0	31.681260945709283	16.72504378283713	20.043782837127846	31.549912434325744	0.0
94.0	30.357455756089013	16.926581391273874	19.563693709479587	33.152269143157525	0.0
95.0	29.755541925874002	17.190922632086217	20.546744939980723	32.506790502059054	0.0
96.0	29.20245398773006	16.967572304995617	19.614373356704647	34.21560035056967	0.0
97.0	30.32269379165205	17.774465099964925	19.703612767450018	32.199228340933004	0.0
98.0	30.90143809189758	18.800420904945632	18.94949140652403	31.34864959663276	0.0
99.0	30.14119091467158	18.424975883539418	19.021310181531177	32.41252302025783	0.0
100.0	32.11897219288983	16.39387539598733	18.73460049278423	32.75255191833861	0.0
101.0	31.43915997529339	19.3240977675814	19.641754169240272	29.59498808788494	0.0
102.0	30.485213387639455	17.283513369930937	19.860102709403225	32.37117053302639	0.0
103.0	29.12336797228884	19.895194955146994	18.26982858157918	32.711608490984986	0.0
104.0	28.454415954415957	17.993233618233617	18.58974358974359	34.962606837606835	0.0
105.0	29.994643813604714	17.978932333511874	19.300124977682557	32.726298875200854	0.0
106.0	32.076316732353995	18.425295592977427	17.69079183088499	31.80759584378359	0.0
107.0	30.57650862068966	18.45366379310345	18.489583333333336	32.48024425287356	0.0
108.0	33.89494549058474	17.8664744571583	16.605099558518784	31.633480493738176	0.0
109.0	28.63595302619693	18.157181571815716	20.61427280939476	32.592592592592595	0.0
110.0	26.088139281828077	18.997098295248456	20.302865433442147	34.61189698948132	0.0
111.0	32.42038216560509	17.961783439490446	19.454049135577797	30.16378525932666	0.0
112.0	28.408572731418147	18.449612403100776	19.25216598267214	33.889648882808935	0.0
113.0	29.271862422246613	17.855836077570437	18.212586900841565	34.659714599341385	0.0
114.0	29.67315460888726	17.728608152772676	19.059860448035256	33.53837679030482	0.0
115.0	26.660533578656853	20.30358785648574	18.804047838086476	34.23183072677093	0.0
116.0	29.36449288749307	18.483280990208755	18.82505080362091	33.32717531867726	0.0
117.0	29.927751018895886	19.340496480177844	19.266394961096704	31.465357539829565	0.0
118.0	29.138395761687892	16.376986708801933	20.447997025745888	34.03662050376429	0.0
119.0	25.983958216750608	18.97966797239321	23.932102219735125	31.10427159112106	0.0
120.0	26.871958068139275	21.28416323474354	20.741295394983155	31.102583302134036	0.0
121.0	30.047873838355393	18.943020745329957	18.398573171876468	32.61053224443818	0.0
122.0	26.93866013379817	17.553943277112975	20.116837840384434	35.39055874870442	0.0
123.0	30.056657223796034	17.40321057601511	18.744098205854577	33.79603399433428	0.0
124.0	30.756828528072838	17.536039453717756	19.916540212443095	31.79059180576631	0.0
125.0	28.368861819566042	18.87133612485725	18.271792919680244	34.488009135896455	0.0
126.0	30.814786512560893	18.521348743910593	17.804947941541695	32.85891680198682	0.0
127.0	29.950115118956255	16.816960859554875	20.471987720644666	32.76093630084421	0.0
128.0	29.326135158584787	18.046852405282944	19.618239660657476	33.008772775474796	0.0
129.0	30.29921564830057	17.91420548077854	18.53394015687034	33.25263871405055	0.0
130.0	30.048685491723464	18.60759493670886	17.234664070107108	34.10905550146057	0.0
131.0	31.0641627543036	18.828247261345854	19.072769953051644	31.034820031298903	0.0
132.0	29.338964738237895	16.7075925744033	22.198212356350062	31.755230331008743	0.0
133.0	27.870306494530407	20.488814427909727	19.828520745047797	31.812358332512076	0.0
134.0	27.771179730799684	19.032066508313537	18.92319873317498	34.2735550277118	0.0
135.0	28.68201667328305	17.37792774910679	20.811830091306074	33.12822548630409	0.0
136.0	27.818725099601593	17.10159362549801	19.372509960159363	35.70717131474104	0.0
137.0	28.687131286871313	16.728327167283272	19.56804319568043	35.01649835016498	0.0
138.0	28.702029334940725	18.213783403656823	19.067711472774764	34.01647578862769	0.0
139.0	28.914205060994053	18.16715394697046	19.598749873979234	33.319891118056255	0.0
140.0	29.380817482800488	17.513152569809794	21.47915823553217	31.626871711857547	0.0
141.0	29.868942395611093	17.992481966880018	19.374174540282436	32.764401097226454	0.0
142.0	32.486480971329456	18.049178655239263	17.712478318538924	31.75186205489236	0.0
143.0	32.98144921594752	19.42195346930409	19.145229066311366	28.45136824843702	0.0
144.0	32.08732365358871	18.741633199464523	17.433837915765626	31.737205231181136	0.0
145.0	30.3722854188211	18.91416752843847	17.559462254395036	33.154084798345394	0.0
146.0	29.794520547945208	18.7733499377335	18.48277293482773	32.94935657949357	0.0
147.0	29.22531539985403	18.392242727557083	18.079449483891146	34.30299238869774	0.0
148.0	29.143936214855227	18.044481745698697	19.523709609735626	33.28787242971045	0.0
149.0	30.75139635367267	18.811255137527663	17.810095900516387	32.62725260828327	0.0
150.0	27.76542817825765	18.39737482798772	20.48269291838679	33.35450407536784	0.0
151.0	29.604423649510846	18.396427052318163	20.257337303275204	31.74181199489579	0.0
152.0	28.193879734645837	18.959982880376632	17.483415364861973	35.362722020115555	0.0
153.0	29.458615864815414	18.404907975460123	20.266924981164568	31.869551178559895	0.0
154.0	30.709258256632378	17.975094748240387	18.85219274499188	32.46345425013536	0.0
155.0	29.40664126292869	20.381056069678824	17.920522591181275	32.29178007621121	0.0
156.0	30.561945448570487	17.647058823529413	19.48734801183043	32.30364771606967	0.0
157.0	31.028407839682888	18.321955516406078	19.588196432503853	31.061440211407177	0.0
158.0	27.83311199645861	21.403275785745908	18.4373616644533	32.32625055334219	0.0
159.0	32.925064024050776	15.900233826968044	19.975503841443047	31.199198307538133	0.0
160.0	27.508960573476703	18.671594982078854	20.72132616487455	33.098118279569896	0.0
161.0	29.154945425903005	17.30617756273208	21.01946663666029	32.51941037470463	0.0
162.0	30.85707824513795	18.22704658525554	20.307553143374037	30.608322026232475	0.0
163.0	28.402769894426154	17.504824611193097	19.411965035758882	34.68044045862187	0.0
164.0	27.73531089560753	17.49001711351968	19.03023388476897	35.74443810610382	0.0
165.0	27.91256580453193	17.20073243305104	21.480888075074386	33.405813687342636	0.0
166.0	27.23096359251177	18.950269897783393	20.44332146548754	33.375445044217294	0.0
167.0	28.872995731918326	17.925943015342025	20.382973814742183	32.81808743799746	0.0
168.0	29.74976830398517	18.47775718257646	19.404541241890637	32.36793327154773	0.0
169.0	26.33907778295296	18.199813693525847	21.297158826269214	34.16394969725198	0.0
170.0	27.203647416413375	17.617488894084637	19.207388356324525	35.97147533317746	0.0
171.0	30.111830488522664	16.28016480282519	18.77575044143614	34.832254267216015	0.0
172.0	28.403839317454675	19.753525299206068	17.76276810048584	34.07986728285342	0.0
173.0	28.697308883067397	16.968325791855204	19.183138842581567	35.15122648249584	0.0
174.0	30.55189752184844	18.5681790973303	18.819585777564946	32.060337603256315	0.0
175.0	27.843986998916577	17.29866377753702	22.005537498495244	32.851811725051164	0.0
176.0	28.40688651794374	16.93743937924345	17.51939864209505	37.13627546071775	0.0
177.0	26.691866845506645	19.448847701499815	19.704914034873795	34.15437141811974	0.0
178.0	26.799950938304917	20.97387464736907	19.244449895743898	32.98172451858212	0.0
179.0	28.969771745835903	16.804441702652685	21.048735348550277	33.17705120296113	0.0
180.0	30.227640253762907	16.059211344694614	19.89053364846374	33.82261475307874	0.0
181.0	28.44082654978084	18.447088290544773	18.57232310582342	34.53976205385097	0.0
182.0	30.328591212388268	17.310839733098327	18.569809895505475	33.79075915900793	0.0
183.0	29.29420693144447	20.718441689855805	19.31444472552492	30.672906653174802	0.0
184.0	31.525899464149017	19.239601939270223	17.26205664710385	31.97244194947691	0.0
185.0	29.2811296534018	18.459563543003853	21.18100128369705	31.078305519897302	0.0
186.0	29.445234708392604	17.97491271175482	21.388852967800336	31.190999612052245	0.0
187.0	30.194339376548847	21.351245598017478	17.34707186644059	31.10734315899309	0.0
188.0	31.177555321390937	17.623814541622764	18.50632244467861	32.69230769230769	0.0
189.0	30.22328548644338	18.700159489633176	20.215311004784688	30.861244019138756	0.0
190.0	31.205578650932008	18.144025747619686	17.701488534263106	32.948907067185196	0.0
191.0	27.774023516691443	18.57007703743749	19.35396675226382	34.30193269360725	0.0
192.0	31.819421713038736	18.289689034369886	18.412438625204583	31.4784506273868	0.0
193.0	31.175092988014878	18.404738944758233	19.07976305276209	31.3404050144648	0.0
194.0	28.884877100402722	19.872239966671295	19.275100680461048	31.96778225246494	0.0
195.0	29.1006033394135	21.046723726673214	19.854076048828396	29.99859688508489	0.0
196.0	30.321113952827506	19.26683716965047	18.641659562375676	31.770389315146346	0.0
197.0	28.51585014409222	20.92219020172911	20.028818443804035	30.53314121037464	0.0
198.0	28.17834020011772	21.51265450264862	19.938198940553267	30.3708063566804	0.0
199.0	28.146206045650835	22.9487970388649	18.615052436767428	30.28994447871684	0.0
200.0	23.66494016788712	19.146276120735845	22.307554920521522	34.88122879085551	0.0
201.0	31.731984829329964	16.991150442477874	18.305941845764856	32.9709228824273	0.0
202.0	31.095225938218025	17.92187898902221	20.908858820525914	30.074036252233853	0.0
203.0	30.061983471074385	18.827479338842977	19.395661157024794	31.714876033057855	0.0
204.0	32.916991933385376	18.423106947697114	21.96200884725475	26.697892271662766	0.0
205.0	31.110527697558414	16.77605670779732	21.97427146232607	30.139144132318197	0.0
206.0	29.335451416468096	21.10140323007678	20.94254699496955	28.620598358485573	0.0
207.0	27.65900587920898	19.02725815072154	21.940138963121324	31.373597006948156	0.0
208.0	27.018299246501616	18.11087190527449	22.039827771797633	32.83100107642626	0.0
209.0	25.768707482993197	19.782312925170068	19.537414965986393	34.91156462585034	0.0
210.0	27.776246899972445	17.608156516946817	20.666850372003307	33.94874621107743	0.0
211.0	29.93861607142857	17.801339285714285	21.316964285714285	30.943080357142854	0.0
212.0	24.96469923750353	16.88788477831121	23.609149957639087	34.53826602654617	0.0
213.0	29.540229885057474	20.28735632183908	17.95977011494253	32.212643678160916	0.0
214.0	30.11908219575951	21.347661922741796	19.169329073482427	29.363926808016267	0.0
215.0	27.381999413661685	21.137496335385517	18.498973907944887	32.98153034300791	0.0
216.0	31.896551724137932	17.86563614744352	20.659928656361473	29.577883472057074	0.0
217.0	25.989724992444845	21.30553037171351	23.481414324569354	29.22333031127229	0.0
218.0	25.8444375581035	19.181902696002478	19.739696312364423	35.23396343352959	0.0
219.0	22.590673575129532	22.93609671848014	23.454231433506045	31.018998272884286	0.0
220.0	13.631633714880333	23.465140478668054	23.04890738813736	39.85431841831426	0.0
