# Position (bp)	A	C	G	T	N
0.0	26.28538501152798	24.05772494223603	24.003440460875584	25.6534495853604	0.0
1.0	26.783475862523225	20.551159486294885	15.535625304666434	37.12973934651545	0.0
2.0	28.79836240846934	19.696488035114573	17.68228067459082	33.82286888182527	0.0
3.0	23.025743016306276	22.73966440387887	15.432066194717006	38.80252638509785	0.0
4.0	34.01309422993501	13.188170821124286	14.93227192419975	37.86646302474096	0.0
5.0	34.640622551953534	14.960532559652023	23.377450300782137	27.021394587612306	0.0
6.0	31.152356892300183	17.557269116211316	21.347351749288848	29.943022242199653	0.0
7.0	35.31709150141892	17.180069867408818	20.13162637504827	27.371212256123993	0.0
8.0	22.85467222798677	26.722920067257018	22.839737996089823	27.582669708666387	0.0
9.0	27.509418710101652	18.66723758638467	15.702347345662885	38.12099635785079	0.0
10.0	26.49392475446432	16.803501801237434	24.89596194149072	31.806611502807524	0.0
11.0	28.1062357011774	18.511391832090993	19.216558084468918	34.16581438226269	0.0
12.0	26.08557213436886	20.083171836991674	20.68220923839475	33.14904679024471	0.0
13.0	26.66931462808578	21.01790822920135	18.95259976235974	33.360177380353136	0.0
14.0	30.60791678848867	18.573642219084842	20.05113931846252	30.767301673963964	0.0
15.0	29.414654753244783	18.566597770076847	20.188297558427788	31.83044991825058	0.0
16.0	29.809741266968388	17.7414053777211	18.565662267248587	33.88319108806193	0.0
17.0	30.328347967377777	17.945852194610737	19.673387784857795	32.052412053153695	0.0
18.0	31.842825606267823	17.674161885270383	18.838716381916885	31.6442961265449	0.0
19.0	30.11542526944172	18.348321290894717	20.158214943384046	31.378038496279515	0.0
20.0	29.709439584212948	17.723698450694606	20.206973801637783	32.359888163454656	0.0
21.0	29.04657383923823	18.541237753648065	20.036655931302082	32.37553247581161	0.0
22.0	29.65530440247631	19.009259674620846	22.670941726739848	28.664494196162998	0.0
23.0	29.66305893194431	20.174862385279738	21.25820847376208	28.903870209013878	0.0
24.0	32.78069536939625	19.506439978927517	17.81430697161504	29.898557680061188	0.0
25.0	29.1765072923009	21.16197566475366	19.61548804957128	30.046028993374158	0.0
26.0	31.592967453293046	16.743685975820746	22.251261632639537	29.412084938246668	0.0
27.0	26.159927702538056	20.97661085133688	24.956555474077895	27.906905972047173	0.0
28.0	26.761501105584006	19.69053115596365	18.904787678052674	34.64318006039967	0.0
29.0	27.898148313040437	20.3914031122263	17.412378889014875	34.29806968571839	0.0
30.0	26.57640829156806	19.009490429240987	16.09117694577283	38.32292433341812	0.0
31.0	34.39549161402996	14.662078988994537	18.421552717517987	32.520876679457515	0.0
32.0	34.203681686026776	15.56500213409413	22.652362398276843	27.57895378160225	0.0
33.0	31.336778018058265	17.674588978590602	20.871479387734198	30.11715361561693	0.0
34.0	33.416760208269984	16.634367325599676	21.62788926988939	28.320983196240938	0.0
35.0	26.559503999594554	20.27354801035491	25.38173891160602	27.785209078444517	0.0
