# Position (bp)	A	C	G	T	N
0.0	26.130756578947366	16.879111842105264	23.704769736842106	33.28536184210527	0.0
1.0	20.291940789473685	27.09703947368421	22.985197368421055	29.62582236842105	0.0
2.0	26.025430680885975	24.323215750615258	16.59146841673503	33.05988515176374	0.0
3.0	34.56967213114754	19.118852459016395	17.561475409836067	28.749999999999996	0.0
4.0	36.140135218192995	18.315918869084204	17.78324113911084	27.760704773611966	0.0
5.0	29.782875870544856	27.550184350675956	15.36255632937321	27.304383449405982	0.0
6.0	39.668236739709194	16.32193323776367	17.141101781691585	26.868728240835555	0.0
7.0	33.57903357903358	18.693693693693696	18.91891891891892	28.80835380835381	0.0
8.0	26.52476463364716	24.150634465820712	17.39664347114204	31.92795742939009	0.0
9.0	30.550439942705136	21.894822999795373	16.083486801718845	31.471250255780642	0.0
10.0	33.49018003273322	16.509819967266775	19.803600654664486	30.196399345335518	0.0
11.0	26.963993453355155	24.324877250409166	19.210310965630114	29.500818330605565	0.0
12.0	29.357610474631752	23.38379705400982	16.653027823240592	30.605564648117838	0.0
13.0	32.54958086280924	18.360253526886115	18.17624207728481	30.913923533019833	0.0
14.0	26.50725526262007	22.787655834866136	23.482526057633354	27.222562844880443	0.0
15.0	27.354443309499487	17.548518896833503	26.394279877425948	28.70275791624106	0.0
16.0	25.49540347293156	24.228804902962207	22.32890704800817	27.946884576098057	0.0
17.0	26.9050051072523	23.24821246169561	21.92032686414709	27.926455566905005	0.0
18.0	34.31372549019608	19.99591503267974	17.09558823529412	28.594771241830063	0.0
19.0	29.554738562091504	23.26388888888889	20.526960784313726	26.65441176470588	0.0
20.0	28.291488058787507	22.004490712390286	17.513778322106553	32.19024290671565	0.0
21.0	21.24668975351395	25.361580770014257	19.433693216541048	33.95803625993074	0.0
22.0	22.629222629222628	18.00976800976801	21.855921855921856	37.5050875050875	0.0
23.0	26.701889859784593	18.878276773013617	21.31680552733184	33.103027839869945	0.0
24.0	23.548518067397485	16.74786845310597	16.78846934632562	42.91514413317093	0.0
25.0	24.751672410297992	27.326170687208595	15.001013581998784	32.92114332049463	0.0
26.0	34.53587353060397	15.788406972030808	16.112687474665584	33.56303202269964	0.0
27.0	24.397163120567374	24.437689969604865	17.62917933130699	33.53596757852077	0.0
28.0	30.56343737332793	16.254560194568302	17.105796513984597	36.07620591811917	0.0
29.0	31.948946515397083	20.117504051863857	16.51134521880065	31.42220421393841	0.0
30.0	33.9216879691621	19.1316697098803	15.96672753093934	30.97991479001826	0.0
31.0	29.82456140350877	16.287632661901668	16.569200779727094	37.31860515486247	0.0
32.0	28.881650380021718	18.393051031487513	19.500542888165036	33.22475570032573	0.0
33.0	28.09575625680087	19.54298150163221	18.520130576713818	33.8411316648531	0.0
34.0	33.10104529616725	19.446864111498257	18.77177700348432	28.680313588850176	0.0
35.0	29.318231322152037	17.817468961010675	19.255064256153343	33.60923546068395	0.0
36.0	29.27839546544583	16.917375190756488	17.39699149771092	36.407237846086765	0.0
37.0	28.155127081507448	19.10604732690622	17.90096406660824	34.837861524978095	0.0
38.0	27.274720456040342	19.052839289629468	17.627713220784916	36.04472703354528	0.0
39.0	27.992108724243753	21.876370013152126	17.908811924594474	32.22270933800965	0.0
40.0	26.545374835598423	20.955721174923276	19.772029811486192	32.72687417799211	0.0
41.0	30.32427695004382	16.104294478527606	21.384750219106046	32.186678352322524	0.0
42.0	32.68303375712407	15.914072775098642	19.88163086365629	31.521262604121	0.0
43.0	28.49002849002849	17.532325224632917	19.526627218934912	34.45101906640368	0.0
44.0	30.6359649122807	18.88157894736842	19.473684210526315	31.00877192982456	0.0
45.0	32.534246575342465	16.05022831050228	18.12785388127854	33.28767123287671	0.0
46.0	31.508099475245267	14.487793748574035	21.286789869952088	32.71731690622861	0.0
47.0	33.880903490759756	16.472735569244808	19.530002281542323	30.116358658453112	0.0
48.0	27.789185489390828	18.38923112023728	20.465434633812457	33.356148756559435	0.0
49.0	27.77651083238312	18.449258836944125	18.654503990877995	35.11972633979475	0.0
50.0	28.437856328392247	19.42987457240593	19.58950969213227	32.54275940706955	0.0
51.0	29.21322690992018	18.244013683010262	18.198403648802735	34.34435575826682	0.0
52.0	29.555302166476626	17.2405929304447	22.34891676168757	30.855188141391103	0.0
53.0	30.300957592339262	20.8390332877337	19.015047879616965	29.844961240310074	0.0
54.0	29.411764705882355	19.493844049247606	18.148654810761514	32.945736434108525	0.0
55.0	27.72457820337437	18.034655722754216	19.949840401276788	34.29092567259462	0.0
56.0	26.72138622891017	18.969448244414046	21.705426356589147	32.60373917008664	0.0
57.0	30.323757409940722	17.897856817145463	19.813041495668035	31.965344277245784	0.0
58.0	28.288124002735355	19.534989742420787	19.307043537725097	32.86984271711876	0.0
59.0	26.25341841385597	19.667274384685506	20.670009115770284	33.409298085688235	0.0
60.0	29.147675478577938	18.36827711941659	20.259799453053784	32.224247948951685	0.0
61.0	28.42489172555277	17.118759972646455	22.88579895144746	31.570549350353318	0.0
62.0	27.643573381950777	21.832269826800367	20.852324521422062	29.671832269826798	0.0
63.0	28.122151321786692	18.45943482224248	19.963536918869647	33.45487693710118	0.0
64.0	28.144940747493163	18.983591613491342	20.12306289881495	32.74840474020055	0.0
65.0	28.281677301731996	18.710118505013675	20.64721969006381	32.36098450319052	0.0
66.0	29.284412032816775	18.094804010938926	20.82953509571559	31.791248860528714	0.0
67.0	28.099361896080215	22.69826800364631	18.391066545123063	30.81130355515041	0.0
68.0	27.552415679124888	21.58158614402917	18.915223336371923	31.950774840474022	0.0
69.0	29.535095715587968	21.011850501367366	17.775752051048315	31.677301731996355	0.0
70.0	29.05651777575205	21.627164995442115	17.456700091157703	31.859617137648133	0.0
71.0	28.190519598906107	20.989061075660892	21.558796718322697	29.2616226071103	0.0
72.0	28.32080200501253	18.95648211437685	20.73365231259968	31.989063568010938	0.0
73.0	29.56719817767654	16.674259681093396	21.594533029612755	32.16400911161731	0.0
74.0	29.43722943722944	18.50079744816587	19.799498746867165	32.262474367737525	0.0
75.0	28.753702437912963	19.776714513556616	21.02984734563682	30.4397357028936	0.0
76.0	30.416951469583047	19.138755980861244	19.22989291410344	31.214399635452267	0.0
77.0	30.62200956937799	21.166552745500113	17.99954431533379	30.211893369788108	0.0
78.0	30.182232346241456	17.243735763097952	20.068337129840547	32.50569476082005	0.0
79.0	29.77220956719818	19.658314350797266	18.701594533029613	31.867881548974943	0.0
80.0	33.14350797266515	17.471526195899774	18.405466970387245	30.979498861047837	0.0
81.0	29.42382145297199	17.148713277157825	21.043042587109998	32.38442268276019	0.0
82.0	32.45274424960146	15.076292416306082	22.842177180596675	29.628786153495785	0.0
83.0	31.20018219084491	17.55864267820542	20.860851742199955	30.380323388749712	0.0
84.0	29.127761329993167	17.60419038943293	19.97267137326349	33.295376907310406	0.0
85.0	31.26850375768618	17.03484399908905	20.951947164654978	30.7447050785698	0.0
86.0	29.036665907538143	20.496470052379866	18.264632202231837	32.20223183785015	0.0
87.0	32.634935094511505	16.146663630152585	19.016169437485768	32.20223183785015	0.0
88.0	31.898907103825135	17.304189435336976	18.60200364298725	32.19489981785063	0.0
89.0	30.616890507625765	16.59458229000683	19.098565900295924	33.689961302071474	0.0
90.0	29.592533576143865	17.027088549965853	19.758707033917595	33.62167083997269	0.0
91.0	31.170309653916213	19.034608378870672	15.391621129326047	34.40346083788707	0.0
92.0	30.487249544626593	19.42167577413479	17.258652094717668	32.83242258652095	0.0
93.0	30.926895923479847	18.310179913459347	18.99339558187201	31.769528581188794	0.0
94.0	30.243680255067183	17.285356410840354	19.90434980642223	32.566613527670235	0.0
95.0	30.539740378046005	17.376451833295377	18.833978592575722	33.2498291960829	0.0
96.0	29.537690731040765	17.03484399908905	18.947847870644498	34.47961739922569	0.0
97.0	28.171259394215443	17.6725119562742	20.906399453427465	33.2498291960829	0.0
98.0	29.99316784331587	19.767706672739696	18.24185834661808	31.99726713732635	0.0
99.0	28.42177180596675	20.473696196766113	17.125939421544068	33.97859257572307	0.0
100.0	30.02735978112175	17.806657546739626	20.74783401732786	31.418148654810764	0.0
101.0	30.428832116788325	19.662408759124087	20.780109489051096	29.128649635036496	0.0
102.0	28.753993610223645	20.584208124144226	18.575992697398448	32.08580556823368	0.0
103.0	27.459484136042	19.881305637982198	21.593243551700525	31.06596667427528	0.0
104.0	27.168949771689498	18.12785388127854	21.00456621004566	33.6986301369863	0.0
105.0	29.495087959789814	18.711446196024674	18.1631254283756	33.63034041580992	0.0
106.0	33.2647932373772	20.927575965273018	17.683344756682658	28.124286040667123	0.0
107.0	32.357649211067915	19.506059913103133	19.643265492796708	28.493025383032244	0.0
108.0	31.556064073226548	18.718535469107554	18.53546910755149	31.189931350114414	0.0
109.0	27.482837528604122	19.51945080091533	17.665903890160184	35.33180778032037	0.0
110.0	28.329519450800916	20.274599542334094	17.94050343249428	33.45537757437071	0.0
111.0	30.700549450549453	17.124542124542124	19.78021978021978	32.39468864468865	0.0
112.0	28.165788871078547	20.082436455232425	18.52530341195329	33.226471261735746	0.0
113.0	31.17983963344788	16.815578465063002	19.358533791523485	32.64604810996563	0.0
114.0	30.904925544100802	16.79266895761741	19.060710194730813	33.24169530355097	0.0
115.0	26.81641072656429	19.18404767361907	16.227366490946597	37.772175108870044	0.0
116.0	28.777803256133915	18.59665214400367	18.6425131850493	33.98303141481311	0.0
117.0	32.263242375601926	18.390277459298325	17.97752808988764	31.368952075212107	0.0
118.0	29.814092265320173	18.476015607069087	18.590773467982558	33.119118659628185	0.0
119.0	24.150596877869603	21.349862258953166	22.727272727272727	31.772268135904504	0.0
120.0	28.387689480937066	19.843821773082222	22.02572347266881	29.7427652733119	0.0
121.0	30.00229726625316	19.365954514128187	19.228118538938663	31.40362968067999	0.0
122.0	30.02526992878475	17.39030553641167	18.355157362738343	34.22926717206524	0.0
123.0	29.61856617647059	17.233455882352942	19.324448529411764	33.82352941176471	0.0
124.0	32.4442400551851	17.68222579903426	17.68222579903426	32.191308346746375	0.0
125.0	31.308948700253048	18.95560156429722	18.38049229353577	31.35495744191396	0.0
126.0	32.5356649792913	17.556373676944318	19.880349746893692	30.027611596870685	0.0
127.0	28.170310701956268	20.897583429228998	19.240506329113924	31.691599539700803	0.0
128.0	32.41188666205944	16.977654918221607	19.44252476387929	31.16793365583967	0.0
129.0	30.50691244239631	20.576036866359445	20.737327188940093	28.17972350230415	0.0
130.0	31.082949308755758	17.419354838709676	16.7741935483871	34.723502304147466	0.0
131.0	31.225478882991	18.786060466189706	19.7092084006462	30.279252250173087	0.0
132.0	28.162511542012926	18.444136657433056	21.44506001846722	31.948291782086795	0.0
133.0	27.78932778932779	19.542619542619544	20.836220836220836	31.83183183183183	0.0
134.0	24.924924924924923	19.47331947331947	24.208824208824208	31.392931392931395	0.0
135.0	27.854831252889507	18.908922792417936	22.006472491909385	31.22977346278317	0.0
136.0	30.427745664739884	18.589595375722542	17.826589595375722	33.15606936416185	0.0
137.0	29.502890173410407	17.803468208092486	19.583815028901736	33.10982658959538	0.0
138.0	27.411519777931993	19.176497802452	19.824196160074024	33.587786259541986	0.0
139.0	31.30495141138362	18.463674224895883	18.20916242480333	32.02221193891717	0.0
140.0	29.328703703703702	18.171296296296298	19.74537037037037	32.754629629629626	0.0
141.0	26.96759259259259	18.310185185185183	22.15277777777778	32.56944444444444	0.0
142.0	30.208333333333332	17.87037037037037	20.300925925925924	31.62037037037037	0.0
143.0	31.294880704192728	18.207088255733147	20.38452629140607	30.113504748668056	0.0
144.0	30.02780352177943	19.184430027803522	19.624652455977756	31.163113994439296	0.0
145.0	31.765523632993514	16.07970342910102	18.836886005560704	33.31788693234476	0.0
146.0	29.26037560862509	17.226988175284024	19.244145606306514	34.26849060978437	0.0
147.0	27.498261071180153	19.893345699049387	20.125202875028982	32.48319035474148	0.0
148.0	28.299698445836235	19.322662955230804	19.461841800046393	32.91579679888657	0.0
149.0	28.452077048038987	18.844279415177535	19.67974007890462	33.02390345787886	0.0
150.0	26.578458681522747	18.73259052924791	19.452181987000927	35.23676880222841	0.0
151.0	28.455284552845526	18.397212543554005	19.860627177700348	33.28687572590012	0.0
152.0	27.502903600464577	18.55981416957027	19.117305458768875	34.81997677119628	0.0
153.0	30.590423059042305	18.642491864249187	17.75918177591818	33.00790330079033	0.0
154.0	30.241748024174804	17.689446768944677	17.89865178986518	34.17015341701534	0.0
155.0	28.843917190044195	17.771574784833682	20.911839962782043	32.47266806234008	0.0
156.0	30.283985102420857	15.27001862197393	19.90223463687151	34.543761638733706	0.0
157.0	29.871944121071014	18.88242142025611	21.42025611175786	29.825378346915016	0.0
158.0	30.70114139296529	19.28721174004193	18.681574656417425	31.330072210575356	0.0
159.0	30.00931966449208	16.961789375582477	22.413793103448278	30.61509785647717	0.0
160.0	27.768710655164377	18.652366519002097	22.662625320587548	30.916297505245975	0.0
161.0	29.51737001632082	18.092795523432034	21.49685241314992	30.892982047097224	0.0
162.0	29.8110566829951	17.308140891066014	22.25332400279916	30.627478423139724	0.0
163.0	29.964994165694282	16.406067677946325	20.44340723453909	33.1855309218203	0.0
164.0	32.52393182348821	17.534438477702544	22.951202428204528	26.990427270604716	0.0
165.0	32.37561317449194	17.12216771782294	21.06984349451063	29.432375613174493	0.0
166.0	31.067507591684183	17.425835085260452	21.8173323989722	29.68932492408316	0.0
167.0	29.165692918906288	17.31713017060061	21.453610656695492	32.06356625379762	0.0
168.0	28.197334580313303	18.517652560205754	18.821603927986907	34.46340893149404	0.0
169.0	26.94106641721235	17.890551917680074	20.252572497661365	34.91580916744621	0.0
170.0	28.842105263157897	17.005847953216374	20.374269005847953	33.77777777777778	0.0
171.0	29.932131991575005	17.388251813714017	18.81582026679148	33.86379592791949	0.0
172.0	29.424157303370784	20.692883895131086	18.49250936329588	31.390449438202246	0.0
173.0	26.45131086142322	18.328651685393258	18.937265917602996	36.28277153558053	0.0
174.0	27.721845001170685	20.112385858112855	18.965113556544136	33.200655584172324	0.0
175.0	27.23653395784543	18.594847775175644	20.327868852459016	33.840749414519905	0.0
176.0	30.285982184716364	16.57290201593999	18.823253633380215	34.31786216596343	0.0
177.0	29.73733583489681	20.075046904315197	18.597560975609756	31.590056285178235	0.0
178.0	31.965290806754222	17.401500938086304	19.48874296435272	31.144465290806757	0.0
179.0	27.428437353355235	19.61520412951666	22.219615204129518	30.736743312998595	0.0
180.0	30.352112676056336	17.535211267605632	17.558685446009388	34.55399061032864	0.0
181.0	29.60788917586288	17.70368631134069	19.464663066447525	33.22376144634891	0.0
182.0	32.37781954887218	17.01127819548872	19.830827067669173	30.780075187969924	0.0
183.0	30.928319623971802	22.984723854289072	16.780258519388955	29.306698002350178	0.0
184.0	31.107453562191395	21.27909710792382	17.681636491888078	29.93181283799671	0.0
185.0	31.984948259642522	21.5898400752587	18.885230479774222	27.539981185324553	0.0
186.0	34.23529411764706	17.41176470588235	20.588235294117645	27.764705882352942	0.0
187.0	30.88512241054614	20.715630885122412	20.221280602636536	28.177966101694917	0.0
188.0	29.934055581723975	20.254357041921807	19.477154969382948	30.334432406971267	0.0
189.0	31.840678765024748	19.703040301673344	18.123968889936364	30.332312043365544	0.0
190.0	34.74876150035386	16.70205237084218	18.353385232366122	30.19580089643784	0.0
191.0	30.634883172055698	17.67760207694123	18.739674297852254	32.94784045315081	0.0
192.0	32.3814019353316	17.890016521123435	18.763275902761386	30.965305640783576	0.0
193.0	31.16883116883117	15.867768595041323	21.369539551357732	31.593860684769776	0.0
194.0	27.811909262759926	19.25803402646503	21.195652173913043	31.734404536862005	0.0
195.0	29.513232514177695	19.588846880907372	20.368620037807183	30.529300567107747	0.0
196.0	31.505554242495865	21.011581186480736	17.395414795556604	30.08744977546679	0.0
197.0	30.94562647754137	19.83451536643026	19.574468085106382	29.645390070921984	0.0
198.0	30.409080160794517	19.43721920075668	18.183967841097186	31.969732797351618	0.0
199.0	28.980364324580083	19.067896853560445	20.17979654601372	31.771942275845756	0.0
200.0	28.13165995737627	19.01491830452285	20.388349514563107	32.465072223537774	0.0
201.0	29.928909952606634	15.85308056872038	20.568720379146917	33.649289099526065	0.0
202.0	30.101919886228963	17.68191514576914	19.838824365963497	32.377340602038394	0.0
203.0	30.417259364627785	15.90801327643433	23.067804646752016	30.60692271218587	0.0
204.0	27.798861480075903	19.947817836812145	20.374762808349146	31.87855787476281	0.0
205.0	30.864197530864196	15.360873694207028	21.818613485280153	31.956315289648625	0.0
206.0	29.239904988123516	17.292161520190025	20.522565320665084	32.94536817102138	0.0
207.0	28.89733840304182	18.9638783269962	19.724334600760457	32.414448669201526	0.0
208.0	28.965517241379313	18.478002378121282	21.521997621878715	31.03448275862069	0.0
209.0	29.099142040038135	18.23164918970448	20.495710200190658	32.17349857006673	0.0
210.0	29.64464583830193	17.052229906987836	19.556403529692346	33.74672072501789	0.0
211.0	30.31749820959656	17.880162329911673	22.368106946765337	29.43423251372643	0.0
212.0	28.851206114162885	17.960353475041796	21.972772868402195	31.21566754239312	0.0
213.0	31.620458891013385	18.95315487571702	19.622370936902485	29.804015296367115	0.0
214.0	30.325514600287217	19.267592149353757	22.498803255146	27.90808999521302	0.0
215.0	32.31137724550898	19.64071856287425	19.952095808383234	28.095808383233532	0.0
216.0	34.3802445456725	17.597698393670584	18.940302085830734	29.08175497482618	0.0
217.0	29.57712638154733	18.02018260451706	19.822200864968764	32.580490148966845	0.0
218.0	28.046142754145638	19.586637827445326	21.413121845710165	30.95409757269887	0.0
219.0	28.846153846153843	19.54326923076923	21.394230769230766	30.216346153846153	0.0
220.0	30.415965376292377	19.30752584755951	19.45179129598461	30.8247174801635	0.0
221.0	30.20231213872832	20.303468208092486	17.46146435452794	32.03275529865125	0.0
222.0	30.711700844390833	18.06996381182147	19.372738238841976	31.845597104945718	0.0
223.0	34.33196424257067	17.540468712249336	18.482725295965206	29.644841749214784	0.0
224.0	35.0906892382104	16.08222490931076	19.685610640870614	29.14147521160822	0.0
225.0	35.066505441354295	17.557436517533255	18.25876662636034	29.117291414752117	0.0
226.0	32.86544046466602	18.465634075508227	19.50629235237173	29.162633107454017	0.0
227.0	32.138532332283845	18.236861225478325	18.721240009687577	30.903366432550257	0.0
228.0	28.453708191953464	18.565196316044595	19.873969946679594	33.10712554532235	0.0
229.0	31.472943460325165	20.74739140985198	16.76777481193885	31.01189031788401	0.0
230.0	30.378824672170957	21.7095677513356	15.322972316658573	32.58863525983487	0.0
231.0	30.00485908649174	20.52964042759961	17.006802721088434	32.458697764820215	0.0
232.0	26.768781911013857	18.11329929491855	20.568927789934357	34.548991004133235	0.0
233.0	28.477466504263095	18.221680876979292	21.46163215590743	31.839220462850182	0.0
234.0	28.33130328867235	19.317904993909867	21.266747868453105	31.084043848964676	0.0
235.0	25.244140625	20.849609375	21.240234375	32.666015625	0.0
236.0	28.613352898019073	18.02396674003424	22.010271460014675	31.352408901932012	0.0
237.0	27.637698898408814	18.947368421052634	20.489596083231334	32.92533659730722	0.0
238.0	29.95098039215686	16.691176470588236	19.950980392156865	33.40686274509804	0.0
239.0	28.020628683693516	15.888998035363459	19.720039292730846	36.37033398821218	0.0
240.0	26.45971914264597	15.34860803153486	22.46858832224686	35.72308450357231	0.0
241.0	27.360355907068712	17.96836381611468	23.18339100346021	31.4878892733564	0.0
242.0	27.263730826323602	17.417120237506182	22.51360712518555	32.805541810984664	0.0
243.0	26.934523809523807	15.947420634920634	23.735119047619047	33.382936507936506	0.0
244.0	27.153139736907423	16.554976420948126	20.724745594440307	35.56713824770414	0.0
245.0	28.45427435387674	18.31510934393638	21.719681908548708	31.510934393638173	0.0
246.0	29.549414986308193	16.006970375902416	20.089619118745333	34.35399551904406	0.0
247.0	26.284289276807982	16.708229426433917	23.51620947630923	33.49127182044887	0.0
248.0	27.181795448862218	18.204551137784446	23.13078269567392	31.48287071767942	0.0
249.0	26.98571786519669	18.441493360060136	19.51891756452017	35.053871210223	0.0
250.0	27.384538152610443	17.46987951807229	20.85843373493976	34.287148594377506	0.0
251.0	26.4321608040201	19.045226130653266	20.552763819095475	33.969849246231156	0.0
252.0	27.90639154504278	20.382486160040262	19.476597886260695	32.23452440865627	0.0
253.0	30.317540322580644	14.642137096774194	19.53125	35.50907258064516	0.0
254.0	29.087692696487238	17.867071013393986	20.39423805913571	32.65099823098307	0.0
255.0	28.922064777327932	19.357287449392715	18.572874493927124	33.14777327935223	0.0
256.0	28.890015205271162	19.3613786112519	20.22301064368981	31.525595539787126	0.0
257.0	29.275730622617534	16.797966963151207	17.966963151207118	35.95933926302414	0.0
258.0	28.990311065782766	18.179500254971952	19.0464048954615	33.78378378378378	0.0
259.0	31.24038954382368	18.964633521271143	16.73500768836494	33.05996924654024	0.0
260.0	30.285861447334533	19.46948235900077	18.542364151429307	31.702292042235385	0.0
261.0	29.914750710410747	17.618186515112374	19.50400413329889	32.96305864117799	0.0
262.0	31.044311997926926	17.387924332728684	20.44571132417725	31.12205234516714	0.0
263.0	30.174433741213225	19.57823483467847	18.172350950273366	32.07498047383494	0.0
264.0	30.094043887147336	18.887147335423197	20.114942528735632	30.903866248693834	0.0
265.0	30.10498687664042	18.976377952755904	19.763779527559056	31.15485564304462	0.0
266.0	33.56146354303764	18.689128718083705	19.05764674914451	28.69176098973414	0.0
267.0	30.050171639820437	18.959598626881437	18.90678637443887	32.083443358859256	0.0
268.0	30.85531574740208	18.332001065814016	20.889954702904344	29.922728483879563	0.0
269.0	31.843724913031846	20.363928284720366	19.58790473641959	28.204442065828207	0.0
270.0	32.162017167381975	20.627682403433475	16.630901287553648	30.5793991416309	0.0
271.0	34.498521107824686	19.386931970959935	17.02070449045442	29.093842430760958	0.0
272.0	31.442463533225286	17.612101566720693	19.23284710967045	31.71258779038358	0.0
273.0	30.16562584849308	17.540048873201194	20.282378495791477	32.01194678251426	0.0
274.0	31.544538272950152	17.842549713974392	20.185235630618358	30.427676382457097	0.0
275.0	29.65498357064622	18.83899233296824	21.522453450164296	29.983570646221246	0.0
276.0	31.81193291174045	18.58674731921914	19.3841077811383	30.217211987902115	0.0
277.0	27.234984777193468	19.374481040686412	21.007473014115693	32.38306116800443	0.0
278.0	28.734353268428375	18.831710709318497	22.253129346314328	30.180806675938804	0.0
279.0	29.95250069851914	20.648225761385863	19.502654372729815	29.896619167365184	0.0
280.0	31.320224719101127	21.460674157303373	21.151685393258425	26.06741573033708	0.0
281.0	30.24900962082626	19.100169779286926	22.297679683078663	28.35314091680815	0.0
282.0	29.56225127913587	17.595224559408752	22.114837976122796	30.727686185332576	0.0
283.0	29.88309096093527	19.64642144282863	20.045623039635014	30.424864556601083	0.0
284.0	24.685354691075514	20.59496567505721	24.02745995423341	30.69221967963387	0.0
285.0	28.9367816091954	18.04597701149425	22.097701149425287	30.919540229885058	0.0
286.0	26.760969976905315	19.110854503464203	24.393764434180138	29.734411085450347	0.0
287.0	26.349390597794542	18.514219384793964	24.347069065583284	30.78932095182821	0.0
288.0	23.46254736228505	20.343923054503062	21.85951617604197	34.33401340716992	0.0
289.0	27.430249632892806	18.1791483113069	21.674008810572687	32.71659324522761	0.0
290.0	28.78609310548026	17.177371832645846	20.948733058338245	33.08780200353565	0.0
291.0	29.23716236271891	16.770555060848917	22.024339566636982	31.967943009795192	0.0
292.0	28.387675740352975	19.1743942566557	24.080167514208796	28.35776248878253	0.0
293.0	29.01383042693927	17.558628983764283	21.52736019242333	31.900180396873125	0.0
294.0	30.239611768274187	19.62390051562026	21.292083712465878	28.844404003639674	0.0
295.0	30.541118923876493	18.740446346682972	21.889330479975545	28.829104249464994	0.0
296.0	29.47692307692308	17.476923076923075	22.984615384615385	30.06153846153846	0.0
297.0	28.953091022056537	19.353836595215906	21.27990059024542	30.413171792482135	0.0
298.0	27.460317460317462	21.047619047619047	23.77777777777778	27.714285714285715	0.0
299.0	28.769438810006758	18.255578093306287	20.79107505070994	32.18390804597701	0.0
300.0	31.96440793976728	9.787816563997263	22.92950034223135	35.318275154004105	0.0
