# Position (bp)	A	C	G	T	N
0.0	30.111022269992528	20.90089263477999	26.666317127839456	22.321767967388027	0.0
1.0	26.47297846403901	20.56926767246464	15.018809558139228	37.93894430535712	0.0
2.0	29.021892077620343	19.769625969436174	17.303576687718838	33.90490526522465	0.0
3.0	25.79890626122977	20.882962111164108	15.894494064147713	37.42363756345841	0.0
4.0	34.09956190674872	14.647439240638366	15.586210493376448	35.66678835923647	0.0
5.0	35.59825622129382	15.33201857954693	21.940602537820798	27.129122661338457	0.0
6.0	32.20101230146673	16.933747907199233	21.70888898944388	29.156350801890145	0.0
7.0	34.550411529264665	17.32741229624951	19.59291795840235	28.52925821608348	0.0
8.0	25.30683923425278	23.703170028818445	22.0094431864965	28.980547550432277	0.0
9.0	29.50210266123078	18.184327950948607	18.13103913197008	34.18253025585054	0.0
10.0	28.39647006799669	16.69732178906285	23.698225420893763	31.207982722046694	0.0
11.0	28.03609138030332	17.627183720483778	20.167018621616435	34.16970627759647	0.0
12.0	27.48134519063682	19.004267607073494	21.980731881835837	31.533655320453846	0.0
13.0	27.016129032258064	21.735912617394856	18.698320743160473	32.549637607186604	0.0
14.0	30.745412844036696	18.390035677879716	20.05670234454638	30.807849133537207	0.0
15.0	30.172814064278946	18.840358476284973	19.973158801941217	31.013668657494865	0.0
16.0	30.588706040762926	17.782491886158518	19.106747032334688	32.52205504074387	0.0
17.0	30.2654698848679	18.367851818960325	19.73421294681087	31.632465349360906	0.0
18.0	30.43536104811018	18.035300229337455	19.732524105773983	31.79681461677838	0.0
19.0	30.054682852115793	18.404830318603562	19.854811964405513	31.68567486487513	0.0
20.0	30.314943211624396	18.15015895688887	20.101884097358724	31.43301373412801	0.0
21.0	29.783943798877743	17.936514949725748	20.36470135263932	31.914839898757187	0.0
22.0	29.821243980536018	19.177823160124046	19.35872223482843	31.642210624511506	0.0
23.0	29.54147619227524	18.141977407533343	20.124170413187752	32.192375987003665	0.0
24.0	29.583356924025388	18.869408219626198	19.901107818898975	31.64612703744944	0.0
25.0	29.648206462642758	18.45957548444679	19.462095927692822	32.43012212521763	0.0
26.0	30.478002587192144	18.01866294914786	19.850420104743606	31.652914358916394	0.0
27.0	29.945235899655607	18.56082704455778	20.31290187000897	31.181035185777645	0.0
28.0	30.061845592796587	18.488511256900452	19.528043561353712	31.921599588949253	0.0
29.0	29.68247412358102	18.35442245835367	19.886356525112955	32.07674689295235	0.0
30.0	30.307903117824093	18.719458400855945	19.740588025503214	31.232050455816747	0.0
31.0	30.2713869846934	18.636491689360504	19.50355275925752	31.58856856668858	0.0
32.0	30.116113031715013	18.713362392905456	19.72418457838569	31.44633999699384	0.0
33.0	29.99855872566283	18.23086708317406	20.428497126850942	31.342077064312168	0.0
34.0	29.85551960267891	18.404319361878247	19.613966438407708	32.12619459703514	0.0
35.0	29.773142079415955	18.19065598755637	19.997616643355766	32.038585289671914	0.0
36.0	30.30805047785789	18.10024034086987	19.967745376732747	31.623963804539496	0.0
37.0	29.719869134112415	19.252481993381352	19.19094237254077	31.836706499965462	0.0
38.0	30.055348582988323	18.330998347709727	20.35521099683992	31.25844207246204	0.0
39.0	29.609033328306438	18.683707836927564	20.31053636957724	31.39672246518876	0.0
40.0	30.120163739601214	18.408129130432048	19.58838731584011	31.883319814126626	0.0
41.0	29.68272339568997	18.556026620035475	20.379549371611166	31.381700612663387	0.0
42.0	29.879393889877004	18.81304481720538	20.014078045162872	31.29348324775474	0.0
43.0	29.887975069269483	18.516470743461024	19.81389913358172	31.781655053687775	0.0
44.0	30.156085969864026	17.755329113207903	20.33643661325505	31.752148303673017	0.0
45.0	29.523408110114367	18.837206376366677	20.34825933241907	31.291126181099887	0.0
46.0	29.94140858543585	18.39682309924039	19.411946103450664	32.2498222118731	0.0
47.0	29.72476140112311	18.310417768376517	20.115333282969456	31.849487547530913	0.0
48.0	30.387599828685158	18.735041443075605	19.679162572745824	31.198196155493413	0.0
49.0	29.872683726206983	19.151645027101978	19.045758225135508	31.929913021555528	0.0
50.0	29.41272914157434	18.847150667482232	19.66313745026201	32.07698274068142	0.0
51.0	30.028264270933224	18.47208903245344	19.69729470549639	31.802351991116947	0.0
52.0	29.27232565478069	19.00347112653834	19.329125907226256	32.39507731145472	0.0
53.0	30.164472645768225	17.980869400511413	19.754395933958392	32.10026201976197	0.0
54.0	29.791896927400764	18.63580383364386	19.880632835443837	31.691666403511544	0.0
55.0	29.539682339116265	18.57760200149101	19.66363831642259	32.219077342970145	0.0
56.0	30.37002868733334	18.17412073955187	19.830277142387747	31.625573430727037	0.0
57.0	29.7390743713892	18.438618004374042	20.105432158072386	31.716875466164367	0.0
58.0	29.972941533481688	18.560970058668826	19.394851304875584	32.0712371029739	0.0
59.0	29.922659061158154	18.459378616463564	19.86896939878961	31.74899292358867	0.0
60.0	29.70457995951417	18.50581983805668	20.23785425101215	31.551745951417004	0.0
61.0	29.73291213765249	18.5828326886676	19.57230490684527	32.11195026683464	0.0
62.0	28.9832955509682	18.629449981636505	20.080166157976723	32.307088309418575	0.0
63.0	29.119448649812817	18.366092976999624	20.09793053646424	32.41652783672332	0.0
64.0	29.52382159469702	18.97552567206175	19.55411348686295	31.94653924637828	0.0
65.0	29.538381578363577	18.580727763657453	19.75838398691775	32.122506671061224	0.0
66.0	29.371041670628955	18.769217114564114	20.63941877936058	31.220322435446345	0.0
67.0	29.469953012942053	18.827162450936253	19.660374247794906	32.042510288326795	0.0
68.0	29.769191249690795	18.09238692654586	19.72561729765386	32.41280452610948	0.0
69.0	29.77260037561545	18.79092431856251	20.18679254860159	31.249682757220448	0.0
70.0	29.423190448079524	18.057116015716744	19.84714895994008	32.672544576263654	0.0
71.0	29.922264984948367	18.391571085622832	20.263181292789188	31.422982636639613	0.0
72.0	29.644828703380195	19.13770431401945	20.008004218095884	31.20946276450447	0.0
73.0	30.156349307232745	18.484809965679418	19.541756705224355	31.81708402186348	0.0
74.0	29.203787430766198	19.30534093871815	19.729487399607013	31.76138423090864	0.0
75.0	29.89882278078269	18.59497295577474	19.8771874005727	31.629016862869868	0.0
76.0	29.563428891634086	18.93378841329071	19.537448580634482	31.965334114440726	0.0
77.0	29.575239393727028	18.5322281614944	19.888633337368358	32.00389910741022	0.0
78.0	29.84831102613129	19.183556405353727	19.674952198852772	31.293180369662206	0.0
79.0	29.83966083325364	18.960823690669727	19.09088011220554	32.10863536387109	0.0
80.0	30.12939473365347	18.57825224639206	19.42706639371967	31.865286626234795	0.0
81.0	30.334405062645132	18.75015948352854	20.182321569828268	30.733113883998058	0.0
82.0	29.891408373422486	18.653259662868297	19.127949264358723	32.327382699350494	0.0
83.0	30.131837557750725	18.787809173749903	19.35319192383286	31.727161344666516	0.0
84.0	29.842153302142705	18.777565726905426	19.704986883341526	31.675294087610347	0.0
85.0	30.24476194124181	18.458012538144303	19.123223656490595	32.174001864123284	0.0
86.0	30.242640955239132	18.01098269586872	20.069599642423857	31.676776706468296	0.0
87.0	29.200968213722323	18.772872133199638	20.347816090485832	31.67834356259221	0.0
88.0	29.547646882206763	19.080472987217078	19.41202399432722	31.959856136248938	0.0
89.0	29.694688682138842	19.060551068397917	19.685487169001124	31.55927308046212	0.0
90.0	30.186749837025296	18.789385553410966	19.83625835644805	31.18760625311569	0.0
91.0	30.005817558798896	18.887887331146956	19.38142089078972	31.724874219264432	0.0
92.0	29.54965439187677	18.43072811095268	20.044631724331964	31.974985772838586	0.0
93.0	29.86875095942281	18.456736427365296	20.12549250370977	31.549020109502123	0.0
94.0	30.036850321160784	18.586380735470993	19.437904649793996	31.938864293574227	0.0
95.0	29.95974734902056	18.67748603316204	20.01689459436975	31.34587202344765	0.0
96.0	29.839835098006578	18.917638623938956	19.93675342798981	31.305772850064656	0.0
97.0	30.019017615306296	18.773011634682497	19.10790095472271	32.1000697952885	0.0
98.0	29.606497940567927	18.35040451986087	20.666705100857722	31.37639243871348	0.0
99.0	29.400457489956366	18.862810679891588	20.162876676341874	31.573855153810175	0.0
100.0	30.025343813922373	18.70746548995896	19.66782879417478	31.599361901943883	0.0
101.0	29.979271198589668	18.861272012243553	19.769206429157222	31.39025036000956	0.0
102.0	30.155653374650736	18.448911852605786	20.005445599113145	31.389989173630333	0.0
103.0	29.578629373543237	18.4603565243434	19.43435290441033	32.526661197703035	0.0
104.0	29.995291163082722	18.501151049024227	19.932114267775862	31.5714435201172	0.0
105.0	30.115234015714925	18.83885633195806	19.853887998318136	31.192021654008883	0.0
106.0	29.850884199269935	18.94939040087661	19.44644306997683	31.753282329876626	0.0
107.0	30.042850130673	18.13834091723159	19.839743164541847	31.979065787553562	0.0
108.0	29.608324112463507	18.777912572822654	20.477663276052844	31.136100038660995	0.0
109.0	29.32733203394485	18.51226716498885	19.83375864863598	32.326642152430324	0.0
110.0	29.620757408553818	18.638467956827174	20.268215218151965	31.472559416467043	0.0
111.0	29.327436740103597	19.087515721994563	20.158639996754168	31.42640754114767	0.0
112.0	29.73720514580459	18.93522891762771	19.13502640181041	32.19253953475729	0.0
113.0	30.158285569848548	18.477807912229046	19.823610987764805	31.540295530157604	0.0
114.0	30.455699677441494	18.383089698716628	19.704893281174936	31.45631734266694	0.0
115.0	29.326840170238594	18.63864305767281	20.011312451284034	32.02320432080457	0.0
116.0	29.939040036617588	18.410047644476503	19.886540955524886	31.764371363381024	0.0
117.0	30.29797976275985	18.44085384137965	20.053138445874797	31.208027949985706	0.0
118.0	29.895569598058675	18.55410532812467	19.239320255570437	32.31100481824621	0.0
119.0	30.03349670321921	18.653079933711787	19.750361411797893	31.56306195127111	0.0
120.0	30.462890763450766	18.49649110370738	19.759693769050827	31.280924363791023	0.0
121.0	29.985738733599543	18.518254420992584	19.684112949229892	31.811893896177978	0.0
122.0	29.169714441432525	19.259785149807094	19.79117364427807	31.779326764482306	0.0
123.0	29.448573673700373	19.090496204393244	19.592972540425194	31.86795758148119	0.0
124.0	29.291377386111634	18.73378458684214	19.444726276578784	32.53011175046744	0.0
125.0	29.221271447105647	18.585547894284176	19.823904138544293	32.369276520065895	0.0
126.0	30.040035782897533	18.299139157342093	20.223936412031264	31.436888647729106	0.0
127.0	29.568334181472224	18.711418899484478	19.71812288426223	32.00212403478107	0.0
128.0	29.70162547316856	18.522971869665255	20.37556594670823	31.39983671045795	0.0
129.0	29.957714490631442	18.722170755760093	19.74195379971909	31.578160953889373	0.0
130.0	29.706543559822858	19.196096269952857	19.18632190735408	31.911038262870207	0.0
131.0	29.75090854027862	18.689430648092063	19.599485160508785	31.960175651120533	0.0
132.0	30.218728796114874	18.45357445089085	19.95318944551602	31.374507307478254	0.0
133.0	29.963837938685728	18.831143903506415	19.179712392607893	32.02530576519997	0.0
134.0	29.6195210960514	17.93608944076328	20.24169417877328	32.202695284412044	0.0
135.0	29.009845463609174	18.885530907278167	20.058574277168496	32.04604935194417	0.0
136.0	29.064112820995497	18.837749227414623	20.510769134233765	31.587368817356108	0.0
137.0	30.250938549693736	18.940920766646908	21.85180794309425	28.956332740565106	0.0
138.0	30.485647343842142	19.9168008160533	20.00047815622958	29.59707368387498	0.0
139.0	30.013661202185794	20.788331726133077	18.9545162327226	30.243490838958536	0.0
140.0	29.873803483575003	20.06986602258083	19.004854959109736	31.051475534734436	0.0
141.0	30.226226586325023	18.315605301240282	21.486211379189115	29.97195673324558	0.0
142.0	27.183561011020917	20.30538507226292	21.508942123671883	31.00211179304428	0.0
143.0	27.418065547561948	19.90324407140954	17.987276845190515	34.691413535837995	0.0
144.0	28.394094809799313	19.769586417725677	16.951736102338664	34.884582670136346	0.0
145.0	29.3489188406291	18.844888987339615	15.93112614377971	35.875066028251574	0.0
146.0	34.451866811661745	14.812800994251981	18.642224638806898	32.093107555279374	0.0
147.0	34.61045572642371	16.321711958429887	21.10367951688786	27.964152798258553	0.0
148.0	32.6899912148026	17.169173919737712	19.93152980174436	30.209305063715323	0.0
149.0	31.1775593629678	19.738496105155843	21.338005166731	27.74593936514535	0.0
150.0	17.65808732834471	24.772633829454815	23.13461064057232	34.434668201628156	0.0
