# Position (bp)	A	C	G	T	N
0.0	31.171758498415464	15.049728481945001	26.798297508411896	26.970068690353454	0.010146820874184857
1.0	27.567406945710253	18.024529406115864	21.160916020575858	33.24243670605117	0.004710921546849209
2.0	29.624311690190513	19.411195602050686	19.531090355072923	31.430689801712525	0.0027125509733537077
3.0	30.839610641503306	18.622991637272328	20.43699086144214	30.099865582910084	5.412768721413815E-4
4.0	32.344162367097404	18.125519818824014	19.936919648161417	29.5928580944117	5.40071505467324E-4
5.0	32.401760057471265	18.16253591954023	20.294719827586206	29.139906609195403	0.0010775862068965517
6.0	28.10378469030687	17.92491538512534	17.987267902608234	35.983494500257116	5.37521702438736E-4
7.0	27.856438156380246	19.714463421434548	19.877285043288033	32.55109846508004	7.149138171393439E-4
8.0	26.75372948161453	19.555099393446945	20.1240547109429	33.56693822567195	1.7818832367552618E-4
9.0	30.255509206290547	17.761993760615127	19.857126614032218	32.12483744199433	5.32977067773364E-4
10.0	28.852099437823014	20.606364488415398	21.30337182169794	29.237455551165546	7.087008981012131E-4
11.0	27.027466391484428	20.23313919791917	20.419381970851415	32.31895223420647	0.0010602055385137332
12.0	28.082042099623557	19.238089867046398	20.40601604466564	32.27332327604439	5.287126200177648E-4
13.0	29.385839280348225	18.30163446989999	21.375337622330434	30.937188627421346	0.0
14.0	29.143355907962814	18.87558013993466	20.713624700290246	31.267263982949846	1.7526886243497526E-4
15.0	29.49514902543484	18.63053928852373	21.158465169128572	30.7151472773359	6.99239576960056E-4
16.0	29.639515402143346	18.88843753977151	21.40086368462436	30.070834691739208	3.4868172158113213E-4
17.0	28.690045724999525	20.067691783240196	20.498157259908968	30.744105231851314	0.0
18.0	28.717710353152565	19.628220292831152	20.572932023074067	31.081137330942216	0.0
19.0	28.05842843711203	18.999111729841204	21.415795278835446	31.52666455421132	0.0
20.0	28.206436570068533	19.134318341422578	20.317953969149023	32.34111814907962	1.7297028024644806E-4
21.0	28.209799298963656	18.943364006554066	20.682300560690805	32.164363294456	1.72839335467323E-4
22.0	28.89982671851866	18.726838934603947	20.095123413386037	32.277865407107825	3.455263835308305E-4
23.0	28.42445528859603	18.49359538881809	19.155468526058772	33.926308118954125	1.7267757298217623E-4
24.0	28.784672843000536	18.44236265481105	18.98411503997128	33.78884946221713	0.0
25.0	30.115510269592992	18.37222506985325	19.137978941337074	32.37359538442156	6.90334795117262E-4
26.0	29.011990879544047	18.759245163172274	18.764423317574483	33.46382282426897	5.178154402207966E-4
27.0	29.61871923902614	18.678684586551803	18.879731063665293	32.822347394506686	5.177162500776575E-4
28.0	30.071736605686812	18.03475868924089	18.8161475527239	33.077012015924595	3.4513642379991753E-4
29.0	29.93215350936965	18.39393745978461	18.663563864196615	33.01017266095213	1.7250569700064344E-4
30.0	30.011995063901757	18.35589958664492	19.198660695023342	32.43309947273496	3.451816950147134E-4
31.0	30.28959458829501	18.321653208192835	19.280580259638906	32.10782663344781	3.4531042543970965E-4
32.0	29.99357239863569	18.755464325084578	19.111574174865314	32.1390435314486	3.455699658231304E-4
33.0	30.16315395221463	17.73812674835609	20.262679420043145	31.83552088685444	5.189925316974688E-4
34.0	30.4651903555057	18.778823382774522	19.786516542717465	30.9691234921822	3.462268201143933E-4
35.0	29.512022704354784	19.074326267677137	19.525156023134045	31.888321742053304	1.7326278072902048E-4
36.0	29.624338339959326	18.37893506759205	19.80134161163308	32.19486484190377	5.201389117653689E-4
37.0	29.502073897000784	18.55890613425946	20.83143233336398	31.10706720952865	5.204258471231726E-4
38.0	30.30092612684553	18.35137269878744	19.51636562481013	31.830814765951164	5.207836057320916E-4
39.0	30.043024354982208	18.380574399466195	19.26017571174377	32.31587800266904	3.4753113879003555E-4
40.0	30.0560756769359	18.281227436194996	20.117823296372915	31.544525618563608	3.479719325839178E-4
41.0	30.537041293189304	18.314319940382916	19.712465960454928	31.43582457533273	3.482306401175627E-4
42.0	30.480021472168094	18.172042261130844	19.720582955420852	31.6270047371228	3.48574157409118E-4
43.0	30.747191579446653	18.381770813352073	19.70986338921692	31.160651072274327	5.231457100307959E-4
44.0	31.377360466333904	17.938147928374462	18.67185591120109	32.0122866417676	3.490523229432092E-4
45.0	30.6219727838856	18.085366620770635	19.530217994506454	31.760345827771058	0.0020967730662510395
46.0	29.981617421996475	18.42682911898303	19.81173161785926	31.77947202997182	3.498111894105157E-4
47.0	29.753883266547977	18.980521083340772	19.69003891581894	31.574856494635288	7.00239657022616E-4
48.0	29.70441415671098	18.548958158057097	19.671602445454038	32.074674687307194	3.505524706938135E-4
49.0	30.066389226137424	18.83145136954096	19.825359842237862	31.27609777322395	7.017888598036395E-4
50.0	28.968552222136367	19.324894811151776	19.816771211621	31.889254932812598	5.268222782605031E-4
51.0	29.572999727465337	18.126192339138612	20.17705961475907	32.12286917457164	8.79144065337987E-4
52.0	28.805027018464084	18.757150652139476	20.903314382271663	31.533099818703462	0.0014081284213120237
53.0	29.833468688836785	19.10344742539739	19.7188011436806	31.343225735984536	0.0010570061006868778
54.0	28.438679411660967	19.078339388381362	20.39134422066241	32.091107897428664	5.290818666008253E-4
55.0	28.876417383631146	19.39183763512023	20.170836090889036	31.55984998896978	0.0010589013898080742
56.0	29.6735134447591	18.49566386423982	19.504042879074017	32.32536652669254	0.0014132852345258517
57.0	29.333031575001677	18.301053443050776	20.396977230212137	31.966816013465966	0.0021217382694395425
58.0	29.176186186770774	18.684333008298132	20.521991197504015	31.615012025122684	0.0024775823043993016
59.0	28.69067755333375	18.677836717705297	20.197128966268455	32.431877153053904	0.0024796096385968952
60.0	29.45990470262573	18.263083882614346	20.60952016158349	31.66607260971877	0.0014186434576596994
61.0	29.22911292557614	18.47343324734759	21.25571165639812	31.039432636209234	0.002309534468913666
62.0	29.07152051316697	18.779912812817795	20.048251633870727	32.098003797549374	0.002311242595134301
63.0	29.04200465768839	18.25934920555789	20.015774892638145	32.68091273600023	0.0019585081153454453
64.0	28.063735535305085	18.84980951328774	20.967080902504303	32.11794851691215	0.0014255319907197869
65.0	28.97342365815529	19.377957983253264	19.68937160478845	31.958889832746795	3.569210562007895E-4
66.0	29.068112201612834	18.64811523795065	20.087160756226723	32.195182939353614	0.0014288648561758218
67.0	29.014295925661187	19.8018227305218	20.240528949249466	30.9415654038599	0.0017869907076483202
68.0	29.506296715620255	18.654232419544947	19.676945668135097	32.16145204533707	0.0010731513626339427
69.0	29.41216503006066	18.948870911992206	19.901105179172987	31.73714250919192	7.163695822311689E-4
70.0	29.68790620870678	18.928586156138337	20.755931431522065	30.627217619395104	3.585842377126629E-4
71.0	30.005924276968926	19.440784158842433	19.645440999587098	30.90749151751252	3.5904708902572574E-4
72.0	30.044887386051293	18.382975510578287	20.12615926123668	31.445798076871224	1.797652625202011E-4
73.0	29.667693305235858	18.556041858035698	20.832297689162658	30.943606923506422	3.6022405936492495E-4
74.0	29.983186121694956	19.530077358272717	18.82089972289574	31.665656390717007	1.804064195820344E-4
75.0	29.75950110714447	18.472050250802116	19.927515929323512	31.840390437886935	5.422748429662434E-4
76.0	30.30646992054484	19.285754371482312	19.4408992246378	30.966514418333524	3.6206500152972465E-4
77.0	29.97697565220544	18.517920919523558	19.476241411193097	32.02813684076941	7.251763084900017E-4
78.0	29.675787361867535	17.949906139887002	20.082429713949264	32.291513337585656	3.634467105346846E-4
79.0	29.788749585551315	18.374013065608594	20.43058940978864	31.40628358856085	3.643504905979356E-4
80.0	29.338389546273657	18.489015152206736	20.35259599531868	31.819451570085576	5.477361153459228E-4
81.0	29.26450554440652	18.400544919214262	20.67506994594753	31.659513381282316	3.6620914936938783E-4
82.0	29.341048059784235	18.79473308380403	21.135217591632262	30.728266995129953	7.342696495147395E-4
83.0	29.77822921957	18.428761749140666	20.222874850030546	31.568846100058146	0.0012880812006388883
84.0	29.15317802788411	18.56079761689436	20.77207307304721	31.51339758662567	5.536955486569191E-4
85.0	30.14201133055344	18.14572772246992	20.673170352520504	31.039090594456137	0.0
86.0	29.858393318079674	17.982248597572404	20.290153594352805	31.868091084030603	0.0011134059645157518
87.0	30.55151260222675	17.432242790618034	19.801185960549876	32.21375580231013	0.0013028442952170724
88.0	29.88676301236144	17.802489459273318	20.662064022666062	31.647563640978838	0.0011198647203417827
89.0	29.65772207818949	18.311166852297294	19.438241157586365	32.591933959173744	9.359527531050233E-4
90.0	30.037317287087696	17.67979251062519	19.796191645960924	32.48500829168709	0.0016902646391003286
91.0	29.98512816356381	18.61015243161123	19.227079182633315	32.17688626343696	7.539587546863248E-4
92.0	29.626282886217513	18.00379218235747	19.358278054304204	33.008622205250454	0.0030246718703625637
93.0	29.566717071199406	17.819298801485196	19.697231292297595	32.91580419261994	9.486423978644162E-4
94.0	30.166542949047376	17.982070461942556	19.987437903271854	31.862806676944743	0.0011420087934677096
95.0	29.37237422552191	18.389544091995482	19.968208904181562	32.2687264647499	0.001146313551145645
96.0	29.297859364751822	18.202878983725647	19.88650529117779	32.61256458151943	1.9177882531633915E-4
97.0	30.27289604555642	18.228917169268655	19.666406948893314	31.831010302138342	7.695341432680191E-4
98.0	29.47376550658879	18.459043297774773	19.65284548921176	32.41318723753439	0.001158468890283342
99.0	29.066307392581248	18.171385369919843	20.02849637979665	32.73245388723575	0.0013569704665070612
100.0	29.351626819116706	18.705938896747917	20.00206258987346	31.938815022659302	0.0015566716026128732
101.0	29.41515351536716	18.83311916823222	19.734956040822862	32.01599012627278	7.811493049724058E-4
102.0	28.840785408465724	19.105123661057352	19.198830042501136	32.853692580336556	0.0015683076392265108
103.0	29.93312682287464	18.831156051845408	19.60438946245616	31.63073725808166	5.904047421308889E-4
104.0	29.57313820855541	19.286812088359284	19.035135893292455	32.10175304125198	0.0031607685408707132
105.0	29.657403935619158	18.928387919764	19.36265903270028	32.04936684501739	0.002182266899177285
106.0	30.401134376630566	18.998219570386716	18.956198245061998	31.643053735516585	0.001394072404137607
107.0	30.525932695172603	18.612910256897354	19.076633278875708	31.784123835443317	3.999336110205706E-4
108.0	29.06663506099827	18.84086211156667	19.465609751687925	32.62608954180486	8.035339422781392E-4
109.0	30.17963323033232	18.278578747367828	19.517616400558303	32.02396992262822	2.016991133306978E-4
110.0	29.13222638206836	18.697630508419635	19.041020404855676	33.12831234501872	8.1035963760717E-4
111.0	29.116674635550716	18.093775114701067	19.66367918290115	33.12587106684707	0.0
112.0	28.912512393822	18.288885935950773	20.15434780386585	32.644049432184076	2.0443417730576198E-4
113.0	29.026668227052575	18.427541632533227	19.405451906237232	33.140338234176966	0.0
114.0	28.478144741971214	17.59269380776283	20.303847177162375	33.625108023322724	2.0624978085960786E-4
115.0	29.013069566226317	18.36576552684358	20.671172365782102	31.949992541148	0.0
116.0	28.075692042423196	18.90239458235893	20.757628449279373	32.263451955294464	8.329706440320776E-4
117.0	28.25232821255654	18.369068526585266	20.744902423350574	32.63307286379041	6.279737172066892E-4
118.0	28.661018767658454	18.19354187222172	21.649812028888856	31.495416955057337	2.1037617363607868E-4
119.0	28.6587146103168	18.801860087249768	20.404260090634825	32.134742080031145	4.2313176746370585E-4
120.0	29.207817661588958	18.648362534065157	20.61404441118825	31.52935024297333	4.2515018430260487E-4
121.0	29.940423022185374	18.30389387263177	20.198903339131473	31.555925003098515	8.547629528640969E-4
122.0	30.353010440548605	18.02353689430744	19.74078045195822	31.881382991295602	0.001289221890128213
123.0	30.342125836310004	18.058249072446365	19.57321734773651	32.02554389844637	8.638450607499038E-4
124.0	29.879676096128833	18.16693340166382	19.720655712073867	32.231866182273016	8.686078604668333E-4
125.0	30.22584624117191	18.476383840368516	19.258167687286463	32.039165602383996	4.3662878911921056E-4
126.0	29.952218849521202	18.31135224826006	19.297702685796686	32.43850673479376	2.1948162829030397E-4
127.0	29.44702251383106	19.06169557980069	20.16023277685301	31.330607595272053	4.4153424318823045E-4
128.0	29.72830709981766	18.93232885657111	19.730106096377355	31.60814745553036	0.001110491703516483
129.0	28.81123289569869	19.164865233418805	20.13640966715773	31.88592735995207	0.0015648437727042066
130.0	29.040431315367858	18.89007398606686	20.672220122050007	31.397274576515272	0.0
131.0	28.757392696887536	19.204816493500314	19.80053592097544	32.237254888636706	0.0
132.0	28.098233358943435	18.80701002441699	20.777695957175656	32.31706065946392	0.0
133.0	28.399460089801394	18.74672886040383	20.899023937855237	31.95478711193954	0.0
134.0	27.616703073171294	19.2637795730615	20.3814014770639	32.73788472429297	2.3115241034175882E-4
135.0	28.55390302553442	17.784471701231677	20.87518652069361	32.78597317826606	4.6557427422790326E-4
136.0	28.67162035181944	18.844624408029937	21.02762019247668	31.45590072008867	2.3432758527766647E-4
137.0	29.10085613651001	19.206097937864637	20.31867434492228	31.374371580703077	0.0
138.0	29.67211595360145	18.63594343008016	20.720598684851552	30.97110428266899	2.3764879785355606E-4
139.0	29.148586322523823	19.108879373688104	21.893870673582075	29.847706259528827	9.573706771722143E-4
140.0	29.013120942644388	19.287279459445124	20.26936140567409	31.429756070515126	4.8212172127096934E-4
141.0	29.739337355979945	18.24832760692996	19.324486748333676	32.68736265737492	4.8563138149987253E-4
142.0	30.622905096273822	18.681281041274193	21.67054045457882	29.02502874758398	2.446602891884618E-4
143.0	30.801758467058317	18.771192287978554	19.97249931001853	30.45282498127193	0.0017249536726727912
144.0	31.225674410286853	18.36611518314204	18.89739723951904	31.5103164096361	4.967574159672737E-4
145.0	27.92827566846796	19.057477717734578	19.933980329446676	33.07951435188434	7.519324664387476E-4
146.0	28.103587340116686	19.596153895084488	20.095618300294387	32.2038771465138	7.633179906417216E-4
147.0	27.890721628054422	19.326650244769418	19.90323552950225	32.87783355679586	0.0015590408780518225
148.0	29.268075603598938	19.433026948885583	19.78822793276803	31.506893650074442	0.0037758646730101193
149.0	29.35977025330605	21.730781356583147	16.358560758485094	32.54429559824136	0.00659203338434994
150.0	25.72265133240743	25.7031586299879	12.18131462033901	36.38434735995711	0.008528057308545113
