# Position (bp)	A	C	G	T	N
0.0	9.90990990990991	16.216216216216218	55.85585585585585	18.01801801801802	0.0
1.0	26.126126126126124	8.558558558558559	6.306306306306306	59.009009009009006	0.0
2.0	46.18834080717489	34.08071748878923	5.829596412556054	13.901345291479823	0.0
3.0	20.179372197309416	29.14798206278027	21.524663677130047	29.14798206278027	0.0
4.0	24.336283185840706	14.601769911504425	5.752212389380531	55.309734513274336	0.0
5.0	46.288209606986904	10.043668122270741	29.257641921397383	14.41048034934498	0.0
6.0	19.480519480519483	34.1991341991342	13.41991341991342	32.900432900432904	0.0
7.0	26.406926406926406	10.822510822510822	26.406926406926406	36.36363636363637	0.0
8.0	21.21212121212121	42.857142857142854	24.675324675324674	11.255411255411255	0.0
9.0	22.943722943722943	13.41991341991342	8.658008658008658	54.97835497835498	0.0
10.0	24.675324675324674	16.017316017316016	41.55844155844156	17.74891774891775	0.0
11.0	34.63203463203463	37.66233766233766	4.329004329004329	23.376623376623375	0.0
12.0	20.346320346320347	45.887445887445885	6.493506493506493	27.27272727272727	0.0
13.0	14.71861471861472	17.316017316017316	34.1991341991342	33.76623376623377	0.0
14.0	21.21212121212121	14.71861471861472	48.484848484848484	15.584415584415584	0.0
15.0	26.406926406926406	34.63203463203463	6.0606060606060606	32.900432900432904	0.0
16.0	36.36363636363637	14.71861471861472	9.090909090909092	39.82683982683983	0.0
17.0	13.41991341991342	35.93073593073593	18.614718614718615	32.03463203463203	0.0
18.0	19.913419913419915	7.792207792207792	22.943722943722943	49.35064935064935	0.0
19.0	46.75324675324675	20.77922077922078	16.450216450216452	16.017316017316016	0.0
20.0	25.541125541125542	35.93073593073593	12.554112554112553	25.97402597402597	0.0
21.0	35.064935064935064	21.21212121212121	27.705627705627705	16.017316017316016	0.0
22.0	21.645021645021643	38.52813852813853	8.658008658008658	31.16883116883117	0.0
23.0	38.961038961038966	15.584415584415584	27.705627705627705	17.74891774891775	0.0
24.0	64.06926406926407	19.047619047619047	3.463203463203463	13.41991341991342	0.0
25.0	41.55844155844156	11.688311688311687	3.0303030303030303	43.722943722943725	0.0
26.0	25.541125541125542	25.97402597402597	26.406926406926406	22.07792207792208	0.0
27.0	31.16883116883117	8.658008658008658	28.13852813852814	32.03463203463203	0.0
28.0	22.07792207792208	31.16883116883117	37.22943722943723	9.523809523809524	0.0
29.0	29.87012987012987	39.82683982683983	12.554112554112553	17.74891774891775	0.0
30.0	24.774774774774773	8.558558558558559	24.774774774774773	41.891891891891895	0.0
31.0	10.714285714285714	7.142857142857142	13.26530612244898	68.87755102040816	0.0
32.0	28.79581151832461	10.99476439790576	52.879581151832454	7.329842931937172	0.0
33.0	21.666666666666668	50.0	13.88888888888889	14.444444444444443	0.0
34.0	51.4792899408284	7.100591715976331	25.443786982248522	15.976331360946746	0.0
35.0	10.204081632653061	8.16326530612245	23.46938775510204	58.16326530612245	0.0
