# Position (bp)	A	C	G	T	N
0.0	25.999418378075447	24.111490094178013	23.982308803566024	25.906782724180523	0.0
1.0	26.40531748433212	20.103102493792306	15.49247717958107	37.999102842294505	0.0
2.0	28.719708193318983	18.97420322049192	18.48856900183821	33.81751958435088	0.0
3.0	22.890632871343815	22.481381844273216	15.049950517937367	39.578034766445604	0.0
4.0	34.07496843538363	13.173684478117554	14.646111455813774	38.105235630685044	0.0
5.0	35.03006270030375	14.835772842232931	23.112415352118592	27.02174910534472	0.0
6.0	30.96285645795796	17.3128392354501	20.893849923054756	30.830454383537187	0.0
7.0	34.8726069863718	17.02872375391596	20.118419304460165	27.980249955252077	0.0
8.0	22.30606026336139	27.160618626362897	22.836927739958607	27.696393370317107	0.0
9.0	27.791373118130636	18.61031131021567	15.519980286200777	38.078335285452916	0.0
10.0	26.226060743496898	16.37096163964394	25.372078543108813	32.03089907375035	0.0
11.0	28.291196538881973	17.911372868648456	19.647180421862593	34.15025017060698	0.0
12.0	26.00824632740464	19.661337358626277	21.470600937841162	32.85981537612792	0.0
13.0	26.27740464632312	20.78806712623951	18.78306595002519	34.15146227741218	0.0
14.0	30.85023643731919	18.322806636837853	20.415314863571496	30.41164206227146	0.0
15.0	29.980261487918767	18.551883054993993	19.802577221500513	31.665278235586726	0.0
16.0	29.71630463703815	17.5764195094592	18.942204982323833	33.76507087117882	0.0
17.0	30.53615955844479	17.795622552765185	19.73511112136237	31.933106767427656	0.0
18.0	30.877255827850707	17.57479552170077	18.967082591898585	32.58086605854994	0.0
19.0	29.7240950710677	18.42545913840859	19.985217004187415	31.865228786336285	0.0
20.0	29.840928045456593	17.80782599700786	19.758152918688463	32.59309303884708	0.0
21.0	29.1352347562565	18.438580488775596	19.615606804791142	32.810577950176764	0.0
22.0	29.84944809717472	19.016543610367208	22.396426944498806	28.737581347959267	0.0
23.0	29.716398781256025	20.36424162537168	21.07049977987905	28.848859813493245	0.0
24.0	32.36105107782773	19.40308800095462	18.36603060087194	29.86983032034571	0.0
25.0	29.601566371497086	21.165373615447468	19.195229335903157	30.037830677152293	0.0
26.0	32.409241149354976	16.74985681252862	21.795245505172577	29.045656532943827	0.0
27.0	26.336986168213826	21.34334149132208	24.90813583739693	27.411536503067158	0.0
28.0	26.402216343177326	19.80594287728972	18.325066098066973	35.46677468146598	0.0
29.0	27.988758238942967	19.89586237339221	17.413479404363656	34.70189998330117	0.0
30.0	26.621579597957982	19.25372103292776	16.102628388043183	38.022070981071074	0.0
31.0	34.16110259902227	14.211366959993708	18.046786067192215	33.58074437379181	0.0
32.0	34.228335248581246	15.791718010111985	22.5916000595705	27.388346681736277	0.0
33.0	31.25978211539074	17.54548180515945	20.74391349501871	30.4508225844311	0.0
34.0	33.32462908258714	16.448655297242798	21.95029634529351	28.276419274876556	0.0
35.0	26.13988386544542	20.540996446978493	25.739243549505414	27.579876138070674	0.0
