# Position (bp)	A	C	G	T	N
0.0	45.48283477213411	12.397109014254166	20.07628990162618	22.043766311985543	0.0
1.0	19.753086419753085	45.809495131988356	15.848639967881159	18.588778480377396	0.0
2.0	22.651492462813216	41.17999401018269	13.277428371767993	22.891085155236098	0.0
3.0	47.484809243948604	13.696583325032375	16.39605538400239	22.422552047016637	0.0
4.0	49.58694137553499	13.934507813277595	14.840250821140637	21.63829999004678	0.0
5.0	19.524803658415347	39.09931404712198	16.184511382841237	25.191370911621437	0.0
6.0	23.476275560849714	40.311693468334326	14.324002382370459	21.888028588445504	0.0
7.0	50.342227953576035	14.185100684455906	16.754290248983235	18.718381112984822	0.0
8.0	44.03606102635229	18.149395680602336	17.77293441648504	20.041608876560332	0.0
9.0	23.93669634025717	37.75469831849654	14.906033630069238	23.402571711177053	0.0
10.0	24.762845849802375	12.58893280632411	14.160079051383399	48.48814229249012	0.0
11.0	19.101123595505616	20.126158091858862	12.477823772915436	48.29489453972008	0.0
12.0	23.627075351213282	13.83240003929659	13.351016799292662	49.18950781019746	0.0
13.0	23.619812059514487	38.850822239624115	13.410336726703212	24.119028974158184	0.0
14.0	21.751824817518248	13.576642335766422	40.77858880778589	23.89294403892944	0.0
15.0	43.015842349304485	15.707109737248842	19.56143740340031	21.715610510046368	0.0
16.0	19.19853578653309	20.01733937000289	14.767363452461227	46.01676139100279	0.0
17.0	23.301715052218068	38.46890869023666	14.477340231867394	23.752036025677878	0.0
18.0	20.42784834304269	13.150606436825518	18.221755324228823	48.199789895902974	0.0
19.0	22.082499761836715	39.02067257311613	17.071544250738306	21.82528341430885	0.0
20.0	24.515761488796052	15.495632358526395	12.609191036840105	47.379415115837446	0.0
21.0	18.731661145291056	18.27733080927591	16.89540937056318	46.095598674869855	0.0
22.0	20.632075471698112	14.254716981132077	37.5377358490566	27.57547169811321	0.0
23.0	21.711270260082923	17.131549189596683	16.151526573690163	45.00565397663023	0.0
24.0	43.25136099117702	12.718227895626056	17.805519053876477	26.224892059320442	0.0
25.0	22.95296983323965	15.355068390481543	35.09462244706764	26.597339329211167	0.0
26.0	48.905928558069945	12.016083785300168	14.26033289695156	24.817654759678323	0.0
27.0	19.87101598280213	21.88054958407328	13.188148425086457	45.06028600803813	0.0
28.0	19.528117131399796	38.67387857875595	13.298517206005783	28.499487083838478	0.0
29.0	24.35778108711839	11.39240506329114	14.836187639612808	49.413626209977664	0.0
30.0	26.004025687721654	13.946132464295985	35.26310744752229	24.786734400460077	0.0
31.0	23.739332816136542	14.662529092319629	14.051590380139642	47.546547711404195	0.0
32.0	23.151598352618162	12.806432633849774	14.885271621886645	49.15669739164542	0.0
33.0	25.46908947264468	39.29488445585621	14.378826782539997	20.857199288959116	0.0
34.0	26.994415636218587	13.63183087355405	14.240127642600717	45.13362584762665	0.0
35.0	22.41639047905996	37.77242141207191	15.29577181882093	24.515416290047202	0.0
36.0	22.289399435711406	15.346634421604191	13.83514711809754	48.52881902458686	0.0
37.0	43.43689909928145	17.52859022366157	15.09968626657221	23.93482441048477	0.0
38.0	45.821032271200245	18.456683294309272	12.134785707014151	23.58749872747633	0.0
39.0	46.63323782234957	15.820712239050346	11.60458452722063	25.94146541137945	0.0
40.0	20.076147355422926	39.658365918913354	15.435274747890512	24.830211977773203	0.0
41.0	21.451697127937337	11.989556135770234	43.01827676240209	23.54046997389034	0.0
42.0	48.93952120957581	15.382192356152876	14.447711045779085	21.23057538849223	0.0
43.0	49.6404399323181	15.334179357021997	12.637478849407783	22.387901861252114	0.0
44.0	22.66482053466823	40.08946639684737	12.365534135690702	24.880178932793694	0.0
45.0	33.54037267080746	14.742045886677651	14.957535809354797	36.7600456331601	0.0
46.0	30.81814328105129	16.85742546276671	22.15628090999011	30.16815034619189	0.0
47.0	30.94170403587444	19.87559670186605	18.588167221177493	30.59453204108202	0.0
48.0	25.39289871944121	22.860884749708966	19.339348079161816	32.40686845168801	0.0
49.0	26.65304335133557	20.96044373084221	18.770982338344766	33.61553057947745	0.0
50.0	26.260257913247365	25.96717467760844	16.7936694021102	30.978898007034	0.0
51.0	29.37894582293349	18.088386433710173	17.63324034649831	34.89942739685802	0.0
52.0	26.790450928381965	17.50663129973475	19.923371647509576	35.77954612437371	0.0
53.0	31.724754244861487	17.992254989574025	22.29669347631814	27.98629728924635	0.0
54.0	30.115772064351226	24.928582168095023	17.922116974890994	27.033528792662757	0.0
55.0	33.31820245120291	18.21758208503556	18.762293841730973	29.701921622030564	0.0
56.0	27.271334456871454	21.357438333077983	20.71395740769113	30.657269802359433	0.0
57.0	30.57736720554273	18.383371824480367	20.04618937644342	30.99307159353349	0.0
58.0	29.410850303124512	20.659101507850146	19.104616819524328	30.82543136950101	0.0
59.0	27.37203495630462	23.65792759051186	18.43008739076155	30.539950062421973	0.0
60.0	29.552941176470586	19.2	21.207843137254905	30.039215686274513	0.0
61.0	28.709116764101754	19.87675778164007	21.061779112024016	30.35234634223416	0.0
62.0	28.562320688555946	21.102964615875038	20.879821485495697	29.45489321007332	0.0
63.0	32.66154830454255	18.618042226487525	19.14587332053743	29.5745361484325	0.0
64.0	29.686746987951807	18.843373493975903	22.120481927710845	29.34939759036145	0.0
65.0	29.732344405030638	19.864559819413092	21.493066752660432	28.910029022895838	0.0
66.0	28.120957309184995	15.798835705045278	23.140362225097025	32.939844760672706	0.0
67.0	30.472797927461137	16.661269430051814	21.534974093264246	31.3309585492228	0.0
68.0	25.8405067402956	20.172161767094366	20.675653727464674	33.31167776514536	0.0
69.0	27.480417754569192	18.14621409921671	21.997389033942557	32.375979112271544	0.0
70.0	31.020341207349084	20.55446194225722	19.2257217847769	29.1994750656168	0.0
71.0	29.719934102141682	21.400329489291597	18.006589785831963	30.873146622734758	0.0
72.0	26.56405163853029	18.437603442568687	20.539556438265475	34.45878848063555	0.0
73.0	28.15259037148093	19.490254872563717	19.89005497251374	32.46709978344161	0.0
74.0	30.27615062761506	16.853556485355647	22.594142259414227	30.27615062761506	0.0
75.0	28.5305985205111	19.804976462676528	23.78950907868191	27.874915938130464	0.0
76.0	26.64756446991404	22.821506826226194	19.012304062025954	31.51862464183381	0.0
77.0	28.929115208932497	19.11690069362206	19.15073591608865	32.80324818135679	0.0
78.0	30.918697801261292	20.67496164990626	19.158002386228056	29.248338162604398	0.0
79.0	27.986990756590206	22.714823690516948	17.853474837384457	31.44471071550839	0.0
80.0	31.209206458261768	19.11714187564411	20.439711439367912	29.23394022672621	0.0
81.0	25.548075263248748	20.196789228379078	18.366994648713966	35.88814085965821	0.0
82.0	31.581685744016653	18.002081165452655	20.308706208810268	30.107526881720432	0.0
83.0	30.415146777835677	18.551328817092237	19.5761681431301	31.45735626194198	0.0
84.0	29.82180293501048	19.81132075471698	19.986023759608663	30.380852550663874	0.0
85.0	32.42674153360239	19.40691349359537	18.231268643621686	29.93507632918056	0.0
86.0	26.78760126805213	20.623458964424092	22.19091229306094	30.39802747446284	0.0
87.0	30.074257425742573	18.741159830268742	21.87057991513437	29.314002828854314	0.0
88.0	33.88297872340426	18.31560283687943	17.03900709219858	30.76241134751773	0.0
89.0	29.363668681123357	17.95236402417348	17.36580163526484	35.31816565943832	0.0
90.0	31.366957761539833	17.57262520049902	19.729103546604883	31.331313491356266	0.0
91.0	28.995352163031818	22.73864855202002	16.60707901322846	31.658920271719698	0.0
92.0	29.280085959885387	18.606733524355302	18.40974212034384	33.703438395415475	0.0
93.0	32.81221922731356	18.52650494159928	19.137466307277627	29.523809523809526	0.0
94.0	30.313400576368878	16.462536023054756	18.677953890489913	34.54610951008645	0.0
95.0	30.636150657776174	16.615606415570372	19.24671111912056	33.501531807532885	0.0
96.0	26.728193992037642	17.137169743032935	20.61165399927615	35.522982265653276	0.0
97.0	30.626702997275206	16.05812897366031	19.055404178019984	34.259763851044504	0.0
98.0	29.92900054614965	21.99162570544329	19.297287456763154	28.78208629164391	0.0
99.0	28.276366295010053	21.111314202156827	20.215682690550175	30.396636812282946	0.0
100.0	30.541781450872357	15.243342516069788	20.9366391184573	33.27823691460055	0.0
101.0	31.390630763555883	19.9926226484692	19.752858723718187	28.863887864256732	0.0
102.0	30.556586270871982	15.80705009276438	19.758812615955474	33.87755102040816	0.0
103.0	27.903946388682055	17.814594192107222	21.463142218912882	32.81831720029784	0.0
104.0	28.416323474354176	18.719580681392735	21.60239610632722	31.26169973792587	0.0
105.0	28.32456799398948	21.506386175807663	18.181818181818183	31.987227648384675	0.0
106.0	29.994329994329995	18.04951804951805	20.544320544320545	31.411831411831415	0.0
107.0	30.729857819905217	20.24644549763033	17.61137440758294	31.412322274881515	0.0
108.0	31.970189184024463	18.517103000191096	16.60615325816931	32.90655455761514	0.0
109.0	31.372173246454583	20.00766577232656	18.321195860482945	30.298965120735915	0.0
110.0	26.811454929848168	19.988468191428023	19.1043628675764	34.095714011147415	0.0
111.0	29.768339768339768	17.72200772200772	20.115830115830118	32.39382239382239	0.0
112.0	26.07854517314761	18.707680402398914	20.8164054942929	34.397368930160575	0.0
113.0	31.099456099456102	20.648795648795648	17.871017871017873	30.38073038073038	0.0
114.0	31.52661337492689	17.52778319360499	20.27685708715149	30.668746344316634	0.0
115.0	27.77232580961727	19.842983316977428	19.450441609421002	32.9342492639843	0.0
116.0	28.976377952755904	20.80708661417323	17.79527559055118	32.42125984251968	0.0
117.0	31.284584980237156	18.399209486166008	19.861660079051383	30.454545454545457	0.0
118.0	29.521540599563235	16.43835616438356	20.54794520547945	33.492158030573755	0.0
119.0	25.089748703629837	21.599521340247307	25.907459114479458	27.4032708416434	0.0
120.0	27.190876350540215	21.80872348939576	20.108043217286912	30.89235694277711	0.0
121.0	31.958970233306516	20.353982300884958	17.49798873692679	30.18905872888174	0.0
122.0	30.052440500201694	17.930617184348527	20.653489310205728	31.36345300524405	0.0
123.0	33.083923154701715	17.532861476238626	18.64509605662285	30.738119312436808	0.0
124.0	30.259951259138912	18.318440292445167	22.380178716490658	29.041429731925266	0.0
125.0	30.464926590538337	19.086460032626427	20.473083197389887	29.975530179445354	0.0
126.0	30.862174892484127	19.107106287118576	18.799918083145606	31.23080073725169	0.0
127.0	29.5534060506277	20.045276805927145	22.020991973657132	28.380325169788023	0.0
128.0	31.56591706210027	17.49535795337322	19.84732824427481	31.091396740251703	0.0
129.0	29.1692562668324	19.473793246322767	18.914439610524138	32.442510876320696	0.0
130.0	30.476388599958394	18.701893072602456	16.621593509465363	34.20012481797379	0.0
131.0	32.05101400794481	19.673844867238135	18.273050386786537	30.002090738030525	0.0
132.0	28.857082719427492	20.31151336560724	20.206272363712902	30.625131551252366	0.0
133.0	30.907552358789932	21.260841971652212	20.308863972921515	27.522741696636345	0.0
134.0	26.876461832872632	20.603869870295554	20.2423984690623	32.27726982776951	0.0
135.0	30.202774813233724	17.161152614727854	18.207043756670224	34.4290288153682	0.0
136.0	25.766345123258304	18.4994640943194	20.321543408360128	35.41264737406217	0.0
137.0	26.89328743545611	16.738382099827884	21.88037865748709	34.48795180722892	0.0
138.0	29.777585834592962	18.24659900669402	19.628589937378536	32.34722522133448	0.0
139.0	29.288975864318328	18.938899760817566	18.590998043052835	33.181126331811264	0.0
140.0	27.5635407537248	19.71954425942156	18.55828220858896	34.15863277826468	0.0
141.0	31.190843055249832	19.216376843495485	19.9867928681488	29.60598723310588	0.0
142.0	31.043651672944826	14.402836250830934	19.122534899180145	35.43097717704409	0.0
143.0	33.30367074527253	18.10901001112347	19.13236929922136	29.454949944382648	0.0
144.0	30.223713646532442	17.404921700223714	18.07606263982103	34.29530201342282	0.0
145.0	27.786534564287322	19.612699842377843	18.554379644224273	34.04638594911056	0.0
146.0	28.23822463768116	18.817934782608695	19.13496376811594	33.8088768115942	0.0
147.0	30.551755585955316	17.783857729138166	18.6046511627907	33.05973552211582	0.0
148.0	24.919761577258136	21.068317285648785	20.63273727647868	33.3791838606144	0.0
149.0	29.4362292051756	19.662661737523106	18.345656192236596	32.555452865064694	0.0
150.0	28.82339289858436	19.006730099791135	17.70712462288234	34.46275237874217	0.0
151.0	28.991596638655466	20.0046685340803	20.658263305322127	30.34547152194211	0.0
152.0	28.65181711606096	19.929660023446658	17.02227432590856	34.396248534583826	0.0
153.0	30.00942951438001	18.576143328618578	19.094766619519092	32.31966053748232	0.0
154.0	33.71239042880834	15.517649846008055	19.284529732290924	31.485429992892676	0.0
155.0	30.90476190476191	21.333333333333336	16.738095238095237	31.023809523809526	0.0
156.0	31.72479694218825	15.456282847587197	17.988533205924508	34.83038700430004	0.0
157.0	29.302884615384617	17.307692307692307	19.903846153846153	33.48557692307692	0.0
158.0	28.702807357212002	22.48305905130687	16.311713455953534	32.502420135527586	0.0
159.0	35.338528981977596	14.856307842182174	18.55820750121773	31.246955674622505	0.0
160.0	27.237067908801176	20.715861730816375	22.382936994361362	29.664133366021083	0.0
161.0	28.039457459926016	21.479654747225645	20.123304562268803	30.357583230579532	0.0
162.0	28.695868591338975	18.8899950223992	20.582379293180686	31.831757093081137	0.0
163.0	27.886546184738958	18.90060240963855	15.938755020080322	37.27409638554217	0.0
164.0	28.49557522123894	16.359039190897597	22.326169405815424	32.81921618204804	0.0
165.0	29.273885350318473	17.73248407643312	22.573248407643312	30.420382165605098	0.0
166.0	28.834827144686297	20.460947503201023	19.718309859154928	30.985915492957744	0.0
167.0	26.59108477196599	20.278278794125228	22.4426694150992	30.687967018809587	0.0
168.0	28.586251621271074	17.924773022049287	19.299610894941637	34.189364461738	0.0
169.0	27.824267782426777	18.985355648535567	19.299163179916317	33.89121338912134	0.0
170.0	29.7055730809674	16.798107255520506	18.559411146161935	34.936908517350155	0.0
171.0	31.11111111111111	18.386243386243386	17.195767195767196	33.3068783068783	0.0
172.0	31.647591163162097	20.388607931860527	16.289592760180994	31.674208144796378	0.0
173.0	27.6732939279957	17.78613648576034	20.150456743686192	34.39011284255776	0.0
174.0	29.243243243243246	20.324324324324326	17.783783783783782	32.648648648648646	0.0
175.0	26.905217153783116	20.868615132477466	20.295001365747066	31.931166347992352	0.0
176.0	28.151606701455645	21.422686075254052	19.1705575391376	31.255149684152705	0.0
177.0	29.52723251313243	21.841304948852642	17.528338401990602	31.10312413602433	0.0
178.0	27.82584426458275	20.513536142897014	18.950600055819148	32.71001953670109	0.0
179.0	25.724739656628202	20.43343653250774	22.966507177033492	30.87531663383057	0.0
180.0	31.420454545454547	16.420454545454547	19.346590909090907	32.8125	0.0
181.0	28.13306567249785	21.10696874103814	19.443647834815028	31.31631775164898	0.0
182.0	34.48375870069606	17.430394431554525	17.749419953596288	30.33642691415313	0.0
183.0	29.472140762463344	23.37243401759531	19.67741935483871	27.478005865102638	0.0
184.0	28.791926387652122	18.6702285544672	19.174829326209558	33.36301573167112	0.0
185.0	25.254338719329745	22.262118491921004	23.57869539198085	28.904847396768403	0.0
186.0	31.7235134319348	17.778448536070027	20.827044974343494	29.670993057651675	0.0
187.0	32.94691885295912	19.73764490543014	17.144600366076876	30.170835875533864	0.0
188.0	26.791756382651492	21.99323285143033	20.270685942786834	30.944324823131343	0.0
189.0	29.922239502332815	20.34214618973561	18.69362363919129	31.041990668740283	0.0
190.0	30.839358692235148	17.824583464319396	19.647909462433198	31.68814838101226	0.0
191.0	27.17219589257504	21.83254344391785	18.325434439178515	32.669826224328595	0.0
192.0	33.59872611464968	19.777070063694268	19.904458598726116	26.719745222929937	0.0
193.0	29.34151065203357	18.14073595868302	21.20723047127179	31.310522918011618	0.0
194.0	28.576072821846555	20.48114434330299	22.724317295188555	28.218465539661896	0.0
195.0	28.467874794069193	20.59308072487644	19.670510708401977	31.26853377265239	0.0
196.0	29.30918846411804	19.78537894030852	18.91348088531187	31.991951710261567	0.0
197.0	29.02896081771721	20.238500851788757	21.19250425894378	29.540034071550252	0.0
198.0	27.78940027894003	23.430962343096233	19.456066945606697	29.323570432357045	0.0
199.0	27.79001468428781	23.6784140969163	19.383259911894275	29.148311306901615	0.0
200.0	28.445747800586513	15.500628403854211	20.108923334729788	35.944700460829495	0.0
201.0	28.702640642939148	17.91044776119403	19.288174512055107	34.098737083811706	0.0
202.0	36.37413394919168	16.628175519630485	18.18706697459584	28.810623556581987	0.0
203.0	31.03850641773629	16.977829638273047	22.170361726954493	29.813302217036174	0.0
204.0	30.710510863182616	18.027011156782148	26.776277157956546	24.486200822078686	0.0
205.0	33.03730017761989	17.28833629366489	24.51154529307282	25.16281823564239	0.0
206.0	26.44776119402985	17.671641791044777	24.895522388059703	30.98507462686567	0.0
207.0	28.907664453832226	22.269161134580568	16.71695835847918	32.10621605310803	0.0
208.0	30.35279805352798	19.16058394160584	18.248175182481752	32.23844282238443	0.0
209.0	22.797288971041283	20.08626001232286	21.380160197165743	35.73629081947012	0.0
210.0	25.932835820895523	17.537313432835823	20.087064676616915	36.44278606965174	0.0
211.0	31.304893350062734	18.381430363864492	16.68757841907152	33.626097867001256	0.0
212.0	28.035600762873493	18.436109345200254	21.678321678321677	31.84996821360458	0.0
213.0	27.307692307692307	20.064102564102566	19.935897435897438	32.69230769230769	0.0
214.0	27.512886597938145	28.543814432989688	18.943298969072163	25.0	0.0
215.0	30.734243014944767	24.301494476933073	15.854450942170239	29.109811565951915	0.0
216.0	28.79581151832461	17.212041884816752	18.979057591623036	35.01308900523561	0.0
217.0	27.67797737857618	18.89554224883566	24.617431803060548	28.80904856952761	0.0
218.0	26.846100759144235	20.634920634920633	17.66735679779158	34.85162180814355	0.0
219.0	19.127773527161438	23.64192807957154	24.100994644223412	33.12930374904361	0.0
220.0	0.0	30.694275274056025	22.77710109622412	46.52862362971986	0.0
