# Position (bp)	A	C	G	T	N
0.0	46.51430573981827	9.587223710230544	21.66762622343488	22.20831560239305	0.022528724123257154
1.0	40.57923852912463	16.042954767328343	16.012916468497334	27.35487746877269	0.01001276627700318
2.0	41.918167425291905	15.891549574510192	17.981891945378983	24.20591727686523	0.0024737779536908766
3.0	40.83957284890143	16.518964035841414	18.819197250521665	23.819810973364426	0.0024548913710568305
4.0	40.84362892024271	18.8317859492653	15.746765114408948	24.575383190779053	0.0024368253039939564
5.0	38.89304412864622	19.938716915578933	17.44155186141337	23.726687094361473	0.0
6.0	32.54633398783583	19.958335328767777	16.972367223791966	30.522963459604423	0.0
7.0	34.64460697294611	18.693933584226848	18.95666169613482	27.70479774669223	0.0
8.0	34.94545624795168	19.8206844889742	16.292897607565898	28.940961655508218	0.0
9.0	38.487231229559534	19.203024609746482	18.83886530744787	23.47087885324612	0.0
10.0	34.594248030774864	21.189778347682726	17.89705074189412	26.318922879648287	0.0
11.0	34.104698107675304	21.954575185510972	16.255046575095292	27.68568013171843	0.0
12.0	32.980386900772906	21.02265111915293	17.46861457356029	28.52834740651387	0.0
13.0	37.64755294221672	18.484459967284142	19.2382510278969	24.629736062602237	0.0
14.0	36.33534928565168	19.620475063546323	19.03979314576212	25.004382505039878	0.0
15.0	32.38934978065413	20.887807844329583	19.085262563523433	27.637579811492856	0.0
16.0	31.519586741282822	21.790787774429617	20.221696082651743	26.467929401635814	0.0
17.0	32.813001862915144	19.813280229545406	19.51135949979658	27.862358407742878	0.0
18.0	32.9417013682332	18.63899039687261	19.864876349111924	28.55443188578227	0.0
19.0	28.4874997358355	20.63441746444346	20.754876476679556	30.123206323041487	0.0
20.0	32.45981757283394	17.206294369193824	19.82262855216869	30.511259505803544	0.0
21.0	33.50307213197542	17.11977106304183	20.90943523272452	28.46561737227506	0.0021041999831664
22.0	33.916729623100814	18.047511122303366	20.507009149668427	27.52875010492739	0.0
23.0	31.021951168570773	17.107709016479042	19.837507049019404	32.030744167589134	0.0020885983416529166
24.0	32.853351167213525	16.12572885535748	21.74758093168091	29.27333904574808	0.0
25.0	35.17649757094306	16.534267425616648	22.831050228310502	25.458184775129794	0.0
26.0	34.75359235854762	15.695843500385825	21.422761684289558	28.12780245677699	0.0
27.0	33.782823214584376	16.718932931928414	21.222194346880748	28.276049506606455	0.0
28.0	35.79232129851212	16.43117261471231	21.263135990011445	26.51337009676412	0.0
29.0	36.37176607603361	15.354379835288245	20.530737875384744	27.741036519424338	0.002079693869062474
30.0	30.21978021978022	16.697885447885447	23.35789210789211	29.724442224442228	0.0
31.0	30.831634563381456	18.39247826267837	22.85642967092399	27.919457503016183	0.0
32.0	30.663443907317887	17.427904650775126	21.670278379729954	30.238373062177033	0.0
33.0	30.9584795195764	16.941819668955425	23.92216793301621	28.177532878451967	0.0
34.0	32.6337563834601	16.16927751082764	21.40964037147967	29.787325734232585	0.0
35.0	32.17945649572464	18.16322534322578	22.264528622092644	27.390613781249318	0.0021757577076216795
36.0	32.57950220900223	16.71842876514588	23.610078299286997	27.089803595643236	0.00218713092165697
37.0	32.973552850512306	16.81846046063578	21.0044662404764	29.203520448375514	0.0
38.0	29.74716881748749	18.67044157668335	21.86375208497937	29.718637520849793	0.0
39.0	32.2734743070012	19.592418100142435	20.650816259449982	27.483291333406378	0.0
40.0	30.537808506914054	19.860406091370557	21.06380185541747	28.53798354629792	0.0
41.0	31.514303822365974	16.176759840024477	21.24265139760037	31.066284940009183	0.0
42.0	30.14359287709497	19.46578212290503	22.152147346368714	28.23629539106145	0.002182262569832402
43.0	30.607920662312416	20.780270429672996	21.00089560715612	27.608728893160617	0.002184407697852727
44.0	35.008635201014364	17.760094440679445	18.999628358437356	28.231641999868835	0.0
45.0	33.984794373479986	17.558773909423543	19.824280800157755	28.63215091693872	0.0
46.0	29.691404024021388	18.995748038399157	23.337570683382282	27.975277254197167	0.0
47.0	30.458339757284765	20.727705217716892	19.280664273285904	29.533290751712443	0.0
48.0	31.665747988093923	20.257964943225666	20.782714143975305	27.293572924705106	0.0
49.0	31.91714178792348	17.932066832500496	22.198252140797322	27.9525392387787	0.0
50.0	30.659938919134245	18.211392909308195	20.16332492364892	30.965343247908645	0.0
51.0	31.280220023954218	18.340504813023998	22.20644989575478	28.172825267266997	0.0
52.0	29.54989346590909	19.90633877840909	21.18252840909091	29.36123934659091	0.0
53.0	31.119574174294556	16.42279681966994	22.758958597804057	29.698670408231443	0.0
54.0	31.212316728591453	18.128017442765923	21.572073775780364	29.08759205286226	0.0
55.0	31.38093964518142	19.56628331996077	22.044664348756353	27.008112686101455	0.0
56.0	29.80898273239689	18.307685425427216	23.210611076317438	28.67272076585846	0.0
57.0	28.22372987617832	17.43131591321287	25.43830187411836	28.906652336490453	0.0
58.0	27.160189275862844	18.1426745307349	20.6813034020318	34.01583279137046	0.0
59.0	27.35467338038934	19.030706289619207	22.564402283864588	31.047970147911702	0.002247898215168817
60.0	28.032738965214847	17.354349830234074	22.600229352640927	32.012681851910145	0.0
61.0	29.174266477515822	16.823166475264024	22.668828390641536	31.333738656578618	0.0
62.0	29.516740366392924	17.394639472971754	23.389134554643082	29.699485605992237	0.0
63.0	27.14778958770564	17.73520185949947	23.649944711484213	31.467063841310676	0.0
64.0	27.406821775468714	18.502371809351708	25.70137790829004	28.38942850688954	0.0
65.0	28.292406925427183	17.06008826524839	21.944098676021273	32.70340613330316	0.0
66.0	28.906356181760522	16.37067911022516	25.485887736148232	29.23707697186608	0.0
67.0	32.182342391427724	16.840336897545917	21.718994755840086	29.258325955186272	0.0
68.0	32.42904936389085	15.480552584264547	22.160267643778873	29.930130408065725	0.0
69.0	33.442697653223966	17.562087035771246	21.303258145363408	27.69195716564138	0.0
70.0	34.03204791185681	16.666285688161476	20.129380300363454	29.172286099618262	0.0
71.0	30.754059260618295	18.670305476561783	21.520961379689936	29.05467388312999	0.0
72.0	31.66823751178134	16.374336222155815	22.852348221879957	29.105078044182893	0.0
73.0	31.1884271970099	17.702973951964562	21.073760468818495	30.034838382207045	0.0
74.0	30.908880398286442	21.567673960866042	20.970244297788586	26.550885724209795	0.002315618849137432
75.0	33.93719806763285	19.223801560758083	20.498885172798218	26.34011519881085	0.0
76.0	33.82648060857797	17.38460820460167	22.98268539692911	25.806225789891258	0.0
77.0	36.63997002482319	16.757997283499602	21.544658329820617	25.05737436185659	0.0
78.0	35.55081367537401	18.67701542934859	19.403930028607608	26.368240866669794	0.0
79.0	31.708694015807303	19.26514866390666	21.165788483251788	27.85801656003011	0.0023522770041400076
80.0	32.11515337278665	16.968853889137765	19.847688208803905	31.068304529271686	0.0
81.0	32.50596320525234	18.713836997850887	21.84776704532036	26.932432751576414	0.0
82.0	30.526016626009522	21.284607915117356	22.07801435236719	26.11136110650593	0.0
83.0	32.34617664493184	18.804979253112034	21.050385299347955	27.79608772969769	0.0023710729104919974
84.0	35.34972988342337	17.088427637190787	21.805989953558903	25.753483082172306	0.002369443654629893
85.0	32.58163192715373	19.273908610182353	22.33525408456048	25.809205378103435	0.0
86.0	31.271657094033323	17.700669293207387	25.829496368728343	25.19817724403095	0.0
87.0	32.926336793595745	17.873007577737134	22.733211392735825	26.467444235931303	0.0
88.0	32.446897076663255	18.255988201993294	21.712138150852738	27.582597940106083	0.0023786303846245332
89.0	32.21064649636078	17.684696256124827	23.04600161743019	27.0586556300842	0.0
90.0	30.571169969512198	20.269626524390244	22.427591463414632	26.73161204268293	0.0
91.0	35.446424306119525	17.95729231357187	19.27339607318588	27.322887307122723	0.0
92.0	33.42900880214313	16.747990815154996	21.36672407194795	28.453884424033678	0.0023918867202449294
93.0	32.00153392613187	16.027131318457446	24.801668144668408	27.16726985116123	0.002396759581046425
94.0	35.38853380748714	16.764380796770627	21.3321159113845	26.51496948435773	0.0
95.0	35.38720538720539	17.876382876382877	20.803270803270806	25.933140933140937	0.0
96.0	34.04214235717217	17.979290869155946	22.60384736067196	25.37471941299993	0.0
97.0	33.08083252662149	20.64133591481123	22.06679574056147	24.208615682478218	0.0024201355275895453
98.0	32.72625995979753	18.621491366157276	20.745440895110313	27.904385943668114	0.0024218352667651545
99.0	32.85499587918747	16.16812915111262	20.970087749066757	30.006787220633154	0.0
100.0	34.34240527822248	18.82549847183816	19.55319458594091	27.278901663998447	0.0
101.0	34.21001599844863	16.749890919668395	21.423377127066466	27.616715954816502	0.0
102.0	35.414797390692826	17.164197201542304	19.601328903654487	27.819676504110387	0.0
103.0	32.496174491753905	18.967234218260426	20.120958927400352	28.415632362585313	0.0
104.0	31.804043545878695	21.529937791601867	20.390260497667185	26.275758164852252	0.0
105.0	32.52739225712198	19.323106890674456	19.936693450206963	28.212807401996592	0.0
106.0	30.542820912992585	15.870074131876708	23.212543893874365	30.37456106125634	0.0
107.0	31.589861189041496	19.689687980288355	20.4898636286014	28.230587202068747	0.0
108.0	33.93258426966292	17.67953102100635	22.12017586712262	26.26770884220811	0.0
109.0	35.617342821509794	17.002910033502065	19.8689262220918	27.51082092289634	0.0
110.0	34.47179913453781	17.223675525022614	20.998459770676966	27.30362076131335	0.0024448084492580007
111.0	32.43104334418366	19.37149709978218	21.490981179177172	26.70403093565677	0.002447441200225165
112.0	33.791666666666664	17.252450980392155	21.745098039215684	27.21078431372549	0.0
113.0	32.4571316267872	17.21859185378077	22.52002161843463	27.804254900997392	0.0
114.0	27.60477119502136	19.29963203516657	22.606376410737656	30.48922035907441	0.0
115.0	32.86332714904143	18.491032776747062	21.793444650587507	26.852195423623993	0.0
116.0	31.715001612543105	16.59927063434965	23.885484631223797	27.80024312188345	0.0
117.0	32.11706102117061	17.103362391033624	21.950186799501868	28.829389788293895	0.0
118.0	32.31142093296355	16.922769407590636	21.4076905779177	29.358119081528123	0.0
119.0	32.92856964021932	15.512881500212814	19.46871635662602	32.08983250294184	0.0
120.0	36.16343525044521	14.47239710050415	21.613283503473877	27.750884145576766	0.0
121.0	34.37649247165875	16.072191639645077	20.526355478470705	29.024960410225475	0.0
122.0	33.3526258838924	18.790105437982838	19.761443418304438	28.09582525982033	0.0
123.0	34.12556392872445	15.837890969579355	21.96486629533483	28.071678806361366	0.0
124.0	30.155524136538077	16.721369420319128	23.300848313472024	29.819733387194507	0.0025247424762674204
125.0	30.170562223626025	16.083385975994947	18.34996841440303	35.396083385976	0.0
126.0	29.29849042242801	18.525941900291766	21.17467969047317	31.00088798680705	0.0
127.0	32.71870622691965	17.290207563988286	22.154590602317587	27.83649560677448	0.0
128.0	33.48342202210397	19.167007777322965	19.906365124846502	27.443205075726567	0.0
129.0	35.297447509263066	16.784170440510497	21.10436393577604	26.814018114450388	0.0
130.0	34.87753203803224	17.471062422488632	22.33102521703183	25.320380322447296	0.0
131.0	38.66372026517613	16.209541141297283	20.31717145456909	24.806967372936437	0.002599766021058105
132.0	35.69406584189558	16.578423149507234	21.988362340113234	25.739148668483956	0.0
133.0	31.553372418528497	16.57159457032694	25.455553794961176	26.419479216183383	0.0
134.0	37.351226136272864	16.428362222754746	20.108102351093006	26.11230928987938	0.0
135.0	35.343320513165324	16.60525537236761	24.09026115489094	23.961162959576125	0.0
136.0	32.52818910474121	17.788343975003396	22.301317755739706	27.38214916451569	0.0
137.0	34.797074351077875	17.12494500659921	21.073471183457983	27.004509458864934	0.0
138.0	34.713641676406745	17.19819669393889	22.107196526966106	25.980965102688263	0.0
139.0	34.68226010990559	19.16020853881922	22.2150204311681	23.94251092010709	0.0
140.0	32.351852379189566	17.566990346555798	23.732095566249964	26.34906170800467	0.0
141.0	30.930064888248015	19.10021629416006	24.88248017303533	25.0872386445566	0.0
142.0	36.72425385132567	18.609137946154522	21.088017773100646	23.578590429419158	0.0
143.0	38.143780003555975	16.73383512119955	22.361168731108872	22.758252829965034	0.002963314170568364
144.0	32.632372906924125	19.034545180268516	22.259767687434	26.073314225373363	0.0
145.0	34.36781256708271	17.378637799380538	18.626759483578155	29.626790149958598	0.0
146.0	31.40686089040232	18.14226258040106	21.317316181107326	29.133560348089294	0.0
147.0	33.25096372442424	17.389871832888538	21.821356792197953	27.53451286613291	0.0032947843563638757
148.0	30.41820993203639	20.4034665036499	20.6551835736632	28.51954403250746	0.003595958143047215
149.0	33.00398759415153	20.713336287106777	14.244572441293753	32.01595037660611	0.022153300841825433
150.0	37.8430296377607	12.413099158433957	13.31869740212221	36.379436516648376	0.045737285034760336
