# Position (bp)	A	C	G	T	N
0.0	27.205316558319094	23.71911641488387	23.51170867964155	25.563757761444894	1.0058571059278177E-4
1.0	27.10252624145347	20.014826019965977	15.369306326838505	37.513241100375566	1.0031136648155877E-4
2.0	28.24924147769049	19.936057044478968	18.10660026949675	33.7080011724209	1.0003591289272848E-4
3.0	23.832942226285788	22.06692172635416	15.425454930194629	38.6742818585886	3.9925857682283997E-4
4.0	34.332052932105526	13.910616305989329	14.71432043767408	37.0417153126158	0.0012950116152580262
5.0	35.927854035814185	15.062460806466063	22.689846012959997	26.311776474921118	0.008062669838647065
6.0	32.72138046384715	17.52189914213237	20.182810229974553	29.56764545316234	0.006264710883592722
7.0	35.73691047311232	16.605891467321033	20.516971834695433	27.13913296699256	0.0010932578786622897
8.0	23.471631987697954	26.76926316876966	22.28612980325074	27.47198165819312	9.933820885262383E-4
9.0	29.29194137739296	18.175689093653187	16.241361506076736	36.29061085074271	3.9717213440305027E-4
10.0	26.711901821978884	17.07355807979545	25.332414866458357	30.881827457924555	2.9777384275158915E-4
11.0	28.465097725574562	18.879785189293997	19.91752094473844	32.73571079143972	0.0018853489532840296
12.0	26.58992625896961	19.513148483065752	21.30989784590476	32.579983670424326	0.007043741635556808
13.0	27.412047093363483	21.54233740986501	18.966187599805593	32.07922952559487	1.9837137104373098E-4
14.0	31.74408109421648	18.132135170252226	20.65978318009145	29.462711141528054	0.0012894139117842513
15.0	29.726445879330694	18.858670316699893	19.72029636682834	31.693893137342418	6.942997986530584E-4
16.0	30.699556639985715	17.41234465042005	19.246089604348303	32.63923190605132	0.0027771991946122336
17.0	30.210273653306352	18.182620684182858	20.609793594588428	30.993047083444917	0.004264984477440215
18.0	31.268188175082575	18.206623620079153	18.48880689538886	32.02874401166424	0.007637297785183643
19.0	30.591245871395838	18.51271064559963	19.634599934537448	31.261145991410523	2.9755705656559644E-4
20.0	30.340107715654476	18.172900487001716	19.32791779490384	32.15897481675445	9.918568552186549E-5
21.0	30.258180339413414	17.5223415756638	19.340018448537506	32.878864522272146	5.951141131311929E-4
22.0	28.764543101139644	19.23914660636177	19.732892948889617	32.262425486753756	9.918568552186547E-4
23.0	30.062486981878777	17.685799585403835	20.279406076115094	31.970621199948425	0.0016861566538717134
24.0	30.96825066206445	18.065879132323623	18.91798335664197	32.046498249372654	0.0013885995973061168
25.0	29.55872288511322	18.124597058152567	19.337340435028416	32.97894287896371	3.9674274208746196E-4
26.0	32.06345900159689	17.989506154471787	19.814324396703068	30.132710447228256	0.0
27.0	29.232897908173893	18.187084040031344	20.156019083325894	32.4237014114123	2.9755705656559644E-4
28.0	30.43701213040934	18.05338173594787	19.761755983376478	31.74437865127305	0.003471498993265292
29.0	29.642931532121285	18.473929042560577	19.68528381983912	32.1945824778568	0.003273127622221561
30.0	30.021850628193164	18.260301187551388	19.548327777276338	32.16753669130111	0.001983715677999304
31.0	30.508783901734564	18.451946423753828	19.44945884182629	31.586934442099253	0.0028763905860695414
32.0	29.110560519257934	18.428836113182996	19.844218653293765	32.61628552838303	9.918588227826003E-5
33.0	29.600615749621607	18.661835624210227	19.57752513881147	32.15893243615863	0.001091051198073402
34.0	29.92191978924691	18.142639214278205	19.583929283451397	32.351511713023484	0.0
35.0	30.301292443975242	17.580452801882803	19.68660267617065	32.4316520779713	0.0
36.0	31.004000202441407	17.359846541477168	19.082880899951274	32.552974648183636	2.977079465197445E-4
37.0	29.223175505601915	18.798287266057375	19.410786174258966	32.56695701887421	7.940352075211014E-4
38.0	30.42190653663748	18.603321284155744	19.341858763518093	31.631821345212412	0.0010920704762717906
39.0	29.519152355665746	18.767053756519786	19.916105699269824	31.79729086767924	3.9732086540457694E-4
40.0	29.72304417666688	18.685989088865572	19.896558069216578	31.690529592846595	0.0038790724043783783
41.0	29.83175529201734	18.531823833205816	20.472894350930883	31.162331038000513	0.0011954858454475898
42.0	29.22899861972123	18.387128302097544	19.493146477097746	32.888432785211066	0.002293815872407988
43.0	29.22622517508205	18.38980411572584	20.40963610084087	31.972338233767477	0.001996374583755899
44.0	29.651826084871637	18.846966115681013	20.289432304289537	31.211575693760402	1.998013974109735E-4
45.0	29.67357952756063	18.375086106659282	19.646115377424607	32.305119009650944	9.997870453593385E-5
46.0	30.308129582700964	17.558353934332253	19.478023544665735	32.65489266637787	6.002719231812011E-4
47.0	29.58187061622808	17.951805661078062	20.16662712700839	32.29889579247986	8.008032056152321E-4
48.0	30.27149430030226	17.98033799578156	18.989578096174764	32.757487926575955	0.0011016811654584895
49.0	29.644324627688363	17.608586719047523	20.121264356296727	32.62512276763344	7.015293339480066E-4
50.0	29.91253340076198	18.62676335453523	19.60086653843182	31.859736366017167	1.0034025380063795E-4
51.0	30.271522373174108	18.231620940410252	19.312703651833658	32.18415303458198	0.0
52.0	29.920688581513616	17.965532633963342	20.025453010176168	32.08822501025275	1.0076409412575561E-4
53.0	31.38301148865827	17.562893764497147	19.529204336950826	31.513378525893152	0.01151188400060185
54.0	30.1812453140604	18.2948188305716	19.37027042614352	32.15113590717261	0.002529522051867344
55.0	29.06678099547144	18.23706604718293	18.47393343793203	34.220901900209604	0.0013176192039958323
56.0	29.16774090081385	18.438933087562095	20.66833266003382	31.723775322320996	0.00121802926924334
57.0	28.124387083661496	18.57422321587358	19.985975966057772	33.31480399380097	6.09740606183786E-4
58.0	30.54965673799855	18.169533882050555	21.971413657421778	29.30909046508007	3.052574490449003E-4
59.0	29.653998807770886	20.088754833877648	21.170422528035214	29.07755093722455	0.009272893091694647
60.0	31.140902593424546	19.119767204410863	19.756177251378396	29.982744537471923	4.084133142740453E-4
61.0	29.011406766267744	20.945705266519543	19.90595354588296	30.136627347578827	3.070737509263391E-4
62.0	30.79248810856902	16.395381090826906	21.846330864298995	30.9648753326005	9.246037045788429E-4
63.0	26.565370309977997	19.850005985725076	25.79517261592698	27.787903056022255	0.0015480323476839372
64.0	26.18906982190637	19.426672386885777	18.66635993027965	35.71613619924601	0.0017616616822003774
65.0	27.47378507244673	19.37673027885255	18.900341139983915	34.242901240026676	0.006242268690132742
66.0	26.456267603722335	19.62941619845202	17.11201865759677	36.79509423798458	0.0072033022442984295
67.0	33.436964619712995	14.295249621468129	18.08224489047462	34.18417867752228	0.001362190821977377
68.0	34.21401258224242	15.527284134843654	22.79874347147799	27.459959811435937	0.0
69.0	32.0955819150765	17.259215290684537	20.534261430658134	30.110941363580828	0.0
70.0	33.043507605016245	16.152935823693486	22.083580123509513	28.71997644778075	0.0
71.0	25.81897987691193	20.007802591512416	25.78055138313354	28.392666148442114	0.0
