# Position (bp)	A	C	G	T	N
0.0	27.000114702621197	24.127255205489256	24.33224937722359	24.54008660538083	2.941092851281679E-4
1.0	26.992969151394743	20.00832214922434	15.235686782434405	37.763021916946514	0.0
2.0	28.428530827091087	19.90046797377478	18.00969040536963	33.66111612913273	1.9466463177238256E-4
3.0	23.58904247923035	22.555609068346623	15.167963272963137	38.68534608318736	0.0020390962725320137
4.0	34.89625302175664	13.373888148515464	14.27838126820802	37.44983109155148	0.0016464699683877764
5.0	36.56259398114527	14.888063923134423	23.121948483585513	25.42236516757775	0.00502844455704722
6.0	32.810531766087834	17.583984420281453	20.017349438558256	29.587941174197635	1.9320087481356114E-4
7.0	35.99586404246404	16.5814824183187	20.268702077826287	27.15317910704252	7.72354348451526E-4
8.0	22.638478127668606	27.55947527632906	22.56678454776597	27.235069064172023	1.9298406434088708E-4
9.0	29.181857111442888	18.015578162795272	15.898657068234515	36.90313607937996	7.715781473637103E-4
10.0	26.55710268273331	16.917985120456432	25.806955420177914	30.71535377237981	0.002603004252537688
11.0	28.3222744247681	18.79301289001325	20.0171545596916	32.867461751596196	9.637393085170462E-5
12.0	26.6068039270471	19.742757218694905	21.34055283111578	32.30978967753124	9.6345610975692E-5
13.0	27.199775760132695	21.95219683790964	18.702163606486003	32.14547850360344	3.8529186822247526E-4
14.0	31.86517866947159	18.23018106791347	20.695567409702033	29.208687561044684	3.8529186822247526E-4
15.0	29.865610196364003	18.90935430862264	19.770385311132816	31.454650183880545	0.0
16.0	30.601902956537153	17.402766780905708	19.23116934155546	32.763968275067576	1.9264593411123763E-4
17.0	30.10160146565027	18.25859634319488	20.519489025924365	31.11954258149405	7.705837364449505E-4
18.0	31.353896360340368	18.038402040505737	18.5092287034736	32.0984728956803	0.0
19.0	30.638505684018284	18.40481460718531	19.468798101281674	31.487688961580623	1.9264593411123763E-4
20.0	30.300604715587177	18.22844725450647	19.228472298477904	32.24199411659317	4.8161483527809403E-4
21.0	30.35830217285349	17.512671286316166	19.306879193661178	32.82118411749861	9.632296705561881E-4
22.0	28.993791021543597	19.180503460884207	19.699876899248103	32.1258286183241	0.0
23.0	30.07935086026042	17.80953867078158	20.37558251314327	31.73389046537478	0.0016374904399455198
24.0	31.15267768216118	18.10245681359772	18.8152467698093	31.929522411464745	9.632296705561881E-5
25.0	29.765915925461435	17.998620655111765	19.3244099736653	32.91086079982739	1.9264593411123763E-4
26.0	31.95649284224032	18.026746961492005	19.819895316199403	30.196383265232996	4.8161483527809403E-4
27.0	29.53830475430901	18.117290550524288	20.02535220492904	32.31885984430355	1.9264593411123763E-4
28.0	30.4253429579242	17.972324485105577	19.791961655753273	31.809792963414612	5.779378023337129E-4
29.0	29.478323940229618	18.68551773163047	19.670035726222892	32.165929955797345	1.9264611967369601E-4
30.0	30.10730626595386	18.397919375812744	19.52164908731879	31.971776718200644	0.0013485527139623368
31.0	30.566868697766353	18.222485945802237	19.61711703033549	31.59150544636286	0.002022879733056937
32.0	29.11813692011147	18.410494466380698	19.963221588484444	32.50766538003235	4.8164499103658676E-4
33.0	29.55362742141976	18.744045491720765	19.556218746357455	32.145819345155815	2.8899534621160816E-4
34.0	29.81297409150725	18.121109246482305	19.645330903107595	32.41942973185953	0.0011560270433259667
35.0	30.34020967196483	17.684429199478235	19.552732016039425	32.42224262041645	3.8649210106768444E-4
36.0	30.877936333274675	17.364663246302932	19.15252205090321	32.60458828966987	2.900798493131876E-4
37.0	29.360214497134457	18.761242279777104	19.17556776234244	32.70220138231056	7.740784354326664E-4
38.0	30.607236556026123	18.606031786922443	19.467867820171747	31.318670144097744	1.9369278194163454E-4
39.0	29.509235371224374	18.83895418165306	19.878776353335784	31.772160864380684	8.732294060972758E-4
40.0	30.014778017796008	18.762428741879887	19.65349642442155	31.567737130647032	0.001559685255515437
41.0	30.06941463137322	18.440454557038205	20.618458685454293	30.871084032674474	5.880934598126334E-4
42.0	29.447980111503863	18.5425596699155	19.439981819380264	32.56908487929269	3.9351990768022964E-4
43.0	29.169503533502656	18.5500502248772	20.40432506250974	31.875627810965007	4.93368145389672E-4
44.0	29.58463868442373	18.83652536395678	20.25327850446581	31.325359604235025	1.978429186578732E-4
45.0	29.56512685246243	18.63940384052833	19.630325597076716	32.16435041722239	7.932927101358017E-4
46.0	30.15996335973724	17.728800458599384	19.425697660209252	32.68543917150087	9.9349953255847E-5
47.0	29.568443185334893	18.076249100695264	20.05039091769384	32.304618271882084	2.9852439392084927E-4
48.0	30.27118444748075	17.955019518383754	18.888433775524135	32.884266000141515	0.001096258469842428
49.0	29.75954775048399	17.70328813434095	20.007568110498408	32.52949616153023	9.984314641697892E-5
50.0	29.86632207914494	18.694974932259502	19.78182801676859	31.65627394707977	6.010247471939657E-4
51.0	30.188686845494704	18.408170622776357	19.368170461651868	32.034569258857566	4.028112195008967E-4
52.0	30.004964388113837	17.876964226011367	19.941947053281055	32.175820390464324	3.039421294185587E-4
53.0	31.489236856393966	17.57278912673422	19.67845547794144	31.259314797628857	2.0374130151980827E-4
54.0	30.14383650689496	18.359295425300935	19.449918259589527	32.045823766241874	0.0011260419727026952
55.0	28.964752840099983	18.475224375352795	18.650015576980618	33.909595934151014	4.11273415594871E-4
56.0	29.23443548944752	18.54272648178021	20.509454350673277	31.713177262495627	2.064156033682898E-4
57.0	28.227377460164334	18.714224495753	19.867528418559687	33.19055909673386	3.105287891240397E-4
58.0	30.706588864878555	18.051862323217854	21.884659056705214	29.356163217689318	7.265375090557711E-4
59.0	29.682113056078347	20.350156559684216	21.163246781366066	28.80427541180193	2.0819106943588547E-4
60.0	31.350126855662612	19.214529808205945	19.536608338499203	29.898734997632236	0.0
61.0	29.16612373742681	20.909746245381598	19.847776652221246	30.07393645416066	0.002416910809686138
62.0	30.96903509440675	16.4377440641068	21.92733348580722	30.664722624583874	0.001164731095355476
63.0	26.66805522176827	20.091537824775028	25.765067158001546	27.47523298352426	1.068119308926807E-4
64.0	26.28657774678174	19.448076792684933	18.798559114718707	35.46646347041546	3.228753991547122E-4
65.0	27.500425615896024	19.22656103440386	19.007734823404647	34.26473634044066	5.421858548047968E-4
66.0	26.470780822336398	19.668542293270008	16.887187389503183	36.96945158657057	0.0040379083198372615
67.0	33.60256016160197	14.26697259792728	17.940014052344985	34.18726945371509	0.0031837344106797824
68.0	34.04028040502949	15.558139534883722	23.077222654946034	27.321130521864916	0.003226883275842884
69.0	31.98894845304515	17.20659405933834	20.659405933834098	30.144710175684548	3.413780978639972E-4
70.0	33.01417269514291	16.02803870165207	22.013987455208124	28.943310446182892	4.907018140019309E-4
71.0	25.92236987561554	19.598939369342208	26.062911168317136	28.41500653230981	7.73054415300293E-4
