# Position (bp)	A	C	G	T	N
0.0	27.241157617183102	23.918981478740747	23.025182424280455	25.81467847979569	0.0
1.0	27.350964286220364	20.032969472535676	15.08388794158074	37.53217829966322	0.0
2.0	28.462380271950977	19.89414573867686	17.94362842397777	33.69972776630546	1.1779908894184613E-4
3.0	23.808919457889868	22.012618526365763	15.406047914676293	38.77217907543265	2.3502563542118359E-4
4.0	34.36908772497415	13.833111787860247	14.586014736876654	37.21026189253755	0.001523857751395502
5.0	36.563076007860055	15.052966374607992	22.42211963866229	25.953172244354977	0.008665734514683736
6.0	32.96281647421166	17.4869993400205	19.917455755629717	29.62559035400177	0.007138076136358318
7.0	35.67901147924869	16.767025290841165	20.32800192763418	27.22479162134153	0.001169680934434705
8.0	23.274531628520386	26.938141292452745	22.440091476247044	27.3460664278432	0.0011691749366307186
9.0	29.255187970803604	18.29742223157255	16.03779869913568	36.40947421939375	1.1687909442077644E-4
10.0	26.687394331556174	17.133272809486588	24.98174353078362	31.197355645367647	2.3368280596966097E-4
11.0	28.362766422215106	19.035565014846988	19.824406062149414	32.775977553132584	0.0012849476559050354
12.0	27.08880005885671	19.517772040027236	20.99584616444611	32.391976335866275	0.00560540080367434
13.0	27.22447559469185	21.723094382447513	18.927394704457942	32.124801808302216	2.335101004793962E-4
14.0	32.04225598778275	18.072630981653113	20.758697667467608	29.125948342895576	4.670202009587924E-4
15.0	30.093964464432908	18.953664590761875	19.610528503410414	31.341025156043123	8.172853516778867E-4
16.0	30.548725385116533	17.80386085600133	19.180753163478087	32.46420873934902	0.0024518560550336604
17.0	30.23593860552438	18.182380728878428	20.61754081172781	30.961337732663623	0.002802121205752755
18.0	31.533904499039107	18.141166196143814	18.41834268541286	31.898764031038162	0.007822588366059775
19.0	30.552344791673963	18.441343430310077	19.733354816262576	31.27295696175338	0.0
20.0	30.34954126940761	18.39767704152043	19.01379344163532	32.238988247436644	0.0
21.0	30.571142354762554	17.65149551543852	19.1443255878033	32.632919786945386	1.167550502396981E-4
22.0	28.911702825705728	19.339890296954795	19.783909753016367	31.963563083921194	9.340404019175848E-4
23.0	30.208384413667815	17.897848671444283	20.503821392794343	31.388427706440442	0.0015178156531160756
24.0	31.358071393378122	18.103804580067113	18.674503265638755	31.86140241496146	0.0022183459545542642
25.0	29.468741170399326	18.192421663199042	19.573050132283473	32.76555352401768	2.335101004793962E-4
26.0	32.246810835802705	18.094347420997696	19.699729361793544	29.959112381406054	0.0
27.0	29.50551901122483	17.99674019899731	20.020221974701517	32.477285304975865	2.335101004793962E-4
28.0	30.391923352644618	18.085240527078998	19.8940097653924	31.62473992812559	0.004086426758389434
29.0	29.801259553481984	18.538717142209986	19.63995077607082	32.01656987673002	0.003502651507190943
30.0	30.20797698511014	18.259195389549664	19.621267757087367	31.90980853227537	0.0017513359774614737
31.0	30.56613819007177	18.397010112237545	19.731647999327485	31.3040361383185	0.0011675600446941984
32.0	28.97852387546323	18.538540034513115	19.881002141307622	32.601700436434456	2.335122815784496E-4
33.0	29.519943209547893	18.910379902905138	19.40577852190706	32.16308106883741	8.172968025013952E-4
34.0	30.001284326545864	18.068139361105924	19.830118625070053	32.10034093031945	1.1675695871473941E-4
35.0	30.312113421028965	17.665439737777533	19.54753541486823	32.47467779975165	2.3362657362098997E-4
36.0	30.931802409942588	17.55806970935354	19.15616960724525	32.35372461604245	2.336574161695605E-4
37.0	29.196583074041577	18.817045370897244	19.215593259154275	32.77066145395784	1.1684194906392072E-4
38.0	30.565475494893306	18.519643817047236	19.383925023955875	31.52990394278636	0.0010517213172225209
39.0	29.4768329432998	18.894611458803343	19.90889346590577	31.71966213199109	0.0
40.0	29.807801420928808	18.599941740280983	19.860129879397704	31.729436249477942	0.0026907099145641105
41.0	29.773319156510254	18.59560456031551	20.65479591932326	30.975343569374314	9.367944766597656E-4
42.0	29.414080763835916	18.493350535578063	19.40267900353537	32.688014792993016	0.0018749040576439252
43.0	29.38641948675621	18.423243228033314	20.227498686876267	31.959790275380804	0.0030483229534028666
44.0	29.445792628787444	18.950089550978376	20.327309705637077	31.27657353443109	2.3458016601238347E-4
45.0	29.820481259013192	18.326775972955435	19.50440201684301	32.34822341100862	1.1734017974168734E-4
46.0	30.29490616621984	17.590723203260353	19.267852363803684	32.846166125934936	3.52140781189109E-4
47.0	29.604129192243207	17.76980410758819	20.200377601292484	32.423575658806236	0.0021134400698844184
48.0	30.173965841014976	18.128948230687655	18.63864359962372	33.057502798039664	9.395306339835276E-4
49.0	29.661193172406257	17.35458350808806	20.173215710185584	32.80983278762866	0.001174821691437782
50.0	29.856148513699214	18.687644665551467	19.779843864064635	31.67624540214819	1.1755453648834034E-4
51.0	30.412823038352144	18.442472960744098	19.179955353307847	31.964748647595915	0.0
52.0	30.01233461077647	17.991213798742034	19.900192146611044	32.0961416347895	1.1780908095957852E-4
53.0	31.47173816895179	17.57204776647501	19.371841368126198	31.57293233082707	0.011440365619932183
54.0	30.388847765338394	18.340434524420896	19.24782861750494	32.02076404802129	0.002125044714482534
55.0	28.989682243344028	18.262145696365863	18.45250192601275	34.294724851945155	9.452823322005701E-4
56.0	29.353833928153318	18.613844760262715	20.587038837132848	31.44492771104284	3.5476340828301603E-4
57.0	28.135198135198138	18.603883426218452	19.945452178954717	33.314637984688744	8.282749399500669E-4
58.0	30.523761039945068	18.304524897591932	21.837899273080293	29.333459616887268	3.55172495441953E-4
59.0	29.69256344055954	20.22728053660103	21.187612487988446	28.88638224410797	0.006161290743016118
60.0	31.27966358044828	19.077100101424087	19.723485904424106	29.91975041370352	0.0
61.0	28.90089032895612	21.014898994697933	19.81563919347789	30.26833393512096	2.375477470971665E-4
62.0	31.176884275009726	16.350196284224793	22.01405821055901	30.458742234010778	1.1899619569162374E-4
63.0	26.347583255099327	20.03812491276958	26.079181960570057	27.53343981906174	0.0016700524992932099
64.0	26.15559125441654	19.553015199108803	18.738674775407947	35.55152349670344	0.0011952743632773466
65.0	27.7232087770434	19.26926657106609	18.845293588411966	34.155761851536376	0.006469211942165246
66.0	26.310190477105287	19.706888105506835	16.958393767950284	37.01612283515998	0.00840481427761822
67.0	33.41989747146032	14.355560692416788	17.90095810488347	34.32213898901755	0.001444742221869063
68.0	34.16258851207268	15.641380283506251	23.10929940892608	27.086731795494995	0.0
69.0	32.31947654618743	17.12614030973995	20.334701767053627	30.219681377018997	0.0
70.0	32.92101643225029	16.061564955906974	22.194734428816687	28.82268418302605	0.0
71.0	25.694525436775447	19.869242278330006	26.224687351089816	28.21154493380474	0.0
