# Position (bp)	A	C	G	T	N
0.0	26.935659760087237	23.338596005794365	24.560946629990724	25.16479760412767	0.0
1.0	26.89972311727845	20.586473226574263	16.054340258100034	36.45946339804725	0.0
2.0	27.585094370059686	20.467817389901597	17.888369091789	34.058719148249715	0.0
3.0	24.91684208834825	21.105236939788853	15.783130594076908	38.19479037778599	0.0
4.0	31.854323668412317	16.149891429301316	14.958806999616808	37.03538127474773	0.001596627921829097
5.0	35.09048620404002	15.095902631746638	21.269037150321797	28.53501561205633	0.009558401835213153
6.0	31.261312756025532	17.317646311644598	21.334667047727923	30.08002286367534	0.006351020926613953
7.0	35.481067071243444	17.55483911751691	19.601428661735888	27.36108477147734	0.0015803780264239207
8.0	25.95882306539402	25.917803896821013	21.197444190265834	26.92592884751913	0.0
9.0	28.004790645634053	19.235072568826133	17.027278314449156	35.73285847109066	0.0
10.0	26.965637740244613	17.03946229281116	24.884698326748413	31.110201640195818	0.0
11.0	27.2391287253283	19.757804513643155	20.784776283714713	32.21829047731383	0.0
12.0	27.350736299486083	20.441936852692955	20.446651683980573	31.75438872212356	0.006286441716827232
13.0	26.58931403180983	21.475561696315022	19.4360270681886	32.49752712314142	0.0015700805451319653
14.0	30.682514012968866	20.034227755883876	19.918041795544113	29.36521643560315	0.0
15.0	29.627419886640183	19.016815562638364	19.35595296038687	31.99981159033458	0.0
16.0	29.526934731751737	18.316559639509506	19.161262972790503	32.99367257540312	0.0015700805451319653
17.0	29.69650343062599	18.377792780769653	21.638850073008744	30.28685371559561	0.0
18.0	32.29969697445479	18.54265123800851	18.35895181422807	30.78770940949271	0.010990563815923757
19.0	30.478403542101713	19.131431442432998	20.20693661584839	30.1832283996169	0.0
20.0	29.743605846979946	17.489127192224963	21.133284137476252	31.633982823318835	0.0
21.0	28.41688778634344	17.697947904727513	19.64641786123628	34.23874644769276	0.0
22.0	28.2677301345559	19.632287136330092	20.428317972712	31.67009467585687	0.0015700805451319653
23.0	30.121995258356755	17.45772558132232	20.583755946680064	31.83652321364086	0.0
24.0	30.69350457678479	17.699517985272646	19.731202210673406	31.874205146724027	0.0015700805451319653
25.0	28.726193653734438	18.47984801620323	19.216215791870123	33.577742538192204	0.0
26.0	30.120425177811622	17.270885996451618	21.924604732222765	30.684084093513995	0.0
27.0	29.26316120016957	18.125009813003405	20.228917743480242	32.38291124334678	0.0
28.0	29.376206999419068	17.462435822957715	21.169395990014287	31.98725094597353	0.004710241635395896
29.0	29.54623959805307	18.45187627571047	19.404930130318732	32.59695399591773	0.0
30.0	30.018841262364575	17.853666195635107	18.800439629455173	33.32705291254514	0.0
31.0	29.657717067043492	18.668550792903122	19.445752865441985	32.224839064217306	0.0031402103940964044
32.0	29.00075367416154	19.353724406481597	19.111920612988317	32.533601306368546	0.0
33.0	29.820677093147413	17.469066013441367	20.07254569436593	32.63771119904529	0.0
34.0	29.140362448569363	18.38782625082446	19.619020697886242	32.852790602719935	0.0
35.0	30.21399616629482	17.586336926122613	20.191371020959682	32.00829588662288	0.0
36.0	31.659752341441948	18.10296058834622	18.34339053366019	31.893896536551637	0.0
37.0	28.470159224155545	19.958818629069018	19.41340123544113	32.15604910328351	0.0015718080508008363
38.0	30.50061318826452	18.398792490802176	19.334297663595486	31.76629665733782	0.0
39.0	30.672434132913885	18.552890287062525	18.72748721981911	32.04718836020448	0.0
40.0	29.172243304098632	19.663354800107072	19.307499724448505	31.85690217134579	0.0
41.0	29.215024599470162	17.79203986375678	21.04673899331399	31.944619654345907	0.0015768891131575627
42.0	28.486646884272997	18.615442894122104	20.252225519287833	32.64252793736978	0.0031567649472820257
43.0	30.474204656746593	18.608030834360093	20.323508040312134	30.592676839478088	0.0015796291030865954
44.0	28.728801504638774	19.45757139921923	20.211471290164532	31.60215580597746	0.0
45.0	29.75058912840627	18.513656708156066	19.954451280266966	31.7813028831707	0.0
46.0	29.752994604174248	17.629001376647626	19.63859043941959	32.97941357975853	0.0
47.0	30.3989235396549	19.376286211809404	19.143580813677378	31.07804337501979	0.003166059838530948
48.0	29.77685570847125	18.823939312354497	18.733668023375515	32.66553695579874	0.0
49.0	27.517586665821664	20.321313137714682	20.102668103175105	32.058432093288545	0.0
50.0	29.598972456115312	18.402232687946974	19.085676228533373	32.913118627404344	0.0
51.0	30.4737861611254	17.730462671874502	18.937156647931154	32.85859451906894	0.0
52.0	28.544170959740505	18.50950836354385	20.79596769064428	32.15035298607136	0.0
53.0	30.360298683309715	19.113502841949405	19.903198586189877	30.61344711745132	0.009552771099683166
54.0	30.30491400883023	19.0631026952932	19.28146766763895	31.35051562823762	0.0
55.0	28.582140748895164	18.786196333700282	18.856395283906892	33.77526763349766	0.0
56.0	30.131429757741262	18.33628770820358	21.31461696929047	30.21766556476469	0.0
57.0	27.096588547494964	19.902803977363558	19.485564472295934	33.51344438405218	0.0015986187933625345
58.0	29.770686978924964	17.781760573522586	22.113584356147285	30.33396809140516	0.0
59.0	27.482249611334602	21.784495055535075	21.704357860657446	29.024089240780214	0.00480823169265783
60.0	30.492956615320367	19.135197648457204	20.347912684517404	30.022326806624157	0.0016062450808744398
61.0	28.347243257177844	20.876164083395096	20.091515483517547	30.685077175909512	0.0
62.0	31.396344715026743	16.035098492316145	21.66507764652651	30.903479146130604	0.0
63.0	25.137587869539104	21.12602886504213	25.368118577203436	28.365017776839778	0.0032469113755540045
64.0	26.32162179779675	21.92490711166156	17.906264259174762	33.847206831366925	0.0
65.0	27.561247216035632	19.821826280623608	19.060330145421197	33.55168347962793	0.004912878291628456
66.0	27.14633184328162	19.045819090191955	18.30627136471207	35.49664738364449	0.004930318169865895
67.0	32.68345786530754	14.737658139112936	18.39774357959325	34.18114041598628	0.0
68.0	34.24481341663048	16.416663882671298	22.779206895399724	26.5593158052985	0.0
69.0	32.32094831868715	17.10776504445244	20.444695684944413	30.126590951915993	0.0
70.0	30.64899199116266	17.188621927644295	24.46653778882445	27.69584829236859	0.0
71.0	24.928907743228752	19.989744067875623	25.19462962099669	29.886718567898935	0.0
