# Position (bp)	A	C	G	T	N
0.0	27.441828540050793	23.552291394971057	24.929645136934585	24.076234928043565	0.0
1.0	27.101505386139518	20.711015964836367	15.677879250267598	36.50959939875652	0.0
2.0	27.66280916723395	19.895620603585204	17.599273882459723	34.84229634672113	0.0
3.0	24.985314716912928	21.3749943518142	15.769734761194703	37.869956170078176	0.0
4.0	32.47109015381161	16.11990569215224	14.64690692713596	36.762097226900195	0.0
5.0	35.062198812058725	15.212372520452764	21.214838058948786	28.503866412641486	0.006724195898240502
6.0	31.4526936478156	17.399267399267398	21.051103368176538	30.094702045921558	0.0022335388189046726
7.0	35.10867872477697	17.844668401966672	19.462056997930986	27.58459587532537	0.0
8.0	26.029862684975335	25.836555125983203	20.777229702706308	27.356352486335155	0.0
9.0	28.230100275090958	19.58248291773893	16.649658354778595	35.537758452391515	0.0
10.0	27.08901150036562	17.447760863302975	25.18114737751778	30.28208025881362	0.0
11.0	27.765721877767934	19.570416297608503	20.575730735163862	32.0837023914969	0.0044286979627989375
12.0	28.07362994756521	21.29471890971039	19.81238522976172	30.817053474634392	0.002212438328281599
13.0	26.609925942301317	22.27699789985631	19.330164695479166	31.782911462363217	0.0
14.0	30.151431413728307	20.63225378578534	19.63744887808113	29.578865922405218	0.0
15.0	29.636343539294796	19.23731623742677	19.79440698574113	31.32972255996463	0.0022106775726760254
16.0	29.62971150657677	18.399469437382557	18.923400022106776	33.0474190339339	0.0
17.0	28.707858958770867	19.1422571018017	21.587266497181385	30.56040676467337	0.0022106775726760254
18.0	33.10047529567813	18.744335138720018	18.167348292251575	29.985630595777607	0.0022106775726760254
19.0	31.760804686636458	19.28374046645297	18.812866143472977	30.142588703437607	0.0
20.0	30.078479053829998	17.895434950812426	21.286614347297448	30.739471648060128	0.0
21.0	28.81618215983199	18.136398806234112	19.478280092848458	33.56913894108544	0.0
22.0	28.177296341328617	19.789985630595776	20.603514977340556	31.426992373162378	0.0022106775726760254
23.0	30.45208356361225	17.45329943627722	20.092848458052394	32.00176854205814	0.0
24.0	30.796949264949706	17.51298773073947	19.657344976235215	32.03271802807561	0.0
25.0	28.301094285398477	18.6536973582403	18.996352382005085	34.048855974356144	0.0
26.0	30.363656460705208	17.60362551121919	21.613794628053498	30.41892340002211	0.0
27.0	29.49264949707085	18.078921189344534	20.42223941638112	32.00618989720349	0.0
28.0	29.777826903946057	17.709738034707637	20.33823366861943	32.16314800486349	0.011053387863380126
29.0	30.111639217420137	18.4967392505803	19.000773737150435	32.39084779484912	0.0
30.0	30.131535315574226	17.367083010942856	19.212998784127336	33.28617221178291	0.0022106775726760254
31.0	29.964848672429422	18.39365065328411	19.07235867618774	32.569141998098736	0.0
32.0	28.9558046472552	18.922862638455925	18.980345338374125	33.14098737591475	0.0
33.0	29.72518847692954	17.576440936525835	19.96639472927859	32.73197585726603	0.0
34.0	29.749270363491643	18.320509418944017	18.683116653400546	33.247103564163794	0.0
35.0	30.904222359918563	17.110737363901922	20.821899619367972	31.163140656811546	0.0
36.0	31.485867327740763	17.756037096881293	18.743221408176368	32.014874167201576	0.0
37.0	28.497099588185804	20.021697737235975	18.715405393437543	32.76579728114068	0.0
38.0	30.145055918502933	18.76204185582992	19.21603366183147	31.87465396966006	0.0022145941756173183
39.0	31.515863169088977	17.919177596596953	18.492998936547323	32.07196029776675	0.0
40.0	28.65980753026742	20.169408842964213	19.113929664286662	32.05463656924919	0.0022173932325158545
41.0	30.09173904351496	17.5836868877585	20.882294142473178	31.44227992625336	0.0
42.0	27.91038805174023	19.92487887273859	19.980441836689337	32.18429123883185	0.0
43.0	30.213939420895784	19.356847395810167	19.739358626517813	30.68985455677623	0.0
44.0	28.57873893116184	19.846037467182843	20.173096604814667	31.40212699684065	0.0
45.0	30.329273994256074	18.31823140459069	19.994656811452234	31.357837789701005	0.0
46.0	29.882164257233867	17.719911790256834	19.377185752789966	33.02073819971933	0.0
47.0	30.827855153203345	19.059610027855154	19.496378830083565	30.61615598885794	0.0
48.0	29.80696357719228	19.63800098078552	18.235923498729438	32.31911194329277	0.0
49.0	27.76377706906934	19.572247373937866	20.618211824527755	32.04576373246504	0.0
50.0	29.308998415850418	18.49215734398358	19.344474441643055	32.854369798522946	0.0
51.0	31.480778251837293	17.425782384345613	18.670002457167108	32.42343690664999	0.0
52.0	28.19113238781263	19.312335018567403	21.200393718401862	31.29613887521811	0.0
53.0	30.588472480455188	19.2356802042965	19.73746107838086	30.42942586411595	0.008960372751506462
54.0	30.696777376600657	18.990379224507187	18.739207463389473	31.57363593550268	0.0
55.0	29.398558696091413	18.705520508272905	18.752665963226544	33.14325483240913	0.0
56.0	30.75108405041677	18.486148868768115	20.699184434608732	30.06358264620638	0.0
57.0	27.645220050824204	20.640025187217486	19.479614095846358	32.23514066611195	0.0
58.0	30.150584104260925	17.946293920363743	21.63324104711099	30.269880928264342	0.0
59.0	27.37832107898417	22.355541521945057	21.550363119671616	28.711263476025078	0.004510803374080923
60.0	30.349675640243213	19.099929929251147	20.05379625234511	30.49659817816053	0.0
61.0	28.150097554335495	21.15114115885476	19.778574345478468	30.92018694133128	0.0
62.0	31.50603916930146	16.42290107590474	21.201919796192254	30.86913995860155	0.0
63.0	25.747914524054394	21.51982630556508	24.35378813849846	28.378471031882068	0.0
64.0	26.274104683195592	22.302571166207528	17.9247015610652	33.49862258953168	0.0
65.0	27.250276957163962	19.234675036927623	18.976181683899558	34.53425036927622	0.004615952732644018
66.0	26.86923469151254	19.75849441431419	18.207945116580913	35.15737264172809	0.006953135864274787
67.0	33.76544790187819	15.034794144343333	18.181395024088253	33.016035562175624	0.002327367514604231
68.0	35.163488059595934	16.43367358966501	22.383837431339728	26.019000919399325	0.0
69.0	32.11541249818762	17.439949736600454	20.823063167560775	29.62157459765115	0.0
70.0	31.236734482580108	17.07563286224569	23.96593673965937	27.721695915514832	0.0
71.0	25.395004261456762	19.478135448764178	24.7754540090474	30.35140628073166	0.0
