# Position (bp)	A	C	G	T	N
0.0	31.911712979247277	24.82412944073162	41.39992965177629	1.8642279282448118	0.0
1.0	60.41153710868801	4.194512838550827	15.564544495251495	19.829405557509673	0.0
2.0	59.19282511210763	4.3612063659544535	0.4220522289633343	36.02391629297459	0.0
3.0	22.342389870746505	35.31170315659896	25.639672909522552	16.70623406313198	0.0
4.0	81.58797151147455	12.556053811659194	0.38688120988305635	5.469093466983206	0.0
5.0	51.94725274725275	15.481318681318681	16.448351648351647	16.123076923076923	0.0
6.0	8.589010989010989	19.4989010989011	23.7978021978022	48.114285714285714	0.0
7.0	25.5032967032967	16.7032967032967	38.82197802197802	18.97142857142857	0.0
8.0	36.72967032967033	8.395604395604396	23.103296703296703	31.771428571428572	0.0
9.0	35.323076923076925	0.38681318681318677	34.46153846153846	29.828571428571426	0.0
10.0	36.870329670329674	3.437362637362637	15.604395604395604	44.08791208791209	0.0
11.0	5.397802197802197	45.42417582417582	20.835164835164836	28.34285714285714	0.0
12.0	13.45815752461322	42.7654711673699	0.8614627285513361	42.914908579465546	0.0
13.0	23.857243319268637	25.483473980309423	16.886427566807313	33.77285513361463	0.0
14.0	2.3646272855133614	6.874120956399437	0.5977496483825597	90.16350210970464	0.0
15.0	58.86437549441857	3.84987254988134	0.544959128065395	36.7407928276347	0.0
16.0	21.807154785971697	2.8039026105300167	59.41812428583986	15.970818317658434	0.0
17.0	29.21684099498989	24.44405379273974	12.226421728047816	34.11268348422256	0.0
18.0	8.710556385690428	35.32565702733586	11.989100817438691	43.97468576953503	0.0
19.0	49.12095639943741	6.285161744022504	9.353023909985936	35.24085794655415	0.0
20.0	49.13853727144866	19.268635724331926	11.937412095639942	19.655414908579466	0.0
21.0	34.78069789927046	4.254197064252439	13.878878438955788	47.08622659752131	0.0
22.0	17.21016085083941	31.528522457589876	37.44396589610618	13.817350795464534	0.0
23.0	12.068207787641732	32.85576162432979	3.911400193372594	51.16463039465589	0.0
24.0	0.9492836424364947	31.84495033840204	16.788257009756528	50.41750900940494	0.0
25.0	33.14878284559276	4.648914667369716	14.043413305211356	48.15888918182617	0.0
26.0	23.06678383128295	12.311072056239016	14.77152899824253	49.8506151142355	0.0
27.0	63.63796133567663	8.471001757469244	3.998242530755712	23.89279437609842	0.0
28.0	14.647219049292682	27.88858624022494	18.601177400931377	38.863017309551005	0.0
29.0	54.77550303136807	32.545470521043846	8.241806519637992	4.437219927950093	0.0
30.0	17.454865697930426	18.57331571994716	23.901365037428445	40.07045354469397	0.0
31.0	48.54669140383427	33.218482198074035	7.580174927113703	10.654651470978003	0.0
32.0	25.706439897245104	31.171937284081853	35.30870759146072	7.81291522721233	0.0
33.0	9.566530467223307	16.876887546633505	8.944750399715758	64.61183158642743	0.0
34.0	38.18198296175458	6.22620989668298	20.328076853362333	35.26373028820011	0.0
35.0	34.73904727206485	6.548866016941433	5.4923034884780035	53.219783222515716	0.0
36.0	23.446637426900587	4.349415204678363	26.187865497076025	46.01608187134503	0.0
37.0	64.23611111111111	4.334677419354839	3.203405017921147	28.225806451612907	0.0
38.0	43.6510609632873	16.62737173009992	5.995284607611991	33.726282699000784	0.0
39.0	14.997598463016331	13.388568683957732	1.9932756964457252	69.6205571565802	0.0
40.0	46.95107254760183	12.171607616293082	0.9038322487346349	39.97348758737045	0.0
41.0	34.944375772558715	49.83930778739184	1.1866501854140914	14.029666254635353	0.0
42.0	43.44228943442289	9.982368099823681	25.02373525023735	21.55160721551607	0.0
43.0	0.8819538670284939	7.096336499321573	78.24966078697422	13.772048846675714	0.0
44.0	11.084707855745037	43.9753983785295	42.31199329046687	2.627900475258597	0.0
45.0	46.58741258741259	10.363636363636363	0.9090909090909091	42.13986013986014	0.0
46.0	2.6509572901325478	0.975699558173785	69.88217967599411	26.491163475699558	0.0
47.0	18.36283185840708	64.89675516224189	13.790560471976402	2.949852507374631	0.0
48.0	39.52306489444879	1.3682564503518373	2.7365129007036746	56.3721657544957	0.0
49.0	3.711093375897845	16.839584996009577	2.5139664804469275	76.93535514764565	0.0
50.0	2.72654370489174	39.01363271852446	11.788291900561347	46.47153167602245	0.0
51.0	4.70532319391635	13.498098859315588	35.17110266159696	46.625475285171106	0.0
52.0	22.61123267687819	4.303428154631655	3.1363967906637495	69.94894237782641	0.0
53.0	6.013363028953229	86.8596881959911	2.2271714922048997	4.8997772828507795	0.0
54.0	10.981308411214954	8.878504672897195	10.514018691588785	69.62616822429906	0.0
55.0	11.320754716981133	11.79245283018868	8.254716981132075	68.63207547169812	0.0
56.0	30.939226519337016	15.469613259668508	23.204419889502763	30.386740331491712	0.0
57.0	29.943502824858758	23.728813559322035	18.64406779661017	27.683615819209038	0.0
58.0	36.52694610778443	23.353293413173652	20.958083832335326	19.16167664670659	0.0
59.0	35.58282208588957	14.11042944785276	18.404907975460123	31.901840490797547	0.0
60.0	23.270440251572328	23.270440251572328	22.0125786163522	31.446540880503143	0.0
61.0	36.53846153846153	19.230769230769234	23.076923076923077	21.153846153846153	0.0
62.0	32.903225806451616	21.935483870967744	14.838709677419354	30.32258064516129	0.0
63.0	26.451612903225808	25.161290322580644	22.58064516129032	25.806451612903224	0.0
64.0	32.467532467532465	15.584415584415584	18.83116883116883	33.116883116883116	0.0
65.0	27.92207792207792	10.38961038961039	23.376623376623375	38.311688311688314	0.0
66.0	24.836601307189543	20.26143790849673	27.450980392156865	27.450980392156865	0.0
67.0	27.450980392156865	17.647058823529413	22.22222222222222	32.6797385620915	0.0
68.0	25.49019607843137	19.607843137254903	16.33986928104575	38.56209150326798	0.0
69.0	24.025974025974026	18.83116883116883	26.623376623376622	30.519480519480517	0.0
70.0	25.324675324675322	18.181818181818183	17.532467532467532	38.961038961038966	0.0
71.0	24.836601307189543	16.33986928104575	15.032679738562091	43.790849673202615	0.0
72.0	33.33333333333333	17.647058823529413	19.607843137254903	29.411764705882355	0.0
73.0	33.33333333333333	16.33986928104575	26.797385620915033	23.52941176470588	0.0
74.0	30.718954248366014	24.18300653594771	14.37908496732026	30.718954248366014	0.0
75.0	28.104575163398692	19.607843137254903	23.52941176470588	28.75816993464052	0.0
76.0	33.33333333333333	16.33986928104575	19.607843137254903	30.718954248366014	0.0
77.0	23.52941176470588	16.99346405228758	20.915032679738562	38.56209150326798	0.0
78.0	29.411764705882355	15.686274509803921	26.143790849673206	28.75816993464052	0.0
79.0	24.675324675324674	20.12987012987013	22.07792207792208	33.116883116883116	0.0
80.0	27.92207792207792	20.77922077922078	10.38961038961039	40.909090909090914	0.0
81.0	31.16883116883117	12.337662337662337	28.57142857142857	27.92207792207792	0.0
82.0	29.677419354838708	16.7741935483871	21.935483870967744	31.61290322580645	0.0
83.0	28.662420382165603	20.382165605095544	15.92356687898089	35.03184713375796	0.0
84.0	32.69230769230769	16.666666666666664	20.51282051282051	30.128205128205128	0.0
85.0	36.774193548387096	15.483870967741936	21.29032258064516	26.451612903225808	0.0
86.0	29.03225806451613	23.225806451612904	17.419354838709676	30.32258064516129	0.0
87.0	36.12903225806451	14.193548387096774	21.29032258064516	28.387096774193548	0.0
88.0	35.483870967741936	24.516129032258064	18.064516129032256	21.935483870967744	0.0
89.0	37.41935483870968	20.0	11.612903225806452	30.967741935483872	0.0
90.0	34.61538461538461	13.461538461538462	20.51282051282051	31.41025641025641	0.0
91.0	35.03184713375796	15.92356687898089	20.382165605095544	28.662420382165603	0.0
92.0	36.875	10.625	16.25	36.25	0.0
93.0	25.624999999999996	18.75	23.125	32.5	0.0
94.0	33.75	20.625	11.875	33.75	0.0
95.0	31.874999999999996	17.5	21.875	28.749999999999996	0.0
96.0	24.375	20.0	23.75	31.874999999999996	0.0
97.0	33.125	16.875	16.25	33.75	0.0
98.0	35.0	21.875	13.750000000000002	29.375	0.0
99.0	42.5	13.125	20.625	23.75	0.0
100.0	38.36477987421384	18.238993710691823	19.49685534591195	23.89937106918239	0.0
101.0	31.0126582278481	13.924050632911392	19.62025316455696	35.44303797468354	0.0
102.0	26.582278481012654	16.455696202531644	27.21518987341772	29.746835443037973	0.0
103.0	26.451612903225808	16.7741935483871	21.29032258064516	35.483870967741936	0.0
104.0	34.41558441558442	13.636363636363635	16.883116883116884	35.064935064935064	0.0
105.0	28.666666666666668	13.333333333333334	30.0	28.000000000000004	0.0
106.0	25.850340136054424	21.768707482993197	23.12925170068027	29.25170068027211	0.0
107.0	31.292517006802722	15.646258503401361	19.047619047619047	34.01360544217687	0.0
108.0	27.2108843537415	24.489795918367346	20.408163265306122	27.89115646258503	0.0
109.0	29.25170068027211	21.768707482993197	14.965986394557824	34.01360544217687	0.0
110.0	31.724137931034484	24.137931034482758	14.482758620689657	29.655172413793103	0.0
111.0	34.48275862068966	19.310344827586206	18.620689655172416	27.586206896551722	0.0
112.0	27.77777777777778	17.36111111111111	22.22222222222222	32.63888888888889	0.0
113.0	21.12676056338028	16.19718309859155	25.352112676056336	37.32394366197183	0.0
114.0	26.24113475177305	19.148936170212767	24.822695035460992	29.78723404255319	0.0
115.0	31.15942028985507	15.942028985507244	18.115942028985508	34.78260869565217	0.0
116.0	29.927007299270077	15.328467153284672	19.708029197080293	35.03649635036496	0.0
117.0	28.676470588235293	18.38235294117647	18.38235294117647	34.55882352941176	0.0
118.0	28.676470588235293	17.647058823529413	18.38235294117647	35.294117647058826	0.0
119.0	29.411764705882355	15.441176470588236	22.794117647058822	32.35294117647059	0.0
120.0	31.851851851851855	21.48148148148148	21.48148148148148	25.185185185185183	0.0
121.0	39.849624060150376	18.796992481203006	16.541353383458645	24.81203007518797	0.0
122.0	28.57142857142857	20.30075187969925	20.30075187969925	30.82706766917293	0.0
123.0	34.090909090909086	18.181818181818183	16.666666666666664	31.060606060606062	0.0
124.0	30.53435114503817	17.557251908396946	22.900763358778626	29.00763358778626	0.0
125.0	33.33333333333333	19.379844961240313	17.829457364341085	29.457364341085274	0.0
126.0	33.33333333333333	14.728682170542637	20.930232558139537	31.007751937984494	0.0
127.0	28.346456692913385	27.559055118110237	16.535433070866144	27.559055118110237	0.0
128.0	32.28346456692913	18.11023622047244	14.960629921259844	34.645669291338585	0.0
129.0	30.64516129032258	22.58064516129032	18.548387096774192	28.225806451612907	0.0
130.0	40.49586776859504	18.181818181818183	19.00826446280992	22.31404958677686	0.0
131.0	34.166666666666664	24.166666666666668	17.5	24.166666666666668	0.0
132.0	37.93103448275862	18.96551724137931	12.931034482758621	30.17241379310345	0.0
133.0	29.565217391304348	26.956521739130434	15.65217391304348	27.82608695652174	0.0
134.0	29.464285714285715	21.428571428571427	20.535714285714285	28.57142857142857	0.0
135.0	31.818181818181817	20.0	25.454545454545453	22.727272727272727	0.0
136.0	41.81818181818181	15.454545454545453	16.363636363636363	26.36363636363636	0.0
137.0	28.18181818181818	19.090909090909093	14.545454545454545	38.18181818181819	0.0
138.0	24.528301886792452	15.09433962264151	33.9622641509434	26.41509433962264	0.0
139.0	29.245283018867923	17.92452830188679	12.264150943396226	40.56603773584906	0.0
140.0	27.61904761904762	20.0	9.523809523809524	42.857142857142854	0.0
141.0	34.285714285714285	16.19047619047619	17.142857142857142	32.38095238095238	0.0
142.0	37.5	18.269230769230766	15.384615384615385	28.846153846153843	0.0
143.0	34.31372549019608	20.588235294117645	10.784313725490197	34.31372549019608	0.0
144.0	22.772277227722775	27.722772277227726	23.762376237623762	25.742574257425744	0.0
145.0	26.262626262626267	27.27272727272727	25.252525252525253	21.21212121212121	0.0
146.0	36.36363636363637	27.27272727272727	9.090909090909092	27.27272727272727	0.0
147.0	31.57894736842105	24.210526315789473	22.105263157894736	22.105263157894736	0.0
148.0	23.863636363636363	31.818181818181817	21.59090909090909	22.727272727272727	0.0
149.0	22.58064516129032	25.806451612903224	19.35483870967742	32.25806451612903	0.0
