# Position (bp)	A	C	G	T	N
0.0	26.584467200362084	24.114593646572942	24.952264433820826	24.347967525671127	7.071935730248084E-4
1.0	26.664414366857407	20.31116929552285	15.261442738796568	37.762269755132785	7.038436903932375E-4
2.0	27.6510024755079	20.40295377883125	17.630455058661823	34.31558868699903	0.0
3.0	23.93419485115585	22.18495732587104	14.691219575250052	39.188580172513184	0.0010480752098770607
4.0	33.95675897492966	14.258688024037475	14.046203977729169	37.73556690813108	0.0027821151726128584
5.0	35.69155930897849	14.628518689432395	22.64590872659267	27.02846178667712	0.0055514883193216085
6.0	31.481962377039814	17.6931093821954	20.560016342754654	30.26456565320813	3.4624480199991E-4
7.0	34.78642521426597	17.380425767210394	20.073610727121924	27.759192701133532	3.4559026817804813E-4
8.0	23.540980891456016	26.780600238770543	21.544555548654674	28.133863321118774	0.0
9.0	28.336980683404274	18.423655506349835	15.829269553529887	37.40906036220771	0.0010338945082970035
10.0	26.906948881789138	17.02448496199185	24.602360361352872	31.46517296463589	0.001032830230252286
11.0	27.94162673170933	18.945510714494585	19.61359703592598	33.4992655178701	0.0
12.0	26.498253527324735	20.31649660331692	20.930512390329767	32.25473747902858	0.0
13.0	27.059874274329292	21.59664731544777	18.33087149187592	33.01191989282402	6.870255229981793E-4
14.0	30.9432860430765	18.839613891656075	20.24561162447185	29.971488440795575	0.0
15.0	29.46446360482292	18.737590601490844	19.087973618219916	32.70997217546632	0.0
16.0	30.08793926694377	17.823503143141767	18.971866304833224	33.11669128508124	0.0
17.0	29.878739995190823	18.615300058397168	19.985572464017036	31.520387482394973	0.0
18.0	31.812373329669196	18.216825255058225	18.175603723678336	31.79519769159424	0.0
19.0	30.21469547593693	18.703239325340938	19.522860774277763	31.55920442444437	0.0
20.0	30.318779842671155	17.676136168458658	19.974923568410567	32.02878636941362	0.0013740510459963587
21.0	29.647555906701932	17.543196729758513	19.134004328260794	33.67386898423276	0.0013740510459963587
22.0	28.521521074507916	18.679880457558998	19.999312974477	32.79928549345608	0.0
23.0	29.7375562502147	17.608120641681836	19.763319707327128	32.88962934973034	0.0013740510459963587
24.0	30.665040706262236	18.06774071656762	18.454879598777094	32.81199546563155	3.4351276149908967E-4
25.0	29.413967228882555	18.072549895228608	19.07251554395246	33.43993679365189	0.0010305382844972692
26.0	30.95530898972897	17.804609941259315	20.436948232626843	30.802445810861872	6.870255229981793E-4
27.0	28.54247535295936	18.510528666139948	19.843358180756415	33.10329428738278	3.4351276149908967E-4
28.0	30.05290096527086	17.98426711552334	20.244581086187353	31.71756380749545	6.870255229981793E-4
29.0	29.603687965676084	18.459752189042593	18.80120504690683	33.13466777049147	6.870278830266326E-4
30.0	30.07083330470688	18.307420664637625	18.870789334469233	32.75026966122306	6.870349632092777E-4
31.0	30.40969020742156	18.204522188403903	19.23888175116284	32.145188218400676	0.001717634611024466
32.0	29.308319133732752	18.881918869895014	19.02276974660584	32.78699224976639	0.0
33.0	29.892327566067035	17.816455261313507	19.213379691343604	33.07783748127585	0.0
34.0	29.367724467778068	18.539121232528416	19.263753934113055	32.82836959360097	0.0010307719794945096
35.0	30.22778250577984	17.703707021599886	19.097414835666516	32.971095636953756	0.0
36.0	31.00646887629136	17.6463083267817	18.54043392504931	32.80575440338754	0.0010344684900897919
37.0	29.24517233287783	19.239927119135366	19.411086725468273	32.103468742667054	3.450798514776319E-4
38.0	30.896732278977236	18.48174103457685	18.837491235765675	31.784035450680243	0.0
39.0	30.30412080402219	18.806769620445888	19.197431115201887	31.69098641162365	6.920487063879556E-4
40.0	29.540541479859588	19.177353769158586	19.034163973169292	32.24550794147291	0.002432836339623953
41.0	29.50489721611696	18.05557982130315	20.18358882253663	32.25523528651247	6.988535307827509E-4
42.0	28.84717201431963	19.251550649887974	19.546077706054984	32.35519962973741	0.0
43.0	29.39043646760518	18.768353197280828	20.08187064578637	31.759339689327625	0.0
44.0	29.63083072779891	19.046779770947968	19.46484026634613	31.856844242503286	7.049924037068501E-4
45.0	29.286633026615217	19.123238491003406	19.770244102390137	31.81953101810626	3.533618849736392E-4
46.0	29.917256469538557	17.61123640856964	19.61202241900021	32.8594847028916	0.0
47.0	30.095572459527993	19.168040853236874	19.371597780023762	31.364079649626753	7.092575846232956E-4
48.0	30.321132523102932	18.351647571084577	18.963227094180404	32.36328249859713	7.103130349545044E-4
49.0	28.597860159616296	18.964308714850436	19.837821874477406	32.600009251055866	0.0
50.0	29.4067049514421	18.620463200573916	19.24291797088311	32.728843140684056	0.0010707364168162723
51.0	30.350616044046703	18.11115694327373	19.022938001040192	32.515289011639375	0.0
52.0	29.324978987883316	18.71647530309753	19.634876145746535	32.323669563272624	0.0
53.0	30.72477639645715	18.4611145553489	19.179691323783732	31.63441772441022	0.0
54.0	30.000036426820337	18.759812474728893	18.924461702662438	32.315325127584934	3.6426820339279404E-4
55.0	29.253808889604404	18.389875159161093	18.229616403471542	34.12669954776296	0.0
56.0	29.072898033843025	18.218448010519474	20.73886070881557	31.96942594680761	3.6730001432470053E-4
57.0	27.79570605484579	19.267494805711507	19.381695474706394	33.55510366473631	0.0
58.0	30.124751494726887	17.972566495946314	21.8662468867555	30.03606559800161	3.695245696886386E-4
59.0	28.532173371306513	21.261273288240183	20.97239527708556	29.234158063367747	0.0
60.0	30.94553311973772	18.832799344311155	19.603606288652113	30.61768869681842	3.7255048059012E-4
61.0	29.088893134203126	21.15065496458284	19.32005049426695	30.438153887646507	0.002247519300571994
62.0	30.90031401914309	16.725293638092936	21.215163501313445	31.15885141459585	3.7742685467556387E-4
63.0	26.188952137103843	20.853241280509643	24.832925649056232	28.12488093333029	0.0
64.0	25.970438277320774	20.73354875148404	17.962953713273574	35.33190660432091	0.0011526536006977398
65.0	27.592859467249315	19.385430709869368	18.6823020780066	34.337470751398506	0.0019369934762059721
66.0	27.126258230456692	19.494717286008125	17.359774874811194	36.01651750691807	0.0027321018059192938
67.0	33.378799075486235	14.26864357478656	17.404993632175593	34.94402603732646	0.0035376802251536926
68.0	34.285680131017415	15.61290888153045	23.26874110910547	26.831474463956262	0.0011954143903984316
69.0	31.672138645236114	16.994577024223716	20.508894006958396	30.82439032358178	0.0
70.0	32.63917371190171	16.310546022253682	22.423031634097615	28.627248631746998	0.0
71.0	26.22413233500095	19.90173365118804	24.934246606005665	28.939887407805347	0.0
