# Position (bp)	A	C	G	T	N
0.0	26.148932936547165	23.843260070789558	23.99722874858065	26.010578244082623	0.0
1.0	26.108731543853587	19.881003415674776	15.777308536969576	38.23295650350206	0.0
2.0	28.320253117052204	19.061215181249477	18.66918398041576	33.94934772128256	0.0
3.0	23.118452560107517	22.062815246036944	15.246187030309455	39.57254516354609	0.0
4.0	33.99384508968764	13.385504273101724	14.768206179221504	37.852444457989144	0.0
5.0	35.1652625116051	14.946110665356759	22.892766047531765	26.995860775506376	0.0
6.0	30.905856228445476	17.441611894692834	20.717564991676568	30.934966885185123	0.0
7.0	34.60534514134828	17.16644577811216	20.057808085282915	28.17040099525665	0.0
8.0	22.173813475256058	27.32159796036103	22.423354826586134	28.081233737796786	0.0
9.0	28.088748027066217	18.325181502982517	15.524406203778755	38.06166426617252	0.0
10.0	26.065892121585126	16.20328934261396	25.510088654762153	32.22072988103876	0.0
11.0	28.1636485233325	17.77486081250821	19.4597122131094	34.60177845104989	0.0
12.0	26.34902269223018	19.13633229272162	21.6621030729634	32.8525419420848	0.0
13.0	26.037554824877812	20.765005435451332	18.96464636554259	34.23279337412827	0.0
14.0	30.857411570897376	17.88104199067951	20.791403560734274	30.47014287768884	0.0
15.0	29.87694110482445	18.200912934204144	19.954685719179814	31.96746024179159	0.0
16.0	29.887306437795193	17.859537964705694	18.59795828334388	33.65519731415524	0.0
17.0	30.382672395225296	17.77413362322407	19.629839877536707	32.21335410401392	0.0
18.0	30.620174723962414	17.536423526120064	18.986750611242993	32.856651138674536	0.0
19.0	30.10937619394669	18.003752296706153	19.49967299567588	32.38719851367127	0.0
20.0	29.790220897019147	17.68969886745463	20.024692116136976	32.49538811938925	0.0
21.0	28.92621614327891	18.382560200307175	19.675687430498595	33.01553622591531	0.0
22.0	29.90978004948119	18.836637966160076	22.40929583375945	28.844286150599284	0.0
23.0	29.79722730805839	20.29772283561344	21.25262624987101	28.652423606457162	0.0
24.0	31.977479294150836	19.554535387223677	18.359821106819027	30.10816421180646	0.0
25.0	29.08033410076812	21.088281471655662	19.32560927496458	30.505775152611637	0.0
26.0	32.664846307967665	16.484434571086446	21.473218542080136	29.377500578865757	0.0
27.0	26.439482730639625	20.9922809434623	25.14643629925755	27.42180002664052	0.0
28.0	26.37016889490545	19.39274154284634	18.42089346399963	35.81619609824858	0.0
29.0	28.074758290361835	19.634710891471734	17.328516646978688	34.96201417118775	0.0
30.0	26.401158878811575	19.307616624148004	16.56146559133357	37.72975890570685	0.0
31.0	34.17141077129555	14.188977459951523	17.689246948925224	33.950364819827705	0.0
32.0	34.61174891775094	15.565286912525492	22.275569849775955	27.54739431994761	0.0
33.0	30.86149041377802	17.91701499370929	20.800080147940534	30.421414444572154	0.0
34.0	33.40292291589898	16.309981698212553	21.302735908812757	28.98435947707571	0.0
35.0	25.71673995967858	20.529384954607604	25.64664145551299	28.107233630200827	0.0
