# Position (bp)	A	C	G	T	N
0.0	26.1751842226145	24.256726473684484	24.083778356232084	25.48431094746893	0.0
1.0	27.054672959976706	20.842049610413294	15.519526772324262	36.58375065728574	0.0
2.0	29.304315873655923	20.16854750392111	17.4654624581733	33.061674164249666	0.0
3.0	23.169378152142883	22.785723192224523	15.541167765370645	38.50373089026195	0.0
4.0	34.10959714196687	13.45621994328979	15.15381891692539	37.28036399781794	0.0
5.0	34.83763099501231	15.16032063964059	23.67812839055674	26.32391997479036	0.0
6.0	31.504414295522803	17.72426879871702	21.13485247437225	29.636464431387928	0.0
7.0	35.62880086667932	17.56412580711519	20.135097505929377	26.67197582027611	0.0
8.0	23.29385001922322	26.846053906451033	22.79772460632129	27.06237146800446	0.0
9.0	27.61432737444877	18.865127864118655	15.749950170362881	37.770594591069695	0.0
10.0	26.671762820594218	16.92126819027524	24.752373533282142	31.6545954558484	0.0
11.0	28.09551823273181	18.929224383777584	19.207991813602995	33.76726556988761	0.0
12.0	25.790370136920295	20.599428620161024	20.504168608582034	33.10603263433664	0.0
13.0	26.991909534775104	21.27080361748829	19.25822696934795	32.47905987838865	0.0
14.0	30.751476804621376	18.791470935660907	19.961642034209223	30.495410225508497	0.0
15.0	29.449860325458598	18.675214070824524	20.27146645611375	31.603459147603125	0.0
16.0	29.55256713360839	18.255064005994797	18.569377805809992	33.62299105458682	0.0
17.0	30.196489748857807	18.121365744129545	19.78678567996585	31.8953588270468	0.0
18.0	32.281641942455515	17.766115043913572	19.000571084916338	30.951671928714575	0.0
19.0	30.22781708668702	18.538918851299268	20.37336222701326	30.859901835000453	0.0
20.0	29.898232848139173	17.77074369084702	20.29511761309935	32.03590584791446	0.0
21.0	29.265148639779937	18.839395864086868	20.06991960327007	31.825535892863126	0.0
22.0	29.760635053636186	18.877375345827513	22.775040140199668	28.58694946033663	0.0
23.0	29.67400972146933	20.458947137657024	21.401650960534354	28.465392180339293	0.0
24.0	33.06414542766281	19.47584710587911	17.782008097100984	29.677999369357096	0.0
25.0	29.223261433106096	21.209975823716874	20.02772108936885	29.539041653808173	0.0
26.0	31.22268944703726	17.012366515761855	22.427654043622827	29.337289993578057	0.0
27.0	26.050074095216264	21.024494062265216	24.914966021225744	28.010465821292772	0.0
28.0	27.089225812513913	19.877408852315934	19.12184982686812	33.91151550830203	0.0
29.0	27.976901986803686	20.672864356641423	17.447967249824295	33.90226640673059	0.0
30.0	27.009003586757352	19.259181184357228	16.080368844808675	37.65144638407675	0.0
31.0	34.31654174291026	14.964597132727327	18.594757461135845	32.12410366322656	0.0
32.0	34.03017733550456	15.711114063137204	23.040024664343854	27.218683937014376	0.0
33.0	31.572555105542726	18.123311926181074	20.73621257428366	29.56792039399254	0.0
34.0	33.2590999894906	17.060002354466246	21.639367036480245	28.04153061956291	0.0
35.0	27.03059201744341	20.322989640183103	25.506467792662267	27.139950549711216	0.0
