# Position (bp)	A	C	G	T	N
0.0	57.82790309106098	10.576441102756892	15.087719298245613	16.507936507936506	0.0
1.0	15.572263993316627	56.340852130325814	14.269005847953217	13.817878028404342	0.0
2.0	19.910254279541302	51.18829981718464	10.90244307794582	17.999002825328237	0.0
3.0	57.16655607166557	11.678832116788321	13.088918380889183	18.065693430656935	0.0
4.0	56.34946949602122	12.94761273209549	10.676392572944298	20.02652519893899	0.0
5.0	18.25409971840318	50.024846778201095	11.777372867318205	19.94368063607752	0.0
6.0	16.636318490316174	51.2001324284059	12.944876676047013	19.218672405230922	0.0
7.0	57.48800264769154	10.971371835181202	12.55998676154228	18.980638755584973	0.0
8.0	57.13813068651778	13.846153846153847	11.050454921422663	17.965260545905707	0.0
9.0	18.17430130643294	50.669753596824876	12.948569538614189	18.207375558127996	0.0
10.0	18.30799735624587	10.178453403833442	12.838730998017184	58.6748182419035	0.0
11.0	16.661167931375783	12.735070933685252	10.72253381722204	59.88122731771692	0.0
12.0	17.675185490519375	10.272052761747732	11.67353668590272	60.37922506183018	0.0
13.0	18.133947671548462	48.741155175250945	12.35807141681751	20.766825736383083	0.0
14.0	16.07025607353907	14.001969796454366	52.068286277084695	17.859487852921866	0.0
15.0	54.657063349156985	13.308233753478474	13.22638729743002	18.808315599934524	0.0
16.0	16.013071895424837	12.810457516339868	14.068627450980392	57.107843137254896	0.0
17.0	20.0326264274062	49.38009787928222	11.941272430668842	18.64600326264274	0.0
18.0	16.639504563233377	13.03780964797914	13.2496740547588	57.073011734028675	0.0
19.0	19.163139042657114	50.504721589058946	12.927385216541843	17.404754151742104	0.0
20.0	17.52761533463288	14.408706952566602	10.916179337231968	57.14749837556855	0.0
21.0	17.479345537016037	12.71666936659647	13.364652519034506	56.439332577352985	0.0
22.0	18.755052546483427	11.641067097817299	49.73322554567502	19.870654810024252	0.0
23.0	17.28095699967669	14.12867765923052	12.059489169091497	56.5308761720013	0.0
24.0	56.92829457364341	10.029069767441861	11.579457364341085	21.46317829457364	0.0
25.0	18.167150693772186	11.197160374314295	48.59632139399807	22.039367537915457	0.0
26.0	55.360309527647914	9.914557472190875	12.832500403030792	21.892632597130422	0.0
27.0	16.023166023166024	15.283140283140284	10.119047619047619	58.574646074646076	0.0
28.0	16.487224811184316	50.49011730676523	10.396914671380362	22.625743210670095	0.0
29.0	19.926140012845213	9.007707129094413	10.035324341682724	61.030828516377646	0.0
30.0	18.407879864362993	12.6756014855482	48.086549329888584	20.829969320200227	0.0
31.0	20.810372771474878	10.632090761750405	11.73419773095624	56.823338735818474	0.0
32.0	18.707149853085212	12.095984329089129	10.953313744694745	58.24355207313092	0.0
33.0	18.60273521173175	50.14005602240896	11.76470588235294	19.492502883506344	0.0
34.0	20.785219399538107	10.22764764104256	12.256680963378423	56.73045199604091	0.0
35.0	19.34312592837102	48.572371678494804	11.322000330087473	20.762502063046707	0.0
36.0	17.46530072703239	13.450099140779908	11.53337739590218	57.551222736285524	0.0
37.0	55.6757656458056	13.715046604527299	12.932756324900133	17.676431424766978	0.0
38.0	57.116636075421326	12.014016352411145	10.44551977306858	20.423827799098948	0.0
39.0	57.889464017365164	12.189013190849892	8.983135748872934	20.938387042912005	0.0
40.0	18.517276081851726	49.83227104998323	12.110030191211003	19.54042267695404	0.0
41.0	18.407707910750506	9.432048681541582	53.05949966193374	19.10074374577417	0.0
42.0	59.148719687976936	12.379175852128201	11.073427166355774	17.398677293539087	0.0
43.0	59.65092402464066	11.430527036276523	11.48186173853525	17.43668720054757	0.0
44.0	18.562770562770563	50.787878787878796	10.216450216450216	20.432900432900432	0.0
45.0	26.70030715225976	12.856516015796402	13.712154453707766	46.73102237823607	0.0
46.0	29.62655601659751	14.882434301521439	20.802213001383127	34.68879668049792	0.0
47.0	30.50215208034433	19.94261119081779	18.56527977044476	30.989956958393112	0.0
48.0	28.24316463059919	21.960442117510183	17.51018033740547	32.28621291448517	0.0
49.0	27.4786701971168	18.6525448661371	21.68284789644013	32.18593704030597	0.0
50.0	28.57142857142857	24.515359379660005	17.983895019385628	28.929317029525798	0.0
51.0	29.146634615384613	19.230769230769234	15.594951923076922	36.027644230769226	0.0
52.0	25.30193236714976	17.451690821256037	21.467391304347828	35.778985507246375	0.0
53.0	30.536201151166313	17.873371705543775	22.23568615571039	29.354740987579518	0.0
54.0	28.205128205128204	23.656898656898655	19.5970695970696	28.54090354090354	0.0
55.0	31.326405867970657	17.78728606356968	19.529339853300733	31.356968215158926	0.0
56.0	26.8863566368956	18.139821373575607	22.08192177394518	32.89190021558361	0.0
57.0	34.6485819975339	17.29346485819975	19.266337854500616	28.79161528976572	0.0
58.0	28.203537077257213	21.253490536766986	17.840521253490536	32.70245113248526	0.0
59.0	25.767063243581717	21.227301189730746	19.223544145272385	33.78209142141515	0.0
60.0	27.4968394437421	19.879898862199745	19.310998735777495	33.312262958280655	0.0
61.0	26.479949077021004	18.746021642266072	21.8968809675366	32.87714831317632	0.0
62.0	28.900993271387378	20.281960909964756	19.929509772508812	30.887536046139058	0.0
63.0	34.93238892466194	18.898905344494526	17.707662588538316	28.461043142305215	0.0
64.0	27.11644502108336	18.22899772948427	22.186182289977292	32.468374959455076	0.0
65.0	30.28215223097113	19.65223097112861	21.22703412073491	28.838582677165352	0.0
66.0	27.35973597359736	17.656765676567655	21.254125412541256	33.729372937293725	0.0
67.0	29.267484255883332	17.46768312893603	21.51143520053033	31.753397414650316	0.0
68.0	26.331557922769637	18.74167776298269	21.40479360852197	33.5219707057257	0.0
69.0	27.851099830795263	20.135363790186126	21.455160744500844	30.558375634517766	0.0
70.0	27.340823970037455	22.301668369084098	19.169220292815798	31.18828736806265	0.0
71.0	28.1752824375214	20.3012666894899	19.000342348510785	32.52310852447792	0.0
72.0	28.22275696115504	19.078721210037813	20.728772774149192	31.96974905465796	0.0
73.0	28.526970954356845	18.6030428769018	21.16182572614108	31.708160442600274	0.0
74.0	30.5468477882271	16.753744339951236	22.570532915360502	30.128874956461164	0.0
75.0	28.14245810055866	20.56564245810056	22.660614525139664	28.631284916201118	0.0
76.0	29.73258268824771	20.408163265306122	19.774806474313863	30.0844475721323	0.0
77.0	29.066478076379067	18.84724186704385	19.27157001414427	32.814710042432814	0.0
78.0	29.541414859580517	19.05439033060789	18.627799502310697	32.77639530750089	0.0
79.0	28.935102187163857	20.76012907852277	18.967371817855863	31.33739691645751	0.0
80.0	29.661627069834413	18.718502519798417	20.15838732901368	31.461483081353492	0.0
81.0	26.28344179320318	18.944323933477946	17.932031814895154	36.84020245842372	0.0
82.0	32.848837209302324	17.768895348837212	20.63953488372093	28.742732558139533	0.0
83.0	31.277372262773724	18.868613138686133	19.89051094890511	29.963503649635037	0.0
84.0	28.210757409440173	19.0267105744603	20.453713867544824	32.3088181485547	0.0
85.0	33.148558758314856	16.81448632668145	19.99260901699926	30.044345898004433	0.0
86.0	30.94885100074129	17.49444032616753	23.091178650852484	28.465530022238696	0.0
87.0	31.085587254538716	20.155613190070394	21.48944053353094	27.269359021859945	0.0
88.0	34.721189591078065	16.691449814126393	19.36802973977695	29.219330855018587	0.0
89.0	30.022404779686333	16.50485436893204	16.728902165795372	36.74383868558626	0.0
90.0	31.98350206224222	16.010498687664043	18.297712785901762	33.70828646419198	0.0
91.0	28.52841550621001	22.35604064734663	17.199849454271735	31.915694392171623	0.0
92.0	29.300567107750474	17.088846880907372	17.542533081285445	36.06805293005671	0.0
93.0	32.45614035087719	17.429443173150265	17.84897025171625	32.265446224256294	0.0
94.0	30.019120458891013	16.137667304015295	19.923518164435947	33.91969407265774	0.0
95.0	31.73996175908222	16.2906309751434	20.95602294455067	31.013384321223707	0.0
96.0	29.15228231683928	16.954353663214423	20.48331415420023	33.41004986574607	0.0
97.0	31.944444444444443	17.05246913580247	19.791666666666664	31.21141975308642	0.0
98.0	31.058549825513765	20.317952694842962	18.456766188445133	30.16673129119814	0.0
99.0	31.157731157731156	18.88111888111888	19.65811965811966	30.303030303030305	0.0
100.0	33.13885647607935	13.107740178918709	19.758848697005057	33.994554647996885	0.0
101.0	31.704456606724	17.82642689601251	20.680218921032058	29.78889757623143	0.0
102.0	31.905697445972496	15.442043222003928	20.31434184675835	32.33791748526523	0.0
103.0	29.16337805840568	17.403314917127073	21.625887924230465	31.80741910023678	0.0
104.0	26.70364500792393	19.136291600633914	21.077654516640255	33.0824088748019	0.0
105.0	28.605482717520857	19.98410806515693	18.593563766388556	32.81684545093365	0.0
106.0	29.972100438421684	16.859306496612195	20.207253886010363	32.96133917895576	0.0
107.0	31.557869443332	19.303163796555868	17.581097316780138	31.557869443332	0.0
108.0	33.897621926642486	17.77509068923821	14.913341394598953	33.41394598952036	0.0
109.0	30.404858299595144	19.4331983805668	19.51417004048583	30.647773279352226	0.0
110.0	26.9183922046285	19.12302070645554	20.38164839626472	33.57693869265124	0.0
111.0	30.74420496136641	16.795445302968687	19.723464823098823	32.73688491256608	0.0
112.0	25.55012224938875	18.663406682966585	21.352893235533823	34.43357783211084	0.0
113.0	28.76432078559738	20.008183306055646	18.126022913256957	33.10147299509001	0.0
114.0	29.950698438783895	17.33771569433032	19.884963023829087	32.8266228430567	0.0
115.0	29.013619479983493	19.479983491539414	19.686339248865043	31.82005777961205	0.0
116.0	29.635761589403977	19.329470198675498	17.9635761589404	33.07119205298013	0.0
117.0	31.04019892250311	19.35350186489847	19.933692498963946	29.67260671363448	0.0
118.0	29.230769230769234	15.093555093555095	21.455301455301456	34.220374220374225	0.0
119.0	22.85237698081735	21.76814011676397	26.56380316930776	28.815679733110926	0.0
120.0	26.0342666109486	21.103217718345174	21.980777267028834	30.881738403677396	0.0
121.0	30.230607966457022	19.20335429769392	18.071278825995808	32.494758909853246	0.0
122.0	28.04878048780488	18.7973086627418	21.32043734230446	31.833473507148863	0.0
123.0	33.656276326874476	17.523167649536646	17.101937657961248	31.71861836562763	0.0
124.0	32.75643731532292	16.88476150274377	19.712959054453354	30.64584212747995	0.0
125.0	27.96789184621884	19.856358259400082	19.68736797634136	32.48838191803971	0.0
126.0	29.508890770533448	18.83996613039797	19.17866215071973	32.47248094834886	0.0
127.0	29.074702886247877	19.31239388794567	20.925297113752123	30.68760611205433	0.0
128.0	31.713554987212277	16.36828644501279	19.18158567774936	32.73657289002558	0.0
129.0	31.25533731853117	17.89069171648164	16.737830913748933	34.11614005123826	0.0
130.0	32.10616438356164	19.34931506849315	16.78082191780822	31.76369863013699	0.0
131.0	31.27413127413127	20.463320463320464	17.074217074217074	31.188331188331187	0.0
132.0	30.36559139784946	17.8494623655914	21.634408602150536	30.150537634408604	0.0
133.0	28.559102674719583	20.31924072476273	19.28386540120794	31.837791199309752	0.0
134.0	26.16984402079723	22.097053726169843	20.88388214904679	30.849220103986134	0.0
135.0	27.47826086956522	17.695652173913043	19.086956521739133	35.73913043478261	0.0
136.0	26.48342059336824	16.71029668411867	20.94240837696335	35.86387434554974	0.0
137.0	29.195804195804197	16.215034965034967	20.017482517482517	34.57167832167832	0.0
138.0	30.573806395094174	17.520805957074025	20.105124835742444	31.800262812089358	0.0
139.0	28.28282828282828	18.181818181818183	20.948616600790515	32.58673693456302	0.0
140.0	29.95147772386414	17.203352448169387	20.732245258050284	32.11292456991619	0.0
141.0	30.300353356890458	17.226148409893995	19.56713780918728	32.90636042402827	0.0
142.0	31.141714793425145	15.237672145713017	19.19147045757441	34.429142603287424	0.0
143.0	33.6306868867083	19.89295272078501	17.216770740410347	29.25958965209634	0.0
144.0	31.291908806437192	17.746982565936523	17.92579347340188	33.035315154224406	0.0
145.0	28.597041685342894	18.377409233527565	19.542805916629312	33.48274316450022	0.0
146.0	28.69330938482263	17.736865738661876	20.16165244723844	33.40817242927706	0.0
147.0	30.07213706041479	17.04238052299369	17.899008115419296	34.98647430117223	0.0
148.0	25.848800362154822	20.00905387052965	22.22725215029425	31.914893617021278	0.0
149.0	30.537830446672743	19.64448495897903	16.864175022789425	32.9535095715588	0.0
150.0	29.981718464351005	19.012797074954296	17.915904936014627	33.089579524680076	0.0
151.0	26.822558459422286	18.52361302154975	21.366345712975697	33.28748280605227	0.0
152.0	28.64367816091954	21.563218390804597	14.574712643678161	35.218390804597696	0.0
153.0	32.31763619575254	17.682363804247462	17.820867959372112	32.179132040627884	0.0
154.0	31.961147086031456	15.864939870490286	20.49028677150786	31.6836262719704	0.0
155.0	31.627906976744185	18.976744186046513	17.441860465116278	31.953488372093027	0.0
156.0	31.43390938813638	16.347501167678654	17.56188696870621	34.656702475478745	0.0
157.0	30.3328645100797	18.9873417721519	21.09704641350211	29.582747304266295	0.0
158.0	27.76991984912777	23.290900518623292	16.36020744931636	32.57897218293258	0.0
159.0	36.91943127962085	13.838862559241708	17.677725118483412	31.563981042654028	0.0
160.0	26.03719599427754	20.028612303290416	22.603719599427755	31.330472103004293	0.0
161.0	30.83173996175908	18.021032504780116	21.080305927342256	30.066921606118548	0.0
162.0	31.973115698511762	17.47479596735478	20.16322611617859	30.38886221795487	0.0
163.0	28.847081524360828	17.028461167390255	17.173178967679693	36.951278340569225	0.0
164.0	30.865989356555396	15.09433962264151	21.673923560716013	32.365747460087086	0.0
165.0	31.265147842947165	17.159476490547746	21.812893843916626	29.762481822588466	0.0
166.0	30.84795321637427	20.029239766081872	18.61598440545809	30.50682261208577	0.0
167.0	26.88540646425073	19.637610186092065	22.57590597453477	30.901077375122426	0.0
168.0	27.009803921568626	19.019607843137255	20.49019607843137	33.48039215686274	0.0
169.0	27.50984251968504	17.81496062992126	21.60433070866142	33.07086614173229	0.0
170.0	27.85185185185185	17.08641975308642	19.950617283950617	35.11111111111111	0.0
171.0	30.183077684314696	17.120237506185056	17.31815932706581	35.37852548243443	0.0
172.0	30.601092896174865	20.21857923497268	15.747640337804272	33.43268753104819	0.0
173.0	28.8135593220339	18.344965104685944	19.04287138584247	33.79860418743769	0.0
174.0	28.91445722861431	20.260130065032516	18.75937968984492	32.06603301650826	0.0
175.0	27.802916038210157	18.803418803418804	22.92609351432881	30.46757164404223	0.0
176.0	30.03533568904594	19.131751640585563	18.92983341746593	31.90307925290257	0.0
177.0	27.189873417721515	22.835443037974684	18.734177215189874	31.240506329113927	0.0
178.0	27.522935779816514	19.928644240570843	21.100917431192663	31.44750254841998	0.0
179.0	24.527337761880432	18.75319366377108	22.943280531425653	33.77618804292284	0.0
180.0	31.587057010785824	14.535182331792502	21.725731895223422	32.152028762198256	0.0
181.0	27.52198654940507	20.434557682359028	19.968960165545784	32.07449560269012	0.0
182.0	32.84747527329516	15.512753774076002	19.625195210827695	32.014575741801146	0.0
183.0	28.81799163179916	22.594142259414227	21.548117154811717	27.039748953974897	0.0
184.0	29.926624737945495	19.60167714884696	19.234800838574422	31.236897274633122	0.0
185.0	26.79324894514768	22.310126582278482	24.050632911392405	26.845991561181435	0.0
186.0	29.199788023317435	18.229994700582935	23.052464228934817	29.517753047164813	0.0
187.0	29.53091684434968	20.735607675906184	17.004264392324096	32.72921108742004	0.0
188.0	30.369576861274773	17.7289769683985	19.389394750937335	32.512051419389394	0.0
189.0	29.833064081852452	18.470651588583735	20.89391491653204	30.802369413031773	0.0
190.0	30.129589632829372	17.17062634989201	20.248380129589634	32.45140388768898	0.0
191.0	28.40909090909091	19.20995670995671	19.85930735930736	32.52164502164502	0.0
192.0	30.179445350734095	18.81457313757477	21.533442088091352	29.47253942359978	0.0
193.0	31.48959474260679	18.29134720700986	21.084337349397593	29.13472070098576	0.0
194.0	28.9647577092511	21.640969162995592	20.870044052863438	28.524229074889867	0.0
195.0	30.249307479224374	18.060941828254848	18.559556786703602	33.13019390581717	0.0
196.0	28.37988826815642	18.379888268156424	23.519553072625698	29.720670391061454	0.0
197.0	31.02866779089376	18.437324339516582	21.697582911748174	28.836424957841484	0.0
198.0	26.391279403327594	22.834193918531266	20.883534136546185	29.89099254159495	0.0
199.0	26.36965683323299	24.142083082480433	19.62673088500903	29.86152919927754	0.0
200.0	28.854314002828858	14.992927864214991	19.943422913719942	36.20933521923621	0.0
201.0	31.813576494427558	17.223910840932117	17.426545086119553	33.53596757852077	0.0
202.0	36.04887983706721	17.718940936863543	17.10794297352342	29.124236252545828	0.0
203.0	36.831275720164605	17.078189300411523	16.56378600823045	29.526748971193417	0.0
204.0	35.336787564766844	15.647668393782382	23.83419689119171	25.181347150259064	0.0
205.0	35.796045785639954	18.10613943808533	21.644120707596255	24.453694068678463	0.0
206.0	30.052356020942405	19.790575916230367	20.31413612565445	29.84293193717277	0.0
207.0	26.23814541622761	23.39304531085353	16.649104320337198	33.719704952581665	0.0
208.0	27.87750791974657	17.634635691657866	20.274551214361143	34.21330517423443	0.0
209.0	24.94692144373673	20.063694267515924	20.276008492569	34.71337579617834	0.0
210.0	27.807486631016044	17.326203208556148	18.71657754010695	36.149732620320854	0.0
211.0	29.462365591397848	18.817204301075268	21.0752688172043	30.64516129032258	0.0
212.0	27.56756756756757	15.243243243243242	23.783783783783786	33.4054054054054	0.0
213.0	27.450980392156865	22.22222222222222	17.647058823529413	32.6797385620915	0.0
214.0	30.01095290251917	27.163198247535597	16.42935377875137	26.396495071193865	0.0
215.0	32.671081677704194	20.750551876379692	16.99779249448124	29.58057395143488	0.0
216.0	32.37250554323725	17.96008869179601	18.29268292682927	31.37472283813747	0.0
217.0	27.52808988764045	17.528089887640448	26.06741573033708	28.876404494382022	0.0
218.0	28.339140534262487	17.88617886178862	19.16376306620209	34.61091753774681	0.0
219.0	18.204488778054863	21.571072319201996	26.059850374064837	34.1645885286783	0.0
220.0	0.3616636528028933	27.848101265822784	23.688969258589513	48.10126582278481	0.0
