# Position (bp)	A	C	G	T	N
0.0	26.11829766237181	24.065098117553255	24.099723322756255	25.716880897318685	0.0
1.0	26.813311581601862	20.65968869755105	15.709855122199828	36.81714459864726	0.0
2.0	29.332898602431197	19.72654629628049	17.582702717466454	33.357852383821864	0.0
3.0	23.440538830552825	22.49339015019306	15.139052192510777	38.927018826743335	0.0
4.0	34.23292899651636	13.332398174323878	14.898755385270155	37.5359174438896	0.0
5.0	35.366959601897015	14.755216655760863	23.562451851668587	26.315371890673532	0.0
6.0	31.88760999166372	17.32148396059051	20.885201921951516	29.90570412579426	0.0
7.0	35.35315569056185	17.204902266219836	20.263921983591548	27.178020059626768	0.0
8.0	22.38047774437881	27.106088488798907	23.157307998497217	27.35612576832506	0.0
9.0	27.454895185669102	18.63189769337837	15.51831508143657	38.39489203951595	0.0
10.0	26.781509218535827	16.521449973946986	25.015807542782735	31.681233264734455	0.0
11.0	27.88397656013537	18.719014059755754	19.53455701174143	33.86245236836744	0.0
12.0	25.965198495988655	20.19506149500966	20.780187970707335	33.05955203829435	0.0
13.0	26.488886265198868	20.888955466918812	19.280902679792245	33.34125558809007	0.0
14.0	30.743717162879626	18.38155330562762	20.17462173650592	30.700107794986835	0.0
15.0	29.532465263500562	18.60163047168752	20.329779636199596	31.536124628612317	0.0
16.0	29.591668904575673	18.057178774180933	18.697960084802816	33.653192236440574	0.0
17.0	30.323644296334866	17.829509210346274	19.801502305188457	32.0453441881304	0.0
18.0	31.727521298808455	17.736455418293346	19.34162480042231	31.194398482475894	0.0
19.0	30.068846839327463	18.725975179513288	20.07204758949048	31.133130391668768	0.0
20.0	29.932456664470276	17.797109292651275	20.17822172736092	32.09221231551753	0.0
21.0	28.921575820072796	18.82438630392863	20.285044204816618	31.968993671181956	0.0
22.0	29.91462732587561	18.58871486468641	23.068724337268982	28.427933472169	0.0
23.0	29.905635879522123	20.31560147316403	21.263559254655163	28.515203392658677	0.0
24.0	33.3133428627878	19.45875246497004	17.85058024686724	29.37732442537492	0.0
25.0	29.53685008648509	20.860411463599316	19.804095663529502	29.798642786386097	0.0
26.0	31.784114519974487	16.59353509888714	22.699085465830287	28.923264915308085	0.0
27.0	26.266556972158593	21.07115595194507	25.01896393286887	27.643323143027466	0.0
28.0	27.062069643273322	19.600278171805215	19.065722183757867	34.2719300011636	0.0
29.0	28.11466602151191	20.38012832346549	17.27509355710831	34.23011209791429	0.0
30.0	26.855059692045064	18.77805625288321	16.014125287807953	38.35275876726377	0.0
31.0	34.70698879226251	14.30903359230975	18.386203917574836	32.59777369785291	0.0
32.0	34.6016534812315	15.392191778927277	22.758516361926365	27.247638377914857	0.0
33.0	31.456640107917703	17.42500729173678	21.032944627672702	30.08540797267281	0.0
34.0	33.02709705948877	16.656297726033976	22.12408547917761	28.192519735299655	0.0
35.0	26.66095157490976	20.2315704062746	25.996614620993814	27.110863397821827	0.0
