# Position (bp)	A	C	G	T	N
0.0	27.481181223050278	24.09345396990385	22.72552308348631	25.69970276268122	1.3896087834391985E-4
1.0	27.68042743363935	20.169317122689133	14.929432733628131	37.22054573127242	2.769787709620996E-4
2.0	28.584046248518163	19.962131196634868	17.839325317033925	33.61394521444038	5.520233726695989E-4
3.0	24.07344178515965	22.157545185201503	14.881929223618561	38.88501866884011	0.0020651371801790885
4.0	34.662944798079934	13.807345244045102	14.590667684551043	36.937669227854144	0.001373045469773777
5.0	36.479156981249034	14.91369178635443	22.652563327203236	25.95033660683307	0.004251298360233081
6.0	32.737255567942455	17.774959529529063	19.721102988104008	29.76640800260764	2.739118168296899E-4
7.0	35.71640677919714	16.716044145518737	20.200201159059343	27.36666370173722	6.842144875575596E-4
8.0	23.011934342653888	27.12529623891113	22.408311236497454	27.45432142998779	1.3675194974092344E-4
9.0	29.06304447344507	18.31644540404627	15.847140895208293	36.772002705712744	0.0013665215876247805
10.0	26.733134385435374	17.194424906273685	24.986581260200634	31.08463025055143	0.0012291975388733722
11.0	28.495323007961737	18.68421806944579	19.700557853975205	33.11990106861727	0.0
12.0	26.62620839420489	19.676142850712246	20.912943782643865	32.78456856558646	1.3640685253464392E-4
13.0	27.57681321453162	21.578872020015407	18.722586186914995	32.1213195443359	4.090342020765303E-4
14.0	31.883670672929437	18.335094452814495	20.550969070197088	29.22999311459093	2.726894680510202E-4
15.0	29.918534021419756	19.115531710376516	19.56478760899057	31.400873969745103	2.726894680510202E-4
16.0	30.677292466271723	17.67764014534349	19.112804815696006	32.532262572688786	0.0
17.0	30.232263254412455	18.283965177554933	20.482660358450307	31.000838520114254	2.726894680510202E-4
18.0	31.497406041435166	18.475665873594796	18.259423125430338	31.7675049595397	0.0
19.0	30.81459161343541	18.438716450673883	19.514612746869183	31.231670154819447	4.090342020765303E-4
20.0	30.639661319680684	18.40694812764594	19.080354768997935	31.87221771527129	8.180684041530605E-4
21.0	30.35674599657775	17.57906290264304	19.357134579069722	32.70664748750741	4.090342020765303E-4
22.0	28.82395849666296	19.306414338012228	19.929100738306733	31.940390082284047	1.363447340255101E-4
23.0	30.144320900966004	17.73149631528356	20.337862250915215	31.784684396026915	0.001636136808306121
24.0	31.272573575027096	18.049724924499102	18.590877173846355	32.086551637159396	2.726894680510202E-4
25.0	29.667250676610742	18.342320723717847	19.343636450401196	32.64611042560009	6.817236701275505E-4
26.0	32.42591368014889	18.045634582478336	19.63500514701371	29.893037556156987	4.090342020765303E-4
27.0	29.477458806847235	18.2693762910142	19.894196486396204	32.35855938154029	4.090342020765303E-4
28.0	30.25871413281341	18.043316721999904	19.834750182361084	31.862946273357558	2.726894680510202E-4
29.0	29.55944229473954	18.569632714054706	19.57094980598118	32.299020770785106	9.544144394723997E-4
30.0	30.008371600911875	18.419976221381123	19.568957994742526	32.0017397659224	9.544170420707032E-4
31.0	30.669677187126755	18.260551819674188	19.37708950299143	31.691318029854326	0.0013634603532998468
32.0	29.21915456700976	18.567729673053613	19.817076911959404	32.39590250101237	1.36346964848389E-4
33.0	29.585760897279446	18.59392405684624	19.39851407862103	32.42152827109271	2.7269616057440724E-4
34.0	30.01817539735673	18.05227369721397	19.50576008748188	32.42310907010958	6.817478378367323E-4
35.0	30.35653131365778	17.60307699444553	19.761557489668082	32.27869776224787	1.364399807346747E-4
36.0	30.92354845224644	17.625449642742126	18.984612529407592	32.46625291346663	1.364621372154082E-4
37.0	29.3225109052296	18.82237168953262	19.23510528528299	32.61892023213535	0.0010918878194454303
38.0	30.737003333633663	18.450884191040963	19.32565587399356	31.486456601331813	0.0
39.0	29.407242012686837	18.995295354760295	19.67989293347263	31.91702344128753	5.462577927088241E-4
40.0	29.996172248803827	18.53984962406015	19.53861927546138	31.92371838687628	0.001640464798359535
41.0	29.86806586029601	18.492271216509973	20.498798109829217	31.13990658657716	9.582267876405171E-4
42.0	29.45925171848261	18.60564848826965	19.389772545108027	32.54505322260875	2.7402553095871943E-4
43.0	29.394989298822665	18.380797385101165	20.333196683663328	31.8906053123359	4.113200769442757E-4
44.0	29.75596639393291	18.84016814008747	20.014514704026254	31.388939191895908	4.1157005745518004E-4
45.0	29.370632250412836	18.42817981778823	19.64589913698553	32.55501425545613	2.7453935727591065E-4
46.0	30.294448869722856	17.74617518609059	19.397505974125856	32.561869970060705	0.0
47.0	29.705107314888345	18.015876723207	20.1522824506978	32.12645873233516	2.74778871702997E-4
48.0	30.32280498246955	17.854673848357113	18.759990159306533	33.06156893089662	9.620789701906702E-4
49.0	29.571408731331893	17.71388655511294	20.311230221535308	32.40347449201986	0.0
50.0	29.904379969888222	18.69434894980361	19.650411628540677	31.750308962244677	5.504895228081572E-4
51.0	30.20986519396715	18.2952225932761	19.366669377212943	32.12782936238304	4.1347316076801265E-4
52.0	30.089276223423862	17.935865242186086	19.89091375947188	32.08380672601849	1.380488996812451E-4
53.0	31.46660841360412	17.57366777227661	19.45454118109006	31.50518263302921	0.0
54.0	30.291148686722686	18.36982210426194	19.275707242512222	32.06235280924077	9.691572623799456E-4
55.0	29.144938745976695	18.400464637895713	18.37412776433211	34.080330236671465	1.3861512401895147E-4
56.0	29.405471411424326	18.53869049683968	20.4107374541216	31.645100637614394	0.0
57.0	28.45737330868782	18.694528501813	19.72455723485127	33.12354095464791	0.0
58.0	30.77844694226731	18.04589761088355	21.83604342635075	29.33947302948972	1.3899100867164902E-4
59.0	29.856535644796285	20.3295449168135	21.019170333998602	28.794749104391613	0.0
60.0	31.36954645044231	19.295485702889543	19.3872527484788	29.947436170999104	2.7892719024089546E-4
61.0	29.26679988262091	21.134524824280703	19.528527311599568	30.067772452244874	0.0023755292539440775
62.0	31.329173359347184	16.385083521849676	21.866914471046975	30.418127843513215	7.008042429492085E-4
63.0	26.511861573231037	20.37688534140898	25.50118629804648	27.60992606393907	1.4072337443394025E-4
64.0	26.4124301762749	19.52508570879906	18.342530202820626	35.71953031013312	4.2360197229078295E-4
65.0	27.86325924205386	19.18729977084295	18.574042653236383	34.37454855495095	8.497789158520592E-4
66.0	26.583870348923956	19.750900552054397	16.750197162284095	36.91218995786766	0.0028419788698871022
67.0	33.73992028918343	14.079725076110282	17.860926727364763	34.317003785907296	0.0024241214342243167
68.0	34.15411092677288	15.41296648903892	22.888898818489622	27.541573396485592	0.0024503692129846507
69.0	32.03756940541591	17.116030260319963	20.479710225951962	30.36654298501402	1.4712329815124862E-4
70.0	32.95317718873265	15.943457574985642	22.1263217519671	28.976568816542486	4.74667772115167E-4
71.0	25.781695050293795	19.644258539986055	25.876904690767848	28.696942535604027	1.9918334827208442E-4
