# Position (bp)	A	C	G	T	N
0.0	28.317260970322195	23.964516209414167	18.780992250380006	28.93723056988363	0.0
1.0	27.5572500062296	20.79489671326406	14.35000373775884	37.2978495427475	0.0
2.0	28.422216577260436	19.608604914105264	18.51630480801319	33.45287370062111	0.0
3.0	24.354653217896953	22.452840521554705	15.755671832759969	37.436834427788376	0.0
4.0	33.24939534791134	14.023947208647272	15.698062127380041	37.028595316061356	0.0
5.0	34.989751039821684	16.025692053573206	22.442735178809528	26.54182172779558	0.0
6.0	32.39424708100552	17.629880951788707	20.528229798369242	29.44764216883653	0.0
7.0	33.7549993035796	17.542829854547627	20.19768390472969	28.504486937143085	0.0
8.0	24.877762468725596	24.622593176584115	21.419298359057514	29.080345995632772	0.0
9.0	29.49883612199829	18.2196645643913	16.153035035712154	36.12846427789825	0.0
10.0	27.745891855329646	17.226853141288345	23.71235029642303	31.31490470695898	0.0
11.0	28.741502518785218	18.6787939668505	19.008498724445396	33.57120478991889	0.0
12.0	27.191673876938072	19.359827351294367	21.017195254149634	32.43130351761793	0.0
13.0	26.98008602043607	20.90843547224225	18.50732168162494	33.60415682569674	0.0
14.0	31.320659036899308	17.763570015213134	19.752214853188292	31.163556094699267	0.0
15.0	30.913266295189857	18.021264644918208	19.596478757723222	31.468990302168713	0.0
16.0	30.862620760943027	16.802667673836122	18.816343974873774	33.518367590347076	0.0
17.0	30.018235934231384	17.872209330636863	19.24561865531103	32.86393607982072	0.0
18.0	31.285487901202675	17.721223441512958	19.22096760572476	31.772321051559604	0.0
19.0	30.014650741228177	18.580119689106304	19.08519778500658	32.32003178465894	0.0
20.0	30.73241212891566	17.8512733176765	19.251947587672475	32.16436696573536	0.0
21.0	30.39200111205989	17.454375757094347	19.117004587247056	33.036618543598706	0.0
22.0	29.777517448151936	17.896889612517	19.34784119451587	32.977751744815194	0.0
23.0	29.903763592958217	17.4967615133783	19.609098534367664	32.99037635929582	0.0
24.0	30.90471464019851	18.0029776674938	19.037717121588088	32.054590570719604	0.0
25.0	29.380532729943234	18.394466277638838	19.377952443332937	32.84704854908499	0.0
26.0	30.73098849411309	17.89242318245191	19.847778952016633	31.528809371418365	0.0
27.0	29.934014685453462	18.373189124826357	19.509327247469734	32.18346894225045	0.0
28.0	30.52323995019125	17.897415798899644	18.675801578600097	32.90354267230901	0.0
29.0	30.31298213585875	18.125579803251362	19.554810320621897	32.00662774026799	0.0
30.0	30.251884045028554	18.22277127023581	19.21403446103165	32.31131022370399	0.0
31.0	29.629648004365837	18.210006697591346	19.233001761218464	32.92734353682435	0.0
32.0	30.047183619196936	17.829553516940955	19.819104652374314	32.3041582114878	0.0
33.0	30.443843501128836	18.272756593147594	19.07162527600665	32.21177462971692	0.0
34.0	30.40774906833531	17.679547044724867	19.081882285220892	32.83082160171893	0.0
35.0	30.418686821066842	17.863044697311807	19.70363900729985	32.014629474321495	0.0
36.0	29.97121445233014	17.858454513871656	19.553824011117175	32.61650702268103	0.0
37.0	29.508229268002147	18.56747205622506	19.005737656097995	32.918561019674804	0.0
38.0	29.983471566627458	18.82206372132962	19.439025964034524	31.755438748008398	0.0
39.0	29.419035233150332	18.39341202632807	19.722224979896556	32.465327760625044	0.0
40.0	30.369561440520215	18.381772604303688	19.57062371249162	31.678042242684473	0.0
41.0	29.982129560685035	18.22933730454207	19.71854058078928	32.06999255398362	0.0
42.0	30.02556529077416	18.39062771476085	20.384223981731985	31.199583012733008	0.0
43.0	30.24935588441166	18.526700390688994	19.20730345166527	32.01664027323408	0.0
44.0	30.278117025607422	18.024981879201295	20.438275098547358	31.25862599664393	0.0
45.0	30.43555970390082	18.349808111449267	19.74788872946445	31.46674345518546	0.0
46.0	30.0849498294549	18.288293208482074	19.41830964237661	32.208447319686414	0.0
47.0	29.621464887194154	18.49827216396568	19.823939466158247	32.05632348268192	0.0
48.0	30.479382339068046	18.038777587448177	19.249273851195355	32.23256622228842	0.0
49.0	29.934904690735216	18.39501084921821	19.21478472867024	32.455299731376336	0.0
50.0	29.61730779734742	18.33218298914042	20.280650879640895	31.769858333871266	0.0
51.0	30.651848982773945	17.86911376942214	19.423878121570556	32.055159126233356	0.0
52.0	29.80275507265089	17.73515945454726	19.682779306166633	32.779306166635216	0.0
53.0	30.55286563473027	17.731130412327616	19.313797059130252	32.40220689381186	0.0
54.0	30.561680572109655	17.974274930472784	19.831644815256258	31.632399682161306	0.0
55.0	29.95257132924437	17.831690298229493	19.059869384917185	33.15586898760895	0.0
56.0	30.111003501452732	17.806749608880278	19.662767885966872	32.41947900370012	0.0
57.0	29.364901981235626	17.734269068585817	20.051753510248886	32.84907543992967	0.0
58.0	29.470928904208925	17.99596690077185	19.534703527471763	32.99840066754746	0.0
59.0	29.528521189724028	18.137430211996584	20.168484631737897	32.16556396654149	0.0
60.0	29.62239971389402	18.408634837376567	19.335002284874133	32.63396316385528	0.0
61.0	29.48747243140138	18.00403345983429	19.411273818275745	33.09722029048858	0.0
62.0	29.691427322491233	17.627686102307838	19.56545496090684	33.11543161429409	0.0
63.0	29.490631271484492	17.566614342202	19.723011504758876	33.21974288155463	0.0
64.0	29.3980596028793	18.198302028326022	19.967312306568836	32.436326062225845	0.0
65.0	29.778133259145918	17.97587584206029	19.814001549987083	32.43198934880671	0.0
66.0	30.38367720044314	18.0451986944145	19.954890729249982	31.61623337589237	0.0
67.0	29.512382939612987	17.528380157488137	19.953796855205304	33.00544004769357	0.0
68.0	29.704136132157494	17.99478325673829	19.69345422928829	32.607626381815926	0.0
69.0	29.398174600414368	17.396942430851936	20.583193803379523	32.62168916535417	0.0
70.0	29.41828227321058	17.377997277235103	19.83891963868711	33.36480081086721	0.0
71.0	30.38675954725681	17.495105881885305	19.924277807037594	32.19385676382029	0.0
72.0	29.80199249708082	18.496434871183325	19.549824849072074	32.15174778266379	0.0
73.0	29.666878677055173	18.15968357449515	18.692359675624107	33.48107807282557	0.0
74.0	30.355252761669078	17.793944453554765	19.56648131307861	32.28432147169755	0.0
75.0	30.067285521189476	18.203864196549258	19.638526675677824	32.090323606583446	0.0
76.0	30.4664592630878	17.830909759564253	18.496357184744905	33.20627379260305	0.0
77.0	30.36684343672808	17.36206716599653	20.048408820942036	32.22268057633336	0.0
78.0	30.479130318078113	18.030391148093468	18.794892060225575	32.695586473602845	0.0
79.0	30.183792275454756	17.886562830908122	19.147307246794696	32.78233764684242	0.0
80.0	30.288882259347655	18.096161495624504	19.665871121718375	31.949085123309466	0.0
81.0	30.9535058360147	17.66619090009399	18.763769463743106	32.616533800148204	0.0
82.0	30.486506918126388	18.16070345060826	19.130036903305385	32.22275272795997	0.0
83.0	30.686243788889385	18.15260804472497	18.42069922556963	32.740448940816016	0.0
84.0	28.77124566630687	18.03462975214011	19.917827706786177	33.276296874766835	0.0
85.0	28.898947944387793	17.76307608127938	19.176262839804014	34.16171313452882	0.0
86.0	30.79456361682652	16.81010466828511	22.88673538424802	29.508596330640348	0.0
87.0	30.39779511263233	19.956917137626363	20.386750776088512	29.258536973652788	0.0
88.0	31.95735238512209	18.18493900376127	18.84614619196402	31.01156241915262	0.0
89.0	28.53795059332786	22.820110953553748	18.791452098415302	29.850486354703087	0.0
90.0	33.52605757844142	14.943924210610115	19.618067649195435	31.911950561753027	0.0
91.0	27.3661844979524	20.61283693342688	26.196838286882922	25.824140281737794	0.0
92.0	26.457269678241225	19.36474288159715	17.916181490659742	36.261805949501884	0.0
93.0	27.892649378698074	19.558693996984307	18.688323903079887	33.86033272123773	0.0
94.0	24.647000562410103	21.43180653092509	17.02460170912946	36.89659119753535	0.0
95.0	33.346109811339545	14.24013141520235	16.507541440589378	35.906217332868735	0.0
96.0	34.88022386759148	15.415793221233562	23.15804673534728	26.545936175827677	0.0
97.0	30.76183454061756	17.120851309745625	20.853302511881868	31.26401163775495	0.0
98.0	34.43033936910938	13.398326330636923	22.29598728051157	29.875347019742122	0.0
99.0	27.48745246390247	17.662245747294865	25.40309115467237	29.447210634130293	0.0
