# Position (bp)	A	C	G	T	N
0.0	26.056817478492295	22.313857770625738	29.19013430711147	22.439190443770503	0.0
1.0	26.71416801440298	20.211467455982422	17.408684507643954	35.665680021970644	0.0
2.0	27.28470602489928	21.26435040741526	18.9910035440584	32.459940023627055	0.0
3.0	24.407932352321627	23.765459962083597	16.577894134994434	35.24871355060034	0.0
4.0	33.452382731361794	14.843318041214005	16.762055619480268	34.94224360794394	0.0
5.0	34.429345808272075	16.306527066161728	23.138041137595604	26.126085987970594	0.0
6.0	32.8390831758034	17.484345463137995	21.607691398865782	28.068879962192817	0.0
7.0	32.558344730224555	19.47912530698078	20.584991397185334	27.377538565609328	0.0
8.0	25.214642752131727	25.890914436930313	21.80388121140841	27.09056159952955	0.0
9.0	29.884348043321722	20.01058061103029	16.2118473452953	33.89322400035269	0.0
10.0	28.08092383638928	17.724494593323932	24.38587212035731	29.808709449929477	0.0
11.0	29.3277705958397	18.41873310612293	19.571923845340226	32.68157245269715	0.0
12.0	26.937990188878768	20.303733513497633	22.298269835208412	30.46000646241518	0.0
13.0	27.69953741096997	21.92818856009986	19.478669505837434	30.893604523092737	0.0
14.0	30.829430161363735	19.250590981837405	19.970047131719205	29.949931725079654	0.0
15.0	30.857201579635042	18.50492534903181	20.29008911138189	30.347783959951258	0.0
16.0	29.953172937187144	18.564948695741528	19.472131291927834	32.009747075143494	0.0
17.0	29.976663290916296	19.115553402903146	20.088650140167026	30.819133166013536	0.0
18.0	31.538009979454063	18.35926034634576	19.36160845318462	30.741121221015554	0.0
19.0	30.45443206996229	19.10316796525363	19.77080306965415	30.671596895129934	0.0
20.0	30.663263060604727	18.625940759649666	18.633276117541776	32.07752006220383	0.0
21.0	30.88060555384412	18.091801258636625	20.268743857178485	30.75884933034077	0.0
22.0	30.410291766293586	18.859925774889614	19.424682049551862	31.305100409264934	0.0
23.0	29.44334433443344	18.49211587825449	20.67180051338467	31.392739273927393	0.0
24.0	30.227202722325714	19.213224401191017	19.521246168062543	31.038326708420726	0.0
25.0	30.134936931651513	19.062775007333528	19.94866529774127	30.853622763273687	0.0
26.0	30.830717784752576	18.460884104309056	20.993810683171514	29.71458742776686	0.0
27.0	28.523657270247277	19.137015634624973	21.219676747528673	31.11965034759907	0.0
28.0	29.600187732832712	19.13848229738054	20.28247924672201	30.97885072306474	0.0
29.0	29.283000044014727	20.01789932364031	19.64964274710603	31.04945788523893	0.0
30.0	29.86623988723626	19.130192197571468	19.331346263966992	31.67222165122528	0.0
31.0	29.759945936416525	19.348298760063464	20.580889698536758	30.31086560498325	0.0
32.0	29.40718316482483	18.861685868798496	20.306254408652716	31.42487655772396	0.0
33.0	30.019845644983462	19.307607497243662	21.13781697905182	29.534729878721063	0.0
34.0	29.584380834766755	19.913553565915407	20.175245152089857	30.32682044722798	0.0
35.0	29.94371149556045	18.99921698405898	19.59608196551775	31.460989554862824	0.0
36.0	31.226550798570436	18.355997805228892	19.32881526848872	31.08863612771195	0.0
37.0	29.207478638840094	20.64664026913573	18.88118133912888	31.264699752895293	0.0
38.0	29.370639817152416	19.436518725444795	20.02659057976427	31.166250877638518	0.0
39.0	29.096443351526418	20.13884723804954	20.716127871408865	30.048581539015174	0.0
40.0	30.129545762303838	19.959977731971172	20.597926665964522	29.312549839760464	0.0
41.0	29.833695520946517	19.395146685983338	20.258360497404322	30.512797295665823	0.0
42.0	29.824402058734485	20.181653042688467	19.95761429003936	30.036330608537693	0.0
43.0	30.564163324826833	19.311277190424107	19.666727427390935	30.457832057358125	0.0
44.0	29.796378711211364	20.36670121319271	19.467475461805765	30.369444613790158	0.0
45.0	29.676600171337657	20.26985681067189	20.49320768571778	29.56033533227267	0.0
46.0	29.759346798452945	19.72803732580269	20.236048867333782	30.27656700841058	0.0
47.0	29.796898818964323	19.549451057080823	20.16999522658331	30.483654897371544	0.0
48.0	30.130134765896354	19.208385433550994	20.725852513931983	29.935627286620665	0.0
49.0	29.933278635230735	20.079879870582225	19.795036921219253	30.191804572967783	0.0
50.0	29.779497459325903	19.071371964011004	20.013053004521932	31.136077572141158	0.0
51.0	30.518751753592916	19.732206877201733	20.248152882127382	29.50088848707797	0.0
52.0	30.097315226234432	20.659928656361473	19.326929094436448	29.915827022967644	0.0
53.0	29.97175584497097	19.6406715832418	19.698729013023694	30.688843558763534	0.0
54.0	29.011791747351186	19.924746926116597	20.78433224704419	30.279129079488026	0.0
55.0	29.742544213171495	19.110837165931756	19.11399807184739	32.032620549049355	0.0
56.0	29.304029304029307	18.909661766804625	21.118563975706834	30.66774495345924	0.0
57.0	29.326670592167037	19.154319907061126	20.69958782246129	30.819421678310547	0.0
58.0	28.72907882969209	18.884949533665516	20.831736297431966	31.554235339210422	0.0
59.0	29.542395693135937	19.344036403255785	20.63705697622252	30.476510927385757	0.0
60.0	28.905332582642966	19.876136089439395	20.33459342073514	30.883937907182496	0.0
61.0	30.388721112385138	18.8982736066924	20.44540624343922	30.267599037483244	0.0
62.0	30.10438954807755	18.739869026778187	19.89236854049147	31.26337288465279	0.0
63.0	28.354467468624357	19.303957156577084	20.91384109517686	31.4277342796217	0.0
64.0	28.928536417998234	20.138548508316177	20.775740940430676	30.15717413325491	0.0
65.0	29.359874073588248	18.626615071817408	20.495835246277956	31.51767560831639	0.0
66.0	29.83529953765405	18.62711222995541	21.279431363838295	30.25815686855225	0.0
67.0	29.141696795602	18.87309527347168	21.263599293414558	30.72160863751176	0.0
68.0	28.739002932551323	18.72690822936859	21.102771840880095	31.431316997199993	0.0
69.0	29.95644512418127	18.517471822322705	20.70352761246135	30.822555441034677	0.0
70.0	28.865755801344612	19.60195519076456	20.90152311362461	30.630765894266222	0.0
71.0	30.10045203415369	18.89837602544785	20.231039678553493	30.770132261844967	0.0
72.0	30.71378163121282	19.099707631817722	20.438888328796587	29.74762240817287	0.0
73.0	29.993930401942272	19.009643916913944	19.362017804154302	31.634407876989478	0.0
74.0	29.213559207297468	20.003723197210988	20.352349845148844	30.4303677503427	0.0
75.0	30.99223409859466	18.71293353951773	19.41135486940711	30.8834774924805	0.0
76.0	29.83859960417662	19.661502763939126	20.813144066061557	29.6867535658227	0.0
77.0	30.39034411915768	19.143982194829654	20.592364321177882	29.87330936483479	0.0
78.0	29.97268651332177	19.75675536392215	20.19995533643688	30.070602786319206	0.0
79.0	30.702525644341005	19.177657098525987	19.470735281441254	30.64908197569175	0.0
80.0	31.219183059116624	18.94776906973928	19.063684019307626	30.769363851836474	0.0
81.0	30.181963398965173	19.297149008577282	20.193075667604266	30.327811924853282	0.0
82.0	30.3994701617401	19.232780256553266	19.631901840490798	30.73584774121584	0.0
83.0	30.73532498425803	19.0705240327433	20.046526271601483	30.147624711397185	0.0
84.0	30.96107269472428	19.219698831127804	19.042437431991292	30.77679104215662	0.0
85.0	30.47406050787166	18.775754587398303	19.834114042193498	30.916070862536543	0.0
86.0	29.995581087052585	18.844012372956254	20.602739726027398	30.557666813963763	0.0
87.0	29.789723768660686	19.30959895039183	20.95138470267012	29.949292578277365	0.0
88.0	31.06386763921011	19.52321650951788	19.082013876534422	30.33090197473759	0.0
89.0	31.603563076813224	20.114603973651796	19.86468876631143	28.41714418322355	0.0
90.0	31.71054988357514	18.697832706430233	19.190399426831455	30.401217983163175	0.0
91.0	30.707854870882528	19.030675508113646	20.83310870307474	29.428360917929087	0.0
92.0	29.09881152049631	19.109451928799437	19.28438745513896	32.507349095565296	0.0
93.0	30.06172727766414	19.24406712162627	20.961931828466955	29.732273772242635	0.0
94.0	30.68340813693602	18.954082096196828	19.357476423236967	31.005033343630185	0.0
95.0	30.275680997702658	19.90664770448164	20.150968165408596	29.6667031324071	0.0
96.0	30.019019055630736	19.404923009399802	21.235507113858308	29.34055082111115	0.0
97.0	30.17160686427457	20.018353675323482	19.81279251170047	29.997246948701477	0.0
98.0	29.536121392924887	19.4298657532733	20.26039077030735	30.773622083494466	0.0
99.0	30.496388391125233	19.39738781844045	20.52243631191	29.58378747852432	0.0
100.0	30.119007896785675	19.2359025692359	19.988507025544063	30.65658250843436	0.0
101.0	29.422597566873765	19.974701439785704	21.23776926224934	29.364931731091186	0.0
102.0	29.696800074633828	18.22184905308331	20.70528967254408	31.376061199738782	0.0
103.0	29.386104506393572	19.36045531986595	20.7458858330369	30.507554340703575	0.0
104.0	30.413223140495866	18.65702479338843	19.870398196844477	31.059353869271224	0.0
105.0	30.165733355959045	18.960348435997513	20.659162471482173	30.214755736561266	0.0
106.0	28.652482269503547	19.116784869976357	20.62033096926714	31.610401891252955	0.0
107.0	30.510115003605726	18.797206513075494	19.939651573234144	30.753026910084643	0.0
108.0	28.846593507087338	19.995046486816033	21.397271757354062	29.761088248742567	0.0
109.0	29.571136307145178	19.359094472381024	21.188887401770522	29.880881818703276	0.0
110.0	29.865546540844313	18.595239465255002	21.015785334791033	30.52342865910965	0.0
111.0	30.45895206586135	18.454258675078865	21.195275832884512	29.89151342617527	0.0
112.0	29.36475765823151	19.15957303067153	19.547551489180996	31.928117821915958	0.0
113.0	29.948855050563754	18.91394474795614	19.750862102367392	31.386338099112717	0.0
114.0	29.605723617699663	18.899214557897192	19.445524535344894	32.04953728905825	0.0
115.0	29.73104848153642	19.97814037005231	20.16746037942072	30.123350768990555	0.0
116.0	30.946226452042453	19.809658089531197	18.883405788587318	30.360709669839032	0.0
117.0	31.318432898901143	18.991173753218927	19.875764187847693	29.81462916003224	0.0
118.0	30.435383006845395	19.470911996212344	20.013414610088574	30.08029038685368	0.0
119.0	30.609982979060284	19.174286505957326	18.948660095792267	31.26707041919012	0.0
120.0	30.617514449718954	18.346674081871807	20.595070212723698	30.440741255685545	0.0
121.0	30.073164410597876	19.331751759334942	19.309822371962284	31.285261458104902	0.0
122.0	30.01580094805688	19.30915854951297	20.113206792407546	30.5618337100226	0.0
123.0	28.822950753849554	20.04175784465279	19.636224930236292	31.499066471261365	0.0
124.0	28.61921650814122	20.488070288570047	19.07343221022086	31.81928099306787	0.0
125.0	28.458394042415414	19.558442609681077	20.05625708272624	31.92690626517727	0.0
126.0	29.846260078393144	19.732326001746582	19.732326001746582	30.68908791811369	0.0
127.0	29.628421760665297	19.812070687511465	18.96007011679338	31.59943743502986	0.0
128.0	29.345691136754237	18.40780751288976	20.61952696620018	31.62697438415582	0.0
129.0	29.51015040683817	19.254951919125503	19.762472261033945	31.472425413002387	0.0
130.0	29.84664919196714	18.554828589709192	20.055313615818044	31.543208602505622	0.0
131.0	27.990386009986945	20.069204152249135	20.195594969231088	31.744814868532828	0.0
132.0	30.45902867368596	18.37779349952141	19.580506887510925	31.582670939281705	0.0
133.0	29.942959821148747	19.28501284971062	20.173000982010407	30.59902634713023	0.0
134.0	30.46635604247996	19.12437560340847	19.170549469000544	31.238718885111027	0.0
135.0	29.118168016194335	18.880735492577596	20.723684210526315	31.277412280701753	0.0
136.0	27.4117921626037	20.67765684340059	19.92659071139117	31.983960282604546	0.0
137.0	30.440988495952283	18.150830847890926	22.991052407328503	28.417128248828295	0.0
138.0	29.261977617529368	21.911711210493657	20.133524490188943	28.69278668178803	0.0
139.0	30.103642540747433	20.584440717326796	20.0834300950415	29.22848664688427	0.0
140.0	27.823792738046322	23.53106550463874	19.88927575095694	28.755866006357994	0.0
141.0	31.244840321529438	16.363241364327614	20.66478383662829	31.727134477514664	0.0
142.0	27.60562150837989	20.964996508379887	25.72232891061452	25.707053072625698	0.0
143.0	27.045569120838174	21.438747999912326	18.08956009030533	33.42612278894418	0.0
144.0	26.569588598490718	22.858344214043864	18.095912541217608	32.476154646247814	0.0
145.0	26.685173162595984	21.869753072600684	16.409590543777565	35.035483221025764	0.0
146.0	32.67158638174574	16.173940601231436	17.05903658094893	34.09543643607388	0.0
147.0	35.000687411209384	16.28018880894551	23.181797351175472	25.537326428669633	0.0
148.0	30.85496679515163	19.275066177495006	20.62880230344123	29.24116472391213	0.0
149.0	34.22660470382864	18.86957137128164	21.112972093132974	25.79085183175674	0.0
150.0	21.47450738282657	30.74805782785409	21.55425219941349	26.223182589905853	0.0
