# Position (bp)	A	C	G	T	N
0.0	24.952380952380953	24.0	20.61904761904762	30.428571428571427	0.0
1.0	22.80952380952381	22.476190476190478	16.19047619047619	38.52380952380952	0.0
2.0	19.28571428571429	21.333333333333336	16.238095238095237	43.142857142857146	0.0
3.0	25.285171102661597	28.84980988593156	11.12167300380228	34.743346007604565	0.0
4.0	34.42545109211776	17.758784425451093	11.301044634377968	36.514719848053176	0.0
5.0	39.12630579297246	10.921177587844255	18.89838556505223	31.054131054131055	0.0
6.0	33.71320037986705	18.89838556505223	24.169040835707502	23.219373219373217	0.0
7.0	35.70750237416904	13.865147198480532	21.41500474833808	29.01234567901235	0.0
8.0	16.714150047483383	28.442545109211775	22.934472934472936	31.908831908831907	0.0
9.0	28.01519468186135	26.06837606837607	17.04653371320038	28.8698955365622	0.0
10.0	24.216524216524217	17.188983855650523	21.27255460588794	37.32193732193732	0.0
11.0	25.64102564102564	20.892687559354226	28.205128205128204	25.261158594491928	0.0
12.0	25.40360873694207	21.130104463437796	25.071225071225072	28.39506172839506	0.0
13.0	26.638176638176635	19.515669515669515	17.758784425451093	36.08736942070275	0.0
14.0	28.917378917378915	23.314339981006647	20.27540360873694	27.492877492877493	0.0
15.0	31.76638176638177	24.169040835707502	12.962962962962962	31.101614434947766	0.0
16.0	33.09591642924976	19.278252611585945	13.627730294396962	33.998100664767335	0.0
17.0	29.24976258309592	20.94017094017094	15.81196581196581	33.998100664767335	0.0
18.0	29.297245963912633	21.41500474833808	16.80911680911681	32.47863247863248	0.0
19.0	34.5679012345679	21.27255460588794	14.814814814814813	29.34472934472934	0.0
20.0	34.75783475783476	17.568850902184234	17.47388414055081	30.1994301994302	0.0
21.0	32.668566001899336	24.02659069325736	19.65811965811966	23.646723646723647	0.0
22.0	33.71320037986705	18.043684710351375	20.180436847103515	28.062678062678064	0.0
23.0	33.5707502374169	19.56315289648623	16.666666666666664	30.1994301994302	0.0
24.0	29.629629629629626	20.845204178537514	23.409306742640076	26.11585944919278	0.0
25.0	24.8338081671415	18.091168091168093	21.98480531813865	35.090218423551754	0.0
26.0	29.297245963912633	16.904083570750235	24.074074074074073	29.72459639126306	0.0
27.0	27.160493827160494	20.51282051282051	23.884140550807217	28.442545109211775	0.0
28.0	23.78917378917379	26.305792972459642	18.471035137701804	31.433998100664766	0.0
29.0	32.62108262108262	23.456790123456788	19.705603038936374	24.216524216524217	0.0
30.0	23.798076923076923	19.326923076923077	17.64423076923077	39.23076923076923	0.0
31.0	34.36742607852642	20.60106640814348	20.94037809015996	24.09112942317014	0.0
32.0	29.00390625	19.970703125	18.1640625	32.861328125	0.0
33.0	35.17964071856288	13.722554890219559	22.50499001996008	28.592814371257486	0.0
34.0	25.822102425876007	21.347708894878707	15.256064690026955	37.57412398921833	0.0
35.0	27.84982935153584	16.245733788395906	20.0	35.90443686006826	0.0
