# Position (bp)	A	C	G	T	N
0.0	26.108042032333806	23.952069476532305	24.149227156954243	25.79066133417965	0.0
1.0	26.770209973400323	20.59400122105705	15.780709988192863	36.85507881734977	0.0
2.0	29.039048458941107	19.609742638976712	17.776318795243153	33.57489010683902	0.0
3.0	23.44296813521811	22.586576749245406	14.934517810031883	39.0359373055046	0.0
4.0	34.37680100555247	13.120191046368099	14.895162660370136	37.60784528770929	0.0
5.0	35.214699061709126	14.823136006420205	23.463036865237953	26.49912806663272	0.0
6.0	31.682602083281264	17.361353544262943	21.00520108133472	29.950843291121075	0.0
7.0	35.128503231829875	17.224775776769256	20.274757273464864	27.371963717936005	0.0
8.0	22.39411796481389	27.211534559523265	22.916953891162944	27.477393584499904	0.0
9.0	27.506606499349495	18.62613569573634	15.557529958018865	38.3097278468953	0.0
10.0	26.85094184103713	16.595475303799535	25.126681119937693	31.42690173522564	0.0
11.0	28.124082057384697	18.576739801078055	19.39216174763643	33.90701639390082	0.0
12.0	26.156416212280874	19.840863519788055	21.016354126102506	32.98636614182857	0.0
13.0	26.371992473979137	20.926834145086872	19.131744871010333	33.569428509923654	0.0
14.0	30.72372241872185	18.43861673220088	20.418322490692585	30.419338358384685	0.0
15.0	29.62018910726461	18.66987444359072	20.19101537588314	31.51892107326153	0.0
16.0	30.00228167108623	17.82128898560236	18.812391543358334	33.36403779995308	0.0
17.0	30.42538518988529	17.856038110625843	19.828232360653455	31.890344338835412	0.0
18.0	31.81162803010086	17.867567402686994	19.24842184416536	31.072382723046786	0.0
19.0	30.120194885348045	18.629508483973343	19.90522868176117	31.345067948917443	0.0
20.0	29.64011677640994	17.98937746391587	20.190195694279726	32.180310065394465	0.0
21.0	29.21785981402096	18.6729650463577	20.38839739346625	31.720777746155086	0.0
22.0	30.013622839500698	18.896576875250105	22.823926747876957	28.265873537372237	0.0
23.0	29.84455343074376	20.247224034032104	21.259907061543576	28.64831547368056	0.0
24.0	33.21003172033431	19.436975487757586	17.824554274612687	29.52843851729542	0.0
25.0	29.688101743718082	20.869913304561166	19.632207520807146	29.80977743091361	0.0
26.0	32.105248730366945	16.56635645077328	22.506723404758507	28.821671414101264	0.0
27.0	26.367961252978738	21.08731705311295	24.921142598530434	27.62357909537788	0.0
28.0	26.956076084727666	19.77980395903527	18.956628630752785	34.30749132548428	0.0
29.0	28.231030350525415	20.233813505504095	17.285754713102033	34.24940143086846	0.0
30.0	26.83521046554253	18.913358227041993	16.084127209303173	38.167304098112304	0.0
31.0	34.69222257990181	14.291658429436607	18.478485166964425	32.537633823697156	0.0
32.0	34.64556076209313	15.449987859592266	22.639154225986637	27.265297152327967	0.0
33.0	31.476592281307873	17.343595578403608	21.29645624496508	29.883355895323437	0.0
34.0	33.051966315125306	16.720843818313583	22.144278288613126	28.082911577947982	0.0
35.0	26.637145706811012	20.35116594676459	25.790900587615305	27.220787758809095	0.0
