# Position (bp)	A	C	G	T	N
0.0	26.89459769878949	23.71874845259475	23.84229932644846	25.544354522167296	0.0
1.0	26.97240444290995	20.130958295689542	15.277826231839251	37.618690729822426	1.2029973882926701E-4
2.0	27.71114236082389	19.99913683657799	17.947685103597593	34.342035699000526	0.0
3.0	23.800024621621848	21.837227175099176	15.203134356365705	39.15925527960481	3.58567308462308E-4
4.0	33.74174745024053	14.05556766465497	14.662650415858236	37.538843410287654	0.00119105895860951
5.0	35.732021138451145	14.891691599320753	22.453777475467696	26.910737134512658	0.01177265224774417
6.0	32.05223947048173	17.527885785521356	20.22831023121902	30.186696743937553	0.004867768840343119
7.0	35.179461644704475	16.834124683608085	20.431063610335567	27.554283072217384	0.0010669891344939804
8.0	23.33184911148006	26.620071574230437	21.850745703059314	28.19626781362279	0.0010657976074027933
9.0	28.833410222742707	18.17854903769947	16.18687675219135	36.80116398736648	0.0
10.0	26.908825729863384	17.05258231166446	24.698877060524797	31.339478514519257	2.3638342810338938E-4
11.0	28.204326068915364	18.573551789228386	19.790885813549096	33.4291114240754	0.0021249042317467775
12.0	26.549167352773956	19.67944438284551	21.12947021507989	32.63731778838328	0.0046002609173628
13.0	27.53824756606398	21.088022441715186	18.577473421182905	32.79625657103793	0.0
14.0	31.462247471771054	18.436269772046863	20.44117300393673	29.65924895688456	0.0010607953607882888
15.0	30.018622851889393	18.764998467740035	19.344428467032838	31.87065368567455	0.0012965276631856863
16.0	30.342990499988215	17.782112632894084	18.967728247801794	32.90445769783833	0.0027109214775700714
17.0	29.994931755498456	18.318167888545766	20.414535253765823	31.26918271610759	0.003182386082364867
18.0	31.54510737606374	18.137714811060558	18.324886259164096	31.98639824615167	0.005893307559934938
19.0	30.251054902053227	18.52997336224983	19.8010419367766	31.417929798920348	0.0
20.0	30.037717168383583	18.10860187171448	19.68128992715872	32.17239103274322	0.0
21.0	30.092407062539777	17.275052450437283	19.346196459300817	33.28622616157092	1.1786615119869877E-4
22.0	28.77855307512788	18.93849744230452	19.85785342165437	32.42438886400604	7.071969071921926E-4
23.0	29.68906909313783	17.491218971735698	20.07614153367436	32.742273873788925	0.0012965276631856863
24.0	30.869616463544	17.84151717309823	18.517008085617974	32.77079748237901	0.0010607953607882888
25.0	29.467127130430683	18.09174701209307	19.261332830437755	33.1794394285849	3.535984535960963E-4
26.0	31.63209259564838	17.68817331038872	20.0995968977629	30.580137196199995	0.0
27.0	28.814620117394686	18.19299403597275	19.85867848471276	33.133589495768604	1.1786615119869877E-4
28.0	30.191414629546685	17.783291294406073	19.892388203955587	32.12984135216049	0.003064519931166168
29.0	29.145740489074385	18.502885956113666	19.443694683876718	32.90437861481178	0.0033002561234484378
30.0	29.780084298268772	18.340884660355297	19.214866292007695	32.661925281937165	0.0022394674310715497
31.0	30.607198213117552	18.157365880681986	19.23550662714152	31.99816125553244	0.0017680235264997258
32.0	29.183423778518524	18.43030848801739	19.632341500902882	32.753808363075734	1.1786948547612201E-4
33.0	29.583607384409383	18.00250358918506	19.381245712426715	33.03170034253438	9.42971444467233E-4
34.0	29.627957579879556	18.088312778253854	19.53744293475378	32.74628670711281	0.0
35.0	30.26686801713052	17.45012446762072	19.54719741390498	32.73581010134377	0.0
36.0	30.793276918229566	17.579468709914575	18.879785322081784	32.74711502946039	3.540203136855993E-4
37.0	28.981993519791782	18.919375114347936	19.377239006368075	32.72139235949221	0.0
38.0	30.45391002087485	18.3068225826257	19.174522286977304	32.06380054595774	9.445635644050667E-4
39.0	29.79142716373789	18.775217959972636	19.569668620498575	31.863331801302262	3.544544886344168E-4
40.0	29.90078479781189	18.55110062241769	19.466204932710482	32.07764894411496	0.004260702944974205
41.0	29.62913332416266	18.21888177898367	20.423044631125574	31.726805713011757	0.002134552716336918
42.0	29.308068262238706	18.456262675678374	19.57267230610665	32.66097814677426	0.00201860920200816
43.0	29.6410584360242	18.27312936611992	20.047332692245973	32.03622103963132	0.0022584659785873655
44.0	29.274110841699247	18.762447740311288	19.97527703286322	31.987926435490664	2.3794963558013311E-4
45.0	29.483306202016568	18.358116709517077	19.95789187882483	32.20056612558842	1.1908405309719759E-4
46.0	30.14714469228074	17.71253637505452	19.469978812498958	32.669982625772484	3.574943932962651E-4
47.0	29.799946582470465	18.293715332261804	19.630465161754955	32.27515751017079	7.154133419818858E-4
48.0	30.58459710296397	17.994266059150505	18.74399731795692	32.675111284505356	0.002028235423250975
49.0	29.268962454167625	18.05165700968166	20.016165948113755	32.66297580002937	2.387880075886829E-4
50.0	29.607582693611306	18.146625364196208	19.82901159808759	32.41666078851693	1.1955558796840385E-4
51.0	29.94141327007404	18.21088826588072	19.39759902235641	32.45009944168883	0.0
52.0	29.668186572550187	18.21665443776892	19.749809961728154	32.36510885320159	2.4017475114893597E-4
53.0	31.156761102612585	17.699909612053975	19.48504145689482	31.64745571772964	0.010832110708985718
54.0	29.962047253400613	18.39242922904187	19.387859703879332	32.2554930178765	0.0021707958016809192
55.0	29.028333085634817	18.37198034361222	18.331502780868973	34.26697550442897	0.001208285455022178
56.0	29.351414808897925	17.95137123907729	20.442112652191806	32.254859245273884	2.420545590976206E-4
57.0	27.842204320948007	18.880484958364793	19.657562386156098	33.61865761449834	0.0010907200327700773
58.0	30.38297139001284	17.767707390245857	22.081900244909452	29.76729961236829	1.2136246356092033E-4
59.0	29.363282674772034	20.41398176291793	21.022978723404258	29.191975683890576	0.007781155015197569
60.0	31.200305316332837	18.65063349481121	19.84105017113078	30.307645223396694	3.6579432848086833E-4
61.0	29.194702702834935	20.72047057729873	19.614604139935345	30.470100263103493	1.223168274929087E-4
62.0	30.785540203227264	16.483961948937676	21.710823719019633	31.01869140509837	9.827237170541873E-4
63.0	26.444468875962144	20.127384286224288	25.299715015953915	28.12707299025718	0.0013588316024701088
64.0	26.282258224729816	19.84017403051494	18.12966862682772	35.74491914335665	0.0029799745708836618
65.0	27.54490121358678	19.363734143888518	18.83442763274463	34.25244501675763	0.004491993022437505
66.0	26.63034619387358	19.508357052399283	17.187441224781512	36.66721001090868	0.0066455180369390495
67.0	33.242511619466256	14.177261133011381	17.92813070261224	34.65121437285128	8.821720588383558E-4
68.0	34.3232403637143	15.312050332180144	23.217657083958404	27.146797089469228	2.5513067793323744E-4
69.0	31.92817774715811	17.022359314815393	20.54888360003758	30.500579337988913	0.0
70.0	32.76173183571207	16.099569293134024	22.377755257157332	28.760943613996563	0.0
71.0	25.75959953951301	19.786927207224466	25.730686065301878	28.72278718796064	0.0
