# Position (bp)	A	C	G	T	N
0.0	36.819371359428196	11.839772631341981	29.600135070489912	21.72524411177083	0.015476826969074486
1.0	31.862724422511846	16.59988471325938	23.06578373894583	28.461765574254507	0.009841551028442082
2.0	33.96213434601943	17.327114119816176	22.339635102782136	26.36148490602383	0.009631525358430336
3.0	31.80336664207632	18.293877003554424	25.955334987593055	23.942056200120714	0.005365166655489236
4.0	32.04844380778747	17.799192603203544	23.241307461909102	26.908451621304856	0.002604505795025394
5.0	33.598875351452676	18.141290306238762	22.034499354086982	26.225334988221586	0.0
6.0	27.52179327521793	18.560349185603492	21.76121721761217	32.15540732155407	0.0012330000123300002
7.0	26.819751217897174	21.097999337842314	22.456605022939033	29.62564442132148	0.0
8.0	27.378848052156744	19.434815546015933	22.867932324785933	30.31840407704139	0.0
9.0	30.19428648038701	19.701252416012156	22.951277553710884	27.153183549889953	0.0
10.0	28.192935518462754	23.112834566350017	22.117394742257993	26.576835172929236	0.0
11.0	27.907998368320314	19.856286673569926	22.100892194086207	30.134822764023557	0.0
12.0	29.594608393750637	20.39007454304095	21.867660573879302	28.147656489329115	0.0
13.0	30.168112689602662	20.652413489089707	21.667301180195164	27.51217264111247	0.0
14.0	30.268421414741063	19.669166429140088	21.140520723784437	28.921891432334412	0.0
15.0	27.501712345285984	19.446454239381048	23.304295816089294	29.747537599243675	0.0
16.0	26.972352703071607	20.458246651165858	23.02341124530504	29.545989400457493	0.0
17.0	27.45398207237449	19.073923789147514	22.463941864325502	31.008152274152494	0.0
18.0	27.334463664075326	20.849191031907793	22.837791526126875	28.97855377789001	0.0
19.0	26.653290600946388	19.922939656779622	21.736698656770745	31.687071085503245	0.0
20.0	27.498435585796	18.180696450762817	22.980583636668108	31.340284326773077	0.0
21.0	28.600601232263212	18.95722136039755	22.542704142893452	29.899473264445785	0.0
22.0	29.04621504213263	19.733421727524906	21.262583087632372	29.957780142710096	0.0
23.0	27.828897635742774	19.62828767301827	21.061091850654712	31.481722840584244	0.0
24.0	27.16439835817671	18.416072585871678	21.784402678764312	32.6351263771873	0.0
25.0	28.18615174700772	17.7913262750652	24.4235651738372	29.59895680408988	0.0
26.0	26.84632293127023	18.60861588521384	22.188760233310834	32.356300950205096	0.0
27.0	27.15368229912351	18.245626287669797	22.56084785417467	32.03984355903202	0.0
28.0	28.798690212490257	17.820464554313283	22.446746106096292	30.93409912710017	0.0
29.0	27.69530874132909	18.597083599401675	22.0435798073811	31.66402785188814	0.0
30.0	28.38000282845425	19.024006505444774	22.128235044548155	30.467755621552822	0.0
31.0	28.060893303337213	18.350687806222712	23.949172587342943	29.639246303097128	0.0
32.0	27.042654450028913	18.763510207712493	22.033536449762043	32.160298892496556	0.0
33.0	28.934100745103287	17.96278945254986	22.509258019899164	30.593851782447683	0.0
34.0	27.61313396355271	18.375507710003237	22.975450199489593	31.03590812695446	0.0
35.0	27.807307465930187	19.940236338117444	21.923303300584056	30.329152895368317	0.0
36.0	27.733965446505906	18.52121985686283	22.771573141268178	30.973241555363085	0.0
37.0	27.646715647845983	18.04798453993546	23.499115786403166	30.80618402581539	0.0
38.0	28.114353564415218	18.808969265196147	22.180207334338036	30.8964698360506	0.0
39.0	28.756086357372528	18.91502067064768	21.647220946256315	30.680753330271017	9.186954524575103E-4
40.0	28.304291215336452	18.711619617512074	22.628842655437666	30.354323073939664	9.234377741455893E-4
41.0	28.705515725428725	18.05896919837876	21.968298722859608	31.2672163533329	0.0
42.0	27.69118772516006	17.82614376644952	22.431075355122918	32.051593153267504	0.0
43.0	27.539192443565693	19.56483034568063	23.318683995989392	29.577293214764282	0.0
44.0	28.52373294209482	18.553734164715177	21.36858241871926	31.55395047447075	0.0
45.0	29.094155660109973	18.679024242767795	21.384842129131002	30.84197796799123	0.0
46.0	26.632993750535057	18.937686080910122	23.64618706541487	30.783133103139953	0.0
47.0	26.85774438968372	20.46700799081296	21.57615196899373	31.099095650509597	0.0
48.0	29.83938567670948	19.748720962722448	21.251770418830514	29.160122941737566	0.0
49.0	27.356455279833597	19.948725390606104	23.104532481981327	29.590286847578966	0.0
50.0	27.379083756617366	19.861364323249262	20.80217605366039	31.95737586647298	0.0
51.0	27.914947947358083	20.66097033981536	21.3563150658024	30.067766647024158	0.0
52.0	26.95463893063355	20.413469904294868	21.646365577790082	30.985525587281497	0.0
53.0	27.080088491185606	19.455164135276437	21.847005486056688	31.617741887481277	0.0
54.0	27.117207827812063	19.624360725358642	21.815589827433232	31.442841619396066	0.0
55.0	27.707485312105227	19.875278217801927	22.098012873212888	30.31822101020633	0.0010025866736179342
56.0	27.313206785137318	19.043820678513733	20.720920840064622	32.92205169628433	0.0
57.0	26.959913062024558	19.723545363138705	21.776134713236715	31.539391231045794	0.0010156305542295934
58.0	27.399948888320978	19.552261691796573	21.22668029644774	31.821109123434706	0.0
59.0	24.95443827802432	20.239700991546627	21.29920408562515	33.506656644803904	0.0
60.0	26.765533799726786	18.52361634308896	23.430061679844354	31.2807881773399	0.0
61.0	26.92833512486824	20.03840494254913	23.547030400434142	29.485185919579216	0.0010436125692697843
62.0	28.127751456961974	19.186826548153117	21.633264852626723	31.052157142258185	0.0
63.0	27.70821476000759	17.797592697991107	23.4279811969055	31.066211345095805	0.0
64.0	25.244871754056437	20.035444058875342	23.967187715556122	30.75143527214458	0.0010611993675251768
65.0	27.64915739064291	19.298057659549393	21.248968834702865	31.803816115104834	0.0
66.0	28.9245942679558	18.310816643646408	21.599835980662984	31.16367403314917	0.001079074585635359
67.0	28.028098671067486	17.640927647007732	23.28671936072266	31.044254321202118	0.0
68.0	29.115352587982645	18.34925713283955	21.282377174913442	31.253013104264365	0.0
69.0	30.759616873493044	18.468378790895216	20.93038688698653	29.841617448625215	0.0
70.0	29.616592354196698	18.94353369763206	21.328237621106975	30.109401365561478	0.0022349615027881142
71.0	29.209269852709337	19.725462816990223	20.027251024728614	31.03689023016981	0.0011260754020089186
72.0	28.227526432817534	17.985660480101647	22.100331261060944	31.686481826019875	0.0
73.0	28.75710804224208	19.83501332936694	21.964279584901774	29.442454891820457	0.0011441516687452089
74.0	29.69768273411998	19.696183258936294	21.20027221241796	29.405861794525762	0.0
75.0	28.77642447151057	19.284614307713845	22.050725652153623	29.887068925288162	0.0011666433337999907
76.0	29.90860310159797	19.687481573205968	21.96709711657527	28.43445957898461	0.0023586296361813785
77.0	28.922346428699253	18.397537609906824	22.784266472602333	29.894656470335594	0.0011930184559955143
78.0	28.479337639003543	18.733307434565145	22.50157820618657	30.283348710726948	0.00242800951779731
79.0	28.702708711601883	19.23518731240968	22.630649324983633	29.430219488395647	0.0012351626091574956
80.0	27.374951531601393	18.685662109594865	21.03716119025879	32.902225168544945	0.0
81.0	28.956554975156074	19.196075933239904	23.163460313415722	28.68263473053892	0.0012740476493820869
82.0	28.592504400041413	19.941246505849467	20.827725437415882	30.638523656693238	0.0
83.0	29.46787347008682	19.092789481311673	22.18225893574694	29.25707811285456	0.0
84.0	28.350169254741818	19.84041695771318	21.464456504217935	30.344957283327062	0.0
85.0	26.97118743920317	19.242625601117975	22.502020852457218	31.284166107221633	0.0
86.0	26.07784221927189	18.542379987422265	22.63852980225002	32.741247991055836	0.0
87.0	28.20006863417982	18.83722260352322	22.198867536032946	30.76384122626401	0.0
88.0	28.591705932277794	20.913693698966902	21.768269484035237	28.72633088472007	0.0
89.0	27.715854516075943	20.544891455587308	20.42968925328027	31.306572510061493	0.002992264994987956
90.0	27.493812547078445	19.953574887396044	22.872822862062076	29.679789703463438	0.0
91.0	28.329366517976766	20.360008196333716	21.573696073640907	29.73692921204861	0.0
92.0	28.80707587520377	18.90827509401682	21.795761576577306	30.48727343157351	0.001614022628597253
93.0	28.233196295012135	19.023560684861394	23.61021678471775	29.13302623540872	0.0
94.0	27.532646742057082	19.515683898761445	22.5514943457189	30.398492191707057	0.0016828217555196554
95.0	28.883499320570376	19.32332249686086	20.924712317457043	30.86674579011645	0.001720074995269794
96.0	27.22073625677483	19.017033856549588	23.618638699232772	30.14359118744281	0.0
97.0	26.13388593566988	20.277502477700693	24.22920983872421	29.357599783764304	0.001801964140913596
98.0	26.947380090163332	19.760180326657306	21.97361614071392	31.318823442465447	0.0
99.0	26.09167602978423	19.494962960141685	23.347489097522423	31.065871912551657	0.0
100.0	28.658787558064326	19.605652574430138	22.712216538288153	29.021383351953116	0.0019599772642637345
101.0	28.100052152284672	17.86817507120793	23.76539495326353	30.26637782324387	0.0
102.0	28.644137646816404	20.527508757469608	21.60107150216361	29.225221512466515	0.0020605810838656502
103.0	28.545826393135005	20.352526934997574	22.903708701427398	28.197937970440023	0.0
104.0	27.09817079770538	19.872280549843058	22.361727459681784	30.66782119276978	0.0
105.0	25.50452176237359	20.70209827593888	23.221365884082505	30.572014077605026	0.0
106.0	25.39276580197296	19.457891852393132	23.13207891852393	32.01497990500548	0.0022835221044939713
107.0	26.50889231200112	19.313354805582787	21.731316809037015	32.44643607337908	0.0
108.0	26.51749526344821	19.45943353238842	23.855433244597933	30.167637959565436	0.0
109.0	27.46855074961227	19.652396543659684	22.650845621722755	30.228207085005295	0.0
110.0	27.34177854042596	19.44584637125265	21.79267184818815	31.41970324013324	0.0
111.0	26.421577492443227	19.24716459555119	24.344433823339447	29.984240576639888	0.002583512026248482
112.0	27.31730590823548	19.35748933124818	22.657513186842316	30.662390330532507	0.005301243141516685
113.0	25.891677675033026	18.968538538268675	22.583775914593048	32.55600787210525	0.0
114.0	24.307259643221485	19.628332735945296	24.2217872011911	31.84262041964212	0.0
115.0	26.401665400737052	20.468675274988044	24.0020254873829	29.127633836892002	0.0
116.0	25.108025580457454	20.017860229302297	23.451633346776514	31.422480843463735	0.0
117.0	24.499985140717406	18.788076911646705	24.871467205563317	31.840470742072576	0.0
118.0	25.972641135788926	19.83060658684459	23.870456691953812	30.32324894129117	0.0030466441215001674
119.0	26.39582812890332	19.75705720709468	22.20522108418686	31.64189357981514	0.0
120.0	26.766273983973438	18.108099479615618	25.284934393257352	29.84069214315359	0.0
121.0	26.762312493872347	19.461420307853196	23.631491225203437	30.144775973071013	0.0
122.0	26.20222770626292	19.162275728673382	22.547188688054426	32.08830787700927	0.0
123.0	25.106252762571827	19.016694434055285	24.426235082112136	31.450817721260755	0.0
124.0	25.231827180217415	18.19886778036328	23.790504636543606	32.778800402875696	0.0
125.0	24.628028907467765	19.686127249539464	21.62391951254074	34.06192433045203	0.0
126.0	24.056740676244377	19.612538093164996	23.719344071977943	32.61137715861268	0.0
127.0	24.33602130650292	20.429829104091144	25.00924761411556	30.224901975290376	0.0
128.0	25.023812245208976	22.330171067169584	21.309101992608678	31.336914695012762	0.0
129.0	25.183258453535114	21.19098289587767	23.18120911168913	30.444549538898087	0.0
130.0	26.451165824229577	19.117886841676178	24.596445458992335	29.83450187510191	0.0
131.0	26.34548976669755	20.19708582498105	22.70698222858587	30.750442179735533	0.0
132.0	26.1367124128557	19.156399351076423	24.41355724119788	30.288946376112598	0.0043846187573990435
133.0	26.54980957188088	18.92809617767173	24.801541779470472	29.72055247097692	0.0
134.0	26.234848847793803	19.17788530637666	23.254922627317587	31.327552340343985	0.004790878167968189
135.0	26.491598752389578	19.493912868497837	22.84435053828353	31.17013784082906	0.0
136.0	23.486045286993154	20.115850447604004	24.965771458662452	31.432332806740387	0.0
137.0	25.327004801589492	18.339864230917822	24.58744963850102	31.745681328991665	0.0
138.0	24.35129740518962	18.785957496771164	23.775977456851006	33.08676764118822	0.0
139.0	25.195975557064376	22.159125979877786	24.62193691747423	28.02296154558361	0.0
140.0	24.85500162919518	19.87618116650375	23.206256109481917	32.05604431410883	0.006516780710329097
141.0	24.155683690280068	20.174354750137287	24.752883031301483	30.917078528281166	0.0
142.0	25.562267996215155	22.447048547929253	23.982822621733753	28.007860834121846	0.0
143.0	25.85956045639023	19.212803430584273	22.949689869055824	31.977946243969672	0.0
144.0	23.93976393976394	21.253561253561255	22.824582824582826	31.98209198209198	0.0
145.0	24.248185274801244	21.15451088835119	19.806429312132735	34.79087452471482	0.0
146.0	23.030471943515423	19.964697138610184	20.875139353400225	36.12969156447418	0.0
147.0	24.146981627296586	20.209973753280842	20.987280436099333	34.65576418332324	0.0
148.0	24.829208198006494	21.91734796729757	20.02463881733677	33.228805017359164	0.0
149.0	21.64921804316919	27.982422127439577	14.760242988238334	35.56934212226962	0.038774718883288095
150.0	27.089895808093047	23.285679670462805	14.586866973588563	34.989096195783866	0.0484613520717228
