# Position (bp)	A	C	G	T	N
0.0	26.139953876727446	24.0395927700301	24.291499517871408	25.528953835371045	0.0
1.0	26.686892305750064	20.55618648255086	15.606328400312567	37.15059281138651	0.0
2.0	28.765322867481892	19.485416880605914	17.663150922211347	34.08610932970084	0.0
3.0	23.086134372934332	22.591808069980242	15.320647818753914	39.00140973833152	0.0
4.0	34.009048144646314	13.223196904149873	14.772848713466082	37.99490623773773	0.0
5.0	34.715184315371694	14.939025550705825	23.277574442007797	27.06821569191468	0.0
6.0	31.059581619897553	17.44871654756215	21.36036606219969	30.131335770340613	0.0
7.0	35.36574955373188	17.18969616793927	20.050678550475467	27.393875727853384	0.0
8.0	22.678821254052846	27.0239068130176	22.73753072766036	27.5597412052692	0.0
9.0	27.558612961159586	18.547218511250634	15.625936238711441	38.26823228887834	0.0
10.0	26.27210203024129	16.743713505381045	25.026262260479214	31.95792220389845	0.0
11.0	28.201970376387674	18.28803501199745	19.246621112791242	34.26337349882363	0.0
12.0	26.01297290419821	20.01836727037242	20.823648105283933	33.14501172014544	0.0
13.0	26.51099072882395	20.914655265691973	18.939861054698905	33.63449295078518	0.0
14.0	30.666612837188666	18.402055633581114	20.172936713389568	30.758394815840656	0.0
15.0	29.487488996221607	18.529492844757417	20.207110275938604	31.775907883082372	0.0
16.0	29.800936959156477	17.747524523677086	18.698892580829853	33.752645936336584	0.0
17.0	30.537313343566368	17.949208353247524	19.619213535014442	31.894264768171666	0.0
18.0	31.706024714798918	17.70620088399965	18.940010581026687	31.647763820174745	0.0
19.0	30.026477034659116	18.37215036802507	20.12386489127261	31.477507706043202	0.0
20.0	29.625678509695557	17.838232631429566	20.120452972338718	32.41563588653616	0.0
21.0	29.085385514215606	18.380523842380764	20.005440039670695	32.52865060373294	0.0
22.0	29.66170076138806	19.020605271700212	22.654774701885284	28.662919265026442	0.0
23.0	29.771086066810536	20.262108777956666	21.14073907329563	28.826066081937164	0.0
24.0	32.78582229421235	19.382540544743442	17.87676964408928	29.954867516954923	0.0
25.0	29.169650396571008	21.12846432111513	19.66950875435869	30.03237652795517	0.0
26.0	31.934881556117773	16.571907754761597	22.141464411918392	29.35174627720224	0.0
27.0	26.06752282723293	21.103942003359176	25.091170280038344	27.737364889369548	0.0
28.0	26.652048429130776	19.742667908550786	18.789804588120216	34.81547907419822	0.0
29.0	27.90825988871979	20.297872756901185	17.27623113181643	34.5176362225626	0.0
30.0	26.652981942291316	18.919206340452792	16.05077917824932	38.37703253900657	0.0
31.0	34.41628766226037	14.479646913341016	18.415042998170037	32.689022426228576	0.0
32.0	34.333016930464865	15.578176152265112	22.4435223630714	27.64528455419863	0.0
33.0	31.480623607644787	17.550029876186553	20.65377554462802	30.315570971540645	0.0
34.0	33.31488414202205	16.77499953976801	21.641440216313526	28.26867610189641	0.0
35.0	26.33108697867514	20.49227934781164	25.44633801425022	27.730295659263	0.0
