# Position (bp)	A	C	G	T	N
0.0	27.163005481686003	23.520388804120547	24.14686720434014	25.16973850985331	0.0
1.0	27.290995169237448	20.03761725249375	15.867567980323283	36.80381959794552	0.0
2.0	27.567675796892523	20.43568797052699	17.81675476533718	34.17988146724331	0.0
3.0	25.185970675235005	20.780080208574184	15.371183913636255	38.66276520255455	0.0
4.0	32.4996829221891	16.071088845202613	14.59984780265077	36.82779504090304	0.0015853890544739679
5.0	35.00925501115347	14.977297536743187	21.330823142274046	28.67392301729184	0.00870129253745511
6.0	31.66520754955083	17.545686139964822	21.286546940191972	29.493883538792797	0.008675831499578039
7.0	34.54652671305578	18.188465620945866	19.770413177654596	27.49380823210284	7.862562409089121E-4
8.0	26.156441236466343	25.703750196139964	20.883414404519065	27.256394162874624	0.0
9.0	27.811290600567197	19.614402331447913	16.83875718784764	35.735549880137256	0.0
10.0	26.749534552622933	17.606427085126022	24.216562103978596	31.427476258272446	0.0
11.0	27.77973134538294	19.508326105133193	20.589039704308007	32.1221214181338	7.814270420642176E-4
12.0	27.165969142357422	20.702417390218002	20.184739833843462	31.94140795802361	0.005465675557498907
13.0	26.889018919446066	21.434757167934464	18.90852350302321	32.76770040959626	0.0
14.0	31.1098108055393	19.570118977959822	19.95865028281646	29.359079383655157	0.0023405500292568754
15.0	29.46050321825629	18.577725765554906	19.633313828749756	32.32845718743905	0.0
16.0	30.005071191730053	17.70001950458358	19.26506729081334	33.028281646186855	0.0015603666861712503
17.0	30.04095962551199	18.406865613419154	21.23034913204603	30.31792471230739	0.0039009167154281255
18.0	32.156036668617126	18.33976984591379	18.672127950068266	30.825824068656132	0.006241466744685001
19.0	30.469280280866002	19.226838307002144	19.80573434757168	30.49814706456017	0.0
20.0	29.89740589038424	17.54398283596645	20.969767895455433	31.588843378193875	0.0
21.0	28.709186658864834	17.789740589038423	19.884532865223328	33.61419933684416	0.0023405500292568754
22.0	28.223912619465573	19.41174175931344	20.36200507119173	32.0	0.0023405500292568754
23.0	29.895845523698068	17.21630583187049	20.36590598790716	32.51882192315194	0.0031207333723425007
24.0	30.74312463428906	17.926272674078408	18.859371952408814	32.471230739223714	0.0
25.0	29.2537546323386	17.794421689096936	19.164423639555295	33.785839672323	0.0015603666861712503
26.0	30.370977179637215	17.457382484883947	21.629022820362785	30.54261751511605	0.0
27.0	29.42461478447435	17.89038424029647	20.092061634484104	32.59215915740199	7.801833430856252E-4
28.0	29.85995708991613	17.92783304076458	20.824653793641506	31.379754242246925	0.007801833430856251
29.0	30.07528769260776	18.397503413302125	19.27598985761654	32.24809830310123	0.0031207333723425007
30.0	30.17952298846091	17.72136097305985	19.22245714776123	32.87509849968402	0.0015603910339931186
31.0	30.231796088099678	18.332254062868156	19.248203599822116	32.185405662659065	0.0023405865509896783
32.0	28.81284523920981	18.791155634615986	19.16877321099772	33.22722591517648	0.0
33.0	30.03081964654937	17.006202941520694	20.06007880466586	32.90133811883119	0.0015604884328794914
34.0	29.070239228476456	17.99207253320017	19.2709227384092	33.66598523743387	7.802624802983724E-4
35.0	30.26745148245874	17.365610704304515	20.535059095380102	31.831098065543568	7.806523130728036E-4
36.0	31.612973749551042	18.174649031028935	18.24414010650093	31.968237112919095	0.0
37.0	28.4203703269842	19.54486173261798	18.926348507212083	33.106857531101376	0.0015619020843583315
38.0	31.10060927980003	18.333072957350414	18.944696141227933	31.620059365724106	0.0015622558975160131
39.0	31.2668969073776	18.233032770233315	18.819834039161755	31.677892203591128	0.0023440796361988404
40.0	29.248381345594442	19.649838916518096	19.079791060648713	32.01573300803853	0.006255669200212692
41.0	29.561875239727904	17.568826370460826	21.199383165425953	31.66756686940798	0.0023483549773383743
42.0	28.446209522019082	19.19365198727891	20.061568830192225	32.29621970515893	0.0023499553508483343
43.0	29.84840646506451	18.804966373512674	20.503535092257287	30.840740566555365	0.0023515026101678972
44.0	28.980654470174006	19.082832116559363	19.732126753605232	32.20360248739443	7.841722669636066E-4
45.0	30.237503040384144	18.718566350989793	19.469443158547207	31.574487450078852	0.0
46.0	30.411509391016335	17.092984012118453	19.738793962749885	32.755927760205324	7.848739100063574E-4
47.0	30.23381803335322	19.608366571401653	18.969253478219905	31.18542131214472	0.003140604880499984
48.0	30.110820511612197	18.310124643622913	18.5323939900882	33.04587545062557	7.854040511140957E-4
49.0	27.8604932548693	19.265067529875783	20.6573065047102	32.21713271054472	0.0
50.0	29.54457905205148	18.675167648053083	18.871706983435665	32.90854631645978	0.0
51.0	30.883822684598616	17.519850794425253	19.052827902072035	32.543498618904096	0.0
52.0	28.833717971943702	18.397277861356816	20.84688757787947	31.922116588820014	0.0
53.0	30.99342343905247	18.63358935133345	19.50967558786885	30.849117605311715	0.014194016433516804
54.0	30.191850875600768	19.16535793486067	19.222968440491506	31.416666009012495	0.0031567400345663033
55.0	29.04673133432336	18.393156181869884	18.608802805775852	33.94893993491105	0.0023697431198458087
56.0	30.460696894959842	17.821570859419463	21.495762979826726	30.219597799279075	0.00237146651489281
57.0	27.846949753195798	19.510979622832554	19.524427287685103	33.11764333628655	0.0
58.0	30.492758672568478	17.38789601628012	22.237091116407605	29.8822541947438	0.0
59.0	27.62464692627503	21.229648671808054	21.462915357516902	29.666920562379	0.01586848202100987
60.0	30.511048735299497	18.881847313555078	20.382312481611947	30.22479146953348	0.0
61.0	29.07638589945951	20.405446341735622	19.533330144608662	30.984837614196202	0.0
62.0	30.9754888636618	16.36074380825992	21.55636921797803	31.10739811010025	0.0
63.0	25.723514004274396	20.953383361990007	24.85256544166091	28.468930275907507	0.0016069161671835581
64.0	26.15737376673287	21.678050670929615	18.077960244796458	34.08338581278561	0.0032295047554457526
65.0	27.906090341415947	19.21660854756305	18.891411888735707	33.983456329575866	0.0024328927094315143
66.0	27.508994123296816	18.79568282081753	18.562893747252925	35.1234758827264	0.008953425906330886
67.0	33.14048506243054	14.38353925606328	18.472576322154673	34.00258220566124	8.171536902660652E-4
68.0	34.41192044213523	15.986861700367344	22.939901380017872	26.661316477479563	0.0
69.0	32.202987906094386	17.064433077001254	20.435143466919612	30.29743554998476	0.0
70.0	31.65143049846423	16.599068512627944	23.885997612038242	27.86350337686958	0.0
71.0	25.505522123077633	20.317723824675475	24.382652002490143	29.79410204975675	0.0
