# Position (bp)	A	C	G	T	N
0.0	25.881002959646192	23.89239635468173	23.922101561848084	26.304499123823998	0.0
1.0	25.86385319838569	19.81468926052138	15.582125392120854	38.739332148972075	0.0
2.0	28.243834825206278	18.845462421810225	18.554155270838763	34.356547482144734	0.0
3.0	22.960416761878054	22.12292629595826	15.241394702268257	39.675262239895424	0.0
4.0	33.86460294529493	13.422359507878983	14.586103154643235	38.12693439218285	0.0
5.0	35.044592925486	14.882038384174233	22.801775665372674	27.271593024967096	0.0
6.0	30.63019332366726	17.403577156573295	20.803969699369176	31.162259820390265	0.0
7.0	34.32373978968418	17.266094021740454	19.936429714810938	28.473736473764422	0.0
8.0	22.02816513413505	27.15500960064127	22.393825690859128	28.42299957436455	0.0
9.0	27.760403393283834	18.370328573269518	15.66383937374142	38.205428659705234	0.0
10.0	25.78742004363706	16.2918901030996	25.34222177270623	32.57846808055711	0.0
11.0	27.84952289570512	17.765711082912855	19.32993800893546	35.05482801244656	0.0
12.0	26.311690247403103	19.12604775856023	21.42510024835019	33.13716174568648	0.0
13.0	25.847550200696322	20.745968828579812	18.70691106437032	34.699569906353545	0.0
14.0	30.466094110460716	17.99357798388973	20.795718715073328	30.74460919057622	0.0
15.0	29.70393161619704	18.100097747547828	19.8913930921961	32.304577544059036	0.0
16.0	29.46688216818123	17.754809580812292	18.516916624912692	34.26139162609378	0.0
17.0	30.04012595615489	17.87605690783717	19.626940173488038	32.45687696251991	0.0
18.0	30.237539627459185	17.523704390299947	18.7483323363394	33.490423645901465	0.0
19.0	29.669064553527484	18.006985833370486	19.56971560498457	32.754234008117464	0.0
20.0	29.776992751332855	17.525001924120666	19.823488822245185	32.87451650230129	0.0
21.0	28.745397913698696	18.286499016425005	19.50991814890498	33.45818492097132	0.0
22.0	29.61256083714664	18.770002260148654	22.404283591653464	29.213153311051236	0.0
23.0	29.601249003837815	20.24964550710616	21.05420519621262	29.094900292843402	0.0
24.0	31.853024684416486	19.525000593316747	18.348226138186686	30.273748584080078	0.0
25.0	29.039915910936394	21.01003359614493	19.193940938478487	30.756109554440194	0.0
26.0	32.31074360221562	16.482638664777813	21.43627900126715	29.770338731739432	0.0
27.0	26.18991059881075	21.011353310030955	25.05319334163311	27.745542749525182	0.0
28.0	26.02218494492579	19.442512930423575	18.27761590026778	36.25768622438286	0.0
29.0	27.72466021803448	19.61477440766472	17.298565637356376	35.361999736944426	0.0
30.0	26.166309895384	19.266326994185185	16.545362208494048	38.022000901936764	0.0
31.0	33.79327105876689	14.16722406385435	17.614241885730173	34.42526299164858	0.0
32.0	34.30093062264795	15.498601411083435	22.28938851741492	27.911079448853698	0.0
33.0	30.72498717320266	17.73178752074166	20.89033131174237	30.652893994313313	0.0
34.0	33.05660429287146	16.36041680386805	21.207209142084274	29.37576976117622	0.0
35.0	25.59849370567724	20.361085778752937	25.46911351244532	28.571307003124506	0.0
