# Position (bp)	A	C	G	T	N
0.0	71.84115523465704	7.436823104693141	8.51985559566787	12.202166064981949	0.0
1.0	15.95667870036101	65.48736462093862	7.653429602888087	10.902527075812273	0.0
2.0	18.05157593123209	64.32664756446992	6.088825214899714	11.532951289398282	0.0
3.0	71.78571428571429	8.642857142857142	8.071428571428571	11.5	0.0
4.0	67.0	7.285714285714286	6.142857142857143	19.57142857142857	0.0
5.0	11.206281227694504	61.88436830835118	12.348322626695216	14.5610278372591	0.0
6.0	16.904422253922966	63.195435092724686	6.776034236804565	13.12410841654779	0.0
7.0	67.04707560627675	14.05135520684736	7.0613409415121255	11.840228245363766	0.0
8.0	67.61768901569187	7.346647646219687	7.2039942938659065	17.83166904422254	0.0
9.0	11.697574893009985	67.4037089871612	7.346647646219687	13.55206847360913	0.0
10.0	10.271041369472183	7.0613409415121255	6.990014265335236	75.67760342368047	0.0
11.0	16.535994297933	7.697790449037776	7.840342124019957	67.92587312900926	0.0
12.0	16.10833927298646	8.12544547398432	8.05416963649323	67.712045616536	0.0
13.0	17.735042735042736	61.46723646723646	7.54985754985755	13.247863247863249	0.0
14.0	11.182336182336181	6.623931623931624	69.37321937321937	12.82051282051282	0.0
15.0	70.34139402560456	6.756756756756757	9.317211948790897	13.584637268847796	0.0
16.0	9.737029140014215	6.396588486140725	14.427860696517413	69.43852167732764	0.0
17.0	11.01634683724236	61.62046908315565	14.854299928926796	12.508884150675195	0.0
18.0	10.44776119402985	8.386638237384506	13.930348258706468	67.23525230987917	0.0
19.0	9.026297085998578	63.04193319118693	8.24449182658138	19.68727789623312	0.0
20.0	9.45273631840796	7.746979388770433	8.528784648187633	74.27149964463398	0.0
21.0	10.163468372423596	8.315565031982942	7.960199004975125	73.56076759061834	0.0
22.0	11.656005685856433	7.960199004975125	62.189054726368155	18.194740582800286	0.0
23.0	10.803127221037668	8.173418621179815	7.462686567164178	73.56076759061834	0.0
24.0	66.95095948827291	5.685856432125089	8.45771144278607	18.90547263681592	0.0
25.0	11.442786069651742	14.641080312722105	60.27007818052594	13.646055437100213	0.0
26.0	71.94602272727273	6.3210227272727275	6.747159090909091	14.985795454545455	0.0
27.0	9.019886363636363	15.198863636363635	6.534090909090909	69.2471590909091	0.0
28.0	10.440340909090908	62.07386363636363	5.610795454545454	21.875	0.0
29.0	11.505681818181818	6.605113636363637	6.534090909090909	75.35511363636364	0.0
30.0	17.496443812233288	7.467994310099574	61.87766714082503	13.157894736842104	0.0
31.0	11.571428571428571	12.5	6.714285714285714	69.21428571428572	0.0
32.0	17.921146953405017	7.240143369175628	6.666666666666667	68.17204301075269	0.0
33.0	12.401433691756273	62.1505376344086	6.164874551971327	19.2831541218638	0.0
34.0	12.0	7.5	6.785714285714286	73.71428571428571	0.0
35.0	11.97132616487455	61.57706093189964	6.738351254480286	19.71326164874552	0.0
36.0	12.329749103942653	5.232974910394265	13.118279569892474	69.31899641577061	0.0
37.0	68.53046594982078	6.5232974910394255	7.741935483870968	17.20430107526882	0.0
38.0	67.16954022988506	7.6867816091954015	13.649425287356323	11.494252873563218	0.0
39.0	69.30265995686557	7.3328540618260245	11.358734723220705	12.005751258087708	0.0
40.0	10.086455331412104	61.95965417867435	13.904899135446685	14.048991354466859	0.0
41.0	10.79136690647482	7.410071942446043	65.25179856115108	16.546762589928058	0.0
42.0	69.14203316510455	6.993511175198269	7.137707281903388	16.726748377793797	0.0
43.0	67.48554913294798	8.670520231213873	7.369942196531793	16.473988439306357	0.0
44.0	17.766497461928935	63.524292965917326	7.25163161711385	11.457577955039884	0.0
45.0	20.21978021978022	7.142857142857142	10.659340659340659	61.97802197802198	0.0
46.0	37.01399688958009	12.752721617418352	18.195956454121305	32.03732503888025	0.0
47.0	26.910828025477706	26.751592356687897	13.694267515923567	32.64331210191082	0.0
48.0	39.40397350993378	16.05960264900662	16.39072847682119	28.14569536423841	0.0
49.0	37.70764119601329	17.441860465116278	12.624584717607974	32.22591362126246	0.0
50.0	23.294509151414307	32.945091514143094	13.477537437603992	30.282861896838604	0.0
51.0	38.333333333333336	17.0	17.5	27.166666666666668	0.0
52.0	39.0	16.0	17.833333333333336	27.166666666666668	0.0
53.0	35.39232053422371	19.86644407345576	17.362270450751254	27.378964941569283	0.0
54.0	37.56260434056761	17.362270450751254	16.86143572621035	28.213689482470784	0.0
55.0	22.986577181208055	12.751677852348994	30.201342281879196	34.060402684563755	0.0
56.0	22.016806722689076	27.22689075630252	16.470588235294116	34.285714285714285	0.0
57.0	29.679595278246207	14.333895446880272	17.537942664418214	38.44856661045531	0.0
58.0	40.86206896551724	17.413793103448274	15.172413793103448	26.551724137931032	0.0
59.0	23.103448275862068	15.517241379310345	32.41379310344827	28.965517241379313	0.0
60.0	24.125874125874127	24.3006993006993	18.181818181818183	33.39160839160839	0.0
61.0	24.113475177304963	16.48936170212766	18.26241134751773	41.13475177304964	0.0
62.0	29.432624113475175	27.30496453900709	17.907801418439718	25.354609929078016	0.0
63.0	30.782918149466195	14.05693950177936	16.72597864768683	38.43416370106761	0.0
64.0	26.798561151079138	14.928057553956833	18.705035971223023	39.568345323741006	0.0
65.0	24.144144144144146	17.47747747747748	30.270270270270274	28.10810810810811	0.0
66.0	26.824817518248175	12.956204379562045	29.927007299270077	30.29197080291971	0.0
67.0	36.19744058500914	16.63619744058501	17.001828153564897	30.16453382084095	0.0
68.0	21.023765996343695	16.087751371115175	26.3254113345521	36.56307129798903	0.0
69.0	27.30627306273063	18.265682656826566	27.121771217712176	27.30627306273063	0.0
70.0	24.53531598513011	21.561338289962826	17.286245353159853	36.61710037174721	0.0
71.0	21.74721189591078	19.702602230483272	17.657992565055764	40.89219330855018	0.0
72.0	26.022304832713754	25.092936802973973	21.189591078066915	27.695167286245354	0.0
73.0	25.60296846011132	25.97402597402597	19.666048237476808	28.7569573283859	0.0
74.0	27.001862197392924	16.573556797020483	27.37430167597765	29.05027932960894	0.0
75.0	25.55970149253731	16.417910447761194	20.708955223880597	37.3134328358209	0.0
76.0	24.15730337078652	14.794007490636703	26.217228464419474	34.831460674157306	0.0
77.0	29.080675422138835	15.0093808630394	25.89118198874296	30.0187617260788	0.0
78.0	26.9811320754717	29.433962264150942	17.92452830188679	25.660377358490567	0.0
79.0	26.717557251908396	17.17557251908397	13.931297709923665	42.17557251908397	0.0
80.0	36.52007648183556	16.252390057361378	19.50286806883365	27.724665391969406	0.0
81.0	22.179732313575524	17.78202676864245	17.39961759082218	42.638623326959845	0.0
82.0	36.97318007662835	14.17624521072797	19.157088122605366	29.693486590038315	0.0
83.0	37.1868978805395	16.184971098265898	17.148362235067438	29.47976878612717	0.0
84.0	32.239382239382245	17.18146718146718	18.91891891891892	31.66023166023166	0.0
85.0	26.5625	14.84375	28.515625	30.078125	0.0
86.0	40.78431372549019	14.117647058823529	18.627450980392158	26.47058823529412	0.0
87.0	37.02127659574468	16.80851063829787	21.06382978723404	25.106382978723403	0.0
88.0	35.72938689217759	17.12473572938689	18.181818181818183	28.964059196617338	0.0
89.0	34.46088794926004	17.12473572938689	16.0676532769556	32.346723044397464	0.0
90.0	28.23275862068966	17.025862068965516	22.413793103448278	32.327586206896555	0.0
91.0	31.16883116883117	19.264069264069263	17.74891774891775	31.818181818181817	0.0
92.0	27.765726681127983	19.739696312364423	15.40130151843818	37.093275488069416	0.0
93.0	31.521739130434785	17.82608695652174	19.34782608695652	31.30434782608696	0.0
94.0	30.65217391304348	16.08695652173913	21.956521739130437	31.30434782608696	0.0
95.0	31.08695652173913	20.434782608695652	19.130434782608695	29.347826086956523	0.0
96.0	28.043478260869563	15.869565217391305	19.565217391304348	36.52173913043478	0.0
97.0	27.608695652173914	17.608695652173914	18.26086956521739	36.52173913043478	0.0
98.0	32.391304347826086	18.26086956521739	17.391304347826086	31.956521739130434	0.0
99.0	28.913043478260867	23.695652173913043	18.478260869565215	28.913043478260867	0.0
100.0	34.71615720524017	14.628820960698691	16.157205240174672	34.49781659388647	0.0
101.0	31.277533039647576	19.383259911894275	20.704845814977972	28.634361233480178	0.0
102.0	28.159645232815965	18.403547671840354	20.39911308203991	33.03769401330377	0.0
103.0	28.507795100222715	21.826280623608017	18.485523385300667	31.180400890868597	0.0
104.0	26.00896860986547	17.48878923766816	22.19730941704036	34.30493273542601	0.0
105.0	28.442437923250562	19.864559819413092	18.735891647855528	32.95711060948081	0.0
106.0	31.97278911564626	17.233560090702948	20.634920634920633	30.158730158730158	0.0
107.0	32.64840182648402	19.406392694063925	18.949771689497716	28.99543378995434	0.0
108.0	31.65137614678899	17.201834862385322	18.807339449541285	32.3394495412844	0.0
109.0	26.666666666666668	19.080459770114942	17.24137931034483	37.01149425287356	0.0
110.0	21.57772621809745	23.201856148491878	20.185614849187935	35.03480278422274	0.0
111.0	29.603729603729604	19.813519813519815	18.64801864801865	31.934731934731936	0.0
112.0	27.400468384074944	19.672131147540984	21.07728337236534	31.85011709601874	0.0
113.0	28.30188679245283	18.632075471698112	21.69811320754717	31.367924528301888	0.0
114.0	29.1866028708134	17.703349282296653	20.334928229665074	32.77511961722488	0.0
115.0	25.721153846153843	19.230769230769234	20.673076923076923	34.375	0.0
116.0	27.602905569007262	17.91767554479419	19.128329297820823	35.351089588377725	0.0
117.0	34.63414634146341	18.29268292682927	15.121951219512194	31.951219512195124	0.0
118.0	27.139364303178482	17.114914425427873	20.048899755501225	35.69682151589242	0.0
119.0	21.568627450980394	21.813725490196077	29.411764705882355	27.205882352941174	0.0
120.0	24.81389578163772	20.099255583126553	24.069478908188586	31.017369727047146	0.0
121.0	27.93017456359102	17.955112219451372	24.93765586034913	29.177057356608476	0.0
122.0	25.692695214105793	18.639798488664987	20.40302267002519	35.26448362720403	0.0
123.0	29.081632653061224	17.602040816326532	19.387755102040817	33.92857142857143	0.0
124.0	30.490956072351423	17.571059431524546	17.829457364341085	34.10852713178294	0.0
125.0	24.675324675324674	18.181818181818183	20.0	37.142857142857146	0.0
126.0	27.532467532467532	21.038961038961038	17.142857142857142	34.285714285714285	0.0
127.0	29.427083333333332	16.927083333333336	24.21875	29.427083333333332	0.0
128.0	31.23359580052493	16.27296587926509	21.25984251968504	31.23359580052493	0.0
129.0	29.023746701846964	18.46965699208443	16.358839050131927	36.147757255936675	0.0
130.0	29.629629629629626	20.37037037037037	15.608465608465607	34.39153439153439	0.0
131.0	31.03448275862069	19.628647214854112	19.893899204244033	29.44297082228117	0.0
132.0	29.599999999999998	16.266666666666666	22.933333333333334	31.2	0.0
133.0	27.1505376344086	23.118279569892472	18.548387096774192	31.182795698924732	0.0
134.0	25.61307901907357	21.25340599455041	20.16348773841962	32.9700272479564	0.0
135.0	24.65753424657534	17.80821917808219	23.28767123287671	34.24657534246575	0.0
136.0	28.021978021978022	17.857142857142858	18.681318681318682	35.43956043956044	0.0
137.0	31.129476584022036	16.528925619834713	17.63085399449036	34.710743801652896	0.0
138.0	26.038781163434905	19.113573407202217	21.88365650969529	32.96398891966759	0.0
139.0	29.247910863509752	19.498607242339833	20.334261838440113	30.919220055710305	0.0
140.0	33.61344537815126	15.686274509803921	24.649859943977592	26.05042016806723	0.0
141.0	33.70786516853933	17.134831460674157	19.9438202247191	29.213483146067414	0.0
142.0	33.994334277620396	17.280453257790366	17.56373937677054	31.1614730878187	0.0
143.0	30.0	19.428571428571427	21.714285714285715	28.857142857142858	0.0
144.0	32.27665706051873	19.596541786743515	14.697406340057636	33.429394812680115	0.0
145.0	30.547550432276655	17.86743515850144	18.155619596541786	33.429394812680115	0.0
146.0	31.01449275362319	18.26086956521739	17.681159420289855	33.04347826086956	0.0
147.0	30.32069970845481	20.11661807580175	17.784256559766764	31.778425655976676	0.0
148.0	27.77777777777778	20.175438596491226	20.760233918128655	31.28654970760234	0.0
149.0	31.15727002967359	19.287833827893174	15.43026706231454	34.124629080118694	0.0
150.0	26.34730538922156	18.263473053892216	20.65868263473054	34.73053892215569	0.0
151.0	27.96352583586626	18.84498480243161	24.924012158054712	28.267477203647417	0.0
152.0	27.743902439024392	21.036585365853657	15.548780487804878	35.670731707317074	0.0
153.0	32.515337423312886	13.496932515337424	20.245398773006134	33.74233128834356	0.0
154.0	29.411764705882355	14.241486068111456	21.981424148606813	34.36532507739938	0.0
155.0	29.595015576323984	21.806853582554517	16.510903426791277	32.087227414330215	0.0
156.0	28.66043613707165	18.38006230529595	20.24922118380062	32.71028037383177	0.0
157.0	35.22012578616352	17.29559748427673	20.125786163522015	27.358490566037734	0.0
158.0	29.245283018867923	22.641509433962266	14.779874213836477	33.33333333333333	0.0
159.0	35.44303797468354	14.556962025316455	22.151898734177212	27.848101265822784	0.0
160.0	23.642172523961662	20.766773162939298	24.920127795527154	30.670926517571885	0.0
161.0	29.807692307692307	18.269230769230766	24.679487179487182	27.24358974358974	0.0
162.0	30.64516129032258	18.064516129032256	22.258064516129032	29.03225806451613	0.0
163.0	31.715210355987054	12.62135922330097	20.711974110032365	34.95145631067961	0.0
164.0	29.967426710097723	17.58957654723127	19.54397394136808	32.89902280130293	0.0
165.0	25.657894736842106	18.75	26.644736842105267	28.947368421052634	0.0
166.0	26.732673267326735	18.48184818481848	20.792079207920793	33.993399339933994	0.0
167.0	30.23255813953488	17.60797342192691	21.59468438538206	30.564784053156146	0.0
168.0	27.242524916943523	20.59800664451827	18.93687707641196	33.222591362126245	0.0
169.0	26.51006711409396	17.78523489932886	18.120805369127517	37.58389261744966	0.0
170.0	29.96632996632997	17.17171717171717	20.2020202020202	32.659932659932664	0.0
171.0	27.796610169491526	23.728813559322035	15.932203389830507	32.54237288135593	0.0
172.0	28.57142857142857	21.08843537414966	19.047619047619047	31.292517006802722	0.0
173.0	28.08219178082192	18.835616438356166	22.602739726027394	30.47945205479452	0.0
174.0	29.553264604810998	20.274914089347078	21.305841924398624	28.865979381443296	0.0
175.0	27.177700348432055	15.33101045296167	20.557491289198605	36.933797909407666	0.0
176.0	26.855123674911663	14.840989399293287	22.614840989399294	35.68904593639576	0.0
177.0	27.24014336917563	21.14695340501792	17.20430107526882	34.40860215053764	0.0
178.0	28.51985559566787	17.328519855595665	20.577617328519857	33.57400722021661	0.0
179.0	23.465703971119133	21.660649819494584	23.826714801444044	31.046931407942242	0.0
180.0	28.26086956521739	16.304347826086957	18.84057971014493	36.594202898550726	0.0
181.0	30.909090909090907	16.727272727272727	18.545454545454547	33.81818181818182	0.0
182.0	30.627306273062732	18.081180811808117	19.92619926199262	31.365313653136536	0.0
183.0	31.716417910447763	24.62686567164179	18.28358208955224	25.37313432835821	0.0
184.0	31.343283582089555	19.402985074626866	18.28358208955224	30.970149253731343	0.0
185.0	27.238805970149254	23.507462686567166	24.253731343283583	25.0	0.0
186.0	32.58426966292135	14.606741573033707	18.726591760299627	34.08239700374532	0.0
187.0	31.32075471698113	22.641509433962266	16.60377358490566	29.433962264150942	0.0
188.0	33.46153846153846	18.461538461538463	18.461538461538463	29.615384615384617	0.0
189.0	31.517509727626457	19.844357976653697	18.28793774319066	30.35019455252918	0.0
190.0	34.66135458167331	16.733067729083665	16.733067729083665	31.872509960159363	0.0
191.0	26.907630522088354	18.473895582329316	18.87550200803213	35.7429718875502	0.0
192.0	32.6530612244898	22.857142857142858	17.551020408163264	26.93877551020408	0.0
193.0	28.512396694214875	17.768595041322314	21.074380165289256	32.64462809917356	0.0
194.0	26.778242677824267	20.502092050209207	19.246861924686193	33.47280334728033	0.0
195.0	27.966101694915253	22.45762711864407	18.220338983050848	31.35593220338983	0.0
196.0	27.510917030567683	23.580786026200872	15.283842794759824	33.624454148471614	0.0
197.0	32.743362831858406	19.911504424778762	20.353982300884958	26.991150442477874	0.0
198.0	30.180180180180184	24.324324324324326	18.01801801801802	27.47747747747748	0.0
199.0	28.37209302325581	25.581395348837212	17.209302325581397	28.837209302325583	0.0
200.0	23.85786802030457	19.289340101522843	22.84263959390863	34.01015228426396	0.0
201.0	34.11764705882353	18.823529411764707	17.058823529411764	30.0	0.0
202.0	37.72455089820359	16.16766467065868	16.766467065868262	29.34131736526946	0.0
203.0	34.93975903614458	16.265060240963855	18.67469879518072	30.120481927710845	0.0
204.0	35.54216867469879	16.265060240963855	26.506024096385545	21.686746987951807	0.0
205.0	37.03703703703704	12.962962962962962	25.925925925925924	24.074074074074073	0.0
206.0	31.25	17.5	22.5	28.749999999999996	0.0
207.0	25.949367088607595	24.050632911392405	16.455696202531644	33.54430379746836	0.0
208.0	25.161290322580644	18.70967741935484	23.870967741935484	32.25806451612903	0.0
209.0	22.07792207792208	22.07792207792208	18.181818181818183	37.66233766233766	0.0
210.0	25.657894736842106	18.421052631578945	17.105263157894736	38.81578947368421	0.0
211.0	33.77483443708609	19.867549668874172	21.192052980132452	25.165562913907287	0.0
212.0	29.72972972972973	16.216216216216218	22.972972972972975	31.08108108108108	0.0
213.0	26.20689655172414	25.517241379310345	14.482758620689657	33.793103448275865	0.0
214.0	28.47222222222222	24.305555555555554	18.055555555555554	29.166666666666668	0.0
215.0	30.069930069930066	27.972027972027973	16.083916083916083	25.874125874125873	0.0
216.0	30.985915492957744	20.422535211267608	16.19718309859155	32.3943661971831	0.0
217.0	27.205882352941174	19.11764705882353	24.264705882352942	29.411764705882355	0.0
218.0	27.40740740740741	16.296296296296298	19.25925925925926	37.03703703703704	0.0
219.0	13.114754098360656	26.229508196721312	29.508196721311474	31.147540983606557	0.0
220.0	0.0	35.13513513513514	28.37837837837838	36.486486486486484	0.0
