# Position (bp)	A	C	G	T	N
0.0	22.856913827655312	27.60240480961924	35.24168336673347	14.298997995991982	0.0
1.0	23.54949899799599	23.30581162324649	14.7062124248497	38.438476953907816	0.0
2.0	25.022408604904285	23.40898905179589	16.50713874127665	35.06146360202318	0.0
3.0	19.710446328587423	24.49688049912014	14.607262837945928	41.18541033434651	0.0
4.0	34.44236700385125	10.783514709877432	12.910494271058056	41.863624015213254	0.0
5.0	37.984892281648754	12.946963284730984	25.86358337192775	23.204561061692512	0.0
6.0	32.40408104612732	16.129392792706486	23.87316185275662	27.593364308409573	0.0
7.0	37.13223562448146	17.32880209330525	21.365434935222414	24.173527346990873	0.0
8.0	19.841738325808457	31.89642794467223	22.834670793382365	25.42716293613695	0.0
9.0	28.011865650218493	19.0185321042391	13.07454307677586	39.895059168766544	0.0
10.0	25.215269804822043	16.56620742441638	29.68012501594591	28.538397754815666	0.0
11.0	27.459421537676583	17.73653496603846	18.66130935297682	36.14273414330814	0.0
12.0	24.308987152102528	21.288296617464216	22.349921892434725	32.052794337998535	0.0
13.0	24.499912335230082	22.569693492086262	18.183267186279668	34.74712698640399	0.0
14.0	31.699934685294632	20.15994137606933	18.834530769598395	29.305593169037643	0.0
15.0	28.197799056738603	16.661108729137887	22.790719832309083	32.35037238181443	0.0
16.0	30.20482692918387	18.147030803429658	17.872340425531917	33.77580184185456	0.0
17.0	29.658784319949216	18.49388985875258	19.950801460085703	31.896524361212506	0.0
18.0	32.04741652913546	17.227370826456774	18.068427066141933	32.65678557826583	0.0
19.0	30.248607827894208	18.806618965271056	19.931462296330377	31.013310910504355	0.0
20.0	31.65606812667502	17.09192978004726	18.53185112355096	32.72015096972677	0.0
21.0	29.189789123196448	16.245441572855558	21.446012367211033	33.11875693673696	0.0
22.0	28.232553717436776	18.89934715091589	22.215883881599797	30.652215250047536	0.0
23.0	28.823818351792873	17.375734816434534	19.736654465940962	34.06379236583163	0.0
24.0	30.696598596346696	18.417008602525307	19.242407439679347	31.643985361448646	0.0
25.0	28.46102682671903	18.020143793747824	18.89272479650334	34.62610458302981	0.0
26.0	29.533727960495078	15.789307081130701	22.159792345921307	32.51717261245292	0.0
27.0	30.73977371627502	17.490307777514044	20.5459292665559	31.223989239655037	0.0
28.0	30.99012720713879	16.516359724068096	20.853110562622618	31.640402506170496	0.0
29.0	29.691380483097902	18.134362592340665	19.39668127244254	32.77757565211889	0.0
30.0	30.08064516129032	17.395635673624287	19.013282732447816	33.51043643263757	0.0
31.0	29.118925325958116	18.36586329514026	20.98301066772027	31.532200711181353	0.0
32.0	29.82206630637464	17.497866691950318	21.18453904743845	31.49552795423659	0.0
33.0	28.981863605458315	17.378998466233416	20.865550337586768	32.773587590721505	0.0
34.0	28.358421352223136	19.220795648599076	21.598886850926572	30.821896148251216	0.0
35.0	29.564103780296925	16.729118246928806	18.37657512371737	35.3302028490569	0.0
36.0	30.931486488623243	17.19399775469222	19.97691444112392	31.897601315560614	0.0
37.0	26.269081705291462	20.12813414537689	19.54757573360753	34.05520841572412	0.0
38.0	29.01709401709402	18.54067742956632	21.202912314023425	31.23931623931624	0.0
39.0	29.228139048945735	18.001646298993222	19.975622111061863	32.794592540999176	0.0
40.0	29.07410923359281	16.99575976204038	22.515980001265742	31.414151003101072	0.0
41.0	30.028803848953885	16.83442534738708	20.75776279555598	32.379008008103064	0.0
42.0	27.802136921250494	19.404827859121486	22.015037593984964	30.777997625643057	0.0
43.0	29.328392481036314	18.0594485882148	21.660569781620662	30.95158914912822	0.0
44.0	28.9161968708431	19.664914169886615	21.1392284791284	30.27966048014189	0.0
45.0	29.05616162895641	18.211757999904997	21.470304162642304	31.26177620849629	0.0
46.0	28.506565416864422	18.38158519221642	20.741971207087488	32.36987818383167	0.0
47.0	29.704630669683112	17.511746744925563	20.14270119761426	32.640921387777055	0.0
48.0	29.27458270706432	18.761173957756508	21.001503045645123	30.962740289534057	0.0
49.0	27.898395806609972	21.692241911729774	19.692146895339448	30.717215386320806	0.0
50.0	28.617572082271163	18.64243076776921	18.77068258466995	33.96931456528968	0.0
51.0	28.79445200924665	18.08638652268913	20.80813198644669	32.31102948161753	0.0
52.0	27.494579581242977	17.475113551838195	21.137259246363968	33.89304762055486	0.0
53.0	30.70250419476367	18.078639946813563	19.697977015860957	31.52087884256181	0.0
54.0	28.235238261034706	18.3313023248453	21.186319970880085	32.24713944323991	0.0
55.0	28.821154302905548	17.596389834534083	21.2572242894466	32.32523157311377	0.0
56.0	30.355079231901723	18.635723218667387	19.457328753027593	31.551868796403298	0.0
57.0	27.984737900353057	16.835805772366733	20.01329892500356	35.166157402276646	0.0
58.0	29.63824903031742	18.256946093564473	19.303411699517138	32.80139317660097	0.0
59.0	29.163895486935864	17.517022961203484	21.168646080760094	32.15043547110055	0.0
60.0	28.137917927113193	18.15676523226532	20.535643580037693	33.16967326058379	0.0
61.0	30.03975104128724	18.39950588347085	20.629365091934183	30.93137798330773	0.0
62.0	28.857147381589577	18.796813884622086	19.465074664681943	32.8809640691064	0.0
63.0	27.961807644804765	18.230040852519238	20.977293599771986	32.830857902904015	0.0
64.0	29.190156457845063	18.82403243174764	20.82409577500475	31.161715335402544	0.0
65.0	30.03041054232134	17.652369488089203	20.210339584389256	32.106880385200206	0.0
66.0	31.319995564637487	17.728777582410622	21.172519761124047	29.778707091827844	0.0
67.0	29.597300551295863	18.56187820797161	19.984475001584183	31.85634623914834	0.0
68.0	31.320892212153854	18.447816995120714	19.436347506495153	30.794943286230275	0.0
69.0	28.4587234447032	18.360977773553223	20.076675696655734	33.10362308508785	0.0
70.0	28.53566958698373	17.738945834191476	20.508230224489473	33.21715435433533	0.0
71.0	29.374396020467973	18.845745607781634	19.27506614070941	32.50479223104099	0.0
72.0	30.008395507611397	16.9874384197437	21.378447306309305	31.6257187663356	0.0
73.0	30.065266292811206	19.399296644805627	18.52802331844248	32.00741374394069	0.0
74.0	29.367593942082248	18.214942018883466	20.708446866485016	31.70901717254927	0.0
75.0	29.2219211939731	17.47072896367064	19.83459289890204	33.472756943454215	0.0
76.0	29.536199274271496	18.0402161339904	19.973379391212028	32.45020520052607	0.0
77.0	29.219554710403294	16.391728072260516	21.923777830599793	32.46493938673639	0.0
78.0	28.333069495013458	19.369954092132343	19.56624980212126	32.730726610732944	0.0
79.0	31.317080892828876	18.084533797688778	18.029127750514483	32.56925755896786	0.0
80.0	28.99431701255323	18.052587421443384	20.637634357537475	32.31546120846591	0.0
81.0	30.073066742744835	18.998938075539286	20.590239804732697	30.337755376983182	0.0
82.0	29.160194020860413	18.298830168341627	19.910915258535965	32.630060552261995	0.0
83.0	30.73179238403247	18.641998795142523	19.05735755731	31.568851263515015	0.0
84.0	29.69116621218847	18.08294755533008	18.970765425835502	33.25512080664595	0.0
85.0	30.745937376139516	18.58581054300436	20.141101862861674	30.527150217994453	0.0
86.0	28.859294490685695	18.070550931430837	20.060245739199367	33.009908838684105	0.0
87.0	29.854295815959286	16.851901764621946	20.744217018375533	32.54958540104324	0.0
88.0	29.914855158635778	19.131427484183988	20.16997256972522	30.78374478745501	0.0
89.0	28.813344326758422	20.00221982621932	19.897570875880003	31.286864971142258	0.0
90.0	30.40638031362476	19.115571834023054	19.694303064897177	30.78374478745501	0.0
91.0	28.284894322091674	20.073253103743518	20.016172763164153	31.62567981100065	0.0
92.0	28.86838224801408	17.31595554075695	20.12874787930679	33.68691433192218	0.0
93.0	30.070717320986873	17.864844295046616	20.4493562503964	31.615082133570116	0.0
94.0	30.2900090380072	17.606672269174055	19.902643220701794	32.200675472116956	0.0
95.0	31.425309591386934	19.014698653812612	18.669034518845038	30.890957235955412	0.0
96.0	29.10918720071037	19.183078045222466	18.842165350585102	32.86556940348206	0.0
97.0	28.052454649245213	18.92363313459343	20.929531904097427	32.09438031206393	0.0
98.0	28.175893182791267	18.15860833161542	20.892469196492286	32.77302928910103	0.0
99.0	29.85346823559263	18.489327285990676	20.535062957911766	31.122141520504933	0.0
100.0	30.66817775507598	19.560081726471715	20.13312476056698	29.63861575788533	0.0
101.0	30.682073864549515	19.74703481083861	18.919353283404583	30.65153804120729	0.0
102.0	28.836064511950255	18.759310836194054	21.332340177472634	31.072284474383054	0.0
103.0	27.59458577951729	17.526092628832355	20.362035225048924	34.51728636660143	0.0
104.0	29.10612137550135	18.293444670918536	19.720231441909394	32.88020251167072	0.0
105.0	29.739271684540284	17.32774195687126	21.005784754106514	31.92720160448194	0.0
106.0	30.114746705416646	17.858395550433432	20.631023366905513	31.39583437724441	0.0
107.0	29.693522055977244	18.422337041587426	20.415032734739217	31.469108167696113	0.0
108.0	27.533872581438334	19.14839497380068	21.822590764952267	31.495141679808718	0.0
109.0	29.435077469721037	18.966842617742017	20.12675310476776	31.471326807769177	0.0
110.0	30.275686638479254	18.29431783025678	21.71461964181362	29.715375889450346	0.0
111.0	30.371947314675392	18.123128580577045	21.08105301417519	30.423871090572373	0.0
112.0	29.528739238035485	18.057443619505733	19.585904005019344	32.82791313743944	0.0
113.0	31.881997823874208	18.446175985398895	19.323646063669226	30.348180127057667	0.0
114.0	28.948857607696116	18.341939591143806	19.70184621914126	33.007356582018815	0.0
115.0	26.637422207956636	19.754275218887642	21.02391269459156	32.58438987856417	0.0
116.0	29.977897971285334	17.554042155576717	17.688810623349084	34.77924924978886	0.0
117.0	29.4878070891125	15.557972985223461	24.39488713625238	30.55933278941166	0.0
118.0	31.84875178186337	17.58105193903286	19.366570415585365	31.203625863518404	0.0
119.0	32.07602715781339	17.832894809472116	20.175164216452924	29.91591381626157	0.0
120.0	31.099121148069862	17.686431564504765	18.9694812177847	32.244966069640675	0.0
121.0	31.15672687199985	17.508731952408525	20.909990847793196	30.42455032779843	0.0
122.0	28.688169613436514	18.66726920107703	21.448342088911485	31.196219096574968	0.0
123.0	28.52422280038741	19.089579732988966	20.386653246481952	31.999544220141672	0.0
124.0	27.813643416792782	18.468994846842016	21.14518878948679	32.57217294687841	0.0
125.0	28.418956282990777	18.6121154701367	20.097062974922174	32.87186527195035	0.0
126.0	31.196831343167098	18.412939982829936	18.992429563724343	31.397799110278623	0.0
127.0	29.530729997439987	18.493137196983124	20.777456135168666	31.198676670408222	0.0
128.0	30.815006468305306	17.23355557766942	20.700567220618968	31.25087073340631	0.0
129.0	28.98710791598056	17.54287320775935	22.86838828868629	30.601630587573798	0.0
130.0	31.875063380995844	18.002231011053645	17.59862082953047	32.52408477842004	0.0
131.0	29.360334166018266	17.912281420205577	19.851345263933823	32.876039149842335	0.0
132.0	30.533248002642498	18.782386093849997	20.929416379363737	29.75494952414377	0.0
133.0	31.378195096504957	17.468961919666146	20.419405320813773	30.733437663015128	0.0
134.0	30.11532542008391	17.745778077628554	20.44654339988615	31.692353102401384	0.0
135.0	30.920211405677268	15.682806239877248	21.129912198448555	32.26707015599693	0.0
136.0	28.733699752128462	18.829615260265115	20.909580773790278	31.52710421381614	0.0
137.0	29.537030945018312	18.213917582297082	21.942233041647476	30.30681843103713	0.0
138.0	30.28850421660009	16.01420328450954	21.757656458055926	31.93963604083444	0.0
139.0	27.861605431129753	19.640480862485056	22.660531835712835	29.837381870672353	0.0
140.0	28.987961733876507	17.361651485329794	20.22016752872248	33.430219252071225	0.0
141.0	29.71217200323662	17.07085886024737	21.146688244133628	32.070280892382385	0.0
142.0	30.06935849232853	17.038369024544032	21.20221386702786	31.690058616099577	0.0
143.0	30.205257812315466	18.270071096204266	20.721827243309633	30.80284384817063	0.0
144.0	30.968296409472877	16.787624140565317	22.569709702062642	29.67436974789916	0.0
145.0	31.912013536379018	18.627024413826444	19.6688421561518	29.792119893642738	0.0
146.0	30.919841990332948	16.760311112201585	20.268910861937826	32.05093603552764	0.0
147.0	30.2435270461485	17.319961273986547	20.830126852518433	31.606384827346524	0.0
148.0	30.983466075209193	17.690795443089023	20.614477265853413	30.711261215848374	0.0
149.0	30.12838510426504	18.364429924194084	20.967865438117357	30.53931953342352	0.0
150.0	30.32841996379623	18.549262994569435	19.676752004137573	31.44556503749677	0.0
151.0	29.00609580618999	17.772022080946027	22.261465609711433	30.960416503152555	0.0
152.0	28.76831913655362	18.594254272260727	20.472461774509284	32.16496481667637	0.0
153.0	29.787120239623448	19.31696619597775	21.558087291399232	29.337826272999575	0.0
154.0	30.853912526033916	17.278407400394904	20.727056341456816	31.14062373211436	0.0
155.0	29.83420879842416	18.855329393740426	19.946924928868462	31.36353687896695	0.0
156.0	29.63836041932442	17.610516390260138	19.402074435631484	33.34904875478396	0.0
157.0	29.829689168680794	17.50042156146366	20.11972345567984	32.550165814175706	0.0
158.0	29.306417629975513	19.65719492056261	20.01309720403166	31.023290245430214	0.0
159.0	31.105531988572416	17.932069373503015	20.783193374311026	30.17920526361354	0.0
160.0	31.298625329043578	18.376718338695525	20.09066978648728	30.233986545773618	0.0
161.0	28.984004739336495	19.369075829383885	20.41765402843602	31.229265402843602	0.0
162.0	30.955096650258135	18.01236643054388	20.119462120302558	30.913074798895423	0.0
163.0	29.271776791684395	18.004984499422527	21.187161874658074	31.536076834235	0.0
164.0	30.956564628995963	17.60226887388637	20.148586577884643	31.29257991923302	0.0
165.0	29.533031391535218	18.56629704825863	19.92503513977823	31.97563642042792	0.0
166.0	31.122723673792557	18.077593032462392	20.129849564528897	30.66983372921615	0.0
167.0	30.298847623021857	18.630629473886945	19.985234166853914	31.08528873623728	0.0
168.0	30.59798929364147	17.404360882621752	19.774121948034992	32.22352787570179	0.0
169.0	29.714796188459502	18.462149285336157	21.611964002117524	30.21109052408682	0.0
170.0	31.13981967433724	17.79706634369533	20.501951285156775	30.561162696810655	0.0
171.0	29.321229908200525	18.226802716445416	20.984199570009896	31.46776780534416	0.0
172.0	28.662949752398102	19.915503688056237	21.477300273574123	29.94424628597153	0.0
173.0	30.122684290083313	19.439659718072207	18.00189826695258	32.43575772489191	0.0
174.0	29.477997505790132	17.609121681810084	21.257794405843576	31.655086406556208	0.0
175.0	29.162140632920558	19.425736838293865	19.67557390107901	31.73654862770657	0.0
176.0	28.563026136823144	16.534940999154504	23.29154872624343	31.610484137778922	0.0
177.0	28.895279354645954	19.061846429638482	20.61174185838064	31.431132357334928	0.0
178.0	28.554079696394684	17.44212523719165	23.32447817836812	30.679316888045538	0.0
179.0	29.747593830930384	18.22117428781261	20.35097213095744	31.680259750299562	0.0
180.0	29.25464859754176	17.983769303498267	21.30081941380397	31.460762685156002	0.0
181.0	31.17989949748744	16.47035175879397	21.009045226130656	31.340703517587944	0.0
182.0	31.010038926449496	17.287441098135627	20.86867445195657	30.833845523458308	0.0
183.0	29.620358781810594	18.765123070504796	21.718815185648726	29.89570296203588	0.0
184.0	31.778041946166258	17.38982763012652	19.414961365373184	31.417169058334043	0.0
185.0	28.839936198646377	20.532827520800105	20.66215458895547	29.96508169159805	0.0
186.0	30.189093142631513	19.299785021717195	21.252138814548328	29.25898302110297	0.0
187.0	27.42923579126235	19.514376425345436	21.924607610785674	31.13178017260654	0.0
188.0	30.266994714780388	19.245489338436304	20.279752141425185	30.207763805358116	0.0
189.0	30.26358607224211	17.13077030356562	20.240807028961928	32.364836595230344	0.0
190.0	28.988529718456725	19.04445919044459	21.793534932221064	30.17347615887762	0.0
191.0	30.98278196943316	17.42116463532598	19.645966337782937	31.95008705745792	0.0
192.0	28.31334221827336	19.12236536847821	21.32385606397157	31.240436349276862	0.0
193.0	30.903850113238622	16.70784434836319	19.7704344245419	32.61787111385629	0.0
194.0	30.68896812080537	19.499790268456376	19.311031879194633	30.500209731543627	0.0
195.0	30.424099989317384	17.941459245807074	20.126054908663605	31.508385856211945	0.0
196.0	31.630210033735988	17.482859941234082	20.399390575688322	30.487539449341604	0.0
197.0	30.0603644016171	17.83241956028133	19.471673035387937	32.63554300271363	0.0
198.0	29.885580918768145	17.111629760346105	22.741503956281665	30.261285364604085	0.0
199.0	29.20190589636689	18.43359142346635	20.54794520547945	31.81655747468731	0.0
200.0	29.083033371972423	17.97937892746019	20.974925263864318	31.96266243670307	0.0
201.0	30.80334832583708	16.35432283858071	21.164417791104448	31.677911044477764	0.0
202.0	29.62867953568909	18.56602321554544	21.522478035015713	30.28281921374976	0.0
203.0	29.35873101952278	18.926247288503255	20.905639913232104	30.80938177874187	0.0
204.0	31.0029763964837	19.180452689139614	20.59943240811241	29.217138506264277	0.0
205.0	31.321393315470313	18.523480468199125	19.17924129177831	30.97588492455225	0.0
206.0	30.529123414071513	18.00028835063437	21.431660899653977	30.038927335640135	0.0
207.0	30.475069863215175	18.33357846742168	21.363435799382263	29.82791586998088	0.0
208.0	29.88747186796699	18.777194298574642	21.387846961740433	29.94748687171793	0.0
209.0	28.656762138152857	18.877316587532547	21.52703323633022	30.93888803798438	0.0
210.0	29.631949882537196	16.460454189506656	22.858261550509003	31.049334377447142	0.0
211.0	29.33667286095177	20.457299830330452	21.23293205138563	28.973095257332147	0.0
212.0	29.43409247757074	17.563837129054523	21.661490683229815	31.34057971014493	0.0
213.0	30.51205349287348	17.05085342248812	21.273975013197255	31.163118071441144	0.0
214.0	29.188552798406086	18.683209563484876	21.010686469842422	31.117551168266615	0.0
215.0	32.593525877107965	18.501647606125218	19.906958712928862	28.997867803837952	0.0
216.0	29.912115505335844	17.001464741577735	21.720025109855616	31.366394643230798	0.0
217.0	29.220203810367746	16.83650863978733	22.939743021710235	31.00354452813469	0.0
218.0	28.191489361702125	18.420444033302495	21.35753931544866	32.03052728954672	0.0
219.0	29.601544188611612	19.412656831655866	22.707845029642908	28.277953950089618	0.0
220.0	31.7820470354422	17.042066909572707	22.10997018880424	29.065915866180852	0.0
221.0	30.33022254127782	17.408470926058868	23.115577889447238	29.145728643216078	0.0
222.0	27.92171481826654	20.05591798695247	21.882572227399812	30.13979496738117	0.0
223.0	25.838430710820504	20.96604091963721	21.91520776207551	31.280320607466777	0.0
224.0	25.57221783741121	19.73164956590371	23.230728755590636	31.465403841094446	0.0
225.0	26.735079665136375	17.607345395625167	23.008371590602213	32.64920334863624	0.0
226.0	29.94755727297819	20.701076455975713	20.03864200938449	29.312724261661604	0.0
227.0	29.739671760045272	17.713638936049804	19.637804187889078	32.908885116015846	0.0
228.0	28.099415204678362	16.432748538011698	24.210526315789473	31.257309941520468	0.0
229.0	28.814608480346642	17.889198390591147	19.77715877437326	33.519034354688955	0.0
230.0	33.86759581881533	15.365853658536585	19.860627177700348	30.905923344947734	0.0
231.0	26.740740740740744	18.14814814814815	21.62962962962963	33.48148148148148	0.0
232.0	31.90896423594984	15.420343706456109	20.8546214584301	31.816070599163957	0.0
233.0	28.34067547723935	18.45325501713167	24.180127263827707	29.02594224180127	0.0
234.0	26.062143310082437	21.43310082435003	25.110970196575778	27.393785668991754	0.0
235.0	30.905306971904267	16.129032258064516	27.055150884495315	25.910509885535898	0.0
236.0	23.297491039426525	22.819593787335723	22.461170848267624	31.42174432497013	0.0
237.0	24.54954954954955	20.27027027027027	27.47747747747748	27.7027027027027	0.0
238.0	25.0	21.296296296296298	18.51851851851852	35.18518518518518	0.0
239.0	28.199052132701425	16.824644549763033	20.85308056872038	34.12322274881517	0.0
240.0	27.403846153846157	14.182692307692307	23.798076923076923	34.61538461538461	0.0
241.0	37.12871287128713	13.118811881188119	20.049504950495052	29.7029702970297	0.0
242.0	33.078880407124686	16.030534351145036	22.391857506361323	28.498727735368956	0.0
243.0	32.114882506527415	16.449086161879894	19.5822454308094	31.853785900783286	0.0
244.0	31.420765027322407	16.39344262295082	27.049180327868854	25.136612021857925	0.0
245.0	26.11464968152866	25.477707006369428	17.8343949044586	30.573248407643312	0.0
246.0	33.91304347826087	20.869565217391305	18.26086956521739	26.956521739130434	0.0
247.0	40.909090909090914	15.454545454545453	20.0	23.636363636363637	0.0
248.0	25.233644859813083	20.5607476635514	28.971962616822427	25.233644859813083	0.0
249.0	29.03225806451613	17.20430107526882	24.731182795698924	29.03225806451613	0.0
250.0	15.09433962264151	20.754716981132077	28.30188679245283	35.84905660377358	0.0
