# Position (bp)	A	C	G	T	N
0.0	26.876057895789597	24.253400814548243	23.521887412153678	25.348485790789184	1.6808671930022137E-4
1.0	27.397840603880752	20.07337526205451	15.104553887783739	37.424230246281006	0.0
2.0	28.33131971190751	19.861594120670436	17.896644483456043	33.90994105985462	5.006241113922023E-4
3.0	23.83272722433131	22.022219190752985	15.200581598464154	38.94330745863431	0.0011645278172423316
4.0	34.51386574200749	13.802561385529483	14.409161687668833	37.273084557561525	0.0013266272326721755
5.0	36.25215463355913	14.77817830182587	22.52790467785227	26.43795400467934	0.003808382083383698
6.0	32.444406971880696	17.58857439488698	20.22824097724038	29.738612335857773	1.653201341738209E-4
7.0	35.490360602016416	16.799574518690786	20.440445830415307	27.26928870624612	3.303426313772645E-4
8.0	22.887536037678867	26.877713655784262	22.43387797604804	27.80070730391129	1.6502657753031126E-4
9.0	28.844695095808188	18.2533557600343	15.804722799379967	37.096731638138586	4.947066389630948E-4
10.0	26.833142994629316	17.031770908006255	25.072798374458028	31.059321405441214	0.002966317465182849
11.0	28.388823466438286	18.549652895012063	19.622343185130894	33.43918045341876	0.0
12.0	26.436077648867883	19.652420723706417	21.358377743862786	32.552959247679865	1.646358830492541E-4
13.0	27.641841637596258	21.47683143552952	18.366846574080167	32.51415125386691	3.290989271374975E-4
14.0	31.62903968933061	18.297242150990588	20.46682682814454	29.60672678207069	1.6454946356874876E-4
15.0	29.805996182452443	18.949680774040676	19.494174948989667	31.75014809451721	0.0
16.0	30.52211544790364	17.670473244257224	19.079181201869282	32.72806555650629	1.6454946356874876E-4
17.0	30.05726321332192	18.35746725465675	20.31034028829066	31.27460014480353	3.290989271374975E-4
18.0	31.447870729941418	18.19275324162443	18.44665306391101	31.912558415059568	1.6454946356874876E-4
19.0	30.612124004475742	18.332126637267162	19.620878035937604	31.434706772855918	1.6454946356874876E-4
20.0	30.099223326531956	18.242776278549332	19.58056341736326	32.07727242809189	1.6454946356874876E-4
21.0	30.43918251826499	17.17797669979596	19.45665767129599	32.92519581386165	9.872967814124926E-4
22.0	28.84025538076746	19.02027249391167	19.704798262357663	32.43467386296321	0.0
23.0	30.111729085763177	17.618969262160206	20.12275389982229	32.14490225761864	0.0016454946356874876
24.0	31.046699137760807	17.88784308563154	18.54966102810505	32.515138550648324	6.58197854274995E-4
25.0	29.470808925162906	18.241459882840783	19.366813664187454	32.92025932995458	6.58197854274995E-4
26.0	31.834068320937277	17.65829658395314	20.18659909168696	30.32054235503192	4.936483907062463E-4
27.0	28.985552557098664	18.242447179622197	20.077831896268016	32.694003817547554	1.6454946356874876E-4
28.0	30.353123148818533	18.01536891989732	19.960672678207068	31.669847956295662	9.872967814124926E-4
29.0	29.46653063911012	18.406832093727374	19.517376423352857	32.60893174488251	3.290989271374975E-4
30.0	29.981619492224077	18.398279439666023	19.394315371337267	32.22414017235223	0.001645524420405161
31.0	30.668941889663753	18.16602106939869	19.457435009692187	31.705462838938566	0.0021391923068062517
32.0	29.33980582524272	18.50205693598815	19.572157314464373	32.58532170478855	6.582195162086556E-4
33.0	29.673944524163716	18.24011663880149	19.412593304458866	32.67318097444741	1.6455812851331604E-4
34.0	29.81389661874067	18.063004280262575	19.632598453444533	32.48934871221858	0.0011519353336416132
35.0	30.347204253404552	17.60627331024901	19.629804816064315	32.41622319166855	4.944286135727247E-4
36.0	30.91990067961261	17.518737984772194	19.177375264211356	32.38365632244172	3.297489621151417E-4
37.0	29.28151189123303	18.900949550295486	19.218950760943248	32.59759816720464	9.89630323592622E-4
38.0	30.931164334960414	18.321303511255888	19.209596134615197	31.53760598289752	3.300362709861814E-4
39.0	29.683486488584798	18.82694585357554	19.648747805086746	31.840324293787177	4.955589657354013E-4
40.0	29.814721900702594	18.757316986337212	19.64719499654746	31.779110221343494	0.0016558950692412522
41.0	29.89243990021293	18.12427543092137	20.384598775582063	31.5980215319508	6.643613328417059E-4
42.0	29.117418959715348	18.42665850078386	19.784347467189463	32.67107579958527	4.992727260623691E-4
43.0	29.358371570145454	18.40817081646497	20.459208418821014	31.773749185401734	5.000091668347252E-4
44.0	29.514779587129553	18.638251851307892	20.020494983902758	31.825972885870645	5.006917891553496E-4
45.0	29.397678145591332	18.473231161044183	19.811464218809796	32.31645669041329	0.001169784141403507
46.0	30.202687330201684	17.44941181194042	19.69576825791946	32.65196531095676	1.6728898167851073E-4
47.0	29.635303907828884	18.190601051173992	19.959915410465193	32.21384475509722	3.3487543471017367E-4
48.0	30.238849046263073	17.730238513843055	19.246027422974493	32.78404700889797	8.38008021412781E-4
49.0	29.428197044764747	17.921503556046957	20.12811500150161	32.52184884241821	3.355552684693814E-4
50.0	29.73029753491241	18.579167009810266	19.66893505594221	32.0204239069966	0.0011764923385138213
51.0	30.17535934083902	18.17210264328542	19.439382778273178	32.21315523760238	0.0
52.0	29.84288411180805	18.07847674725453	19.7441961174377	32.33444302349972	0.0
53.0	31.312282916516075	17.680924820182337	19.501583956480648	31.505208306820936	0.0
54.0	30.245110133657764	18.19651349764759	19.38641642348497	32.17161963263258	3.4031257710206823E-4
55.0	29.256103052549705	18.446808946140305	18.444079800226522	33.85283762946386	1.7057161961164254E-4
56.0	29.18453908396346	18.140881092364424	20.546455747923268	32.12778215624695	3.4191950189166965E-4
57.0	28.2620647369025	18.699507254170868	19.716341452135833	33.32174401537326	3.425414175391482E-4
58.0	30.819222125002142	17.833993857978623	22.06066532846089	29.285775558872473	3.431296858647726E-4
59.0	29.68174549956156	20.194460205292206	21.071508399099052	29.05228589604718	0.0
60.0	31.46460684328043	19.0842866625861	19.468951783235774	29.981982292645498	1.724182521961775E-4
61.0	29.306437382142796	20.954794733837346	19.589467674688166	30.14705119111465	0.002249018217047558
62.0	31.0756182418511	16.432897090964097	21.6674577797715	30.82350527437715	5.216130361529995E-4
63.0	26.636323547940027	20.267418420057957	25.536516735962373	27.559041339436956	6.999566026906332E-4
64.0	26.461048098843264	19.77991050068954	18.241641102136164	35.51652078466691	8.795136641242859E-4
65.0	27.760466588618943	19.433175469435827	18.579720089271504	34.22610731679712	5.30535876604429E-4
66.0	26.88194209955748	19.349019886616077	16.911087810339616	36.85563987275409	0.0023103307327302777
67.0	33.346256715543255	14.202737493947748	17.76566036994224	34.683380113594744	0.0019653069720158155
68.0	34.562196139169394	15.191096459246687	23.060944960818127	27.184314945927017	0.0014474948387762155
69.0	31.728729552536915	17.072949705482557	20.419444624247525	30.77776647586991	0.0011096418630886882
70.0	33.122884470945905	15.852198357183983	22.03895661459568	28.98596055727443	0.0
71.0	25.835033898347625	19.68338114995846	25.780816622615134	28.70001531136028	7.530177185069164E-4
