# Position (bp)	A	C	G	T	N
0.0	26.398157358668726	24.01675378188303	24.091048783517234	25.494040075931007	0.0
1.0	26.952882126829653	20.947865437259274	15.823871573132509	36.27538086277857	0.0
2.0	29.0828853379021	20.093221433244906	17.519821328597544	33.30407190025545	0.0
3.0	23.347185210963172	22.738144121341	15.558255554498569	38.35641511319726	0.0
4.0	34.13547968895453	13.514559006318864	15.23300718860418	37.11695411612242	0.0
5.0	34.867580427540126	15.150349000929394	23.68143468168975	26.300635889840724	0.0
6.0	31.59047950105776	17.66535839085927	21.27449526584543	29.469666842237537	0.0
7.0	35.5374418521796	17.452627159690213	20.351123284452736	26.658807703677457	0.0
8.0	23.12274377790638	26.891326766918596	22.861830860736994	27.124098594438028	0.0
9.0	27.731081917773132	18.85032936389101	15.82995271141445	37.588636006921405	0.0
10.0	26.78875261550846	16.80920967109831	25.001287894179875	31.40074981921336	0.0
11.0	28.309803787516234	18.925496645697663	19.311973227207645	33.45272633957846	0.0
12.0	25.889272876611553	20.450820737648012	20.7612032349976	32.89870315074283	0.0
13.0	26.98882155997446	21.17440061164141	19.307050341978034	32.529727486406095	0.0
14.0	30.782404139749275	18.762439613410276	20.057363047499464	30.397793199340985	0.0
15.0	29.56149249362312	18.73914919062471	20.354060164638614	31.34529815111356	0.0
16.0	29.71523335679628	18.16957498047697	18.750451364782666	33.36474029794409	0.0
17.0	30.46038244920401	18.06588144440582	19.804755242331133	31.668980864059037	0.0
18.0	32.29803893436506	17.80873591862242	19.132606880773256	30.760618266239266	0.0
19.0	30.511091777987264	18.542233781440267	20.301677777060945	30.644996663511527	0.0
20.0	29.926460038689783	17.949224711776505	20.398474459252956	31.725840790280756	0.0
21.0	29.379345740127512	18.87484749888543	20.149044262154593	31.59676249883247	0.0
22.0	29.901448411532982	19.027228249513488	22.918076930854287	28.153246408099243	0.0
23.0	29.83275670980831	20.44214249742662	21.52010992598099	28.20499086678408	0.0
24.0	33.08911890705689	19.642721303551124	17.73967108867741	29.52848870071458	0.0
25.0	29.287784889414425	21.238674956693053	20.02645358718249	29.44708656671003	0.0
26.0	31.44658440834382	16.891767298946476	22.487643437709735	29.174004854999968	0.0
27.0	26.280323287919217	20.926884201221547	25.012854869010333	27.779937641848907	0.0
28.0	27.094501101089342	19.988839855293655	19.266451584326497	33.65020745929051	0.0
29.0	27.976070685410058	20.670400677119392	17.546161979052822	33.80736665841773	0.0
30.0	26.810080733107398	19.268110332152215	16.11885481749177	37.802954117248625	0.0
31.0	34.4937347323563	14.95222730397785	18.632935969395284	31.92110199427057	0.0
32.0	34.32277813807344	15.704084754526242	22.907016650854104	27.066120456546212	0.0
33.0	31.563324493473306	17.955581462439483	20.849848663225774	29.631245380861436	0.0
34.0	33.52391763242732	16.870443091288273	21.79496207285971	27.810677203424696	0.0
35.0	27.090267318218398	20.232443363296667	25.618379375845073	27.058909942639865	0.0
