# Position (bp)	A	C	G	T	N
0.0	25.39227254468769	22.733606145812413	29.12043080939948	22.753690500100422	0.0
1.0	25.813631079308436	20.870608568071468	17.5955686247692	35.720191727850896	0.0
2.0	27.161940473400513	20.931752864702183	19.31160805693634	32.59469860496096	0.0
3.0	24.317038652640864	23.568369653786537	16.707816913057595	35.406774780515	0.0
4.0	32.14633315489805	15.682636624653268	16.848751764076113	35.32227845637257	0.0
5.0	32.61143029936498	17.36135470214696	23.205926821892955	26.821288176595104	0.0
6.0	30.585637619425793	18.669530479147113	21.689168050441605	29.055663850985486	0.0
7.0	31.53468311968372	19.220678087935784	20.51455612795016	28.730082664430334	0.0
8.0	24.499227739131477	25.738437039786398	21.423953257264643	28.338381963817483	0.0
9.0	28.590487586000595	19.91803769069698	17.176189051749922	34.315285671552495	0.0
10.0	26.93073450718962	18.16866461391289	23.957430271142865	30.943170607754627	0.0
11.0	27.43008445451231	19.565594199953377	20.394001518149054	32.61031982738526	0.0
12.0	26.643642034692306	20.032624867797583	22.1795323768949	31.14420072061521	0.0
13.0	26.80486274978345	22.71931658651692	19.056722124316735	31.419098539382894	0.0
14.0	29.73129550327594	19.60007883750515	20.604659774357504	30.06396588486141	0.0
15.0	29.54332419862323	19.59663985957622	19.476037804564967	31.383998137235587	0.0
16.0	28.860145995857682	18.966927103540073	19.60259999164374	32.57032690895851	0.0
17.0	28.852016920534346	19.116146700316815	20.408455494102277	31.623380885046565	0.0
18.0	30.447073979530977	18.683350430612876	19.908390390533672	30.961185199322472	0.0
19.0	29.119440983049433	19.500605164467604	19.925710844666504	31.45424300781646	0.0
20.0	29.102525135136748	19.184352148182583	19.566370468374725	32.14675224830595	0.0
21.0	29.23720481238492	18.685234511402303	20.277445074098573	31.80011560211421	0.0
22.0	28.833595500262167	19.576719576719576	19.973544973544975	31.616139949473283	0.0
23.0	29.62784241536051	18.740728825978948	20.423688929399077	31.207739829261467	0.0
24.0	29.871924703639724	19.562756895216538	19.64913325787812	30.916185143265622	0.0
25.0	29.53348740797217	19.00121512472898	19.89171094327035	31.573586524028496	0.0
26.0	28.85577472841624	18.72915475509815	20.66061558986087	31.754454926624735	0.0
27.0	27.83620576710061	19.368382186543432	20.361128646124893	32.43428340023107	0.0
28.0	29.184927591463417	19.478849085365855	19.974275914634145	31.361947408536583	0.0
29.0	28.73942374677726	19.579986543373803	20.098007109385698	31.582582600463244	0.0
30.0	29.16252285300826	19.496072557929025	19.151267560340873	32.190137028721836	0.0
31.0	29.432714928084337	19.162621720615824	19.734373604121377	31.670289747178465	0.0
32.0	28.709781171453418	19.39378417334747	19.653471833418703	32.24296282178041	0.0
33.0	29.290594675737015	19.336641389621917	20.64119900162623	30.731564933014837	0.0
34.0	29.303453246838345	19.556087710206054	20.073747103430613	31.066711939524993	0.0
35.0	29.24635898415807	19.31067016188264	19.98005577218198	31.462915081777304	0.0
36.0	30.203358588578883	19.222712963960404	19.06651345948987	31.507414987970844	0.0
37.0	29.03947281634317	19.908498378034814	18.943114293081013	32.108914512541	0.0
38.0	28.700588730025235	19.687612639673194	19.82518322720173	31.786615403099844	0.0
39.0	29.103210815886737	19.346158939600063	20.35202195923576	31.19860828527744	0.0
40.0	28.83112183353438	20.007840772014475	20.26357056694813	30.897466827503017	0.0
41.0	30.006648534300396	18.870957993351468	19.815654276216378	31.306739196131762	0.0
42.0	29.094323620282303	20.112679469316046	20.203550009087053	30.58944690131459	0.0
43.0	29.742577864124826	19.618116689939892	19.360694554064718	31.278610891870564	0.0
44.0	29.790250640444448	20.002555692805725	19.647801191439644	30.559392475310183	0.0
45.0	28.985224438522568	20.133913054083553	20.13025422746925	30.75060827992463	0.0
46.0	29.106288312624905	19.50910946638879	20.01332347314831	31.371278747837994	0.0
47.0	29.47601729057223	19.554143247247836	19.472711019678435	31.4971284425015	0.0
48.0	29.819783347441515	19.401199808619484	20.13114472538123	30.64787211855778	0.0
49.0	30.067721200054077	19.958703587625827	19.262441158757664	30.71113405356243	0.0
50.0	29.35119322555812	19.07621247113164	19.962432640492686	31.610161662817553	0.0
51.0	29.611090194238876	19.862113235030893	20.17689501718955	30.349901553540676	0.0
52.0	29.206539691573003	19.97166875954942	19.40628112260994	31.41551042626764	0.0
53.0	29.99225214615551	19.400006198283076	19.519013233334366	31.088728422227042	0.0
54.0	29.36594214152157	19.313078103355096	20.18275675709254	31.138222998030802	0.0
55.0	29.314381062671995	18.914914017458003	19.20754106117773	32.56316385869227	0.0
56.0	28.820061757275194	19.43981784722872	20.64626805152678	31.09385234396931	0.0
57.0	28.85885904655945	18.980054878772915	20.508909987561644	31.65217608710599	0.0
58.0	28.924098196392784	19.489604208416832	20.052605210420843	31.53369238476954	0.0
59.0	29.67756513661271	18.64874873681105	20.42192080040673	31.25176532616951	0.0
60.0	29.22503097737551	19.39089359507381	19.93118934252486	31.45288608502582	0.0
61.0	29.630446703771167	19.423136318081827	20.16942849398995	30.776988484157048	0.0
62.0	28.953153426318984	19.384222761269456	19.955907620780273	31.70671619163129	0.0
63.0	28.177904400126625	19.051598607154162	20.88065843621399	31.889838556505225	0.0
64.0	28.142071302129928	20.01383152191154	20.10519570334558	31.73890147261295	0.0
65.0	29.40649083093827	18.31586845384948	20.421827708116083	31.855813007096167	0.0
66.0	29.147233478604377	19.29428855417081	20.77503376914647	30.783444198078346	0.0
67.0	28.671395644317883	18.693295365303946	20.71024051384535	31.925068476532818	0.0
68.0	28.665284868025438	19.221714709758313	20.027124195550098	32.08587622666615	0.0
69.0	29.53945344544709	19.210802912223134	20.22021123872026	31.029532403609515	0.0
70.0	28.65902990920649	19.21688990484018	19.860278159472962	32.26380202648037	0.0
71.0	29.63155964719279	18.703156865394142	20.15195671613945	31.51332677127362	0.0
72.0	30.23874901702956	19.01225973624164	20.181511131737377	30.56748011499143	0.0
73.0	29.679657370981182	18.457652629471006	19.507373888102943	32.35531611144487	0.0
74.0	29.52946278878582	19.265550254720583	19.620929163726753	31.58405779276684	0.0
75.0	30.08374253225482	18.50184544929717	19.65257552071509	31.761836497732922	0.0
76.0	29.37402496099844	18.88520540821633	20.052652106084242	31.68811752470099	0.0
77.0	29.43900580338824	19.106239130859564	20.812083553158644	30.64267151259355	0.0
78.0	29.440594124019476	18.756281243066162	20.32708145711787	31.47604317579649	0.0
79.0	30.41980441376425	18.893159711327268	19.49848342223617	31.18855245267231	0.0
80.0	30.778500370028354	18.663837423292794	19.546666142732708	31.010996063946138	0.0
81.0	29.277801113094615	19.2546991494277	20.13546151422871	31.332038223248976	0.0
82.0	30.363448652274265	18.756370379625306	19.448152507710216	31.43202846039021	0.0
83.0	29.32448725466297	19.008966866735623	19.700094214690903	31.9664516639105	0.0
84.0	30.457261712172734	18.28914787546634	19.966984713922546	31.286605698438375	0.0
85.0	30.09533386700892	18.335064471098818	19.283110490694856	32.2864911711974	0.0
86.0	29.499350322187162	18.957333404046565	20.175810771392964	31.367505502373312	0.0
87.0	30.087890041121646	19.296613941499643	19.782234652458992	30.833261364919718	0.0
88.0	29.85417346103416	19.23432747409266	19.655633723135903	31.25586534173727	0.0
89.0	30.339805825242717	19.21209858103062	20.426357622959564	30.0217379707671	0.0
90.0	30.246056023830832	19.165520097246898	19.515502063824954	31.072921815097317	0.0
91.0	29.54274779536726	18.884904120221066	20.18025130805979	31.392096776351885	0.0
92.0	29.24909665006335	18.79034907184565	19.60219083309311	32.35836344499789	0.0
93.0	29.27194673796935	19.443194109466642	21.41969378363308	29.865165368930928	0.0
94.0	30.38972756777139	18.40028549497017	19.64191928033721	31.568067656921233	0.0
95.0	29.56510003711326	19.213873612470056	20.75846013698168	30.462566213435	0.0
96.0	29.87200897897918	19.027592781658	21.044482457860326	30.05591578150249	0.0
97.0	29.789381694024243	19.416989018582374	19.534864815429533	31.25876447196385	0.0
98.0	29.626839333224737	18.899657924743444	20.656187218330892	30.817315523700927	0.0
99.0	30.468006417752154	19.128164686046826	20.233595300900117	30.1702335953009	0.0
100.0	30.262279446828806	18.901151304584783	19.9380066762041	30.898562572382314	0.0
101.0	29.82845362513738	18.497382091732597	21.081841205261757	30.592323077868265	0.0
102.0	29.53587652564173	18.686716654808166	20.395024902851514	31.38238191669859	0.0
103.0	29.516973785236374	18.865169463639354	20.79768564220687	30.820171108917403	0.0
104.0	30.537564989251447	17.631747034704432	19.811677117602216	32.0190108584419	0.0
105.0	29.88109491763346	18.535568308492632	20.49117157287753	31.09216520099638	0.0
106.0	29.40267836208918	18.613375260319692	20.323554967106624	31.660391410484507	0.0
107.0	29.06407004789186	18.787015984685663	20.49605738730209	31.652856580120385	0.0
108.0	28.904432132963986	19.000692520775623	21.319252077562325	30.77562326869806	0.0
109.0	28.836211981374948	18.733996266662967	21.12180532520974	31.307986426752343	0.0
110.0	29.59097830092261	17.90712711446072	21.53291015149724	30.968984433119424	0.0
111.0	29.753004703013413	18.524298902630203	20.542065842187775	31.180630552168616	0.0
112.0	28.795738412237405	19.097554334545812	19.81526603506175	32.29144121815503	0.0
113.0	30.603249233869274	17.936554580692107	20.010355008885718	31.4498411765529	0.0
114.0	29.269233466582513	18.619819061645277	20.13535311031629	31.975594361455922	0.0
115.0	29.803251723919782	18.50024250859324	20.805128529554416	30.89137723793256	0.0
116.0	29.987530732868844	18.91524420742661	19.830361608746802	31.26686345095774	0.0
117.0	30.088114435799312	18.672776310772836	20.451304065408024	30.787805188019824	0.0
118.0	30.01762370210989	19.033598278680984	19.483745850644432	31.465032168564694	0.0
119.0	30.27142836873395	18.72401708310277	19.49304048014302	31.51151406802026	0.0
120.0	30.210926054985848	17.874667539006385	20.577024278541863	31.3373821274659	0.0
121.0	30.220258036923514	18.339867417492336	20.089813956803766	31.35006058878038	0.0
122.0	29.364064386605413	18.01067394457265	20.326934205919965	32.29832746290197	0.0
123.0	28.974144165431515	19.642844356611462	19.56408108320982	31.81893039474721	0.0
124.0	28.891473035151567	18.695580392072415	19.86706003115332	32.5458865416227	0.0
125.0	28.85870777823361	19.41859377136729	19.809412763874796	31.9132856865243	0.0
126.0	29.782597715580376	18.97886587152124	19.937802599014365	31.30073381388402	0.0
127.0	29.72034548111283	18.91538027516963	19.294425717220527	32.06984852649701	0.0
128.0	30.137502900905083	17.958778138779298	20.40206544441866	31.50165351589696	0.0
129.0	29.640132923220115	18.01807697621489	19.961751852417414	32.38003824814758	0.0
130.0	29.138652704653843	18.57963743491767	20.30933247772252	31.972377382705968	0.0
131.0	29.178546884824026	18.837273910309836	20.37621909315553	31.607960111710604	0.0
132.0	30.388397210755162	17.966578922283897	19.9697905133413	31.675233353619642	0.0
133.0	29.66413931562962	18.618316063509806	20.40609211716515	31.311452503695424	0.0
134.0	30.16466458715867	18.0002802173897	19.384406639677305	32.45064855577432	0.0
135.0	29.110422414366973	18.322620729443265	20.75681033143736	31.810146524752405	0.0
136.0	27.5100446345684	19.53078002807299	20.528188103884915	32.430987233473694	0.0
137.0	30.917935576149468	18.243988199886765	22.036562472064126	28.801513751899638	0.0
138.0	30.005007062199667	20.851051109400572	20.811443005433038	28.332498822966723	0.0
139.0	30.934852687607766	19.41299947522303	19.43324087262913	30.21890696454007	0.0
140.0	28.739976659262883	21.96815118774235	19.87802582539623	29.41384632759854	0.0
141.0	32.187719523525374	16.416016436410878	20.549290348896058	30.846973691167694	0.0
142.0	28.188545347021094	20.167710434136506	25.207363488862267	26.436380729980137	0.0
143.0	27.869426266930454	20.124029828032263	18.88677522447116	33.119768680566125	0.0
144.0	27.55778108369247	20.367927856080243	19.869484532920264	32.20480652730703	0.0
145.0	26.311512834601185	20.647572762941007	17.15046316001269	35.89045124244512	0.0
146.0	32.184922519370154	15.30554861284679	18.482879280179958	34.026649587603096	0.0
147.0	34.59241552868041	16.445380604138563	22.611412207417224	26.350791659763807	0.0
148.0	30.962446557335205	18.416182757960563	21.10825729053666	29.513113394167572	0.0
149.0	32.85314481687589	18.432121133687073	21.845476899184675	26.869257150252363	0.0
150.0	21.990867579908677	27.92346162209176	22.46923244183518	27.616438356164387	0.0
