# Position (bp)	A	C	G	T	N
0.0	26.733594916426934	24.460371071701687	24.368194894577766	24.43738392629547	4.5519099814282074E-4
1.0	26.94386185840668	20.26304703319004	15.01750777997726	37.775356837093845	2.264913321767176E-4
2.0	27.851174587128845	20.369513760867555	17.878409755018875	33.900676253505935	2.2564347879064123E-4
3.0	23.9942066663818	22.177492808934687	14.611525045597764	39.21362692820629	0.0031485508794577297
4.0	34.1278590377859	14.135880476088047	14.070678282067828	37.664013766401375	0.0015684376568437658
5.0	36.03319164350511	14.534872020768255	22.618794734594307	26.80934034850779	0.003801252624541334
6.0	31.773456194864103	17.56759169970356	20.41412193292618	30.24460695024822	2.232222579377835E-4
7.0	34.94390986357417	17.14816085857798	20.166153379893125	27.74133020755802	4.456903967090221E-4
8.0	23.28487278828758	26.994964049589537	21.89002801706393	27.82991261079425	2.2253426471340924E-4
9.0	28.481042206240343	18.007180729855605	15.698009181552417	37.81287862788035	8.892544712826385E-4
10.0	27.273555090138213	16.681954367877616	24.78606472361095	31.25642694218584	0.00199887618738798
11.0	27.95694151592498	18.76839418488514	19.647319942292754	33.627344356897126	0.0
12.0	26.490161716098402	20.112025555136537	21.12336121031966	32.274229685662945	2.2183278244859028E-4
13.0	27.229160293837307	21.687347883334	18.09994369743801	32.98332646176081	2.2166362987493737E-4
14.0	31.27385654816529	18.562999020246757	20.332318113908507	29.83082631767945	0.0
15.0	29.714009584735358	18.6722791897751	18.99147481679501	32.62223640869453	0.0
16.0	30.16797669871923	17.789836279242973	18.875101411110666	33.16686394729725	2.2166362987493737E-4
17.0	29.95606626855879	18.524872875908265	20.103782911507444	31.414612953135872	6.649908896248121E-4
18.0	31.798312696449393	17.990885191539544	18.34643365385894	31.864368458152125	0.0
19.0	30.32158959422256	18.509799749076773	19.46605664835725	31.701889017453794	6.649908896248121E-4
20.0	30.85491228770166	17.655508119538762	19.704566714102683	31.784126224137392	8.866545194997495E-4
21.0	29.922151733187924	17.561744404101663	19.006991270886257	33.50822593730466	8.866545194997495E-4
22.0	29.076948312474787	18.643462917891355	19.909605571737004	32.36998319789686	0.0
23.0	29.748810774625724	17.50322520581468	19.913373853444874	32.832595193445854	0.0019949726688744365
24.0	30.39473859208129	18.20412560347923	18.713730288561713	32.68718385224789	2.2166362987493737E-4
25.0	29.580789743180517	17.968940492181922	19.19695700168908	33.25286943568873	4.4332725974987475E-4
26.0	31.349222182322766	17.59033901235553	20.37199590365612	30.687777910775953	6.649908896248121E-4
27.0	28.82070515633936	18.332912172436572	19.81296022911153	33.03297911485279	4.4332725974987475E-4
28.0	30.082636201217376	17.887146612758073	20.157647173567057	31.87234834882762	2.2166362987493737E-4
29.0	29.59311243715808	18.639777271397286	18.825532216734793	32.941356410097264	2.2166461257459014E-4
30.0	30.22448522680168	18.68234908151028	18.818676142321017	32.27249451920882	0.0019950301582058916
31.0	30.364018860437636	18.45875553920058	19.08987526130396	32.08579858701893	0.0015517520388913396
32.0	29.507480785388253	18.721139287369013	19.16561920153229	32.60576072571045	0.0
33.0	29.96403978237639	17.904508107676687	19.005041524961534	33.126410584985386	0.0
34.0	29.375259135424447	18.530039754422763	19.474789310428164	32.61880319897831	0.0011086007463100224
35.0	30.41283179938642	17.59459339291272	18.997599039615846	32.99497576808501	0.0
36.0	31.03139871450597	17.485878031578924	18.604511465547738	32.877766826778675	4.449615886908562E-4
37.0	29.230180127030632	19.05548518087283	19.666594684126515	32.04595899666728	0.0017810113027429799
38.0	30.791187047955187	18.56441931041859	19.026101061957156	31.618292579669067	0.0
39.0	30.193467460058837	18.817991491717144	19.339826888137953	31.648044568046174	6.695920398898298E-4
40.0	29.8024659812485	19.0404145681619	18.97653485030853	32.177670788589516	0.0029138116915573427
41.0	29.714974267728238	18.0236263921891	20.507888602349126	31.75260982668724	9.009110462955663E-4
42.0	28.911385540126773	19.061543154778718	18.991718169184356	33.03467522342866	6.779124814986385E-4
43.0	29.487438005668697	18.570998094573497	19.97163384091841	31.96993005883939	0.0
44.0	29.525764674089533	18.911277594464416	19.684978573910357	31.87775206596556	2.2709157013382506E-4
45.0	29.313974740359207	18.903534028136573	19.73656957781485	32.04478362698216	0.0011380267072107649
46.0	29.980777606253323	17.485309576309255	19.824148160647223	32.70953663313959	2.2802365061304157E-4
47.0	30.018886409778002	18.833427346699217	19.503472404603077	31.643071976176174	0.0011418627435307767
48.0	30.614765346262924	18.157762327325955	18.791967798005672	32.43436099167506	0.0011435367303997805
49.0	28.69143698870834	18.576825186647945	19.941491396669544	32.79024642797417	0.0
50.0	29.5965547670699	18.65761848733316	19.4798599110196	32.264588006030074	0.0013788285472662427
51.0	30.677774724703806	18.14518829128173	19.063034688821208	32.113771390439155	2.3090475409798215E-4
52.0	29.55273493718605	18.81679495631343	19.381099174551295	32.249138803517205	2.3212843201886741E-4
53.0	30.817941706254025	18.476252251579606	19.36755112135664	31.338254920809728	0.0
54.0	30.195701596081282	18.59212037405958	18.810790540698903	32.40068436965336	7.031195068788525E-4
55.0	29.32297379359692	18.44192647896474	18.212908783640653	34.02195557103786	2.3537275983975825E-4
56.0	29.001292359015917	18.145240362238546	20.782645059620986	32.07058595605034	2.3626307420786897E-4
57.0	27.903935097429677	19.314864659943893	19.275532640837064	33.50566760178937	0.0
58.0	30.60431165782364	18.027415357637594	21.563278912890066	29.804756462378133	2.3760927056330032E-4
59.0	28.857778964330322	21.086442471800837	20.5927783445685	29.46300021930034	0.0
60.0	31.288397906461146	18.91655054517246	19.407373355743584	30.387438766861557	2.3942576125420792E-4
61.0	28.960773834457587	21.24722547221139	19.27797277712778	30.513064956450147	9.629597530971194E-4
62.0	31.398589018205982	16.629844035340025	21.068688960728725	30.90263546565067	2.4252007459917496E-4
63.0	26.37885108799969	20.96651781342421	25.004651663826706	27.6499794347494	0.0
64.0	26.104248133665127	20.637565667338155	17.855591104791245	35.40185448512857	7.406090769048466E-4
65.0	27.59509800993539	19.534539915778158	18.918555684974464	33.95031309420701	0.001493295104978646
66.0	26.95940642967651	19.559335718781266	16.843736443944064	36.63476318118789	0.0027582264102686263
67.0	33.617053500435425	14.122398495576338	17.54445748614845	34.71356631706486	0.002524200774929638
68.0	34.293508970645014	15.616107018759475	23.27995520430366	26.808639023903822	0.0017897823880299352
69.0	31.813607032589154	17.000927823703012	20.35157703819803	30.833101814236063	7.86291273739444E-4
70.0	32.7029630049289	16.245821766472154	22.19477649991502	28.856438728683926	0.0
71.0	26.575229637057063	19.777972747945352	24.98057261544522	28.666224999552366	0.0
