# Position (bp)	A	C	G	T	N
0.0	26.19337554797857	22.004383828543595	27.98952752070141	23.812713102776424	0.0
1.0	23.971018022406234	20.59181685338529	14.9171943497321	40.51997077447638	0.0
2.0	27.856795526379774	21.152443471918307	17.924872355944565	33.065888645757354	0.0
3.0	24.85735097729756	20.80247662984096	15.551778560155396	38.78839383270608	0.0
4.0	34.1036965333656	13.848387682255431	14.646984088571601	37.40093169580737	0.0
5.0	36.031612980481384	14.148006226799186	23.003233145731052	26.81714764698839	0.0
6.0	32.35696037074446	16.683500683263027	21.644584397837324	29.314954548155193	0.0
7.0	35.97258331363744	16.816355471519735	19.74710470337982	27.46395651146301	0.0
8.0	26.241468580842554	24.22334666980466	21.575664862320547	27.95951988703224	0.0
9.0	29.768396364702433	18.880093814130753	17.713280562884783	33.638229258282024	0.0
10.0	27.273789356854955	16.963607687364917	24.481570185174366	31.28103277060576	0.0
11.0	28.14374745180267	17.362688566602596	20.571961092667017	33.92160288892772	0.0
12.0	26.281865164624584	19.25556007200511	22.176412519598166	32.28616224377214	0.0
13.0	26.67207604033847	22.110814883505274	18.598585835168656	32.6185232409876	0.0
14.0	31.11008272111992	18.615144328107828	19.80679123040435	30.467981720367902	0.0
15.0	31.184347223825466	18.786794413020893	19.785293778136904	30.243564585016735	0.0
16.0	30.439041253745103	17.849734961972803	19.37658446646693	32.33463931781517	0.0
17.0	31.4206864830679	17.852009429080663	19.829816592882192	30.89748749496924	0.0
18.0	31.340798162503592	17.588285960378983	19.41429801894918	31.656617858168246	0.0
19.0	30.657728887361063	19.141744012833733	19.307895038386615	30.892632061418585	0.0
20.0	30.391764369459533	17.632256219616814	19.56534172147555	32.410637689448095	0.0
21.0	29.7596620425872	17.383113546840214	20.163269966318435	32.69395444425415	0.0
22.0	29.409751924721984	18.962075848303392	19.429712004562305	32.198460222412315	0.0
23.0	29.25162319170748	18.088620571819114	21.124273835288758	31.535482401184645	0.0
24.0	29.990329370271347	18.2888673986006	20.097844018431083	31.622959212696966	0.0
25.0	29.581865697079877	18.639927280990797	19.509146687876378	32.269060334052945	0.0
26.0	29.960272417707152	18.059023836549375	19.89216799091941	32.088535754824065	0.0
27.0	29.624170965364776	18.491015248568676	20.31063998639533	31.574173799671218	0.0
28.0	30.57912000904875	18.176676846510574	20.235267503676056	31.00893564076462	0.0
29.0	29.571896532248953	19.004857110583984	19.541398396023947	31.881847961143116	0.0
30.0	29.604928502797716	18.979257333408693	19.96834906460182	31.447465099191767	0.0
31.0	29.989816700610998	17.832088707852456	19.46141661009278	32.716677981443766	0.0
32.0	29.601313852078377	18.082455544229244	19.877675840978593	32.438554762713785	0.0
33.0	28.98296451412078	18.10515592280265	20.85007640500311	32.06180315807346	0.0
34.0	29.50995925758262	18.21525577184246	19.89588048890901	32.37890448166591	0.0
35.0	29.82714650042505	17.738736185888353	19.710966279399265	32.72315103428733	0.0
36.0	30.358357904286688	17.163755953731005	20.095259696076205	32.3826264459061	0.0
37.0	29.7884440400364	19.460873521383075	19.14240218380346	31.60828025477707	0.0
38.0	29.67583888793938	18.173531590041588	20.002278812738563	32.148350709280464	0.0
39.0	29.928714000570288	18.22070145423439	20.165383518676933	31.68520102651839	0.0
40.0	30.12564249000571	17.49286122215877	19.87435750999429	32.507138777841234	0.0
41.0	30.046304235980102	18.127250900360146	19.99085348425084	31.835591379408907	0.0
42.0	30.268199233716476	18.676731286098246	19.019843312174757	32.035226168010524	0.0
43.0	30.415880098392538	17.84794920199073	19.81580001144099	31.92037068817573	0.0
44.0	29.573188198224003	18.166714408478946	19.541678602119735	32.718418791177314	0.0
45.0	30.09641873278237	18.17033976124885	20.37993572084481	31.35330578512397	0.0
46.0	30.266260279487035	18.08039565242395	19.29380642935189	32.35953763873714	0.0
47.0	29.49205252246026	18.377102050218845	20.24303155954849	31.8878138677724	0.0
48.0	30.5928443855505	18.004263409575387	19.39275220372184	32.01014000115227	0.0
49.0	29.7874791222715	18.971375914300523	18.890744686978056	32.35040027644992	0.0
50.0	29.898453727209784	18.630279252250173	19.489960766212786	31.981306254327258	0.0
51.0	29.358063211417345	18.420292367250248	19.899462645172473	32.32218177615994	0.0
52.0	29.4819793718855	17.78305713292386	20.089233978444778	32.64572951674586	0.0
53.0	29.522926207176397	18.28879485247232	19.8249376847719	32.363341255579385	0.0
54.0	29.457499274731653	18.60168262257035	20.034812880765884	31.906005221932116	0.0
55.0	29.86590816741162	18.18076275613862	18.85412433969931	33.09920473675045	0.0
56.0	29.82354306942187	17.43673090318087	19.839795681448805	32.899930345948455	0.0
57.0	29.45177605953142	17.84198593105052	19.73722457996628	32.96901342945178	0.0
58.0	29.668411867364746	17.8999418266434	19.80802792321117	32.62361838278069	0.0
59.0	29.090274140038414	17.9558814970025	20.225830859670566	32.728013503288516	0.0
60.0	30.134032634032632	18.03030303030303	19.696969696969695	32.13869463869464	0.0
61.0	29.935227869522084	18.655540643053044	19.991830542101884	31.41740094532299	0.0
62.0	28.909537166900424	18.863955119214587	19.962599345488545	32.26390836839645	0.0
63.0	29.120589784096897	18.231817915862152	20.004680826165817	32.64291147387514	0.0
64.0	29.335285505124453	19.021961932650072	19.601756954612007	32.04099560761347	0.0
65.0	29.420035149384887	17.59226713532513	20.193321616871703	32.794376098418276	0.0
66.0	29.728620831135338	18.92620596682492	19.87573999179415	31.46943321024559	0.0
67.0	29.57011318984224	18.479854553985103	20.36830684417336	31.581725411999294	0.0
68.0	30.281317906853822	17.525107182709814	19.745110706524933	32.448464203911435	0.0
69.0	30.30142781597039	18.502849756154884	19.854280510018217	31.34144191785651	0.0
70.0	29.50414681489324	17.357802482206928	20.422328098347155	32.715722604552674	0.0
71.0	29.605650382577984	18.493231312536786	19.947027663331372	31.954090641553854	0.0
72.0	29.82208082950395	18.068811122893838	20.40179097443148	31.70731707317073	0.0
73.0	29.28828350728227	18.179137920867976	19.612005424848164	32.92057314700159	0.0
74.0	28.94985250737463	19.008849557522122	20.224188790560472	31.817109144542773	0.0
75.0	29.401699315553458	18.757375501534103	19.61883408071749	32.22209110219495	0.0
76.0	28.7562776957164	18.688330871491875	19.22599704579025	33.32939438700148	0.0
77.0	29.133392487429756	18.101153504880212	20.17746228926353	32.5879917184265	0.0
78.0	28.954375998579795	19.078051955737028	19.202319663885437	32.76525238179774	0.0
79.0	30.43761473322674	18.73630603422751	18.155977971220466	32.67010126132528	0.0
80.0	30.014216325079968	18.46345219760692	19.950242862220115	31.572088615092998	0.0
81.0	29.74222222222222	19.152592592592594	19.79259259259259	31.31259259259259	0.0
82.0	29.985185185185188	18.666666666666668	18.820740740740742	32.5274074074074	0.0
83.0	30.49662202204575	18.181818181818183	19.135948796965746	32.18561099917032	0.0
84.0	29.546802704947204	18.970221853126112	19.854075216514413	31.628900225412266	0.0
85.0	29.593592405814302	18.380302580836545	19.81607831504005	32.21002669830911	0.0
86.0	29.983359087127067	17.63342446214192	19.969095447521692	32.41412100320932	0.0
87.0	29.081177520071368	18.614332441272673	20.047576568539995	32.25691347011597	0.0
88.0	29.6703950499762	19.092099000475965	18.96715849595431	32.27034745359353	0.0
89.0	28.975243989526305	19.06688883599143	19.703641990002378	32.254225184479886	0.0
90.0	30.63642317080431	19.062927903792342	19.25939155801631	31.041257367387033	0.0
91.0	29.796234509056248	18.61296472831268	19.524547187797904	32.066253574833176	0.0
92.0	29.58216606067831	18.114084758896105	19.413482744233175	32.890266436192405	0.0
93.0	29.59074096169908	18.309270970051305	19.753012766972915	32.3469753012767	0.0
94.0	29.204226613336516	18.20786818697391	19.377947585218795	33.209957614470774	0.0
95.0	30.12364852756705	18.374051729287377	20.02867212233439	31.473627620811186	0.0
96.0	30.471692473246847	18.92150415495905	19.674777306151732	30.932026065642376	0.0
97.0	29.32942513608901	19.22593766824191	18.496141652210323	32.948495543458755	0.0
98.0	30.376714379828712	17.691800922321374	20.48272144696652	31.448763250883395	0.0
99.0	29.831605441361543	18.026008269910708	19.979624857673638	32.162761431054115	0.0
100.0	29.769480129667425	18.75975507263777	19.161964221395124	32.308800576299674	0.0
101.0	30.65816387919625	18.04235350739983	19.438094092167006	31.861388521236915	0.0
102.0	29.66648573668657	18.515167963331525	19.968638803449732	31.849707496532176	0.0
103.0	29.60971483808603	18.0401159980667	19.810294828419526	32.53987433542774	0.0
104.0	30.025429886170983	17.849358198110924	20.210704771131024	31.914507144587066	0.0
105.0	29.945388349514563	18.646844660194176	19.92718446601942	31.480582524271846	0.0
106.0	30.18833535844471	18.90643985419198	19.678007290400974	31.227217496962332	0.0
107.0	30.308010713416117	17.543218894570245	19.68590211833455	32.462868273679085	0.0
108.0	29.347560975609753	19.225609756097562	20.70731707317073	30.71951219512195	0.0
109.0	29.011365025051937	18.14126848344128	19.67493584260051	33.17243064890627	0.0
110.0	29.917982617211408	18.17847961806831	20.32072469090464	31.582813073815647	0.0
111.0	29.37174379405455	18.559607722954336	20.404535703340485	31.664112779650626	0.0
112.0	29.94284309507713	18.622088378096	18.468440784217318	32.96662774260955	0.0
113.0	30.71569352057157	18.280364621828035	19.352057156935206	31.65188470066519	0.0
114.0	30.858024691358025	18.055555555555554	19.43827160493827	31.64814814814815	0.0
115.0	29.314186679871256	18.389452834860116	20.14112404060411	32.15523644466452	0.0
116.0	30.161290322580648	18.207196029776675	20.45285359801489	31.178660049627794	0.0
117.0	30.47749316090525	18.446903755284755	20.41780651579209	30.657796568017908	0.0
118.0	29.458668161714318	18.17105836915218	19.385784588550425	32.984488880583065	0.0
119.0	29.779136511105563	18.9980034938857	19.82156226603444	31.401297728974292	0.0
120.0	30.005626054885294	18.665999874976556	20.053760080015003	31.274613990123147	0.0
121.0	29.39739413680782	17.927837634678028	19.894763217238786	32.78000501127537	0.0
122.0	28.781986954340187	19.631209232313097	19.49322629202208	32.09357752132463	0.0
123.0	29.84362243295861	18.31941217107329	19.07303900018841	32.76392639577969	0.0
124.0	29.322598905591548	18.15837474054972	19.491791936599785	33.02723441725895	0.0
125.0	29.321649224561845	18.433993191274745	19.581389484302107	32.6629680998613	0.0
126.0	29.624012638230646	18.704581358609794	19.93680884676145	31.734597156398102	0.0
127.0	29.1780041764222	18.57875087008796	19.55324938302854	32.689995570461306	0.0
128.0	28.719021360207897	18.11497749889079	20.796095582176584	32.369905558724724	0.0
129.0	29.465590646247698	18.11654063671602	20.08006608629345	32.337802630742836	0.0
130.0	29.92742551566081	18.506493506493506	19.168576521517696	32.39750445632799	0.0
131.0	29.90361907193464	18.031531244016087	20.303823322908023	31.761026361141255	0.0
132.0	29.84061959930871	17.743071113102477	20.431415221148306	31.984894066440507	0.0
133.0	30.417495029821072	18.835374847688065	18.668633361123582	32.07849676136728	0.0
134.0	30.201773550957462	18.313841408559313	20.048836910422825	31.435548130060404	0.0
135.0	30.510112070076	18.498003349220664	19.45124307613036	31.540641504572974	0.0
136.0	29.836679362210315	19.01749402879091	19.540378284165	31.605448324833773	0.0
137.0	29.309006211180122	18.316511387163562	19.47463768115942	32.899844720496894	0.0
138.0	29.084776545371994	18.90769929298826	19.56930660958682	32.438217552052926	0.0
139.0	28.89914218871848	18.904341044970106	19.547699506108657	32.648817260202755	0.0
140.0	29.775171065493645	18.605408927989572	19.146301726946888	32.47311827956989	0.0
141.0	29.141886151231944	18.48245212731194	20.325468923599765	32.05019279785635	0.0
142.0	29.952134286276312	18.038161432037246	20.365877647367387	31.643826634319062	0.0
143.0	29.86714022625625	18.94238358326756	20.165745856353592	31.024730334122598	0.0
144.0	30.59731012658228	18.400580168776372	19.89715189873418	31.104957805907173	0.0
145.0	29.331306990881462	18.75247786441126	19.366988238403597	32.54922690630369	0.0
146.0	29.637738853503187	18.205944798301484	20.488322717622083	31.66799363057325	0.0
147.0	30.19709681715275	18.591024104408042	19.25023305366893	31.961646024770275	0.0
148.0	29.636060100166944	18.110183639399	19.6661101836394	32.587646076794655	0.0
149.0	29.37788789928347	18.737025380030804	19.942409428781893	31.942677291903838	0.0
150.0	29.59731543624161	18.322147651006713	20.288590604026847	31.79194630872483	0.0
151.0	29.113327044872662	18.31963347257782	19.835601670933837	32.731437811615685	0.0
152.0	30.238529630380427	17.91337252517062	20.143252922494764	31.704844921954184	0.0
153.0	29.449640775382946	18.67290226379287	20.604581808323168	31.27287515250102	0.0
154.0	29.724957555178268	18.32937181663837	20.054329371816635	31.891341256366722	0.0
155.0	29.94484918635528	17.117178457138966	20.16068632123647	32.777286035269285	0.0
156.0	29.971988795518207	18.043314886930382	20.31153924984628	31.673157067705134	0.0
157.0	30.10406682185403	19.25236204299603	18.868957962481172	31.774613172668765	0.0
158.0	29.39439714364186	18.538862949739084	19.568799780280145	32.49794012633892	0.0
159.0	29.991053609524464	18.202463698300186	19.799050306241828	32.00743238593352	0.0
160.0	29.123533471359558	18.143547273982055	19.32367149758454	33.40924775707384	0.0
161.0	29.1124342287455	18.055940182774854	20.735253392412073	32.09637219606758	0.0
162.0	30.603029039877725	18.250659997221064	19.556759761011534	31.589551201889677	0.0
163.0	29.258098223615463	18.51619644723093	19.74921630094044	32.476489028213166	0.0
164.0	29.914768757859438	17.61911415397513	20.224954589911974	32.24116249825346	0.0
165.0	28.506343309735755	18.917782294806194	20.45279315903834	32.12308123641971	0.0
166.0	29.848229342327148	18.345980888139405	19.118887015177066	32.68690275435638	0.0
167.0	28.047921071176884	18.90063424947146	20.25369978858351	32.79774489076815	0.0
168.0	29.50692285956485	18.303192992370725	19.567674484317603	32.62220966374682	0.0
169.0	29.696797959761973	18.284216491924056	19.658543496741288	32.36044205157268	0.0
170.0	28.967379717148745	19.508208371828584	19.9985786369128	31.52583327410987	0.0
171.0	30.206178212170936	17.928230006420776	19.868730826853106	31.996860954555185	0.0
172.0	27.91696492483894	19.656406585540445	19.8067287043665	32.61989978525411	0.0
173.0	30.12498204280994	18.20140784370062	19.817554949001583	31.856055164487863	0.0
174.0	29.649653979238757	19.45645905420992	19.463667820069205	31.430219146482123	0.0
175.0	29.272174793806975	18.67312979308349	19.201273332368686	32.85342208074085	0.0
176.0	28.659554394368243	18.491907975905363	20.30626315407504	32.542274475651354	0.0
177.0	29.655523996795573	18.607530405651445	19.474182506736582	32.2627630908164	0.0
178.0	29.00043840420868	18.21569487067076	19.55282770714599	33.231039017974574	0.0
179.0	29.923686527737015	18.30055767537423	19.525975931904902	32.24977986498386	0.0
180.0	29.710411907744454	18.67953724854469	20.698548375211846	30.911502468499002	0.0
181.0	30.190215380060692	19.102953149285767	19.213973799126638	31.492857671526902	0.0
182.0	30.25103980986334	17.713903743315505	20.016339869281047	32.018716577540104	0.0
183.0	29.22102124487514	19.150204994409243	20.223630264629147	31.405143496086467	0.0
184.0	29.560266686643192	18.405873099108547	19.237396059629937	32.79646415461832	0.0
185.0	29.51707537234843	18.42936663156311	20.29486986610501	31.758688129983454	0.0
186.0	30.0346960325841	18.554834816714436	19.30909639462966	32.101372756071804	0.0
187.0	29.074256301566876	19.74112482022557	18.976610400423887	32.208008477783665	0.0
188.0	28.696313188901556	17.74230330672748	21.087039148612693	32.47434435575827	0.0
189.0	29.209963325183374	18.94865525672372	20.155867970660147	31.68551344743276	0.0
190.0	30.57686406873274	18.786437557532988	19.576557226142988	31.060141147591285	0.0
191.0	29.620194534506716	18.75868457619268	19.50748803458391	32.11363285471669	0.0
192.0	29.472868217054266	18.88372093023256	20.25581395348837	31.387596899224807	0.0
193.0	29.77146868419	17.39333905311598	19.57725606426956	33.25793619842446	0.0
194.0	30.581304006284366	18.46818538884525	19.450117831893166	31.50039277297722	0.0
195.0	29.40990599573426	18.721857966664032	20.246464965637095	31.62177107196461	0.0
196.0	28.963438813545878	17.860258545483383	19.50194305654691	33.674359584423826	0.0
197.0	29.20685532084496	17.791948983658827	20.470306895177362	32.530888800318856	0.0
198.0	29.8370917261857	18.369312254233208	20.231121097825213	31.56247492175588	0.0
199.0	30.482190453113645	18.55262095145788	19.433002180760845	31.532186414667635	0.0
200.0	29.218040233614534	18.259247242050616	20.149253731343283	32.37345879299156	0.0
201.0	30.572313712701778	17.6667210174466	20.357084624164358	31.403880645687266	0.0
202.0	30.516123738409778	19.126938541068352	18.806925412324606	31.55001230819726	0.0
203.0	30.494346785507965	17.718907320293802	19.608814062886854	32.177931831311376	0.0
204.0	30.36114570361146	18.439186384391864	19.319219593192198	31.880448318804483	0.0
205.0	29.493279906503044	19.525836881208782	19.024960347274398	31.955922865013775	0.0
206.0	28.79233549037734	18.19480628624254	19.94285234053282	33.0700058828473	0.0
207.0	30.449124587668102	17.846570244438805	19.225238941047113	32.47906622684597	0.0
208.0	29.044867437117606	19.017675050985723	19.714479945615228	32.22297756628144	0.0
209.0	29.575778309955524	17.935340403694834	19.885391720834757	32.603489565514884	0.0
210.0	29.987107864202837	18.4959174903309	19.92264718521702	31.59432746024925	0.0
211.0	29.269347168179856	18.815391266753135	19.56766104626027	32.34760051880674	0.0
212.0	28.23816155988858	18.985027855153202	20.56058495821727	32.21622562674094	0.0
213.0	29.72641178533848	19.370396352157137	18.975797965626096	31.927393896878286	0.0
214.0	29.334864411271088	18.62026322763007	18.62909636957866	33.415775991520185	0.0
215.0	30.522480895681536	18.35791718500089	19.939577039274926	31.18002488004265	0.0
216.0	29.331306990881462	19.488646522438763	19.354550330770607	31.82549615590917	0.0
217.0	29.664598507328478	19.02706591133891	19.06303389982915	32.24530168150346	0.0
218.0	29.663774403470715	18.275488069414315	19.667389732465654	32.393347794649316	0.0
219.0	29.92900054614965	18.259603131257965	20.089204442017113	31.72219188057528	0.0
220.0	31.141836828129293	18.826114824649757	18.78948814211153	31.24256020510942	0.0
221.0	29.186646993729255	18.434157137587608	20.001844337882698	32.37735153080044	0.0
222.0	29.903327756088494	17.549730433166015	20.338352853690278	32.20858895705521	0.0
223.0	29.351184346035016	18.781013013762756	19.63299316543395	32.23480947476828	0.0
224.0	29.208714514759976	18.26841459964161	20.739413373573516	31.7834575120249	0.0
225.0	28.957125202015398	18.366764901606615	20.410685426371327	32.26542447000666	0.0
226.0	30.22698975193947	18.705104875011973	18.829614021645437	32.23829135140312	0.0
227.0	29.781684698608963	18.817619783616692	19.117078825347757	32.283616692426584	0.0
228.0	30.518720748829953	18.43798751950078	19.569032761310453	31.474258970358814	0.0
229.0	29.67076167076167	18.23095823095823	19.626535626535627	32.47174447174447	0.0
230.0	29.160063391442154	18.532091917591124	20.25554675118859	32.05229793977813	0.0
231.0	28.81254369319884	19.304903625287125	19.724358334165583	32.15819434734845	0.0
232.0	29.391619661563258	18.090249798549557	19.550765511684126	32.96736502820306	0.0
233.0	29.515016233766232	17.94845779220779	19.389204545454543	33.14732142857143	0.0
234.0	29.69647251845775	18.898687448728467	19.308859721082854	32.095980311730926	0.0
235.0	29.95458298926507	17.73327828241123	19.9009083402147	32.411230388109004	0.0
236.0	30.297650130548305	18.234986945169712	19.95822454308094	31.509138381201048	0.0
237.0	29.871226514671733	18.334388853704876	20.466540004222082	31.32784462740131	0.0
238.0	29.507846695847125	18.55449983986335	18.618554499839863	33.31909896444966	0.0
239.0	29.757150566648676	18.33783054506206	20.248246087425795	31.656772800863465	0.0
240.0	30.08068033144352	17.956825119930222	19.76668120366332	32.19581334496293	0.0
241.0	30.702429372320545	17.74211278443443	19.742772342530504	31.812685500714522	0.0
242.0	31.128620574852956	18.111197425368992	20.39729219842415	30.362889801353898	0.0
243.0	30.590079498376443	18.36300526256858	19.18038293584145	31.866532303213525	0.0
244.0	29.531568228105908	17.515274949083505	20.491061326091874	32.46209549671871	0.0
245.0	29.446730681298583	17.729766803840878	20.919067215363512	31.90443529949703	0.0
246.0	29.842810910772076	19.25566343042071	19.602404068423485	31.299121590383727	0.0
247.0	30.07123671610417	17.86756977694733	20.436762816769825	31.624430690178674	0.0
248.0	30.00945179584121	17.745746691871457	19.813327032136105	32.43147448015123	0.0
249.0	28.763022392527844	18.476829122260806	20.368818105616093	32.39133037959526	0.0
250.0	30.77203204661326	17.771303714493808	18.803107550376303	32.65355668851663	0.0
251.0	30.11307767944936	18.006391347099314	20.13274336283186	31.747787610619472	0.0
252.0	29.497206703910617	19.19304779639975	18.93234016139044	32.37740533829919	0.0
253.0	29.73143361492876	19.392258227209684	18.913125709242216	31.963182448619342	0.0
254.0	29.886087290413414	18.584410597721746	19.74913605529246	31.78036605657238	0.0
255.0	30.491123493585594	18.802643514319037	19.33393805883115	31.37229493326422	0.0
256.0	28.700550170290807	17.893633743777837	19.688236835210898	33.71757925072046	0.0
257.0	29.907407407407405	17.910052910052908	20.145502645502646	32.03703703703704	0.0
258.0	29.45205479452055	18.31856030083266	19.540692989524576	32.68869191512221	0.0
259.0	28.962045980138758	18.78655965174806	19.86124336824922	32.39015099986396	0.0
260.0	28.575365114356572	19.30283824745109	20.25351336456324	31.8682832736291	0.0
261.0	29.004752585965893	18.912496505451497	20.044730220855467	32.03802068772715	0.0
262.0	29.56570943556373	18.404300466826992	19.238930541802233	32.791059555807045	0.0
263.0	29.189964157706093	18.652329749103945	20.272401433691755	31.88530465949821	0.0
264.0	31.282722513089006	17.77196044211751	18.848167539267017	32.09714950552647	0.0
265.0	29.710572947430595	19.21145894861193	19.28529238038984	31.792675723567633	0.0
266.0	30.336235364755325	17.727409186430503	20.054037826478535	31.882317622335638	0.0
267.0	29.799602264035492	18.770078017439193	19.596145020651676	31.834174697873642	0.0
268.0	29.101684341859013	18.418590143480973	20.25888958203369	32.22083593262632	0.0
269.0	29.25515055467512	17.939778129952458	20.095087163232964	32.70998415213946	0.0
270.0	30.535943517329912	18.3408215661104	19.83311938382542	31.290115532734276	0.0
271.0	29.257996427991557	18.817989933430752	18.753044325377495	33.170969313200196	0.0
272.0	29.935781327185907	17.931829408858885	19.990120204182446	32.142269059772765	0.0
273.0	30.0418410041841	19.531380753138077	18.86192468619247	31.564853556485357	0.0
274.0	29.553206002728512	19.133697135061393	18.60504774897681	32.70804911323329	0.0
275.0	30.630003480682216	18.34319526627219	19.54403063000348	31.482770623042118	0.0
276.0	29.435770049680627	18.985095812633073	19.499645138396026	32.07948899929028	0.0
277.0	28.517384255089173	18.1949198342641	19.65411637542785	33.63357953521888	0.0
278.0	29.836186269096267	18.185164734032764	19.418369225105835	32.56027977176514	0.0
279.0	30.64272211720227	18.82797731568998	19.848771266540645	30.680529300567105	0.0
280.0	29.06774753908512	18.66435051148427	19.301293186643505	32.96660876278711	0.0
281.0	30.36978756884343	18.469708890637293	20.121951219512198	31.038552321007078	0.0
282.0	29.538645895745958	18.793688835630117	19.732374675454363	31.93529059316956	0.0
283.0	31.0	19.020408163265305	19.26530612244898	30.714285714285715	0.0
284.0	30.254711120314763	18.223234624145785	19.051563470697864	32.47049078484158	0.0
285.0	30.18311934329615	19.44853715007367	19.238055146284992	31.130288360345194	0.0
286.0	29.870689655172413	18.426724137931032	20.36637931034483	31.336206896551722	0.0
287.0	31.073943661971832	19.036091549295776	20.400528169014084	29.48943661971831	0.0
288.0	30.760626398210288	20.22371364653244	18.053691275167786	30.961968680089484	0.0
289.0	30.15728288124003	21.335764759516753	17.46067927968999	31.046273079553227	0.0
290.0	29.484200743494426	18.23884758364312	21.631040892193308	30.645910780669144	0.0
291.0	29.196217494089833	18.983451536643024	22.4822695035461	29.338061465721037	0.0
292.0	26.14977124969901	19.528052010594752	19.40765711533831	34.91451962436793	0.0
293.0	27.109471094710948	19.630996309963102	17.859778597785976	35.399753997539975	0.0
294.0	27.192540322580644	20.23689516129032	16.784274193548388	35.78629032258064	0.0
295.0	29.29919834497026	16.239979312128263	15.877941556762348	38.58288078613912	0.0
296.0	36.70718816067654	14.059196617336154	19.71458773784355	29.519027484143763	0.0
297.0	34.755434782608695	15.570652173913043	21.086956521739133	28.586956521739133	0.0
298.0	34.841247541444226	16.63388592301208	20.314695139084012	28.210171396459682	0.0
299.0	29.89918084436043	19.691241335853814	21.89666036546944	28.512917454316323	0.0
300.0	26.198347107438018	17.1900826446281	20.08264462809917	36.52892561983471	0.0
