# Position (bp)	A	C	G	T	N
0.0	68.92613741020446	9.522932400073678	10.388653527353103	11.16227666236876	0.0
1.0	10.922821882482962	69.57082335605084	10.167618345920058	9.33873641554614	0.0
2.0	14.870295944464743	64.9251004749726	7.069784435513336	13.134819145049322	0.0
3.0	69.45759009828905	9.173643975245723	9.06443392792137	12.304331998543866	0.0
4.0	68.57038923244816	8.548563113859585	8.493997817388141	14.387049836304111	0.0
5.0	12.288674786402472	65.51536084348301	8.834757316851482	13.361207053263044	0.0
6.0	13.520871143375683	64.55535390199637	8.911070780399275	13.012704174228675	0.0
7.0	69.35074356184259	10.029017047515415	8.57816467174465	12.042074718897352	0.0
8.0	68.9980068853053	10.744700126834573	8.679108534154738	11.578184453705381	0.0
9.0	12.66304347826087	63.4963768115942	8.822463768115941	15.018115942028986	0.0
10.0	13.036393264530147	7.314865109541915	8.799565453557848	70.8491761723701	0.0
11.0	11.79236751672997	8.952794357026587	8.175076867426299	71.07976125881714	0.0
12.0	12.764036829752662	8.37696335078534	8.900523560209423	69.95847625925258	0.0
13.0	12.558558558558557	63.06306306306306	9.585585585585585	14.792792792792792	0.0
14.0	13.527612880014392	8.580679978413382	64.0402950170894	13.85141212448282	0.0
15.0	65.38737446197992	9.433285509325682	9.110473457675754	16.06886657101865	0.0
16.0	11.772083855939796	10.53574628202831	9.819028847876725	67.87314101415517	0.0
17.0	13.81284666308821	61.72839506172839	9.232420826623725	15.22633744855967	0.0
18.0	11.704789135096497	9.864188706218728	10.543245175125088	67.88777698355969	0.0
19.0	13.497589716122121	64.20282092483485	8.801999642920908	13.497589716122121	0.0
20.0	13.936909641775086	9.05364462662627	9.018000356442702	67.99144537515595	0.0
21.0	13.35348506401138	9.441678520625889	11.041963015647225	66.16287339971551	0.0
22.0	12.2202486678508	8.170515097690942	62.98401420959148	16.625222024866783	0.0
23.0	14.534161490683232	9.06832298136646	8.322981366459627	68.07453416149069	0.0
24.0	67.44639376218323	8.187134502923977	8.718766613503455	15.647705121389333	0.0
25.0	14.503276075792456	8.960510005312555	61.820435629537805	14.715778289357182	0.0
26.0	67.71054493984431	8.775654635527246	7.767162066525124	15.746638358103326	0.0
27.0	12.365115867680878	11.852113921811428	6.580576684946046	69.20219352556165	0.0
28.0	12.50442164839052	62.23912274495932	7.074637424831977	18.181818181818183	0.0
29.0	15.541018387553041	6.453323903818953	7.62022630834512	70.38543140028288	0.0
30.0	14.526129317980512	8.733392382639504	61.04517271922055	15.695305580159433	0.0
31.0	13.664596273291925	8.234250221827862	8.039041703637977	70.06211180124224	0.0
32.0	13.322660974742085	9.800782639630025	7.861970828886518	69.01458555674137	0.0
33.0	14.308681672025724	62.86173633440515	7.484816005716327	15.344765987852805	0.0
34.0	15.8290109103917	8.67465569665534	8.585226256483635	66.91110713646933	0.0
35.0	12.936124530327428	62.24727142601538	9.214528538200035	15.602075505457147	0.0
36.0	13.81720430107527	8.405017921146953	8.99641577060932	68.78136200716845	0.0
37.0	68.2659478885894	8.930817610062892	9.919137466307278	12.884097035040432	0.0
38.0	69.150467962563	9.84521238300936	7.271418286537077	13.732901367890568	0.0
39.0	69.33597264711176	9.555515565952852	6.568292244016556	14.540219542918841	0.0
40.0	12.836252031052537	62.14118071854126	10.001805380032497	15.020761870373715	0.0
41.0	14.816839803171131	7.362857663568434	64.71660287953344	13.103699653726991	0.0
42.0	69.50615017440794	7.802460069763173	8.683679089407013	14.007710666421882	0.0
43.0	68.86514369933677	9.174649963154016	9.008843036109065	12.951363301400148	0.0
44.0	13.636363636363635	63.98886827458256	7.365491651205937	15.009276437847866	0.0
45.0	23.013923013923012	10.237510237510238	11.138411138411138	55.61015561015561	0.0
46.0	31.370999604899247	15.408929276965628	18.293164757013038	34.926906361122086	0.0
47.0	31.01424979044426	18.273260687342834	18.23134953897737	32.48113998323554	0.0
48.0	27.85774767146486	21.337849280270955	17.231160033869603	33.573243014394585	0.0
49.0	26.27551020408163	20.3656462585034	19.17517006802721	34.183673469387756	0.0
50.0	26.05543710021322	23.198294243070364	18.123667377398718	32.6226012793177	0.0
51.0	27.79675491033305	17.719897523484203	17.378309137489325	37.105038428693426	0.0
52.0	28.51646002565199	16.631038905515176	19.452757588713126	35.39974348011971	0.0
53.0	30.453378956372966	18.17792985457656	21.899059024807528	29.46963216424294	0.0
54.0	29.08622908622909	20.463320463320464	20.84942084942085	29.601029601029598	0.0
55.0	31.443298969072163	17.826460481099655	19.630584192439862	31.099656357388316	0.0
56.0	27.13546160483175	18.852459016393443	20.92320966350302	33.088869715271784	0.0
57.0	30.809173517957593	18.476849848550412	20.33751622674167	30.376460406750322	0.0
58.0	29.49108307959983	18.39930404523706	19.573727707699	32.535885167464116	0.0
59.0	26.0339573356552	20.67914671310405	20.505006530256857	32.78188942098389	0.0
60.0	27.450980392156865	17.29847494553377	21.568627450980394	33.68191721132898	0.0
61.0	27.673505019642075	18.81274552597119	21.649934526407684	31.86381492797905	0.0
62.0	28.496503496503493	20.454545454545457	22.63986013986014	28.40909090909091	0.0
63.0	32.12253829321663	18.38074398249453	20.525164113785557	28.971553610503282	0.0
64.0	29.714285714285715	17.054945054945055	21.53846153846154	31.692307692307693	0.0
65.0	27.360988526037072	19.858781994704326	22.90379523389232	29.876434245366283	0.0
66.0	30.23461708720673	16.201859229747676	20.495794599380257	33.067729083665334	0.0
67.0	29.65914121292607	17.352810978308987	19.876051350154935	33.11199645861001	0.0
68.0	25.36520584329349	20.54006197432492	19.61044710048694	34.48428508189465	0.0
69.0	26.67257421355782	17.45680106335844	22.19760744350908	33.67301727957466	0.0
70.0	27.543314082629944	19.857840959573522	19.102621057307864	33.49622390048867	0.0
71.0	26.977777777777778	19.68888888888889	22.755555555555556	30.577777777777776	0.0
72.0	28.055307760927743	19.000892060660124	19.313113291703836	33.6306868867083	0.0
73.0	29.382826475849733	18.64937388193202	19.94633273703041	32.021466905187836	0.0
74.0	30.76229138475417	16.23815967523681	22.73342354533153	30.26612539467749	0.0
75.0	29.73826714801444	21.25451263537906	20.12635379061372	28.880866425992778	0.0
76.0	29.06292440018108	20.68809416025351	19.10366681756451	31.145314622000907	0.0
77.0	31.5765561108587	18.58246251703771	17.037710131758292	32.803271240345296	0.0
78.0	30.36697247706422	20.412844036697248	17.477064220183486	31.743119266055047	0.0
79.0	28.650137741046834	21.120293847566572	18.044077134986225	32.18549127640037	0.0
80.0	29.609195402298848	17.14942528735632	21.793103448275865	31.448275862068964	0.0
81.0	26.770929162833486	19.733210671573136	18.12327506899724	35.37258509659614	0.0
82.0	31.523239760699497	17.85549930971008	20.846755637367696	29.774505292222734	0.0
83.0	29.53081876724931	19.641214351425944	20.83716651333947	29.990800367985283	0.0
84.0	28.169663439372982	20.74688796680498	19.824804057169203	31.258644536652834	0.0
85.0	32.286374133949195	16.951501154734412	19.861431870669747	30.90069284064665	0.0
86.0	29.23219241443108	18.501387604070306	22.432932469935245	29.833487511563366	0.0
87.0	31.11419325011558	18.354137771613498	21.68284789644013	28.84882108183079	0.0
88.0	34.36632747456059	17.34505087881591	17.437557816836264	30.851063829787233	0.0
89.0	31.310792033348772	16.35016211208893	17.415470125057897	34.9235757295044	0.0
90.0	31.307977736549162	16.65120593692022	20.408163265306122	31.63265306122449	0.0
91.0	29.96272134203169	20.829450139794968	17.148182665424045	32.059645852749306	0.0
92.0	31.18881118881119	19.3006993006993	16.736596736596738	32.773892773892776	0.0
93.0	33.069399161620865	16.860735910572895	19.329296693060083	30.740568234746156	0.0
94.0	30.074487895716945	18.109869646182496	20.065176908752328	31.750465549348235	0.0
95.0	31.424581005586592	17.50465549348231	19.50651769087523	31.564245810055862	0.0
96.0	30.181648812296224	17.27992547741034	19.142990218910107	33.395435491383324	0.0
97.0	29.42271880819367	17.225325884543764	19.692737430167597	33.659217877094974	0.0
98.0	29.939280709948623	19.89724427837459	19.71041569360112	30.453059318075663	0.0
99.0	30.341280972417017	19.448340345956055	18.326320710612436	31.88405797101449	0.0
100.0	31.596244131455396	15.11737089201878	19.906103286384976	33.38028169014085	0.0
101.0	31.294117647058822	18.729411764705883	19.294117647058822	30.68235294117647	0.0
102.0	32.06831119544592	15.085388994307399	21.01518026565465	31.831119544592028	0.0
103.0	26.08488316642823	17.97806390081068	22.603719599427755	33.33333333333333	0.0
104.0	26.842105263157894	17.942583732057415	21.24401913875598	33.97129186602871	0.0
105.0	27.975047984644913	19.193857965451055	18.47408829174664	34.357005758157385	0.0
106.0	32.433734939759034	16.963855421686745	19.132530120481928	31.46987951807229	0.0
107.0	30.728412928123493	19.68162083936324	17.414375301495415	32.17559093101785	0.0
108.0	31.846825012118273	19.146873485215703	16.62627241880756	32.38002908385846	0.0
109.0	29.597282872392043	20.426977195536146	18.631732168850075	31.344007763221736	0.0
110.0	27.299270072992698	18.394160583941606	21.070559610705597	33.2360097323601	0.0
111.0	30.165692007797272	18.226120857699804	19.5906432748538	32.01754385964912	0.0
112.0	26.881720430107524	18.328445747800586	22.189638318670575	32.60019550342131	0.0
113.0	30.151737640724424	19.138521781693587	18.893783651492903	31.815956926089083	0.0
114.0	30.240549828178693	18.802160039273442	19.194894452626414	31.76239567992145	0.0
115.0	28.7192118226601	20.689655172413794	18.571428571428573	32.01970443349754	0.0
116.0	30.696984676223433	19.62432031636184	17.844784972812654	31.833910034602077	0.0
117.0	32.1605550049554	17.789890981169478	18.533201189296335	31.516352824578792	0.0
118.0	28.258706467661693	15.970149253731345	20.34825870646766	35.4228855721393	0.0
119.0	23.940149625935163	21.496259351620946	26.733167082294262	27.830423940149622	0.0
120.0	27.363681840920464	21.810905452726363	21.710855427713856	29.114557278639317	0.0
121.0	30.275689223057643	18.095238095238095	18.145363408521302	33.48370927318296	0.0
122.0	30.46757164404223	18.099547511312217	20.864756158873806	30.568124685771746	0.0
123.0	32.996972754793134	18.26437941473259	17.709384460141273	31.029263370333	0.0
124.0	32.18623481781376	17.611336032388664	19.989878542510123	30.212550607287447	0.0
125.0	28.252032520325205	19.359756097560975	19.51219512195122	32.8760162601626	0.0
126.0	29.948979591836732	18.21428571428571	19.591836734693878	32.244897959183675	0.0
127.0	28.395694515633007	18.452075858534084	20.348539210661198	32.8036904151717	0.0
128.0	28.637532133676093	17.223650385604113	20.0	34.138817480719794	0.0
129.0	29.788332472896233	18.895198760970572	17.656169334021683	33.660299432111515	0.0
130.0	30.92890503373119	19.304618578100673	16.502335236118316	33.26414115204982	0.0
131.0	30.765226444560124	18.844351900052057	19.000520562207186	31.389901093180633	0.0
132.0	29.049111807732498	18.0773249738767	21.42110762800418	31.452455590386624	0.0
133.0	28.48898216159496	21.24868835257083	19.517313746065057	30.745015739769148	0.0
134.0	25.105263157894736	21.526315789473685	21.578947368421055	31.789473684210527	0.0
135.0	26.90274841437632	17.864693446088793	20.61310782241015	34.61945031712473	0.0
136.0	25.318471337579616	17.72823779193206	21.92144373673036	35.03184713375796	0.0
137.0	29.882604055496266	16.48879402347919	19.316969050160086	34.311632870864464	0.0
138.0	29.191215854311732	17.193358328869845	20.51419389394751	33.101231922870916	0.0
139.0	27.712137486573578	19.280343716433944	20.408163265306122	32.599355531686356	0.0
140.0	28.509719222462206	17.44060475161987	20.680345572354213	33.36933045356372	0.0
141.0	31.32791327913279	16.964769647696475	19.56639566395664	32.14092140921409	0.0
142.0	31.644880174291938	15.413943355119825	18.845315904139433	34.0958605664488	0.0
143.0	31.751227495908346	19.421713038734314	18.494271685761046	30.332787779596288	0.0
144.0	33.861277990169306	16.985253959584927	17.149098853085746	32.004369197160024	0.0
145.0	27.850877192982455	18.640350877192983	20.833333333333336	32.67543859649123	0.0
146.0	28.744493392070485	20.044052863436125	18.777533039647576	32.43392070484582	0.0
147.0	29.16436081903708	18.76037631433315	18.815716657443275	33.259546209186496	0.0
148.0	27.237354085603112	22.345747637576434	19.399666481378546	31.017231795441912	0.0
149.0	30.480984340044742	21.308724832214764	16.16331096196868	32.04697986577181	0.0
150.0	29.7525309336333	18.053993250843643	18.222722159730033	33.970753655793025	0.0
151.0	28.53919909757473	19.063733784545967	20.98138747884941	31.415679639029893	0.0
152.0	27.582292849035188	20.374574347332576	17.93416572077185	34.10896708286039	0.0
153.0	30.47945205479452	17.922374429223744	18.77853881278539	32.81963470319635	0.0
154.0	31.78427997705106	15.547905909351693	20.4245553643144	32.243258749282845	0.0
155.0	31.239193083573486	19.94236311239193	15.561959654178676	33.25648414985591	0.0
156.0	30.48780487804878	16.608594657375146	18.176538908246226	34.72706155632984	0.0
157.0	28.93815635939323	16.802800466744458	21.878646441073514	32.380396732788796	0.0
158.0	27.774515560775104	22.019964768056372	16.73517322372284	33.47034644744568	0.0
159.0	33.58868591632292	14.672952268709489	21.21390689451974	30.524454920447848	0.0
160.0	26.020106445890008	19.337670017740983	22.47191011235955	32.170313424009464	0.0
161.0	28.961424332344215	19.228486646884274	20.178041543026705	31.632047477744806	0.0
162.0	29.636255217650564	19.558735837805603	18.962432915921287	31.84257602862254	0.0
163.0	30.07789095266627	16.95626123427202	16.29718394248053	36.668663870581184	0.0
164.0	30.481927710843376	16.14457831325301	21.867469879518072	31.506024096385545	0.0
165.0	28.614640048396854	18.632788868723534	21.415607985480946	31.33696309739867	0.0
166.0	27.625986642380084	20.036429872495447	19.3685488767456	32.96903460837887	0.0
167.0	27.439024390243905	20.304878048780488	21.036585365853657	31.21951219512195	0.0
168.0	28.52760736196319	19.69325153374233	19.141104294478527	32.63803680981595	0.0
169.0	27.59259259259259	18.333333333333332	19.25925925925926	34.81481481481482	0.0
170.0	29.962779156327546	18.92059553349876	17.741935483870968	33.37468982630273	0.0
171.0	30.404984423676012	18.13084112149533	18.878504672897193	32.585669781931465	0.0
172.0	29.949874686716793	20.050125313283207	17.857142857142858	32.142857142857146	0.0
173.0	27.770780856423173	18.198992443324936	20.40302267002519	33.6272040302267	0.0
174.0	29.378172588832484	19.035532994923855	19.16243654822335	32.423857868020306	0.0
175.0	27.29019859064702	18.898142216527866	20.499679692504806	33.31197950032031	0.0
176.0	28.764478764478763	19.81981981981982	18.275418275418275	33.14028314028314	0.0
177.0	28.534370946822307	20.752269779507134	18.09338521400778	32.61997405966277	0.0
178.0	27.141922825376064	21.386527141922826	19.816873773708306	31.654676258992804	0.0
179.0	26.44135188866799	20.01325381047051	22.266401590457257	31.27899271040424	0.0
180.0	29.612299465240643	16.31016042780749	21.724598930481285	32.35294117647059	0.0
181.0	28.03234501347709	19.00269541778976	20.21563342318059	32.74932614555256	0.0
182.0	32.426920462270566	19.306594153636983	20.190346702923183	28.076138681169272	0.0
183.0	29.911019849418206	22.039698836413415	20.396988364134156	27.652292950034223	0.0
184.0	30.158730158730158	19.116632160110424	18.70255348516218	32.022084195997245	0.0
185.0	27.31707317073171	20.418118466898953	24.181184668989548	28.08362369337979	0.0
186.0	28.621659634317865	17.018284106891702	22.855133614627285	31.504922644163152	0.0
187.0	30.40396881644224	22.1119773210489	18.143160878809354	29.3408929836995	0.0
188.0	30.692362598144186	19.48608137044968	20.199857244825125	29.621698786581014	0.0
189.0	29.71223021582734	18.345323741007196	19.928057553956833	32.014388489208635	0.0
190.0	31.860970311368575	18.030412744388123	19.188993482983346	30.919623461259953	0.0
191.0	27.180232558139533	19.912790697674417	20.203488372093023	32.70348837209303	0.0
192.0	31.89149560117302	20.08797653958944	20.234604105571847	27.785923753665685	0.0
193.0	29.516728624535315	18.587360594795538	21.71003717472119	30.185873605947954	0.0
194.0	29.52167414050822	20.777279521674142	22.496263079222718	27.204783258594915	0.0
195.0	27.786144578313255	20.180722891566266	20.180722891566266	31.852409638554217	0.0
196.0	29.402756508422666	19.90811638591118	20.367534456355283	30.321592649310876	0.0
197.0	30.59643687064291	20.061967467079782	19.44229279628195	29.899302865995352	0.0
198.0	27.200000000000003	24.72	20.4	27.68	0.0
199.0	27.834179357022	24.534686971235196	18.697123519458543	28.934010152284262	0.0
200.0	29.681274900398407	15.737051792828685	18.326693227091635	36.254980079681275	0.0
201.0	32.4585635359116	18.646408839779006	16.16022099447514	32.73480662983425	0.0
202.0	36.42659279778393	16.20498614958449	17.86703601108033	29.50138504155125	0.0
203.0	33.844011142061284	17.827298050139277	22.56267409470752	25.766016713091922	0.0
204.0	31.380753138075313	18.410041841004183	25.24407252440725	24.965132496513252	0.0
205.0	33.94109396914446	15.147265077138849	25.105189340813467	25.806451612903224	0.0
206.0	29.760225669957684	18.335684062059237	22.143864598025388	29.760225669957684	0.0
207.0	27.453769559032715	22.190611664295876	15.931721194879088	34.42389758179232	0.0
208.0	27.32474964234621	17.02432045779685	19.45636623748212	36.194563662374826	0.0
209.0	23.55491329479769	21.53179190751445	20.809248554913296	34.104046242774565	0.0
210.0	27.325581395348834	18.6046511627907	18.168604651162788	35.901162790697676	0.0
211.0	29.781021897810216	21.313868613138688	19.416058394160586	29.489051094890513	0.0
212.0	27.900146842878122	17.76798825256975	22.90748898678414	31.42437591776799	0.0
213.0	26.88330871491876	21.71344165435746	18.61152141802068	32.791728212703106	0.0
214.0	30.118694362017806	25.370919881305635	17.50741839762611	27.002967359050444	0.0
215.0	29.34131736526946	25.299401197604794	15.868263473053892	29.491017964071858	0.0
216.0	31.419939577039273	17.82477341389728	18.12688821752266	32.62839879154079	0.0
217.0	25.840978593272173	17.889908256880734	24.31192660550459	31.95718654434251	0.0
218.0	24.285714285714285	18.412698412698415	20.952380952380953	36.34920634920635	0.0
219.0	18.370883882149048	21.143847487001732	26.689774696707108	33.795493934142115	0.0
220.0	0.0	28.418230563002684	24.664879356568363	46.91689008042895	0.0
