# Position (bp)	A	C	G	T	N
0.0	25.80324438810034	23.84356430173869	24.793956012855833	25.55923529730514	0.0
1.0	26.616099860486454	20.662404834416904	15.81942965025917	36.90206565483747	0.0
2.0	28.36376751015185	19.794593827855383	17.633483077229524	34.20815558476325	0.0
3.0	23.230352453985695	22.27495852541793	15.388231659001386	39.106457361594984	0.0
4.0	33.719642020448994	13.388058679296458	15.062342905743295	37.82995639451126	0.0
5.0	34.45011641243366	15.004609437642575	23.616203379972717	26.929070769951053	0.0
6.0	30.914086220707404	17.67667634407743	21.54092392451107	29.8683135107041	0.0
7.0	35.115834066969455	17.260385293573346	20.38482300051416	27.23895763894304	0.0
8.0	22.925343167501154	27.04425812910799	22.30519755235764	27.725201151033218	0.0
9.0	27.21233709243604	18.72279595072077	15.92982552456428	38.13504143227892	0.0
10.0	26.423328225908744	16.960576101807828	25.02103626472557	31.59505940755785	0.0
11.0	27.97293059940572	18.54725116840067	19.45732696230003	34.02249126989358	0.0
12.0	26.03863493457303	19.896784675373368	20.79811264095881	33.26646774909479	0.0
13.0	26.486825393497682	20.99168096609809	19.002394642588623	33.519098997815604	0.0
14.0	30.376260686490355	18.607656431154513	20.182446517210522	30.833636365144613	0.0
15.0	29.27602520400162	18.562635280263073	20.369936609917897	31.791402905817414	0.0
16.0	29.893471058337912	17.790895833424454	18.580809647708364	33.73482346052927	0.0
17.0	30.225285235762268	17.923229360366335	19.705237400223854	32.14624800364754	0.0
18.0	31.805851904997983	17.784681858829053	19.210683451235457	31.198782784937507	0.0
19.0	30.087084630865025	18.511505732014502	20.064456412210944	31.336953224909532	0.0
20.0	29.541355886240222	17.70421692080365	20.370117599469218	32.38430959348691	0.0
21.0	29.060783380091483	18.420151255984532	20.400508761628767	32.118556602295214	0.0
22.0	29.656736725208237	18.956860687968433	22.875163814397027	28.5112387724263	0.0
23.0	29.618879744056642	20.133971482381348	21.315380778638165	28.931767994923845	0.0
24.0	32.75604704944046	19.36467539448558	17.814952361287723	30.064325194786235	0.0
25.0	28.778726246818167	21.004259739915	20.07403377596842	30.142980237298417	0.0
26.0	31.592947862792425	16.533154193897424	22.492808304765894	29.38108963854426	0.0
27.0	25.9798736602437	20.681087813566283	25.142012697321974	28.197025828868043	0.0
28.0	26.506176193026565	19.958094885883824	19.02314811114025	34.512580809949355	0.0
29.0	27.703014848533613	20.2430478519783	17.497662595356985	34.5562747041311	0.0
30.0	26.41865245298305	19.079126394537905	16.299864121463596	38.20235703101545	0.0
31.0	34.01532416407583	14.678168891024661	18.87353499389606	32.432971951003445	0.0
32.0	34.3744475246509	15.487050054152126	22.512322776594925	27.626179644602054	0.0
33.0	31.375410106447642	17.578798125802887	21.055571601469065	29.9902201662804	0.0
34.0	32.85243743188462	16.912005271937286	21.984383912947898	28.251173383230192	0.0
35.0	26.35517134532357	20.73123915075444	25.269669018834463	27.64392048508753	0.0
