# Position (bp)	A	C	G	T	N
0.0	25.276016854845768	25.189742050839612	25.140978031183963	24.39326306313065	0.0
1.0	26.078747639946485	20.46963502006827	14.914287857759106	38.53732948222614	0.0
2.0	27.35170948184262	20.243765235327206	18.707419213700856	33.69710606912932	0.0
3.0	23.372906773306674	23.02299425143714	16.348412896775805	37.25568607848038	0.0
4.0	32.99885034489653	13.707137858642406	15.07922623213036	38.2147855643307	0.0
5.0	35.13881600319864	14.9174101007072	25.20178923957318	24.74198465652098	0.0
6.0	32.097253804442886	18.867288038181865	20.907568904770237	28.127889252605016	0.0
7.0	34.75012493753123	17.381309345327338	20.216141929035484	27.652423788105946	0.0
8.0	22.594225892288282	26.59562507027122	23.111422039551762	27.69872699788874	0.0
9.0	29.577253647811315	17.133469918049173	16.017889266440136	37.27138716769938	0.0
10.0	27.319059634746544	16.58755340145402	25.777600119919054	30.31578684388038	0.0
11.0	27.229689217547715	18.524532827021083	20.014739682222444	34.23103827320875	0.0
12.0	27.453037569944044	20.62849720223821	20.783373301358914	31.135091926458834	0.0
13.0	26.772577965953516	21.092335169295716	18.680604993318095	33.45448187143268	0.0
14.0	30.73983414926566	17.89514437006694	19.910830252772506	31.454191227894896	0.0
15.0	30.74377481955094	18.30090661604935	18.478233722120933	32.47708484227878	0.0
16.0	30.200906514165844	17.59211857105398	18.609761883951204	33.597213030828975	0.0
17.0	30.239962045545344	18.66759888134239	19.701358369956054	31.39108070315621	0.0
18.0	31.648524491935888	18.448844060518297	18.279073251111	31.623558196434814	0.0
19.0	29.552119601163067	18.378196248736476	19.521295845656596	32.54838830444386	0.0
20.0	30.290213105754354	17.971752258322105	19.674851524679344	32.0631831112442	0.0
21.0	29.91491379095242	17.500062379918656	19.823090550689923	32.761933278439	0.0
22.0	28.299650698602797	18.708832335329344	19.272704590818364	33.7188123752495	0.0
23.0	29.43142978319986	18.127385674724948	20.223037197814534	32.218147344260665	0.0
24.0	30.50094800918072	19.13356950404151	18.072048697734758	32.29343378904301	0.0
25.0	29.21042784083822	17.385555694149932	20.173381564176125	33.230634900835724	0.0
26.0	30.027067143979743	17.80943233837672	20.05463322148907	32.10886729615447	0.0
27.0	28.748362956033674	18.672903024633612	19.44995322731525	33.12878079201746	0.0
28.0	30.760212036170877	16.823199251637043	19.79544745868413	32.62114125350795	0.0
29.0	28.364928909952607	18.482165128460963	20.134696931903218	33.01820902968321	0.0
30.0	28.53686521001696	18.41514516611793	20.217250324254216	32.8307392996109	0.0
31.0	29.613369917685205	18.751558992267398	19.14941381890746	32.485657271139935	0.0
32.0	28.443502120229486	19.664504864055875	19.58468445996508	32.307308555749565	0.0
33.0	29.759201497192763	18.366812227074234	20.14597629444791	31.728009981285087	0.0
34.0	29.39415111288552	19.08498852180856	19.56532588082643	31.955534484479486	0.0
35.0	30.01883897046898	18.631866555213154	19.853280600850873	31.496013873466993	0.0
36.0	29.809239828827366	18.434743552954973	19.10471223784512	32.65130438037254	0.0
37.0	28.36930754834685	20.402994385527137	18.92451653150343	32.30318153462258	0.0
38.0	31.053498353129054	18.219133646072464	18.474897694380676	32.252470306417806	0.0
39.0	28.252732444976793	19.704796127164744	19.98053600838449	32.061935419473976	0.0
40.0	30.40250536507461	17.9118630533513	19.280580925288216	32.40505065628587	0.0
41.0	29.934247464098117	18.443149633807035	20.254775480667256	31.36782742142759	0.0
42.0	29.844042420461637	19.49344978165939	19.368683718028695	31.29382407985028	0.0
43.0	29.635683094198377	18.56768558951965	18.476606363069244	33.32002495321272	0.0
44.0	29.20596895742876	19.54384388880571	19.673603832909116	31.576583320856415	0.0
45.0	28.649140974934184	19.377659109907796	19.526132578073337	32.447067337084675	0.0
46.0	29.382407985028074	17.972551466001246	19.421085464753588	33.223955084217096	0.0
47.0	27.195029133966337	19.1448213906946	21.173593521903502	32.48655595343556	0.0
48.0	29.909667115835703	18.86759494934371	19.165793282427508	32.05694465239307	0.0
49.0	29.739475457290443	19.098894517505553	18.606043969755195	32.555586055448806	0.0
50.0	29.011891244400633	18.17002108730644	20.52206680558502	32.296020862707906	0.0
51.0	28.702802525517207	19.889695789972798	19.210900651343866	32.196601033166125	0.0
52.0	28.056099721747373	19.0996094481115	19.481426949328075	33.36286388081305	0.0
53.0	29.773906967458576	18.884757436614095	19.0145238570573	32.326811738870035	0.0
54.0	30.19776654813151	17.61806725310375	20.12851706282363	32.0556491359411	0.0
55.0	29.217044107555058	17.6692245305384	19.142803668351114	33.97092769355543	0.0
56.0	28.606543058917477	19.037756095126394	20.760861427894092	31.594839418062037	0.0
57.0	27.122091209682452	18.938174558612513	20.914592301453617	33.025141930251415	0.0
58.0	28.080858497629148	18.81457449463439	18.909408535063637	34.19515847267282	0.0
59.0	27.57424507112553	18.795857249812826	20.93711005739955	32.69278762166209	0.0
60.0	29.096944059696277	18.49661213641298	20.075119479903666	32.33132432398707	0.0
61.0	30.066884624023558	17.402480720756692	19.089570490903192	33.44106416431655	0.0
62.0	27.923082682372907	18.132471486685468	21.144775262671892	32.79967056826973	0.0
63.0	28.873942449275003	18.12248870698046	19.852005290873244	33.1515635528713	0.0
64.0	27.78457161396591	19.621153510194915	19.22433801692081	33.369936858918365	0.0
65.0	29.17628561089135	17.563672211338083	21.33097071265458	31.92907146511599	0.0
66.0	29.318241379740673	18.771761240967916	20.442774956009536	31.467222423281875	0.0
67.0	28.107723602600743	17.744693065105892	19.71396837678302	34.43361495551035	0.0
68.0	28.780731311618617	18.77074753525521	19.044053413203542	33.40446773992263	0.0
69.0	28.99771612565053	18.56303118798907	20.186703608022263	32.25254907833814	0.0
70.0	29.00806230187455	18.581983376182514	18.604447994408808	33.80550632753413	0.0
71.0	30.03394653420862	17.559843246886153	21.47118288695305	30.935027331952174	0.0
72.0	29.18439937597504	19.314820592823715	20.559126365054603	30.941653666146646	0.0
73.0	30.62503120163746	16.932504617842344	18.827068044530975	33.615396135989215	0.0
74.0	28.33144041036906	19.019507507207667	21.36465184778403	31.284400234639243	0.0
75.0	29.498028056512403	18.448904198492336	19.735659727422494	32.31740801757276	0.0
76.0	27.213159766858453	19.138075209365603	19.683486639292088	33.96527838448385	0.0
77.0	28.459992761129765	18.394218888458994	21.933776818142107	31.212011532269134	0.0
78.0	29.643543596016077	17.62811712138988	18.536731484486157	34.19160779810789	0.0
79.0	29.6497840792791	18.324555053543346	18.884950450562894	33.14071041661466	0.0
80.0	30.991487980829234	17.28863483188138	20.39389930356207	31.32597788372732	0.0
81.0	29.403027920270592	19.07739543939791	19.695210993372527	31.824365646958974	0.0
82.0	30.411502602314002	17.33877510265723	20.050922978994272	32.198799316034496	0.0
83.0	29.826137966325934	18.583142996218218	19.670248748767488	31.920470288688357	0.0
84.0	31.45367631457421	17.748155914179804	19.158522734364276	31.639645036881713	0.0
85.0	29.207074300121068	17.250159134309357	19.036207735799604	34.50655882976997	0.0
86.0	28.427358961557665	18.612081877184224	19.93509735396905	33.02546180728906	0.0
87.0	29.575495837337897	17.747793851492194	21.523521849295406	31.15318846187451	0.0
88.0	28.613510409905636	18.649208647461183	18.64546407708822	34.09181686554496	0.0
89.0	30.90643566828099	18.691647111688052	20.07339357931	30.328523640720956	0.0
90.0	31.214738628987966	17.591991612162364	18.767786709271554	32.42548304957811	0.0
91.0	29.482250736432174	17.458435268860153	20.260622097957963	32.798691896749716	0.0
92.0	27.452473381348845	18.20428644539588	21.66065432576486	32.68258584749042	0.0
93.0	28.66915500518057	18.50025590772342	20.929506784675496	31.901082302420512	0.0
94.0	30.303597733003766	17.36574039397798	20.3343070431678	31.99635482985045	0.0
95.0	29.20754999625496	18.46553316855167	21.82982548123736	30.49709135395601	0.0
96.0	29.65607639972536	19.278447038262282	19.6616940265901	31.40378253542226	0.0
97.0	29.898631778687708	18.28997303505443	19.75431938479976	32.057075801458105	0.0
98.0	28.36186124324257	19.26164525512816	21.516411351236624	30.86008215039265	0.0
99.0	29.480872952457048	18.645125848981223	19.436675988813423	32.4373252097483	0.0
100.0	29.589767977373416	18.37033514379396	20.315120266312917	31.72477661251971	0.0
101.0	29.440636690015314	19.36933544224348	21.00750671587457	30.182521151866638	0.0
102.0	29.47620246789222	18.198186854696548	19.570637119113574	32.75497355829766	0.0
103.0	28.083671226647468	18.851289047204013	19.604127982619023	33.4609117435295	0.0
104.0	28.970729975143307	17.69898036828489	20.28737381423426	33.04291584233754	0.0
105.0	30.178878349990452	18.78795594881915	19.635877522439365	31.397288178751037	0.0
106.0	27.954612249070394	18.593388619839253	20.435988193051276	33.016010938039074	0.0
107.0	28.334787517963456	18.597310613836996	20.633596797372203	32.43430507082735	0.0
108.0	28.415532879818596	20.607864357864358	20.37853019995877	30.598072562358276	0.0
109.0	27.346537725603763	19.625588250504215	20.49438899519057	32.533485028701456	0.0
110.0	28.87779578606159	18.231442463533227	21.606482982171798	31.284278768233385	0.0
111.0	28.547642276422764	20.00910569105691	19.971382113821136	31.471869918699184	0.0
112.0	27.545371458414934	17.893980937459197	19.94255124689907	34.61809635722679	0.0
113.0	29.701218713143756	17.497051500458653	19.756257371248854	33.04547241514874	0.0
114.0	27.902296582748008	18.777786546707706	19.707731565517058	33.612185305027225	0.0
115.0	28.831316387464987	17.388891824763515	20.40109919146013	33.37869259631137	0.0
116.0	28.93123490538496	18.692109663207624	20.73701531356989	31.63964011783752	0.0
117.0	29.903738467281745	18.83766199136046	19.066983094234974	32.191616447122826	0.0
118.0	29.137485437283235	17.818069820694458	20.17354741084939	32.87089733117291	0.0
119.0	29.168234851336095	17.889402656056777	20.136835313726547	32.80552717888058	0.0
120.0	29.697198683003183	17.960274194418957	20.333837102607006	32.00869001997086	0.0
121.0	29.040342463897694	17.587851201603947	20.294508114552006	33.07729821994636	0.0
122.0	28.565598857376045	18.194926205536284	21.32353941372509	31.915935523362577	0.0
123.0	27.686802605880988	19.175350660347725	19.694341632636338	33.44350510113495	0.0
124.0	27.98968223478404	17.669172932330827	19.750562537731188	34.59058229515394	0.0
125.0	28.28678662103985	19.10392979357545	19.567557125510543	33.04172645987416	0.0
126.0	29.49016670827439	18.206152395217888	19.35729938143186	32.94638151507586	0.0
127.0	28.696088544425546	18.865873037999386	18.28180322841451	34.156235189160554	0.0
128.0	29.205771116402858	17.58509595181398	21.797170472054912	31.411962459728255	0.0
129.0	28.617277346884194	17.299869089680605	20.307991160034348	33.77486240340085	0.0
130.0	29.229724760261377	17.718027778563545	19.474696613957175	33.5775508472179	0.0
131.0	28.246227299855057	18.681615369312528	20.50473186119874	32.56742546963367	0.0
132.0	29.995574400045683	17.626736334175625	19.878081859323025	32.49960740645567	0.0
133.0	29.036656428509914	17.81726325458564	20.54137841949651	32.60470189740793	0.0
134.0	29.24271060262866	17.775886197394428	20.896512919654324	32.08489028032259	0.0
135.0	28.649142658194794	18.847013084979835	20.87213856732527	31.6317056895001	0.0
136.0	26.669000933706815	18.990721288515406	20.887313258636787	33.452964519140984	0.0
137.0	30.789662914752796	17.834553805966863	22.740413542109973	28.635369737170365	0.0
138.0	28.776787295590054	20.736170966408878	20.820296357518153	29.66674538048291	0.0
139.0	29.70496963577781	19.029235771874863	20.32398402351928	30.941810568828043	0.0
140.0	27.766830870279147	21.289744738020598	21.751007613076577	29.192416778623674	0.0
141.0	31.027389032374312	17.232266202174305	21.118385488617935	30.621959276833444	0.0
142.0	25.171628166633976	20.73871780557358	25.088643119030735	29.00101090876171	0.0
143.0	27.315903676615633	19.48317982489416	19.53477079950837	33.666145698981836	0.0
144.0	27.100320659642698	19.967934035730643	18.436402504199116	34.49534280042755	0.0
145.0	26.840705379518166	19.753086419753085	17.059483726150393	36.34672447457836	0.0
146.0	31.702331919110588	14.60933387011861	21.109597101359512	32.57873710941129	0.0
147.0	33.28520535476074	15.987382099530754	24.016384437922756	26.711028107785744	0.0
148.0	30.06052021632758	18.13031161473088	21.962722122070563	29.846446046870977	0.0
149.0	32.28086467523087	17.928081308362998	23.291888080620474	26.49916593578566	0.0
150.0	27.640004400924195	18.27923864011442	25.875233799097813	28.20552315986357	0.0
