# Position (bp)	A	C	G	T	N
0.0	36.03141231758595	15.879297551323274	21.759831808063318	26.329458323027456	0.0
1.0	22.46538081107814	32.004203758654796	22.63847675568744	22.891938674579624	0.0
2.0	27.609780131797745	25.99618156063312	19.88667857362813	26.507359733940998	0.0
3.0	33.93395240145132	17.741836295430787	22.649283561896564	25.674927741221325	0.0
4.0	33.44391202850473	14.553384936724415	21.906868165622313	30.095834869148547	0.0
5.0	27.74332207552963	26.74240098249923	17.193736567393305	28.320540374577835	0.0
6.0	22.861175892966738	26.899472198355223	20.013501902540813	30.22585000613723	0.0
7.0	34.31480799901853	17.531591215801743	19.089682247576985	29.063918537602753	0.0
8.0	36.4739778091093	16.75350947097407	19.518175688101515	27.25433703181512	0.0
9.0	26.672794117647058	28.38235294117647	15.698529411764707	29.246323529411768	0.0
10.0	25.935452262845242	13.901647375834406	21.189295119113233	38.973605242207114	0.0
11.0	22.65524625267666	18.923218109513613	17.791373508718262	40.63016212909146	0.0
12.0	22.84229828850856	17.65281173594132	16.36919315403423	43.13569682151589	0.0
13.0	23.406593406593405	24.047619047619047	18.253968253968253	34.291819291819294	0.0
14.0	23.955856350222547	18.852508993354064	31.81513322358393	25.37650143283946	0.0
15.0	34.91513049826611	17.28417594451542	19.888057431404757	27.912636125813712	0.0
16.0	23.459715639810426	16.8732531291773	22.542228703366142	37.124802527646125	0.0
17.0	27.04097116843703	26.4339908952959	18.185128983308044	28.339908952959032	0.0
18.0	22.850212249848393	17.4408732565191	20.848999393571862	38.85991510006065	0.0
19.0	26.1380857125538	26.550281869430805	19.712675031823967	27.59895738619143	0.0
20.0	26.66787746700569	17.259958832788474	21.43116600072648	34.64099769947936	0.0
21.0	25.276652355324426	19.368688395718692	19.417064763862854	35.93759448509403	0.0
22.0	26.411448584022708	15.433850612885694	26.85828150474005	31.296419298351548	0.0
23.0	23.040723981900452	21.36349924585219	21.36953242835596	34.2262443438914	0.0
24.0	36.1121157323689	13.905967450271248	17.48643761301989	32.495479204339965	0.0
25.0	31.14872598036263	15.70387326064695	23.805794831636646	29.341605927353775	0.0
26.0	34.56975973986873	16.08960077075932	21.238032155115313	28.10260733425664	0.0
27.0	23.98002166325671	20.953183295222047	15.134191840173305	39.93260320134794	0.0
28.0	26.44459142565089	26.49269436594312	14.545126570861644	32.517587637544345	0.0
29.0	28.332031953871102	12.409153702925101	19.112258994534205	40.14655534866959	0.0
30.0	25.27851780092032	20.53766045047227	26.12618067328651	28.0576410753209	0.0
31.0	27.45073967221165	14.382174206617151	18.35983058130256	39.80725553986864	0.0
32.0	26.33084577114428	15.715174129353235	19.98134328358209	37.972636815920396	0.0
33.0	24.911816578483243	26.09599395313681	19.88536155202822	29.106827916351723	0.0
34.0	31.016077170418004	14.70096463022508	18.270096463022508	36.01286173633441	0.0
35.0	26.08695652173913	26.74985377266524	20.484824852147916	26.678364853447718	0.0
36.0	29.567102410825726	16.153189253103857	16.389673520331076	37.89003481573934	0.0
37.0	32.923179248420354	19.50116395078151	20.35916195543731	27.216494845360824	0.0
38.0	36.215782076166256	17.48878923766816	17.562412154474266	28.73301653169132	0.0
39.0	36.055977931776894	17.641122249882258	12.729596985803674	33.57330283253717	0.0
40.0	27.712639783124366	24.5543883429346	20.39986445272789	27.33310742121315	0.0
41.0	26.2134583563155	15.285438499724213	31.10176503033646	27.399338113623827	0.0
42.0	40.549374130737135	16.050069541029206	17.21835883171071	26.182197496522946	0.0
43.0	40.07625503071383	16.663136341170656	16.64901503918661	26.6115935889289	0.0
44.0	26.007876834944504	28.557107053347654	18.961689939133546	26.47332617257429	0.0
45.0	33.24134668453836	17.4800914610108	17.448553181423954	31.83000867302689	0.0
46.0	27.851053562811646	13.60784944506997	27.87518095544475	30.665916036673636	0.0
47.0	30.026389576117435	19.54477981197427	19.932376711199076	30.49645390070922	0.0
48.0	27.002422116428633	17.48099891422367	21.523427712352795	33.993151256994906	0.0
49.0	23.643279797125953	19.213863060016905	24.327979712595095	32.814877430262044	0.0
50.0	23.715482602376678	22.262118491921004	22.364708899717876	31.657690005984442	0.0
51.0	29.119758886623526	18.721744526194488	15.388706674940163	36.769789912241826	0.0
52.0	26.123772633096117	20.466624628411857	22.835780560309882	30.573822178182148	0.0
53.0	31.27352860159765	18.437241759250757	21.71517766963548	28.574051969516113	0.0
54.0	32.83888422427465	20.10448735889542	20.73887489504618	26.31775352178375	0.0
55.0	27.76829730754645	17.188092529389458	19.795221843003414	35.24838832006068	0.0
56.0	27.158117601770766	18.939466846309305	21.124049658358192	32.778365893561734	0.0
57.0	30.511291426336882	17.460162283703195	22.064717958744744	29.96382833121517	0.0
58.0	27.06901703017628	21.691066626829997	17.109849616572053	34.130066726421674	0.0
59.0	24.88163594237937	23.21950236728115	20.338470837110908	31.56039085322857	0.0
60.0	26.96629213483146	15.648621041879467	18.457609805924413	38.92747701736466	0.0
61.0	29.473135106937924	16.025039123630673	26.37454355764215	28.127282211789257	0.0
62.0	27.811094452773617	18.055258085243093	23.62390233454701	30.509745127436283	0.0
63.0	31.789519460752334	20.363122417916937	17.938682322243967	29.908675799086758	0.0
64.0	29.14197937239412	19.278033794162827	21.84551239850779	29.734474434935265	0.0
65.0	29.434046345811048	18.070409982174688	21.902852049910873	30.592691622103384	0.0
66.0	29.298502420898547	15.020830987501407	20.97736741357955	34.703299178020494	0.0
67.0	29.18949771689498	17.397260273972602	18.801369863013697	34.61187214611872	0.0
68.0	25.79964850615114	19.800820152314	22.448740480374926	31.950790861159927	0.0
69.0	27.242485446120945	20.54176072234763	20.387311393608172	31.82844243792325	0.0
70.0	29.18991025951977	20.24011642008246	18.227019160805238	32.34295415959253	0.0
71.0	25.460348637368035	19.629265897372942	23.631230051559047	31.27915541369998	0.0
72.0	26.472800200551518	19.115066432689897	18.776635748307847	35.63549761845074	0.0
73.0	25.553727376281483	21.680799898746994	20.415137324389317	32.3503354005822	0.0
74.0	30.87691494981511	16.48177496038035	23.40200739566825	29.239302694136292	0.0
75.0	29.69688877019629	22.032314060622245	20.63025771130992	27.640539457871544	0.0
76.0	28.454080258551034	21.572852141125775	19.09507137085914	30.877996229464046	0.0
77.0	32.241189427312776	19.465859030837006	18.28193832599119	30.011013215859027	0.0
78.0	28.914825621786854	18.42434347644852	22.28706405446714	30.373766847297485	0.0
79.0	30.043828644139687	19.581507139827515	18.45044535557755	31.92421886045525	0.0
80.0	28.972230174634984	17.019753793300886	23.232178643000285	30.77583738906384	0.0
81.0	26.951887064246616	19.115528666090466	17.919907807548256	36.01267646211466	0.0
82.0	32.052593133674215	16.742147552958365	21.197954711468224	30.0073046018992	0.0
83.0	29.8542617400265	20.948034741645813	20.491682614456057	28.706020903871632	0.0
84.0	29.650037230081907	18.466120625465376	19.47877885331348	32.40506329113924	0.0
85.0	32.03125	17.217548076923077	20.342548076923077	30.408653846153843	0.0
86.0	31.621039680098434	16.44109504767764	21.654875422946784	30.282989849277147	0.0
87.0	30.913894933167548	19.38141125271993	21.68169101647498	28.023002797637552	0.0
88.0	32.10168956260856	18.143060161061108	18.300963208589927	31.454287067740406	0.0
89.0	29.77635782747604	16.82108626198083	18.194888178913736	35.20766773162939	0.0
90.0	31.5968841285297	18.43557286595261	18.22460240181759	31.7429406037001	0.0
91.0	28.30744071954211	19.852820932134097	17.007358953393297	34.8323793949305	0.0
92.0	31.468646864686466	16.468646864686466	18.283828382838283	33.77887788778878	0.0
93.0	31.05	18.53333333333333	19.15	31.266666666666666	0.0
94.0	30.006800408024482	15.334920095205712	20.18021081264876	34.47806868412105	0.0
95.0	30.285909946926896	17.497003937681903	21.657250470809792	30.55983564458141	0.0
96.0	30.434782608695656	17.184265010351968	18.668046928916493	33.71290545203588	0.0
97.0	30.084596404652803	17.183644695100458	20.602749383151217	32.129009517095525	0.0
98.0	31.080114449213163	19.527896995708154	18.61587982832618	30.776108726752504	0.0
99.0	27.521770682148038	20.573294629898403	18.79535558780842	33.10957910014514	0.0
100.0	32.45871559633027	14.366972477064222	19.009174311926603	34.1651376146789	0.0
101.0	33.22843391336542	18.696778970751573	20.12217697149204	27.952610144390967	0.0
102.0	30.136986301369863	15.5563895665228	22.06793019328204	32.2386939388253	0.0
103.0	30.401205500094182	18.77943115464306	20.474665662083254	30.344697683179504	0.0
104.0	27.8464170309827	18.114426915035164	20.8325413419502	33.206614712031936	0.0
105.0	30.884041331802525	19.135093761959435	17.412935323383085	32.56792958285495	0.0
106.0	30.74252651880424	18.59209257473481	20.578592092574734	30.086788813886212	0.0
107.0	30.743833754127014	20.858419110506894	18.13944455234026	30.25830258302583	0.0
108.0	35.42159180457053	18.22301024428684	15.66193853427896	30.69345941686367	0.0
109.0	30.67752831313332	19.153586330220545	19.074110868269422	31.094774488376714	0.0
110.0	25.350140056022408	21.228491396558624	19.90796318527411	33.51340536214486	0.0
111.0	30.426902939991944	17.35803463552155	18.707209021345147	33.50785340314136	0.0
112.0	26.719415702982353	20.085209981740718	19.943193345506188	33.25218096977075	0.0
113.0	29.496842534121004	18.272560602974128	18.76145854552862	33.46913831737625	0.0
114.0	29.13934426229508	16.864754098360656	20.348360655737704	33.647540983606554	0.0
115.0	28.642077065732536	18.44220070059757	19.61673191840099	33.29899031526891	0.0
116.0	30.9027060524685	18.384631274530054	18.921710390415203	31.790952282586243	0.0
117.0	29.82383419689119	19.191709844559586	19.440414507772022	31.5440414507772	0.0
118.0	28.53277835587929	14.880332986472425	22.976066597294484	33.6108220603538	0.0
119.0	23.443376514834934	21.625574592561637	26.953614709569578	27.97743418303385	0.0
120.0	26.786837141060577	21.609725424439322	21.001886396981764	30.601551037518337	0.0
121.0	31.05629348513599	17.604891418933164	18.743411343031838	32.59540375289901	0.0
122.0	27.316969953449004	18.916631400761744	22.090562843842573	31.67583580194668	0.0
123.0	32.660862178806546	16.967509025270758	18.241664897005734	32.12996389891697	0.0
124.0	30.228096354721806	16.584949904071628	21.82903432104029	31.357919420166276	0.0
125.0	28.244111349036405	19.657387580299787	21.027837259100643	31.070663811563172	0.0
126.0	30.625402965828496	18.848055018267786	17.79497098646035	32.731571029443366	0.0
127.0	28.639308855291578	18.876889848812095	22.548596112311014	29.93520518358531	0.0
128.0	30.579050097592713	18.1956191715463	20.733029711559315	30.49230101930167	0.0
129.0	30.56644880174292	18.562091503267975	18.257080610021788	32.61437908496732	0.0
130.0	30.40437158469945	19.934426229508198	17.333333333333336	32.32786885245902	0.0
131.0	31.948109058927	19.129287598944593	18.557607739665787	30.36499560246262	0.0
132.0	28.35062927798631	18.149701920953852	22.102009273570324	31.397659527489512	0.0
133.0	29.84676882078614	20.541860981567844	20.05329780146569	29.558072396180325	0.0
134.0	25.579839429081176	22.145405887600354	19.22390722569135	33.05084745762712	0.0
135.0	26.89979825151311	15.64671598296346	19.704102219233356	37.74938354629007	0.0
136.0	24.448942869995502	17.90373369320738	20.535312640575796	37.11201079622132	0.0
137.0	26.289592760180998	15.837104072398189	21.5158371040724	36.35746606334841	0.0
138.0	30.12075643654591	18.181818181818183	19.822282980177715	31.87514240145819	0.0
139.0	29.026345933562432	18.648339060710196	20.13745704467354	32.18785796105384	0.0
140.0	29.261559696342303	15.458937198067632	21.072003680699332	34.20749942489073	0.0
141.0	29.313929313929314	16.816816816816818	19.981519981519984	33.88773388773389	0.0
142.0	31.394810009267843	15.593141797961074	19.06858202038925	33.94346617238184	0.0
143.0	32.86745865362218	18.541812252504076	19.543442813883065	29.04728627999068	0.0
144.0	29.75827270593757	17.226003285613707	18.25862473597747	34.75709927247125	0.0
145.0	29.544918651261494	18.368309360999767	20.0424428200896	32.04432916764914	0.0
146.0	31.316725978647685	17.841043890865954	18.291814946619215	32.550415183867145	0.0
147.0	29.9880810488677	18.522050059594754	17.37783075089392	34.11203814064363	0.0
148.0	25.51558752997602	20.167865707434053	21.630695443645084	32.68585131894484	0.0
149.0	29.855421686746986	19.542168674698797	16.987951807228914	33.6144578313253	0.0
150.0	28.53333333333333	18.836363636363636	17.527272727272727	35.1030303030303	0.0
151.0	29.58810626370948	19.424811113819157	20.54594199366317	30.44114062880819	0.0
152.0	29.80132450331126	19.81849399067942	16.4336521952416	33.94652931076772	0.0
153.0	33.39916070106146	16.711922981979757	18.6126882251296	31.27622809182918	0.0
154.0	31.67701863354037	15.875776397515528	21.192546583850934	31.25465838509317	0.0
155.0	30.901823632275793	19.4853859605296	17.48688483637272	32.125905570821885	0.0
156.0	31.9073980875692	16.45697030699547	17.86612984398591	33.76950176144942	0.0
157.0	30.938527700480652	17.505691879585125	21.173792056665825	30.381988363268402	0.0
158.0	28.04878048780488	22.433943089430894	17.58130081300813	31.935975609756095	0.0
159.0	34.71476080839089	13.788692760296751	18.291123049373244	33.20542338193911	0.0
160.0	26.060138781804167	18.118735543562067	24.852223078900025	30.968902595733745	0.0
161.0	29.36610608020699	18.965071151358345	21.785252263906855	29.88357050452781	0.0
162.0	31.069476971116316	18.761384335154826	20.452771272443403	29.716367421285454	0.0
163.0	28.391828182294393	17.967522262964902	17.8103719224725	35.830277632268206	0.0
164.0	30.374077976817702	16.148577449947314	21.83877766069547	31.638566912539517	0.0
165.0	30.373707924728333	16.4590511529287	22.528491916247017	30.638749006095946	0.0
166.0	27.318763326226016	21.775053304904052	20.33582089552239	30.570362473347544	0.0
167.0	27.284910211739483	19.324577861163228	22.43366389707853	30.95684803001876	0.0
168.0	28.556005398110663	18.947368421052634	19.00134952766532	33.49527665317139	0.0
169.0	27.018970189701896	18.26558265582656	20.51490514905149	34.200542005420054	0.0
170.0	28.579234972677597	17.431693989071036	20.30054644808743	33.68852459016393	0.0
171.0	31.09521188772702	17.446340121078702	16.78591084204733	34.67253714914695	0.0
172.0	28.618968386023298	21.630615640599	17.74819744869662	32.00221852468108	0.0
173.0	28.96205357142857	17.410714285714285	18.219866071428573	35.40736607142857	0.0
174.0	29.530767069401513	19.584152851924696	17.78589491430177	33.09918516437202	0.0
175.0	27.27787209960385	19.439728353140918	23.089983022071305	30.19241652518393	0.0
176.0	28.3675799086758	18.72146118721461	18.75	34.16095890410959	0.0
177.0	27.061189313415685	21.60298764722781	19.47716173513358	31.858661304222924	0.0
178.0	28.770301624129928	19.924593967517403	20.99767981438515	30.307424593967518	0.0
179.0	25.16091281451141	18.987712112346404	25.21942656524283	30.631948507899352	0.0
180.0	29.392688679245282	16.067216981132077	20.931603773584907	33.60849056603774	0.0
181.0	28.962236098721377	18.822479928635147	19.179304192685105	33.03597977995837	0.0
182.0	31.55368926214757	18.17636472705459	20.455908818236352	29.81403719256149	0.0
183.0	27.47352496217852	22.450832072617246	22.36006051437216	27.71558245083207	0.0
184.0	28.52779474648748	20.55589492974954	19.700671960904092	31.21563836285889	0.0
185.0	27.62550046196489	22.29750538959039	23.991376655374193	26.08561749307053	0.0
186.0	29.503105590062113	18.633540372670808	23.012422360248447	28.850931677018632	0.0
187.0	31.07131636820609	22.211749921457745	16.71379202010682	30.003141690229345	0.0
188.0	28.97998093422307	18.048935494121384	20.36860502065459	32.60247855100095	0.0
189.0	30.144462279293737	19.1653290529695	19.550561797752806	31.13964686998395	0.0
190.0	32.29873908826382	15.357258325250566	18.816682832201746	33.527319754283866	0.0
191.0	26.432291666666668	20.21484375	21.940104166666664	31.412760416666668	0.0
192.0	31.29720853858785	18.91625615763547	20.229885057471265	29.55665024630542	0.0
193.0	28.94998343822458	18.582312023848957	22.225902616760518	30.24180192116595	0.0
194.0	28.590559089387348	20.522263140274525	22.363575493806493	28.523602276531633	0.0
195.0	28.03928208601422	17.947849644429397	20.149001015916017	33.863867253640365	0.0
196.0	27.241615331964407	19.062286105407257	22.621492128678987	31.07460643394935	0.0
197.0	25.450762829403605	19.79889042995839	23.82108183079057	30.929264909847433	0.0
198.0	26.165895336418654	22.356710573157706	19.330722677109293	32.14667141331435	0.0
199.0	26.898615787504674	23.756079311634867	20.65095398428732	28.694350916573143	0.0
200.0	27.741655830082358	14.824447334200261	19.54919809276116	37.88469874295622	0.0
201.0	32.05051112447384	17.799158147925436	19.122068550811786	31.028262176788935	0.0
202.0	34.753499695678634	15.337796713329277	19.35483870967742	30.55386488131467	0.0
203.0	33.579335793357934	16.605166051660518	19.06519065190652	30.75030750307503	0.0
204.0	34.05707196029777	17.431761786600497	20.967741935483872	27.543424317617866	0.0
205.0	35.894206549118394	15.17632241813602	23.614609571788414	25.31486146095718	0.0
206.0	30.19108280254777	22.29299363057325	20.254777070063696	27.261146496815286	0.0
207.0	24.59858702633269	25.626204238921	14.836223506743737	34.938985228002565	0.0
208.0	28.552803129074317	15.77574967405476	21.316818774445892	34.35462842242503	0.0
209.0	26.35046113306983	19.235836627140976	20.28985507246377	34.12384716732543	0.0
210.0	27.236315086782376	18.958611481975968	16.889185580774367	36.915887850467286	0.0
211.0	31.486486486486488	17.905405405405407	21.41891891891892	29.18918918918919	0.0
212.0	30.63308373042886	14.635806671204902	26.004084411164058	28.727025187202177	0.0
213.0	28.148657949070888	23.055746730901582	16.311080523055747	32.48451479697178	0.0
214.0	31.337047353760443	22.701949860724234	19.080779944289695	26.880222841225628	0.0
215.0	30.942334739803094	20.745428973277075	16.17440225035162	32.137834036568215	0.0
216.0	33.428165007112376	16.500711237553343	16.714082503556188	33.35704125177809	0.0
217.0	25.85330428467683	17.356572258533042	25.417574437182278	31.372549019607842	0.0
218.0	27.99097065462754	17.306245297215952	18.284424379232505	36.418359668924005	0.0
219.0	20.792079207920793	23.184818481848186	23.67986798679868	32.34323432343234	0.0
220.0	0.0	30.100755667506295	23.803526448362717	46.095717884130984	0.0
