# Position (bp)	A	C	G	T	N
0.0	26.90093415269877	24.252772968550826	24.34790053461692	24.49820208900135	1.9025513213218926E-4
1.0	27.075589304050958	20.233940730467996	15.445051967883355	37.244849628476054	5.683691216423594E-4
2.0	27.82424093748231	20.375332591096935	17.751589832619402	34.0484592304644	3.774083369501632E-4
3.0	23.830026348133643	21.970434462306383	15.040988073804842	39.156859723438565	0.0016913923165685033
4.0	33.553645352571	15.225308046756078	14.214618857086153	37.004368169469245	0.002059574117519299
5.0	35.59534842007713	14.679493886580373	22.06753908702281	27.653321275896086	0.004297330423604675
6.0	31.6617727937955	17.557910828975455	20.636669556382074	30.143646820846964	0.0
7.0	34.83556321548759	17.657546560087958	20.07971116773518	27.4266218956846	5.571610046727236E-4
8.0	24.42315039074815	26.668236830099662	21.278619937613822	27.629992841538364	0.0
9.0	28.193381301361235	18.8368370741973	16.265718668257367	36.703507198909236	5.557572748627279E-4
10.0	27.07031481371794	17.43025528638275	24.96612716934194	30.530896463898593	0.002406266658769176
11.0	27.70365986721654	19.210881586004106	19.855935494609138	33.229523052170215	0.0
12.0	26.829389990815393	20.660921823688884	20.597719926892776	31.91159865686729	3.6960173564975064E-4
13.0	26.862703461265035	21.775964104031832	18.587242528597674	32.77390525606344	1.8465004200788455E-4
14.0	30.503448339534494	19.7470294424492	20.022158005040946	29.726994912891342	3.693000840157691E-4
15.0	29.645379594323856	18.853692539215054	19.205450869240074	32.295476997221016	0.0
16.0	29.77537322389741	18.061543859001226	19.145808905671526	33.01690471134582	3.693000840157691E-4
17.0	29.5995863839059	18.76930747001745	20.61174558917212	31.018437306694484	9.232502100394228E-4
18.0	32.52093469851264	18.03144590215394	18.216465244245843	31.23115415508757	0.0
19.0	30.69345323276061	18.92552140555612	19.679447527074313	30.70139318456695	1.8465004200788455E-4
20.0	30.432542723403472	17.79140084754369	20.440390350188807	31.335481428822025	1.8465004200788455E-4
21.0	29.147378431028592	17.93912088115	19.087459492397034	33.82456399508831	0.0014772003360630764
22.0	28.40250016156879	19.142300554873376	20.060749863820593	32.39444941973724	0.0
23.0	29.542898821009484	17.897943921782243	19.953283539372006	32.604027217416196	0.0018465004200788457
24.0	30.47279643256119	17.86858456510299	19.157626508360032	32.50062319389178	3.693000840157691E-4
25.0	28.638482915254865	18.673843398299372	19.27912623600122	33.40780885027652	7.386001680315382E-4
26.0	30.507879940542686	17.818359753676845	21.025361683269782	30.64784467238466	5.539501260236536E-4
27.0	28.50405768467312	18.255795703193524	19.985597296723384	33.25399536528394	5.539501260236536E-4
28.0	29.59367758256165	18.059512708539142	20.546564124343337	31.799876284471857	3.693000840157691E-4
29.0	29.314725498740685	18.79334667740101	19.078446868698805	32.813480955159505	0.0
30.0	29.898679528537585	18.564340438261357	18.649466622595554	32.88640547762068	0.0011079329848268577
31.0	30.17335938279037	18.854033172432384	19.3147614000229	31.656922741693045	9.2330306130363E-4
32.0	28.969805306923675	19.48445022242987	18.960184222529588	32.58556024811688	0.0
33.0	29.560555639683695	17.61729411895062	19.331230540238078	33.490735029602845	1.8467152475891134E-4
34.0	29.2932967909698	19.078733526387328	19.12213373914071	32.50491253472017	9.234087819868802E-4
35.0	30.488414273023395	17.70580396801895	19.282277169084985	32.52350458987267	0.0
36.0	30.84498982352756	18.270425633969232	18.44247191052853	32.44155704658213	5.55585392548859E-4
37.0	28.6869828680497	19.780407127039574	19.16665894539828	32.36465388642323	0.001297173089217712
38.0	30.502002818781985	18.556486907499444	19.302166011423484	31.638787923744527	5.563385505526296E-4
39.0	30.128184892269356	18.881227960387655	19.00230075447663	31.987543614988518	7.42777877846464E-4
40.0	29.39236586606449	19.523923975398763	19.12334341305818	31.958317263531704	0.0020494819468587964
41.0	29.39245369842104	17.919052438022945	20.58743754594617	32.10068220122598	3.741163838658568E-4
42.0	28.549780383419414	19.075697390482407	19.696850349398538	32.677296784333144	3.7509236649524945E-4
43.0	29.754348108034957	18.724730410723044	20.066614913545347	31.45411860236498	1.8796533167422601E-4
44.0	29.293699617559497	19.259485221150786	19.855836313205778	31.590602244931393	3.766031525449899E-4
45.0	29.694650152976727	18.65184307719006	20.036744594885185	31.616007665812813	7.545091352193547E-4
46.0	29.902562688196827	17.80771715599415	19.417567429717813	32.871397105216424	7.556208747822868E-4
47.0	29.78440098881624	19.246547748967778	19.336766828127928	31.63190615702659	3.782770614681311E-4
48.0	30.091371327393407	18.50454016077566	18.635584634467346	32.768125136110136	3.787412534441783E-4
49.0	28.179554904975983	18.789214115469868	20.685902164040858	32.34513920359201	1.8961192128071476E-4
50.0	29.30531742199885	18.778251299227115	19.030873514014925	32.88441725814607	0.0011405066130375113
51.0	30.318522856690468	18.1264438640903	19.16440449369612	32.39024725248521	3.8153303789958433E-4
52.0	28.90538658821321	18.808334913511576	19.9993104676753	32.28696803059991	0.0
53.0	30.44861933697408	18.64856549496193	19.10679947696331	31.79601569110068	0.0
54.0	29.9741497386037	19.22526380770492	18.68684530354766	32.113548237745235	1.929123984798503E-4
55.0	29.30674830005689	18.465813437774536	18.276178349865127	33.95087290191996	3.8701038348858905E-4
56.0	29.395753101749005	18.623880799712865	20.862378379427085	31.11740568645901	5.82032652031779E-4
57.0	28.01507244573375	19.816805232580748	19.33227821028317	32.835649678407826	1.944329945014349E-4
58.0	30.611815373822214	17.874285046137057	21.38167574467256	30.1320289586764	1.9487669177328047E-4
59.0	28.298579902930072	21.208645632244096	21.04920710595628	29.443371968518704	1.9539035084291395E-4
60.0	30.885806726299908	19.065828740501225	19.970726213576995	30.077245909616202	3.924100056703246E-4
61.0	28.446530552702598	21.3000546059207	19.67922471420602	30.572218794293388	0.001971332877298328
62.0	30.86592068011134	17.08704410096989	20.96798496395632	31.078257214683937	7.930402785157458E-4
63.0	25.95283009451947	20.684492619097526	24.7209829226178	28.641694363765207	0.0
64.0	26.095326899966643	21.26246448050095	17.825262150984496	34.81634359161921	6.028769287037745E-4
65.0	27.359446380217236	19.565977944997986	18.84584350372403	34.2263054332637	0.0024267377970478734
66.0	27.153106395970084	19.410776980613647	17.42512593497176	36.00814125069964	0.0028494377448735563
67.0	33.51692531175514	14.574897957095946	17.774185958487205	34.131944799648096	0.0020459730136159504
68.0	34.404846447049955	16.251374243519056	22.445873956765418	26.896456056298952	0.0014492963666140088
69.0	31.944023323615163	17.07691492181288	20.15923668168566	30.81940100715611	4.240657301881792E-4
70.0	32.14658415796267	16.659495976785273	23.037824626285	28.156095238967055	0.0
71.0	25.87100393248793	20.005696730483614	24.8700070046533	29.25271103334622	5.812990289399721E-4
