# Position (bp)	A	C	G	T	N
0.0	26.199515887119528	24.27741945064573	24.58110375756736	24.941960904667383	0.0
1.0	25.692632871165582	20.435206589479208	15.200055440329871	38.67210509902534	0.0
2.0	27.448623785147262	19.398323317753544	18.93859584044316	34.21445705665603	0.0
3.0	23.44056206737197	22.885760251477205	15.713371341582457	37.96030633956837	0.0
4.0	33.32773412315134	14.198691266961283	14.924694740118424	37.54887986976896	0.0
5.0	34.450650389641176	15.81775262476913	23.1888352247474	26.5427617608423	0.0
6.0	32.13824632254019	17.984068249309434	20.705351478512874	29.1723339496375	0.0
7.0	33.93243229901965	17.55067083946254	20.039292730844792	28.47760413067301	0.0
8.0	23.413943134675705	25.913431045673402	22.10719071675185	28.565435102899038	0.0
9.0	29.38417160383853	18.693477504509463	15.823214290120639	36.09913660153137	0.0
10.0	27.050225877046895	16.839991216577967	24.29504402813656	31.81473887823858	0.0
11.0	28.016420458470254	18.50237326938828	20.051659314958997	33.429546957182474	0.0
12.0	26.58814242898901	19.91095104774356	21.130255676562363	32.37065084670507	0.0
13.0	26.99932911729595	21.08150238262019	18.307945027081956	33.61122347300191	0.0
14.0	30.39857359875313	18.45961489139227	20.297364215676602	30.844447294177996	0.0
15.0	30.00628767984614	18.828765518856873	18.94342321016878	32.22152359112821	0.0
16.0	29.605744839776065	17.415709563146645	18.899990385824267	34.078555211253025	0.0
17.0	30.082511016255754	18.07010971894993	20.220127956151853	31.627251308642464	0.0
18.0	31.208209120697727	17.493655916627656	18.68018428638301	32.617950676291606	0.0
19.0	29.731200937951822	18.155574877275605	19.80388727828942	32.309336906483146	0.0
20.0	30.166376074943113	18.02604489888393	19.840273057714473	31.967305968458486	0.0
21.0	30.072609178450165	17.8728391444477	19.544401411311668	32.510150265790465	0.0
22.0	28.938700147710488	18.549483013293944	19.617676021664206	32.89414081733136	0.0
23.0	29.580172401061382	17.640832763093766	20.329491805780506	32.44950303006434	0.0
24.0	30.50060785635887	18.549462773104693	18.78989826404099	32.16003110649545	0.0
25.0	29.426254115585827	17.761367383397886	19.468381965736672	33.343996535279615	0.0
26.0	30.82410025121857	17.711278262089124	20.23748889692657	31.227132589765734	0.0
27.0	29.380346348676035	18.30496298610718	19.525720288632098	32.788970376584686	0.0
28.0	29.71296150515626	17.627725734078563	19.81839919704007	32.8409135637251	0.0
29.0	29.55540577770781	18.14536760075567	19.97205604534005	32.32717057619647	0.0
30.0	30.01805649172698	18.1713743105815	19.34209425783883	32.46847493985269	0.0
31.0	29.917631487012443	18.166833142255438	19.526848494092988	32.38868687663913	0.0
32.0	29.92795736493236	18.17255785801105	19.768174280188767	32.13131049686782	0.0
33.0	30.61380671388004	17.896708023485292	19.76268633945401	31.726798923180656	0.0
34.0	29.928755121879192	17.93549816043018	19.876213562366953	32.25953315532368	0.0
35.0	29.828779850314653	18.24773146222549	19.939751771391443	31.983736916068413	0.0
36.0	30.185730319379356	17.8786968849683	19.38255621628008	32.55301657937227	0.0
37.0	29.100522588474497	18.99090947133148	19.039402137123474	32.869165803070544	0.0
38.0	29.99529807959785	17.966259413072326	19.924079986805083	32.11436252052474	0.0
39.0	29.077722605311163	18.76017045748287	20.041801965037013	32.12030497216895	0.0
40.0	30.223712489937	18.191441957108847	19.558532808457105	32.02631274449705	0.0
41.0	29.972943230021937	17.85697579662369	20.809585827077942	31.360495146276435	0.0
42.0	29.93625397950968	18.899500914702458	19.70832933227952	31.455915773508348	0.0
43.0	29.87789413552052	18.37054291433876	19.689355195347222	32.0622077547935	0.0
44.0	29.311414697568132	18.286761157130616	20.63564372038965	31.7661804249116	0.0
45.0	29.348679949665463	19.16332375401088	19.69745101370902	31.79054528261464	0.0
46.0	30.00475300387382	17.88804090046028	19.38634533405244	32.720860761613466	0.0
47.0	29.755410354483814	18.1980508685383	20.21195634773057	31.834582429247316	0.0
48.0	30.662141059051294	18.438074219308053	19.435152936308146	31.464631785332497	0.0
49.0	29.55749596659975	18.363978964740078	19.455152283951378	32.62337278470879	0.0
50.0	29.71598761371951	18.481375005234852	19.94959759369157	31.85303978735407	0.0
51.0	29.933454385087476	18.630062061608278	19.63773168394159	31.798751869362658	0.0
52.0	29.574070697463544	18.425889878327034	19.32205143873724	32.67798798547218	0.0
53.0	30.73679800892043	18.046376383036396	19.903156649663636	31.313668958379537	0.0
54.0	30.30474040632054	18.07544826362534	19.90398927518803	31.715822054866088	0.0
55.0	29.44032333587993	18.057027380042882	19.078788476230375	33.423860807846815	0.0
56.0	29.353671581168143	18.507756236783344	20.487358837476403	31.651213344572117	0.0
57.0	28.773160529552555	18.278485879995365	19.571309905570853	33.37704368488123	0.0
58.0	29.731555038488366	17.881870413870107	19.392566556652955	32.99400799098857	0.0
59.0	29.606002642424723	17.835134388988582	20.62841395358009	31.930449015006605	0.0
60.0	29.717750881258166	18.56336431089309	19.81832523972687	31.90055956812187	0.0
61.0	30.031036072346833	17.83748339114079	19.61755867641875	32.513921860093625	0.0
62.0	29.02261941448382	18.165053929121726	20.07420647149461	32.73812018489984	0.0
63.0	29.32964819412564	18.080933349441437	19.99935896329572	32.59005949313721	0.0
64.0	28.632189916364208	18.581347640839514	19.64109594445321	33.145366498343066	0.0
65.0	29.802490445074593	18.065343360867956	20.49118481075083	31.64098138330662	0.0
66.0	30.07277201963932	18.278082330282878	20.347806358859025	31.301339291218778	0.0
67.0	29.327773160741106	17.785811695597815	19.590237310204856	33.29617783345623	0.0
68.0	29.65715229975065	18.237938918306998	20.244563541879902	31.86034524006245	0.0
69.0	29.736389062908504	17.92815812709954	19.87613640287486	32.4593164071171	0.0
70.0	28.49063491202194	18.184105248099605	19.864740209450428	33.460519630428024	0.0
71.0	29.522191034792343	17.84828110123966	20.9128982769082	31.716629587059792	0.0
72.0	29.988234104324274	17.953227481383	19.90311019242296	32.15542822186976	0.0
73.0	30.085011273984975	17.694975799170116	19.30071689716251	32.91929602968241	0.0
74.0	29.624567316113975	18.091675939198506	20.6681650749163	31.615591669771213	0.0
75.0	30.369864061570805	17.940960921094515	19.723533461482468	31.965641555852216	0.0
76.0	29.33170454825893	18.189827496853482	19.342069544186966	33.13639841070062	0.0
77.0	29.237212838004602	17.92374596467673	21.4637240480586	31.375317149260066	0.0
78.0	30.002962012193617	18.054204823143188	19.020808135660157	32.92202502900304	0.0
79.0	29.932286819504757	17.75082635753448	19.399097980453774	32.91778884250699	0.0
80.0	30.664142056240884	18.065611892988777	20.098548678159077	31.171697372611266	0.0
81.0	30.28163450713961	18.714573499496375	19.585300100724822	31.41849189263919	0.0
82.0	30.096581622828023	18.080415557739123	18.789223939996937	33.033778879435914	0.0
83.0	29.801448767263985	18.340929403457487	20.11855794822163	31.7390638810569	0.0
84.0	30.65937457562252	18.156565968321377	19.040011851705536	32.14404760435056	0.0
85.0	29.722041833234975	17.44639977875942	19.33608073305695	33.49547765494865	0.0
86.0	30.40584920662357	17.897762347584315	20.06504057010504	31.631347875687077	0.0
87.0	29.86388913582442	18.64363252042157	20.013877776790036	31.478600566963976	0.0
88.0	29.93892937489659	17.935699274709155	19.242556323019897	32.882815027374356	0.0
89.0	29.797889995258416	18.52551564722617	20.279160739687054	31.39743361782835	0.0
90.0	30.398285055234357	18.577415777788207	19.37759161889897	31.646707548078467	0.0
91.0	29.97251179918054	18.286692302562848	19.607508996026187	32.133286902230424	0.0
92.0	29.255281050949517	18.488185709240266	20.280766922455673	31.975766317354548	0.0
93.0	30.12638593527321	18.555045928209232	19.752464365192864	31.566103771324695	0.0
94.0	29.854267012473755	17.67395331604298	19.974311473385203	32.49746819809806	0.0
95.0	30.06849636522173	18.24058452866448	20.734909433132678	30.95600967298111	0.0
96.0	29.95123614157823	18.776802829983595	19.494179956917847	31.777781071520327	0.0
97.0	29.737221120139136	18.28359960374417	19.780181773714204	32.198997502402484	0.0
98.0	29.123205771178696	17.901030214689822	21.111742471032933	31.86402154309855	0.0
99.0	29.80458722169924	18.657238228659388	19.511628653952112	32.02654589568926	0.0
100.0	29.890292223873203	18.36404160475483	19.9098563645369	31.83580980683507	0.0
101.0	29.772756610761913	18.47910274360273	20.55269246427756	31.195448181357797	0.0
102.0	30.041074406910457	17.93607328669936	19.8180279305967	32.204824375793486	0.0
103.0	29.3615161805833	17.713743507790653	19.80073911306432	33.12400119856173	0.0
104.0	30.236216921739523	18.05509974521942	19.99914822618102	31.709535106860038	0.0
105.0	30.242842812139376	18.2188677727299	19.6076903157032	31.930599099427525	0.0
106.0	29.395217647978928	18.04078975916685	19.84867826850399	32.71531432435024	0.0
107.0	29.543578550774548	18.10746894480709	20.481235219348665	31.86771728506971	0.0
108.0	29.356416151198385	18.727566015927653	20.370121045077543	31.54589678779642	0.0
109.0	28.93763092307457	18.161292131109104	20.153616407496315	32.747460538320006	0.0
110.0	29.38591782586691	17.7093078539331	21.163392277451447	31.741382042748544	0.0
111.0	29.09622770180539	18.75971019397314	20.16951499023212	31.974547113989342	0.0
112.0	29.435751516617188	18.098555676187438	19.04428676542473	33.421406041770645	0.0
113.0	30.100332721579925	17.8611345573564	20.696108267447233	31.34242445361644	0.0
114.0	30.09620917201018	18.337799940906006	19.369093840228498	32.19689704685532	0.0
115.0	29.441704940215203	17.616154256495662	20.399432727461974	32.542708075827164	0.0
116.0	29.993075606537673	17.968147790073292	20.561790412981278	31.476986190407757	0.0
117.0	30.018602722976855	18.24037656739092	19.737777696148527	32.0032430134837	0.0
118.0	29.61979500067174	18.128031063378035	19.833197668139228	32.418976267811	0.0
119.0	30.49210510304765	17.83381698229501	20.022273423467514	31.65180449118983	0.0
120.0	29.730382721129978	18.26308592972162	19.864859483067608	32.14167186608079	0.0
121.0	29.62883026911804	17.648814281907807	19.98001598721023	32.74233946176392	0.0
122.0	29.516628596799993	18.002856577349586	20.61924605615796	31.861268769692465	0.0
123.0	29.151817725271982	18.44688353506409	19.90272880349983	32.4985699361641	0.0
124.0	29.158303658141794	18.080284881838782	19.540034531131973	33.22137692888745	0.0
125.0	29.161831845835184	18.22953379675317	20.286185245030527	32.32244911238112	0.0
126.0	29.738050994774095	18.256325302846182	19.85597436637985	32.14964933599987	0.0
127.0	29.902540516863773	17.81373193166886	19.217038983793255	33.06668856767411	0.0
128.0	29.268098122383414	17.98176846946466	21.0757373207242	31.674396087427724	0.0
129.0	29.818578751744436	18.176391748303924	19.45863788982079	32.54639161013085	0.0
130.0	29.94855935661719	17.839326413507266	19.533841724941077	32.67827250493447	0.0
131.0	30.00476797260786	18.160399059789263	20.57728716300053	31.257545804602348	0.0
132.0	30.62438723773775	18.252892237877813	19.27589008095465	31.846830443429784	0.0
133.0	29.883414330779125	18.126918823393677	20.101811960231988	31.887854885595214	0.0
134.0	30.61997093532828	17.559528858278625	20.280242243295053	31.540257963098046	0.0
135.0	29.542018573880625	18.1140804565037	20.47105361872393	31.872847350891753	0.0
136.0	28.72439558429234	18.418314553426978	20.127657628300778	32.72963223397991	0.0
137.0	30.247857841163956	18.09189717637587	22.851802863879463	28.808442118580714	0.0
138.0	30.495424515345583	19.825076258077573	19.917019646393825	29.762479580183022	0.0
139.0	30.562283208843482	19.085762799582483	19.857706498573865	30.49424749300017	0.0
140.0	28.931547366790493	20.95432107064466	20.052667112866033	30.061464449698818	0.0
141.0	31.29418952699031	17.10742369366432	20.907539427265544	30.690847352079825	0.0
142.0	27.246207356753533	19.772529983878684	23.892028510520195	29.08923414884759	0.0
143.0	27.538933781400843	19.105309718750558	19.460062816531792	33.89569368331681	0.0
144.0	28.128554242403435	19.37000540319475	18.954168370712893	33.54727198368892	0.0
145.0	27.377497371188227	19.445095388313057	17.399429172299836	35.77797806819889	0.0
146.0	32.77519201554282	14.738743864278753	19.772910223276703	32.71315389690172	0.0
147.0	33.77217842622408	16.413031156265415	22.191447576037035	27.623342841473463	0.0
148.0	31.607382508246683	17.01043534974727	21.09019302888535	30.2919891131207	0.0
149.0	32.86948579410945	16.734441687178265	23.07428836228463	27.321784156427658	0.0
150.0	28.010265854947903	17.518886103579405	25.957521188247128	28.513326853225557	0.0
