# Position (bp)	A	C	G	T	N
0.0	40.88397790055249	13.355753062695172	19.529185683401394	26.231083353350947	0.0
1.0	18.760509248138362	39.34662503002642	22.772039394667306	19.120826327167908	0.0
2.0	25.564803804994057	31.89060642092747	16.90844233055886	25.63614744351962	0.0
3.0	39.54588457899716	17.928098391674553	17.80983916745506	24.716177861873227	0.0
4.0	39.442607463391596	15.706188001889466	17.831837505904584	27.01936702881436	0.0
5.0	26.256192498230714	30.80915310214673	17.17386175984902	25.760792639773534	0.0
6.0	25.058878944889308	33.2312764955252	16.53320772491757	25.17663683466792	0.0
7.0	40.705882352941174	16.8	16.96470588235294	25.529411764705884	0.0
8.0	41.8566392479436	17.43830787309048	16.09870740305523	24.606345475910693	0.0
9.0	25.299506694855534	32.88700963119568	15.386422363166549	26.42706131078224	0.0
10.0	24.04320262972529	13.453862409016201	16.975815919229866	45.527119042028644	0.0
11.0	22.902015939990626	17.955930614158465	17.088607594936708	42.05344585091421	0.0
12.0	24.982439709669865	14.867712479512996	16.71739639428705	43.432451416530085	0.0
13.0	25.145925752976883	29.815549848237215	15.830025682932526	29.208498715853377	0.0
14.0	22.19114219114219	16.993006993006993	36.36363636363637	24.452214452214452	0.0
15.0	35.87183654515904	16.577664267471558	19.131646157418157	28.41885302995124	0.0
16.0	21.933688847669835	16.78645954092279	19.49918849988407	41.7806631115233	0.0
17.0	27.20537161379949	30.47001620745543	16.18430192174114	26.140310257003936	0.0
18.0	22.822822822822822	17.440517440517443	18.75721875721876	40.97944097944098	0.0
19.0	26.994006454587367	32.82618718303365	16.32088520055325	23.858921161825727	0.0
20.0	22.31670880257412	19.627671799586302	17.78901401976557	40.266605378074004	0.0
21.0	24.759284731774414	17.354424575882625	18.31728564878496	39.569005043558	0.0
22.0	24.331122798993825	15.138348959524354	34.232792133546766	26.297736107935055	0.0
23.0	23.989033584647018	17.866118345899018	18.8256796892849	39.31916838016907	0.0
24.0	39.97262149212868	14.099931553730322	17.180013689253936	28.74743326488706	0.0
25.0	25.233644859813083	14.793708684750397	32.072031000683836	27.900615454752682	0.0
26.0	41.606005459508644	15.036396724294812	16.67424931756142	26.683348498635123	0.0
27.0	21.775658492279746	17.302452316076295	14.41871026339691	46.503178928247046	0.0
28.0	24.313903379451123	30.210932184168747	12.996144250396915	32.47902018598322	0.0
29.0	26.183465458663647	13.771234428086071	14.178935447338617	45.86636466591166	0.0
30.0	26.524112829845315	16.24203821656051	28.503184713375795	28.730664240218378	0.0
31.0	26.646843549862766	14.066788655077767	17.177493138151874	42.10887465690759	0.0
32.0	24.122907590002292	14.010548039440495	15.501031873423527	46.365512497133686	0.0
33.0	23.599907812860106	32.1272182530537	15.948375201659367	28.32449873242683	0.0
34.0	27.517861258354458	15.280018437427978	17.838211569486056	39.36390873473151	0.0
35.0	25.65880721220527	30.582524271844658	15.649560795191864	28.10910772075821	0.0
36.0	26.620370370370374	15.99537037037037	16.041666666666668	41.342592592592595	0.0
37.0	40.04645760743322	16.910569105691057	17.18931475029036	25.853658536585368	0.0
38.0	39.49325894932589	18.572756857275685	13.97024639702464	27.963737796373778	0.0
39.0	42.106492293320876	17.094815506772537	11.980382998598786	28.8183092013078	0.0
40.0	26.309635173058933	31.454630495790457	16.651075771749298	25.58465855940131	0.0
41.0	24.258823529411767	14.729411764705883	34.42352941176471	26.588235294117645	0.0
42.0	42.013232514177695	16.044423440453688	16.233459357277884	25.708884688090738	0.0
43.0	41.72012354478499	16.916132097885484	15.775718698028035	25.588025659301493	0.0
44.0	28.021978021978022	30.721452460582892	15.551839464882944	25.70473005255614	0.0
45.0	32.57205002718869	17.128874388254488	16.286025013594344	34.01305057096248	0.0
46.0	29.825548677546426	16.319639842431062	22.48171074845245	31.373100731570062	0.0
47.0	34.074707727402334	17.821499857427998	18.135158254918736	29.96863416025093	0.0
48.0	28.19634703196347	20.319634703196346	17.83675799086758	33.6472602739726	0.0
49.0	26.238900028645084	20.39530220567173	19.707820108851333	33.657977656831854	0.0
50.0	25.983347688774046	22.882572494975594	18.949181739879414	32.18489807637094	0.0
51.0	27.6878612716763	18.728323699421964	17.22543352601156	36.358381502890175	0.0
52.0	29.314352120859965	18.12899477048228	20.046484601975596	32.51016850668216	0.0
53.0	30.656934306569344	20.32116788321168	21.197080291970803	27.824817518248175	0.0
54.0	30.09082918253736	22.00410196308233	17.198945209493115	30.706123644887196	0.0
55.0	30.076291079812208	16.784037558685448	18.192488262910796	34.94718309859155	0.0
56.0	27.0135214579659	18.636096413874192	22.25161669606114	32.098765432098766	0.0
57.0	32.26186965496903	17.870834562076084	19.1094072544972	30.757888528457684	0.0
58.0	30.428360413589367	18.78877400295421	18.93648449039882	31.84638109305761	0.0
59.0	25.938058368076234	21.67957117331745	21.530673019654557	30.85169743895176	0.0
60.0	27.950868783702816	17.825044937088077	17.855002995805872	36.369083283403235	0.0
61.0	28.914938382927563	16.53140967838894	23.234144875263	31.3195070634205	0.0
62.0	30.241691842900302	19.84894259818731	21.20845921450151	28.700906344410875	0.0
63.0	35.086652477956825	18.090605047126786	19.39799331103679	27.424749163879596	0.0
64.0	29.893129770992367	19.114503816793892	20.85496183206107	30.137404580152673	0.0
65.0	32.332209623046275	17.652467054857492	20.87036469506589	29.14495862703034	0.0
66.0	27.73006134969325	17.515337423312882	21.503067484662576	33.25153374233129	0.0
67.0	28.38212634822804	16.178736517719567	19.84591679506934	35.59322033898305	0.0
68.0	25.46468401486989	18.95910780669145	20.043370508054522	35.53283767038414	0.0
69.0	26.405716060888473	19.633426529978255	22.80211245728487	31.158744951848398	0.0
70.0	28.749610227627066	20.548799501091363	19.76925475522295	30.93233551605862	0.0
71.0	26.968750000000004	20.5	20.8125	31.71875	0.0
72.0	28.217200251098557	18.424356559949782	19.93094789704959	33.42749529190207	0.0
73.0	28.855250709555346	19.110690633869442	20.908230842005675	31.125827814569533	0.0
74.0	31.31152746903779	15.878056525881231	21.435376309939663	31.375039695141314	0.0
75.0	30.727504786215697	19.75111678366305	21.09125717932355	28.4301212507977	0.0
76.0	29.185375240538807	19.88454137267479	17.767799871712636	33.16228351507377	0.0
77.0	29.114331723027377	19.710144927536234	19.452495974235102	31.72302737520129	0.0
78.0	31.318681318681318	18.164188752424046	19.586296056884294	30.930833872010343	0.0
79.0	29.54324586977648	20.440557175251055	19.2095885973437	30.806608357628768	0.0
80.0	30.091086532205598	17.501626545217956	22.77163305139883	29.63565387117762	0.0
81.0	26.6231647634584	18.238172920065253	19.282218597063622	35.856443719412724	0.0
82.0	32.81148075668624	16.34050880626223	22.504892367906066	28.34311806914547	0.0
83.0	29.388689114089573	20.464203988231446	20.823798627002287	29.32330827067669	0.0
84.0	28.9077828646174	20.045781556572923	19.784172661870503	31.262262916939175	0.0
85.0	32.39344262295082	17.37704918032787	20.852459016393443	29.37704918032787	0.0
86.0	32.292009207497536	17.36270963498849	22.32818151923709	28.017099638276882	0.0
87.0	31.48697659083416	17.606330365974284	20.04615891856248	30.86053412462908	0.0
88.0	33.23412698412698	19.212962962962962	17.12962962962963	30.423280423280424	0.0
89.0	28.690159574468083	17.88563829787234	17.5531914893617	35.871010638297875	0.0
90.0	30.83083083083083	14.98164831498165	19.085752419085754	35.10176843510177	0.0
91.0	27.25444183707677	21.220248072410325	18.806570566543748	32.71873952396916	0.0
92.0	28.83580080753701	17.092866756393	18.337819650067296	35.73351278600269	0.0
93.0	33.78332770840365	16.13229834627067	17.81977725278434	32.26459669254134	0.0
94.0	29.627118644067796	15.932203389830507	21.322033898305083	33.11864406779661	0.0
95.0	32.198774676650785	16.099387338325393	21.545268890401633	30.156569094622192	0.0
96.0	28.240109140518417	16.60982264665757	20.1568894952251	34.99317871759891	0.0
97.0	31.485284052019164	16.872005475701574	20.431211498973305	31.211498973305957	0.0
98.0	32.57809818056986	20.631651218674907	16.75248884311706	30.037761757638176	0.0
99.0	31.77441540577717	20.426409903713893	18.259972489683634	29.539202200825308	0.0
100.0	33.09128630705394	12.759336099585061	19.22544951590595	34.923928077455045	0.0
101.0	33.04408191600139	17.91044776119403	18.986463033668866	30.059007289135714	0.0
102.0	33.82147838214784	16.70153417015342	18.967921896792188	30.509065550906556	0.0
103.0	31.068301225919438	18.21366024518389	20.4553415061296	30.262697022767078	0.0
104.0	26.308394801545486	19.599578503688093	20.056199508254302	34.035827186512115	0.0
105.0	30.58491895701198	18.040873854827343	19.908386187455953	31.465821000704718	0.0
106.0	31.696113074204945	18.657243816254418	19.646643109540637	30.0	0.0
107.0	32.79094446409621	17.934205871949064	19.349133356915456	29.925716307039263	0.0
108.0	35.287846481876336	17.34186211798152	16.453447050461975	30.916844349680172	0.0
109.0	30.335474660956457	17.02355460385439	21.306209850107066	31.334760885082087	0.0
110.0	27.223816355810616	19.47632711621234	20.76757532281205	32.53228120516499	0.0
111.0	29.733621310295177	18.538516918646508	19.762419006479483	31.96544276457883	0.0
112.0	25.551138417058183	18.7929165160824	21.97325623418865	33.68268883267076	0.0
113.0	28.265602322206096	20.101596516690854	19.04934687953556	32.583454281567484	0.0
114.0	29.465260094579847	16.842488177519098	20.625682066205894	33.06656966169516	0.0
115.0	27.597520962449874	17.46263215457528	20.30623405030988	34.633612832664966	0.0
116.0	28.764619883040936	19.042397660818715	18.530701754385966	33.66228070175439	0.0
117.0	30.642201834862387	18.128440366972477	18.34862385321101	32.88073394495413	0.0
118.0	29.344624447717234	15.68483063328424	23.379970544918997	31.590574374079527	0.0
119.0	23.07976366322009	21.233382570162483	25.480059084194977	30.20679468242245	0.0
120.0	25.851851851851855	21.0	22.25925925925926	30.88888888888889	0.0
121.0	30.011156563778357	17.999256229081443	19.895872071402007	32.093715135738194	0.0
122.0	28.539409787075083	18.602913709376168	21.1430706014195	31.71460590212925	0.0
123.0	32.459752901535005	19.356046424560088	18.157993260950956	30.026207412953948	0.0
124.0	33.49624060150376	17.18045112781955	19.69924812030075	29.624060150375943	0.0
125.0	28.970199924556773	18.86080724254998	18.93625047152018	33.23274236137307	0.0
126.0	30.461073318216176	18.51851851851852	18.55631141345427	32.464096749811034	0.0
127.0	28.658074298711146	18.688400303260046	21.834723275208493	30.818802122820316	0.0
128.0	29.196802436239054	18.462124095926914	20.40350209364294	31.937571374191094	0.0
129.0	29.904397705544934	18.011472275334608	18.35564053537285	33.72848948374761	0.0
130.0	29.61258151131569	20.5216724204066	17.337936325278097	32.527809742999615	0.0
131.0	29.044684129429893	20.531587057010785	19.60708782742681	30.81664098613251	0.0
132.0	29.368461836497485	16.388996512979464	23.169314219294847	31.073227431228208	0.0
133.0	29.388867263526663	21.60373686259245	18.995718178279485	30.011677695601403	0.0
134.0	25.566849100860047	22.869429241594997	20.60203283815481	30.961688819390147	0.0
135.0	26.559435072577482	16.04550804236956	20.400156924284033	36.994899960768926	0.0
136.0	24.605678233438486	17.350157728706623	21.529968454258675	36.51419558359621	0.0
137.0	27.621685793430945	16.937079540957658	20.34032449544915	35.100910170162244	0.0
138.0	30.915576694411417	17.796274276654774	20.332936979785966	30.95521204914784	0.0
139.0	28.400954653937948	18.217979315831347	19.888623707239457	33.49244232299125	0.0
140.0	28.246104674390732	17.179384738314024	21.21454254894127	33.359968038353976	0.0
141.0	28.904054596547574	15.69650742673625	20.71457246085909	34.68486551585708	0.0
142.0	30.096696212731665	16.881547139403708	18.5334407735697	34.48831587429492	0.0
143.0	31.672742000810043	20.69663831510733	19.157553665451598	28.473066018631027	0.0
144.0	30.979591836734695	18.244897959183675	17.51020408163265	33.265306122448976	0.0
145.0	28.72996300863132	19.564323879983558	17.55034936292643	34.1553637484587	0.0
146.0	31.29139072847682	18.75	18.087748344370862	31.870860927152318	0.0
147.0	31.463009143807145	17.45635910224439	16.29260182876143	34.78802992518703	0.0
148.0	26.540880503144653	20.838574423480082	19.958071278825994	32.66247379454927	0.0
149.0	30.05050505050505	20.2020202020202	16.372053872053872	33.37542087542087	0.0
150.0	29.314720812182742	17.766497461928935	19.035532994923855	33.88324873096447	0.0
151.0	26.36710470538364	18.863925392115302	21.025858414582448	33.74311148791861	0.0
152.0	29.3992330634853	20.87771623348956	17.170856412441417	32.55219429058373	0.0
153.0	32.78969957081545	19.184549356223176	18.583690987124463	29.442060085836907	0.0
154.0	32.45689655172414	15.086206896551724	22.370689655172413	30.086206896551726	0.0
155.0	28.781967923710443	20.112700476809707	18.075422626788036	33.02990897269181	0.0
156.0	33.37690631808279	15.904139433551197	18.21350762527233	32.50544662309368	0.0
157.0	31.989482909728306	17.5284837861525	21.297107800175286	29.18492550394391	0.0
158.0	27.328918322295802	22.649006622516556	17.08609271523179	32.93598233995585	0.0
159.0	36.977777777777774	14.08888888888889	19.11111111111111	29.822222222222223	0.0
160.0	26.482389656709763	20.017833259028087	22.91573785109229	30.584039233169865	0.0
161.0	29.51996410946613	17.631224764468374	21.75863615971288	31.090174966352624	0.0
162.0	32.24785165083672	17.91044776119403	20.714608774310268	29.12709181365898	0.0
163.0	29.68536251709986	17.73825809393525	18.695850433196533	33.880528955768355	0.0
164.0	32.36648250460405	15.699815837937384	21.224677716390424	30.709023941068143	0.0
165.0	29.313543599257883	17.300556586270872	22.12430426716141	31.261595547309835	0.0
166.0	27.507029053420805	20.00937207122774	20.384254920337394	32.09934395501406	0.0
167.0	27.530747398297066	19.25260170293283	22.09082308420057	31.125827814569533	0.0
168.0	29.442591710338256	17.770366841353024	18.913768461171987	33.87327298713673	0.0
169.0	28.455284552845526	18.125298900047824	18.938307030129124	34.48110951697752	0.0
170.0	31.56881616939365	17.131857555341675	17.757459095283927	33.54186717998075	0.0
171.0	30.194174757281555	19.611650485436893	15.87378640776699	34.320388349514566	0.0
172.0	30.795510004880427	20.44899951195705	16.495851634943875	32.25963884821864	0.0
173.0	29.793510324483773	16.420845624385446	19.862340216322515	33.92330383480826	0.0
174.0	30.49925852694019	20.415224913494807	18.091942659416706	30.9935739001483	0.0
175.0	28.24465440079563	18.84634510193933	21.133764296369964	31.77523620089508	0.0
176.0	29.87987987987988	18.31831831831832	17.917917917917915	33.88388388388389	0.0
177.0	28.888888888888886	21.71717171717172	19.141414141414142	30.252525252525253	0.0
178.0	27.679024885728797	18.232605383443374	23.51447435246318	30.57389537836465	0.0
179.0	24.591002044989775	19.88752556237219	25.102249488752555	30.41922290388548	0.0
180.0	29.927760577915375	15.944272445820435	21.878224974200204	32.24974200206398	0.0
181.0	27.42857142857143	18.649350649350648	20.623376623376625	33.2987012987013	0.0
182.0	32.13354199269693	17.110067814293167	19.561815336463223	31.194574856546687	0.0
183.0	27.401574803149607	22.30971128608924	21.73228346456693	28.556430446194227	0.0
184.0	28.93347412882788	20.116156282998944	19.271383315733896	31.678986272439282	0.0
185.0	28.761297182349814	19.936204146730464	23.07283359914939	28.22966507177033	0.0
186.0	30.74866310160428	17.860962566844922	23.20855614973262	28.18181818181818	0.0
187.0	32.47033441208199	21.08953613807983	17.367853290183387	29.072276159654802	0.0
188.0	28.726877040261158	18.661588683351468	20.511425462459197	32.10010881392819	0.0
189.0	30.082191780821915	17.917808219178085	20.54794520547945	31.452054794520546	0.0
190.0	30.607734806629832	17.07182320441989	18.784530386740332	33.53591160220994	0.0
191.0	28.809788654060064	19.243604004449388	20.133481646273637	31.81312569521691	0.0
192.0	31.2710911136108	18.89763779527559	20.3037120359955	29.527559055118108	0.0
193.0	29.76796830786644	18.222976796830785	20.939445387662705	31.069609507640067	0.0
194.0	26.54462242562929	22.36842105263158	22.99771167048055	28.08924485125858	0.0
195.0	28.191796649335643	18.13980358174466	20.912767186597343	32.755632582322356	0.0
196.0	29.256875365710943	18.431831480397893	22.35225277940316	29.959040374488005	0.0
197.0	28.98809523809524	19.28571428571429	21.547619047619047	30.178571428571427	0.0
198.0	26.409313725490197	24.264705882352942	21.262254901960784	28.063725490196077	0.0
199.0	28.08041504539559	24.96757457846952	16.926070038910506	30.025940337224384	0.0
200.0	27.81557067271353	15.797430083144368	21.390778533635675	34.99622071050643	0.0
201.0	32.460732984293195	17.801047120418847	19.581151832460733	30.157068062827225	0.0
202.0	37.18220338983051	17.796610169491526	16.41949152542373	28.60169491525424	0.0
203.0	35.60767590618337	17.48400852878465	19.189765458422176	27.718550106609808	0.0
204.0	36.06911447084234	15.550755939524837	22.570194384449245	25.80993520518359	0.0
205.0	33.47826086956522	15.108695652173912	25.0	26.413043478260867	0.0
206.0	33.87978142076503	20.546448087431692	18.907103825136613	26.666666666666668	0.0
207.0	29.911699779249446	24.282560706401764	16.00441501103753	29.80132450331126	0.0
208.0	30.14460511679644	16.68520578420467	20.133481646273637	33.03670745272525	0.0
209.0	25.675675675675674	20.945945945945947	19.93243243243243	33.44594594594595	0.0
210.0	25.340909090909093	16.818181818181817	19.886363636363637	37.95454545454545	0.0
211.0	30.205949656750576	20.022883295194507	21.96796338672769	27.80320366132723	0.0
212.0	28.35648148148148	16.203703703703702	24.074074074074073	31.365740740740737	0.0
213.0	27.304550758459744	22.170361726954493	17.736289381563594	32.78879813302217	0.0
214.0	29.230769230769234	26.627218934911244	16.449704142011832	27.692307692307693	0.0
215.0	28.520286396181383	22.0763723150358	19.09307875894988	30.310262529832936	0.0
216.0	30.048076923076923	18.629807692307693	18.509615384615387	32.8125	0.0
217.0	27.784577723378213	18.482252141982862	24.112607099143208	29.620563035495717	0.0
218.0	25.637755102040817	19.260204081632654	19.51530612244898	35.58673469387755	0.0
219.0	18.169014084507044	19.43661971830986	28.87323943661972	33.52112676056338	0.0
220.0	0.0	31.05590062111801	24.016563146997928	44.927536231884055	0.0
