# Position (bp)	A	C	G	T	N
0.0	25.84791405276089	24.40806380686884	24.597273603821314	25.14674853654896	0.0
1.0	25.068482650389512	20.48992831006201	14.924174879878002	39.51741415967048	0.0
2.0	27.42709933358329	18.853182714287442	18.847538531625567	34.8721794205037	0.0
3.0	23.172205925018535	22.819219238580317	15.290448405918571	38.71812643048258	0.0
4.0	33.29117085471669	13.59820500632437	14.520274244096582	38.59034989486235	0.0
5.0	34.70965871104417	15.387806390810892	23.172529340217647	26.730005557927296	0.0
6.0	32.21941662337453	17.889921188177823	20.436706898148707	29.45395529029894	0.0
7.0	34.245847176079735	17.39816772374912	19.73502466525722	28.620960434913922	0.0
8.0	23.30384431084678	26.634345516849816	21.822816208358667	28.238993963944736	0.0
9.0	29.56079176665754	18.597497141200535	15.582872972668266	36.25883811947366	0.0
10.0	26.294852799072345	16.660358822392578	24.851430135927334	32.193358242607744	0.0
11.0	27.690412348720923	18.237633967034647	19.932201206206567	34.13975247803786	0.0
12.0	26.09212014831336	19.5347694983353	21.233690160350736	33.13942019300061	0.0
13.0	26.735212299566424	21.111598677933486	18.309655030817353	33.84353399168273	0.0
14.0	30.38266148185719	18.055857466045133	20.222769686576658	31.338711365521014	0.0
15.0	30.083522853060156	18.83269265602673	18.861271559965385	32.22251293094773	0.0
16.0	29.46243137507446	16.987184647336306	18.768212773493474	34.78217120409576	0.0
17.0	29.957746478873236	18.102213279678068	20.290543259557346	31.64949698189135	0.0
18.0	30.77012835472579	17.690419667645756	18.485897074799823	33.05355490282863	0.0
19.0	29.529645111584063	18.060243726791036	19.51584545999509	32.894265701629806	0.0
20.0	30.456191165821867	17.60157695711642	19.559095663367927	32.38313621369378	0.0
21.0	29.835274241235744	17.464148514652347	19.44286892334922	33.25770832076269	0.0
22.0	28.933607922321347	18.397596273741623	19.43937187768991	33.229423926247115	0.0
23.0	29.193580822909542	17.667216345573745	20.440413465792542	32.69878936572417	0.0
24.0	30.21298329432393	18.69957934190736	18.532281285942943	32.55515607782577	0.0
25.0	29.818028270966963	17.727866808758773	19.0573663362355	33.396738584038765	0.0
26.0	30.88207499748668	17.79350557957173	19.796521564290742	31.52789785865085	0.0
27.0	29.334346651225633	18.175786527697355	19.403429196422827	33.08643762465419	0.0
28.0	29.330942165641975	17.72386034186728	19.65596136602156	33.28923612646918	0.0
29.0	29.52460987289959	18.24399580218817	19.607078379258628	32.62431594565361	0.0
30.0	30.01379232696259	18.137915227452762	19.28392490218707	32.56436754339758	0.0
31.0	29.700374381225448	18.0736457332202	19.51044929768334	32.71553058787101	0.0
32.0	29.64081488213484	18.250802255161375	19.636954406170325	32.47142845653345	0.0
33.0	30.417122450292773	17.862830577182937	19.4501640821054	32.26988289041889	0.0
34.0	29.478641346749352	18.11202535209002	19.60282798059986	32.80650532056077	0.0
35.0	29.887632315562563	18.273623757279367	19.58672500884785	32.25201891831022	0.0
36.0	29.8754836270622	17.50026142003362	18.849188793526437	33.775066159377744	0.0
37.0	28.89266954640154	18.94069194076434	18.993379827376785	33.17325868545734	0.0
38.0	29.741708696316678	18.05103083246861	19.53514000498725	32.67212046622747	0.0
39.0	28.589700275109802	18.93632253808903	19.921730456746626	32.55224673005454	0.0
40.0	30.116963768582277	18.067443207413607	19.46875603320677	32.34683699079735	0.0
41.0	29.639953822700082	18.217105713033018	20.335710579348127	31.80722988491877	0.0
42.0	29.737611674932925	18.610946858620842	18.995498811348305	32.65594265509793	0.0
43.0	29.79267733449183	18.2945960949002	19.261216904399873	32.65150966620809	0.0
44.0	29.47312104780447	18.166824888574233	20.340230735812323	32.01982332780898	0.0
45.0	29.24811031952596	18.974041281322034	19.33407619867491	32.44377220047709	0.0
46.0	29.93478881795178	17.690695438435576	19.22502886429557	33.149486879317074	0.0
47.0	29.458502635072612	17.88671199259766	19.661664722211047	32.99312065011868	0.0
48.0	30.439557787003956	18.289964919056352	19.02738888352483	32.243088410414856	0.0
49.0	29.25254362073197	18.18251308521381	19.09013006762873	33.474813226425496	0.0
50.0	29.413279263622027	18.47261111647517	19.838032248720673	32.27607737118213	0.0
51.0	29.736808226452744	18.20899245264801	19.327416681418068	32.72678263948118	0.0
52.0	29.460966542750928	18.416775294098713	19.124462897697097	32.997795265453256	0.0
53.0	30.51405948879707	17.956073401434715	19.74966908199927	31.780198027768947	0.0
54.0	29.941902570127297	17.952266765373288	19.586558733121972	32.51927193137744	0.0
55.0	28.887208001738106	17.83291624085682	19.01780756882026	34.26206818858481	0.0
56.0	29.013555216686314	18.16415130019836	20.310695705704134	32.51159777741119	0.0
57.0	28.684204173272065	18.082837760628326	19.22755035528338	34.00540771081623	0.0
58.0	29.52722005391703	17.756005311230034	19.072948939765823	33.64382569508711	0.0
59.0	29.54615870563288	17.69453933841133	20.31441757905707	32.44488437689872	0.0
60.0	29.645098985997105	18.185659101883147	19.870030581039757	32.29921133107999	0.0
61.0	29.76979442050242	17.629779854094487	19.742311391172436	32.858114334230656	0.0
62.0	28.93582603656966	18.095705639969097	19.94873486994592	33.01973345351532	0.0
63.0	28.97485835694051	18.023676925057945	19.735465490600053	33.265999227401494	0.0
64.0	28.661277277245052	18.14311524950405	19.49193804750657	33.70366942574432	0.0
65.0	29.22447928403567	17.90755883205099	20.593229887647684	32.27473199626566	0.0
66.0	30.111308742927505	17.78203446305403	20.21947862759459	31.887178166423872	0.0
67.0	28.887565344418913	17.59339372452121	19.527467795614328	33.99157313544555	0.0
68.0	29.4086635974373	17.91837030359615	19.990904993400083	32.68206110556647	0.0
69.0	29.658650053927015	17.710597060575328	19.64754269892629	32.98321018657137	0.0
70.0	28.43712521832919	17.978654045831018	19.812216775730647	33.772003960109146	0.0
71.0	29.591590334680212	17.621017724045785	20.689322107567733	32.09806983370627	0.0
72.0	29.733449778847433	18.03671253385707	19.870729380893547	32.35910830640196	0.0
73.0	29.726444747634513	17.546655719626997	19.116268025387473	33.610631507351016	0.0
74.0	29.33998221063096	17.89642723463856	20.568857334894933	32.19473321983555	0.0
75.0	30.16139418819931	17.664815262014006	19.0787249456653	33.09506560412139	0.0
76.0	28.987659687507545	18.2959421059834	19.457927825673966	33.258470380835085	0.0
77.0	28.924934594485812	18.128396055544375	20.916884685047293	32.029784664922516	0.0
78.0	29.866287775112298	17.990372075799776	18.590104812352077	33.553235336735845	0.0
79.0	29.578048711766574	17.983344134019745	19.031480311220772	33.4071268429929	0.0
80.0	30.357150044880232	18.18474555122183	19.716711144385542	31.741393259512396	0.0
81.0	30.209754742727412	18.231072361562273	19.44306915747908	32.11610373823123	0.0
82.0	29.770918619956767	17.946116967962418	18.313226823171394	33.96973758890942	0.0
83.0	29.857421183138506	18.41126461211477	19.84188323189386	31.889430972852868	0.0
84.0	30.38470982726903	17.958224143691556	19.004431992464404	32.65263403657501	0.0
85.0	29.61029237129504	17.181996401212476	19.010776235120787	34.196934992371695	0.0
86.0	30.416807561631483	17.393282128077548	20.08196061381898	32.10794969647199	0.0
87.0	29.680725583417537	18.50752998103918	19.781246100150156	32.030498335393126	0.0
88.0	29.755276707608203	17.612911277239	19.18696634098622	33.44484567416657	0.0
89.0	29.7926731078905	18.297101449275363	19.971819645732687	31.93840579710145	0.0
90.0	30.058978642887336	18.096177459288633	19.536222548763057	32.30862134906097	0.0
91.0	29.90543211765227	18.063713550703923	19.51101681609385	32.51983751554995	0.0
92.0	29.05966045195238	18.468611734013987	20.429246061621086	32.04248175241254	0.0
93.0	30.10491650160233	18.262154371386703	19.422033270528367	32.2108958564826	0.0
94.0	29.75679081433408	17.523863970336613	19.60126737711716	33.118077838212145	0.0
95.0	30.34729323853159	17.94522864343863	20.219182053160907	31.48829606486887	0.0
96.0	29.86854554604932	18.70880724710619	19.130749874182186	32.29189733266231	0.0
97.0	29.700327332901182	18.132149083427613	19.119784515905643	33.047739067765555	0.0
98.0	28.790288486703037	17.630503492843193	21.102812393050552	32.476395627403214	0.0
99.0	29.490137340403688	18.576588111660044	19.265504648475403	32.667769899460865	0.0
100.0	29.37935151793854	18.368952247259	19.47503448943534	32.77666174536712	0.0
101.0	29.63865845178609	18.624169213603068	20.335063632982422	31.40210870162842	0.0
102.0	30.1909069811943	17.642101320348345	19.377323230883857	32.7896684675735	0.0
103.0	29.132325026024127	17.410242279509315	19.579123548261997	33.87830914620456	0.0
104.0	29.940450837128534	17.873349497067593	19.417777923397004	32.768421742406865	0.0
105.0	30.257808035585814	17.908429019540133	19.18534140756363	32.648421537310426	0.0
106.0	29.102658743087144	17.686600710152877	19.63024212006615	33.58049842669383	0.0
107.0	29.730221931574548	17.88117844755511	20.144781172652998	32.24381844821734	0.0
108.0	29.188401222672606	18.34507276230979	20.40501029968769	32.061515715329925	0.0
109.0	28.462095786940267	18.078098585098143	20.009743585472897	33.450062042488696	0.0
110.0	29.17498142226156	17.76115290522431	21.04294171182379	32.02092396069034	0.0
111.0	29.13964367306292	18.508832857728645	20.030209963430043	32.321313505778384	0.0
112.0	28.811056815083575	17.893081101486967	19.159833057192593	34.13602902623686	0.0
113.0	30.326063194713033	17.582440681386316	20.297812231994214	31.793683891906436	0.0
114.0	30.022890240663692	18.330319240870253	18.704656878243313	32.94213364022275	0.0
115.0	29.378115447546328	17.290073269829996	20.107558250149037	33.22425303247464	0.0
116.0	30.186566689427323	17.813959208947058	20.31706582636023	31.682408275265388	0.0
117.0	30.004339576082977	18.30280030291943	19.231129225768573	32.46173089522902	0.0
118.0	29.28094030882692	17.885158724061696	19.615801558645533	33.218099408465854	0.0
119.0	30.123421907709698	17.985435958028845	19.80701146029993	32.08413067396153	0.0
120.0	29.349786181668296	18.30293506448898	19.396929259621825	32.950349494220895	0.0
121.0	29.444257876744768	17.492874549008462	19.582289271783214	33.480578302463556	0.0
122.0	29.619281229217233	17.97315621734136	19.846952436064637	32.56061011737677	0.0
123.0	28.734357606026084	18.505347327202713	19.395052477010175	33.36524258976103	0.0
124.0	28.94522982786269	17.947302776534396	19.324053592459162	33.78341380314375	0.0
125.0	28.882101405009163	18.169561043721092	20.002181691247053	32.94615586002269	0.0
126.0	29.195136479904694	18.003433897473634	19.751918427415116	33.04951119520656	0.0
127.0	29.832769742888427	17.357999393169194	19.011833200680705	33.79739766326167	0.0
128.0	29.053609803238032	17.579726324800657	20.791725318706728	32.574938553254576	0.0
129.0	30.020373815218353	17.93914429976083	18.899813978208876	33.14066790681194	0.0
130.0	30.065240385042706	17.48246775756175	19.409458966997608	33.04283289039793	0.0
131.0	29.612851735100165	18.030060504456465	20.073479251474712	32.28360850896866	0.0
132.0	30.300007157939945	18.128825024158047	18.68893382484521	32.8822339930568	0.0
133.0	29.569858684527123	18.08236519365786	19.70515882279004	32.64261729902498	0.0
134.0	30.339235031761046	17.243771680857773	20.080641528134432	32.336351759246746	0.0
135.0	29.166044919534617	18.065032489113772	20.074519219899525	32.69440337145208	0.0
136.0	28.32387008857597	18.34612764024529	19.492164433340903	33.83783783783784	0.0
137.0	30.64825207369487	17.58328998877604	22.893226386341446	28.875231551187643	0.0
138.0	29.94852897365032	19.94307478653045	19.803740930695156	30.304655309124072	0.0
139.0	30.30004465909457	18.909673528206593	19.580020349814227	31.21026146288461	0.0
140.0	28.74716377768638	21.045578265872447	19.75212225677805	30.45513569966312	0.0
141.0	31.016461859494555	16.980755854393696	20.84859726408532	31.154185022026432	0.0
142.0	26.831766129783073	19.451633926077648	24.308723582534213	29.407876361605062	0.0
143.0	26.721938179404976	18.813968052193257	19.07942086421715	35.38467290418462	0.0
144.0	27.462898123550893	19.233368690803616	18.348180341872318	34.95555284377318	0.0
145.0	27.175266484293935	19.351004622205455	16.608810489576456	36.86491840392416	0.0
146.0	33.37397583273635	14.275480237782343	19.058643805656107	33.2919001238252	0.0
147.0	34.39704061951234	16.007427238967097	21.835506808302387	27.76002533321818	0.0
148.0	31.548732819342263	16.827492970992488	20.747572910645886	30.876201299019367	0.0
149.0	32.91353344085796	16.818353197461303	22.580172179049455	27.68794118263128	0.0
150.0	26.84118813467663	18.405538753246407	25.25086626474653	29.502406847330438	0.0
