# Position (bp)	A	C	G	T	N
0.0	26.048126042003535	23.758387049171578	24.09711342126718	26.096373487557706	0.0
1.0	26.369544558766123	20.384009373191375	15.600107693322071	37.646338374720436	0.0
2.0	28.62610127404831	19.36708036220203	18.03927308457188	33.96754527917778	0.0
3.0	22.753952340057584	22.554849421306876	15.616220591125776	39.07497764750976	0.0
4.0	33.65324466927763	13.299333764310104	15.10373516686751	37.94368639954476	0.0
5.0	34.51068524357481	14.929204345117967	23.51032072727539	27.049789684031833	0.0
6.0	30.943800040790926	17.491698000721687	21.344074072137182	30.220427886350205	0.0
7.0	35.03502528514426	17.091920781930668	20.2964663553308	27.576587577594275	0.0
8.0	22.807710007896706	26.569888452507335	22.786608548313716	27.835792991282247	0.0
9.0	27.570808863135987	18.517851259550568	15.89665514410179	38.01468473321166	0.0
10.0	26.169418310941907	16.602874191372198	25.1285960077189	32.099111489967	0.0
11.0	27.982130436828978	18.31145179087852	19.34514875613825	34.36126901615425	0.0
12.0	25.65821126561691	20.073998922701197	21.06848691814098	33.19930289354092	0.0
13.0	26.418883583744297	20.656943086199593	18.94729341749512	33.97687991256099	0.0
14.0	30.4433398354766	18.600479031895368	20.218453710143866	30.737727422484166	0.0
15.0	29.733786914480255	18.299397549406702	19.945821283449867	32.02099425266318	0.0
16.0	29.732387994916827	17.6938614886596	18.618743430307656	33.95500708611592	0.0
17.0	30.27645003896056	17.82968742645867	19.85493073387059	32.03893180071018	0.0
18.0	31.57873956039933	17.47063576318253	18.91645181702655	32.03417285939159	0.0
19.0	29.818493455148285	18.40605536060747	20.182343281786853	31.59310790245739	0.0
20.0	29.73836281959429	17.48416736830545	20.126177315015767	32.6512924970845	0.0
21.0	29.105109847870764	18.166840115260513	19.876882004403328	32.851168032465395	0.0
22.0	29.62103661247052	18.726421014648125	22.93714275255074	28.71539962033062	0.0
23.0	29.62086665028057	20.14514771021708	21.420622427687626	28.813363211814725	0.0
24.0	32.70089530852059	19.209375114397627	17.983202506027123	30.106527071054657	0.0
25.0	29.00400849287989	21.021276651378788	19.72579869155262	30.248916164188707	0.0
26.0	31.598899690930292	16.694588403872	22.14239955234574	29.564112352851968	0.0
27.0	26.005339427567343	20.8182372044619	25.004693571245536	28.17172979672522	0.0
28.0	26.37797499202485	19.734218356962437	18.974238961609462	34.91356768940325	0.0
29.0	28.083179495761406	19.836483299253736	17.41985629043139	34.660480914553474	0.0
30.0	26.544038902143186	19.096095565145717	16.31792714131451	38.04193839139659	0.0
31.0	33.87595891746663	14.444435227091223	18.54631542230423	33.133290433137915	0.0
32.0	33.89442684296665	15.50921629169685	23.005421691219755	27.590935174116744	0.0
33.0	31.156464474244927	17.57328380497305	20.939730264207128	30.3305214565749	0.0
34.0	33.34996654784628	16.41439222653859	21.677791576077638	28.55784964953749	0.0
35.0	26.278249222002938	20.10806155558902	25.678188568896132	27.93550065351191	0.0
