# Position (bp)	A	C	G	T	N
0.0	27.612325989659293	22.99572938397253	21.61107472636462	27.78086990000356	0.0
1.0	26.869072590980657	18.771022195253366	14.519033096716482	39.84087211704949	0.0
2.0	29.218534429106825	17.741991157246005	18.703878615576595	34.33559579807058	0.0
3.0	25.757539311094956	20.589444180075407	15.288525395987051	38.36449111284258	0.0
4.0	34.27508407368368	14.819764426374876	14.270252973949708	36.63489852599173	0.0
5.0	35.371408677615534	14.941552963020657	22.646776238961134	27.040262120402677	0.0
6.0	33.100621297228464	16.455124526029564	20.17987615872508	30.264378018016885	0.0
7.0	34.05594990434573	16.35269765934537	19.71585979071056	29.875492645598335	0.0
8.0	25.250917058596624	23.203751655618753	22.495507484389883	29.04982380139474	0.0
9.0	29.742728803690504	18.188888552053747	17.168940129644362	34.89944251461139	0.0
10.0	28.92562329027018	15.494895244586097	23.24155888683196	32.33792257831177	0.0
11.0	28.884131701162662	16.973369388542263	20.88219584166509	33.26030306862998	0.0
12.0	27.95663071722584	18.282788795815677	20.779982314463883	32.9805981724946	0.0
13.0	27.113788252214288	19.774401040196835	18.846460174216244	34.26535053337263	0.0
14.0	30.415105856383157	17.268554132245225	21.75145907889896	30.56488093247266	0.0
15.0	30.653122952164658	18.091498458930417	19.420089610923043	31.835288977981886	0.0
16.0	29.97733146745566	16.868774383826647	18.824601576241623	34.32929257247607	0.0
17.0	30.01776625873943	17.283330023932194	20.88225150751931	31.816652209809064	0.0
18.0	30.979571703862856	17.525404741103635	18.962219983530286	32.532803571503216	0.0
19.0	29.746395628671117	17.77090650317724	19.90035142424524	32.5823464439064	0.0
20.0	30.76331506860766	17.006883753589204	20.574983595183465	31.65481758261967	0.0
21.0	30.296967012024123	17.54541959050274	19.973857875445628	32.18375552202751	0.0
22.0	29.31880063441249	17.943885003332966	19.693534467446657	33.04377989480789	0.0
23.0	28.846915311185246	17.420230410076446	20.975424248534473	32.75743003020384	0.0
24.0	29.49620145255786	18.627612807247747	19.10786370360465	32.76832203658975	0.0
25.0	29.64926173010265	17.098046671778597	19.5268052459263	33.725886352192454	0.0
26.0	30.675919474248868	17.21226961564216	20.267137733883935	31.844673176225037	0.0
27.0	29.961411821729723	18.177810648415104	19.896311245936438	31.964466283918735	0.0
28.0	29.800616108446786	17.52232061247322	19.53161969248897	33.14544358659102	0.0
29.0	29.832459890757875	17.7136661294046	20.872474598437517	31.58139938140001	0.0
30.0	30.176597536032958	18.184135261219364	19.55839125557025	32.080875947177425	0.0
31.0	30.65646156529987	17.09194306063205	19.70533762178797	32.54625775228011	0.0
32.0	30.45704687049503	17.49913295643054	20.46703354100594	31.576786632068494	0.0
33.0	29.46179425594887	18.076491931144933	20.453218191828448	32.00849562107775	0.0
34.0	29.9358638839177	17.073537662077158	19.72600850621041	33.264589947794725	0.0
35.0	29.504538388245322	17.604537552446384	20.94491249185096	31.946011567457333	0.0
36.0	30.21523204754099	17.668753062467545	19.696642020659183	32.41937286933228	0.0
37.0	29.77710633158437	17.942240303906022	18.905737730609378	33.37491563390023	0.0
38.0	30.48348422080941	17.23136718158215	20.431400615391045	31.853747982217396	0.0
39.0	30.42046378277396	17.708335510079554	20.22430586175119	31.646894845395295	0.0
40.0	29.661091328552086	17.684249460855607	19.767060367454068	32.887598843138235	0.0
41.0	30.10157222222803	17.622430523701404	21.151911127178955	31.124086126891616	0.0
42.0	30.33837595424234	18.289688435826225	19.05924713857908	32.31268847135235	0.0
43.0	29.25415585623334	17.685468374323293	19.944139273559777	33.11623649588359	0.0
44.0	29.86756779914275	17.381177783489964	20.539843555711595	32.211410861655686	0.0
45.0	29.03057268667228	18.81905709311827	19.534628076547705	32.61574214366174	0.0
46.0	29.884383640661344	16.782659218063905	19.36124678408039	33.97171035719436	0.0
47.0	30.182176525113146	17.165641338072106	19.98518176374632	32.667000373068426	0.0
48.0	30.029103639261173	18.053556966324425	19.70729158502495	32.21004780938945	0.0
49.0	29.873100770090115	17.453216163427566	19.44798887241209	33.22569419407023	0.0
50.0	29.690723373303594	17.816795871574016	20.419008483840155	32.073472271282235	0.0
51.0	29.975168833123274	18.040009949188075	19.596660751498128	32.38816046619053	0.0
52.0	29.792911003464546	17.515036552801686	19.00912905568881	33.68292338804496	0.0
53.0	29.88657112010627	17.88514137065732	20.591736508045997	31.636551001190412	0.0
54.0	30.31409940854871	17.970127477139922	19.41672179841325	32.29905131589811	0.0
55.0	29.232599071058583	17.424758671722472	19.386321734804365	33.95632052241458	0.0
56.0	30.070885366801985	17.514496904121845	20.421716717742036	31.992901011334133	0.0
57.0	29.836108410941435	17.866169138628454	18.748549747577687	33.549172702852424	0.0
58.0	29.58409243180134	17.39733487191226	19.56900975931483	33.449562936971574	0.0
59.0	30.281016614316847	17.606054112814295	20.322147370401535	31.790781902467323	0.0
60.0	30.19332180057385	18.241341284317365	19.732516632782655	31.832820282326136	0.0
61.0	29.801234509828518	17.417564325697352	19.579158630854383	33.202042533619746	0.0
62.0	29.31630686118324	17.63538177849697	20.6365483761713	32.41176298414849	0.0
63.0	28.770704731838116	18.055519258210023	19.990069046262565	33.183706963689296	0.0
64.0	29.73344790745422	17.75449358447646	19.199110168871382	33.31294833919794	0.0
65.0	29.207585435462118	17.898951461994418	20.870924239731544	32.02253886281192	0.0
66.0	29.92111167099824	17.813018142433894	20.123632835777205	32.14223735079066	0.0
67.0	29.178014165860798	17.69028514675518	19.286270614986538	33.845430072397484	0.0
68.0	29.673531561124882	17.148610206490478	21.224787221029807	31.953071011354833	0.0
69.0	30.660074563668715	18.136681937651726	19.541598623311287	31.66164487536827	0.0
70.0	29.360485783229272	17.4563710955633	19.595159732183557	33.587983389023876	0.0
71.0	30.01471047957	17.628737606656205	20.89651329223042	31.46003862154338	0.0
72.0	30.27655883893592	18.167921851295386	19.516578788059384	32.03894052170931	0.0
73.0	30.269505592742924	17.132571741644345	19.275986022847754	33.32193664276498	0.0
74.0	30.00572985610533	17.949924403540802	20.62769109802027	31.416654642333597	0.0
75.0	30.325755310227713	17.74307218396381	19.530575242429123	32.400597263379346	0.0
76.0	29.354795534679845	18.1797839280262	19.109675557433068	33.35574497986089	0.0
77.0	29.041446551139998	17.837827663659294	20.702257412821705	32.418468372379	0.0
78.0	30.318655566930424	17.738280600523478	19.570761864228654	32.372301968317444	0.0
79.0	29.82706929672198	17.778598086959978	19.14002085165522	33.25431176466282	0.0
80.0	30.74460764936806	17.82659982306104	20.19906678295279	31.229725744618108	0.0
81.0	30.710885506209713	18.130623564696876	19.768385474836965	31.390105454256446	0.0
82.0	30.086967616171208	17.59473258190078	18.523809424210796	33.79449037771722	0.0
83.0	30.16919160756081	17.598520802263977	20.5673744031023	31.66491318707292	0.0
84.0	30.326701277186757	18.363063240197288	18.763622140134956	32.546613342480995	0.0
85.0	30.385681759471044	17.35792777500625	19.53331639040277	32.72307407511993	0.0
86.0	30.379237133025843	17.160637151851734	20.957924131655737	31.502201583466682	0.0
87.0	29.721266381483304	17.98192676574871	19.723149010051145	32.57365784271684	0.0
88.0	29.04158360335447	17.5014485962736	19.82003936834927	33.636928432022664	0.0
89.0	29.542445104081033	18.164759926449822	20.629506674113728	31.663288295355418	0.0
90.0	29.738176523747363	18.17545687318004	19.491059175954746	32.595307427117845	0.0
91.0	29.822058398985824	17.5990853977432	19.097865788603873	33.480990414667104	0.0
92.0	30.106795811846908	17.844000711274752	20.323211614698284	31.72599186218006	0.0
93.0	30.765972046434463	18.275882989161246	19.281621398849808	31.676523565554483	0.0
94.0	30.794769874476984	17.264748953974895	18.942991631799163	32.997489539748955	0.0
95.0	30.882243721907187	17.605438590435185	20.62400691225681	30.888310775400818	0.0
96.0	30.313348292039983	18.592521692739798	19.059589001689393	32.034541013530834	0.0
97.0	30.09044330399453	17.50223336171673	19.54050282543794	32.86682050885081	0.0
98.0	29.35191607013404	17.624414059026655	21.18509405915219	31.838575811687125	0.0
99.0	29.508562007471422	18.563587119694446	19.14962616734438	32.77822470548975	0.0
100.0	30.010768976130166	17.834807258373715	19.342673429751287	32.811750335744826	0.0
101.0	29.94830043853899	18.138480144074897	20.287331667004057	31.62588775038206	0.0
102.0	30.788999420270375	17.68448425067845	19.655564984330496	31.870951344720677	0.0
103.0	29.389581503935723	17.109069780892938	19.839731624084425	33.66161709108691	0.0
104.0	30.29599780141792	17.78598151211484	20.270442443584994	31.647578242882247	0.0
105.0	30.718669637180483	18.10154222807515	19.3425365840286	31.837251550715763	0.0
106.0	30.442911162298714	17.530123152865368	19.00656407094855	33.020401613887365	0.0
107.0	30.168663083967918	17.440921410359948	20.7396609825502	31.65075452312194	0.0
108.0	30.240693131868422	17.727846674421286	19.93050476655169	32.1009554271586	0.0
109.0	30.057660739511437	17.08669669984729	19.60030647832874	33.25533608231253	0.0
110.0	30.032913304954185	17.70633947177435	21.007113178478814	31.253634044792655	0.0
111.0	29.95210858221006	18.85719263653516	18.908186160357634	32.282512620897144	0.0
112.0	29.66529471150113	17.7180084274713	19.185316072726035	33.43138078830154	0.0
113.0	30.539464966307406	17.62113035827274	20.780010694708675	31.059393980711175	0.0
114.0	30.805774149439287	17.97168815155969	19.106337954558544	32.116199744442476	0.0
115.0	30.49164956138571	17.040063736305985	19.48859303813285	32.97969366417545	0.0
116.0	30.590172699566914	17.4997593968882	20.93140137945784	30.978666524087046	0.0
117.0	30.305580628892837	18.0494835249436	19.44755853508893	32.19737731107463	0.0
118.0	30.21803647093133	17.012012591563312	19.794615133892577	32.97533580361278	0.0
119.0	31.026771575772994	17.269958442166335	19.965796110032173	31.7374738720285	0.0
120.0	30.113934390988433	18.179199449675394	19.61101079152156	32.09585536781461	0.0
121.0	30.217770803601603	17.622925236400892	19.053815240296963	33.105488719700546	0.0
122.0	29.678515885598255	18.189088142194937	20.502708942041465	31.62968703016534	0.0
123.0	29.842272586984254	17.85624100265253	19.52696884085028	32.77451756951294	0.0
124.0	29.59061395480513	17.669610431148218	19.446890678031117	33.29288493601553	0.0
125.0	30.12249322727784	17.407518803500178	20.66134658161455	31.808641387607434	0.0
126.0	30.42720375624696	18.452108176272333	19.480655956509352	31.640032110971354	0.0
127.0	30.877155682062252	17.14858775570419	19.272215267728715	32.70204129450484	0.0
128.0	29.670878706714714	17.3828655340428	21.45837813649269	31.487877622749792	0.0
129.0	30.245693030540327	17.94853389019403	19.290763943269816	32.515009135995825	0.0
130.0	30.45745981992618	17.474152643438806	19.216514426925468	32.851873109709544	0.0
131.0	29.880158741410508	18.045657240259423	20.440083187653155	31.63410083067692	0.0
132.0	30.860821860367597	17.50307935565029	19.242915298064155	32.39318348591795	0.0
133.0	29.652882332938617	17.77344796405817	19.277839554160394	33.29583014884282	0.0
134.0	30.489552598301923	17.092135298915572	20.250058847036026	32.16825325574648	0.0
135.0	30.07507175008825	17.786567331072117	19.6519599997369	32.486400919102735	0.0
136.0	29.44292830937645	17.567419220982234	19.95692371193775	33.032728757703566	0.0
137.0	30.92302466917063	17.25632832431446	23.076551042638766	28.74409596387615	0.0
138.0	31.055358465685636	19.53248056955609	19.662365423331064	29.749795541427215	0.0
139.0	31.417506714319877	18.495926223482982	19.03670862221164	31.049858439985496	0.0
140.0	30.018880354169404	19.6354579892809	19.865972658245727	30.479688998303967	0.0
141.0	32.087338946717054	16.891423014873258	19.999226502243143	31.022011536166545	0.0
142.0	27.66422146247552	18.699062856131267	23.140261780683993	30.49645390070922	0.0
143.0	27.72745048728905	18.867065419815276	19.363494256337194	34.04198983655848	0.0
144.0	28.78542770661909	18.472891646472984	18.04960100835264	34.692079638555285	0.0
145.0	27.581493503967852	17.877729461458877	16.77277611887222	37.76800091570105	0.0
146.0	33.705264824214154	13.607809780954685	19.113986281379976	33.572939113451184	0.0
147.0	34.59964453765757	15.327769737647234	21.27373631789965	28.79884940679555	0.0
148.0	32.51080673119663	15.812621622146628	20.058070111489588	31.618501535167155	0.0
149.0	34.86512619474587	15.075770633241287	22.46311705361825	27.595986118394595	0.0
150.0	28.683135964331917	16.784174778592302	24.67483541340075	29.85785384367503	0.0
