# Position (bp)	A	C	G	T	N
0.0	25.263557885301168	25.854005495254984	25.119356158777794	23.763080460666057	0.0
1.0	25.545140986417756	21.113860903794066	14.720268137264455	38.620729972523726	0.0
2.0	27.970162044250547	19.560221252726706	18.571790277344967	33.89782642567778	0.0
3.0	23.579744568180047	22.878864574410095	15.69679152713963	37.84459933027023	0.0
4.0	33.655820834509406	13.933795976368218	14.602454668444565	37.807928520677805	0.0
5.0	35.02495597435324	15.317033303820745	23.116140142633366	26.54187057919265	0.0
6.0	32.71979064314969	17.66594351645572	20.931793639520972	28.682472200873615	0.0
7.0	34.79546670557907	17.29753392674741	20.185806702660635	27.72119266501289	0.0
8.0	22.899946495452113	26.46821343450557	22.4475898633202	28.184250206722115	0.0
9.0	29.407072328420643	18.82776399630332	15.306191935405419	36.45897173987061	0.0
10.0	26.72107705327873	16.773509469936478	24.61113434955593	31.894279127228863	0.0
11.0	28.0526832874527	18.564633327821173	19.940079569662363	33.44260381506376	0.0
12.0	25.61865297070153	20.503093264853508	21.283218551807323	32.59503521263764	0.0
13.0	27.069877830519022	20.90790599953311	18.35654812855031	33.66566804139756	0.0
14.0	30.328554477016752	18.71826794016379	19.982687182679403	30.97049040014006	0.0
15.0	29.828042328042326	18.373599439775912	18.80154839713663	32.99680983504513	0.0
16.0	29.62091299865793	17.111430961040984	18.79291229844592	34.47474374185517	0.0
17.0	30.28405278461194	17.860025478202523	20.3378292960431	31.518092441142436	0.0
18.0	31.34515545703786	17.355966478057127	18.575122985086235	32.72375507981878	0.0
19.0	30.252950440378747	17.990395271518285	20.054245328874458	31.702408959228514	0.0
20.0	30.535278622874973	17.494969916699876	19.505059243203313	32.46469221722184	0.0
21.0	30.258912257512733	17.75259495393228	20.171636278816624	31.81685650973837	0.0
22.0	28.520199418847607	18.304356699287652	19.841786606283833	33.333657275580904	0.0
23.0	29.422168665332066	17.492371382480417	20.709995918446676	32.37546403374084	0.0
24.0	31.4453125	18.147543532338307	18.199043843283583	32.208100124378106	0.0
25.0	29.527677643149335	17.71816123672474	19.08236734455921	33.67179377556672	0.0
26.0	31.32105171107095	17.53240443848501	20.264676732933015	30.88186711751103	0.0
27.0	29.217271331688078	18.077767629855618	19.60416626182935	33.10079477662696	0.0
28.0	29.776339823559134	17.544984648867125	20.337336286969027	32.34133924060472	0.0
29.0	29.66626184114647	17.905270828273014	19.976682050036434	32.45178528054409	0.0
30.0	30.448764658447246	17.538643893244725	19.579896431451417	32.432695016856606	0.0
31.0	30.04168002564925	18.15850068495147	19.93451669629932	31.865302593099965	0.0
32.0	30.28244964584487	17.983696233033104	19.73455368680833	31.9993004343137	0.0
33.0	30.730588726838132	17.73370774507613	20.113295179610756	31.422408348474985	0.0
34.0	29.918574371331957	17.780520035757316	19.85502740098721	32.44587819192351	0.0
35.0	30.29946752691515	18.293559796338762	19.645147498931166	31.761825177814917	0.0
36.0	30.572505732830656	17.403513545027014	19.000932799564694	33.02304792257764	0.0
37.0	28.58530992197293	19.370730617123204	18.97233585650015	33.07162360440372	0.0
38.0	30.012049129353237	17.94542910447761	19.772232587064675	32.27028917910448	0.0
39.0	28.656522077114428	18.84328358208955	20.201725746268657	32.298468594527364	0.0
40.0	30.46553885320611	18.35628151934158	19.822568577342025	31.355611050110287	0.0
41.0	29.996793345706486	17.626881480113884	21.117276092934674	31.25904908124496	0.0
42.0	30.03935668820757	18.880520868762453	19.66765463291385	31.41246781011613	0.0
43.0	30.302323547418442	18.280322245221228	19.790482298863978	31.62687190849635	0.0
44.0	29.449665212194244	18.552783743598216	20.685901983459832	31.31164906074771	0.0
45.0	29.37249147222033	19.668801446078195	19.4938726323871	31.464834449314377	0.0
46.0	29.60407393729713	18.3307741647068	19.37161072129682	32.693541176699256	0.0
47.0	29.723609788334077	18.20054811560963	19.947909580361134	32.12793251569516	0.0
48.0	30.499431470305254	18.481588384501006	19.451490325276733	31.567489819917004	0.0
49.0	29.22922922922923	18.679844893437124	19.37179898344947	32.71912689388417	0.0
50.0	29.77716445904316	18.354534941351396	19.905540276576517	31.96276032302893	0.0
51.0	30.002235201508277	18.882593611210993	19.608548188029037	31.506622999251693	0.0
52.0	29.528446751025328	18.350924252142985	19.576457325014093	32.5441716718176	0.0
53.0	31.38630797340901	18.137464525910662	19.571978385102824	30.9042491155775	0.0
54.0	30.53171741517888	18.233504708775136	20.18601848522251	31.048759390823477	0.0
55.0	29.0648628685832	18.003965245786926	19.218807705016815	33.71236418061306	0.0
56.0	29.58801862128619	18.48425062929451	20.48730234321091	31.440428406208394	0.0
57.0	28.64501331467335	18.274146208719653	19.5395261142535	33.54131436235349	0.0
58.0	29.777928956703438	17.903688225861313	19.198211769279364	33.12017104815589	0.0
59.0	29.894843236729063	17.15260365035862	20.825315373102416	32.1272377398099	0.0
60.0	29.644675970920964	18.454301597791858	19.898534385569334	32.00248804571784	0.0
61.0	30.528126579325892	17.483380632119115	19.299848384714068	32.688644403840925	0.0
62.0	28.801912740914965	18.533565298525595	19.800950538930305	32.86357142162913	0.0
63.0	29.52897494216675	17.945801986742094	19.99280729379289	32.53241577729826	0.0
64.0	28.155830522642667	18.787725624750927	19.993001623234612	33.063442229371795	0.0
65.0	30.336609026137502	17.842319618192246	20.88472866182603	30.936342693844228	0.0
66.0	30.48727145481585	18.06588322203754	20.51633472331574	30.930510599830868	0.0
67.0	29.46110927506367	17.547969439530316	19.617410913898013	33.373510371508	0.0
68.0	29.74591263438247	17.777367367172765	20.48154124302572	31.99517875541904	0.0
69.0	29.834366920041216	17.520752736250707	20.16077295437314	32.484107389334945	0.0
70.0	28.25482610470654	18.239079297809056	20.01496918680379	33.49112541068061	0.0
71.0	29.531669193981102	17.663983825187604	21.03114429021346	31.77320269061783	0.0
72.0	30.229890643985417	17.525151883353583	20.097205346294047	32.14775212636695	0.0
73.0	30.183232077764277	17.706925880923453	18.96767922235723	33.14216281895504	0.0
74.0	29.674164511927216	17.73237163909248	20.80797869238097	31.785485156599336	0.0
75.0	30.6987188210821	17.80722048330968	19.651223827206096	31.842836868402124	0.0
76.0	28.722514921165697	18.28936368761786	19.290588486886872	33.69753290432957	0.0
77.0	28.76750945340371	17.71115841863268	22.056321872600197	31.465010255363406	0.0
78.0	29.862062931964655	17.580900722249766	18.85237137052482	33.704664975260755	0.0
79.0	30.21745681484578	17.41890328664055	19.071458428517268	33.2921814699964	0.0
80.0	31.5698912187582	17.880369797894367	19.798380432986285	30.751358550361147	0.0
81.0	30.36318388614535	18.619979002216432	19.707780845355213	31.309056266283005	0.0
82.0	30.34792499052174	17.579981918399486	18.845693954329377	33.22639913674939	0.0
83.0	29.680360857815018	18.68644644488947	20.063966713977408	31.569225983318105	0.0
84.0	31.643366841010284	18.024148859637183	18.770780268709533	31.561704030642996	0.0
85.0	30.35037234352822	17.410705605568626	19.252007544088194	32.986914506814955	0.0
86.0	31.151445626178763	17.512784118527737	19.96072407691859	31.37504617837491	0.0
87.0	29.788454434096167	18.767863739767847	19.971418016371448	31.472263809764538	0.0
88.0	29.914155996927892	17.564480220880608	19.316358969871963	33.20500481231954	0.0
89.0	29.5602803783747	18.653328277967354	20.25937916217031	31.527012181487642	0.0
90.0	30.51818005055415	18.865448181994946	19.199883336573983	31.41648843087692	0.0
91.0	30.229053646775167	18.312625172568005	19.50650411246573	31.951817068191097	0.0
92.0	29.171284683738747	18.485679286005947	20.504968014155438	31.838068016099868	0.0
93.0	30.54756163957377	18.38103756708408	19.459243991599905	31.61215680174224	0.0
94.0	30.11200124445827	17.7170024111379	20.024111379015324	32.14688496538851	0.0
95.0	30.450338337092635	18.357703974488608	20.771758575095276	30.42019911332348	0.0
96.0	30.253269165329833	18.90428272811239	19.148315589908123	31.694132516649653	0.0
97.0	29.905787872011512	18.484633408845635	19.898301459364333	31.71127725977852	0.0
98.0	28.4661455294987	18.121183836969625	21.444405553611016	31.96826507992066	0.0
99.0	29.989985513023694	18.357624135885896	19.49713663454901	32.1552537165414	0.0
100.0	29.966766399953222	18.386659779547205	20.12045961776487	31.526114202734707	0.0
101.0	29.602835217620527	18.431843477242108	20.67053287251284	31.294788432624525	0.0
102.0	30.243826042696476	17.855779489639108	20.011158638646084	31.889235829018332	0.0
103.0	29.450200141276195	17.20430107526882	19.783572717997018	33.56192606545797	0.0
104.0	30.612325222131474	17.756742662035442	20.1901032185695	31.44082889726358	0.0
105.0	30.734089787863837	17.839171188949184	19.634928465712875	31.791810557474097	0.0
106.0	29.303296942583117	17.849613492621224	19.970702641711124	32.87638692308454	0.0
107.0	29.796064258623083	18.075219920967452	20.311165829345303	31.81754999106416	0.0
108.0	29.757244319596772	19.05388040522368	20.20241261492793	30.986462660251625	0.0
109.0	28.950233203831132	18.323728864342286	20.237298630738962	32.48873930108762	0.0
110.0	29.591959316061345	17.423817723140992	21.188883994714292	31.79533896608337	0.0
111.0	29.259998595632418	18.581789364924916	20.14464986106792	32.01356217837474	0.0
112.0	29.342130407233448	18.013215726110616	18.95561567783399	33.689038188821954	0.0
113.0	30.64939258182992	17.47285789240021	20.750090810025426	31.127658715744438	0.0
114.0	30.16589572557871	18.027875340344345	19.321436885735395	32.484792048341546	0.0
115.0	29.053909970653642	17.50017770286051	20.409427390611196	33.036484935874654	0.0
116.0	30.413751667532257	17.632562449719448	20.499190419454376	31.454495463293924	0.0
117.0	30.205937963104912	18.28913076805151	19.900863610813023	31.60406765803056	0.0
118.0	29.98052280881599	18.148641722193748	19.60635571501794	32.26447975397232	0.0
119.0	31.064446798227124	17.798710447024465	19.623006283228612	31.513836471519802	0.0
120.0	30.033721421868393	18.151818584937764	19.825514844644275	31.98894514854957	0.0
121.0	30.180468846901228	17.29131351552487	19.883615165171374	32.644602472402525	0.0
122.0	29.73783004583826	17.808474892663803	20.29846721838508	32.155227843112854	0.0
123.0	28.839372093749027	18.847590217312156	19.748463002839934	32.564574686098894	0.0
124.0	28.962370531239557	17.91576177748079	19.44224022719679	33.67962746408286	0.0
125.0	29.09271870089052	17.832372970141435	20.196961760083816	32.877946568884234	0.0
126.0	29.82474584467877	17.9701216371072	19.822538083873884	32.38259443434014	0.0
127.0	30.204090247145484	17.53656528988413	18.6804837382073	33.578860724763096	0.0
128.0	29.530094701383447	17.271879833054385	21.4561132179403	31.741912247621872	0.0
129.0	30.275170852508847	18.06732067129359	19.051516149946327	32.60599232625124	0.0
130.0	30.175924938692823	17.76415396097665	19.6012368056296	32.45868429470093	0.0
131.0	30.299691965431673	17.811457174638488	20.531359630358516	31.357491229571316	0.0
132.0	30.698722764838465	18.149618976065256	19.183213480734143	31.96844477836213	0.0
133.0	30.485677363773423	17.778376049967694	20.286452724531554	31.44949386172733	0.0
134.0	30.951892002896642	17.084769944120794	20.490483241642437	31.472854811340127	0.0
135.0	29.807984378390106	17.740290735517465	20.810371013234974	31.641353872857454	0.0
136.0	28.488517699837757	18.358613630671734	19.94947570151464	33.20339296797587	0.0
137.0	30.42650710480545	18.141045976131352	23.35233052933262	28.080116389730573	0.0
138.0	30.68062022313977	19.93433189844505	19.888210489326188	29.49683738908899	0.0
139.0	30.40467526739442	19.07707575256368	19.931635240930643	30.586613739111257	0.0
140.0	28.72260349789683	21.42240425060881	19.936905025459374	29.918087226034977	0.0
141.0	31.360065775585262	16.66166683332778	21.080408430830083	30.89785896025688	0.0
142.0	26.83832135094466	19.945382600457005	24.55776625982277	28.658529788775567	0.0
143.0	27.17671015238649	19.13446261943655	19.369419767728075	34.31940746044888	0.0
144.0	27.840424098117616	19.384293993440853	18.892358147266275	33.882923761175256	0.0
145.0	27.086153985016697	19.643018322953335	16.77723621265457	36.49359147937539	0.0
146.0	33.412341086677934	13.918595552128105	19.641176270456015	33.02788709073795	0.0
147.0	34.181726504933366	16.08929328581415	22.118194423753483	27.610785785499008	0.0
148.0	31.99676977634212	16.716407429514412	21.146261250190186	30.140561543953282	0.0
149.0	32.46388794928653	17.365104421142306	23.677979479084453	26.493028150486715	0.0
150.0	26.802088639836985	18.679954151808456	26.607870606214977	27.910086602139582	0.0
