# Position (bp)	A	C	G	T	N
0.0	67.94394355154841	7.82046256370051	11.671893375147	12.563700509604075	0.0
1.0	10.050940438871473	67.47648902821317	11.001175548589341	11.47139498432602	0.0
2.0	13.14659379269959	63.790747608822954	8.383759515908647	14.678899082568808	0.0
3.0	67.59205143191116	9.477888174556789	10.783167738164815	12.146892655367232	0.0
4.0	66.62124014406697	8.8873746714689	7.894480677504137	16.59690450695999	0.0
5.0	13.45330739299611	63.73540856031128	8.482490272373541	14.328793774319065	0.0
6.0	14.22874927056993	65.86267263178371	7.158140439603191	12.750437658043182	0.0
7.0	68.43230634658373	8.144620468461463	10.593838079502381	12.829235105452424	0.0
8.0	69.51918406993687	8.635259834871297	9.664885866925692	12.180670228266148	0.0
9.0	13.37864077669903	63.728155339805824	7.805825242718447	15.0873786407767	0.0
10.0	13.973799126637553	7.083939835031538	10.363901018922853	68.57836001940805	0.0
11.0	12.127968977217645	10.082404265632574	8.599127484246244	69.19049927290354	0.0
12.0	13.031271178236034	9.410397908800466	8.025946364604511	69.53238454835899	0.0
13.0	11.178567986894093	61.906138575696254	9.723426809289776	17.191866628119882	0.0
14.0	12.49639527059502	9.016629818321638	65.26963375949245	13.217341151590887	0.0
15.0	65.11694785276073	9.99808282208589	11.03335889570552	13.851610429447852	0.0
16.0	10.93465990624701	9.078733377977615	11.891323065148761	68.09528365062661	0.0
17.0	13.633759786137102	62.211189612373495	9.375596715676915	14.779453885812488	0.0
18.0	12.430886558627265	9.065776930409914	10.533841754051478	67.96949475691135	0.0
19.0	14.481576692373608	64.40064743406646	8.645149005046179	12.472626868513757	0.0
20.0	13.416951729380463	10.765868491068035	8.779931584948688	67.03724819460281	0.0
21.0	14.982446152386375	10.560774267008256	8.58715248126008	65.86962709934528	0.0
22.0	13.279620853080567	8.360189573459715	62.01895734597156	16.34123222748815	0.0
23.0	12.962787614809205	10.870182747845849	9.241549095729571	66.92548054161537	0.0
24.0	66.89694331409103	8.848301315415917	9.482350714488502	14.772404656004543	0.0
25.0	15.073286052009458	8.605200945626477	61.55082742316785	14.770685579196218	0.0
26.0	67.3249551166966	9.468014740621753	8.390815458754606	14.816214683927054	0.0
27.0	12.211938043067622	11.607480166225915	8.065734794106536	68.11484699659992	0.0
28.0	14.443500424808835	61.3895969036156	6.8913433399414705	17.275559331634096	0.0
29.0	14.716981132075471	7.433962264150944	10.00943396226415	67.83962264150944	0.0
30.0	14.795723558610158	9.507445589919817	61.6647575410462	14.032073310423826	0.0
31.0	14.095566408120272	8.646940534329216	8.321363592837306	68.9361294647132	0.0
32.0	14.562078922040422	7.892204042348412	8.460057747834457	69.0856592877767	0.0
33.0	12.624745664179828	64.40267415948067	8.787908148435228	14.184672027904272	0.0
34.0	14.600096946194864	9.20988851187591	8.230731943771206	67.95928259815803	0.0
35.0	12.747957992998831	62.514585764294054	8.469467133411124	16.267989109295993	0.0
36.0	14.21875	8.056640625	8.515625	69.208984375	0.0
37.0	67.28164867517174	10.421982335623161	8.822374877330716	13.473994111874388	0.0
38.0	68.33858888450926	9.469846275128104	6.9176192353173045	15.27394560504533	0.0
39.0	69.66880869995057	9.055857637172517	6.71280276816609	14.562530894710827	0.0
40.0	12.379819605510953	63.91119040539201	9.50540192288631	14.203588066210724	0.0
41.0	13.49501861728892	7.034316192009661	66.12659756465735	13.34406762604408	0.0
42.0	71.28272515920348	7.2677650864247445	8.33922975841504	13.110279995956736	0.0
43.0	72.00162486036356	8.40865238143597	8.500050776886361	11.089671981314106	0.0
44.0	13.419117647058822	64.85906862745098	7.853349673202614	13.868464052287582	0.0
45.0	23.228476821192054	12.980132450331125	11.705298013245033	52.08609271523179	0.0
46.0	23.515128875607022	12.980948823309674	16.398954053044452	47.104968248038844	0.0
47.0	32.52694610778443	17.98802395209581	18.730538922155688	30.75449101796407	0.0
48.0	26.09956500724988	19.16384726921218	18.608023199613342	36.1285645239246	0.0
49.0	27.24623603691112	19.13550267119961	19.985429820301118	33.63283147158815	0.0
50.0	27.42564602632862	22.598732325694783	18.746952705997074	31.22866894197952	0.0
51.0	28.427765513858226	17.954378219278883	20.112828059847928	33.505028207014966	0.0
52.0	30.113636363636363	16.971343873517785	19.93577075098814	32.97924901185771	0.0
53.0	30.669653970624843	18.521284540702016	20.83644510828977	29.97261638038337	0.0
54.0	30.45236290118777	21.68309325246399	17.53853929744756	30.32600454890068	0.0
55.0	29.845452242209277	18.241702558905498	19.027109196858376	32.88573600202685	0.0
56.0	26.399182213135703	19.55021722463583	20.59800664451827	33.452593917710196	0.0
57.0	30.901064658530252	18.254998701635937	19.215788106985197	31.62814853284861	0.0
58.0	29.061844863731658	20.964360587002094	17.767295597484274	32.20649895178197	0.0
59.0	27.28232189973615	19.445910290237467	20.949868073878626	32.321899736147756	0.0
60.0	27.46347941567065	20.371845949535192	17.21115537848606	34.953519256308105	0.0
61.0	30.67024128686327	19.839142091152816	20.857908847184987	28.632707774798927	0.0
62.0	29.65069049553209	20.362848632548065	21.635526672082317	28.35093419983753	0.0
63.0	35.0013598041882	19.22763122110416	18.765297797117213	27.005711177590424	0.0
64.0	30.168661588683353	18.280739934711644	22.252448313384114	29.298150163220892	0.0
65.0	30.563961485557083	17.79917469050894	21.458046767537827	30.178817056396152	0.0
66.0	30.03061508488728	16.003339827442247	22.126356804898414	31.839688282772055	0.0
67.0	28.847771236333053	16.31623212783852	20.857863751051305	33.978132884777125	0.0
68.0	26.079593564775617	20.34998588766582	18.00733841377364	35.56308213378493	0.0
69.0	26.659135837334087	19.93787065800621	22.903134707709686	30.499858796950015	0.0
70.0	28.359486447931527	20.342368045649074	20.0	31.2981455064194	0.0
71.0	27.509293680297397	21.1323991993137	20.84643980554761	30.51186731484129	0.0
72.0	27.338337182448036	20.323325635103924	18.648960739030024	33.68937644341801	0.0
73.0	29.251305861868833	18.39814277423099	20.342426001160767	32.008125362739406	0.0
74.0	29.653364404311098	17.768715409263038	23.011942907078357	29.56597727934751	0.0
75.0	28.978273634762186	21.16852613035819	21.667645331767467	28.185554903112152	0.0
76.0	31.238938053097343	20.14749262536873	18.466076696165192	30.147492625368734	0.0
77.0	30.691898285038437	19.367238320520404	17.267888823181547	32.67297457125961	0.0
78.0	28.694362017804153	20.178041543026705	18.753709198813056	32.37388724035608	0.0
79.0	27.928464977645305	21.400894187779436	18.837555886736215	31.833084947839048	0.0
80.0	30.353367562669888	17.396556931440653	21.745696164300814	30.504379341588646	0.0
81.0	27.104784978800726	17.474258025439127	17.7771047849788	37.64385221078134	0.0
82.0	30.44403892944039	17.85279805352798	22.26277372262774	29.44038929440389	0.0
83.0	28.95139101192296	19.3213084683583	20.23845918679303	31.48884133292571	0.0
84.0	27.48771498771499	19.594594594594593	21.0995085995086	31.818181818181817	0.0
85.0	32.184615384615384	16.953846153846154	18.923076923076923	31.93846153846154	0.0
86.0	31.42329020332717	17.067159581022796	22.520024645717807	28.989525569932223	0.0
87.0	30.924945499844288	19.62005605730302	21.55091871691062	27.904079725942072	0.0
88.0	34.80300187617261	17.292057535959977	17.166979362101316	30.737961225766103	0.0
89.0	30.819774718397998	16.67709637046308	19.49311639549437	33.010012515644554	0.0
90.0	28.971374646115127	17.647058823529413	19.440075495438816	33.941491034916645	0.0
91.0	29.422894985808895	20.876695048880478	17.470829391359192	32.22958057395143	0.0
92.0	28.657569025706124	19.77150111075849	17.581720088860678	33.989209774674705	0.0
93.0	32.368839427662955	17.170111287758345	18.37837837837838	32.08267090620032	0.0
94.0	31.358103779628443	17.29660474055093	19.987187700192184	31.358103779628443	0.0
95.0	30.867755363432597	16.97086135126481	19.244316362471984	32.917066922830614	0.0
96.0	27.935483870967744	18.387096774193548	19.741935483870968	33.935483870967744	0.0
97.0	28.70999030067895	18.525703200775943	19.560297445845457	33.20400905269965	0.0
98.0	29.902597402597404	19.155844155844157	19.675324675324678	31.266233766233764	0.0
99.0	29.742082925236694	18.51126346718903	18.21743388834476	33.529219719229516	0.0
100.0	31.727302523762702	14.782038675843987	19.108489019993442	34.38216978039987	0.0
101.0	31.77910052910053	19.70899470899471	19.477513227513228	29.034391534391535	0.0
102.0	33.300132802124836	15.53784860557769	18.06108897742364	33.100929614873834	0.0
103.0	28.041443850267378	18.816844919786096	19.819518716577537	33.32219251336899	0.0
104.0	27.865546218487395	19.26050420168067	21.07563025210084	31.798319327731093	0.0
105.0	29.592180653859117	19.716885743174924	18.469834850016852	32.2210987529491	0.0
106.0	30.34927093930146	19.12512716174975	19.63377416073245	30.891827738216342	0.0
107.0	31.41396933560477	18.466780238500853	19.38671209540034	30.732538330494037	0.0
108.0	34.08779149519891	19.478737997256516	15.363511659807957	31.069958847736622	0.0
109.0	29.98624484181568	19.601100412654745	19.22283356258597	31.189821182943607	0.0
110.0	27.27272727272727	18.216384376080192	21.11994469408918	33.39094365710335	0.0
111.0	28.675703858185607	17.761557177615572	19.67327076816128	33.889468196037534	0.0
112.0	26.132404181184672	18.153310104529616	21.986062717770036	33.728222996515676	0.0
113.0	29.38504542278127	19.566736547868622	19.986023759608663	31.06219426974144	0.0
114.0	29.37872937872938	16.74271674271674	20.428220428220428	33.45033345033345	0.0
115.0	28.777738640366323	18.80943994364213	18.421979570271223	33.990841845720325	0.0
116.0	28.51078882207287	18.53555005305978	19.490626105412098	33.46303501945525	0.0
117.0	32.25806451612903	17.546969159872386	18.539524991137895	31.65544133286069	0.0
118.0	29.21708185053381	17.366548042704625	20.249110320284696	33.16725978647687	0.0
119.0	24.50875312611647	21.150410861021793	25.687745623436943	28.653090389424797	0.0
120.0	26.91756272401434	23.548387096774192	20.46594982078853	29.06810035842294	0.0
121.0	29.838420107719926	19.71274685816876	18.59964093357271	31.8491921005386	0.0
122.0	30.87757313109426	17.8042614662333	21.271217045864933	30.046948356807512	0.0
123.0	33.92405063291139	18.264014466546115	17.86618444846293	29.945750452079565	0.0
124.0	30.46477850399419	21.096586782861294	18.554829339143065	29.883805374001454	0.0
125.0	26.875455207574657	20.284049526584123	20.57538237436271	32.265112891478516	0.0
126.0	31.58086893026652	18.87550200803213	17.96276013143483	31.58086893026652	0.0
127.0	28.105533162330527	19.091242213264934	21.656284353242945	31.1469402711616	0.0
128.0	31.10539845758355	17.92141020932795	19.39037825927286	31.582813073815647	0.0
129.0	30.0258207303578	19.771302102545185	18.406492069347106	31.79638509774991	0.0
130.0	28.947368421052634	21.756856931060046	16.679021497405486	32.616753150481834	0.0
131.0	32.20528077352176	18.817404239494238	18.891781331349943	30.085533655634066	0.0
132.0	27.80888391190743	18.365061590145576	22.545726017170587	31.280328480776408	0.0
133.0	29.54887218045113	21.503759398496243	19.360902255639097	29.586466165413533	0.0
134.0	25.652667423382518	22.512296632614454	19.598940597805527	32.2360953461975	0.0
135.0	26.772847933257488	17.444065225635192	20.667425104285172	35.11566173682215	0.0
136.0	26.02896341463415	18.635670731707318	21.760670731707318	33.57469512195122	0.0
137.0	28.38561591430758	16.87069625095639	20.160673297628158	34.58301453710788	0.0
138.0	28.440015331544654	18.474511307014183	20.505940973553084	32.57953238788808	0.0
139.0	30.546995377503848	18.7211093990755	19.298921417565484	31.432973805855163	0.0
140.0	29.580745341614907	16.886645962732917	20.96273291925466	32.56987577639752	0.0
141.0	31.15009746588694	16.608187134502923	20.50682261208577	31.734892787524366	0.0
142.0	31.504702194357364	15.321316614420063	19.74921630094044	33.424764890282134	0.0
143.0	32.977883096366504	18.72037914691943	18.246445497630333	30.05529225908373	0.0
144.0	31.08108108108108	17.925278219395864	18.441971383147855	32.5516693163752	0.0
145.0	30.50440352281825	17.253803042433947	19.055244195356284	33.18654923939151	0.0
146.0	29.390537289494787	19.847634322373697	20.769847634322375	29.991980753809145	0.0
147.0	28.565672844480254	18.61402095084609	18.573730862207896	34.24657534246575	0.0
148.0	25.995125913891144	20.917952883834282	18.92770105605199	34.15922014622259	0.0
149.0	30.813240702901513	21.70004086636698	15.856150388230486	31.63056804250102	0.0
150.0	29.02829028290283	17.589175891758916	18.77818778187782	34.60434604346043	0.0
151.0	29.851973684210524	18.996710526315788	21.504934210526315	29.646381578947366	0.0
152.0	28.364987613542525	18.786127167630056	19.240297274979355	33.608587943848065	0.0
153.0	32.904564315352694	19.377593360995853	18.008298755186722	29.70954356846473	0.0
154.0	29.820907955018743	15.993336109954187	21.740941274468973	32.4448146605581	0.0
155.0	28.780896522832006	19.22915793883536	18.307498952660243	33.682446585672395	0.0
156.0	32.61694058154235	15.718499789296251	19.890434049726085	31.774125579435314	0.0
157.0	30.508474576271187	18.093220338983052	20.55084745762712	30.847457627118647	0.0
158.0	28.76011930123562	20.195994887089903	16.915210907541542	34.128674904132936	0.0
159.0	34.090909090909086	13.421955403087479	21.783876500857634	30.7032590051458	0.0
160.0	25.818965517241377	20.517241379310345	22.456896551724135	31.20689655172414	0.0
161.0	30.48568950563747	18.647007805724197	21.379011274934953	29.488291413703383	0.0
162.0	29.244871235268445	18.943692710606722	21.12614578786556	30.685290266259273	0.0
163.0	28.640350877192983	19.736842105263158	16.710526315789473	34.91228070175438	0.0
164.0	32.73048081164534	16.144684605205118	20.776356418173798	30.348478164975738	0.0
165.0	28.925254312251212	19.01813356921716	22.512162759840777	29.544449358690844	0.0
166.0	26.034712950600802	20.738762794837562	20.20471740097908	33.021806853582554	0.0
167.0	25.872873769024174	20.09847806624888	22.470904207699192	31.55774395702775	0.0
168.0	28.69995501574449	20.737741790373367	18.89338731443995	31.668915879442196	0.0
169.0	26.633393829401086	18.28493647912886	20.46279491833031	34.618874773139744	0.0
170.0	31.17001828153565	16.270566727605118	19.881170018281537	32.678244972577694	0.0
171.0	30.382664822498846	19.27155371138774	17.51959428307976	32.82618718303365	0.0
172.0	29.627906976744185	21.3953488372093	17.02325581395349	31.953488372093027	0.0
173.0	27.1408516612073	19.513336452971455	19.700514740290124	33.64529714553112	0.0
174.0	29.957406530998583	18.69380028395646	19.02508282063417	32.32371036441079	0.0
175.0	26.567735758736237	17.999042604116802	22.355193872666348	33.07802776448061	0.0
176.0	27.624576681180457	19.35171746492501	19.013062409288825	34.01064344460571	0.0
177.0	28.08219178082192	24.65753424657534	17.857142857142858	29.403131115459885	0.0
178.0	30.89471082550667	19.57488877904103	19.080573405832922	30.44982698961938	0.0
179.0	25.822532402791627	19.14257228315055	24.825523429710866	30.209371884346957	0.0
180.0	28.901154039136976	16.357250376317108	21.976919217260413	32.7646763672855	0.0
181.0	29.056795131845842	19.066937119675455	20.385395537525355	31.49087221095335	0.0
182.0	31.785714285714285	18.979591836734695	20.255102040816325	28.97959183673469	0.0
183.0	26.800411522633745	22.7880658436214	21.244855967078188	29.166666666666668	0.0
184.0	30.24948024948025	20.47817047817048	19.282744282744282	29.98960498960499	0.0
185.0	28.272251308900525	20.157068062827225	22.984293193717278	28.58638743455497	0.0
186.0	29.182058047493403	17.889182058047492	22.374670184696573	30.554089709762533	0.0
187.0	31.680000000000003	22.186666666666667	17.386666666666667	28.746666666666666	0.0
188.0	28.85652642934196	19.147788565264293	20.927723840345198	31.06796116504854	0.0
189.0	29.21653971708379	19.205658324265507	19.042437431991292	32.53536452665941	0.0
190.0	30.604395604395606	15.494505494505495	21.75824175824176	32.142857142857146	0.0
191.0	27.106430155210642	19.456762749445677	21.175166297117517	32.26164079822617	0.0
192.0	28.81165919282511	21.244394618834082	20.23542600896861	29.7085201793722	0.0
193.0	29.197495731360274	18.61126920887877	22.026180990324416	30.165054069436543	0.0
194.0	27.324913892078072	21.871412169919633	22.158438576349024	28.64523536165327	0.0
195.0	26.041666666666668	20.54398148148148	20.65972222222222	32.754629629629626	0.0
196.0	28.931924882629108	19.835680751173708	20.363849765258216	30.868544600938968	0.0
197.0	28.153018529587566	19.844590555887624	23.132098027495516	28.870292887029287	0.0
198.0	24.693627450980394	26.225490196078432	19.42401960784314	29.65686274509804	0.0
199.0	27.30199613650998	23.116548615582744	18.54475209272376	31.036703155183513	0.0
200.0	28.6770140428677	15.74279379157428	21.138211382113823	34.4419807834442	0.0
201.0	31.39763779527559	20.76771653543307	16.338582677165352	31.496062992125985	0.0
202.0	38.308457711442784	17.01492537313433	15.024875621890546	29.65174129353234	0.0
203.0	33.634538152610446	18.17269076305221	19.779116465863453	28.413654618473892	0.0
204.0	32.4269889224572	16.91842900302115	25.478348439073518	25.176233635448135	0.0
205.0	35.648621041879466	16.24106230847804	24.719101123595504	23.391215526046988	0.0
206.0	29.381443298969074	20.0	19.896907216494846	30.721649484536083	0.0
207.0	27.9874213836478	24.947589098532493	17.71488469601677	29.350104821802937	0.0
208.0	26.87830687830688	19.682539682539684	20.423280423280424	33.01587301587301	0.0
209.0	23.74866879659212	23.74866879659212	20.23429179978701	32.26837060702875	0.0
210.0	27.009646302250808	21.329046087888532	15.326902465166132	36.33440514469453	0.0
211.0	29.64554242749731	18.474758324382385	18.045112781954884	33.83458646616541	0.0
212.0	26.00216684723727	16.35969664138678	23.293607800650054	34.34452871072589	0.0
213.0	26.644736842105267	19.407894736842106	17.543859649122805	36.40350877192983	0.0
214.0	26.46733111849391	24.031007751937985	17.940199335548172	31.561461794019934	0.0
215.0	30.786516853932582	24.269662921348313	16.179775280898877	28.764044943820227	0.0
216.0	30.865603644646928	17.995444191343964	16.74259681093394	34.39635535307517	0.0
217.0	24.88425925925926	17.824074074074073	25.23148148148148	32.06018518518518	0.0
218.0	24.133811230585426	18.16009557945042	18.63799283154122	39.06810035842294	0.0
219.0	16.903225806451612	23.096774193548384	24.64516129032258	35.35483870967742	0.0
220.0	0.0	30.303030303030305	25.454545454545453	44.24242424242424	0.0
