# Position (bp)	A	C	G	T	N
0.0	19.491130621752372	49.4463357821179	11.635907543450994	19.42662605267873	0.0
1.0	15.15499014513528	14.191005196201397	17.23705429134564	53.41695036731768	0.0
2.0	16.458638818354135	49.25074210507493	15.163978398483602	19.126640678087337	0.0
3.0	55.695253062828165	11.844126156373898	14.31939136336036	18.141229417437582	0.0
4.0	20.21709633649932	48.10754838248947	14.225523102192387	17.449832178818824	0.0
5.0	53.76516773733048	14.371877230549607	11.709493219129193	20.153461812990724	0.0
6.0	18.611784848052505	47.17506063632472	12.173633899272364	22.039520616350405	0.0
7.0	15.389003779505098	49.89659844541111	11.87335092348285	22.84104685160094	0.0
8.0	19.10244528409496	11.078634062878734	12.472374705924288	57.346545947102015	0.0
9.0	16.43737971345071	13.411504740181055	14.206286976976262	55.944828569391966	0.0
10.0	17.69463744877962	12.905754498485658	12.759665063246036	56.63994298948869	0.0
11.0	16.38526750730213	12.00398945643656	11.900691030847046	59.71005200541426	0.0
12.0	17.483264492237574	11.665004985044865	51.071784646061815	19.779945876655745	0.0
13.0	18.735763097949885	48.92155466970387	12.144077448747153	20.198604783599087	0.0
14.0	17.680128091086996	14.883472691691871	12.086817292296745	55.349581924924394	0.0
15.0	19.36608445092668	49.21205222155029	13.709935612393725	17.71192771512931	0.0
16.0	17.773430553085543	10.723812911257335	49.20860750489063	22.294149030766494	0.0
17.0	16.730659840728098	11.906285551763368	12.418230944254836	58.9448236632537	0.0
18.0	16.584967320261438	12.034668940039785	12.624325092355784	58.75603864734299	0.0
19.0	18.41470337780301	11.896820891285836	47.959835367584446	21.728640363326708	0.0
20.0	16.879985818117355	50.604502747739765	11.898599539088814	20.61691189505407	0.0
21.0	18.40382233233056	10.982127057158026	12.73756857193417	57.87648203857725	0.0
22.0	17.480956598759963	11.649247121346324	51.14614703277236	19.723649247121347	0.0
23.0	17.555895212028577	48.29559591938293	11.353215085486795	22.795293783101695	0.0
24.0	15.876237271238338	15.171259702342804	11.439863277077547	57.51263974934131	0.0
25.0	16.921701823382197	10.97604576331784	50.26099392205935	21.841258491240616	0.0
26.0	17.930467129265327	10.708920523642607	50.75112669003505	20.609485657057014	0.0
27.0	17.88702180908116	48.17304254558456	12.677869145513048	21.262066499821238	0.0
28.0	16.309749383289837	48.07836687998284	11.74430660326767	23.867577133459655	0.0
29.0	18.69459536745782	9.379468115527596	10.727051758650271	61.198884758364315	0.0
30.0	16.290717786105503	10.392043816661863	14.103488036898243	59.213750360334394	0.0
31.0	27.120009204924635	16.252445058106087	20.900931998619264	35.72661373835002	0.0
32.0	28.21884708318951	16.166148889655965	18.369577724082383	37.24542630307214	0.0
33.0	28.568963533877834	19.400667203497065	18.336592660761532	33.69377660186357	0.0
34.0	31.38468592388812	15.400045850527281	19.950710683172858	33.26455754241174	0.0
35.0	33.543469539801706	14.963608229697979	22.820792022465472	28.672130208034847	0.0
36.0	35.18964134295863	16.454680875444026	19.88655895496734	28.469118826629998	0.0
37.0	31.92439862542955	19.100801832760595	16.288659793814432	32.68613974799542	0.0
38.0	26.80902221204488	19.0176322418136	21.702541790703002	32.47080375543852	0.0
39.0	31.991986262163707	15.975958786491129	19.536348025186033	32.49570692615913	0.0
40.0	29.289805269186715	18.734249713631158	20.15463917525773	31.821305841924396	0.0
41.0	30.401650146106686	18.816249355411678	16.56448748066235	34.21761301781929	0.0
42.0	28.081642013530562	17.366127737644767	20.169705309024195	34.38252493980048	0.0
43.0	29.61201214969339	18.746059946128717	19.726058799931227	31.915869104246664	0.0
44.0	29.457720588235293	15.883501838235295	17.497702205882355	37.16107536764706	0.0
45.0	28.09756097560976	13.4519368723099	20.103299856527975	38.34720229555237	0.0
46.0	25.897009013146565	15.78161777369539	21.241173431310635	37.080199781847405	0.0
47.0	27.937291834156426	15.912484208108419	24.72723096359251	31.422992994142646	0.0
48.0	30.980820029861032	17.853451246123807	20.11025611576892	31.055472608246237	0.0
49.0	27.400643234550888	19.991959568113945	17.95887893406846	34.648518263266716	0.0
50.0	28.42540484667509	19.472837946479842	19.736993223842887	32.364763983002184	0.0
51.0	30.28771607419744	18.204789525067476	18.503416987308334	33.00407741342675	0.0
52.0	28.925002871253014	15.309521074997129	18.789479728953715	36.97599632479614	0.0
53.0	29.481362357130546	16.931824708517603	18.959278616966284	34.62753431738556	0.0
54.0	31.489459474984205	15.84812453328738	18.191739904647022	34.470676087081394	0.0
55.0	29.340457313570035	18.878547627254967	19.504768470642308	32.276226588532694	0.0
56.0	32.476514321941096	16.48896317215146	18.569534897124086	32.46498760878336	0.0
57.0	30.282420749279538	20.22478386167147	20.017291066282418	29.47550432276657	0.0
58.0	25.44648000921765	19.88708376541076	18.700311095748358	35.96612512962323	0.0
59.0	29.39516129032258	15.702764976958525	17.407834101382488	37.494239631336406	0.0
60.0	31.320450885668276	18.22521279043018	17.598343685300208	32.855992638601336	0.0
61.0	26.33879781420765	20.138050043140638	16.939890710382514	36.5832614322692	0.0
62.0	30.333007419336283	18.66336918387301	20.170242134928394	30.833381261862307	0.0
63.0	33.45220292189118	15.610261129644542	21.269987346140574	29.667548602323706	0.0
64.0	31.91256830601093	16.1230946218004	21.16192119643371	30.802415875754964	0.0
65.0	27.647464642980342	18.35115557088651	18.903070024146256	35.09830976198689	0.0
66.0	29.962116863735506	18.19538514521869	16.622661003329124	35.21983698771668	0.0
67.0	30.817393302314894	18.25492561318858	20.6157734505141	30.311907633982422	0.0
68.0	34.126026767763804	17.23246596587972	19.50140731805388	29.1400999483026	0.0
69.0	27.443997702469847	19.718552556002297	18.97759908098794	33.85985066053992	0.0
70.0	28.13900057438254	20.781160252728316	19.316484778862723	31.763354394026422	0.0
71.0	29.18102458074891	18.37813002526993	18.165632896852745	34.275212497128415	0.0
72.0	33.191684851269095	20.380153899161595	19.37521534397611	27.0529459055932	0.0
73.0	27.822395594309317	19.55598898577329	19.171638366223036	33.449977053694354	0.0
74.0	28.985839591813335	18.40853064266468	16.87209768961761	35.73353207590437	0.0
75.0	29.01987741307212	20.129460961218996	19.29312023829982	31.55754138740906	0.0
76.0	29.145901357621582	17.992782264993984	18.050065876152832	34.8112505012316	0.0
77.0	32.14960765221376	16.736353743055158	15.751188498768542	35.362850105962536	0.0
78.0	29.77103606182026	20.05151688609044	16.41671436748712	33.760732684602175	0.0
79.0	27.657626730747225	17.536331388030668	19.996567112941985	34.809474768280126	0.0
80.0	29.701671325081286	19.92470480862472	18.504363698591067	31.86926016770293	0.0
81.0	29.94701156629252	19.104324539912255	20.203976981368584	30.744686912426644	0.0
82.0	28.745654527839516	18.054368268080015	18.618567276457515	34.58140992762296	0.0
83.0	28.419791131655536	16.504023283684297	20.86400730468527	34.21217827997489	0.0
84.0	26.563569961196077	18.94544624514951	23.47637525679069	31.01460853686373	0.0
85.0	23.35958005249344	21.385370306972497	20.70067328540454	34.55437635512952	0.0
86.0	26.10109539023277	18.46188954815153	22.13601095390233	33.301004107713375	0.0
87.0	26.28695354411597	18.502454057755962	18.873416276680743	36.33717612144732	0.0
88.0	32.63464503969387	17.69946884459421	15.603403963675824	34.0624821520361	0.0
89.0	29.77653311996342	16.368520317768763	18.540321197919642	35.314625364348174	0.0
90.0	34.01325562792824	17.295166266712375	17.729402354016685	30.962175751342702	0.0
91.0	35.22357375364057	20.627034435497688	18.21140997087545	25.937981839986296	0.0
92.0	30.69284328273028	21.641365140965643	17.629266065517633	30.03652551078644	0.0
93.0	30.13846942845746	18.2232605846487	18.730411989287138	32.9078579976067	0.0
94.0	29.651990658996414	19.93506863359344	20.094549182662185	30.318391524747963	0.0
95.0	29.524080934739246	16.69991450555714	20.706754060986036	33.06925049871759	0.0
96.0	32.05515355250413	19.63990655803088	20.91048943080166	27.39445045866332	0.0
97.0	28.502222728827082	20.16413997492306	21.839735552262624	29.493901743987234	0.0
98.0	29.778866978228656	17.719138265131654	21.16721759945287	31.33477715718682	0.0
99.0	27.867077063383494	14.323985408116735	23.438212494300046	34.37072503419973	0.0
100.0	29.52663735510763	15.982413064580598	19.55119054416719	34.93975903614458	0.0
101.0	30.193098720292504	17.07609689213894	23.41750457038391	29.313299817184646	0.0
102.0	29.751829826166514	15.124656907593778	21.94647758462946	33.17703568161024	0.0
103.0	32.015606173618686	15.91026450169258	20.224912502151586	31.84921682253715	0.0
104.0	25.965961361545535	19.40547378104876	19.963201471941122	34.66536338546458	0.0
105.0	29.26043165467626	16.523741007194246	18.094964028776978	36.12086330935252	0.0
106.0	30.529469378348793	17.51454744483494	17.19767240882641	34.75831076798986	0.0
107.0	34.02525514616848	17.638240212189356	18.35322608545234	29.98327855618982	0.0
108.0	33.25063466420494	16.333948765289637	18.122547888299103	32.29286868220632	0.0
109.0	30.96118299445471	21.649722735674676	17.4387707948244	29.950323475046208	0.0
110.0	29.59407887128484	21.6953856828958	20.122585867931075	28.58794957788828	0.0
111.0	30.33720862976459	19.844988142749724	17.09179246920007	32.72601075828562	0.0
112.0	29.052058602119406	16.364583936533673	19.815855000289538	34.76750246105739	0.0
113.0	28.256710533943995	22.134616499507217	18.812684793321353	30.795988173227435	0.0
114.0	30.093642761589017	16.210085499912754	19.711510498458676	33.98476124003955	0.0
115.0	31.956649091974228	19.13884007029877	17.270064440538956	31.63444639718805	0.0
116.0	31.79231446171898	19.149310648283954	19.724259313581697	29.33411557641537	0.0
117.0	27.910122933945065	19.581201105817307	20.987000764660902	31.52167519557673	0.0
118.0	31.14725119321195	17.14689764893053	16.72264451122503	34.98320664663249	0.0
119.0	23.743592764979674	19.27178459906911	23.39598185353208	33.58864078241914	0.0
120.0	30.727047585352913	18.568311810837905	19.830178666194943	30.874461937614246	0.0
121.0	29.564241851676904	16.066367501180917	19.674067076051017	34.695323571091166	0.0
122.0	28.382292097641702	19.98345055854365	21.756605000295526	29.877652343519124	0.0
123.0	26.921029281277733	17.976929902395742	21.24815143448684	33.85388938183969	0.0
124.0	29.1153481762198	15.656087162482235	20.582662245381336	34.64590241591663	0.0
125.0	30.61659657643784	17.633122075460523	20.955991233785465	30.794290114316176	0.0
126.0	31.76805407328353	17.28329182971659	21.469228032728566	29.479426064271312	0.0
127.0	30.265812270084254	18.58312566749733	22.789842173964637	28.361219888453782	0.0
128.0	27.682709447415334	19.376114081996434	21.97860962566845	30.962566844919788	0.0
129.0	30.967243326793888	15.08828250401284	21.75851614053861	32.18595802865466	0.0
130.0	27.60221389037672	22.40671308694876	17.35404392072844	32.637029101946084	0.0
131.0	25.077417818008573	23.29680800381134	20.688423058599334	30.937351119580754	0.0
132.0	29.680229089607447	20.09903352821859	21.441355446844053	28.779381935329912	0.0
133.0	32.79550615513326	16.750328672164454	18.298075773873553	32.15608939882873	0.0
134.0	33.153832346077905	16.657691617303897	19.769042063064678	30.419433973553524	0.0
135.0	30.35521420856834	17.088683547341894	17.388695547821914	35.16740669626785	0.0
136.0	28.376428141912207	22.54359591100421	20.511124473842454	28.568851473241132	0.0
137.0	34.41339436280415	15.809443507588533	21.2117562033245	28.56540592628282	0.0
138.0	31.4897466827503	16.598311218335343	21.025331724969842	30.886610373944514	0.0
139.0	30.314556541689306	16.096117853045946	22.761577008995953	30.82774859626879	0.0
140.0	25.6792657891559	17.739403453689167	25.250573602221955	31.330757154932982	0.0
141.0	27.905711695376244	19.77636748262315	19.522514354789966	32.79540646721063	0.0
142.0	28.596523108607425	20.94615058452965	19.559028408746745	30.898297898116176	0.0
143.0	32.74889279864102	16.714190377965178	19.30473821513074	31.232178608263062	0.0
144.0	30.17136606708799	17.677442877977636	19.35464268351969	32.79654837141468	0.0
145.0	28.957787659133828	21.051349211183528	17.603703478101966	32.387159651580674	0.0
146.0	29.786455155582676	16.656497864551557	22.660158633312996	30.896888346552775	0.0
147.0	32.34880450070324	15.14706781630282	16.094906133431174	36.40922154956277	0.0
148.0	32.2594475408832	15.36718319348319	20.567158694187544	31.80621057144607	0.0
149.0	34.280802995886795	14.463748541960832	18.208607035422677	33.04684142672969	0.0
150.0	29.3904164359968	16.079227409731192	20.169773020852556	34.360583133419446	0.0
151.0	23.639277568883685	19.053196079640017	24.964556493866734	32.34296985760957	0.0
152.0	29.153546953139468	16.45366425881336	23.090695807865654	31.302092980181516	0.0
153.0	34.98639624041554	15.378431857531535	19.218402176601536	30.4167697254514	0.0
154.0	29.8834903321765	18.98859692612791	18.56717897868121	32.560733763014376	0.0
155.0	27.74157512567492	19.561844473406566	19.704586358840686	32.99199404207783	0.0
156.0	30.42586260491141	17.72458812558284	20.51600870376127	31.33354056574448	0.0
157.0	28.761750606984997	17.462491439955176	20.849156446491936	32.926601506567884	0.0
158.0	30.650289918324088	20.84918012344909	15.406197393852484	33.09433256437434	0.0
159.0	33.683092873649365	18.199987508587846	17.044531884329523	31.072387733433267	0.0
160.0	30.31156156156156	16.904404404404406	18.28078078078078	34.50325325325325	0.0
161.0	31.144253665872917	17.95964406567239	17.439528763002883	33.45657350545181	0.0
162.0	35.4463780863228	16.039454671106366	17.767167179744927	30.747000062825908	0.0
163.0	32.10731830205316	14.731074442625017	19.259352563295128	33.9022546920267	0.0
164.0	32.29002334826781	18.20533854988326	19.183441660882185	30.321196440966748	0.0
165.0	30.37814594662957	16.997597065890982	20.665233337549008	31.95902364993044	0.0
166.0	31.65631732353314	17.748067418578124	22.2088455202129	28.38676973767583	0.0
167.0	26.934552148797053	17.62204024630229	20.796038849742907	34.64736875515775	0.0
168.0	28.99637704188648	16.843577194432086	22.735651179050404	31.42439458463103	0.0
169.0	28.914358484559056	17.707736389684815	21.17160140082776	32.20630372492836	0.0
170.0	30.026792549119673	15.782087267159989	18.722888491962237	35.4682316917581	0.0
171.0	31.713081246806336	15.399846704138989	21.985181400102196	30.90189064895248	0.0
172.0	29.410635438663853	14.442951302233315	20.547769885454663	35.59864337364817	0.0
173.0	31.280867166955296	15.553845167083574	20.928740940286062	32.23654672567507	0.0
174.0	30.979484211203296	20.6379831500418	21.87922052865136	26.503312110103543	0.0
175.0	29.75483870967742	17.0	22.47741935483871	30.767741935483873	0.0
176.0	29.88037504041384	18.351115421920465	19.60556094406725	32.16294859359845	0.0
177.0	30.94219803006739	15.325298081907723	20.962934162778645	32.76956972524624	0.0
178.0	34.95328315598235	13.359719698935892	19.244744355048017	32.442252790033734	0.0
179.0	33.84045250633899	16.006761588973408	19.53709121643586	30.615694688251736	0.0
180.0	32.36655152186665	19.357361663299226	19.983054161506878	28.29303265332725	0.0
181.0	34.393988892518784	17.608624632473045	17.177393008820648	30.819993466187523	0.0
182.0	26.044805450019652	18.184200183414124	22.933315865321628	32.837678501244596	0.0
183.0	29.53575415326023	19.436601221353996	19.226475802744762	31.801168822641014	0.0
184.0	30.78086967962634	19.814485889086246	17.183080060522336	32.22156437076508	0.0
185.0	33.48711527054636	17.768404402557174	18.11770908851249	30.62677123838397	0.0
186.0	32.393529217563554	16.69197755034665	19.623638164410696	31.290855067679104	0.0
187.0	27.183759836011372	19.546386299014745	17.932949811545328	35.336904053428555	0.0
188.0	31.551404345521995	16.925013248542662	17.329093799682035	34.194488606253316	0.0
189.0	29.410201912858664	20.815621679064826	16.3788522848034	33.39532412327311	0.0
190.0	29.578120841096624	19.410433856800637	17.653713068937982	33.35773223316476	0.0
191.0	38.7729243081027	13.67789263087696	17.932644214738247	29.616538846282094	0.0
192.0	30.635992777369093	15.73597271450545	17.233999866247576	36.39403464187788	0.0
193.0	30.148192851874207	15.791591229128949	18.16535908267954	35.89485683631731	0.0
194.0	33.743362237010146	16.367547220541777	20.205686630369026	29.683403912079047	0.0
195.0	28.58490566037736	17.97843665768194	17.40566037735849	36.030997304582215	0.0
196.0	30.234443618674412	19.350043915951627	16.073238294709817	34.34227417066415	0.0
197.0	33.13673649244119	19.31394481730052	17.056470747745916	30.492847942512373	0.0
198.0	31.167595487291017	20.191654206877804	17.500339812423544	31.14041049340764	0.0
199.0	31.683708248125424	20.545330606680302	16.41445126107703	31.356509884117244	0.0
200.0	37.92797102439691	15.57438666028839	17.26235221759038	29.23529009772432	0.0
201.0	30.602029621503018	16.723806911684036	22.44240263302249	30.231760833790457	0.0
202.0	32.18019257221458	17.420907840440165	16.68500687757909	33.713892709766164	0.0
203.0	31.408664459161145	15.97682119205298	20.68156732891832	31.932947019867548	0.0
204.0	31.240916326389367	15.412831337808845	18.423420305903523	34.92283202989827	0.0
205.0	30.09371745921555	18.472752516487333	18.583825060742797	32.84970496355432	0.0
206.0	34.93723849372385	16.93863319386332	16.708507670850768	31.415620641562064	0.0
207.0	30.996852046169987	18.125218607904863	17.614550542147605	33.26337880377754	0.0
208.0	28.913288288288285	20.488457207207208	20.43918918918919	30.159065315315313	0.0
209.0	31.513139304888387	15.802486578129415	22.725346142978243	29.959027974003956	0.0
210.0	29.014663172062054	16.320748034284904	22.773960473188353	31.890628320464685	0.0
211.0	27.581792318634424	19.054054054054053	20.825035561877666	32.539118065433854	0.0
212.0	29.857244825124912	16.873661670235546	22.262669521770164	31.00642398286938	0.0
213.0	29.21380495489045	18.931691250179007	16.905341543749106	34.94916225118144	0.0
214.0	26.507149529352592	16.75648487461378	19.989940360709923	36.746425235323706	0.0
215.0	28.59099099099099	17.037837837837838	20.518918918918917	33.85225225225225	0.0
216.0	29.67247487528017	14.792856626418915	20.75048803412624	34.78418046417468	0.0
217.0	28.770503701553203	18.73276237480041	20.641602554797505	31.855131368848888	0.0
218.0	33.16806416332483	16.689755741888444	21.509296390812978	28.63288370397375	0.0
219.0	31.50153666032489	18.520415630030733	19.62534757793063	30.352700131713746	0.0
220.0	28.93151087595532	18.96678424456202	21.318342151675484	30.783362727807173	0.0
221.0	31.798731001918252	16.489597166888004	23.801091928581968	27.910579902611776	0.0
222.0	35.956138401126175	15.23301474401719	21.649255390086687	27.161591464769945	0.0
223.0	27.045336112558626	20.16675351745701	21.08985334623688	31.698057023747488	0.0
224.0	35.06503214232322	16.078636567498876	21.647480938854834	27.208850351323065	0.0
225.0	33.99669570441574	18.308801441874436	19.472814659056773	28.221688194653048	0.0
226.0	27.750546715933943	18.73915994268909	16.650328029560367	36.85996531181661	0.0
227.0	30.850177909001435	20.599591187826483	19.100613218260275	29.449617684911804	0.0
228.0	31.509663673717853	21.488357936387157	18.924060264799877	28.077918125095113	0.0
229.0	32.234123947972456	19.33435348125478	19.319051262433053	29.11247130833971	0.0
230.0	31.998770460308922	20.702374548528393	18.98870360408822	28.310151387074463	0.0
231.0	29.56387495175608	15.20648398301814	21.999228097259746	33.23041296796604	0.0
232.0	29.76827094474153	14.229249011857709	20.010850189878322	35.99162985352244	0.0
233.0	30.242343956985895	18.748538923088912	22.12265253642952	28.886464583495673	0.0
234.0	32.52974326862868	17.892924232936757	16.327489041953662	33.2498434564809	0.0
235.0	32.2504522929285	17.54109966176355	17.10060567922599	33.10784236608196	0.0
236.0	29.847442889890125	19.990514583827366	21.476563117540117	28.685479408742392	0.0
237.0	30.38958978021106	16.218360707767992	19.39220820439578	33.99984130762517	0.0
238.0	28.50754611514813	18.957118901221754	18.422103329873032	34.11323165375709	0.0
239.0	32.2578056023758	17.593707360141263	18.58094550124408	31.567541536238863	0.0
240.0	27.295465547845733	22.55123446829111	18.476682265612393	31.676617718250768	0.0
241.0	30.3357119688615	18.70742783003568	17.758676613687964	33.19818358741485	0.0
242.0	30.70275558454264	18.816240013044187	20.544594814935593	29.93640958747758	0.0
243.0	29.7146605444408	18.596261069203017	18.268284683502788	33.420793702853395	0.0
244.0	31.4497528830313	17.182866556836903	16.30148270181219	35.06589785831961	0.0
245.0	30.09781167108753	19.321949602122015	18.96551724137931	31.614721485411142	0.0
246.0	31.510047527724506	18.05219711498374	15.825898440757108	34.61185691653464	0.0
247.0	30.79567368156284	16.99505324054666	20.558396914563595	31.650876163326906	0.0
248.0	32.886528410048896	17.08818074523689	19.145169448659587	30.880121396054626	0.0
249.0	31.065490329148286	18.340685442823208	21.369189005768575	29.224635222259927	0.0
250.0	34.8968105065666	14.29302404912161	21.31161521405424	29.498550230257546	0.0
251.0	34.43805271743797	14.578861509401564	21.59354340173435	29.38954237142612	0.0
252.0	31.89394593660938	18.12764487434148	15.890836859832454	34.087572329216684	0.0
253.0	30.73977371627502	16.309834638816362	18.825065274151438	34.12532637075718	0.0
254.0	28.948522318688063	14.259405419626415	24.607559414189247	32.18451284749627	0.0
255.0	29.91166077738516	16.545936395759718	22.04946996466431	31.492932862190813	0.0
256.0	31.517094017094017	18.98148148148148	19.31980056980057	30.18162393162393	0.0
257.0	33.073686095442746	16.044408631032322	21.013519563076372	29.868385710448564	0.0
258.0	28.741542625169146	15.651781686964366	18.944519621109606	36.66215606675688	0.0
259.0	27.85247093023256	15.03452034883721	22.583575581395348	34.52943313953488	0.0
260.0	28.230452674897123	16.003657978966622	20.905349794238685	34.86053955189758	0.0
261.0	27.59668508287293	16.740331491712706	21.593001841620627	34.06998158379374	0.0
262.0	26.7865418481787	17.814440633979054	21.5589952729632	33.840022244879044	0.0
263.0	35.8964811022156	13.852169056041705	20.81549059765407	29.435859244088626	0.0
264.0	30.940106851626208	18.70840753585153	17.90233386446715	32.44915174805511	0.0
265.0	28.501321253303136	19.337485843714607	20.93242733106833	31.22876557191393	0.0
266.0	29.91444866920152	18.29847908745247	17.214828897338403	34.5722433460076	0.0
267.0	29.417401303181297	16.050210808738978	19.461479494059024	35.0709083940207	0.0
268.0	25.972021225277373	15.137481910274964	19.546550892426435	39.343945972021224	0.0
269.0	26.501457725947517	15.063168124392615	25.2575315840622	33.177842565597665	0.0
270.0	29.74615309222778	19.0630206801921	20.14113496030579	31.049691267274333	0.0
271.0	30.860769535898452	17.225307417691393	19.426814756049186	32.487108290360965	0.0
272.0	28.759868092335367	18.676926151693817	19.536324572799042	33.02688118317178	0.0
273.0	32.85510785510786	17.094017094017094	18.477818477818477	31.573056573056572	0.0
274.0	33.85955920041005	18.73910814966684	19.395181957970273	28.006150691952847	0.0
275.0	35.50837756270163	17.55645748777188	21.344572796336767	25.590592153189718	0.0
276.0	26.641374222784275	17.683633681104435	23.732743176309413	31.942248919801873	0.0
277.0	31.275368511001922	17.004913480025635	20.775475325785088	30.94424268318735	0.0
278.0	29.81319511931757	17.633084980023757	22.99967606090055	29.554043839758126	0.0
279.0	30.95659875996457	16.519043401240037	25.50930026572188	27.015057573073513	0.0
280.0	25.72892938496583	22.35763097949886	23.917995444191344	27.995444191343964	0.0
281.0	30.39351851851852	17.337962962962962	22.30324074074074	29.96527777777778	0.0
282.0	28.442728442728445	16.848016848016847	21.984321984321983	32.72493272493273	0.0
283.0	30.107526881720432	18.232305329079523	19.34302256882902	32.317145220371025	0.0
284.0	29.096112568566657	15.191986644407345	25.75721440496065	29.954686382065347	0.0
285.0	31.451225372417106	15.629505045651129	24.13503123498318	28.78423834694858	0.0
286.0	29.706705610320068	16.721431179262506	21.1147620786175	32.457101131799924	0.0
287.0	27.16322517207473	17.699115044247787	25.430186823992134	29.70747295968535	0.0
288.0	25.2674794725056	20.029858173675045	22.91614829559592	31.786514058223435	0.0
289.0	30.940407342217753	19.5499119939653	20.26653256223284	29.24314810158411	0.0
290.0	29.028571428571425	19.390476190476193	20.482539682539684	31.098412698412698	0.0
291.0	30.40687973302529	20.189962777563856	18.7395713002182	30.66358618919266	0.0
292.0	29.612785862785863	17.827442827442827	17.56756756756757	34.99220374220374	0.0
293.0	28.558286239978976	18.45183335523722	26.140097253252726	26.84978315153108	0.0
294.0	25.06986027944112	17.6979374584165	18.78908848968729	38.44311377245509	0.0
295.0	26.30941160630133	19.52336071091962	21.166015887976304	33.00121179480275	0.0
296.0	30.40919666073628	16.3268099083071	19.529218557547555	33.734774873409066	0.0
297.0	30.522930648769574	19.742729306487696	19.924496644295303	29.809843400447427	0.0
298.0	31.165626360865144	20.031934968790825	18.260995790390478	30.54144287995355	0.0
299.0	25.310015898251194	18.585055643879173	24.37201907790143	31.732909379968206	0.0
300.0	10.008554319931566	34.901625320787	20.444824636441403	34.64499572284004	0.0
