# Position (bp)	A	C	G	T	N
0.0	27.215832961143366	23.768758374274228	23.29522108083966	25.720187583742742	0.0
1.0	27.434304293604132	19.901679137716016	15.084068234455728	37.57994833422412	0.0
2.0	28.185994258449693	19.850089142786096	17.987637682864825	33.976167903712465	1.1101218691787984E-4
3.0	23.883966151256036	22.051194010012846	15.208121040272918	38.856497275264715	2.215231934783572E-4
4.0	34.17552192643323	14.02783607643875	14.51728708715343	37.27791892190434	0.0014359880702529547
5.0	36.33108647127168	14.932787230732394	22.476859233301077	26.250991668330943	0.008275396363901177
6.0	32.78468064092276	17.70242682916075	19.913976313724106	29.593625164243072	0.005291051949311723
7.0	35.51579761342194	16.679279201874365	20.253528480646644	27.550403325743783	9.91378313268938E-4
8.0	23.463610272285813	26.873980978634815	21.990825092172926	27.670152485779116	0.001431171127333497
9.0	29.075340657019115	18.359938910601738	15.961805922326677	36.60269444737862	2.2006267384951233E-4
10.0	26.990557165719814	17.173199289450096	24.914343538780518	30.921460037067387	4.399689821867558E-4
11.0	28.501886493760058	18.82646016375997	19.760252587882466	32.90997159265807	0.0014291619394387132
12.0	26.89138140560069	19.62483326044773	20.78997738715001	32.68853381269352	0.005274134108045033
13.0	27.619564393585737	21.381818501354886	18.64920052416002	32.349306740157445	1.0984074190830716E-4
14.0	31.744962978177938	18.41029691050945	20.61392187467391	29.230159192187248	6.590444514498429E-4
15.0	30.152382061249394	18.759919992003592	19.428850110225184	31.658078951328466	7.6888519335815E-4
16.0	30.645237470191965	17.62350767622025	19.142605136812136	32.58689226490512	0.0017574518705329146
17.0	30.23509213990635	18.230597456747464	20.561857363009374	30.967949569918574	0.004503470418240593
18.0	31.818007071546965	18.238286308681044	18.3487860950408	31.586792309829974	0.00812821490121473
19.0	30.695874052211696	18.42270891434509	19.52188521862152	31.35953181482169	0.0
20.0	30.42632487156871	18.242570097615467	19.220482222825126	32.110622807990694	0.0
21.0	30.419734427054212	17.43974411500765	19.107126577175755	33.03284567705284	5.492037095415357E-4
22.0	28.841432806573746	19.242011008239153	19.939499719356903	31.9758482176692	0.0012082481609913787
23.0	30.127667894320027	17.57605647571586	20.207620970355084	32.08744641144804	0.0012082481609913787
24.0	31.282643295485872	18.02376733973412	18.589117638336177	32.1028241153152	0.0016476111286246073
25.0	29.537493588046694	18.205663608334277	19.221251108018482	33.035262173374825	3.2952222572492145E-4
26.0	32.070311255710344	17.96203684278165	19.815159999516702	30.152382061249394	1.0984074190830716E-4
27.0	29.335276782193496	18.051447206695013	19.896002785561215	32.717163384808366	1.0984074190830716E-4
28.0	30.19302313575547	18.055840836371345	19.83789703309172	31.90961425029849	0.003624744482974136
29.0	29.314077519005195	18.60965785707303	19.629858667917386	32.444209141166226	0.002196814838166143
30.0	30.051559640686204	18.349476385157327	19.42416646712112	32.172820358479	0.001977148556352029
31.0	30.63473338034574	18.30056744412883	19.452700906636437	31.610570321991045	0.0014279468979501273
32.0	29.348941227644293	18.49528885295817	19.5540612086635	32.60159886818235	1.0984255168641268E-4
33.0	29.56633970056789	18.558969232966092	19.217697909687057	32.655784883401616	0.0012082733773437757
34.0	29.88678341657705	18.045890777357563	19.68246191970597	32.38464419763637	2.1968872304831282E-4
35.0	30.444737313593613	17.48458131863663	19.58499537796791	32.48535623721522	3.2975258663424834E-4
36.0	31.055169320475446	17.444010571261472	18.958462505881474	32.54224766829809	1.0993408352351929E-4
37.0	29.101168440345994	18.80246684178062	19.090646210072972	33.00538865732164	3.2985047877796993E-4
38.0	30.419611564858506	18.43477859240923	19.38337763281321	31.761572391435116	6.598184839350695E-4
39.0	29.470227454000387	18.863665117302457	19.683049588822573	31.982947825847795	1.1001402678841551E-4
40.0	29.98396585255192	18.434424081175074	19.59568840013127	31.983278674804144	0.002642991337595891
41.0	29.859472642037808	18.463592543428312	20.510533487980315	31.16518855318342	0.0012127733701428427
42.0	29.419728267945374	18.477625246321995	19.33591810524597	32.76441135387175	0.0023170266149123834
43.0	29.691031239131995	18.251845145762374	20.10654095202345	31.947491319396526	0.003091343685654509
44.0	29.655487053838225	18.65553013590736	20.13401837505482	31.554853968355665	1.1046684392912889E-4
45.0	29.787671437271285	18.30992609228572	19.36200853912069	32.540393931322306	0.0
46.0	30.34381489237955	17.54789458436811	19.25834437217901	32.849061569115705	8.845819576241013E-4
47.0	29.655624025901478	18.011793712895766	19.87985058199794	32.45107246242151	0.0016592167833096067
48.0	30.353347076391263	18.03261818531883	18.62560568489005	32.98765448491749	7.745684823658419E-4
49.0	29.64322086432873	17.683315621679068	20.017822352107686	32.654976974849454	6.641870350690755E-4
50.0	29.89028982408484	18.54515200226887	19.53490330149748	32.029433302572095	2.215695767245591E-4
51.0	30.111099032985855	18.382364359572197	19.39840583536135	32.1081307720806	0.0
52.0	30.058084059152655	17.77978710287288	19.757355481329014	32.40477335664546	0.0
53.0	31.378028038661892	17.61654688183071	19.299356042951235	31.69605761240883	0.010011424147332566
54.0	30.163423916493752	18.463683759741336	19.127381107513624	32.242504029073935	0.0030071871773538757
55.0	28.94217518697403	18.27852329538106	18.273952075779672	34.50434600341615	0.0010034384490855332
56.0	29.658955215552357	18.18284285825884	20.373631524322878	31.783900811320542	6.695905453814993E-4
57.0	28.217605596836144	18.81024791062396	19.639743880414983	33.33162080630984	7.818058150716525E-4
58.0	30.630140232356943	17.915672804580073	21.88981711447279	29.564258074034992	1.117745551931576E-4
59.0	29.688265823379727	20.330197863583564	20.994554890862823	28.979707848521674	0.007273573652206803
60.0	31.105537385509084	19.011350143460522	19.727475464831148	30.155188516879456	4.484893197874609E-4
61.0	29.036188824736385	21.022604117415177	19.531385997284406	30.409708753129166	1.1230743486449545E-4
62.0	31.32718273448689	16.307343788000253	21.84400868319837	30.520789234275213	6.75560039272557E-4
63.0	26.639416935568576	20.215588367173375	25.45666264960904	27.686976714242633	0.0013553334063707446
64.0	26.24705388015734	19.833261792124276	18.386845780182366	35.531026421924	0.001812125612017111
65.0	27.553738715721344	19.362516323170386	18.772497587009596	34.30556974961676	0.005677624481916766
66.0	26.32283389225049	19.815853502952542	16.946011336298024	36.90789713494204	0.007404133556900196
67.0	33.54346561726216	14.125254381183849	18.01047347751219	34.31966387975726	0.0011426442845504207
68.0	34.301804167440956	15.610301679511254	22.96109226519911	27.126686465454654	1.1542239402204337E-4
69.0	32.17457800065512	17.014768504226474	20.463345029680756	30.347308465437646	0.0
70.0	33.20207280144944	16.07776806416055	22.042266904861453	28.677892229528553	0.0
71.0	26.038042180660565	19.696299243931556	25.722403501790687	28.54325507361719	0.0
