# Position (bp)	A	C	G	T	N
0.0	27.645767100390024	24.738618858772245	22.493526924715677	25.122087116122056	0.0
1.0	29.59916095834289	18.61295926059454	14.981482088427125	36.80639769263544	0.0
2.0	29.637275140076675	18.971788066450408	15.623054490645172	35.76788230282774	0.0
3.0	23.17596566523605	21.010385610850836	15.083707368214133	40.729941355698976	0.0
4.0	34.94792690115936	13.895984803825245	15.441802580729677	35.714285714285715	0.0
5.0	34.35034536943071	14.332012963629817	21.370347333617048	29.94729433332242	0.0
6.0	32.040328652329045	17.755081999410784	15.555337326917412	34.64925202134276	0.0
7.0	39.79180987921045	15.133064912108415	17.627418246096436	27.4477069625847	0.0
8.0	25.110478248060492	27.768503060656652	19.67985858784248	27.441160103440374	0.0
9.0	31.45765818848407	15.689547939376084	13.8073259353825	39.04546793675734	0.0
10.0	26.28563946446692	15.548790467773085	21.93525156306262	36.23031850469737	0.0
11.0	31.837376018854957	17.057841500540118	14.91047170120135	36.19431077940358	0.0
12.0	28.266064355625385	21.8141346688926	15.643719925365806	34.27608105011621	0.0
13.0	28.236603489475925	19.81079577072899	18.7731185963534	33.17948214344169	0.0
14.0	35.464335984811285	18.01368293561164	17.237880127009067	29.284100952568004	0.0
15.0	30.41670758453632	16.30167926937052	19.660218010409505	33.621395135683656	0.0
16.0	34.2597139022554	19.496546531801368	14.858096828046744	31.385642737896497	0.0
17.0	32.1057972437723	15.974336312154245	17.62414481652427	34.29572162754918	0.0
18.0	35.3399456610691	18.612720547317423	16.782873416478445	29.264460375135027	0.0
19.0	33.06163867884383	18.363939899833053	17.1822318242823	31.39218959704082	0.0
20.0	31.20887754099971	15.820485122262596	17.37209073946774	35.59854659726996	0.0
21.0	30.19084094405709	18.648728272611216	18.046417231333265	33.114013551998426	0.0
22.0	27.820877933811257	20.3901928050018	22.871452420701168	28.91747684048578	0.0
23.0	31.316900716881076	21.13980817702707	16.462077318406497	31.081213787685357	0.0
24.0	33.411895643065236	19.60456970768274	14.452191561098562	32.531343088153456	0.0
25.0	30.125372352613834	22.341156830010803	16.638842515303285	30.89462830207208	0.0
26.0	33.2220367278798	18.78948574421421	19.313234475760254	28.67524305214573	0.0
27.0	27.703034469213396	20.40328652329045	23.91894988379325	27.9747291237029	0.0
28.0	29.005859438934174	19.768241186290876	16.003797178303707	35.22210219647125	0.0
29.0	31.506759632066515	17.398278176045043	14.743526793021047	36.351435398867395	0.0
30.0	29.293062083018373	20.018404706346338	14.427975153646432	36.260558056988856	0.0
31.0	39.05966256149503	15.567735331990622	15.42906197378413	29.943540132730213	0.0
32.0	34.53849991684683	16.58074172625977	18.283718609679028	30.597039747214367	0.0
33.0	28.451995685005393	16.629584681769146	18.015102481121897	36.90331715210356	0.0
34.0	32.7829502473087	16.973377945883037	18.184463194646494	32.05920861216177	0.0
35.0	27.755650463074044	18.0718844474303	26.27765247852584	27.894812610969815	0.0
