# Position (bp)	A	C	G	T	N
0.0	26.391649966421138	24.582404674820133	24.048888686731935	24.977056672026798	0.0
1.0	25.76609310576406	20.771002844169985	15.06045533475854	38.402448715307415	0.0
2.0	27.560468682378463	19.484086064019063	18.723786218429925	34.23165903517255	0.0
3.0	23.577153319152682	23.110633085038526	15.474700351491505	37.837513244317286	0.0
4.0	33.45573920881535	14.21028209354049	14.954051127787467	37.37992756985668	0.0
5.0	34.64780926598953	15.73161243565285	23.044272970466924	26.576305327890694	0.0
6.0	32.52585570876471	17.86607501950997	20.428074119254546	29.179995152470774	0.0
7.0	34.096507791090644	17.693805210749602	20.096246800872454	28.113440197287296	0.0
8.0	23.401665974286047	26.30220816156968	22.053387871621982	28.242737992522287	0.0
9.0	29.60092027725483	18.760767856334496	15.727261349686717	35.91105051672396	0.0
10.0	26.917895028330424	16.864056575640095	24.37055340178077	31.84749499424871	0.0
11.0	28.137172677290096	18.579282985209737	19.98429117243766	33.2992531650625	0.0
12.0	26.458043801217237	19.889192398417492	21.09897072996704	32.553793070398235	0.0
13.0	26.897253089542144	21.114577953368013	18.55109658113742	33.43707237595242	0.0
14.0	30.44904217823258	18.540692783592977	20.255348148779163	30.75491688939528	0.0
15.0	30.215107287454778	18.765788331873733	18.94147303639069	32.077631344280796	0.0
16.0	29.542696234469982	17.31536979272019	18.977227965208503	34.164706007601325	0.0
17.0	30.18097729335033	18.26590702860351	20.168284135148873	31.384831542897285	0.0
18.0	31.23747901529522	17.692866397601293	18.700930377338914	32.36872420976457	0.0
19.0	29.74496337239923	18.218573944130274	19.708947561617894	32.327515121852606	0.0
20.0	30.124410261320055	18.13044195162946	19.664959283430935	32.080188503619546	0.0
21.0	29.903017957766142	17.816029294054765	19.56154650058902	32.71940624759008	0.0
22.0	28.86793656871191	18.562479393339927	19.672580113376515	32.89700392457165	0.0
23.0	29.62692162482651	17.78370387701601	20.346756568487216	32.24261792967026	0.0
24.0	30.577576443941112	18.679916418100902	18.6870942529469	32.05541288501109	0.0
25.0	29.403570707017003	17.798241230075604	19.424890741469326	33.373297321438066	0.0
26.0	31.034180263808476	17.861301178684784	20.082832246093645	31.021686311413095	0.0
27.0	29.396268946341515	18.366055811629106	19.56676608345694	32.670909158572435	0.0
28.0	29.65168204822864	17.689150682601117	19.825203079147705	32.83396419002254	0.0
29.0	29.52624472394399	18.218473904121968	19.971134524809425	32.28414684712462	0.0
30.0	29.824729279300833	18.31757119542393	19.307157020663553	32.55054250461169	0.0
31.0	29.67840881604793	18.3417813371325	19.584395425053756	32.395414421765814	0.0
32.0	29.95468016958388	18.241165291123426	19.564876466913866	32.23927807237882	0.0
33.0	30.62054555266383	18.026206306208113	19.736341910152085	31.61690623097597	0.0
34.0	29.855456215489074	17.987286952776692	19.84373213806231	32.31352469367192	0.0
35.0	29.856329325938884	18.308439987451415	19.814802014154377	32.02042867245532	0.0
36.0	30.0798417522114	17.910023157564495	19.120544295821272	32.889590794402835	0.0
37.0	28.82396888235435	19.231842944158927	19.14437109334496	32.799817080141764	0.0
38.0	30.009571667863128	18.136449442982105	19.862274334636144	31.991704554518623	0.0
39.0	28.953966662855596	18.89246657112394	19.979951980473125	32.17361478554734	0.0
40.0	30.371463518400336	18.244788342905764	19.662837694107637	31.72091044458626	0.0
41.0	29.982556531727965	17.920238677700016	20.76277946776149	31.334425322810528	0.0
42.0	30.104450306330836	18.878435585432264	19.679894911504427	31.33721919673247	0.0
43.0	29.739633609628584	18.551670402901767	19.622813105808582	32.08588288166107	0.0
44.0	29.367291255577953	18.337703505534076	20.65238781599536	31.64261742289261	0.0
45.0	29.237605910229615	19.38084068654827	19.541999755336068	31.83955364788605	0.0
46.0	30.121907760716127	17.94921573737707	19.354452665003645	32.57442383690316	0.0
47.0	29.679725334489298	18.28807433627377	20.17653269365275	31.855667635584183	0.0
48.0	30.438621452639364	18.57459330512554	19.377478265725934	31.609306976509167	0.0
49.0	29.475859427775084	18.379227991042697	19.47708281250831	32.667829768673904	0.0
50.0	29.84550244286463	18.6253467484767	19.942392544542052	31.58675826411662	0.0
51.0	29.852893850053324	18.71075329732145	19.57567681861341	31.860676034011814	0.0
52.0	29.744214437508475	18.532684006287585	19.27660853398727	32.446493022216664	0.0
53.0	30.87781173447811	18.12250478097928	19.960688248233232	31.038995236309376	0.0
54.0	30.30311090305558	18.208996510341304	19.819771895480468	31.66812069112265	0.0
55.0	29.410450381435734	17.99770180982476	19.15451073020737	33.43733707853214	0.0
56.0	29.23920763319386	18.452293868387525	20.573127944309817	31.735370554108798	0.0
57.0	28.781643928169583	18.35500783367603	19.350908786219115	33.51243945193528	0.0
58.0	29.99454663953287	17.88383012117101	19.297979596451327	32.82364364284479	0.0
59.0	29.771985410897134	17.89559373977446	20.53222026246552	31.800200586862893	0.0
60.0	29.751250399063533	18.609928700649142	19.793817175694368	31.845003724592956	0.0
61.0	30.153007877870397	17.796643989964426	19.64918068551573	32.401167446649445	0.0
62.0	29.042419598578213	18.334025072898708	19.97211757444182	32.651437754081265	0.0
63.0	29.5607290142344	18.16602367965944	19.816150059864306	32.45709724624185	0.0
64.0	28.695721583652617	18.685078756917836	19.669008088548317	32.95019157088122	0.0
65.0	29.873906761779836	18.009328611377924	20.619530482953866	31.497234143888374	0.0
66.0	30.162979125367535	18.263773399145855	20.291366762901962	31.28188071258465	0.0
67.0	29.408352513869858	17.80743184811676	19.555898513896466	33.22831712411692	0.0
68.0	29.765379897232297	18.056727133387795	20.218787170801413	31.959105798578495	0.0
69.0	29.834561416113832	17.927081420690865	19.729688734901767	32.50866842829353	0.0
70.0	28.60077650371088	18.226282441915235	20.009473451715998	33.16346760265789	0.0
71.0	29.7126479604871	17.805022140849868	20.843800562036957	31.638529336626075	0.0
72.0	30.13729252435685	18.10217501802979	19.883331958367815	31.877200499245546	0.0
73.0	29.87968288015925	17.706922292864803	19.374755493576966	33.038639333398976	0.0
74.0	29.537240582734082	18.154817350018362	20.63388565680007	31.67405641044748	0.0
75.0	30.32104732274265	18.067062508815958	19.561717042947365	32.05017312549403	0.0
76.0	29.118758650058552	18.38257212818056	19.42004684339402	33.078622378366866	0.0
77.0	29.21588459183945	17.95081312714594	21.430624683931757	31.402677597082857	0.0
78.0	29.997577899799577	18.142595160590567	18.971964855592258	32.8878620840176	0.0
79.0	29.92076103476453	17.762091461515737	19.396378483839456	32.920769019880275	0.0
80.0	30.681022665264784	18.136204533052958	19.965130361872312	31.217642439809946	0.0
81.0	30.306805296024784	18.622863196673748	19.465073813212378	31.60525769408909	0.0
82.0	29.988394131050487	18.047392406141526	18.79112630166741	33.17308716114057	0.0
83.0	29.817948533659155	18.295120892927972	20.0802314840695	31.806699089343375	0.0
84.0	30.665186581268934	18.10282866680509	19.018298753640316	32.213685998285655	0.0
85.0	29.62872255749383	17.587694896033266	19.16762722648004	33.61595531999287	0.0
86.0	30.392663188158874	17.897721222447025	20.035406240017036	31.674209349377065	0.0
87.0	29.685782057391428	18.50379760988843	20.110427520625297	31.699992812094845	0.0
88.0	29.8548787727925	17.92916721021679	19.313822324335696	32.90213169265502	0.0
89.0	29.89018010462841	18.413268905661383	20.368994848448544	31.327556141261663	0.0
90.0	30.279149638583085	18.56178698366635	19.55298784627468	31.606075531475884	0.0
91.0	29.955510826763792	18.241892240885843	19.721936011203496	32.08066092114687	0.0
92.0	29.258954554289108	18.554225207739268	20.2390366116334	31.94778362633822	0.0
93.0	30.09782151434307	18.426601913829735	19.61595603623177	31.859620535595422	0.0
94.0	29.864102796223417	17.698587244194282	19.98093605056739	32.45637390901491	0.0
95.0	30.119339876346636	18.198399216116474	20.70927613255726	30.97298477497963	0.0
96.0	29.927067551051383	18.665008667218743	19.65075501993061	31.757168761799264	0.0
97.0	29.693724303943082	18.485983000660376	19.65948064674179	32.160812048654755	0.0
98.0	29.11945548812475	18.001272871069876	21.128062013852457	31.751209626952914	0.0
99.0	29.716356818914164	18.615631665987582	19.528530759746157	32.139480755352096	0.0
100.0	29.6819438956934	18.516343289160357	19.96673678815125	31.834976026994994	0.0
101.0	29.741382771162694	18.6384791818885	20.48303050254121	31.1371075444076	0.0
102.0	30.083502655926647	18.058153922960678	19.62943180079611	32.228911620316566	0.0
103.0	29.55950114319108	17.505500513022145	19.944846753148827	32.99015159063795	0.0
104.0	30.179108994903448	18.093305301388448	19.83602393164241	31.891561772065696	0.0
105.0	30.188489911043607	18.28813191581688	19.650141028422652	31.87323714471686	0.0
106.0	29.333130129977576	17.986762752824887	19.903496549171585	32.77661056802595	0.0
107.0	29.694247994296347	18.06376184505615	20.329380656193575	31.912609504453933	0.0
108.0	29.384447526989018	18.74893771005927	20.355394239784196	31.511220523167516	0.0
109.0	28.723612008856737	18.279537359206742	20.19556337931319	32.80128725262333	0.0
110.0	29.398036397542597	17.711043125874145	21.221692869182366	31.66922760740089	0.0
111.0	29.170573835110574	18.642656597928166	20.158499647317537	32.02826991964372	0.0
112.0	29.229125324377957	18.098555390571878	19.225656041409362	33.446663243640806	0.0
113.0	30.209261652259155	17.825115854201943	20.510649674717047	31.45497281882185	0.0
114.0	30.07239894895734	18.42790853692626	19.063565718119303	32.4361267959971	0.0
115.0	29.625596407521755	17.544484984563567	20.394330620263823	32.435587987650855	0.0
116.0	29.982839898222846	18.06572685288242	20.46560512605208	31.48582812284266	0.0
117.0	30.096362015536783	18.252748652205288	19.604080881832715	32.04680845042521	0.0
118.0	29.736686592267652	18.150953474100508	19.69452462667909	32.417835306952746	0.0
119.0	30.266024800082135	17.93927744378914	19.92162991524167	31.873067840887053	0.0
120.0	29.834605233779694	18.30849644764789	19.655012509088408	32.20188580948401	0.0
121.0	29.55277712369127	17.70685565618916	19.933493760014702	32.80687346010487	0.0
122.0	29.515534036543894	18.116894345495417	20.402040463427287	31.9655311545334	0.0
123.0	29.108642754015257	18.497536304427708	19.714483289402494	32.67933765215454	0.0
124.0	29.157817978983942	18.227957688989086	19.394386615264388	33.219837716762584	0.0
125.0	29.26198777516813	18.253803848342063	20.198689988183634	32.28551838830617	0.0
126.0	29.69031191563447	18.161274627618106	19.867695247697707	32.28071820904972	0.0
127.0	29.777230856190695	17.733801618586963	19.331192096067166	33.15777542915517	0.0
128.0	29.142811516714378	17.926553739146893	21.125411057749176	31.80522368638955	0.0
129.0	29.916484508648544	18.295891940695686	19.2174729138947	32.57015063676107	0.0
130.0	30.01168976787461	17.901149891452157	19.564257938306653	32.52290240236658	0.0
131.0	30.045694368752958	18.259481731235663	20.408554369112284	31.286269530899098	0.0
132.0	30.654667043534218	18.125124035529787	19.12312142552155	32.09708749541444	0.0
133.0	29.79612794104322	18.13676039747501	20.01419553595699	32.05291612552478	0.0
134.0	30.66944883370385	17.57405548360877	20.246634255229452	31.509861427457924	0.0
135.0	29.250147812677145	18.28732346290054	20.406378193210976	32.05615053121133	0.0
136.0	28.74721248805352	18.454860685666674	19.95307177690102	32.844855049378786	0.0
137.0	30.409920368534177	18.018389756917713	22.791042845793328	28.780647028754778	0.0
138.0	30.46493340845908	19.91585504033881	19.864154494851615	29.7550570563505	0.0
139.0	30.58941792684483	18.968495286586144	19.881612239626286	30.56047454694274	0.0
140.0	28.971699529576618	21.127452206986288	19.978605745170654	29.92224251826644	0.0
141.0	31.312725056087277	17.096093057746327	20.91316998372369	30.678011902442705	0.0
142.0	27.0754169138904	19.756226881951193	24.09326751922033	29.075088684938077	0.0
143.0	27.29829300461624	19.230647288591285	19.36063765028154	34.11042205651093	0.0
144.0	27.9065691569874	19.52296735337699	18.87417746124309	33.69628602839253	0.0
145.0	27.31221748469208	19.378706761132307	17.323758535568878	35.98531721860674	0.0
146.0	32.80704981139625	14.702057700808947	19.774191778877025	32.71670070891778	0.0
147.0	34.135527368300764	16.087304308079077	22.125471374700034	27.651696948920122	0.0
148.0	31.79178978648103	16.874509607519073	21.07343783910118	30.260262766898716	0.0
149.0	32.83679565464103	16.732272926800544	23.07080122909135	27.360130189467075	0.0
150.0	27.92993112424752	17.398810492253737	26.095504094582132	28.57575428891661	0.0
