# Position (bp)	A	C	G	T	N
0.0	27.538001064845236	24.004105889745347	22.57579827418326	25.881854941217664	2.3983000848998228E-4
1.0	27.927154866421112	19.99775316886848	14.975607540747719	37.09924539937423	2.3902458845941483E-4
2.0	28.696471406554092	19.963720733017468	17.863191670299358	33.47602066703351	5.955230955766926E-4
3.0	24.18728723435857	22.15436165851746	15.19994771832057	38.45602694882931	0.0023764399740968042
4.0	34.38901262239838	13.715731118852522	14.684131858961974	37.21005761806607	0.0010667817210508039
5.0	36.48222312455829	15.038930013578447	22.77746143401194	25.697123665683698	0.004261762167626945
6.0	32.77286582121634	17.75989557592855	19.87722604642804	29.59001255642707	0.0
7.0	35.66007688472725	16.706833856688192	20.280414241867916	27.352320600334096	3.5441638254286666E-4
8.0	23.115961195129554	27.113462682901485	22.445283054513855	27.32505691318024	2.3615427486468362E-4
9.0	29.146200017226793	18.37650454209178	16.020327615847233	36.4561418826997	8.259421344940572E-4
10.0	26.869912274701196	17.035314209422626	25.147958305125528	30.945281964065412	0.0015332466852386087
11.0	28.522709054386674	18.616261305016174	20.032394352914547	32.82851740430227	1.1788338032950762E-4
12.0	26.86037702949954	19.616679213895498	21.156277207752655	32.3665487344971	1.1781435520792467E-4
13.0	27.382490422223032	21.770672746822818	18.77927360820444	32.06720990789081	3.5331485889193395E-4
14.0	31.85804751142679	18.158263857892052	20.80518100909079	29.17838984997073	1.1777161963064464E-4
15.0	29.97758806078429	19.050266104974554	19.899988340609656	31.071804178772606	3.5331485889193395E-4
16.0	30.578812178998728	17.833214187711473	19.234460918076884	32.35315940035402	3.5331485889193395E-4
17.0	30.12762910419373	18.372137119141303	20.556918434909395	30.942844255277052	4.7108647852257856E-4
18.0	31.40415568937029	18.404759857778995	18.256838703522902	31.934245749327815	0.0
19.0	30.783263710677527	18.35812229640526	19.479072572049734	31.379305877628223	2.3554323926128928E-4
20.0	30.43748623544196	18.437029281557788	19.141303566949045	31.98370982957269	4.7108647852257856E-4
21.0	30.481179506324924	17.70472535069444	19.32302517603913	32.49059888046298	4.7108647852257856E-4
22.0	29.11243774297757	19.325616151671003	20.003156279406102	31.558789825945322	0.0
23.0	30.363290115074648	17.872432137048477	20.244588099648922	31.51839416041201	0.001295487815937091
24.0	31.289799446708933	18.09608044272707	18.705077487837134	31.90892485110723	1.1777161963064464E-4
25.0	29.55278582877655	18.23434432417345	19.512166397165945	32.70046790664479	2.3554323926128928E-4
26.0	32.32713187241565	17.93273120629937	19.943210525014106	29.796101994933466	8.244013374145126E-4
27.0	29.38955436396848	18.162974722677276	20.187233320888797	32.26000204922618	2.3554323926128928E-4
28.0	30.277787919222803	17.883502669293758	19.817312663628943	32.02092566137597	4.7108647852257856E-4
29.0	29.526404985979287	18.455166110980908	19.844282364524364	32.174028766895816	1.1777161963064464E-4
30.0	29.93171561284001	18.37518961342416	19.86182952222128	31.829969756069985	0.0012954954445669276
31.0	30.766748479552277	18.16434497086299	19.52473936864321	31.542871679393986	0.001295501547535485
32.0	29.133709892449815	18.587149566831393	20.051301861282404	32.22760313370047	2.3554573591554273E-4
33.0	29.44120826963709	18.795828906984248	19.5438132006096	32.21914962276906	0.0
34.0	30.049736243623975	18.010927133988712	19.769420748834914	32.169091450854395	8.244226980057215E-4
35.0	30.138026054170897	17.656986810267508	19.882658407025406	32.32209300818067	2.357203555134402E-4
36.0	30.880591666313023	17.524130159044507	18.908637818925968	32.68628671391321	3.5364180329028333E-4
37.0	29.324210722408445	18.831243095258028	19.07306381308001	32.77030333113639	0.0011790381171232886
38.0	30.550445516766427	18.532813524464505	19.52832769656747	31.38770571836925	7.075438323404135E-4
39.0	29.368850718448435	18.85142627940448	19.823632116650543	31.955383054526582	7.078309699643725E-4
40.0	29.923277886173484	18.618458660292053	19.78369938537272	31.672910574329272	0.001653493832468005
41.0	29.969149196566562	18.397910328101666	20.506738340489285	31.125019658666425	0.0011824761760612429
42.0	29.51338095846766	18.470480464700117	19.46878565375675	32.54699786491694	3.550581585263666E-4
43.0	29.284636538702962	18.27989208317838	20.568624060524378	31.86672888385677	1.1843373750820155E-4
44.0	29.681858203109723	18.831832902974277	20.37425240173534	31.11193799037528	1.185018053750049E-4
45.0	29.461465496798674	18.39056201090823	19.578966089637184	32.568413564145125	5.928385107896609E-4
46.0	30.32597181213945	17.756382957269803	19.419872429823947	32.497654174975416	1.1862579138231075E-4
47.0	29.68563833574633	18.01462036883203	20.201504758740178	32.098117864856526	1.1867182493532386E-4
48.0	30.160294232874207	18.03007386688764	18.71057049170986	33.09775550083934	0.0013059076889470347
49.0	29.759468457479095	17.60069459703751	20.093547302794658	32.54617086754552	1.1877514321312894E-4
50.0	29.99713510307091	18.705518314537155	19.794416898374617	31.502216431669833	7.132523474917886E-4
51.0	30.233269607574716	18.40468158150985	19.36568665496906	31.996124077147055	2.3807879932099928E-4
52.0	30.151780710853572	17.823204683382816	20.06986920389646	31.95502617114378	1.192307233727987E-4
53.0	31.456968272676576	17.545619446464546	19.508679666163932	31.488732614694946	0.0
54.0	30.279136952165032	18.461733461518225	19.43256661548837	31.825367216235477	0.0011957545928933913
55.0	29.102302099532974	18.319942630084967	18.455226444753322	34.12240910543877	1.1972018997199746E-4
56.0	29.476849471528197	18.60743276201571	20.47838712731622	31.43697109374906	3.5954539080786254E-4
57.0	28.235096557514694	18.6244452440926	19.973371716444767	33.16696653472472	1.1994722322178243E-4
58.0	30.854679409684998	18.11846397088042	21.881343947446457	29.14551267198813	0.0
59.0	30.00269220414599	20.256312257220877	20.996548209684242	28.7443271412638	1.2018768508903504E-4
60.0	31.314092106007756	19.49989344320523	19.319529512620058	29.86624413185109	2.408063158680526E-4
61.0	29.495016026162997	21.104351612930465	19.437920181625827	29.960782042976895	0.0019301363038131047
62.0	31.33320753165001	16.38966103704134	21.857316698479977	30.41945184335755	3.628894711248848E-4
63.0	26.56687028979877	20.31856984694274	25.81093155155	27.30350691476964	1.2139693885478985E-4
64.0	26.33735335837478	19.324002654312345	18.667851772484035	35.67030518504088	4.870297879594061E-4
65.0	27.723596894226375	19.131672980306817	18.72952951779421	34.41410152137967	0.0010990862929284788
66.0	26.52024109755485	19.77688310002168	16.903285389003138	36.794936020469535	0.004654392950799393
67.0	33.42348245226911	14.123129764329715	17.928938727692703	34.52199044337386	0.0024586123346122214
68.0	34.186320050928046	15.454100105436966	22.945595519923607	27.41211928302863	0.001865040682754093
69.0	32.13701030836323	17.00810187386743	20.508430945125625	30.346330062910308	1.2680973340789745E-4
70.0	32.95948829619442	16.01789544345662	22.086601066413433	28.935878754140948	1.3643979457624527E-4
71.0	25.87368142599238	19.610315324058725	26.060914211311953	28.454573719044323	5.153195926226847E-4
