# Position (bp)	A	C	G	T	N
0.0	27.17825653771574	23.918772698541936	22.92619692960372	25.97623817533184	5.356588067664421E-4
1.0	27.452089291049553	19.91495582397883	15.258333689017883	37.374621195953736	0.0
2.0	28.217890225356008	20.248540343936444	17.763136904571994	33.77043252613555	0.0
3.0	24.16906575898798	21.74399431640449	15.003207626197558	39.082141739964904	0.0015905584450700639
4.0	34.2051154653234	14.240106558980079	14.453647372232295	37.09901633798648	0.0021142654777447133
5.0	35.86381218239289	14.792905653208658	21.994374759238642	27.345741228371057	0.0031661767887579614
6.0	31.809084397252768	17.57152488096743	20.371950448742258	30.246913580246915	5.266927906290818E-4
7.0	34.792257168849886	17.15475670871831	20.004943127737782	28.046991265388115	0.0010517293059112444
8.0	23.82090085170288	26.32139969124458	21.779859484777518	28.077839972275026	0.0
9.0	28.801405791019725	18.233843894250946	15.84242551405791	37.12180025178347	5.245488879563575E-4
10.0	27.18286828368378	16.991782142932013	24.144147921427223	31.678581161820507	0.0026204901364751264
11.0	28.327773733903783	18.762469823681275	19.570488214871098	33.338744560407626	5.236671362215321E-4
12.0	26.649606731871202	19.85179835785045	20.83771606198094	32.66087884829741	0.0
13.0	27.551575227161035	21.0661145790855	18.30410824262576	33.0782019511277	0.0
14.0	30.871942867300312	18.6381839664565	20.342545249223626	30.146805106810127	5.228102094377699E-4
15.0	29.711304202348465	18.643412068550873	18.948733230862533	32.69655049823813	0.0
16.0	30.282735761263947	17.87383544025848	18.907954034526387	32.93547476395119	0.0
17.0	30.131120800526993	18.42592302142476	20.129238683773018	31.31319468406579	5.228102094377699E-4
18.0	31.71680416575175	18.22307266016291	18.198500580319333	31.861622593766008	0.0
19.0	30.525842508652506	18.206865543670336	19.628386503131633	31.638382634336082	5.228102094377699E-4
20.0	30.28169014084507	18.2105252151364	20.05186277277623	31.455399061032864	5.228102094377699E-4
21.0	29.894287775651684	17.454541652289386	19.305812603908528	33.34483515794096	5.228102094377699E-4
22.0	28.560076121166496	18.670075389232203	20.066501458640484	32.70334703096082	0.0
23.0	30.15046477827619	17.46970314836308	19.931093614396104	32.44873845896463	0.0
24.0	31.040287754739275	18.00244675178017	18.307245103882387	32.64949757938873	5.228102094377699E-4
25.0	29.497474826688414	18.15249328188881	19.09250603845792	33.25752585296486	0.0
26.0	31.466378075431056	17.63647960517373	20.270397440321215	30.62622206886456	5.228102094377699E-4
27.0	28.93074855965787	18.237711346027165	19.65243577276577	33.17858151133976	5.228102094377699E-4
28.0	30.1671947049782	17.98519401486872	20.041406568587472	31.805159091146734	0.0010456204188755399
29.0	29.719669165699468	18.289469556761503	19.140604577726194	32.84973388960339	5.228102094377699E-4
30.0	30.237932170248804	18.211666048004684	19.00529609511013	32.545105686636376	0.0
31.0	30.6056296792003	18.189803003053242	19.199882889288553	32.00311598142959	0.0015684470283156972
32.0	29.71229302926215	18.403730832170062	19.020133736949145	32.86331958320917	5.228184094818347E-4
33.0	29.669054216552514	17.958383437026193	19.285826318816333	33.08673602760496	0.0
34.0	29.820094422979395	18.141132552923402	19.169015041800204	32.86923515295372	5.228293432740619E-4
35.0	30.547081447371866	17.452709243609537	19.312419873891315	32.687266162580784	5.232725465058476E-4
36.0	31.01396332272651	17.53841483838553	18.885027633562217	32.56259420532574	0.0
37.0	29.400617704025546	19.095953515154687	19.356122075066743	32.14573627178977	0.0015704339632518452
38.0	31.4397172404765	18.534363136536196	18.56944626259982	31.456473360387488	0.0
39.0	30.145633610980145	18.765257478128767	19.165487977369168	31.923097071611924	5.238619100005239E-4
40.0	29.675108052536615	18.597100415425285	19.31989845159666	32.40422139230414	0.003671688137300155
41.0	29.46376979082399	18.121933538552053	20.680163474570037	31.733607892165615	5.253038882993812E-4
42.0	28.89380786884901	18.845067904707324	19.473902825025107	32.78669561971261	5.257817059513231E-4
43.0	29.494479586574187	18.43365505046784	20.255549357442824	31.815263495805752	0.0010525097094020693
44.0	29.82295385846841	18.70991184555594	19.96113621283453	31.505998083141122	0.0
45.0	29.40010856332773	18.597530447797375	19.855494832701805	32.14581214328251	0.0010540128905776518
46.0	30.055310376100014	17.28805158786652	19.780973019714537	32.87566501631893	0.0
47.0	29.993933159241383	18.61253989607238	19.523093561235523	31.870433383450713	0.0
48.0	30.391546232858634	17.749955134227836	19.056340853188637	32.801629947111174	5.278326137215366E-4
49.0	28.85771013972351	18.28022854246095	20.075617561016823	32.78591570120502	5.28055593692904E-4
50.0	29.61747247461533	18.460375603232745	19.266976409833553	32.655175512318365	0.0
51.0	30.285783867347156	18.209059528599564	19.15408398805616	32.35107261599712	0.0
52.0	29.608968172321266	18.486780006151303	19.591362725238362	32.31182852718769	0.0010605691013798003
53.0	31.22566181275334	17.82737352111479	19.319141702039495	31.627822964092374	0.0
54.0	30.2457114885285	18.496999106116714	18.967884050568255	32.28780913463585	0.001596220150683182
55.0	29.39678412735623	18.408153696974864	18.14922160537897	34.04584057028994	0.0
56.0	29.43450968261503	17.965237518733236	20.640956581564897	31.95929621708684	0.0
57.0	28.14910506002744	18.92212180578762	19.43778659164794	33.490986542537	0.0
58.0	30.836380353668186	17.626210789659375	22.085017212992067	29.452391643680375	0.0
59.0	29.01680069387187	20.94839863367206	20.98159312124554	29.05320755121053	0.0
60.0	31.39056286859602	18.762107658211207	19.599246574974913	30.24808289821786	0.0
61.0	29.31440681612806	21.03898618701321	19.25158139334739	30.390722492361977	0.004303111149360988
62.0	31.347544522396113	16.648677819751754	21.080949811117108	30.922827846735025	0.0
63.0	26.500051524864816	20.596929118057027	24.964068186378995	27.938951170699166	0.0
64.0	26.466889165954342	20.202971617729524	17.883062650064517	35.44653211448732	5.444517642959422E-4
65.0	28.115398493280995	19.400373946226097	18.34359316400057	34.13899428146561	0.0016401150267338748
66.0	26.948766499272796	19.57355725693587	16.754754260311188	36.7185313246069	0.004390658873247167
67.0	33.410123010449276	13.962678012433313	17.590714695119264	35.03427979365989	0.0022044883382566906
68.0	34.64806298230572	15.400933153680835	23.31102524414552	26.63719474850506	0.0027838713628720643
69.0	31.819657472220165	16.905972877996547	20.34093303792638	30.93343661185691	0.0
70.0	32.92650717115568	15.934400049138539	22.238260495685022	28.90021805227112	6.142317496391388E-4
71.0	26.11566924688943	19.944786841637217	25.23643449817116	28.703109413302197	0.0
