# Position (bp)	A	C	G	T	N
0.0	26.518144069326592	21.67009688872841	27.357284708431123	24.454474333513872	0.0
1.0	26.867860008405607	20.010363733618615	17.578229473121155	35.54354678485463	0.0
2.0	27.41705066395006	20.19616437058008	18.88010992785984	33.506675037610016	0.0
3.0	24.95701365448622	22.07345901889988	17.279922848036506	35.689604478577394	0.0
4.0	31.97335650971212	15.981655148567132	16.861750096957635	35.18323824476312	0.0
5.0	32.67837979717268	17.098863219314588	22.096377818142965	28.12637916536977	0.0
6.0	31.272110525476638	18.00360007301817	20.876264242586693	29.8480251589185	0.0
7.0	31.77444546422747	18.60314261857278	20.13235710194533	29.490054815254418	0.0
8.0	25.614067348580623	23.992874382254914	21.002183657050914	29.39087461211355	0.0
9.0	29.474332290360078	18.9834916171599	17.15897761053449	34.383198481945534	0.0
10.0	27.64415791938728	17.930315636737653	22.642596725165532	31.782929718709536	0.0
11.0	28.442426523922766	18.73490767860586	19.6172633202648	33.20540247720658	0.0
12.0	27.42786458990735	19.588610717785485	21.180145177317822	31.803379514989338	0.0
13.0	27.844314124978204	21.038104677734644	18.648532070519348	32.4690491267678	0.0
14.0	29.93090538717758	18.77414411686441	20.103045484992794	31.191905010965215	0.0
15.0	29.980848843476565	18.69795071157441	19.65826079976147	31.662939645187553	0.0
16.0	29.630190098201737	18.225673689592632	19.182469969711768	32.96166624249386	0.0
17.0	29.47136765852093	18.823758653890238	19.663701801843107	32.041171885745726	0.0
18.0	30.48644387459295	18.204463633009528	19.298257675235064	32.01083481716246	0.0
19.0	29.745721943509036	18.720821020319338	19.544361212287814	31.98909582388381	0.0
20.0	29.63494789877476	18.674682239780143	19.263712355433412	32.42665750601168	0.0
21.0	29.778298840889	18.156734155534284	19.829911566837794	32.23505543673892	0.0
22.0	29.327859806900214	19.10987272448365	19.197791052020634	32.3644764165955	0.0
23.0	29.473742037232448	18.12890126969376	19.935588277707456	32.461768415366336	0.0
24.0	29.849899062956336	18.756208429273116	19.374876975825465	32.01901553194509	0.0
25.0	29.66890872847861	18.67975438781185	19.518525045257	32.13281183845254	0.0
26.0	30.015516152360377	18.136963228092018	19.83458591554453	32.01293470400308	0.0
27.0	29.023820366653773	18.786257463173285	19.906219749690486	32.28370242048245	0.0
28.0	29.480144437376143	18.69882793371258	19.981419019418496	31.839608609492775	0.0
29.0	29.05071908286901	18.839627930391405	19.762479548756907	32.347173437982676	0.0
30.0	29.523877082623013	19.032788798400034	19.295483617042212	32.14785050193474	0.0
31.0	29.747324967277187	18.43209673138003	19.378083495803242	32.44249480553954	0.0
32.0	29.128450864089046	18.92826413298184	19.406304920913882	32.53698008201523	0.0
33.0	29.747814545288115	18.714586479930432	20.158130806901916	31.379468167879537	0.0
34.0	29.5551598980241	18.950215806264104	19.716408141594542	31.778216154117256	0.0
35.0	29.528008584163317	18.834030338047285	19.551211504246226	32.086749573543166	0.0
36.0	30.081732227030898	18.27696152750595	19.55348200420836	32.08782424125479	0.0
37.0	29.23811431162798	19.393935208524685	19.051400868766528	32.3165496110808	0.0
38.0	29.49088191468259	18.582856246568895	19.794295257119394	32.13196658162912	0.0
39.0	29.23141993399096	18.888154427875413	20.31673245999242	31.563693178141207	0.0
40.0	29.46944712072927	19.295190098569627	19.781090194915883	31.45427258578522	0.0
41.0	29.86649769991691	18.770859734387983	19.490361003959578	31.872281561735534	0.0
42.0	29.74133419547515	19.618920911668454	19.821508732674786	30.818236160181605	0.0
43.0	29.984054382946585	18.852661565934195	19.270651205945573	31.89263284517365	0.0
44.0	29.69261749356408	19.227876075184668	19.595809991917136	31.483696439334118	0.0
45.0	29.52659674096273	19.516529312605357	19.677374040082412	31.279499906349507	0.0
46.0	29.499869788306288	18.990026488108505	19.57726949597517	31.93283422761004	0.0
47.0	29.49812431248296	19.046690046163537	19.516787168228955	31.938398473124547	0.0
48.0	30.304629023368868	18.56178547371297	19.827265404562606	31.30632009835556	0.0
49.0	30.306777421181803	18.97017179535586	19.60520105720219	31.11784972626015	0.0
50.0	29.72113965719475	18.704358848234893	19.716504597222748	31.85799689734761	0.0
51.0	30.199684770629155	19.092471232357227	19.642582036666152	31.065261960347463	0.0
52.0	29.83907172294208	19.395717288803905	19.364838062209767	31.400372926044252	0.0
53.0	30.577436256341038	18.77257005196617	19.334842566076542	31.315151125616254	0.0
54.0	29.667003027245208	18.98099443454447	20.084543396478473	31.26745914173185	0.0
55.0	29.53131797992934	18.770946782622	19.041312673012655	32.65642256443601	0.0
56.0	29.380822232815056	19.02422432109382	20.082017280159437	31.512936165931688	0.0
57.0	28.934350089650255	18.60620855025815	20.152945496964854	32.30649586312674	0.0
58.0	29.47266653679935	18.889923017539303	19.705201186121514	31.932209259539835	0.0
59.0	29.69530487584487	18.53351164443802	19.98000024096095	31.79118323875616	0.0
60.0	29.430761167027768	19.029054923926775	19.90802132320795	31.632162585837502	0.0
61.0	29.789949030859937	18.93412753181031	19.993704524267848	31.2822189130619	0.0
62.0	29.76720824598183	18.626252038201724	19.67883764267412	31.92770207314232	0.0
63.0	29.077641692258688	18.65822433928819	20.308271389701428	31.95586257875169	0.0
64.0	29.010444335056995	19.321045115823434	19.608593304513533	32.059917244606034	0.0
65.0	29.55779920479079	18.309594286998234	19.79548274278792	32.33712376542305	0.0
66.0	29.705720403793208	18.60923829917406	20.346283267054144	31.338758029978585	0.0
67.0	29.137569147475382	18.288771626976345	20.11995370552003	32.45370552002825	0.0
68.0	29.057130431150348	18.608485408409727	19.882746368995114	32.45163779144481	0.0
69.0	29.498965924758714	18.605968091392555	19.97242466023242	31.922641323616308	0.0
70.0	29.013082894522558	18.712585932063703	20.113901624134513	32.16042954927923	0.0
71.0	29.626882645543457	18.562909781351056	20.031447473818496	31.77876009928699	0.0
72.0	30.126990496147187	18.55022279686227	19.812449378422762	31.510337328567783	0.0
73.0	29.5853993875049	18.454268852589205	19.411726749755548	32.54860501015035	0.0
74.0	29.44328676649774	18.891148985691764	19.650077335097205	32.01548691271329	0.0
75.0	29.65047755027796	18.40804945691582	20.051878929230863	31.88959406357536	0.0
76.0	29.35091460217427	18.850842193047725	19.69578179384872	32.10246141092929	0.0
77.0	29.625145401558456	18.621405610936698	20.25190429137847	31.501544696126377	0.0
78.0	29.576508039955385	18.714359122184764	19.608968654827105	32.100164183032746	0.0
79.0	30.084548917588034	18.747159312057573	19.473873204245777	31.694418566108617	0.0
80.0	30.29566687293418	18.367367473122336	19.460836842396525	31.876128811546955	0.0
81.0	29.65192608626629	18.712532223232984	19.776686380691512	31.85885530980922	0.0
82.0	30.16369520981969	18.61035793810685	19.039035399972732	32.186911452100716	0.0
83.0	29.69422263142053	18.629933249526374	19.689745619737298	31.9860984993158	0.0
84.0	30.180035221528208	18.487248033042356	19.43493519492202	31.89778155050742	0.0
85.0	29.758508305243065	18.314939284408887	19.476201112780732	32.450351297567316	0.0
86.0	29.724712786895253	18.49657480254894	19.731375012078463	32.047337398477346	0.0
87.0	29.718665776776938	18.707554042969445	19.928520116772553	31.645260063481068	0.0
88.0	30.24727118674347	18.610289482616498	19.33150774429163	31.810931586348406	0.0
89.0	30.17640457767451	18.705633648003722	20.18338305176596	30.934578722555813	0.0
90.0	30.113210059588287	18.550214717563822	19.732249630614092	31.604325592233806	0.0
91.0	29.713970550510492	18.39977425478426	19.81555589759376	32.07069929711149	0.0
92.0	28.998196012725565	18.842929757566722	19.714342983723	32.44453124598471	0.0
93.0	29.509640114409585	18.824032191211266	20.683059194859293	30.983268499519863	0.0
94.0	30.054446086510218	18.492841538933725	19.4215973775092	32.03111499704686	0.0
95.0	29.6302995692384	18.556599799994313	20.542961169438925	31.270139461328355	0.0
96.0	29.86154073146046	18.78790545735046	20.181299068396136	31.169254742792944	0.0
97.0	29.65213219754431	19.06854927586967	19.681823485938775	31.597495040647246	0.0
98.0	29.30003480863046	18.69145526051922	20.38097266743211	31.62753726341821	0.0
99.0	30.087641233014306	18.742681384564943	20.06953009935102	31.100147283069735	0.0
100.0	29.78868154697515	18.525228144166782	19.8397451771066	31.846345131751463	0.0
101.0	29.612703917354548	18.28525318786119	20.687214868242034	31.414828026542224	0.0
102.0	29.694812040105784	18.645318070883548	19.916607592685114	31.743262296325554	0.0
103.0	29.55965942592986	18.51484966888632	20.079614037018693	31.845876868165128	0.0
104.0	29.990993853239196	18.15460639462677	19.680925086188562	32.17347466594547	0.0
105.0	30.06934506271572	18.62214832898392	20.062978786093105	31.245527822207258	0.0
106.0	28.98965963514828	18.416814492852946	19.910276314159418	32.68324955783935	0.0
107.0	29.370725395442182	18.511711426232537	19.825186828276426	32.292376350048855	0.0
108.0	28.953355484540012	19.02234873336014	20.70432371801655	31.319972064083302	0.0
109.0	29.06538266867711	18.865124561761487	20.213693446363315	31.855799323198084	0.0
110.0	29.365924376106868	18.342285603528158	20.764310577839613	31.52747944252536	0.0
111.0	29.420762933935634	18.721384656722297	20.23299307512018	31.624859334221888	0.0
112.0	29.056676190882342	18.910188067721435	19.333713591197917	32.6994221501983	0.0
113.0	29.867306274639688	18.001794890971055	19.791611021485274	32.33928781290398	0.0
114.0	29.42121196709771	18.41532585099748	19.892877505079085	32.27058467682573	0.0
115.0	29.73224561187015	18.186695710725466	20.388875624719997	31.692183052684385	0.0
116.0	29.64094071596787	18.707590893938253	19.839665351155464	31.811803038938415	0.0
117.0	29.935174807087122	18.579449928870112	19.84739405957667	31.637981204466094	0.0
118.0	29.668044750365226	18.5638945671458	19.587871063212724	32.18018961927625	0.0
119.0	29.98281298634512	18.341385516896054	19.295467770966127	32.380333725792696	0.0
120.0	30.14557470266516	17.94914923170414	20.194352808403508	31.71092325722719	0.0
121.0	29.847463157322313	18.371308934689214	19.703627168415903	32.07760073957257	0.0
122.0	29.31787094207598	18.297647398623425	19.942615491092592	32.441866168208	0.0
123.0	29.188299008348878	19.142608225433353	19.582037213545007	32.08705555267276	0.0
124.0	29.134306621296446	18.91697304340923	19.299681623691797	32.64903871160253	0.0
125.0	29.153186082823613	18.82726466948215	19.767132347089703	32.25241690060454	0.0
126.0	29.713656993535963	18.781185531563747	19.621235043322788	31.8839224315775	0.0
127.0	29.780169168525937	18.354536854965705	19.545666400990633	32.31962757551772	0.0
128.0	29.59650553612651	17.91659179188035	20.471089117122595	32.01581355487055	0.0
129.0	29.453142538808834	18.279855989490226	19.794239025296072	32.472762446404865	0.0
130.0	29.617422863478847	18.278778043012487	19.62767716458848	32.476121928920186	0.0
131.0	29.36517447320824	18.778060492220398	20.0541771291138	31.802587905457564	0.0
132.0	30.206464449996368	18.383105015174632	19.43554832687783	31.974882207951172	0.0
133.0	29.761471077807734	18.619939807316157	19.958582501527236	31.66000661334888	0.0
134.0	30.060018272541996	18.26607632300232	19.444514723452105	32.229390681003586	0.0
135.0	28.76397589070755	18.487643705704247	20.524472961620216	32.22390744196799	0.0
136.0	27.644230088846243	19.549570203817076	20.25207539052439	32.55412431681229	0.0
137.0	30.215053152825732	18.308195529711067	21.853704797383244	29.623046520079953	0.0
138.0	29.750568960262502	20.36778047106207	20.26068206870818	29.620968499967244	0.0
139.0	30.461189328851773	19.120379103573246	19.876642715460818	30.541788852114166	0.0
140.0	28.527998346452627	21.776013228379007	19.368321936487703	30.327666488680666	0.0
141.0	31.398034652780975	16.567784894705312	20.314156029676052	31.720024422837657	0.0
142.0	27.45584662099889	20.57505568829578	24.79754306994912	27.171554620756204	0.0
143.0	27.654898686358248	19.95251058944274	18.719757392315298	33.672833331883716	0.0
144.0	27.758337937506028	20.354828242433808	19.43194740426975	32.45488641579041	0.0
145.0	26.35186775376753	20.870034790768496	17.448204837657837	35.329892617806145	0.0
146.0	31.870185215538438	15.705622029175546	17.811089091207105	34.61310366407891	0.0
147.0	33.59689866440151	16.56696366714259	22.85578307518992	26.980354593265982	0.0
148.0	30.57430630685541	18.259253051335577	20.583296509058773	30.58314413275024	0.0
149.0	32.772771535001624	17.896656722877413	21.35833191647217	27.972239825648792	0.0
150.0	22.491994487680497	26.84459652883649	22.009999400834836	28.653409582648177	0.0
