# Position (bp)	A	C	G	T	N
0.0	25.7715036112935	22.02451302254323	29.017290435543885	23.18669293061939	0.0
1.0	25.953612980587454	20.372911017727315	17.565275632231092	36.10820036945414	0.0
2.0	27.465037775277285	20.407222847345015	19.36558966939935	32.76214970797835	0.0
3.0	24.355944472832565	23.253065917220237	17.008388690172033	35.382600919775165	0.0
4.0	31.911878245602903	15.427652801133778	17.014098211547207	35.64637074171611	0.0
5.0	33.32667563703641	16.631275754772517	23.402152888739383	26.639895719451683	0.0
6.0	31.003335040930047	18.079267336462763	21.95167849787247	28.96571912473471	0.0
7.0	31.931339401820548	19.259297789336802	20.93732119635891	27.872041612483745	0.0
8.0	24.21478072043804	25.66521553918564	21.5975562874687	28.522447452907624	0.0
9.0	28.977036790964206	19.01523959804003	17.51100406942945	34.496719541566314	0.0
10.0	27.537931463915815	18.652317399696962	23.43655949687623	30.37319163951099	0.0
11.0	28.353376983179935	19.117387650067965	19.56668361470536	32.962551752046735	0.0
12.0	27.620193804079427	20.16371672234557	21.53009773203577	30.685991741539226	0.0
13.0	27.444451359930294	21.768220576336592	19.33258646086181	31.454741602871312	0.0
14.0	29.531711870559562	19.428512160970804	20.963543017165378	30.07623295130426	0.0
15.0	30.361698156251943	18.408445154198727	20.862973640002487	30.36688304954684	0.0
16.0	29.31005887718716	19.049050501699973	19.442947176382784	32.19794344473008	0.0
17.0	29.82505233919947	19.258752565138984	20.558422983645297	30.357772112016253	0.0
18.0	31.283289465503305	18.915670141551473	19.27835692524507	30.52268346770015	0.0
19.0	30.24658101947783	19.844591794446746	19.183588893493578	30.725238292581846	0.0
20.0	30.586979943643293	18.392590750870212	18.97273330018233	32.04769600530416	0.0
21.0	29.89143946299826	18.57856136570813	20.225615314494075	31.304383856799532	0.0
22.0	29.086219754723235	19.273077560490552	20.067533974146503	31.57316871063971	0.0
23.0	28.512687726566543	18.99533920248576	21.719316416364578	30.77265665458312	0.0
24.0	29.928746012676584	19.104975351091593	20.30945772401508	30.65682091221674	0.0
25.0	28.70916961826053	19.227821620166118	21.0785227531639	30.98448600840945	0.0
26.0	30.419743369338953	17.972431363207985	20.795575761969364	30.812249505483695	0.0
27.0	28.11101905550953	19.663421706710853	20.811930405965203	31.413628831814417	0.0
28.0	29.645202046353635	18.93809158882376	20.800107702823055	30.616598661999543	0.0
29.0	28.474077756374406	19.318958553408315	20.7626504277222	31.444313262495083	0.0
30.0	28.92060401433395	19.344615448350147	20.597800194709695	31.136980342606208	0.0
31.0	29.614591856815853	19.531419930189443	20.53714771044155	30.31684050255316	0.0
32.0	29.02554222857498	18.961945601060634	20.657510409545708	31.35500176081868	0.0
33.0	29.814784121985582	19.37411949946134	21.330902461257974	29.4801939172951	0.0
34.0	28.898488568439156	19.690047756679203	20.842009302711045	30.569454372170597	0.0
35.0	28.891589037397058	19.106666251259206	20.146223426903866	31.855521284439874	0.0
36.0	29.52874783948689	18.520022490160553	20.18491909789467	31.766310572457883	0.0
37.0	29.272975821515406	19.926118398397143	19.67254171492972	31.128364065157726	0.0
38.0	29.739030385440092	19.222843993514985	19.74896710423095	31.289158516813977	0.0
39.0	29.190696894071262	20.184342428119038	20.41083824423799	30.21412243357171	0.0
40.0	29.818032735185596	19.587498817370463	20.1856465567084	30.408821890735542	0.0
41.0	29.501080027395815	20.103261155892735	19.743954480796585	30.651704335914864	0.0
42.0	29.875575647471376	19.970214204233386	20.061050318982634	30.093159829312604	0.0
43.0	30.241495770383153	19.66480683514552	19.733624130519942	30.36007326395138	0.0
44.0	29.11407187218005	20.260098731355168	20.01061627474919	30.61521312171559	0.0
45.0	29.866189761440936	20.28976250545567	19.453049319239078	30.390998413864317	0.0
46.0	29.901824778572188	19.355458328886993	20.14512858819763	30.597588304343187	0.0
47.0	29.59322287706838	19.35694344910205	20.206223058904065	30.8436106149255	0.0
48.0	29.951323069005447	19.11159240039456	21.039370416434362	29.89771411416563	0.0
49.0	29.725373904074264	19.716993295513152	20.176852329379404	30.38078047103318	0.0
50.0	30.006353855929007	18.83649051767772	20.297877381349817	30.859278245043452	0.0
51.0	30.609159530468776	20.06414479012559	20.186171074371238	29.140524605034397	0.0
52.0	29.265784973700733	20.42901361501331	19.44630836165285	30.858893049633107	0.0
53.0	29.785548392698225	19.584988387488874	19.63274076968158	30.99672245013132	0.0
54.0	28.736520234610484	19.7373146022177	20.836371154662285	30.689794008509523	0.0
55.0	29.037361965867923	20.142071494042163	18.94832176683689	31.872244773253023	0.0
56.0	29.707973312916984	20.11593568850487	20.235152575741004	29.940938422837142	0.0
57.0	28.74651932732575	19.408450086605715	20.09910324716613	31.74592733890241	0.0
58.0	29.19019887924404	19.12097571695418	20.460388968245248	31.228436435556535	0.0
59.0	28.755506607929515	19.077092511013216	21.05837004405286	31.109030837004404	0.0
60.0	29.04216082510656	19.069546588926436	20.774531239647516	31.113761346319485	0.0
61.0	29.719288924309843	19.48927409178455	21.305704987713355	29.48573199619225	0.0
62.0	29.313980069689507	18.669685065583593	19.94473666688861	32.07159819783829	0.0
63.0	29.20857066571734	19.117123531505875	21.23197757208971	30.442328230687078	0.0
64.0	28.011779403890774	20.231349277172946	21.026682134570766	30.73018918436552	0.0
65.0	28.876413290240325	18.51843567921806	21.35004864737919	31.255102383162413	0.0
66.0	28.9210520415256	19.148411399358732	21.672010583196933	30.258525975918744	0.0
67.0	28.369479716822116	18.50207888526801	21.0057309810091	32.12271041690077	0.0
68.0	28.465393929154697	18.7587993467365	21.261474348144393	31.51433237596441	0.0
69.0	28.748024384736958	18.536915782343645	21.502596522917138	31.21246331000226	0.0
70.0	28.680381107565573	19.17305994975898	21.321882001493652	30.824676941181796	0.0
71.0	29.999773150038568	19.09736400344812	20.856585454380472	30.046277392132843	0.0
72.0	29.401334409347683	18.98066584071199	20.83224405824117	30.78575569169916	0.0
73.0	30.189066292864712	19.036548258060105	19.473030416994312	31.30135503208087	0.0
74.0	28.044642959138212	19.366225339562938	20.662790299180937	31.926341402117913	0.0
75.0	29.120300407565143	18.859046572331366	20.97357695654165	31.047076063561846	0.0
76.0	29.297637361375795	19.77590521892866	20.396987578352814	30.52946984134273	0.0
77.0	29.52369995398067	18.564196962724345	21.059595029912565	30.852508053382422	0.0
78.0	29.953662078981946	18.771468750720427	20.123567789381468	31.151301380916152	0.0
79.0	30.187829220959244	18.636216615839572	20.054754643748268	31.121199519452915	0.0
80.0	31.09652321906151	17.919951836800852	20.031722876361826	30.95180206777581	0.0
81.0	29.464461850884827	19.22251232956194	20.20423556715985	31.108790252393387	0.0
82.0	30.683258707914167	19.016107460603592	20.165145083444788	30.13548874803745	0.0
83.0	30.071323683658484	18.908934107171994	20.625597277579658	30.394144931589867	0.0
84.0	30.897623080067742	18.44886994101501	20.853822344215384	29.799684634701862	0.0
85.0	29.806960654624632	18.746707561195464	20.656029406600098	30.79030237757981	0.0
86.0	29.027148790388814	18.930239106459865	20.346340662177063	31.69627144097426	0.0
87.0	29.43479641148044	19.14896118708039	21.259509224094344	30.156733177344826	0.0
88.0	28.77472404490676	20.070210986370114	19.296240884941156	31.85882408378197	0.0
89.0	30.177095631641087	19.632821723730814	20.369539551357732	29.82054309327037	0.0
90.0	30.977534337328017	18.410249736776727	20.074767239645567	30.53744868624969	0.0
91.0	29.447205189937968	18.962961205925257	20.663685852200626	30.926147751936146	0.0
92.0	28.501634472511146	19.240416047548294	20.734621099554236	31.523328380386328	0.0
93.0	30.01691563624235	19.109903985895695	21.115955495199294	29.757224882662666	0.0
94.0	29.679961786481968	18.949128254119895	19.9892524480535	31.381657511344642	0.0
95.0	30.050635032739198	19.15632219681825	21.069201211410242	29.72384155903231	0.0
96.0	28.95923802212039	19.333749190278542	21.734123461529233	29.972889326071833	0.0
97.0	29.255952023267273	20.236278197747787	20.31680026920812	30.19096950977682	0.0
98.0	30.01818554068864	19.034600700926138	20.496669998675227	30.450543759709998	0.0
99.0	29.69873992178825	19.57949114082943	20.213151161106552	30.50861777627577	0.0
100.0	31.38544891640867	18.571013931888544	19.998065015479877	30.045472136222912	0.0
101.0	29.185599864286836	19.450604044736874	21.45964351060865	29.904152580367636	0.0
102.0	29.697668771248182	19.13550267119961	20.758863525983486	30.40796503156872	0.0
103.0	29.964109739035223	18.997505931017702	20.3151043250806	30.723280004866478	0.0
104.0	29.78388854353311	18.08486000901988	20.512914274570033	31.618337172876977	0.0
105.0	30.26335075975961	19.059950163678117	21.308692040846243	29.368007035716033	0.0
106.0	29.027322136806543	18.890466630759438	21.46599422220046	30.61621701023356	0.0
107.0	28.92105747408452	18.729068269643623	20.889406857633563	31.460467398638286	0.0
108.0	29.417768213956347	19.408545957577623	21.43252382416231	29.741162004303717	0.0
109.0	28.390117676052	19.81886513461894	20.888423387345203	30.90259380198386	0.0
110.0	29.919014345324808	18.44892718698304	21.45872941408854	30.173329053603617	0.0
111.0	30.32199804549784	18.46509729214859	21.09006791276488	30.12283674958869	0.0
112.0	28.026883587123653	18.152621397748128	20.530975646049303	33.28951936907891	0.0
113.0	30.023987372450566	17.648740352229087	21.59857815781951	30.728694117500837	0.0
114.0	29.029163707939354	18.594511093670192	20.151735994319246	32.22458920407121	0.0
115.0	29.287569295310394	19.291564700594314	21.306747240673225	30.114118763422066	0.0
116.0	30.489895513983605	19.09904273290371	20.16017018081712	30.25089157229556	0.0
117.0	29.809706594412877	19.282730591201595	20.3176156248824	30.589947189503132	0.0
118.0	29.603046910352454	18.52908642968475	21.088290009553017	30.779576650409773	0.0
119.0	29.45335837356155	18.7272337690165	20.37585550611931	31.44355235130264	0.0
120.0	30.73151623134564	18.038338577403742	21.024299632283256	30.205845558967358	0.0
121.0	30.005953813607633	18.55943046072383	20.725605198819373	30.709010526849166	0.0
122.0	29.55108260841958	17.865261286430883	20.09651406438504	32.487142040764496	0.0
123.0	28.5352410290355	19.51144999299889	20.83656869359335	31.116740284372256	0.0
124.0	29.092533503509895	18.52456924058711	20.488832163369498	31.894065092533502	0.0
125.0	29.71509752726156	19.254594788306967	20.3540162801413	30.676291404290172	0.0
126.0	29.374623015618383	18.95509554548838	20.592651531679522	31.077629907213716	0.0
127.0	30.764082830336804	18.233999562425193	19.836295543171904	31.1656220640661	0.0
128.0	29.50648345268047	18.027224050061285	21.713437842719824	30.75285465453842	0.0
129.0	28.91369875418828	18.218864409630136	21.3586204219977	31.508816414183883	0.0
130.0	30.272801567019936	18.474749964326946	19.723955428141497	31.52849304051162	0.0
131.0	28.460327988243407	19.116174424199862	20.499915466947577	31.923582120609158	0.0
132.0	30.805643941369777	18.52798497730948	19.376923478170152	31.289447603150595	0.0
133.0	30.067333464077922	18.882133751716022	20.64849316859515	30.402039615610903	0.0
134.0	30.346555433128707	18.226297287370798	20.474578939083898	30.952568340416605	0.0
135.0	30.01999579035993	17.87781519680067	21.311302883603453	30.79088612923595	0.0
136.0	27.901358433774703	19.45240201190775	20.695982785251292	31.95025676906626	0.0
137.0	30.42614614508568	18.011229705749926	22.47397833514315	29.08864581402124	0.0
138.0	30.194921672579422	20.082114242436322	21.206202415593733	28.516761669390522	0.0
139.0	30.50178638084573	19.75417266570682	20.70735349010825	29.0366874633392	0.0
140.0	27.844592060856055	21.9826431670863	20.988910912305137	29.183853859752507	0.0
141.0	30.964282834798034	16.44897739794136	21.052702303206214	31.534037464054393	0.0
142.0	27.210939396391293	20.973919141246594	26.00399169296329	25.811149769398817	0.0
143.0	27.33558863328823	20.412719891745603	19.588633288227335	32.66305818673884	0.0
144.0	27.937725139176944	21.661117781901538	18.85847614889204	31.54268093002947	0.0
145.0	27.270723104056437	21.715167548500883	17.5774360670194	33.43667328042328	0.0
146.0	32.946761708525926	15.519017653282843	17.739600155928052	33.794620482263184	0.0
147.0	34.28245853438938	16.069946400686522	24.40667951549597	25.240915549428134	0.0
148.0	30.734773396282762	18.28472291349668	21.007949261244864	29.972554428975695	0.0
149.0	34.65133723781772	18.13132915957416	21.701624303972764	25.515709298635354	0.0
150.0	23.365818136746043	27.36935066544784	22.52451853802891	26.740312659777203	0.0
