# Position (bp)	A	C	G	T	N
0.0	26.639344262295083	19.672131147540984	27.86885245901639	25.81967213114754	0.0
1.0	23.770491803278688	22.950819672131146	19.262295081967213	34.01639344262295	0.0
2.0	40.16393442622951	11.475409836065573	15.163934426229508	33.19672131147541	0.0
3.0	26.53061224489796	20.408163265306122	12.244897959183673	40.816326530612244	0.0
4.0	40.40816326530612	10.204081632653061	12.653061224489795	36.734693877551024	0.0
5.0	35.88709677419355	14.516129032258066	23.790322580645164	25.806451612903224	0.0
6.0	40.63745019920319	14.741035856573706	19.9203187250996	24.701195219123505	0.0
7.0	38.095238095238095	15.476190476190476	18.650793650793652	27.77777777777778	0.0
8.0	26.666666666666668	21.96078431372549	23.137254901960784	28.235294117647058	0.0
9.0	32.15686274509804	14.901960784313726	16.862745098039216	36.07843137254902	0.0
10.0	28.515625	14.84375	26.5625	30.078125	0.0
11.0	36.328125	8.984375	18.75	35.9375	0.0
12.0	25.968992248062015	17.441860465116278	22.868217054263564	33.72093023255814	0.0
13.0	28.68217054263566	20.155038759689923	24.418604651162788	26.744186046511626	0.0
14.0	33.46153846153846	17.307692307692307	16.923076923076923	32.30769230769231	0.0
15.0	34.23076923076923	22.692307692307693	15.769230769230768	27.307692307692307	0.0
16.0	34.61538461538461	15.769230769230768	16.153846153846153	33.46153846153846	0.0
17.0	37.93103448275862	14.17624521072797	16.47509578544061	31.417624521072796	0.0
18.0	31.800766283524908	15.32567049808429	22.22222222222222	30.65134099616858	0.0
19.0	30.620155038759687	19.767441860465116	16.666666666666664	32.945736434108525	0.0
20.0	27.734375	18.359375	18.359375	35.546875	0.0
21.0	29.64426877470356	16.600790513833992	17.786561264822133	35.96837944664031	0.0
22.0	30.0	18.4	16.0	35.6	0.0
23.0	30.8	16.400000000000002	17.2	35.6	0.0
24.0	36.144578313253014	12.851405622489958	18.072289156626507	32.93172690763052	0.0
25.0	35.7429718875502	19.67871485943775	18.072289156626507	26.506024096385545	0.0
26.0	36.43724696356275	12.955465587044534	17.813765182186234	32.79352226720648	0.0
27.0	35.22267206477733	16.194331983805668	21.45748987854251	27.125506072874494	0.0
28.0	35.7429718875502	18.072289156626507	10.843373493975903	35.34136546184739	0.0
29.0	32.1285140562249	20.080321285140563	18.473895582329316	29.31726907630522	0.0
30.0	26.400000000000002	23.200000000000003	20.0	30.4	0.0
31.0	33.2	18.4	16.400000000000002	32.0	0.0
32.0	32.53012048192771	17.670682730923694	18.87550200803213	30.923694779116467	0.0
33.0	31.983805668016196	12.145748987854251	16.599190283400812	39.27125506072874	0.0
34.0	23.88663967611336	18.218623481781375	23.88663967611336	34.0080971659919	0.0
35.0	27.93522267206478	21.052631578947366	16.599190283400812	34.41295546558704	0.0
36.0	29.435483870967744	12.5	20.967741935483872	37.096774193548384	0.0
37.0	30.89430894308943	19.51219512195122	23.170731707317074	26.422764227642276	0.0
38.0	25.101214574898783	22.267206477732792	18.62348178137652	34.0080971659919	0.0
39.0	27.530364372469634	20.647773279352226	20.647773279352226	31.17408906882591	0.0
40.0	27.93522267206478	17.408906882591094	19.02834008097166	35.62753036437247	0.0
41.0	27.93522267206478	16.599190283400812	21.052631578947366	34.41295546558704	0.0
42.0	31.428571428571427	19.183673469387756	16.3265306122449	33.06122448979592	0.0
43.0	26.122448979591837	17.142857142857142	21.63265306122449	35.10204081632653	0.0
44.0	28.74493927125506	20.647773279352226	22.267206477732792	28.34008097165992	0.0
45.0	32.244897959183675	21.63265306122449	14.69387755102041	31.428571428571427	0.0
46.0	30.45267489711934	18.106995884773664	25.514403292181072	25.925925925925924	0.0
47.0	22.40663900414938	24.481327800829874	21.57676348547718	31.535269709543567	0.0
48.0	32.5	16.25	17.916666666666668	33.33333333333333	0.0
49.0	29.831932773109244	19.327731092436977	17.647058823529413	33.193277310924366	0.0
50.0	30.416666666666664	17.916666666666668	22.083333333333332	29.583333333333332	0.0
51.0	30.0	17.916666666666668	16.25	35.833333333333336	0.0
52.0	32.083333333333336	14.166666666666666	19.166666666666668	34.583333333333336	0.0
53.0	27.916666666666668	18.75	19.583333333333332	33.75	0.0
54.0	32.083333333333336	19.583333333333332	19.583333333333332	28.749999999999996	0.0
55.0	28.57142857142857	17.647058823529413	21.008403361344538	32.773109243697476	0.0
56.0	27.966101694915253	16.101694915254235	21.1864406779661	34.74576271186441	0.0
57.0	37.71186440677966	19.06779661016949	17.796610169491526	25.423728813559322	0.0
58.0	33.89830508474576	19.915254237288135	15.254237288135593	30.93220338983051	0.0
59.0	27.966101694915253	15.677966101694915	20.76271186440678	35.59322033898305	0.0
60.0	30.08474576271186	19.06779661016949	21.610169491525426	29.23728813559322	0.0
61.0	28.691983122362867	16.877637130801688	21.518987341772153	32.91139240506329	0.0
62.0	24.894514767932492	18.143459915611814	24.47257383966245	32.48945147679325	0.0
63.0	25.523012552301257	19.246861924686193	23.430962343096233	31.799163179916317	0.0
64.0	30.962343096234306	19.665271966527197	20.502092050209207	28.870292887029287	0.0
65.0	29.831932773109244	17.647058823529413	21.008403361344538	31.512605042016805	0.0
66.0	25.523012552301257	16.736401673640167	21.338912133891213	36.40167364016737	0.0
67.0	28.270042194092827	18.9873417721519	22.362869198312236	30.37974683544304	0.0
68.0	33.047210300429185	15.879828326180256	15.879828326180256	35.1931330472103	0.0
69.0	34.61538461538461	16.666666666666664	18.803418803418804	29.914529914529915	0.0
70.0	27.467811158798284	11.587982832618025	21.45922746781116	39.48497854077253	0.0
71.0	33.76068376068376	16.23931623931624	16.666666666666664	33.33333333333333	0.0
72.0	34.18803418803419	17.94871794871795	14.957264957264957	32.9059829059829	0.0
73.0	29.48717948717949	21.367521367521366	18.803418803418804	30.34188034188034	0.0
74.0	37.06896551724138	19.82758620689655	10.775862068965516	32.327586206896555	0.0
75.0	28.32618025751073	17.59656652360515	18.025751072961373	36.05150214592275	0.0
76.0	26.06837606837607	17.094017094017094	22.64957264957265	34.18803418803419	0.0
77.0	27.659574468085108	23.829787234042556	17.02127659574468	31.48936170212766	0.0
78.0	26.80851063829787	14.893617021276595	20.425531914893615	37.87234042553192	0.0
79.0	28.63247863247863	14.102564102564102	20.085470085470085	37.17948717948718	0.0
80.0	27.77777777777778	16.23931623931624	23.076923076923077	32.9059829059829	0.0
81.0	29.059829059829063	16.23931623931624	23.076923076923077	31.62393162393162	0.0
82.0	29.310344827586203	21.982758620689655	15.948275862068966	32.758620689655174	0.0
83.0	31.30434782608696	14.782608695652174	20.869565217391305	33.04347826086956	0.0
84.0	29.87012987012987	19.047619047619047	22.07792207792208	29.004329004329005	0.0
85.0	27.155172413793103	22.844827586206897	18.53448275862069	31.46551724137931	0.0
86.0	31.896551724137932	18.53448275862069	17.67241379310345	31.896551724137932	0.0
87.0	32.03463203463203	19.480519480519483	19.047619047619047	29.43722943722944	0.0
88.0	29.74137931034483	21.551724137931032	18.96551724137931	29.74137931034483	0.0
89.0	31.03448275862069	17.67241379310345	23.275862068965516	28.01724137931034	0.0
90.0	29.004329004329005	17.74891774891775	20.346320346320347	32.900432900432904	0.0
91.0	29.565217391304348	20.0	19.130434782608695	31.30434782608696	0.0
92.0	28.26086956521739	19.130434782608695	21.304347826086957	31.30434782608696	0.0
93.0	29.130434782608695	22.608695652173914	20.869565217391305	27.391304347826086	0.0
94.0	36.36363636363637	12.987012987012985	18.181818181818183	32.467532467532465	0.0
95.0	33.18777292576419	17.03056768558952	24.890829694323145	24.890829694323145	0.0
96.0	22.36842105263158	20.175438596491226	26.31578947368421	31.140350877192986	0.0
97.0	31.4410480349345	17.903930131004365	17.46724890829694	33.18777292576419	0.0
98.0	32.314410480349345	17.03056768558952	22.707423580786028	27.947598253275107	0.0
99.0	25.327510917030565	19.65065502183406	22.707423580786028	32.314410480349345	0.0
100.0	35.37117903930131	19.213973799126638	14.41048034934498	31.004366812227076	0.0
101.0	30.263157894736842	19.298245614035086	15.789473684210526	34.64912280701755	0.0
102.0	22.46696035242291	23.788546255506606	20.26431718061674	33.480176211453745	0.0
103.0	31.718061674008812	14.537444933920703	17.62114537444934	36.12334801762114	0.0
104.0	33.1858407079646	18.141592920353983	22.566371681415927	26.10619469026549	0.0
105.0	31.718061674008812	17.62114537444934	20.26431718061674	30.396475770925107	0.0
106.0	34.801762114537446	18.502202643171806	18.502202643171806	28.193832599118945	0.0
107.0	24.88888888888889	22.22222222222222	16.444444444444446	36.44444444444444	0.0
108.0	34.82142857142857	16.517857142857142	17.857142857142858	30.80357142857143	0.0
109.0	30.80357142857143	16.071428571428573	17.410714285714285	35.714285714285715	0.0
110.0	30.80357142857143	18.303571428571427	16.071428571428573	34.82142857142857	0.0
111.0	35.267857142857146	19.196428571428573	22.767857142857142	22.767857142857142	0.0
112.0	34.66666666666667	19.11111111111111	18.666666666666668	27.555555555555557	0.0
113.0	29.910714285714285	21.428571428571427	17.857142857142858	30.80357142857143	0.0
114.0	30.493273542600896	18.385650224215247	19.730941704035875	31.390134529147986	0.0
115.0	33.18385650224215	17.48878923766816	21.524663677130047	27.802690582959645	0.0
116.0	31.838565022421523	20.62780269058296	18.385650224215247	29.14798206278027	0.0
117.0	29.910714285714285	20.089285714285715	16.964285714285715	33.035714285714285	0.0
118.0	27.47747747747748	18.46846846846847	19.81981981981982	34.234234234234236	0.0
119.0	26.576576576576578	15.765765765765765	21.17117117117117	36.486486486486484	0.0
120.0	33.03167420814479	14.479638009049776	26.244343891402718	26.244343891402718	0.0
121.0	32.72727272727273	21.363636363636363	18.636363636363637	27.27272727272727	0.0
122.0	27.85388127853881	21.91780821917808	20.091324200913242	30.136986301369863	0.0
123.0	28.57142857142857	15.668202764976957	18.433179723502306	37.327188940092164	0.0
124.0	29.953917050691242	18.433179723502306	18.433179723502306	33.17972350230415	0.0
125.0	25.806451612903224	17.51152073732719	13.82488479262673	42.857142857142854	0.0
126.0	31.336405529953915	18.89400921658986	19.35483870967742	30.414746543778804	0.0
127.0	33.789954337899545	21.00456621004566	16.43835616438356	28.767123287671232	0.0
128.0	26.605504587155966	17.889908256880734	25.688073394495415	29.81651376146789	0.0
129.0	24.31192660550459	23.394495412844037	16.055045871559635	36.23853211009174	0.0
130.0	28.110599078341014	16.589861751152075	17.972350230414747	37.327188940092164	0.0
131.0	27.44186046511628	16.27906976744186	17.209302325581397	39.06976744186046	0.0
132.0	27.906976744186046	15.813953488372093	20.930232558139537	35.348837209302324	0.0
133.0	28.837209302325583	12.558139534883722	23.25581395348837	35.348837209302324	0.0
134.0	32.55813953488372	17.209302325581397	16.74418604651163	33.48837209302326	0.0
135.0	29.30232558139535	17.674418604651162	17.209302325581397	35.81395348837209	0.0
136.0	30.985915492957744	17.370892018779344	13.615023474178404	38.028169014084504	0.0
137.0	30.046948356807512	14.553990610328638	18.779342723004692	36.61971830985916	0.0
138.0	30.51643192488263	24.88262910798122	16.431924882629108	28.169014084507044	0.0
139.0	28.638497652582164	21.12676056338028	17.84037558685446	32.3943661971831	0.0
140.0	28.30188679245283	20.28301886792453	20.754716981132077	30.660377358490564	0.0
141.0	31.132075471698112	21.69811320754717	16.50943396226415	30.660377358490564	0.0
142.0	28.77358490566038	18.39622641509434	19.81132075471698	33.0188679245283	0.0
143.0	30.18867924528302	21.22641509433962	20.754716981132077	27.830188679245282	0.0
144.0	32.54716981132076	19.81132075471698	17.92452830188679	29.71698113207547	0.0
145.0	36.79245283018868	16.50943396226415	17.92452830188679	28.77358490566038	0.0
146.0	33.80952380952381	12.857142857142856	20.952380952380953	32.38095238095238	0.0
147.0	24.285714285714285	17.61904761904762	23.809523809523807	34.285714285714285	0.0
148.0	32.535885167464116	17.22488038277512	21.052631578947366	29.1866028708134	0.0
149.0	26.794258373205743	16.267942583732058	24.401913875598087	32.535885167464116	0.0
150.0	29.04761904761905	13.80952380952381	26.666666666666668	30.476190476190478	0.0
151.0	26.31578947368421	17.22488038277512	17.703349282296653	38.75598086124402	0.0
152.0	27.884615384615387	17.78846153846154	20.192307692307693	34.13461538461539	0.0
153.0	30.288461538461537	19.230769230769234	16.826923076923077	33.65384615384615	0.0
154.0	35.57692307692308	12.980769230769232	20.673076923076923	30.76923076923077	0.0
155.0	31.25	17.78846153846154	21.153846153846153	29.807692307692307	0.0
156.0	29.468599033816425	21.73913043478261	19.32367149758454	29.468599033816425	0.0
157.0	29.468599033816425	14.975845410628018	18.357487922705314	37.19806763285024	0.0
158.0	35.09615384615385	17.78846153846154	16.826923076923077	30.288461538461537	0.0
159.0	32.5242718446602	18.932038834951456	10.679611650485436	37.86407766990291	0.0
160.0	26.21359223300971	20.87378640776699	20.388349514563107	32.5242718446602	0.0
161.0	25.615763546798032	19.21182266009852	17.24137931034483	37.93103448275862	0.0
162.0	26.108374384236456	15.270935960591133	28.078817733990146	30.541871921182267	0.0
163.0	27.093596059113302	16.25615763546798	23.645320197044335	33.004926108374384	0.0
164.0	28.499999999999996	20.0	23.0	28.499999999999996	0.0
165.0	26.767676767676768	16.666666666666664	28.28282828282828	28.28282828282828	0.0
166.0	36.36363636363637	17.17171717171717	17.17171717171717	29.292929292929294	0.0
167.0	27.835051546391753	23.195876288659793	15.463917525773196	33.50515463917525	0.0
168.0	25.38860103626943	21.243523316062177	19.689119170984455	33.67875647668394	0.0
169.0	29.015544041450774	20.72538860103627	18.65284974093264	31.606217616580313	0.0
170.0	28.497409326424872	17.098445595854923	17.616580310880828	36.787564766839374	0.0
171.0	32.460732984293195	18.32460732984293	23.56020942408377	25.654450261780106	0.0
172.0	29.31937172774869	15.18324607329843	19.895287958115183	35.602094240837694	0.0
173.0	34.92063492063492	16.402116402116402	16.402116402116402	32.27513227513227	0.0
174.0	31.550802139037433	17.11229946524064	17.647058823529413	33.68983957219251	0.0
175.0	25.806451612903224	19.35483870967742	27.956989247311824	26.881720430107524	0.0
176.0	34.40860215053764	13.440860215053762	22.043010752688172	30.107526881720432	0.0
177.0	26.6304347826087	19.565217391304348	20.652173913043477	33.15217391304348	0.0
178.0	28.415300546448087	16.39344262295082	25.136612021857925	30.05464480874317	0.0
179.0	34.065934065934066	15.934065934065933	15.934065934065933	34.065934065934066	0.0
180.0	31.318681318681318	19.78021978021978	19.230769230769234	29.67032967032967	0.0
181.0	27.472527472527474	17.582417582417584	21.978021978021978	32.967032967032964	0.0
182.0	23.03370786516854	17.415730337078653	22.47191011235955	37.07865168539326	0.0
183.0	23.595505617977526	17.415730337078653	20.786516853932586	38.20224719101123	0.0
184.0	32.38636363636363	17.045454545454543	13.068181818181818	37.5	0.0
185.0	33.52272727272727	19.318181818181817	17.613636363636363	29.545454545454547	0.0
186.0	25.862068965517242	14.942528735632186	24.137931034482758	35.05747126436782	0.0
187.0	36.7816091954023	14.367816091954023	20.114942528735632	28.735632183908045	0.0
188.0	32.55813953488372	15.69767441860465	18.6046511627907	33.13953488372093	0.0
189.0	32.55813953488372	18.023255813953487	18.023255813953487	31.3953488372093	0.0
190.0	33.33333333333333	17.543859649122805	26.900584795321635	22.22222222222222	0.0
191.0	36.09467455621302	13.609467455621301	15.384615384615385	34.9112426035503	0.0
192.0	33.13609467455622	23.668639053254438	15.976331360946746	27.218934911242602	0.0
193.0	26.785714285714285	16.071428571428573	26.190476190476193	30.952380952380953	0.0
194.0	29.94011976047904	19.16167664670659	11.976047904191617	38.92215568862276	0.0
195.0	27.710843373493976	22.89156626506024	16.867469879518072	32.53012048192771	0.0
196.0	29.268292682926827	17.073170731707318	23.170731707317074	30.48780487804878	0.0
197.0	22.699386503067483	19.631901840490798	28.22085889570552	29.447852760736197	0.0
198.0	26.543209876543212	22.22222222222222	18.51851851851852	32.71604938271605	0.0
199.0	29.629629629629626	16.666666666666664	18.51851851851852	35.18518518518518	0.0
200.0	33.97435897435898	13.461538461538462	23.076923076923077	29.48717948717949	0.0
201.0	41.29032258064516	18.70967741935484	12.903225806451612	27.09677419354839	0.0
202.0	30.32258064516129	20.0	19.35483870967742	30.32258064516129	0.0
203.0	27.741935483870968	14.838709677419354	19.35483870967742	38.064516129032256	0.0
204.0	33.116883116883116	16.233766233766232	16.233766233766232	34.41558441558442	0.0
205.0	37.254901960784316	15.686274509803921	15.686274509803921	31.372549019607842	0.0
206.0	30.87248322147651	15.436241610738255	21.476510067114095	32.21476510067114	0.0
207.0	26.174496644295303	20.13422818791946	16.778523489932887	36.91275167785235	0.0
208.0	30.82191780821918	19.863013698630137	19.17808219178082	30.136986301369863	0.0
209.0	32.16783216783217	20.97902097902098	16.083916083916083	30.76923076923077	0.0
210.0	24.647887323943664	17.6056338028169	21.12676056338028	36.61971830985916	0.0
211.0	33.093525179856115	17.26618705035971	22.302158273381295	27.33812949640288	0.0
212.0	28.985507246376812	14.492753623188406	23.18840579710145	33.33333333333333	0.0
213.0	31.15942028985507	17.391304347826086	23.18840579710145	28.26086956521739	0.0
214.0	25.925925925925924	22.22222222222222	20.74074074074074	31.11111111111111	0.0
215.0	30.37037037037037	17.037037037037038	21.48148148148148	31.11111111111111	0.0
216.0	28.14814814814815	17.77777777777778	21.48148148148148	32.592592592592595	0.0
217.0	30.37037037037037	12.592592592592592	26.666666666666668	30.37037037037037	0.0
218.0	34.32835820895522	16.417910447761194	14.17910447761194	35.07462686567165	0.0
219.0	22.727272727272727	15.909090909090908	26.515151515151516	34.84848484848485	0.0
220.0	35.87786259541985	18.3206106870229	19.083969465648856	26.717557251908396	0.0
221.0	30.76923076923077	17.692307692307693	14.615384615384617	36.92307692307693	0.0
222.0	35.65891472868217	19.379844961240313	17.829457364341085	27.131782945736433	0.0
223.0	35.15625	17.96875	14.0625	32.8125	0.0
224.0	31.25	14.0625	21.875	32.8125	0.0
225.0	25.984251968503933	23.62204724409449	19.68503937007874	30.708661417322837	0.0
226.0	30.89430894308943	16.260162601626014	19.51219512195122	33.33333333333333	0.0
227.0	34.42622950819672	16.39344262295082	18.852459016393443	30.327868852459016	0.0
228.0	26.446280991735538	15.702479338842975	28.09917355371901	29.75206611570248	0.0
229.0	35.53719008264463	16.528925619834713	17.355371900826448	30.57851239669421	0.0
230.0	30.0	20.833333333333336	20.0	29.166666666666668	0.0
231.0	32.5	13.333333333333334	20.833333333333336	33.33333333333333	0.0
232.0	29.166666666666668	20.833333333333336	18.333333333333332	31.666666666666664	0.0
233.0	28.205128205128204	22.22222222222222	20.51282051282051	29.059829059829063	0.0
234.0	34.78260869565217	22.608695652173914	13.043478260869565	29.565217391304348	0.0
235.0	34.78260869565217	21.73913043478261	16.52173913043478	26.956521739130434	0.0
236.0	29.464285714285715	24.107142857142858	14.285714285714285	32.142857142857146	0.0
237.0	25.0	21.428571428571427	18.75	34.82142857142857	0.0
238.0	26.36363636363636	19.090909090909093	16.363636363636363	38.18181818181819	0.0
239.0	20.5607476635514	18.69158878504673	23.364485981308412	37.38317757009346	0.0
240.0	32.075471698113205	12.264150943396226	14.150943396226415	41.509433962264154	0.0
241.0	36.27450980392157	13.725490196078432	20.588235294117645	29.411764705882355	0.0
242.0	28.999999999999996	23.0	21.0	27.0	0.0
243.0	15.306122448979592	13.26530612244898	22.448979591836736	48.97959183673469	0.0
244.0	25.773195876288657	17.525773195876287	21.649484536082475	35.051546391752574	0.0
245.0	30.208333333333332	18.75	13.541666666666666	37.5	0.0
246.0	28.421052631578945	17.894736842105264	16.842105263157894	36.84210526315789	0.0
247.0	32.608695652173914	20.652173913043477	21.73913043478261	25.0	0.0
248.0	25.0	26.08695652173913	18.478260869565215	30.434782608695656	0.0
249.0	43.47826086956522	10.869565217391305	13.043478260869565	32.608695652173914	0.0
250.0	25.0	20.652173913043477	20.652173913043477	33.69565217391305	0.0
251.0	39.325842696629216	19.101123595505616	14.606741573033707	26.96629213483146	0.0
252.0	25.0	26.136363636363637	25.0	23.863636363636363	0.0
253.0	31.03448275862069	18.39080459770115	20.689655172413794	29.88505747126437	0.0
254.0	32.94117647058823	11.76470588235294	23.52941176470588	31.76470588235294	0.0
255.0	32.94117647058823	21.176470588235293	25.882352941176475	20.0	0.0
256.0	39.285714285714285	16.666666666666664	22.61904761904762	21.428571428571427	0.0
257.0	31.32530120481928	19.27710843373494	21.686746987951807	27.710843373493976	0.0
258.0	17.073170731707318	19.51219512195122	18.29268292682927	45.1219512195122	0.0
259.0	28.39506172839506	18.51851851851852	28.39506172839506	24.691358024691358	0.0
260.0	36.25	21.25	12.5	30.0	0.0
261.0	18.9873417721519	21.518987341772153	18.9873417721519	40.50632911392405	0.0
262.0	26.923076923076923	17.94871794871795	29.48717948717949	25.64102564102564	0.0
263.0	34.21052631578947	22.36842105263158	13.157894736842104	30.263157894736842	0.0
264.0	28.000000000000004	13.333333333333334	20.0	38.666666666666664	0.0
265.0	31.506849315068493	26.027397260273972	20.54794520547945	21.91780821917808	0.0
266.0	31.506849315068493	21.91780821917808	20.54794520547945	26.027397260273972	0.0
267.0	25.0	22.22222222222222	20.833333333333336	31.944444444444443	0.0
268.0	18.30985915492958	19.718309859154928	23.943661971830984	38.028169014084504	0.0
269.0	23.52941176470588	11.76470588235294	26.47058823529412	38.23529411764706	0.0
270.0	29.411764705882355	11.76470588235294	22.058823529411764	36.76470588235294	0.0
271.0	32.35294117647059	16.176470588235293	17.647058823529413	33.82352941176471	0.0
272.0	26.865671641791046	26.865671641791046	19.402985074626866	26.865671641791046	0.0
273.0	38.80597014925373	25.37313432835821	10.44776119402985	25.37313432835821	0.0
274.0	32.30769230769231	10.76923076923077	18.461538461538463	38.46153846153847	0.0
275.0	37.5	17.1875	17.1875	28.125	0.0
276.0	31.746031746031743	15.873015873015872	20.634920634920633	31.746031746031743	0.0
277.0	37.096774193548384	8.064516129032258	16.129032258064516	38.70967741935484	0.0
278.0	27.11864406779661	20.33898305084746	27.11864406779661	25.423728813559322	0.0
279.0	32.20338983050847	22.033898305084744	8.47457627118644	37.28813559322034	0.0
280.0	31.03448275862069	10.344827586206897	24.137931034482758	34.48275862068966	0.0
281.0	22.807017543859647	17.543859649122805	21.052631578947366	38.59649122807017	0.0
282.0	29.09090909090909	16.363636363636363	18.181818181818183	36.36363636363637	0.0
283.0	21.153846153846153	15.384615384615385	11.538461538461538	51.92307692307693	0.0
284.0	32.69230769230769	13.461538461538462	21.153846153846153	32.69230769230769	0.0
285.0	34.61538461538461	19.230769230769234	21.153846153846153	25.0	0.0
286.0	28.000000000000004	16.0	30.0	26.0	0.0
287.0	25.0	18.75	27.083333333333332	29.166666666666668	0.0
288.0	23.404255319148938	25.53191489361702	12.76595744680851	38.297872340425535	0.0
289.0	42.22222222222222	20.0	20.0	17.77777777777778	0.0
290.0	22.22222222222222	31.11111111111111	22.22222222222222	24.444444444444443	0.0
291.0	34.090909090909086	13.636363636363635	22.727272727272727	29.545454545454547	0.0
292.0	30.23255813953488	13.953488372093023	23.25581395348837	32.55813953488372	0.0
293.0	45.23809523809524	19.047619047619047	7.142857142857142	28.57142857142857	0.0
294.0	33.33333333333333	21.428571428571427	16.666666666666664	28.57142857142857	0.0
295.0	32.5	7.5	17.5	42.5	0.0
296.0	35.0	10.0	27.500000000000004	27.500000000000004	0.0
297.0	35.13513513513514	24.324324324324326	10.81081081081081	29.72972972972973	0.0
298.0	41.66666666666667	16.666666666666664	16.666666666666664	25.0	0.0
299.0	40.625	6.25	15.625	37.5	0.0
300.0	16.666666666666664	0.0	50.0	33.33333333333333	0.0
