# Position (bp)	A	C	G	T	N
0.0	26.433270552733067	24.28976148647579	25.720526090878877	23.556441869912266	0.0
1.0	26.906572942349055	21.031841787756385	15.849551487174107	36.2115092063159	5.245764045533231E-4
2.0	27.65014991485672	20.699741958399933	17.822108001379007	33.82695542253006	0.0010447028342787895
3.0	24.158063441844977	22.022000666056115	15.65023728249105	38.16657647156773	0.003122138040129881
4.0	33.39542777898517	16.028128783880284	14.502675235700165	36.073250747720614	5.174537137653037E-4
5.0	35.63366106681118	14.820778818611133	22.069624009702977	27.47387164202214	0.0020644628525715468
6.0	31.124853373942752	17.762846500524766	21.608565019653035	29.503220628485582	5.144773938633137E-4
7.0	34.72126229348733	17.887951998443636	20.206115897955737	27.1846698101133	0.0
8.0	24.71773430991214	26.756589606898068	21.2600115512985	27.26515341248869	5.111194026036422E-4
9.0	27.829504849412967	19.21439509954058	16.736089841755998	36.218989280245026	0.0010209290454313426
10.0	26.97569357692445	17.441273499523252	25.514860723736877	30.06613264260329	0.002039557212129247
11.0	27.373934487203655	19.7266988337316	20.458864709808577	32.44050196925616	0.0
12.0	27.146501290726626	20.879730754935053	21.043171877943596	30.93059607639472	0.0
13.0	26.37852963622488	22.8181124395828	19.04502671076062	31.758331213431696	0.0
14.0	30.342406512337828	20.04731620452811	20.039175782243703	29.571101500890357	0.0
15.0	29.401170185703386	19.41338081912999	19.595522767743574	31.588908674637494	0.0010175527855507504
16.0	29.896209615873826	18.581531416942255	19.129483591961332	32.39226659882981	5.087763927753752E-4
17.0	29.54769778682269	18.94378020859832	21.112693970999747	30.395319257186465	5.087763927753752E-4
18.0	32.03764945306538	18.7809717629102	18.618672093614858	30.562706690409563	0.0
19.0	31.215975578733147	19.230730094123633	19.493767489188503	30.05952683795472	0.0
20.0	30.25947596031544	18.04273721699313	20.947341643347748	30.75044517934368	0.0
21.0	29.015517679979645	18.379038412617653	19.45357415415925	33.151360976850675	5.087763927753752E-4
22.0	28.476214703637755	19.81327906385144	20.717883490206056	30.99262274230476	0.0
23.0	30.023912490460443	18.09157975069957	20.059018061561943	31.823963368099722	0.0015263291783261254
24.0	30.518443144238105	18.33324853726787	19.691681505978124	31.456626812515896	0.0
25.0	28.545408293055203	19.09692190282371	19.529890613075555	32.827779191045536	0.0
26.0	30.034088018315952	17.81836682777919	21.458153141694225	30.68888323581786	5.087763927753752E-4
27.0	28.868481302467565	18.429916051895194	20.634444161790892	32.06664970745358	5.087763927753752E-4
28.0	30.003561434749425	18.102772831340623	20.62477741032816	31.268888323581784	0.0
29.0	29.744388139284045	19.093045973502658	18.99434234894275	32.167714756700654	5.087815698964121E-4
30.0	30.147713568989822	18.74888693271731	18.867953330042894	32.23391967597657	0.0015264922734049427
31.0	30.24588328685705	19.085468867674894	19.111420953001282	31.55519143479411	0.0020354576726576974
32.0	29.1218409990738	20.227275040457606	18.957567861904714	31.692807197891113	5.089006727666894E-4
33.0	29.71370403359206	18.12800610764728	19.749586461381856	32.4087033973788	0.0
34.0	29.411704819062457	19.679916925003436	19.21720141105325	31.690667806911716	5.090379691421184E-4
35.0	30.762434889183943	17.995097538555815	19.63742212235727	31.605045449902974	0.0
36.0	31.26725283713322	18.838564563950516	18.5323586545343	31.361823944381968	0.0
37.0	28.551911170239986	20.338740213887323	19.406437087448193	31.701888144092514	0.0010233843319858774
38.0	30.548625235018985	18.947012505315143	19.877354672459106	30.62649528425129	5.123029554757501E-4
39.0	30.81940794876006	18.486717851864018	19.15595746427985	31.536890293972736	0.0010264411233371655
40.0	29.034170279228245	20.048556951324493	19.560410105206728	31.3558317310914	0.001030933149139944
41.0	29.391702776107643	18.286753882196834	20.90270146994796	31.41728691974374	0.0015549520038148157
42.0	27.975460122699385	19.737444109389624	19.99480087345326	32.29177498180306	5.199126546740147E-4
43.0	29.99723657523033	19.107778780026173	20.370611759675896	30.524372885067603	0.0
44.0	28.61382672442171	19.870625917662487	20.634016605445623	30.88100824002132	5.225124488590941E-4
45.0	29.389400921658986	19.00659824046921	20.247695852534562	31.355257645580224	0.0010473397570171764
46.0	29.586227155416605	17.939948383306405	20.04185987956105	32.43196458171594	0.0
47.0	30.328010970477436	19.393261142547903	19.56454350099039	30.714184385984268	0.0
48.0	29.871571603697646	18.819153245960635	19.07906159406946	32.228109035234944	0.0021045210373184194
49.0	27.807469719490214	19.66362016803179	20.564919937172554	31.96399017530544	0.0
50.0	29.1104850602295	19.492264512957668	19.629690316237916	31.765974428229377	0.0015856823455413255
51.0	30.424186431768586	18.448844358782395	18.909189378613867	32.21724886772116	5.309631139924709E-4
52.0	28.48021932889199	19.625455379478453	20.72370000160016	31.170625290029392	0.0
53.0	30.282180711399757	18.93922344039696	19.895186959457288	30.883408888745993	0.0
54.0	30.003388390191954	19.147631622823766	19.049744795056178	31.798697352215093	5.378397130087291E-4
55.0	28.88556719945606	19.01043634048156	18.787571365358257	33.315885470067016	5.396246371024315E-4
56.0	29.456378164180073	18.945562027673716	21.153179879171088	30.444879928975123	0.0
57.0	27.6084407971864	20.58312708957492	19.572532673353308	32.23589943988537	0.0
58.0	30.012462110286954	18.156043035095262	21.952360998492573	29.879133856125208	0.0
59.0	27.60041925516699	22.012533982596544	21.41531373169853	28.971733030537933	0.0
60.0	30.588957458702826	19.93664295344682	19.904306744565872	29.570092843284485	0.0
61.0	28.07383822136042	21.643016107352974	20.22783861798471	30.053103585042855	0.0022034682590397286
62.0	31.226133271259055	16.946278037344328	20.98664848777081	30.840385968996113	5.542346296881322E-4
63.0	25.60198043039715	20.946516085408856	25.16666573531302	28.28483774888098	0.0
64.0	26.22080619648858	22.018699795664485	18.265230876616247	33.494700223474375	5.629077563059741E-4
65.0	27.58532727922045	19.69627399962587	19.063086350469646	33.65531237068404	0.0
66.0	27.828032348090105	19.77525268378429	17.76291383925259	34.63151827142033	0.0022828574526735116
67.0	33.46818155735353	15.086360245595914	17.792505881677855	33.64950938199346	0.003442933379239112
68.0	34.551458320010696	16.655717881788004	22.529111171830035	26.26080586932383	0.0029067570474324614
69.0	31.817991719292376	17.547811228543946	20.357635756406196	30.27656129575748	0.0
70.0	31.702130401721853	17.28873194056012	23.743733164928923	27.264760088154556	6.444046345581317E-4
71.0	25.761909458526482	19.929644606634447	25.170135121806887	29.137488904231184	8.21908800999441E-4
