# Position (bp)	A	C	G	T	N
0.0	27.267097240822046	24.07666706220723	22.952992829414658	25.70324286755607	0.0
1.0	27.345126061689257	20.066758096560335	15.12785347476794	37.46026236698247	0.0
2.0	28.00050784177358	19.909644611877432	17.907714363720324	34.182020828253975	1.1235437468610997E-4
3.0	23.683499562240833	22.000508944075566	15.270228004703808	39.04553928454121	2.2420443857527046E-4
4.0	34.24868664024848	13.88889820944635	14.463902040195464	37.39750648990416	0.0010066202055518461
5.0	36.0143546762156	14.97847692104928	22.436497423261905	26.561735606789988	0.008935372683225402
6.0	32.76434413661985	17.705384173640574	19.925624027787844	29.599183759945134	0.005463902006590135
7.0	35.813918260100536	16.763551752675156	20.086233110083658	27.33562857610668	6.683010339730831E-4
8.0	23.18846386276297	26.591455183059498	22.212539773163588	28.006650840870616	8.903401433225046E-4
9.0	29.06502008000863	18.44813952686584	16.007731720852846	36.47888624071765	2.224315550301228E-4
10.0	26.791545970508267	17.101691561754564	24.876228544243155	31.229978146862862	5.557766311488347E-4
11.0	28.5149819266	18.933302822205288	19.554485691243677	32.99611871791055	0.0011108420404835275
12.0	26.51784316924788	19.474922108525274	21.34753638727852	32.65148462760272	0.008213707345607276
13.0	27.615948845836403	21.483373121877193	18.580769264902955	32.31990876738345	0.0
14.0	31.629784609377083	18.134035623319342	20.710269881699343	29.52502240878957	8.874768146682169E-4
15.0	29.925274452204935	18.929325783863895	19.625218541165612	31.51907187674722	0.001109346018335271
16.0	30.522324479272978	17.695178338465908	19.186583125515845	32.59314069169943	0.0027733650458381773
17.0	30.32108911154696	18.327061830509678	20.36925691566308	30.97970784263261	0.0028842996476717044
18.0	31.397487553137676	18.45729905306224	18.219011528323822	31.91544120909841	0.010760656377852128
19.0	30.693829373707608	18.34436762839571	19.59404591805039	31.367757079846285	0.0
20.0	30.218141801045444	18.46140363333008	19.20300144658721	32.117453119037265	0.0
21.0	30.276604336211715	17.574814295476532	19.289974174424692	32.85805252087789	5.546730091676355E-4
22.0	28.61913045021699	19.272002768927663	19.77830829169588	32.329116339335634	0.0014421498238358522
23.0	30.072040930430692	17.655574685611338	20.202189405301787	32.06830909042501	0.0018858882311699608
24.0	31.069343000914103	18.0134497111263	18.454969426423734	32.459575431091864	0.0026624304440046502
25.0	29.366274993565796	18.316523043335494	19.24360351085828	33.072932844629435	6.656076110011626E-4
26.0	32.441604025594835	17.83018574889731	19.71008351156826	30.018015779337766	1.1093460183352711E-4
27.0	29.129207749447545	18.341483328748037	19.943268044622332	32.58559713877475	4.4373840733410845E-4
28.0	30.173657025710206	18.120723471099318	19.841984753148324	31.859530169774313	0.004104580267840503
29.0	29.544990637119607	18.3218479042235	19.589275730171547	32.54089049423584	0.0029952342495052314
30.0	29.84166286715234	18.323754119838345	19.61037505921141	32.22243299819953	0.0017749555983763595
31.0	30.488923697817576	18.186457280606678	19.48750262083869	31.83356648166411	0.0035499190729386338
32.0	29.155073949333726	18.37961545458983	19.843293086081196	32.62190657490115	1.1093509409514682E-4
33.0	29.60626741688706	18.57139370595857	19.32276043238254	32.49869096008094	8.874846908890823E-4
34.0	29.98412499431451	18.009422941879286	19.419425193889175	32.58691593346919	1.1093644783712755E-4
35.0	30.27042325429109	17.40953057453149	19.825637212193186	32.49440895898423	0.0
36.0	30.795017349586963	17.35136299154388	19.056462193884688	32.79715746498447	0.0
37.0	29.106103884714145	18.93710721846563	19.180672012362525	32.776005870422196	1.1101403550450883E-4
38.0	30.679885238693743	18.36947011720398	19.307901386995198	31.641855011702635	8.882454044403387E-4
39.0	29.47057562642091	18.887419160300002	19.812681795615912	31.829212355049407	1.1106261376976498E-4
40.0	29.993886919118385	18.615998488401818	19.79982438785831	31.585844327616673	0.0044458770048126615
41.0	29.767467214902034	18.36121234775566	20.441569768735455	31.427748185527832	0.002002483079017982
42.0	29.289103007932248	18.39289013956574	19.67812386598661	32.637211445771065	0.002671540744335777
43.0	29.290606381201627	18.36917423019099	20.313157748204244	32.023720697143496	0.003340943259646974
44.0	29.718672812168894	18.635043400659786	20.10334604547627	31.542826329399364	1.1141229568377625E-4
45.0	29.330912487307835	18.4028880737667	19.775703934543536	32.49049550438193	0.0
46.0	30.24406016211214	17.6766899688932	19.462487875037628	32.61609303051588	6.689634411479413E-4
47.0	29.497567074143177	18.054953008787084	20.113488212326452	32.33187272279143	0.0021189819518500383
48.0	30.079470612383314	17.849206632516466	18.899369946632874	33.170948828243525	0.0010039802238206578
49.0	29.437259871023606	17.465599414372644	20.133953330588206	32.96173670649335	0.0014506775221981559
50.0	29.574052364204768	18.754535811980126	19.681460391894152	31.98939317813878	5.582537821693742E-4
51.0	30.276184930917445	18.197382875930796	19.34512667090598	32.181082008361656	2.2351388412369702E-4
52.0	30.088245099421172	17.830029735734566	19.737569277101695	32.34404401515202	1.1187259054408117E-4
53.0	31.379533932612958	17.43054847860097	19.53467172698472	31.644495112328535	0.01075074947282132
54.0	30.383001713862335	18.30503610992482	19.515388331612744	31.794219946039675	0.0023538985604228944
55.0	28.855985397611068	18.348906896308005	18.357433183637156	34.43666483052321	0.0010096919205574396
56.0	29.129871500389566	18.27476418536456	20.413655132462598	32.180923320108406	7.858616748733078E-4
57.0	28.194365035950053	18.583384909852484	19.747198299828252	33.474602448939244	4.493054299684475E-4
58.0	30.68018960286585	17.99754734732462	22.168405742039837	29.15385730776969	0.0
59.0	29.745585416880022	20.040198561989854	21.21689555013623	28.987417129854187	0.009903341139717012
60.0	31.191861120505017	19.160184872055012	19.544358020516288	30.10348326006087	1.1272686281140796E-4
61.0	29.10378929424183	21.028579169888857	19.65364055611689	30.213878085539946	1.128942124781973E-4
62.0	31.0109989828119	16.414293133471148	21.944334126491132	30.62969487751313	6.788797126981056E-4
63.0	26.5390974380622	20.051926417905534	25.626980857807176	27.779498823825783	0.002496462399304622
64.0	26.056592825203946	19.546483712780606	18.35671456690674	36.037933349262154	0.0022755458465599436
65.0	27.85302100677417	19.116848755787696	18.708915904477337	34.31528408183747	0.005930251123326414
66.0	26.562698371849642	19.580581147311293	17.19903237428586	36.65139739564569	0.006290710907520831
67.0	33.52058399253598	13.949122140602102	17.896534351793303	34.632497151073984	0.0012623639946246245
68.0	34.30607920748446	15.523961835487151	22.972466764934758	27.19737621873503	1.159733586000624E-4
69.0	32.01873215035389	17.10219310434541	20.436846991207478	30.44222775409322	0.0
70.0	33.39073457479416	15.87631855399744	22.026051854433167	28.706895016775235	0.0
71.0	25.578868657689384	20.099828080961725	25.730176584499166	28.591126676849726	0.0
