# Position (bp)	A	C	G	T	N
0.0	27.020733762423156	23.875679017382218	23.628915758433518	25.474671461761112	0.0
1.0	27.216380660758126	20.164824506329538	15.10714010083038	37.51155043917742	1.0429290453653276E-4
2.0	28.083645579519562	20.072671984991384	17.97799665342805	33.865685782061	0.0
3.0	23.806070791319144	22.11803394331715	15.223245777833105	38.85213079380887	5.186937217311921E-4
4.0	34.29935297513496	13.890343045258636	14.5459549048292	37.26279720829566	0.0015518664815462385
5.0	36.27638500956355	15.008106541343361	22.72673257300279	25.98061250112376	0.008163374966545664
6.0	32.599035272525704	17.62779851998047	19.991205351935598	29.776490006410185	0.005470849148044275
7.0	35.601687572206636	16.720684106288168	20.44623700280574	27.2302566430104	0.0011346756890576004
8.0	23.232868860824215	26.880680699461166	22.236539763994223	27.648467467509775	0.0014432082106176829
9.0	29.14855540937194	18.377925060347962	15.964315628860287	36.50899784776963	2.0605365018889967E-4
10.0	26.7692760804934	17.08708309776626	25.1885308955874	30.95469800558358	4.11920569356611E-4
11.0	28.48930682185447	18.88809062594565	19.779446124456285	32.842435932536944	7.204952066483181E-4
12.0	26.869439880492475	19.56740251175682	20.97369414674446	32.58359919711026	0.005864263895990592
13.0	27.464761211313437	21.672189278522698	18.688539089190694	32.17440757903917	1.0284193400427411E-4
14.0	31.903419082937905	18.376208135619716	20.538871165795594	29.18067888017475	8.227354720341929E-4
15.0	30.036837980760332	18.946569501607417	19.56608931204917	31.449886153979058	6.170516040256447E-4
16.0	30.647616226811714	17.874442339612862	19.108956915400167	32.36641346982515	0.0025710483501068526
17.0	30.24570994872301	18.238605627922	20.546070101175896	30.966734748026976	0.002879574152119675
18.0	31.680663453884648	18.124553923111257	18.38165875812194	31.804279458557787	0.008844406324367574
19.0	30.581180337444952	18.410660183511148	19.704617397152923	31.303542081890974	0.0
20.0	30.317904986394012	18.315120026821177	19.23195586846928	32.13501911831553	0.0
21.0	30.468157051974252	17.532390067114644	19.218380733180716	32.78024941225835	8.227354720341929E-4
22.0	28.882437271562356	19.227533665307096	19.79717513775677	32.09192834796774	9.25577406038467E-4
23.0	30.033649880806195	17.851200062527898	20.28896526616521	31.824950687292645	0.0012341032080512894
24.0	31.231038518417964	17.927920145295083	18.62775950619417	32.21091646561069	0.0023653644820983044
25.0	29.617654257758907	18.18358519322971	19.527009377127545	32.67133980414782	4.1136773601709644E-4
26.0	32.07629637399909	17.89079420711954	19.754701419013003	30.278002316000354	2.0568386800854822E-4
27.0	29.249377292089605	18.136792113257766	20.049137876067242	32.564692718585384	0.0
28.0	30.530067896244827	17.87413381381085	19.90567337813128	31.687348179594927	0.002776732218115401
29.0	29.34628457420824	18.578928694471728	19.62431802872378	32.44820617772133	0.0022625248749183692
30.0	30.020599387674718	18.380248447332722	19.47038079557036	32.12681735860932	0.0019540108128787825
31.0	30.660944453186147	18.364973142414623	19.49573765029295	31.47649357073732	0.0018511833689686132
32.0	29.237431942950348	18.354783173890777	19.746571693615238	32.661213189543645	0.0
33.0	29.56412097077753	18.601015700366336	19.47849195852454	32.35524007182717	0.0011312985044233772
34.0	29.888514069442156	18.148346223465524	19.65896001316439	32.30397400032911	2.0569359881520487E-4
35.0	30.35064476513708	17.65988394536353	19.58084861736043	32.40851973206758	1.0294007137864551E-4
36.0	30.993501726248763	17.355570176928914	19.067094599255956	32.583730530148344	1.0296741801991597E-4
37.0	29.254976760185507	18.793507064635833	19.28168220622207	32.66962798788419	2.0598107239925724E-4
38.0	30.456165653652008	18.4175337385392	19.333573709694036	31.792211805913258	5.150922015040693E-4
39.0	29.478947070011497	18.914906886722918	19.773930344155744	31.832112612171475	1.0308693836947389E-4
40.0	29.99356717960579	18.492345150241977	19.58045207342295	31.930847697039972	0.002787899689304068
41.0	29.783972010088615	18.446795788271466	20.49120970294858	31.2761603667986	0.0018621318927329268
42.0	29.44860896325061	18.43000690883139	19.351667804327807	32.767023225896	0.0026930976941904705
43.0	29.42303564929874	18.407347386516452	20.140200045827854	32.02755062577827	0.0018662925786875608
44.0	29.572435093137727	18.744506124600836	20.066564754305073	31.616182686729495	3.113412268712386E-4
45.0	29.737082101598155	18.32842716679789	19.6295134481591	32.30476954174258	2.0774170227705677E-4
46.0	30.365489736289845	17.64075507312809	19.34768350624013	32.645240151796266	8.315325456641294E-4
47.0	29.812827411626813	17.95918749395488	19.952595840539814	32.27393322440847	0.0014560294700364737
48.0	30.258914662534742	18.01642710044923	18.74714482092629	32.97668092651927	8.324895704665999E-4
49.0	29.82170955141536	17.580994015330834	20.11055028340486	32.48622547217655	5.206776724041875E-4
50.0	29.8672672484803	18.495938774020665	19.59690116466994	32.03958000980116	3.128030279333104E-4
51.0	30.067438366098166	18.30867002012493	19.515225355320986	32.10866625845592	0.0
52.0	29.87096240322704	18.024936025885033	19.817677700346607	32.286214376918835	2.0949362249039733E-4
53.0	31.343332154078556	17.614707021674842	19.4176021096413	31.614385788475285	0.009972926130011264
54.0	30.26661126510175	18.318913147527706	19.24713480989023	32.16418499213683	0.0031557853434809363
55.0	28.987747678255104	18.26657098327332	18.444554740279653	34.29944054720785	0.0016860509840741947
56.0	29.24580578087151	18.47725701499311	20.540089821465322	31.736425190118585	4.221925514679107E-4
57.0	28.290857361480136	18.646835386849464	19.857596107302825	33.20418270480732	5.284395602537356E-4
58.0	30.597612007272772	17.950690765313357	21.911135005619677	29.540350557840352	2.1166395384032493E-4
59.0	29.859122982001107	20.250634110872152	20.977225005750192	28.905174323517908	0.007843577858639648
60.0	31.222213249232812	19.122172445744113	19.645923476457234	30.009690828565844	0.0
61.0	28.98843982989533	20.9573768675125	19.764917989815455	30.28883909210735	4.262206693582502E-4
62.0	30.879725424156767	16.54398627120784	21.790819940129115	30.7850404096384	4.2795486787963337E-4
63.0	26.67640662274011	19.968630031101206	25.42848818895945	27.924002541419	0.0024726157802339092
64.0	26.2332840926761	19.813857357590837	18.680026434458092	35.27088840512103	0.001943710153941844
65.0	27.72809226796132	19.383275673085368	18.69091902593031	34.19229213851036	0.005420894512645321
66.0	26.423171856337625	19.78433441231454	17.05095164835883	36.73370286534293	0.00783921764607892
67.0	33.573715495409594	14.321017893618047	17.93855985023772	34.16528524377922	0.0014215169554168544
68.0	34.059020919002734	15.741123746618385	23.091530867529205	27.108103265594135	2.2120125553832642E-4
69.0	32.05798057598738	17.26324089774772	20.602399702663714	30.07637882360118	0.0
70.0	33.227625773358774	16.081000595592617	22.11739251984296	28.573981111205647	0.0
71.0	26.165252454149673	19.8495757362449	25.653534511121144	28.33163729848428	0.0
