# Position (bp)	A	C	G	T	N
0.0	26.746791898025897	23.897112351371028	23.680574389425754	25.675521361177328	0.0
1.0	26.870014184720052	20.165066321035642	15.255758896750319	37.70887604944876	2.845480452260663E-4
2.0	27.76926677730967	20.03404400187242	18.177085549739704	34.0196036710782	0.0
3.0	23.67127070260116	22.154541699438123	15.105755139224462	39.06814953969071	2.82919045544308E-4
4.0	34.14421322988353	13.999131653213869	14.442608761844616	37.41263670118439	0.0014096538735878792
5.0	35.883966663429284	14.911091686829913	22.457847198469704	26.739071378603168	0.008023072667925022
6.0	32.3367640611123	17.61700261941968	20.114866611954895	29.924902474396013	0.006464233117109419
7.0	35.46629720559975	16.848098440599166	20.389000953130946	27.29519967321225	0.0014037274578916855
8.0	23.373179743534013	26.51962055934544	22.16544790403208	27.940209351403272	0.001542441685187652
9.0	28.817593551198012	18.257316053218865	16.045653797174868	36.87929650451733	1.400938909256984E-4
10.0	26.916417154143446	16.90330112417115	24.89050144668271	31.28936033807722	4.1993692547379383E-4
11.0	28.405892786204657	18.619738483832883	19.68602953107253	33.28694041750826	0.0013987813816602975
12.0	26.474194346620738	19.58327333427468	21.355843582104576	32.58165580625453	0.0050329307454749055
13.0	27.784654329852838	21.259070296368527	18.443471482177934	32.51252448316425	2.7940843645833045E-4
14.0	31.67178449786113	18.16280570775554	20.530373094085203	29.634477883425212	5.588168729166609E-4
15.0	29.99086334412781	18.7005272437196	19.36230612547115	31.944766540280916	0.0015367464005208175
16.0	30.526489316818434	17.71449487145815	18.943053766565427	32.81442529875747	0.0015367464005208175
17.0	30.281029005389787	18.24187829527325	20.361051581591454	31.111849991198635	0.004191126546874956
18.0	31.61618221900592	18.053277600663876	18.513044182856056	31.809113744380397	0.008382253093749912
19.0	30.237022176647603	18.30851720736856	19.83478579152219	31.61953512024342	1.3970421822916522E-4
20.0	30.130846970793435	18.230701957814915	19.652611490951358	31.9854204677856	4.1911265468749564E-4
21.0	30.35269726934135	17.315359919977425	19.318159592510735	33.01350380973403	2.7940843645833045E-4
22.0	28.669959960771056	19.09155935054303	19.631097041344066	32.60724394312362	1.3970421822916522E-4
23.0	30.094523874053852	17.57381272370138	19.97672527724302	32.35340137860123	0.0015367464005208175
24.0	30.91724201520541	17.888566327371688	18.492926775431055	32.69902961450018	0.0022352674916666436
25.0	29.541434874084587	17.994881237444083	19.416930474798754	33.046753413672576	0.0
26.0	31.78033467542519	17.51695310688211	20.17915668945708	30.52327611979916	2.7940843645833045E-4
27.0	28.981081254767403	18.332686037122205	19.925733237589377	32.759940653648094	5.588168729166609E-4
28.0	30.31735210212937	17.85294175172325	20.098687059757083	31.728504410462172	0.0025146759281249736
29.0	29.339603267406822	18.484011528408196	19.429251589486963	32.74475863967019	0.0023749750278361046
30.0	30.107266996747622	18.368530171113072	19.293529891699173	32.22941557788383	0.0012573625563019012
31.0	30.516220067618544	18.194277571320796	19.377043225572102	31.91092235044287	0.0015367850456844282
32.0	29.270691587009306	18.221673321467392	19.47374450594741	33.03375087667336	1.3970890253068707E-4
33.0	29.650482913941705	18.185031553916893	19.445232263932414	32.718554709057095	6.985591518933049E-4
34.0	29.76424663429028	18.060546449308976	19.64099096329993	32.53393652514573	2.7942795509033907E-4
35.0	30.371815581709217	17.602674107174078	19.458185607093657	32.567184844861224	1.398591618240432E-4
36.0	30.89334902011256	17.518224689330424	19.124767251376905	32.4632393572151	4.196819650069177E-4
37.0	29.250447061984197	19.03672484769109	19.30678106975846	32.40590709506259	1.3992550366185043E-4
38.0	30.793800984272906	18.4020682048497	19.047752352904947	31.755538634671264	8.398233011774322E-4
39.0	30.028125455217776	18.699085642571404	19.60756025682687	31.66480844435978	4.202010241699629E-4
40.0	29.850932653101314	18.735004167262993	19.434599227162135	31.97623677911261	0.0032271733609467125
41.0	29.783841919905523	18.12395875071174	20.368488018164307	31.72160245190043	0.0021088593179948967
42.0	29.138720413576387	18.39046476660303	19.585325471777804	32.88295517899681	0.0025341690459698266
43.0	29.38819347445838	18.280762633388257	20.371422248970738	31.95609798037743	0.003523662805202054
44.0	29.445424149655064	18.71224412059309	20.015095297885246	31.827236431866595	0.0
45.0	29.36868904380586	18.468694268370346	19.763962648600028	32.398512834778096	1.4120444568076782E-4
46.0	30.097802171403217	17.387759254889048	19.663874808698615	32.85028114061553	2.826243935940355E-4
47.0	29.779929527677073	18.20728251709491	19.838863845888454	32.17307572663978	8.483826997799861E-4
48.0	30.344310424109512	17.825757843726787	19.088818931060096	32.73983941141098	0.0012733896926178769
49.0	29.41143154088064	17.98456329939298	19.903318848151972	32.698562384688465	0.0021239268859408783
50.0	29.758267248749792	18.410907394620317	19.537547339153218	32.29299444336529	2.835741113850752E-4
51.0	30.282074380564545	18.318210365082567	19.244344161435436	32.15508691562492	2.8417729252926317E-4
52.0	29.57743670381258	18.260180943916502	19.611278229757755	32.55096169184841	1.4243066475239853E-4
53.0	31.407735040111472	17.73899486453186	19.29691058117737	31.546651095123945	0.009708419055342272
54.0	30.30961550566813	18.277357810345123	19.185517513691067	32.22579242227424	0.0017167480214479052
55.0	29.137738282929625	18.3213415508098	18.31446180306722	34.22445177010176	0.002006593091586642
56.0	29.13942557547254	18.062961016885886	20.528656622994784	32.26823896933206	7.178153147333029E-4
57.0	28.049301150158918	18.96375008445424	19.75697304508203	33.22983196840909	1.437518957281249E-4
58.0	30.799262365526385	17.81090702840123	21.941458541170917	29.448228108134565	1.4395676690376346E-4
59.0	29.408855203124006	20.299566814907106	21.1329145685165	29.150588058857803	0.008075354594588358
60.0	31.32830884691217	18.873624626343574	19.54461616739808	30.25330581140541	1.445479407700358E-4
61.0	29.169336298194704	20.994755442424385	19.728117960507817	30.1077902988731	0.0
62.0	31.092921391004097	16.610501093954934	21.556807776905977	30.73933302957827	4.3670855672189087E-4
63.0	26.64514759593919	20.278284037094778	25.34858698754968	27.726371108817695	0.0016102705986546922
64.0	26.087960375771335	20.104325370447715	18.236351229727582	35.56930416419114	0.002058859862232863
65.0	27.71542055660469	19.6246449923605	18.71928315793518	33.93370629453295	0.006944998566670508
66.0	26.630825223984278	19.628978726688715	17.057092983904006	36.67493929120628	0.008163774216722972
67.0	33.55659665582159	14.13701171088692	17.697843013875925	34.60765397564779	8.946437677624065E-4
68.0	34.52024547649678	15.529751733312017	23.11198319249152	26.838019597699674	0.0
69.0	31.813468948209273	17.152703849833536	20.37843575573916	30.655391446218026	0.0
70.0	33.28779394924519	15.98465621920067	22.037405451762325	28.690144379791814	0.0
71.0	25.79556614220941	20.25136337992854	25.6543178921415	28.298752585720553	0.0
