# Position (bp)	A	C	G	T	N
0.0	25.53117082951243	25.078101928845648	24.465720636006154	24.925006605635772	0.0
1.0	25.300362144267087	20.705948180730193	14.827709476367367	39.16598019863535	0.0
2.0	27.6553448570408	19.69979344297939	18.673997111307834	33.97086458867198	0.0
3.0	23.169292866568345	23.064503609407748	15.505705192889854	38.26049833113405	0.0
4.0	33.46938775510204	14.031194226740126	14.593000698378212	37.90641731977962	0.0
5.0	35.00279277601936	15.534816607708063	23.13504623595854	26.32734438031403	0.0
6.0	32.228212388007606	18.139859597409146	20.685723150913393	28.946204863669863	0.0
7.0	34.778662902087326	17.416867694169298	19.795068297639638	28.009401106103738	0.0
8.0	23.11964320341284	26.46499903044406	22.19197207678883	28.223385689354274	0.0
9.0	29.91142755208091	18.490080196069307	15.348162625839576	36.250329626010206	0.0
10.0	26.672612354104462	16.92582108650975	24.560859281088838	31.840707278296946	0.0
11.0	28.21648197405256	18.37103440788504	19.7940334850682	33.61845013299419	0.0
12.0	25.977248582882932	20.226583642863236	21.162540032103227	32.63362774215061	0.0
13.0	26.96396585014074	21.201758671226184	18.366017633237956	33.46825784539512	0.0
14.0	30.518382980043107	18.772969033478578	19.686303090449535	31.02234489602878	0.0
15.0	29.793931124308067	18.987331958507127	18.42990712170313	32.788829795481675	0.0
16.0	29.77806373594003	17.143277959085587	18.65877008705359	34.41988821792079	0.0
17.0	30.041002348527712	17.97670074486308	20.250819659424728	31.73147724718448	0.0
18.0	31.406098647758533	17.522569646247433	18.667906544228757	32.40342516176528	0.0
19.0	29.90547764778802	18.009607189896958	20.02401797474239	32.060897187572635	0.0
20.0	30.62860683992409	17.861264959913242	19.074325109415547	32.43580309074712	0.0
21.0	30.077994903610072	17.501994407912573	19.78220291067376	32.637807777803594	0.0
22.0	28.648430965583472	18.81060066292866	19.513026238344537	33.027942133143334	0.0
23.0	29.56300191278624	17.462112118701164	20.49159380783855	32.48329216067404	0.0
24.0	31.01077133940947	18.4320770642486	18.15640511386955	32.40074648247238	0.0
25.0	29.31920956451713	17.978380722294492	19.58976026760825	33.112649445580125	0.0
26.0	31.08377016050979	17.6669170196127	20.220517069167098	31.028795750710408	0.0
27.0	28.748180494905384	18.149369754405527	19.758276812536778	33.34417293815231	0.0
28.0	30.217019332760398	17.279477233487405	20.04815769710202	32.45534573665017	0.0
29.0	28.940726518224892	17.88424019076523	20.11938310984485	33.05565018116503	0.0
30.0	29.881230740643243	17.75267501819477	19.5140835256043	32.85201071555769	0.0
31.0	29.75310266872092	18.029931172239728	20.01889085883728	32.19807530020207	0.0
32.0	29.96097802691277	18.1126991746543	19.29419780423977	32.632124994193155	0.0
33.0	30.810266733769502	18.016336959467306	19.63377337307886	31.53962293368433	0.0
34.0	29.996206050188533	18.029778634642632	19.73937887621658	32.23463643895225	0.0
35.0	29.998141666924766	18.36033078328739	19.64800074333323	31.993526806454607	0.0
36.0	30.469796578933106	17.595496395412766	18.98699870683981	32.947708318814314	0.0
37.0	28.432708688245317	19.418460585411182	19.178411026792627	32.970419699550874	0.0
38.0	30.067758547256744	17.9091648275061	19.564022147365158	32.459054477871994	0.0
39.0	28.74798661875852	18.983861974972122	19.880591004832116	32.38756040143724	0.0
40.0	30.645623436665094	18.20012235636679	19.459308763968373	31.694945442999746	0.0
41.0	30.418654358466018	17.906263552444088	20.7081345641534	30.966947524936494	0.0
42.0	30.731461761858665	18.878606001936106	19.072216844143274	31.317715392061956	0.0
43.0	30.06885228126428	18.30587761487643	19.268570366411858	32.35669973744743	0.0
44.0	29.39340427838964	18.536332233530057	20.37424291711201	31.69602057096829	0.0
45.0	29.30233278602187	19.5181077480715	19.585489017627562	31.594070448279066	0.0
46.0	30.270688920729583	17.87089029160051	19.124811214808503	32.733609572861404	0.0
47.0	29.852526566905226	18.425659138085944	20.038262539889086	31.683551755119744	0.0
48.0	30.630581783537174	18.52706753522381	19.49993416109618	31.34241652014283	0.0
49.0	29.136230896147858	18.462861259363113	19.029102147997243	33.37180569649178	0.0
50.0	29.799908591613665	18.290198387184233	19.938647930529626	31.971245090672472	0.0
51.0	30.01185228795637	19.00006971934092	19.230918203719913	31.757159788982797	0.0
52.0	29.81345769487009	18.97572161194862	18.858745332568986	32.352075360612304	0.0
53.0	31.36334410126504	18.17301509834453	19.312556647842154	31.15108415254828	0.0
54.0	30.456679735321007	18.075808526134725	19.68123847453162	31.786273264012642	0.0
55.0	29.64527027027027	17.846516241011653	18.81741259608232	33.69080089263575	0.0
56.0	29.541527518421805	18.40243609511929	20.255851974678247	31.80018441178066	0.0
57.0	28.461830552606493	18.434165355734137	19.36873755259875	33.73526653906062	0.0
58.0	29.577563024558845	18.244379519052675	18.993776978696033	33.18428047769245	0.0
59.0	29.02898326100434	18.030843149411034	20.41847489150651	32.52169869807812	0.0
60.0	29.734882243077564	18.47842091803126	19.51455783999938	32.27213899889179	0.0
61.0	30.456010912021824	17.585560171120342	19.30993861987724	32.64849029698059	0.0
62.0	29.446778168741183	18.380791468386217	19.39299056004216	32.77943980283043	0.0
63.0	29.42548509081892	18.331938503502574	19.742266443493893	32.500309962184616	0.0
64.0	28.16135157127911	19.045220289068858	19.45286162669043	33.3405665129616	0.0
65.0	30.244329721098246	17.84723191169403	20.617645690898097	31.290792676309632	0.0
66.0	30.066124543601113	17.986185939425887	20.340467755563996	31.607221761409004	0.0
67.0	29.002875946698087	17.66265377787769	19.70062247579476	33.633847799629464	0.0
68.0	29.39972556224853	18.34701645851261	19.943251854780566	32.3100061244583	0.0
69.0	29.951780702978432	17.627951687675395	19.67920988573112	32.74105772361505	0.0
70.0	28.42125663785418	18.440249622078376	19.952711345400985	33.18578239466646	0.0
71.0	29.86914322924742	17.343948649570528	20.780489317498215	32.006418803683836	0.0
72.0	29.98092904986356	18.316639791614982	19.56710493674026	32.1353262217812	0.0
73.0	29.9734850834212	17.388978477950754	19.115549215406563	33.52198722322149	0.0
74.0	29.414957125800502	18.214944720968816	20.778868369229812	31.59122978400087	0.0
75.0	30.01403394508928	18.082854550952526	19.40793809557039	32.4951734083878	0.0
76.0	28.57707785712624	18.383772592988905	19.021920336210037	34.01722921367482	0.0
77.0	28.87827422031296	17.731579845225724	21.69088568725671	31.699260247204602	0.0
78.0	29.896867245657567	17.697735732009924	18.660049627791565	33.74534739454094	0.0
79.0	30.105000310192942	17.377008499286557	19.022582046032632	33.49540914448787	0.0
80.0	31.16556804963164	17.971306708026365	19.922450562233422	30.94067468010857	0.0
81.0	30.160219623414093	18.452399416819183	19.163538790830412	32.223842168936315	0.0
82.0	29.76385280545969	17.833960215595795	19.205087440381558	33.19709953856295	0.0
83.0	29.569567240577012	18.315495579339228	20.176050876376607	31.938886303707147	0.0
84.0	30.817078372823513	17.635242564082677	18.799395044014425	32.748284019079385	0.0
85.0	29.47157782069479	17.31701452715018	19.097812007973257	34.11359564418177	0.0
86.0	30.54053844423589	17.592901409324657	19.62195661110551	32.24460353533395	0.0
87.0	29.4017266387943	18.82703360972999	20.03164728787397	31.73959246360174	0.0
88.0	29.789247512003662	17.625020361622415	19.07399219665061	33.51173992972332	0.0
89.0	29.933445033975616	18.42284898693723	19.93546185112787	31.70824412795929	0.0
90.0	30.547733742911888	18.24874139923825	18.978691055207776	32.224833802642095	0.0
91.0	29.99744009432865	17.99380968264927	19.769453343779816	32.23929687924227	0.0
92.0	28.83318981901681	18.426462488460675	20.249482184830924	32.49086550769159	0.0
93.0	30.244753888522556	18.40813001823048	19.440673364105347	31.906442729141617	0.0
94.0	30.251194687519394	17.29271395767393	19.782939241606158	32.67315211320052	0.0
95.0	30.565080448712976	18.167289879132984	20.635831872275062	30.631797799878978	0.0
96.0	30.033359193173006	18.96043444530644	19.22808378588053	31.778122575640033	0.0
97.0	29.96074232690935	18.67299754833504	19.7242652763554	31.641994848400213	0.0
98.0	28.709314505179034	18.226325794312757	20.962097994336034	32.10226170617217	0.0
99.0	29.545948294590485	18.577170168523633	19.463238260761614	32.41364327612427	0.0
100.0	29.910547604231486	18.378189172370877	19.778313627878035	31.9329495955196	0.0
101.0	29.73788436350028	18.565614669743656	20.802407534460176	30.89409343229589	0.0
102.0	29.945830174078214	18.127740735240092	19.795827438228418	32.13060165245328	0.0
103.0	29.419744373872813	17.468830863326275	19.60009409550694	33.51133066729397	0.0
104.0	30.278721530137158	17.987133509500442	19.797565118912797	31.936579841449603	0.0
105.0	30.70147745927516	18.044418487182725	19.427958075514585	31.826145978027533	0.0
106.0	29.107338010991967	17.854823637486735	20.09677368262667	32.941064668894626	0.0
107.0	29.764544146979127	18.157834092227493	20.057056126381703	32.02056563441168	0.0
108.0	29.353586713102796	19.315093602811668	20.08654972624465	31.24476995784088	0.0
109.0	29.053043930127515	18.223607946596314	20.12311628092897	32.600231842347206	0.0
110.0	29.392387410132486	17.596800436012728	21.22195772920724	31.788854424647546	0.0
111.0	28.900085177506714	18.867621297590922	19.740288960673706	32.49200456422866	0.0
112.0	29.038680089305146	17.740128476895922	18.81533662719938	34.40585480659956	0.0
113.0	30.60869846350315	17.468053635944813	20.322817907745527	31.60042999280651	0.0
114.0	29.960833921229963	18.29047769641829	18.918108027018917	32.83058035533283	0.0
115.0	29.508450165585813	17.250217661944557	20.75152363361189	32.489808538857744	0.0
116.0	30.23607130316912	17.855188914202657	20.387382311392013	31.52135747123621	0.0
117.0	30.180158027605653	18.273171371430443	19.50427854824432	32.042392052719585	0.0
118.0	30.02261234222752	17.96653373350327	19.777165645685155	32.233688278584054	0.0
119.0	30.685164259615146	17.747296706559663	19.47690962628154	32.09062940754365	0.0
120.0	29.83543350735957	18.015438968087835	19.839818637631037	32.309308886921556	0.0
121.0	29.94906170668171	17.227762199472366	19.658530919709968	33.16464517413596	0.0
122.0	29.926618633209646	17.912707789074332	20.085029202788824	32.0756443749272	0.0
123.0	28.498559919856408	18.451392077472136	19.599282047000877	33.450765955670576	0.0
124.0	29.209049015500625	17.70423125261835	19.424382069543363	33.66233766233766	0.0
125.0	29.11841629453961	18.04374700406186	20.289123798471127	32.5487129029274	0.0
126.0	29.68491438992266	18.179055080882105	19.60335686062612	32.53267366856911	0.0
127.0	30.076456228385435	17.48067403539703	18.633450871363667	33.80941886485387	0.0
128.0	29.171274478112185	17.71781479150008	21.26682205624649	31.844088674141247	0.0
129.0	30.161955417438595	17.587999760951416	19.377449180831718	32.87259564077827	0.0
130.0	29.81402640122669	17.810976811122437	19.818909171899225	32.55608761575164	0.0
131.0	29.97455558229894	17.70106247636076	20.49736959735928	31.82701234398102	0.0
132.0	30.43136984292652	18.01557796313388	19.00407994272554	32.54897225121407	0.0
133.0	29.782482623711388	17.721650466108663	20.380677047718795	32.11518986246116	0.0
134.0	30.647403263079248	17.08164648237277	20.543672788560112	31.727277465987875	0.0
135.0	29.466466606183268	18.094423895596343	20.588491869635007	31.850617628585386	0.0
136.0	28.034722587200644	18.773322121196195	19.842854890418877	33.34910040118429	0.0
137.0	30.82739861087881	17.845541695643373	23.135294065864414	28.191765627613407	0.0
138.0	30.624209679273477	19.897070397127877	19.579615694111613	29.899104229487033	0.0
139.0	30.492484809721777	19.05713676580322	19.82286891944711	30.627509505027895	0.0
140.0	29.064056971220264	21.47294490940043	19.96042674937833	29.50257137000098	0.0
141.0	31.56223444697884	16.795921105595063	20.846191690147144	30.795652757278948	0.0
142.0	26.601988799540493	19.944536186099942	24.816915565766802	28.636559448592763	0.0
143.0	27.362305786984916	19.31907228101779	18.800270209412297	34.518351722585	0.0
144.0	27.96676070601852	19.46072048611111	18.724681712962962	33.847837094907405	0.0
145.0	27.17230352746664	19.578666230616193	16.876061737479446	36.37296850443772	0.0
146.0	32.96662128452773	14.156486143218721	19.98611123801866	32.89078133423489	0.0
147.0	34.026149101586306	16.31641151594615	22.346771066092963	27.31066831637458	0.0
148.0	31.930452810629976	16.81100692644772	21.151580832116103	30.106959430806203	0.0
149.0	33.00281145137398	17.274806775698583	23.254431310902184	26.467950462025254	0.0
150.0	27.932453852840418	18.043411566191132	25.653218796338905	28.370915784629545	0.0
