# Position (bp)	A	C	G	T	N
0.0	26.444407315062602	24.216398242775078	24.134334103511588	25.204306474943667	5.538637070651777E-4
1.0	27.581128270796768	20.092746935726613	14.853768568705592	37.472264232174595	9.199259643583885E-5
2.0	28.20051039075245	20.179966383533984	17.948038443445753	33.67102629255129	4.5848971653414785E-4
3.0	24.23221891613616	22.07358043024636	14.797559632993968	38.895086530249465	0.0015544903740469602
4.0	35.03678738134427	14.042433222508913	14.521983015032463	36.396971610214344	0.0018247709000135033
5.0	36.96088982282458	14.575897108312747	22.85365144657263	25.60473196784726	0.004829654442780897
6.0	32.1526195692357	17.98505600810028	19.912969367184044	29.94926400020396	9.105527601585819E-5
7.0	35.48093308816371	16.837366470658345	20.137603118179097	27.543460440013355	6.36882985489076E-4
8.0	22.79264831290491	27.337995414286986	22.456811202085937	27.412545070722167	0.0
9.0	29.31713003979039	17.97800488315946	15.298082628437362	37.4058737847757	9.08663837087478E-4
10.0	27.222938232112543	16.815212228056264	25.306514297339987	30.65397285580772	0.0013623866834876009
11.0	28.85157596036361	18.58836216678437	19.36649316366713	33.19347793328697	9.077589790979418E-5
12.0	27.350265266550466	19.48291396689408	20.538354539837165	32.62837549076807	9.073595021862827E-5
13.0	27.819610938003166	22.131631583960377	18.607032869343566	31.44163389710585	9.071158704457114E-5
14.0	32.03379913733281	18.802062781489393	20.418180416275472	28.745776241728237	1.8142317408914227E-4
15.0	30.560280117380795	19.17688305915756	19.320025943513894	30.942720168360704	9.071158704457114E-5
16.0	30.20723062060332	18.8604810435461	19.32428938810499	31.607998947745592	0.0
17.0	29.900806879566762	18.84070591757038	20.676708439352502	30.58150662874922	2.721347611337134E-4
18.0	32.49787961665283	18.19003170369967	18.26514089777258	31.046857070287874	9.071158704457114E-5
19.0	30.852734274012487	18.36855210700339	19.369010200517963	31.409340572117976	3.6284634817828455E-4
20.0	30.202150771728824	18.77838705727076	19.023489765465193	31.995609559187045	3.6284634817828455E-4
21.0	30.78941758625538	17.375713786800556	18.97441479687408	32.85981884896067	6.34981109311998E-4
22.0	29.24750202967176	19.546260641603055	19.486753840501816	31.719392776636322	9.071158704457114E-5
23.0	30.33159620644143	18.759156200817312	19.904208564080932	31.00331550850648	0.0017235201538468518
24.0	31.508034778822473	18.15075358650937	18.81149678654203	31.529261290190902	4.5355793522285575E-4
25.0	29.681829108441164	18.344694959610667	20.130896820105313	31.84212555390763	4.5355793522285575E-4
26.0	32.2871565999483	18.413091496242274	19.60177613287433	29.697431501412836	5.442695222674268E-4
27.0	29.051111443720263	18.223867125667297	19.883526322234772	32.84131368520357	1.8142317408914227E-4
28.0	31.15679951378589	18.415903555440654	19.839168356169974	30.58758430508121	5.442695222674268E-4
29.0	28.689004173655263	19.58842189386524	19.197997806585867	32.52457612589363	0.0
30.0	30.485633291756436	18.516294364440412	19.47667536001814	31.519854858827536	0.0015421249574781722
31.0	32.016056606340996	18.216446682088268	19.558579398557626	30.207738014242302	0.0011792987708078198
32.0	29.603577140482955	18.737713558425632	18.808018992446023	32.850327441889156	3.6286675623427766E-4
33.0	29.603022036590666	19.417347135950823	19.14591541527148	31.83362469302905	9.071915798106327E-5
34.0	29.53992257802301	19.42507786197768	19.786332036314118	31.24766958397708	9.979397081117075E-4
35.0	30.86204576532542	18.074194088039334	18.95820604579442	32.10509950248756	4.5459835326292517E-4
36.0	31.091567041032235	18.023946539650424	18.81691867964726	32.067112897327526	4.5484234254722627E-4
37.0	29.151311999257334	19.36321778614289	19.17928032306008	32.30537077369321	8.191178464845737E-4
38.0	30.7116214010957	19.198041729805336	19.26807101643548	30.822265852663485	0.0
39.0	29.397385152502377	19.52820047103362	19.461548210737853	31.611863190537022	0.0010029751891292079
40.0	30.356073016508933	18.82506606225081	18.735153715355622	32.08260959839457	0.0010976074900735124
41.0	30.21319759676509	18.774148242324657	20.379670725606204	30.632524452318556	4.589829855007275E-4
42.0	30.089590973720902	18.11835947745501	18.80269279084856	32.98908066868825	2.760892872755049E-4
43.0	29.435515845573658	18.348870017426904	19.90613445455635	32.30920306492213	2.766175209537772E-4
44.0	29.618723363377562	18.771302370347655	19.789013010956694	31.820684151313568	2.771040045223374E-4
45.0	30.60724385498969	18.134059328454512	19.542293748652867	31.715755518737758	6.475491651703655E-4
46.0	30.86643635791092	17.90397421529855	20.11178927675024	31.117429680191904	3.7046984838521457E-4
47.0	30.01496409174268	18.300231229521724	19.589423891739337	32.095009929704	3.70857292259652E-4
48.0	30.658432013066555	17.934500167044064	18.8414566242251	32.564868777608666	7.424180556071123E-4
49.0	30.192220147347104	17.527615968486675	20.29701682506945	31.98314705909678	0.0
50.0	30.11013051816269	18.469995717663707	19.49449812880523	31.924537786963082	8.37848405295202E-4
51.0	30.1157385137161	18.28502255271095	19.401963192705416	32.19680871434136	4.670265261726336E-4
52.0	29.833236123171215	18.392037643775705	19.78436222944474	31.990082688026643	2.813155816949827E-4
53.0	30.830144402803562	18.398819711495488	18.881981499655154	31.8890543860458	0.0
54.0	30.64715254390866	18.07305903317879	18.739051150006798	32.53998217980277	7.550931029795974E-4
55.0	29.956144750714042	18.121946741519015	18.57933219641549	33.34257631135145	0.0
56.0	29.03663127376498	19.01113016947609	20.18391533026207	31.768133486137568	1.8974035929234434E-4
57.0	28.590993244553253	19.66701768125088	18.898428797895434	32.84346523625056	9.504004987701818E-5
58.0	31.236835590089317	18.405416214363253	21.01287398350759	29.344302881410805	5.713306290350226E-4
59.0	29.63275736374636	20.83118632940575	20.404648215792026	29.13131266865909	9.54223967815934E-5
60.0	32.175175102342486	19.107217394967314	19.172318320549298	29.54490623551983	3.8294662107048904E-4
61.0	28.565197885354554	21.327446295671855	20.027071919272267	30.07865074630307	0.0016331533982559842
62.0	32.371079860085025	17.227176417643502	20.426350525260602	29.974717185939742	6.760110711298849E-4
63.0	27.560984849588678	20.259316138194443	24.744020507500412	27.435581368015022	9.713670145131945E-5
64.0	25.911054156321363	20.683542127769304	18.93244280699424	34.47198416899945	9.76739915648741E-4
65.0	27.170899150884853	19.867605589549836	18.776264835950325	34.1847394921019	4.909315130901978E-4
66.0	26.884637321907523	20.239140774715853	16.22168628093367	36.650292388427616	0.004243234015342745
67.0	33.12468400233962	14.544318981669658	18.39517799962328	33.93343973986577	0.0023792765016704505
68.0	34.48087830813824	16.134999954976	22.664079954615808	26.71804071570147	0.0020010665684810003
69.0	31.54691311748404	17.642679087525682	20.396201642322684	30.41400132319837	2.048294692253964E-4
70.0	33.44624444464079	16.41028812765619	21.632325784818736	28.51058942029882	5.522225854619673E-4
71.0	27.017095227385685	19.752803622844358	25.425159443468026	27.803969913288295	9.717930136411974E-4
