# Position (bp)	A	C	G	T	N
0.0	47.177848775292865	25.77209797657082	11.87433439829606	15.175718849840255	0.0
1.0	11.229377328366152	46.460883448642896	14.262905800957956	28.046833422032996	0.0
2.0	13.940031562335614	44.02945817990531	27.827459231983166	14.203051025775906	0.0
3.0	47.034120734908136	9.973753280839896	28.03149606299213	14.960629921259844	0.0
4.0	45.64533053515215	12.539349422875132	8.499475341028331	33.31584470094439	0.0
5.0	33.123689727463315	41.509433962264154	10.534591194968554	14.832285115303984	0.0
6.0	15.2276295133438	41.18262689691261	27.629513343799054	15.960230245944532	0.0
7.0	46.7294610151753	13.553113553113553	8.320251177394034	31.39717425431711	0.0
8.0	65.34239414532148	10.611604809200209	11.186617877679037	12.859383167799269	0.0
9.0	14.688970203868271	57.97177208572922	11.552535284892839	15.78672242550967	0.0
10.0	31.20752744380554	9.200209095661265	9.879769994772609	49.71249346576059	0.0
11.0	17.275574112734866	9.65553235908142	9.446764091858038	63.62212943632568	0.0
12.0	15.553235908141962	9.18580375782881	11.63883089770355	63.62212943632568	0.0
13.0	12.89144050104384	41.02296450939457	11.899791231732777	34.18580375782881	0.0
14.0	29.755080771235022	11.307972902553413	42.20948410630537	16.7274622199062	0.0
15.0	42.58198854763145	9.682457053617908	10.255075481520041	37.480478917230606	0.0
16.0	13.579604578563995	10.40582726326743	10.40582726326743	65.60874089490115	0.0
17.0	34.28720083246618	40.32258064516129	10.718002081165452	14.672216441207075	0.0
18.0	14.672216441207075	12.79916753381894	27.627471383975028	44.90114464099896	0.0
19.0	14.664586583463338	42.58970358814352	9.568382735309413	33.177327093083726	0.0
20.0	12.675324675324676	13.610389610389612	27.844155844155843	45.87012987012987	0.0
21.0	32.191069574247145	11.2668743509865	10.332294911734165	46.20976116303219	0.0
22.0	15.464452516865595	11.468604047742605	40.47742605085625	32.58951738453555	0.0
23.0	16.969382459782047	9.75609756097561	25.635703165542296	47.63881681370005	0.0
24.0	63.84854771784232	8.661825726141078	11.721991701244812	15.767634854771783	0.0
25.0	33.022291342664595	8.398133748055987	39.19129082426128	19.388284085018146	0.0
26.0	45.90673575129534	8.290155440414509	25.854922279792746	19.94818652849741	0.0
27.0	13.471502590673575	10.777202072538861	9.170984455958548	66.58031088082902	0.0
28.0	14.61139896373057	40.46632124352332	7.1502590673575135	37.7720207253886	0.0
29.0	14.559585492227981	9.481865284974093	27.25388601036269	48.704663212435236	0.0
30.0	13.523316062176166	28.3419689119171	40.46632124352332	17.668393782383422	0.0
31.0	16.087182148417227	8.977685521536067	26.933056564608197	48.002075765438505	0.0
32.0	33.33333333333333	9.895833333333332	9.84375	46.927083333333336	0.0
33.0	14.456578263130526	42.38169526781071	27.405096203848156	15.756630265210608	0.0
34.0	34.57750129600829	10.782789009849663	9.434940383618455	45.20476931052359	0.0
35.0	17.979274611398964	40.932642487046635	24.76683937823834	16.321243523316063	0.0
36.0	31.14330056906363	10.65700982928091	9.777547853078117	48.42214174857734	0.0
37.0	44.95080269290523	27.6540652511652	9.114448472294148	18.280683583635422	0.0
38.0	45.03896103896104	12.831168831168831	9.2987012987013	32.83116883116883	0.0
39.0	48.77795111804472	10.14040561622465	7.904316172646905	33.177327093083726	0.0
40.0	13.890339425587467	39.89556135770235	29.34725848563969	16.866840731070496	0.0
41.0	15.167364016736402	8.42050209205021	43.51464435146444	32.89748953974895	0.0
42.0	45.88789942378209	26.45364064955474	13.410162388685176	14.248297537977999	0.0
43.0	64.39433665443104	9.963293130571579	8.96696381751442	16.67540639748296	0.0
44.0	16.443492233529728	59.721478307445096	7.659346545259775	16.1756829137654	0.0
45.0	21.350613915416098	11.323328785811732	12.278308321964529	55.04774897680764	0.0
46.0	47.40853658536585	11.432926829268293	14.86280487804878	26.29573170731707	0.0
47.0	23.809523809523807	38.095238095238095	12.936507936507939	25.158730158730158	0.0
48.0	47.13831478537361	13.195548489666137	15.500794912559618	24.165341812400637	0.0
49.0	19.96817820206842	15.910898965791567	38.822593476531424	25.29832935560859	0.0
50.0	18.217979315831347	15.354017501988862	15.035799522673033	51.39220365950676	0.0
51.0	27.939590075512406	17.79935275080906	19.956850053937433	34.3042071197411	0.0
52.0	31.135135135135133	17.62162162162162	18.7027027027027	32.54054054054054	0.0
53.0	29.22077922077922	18.72294372294372	22.51082251082251	29.545454545454547	0.0
54.0	30.08658008658009	23.160173160173162	15.043290043290044	31.70995670995671	0.0
55.0	31.852654387865652	19.284940411700973	18.95991332611051	29.902491874322862	0.0
56.0	29.392624728850326	16.377440347071584	19.84815618221258	34.38177874186551	0.0
57.0	31.596091205211724	21.71552660152009	18.023887079261673	28.664495114006517	0.0
58.0	26.492942453854507	19.54397394136808	16.286644951140065	37.67643865363735	0.0
59.0	26.92725298588491	18.023887079261673	22.90988056460369	32.13897937024973	0.0
60.0	26.710097719869708	18.458197611292075	20.30401737242128	34.527687296416936	0.0
61.0	29.826464208242946	17.245119305856832	23.318872017353577	29.609544468546638	0.0
62.0	26.35574837310195	20.498915401301517	23.969631236442517	29.17570498915401	0.0
63.0	32.79044516829533	16.829533116178066	20.412595005428884	29.967426710097723	0.0
64.0	32.10412147505423	17.787418655097614	21.149674620390453	28.9587852494577	0.0
65.0	28.850325379609544	19.088937093275486	23.969631236442517	28.091106290672453	0.0
66.0	28.013029315960914	16.286644951140065	23.887079261672095	31.813246471226925	0.0
67.0	27.362637362637365	17.032967032967033	19.01098901098901	36.59340659340659	0.0
68.0	24.52407614781635	19.372900335946248	22.284434490481523	33.81858902575588	0.0
69.0	27.547592385218366	21.27659574468085	20.156774916013436	31.019036954087348	0.0
70.0	26.875699888017916	22.620380739081746	18.477043673012318	32.026875699888016	0.0
71.0	31.13101903695409	20.38073908174692	19.820828667413217	28.66741321388578	0.0
72.0	30.23516237402016	18.701007838745802	20.6047032474804	30.45912653975364	0.0
73.0	28.475336322869953	17.48878923766816	20.291479820627803	33.74439461883408	0.0
74.0	27.914798206278025	17.48878923766816	24.663677130044842	29.932735426008968	0.0
75.0	29.55056179775281	19.8876404494382	20.786516853932586	29.775280898876407	0.0
76.0	30.0	19.550561797752806	19.550561797752806	30.89887640449438	0.0
77.0	30.708661417322837	20.58492688413948	18.11023622047244	30.59617547806524	0.0
78.0	27.334083239595053	23.509561304836897	19.01012373453318	30.146231721034873	0.0
79.0	30.0	20.56179775280899	19.325842696629213	30.112359550561795	0.0
80.0	29.213483146067414	16.292134831460675	22.92134831460674	31.573033707865168	0.0
81.0	27.7027027027027	18.01801801801802	20.833333333333336	33.44594594594595	0.0
82.0	34.160090191657275	17.13641488162345	20.744081172491544	27.959413754227736	0.0
83.0	27.846674182638104	20.631341600901916	22.66065388951522	28.861330326944756	0.0
84.0	27.846674182638104	19.052987598647125	20.180383314543406	32.91995490417137	0.0
85.0	31.228861330326946	16.910935738444195	21.307779030439683	30.552423900789176	0.0
86.0	31.60270880361174	16.252821670428894	22.23476297968397	29.909706546275395	0.0
87.0	32.50564334085779	18.848758465011286	21.557562076749438	27.088036117381492	0.0
88.0	34.17142857142857	18.97142857142857	18.857142857142858	28.000000000000004	0.0
89.0	31.771428571428572	15.2	19.314285714285713	33.714285714285715	0.0
90.0	29.290617848970253	16.247139588100687	19.908466819221967	34.55377574370709	0.0
91.0	29.74828375286041	19.107551487414188	15.217391304347828	35.92677345537758	0.0
92.0	29.3241695303551	19.014891179839633	17.525773195876287	34.13516609392898	0.0
93.0	33.56242840778923	14.776632302405499	20.16036655211913	31.500572737686138	0.0
94.0	34.24971363115693	17.06758304696449	19.358533791523485	29.3241695303551	0.0
95.0	32.41379310344827	15.747126436781608	20.344827586206897	31.494252873563216	0.0
96.0	27.47126436781609	18.96551724137931	18.50574712643678	35.05747126436782	0.0
97.0	29.540229885057474	18.04597701149425	18.96551724137931	33.44827586206897	0.0
98.0	32.681242807825086	18.757192174913694	16.455696202531644	32.105868814729575	0.0
99.0	30.49482163406214	19.332566168009205	19.447640966628306	30.724971231300348	0.0
100.0	34.7926267281106	14.516129032258066	16.705069124423964	33.986175115207374	0.0
101.0	31.833910034602077	20.29988465974625	19.607843137254903	28.258362168396772	0.0
102.0	32.33256351039261	14.89607390300231	20.669745958429562	32.10161662817552	0.0
103.0	26.011560693641616	17.341040462427745	22.196531791907514	34.45086705202312	0.0
104.0	26.33410672853828	17.40139211136891	21.46171693735499	34.80278422273782	0.0
105.0	29.30232558139535	17.674418604651162	19.651162790697676	33.372093023255815	0.0
106.0	30.9662398137369	17.694994179278233	18.044237485448196	33.29452852153667	0.0
107.0	32.08868144690782	18.436406067677947	20.070011668611436	29.404900816802797	0.0
108.0	35.2046783625731	16.257309941520468	17.309941520467838	31.2280701754386	0.0
109.0	25.791324736225086	22.157092614302464	19.460726846424382	32.590855803048065	0.0
110.0	24.413145539906104	20.89201877934272	21.244131455399064	33.45070422535211	0.0
111.0	29.72972972972973	18.33137485311398	19.741480611045827	32.19741480611046	0.0
112.0	27.508854781582055	19.59858323494687	20.070838252656433	32.82172373081464	0.0
113.0	27.390791027154666	19.952774498229044	18.772136953955133	33.88429752066116	0.0
114.0	28.92561983471074	16.41086186540732	18.536009445100355	36.12750885478158	0.0
115.0	28.01418439716312	20.212765957446805	17.494089834515368	34.2789598108747	0.0
116.0	30.01186239620403	18.26809015421115	18.74258600237248	32.977461447212335	0.0
117.0	32.342449464922716	18.192627824019027	17.360285374554103	32.10463733650416	0.0
118.0	26.809015421115067	16.370106761565836	21.11506524317912	35.705812574139976	0.0
119.0	22.538552787663107	21.70818505338078	26.927639383155398	28.825622775800714	0.0
120.0	26.48456057007126	23.040380047505938	22.090261282660332	28.38479809976247	0.0
121.0	30.96085409252669	18.62396204033215	18.505338078291814	31.90984578884935	0.0
122.0	30.2491103202847	18.979833926453143	20.40332147093713	30.36773428232503	0.0
123.0	32.066508313539195	16.864608076009503	18.883610451306414	32.18527315914489	0.0
124.0	29.48870392390012	19.024970273483948	19.024970273483948	32.461355529131986	0.0
125.0	26.42857142857143	20.476190476190474	18.69047619047619	34.404761904761905	0.0
126.0	30.154946364719905	18.235995232419548	19.30870083432658	32.30035756853397	0.0
127.0	29.545454545454547	18.421052631578945	22.248803827751196	29.784688995215312	0.0
128.0	31.100478468899524	15.19138755980861	20.215311004784688	33.49282296650718	0.0
129.0	29.30622009569378	17.583732057416267	19.37799043062201	33.73205741626794	0.0
130.0	29.61630695443645	20.14388489208633	15.227817745803357	35.011990407673856	0.0
131.0	31.370192307692307	20.072115384615387	18.14903846153846	30.408653846153843	0.0
132.0	30.408653846153843	16.58653846153846	23.076923076923077	29.927884615384613	0.0
133.0	27.020506634499398	22.798552472858866	19.420989143546443	30.759951749095293	0.0
134.0	24.062877871825876	21.644498186215237	20.556227327690447	33.736396614268436	0.0
135.0	26.39225181598063	17.91767554479419	21.912832929782084	33.777239709443094	0.0
136.0	25.273390036452003	17.739975698663425	21.506682867557718	35.47995139732685	0.0
137.0	30.694275274056025	14.250913520097441	20.584652862362972	34.47015834348356	0.0
138.0	27.682926829268297	16.82926829268293	20.609756097560975	34.8780487804878	0.0
139.0	28.04878048780488	20.0	19.024390243902438	32.926829268292686	0.0
140.0	28.65853658536585	16.463414634146343	22.317073170731707	32.5609756097561	0.0
141.0	34.43627450980392	15.073529411764705	19.607843137254903	30.88235294117647	0.0
142.0	34.84662576687116	14.846625766871165	18.404907975460123	31.901840490797547	0.0
143.0	32.71832718327183	18.57318573185732	19.43419434194342	29.274292742927425	0.0
144.0	33.04562268803946	18.12577065351418	16.52281134401973	32.30579531442663	0.0
145.0	29.78986402966625	18.788627935723117	18.046971569839307	33.37453646477132	0.0
146.0	30.56930693069307	19.925742574257427	17.82178217821782	31.683168316831683	0.0
147.0	29.81366459627329	19.006211180124225	18.385093167701864	32.79503105590062	0.0
148.0	26.990049751243784	19.776119402985074	21.019900497512438	32.21393034825871	0.0
149.0	28.73134328358209	21.393034825870647	15.92039800995025	33.95522388059701	0.0
150.0	26.865671641791046	19.776119402985074	19.27860696517413	34.07960199004975	0.0
151.0	27.397260273972602	20.79701120797011	19.9252801992528	31.880448318804483	0.0
152.0	26.774595267745955	20.298879202988793	17.06102117061021	35.865504358655045	0.0
153.0	32.04488778054863	15.087281795511224	21.197007481296758	31.67082294264339	0.0
154.0	32.25	16.0	21.0	30.75	0.0
155.0	31.1639549436796	19.524405506883603	15.018773466833544	34.292866082603254	0.0
156.0	30.740276035131743	17.8168130489335	17.94228356336261	33.500627352572145	0.0
157.0	33.33333333333333	18.68686868686869	19.570707070707073	28.40909090909091	0.0
158.0	30.429292929292927	20.075757575757574	17.67676767676768	31.818181818181817	0.0
159.0	33.41772151898734	15.18987341772152	20.632911392405063	30.759493670886073	0.0
160.0	26.17534942820839	18.297331639135958	23.63405336721728	31.893265565438373	0.0
161.0	29.29936305732484	17.452229299363058	22.802547770700638	30.445859872611464	0.0
162.0	29.88505747126437	20.178799489144318	21.20051085568327	28.735632183908045	0.0
163.0	31.322207958921695	16.68806161745828	16.944801026957638	35.04492939666239	0.0
164.0	27.190721649484534	14.81958762886598	24.22680412371134	33.76288659793815	0.0
165.0	28.201811125485122	19.146183699870633	22.76843467011643	29.88357050452781	0.0
166.0	25.587467362924283	20.887728459530024	19.321148825065272	34.20365535248042	0.0
167.0	27.712418300653596	18.169934640522875	21.830065359477125	32.287581699346404	0.0
168.0	28.252299605781868	19.185282522996058	19.185282522996058	33.37713534822602	0.0
169.0	25.921052631578945	18.157894736842106	20.789473684210527	35.13157894736842	0.0
170.0	30.02645502645503	15.873015873015872	19.31216931216931	34.78835978835979	0.0
171.0	30.371352785145888	16.578249336870027	17.374005305039788	35.6763925729443	0.0
172.0	28.000000000000004	21.2	16.0	34.8	0.0
173.0	30.42895442359249	17.158176943699733	18.63270777479893	33.78016085790885	0.0
174.0	31.85483870967742	19.086021505376344	17.607526881720432	31.451612903225808	0.0
175.0	27.956989247311824	19.758064516129032	20.833333333333336	31.451612903225808	0.0
176.0	29.715061058344638	17.91044776119403	19.810040705563093	32.56445047489824	0.0
177.0	26.258503401360546	22.721088435374153	17.414965986394556	33.605442176870746	0.0
178.0	26.170798898071624	22.865013774104685	19.97245179063361	30.991735537190085	0.0
179.0	27.348066298342545	19.337016574585636	23.480662983425415	29.83425414364641	0.0
180.0	28.53185595567867	16.06648199445983	23.545706371191137	31.855955678670362	0.0
181.0	27.412587412587413	19.58041958041958	19.72027972027972	33.28671328671329	0.0
182.0	30.855539971949508	20.897615708274895	21.458625525946704	26.788218793828893	0.0
183.0	32.44005641748942	21.438645980253877	20.16925246826516	25.952045133991536	0.0
184.0	31.497175141242938	21.468926553672315	17.937853107344633	29.09604519774011	0.0
185.0	29.01849217638691	20.34139402560455	22.190611664295876	28.449502133712663	0.0
186.0	30.099857346647646	17.4037089871612	22.39657631954351	30.099857346647646	0.0
187.0	30.028735632183906	23.563218390804597	17.67241379310345	28.735632183908045	0.0
188.0	29.81186685962373	19.826338639652676	21.99710564399421	28.364688856729376	0.0
189.0	31.63265306122449	20.11661807580175	18.80466472303207	29.44606413994169	0.0
190.0	31.039531478770133	17.423133235724745	17.71595900439239	33.821376281112734	0.0
191.0	27.794117647058826	19.411764705882355	20.441176470588236	32.35294117647059	0.0
192.0	31.41592920353982	19.911504424778762	18.289085545722713	30.383480825958703	0.0
193.0	30.402384500745157	19.225037257824145	19.970193740685545	30.402384500745157	0.0
194.0	28.251121076233183	22.122571001494766	20.62780269058296	28.998505231689087	0.0
195.0	29.87987987987988	20.72072072072072	19.81981981981982	29.57957957957958	0.0
196.0	28.267477203647417	22.036474164133736	18.84498480243161	30.851063829787233	0.0
197.0	29.78395061728395	20.98765432098765	21.141975308641975	28.08641975308642	0.0
198.0	27.689873417721518	24.050632911392405	19.77848101265823	28.48101265822785	0.0
199.0	24.671052631578945	24.835526315789476	22.039473684210524	28.45394736842105	0.0
200.0	26.810176125244617	16.2426614481409	20.743639921722114	36.20352250489237	0.0
201.0	32.96398891966759	19.94459833795014	17.451523545706372	29.6398891966759	0.0
202.0	40.11142061281337	16.15598885793872	18.105849582172702	25.62674094707521	0.0
203.0	35.754189944134076	16.75977653631285	17.877094972067038	29.608938547486037	0.0
204.0	33.0532212885154	17.647058823529413	26.89075630252101	22.408963585434176	0.0
205.0	33.33333333333333	15.406162464985995	25.770308123249297	25.49019607843137	0.0
206.0	32.86516853932584	19.101123595505616	19.9438202247191	28.08988764044944	0.0
207.0	26.76056338028169	21.69014084507042	18.028169014084508	33.52112676056338	0.0
208.0	25.070422535211268	19.154929577464788	21.69014084507042	34.08450704225352	0.0
209.0	22.946175637393768	19.8300283286119	19.54674220963173	37.6770538243626	0.0
210.0	24.92836676217765	18.33810888252149	22.349570200573066	34.38395415472779	0.0
211.0	34.195402298850574	21.551724137931032	17.24137931034483	27.011494252873565	0.0
212.0	27.089337175792505	15.561959654178676	25.936599423631122	31.412103746397698	0.0
213.0	25.0	22.96511627906977	20.63953488372093	31.3953488372093	0.0
214.0	30.205278592375368	24.34017595307918	19.06158357771261	26.392961876832842	0.0
215.0	31.470588235294116	22.647058823529413	15.588235294117647	30.294117647058822	0.0
216.0	34.51327433628318	19.174041297935105	16.519174041297934	29.793510324483773	0.0
217.0	27.596439169139465	15.43026706231454	23.44213649851632	33.531157270029674	0.0
218.0	27.743902439024392	15.548780487804878	21.036585365853657	35.670731707317074	0.0
219.0	19.453924914675767	25.25597269624573	27.303754266211605	27.986348122866893	0.0
220.0	0.0	32.83582089552239	27.363184079601986	39.800995024875625	0.0
