# Position (bp)	A	C	G	T	N
0.0	26.08487640751043	24.703283149676267	24.703803807046693	24.508036635766615	0.0
1.0	27.405639529233177	21.866712870187392	15.421987013648163	35.30566058693127	0.0
2.0	29.16396986055271	21.922300750131445	16.87902749556509	32.03470189375076	0.0
3.0	23.565563045655104	22.692110065427286	16.09516464966026	37.647162239257355	0.0
4.0	33.16108196564899	14.841537511872218	15.299599127419079	36.697781395059714	0.0
5.0	35.08859166884455	15.852976684698769	24.59838289270706	24.46004875374962	0.0
6.0	32.202790612699864	17.79692031247832	21.298425814150328	28.701863260671484	0.0
7.0	35.98492995138918	18.551521227342317	20.862876780122754	24.600672041145756	0.0
8.0	23.39450734712567	26.70288196034356	23.345393534899426	26.557217157631346	0.0
9.0	26.658624605123794	19.684810158783016	15.829390352763786	37.8271748833294	0.0
10.0	26.826432539186985	16.85809201367208	25.34558894947897	30.969886497661964	0.0
11.0	27.61367000143381	20.38205862899906	20.10327487084137	31.90099649872576	0.0
12.0	25.38079826277595	22.271682924234646	20.194246717266324	32.15327209572308	0.0
13.0	27.42698548150615	22.724403002677988	19.161382378923904	30.687229136891958	0.0
14.0	30.09393197260033	19.827121693562187	19.399984736849408	30.67896159698807	0.0
15.0	29.880276771797398	18.934921163514595	22.324901598930655	28.859900465757356	0.0
16.0	27.102788068841434	19.634193157483338	19.47531763541421	33.78770113826101	0.0
17.0	29.456521990499844	18.59473791320355	19.985332343541142	31.96340775275546	0.0
18.0	32.27601326506542	17.834095334563635	19.93075501718261	29.959136383188333	0.0
19.0	31.166544098942218	19.432418931856972	20.656043745114637	28.74499322408618	0.0
20.0	30.334731299171626	17.528629970352487	19.882942041654523	32.25369668882136	0.0
21.0	30.239741312723456	19.496131022584837	19.251197926061597	31.012929738630106	0.0
22.0	30.57686036992327	19.27507550634346	22.816704593283287	27.331359530449983	0.0
23.0	28.605341177667697	21.17944261749157	22.160071135532153	28.05514506930858	0.0
24.0	33.52244608176424	19.980504794016845	17.685857765937275	28.811191358281647	0.0
25.0	28.933094210640732	22.23205076616391	19.938820204711224	28.89603481848414	0.0
26.0	30.687951823946495	17.461420074280667	23.478425767898354	28.37220233387448	0.0
27.0	27.03878690329175	21.147904554431634	24.554969311816915	27.2583392304597	0.0
28.0	27.95096250352671	20.50754600914864	19.39879953007997	32.14269195724468	0.0
29.0	27.808188449032638	21.67300896825727	17.704098387193753	32.814704195516335	0.0
30.0	27.077653056586055	20.487040934473747	15.862995271635574	36.572310737304626	0.0
31.0	34.16148023061144	16.682247736102525	18.490754361683916	30.66551767160212	0.0
32.0	33.618207234223426	16.089318397270258	24.413860798969335	25.878613569536974	0.0
33.0	31.130788577491273	18.608201461679464	20.663362573237908	29.59764738759135	0.0
34.0	33.09803492925568	18.282733382951864	21.845979951249163	26.77325173654329	0.0
35.0	27.937820320022283	21.96135267650781	24.04999566009895	26.05083134337095	0.0
