# Position (bp)	A	C	G	T	N
0.0	26.218931091737364	24.10423899398193	23.810964719427048	25.865865194853654	0.0
1.0	26.559457389269483	20.12549443523051	15.528055419872663	37.78699275562735	0.0
2.0	28.840754727239577	19.048151920353927	18.33500582834436	33.776087524062135	0.0
3.0	23.011435525622737	22.525028538438324	15.00189319032561	39.46164274561333	0.0
4.0	34.314788573763295	13.021256188832803	14.687413501006038	37.97654173639786	0.0
5.0	35.065779279166904	14.814477754465955	23.15317249464181	26.966570471725326	0.0
6.0	31.242589869951814	17.246701068370488	20.92076696302697	30.589942098650724	0.0
7.0	34.96246197797343	17.01724836419348	20.151091402427905	27.869198255405188	0.0
8.0	22.29883008518363	27.139355712360402	22.92581653879538	27.63599766366059	0.0
9.0	27.746513498309877	18.511015802850807	15.40245929354896	38.340011405290355	0.0
10.0	26.350261409301766	16.271090798081033	25.37164111680959	32.00700667580761	0.0
11.0	28.278338744150805	17.9981642378208	19.61971121823563	34.10378579979276	0.0
12.0	26.08281449490832	19.571574287289405	21.368065632070113	32.977545585732166	0.0
13.0	26.428756229545463	20.744288307188107	18.83362693737971	33.99332852588672	0.0
14.0	30.953803420720405	18.24303012961952	20.40319540209153	30.399971047568542	0.0
15.0	29.889403351525033	18.58301038059447	19.938258237183426	31.58932803069707	0.0
16.0	29.87654341230874	17.51574083498016	18.95427378061014	33.653441972100964	0.0
17.0	30.49962972042047	17.807478745671045	19.696296958249587	31.9965945756589	0.0
18.0	31.16156522559999	17.607868596250963	19.0071072831645	32.22345889498454	0.0
19.0	29.852299264605897	18.42523602614761	19.98906553802156	31.733399171224935	0.0
20.0	29.833618387511194	17.86969367929303	19.74757274503367	32.54911518816211	0.0
21.0	29.233628436534737	18.39260598001228	19.895356636683175	32.478408946769804	0.0
22.0	29.909079761254876	18.995559104596865	22.45724860780617	28.638112526342084	0.0
23.0	29.858635537024853	20.320554481226186	21.09562934235231	28.725180639396648	0.0
24.0	32.634508463959904	19.415392785058767	18.18081519599754	29.769283554983794	0.0
25.0	29.685529979996822	21.043416583676333	19.30628240824732	29.96477102807952	0.0
26.0	32.55289821217565	16.61220712747491	21.92113671555981	28.913757944789637	0.0
27.0	26.361200556139668	21.271416981420902	24.901316363523073	27.466066098916357	0.0
28.0	26.57895282381661	19.708102804087492	18.421429577836772	35.29151479425913	0.0
29.0	28.00039774456811	19.933549953426642	17.379411424709097	34.686640877296156	0.0
30.0	26.647968808216888	19.03278481718247	16.165804628893472	38.15344174570717	0.0
31.0	34.4391099755197	14.15652012520555	18.07739600347037	33.326973895804386	0.0
32.0	34.4649147273143	15.576341276685366	22.577446022110088	27.381297973890252	0.0
33.0	31.332075924781154	17.524044744006535	20.90860827391865	30.235271057293662	0.0
34.0	33.445832316268934	16.43887015417401	21.99774250572536	28.1175550238317	0.0
35.0	26.252566105671853	20.26051203340477	25.779077950977676	27.707843909945705	0.0
