# Position (bp)	A	C	G	T	N
0.0	26.68813152874253	20.233830507769156	25.20774767066157	27.870290292826745	0.0
1.0	27.78219325721804	16.167693823488065	22.32826134715669	33.721851572137204	0.0
2.0	29.18470475213311	18.708378302512305	19.493503869365945	32.61341307598863	0.0
3.0	30.32364983896955	18.75338175983321	19.380350252514766	31.54261814868248	0.0
4.0	29.663045248175322	18.309575008141607	19.527164230570296	32.50021551311277	0.0
5.0	31.60619570367913	17.594889470716883	20.127221180974484	30.67169364462951	0.0
6.0	27.336033781809498	17.843458037492823	18.2825800308213	36.53792814987638	0.0
7.0	27.842027741071497	21.137639576741243	18.57375930634894	32.44657337583832	0.0
8.0	28.173095891075388	19.691819563521957	19.476541027877374	32.65854351752528	0.0
9.0	31.68812128485329	16.87837522279796	19.57701641389136	31.856487078457395	0.0
10.0	30.063861699258283	21.32656380217142	20.067409735563466	28.542164763006834	0.0
11.0	27.766407269460768	19.891856967240827	20.243642219073063	32.098093544225335	0.0
12.0	28.46785157880382	18.44387744560068	18.92014269951928	34.168128276076224	0.0
13.0	29.206539363207302	17.683309162101672	20.166626586190972	32.94352488850005	0.0
14.0	27.96021582258468	18.368517181327785	19.36347557896426	34.307791417123276	0.0
15.0	29.22710185902721	17.74524096818977	21.162254705953817	31.865402466829202	0.0
16.0	28.93371282188849	19.205845027761523	20.08380781685501	31.776634333494975	0.0
17.0	28.377496675814072	20.010449967465412	19.639543902830038	31.972509453890474	0.0
18.0	28.993288788328737	18.63713497843456	19.39852459402767	32.97105163920903	0.0
19.0	28.334839808525974	18.57885933762804	21.190966568031566	31.895334285814425	0.0
20.0	28.323658575006	18.56487731483867	18.888700775403784	34.22276333475154	0.0
21.0	28.981089709813794	18.682278748545126	19.182220170858454	33.154411370782626	0.0
22.0	28.655115666950753	20.236330911539387	19.838806697523744	31.26974672398612	0.0
23.0	28.893238115861525	18.407086467758184	19.12601329404122	33.57366212233907	0.0
24.0	28.34804482600494	18.23042642003481	19.863853613956195	33.55767514000405	0.0
25.0	30.120069881723914	18.627696323269728	18.890708500815883	32.36152529419047	0.0
26.0	30.541563582748637	18.096670297572583	19.836829734032467	31.524936385646306	0.0
27.0	31.50299823633157	18.05764256319812	19.442857142857143	30.996502057613167	0.0
28.0	29.20492105106165	18.608139429976	18.72904096634241	33.457898552619945	0.0
29.0	29.945649203777585	18.80911288147366	18.749908181296252	32.49532973345251	0.0
30.0	30.970473557247335	18.407705258580414	19.68919224655417	30.932628937618077	0.0
31.0	30.92406554756665	18.178548656756767	19.94414294235352	30.953242853323072	0.0
32.0	30.015329369891496	18.65975410127492	19.272928896934744	32.05198763189884	0.0
33.0	29.91886570672936	17.81645606817514	19.41052012929768	32.85415809579783	0.0
34.0	29.592210972135614	19.38596547940278	18.804450873065363	32.21737267539624	0.0
35.0	30.059284047014106	19.729105250577643	18.428397324102846	31.7832133783054	0.0
36.0	29.806872228242398	18.714280178007815	18.950915909559534	32.52793168419025	0.0
37.0	29.52615733903655	18.686872281393494	20.440362358294397	31.346608021275564	0.0
38.0	30.456495349381917	17.946344601109775	20.087870108468845	31.50928994103946	0.0
39.0	28.956809776031488	18.99376544412645	18.31340456326826	33.736020216573806	0.0
40.0	29.78281757309133	17.953424822776775	20.825005389401422	31.438752214730474	0.0
41.0	29.363473474495034	18.26296347395334	20.09209398902067	32.28146906253095	0.0
42.0	29.684279160217176	18.7847436434597	19.52968035023242	32.0012968460907	0.0
43.0	30.745109822421202	18.394789820017426	19.190559177909318	31.669541179652054	0.0
44.0	29.400157793800645	19.141483725294297	18.72863710646747	32.72972137443759	0.0
45.0	29.79322435401834	18.724422165586965	19.62529264118241	31.85706083921229	0.0
46.0	30.49343757655355	18.29924022629192	19.43855341840777	31.768768778746754	0.0
47.0	28.61406612053372	19.041681316480148	19.266890049846683	33.07736251313945	0.0
48.0	29.125195517130496	19.906485152820828	19.366507828413468	31.601811501635208	0.0
49.0	28.868382780818884	19.987171793244276	19.404924197925936	31.739521228010904	0.0
50.0	29.697458257705243	18.965167545417145	18.716792187244856	32.620582009632756	0.0
51.0	30.270767144641535	18.96478677837384	19.685845663428083	31.07860041355654	0.0
52.0	29.309096101008535	18.048844629147037	19.519638345218258	33.12242092462617	0.0
53.0	28.473271222019275	18.57600333955017	19.75514447496667	33.19558096346389	0.0
54.0	28.453217864593615	18.388060067009828	21.31589057408351	31.84283149431304	0.0
55.0	28.696364925949585	19.390455151637994	19.840611525781725	32.07256839663069	0.0
56.0	29.930392507380937	19.63707165683156	19.93703934411325	30.495496491674253	0.0
57.0	29.985958513005293	17.990824423572963	19.16826033236852	32.85495673105322	0.0
58.0	27.74754729366372	18.493906563714894	20.406424264650365	33.35212187797102	0.0
59.0	28.93147862117671	18.393899772451437	18.960795716210026	33.71382589016182	0.0
60.0	30.27675402253361	18.227766303474034	20.477911621751982	31.017568052240374	0.0
61.0	30.13707709475475	19.054735135734475	18.937074121483526	31.87111364802725	0.0
62.0	30.07321507237744	19.32393946726728	19.50232364784791	31.10052181250737	0.0
63.0	30.568322908977898	17.590303407016044	19.675195213861155	32.16617847014491	0.0
64.0	29.938452073381765	18.016032101565287	19.316359705411845	32.729156119641104	0.0
65.0	30.59344666515092	18.66210569880833	19.65613720578966	31.08831043025109	0.0
66.0	29.63602751765312	17.953709631209836	19.827575702758356	32.58268714837869	0.0
67.0	29.862626640723267	19.13725161267304	20.35096197030447	30.64915977629922	0.0
68.0	28.713285726603594	20.593605229946775	19.27605371042462	31.41705533302501	0.0
69.0	29.772302844942438	20.276535616272284	18.980007952346227	30.971153586439048	0.0
70.0	31.333927831976304	19.15615595583173	19.101247691964954	30.40866852022701	0.0
71.0	29.81420782945257	19.475041271034353	19.36837976666259	31.342371132850484	0.0
72.0	28.747262714364126	18.999462490896768	20.443473433091487	31.809801361647622	0.0
73.0	30.57468428502519	17.92116021793625	20.163974094370506	31.340181402668062	0.0
74.0	30.765260863504455	18.57833508636312	19.28162740302366	31.37477664710877	0.0
75.0	29.937844953210764	17.707460636617974	20.763517596104535	31.591176814066728	0.0
76.0	28.428872588472988	19.167261085109278	19.77776379146148	32.62610253495625	0.0
77.0	31.020445200082143	17.391394326667907	20.185237365222942	31.402923108027004	0.0
78.0	29.527160683984732	18.765572177571215	19.026590016394536	32.68067712204952	0.0
79.0	29.80581835881732	19.304685488852392	20.45013934907406	30.439356803256228	0.0
80.0	29.892767697680465	18.611607038605356	19.387834423165327	32.10779084054885	0.0
81.0	30.100001633961277	18.099709443238908	21.024596243362833	30.775692679436983	0.0
82.0	30.03657938329361	18.809201667231886	19.614583370096668	31.53963557937784	0.0
83.0	31.954156086630615	17.723406504396785	19.794035895921684	30.528401513050916	0.0
84.0	28.659008097393983	19.15214045308464	21.66760041614871	30.521251033372664	0.0
85.0	29.281908962829	19.045931066663403	19.132519886103637	32.539640084403956	0.0
86.0	30.411598131519714	18.38413566651338	19.033553581657266	32.17071262030964	0.0
87.0	29.430206298709777	19.04391490549867	19.397462728820418	32.12841606697114	0.0
88.0	29.3513253024526	18.55468743678845	19.180224886668267	32.91376237409068	0.0
89.0	29.711360961166513	17.63692059590664	20.132331513256485	32.51938692967036	0.0
90.0	30.478265441506746	18.644666841491688	20.3635235377661	30.513544179235463	0.0
91.0	29.606082217464824	18.512126923284463	18.691071123249483	33.190719736001235	0.0
92.0	28.46402869032047	18.478020951278413	19.99356707592999	33.06438328247113	0.0
93.0	30.42723294599094	17.529063720769187	21.812478115404605	30.231225217835267	0.0
94.0	29.314743850960234	17.876393590788457	19.655278927131008	33.153583631120306	0.0
95.0	28.94404242705071	18.497545330372404	19.436444608964734	33.12196763361215	0.0
96.0	29.268473176585776	18.174269103506766	20.778498700864944	31.778759019042518	0.0
97.0	28.654423089724258	18.98098733636783	19.46987128471645	32.89471828919147	0.0
98.0	28.096245280782174	19.639925773193166	19.433769387911248	32.83005955811341	0.0
99.0	30.22640381512443	18.28608763961371	19.33775905830639	32.149749486955464	0.0
100.0	29.822868614273258	19.736706913221823	19.43136702171101	31.009057450793907	0.0
101.0	29.568601118872724	19.321381233635833	19.22039708339833	31.889620564093107	0.0
102.0	29.304526713628764	18.256025125140134	20.172715519490943	32.26673264174016	0.0
103.0	29.22892648699143	18.356585526568235	20.229573508377538	32.1849144780628	0.0
104.0	28.06926994906621	19.56155534390658	20.087192016232557	32.28198269079465	0.0
105.0	30.220799195284236	18.93722845487673	18.56346824000276	32.27850410983627	0.0
106.0	29.687406556867245	18.771022628355148	19.66997048359853	31.871600331179074	0.0
107.0	28.0658432106467	17.987240590559367	19.2504054897068	34.69651070908713	0.0
108.0	29.22541522981325	18.24229096906392	20.484948439868724	32.0473453612541	0.0
109.0	29.032564790444255	18.84815653466083	18.71850725165206	33.40077142324285	0.0
110.0	28.141531352742703	19.221087686363305	20.45288910111545	32.18449185977854	0.0
111.0	27.78031203364718	17.540772978904915	20.14078562973172	34.53812935771619	0.0
112.0	29.62409533233046	18.654086456598744	19.466477353476684	32.25534085759411	0.0
113.0	30.164062119663114	19.032851034684207	19.298358707312037	31.504728138340642	0.0
114.0	29.00106840660791	18.038651635213633	19.13258297134067	33.82769698683778	0.0
115.0	29.530489135853706	18.03100654031578	20.350534786018223	32.08796953781229	0.0
116.0	28.630035903317136	18.653259522510513	19.155656282338207	33.56104829183415	0.0
117.0	28.86194140838367	18.45569664750388	19.735292606553564	32.94706933755888	0.0
118.0	29.155252734095384	18.666444087927182	19.915977654539287	32.26232552343815	0.0
119.0	28.80415112093766	18.13422079814167	20.06748251285692	32.99414556806375	0.0
120.0	29.97658668704341	17.84072012933068	20.165599561646218	32.01709362197969	0.0
121.0	31.054845940550358	17.3285464119545	19.99244636339054	31.624161284104602	0.0
122.0	30.36911102678413	18.184529578295326	19.151772186110254	32.294587208810285	0.0
123.0	30.343284245509782	17.731964755239016	19.41419432486862	32.510556674382585	0.0
124.0	29.376165787486446	17.858390997413853	20.287957218254604	32.4774859968451	0.0
125.0	29.853630768575794	18.872367760590585	18.490308085396244	32.783693385437374	0.0
126.0	31.681309361404185	17.736383326079363	18.45007061867464	32.13223669384181	0.0
127.0	29.754159523215122	19.527173620698928	20.25921936269608	30.459447493389863	0.0
128.0	30.282009663985914	18.492921335928735	19.54315325984152	31.681915740243838	0.0
129.0	28.126456918844816	20.116061662174246	19.36973820662079	32.38774321236014	0.0
130.0	29.05989997864869	19.341407485457673	19.10657776651385	32.49211476937979	0.0
131.0	29.161541355044818	18.32442587520604	19.619884272058442	32.89414849769069	0.0
132.0	30.090218478203624	18.64429184232013	20.31002203929964	30.95546764017661	0.0
133.0	29.36959950546129	19.823960442497462	19.495328560204946	31.311111491836304	0.0
134.0	28.10427181566363	18.73205646023519	21.34481112266353	31.818860601437652	0.0
135.0	30.056591997840904	18.28809909362841	19.17886782268403	32.47644108584666	0.0
136.0	29.331830759381827	19.401792154518215	20.31853862338125	30.947838462718707	0.0
137.0	29.688406391750828	19.152331823210986	20.10138146482811	31.057880320210078	0.0
138.0	29.21261649996825	18.096845804049792	19.931929852197733	32.758607843784226	0.0
139.0	28.509306820730234	19.262466939339248	21.526824076348323	30.70140216358219	0.0
140.0	28.713746267019303	19.58034811016568	21.485959489945387	30.219946132869634	0.0
141.0	28.881809703565487	18.640328082964103	19.568814054062578	32.90904815940783	0.0
142.0	29.156419792502597	19.075149496500963	21.718447537442437	30.049983173554008	0.0
143.0	30.365830173614444	17.85330730066363	21.876638612065378	29.904223913656548	0.0
144.0	32.4242043927791	17.911862941113313	19.56637338912571	30.097559276981873	0.0
145.0	27.413813143810827	19.225961288926545	19.94796513561742	33.41226043164521	0.0
146.0	28.181867416679964	19.34141975188108	19.437210027178647	33.03950280426031	0.0
147.0	27.537753158513105	19.366937440595578	19.964084244851367	33.13122515603995	0.0
148.0	29.431510244981013	17.530246676071993	19.650607858623086	33.38763522032391	0.0
149.0	30.821407803615003	18.32870498742362	18.885244458976647	31.964642749984733	0.0
150.0	24.148258942266647	23.049598192474814	22.525406149416238	30.2767367158423	0.0
