# Position (bp)	A	C	G	T	N
0.0	22.878253523393184	27.378541831493976	34.71765920641519	15.025545438697652	0.0
1.0	23.477666179448324	21.96371340833814	14.474407627425476	40.08421278478806	0.0
2.0	26.561138736613543	21.92362851666689	17.29684086370277	34.2183918830168	0.0
3.0	19.13003871555454	25.16778973033076	13.559821560143073	42.14234999397163	0.0
4.0	36.000696416135426	11.079712862270316	12.334601167836288	40.584989553757964	0.0
5.0	39.21901982570514	12.973052569577382	23.83234494852813	23.975582656189342	0.0
6.0	33.424356812036514	17.005327550665275	22.282012154311566	27.28830348298664	0.0
7.0	37.88381742738589	16.995047517065988	20.310534065051534	24.810600990496585	0.0
8.0	19.75720098511618	32.46867973016383	22.470285897847734	25.303833386872256	0.0
9.0	29.17123966057232	18.31785207591616	13.73236608935407	38.77854217415745	0.0
10.0	25.363366257126795	15.673599400412217	28.67046762493643	30.29256671752456	0.0
11.0	27.041676704408573	18.081319093123476	19.139966273187184	35.73703792928076	0.0
12.0	24.728995476566475	20.046304970423705	22.759026792644736	32.46567276036509	0.0
13.0	25.183678385503793	23.997965820430124	16.99342906467888	33.82492672938721	0.0
14.0	31.832719973235196	18.656406825025094	19.594513215122113	29.916359986617596	0.0
15.0	30.157732082892956	18.234845545640628	19.895112847338357	31.712309524128056	0.0
16.0	31.497980041201807	16.832544077908874	18.3682478529577	33.301228027931614	0.0
17.0	30.81018177926994	17.95989887775712	19.15704712350022	32.07287221947272	0.0
18.0	31.912958579090265	17.34676135831695	18.88349449638219	31.856785566210593	0.0
19.0	31.58098855247673	18.572804108270034	18.85899219000749	30.987215149245745	0.0
20.0	31.400759480130503	17.59105738888592	18.079103599507942	32.92907953147564	0.0
21.0	31.086628070222353	16.56081614097953	19.4675829979543	32.88497279084382	0.0
22.0	29.729115413413197	18.770724141619425	19.810942346775057	31.689218098192317	0.0
23.0	29.287824703538817	18.047032714341103	20.357224027059186	32.307918555060894	0.0
24.0	31.074866310160427	18.4024064171123	18.43048128342246	32.092245989304814	0.0
25.0	29.54293277007607	18.11023622047244	19.579428632541475	32.76740237691001	0.0
26.0	32.45150854866523	17.62535591589022	19.20542195249108	30.717713582953465	0.0
27.0	29.806175644967247	18.0550728512231	19.957224969923807	32.181526533885844	0.0
28.0	30.275891568197615	18.093354007378494	19.506228947227715	32.12452547719617	0.0
29.0	29.498095301744303	18.33188531711555	19.068368642651876	33.10165073848827	0.0
30.0	30.026598233021907	17.73661066335191	19.241616210219604	32.995174893406585	0.0
31.0	30.424380137672923	18.263717169016907	20.27267259239457	31.039230100915592	0.0
32.0	29.643243821261013	18.344405384091	19.162445029607152	32.84990576504084	0.0
33.0	29.77636978519202	17.88640707917285	20.281776744061702	32.05544639157343	0.0
34.0	29.905630112816127	18.005132866385072	19.943324600331497	32.145912420467305	0.0
35.0	30.172160290854656	17.774748041810355	18.38425963055043	33.66883203678456	0.0
36.0	30.291931775650966	17.006629952414052	19.213495161204087	33.4879431107309	0.0
37.0	28.38562205082276	19.619297143391837	18.564611209881164	33.43046959590424	0.0
38.0	30.169360120837847	17.905120904679794	19.318014730454077	32.607504244028284	0.0
39.0	29.268031866545474	18.56119339143453	20.419184088114207	31.751590653905794	0.0
40.0	30.223760893974227	18.454258675078865	19.59445008822114	31.727530342725768	0.0
41.0	29.614233010746936	18.281826444955353	20.357696626209698	31.74624391808801	0.0
42.0	29.46130196497794	18.823686672904692	19.981285924341666	31.7337254377757	0.0
43.0	30.098255464206936	18.74874674152797	20.005347236147315	31.147650558117775	0.0
44.0	29.899870326056444	18.55674237664265	19.628891889362727	31.914495407938187	0.0
45.0	30.468958879204322	18.392064595476178	19.728891503128175	31.410085022191325	0.0
46.0	30.730566138627097	17.649889713254463	19.52008555577836	32.099458592340085	0.0
47.0	29.12316350948491	18.730532197906502	19.364196623130088	32.78210766947849	0.0
48.0	30.501744675730958	17.748900386368803	19.289027928180857	32.46032700971938	0.0
49.0	28.537625496303626	19.755892143363234	19.35884924401428	32.34763311631886	0.0
50.0	29.998796839698944	18.693100544095824	18.364236728473458	32.943865887731775	0.0
51.0	29.754010695187166	18.58957219251337	19.439839572192515	32.21657754010695	0.0
52.0	29.604278074866308	17.636363636363637	19.544117647058822	33.21524064171123	0.0
53.0	31.620320855614974	17.67914438502674	18.52807486631016	32.17245989304813	0.0
54.0	30.533310159498377	17.98200462585398	20.04893244381459	31.43575277083305	0.0
55.0	29.17630386245438	18.211960372742222	18.847012580718477	33.76472318408492	0.0
56.0	30.042648769335667	18.08361297913018	19.181250584916505	32.692487666617644	0.0
57.0	28.347193625157097	17.502740861566433	20.01363745755007	34.1364280557264	0.0
58.0	29.578425211589632	18.412643232474498	19.41811180489631	32.59081975103956	0.0
59.0	30.155100949324776	17.624013905602354	19.573472389356866	32.647412755716005	0.0
60.0	29.863878265985612	17.956569411387157	19.717594202123394	32.46195812050384	0.0
61.0	29.787660792126868	17.741288476452812	20.156178963977215	32.3148717674431	0.0
62.0	29.44188907311333	18.285018987003262	19.247740279189173	33.02535166069423	0.0
63.0	28.785751534357573	17.3385748860096	20.63460227044807	33.24107130918475	0.0
64.0	29.41058486882572	18.559623458936166	19.82456609525847	32.20522557697964	0.0
65.0	29.781771501925547	17.899550706033377	19.54696191698759	32.77171587505349	0.0
66.0	30.280541292255027	18.126872058194266	20.409445870774498	31.18314077877621	0.0
67.0	29.157306375695335	18.215126230209673	20.083172871202397	32.544394522892595	0.0
68.0	30.54786643666172	17.37607146200238	19.042270095345074	33.033792005990826	0.0
69.0	29.674649977935573	17.848116500180527	19.693505034701328	32.78372848718257	0.0
70.0	28.857983418026212	17.161005616474995	20.62984755282161	33.35116341267719	0.0
71.0	29.54572807873868	18.519905321012583	19.054814854437744	32.87955174581099	0.0
72.0	30.614510197258443	17.722500835840858	20.141758609160814	31.52123035773989	0.0
73.0	30.341691741892348	17.816115011701772	19.10397860247409	32.7382146439318	0.0
74.0	30.12811939979137	18.902292240618397	19.513467247973896	31.456121111616337	0.0
75.0	30.290345445548528	17.90084656226178	18.774156446845787	33.034651545343905	0.0
76.0	29.514116435516442	18.275802115793557	19.459416083775796	32.750665364914205	0.0
77.0	29.37274307877491	17.864116624314565	20.34773304801391	32.415407248896614	0.0
78.0	29.55022669216675	17.894638295595886	18.85891588985034	33.69621912238702	0.0
79.0	30.26347465561054	18.551558111542064	18.554232981142167	32.63073425170523	0.0
80.0	30.22950995078108	18.570778942863257	19.203402525144448	31.996308581211213	0.0
81.0	30.41675583137171	18.645677295099507	19.31173764177188	31.625829231756903	0.0
82.0	31.05874170768243	17.938155360582066	18.798148940723305	32.2049539910122	0.0
83.0	30.46356730151937	18.602878236678794	19.028193879734644	31.905360582067193	0.0
84.0	30.23299360671963	17.935960195810928	18.67426370275259	33.15678249471685	0.0
85.0	30.32568715307965	17.545643014779642	19.062395505918545	33.066274326222164	0.0
86.0	30.8901223834682	17.65130742994717	19.110546378653112	32.34802380793152	0.0
87.0	29.68996602733863	17.723296685659257	20.48658481127785	32.10015247572426	0.0
88.0	30.34668164673782	18.022898108766018	18.446887622716208	33.18353262177995	0.0
89.0	30.271253544486655	19.497351666577497	19.264619335509067	30.96677545342678	0.0
90.0	30.63146208686115	18.985326966547625	19.342455492690235	31.040755453900992	0.0
91.0	30.11998234373537	19.18379903960621	19.476732520966813	31.219486095691607	0.0
92.0	28.96908733396648	18.392434355729744	19.447825679851256	33.19065263045252	0.0
93.0	29.881352078010675	17.984456720929924	19.239155151888067	32.89503604917134	0.0
94.0	30.105139249311108	18.483640546831108	18.81805291741352	32.593167286444256	0.0
95.0	31.03254544724909	18.314004039755474	19.168773492783284	31.484677020212153	0.0
96.0	30.34300085616438	18.772741866438356	18.699165239726025	32.18509203767123	0.0
97.0	29.94970034246575	18.582780393835616	19.1673801369863	32.30013912671233	0.0
98.0	29.10005485023211	18.184858660316525	19.879864613573424	32.83522187587794	0.0
99.0	29.613624809354345	18.799668209670084	19.734835308912853	31.85187167206272	0.0
100.0	30.415843181543178	18.57244652388443	19.623818550935077	31.38789174363732	0.0
101.0	30.802720352618273	18.716620921837183	18.99108989873041	31.48956882681413	0.0
102.0	29.19583984773299	18.34273672761879	19.887159268574536	32.57426415607368	0.0
103.0	29.122336788556737	17.458906544867762	19.61545825014359	33.80329841643191	0.0
104.0	30.889497515792954	17.557356968854513	19.107061754221778	32.446083761130765	0.0
105.0	30.214711178833632	17.29740961351988	19.90026319434825	32.587616013298245	0.0
106.0	28.707573984283563	18.973973137156552	20.02591539876275	32.29253747979713	0.0
107.0	31.1461852230835	17.403736981539367	18.84190016960794	32.608177625769194	0.0
108.0	28.993065343631958	18.452951457405423	21.021029486384393	31.532953712578227	0.0
109.0	29.036783042394017	18.011788710043074	20.33552482430288	32.615903423260036	0.0
110.0	29.471735725473447	17.820019934500923	21.458066353410224	31.25017798661541	0.0
111.0	29.662750933623315	18.254660962383205	20.53685129276424	31.545736811229236	0.0
112.0	28.894226620257168	18.873514944049706	19.529384690619338	32.70287374507379	0.0
113.0	30.245842371655822	18.225596529284164	19.149674620390456	32.378886478669564	0.0
114.0	31.20406351424122	17.792428939440246	18.56961970047592	32.43388784584261	0.0
115.0	28.995912147807356	17.88252186781146	20.80702114254736	32.31454484183382	0.0
116.0	30.810962216030546	17.861512832986897	18.29787861365412	33.02964633732844	0.0
117.0	30.980019594454177	17.479143781729654	20.23424279310038	31.30659383071579	0.0
118.0	30.728443189795524	17.87874714343326	19.25438006900569	32.13842959776553	0.0
119.0	31.197415865384613	18.324819711538463	18.838641826923077	31.639122596153847	0.0
120.0	30.634877466533705	18.117124467410026	19.217054966307074	32.030943099749194	0.0
121.0	30.12399708242159	17.794189156333577	19.559931923170435	32.52188183807439	0.0
122.0	29.639537727773025	18.22795646325058	19.554848966613672	32.57765684236272	0.0
123.0	28.96717299967681	19.160626067685488	19.30990966034135	32.56229127229635	0.0
124.0	28.922237380627557	19.06703460250527	19.468560089296787	32.54216792757038	0.0
125.0	29.629976873554597	18.26051628226764	19.376211013188325	32.73329583098944	0.0
126.0	30.41457959235107	18.029171785905554	19.352298144472798	32.20395047727058	0.0
127.0	30.380329534270928	18.238674243626782	19.129178704085845	32.251817518016445	0.0
128.0	30.055789120322267	17.55199258276452	19.967389740556612	32.42482855635661	0.0
129.0	30.493403566423428	17.163614104608644	20.390148037178434	31.952834291789493	0.0
130.0	30.19336209973072	18.632190247542418	18.903091846997373	32.27135580572949	0.0
131.0	29.30831589958159	18.526085251046027	19.72574529288703	32.43985355648535	0.0
132.0	30.96547862178009	17.723499571776795	19.543448184992425	31.76757362145069	0.0
133.0	30.51792828685259	17.98472775564409	19.56507304116866	31.93227091633466	0.0
134.0	31.050931427519373	17.413426615562287	19.94911878420674	31.5865231727116	0.0
135.0	31.36649629742085	16.834505676163484	19.88259703456303	31.91640099185264	0.0
136.0	29.539840196262162	19.36044431572312	19.529107109392303	31.570608378622417	0.0
137.0	30.8662669132005	17.84375054001279	20.287200400905494	31.002782145881213	0.0
138.0	30.259210159084564	18.598241696902036	19.336101032654202	31.806447111359198	0.0
139.0	28.87294067736689	19.410662518560418	19.553842890475853	32.16255391359683	0.0
140.0	30.395947445673578	18.086134679411447	18.58733397773243	32.930583897182544	0.0
141.0	29.33427174128814	18.100445743778536	19.70115315900601	32.864129355927304	0.0
142.0	30.805204258029296	16.784641979801656	19.9108361386589	32.499317623510144	0.0
143.0	30.516268503590794	18.131686941228196	20.70020518833358	30.651839366847426	0.0
144.0	30.595429437085482	17.098043562600456	20.89822461157605	31.40830238873801	0.0
145.0	30.93860794924426	19.070722149654788	19.1509610001866	30.83970890091435	0.0
146.0	29.947209653092006	18.033559577677224	19.93212669683258	32.08710407239819	0.0
147.0	30.712680455566982	17.70464327886337	19.418733097169845	32.1639431683998	0.0
148.0	30.766120492134704	17.981400542965517	19.296455320869516	31.956023644030267	0.0
149.0	30.58862433862434	18.691643323996267	20.27116402116402	30.448568316215376	0.0
150.0	30.932253371603824	18.273502929265128	19.1660441159124	31.628199583218652	0.0
151.0	30.02700127064803	17.6183290978399	20.14771283354511	32.20695679796696	0.0
152.0	29.89701049931875	18.46798108519676	18.924821671876252	32.71018674360824	0.0
153.0	30.443576933190396	18.15570703290924	20.259309452052022	31.14140658184834	0.0
154.0	30.211585154353106	17.708269572136867	19.54459203036053	32.535553243149494	0.0
155.0	30.50574996908619	17.604385639503732	19.749804212522154	32.14006017888792	0.0
156.0	30.494133338890855	17.67292582789738	19.31309005272701	32.51985078048475	0.0
157.0	30.752515769709497	17.61988143710048	19.71688361005042	31.910719183139598	0.0
158.0	29.11751530536061	18.871989590221634	20.580643785063675	31.42985131935408	0.0
159.0	30.578762169980354	17.567946808280986	19.41152343328368	32.44176758845498	0.0
160.0	30.208742739857637	18.433119350189962	19.631861653347308	31.72627625660509	0.0
161.0	29.109785730064058	17.75789706207201	20.273912083057212	32.858405124806715	0.0
162.0	30.28057409432825	18.30985915492958	18.727260552219814	32.682306198522355	0.0
163.0	30.302005097322777	18.057153167783117	19.284119358549294	32.35672237634481	0.0
164.0	31.327720355032284	17.372852351290298	19.78004426495083	31.519383028726583	0.0
165.0	29.51307921409277	18.073095837277492	20.561955994735992	31.851868953893753	0.0
166.0	30.138363015939795	17.709063712429298	19.518066657317814	32.63450661431309	0.0
167.0	29.49798721288184	18.88231115320862	19.069381955955482	32.55031967795406	0.0
168.0	29.85590778097983	17.689721421709894	19.411623439000962	33.04274735830931	0.0
169.0	30.72450369793694	17.69900739587388	19.657454262358893	31.919034643830287	0.0
170.0	31.401550693861424	17.652723591288456	20.08494246629463	30.860783248555485	0.0
171.0	29.96198479391757	18.30482192877151	20.450680272108844	31.282513005202077	0.0
172.0	29.397035763063386	19.027264909707117	19.745561232232284	31.830138094997217	0.0
173.0	29.98720245712823	19.24494497056565	19.01202969029946	31.755822882006658	0.0
174.0	30.344327279322226	18.63616343239112	20.188097520532683	30.83141176775397	0.0
175.0	29.388461841173232	19.264370228506966	19.382427788126034	31.96474014219377	0.0
176.0	30.619195870253584	17.59931880471515	20.622122881243182	31.159362443788087	0.0
177.0	29.758373334771587	18.61010732970174	19.297772504179925	32.333746831346744	0.0
178.0	28.814022806201972	18.089091853755914	20.749815417430064	32.34706992261205	0.0
179.0	30.266774005496487	18.624212308802708	19.495877633734004	31.6131360519668	0.0
180.0	29.196114317893844	18.45417429255244	20.560326622553852	31.789384766999863	0.0
181.0	30.763061411549035	17.968033913840515	19.405934922089827	31.862969752520627	0.0
182.0	29.4978896812691	18.201135205938	20.32309707466162	31.977878038131273	0.0
183.0	30.070591015151965	18.02286085595298	20.181941695956525	31.724606432938536	0.0
184.0	30.052776778217584	17.55127743792731	19.605373635600337	32.79057214825477	0.0
185.0	29.16033319146349	19.498996777527815	20.842706876634036	30.49796315437466	0.0
186.0	30.125432525951556	19.380252100840337	19.182525951557096	31.311789421651014	0.0
187.0	28.965538886447806	18.338459607055427	20.230996170987385	32.46500533550938	0.0
188.0	29.550102249488752	18.564672801635993	19.561605316973417	32.32361963190184	0.0
189.0	30.823498813355442	17.936213791085535	20.741896680646317	30.49839071491271	0.0
190.0	29.995048687902294	18.570721241128897	19.973593002145567	31.46063706882324	0.0
191.0	31.147871019696005	17.36737912290709	18.964533771767943	32.52021608562896	0.0
192.0	28.61588973631109	18.89257498546462	20.164848319025957	32.326686959198334	0.0
193.0	30.664696128613656	17.432052483598877	19.78948886165381	32.11376252613366	0.0
194.0	31.134284668862055	18.265642151481888	19.681668496158068	30.918404683497986	0.0
195.0	31.092124814264487	17.689450222882616	20.0	31.218424962852897	0.0
196.0	30.718361485848167	18.1196387408835	18.837622340626538	32.3243774326418	0.0
197.0	29.598585050753613	18.540449092586897	19.955398338972625	31.905567517686865	0.0
198.0	30.208087018207614	18.932765823283678	19.602742965240008	31.2564041932687	0.0
199.0	29.091060776707128	18.324782046468943	20.756684603512284	31.827472573311645	0.0
200.0	29.233253995239718	18.416354981298877	20.154709282556954	32.195681740904455	0.0
201.0	30.76123218231446	17.074650145141025	20.081452276764438	32.08266539578008	0.0
202.0	29.738721554362773	18.79075544514927	20.622809741383136	30.847713259104818	0.0
203.0	30.168885543585645	18.290445500305783	19.697040974737735	31.843627981370844	0.0
204.0	30.202595909765794	19.119689640308444	19.234637674218114	31.443076775707652	0.0
205.0	29.889820592823714	18.16985179407176	19.632410296411855	32.30791731669267	0.0
206.0	30.158098836631204	18.141592920353983	20.21974743959431	31.480560803420506	0.0
207.0	29.50220733749429	18.333587050286702	20.65763434312681	31.5065712690922	0.0
208.0	29.937920331091565	18.99120538023797	20.506983962752198	30.563890325918265	0.0
209.0	28.701065738102777	18.634589004959377	19.89026063100137	32.77408462593648	0.0
210.0	29.814834750780495	18.069759931101302	20.841855958660783	31.273549359457427	0.0
211.0	28.738240177089097	20.10514665190924	20.97952407304925	30.177089097952408	0.0
212.0	28.894916853402524	19.035263592404764	19.990564925109094	32.07925462908362	0.0
213.0	30.348019474664905	18.8615736010098	18.440824667908878	32.34958225641642	0.0
214.0	29.41793716437257	17.826060119745694	19.085241651749893	33.670761064131845	0.0
215.0	32.09803144404809	17.89536266349584	20.432025366627034	29.57458052582904	0.0
216.0	30.344145290085507	17.256730973076106	20.500317998728004	31.89880573811038	0.0
217.0	29.233765261029138	18.2158639802262	20.118343195266274	32.43202756347839	0.0
218.0	28.483526754420126	19.915881299166603	19.736739621465844	31.863852324947427	0.0
219.0	28.746345029239766	20.34904970760234	19.956140350877195	30.948464912280706	0.0
220.0	30.942925224100758	17.894020197435605	20.685351185748328	30.477703392715306	0.0
221.0	30.554879532733025	18.240447797517646	21.367729374543686	29.836943295205646	0.0
222.0	28.0251572327044	19.68553459119497	20.21383647798742	32.075471698113205	0.0
223.0	26.563607998865407	21.37285491419657	21.88342079137711	30.180116295560914	0.0
224.0	27.37621973256234	19.949403686302855	20.816769063968195	31.85760751716661	0.0
225.0	28.80059690356277	18.336131318783806	20.29472113411677	32.56855064353665	0.0
226.0	27.763987015466867	19.05671185793393	20.46973458086691	32.70956654573229	0.0
227.0	30.21301543873363	17.197576705100644	18.858706273206955	33.730701582958766	0.0
228.0	28.357314148681056	18.165467625899282	21.542765787370104	31.93445243804956	0.0
229.0	25.61129848229342	19.983136593591905	19.51939291736931	34.88617200674536	0.0
230.0	31.710158434296364	17.24137931034483	18.895619757688724	32.152842497670086	0.0
231.0	26.333907056798623	18.219818047701008	22.30145070076223	33.144824194738135	0.0
232.0	32.57756563245823	15.900954653937948	19.689737470167064	31.831742243436757	0.0
233.0	29.309801449732113	18.909549322407816	21.966593129530413	29.814056098329655	0.0
234.0	25.278662420382165	20.939490445859875	22.49203821656051	31.289808917197455	0.0
235.0	31.46067415730337	18.22721598002497	21.785268414481898	28.52684144818976	0.0
236.0	22.334293948126803	28.31412103746398	20.821325648414984	28.530259365994237	0.0
237.0	25.85949177877429	18.98355754857997	25.85949177877429	29.297458893871447	0.0
238.0	26.251896813353564	20.333839150227618	18.664643399089528	34.749620637329286	0.0
239.0	25.588697017268448	18.524332810047095	21.036106750392463	34.850863422291994	0.0
240.0	31.781701444622794	16.853932584269664	15.569823434991974	35.79454253611557	0.0
241.0	30.27823240589198	16.366612111292962	20.78559738134206	32.56955810147299	0.0
242.0	30.70469798657718	14.597315436241612	23.154362416107382	31.543624161073826	0.0
243.0	29.037800687285227	17.353951890034363	17.697594501718214	35.9106529209622	0.0
244.0	29.82142857142857	19.642857142857142	19.464285714285715	31.071428571428573	0.0
245.0	24.688796680497926	21.57676348547718	19.294605809128633	34.439834024896264	0.0
246.0	35.38461538461539	12.692307692307692	17.692307692307693	34.23076923076923	0.0
247.0	36.86274509803922	12.941176470588237	26.666666666666668	23.52941176470588	0.0
248.0	34.15637860082305	16.872427983539097	19.753086419753085	29.218106995884774	0.0
249.0	32.093023255813954	17.674418604651162	21.3953488372093	28.837209302325583	0.0
250.0	22.88135593220339	13.559322033898304	33.89830508474576	29.66101694915254	0.0
