# Position (bp)	A	C	G	T	N
0.0	23.117206982543642	29.002493765586035	25.561097256857856	22.31920199501247	0.0
1.0	28.52173913043478	13.714285714285715	19.77639751552795	37.98757763975155	0.0
2.0	28.949975235264986	19.737493808816247	17.65725606736008	33.655274888558694	0.0
3.0	33.234714003944774	17.702169625246547	19.20611439842209	29.857001972386588	0.0
4.0	35.111876075731494	17.187115810179492	20.26063437423162	27.44037373985739	0.0
5.0	35.57951482479784	17.226170056358736	17.91227640284244	29.28203871600098	0.0
6.0	26.441837732160312	17.81524926686217	17.64418377321603	38.09872922776149	0.0
7.0	27.1484375	20.849609375	19.0185546875	32.9833984375	0.0
8.0	27.605565047595803	19.57529899926776	19.013912618989504	33.80522333414694	0.0
9.0	34.203464259575505	16.686996828494756	20.785557453037327	28.323981458892412	0.0
10.0	30.42205415955111	20.785557453037327	20.95633081239327	27.836057575018298	0.0
11.0	26.982190778238596	20.98072700658697	21.68821663820444	30.34886557696999	0.0
12.0	28.18824676908071	18.62960253596684	21.238722262862716	31.943428432089732	0.0
13.0	29.76596782057533	18.600682593856654	20.819112627986346	30.81423695758167	0.0
14.0	30.116959064327485	18.153021442495128	20.46783625730994	31.262183235867447	0.0
15.0	30.50682261208577	18.957115009746587	20.224171539961013	30.31189083820663	0.0
16.0	29.963459196102317	19.02557856272838	20.92570036540804	30.085261875761265	0.0
17.0	29.990262901655306	20.155793573515094	19.498539435248297	30.355404089581306	0.0
18.0	30.428432327166504	18.719571567672833	19.498539435248297	31.353456669912365	0.0
19.0	30.177658797761016	18.71501581893405	19.931856899488924	31.175468483816015	0.0
20.0	30.21897810218978	19.148418491484183	19.05109489051095	31.581508515815088	0.0
21.0	29.91972756020433	19.508635368523475	20.141084894186328	30.43055217708587	0.0
22.0	30.892726830454876	19.046460715154463	19.873510094867427	30.187302359523233	0.0
23.0	29.28015564202335	18.43385214007782	19.965953307392997	32.320038910505836	0.0
24.0	29.581915410792416	17.719980554205154	20.24793388429752	32.45017015070491	0.0
25.0	29.793438639125153	18.54191980558931	20.31591737545565	31.34872417982989	0.0
26.0	29.914945321992708	18.979343863912515	19.586877278250302	31.518833535844472	0.0
27.0	29.6719319562576	18.3232077764277	19.68408262454435	32.32077764277035	0.0
28.0	30.279465370595382	19.19805589307412	19.562575941676794	30.959902794653704	0.0
29.0	29.720534629404614	18.712029161603887	19.70838396111786	31.85905224787363	0.0
30.0	30.23086269744836	19.05224787363305	19.586877278250302	31.130012150668286	0.0
31.0	29.064398541919807	19.125151883353585	20.121506682867558	31.68894289185905	0.0
32.0	29.76913730255164	19.902794653705953	18.833535844471445	31.494532199270957	0.0
33.0	28.918590522478738	18.639125151883356	20.558930741190764	31.883353584447143	0.0
34.0	30.060753341433777	19.611178614823814	18.371810449574728	31.95625759416768	0.0
35.0	31.300121506682864	18.663426488456867	18.760631834750914	31.27582017010936	0.0
36.0	30.18226002430134	19.100850546780073	20.340218712029163	30.376670716889432	0.0
37.0	29.477521263669505	18.88213851761847	19.732685297691376	31.907654921020658	0.0
38.0	28.94289185905225	19.270959902794655	18.493317132442286	33.29283110571081	0.0
39.0	30.060753341433777	19.125151883353585	19.295261239368166	31.518833535844472	0.0
40.0	29.93924665856622	18.201701093560146	19.951397326852977	31.907654921020658	0.0
41.0	29.914945321992708	18.469015795868774	19.538274605103283	32.077764277035236	0.0
42.0	30.71688942891859	18.88213851761847	20.291616038882136	30.1093560145808	0.0
43.0	30.473876063183475	18.955042527339003	19.34386391251519	31.227217496962332	0.0
44.0	31.105710814094774	17.910085054678007	19.027946537059538	31.95625759416768	0.0
45.0	29.380315917375455	18.784933171324422	20.267314702308628	31.567436208991495	0.0
46.0	30.571081409477518	18.712029161603887	19.562575941676794	31.154313487241797	0.0
47.0	30.20656136087485	18.93074119076549	18.469015795868774	32.39368165249088	0.0
48.0	29.574726609963548	18.12879708383961	19.805589307411907	32.49088699878494	0.0
49.0	30.35236938031592	18.493317132442286	20.267314702308628	30.886998784933173	0.0
50.0	30.62119366626066	19.244823386114497	19.19610231425091	30.937880633373933	0.0
51.0	29.616979751158816	19.638936325933155	20.517199316906563	30.226884606001462	0.0
52.0	30.744810744810746	18.534798534798536	19.706959706959708	31.013431013431013	0.0
53.0	29.860601614086573	18.464172169234534	20.347273171924677	31.32795304475422	0.0
54.0	29.4045577064445	18.059299191374663	20.877235971575594	31.658907130605247	0.0
55.0	29.599606976172932	18.17735200196512	21.296978629329402	30.92606239253255	0.0
56.0	29.281496062992122	18.405511811023622	19.955708661417322	32.357283464566926	0.0
57.0	28.863692383534634	18.930244022676852	19.32462410648262	32.88143948730589	0.0
58.0	29.32312252964427	18.3300395256917	20.380434782608695	31.966403162055336	0.0
59.0	29.33168316831683	17.673267326732674	19.455445544554458	33.53960396039604	0.0
60.0	29.54601835772761	19.325229471595136	19.970230711982136	31.158521458695116	0.0
61.0	29.796222664015904	18.364811133200796	20.750497017892645	31.088469184890656	0.0
62.0	29.432270916334662	18.774900398406373	19.24800796812749	32.54482071713147	0.0
63.0	29.49389179755672	17.95063575168287	20.842682622787333	31.712789827973076	0.0
64.0	30.040020010005	19.05952976488244	20.51025512756378	30.390195097548773	0.0
65.0	29.88217598395588	18.601153171220858	19.77939333166207	31.737277513161192	0.0
66.0	28.96257221803567	18.462697814619442	20.949510173323286	31.625219794021604	0.0
67.0	29.90183740246665	20.135917442738485	19.557009816259754	30.405235338535114	0.0
68.0	29.022480424349585	19.323061379136146	19.701944935589797	31.952513260924476	0.0
69.0	29.683944374209858	18.331226295828067	20.505689001264223	31.479140328697852	0.0
70.0	30.16194331983806	19.129554655870447	19.964574898785425	30.743927125506072	0.0
71.0	29.256533874651105	19.868053793453438	19.335194113169248	31.540218218726213	0.0
72.0	30.927573062261754	17.86531130876747	20.838627700127066	30.368487928843713	0.0
73.0	29.004329004329005	18.58925388337153	20.982938629997452	31.423478482302013	0.0
74.0	29.39826619071902	19.734829168791432	19.47985721570627	31.387047424783276	0.0
75.0	28.250319284802046	18.595146871008943	20.689655172413794	32.464878671775224	0.0
76.0	29.50525506280441	18.5849782107152	20.558831068956678	31.35093565752371	0.0
77.0	29.429892141756547	20.210580380071903	18.77247046738572	31.587057010785824	0.0
78.0	29.917610710607622	18.58908341915551	20.08238928939238	31.41091658084449	0.0
79.0	30.2787816210635	19.901910170366545	19.230769230769234	30.588538977800724	0.0
80.0	29.96119016817594	18.31824062095731	19.87063389391979	31.849935316946958	0.0
81.0	31.950207468879665	17.193983402489625	19.891078838174273	30.964730290456433	0.0
82.0	28.760717069368667	19.615484541439336	20.031176929072487	31.592621460119513	0.0
83.0	29.427083333333332	18.645833333333332	19.53125	32.395833333333336	0.0
84.0	30.179827990617667	18.1391712275215	20.562939796716183	31.118060985144645	0.0
85.0	31.297311406943358	17.984860349778124	20.073087966588357	30.644740276690158	0.0
86.0	29.491880565741223	19.303300157150343	18.98899947616553	32.2158198009429	0.0
87.0	30.220356768100736	18.59916054564533	18.49422875131165	32.686253934942286	0.0
88.0	30.757097791798106	19.295478443743427	20.268138801261827	29.679284963196633	0.0
89.0	29.94469317882539	18.01422175401633	19.778772715301553	32.26231235185673	0.0
90.0	30.255869163809024	18.702189395937747	19.96834608282775	31.073595357425482	0.0
91.0	29.88353626257279	18.925357331921653	20.301746956061407	30.889359449444147	0.0
92.0	29.915209326974036	18.75993640699523	18.441971383147855	32.88288288288289	0.0
93.0	30.49946865037195	17.85334750265675	20.85547290116897	30.791710945802336	0.0
94.0	30.282064928153275	19.292176689728578	19.638105375199576	30.787653006918575	0.0
95.0	31.13660618996798	18.169690501600854	18.516542155816435	32.17716115261473	0.0
96.0	29.823623730625332	19.668626402993052	19.82896846606093	30.67878140032068	0.0
97.0	29.59978511952726	18.694601128122482	20.11818426000537	31.58742949234488	0.0
98.0	30.20749124225276	19.105362436001077	19.347884667205605	31.339261654540557	0.0
99.0	29.731925264012997	19.523422691578663	19.68589222854048	31.05875981586786	0.0
100.0	29.907558455682437	18.624252311038607	20.935290918977707	30.53289831430125	0.0
101.0	30.032733224222586	19.694489907255868	19.394435351882162	30.87834151663939	0.0
102.0	29.98081666209921	18.607837763770895	19.34776651137298	32.06357906275692	0.0
103.0	30.6615426846006	19.214932747735382	19.709031018391435	30.414493549272574	0.0
104.0	30.758620689655174	18.951724137931034	19.779310344827586	30.510344827586206	0.0
105.0	30.40951853901494	19.037078029883787	19.701162147205313	30.85224128389596	0.0
106.0	29.891756869275603	18.59561476547322	19.206217041354424	32.306411323896754	0.0
107.0	29.610027855153202	18.41225626740947	19.47075208913649	32.50696378830084	0.0
108.0	30.058774139378674	17.912118667786174	20.65491183879093	31.37419535404422	0.0
109.0	30.239099859353026	18.81856540084388	19.69057665260197	31.251758087201125	0.0
110.0	31.17397454031117	19.377652050919377	19.094766619519092	30.353606789250353	0.0
111.0	30.98751418842225	18.927355278093074	20.06242905788876	30.022701475595916	0.0
112.0	30.988322415266307	18.427798348048988	18.911990885787525	31.67188835089718	0.0
113.0	30.817790530846484	19.713055954088954	19.3974175035868	30.07173601147776	0.0
114.0	31.316623451454912	17.574186113511956	20.10947853644483	30.999711898588306	0.0
115.0	30.631152287203246	19.71627099015634	19.947886508396063	29.704690214244355	0.0
116.0	30.715532286212916	18.033740546829552	18.470040721349623	32.78068644560791	0.0
117.0	30.227803738317753	18.720794392523366	19.509345794392523	31.542056074766357	0.0
118.0	32.02230701496918	19.9002054593484	18.990314059289698	29.08717346639272	0.0
119.0	30.678466076696164	18.643067846607668	19.262536873156343	31.41592920353982	0.0
120.0	30.83308627334717	18.559146160687813	19.122442929143197	31.485324636821822	0.0
121.0	29.431039618707178	19.928507596067917	19.034852546916888	31.605600238308014	0.0
122.0	29.557680812910935	17.66288105200239	19.784817692767483	32.99462044231919	0.0
123.0	30.017974835230675	18.573996405032954	21.030557219892152	30.37747153984422	0.0
124.0	30.021077988557664	18.60885275519422	20.716651610960554	30.65341764528756	0.0
125.0	31.22158229766596	18.15701727796302	18.06608063049409	32.55531979387693	0.0
126.0	27.901309777642403	19.128845568077978	19.890344197380443	33.07950045689918	0.0
127.0	29.38475665748393	19.00826446280992	19.4674012855831	32.13957759412305	0.0
128.0	30.37037037037037	18.796296296296298	19.598765432098766	31.234567901234566	0.0
129.0	31.616506360533663	18.678250077567483	19.671113869066087	30.034129692832767	0.0
130.0	30.081047381546135	19.10847880299252	19.42019950124688	31.390274314214462	0.0
131.0	30.201131363922062	19.044626021370206	19.610307982401007	31.143934632306724	0.0
132.0	30.015847860538823	18.003169572107765	20.950871632329633	31.03011093502377	0.0
133.0	30.543130990415335	17.763578274760384	20.766773162939298	30.926517571884983	0.0
134.0	30.80872913992298	19.672657252888317	18.324775353016687	31.193838254172015	0.0
135.0	29.776915615906884	17.620433236340123	20.109925638538638	32.49272550921435	0.0
136.0	29.75530179445351	19.510603588907014	20.456769983686787	30.27732463295269	0.0
137.0	31.70009865175929	18.05327195001644	18.776718184807628	31.46991121341664	0.0
138.0	31.72185430463576	17.715231788079468	19.5364238410596	31.026490066225165	0.0
139.0	31.74232309746328	18.724966622162885	19.99332443257677	29.53938584779706	0.0
140.0	26.120401337792643	20.668896321070235	20.100334448160535	33.11036789297659	0.0
141.0	28.465679676985197	18.10228802153432	17.16016150740242	36.27187079407806	0.0
142.0	33.739012846517916	18.154158215010142	19.134550371872887	28.97227856659905	0.0
143.0	34.69387755102041	17.857142857142858	19.115646258503403	28.333333333333332	0.0
144.0	39.48542024013722	16.39794168096055	15.74614065180103	28.3704974271012	0.0
145.0	30.466321243523314	19.412780656303973	16.16580310880829	33.95509499136442	0.0
146.0	29.143454038997213	19.91643454038997	17.7924791086351	33.147632311977716	0.0
147.0	29.72972972972973	18.146718146718147	20.884520884520885	31.239031239031238	0.0
148.0	29.893617021276597	17.872340425531917	24.148936170212764	28.085106382978726	0.0
149.0	37.66751177109743	19.485693589279247	18.181818181818183	24.664976457805142	0.0
150.0	18.527508090614887	27.831715210355988	30.17799352750809	23.462783171521036	0.0
