# Position (bp)	A	C	G	T	N
0.0	26.77303693079957	24.21441376837576	25.193976335604155	23.818572965220508	0.0
1.0	26.683741902342973	20.4581775634257	15.314203361776205	37.5431637224965	7.134499586199024E-4
2.0	27.420878769580508	20.407771818278693	17.914254253543138	34.25567435086847	0.0014208077291940468
3.0	24.181148196085918	21.79479018580209	15.021182994193245	39.00004950950229	0.0028291144164597874
4.0	33.776590133961534	14.85461130058718	14.12819521113885	37.238493723849366	0.0021096304630638866
5.0	35.39441292195906	14.676775682253348	22.334986218166772	27.5917210809446	0.002104096676228617
6.0	31.49909103621871	17.43532373094672	20.94322472381485	30.122360509019718	0.0
7.0	34.83457740049205	17.60163366578153	20.093252765174483	27.469142255769057	0.0013939127828771754
8.0	24.370338417009908	26.490315039519093	21.303434264722256	27.835912278748747	0.0
9.0	28.3116666550864	18.250731293816834	16.241323485474872	37.19349930170994	0.002779263911952919
10.0	26.83317834191569	16.94310658320263	24.783821671964134	31.43781142865074	0.0020819742667980623
11.0	27.608085150643134	18.907187185798982	20.32520888950525	33.15951877405263	0.0
12.0	26.23733558786434	20.49382544940472	20.883979432024503	32.384859530706436	0.0
13.0	26.793082440253663	21.614604968015286	18.307440945972143	33.28487164575891	0.0
14.0	30.418016670820524	19.04890476586082	20.009830799479385	30.523247763839272	0.0
15.0	29.286090111046498	18.540057046329373	19.393675057461714	32.780177785162415	0.0
16.0	29.747860762648497	17.84982415330509	18.84467336822575	33.557641715820665	0.0
17.0	29.668245133061948	18.48328764088505	20.44806291711667	31.400404308936338	0.0
18.0	31.821328681011323	18.14613275733156	18.243056132480405	31.789482429176708	0.0
19.0	30.378555010938495	18.765750048461687	19.566752513084655	31.288250117692666	6.923098224917615E-4
20.0	30.68663288194733	17.221206834482565	20.319985599955693	31.772174683614413	0.0
21.0	29.282628561934036	17.829054858630332	19.134058874027303	33.75425770540833	0.0
22.0	28.449087535653955	18.862673423610534	20.284677799008612	32.4035612417269	0.0
23.0	29.73678380548863	17.411592035667802	19.539060120184985	33.30910248954612	0.0034615491124588074
24.0	30.579324859461103	17.90936279803938	18.555980172246684	32.95463986043034	6.923098224917615E-4
25.0	29.081858713411425	18.12120960372186	19.2351361081111	33.561103264933124	6.923098224917615E-4
26.0	30.89778737780732	17.315360970341448	20.838525657002023	30.94763368502672	6.923098224917615E-4
27.0	28.657472792223977	18.327517930824403	20.076292542438594	32.93802442469054	6.923098224917615E-4
28.0	30.080169477444546	17.700285231646866	20.40929356705713	31.809559414028964	6.923098224917615E-4
29.0	29.589321813297886	18.301210157569717	18.97136606574174	33.13740965356817	6.923098224917615E-4
30.0	29.945998338410412	18.024785378011632	18.80780947106065	33.218637496538356	0.0027693159789531985
31.0	30.10856169599956	18.248473351150007	19.26831632441115	32.37187919741889	0.0027694310203968593
32.0	29.50250995326294	18.637355028561537	18.844382897697766	33.01575212047776	0.0
33.0	29.72259922998089	17.55809766501399	19.456831842229178	33.26247126277595	0.0
34.0	29.097985982214585	18.687841094827824	19.041056043438513	33.17311687951907	0.0
35.0	30.256267796374747	17.558163761372317	19.119383290506285	33.066185151746645	0.0
36.0	30.978181540151112	17.43878111337397	18.47931103990436	33.10303122979933	6.950767712293823E-4
37.0	28.70310467405444	19.33969154997183	19.41969099345396	32.536121487850515	0.0013912946692544747
38.0	31.021636038244328	18.17441139809057	18.96060667256255	31.843345891102555	0.0
39.0	30.163015045932994	18.643145625379287	19.127935770537317	32.065206018373196	6.975397772057951E-4
40.0	29.47580814662239	19.313548278616167	18.924012498773944	32.28242745246403	0.004203623523477237
41.0	29.256319418521937	17.688033074382144	20.739806878288245	32.31443200946592	0.0014086193417521817
42.0	28.588484634404804	19.12892970681738	19.516778523489933	32.76510067114094	7.064641469445425E-4
43.0	29.24489535658113	18.570133053717427	20.257038810876683	31.927932778824765	0.0
44.0	29.482162261980015	18.9109142950489	19.79445584778085	31.812467595190235	0.0
45.0	29.849003680579777	18.78021172232624	19.703560266824237	31.66651241928709	7.119109826507293E-4
46.0	29.972752043596728	17.426566044195898	19.613535529337916	32.985719788293366	0.0014265945760874217
47.0	30.26466216988682	18.895049731336456	19.36592546015777	31.473648107922713	7.145306962387104E-4
48.0	30.412780668666034	18.269141298824003	18.840320375632555	32.47561036711497	0.002147289762438176
49.0	27.98594679859468	18.860686886068688	20.136230013623003	33.01641930164193	7.170000717000072E-4
50.0	29.21452562986831	18.602242568524925	19.290548559016667	32.8926832425901	0.0
51.0	30.47265839622914	17.898557011075447	18.95404991180128	32.67473468089413	0.0
52.0	28.886337042393762	18.643661285985274	20.00494218371841	32.46505948790255	0.0
53.0	30.593453812032767	18.625724370263733	19.415680743625906	31.36514107407759	0.0
54.0	30.086988438245548	18.60598274912828	19.325380803817215	31.981648008808953	0.0
55.0	28.890641236338443	18.688048580967052	18.450744706723366	33.96982850741759	7.369685535518199E-4
56.0	29.40123260407958	18.22493174806342	20.89656039833976	31.476535391126138	7.398583911039428E-4
57.0	27.729202541416782	19.256576212813968	19.37756071492192	33.63591829463808	7.422362092512322E-4
58.0	30.369509852106695	17.903578928555472	21.811655719881447	29.915255499456382	0.0
59.0	28.205530642750375	21.298953662182363	21.10014947683109	29.395366218236173	0.0
60.0	30.69367894634088	18.74840434319011	20.206646943097002	30.351269767372006	0.0
61.0	29.19701961732612	21.151346613064113	19.228909107396547	30.421968987093067	7.55675120152344E-4
62.0	30.91755065985364	16.775436539061964	21.266858061027893	31.0401547400565	0.0
63.0	26.066624106820086	20.840992823794544	24.70137601624453	28.39100705314084	0.0
64.0	26.164059163787414	20.812919756201715	18.054272293179082	34.967972359175434	7.764276563531193E-4
65.0	27.63042456525145	19.403101989660033	18.98402005326649	33.98167006109979	7.833307222309259E-4
66.0	27.65723940815134	18.875045399276768	17.792568730557264	35.67435690937515	7.895526394744738E-4
67.0	33.36038444402011	14.102380497740436	17.78133155114251	34.75431226529183	0.0015912418051047036
68.0	33.96950875211745	15.759457933370976	23.167701863354036	27.102524804388157	8.066467693796887E-4
69.0	31.67383749793149	16.8897898394837	20.838159854376965	30.597385404600363	8.274036074797286E-4
70.0	31.909657906275445	16.177641763532076	22.914821078628762	28.997879251563717	0.0
71.0	25.850673473573853	19.844109670214465	24.74189210748228	29.563324748729404	0.0
