# Position (bp)	A	C	G	T	N
0.0	25.9358974508204	24.099507282511148	24.57606469308073	25.38853057358772	0.0
1.0	26.810889060383598	20.47027961785392	15.688700632706833	37.03013068905565	0.0
2.0	28.683250664191313	19.49931476481091	17.822748101493165	33.99468646950461	0.0
3.0	22.962366033410014	22.400982227758327	15.146097071776154	39.490554667055505	0.0
4.0	33.96163317894661	13.275409396852696	14.96218006889534	37.80077735530535	0.0
5.0	34.74170659702267	14.814376905216342	23.452533546441682	26.991382951319302	0.0
6.0	30.926582080255148	17.532590110963945	21.339269344267315	30.201558464513596	0.0
7.0	35.24670261453489	17.10814633580984	20.1190807051736	27.526070344481667	0.0
8.0	22.531820685490263	27.01164061279603	22.571551723803776	27.884986977909932	0.0
9.0	27.52046923712918	18.590811780698623	15.790587581356569	38.09813140081563	0.0
10.0	26.191591982005136	16.796519328471803	25.027239987487633	31.98464870203543	0.0
11.0	28.1073838874941	18.282905924266053	19.453362931987826	34.15634725625202	0.0
12.0	26.133274570158616	19.777044917780007	20.8295685751907	33.26011193687067	0.0
13.0	26.435947558130383	20.870210520236277	18.941472110555395	33.75236981107794	0.0
14.0	30.6340259713076	18.380954374426082	20.16638971225813	30.81862994200819	0.0
15.0	29.557566785937304	18.56018980970577	20.155846451359324	31.7263969529976	0.0
16.0	30.030017283970718	17.6727728427306	18.693279097558886	33.603930775739805	0.0
17.0	30.42438175597235	17.747331527799904	19.668433825726876	32.15985289050087	0.0
18.0	31.753510964022286	17.644205257133468	19.178094669955232	31.424189108889017	0.0
19.0	30.039010065325577	18.44964061822271	19.999248017421188	31.512101299030526	0.0
20.0	29.703176196107755	17.633429424303067	20.238060629176847	32.425333750412335	0.0
21.0	29.14405389156799	18.305949926487887	20.26488392528704	32.28511225665708	0.0
22.0	29.70879668445454	19.045334859005205	22.755050977829306	28.490817478710944	0.0
23.0	29.80481013021315	20.167668857881882	21.14226153721519	28.88525947468978	0.0
24.0	32.759113234234434	19.51100200903387	17.81721939324309	29.91266536348861	0.0
25.0	29.05424236398515	20.998822798406263	19.901800378084435	30.04513445952415	0.0
26.0	31.97660558940123	16.7351978625089	22.12923867190574	29.158957876184132	0.0
27.0	25.976269135340196	20.998706512440464	25.075866902184508	27.94915745003483	0.0
28.0	26.73542268204277	19.859898668409407	18.886333181773956	34.51834546777386	0.0
29.0	27.84546913053371	20.359928321330685	17.23307622506296	34.56152632307265	0.0
30.0	26.49094359901468	19.005570362224976	16.173192990957578	38.33029304780276	0.0
31.0	34.419304908567874	14.43437408180141	18.62289890833251	32.5234221012982	0.0
32.0	34.25480181869245	15.578329008113148	22.61715629022695	27.54971288296745	0.0
33.0	31.331787832646324	17.669297628073217	20.850322691624037	30.148591847656427	0.0
34.0	33.23022279777145	16.824777792702765	21.73609241038833	28.20890699913746	0.0
35.0	26.24041819318506	20.978747784795683	25.311833136212453	27.4690008858068	0.0
