# Position (bp)	A	C	G	T	N
0.0	34.52647755650894	18.255746942434527	21.643081257603892	25.57469424345265	0.0
1.0	24.29403854773644	26.32387782544663	24.58858935775117	24.79349426906576	0.0
2.0	30.60625398851308	21.231652839821315	17.868538608806634	30.293554562858965	0.0
3.0	30.87991850248313	19.381128231249203	20.839169744046863	28.899783522220808	0.0
4.0	32.342646216508626	17.98510787246229	17.845096416979572	31.82714949404951	0.0
5.0	28.61779305078274	20.6758304696449	18.588519791268933	32.117856688303426	0.0
6.0	28.49780492460393	22.784246357447348	19.622065279633517	29.0958834383152	0.0
7.0	33.606818037270244	19.690898683457355	17.662023786809133	29.04025949246327	0.0
8.0	33.115108370940064	18.127502701328417	18.794889722239876	29.962499205491643	0.0
9.0	28.525152439024392	21.004827235772357	19.15650406504065	31.3135162601626	0.0
10.0	26.4483787042325	16.720604099244877	20.5216067009328	36.30941049558982	0.0
11.0	26.7680608365019	18.168567807351078	19.157160963244614	35.90621039290241	0.0
12.0	27.162213498797012	17.202735215904774	19.88096745599595	35.75408382930227	0.0
13.0	28.19947043248014	20.892699533476232	20.262262009834824	30.645568024208803	0.0
14.0	27.756773787019533	18.021424070573406	24.297416509136735	29.924385633270322	0.0
15.0	28.84300642074783	19.06080825884427	21.075160518695707	31.021024801712198	0.0
16.0	25.614741211244574	18.986227281303062	20.1874095968807	35.21162191057166	0.0
17.0	29.331154136283633	20.568267538345488	18.915011315061605	31.185567010309278	0.0
18.0	26.61178836244816	19.70591931632525	20.24004021616187	33.442252105064725	0.0
19.0	27.81756502073125	23.608493529337856	18.777484608619176	29.796456841311723	0.0
20.0	27.891796899516724	18.659386179627187	19.481579112533733	33.967237808322345	0.0
21.0	26.945506991910705	19.238728287452187	20.461528814197028	33.35423590644008	0.0
22.0	28.610832497492478	18.016549648946842	23.106820461384153	30.26579739217653	0.0
23.0	26.546343297612335	19.03866641599298	19.803221156859056	34.611769129535624	0.0
24.0	32.29525659502475	17.18152766464064	19.330785136913338	31.19243060342127	0.0
25.0	28.822902963102177	18.58673181732757	20.372110505544068	32.21825471402619	0.0
26.0	32.494207527083724	16.88271025111153	17.483875007827663	33.13920721397708	0.0
27.0	27.888047085342183	18.821614175693444	16.717801014338487	36.57253772462589	0.0
28.0	27.730145816384006	20.82107766443457	16.215032229801615	35.23374428937981	0.0
29.0	29.714679013890628	15.561256413465149	16.70629458140408	38.017769991240144	0.0
30.0	28.47748481242563	18.25640383290537	20.078912757562474	33.18719859710653	0.0
31.0	31.418368625485527	14.885352712692645	17.32865555694775	36.36762310487408	0.0
32.0	28.545465939712976	17.91690167324685	18.104906937394247	35.43272544964592	0.0
33.0	29.09797530245095	21.970789193255186	17.858709960508996	31.072525543784867	0.0
34.0	29.72735819492322	16.69069257286117	19.862112190535882	33.719837041679725	0.0
35.0	27.43967408335945	21.328737073017862	18.295205264807272	32.93638357881542	0.0
36.0	28.187456926257752	15.938850949188646	19.165465822943425	36.708226301610175	0.0
37.0	32.89036544850498	19.53237635554441	17.8712467874381	29.706011408512506	0.0
38.0	31.952885157571583	19.115343650147235	16.671887726332937	32.25988346594825	0.0
39.0	33.676286072772896	18.186951066499375	16.499372647427855	31.637390213299877	0.0
40.0	27.201958691694394	21.878335112059766	19.203967606252746	31.71573858999309	0.0
41.0	28.72133207665724	15.727301288092994	24.366949418787307	31.184417216462457	0.0
42.0	33.542911034265956	17.604526878340145	19.415278214397986	29.437283872995913	0.0
43.0	33.05649930791494	18.47237951428212	17.849502957090728	30.62161822071222	0.0
44.0	30.683464566929135	21.14015748031496	16.919685039370076	31.256692913385827	0.0
45.0	31.991210495702195	16.803464098752666	18.690622374458734	32.514703031086405	0.0
46.0	29.693586081537266	17.352635679044404	18.92365619319657	34.03012204622176	0.0
47.0	30.649570424368655	17.586565998437905	19.051028378026555	32.71283519916688	0.0
48.0	27.93332465164735	18.596171376481312	18.73941919520771	34.73108477666363	0.0
49.0	29.917926003126627	18.43408025013028	18.890046899426785	32.75794684731631	0.0
50.0	28.152492668621704	21.21863799283154	18.592375366568913	32.03649397197784	0.0
51.0	29.883334419605035	18.60131656129831	18.51006973864303	33.00527928045363	0.0
52.0	28.696219035202088	17.60104302477184	19.954367666232073	33.748370273794	0.0
53.0	29.16938323119051	19.044203937931933	20.83061676880949	30.955796062068064	0.0
54.0	27.738654147104853	23.082942097026603	18.72717788210746	30.451225873761086	0.0
55.0	29.19655667144907	18.703534628929177	18.683970262162514	33.41593843745924	0.0
56.0	27.469518158701177	18.908521875203753	20.075634087500816	33.54632587859425	0.0
57.0	29.893076020341635	17.675055417916287	19.741817707654192	32.690050854087886	0.0
58.0	30.514993481095175	18.591916558018255	18.61799217731421	32.27509778357236	0.0
59.0	28.35071707953064	18.826597131681876	20.117340286831812	32.70534550195568	0.0
60.0	29.42825477540909	17.52395853706239	19.994784536149684	33.05300215137884	0.0
61.0	30.236651672208097	17.810809048829782	19.94914922745942	32.003390051502706	0.0
62.0	28.595644803755377	19.520146042508802	21.241361324814186	30.64284782892163	0.0
63.0	32.16824258232801	17.59373981089012	19.784805999347896	30.45321160743397	0.0
64.0	27.896659707724424	17.954070981210858	21.548799582463467	32.60046972860125	0.0
65.0	30.438470572882682	18.739397102962286	19.600678585410414	31.221453738744614	0.0
66.0	29.73572593800979	16.59380097879282	21.102773246329527	32.56769983686787	0.0
67.0	28.1305057096248	19.249592169657422	18.72756933115824	33.892332789559546	0.0
68.0	25.897168210883464	19.150463265039804	20.63160642046196	34.32076210361477	0.0
69.0	27.05383360522023	20.0	21.481239804241437	31.464926590538333	0.0
70.0	27.5076682111858	19.61104222410755	19.558833126672322	33.32245643803432	0.0
71.0	30.174270608968083	18.7455126949938	19.11102408458978	31.96919261144834	0.0
72.0	28.62271540469974	19.386422976501304	20.593994778067884	31.396866840731068	0.0
73.0	29.08995952474213	17.82216999608304	20.146233189711452	32.94163728946338	0.0
74.0	28.822300561430996	18.213866039952997	21.26909518213866	31.694738216477347	0.0
75.0	29.670257917074768	17.91707476330395	21.90662748938949	30.506039830231803	0.0
76.0	29.69372428655391	18.90550512636322	19.41487624893881	31.98589433814406	0.0
77.0	28.990334378265416	19.246342737722046	18.887147335423197	32.876175548589345	0.0
78.0	28.979165305989156	18.607537064855332	19.81581869244334	32.597478936712164	0.0
79.0	29.213483146067414	19.55186830415469	17.794617193624248	33.440031356153646	0.0
80.0	29.062397909180003	17.451813132963085	21.332897745834696	32.15289121202222	0.0
81.0	26.975102920995887	17.82003528719859	19.80003920799843	35.404822583807096	0.0
82.0	30.033326798666927	17.774292622361628	20.316277854015553	31.876102724955892	0.0
83.0	28.634908187937008	18.38201659805267	22.021825785793638	30.961249428216693	0.0
84.0	27.54721913600418	17.62629893471015	21.279654924514738	33.54682700477093	0.0
85.0	29.55793879152498	17.01543290609469	20.912895631702852	32.513732670677484	0.0
86.0	30.470896010464354	17.743623283191628	20.13734466971877	31.648136036625246	0.0
87.0	31.778940483976452	17.429692609548724	21.69391759319817	29.097449313276652	0.0
88.0	31.015762966838906	18.97442605795016	17.437373274903525	32.57243770030741	0.0
89.0	30.824068018312623	16.926095487246567	18.901242642249834	33.34859385219097	0.0
90.0	29.761904761904763	16.8432757718472	19.68210361067504	33.712715855573	0.0
91.0	29.360198874787386	18.932356404553186	17.473505168127698	34.23393955253173	0.0
92.0	29.04618605259715	17.37537616119325	18.55946617820228	35.01897160800733	0.0
93.0	30.561915352914244	17.949892065153396	19.251651730228296	32.236540851704056	0.0
94.0	29.593772486426374	17.001373716229477	19.153529142408583	34.251324654935566	0.0
95.0	30.76470203440832	16.805128540590044	20.213253090861517	32.216916334140116	0.0
96.0	30.047101923328533	17.486589035718957	20.247285097474812	32.219023943477694	0.0
97.0	29.593038471604295	17.99921486521853	20.040565297042658	32.36718136613452	0.0
98.0	31.03448275862069	19.040764247857094	18.798665183537263	31.12608780998495	0.0
99.0	29.17157440125638	18.479256641800813	20.697552676351265	31.651616280591544	0.0
100.0	31.916431246304448	15.734840023651534	18.612443334866303	33.73628539517772	0.0
101.0	31.956450016496206	19.05641702408446	19.419333553282744	29.56779940613659	0.0
102.0	31.83324496288441	17.51723223753977	20.02916224814422	30.620360551431602	0.0
103.0	29.538952830816314	19.712593972456922	19.286807264985697	31.461645931741067	0.0
104.0	28.26696953500802	18.111972207375736	19.92250133618386	33.698556921432385	0.0
105.0	29.485545643570997	18.38486820041586	19.28365416862298	32.845931987390166	0.0
106.0	31.601964610105632	19.5249949539124	17.708403417883332	31.164637018098635	0.0
107.0	30.711585201188225	19.551714825816905	17.958412098298677	31.778287874696193	0.0
108.0	33.7307770476255	17.525912878531262	16.889099654494952	31.854210419348284	0.0
109.0	28.492722078628756	18.432866276697048	20.54822473132907	32.52618691334512	0.0
110.0	27.046943231441052	19.016102620087334	20.066866812227076	33.870087336244545	0.0
111.0	31.69428845363649	18.476920969730173	19.10697164771949	30.721818928913848	0.0
112.0	28.15507286224911	18.524883145449547	20.030244707176244	33.289799285125106	0.0
113.0	29.009108473640627	17.80982611095777	17.775324316864477	35.40574109853713	0.0
114.0	30.879090404880756	16.569606211869107	19.072379367720465	33.47892401552967	0.0
115.0	26.51868345974532	20.42307424674692	18.30074455500661	34.75749773850115	0.0
116.0	29.282617815690116	18.535869109215493	18.1443154803524	34.03719759474199	0.0
117.0	29.656381486676015	19.144460028050492	19.7124824684432	31.486676016830295	0.0
118.0	30.138625008796005	17.240166068538457	20.54746323270706	32.073745689958486	0.0
119.0	25.99619155088511	19.641723675858664	23.577121094576487	30.784963678679738	0.0
120.0	26.831858407079643	20.38938053097345	20.552212389380532	32.22654867256637	0.0
121.0	30.182102717313985	18.558827713757292	18.80068288518993	32.4583866837388	0.0
122.0	27.360446001000643	17.675648631262955	20.270173683081982	34.69373168465442	0.0
123.0	29.977741078480648	17.354778487829396	19.250376965606375	33.41710346808358	0.0
124.0	31.32886293171822	17.304780445598098	19.597663854639844	31.768692768043838	0.0
125.0	28.112333526346266	19.086566299942096	18.920092646207294	33.881007527504345	0.0
126.0	30.386459392706666	18.669184948423652	17.81926485544094	33.12509080342873	0.0
127.0	29.629629629629626	17.177019539224265	21.09944590259551	32.0939049285506	0.0
128.0	29.983887505492895	18.836970851032664	19.21781163029149	31.96133001318295	0.0
129.0	31.26609284190392	17.840064739204	18.02398293239167	32.8698594865004	0.0
130.0	30.073132895028444	19.007165546280564	17.108665139986705	33.81103641870429	0.0
131.0	30.645281057399572	19.18764387020123	20.056434246677064	30.110640825722136	0.0
132.0	29.423177374822775	16.88679949257518	21.946123423625103	31.74389970897694	0.0
133.0	28.723324597529015	19.87270685136653	19.07150879820292	32.332459752901535	0.0
134.0	27.600210573813644	19.387831841768822	19.69617206888772	33.31578551552982	0.0
135.0	29.224261651182115	16.7157640305159	22.146687816300325	31.913286502001665	0.0
136.0	28.006076718571972	17.819977212305353	19.506266616027347	34.66767945309533	0.0
137.0	28.91382337226166	16.678116174337838	19.227539882451723	35.18052057094878	0.0
138.0	28.99394682399816	18.33575971189947	18.979388552601336	33.690904911501036	0.0
139.0	29.06726181314453	18.885639525935048	18.985685701092812	33.061412959827614	0.0
140.0	28.751742295183526	17.9572556914976	20.830106860771256	32.46089515254763	0.0
141.0	29.942403486924036	18.547633872976338	19.54389788293898	31.966064757160645	0.0
142.0	31.86124814031791	17.876438806671366	18.2522903453136	32.010022707697125	0.0
143.0	32.96599496221663	19.844143576826195	19.560768261964736	27.629093198992443	0.0
144.0	31.07304306447776	18.01094456340709	17.84439685938615	33.071615512729004	0.0
145.0	30.158983782056403	18.670607973156507	18.662618838379803	32.507789406407284	0.0
146.0	29.990356798457086	18.87656702025072	18.522982963677272	32.61009321761492	0.0
147.0	30.0307592682532	18.714586368787437	17.72705196697426	33.527602395985106	0.0
148.0	28.736756316218422	18.06030969845151	19.690301548492258	33.51263243683781	0.0
149.0	30.045100451004508	19.179991799918	18.097580975809755	32.67732677326774	0.0
150.0	28.579676674364897	18.78917848894754	19.51501154734411	33.11613328934345	0.0
151.0	29.071600431427857	18.742221853480462	20.982328051107608	31.20384966398407	0.0
152.0	29.368992895946512	17.751776013372336	18.186376932720435	34.69285415796072	0.0
153.0	29.59878879636639	18.319454958364876	20.026915636302466	32.05484060896627	0.0
154.0	30.229214243423836	17.60128562970481	19.555104457413517	32.614395669457835	0.0
155.0	29.378675530554844	20.003409187761015	18.486320634108925	32.13159464757522	0.0
156.0	31.266083376222337	17.04408989535083	19.48018528049408	32.20964144793275	0.0
157.0	30.296756383712903	18.84057971014493	19.755003450655625	31.107660455486542	0.0
158.0	28.50568724494226	20.491447425544848	18.963271685334725	32.03959364417817	0.0
159.0	32.80881195908733	16.08532214354402	19.69577760293732	31.410088294431333	0.0
160.0	27.35666549419627	18.536756946887092	21.034118888498064	33.07245867041857	0.0
161.0	29.511677282377917	16.949752300070774	20.506015569709838	33.032554847841475	0.0
162.0	30.590642234477848	17.73705746308486	21.2506671410781	30.42163316135919	0.0
163.0	28.116045845272208	18.087392550143267	19.224570200573066	34.571991404011456	0.0
164.0	28.32328323283233	17.73017730177302	19.91719917199172	34.02934029340293	0.0
165.0	28.19770073323074	16.80999366343804	21.508101747080655	33.484203856250566	0.0
166.0	27.54730713245997	18.8136826783115	20.696870451237263	32.94213973799127	0.0
167.0	28.845977853024618	17.012903816235013	21.533815319849914	32.607303010890455	0.0
168.0	29.593151693667156	18.71318114874816	19.48637702503682	32.20729013254787	0.0
169.0	27.35026886704988	18.301501946968294	20.776933061375857	33.57129612460597	0.0
170.0	27.46268656716418	17.574626865671643	19.27238805970149	35.690298507462686	0.0
171.0	29.64843015604437	17.02387666854672	18.292912201541643	35.03478097386727	0.0
172.0	28.02275960170697	20.72072072072072	17.316263632053104	33.9402560455192	0.0
173.0	29.061544342507645	16.915137614678898	19.66743119266055	34.355886850152906	0.0
174.0	30.34064665127021	19.361046959199385	18.697074672825252	31.601231716705158	0.0
175.0	28.984382578329615	17.58657483752061	20.3802502667572	33.04879231739257	0.0
176.0	29.66002344665885	16.520125048847206	17.995310668229777	35.82454083626417	0.0
177.0	27.32992528509634	19.111285882815572	19.85843491938655	33.70035391270154	0.0
178.0	27.76897166633644	19.64533386170002	19.992074499702795	32.593619972260754	0.0
179.0	28.759868092335367	17.507744578794842	21.19516338563006	32.53722394323974	0.0
180.0	29.48110831234257	16.282115869017634	19.818639798488665	34.41813602015114	0.0
181.0	29.233891425672248	18.80263825469305	17.757483510908166	34.205986808726536	0.0
182.0	29.668982427462197	17.909685328974252	19.973436861463014	32.44789538210053	0.0
183.0	29.074436322454446	21.054257181097498	19.973231751261196	29.898074745186864	0.0
184.0	32.05527847049044	19.440980881130507	17.768079800498754	30.735660847880297	0.0
185.0	29.36183590066017	19.784134968039403	20.056585979251807	30.797443152048622	0.0
186.0	29.188273891417083	18.9649698380781	20.69002010794793	31.156736162556886	0.0
187.0	30.176	22.005333333333333	16.928	30.890666666666668	0.0
188.0	29.229607250755286	17.911091929218816	18.957703927492446	33.90159689253345	0.0
189.0	29.698224207430002	19.07615208628391	19.838762392417475	31.386861313868614	0.0
190.0	31.621859850154255	18.433230498016748	17.838254737769944	32.10665491405906	0.0
191.0	28.76194709935541	18.7374972216048	18.85974661035786	33.64080906868193	0.0
192.0	31.863186318631865	18.395589558955898	18.78937893789379	30.95184518451845	0.0
193.0	30.7421697684975	18.145710394916023	18.91738538356786	32.19473445301861	0.0
194.0	29.096530401923737	20.073285239894652	20.245047520897742	30.585136837283866	0.0
195.0	29.244629244629245	19.9006699006699	19.64656964656965	31.208131208131206	0.0
196.0	29.736995908825246	19.310344827586206	18.42197545295149	32.53068381063706	0.0
197.0	27.879720610867764	19.77033266248372	21.037054575588968	31.312892151059547	0.0
198.0	27.89017341040462	22.02552986512524	19.484585741811173	30.599710982658962	0.0
199.0	28.742138364779873	21.58490566037736	19.30817610062893	30.364779874213838	0.0
200.0	24.639976958525345	17.65552995391705	22.177419354838708	35.5270737327189	0.0
201.0	30.97890966971747	18.12574612017509	19.45881416633506	31.436530043772382	0.0
202.0	30.559454581912977	17.84640064166834	19.691197112492482	31.902947663926206	0.0
203.0	30.6806705716017	19.410220157543932	19.430418097354067	30.478691173500305	0.0
204.0	31.788617886178862	18.597560975609756	21.483739837398375	28.13008130081301	0.0
205.0	29.02033271719039	17.354692955432327	23.803655781474635	29.82131854590265	0.0
206.0	30.161691542288555	21.62106135986733	20.066334991708125	28.15091210613599	0.0
207.0	27.726510067114095	20.008389261744966	19.903523489932887	32.36157718120805	0.0
208.0	28.644283892902678	18.08329791755206	21.121971950701234	32.150446238844026	0.0
209.0	28.31001076426265	19.009687836383208	18.815931108719052	33.864370290635094	0.0
210.0	29.75567190226876	18.1500872600349	20.11343804537522	31.980802792321118	0.0
211.0	31.169977924944813	18.520971302428258	20.11037527593819	30.198675496688743	0.0
212.0	27.030655627657197	17.1626762139181	22.577757887670618	33.228910270754085	0.0
213.0	29.052679177029166	20.43861632376215	17.612480217047253	32.89622428216143	0.0
214.0	29.504453071477503	22.082667275633703	20.027403516784652	28.38547613610413	0.0
215.0	27.69409038238702	19.39745075318656	18.586326767091542	34.32213209733488	0.0
216.0	30.169571361281207	18.46443711728686	20.913801224682054	30.452190296749883	0.0
217.0	26.449448969813126	20.60373742213704	23.55055103018687	29.396262577862963	0.0
218.0	26.64025748947759	18.866055954444167	19.485021044813074	35.008665511265164	0.0
219.0	21.08880945834479	24.085784987627164	24.74566950783613	30.07973604619192	0.0
220.0	13.209928481278924	23.559108119478335	22.212873369793858	41.018090029448885	0.0
