# Position (bp)	A	C	G	T	N
0.0	26.637798717205907	23.548724829485966	24.789843360879864	25.02363309242826	0.0
1.0	27.02719112721238	20.202592618828362	15.77024661249355	36.99996964146571	0.0
2.0	27.56892483310812	20.319464332533325	17.639110178891958	34.47250065546659	0.0
3.0	25.147631864379544	20.83919174064998	15.484272687100791	38.527899409472546	0.0010042983971397582
4.0	32.74027751416042	15.904618243209494	14.61594557605666	36.736161753394	0.002996913179425192
5.0	34.70095693779904	15.041866028708133	21.45633971291866	28.79286283891547	0.007974481658692184
6.0	31.4688372740193	17.450331454923123	20.90998539014282	30.164882673902028	0.005963207012731447
7.0	34.579161296718546	18.20858530782195	19.90383662139387	27.30841677406563	0.0
8.0	25.682508583924562	25.857650329998716	20.666726036750084	27.793115049326644	0.0
9.0	27.911803366178113	19.427176501981556	16.90600199638279	35.75501813545754	0.0
10.0	26.739181933038537	17.18355180037903	24.49166929879975	31.585596967782692	0.0
11.0	27.181939172869324	19.325676541627644	20.359836348400453	33.13254793710258	0.0
12.0	26.893181885350064	20.657281620348936	20.242540070338592	32.19911534937789	0.0078810745845196
13.0	27.050463095109205	21.418517898798218	19.02184076614927	32.5091782399433	0.0
14.0	31.01310052264294	19.40471855037943	19.720666541993523	29.860530123327983	9.842616561186626E-4
15.0	29.509148712093626	18.446047697319855	19.372237915727517	32.67256567485901	0.0
16.0	30.382188801070875	17.609425289618994	19.07499089557968	32.93241075207433	9.842616561186626E-4
17.0	29.886120926387072	18.600576777330485	21.157688559926772	30.352660951387318	0.002952784968355988
18.0	31.794604277601156	18.197029498321836	18.658648215041488	31.339875392474337	0.009842616561186625
19.0	30.547544759298813	18.842705144735678	19.835825155759405	30.773924940206104	0.0
20.0	29.695174165100052	17.8102146674672	20.78170060728944	31.71291056014331	0.0
21.0	28.9806002027579	17.95194834594829	19.549405013828878	33.51804643746494	0.0
22.0	28.580005708717604	19.277748796740127	20.139962007500074	32.000314963729956	0.001968523312237325
23.0	29.647929605606354	17.497219460821466	20.407681177964353	32.445201232295595	0.001968523312237325
24.0	30.49045758324393	17.527731572161144	19.239362592151497	32.74146399078731	9.842616561186626E-4
25.0	29.04851425703009	17.75017470644396	19.074006633923563	34.12730440260239	0.0
26.0	30.213880057874587	17.644858709239266	21.54056634415693	30.60069488872922	0.0
27.0	28.940245474857036	18.226557348005393	20.24035669642418	32.59284048071339	0.0
28.0	29.80639573224146	17.850569395368066	20.84961466156163	31.48849890254825	0.004921308280593313
29.0	29.840448044725733	18.3391241867378	19.15115603807199	32.6653346063368	0.0039371241276809354
30.0	29.75579987598059	17.478862564839513	19.5163243009144	33.24802897723358	9.842810319202339E-4
31.0	30.76461208339075	18.24714057916806	19.01391814477233	31.970391952280647	0.003937240388211902
32.0	28.700094495629575	18.719977951019764	18.97984093235688	33.60008662099378	0.0
33.0	29.20353982300885	17.72569324815183	20.087215883922156	32.98158228907242	0.001968755844743914
34.0	29.239840919829895	18.11997952433454	19.191998739959047	33.44818081587652	0.0
35.0	30.379572254676923	17.395501876680886	20.218896846585032	32.006029022057156	0.0
36.0	31.455204761341687	17.899373300224667	18.394032556856253	32.249418627566904	0.001970754010484411
37.0	28.382773233468022	19.615649945796786	19.217502710160637	32.78407411057455	0.0
38.0	30.87562601048937	18.425411096652073	18.84636618163177	31.850625024646085	0.0019716865807011315
39.0	31.008057755466357	18.405609854723696	18.628504926375587	31.957827463434356	0.0
40.0	29.01276620953171	19.32209748921339	19.43662806196499	32.226533574242474	0.001974665047441328
41.0	29.52143697420841	17.790167759028044	21.146336882272113	31.538104135156242	0.003954249335191831
42.0	28.446211986308146	18.984586771136307	20.07479076393423	32.49045329534437	0.003957183276943471
43.0	30.083562701728678	18.465970970871865	20.405536524029227	31.038989326944023	0.005940476426209382
44.0	29.124357310561404	18.94237341866202	19.906283744291333	32.02698552648525	0.0
45.0	29.827413582878158	19.04993209552227	19.408784955936436	31.713869365663133	0.0
46.0	29.784976097435184	17.45383135302402	19.80243191240355	32.958760637137246	0.0
47.0	30.153391276739296	19.289002659046712	19.198714132634837	31.355915386752393	0.002976544826765091
48.0	29.950271472103392	18.387644297100657	18.612961179985508	33.048130465423284	9.9258538715793E-4
49.0	27.996107790376712	19.464026848303114	20.36360386837977	32.17526858232222	9.929106181861508E-4
50.0	29.36506359300477	18.40818759936407	18.797694753577108	33.42905405405405	0.0
51.0	30.28316153937995	17.777689338162137	18.933816213634735	33.00533290882318	0.0
52.0	28.266717143540287	18.630947636885313	20.635410855184507	32.4669243643899	0.0
53.0	30.629632955214355	18.569732523220893	19.38383566290543	31.408817455329086	0.00798140333024054
54.0	30.17358475490392	18.95249890136231	19.143262354680196	31.72765770444649	0.0029962846070872118
55.0	29.184454953558824	18.20654075725612	18.36251112288665	34.24549335626231	9.998100360931424E-4
56.0	30.07798031972932	18.174719961560406	21.161796650550066	30.585503068160204	0.0
57.0	27.40888416918792	19.387284858442367	19.28610070327997	33.91773026908974	0.0
58.0	30.355352344282675	17.28632735731761	22.10925279749729	30.24806481370072	0.0010026872017005575
59.0	27.376311241509587	21.258188979542624	21.596800771673163	29.761665527912868	0.007033479361761987
60.0	30.513272553266507	18.71958897899562	20.380798871707047	30.386339596030826	0.0
61.0	28.843512683793826	20.764663111972855	19.56192438196801	30.82989982226531	0.0
62.0	30.487150136248065	16.329507582280662	21.628493572535632	31.554848708935644	0.0
63.0	25.860488798370675	20.9847250509165	25.05295315682281	28.10081466395112	0.0010183299389002036
64.0	26.17968678075676	21.39035792100983	18.023915956587118	34.405016417925715	0.0010229237205781566
65.0	27.464810454559473	19.444987096309855	18.655342950266814	34.431774951418376	0.003084547445480624
66.0	27.497212701821034	18.607796176239834	18.214477433208074	35.6743196927778	0.0061939959532559775
67.0	32.76201529501979	14.498145116163396	18.431742347308862	34.308097241507944	0.0
68.0	33.94672513822298	15.912166769831195	22.819643925008133	27.32146416693769	0.0
69.0	32.08187096843439	16.98275214390744	20.490281310708266	30.44509557694991	0.0
70.0	31.01701759446207	16.54110181713297	24.267666570522064	28.1742140178829	0.0
71.0	25.42903084344394	20.049700336208158	24.375091360912148	30.14617745943575	0.0
