# Position (bp)	A	C	G	T	N
0.0	35.438518187904485	17.429145280071413	21.490738674403033	25.64159785762107	0.0
1.0	24.913533415151175	26.654022090817808	23.619323887091376	24.81312060693964	0.0
2.0	30.415002219263204	21.893031513537505	16.81091877496671	30.88104749223258	0.0
3.0	31.719181868435598	19.192924267551135	20.8955223880597	28.192371475953564	0.0
4.0	33.10489665082348	18.005968829446225	17.972808665856085	30.91632585387421	0.0
5.0	29.193370165745858	20.906077348066297	17.867403314917127	32.03314917127072	0.0
6.0	28.37733348061416	23.461835855517506	19.816635369490776	28.344195294377556	0.0
7.0	33.381199602341766	19.0986413343643	18.457969733789902	29.062189329504033	0.0
8.0	32.269464384318056	18.807288790723355	18.210933186085036	30.71231363887355	0.0
9.0	28.858467652903514	21.605210863325237	18.67962022521528	30.856701258555972	0.0
10.0	26.56956857552687	16.352201257861633	20.24715877744676	36.83107138916474	0.0
11.0	26.527012127894157	18.423373759647188	18.974641675854464	36.07497243660419	0.0
12.0	26.796737213403883	17.53747795414462	19.554673721340386	36.11111111111111	0.0
13.0	28.799735478893417	21.051471398655348	20.070538961754654	30.07825416069657	0.0
14.0	27.096418732782368	18.358126721763085	24.59504132231405	29.950413223140497	0.0
15.0	28.179715890320452	18.940645303380684	21.220129941636383	31.659508864662484	0.0
16.0	25.64667033571822	19.240506329113924	20.407264722069346	34.70555861309851	0.0
17.0	27.930009904258828	20.336744800264114	19.907560250907892	31.825685044569163	0.0
18.0	26.28451974914732	20.156232808889868	19.65012652657058	33.90912091539223	0.0
19.0	28.046634403871533	23.394192696876377	19.104707435107787	29.454465464144302	0.0
20.0	27.052874574035396	18.797405738155437	19.665823897988346	34.48389578982082	0.0
21.0	27.353619685817865	18.213775678347798	21.377567834779743	33.0550368010546	0.0
22.0	28.599670510708403	18.15485996705107	23.42668863261944	29.818780889621088	0.0
23.0	26.455084559631015	19.613441686799913	19.349879200527127	34.58159455304195	0.0
24.0	32.440443517400375	16.785596662641346	19.189812273575583	31.584147546382695	0.0
25.0	29.107672044781037	17.967292284052245	20.755131160136102	32.16990451103062	0.0
26.0	32.52496433666191	16.855042247338968	17.513442335125646	33.10655108087347	0.0
27.0	27.630857017447603	18.77537583671678	16.021068802809175	37.572698343026445	0.0
28.0	28.1469298245614	20.394736842105264	15.822368421052632	35.635964912280706	0.0
29.0	29.183561643835613	16.295890410958904	17.22739726027397	37.29315068493151	0.0
30.0	28.138052319191033	17.311497032314794	20.586942185095623	33.963508463398554	0.0
31.0	30.73111649416428	15.018718343977097	18.090728914336047	36.15943624752257	0.0
32.0	28.635913244522737	18.16580424969724	17.549267863040846	35.64901464273918	0.0
33.0	28.914336049328345	21.581149526536006	17.936577846289364	31.56793657784629	0.0
34.0	29.14009236859468	16.758302177259733	20.398064658016274	33.70354079612932	0.0
35.0	26.801851443685255	21.556094335463964	17.952391448093454	33.68966277275733	0.0
36.0	29.009148021602556	15.606745288217788	17.733935853631657	37.650170836548	0.0
37.0	33.67515712868012	19.009813650898664	18.557724115117434	28.757305105303782	0.0
38.0	31.468608628489463	20.004413549597263	16.74942072161536	31.777557100297916	0.0
39.0	34.798453892876864	17.691882937603534	15.858641634456102	31.6510215350635	0.0
40.0	27.40331491712707	21.668508287292816	19.92265193370166	31.005524861878452	0.0
41.0	27.22345132743363	16.537610619469024	24.52433628318584	31.714601769911503	0.0
42.0	33.59937922624986	17.470346968185346	18.92251413368806	30.007759671876734	0.0
43.0	33.62576346474181	18.70072182121044	18.467518045530262	29.205996668517493	0.0
44.0	30.364101993096536	21.979734996102884	16.668522436254314	30.987640574546266	0.0
45.0	32.71413828689371	16.385735580782022	18.67905056759546	32.221075564728814	0.0
46.0	30.706113486652026	16.895874263261295	18.571593666936323	33.82641858315035	0.0
47.0	30.374319156333296	17.522308494611195	19.51558697415691	32.5877853748986	0.0
48.0	28.155789961748003	17.978439782079516	17.81615857192535	36.04961168424713	0.0
49.0	29.162801484230055	17.71799628942486	19.700834879406308	33.41836734693878	0.0
50.0	28.465375246491124	20.531260874608513	18.072149402621505	32.93121447627885	0.0
51.0	29.368763054072872	18.62381062891622	18.507774425620795	33.499651891390116	0.0
52.0	28.583042973286876	18.153310104529616	20.371660859465738	32.89198606271777	0.0
53.0	29.396722073695226	19.50482389864001	19.644310124375217	31.45414390328955	0.0
54.0	28.283885980221058	23.222803955788248	18.49912739965096	29.994182664339732	0.0
55.0	30.068628591369084	18.04117715482145	18.82051878562289	33.069675468186574	0.0
56.0	27.44299674267101	19.253140995812004	19.346207538389947	33.957654723127035	0.0
57.0	29.911545623836126	17.609404096834265	19.646182495344505	32.8328677839851	0.0
58.0	30.25043680838672	18.69539895165987	19.312754804892254	31.74140943506115	0.0
59.0	27.444353804917842	19.554830439342734	20.929961542943712	32.070854212795716	0.0
60.0	30.166686093950347	17.158176943699733	19.839142091152816	32.83599487119711	0.0
61.0	30.290311297656526	17.232132447242627	20.55497260114259	31.92258365395826	0.0
62.0	28.59309379374708	19.575361642557162	21.73355109659356	30.097993467102192	0.0
63.0	32.73809523809524	17.752100840336134	19.140989729225026	30.368814192343603	0.0
64.0	27.723928529720894	18.63832768889408	21.616255985051968	32.02148779633306	0.0
65.0	31.26605933193179	18.652184069142724	18.86241532352254	31.219341275402947	0.0
66.0	28.973490599089104	17.540581571879013	21.12577367744949	32.360154151582385	0.0
67.0	28.578104918798925	18.565252950110995	19.1844841687113	33.67215796237878	0.0
68.0	27.31097347201122	18.639710178800982	20.252424915274045	33.79689143391376	0.0
69.0	28.401122019635345	20.488546049555868	21.014492753623188	30.095839177185603	0.0
70.0	27.078218169063483	20.34373903893371	19.79422424880159	32.783818543201214	0.0
71.0	28.693414434436775	19.125043864779506	19.569540297110773	32.61200140367295	0.0
72.0	28.113295880149813	18.562734082397004	21.1376404494382	32.186329588014985	0.0
73.0	29.079840786701006	17.4081011472723	21.16600327792086	32.34605478810583	0.0
74.0	28.845703582299226	18.262701943338797	22.21962069772887	30.671973776633106	0.0
75.0	29.669557065854228	18.30325755800328	21.502226388563393	30.524958987579094	0.0
76.0	29.848822219617954	18.961678190554316	19.125747099496074	32.06375249033165	0.0
77.0	28.328645100797	19.85466479137365	18.55368026254102	33.26300984528833	0.0
78.0	29.13247362250879	19.120750293083237	19.07385697538101	32.672919109026964	0.0
79.0	28.92484464767265	20.201664907961074	17.856724117716027	33.016766326650256	0.0
80.0	29.379326528217764	18.03355625953303	20.509210371934763	32.07790684031444	0.0
81.0	26.59000234686693	17.82445435343816	20.206524290072753	35.379019009622155	0.0
82.0	28.57142857142857	17.3964080291114	20.71839417772039	33.31376922173964	0.0
83.0	29.190140845070424	18.110328638497652	22.253521126760564	30.446009389671364	0.0
84.0	27.550181946237824	17.055992487381147	21.01185585162578	34.38196971475525	0.0
85.0	29.05119774542039	18.154062940347583	21.218882104274307	31.575857209957725	0.0
86.0	30.11043233082707	18.585526315789476	20.12453007518797	31.179511278195488	0.0
87.0	31.896146616541355	17.351973684210524	21.029135338345863	29.722744360902254	0.0
88.0	32.08411654135339	18.362312030075188	17.17575187969925	32.37781954887218	0.0
89.0	31.22209165687427	17.89659224441833	17.673325499412456	33.207990599294945	0.0
90.0	29.79548660084626	17.089797837329574	19.158439116126	33.95627644569817	0.0
91.0	28.57142857142857	19.61199294532628	17.307466196355083	34.509112286890065	0.0
92.0	28.979543851399015	16.976252057371266	19.162943804373384	34.88126028685634	0.0
93.0	31.08314712454428	17.346818769845935	19.228507585558038	32.341526520051744	0.0
94.0	29.808257852017412	16.786260439948244	19.374191271615103	34.03129043641924	0.0
95.0	30.304813463575382	16.888313522419676	19.83052842179593	32.97634459220902	0.0
96.0	30.854318663214876	16.239115085902565	19.604612850082372	33.30195340080019	0.0
97.0	30.8226432858656	16.90008238201718	20.054136754148523	32.2231375779687	0.0
98.0	31.399317406143346	19.55984465105331	18.559491585265388	30.48134635753795	0.0
99.0	29.410380134165	18.66541132164293	20.324820524891138	31.599388019300928	0.0
100.0	31.958884688090738	16.387051039697543	19.187145557655956	32.46691871455577	0.0
101.0	31.749792678592588	18.69446748015638	18.362753228290487	31.19298661296055	0.0
102.0	31.585829766999524	17.582025677603426	19.591060389919164	31.24108416547789	0.0
103.0	30.10624328518563	19.73260116986988	19.123791333412914	31.037364211531575	0.0
104.0	28.579988016776515	18.645895745955663	18.861593768723786	33.91252246854404	0.0
105.0	29.565112926477653	18.1643440653532	19.641999038923593	32.628543969245555	0.0
106.0	32.19070609535305	18.63608931804466	17.79118889559445	31.382015691007847	0.0
107.0	30.65472588648191	18.79462664891686	18.28633668159264	32.26431078300859	0.0
108.0	33.11057108140948	18.286755771567435	16.415552855407046	32.18712029161604	0.0
109.0	29.18800292611558	17.532309192879787	20.409656181419166	32.87003169958547	0.0
110.0	27.209302325581397	18.727050183598532	19.53488372093023	34.52876376988984	0.0
111.0	30.999754360108085	18.17735200196512	19.19675755342668	31.62613608450012	0.0
112.0	27.76818742293465	19.112207151664613	20.54254007398274	32.577065351418	0.0
113.0	28.979945531072048	18.04902203515722	17.491953453825204	35.479078979945534	0.0
114.0	29.925465838509318	16.795031055900623	19.925465838509318	33.35403726708074	0.0
115.0	26.873675021823168	19.865319865319865	18.792866941015088	34.46813817184188	0.0
116.0	30.485364023017265	18.576432324243182	17.825869402051538	33.112334250688015	0.0
117.0	29.65846308387745	18.997990959316926	20.190858864892014	31.152687091913613	0.0
118.0	29.986140859266726	17.008945445382388	21.49426735542396	31.51064633992692	0.0
119.0	26.054559232129325	19.75246274311695	23.45289214448093	30.740085880272794	0.0
120.0	26.708941027266963	20.063411540900443	21.255548509828788	31.972098922003806	0.0
121.0	29.815404201145768	18.459579885423295	19.63080840229153	32.0942075111394	0.0
122.0	26.89215060625399	18.0089342693044	20.58710912571793	34.51180599872367	0.0
123.0	29.303935392898346	16.933726445327522	19.66414562235611	34.09819253941802	0.0
124.0	31.65615750868614	16.381418092909534	20.08750482563377	31.874919572770555	0.0
125.0	28.30188679245283	17.69191005427759	19.165158955802532	34.84104419746705	0.0
126.0	29.783650731960098	18.87550200803213	19.03096255991709	32.309884700090684	0.0
127.0	29.574717128365197	17.687605670438288	20.69189751593185	32.04577968526466	0.0
128.0	30.010438413361168	17.784446764091857	19.493736951983298	32.71137787056367	0.0
129.0	31.173770491803275	18.255737704918033	18.13770491803279	32.4327868852459	0.0
130.0	30.030307023323232	18.434576360521806	18.039267360653575	33.49584925550138	0.0
131.0	29.415653093601268	20.029085140137493	19.645690111052353	30.909571655208882	0.0
132.0	29.420347526197112	16.925321660697705	22.098421541318476	31.55590927178671	0.0
133.0	28.776978417266186	19.810818012256863	19.50439648281375	31.907807087663205	0.0
134.0	27.2009633395772	19.32031040941932	19.547765587369547	33.93096066363393	0.0
135.0	29.53416565982011	16.512283527990334	20.794737548664248	33.1588132635253	0.0
136.0	27.439353099730457	17.951482479784367	19.690026954177895	34.919137466307276	0.0
137.0	30.154012429073223	16.468522021075387	18.85976763037017	34.51769791948122	0.0
138.0	28.369948467588824	18.51098454027665	19.31109302956333	33.8079739625712	0.0
139.0	29.810961512307905	18.849449204406366	18.64545083639331	32.694138446892424	0.0
140.0	28.639715924610766	18.369298006009288	20.32231630701994	32.66866976236001	0.0
141.0	28.975556165888495	19.129360065915957	19.14309255698984	32.75199121120571	0.0
142.0	32.653623587765225	17.4841554147148	17.911270322402867	31.950950675117113	0.0
143.0	32.47201879231726	20.491916540002762	18.557413292800884	28.478651374879092	0.0
144.0	30.63213589529379	19.18685602896129	18.421052631578945	31.75995544416597	0.0
145.0	29.696035859364056	19.16234766774058	17.39739459308026	33.7442218798151	0.0
146.0	28.649943630214203	18.432919954904172	18.67249154453213	34.2446448703495	0.0
147.0	29.11177220569486	18.147046323841902	17.792888511120555	34.94829295934268	0.0
148.0	28.728101410055544	18.658310781939893	19.683805725680102	32.92978208232446	0.0
149.0	29.248389405869723	19.513242662848963	18.611309949892625	32.62705798138869	0.0
150.0	28.544695552036853	17.21606448826832	19.476032819922267	34.76320713977256	0.0
151.0	29.319068960532025	19.14124620500217	20.586959664594477	30.952725169871332	0.0
152.0	30.19306140223545	18.740020322252867	17.723907678908404	33.34301059660328	0.0
153.0	31.155192532088684	17.998833138856476	19.355309218203036	31.490665110851808	0.0
154.0	30.939794419970628	18.01762114537445	19.676945668135097	31.365638766519822	0.0
155.0	29.884887839433294	20.026564344746163	18.108028335301064	31.980519480519483	0.0
156.0	30.82171462474043	17.591219222782556	20.42420646692376	31.162859685553247	0.0
157.0	30.628076980456516	19.45397583171714	20.96076383708787	28.957183350738475	0.0
158.0	27.049303161996104	21.459613367301063	19.181777311554026	32.30930615914881	0.0
159.0	31.718326813120672	15.829070117363827	20.192597050857657	32.26000601865784	0.0
160.0	27.06505295007564	18.532526475037823	21.996974281391832	32.405446293494705	0.0
161.0	29.469040012171003	16.46128099802221	20.5689943709113	33.500684618895484	0.0
162.0	31.179173047473203	18.147013782542114	20.643185298621745	30.03062787136294	0.0
163.0	28.126925446703638	18.222427603203943	19.71657424522489	33.93407270486753	0.0
164.0	27.687548337200308	17.880897138437742	19.737045630317095	34.69450889404486	0.0
165.0	28.391412570006224	16.537025513378968	20.986309894212816	34.08525202240199	0.0
166.0	26.273835573616754	19.928102532041265	20.912785245389184	32.8852766489528	0.0
167.0	28.492935635792776	16.671899529042385	21.64835164835165	33.18681318681318	0.0
168.0	28.30812854442344	18.525519848771268	19.47069943289225	33.69565217391305	0.0
169.0	27.07672796448954	19.071020925808497	20.24413443246671	33.60811667723526	0.0
170.0	27.58730664965715	17.700526231860948	18.178918832722054	36.533248285759846	0.0
171.0	29.478748997594227	16.24699278267843	19.23015236567763	35.04410585404972	0.0
172.0	27.94710530559587	19.86776326398968	16.997258506692468	35.18787292372198	0.0
173.0	28.45779220779221	17.175324675324674	19.91883116883117	34.44805194805195	0.0
174.0	31.045751633986928	19.183006535947715	18.00653594771242	31.76470588235294	0.0
175.0	29.0407358738502	17.54270696452037	20.893561103810775	32.52299605781866	0.0
176.0	29.194187582562748	17.569352708058126	18.642668428005287	34.59379128137384	0.0
177.0	27.766699900299102	19.125955466932535	20.156198072449317	32.951146560319046	0.0
178.0	27.251461988304094	19.73266499582289	20.167084377610696	32.84878863826232	0.0
179.0	27.86111579302208	18.810045508174618	20.512388336423395	32.8164503623799	0.0
180.0	29.275756545392724	16.95001700102006	18.93913634818089	34.83509010540632	0.0
181.0	28.825744608010957	18.41834988017802	18.983224922971583	33.772680588839435	0.0
182.0	28.778718258766627	18.863361547763	19.20884435999309	33.14907583347729	0.0
183.0	29.46397493908806	20.501218238774797	19.317786286112078	30.717020536025064	0.0
184.0	32.097253804442886	20.220395312226692	17.28179114920413	30.400559734126293	0.0
185.0	29.110797459421313	20.236414961185602	19.336626676076218	31.316160903316863	0.0
186.0	29.628312288813802	19.135692690734484	19.900409034323317	31.3355859861284	0.0
187.0	31.38097796883396	20.831094393695146	17.804048002865844	29.98387963460505	0.0
188.0	29.502262443438916	18.787330316742082	18.099547511312217	33.61085972850679	0.0
189.0	29.945155393053017	18.683729433272394	20.219378427787934	31.151736745886655	0.0
190.0	31.35374400590188	18.424935448174107	17.484323127997047	32.736997417926965	0.0
191.0	29.350455983621814	18.74185743532477	17.941559650102366	33.96612693095105	0.0
192.0	31.986468708889305	18.64311219695546	17.51550460439767	31.85491448975756	0.0
193.0	29.600907887270665	19.160204274635902	19.235861547191224	32.00302629090221	0.0
194.0	29.2166952544311	19.668381932532874	20.392605298265675	30.722317514770346	0.0
195.0	30.328656544301364	20.276763405727465	18.83528733423025	30.55929271574092	0.0
196.0	29.835111542192045	20.737148399612025	18.234723569350145	31.19301648884578	0.0
197.0	27.873675951353473	20.910160847391136	20.047077285209884	31.169085916045507	0.0
198.0	28.129395218002813	21.056861563190676	19.08780389793048	31.72593932087603	0.0
199.0	27.649672096467103	22.530145969959804	18.53183837529088	31.28834355828221	0.0
200.0	24.094292803970223	18.387096774193548	22.48138957816377	35.03722084367246	0.0
201.0	30.782918149466195	18.14946619217082	20.569395017793592	30.498220640569397	0.0
202.0	30.40662108672184	18.74775098956459	21.842389348686577	29.00323857502699	0.0
203.0	28.966521106259098	21.251819505094613	19.432314410480352	30.349344978165938	0.0
204.0	32.91743119266055	18.01834862385321	21.394495412844037	27.6697247706422	0.0
205.0	29.02033271719039	17.042513863216264	24.325323475046208	29.611829944547136	0.0
206.0	28.59270290394639	21.891288160833955	20.625465376023826	28.89054355919583	0.0
207.0	27.320556181886506	19.316046599022922	19.992484028560693	33.370913190529876	0.0
208.0	28.090737240075615	17.27788279773157	23.062381852551987	31.568998109640834	0.0
209.0	25.276401067479988	18.98589401448723	21.00648112847884	34.731223789553944	0.0
210.0	28.89572912658715	18.122354751827626	20.66179299730666	32.320123124278574	0.0
211.0	28.57142857142857	18.72323861424679	21.29233164655508	31.41300116776956	0.0
212.0	26.109148017275224	17.118178248920298	23.753435414212802	33.01923831959168	0.0
213.0	29.183187946074547	20.340999206978587	18.3187946074544	32.157018239492466	0.0
214.0	30.40160642570281	22.048192771084338	19.919678714859437	27.630522088353416	0.0
215.0	28.164428164428163	18.07081807081807	19.820919820919823	33.943833943833944	0.0
216.0	29.79423868312757	17.86008230452675	21.440329218106996	30.905349794238685	0.0
217.0	24.85331098072087	20.033528918692372	25.020955574182736	30.092204526404025	0.0
218.0	25.04295532646048	19.029209621993125	20.060137457044675	35.86769759450172	0.0
219.0	22.147971360381863	23.102625298329354	25.346062052505967	29.403341288782812	0.0
220.0	14.295874822190612	24.537695590327168	21.834992887624466	39.331436699857754	0.0
