# Position (bp)	A	C	G	T	N
0.0	27.071812106959296	23.611326481994947	23.318064988353903	25.99879642269185	0.0
1.0	27.062368762723004	19.794909195826055	15.006411592158623	38.136310449292324	0.0
2.0	28.313481308074966	19.507433116344224	18.16728149580173	34.01172412800599	7.995177309047183E-5
3.0	23.757185838605007	22.069824541537717	15.137130002575697	39.03562038836422	2.3922891735358594E-4
4.0	34.344953477250286	13.634869821444628	14.348406974791855	37.67081484240036	9.54884112876851E-4
5.0	36.11016798884898	14.860974060206274	22.487542172142653	26.533125855270534	0.008189923531558637
6.0	32.695986527180494	17.348083071790132	20.175292889972237	29.776425268053636	0.004212243003504109
7.0	35.54429619412573	16.60033672147064	20.030398686802155	27.824253321330644	7.150762708295758E-4
8.0	23.026421340398933	27.030923118712565	22.360129557176872	27.581255192373984	0.0012707913376508468
9.0	29.204971883481207	18.278436908945675	15.854111713336966	36.66224128594365	2.3820829250707876E-4
10.0	26.383946184567435	17.099371047214724	24.823590770278628	31.692298166328364	7.93831610851043E-4
11.0	28.120009904793346	18.770932606135258	19.933793440614096	33.17375610716225	0.0015079412950517303
12.0	26.847608044284186	19.3494965974303	20.879065943832206	32.91740198567874	0.0064274287745670605
13.0	27.028811076960185	21.531587140139223	19.019007979892386	32.42035578673107	2.38016277139806E-4
14.0	31.81119279477126	18.002123105192087	20.569287331662988	29.616048009469875	0.001348758903792234
15.0	30.007584785364855	18.78305451048779	19.318511795293308	31.889738166227392	0.001110742626652428
16.0	30.3707976242802	17.592021059680203	18.959107216812203	33.075693936456005	0.0023801627713980603
17.0	30.272814256857643	18.01005698109675	20.59324763689506	31.11951749340298	0.00436363174756311
18.0	31.27692559135144	18.16294276977955	18.434995374550347	32.11807511476351	0.007061149555147578
19.0	30.460371083243814	18.274413726240024	19.652686648397594	31.612528542118568	0.0
20.0	30.16102594536098	18.1431080800179	19.09009550799814	32.60569112786393	7.9338759046602E-5
21.0	29.90071547692908	17.67405733653439	19.153090482681144	33.272057365096344	7.9338759046602E-5
22.0	28.935242118090983	19.129606210003345	19.66236597700128	32.27175429103678	0.001031403867605826
23.0	30.123816067368125	17.80829851684124	20.22876537783497	31.837612601533777	0.001507436421885438
24.0	31.06961341396267	18.098837052469896	18.833196606205245	31.99724218473554	0.001110742626652428
25.0	29.568365415282866	17.904615770323815	19.370081988673597	33.1563814544064	5.55371313326214E-4
26.0	32.241922917635264	18.170717968166116	19.310498580629602	30.276622517291884	2.38016277139806E-4
27.0	29.617079413337482	17.917944681843643	19.658478377808	32.806259510733746	2.38016277139806E-4
28.0	30.117786321680583	17.858995983872017	19.668554400206915	32.35101371132434	0.003649582916143692
29.0	29.454696342559643	18.42691744081522	19.72394850275742	32.391502177453965	0.002935536413742436
30.0	30.063296662842525	18.000672794811866	19.54429258957771	32.39015117255124	0.0015867802166589706
31.0	29.89233662062345	18.224069945493927	19.747225109289836	32.13382946818892	0.0025388564038685826
32.0	28.81916014496893	18.337712867579388	19.689576708494393	33.15347093956878	7.933938851546483E-5
33.0	29.733435099483817	18.68064734696598	19.253795999066966	32.33053476419503	0.00158679028820872
34.0	30.122858310291615	17.922635364310395	19.466913150242583	32.48711713391437	4.7604124103951535E-4
35.0	30.100464015940876	17.7981272650051	19.369430518673763	32.7318194267478	1.587736324628569E-4
36.0	30.637783640909554	17.47924326959493	18.883007230813572	32.999648265025556	3.175936563843074E-4
37.0	29.136733207815958	18.507751399365212	19.295239259886877	33.05995850144641	3.176314855386355E-4
38.0	29.89854561396821	18.426988423366755	19.47560456457372	32.19806717242957	7.942256617488214E-4
39.0	29.477065554115693	18.66854599005728	19.656779825982493	32.19729081867363	3.178111709037517E-4
40.0	29.87365912937254	18.431085930242915	19.418049422932544	32.27322903279168	0.003976484660312775
41.0	29.71000300935767	18.56662224281536	20.277577419308614	31.444682751603796	0.001114576914564495
42.0	29.25804827370823	18.465617570762983	19.071269686482214	33.202993046393495	0.002071422653078134
43.0	29.267223305490763	18.28466065173616	20.092966230188274	32.35299744745439	0.0021523651304094114
44.0	29.52962964735384	18.68719980730241	20.377849986201703	31.40524080020546	7.975893659005023E-5
45.0	29.928635894636802	18.252229779172662	19.32201306945452	32.496961659049866	1.5959768615274618E-4
46.0	30.018990873364643	17.52867989082842	19.099039120879823	33.35289097929524	3.991356318756102E-4
47.0	29.572266557642525	17.92829639661365	19.780375973591457	32.71738418713398	0.0016768850183898388
48.0	30.091022010631878	17.940402350037342	18.493563757343868	33.47437285075825	6.390312286573554E-4
49.0	29.37752160922718	17.42210729619564	20.11829638502421	33.081435442408825	6.392671441459511E-4
50.0	29.763229861344335	18.52996209758672	19.590989780741737	32.11549840873835	3.198515888627677E-4
51.0	30.091383968778146	18.300650455318724	19.0973681577104	32.510437306114284	1.6011207845491844E-4
52.0	30.041691616706466	17.7283559907751	19.651653355970737	32.57805855423638	2.404823113235906E-4
53.0	31.29417468091493	17.66088292375187	19.337975738137548	31.696452220311965	0.010514436883681432
54.0	30.221329810825925	18.09736390458376	19.196379788006762	32.48243567245823	0.002490824125318986
55.0	28.927889197656224	18.098600895201862	18.58094820617794	34.39119436658235	0.001367334381623026
56.0	29.416424355419885	18.17801262916558	20.402445975057237	32.00271452998058	4.0251037671751175E-4
57.0	27.935998247057015	18.64870329748232	19.617091516352076	33.79732080065027	8.861384583285335E-4
58.0	30.47152106899176	18.158543034399145	21.749606608969316	29.620168061807533	1.6122583224774606E-4
59.0	29.729398316030302	20.366158937245224	20.934258707246297	28.960341924746547	0.009842114731628927
60.0	31.335209283692798	18.8995806572503	19.630038251295503	30.135171807761395	0.0
61.0	28.865976879847032	21.006871985013635	19.55288419540509	30.57410516984221	1.6176989203477407E-4
62.0	30.805573116763117	16.378608828154128	21.82658172445655	30.988750020262934	4.8631036327384134E-4
63.0	26.329291310164994	20.098728542839538	25.864911131305874	27.706093597844976	9.754178446191888E-4
64.0	25.658773309954462	19.40758678061694	18.52020542336589	36.41131604741717	0.002118438645535513
65.0	27.709112001601248	19.008124701297746	18.821857039569622	34.45518751353095	0.005718744000424821
66.0	26.425483936208277	19.538241216028666	16.722523043314144	37.306955695098694	0.006796109350218253
67.0	33.55926664592076	14.139867363050337	17.47533276241039	34.82405528811219	0.001477940506325996
68.0	34.414234438853754	15.460928239263245	22.840256306108408	27.284415229158547	1.6578661604648657E-4
69.0	32.25626679794004	17.009246835886607	20.192569938115184	30.541916428058162	0.0
70.0	33.079559572504884	15.720108399508861	22.217903355880235	28.982428672106014	0.0
71.0	25.627642923284245	19.908444773883073	26.298723009739216	28.165189293093462	0.0
