# Position (bp)	A	C	G	T	N
0.0	34.13793103448276	17.755485893416928	21.41692789968652	26.689655172413794	0.0
1.0	24.343301360416277	26.619020751050094	23.97341859444549	25.064259294088142	0.0
2.0	30.229217413028543	23.23402660670789	17.487977015801636	29.04877896446193	0.0
3.0	31.790393013100438	19.538365564566437	20.90455396132252	27.7666874610106	0.0
4.0	32.755610972568576	18.60349127182045	18.061097256857856	30.57980049875312	0.0
5.0	28.428989842338133	21.455723811304296	18.850875553062878	31.264410793294694	0.0
6.0	28.11214953271028	23.38317757009346	19.856697819314643	28.647975077881622	0.0
7.0	33.63857222948982	19.267426649224443	18.6133433003177	28.48065782096804	0.0
8.0	33.464076702776744	18.714979454613374	17.93674511268833	29.88419872992155	0.0
9.0	27.896701929060363	21.611698817672682	18.94835096453018	31.543248288736773	0.0
10.0	25.758517781646358	16.432479482715742	20.05098234270082	37.758020392937084	0.0
11.0	25.948934584083993	18.63701310803255	19.463254022488663	35.95079828539479	0.0
12.0	26.5078183172003	17.68428890543559	20.395879870935715	35.412012906428394	0.0
13.0	28.07115408454196	21.11689599603322	20.01983389116152	30.792116028263294	0.0
14.0	26.405746841714144	18.850631657171167	24.696556849145406	30.047064651969286	0.0
15.0	29.14349276974416	19.50315164998146	20.603139290569768	30.750216289704614	0.0
16.0	26.364871541501977	18.916749011857707	20.12104743083004	34.59733201581028	0.0
17.0	28.65605331358756	21.269900037023326	19.418733802295446	30.65531284709367	0.0
18.0	25.82634435125802	20.300937345831276	19.43759250123335	34.43512580167736	0.0
19.0	27.466091245376077	24.543773119605426	18.7422934648582	29.247842170160297	0.0
20.0	27.309682187730967	19.10569105691057	19.185760039418575	34.39886671593989	0.0
21.0	27.26097395801268	18.863510435264423	21.079849781444317	32.79566582527858	0.0
22.0	27.948055145248645	18.0822255046775	23.06745445593304	30.902264894140817	0.0
23.0	27.750430716219544	19.21609648043318	19.253015013536796	33.780457789810484	0.0
24.0	32.667117643441365	17.028473033638765	18.449049873931493	31.85535944898838	0.0
25.0	28.14632646787581	18.069474331386413	20.9898555179834	32.79434368275438	0.0
26.0	33.06699446834665	17.02519975414874	18.377381684081133	31.53042409342348	0.0
27.0	27.03649096940656	19.664577957980097	16.27349797272392	37.02543309988942	0.0
28.0	28.346021611001966	21.51277013752456	16.12843811394892	34.012770137524555	0.0
29.0	29.78462293673682	15.395471559182672	16.83745474627232	37.98245075780818	0.0
30.0	27.85433070866142	18.497785433070867	21.284448818897637	32.36343503937008	0.0
31.0	30.711425931629194	14.96766245765322	18.41084077610102	35.91007083461657	0.0
32.0	28.173698798891284	17.677856482907302	17.813366184170004	36.33507853403141	0.0
33.0	29.528214616096204	22.3250077089115	17.76133209990749	30.385445575084795	0.0
34.0	29.354798914384407	17.536392795460152	19.386873920552677	33.721934369602764	0.0
35.0	27.20133564185011	22.25451397477121	17.808558001484045	32.735592381894634	0.0
36.0	28.496319663512093	16.19348054679285	18.4820931527185	36.82810663697656	0.0
37.0	33.279673085257876	18.506594018946195	18.853321775741442	29.360411120054486	0.0
38.0	31.558723272389216	20.04958165478773	16.609854353889062	31.781840718933996	0.0
39.0	33.64758419648949	18.600756682999442	16.51057495503318	31.24108416547789	0.0
40.0	27.231533209186843	22.06083178150217	19.490999379267535	31.21663563004345	0.0
41.0	27.733548948874237	16.67495957208608	25.9236223410872	29.66786913795248	0.0
42.0	33.748676094947356	17.612609806242602	18.659273565509938	29.979440533300107	0.0
43.0	34.17618780046201	19.042267590684897	17.425235687082473	29.35630892177062	0.0
44.0	30.40320560981718	22.533183070373152	16.491359879789634	30.572251440020036	0.0
45.0	31.940027260336212	16.868955669500878	18.446160835983644	32.744856234179274	0.0
46.0	30.113488129402555	18.09287764153405	18.888599008609443	32.905035220453954	0.0
47.0	31.00485373212646	17.89977699068608	18.726223271677817	32.36914600550964	0.0
48.0	27.98424162836507	18.844386080105053	18.319107025607355	34.85226526592252	0.0
49.0	29.155438711797565	18.508051265198816	19.342753861321064	32.993756161682555	0.0
50.0	27.530417625780995	21.94672804998356	18.651759289707336	31.871095034528114	0.0
51.0	29.48532315387653	19.178623140713437	18.263788337501648	33.07226536790838	0.0
52.0	29.129287598944593	17.631926121372032	20.316622691292878	32.922163588390504	0.0
53.0	29.47743938693268	19.534914448041224	20.288035938429015	30.69961022659708	0.0
54.0	28.031005697628196	22.253875712203524	18.994302371803364	30.720816218364916	0.0
55.0	29.465173305056663	18.655974550997414	18.841540194843926	33.03731194910199	0.0
56.0	27.88569913147252	19.260094145726978	19.88331233839422	32.970894384406286	0.0
57.0	30.52589694276809	18.0316997148352	19.351415876384376	32.090987466012336	0.0
58.0	30.130076984337666	19.05362357313512	19.04035041146801	31.7759490310592	0.0
59.0	28.03055463301229	20.212553968781137	19.993357688475587	31.763533709730986	0.0
60.0	29.002860373844207	17.434976385285704	19.96274861970332	33.599414621166765	0.0
61.0	30.19973368841545	17.9560585885486	21.085219707057256	30.758988015978694	0.0
62.0	28.938070795280314	19.285380974601694	21.091927204853008	30.68462102526498	0.0
63.0	31.90609577164199	18.43404028277978	19.100973722822463	30.558890222755767	0.0
64.0	27.988260405549624	19.23025613660619	21.851654215581643	30.929829242262542	0.0
65.0	30.602441790646473	18.440189472279673	19.10067382747348	31.856694909600375	0.0
66.0	28.34156763252771	17.91293897716651	21.14434503939111	32.60114835091468	0.0
67.0	28.90536298670941	18.226140386028185	19.468376410872903	33.4001202163895	0.0
68.0	27.094188376753507	19.732798931195724	20.487641950567802	32.68537074148297	0.0
69.0	28.256365702065096	19.98262380538662	21.10539330348192	30.655617189066366	0.0
70.0	26.741542987030353	20.59767348576013	19.86896643936355	32.79181708784597	0.0
71.0	28.624933119315145	18.92054574638844	19.917067950775817	32.5374531835206	0.0
72.0	28.27134064757827	18.604495584693602	21.059673534921057	32.06449023280706	0.0
73.0	28.53604658946382	17.68525336367896	21.48738202021554	32.291318026641676	0.0
74.0	29.361730627553413	17.5071997856808	21.71321411827741	31.41785546848838	0.0
75.0	28.7829057539018	19.103757786857795	21.70272623752428	30.410610221716123	0.0
76.0	28.98405039538936	19.26685430907385	19.414287629004154	32.33480766653264	0.0
77.0	28.468963668052016	20.042901193189437	18.869821691915806	32.61831344684274	0.0
78.0	28.851446599986573	18.768879640196012	19.728804457273277	32.65086930254414	0.0
79.0	29.120214909335125	19.865681665547346	18.146406984553394	32.86769644056414	0.0
80.0	28.736559139784944	18.04435483870968	21.01478494623656	32.204301075268816	0.0
81.0	27.46218487394958	18.191596638655465	20.114285714285714	34.23193277310924	0.0
82.0	30.256341250084102	17.647850366682366	20.318912736325103	31.776895646908432	0.0
83.0	29.113668483747222	18.33232384413487	22.17511272629383	30.37889494582408	0.0
84.0	27.692514808831447	17.763866451265482	20.941033925686593	33.60258481421648	0.0
85.0	29.996634129922583	16.89666778862336	21.521373274991586	31.585324806462474	0.0
86.0	30.35016835016835	17.663299663299664	21.164983164983163	30.821548821548824	0.0
87.0	31.665432015623946	18.041618964240016	20.998047006532428	29.294902013603608	0.0
88.0	32.33173886680591	18.709155831031463	16.964225560870442	31.99487974129219	0.0
89.0	31.597385973186014	17.462777066630736	18.675469918480093	32.26436704170316	0.0
90.0	29.704772175788623	17.329468859530873	19.418980857373956	33.54677810730655	0.0
91.0	29.42088586260365	19.30829906290029	17.440841367221736	33.82997370727432	0.0
92.0	28.870010787486518	17.772384034519956	19.747842502696873	33.60976267529666	0.0
93.0	31.350330500472147	18.217995413462837	18.878996357749898	31.55267772831512	0.0
94.0	29.54744722465772	17.002765225601944	19.08680110609024	34.362986443650094	0.0
95.0	29.803022126281704	17.52563410685375	20.223961144090662	32.44738262277388	0.0
96.0	30.170726769687562	17.50455496322289	19.650448748228623	32.674269518860925	0.0
97.0	30.2504556808209	18.699790724363734	19.773172213596165	31.2765813812192	0.0
98.0	31.57752566180443	19.118044300378173	18.5440302539168	30.760399783900596	0.0
99.0	29.73173863098858	18.71072369754713	20.420298668828977	31.137239002635315	0.0
100.0	31.529635413130556	16.24007060900265	19.336003802023217	32.89429017584357	0.0
101.0	32.30863608479313	18.035580396700976	19.61011519323836	30.04566832526753	0.0
102.0	31.647388953528164	17.336253507631234	20.01916364382999	30.99719389501061	0.0
103.0	29.296258153106763	19.636113971850328	20.061791967044286	31.005835907998623	0.0
104.0	27.877784674805163	18.52541554589972	19.553072625698324	34.0437271535968	0.0
105.0	29.439478971800735	18.22212984133583	19.905771495877502	32.43261969098594	0.0
106.0	31.22738658502644	19.037016420818258	18.577790147509045	31.157806846646256	0.0
107.0	30.113914319658956	19.148787476413446	18.98804947934866	31.749248724578937	0.0
108.0	33.48308297065843	17.941878422013197	16.615190228836166	31.959848378492207	0.0
109.0	28.918042036958667	17.513048384821555	20.990266610241218	32.57864296797856	0.0
110.0	26.866940626328468	19.25747484766898	20.256482924755563	33.61910160124699	0.0
111.0	31.034728152576147	18.62368346142898	19.321093082835183	31.020495303159695	0.0
112.0	27.88255465066438	19.195599371338762	20.51721674524932	32.40462923274753	0.0
113.0	28.954923916164226	18.20269882285386	17.93712316968131	34.905254091300606	0.0
114.0	30.594002306805073	17.01989619377163	19.96107266435986	32.425028835063436	0.0
115.0	26.2502714047912	20.337265687196933	19.121372222624302	34.291090685387566	0.0
116.0	29.826858722537462	18.376254910519425	18.88549396187982	32.91139240506329	0.0
117.0	29.208717273658035	18.794793037882112	20.48413046657891	31.512359221880942	0.0
118.0	29.27421133906905	17.751305243032576	21.251562614898152	31.72292080300022	0.0
119.0	26.96678966789668	19.505535055350553	23.313653136531364	30.214022140221402	0.0
120.0	26.996959133723948	19.73596380627457	21.545650077875845	31.72142698212564	0.0
121.0	30.497245794253384	18.386184308471044	19.227333631085305	31.889236266190263	0.0
122.0	27.553461941079703	18.431284582024823	20.809032451024375	33.20622102587109	0.0
123.0	30.514457378895983	17.499061209162598	19.286518963574917	32.699962448366506	0.0
124.0	31.355996080500493	17.147810356523703	19.18293510213311	32.31325846084269	0.0
125.0	28.20803997274586	19.017336664395486	19.146036793095618	33.628586569763044	0.0
126.0	30.424546214019898	19.442545758335232	18.622313359155466	31.510594668489407	0.0
127.0	29.69119329012581	17.682043461685094	21.746092260770112	30.880670987418984	0.0
128.0	29.54894139306536	18.7787664927892	19.69929426204357	31.97299785210187	0.0
129.0	30.836290695880265	18.18392223422311	18.615954328035798	32.363832741860826	0.0
130.0	30.779382083527402	18.39000155255395	18.32789939450396	32.502716969414685	0.0
131.0	30.60969904880711	19.741150787462967	19.50725089661625	30.141899267113676	0.0
132.0	29.582321134707314	17.451610375362435	22.012381474806052	30.953687015124203	0.0
133.0	29.309801449732113	19.38228805546801	19.01197604790419	32.29593444689568	0.0
134.0	28.161875346479764	19.47414271006573	19.893878197513263	32.47010374594124	0.0
135.0	28.94318000954958	16.62422409676906	21.80487028489575	32.62772560878561	0.0
136.0	27.295979538006556	18.735512748781073	20.07833106865958	33.890176644552795	0.0
137.0	29.848229342327148	16.71083273106882	19.58564201397254	33.8552959126315	0.0
138.0	29.337208363607008	17.930087995479134	19.181399854686365	33.5513037862275	0.0
139.0	30.300324675324674	18.555194805194805	19.212662337662337	31.931818181818183	0.0
140.0	28.77204441541476	19.472566949706074	20.133899412148924	31.621489222730244	0.0
141.0	29.443166885676742	18.355781865965834	19.522010512483572	32.67904073587385	0.0
142.0	32.50599817986266	17.54777860511293	18.30892694630595	31.63729626871846	0.0
143.0	31.398636288042574	20.638616331282222	18.784300681855978	29.178446698819226	0.0
144.0	30.203364298267637	18.353000251067034	18.353000251067034	33.090635199598296	0.0
145.0	30.055611729019212	19.03437815975733	18.579373104145603	32.330637007077854	0.0
146.0	29.596070793462616	19.603692099246338	18.29960199847574	32.50063510881531	0.0
147.0	29.585496638011744	18.580304706783558	18.41858881606945	33.41560983913524	0.0
148.0	27.952385030401643	18.823327909565812	19.962319088807057	33.26196797122549	0.0
149.0	29.985330917249115	19.251013892484252	18.448528777288807	32.315126412977826	0.0
150.0	28.114156835530878	18.632893823733518	19.6911866759195	33.5617626648161	0.0
151.0	30.36119350898622	18.67911359274123	21.165590647356485	29.794102250916072	0.0
152.0	29.69931422542641	18.427993669773166	17.6542992790575	34.218392825742924	0.0
153.0	30.170509762346498	18.45569396589805	20.629030833112466	30.74476543864299	0.0
154.0	30.345256057513094	17.839708884352532	19.836691222153192	31.978343835981182	0.0
155.0	29.465880671668454	19.364058592354414	19.05144694533762	32.118613790639515	0.0
156.0	30.49448083998923	18.370277304137126	20.33563672260612	30.799605133267523	0.0
157.0	30.01894793828386	19.39005684381485	19.832175403771544	30.75881981412975	0.0
158.0	28.08754086451144	20.94079186342172	19.778423537958588	31.193243734108243	0.0
159.0	32.559627158914374	16.512839257973134	19.912272685735175	31.015260897377317	0.0
160.0	27.369002670595822	18.905976609264204	21.70549774380698	32.019522976333	0.0
161.0	29.46081156197888	17.954419121734297	20.381693533444505	32.20307578284232	0.0
162.0	31.352459016393443	17.762667660208646	20.10059612518629	30.784277198211623	0.0
163.0	28.28207051762941	18.39834958739685	19.204801200300075	34.11477869467367	0.0
164.0	28.81116243989818	17.375318186103517	20.090506269444706	33.723013104553594	0.0
165.0	28.625628379019254	16.465901546049512	21.255809541876125	33.652660533055105	0.0
166.0	27.35165044838771	19.50009540164091	20.768937225720283	32.37931692425109	0.0
167.0	28.650877361204337	17.14450091092147	21.699108255825102	32.50551347204909	0.0
168.0	29.30335777692011	18.728290235430336	19.63527595522964	32.33307603241992	0.0
169.0	27.495145631067963	18.902912621359224	19.78640776699029	33.81553398058252	0.0
170.0	27.44504152418173	18.378114313629702	18.368343917928676	35.808500244259896	0.0
171.0	30.61043939840755	17.359677577902293	17.77253514204266	34.2573478816475	0.0
172.0	29.44609297725025	19.792284866468844	17.0919881305638	33.66963402571711	0.0
173.0	28.54722997210044	17.785970506177758	19.220805101634117	34.445994420087686	0.0
174.0	30.791583166332664	19.859719438877754	18.517034068136272	30.83166332665331	0.0
175.0	29.41532258064516	17.883064516129032	20.705645161290324	31.995967741935484	0.0
176.0	29.44043871229816	17.650045699197726	19.244439930943436	33.66507565756068	0.0
177.0	27.509217533797624	19.715280622695616	19.387546087668987	33.38795575583777	0.0
178.0	27.551336291404393	19.832834588793727	20.513878856671138	32.10195026313074	0.0
179.0	27.8025974025974	18.836363636363636	21.922077922077925	31.43896103896104	0.0
180.0	29.909966499162476	17.3785594639866	19.053601340033502	33.65787269681742	0.0
181.0	29.66557653760945	18.50406160987446	18.630657242325142	33.19970461019095	0.0
182.0	29.719089167908063	18.674185997020643	20.10002128112364	31.506703553947645	0.0
183.0	29.006650933276124	20.40334692126153	20.789530143745978	29.800472001716372	0.0
184.0	31.814738664646686	19.684016881289903	17.746997078238287	30.754247375825127	0.0
185.0	29.079794782229012	20.805588909507698	19.57209911581705	30.54251719244624	0.0
186.0	30.462046204620464	19.130913091309132	19.691969196919693	30.715071507150714	0.0
187.0	30.63013090747726	21.0561349012647	17.661415575771024	30.65231861548702	0.0
188.0	29.703413542249578	18.7129266927812	19.261331841074426	32.3223279238948	0.0
189.0	30.074593128390596	18.998643761301988	19.043851717902353	31.88291139240506	0.0
190.0	31.71037628278221	18.70011402508552	17.63968072976055	31.949828962371722	0.0
191.0	29.68336211859528	19.562464018422567	18.169257340241796	32.58491652274036	0.0
192.0	31.375741365275033	18.93243400395395	18.269566228631238	31.422258402139786	0.0
193.0	30.20244821092279	17.596516007532955	20.233050847457626	31.96798493408663	0.0
194.0	29.293768545994066	19.097922848664687	21.47181008902077	30.136498516320476	0.0
195.0	30.570196454240538	20.555821753713463	18.986583612841397	29.8873981792046	0.0
196.0	30.815856467450597	19.772093587101466	18.06279549036247	31.34925445508546	0.0
197.0	28.6539643515673	19.76644130301168	21.475107559926247	30.104486785494778	0.0
198.0	29.083166332665332	21.693386773547093	18.975450901803605	30.247995991983966	0.0
199.0	28.904918032786885	22.150819672131146	18.675409836065572	30.268852459016394	0.0
200.0	24.281587349855556	18.944807663068268	22.578683290253913	34.19492169682226	0.0
201.0	30.09098786828423	18.782495667244365	19.042461005199307	32.0840554592721	0.0
202.0	29.38076416337286	18.664909969257796	20.75098814229249	31.203337725076857	0.0
203.0	30.171073094867808	19.840035547656075	19.617862697178403	30.37102866029771	0.0
204.0	31.417022232203006	18.212441050976867	22.142375926341792	28.22816079047833	0.0
205.0	30.054397098821394	18.85766092475068	22.733454215775158	28.354487760652763	0.0
206.0	28.446891488873593	22.757513191098877	20.69281945400321	28.102775866024317	0.0
207.0	28.70691649317604	19.63913948646773	18.436271108026833	33.2176729123294	0.0
208.0	29.512423816221283	16.736990154711673	22.480075011720583	31.270511017346458	0.0
209.0	27.066066777172626	19.559554818849158	18.612360880890364	34.76201752308785	0.0
210.0	28.297362110311752	18.41726618705036	20.5515587529976	32.73381294964029	0.0
211.0	30.29861616897305	18.790968681718866	20.587521243020152	30.322893906287934	0.0
212.0	26.809453471196456	17.40521910388971	22.870507139340226	32.91482028557361	0.0
213.0	30.475	20.75	18.35	30.425	0.0
214.0	31.50823827629911	21.749049429657795	19.138149556400506	27.604562737642585	0.0
215.0	27.035330261136714	19.559651817716333	19.380440348182283	34.024577572964674	0.0
216.0	29.937791601866255	18.14411612234318	23.043027475375844	28.875064800414723	0.0
217.0	25.277337559429476	19.492868462757528	24.247226624405705	30.98256735340729	0.0
218.0	26.56675749318801	20.817438692098094	19.318801089918257	33.29700272479564	0.0
219.0	23.84406165004533	22.30281051677244	23.57207615593835	30.28105167724388	0.0
220.0	13.903985507246377	24.04891304347826	22.282608695652172	39.76449275362319	0.0
