# Position (bp)	A	C	G	T	N
0.0	26.912928759894463	28.188214599824096	24.098504837291117	20.800351802990324	0.0
1.0	20.71240105540897	22.33948988566403	18.425681618293755	38.522427440633244	0.0
2.0	27.19683655536028	21.8804920913884	21.528998242530754	29.393673110720563	0.0
3.0	24.560632688927946	23.06678383128295	17.04745166959578	35.32513181019332	0.0
4.0	26.889279437609844	15.641476274165203	19.507908611599298	37.96133567662566	0.0
5.0	38.35676625659051	13.13708260105448	29.042179261862916	19.463971880492092	0.0
6.0	26.581722319859402	18.057996485061512	23.418277680140598	31.942003514938488	0.0
7.0	28.295254833040424	19.376098418277678	21.528998242530754	30.799648506151144	0.0
8.0	19.463971880492092	36.247803163444644	17.83831282952548	26.449912126537782	0.0
9.0	30.62390158172232	19.112478031634446	15.421792618629174	34.84182776801406	0.0
10.0	28.690685413005273	18.67311072056239	28.075571177504393	24.560632688927946	0.0
11.0	25.30755711775044	17.398945518453427	20.298769771529	36.99472759226713	0.0
12.0	25.57117750439367	21.528998242530754	22.627416520210897	30.272407732864675	0.0
13.0	24.121265377855888	29.086115992970125	17.530755711775043	29.261862917398947	0.0
14.0	30.931458699472756	16.95957820738137	24.38488576449912	27.72407732864675	0.0
15.0	25.351493848857643	18.629173989455182	20.035149384885763	35.984182776801404	0.0
16.0	28.031634446397184	17.135325131810195	22.847100175746924	31.985940246045697	0.0
17.0	30.404217926186295	21.00175746924429	20.95782073813708	27.636203866432336	0.0
18.0	31.54657293497364	20.518453427065026	13.971880492091387	33.96309314586995	0.0
19.0	27.592267135325134	23.06678383128295	20.78207381370826	28.558875219683657	0.0
20.0	27.636203866432336	24.253075571177504	18.848857644991213	29.261862917398947	0.0
21.0	29.393673110720563	19.727592267135325	20.60632688927944	30.272407732864675	0.0
22.0	30.62390158172232	17.486818980667838	23.110720562390156	28.778558875219684	0.0
23.0	33.567662565905096	25.0	18.67311072056239	22.759226713532513	0.0
24.0	30.887521968365554	22.891036906854133	18.101933216168717	28.119507908611602	0.0
25.0	25.439367311072058	19.947275922671352	21.0896309314587	33.523725834797894	0.0
26.0	29.261862917398947	18.233743409490334	19.81546572934974	32.68892794376098	0.0
27.0	32.51318101933216	17.926186291739896	21.045694200351495	28.51493848857645	0.0
28.0	26.18629173989455	19.024604569420035	22.495606326889277	32.29349736379613	0.0
29.0	25.52724077328647	22.144112478031637	16.3884007029877	35.9402460456942	0.0
30.0	25.30755711775044	24.604569420035148	18.36555360281195	31.72231985940246	0.0
31.0	25.48330404217926	18.760984182776802	20.60632688927944	35.1493848857645	0.0
32.0	27.548330404217925	21.57293497363796	25.92267135325132	24.956063268892795	0.0
33.0	26.581722319859402	20.694200351493848	25.92267135325132	26.801405975395433	0.0
34.0	30.184534270650264	19.59578207381371	18.233743409490334	31.985940246045697	0.0
35.0	22.58347978910369	22.847100175746924	21.528998242530754	33.04042179261863	0.0
36.0	30.71177504393673	15.07029876977153	19.200351493848856	35.017574692442885	0.0
37.0	24.82425307557118	20.56239015817223	24.648506151142353	29.964850615114237	0.0
38.0	29.876977152899826	18.409490333919155	23.154657293497362	28.558875219683657	0.0
39.0	22.144112478031637	21.221441124780316	22.012302284710017	34.62214411247803	0.0
40.0	27.899824253075572	24.472759226713535	21.57293497363796	26.054481546572934	0.0
41.0	30.096660808435853	19.420035149384884	22.847100175746924	27.636203866432336	0.0
42.0	22.58347978910369	23.022847100175746	27.19683655536028	27.19683655536028	0.0
43.0	30.492091388400706	20.60632688927944	20.78207381370826	28.119507908611602	0.0
44.0	22.80316344463972	22.056239015817223	22.627416520210897	32.51318101933216	0.0
45.0	29.920913884007028	22.539543057996486	20.650263620386646	26.889279437609844	0.0
46.0	28.031634446397184	22.144112478031637	16.124780316344463	33.69947275922671	0.0
47.0	28.119507908611602	19.727592267135325	22.495606326889277	29.657293497363796	0.0
48.0	29.876977152899826	19.991212653778557	16.56414762741652	33.567662565905096	0.0
49.0	28.031634446397184	19.200351493848856	22.80316344463972	29.964850615114237	0.0
50.0	28.251318101933215	25.17574692442882	20.07908611599297	26.49384885764499	0.0
51.0	25.61511423550088	20.913884007029875	18.014059753954307	35.45694200351494	0.0
52.0	26.01054481546573	15.421792618629174	28.031634446397184	30.536028119507908	0.0
53.0	30.14059753954306	14.762741652021088	21.79261862917399	33.30404217926186	0.0
54.0	28.207381370826013	22.27592267135325	24.604569420035148	24.91212653778559	0.0
55.0	30.931458699472756	24.033391915641474	16.25659050966608	28.778558875219684	0.0
56.0	25.83479789103691	24.165202108963094	19.507908611599298	30.492091388400706	0.0
57.0	25.70298769771529	17.882249560632687	24.82425307557118	31.590509666080845	0.0
58.0	24.82425307557118	16.432337434094904	26.845342706502635	31.89806678383128	0.0
59.0	33.43585237258348	20.298769771529	20.47451669595782	25.7908611599297	0.0
60.0	27.899824253075572	23.242530755711773	24.51669595782074	24.340949033391915	0.0
61.0	29.745166959578206	19.947275922671352	16.87170474516696	33.43585237258348	0.0
62.0	27.416520210896312	22.319859402460455	20.035149384885763	30.228471001757466	0.0
63.0	23.857644991212652	18.18980667838313	27.768014059753952	30.184534270650264	0.0
64.0	29.305799648506152	19.77152899824253	22.056239015817223	28.866432337434095	0.0
65.0	25.52724077328647	21.924428822495607	26.801405975395433	25.746924428822492	0.0
66.0	28.954305799648505	23.550087873462214	15.289982425307558	32.20562390158172	0.0
67.0	24.69244288224956	17.530755711775043	23.901581722319857	33.87521968365554	0.0
68.0	21.616871704745165	26.93321616871705	21.8804920913884	29.569420035149385	0.0
69.0	27.81195079086116	17.35500878734622	23.28646748681898	31.54657293497364	0.0
70.0	22.27592267135325	21.528998242530754	22.231985940246048	33.96309314586995	0.0
71.0	30.008787346221443	19.288224956063267	19.77152899824253	30.931458699472756	0.0
72.0	25.52724077328647	23.72583479789104	22.891036906854133	27.855887521968363	0.0
73.0	23.637961335676625	17.398945518453427	25.0	33.96309314586995	0.0
74.0	27.152899824253073	18.101933216168717	27.240773286467483	27.504393673110723	0.0
75.0	26.01054481546573	17.66256590509666	22.58347978910369	33.74340949033392	0.0
76.0	25.878734622144112	18.67311072056239	23.374340949033392	32.073813708260104	0.0
77.0	28.295254833040424	20.826010544815464	24.956063268892795	25.92267135325132	0.0
78.0	30.008787346221443	19.551845342706503	19.727592267135325	30.71177504393673	0.0
79.0	28.163444639718804	15.817223198594025	24.165202108963094	31.854130052724077	0.0
80.0	27.768014059753952	18.67311072056239	22.80316344463972	30.755711775043938	0.0
81.0	25.65905096660808	26.01054481546573	20.913884007029875	27.416520210896312	0.0
82.0	37.390158172231985	16.25659050966608	22.671353251318102	23.681898066783834	0.0
83.0	24.38488576449912	18.629173989455182	21.57293497363796	35.41300527240773	0.0
84.0	33.83128295254833	14.015817223198592	23.50615114235501	28.646748681898064	0.0
85.0	26.757469244288224	18.936731107205624	24.077328646748683	30.228471001757466	0.0
86.0	24.29701230228471	20.254833040421794	19.15641476274165	36.291739894551846	0.0
87.0	31.54657293497364	20.47451669595782	19.112478031634446	28.866432337434095	0.0
88.0	24.38488576449912	14.367311072056237	22.539543057996486	38.708260105448154	0.0
89.0	28.251318101933215	18.717047451669597	20.210896309314588	32.8207381370826	0.0
90.0	26.054481546572934	25.17574692442882	21.836555360281196	26.93321616871705	0.0
91.0	29.393673110720563	19.68365553602812	21.39718804920914	29.525483304042176	0.0
92.0	26.62565905096661	22.231985940246048	20.95782073813708	30.184534270650264	0.0
93.0	23.154657293497362	20.123022847100174	23.769771528998245	32.95254833040422	0.0
94.0	23.769771528998245	14.762741652021088	24.736379613356764	36.7311072056239	0.0
95.0	28.51493848857645	13.971880492091387	23.637961335676625	33.87521968365554	0.0
96.0	29.305799648506152	20.694200351493848	18.848857644991213	31.151142355008787	0.0
97.0	33.523725834797894	18.760984182776802	17.486818980667838	30.228471001757466	0.0
98.0	25.52724077328647	19.59578207381371	18.321616871704745	36.55536028119508	0.0
99.0	26.977152899824254	18.760984182776802	23.28646748681898	30.975395430579965	0.0
100.0	30.052956751985878	15.092674315975287	27.360988526037072	27.493380406001766	0.0
101.0	26.41425389755011	20.71269487750557	21.55902004454343	31.314031180400892	0.0
102.0	31.682284694332886	19.455600178491743	22.356091030789827	26.506024096385545	0.0
103.0	26.453357368183866	17.710680486705723	19.423163587201444	36.412798557908964	0.0
104.0	29.773755656108598	22.714932126696834	20.271493212669682	27.239819004524886	0.0
105.0	28.169014084507044	17.90095411176738	19.036801453884596	34.893230349840984	0.0
106.0	32.023755139333026	18.912745545911374	24.805847418912748	24.257651895842848	0.0
107.0	27.264367816091955	21.517241379310345	19.17241379310345	32.04597701149425	0.0
108.0	27.63401109057301	22.96672828096118	15.480591497227355	33.91866913123845	0.0
109.0	28.897161470451373	19.404374127501164	21.544904606793857	30.153559795253603	0.0
110.0	27.545753167526982	19.38057250117316	21.773815110276864	31.299859221022995	0.0
111.0	24.29245283018868	21.32075471698113	24.10377358490566	30.283018867924525	0.0
112.0	27.990543735224588	20.189125295508276	21.418439716312058	30.40189125295508	0.0
113.0	31.603998096144693	16.515944788196098	20.323655402189434	31.55640171346978	0.0
114.0	28.27024436990896	14.183037853378055	21.897460469573552	35.649257307139436	0.0
115.0	29.07425265188042	14.946962391513981	18.418514946962393	37.560270009643205	0.0
116.0	28.009708737864074	15.194174757281553	23.640776699029125	33.15533980582524	0.0
117.0	27.544031311154598	23.18982387475538	20.401174168297455	28.864970645792564	0.0
118.0	25.800098473658295	23.485967503692763	21.02412604628262	29.68980797636632	0.0
119.0	31.714568880079284	18.18632309217047	19.22695738354807	30.87215064420218	0.0
120.0	30.512692882030862	14.335490293678447	21.553011448481833	33.59880537580886	0.0
121.0	28.95	16.1	26.400000000000002	28.549999999999997	0.0
122.0	28.313253012048197	17.82128514056225	24.347389558232933	29.518072289156628	0.0
123.0	29.00454775138959	22.03132895401718	17.73623041940374	31.22789287518949	0.0
124.0	26.68711656441718	16.768916155419223	20.552147239263803	35.991820040899796	0.0
125.0	26.841834106130865	18.134981968057705	18.083462132921174	36.93972179289026	0.0
126.0	33.4375	15.885416666666666	17.291666666666668	33.385416666666664	0.0
127.0	29.08805031446541	18.658280922431867	21.069182389937108	31.18448637316562	0.0
128.0	29.751191106405507	21.016410799364742	20.01058761249338	29.22181048173637	0.0
129.0	23.011211959423385	23.438334223171385	18.633208756006407	34.91724506139883	0.0
130.0	31.293612453032743	15.083199141170155	18.411164787976382	35.21202361782072	0.0
131.0	30.17751479289941	16.783216783216783	27.057557826788596	25.981710597095216	0.0
132.0	33.27922077922078	21.374458874458874	18.181818181818183	27.164502164502164	0.0
133.0	30.238870792616723	20.466883821932683	21.009771986970684	28.284473398479914	0.0
134.0	33.57025697102242	19.08146528157463	19.026790595954076	28.321487151448878	0.0
135.0	32.06611570247934	16.418732782369148	15.702479338842975	35.81267217630854	0.0
136.0	24.681087077093732	18.63560732113145	24.792013311148086	31.891292290626733	0.0
137.0	32.4595649749024	16.2297824874512	24.48410485220301	26.82654768544339	0.0
138.0	24.747474747474747	29.629629629629626	16.329966329966332	29.292929292929294	0.0
139.0	32.51986379114643	23.098751418842227	17.93416572077185	26.4472190692395	0.0
140.0	24.8	26.91428571428571	16.914285714285715	31.371428571428574	0.0
141.0	36.37931034482759	13.275862068965516	24.655172413793103	25.689655172413794	0.0
142.0	24.884526558891455	24.133949191685915	25.519630484988454	25.46189376443418	0.0
143.0	29.178800232964473	17.06464764123471	20.73383808969132	33.02271403610949	0.0
144.0	27.006444053895724	22.729935559461044	19.273579379027534	30.990041007615698	0.0
145.0	23.592175459395374	16.301126259632483	19.97628927089508	40.13040901007706	0.0
146.0	33.59234907352062	12.61207411835027	24.566646742378957	29.22893006575015	0.0
147.0	35.16284680337756	17.12907117008444	23.341375150784078	24.36670687575392	0.0
148.0	28.243327126008687	23.15332091868405	21.973929236499067	26.629422718808193	0.0
149.0	36.884154460719046	17.643142476697736	21.97070572569907	23.501997336884152	0.0
150.0	18.631863186318633	21.69216921692169	32.58325832583258	27.09270927092709	0.0
