# Position (bp)	A	C	G	T	N
0.0	31.079824692270936	14.975210864408941	26.082430092043047	27.85096680872041	0.011567542556664742
1.0	28.063078305184057	17.260264494723835	20.291694459189046	34.378368210471464	0.0065945304315958
2.0	29.61262088713599	19.124534010481387	19.193905667513103	32.06450915770706	0.004430277162461505
3.0	31.329856570013508	18.353012072914833	20.173074991603283	30.142760408960672	0.0012959565076996016
4.0	32.16438651879435	17.97760328125422	19.790388299738254	30.066758412261528	8.634879516446748E-4
5.0	32.24059277669367	18.117595280396365	19.816790665212555	29.8244819190811	5.393586163078314E-4
6.0	27.905718068475366	18.080550632010663	17.636461257811188	36.37683878229594	4.312594068458118E-4
7.0	27.692529853536897	19.61620652903668	19.58279944867541	33.10803310964958	4.310591014357501E-4
8.0	26.86912591581058	19.529071702193423	19.790554941096268	33.81070896635504	5.384745446928487E-4
9.0	30.79772932269321	17.391519618712206	19.60192107738773	32.20786126221931	9.687189875379683E-4
10.0	29.074683252904993	20.55655836989004	21.258145924187236	29.1093215835526	0.0012908694651282372
11.0	27.307434277580196	20.198919713930614	20.086784127707705	32.40600178040777	8.601003737136124E-4
12.0	28.445614506380124	19.03194089993284	20.12572196104768	32.39618535930154	5.372733378106111E-4
13.0	29.187815896202963	18.55695232041096	20.888262271564162	31.366539994996128	4.2951682578475407E-4
14.0	29.043297415805213	18.749228690668204	20.202992519238467	32.00394481127469	5.365630134237335E-4
15.0	29.251593432580346	18.52746774257551	20.5834059936445	31.636460354282026	0.0010724769176155408
16.0	29.535206995634695	19.026321514963467	20.72453563034343	30.713614329090213	3.215299682006861E-4
17.0	28.98090570686377	19.572159288717494	19.864277871508527	31.582550012051097	1.0712085910929006E-4
18.0	29.04251777327922	18.99902261683904	20.080031944264537	31.878320613792344	1.0705182485893245E-4
19.0	28.572315185964342	18.68161029989278	20.82310541938549	31.9227550843522	2.1401040518590015E-4
20.0	28.850864638088574	18.682836243985616	19.59742929821296	32.868228000025674	6.418196871770845E-4
21.0	28.885561977682368	18.38996508525507	20.182112743079877	32.54161163896122	7.485550214674886E-4
22.0	29.210835522397954	18.66547778273146	19.8637701519569	32.259595800844835	3.2074206885049247E-4
23.0	28.82096069868996	18.30096163916836	18.76521597872809	34.112647938321714	2.1374509187832775E-4
24.0	29.058789842127307	18.118391698648637	19.004876360124108	33.81772841110152	2.1368799842725635E-4
25.0	30.23870412268277	17.99350095819206	19.161384325815213	32.60587648402266	5.341092873059314E-4
26.0	28.94177277916674	18.353092703682066	18.78669171430738	33.91822920727208	2.1359557173660675E-4
27.0	29.8833699392772	18.30845303672731	18.728077808896685	33.079565341342864	5.338737559406803E-4
28.0	29.825372208767785	17.913624297822516	18.86441236963754	33.396164187053785	4.269367183722611E-4
29.0	29.906098327353114	18.504849790399007	18.54251288600672	33.04621891327565	3.200829655046588E-4
30.0	29.912617846366658	18.191860769180686	19.19739059619882	32.69791732262875	2.1346562509672664E-4
31.0	30.181738213277647	18.395442880140745	19.206880943535612	32.21519068420851	7.472788374903387E-4
32.0	29.978118629280033	18.751875507922254	18.854714746591515	32.41465037328615	6.407429200577096E-4
33.0	30.56325427728866	17.755490972988976	19.72389349505815	31.95650617103169	8.550836325235335E-4
34.0	30.557278190022025	18.81883112717319	19.43010499754079	31.193037230288905	7.484549750871415E-4
35.0	29.808381491141173	18.882211101292935	19.164739284575738	32.14391927888452	7.488441056340891E-4
36.0	30.118231399562184	18.32099637652071	19.65338771228397	31.906528150205794	8.563614273404091E-4
37.0	29.930297283318147	18.523960108071872	20.40632967917903	31.138984582731418	4.2834669953513676E-4
38.0	30.44750979858523	18.226332854029472	19.324052982005746	32.001461483899035	6.428814805131909E-4
39.0	30.249072124229098	18.326431955419032	19.187655227337615	32.235874714768094	9.659782461698964E-4
40.0	30.20850907895147	18.3298425999856	19.906099452049787	31.554151859258788	0.001397009754351954
41.0	30.46025374756529	18.217310361896974	19.45107449933819	31.870392889041938	9.685021576075844E-4
42.0	30.47628798206713	17.91487275098205	19.5626707475442	32.04498305322204	0.001185466184577085
43.0	30.628886801669726	18.244607947272673	19.492913579421504	31.63218980802017	0.0014018636159238767
44.0	30.97899155130183	17.983750013487704	18.886131402613376	32.149508508044065	0.0016185245530174691
45.0	30.44279048476565	17.90627273924656	19.403689236954555	32.24498036192783	0.0022671771053978246
46.0	30.061543180674278	18.29586522281051	19.658175047037656	31.983120448796466	0.001296100681100908
47.0	29.80355585620535	18.890688705353234	19.37826006615496	31.925874456858256	0.0016209154281972287
48.0	29.76527872543115	18.516780403092998	19.516132694780165	32.20083499225237	9.731844433222786E-4
49.0	30.058130540009238	18.5015887715988	19.788293614944948	31.650580602164453	0.0014064712825611625
50.0	29.10372379297465	19.057440278025886	19.529369732205208	32.30773394828155	0.0017322485127022535
51.0	29.749302776110408	17.995419016930565	19.940819939628103	32.31250799071668	0.0019502766142331187
52.0	29.306239292142873	18.544924204636636	20.3838563466418	31.76346208063152	0.001518075947170957
53.0	30.060715894108007	18.7382596947385	19.21172429883723	31.9872382678336	0.0020618444826669417
54.0	28.881120475922085	18.57132152433204	20.14817179848896	32.39840881472335	9.773865335683406E-4
55.0	29.245029743821622	18.949526261843456	19.952544664644254	31.851812400342165	0.0010869293485054178
56.0	29.912285091947243	18.20524983843136	19.29281895390561	32.58823171010343	0.0014144056123614698
57.0	29.55822611009668	18.037131523903785	20.227436300305637	32.17557280999465	0.0016332556992457625
58.0	29.462014209382374	18.462713996394246	20.278127186834414	31.794746583360766	0.002398024028200763
59.0	28.98437014056288	18.38873750937104	19.86213248332855	32.76279563110345	0.001964235634071631
60.0	29.438329407960566	18.195522890239584	20.246402712658345	32.11821562312926	0.0015293660122436673
61.0	29.52611782360038	18.260219031192204	20.82940044777474	31.38196585580866	0.002296841624020151
62.0	29.320147898188058	18.513660436358776	19.868262437166813	32.29617739899335	0.001751829292994544
63.0	29.37574956314309	17.919464853025328	20.094650503509108	32.608709951129036	0.0014251291934426517
64.0	28.91315441471003	18.42770367037417	20.65187688964734	32.00605784584319	0.00120717942527285
65.0	29.16272988947727	18.91498758541891	19.524510557887105	32.397662103667244	1.0986354947155632E-4
66.0	29.216985749877626	18.317704580828607	20.068638181088204	32.39546152026971	0.0012099679358497
67.0	29.525614942573046	18.9768342532734	20.21360380415686	31.282184592371635	0.00176240762505659
68.0	29.612415583670742	18.315544736932083	19.64050748510754	32.43076013574995	7.720585396843603E-4
69.0	29.616761295552465	18.484715621883513	19.89702551280168	32.00072448802662	7.73081735723113E-4
70.0	30.082851938244282	18.625814721786266	20.162960947549227	31.127929984526787	4.4240789344163477E-4
71.0	30.124898225946705	18.94409765878137	19.36282519233219	31.56795737398018	2.2154895955069873E-4
72.0	30.049011885770575	18.167789717044556	19.841271602171698	31.941704921379078	2.2187363409044013E-4
73.0	29.796060337336115	18.297228278625674	20.267392990574237	31.63898501345744	3.333800065342481E-4
74.0	29.9322460953585	19.21493167851173	18.780563265542334	32.07203637877193	2.2258181551083642E-4
75.0	29.870759667384235	18.136009480374266	19.837995297716525	32.15490111046576	3.3444405921443553E-4
76.0	30.144261423720337	18.783576597913854	19.58388747631283	31.488051169869806	2.2333218317259E-4
77.0	29.97228051492467	18.256267646282367	19.350281221894587	32.420275718268016	8.948986303576463E-4
78.0	29.786158701128713	17.944200891136152	19.941973050751727	32.32733116376644	3.361932169656545E-4
79.0	29.91144004239381	18.089673693381357	20.22171425491975	31.776610650547436	5.613587576457063E-4
80.0	29.579524186582205	18.224630182839043	19.83785632018428	32.35731446156061	6.748488338612151E-4
81.0	29.43205101330106	18.198846385318124	20.25486364220363	32.113224643806255	0.0010143153709351311
82.0	29.571597317740274	18.634545499716552	20.351385962178238	31.44111608746028	0.0013551329046596243
83.0	29.891931651012786	18.2374108860473	19.684508317302253	32.18433857643997	0.0018105691976915241
84.0	29.46952964493204	18.255794968547754	20.397132788796014	31.8762953925975	0.0012472051266933645
85.0	29.973305999161337	18.103850913607577	20.253916881540686	31.66790344703758	0.0010227586528223026
86.0	29.82505296248206	18.11180209116381	19.51103669787467	32.55005808788355	0.0020501605959133465
87.0	30.25460325144954	17.393587989869765	19.678371854568542	32.671724172579395	0.001712731532757703
88.0	29.697136185701535	17.917496508939404	20.2855802028249	32.098070187487124	0.0017169150470434725
89.0	29.56375865879224	18.286244726125712	19.199254629592446	32.948906097786264	0.0018358877033389062
90.0	30.08130642365604	17.597912188142306	19.726095462873825	32.592270541402556	0.0024153839252749223
91.0	29.98393664140887	18.25745424018469	19.312469801923683	32.44464022343405	0.0014990930487055333
92.0	29.94781249494195	17.87924962830565	19.1724916123095	32.99686227539372	0.0035839890491792662
93.0	29.755760518249563	17.568363405348506	19.599557614456824	33.07504324156384	0.0012752203812677082
94.0	30.14260620482887	17.834552622003464	19.996024185045123	32.02542196533136	0.001395022791184851
95.0	29.46155191511689	18.314697137526963	19.74441788608407	32.4777006937562	0.0016323675158864339
96.0	29.33876275590754	18.165839077341207	19.709996795673927	32.784933586249	4.6778482833466264E-4
97.0	30.231570699849513	18.334117238604737	19.608852773206625	31.82381719250876	0.001642095830366809
98.0	29.66355854928376	18.48457216813248	19.393358237491544	32.456981498367504	0.001529546724711004
99.0	29.201198167342152	18.06480395234712	20.019379341763308	32.713084242305506	0.0015342962419183895
100.0	29.433800085481117	18.61013862858455	19.943620350188425	32.01125698677884	0.0011839489670637238
101.0	29.588410451687846	18.52372700375684	19.540318624685398	32.34695004697535	5.938728945721205E-4
102.0	29.14386565357078	18.700961932636115	19.14939509786163	33.004943132525526	8.341834059470127E-4
103.0	30.015042556804183	18.50808447746845	19.513711685125088	31.962324254389006	8.370262132694961E-4
104.0	29.43788349172024	19.040390161011018	19.11767353056593	32.403092774844986	9.60041857825001E-4
105.0	29.618763030384056	18.521783851296743	19.42582602547843	32.43206133900859	0.0015657538321825044
106.0	30.184806665562668	18.494808998461252	19.212447283140154	32.107453550538686	4.8350229724028975E-4
107.0	29.87254893633029	18.476581792323813	18.970586629226982	32.6796759056452	6.067364737204231E-4
108.0	28.956934629244213	18.586075331213532	19.48701024298938	32.969370892178866	6.089043740036802E-4
109.0	29.850047490462178	18.08072522886491	19.590763013425683	32.477975304959664	4.889622875611661E-4
110.0	29.124807808172616	18.32059007952723	19.22887669168688	33.32511187926488	6.135413483920922E-4
111.0	29.17829331303059	17.934910491762484	19.598922279179956	33.28725793476266	6.159812643138647E-4
112.0	29.085526820373637	18.18617033120644	20.099013085462495	32.6289186494437	3.711135137274889E-4
113.0	29.288371370905136	18.17792268281323	19.161869274957304	33.37171246700823	1.2420431609998448E-4
114.0	28.709644426927166	17.557636564107426	20.306255831009246	33.42608899554473	3.7418241143102323E-4
115.0	29.450738006224675	18.001966346665665	20.437480821857758	32.10956433523079	2.5049002110378427E-4
116.0	28.72408532175519	18.407015310774895	20.496414740504186	32.37210729742749	3.7732953823668876E-4
117.0	28.593533099320062	18.235351329366306	20.497212934811852	32.67327107856202	6.315579397569512E-4
118.0	29.051796104064167	18.108717771750023	20.927904634067744	31.91120087895804	3.8061116002669355E-4
119.0	29.08462497228106	18.40091657299576	20.097315786924817	32.416378007345834	7.646604525260558E-4
120.0	29.456872036701053	18.237212440766033	20.302735037701037	32.00279636830629	3.841165255892028E-4
121.0	30.104367914262415	18.113762827323455	20.08921565853144	31.692396345965356	2.572539173340262E-4
122.0	30.15503585454517	18.06425517012332	19.556848418432686	32.223602099193485	2.584577053349547E-4
123.0	30.19102375332071	18.04130538091788	19.483462006892022	32.28394917459353	2.5968427585741253E-4
124.0	30.008454408817638	17.95492025718103	19.72173513694055	32.31436831997328	5.218770875083501E-4
125.0	29.950439229054677	18.338271928674445	19.093745902714044	32.61728071325554	2.622263012980202E-4
126.0	29.797622389233936	18.04293193855269	19.3378218281062	32.82122849812013	3.9534598704055857E-4
127.0	29.44283591301745	18.712665661812817	19.932132630112235	31.9119684451167	3.973499407948588E-4
128.0	29.502854221692086	18.837596915736558	19.385144202095937	32.27373903041663	6.656300587884468E-4
129.0	28.957849852647133	18.72974065359897	19.905351545666004	32.40665644163568	4.01506452208687E-4
130.0	28.831719991711275	18.94566308475224	20.425927570514734	31.796554795755526	1.345572662269335E-4
131.0	28.873561414804914	19.018948473354726	19.78402960766596	32.32278415946585	6.763447085495382E-4
132.0	28.54185341409437	18.759258024981875	20.255096419482214	32.443520096630316	2.7204481122130436E-4
133.0	28.55397822869446	18.729806553277868	20.778218845666668	31.937859583560176	1.3678880082729867E-4
134.0	28.410927734925806	18.910583130766618	19.911517207509483	32.76642166067564	5.502661224534715E-4
135.0	28.87740264555608	17.869747660823162	20.465635579561066	32.78624565403564	9.684600240454788E-4
136.0	28.973383924608427	18.795994439968776	20.75341484149876	31.477067654003545	1.3913992049544943E-4
137.0	29.52748026327759	18.822276430273842	20.028382253534136	31.621581149033425	2.799038810072621E-4
138.0	29.660323925958977	18.381890323461477	20.663193853091823	31.294451145789203	1.407516985211219E-4
139.0	28.960889836567855	19.057125502805516	21.544358030092585	30.43691870302016	7.079275138859982E-4
140.0	28.804357114778757	19.134729873696084	20.1982293524147	31.86254123250289	1.4242660756911963E-4
141.0	29.42744001329536	18.231688796942066	19.334143280400237	33.00658464042362	1.4326893872100953E-4
142.0	30.365124689555365	18.313026206355772	21.47419219531742	29.847512767328322	1.4414144311530018E-4
143.0	30.509076930887673	18.46907025827368	20.051350116408102	30.970067523952512	4.351704780347701E-4
144.0	30.833534105759615	18.05593884836936	19.198370457980158	31.911718538960805	4.380489300654883E-4
145.0	27.856520484878455	18.83393089481152	19.755588524464695	33.55337136532495	5.887305203789069E-4
146.0	27.98185041653682	19.097918583342405	19.77934806433768	33.14013738930498	7.45546478112992E-4
147.0	27.81256508367956	18.99326094127913	19.860992661981403	33.33166111032567	0.0015202027342366379
148.0	29.303698843598784	18.871799077654895	19.60251468370881	32.21678264325685	0.005204751780655988
149.0	29.950185653401245	20.91432835970744	16.322439547604745	32.806185880970986	0.006860558315582336
150.0	26.0661203597173	24.98532484913945	12.46777336871023	36.47138932588227	0.009392096550752542
