# Position (bp)	A	C	G	T	N
0.0	26.000760905501856	24.138037495867287	23.975208580485813	25.885993018145044	0.0
1.0	26.36147387152609	19.948012894066398	15.56779838192108	38.12271485248643	0.0
2.0	28.670142476270666	19.0306591783505	18.527165482899044	33.77203286247979	0.0
3.0	22.887045232893886	22.34047775684236	15.220737678961965	39.55173933130179	0.0
4.0	34.1116767057831	13.22450279886743	14.76680802753475	37.897012467814726	0.0
5.0	34.99430511118549	14.830425953385133	23.10293989902886	27.072329036400518	0.0
6.0	30.999901230944282	17.372371367275953	20.736484280837967	30.891243120941798	0.0
7.0	34.82067220542797	17.033045599109645	20.07567920734006	28.070602988122324	0.0
8.0	22.23005949347389	27.231017419678466	22.686656810818867	27.852266276028775	0.0
9.0	28.064941686773803	18.461831712836442	15.480148209467664	37.99307839092209	0.0
10.0	26.085089845216864	16.208463694110897	25.632768875671623	32.07367758500062	0.0
11.0	28.249407780498952	17.81609104636035	19.72058440666221	34.213916766478484	0.0
12.0	26.20158387661376	19.469020958113294	21.470181646376897	32.859213518896055	0.0
13.0	26.222649749013616	20.769966140315475	18.857734048341925	34.14965006232899	0.0
14.0	30.85395871356281	18.20650216253207	20.604063283630104	30.335475840275006	0.0
15.0	29.90782891158566	18.268460610766944	19.927987274949604	31.89572320269779	0.0
16.0	29.717422096059167	17.757935146026952	18.877560751777082	33.647082006136806	0.0
17.0	30.399487421402366	17.84033988217933	19.696797222026156	32.063375474392146	0.0
18.0	30.765746891477836	17.52295469391737	19.004308298921085	32.70699011568371	0.0
19.0	29.86002371672209	18.3238223065721	19.899850850221767	31.916303126484042	0.0
20.0	29.853803574467918	17.684824177109803	19.84516948247566	32.61620276594662	0.0
21.0	28.989629006175555	18.474162658906714	19.682631819939516	32.85357651497821	0.0
22.0	29.883883793650185	18.948023300750076	22.436405423526693	28.731687482073053	0.0
23.0	29.82944540021088	20.26638974075006	21.10629117579276	28.7978736832463	0.0
24.0	32.13446975656283	19.59754221769696	18.352651208074327	29.91533681766588	0.0
25.0	29.380307394084763	21.103824986578708	19.222316995700446	30.29355062363608	0.0
26.0	32.49868824246114	16.709391673732156	21.576373567165327	29.21554651664137	0.0
27.0	26.286236125104068	21.167532849822564	25.126021661402426	27.420209363670946	0.0
28.0	26.363453359806194	19.616931567379872	18.27168002033209	35.74793505248184	0.0
29.0	27.98144356624081	19.79905295904437	17.361753390068642	34.85775008464617	0.0
30.0	26.542026642030393	19.233356519081028	16.31002962875708	37.91458721013151	0.0
31.0	34.21136654480036	14.219249210298795	17.871062498084584	33.698321746816255	0.0
32.0	34.440821963564886	15.564812688080309	22.54679126558946	27.447574082765353	0.0
33.0	30.98388958214483	17.806313167399495	20.78072495942671	30.42907229102897	0.0
34.0	33.307395034163214	16.359447345006465	21.778367216747526	28.554790404082798	0.0
35.0	25.949085446538824	20.472077633569167	25.71434049954084	27.86449642035117	0.0
