# Position (bp)	A	C	G	T	N
0.0	46.62491301322199	13.152400835073069	25.052192066805844	15.170494084899094	0.0
1.0	14.325452016689846	44.85396383866481	17.941585535465926	22.878998609179416	0.0
2.0	18.831615120274915	43.91752577319588	13.539518900343642	23.711340206185564	0.0
3.0	49.69366916269571	12.253233492171544	19.53710006807352	18.515997277059224	0.0
4.0	50.713800135961925	12.3725356900068	11.080897348742353	25.832766825288918	0.0
5.0	19.52542372881356	48.067796610169495	11.525423728813559	20.88135593220339	0.0
6.0	20.813559322033896	44.74576271186441	11.254237288135593	23.186440677966104	0.0
7.0	53.355932203389834	13.220338983050848	15.864406779661017	17.559322033898304	0.0
8.0	53.83050847457626	15.1864406779661	14.169491525423727	16.8135593220339	0.0
9.0	19.51219512195122	44.85094850948509	13.075880758807587	22.5609756097561	0.0
10.0	25.795531482735274	11.848341232227488	13.608666215301287	48.747461069735955	0.0
11.0	22.972972972972975	15.54054054054054	14.256756756756756	47.22972972972973	0.0
12.0	19.72972972972973	11.351351351351353	14.594594594594595	54.32432432432432	0.0
13.0	20.3778677462888	38.32658569500675	13.225371120107962	28.07017543859649	0.0
14.0	21.22641509433962	12.93800539083558	45.01347708894879	20.82210242587601	0.0
15.0	43.03967720242098	18.493611297915265	16.005379959650305	22.46133154001345	0.0
16.0	15.96244131455399	19.852448021462106	14.285714285714285	49.899396378269614	0.0
17.0	19.3158953722334	38.497652582159624	15.761234071093225	26.42521797451375	0.0
18.0	19.450033534540577	14.285714285714285	19.58417169684775	46.68008048289739	0.0
19.0	25.95573440643863	42.521797451374916	12.944332662642521	18.57813547954393	0.0
20.0	23.91158740790355	14.467515070328199	14.735432016075018	46.88546550569323	0.0
21.0	24.14715719063545	15.384615384615385	16.588628762541806	43.87959866220736	0.0
22.0	18.181818181818183	17.8475935828877	40.106951871657756	23.863636363636363	0.0
23.0	19.786096256684495	13.970588235294118	14.83957219251337	51.403743315508024	0.0
24.0	45.49098196392786	12.157648630594522	13.026052104208416	29.325317301269205	0.0
25.0	27.25450901803607	14.02805611222445	38.677354709418836	20.04008016032064	0.0
26.0	46.82698730794923	17.234468937875754	13.026052104208416	22.912491649966597	0.0
27.0	16.165664662658653	17.100868403473616	12.090848363393453	54.642618570474276	0.0
28.0	18.891855807743656	39.11882510013351	10.2803738317757	31.708945260347132	0.0
29.0	23.83177570093458	10.2803738317757	10.347129506008011	55.54072096128171	0.0
30.0	26.47058823529412	13.43582887700535	38.36898395721925	21.724598930481285	0.0
31.0	21.951219512195124	15.785907859078591	12.398373983739837	49.86449864498645	0.0
32.0	19.78319783197832	11.38211382113821	13.821138211382115	55.013550135501355	0.0
33.0	21.59783344617468	43.87271496276235	12.525389302640487	22.004062288422478	0.0
34.0	26.508474576271183	13.084745762711863	13.830508474576272	46.57627118644068	0.0
35.0	19.40500338066261	40.90601757944557	18.45841784989858	21.23056118999324	0.0
36.0	25.25389302640487	13.473256601218687	12.999322951929587	48.27352742044685	0.0
37.0	44.34664861205145	14.556533513879485	19.702098849018277	21.39471902505078	0.0
38.0	48.41108857336038	13.252197430696416	10.68289384719405	27.653820148749155	0.0
39.0	53.14401622718052	13.116970926301555	10.818120351588911	22.920892494929006	0.0
40.0	18.61882193635748	38.05010155721057	20.51455653351388	22.81651997291808	0.0
41.0	23.773841961852863	10.626702997275205	42.09809264305177	23.501362397820163	0.0
42.0	53.61035422343324	10.013623978201634	15.326975476839236	21.049046321525886	0.0
43.0	53.037542662116046	13.037542662116042	14.53924914675768	19.385665529010236	0.0
44.0	22.046703296703296	39.14835164835165	11.744505494505495	27.06043956043956	0.0
45.0	32.313231323132314	13.41134113411341	15.031503150315032	39.24392439243925	0.0
46.0	31.355093966369928	16.81503461918892	18.991097922848667	32.838773491592484	0.0
47.0	33.40060544904137	14.026236125126134	20.383451059535822	32.18970736629667	0.0
48.0	26.283367556468175	19.609856262833674	18.788501026694046	35.318275154004105	0.0
49.0	28.54209445585216	20.32854209445585	16.73511293634497	34.394250513347025	0.0
50.0	25.488180883864338	23.021582733812952	19.63001027749229	31.86022610483042	0.0
51.0	25.79650565262076	18.499486125385406	19.424460431654676	36.27954779033916	0.0
52.0	27.823408624229977	18.788501026694046	20.02053388090349	33.36755646817248	0.0
53.0	29.526748971193417	20.16460905349794	19.54732510288066	30.761316872427987	0.0
54.0	30.856553147574818	18.885448916408667	16.821465428276575	33.43653250773993	0.0
55.0	32.231404958677686	17.148760330578515	19.52479338842975	31.09504132231405	0.0
56.0	27.639751552795033	18.426501035196686	19.047619047619047	34.886128364389236	0.0
57.0	28.26086956521739	19.979296066252587	20.28985507246377	31.469979296066253	0.0
58.0	29.326424870466322	18.860103626943005	18.549222797927463	33.26424870466321	0.0
59.0	24.974093264248705	20.31088082901554	24.559585492227978	30.155440414507773	0.0
60.0	25.622406639004147	18.04979253112033	21.058091286307054	35.26970954356847	0.0
61.0	28.245067497403948	19.833852544132917	22.22222222222222	29.698857736240914	0.0
62.0	28.14122533748702	19.314641744548286	22.22222222222222	30.32191069574247	0.0
63.0	35.72170301142264	17.341640706126686	20.041536863966773	26.895119418483905	0.0
64.0	27.41433021806853	17.75700934579439	23.156801661474557	31.671858774662514	0.0
65.0	28.245067497403948	19.21079958463136	23.05295950155763	29.49117341640706	0.0
66.0	30.63343717549325	15.057113187954311	21.599169262720665	32.71028037383177	0.0
67.0	29.625779625779625	18.295218295218298	17.983367983367984	34.0956340956341	0.0
68.0	27.09205020920502	20.606694560669457	18.93305439330544	33.36820083682008	0.0
69.0	26.25523012552301	21.12970711297071	20.711297071129707	31.903765690376567	0.0
70.0	26.88284518828452	21.86192468619247	19.665271966527197	31.589958158995817	0.0
71.0	28.451882845188287	22.17573221757322	20.292887029288703	29.079497907949794	0.0
72.0	27.30125523012552	21.02510460251046	18.93305439330544	32.74058577405858	0.0
73.0	28.24267782426778	17.88702928870293	21.443514644351463	32.42677824267782	0.0
74.0	30.020920502092054	17.259414225941423	23.640167364016737	29.079497907949794	0.0
75.0	29.602510460251047	22.698744769874477	21.96652719665272	25.732217573221757	0.0
76.0	30.230125523012553	20.0836820083682	19.351464435146443	30.334728033472803	0.0
77.0	30.962343096234306	19.874476987447697	18.828451882845187	30.334728033472803	0.0
78.0	29.288702928870293	22.489539748953973	19.874476987447697	28.34728033472803	0.0
79.0	28.765690376569037	21.75732217573222	18.200836820083683	31.276150627615063	0.0
80.0	28.24267782426778	16.94560669456067	21.12970711297071	33.68200836820084	0.0
81.0	28.451882845188287	17.99163179916318	17.573221757322173	35.98326359832636	0.0
82.0	32.04188481675393	16.858638743455497	22.722513089005236	28.37696335078534	0.0
83.0	28.272251308900525	18.010471204188484	23.979057591623036	29.73821989528796	0.0
84.0	26.49214659685864	19.05759162303665	20.732984293193716	33.717277486910994	0.0
85.0	31.93717277486911	16.858638743455497	21.256544502617803	29.94764397905759	0.0
86.0	32.67015706806283	15.078534031413612	23.141361256544503	29.109947643979055	0.0
87.0	30.78534031413613	18.638743455497384	23.24607329842932	27.329842931937172	0.0
88.0	33.50785340314136	17.905759162303664	19.476439790575917	29.109947643979055	0.0
89.0	30.99476439790576	17.486910994764397	18.429319371727747	33.089005235602095	0.0
90.0	28.48167539267016	18.7434554973822	19.05759162303665	33.717277486910994	0.0
91.0	27.643979057591622	19.68586387434555	17.801047120418847	34.86910994764398	0.0
92.0	28.90052356020942	18.952879581151834	17.591623036649214	34.55497382198953	0.0
93.0	31.727748691099478	16.858638743455497	19.581151832460733	31.83246073298429	0.0
94.0	32.87958115183246	18.32460732984293	19.68586387434555	29.109947643979055	0.0
95.0	31.518324607329845	16.75392670157068	21.465968586387437	30.261780104712045	0.0
96.0	27.53926701570681	18.429319371727747	20.418848167539267	33.61256544502618	0.0
97.0	30.89005235602094	16.963350785340314	18.848167539267017	33.29842931937173	0.0
98.0	31.236897274633122	19.49685534591195	19.07756813417191	30.18867924528302	0.0
99.0	31.341719077568136	19.39203354297694	17.81970649895178	31.446540880503143	0.0
100.0	32.91272344900105	14.931650893796004	18.82229232386961	33.33333333333333	0.0
101.0	31.125131440588856	19.663512092534173	21.451104100946374	27.760252365930597	0.0
102.0	29.263157894736842	18.210526315789473	21.36842105263158	31.157894736842106	0.0
103.0	26.526315789473685	18.210526315789473	20.105263157894736	35.1578947368421	0.0
104.0	26.7650158061117	19.072708113804005	21.390937829293993	32.77133825079031	0.0
105.0	27.983104540654697	17.106652587117214	21.013727560718056	33.896515311510036	0.0
106.0	31.362196409714887	18.268215417106653	18.057022175290392	32.312565997888065	0.0
107.0	31.46186440677966	19.279661016949152	20.233050847457626	29.02542372881356	0.0
108.0	33.97027600849257	15.92356687898089	16.772823779193207	33.33333333333333	0.0
109.0	26.963906581740975	21.656050955414013	19.745222929936308	31.634819532908704	0.0
110.0	22.104144527098832	22.210414452709884	21.572794899043572	34.11264612114772	0.0
111.0	29.605963791267303	16.826411075612356	20.66027689030884	32.9073482428115	0.0
112.0	27.718550106609808	17.590618336886994	21.108742004264393	33.582089552238806	0.0
113.0	28.556149732620323	19.572192513368982	19.46524064171123	32.406417112299465	0.0
114.0	30.94218415417559	17.77301927194861	18.73661670235546	32.54817987152035	0.0
115.0	27.712137486573578	20.193340494092375	17.508055853920514	34.58646616541353	0.0
116.0	32.43823845327605	16.756176154672396	17.937701396348015	32.867883995703544	0.0
117.0	31.505376344086024	18.9247311827957	17.8494623655914	31.72043010752688	0.0
118.0	27.741935483870968	16.129032258064516	22.903225806451612	33.225806451612904	0.0
119.0	23.03552206673843	22.17438105489774	28.202368137782564	26.58772874058127	0.0
120.0	26.29310344827586	22.521551724137932	22.306034482758623	28.879310344827587	0.0
121.0	29.84913793103448	18.96551724137931	19.935344827586206	31.25	0.0
122.0	30.097087378640776	17.583603020496223	20.496224379719525	31.823085221143472	0.0
123.0	31.027027027027028	18.91891891891892	18.054054054054053	32.0	0.0
124.0	28.524945770065074	18.980477223427332	21.149674620390453	31.344902386117134	0.0
125.0	29.193899782135073	20.152505446623092	18.954248366013072	31.699346405228756	0.0
126.0	31.87294633077766	19.05805038335159	18.181818181818183	30.887185104052573	0.0
127.0	29.244249726177436	17.634173055859804	22.453450164293535	30.66812705366922	0.0
128.0	29.405286343612335	18.28193832599119	20.154185022026432	32.158590308370044	0.0
129.0	32.37569060773481	18.34254143646409	16.906077348066297	32.37569060773481	0.0
130.0	33.6283185840708	20.575221238938052	15.70796460176991	30.08849557522124	0.0
131.0	29.900332225913623	20.044296788482836	19.269102990033225	30.78626799557032	0.0
132.0	27.63596004439512	17.758046614872363	22.97447280799112	31.631520532741398	0.0
133.0	24.861265260821312	22.41953385127636	21.420643729189788	31.29855715871254	0.0
134.0	24.610244988864142	20.044543429844097	21.826280623608017	33.51893095768374	0.0
135.0	24.637681159420293	19.175027870680044	20.066889632107024	36.12040133779264	0.0
136.0	25.867861142217247	17.469204927211646	21.50055991041433	35.162374020156776	0.0
137.0	32.13885778275476	16.461366181410973	19.260918253079506	32.13885778275476	0.0
138.0	27.659574468085108	17.80515117581187	21.388577827547593	33.14669652855543	0.0
139.0	27.946127946127948	17.845117845117844	20.65095398428732	33.557800224466895	0.0
140.0	29.27927927927928	15.427927927927929	22.635135135135133	32.65765765765766	0.0
141.0	33.370913190529876	15.44532130777903	18.940248027057496	32.2435174746336	0.0
142.0	33.67231638418079	15.141242937853109	19.43502824858757	31.751412429378533	0.0
143.0	30.454545454545457	19.886363636363637	20.113636363636363	29.545454545454547	0.0
144.0	32.80182232346242	18.223234624145785	17.084282460136674	31.890660592255127	0.0
145.0	29.142857142857142	18.4	20.34285714285714	32.114285714285714	0.0
146.0	29.472477064220183	19.954128440366972	18.922018348623855	31.65137614678899	0.0
147.0	31.185270425776757	19.90794016110472	16.570771001150746	32.336018411967785	0.0
148.0	28.225806451612907	19.5852534562212	20.046082949308754	32.142857142857146	0.0
149.0	29.050925925925924	19.90740740740741	17.01388888888889	34.02777777777778	0.0
150.0	28.13953488372093	19.651162790697676	19.53488372093023	32.67441860465116	0.0
151.0	28.321678321678323	18.64801864801865	22.26107226107226	30.76923076923077	0.0
152.0	27.855477855477854	21.328671328671327	17.94871794871795	32.86713286713287	0.0
153.0	31.967213114754102	17.447306791569087	18.852459016393443	31.733021077283375	0.0
154.0	31.30128956623681	16.529894490035172	20.164126611957798	32.00468933177022	0.0
155.0	31.411764705882355	20.352941176470587	15.647058823529411	32.588235294117645	0.0
156.0	30.977620730270907	15.665488810365137	18.610129564193166	34.746760895170794	0.0
157.0	30.88757396449704	17.39644970414201	21.06508875739645	30.650887573964496	0.0
158.0	29.25089179548157	19.61950059453032	16.646848989298455	34.48275862068966	0.0
159.0	33.89021479713604	13.842482100238662	20.52505966587112	31.742243436754176	0.0
160.0	25.448028673835125	16.965352449223417	24.253285543608126	33.33333333333333	0.0
161.0	29.496402877697843	17.505995203836928	24.22062350119904	28.776978417266186	0.0
162.0	30.288461538461537	17.668269230769234	21.754807692307693	30.288461538461537	0.0
163.0	27.38238841978287	17.61158021712907	17.61158021712907	37.39445114595898	0.0
164.0	29.90314769975787	16.343825665859566	22.15496368038741	31.59806295399516	0.0
165.0	30.94660194174757	19.174757281553397	21.723300970873787	28.155339805825243	0.0
166.0	25.42579075425791	20.316301703163017	21.776155717761558	32.481751824817515	0.0
167.0	27.80487804878049	20.243902439024392	23.536585365853657	28.41463414634146	0.0
168.0	27.195121951219512	21.463414634146343	17.682926829268293	33.65853658536586	0.0
169.0	25.365853658536587	17.682926829268293	19.390243902439025	37.5609756097561	0.0
170.0	30.13530135301353	16.236162361623617	18.942189421894216	34.686346863468636	0.0
171.0	31.48148148148148	18.641975308641975	16.666666666666664	33.20987654320987	0.0
172.0	29.913473423980225	20.64276885043263	15.327564894932014	34.11619283065513	0.0
173.0	28.074534161490682	19.25465838509317	20.62111801242236	32.04968944099379	0.0
174.0	30.26151930261519	21.668742216687424	16.68742216687422	31.38231631382316	0.0
175.0	28.375	18.375	21.5	31.75	0.0
176.0	29.30817610062893	16.60377358490566	20.88050314465409	33.20754716981132	0.0
177.0	27.146464646464647	23.61111111111111	18.68686868686869	30.555555555555557	0.0
178.0	25.572519083969464	20.737913486005088	22.391857506361323	31.297709923664126	0.0
179.0	25.44757033248082	18.414322250639387	24.168797953964194	31.9693094629156	0.0
180.0	29.03225806451613	16.258064516129032	20.774193548387096	33.935483870967744	0.0
181.0	26.838709677419352	18.70967741935484	20.0	34.45161290322581	0.0
182.0	32.33766233766234	18.31168831168831	21.428571428571427	27.92207792207792	0.0
183.0	30.84967320261438	24.052287581699346	18.562091503267975	26.535947712418302	0.0
184.0	27.24867724867725	24.074074074074073	19.047619047619047	29.629629629629626	0.0
185.0	26.029216467463478	21.38114209827357	22.974767596281538	29.61487383798141	0.0
186.0	27.27272727272727	16.844919786096256	25.0	30.88235294117647	0.0
187.0	31.317204301075268	20.967741935483872	17.06989247311828	30.64516129032258	0.0
188.0	29.45945945945946	20.81081081081081	21.891891891891895	27.837837837837835	0.0
189.0	30.027173913043477	20.92391304347826	19.83695652173913	29.21195652173913	0.0
190.0	31.693989071038253	17.62295081967213	18.852459016393443	31.830601092896178	0.0
191.0	29.573590096286107	18.56946354883081	20.357634112792297	31.49931224209078	0.0
192.0	28.61111111111111	21.11111111111111	18.47222222222222	31.805555555555554	0.0
193.0	29.535864978902953	20.253164556962027	19.69057665260197	30.520393811533054	0.0
194.0	29.886685552407933	19.97167138810198	21.388101983002834	28.753541076487256	0.0
195.0	28.32618025751073	21.602288984263232	19.88555078683834	30.185979971387695	0.0
196.0	27.681159420289852	22.17391304347826	20.724637681159418	29.42028985507246	0.0
197.0	30.01464128843338	19.765739385065885	20.644216691068813	29.575402635431917	0.0
198.0	25.0	24.550898203592812	20.958083832335326	29.491017964071858	0.0
199.0	25.27821939586645	22.575516693163753	20.985691573926868	31.160572337042925	0.0
200.0	27.02205882352941	15.808823529411764	22.426470588235293	34.74264705882353	0.0
201.0	32.189973614775724	21.108179419525065	15.567282321899736	31.13456464379947	0.0
202.0	38.35978835978836	17.195767195767196	14.814814814814813	29.629629629629626	0.0
203.0	35.46666666666667	17.866666666666667	18.4	28.26666666666667	0.0
204.0	33.064516129032256	17.20430107526882	25.537634408602152	24.193548387096776	0.0
205.0	37.027027027027025	15.675675675675677	25.405405405405407	21.891891891891895	0.0
206.0	27.445652173913043	20.652173913043477	22.554347826086957	29.347826086956523	0.0
207.0	24.043715846994534	23.497267759562842	16.939890710382514	35.51912568306011	0.0
208.0	25.205479452054796	16.43835616438356	22.465753424657535	35.89041095890411	0.0
209.0	23.96694214876033	18.732782369146005	21.763085399449036	35.53719008264463	0.0
210.0	24.30939226519337	16.298342541436465	20.994475138121548	38.39779005524862	0.0
211.0	30.386740331491712	19.337016574585636	20.994475138121548	29.2817679558011	0.0
212.0	25.20775623268698	14.681440443213297	26.869806094182824	33.2409972299169	0.0
213.0	25.423728813559322	23.163841807909606	18.07909604519774	33.33333333333333	0.0
214.0	28.49002849002849	25.925925925925924	17.37891737891738	28.205128205128204	0.0
215.0	29.799426934097422	21.48997134670487	16.332378223495702	32.37822349570201	0.0
216.0	34.68208092485549	19.653179190751445	17.341040462427745	28.32369942196532	0.0
217.0	26.608187134502927	17.83625730994152	24.561403508771928	30.994152046783626	0.0
218.0	22.741433021806852	18.69158878504673	20.5607476635514	38.006230529595015	0.0
219.0	17.4061433447099	24.573378839590443	24.2320819112628	33.78839590443686	0.0
220.0	0.0	30.927835051546392	24.742268041237114	44.329896907216494	0.0
