# Position (bp)	A	C	G	T	N
0.0	26.86069651134274	24.19927305914234	24.06774532423783	24.87204108350547	2.4402177162246414E-4
1.0	26.945254410263885	20.024541964329103	15.39583029596151	37.63376585508092	6.074743645818147E-4
2.0	28.172832423810025	19.973083435299184	17.9907704261507	33.86222446526928	0.0010892494708062987
3.0	23.455371636504076	22.214793045808115	15.329636178211729	38.998871542968864	0.00132759650721428
4.0	34.719913528816306	13.453828071117252	14.409897965447637	37.414434573066586	0.0019258615522203377
5.0	36.00787246415818	14.808330970312447	22.826541450590433	26.35148774192928	0.005767373009655544
6.0	32.44706125152385	17.45022893728942	20.302945947761984	29.799403899133203	3.59964291542279E-4
7.0	35.58456660253068	16.709284134433837	20.46969124813436	27.236098373822927	3.5964107820395244E-4
8.0	22.83029761462703	27.11292490279551	22.477654347310498	27.579123135266965	0.0
9.0	28.652661242148437	18.245439298587527	15.851213214212606	37.24936942070502	0.001316824346406207
10.0	26.660285249353883	17.01828276060113	25.328323920742797	30.991193644108357	0.0019144251938355509
11.0	28.16515001297597	18.67618795901746	19.85167928186079	33.30698274614578	0.0
12.0	26.212199460607106	19.744147013255294	21.54367743539718	32.499976090740425	0.0
13.0	27.29549617800678	21.657802255316554	18.548228093591934	32.49835397978412	1.1949330060810142E-4
14.0	31.611355209370185	18.24256423063641	20.621078379240668	29.5245242075503	4.7797320243240566E-4
15.0	29.592993868798743	18.914953033158195	19.701099457858895	31.790834146883558	1.1949330060810142E-4
16.0	30.386787864738363	17.452355033715033	19.30689105915277	32.85360756249201	3.5847990182430423E-4
17.0	29.92183943207224	18.317128050215864	20.430008591568313	31.330665446241756	3.5847990182430423E-4
18.0	31.158475600065483	18.007401415039666	18.53388889751896	32.30023408737589	0.0
19.0	30.531255265173556	18.388226564077684	19.667880320289843	31.41227937055709	3.5847990182430423E-4
20.0	30.07144504443358	18.130240528064796	19.73909832745227	32.05826015364448	9.559464048648113E-4
21.0	30.169429550932225	17.333937172812405	19.43032763868094	33.065588677770776	7.169598036486085E-4
22.0	28.729535278604608	19.01664183197569	19.75618586943923	32.497517526679864	1.1949330060810142E-4
23.0	29.889576240908056	17.591325742322255	20.19843057498981	32.31899453557136	0.0016729062085134195
24.0	30.8548431232203	18.07372019687716	18.531140551604974	32.54017663499696	1.1949330060810142E-4
25.0	29.4522307606824	18.075512596386282	19.369505548671416	33.10251210765868	2.3898660121620283E-4
26.0	31.715194887598624	17.73029645092948	20.127690541029818	30.42586217403721	9.559464048648113E-4
27.0	28.979515263476753	18.405911572567685	19.966255091908273	32.64784009884486	4.7797320243240566E-4
28.0	30.12760689571939	18.083399154226417	20.031976407242727	31.756659062909637	3.5847990182430423E-4
29.0	29.15839673448708	18.497682427434707	19.669433733197746	32.674248118279245	2.3898660121620283E-4
30.0	29.92866105036745	18.336141482941983	19.574356216765253	32.15940730118898	0.001433948736332676
31.0	30.504834924261615	18.27902508042274	19.526115282949423	31.68894922254035	0.0010754898258662474
32.0	28.956309026313054	18.45474893314962	19.71811966649498	32.87058337087675	2.3900316559692832E-4
33.0	29.604458062850753	18.307288927980725	19.728457795156647	32.359795214011875	0.0
34.0	29.71492970943219	18.01405691844908	19.642756838735046	32.626941909145124	0.0013146242385636655
35.0	29.977137269844924	17.544629055798	19.758167914051473	32.719945934675856	1.1982562974359713E-4
36.0	30.899038081054442	17.28888025536058	19.211159314977493	32.59972324745371	0.0011991011537751302
37.0	29.057281598830826	19.02079291200359	19.210015730571666	32.71130981306897	5.999455249463348E-4
38.0	30.60986022560373	18.43955619017196	19.42778843255486	31.522554968842282	2.401828271680403E-4
39.0	29.516293358641537	18.650365489426246	19.94284002785827	31.889298262707328	0.0012028613666189131
40.0	29.47838135262561	18.805861611182046	20.023024134269598	31.690920929131327	0.001811972791416564
41.0	29.675440236378954	18.18692777768336	20.60789402764391	31.52876680400407	9.71154289709892E-4
42.0	29.097926874868307	18.37238788791166	19.948820446487403	32.580621194571215	2.4359616141168846E-4
43.0	29.103027683034206	18.366250364828907	20.767465687765075	31.76288990898511	3.6635538670642845E-4
44.0	29.395077894582254	18.761396595400974	20.22211887949286	31.62116187142805	2.4475909585989987E-4
45.0	29.10843083925808	18.758415020858216	19.760860128558217	32.37192614156119	3.678697642935797E-4
46.0	30.103234602322626	17.440567943844307	19.62476893504388	32.831060043111655	3.684756775346521E-4
47.0	29.364912449004944	18.143970560924103	19.97973111753123	32.51138587253972	0.0
48.0	30.13367126769722	17.859042946235924	19.169893299441373	32.8361609473985	0.0012315392269874582
49.0	29.436258729442176	17.932389529849697	19.99748384852768	32.63386789218044	0.0
50.0	29.752137661174828	18.724848316955107	19.73103931021007	31.791109011444558	8.657002154356823E-4
51.0	30.14012742018227	18.223520687457846	19.418473069474928	32.217878822884956	0.0
52.0	29.777528659367054	18.057117747148418	19.976480780778154	32.18887281270637	0.0
53.0	31.26765826761187	17.54308523245271	19.58351255469125	31.605743945244164	0.0
54.0	30.017739403256044	18.39798961823142	19.46587903212607	32.11725884042973	0.0011331059567380147
55.0	29.002961600274936	18.48675366156894	18.423326898001676	34.086831492019854	1.2634813459614082E-4
56.0	29.232686036150795	18.282754923172277	20.54062686555814	31.943932175118796	0.0
57.0	28.20643122029553	18.572813350797645	19.807045604977073	33.41320164801449	5.081759152565843E-4
58.0	30.71457856391634	17.8652280534667	22.298334831535065	29.121476573302807	3.819777790793317E-4
59.0	29.483577543786193	20.00947142552613	21.264499131360502	29.242324252082884	1.2764724428746669E-4
60.0	31.193738120001434	19.246750452144422	19.646379514399452	29.913003827216787	1.2808623790225483E-4
61.0	29.296500124784203	20.79290711167028	19.772892755055047	30.134483920848226	0.0032160876422475566
62.0	30.905949276159532	16.30527494288876	21.76258550507044	31.025413692460024	7.765834212382623E-4
63.0	26.491970075853384	20.264639390043886	25.746082820734127	27.496916582138866	3.9113122974266176E-4
64.0	26.21073088031325	19.59857285511645	18.390171123541986	35.79895050526125	0.001574635767064131
65.0	27.546841925256278	19.23169866931826	18.79645732561625	34.42434182291646	6.602568927518319E-4
66.0	26.593089421179943	19.344363282007162	17.192009792597666	36.866421851724986	0.004115652490235283
67.0	33.263737965430145	14.182370122761956	18.011539303583536	34.53981620415116	0.0025364040731979515
68.0	34.039220566314896	15.23022943138565	23.19377903060438	27.534471517882984	0.0022994538120886345
69.0	31.72638967796158	17.129120860133007	20.55588500780318	30.588466222389943	1.382317122900433E-4
70.0	32.8440990207865	15.929612232645516	22.17554334952693	29.05059642191543	1.4897512562327467E-4
71.0	25.66389461054458	19.67133391040169	25.70032126809832	28.96388691212726	5.632988281506711E-4
