# Position (bp)	A	C	G	T	N
0.0	32.070861331704336	19.059254734270006	28.13072693952352	20.73915699450214	0.0
1.0	29.383017715332926	20.55589492974954	14.416615760537569	35.644471594379965	0.0
2.0	30.518292682926827	18.50609756097561	16.82926829268293	34.146341463414636	0.0
3.0	27.424749163879596	20.27972027972028	15.019762845849801	37.27576771055032	0.0
4.0	35.51912568306011	14.602307225258047	15.573770491803279	34.304796599878564	0.0
5.0	37.66273085074175	14.07811080835604	21.677263094156825	26.581895246745386	0.0
6.0	33.68548143676426	15.967401146996679	21.672200422577724	28.674916993661338	0.0
7.0	36.55006031363088	17.310012062726177	19.300361881785282	26.83956574185766	0.0
8.0	27.341162300511897	22.58355916892502	22.282445046672688	27.792833483890394	0.0
9.0	30.817799158147924	18.15995189416717	17.438364401683703	33.5838845460012	0.0
10.0	30.24024024024024	17.147147147147145	22.55255255255255	30.060060060060064	0.0
11.0	28.622862286228624	16.53165316531653	20.49204920492049	34.35343534353436	0.0
12.0	27.727817745803357	19.154676258992804	23.081534772182255	30.035971223021583	0.0
13.0	27.45508982035928	21.347305389221557	18.862275449101794	32.33532934131736	0.0
14.0	33.53257621040048	17.453676031081887	19.127316198445907	29.88643156007173	0.0
15.0	32.22819593787335	18.57825567502987	18.966547192353644	30.22700119474313	0.0
16.0	30.39069490008947	17.38741425589025	19.4452728899493	32.77661795407098	0.0
17.0	32.38010128090557	16.651772415847482	20.554066130473636	30.41406017277331	0.0
18.0	32.123735871505055	17.519333729922664	18.828078524687687	31.528851873884594	0.0
19.0	31.604054859868814	18.6046511627907	20.095408467501493	29.695885509838998	0.0
20.0	32.01675643327349	18.402154398563734	20.1376421304608	29.443447037701976	0.0
21.0	31.49535510937968	17.02127659574468	19.448606532813905	32.034761762061734	0.0
22.0	30.327622482717164	18.30477908025248	18.966035467388036	32.40156296964232	0.0
23.0	30.099427538415185	17.62579090087376	19.644471226272977	32.630310334438086	0.0
24.0	29.294755877034355	20.403857745629896	19.559975889089813	30.74141048824593	0.0
25.0	31.182147165259348	18.033775633293125	18.87816646562123	31.9059107358263	0.0
26.0	31.482040446725023	17.748264412918804	18.92544521581648	31.844249924539692	0.0
27.0	30.175015087507546	17.954133977066988	20.247435123717562	31.623415811707904	0.0
28.0	30.37707390648567	18.250377073906485	20.09049773755656	31.28205128205128	0.0
29.0	31.596385542168676	18.373493975903614	18.55421686746988	31.475903614457827	0.0
30.0	31.502715751357872	18.135184067592032	19.704284852142425	30.657815328907667	0.0
31.0	31.370772946859905	17.602657004830917	19.233091787439612	31.793478260869566	0.0
32.0	29.399335949290673	19.015997585270146	19.43857530938726	32.14609115605192	0.0
33.0	29.86973644350197	18.933656467737052	19.660708876098152	31.53589821266283	0.0
34.0	30.145278450363193	17.857142857142858	19.88498789346247	32.11259079903147	0.0
35.0	29.796908153986056	18.85419824189148	20.915428917853895	30.433464686268568	0.0
36.0	30.251591391330706	16.944528645043953	20.15762352227948	32.64625644134586	0.0
37.0	29.16919345057611	19.345057610673138	19.98180715585203	31.503941782898725	0.0
38.0	29.848484848484848	18.545454545454547	18.96969696969697	32.63636363636363	0.0
39.0	28.208232445520583	19.188861985472155	21.428571428571427	31.174334140435832	0.0
40.0	30.75991522858008	18.28640629730548	20.04238570996064	30.911292764153796	0.0
41.0	31.15349682107175	18.407508325764457	21.374508023009387	29.064486830154408	0.0
42.0	29.44915254237288	19.188861985472155	20.520581113801452	30.841404358353515	0.0
43.0	30.57151496824917	18.506198971877836	19.231932264892652	31.690353794980346	0.0
44.0	31.306715063520873	18.39080459770115	19.812462189957653	30.490018148820326	0.0
45.0	31.293547409875792	17.540139351711602	20.933050590730083	30.23326264768252	0.0
46.0	29.19575113808801	18.512898330804248	19.453717754172988	32.83763277693475	0.0
47.0	28.037667071688944	19.19805589307412	19.5321992709599	33.23207776427704	0.0
48.0	30.94006693033161	17.645269242470338	18.162458168542745	33.252205658655306	0.0
49.0	29.796290665855885	19.306780176345395	19.306780176345395	31.590148981453332	0.0
50.0	29.635258358662615	18.693009118541035	18.90577507598784	32.76595744680851	0.0
51.0	29.55305564001216	18.789905746427486	19.854058984493765	31.802979629066584	0.0
52.0	29.266808640097352	18.55795558259811	19.257681776696074	32.917554000608455	0.0
53.0	30.44403892944039	17.305352798053526	19.038929440389293	33.21167883211679	0.0
54.0	28.697504564820452	19.841752891052952	19.872185027388923	31.588557516737676	0.0
55.0	29.214850882531955	18.076688983566648	19.689592209373096	33.0188679245283	0.0
56.0	29.662306054152722	18.192881046547	19.227258898691815	32.917554000608455	0.0
57.0	29.014598540145986	18.15693430656934	21.107055961070557	31.72141119221411	0.0
58.0	30.34083992696287	17.77236762020694	19.080949482653683	32.805842970176506	0.0
59.0	28.819233110164333	17.559342665855144	20.60255629945222	33.0188679245283	0.0
60.0	28.205909229363385	17.727688090161436	20.68230277185501	33.384099908620165	0.0
61.0	29.80798537031393	18.83572081682414	19.41481255714721	31.94148125571472	0.0
62.0	29.564157269125268	17.433709234989333	21.152087778116428	31.85004571776897	0.0
63.0	28.10975609756098	18.902439024390244	21.15853658536585	31.829268292682926	0.0
64.0	28.262195121951216	19.573170731707318	19.481707317073173	32.6829268292683	0.0
65.0	30.146163215590743	19.18392204628502	18.422655298416565	32.247259439707676	0.0
66.0	29.406392694063925	18.93455098934551	20.395738203957382	31.263318112633183	0.0
67.0	28.123095673369896	18.738574040219376	19.98781230956734	33.15051797684339	0.0
68.0	29.11970758452635	17.849527870849833	20.68230277185501	32.34846177276881	0.0
69.0	28.706240487062406	18.17351598173516	20.639269406392692	32.48097412480974	0.0
70.0	30.17372752209692	17.18988113380067	19.932947272173116	32.70344407192929	0.0
71.0	30.17372752209692	18.256629076501067	20.786345626333436	30.783297775068576	0.0
72.0	29.08038976857491	19.671132764920827	18.8489646772229	32.39951278928137	0.0
73.0	30.246725555894	18.215047212915017	19.79896436186415	31.739262869326833	0.0
74.0	28.06215722120658	19.652650822669106	19.012797074954296	33.27239488117002	0.0
75.0	29.743746186699205	19.341061622940817	19.219035997559487	31.69615619280049	0.0
76.0	29.45665445665446	19.68864468864469	18.62026862026862	32.234432234432234	0.0
77.0	28.959414098260606	18.7061336588343	20.47604516325908	31.858407079646017	0.0
78.0	29.372333942717855	20.6581352833638	19.10420475319927	30.865326020719074	0.0
79.0	28.462709284627092	19.665144596651444	19.391171993911723	32.48097412480974	0.0
80.0	30.404378230465184	18.972332015810274	18.212222560048648	32.41106719367589	0.0
81.0	29.613864396473094	18.12100942535725	21.647917300091212	30.617208878078443	0.0
82.0	31.061758442348648	18.679647094615152	18.983875874657745	31.27471858837846	0.0
83.0	30.465186986926117	18.850714502888415	19.1243539069626	31.559744603222867	0.0
84.0	30.151975683890576	18.480243161094226	19.848024316109424	31.519756838905778	0.0
85.0	31.166464155528555	18.98541919805589	19.13730255164034	30.710814094775213	0.0
86.0	30.75288403157256	18.791742562234365	19.277474195506983	31.177899210686093	0.0
87.0	31.523058252427184	17.506067961165048	19.41747572815534	31.55339805825243	0.0
88.0	31.242424242424242	18.666666666666668	19.21212121212121	30.87878787878788	0.0
89.0	30.990608906392005	19.236594971220843	20.1757043320206	29.59709179036655	0.0
90.0	31.072077528770443	18.23137492428831	19.533615990308903	31.162931556632344	0.0
91.0	31.325665859564168	18.946731234866828	18.976997578692494	30.750605326876514	0.0
92.0	30.22692889561271	16.91376701966717	19.606656580937972	33.25264750378214	0.0
93.0	30.139056831922613	18.954050785973397	19.740024183796855	31.166868198307135	0.0
94.0	30.59250302297461	18.28899637243047	19.98186215235792	31.136638452237005	0.0
95.0	29.603870577562745	18.355004535833082	20.622921076504387	31.418203810099786	0.0
96.0	31.13464447806354	19.09228441754917	19.93948562783661	29.833585476550677	0.0
97.0	30.71104387291982	18.729198184568833	19.03177004538578	31.52798789712557	0.0
98.0	30.629539951573847	18.553268765133172	21.095641646489106	29.721549636803875	0.0
99.0	31.456251892219196	17.862549197699064	20.16348773841962	30.517711171662125	0.0
100.0	30.228310502283108	19.330289193302892	20.30441400304414	30.136986301369863	0.0
101.0	31.73341485784164	18.00672577193519	19.01559156221339	31.244267808009784	0.0
102.0	30.7243707796194	18.47759361571516	19.30632289748312	31.491712707182316	0.0
103.0	31.87287874112928	17.49460043196544	18.667078062326443	31.96544276457883	0.0
104.0	30.59770826881387	18.984205636419944	19.29389903995045	31.12418705481573	0.0
105.0	30.270102452654456	18.78298665010866	19.248680533995653	31.69823036324123	0.0
106.0	31.656250000000004	17.875	20.15625	30.312499999999996	0.0
107.0	29.52261306532663	19.001256281407038	19.440954773869347	32.03517587939699	0.0
108.0	30.96671949286846	18.858954041204438	19.334389857369256	30.839936608557846	0.0
109.0	30.779054916985952	18.805874840357596	20.65772669220945	29.757343550446997	0.0
110.0	28.824476650563607	18.904991948470208	20.483091787439616	31.78743961352657	0.0
111.0	31.00097181729835	18.140589569160998	19.27437641723356	31.584062196307094	0.0
112.0	31.71129980404964	18.22338340953625	18.45199216198563	31.61332462442848	0.0
113.0	27.673576834485026	19.57880881869036	19.2497532082922	33.497861138532414	0.0
114.0	32.09794837855725	17.802779616148246	18.96095301125083	31.13831899404368	0.0
115.0	29.943502824858758	18.876703223662346	20.30574941841143	30.87404453306746	0.0
116.0	29.04841402337229	18.731218697829714	19.532554257095157	32.68781302170284	0.0
117.0	30.48002685464921	17.72406847935549	20.778784827123197	31.017119838872105	0.0
118.0	30.368616841393305	19.343929658437606	18.599932363882314	31.68752113628678	0.0
119.0	29.325613079019075	19.243869209809265	18.732970027247955	32.69754768392371	0.0
120.0	30.679478380233355	18.29100892244338	19.83527796842828	31.194234728894987	0.0
121.0	30.47684865238424	18.037318590186594	20.041465100207326	31.44436765722184	0.0
122.0	31.341209173036834	19.145239749826267	19.735927727588603	29.7776233495483	0.0
123.0	29.584352078239608	18.651763884037724	19.210618232623123	32.55326580509955	0.0
124.0	30.815179198875615	18.5523541813071	18.165846802529867	32.46661981728742	0.0
125.0	30.88339222614841	17.915194346289752	19.363957597173144	31.837455830388695	0.0
126.0	32.611781405251946	18.80766501064585	19.12704045422285	29.45351312987935	0.0
127.0	29.38236344162799	19.457336665476614	19.17172438414852	31.988575508746877	0.0
128.0	29.52586206896552	18.13936781609195	19.36063218390805	32.974137931034484	0.0
129.0	31.263537906137184	18.4115523465704	18.555956678700362	31.768953068592058	0.0
130.0	31.408859840232388	17.138707334785767	19.680464778503996	31.77196804647785	0.0
131.0	29.781021897810216	18.576642335766426	20.583941605839414	31.05839416058394	0.0
132.0	28.761061946902654	19.02654867256637	19.727138643067846	32.485250737463126	0.0
133.0	30.21529324424647	19.079435783221975	18.93095768374165	31.7743132887899	0.0
134.0	29.917726252804787	17.539267015706805	20.456245325355273	32.086761406133135	0.0
135.0	28.582202111613874	17.15686274509804	19.494720965309202	34.76621417797888	0.0
136.0	29.04453749524172	18.95698515416825	20.89836315188428	31.100114198705747	0.0
137.0	28.609728073535045	19.111451551129836	22.71160474913826	29.56721562619686	0.0
138.0	30.44822256568779	19.590417310664606	19.976816074188562	29.984544049459043	0.0
139.0	30.72734344612991	20.809023726176584	18.591987553481136	29.871645274212366	0.0
140.0	29.615082482325217	19.12804399057345	19.9528672427337	31.304006284367635	0.0
141.0	30.023828435266086	19.02303415409055	21.0087370929309	29.94440031771247	0.0
142.0	26.39614302932905	20.851747689835275	21.57492969063881	31.177179590196868	0.0
143.0	28.223844282238442	19.505271695052716	17.51824817518248	34.752635847526356	0.0
144.0	28.031237155774765	18.57788738183313	17.591450883682697	35.79942457870941	0.0
145.0	28.916666666666668	19.125	16.208333333333332	35.75	0.0
146.0	33.72731110173069	13.803292528493035	19.712959054453354	32.75643731532292	0.0
147.0	36.81060282171869	16.502778965369817	18.640444634459172	28.046173578452333	0.0
148.0	33.2742578644218	16.127603012848915	20.203810367744794	30.394328754984496	0.0
149.0	30.78048780487805	20.78048780487805	21.51219512195122	26.926829268292686	0.0
150.0	18.469217970049918	23.71048252911814	23.87687188019967	33.94342762063228	0.0
