# Position (bp)	A	C	G	T	N
0.0	25.966362646001638	24.00539865376897	24.420264286522904	25.607974413706486	0.0
1.0	26.44712120346145	20.060530169591225	15.791078019269705	37.70127060767762	0.0
2.0	28.16417444085283	19.168171919112257	18.224234997257096	34.443418642777814	0.0
3.0	22.75572006707412	22.149456301496734	15.305362703045954	39.7894609283832	0.0
4.0	33.77159690765578	13.363962848063382	14.855849629947123	38.00859061433372	0.0
5.0	34.427773376117884	14.906371554774655	23.063021421015236	27.602833648092222	0.0
6.0	30.52921951507286	17.488620140404695	21.506585648830946	30.475574695691503	0.0
7.0	34.970318368631155	17.038050852457083	20.11786128645311	27.873769492458656	0.0
8.0	22.71003873911077	26.993648358995536	22.342705445106485	27.95360745678721	0.0
9.0	27.415916465105305	18.748282303895543	15.77211177315006	38.063689457849094	0.0
10.0	26.08217410968871	16.715426818476786	25.082099384500424	32.12029968733408	0.0
11.0	28.11965469097202	17.94788901343087	19.78502743200991	34.1474288635872	0.0
12.0	25.832088569012647	19.638109846026783	21.210060370086328	33.31974121487424	0.0
13.0	26.476534324425305	20.773964171238667	18.797050321514956	33.95245118282107	0.0
14.0	30.616341218807154	18.271692918805183	20.05838003657601	31.053585825811652	0.0
15.0	29.81355672231727	18.35993156745915	20.084148427821365	31.74236328240222	0.0
16.0	29.939016380547855	17.409914852614396	18.799174090024188	33.85189467681356	0.0
17.0	30.524484297878196	17.851155290739975	19.673207087094173	31.951153324287652	0.0
18.0	31.316508367254634	17.547818221147228	18.920952549505436	32.2147208620927	0.0
19.0	30.021324208994553	18.310691601282127	19.803936837551372	31.864047352171948	0.0
20.0	29.687703773622008	17.575238432344207	19.973445027825303	32.76361276620848	0.0
21.0	29.182923328023914	18.272605352683225	19.989286767742314	32.555184551550546	0.0
22.0	29.642145006194326	19.28789255304505	22.221996735689142	28.84796570507148	0.0
23.0	29.949792539279883	19.94446738638822	21.015066957701613	29.09067311663029	0.0
24.0	32.35517275283661	19.312292293473345	18.090338819735315	30.242196133954728	0.0
25.0	29.198953847363974	21.037972194364148	19.704528739700706	30.058545218571176	0.0
26.0	32.068810099699135	16.61891333844611	21.914742493068257	29.397534068786502	0.0
27.0	25.97683519163078	21.01503549446444	24.957913987375377	28.05021532652941	0.0
28.0	26.43901441409553	19.81331288222917	18.650903584842585	35.09676911883272	0.0
29.0	27.531795567616463	20.18113385640965	17.49963227341553	34.78743830255836	0.0
30.0	26.334830677422673	18.8550328472375	16.3162814267355	38.49385504860433	0.0
31.0	34.05293172820309	14.375918492424839	18.511937120486916	33.05921265888516	0.0
32.0	34.095733481988766	15.757120239189687	22.383803135736297	27.763343143085255	0.0
33.0	31.240055200157162	17.818882366589513	20.507391954261802	30.43367047899152	0.0
34.0	33.3414394734307	16.852300746476562	21.59999930568393	28.20626047440881	0.0
35.0	26.20500111914777	20.81322805913024	25.121300458627648	27.860470363094343	0.0
