# Position (bp)	A	C	G	T	N
0.0	30.05181347150259	19.94818652849741	26.683937823834196	23.316062176165804	0.0
1.0	23.83419689119171	29.015544041450774	29.274611398963728	17.875647668393782	0.0
2.0	31.472081218274113	24.111675126903553	18.527918781725887	25.888324873096447	0.0
3.0	31.48614609571788	22.670025188916874	17.38035264483627	28.463476070528966	0.0
4.0	34.25692695214106	15.869017632241814	16.120906801007557	33.75314861460957	0.0
5.0	28.967254408060455	19.143576826196472	19.395465994962215	32.49370277078086	0.0
6.0	29.974811083123427	19.899244332493705	19.395465994962215	30.730478589420656	0.0
7.0	34.67336683417086	21.608040201005025	18.090452261306535	25.628140703517587	0.0
8.0	31.909547738693465	20.85427135678392	20.85427135678392	26.38190954773869	0.0
9.0	31.909547738693465	18.341708542713565	19.34673366834171	30.402010050251256	0.0
10.0	30.402010050251256	15.829145728643216	18.090452261306535	35.678391959798994	0.0
11.0	27.889447236180903	21.105527638190953	22.36180904522613	28.643216080402013	0.0
12.0	26.633165829145728	17.33668341708543	22.613065326633166	33.41708542713568	0.0
13.0	28.14070351758794	20.35175879396985	17.08542713567839	34.42211055276382	0.0
14.0	27.63819095477387	19.597989949748744	22.613065326633166	30.15075376884422	0.0
15.0	25.376884422110553	21.608040201005025	22.110552763819097	30.90452261306533	0.0
16.0	25.376884422110553	20.85427135678392	20.603015075376884	33.165829145728644	0.0
17.0	31.4070351758794	14.824120603015075	22.36180904522613	31.4070351758794	0.0
18.0	26.38190954773869	23.115577889447238	20.85427135678392	29.64824120603015	0.0
19.0	31.4070351758794	22.36180904522613	21.608040201005025	24.623115577889447	0.0
20.0	29.82456140350877	19.047619047619047	23.05764411027569	28.07017543859649	0.0
21.0	28.07017543859649	23.809523809523807	21.303258145363408	26.81704260651629	0.0
22.0	30.576441102756892	19.047619047619047	19.298245614035086	31.07769423558897	0.0
23.0	30.82706766917293	20.30075187969925	18.796992481203006	30.075187969924812	0.0
24.0	35.75	15.5	20.0	28.749999999999996	0.0
25.0	28.999999999999996	20.25	15.5	35.25	0.0
26.0	33.25	15.0	20.5	31.25	0.0
27.0	25.0	23.0	15.5	36.5	0.0
28.0	29.25	18.25	14.000000000000002	38.5	0.0
29.0	35.0	17.5	15.25	32.25	0.0
30.0	31.75	18.25	17.0	33.0	0.0
31.0	32.75	14.499999999999998	17.25	35.5	0.0
32.0	30.25	18.0	20.75	31.0	0.0
33.0	29.75	23.5	17.5	29.25	0.0
34.0	34.75	16.75	20.0	28.499999999999996	0.0
35.0	30.75	19.5	16.75	33.0	0.0
36.0	27.0	20.0	16.5	36.5	0.0
37.0	27.250000000000004	21.75	20.25	30.75	0.0
38.0	25.5	19.25	18.5	36.75	0.0
39.0	30.0	18.75	15.0	36.25	0.0
40.0	27.0	19.25	20.75	33.0	0.0
41.0	26.25	16.0	24.0	33.75	0.0
42.0	31.75	18.75	20.25	29.25	0.0
43.0	29.25	20.75	19.75	30.25	0.0
44.0	34.75	17.75	16.5	31.0	0.0
45.0	35.25	15.0	17.5	32.25	0.0
46.0	33.5	13.5	17.75	35.25	0.0
47.0	28.499999999999996	16.0	23.0	32.5	0.0
48.0	28.000000000000004	19.25	17.75	35.0	0.0
49.0	28.999999999999996	20.75	19.75	30.5	0.0
50.0	28.249999999999996	24.25	17.0	30.5	0.0
51.0	24.75	20.5	18.75	36.0	0.0
52.0	26.25	21.0	21.75	31.0	0.0
53.0	28.499999999999996	19.5	21.75	30.25	0.0
54.0	29.5	23.75	16.25	30.5	0.0
55.0	32.0	16.5	17.5	34.0	0.0
56.0	25.0	19.5	21.75	33.75	0.0
57.0	34.25	17.5	18.25	30.0	0.0
58.0	30.0	21.0	16.75	32.25	0.0
59.0	27.750000000000004	20.0	24.0	28.249999999999996	0.0
60.0	27.500000000000004	21.75	18.5	32.25	0.0
61.0	28.999999999999996	16.25	21.5	33.25	0.0
62.0	25.25	19.75	23.5	31.5	0.0
63.0	33.0	20.25	19.0	27.750000000000004	0.0
64.0	27.750000000000004	19.5	22.75	30.0	0.0
65.0	27.500000000000004	18.25	24.75	29.5	0.0
66.0	30.25	14.249999999999998	24.25	31.25	0.0
67.0	30.25	17.25	15.75	36.75	0.0
68.0	28.249999999999996	19.0	22.0	30.75	0.0
69.0	26.75	23.0	18.5	31.75	0.0
70.0	28.000000000000004	22.75	18.75	30.5	0.0
71.0	29.5	20.0	20.5	30.0	0.0
72.0	26.25	21.0	19.0	33.75	0.0
73.0	29.25	16.75	20.25	33.75	0.0
74.0	26.5	16.25	25.25	32.0	0.0
75.0	28.499999999999996	19.5	23.0	28.999999999999996	0.0
76.0	28.000000000000004	19.5	17.25	35.25	0.0
77.0	31.75	20.0	19.75	28.499999999999996	0.0
78.0	32.0	21.75	18.0	28.249999999999996	0.0
79.0	26.75	20.0	20.5	32.75	0.0
80.0	29.75	17.5	22.25	30.5	0.0
81.0	25.25	21.0	18.25	35.5	0.0
82.0	34.75	14.75	22.0	28.499999999999996	0.0
83.0	28.999999999999996	21.0	19.5	30.5	0.0
84.0	26.75	20.5	18.75	34.0	0.0
85.0	31.75	19.0	20.75	28.499999999999996	0.0
86.0	36.75	17.0	19.0	27.250000000000004	0.0
87.0	32.75	20.25	20.25	26.75	0.0
88.0	32.5	18.75	17.5	31.25	0.0
89.0	31.25	14.75	19.25	34.75	0.0
90.0	32.0	13.5	19.0	35.5	0.0
91.0	31.25	23.25	16.0	29.5	0.0
92.0	34.5	19.0	14.499999999999998	32.0	0.0
93.0	33.25	18.5	17.75	30.5	0.0
94.0	28.749999999999996	20.0	18.5	32.75	0.0
95.0	30.0	16.25	19.75	34.0	0.0
96.0	28.999999999999996	19.0	20.0	32.0	0.0
97.0	30.5	19.5	17.75	32.25	0.0
98.0	29.75	20.75	17.5	32.0	0.0
99.0	32.25	16.0	17.0	34.75	0.0
100.0	31.07769423558897	14.285714285714285	19.799498746867165	34.83709273182957	0.0
101.0	29.32330827067669	19.298245614035086	21.303258145363408	30.075187969924812	0.0
102.0	31.82957393483709	16.541353383458645	22.55639097744361	29.07268170426065	0.0
103.0	28.82205513784461	15.288220551378446	19.298245614035086	36.59147869674185	0.0
104.0	24.623115577889447	18.84422110552764	24.623115577889447	31.909547738693465	0.0
105.0	32.1608040201005	18.090452261306535	17.08542713567839	32.663316582914575	0.0
106.0	34.42211055276382	16.08040201005025	19.09547738693467	30.402010050251256	0.0
107.0	31.818181818181817	19.94949494949495	17.17171717171717	31.060606060606062	0.0
108.0	35.6234096692112	13.994910941475828	15.521628498727736	34.86005089058524	0.0
109.0	26.97201017811705	22.137404580152673	17.8117048346056	33.078880407124686	0.0
110.0	22.506393861892583	19.437340153452684	24.296675191815854	33.75959079283887	0.0
111.0	30.59125964010283	18.50899742930591	20.565552699228792	30.334190231362467	0.0
112.0	30.848329048843187	17.223650385604113	17.223650385604113	34.70437017994858	0.0
113.0	29.381443298969074	20.103092783505154	17.2680412371134	33.24742268041237	0.0
114.0	29.63917525773196	15.979381443298967	19.329896907216497	35.051546391752574	0.0
115.0	27.906976744186046	20.930232558139537	17.571059431524546	33.59173126614987	0.0
116.0	25.906735751295333	19.4300518134715	19.94818652849741	34.715025906735754	0.0
117.0	31.865284974093267	20.207253886010363	17.098445595854923	30.82901554404145	0.0
118.0	27.72020725388601	16.06217616580311	21.243523316062177	34.97409326424871	0.0
119.0	18.393782383419687	20.984455958549223	31.088082901554404	29.533678756476682	0.0
120.0	24.352331606217618	22.020725388601036	22.020725388601036	31.606217616580313	0.0
121.0	32.467532467532465	16.103896103896105	18.7012987012987	32.72727272727273	0.0
122.0	29.947916666666668	16.927083333333336	23.4375	29.6875	0.0
123.0	34.72584856396867	18.79895561357702	18.01566579634465	28.459530026109658	0.0
124.0	32.89817232375979	16.971279373368144	21.93211488250653	28.198433420365536	0.0
125.0	28.01047120418848	20.680628272251308	19.10994764397906	32.19895287958115	0.0
126.0	28.421052631578945	18.421052631578945	17.63157894736842	35.526315789473685	0.0
127.0	26.842105263157894	18.157894736842106	23.42105263157895	31.57894736842105	0.0
128.0	31.05263157894737	16.57894736842105	17.63157894736842	34.73684210526316	0.0
129.0	30.526315789473685	17.36842105263158	17.894736842105264	34.21052631578947	0.0
130.0	30.687830687830687	20.105820105820104	12.698412698412698	36.507936507936506	0.0
131.0	31.830238726790448	18.30238726790451	18.037135278514587	31.830238726790448	0.0
132.0	29.44297082228117	15.915119363395224	23.342175066312997	31.29973474801061	0.0
133.0	27.586206896551722	19.628647214854112	21.750663129973475	31.03448275862069	0.0
134.0	23.796791443850267	21.65775401069519	21.12299465240642	33.42245989304813	0.0
135.0	25.268817204301076	15.591397849462366	23.387096774193548	35.752688172043015	0.0
136.0	24.258760107816713	15.633423180592992	22.911051212938006	37.19676549865229	0.0
137.0	32.15258855585831	13.623978201634879	20.708446866485016	33.5149863760218	0.0
138.0	23.28767123287671	19.726027397260275	22.19178082191781	34.794520547945204	0.0
139.0	26.923076923076923	19.78021978021978	18.956043956043956	34.34065934065934	0.0
140.0	29.67032967032967	15.384615384615385	21.153846153846153	33.791208791208796	0.0
141.0	32.417582417582416	13.461538461538462	20.32967032967033	33.791208791208796	0.0
142.0	31.40495867768595	15.151515151515152	19.834710743801654	33.608815426997246	0.0
143.0	34.25414364640884	20.718232044198896	20.441988950276244	24.585635359116022	0.0
144.0	35.91160220994475	16.298342541436465	15.745856353591158	32.04419889502763	0.0
145.0	27.977839335180054	18.559556786703602	19.667590027700832	33.795013850415515	0.0
146.0	31.855955678670362	20.221606648199447	16.62049861495845	31.301939058171747	0.0
147.0	30.193905817174517	18.83656509695291	16.897506925207757	34.07202216066482	0.0
148.0	24.72222222222222	21.11111111111111	21.38888888888889	32.77777777777778	0.0
149.0	28.888888888888886	18.055555555555554	16.38888888888889	36.666666666666664	0.0
150.0	27.298050139275766	21.448467966573816	17.827298050139277	33.42618384401114	0.0
151.0	27.6536312849162	19.553072625698324	20.949720670391063	31.843575418994412	0.0
152.0	26.536312849162012	19.553072625698324	16.201117318435752	37.709497206703915	0.0
153.0	31.741573033707866	16.01123595505618	22.47191011235955	29.775280898876407	0.0
154.0	31.35593220338983	14.971751412429379	22.88135593220339	30.7909604519774	0.0
155.0	30.508474576271187	20.62146892655367	17.51412429378531	31.35593220338983	0.0
156.0	31.35593220338983	15.53672316384181	16.101694915254235	37.005649717514125	0.0
157.0	33.05084745762712	16.94915254237288	22.88135593220339	27.11864406779661	0.0
158.0	29.745042492917843	21.813031161473088	12.464589235127479	35.977337110481585	0.0
159.0	34.472934472934476	11.965811965811966	21.367521367521366	32.193732193732195	0.0
160.0	25.64102564102564	15.954415954415953	25.071225071225072	33.33333333333333	0.0
161.0	27.42857142857143	20.285714285714285	24.0	28.285714285714285	0.0
162.0	31.70028818443804	19.30835734870317	22.19020172910663	26.801152737752158	0.0
163.0	29.971181556195965	17.86743515850144	16.138328530259365	36.023054755043226	0.0
164.0	33.52601156069364	15.895953757225435	21.67630057803468	28.901734104046245	0.0
165.0	31.213872832369944	20.23121387283237	20.809248554913296	27.74566473988439	0.0
166.0	27.61627906976744	18.023255813953487	19.767441860465116	34.593023255813954	0.0
167.0	27.485380116959064	19.298245614035086	22.807017543859647	30.409356725146196	0.0
168.0	26.68621700879765	21.407624633431084	17.008797653958943	34.89736070381232	0.0
169.0	25.368731563421832	16.519174041297934	22.71386430678466	35.39823008849557	0.0
170.0	33.03834808259587	17.10914454277286	17.699115044247787	32.15339233038348	0.0
171.0	33.82789317507419	17.210682492581604	17.210682492581604	31.750741839762615	0.0
172.0	32.047477744807125	20.178041543026705	15.727002967359049	32.047477744807125	0.0
173.0	30.56379821958457	16.61721068249258	20.178041543026705	32.640949554896146	0.0
174.0	34.124629080118694	20.178041543026705	16.61721068249258	29.080118694362017	0.0
175.0	26.190476190476193	18.154761904761905	22.023809523809522	33.63095238095239	0.0
176.0	31.94029850746269	14.328358208955224	20.298507462686565	33.43283582089553	0.0
177.0	28.313253012048197	24.096385542168676	17.771084337349397	29.819277108433734	0.0
178.0	27.492447129909365	21.45015105740181	18.429003021148034	32.62839879154079	0.0
179.0	25.454545454545453	20.0	23.636363636363637	30.909090909090907	0.0
180.0	33.63636363636363	13.939393939393941	19.696969696969695	32.72727272727273	0.0
181.0	26.36363636363636	19.393939393939394	19.090909090909093	35.15151515151515	0.0
182.0	34.24242424242424	16.363636363636363	20.303030303030305	29.09090909090909	0.0
183.0	30.182926829268293	25.304878048780488	18.902439024390244	25.609756097560975	0.0
184.0	32.20858895705521	19.018404907975462	18.404907975460123	30.368098159509206	0.0
185.0	26.993865030674847	21.472392638036812	26.993865030674847	24.539877300613497	0.0
186.0	31.790123456790127	13.88888888888889	22.530864197530864	31.790123456790127	0.0
187.0	29.102167182662537	22.291021671826623	16.718266253869967	31.88854489164087	0.0
188.0	30.745341614906835	18.012422360248447	19.565217391304348	31.67701863354037	0.0
189.0	30.407523510971785	20.37617554858934	19.122257053291534	30.094043887147336	0.0
190.0	29.96845425867508	17.981072555205046	17.350157728706623	34.70031545741325	0.0
191.0	26.89873417721519	17.72151898734177	21.518987341772153	33.860759493670884	0.0
192.0	27.61904761904762	24.444444444444443	19.047619047619047	28.888888888888886	0.0
193.0	27.61904761904762	19.365079365079367	19.047619047619047	33.96825396825397	0.0
194.0	28.753993610223645	21.405750798722046	23.642172523961662	26.198083067092654	0.0
195.0	25.401929260450164	20.90032154340836	20.578778135048232	33.11897106109325	0.0
196.0	26.948051948051948	21.1038961038961	20.77922077922078	31.16883116883117	0.0
197.0	30.618892508143325	20.521172638436482	20.521172638436482	28.338762214983714	0.0
198.0	28.947368421052634	23.026315789473685	22.039473684210524	25.986842105263158	0.0
199.0	27.491408934707906	24.054982817869416	19.587628865979383	28.865979381443296	0.0
200.0	31.40495867768595	13.223140495867769	21.487603305785125	33.88429752066116	0.0
201.0	35.88235294117647	18.823529411764707	12.941176470588237	32.35294117647059	0.0
202.0	38.095238095238095	17.261904761904763	13.095238095238097	31.547619047619047	0.0
203.0	37.72455089820359	19.16167664670659	17.365269461077844	25.748502994011975	0.0
204.0	39.39393939393939	16.363636363636363	22.424242424242426	21.818181818181817	0.0
205.0	37.80487804878049	13.414634146341465	27.439024390243905	21.341463414634145	0.0
206.0	32.926829268292686	21.951219512195124	17.682926829268293	27.439024390243905	0.0
207.0	27.607361963190186	26.380368098159508	12.883435582822086	33.12883435582822	0.0
208.0	26.380368098159508	19.631901840490798	19.631901840490798	34.355828220858896	0.0
209.0	22.839506172839506	24.074074074074073	21.604938271604937	31.48148148148148	0.0
210.0	27.32919254658385	19.875776397515526	14.906832298136646	37.88819875776397	0.0
211.0	32.298136645962735	22.36024844720497	18.012422360248447	27.32919254658385	0.0
212.0	29.81366459627329	14.285714285714285	26.08695652173913	29.81366459627329	0.0
213.0	29.375	20.625	13.750000000000002	36.25	0.0
214.0	28.749999999999996	23.125	21.25	26.875	0.0
215.0	29.375	21.25	13.125	36.25	0.0
216.0	30.625000000000004	20.0	20.0	29.375	0.0
217.0	25.949367088607595	18.9873417721519	25.31645569620253	29.746835443037973	0.0
218.0	24.675324675324674	16.233766233766232	22.07792207792208	37.01298701298701	0.0
219.0	16.19718309859155	24.647887323943664	26.056338028169012	33.098591549295776	0.0
220.0	0.0	26.666666666666668	30.0	43.333333333333336	0.0
