# Position (bp)	A	C	G	T	N
0.0	25.997515298098143	26.30347726101265	24.81067364497839	22.888333795910814	0.0
1.0	25.972403949090044	21.8700025111349	14.70599896911304	37.45159457066202	0.0
2.0	27.799133444294732	20.35745422842197	18.645478322897677	33.197934004385615	0.0
3.0	23.35344759289091	23.80964956294399	15.800036971505532	37.03686587265957	0.0
4.0	33.758373758373764	13.998613998614	14.821634821634822	37.42137742137742	0.0
5.0	34.85356421661145	15.572082832895587	23.54059155041113	26.03376140008183	0.0
6.0	32.69289135799211	17.961626265158813	21.16427600585899	28.181206370990093	0.0
7.0	34.21344311614282	18.071279655873116	20.393608318159025	27.321668909825032	0.0
8.0	22.752432789048328	26.95233382813789	22.42784100280389	27.867392380009896	0.0
9.0	29.774365671395685	18.92663751426291	15.595216895203045	35.703779919138356	0.0
10.0	26.939919540987933	16.98344654751698	24.842709226406384	31.233924685088706	0.0
11.0	28.239437084127434	18.548658326683768	20.370748949808426	32.84115563938037	0.0
12.0	25.854713534969896	20.646977759315305	21.547682630110973	31.95062607560382	0.0
13.0	26.802845783084866	21.452826332065168	18.97298616010497	32.77134172474499	0.0
14.0	30.172732067510548	19.166007383966242	20.24393459915612	30.41732594936709	0.0
15.0	30.140904477572594	18.85470626227477	19.163140759486996	31.841248500665635	0.0
16.0	29.459673168160254	17.3438323668951	19.063653136531368	34.132841328413285	0.0
17.0	30.292968621328008	18.219130251464186	20.48342787121766	31.004473255990145	0.0
18.0	31.15123410029576	17.81293845637009	18.887300656737654	32.14852678659649	0.0
19.0	29.790709007810545	18.579350131053832	20.149361853456792	31.480579007678834	0.0
20.0	30.42682364716263	18.1324325392122	19.667996786640852	31.772747026984316	0.0
21.0	29.86351156497521	18.01410314654236	20.1407681013425	31.981617187139932	0.0
22.0	28.583091377142217	18.694160790587738	20.099811043736462	32.62293678853358	0.0
23.0	29.569258925221032	17.86492518153271	20.46201144166266	32.10380445158359	0.0
24.0	31.121965348359577	18.68581810521881	18.8286639633472	31.363552583074412	0.0
25.0	29.57638943737988	17.840217992259696	19.83979675117816	32.74359581918226	0.0
26.0	30.739110119576445	18.02136186847249	20.64980619007193	30.589721821879134	0.0
27.0	28.83052442467277	18.55853958685681	19.893785742019123	32.7171502464513	0.0
28.0	29.885564249192235	17.69970321723051	20.483933589097347	31.930798944479903	0.0
29.0	29.02705761587661	18.550785671044668	19.96157186850209	32.46058484457664	0.0
30.0	29.649395259465933	18.530460760959688	19.45237750549465	32.36776647407973	0.0
31.0	29.71315385982114	18.640721754637642	19.794292031612958	31.851832353928263	0.0
32.0	29.647764966040118	18.512083399147052	19.899436634549573	31.940715000263253	0.0
33.0	30.833377211457456	18.383398272957034	19.980123209772536	30.803101305812973	0.0
34.0	30.04817818028644	18.12407855939343	20.16506950294861	31.662673757371522	0.0
35.0	30.09609688672415	18.80734548805371	19.890080958336075	31.20647666688607	0.0
36.0	30.38578011849901	18.098090849242922	19.435813034891375	32.08031599736669	0.0
37.0	28.533240276799294	19.903344109455553	19.21595480612856	32.34746080761659	0.0
38.0	29.91203118415508	18.46291613990729	19.910845975558363	31.714206700379265	0.0
39.0	28.695131105872434	19.29119858819191	20.396149135399245	31.617521170536406	0.0
40.0	30.48723470106745	18.5338838512548	19.771232146032123	31.207649301645628	0.0
41.0	30.208100098781692	18.221270991109648	20.898254856766545	30.672374053342118	0.0
42.0	30.013500609173825	19.37765484540156	19.63844710066186	30.970397444762753	0.0
43.0	29.7610579836139	18.87233594141047	19.74828104006955	31.618325034906082	0.0
44.0	29.24679909373518	19.009826650508458	20.757152642394225	30.986221613362137	0.0
45.0	29.432259764209974	19.783310281235593	19.95850622406639	30.825923730488046	0.0
46.0	30.209060610451715	18.24307412627946	19.53867028493894	32.00919497832989	0.0
47.0	29.75892504281386	18.620076406270584	20.218021341061785	31.402977209853773	0.0
48.0	30.50529269561895	18.616982735338873	19.815826049152577	31.061898519889603	0.0
49.0	29.325858979763915	18.879110455311974	19.413337900505905	32.38169266441821	0.0
50.0	29.57807713843418	18.817562003886565	20.204209347518198	31.400151510161063	0.0
51.0	29.799400507263087	19.19101419677855	19.72594617741032	31.28363911854804	0.0
52.0	29.66308272063668	18.804516826099558	19.435001449389937	32.097399003873825	0.0
53.0	31.043161438670698	18.269984648732695	20.0482280157334	30.638625896863203	0.0
54.0	30.359554855670712	18.1536657200651	20.26210540880669	31.2246740154575	0.0
55.0	29.362307763267136	17.83535179157387	19.324486380348695	33.477854064810295	0.0
56.0	29.037891268533773	18.794069192751238	20.85864909390445	31.309390444810543	0.0
57.0	28.587339035995306	18.493890946474938	19.947015328649943	32.97175468887981	0.0
58.0	29.750355881267467	18.323271998734644	19.19979437971213	32.72657774028576	0.0
59.0	29.310072103660545	17.89871215216904	20.939061202430697	31.852154541739715	0.0
60.0	29.331276940720528	18.38428177851597	20.336536560287897	31.947904720475606	0.0
61.0	30.18957470930999	17.97400268937696	19.42943022121444	32.40699238009861	0.0
62.0	28.581693056123186	18.599622944984244	20.3036215738751	32.51506242501747	0.0
63.0	29.274804379783383	18.314139369928213	20.35241303387674	32.05864321641167	0.0
64.0	27.99789043443866	18.911596018195002	19.800909750148328	33.28960379721801	0.0
65.0	30.325323840601204	17.93071623982333	20.922245294835033	30.82171462474043	0.0
66.0	30.161911291598543	18.286219081272083	20.760376562417594	30.791493064711776	0.0
67.0	29.147520881815847	17.93627667499522	19.968751442114353	32.947451001074576	0.0
68.0	29.713924033941442	18.154846281144305	20.490792692173294	31.640436992740963	0.0
69.0	29.571243019430216	18.03574842916576	20.324254471850256	32.06875407955377	0.0
70.0	28.5019121719636	18.374653830937625	20.225504417776605	32.89792957932217	0.0
71.0	29.735984913423625	17.549354468607	21.24780756702581	31.466853050943573	0.0
72.0	29.802442433993615	18.361116239812205	20.21799910320998	31.6184422229842	0.0
73.0	29.979030109597353	18.089497909605264	19.439352175461273	32.49211980533611	0.0
74.0	29.567786438755455	18.263891636660993	20.838444189451195	31.329877735132357	0.0
75.0	30.56966115778783	18.078399303586266	19.87219225239722	31.479747286228683	0.0
76.0	28.946691552296095	18.34369868163322	19.550607741365326	33.159002024705366	0.0
77.0	28.84616652926628	17.917230008244022	21.982522671063478	31.254080791426215	0.0
78.0	30.08989638501771	18.01489259261702	19.02202230591153	32.87318871645375	0.0
79.0	30.286581143026748	17.76803086765821	19.29822247139135	32.64716551792369	0.0
80.0	30.969295207941688	18.219056099732857	20.0817914976419	30.729857194683554	0.0
81.0	30.124868897552094	18.81146973264995	19.88799398412918	31.17566738566877	0.0
82.0	29.78858141759293	18.092945017975527	19.22029090669217	32.89818265773937	0.0
83.0	29.602021228173175	18.58619575040735	20.387094220633152	31.424688800786328	0.0
84.0	30.79815551465495	18.066852698450393	19.37303330760553	31.76195847928912	0.0
85.0	29.996503519570396	17.76080115581768	19.176545873163523	33.0661494514484	0.0
86.0	30.450128315927667	17.947736823702492	20.587944240297137	31.0141906200727	0.0
87.0	29.7929751411833	18.97661898981369	20.213622209320736	31.01678365968227	0.0
88.0	29.906973675529457	17.880187372171275	19.249851553737546	32.96298739856172	0.0
89.0	29.66958288798279	19.022735969808533	20.6339152580394	30.673765884169274	0.0
90.0	30.328323150213123	19.01186344501775	19.537074915213978	31.12273848955515	0.0
91.0	29.962719804691368	18.370888456335983	19.804691366170697	31.861700372801955	0.0
92.0	29.104585945232596	18.872319366545696	20.73837017485978	31.28472451336193	0.0
93.0	30.117325661194112	18.585361347199495	19.982975241514016	31.31433775009238	0.0
94.0	30.226143419932562	17.78132650569813	19.91738209461466	32.075147979754654	0.0
95.0	30.102481869353763	18.46257399085384	21.335761751100378	30.099182388692018	0.0
96.0	29.72646583297588	19.099877915993005	19.720856567789617	31.452799683241494	0.0
97.0	30.066191950055764	18.50338879026457	19.864184413544603	31.56623484613506	0.0
98.0	28.475732896873062	18.139940074708623	21.797494753237153	31.58683227518116	0.0
99.0	29.844697744718207	18.703592478433908	19.68239929774076	31.769310479107126	0.0
100.0	30.08129543515217	18.458495670637728	20.355609649616014	31.104599244594084	0.0
101.0	29.77800763844685	18.51925525143221	21.135688521111817	30.567048589009122	0.0
102.0	30.077662672713007	18.275995052994134	20.065960078194607	31.58038219609825	0.0
103.0	29.568899409862304	17.582769312839662	20.277398059547227	32.570933217750806	0.0
104.0	30.090827614805306	18.271867517423118	20.41079765105609	31.226507216715493	0.0
105.0	30.626555988753264	18.296079076103368	19.873038028197367	31.204326906946	0.0
106.0	29.19304010558354	18.07848735421661	20.30058986721254	32.427882672987316	0.0
107.0	29.66730840679569	18.342283919343398	20.49515317323606	31.495254500624853	0.0
108.0	29.55122777307367	19.439119390347162	20.24047417442845	30.769178662150722	0.0
109.0	28.719589225314806	18.611869541002758	20.141407555320104	32.52713367836233	0.0
110.0	29.67532290588043	17.65150689410867	21.458253855795956	31.214916344214945	0.0
111.0	29.18737710290583	19.01832532226349	20.30123443303474	31.493063141795936	0.0
112.0	29.352709143702405	18.20043280556621	19.15301594258478	33.293842108146606	0.0
113.0	30.228501177876527	17.785592131922172	20.723758765393093	31.262147924808207	0.0
114.0	29.982832677206066	18.488999813848306	19.279799783512473	32.24836772543315	0.0
115.0	29.379856224616173	17.711079284029033	20.81491167984723	32.09415281150756	0.0
116.0	30.449151895130772	17.907753407347233	20.571142910704243	31.07195178681775	0.0
117.0	30.208340594004195	18.242522670718703	20.14121714401221	31.40791959126489	0.0
118.0	29.967561067688308	18.38532417958864	19.914288510745397	31.73282624197766	0.0
119.0	30.707451882610403	17.896722967285786	19.85157959710454	31.54424555299927	0.0
120.0	29.688631935799236	18.758044436942164	19.86791298292997	31.685410644328627	0.0
121.0	29.958588773113036	17.70806143253215	19.95992917057616	32.37342062377866	0.0
122.0	29.563462559745084	18.348026199327315	20.38095238095238	31.707558859975215	0.0
123.0	28.88738898756661	18.975488454706927	19.844404973357015	32.29271758436945	0.0
124.0	28.90762055538916	18.040163735683826	19.529901730064324	33.5223139788627	0.0
125.0	29.02304200260637	18.506637643385986	20.452104426527658	32.018215927479986	0.0
126.0	29.56060791322923	18.37261657304381	20.11680680126301	31.94996871246395	0.0
127.0	29.81745154555765	17.65526009723396	19.391168035599478	33.136120321608914	0.0
128.0	29.059438607177302	17.933099842647582	21.933621933621932	31.073839616553183	0.0
129.0	29.94046839293772	18.40676535231358	19.328850268547228	32.32391598620147	0.0
130.0	29.912569663060868	17.995164671424085	19.820464688223566	32.271800977291484	0.0
131.0	30.024342674468052	18.46377194140161	20.61575234994794	30.896133034182395	0.0
132.0	30.520058560845158	18.474622407615854	19.15954887549935	31.845770156039638	0.0
133.0	30.102263078229406	18.196921032229483	20.427511352309228	31.273304537231883	0.0
134.0	30.536313594167897	17.542247938537677	20.556094742067167	31.365343725227262	0.0
135.0	29.714149701355986	18.046578052826145	20.846319203219256	31.392953042598613	0.0
136.0	28.639612790463172	18.579932925508473	20.14326155317035	32.637192730858	0.0
137.0	30.40198175881094	18.199902413391886	23.29842735427692	28.099688473520253	0.0
138.0	30.448261036815786	19.92396985948001	20.030321544135948	29.59744755956826	0.0
139.0	30.23713917721039	19.396166376240625	20.059095386014093	30.30759906053489	0.0
140.0	28.927921825889086	21.55876376532546	20.367734914268752	29.1455794945167	0.0
141.0	31.493469272334018	16.888943237314948	21.41192115741767	30.20566633293336	0.0
142.0	26.855731012998174	20.140263646547886	24.25225971793809	28.751745622515845	0.0
143.0	27.524618205914535	19.420258587477463	19.42179963323111	33.63332357337689	0.0
144.0	27.995883754758445	19.858562099594565	18.971867165980626	33.173686979666364	0.0
145.0	26.939861380131152	19.696934338366276	17.075447480805583	36.28775680069699	0.0
146.0	32.99270758348721	14.426778504585148	20.157428562486306	32.42308534944133	0.0
147.0	33.861441013460016	16.338875692794932	22.635787806809184	27.163895486935868	0.0
148.0	31.501908690824504	17.143366590210967	21.6658696903139	29.688855028650625	0.0
149.0	32.27950235116517	17.36999184466693	23.81791049955753	26.532595304610368	0.0
150.0	26.723298823113	18.127820546854263	27.351561808689496	27.797318821343243	0.0
