# Position (bp)	A	C	G	T	N
0.0	27.353348574925135	24.053914162316666	22.919596062891472	25.672931645442297	2.0955442442734015E-4
1.0	27.29244198060141	20.177121185872885	14.85722396040968	37.67279542983091	4.1744328511167654E-4
2.0	28.204402940840033	19.742104551646683	17.958258373802813	34.094818173309896	4.1596040056986574E-4
3.0	23.764047973648513	21.926662213906717	14.779567639774486	39.528477612435644	0.0012445602346410896
4.0	34.19766491897538	14.045853628269164	14.410076629541155	37.345163858985096	0.0012409642292060931
5.0	35.86723304429351	14.690023892765469	22.263018666093956	27.175181260802855	0.004543136044208844
6.0	32.34480398462883	17.475838239902362	20.150742994738838	30.02840862236736	2.0615836260782082E-4
7.0	35.291126209594395	16.944204241301215	20.159975293390982	27.604076590487956	6.176652254478072E-4
8.0	23.357902919969234	26.531040354723405	22.03982411905281	28.07102694565213	2.0566060242103665E-4
9.0	28.87781183993162	18.386782605836956	15.921157528786173	36.81424802544525	0.0
10.0	27.12663640712023	16.80472328116949	24.43694456590689	31.62923228205018	0.002463463753210201
11.0	28.331323175884677	18.464937110788394	19.659134729777406	33.544604983549526	0.0
12.0	26.45446478523986	19.717068712176946	21.173326666161163	32.65513983642202	0.0
13.0	27.471334749103537	21.155866469796788	18.372178272364426	33.000620508735246	0.0
14.0	31.252547055245756	18.38958528308919	20.604985777448295	29.75288188421676	0.0
15.0	29.937600986260748	18.730762693294615	19.284510422703658	32.046716321018046	4.095767229356821E-4
16.0	30.577564615847752	17.552820038131593	18.892340710492743	32.97727463552791	0.0
17.0	30.130716411124926	18.260159038641515	20.282853684859383	31.326066077012708	2.0478836146784106E-4
18.0	31.69693779963097	18.30869388030939	18.28534800710206	31.709020312957577	0.0
19.0	30.41639617537256	18.25524411796629	19.738935796800796	31.588809544775952	6.143650844035232E-4
20.0	30.359260222523034	18.011750756181026	19.714361193424658	31.91442303950982	2.0478836146784106E-4
21.0	29.939853658236892	17.442848688023364	19.353319312156852	33.26336397649849	6.143650844035232E-4
22.0	28.707642087284896	18.85547880542853	19.784398813046657	32.652480294239915	0.0
23.0	30.044705299308426	17.488106915907757	20.008642068853945	32.45752177412253	0.0010239418073392053
24.0	30.8829040627963	18.059056867680095	18.365829833158923	32.691799659641745	4.095767229356821E-4
25.0	29.510002887515896	18.123565201542466	19.10695891331104	33.2594729976306	0.0
26.0	31.96643928332265	17.787712288735207	19.798938786710874	30.446295276146866	6.143650844035232E-4
27.0	28.967928094710523	18.400848642969923	19.530256456465068	33.100762017493025	2.0478836146784106E-4
28.0	30.053101622128608	17.811467738665478	19.82556127370169	32.30986936550422	0.0
29.0	29.554237173592952	18.292515599753433	19.55012092752745	32.60312629912617	0.0
30.0	29.89832174563029	18.240853564882602	19.239409795107566	32.62039094418447	0.0010239501950625122
31.0	30.309192634096792	18.312362790392868	19.476186965496904	31.90041449588781	0.001843114125626659
32.0	29.375878042686697	18.335784002523027	19.564941368251613	32.72278221264709	6.14373891567104E-4
33.0	29.707147245545773	17.996313741552324	19.24964161376203	33.04689739913987	0.0
34.0	29.741547031477193	17.780212578590593	19.403223494234982	33.07337852505683	0.0016383706403981242
35.0	30.176716965976247	17.621902740096555	19.388867486865077	32.81189806808029	6.147389818283157E-4
36.0	30.690689090510375	17.34438949609885	18.898291363773307	33.066220157275694	4.098923417764324E-4
37.0	28.93481651836866	18.943814835539868	19.338797915014073	32.78175083885223	8.198922251670018E-4
38.0	30.7311292710029	18.006585124834448	19.21577149698831	32.04630909083454	2.0501633980228224E-4
39.0	29.785178682768354	18.72805434318905	19.445082532077578	32.04086404357957	8.203983854559773E-4
40.0	30.06830486099848	18.42794114325954	19.45364323387691	32.04887893389395	0.0012318279711177403
41.0	29.667991794348954	18.148425263209823	20.242181815191966	31.940373365344694	0.0010277619045661406
42.0	29.354619704980767	18.460715534799515	19.29310593124447	32.891147365605775	4.1146336947353265E-4
43.0	29.653763879195154	18.126697261117254	20.209219923863877	32.009907166636815	4.117691868999751E-4
44.0	29.650711247077243	18.803704047052523	19.81005943368046	31.735525272189776	0.0
45.0	29.37563254024038	18.597868274976452	19.765761717582507	32.25991297483031	8.244923703537277E-4
46.0	30.02619042708956	17.681425419149946	19.47082963848962	32.82114206760017	4.1244767070177974E-4
47.0	29.810564798309898	18.450229418366675	19.773717567835213	31.96445665808411	0.0010315574041064237
48.0	30.481281215173155	17.810707062368433	18.681017047096216	33.02596276881166	0.001031906550542783
49.0	29.005211172224698	17.984531655187222	19.969484498620815	33.04077267396726	0.0
50.0	29.66093989576919	18.325322466658125	19.45772700784831	32.554770770737676	0.0012398589867045789
51.0	30.205701539295593	18.136539802554662	19.301926654292707	32.355211236713	6.207671440366004E-4
52.0	29.79763227271974	18.21558256371143	19.71157831904628	32.27479232644128	4.1451808127870534E-4
53.0	31.325601333551994	17.89396767008289	19.287928074549377	31.492295332775612	2.0758904012903735E-4
54.0	30.211223550293155	18.53375981244895	19.133574007220215	32.12102695838504	4.156716526481401E-4
55.0	29.08247564269572	18.31448702955339	18.461400799910106	34.14163652784079	0.0
56.0	29.251611397905915	17.849538975621748	20.523397039277693	32.375452587194644	0.0
57.0	28.030791107107934	18.942952635320953	19.581793048232036	33.4442547105098	2.084988292790736E-4
58.0	30.789893866816943	17.73958235496697	21.984074804587625	29.48603153731359	4.174363148722124E-4
59.0	29.64092509134692	20.40359869229676	20.874965509745063	29.080301674763163	2.0903184809237536E-4
60.0	31.47611656098588	19.011648976394117	19.29088086874006	30.22114411759161	2.0947628833154232E-4
61.0	29.219161027962237	21.124619741728793	19.256131894247787	30.398407796423	0.0016795396381851734
62.0	31.26203001343571	16.64216790845186	21.349088351366944	30.74650313570066	2.105910448264098E-4
63.0	26.684560862474854	20.404671104258014	25.16165058092682	27.74869442170655	4.2303063376334396E-4
64.0	26.320180708823564	19.854405414471145	17.75200940908724	36.072767570918444	6.368966996013027E-4
65.0	28.154901279836032	19.145341392586026	18.47911078347612	34.218942084596584	0.0017044595052380172
66.0	26.774268745709357	19.327098486484868	17.00282514270072	36.891530346224336	0.004277278880721662
67.0	33.76741368867353	13.946415454205704	17.425072275130912	34.8593803025031	0.0017182794867499171
68.0	34.69318186752822	15.266215916936988	22.85340211826318	27.186114476535394	0.0010856207362245586
69.0	31.772506301165798	16.795793459201473	20.364126471103308	31.067130414735306	4.433537941109316E-4
70.0	33.07809777301189	15.757664247553759	22.277061830994008	28.886936790303125	2.393581372192329E-4
71.0	26.07513183801337	19.624793084421558	25.6445665250545	28.654604003533773	9.045489768043491E-4
