# Position (bp)	A	C	G	T	N
0.0	38.16000918273645	17.246326905417813	20.477502295684115	24.116161616161616	0.0
1.0	22.474747474747474	32.15105601469238	22.578053259871442	22.796143250688704	0.0
2.0	28.42183566033417	26.11581597619593	16.51979858091096	28.94254978255894	0.0
3.0	35.44224290527037	18.346371267058757	19.511220236395822	26.700165591275056	0.0
4.0	37.424363511816416	16.41169083228679	16.268980477223426	29.894965178673367	0.0
5.0	26.504992867332383	25.940085592011414	17.164051355206848	30.39087018544936	0.0
6.0	25.932686822589844	28.996006845407873	18.174557900741586	26.896748431260697	0.0
7.0	38.096595768945654	18.748930831955292	16.182927524662144	26.971545874436902	0.0
8.0	38.271182574980045	17.44212566997377	16.54122476907287	27.745466985973316	0.0
9.0	26.600170988885726	27.312624679395842	17.32117412368196	28.766030208036476	0.0
10.0	25.11386927806878	14.922568890913231	18.629013892051923	41.33454793896607	0.0
11.0	24.89617113273027	17.02793423223531	17.921146953405017	40.1547476816294	0.0
12.0	24.963030371971335	15.970879308383573	18.905699010351494	40.160391309293594	0.0
13.0	26.20062517760727	26.28019323671498	19.028132992327365	28.49104859335038	0.0
14.0	25.712825173236396	16.749971600590708	29.64330341928888	27.893899806884015	0.0
15.0	33.187673798308836	18.546053004937292	19.692412462402814	28.573860734351058	0.0
16.0	24.39743662451086	18.051380933477006	18.2158452900811	39.335337151931036	0.0
17.0	26.816687450402448	25.2579072667498	18.013830631447682	29.91157465140007	0.0
18.0	24.60762649441895	18.55062609779591	18.64694883562808	38.19479857215706	0.0
19.0	26.47675143002775	28.99699835759189	16.89981310528402	27.626437107096336	0.0
20.0	26.567451335445902	16.947713897691262	18.079447713897693	38.405387052965146	0.0
21.0	25.309514387472444	17.886822318955282	19.797614336593362	37.006048956978915	0.0
22.0	26.387162391230646	16.742004746299017	27.957961351565146	28.912871510905187	0.0
23.0	25.091792351578828	18.189007512850928	18.629610800429305	38.089589335140936	0.0
24.0	36.416511378395164	15.658704613473375	17.736744028460105	30.188039979671355	0.0
25.0	27.06333973128599	17.0373715705092	25.324602009709835	30.574686688494975	0.0
26.0	37.11060948081264	16.439051918735892	16.388261851015802	30.06207674943567	0.0
27.0	26.509082703373576	17.88897664447704	14.797472639061265	40.80446801308812	0.0
28.0	25.8881245065975	26.530957482801398	14.542686365174243	33.03823164542686	0.0
29.0	27.342913496759653	15.20428289659059	15.497323189630881	41.95548041701888	0.0
30.0	27.341014345419634	15.847735230995145	25.61278662600249	31.198463797582743	0.0
31.0	28.692651468009277	14.170956610284552	17.372857385302936	39.763534536403235	0.0
32.0	25.951302378255946	16.738391845979613	16.90260475651189	40.40770101925254	0.0
33.0	26.937499999999996	27.607954545454543	16.03409090909091	29.420454545454543	0.0
34.0	27.563702400544805	16.060382498155608	18.415526928097155	37.96038817320243	0.0
35.0	24.950213371266003	26.270270270270267	17.559032716927454	31.220483641536273	0.0
36.0	27.26599863356866	15.002277385561374	17.040537462992482	40.691186517877476	0.0
37.0	38.18482412633259	17.707086255059576	16.90325523060259	27.204834388005246	0.0
38.0	36.355337479317626	18.057853597307012	15.81559879043761	29.771210132937753	0.0
39.0	39.00028563267638	17.035132819194516	14.790059982862038	29.174521565267064	0.0
40.0	25.201532216568523	27.271168029272197	17.70053170201818	29.8267680521411	0.0
41.0	26.496216464113736	14.686998394863563	30.0561797752809	28.760605365741803	0.0
42.0	39.102711397058826	16.015625	17.537913602941178	27.34375	0.0
43.0	38.85753771737879	16.745364505355294	17.177242888402624	27.2198548888633	0.0
44.0	28.97989833641405	27.102587800369687	15.006931608133087	28.910582255083177	0.0
45.0	31.575635539894286	16.31638560281903	18.569091366725395	33.53888749056129	0.0
46.0	30.173624409549344	16.685816417719902	18.67739052725648	34.463168645474276	0.0
47.0	30.309278350515463	17.7319587628866	19.194587628865982	32.76417525773196	0.0
48.0	28.518805738658394	18.676489595450434	18.463228641592348	34.34147602429882	0.0
49.0	29.289271163422363	17.41576666882235	19.42701933648063	33.867942831274654	0.0
50.0	28.197824961160023	21.79570170895909	17.879337131020197	32.1271361988607	0.0
51.0	29.793433918280126	19.01832545489866	17.613158065142784	33.575082561678435	0.0
52.0	29.24234561494551	17.916450441100157	19.62247016087182	33.21873378308251	0.0
53.0	30.40228764541496	19.470981997790343	19.503476961071033	30.623253395723665	0.0
54.0	28.207798971421134	22.81752490072261	18.462339691426337	30.51233643642992	0.0
55.0	29.47498697238145	18.310317873892654	19.04637832204273	33.16831683168317	0.0
56.0	28.23437398162028	18.640422342436292	19.376914553868215	33.748289122075214	0.0
57.0	30.185849364199548	17.945875448320837	19.530485816759047	32.33778937072058	0.0
58.0	30.691454664057403	18.78016960208741	18.41487279843444	32.11350293542075	0.0
59.0	28.49023322662834	18.266152740576207	20.925066962827465	32.31854706996799	0.0
60.0	28.938759487045274	17.74404606124051	20.420047108086887	32.897147343627324	0.0
61.0	30.095562246367326	17.672470218615004	20.107343893179735	32.124623641837935	0.0
62.0	28.493707393812272	19.382538017829052	20.778710015731516	31.345044572627163	0.0
63.0	32.876352902591016	17.67136766152837	18.97015414890128	30.48212528697934	0.0
64.0	27.60567077973221	18.27907587293253	22.348385402992914	31.766867944342348	0.0
65.0	31.034935644864724	19.024166009981613	19.16206987128973	30.778828473863935	0.0
66.0	28.7977387760468	17.130086110563333	21.777427200420693	32.29474791296917	0.0
67.0	29.745918904686675	17.864665613480778	19.312796208530806	33.07661927330174	0.0
68.0	26.169455791276846	19.422848860192385	19.956516010014493	34.451179338516276	0.0
69.0	27.500000000000004	20.521108179419524	21.160949868073878	30.817941952506594	0.0
70.0	27.972812458756763	20.060710043552856	19.288636663587173	32.67784083410321	0.0
71.0	28.215959342617648	19.503663124546232	19.932677711042178	32.34769982179394	0.0
72.0	28.424318436860517	18.832926265760115	20.846260479239554	31.896494818139807	0.0
73.0	29.512420718816067	17.950581395348838	20.58007399577167	31.956923890063425	0.0
74.0	29.233617668452027	18.098260927064736	21.510282351385307	31.15783905309793	0.0
75.0	29.213260107192486	18.355058558856612	21.65023489710845	30.78144643684245	0.0
76.0	29.211623750579204	18.81247103991527	18.97133779042828	33.00456741907725	0.0
77.0	28.8135593220339	19.054555084745765	18.12102754237288	34.01085805084746	0.0
78.0	29.38994502218984	18.831555938265883	19.003775584553225	32.774723454991054	0.0
79.0	28.6206439644892	20.186829203657084	18.20590963296674	32.986617198886975	0.0
80.0	29.09705648369133	17.36276849642005	20.12728719172633	33.41288782816229	0.0
81.0	27.285988992772364	17.591671639811686	19.945626947815132	35.17671241960082	0.0
82.0	29.36260529283014	17.496849505869868	21.144790077601645	31.99575512369835	0.0
83.0	29.60334306182011	17.80313080392677	21.053329795701778	31.54019633855134	0.0
84.0	27.561720201752056	17.633395274754445	20.779134589859304	34.025749933634195	0.0
85.0	30.181914752356924	16.79059885805338	20.754215907581994	32.273270482007696	0.0
86.0	30.340660070389802	17.537685105252674	20.997410186599375	31.124244637758153	0.0
87.0	31.506212211813168	17.281243771177994	21.57996146435453	29.632582552654306	0.0
88.0	31.49883682286474	18.451312728481224	18.059155865736127	31.99069458291791	0.0
89.0	31.097520441401315	17.144186664893972	18.001728378647876	33.75656451505684	0.0
90.0	29.76997739662279	16.826219917564153	19.518681026459248	33.885121659353814	0.0
91.0	29.103484969406757	19.44001064112796	16.926044160681034	34.53046022878425	0.0
92.0	29.4810379241517	17.41849634065203	17.93080505655356	35.169660678642714	0.0
93.0	31.35491606714628	17.85904609645617	19.39781508126832	31.38822275512923	0.0
94.0	30.00399786780384	16.844349680170577	19.5295842217484	33.622068230277186	0.0
95.0	31.105484107416537	16.385686679549543	19.99067102019058	32.51815819284334	0.0
96.0	29.82198813254217	16.614440962730846	19.961330755383692	33.60224014934329	0.0
97.0	30.51220488195278	17.466986794717887	20.13472055488862	31.886087768440706	0.0
98.0	30.982905982905983	19.33092948717949	18.362713675213676	31.32345085470086	0.0
99.0	30.344505274402454	18.540526104953933	20.029376418747496	31.085592201896112	0.0
100.0	31.87512561130837	16.07824747102566	18.99242982514906	33.054197092516915	0.0
101.0	31.91017279634237	18.644523633429706	19.061386404894776	30.383917165333152	0.0
102.0	30.980312837108954	17.044228694714132	20.10517799352751	31.870280474649405	0.0
103.0	29.816141679059076	19.332161687170473	19.392997161011223	31.45869947275923	0.0
104.0	28.188965704215807	17.91378609190728	19.818354344584517	34.0788938592924	0.0
105.0	29.89185880432565	17.663061960144187	19.67625654628307	32.76882268924709	0.0
106.0	32.14626824942011	19.10219675262655	17.683176422431437	31.0683585755219	0.0
107.0	30.021213987545337	19.31157188804489	18.23034284541162	32.436871278998154	0.0
108.0	33.97198187062217	17.7036121411894	17.044362038181568	31.28004395000687	0.0
109.0	29.041813046772745	17.51050492526004	20.25900668182131	33.1886753461459	0.0
110.0	26.490294950611315	19.520618912758167	20.204462250466257	33.78462388616426	0.0
111.0	31.340905942651336	18.70757722676271	19.62183127857044	30.32968555201552	0.0
112.0	28.105255849475803	18.79469554953829	19.752829271679513	33.34721932930639	0.0
113.0	29.46179587283882	18.084216397099834	17.00362520914668	35.450362520914666	0.0
114.0	31.192724728926198	17.152850647079397	19.32144106330885	32.332983560685555	0.0
115.0	27.04049406975928	20.26808898870096	18.352165064215033	34.33925187732472	0.0
116.0	30.28357787810384	17.840011286681715	17.88939051918736	33.98702031602709	0.0
117.0	30.27879988678177	18.730540617039342	19.558448910274553	31.43221058590433	0.0
118.0	29.170516738929564	17.058781718672257	20.747743265335135	33.02295827706305	0.0
119.0	25.43690705471146	19.373707111776874	23.91754048077609	31.27184535273557	0.0
120.0	27.654091201947168	21.046603192784023	20.481065215835063	30.818240389433747	0.0
121.0	30.38229376257545	18.252371371083644	19.17217591261857	32.19315895372233	0.0
122.0	27.350735506201328	17.89731756561869	19.9235650418229	34.82838188635708	0.0
123.0	30.353655890648728	17.31395096550228	19.34620669704202	32.98618644680697	0.0
124.0	31.311737361998837	17.402672864613596	19.436374201045904	31.84921557234166	0.0
125.0	28.19110138584974	18.234865061998544	19.204959883296862	34.36907366885485	0.0
126.0	30.566949897450925	18.524758277175504	18.414884266041607	32.49340755933196	0.0
127.0	29.773629281199472	17.808319858885785	20.806996913126564	31.611053946788182	0.0
128.0	30.103397341211224	18.10192023633678	19.800590841949777	31.994091580502214	0.0
129.0	30.485811915020054	17.612538998662902	18.77135641063735	33.13029267567969	0.0
130.0	30.286738351254485	18.817204301075268	17.34617682198327	33.54988052568697	0.0
131.0	30.9504163228565	18.67076738429225	19.270872402670467	31.107943890180785	0.0
132.0	29.31917457448411	17.46497966561229	21.855701159813226	31.360144600090372	0.0
133.0	29.146184678212204	20.161839219541708	19.284579898661423	31.407396203584664	0.0
134.0	27.37506655510763	20.27078420932532	18.7799497984331	33.57419943713394	0.0
135.0	28.07941962581138	17.20504009163803	21.420389461626574	33.29515082092402	0.0
136.0	27.54178806931452	17.804017788682717	20.318969483208097	34.33522465879466	0.0
137.0	30.99892257965215	16.56918577805141	18.654763737109434	33.77712790518701	0.0
138.0	28.474209264558038	18.552316139509706	19.21738457969221	33.756090016240044	0.0
139.0	29.675112700139906	18.210788123736982	19.392196486864606	32.721902689258506	0.0
140.0	28.92806990170073	18.708066781089094	21.064128569199564	31.29973474801061	0.0
141.0	30.416046384078975	18.58497218522291	19.337146438925018	31.661834991773098	0.0
142.0	31.865101252856356	17.09873138444567	17.800015759199432	33.23615160349854	0.0
143.0	32.71375464684015	19.94779720003164	19.42576920034802	27.912678952780194	0.0
144.0	30.867143993635644	17.82816229116945	17.86793953858393	33.436754176610975	0.0
145.0	29.63732225595143	18.66112797571497	18.86882888640358	32.83272088193002	0.0
146.0	29.466580976863753	18.645565552699228	18.075192802056556	33.81266066838046	0.0
147.0	29.468248204631646	18.591140159767612	18.276446381021543	33.664165254579196	0.0
148.0	29.2710613800373	18.892402497364795	19.492418714019298	32.34411740857861	0.0
149.0	30.387596899224807	19.053447572419422	17.47858017135863	33.080375356997145	0.0
150.0	27.996722654649737	18.32036050798853	20.098320360507987	33.584596476853754	0.0
151.0	29.19858331274195	19.174697306646898	20.097191335145375	31.529528045465778	0.0
152.0	28.68750518199154	18.870740402951665	17.743139043197083	34.69861537185972	0.0
153.0	29.789184234647117	19.006749437546873	19.94000499958337	31.26406132822265	0.0
154.0	30.600452223431873	16.950004187254	19.822460430449713	32.627083158864416	0.0
155.0	28.66177586643056	20.423307192849315	18.256176743401635	32.658740197318494	0.0
156.0	31.580284552845526	17.17479674796748	18.893970189701896	32.35094850948509	0.0
157.0	30.52219098730727	18.46835335207428	19.499105545617173	31.51035011500128	0.0
158.0	28.017462763225474	21.759972607430235	18.29310049649033	31.929464132853962	0.0
159.0	33.61453042954291	15.606438839631576	19.488680382198503	31.290350348627012	0.0
160.0	26.91974345640492	18.798751950078003	22.118218062055817	32.16328653146126	0.0
161.0	29.686818459391084	17.74404606124051	19.890081130594087	32.679054348774315	0.0
162.0	30.062209760799092	18.522737229475158	20.47664943485499	30.938403574870758	0.0
163.0	29.018917729872417	18.609766827980643	18.56577210734712	33.80554333479983	0.0
164.0	28.076072534276868	17.938965059708092	19.301194161875276	34.68376824413976	0.0
165.0	29.25097621583245	17.172523961661344	20.84664536741214	32.72985445509407	0.0
166.0	27.174591845838165	19.653849585154788	20.073155500044606	33.09840306896244	0.0
167.0	28.24003582624272	18.298253470667262	20.483654276757726	32.97805642633229	0.0
168.0	30.550301720255785	18.004143024407817	19.10294514995947	32.34261010537692	0.0
169.0	27.448675047481235	18.802568508637062	20.385276295559372	33.363480148322324	0.0
170.0	28.23005633290932	17.390514264946393	17.70852262402326	36.67090677812103	0.0
171.0	29.983540599853693	17.044623262618874	18.361375274323336	34.610460863204096	0.0
172.0	29.033443586916576	19.790518191841237	16.841234840132305	34.334803381109886	0.0
173.0	28.58594255102983	17.133093192943566	19.32206520735199	34.95889904867461	0.0
174.0	30.882762461709827	18.53708344936415	18.602060707323865	31.97809338160215	0.0
175.0	28.124708298329132	17.399421263885	21.683935405582	32.79193503220387	0.0
176.0	29.088522130532635	17.057389347336834	18.088897224306077	35.76519129782446	0.0
177.0	27.35083081570997	19.694108761329304	19.571374622356497	33.383685800604226	0.0
178.0	27.175049919178473	20.21489017780736	19.48274222687078	33.127317676143385	0.0
179.0	27.72144633633059	17.878324086474077	20.948919074038646	33.451310503156684	0.0
180.0	30.78109932497589	15.872709739633558	19.537126325940214	33.80906460945034	0.0
181.0	29.335274138767588	18.583212032993693	18.54439592430859	33.53711790393013	0.0
182.0	29.867841409691632	18.325991189427313	19.158100832109643	32.64806656877142	0.0
183.0	30.003943995267207	20.429895484125417	19.759416288700454	29.806744231906922	0.0
184.0	32.131863767252504	18.667461026710356	17.94260748684341	31.258067719193726	0.0
185.0	28.604325190228273	19.883860632759312	20.204245094112935	31.307569082899477	0.0
186.0	29.15446004646934	17.88059399939388	21.183957975553085	31.780987978583696	0.0
187.0	30.277098614506926	21.06764466177669	17.359413202933986	31.295843520782395	0.0
188.0	30.333264760337382	17.46554206953302	19.368442707261877	32.83275046286772	0.0
189.0	29.113397775698992	19.18719467830787	19.842012264837336	31.857395281155803	0.0
190.0	30.649895178197067	18.28092243186583	18.165618448637318	32.903563941299794	0.0
191.0	28.168567807351074	18.610054921841996	18.916349809885933	34.305027460920996	0.0
192.0	31.076759061833688	18.66737739872068	17.611940298507463	32.643923240938165	0.0
193.0	30.9577555627217	18.04794152423949	19.28410190261206	31.710201010426744	0.0
194.0	29.48690192682399	19.23576531716822	19.766183156527386	31.511149599480408	0.0
195.0	29.232283464566926	20.54899387576553	19.20384951881015	31.01487314085739	0.0
196.0	30.268835048124792	19.393738245381126	18.34273702843235	31.994689678061732	0.0
197.0	28.533034714445687	19.720044792833146	20.53751399776036	31.209406494960806	0.0
198.0	28.56653732024652	21.570417712850947	19.595982652362473	30.267062314540063	0.0
199.0	28.37725050673662	21.545248599022297	18.624061046858234	31.453439847382853	0.0
200.0	23.19566124322069	18.439716312056735	22.500347656793213	35.864274787929354	0.0
201.0	31.03990564183212	18.53744839787694	18.57676430115982	31.84588165913112	0.0
202.0	30.8411214953271	17.73712467687413	20.262477629747462	31.1592761980513	0.0
203.0	31.48893360160966	18.30985915492958	19.21529175050302	30.985915492957744	0.0
204.0	31.32750559056719	18.276072372433422	22.199634071965846	28.196787965033543	0.0
205.0	29.06929069290693	17.42517425174252	23.800738007380073	29.704797047970477	0.0
206.0	29.440993788819874	21.387163561076605	19.440993788819878	29.730848861283643	0.0
207.0	29.291239807652104	19.46477106418566	19.10934559899645	32.1346435291658	0.0
208.0	28.78691310813682	17.50584236243892	21.54238368387508	32.16486084554918	0.0
209.0	28.251988819608687	18.469146420124705	18.684153945388086	34.59471081487852	0.0
210.0	27.950174825174823	18.356643356643357	20.017482517482517	33.6756993006993	0.0
211.0	30.202821869488538	18.69488536155203	20.72310405643739	30.379188712522048	0.0
212.0	25.90777456003564	17.665404321675208	22.878146580530185	33.54867453775896	0.0
213.0	28.874351454996617	19.963907060681255	18.001353485224453	33.16038799909768	0.0
214.0	30.42093287827076	22.138794084186575	19.74971558589306	27.6905574516496	0.0
215.0	28.230980751604033	18.721356553620534	17.73602199816682	35.31164069660861	0.0
216.0	29.844149802279603	18.446150267504073	21.656199116073505	30.053500814142826	0.0
217.0	25.56266287609571	20.46908315565032	23.71475953565506	30.25349443259891	0.0
218.0	25.89416952474277	19.67172954434101	19.524742773150415	34.9093581577658	0.0
219.0	22.518559252130878	22.628540005499037	24.525708001099808	30.327192741270277	0.0
220.0	12.350936967632027	24.361158432708688	21.720613287904598	41.56729131175469	0.0
