# Position (bp)	A	C	G	T	N
0.0	28.07745434342713	24.41830238591591	18.52359666247012	28.980646608186838	0.0
1.0	27.3720265249015	21.162834555769063	14.231394596137479	37.23374432319196	0.0
2.0	28.363910479081568	19.584992920227776	18.3595301883525	33.69156641233816	0.0
3.0	24.134192523821156	22.548151315253683	15.659357439530908	37.65829872139425	0.0
4.0	33.00738223278199	14.36508219157174	15.688898159783877	36.93863741586239	0.0
5.0	34.89979654120041	16.10732451678535	22.15615462868769	26.83672431332655	0.0
6.0	32.093616977994316	17.73677599157813	20.39810609720746	29.77150093322009	0.0
7.0	33.74982836743101	17.583820261288338	20.010577651659624	28.655773719621035	0.0
8.0	24.8883803712179	24.72616323417239	21.24027459954233	29.145181795067376	0.0
9.0	29.43105718920183	18.263221856678683	15.944534559118898	36.36118639500058	0.0
10.0	27.765914175310147	17.38865161683954	23.784828147244255	31.060606060606062	0.0
11.0	28.58101547049523	18.928097530719835	18.630685775583768	33.86020122320117	0.0
12.0	27.199568906354056	19.669155961343915	20.637083204123858	32.494191928178175	0.0
13.0	26.914122467238034	21.173534225963543	18.365002389158306	33.54734091764012	0.0
14.0	31.29282127391384	18.02508792973753	19.267794335901765	31.414296460446867	0.0
15.0	30.784044715447155	18.304369918699187	19.443089430894307	31.46849593495935	0.0
16.0	30.566252451254332	16.9982422093295	18.79261118280007	33.6428941566161	0.0
17.0	29.727409860378184	18.277811355636935	19.241298396558467	32.75348038742642	0.0
18.0	31.192618622034452	17.87201413714657	19.13643565160871	31.798931589210273	0.0
19.0	29.82824010844787	18.916942948096324	19.131198562151898	32.12361838130391	0.0
20.0	30.60731416389615	17.900667461868387	19.25183361672969	32.24018475750577	0.0
21.0	30.150029437440363	17.698499705625597	19.062265261790202	33.08920559514384	0.0
22.0	29.650625767618425	18.21171550665354	19.17599650828774	32.96166221744029	0.0
23.0	30.014767600594766	17.69067205269648	19.306988475181804	32.98757187152695	0.0
24.0	30.8197802755436	18.0742394641362	19.14140004567021	31.96458021464999	0.0
25.0	29.180450975218687	18.646363986929433	19.314099571756206	32.85908546609568	0.0
26.0	30.601031905880443	17.879265997331455	19.88676431046466	31.63293778632344	0.0
27.0	29.636619132411056	18.538359687704506	19.426646577482863	32.39837460240157	0.0
28.0	30.289656571805406	17.95211281895196	18.584690305889513	33.173540303353114	0.0
29.0	30.141579542745255	18.317075274053558	19.411260418093367	32.13008476510782	0.0
30.0	30.208491858164667	18.211839902602346	19.162481611119567	32.41718662811343	0.0
31.0	29.582659070963686	18.168813315138816	19.279253686672178	32.969273927225316	0.0
32.0	30.06899350649351	18.100142045454547	19.62611607142857	32.20474837662338	0.0
33.0	30.57269258868415	18.314189463430473	18.817477067943827	32.29564087994156	0.0
34.0	30.062202559133024	17.995616393875128	19.012876842991812	32.92930420400004	0.0
35.0	30.353844904917498	17.75718953585128	19.69537068983013	32.193594869401096	0.0
36.0	29.851526345701064	18.041122026467484	19.303604773889745	32.8037468539417	0.0
37.0	29.526158468198265	18.931331800719615	18.65881075265543	32.883698978426686	0.0
38.0	29.70350294872966	19.154562156785122	19.21749545763675	31.924439436848463	0.0
39.0	29.53584570485979	18.475827940616675	19.33612485725162	32.65220149727192	0.0
40.0	30.215761611588494	18.424244885114934	19.539343122376575	31.820650380919997	0.0
41.0	29.844685818698608	18.429601055730384	19.52441376509999	32.20129936047102	0.0
42.0	29.823466114427255	18.611686360498638	20.260283428757056	31.30456409631705	0.0
43.0	30.14852188743604	18.635283846341267	19.310890928287176	31.905303337935514	0.0
44.0	30.01847696977696	18.180526086029584	20.39370158678592	31.407295357407538	0.0
45.0	30.242037828563305	18.713260302344235	19.606180898910626	31.438520970181834	0.0
46.0	30.034874689706637	18.630800391896077	19.118639937865183	32.2156849805321	0.0
47.0	29.633408976682556	18.54125100900105	19.875416926849326	31.949923087467063	0.0
48.0	30.320723391940536	18.318855001751615	19.086011951604632	32.27440965470322	0.0
49.0	29.754306865089642	18.755743756124556	19.06444684772509	32.425502531060715	0.0
50.0	29.73291357773941	18.234487661216615	20.085812937950646	31.946785823093325	0.0
51.0	30.546429496326162	17.983273499108833	19.390858820004773	32.07943818456023	0.0
52.0	29.822423309923877	17.835869780479257	19.69389983191912	32.64780707767774	0.0
53.0	30.695794359302482	17.788407828321297	19.23463636086652	32.2811614515097	0.0
54.0	30.293674048720543	18.171430892905207	19.6756026589613	31.859292399412958	0.0
55.0	29.803614867781565	17.912335139582243	19.024016169905895	33.26003382273029	0.0
56.0	29.861911702716565	17.97941118215568	19.50605120287654	32.65262591225121	0.0
57.0	29.243419214927453	17.940162215145836	20.10573949080493	32.71067907912178	0.0
58.0	29.49455036720266	17.99394598108627	19.506942822026065	33.00456082968501	0.0
59.0	29.502260145258774	18.29193966174006	20.033013357712427	32.17278683528874	0.0
60.0	29.58946828448228	18.605218115607116	19.12123967068073	32.68407392922988	0.0
61.0	29.434650332424184	18.110388192211776	19.283650012443687	33.17131146292036	0.0
62.0	29.73435595286469	17.795103616416093	19.5342340511987	32.936306379520516	0.0
63.0	29.497097172346187	17.727819907861253	19.687419048441413	33.08766387135115	0.0
64.0	29.34901865171279	18.49120240562396	19.62899752123207	32.53078142143118	0.0
65.0	29.731541919589567	17.998628501765168	19.699794275264775	32.57003530338049	0.0
66.0	30.33623391598978	18.109592242084354	19.99217706253778	31.561996779388085	0.0
67.0	29.474069219866806	17.714413439606606	19.938430589633786	32.8730867508928	0.0
68.0	29.775657634041515	18.19581186941811	19.507015779152823	32.521514717387554	0.0
69.0	29.262431669003636	17.675628441951677	20.27576256375866	32.786177325286026	0.0
70.0	29.106547715818564	17.52204926028288	19.770667371159163	33.600735652739395	0.0
71.0	30.32780222125126	17.65010720128438	19.72554438946074	32.29654618800362	0.0
72.0	29.865510951686574	18.705511154918987	19.50573877521987	31.923239118174568	0.0
73.0	29.70108378088623	18.30029825568693	18.761654582315014	33.23696338111183	0.0
74.0	30.133582646958697	17.95515403415529	19.453068234361584	32.458195084524434	0.0
75.0	29.9918189809804	18.308714055600444	19.470825266645324	32.228641696773835	0.0
76.0	30.46597896234565	17.87285939326185	18.52787235123736	33.13328929315514	0.0
77.0	30.462866029048552	17.51857460843404	19.874068728592192	32.144490633925216	0.0
78.0	30.200100634812532	18.166108431469215	18.821759482798054	32.8120314509202	0.0
79.0	30.092769093912825	17.957554962511118	19.040284661329267	32.909391282246794	0.0
80.0	30.03528179682972	18.3678864475196	19.585464306412746	32.01136744923793	0.0
81.0	30.984669361604762	17.72048915668777	18.65507334807922	32.63976813362825	0.0
82.0	30.302968665778472	18.319484983778615	19.100552238957764	32.276994111485145	0.0
83.0	30.384503897926702	18.34237679449561	18.466459523095153	32.80665978448254	0.0
84.0	28.9639108145496	17.94338432744731	19.850069167548217	33.24263569045488	0.0
85.0	28.58530630928464	17.966584441675355	19.1908043638583	34.257304885181696	0.0
86.0	30.883714306059957	16.989654225287637	22.535376038900925	29.591255429751477	0.0
87.0	30.205445657868633	20.259719120841112	20.288203787443347	29.246631433846904	0.0
88.0	32.036217508520274	18.339691744239282	18.604710310799124	31.019380436441324	0.0
89.0	28.42441538093712	22.99255777516647	18.74087526261439	29.842151581282018	0.0
90.0	33.41608460978873	15.116012880710983	19.494030207607352	31.973872301892936	0.0
91.0	27.30602713661408	20.75844139987078	26.248340209909394	25.68719125360575	0.0
92.0	26.416150269137233	19.548317510709527	17.66486563488914	36.3706665852641	0.0
93.0	27.942403581968044	19.433194260710287	18.552457515009667	34.071944642312	0.0
94.0	24.406764135628755	21.597195010864752	17.186665106077644	36.809375747428845	0.0
95.0	33.10513322983738	14.337413788715548	16.50828391825516	36.04916906319192	0.0
96.0	34.70731409251074	15.54982992850887	23.043668655926027	26.699187323054364	0.0
97.0	30.6295566050713	17.11933401602804	20.947009644336436	31.304099734564222	0.0
98.0	34.41417741137843	13.486588866286331	22.196560672570524	29.90267304976471	0.0
99.0	27.360140305797305	17.72890187261335	25.360578761413866	29.550379060175487	0.0
