# Position (bp)	A	C	G	T	N
0.0	26.93323499003147	24.32982153267392	23.627031954057788	25.109589438187047	3.2208504977824446E-4
1.0	27.23616429741406	20.150224679264532	15.149847673715334	37.463282065926236	4.812836798308448E-4
2.0	28.410885928616654	19.860968107081415	17.991807734368507	33.735858589088494	4.7964084493531245E-4
3.0	23.706411429555256	22.13328529570244	15.101564517620353	39.05698517103841	0.001753586083540841
4.0	34.64071190211346	13.640394088669952	14.499602733195612	37.216748768472904	0.0025425075480692834
5.0	36.386364790090866	14.828639778668967	22.614092085892683	26.166302858013097	0.004600487334382456
6.0	32.54031242425827	17.606299811328824	20.002946501979384	29.850441262433524	0.0
7.0	35.562544317260944	16.662340457860616	20.511927674230147	27.26287099878444	3.165518638573744E-4
8.0	22.756135015411672	27.11252180486563	22.5845427818185	27.546642248380156	1.5814952404900737E-4
9.0	28.8457466142006	18.13903506692584	15.788650263120466	37.22530381327139	0.0012642424817079917
10.0	26.731605320800426	16.869678923205935	25.22879347075944	31.16929058626402	6.31698970172754E-4
11.0	28.451509028917794	18.525381992675843	19.805531001389063	33.21710443237782	4.735446394746811E-4
12.0	26.361697024778785	19.719045455119225	21.320262304187022	32.598995215914975	0.0
13.0	27.479610939986532	21.437414930580196	18.514890992853775	32.56760998105801	4.73155521488358E-4
14.0	31.6886447406398	18.18967543108411	20.500251561018924	29.62127054875	1.57718507162786E-4
15.0	29.82330795642553	18.955241064852274	19.60393728481281	31.617513693909384	0.0
16.0	30.534933860744022	17.69822456276487	19.104758209642593	32.66192564834135	1.57718507162786E-4
17.0	30.113983165126545	18.173745861860667	20.394580161219857	31.31721765627144	4.73155521488358E-4
18.0	31.38330171077265	18.06397378087537	18.469152625776566	32.08357188257542	0.0
19.0	30.55575270368951	18.31238042965676	19.711028151176343	31.420523278463065	3.15437014325572E-4
20.0	30.187479989464407	18.145514249078527	19.529809586446305	32.136880737996435	3.15437014325572E-4
21.0	30.303245373721886	17.31512630886646	19.456943636137094	32.924211525753066	4.73155521488358E-4
22.0	28.684422616203054	19.016435845631435	19.77253836896983	32.52660316919568	0.0
23.0	29.97676806389492	17.68418761562738	20.19364678309447	32.14413578932593	0.001261748057302288
24.0	31.07322712569061	18.102141659608765	18.49091777976503	32.333240279414106	4.73155521488358E-4
25.0	29.59114631388191	18.223427191616945	19.287869396458586	32.89739937953539	1.57718507162786E-4
26.0	32.01417573942379	17.767620705916496	19.958330770407592	30.2595573472378	3.15437014325572E-4
27.0	29.152057989940715	18.162390129344946	19.98309257603215	32.70245930468219	0.0
28.0	30.257664725151844	18.038581101222164	20.008169818671032	31.6954266364478	1.57718507162786E-4
29.0	29.415290178395402	18.38161885430122	19.69494086344574	32.50799238535048	1.57718507162786E-4
30.0	30.137500512590808	18.402483147591454	19.323253957989632	32.135816060337454	9.463214906456121E-4
31.0	30.6233015313228	18.184241365115366	19.535287929378402	31.655276510306347	0.0018926638770904078
32.0	29.204868608453033	18.412323882016526	19.656131263790947	32.72588762832777	7.886174117261099E-4
33.0	29.61921375890373	18.33426918442155	19.62684778014019	32.419669276534535	0.0
34.0	29.88256634725344	17.973263929965693	19.61701959856461	32.52604597973106	0.0011041444851926337
35.0	30.425708065132827	17.657626058187265	19.59293562239897	32.32341425957701	3.159947039287622E-4
36.0	30.965108890483585	17.44018057263528	19.194694098195857	32.39970031012212	3.1612856316406756E-4
37.0	29.273564752370667	18.922957479005152	19.320954370296814	32.48173278074435	7.906175830187993E-4
38.0	30.83467805726942	18.421926910299003	19.295206454674894	31.447872172124665	3.1640563202024995E-4
39.0	29.675820347143038	18.878119853034335	19.50446598251615	31.941118712783478	4.751045229950589E-4
40.0	29.77480188186427	18.671453363840325	19.640172054347328	31.911984896816612	0.0015878031314653356
41.0	29.842719318641485	18.251470724070824	20.450629218278703	31.454384461764363	7.962772446259248E-4
42.0	29.23803002807451	18.46629223346373	19.671947994324448	32.62325092929979	4.788148375141849E-4
43.0	29.30564215709786	18.362191631892816	20.448462756007483	31.883383695461013	3.197595408252994E-4
44.0	29.513050440352284	18.753722978382704	20.05652522017614	31.676541232986388	1.601281024819856E-4
45.0	29.308586383404535	18.516433822114458	19.830915085504625	32.34358362519083	4.8108378555209173E-4
46.0	30.193762171343618	17.486116841687846	19.646093851595097	32.6735454993522	4.8163602123693763E-4
47.0	29.656781608456562	18.116750175964107	20.020858576281643	32.20464545241256	9.641868851299885E-4
48.0	30.306997931471553	17.782588974067796	19.082737920984144	32.82735347387317	3.216996033443891E-4
49.0	29.4357773641054	17.8369908984921	20.1595501420299	32.56768159537259	0.0
50.0	29.86172512827132	18.661621865823356	19.6316434863984	31.844041434057246	9.680854496756914E-4
51.0	30.10449341089412	18.195546405368397	19.5344086961307	32.16522777815543	3.237094513448509E-4
52.0	29.776634228193373	18.150438496037374	19.8365243889563	32.23607801477193	3.248720410248413E-4
53.0	31.522369767729906	17.568888975808186	19.410328620134422	31.498412636327487	0.0
54.0	30.139751882784317	18.28887722791376	19.446583198060573	32.1239703331715	8.173580698579596E-4
55.0	29.032363806820232	18.517322651386763	18.42373542514169	34.02641421607996	1.6390057135739176E-4
56.0	29.077643664848008	18.297132699514204	20.386534382798498	32.23852496586938	1.6428696990755572E-4
57.0	28.29003245919556	18.653338424971853	19.735092143294512	33.320878571005316	6.584015327587683E-4
58.0	30.923411314979667	17.895649936838495	21.902695000841057	29.277913922247034	3.298250937527829E-4
59.0	29.71716587481925	20.14096261103078	21.09101425325346	29.050857260896507	0.0
60.0	31.42765757165964	19.158844430302548	19.446709357515974	29.966457189828443	3.3145069339485055E-4
61.0	29.33799902871931	20.921452663371408	19.708682318034555	30.02887231650445	0.00299367337027748
62.0	31.02141143225008	16.40762818851424	21.822103687849577	30.748187845396252	6.688459898502621E-4
63.0	26.653219900092097	20.2617405256698	25.502948916317447	27.58141719715732	6.734607633341022E-4
64.0	26.451782192464933	19.57694619141534	18.490447854682117	35.48048518295934	3.3857847825902946E-4
65.0	27.742983264018577	19.344520161997355	18.732859280545167	34.17878610935672	8.51184082176716E-4
66.0	26.661956023350193	19.329092613756906	16.967383642547716	37.03780376805842	0.0037639522867721027
67.0	33.40893887988004	14.135371186548518	17.850245990297957	34.60234864417301	0.0030952991004716893
68.0	34.342669167367596	15.19854973277677	23.05033270119236	27.40670696347688	0.0017414351863945152
69.0	31.77669927111782	17.04719040311066	20.498787570190963	30.676788645532525	5.34110048034297E-4
70.0	33.08161620812709	15.851080158090634	22.063428110970413	29.00368366524692	1.9185756494378574E-4
71.0	25.796564776633137	19.766070280435276	25.962863234021572	28.473534857413576	9.668514964444037E-4
