# Position (bp)	A	C	G	T	N
0.0	26.154888354278665	24.26937407179024	23.817174884127574	25.758562689803515	0.0
1.0	25.49685458119465	20.291642421031604	14.897965682655759	39.31353731511798	0.0
2.0	27.575794387657705	18.93775055099526	18.648803429186263	34.83765163216077	0.0
3.0	23.881865320916358	22.501430726809218	15.256750429218044	38.359953523056376	0.0
4.0	33.12197221588299	14.064517620006415	14.5145868058665	38.298923358244096	0.0
5.0	34.46859994051761	15.565039370988188	22.87877431631348	27.087586372180724	0.0
6.0	32.106826467608265	17.878018999454437	20.41012495994873	29.605029572988563	0.0
7.0	33.861494725601396	17.32888869648037	19.704749123338672	29.104867454579562	0.0
8.0	23.9473281715788	25.687472404429144	21.77344649561501	28.59175292837705	0.0
9.0	29.329497714786946	18.558411430681872	16.02505655325239	36.0870343012788	0.0
10.0	26.203760869188912	16.908620918464496	24.435552273081342	32.45206593926525	0.0
11.0	27.733613319334033	18.316680319830162	19.992558064404474	33.957148296431335	0.0
12.0	26.273452259060036	19.57371328035995	20.916602973623867	33.23623148695615	0.0
13.0	26.998070639399906	20.749710884304694	18.41054140338633	33.841677072909064	0.0
14.0	30.363522596532306	18.075207395595744	20.06078413845404	31.50048586941791	0.0
15.0	29.869519592241517	18.928019557646625	18.781567840586728	32.42089300952512	0.0
16.0	29.189196979304775	16.95019311696547	18.943909609730788	34.916700293998964	0.0
17.0	29.895347698052753	17.990283932759745	20.516403787306874	31.59796458188063	0.0
18.0	30.629094240264564	17.68337299140966	18.55594669493625	33.13158607338953	0.0
19.0	29.350602968326523	18.17027122773971	19.390320824656754	33.088804979277015	0.0
20.0	30.187717585673685	17.597767776155635	19.584078415789126	32.63043622238156	0.0
21.0	29.835930595100663	17.347482244287512	19.461757923495696	33.354829237116135	0.0
22.0	28.71749405580919	18.162453439570754	19.47881104669572	33.641241457924345	0.0
23.0	29.269668580638665	17.65574407460174	20.406683072140915	32.667904272618685	0.0
24.0	30.224975827616372	18.8360421750541	18.465111192964688	32.47387080436484	0.0
25.0	29.54986217334507	17.682095195345546	19.005979202274283	33.7620634290351	0.0
26.0	31.046437027638962	17.774152806907008	19.709484477356877	31.46992568809715	0.0
27.0	29.436469809855303	18.044472571412136	19.33808934786986	33.1809682708627	0.0
28.0	29.539754489709047	17.673807250261735	19.467102311294163	33.31933594873506	0.0
29.0	29.542885901215037	18.176144942123802	19.664102379754116	32.61686677690704	0.0
30.0	29.935173627688393	18.026275676017693	19.19884497466192	32.83970572163199	0.0
31.0	29.510205490484847	18.119923142416642	19.478737602687715	32.891133764410796	0.0
32.0	29.520976687455413	18.126769152877824	19.721020412859872	32.63123374680689	0.0
33.0	30.359172375693788	17.891002419802675	19.482720422156298	32.26710478234724	0.0
34.0	29.40311436111279	17.950599590776058	19.58432977348793	33.06195627462322	0.0
35.0	30.020320172232168	18.17129962755945	19.59256039926548	32.2158198009429	0.0
36.0	29.886989712206606	17.73708844508667	18.670589115779414	33.70533272692731	0.0
37.0	29.1211069078095	18.72484496726607	18.991150034835584	33.162898090088845	0.0
38.0	29.86498820914302	17.844648620944824	19.488170272067904	32.80219289784424	0.0
39.0	28.33254624617015	18.891531710014053	19.97742403649013	32.79849800732567	0.0
40.0	29.915561264161923	17.873825719831583	19.319248691084397	32.8913643249221	0.0
41.0	29.4470894213405	18.167967073637886	20.498618947635215	31.8863245573864	0.0
42.0	29.94976206113819	18.50277115236153	18.839515134755207	32.70795165174508	0.0
43.0	29.72096172407335	18.013743031245948	19.336185660573058	32.92910958410764	0.0
44.0	29.5200910544742	18.063075393680936	20.524427667881685	31.892405883963175	0.0
45.0	29.234462446469433	18.96005164294895	19.25803606937216	32.547449841209456	0.0
46.0	29.71152543642982	17.911131734507716	19.279289146104915	33.09805368295755	0.0
47.0	29.531383309890007	17.839889777941753	19.66126317245832	32.96746373970992	0.0
48.0	30.085845075294603	18.426711712750503	18.94299287410926	32.544450337845625	0.0
49.0	29.233501308825055	18.141641393466255	18.896377956387873	33.72847934132081	0.0
50.0	29.389360297318884	18.335625502763577	19.740624450383905	32.53438974953364	0.0
51.0	29.55144433999804	18.341301376577988	19.347062589027743	32.76019169439623	0.0
52.0	29.537209530346114	18.48710657907638	19.216416834407063	32.759267056170444	0.0
53.0	30.53278806720847	18.02983197881999	19.66563035340397	31.771749600567567	0.0
54.0	30.32736292578812	17.92593233538115	19.396325459317584	32.350379279513135	0.0
55.0	28.936869888797546	17.87806672147462	18.851629094370644	34.33343429535719	0.0
56.0	28.755128301298882	18.368983802934743	20.245466033478934	32.63042186228744	0.0
57.0	28.842824496202766	17.997333856559177	19.207485976778006	33.95235567046006	0.0
58.0	29.40932044438032	17.77203866685904	19.10200548261434	33.7166354061463	0.0
59.0	29.632109339828467	17.564556903577326	20.33730044211523	32.466033314478985	0.0
60.0	29.62620895470695	18.20640331104229	19.70722443336787	32.46016330088289	0.0
61.0	29.876948744519265	17.51900034926582	19.639996420746968	32.96405448546794	0.0
62.0	28.86983632112237	17.952714990906728	20.164833578707313	33.012615109263585	0.0
63.0	28.844332813672846	17.919048443905538	19.898377504474855	33.33824123794676	0.0
64.0	28.611438338761463	18.135437599611947	19.657046173746334	33.59607788788026	0.0
65.0	29.19956108688747	17.865784990326585	20.52987207992839	32.40478184285755	0.0
66.0	29.751044653712093	17.987391961003446	20.170552172042267	32.09101121324219	0.0
67.0	28.869269380281526	17.56456243104773	19.267069838904387	34.29909834976635	0.0
68.0	29.32295427630629	17.83859507235493	19.934721700701886	32.903728950636896	0.0
69.0	29.54992532937401	17.67917339472597	19.595767605369353	33.17513367053066	0.0
70.0	28.535524240375782	18.152693278791766	19.475499627337804	33.83628285349465	0.0
71.0	29.51985276910231	17.489736307613192	20.611458932229294	32.3789519910552	0.0
72.0	29.49010225693391	17.930358953910698	19.876101234075627	32.70343755507976	0.0
73.0	29.65890110906264	17.558039403799363	19.220477492212286	33.56258199492571	0.0
74.0	29.200902882344952	17.876145582552752	20.527278665213885	32.39567286988841	0.0
75.0	30.13508161843562	17.801982430428488	19.23836283275375	32.82457311838215	0.0
76.0	28.82097332365773	18.116032114534516	19.514754818770292	33.54823974303747	0.0
77.0	29.208242856027596	17.945011001847615	20.92606353603141	31.920682606093376	0.0
78.0	29.990283737984804	17.935178651984316	18.49935803268828	33.5751795773426	0.0
79.0	29.485358976212854	17.863061239245173	19.02682380160509	33.62475598293688	0.0
80.0	30.340516979571298	18.110192949016454	19.83345818666682	31.715831884745427	0.0
81.0	29.792600734719855	18.251424604437243	19.53082063000781	32.42515403083509	0.0
82.0	29.631226025931046	17.82976458404448	18.27294133982863	34.26606805019584	0.0
83.0	29.83063694857196	18.250648058140072	19.861246123223626	32.05746887006434	0.0
84.0	30.3670890104771	18.050930091924158	18.99013630931886	32.59184458827989	0.0
85.0	29.41547543260605	17.220903987499277	18.861623936570403	34.50199664332427	0.0
86.0	30.378138736720867	17.111016578838466	20.245629570466576	32.26521511397409	0.0
87.0	29.472048251351566	18.51072573829893	19.819752028802633	32.19747398154687	0.0
88.0	29.55032243872506	17.459159691107175	19.123452930892757	33.867064939275004	0.0
89.0	29.41007902278056	18.256577995194952	20.1398095348366	32.19353344718789	0.0
90.0	30.02301446002866	18.111656317396903	19.57126521632145	32.29406400625299	0.0
91.0	29.612398163320847	18.168474201374615	19.222885531808945	32.9962421034956	0.0
92.0	28.894840465574152	18.471538595170536	20.392321500955468	32.24129943829984	0.0
93.0	29.837240884070688	18.426150331396208	19.367495084796314	32.36911369973679	0.0
94.0	29.485575614361252	17.542670813568943	19.308579338464835	33.66317423360496	0.0
95.0	30.349473342774647	17.91764048295496	20.254220353267243	31.478665821003155	0.0
96.0	29.751984730392373	18.631701813989995	19.326248837835724	32.29006461778191	0.0
97.0	29.54836429783857	18.141318641848716	19.144696061222245	33.16562099909047	0.0
98.0	28.811418539773403	17.654471556491586	20.942197553252818	32.5919123504822	0.0
99.0	29.385281284946952	18.343637554104404	19.219448033699727	33.05163312724892	0.0
100.0	29.33835389131923	18.174091135891572	19.532310655728192	32.955244317061	0.0
101.0	29.679091553633903	18.444680776875067	20.173878680102746	31.702348989388284	0.0
102.0	29.879058666006898	17.635895271499468	19.19517981109284	33.289866251400795	0.0
103.0	29.10517183558608	17.34511467856466	19.530495895484304	34.01921759036496	0.0
104.0	29.863848763709367	17.846653788943666	19.395195109192763	32.894302338154205	0.0
105.0	30.33652255149167	18.052907635673556	19.065901722880664	32.54466808995411	0.0
106.0	28.796458566341705	17.79464733908112	19.769677648516232	33.63921644606095	0.0
107.0	29.654890352877484	17.696836666539166	20.353789615227313	32.294483365356044	0.0
108.0	29.11433457161389	18.41765434282682	20.39831357981013	32.06969750574916	0.0
109.0	28.34853604934187	18.10413072760356	19.72788713755701	33.81944608549755	0.0
110.0	29.158590894968118	17.575345100534108	21.1670538105313	32.09901019396648	0.0
111.0	28.979165925557016	18.638611219807196	19.70491978229163	32.67730307234416	0.0
112.0	28.78286102951441	17.87883558124408	18.950466759533448	34.38783662970806	0.0
113.0	30.035031742866416	17.506049449224808	20.432405403877006	32.026513404031775	0.0
114.0	30.011246983153388	18.34690230637737	18.540219152090835	33.10163155837841	0.0
115.0	29.258176032919447	17.271645254671164	19.996291777315246	33.47388693509414	0.0
116.0	30.13212082701403	17.623803329396885	20.475431161092693	31.76864468249639	0.0
117.0	29.717898101994155	18.21839235870117	19.381773495221182	32.68193604408349	0.0
118.0	29.10423040786336	17.69616227806018	19.830940278011997	33.36866703606447	0.0
119.0	30.393645179106592	17.840036941018113	19.72149369678788	32.044824183087414	0.0
120.0	29.055846037069404	18.23773652234658	19.578319629124493	33.128097811459526	0.0
121.0	29.142935046049445	17.48151963160446	19.491638390693165	33.88390693165294	0.0
122.0	29.407264148938435	17.777521396844286	20.06976934824256	32.745445105974724	0.0
123.0	28.876699492852165	18.348894588090698	19.186738099366902	33.58766781969024	0.0
124.0	29.177353196810053	18.02625760509904	19.242463518397095	33.55392567969381	0.0
125.0	28.659645690353546	18.037998868899315	20.02201060789019	33.28034483285695	0.0
126.0	29.108411432634373	17.91911588935132	19.582646325093318	33.389826352920984	0.0
127.0	29.80346728449309	17.44243213844556	18.860503561310463	33.893597015750885	0.0
128.0	28.891339776154577	17.593707928859917	20.74990988881666	32.765042406168845	0.0
129.0	29.89479989748625	18.103866188680875	18.77020555241633	33.23112836141654	0.0
130.0	29.973383677385414	17.434310296802945	19.252886014050944	33.3394200117607	0.0
131.0	29.81427933182755	17.993124674228696	19.870187892476853	32.322408101466905	0.0
132.0	30.33402156743243	18.343511735220588	18.614970335451932	32.70749636189505	0.0
133.0	29.617729187962798	18.15490288962577	19.39371462763968	32.83365329477175	0.0
134.0	30.226188096546895	17.294238169007045	20.020551196841737	32.45902253760431	0.0
135.0	29.206677315293305	17.997744996711454	20.002192364308307	32.79338532368693	0.0
136.0	28.290917999114317	18.357155644333055	19.332975292007827	34.0189510645448	0.0
137.0	30.426470727182824	17.65250556670121	22.812924195229805	29.10809951088617	0.0
138.0	29.89680630024693	19.988569118938003	19.62227569264192	30.492348888173144	0.0
139.0	30.3692985733373	18.944915495722544	19.411287922442234	31.27449800849792	0.0
140.0	28.740899656614765	21.080108410716665	19.689747316707816	30.489244615960747	0.0
141.0	30.835051021706487	17.069369163040435	20.93734890704125	31.15823090821182	0.0
142.0	26.503768988431563	19.707791793681366	24.30072828845835	29.487710929428722	0.0
143.0	26.584778835735314	18.846346850259053	19.141360386362255	35.427513927643375	0.0
144.0	27.64281845076878	19.117463227634484	18.122549978043956	35.11716834355278	0.0
145.0	27.000964940495336	19.119974268253458	16.685107751688648	37.19395303956256	0.0
146.0	33.139478561879606	14.171634127911858	19.13801900013562	33.550868310072914	0.0
147.0	34.162603957556634	15.907787366060955	21.9034335323409	28.026175144041503	0.0
148.0	31.343685307086773	16.951827766904476	20.456169149434604	31.248317776574147	0.0
149.0	32.73506999822789	16.72904483430799	22.597908913698387	27.93797625376573	0.0
150.0	26.93200663349917	18.451884720541436	25.044148626238176	29.571960019721217	0.0
