# Position (bp)	A	C	G	T	N
0.0	27.1980721104829	23.293168968393736	24.14218185188618	25.366577069237184	0.0
1.0	27.077946065755448	20.374030291835982	15.845031400073884	36.70299224233469	0.0
2.0	27.567254046290667	20.037194571802093	17.401351525529837	34.99419985637739	0.0
3.0	24.478827510937055	21.26695587574404	15.707171223391084	38.546128236405494	9.171535223281025E-4
4.0	32.47255055995031	15.901492591848292	14.40250653123116	37.22345031697024	0.0
5.0	34.80778877285786	15.211819964430662	21.037895024852933	28.937024032103608	0.005472205754936386
6.0	31.636628436191515	17.074458401602037	21.70671764063353	29.579464773347897	0.002730748225013654
7.0	34.51632198075076	17.611607547443402	19.807507567381414	28.064562904424427	0.0
8.0	25.575903440039088	25.90977361973182	21.06458442662999	27.44792891912922	0.0018095944698793
9.0	27.143709435394936	19.161860683745232	17.26266881203334	36.431761068826496	0.0
10.0	26.642701662797947	17.614277843510934	24.716168248778416	31.026852244912707	0.0
11.0	27.145694168622498	19.29680447734248	20.581332370463983	32.975266293554796	9.026900162484202E-4
12.0	27.228763477240943	20.772319213244913	19.998195515856903	31.99801506744259	0.0027067262146433886
13.0	26.297378196112376	21.842655703415197	18.941361029968625	32.9186050705038	0.0
14.0	30.190414367629558	19.967362688881675	19.745573226585886	30.096649716902878	0.0
15.0	29.5674203902052	18.46983302679505	19.480507771647012	32.4804356449926	0.0018031663601283856
16.0	29.57102672292546	18.324678134804717	19.367809874138988	32.73287893541058	0.003606332720256771
17.0	29.596271051967253	18.468029860434925	21.39817519564355	30.533917559234013	0.003606332720256771
18.0	32.2766778462981	18.123625085650403	18.53835334847993	31.054131054131055	0.007212665440513542
19.0	30.808900429153596	19.001767103032925	19.943019943019944	30.246312524793538	0.0
20.0	29.97403440441415	17.552922932669766	20.92033611020953	31.552706552706557	0.0
21.0	28.575678892134587	17.750369649103824	19.689675069421906	33.984276389339676	0.0
22.0	28.620758051137795	19.388546287280466	19.953838941180713	32.03415197086083	0.002704749540192578
23.0	29.855025424645675	17.16614374842223	20.343322874968443	32.63370478560352	0.0018031663601283856
24.0	30.29589959969707	17.726928486422157	19.15052832774352	32.82574200295719	9.015831800641928E-4
25.0	28.20422662194814	18.44368711457319	18.92964044862779	34.422445814850875	0.0
26.0	30.48072415161023	17.4564535324029	21.898553860579177	30.164268455407694	0.0
27.0	29.51512856576148	17.938800533737243	19.81769988099102	32.72837101951026	0.0
28.0	29.39972591871326	17.522269104547586	20.67781023477226	32.39568682606657	0.004507915900320963
29.0	29.7865051029608	18.23722456633849	19.27314364023225	32.7022251072884	9.015831800641928E-4
30.0	30.08880674390299	17.841590407068473	19.075868908623722	32.992832349096155	9.015913086597845E-4
31.0	29.492219196855224	18.306074977009214	19.645851740988512	32.55495248570965	9.01599437401951E-4
32.0	28.50973285367811	19.39267714334659	18.622704281734332	33.47488572124097	0.0
33.0	29.86258881234897	17.238612183070654	19.561257979586685	33.33754102499369	0.0
34.0	29.26585154728414	18.481749981966384	19.066039096876576	33.185457693140016	9.016807328860997E-4
35.0	30.04339079682102	17.436605233958485	20.267381126356526	32.25262284286397	0.0
36.0	30.70128745297233	18.479957415711077	17.879085881323363	32.93966924999323	0.0
37.0	28.537654978253414	19.744274602515745	18.642507805309418	33.07556261392142	0.0
38.0	30.279700713918245	18.46530140707781	19.486989719938265	31.766203056039423	0.0018051030262552234
39.0	30.798952785050105	18.397580572357136	18.943757335018507	31.859709307574253	0.0
40.0	28.985127491551765	19.71194679870611	19.63966243200752	31.661456168567142	0.0018071091674648064
41.0	29.74080237311435	17.816445393047065	20.408421661903557	32.03342618384401	9.043880910176176E-4
42.0	28.048217630928786	19.41375035068191	20.041810333125188	32.49441171413316	0.0018099711309604613
43.0	29.986597359317553	18.301849202180644	20.03332548494014	31.67641678590187	0.0018111676597902667
44.0	28.484189544260214	19.431004802029538	19.93114070852587	32.15366494518438	0.0
45.0	30.07913414733636	18.418404807875344	19.78172390975263	31.72073713503567	0.0
46.0	30.564573169625852	17.31351674858086	19.73376376067756	32.38723952193547	9.067991802535411E-4
47.0	30.497927193229135	19.368270181518003	19.050772426680698	31.081215925687385	0.0018142728847846006
48.0	29.923503416484426	18.674966651845263	18.940844456946852	32.45977804194155	9.074327819166796E-4
49.0	27.825187014307502	19.498511148231536	20.539799549713123	32.13650228774784	0.0
50.0	28.730160172255587	18.841817405445674	19.281541578464417	33.14648084383432	0.0
51.0	31.357373470965396	17.854576872356873	18.691282797508073	32.09676685916966	0.0
52.0	29.19607003997341	18.7638290704133	20.629558471358457	31.410542418254828	0.0
53.0	30.424083340168977	18.51183477793272	19.63014610049308	31.419353074672575	0.014582706732653414
54.0	30.498595249388842	18.92399751888204	18.884773962856205	31.689896741708324	0.002736527164592987
55.0	28.84606607209691	18.696084785525848	18.594758414196647	33.862177877988444	9.128501921549654E-4
56.0	30.162514730466718	17.898544766916057	21.249326280979655	30.689614221637573	0.0
57.0	27.183063830565178	20.001096902165468	19.48646696953354	33.32754412746003	0.0018281702757794861
58.0	30.868726045316087	17.517219930297014	21.76526010556069	29.84879391882621	0.0
59.0	27.662536289620938	21.327765108845966	21.045690578893865	29.956681411471642	0.007326611167587073
60.0	30.779322049447273	18.68721618274391	20.113756249713315	30.418788128984907	9.173891105912574E-4
61.0	28.65803175537689	20.458852317259396	19.589535076260738	31.293580851102977	0.0
62.0	30.82837781772922	16.32784769280413	21.441939796247638	31.401834693219012	0.0
63.0	25.77941421355487	20.595037652413637	24.948655799581847	28.67319185153663	0.0037004829130201497
64.0	25.68502680741332	22.02382056657329	17.867280114279353	34.42201732742148	0.001855184312561453
65.0	27.00765930517166	19.27669356264716	19.193865110608556	34.51619808098575	0.005583940586872156
66.0	27.450138193770073	18.701912302980503	18.29199970120266	35.54941361021887	0.006536191827892732
67.0	33.02547770700637	14.950355938553766	18.179093293368304	33.84507306107156	0.0
68.0	34.657815740381245	16.546244827227017	22.489370365810927	26.30656906658081	0.0
69.0	32.48336062159098	16.213100301301118	20.571793952663754	30.731745124444142	0.0
70.0	31.29482195938221	16.93516536055044	23.942461596025527	27.827551084041822	0.0
71.0	25.262479277951737	20.174723048180407	24.479646343709707	30.08315133015815	0.0
