# Position (bp)	A	C	G	T	N
0.0	26.495712266398392	24.301068108252093	24.331748572407086	24.87115394220181	3.1711074062006246E-4
1.0	26.952401243627982	20.161135047267333	15.150718873790698	37.735350283288355	3.945520256300996E-4
2.0	27.73739330924944	20.1515177727485	17.869472015450597	34.24138099154967	2.3591100178820538E-4
3.0	23.779333704455823	21.803106452042872	14.813510949420186	39.60201033393184	0.002038560149285328
4.0	34.46831600106644	14.017439901299507	14.47443005236036	37.03801579489313	0.00179825038056451
5.0	36.051726937223286	14.603875383260792	22.667651227995677	26.671438562748612	0.005307888771629647
6.0	32.09776462720143	17.415142666951432	20.305116928751488	30.181897829791147	7.794730450426294E-5
7.0	35.54011635467697	16.791143276978175	20.48370279174911	27.184180996856348	8.565797393972949E-4
8.0	23.190268433402004	26.92370528962551	22.12350550496972	27.762442974239605	7.779776315871366E-5
9.0	28.742055545881946	17.96830302728788	15.782178925897366	37.50668515708565	7.773438471679808E-4
10.0	26.743762442685004	16.82992815769421	25.016020624466467	31.408657584299554	0.0016311908547673108
11.0	28.33162560352724	18.319360998556192	19.55288528713148	33.79612811078509	0.0
12.0	26.239290774198853	19.68037975174614	21.175365172767492	32.90480912322845	1.5517805906387286E-4
13.0	27.472350232201443	21.478226413660533	18.53757677690904	32.51169149194371	1.5508528527550513E-4
14.0	31.610025643351918	18.478334197933798	20.1703922029322	29.74093778521153	3.1017057055101027E-4
15.0	29.887105666583697	18.94514090661307	19.195215929119822	31.971994699184947	5.42798498464268E-4
16.0	30.542030826302152	17.862723158032683	18.962588001206562	32.63242538653069	2.326279279132577E-4
17.0	30.044439688495693	18.309834035481963	20.29151381073237	31.35359212414887	6.203411411020205E-4
18.0	31.9267097958845	18.0373491892529	18.516175007541023	31.519766007321575	0.0
19.0	30.385162060245978	18.45034130394157	19.717698255212998	31.4464882100289	3.1017057055101027E-4
20.0	30.198904632630097	18.16816362738279	19.51895646213244	32.11351002199885	4.652558558265154E-4
21.0	30.267840041935063	17.00510153045914	19.261282260647185	33.464768112604325	0.0010080543542907833
22.0	28.4536523747822	19.109066053149277	19.715449518576502	32.721832053492015	0.0
23.0	29.857019121240246	17.838374768244428	19.847582181631235	32.45593833188716	0.001085596996928536
24.0	30.836615325682974	17.922275907578474	18.559288716847615	32.68166496460566	1.5508528527550513E-4
25.0	29.711859294222375	18.028974583848022	19.59867029876405	32.66010810995237	3.877132131887628E-4
26.0	31.814970847843497	17.86450663881335	19.956529594537276	30.36298486445158	0.0010080543542907833
27.0	28.86253472941107	18.247257122873293	19.898372612558962	32.991370279300845	4.652558558265154E-4
28.0	30.516674382159607	18.102717636996527	19.93047526661099	31.449822543662325	3.1017057055101027E-4
29.0	29.116144325692012	18.79380681461309	19.21098687898909	32.87867426689133	3.877138144758381E-4
30.0	30.223647672524162	18.18113437548708	19.246370697897678	32.347839168468944	0.0010080856221400417
31.0	30.915441242042785	18.163348074875557	19.431461909669476	31.488042755900686	0.001706017511494293
32.0	29.347317810821817	18.330005234485565	19.13355692987728	33.18865473720944	4.6528760590139784E-4
33.0	29.738949843503292	18.34315121397396	19.36937565723964	32.5484457348831	7.755040000496322E-5
34.0	29.64765936061869	18.48857715866031	19.339260481730744	32.52349480469726	0.0010081942929998744
35.0	30.66566115188456	17.77739768627939	18.998476178629183	32.55799850727703	4.6647592984202016E-4
36.0	31.196921650209593	17.40199663286042	19.004422093663738	32.395803834555814	8.55788710435332E-4
37.0	29.214396311943446	19.04647359173706	19.396160142739372	32.34149086977134	0.0014790838087809313
38.0	30.78272033704863	18.479635217156574	18.961400359765754	31.77585456052564	3.895255034032844E-4
39.0	29.886302998530223	19.195945165810077	19.291199755349393	31.625381876507614	0.0011702038026942772
40.0	29.924398733062148	18.68960414064733	19.006103696279446	32.37785755953942	0.0020358704716563762
41.0	29.73934431901462	18.180867426375073	20.339918661084706	31.738768718801996	0.0011008747236018104
42.0	29.279446561469825	18.466769009271548	19.367037008126697	32.886589728366324	1.576927656078386E-4
43.0	29.56644176621784	18.517110897070708	20.03252220098499	31.883609079351483	3.160563749756044E-4
44.0	29.506364296293835	18.839726128248547	19.65779488750565	31.996035525114806	7.916283716441884E-5
45.0	29.676791036371913	18.578924244082486	19.770437094244034	31.972975245019896	8.723802816678007E-4
46.0	30.368639511001046	17.426226826002214	19.852477479266312	32.35233848690533	3.176968250967784E-4
47.0	29.840525141841574	18.34155689765539	19.60534843129381	32.212410491704205	1.5903750501962126E-4
48.0	30.527223340296526	17.63084653793244	19.03396787588526	32.80692731950884	0.0010349263769297396
49.0	29.183732687521623	18.005934112537687	20.21894993949501	32.59106439357101	3.188668746741579E-4
50.0	29.838221838653357	18.263711588174893	19.36351540868064	32.53351233213868	0.0010388323524358621
51.0	30.065324879997114	17.96077299102936	19.370250512293026	32.603250604525826	4.0101215467840834E-4
52.0	29.394354763369744	18.62994127330303	19.752288021751106	32.223415941576114	0.0
53.0	31.240707367889996	18.093295398777716	19.007864224690284	31.658133008641997	0.0
54.0	30.16594726710639	18.27034226978741	19.194299532505205	32.36843749011349	9.734404874989961E-4
55.0	29.26574046800318	18.44273966895748	18.330043304696794	33.961232450694325	2.4410764821809552E-4
56.0	29.07674809855374	18.317116035135758	20.326668548667396	32.27914095913502	3.263585080847161E-4
57.0	28.087598426001552	19.01699496454579	19.567142250968214	33.32785557019018	4.0878829426543606E-4
58.0	30.94089096158699	17.884203833763205	21.557380272735315	29.61727913584657	2.457960679183695E-4
59.0	29.298319086213553	20.586472216063527	20.905328504914642	29.20963384491579	2.4634789249377973E-4
60.0	31.60372423031832	18.799107911559005	19.51999578177612	30.077007301976224	1.6477437033534056E-4
61.0	29.11143441067076	20.918961078059752	19.75756392770919	30.20972473679988	0.0023158467604198632
62.0	30.913108968734065	16.807133666417425	21.210863520638377	31.06847797428094	4.1586992919398583E-4
63.0	26.696582324622597	20.56454282254652	24.987116155712258	27.751674899757404	8.379736122109515E-5
64.0	26.169276300811976	20.226561775394398	18.218450408519466	35.38461538461539	0.0010961306587745259
65.0	27.603017922946936	19.59147421498035	18.565960652311116	34.23861407640157	9.331333600266028E-4
66.0	26.8766531359365	19.344537198703847	16.891520164313505	36.88311001515704	0.004179485889117387
67.0	33.38924893850398	14.290810887763145	17.83416220499587	34.48311940468748	0.00265856404952476
68.0	34.384490800781776	15.434855967542275	22.86172068624806	27.316850587415782	0.002081958012111791
69.0	31.711923433289908	17.135475648676376	20.389152576067936	30.76309334052803	3.5500143775582294E-4
70.0	33.00078312889228	16.09555131027912	22.151907834260403	28.751661872358618	9.585420958139508E-5
71.0	26.368968043108804	19.83725411034906	25.50350416172087	28.2889440615398	0.0013296232814619087
