# Position (bp)	A	C	G	T	N
0.0	39.67362392750896	11.953649961513657	23.07902628067391	25.263980646867743	0.029719183435715918
1.0	30.5435028114264	17.353574018378286	18.766122609098797	33.326398877806966	0.010401683289547199
2.0	32.488328124397114	17.650131633231528	19.051053511060456	30.809002703897946	0.001484027412954372
3.0	34.62871133058074	18.446020647402474	19.67727689038144	27.247398326511135	5.928051242074936E-4
4.0	33.9395428124963	18.082996933931554	18.91817503817788	29.058989262841383	2.959525528867212E-4
5.0	32.42542881203185	18.39437410433318	19.413476738516998	29.76642486740438	2.9547771359345217E-4
6.0	27.5093331759359	18.724195428588292	17.58473638389234	36.18143989139577	2.951201876964394E-4
7.0	28.787749317131095	19.76916526458776	17.92313562793	33.51965513278743	2.9465756371233173E-4
8.0	27.717476010810206	20.43029092866028	19.0404912233237	32.811447761940194	2.9407526562348364E-4
9.0	32.62317028060101	17.587030937156882	19.506438146236636	30.2830670588857	2.9357711977359333E-4
10.0	29.794027953139967	22.030308445410522	19.425703881859754	28.749959719589757	0.0
11.0	27.986972740986747	21.16315647913183	18.443102218376154	32.406476208295814	2.9235320945353337E-4
12.0	28.409972751725626	19.114051824234043	19.438755564891153	33.03692812173619	2.9173741298931655E-4
13.0	30.92551775944749	18.292856914086723	18.503949617267093	32.27738454684948	2.911623492142984E-4
14.0	30.207382780486952	19.2177809809996	18.082058018355234	32.49277822015821	0.0
15.0	28.6010188333314	19.1556331735846	20.018682479083747	32.22437541339336	2.9010060689046963E-4
16.0	30.215064664223956	19.50093411924865	19.062115309417948	31.221885907109442	0.0
17.0	29.837040121207913	19.041381862762105	19.094583810416015	32.026705064594104	2.891410198582053E-4
18.0	29.505617588305256	18.762052122905672	19.337667286352666	32.39466300243641	0.0
19.0	28.226427058264044	19.616376763557234	19.50425847732415	32.65236125722356	5.764436310184318E-4
20.0	30.05210732381391	18.062240902809766	18.46412943344081	33.421234454168584	2.878857669276831E-4
21.0	30.35113616417623	17.91217423581917	19.313208394119627	32.42233022280155	0.0011509830834261314
22.0	29.43728045716651	18.484428628098033	20.01540752324064	32.062595937703016	2.874537918029677E-4
23.0	29.941984031248204	18.030903555632143	19.092136251364238	32.934688953989316	2.872077660979953E-4
24.0	29.31046849581541	18.913126432758272	19.58248814343219	32.19363001770236	2.869102917590757E-4
25.0	31.530022995360785	17.80162057081252	19.123997178624062	31.54407253000579	2.867251968368476E-4
26.0	30.01157254899714	17.641262439057925	18.77273690783782	33.5735687564093	8.593476978075176E-4
27.0	30.21667411251246	17.8935129500441	18.905002462856686	32.98395133853397	8.59136052785319E-4
28.0	30.929694051915863	18.420999905545077	19.321183949532447	31.32697718484256	0.0011449081640538907
29.0	30.832432803307093	19.33595201747314	18.306203079526806	31.52512621714495	2.8588254801397393E-4
30.0	29.435148960057738	18.00752676469409	19.35134639729174	33.20540506481381	5.728131426247443E-4
31.0	29.56628048133023	18.60146763820451	19.70320073697593	32.128477174696016	5.739687933167074E-4
32.0	29.736699278931063	18.74664377011943	19.12483882917472	32.39153095772084	2.8716405395238246E-4
33.0	31.1201415365256	17.61183088347769	19.637038469419856	31.63041188167962	5.772288972330532E-4
34.0	29.96543272676825	18.01082105944646	19.159402529538255	32.86405466022336	2.89024023676848E-4
35.0	29.978510443576884	18.473488490633798	19.040557917540344	32.50657429825882	8.688499901530334E-4
36.0	30.80571468330357	17.247257462253867	19.438098661780735	32.5077695572512	0.001159635410626899
37.0	30.08122290270966	18.42339870078203	19.723487851411743	31.771019366304547	8.71178792023487E-4
38.0	30.04308565381462	18.63527209084619	19.073687515626546	32.24766401330364	2.9072640900554124E-4
39.0	30.229085404901905	18.837107760377247	18.735809512720497	32.197124061244686	8.732607556616406E-4
40.0	30.581482798626453	18.529152844741645	18.692392451334193	32.19638890670274	5.829985949733861E-4
41.0	30.686141780070493	18.50126047477883	18.421021918255875	32.3904087206181	0.0011671062766975561
42.0	30.005284625244162	17.921302879098867	19.833986855589586	32.23884170357632	5.839364910672315E-4
43.0	30.30682950636659	19.280664685236005	19.540471744155802	30.871741817831122	2.922464104834632E-4
44.0	31.30875861988222	18.938569070282043	19.415077330148804	30.337009588704294	5.853909826373035E-4
45.0	31.30441913386265	18.602887124502484	18.198431967479582	31.89396890293369	2.9287122159515243E-4
46.0	29.536794963480546	19.241298052686496	19.59594124060635	31.625672649682873	2.930935437354186E-4
47.0	29.553686915051813	19.491771496616796	18.96764618755298	31.98660210178062	2.932989977973245E-4
48.0	29.173148153583355	19.049995010477996	20.364000305241344	31.411682525519936	0.0011740051773628322
49.0	30.08251401915829	18.79639394055113	20.68167331028385	30.43912498127352	2.93748733208588E-4
50.0	29.360829474105415	19.00858543359676	18.93473540505711	32.69584968724072	0.0
51.0	29.42088310096161	19.20448417013677	19.73406183415997	31.640276193760002	2.947009816489699E-4
52.0	29.235109217307993	19.403333737458563	19.51806587635542	31.84319546748911	2.957013889094237E-4
53.0	30.159472865921373	18.295106241208263	19.459243355297254	32.086177537573114	0.0
54.0	30.09090882144583	18.778140385510316	19.605419552955055	31.52434560172629	0.0011856383625148575
55.0	29.6468975177768	19.45031398758295	19.8352307126153	31.067557782024952	0.0
56.0	29.18706626105143	18.50936400798555	19.86138178534081	32.441593782678964	5.941629432455556E-4
57.0	28.397497708415177	18.2927990667	20.97365570277252	32.335749913693554	2.9760841874694954E-4
58.0	28.700218453184554	18.657332486939	19.88907465853651	32.75277834899461	5.960523453169658E-4
59.0	27.657561677275726	18.933961222473894	19.85490508548424	33.55297516197093	5.968527952108532E-4
60.0	28.26894402328354	18.552129493780196	20.61155152887882	32.566478513821615	8.964402358235447E-4
61.0	29.62137419177493	18.042691016003154	20.37653428308494	31.958802930525508	5.975786114663384E-4
62.0	29.096491988650463	18.551528868664096	20.02732738748382	32.3240537817337	5.979734679172285E-4
63.0	28.83129320922994	18.045072277257354	19.81354562595397	33.309789602849186	2.992847095441894E-4
64.0	28.76396279783307	19.006783642552374	20.53100580085335	31.697348866196844	8.988925643607077E-4
65.0	29.113851929818246	18.869967044203946	18.92454352174213	33.091337633479974	2.9987075570429145E-4
66.0	28.892938742790577	18.136973798379323	20.510041402583834	32.45944558367435	6.004725719140964E-4
67.0	30.186637814444143	17.65665855197908	19.845520391909353	32.30998106572897	0.0012021759384485918
68.0	30.205619174273835	17.481541211089112	19.18269838308832	33.12923860128414	9.026302645910182E-4
69.0	29.953908721192953	18.203645127278204	20.12140382587739	31.719536074710046	0.0015062509414068383
70.0	30.541090145485484	18.03181250414854	19.587137417708075	31.839054796917708	9.051357401898372E-4
71.0	29.832657338644648	18.795471087259187	19.423949842502804	31.947317715490296	6.040161030693078E-4
72.0	31.1061789021064	17.36436593227822	19.463511396829812	32.064734235242184	0.001209533543388992
73.0	30.336898330951286	18.39738620672949	19.251895545166057	32.012608706184444	0.001211210968726533
74.0	29.303634857993927	19.663055974325765	19.491065280629964	31.54163721793678	6.066691135654246E-4
75.0	30.84378788477256	18.391300516828053	19.436806300380102	31.32688994691954	0.0012153510997408264
76.0	30.800342581614583	18.465270941215557	20.346421942291457	30.387354959051745	6.095758266610179E-4
77.0	31.128529323822136	18.056530202529945	19.287941565930545	31.526083587080556	9.153206368190778E-4
78.0	30.712695081606654	18.416253516738298	19.412089942968507	31.458045044797366	9.164138891689042E-4
79.0	29.845807568334585	18.791782112210008	19.653571625167434	31.7079212462614	9.174480265692948E-4
80.0	30.010748638046504	18.02004575061322	18.951594381310233	33.01730500102587	3.0622900417390134E-4
81.0	29.851382255384635	18.120451493841315	20.129917904636947	31.89763523662961	6.131095074891327E-4
82.0	30.10323510914083	19.403598656256232	19.43090303876302	31.061649614210552	6.135816293660167E-4
83.0	30.315434551629682	19.14287293564177	18.893829495832897	31.646941771125704	9.212457699465064E-4
84.0	30.096144388708566	18.077173699222975	20.0415560145569	31.784203796596834	9.221009147241074E-4
85.0	29.966928673609083	19.050314562151023	19.971389457168787	31.011059666825613	3.076402454969159E-4
86.0	30.01942775860317	18.64880092859144	19.877583568611392	31.454187744193995	0.0
87.0	29.723299938675453	17.691053703663755	20.032788602878863	32.55224142766014	6.163271217831576E-4
88.0	29.711007618048917	18.885667581654996	20.106097523363044	31.296302007833944	9.252690990963204E-4
89.0	29.850967369600305	18.561336695234598	19.02272369554013	32.56466361955787	3.086200670940026E-4
90.0	29.156858747428316	17.940306068862405	20.73687592287114	32.165650349995985	3.089108421527379E-4
91.0	31.00384297891154	17.875262407751503	19.059691386842356	32.06058488716853	6.183393260719686E-4
92.0	30.779607736362202	17.90000649750465	19.160522399373765	32.15955396177611	3.0940498327666066E-4
93.0	30.577716388142168	17.752065706180396	20.262192931382632	31.406166767835686	0.001858206459125652
94.0	31.14604707676476	17.6711445592675	19.84241620224287	31.339772241198677	6.199205261885426E-4
95.0	30.574445906033603	18.077548335856644	19.94924424809511	31.39845126703234	3.1024298230374026E-4
96.0	30.62084470653264	18.203640044840682	19.85069667638629	31.32481857224039	0.0
97.0	29.94272324106274	19.09183860571649	20.695152763922167	30.2702853892986	0.0
98.0	30.871861218752137	18.047720049013815	19.402441982695883	31.677665748175976	3.1100136218596637E-4
99.0	30.207986248431308	17.53075885864471	19.761963335378216	32.498980154269184	3.114032765852762E-4
100.0	30.4259742364598	18.684644418886613	19.414289320878567	31.474468662047556	6.233617274600191E-4
101.0	30.752719036060377	17.71008180507803	20.30806382168864	31.228511347256628	6.239899163229522E-4
102.0	30.532114905338638	18.03812688557562	19.590310874032618	31.838822713729805	6.246213233227356E-4
103.0	31.053026513256626	18.600237618809405	18.57397448724362	31.772448724362178	3.126563281640821E-4
104.0	29.530902832107653	18.85839461743076	19.675481145360664	31.93490846502895	3.1294007197621654E-4
105.0	30.6330715764613	18.37727445004432	19.406865401421445	31.58247534087385	3.132311990803532E-4
106.0	29.69416840963183	18.383448154756493	19.44521967632588	32.475909451522575	0.0012543077632243237
107.0	29.990866204013223	18.651776382075163	19.140795424941224	32.2153064843674	0.0012555046029937508
108.0	29.50342664835769	18.976813169893255	19.87644583821695	31.642685888996073	6.284545360277275E-4
109.0	31.02895053902802	17.97431162645846	19.388650684048105	31.606828841695318	0.0012583087700975505
110.0	30.515813905151212	18.688530785388792	19.154303278043187	31.641352031416815	0.0
111.0	29.27410733713219	18.740007505211075	19.539091743321784	32.446478069331754	3.153450032007518E-4
112.0	29.810293825157142	18.3354222375163	19.996022137122615	31.857314689995043	9.471102089009417E-4
113.0	28.727584233967967	18.968803638995926	19.546958915887732	32.75633710656834	3.161045800392602E-4
114.0	27.736731598098608	18.57085401036834	20.981793652955165	32.70967067698222	9.500615956601187E-4
115.0	29.5658711126337	19.397497874716098	19.841269841269842	31.19504396482814	3.1720655221854265E-4
116.0	29.15836471392027	19.20460142682365	20.329853663187	31.307180196069083	0.0
117.0	29.847568059635933	18.033694811457384	19.933921756484484	32.1848153724222	0.0
118.0	29.887667685163333	18.340913585129524	20.356324991866913	31.414455848488522	6.378893517130519E-4
119.0	29.74785081972452	18.3327474353648	19.445207887251925	32.47355469623853	6.391614202166758E-4
120.0	30.80136203036059	17.840291369429913	20.607275907246116	30.750430038983794	6.406539795823576E-4
121.0	30.248015618176684	17.835996300958154	19.639921395360783	32.27542449073955	6.421947648282771E-4
122.0	29.548504184807268	19.22662316140388	19.67390359980307	31.550325485009665	6.435689761139375E-4
123.0	29.41836580041211	18.68665533731688	19.706619285477043	32.18803710953245	3.224672615112751E-4
124.0	29.287316641130573	18.716988938668113	19.918801678271045	32.076892741930266	0.0
125.0	29.479392202875626	17.836213714330164	18.350274208813577	34.334119873980626	0.0
126.0	28.539848181921617	18.83031810276166	20.09525202776288	32.53360641081907	9.75276734773492E-4
127.0	29.539933414418616	18.679179451728714	20.153388136549356	31.626194676414293	0.001304320889025118
128.0	30.408391407240824	19.21243936561066	18.758416903102653	31.62042545402246	3.2687002340389367E-4
129.0	29.89523387929762	18.58442772121391	19.95540471857426	31.56460577443313	3.279064810715984E-4
130.0	30.02901163096679	19.471343613494028	20.11900689437398	30.37965107099626	9.86790168938477E-4
131.0	30.006535214242806	18.623710285371022	18.952781426789098	32.41664301227168	3.3006132539425823E-4
132.0	29.285479898839572	18.844610025223815	20.483660867288258	31.386249208648355	0.0
133.0	29.988551955485743	18.278267351774446	20.412129602513247	31.320052714251485	9.983759750805355E-4
134.0	29.864339595525447	18.515188684605434	19.80829069227247	31.811846806348864	3.342212477816065E-4
135.0	29.699162249497817	18.11878993087047	20.5621729111662	31.619874908465512	0.0
136.0	28.911402664505342	19.113182378467826	20.515340323860663	31.46007463316617	0.0
137.0	29.725817959433286	18.612102062311013	20.224917609485953	31.43682261407264	3.3975469710868756E-4
138.0	29.612091954651753	18.329390205544083	21.103141282496615	30.955376557307552	0.0
139.0	28.654578016565928	19.791289972619726	20.793166985242202	30.76062061958637	3.444059857760328E-4
140.0	27.81307360539072	19.411587132502195	21.004236655921776	31.77110260618531	0.0
141.0	29.130346503112158	18.604325512683175	20.042078878643395	32.2225489578301	7.001477311712772E-4
142.0	29.554344023941688	18.7858851463319	21.44328512725204	30.215425710459648	0.0010599920147268225
143.0	30.697104565684853	17.85589266961473	20.968145221783267	30.478857542917154	0.0
144.0	28.105915892448845	18.894170935718215	20.176695319961794	32.82213249978293	0.0010853520882174177
145.0	27.64131106078875	18.914507543452046	18.995382760344675	34.447328176925566	0.0014704584889568568
146.0	25.83007904438762	19.773524084248738	19.353259498318565	35.03937156134319	0.003765811701883283
147.0	27.54730770439757	19.589083079244336	18.728585798258575	34.130308364505076	0.004715053594442523
148.0	28.262406333945993	20.24729123555647	17.73624838802274	33.74377166261798	0.01028237985681786
149.0	29.568483904188163	19.744516005101143	14.234641879525531	36.434216072867365	0.018142138317796902
150.0	29.47493900469023	12.937690088122904	11.97513396686757	45.58327113111485	0.02896580920444291
