# Position (bp)	A	C	G	T	N
0.0	58.432304038004744	10.349507974211063	14.421445537835087	16.7967424499491	0.0
1.0	14.76077366813709	56.803529012555146	15.812690872073295	12.623006447234475	0.0
2.0	17.775537634408604	54.13306451612904	11.928763440860216	16.162634408602152	0.0
3.0	58.94349715814109	11.768639251086594	12.805081912403878	16.48278167836844	0.0
4.0	59.27783350050151	10.330992978936811	11.835506519558676	18.55566700100301	0.0
5.0	17.635270541082164	52.47160988643954	11.556446225784903	18.336673346693384	0.0
6.0	17.06746826987308	53.17301269205077	11.99064796259185	17.768871075484302	0.0
7.0	60.73455759599332	11.953255425709516	12.220367278797998	15.091819699499165	0.0
8.0	59.55955955955956	13.680347013680347	11.511511511511511	15.248581915248582	0.0
9.0	17.739246415471825	53.151050350116705	10.836945648549516	18.272757585861953	0.0
10.0	17.839279759919975	8.669556518839613	11.537179059686563	61.953984661553854	0.0
11.0	15.451215451215452	13.320013320013322	11.055611055611056	60.17316017316018	0.0
12.0	16.816516816516817	10.589410589410589	12.221112221112222	60.37296037296037	0.0
13.0	18.06988352745424	51.61397670549085	11.18136439267887	19.13477537437604	0.0
14.0	16.190159574468087	10.837765957446809	54.72074468085106	18.25132978723404	0.0
15.0	55.286708650977786	12.230692741133577	13.191912495856812	19.290686112031818	0.0
16.0	15.03809208347135	12.355084465054654	12.951308380258364	59.65551507121564	0.0
17.0	17.808672624958625	52.26746110559417	12.048990400529625	17.874875868917577	0.0
18.0	16.242143565994045	12.801852464439298	12.603374131657294	58.35262983790936	0.0
19.0	17.239101717305154	54.98678996036988	12.054161162483487	15.71994715984148	0.0
20.0	16.95250659630607	13.95118733509235	11.939313984168866	57.15699208443272	0.0
21.0	17.275419545903258	12.602829878249425	13.129318854886476	56.992431720960845	0.0
22.0	16.502301117685732	11.143984220907297	53.87902695595004	18.474687705456937	0.0
23.0	17.492615687561536	11.421069904824417	12.701017394158187	58.38529701345586	0.0
24.0	58.557377049180324	10.557377049180328	11.901639344262295	18.98360655737705	0.0
25.0	17.622011136586963	11.234850966262693	51.45758270553554	19.685555191614807	0.0
26.0	59.554973821989535	10.732984293193718	10.831151832460733	18.88089005235602	0.0
27.0	15.963362773961402	13.935230618253188	9.25744193653909	60.84396467124632	0.0
28.0	16.05624591236102	52.092871157619356	8.862001308044473	22.988881621975146	0.0
29.0	19.30111038536904	9.438275636838668	10.548661005878511	60.71195297191379	0.0
30.0	18.562091503267975	11.601307189542483	50.81699346405229	19.019607843137255	0.0
31.0	18.491803278688522	9.80327868852459	11.573770491803279	60.13114754098361	0.0
32.0	18.3821111476488	8.944426175600132	10.98322920092075	61.69023347583031	0.0
33.0	17.978268027658874	52.617714850181095	10.470859400724398	18.933157721435627	0.0
34.0	18.160843770599868	11.502966381015161	11.898483849703362	58.43770599868161	0.0
35.0	17.375535773161886	51.23639960435212	11.341905703923508	20.04615891856248	0.0
36.0	16.127968337730874	12.335092348284961	11.510554089709762	60.02638522427441	0.0
37.0	57.957166392092255	11.86161449752883	11.466227347611202	18.71499176276771	0.0
38.0	57.68344850279698	13.524185587364265	10.134912800263244	18.657453109575517	0.0
39.0	59.12986156888596	12.129202373104812	8.767303889255109	19.973632168754122	0.0
40.0	16.65018133860864	52.68710847345862	11.440817672271677	19.22189251566106	0.0
41.0	16.273663234805714	10.395217535702425	55.36366655596148	17.96745267353039	0.0
42.0	59.73333333333334	11.066666666666666	11.666666666666666	17.533333333333335	0.0
43.0	58.98384925975774	11.13728129205922	11.473755047106325	18.405114401076716	0.0
44.0	19.68981793661497	51.31490222521915	9.912339851652057	19.08293998651382	0.0
45.0	32.64975715056665	15.21856449001619	16.999460334592552	35.13221802482461	0.0
46.0	31.075027995520717	16.18141097424412	18.75699888017917	33.986562150055995	0.0
47.0	31.005110732538334	15.502555366269167	19.70471323111868	33.78762067007382	0.0
48.0	25.32951289398281	19.828080229226362	18.45272206303725	36.38968481375358	0.0
49.0	28.177113283496265	19.148936170212767	19.26394479585969	33.41000575043128	0.0
50.0	26.051873198847264	23.227665706051873	17.40634005763689	33.31412103746398	0.0
51.0	28.50548182342758	19.849971148297747	16.964800923254472	34.6797461050202	0.0
52.0	27.960716348931253	17.562102830733682	19.468515309069904	35.008665511265164	0.0
53.0	32.06018518518518	18.287037037037038	20.37037037037037	29.28240740740741	0.0
54.0	27.658338175479376	22.370714700755375	17.8965717606043	32.074375363160954	0.0
55.0	31.24274099883856	17.653890824622533	19.802555168408826	31.300813008130078	0.0
56.0	25.5800464037123	20.011600928074248	20.707656612529	33.70069605568445	0.0
57.0	31.783846600813483	18.65194654270773	18.30331202789076	31.260894828588032	0.0
58.0	30.563625798954096	20.046484601975596	19.000581057524695	30.389308541545613	0.0
59.0	28.45481049562682	20.75801749271137	20.932944606413994	29.854227405247812	0.0
60.0	26.67834208990076	18.563922942206652	20.198482194979565	34.55925277291302	0.0
61.0	29.215456674473067	17.56440281030445	22.306791569086652	30.913348946135834	0.0
62.0	30.409356725146196	19.941520467836256	22.280701754385966	27.368421052631582	0.0
63.0	33.060269163253366	20.128730251609127	20.070216500877706	26.7407840842598	0.0
64.0	32.80701754385965	18.362573099415204	20.350877192982455	28.47953216374269	0.0
65.0	29.77725674091442	19.28487690504103	21.86400937866354	29.073856975381005	0.0
66.0	28.956623681125436	15.474794841735054	22.919109026963657	32.64947245017585	0.0
67.0	28.79765395894428	16.7741935483871	20.234604105571847	34.193548387096776	0.0
68.0	25.954198473282442	20.19964768056371	20.08220786846741	33.76394597768644	0.0
69.0	25.928108426635237	21.154979375368296	22.038892162639954	30.878020035356514	0.0
70.0	28.748524203069657	21.074380165289256	19.067296340023614	31.109799291617474	0.0
71.0	29.905437352245862	20.508274231678485	19.38534278959811	30.200945626477544	0.0
72.0	26.78888231815494	20.165582495564756	18.864577173270256	34.180958013010056	0.0
73.0	27.557658190419872	17.9183914843288	21.8214074512123	32.70254287403903	0.0
74.0	30.897207367795605	16.102198455139632	22.103386809269164	30.897207367795605	0.0
75.0	28.28282828282828	18.538324420677363	23.707664884135475	29.471182412358882	0.0
76.0	28.01186943620178	20.83086053412463	19.82195845697329	31.3353115727003	0.0
77.0	29.86935866983373	19.71496437054632	18.34916864608076	32.066508313539195	0.0
78.0	30.01786777843955	20.190589636688504	18.40381179273377	31.38773079213818	0.0
79.0	29.994036970781156	19.558735837805603	19.260584376863445	31.186642814549792	0.0
80.0	29.61194029850746	18.865671641791046	21.73134328358209	29.791044776119403	0.0
81.0	28.08383233532934	20.65868263473054	16.347305389221557	34.91017964071857	0.0
82.0	29.838226482923908	19.532654284002398	20.491312162971838	30.137807070101857	0.0
83.0	30.732292917166866	19.267707082833134	20.108043217286912	29.891956782713088	0.0
84.0	28.314337132573485	20.695860827834434	21.175764847030592	29.81403719256149	0.0
85.0	33.794347564642216	16.055321707757063	20.565243535778713	29.58508719182201	0.0
86.0	30.968129885748645	18.580877931449187	22.309079975947082	28.14191220685508	0.0
87.0	31.645569620253166	18.44484629294756	21.518987341772153	28.390596745027125	0.0
88.0	33.01204819277108	19.27710843373494	17.10843373493976	30.602409638554217	0.0
89.0	30.47676523838262	17.622208811104407	16.535908267954134	35.36511768255884	0.0
90.0	29.9939649969825	17.44115872057936	19.070609535304765	33.49426674713337	0.0
91.0	29.788519637462237	20.785498489425983	15.891238670694863	33.53474320241692	0.0
92.0	29.72809667673716	18.24773413897281	18.12688821752266	33.897280966767376	0.0
93.0	33.69565217391305	17.02898550724638	18.65942028985507	30.61594202898551	0.0
94.0	30.61101028433152	17.725347852389596	19.1167574107683	32.54688445251059	0.0
95.0	30.12121212121212	16.424242424242426	21.515151515151516	31.93939393939394	0.0
96.0	28.3373786407767	16.444174757281555	20.813106796116504	34.40533980582524	0.0
97.0	30.072904009720535	18.165249088699877	19.380315917375455	32.38153098420413	0.0
98.0	33.02975106253795	20.279295689131754	17.122040072859747	29.568913175470552	0.0
99.0	30.638297872340424	17.872340425531917	19.817629179331306	31.671732522796354	0.0
100.0	32.9059829059829	12.759462759462759	20.207570207570207	34.12698412698413	0.0
101.0	29.74296205630355	18.9718482252142	21.113831089351283	30.171358629130967	0.0
102.0	31.753846153846155	15.630769230769232	21.107692307692307	31.50769230769231	0.0
103.0	28.65966646077826	17.726991970352067	20.13588634959852	33.47745521927116	0.0
104.0	28.500619578686493	18.09169764560099	20.693928128872365	32.71375464684015	0.0
105.0	27.967681789931635	21.006836544437537	18.89372280919826	32.13175885643257	0.0
106.0	31.21495327102804	18.006230529595015	19.12772585669782	31.65109034267913	0.0
107.0	31.75296319401123	18.2158452900811	19.463505926388024	30.567685589519648	0.0
108.0	35.19098309329994	17.845961177207265	15.904821540388228	31.05823418910457	0.0
109.0	30.402010050251256	19.974874371859297	19.409547738693465	30.21356783919598	0.0
110.0	26.20993086109365	19.798868636077938	18.981772470144563	35.00942803268385	0.0
111.0	28.41839949590422	18.525519848771268	19.974795211090107	33.0812854442344	0.0
112.0	26.455696202531648	18.9873417721519	20.949367088607595	33.607594936708864	0.0
113.0	29.65079365079365	19.301587301587304	18.412698412698415	32.63492063492063	0.0
114.0	30.872056015276893	18.33227243793762	19.6053469127944	31.19032463399109	0.0
115.0	29.164007657945117	19.017230376515634	17.613273771537973	34.205488194001276	0.0
116.0	26.167626359564938	20.473448496481126	18.234165067178505	35.12476007677543	0.0
117.0	31.79190751445087	17.597944765574823	18.946692357096982	31.66345536287733	0.0
118.0	27.99227799227799	16.53796653796654	20.463320463320464	35.006435006435005	0.0
119.0	22.301228183581127	22.430510665804785	27.084680025856496	28.183581124757595	0.0
120.0	25.988334413480235	21.710952689565783	22.683084899546337	29.61762799740765	0.0
121.0	28.543563068920676	20.221066319895968	18.855656697009103	32.37971391417425	0.0
122.0	29.40793754066363	18.282368249837344	21.275211450878334	31.03448275862069	0.0
123.0	33.28981723237598	17.68929503916449	18.929503916449086	30.09138381201044	0.0
124.0	30.36649214659686	18.520942408376964	21.20418848167539	29.908376963350786	0.0
125.0	27.719528178243774	19.200524246395805	18.938401048492793	34.14154652686763	0.0
126.0	30.723684210526315	18.815789473684212	17.960526315789473	32.5	0.0
127.0	27.206851119894598	20.092226613965742	22.06851119894598	30.632411067193676	0.0
128.0	30.23102310231023	18.085808580858085	19.735973597359735	31.94719471947195	0.0
129.0	30.50397877984085	17.90450928381963	17.90450928381963	33.687002652519894	0.0
130.0	30.91755319148936	18.683510638297875	15.957446808510639	34.441489361702125	0.0
131.0	30.646235842771485	19.453697534976683	18.920719520319786	30.97934710193205	0.0
132.0	29.592518370073478	19.305277221108884	21.04208416833667	30.060120240480963	0.0
133.0	28.87700534759358	21.390374331550802	19.451871657754012	30.280748663101605	0.0
134.0	26.648721399730825	20.2557200538358	19.919246298788696	33.17631224764469	0.0
135.0	28.243243243243242	16.89189189189189	19.7972972972973	35.06756756756757	0.0
136.0	23.322033898305083	17.35593220338983	22.237288135593218	37.08474576271186	0.0
137.0	28.872282608695656	16.23641304347826	20.17663043478261	34.71467391304348	0.0
138.0	28.746594005449595	17.983651226158038	20.29972752043597	32.9700272479564	0.0
139.0	28.317373461012313	18.6046511627907	18.194254445964432	34.883720930232556	0.0
140.0	27.983539094650205	17.48971193415638	20.507544581618657	34.01920438957476	0.0
141.0	29.924502402196296	17.57035003431709	21.2079615648593	31.297185998627313	0.0
142.0	30.27586206896552	16.06896551724138	18.689655172413794	34.96551724137931	0.0
143.0	32.59515570934256	19.30795847750865	18.33910034602076	29.757785467128027	0.0
144.0	31.0632383599722	18.276580958999304	17.92911744266852	32.73106323835997	0.0
145.0	28.68108862526169	21.07466852756455	19.330076762037685	30.91416608513608	0.0
146.0	30.83916083916084	18.601398601398603	17.272727272727273	33.28671328671329	0.0
147.0	29.04360056258791	16.736990154711673	18.143459915611814	36.075949367088604	0.0
148.0	26.043878273177633	21.0898796886058	20.02830856334041	32.83793347487615	0.0
149.0	29.95031937544358	20.511000709723206	16.749467707594036	32.789212207239174	0.0
150.0	28.449502133712663	18.49217638691323	18.84779516358464	34.21052631578947	0.0
151.0	28.17403708987161	18.544935805991443	20.613409415121257	32.66761768901569	0.0
152.0	27.845382963493197	19.613457408732998	17.96707229778096	34.57408732999284	0.0
153.0	32.30437903804738	18.377602297200287	18.018664752333095	31.299353912419235	0.0
154.0	31.893448524118075	16.48668106551476	20.44636429085673	31.173506119510442	0.0
155.0	31.096681096681095	19.76911976911977	17.0995670995671	32.03463203463203	0.0
156.0	31.544597534445252	15.736040609137056	18.12907904278463	34.59028281363307	0.0
157.0	30.976676384839653	18.002915451895042	20.481049562682216	30.53935860058309	0.0
158.0	28.86446886446886	21.611721611721613	15.970695970695969	33.55311355311355	0.0
159.0	35.33724340175953	14.076246334310852	18.328445747800586	32.25806451612903	0.0
160.0	25.977859778597782	19.2619926199262	22.656826568265682	32.10332103321033	0.0
161.0	29.490022172949004	18.625277161862527	22.76422764227642	29.120473022912048	0.0
162.0	31.59851301115242	19.479553903345725	19.182156133828997	29.739776951672862	0.0
163.0	29.446935724962632	17.189835575485798	16.89088191330344	36.47234678624813	0.0
164.0	29.97746055597295	14.199849737039818	24.267468069120962	31.555221637866264	0.0
165.0	30.76923076923077	18.32579185520362	20.739064856711916	30.165912518853695	0.0
166.0	28.311884935654806	19.984859954579864	19.984859954579864	31.718395155185462	0.0
167.0	28.094153378891416	18.375094912680336	23.917995444191344	29.6127562642369	0.0
168.0	26.52439024390244	19.664634146341463	18.521341463414632	35.28963414634146	0.0
169.0	25.2486610558531	18.439173680183625	20.88752869166029	35.42463657230299	0.0
170.0	29.18918918918919	17.45173745173745	17.99227799227799	35.366795366795365	0.0
171.0	31.298299845440496	18.083462132921174	15.765069551777433	34.8531684698609	0.0
172.0	30.793157076205286	20.52877138413686	15.241057542768274	33.43701399688958	0.0
173.0	29.55433932759969	17.982799061767004	19.077404222048475	33.38545738858483	0.0
174.0	31.010180109631953	18.872357086922477	18.16758026624902	31.949882537196554	0.0
175.0	28.223270440251575	19.261006289308177	20.91194968553459	31.60377358490566	0.0
176.0	29.249011857707508	19.44664031620553	19.683794466403164	31.620553359683797	0.0
177.0	29.777070063694268	22.372611464968152	18.152866242038215	29.697452229299365	0.0
178.0	25.438596491228072	21.052631578947366	20.65390749601276	32.854864433811805	0.0
179.0	26.08	18.56	23.28	32.08	0.0
180.0	29.563812600969307	15.993537964458804	19.789983844911145	34.65266558966074	0.0
181.0	28.3739837398374	19.67479674796748	19.10569105691057	32.84552845528455	0.0
182.0	32.89795918367347	18.20408163265306	20.081632653061224	28.816326530612248	0.0
183.0	28.0327868852459	21.557377049180328	22.37704918032787	28.0327868852459	0.0
184.0	30.5532617671346	22.04789430222956	19.07514450867052	28.32369942196532	0.0
185.0	28.286189683860236	22.628951747088184	22.795341098169715	26.28951747088186	0.0
186.0	32.274247491638796	17.391304347826086	21.48829431438127	28.846153846153843	0.0
187.0	32.12783851976451	21.6148023549201	17.493692178301092	28.7636669470143	0.0
188.0	27.881355932203387	20.423728813559322	21.10169491525424	30.593220338983052	0.0
189.0	29.506802721088437	18.70748299319728	20.068027210884352	31.717687074829932	0.0
190.0	30.657557643040136	17.421007685738683	19.214346712211785	32.70708795900939	0.0
191.0	26.850258175559382	19.965576592082616	20.740103270223752	32.44406196213425	0.0
192.0	30.22452504317789	20.120898100172713	19.775474956822105	29.879101899827287	0.0
193.0	30.332167832167833	17.744755244755243	20.54195804195804	31.38111888111888	0.0
194.0	27.982456140350877	22.280701754385966	23.42105263157895	26.31578947368421	0.0
195.0	29.166666666666668	19.592198581560282	19.414893617021274	31.826241134751772	0.0
196.0	28.64816472694718	19.964189794091318	20.859444941808416	30.52820053715309	0.0
197.0	30.081300813008134	19.241192411924118	20.50587172538392	30.171635049683832	0.0
198.0	27.2895467160037	23.866790009250693	21.091581868640148	27.752081406105454	0.0
199.0	27.299412915851274	24.070450097847356	18.199608610567513	30.430528375733857	0.0
200.0	27.37819025522042	15.081206496519723	21.229698375870072	36.31090487238979	0.0
201.0	31.818181818181817	19.805194805194805	18.181818181818183	30.1948051948052	0.0
202.0	40.22801302931596	15.798045602605862	16.775244299674267	27.19869706840391	0.0
203.0	34.15435139573071	17.898193760262725	20.689655172413794	27.257799671592775	0.0
204.0	35.914332784184516	16.14497528830313	24.052718286655683	23.88797364085667	0.0
205.0	35.21594684385382	16.943521594684384	25.74750830564784	22.093023255813954	0.0
206.0	31.05175292153589	19.69949916527546	20.868113522537563	28.380634390651082	0.0
207.0	28.426395939086298	23.85786802030457	17.59729272419628	30.118443316412858	0.0
208.0	28.15699658703072	15.529010238907851	22.525597269624573	33.78839590443686	0.0
209.0	22.93103448275862	21.72413793103448	19.655172413793103	35.689655172413794	0.0
210.0	23.78472222222222	19.96527777777778	19.618055555555554	36.63194444444444	0.0
211.0	28.970331588132638	19.3717277486911	21.640488656195462	30.017452006980804	0.0
212.0	27.2887323943662	17.253521126760564	25.704225352112676	29.753521126760564	0.0
213.0	28.21869488536155	19.929453262786595	18.165784832451497	33.68606701940035	0.0
214.0	27.30496453900709	25.177304964539005	19.858156028368796	27.659574468085108	0.0
215.0	27.450980392156865	23.1729055258467	20.499108734402853	28.87700534759358	0.0
216.0	30.41144901610018	18.067978533094813	18.962432915921287	32.55813953488372	0.0
217.0	27.436823104693143	16.787003610108304	24.0072202166065	31.768953068592058	0.0
218.0	25.186567164179102	17.91044776119403	20.33582089552239	36.56716417910448	0.0
219.0	17.525773195876287	23.711340206185564	25.15463917525773	33.608247422680414	0.0
220.0	0.0	29.102167182662537	27.24458204334365	43.653250773993804	0.0
