# Position (bp)	A	C	G	T	N
0.0	26.077645201206927	23.992987327118133	23.977917511160864	25.951449960514072	0.0
1.0	26.23381803278252	20.017148570908056	15.506146158464324	38.2428872378451	0.0
2.0	28.417956093153464	19.07339038470796	18.414516902488067	34.094136619650506	0.0
3.0	22.71038721222171	22.407489185808117	15.294285198952323	39.58783840301785	0.0
4.0	33.89637544963321	13.21103818886307	14.728663070526363	38.16392329097735	0.0
5.0	34.376399891877604	14.925170809218905	23.07487938881465	27.623549910088848	0.0
6.0	30.560635779138597	17.383987297185737	21.220588339045044	30.83478858463063	0.0
7.0	34.93223033785771	17.015990589240012	20.099538841764538	27.952240231137743	0.0
8.0	22.623944444039644	26.85241375098843	22.522328406701938	28.001313398269982	0.0
9.0	27.605374014907923	18.6842932209057	15.783725542785893	37.92660722140048	0.0
10.0	26.08607199888322	16.570122178654316	25.102480571686787	32.24132525077568	0.0
11.0	28.058494104916647	17.92634815023768	19.681254570610946	34.33390317423473	0.0
12.0	25.888472408863333	19.607211107028427	21.24813778144641	33.256178702661835	0.0
13.0	26.573438058224625	20.74337694403126	18.624313620446635	34.05887137729748	0.0
14.0	30.681936598578368	18.392236747555852	20.042739802455927	30.883086851409853	0.0
15.0	29.85630918662874	18.343707167238417	19.917564481251055	31.882419164881792	0.0
16.0	29.737564381786235	17.49549198828212	18.703110577239464	34.06383305269218	0.0
17.0	30.375122321490426	17.92536506770027	19.6434926354974	32.056019975311905	0.0
18.0	31.00316170909709	17.566204536914345	18.75214904734098	32.678484706647595	0.0
19.0	29.770214287705233	18.20645727933874	19.997610531150244	32.025717901805784	0.0
20.0	29.665822487908954	17.790416749505827	19.721468429229567	32.822292333355655	0.0
21.0	29.18466719706861	18.263152227555157	19.610484193594164	32.94169638178207	0.0
22.0	29.65492762025904	19.133920476487383	22.212657407417044	28.99849449583653	0.0
23.0	29.830749040656013	20.02325163686134	21.01875571127583	29.127243611206815	0.0
24.0	32.26406337158218	19.304699261751278	18.19176886966211	30.23946849700443	0.0
25.0	29.199471263514347	21.15432857602345	19.406326864765894	30.239873295696306	0.0
26.0	31.881054415006325	16.80786623323136	21.65676471237954	29.654314639382772	0.0
27.0	26.01910672957007	21.1598801009406	24.905413002804792	27.915600166684534	0.0
28.0	26.320612360955987	19.62587810956235	18.539930441705923	35.51357908777574	0.0
29.0	27.652827987272666	20.078674360617573	17.537082162453117	34.73141548965664	0.0
30.0	26.54029935908263	19.019724609675908	16.176547133167922	38.263428898073535	0.0
31.0	33.99536781499754	14.401444083325321	18.269171898574285	33.33401620310285	0.0
32.0	33.93377265478322	15.86007711059606	22.475685219797082	27.73046501482364	0.0
33.0	31.211933953702907	17.798196798999825	20.434727753759528	30.55514149353773	0.0
34.0	33.48441843557832	16.637540849631314	21.662878644166515	28.215162070623844	0.0
35.0	26.33025241005215	20.438338533709267	25.21854992476815	28.01285913147043	0.0
