# Position (bp)	A	C	G	T	N
0.0	63.61005130903828	8.775161163004867	13.129851335350612	14.484936192606234	0.0
1.0	13.297382612126793	63.05405760883862	11.679600157832434	11.968959621202158	0.0
2.0	14.448370632116214	61.44483706321162	9.619159795838241	14.487632508833922	0.0
3.0	64.36586638830897	9.446764091858038	10.673277661795407	15.51409185803758	0.0
4.0	64.48123044838373	9.906152241918665	9.658498435870698	15.954118873826904	0.0
5.0	15.911458333333334	59.85677083333333	9.21875	15.013020833333332	0.0
6.0	15.458685751463891	61.158100195185426	9.655172413793103	13.728041639557581	0.0
7.0	65.38861450480894	8.851052768390954	11.203535222251105	14.556797504549	0.0
8.0	64.16980397247826	11.657795664027002	11.24237310138907	12.930027262105673	0.0
9.0	14.252366748800416	58.82505511606796	11.243677862793412	15.678900272338216	0.0
10.0	14.972153866079523	8.340888485947415	10.516772438803264	66.1701852091698	0.0
11.0	13.980858768753231	11.691670977754786	8.574754267977237	65.75271598551474	0.0
12.0	14.073787409700723	9.54592363261094	11.042311661506709	65.33797729618162	0.0
13.0	15.638229634381013	57.87042976266837	10.55805003207184	15.93329057087877	0.0
14.0	14.311270125223613	9.711219013544595	61.21901354459494	14.75849731663685	0.0
15.0	61.41131595677051	10.98537825810553	10.84551811824539	16.757787666878578	0.0
16.0	13.105196451204057	11.837769328263626	10.278833967046895	64.77820025348542	0.0
17.0	14.964010607399924	57.24207601969946	9.786589215810077	18.007324157090544	0.0
18.0	14.988024706920458	10.084457330139921	11.849237362914408	63.07828060002522	0.0
19.0	14.83716836413932	59.009178926191375	11.844586948321387	14.30906576134792	0.0
20.0	15.102143125704975	11.968918410828424	9.274345156034592	63.65459330743201	0.0
21.0	15.896603396603396	10.002497502497503	11.500999000999002	62.5999000999001	0.0
22.0	14.104002992891882	10.263125077939893	58.28656939768051	17.346302531487716	0.0
23.0	15.523465703971121	10.357276235528445	9.4236275364123	64.69563052408813	0.0
24.0	62.71144278606965	9.564676616915422	10.820895522388058	16.902985074626866	0.0
25.0	15.867296222664015	9.219681908548708	56.73459244532803	18.178429423459246	0.0
26.0	62.21587380449633	8.880884362191033	9.675816668736804	19.227425164575827	0.0
27.0	13.45747982619491	13.39540657976412	8.230912476722532	64.91620111731844	0.0
28.0	14.168734491315135	58.01488833746898	8.808933002481389	19.00744416873449	0.0
29.0	16.827876984126984	7.8000992063492065	8.7921626984127	66.57986111111111	0.0
30.0	15.609816868070261	9.879157842282298	55.68705618537436	18.82396910427308	0.0
31.0	15.687257235935345	10.048866056885101	9.723092344317754	64.54078436286179	0.0
32.0	14.444584860356374	8.669278402628585	9.376974598761532	67.50916213825352	0.0
33.0	15.550208940103838	57.95871850069647	9.826516398632391	16.664556160567304	0.0
34.0	16.462793068297653	10.053516819571866	11.531600407747197	61.95208970438328	0.0
35.0	15.386581469648563	57.91693290734824	9.022364217252395	17.674121405750796	0.0
36.0	15.299079754601227	10.071574642126789	9.713701431492842	64.91564417177914	0.0
37.0	62.25131562058785	11.397766653831344	10.781671159029651	15.569246566551149	0.0
38.0	65.09081540641505	10.61445317531882	7.484220018034265	16.81051140023187	0.0
39.0	63.69147426802528	11.518122017283632	7.971107958209725	16.819295756481363	0.0
40.0	14.067752779932766	57.74502198086372	11.287820015515903	16.899405223687612	0.0
41.0	14.220601640838652	8.139080609454357	60.971480661544476	16.668837088162523	0.0
42.0	63.787028578885554	9.865587889860368	11.196659271825656	15.150724259428422	0.0
43.0	64.23328964613368	10.091743119266056	9.724770642201836	15.950196592398427	0.0
44.0	15.960955019126763	58.17174515235457	7.888141406146946	17.979158422371718	0.0
45.0	24.04329339002706	11.248550444530345	13.490529570931582	51.21762659451101	0.0
46.0	27.60808270676692	16.00093984962406	17.669172932330827	38.721804511278194	0.0
47.0	30.93375065206051	17.553468961919666	18.648930620761604	32.863849765258216	0.0
48.0	26.582610979774103	21.591804570527977	18.649855529288153	33.17572892040977	0.0
49.0	27.561556791104053	18.98332009531374	18.77151178183744	34.68361133174477	0.0
50.0	26.485478284039438	24.75353050892619	16.546762589928058	32.214228617106315	0.0
51.0	29.85313751668892	18.71829105473965	17.16955941255007	34.25901201602136	0.0
52.0	28.67489270386266	17.998927038626608	19.84978540772532	33.47639484978541	0.0
53.0	32.31887961217345	18.771882574737408	19.983840560193915	28.925397252895234	0.0
54.0	28.954496208017332	21.614301191765982	18.553629469122427	30.87757313109426	0.0
55.0	30.5939788445891	18.741524274477893	19.500949281258475	31.163547599674533	0.0
56.0	27.44299674267101	20.602605863192185	20.30401737242128	31.650380021715524	0.0
57.0	30.625000000000004	16.820652173913043	20.380434782608695	32.17391304347826	0.0
58.0	27.386797599563558	20.076377523186036	19.803600654664486	32.733224222585925	0.0
59.0	28.672856362643362	19.279082468596396	20.999453850354996	31.048607318405242	0.0
60.0	29.041171594363085	18.20945012434374	19.894998618402873	32.854379662890295	0.0
61.0	27.556422401783227	18.30593480078016	22.596823627751466	31.540819169685147	0.0
62.0	28.15208275090858	19.233994967850155	21.91780821917808	30.696114062063177	0.0
63.0	32.0	18.34965034965035	20.755244755244757	28.895104895104893	0.0
64.0	30.32258064516129	18.59747545582048	22.55259467040673	28.5273492286115	0.0
65.0	30.06204173716864	17.710095882684715	23.096446700507613	29.131415679639026	0.0
66.0	29.398475007060153	16.49251623835075	22.197119457780286	31.91188929680881	0.0
67.0	27.23151034287333	17.99376593935959	19.977330688580334	34.79739302918674	0.0
68.0	25.312145289443816	19.920544835414304	19.77866061293984	34.988649262202046	0.0
69.0	25.664475564446988	19.891397542154902	22.63503858245213	31.80908831094598	0.0
70.0	27.423505862167573	20.932227623677438	19.388046897340576	32.25621961681441	0.0
71.0	29.054441260744984	20.544412607449857	18.624641833810887	31.77650429799427	0.0
72.0	28.809182209469153	17.216642754662843	20.516499282639884	33.45767575322812	0.0
73.0	29.097182288671654	19.465209890741804	19.378953421506612	32.058654399079934	0.0
74.0	29.208633093525183	16.31654676258993	23.16546762589928	31.309352517985612	0.0
75.0	30.005770340450088	18.81130986728217	21.92729371032891	29.255626081938836	0.0
76.0	26.820809248554912	22.398843930635838	18.84393063583815	31.9364161849711	0.0
77.0	29.571759259259263	19.675925925925927	18.836805555555554	31.915509259259263	0.0
78.0	29.758791049113633	22.028480092996222	17.843650101714616	30.369078756175533	0.0
79.0	27.548048922539316	20.50087361677344	19.539895165987186	32.411182294700055	0.0
80.0	29.921029540801403	19.303890026323486	21.380520620064345	29.394559812810762	0.0
81.0	26.978523095027953	19.299794057075612	18.27007943512798	35.45160341276846	0.0
82.0	31.21677495569994	17.926757235676313	20.200826934435913	30.655640874187835	0.0
83.0	28.339243498817968	19.828605200945624	22.36997635933806	29.462174940898343	0.0
84.0	28.283427216128075	20.753038837829827	19.982211680996144	30.981322265045954	0.0
85.0	34.73715651135006	16.278375149342892	19.05615292712067	29.92831541218638	0.0
86.0	29.70862120756984	18.954641033343346	21.56803844998498	29.76869930910183	0.0
87.0	32.45112781954887	19.759398496240603	21.23308270676692	26.556390977443613	0.0
88.0	33.61420403250075	18.477279566656634	17.032801685224193	30.875714715618418	0.0
89.0	29.8372513562387	16.907775768535263	18.595539481615432	34.65943339361061	0.0
90.0	30.9761257177395	17.739498337866426	19.945602901178606	31.338773043215472	0.0
91.0	29.758308157099698	21.993957703927492	16.76737160120846	31.48036253776435	0.0
92.0	28.286491387126024	19.61317618615896	17.165306739196133	34.93502568751889	0.0
93.0	32.292298362644026	17.343844754396603	18.73862947240752	31.625227410551847	0.0
94.0	30.911854103343465	17.112462006079028	19.300911854103344	32.67477203647417	0.0
95.0	29.52815829528158	17.382039573820396	20.426179604261797	32.663622526636225	0.0
96.0	29.216224458676425	17.871302226288503	19.609637084476976	33.3028362305581	0.0
97.0	30.59541984732824	17.98473282442748	19.175572519083968	32.24427480916031	0.0
98.0	30.894060012247397	19.38150642988365	18.983466013472135	30.740967544396813	0.0
99.0	30.604109168966577	18.859245630174794	18.153940509046304	32.38270469181232	0.0
100.0	32.052858020897354	13.798401966810081	19.237861094038106	34.910878918254454	0.0
101.0	31.19407590249923	18.790496760259177	19.74699166923789	30.2684356680037	0.0
102.0	33.003402412619856	15.372718836993505	20.66192390968141	30.961954840705225	0.0
103.0	26.809568188878536	18.328673501087295	20.87604846225536	33.985709847778814	0.0
104.0	28.215509187169108	19.526627218934912	21.08377452507007	31.17408906882591	0.0
105.0	28.678537956888473	21.243361449547017	18.275538894095593	31.802561699468917	0.0
106.0	31.34982774819919	18.571875978703414	19.229564672721576	30.84873160037582	0.0
107.0	31.29915067631331	18.748033972947468	18.936772569990563	31.016042780748666	0.0
108.0	34.96216897856242	18.095838587641865	16.77175283732661	30.170239596469106	0.0
109.0	29.14826498422713	20.189274447949526	19.369085173501578	31.293375394321764	0.0
110.0	27.96208530805687	19.30489731437599	19.368088467614534	33.36492890995261	0.0
111.0	29.21954314720812	18.05203045685279	19.923857868020303	32.80456852791878	0.0
112.0	26.766390833863777	18.93698281349459	21.387651177593888	32.908975175047736	0.0
113.0	30.80114905841047	19.278646664538783	18.86370890520268	31.05649537184807	0.0
114.0	28.603387663790347	17.76925535314797	21.380632790028763	32.24672419303292	0.0
115.0	28.617260186076354	18.768046198267566	18.60763554700032	34.00705806865576	0.0
116.0	28.50707850707851	19.465894465894465	18.886743886743886	33.14028314028314	0.0
117.0	31.668814432989688	18.814432989690722	19.072164948453608	30.44458762886598	0.0
118.0	29.702650290885586	17.582417582417584	20.4912734324499	32.22365869424693	0.0
119.0	24.247329232761412	21.042408546455164	26.740045322110717	27.97021689867271	0.0
120.0	28.246753246753247	21.623376623376622	21.525974025974026	28.603896103896105	0.0
121.0	30.861788617886177	18.634146341463413	18.764227642276424	31.739837398373982	0.0
122.0	30.44328552803129	18.35071707953064	21.447196870925683	29.758800521512384	0.0
123.0	34.31180691454664	18.656229615133725	17.840834964122635	29.191128506197	0.0
124.0	30.640941792020925	19.522563767168084	19.62066710268149	30.215827338129497	0.0
125.0	29.898260584181163	19.199212340006564	19.560223170331472	31.3423039054808	0.0
126.0	31.19447186574531	18.591641987495887	18.624547548535702	31.589338598223097	0.0
127.0	28.986464179597228	18.719049191152195	21.360184879498185	30.93430174975239	0.0
128.0	33.156674395495195	16.760516727393178	19.675389201722425	30.407419675389203	0.0
129.0	30.554633012288274	19.096645632680172	16.572567253404184	33.77615410162736	0.0
130.0	30.003330003330003	20.37962037962038	15.784215784215785	33.83283383283383	0.0
131.0	30.638155696625457	19.846308052121618	19.044437019712664	30.47109923154026	0.0
132.0	29.049531459170012	19.611780455153948	21.653279785809907	29.685408299866133	0.0
133.0	29.466979550787798	21.58900435802883	19.14180355346966	29.802212537713714	0.0
134.0	25.62122229684352	20.752182672934854	20.953660174613834	32.672934855607785	0.0
135.0	29.388029589778075	16.94687289845326	21.04909213180901	32.61600537995965	0.0
136.0	26.788124156545205	18.286099865047234	21.018893387314442	33.906882591093115	0.0
137.0	28.179972936400542	16.40730717185386	19.993234100135318	35.419485791610285	0.0
138.0	29.637165140725667	18.650389962699222	19.56595456086809	32.146490335707014	0.0
139.0	29.6057104010877	19.272603670972128	18.456832087015634	32.66485384092454	0.0
140.0	28.56164383561644	18.21917808219178	20.47945205479452	32.73972602739726	0.0
141.0	31.06529209621993	17.697594501718214	20.034364261168385	31.20274914089347	0.0
142.0	31.538992408557625	15.838509316770185	19.289164941338854	33.33333333333333	0.0
143.0	32.60643821391485	17.5147109726549	19.453097957770854	30.4257528556594	0.0
144.0	31.952662721893493	17.473024712843717	18.726070309780717	31.848242255482074	0.0
145.0	29.07627711686494	17.879636109167247	20.258922323303008	32.7851644506648	0.0
146.0	28.125	19.34691011235955	18.92556179775281	33.60252808988764	0.0
147.0	29.231311706629054	18.30042313117066	18.9703808180536	33.497884344146684	0.0
148.0	27.543424317617866	19.851116625310176	19.99291031549096	32.612548741581	0.0
149.0	31.62393162393162	19.159544159544158	16.666666666666664	32.54985754985755	0.0
150.0	30.003567606136283	18.694256154120584	19.015340706386016	32.28683553335712	0.0
151.0	28.893662728249193	19.763694951664874	20.515574650912995	30.82706766917293	0.0
152.0	29.276197335253872	18.905293482175008	16.888728844076343	34.92978033849477	0.0
153.0	31.573236889692584	16.6003616636528	20.397830018083184	31.428571428571427	0.0
154.0	31.477438136826784	16.157205240174672	20.305676855895197	32.05967976710335	0.0
155.0	29.725776965265084	21.060329067641682	16.563071297989033	32.65082266910421	0.0
156.0	31.98231392778187	14.701547531319086	19.859985261606486	33.45615327929256	0.0
157.0	30.88888888888889	17.074074074074076	19.22222222222222	32.81481481481482	0.0
158.0	29.593738352590382	20.462169213566902	17.927692881103244	32.01639955273947	0.0
159.0	35.177570093457945	14.841121495327103	20.261682242990652	29.719626168224302	0.0
160.0	26.357169599400976	19.917633845001873	22.201422688131785	31.523773867465373	0.0
161.0	29.58223560406473	19.796763266842305	20.888219796763266	29.732781332329694	0.0
162.0	29.538577912254162	18.15431164901664	20.385779122541603	31.921331316187597	0.0
163.0	30.827638572513287	16.514806378132118	17.350037965072136	35.30751708428246	0.0
164.0	30.666666666666664	15.39047619047619	23.733333333333334	30.20952380952381	0.0
165.0	29.510703363914377	18.15749235474006	22.09480122324159	30.237003058103973	0.0
166.0	26.641074856046064	20.614203454894433	20.115163147792707	32.629558541266796	0.0
167.0	27.030162412993043	19.914926527455528	23.201856148491878	29.85305491105955	0.0
168.0	27.872670807453414	18.24534161490683	20.225155279503106	33.65683229813665	0.0
169.0	27.931437475652515	17.179587066614726	20.41293338527464	34.47604207245812	0.0
170.0	30.117187499999996	17.8125	20.390625	31.679687499999996	0.0
171.0	30.669800235017625	18.605562083822953	17.46964355660008	33.25499412455934	0.0
172.0	29.72866692882422	20.408965788438852	17.65631144317735	32.206055839559575	0.0
173.0	28.763334650335835	18.92532595811932	19.913077834847886	32.39826155669696	0.0
174.0	29.547259729944404	19.26131850675139	17.91104050833995	33.28038125496426	0.0
175.0	28.030303030303028	18.381180223285487	21.49122807017544	32.09728867623605	0.0
176.0	28.852327447833066	19.903691813804173	18.33868378812199	32.90529695024077	0.0
177.0	27.775534921275735	23.980621719822366	18.28825191764231	29.95559144125959	0.0
178.0	28.768793173506708	19.666802112962213	20.23567655424624	31.32872815928484	0.0
179.0	27.04582651391162	18.57610474631751	23.28150572831424	31.09656301145663	0.0
180.0	30.85808580858086	16.377887788778878	19.966996699669966	32.7970297029703	0.0
181.0	27.883817427385893	20.29045643153527	19.83402489626556	31.991701244813274	0.0
182.0	32.87269681742044	18.592964824120603	18.88609715242881	29.64824120603015	0.0
183.0	30.61052631578947	20.926315789473684	21.094736842105263	27.368421052631582	0.0
184.0	30.2503182011031	19.261773440814594	20.78913873568095	29.698769622401354	0.0
185.0	27.82051282051282	20.427350427350426	24.188034188034187	27.564102564102566	0.0
186.0	28.276751181779115	19.166308551783413	23.592608508809626	28.964331757627846	0.0
187.0	30.436662343277128	20.233463035019454	18.028534370946822	31.301340250756592	0.0
188.0	28.68959512407488	19.851980844579884	21.11449717022203	30.343926861123204	0.0
189.0	29.920913884007028	19.112478031634446	19.639718804920914	31.32688927943761	0.0
190.0	29.898275099513487	18.26625386996904	19.548872180451127	32.28659885006635	0.0
191.0	29.47976878612717	20.631391729657626	19.297465540240108	30.591373943975096	0.0
192.0	31.062303899596593	19.811743612729718	20.170327207530256	28.955625280143433	0.0
193.0	29.11392405063291	19.303797468354432	21.518987341772153	30.063291139240505	0.0
194.0	27.492034592626307	22.394173873463814	22.75830678197542	27.355484751934455	0.0
195.0	28.243924805135258	21.27464465841357	19.303071985327833	31.178358551123335	0.0
196.0	29.261495587552254	19.972131908964236	20.761727821644218	30.00464468183929	0.0
197.0	30.68235294117647	19.2	21.08235294117647	29.03529411764706	0.0
198.0	28.20019249278152	23.387872954764198	21.126082771896055	27.28585178055823	0.0
199.0	26.2970498474059	25.07629704984741	19.430315361139368	29.196337741607326	0.0
200.0	27.791262135922327	16.62621359223301	19.84223300970874	35.74029126213592	0.0
201.0	30.252100840336134	18.73949579831933	18.403361344537817	32.60504201680672	0.0
202.0	37.46835443037975	16.793248945147678	18.565400843881857	27.17299578059072	0.0
203.0	34.40677966101695	18.389830508474574	17.71186440677966	29.491525423728817	0.0
204.0	38.01020408163265	16.3265306122449	21.51360544217687	24.149659863945576	0.0
205.0	33.73390557939914	17.682403433476395	23.00429184549356	25.579399141630898	0.0
206.0	28.349178910976665	19.96542783059637	20.051858254105444	31.633535004321523	0.0
207.0	27.47826086956522	21.217391304347828	18.782608695652172	32.52173913043478	0.0
208.0	28.883071553228625	16.404886561954623	21.640488656195462	33.07155322862129	0.0
209.0	22.261174408413673	21.56003505696757	21.998247151621385	34.18054338299737	0.0
210.0	27.537511032656663	17.5639894086496	19.064430714916153	35.83406884377759	0.0
211.0	30.19538188277087	21.04795737122558	19.449378330373	29.307282415630553	0.0
212.0	26.49420160570919	16.770740410347905	23.461195361284567	33.27386262265834	0.0
213.0	28.043282236248874	19.657348963029754	20.198376916140667	32.1009918845807	0.0
214.0	27.711941659070195	25.979945305378305	17.775752051048315	28.532360984503192	0.0
215.0	27.68102658111824	24.381301558203482	16.86526122823098	31.072410632447294	0.0
216.0	28.09611829944547	18.02218114602588	16.820702402957487	37.06099815157117	0.0
217.0	26.39545884578997	20.245979186376537	24.503311258278146	28.855250709555346	0.0
218.0	25.365853658536587	20.0	18.24390243902439	36.390243902439025	0.0
219.0	18.675352877307276	24.7557003257329	24.321389793702497	32.24755700325733	0.0
220.0	0.17391304347826086	31.82608695652174	24.869565217391305	43.130434782608695	0.0
