# Position (bp)	A	C	G	T	N
0.0	26.683224508602958	24.328789292096065	23.875134391986304	25.112664501410414	1.87305904256714E-4
1.0	27.367198871355807	19.978828603004622	15.22402357181595	37.42976258589232	1.863679312973258E-4
2.0	28.14561178850472	20.058831171241394	18.03054766809569	33.76445261028525	5.567618729469406E-4
3.0	23.89674531312141	21.914891649170837	14.844109839901593	39.34184848456822	0.002404713237946375
4.0	34.55993951185328	14.076403168251101	14.338272583931913	37.023909415311984	0.0014753206517228979
5.0	36.20893109942324	14.734822893098897	22.221526758872834	26.8295646378978	0.005154610707230999
6.0	32.06160462402249	17.575512529520417	20.167060272185108	30.195822574271986	0.0
7.0	35.42723528591251	16.845124914655724	20.363878631261333	27.363394096011394	3.6707215904502506E-4
8.0	23.190783744690368	26.539449393276637	22.21364655499559	28.05593697923446	1.8332780294461117E-4
9.0	28.68674102972691	18.046962287305163	15.940253127461215	37.32494459402531	0.0010989614814000768
10.0	27.0749877847704	16.74465503642609	24.75491765928751	31.422877523794533	0.002561995721467145
11.0	28.36721594472962	18.600904470968604	19.35194819681844	33.679931387483336	0.0
12.0	26.738261117487518	19.63516803251723	21.13181615480777	32.494571931953594	1.8276323388576567E-4
13.0	27.673570464577324	21.294512329862865	18.463109028385254	32.56807768096674	7.304962078115612E-4
14.0	31.620441475383192	18.506938800853952	20.3930800094234	29.479357090287508	1.826240519528903E-4
15.0	29.94468317466347	18.701981288339635	19.210589273028436	32.14201576776065	7.304962078115612E-4
16.0	30.48251100766473	17.92637693969571	19.094257751934446	32.4961238044973	7.304962078115612E-4
17.0	30.069415402147293	18.505295184386377	20.239858429834925	31.184700487423594	7.304962078115612E-4
18.0	31.7979520538814	18.09366057128456	18.341116161680727	31.767088589101363	1.826240519528903E-4
19.0	30.78511906175067	18.395903377266592	19.498404778906192	31.32039015802459	1.826240519528903E-4
20.0	30.27961568594507	18.346412259187357	19.616745164571665	31.756679018140048	5.478721558586708E-4
21.0	30.459500377118665	17.125387847830336	19.33459100430445	33.080338146694594	1.826240519528903E-4
22.0	29.084341265913405	19.006963455100966	19.685046560002046	32.22364871898359	0.0
23.0	29.97372039892398	17.917063113046115	19.782933051848794	32.32482244376549	0.0014609924156231224
24.0	31.06508173339445	17.893687234396143	18.60993876615538	32.43092701795012	3.652481039057806E-4
25.0	29.486844676417572	18.111192480272038	19.357784258902466	33.04381333630402	3.652481039057806E-4
26.0	31.726911297671727	17.644405403480448	20.250633248900147	30.377502177791822	5.478721558586708E-4
27.0	28.84528638190707	18.29144241954954	20.019796447231695	32.843474751311696	0.0
28.0	30.29769546708841	17.956327284215988	20.14160668988427	31.603457438551573	9.131202597644515E-4
29.0	29.38955972913151	18.672065043501128	19.18286544965776	32.755327153324124	1.826243854689429E-4
30.0	30.162556637318445	18.44993178867089	19.138437038295137	32.24797877139252	0.0010957643230094071
31.0	30.940283951654436	18.2251012678109	19.201070936777473	31.631717553208976	0.0018262905482158969
32.0	29.689363404090564	18.470906012751275	19.249460782791804	32.59026980036636	0.0
33.0	29.76363543386468	18.212052364741464	19.272606402407845	32.751705798986016	0.0
34.0	29.703532695054374	18.393502266608706	19.53210328868303	32.36994853099647	9.132186574224586E-4
35.0	30.641637450869887	17.644572449076684	19.17428473142205	32.538956428817144	5.489398142387669E-4
36.0	31.035170838154098	17.574251988107967	18.97563011672354	32.41439785591893	5.492010954731184E-4
37.0	29.471839176247137	19.124561117531673	19.29800783532269	32.10467610153318	9.157693653168837E-4
38.0	31.150391881268312	18.468905133030724	18.930879730841614	31.449823254859343	0.0
39.0	30.100895215732315	18.88630026416202	19.461219547989433	31.551401526269444	1.8344584678602876E-4
40.0	29.96819487034213	18.68096088649671	19.418788388276432	31.930400295793227	0.0016555590915027511
41.0	29.960721049309115	18.056319518020693	20.250624808496656	31.731411716497526	9.229076760077228E-4
42.0	29.094033790821015	18.54924791096657	19.383751325012348	32.97241199420602	5.549789940450753E-4
43.0	29.433904920043958	18.3123335600407	20.359741961309023	31.893648919866052	3.706387402730496E-4
44.0	29.662432534762694	18.80080772685766	19.81789025902197	31.718683880355456	1.8559900221976406E-4
45.0	29.35048085680616	18.808248357800586	19.850259666392812	31.989709998921928	0.001301120078513303
46.0	30.222314850825562	17.35905513862346	19.797317037315473	32.62056863624437	7.443369911293639E-4
47.0	29.837878920534035	18.532248179560785	19.71234359311577	31.916597897623227	9.314091661838863E-4
48.0	30.394169402788883	17.840262667733146	19.09132775108466	32.67330793913597	9.32239257340918E-4
49.0	29.169544360032106	18.043977376663616	19.96248110055438	32.82399716274989	0.0
50.0	29.82077498966693	18.31749552545302	19.58046797122076	32.280887465844756	3.7404781453213165E-4
51.0	30.35108522710216	17.8961153973162	19.39205517696857	32.35999369577617	7.505028369007234E-4
52.0	29.65034938699576	18.378640977794014	19.77204640416666	32.1983983369518	5.648940917726942E-4
53.0	31.28060576748685	18.01961791911009	19.118780605767487	31.580995707635573	0.0
54.0	30.31371099930834	18.295102470083282	19.11903205328634	32.27101749997631	0.0011369773457263865
55.0	29.25638462444839	18.44138764619355	18.224924266324074	34.077303463033985	0.0
56.0	29.007149347643455	18.049578716165374	20.763968659454456	32.178922282990726	3.809937459876596E-4
57.0	28.213971473778436	18.99705881791583	19.35587921494678	33.43309049335896	0.0
58.0	30.75309447001524	17.854895984120823	21.914756505892544	29.47687059349956	3.824464718356857E-4
59.0	29.373701440586352	20.44421273757408	20.884285418567387	29.297417064699882	3.833385722938214E-4
60.0	31.62059895713165	18.77989786658053	19.46360727854429	30.13589589774353	0.0
61.0	29.248249015221845	21.074349062120636	19.617398487272673	30.05807344389611	0.0019299914887375346
62.0	31.290452760488613	16.694863954553217	21.246527077157094	30.767768171729244	3.8803607183323757E-4
63.0	26.58188531075102	20.630976450708626	25.152323184965958	27.633838309842645	9.767437317471015E-4
64.0	26.327692718812877	20.054703219315893	18.232245032696177	35.38457306338028	7.859657947686117E-4
65.0	27.948741266759715	19.400940244273723	18.56290503058364	34.086424976177575	9.884822053433393E-4
66.0	26.96830941810135	19.443014015114613	16.92908141252632	36.65681161610237	0.0027835381553492646
67.0	33.40841771165201	14.252307495512925	17.762818642245257	34.5736579750003	0.002798175589515636
68.0	34.42805286201074	15.637367415241812	23.00892830058949	26.92403361004661	0.0016178121113459188
69.0	31.699194114613427	17.144170845216568	20.21030481149407	30.945708882965395	6.213457105398873E-4
70.0	33.18891376653239	16.128094265641042	21.947226093044375	28.7357658747822	0.0
71.0	26.17378642420548	20.093632007585377	25.27640913631669	28.45589023777676	2.8219411568829964E-4
