# Position (bp)	A	C	G	T	N
0.0	52.26491721337082	12.100385296261585	14.630844527751744	21.00385296261585	0.0
1.0	15.755493075080704	52.004581901489125	17.34874518379673	14.891179839633448	0.0
2.0	22.256793196432277	46.50487450736362	11.719560257208048	19.51877203899606	0.0
3.0	51.500103455410716	13.325056900475897	15.207945375543142	19.966894268570247	0.0
4.0	50.951199338296114	15.064102564102564	12.644747725392888	21.339950372208435	0.0
5.0	21.407927332782826	45.73699421965318	14.254748142031378	18.600330305532616	0.0
6.0	19.938112429087155	48.282619907168645	14.244455905105724	17.534811758638476	0.0
7.0	54.77588871715611	12.797527047913446	13.189077794951057	19.237506439979395	0.0
8.0	52.71230056613484	16.35615028306742	11.652084405558414	19.279464745239324	0.0
9.0	19.362139917695472	46.73868312757202	13.23045267489712	20.66872427983539	0.0
10.0	17.263006374665842	12.122146822948796	13.355953115360888	57.25889368702447	0.0
11.0	19.5582948125321	13.549049820236261	11.371340523882898	55.52131484334875	0.0
12.0	17.656714886631782	11.306042884990253	14.71221914435211	56.32502308402585	0.0
13.0	19.021294021294022	44.32841932841933	13.216625716625716	23.43366093366093	0.0
14.0	18.369643039787256	13.480617776414034	48.78797177048174	19.36176741331697	0.0
15.0	51.356589147286826	13.402692778457773	13.321093431252551	21.919624643002855	0.0
16.0	18.512480896586858	12.592969943963322	15.160468670402446	53.73408048904737	0.0
17.0	20.36622583926755	44.87283825025432	14.22177009155646	20.539165818921667	0.0
18.0	18.633225020308693	14.21608448415922	14.520714865962633	52.62997562956946	0.0
19.0	17.588551710139043	48.39135288744545	11.793362427686999	22.22673297472851	0.0
20.0	17.549903738980646	17.104063228290606	11.591853277941027	53.75417975478772	0.0
21.0	18.7013249721857	13.40143622939213	12.855264488722565	55.041974309699604	0.0
22.0	18.31498131124356	13.385190423275079	46.216789574704514	22.083038690776846	0.0
23.0	18.314833501513622	14.268415741675074	12.855701311806255	54.56104944500505	0.0
24.0	52.313741304566996	12.097993749369897	14.003427764895655	21.584837181167458	0.0
25.0	19.530383956464778	11.690013100876751	44.65383452584904	24.125768416809432	0.0
26.0	52.97553116503877	11.549692880878059	13.17087906555231	22.303896888530865	0.0
27.0	16.53749370910921	16.155007549068948	10.548565676899848	56.75893306492199	0.0
28.0	17.665995975855132	46.941649899396374	9.14486921529175	26.24748490945674	0.0
29.0	21.311475409836063	11.968218847430354	11.384893895202655	55.33541184753092	0.0
30.0	19.99392281981161	13.61288362199939	42.07434417097134	24.318849387217664	0.0
31.0	21.874356333676623	10.844490216271884	12.976313079299691	54.304840370751805	0.0
32.0	17.676452217364147	12.65875494482615	13.158442640016657	56.50635019779304	0.0
33.0	20.450516216498073	45.187193659401395	11.951194076546043	22.41109604755449	0.0
34.0	20.764570712345936	12.899519532066012	13.442657196574054	52.893252559013995	0.0
35.0	20.167276529012025	45.09147935180345	13.695765812859385	21.045478306325144	0.0
36.0	19.41553663407968	13.045306422789865	12.79302007778829	54.746136865342166	0.0
37.0	54.601226993865026	12.830547916225937	12.671884916437486	19.896340173471547	0.0
38.0	52.37336731443135	15.981735159817351	11.415525114155251	20.22937241159605	0.0
39.0	53.881424610791214	14.246107912134784	10.90850927703135	20.963958200042654	0.0
40.0	18.36580902142319	46.25901604047799	13.499838518678006	21.875336419420822	0.0
41.0	19.980443285528033	10.604085180356366	49.41329856584094	20.00217296827466	0.0
42.0	54.41931607123347	12.192723697148477	12.979351032448378	20.40860919916967	0.0
43.0	55.7400642090114	13.450680836931253	10.683051035093547	20.1262039189638	0.0
44.0	22.50782297720161	48.0219043361645	9.611086276262853	19.85918641037103	0.0
45.0	26.933139534883722	13.67732558139535	15.66860465116279	43.72093023255814	0.0
46.0	28.670383510728165	17.198851157290083	19.46274708565636	34.668018246325396	0.0
47.0	34.13226032190343	18.649405178446465	19.156752974107768	28.06158152554234	0.0
48.0	25.202251143158634	22.23003869152304	16.813225466056984	35.75448469926135	0.0
49.0	26.456918126564176	20.68287450840186	20.879513764747944	31.98069360028602	0.0
50.0	23.9331759578718	26.49355365897948	19.466134011258397	30.10713637189032	0.0
51.0	27.06355003652301	18.352812271731192	18.151935719503285	36.431701972242514	0.0
52.0	32.461311717022845	16.967575534266764	17.999263080324248	32.57184966838614	0.0
53.0	33.49990745881917	20.192485656116972	19.63723857116417	26.670368313899683	0.0
54.0	28.754885538805137	22.389726409826913	18.276568025311743	30.578820026056206	0.0
55.0	31.0351305654706	19.876009768927297	18.091301897426263	30.99755776817584	0.0
56.0	30.52512278050623	18.568190404231206	20.664903664525877	30.241783150736683	0.0
57.0	32.963246554364474	16.6156202143951	17.783307810107196	32.63782542113323	0.0
58.0	26.97584541062802	20.695652173913043	19.845410628019327	32.48309178743961	0.0
59.0	24.907641454404043	21.991055804005445	21.60217771728563	31.49912502430488	0.0
60.0	23.68730407523511	20.434952978056426	19.318181818181817	36.559561128526646	0.0
61.0	28.037198258804906	17.49109616145627	23.66442421844084	30.807281361297985	0.0
62.0	25.643604183427193	21.560740144810943	23.451327433628318	29.34432823813355	0.0
63.0	31.793313069908812	17.973657548125633	19.6757852077001	30.557244174265453	0.0
64.0	30.273357813137498	17.33986128110975	21.766625866993063	30.620155038759687	0.0
65.0	29.87466611875899	17.93712759400041	19.72467639202794	32.46352989521266	0.0
66.0	28.052055360462713	19.314191282792812	20.739516628795705	31.894236727948773	0.0
67.0	27.359468989836135	16.137730761252854	22.007882182119893	34.49491806679112	0.0
68.0	24.02774858103847	17.952491065797773	20.958587344965316	37.061173008198445	0.0
69.0	24.495491627307857	23.035637612709316	22.863890081580077	29.604980678402747	0.0
70.0	26.68831168831169	24.826839826839826	17.575757575757574	30.909090909090907	0.0
71.0	25.897714907508163	20.239390642002174	20.348204570184983	33.51468988030468	0.0
72.0	30.126803672933978	18.430257979886314	19.217315260166156	32.22562308701355	0.0
73.0	26.19152691968226	19.991173874669023	21.80052956751986	32.016769638128864	0.0
74.0	32.114183764495984	15.343443354148082	22.36842105263158	30.173951828724356	0.0
75.0	30.040595399188092	19.576003608479926	22.214704555705907	28.16869643662607	0.0
76.0	27.68181818181818	22.68181818181818	17.34090909090909	32.29545454545455	0.0
77.0	28.375912408759124	19.98175182481752	18.84124087591241	32.80109489051095	0.0
78.0	28.44669117647059	18.497242647058822	19.393382352941178	33.66268382352941	0.0
79.0	29.094278434097752	21.496409543664583	17.92911744266852	31.480194579569144	0.0
80.0	29.791715422419845	20.664638427334424	19.86894453545518	29.674701614790543	0.0
81.0	26.083866382373845	18.005212035062783	18.976545842217483	36.934375740345885	0.0
82.0	32.57197240066619	18.796098025220083	20.65191529859624	27.98001427551749	0.0
83.0	30.11063011063011	19.047619047619047	21.71717171717172	29.124579124579125	0.0
84.0	29.064398541919807	19.295261239368166	20.996354799513973	30.643985419198057	0.0
85.0	31.93532086912582	19.17635169277413	18.746841839312783	30.141485598787266	0.0
86.0	31.875953228266397	19.03914590747331	21.225216065073717	27.859684799186578	0.0
87.0	33.589153236121774	19.39114863136352	21.46328984394986	25.556408288564853	0.0
88.0	33.730261454827854	17.654672534299767	18.405384416256794	30.209681594615585	0.0
89.0	30.78129082832506	15.573556310425921	18.134308858113403	35.51084400313562	0.0
90.0	30.09271523178808	17.00662251655629	19.655629139072847	33.24503311258278	0.0
91.0	28.995189738107964	20.95136290753608	17.39711384286478	32.656333511491184	0.0
92.0	29.179004037685058	16.823687752355315	16.231493943472408	37.76581426648721	0.0
93.0	30.010893246187365	18.110021786492375	19.74400871459695	32.13507625272331	0.0
94.0	31.19693234730211	16.433853738701725	19.172829361818682	33.19638455217749	0.0
95.0	31.327287716405607	17.697169552074747	21.022258862324815	29.953283869194834	0.0
96.0	29.379310344827587	16.63448275862069	19.613793103448277	34.37241379310345	0.0
97.0	31.389886709035647	17.82260292898591	18.098922354241502	32.688588007736946	0.0
98.0	30.948419301164726	19.328896283971158	17.997781475318913	31.724902939545203	0.0
99.0	29.48896956157498	17.98380340686959	18.82155822395979	33.70566880759564	0.0
100.0	32.4332006822058	13.388288800454804	19.471290505969304	34.7072200113701	0.0
101.0	31.25	18.89269406392694	20.605022831050228	29.25228310502283	0.0
102.0	31.11878055795226	16.566005176876615	21.627840092033363	30.687374173137762	0.0
103.0	27.634252539912918	16.57474600870827	21.01596516690856	34.77503628447025	0.0
104.0	26.58707047175306	17.647058823529413	21.60745486313337	34.15841584158416	0.0
105.0	29.781021897810216	18.1021897810219	18.45255474452555	33.66423357664234	0.0
106.0	30.73313782991202	17.155425219941346	18.826979472140764	33.28445747800586	0.0
107.0	30.703309692671393	20.508274231678485	19.2080378250591	29.580378250591018	0.0
108.0	34.91264435889843	17.85608528279538	16.553153686704174	30.678116671602012	0.0
109.0	29.62852897473997	20.14858841010401	18.45468053491828	31.76820208023774	0.0
110.0	26.186876322951314	20.955548835802844	20.622921076504387	32.23465376474145	0.0
111.0	30.893074119076548	18.1044957472661	18.65127582017011	32.35115431348724	0.0
112.0	25.758969641214353	19.901870591842993	21.8951241950322	32.444035571910455	0.0
113.0	29.944717444717444	19.625307125307128	18.304668304668304	32.125307125307124	0.0
114.0	27.3959938366718	18.335901386748844	20.27734976887519	33.99075500770416	0.0
115.0	28.350833848054354	17.75787523162446	19.672637430512662	34.218653489808524	0.0
116.0	27.396835246664597	18.088737201365188	19.640086875581755	34.87434067638846	0.0
117.0	31.168019987507805	19.14428482198626	18.363522798251093	31.32417239225484	0.0
118.0	28.115216030056356	16.343143393863492	21.696931747025676	33.844708829054476	0.0
119.0	23.954731216598553	20.528135806350203	27.098396730587865	28.41873624646338	0.0
120.0	26.31080227416298	23.21541377132028	20.246367656348703	30.227416298168038	0.0
121.0	30.348101265822784	18.227848101265824	18.860759493670887	32.563291139240505	0.0
122.0	31.806615776081426	17.525445292620866	20.483460559796438	30.18447837150127	0.0
123.0	33.04597701149425	19.12515964240102	18.071519795657725	29.757343550446997	0.0
124.0	31.084106172049886	18.452190598017268	19.379597057882954	31.084106172049886	0.0
125.0	28.255291853752407	18.441308531109684	19.62796664528544	33.67543296985247	0.0
126.0	30.41519150305761	18.73189571934342	18.442227228838107	32.41068554876087	0.0
127.0	26.776485788113696	18.281653746770026	22.28682170542636	32.65503875968992	0.0
128.0	30.82901554404145	16.936528497409327	19.883419689119172	32.35103626943005	0.0
129.0	30.50682261208577	17.70630279402209	17.73879142300195	34.04808317089019	0.0
130.0	29.778212654924985	19.960861056751465	16.96020874103066	33.30071754729289	0.0
131.0	30.85245901639344	20.59016393442623	17.37704918032787	31.18032786885246	0.0
132.0	29.917898193760262	17.274220032840724	21.444991789819376	31.362889983579638	0.0
133.0	29.551451187335093	19.95382585751979	19.722955145118735	30.771767810026386	0.0
134.0	26.690981432360743	19.52917771883289	20.523872679045095	33.255968169761275	0.0
135.0	26.897470039946736	17.976031957390145	20.73901464713715	34.387483355525966	0.0
136.0	26.880641925777333	17.719826145101973	21.76529588766299	33.634236041457704	0.0
137.0	30.386554621848738	15.495798319327731	21.983193277310924	32.134453781512605	0.0
138.0	28.841607565011824	18.709895305639986	21.073961499493414	31.374535629854776	0.0
139.0	29.39579090291921	18.43177189409369	18.024439918533606	34.147997284453496	0.0
140.0	30.35470668485675	16.54160982264666	20.90723055934516	32.196452933151434	0.0
141.0	31.519507186858313	17.145790554414784	18.68583162217659	32.648870636550306	0.0
142.0	30.171821305841924	16.323024054982817	19.86254295532646	33.6426116838488	0.0
143.0	32.16879972327914	18.60947768938084	19.439640262884815	29.782082324455207	0.0
144.0	32.672923183872086	18.630517900590892	17.413972888425445	31.282586027111574	0.0
145.0	28.371767994409502	18.72816212438854	19.28721174004193	33.61285814116003	0.0
146.0	29.352014010507883	19.334500875656744	19.36952714535902	31.943957968476354	0.0
147.0	29.366197183098592	18.450704225352112	17.640845070422532	34.54225352112676	0.0
148.0	25.58303886925795	19.964664310954063	21.519434628975265	32.93286219081272	0.0
149.0	29.747060919130746	20.199501246882793	17.100106875667972	32.95333095831849	0.0
150.0	28.29581993569132	19.042515183994283	19.39978563772776	33.26187924258664	0.0
151.0	28.684116170670492	18.85980638221585	20.18644675510936	32.269630692004306	0.0
152.0	27.789776817854573	20.19438444924406	18.142548596112313	33.87329013678906	0.0
153.0	31.514275388507407	17.780990242139502	19.443440549331406	31.261293820021685	0.0
154.0	31.78519593613933	15.021770682148041	20.355587808417997	32.83744557329463	0.0
155.0	32.32286340394449	19.83199415631848	18.18845872899927	29.656683710737763	0.0
156.0	30.842490842490843	15.824175824175823	19.413919413919416	33.91941391941392	0.0
157.0	31.79977916820022	17.62973868237026	20.20610967979389	30.364372469635626	0.0
158.0	29.20517560073937	22.32902033271719	16.857670979667283	31.608133086876155	0.0
159.0	35.888888888888886	14.222222222222221	19.185185185185187	30.703703703703706	0.0
160.0	25.659116227255847	20.1262532491645	20.497586334942444	33.71704418863721	0.0
161.0	29.238237490664677	18.37191934279313	22.031366691560866	30.358476474981327	0.0
162.0	29.849624060150376	18.947368421052634	19.32330827067669	31.879699248120303	0.0
163.0	30.600680015111447	17.79372874952777	17.604835663014732	34.00075557234605	0.0
164.0	30.462822458270107	15.667678300455234	21.699544764795146	32.16995447647951	0.0
165.0	28.604031951312287	19.05667554203119	22.25180677063522	30.087485736021303	0.0
166.0	28.94234440626193	20.389461626575027	18.213058419243985	32.45513554791905	0.0
167.0	27.499042512447335	19.34124856376867	21.677518192263502	31.482190731520493	0.0
168.0	28.021555042340264	18.36027713625866	19.322555812163202	34.29561200923787	0.0
169.0	27.6168404789494	16.763229045963694	20.200849748937813	35.41908072614909	0.0
170.0	29.984484096198607	17.30023273855702	19.045771916214118	33.66951124903025	0.0
171.0	30.75126508369015	16.81588166601791	16.854807318022576	35.57804593226936	0.0
172.0	29.029733959311425	20.14866979655712	16.588419405320813	34.23317683881064	0.0
173.0	30.554463232402675	17.73495871018482	19.0326386158081	32.6779394416044	0.0
174.0	30.05529225908373	20.023696682464458	18.522906793048975	31.398104265402843	0.0
175.0	27.500000000000004	19.126984126984127	20.238095238095237	33.13492063492063	0.0
176.0	30.207501995211494	17.757382282521945	20.03192338387869	32.00319233838787	0.0
177.0	28.29659318637275	21.64328657314629	19.118236472945892	30.94188376753507	0.0
178.0	26.411290322580644	22.056451612903224	19.838709677419356	31.693548387096776	0.0
179.0	25.700365408038977	19.204222492894843	23.183110028420625	31.912302070645556	0.0
180.0	31.34936812066857	16.428862617203425	20.668569099062374	31.553200163065636	0.0
181.0	27.24661469019286	20.311858842839555	18.99876897825195	33.442757488715635	0.0
182.0	31.48760330578512	16.48760330578512	21.694214876033058	30.330578512396695	0.0
183.0	28.53577371048253	23.211314475873543	19.92512479201331	28.32778702163062	0.0
184.0	29.748953974895397	20.711297071129707	19.03765690376569	30.502092050209207	0.0
185.0	28.301093355761143	20.521446593776282	24.179983179142138	26.997476871320437	0.0
186.0	28.673986486486484	17.6097972972973	22.00168918918919	31.714527027027028	0.0
187.0	31.252653927813164	20.976645435244162	17.876857749469213	29.89384288747346	0.0
188.0	30.230572160546544	17.591801878736124	20.708795900939368	31.468830059777968	0.0
189.0	29.111206526406182	19.879776728209535	19.750966079862604	31.25805066552168	0.0
190.0	31.038961038961038	16.32034632034632	19.350649350649352	33.29004329004329	0.0
191.0	26.948193295602962	18.72006965607314	22.15933826730518	32.17239878101872	0.0
192.0	30.360281195079086	19.463971880492092	20.78207381370826	29.393673110720563	0.0
193.0	30.56169836355595	17.42591773551526	21.981424148606813	30.030959752321984	0.0
194.0	26.64590747330961	22.108540925266905	22.77580071174377	28.46975088967972	0.0
195.0	26.917900403768506	18.932256617317183	20.143562135486764	34.00628084342755	0.0
196.0	28.79746835443038	18.670886075949365	21.971066907775768	30.560578661844485	0.0
197.0	28.460128322639783	20.11915673693859	20.485792850595782	30.93492208982585	0.0
198.0	28.117591275486014	22.712185870080607	20.531057373162636	28.639165481270744	0.0
199.0	27.033855482566953	24.456796361798887	19.050025265285498	29.45932289034866	0.0
200.0	27.864897466827504	17.61158021712907	20.62726176115802	33.8962605548854	0.0
201.0	34.264585045193094	17.830731306491373	14.790468364831552	33.11421528348398	0.0
202.0	34.35430463576159	18.543046357615893	17.715231788079468	29.387417218543042	0.0
203.0	35.57772236076476	18.121363258520365	20.199501246882793	26.101413133832086	0.0
204.0	33.16540722082284	16.288832913518053	23.5936188077246	26.952141057934508	0.0
205.0	33.587786259541986	16.28498727735369	23.57930449533503	26.547921967769295	0.0
206.0	29.676870748299322	19.472789115646258	22.27891156462585	28.57142857142857	0.0
207.0	26.36986301369863	23.28767123287671	17.294520547945204	33.04794520547945	0.0
208.0	26.770293609671846	17.271157167530223	21.58894645941278	34.369602763385146	0.0
209.0	25.432525951557096	18.598615916955016	20.847750865051903	35.121107266435985	0.0
210.0	25.871080139372822	18.031358885017422	17.1602787456446	38.937282229965156	0.0
211.0	31.638913234005255	16.476774758983346	20.245398773006134	31.638913234005255	0.0
212.0	27.13656387665198	15.242290748898679	24.845814977973568	32.77533039647577	0.0
213.0	26.49420160570919	21.677074041034793	17.573595004460305	34.25512934879571	0.0
214.0	29.469901168014374	23.360287511230908	18.68823000898473	28.481581311769993	0.0
215.0	30.363636363636363	22.90909090909091	16.272727272727273	30.454545454545457	0.0
216.0	33.3028362305581	17.56633119853614	16.742909423604758	32.38792314730101	0.0
217.0	27.315247895229188	18.33489242282507	22.07670720299345	32.27315247895229	0.0
218.0	26.239067055393583	19.727891156462583	17.978620019436345	36.054421768707485	0.0
219.0	19.189765458422176	22.707889125799575	23.454157782515992	34.64818763326226	0.0
220.0	0.0	29.02208201892745	23.501577287066247	47.47634069400631	0.0
