# Position (bp)	A	C	G	T	N
0.0	24.5946458182903	25.216914506076098	25.102483643064076	25.085956032569523	0.0
1.0	26.913328380033384	22.25450227890002	16.091962614711168	34.740206726355424	0.0
2.0	28.31911290574391	22.69114865578593	17.733597346317403	31.256141092152756	0.0
3.0	22.849562485958486	23.149795568851278	16.56849576766167	37.432146177528566	0.0
4.0	32.17195238783097	15.298107368130928	16.093148901762127	36.436791342275974	0.0
5.0	34.10687825312351	15.631394399506227	26.42348899187991	23.838238355490347	0.0
6.0	30.803406907972715	18.021642112644166	22.47928119474183	28.695669784641293	0.0
7.0	34.623993774232254	18.65791411548082	21.936485349591866	24.78160676069506	0.0
8.0	22.455061391143023	27.107952926927574	23.415785800654582	27.02119988127482	0.0
9.0	26.431641056866575	19.456968430921933	16.04199272376675	38.069397788444746	0.0
10.0	25.957736359718698	17.646492461150373	26.468244666829126	29.9275265123018	0.0
11.0	27.583418050078386	20.24405394691497	20.624980494674965	31.54754750833168	0.0
12.0	24.799900265538025	22.42699032336675	21.03490772570234	31.738201685392887	0.0
13.0	27.69205026032554	22.74402240638938	19.682947996645417	29.88097933663967	0.0
14.0	30.20375511537524	19.907948146047904	19.8796114738456	30.00868526473125	0.0
15.0	29.742748833166555	19.80232058587024	22.339241261116374	28.115689319846826	0.0
16.0	26.81831130033951	19.77951180578473	19.93985387772502	33.46232301615074	0.0
17.0	29.647928053073073	18.404793097472176	20.317095164073816	31.630183685380935	0.0
18.0	32.90065265647586	18.099198605045554	20.070680657822482	28.929468080656097	0.0
19.0	30.05531544177652	19.619319136334088	21.242311581880198	29.08305384000919	0.0
20.0	29.7365071291548	18.439985683921435	20.240700691036313	31.58280649588745	0.0
21.0	28.843428846898306	20.868025144771014	20.12232411840911	30.166221889921573	0.0
22.0	30.793363740613373	19.206304253854086	22.595483131130898	27.404848874401644	0.0
23.0	29.505680282656233	21.96565203562552	21.94634591390831	26.58232176780994	0.0
24.0	31.299970982716456	20.69417044765634	19.45198834793383	28.553870221693373	0.0
25.0	28.054650102689312	22.23411170923752	21.130707922116816	28.580530265956348	0.0
26.0	29.59166971558414	17.368238624328434	23.499583997067727	29.540507663019692	0.0
27.0	25.464890746939407	21.27901479350252	25.576760011128822	27.67933444842925	0.0
28.0	27.04978555762653	21.36088735782693	20.31516953198508	31.274157552561455	0.0
29.0	25.732570207549937	23.599849667894865	17.744102087717188	32.923478036838006	0.0
30.0	26.835935408096706	21.126782582259146	16.33271609106358	35.70456591858056	0.0
31.0	32.56240907346623	17.25847471536277	19.363829606070972	30.815286605100034	0.0
32.0	32.432407489442134	17.012129803394092	25.467754536594793	25.087708170568984	0.0
33.0	30.67506622657954	19.427036096229163	21.687169643311325	28.210728033879974	0.0
34.0	33.88034881140569	18.531551103939332	22.592798573193683	24.9953015114613	0.0
35.0	28.63044330162166	22.64705840542578	24.344747293008947	24.37775099994361	0.0
