# Position (bp)	A	C	G	T	N
0.0	0.25316455696202533	0.0	71.39240506329114	28.354430379746837	0.0
1.0	28.10126582278481	0.0	0.7594936708860759	71.13924050632912	0.0
2.0	68.25	27.750000000000004	3.25	0.75	0.0
3.0	23.49397590361446	54.81927710843374	20.883534136546185	0.8032128514056224	0.0
4.0	74.24242424242425	0.1893939393939394	7.386363636363637	18.181818181818183	0.0
5.0	72.61029411764706	0.0	21.323529411764707	6.0661764705882355	0.0
6.0	47.10610932475884	0.1607717041800643	31.832797427652732	20.90032154340836	0.0
7.0	34.726688102893895	0.0	7.395498392282958	57.87781350482315	0.0
8.0	65.43408360128618	18.488745980707396	15.112540192926044	0.964630225080386	0.0
9.0	23.47266881028939	63.18327974276527	12.057877813504824	1.2861736334405145	0.0
10.0	20.739549839228296	45.98070739549839	0.0	33.27974276527331	0.0
11.0	47.90996784565916	2.8938906752411575	0.3215434083601286	48.87459807073955	0.0
12.0	62.37942122186495	34.08360128617363	0.0	3.536977491961415	0.0
13.0	22.186495176848876	65.43408360128618	0.0	12.379421221864952	0.0
14.0	76.52733118971061	23.47266881028939	0.0	0.0	0.0
15.0	60.932475884244376	37.942122186495176	0.3215434083601286	0.8038585209003215	0.0
16.0	6.752411575562702	73.63344051446946	1.1254019292604502	18.488745980707396	0.0
17.0	18.971061093247588	17.524115755627008	0.3215434083601286	63.18327974276527	0.0
18.0	32.154340836012864	3.536977491961415	18.488745980707396	45.81993569131833	0.0
19.0	9.163987138263666	12.057877813504824	59.0032154340836	19.774919614147908	0.0
20.0	16.881028938906752	0.482315112540193	22.668810289389068	59.967845659163984	0.0
21.0	13.02250803858521	19.131832797427652	46.463022508038584	21.382636655948552	0.0
22.0	16.559485530546624	43.89067524115756	13.504823151125404	26.04501607717042	0.0
23.0	38.58520900321543	0.3215434083601286	1.607717041800643	59.4855305466238	0.0
24.0	68.97106109324758	1.1254019292604502	1.2861736334405145	28.617363344051448	0.0
25.0	59.163987138263664	0.0	15.755627009646304	25.080385852090032	0.0
26.0	12.861736334405144	0.0	38.10289389067524	49.035369774919616	0.0
27.0	19.292604501607716	0.8038585209003215	51.60771704180064	28.29581993569132	0.0
28.0	45.659163987138264	18.006430868167204	14.630225080385854	21.70418006430868	0.0
29.0	1.4469453376205788	62.86173633440515	12.861736334405144	22.829581993569132	0.0
30.0	22.544642857142858	50.22321428571429	0.6696428571428571	26.5625	0.0
31.0	54.112554112554115	3.0303030303030303	0.0	42.857142857142854	0.0
32.0	22.22222222222222	41.77777777777778	2.666666666666667	33.33333333333333	0.0
33.0	78.48101265822784	20.253164556962027	0.6329113924050633	0.6329113924050633	0.0
34.0	77.87610619469027	15.04424778761062	1.7699115044247788	5.3097345132743365	0.0
35.0	14.432989690721648	80.41237113402062	5.154639175257731	0.0	0.0
