# Position (bp)	A	C	G	T	N
0.0	25.943423839188647	24.085561815604247	24.68101585469308	25.289998490514026	0.0
1.0	26.785857976360784	21.36079279534679	15.891108696890713	35.96224053140171	0.0
2.0	28.962375962425874	20.710377219072452	17.344286906897562	32.98295991160411	0.0
3.0	23.507349355243495	22.574794964065383	15.560890799626446	38.35696488106468	0.0
4.0	33.59298027689021	13.876367040472951	15.438025313473444	37.0926273691634	0.0
5.0	34.73421162861175	15.353446385204977	24.3405986804637	25.571743305719576	0.0
6.0	31.715344638869407	17.65825354019393	21.46424201163811	29.162159809298554	0.0
7.0	35.273155171857255	17.90159938415249	20.802205939172342	26.023039504817913	0.0
8.0	23.43831890063003	26.82999928594555	22.949162257624977	26.782519555799446	0.0
9.0	26.991962485731136	19.263721827862014	15.65408854862075	38.0902271377861	0.0
10.0	26.695796175602617	17.032683152521052	24.792792158312718	31.47872851356361	0.0
11.0	28.030628045124327	19.484041861197596	19.34260039067582	33.14272970300225	0.0
12.0	25.40012970358915	21.093461902260618	20.357535866563765	33.14887252758646	0.0
13.0	26.84766479740906	21.803173336228674	19.36582183265498	31.98334003370728	0.0
14.0	30.372394068066015	19.10142605477091	19.81884536417266	30.707334512990407	0.0
15.0	29.48757300717674	18.809739702699027	21.1182875213605	30.58439976876374	0.0
16.0	28.844669681345863	18.731663228445584	18.868468235825773	33.55519885438278	0.0
17.0	29.616963586157517	18.26561064860598	20.273140499505544	31.84428526573096	0.0
18.0	32.27248317814876	17.85953864257271	19.465339503546307	30.402638675732224	0.0
19.0	30.85857711445706	18.866355417178976	20.29577504741615	29.97929242094781	0.0
20.0	29.859213894521442	17.701175059740926	20.6856487771573	31.75396226858033	0.0
21.0	29.239453758127258	19.054200645387844	20.190505814652983	31.51583978183191	0.0
22.0	30.144209654211796	18.91440247825802	23.16958010663865	27.77180776089153	0.0
23.0	29.605127889108324	20.58370527744928	21.721692876377613	28.089473957064786	0.0
24.0	33.29618293879379	19.639470973686603	17.90318399813759	29.16116208938201	0.0
25.0	29.314067557376234	21.15093839470778	20.285758721979477	29.249235325936514	0.0
26.0	31.0812838503381	16.969239903710246	23.234216706722187	28.715259539229464	0.0
27.0	26.350722026427842	20.844364496430217	24.964673867856888	27.840239609285057	0.0
28.0	27.372993678172726	20.007668749162452	19.645261661829682	32.97407591083514	0.0
29.0	27.83575965122842	21.023034614034007	17.585556928235572	33.555648806502006	0.0
30.0	26.832670564476764	19.221531813493197	16.397364136304954	37.548433485725084	0.0
31.0	34.09369436712534	15.121676780989663	19.032526482477795	31.752102369407204	0.0
32.0	33.829194436254674	15.626772777035363	23.35391743009727	27.190115356612694	0.0
33.0	31.221232934451432	17.933869368519506	20.928534440193808	29.91636325683525	0.0
34.0	32.70594875180751	17.42476801105913	22.066502636687353	27.80278060044601	0.0
35.0	26.960303295667714	20.947760066144504	25.28296445621927	26.80897218196851	0.0
