# Position (bp)	A	C	G	T	N
0.0	25.642433140658504	24.644448069650995	24.46345718312633	25.24966160656417	0.0
1.0	27.755977549193805	21.902028303065308	16.51036637611126	33.83162777162963	0.0
2.0	28.506529003588525	22.059229803880076	18.733082342153292	30.701158850378103	0.0
3.0	21.787284689390685	23.328814978895977	16.69851555526168	38.185384776451656	0.0
4.0	32.83707413254425	14.3779508701922	16.0212187171947	36.76375628006885	0.0
5.0	34.89473950976136	14.566488679878677	26.04542446139347	24.493347348966495	0.0
6.0	28.647296686829954	18.70051454952126	23.279601288393806	29.37258747525498	0.0
7.0	34.47775610866874	18.323472052358444	22.06951009449935	25.129261744473457	0.0
8.0	21.456164126973633	27.154552165625446	22.93869845782053	28.45058524958039	0.0
9.0	26.365649687634285	18.511295482174404	15.391384509157954	39.731670321033356	0.0
10.0	25.76692118687954	17.69602280030998	25.4326292709263	31.104426741884183	0.0
11.0	28.320497140779427	19.82899767516169	19.676432456652602	32.17407272740628	0.0
12.0	25.915593311223496	20.264216220980842	20.490676774020574	33.329513693775084	0.0
13.0	27.11679649768434	22.242054966082335	20.081387704433354	30.55976083179997	0.0
14.0	29.947443228770698	19.813719116928716	19.880489354591095	30.358348299709487	0.0
15.0	30.128582289359734	19.45467299845378	22.620860373810494	27.79588433837599	0.0
16.0	24.899789552551262	21.05532233717868	19.287269949353046	34.75761816091701	0.0
17.0	28.412095035570395	18.072698024438345	20.60871832729169	32.90648861269957	0.0
18.0	32.0605853597623	18.10516496068342	20.380788682114172	29.453460997440107	0.0
19.0	30.763670820524684	19.722708858992863	20.188264157457294	29.325356163025155	0.0
20.0	30.010467281481727	18.301215306470983	18.951362032048245	32.736955379999046	0.0
21.0	29.681978279472744	19.52658505859841	19.91391120072573	30.877525461203113	0.0
22.0	31.10273728592573	19.518945779481925	21.23807739911928	28.140239535473064	0.0
23.0	29.875310804805398	21.976883835211936	20.955277162595447	27.192528197387222	0.0
24.0	31.383333884242887	20.686359846773687	19.216459708311756	28.71384656067167	0.0
25.0	29.013247538352488	22.79722488495172	20.249966027244316	27.93956154945148	0.0
26.0	30.98183100298593	18.017827433092034	22.658616041751596	28.341725522170435	0.0
27.0	26.240189219067346	21.71222688658976	25.93873151239363	26.108852381949266	0.0
28.0	26.501393801165722	20.852220349129745	20.773036282903075	31.87334956680146	0.0
29.0	26.485601060684523	22.769091770513118	17.130863054903646	33.61444411389871	0.0
30.0	26.105047874433986	21.096679504298216	16.661185844028296	36.1370867772395	0.0
31.0	32.48461368164711	17.77440779278282	18.633458785329495	31.107519740240576	0.0
32.0	32.31990200263554	16.734980233486144	24.41478126914011	26.53033649473821	0.0
33.0	28.80083359082328	17.34519967311933	23.78876351446342	30.065203221593972	0.0
34.0	33.908014529442724	17.92643222356158	22.799943349979642	25.365609897016057	0.0
35.0	26.236807678701297	26.288990811411406	23.349721396018104	24.124480113869197	0.0
