# Position (bp)	A	C	G	T	N
0.0	24.83377659574468	29.654255319148938	23.238031914893618	22.273936170212767	0.0
1.0	28.82197220383852	13.765718067504965	19.42422236929186	37.988087359364656	0.0
2.0	26.964814205853337	19.829003617231177	18.15192370930615	35.05425846760934	0.0
3.0	33.48638897999344	18.72745162348311	19.15382092489341	28.632338471630042	0.0
4.0	33.75816993464053	17.058823529411764	19.901960784313726	29.28104575163399	0.0
5.0	34.32010409889395	17.56668835393624	18.73780091086532	29.37540663630449	0.0
6.0	24.82154445165477	18.786502271252434	16.969500324464633	39.42245295262816	0.0
7.0	25.453367875647672	20.2720207253886	20.207253886010363	34.067357512953365	0.0
8.0	26.901910003237294	19.456134671414695	19.779864033667856	33.86209129168016	0.0
9.0	35.11326860841424	16.472491909385116	19.838187702265373	28.576051779935273	0.0
10.0	30.93851132686084	20.679611650485437	19.902912621359224	28.478964401294498	0.0
11.0	27.28155339805825	19.514563106796118	20.258899676375407	32.94498381877023	0.0
12.0	28.155339805825243	18.284789644012946	20.64724919093851	32.9126213592233	0.0
13.0	29.870550161812297	18.802588996763753	19.41747572815534	31.909385113268605	0.0
14.0	28.6084142394822	18.7378640776699	20.388349514563107	32.26537216828479	0.0
15.0	29.967637540453072	17.540453074433657	21.941747572815533	30.550161812297734	0.0
16.0	29.19093851132686	19.514563106796118	19.57928802588997	31.715210355987054	0.0
17.0	30.42071197411003	18.802588996763753	19.35275080906149	31.423948220064723	0.0
18.0	30.29126213592233	18.640776699029125	20.45307443365696	30.61488673139159	0.0
19.0	29.838187702265373	19.19093851132686	19.41747572815534	31.55339805825243	0.0
20.0	30.1294498381877	20.06472491909385	17.831715210355988	31.974110032362457	0.0
21.0	31.55339805825243	18.18770226537217	18.478964401294498	31.779935275080906	0.0
22.0	30.41087026852151	18.246522161112907	19.508249757360076	31.834357813005496	0.0
23.0	30.054998382400516	18.14946619217082	19.961177612423164	31.834357813005496	0.0
24.0	29.440310579100615	19.184729860886446	20.38175347783889	30.99320608217405	0.0
25.0	30.47557424781624	18.9582659333549	18.9582659333549	31.60789388547396	0.0
26.0	28.728566806858623	18.14946619217082	20.090585571012618	33.03138142995794	0.0
27.0	29.01973471368489	19.670009705596893	20.090585571012618	31.219670009705595	0.0
28.0	30.47557424781624	16.628922678744743	19.54060174700744	33.35490132643157	0.0
29.0	29.246198641216438	18.27887415076027	19.670009705596893	32.8049175024264	0.0
30.0	28.146230993206085	18.408282109349724	21.158201229375607	32.28728566806859	0.0
31.0	29.86088644451634	18.57004205758654	20.155289550307344	31.413781947589776	0.0
32.0	29.569718537690072	18.828857974765448	19.281785829828536	32.31963765771595	0.0
33.0	29.310902620511158	18.66709802652863	20.802329343254613	31.219670009705595	0.0
34.0	28.63151083791653	19.184729860886446	19.378841798770623	32.8049175024264	0.0
35.0	30.443222258168877	19.152377871239082	18.05241022322873	32.35198964736331	0.0
36.0	29.699126496279522	18.05241022322873	20.187641539954708	32.060821740537044	0.0
37.0	29.052086703332254	20.38175347783889	19.34648980912326	31.219670009705595	0.0
38.0	30.28146230993206	20.44645745713361	18.37593011970236	30.89615011323196	0.0
39.0	29.957942413458426	18.181818181818183	19.83176965383371	32.028469750889684	0.0
40.0	29.925590423811066	18.117114202523453	20.058233581365254	31.899061792300227	0.0
41.0	28.243286962148172	19.896473633128437	20.12293756065998	31.73730184406341	0.0
42.0	29.569718537690072	18.699450016175994	19.670009705596893	32.060821740537044	0.0
43.0	30.313814299579423	17.923002264639276	19.217081850533805	32.54610158524749	0.0
44.0	30.152054351342606	19.83176965383371	18.796505985118085	31.219670009705595	0.0
45.0	29.66677450663216	18.76415399547072	19.605305726302166	31.963765771594954	0.0
46.0	30.2491103202847	17.890650274991913	19.83176965383371	32.028469750889684	0.0
47.0	29.246198641216438	18.66709802652863	19.605305726302166	32.481397605952765	0.0
48.0	28.793270786153347	18.246522161112907	20.70527337431252	32.254933678421224	0.0
49.0	30.184406340989973	18.699450016175994	19.993529602070527	31.12261404076351	0.0
50.0	29.28409459021704	18.950437317784257	20.796890184645285	30.968577907353417	0.0
51.0	29.425138031828517	18.187723286781424	21.143228320883402	31.24391036050666	0.0
52.0	29.762292412894826	18.235102572451968	20.644741126668837	31.357863887984372	0.0
53.0	28.15565729234794	20.07848266841073	19.62066710268149	32.14519293655984	0.0
54.0	30.812049770792406	18.36935166994106	20.39947609692207	30.41912246234447	0.0
55.0	28.018372703412076	19.19291338582677	20.50524934383202	32.28346456692913	0.0
56.0	29.864998353638462	17.813631873559434	21.04050049390846	31.280869278893647	0.0
57.0	29.788639365918097	18.262879788639367	19.583883751651253	32.36459709379128	0.0
58.0	29.057851239669418	19.140495867768596	20.231404958677686	31.5702479338843	0.0
59.0	29.053606882859036	18.630046326935805	20.350761085373925	31.96558570483124	0.0
60.0	29.52286282306163	19.31742876076872	20.01325381047051	31.146454605699137	0.0
61.0	29.316069057104915	19.289508632138112	19.322709163346612	32.07171314741036	0.0
62.0	28.309436478826278	18.50616872290764	19.873291097032343	33.31110370123375	0.0
63.0	30.45804078903377	18.35506519558676	20.528251420929454	30.658642594450015	0.0
64.0	30.238015420717403	20.51625879986591	19.40998994301039	29.8357358364063	0.0
65.0	29.63709677419355	18.951612903225808	19.657258064516128	31.75403225806452	0.0
66.0	31.692515171948756	18.67835468644639	19.521240728253538	30.107889413351312	0.0
67.0	31.216216216216214	18.9527027027027	19.56081081081081	30.270270270270274	0.0
68.0	30.949152542372882	18.610169491525426	20.23728813559322	30.203389830508478	0.0
69.0	29.629629629629626	17.906897723411486	21.066938498131158	31.396534148827726	0.0
70.0	30.572597137014313	18.609406952965234	18.47307430129516	32.34492160872529	0.0
71.0	30.338230269900922	19.063887939870174	18.619747181414418	31.978134608814486	0.0
72.0	29.609321453050036	17.957505140507195	20.870459218642907	31.562714187799862	0.0
73.0	29.79016167870657	19.09184726522188	21.224630202958377	29.893360853113176	0.0
74.0	27.93103448275862	19.689655172413794	19.517241379310345	32.862068965517246	0.0
75.0	30.487383339094364	18.423781541652264	19.184237815416523	31.904597303836844	0.0
76.0	29.12049861495845	19.286703601108034	19.84072022160665	31.752077562326868	0.0
77.0	29.520166898470094	19.401947148817804	18.741307371349095	32.33657858136301	0.0
78.0	29.05923344947735	18.397212543554005	20.209059233449477	32.33449477351916	0.0
79.0	30.136506825341268	18.515925796289814	19.950997549877496	31.396569828491423	0.0
80.0	30.337078651685395	19.31179775280899	18.469101123595504	31.88202247191011	0.0
81.0	31.5511783327471	18.32571227576504	18.185015828350334	31.93809356313753	0.0
82.0	29.040225829216652	19.93648553281581	20.18348623853211	30.839802399435428	0.0
83.0	29.29078014184397	19.858156028368796	19.50354609929078	31.347517730496456	0.0
84.0	30.700818214158666	17.858413376022767	20.24190679473497	31.1988616150836	0.0
85.0	30.114041339985743	19.03064861012117	19.208838203848895	31.64647184604419	0.0
86.0	29.07725321888412	18.490701001430615	19.70672389127325	32.72532188841202	0.0
87.0	31.10871905274489	17.330462863293864	19.268030139935412	32.29278794402583	0.0
88.0	29.96402877697842	18.41726618705036	19.71223021582734	31.906474820143888	0.0
89.0	30.25270758122744	17.79783393501805	20.108303249097474	31.841155234657037	0.0
90.0	29.767947788252357	19.97824510514866	19.724437998549675	30.52936910804931	0.0
91.0	30.225782957028407	18.827385287691186	19.19155134741442	31.75528040786599	0.0
92.0	29.989055089383438	19.117110543597228	19.481940897482673	31.41189346953667	0.0
93.0	29.65946539729037	18.45477846942512	20.688392530208716	31.197363603075797	0.0
94.0	30.297466030113846	19.831068674256336	18.10503121557106	31.766434080058758	0.0
95.0	31.16022099447514	18.52670349907919	18.41620626151013	31.896869244935544	0.0
96.0	30.663700407860585	18.205413422321097	19.799777530589544	31.331108639228773	0.0
97.0	30.743494423791823	17.843866171003718	20.520446096654275	30.892193308550187	0.0
98.0	29.622711991034738	19.125887187149797	20.24654463952185	31.00485618229361	0.0
99.0	29.996236356793375	19.947308995107264	18.93112532931878	31.12532931878058	0.0
100.0	29.954614220877456	18.15431164901664	20.158850226928895	31.732223903177005	0.0
101.0	30.243161094224924	18.958966565349545	20.89665653495441	29.901215805471125	0.0
102.0	29.744177166857575	19.129438717067583	20.313096601756396	30.813287514318443	0.0
103.0	30.580099884748368	17.940837495197847	18.939684978870535	32.53937764118325	0.0
104.0	29.498069498069494	19.613899613899612	20.733590733590734	30.154440154440152	0.0
105.0	30.431403031480762	18.499805674310142	20.520792848814615	30.54799844539448	0.0
106.0	29.678935003915424	19.694596711041505	19.57713390759593	31.049334377447142	0.0
107.0	29.08805031446541	19.45754716981132	20.715408805031448	30.738993710691826	0.0
108.0	29.541864139020536	19.865718799368086	19.431279620853083	31.161137440758296	0.0
109.0	29.62376237623762	18.217821782178216	19.643564356435643	32.51485148514852	0.0
110.0	27.450199203187253	18.366533864541832	21.07569721115538	33.10756972111554	0.0
111.0	29.923786602486963	17.849979943842758	20.01604492579222	32.21018852787806	0.0
112.0	29.801860088960773	18.31783259199353	19.773554387383744	32.106752931661944	0.0
113.0	28.792822185970635	19.168026101141926	20.880913539967374	31.158238172920065	0.0
114.0	31.61131611316113	18.36818368183682	19.106191061910618	30.91430914309143	0.0
115.0	30.418566100290096	20.058019063406547	18.89763779527559	30.625777041027767	0.0
116.0	31.361932528113286	17.326114119117033	19.117034568929615	32.194918783840066	0.0
117.0	28.24905975762641	19.72419557041371	20.26744671959883	31.759297952361052	0.0
118.0	29.99157540016849	18.702611625947767	19.88205560235889	31.42375737152485	0.0
119.0	29.791755206119845	18.06204844878878	20.22949426264343	31.91670208244794	0.0
120.0	32.080307560871425	18.154634771465187	19.222554463904316	30.542503203759075	0.0
121.0	29.454701588664662	19.965650493774152	19.622155431515672	30.957492486045513	0.0
122.0	29.07279029462738	18.587521663778166	19.670710571923745	32.668977469670715	0.0
123.0	29.354980254497587	19.087318999561212	19.218955682316803	32.338745063624394	0.0
124.0	28.716814159292035	20.530973451327434	20.13274336283186	30.619469026548675	0.0
125.0	29.955357142857142	18.88392857142857	18.482142857142858	32.67857142857143	0.0
126.0	30.29345372460497	18.510158013544018	21.489841986455982	29.706546275395034	0.0
127.0	29.478976234003657	18.601462522851918	19.926873857404022	31.992687385740403	0.0
128.0	30.69810448451225	20.018492834026816	19.371243643088302	29.912159038372632	0.0
129.0	31.013545072396077	18.402615600186827	19.850537132181223	30.733302195235872	0.0
130.0	30.14671083767156	20.444865120681495	19.356365357311876	30.05205868433507	0.0
131.0	31.04106972301815	17.95606494746896	19.675262655205348	31.32760267430755	0.0
132.0	29.406084017382906	19.94205697730565	21.004345726702077	29.647513278609367	0.0
133.0	30.585365853658537	19.609756097560975	19.170731707317074	30.634146341463413	0.0
134.0	30.394088669950737	19.458128078817737	19.014778325123153	31.133004926108377	0.0
135.0	28.997020854021848	19.761668321747766	18.71896722939424	32.522343594836144	0.0
136.0	29.724310776942353	18.99749373433584	19.348370927318296	31.929824561403507	0.0
137.0	28.85295603840323	18.89843355229914	19.909044972208186	32.33956543708944	0.0
138.0	31.37455288707205	18.34440470107307	18.90648952478283	31.37455288707205	0.0
139.0	30.59006211180124	18.788819875776397	19.824016563146998	30.79710144927536	0.0
140.0	26.896912611198324	20.251177394034535	18.94296180010466	33.90894819466248	0.0
141.0	29.804129168872418	17.046056114346214	17.628374801482266	35.521439915299105	0.0
142.0	35.32870122928915	15.980758952431854	19.02725815072154	29.663281667557456	0.0
143.0	34.559221200649	17.414818820984316	19.091400757166035	28.93455922120065	0.0
144.0	38.75545851528384	17.139737991266376	15.502183406113538	28.602620087336245	0.0
145.0	31.143014908890116	19.271120927664274	15.405853119823302	34.18001104362231	0.0
146.0	29.575892857142854	20.479910714285715	18.247767857142858	31.69642857142857	0.0
147.0	29.22555115884681	19.502543810062182	21.650650084793668	29.62125494629734	0.0
148.0	29.665898617511523	17.79953917050691	26.61290322580645	25.921658986175117	0.0
149.0	38.69641808573106	16.559013505578392	21.96124486200822	22.783323546682325	0.0
150.0	16.046039268788086	25.93094109681787	37.982396750169265	20.040622884224778	0.0
