# Position (bp)	A	C	G	T	N
0.0	48.00235017626322	11.613787700744222	17.64590677634156	22.737955346651	0.0
1.0	15.80184061092618	46.66144507538672	18.680242803994517	18.85647150969258	0.0
2.0	20.762794317960694	42.61529480443666	14.788869429850166	21.83304144775248	0.0
3.0	48.57253835696252	14.857253835696252	16.79937852010099	19.77082928724024	0.0
4.0	47.556245151280066	13.266097750193948	16.38867339022498	22.788983708301007	0.0
5.0	21.283194417522775	42.5857724365187	14.673386315177359	21.45764683078116	0.0
6.0	19.94191674733785	43.310745401742494	14.811229428848016	21.936108422071637	0.0
7.0	51.306367331139924	13.83781691503774	15.69576156377008	19.160054190052257	0.0
8.0	48.520595629472055	18.719783407464707	12.87952040224328	19.880100560819958	0.0
9.0	22.168534982605333	42.96482412060301	13.664476227290297	21.202164669501354	0.0
10.0	20.26661514683153	13.060278207109738	15.011591962905719	51.66151468315301	0.0
11.0	19.09353905496625	16.547733847637417	13.55834136933462	50.80038572806171	0.0
12.0	19.206318628395298	13.041803120785975	16.740512425351568	51.01136582546716	0.0
13.0	20.58484032320123	40.092343208926515	14.871104270873412	24.451712196998844	0.0
14.0	20.406987905548092	13.476674985601845	45.26780572086773	20.848531387982337	0.0
15.0	43.435887636155165	16.892795719472577	17.2367666730365	22.434549971335755	0.0
16.0	19.278488261118536	16.4726092765795	15.48005344531399	48.76884901698798	0.0
17.0	22.641509433962266	40.080045740423095	15.704211930627023	21.574232894987613	0.0
18.0	19.900971243572652	14.549609598171775	18.358407922300515	47.19101123595505	0.0
19.0	22.198972798173862	43.69412212288377	14.266692029674719	19.840213049267643	0.0
20.0	21.755652669580087	17.081512445373363	14.592437773133193	46.57039711191336	0.0
21.0	20.993741703015363	16.366394841646123	15.93021050635312	46.7096529489854	0.0
22.0	19.51957631927369	13.353508606014753	42.55721581236996	24.569699262341594	0.0
23.0	21.710402114404378	16.34887672267321	14.744194827260715	47.196526335661694	0.0
24.0	47.73670313089401	13.202565069784985	13.881554130516784	25.179177668804225	0.0
25.0	22.639019792648448	13.609802073515551	40.69745523091423	23.053722902921773	0.0
26.0	50.78169146731965	13.015633829346394	14.239969862497645	21.962704840836317	0.0
27.0	19.281414597441685	17.92701279157261	11.963882618510159	50.82768999247554	0.0
28.0	20.31543372136688	41.62598573037927	10.852422080360496	27.206158467893353	0.0
29.0	25.651114858534758	11.63575042158516	11.898070076822185	50.815064643057895	0.0
30.0	22.15118465588567	15.287702143663031	39.657766077472736	22.903347122978563	0.0
31.0	22.276667923105915	12.250282698831512	13.51300414624953	51.96004523181305	0.0
32.0	20.577069096431284	11.712224753227032	15.394836750189825	52.31586940015186	0.0
33.0	23.84055193560751	40.68608662322729	12.610195477194328	22.863165963970868	0.0
34.0	23.773802654356608	13.944989421042509	14.17580303904597	48.10540488555491	0.0
35.0	20.096432015429123	42.08293153326905	15.15911282545805	22.66152362584378	0.0
36.0	22.816846986089644	14.528593508500773	13.350077279752703	49.304482225656876	0.0
37.0	47.03258339798293	14.138867339022498	16.330488750969742	22.498060512024825	0.0
38.0	47.85144857087303	15.74956251215244	13.863503791561346	22.53548512541318	0.0
39.0	50.25272161741835	15.41601866251944	10.419906687402799	23.91135303265941	0.0
40.0	21.26829268292683	41.326829268292684	15.960975609756098	21.44390243902439	0.0
41.0	20.423092131277183	12.495057334914986	45.492289442467374	21.58956109134045	0.0
42.0	49.950406665344175	12.973616345963102	14.302717714739138	22.77325927395358	0.0
43.0	51.216593538093335	13.721579577183885	13.103310729956123	21.958516154766652	0.0
44.0	22.55865249649088	41.74854622017245	14.27712051333467	21.415680770002005	0.0
45.0	30.194971780400202	17.62442278091329	14.956387891226269	37.224217547460235	0.0
46.0	25.690308608554414	16.89225771521386	22.116946399566864	35.30048727666486	0.0
47.0	32.9879585550266	18.566227947353685	18.06216746009521	30.383646037524503	0.0
48.0	26.72655811341943	19.34306569343066	19.988770353733855	33.941605839416056	0.0
49.0	26.698618550888074	19.875951508316888	20.073301381449113	33.35212855934593	0.0
50.0	24.526166902404526	24.328147100424328	19.688826025459687	31.45685997171146	0.0
51.0	28.15699658703072	17.804323094425484	17.093287827076225	36.94539249146758	0.0
52.0	28.51862382712539	17.25902758032414	21.125959624680124	33.09638896787035	0.0
53.0	32.036613272311214	19.021739130434785	21.85354691075515	27.088100686498855	0.0
54.0	29.750644883920895	22.499283462310117	16.251074806534824	31.49899684723416	0.0
55.0	30.941446613088402	16.905855338691158	21.21125143513203	30.941446613088402	0.0
56.0	27.08393423709259	18.71935390827805	20.82492068070378	33.37179117392559	0.0
57.0	30.229184798375396	19.698288366695678	19.147084421235856	30.925442413693066	0.0
58.0	27.264782988639674	20.273812991552578	21.205942324497524	31.25546169531022	0.0
59.0	24.897480960749853	25.77621558289397	20.738137082601053	28.588166373755126	0.0
60.0	27.31006160164271	18.832502200058666	17.95247873276621	35.90495746553242	0.0
61.0	29.7559541311379	17.465451337841813	23.463687150837988	29.314907380182298	0.0
62.0	29.460336184016516	20.436449424948393	21.91094072544972	28.192273665585372	0.0
63.0	33.581201665675195	18.530636525877455	20.017846519928614	27.87031528851874	0.0
64.0	29.478390461997016	20.08941877794337	22.891207153502236	27.54098360655738	0.0
65.0	28.288882229547497	19.388672460293677	21.306562780940965	31.01588252921786	0.0
66.0	29.539951573849876	16.52542372881356	21.428571428571427	32.506053268765136	0.0
67.0	27.85041045910611	16.90483429613864	20.58376406202493	34.660991182730314	0.0
68.0	26.399510553686145	19.210767818904863	20.281431630468035	34.10828999694096	0.0
69.0	27.683789603199017	20.270685942786834	22.239310981236542	29.80621347277761	0.0
70.0	28.540440037186244	21.97087077781221	19.553765106910443	29.934924078091107	0.0
71.0	26.764065899906747	19.925396331986324	21.728318308983525	31.582219459123408	0.0
72.0	27.632398753894083	18.09968847352025	19.626168224299064	34.64174454828661	0.0
73.0	27.710090596688534	19.462667916276164	19.743830053108404	33.0834114339269	0.0
74.0	31.0929648241206	16.771356783919597	22.36180904522613	29.773869346733665	0.0
75.0	29.461756373937675	19.798552093169658	21.97041233868429	28.769279194208373	0.0
76.0	29.153506001263423	21.667719519898927	16.20341124447252	32.975363234365126	0.0
77.0	29.66824644549763	19.842022116903635	18.95734597156398	31.532385466034757	0.0
78.0	29.50507614213198	19.13071065989848	19.796954314720814	31.567258883248734	0.0
79.0	27.191584316225693	23.366273509722664	18.58463500159388	30.85750717245776	0.0
80.0	30.316597377678285	21.20243044451551	19.571474256475856	28.909497921330345	0.0
81.0	27.336973980083524	18.278188242852554	18.76003854802441	35.62479922903951	0.0
82.0	31.85328185328185	16.89189189189189	21.396396396396398	29.858429858429858	0.0
83.0	29.244673983214973	20.07746933505487	20.91672046481601	29.761136216914135	0.0
84.0	29.198966408268735	17.667958656330747	19.25064599483204	33.882428940568474	0.0
85.0	32.99902944031058	17.373018440634098	21.514073115496604	28.11387900355872	0.0
86.0	28.98832684824903	18.514915693904022	24.3514915693904	28.14526588845655	0.0
87.0	31.847755367599216	18.47755367599219	20.396877033181525	29.277813923227065	0.0
88.0	33.583061889250814	18.599348534201955	17.36156351791531	30.456026058631924	0.0
89.0	31.188765512736772	17.798824297844547	18.28870019595036	32.72370999346832	0.0
90.0	30.839594903626267	18.000653381247957	19.764782750735055	31.394968964390724	0.0
91.0	30.965630114566284	20.360065466448447	16.792144026186577	31.882160392798692	0.0
92.0	30.99606815203145	18.2175622542595	18.250327653997378	32.536041939711666	0.0
93.0	31.877872619829283	18.51608667104399	20.15758371634931	29.448456992777412	0.0
94.0	28.425559947299078	16.76548089591568	19.92753623188406	34.88142292490119	0.0
95.0	30.204216073781293	18.346508563899867	21.21212121212121	30.237154150197625	0.0
96.0	26.855823160673044	16.826129990102277	20.752226987792806	35.56581986143187	0.0
97.0	31.272727272727273	18.90909090909091	20.330578512396695	29.487603305785125	0.0
98.0	31.179589131875414	22.432074221338635	18.2571239231279	28.13121272365805	0.0
99.0	32.24734042553192	18.75	18.05186170212766	30.950797872340424	0.0
100.0	34.76078956172633	14.05152224824356	18.400802944128472	32.78688524590164	0.0
101.0	32.649630127774046	19.468728984532614	18.59448554135844	29.287155346334902	0.0
102.0	31.2902133423637	16.153064679986453	21.23264476803251	31.32407720961734	0.0
103.0	28.38205302515296	20.564242012236576	20.734194425560844	30.319510537049627	0.0
104.0	28.473648186173854	18.61738535249829	21.66324435318275	31.245722108145106	0.0
105.0	28.76288659793814	21.477663230240548	18.625429553264606	31.1340206185567	0.0
106.0	29.27586206896552	17.79310344827586	20.275862068965516	32.6551724137931	0.0
107.0	30.636237897648687	18.153526970954356	19.778699861687414	31.431535269709542	0.0
108.0	32.105628908964555	20.32661570535094	15.774843641417652	31.79291174426685	0.0
109.0	27.67295597484277	19.671558350803632	20.894479385045422	31.761006289308174	0.0
110.0	25.402943237561317	21.268395234758234	20.60266292922214	32.725998598458304	0.0
111.0	28.35558678847505	18.83345045678145	19.184820801124385	33.62614195361912	0.0
112.0	24.84121383203952	20.25405786873677	21.594918842625265	33.30980945659845	0.0
113.0	30.30840127614321	18.4686281460475	19.00035448422545	32.22261609358383	0.0
114.0	29.193433261955747	17.34475374732334	22.1627408993576	31.29907209136331	0.0
115.0	29.129344321031887	18.093873163740597	19.4912217843067	33.285560730920814	0.0
116.0	28.880086424198776	20.813827871804104	17.933021245948865	32.373064458048255	0.0
117.0	30.899891579327793	18.90133718829057	17.636429345861945	32.5623418865197	0.0
118.0	27.67500906782735	15.415306492564381	22.488211824446864	34.421472615161406	0.0
119.0	21.935249181520554	23.754092397235357	28.373954165150966	25.936704256093122	0.0
120.0	26.59613279824881	20.2480846406421	23.60452389638818	29.551258664720905	0.0
121.0	30.143014301430142	17.63843050971764	18.995232856618998	33.223322332233224	0.0
122.0	27.497235532620717	19.572429045337262	23.258385551050498	29.671949870991522	0.0
123.0	32.23781388478582	19.64549483013294	18.870014771048744	29.246676514032494	0.0
124.0	32.445431002589714	18.682944876063633	19.829818719940807	29.041805401405846	0.0
125.0	28.247115742463713	19.873464830666173	20.692221808708595	31.187197618161516	0.0
126.0	32.21351250466592	18.103770063456516	19.783501306457634	29.89921612541993	0.0
127.0	28.207051762940733	19.692423105776445	24.493623405851466	27.60690172543136	0.0
128.0	30.03400075557235	19.38043067623725	20.589346429920667	29.99622213826974	0.0
129.0	28.826433725788075	20.394986707178123	17.85036080516521	32.928218761868585	0.0
130.0	28.838095238095242	20.19047619047619	17.523809523809526	33.44761904761905	0.0
131.0	30.187237294612153	21.207489491784486	20.557890714558656	28.04738249904471	0.0
132.0	28.516525749423522	19.715603382013835	21.944657955418908	29.82321291314374	0.0
133.0	29.884169884169886	21.62162162162162	19.15057915057915	29.343629343629345	0.0
134.0	24.573643410852714	22.28682170542636	20.891472868217054	32.248062015503876	0.0
135.0	25.31104199066874	16.757387247278384	18.934681181959565	38.99688958009332	0.0
136.0	24.141965678627145	20.826833073322934	20.553822152886113	34.477379095163805	0.0
137.0	28.980392156862745	16.54901960784314	20.588235294117645	33.88235294117647	0.0
138.0	30.511811023622048	17.67716535433071	21.25984251968504	30.551181102362207	0.0
139.0	28.955696202531644	17.049050632911392	22.349683544303797	31.645569620253166	0.0
140.0	26.828298887122415	19.952305246422895	21.54213036565978	31.67726550079491	0.0
141.0	30.630990415335464	17.85143769968051	20.84664536741214	30.670926517571885	0.0
142.0	30.698234349919744	15.569823434991974	18.619582664526487	35.1123595505618	0.0
143.0	32.05490512716997	20.791279773920067	18.974566007266855	28.179249091643115	0.0
144.0	28.69352869352869	18.233618233618234	17.5010175010175	35.57183557183557	0.0
145.0	29.4021294021294	20.27027027027027	17.485667485667484	32.841932841932845	0.0
146.0	29.839704069050555	19.893136046033703	19.235511713933416	31.03164817098233	0.0
147.0	30.136420008267876	19.51219512195122	16.783794956593635	33.56758991318727	0.0
148.0	24.1407867494824	23.726708074534162	20.662525879917183	31.469979296066253	0.0
149.0	28.63693205502293	20.175072947061278	19.00791996665277	32.18007503126303	0.0
150.0	27.016806722689076	19.705882352941178	17.77310924369748	35.50420168067227	0.0
151.0	28.517110266159694	19.476130122517954	20.701309674693704	31.305449936628644	0.0
152.0	27.95744680851064	20.46808510638298	18.29787234042553	33.276595744680854	0.0
153.0	29.97427101200686	18.69639794168096	19.339622641509436	31.989708404802748	0.0
154.0	32.55411255411255	15.194805194805195	19.74025974025974	32.510822510822514	0.0
155.0	29.450261780104714	20.20069808027923	18.80453752181501	31.544502617801047	0.0
156.0	32.21830985915493	16.241197183098592	18.882042253521128	32.65845070422535	0.0
157.0	28.280141843971627	20.390070921985814	21.98581560283688	29.343971631205672	0.0
158.0	26.672613737734164	23.728813559322035	17.395182872435324	32.20338983050847	0.0
159.0	34.42402510085164	13.222770058269834	21.69430748543254	30.65889735544599	0.0
160.0	26.522327469553453	19.440685611186286	23.59043752819125	30.446549391069013	0.0
161.0	27.095604893520616	18.3960126869053	23.74263706388763	30.76574535568645	0.0
162.0	31.64845173041894	17.66848816029144	18.53369763205829	32.14936247723133	0.0
163.0	28.034814475492443	18.64406779661017	17.773705909299128	35.547411818598256	0.0
164.0	30.1477377654663	15.69713758079409	22.253000923361036	31.90212373037858	0.0
165.0	29.023255813953487	17.302325581395348	23.02325581395349	30.651162790697672	0.0
166.0	26.76056338028169	21.971830985915496	21.549295774647888	29.718309859154928	0.0
167.0	24.3511090136857	20.48135913166588	25.058990089664935	30.10854176498348	0.0
168.0	28.72692853762423	20.58684335068623	18.551822053951728	32.13440605773781	0.0
169.0	27.385496183206108	18.03435114503817	19.751908396946565	34.82824427480916	0.0
170.0	28.612578012481997	17.47479596735478	20.16322611617859	33.74939990398464	0.0
171.0	29.69579913085466	20.376629647513276	16.175760502172864	33.75181071945919	0.0
172.0	33.17144244779019	20.252549781447303	15.444390480815931	31.13161728994658	0.0
173.0	28.98338220918866	19.745845552297165	19.01270772238514	32.25806451612903	0.0
174.0	29.154375614552606	20.50147492625369	17.895771878072765	32.448377581120944	0.0
175.0	26.550868486352357	17.07196029776675	22.18362282878412	34.193548387096776	0.0
176.0	27.908137793310033	19.720419370943585	21.417873190214678	30.953569645531704	0.0
177.0	30.100502512562816	22.261306532663315	19.44723618090452	28.190954773869347	0.0
178.0	27.65093860984272	18.87366818873668	21.816336884830033	31.65905631659056	0.0
179.0	25.064069707842133	18.195797027165554	26.90927729369554	29.83085597129677	0.0
180.0	30.273336771531717	16.193914388860236	20.78390923156266	32.74883960804538	0.0
181.0	30.585795749092792	18.040435458786934	20.52877138413686	30.84499740798341	0.0
182.0	32.84595300261097	19.7911227154047	19.216710182767624	28.14621409921671	0.0
183.0	26.547743966421827	20.88142707240294	23.871983210912905	28.69884575026233	0.0
184.0	28.298887122416534	21.568627450980394	18.60095389507154	31.53153153153153	0.0
185.0	28.061767838125668	23.109691160809373	22.949946751863685	25.878594249201274	0.0
186.0	34.60505104782375	16.550241805480926	19.774314884470716	29.07039226222461	0.0
187.0	31.280388978930308	19.016747703943814	18.09832522960562	31.60453808752026	0.0
188.0	27.203065134099617	20.032840722495894	21.94854953475643	30.815544608648054	0.0
189.0	28.848283499446293	19.4905869324474	19.54595791805094	32.115171650055366	0.0
190.0	28.95622895622896	17.901234567901234	20.25813692480359	32.88439955106622	0.0
191.0	26.36363636363636	23.238636363636363	19.204545454545453	31.19318181818182	0.0
192.0	32.432432432432435	19.436457734330077	19.551466359977	28.579643473260496	0.0
193.0	27.66081871345029	18.596491228070175	22.923976608187136	30.818713450292396	0.0
194.0	28.74039030159669	22.057953873447662	23.536369012418685	25.66528681253696	0.0
195.0	30.322966507177036	22.248803827751196	18.480861244019138	28.947368421052634	0.0
196.0	29.77053140096618	19.625603864734302	18.59903381642512	32.00483091787439	0.0
197.0	28.869778869778866	19.226044226044227	23.21867321867322	28.68550368550369	0.0
198.0	25.204788909892876	25.330812854442343	18.588531821045997	30.87586641461878	0.0
199.0	28.828229027962713	21.171770972037287	19.10785619174434	30.892143808255657	0.0
200.0	25.53353658536585	14.253048780487804	23.39939024390244	36.8140243902439	0.0
201.0	34.13111342351717	19.77107180020812	17.16961498439126	28.92819979188345	0.0
202.0	37.63102725366876	18.238993710691823	17.40041928721174	26.729559748427672	0.0
203.0	31.957671957671955	17.883597883597886	20.423280423280424	29.735449735449738	0.0
204.0	34.82905982905983	15.81196581196581	26.923076923076923	22.435897435897438	0.0
205.0	34.7027027027027	16.0	25.945945945945947	23.35135135135135	0.0
206.0	27.729257641921397	21.17903930131004	22.925764192139738	28.16593886462882	0.0
207.0	28.634361233480178	23.6784140969163	14.427312775330398	33.259911894273124	0.0
208.0	31.35498320268757	17.91713325867861	20.6047032474804	30.123180291153417	0.0
209.0	22.259887005649716	23.163841807909606	21.694915254237287	32.88135593220339	0.0
210.0	24.398625429553263	19.014891179839633	18.327605956471935	38.258877434135165	0.0
211.0	29.432213209733487	19.46697566628042	19.58285052143685	31.517960602549245	0.0
212.0	28.23803967327888	19.01983663943991	25.087514585764293	27.654609101516918	0.0
213.0	28.199052132701425	21.919431279620852	16.113744075829384	33.76777251184834	0.0
214.0	30.120481927710845	26.506024096385545	16.987951807228914	26.385542168674696	0.0
215.0	30.195599022004888	23.4718826405868	16.503667481662593	29.82885085574572	0.0
216.0	30.08631319358816	16.52281134401973	17.879161528976574	35.511713933415535	0.0
217.0	25.220680958385877	17.90668348045397	28.247162673392186	28.625472887767973	0.0
218.0	22.280471821756226	23.46002621231979	18.086500655307994	36.17300131061599	0.0
219.0	17.146974063400577	23.77521613832853	23.19884726224784	35.87896253602306	0.0
220.0	0.0	29.629629629629626	25.694444444444443	44.675925925925924	0.0
