# Position (bp)	A	C	G	T	N
0.0	27.18038272880462	23.824048264840272	22.953653347346044	26.041915659009064	0.0
1.0	26.919873757410258	19.732000291389635	15.451525956319118	37.896599994880994	0.0
2.0	27.894542628112024	19.7273276857006	18.07229388626746	34.30544323972081	3.9256019910653304E-4
3.0	23.90093267251896	21.523332478269296	15.13757066516802	39.437772551661205	3.9163238251518066E-4
4.0	33.51137634337257	14.30341729391538	14.588923604131743	37.59491669967976	0.0013660589005567666
5.0	35.282768083008186	14.881720346283226	22.03813636948311	27.78918975806169	0.008185443163790718
6.0	32.164379936447645	17.27686137764226	20.44513890645584	30.10875508603697	0.0048646934172914555
7.0	34.818975066560434	17.052101754863283	20.37351575101541	27.754435742464583	9.716850962939931E-4
8.0	23.92201389697605	26.327394122898955	21.491401731299252	28.25763751407166	0.0015527347540856332
9.0	28.6862709360179	18.294754313236567	16.18922786376028	36.82955299008411	1.93896901139726E-4
10.0	27.053766190492794	17.17519246490688	23.879790313019424	31.890863583353674	3.874482272306363E-4
11.0	28.02617314542357	18.639654638376953	19.977156574260494	33.35585411181663	0.0011615301223478396
12.0	26.322377929508	20.06895577659412	20.665837288358585	32.937992040289984	0.004836965249306863
13.0	27.493750761218184	20.815716569714052	18.11051631375142	33.58001635531635	0.0
14.0	31.291238692889305	18.340573364033382	20.42906606503848	29.938735227534156	3.866505046755713E-4
15.0	29.86159845185138	18.351786228668978	19.036930922954088	32.749104420768546	5.799757570133569E-4
16.0	30.50556486738854	17.07680618950128	19.029777888617588	33.3868844282309	9.666262616889282E-4
17.0	30.290587186788926	17.957789364404565	20.390594339823263	31.358129230198177	0.0028998787850667844
18.0	31.58431977543339	18.018493493638633	18.37247203066912	32.017368340670025	0.0073463595888358536
19.0	30.101708415254908	18.362419117547553	19.820671495931467	31.71500764601373	1.9332525233778565E-4
20.0	30.256561942377473	17.78534323931926	19.854503415090583	32.103591403212675	0.0
21.0	29.54357841175572	17.490328904251804	19.31087280551673	33.65463990271873	5.799757570133569E-4
22.0	28.479902873393225	18.571983691081712	20.003750509895355	32.94320297411568	0.0011599515140267138
23.0	29.95149469418845	17.065979975370364	20.016123326044973	32.966208679143875	1.9332525233778565E-4
24.0	30.695410265184247	17.966682326012105	18.282575788332046	33.05301171744354	0.0023199030280534275
25.0	29.355666266483393	17.846627344310342	18.892323634205425	33.90499610449616	3.866505046755713E-4
26.0	31.071234555728903	17.408552322512918	20.321383899486335	31.19882922227184	0.0
27.0	28.613297297506296	18.191132943976278	19.630052797126414	33.56532363613868	1.9332525233778565E-4
28.0	29.861211801346705	17.474089583055427	20.44839859027226	32.21340014654054	0.0028998787850667844
29.0	29.33053398367948	18.392964507416924	19.262348167179947	33.01260673970495	0.0015466020187022852
30.0	29.89875478242041	18.12844242439474	19.07477685260189	32.897445960340946	5.799802420064224E-4
31.0	30.033349121806456	18.234333162560052	19.46409411218838	32.265903664536836	0.0023199389082754155
32.0	29.166964715526056	18.19805781696771	19.46339605570195	33.17119475382453	3.866579797507216E-4
33.0	29.62306355353031	17.626133641631014	19.479593000663122	33.27004982126597	0.001159982909585132
34.0	29.42553668646375	17.81485863647612	19.405584941846076	33.35382640435536	1.93330858698342E-4
35.0	30.12463511874479	17.126834562016757	19.499022147252436	33.24950817198602	0.0
36.0	31.004774876565182	17.212578742899595	18.883592069216363	32.89905431131886	0.0
37.0	28.547599973683496	18.72593297806055	19.521039656647048	33.20523388791492	1.9350369398551817E-4
38.0	30.780962408285156	17.96459337737065	19.059849075738896	32.19304680045599	0.0015483381493101185
39.0	29.73390567911848	18.699016982560494	19.168162394403556	32.398721322203954	1.9362171351344022E-4
40.0	29.950928710967784	18.381577723340257	19.250596917733883	32.413601972154176	0.0032946758039008963
41.0	29.119911222858562	17.967864847666494	20.814708758206454	32.09635113532306	0.0011640359454299948
42.0	28.72150613415342	18.490021686499038	19.504064519761506	33.282854463594056	0.0015531959919777428
43.0	29.704397421029217	18.083488254182864	20.33746520351452	31.87212376573248	0.002525355540921444
44.0	29.677621234589974	18.734002048515215	19.70889316040807	31.87909484392219	3.8871256455058026E-4
45.0	29.283275255903675	18.57557325534364	19.59354873837155	32.546824927662485	7.778227186459661E-4
46.0	29.94085948290956	17.342567554422892	19.38700075871058	33.32859949808377	9.727058731980624E-4
47.0	29.964970322078425	18.37676364697869	19.559793714118907	32.0967208329279	0.001751483896078622
48.0	30.11820680740389	17.895911041201067	18.53678194036708	33.44851618529968	5.840257282800832E-4
49.0	28.49026764464146	18.23204957911507	20.176962539098867	33.099551653351305	0.0011685837933008987
50.0	29.48166167664671	18.472430139720558	19.253095371756487	32.79242296656687	3.8984530938123747E-4
51.0	30.13312102656566	18.077491970199	19.336892593850127	32.45249440938521	0.0
52.0	29.582932795635898	17.886059725055294	19.924503528639423	32.60630856642673	1.9538424265159863E-4
53.0	31.141707406298845	17.788498218802637	19.33239822917095	31.727614721434815	0.009781424292754116
54.0	29.708444646396593	18.991249030499127	18.9990833809923	32.29985193077568	0.0013710113363051637
55.0	28.797912549794546	18.459662494902922	18.14089896803739	34.601133904206264	3.9208305887519215E-4
56.0	29.59344648288041	17.64995585205533	20.710487589522224	32.0455214362798	5.886392622387913E-4
57.0	28.06383713989507	18.65025446891395	19.450771260720682	33.834351732587734	7.853978825673087E-4
58.0	30.550369651258308	17.48562467328803	22.3588899064179	29.60491925055713	1.9651847863254583E-4
59.0	29.002453965998697	20.571988578333077	21.18183947087219	29.236436770525643	0.007281214270392813
60.0	31.01780403148079	18.436327871695866	20.017660148573885	30.52820794824946	0.0
61.0	29.2570374699861	20.962537912296224	19.306244471123467	30.473785226841905	3.9491975230633136E-4
62.0	30.493402293752375	16.49941388924091	21.949649917627678	31.057335888987453	1.9801039158535042E-4
63.0	25.995446546633126	20.52573496515316	25.41602457671773	28.061402026187327	0.0013918853086505672
64.0	26.031283667850445	19.890467259885877	17.887753880531506	36.188699573041774	0.0017956186903954352
65.0	27.505744457699176	19.324395731087325	18.764761454888994	34.400694939272874	0.004403417051632066
66.0	26.881208792091293	18.96587724158977	17.30009396005493	36.84458846299018	0.008231543273825298
67.0	33.506114519262546	14.090802827914775	17.31956726777322	35.08250771872405	0.001007666325403671
68.0	34.47567552161689	15.319627127132222	23.03176015292755	27.172937198323332	0.0
69.0	32.061043329046896	16.615734902765688	20.314191161348088	31.009030606839328	0.0
70.0	32.56051183392242	15.854771598586193	22.528745917408617	29.05574694644535	2.2370363742114447E-4
71.0	25.53130255183233	20.202476214123674	25.392198909743463	28.87402232430053	0.0
