# Position (bp)	A	C	G	T	N
0.0	35.35353535353536	18.434343434343432	24.747474747474747	21.464646464646464	0.0
1.0	23.98989898989899	26.767676767676768	30.555555555555557	18.68686868686869	0.0
2.0	29.411764705882355	24.264705882352942	19.11764705882353	27.205882352941174	0.0
3.0	29.268292682926827	21.70731707317073	20.48780487804878	28.536585365853657	0.0
4.0	35.853658536585364	16.097560975609756	15.609756097560975	32.4390243902439	0.0
5.0	31.630170316301705	19.22141119221411	18.248175182481752	30.900243309002434	0.0
6.0	29.683698296836987	20.437956204379564	20.68126520681265	29.1970802919708	0.0
7.0	33.33333333333333	20.68126520681265	20.437956204379564	25.547445255474454	0.0
8.0	30.582524271844658	24.514563106796118	18.203883495145632	26.699029126213592	0.0
9.0	32.5242718446602	16.990291262135923	17.96116504854369	32.5242718446602	0.0
10.0	27.9126213592233	16.2621359223301	21.35922330097087	34.46601941747573	0.0
11.0	29.055690072639223	19.612590799031477	19.128329297820823	32.20338983050847	0.0
12.0	30.26634382566586	15.980629539951574	20.823244552058114	32.92978208232446	0.0
13.0	28.329297820823246	18.159806295399516	18.64406779661017	34.866828087167065	0.0
14.0	25.423728813559322	23.486682808716708	22.27602905569007	28.8135593220339	0.0
15.0	23.486682808716708	22.518159806295397	19.37046004842615	34.624697336561745	0.0
16.0	25.66585956416465	18.401937046004843	23.002421307506054	32.92978208232446	0.0
17.0	35.83535108958838	15.254237288135593	20.823244552058114	28.087167070217916	0.0
18.0	25.423728813559322	20.823244552058114	21.06537530266344	32.68765133171913	0.0
19.0	30.508474576271187	23.002421307506054	19.854721549636803	26.634382566585955	0.0
20.0	31.234866828087167	22.033898305084744	19.37046004842615	27.36077481840194	0.0
21.0	31.32530120481928	20.240963855421686	21.686746987951807	26.746987951807228	0.0
22.0	31.807228915662648	18.795180722891565	18.072289156626507	31.32530120481928	0.0
23.0	32.69230769230769	18.269230769230766	17.548076923076923	31.490384615384613	0.0
24.0	35.33653846153847	17.307692307692307	20.673076923076923	26.682692307692307	0.0
25.0	28.60576923076923	20.673076923076923	16.58653846153846	34.13461538461539	0.0
26.0	33.894230769230774	15.384615384615385	16.58653846153846	34.13461538461539	0.0
27.0	24.759615384615387	22.355769230769234	16.58653846153846	36.29807692307692	0.0
28.0	23.317307692307693	19.230769230769234	16.58653846153846	40.86538461538461	0.0
29.0	32.93269230769231	15.865384615384615	16.826923076923077	34.375	0.0
30.0	30.288461538461537	20.432692307692307	14.663461538461538	34.61538461538461	0.0
31.0	31.654676258992804	18.465227817745802	17.26618705035971	32.61390887290168	0.0
32.0	32.28915662650602	18.55421686746988	16.867469879518072	32.28915662650602	0.0
33.0	28.915662650602407	22.40963855421687	15.903614457831324	32.7710843373494	0.0
34.0	31.08433734939759	19.759036144578314	21.204819277108435	27.951807228915666	0.0
35.0	31.807228915662648	17.349397590361445	15.421686746987953	35.42168674698795	0.0
36.0	26.265060240963855	21.204819277108435	17.10843373493976	35.42168674698795	0.0
37.0	26.024096385542165	22.89156626506024	20.481927710843372	30.602409638554217	0.0
38.0	29.156626506024097	22.16867469879518	13.975903614457833	34.69879518072289	0.0
39.0	28.433734939759038	19.518072289156628	11.80722891566265	40.24096385542168	0.0
40.0	27.228915662650603	14.93975903614458	24.337349397590362	33.49397590361446	0.0
41.0	29.397590361445786	15.903614457831324	24.57831325301205	30.120481927710845	0.0
42.0	28.915662650602407	17.83132530120482	23.132530120481928	30.120481927710845	0.0
43.0	28.674698795180724	20.0	20.481927710843372	30.843373493975907	0.0
44.0	40.72289156626506	16.3855421686747	12.530120481927712	30.361445783132528	0.0
45.0	32.7710843373494	14.698795180722893	20.481927710843372	32.04819277108434	0.0
46.0	34.21686746987952	19.03614457831325	16.14457831325301	30.602409638554217	0.0
47.0	38.0722891566265	13.012048192771083	19.03614457831325	29.87951807228916	0.0
48.0	25.301204819277107	21.204819277108435	18.55421686746988	34.93975903614458	0.0
49.0	27.710843373493976	23.85542168674699	18.072289156626507	30.361445783132528	0.0
50.0	26.85851318944844	25.65947242206235	16.786570743405278	30.69544364508393	0.0
51.0	29.87951807228916	18.313253012048193	16.626506024096386	35.18072289156626	0.0
52.0	31.807228915662648	14.698795180722893	22.650602409638555	30.843373493975907	0.0
53.0	27.951807228915666	18.313253012048193	24.337349397590362	29.397590361445786	0.0
54.0	26.987951807228917	23.85542168674699	17.349397590361445	31.807228915662648	0.0
55.0	29.63855421686747	16.14457831325301	22.89156626506024	31.32530120481928	0.0
56.0	26.987951807228917	19.759036144578314	20.0	33.25301204819277	0.0
57.0	29.63855421686747	17.83132530120482	21.204819277108435	31.32530120481928	0.0
58.0	30.843373493975907	19.03614457831325	15.421686746987953	34.69879518072289	0.0
59.0	24.096385542168676	17.83132530120482	24.096385542168676	33.97590361445783	0.0
60.0	26.265060240963855	19.03614457831325	20.722891566265062	33.97590361445783	0.0
61.0	26.987951807228917	17.349397590361445	24.57831325301205	31.08433734939759	0.0
62.0	27.469879518072286	18.795180722891565	23.132530120481928	30.602409638554217	0.0
63.0	30.843373493975907	17.10843373493976	19.27710843373494	32.7710843373494	0.0
64.0	27.951807228915666	18.55421686746988	21.44578313253012	32.04819277108434	0.0
65.0	32.7710843373494	16.626506024096386	24.337349397590362	26.265060240963855	0.0
66.0	30.602409638554217	13.734939759036143	25.060240963855424	30.602409638554217	0.0
67.0	30.120481927710845	16.867469879518072	18.313253012048193	34.69879518072289	0.0
68.0	23.85542168674699	23.373493975903614	20.240963855421686	32.53012048192771	0.0
69.0	21.927710843373493	18.55421686746988	26.024096385542165	33.49397590361446	0.0
70.0	27.228915662650603	22.650602409638555	18.55421686746988	31.566265060240962	0.0
71.0	29.87951807228916	21.44578313253012	20.96385542168675	27.710843373493976	0.0
72.0	27.228915662650603	17.349397590361445	19.518072289156628	35.903614457831324	0.0
73.0	28.915662650602407	18.313253012048193	21.927710843373493	30.843373493975907	0.0
74.0	27.951807228915666	16.3855421686747	21.927710843373493	33.734939759036145	0.0
75.0	26.024096385542165	18.55421686746988	26.024096385542165	29.397590361445786	0.0
76.0	28.817733990147783	20.44334975369458	17.980295566502463	32.758620689655174	0.0
77.0	30.049261083743843	22.660098522167488	17.48768472906404	29.802955665024633	0.0
78.0	29.802955665024633	23.39901477832512	19.21182266009852	27.586206896551722	0.0
79.0	25.12315270935961	20.935960591133004	18.472906403940886	35.467980295566505	0.0
80.0	26.84729064039409	15.517241379310345	22.167487684729064	35.467980295566505	0.0
81.0	24.38423645320197	16.748768472906402	21.182266009852217	37.68472906403941	0.0
82.0	31.527093596059114	17.980295566502463	24.38423645320197	26.108374384236456	0.0
83.0	28.32512315270936	19.704433497536947	22.167487684729064	29.802955665024633	0.0
84.0	25.615763546798032	21.428571428571427	22.660098522167488	30.295566502463057	0.0
85.0	32.758620689655174	16.995073891625616	20.19704433497537	30.049261083743843	0.0
86.0	31.2807881773399	14.285714285714285	20.44334975369458	33.99014778325123	0.0
87.0	34.72906403940887	17.24137931034483	23.15270935960591	24.876847290640395	0.0
88.0	37.4384236453202	19.950738916256157	15.763546798029557	26.84729064039409	0.0
89.0	29.55665024630542	15.517241379310345	17.733990147783253	37.19211822660098	0.0
90.0	30.295566502463057	14.77832512315271	19.458128078817737	35.467980295566505	0.0
91.0	31.03448275862069	20.19704433497537	15.763546798029557	33.004926108374384	0.0
92.0	29.802955665024633	16.995073891625616	18.7192118226601	34.48275862068966	0.0
93.0	35.960591133004925	18.226600985221676	18.7192118226601	27.093596059113302	0.0
94.0	31.2807881773399	20.935960591133004	16.995073891625616	30.78817733990148	0.0
95.0	31.2807881773399	19.950738916256157	17.24137931034483	31.527093596059114	0.0
96.0	25.36945812807882	19.21182266009852	18.472906403940886	36.94581280788177	0.0
97.0	31.527093596059114	16.25615763546798	20.935960591133004	31.2807881773399	0.0
98.0	29.310344827586203	21.182266009852217	17.733990147783253	31.773399014778324	0.0
99.0	29.802955665024633	19.21182266009852	17.24137931034483	33.743842364532014	0.0
100.0	34.23645320197045	12.068965517241379	18.7192118226601	34.97536945812808	0.0
101.0	33.743842364532014	17.733990147783253	18.7192118226601	29.802955665024633	0.0
102.0	31.03448275862069	13.793103448275861	22.906403940886698	32.26600985221675	0.0
103.0	24.137931034482758	19.21182266009852	22.413793103448278	34.23645320197045	0.0
104.0	26.172839506172842	17.28395061728395	22.71604938271605	33.827160493827165	0.0
105.0	31.604938271604937	20.246913580246915	16.296296296296298	31.851851851851855	0.0
106.0	32.098765432098766	15.555555555555555	19.25925925925926	33.086419753086425	0.0
107.0	31.5136476426799	18.36228287841191	18.11414392059553	32.00992555831266	0.0
108.0	35.483870967741936	14.1439205955335	17.866004962779154	32.50620347394541	0.0
109.0	27.29528535980149	21.83622828784119	22.084367245657567	28.78411910669975	0.0
110.0	26.550868486352357	19.106699751861044	19.851116625310176	34.49131513647642	0.0
111.0	29.776674937965257	16.62531017369727	21.339950372208435	32.25806451612903	0.0
112.0	26.550868486352357	20.099255583126553	20.595533498759306	32.754342431761785	0.0
113.0	30.423940149625935	20.199501246882793	17.955112219451372	31.421446384039903	0.0
114.0	28.92768079800499	15.211970074812967	22.194513715710723	33.66583541147132	0.0
115.0	19.950124688279303	23.44139650872818	20.448877805486283	36.15960099750624	0.0
116.0	29.57393483709273	18.546365914786968	19.047619047619047	32.83208020050125	0.0
117.0	33.33333333333333	21.303258145363408	17.543859649122805	27.819548872180448	0.0
118.0	29.899497487437188	17.33668341708543	21.35678391959799	31.4070351758794	0.0
119.0	23.869346733668344	18.592964824120603	28.643216080402013	28.894472361809044	0.0
120.0	28.967254408060455	21.158690176322416	21.91435768261965	27.95969773299748	0.0
121.0	28.78787878787879	19.444444444444446	19.696969696969695	32.07070707070707	0.0
122.0	30.886075949367086	17.21518987341772	17.468354430379744	34.43037974683544	0.0
123.0	34.51776649746193	15.228426395939088	17.512690355329948	32.74111675126903	0.0
124.0	31.218274111675125	17.512690355329948	21.31979695431472	29.949238578680205	0.0
125.0	27.480916030534353	21.882951653944023	16.539440203562343	34.096692111959285	0.0
126.0	29.00763358778626	17.302798982188293	16.793893129770993	36.895674300254456	0.0
127.0	28.24427480916031	17.557251908396946	23.40966921119593	30.788804071246815	0.0
128.0	32.06106870229007	15.267175572519085	19.083969465648856	33.587786259541986	0.0
129.0	28.498727735368956	17.557251908396946	16.539440203562343	37.404580152671755	0.0
130.0	31.806615776081426	19.338422391857506	14.249363867684478	34.605597964376585	0.0
131.0	30.788804071246815	20.865139949109416	18.06615776081425	30.279898218829516	0.0
132.0	27.94871794871795	17.17948717948718	22.05128205128205	32.82051282051282	0.0
133.0	29.230769230769234	20.256410256410255	20.256410256410255	30.256410256410255	0.0
134.0	26.735218508997427	19.53727506426735	22.10796915167095	31.619537275064268	0.0
135.0	26.99228791773779	18.76606683804627	22.10796915167095	32.13367609254499	0.0
136.0	25.449871465295633	18.251928020565554	21.85089974293059	34.447300771208226	0.0
137.0	31.362467866323907	13.881748071979436	19.53727506426735	35.2185089974293	0.0
138.0	24.42159383033419	17.737789203084834	20.565552699228792	37.275064267352185	0.0
139.0	28.53470437017995	18.251928020565554	17.737789203084834	35.47557840616967	0.0
140.0	26.735218508997427	15.167095115681233	23.13624678663239	34.96143958868895	0.0
141.0	31.782945736434108	13.695090439276486	21.188630490956072	33.33333333333333	0.0
142.0	32.299741602067186	16.795865633074936	19.638242894056848	31.266149870801037	0.0
143.0	34.10852713178294	19.896640826873384	19.12144702842377	26.873385012919897	0.0
144.0	35.84415584415584	16.883116883116884	16.623376623376622	30.649350649350648	0.0
145.0	28.459530026109658	15.926892950391643	22.193211488250654	33.420365535248045	0.0
146.0	27.296587926509186	19.94750656167979	16.27296587926509	36.48293963254593	0.0
147.0	30.0	19.473684210526315	15.0	35.526315789473685	0.0
148.0	26.31578947368421	19.210526315789473	20.0	34.473684210526315	0.0
149.0	30.0	21.31578947368421	15.263157894736842	33.421052631578945	0.0
150.0	25.526315789473685	21.052631578947366	16.315789473684212	37.10526315789473	0.0
151.0	27.89473684210526	16.315789473684212	22.105263157894736	33.68421052631579	0.0
152.0	25.263157894736842	19.473684210526315	16.842105263157894	38.421052631578945	0.0
153.0	30.87071240105541	16.886543535620053	19.788918205804748	32.45382585751979	0.0
154.0	31.216931216931215	14.814814814814813	19.576719576719576	34.39153439153439	0.0
155.0	30.423280423280424	21.164021164021165	16.93121693121693	31.48148148148148	0.0
156.0	26.71957671957672	17.989417989417987	19.047619047619047	36.24338624338625	0.0
157.0	30.423280423280424	18.78306878306878	19.841269841269842	30.952380952380953	0.0
158.0	29.629629629629626	22.22222222222222	13.492063492063492	34.65608465608466	0.0
159.0	36.17021276595745	12.23404255319149	21.01063829787234	30.585106382978722	0.0
160.0	25.066666666666666	18.4	22.133333333333333	34.4	0.0
161.0	27.07774798927614	20.91152815013405	21.983914209115284	30.02680965147453	0.0
162.0	31.266846361185983	19.946091644204852	21.563342318059302	27.22371967654987	0.0
163.0	29.076086956521742	16.304347826086957	16.847826086956523	37.77173913043478	0.0
164.0	29.891304347826086	13.858695652173914	24.184782608695652	32.065217391304344	0.0
165.0	33.69565217391305	16.57608695652174	20.92391304347826	28.804347826086957	0.0
166.0	25.815217391304344	19.83695652173913	18.75	35.59782608695652	0.0
167.0	26.229508196721312	17.48633879781421	24.316939890710383	31.967213114754102	0.0
168.0	27.86885245901639	18.852459016393443	19.12568306010929	34.15300546448087	0.0
169.0	24.043715846994534	16.939890710382514	23.224043715846996	35.79234972677596	0.0
170.0	30.87431693989071	16.39344262295082	19.94535519125683	32.78688524590164	0.0
171.0	32.602739726027394	18.08219178082192	15.616438356164384	33.6986301369863	0.0
172.0	30.21978021978022	21.978021978021978	16.483516483516482	31.318681318681318	0.0
173.0	29.005524861878452	16.298342541436465	23.756906077348066	30.939226519337016	0.0
174.0	32.77777777777778	19.166666666666668	16.944444444444446	31.11111111111111	0.0
175.0	30.833333333333336	15.833333333333332	21.38888888888889	31.944444444444443	0.0
176.0	33.05555555555556	15.833333333333332	16.666666666666664	34.44444444444444	0.0
177.0	29.444444444444446	21.11111111111111	16.38888888888889	33.05555555555556	0.0
178.0	25.770308123249297	17.086834733893557	22.689075630252102	34.45378151260504	0.0
179.0	25.842696629213485	20.50561797752809	23.314606741573034	30.337078651685395	0.0
180.0	33.23943661971831	14.647887323943662	20.0	32.11267605633803	0.0
181.0	28.53107344632768	19.774011299435028	18.361581920903955	33.33333333333333	0.0
182.0	35.59322033898305	18.07909604519774	18.926553672316384	27.401129943502823	0.0
183.0	32.577903682719544	22.096317280453256	19.263456090651555	26.062322946175637	0.0
184.0	33.23863636363637	20.454545454545457	17.897727272727273	28.40909090909091	0.0
185.0	28.125	20.454545454545457	24.431818181818183	26.988636363636363	0.0
186.0	29.34472934472934	15.954415954415953	23.36182336182336	31.339031339031337	0.0
187.0	28.36676217765043	22.922636103151863	17.191977077363894	31.51862464183381	0.0
188.0	28.939828080229223	18.05157593123209	21.48997134670487	31.51862464183381	0.0
189.0	29.22636103151863	18.05157593123209	20.916905444126073	31.805157593123205	0.0
190.0	31.805157593123205	16.9054441260745	17.765042979942695	33.5243553008596	0.0
191.0	26.93409742120344	19.484240687679083	19.484240687679083	34.097421203438394	0.0
192.0	31.60919540229885	18.103448275862068	21.551724137931032	28.735632183908045	0.0
193.0	30.25936599423631	19.596541786743515	19.596541786743515	30.547550432276655	0.0
194.0	28.24207492795389	23.631123919308358	21.32564841498559	26.801152737752158	0.0
195.0	27.536231884057973	20.869565217391305	20.28985507246377	31.30434782608696	0.0
196.0	27.35294117647059	22.35294117647059	20.0	30.294117647058822	0.0
197.0	32.047477744807125	20.178041543026705	19.584569732937684	28.18991097922849	0.0
198.0	29.21686746987952	23.795180722891565	21.686746987951807	25.301204819277107	0.0
199.0	27.70700636942675	26.43312101910828	19.745222929936308	26.11464968152866	0.0
200.0	28.46153846153846	15.0	18.076923076923077	38.46153846153847	0.0
201.0	36.0	18.857142857142858	13.142857142857142	32.0	0.0
202.0	38.50574712643678	18.96551724137931	19.54022988505747	22.988505747126435	0.0
203.0	40.804597701149426	13.793103448275861	20.114942528735632	25.287356321839084	0.0
204.0	37.57225433526011	16.184971098265898	23.121387283236995	23.121387283236995	0.0
205.0	34.68208092485549	13.294797687861271	26.011560693641616	26.011560693641616	0.0
206.0	31.3953488372093	19.767441860465116	22.674418604651162	26.16279069767442	0.0
207.0	23.837209302325583	26.16279069767442	15.11627906976744	34.883720930232556	0.0
208.0	25.0	16.27906976744186	23.25581395348837	35.46511627906977	0.0
209.0	19.767441860465116	26.744186046511626	18.023255813953487	35.46511627906977	0.0
210.0	28.488372093023255	16.27906976744186	15.69767441860465	39.53488372093023	0.0
211.0	35.88235294117647	18.823529411764707	19.411764705882355	25.882352941176475	0.0
212.0	27.058823529411764	14.117647058823529	26.47058823529412	32.35294117647059	0.0
213.0	27.058823529411764	21.764705882352942	14.705882352941178	36.470588235294116	0.0
214.0	30.76923076923077	23.076923076923077	20.118343195266274	26.035502958579883	0.0
215.0	28.994082840236686	26.035502958579883	10.650887573964498	34.319526627218934	0.0
216.0	32.544378698224854	17.159763313609467	15.384615384615385	34.9112426035503	0.0
217.0	24.848484848484848	19.393939393939394	26.060606060606062	29.6969696969697	0.0
218.0	28.57142857142857	13.664596273291925	19.875776397515526	37.88819875776397	0.0
219.0	17.449664429530202	25.503355704697988	25.503355704697988	31.543624161073826	0.0
220.0	0.0	28.28282828282828	30.303030303030305	41.41414141414141	0.0
