# Position (bp)	A	C	G	T	N
0.0	25.9637178835747	23.922110721157548	24.54916765893724	25.565003736330503	0.0
1.0	26.683496638483522	20.754009506311313	15.841701818091632	36.720792037113526	0.0
2.0	28.546409910746256	19.830037986785946	17.63327475967137	33.990277342796425	0.0
3.0	23.203958950837304	22.440709658788833	15.343428242835602	39.01190314753826	0.0
4.0	33.76550394487604	13.417137390744482	15.085320475719136	37.73203818866034	0.0
5.0	34.58057329040584	15.001160907023886	23.692091464722438	26.72617433784784	0.0
6.0	31.045505607370767	17.674029684136993	21.434210153683495	29.846254554808745	0.0
7.0	35.18926056338028	17.31249173998414	20.31003674527055	27.188210951365026	0.0
8.0	22.8835184363554	27.090993514707552	22.415603287958312	27.609884760978744	0.0
9.0	27.298128162406073	18.702003407846544	15.8641127090964	38.135755720650984	0.0
10.0	26.39583943001171	16.982268105954766	25.05616810784277	31.565724356190767	0.0
11.0	27.95084641562512	18.586510686100517	19.525792489521578	33.93685040875278	0.0
12.0	25.959371341992977	20.018310685156514	20.796492679265942	33.22582529358456	0.0
13.0	26.461801556658987	20.999099068270212	19.04303881263452	33.496060562436284	0.0
14.0	30.413186643318358	18.623843007778575	20.17473473549069	30.78823561341238	0.0
15.0	29.31961954366952	18.626321012536344	20.354670330967036	31.6993891128271	0.0
16.0	29.781118429747384	17.91975040592078	18.654523066684288	33.64460809764755	0.0
17.0	30.218220768983876	17.89179910225428	19.795511507382095	32.094468621379754	0.0
18.0	31.842788888154665	17.84418601083714	19.29805205225994	31.014973048748253	0.0
19.0	30.165400917569762	18.621114252539364	20.083668060642676	31.129816769248198	0.0
20.0	29.549631485292448	17.777545382887137	20.39636866102783	32.27645447079258	0.0
21.0	29.057482040365517	18.558928133142018	20.361027593172977	32.02256223331949	0.0
22.0	29.598911329909754	18.873929737945097	22.99492540025677	28.53223353188838	0.0
23.0	29.64763067345089	20.22839533851905	21.34056222387947	28.783411764150586	0.0
24.0	32.840864304459465	19.467736378053846	17.799832675678736	29.891566641807955	0.0
25.0	28.950087084167205	21.026652121172074	20.030346708265682	29.992914086395047	0.0
26.0	31.556741588943847	16.59363435977797	22.534754016727714	29.314870034550466	0.0
27.0	25.918204012951705	20.8435305195786	25.137042513121628	28.10122295434807	0.0
28.0	26.498602877317524	19.985064121323113	19.155699528943096	34.36063347241627	0.0
29.0	27.712397457803117	20.392799154174376	17.50546636049541	34.3893370275271	0.0
30.0	26.479001205502765	19.12036708741077	16.265748357207016	38.13488334987945	0.0
31.0	34.04124935112806	14.697726127332064	18.8449315780195	32.416092943520376	0.0
32.0	34.261856973683855	15.587140204672822	22.67104030829519	27.479962513348134	0.0
33.0	31.36348226362506	17.590464717636863	21.076213849777368	29.96983916896071	0.0
34.0	32.95006820627705	16.953937173701785	21.93103367772072	28.16496094230044	0.0
35.0	26.476727419155416	20.677107874097317	25.352154741735088	27.49400996501218	0.0
