# Position (bp)	A	C	G	T	N
0.0	64.30801248699271	8.74089490114464	11.914672216441206	15.036420395421434	0.0
1.0	14.360041623309053	59.67741935483871	13.059313215400625	12.903225806451612	0.0
2.0	15.981500513874614	55.75539568345324	10.226104830421377	18.03699897225077	0.0
3.0	59.57120980091884	10.464522715671261	10.158244002041858	19.806023481368047	0.0
4.0	62.704081632653065	12.5	9.489795918367347	15.306122448979592	0.0
5.0	14.63539010708822	56.24681285058644	10.30086690464049	18.816930137684853	0.0
6.0	15.733197556008147	55.90631364562119	9.063136456211812	19.29735234215886	0.0
7.0	63.76590330788804	9.567430025445292	9.465648854961833	17.201017811704837	0.0
8.0	62.1882951653944	14.351145038167939	9.618320610687023	13.842239185750635	0.0
9.0	17.862595419847327	54.4529262086514	10.687022900763358	16.99745547073791	0.0
10.0	14.649033570701933	12.258392675483215	10.020345879959308	63.072227873855546	0.0
11.0	18.056968463886065	11.342828077314344	9.409969481180061	61.190233977619535	0.0
12.0	14.082358922216573	11.997966446365023	10.77783426537875	63.14184036603966	0.0
13.0	14.720812182741117	54.41624365482234	14.467005076142131	16.395939086294415	0.0
14.0	14.394323365433351	9.63000506842372	55.701976685250884	20.273694880892045	0.0
15.0	57.748611812216055	10.398788490661282	13.276123170116103	18.576476527006562	0.0
16.0	13.753148614609573	10.075566750629724	13.702770780856424	62.468513853904284	0.0
17.0	16.46525679758308	52.87009063444109	9.31520644511581	21.34944612286002	0.0
18.0	14.350453172205437	10.976837865055387	12.83987915407855	61.83282980866063	0.0
19.0	15.551082033215904	56.618017111222954	10.367388022143935	17.463512833417212	0.0
20.0	14.522613065326635	11.407035175879397	10.301507537688442	63.768844221105525	0.0
21.0	14.106425702811245	11.947791164658634	11.345381526104417	62.600401606425706	0.0
22.0	20.722528850978424	8.580030105368792	54.59106874059208	16.106372303060713	0.0
23.0	16.30707476166583	10.436527847466131	9.081786251881585	64.17461113898645	0.0
24.0	61.88565697091274	8.02407221664995	11.384152457372117	18.706118355065197	0.0
25.0	18.706118355065197	9.578736208625878	55.566700100300906	16.148445336008024	0.0
26.0	61.35338345864662	12.280701754385964	8.571428571428571	17.794486215538846	0.0
27.0	13.984962406015036	14.18546365914787	7.669172932330827	64.16040100250626	0.0
28.0	13.383458646616543	57.64411027568922	9.423558897243108	19.548872180451127	0.0
29.0	17.142857142857142	8.270676691729323	8.822055137844611	65.76441102756893	0.0
30.0	15.694164989939638	8.551307847082496	56.63983903420523	19.114688128772634	0.0
31.0	19.808467741935484	8.316532258064516	10.231854838709678	61.64314516129033	0.0
32.0	14.964610717896864	13.245702730030334	10.161779575328616	61.627906976744185	0.0
33.0	19.098277608915907	55.319148936170215	7.852077001013172	17.73049645390071	0.0
34.0	20.388349514563107	9.146653040367909	10.168625447112928	60.29637199795606	0.0
35.0	18.526100307062435	55.52712384851587	8.546571136131014	17.400204708290687	0.0
36.0	14.915427985648385	9.226037929267042	12.198872373141977	63.6596617119426	0.0
37.0	61.18251928020566	10.231362467866324	9.562982005141388	19.02313624678663	0.0
38.0	61.799485861182525	9.974293059125964	7.917737789203085	20.308483290488432	0.0
39.0	61.051004636785166	10.458526532715096	6.543019062339001	21.947449768160745	0.0
40.0	14.595152140278495	52.965446106240336	9.747292418772563	22.69210933470861	0.0
41.0	13.887454827052142	11.20289106866288	58.69901910170366	16.210635002581313	0.0
42.0	66.04651162790698	8.217054263565892	10.49095607235142	15.245478036175712	0.0
43.0	62.75219865494051	10.191412312467667	13.347128815312987	13.70926021727884	0.0
44.0	20.0	55.92689295039165	8.25065274151436	15.822454308093995	0.0
45.0	24.29971988795518	8.683473389355742	11.624649859943977	55.392156862745104	0.0
46.0	31.643192488262912	19.248826291079812	17.27699530516432	31.83098591549296	0.0
47.0	30.01893939393939	20.928030303030305	17.140151515151516	31.91287878787879	0.0
48.0	25.048923679060664	19.373776908023483	17.5146771037182	38.06262230919765	0.0
49.0	27.42409402546523	25.95494613124388	16.16062683643487	30.460333006856022	0.0
50.0	30.95944609297725	21.266073194856578	15.33135509396637	32.4431256181998	0.0
51.0	28.44400396432111	17.34390485629336	22.794846382556987	31.41724479682854	0.0
52.0	27.083333333333332	16.26984126984127	18.3531746031746	38.2936507936508	0.0
53.0	28.926441351888666	18.190854870775347	19.383697813121273	33.49900596421471	0.0
54.0	25.47452547452547	20.579420579420578	18.681318681318682	35.264735264735265	0.0
55.0	30.630630630630627	15.415415415415415	17.417417417417415	36.53653653653654	0.0
56.0	30.630630630630627	18.91891891891892	18.81881881881882	31.631631631631627	0.0
57.0	28.628628628628626	21.22122122122122	19.41941941941942	30.73073073073073	0.0
58.0	35.6	16.400000000000002	16.1	31.900000000000002	0.0
59.0	24.874623871614844	16.850551654964896	22.066198595787363	36.2086258776329	0.0
60.0	24.473420260782348	17.853560682046137	18.655967903711137	39.01705115346038	0.0
61.0	25.903614457831324	23.293172690763054	19.176706827309236	31.626506024096386	0.0
62.0	30.753768844221106	18.79396984924623	20.502512562814072	29.94974874371859	0.0
63.0	37.5251509054326	16.800804828973842	19.3158953722334	26.358148893360163	0.0
64.0	25.653923541247487	24.547283702213278	20.321931589537222	29.47686116700201	0.0
65.0	27.66599597585513	17.806841046277665	20.62374245472837	33.903420523138834	0.0
66.0	28.37022132796781	22.334004024144868	20.02012072434608	29.275653923541245	0.0
67.0	33.83838383838384	16.262626262626263	17.87878787878788	32.02020202020202	0.0
68.0	23.96359959555106	18.90798786653185	23.458038422649143	33.67037411526795	0.0
69.0	24.291497975708502	19.230769230769234	26.417004048583	30.06072874493927	0.0
70.0	32.21884498480243	20.77001013171226	18.33839918946302	28.67274569402229	0.0
71.0	26.545086119554206	27.558257345491388	17.73049645390071	28.166160081053697	0.0
72.0	26.774847870182555	14.0973630831643	20.79107505070994	38.33671399594321	0.0
73.0	27.540650406504064	15.853658536585366	21.239837398373986	35.36585365853659	0.0
74.0	29.573170731707314	16.76829268292683	25.8130081300813	27.84552845528455	0.0
75.0	27.568667344862664	19.735503560528993	21.973550356052897	30.722278738555442	0.0
76.0	27.670396744659207	17.80264496439471	16.073245167853507	38.45371312309258	0.0
77.0	27.08757637474542	24.94908350305499	16.90427698574338	31.05906313645621	0.0
78.0	26.01626016260163	19.410569105691057	18.597560975609756	35.97560975609756	0.0
79.0	28.04878048780488	18.495934959349594	17.88617886178862	35.56910569105691	0.0
80.0	35.270132517838945	16.615698267074414	19.06218144750255	29.051987767584098	0.0
81.0	24.948875255623722	23.824130879345603	17.995910020449898	33.23108384458078	0.0
82.0	29.170931422722617	22.210849539406347	20.061412487205732	28.556806550665303	0.0
83.0	27.561475409836067	17.725409836065573	20.38934426229508	34.32377049180328	0.0
84.0	22.99794661190965	19.71252566735113	17.967145790554415	39.32238193018481	0.0
85.0	31.243576567317575	16.238437821171633	17.985611510791365	34.53237410071942	0.0
86.0	30.555555555555557	22.42798353909465	21.502057613168724	25.514403292181072	0.0
87.0	30.349794238683124	18.930041152263374	18.106995884773664	32.61316872427983	0.0
88.0	33.88259526261586	15.653964984552008	15.550978372811535	34.9124613800206	0.0
89.0	29.55715756951596	14.00617919670443	18.22863027806385	38.20803295571576	0.0
90.0	28.07017543859649	16.202270381836943	18.988648090815275	36.738906088751285	0.0
91.0	27.404343329886245	26.990692864529475	16.23578076525336	29.36918304033092	0.0
92.0	28.43846949327818	24.612202688728026	15.615305067218202	31.334022750775592	0.0
93.0	36.89119170984456	16.269430051813472	16.06217616580311	30.777202072538863	0.0
94.0	31.818181818181817	17.96008869179601	17.96008869179601	32.26164079822617	0.0
95.0	31.042128603104214	17.738359201773836	19.17960088691796	32.03991130820399	0.0
96.0	30.93126385809313	17.184035476718403	18.736141906873613	33.148558758314856	0.0
97.0	28.31858407079646	16.5929203539823	19.911504424778762	35.176991150442475	0.0
98.0	33.4070796460177	20.464601769911507	18.25221238938053	27.876106194690266	0.0
99.0	30.973451327433626	16.8141592920354	19.13716814159292	33.07522123893805	0.0
100.0	33.481646273637374	13.904338153503893	19.243604004449388	33.37041156840934	0.0
101.0	33.557046979865774	17.89709172259508	20.917225950782996	27.628635346756152	0.0
102.0	31.655480984340045	17.114093959731544	21.02908277404922	30.201342281879196	0.0
103.0	26.038159371492704	18.069584736251404	19.753086419753085	36.13916947250281	0.0
104.0	27.946127946127948	18.069584736251404	19.977553310886645	34.00673400673401	0.0
105.0	30.292792792792795	18.693693693693696	18.01801801801802	32.9954954954955	0.0
106.0	33.483652762119505	17.023675310033823	18.489289740698986	31.003382187147686	0.0
107.0	31.07344632768362	18.418079096045197	16.497175141242938	34.01129943502825	0.0
108.0	34.42808607021517	17.10079275198188	16.987542468856173	31.483578708946773	0.0
109.0	27.18006795016987	20.385050962627407	21.517553793884485	30.91732729331823	0.0
110.0	25.821064552661383	19.25254813137033	22.197055492638732	32.72933182332956	0.0
111.0	30.30646992054484	19.182746878547103	19.523269012485812	30.98751418842225	0.0
112.0	27.64505119453925	17.633674630261662	21.387940841865756	33.33333333333333	0.0
113.0	32.68571428571428	17.599999999999998	17.942857142857143	31.771428571428572	0.0
114.0	28.26086956521739	18.993135011441648	19.794050343249427	32.951945080091534	0.0
115.0	26.65903890160183	20.938215102974826	18.993135011441648	33.40961098398169	0.0
116.0	28.37528604118993	20.022883295194507	19.565217391304348	32.036613272311214	0.0
117.0	31.922196796338675	18.07780320366133	18.421052631578945	31.57894736842105	0.0
118.0	27.835051546391753	18.213058419243985	21.420389461626574	32.531500572737684	0.0
119.0	23.05045871559633	19.610091743119266	27.408256880733944	29.931192660550458	0.0
120.0	25.25832376578645	23.30654420206659	24.225028702640643	27.210103329506314	0.0
121.0	29.689298043728424	16.455696202531644	18.642117376294593	35.21288837744534	0.0
122.0	30.29953917050691	17.28110599078341	19.70046082949309	32.71889400921659	0.0
123.0	32.410611303344865	17.531718569780853	17.99307958477509	32.06459054209919	0.0
124.0	30.103806228373703	17.87773933102653	20.876585928489042	31.141868512110726	0.0
125.0	27.10495963091119	20.876585928489042	18.45444059976932	33.56401384083045	0.0
126.0	31.90751445086705	17.109826589595375	20.115606936416185	30.86705202312139	0.0
127.0	28.901734104046245	18.497109826589593	20.92485549132948	31.676300578034684	0.0
128.0	32.329084588644264	15.874855156431057	17.72885283893395	34.06720741599073	0.0
129.0	29.629629629629626	18.055555555555554	16.89814814814815	35.41666666666667	0.0
130.0	30.82271147161066	18.88760139049826	15.643105446118192	34.64658169177289	0.0
131.0	31.170336037079956	20.046349942062573	18.076477404403242	30.70683661645423	0.0
132.0	29.89571263035921	17.265353418308226	21.78447276940904	31.05446118192352	0.0
133.0	28.190255220417633	20.765661252900234	21.11368909512761	29.930394431554525	0.0
134.0	26.77532013969732	19.67403958090803	20.954598370197903	32.596041909196735	0.0
135.0	27.855477855477854	16.666666666666664	21.095571095571096	34.38228438228438	0.0
136.0	26.573426573426573	17.132867132867133	22.61072261072261	33.68298368298368	0.0
137.0	30.186480186480185	16.55011655011655	20.163170163170165	33.1002331002331	0.0
138.0	28.23803967327888	18.436406067677947	19.1365227537923	34.18903150525088	0.0
139.0	28.621495327102803	17.172897196261683	18.574766355140188	35.63084112149533	0.0
140.0	26.846424384525204	15.943728018757328	23.798358733880423	33.41148886283705	0.0
141.0	30.633802816901408	16.19718309859155	20.422535211267608	32.74647887323944	0.0
142.0	32.193396226415096	16.86320754716981	18.04245283018868	32.90094339622642	0.0
143.0	33.21513002364066	19.38534278959811	18.55791962174941	28.841607565011824	0.0
144.0	35.07109004739337	16.70616113744076	16.587677725118482	31.635071090047397	0.0
145.0	29.166666666666668	17.857142857142858	19.761904761904763	33.214285714285715	0.0
146.0	27.577937649880095	19.424460431654676	18.94484412470024	34.05275779376499	0.0
147.0	30.85234093637455	18.24729891956783	17.52701080432173	33.373349339735896	0.0
148.0	27.884615384615387	20.552884615384613	19.230769230769234	32.331730769230774	0.0
149.0	32.57211538461539	18.389423076923077	17.067307692307693	31.971153846153843	0.0
150.0	28.347406513872137	20.14475271411339	18.21471652593486	33.293124246079614	0.0
151.0	27.569528415961308	20.19347037484885	22.007255139056834	30.22974607013301	0.0
152.0	28.501827040194883	18.879415347137638	17.417783191230207	35.20097442143727	0.0
153.0	30.80684596577017	16.25916870415648	19.315403422982886	33.618581907090466	0.0
154.0	33.497536945812804	15.763546798029557	19.58128078817734	31.157635467980292	0.0
155.0	31.442663378545006	20.71516646115906	16.892725030826142	30.949445129469787	0.0
156.0	32.38566131025958	16.19283065512979	18.541409147095177	32.88009888751545	0.0
157.0	32.12951432129515	18.05728518057285	21.046077210460773	28.767123287671232	0.0
158.0	28.179551122194514	22.194513715710723	16.33416458852868	33.29177057356609	0.0
159.0	34.45692883895131	14.357053682896378	20.34956304619226	30.836454431960046	0.0
160.0	27.53441802252816	16.896120150187734	22.40300375469337	33.166458072590736	0.0
161.0	28.050314465408803	18.867924528301888	23.0188679245283	30.062893081761004	0.0
162.0	30.808080808080806	18.434343434343432	20.075757575757574	30.681818181818183	0.0
163.0	30.341340075853353	16.8141592920354	17.9519595448799	34.89254108723136	0.0
164.0	29.49367088607595	14.810126582278482	22.911392405063292	32.78481012658228	0.0
165.0	30.038022813688215	17.99746514575412	20.912547528517113	31.05196451204056	0.0
166.0	26.522842639593907	19.543147208121827	21.19289340101523	32.74111675126903	0.0
167.0	28.35249042145594	17.624521072796934	22.47765006385696	31.545338441890163	0.0
168.0	27.435897435897438	19.35897435897436	20.51282051282051	32.69230769230769	0.0
169.0	25.673940949935815	17.073170731707318	19.383825417201543	37.869062901155324	0.0
170.0	30.630630630630627	16.602316602316602	19.305019305019304	33.46203346203346	0.0
171.0	31.185567010309278	18.298969072164947	17.010309278350515	33.50515463917525	0.0
172.0	29.427083333333332	18.619791666666664	18.359375	33.59375	0.0
173.0	30.378096479791395	19.165580182529336	20.469361147327252	29.986962190352024	0.0
174.0	32.28346456692913	19.160104986876643	17.191601049868765	31.36482939632546	0.0
175.0	30.577427821522306	18.503937007874015	20.99737532808399	29.92125984251969	0.0
176.0	31.53034300791557	17.018469656992085	17.54617414248021	33.90501319261214	0.0
177.0	27.380952380952383	22.08994708994709	16.666666666666664	33.86243386243386	0.0
178.0	26.560424966799467	21.115537848605577	21.248339973439574	31.07569721115538	0.0
179.0	23.834886817576564	20.63914780292943	23.169107856191744	32.35685752330226	0.0
180.0	30.97463284379172	14.018691588785046	22.563417890520697	32.44325767690254	0.0
181.0	28.208556149732622	18.71657754010695	20.855614973262032	32.219251336898395	0.0
182.0	31.536388140161726	16.9811320754717	21.563342318059302	29.919137466307276	0.0
183.0	29.076086956521742	23.777173913043477	19.157608695652172	27.98913043478261	0.0
184.0	31.095890410958905	18.904109589041095	19.863013698630137	30.136986301369863	0.0
185.0	28.198074277854197	21.182943603851445	22.696011004126547	27.92297111416781	0.0
186.0	29.41988950276243	16.022099447513813	21.2707182320442	33.28729281767956	0.0
187.0	29.526462395543174	23.398328690807798	16.15598885793872	30.919220055710305	0.0
188.0	30.392156862745097	18.067226890756302	21.1484593837535	30.392156862745097	0.0
189.0	30.508474576271187	19.915254237288135	20.056497175141246	29.51977401129944	0.0
190.0	33.04964539007092	17.30496453900709	17.73049645390071	31.914893617021278	0.0
191.0	29.078014184397162	19.148936170212767	20.28368794326241	31.48936170212766	0.0
192.0	29.72972972972973	20.056899004267425	20.76813655761024	29.445234708392604	0.0
193.0	29.656160458452725	19.340974212034386	20.34383954154728	30.659025787965614	0.0
194.0	29.942693409742123	21.346704871060172	21.346704871060172	27.363896848137536	0.0
195.0	29.250720461095103	21.902017291066283	17.86743515850144	30.979827089337174	0.0
196.0	29.796511627906973	20.348837209302324	21.075581395348838	28.77906976744186	0.0
197.0	31.06508875739645	19.674556213017752	19.674556213017752	29.585798816568047	0.0
198.0	28.83156297420334	23.21699544764795	20.030349013657055	27.921092564491655	0.0
199.0	28.753993610223645	23.80191693290735	20.60702875399361	26.837060702875398	0.0
200.0	26.168224299065418	18.317757009345794	17.570093457943926	37.94392523364486	0.0
201.0	34.366925064599485	19.638242894056848	16.795865633074936	29.198966408268735	0.0
202.0	36.81462140992167	17.4934725848564	17.4934725848564	28.198433420365536	0.0
203.0	35.07853403141361	16.75392670157068	20.418848167539267	27.748691099476442	0.0
204.0	32.98153034300791	16.62269129287599	25.32981530343008	25.065963060686013	0.0
205.0	34.03693931398417	16.358839050131927	24.274406332453825	25.32981530343008	0.0
206.0	32.27513227513227	21.164021164021165	18.253968253968253	28.306878306878307	0.0
207.0	25.66137566137566	24.6031746031746	16.93121693121693	32.804232804232804	0.0
208.0	26.329787234042552	18.351063829787233	20.212765957446805	35.1063829787234	0.0
209.0	24.396782841823057	19.839142091152816	20.10723860589812	35.656836461126005	0.0
210.0	28.763440860215056	17.741935483870968	17.20430107526882	36.29032258064516	0.0
211.0	33.692722371967655	17.25067385444744	18.598382749326145	30.45822102425876	0.0
212.0	25.745257452574528	14.363143631436316	26.01626016260163	33.87533875338754	0.0
213.0	27.945205479452056	18.904109589041095	18.356164383561644	34.794520547945204	0.0
214.0	30.494505494505496	22.252747252747252	18.681318681318682	28.57142857142857	0.0
215.0	31.767955801104975	23.480662983425415	16.85082872928177	27.900552486187845	0.0
216.0	31.11111111111111	20.555555555555554	18.333333333333332	30.0	0.0
217.0	25.98870056497175	18.07909604519774	23.44632768361582	32.48587570621469	0.0
218.0	26.436781609195403	16.379310344827587	22.701149425287355	34.48275862068966	0.0
219.0	19.0625	23.75	25.3125	31.874999999999996	0.0
220.0	0.0	26.34146341463415	26.34146341463415	47.3170731707317	0.0
