# Position (bp)	A	C	G	T	N
0.0	39.97308209959623	14.535666218034994	20.323014804845222	25.168236877523555	0.0
1.0	17.02557200538358	38.76177658142665	25.437415881561236	18.775235531628535	0.0
2.0	22.685185185185187	34.78835978835979	20.238095238095237	22.288359788359788	0.0
3.0	41.55161078238001	17.488494411571335	15.976331360946746	24.983563445101904	0.0
4.0	39.489194499017685	17.026850032743944	16.30648330058939	27.177472167648986	0.0
5.0	26.140808344198174	34.8109517601043	14.015645371577575	25.03259452411995	0.0
6.0	26.97068403908795	34.527687296416936	14.65798045602606	23.843648208469055	0.0
7.0	47.49512036434613	15.940143135979179	13.923227065712426	22.641509433962266	0.0
8.0	39.54545454545455	18.571428571428573	18.571428571428573	23.31168831168831	0.0
9.0	20.909090909090907	33.311688311688314	15.974025974025974	29.805194805194805	0.0
10.0	21.99870214146658	12.134977287475666	16.80726800778715	49.059052563270605	0.0
11.0	20.012953367875646	20.33678756476684	16.515544041450777	43.134715025906736	0.0
12.0	24.579560155239328	15.976714100905562	16.81759379042691	42.62613195342821	0.0
13.0	22.833117723156533	33.3117723156533	16.041397153945667	27.8137128072445	0.0
14.0	17.75338928340865	17.301484828921883	39.89670755326017	25.048418334409295	0.0
15.0	37.70913770913771	17.63191763191763	20.077220077220076	24.581724581724583	0.0
16.0	23.314065510597302	18.561335902376364	16.056518946692357	42.06807964033398	0.0
17.0	26.251604621309372	31.193838254172015	18.10012836970475	24.454428754813865	0.0
18.0	21.373555840821563	18.10012836970475	20.410783055198973	40.11553273427471	0.0
19.0	29.20410783055199	35.109114249037226	15.725288831835687	19.961489088575096	0.0
20.0	19.897632757517595	23.736404350607806	15.930902111324377	40.435060780550224	0.0
21.0	21.250797702616463	17.294192724952136	21.250797702616463	40.204211869814934	0.0
22.0	20.153061224489797	13.966836734693878	40.433673469387756	25.44642857142857	0.0
23.0	22.307202039515612	17.208413001912046	19.821542383683873	40.662842574888465	0.0
24.0	40.254777070063696	16.560509554140125	15.286624203821656	27.898089171974522	0.0
25.0	22.547770700636942	16.81528662420382	34.3312101910828	26.305732484076433	0.0
26.0	45.92356687898089	13.821656050955413	14.84076433121019	25.414012738853504	0.0
27.0	19.61783439490446	18.08917197452229	11.910828025477707	50.382165605095544	0.0
28.0	22.278803309993634	33.03628262253342	11.521323997453852	33.1635900700191	0.0
29.0	26.573426573426573	13.604577240940877	11.760966306420851	48.061029879211695	0.0
30.0	24.87277353689567	14.122137404580155	33.26972010178117	27.735368956743002	0.0
31.0	24.045801526717558	14.376590330788805	17.748091603053435	43.829516539440206	0.0
32.0	23.60050890585242	14.75826972010178	14.31297709923664	47.32824427480916	0.0
33.0	24.030514939605848	33.56643356643357	13.54100445009536	28.862047043865225	0.0
34.0	29.486366518706404	13.696892834495877	17.374762206721623	39.44197844007609	0.0
35.0	28.30905636478784	32.678910702976566	14.249525015832806	24.762507916402786	0.0
36.0	26.818469323213158	14.231499051233396	16.382036685642	42.56799493991144	0.0
37.0	40.41745730550284	16.824794433902593	18.153067678684376	24.60468058191018	0.0
38.0	38.874841972187106	19.152970922882428	14.538558786346398	27.43362831858407	0.0
39.0	41.072555205047315	17.665615141955836	11.92429022082019	29.33753943217666	0.0
40.0	26.84310018903592	32.136105860113425	16.509136735979837	24.511657214870823	0.0
41.0	20.481927710843372	15.409004438807864	36.46163601775523	27.647431832593533	0.0
42.0	40.456563094483194	13.506658211794548	18.13570069752695	27.901077996195305	0.0
43.0	41.79389312977099	18.25699745547074	14.821882951653945	25.127226463104325	0.0
44.0	26.053639846743295	32.630906768837804	16.794380587484035	24.521072796934863	0.0
45.0	32.75471698113208	19.39622641509434	17.962264150943398	29.886792452830193	0.0
46.0	27.66768292682927	16.234756097560975	22.408536585365855	33.6890243902439	0.0
47.0	35.84615384615385	13.076923076923078	20.076923076923077	31.0	0.0
48.0	28.39903459372486	19.629927594529363	18.34271922767498	33.6283185840708	0.0
49.0	26.591458501208702	20.1450443190975	19.742143432715554	33.52135374697824	0.0
50.0	27.61133603238866	20.08097165991903	20.08097165991903	32.22672064777328	0.0
51.0	26.720647773279353	18.947368421052634	19.838056680161944	34.493927125506076	0.0
52.0	28.444084278768234	16.53160453808752	20.826580226904376	34.197730956239866	0.0
53.0	29.578606158833065	19.93517017828201	20.826580226904376	29.65964343598055	0.0
54.0	30.16260162601626	21.544715447154474	16.7479674796748	31.54471544715447	0.0
55.0	30.8130081300813	18.211382113821138	18.3739837398374	32.60162601626016	0.0
56.0	26.01626016260163	18.617886178861788	22.195121951219512	33.170731707317074	0.0
57.0	28.292682926829265	19.43089430894309	23.008130081300813	29.268292682926827	0.0
58.0	26.118795768917817	17.982099267697315	18.958502847843775	36.94060211554109	0.0
59.0	23.697068403908794	19.29967426710098	24.267100977198698	32.73615635179153	0.0
60.0	29.200652528548126	18.107667210440457	18.92332789559543	33.768352365415986	0.0
61.0	28.594771241830063	16.911764705882355	23.03921568627451	31.454248366013072	0.0
62.0	29.901960784313726	17.483660130718953	23.774509803921568	28.83986928104575	0.0
63.0	32.3240589198036	18.085106382978726	21.27659574468085	28.314238952536826	0.0
64.0	31.725265739983648	17.66148814390842	22.48569092395748	28.12755519215045	0.0
65.0	28.55973813420622	20.130932896890343	22.504091653027825	28.805237315875615	0.0
66.0	29.70540098199673	14.648117839607202	22.749590834697216	32.89689034369886	0.0
67.0	25.716625716625718	18.01801801801802	18.0999180999181	38.16543816543817	0.0
68.0	28.501228501228503	20.475020475020475	18.591318591318593	32.432432432432435	0.0
69.0	27.354627354627354	21.13022113022113	19.737919737919736	31.77723177723178	0.0
70.0	28.665028665028665	21.94922194922195	16.871416871416873	32.514332514332516	0.0
71.0	27.027027027027028	20.72072072072072	22.358722358722357	29.89352989352989	0.0
72.0	25.94417077175698	20.853858784893266	19.54022988505747	33.66174055829228	0.0
73.0	26.86935086277732	17.091207888249794	21.857025472473296	34.18241577649959	0.0
74.0	30.484798685291704	17.584223500410847	23.664749383730484	28.26622843056697	0.0
75.0	29.745275267050125	20.213640098603122	22.67871815940838	27.36236647493837	0.0
76.0	30.427631578947366	20.80592105263158	16.282894736842106	32.48355263157895	0.0
77.0	30.592105263157894	19.654605263157894	18.421052631578945	31.332236842105267	0.0
78.0	29.276315789473685	19.81907894736842	20.888157894736842	30.01644736842105	0.0
79.0	29.218106995884774	20.246913580246915	19.50617283950617	31.02880658436214	0.0
80.0	29.159802306425043	17.298187808896213	21.993410214168037	31.548599670510708	0.0
81.0	27.205276174773292	17.477328936521022	20.19785655399835	35.11953833470734	0.0
82.0	33.11312964492155	17.09331131296449	22.791081750619323	27.002477291494632	0.0
83.0	26.776859504132233	21.90082644628099	21.487603305785125	29.83471074380165	0.0
84.0	28.595041322314053	17.60330578512397	20.24793388429752	33.553719008264466	0.0
85.0	33.27745180217938	16.848281642917016	22.464375523889355	27.40989103101425	0.0
86.0	32.52305113160101	15.84241408214585	22.799664710813076	28.834870075440065	0.0
87.0	32.94216261525566	18.273260687342834	21.62615255658005	27.15842414082146	0.0
88.0	33.75209380234506	16.666666666666664	19.430485762144052	30.15075376884422	0.0
89.0	31.072026800670017	16.24790619765494	21.105527638190953	31.57453936348409	0.0
90.0	27.889447236180903	18.67671691792295	19.01172529313233	34.42211055276382	0.0
91.0	29.03765690376569	20.753138075313807	17.405857740585773	32.80334728033473	0.0
92.0	29.958158995815896	17.489539748953973	18.493723849372383	34.05857740585774	0.0
93.0	32.10702341137124	17.725752508361204	18.311036789297656	31.8561872909699	0.0
94.0	31.57453936348409	15.661641541038525	21.273031825795645	31.490787269681743	0.0
95.0	31.89873417721519	17.974683544303797	20.506329113924053	29.620253164556964	0.0
96.0	30.042194092827003	17.383966244725737	19.156118143459917	33.41772151898734	0.0
97.0	32.32067510548523	17.72151898734177	18.90295358649789	31.05485232067511	0.0
98.0	31.08108108108108	19.93243243243243	18.83445945945946	30.152027027027028	0.0
99.0	35.25423728813559	17.88135593220339	17.966101694915253	28.89830508474576	0.0
100.0	33.72982158028887	15.293118096856414	19.20135938827528	31.775700934579437	0.0
101.0	32.680851063829785	18.29787234042553	18.808510638297875	30.21276595744681	0.0
102.0	30.434782608695656	15.942028985507244	21.398124467178175	32.22506393861892	0.0
103.0	26.666666666666668	17.264957264957264	20.427350427350426	35.64102564102564	0.0
104.0	25.107851596203624	17.601380500431407	21.484037963761864	35.8067299396031	0.0
105.0	28.373702422145332	19.463667820069205	20.242214532871973	31.920415224913494	0.0
106.0	31.022530329289427	18.284228769497403	19.49740034662045	31.195840554592717	0.0
107.0	31.629116117850952	18.284228769497403	20.01733102253033	30.06932409012132	0.0
108.0	33.76736111111111	16.927083333333336	17.79513888888889	31.510416666666668	0.0
109.0	26.2882096069869	21.921397379912662	20.087336244541483	31.70305676855895	0.0
110.0	23.90542907180385	19.264448336252187	21.278458844133098	35.551663747810856	0.0
111.0	29.09728308501315	18.66783523225241	21.472392638036812	30.762489044697634	0.0
112.0	26.842105263157894	18.771929824561404	21.140350877192983	33.24561403508772	0.0
113.0	28.031634446397184	19.332161687170473	21.00175746924429	31.63444639718805	0.0
114.0	29.717813051146386	16.666666666666664	19.48853615520282	34.12698412698413	0.0
115.0	29.037952338923212	18.27007943512798	17.917034421888793	34.77493380406001	0.0
116.0	28.886925795053003	18.992932862190813	19.964664310954063	32.15547703180212	0.0
117.0	32.50883392226148	16.696113074204945	17.6678445229682	33.12720848056537	0.0
118.0	27.659574468085108	17.02127659574468	21.54255319148936	33.77659574468085	0.0
119.0	22.064056939501782	24.555160142348754	26.51245551601423	26.868327402135233	0.0
120.0	27.142857142857142	21.696428571428573	21.517857142857146	29.642857142857142	0.0
121.0	30.178571428571427	17.946428571428573	19.017857142857142	32.857142857142854	0.0
122.0	28.749999999999996	18.482142857142858	21.607142857142858	31.160714285714285	0.0
123.0	32.64573991031391	17.57847533632287	19.730941704035875	30.04484304932735	0.0
124.0	29.80251346499102	16.786355475763017	20.197486535008977	33.21364452423698	0.0
125.0	26.954177897574123	20.754716981132077	19.31716082659479	32.97394429469901	0.0
126.0	32.33965672990063	18.337850045167116	18.60885275519422	30.713640469738028	0.0
127.0	28.75226039783002	18.9873417721519	21.971066907775768	30.289330922242314	0.0
128.0	30.915684496826835	17.407071622846782	20.12692656391659	31.550317316409792	0.0
129.0	31.301182893539583	18.198362147406733	17.8343949044586	32.666060054595086	0.0
130.0	30.573248407643312	19.836214740673338	18.1073703366697	31.48316651501365	0.0
131.0	30.355515041020965	21.330902461257974	19.78122151321787	28.532360984503192	0.0
132.0	28.923357664233578	18.15693430656934	23.813868613138688	29.105839416058394	0.0
133.0	27.08142726440988	21.957913998170174	19.76212259835316	31.19853613906679	0.0
134.0	25.412844036697248	21.192660550458715	20.642201834862387	32.75229357798165	0.0
135.0	24.724264705882355	18.014705882352942	21.78308823529412	35.47794117647059	0.0
136.0	25.41436464088398	16.758747697974215	21.731123388581953	36.095764272559855	0.0
137.0	29.085872576177284	15.881809787626963	20.313942751615883	34.71837488457987	0.0
138.0	27.012025901942643	17.02127659574468	21.646623496762256	34.32007400555042	0.0
139.0	28.50510677808728	18.477251624883937	21.634168987929435	31.38347260909935	0.0
140.0	28.878504672897197	17.19626168224299	22.710280373831775	31.21495327102804	0.0
141.0	33.89513108614232	14.513108614232209	21.34831460674157	30.243445692883896	0.0
142.0	34.02255639097744	14.943609022556393	19.548872180451127	31.484962406015036	0.0
143.0	32.32514177693761	18.147448015122876	19.659735349716446	29.867674858223065	0.0
144.0	32.26111636707663	17.69157994323557	17.50236518448439	32.544938505203405	0.0
145.0	29.763033175355453	19.0521327014218	19.90521327014218	31.27962085308057	0.0
146.0	28.422053231939167	21.19771863117871	19.29657794676806	31.08365019011407	0.0
147.0	29.990448901623683	18.815663801337156	17.66953199617956	33.5243553008596	0.0
148.0	26.19961612284069	21.113243761996163	19.769673704414586	32.91746641074856	0.0
149.0	29.903846153846153	20.0	17.78846153846154	32.30769230769231	0.0
150.0	26.570048309178745	19.613526570048307	19.903381642512077	33.91304347826087	0.0
151.0	28.55759922555663	18.489835430784122	22.846079380445307	30.10648596321394	0.0
152.0	29.737609329446062	18.950437317784257	17.29834791059281	34.01360544217687	0.0
153.0	33.7890625	17.1875	18.75	30.2734375	0.0
154.0	32.64705882352941	18.137254901960784	19.019607843137255	30.19607843137255	0.0
155.0	31.827111984282908	18.958742632612964	17.38703339882122	31.827111984282908	0.0
156.0	31.724137931034484	14.482758620689657	18.12807881773399	35.66502463054187	0.0
157.0	28.783382789317507	19.683481701285853	22.45301681503462	29.080118694362017	0.0
158.0	28.69910625620655	19.860973187686195	15.988083416087386	35.45183714001986	0.0
159.0	32.2	15.6	21.2	31.0	0.0
160.0	27.354709418837675	15.831663326653306	24.949899799599198	31.863727454909817	0.0
161.0	27.43718592964824	18.190954773869347	24.22110552763819	30.15075376884422	0.0
162.0	30.83923154701719	19.817997977755308	19.009100101112235	30.33367037411527	0.0
163.0	26.5989847715736	18.17258883248731	18.883248730964468	36.34517766497462	0.0
164.0	29.065040650406505	16.260162601626014	23.577235772357724	31.097560975609756	0.0
165.0	31.841302136317395	18.107833163784335	23.09257375381485	26.95829094608342	0.0
166.0	26.836734693877553	21.224489795918366	20.816326530612244	31.122448979591837	0.0
167.0	26.386036960985628	20.123203285420946	23.203285420944557	30.287474332648873	0.0
168.0	28.969072164948457	19.690721649484537	17.11340206185567	34.22680412371134	0.0
169.0	26.65289256198347	19.00826446280992	19.00826446280992	35.33057851239669	0.0
170.0	29.679420889348503	16.85625646328852	20.47569803516029	32.988624612202685	0.0
171.0	29.948186528497413	18.65284974093264	16.787564766839377	34.61139896373057	0.0
172.0	30.29045643153527	19.08713692946058	18.04979253112033	32.572614107883815	0.0
173.0	28.125	21.041666666666668	18.854166666666668	31.979166666666664	0.0
174.0	30.04201680672269	21.323529411764707	16.80672268907563	31.827731092436974	0.0
175.0	30.063291139240505	19.09282700421941	21.202531645569618	29.64135021097046	0.0
176.0	28.78306878306878	17.46031746031746	20.952380952380953	32.804232804232804	0.0
177.0	26.489361702127663	23.51063829787234	20.425531914893615	29.574468085106382	0.0
178.0	24.757804090419803	22.17438105489774	21.31324004305705	31.754574811625403	0.0
179.0	23.809523809523807	20.562770562770563	23.809523809523807	31.818181818181817	0.0
180.0	28.990228013029316	14.983713355048861	22.041259500542886	33.984799131378935	0.0
181.0	27.153762268266085	20.283533260632495	20.50163576881134	32.06106870229007	0.0
182.0	32.38199780461032	16.794731064763997	21.844127332601538	28.979143798024147	0.0
183.0	30.033003300330037	23.652365236523654	20.242024202420243	26.072607260726073	0.0
184.0	26.82119205298013	24.282560706401764	18.874172185430464	30.022075055187635	0.0
185.0	29.20353982300885	22.566371681415927	22.566371681415927	25.663716814159294	0.0
186.0	30.88888888888889	17.0	22.444444444444443	29.666666666666668	0.0
187.0	31.69092945128779	20.38073908174692	17.469204927211646	30.45912653975364	0.0
188.0	28.490990990990987	20.045045045045047	21.50900900900901	29.954954954954953	0.0
189.0	28.2312925170068	19.727891156462583	22.56235827664399	29.47845804988662	0.0
190.0	29.772727272727273	15.454545454545453	20.0	34.77272727272727	0.0
191.0	27.554535017221582	20.20665901262916	20.55109070034443	31.687715269804823	0.0
192.0	29.64244521337947	20.530565167243367	18.800461361014996	31.02652825836217	0.0
193.0	27.134502923976605	19.415204678362574	20.116959064327485	33.33333333333333	0.0
194.0	26.092089728453367	19.126328217237308	24.321133412042503	30.460448642266826	0.0
195.0	27.73809523809524	19.523809523809526	18.80952380952381	33.92857142857143	0.0
196.0	26.076555023923444	22.00956937799043	20.454545454545457	31.45933014354067	0.0
197.0	29.6969696969697	20.242424242424242	19.87878787878788	30.181818181818183	0.0
198.0	28.19875776397516	24.099378881987576	19.503105590062113	28.19875776397516	0.0
199.0	28.125	22.526041666666664	19.270833333333336	30.078125	0.0
200.0	27.382753403933435	16.187594553706504	21.02874432677761	35.400907715582456	0.0
201.0	34.177215189873415	18.9873417721519	16.244725738396625	30.590717299578056	0.0
202.0	36.49789029535865	19.831223628691983	17.29957805907173	26.371308016877638	0.0
203.0	33.33333333333333	18.895966029723994	20.382165605095544	27.388535031847134	0.0
204.0	33.40471092077088	16.70235546038544	25.053533190578158	24.839400428265524	0.0
205.0	33.47639484978541	18.025751072961373	24.463519313304722	24.034334763948497	0.0
206.0	28.13852813852814	20.995670995670995	22.51082251082251	28.354978354978357	0.0
207.0	24.836601307189543	22.875816993464053	16.33986928104575	35.947712418300654	0.0
208.0	25.164113785557984	18.161925601750546	22.75711159737418	33.91684901531728	0.0
209.0	21.49122807017544	21.052631578947366	24.342105263157894	33.114035087719294	0.0
210.0	25.274725274725274	16.923076923076923	17.142857142857142	40.65934065934066	0.0
211.0	30.616740088105725	18.28193832599119	21.58590308370044	29.515418502202646	0.0
212.0	29.30648769574944	15.659955257270694	22.818791946308725	32.21476510067114	0.0
213.0	26.077097505668934	21.31519274376417	17.233560090702948	35.374149659863946	0.0
214.0	28.63741339491917	24.249422632794456	19.399538106235568	27.713625866050805	0.0
215.0	30.069930069930066	22.61072261072261	14.685314685314685	32.634032634032636	0.0
216.0	33.33333333333333	16.19718309859155	19.014084507042252	31.455399061032864	0.0
217.0	25.48076923076923	19.230769230769234	24.519230769230766	30.76923076923077	0.0
218.0	24.688279301745634	19.201995012468828	18.703241895261847	37.406483790523694	0.0
219.0	17.88617886178862	23.848238482384822	25.203252032520325	33.06233062330624	0.0
220.0	0.0	28.57142857142857	28.991596638655466	42.436974789915965	0.0
