# Position (bp)	A	C	G	T	N
0.0	26.525751711818994	24.560881214647218	25.010419767788033	23.90294730574576	0.0
1.0	26.625273922571218	20.816141195980496	15.216275442718102	37.34230943873018	0.0
2.0	27.667059748427675	20.55326257861635	17.715212264150942	34.064465408805034	0.0
3.0	24.08993471217564	22.074527960220433	15.142468408327868	38.69111126337324	0.001957655902821961
4.0	33.103958420525	15.168916617190465	14.4107141119103	37.31641085037423	0.0
5.0	35.40548150017961	14.895001019407578	22.5172571140086	27.179347773322586	0.002912593081620567
6.0	31.11822817389285	17.638919797582993	21.13961161478844	30.103240413735715	0.0
7.0	35.257016105699684	17.42212363776642	19.943099623878872	27.37583180634584	0.0019288263091908572
8.0	24.140951354264924	26.85429379944944	21.492097714978726	27.512657131306913	0.0
9.0	28.159427813347175	18.818134625367712	16.250408567418432	36.770106323662304	0.0019226702043798425
10.0	26.57034512552201	17.182354917678683	25.45960735371766	30.787692603081652	0.0
11.0	27.11562068436397	19.44817400644468	20.28444836581249	33.15175694337886	0.0
12.0	26.555507642182935	20.29514637535336	21.305160270231422	31.84418571223228	0.0
13.0	26.732606905532467	21.88092456768609	18.742220264654627	32.64329075623815	9.575058886612153E-4
14.0	30.075259962848772	19.61833815277964	20.614144276987304	29.69225760738429	0.0
15.0	29.178076945173213	19.109902525900534	19.516842528581552	32.19422049445604	9.575058886612153E-4
16.0	29.523736570979914	18.457841015722245	19.276508550527584	32.741913862770254	0.0
17.0	29.867481185009286	18.785308029644384	20.773090254505064	30.574120530841263	0.0
18.0	31.721212585457398	18.41283823895517	18.33528026197361	31.53066891361382	0.0
19.0	30.441984718206015	18.60146689902143	19.960167755031694	30.995423121852202	9.575058886612153E-4
20.0	30.439112200540038	17.669813669354067	20.607441735766674	31.28363239433922	0.0
21.0	28.7883720484881	18.30176755587047	19.31193626840805	33.59696662134472	9.575058886612153E-4
22.0	28.275148892165685	19.324383844960646	20.463815852467494	31.936651410406174	0.0
23.0	29.882801279227866	17.822057105651197	19.781114153852048	32.513069955380224	9.575058886612153E-4
24.0	30.34144659989659	18.363047932744784	19.236293303203812	32.05921216415481	0.0
25.0	29.40117581723128	18.06717861314847	19.430666998602042	33.10097857101822	0.0
26.0	30.338574082230608	17.687048775349968	21.159922633524197	30.814454508895228	0.0
27.0	28.9463605201172	18.72785767632471	20.19379919186503	32.13198261169306	0.0
28.0	30.260058599360384	17.848867270533713	20.714682395296734	31.176391734809165	0.0
29.0	29.821520902353548	18.785308029644384	19.234378291426495	32.158792776575574	0.0
30.0	29.813373167485373	18.225082110060995	19.295624946137714	32.66591977631592	0.0
31.0	29.935457923162375	18.609951354042977	19.602022446087254	31.852568276707398	0.0
32.0	28.948477303198622	19.451254548936987	19.068186171231567	32.532081976632824	0.0
33.0	29.99885061875024	17.445691735948817	19.513620167809663	33.041837477491285	0.0
34.0	29.04839003266878	18.924900125501768	19.429781282034085	32.59597053103534	9.580287600233758E-4
35.0	30.05620946432861	18.13211626231083	19.433101128993513	32.378573144367046	0.0
36.0	30.914580789091573	18.005058032752206	18.726260421374516	32.354100756781705	0.0
37.0	28.638389204900918	19.982867977555124	19.560342255459627	31.81840056208433	0.0
38.0	30.13846465152581	18.889777512261396	19.676048602345322	31.294745666355112	9.635675123577533E-4
39.0	30.422991922330844	18.788060104807034	18.98686534322856	31.80208262963356	0.0
40.0	29.50250973856082	19.820151553324678	19.110835481307777	31.564565204752032	0.0019380220546909824
41.0	29.23964076289182	17.927762950263972	20.773022150357484	32.05860006623678	9.740702499464261E-4
42.0	28.13477173233271	19.51024077548468	19.933356785490933	32.42065353345841	9.771732332707942E-4
43.0	29.339462670182215	18.67520069004048	20.316987345990608	31.666388951510932	0.0019603422757613477
44.0	28.959547227653697	19.506155856661394	20.265689328210822	31.267625008597566	9.825788765193127E-4
45.0	29.272687884039705	18.48708051047739	20.557940759413896	31.680321411690564	0.00196943437844651
46.0	29.47524166502269	17.811205365949892	19.927993687117777	32.78260011836654	0.002959163543105149
47.0	30.215073947105836	19.553254759387876	19.265765009237214	30.962942472411854	0.0029638118572233034
48.0	30.174042961599728	18.649015009844955	19.243670040666093	31.93129310259531	0.0019788852939139384
49.0	27.964791245390746	19.190357241980887	20.16375242853178	32.68109908409659	0.0
50.0	29.15672472759087	18.663008033086772	19.720830350751612	32.45943688857075	0.0
51.0	29.98611291498906	18.28099867123575	19.17316895287383	32.55971946090136	0.0
52.0	28.547899530997356	18.979040502947587	20.673274883753628	31.79978508230143	0.0
53.0	30.380347532839934	19.138538585030442	19.688815742975134	30.79229813915449	0.0
54.0	29.469402659579863	19.283475508941343	19.4630123647134	31.784109466765393	0.0
55.0	28.69805303964219	18.866463582366304	18.94083726427109	33.494646113720414	0.0
56.0	29.48842538130262	18.1930705729513	21.462401669445665	30.855079431651955	0.0010229446484650716
57.0	27.548172621124127	19.983172928936405	19.469126428761978	32.99850198025897	0.0010260409185118302
58.0	30.394720586418483	18.100111188897582	22.148210682370383	29.356957542313555	0.0
59.0	28.157677206034304	21.34531928084315	21.333953296135565	29.16305021698698	0.0
60.0	30.62629114804472	19.408485502808084	19.869405890230357	30.095817458916834	0.0
61.0	28.591865504098575	21.361666579648098	19.817261003498146	30.227118467080878	0.002088445674306897
62.0	31.073345259391772	16.710512469746398	21.335367778596233	30.879722192991686	0.0010522992739135009
63.0	25.88522588522589	21.197642936773374	24.73748473748474	28.179646440516002	0.0
64.0	26.10749325221713	21.281221884238036	18.066920868857377	34.54436399468746	0.0
65.0	27.55614609326895	19.628177290944247	19.176631990580205	33.63796437329185	0.001080251914746519
66.0	27.027380109955907	19.39796418267922	17.953295955582167	35.61809373469054	0.0032660170921561156
67.0	33.75090498233913	14.304205699743314	17.774950088852812	34.16664838419517	0.0032908448695728484
68.0	33.899890846717604	16.117930097346907	23.30645340936936	26.67238421955403	0.003341427012095966
69.0	31.78895677496717	17.03306115457089	20.583566493461998	30.594415576999946	0.0
70.0	31.667221626154625	16.82760491817431	23.56481310197689	27.94036035369418	0.0
71.0	26.22161585748338	19.602308367833395	25.2117049303726	28.96437084431063	0.0
