# Position (bp)	A	C	G	T	N
0.0	27.19149216514974	24.100674182426538	22.767481927638684	25.94035172478504	0.0
1.0	27.929237106188076	19.8866076114442	14.864859492040267	37.31909699581736	1.9879451009080932E-4
2.0	28.563024993711466	19.951395064638223	17.750110420747614	33.7354695209027	0.0
3.0	24.125154547142312	21.763792715250098	14.82842798399425	39.28045220592592	0.0021725476874217393
4.0	34.37299928491365	14.145905194915203	14.386040253648813	37.09387330560978	0.001181960912552622
5.0	36.25442363415685	14.83134618146195	22.063779017958137	26.84632014619877	0.004131020224294727
6.0	32.382959252007545	17.52601614680196	19.93880633067755	30.151825499849767	3.927706631736263E-4
7.0	35.300208460393506	16.816654867638437	20.143196405774138	27.73935194899682	5.883171970999883E-4
8.0	23.258583674172975	26.478147086016957	22.01569429426606	28.247574945544013	0.0
9.0	28.909288419569197	18.285199792525027	15.838169522709702	36.96460202973155	0.002740235464518844
10.0	27.19168718597633	17.08464777521137	24.46045135310097	31.26223579962723	9.778860840942917E-4
11.0	28.547170880498353	18.498848108611927	19.40746472515813	33.54632088430868	1.9540142291316168E-4
12.0	26.782454544212136	19.73385448290808	20.912298101721785	32.571392871158	0.0
13.0	27.84468345367251	21.13098663815724	18.33492983520589	32.68920498108584	1.9509187852018907E-4
14.0	31.518068434329148	18.555188566055183	20.34515655147792	29.58158644813775	0.0
15.0	29.964746897551404	18.88138218694094	19.204649429648892	31.949026393980244	1.9509187852018907E-4
16.0	30.676832254150092	17.765846825562498	18.916693816953096	32.64043201145579	1.9509187852018907E-4
17.0	30.17954305580213	18.568454813794556	20.155137061799255	31.096279792968502	5.852756355605673E-4
18.0	31.916836234024416	18.197390060849155	18.154274755696196	31.731303857551712	1.9509187852018907E-4
19.0	30.7696959883257	18.185489456259425	19.651409831460125	31.393209632076225	1.9509187852018907E-4
20.0	30.36253923785407	18.249674684292568	19.558546097284516	31.829239980568847	0.0
21.0	30.17837250453101	17.3977084507949	19.338482458313745	33.08465621884626	7.803675140807563E-4
22.0	28.93310104393664	18.93405699414139	19.65355584212385	32.47928611979812	0.0
23.0	29.874419357796555	17.663228497460878	19.976237809196242	32.48455360051816	0.0015607350281615126
24.0	30.865095916922076	18.002103090450447	18.496465910620607	32.63594489824983	3.9018375704037814E-4
25.0	29.424927669686042	18.167736095314087	19.22298806622979	33.18415307689156	1.9509187852018907E-4
26.0	31.898692689322033	17.720780601624337	19.958094264493866	30.422237352681247	1.9509187852018907E-4
27.0	29.04683960911391	18.243236652301402	19.602246678073037	33.10767706051165	0.0
28.0	30.148328355238903	17.873537542505645	19.970775236597678	32.00716377377926	1.9509187852018907E-4
29.0	29.44781086976031	18.335160697493844	19.412850336924333	32.80417809582151	0.0
30.0	30.211910038706456	18.22344393806967	19.22641715569984	32.33686321638157	0.0013656511424647271
31.0	30.864166219577623	18.16943861873872	19.26235185094864	31.702092376725354	0.0019509340096571235
32.0	29.559222039483313	18.487975324394085	19.290790934329095	32.66103622717633	9.754746171749865E-4
33.0	29.653510739996484	18.07440934896697	19.27678170786429	32.995298203172254	0.0
34.0	29.94016298611477	18.12864470236597	19.314849607557374	32.61556230599794	7.803979639417121E-4
35.0	30.430674135147218	17.554768965847124	19.410500256737155	32.60327569275103	7.809495174708168E-4
36.0	30.911572702614563	17.599928138053052	18.779791951852495	32.708511930450136	1.952770297582666E-4
37.0	29.278663421836974	19.00002734407044	19.208037594190557	32.51209975116896	0.0011718887330710906
38.0	30.97715778184539	18.156564817944023	19.227080130415334	31.63900192028568	1.9534950957505619E-4
39.0	29.966404324637026	18.638857238900624	19.444840747899537	31.948920501961215	9.771866015990682E-4
40.0	30.143206495157976	18.54035019074636	19.422087449867945	31.891812579477648	0.002543284750073364
41.0	29.847521439848933	18.003008826675128	20.310363605734008	31.83910612774193	0.0
42.0	29.450411132938864	18.431773890607662	19.521462433389406	32.596352543064064	0.0
43.0	29.77607562377252	18.16253695939225	20.15829509045854	31.902896125223425	1.9620115327037893E-4
44.0	29.510024676428614	18.846941359618214	19.780012681760446	31.862628658030246	3.9262416248358345E-4
45.0	29.481243726465035	18.495412339441703	19.67734141583985	32.34521679176087	7.857264925365806E-4
46.0	30.175170345447004	17.675637112607824	19.49200010219744	32.65699590620633	1.9653354139684246E-4
47.0	29.804238452781888	18.364466044995467	19.714762626590304	32.116139661718066	3.932139142675703E-4
48.0	30.360289836829104	17.74011455006058	18.856505593756392	33.04269664689314	3.933724607807656E-4
49.0	29.200398285640073	18.028722219379823	20.142351695665692	32.62852779931441	0.0
50.0	29.868037500984794	18.47081068305365	19.411486646182937	32.24868037500985	9.847947687701883E-4
51.0	30.289701856395613	18.079147304557754	19.38880166625904	32.24195469858226	3.944742053317134E-4
52.0	29.831790839860535	18.125697579091888	19.774799245379928	32.26771233566765	0.0
53.0	31.399008833450388	17.790944971461922	19.18352408178608	31.62612643803231	3.956752693064802E-4
54.0	30.33966495054683	18.45703724686572	19.043779874450546	32.15872556807264	7.923600642604012E-4
55.0	29.39316830917338	18.1948358716326	18.162904668500563	34.24909115069346	0.0
56.0	29.355666879121273	18.020915858048557	20.458385702400737	32.16503156042943	0.0
57.0	28.27410229352602	18.845824415390332	19.29892547481215	33.581147816271496	0.0
58.0	30.990712135890462	17.704630405073413	21.816832736886287	29.48742686975705	3.978523927837533E-4
59.0	29.490049999004004	20.582259317543475	20.9414155096512	28.986275173801317	0.0
60.0	31.565107489203157	18.909993391116142	19.31111869834938	30.213580757166447	1.9966416487468078E-4
61.0	29.263007081583282	21.054853756000536	19.203116777089207	30.47682127156341	0.0022011137635643634
62.0	31.333566144447257	16.48764294803094	21.341353274809435	30.836835535003953	6.020977084161218E-4
63.0	26.81975500758924	20.31880862008841	25.19245228251733	27.66858094283981	4.0314696521043264E-4
64.0	26.329290620163665	19.834515127299944	17.90028423746472	35.93469618959954	0.0012138254721275326
65.0	27.99350451639095	19.190703339084543	18.424845224804628	34.389729016543185	0.0012179031766974525
66.0	26.727343484169623	19.33793401345159	16.859516256211833	37.07296499367356	0.002241252493393399
67.0	33.66061000280231	13.832962078861405	17.619553144617424	34.884420198697846	0.0024545750210172987
68.0	34.665291724099454	15.35961016658435	22.742555781268408	27.231095745186494	0.0014465828612995686
69.0	31.825367511265423	16.88430650386771	20.216127228020557	31.07377663335409	4.221234922276512E-4
70.0	33.216938419199245	15.876979529215198	22.06465153229276	28.84074762866228	6.828906305129191E-4
71.0	26.14921133117218	19.749080745483912	25.327896081283864	28.77266635356648	0.001145488493568082
