# Position (bp)	A	C	G	T	N
0.0	67.85286364725617	7.979870596693027	11.39468008626887	12.77258566978193	0.0
1.0	11.434386973180075	67.9477969348659	11.063218390804598	9.554597701149426	0.0
2.0	14.110502500595379	64.4915456060967	8.466301500357227	12.931650392950703	0.0
3.0	69.05270655270655	8.93874643874644	9.09306742640076	12.91547958214625	0.0
4.0	68.83147665323537	9.279450106660345	8.603934581654421	13.285138658449869	0.0
5.0	13.189022947717058	63.99337591672582	8.24461793233972	14.572983203217413	0.0
6.0	14.402077676779601	63.65246133868493	9.00720103883839	12.938259945697084	0.0
7.0	70.11318085357226	8.724357462862532	9.290261730723886	11.872199952841312	0.0
8.0	67.45966317277117	10.128371216582263	10.151925568248734	12.260040042397833	0.0
9.0	13.506524039026685	62.78358998471847	9.145409662630774	14.564476313624075	0.0
10.0	13.414777399271701	7.012803946904735	8.974509573593329	70.59790908023024	0.0
11.0	12.60110186379088	9.869886297034345	8.263978431602391	69.26503340757239	0.0
12.0	13.038906414300735	8.599135413015539	9.14826498422713	69.21369318845659	0.0
13.0	13.311612753083546	62.32255061670933	9.844077263206888	14.521759367000234	0.0
14.0	13.249942089413944	8.790826963168866	64.50081074820477	13.458420199212414	0.0
15.0	65.10260548766429	9.315194835139497	10.80239797094766	14.779801706248557	0.0
16.0	12.377887599126538	10.41259625330422	9.97586484312148	67.23365130444776	0.0
17.0	14.09787331351475	60.519094443174026	9.341413217470844	16.041619025840383	0.0
18.0	13.027606662103583	9.582477754962355	9.844855122062514	67.54506046087155	0.0
19.0	13.635328932392444	62.71340769405873	9.765536080127475	13.885727293421352	0.0
20.0	13.73638838475499	9.845735027223231	9.357985480943737	67.05989110707804	0.0
21.0	12.56787330316742	9.807692307692308	10.79185520361991	66.83257918552036	0.0
22.0	13.524497629261683	8.015353352901332	62.73425152404606	15.725897493790924	0.0
23.0	13.986013986013987	10.342882923528085	9.84660500789533	65.8244980825626	0.0
24.0	65.8553076402975	8.181203515889115	10.694162722560288	15.2693261212531	0.0
25.0	15.852285521278992	8.83809952713353	59.85138482323801	15.45823012834947	0.0
26.0	66.55040504050405	8.35958595859586	8.067056705670566	17.022952295229523	0.0
27.0	12.469080278839668	11.749494040926468	8.196536991230042	67.58488868900382	0.0
28.0	12.85248848443995	61.038085608358614	8.1226828446242	17.986743062577236	0.0
29.0	15.32502526103065	7.1067699562142135	8.34175367688335	69.22645110587179	0.0
30.0	14.511933039248953	8.74335482411492	60.38909625607963	16.3556158805565	0.0
31.0	15.126145491571444	8.292793302409775	8.700079194479013	67.88098201153977	0.0
32.0	14.345656611476526	8.845543207076433	8.425946926740757	68.38285325470628	0.0
33.0	14.44166477143507	61.6215601546509	8.846941096201956	15.089833977712077	0.0
34.0	15.339098771051434	8.329540282203004	9.478834774692762	66.85252617205279	0.0
35.0	12.961059723649651	8.324768756423433	9.272581934452438	69.44158958547447	0.0
36.0	14.18787809610775	9.3368336947837	9.040063919643876	67.43522428946467	0.0
37.0	65.85226624043841	10.35506336339765	9.784221943144194	14.008448453019751	0.0
38.0	67.19552562492866	10.010272799908686	7.898641707567629	14.895559867595024	0.0
39.0	66.27124443937493	10.425459108018705	7.391353940914794	15.91194251169157	0.0
40.0	12.86823475679379	61.920529801324506	10.082210550353961	15.129024891527745	0.0
41.0	13.614860966885889	7.7073958693896385	63.75908618899273	14.918656974731743	0.0
42.0	67.58349705304518	9.014214723217382	9.24534843406911	14.156939789668325	0.0
43.0	67.65898297231553	9.984941503532955	8.583342986215683	13.772732537935827	0.0
44.0	14.447294776119405	62.18516791044776	8.04570895522388	15.321828358208956	0.0
45.0	24.257596685082873	11.792127071823204	11.671270718232044	52.27900552486188	0.0
46.0	27.65539803707743	14.067611777535442	18.146128680479826	40.13086150490731	0.0
47.0	30.949445129469787	17.82983970406905	19.38347718865598	31.837237977805177	0.0
48.0	27.04323919020245	20.74481379655086	18.270432391902027	33.941514621344666	0.0
49.0	27.65208647561589	19.78381096028155	19.10507792860734	33.45902463549522	0.0
50.0	28.06573957016435	23.919089759797725	17.06700379266751	30.94816687737042	0.0
51.0	29.817444219066935	18.53448275862069	17.24137931034483	34.40669371196755	0.0
52.0	28.274111675126907	18.096446700507617	19.18781725888325	34.441624365482234	0.0
53.0	31.841302136317395	18.794506612410984	20.49847405900305	28.865717192268566	0.0
54.0	29.46132244064335	22.364054123053357	17.61552208322696	30.559101353076336	0.0
55.0	30.01789823574533	17.974942469956535	21.094349271286116	30.912810023012018	0.0
56.0	27.527656290198095	19.861075379470027	19.88680216104965	32.72446616928222	0.0
57.0	30.971399123937132	16.56789487245555	20.819376449368722	31.641329554238602	0.0
58.0	29.44516129032258	19.27741935483871	19.612903225806452	31.66451612903226	0.0
59.0	28.198500904626517	20.54794520547945	20.54794520547945	30.705608684414575	0.0
60.0	29.27845793175306	18.390205782755924	20.369887991664495	31.961448293826518	0.0
61.0	28.694742348940622	18.25791263405702	21.47528119278054	31.572063824221814	0.0
62.0	28.01260173273825	19.952743502231556	22.18430034129693	29.85035442373326	0.0
63.0	34.444736151220795	17.931215542137043	19.217642425833553	28.40640588080861	0.0
64.0	30.223390275952696	17.608409986859396	21.55059132720105	30.617608409986858	0.0
65.0	29.062996294335626	19.37533086289042	22.101641079936474	29.46003176283748	0.0
66.0	28.30238726790451	16.52519893899204	22.572944297082227	32.59946949602122	0.0
67.0	29.556911647651894	17.139824887237996	20.350225524011677	32.95303794109844	0.0
68.0	25.931842385516507	20.66027689030884	19.755058572949945	33.65282215122471	0.0
69.0	26.839710998126844	18.945678351618948	22.023013112122023	32.19159753813219	0.0
70.0	28.353004291845497	20.43991416309013	19.179184549356222	32.027896995708154	0.0
71.0	28.076303062869425	22.62224610424503	18.96829661472327	30.333154218162278	0.0
72.0	28.08053691275168	17.825503355704697	20.42953020134228	33.66442953020134	0.0
73.0	28.598331988162496	18.832391713747647	20.25827280064568	32.311003497444176	0.0
74.0	30.916442048517524	16.361185983827493	22.318059299191376	30.40431266846361	0.0
75.0	28.822258238789843	20.61048082117774	21.09670448406267	29.47055645596975	0.0
76.0	28.482553421693265	20.421963754395456	18.853124154720042	32.24235866919123	0.0
77.0	29.027890603845112	20.064987814784725	18.656918494448956	32.2502030869212	0.0
78.0	30.64210241127066	20.130046057978866	18.423191547006233	30.804659983744244	0.0
79.0	28.703201302224635	20.537167661421595	18.583830710797614	32.17580032555616	0.0
80.0	30.02177463255308	17.419706042460533	21.747414262384325	30.811105062602067	0.0
81.0	26.282751091703055	19.56877729257642	19.022925764192138	35.125545851528386	0.0
82.0	30.77133479212254	17.505470459518598	21.2253829321663	30.49781181619256	0.0
83.0	29.381161007667032	19.934282584884993	20.29025191675794	30.394304490690033	0.0
84.0	28.594905505341	20.37797863599014	19.39194741166804	31.635168447000822	0.0
85.0	34.21917808219178	18.136986301369863	18.356164383561644	29.28767123287671	0.0
86.0	29.577850877192986	18.887061403508774	21.628289473684212	29.906798245614034	0.0
87.0	30.48613018401538	19.280417467728647	22.054380664652566	28.179071683603407	0.0
88.0	33.38838425543628	18.084227910817507	16.818056702449766	31.709331131296448	0.0
89.0	29.427942794279428	17.82178217821782	18.701870187018702	34.04840484048405	0.0
90.0	30.470685383980182	16.87310762455271	19.37792458023672	33.278282411230386	0.0
91.0	29.672447013487474	22.76355628956785	16.73548031929535	30.828516377649322	0.0
92.0	30.03582254064481	18.655276935794983	17.663268117938827	33.645632405621384	0.0
93.0	32.12707182320442	18.066298342541437	18.45303867403315	31.353591160220994	0.0
94.0	30.40110650069156	17.040110650069156	19.695712309820195	32.863070539419084	0.0
95.0	29.889196675900276	17.86703601108033	20.166204986149587	32.07756232686981	0.0
96.0	28.448515126283652	17.180127671384955	20.538440188731613	33.832917013599776	0.0
97.0	30.69003895381191	16.38842515303283	19.198664440734557	33.7228714524207	0.0
98.0	29.69054920546418	19.98884862001673	19.236130471145803	31.08447170337329	0.0
99.0	29.60581492871121	18.758736371260834	18.786692759295498	32.84875594073245	0.0
100.0	31.583380123526112	14.823133071308254	20.185289163391353	33.40819764177429	0.0
101.0	31.04225352112676	18.929577464788732	19.267605633802816	30.760563380281692	0.0
102.0	30.73446327683616	15.53672316384181	21.242937853107343	32.48587570621469	0.0
103.0	28.01358234295416	18.109790605546124	20.656479909451047	33.220147142048674	0.0
104.0	27.995457126632594	18.710959681998865	20.64168086314594	32.6519023282226	0.0
105.0	29.30788949017374	20.165195101110793	18.285388778125892	32.241526630589576	0.0
106.0	30.61516452074392	17.339055793991417	19.65665236051502	32.389127324749644	0.0
107.0	31.22133027522936	19.12270642201835	18.23394495412844	31.422018348623855	0.0
108.0	34.05358686257563	17.228464419475657	16.882742725439353	31.835205992509362	0.0
109.0	29.919215233698786	18.9267166762839	19.186381996537797	31.967686093479514	0.0
110.0	26.827146171693734	19.924593967517403	20.649651972157773	32.59860788863109	0.0
111.0	30.726744186046513	17.558139534883722	19.680232558139537	32.03488372093023	0.0
112.0	26.18562700029095	19.522839685772475	20.80302589467559	33.48850741926098	0.0
113.0	29.391203029420332	20.04078065831634	19.39994174191669	31.168074570346636	0.0
114.0	30.497076023391813	16.95906432748538	20.146198830409357	32.397660818713454	0.0
115.0	28.290246768507636	18.33137485311398	19.858989424206815	33.51938895417156	0.0
116.0	28.125	20.371462264150946	19.13325471698113	32.37028301886792	0.0
117.0	31.826241134751772	18.85342789598109	19.47399527186761	29.846335697399528	0.0
118.0	28.06288935034115	17.531889646989026	21.299317709878373	33.10590329279145	0.0
119.0	23.623921451948824	20.946146980065457	26.74799166914609	28.68193989883963	0.0
120.0	27.643729520405124	20.64343163538874	22.430741733690795	29.28209711051534	0.0
121.0	29.751571385812632	19.03621670158635	18.138281951511523	33.07392996108949	0.0
122.0	30.044977511244376	18.530734632683657	20.77961019490255	30.644677661169418	0.0
123.0	32.45192307692308	17.518028846153847	18.56971153846154	31.460336538461537	0.0
124.0	29.379727685325264	19.51588502269289	20.393343419062028	30.71104387291982	0.0
125.0	27.91616038882139	20.71688942891859	18.955042527339003	32.411907654921016	0.0
126.0	31.840341255332117	16.910420475319928	18.555758683729433	32.693479585618526	0.0
127.0	28.392420537897312	20.385085574572127	20.904645476772615	30.317848410757946	0.0
128.0	30.658499234303214	18.192955589586525	19.93874425727412	31.209800918836137	0.0
129.0	31.540116815247465	18.167845066092838	16.75376575468798	33.538272363971714	0.0
130.0	30.465618254702438	19.272278754239903	16.0345359235276	34.22756706753006	0.0
131.0	30.607187112763324	20.44609665427509	18.09169764560099	30.855018587360593	0.0
132.0	28.962088253573647	19.173399627097577	21.317588564325668	30.546923555003108	0.0
133.0	29.834942385549674	21.021488632824664	19.464341326689507	29.679227654936156	0.0
134.0	26.508283838699594	20.662707095967487	20.100031259768677	32.72897780556424	0.0
135.0	28.195488721804512	16.791979949874687	19.517543859649123	35.49498746867168	0.0
136.0	25.204531151667712	18.4392699811202	21.900566393958464	34.455632473253615	0.0
137.0	26.548672566371685	16.782553729456385	20.986093552465235	35.682680151706705	0.0
138.0	28.99239543726236	17.6489226869455	20.785804816223067	32.57287705956908	0.0
139.0	28.530534351145036	18.352417302798983	18.765903307888042	34.35114503816794	0.0
140.0	27.83109404990403	17.370441458733204	21.04926423544466	33.749200255918105	0.0
141.0	30.427790286265683	18.205210678674817	19.74911547121261	31.617883563846895	0.0
142.0	30.427738172391443	15.165262475696695	20.609202851587817	33.79779650032405	0.0
143.0	32.03125	18.06640625	19.82421875	30.078125	0.0
144.0	31.827111984282908	18.10740013097577	17.747216764898493	32.31827111984283	0.0
145.0	27.9750164365549	18.244575936883628	20.34845496383958	33.43195266272189	0.0
146.0	29.03225806451613	18.762343647136273	19.716919025674787	32.48847926267281	0.0
147.0	29.01193633952255	18.96551724137931	18.99867374005305	33.02387267904509	0.0
148.0	26.93333333333333	19.166666666666668	20.466666666666665	33.43333333333333	0.0
149.0	29.888926287445305	18.444968024234264	18.747896331201616	32.91820935711882	0.0
150.0	29.495428377920756	19.30240433457501	18.286488316965798	32.91567897053844	0.0
151.0	29.531568228105908	18.533604887983707	20.80787508486083	31.126951799049557	0.0
152.0	28.649200408302143	19.734603606668934	17.96529431779517	33.650901667233754	0.0
153.0	31.053351573187417	18.22845417236662	19.186046511627907	31.532147742818058	0.0
154.0	31.635111876075733	17.074010327022375	20.344234079173837	30.946643717728055	0.0
155.0	31.42067058416868	21.085378499827172	16.52264085724162	30.97131005876253	0.0
156.0	31.256526279150716	15.140967629655414	18.726070309780717	34.87643578141316	0.0
157.0	29.275970619097585	16.894018887722982	20.531654424623994	33.29835606855544	0.0
158.0	28.717047451669597	21.511423550087873	16.942003514938488	32.82952548330404	0.0
159.0	33.47472605160834	14.06857546836338	20.254506892895016	32.202191587133264	0.0
160.0	28.3226723525231	18.088130774697937	22.423596304193318	31.165600568585646	0.0
161.0	28.44364937388193	19.71377459749553	20.357781753130592	31.48479427549195	0.0
162.0	30.086268871315603	18.943206326383898	20.668583752695902	30.301941049604604	0.0
163.0	29.443641618497107	18.171965317919074	16.11271676300578	36.27167630057804	0.0
164.0	29.270946681175193	16.539717083786726	22.92346753717809	31.265868697859993	0.0
165.0	30.60926669098869	17.475373951112733	22.947829259394382	28.967530098504195	0.0
166.0	27.346041055718473	19.831378299120235	20.08797653958944	32.73460410557185	0.0
167.0	28.09278350515464	20.28718703976436	21.686303387334316	29.933726067746687	0.0
168.0	28.401928068223953	18.687430478309235	19.280682239525397	33.62995921394142	0.0
169.0	27.03510082150859	17.401045556385363	20.42569081404033	35.13816280806572	0.0
170.0	31.217129977460555	16.528925619834713	19.00826446280992	33.24567993989482	0.0
171.0	30.725623582766442	18.972033257747544	17.535903250188962	32.76643990929705	0.0
172.0	28.95738203957382	20.357686453576864	18.036529680365295	32.64840182648402	0.0
173.0	28.1786941580756	19.1676212294769	20.274914089347078	32.37877052310042	0.0
174.0	29.730769230769234	20.115384615384617	18.346153846153847	31.80769230769231	0.0
175.0	28.57142857142857	19.305019305019304	20.27027027027027	31.85328185328185	0.0
176.0	29.226583754372328	19.27710843373494	19.782355227361055	31.713952584531675	0.0
177.0	28.549141965678626	22.347893915756632	18.252730109204368	30.85023400936037	0.0
178.0	27.22616233254531	20.40977147360126	20.843183609141054	31.520882584712375	0.0
179.0	25.62475208250694	19.238397461324872	23.403411344704484	31.733439111463706	0.0
180.0	31.265012009607684	15.572457966373099	20.21617293835068	32.94635708566854	0.0
181.0	28.249496981891348	20.080482897384304	19.3158953722334	32.354124748490946	0.0
182.0	32.549655451965954	19.618970409404135	18.72719902715849	29.104175111471424	0.0
183.0	29.767251939567167	22.294814209881583	19.06900775826868	28.868926092282564	0.0
184.0	30.848434925864908	20.222405271828666	19.686985172981878	29.242174629324545	0.0
185.0	27.800829875518673	21.12033195020747	24.107883817427386	26.970954356846473	0.0
186.0	30.830204422194406	19.774718397997496	20.69253233208177	28.702544847726326	0.0
187.0	30.38187159043223	20.604280318925724	17.834662190516156	31.179185900125894	0.0
188.0	28.945147679324894	19.071729957805907	20.253164556962027	31.729957805907173	0.0
189.0	30.225627926777353	19.19965942954449	20.09365687526607	30.48105576841209	0.0
190.0	29.585292860196667	17.400598546387343	19.880290722530997	33.133817870885	0.0
191.0	27.60103181427343	20.163370593293205	19.948409286328463	32.2871883061049	0.0
192.0	30.34243606415258	20.069354139575204	20.24273948851322	29.34547030775899	0.0
193.0	29.03930131004367	18.16593886462882	21.83406113537118	30.960698689956335	0.0
194.0	27.11715664765248	21.017990346643263	24.221149627029398	27.643703378674857	0.0
195.0	29.059449866903282	19.476486246672582	19.077196095829635	32.3868677905945	0.0
196.0	29.52808988764045	19.101123595505616	20.53932584269663	30.831460674157302	0.0
197.0	30.56190041114664	18.9584285061672	21.379625399725903	29.100045682960257	0.0
198.0	28.00936768149883	22.482435597189696	20.562060889929743	28.94613583138173	0.0
199.0	29.253731343283583	23.88059701492537	18.308457711442784	28.557213930348258	0.0
200.0	27.876359473382944	16.027475672581566	19.91986262163709	36.1763022323984	0.0
201.0	29.812206572769952	19.248826291079812	17.449139280125195	33.48982785602504	0.0
202.0	35.79277864992151	17.50392464678179	18.83830455259027	27.864992150706435	0.0
203.0	32.15130023640662	18.912529550827422	20.094562647754138	28.841607565011824	0.0
204.0	32.057416267942585	17.145135566188195	25.199362041467303	25.598086124401913	0.0
205.0	32.984714400643604	16.251005631536604	23.652453740949316	27.111826226870473	0.0
206.0	29.264349232012936	18.997574777687955	22.716248989490705	29.021827000808408	0.0
207.0	26.37987012987013	24.512987012987015	17.045454545454543	32.061688311688314	0.0
208.0	28.419328419328423	17.60851760851761	19.24651924651925	34.72563472563473	0.0
209.0	24.483043837882548	21.7535153019024	21.42266335814723	32.34077750206782	0.0
210.0	25.31223980016653	20.06661115736886	19.733555370524563	34.887593671940046	0.0
211.0	29.941126997476868	21.27838519764508	17.91421362489487	30.86627417998318	0.0
212.0	27.2264631043257	16.62425784563189	22.476675148430875	33.67260390161154	0.0
213.0	27.815699658703068	20.30716723549488	18.85665529010239	33.020477815699664	0.0
214.0	28.915662650602407	24.78485370051635	19.535283993115318	26.764199655765918	0.0
215.0	30.21645021645022	23.809523809523807	16.70995670995671	29.264069264069263	0.0
216.0	30.374238468233244	18.711923411662315	18.624891209747606	32.28894691035683	0.0
217.0	27.32919254658385	18.456078083407277	23.691215616681454	30.523513753327418	0.0
218.0	24.611161939615737	18.664226898444646	20.494053064958827	36.230558096980786	0.0
219.0	18.837675350701403	23.446893787575153	25.150300601202403	32.565130260521045	0.0
220.0	0.0	30.99236641221374	23.358778625954198	45.648854961832065	0.0
