# Position (bp)	A	C	G	T	N
0.0	27.144027131851516	21.532420959958873	27.043708380466146	24.27984352772346	0.0
1.0	27.24931433885957	20.08261997392578	18.01732707249273	34.650738614721924	0.0
2.0	27.95280466671648	19.734564634616937	18.816513658170592	33.49611704049599	0.0
3.0	25.345886413236563	21.818098766685274	17.46698472313861	35.369030096939554	0.0
4.0	32.23349003242917	16.22162447522562	16.987154025993615	34.55773146635159	0.0
5.0	32.594128924681876	17.575561396725682	21.658219615341963	28.172090063250483	0.0
6.0	31.356483184380313	18.330069290493185	20.446362000576592	29.867085524549907	0.0
7.0	31.888040017109454	18.78326838078038	19.918947927063037	29.409743675047128	0.0
8.0	25.55342284136894	23.799804098109252	20.763522672180944	29.88325038834087	0.0
9.0	29.284287550677345	19.13675467220409	17.595174527835457	33.9837832492831	0.0
10.0	27.78015522477746	18.036059666562235	22.562345390448723	31.621439718211587	0.0
11.0	28.335628849600543	19.202504055851193	19.561750704957326	32.90011638959094	0.0
12.0	28.151036805022578	19.462973224718958	20.76148595055853	31.62450401969994	0.0
13.0	28.16696936208792	20.812803868180836	19.057565459736573	31.96266130999468	0.0
14.0	30.020734801883904	18.940747835187945	20.013921938407762	31.024595424520385	0.0
15.0	29.920218279313023	18.899047792034462	19.89804681870142	31.282687109951095	0.0
16.0	29.87467064036395	18.545686005546074	19.227694827943512	32.351948526146465	0.0
17.0	29.641336786286843	18.89979035639413	19.473079294610926	31.985793562708103	0.0
18.0	30.648929759520126	18.418117209159206	19.397966922798492	31.53498610852218	0.0
19.0	29.70762078943866	18.917245493041758	19.57565330559568	31.799480411923902	0.0
20.0	29.552864599760298	18.698057938560524	19.40878698038226	32.34029048129691	0.0
21.0	29.86774434186033	18.37635263708184	19.94694400838805	31.80895901266978	0.0
22.0	29.28417020220034	19.23090565494899	19.413971745946043	32.07095239690463	0.0
23.0	29.48121920727292	18.52780101137576	19.879651604398983	32.111328176952334	0.0
24.0	29.721253051165007	19.052272194455007	19.723873260663563	31.50260149371642	0.0
25.0	29.705507779680936	18.747962370712116	19.574144097203412	31.972385752403543	0.0
26.0	29.9217499642975	18.623606986856554	19.737722032629627	31.71692101621632	0.0
27.0	29.2255404139735	18.98000648033887	19.79645038946049	31.99800271622714	0.0
28.0	29.71074937685699	18.856784946480115	19.789800643479477	31.64266503318341	0.0
29.0	29.405601188817315	18.905169366092117	19.67673859116482	32.01249085392575	0.0
30.0	29.739180958289634	19.0592394542348	19.536857861746704	31.66472172572886	0.0
31.0	29.893780245449765	19.014970820588474	19.344285542650393	31.746963391311372	0.0
32.0	29.492467171284453	18.840935098904694	19.615883839428335	32.05071389038252	0.0
33.0	29.75790439872994	18.75566288221993	20.183891020540013	31.302541698510122	0.0
34.0	29.78230124055989	18.941289094970397	19.695316285647877	31.581093378821844	0.0
35.0	29.54519902720167	18.99234897660905	19.732302940288882	31.7301490559004	0.0
36.0	29.761181677130583	18.714068859398317	19.740313097823563	31.784436365647533	0.0
37.0	29.52308991686562	19.464482452375254	19.06878811314821	31.943639517610922	0.0
38.0	29.518037089306493	18.976156874396494	19.64881527148481	31.8569907648122	0.0
39.0	29.179597808028962	18.91373453346227	20.345756155620027	31.56091150288874	0.0
40.0	29.58334036887424	19.073831462872707	19.8565146956723	31.486313472580758	0.0
41.0	29.41294662617634	18.936223756469182	19.819603856594217	31.83122576076026	0.0
42.0	29.729183206509884	19.347457736861344	20.113379068801432	30.80997998782734	0.0
43.0	29.79743062303102	19.169970331856245	19.49777638559409	31.534822659518646	0.0
44.0	29.769812591224287	19.015312193109263	19.783469385104606	31.431405830561847	0.0
45.0	29.544524580585847	19.307207550605323	19.924786078521414	31.223481790287423	0.0
46.0	29.368494560202464	19.083124354402884	19.830939969362003	31.717441116032653	0.0
47.0	29.460669987009535	18.972499335429863	19.720128199340948	31.84670247821965	0.0
48.0	29.921760504172134	18.884858663650526	19.8313868048573	31.36199402732004	0.0
49.0	29.9606660719476	19.135538621371467	19.609436522120433	31.294358784560504	0.0
50.0	29.575396589596366	19.373896543771142	19.7061545790475	31.344552287584992	0.0
51.0	29.77887597387862	19.34535185698797	19.846801643932327	31.02897052520108	0.0
52.0	29.714137970040237	19.34507457621641	19.62109949420681	31.319687959536544	0.0
53.0	30.091714168969297	18.759532488338504	19.758193388650422	31.390559954041773	0.0
54.0	29.431348697104532	19.104913293919484	20.132664709141388	31.3310732998346	0.0
55.0	29.404950881695125	19.004447780420637	19.299309757223206	32.29129158066103	0.0
56.0	29.395586259289242	19.232952843114052	20.041905044347644	31.329555853249065	0.0
57.0	29.118633276956075	18.984355056714573	20.106543863913505	31.79046780241585	0.0
58.0	29.649529260207846	18.94385237763057	19.749380069554416	31.657238292607172	0.0
59.0	29.799800340787076	18.5451593857675	19.944711325204885	31.71032894824054	0.0
60.0	29.508477951200085	19.114371927029882	19.893087444667394	31.484062677102635	0.0
61.0	29.784533759854696	19.20910830376966	19.95453211335678	31.05182582301886	0.0
62.0	29.41609599387186	19.041884157262984	19.668932972444875	31.87308687642028	0.0
63.0	29.20350170449651	18.959600766305527	20.2162310731149	31.620666456083065	0.0
64.0	29.206495261646655	19.094721881046176	19.90632150148497	31.792461355822198	0.0
65.0	29.56022767588579	18.599803585843784	20.131936838966098	31.708031899304324	0.0
66.0	29.543310913501735	18.745958458097707	20.528973479247583	31.18175714915298	0.0
67.0	29.38560042891462	18.65283691965068	19.92205301632144	32.03950963511326	0.0
68.0	29.359684137273085	18.83374874292995	19.742143183118195	32.06442393667878	0.0
69.0	29.327084619209938	18.75410317408624	20.031967280062116	31.88684492664171	0.0
70.0	29.088126984521377	18.751999403673	19.980267373976744	32.17960623782887	0.0
71.0	29.399306912526473	18.76353443512749	20.138824819704997	31.69833383264104	0.0
72.0	29.817399797191612	18.80866159957072	19.941233311640932	31.432705291596736	0.0
73.0	29.71094241191356	18.811761832759167	19.64583560661564	31.83146014871163	0.0
74.0	29.531955630475952	18.943934569519886	19.626542631787057	31.8975671682171	0.0
75.0	29.749231293417207	18.813019091847803	20.055453153963253	31.38229646077174	0.0
76.0	29.58724952296298	18.941369046687555	19.551058349269343	31.92032308108012	0.0
77.0	29.789858864797054	18.609456298854393	20.293238651260985	31.307446185087574	0.0
78.0	29.471871015919067	19.146492858330657	19.72600504733049	31.655631078419788	0.0
79.0	30.03415399241534	18.781450047430283	19.444008183556242	31.740387776598126	0.0
80.0	30.265514924536152	18.611620352755093	19.52102285769989	31.60184186500886	0.0
81.0	29.786189077949583	19.15556544352071	19.820169629907923	31.238075848621783	0.0
82.0	30.12943293894409	18.94633875727988	19.048779795895424	31.875448507880606	0.0
83.0	29.560606474985118	18.73428746342069	19.689925253031006	32.01518080856319	0.0
84.0	30.003275121816632	18.829633639186884	19.58038423181544	31.586707007181047	0.0
85.0	29.908696018893387	18.598494433198383	19.52176113360324	31.971048414304992	0.0
86.0	29.885801201837058	18.69328455334326	19.50816090219056	31.91275334262912	0.0
87.0	29.641066286227574	18.824020501439858	19.932155028929223	31.602758183403346	0.0
88.0	30.12657745727852	19.004286959686496	19.40251292859017	31.46662265444481	0.0
89.0	29.91931845381199	18.99733744543034	19.846834271334856	31.236509829422815	0.0
90.0	30.120844704270805	19.070838024839006	19.724468136989845	31.083849133900344	0.0
91.0	30.03601226518528	19.01740539748816	19.331570752479095	31.615011584847462	0.0
92.0	29.623565138946294	19.182165060954034	19.464276037355532	31.729993762744137	0.0
93.0	29.563941830544387	18.874224667874365	20.255488622788885	31.30634487879236	0.0
94.0	29.610155303119058	19.024685335985975	19.56263352851839	31.802525832376578	0.0
95.0	29.648450161210526	18.88125010662072	20.082332520172642	31.38796721199611	0.0
96.0	29.755612292821215	19.234537909127393	20.154727646893065	30.85512215115832	0.0
97.0	29.59885876708376	19.26835002083712	19.419659553551394	31.713131658527725	0.0
98.0	29.49430028755306	18.90169279748049	20.11512820073942	31.48887871422703	0.0
99.0	29.66295552195201	19.035430794076447	20.10325949597543	31.19835418799611	0.0
100.0	29.690433581699864	18.92031862684653	19.79848320925729	31.59076458219631	0.0
101.0	29.47244443633248	18.990905176995284	20.185761571983953	31.350888814688282	0.0
102.0	29.724171811324446	18.867877878383624	20.04056960848285	31.36738070180908	0.0
103.0	29.47977687349528	18.66526611699397	19.99001247364552	31.86494453586523	0.0
104.0	29.722534085252455	18.774310052428905	19.727533471103765	31.775622391214874	0.0
105.0	29.64057258125411	18.892376729987163	20.23203132584706	31.235019362911665	0.0
106.0	29.021913703922518	19.084439423281516	19.76791282473897	32.12573404805699	0.0
107.0	29.196919263685857	18.76655917397163	19.714203526712044	32.322318035630474	0.0
108.0	29.170663577406536	18.93344737611381	20.564836568755887	31.331052477723766	0.0
109.0	29.101383162899708	19.036783525629	20.03835434077257	31.823478970698716	0.0
110.0	29.2271774099014	18.730001606383855	20.605888916385553	31.43693206732919	0.0
111.0	29.109212795482875	19.177576065140165	20.312399821349207	31.400811318027756	0.0
112.0	29.22715669483429	19.05677992474609	19.450350481272483	32.26571289914714	0.0
113.0	29.823299762794342	18.281070726947632	20.02301232663121	31.872617183626815	0.0
114.0	29.517009467343286	18.794045731730602	19.946013121386464	31.742931679539648	0.0
115.0	29.884778680231882	18.44021842448557	20.096429297200206	31.578573598082336	0.0
116.0	29.53634370391118	18.94734769079952	19.905119934879366	31.611188670409934	0.0
117.0	29.782468628233055	18.8286485704643	19.862174612427737	31.526708188874913	0.0
118.0	29.527017238881648	18.903287547355344	19.716504462267174	31.853190751495834	0.0
119.0	29.984645803864158	18.763113439702632	19.377501101831182	31.87473965460203	0.0
120.0	29.8007419883968	18.55488402303026	20.159956845778705	31.484417142794236	0.0
121.0	29.710436522592342	18.513320581442137	19.87023940113885	31.906003494826663	0.0
122.0	29.68204004888804	18.643809557457246	19.962174700770525	31.711975692884188	0.0
123.0	29.00229991817599	19.324951900749685	19.97025586589708	31.70249231517725	0.0
124.0	29.272177133541256	19.08070775446555	19.364124078537	32.28299103345619	0.0
125.0	29.0904855402842	19.164586730562302	19.779582237900318	31.965345491253178	0.0
126.0	29.665576291450186	18.81997253321126	19.7728656571807	31.741585518157862	0.0
127.0	29.709434394856256	18.88926853862429	19.328005128610368	32.07329193790909	0.0
128.0	29.671338051175244	18.320977523166448	20.15232824048729	31.85535618517102	0.0
129.0	29.546756988329605	18.810372543346467	19.68506575838583	31.957804709938102	0.0
130.0	29.5500031341506	18.742444458374003	19.619894692539827	32.08765771493557	0.0
131.0	29.32159135771453	19.167219969134695	19.95803126009403	31.55315741305674	0.0
132.0	30.47595712924167	18.679642683738244	19.523368519484254	31.32103166753583	0.0
133.0	29.714008998102404	19.113253337687862	19.994256530381264	31.178481133828473	0.0
134.0	30.28258980464738	18.544165942511484	19.37624846234581	31.796995790495323	0.0
135.0	29.106144303783154	18.54768945454957	20.22933004642011	32.11683619524717	0.0
136.0	28.364256311543002	19.285412075104443	20.206238890924332	32.144092722428226	0.0
137.0	30.402407373091673	18.489798563261186	21.629978934348607	29.477815129298534	0.0
138.0	29.92757289430383	20.3161677902212	20.2981635694849	29.45809574599007	0.0
139.0	30.665835072484626	19.35010000833879	19.74362225519661	30.240442663979977	0.0
140.0	28.98605369710542	21.75320693911371	19.14651239282984	30.11422697095103	0.0
141.0	31.37456081290687	17.04988062383525	20.62990171860315	30.945656844654728	0.0
142.0	27.919604151158207	20.5978064221727	24.274434608656772	27.20815481801232	0.0
143.0	27.629095909723866	19.836019159988215	19.129480149535734	33.405404780752185	0.0
144.0	28.18251948659413	19.96271978050747	19.303567335360242	32.55119339753816	0.0
145.0	26.245147822823707	21.392384280705045	17.59320284739243	34.76926504907882	0.0
146.0	31.70701408590676	16.239491175308373	18.044299739009656	34.00919499977521	0.0
147.0	33.701319200635204	16.98674102914869	22.38324261238078	26.928697157835323	0.0
148.0	31.0535288925432	18.128121108061375	20.433720663095656	30.384629336299774	0.0
149.0	32.78772835754004	18.018801269091785	21.08438529744186	28.109085075926316	0.0
150.0	22.450544254826717	26.6522907812349	22.01600242413477	28.88116253980361	0.0
