# Position (bp)	A	C	G	T	N
0.0	26.396563076120717	23.959164423873514	23.583815646714502	26.06045685329127	0.0
1.0	26.59086898270206	20.166239767755982	15.565423750963909	37.677467498578046	0.0
2.0	28.85610909359401	19.359517661208685	18.078645277747015	33.705727967450294	0.0
3.0	23.206521640147816	22.618066006837086	15.052030939908073	39.12338141310702	0.0
4.0	34.2504541796915	13.070759763345793	14.901573761161458	37.77721229580125	0.0
5.0	35.12225514922389	14.806529791006195	23.192609850473865	26.878605209296047	0.0
6.0	31.345530541916943	17.263679134267086	21.065571213574632	30.325219110241335	0.0
7.0	35.137141824381416	17.008467759506065	20.115040538747742	27.739349877364784	0.0
8.0	22.55564344740001	26.898679287811454	22.90060241585374	27.645074848934797	0.0
9.0	27.90569972474896	18.47924074069803	15.457596810938087	38.15746272361491	0.0
10.0	26.717751828846946	16.29914132891255	25.244502717128427	31.73860412511208	0.0
11.0	28.23416329425376	18.205713282777385	19.49839907237353	34.06172435059533	0.0
12.0	26.15301200037239	19.600709387120066	21.191295527270753	33.05498308523679	0.0
13.0	26.529820804618616	20.8584380398708	18.88045885126236	33.731282304248225	0.0
14.0	30.80594043133951	18.25589133962424	20.474807738781823	30.463360490254427	0.0
15.0	29.8123687817717	18.604698020709918	19.972250345050004	31.61068285246838	0.0
16.0	30.201388308124343	17.530882749029242	18.74601952914436	33.521709413702055	0.0
17.0	30.554552493420957	17.786567501685045	19.583425025013167	32.07545497988084	0.0
18.0	31.549896275620515	17.758274069050785	18.92323279231904	31.768596863009655	0.0
19.0	30.101614813378045	18.35980385647619	19.996890271368127	31.541691058777634	0.0
20.0	29.782400319663594	17.95947181222774	19.851587533459625	32.406540334649044	0.0
21.0	29.3414791554113	18.403682345954035	20.08525414506071	32.16958435357396	0.0
22.0	29.85738823335491	19.055414466015776	22.555607033715795	28.53159026691352	0.0
23.0	29.87133467440886	20.331289271399804	21.186391817796604	28.610984236394728	0.0
24.0	32.7968100641597	19.56877458606441	17.921735097487325	29.71268025228857	0.0
25.0	29.633092076491558	21.037010747256137	19.440234280789078	29.889662895463232	0.0
26.0	32.47906425570854	16.700238060529497	21.985696462082853	28.835001221679107	0.0
27.0	26.54155814883025	21.253890650434577	24.76508015076722	27.43947104996795	0.0
28.0	26.670110592000327	19.68544403028599	18.66822776176857	34.97621761594512	0.0
29.0	28.077341694238907	20.04636433032018	17.40720973954384	34.46908423589707	0.0
30.0	26.605480709567054	19.036491442973958	16.128058517463224	38.229969329995775	0.0
31.0	34.39609859894714	14.305767864342528	18.27412171298087	33.02401182372946	0.0
32.0	34.58085524976821	15.584519650805293	22.461932801944386	27.372692297482114	0.0
33.0	31.48077562445839	17.445707399065206	20.957124367064388	30.116392609412014	0.0
34.0	33.673582280037614	16.380802927078765	21.80607432676263	28.139540466120987	0.0
35.0	26.527827828521534	19.976021843684595	25.885043451745695	27.61110687604818	0.0
