# Position (bp)	A	C	G	T	N
0.0	60.95505617977528	8.160112359550562	14.241573033707866	16.64325842696629	0.0
1.0	11.37161308437456	63.3581356170153	12.887828162291171	12.382423136318966	0.0
2.0	15.446814443050327	57.228495747943676	8.796877178307543	18.527812630698453	0.0
3.0	61.328885182096194	10.091743119266056	14.414790102863497	14.164581595774257	0.0
4.0	60.225062517365934	13.462072797999443	10.044456793553765	16.268407891080855	0.0
5.0	14.238134887593674	56.98029419927838	10.172078823202886	18.609492089925062	0.0
6.0	14.868238557558946	60.92926490984743	9.778085991678225	14.424410540915394	0.0
7.0	61.70153803519468	10.586116114729112	12.63682970763475	15.075516142441458	0.0
8.0	61.594905164059256	11.87872075314966	12.321749965388342	14.204624117402743	0.0
9.0	14.380622837370241	56.193771626297575	9.384083044982699	20.041522491349482	0.0
10.0	16.874135546334717	8.824343015214385	10.207468879668049	64.09405255878285	0.0
11.0	12.563854756316442	11.04514703851995	9.816374430484606	66.574623774679	0.0
12.0	16.69881510057867	10.457426288233673	11.50454670708184	61.33921190410582	0.0
13.0	14.40153909578123	53.95080390270716	11.282121753469838	20.365535248041773	0.0
14.0	14.508623049548316	9.444292362441828	60.635094442923624	15.411990145086229	0.0
15.0	60.228976420880464	10.685566307755213	11.857707509881422	17.227749761482894	0.0
16.0	13.667890656874745	10.662314701482387	14.062287501699986	61.60750713994288	0.0
17.0	17.885188193880314	53.87219063092337	10.587598158678581	17.655023016517738	0.0
18.0	14.139095205941931	10.49291019581364	11.2491559756921	64.11883862255233	0.0
19.0	15.24669722297115	59.544351577244534	9.908331086546239	15.30062011323807	0.0
20.0	15.01545906707891	12.111842989649146	9.840032262400861	63.032665680871084	0.0
21.0	15.984980555183048	13.329757275043583	11.063430333914443	59.62183183585893	0.0
22.0	14.081113639405702	8.994779815285773	55.86936153125418	21.054745014054344	0.0
23.0	14.975264072736996	13.865490038775238	10.736729509292687	60.42251637919508	0.0
24.0	63.90113560454241	8.857715430861724	9.939879759519037	17.30126920507682	0.0
25.0	19.41553242594075	9.47424606351748	53.829730451027494	17.280491059514276	0.0
26.0	63.300919142134006	9.11149593712535	10.243772479019581	17.34381244172106	0.0
27.0	13.644834930777423	12.83280085197018	11.235356762513312	62.28700745473908	0.0
28.0	14.789200691581328	53.664051070621085	7.953185263997872	23.59356297379971	0.0
29.0	17.289036544850497	8.611295681063122	11.508305647840531	62.59136212624584	0.0
30.0	17.472366493541085	12.811293114928752	52.4437341856439	17.27260620588627	0.0
31.0	16.35975447024286	11.102215105417667	10.12810248198559	62.40992794235388	0.0
32.0	17.36454849498328	9.404682274247492	9.899665551839465	63.331103678929765	0.0
33.0	15.451621549182526	54.14098097024927	12.61056017153578	17.796837309032433	0.0
34.0	16.156325543916196	13.255439161966157	10.650013430029546	59.938221864088106	0.0
35.0	15.120967741935484	54.516129032258064	9.247311827956988	21.11559139784946	0.0
36.0	18.14516129032258	10.026881720430108	9.301075268817204	62.526881720430104	0.0
37.0	59.84114162627895	11.995153473344104	10.823909531502423	17.339795368874526	0.0
38.0	62.72053872053872	10.599326599326599	8.767676767676766	17.912457912457914	0.0
39.0	61.04141373263187	10.49507621745582	10.724403075677863	17.739106974234453	0.0
40.0	15.243243243243242	54.054054054054056	11.905405405405405	18.7972972972973	0.0
41.0	14.544433525200057	9.335953951986523	58.753334269268564	17.366278253544852	0.0
42.0	62.202171154659524	9.770195967855633	10.179049767376286	17.848583110108557	0.0
43.0	62.93825408090845	11.185237757274663	9.623846699787084	16.252661462029806	0.0
44.0	16.866438356164384	57.24885844748858	9.003995433789955	16.88070776255708	0.0
45.0	26.182360460161906	13.570515551768214	13.42138900724329	46.82573498082659	0.0
46.0	27.366826558949757	17.62181267356728	18.050997222923503	36.960363544559456	0.0
47.0	31.950431034482758	16.514008620689655	18.96551724137931	32.57004310344828	0.0
48.0	28.722538649308383	19.690805532953622	17.927854624355845	33.65880119338215	0.0
49.0	26.821282401091405	19.290586630286494	19.536152796725784	34.35197817189632	0.0
50.0	25.219058050383353	21.823658269441403	18.48302300109529	34.474260679079954	0.0
51.0	28.39812517231872	18.555279845602428	18.36228287841191	34.68431210366694	0.0
52.0	30.83541493200111	16.763807937829586	19.289480988065502	33.111296142103804	0.0
53.0	32.48745119910764	19.938650306748464	19.21360847741216	28.36029001673173	0.0
54.0	28.701077708451507	22.064662507090187	17.016449234259785	32.21781055019853	0.0
55.0	29.605449900652854	18.27987510644337	19.103037184217996	33.01163780868578	0.0
56.0	26.78419107193631	21.182826272391242	20.926926357691215	31.106056297981233	0.0
57.0	28.978893325727324	18.65373645179692	19.195664575014263	33.17170564746149	0.0
58.0	29.6987087517934	17.647058823529413	20.20086083213773	32.453371592539455	0.0
59.0	26.903114186851212	19.86735870818916	23.15455594002307	30.074971164936564	0.0
60.0	28.27346465816918	18.105446118192354	19.119351100811123	34.50173812282735	0.0
61.0	28.829353523587653	17.472335468841003	23.063482818870124	30.634828188701224	0.0
62.0	29.721815519765737	21.142020497803806	21.346998535871155	27.7891654465593	0.0
63.0	34.467585802288056	16.955118803168084	20.064535054268116	28.51276034027574	0.0
64.0	32.05882352941177	17.73529411764706	20.88235294117647	29.323529411764703	0.0
65.0	30.565371024734983	19.228504122497057	20.58303886925795	29.623085983510013	0.0
66.0	29.681978798586574	17.078916372202592	20.406360424028268	32.83274440518257	0.0
67.0	27.18961958124447	16.573282217634915	22.17634915953996	34.06074904158066	0.0
68.0	26.73765158237208	18.219461697722565	19.63916001183082	35.40372670807454	0.0
69.0	25.799763033175356	19.164691943127963	23.400473933649288	31.635071090047397	0.0
70.0	28.181548501928212	21.922278255710474	19.578760011865914	30.317413230495404	0.0
71.0	29.150521609538004	19.731743666169894	19.01639344262295	32.10134128166915	0.0
72.0	28.554396423248885	18.688524590163937	19.076005961251862	33.68107302533532	0.0
73.0	30.20615476546161	19.390498954287423	20.40633403047505	29.997012249775917	0.0
74.0	32.354703415218694	16.59676452965848	21.24026363091672	29.808268424206112	0.0
75.0	30.62143500450315	19.3335334734314	21.61513059141399	28.42990093065146	0.0
76.0	29.47019867549669	20.49969897652017	17.82059000602047	32.20951234196267	0.0
77.0	30.14195107218363	20.537601932950768	18.06100875868318	31.259438236182426	0.0
78.0	30.03629764065336	20.87114337568058	18.784029038112525	30.30852994555354	0.0
79.0	28.224582701062218	21.18361153262519	20.09104704097117	30.500758725341427	0.0
80.0	28.636640292148506	19.385270846013388	21.57638466220329	30.401704199634814	0.0
81.0	28.432267884322677	17.473363774733638	17.80821917808219	36.28614916286149	0.0
82.0	30.65893837705918	19.12751677852349	20.439292251372787	29.774252593044537	0.0
83.0	30.146609651802077	19.73121563836286	20.616982284667074	29.50519242516799	0.0
84.0	30.529213826858363	19.271948608137045	18.751911899663508	31.446925665341084	0.0
85.0	31.596690162427215	17.591173766472572	22.4333435488814	28.378792522218816	0.0
86.0	30.991101564897207	18.840135010739488	21.81650813132863	28.352255293034673	0.0
87.0	30.866093366093367	18.765356265356264	20.454545454545457	29.914004914004916	0.0
88.0	34.62723351817621	20.27110289587184	16.481823783117683	28.619839802834257	0.0
89.0	30.09559050262103	18.655565834104223	16.404563675609005	34.84427998766574	0.0
90.0	30.36762434352796	16.682113067655237	19.21532282978066	33.734939759036145	0.0
91.0	29.84843798329725	20.940303124033406	16.702752861119702	32.50850603154964	0.0
92.0	29.978321461752866	18.395788169711984	17.373799938061318	34.25209043047383	0.0
93.0	32.71260086902545	16.85288640595903	20.328988206083178	30.10552451893234	0.0
94.0	29.95034140285537	16.666666666666664	20.48417132216015	32.89882060831781	0.0
95.0	31.07098381070984	17.4346201743462	19.458281444582816	32.03611457036114	0.0
96.0	28.825179183546272	16.983483951386724	20.972265503272048	33.21907136179495	0.0
97.0	29.95003123048095	17.988757026858213	20.674578388507182	31.386633354153652	0.0
98.0	32.22466269218701	21.242547850643238	17.037966739880765	29.494822717288987	0.0
99.0	31.813895001571836	18.641936497956618	19.396416221314052	30.147752279157498	0.0
100.0	33.77567140600316	14.56556082148499	19.178515007898895	32.480252764612956	0.0
101.0	32.15077605321508	19.100411783338615	18.150142540386444	30.598669623059866	0.0
102.0	31.436745073108707	16.115702479338843	20.406865861411315	32.040686586141135	0.0
103.0	28.480204342273307	19.444444444444446	21.008939974457217	31.066411238825033	0.0
104.0	29.14267434420985	17.43442098528471	21.401151631477926	32.02175303902751	0.0
105.0	29.079833279897404	19.685796729721066	17.858287912792562	33.37608207758897	0.0
106.0	30.469755469755473	18.05019305019305	18.822393822393824	32.65765765765766	0.0
107.0	30.255911888564953	17.978620019436345	19.371558147068352	32.39390994493036	0.0
108.0	32.66102797657775	19.095640858815873	17.30644111906311	30.936890045543265	0.0
109.0	27.743203406485424	19.29249918113331	20.930232558139537	32.03406485424173	0.0
110.0	27.37430167597765	19.158724942490963	20.01314492277358	33.453828458757805	0.0
111.0	28.797364085667216	19.86820428336079	20.0	31.33443163097199	0.0
112.0	25.437149455625207	19.201583635763775	22.76476410425602	32.596502804355	0.0
113.0	28.859504132231407	19.537190082644628	18.446280991735538	33.15702479338843	0.0
114.0	30.95554080955541	16.489714664897146	19.608493696084935	32.94625082946251	0.0
115.0	27.321131447587355	20.033277870216306	20.232945091514143	32.412645590682196	0.0
116.0	29.191716766867064	18.537074148296593	18.069472277889112	34.20173680694723	0.0
117.0	31.848626925653043	18.352310783657067	18.1178834561286	31.681178834561287	0.0
118.0	28.883658372562206	16.240753194351043	21.68796234028245	33.18762609280431	0.0
119.0	24.005394470667564	22.08361429534727	26.12946729602158	27.781523937963588	0.0
120.0	27.16508795669824	21.887686062246278	22.39512855209743	28.55209742895805	0.0
121.0	29.78578714722883	19.21115266916015	18.089085345120708	32.91397483849031	0.0
122.0	30.180949129395696	17.95834755889382	21.987026288835782	29.873677022874702	0.0
123.0	31.642098045937605	19.8148782996229	17.826534110387385	30.716489544052106	0.0
124.0	32.358003442340795	19.07056798623064	18.244406196213426	30.327022375215147	0.0
125.0	28.635578583765113	19.24006908462867	20.932642487046632	31.191709844559583	0.0
126.0	30.803880803880805	18.676368676368675	18.32986832986833	32.18988218988219	0.0
127.0	27.82608695652174	19.2	23.304347826086957	29.669565217391302	0.0
128.0	28.975882558545962	18.69975533030409	21.04159384830479	31.282768262845156	0.0
129.0	29.3931953700456	19.642230796211855	17.713083128726762	33.25149070501578	0.0
130.0	30.007052186177713	19.534555712270805	17.842031029619182	32.616361071932296	0.0
131.0	28.68765475769367	19.596745666784578	21.22391227449593	30.49168730102582	0.0
132.0	28.831076265146116	19.173200285103352	21.703492516037063	30.29223093371347	0.0
133.0	28.959599570968898	21.487307829817663	18.66285305684662	30.89023954236682	0.0
134.0	25.807609475951182	21.069633883704235	19.526202440775307	33.596554199569276	0.0
135.0	25.95529920692141	16.294160057678443	20.475847152126892	37.27469358327325	0.0
136.0	25.470332850940665	20.224312590448626	20.98408104196816	33.32127351664255	0.0
137.0	29.08496732026144	17.175018155410314	19.64415395787945	34.0958605664488	0.0
138.0	30.251183108846014	18.092464506734622	20.349472151437933	31.30688023298143	0.0
139.0	29.53216374269006	18.092105263157894	19.517543859649123	32.85818713450293	0.0
140.0	28.63970588235294	17.53676470588235	21.727941176470587	32.09558823529412	0.0
141.0	29.252958579881653	18.23224852071006	19.82248520710059	32.69230769230769	0.0
142.0	30.557620817843866	17.24907063197026	20.743494423791823	31.449814126394056	0.0
143.0	31.71460590212925	20.283899887934254	17.631677250653716	30.36981695928278	0.0
144.0	30.02257336343115	17.193378480060197	18.35966892400301	34.42437923250564	0.0
145.0	26.815431164901664	20.310136157337368	18.948562783661117	33.92586989409985	0.0
146.0	30.038022813688215	21.026615969581748	18.06083650190114	30.8745247148289	0.0
147.0	30.408241129339945	17.970240366272417	17.0927127050744	34.52880579931324	0.0
148.0	26.058506543494996	21.593533487297922	18.55273287143957	33.795227097767516	0.0
149.0	29.329717163889967	20.224719101123593	17.783804726850057	32.66175900813638	0.0
150.0	28.75486381322957	18.132295719844358	18.482490272373543	34.63035019455253	0.0
151.0	27.421875	19.140625	21.015625	32.421875	0.0
152.0	27.383287563750493	19.850921930168695	18.830914083954493	33.93487642212632	0.0
153.0	32.15269578905943	19.00826446280992	19.44116489571035	29.39787485242031	0.0
154.0	30.88467614533965	16.074249605055293	21.169036334913113	31.87203791469194	0.0
155.0	29.523809523809526	20.793650793650794	16.587301587301585	33.095238095238095	0.0
156.0	33.01320528211284	16.166466586634655	18.847539015606245	31.97278911564626	0.0
157.0	29.343006852075774	18.13784764207981	22.007255139056834	30.511890366787586	0.0
158.0	28.443722064201545	22.38927265339293	17.18813490451036	31.978870377895163	0.0
159.0	35.78431372549019	13.480392156862745	20.79248366013072	29.942810457516337	0.0
160.0	25.267050123253902	21.61051766639277	21.651602300739523	31.470829909613805	0.0
161.0	29.221854304635762	18.170529801324502	21.52317880794702	31.084437086092713	0.0
162.0	29.671244277985853	18.80982105701207	19.350811485642947	32.168123179359135	0.0
163.0	30.13411567476949	18.98575020955574	17.812238055322716	33.067896060352055	0.0
164.0	30.69139966273187	15.893760539629003	21.922428330522767	31.49241146711636	0.0
165.0	29.03772785078423	18.31284442560407	21.322594319626962	31.32683340398474	0.0
166.0	26.78038379530917	21.321961620469082	19.872068230277186	32.02558635394456	0.0
167.0	28.602058319039454	18.739279588336192	21.912521440823326	30.746140651801028	0.0
168.0	29.05027932960894	19.639020197679415	18.134937688010314	33.175762784701334	0.0
169.0	28.948507139766335	17.395067070532235	19.948074426655126	33.708351363046305	0.0
170.0	30.156657963446477	18.58137510879025	17.449956483899044	33.81201044386423	0.0
171.0	30.105170902716914	19.41279579316389	15.994741454864153	34.487291849255044	0.0
172.0	30.864197530864196	21.252204585537918	16.887125220458554	30.99647266313933	0.0
173.0	28.30605926581159	17.072091994692613	20.43343653250774	34.188412206988055	0.0
174.0	29.10547396528705	19.581664441477525	18.51357365376057	32.79928793947485	0.0
175.0	27.301302200269422	18.769645262685227	21.867983834755275	32.06106870229007	0.0
176.0	27.56903576278859	21.095518334087824	18.42462652784065	32.910819375282934	0.0
177.0	28.4608378870674	23.54280510018215	18.852459016393443	29.143897996357016	0.0
178.0	27.60679834634819	20.39503904455673	20.39503904455673	31.603123564538354	0.0
179.0	24.201758445164277	19.38917167977788	25.312355391022674	31.09671448403517	0.0
180.0	28.890959925442683	15.097856477166822	22.833178005591797	33.178005591798694	0.0
181.0	28.63187588152327	19.840150446638457	18.61777150916784	32.91020216267043	0.0
182.0	34.3764817449028	17.63869132290185	17.733522996680893	30.25130393551446	0.0
183.0	28.18920210224558	20.68800764452938	22.64691829909221	28.475871954132824	0.0
184.0	28.640308582449375	20.00964320154291	19.141755062680808	32.208293153326906	0.0
185.0	26.994163424124512	21.93579766536965	22.37354085603113	28.696498054474706	0.0
186.0	30.551488530990728	17.276720351390924	21.815519765739385	30.356271351878966	0.0
187.0	32.40058910162003	20.814923907707414	16.936671575846834	29.847815414825725	0.0
188.0	29.551060680809076	19.68426245683276	19.881598421312287	30.883078441045882	0.0
189.0	28.343313373253494	18.063872255489024	21.107784431137723	32.48502994011976	0.0
190.0	28.87218045112782	18.24561403508772	18.947368421052634	33.934837092731826	0.0
191.0	27.36469398077896	20.080930703085485	21.29489124936773	31.25948406676783	0.0
192.0	31.45780051150895	19.028132992327365	20.358056265984654	29.15601023017903	0.0
193.0	29.21174652241113	17.825862957238535	21.99896960329727	30.963420917053064	0.0
194.0	27.16883116883117	21.298701298701296	22.441558441558442	29.09090909090909	0.0
195.0	27.64056752496059	20.336311087756172	19.705727798213346	32.31739358906989	0.0
196.0	29.718234981392875	20.46783625730994	20.52099946836789	29.292929292929294	0.0
197.0	28.49462365591398	18.333333333333332	22.473118279569892	30.698924731182796	0.0
198.0	27.54260582737768	23.474436503573394	21.220450797141286	27.762506871907643	0.0
199.0	30.409694171956147	21.350259665320255	18.234275822273514	30.005770340450088	0.0
200.0	25.53619302949062	16.0857908847185	22.654155495978554	35.72386058981233	0.0
201.0	32.1460373998219	17.275155832591274	18.2546749777382	32.32413178984862	0.0
202.0	38.95870736086176	18.043087971274684	16.337522441651707	26.66068222621185	0.0
203.0	32.51589464123524	17.983651226158038	20.345140781108086	29.155313351498634	0.0
204.0	32.20494053064959	17.840805123513267	24.33668801463861	25.61756633119854	0.0
205.0	34.81071098799631	16.343490304709142	23.545706371191137	25.30009233610342	0.0
206.0	29.48837209302326	21.11627906976744	23.069767441860463	26.325581395348834	0.0
207.0	29.201877934272304	23.474178403755868	15.211267605633802	32.11267605633803	0.0
208.0	32.075471698113205	17.547169811320753	21.50943396226415	28.867924528301884	0.0
209.0	23.479087452471482	21.292775665399237	21.38783269961977	33.840304182509506	0.0
210.0	24.282982791587	17.495219885277248	18.738049713193117	39.48374760994264	0.0
211.0	29.40038684719536	19.148936170212767	19.922630560928432	31.52804642166344	0.0
212.0	28.042843232716653	17.91626095423564	21.421616358325217	32.619279454722495	0.0
213.0	25.417075564278708	21.589793915603533	17.17369970559372	35.81943081452405	0.0
214.0	30.267062314540063	25.71711177052423	16.12265084075173	27.89317507418398	0.0
215.0	28.857715430861724	24.04809619238477	16.53306613226453	30.561122244488974	0.0
216.0	31.10435663627153	18.135764944275582	17.325227963525837	33.43465045592705	0.0
217.0	24.97398543184183	19.562955254942768	25.806451612903224	29.656607700312176	0.0
218.0	24.919093851132686	20.819848975188783	18.12297734627832	36.13807982740022	0.0
219.0	18.852459016393443	21.54566744730679	24.355971896955502	35.24590163934426	0.0
220.0	0.17513134851138354	30.472854640980735	23.29246935201401	46.05954465849387	0.0
