# Position (bp)	A	C	G	T	N
0.0	25.66440826724036	26.422202956255553	24.409979770734996	23.503409005769086	0.0
1.0	25.160282139378566	21.342409744297807	14.212931744961416	39.284376371362214	0.0
2.0	27.78930703236987	19.37699236216598	18.468796131875656	34.364904473588496	0.0
3.0	22.942931382927533	23.118296816689657	15.3990098268801	38.53976197350271	0.0
4.0	33.543207764997646	13.616539102920425	14.492025484243385	38.34822764783855	0.0
5.0	35.06855756591251	15.563582733966722	23.149266332517556	26.21859336760321	0.0
6.0	32.639452874545846	17.964308612951484	20.708484718957042	28.687753793545628	0.0
7.0	34.75171242025625	17.47149528216198	19.798890800483004	27.977901497098774	0.0
8.0	22.878421986194518	26.94313251982134	22.128309789925844	28.0501357040583	0.0
9.0	29.510316162878908	18.80522699832249	15.413875265784101	36.270581573014496	0.0
10.0	26.502767271406285	16.811975126610683	24.813556424557127	31.871701177425905	0.0
11.0	27.742996944509734	18.304096066323368	20.1405952864255	33.8123117027414	0.0
12.0	25.365369001324726	20.158326567240717	21.517242852869536	32.95906157856502	0.0
13.0	26.80646953251859	21.03239039398342	18.643705666182377	33.51743440731562	0.0
14.0	30.194423672684543	18.453156714026278	20.22860805469501	31.123811558594166	0.0
15.0	29.646126403264223	18.801337306800825	19.259567832003505	32.29296845793145	0.0
16.0	29.106677489639853	16.871021489298073	19.013542957235018	35.00875806382706	0.0
17.0	29.70109885415888	18.140170648099698	20.414766720416903	31.74396377732452	0.0
18.0	31.107860513784193	17.44752183476051	18.50562685515386	32.93899079630144	0.0
19.0	29.751572024896177	18.255772987861512	19.983132092794843	32.009522894447464	0.0
20.0	30.571419421641988	17.76492063322623	18.95515537100097	32.70850457413081	0.0
21.0	29.932110757669562	17.416366004141672	19.851198736149954	32.80032450203881	0.0
22.0	28.90613325363448	18.37200862455436	19.684904895075036	33.036953226736124	0.0
23.0	29.554915145693244	17.60379976518305	20.335147827943217	32.50613726118049	0.0
24.0	30.636726504301055	18.473179790390404	18.55642596426818	32.33366774104036	0.0
25.0	29.733623615291027	17.80431580969456	19.05722396533692	33.40483660967749	0.0
26.0	31.328104156661862	17.702363801291288	20.313750600288138	30.655781441758712	0.0
27.0	28.979831394728418	18.31928289403479	19.70227296980045	32.99861274143635	0.0
28.0	29.52588276723117	17.44619094876802	20.05741054945524	32.97051573454557	0.0
29.0	29.609671774296814	17.978786973409022	19.680737547483886	32.73080370481028	0.0
30.0	30.216825301976186	17.61598873191344	19.627384864911008	32.539801101199366	0.0
31.0	29.779651069732697	18.362055167262444	19.72789841540842	32.13039534759643	0.0
32.0	30.079921465689257	17.998868935198523	19.65598557358857	32.26522402552365	0.0
33.0	30.63722612936619	17.80305860004482	19.894773913321878	31.66494135726711	0.0
34.0	29.725835885724045	17.6856664140956	19.849951442323086	32.73854625785727	0.0
35.0	30.11141704552731	18.303771531023884	19.531066572751914	32.053744850696894	0.0
36.0	29.940126151317546	17.484017631300897	19.17350608877552	33.40235012860604	0.0
37.0	28.318177937158467	19.328466530054644	18.87700648907104	33.47634904371585	0.0
38.0	30.13928171193767	17.686109184054647	19.545333262180478	32.6292758418272	0.0
39.0	28.00286037526416	19.27658121117681	20.28198177044421	32.43857664311482	0.0
40.0	30.294362499199522	18.024633381006254	19.84438704719619	31.836617072598035	0.0
41.0	29.501232775826917	17.876850497913356	21.168522056547587	31.453394669712136	0.0
42.0	29.98036034497481	18.77401588250363	19.41764153360089	31.827982238920672	0.0
43.0	29.427964518642657	18.34911349978118	19.807222228152384	32.41569975342378	0.0
44.0	29.32216054654142	18.385994876174212	20.614859094790777	31.676985482493595	0.0
45.0	29.34489053042838	19.438721591818872	19.612720033305223	31.603667844447532	0.0
46.0	30.11347260325153	17.815091962979963	19.27433042624281	32.7971050075257	0.0
47.0	30.063838418344474	17.679398765932916	19.961782351559666	32.29498046416295	0.0
48.0	30.206042489591116	18.776555994448596	19.40749439521725	31.609907120743035	0.0
49.0	29.05002882582794	18.49016718980206	19.156364102235603	33.30343988213439	0.0
50.0	29.690285799694667	18.63516499941281	19.918434453969915	31.75611474692261	0.0
51.0	29.54829342244334	18.59886619620571	19.471105085035283	32.381735296315675	0.0
52.0	29.56782610552388	18.246749087182117	19.67949949821707	32.505925309076936	0.0
53.0	30.978080992494366	18.01351654335223	19.50076337507874	31.50763908907466	0.0
54.0	30.24589201251348	17.90217704651982	19.82831334949124	32.02361759147546	0.0
55.0	28.40867838305324	17.861795041534094	19.291464690683124	34.43806188472955	0.0
56.0	29.024611606427847	18.09833965084619	20.67161390208745	32.20543484063852	0.0
57.0	28.15209498996284	18.181138683637297	19.563917481740916	34.10284884465895	0.0
58.0	29.838012151758157	17.838951830772352	19.151298999455413	33.17173701801408	0.0
59.0	29.72502536173848	17.34849698328795	20.643921191734744	32.282556463238826	0.0
60.0	29.19994874204434	18.189099141429242	20.17534492332664	32.43560719319978	0.0
61.0	30.17973280363951	17.400869295913026	19.640320806501567	32.779077093945894	0.0
62.0	28.216410179736645	18.31861336864701	20.13093114901161	33.33404530260474	0.0
63.0	28.77601802706195	17.969392441022244	20.211027692044812	33.04356183987099	0.0
64.0	28.336323636208295	18.500363108206244	19.58861976163014	33.574693493955316	0.0
65.0	30.13189512468628	17.773268542745768	20.81379825919795	31.28103807337	0.0
66.0	30.26859614460405	17.93880493405244	20.498745127356223	31.293853793987292	0.0
67.0	29.203379150513175	17.672188224237182	19.492059423493853	33.63237320175579	0.0
68.0	29.38707506968697	17.892196127433703	20.50345497847981	32.21727382439952	0.0
69.0	29.663569368792054	17.62255687279718	19.84727117376909	32.866602584641676	0.0
70.0	28.142989885612362	18.26570827414583	20.1262429375514	33.4650589026904	0.0
71.0	29.480305878332192	17.435278537252223	21.024863294600138	32.05955228981544	0.0
72.0	29.939870342087556	17.85626555307537	20.031827065822217	32.17203703901485	0.0
73.0	29.92448920740369	17.717801108630873	19.13616507705946	33.22154460690598	0.0
74.0	29.778053104906753	17.989660991604897	20.405656548394678	31.826629355093672	0.0
75.0	30.844325767690258	17.444058744993324	19.50120160213618	32.21041388518024	0.0
76.0	28.519701355436165	18.434572701152494	19.58706728047595	33.45865866293539	0.0
77.0	28.73348358773326	17.774169773229794	21.5682713979	31.92407524113695	0.0
78.0	29.75132455990429	18.156084430011965	18.418860023927532	33.673730986156215	0.0
79.0	29.583934198579286	17.71617796293329	19.29712118784383	33.40276665064359	0.0
80.0	31.069734649403923	18.005170277314875	19.46758962526172	31.457505448019486	0.0
81.0	30.100416622155752	18.564255955560302	19.972225189616495	31.36310223266745	0.0
82.0	29.930453919044513	17.724101829991344	18.413152862499597	33.932291388464535	0.0
83.0	29.713907228169134	18.46462833579044	19.93782449842959	31.883639937610837	0.0
84.0	30.746220821537314	18.049249505902463	18.9519790609476	32.25255061161263	0.0
85.0	30.13108834307326	16.946400145297595	19.069240713240244	33.853270798388905	0.0
86.0	30.8688405487414	17.43130048292662	20.27757596478482	31.422283003547157	0.0
87.0	29.71300965894521	18.58385332079665	19.97499786306522	31.728139157192924	0.0
88.0	29.901379406139476	17.44291651975083	19.021059717280508	33.63464435682918	0.0
89.0	29.824448932055432	18.584051885330855	20.06923742667564	31.522261755938068	0.0
90.0	30.085479217865156	18.396196174805002	19.652740677422802	31.865583929907043	0.0
91.0	30.2856104884121	18.340830653175054	19.23409802434047	32.13946083407238	0.0
92.0	29.002649912381926	18.569688421592513	20.48553233320511	31.942129332820446	0.0
93.0	30.5537152992969	17.969568097792404	19.620456051118758	31.856260551791937	0.0
94.0	29.72484906769247	17.715445851365068	19.67195597585083	32.88774910509163	0.0
95.0	30.360634717102098	18.26361062136026	20.618688892450713	30.75706576908693	0.0
96.0	30.095956573773297	18.6025388955377	19.322747478201403	31.978757052487605	0.0
97.0	29.699605672334012	18.363486754223796	19.295339666798466	32.64156790664373	0.0
98.0	28.156024579214534	17.95671920919049	21.470478226021907	32.41677798557307	0.0
99.0	29.58086648000513	18.371556201508966	19.129245303182508	32.9183320153034	0.0
100.0	29.590634505805234	18.62066749496594	19.834197335161306	31.95450066406752	0.0
101.0	29.517716641083712	18.504524425457006	20.64705187793175	31.33070705552753	0.0
102.0	30.077477671365543	17.72301732486818	19.675024211772303	32.52448079199397	0.0
103.0	29.281690444842546	17.353391897433685	19.919708186743218	33.44520947098055	0.0
104.0	29.991775069803683	18.128395489275125	19.59048505443605	32.28934438648514	0.0
105.0	30.528418218922322	17.76192957318397	19.474838261473664	32.23481394642004	0.0
106.0	29.021542616916072	17.82330262040123	20.082118974493017	33.07303578818968	0.0
107.0	29.90030683220319	18.051779299199616	20.13845666677586	31.90945720182134	0.0
108.0	29.51896959607465	18.806404976780865	20.2970297029703	31.37759572417419	0.0
109.0	28.281308349625462	17.97552885354656	20.237023043296794	33.50613975353119	0.0
110.0	29.284597255567057	17.2694434043303	21.332129248254443	32.11383009184819	0.0
111.0	29.228714303061075	18.497830862466746	20.119440550177174	32.154014284295	0.0
112.0	29.117399583720825	17.640937070988887	19.100128426553297	34.141534918736994	0.0
113.0	30.39998223781347	17.616758622986488	20.657422928762532	31.3258362104375	0.0
114.0	30.327914517153392	18.16176224804733	18.75452651283023	32.75579672196905	0.0
115.0	29.239694178664045	17.51542519896271	20.30202092461772	32.94285969775552	0.0
116.0	30.490964767641415	17.85397808213032	20.30375430449462	31.351302845733642	0.0
117.0	30.28651843512525	18.021953278919224	19.79172530256122	31.899802983394316	0.0
118.0	29.723166585721223	17.931486271276416	19.711533031388008	32.63381411161435	0.0
119.0	30.623803536434796	17.857749685662828	19.65655123979112	31.861895538111256	0.0
120.0	29.37708046943343	18.484225355312937	19.527158291771283	32.611535883482354	0.0
121.0	29.779139566935857	17.290672377068788	19.738475732689395	33.191712323305964	0.0
122.0	29.440875945779137	17.932658239422132	20.28367659496651	32.34278921983222	0.0
123.0	28.65740422312401	18.59022858059931	19.515326592842243	33.237040603434444	0.0
124.0	28.793684767724194	18.23684422503769	19.152829081368452	33.81664192586967	0.0
125.0	28.873971716424805	17.955679822534428	19.90479711618449	33.26555134485627	0.0
126.0	29.56591341469073	17.90288153681964	19.65454039255719	32.876664655932444	0.0
127.0	29.685752888557587	17.453643309727916	18.869968319045842	33.99063548266865	0.0
128.0	28.903848626158503	17.639633953928683	21.386580648177368	32.06993677173545	0.0
129.0	30.070815551282653	18.050930919664214	18.90329690944051	32.97495661961263	0.0
130.0	30.17817634044156	17.62109871487078	19.607635456385633	32.59308948830203	0.0
131.0	29.778087465898217	17.931335844956482	20.629952877540656	31.660623811604644	0.0
132.0	30.5806375162934	18.119445431923214	18.847019789074533	32.45289726270885	0.0
133.0	29.836139649923897	18.20300608828006	19.951008371385086	32.00984589041096	0.0
134.0	30.696980546604607	17.270557345745317	20.183792815371763	31.848669292278313	0.0
135.0	29.51214254921684	17.81984959524836	20.37409589500407	32.29391196053073	0.0
136.0	28.387406873347754	18.460706560922855	19.714011055034845	33.43787551069454	0.0
137.0	30.50024752774122	17.959646940919356	23.274852388944566	28.265253142394858	0.0
138.0	30.09906512592305	19.947617950552317	20.009457870039167	29.94385905348547	0.0
139.0	30.213584666715377	18.94863739314678	19.73770731350917	31.10007062662867	0.0
140.0	28.885219837338717	21.225463217758207	19.82755457714181	30.06176236776127	0.0
141.0	31.199852778800146	16.7672678198994	21.12869586553797	30.90418353576248	0.0
142.0	26.69825252276643	19.70957420625154	24.382229879399457	29.209943391582577	0.0
143.0	27.09982586358079	18.70916747971496	19.208111546109098	34.98289511059515	0.0
144.0	27.788385241023605	19.113271176353898	18.700406665344175	34.397936917278315	0.0
145.0	26.888202471104027	19.376494619370266	16.63386807493025	37.10143483459545	0.0
146.0	33.35127758929354	14.115452508231405	19.571340936690163	32.96192896578489	0.0
147.0	34.3658656948715	15.84228574320819	22.384188082855662	27.40766047906465	0.0
148.0	31.394296646759223	16.793350396856173	21.148426794901624	30.663926161482973	0.0
149.0	32.39887033806795	16.583603289309742	23.84749563917269	27.170030733449625	0.0
150.0	26.07747246947894	18.36892657354959	27.347570629419838	28.20603032755163	0.0
