# Position (bp)	A	C	G	T	N
0.0	50.58730715287517	10.343618513323984	18.820126227208977	20.248948106591865	0.0
1.0	14.39586436519758	53.86839568912644	16.551301147813895	15.184438797862088	0.0
2.0	19.802843932652884	45.89548983686644	11.410625490709238	22.891040739771437	0.0
3.0	51.592689295039165	11.906005221932114	18.56396866840731	17.93733681462141	0.0
4.0	50.50013046881795	16.056362529355482	13.73401756980082	19.709489432025745	0.0
5.0	16.91572545612511	46.15986099044309	13.414422241529106	23.50999131190269	0.0
6.0	18.263135041250543	51.22014763352149	11.532783326096396	18.983933999131565	0.0
7.0	52.50824509633745	12.818955042527339	17.5750737719146	17.09772608922062	0.0
8.0	51.57849089332177	15.160450997398092	16.19254119687771	17.06851691240243	0.0
9.0	18.426752144156634	45.78532443905397	12.041930174131508	23.745993242657885	0.0
10.0	20.938284428287023	11.512161343374014	13.295247987535705	54.25430624080325	0.0
11.0	15.962319592083658	13.965949356148993	11.952294529427016	58.11943652234033	0.0
12.0	21.70689655172414	12.008620689655173	12.862068965517242	53.42241379310345	0.0
13.0	18.242778541953232	44.58390646492435	13.075997248968363	24.097317744154058	0.0
14.0	17.97290344709312	12.021951637797976	50.2486708969302	19.7564740181787	0.0
15.0	51.9052084221294	13.869235359304408	14.542664734464239	19.68289148410195	0.0
16.0	16.36750319013186	14.138664398128457	17.447894512973203	52.04593789876648	0.0
17.0	22.45191900364314	44.2175718037787	12.556129797509108	20.77437939506905	0.0
18.0	15.980731851601455	12.684864362376405	14.738443336432011	56.59596044959013	0.0
19.0	19.325179249261915	50.69590889919865	11.952762547448334	18.026149304091103	0.0
20.0	19.129409783615394	14.178664645954367	11.913782941820324	54.77814262860991	0.0
21.0	18.57202855942881	18.53842923141537	13.246535069298615	49.643007139857204	0.0
22.0	17.283537095963826	11.706581812091777	44.289063808407306	26.720817283537095	0.0
23.0	18.02442288390766	18.735362997658083	12.269989963198395	50.97022415523587	0.0
24.0	53.53687020353687	11.786786786786786	12.587587587587587	22.088755422088756	0.0
25.0	23.4726152821708	12.835025803229566	42.88330281338438	20.809056101215248	0.0
26.0	56.002660458929164	11.323578317259727	12.662121715996008	20.011639507815097	0.0
27.0	17.50830564784053	16.38704318936877	14.451827242524917	51.652823920265774	0.0
28.0	18.920487521764365	44.43246828621176	10.032335627228257	26.614708564795624	0.0
29.0	21.82585664625062	10.46184406555206	14.939579539811291	52.77271974838603	0.0
30.0	19.786986187385587	17.182559494092196	42.39474122150108	20.635713097021135	0.0
31.0	19.58211450062683	14.6510656080234	11.876305892185542	53.89051399916423	0.0
32.0	22.638491328506483	10.944603468597407	12.96514564741539	53.45175955548071	0.0
33.0	20.398981324278438	44.34634974533107	15.738539898132428	19.516129032258064	0.0
34.0	19.89228928021884	16.934518721148915	12.412378184305009	50.760813814327236	0.0
35.0	18.578296703296704	43.83585164835165	12.51717032967033	25.068681318681318	0.0
36.0	22.907679033649696	12.579810181190682	11.449525452976705	53.06298533218292	0.0
37.0	49.36774640568162	16.733067729083665	13.719036895894682	20.18014896934003	0.0
38.0	53.732638888888886	14.366319444444445	10.581597222222221	21.319444444444443	0.0
39.0	51.10319666435025	13.446838082001388	14.150451702571228	21.299513551077137	0.0
40.0	18.414857441799633	44.31946987531607	12.869474234894064	24.396198447990233	0.0
41.0	18.409926470588236	11.856617647058822	49.65992647058823	20.073529411764707	0.0
42.0	54.300776914539405	11.55197928227895	12.634110247872735	21.513133555308915	0.0
43.0	56.174965100046535	12.72219637040484	12.117263843648209	18.98557468590042	0.0
44.0	21.010762751520822	47.53392606457651	11.642489471221339	19.812821712681327	0.0
45.0	29.98219584569733	13.816023738872405	13.768545994065281	42.433234421364986	0.0
46.0	24.62458640875541	16.556375668108934	19.394247900229068	39.42479002290659	0.0
47.0	30.73605520414031	20.14088556641748	18.87579068430132	30.247268545140887	0.0
48.0	26.31502680770903	18.72192435878858	18.620489784089262	36.34255904941313	0.0
49.0	26.14531660344325	18.967026553837172	21.899620659468923	32.98803618325066	0.0
50.0	25.029411764705884	24.558823529411764	18.808823529411764	31.60294117647059	0.0
51.0	27.415763693038443	18.836277274751374	18.019890158824403	35.72806887338578	0.0
52.0	28.32984136486082	17.479796468123315	21.40077821011673	32.78958395689913	0.0
53.0	32.197769068435335	18.22429906542056	20.515526077781125	29.062405788362977	0.0
54.0	29.615501983521515	22.352761672261217	17.50076289288984	30.53097345132743	0.0
55.0	30.60159607120933	19.87415592387968	18.69244935543278	30.83179864947821	0.0
56.0	27.327559542220847	20.553665326322303	19.007114135477885	33.111660995978966	0.0
57.0	30.745293293916294	18.15777189979773	19.1068927960168	31.990042010269175	0.0
58.0	29.30953499295444	19.962423673085954	19.36746516361359	31.360576170346015	0.0
59.0	26.87224669603524	23.017621145374452	20.044052863436125	30.066079295154186	0.0
60.0	27.76809757642959	18.31142087755425	19.53112624742595	34.38935529859021	0.0
61.0	30.380755137804684	17.524295045403857	23.004620041421063	29.0903297753704	0.0
62.0	29.686500319897636	20.473448496481126	21.65706973768394	28.1829814459373	0.0
63.0	33.12972190966082	18.051760167175697	18.196431441890372	30.622086481273108	0.0
64.0	30.953915565581696	19.36835320657428	20.512407347728004	29.165323880116016	0.0
65.0	29.82968369829684	18.94566098945661	20.421735604217357	30.802919708029197	0.0
66.0	27.690802348336597	17.15590345727332	21.689497716894977	33.46379647749511	0.0
67.0	29.196004584902568	17.24250859669232	21.7946618634354	31.766824954969707	0.0
68.0	26.59188386671066	19.828439458924446	19.383041900362915	34.19663477400198	0.0
69.0	27.35552243748965	18.7117072362974	22.520284815366782	31.412485510846167	0.0
70.0	28.673656182393074	21.351306373772676	18.755200532534534	31.21983691129972	0.0
71.0	28.73851294903926	20.183792815371763	19.615705931495405	31.46198830409357	0.0
72.0	26.997152905710937	19.745436275330768	18.45587003851951	34.80154078043879	0.0
73.0	28.49444257325699	19.70360390703941	20.191983832940384	31.60996968676322	0.0
74.0	30.844594594594593	16.95945945945946	21.26689189189189	30.929054054054056	0.0
75.0	28.168535507985048	20.489296636085626	21.7804960924227	29.561671763506624	0.0
76.0	29.168087282645754	21.326287078077055	18.479372655983635	31.026252983293556	0.0
77.0	29.732968161588495	19.87333105100993	18.28141047586443	32.112290311537144	0.0
78.0	30.360205831903947	18.970840480274443	19.210977701543737	31.457975986277877	0.0
79.0	28.05235061133115	22.696745307387637	18.271052178405373	30.979851902875836	0.0
80.0	28.902333621434746	19.48141745894555	20.62229904926534	30.993949870354363	0.0
81.0	26.367899947889526	18.18655549765503	17.595970123328122	37.84957443112732	0.0
82.0	30.616163379298307	17.455053237912377	23.35486123232676	28.57392215046256	0.0
83.0	30.112241318835498	19.572079971939672	20.09821115398106	30.217467555243775	0.0
84.0	28.292597151397924	18.99068049938456	19.957798487779147	32.75892386143837	0.0
85.0	32.46248896734333	17.140335392762577	20.88261253309797	29.514563106796114	0.0
86.0	28.940385635945514	19.989386166637182	22.50132672917035	28.56890146824695	0.0
87.0	30.641161884520013	18.225292242295428	21.05915692525682	30.074388947927737	0.0
88.0	33.03777265472602	18.65579003369392	18.21244901578294	30.093988295797125	0.0
89.0	30.666666666666664	18.25777777777778	17.955555555555556	33.12	0.0
90.0	30.53081581759886	18.346989668685428	19.397933737085857	31.724260776629855	0.0
91.0	31.107142857142854	20.517857142857142	16.875	31.5	0.0
92.0	30.223813786929277	18.889883616830797	17.38585496866607	33.50044762757386	0.0
93.0	31.550610193826273	17.33668341708543	20.100502512562816	31.012203876525486	0.0
94.0	28.848571941799893	16.31040057481588	20.262259744925455	34.57876773845878	0.0
95.0	29.899135446685882	19.164265129683	19.0021613832853	31.93443804034582	0.0
96.0	28.078728782954137	16.991693752257135	20.946189960274467	33.98338750451427	0.0
97.0	29.000724112961624	19.225199131064446	19.3881245474294	32.38595220854453	0.0
98.0	31.341928454694024	21.1004176502633	18.231341928454693	29.32631196658798	0.0
99.0	30.406267079613773	19.42065950081982	18.910548369466206	31.262525050100198	0.0
100.0	33.50421091175394	14.152325155620652	20.102526547052364	32.24093738557305	0.0
101.0	31.424889543446245	20.508100147275403	18.86966126656848	29.19734904270987	0.0
102.0	30.48306496390894	15.824541921154914	20.322043309272626	33.370349805663515	0.0
103.0	27.875859505668092	18.490986805426502	22.02192900947779	31.611224679427615	0.0
104.0	27.723880597014926	18.600746268656717	22.07089552238806	31.604477611940297	0.0
105.0	29.908119257453592	19.782486405400338	18.18863678979936	32.120757547346706	0.0
106.0	29.92673304527522	18.6924666541424	19.80086417433778	31.5799361262446	0.0
107.0	29.681312464642655	20.101829153309446	19.272110126343577	30.94474825570432	0.0
108.0	32.758293838862556	19.582938388625593	15.867298578199051	31.791469194312793	0.0
109.0	29.45662535748332	19.008579599618685	19.65681601525262	31.877979027645374	0.0
110.0	26.138538078836586	20.8955223880597	19.613471106008422	33.352468427095296	0.0
111.0	29.393647738209815	18.517805582290663	18.61405197305101	33.47449470644851	0.0
112.0	24.869565217391305	19.57487922705314	22.00966183574879	33.54589371980676	0.0
113.0	29.38664596273292	18.924689440993788	19.37111801242236	32.317546583850934	0.0
114.0	29.514903565166566	17.2024157412819	20.592246249756478	32.690434443795056	0.0
115.0	28.937084798749513	17.721766314966782	20.261821023837438	33.07932786244627	0.0
116.0	28.877110325873577	20.55359246171967	18.708284255987436	31.861012956419316	0.0
117.0	30.775300848293547	19.155652002367333	18.70191359242454	31.367133556914577	0.0
118.0	28.709932726553227	15.077166600712308	21.369212504946578	34.84368816778789	0.0
119.0	23.676880222841227	21.84639872662157	27.298050139275766	27.178670911261438	0.0
120.0	26.903857685388765	20.50769538277034	21.706975814511292	30.8814711173296	0.0
121.0	29.91573033707865	19.141252006420544	19.181380417335472	31.76163723916533	0.0
122.0	28.683574879227052	18.417874396135268	22.50402576489533	30.394524959742352	0.0
123.0	31.454545454545457	19.434343434343436	18.08080808080808	31.03030303030303	0.0
124.0	31.5201948447331	18.652323929368784	19.89039983762939	29.937081388268723	0.0
125.0	29.384176182707993	19.14763458401305	21.676182707993476	29.79200652528548	0.0
126.0	30.96457096047512	18.51320909277084	18.20602088879787	32.316199057956176	0.0
127.0	27.564234326824256	19.506680369989724	24.172661870503596	28.756423432682425	0.0
128.0	29.641896087766504	19.602566756365142	20.3477540881805	30.40778306768785	0.0
129.0	29.995836802664442	20.73272273105745	17.547876769358865	31.723563696919232	0.0
130.0	28.822422087429405	20.372307048734577	18.65718468939552	32.14808617444049	0.0
131.0	30.27696181284096	20.43642467477969	19.492236676458248	29.79437683592111	0.0
132.0	28.372387587080432	20.857082541693053	21.0048553937091	29.76567447751742	0.0
133.0	30.80025472298875	19.69857779664615	19.868393122479304	29.6327743578858	0.0
134.0	25.929884566053868	20.842240273621208	20.179563916203506	33.04831124412142	0.0
135.0	26.653780068728523	16.817010309278352	19.372852233676976	37.15635738831615	0.0
136.0	24.13048174551739	19.485850075610283	23.136746597537265	33.24692158133506	0.0
137.0	27.90798611111111	17.23090277777778	19.856770833333336	35.00434027777778	0.0
138.0	32.0479302832244	17.712418300653596	20.28322440087146	29.956427015250547	0.0
139.0	28.236582694414018	17.87513691128149	22.03723986856517	31.85104052573932	0.0
140.0	28.420123565754636	18.86584289496911	20.167696381288614	32.546337157987644	0.0
141.0	29.335998223406616	18.676437930268712	20.697312902509438	31.290250943815234	0.0
142.0	31.627179257934735	14.997764863656682	19.892713455520784	33.4823424228878	0.0
143.0	32.12516884286358	20.441242683475913	17.53714542998649	29.89644304367402	0.0
144.0	30.41902604756512	17.25934314835787	17.68969422423556	34.63193657984145	0.0
145.0	27.96165259073271	19.173704633645286	18.808491212052044	34.056151563569955	0.0
146.0	31.119282923465867	20.018386577798207	19.16800735463112	29.694323144104807	0.0
147.0	29.71785383903793	18.316373728029603	17.80758556891767	34.1581868640148	0.0
148.0	24.002799160251925	22.416608350828085	21.017028224865875	32.563564264054115	0.0
149.0	27.202255109231853	20.38994597134132	18.53417899929528	33.873619920131546	0.0
150.0	27.55849680926495	18.908059560387617	17.655400614511933	35.878043015835495	0.0
151.0	28.048490610886617	20.20442120275731	20.98882814357024	30.758260042785835	0.0
152.0	27.717782577393805	20.75833933285337	17.902567794576434	33.621310295176386	0.0
153.0	31.4707305273343	19.956458635703918	18.57764876632801	29.995162070633768	0.0
154.0	32.538330494037474	15.55122900949136	20.1752251155999	31.735215380871256	0.0
155.0	29.69325153374233	21.496932515337424	17.619631901840492	31.190184049079754	0.0
156.0	32.251672033688386	15.110230369085956	18.776319048798612	33.861778548427054	0.0
157.0	28.043912175648707	18.188622754491018	21.781437125748504	31.98602794411178	0.0
158.0	27.345911949685537	23.345911949685537	16.67924528301887	32.62893081761006	0.0
159.0	36.00911623195746	13.395796404152952	20.258293238794632	30.33679412509496	0.0
160.0	25.369709331973482	20.958694543600203	23.50841407445181	30.163182049974502	0.0
161.0	28.333759918095723	18.863578192986946	21.44868185308421	31.353980035833118	0.0
162.0	28.493788819875775	17.934782608695652	19.849896480331264	33.72153209109731	0.0
163.0	28.90686146621445	18.78424210800939	16.2014088181581	36.107487607618054	0.0
164.0	29.250985545335084	16.609724047306177	22.128777923784494	32.010512483574246	0.0
165.0	29.453870625662777	16.96712619300106	22.428419936373274	31.15058324496288	0.0
166.0	26.21021663546403	21.87750735490773	20.727467237229206	31.184808772399037	0.0
167.0	27.713439267438726	19.256665768920012	21.734446539186642	31.29544842445462	0.0
168.0	29.010331702011964	19.73898858075041	18.705818379554106	32.54486133768352	0.0
169.0	28.673245614035086	17.626096491228072	20.093201754385966	33.60745614035088	0.0
170.0	30.896551724137932	17.13103448275862	18.317241379310346	33.6551724137931	0.0
171.0	30.011104941699056	20.155469183786785	16.352026651860076	33.481399222654076	0.0
172.0	30.954380072767982	20.79485026588301	17.99608172404142	30.254687937307583	0.0
173.0	27.794987327513375	17.403548296254577	19.79724021402422	35.004224162207834	0.0
174.0	28.92115001423285	18.815826928551097	18.474238542556222	33.78878451465984	0.0
175.0	25.38726333907057	19.563970166379804	22.776821572002294	32.27194492254733	0.0
176.0	26.39049826187717	21.61066048667439	18.25028968713789	33.748551564310546	0.0
177.0	29.45645821157218	22.55990648743425	17.9427235534775	30.040911747516073	0.0
178.0	28.870539663815986	19.817163078737835	19.138897080507224	32.173400176938955	0.0
179.0	24.54734342534877	18.699910952804988	26.714158504007123	30.03858711783912	0.0
180.0	30.437387657279807	15.218693828639903	19.982025164769325	34.36189334931096	0.0
181.0	29.481346678798907	18.62299059751289	19.381255686988172	32.514407036700035	0.0
182.0	33.28230251071647	19.565217391304348	17.973055725658295	29.179424372320884	0.0
183.0	26.45600991325898	22.490706319702603	21.561338289962826	29.49194547707559	0.0
184.0	29.080675422138835	19.355847404627895	19.949968730456536	31.613508442776734	0.0
185.0	27.20379146919431	23.317535545023695	22.812006319115323	26.666666666666668	0.0
186.0	32.322910019144864	17.262284620293556	20.580727504786218	29.834077855775366	0.0
187.0	33.39780786589297	20.34171502256609	16.731141199226304	29.529335912314636	0.0
188.0	28.292682926829265	20.130081300813007	21.203252032520325	30.373983739837396	0.0
189.0	28.55267476206104	18.214637348211355	20.05251066622908	33.180177223498525	0.0
190.0	30.22870401060656	18.296320848525024	20.01988730527014	31.455087835598277	0.0
191.0	26.637700534759357	22.994652406417114	19.050802139037433	31.316844919786096	0.0
192.0	32.16571236106433	19.063657797238125	19.501515661839004	29.26911417985854	0.0
193.0	27.735978112175104	18.980848153214776	23.187414500683996	30.095759233926128	0.0
194.0	26.620450606585788	21.49046793760832	23.986135181975737	27.902946273830153	0.0
195.0	26.568524360322463	20.539782684893098	19.90886785839467	32.98282509638977	0.0
196.0	30.78835227272727	19.211647727272727	20.525568181818183	29.474431818181817	0.0
197.0	26.519536903039075	19.46454413892909	23.082489146164978	30.93342981186686	0.0
198.0	24.832962138084632	24.832962138084632	19.265033407572382	31.06904231625835	0.0
199.0	29.965156794425084	24.08052651955091	17.653890824622533	28.300425861401475	0.0
200.0	26.82819383259912	15.02202643171806	22.026431718061673	36.12334801762114	0.0
201.0	31.239193083573486	16.311239193083573	16.714697406340058	35.73487031700288	0.0
202.0	39.28987194412107	16.70547147846333	16.065192083818395	27.939464493597203	0.0
203.0	30.498533724340177	17.24340175953079	20.410557184750733	31.8475073313783	0.0
204.0	30.88757396449704	17.041420118343193	25.917159763313606	26.153846153846157	0.0
205.0	35.08353221957041	16.10978520286396	25.71599045346062	23.09069212410501	0.0
206.0	27.557160048134776	22.26233453670277	24.60890493381468	25.571600481347772	0.0
207.0	30.29197080291971	21.83698296836983	15.02433090024331	32.846715328467155	0.0
208.0	34.11619283065513	16.19283065512979	20.519159456118665	29.171817058096416	0.0
209.0	25.530586766541823	24.78152309612984	18.726591760299627	30.96129837702871	0.0
210.0	24.714828897338403	17.680608365019012	16.856780735107733	40.747782002534855	0.0
211.0	30.244530244530242	18.21106821106821	18.91891891891892	32.625482625482626	0.0
212.0	28.23682498373455	18.932986337020168	21.795705920624595	31.03448275862069	0.0
213.0	26.715039577836414	19.45910290237467	16.62269129287599	37.203166226912934	0.0
214.0	27.436582109479307	26.101468624833114	18.891855807743656	27.570093457943923	0.0
215.0	30.826558265582655	24.525745257452574	16.395663956639567	28.252032520325205	0.0
216.0	30.547945205479454	17.465753424657535	15.958904109589042	36.02739726027397	0.0
217.0	26.099092812281928	17.65526866713189	28.332170272156315	27.91346824842987	0.0
218.0	23.610108303249095	21.660649819494584	18.700361010830324	36.02888086642599	0.0
219.0	18.274509803921568	20.54901960784314	24.15686274509804	37.01960784313725	0.0
220.0	0.0	29.455445544554454	24.504950495049506	46.03960396039604	0.0
