# Position (bp)	A	C	G	T	N
0.0	27.17310223197873	24.089279149194645	23.071461682322663	25.66615693650396	0.0
1.0	27.48019312121876	20.02164976523951	15.030648363981697	37.46750874956003	0.0
2.0	28.152769223637243	19.860661328882973	17.85905866926271	34.12737832700879	1.324512082861476E-4
3.0	23.887598343521155	21.99010023969788	15.211962166319145	38.90981069945797	5.285510038504941E-4
4.0	34.2513582551068	14.044265540520948	14.6078656217131	37.09506072276834	0.0014498598908123698
5.0	36.24914589946167	15.02137390711336	22.348931172991072	26.371859905130655	0.008689115303243542
6.0	32.69071203807074	17.61942144359016	19.920471176718884	29.76137408133558	0.008021260284636393
7.0	35.41639845615842	16.708091505981205	20.476919883660134	27.39701373325381	0.0015764209464305889
8.0	23.364360846787267	26.684536694158677	22.206309554907673	27.743217681350806	0.001575222795574149
9.0	28.96676837026757	18.429951754190355	16.067376230740372	36.53564129673403	2.6234806767530755E-4
10.0	26.83202468964233	17.253906593125652	24.87266453315573	31.040617555709677	7.866283666055281E-4
11.0	28.409052197406247	18.764232499757604	19.65296940061686	33.17282873307496	9.17169144333598E-4
12.0	26.726626853242447	19.59359930027536	21.068991749691317	32.60515182741523	0.005630269375655501
13.0	27.729531702579635	21.283390683264773	18.45062255979205	32.536193282139415	2.6177222413461377E-4
14.0	31.692894062089756	18.297616694785365	20.52909401942088	29.479479020919523	9.162027844711481E-4
15.0	30.05053512786919	18.912519649277574	19.420226877986657	31.614755053185572	0.001963291681009603
16.0	30.54672437871635	17.745931732421667	19.08411134219781	32.621007482759026	0.0022250639051442167
17.0	30.128805022885434	18.29094150306993	20.568752511377276	31.0077052654174	0.0037956972499518992
18.0	31.665800636891824	18.22405869980354	18.349709367388154	31.75244724308038	0.00798405283610572
19.0	30.61844996812923	18.46711420991253	19.72859455801723	31.185841263941004	0.0
20.0	30.311914693667596	18.31122885044037	19.381222816590597	31.99550275318937	1.3088611206730688E-4
21.0	30.388221297002836	17.48821697776114	19.230703787713196	32.89233439307455	5.235444482692275E-4
22.0	28.857377330263617	19.108717931266465	19.81524116420579	32.21748559925552	0.0011779750086057619
23.0	29.961270799439284	17.65876158178484	20.310121553932277	32.06879897594706	0.001047088896538455
24.0	31.217646589173363	17.97027052850503	18.513447893584356	32.29706435539244	0.0015706333448076823
25.0	29.450029645704383	18.23767085545854	19.29130405760036	33.02086455512465	1.3088611206730688E-4
26.0	32.045501247999084	17.89710519185941	19.93526372897151	30.122129831170003	0.0
27.0	29.214303757871164	18.105214110046425	19.917070559394155	32.763411572688256	0.0
28.0	30.1413700896439	18.12589411575306	19.952933354100598	31.77613762936456	0.0036648111378845922
29.0	29.223858444052077	18.489233962851902	19.58880819032935	32.69587433886152	0.0022250639051442167
30.0	30.050195349567744	18.245845958521755	19.553935459382345	32.148059920289526	0.001963312238634058
31.0	30.67491086527437	18.267252346821778	19.48608137044968	31.569137657523704	0.0026177599304722963
32.0	29.16768105129514	18.42920904176647	19.73482022486617	32.66828968207223	0.0
33.0	29.54864346970189	18.32650967005581	19.524926440560833	32.59861153286353	0.0013088868179390793
34.0	29.859398641891925	17.990874393327783	19.703692650823818	32.44537986712112	6.54446835356883E-4
35.0	30.342687940113755	17.556487131031282	19.655544074564453	32.445018930539135	2.619237513767367E-4
36.0	31.090136535579937	17.419550889105444	18.9931679817254	32.49688262969832	2.6196389089727873E-4
37.0	29.06100580321469	18.940749570981307	19.18191702581972	32.81593460576129	3.929942229849221E-4
38.0	30.472311060508588	18.449466555387705	19.27121888458127	31.80647942278188	5.240767405571198E-4
39.0	29.51153146446191	18.798724959237493	19.761165781512958	31.92844672563031	1.310691573301737E-4
40.0	29.907853930638566	18.57745569799598	19.7278385029937	31.78357218196225	0.0032796864095042686
41.0	29.684914669314043	18.479648276840162	20.558812251479957	31.275442936909396	0.0011818654564364393
42.0	29.435117192222577	18.430244476800723	19.523845818242986	32.60829570601809	0.0024968067156216
43.0	29.507856156728685	18.302281243836696	20.315166655709685	31.871277365064753	0.0034185786601801326
44.0	29.49373982178421	18.77106348049597	20.00599840568691	31.729198292032905	0.0
45.0	29.52022624654715	18.355027576758932	19.60298942331608	32.521756753377836	0.0
46.0	30.144476099698252	17.702600938423217	19.378018147061766	32.774509855550235	3.9495926653431145E-4
47.0	29.663821610922277	18.16353649077014	19.84199207458164	32.32946456674248	0.001185256983468299
48.0	30.337022404487485	17.842308345925183	18.876047472694243	32.94369961888527	9.221580078225346E-4
49.0	29.524347960163993	17.728393499830656	20.16852681365979	32.57767744537177	0.0010542809737866213
50.0	29.738910728014318	18.61805589438801	19.719829149320276	31.922940488419844	2.6373985755410295E-4
51.0	30.21669055859595	18.280757888956646	19.453046418982602	32.049505133464805	0.0
52.0	29.997739939758162	18.000785073557694	19.76957958914484	32.23176323027371	1.3216726560465864E-4
53.0	31.467678314109122	17.527135978277986	19.39684887876771	31.59563389618793	0.01270293265725503
54.0	30.20424813877377	18.47266206012347	19.366818849476765	31.95388688671586	0.0023840649101406204
55.0	28.989806997100782	18.29729525506369	18.193761176974338	34.51847374065575	6.628302054375938E-4
56.0	29.432383701877722	18.336382608649505	20.444959806615355	31.78561051621865	6.633666387610434E-4
57.0	28.280643902283607	18.73189589025093	19.780772672120136	33.20628927811895	3.9825722637737264E-4
58.0	30.759573882997167	17.879883254887737	21.88798155034002	29.472428465721066	1.328460540072348E-4
59.0	29.736335722141177	20.22583077452961	21.123196259470014	28.905860403016575	0.008776840842629913
60.0	31.13050058688026	19.069544977943696	19.685069792786635	30.114618181430604	2.664609588064681E-4
61.0	29.13483017125655	21.025297503876423	19.493943170688098	30.345795714449654	1.3343972927747723E-4
62.0	31.119950140030543	16.43132083445902	21.746596869842474	30.701597177454946	5.34978213012275E-4
63.0	26.63232776433083	20.187410440672142	25.46208588035142	27.715895002924935	0.0022809117206661336
64.0	26.220643538046513	19.824281687487808	18.31587586698689	35.63758434411727	0.0016145633615209187
65.0	27.74039019153533	19.212603947230004	18.723043850019288	34.31829767951211	0.005664331703264543
66.0	26.539902864023162	19.660971089194636	17.121365856298283	36.67058998606545	0.0071702044184693645
67.0	33.50573807869365	14.104572005558932	18.040883132111528	34.34717818987232	0.0016285937635716148
68.0	34.134250129593006	15.572142851265621	23.12556396957787	27.1680430495635	0.0
69.0	31.98941508699948	17.05298893649892	20.452783507462897	30.50481246903871	0.0
70.0	33.176838104180675	15.920680995008704	22.150394924739338	28.752085976071278	0.0
71.0	25.88453813744885	19.795080110538954	25.691623503118343	28.628758248893853	0.0
