# Position (bp)	A	C	G	T	N
0.0	26.4392691390843	23.871584245511933	23.706795754456817	25.98235086094695	0.0
1.0	26.912450124659053	20.602532659526872	15.540130216240625	36.94488699957345	0.0
2.0	29.160808744162527	19.798005335889883	17.555749477978225	33.48543644196937	0.0
3.0	23.57061426768022	22.6660007190568	15.039781127648725	38.72360388561425	0.0
4.0	34.42455303551624	13.170362123198604	14.85277937907792	37.552305462207244	0.0
5.0	35.28635072188	14.896289538108732	23.48755305261596	26.32980668739531	0.0
6.0	31.737550277506454	17.33284050910998	21.011738630499615	29.917870582883943	0.0
7.0	35.46715376441137	17.107035044097138	20.118668255330668	27.307142936160826	0.0
8.0	22.696728944291124	26.875691813933695	23.005750555891407	27.421828685883774	0.0
9.0	27.70521129079384	18.696679488339132	15.466646190167246	38.13146303069978	0.0
10.0	27.01963466367675	16.497139038250925	24.987932096977914	31.49529420109441	0.0
11.0	28.122762687566578	18.662685028707227	19.259540280896793	33.9550120028294	0.0
12.0	26.184297605095523	20.0309880583398	20.671676901662696	33.113037434901976	0.0
13.0	26.371813751487743	21.100941550222846	19.120842365009654	33.40640233327976	0.0
14.0	30.6180887747353	18.558176793315116	20.32366317633455	30.50007125561504	0.0
15.0	29.53741115010467	18.670506877956374	20.216864349481785	31.57521762245717	0.0
16.0	29.948767538154293	17.996161957830992	18.575941891859355	33.479128612155364	0.0
17.0	30.354800904002744	17.87472156624397	19.741891989502324	32.028585540250965	0.0
18.0	31.967455380644893	17.928394288878724	18.987949016119387	31.116201314357	0.0
19.0	30.29022184248149	18.63932359875345	19.92752100088435	31.14293355788071	0.0
20.0	29.72536979711997	17.993415851023055	20.180943710667062	32.10027064118991	0.0
21.0	29.310967963605627	18.69183801093367	20.13014724208233	31.867046783378377	0.0
22.0	29.92777478800641	18.89557050368935	22.953561511816392	28.22309319648785	0.0
23.0	29.721153026476504	20.407881456686024	21.190339690809196	28.680625826028276	0.0
24.0	33.1916463691197	19.557395259126412	17.624005919096568	29.626952452657314	0.0
25.0	29.683345252651588	20.96605694852872	19.57816675896275	29.772431039856944	0.0
26.0	32.077351711859215	16.61294405425578	22.407893169937807	28.901811063947196	0.0
27.0	26.487345458284228	21.138436970666763	24.852878303869083	27.521339267179922	0.0
28.0	27.01744819000977	19.762702533511288	18.866131197530326	34.35371807894862	0.0
29.0	28.30099933559833	20.17690914616251	17.282733820908287	34.239357697330874	0.0
30.0	26.84097349925646	19.067066472840743	15.967386228230938	38.12457379967186	0.0
31.0	34.549841692318346	14.43109555250369	18.34053814010364	32.67852461507433	0.0
32.0	34.53510206410338	15.543843601803939	22.688245192602256	27.23280914149042	0.0
33.0	31.499570978356463	17.307227611351834	21.083820938929236	30.109380471362474	0.0
34.0	33.235617195248004	16.520118756879743	21.922529754485154	28.321734293387095	0.0
35.0	26.75923290275511	20.0940308214399	25.723646439965638	27.423089835839352	0.0
