# Position (bp)	A	C	G	T	N
0.0	42.503863987635235	10.819165378670787	7.8825347758887165	38.794435857805254	0.0
1.0	17.928902627511594	61.205564142194746	8.191653786707882	12.673879443585781	0.0
2.0	45.2914798206278	8.968609865470851	9.417040358744394	36.32286995515695	0.0
3.0	16.063675832127352	35.60057887120116	8.24891461649783	40.08683068017366	0.0
4.0	40.11142061281337	11.002785515320335	14.345403899721449	34.540389972144844	0.0
5.0	15.543328748280604	34.25034387895461	12.104539202200826	38.101788170563964	0.0
6.0	16.870748299319725	12.51700680272109	33.197278911564624	37.41496598639456	0.0
7.0	17.631224764468374	29.7442799461642	36.47375504710632	16.1507402422611	0.0
8.0	57.4496644295302	13.95973154362416	11.275167785234899	17.315436241610737	0.0
9.0	16.0	10.533333333333333	54.13333333333333	19.333333333333332	0.0
10.0	36.95364238410596	11.390728476821192	10.463576158940398	41.19205298013245	0.0
11.0	13.720316622691293	30.738786279683378	9.234828496042216	46.306068601583114	0.0
12.0	10.935441370223979	17.25955204216074	30.8300395256917	40.974967061923586	0.0
13.0	38.370565045992116	31.800262812089358	8.278580814717477	21.55059132720105	0.0
14.0	40.18324607329843	10.209424083769633	7.984293193717278	41.62303664921466	0.0
15.0	14.882506527415144	35.77023498694517	29.765013054830288	19.5822454308094	0.0
16.0	41.352405721716515	10.143042912873861	29.388816644993497	19.115734720416125	0.0
17.0	40.46692607003891	29.701686121919586	11.413748378728924	18.417639429312583	0.0
18.0	39.56185567010309	9.793814432989691	11.597938144329897	39.04639175257732	0.0
19.0	39.03061224489796	12.244897959183673	8.801020408163266	39.9234693877551	0.0
20.0	39.670468948035484	25.728770595690747	13.941698352344739	20.659062103929024	0.0
21.0	36.628643852978456	7.858048162230672	37.76932826362484	17.743979721166035	0.0
22.0	18.354430379746837	8.860759493670885	13.291139240506327	59.49367088607595	0.0
23.0	20.986093552465235	27.054361567635905	13.653603034134006	38.305941845764856	0.0
24.0	36.0655737704918	7.566204287515762	13.366960907944513	43.00126103404792	0.0
25.0	36.56998738965952	29.760403530895335	17.276166456494323	16.39344262295082	0.0
26.0	38.539042821158695	7.5566750629722925	14.231738035264483	39.67254408060453	0.0
27.0	18.387909319899247	29.345088161209066	34.38287153652393	17.884130982367758	0.0
28.0	40.55415617128463	29.59697732997481	11.964735516372796	17.884130982367758	0.0
29.0	38.79093198992443	35.26448362720403	8.438287153652393	17.506297229219143	0.0
30.0	17.82051282051282	7.6923076923076925	11.025641025641026	63.46153846153846	0.0
31.0	35.41666666666667	15.625	10.807291666666668	38.15104166666667	0.0
32.0	17.992177314211215	13.428943937418513	9.778357235984354	58.80052151238592	0.0
33.0	19.94750656167979	35.170603674540686	30.971128608923888	13.910761154855644	0.0
34.0	17.585301837270343	39.37007874015748	28.083989501312335	14.960629921259844	0.0
35.0	38.84514435695538	11.286089238845145	8.792650918635172	41.0761154855643	0.0
36.0	44.021024967148485	9.198423127463863	31.40604467805519	15.374507227332456	0.0
37.0	41.39290407358738	33.63994743758213	11.826544021024969	13.14060446780552	0.0
38.0	40.87301587301587	10.978835978835978	9.126984126984127	39.021164021164026	0.0
39.0	38.35978835978836	10.44973544973545	13.35978835978836	37.83068783068783	0.0
40.0	19.047619047619047	8.994708994708994	33.99470899470899	37.96296296296296	0.0
41.0	15.211640211640212	33.86243386243386	9.788359788359788	41.13756613756614	0.0
42.0	15.608465608465607	33.46560846560847	10.052910052910052	40.87301587301587	0.0
43.0	16.534391534391535	9.920634920634921	31.878306878306876	41.66666666666667	0.0
44.0	14.682539682539684	13.624338624338625	30.952380952380953	40.74074074074074	0.0
45.0	15.159574468085108	38.430851063829785	27.393617021276594	19.01595744680851	0.0
46.0	47.14765100671141	20.63758389261745	8.724832214765101	23.48993288590604	0.0
47.0	14.093959731543624	21.140939597315437	40.26845637583892	24.496644295302016	0.0
48.0	47.14765100671141	14.429530201342283	12.583892617449665	25.838926174496645	0.0
49.0	22.651006711409398	19.966442953020135	37.080536912751676	20.302013422818792	0.0
50.0	51.51006711409396	18.79194630872483	10.06711409395973	19.630872483221477	0.0
51.0	23.825503355704697	43.95973154362416	12.919463087248323	19.29530201342282	0.0
52.0	45.80536912751678	16.44295302013423	14.429530201342283	23.322147651006713	0.0
53.0	17.953020134228186	19.29530201342282	14.093959731543624	48.65771812080537	0.0
54.0	18.624161073825505	17.28187919463087	20.13422818791946	43.95973154362416	0.0
55.0	22.14765100671141	10.06711409395973	48.48993288590604	19.29530201342282	0.0
56.0	18.288590604026847	43.79194630872483	15.436241610738255	22.483221476510067	0.0
57.0	20.033670033670035	15.151515151515152	19.36026936026936	45.45454545454545	0.0
58.0	21.043771043771045	16.329966329966332	44.107744107744104	18.51851851851852	0.0
59.0	51.01351351351351	15.54054054054054	13.682432432432432	19.763513513513516	0.0
60.0	20.304568527918782	42.13197969543147	12.859560067681894	24.703891708967852	0.0
61.0	47.03891708967851	17.089678510998308	11.505922165820643	24.36548223350254	0.0
62.0	18.8135593220339	43.050847457627114	9.661016949152543	28.474576271186443	0.0
63.0	20.25089605734767	14.874551971326163	13.440860215053762	51.4336917562724	0.0
64.0	29.904306220095695	20.334928229665074	23.205741626794257	26.555023923444978	0.0
65.0	31.33971291866029	17.942583732057415	24.880382775119617	25.837320574162682	0.0
66.0	27.51196172248804	22.727272727272727	19.138755980861244	30.62200956937799	0.0
67.0	28.947368421052634	16.507177033492823	24.401913875598087	30.14354066985646	0.0
68.0	27.990430622009573	16.028708133971293	22.727272727272727	33.25358851674641	0.0
69.0	29.42583732057416	17.942583732057415	18.181818181818183	34.44976076555024	0.0
70.0	28.947368421052634	22.00956937799043	18.899521531100476	30.14354066985646	0.0
71.0	29.665071770334926	18.660287081339714	16.74641148325359	34.92822966507177	0.0
72.0	29.1866028708134	23.205741626794257	20.813397129186605	26.794258373205743	0.0
73.0	35.645933014354064	20.574162679425836	17.703349282296653	26.076555023923444	0.0
74.0	30.861244019138756	15.789473684210526	20.574162679425836	32.77511961722488	0.0
75.0	33.25358851674641	20.095693779904305	21.770334928229666	24.880382775119617	0.0
76.0	32.057416267942585	17.703349282296653	17.703349282296653	32.535885167464116	0.0
77.0	33.25358851674641	16.507177033492823	16.028708133971293	34.21052631578947	0.0
78.0	22.00956937799043	24.16267942583732	21.052631578947366	32.77511961722488	0.0
79.0	22.00956937799043	28.4688995215311	16.267942583732058	33.25358851674641	0.0
80.0	32.057416267942585	18.421052631578945	15.789473684210526	33.73205741626794	0.0
81.0	22.966507177033492	18.421052631578945	25.358851674641148	33.25358851674641	0.0
82.0	22.00956937799043	24.401913875598087	21.291866028708135	32.29665071770335	0.0
83.0	22.966507177033492	26.794258373205743	18.421052631578945	31.818181818181817	0.0
84.0	24.401913875598087	18.899521531100476	22.966507177033492	33.73205741626794	0.0
85.0	28.708133971291865	15.789473684210526	20.334928229665074	35.16746411483253	0.0
86.0	27.51196172248804	17.464114832535884	19.37799043062201	35.645933014354064	0.0
87.0	22.596153846153847	21.875	22.596153846153847	32.93269230769231	0.0
88.0	28.125	18.269230769230766	18.509615384615387	35.09615384615385	0.0
89.0	30.76923076923077	16.105769230769234	20.91346153846154	32.21153846153847	0.0
90.0	28.125	16.826923076923077	18.75	36.29807692307692	0.0
91.0	30.288461538461537	19.471153846153847	21.394230769230766	28.846153846153843	0.0
92.0	30.69544364508393	17.505995203836928	17.985611510791365	33.81294964028777	0.0
93.0	29.496402877697843	19.904076738609113	18.465227817745802	32.13429256594724	0.0
94.0	28.05755395683453	21.822541966426858	19.664268585131893	30.455635491606714	0.0
95.0	28.53717026378897	21.58273381294964	15.107913669064748	34.77218225419664	0.0
96.0	28.53717026378897	19.904076738609113	18.705035971223023	32.853717026378895	0.0
97.0	28.53717026378897	22.781774580335732	19.18465227817746	29.496402877697843	0.0
98.0	29.73621103117506	23.980815347721823	17.026378896882495	29.256594724220626	0.0
99.0	31.894484412470025	17.985611510791365	21.822541966426858	28.297362110311752	0.0
100.0	34.77218225419664	16.06714628297362	26.618705035971225	22.54196642685851	0.0
101.0	34.2925659472422	21.103117505995204	25.179856115107913	19.424460431654676	0.0
102.0	35.97122302158273	20.38369304556355	21.34292565947242	22.302158273381295	0.0
103.0	38.60911270983213	13.908872901678656	21.822541966426858	25.65947242206235	0.0
104.0	40.7673860911271	16.546762589928058	18.225419664268586	24.46043165467626	0.0
105.0	38.36930455635492	15.347721822541965	15.827338129496402	30.455635491606714	0.0
106.0	38.1294964028777	13.66906474820144	14.148681055155876	34.05275779376499	0.0
107.0	31.414868105515588	25.179856115107913	12.949640287769784	30.455635491606714	0.0
108.0	34.05275779376499	14.388489208633093	23.26139088729017	28.297362110311752	0.0
109.0	34.77218225419664	18.465227817745802	21.34292565947242	25.41966426858513	0.0
110.0	38.84892086330935	21.34292565947242	13.189448441247004	26.618705035971225	0.0
111.0	24.22062350119904	24.46043165467626	20.863309352517987	30.455635491606714	0.0
112.0	25.899280575539567	16.30695443645084	22.54196642685851	35.25179856115108	0.0
113.0	28.05755395683453	17.985611510791365	18.94484412470024	35.011990407673856	0.0
114.0	25.41966426858513	20.863309352517987	19.664268585131893	34.05275779376499	0.0
115.0	28.05755395683453	25.65947242206235	19.18465227817746	27.098321342925658	0.0
116.0	25.179856115107913	28.05755395683453	16.30695443645084	30.455635491606714	0.0
117.0	31.654676258992804	21.103117505995204	21.822541966426858	25.41966426858513	0.0
118.0	31.100478468899524	20.813397129186605	22.248803827751196	25.837320574162682	0.0
119.0	23.444976076555022	22.248803827751196	20.813397129186605	33.49282296650718	0.0
120.0	27.751196172248804	20.574162679425836	19.617224880382775	32.057416267942585	0.0
121.0	26.076555023923444	23.684210526315788	16.267942583732058	33.97129186602871	0.0
122.0	23.444976076555022	29.42583732057416	20.574162679425836	26.555023923444978	0.0
123.0	22.248803827751196	20.813397129186605	20.574162679425836	36.36363636363637	0.0
124.0	32.29665071770335	20.574162679425836	17.464114832535884	29.665071770334926	0.0
125.0	29.256594724220626	23.741007194244602	16.06714628297362	30.935251798561154	0.0
126.0	28.297362110311752	19.664268585131893	21.103117505995204	30.935251798561154	0.0
127.0	30.434782608695656	20.531400966183575	21.73913043478261	27.294685990338163	0.0
128.0	31.719128329297817	23.24455205811138	15.49636803874092	29.539951573849876	0.0
129.0	27.184466019417474	23.78640776699029	18.689320388349515	30.339805825242717	0.0
130.0	36.650485436893206	18.932038834951456	18.203883495145632	26.21359223300971	0.0
131.0	29.584352078239608	17.84841075794621	21.271393643031786	31.295843520782395	0.0
132.0	26.172839506172842	15.308641975308642	24.19753086419753	34.32098765432099	0.0
133.0	28.92768079800499	16.209476309226932	17.955112219451372	36.907730673316706	0.0
134.0	35.08771929824561	19.298245614035086	19.548872180451127	26.065162907268167	0.0
135.0	32.65822784810127	21.012658227848103	19.240506329113924	27.088607594936708	0.0
136.0	25.831202046035806	27.621483375959077	15.601023017902813	30.946291560102303	0.0
137.0	37.94871794871795	21.025641025641026	13.58974358974359	27.435897435897438	0.0
138.0	32.81653746770026	16.020671834625322	21.188630490956072	29.97416020671835	0.0
139.0	34.196891191709845	14.507772020725387	21.243523316062177	30.05181347150259	0.0
140.0	34.21052631578947	17.894736842105264	13.684210526315791	34.21052631578947	0.0
141.0	32.189973614775724	25.065963060686013	10.817941952506596	31.926121372031663	0.0
142.0	30.02680965147453	26.80965147453083	19.034852546916888	24.128686327077748	0.0
143.0	34.91620111731844	17.039106145251395	19.273743016759777	28.77094972067039	0.0
144.0	30.72463768115942	22.318840579710145	11.884057971014492	35.07246376811594	0.0
145.0	37.27272727272727	22.12121212121212	13.030303030303031	27.575757575757574	0.0
146.0	37.0253164556962	16.77215189873418	15.50632911392405	30.69620253164557	0.0
147.0	36.177474402730375	15.699658703071673	19.795221843003414	28.327645051194537	0.0
148.0	33.33333333333333	16.117216117216117	25.64102564102564	24.90842490842491	0.0
149.0	25.390625	20.703125	30.859375	23.046875	0.0
150.0	37.423312883435585	20.245398773006134	25.153374233128833	17.177914110429448	0.0
