# Position (bp)	A	C	G	T	N
0.0	73.89457424213168	6.622900173778722	10.851515736628693	8.631009847460898	0.0
1.0	9.343629343629344	72.58687258687259	10.27027027027027	7.7992277992278	0.0
2.0	11.243056885654088	70.79103619996168	6.95269105535338	11.013215859030836	0.0
3.0	73.61190612478535	8.013737836290783	7.365006678114863	11.009349360809006	0.0
4.0	73.33587640663742	8.02975395765783	7.209612817089453	11.424756818615297	0.0
5.0	11.81177367117546	69.30843970280053	6.68698799771385	12.192798628310154	0.0
6.0	11.02227298686465	68.89396535313155	7.99543118218161	12.088330477822197	0.0
7.0	74.12973178618985	7.266501807114325	8.255659121171771	10.348107285524064	0.0
8.0	72.59935348925652	9.279330671230273	8.423654687202891	9.697661152310324	0.0
9.0	11.117445838084379	68.6431014823261	8.076776890916001	12.162675788673507	0.0
10.0	11.018237082066868	6.7629179331307	7.275835866261398	74.94300911854104	0.0
11.0	10.870802504268639	7.417947258584709	7.285145133750712	74.42610510339594	0.0
12.0	10.216072782410917	6.880212282031842	8.718726307808947	74.1849886277483	0.0
13.0	12.381673608481636	68.11813706929193	8.61416130253692	10.886028019689512	0.0
14.0	11.64681414256003	7.562866326337682	69.4649272074116	11.325392323690679	0.0
15.0	70.42625424368163	8.54394568087514	7.864956620143341	13.164843455299888	0.0
16.0	9.436805424750423	8.30664908645696	8.250141269542286	74.00640421925033	0.0
17.0	12.323612417685794	67.24365004703668	7.337723424270931	13.095014111006586	0.0
18.0	10.737119217751035	8.42421963144039	8.631064309890936	72.20759684091765	0.0
19.0	11.459703174901371	69.4157430020665	7.909073830546684	11.21547999248544	0.0
20.0	12.045710003746722	8.935931060322218	6.893967778194081	72.12439115773698	0.0
21.0	11.878968995143818	7.732536421367202	8.516996638027644	71.87149794546134	0.0
22.0	11.138059701492537	7.6679104477611935	68.05970149253731	13.134328358208954	0.0
23.0	12.285607755406414	8.389261744966444	6.580909768829232	72.74422073079792	0.0
24.0	71.22369156267462	6.10914509219594	8.902961445334327	13.76420189979512	0.0
25.0	12.974683544303797	7.129560685033508	67.31198808637379	12.583767684288905	0.0
26.0	71.51627906976744	7.218604651162791	7.423255813953489	13.841860465116278	0.0
27.0	9.432558139534883	10.288372093023256	7.144186046511628	73.13488372093023	0.0
28.0	10.821866865005578	67.64596504276683	6.619561175158051	14.912606917069542	0.0
29.0	12.49302844394869	6.265105038111172	6.804238706079197	74.43762781186093	0.0
30.0	12.332589285714286	7.328869047619048	66.74107142857143	13.597470238095239	0.0
31.0	12.346368715083798	6.405959031657356	7.262569832402235	73.9851024208566	0.0
32.0	11.400224634968177	7.5814301759640585	7.338075627105953	73.68026956196181	0.0
33.0	10.828025477707007	68.58373922817535	6.968902210565756	13.619333083551894	0.0
34.0	12.871842843779232	7.35266604303087	8.119738072965388	71.65575304022451	0.0
35.0	11.605307419173986	67.94991590356942	6.858531115679312	13.586245561577275	0.0
36.0	10.93895837222326	8.26955385476946	7.149523987306328	73.64196378570095	0.0
37.0	71.25770883946926	8.390954961689404	7.849000186880957	12.50233601196038	0.0
38.0	72.53034547152194	8.141923436041083	6.498599439775911	12.829131652661063	0.0
39.0	72.4569932685116	8.171278982797308	6.245325355273	13.126402393418099	0.0
40.0	11.77794448612153	65.0225056264066	7.7456864216054	15.453863465866466	0.0
41.0	12.474012474012476	6.066906066906067	69.66546966546967	11.793611793611793	0.0
42.0	73.125	7.121212121212121	8.333333333333332	11.420454545454547	0.0
43.0	73.1586940015186	8.314350797266515	7.194381169324222	11.33257403189066	0.0
44.0	12.378409307648292	68.22429906542055	6.618348273888995	12.778943353042152	0.0
45.0	23.637579404881308	11.300568371782013	12.437311935807422	52.62454028752926	0.0
46.0	28.87117079311792	13.722198908938314	18.338229122954257	39.06840117498951	0.0
47.0	29.324324324324323	15.18018018018018	17.882882882882882	37.61261261261261	0.0
48.0	27.65021983390327	19.63849535906204	18.221787982413286	34.4894968246214	0.0
49.0	27.535521803037728	21.656050955414013	17.442430181283687	33.365997060264576	0.0
50.0	25.896805896805898	23.980343980343978	17.88697788697789	32.235872235872236	0.0
51.0	29.72972972972973	18.525798525798525	16.51105651105651	35.23341523341523	0.0
52.0	28.85939036381514	17.20747295968535	20.943952802359885	32.98918387413963	0.0
53.0	31.163021868787276	18.78727634194831	20.2286282306163	29.82107355864811	0.0
54.0	28.42210054753609	22.34942757590841	19.313091090094574	29.915380786460926	0.0
55.0	31.60259610584124	17.324013979031452	19.870194707938094	31.203195207189218	0.0
56.0	27.168494516450647	19.04287138584247	22.283150548354936	31.505483549351943	0.0
57.0	31.221719457013574	17.647058823529413	20.51282051282051	30.618401206636502	0.0
58.0	28.923541247484906	20.02012072434608	19.164989939637827	31.891348088531185	0.0
59.0	27.23146747352496	21.381744831064044	20.272314674735252	31.114473020675742	0.0
60.0	29.984856133266025	17.819283190307925	20.141342756183743	32.054517920242304	0.0
61.0	26.619433198380566	18.775303643724698	21.60931174089069	32.99595141700405	0.0
62.0	29.72151898734177	18.9873417721519	22.68354430379747	28.607594936708864	0.0
63.0	32.432432432432435	17.848036715961243	20.34676185619582	29.372768995410503	0.0
64.0	30.18867924528302	17.69505354411015	21.417644059153492	30.69862315145334	0.0
65.0	27.95094532447624	19.672968829841594	23.45426673479816	28.921819110884005	0.0
66.0	28.622631848438303	16.43625192012289	22.58064516129032	32.36047107014849	0.0
67.0	29.897435897435898	17.58974358974359	19.538461538461537	32.97435897435898	0.0
68.0	26.051282051282048	20.256410256410255	18.615384615384613	35.07692307692308	0.0
69.0	26.10710607621009	19.001029866117406	21.627188465499486	33.26467559217301	0.0
70.0	28.482328482328484	21.62162162162162	18.3991683991684	31.496881496881496	0.0
71.0	28.70514820592824	20.904836193447736	20.02080083203328	30.36921476859074	0.0
72.0	29.58918356734269	18.408736349453978	20.436817472698905	31.56526261050442	0.0
73.0	28.980228928199793	17.48178980228928	22.94484911550468	30.59313215400624	0.0
74.0	29.003651538862808	16.484089723526342	23.68283776734481	30.829420970266042	0.0
75.0	29.36259143155695	18.181818181818183	20.846394984326018	31.60919540229885	0.0
76.0	28.24267782426778	20.188284518828453	20.711297071129707	30.857740585774057	0.0
77.0	29.005235602094242	21.151832460732983	18.1151832460733	31.727748691099478	0.0
78.0	29.67032967032967	21.925693354264784	16.535845107273676	31.868131868131865	0.0
79.0	28.908709338929693	19.832109129066108	18.835257082896117	32.423924449108085	0.0
80.0	29.089952656496582	18.411362440820618	20.831141504471333	31.667543398211468	0.0
81.0	27.660695468914646	18.70389884088514	18.124341412012647	35.51106427818757	0.0
82.0	31.787032156035842	18.292040063257776	21.29678439641539	28.624143384290985	0.0
83.0	28.337730870712402	20.686015831134565	20.686015831134565	30.29023746701847	0.0
84.0	26.121372031662272	20.15831134564644	21.63588390501319	32.084432717678105	0.0
85.0	32.54094030639197	18.4891706286318	20.44374009508716	28.526148969889064	0.0
86.0	30.058108821975697	18.225039619651348	21.44743792921289	30.269413629160063	0.0
87.0	31.378763866877975	17.80243000528262	22.398309561542526	28.420496566296883	0.0
88.0	35.71051241415743	18.647649234020076	17.74960380348653	27.892234548335974	0.0
89.0	29.968287526427062	17.547568710359407	17.019027484143763	35.46511627906977	0.0
90.0	30.54526204340921	16.622551614610906	19.957649550026467	32.87453679195341	0.0
91.0	29.28381962864722	20.0	17.082228116710876	33.633952254641905	0.0
92.0	30.16967126193001	16.64899257688229	17.815482502651115	35.36585365853659	0.0
93.0	31.352785145888596	17.771883289124666	20.26525198938992	30.610079575596817	0.0
94.0	30.605738575983	18.012752391073324	18.91604675876727	32.46546227417641	0.0
95.0	31.823027718550108	17.32409381663113	20.149253731343283	30.703624733475483	0.0
96.0	29.50907150480256	19.530416221985057	17.822838847385274	33.13767342582711	0.0
97.0	32.19434063000534	16.28403630539242	19.220501868659902	32.301121195942336	0.0
98.0	31.587386424371992	20.309994655264564	16.835916622127208	31.266702298236236	0.0
99.0	31.60149973219068	18.264595607927156	18.907337975361543	31.226566684520623	0.0
100.0	31.310418904403868	13.963480128893663	20.408163265306122	34.31793770139635	0.0
101.0	30.12372243141474	17.859064012910167	20.710059171597635	31.307154384077464	0.0
102.0	31.35775862068966	14.385775862068966	21.39008620689655	32.866379310344826	0.0
103.0	26.580226904376016	18.260399783900596	20.36736898973528	34.79200432198811	0.0
104.0	30.054054054054053	17.18918918918919	19.18918918918919	33.56756756756757	0.0
105.0	29.03575297941495	18.85157096424702	20.36836403033586	31.74431202600217	0.0
106.0	31.77620858229223	18.576860401955457	18.68549701249321	30.961434003259097	0.0
107.0	31.64763458401305	20.11963023382273	17.890157694399132	30.342577487765087	0.0
108.0	34.34948285247687	18.181818181818183	16.766467065868262	30.70223189983669	0.0
109.0	30.20207536865101	19.93446204259967	20.371381758601856	29.49208083014746	0.0
110.0	27.297592997811815	20.45951859956236	20.24070021881838	32.00218818380744	0.0
111.0	27.967032967032967	17.582417582417584	19.78021978021978	34.67032967032967	0.0
112.0	28.46153846153846	19.12087912087912	21.043956043956044	31.373626373626372	0.0
113.0	30.85808580858086	18.81188118811881	18.096809680968097	32.233223322332236	0.0
114.0	29.91735537190083	17.85123966942149	18.677685950413224	33.553719008264466	0.0
115.0	28.785357737104828	18.41375485302274	18.912922906267333	33.8879645036051	0.0
116.0	28.77017250973845	20.478575403450193	17.696160267111853	33.0550918196995	0.0
117.0	29.693593314763234	19.38718662952646	18.60724233983287	32.31197771587744	0.0
118.0	28.268156424581004	16.87150837988827	20.22346368715084	34.63687150837989	0.0
119.0	24.425770308123248	20.616246498599438	26.05042016806723	28.907563025210088	0.0
120.0	26.981450252951095	21.585160202360875	21.641371557054526	29.7920179876335	0.0
121.0	31.2710911136108	18.335208098987625	18.672665916760405	31.72103487064117	0.0
122.0	30.760563380281692	17.35211267605634	21.295774647887324	30.59154929577465	0.0
123.0	32.48730964467005	18.95093062605753	18.556119571348	30.005640157924425	0.0
124.0	29.039548022598872	18.07909604519774	21.581920903954803	31.29943502824859	0.0
125.0	28.68480725623583	20.464852607709748	18.424036281179138	32.426303854875286	0.0
126.0	31.018782014797953	18.554354012521344	18.155947638019352	32.27091633466135	0.0
127.0	29.240434037692747	20.616790405482583	20.27412906910337	29.8686464877213	0.0
128.0	31.02857142857143	17.71428571428571	18.914285714285715	32.34285714285715	0.0
129.0	30.509444762449917	19.86262163709216	16.771608471665715	32.856325128792214	0.0
130.0	30.539609644087257	20.32146957520092	15.097588978185994	34.04133180252583	0.0
131.0	29.557216791259343	20.18401380103508	18.746405980448532	31.512363427257046	0.0
132.0	30.339666090961426	18.94070236039148	20.610247553252734	30.109383995394357	0.0
133.0	29.629629629629626	21.64351851851852	18.51851851851852	30.208333333333332	0.0
134.0	24.52173913043478	22.318840579710145	21.043478260869566	32.11594202898551	0.0
135.0	29.152148664343784	17.015098722415793	20.267131242740998	33.56562137049942	0.0
136.0	24.475524475524477	18.006993006993007	23.6013986013986	33.91608391608392	0.0
137.0	28.128654970760238	15.146198830409357	21.28654970760234	35.43859649122807	0.0
138.0	28.126834997064005	17.909571344685848	20.19964768056371	33.76394597768644	0.0
139.0	27.454438565549676	19.047619047619047	19.635508524397412	33.86243386243386	0.0
140.0	28.032979976442874	17.90341578327444	21.43698468786808	32.6266195524146	0.0
141.0	31.05076741440378	16.883116883116884	19.36245572609209	32.70365997638725	0.0
142.0	31.635071090047397	16.054502369668246	19.549763033175356	32.76066350710901	0.0
143.0	33.05637982195846	18.991097922848667	18.219584569732937	29.73293768545994	0.0
144.0	31.745086360929125	18.10601548540798	17.927337701012508	32.22156045265039	0.0
145.0	28.955223880597014	17.970149253731343	19.223880597014926	33.85074626865672	0.0
146.0	29.313432835820898	17.91044776119403	18.746268656716417	34.02985074626866	0.0
147.0	30.479041916167667	18.44311377245509	17.904191616766468	33.17365269461078	0.0
148.0	26.110444177671067	21.788715486194477	19.207683073229294	32.89315726290516	0.0
149.0	31.40096618357488	19.685990338164252	16.78743961352657	32.125603864734295	0.0
150.0	28.407026044821322	19.866747425802544	18.291944276196244	33.434282253179894	0.0
151.0	29.222357229647635	18.894289185905226	19.13730255164034	32.746051032806804	0.0
152.0	27.682926829268297	20.243902439024392	17.073170731707318	35.0	0.0
153.0	30.097680097680097	19.047619047619047	18.803418803418804	32.05128205128205	0.0
154.0	31.84049079754601	16.748466257668714	21.226993865030675	30.184049079754597	0.0
155.0	30.203829524397776	20.506485484867202	17.047560222359483	32.24212476837554	0.0
156.0	29.758214507129573	15.623062616243026	19.59082455052697	35.027898326100434	0.0
157.0	30.55382700684505	18.294959551960176	21.65525824517735	29.495955196017427	0.0
158.0	29.22403003754693	20.90112640801001	17.146433041301627	32.72841051314143	0.0
159.0	32.97738693467337	15.326633165829145	20.728643216080403	30.967336683417084	0.0
160.0	27.19242902208202	18.170347003154575	22.52365930599369	32.11356466876972	0.0
161.0	28.6527514231499	19.671094244149273	22.011385199240987	29.664769133459835	0.0
162.0	30.451366815003176	19.771137952956135	20.152574698029245	29.624920534011444	0.0
163.0	28.8265306122449	18.494897959183675	16.45408163265306	36.224489795918366	0.0
164.0	30.326295585412666	14.71529110684581	22.456813819577732	32.501599488163784	0.0
165.0	30.571612074502248	18.047527296082208	21.965317919075144	29.415542710340397	0.0
166.0	27.501613944480308	20.206584893479665	20.78760490639122	31.504196255648804	0.0
167.0	27.67336357744653	19.18340894361633	22.488658457550226	30.65456902138691	0.0
168.0	28.27496757457847	18.547341115434502	20.428015564202333	32.74967574578469	0.0
169.0	26.935588809368898	17.82693558880937	20.754716981132077	34.48275862068966	0.0
170.0	29.28104575163399	17.647058823529413	18.43137254901961	34.64052287581699	0.0
171.0	30.314960629921263	16.99475065616798	18.700787401574804	33.98950131233596	0.0
172.0	28.69393139841689	21.503957783641162	16.160949868073878	33.64116094986807	0.0
173.0	28.902116402116402	17.724867724867725	19.775132275132275	33.5978835978836	0.0
174.0	30.35356904603069	19.946631087391594	19.279519679786524	30.420280186791192	0.0
175.0	30.080753701211304	17.900403768506056	19.448183041722746	32.5706594885599	0.0
176.0	29.830508474576273	18.847457627118644	18.779661016949152	32.54237288135593	0.0
177.0	28.668941979522184	21.638225255972696	18.088737201365188	31.604095563139932	0.0
178.0	28.355127322780454	21.128699242945633	19.752236751548523	30.763936682725397	0.0
179.0	25.987525987525988	19.404019404019405	23.63132363132363	30.97713097713098	0.0
180.0	30.667593880389433	15.92489568845619	20.23643949930459	33.17107093184979	0.0
181.0	26.708507670850768	19.316596931659692	21.617852161785216	32.357043235704325	0.0
182.0	32.84106891701828	17.440225035161745	19.479606188466946	30.239099859353026	0.0
183.0	29.249291784702546	22.875354107648725	19.688385269121813	28.18696883852691	0.0
184.0	29.457917261055634	20.756062767475036	19.258202567760343	30.527817403708983	0.0
185.0	28.57142857142857	19.28571428571429	23.642857142857142	28.499999999999996	0.0
186.0	29.441260744985676	17.693409742120345	23.997134670487107	28.868194842406876	0.0
187.0	31.074260994953136	22.49459264599856	17.519826964671953	28.91131939437635	0.0
188.0	28.819695872556117	20.56480811006517	21.72338884866039	28.89210716871832	0.0
189.0	31.505847953216374	18.78654970760234	19.078947368421055	30.628654970760234	0.0
190.0	30.080704328686718	19.002201027146	19.22230374174615	31.694790902421126	0.0
191.0	28.908554572271388	17.182890855457227	20.575221238938052	33.33333333333333	0.0
192.0	29.437869822485208	21.967455621301777	20.118343195266274	28.476331360946745	0.0
193.0	30.05219985085757	16.778523489932887	20.954511558538407	32.21476510067114	0.0
194.0	27.279521674140504	20.92675635276532	23.467862481315397	28.325859491778775	0.0
195.0	29.078549848942597	18.429003021148034	20.31722054380665	32.17522658610272	0.0
196.0	27.832699619771862	19.923954372623573	20.912547528517113	31.330798479087452	0.0
197.0	30.609097918272937	19.969159599074786	20.43176561295297	28.98997686969931	0.0
198.0	27.020602218700475	22.345483359746435	20.998415213946117	29.635499207606976	0.0
199.0	27.19665271966527	24.85355648535565	18.744769874476987	29.20502092050209	0.0
200.0	27.77242044358727	16.39344262295082	19.961427193828353	35.87270973963356	0.0
201.0	30.810810810810814	18.37837837837838	16.89189189189189	33.91891891891892	0.0
202.0	35.23809523809524	17.959183673469386	18.367346938775512	28.435374149659864	0.0
203.0	34.33652530779754	16.963064295485637	19.151846785225718	29.548563611491108	0.0
204.0	32.55172413793103	18.068965517241377	21.379310344827587	28.000000000000004	0.0
205.0	35.59556786703601	16.343490304709142	23.822714681440445	24.238227146814403	0.0
206.0	31.337047353760443	19.637883008356546	18.384401114206128	30.64066852367688	0.0
207.0	26.99300699300699	22.797202797202797	17.062937062937063	33.14685314685315	0.0
208.0	25.666199158485277	18.2328190743338	22.159887798036465	33.94109396914446	0.0
209.0	24.403927068723704	19.775596072931275	19.91584852734923	35.90462833099579	0.0
210.0	28.732394366197184	17.74647887323944	19.859154929577468	33.66197183098591	0.0
211.0	29.90126939351199	19.746121297602258	21.861777150916783	28.49083215796897	0.0
212.0	29.119318181818183	16.051136363636363	22.301136363636363	32.528409090909086	0.0
213.0	26.72413793103448	21.551724137931032	19.10919540229885	32.61494252873563	0.0
214.0	29.725829725829726	25.396825396825395	18.326118326118326	26.551226551226552	0.0
215.0	30.72463768115942	21.304347826086957	18.26086956521739	29.71014492753623	0.0
216.0	31.58660844250364	17.612809315866084	17.758369723435223	33.04221251819505	0.0
217.0	26.40117994100295	17.10914454277286	24.926253687315633	31.563421828908556	0.0
218.0	25.825825825825827	16.516516516516518	21.17117117117117	36.486486486486484	0.0
219.0	18.093699515347332	22.617124394184167	27.463651050080774	31.82552504038772	0.0
220.0	0.0	31.06796116504854	27.184466019417474	41.74757281553398	0.0
