# Position (bp)	A	C	G	T	N
0.0	29.778247096092926	19.376979936642027	18.980992608236534	31.86378035902851	0.0
1.0	26.478352692713834	21.9376979936642	25.079197465681098	26.504751847940867	0.0
2.0	28.394410756657003	21.539678354864222	18.481413129448985	31.58449775902979	0.0
3.0	31.409749670619235	23.21475625823452	17.523056653491437	27.85243741765481	0.0
4.0	29.820864067439413	20.337197049525816	19.204425711275025	30.637513171759746	0.0
5.0	31.22696155871511	18.878357030015795	17.667193259610322	32.22748815165877	0.0
6.0	32.0	18.263157894736842	20.236842105263158	29.5	0.0
7.0	29.431877958968965	22.093634928984745	19.174118884797476	29.300368227248818	0.0
8.0	30.686300289245334	18.537996318695765	20.3786484354457	30.3970549566132	0.0
9.0	28.267157507231133	19.169077044438602	17.854325532474363	34.7094399158559	0.0
10.0	24.875098606363398	21.561924796213518	20.720483828556404	32.842492768866684	0.0
11.0	29.96845425867508	20.057833859095688	19.032597266035754	30.94111461619348	0.0
12.0	27.07676130389064	21.503680336487907	17.560462670872763	33.85909568874869	0.0
13.0	29.90801576872536	21.419185282522996	20.578186596583443	28.094612352168202	0.0
14.0	31.13504992117709	19.994745139253812	19.31161324224908	29.55859169732002	0.0
15.0	25.354703100367843	20.415133998949027	21.255911718339465	32.974251182343664	0.0
16.0	26.79978980557015	21.57120336311088	22.411981082501313	29.217025748817655	0.0
17.0	28.297425118234365	18.996321597477667	23.90961639516553	28.79663688912244	0.0
18.0	27.377824487651075	21.59747766684183	20.677877036258536	30.346820809248555	0.0
19.0	25.827640567524963	20.809248554913296	21.492380451918024	31.87073042564372	0.0
20.0	28.481345244351026	21.912769311613243	18.81240147136101	30.793483972674725	0.0
21.0	25.90646347871781	22.648449816079875	20.099842354177614	31.345244351024697	0.0
22.0	25.4860746190226	20.310036784025222	19.81082501313715	34.39306358381503	0.0
23.0	27.74566473988439	22.30688386757751	18.759852863899106	31.187598528638993	0.0
24.0	29.190751445086704	18.41828691539674	16.946925906463477	35.44403573305308	0.0
25.0	26.16233254531127	22.77383766745469	16.285789335434725	34.77804045179932	0.0
26.0	33.14946151825585	16.811137378513266	17.36275282374573	32.67664827948516	0.0
27.0	28.04621848739496	20.850840336134453	18.119747899159663	32.983193277310924	0.0
28.0	29.070378151260506	17.016806722689076	17.620798319327733	36.292016806722685	0.0
29.0	27.330007876082963	18.06248359149383	18.246258860593333	36.361249671829874	0.0
30.0	31.63426169206516	16.579085654230163	17.735155018392014	34.051497635312664	0.0
31.0	30.49040511727079	19.34968017057569	16.73773987206823	33.42217484008529	0.0
32.0	29.871520342612417	20.074946466809422	18.950749464668093	31.102783725910065	0.0
33.0	28.640256959314776	18.89721627408994	19.941113490364025	32.521413276231264	0.0
34.0	32.842218055183494	17.01044736137155	19.82319849986606	30.32413608357889	0.0
35.0	29.27939994642379	17.22475221001875	22.126975622823466	31.368872220733994	0.0
36.0	27.828418230563003	16.916890080428953	17.37265415549598	37.88203753351206	0.0
37.0	28.821784847667836	20.167160959827445	19.68185494742518	31.329199245079536	0.0
38.0	29.02267818574514	20.437365010799134	18.304535637149026	32.23542116630669	0.0
39.0	30.949811117107394	17.754991905018887	16.864543982730705	34.430652995143014	0.0
40.0	27.55735492577598	16.68016194331984	22.15924426450742	33.603238866396765	0.0
41.0	27.819751753912573	16.351861845655694	23.448461953588776	32.379924446842956	0.0
42.0	30.725654167790665	16.5902346911249	19.53061775020232	33.15349339088212	0.0
43.0	29.546681057744202	17.215326497571507	20.885051268213708	32.35294117647059	0.0
44.0	30.599028602266593	19.239071775499188	17.35024284943335	32.81165677280086	0.0
45.0	34.07127429805615	18.250539956803454	17.548596112311017	30.129589632829372	0.0
46.0	31.786292498650838	15.542363734484619	20.588235294117645	32.08310847274689	0.0
47.0	32.43316230083716	17.229273561976775	19.14663786119363	31.190926275992435	0.0
48.0	27.316941367198055	20.29181302350716	18.724669008376114	33.66657660091867	0.0
49.0	27.661880249254946	18.070983473313465	20.75318341912761	33.51395285830398	0.0
50.0	27.47014115092291	20.03257328990228	19.76112920738328	32.73615635179153	0.0
51.0	29.785500950312244	17.7572631007331	17.70295954385012	34.754276405104534	0.0
52.0	29.3398533007335	16.680249932083672	22.52105406139636	31.458842705786473	0.0
53.0	30.0	22.17391304347826	18.61413043478261	29.21195652173913	0.0
54.0	29.681978798586574	20.11416145691764	17.885294917097035	32.31856482739875	0.0
55.0	29.58933913516454	18.1125917867827	18.765297797117213	33.53277128093555	0.0
56.0	26.38020125101985	20.31547457166168	21.13135708457982	32.172967092738645	0.0
57.0	30.48680989937449	18.710905629589337	18.710905629589337	32.09137884144683	0.0
58.0	28.283927114495512	20.968180581996194	18.84688604840903	31.90100625509927	0.0
59.0	28.664672287190644	18.466140875713897	19.608376393799293	33.260810443296165	0.0
60.0	28.905824714207945	19.814915623298855	20.332063146434404	30.94719651605879	0.0
61.0	28.905824714207945	17.365269461077844	22.074033750680456	31.65487207403375	0.0
62.0	30.15741507870754	20.35349351008009	20.602043634355148	28.887047776857223	0.0
63.0	30.350731842032587	18.420325876829605	19.63545981772991	31.593482463407895	0.0
64.0	29.68793151063242	19.138359569179787	20.740127036730186	30.43358188345761	0.0
65.0	29.3027116768124	19.313779745434424	19.562811289429995	31.820697288323185	0.0
66.0	28.168234643054785	17.26618705035971	21.029330381848368	33.53624792473713	0.0
67.0	27.58716104039845	21.499723298284447	18.289983397897068	32.62313226342003	0.0
68.0	27.172108467072498	20.58660763696735	19.92252351964582	32.31876037631433	0.0
69.0	29.081350304371888	21.278361925843942	18.566685113447704	31.07360265633647	0.0
70.0	28.970669618151636	20.641947980077475	18.649695628112894	31.737686773657998	0.0
71.0	29.80077476480354	22.329828444936357	19.590481460985057	28.27891532927504	0.0
72.0	27.697841726618705	18.31765356945213	21.610403984504703	32.37410071942446	0.0
73.0	28.354080221300137	16.929460580912863	23.45781466113416	31.258644536652834	0.0
74.0	28.962655601659755	18.146611341632088	21.106500691562932	31.784232365145225	0.0
75.0	30.843706777316736	19.75103734439834	21.49377593360996	27.911479944674966	0.0
76.0	29.930843706777317	21.134163208852005	19.861687413554634	29.073305670816048	0.0
77.0	33.7852794687327	19.203099059214168	18.17930271167681	28.832318760376314	0.0
78.0	30.935251798561154	18.17930271167681	20.337576092971776	30.54786939679026	0.0
79.0	29.966795794133922	19.92252351964582	17.62589928057554	32.48478140564471	0.0
80.0	32.927504150525735	18.677365799667957	18.92639734366353	29.46873270614278	0.0
81.0	28.915329275041508	18.040951853901493	20.06087437742114	32.98284449363586	0.0
82.0	34.44936358605423	13.752075262866631	23.242944106253457	28.555617044825677	0.0
83.0	31.23962368566685	15.855008301051466	22.136137244050914	30.76923076923077	0.0
84.0	31.294964028776977	16.768123962368566	19.811842833425565	32.12506917542889	0.0
85.0	30.16048699501937	17.32152739346984	20.392916436081904	32.12506917542889	0.0
86.0	29.10902047592695	21.74875484228002	18.89872717210847	30.24349750968456	0.0
87.0	33.14886552296624	16.076369673491975	19.341449916989486	31.4333148865523	0.0
88.0	30.85224128389596	17.01715550636414	18.732706142778085	33.39789706696181	0.0
89.0	29.856115107913666	16.380741560597674	20.199225235196458	33.56391809629219	0.0
90.0	28.555617044825677	16.463752075262867	21.140011068068624	33.84061981184283	0.0
91.0	31.156613171001663	18.705035971223023	15.467625899280577	34.670724958494745	0.0
92.0	29.551743220807968	20.28223574986165	17.570558937465414	32.59546209186497	0.0
93.0	30.816044260027663	18.312586445366527	18.672199170124482	32.19917012448133	0.0
94.0	29.432918395574	17.178423236514522	19.64038727524205	33.748271092669434	0.0
95.0	31.839557399723372	17.89764868603043	18.948824343015215	31.31396957123098	0.0
96.0	28.29875518672199	18.229598893499308	19.336099585062243	34.13554633471646	0.0
97.0	30.29045643153527	18.450899031811897	19.14246196403873	32.11618257261411	0.0
98.0	30.95435684647303	20.8298755186722	17.81466113416321	30.40110650069156	0.0
99.0	28.575380359612723	19.446749654218536	18.699861687413556	33.27800829875518	0.0
100.0	30.70539419087137	17.81466113416321	21.217150760719225	30.262793914246195	0.0
101.0	30.481727574750835	20.81949058693245	21.31782945736434	27.380952380952383	0.0
102.0	30.675187552097803	19.44984717977216	17.39372047791053	32.481244790219506	0.0
103.0	27.53824756606398	20.139082058414466	22.420027816411682	29.902642559109875	0.0
104.0	28.65887590428492	18.336115748469673	20.311630495269895	32.69337785197551	0.0
105.0	28.750347898691903	20.066796548844977	18.536042304480933	32.64681324798219	0.0
106.0	32.200557103064064	20.835654596100277	18.41225626740947	28.551532033426184	0.0
107.0	31.176798661461234	20.747350808700503	19.492470719464585	28.58337981037368	0.0
108.0	33.63078639152259	17.819297267150027	18.711656441717793	29.838259899609593	0.0
109.0	26.861924686192467	19.330543933054393	18.549511854951188	35.258019525801956	0.0
110.0	27.63819095477387	19.709659408151868	20.323841429369068	32.32830820770519	0.0
111.0	30.22085546547386	18.618954431087502	18.674867207156836	32.4853228962818	0.0
112.0	26.6013986013986	19.888111888111887	19.244755244755247	34.26573426573427	0.0
113.0	29.630665920537215	16.508114157806382	22.07610520425294	31.785114717403466	0.0
114.0	31.279753570428454	15.905908709045086	19.210305236628393	33.60403248389807	0.0
115.0	28.355281591482207	18.772765480526758	16.02689829083777	36.84505463715326	0.0
116.0	29.111796021294477	19.69739422807509	18.40851779209863	32.7822919585318	0.0
117.0	33.361368096439584	17.998317914213622	16.96103167928231	31.679282310064483	0.0
118.0	30.678631519910265	17.807066741447	19.265283230510374	32.24901850813236	0.0
119.0	24.79663394109397	21.009817671809255	23.253856942496494	30.93969144460028	0.0
120.0	29.469548133595286	19.730564131349986	19.983160258209374	30.816727476845358	0.0
121.0	29.862475442043223	21.498737019365702	19.646365422396855	28.992422116194216	0.0
122.0	32.004491858506455	18.472768107804605	18.697361033127457	30.825379000561483	0.0
123.0	31.676495366470093	16.484133670317327	19.488907610221847	32.35046335299073	0.0
124.0	32.80898876404494	18.286516853932586	17.97752808988764	30.926966292134832	0.0
125.0	30.39325842696629	20.646067415730336	17.921348314606742	31.03932584269663	0.0
126.0	32.771219786396856	17.818999437886454	19.955030916245082	29.45474985947161	0.0
127.0	28.45894263217098	21.456692913385826	19.150731158605176	30.93363329583802	0.0
128.0	34.08387278356319	16.577540106951872	18.85730368702505	30.481283422459892	0.0
129.0	31.165540540540544	20.10135135135135	19.566441441441444	29.166666666666668	0.0
130.0	31.221846846846844	18.66554054054054	15.878378378378377	34.234234234234236	0.0
131.0	30.75190087299352	19.008729935229514	21.458744015770208	28.780625176006758	0.0
132.0	28.66798085046466	17.516192621796677	22.275415375950438	31.540411151788227	0.0
133.0	27.387996618765847	18.79402648633418	21.020005635390252	32.79797125950972	0.0
134.0	26.204564666103124	19.38574246266554	22.231614539306847	32.17807833192449	0.0
135.0	29.4167371090448	18.03324880247957	20.935474781628628	31.614539306847	0.0
136.0	29.328821206993794	18.44331641285956	20.33276931754089	31.89509306260575	0.0
137.0	30.09024252679075	17.794698251551043	18.161308516638467	33.95375070501974	0.0
138.0	29.063205417607225	20.25959367945824	17.43792325056433	33.239277652370205	0.0
139.0	30.858272162619986	19.904009034443817	18.746470920383963	30.49124788255223	0.0
140.0	28.15588816718441	19.45778028805422	19.40129906805987	32.9850324767015	0.0
141.0	27.974003955919752	18.508053122350944	21.192427239333146	32.32551568239616	0.0
142.0	31.599773883550032	17.9479932165065	18.76766534765404	31.684567552289426	0.0
143.0	31.1368778280543	18.32579185520362	20.361990950226243	30.175339366515836	0.0
144.0	30.85196716671384	19.04896688366827	19.105575997735635	30.993489951882253	0.0
145.0	28.668555240793204	17.110481586402265	20.53824362606232	33.682719546742206	0.0
146.0	29.296653431650594	16.59103800340329	18.916619398752125	35.195689166193986	0.0
147.0	28.893325727324587	19.623502567027952	19.195664575014263	32.2875071306332	0.0
148.0	27.07024557395774	19.446030839520272	19.560251284980012	33.92347230154197	0.0
149.0	29.914285714285715	18.885714285714286	18.314285714285713	32.885714285714286	0.0
150.0	27.501429388221844	17.953116066323613	19.78273299028016	34.76272155517439	0.0
151.0	30.05151688609044	20.177447052089295	19.404693760732687	30.366342301087577	0.0
152.0	26.639931251790316	18.533371526783156	19.39272414780865	35.43397307361788	0.0
153.0	31.26970478647177	16.96761249641731	19.34651762682717	32.41616509028375	0.0
154.0	29.396477043026277	18.914236211377418	18.192318798729428	33.49696794686688	0.0
155.0	29.595375722543356	19.826589595375722	18.98843930635838	31.589595375722546	0.0
156.0	30.855986119144013	15.12434933487565	21.168305378831693	32.851359167148644	0.0
157.0	30.720277697425512	18.97599074341915	20.50911194677466	29.79461961238068	0.0
158.0	31.07638888888889	18.08449074074074	18.431712962962962	32.407407407407405	0.0
159.0	30.17391304347826	15.971014492753625	21.536231884057973	32.31884057971015	0.0
160.0	27.022325311684547	17.715279791243837	23.832995071035082	31.42939982603653	0.0
161.0	28.401508558166523	18.97302001740644	22.773426167682043	29.852045256744997	0.0
162.0	29.736842105263158	17.80701754385965	23.47953216374269	28.976608187134502	0.0
163.0	29.619883040935672	16.783625730994153	20.4093567251462	33.187134502923975	0.0
164.0	29.935559461042764	19.390743995313414	23.72583479789104	26.947861745752782	0.0
165.0	32.40387437628412	18.197828001174056	20.633988846492514	28.764308776049308	0.0
166.0	30.755660099970594	17.7006762716848	21.08203469567774	30.461628932666862	0.0
167.0	28.769548539392154	17.43877249926232	21.805842431395693	31.98583652994984	0.0
168.0	29.191263282172375	19.037780401416764	18.801652892561986	32.96930342384888	0.0
169.0	25.8274231678487	16.991725768321515	20.094562647754138	37.086288416075654	0.0
170.0	29.37352245862884	15.543735224586289	21.513002364066196	33.56973995271868	0.0
171.0	28.288501330180317	16.64203369790127	19.923145137451968	35.146319834466446	0.0
172.0	27.270038450162676	20.171546879621413	18.57438627624963	33.984028393966284	0.0
173.0	25.857988165680474	18.31360946745562	19.437869822485208	36.3905325443787	0.0
174.0	29.05727923627685	20.52505966587112	19.122911694510737	31.29474940334129	0.0
175.0	27.85906240668856	17.826216781128696	21.379516273514483	32.93520453866826	0.0
176.0	29.796772265391514	17.573221757322173	19.246861924686193	33.38314405260012	0.0
177.0	31.659192825112108	18.98355754857997	18.355754857997013	31.001494768310913	0.0
178.0	32.615200478755234	18.342309994015558	18.970676241771393	30.07181328545781	0.0
179.0	28.443113772455092	19.04191616766467	21.467065868263475	31.047904191616766	0.0
180.0	30.2757793764988	17.206235011990408	18.615107913669064	33.902877697841724	0.0
181.0	27.819548872180448	19.338345864661655	18.37593984962406	34.46616541353384	0.0
182.0	34.27625639482395	17.514294312368342	20.282876918447187	27.92657237436052	0.0
183.0	31.989166415889258	22.961179656936505	17.032801685224193	28.016852241950048	0.0
184.0	31.366646598434677	20.921131848284165	17.94099939795304	29.771222155328115	0.0
185.0	30.91292557999397	21.63302199457668	20.397710153660743	27.056342271768607	0.0
186.0	33.81642512077295	17.17995169082126	20.833333333333336	28.17028985507246	0.0
187.0	29.643183897529735	21.98841110094541	19.12168344007319	29.24672156145166	0.0
188.0	30.47589993898719	19.676632092739478	19.066503965832826	30.780964002440513	0.0
189.0	33.221374045801525	18.38167938931298	17.557251908396946	30.839694656488547	0.0
190.0	34.14783139890043	16.157605375687233	17.012828344532682	32.68173488087966	0.0
191.0	31.41809290953545	18.123471882640587	18.15403422982885	32.304400977995115	0.0
192.0	33.55766289385133	17.589476904252066	19.05781584582441	29.795044356072193	0.0
193.0	29.31726907630522	17.516218721037998	21.1306765523633	32.03583565029348	0.0
194.0	28.88064316635745	19.29499072356215	20.500927643784784	31.32343846629561	0.0
195.0	30.516867842773138	18.446301454658002	19.096255029402663	31.940575673166204	0.0
196.0	30.14250309789343	20.879801734820322	17.410161090458487	31.56753407682776	0.0
197.0	31.286821705426355	17.984496124031008	20.217054263565892	30.511627906976745	0.0
198.0	30.272952853598017	19.106699751861044	19.44789081885856	31.172456575682382	0.0
199.0	29.14338919925512	19.987585350713843	18.963376784605835	31.9056486654252	0.0
200.0	27.173913043478258	19.658385093167702	20.62111801242236	32.546583850931675	0.0
201.0	31.39208969168483	15.664901899719712	19.02834008097166	33.914668327623794	0.0
202.0	29.68847352024922	18.161993769470406	18.753894080996886	33.39563862928349	0.0
203.0	30.994699095728095	15.434985968194576	21.54661677580293	32.0236981602744	0.0
204.0	29.631940112289456	19.80661260137243	19.33873986275733	31.222707423580786	0.0
205.0	30.930087390761546	17.19725343320849	20.380774032459424	31.491885143570535	0.0
206.0	28.990940331146515	15.83880037488285	22.836613558263043	32.33364573570759	0.0
207.0	28.54016880275086	17.66176930290716	20.13129102844639	33.66677086589559	0.0
208.0	27.60890003133814	18.11344406142275	22.72015042306487	31.557505484174243	0.0
209.0	29.570398243963623	17.654437127626217	19.786767011602382	32.988397616807774	0.0
210.0	32.005020395356134	15.720112958895513	19.579541888923753	32.695324756824604	0.0
211.0	29.25298179535468	17.60828625235405	23.258003766478343	29.880728185812934	0.0
212.0	29.3119698397738	17.907634307257307	22.808671065032986	29.971724787935912	0.0
213.0	31.204781377791758	18.181818181818183	20.006291286568104	30.607109153821956	0.0
214.0	30.151228733459355	19.88027725267801	20.5419029615627	29.426591052299937	0.0
215.0	30.274361400189214	21.475875118259225	19.173762220119837	29.076001261431728	0.0
216.0	33.80681818181818	18.08712121212121	19.94949494949495	28.156565656565657	0.0
217.0	29.292929292929294	17.960858585858585	19.917929292929294	32.82828282828283	0.0
218.0	28.205938092229943	17.530006317119394	22.52053063802906	31.743524952621605	0.0
219.0	26.55063291139241	21.265822784810126	22.59493670886076	29.58860759493671	0.0
220.0	30.820399113082043	19.51219512195122	20.272410516312956	29.39499524865379	0.0
221.0	29.961953075459736	21.845275840202916	17.6284083703234	30.56436271401395	0.0
222.0	30.412698412698415	19.301587301587304	19.587301587301585	30.698412698412696	0.0
223.0	32.30622617534943	16.518424396442185	17.53494282083863	33.64040660736976	0.0
224.0	32.50636132315521	17.716284987277355	20.960559796437657	28.816793893129773	0.0
225.0	35.38216560509554	17.133757961783438	19.044585987261147	28.43949044585987	0.0
226.0	31.950207468879665	19.342483242898183	18.672199170124482	30.03511011809767	0.0
227.0	31.309904153354633	17.763578274760384	17.92332268370607	33.00319488817892	0.0
228.0	29.824	19.52	18.304000000000002	32.352	0.0
229.0	30.253448829002245	22.585819698427976	15.463586782162336	31.69714469040744	0.0
230.0	29.98059508408797	22.833117723156533	16.10608020698577	31.080206985769728	0.0
231.0	30.206985769728334	20.92496765847348	16.494178525226392	32.37386804657179	0.0
232.0	28.779540304305602	17.610877306571705	19.19715118161217	34.41243120751052	0.0
233.0	27.74172615184945	18.55937702790396	21.933809214795588	31.765087605451004	0.0
234.0	26.397919375812744	19.765929778933682	21.618985695708712	32.21716514954486	0.0
235.0	26.60371214588082	20.058612829697168	20.77499185932921	32.56268316509281	0.0
236.0	27.25195822454308	17.9177545691906	21.344647519582246	33.485639686684074	0.0
237.0	27.785102175346076	19.21555702043507	20.76466710613052	32.234673698088336	0.0
238.0	31.318136769078297	16.05550049554014	19.65642550379914	32.96993723158243	0.0
239.0	29.75206611570248	16.09917355371901	19.801652892561982	34.34710743801653	0.0
240.0	27.068166776968894	16.87624090006618	20.15221707478491	35.90337524818001	0.0
241.0	26.704356501496505	16.395078150981043	23.212504156967075	33.688061190555366	0.0
242.0	27.121464226289515	17.13810316139767	23.061564059900167	32.678868552412645	0.0
243.0	26.532663316582916	16.750418760469014	23.618090452261306	33.098827470686764	0.0
244.0	28.13547954393025	15.928906773977197	21.86452045606975	34.0710932260228	0.0
245.0	29.328859060402685	16.778523489932887	21.879194630872483	32.013422818791945	0.0
246.0	29.57983193277311	15.798319327731091	19.865546218487395	34.7563025210084	0.0
247.0	26.2024890682812	16.818028927009752	23.98250924991591	32.996972754793134	0.0
248.0	24.645987862441	17.835468644639242	24.51112609575185	33.007417397167906	0.0
249.0	26.612630867950017	19.013846673421142	18.94630192502533	35.42722053360352	0.0
250.0	26.276631721339193	17.31484612783226	21.136286777138995	35.27223537368955	0.0
251.0	29.182219205972178	17.475398710553105	20.902612826603324	32.439769256871394	0.0
252.0	27.166837958204866	21.377183967112025	19.287427201096268	32.168550873586845	0.0
253.0	32.92181069958848	16.289437585733882	18.587105624142662	32.20164609053498	0.0
254.0	30.753353973168213	17.406260749914	19.883040935672515	31.95734434124527	0.0
255.0	29.630907209382546	19.041048637461195	18.627112797516386	32.70093135563988	0.0
256.0	30.357142857142854	17.682072829131652	19.362745098039216	32.59803921568628	0.0
257.0	28.395928395928394	18.77851877851878	19.024219024219025	33.8013338013338	0.0
258.0	28.81236823612087	18.130709768095574	18.37666900913563	34.68025298664792	0.0
259.0	31.68666196189132	17.325335215243474	18.98376852505293	32.00423429781228	0.0
260.0	30.625220770045917	19.28647121158601	18.262098198516423	31.82620981985164	0.0
261.0	31.48936170212766	18.75886524822695	18.439716312056735	31.31205673758865	0.0
262.0	31.451899183528575	16.61341853035144	21.2637557685481	30.670926517571885	0.0
263.0	29.669156883671295	20.597652081109924	18.747776591960154	30.985414443258623	0.0
264.0	32.32251159471994	18.159115233678204	20.156974669996433	29.361398501605425	0.0
265.0	29.842744817726945	19.049320943531093	19.513938527519656	31.5939957112223	0.0
266.0	33.93049086348979	17.59226083840917	19.598710139734862	28.87853815836618	0.0
267.0	31.175836030204962	19.237684286227978	19.561308881697233	30.025170801869834	0.0
268.0	31.279279279279283	17.00900900900901	22.52252252252252	29.18918918918919	0.0
269.0	32.080924855491325	18.930635838150287	19.436416184971097	29.552023121387283	0.0
270.0	30.52823315118397	21.894353369763206	16.429872495446265	31.147540983606557	0.0
271.0	32.22506393861892	20.021921812203143	16.624040920716112	31.128973328461818	0.0
272.0	30.128440366972477	18.311926605504585	19.08256880733945	32.477064220183486	0.0
273.0	30.04418262150221	18.151693667157584	18.483063328424155	33.32106038291605	0.0
274.0	30.67552602436323	17.46031746031746	20.26578073089701	31.598375784422295	0.0
275.0	29.1527931927488	20.125786163522015	19.866814650388456	30.854605993340734	0.0
276.0	30.613772455089823	18.41317365269461	20.17215568862275	30.800898203592812	0.0
277.0	26.940467219291637	18.726450640542577	21.96684250188395	32.36623963828184	0.0
278.0	26.5760664401661	19.3280483201208	22.536806342015854	31.559078897697248	0.0
279.0	29.053030303030305	20.34090909090909	20.416666666666668	30.189393939393938	0.0
280.0	31.24048706240487	21.270928462709286	19.863013698630137	27.62557077625571	0.0
281.0	28.784403669724774	18.692660550458715	22.20948012232416	30.313455657492355	0.0
282.0	29.616858237547895	17.509578544061302	22.64367816091954	30.22988505747126	0.0
283.0	28.229849595063634	20.323949093713843	21.48091014269186	29.965291168530662	0.0
284.0	27.20875684128225	21.57935887412041	21.931196247068023	29.280688037529316	0.0
285.0	26.299212598425196	19.133858267716537	22.79527559055118	31.77165354330709	0.0
286.0	26.009501187648453	19.67537608867775	23.79255740300871	30.522565320665084	0.0
287.0	26.711783439490443	19.386942675159236	23.726114649681527	30.17515923566879	0.0
288.0	24.1046277665996	19.678068410462775	22.535211267605636	33.68209255533199	0.0
289.0	26.432606941081517	18.966908797417272	21.307506053268767	33.29297820823244	0.0
290.0	29.366368805848904	16.165718927701057	22.98943948009748	31.478472786352558	0.0
291.0	28.676470588235293	16.33986928104575	21.772875816993466	33.21078431372549	0.0
292.0	28.254620123203285	18.39835728952772	23.860369609856264	29.48665297741273	0.0
293.0	28.972348328518365	16.838629797771357	22.20387948823772	31.985142385472553	0.0
294.0	29.743164871582433	19.925434962717482	21.582435791217897	28.74896437448219	0.0
295.0	31.281198003327788	18.05324459234609	22.54575707154742	28.1198003327787	0.0
296.0	28.57738840216938	19.941593658740093	24.196912807676263	27.284105131414265	0.0
297.0	29.345088161209066	20.19311502938707	22.879932829554996	27.581863979848865	0.0
298.0	28.241335044929393	20.410783055198973	22.721437740693197	28.626444159178433	0.0
299.0	27.48404740200547	19.598906107566087	22.880583409298087	30.036463081130353	0.0
300.0	29.942575881870386	8.44954881050041	21.57506152584085	40.03281378178835	0.0
