# Position (bp)	A	C	G	T	N
0.0	39.29217010750642	16.516030824850155	19.81733422129198	24.37446484635144	0.0
1.0	22.776139282656267	32.95595090857197	22.547807059271243	21.720102749500523	0.0
2.0	28.76517450682853	27.38050075872534	16.094461305007588	27.759863429438543	0.0
3.0	36.96660043523512	17.844639984861388	18.724571861103225	26.464187718800265	0.0
4.0	37.62413695261515	16.86370944859548	16.003026577130427	29.509127021658944	0.0
5.0	27.016548463356976	26.67612293144208	17.02127659574468	29.286052009456263	0.0
6.0	25.482223903177005	29.377836611195157	17.936838124054464	27.203101361573374	0.0
7.0	38.17717689325896	18.02023258012669	17.29223787463364	26.51035265198071	0.0
8.0	38.57493857493858	16.8021168021168	16.830466830466833	27.792477792477793	0.0
9.0	25.31645569620253	27.63083317589269	17.740411864726997	29.31229926317778	0.0
10.0	24.53275438927695	15.150084953747402	18.07626958655843	42.24089107041722	0.0
11.0	23.57270925733698	16.617910729451733	17.552137397376615	42.25724261583467	0.0
12.0	25.030663270119824	16.14303236154354	18.44513633361638	40.381168034720254	0.0
13.0	26.312812293768268	27.43471292542661	17.714716696521165	28.537758084283965	0.0
14.0	25.05419926477519	17.060985955320955	30.474125742294277	27.410689037609576	0.0
15.0	34.23779913322028	18.324853966459393	18.53212737893348	28.905219521386847	0.0
16.0	23.56705882352941	18.174117647058825	18.381176470588233	39.87764705882353	0.0
17.0	27.389014296463504	26.025206922498118	17.66365688487585	28.92212189616253	0.0
18.0	24.33703216099304	19.18375023509498	17.07729922888847	39.401918375023506	0.0
19.0	25.331328132343266	29.213271924053014	16.890685214775825	28.564714728827894	0.0
20.0	24.258076634109692	17.064237415477084	18.266341096919607	40.41134485349362	0.0
21.0	25.032839181835243	17.470444736348284	19.35635203602927	38.1403640457872	0.0
22.0	25.912032261089752	16.871424552189815	29.353840382631528	27.862702804088908	0.0
23.0	24.974219555638886	17.624449235961375	17.78381925564826	39.61751195275148	0.0
24.0	36.907216494845365	15.6232427366448	17.656982193064668	29.812558575445173	0.0
25.0	26.712264592897967	16.330928511196475	26.215684437365315	30.741122458540243	0.0
26.0	38.36501545088492	15.432156568967132	16.031463620189157	30.171364359958798	0.0
27.0	25.865942707358176	18.15203145478375	15.034637708294326	40.94738812956375	0.0
28.0	25.2527143391988	26.60052414825908	14.751029576937476	33.395731935604644	0.0
29.0	26.994668412683566	14.526237021794033	15.976054625385839	42.50303994013656	0.0
30.0	25.9881701248709	16.261383907614306	26.25105623885081	31.499389728663974	0.0
31.0	28.6117381489842	14.512791572610986	16.196388261851016	40.6790820165538	0.0
32.0	26.13112595240335	17.51481516320196	16.8751763709905	39.478882513404194	0.0
33.0	27.868698269375468	27.65237020316027	15.481565086531226	28.997366440933032	0.0
34.0	27.97222482875106	15.867504926339496	17.20934596978512	38.95092427512433	0.0
35.0	26.065280782616874	28.313423008183612	15.878092371366758	29.743203837832755	0.0
36.0	26.251411366202483	14.311253293187805	17.773805043281897	41.66353029732781	0.0
37.0	38.77320267596344	17.572788090078205	16.460944125129558	27.193065108828797	0.0
38.0	36.46903572438496	17.80563672353662	16.410594778018663	29.31473277405976	0.0
39.0	40.371557902678234	16.05997736703131	15.050924179554883	28.51754055073557	0.0
40.0	24.770988761922748	28.010199263386532	18.31145528378506	28.907356690905655	0.0
41.0	26.213224860467317	14.038406962444425	30.88638728597105	28.861980891117206	0.0
42.0	39.4744331657338	14.941656389336874	18.100749454510957	27.483160990418366	0.0
43.0	39.59482594635724	16.844207723035954	16.16891763363135	27.39204869697546	0.0
44.0	29.019307971707132	27.442171668896957	14.872873255591665	28.665647103804243	0.0
45.0	32.03852999685897	16.144906292534813	18.113286566851638	33.703277143754576	0.0
46.0	30.549052989997872	16.86529048733773	18.482655884230688	34.10300063843371	0.0
47.0	30.860884499785318	17.52898239587806	19.289394589952767	32.320738514383855	0.0
48.0	28.463855421686745	18.169104991394146	18.244406196213426	35.12263339070568	0.0
49.0	29.908454496499733	18.696822832525577	18.287560581583197	33.10716208939149	0.0
50.0	28.733031674208142	21.062271062271062	18.21805645335057	31.98664081017022	0.0
51.0	29.624043951308842	18.62544436065927	18.57158246256598	33.1789292254659	0.0
52.0	28.905660377358487	17.58490566037736	19.63342318059299	33.876010781671155	0.0
53.0	29.956850053937433	19.47141316073355	20.312837108953612	30.258899676375407	0.0
54.0	27.741796200345426	22.830310880829018	18.21027633851468	31.21761658031088	0.0
55.0	29.70403974940592	18.276085547634477	18.95657809462087	33.06329660833873	0.0
56.0	26.927229540056143	19.47743467933492	20.060462103217446	33.53487367739149	0.0
57.0	29.61280553752974	18.148388492321004	18.754055807916934	33.48475016223232	0.0
58.0	30.97890751757707	18.777717685235263	18.063818280151434	32.17955651703623	0.0
59.0	27.136983336940055	18.805453365072495	20.536680372213805	33.52088292577364	0.0
60.0	28.60699209871198	17.967312479705598	20.424288342894254	33.001407078688175	0.0
61.0	29.551851050010825	17.428014721801254	20.599696904091793	32.42043732409613	0.0
62.0	27.148288973384034	19.521998913633894	21.162411732753938	32.167300380228134	0.0
63.0	31.584093872229463	18.003042155584527	20.51282051282051	29.900043459365495	0.0
64.0	27.17686705076639	18.79552125231003	21.70888140015219	32.318730296771385	0.0
65.0	29.72473071482972	18.83364160591883	20.89000108802089	30.55162659123055	0.0
66.0	29.840026118184788	15.834149526607902	21.939275220372185	32.38654913483513	0.0
67.0	28.195079468756806	18.45199216198563	19.07250163291966	34.2804267363379	0.0
68.0	25.468205574912893	18.967770034843205	21.48301393728223	34.08101045296167	0.0
69.0	28.140320296328575	20.503322802048153	20.808366924501577	30.54798997712169	0.0
70.0	27.16574043805165	20.07191892775417	19.952054048163888	32.81028658603029	0.0
71.0	28.719346049046322	18.844686648501362	20.35967302452316	32.07629427792916	0.0
72.0	27.28264426748118	20.366532126104506	21.17377549907276	31.177048107341555	0.0
73.0	28.29550414666085	18.245307725883894	21.36621562636403	32.092972501091225	0.0
74.0	28.421741977734122	18.3366077275704	20.956123117223314	32.28552717747217	0.0
75.0	28.392096932649274	18.26219844995088	23.217989302477896	30.12771531492195	0.0
76.0	28.760240305843805	19.08246859639541	19.235390496996178	32.92190060076461	0.0
77.0	29.04636920384952	19.45538057742782	17.72747156605424	33.77077865266841	0.0
78.0	28.95947426067908	19.167579408543265	19.386637458926614	32.48630887185104	0.0
79.0	29.258407273523936	19.925512104283055	17.83327856282178	32.98280205937124	0.0
80.0	28.721656260269473	17.05553729871837	20.736115675320406	33.48669076569175	0.0
81.0	26.136986301369863	18.312328767123287	20.131506849315066	35.419178082191785	0.0
82.0	29.50334393158645	16.555202280451706	21.488871834228704	32.452581953733144	0.0
83.0	29.254385964912284	18.114035087719298	22.214912280701753	30.416666666666664	0.0
84.0	27.356523647536484	18.336442444858992	20.596949412926588	33.710084494677936	0.0
85.0	29.16575192096597	17.82656421514819	20.92206366630077	32.08562019758507	0.0
86.0	30.14931927975406	17.501097935880544	21.277997364953887	31.071585419411505	0.0
87.0	32.44756780498518	17.524980784012296	21.214450422751728	28.8130009882508	0.0
88.0	31.5176806501208	18.943553700856576	16.889962661981112	32.648802987041506	0.0
89.0	31.214317083882303	16.875274483970138	18.763724198506807	33.146684233640755	0.0
90.0	29.91321542348676	16.939470504229377	19.597934746786773	33.549379325497085	0.0
91.0	29.558435852372583	19.420035149384884	16.608084358523726	34.413444639718804	0.0
92.0	28.698615080237417	17.39942844581227	18.28973400747417	35.612222466476155	0.0
93.0	30.697316322041356	17.399912010558733	20.435547734271886	31.467223933128025	0.0
94.0	30.33003300330033	17.11771177117712	19.592959295929592	32.959295929592955	0.0
95.0	29.58521289470789	16.21740565518759	21.091429200132026	33.10595224997249	0.0
96.0	29.791918969503467	16.58042496972366	20.04844214466586	33.579213916107015	0.0
97.0	29.59903062348535	17.922449878827937	19.673936990526546	32.80458250716017	0.0
98.0	31.38855189147458	18.80445571853976	17.613323039594135	32.19366935039153	0.0
99.0	30.09376723662438	18.687258687258687	19.558742415885273	31.66023166023166	0.0
100.0	32.341225934941356	16.021243637973004	18.47753927860146	33.15999114848418	0.0
101.0	31.401931401931403	18.25951825951826	19.425019425019425	30.913530913530913	0.0
102.0	30.0233514956077	17.858334259979987	19.915489825419773	32.20282441899255	0.0
103.0	28.10515762504177	20.4411273253871	18.135234488136348	33.318480561434775	0.0
104.0	27.444407196334787	18.259023354564754	19.59995530226841	34.69661414683205	0.0
105.0	30.270391562885674	16.773252552451474	18.893750701222935	34.06260518343992	0.0
106.0	32.1902406116483	18.65302451090623	17.213852035079828	31.942882842365638	0.0
107.0	30.312253409987598	19.332656972156464	18.092661481230977	32.26242813662496	0.0
108.0	33.63461755733815	17.76070500508417	16.608292848265734	31.996384589311944	0.0
109.0	29.0746403896251	17.635066258919473	20.579907124249633	32.7103862272058	0.0
110.0	25.9915899534038	19.399931810433007	20.33185589271508	34.27662234344812	0.0
111.0	31.563354603463996	18.664539653600727	19.473564266180492	30.298541476754785	0.0
112.0	28.02380135026891	19.338597093488957	18.44604645840485	34.19155509783728	0.0
113.0	28.07158426064013	18.228748422622463	18.400825972238156	35.29884134449925	0.0
114.0	31.431857389304195	17.25129384703853	18.861414606095458	32.45543415756182	0.0
115.0	25.71263704558569	21.107905366416617	18.972879399884594	34.2065781881131	0.0
116.0	28.536726431463272	17.524580682475417	18.692886061307114	35.2458068247542	0.0
117.0	29.42064321374666	19.342853825612448	19.946592360385466	31.28991060025543	0.0
118.0	29.388468258590567	16.493884682585904	20.442632498543972	33.67501456027956	0.0
119.0	25.470265217899286	18.752190676480897	24.547260193947892	31.230283911671926	0.0
120.0	26.086447229705982	20.3350122994026	21.412674241536838	32.16586622935457	0.0
121.0	29.788484136310224	18.225616921269093	18.80141010575793	33.18448883666275	0.0
122.0	27.386283290124915	17.416921989158617	19.797313221777042	35.39948149893943	0.0
123.0	30.537507383343176	17.20023626698169	18.889545186060246	33.37271116361488	0.0
124.0	31.028347764203534	17.45937611196774	19.17921954691021	32.333056576918516	0.0
125.0	27.86495482643842	18.009985734664767	19.13932477413219	34.98573466476462	0.0
126.0	29.235721950637895	18.826755693334924	19.61368785024443	32.32383450578276	0.0
127.0	29.20153000239063	17.54721491752331	21.228783169973703	32.02247191011236	0.0
128.0	30.014395393474086	17.370441458733204	19.625719769673704	32.989443378119006	0.0
129.0	30.574324324324326	17.036679536679536	19.12403474903475	33.26496138996139	0.0
130.0	29.519893578425442	19.083323255532715	16.882331599951627	34.514451566090216	0.0
131.0	30.148130160271975	18.540553666828558	19.77901894123361	31.532297231665858	0.0
132.0	30.100048804294776	16.42264519277696	22.02293801854563	31.454367984382625	0.0
133.0	28.281345565749234	19.6697247706422	19.63302752293578	32.415902140672785	0.0
134.0	27.17551622418879	19.87463126843658	18.977384464110127	33.972468043264506	0.0
135.0	29.363905325443785	17.825443786982248	21.166173570019726	31.64447731755424	0.0
136.0	28.58909360702362	17.249907258563127	19.154198095709162	35.0068010387041	0.0
137.0	29.273133217563878	17.129744480277846	18.80426693128256	34.792855370875714	0.0
138.0	29.02141434262948	16.857569721115535	19.671314741035857	34.44970119521912	0.0
139.0	29.155722326454033	19.1869918699187	18.961851156973108	32.69543464665416	0.0
140.0	29.04278007778196	17.965123572951953	20.97603813825116	32.01605821101493	0.0
141.0	30.87290590754503	18.024940168787	19.183776294243607	31.91837762942436	0.0
142.0	32.53697383390216	17.229174567058525	17.62103400328656	32.612817595752745	0.0
143.0	33.45606907059421	19.84509903504317	18.588115794819707	28.110716099542916	0.0
144.0	32.487568532449316	17.786561264822133	17.327553232181565	32.398316970546986	0.0
145.0	30.942622950819672	18.237704918032787	17.712602459016395	33.107069672131146	0.0
146.0	28.734893288763182	19.78657752635639	18.140910259706867	33.337618925173565	0.0
147.0	30.342598577892694	18.12540400775695	17.763413057530705	33.76858435681965	0.0
148.0	29.16828856883353	18.76216426625146	19.618528610354225	32.45101855456079	0.0
149.0	31.351069379238396	19.014084507042252	17.94470526864893	31.690140845070424	0.0
150.0	28.818217510797016	18.570867687475463	20.15443004842298	32.456484753304544	0.0
151.0	28.821132868970956	19.21408857931397	20.738599027467473	31.2261795242476	0.0
152.0	28.307123034227565	18.71283203383111	17.43095017840624	35.54909475353509	0.0
153.0	29.693512007430012	18.77404802972005	19.490513466896644	32.0419264959533	0.0
154.0	30.660440293529017	17.971981320880587	19.51967978652435	31.847898599066042	0.0
155.0	29.206391835638513	20.504901302537935	18.087820598898887	32.20088626292467	0.0
156.0	31.527759016614887	16.88504660272862	19.910846953937593	31.6763474267189	0.0
157.0	29.73780736313001	18.530091020241816	20.98899606031789	30.743105556310287	0.0
158.0	27.02813438951106	20.909587544386778	18.84730947828462	33.21496858781753	0.0
159.0	32.829046898638424	15.967542291294182	19.832210149910605	31.371200660156788	0.0
160.0	27.033757609297176	19.07858328721638	20.932484781405645	32.9551743220808	0.0
161.0	28.781775246562024	17.294068620641756	20.28059452701764	33.64356160577858	0.0
162.0	31.06674113376152	18.514381457693382	19.687238201619657	30.731639206925436	0.0
163.0	28.34081976417743	17.770915216170692	19.357102751263337	34.53116226838854	0.0
164.0	26.91765369430344	17.442188381274676	19.416243654822335	36.22391426959955	0.0
165.0	27.907635642442273	17.042073948151295	21.54696132596685	33.50332908343958	0.0
166.0	27.766714082503558	18.933143669985775	20.61166429587482	32.688477951635846	0.0
167.0	28.64895744073122	17.69494430162811	21.336760925449873	32.3193373321908	0.0
168.0	28.52218871176217	18.382880942122647	19.66106563262961	33.43386471348557	0.0
169.0	25.7934218118869	18.566070398153492	21.36468551644547	34.27582227351414	0.0
170.0	27.58221063305809	17.630015935100683	19.078661451542807	35.70911198029842	0.0
171.0	30.508227755934175	16.848696665210426	18.159312654725497	34.4837629241299	0.0
172.0	29.695728496196605	19.30953774136922	17.08601521357519	33.90871854885898	0.0
173.0	28.413935028663822	16.669116566220783	19.373805673967368	35.54314273114802	0.0
174.0	30.075410320863522	18.79343486618365	19.355315688304007	31.775839124648826	0.0
175.0	27.939429928741095	17.08729216152019	21.258907363420427	33.71437054631829	0.0
176.0	28.67153719994036	16.907708364395408	18.249589980617266	36.17116445504697	0.0
177.0	27.244070849594713	20.459321525067548	19.003302311618135	33.2933053137196	0.0
178.0	26.944570306600212	19.63449629965262	20.933393747168104	32.487539646579066	0.0
179.0	28.51283609296673	18.33510557496582	21.145374449339208	32.00668388272824	0.0
180.0	30.14975550122249	16.44254278728606	19.80440097799511	33.60330073349633	0.0
181.0	29.609110495537088	18.60572483841182	17.7900892582333	33.99507540781779	0.0
182.0	28.64002478314746	18.324039653035936	19.37732342007435	33.65861214374225	0.0
183.0	29.58339834607583	21.56342643158059	19.176158527071305	29.677016695272272	0.0
184.0	31.063696266080953	19.2971446501412	17.147787888296204	32.49137119548165	0.0
185.0	29.096937164509	19.261130407325545	20.9977897063467	30.644142721818756	0.0
186.0	29.841928788120708	18.505508542232157	20.565224333386556	31.08733833626058	0.0
187.0	30.418006430868168	21.382636655948552	17.315112540192924	30.884244372990356	0.0
188.0	29.874979704497484	17.470368566325703	19.223899983763598	33.43075174541322	0.0
189.0	30.374979531684954	19.371213361716062	20.042574095300473	30.21123301129851	0.0
190.0	31.23242349048801	17.981803143093465	17.899090157154674	32.88668320926386	0.0
191.0	26.652202937249665	19.692923898531376	18.10747663551402	35.54739652870494	0.0
192.0	32.07674183776506	18.512285425782565	18.125210366879838	31.285762369572534	0.0
193.0	29.546612328069283	18.458142299201903	19.79962642214298	32.19561895058584	0.0
194.0	28.705922629236564	19.753509072235538	20.3355015405683	31.205066757959603	0.0
195.0	30.397923875432525	19.463667820069205	19.94809688581315	30.190311418685123	0.0
196.0	30.439330543933053	19.64783821478382	17.625523012552303	32.28730822873082	0.0
197.0	27.84251412429379	20.956920903954803	19.86228813559322	31.33827683615819	0.0
198.0	27.942497753818508	21.994609164420485	19.442946990116802	30.619946091644206	0.0
199.0	28.197893152746428	23.306997742663658	17.757712565838975	30.73739653875094	0.0
200.0	24.181858115528225	19.218097957390732	20.865363496595652	35.73468043048539	0.0
201.0	32.25172074729597	16.879711569977058	19.66568338249754	31.20288430022943	0.0
202.0	31.136137793971514	18.946671083140114	19.675389201722425	30.24180192116595	0.0
203.0	31.02068045363576	18.94596397598399	20.31354236157438	29.719813208805874	0.0
204.0	31.113353514968047	19.84527413387151	21.8970736629667	27.14429868819374	0.0
205.0	29.162427941675144	16.480162767039673	22.82129535435741	31.536113936927773	0.0
206.0	28.391274710293114	22.290388548057262	21.472392638036812	27.845944103612812	0.0
207.0	28.689370485036118	19.5046439628483	18.988648090815275	32.81733746130031	0.0
208.0	28.055555555555557	18.61111111111111	21.52777777777778	31.805555555555554	0.0
209.0	26.297335203366057	19.600280504908834	19.67040673211781	34.43197755960729	0.0
210.0	26.536412078152754	19.147424511545292	20.568383658969804	33.747779751332146	0.0
211.0	29.98925116445718	18.093873163740597	20.02866356144751	31.888212110354715	0.0
212.0	26.32534495279593	17.792302106027595	23.92883079157589	31.953522149600584	0.0
213.0	28.077912532157296	20.39691289966924	19.955898566703418	31.569276001470048	0.0
214.0	31.328878990348922	21.19524870081663	19.339272457312546	28.136599851521897	0.0
215.0	27.7569392348087	19.72993248312078	19.5423855963991	32.97074268567142	0.0
216.0	30.068337129840543	19.134396355353076	20.76689445709947	30.030372057706913	0.0
217.0	23.996913580246915	21.682098765432098	23.804012345679013	30.516975308641975	0.0
218.0	26.35966653433902	19.174275506153236	19.45216355696705	35.01389440254069	0.0
219.0	21.91780821917808	22.978347326557667	24.701723376049493	30.402121078214762	0.0
220.0	13.945339873861249	22.845129642606867	21.653819201121234	41.55571128241065	0.0
