# Position (bp)	A	C	G	T	N
0.0	26.417111473265116	23.972709884017835	23.53485575961435	26.075322883102704	0.0
1.0	26.565872346506893	20.085518189686116	15.449887146448072	37.89872231735892	0.0
2.0	28.773870576261917	19.245183818108817	18.179891015683133	33.801054589946126	0.0
3.0	23.12195793287264	22.620664985393667	15.042622035708298	39.2147550460254	0.0
4.0	34.16884749978628	13.072148118324789	14.802801210052147	37.95620317183678	0.0
5.0	35.0259301518254	14.819313385903197	23.106608107832372	27.048148354439032	0.0
6.0	31.232527482465787	17.242395224176242	20.98568780404145	30.53938948931652	0.0
7.0	34.99014411457919	16.98905664466452	20.090069199372333	27.930730041383967	0.0
8.0	22.517796152882166	26.868185907724428	22.895377618689043	27.718640320704363	0.0
9.0	27.73776203434078	18.470444889346354	15.433993967630125	38.35779910868275	0.0
10.0	26.60009589808223	16.26007405493653	25.216935634409378	31.922894412571857	0.0
11.0	28.17097155676116	18.147995170354204	19.538131343976605	34.14290192890803	0.0
12.0	26.126781786643587	19.582813012250305	21.201100043096236	33.08930515800987	0.0
13.0	26.489694540619784	20.80059182186228	18.777619295642648	33.932094341875285	0.0
14.0	30.77965857746031	18.229596773103978	20.433860239712118	30.55688440972359	0.0
15.0	29.791505768084907	18.628202473442602	19.871637742374958	31.708654016097533	0.0
16.0	30.07444371254067	17.493941573859033	18.693081193250077	33.73853352035022	0.0
17.0	30.47315970394569	17.839772998927145	19.543962984112294	32.14310431301487	0.0
18.0	31.32376576714192	17.68664763961953	18.88196843083661	32.10761816240194	0.0
19.0	29.95610139829771	18.33983269396683	20.020006799444243	31.684059108291212	0.0
20.0	29.71168260878077	17.98447487803876	19.661478115357287	32.64236439782319	0.0
21.0	29.4091955728063	18.35796178800568	19.923116097615313	32.3097265415727	0.0
22.0	29.796386147772935	19.13492099161595	22.423221563447555	28.64547129716356	0.0
23.0	29.905974108620708	20.28221002341755	21.109792826503604	28.702023041458137	0.0
24.0	32.79346315878578	19.387901125161886	18.028522372680683	29.79011334337166	0.0
25.0	29.668917247785696	21.00806310413655	19.42136067742979	29.901658970647965	0.0
26.0	32.47501149095048	16.627081364752687	21.827305145326402	29.070601998970435	0.0
27.0	26.428510571536577	21.262780321978227	24.852437446353736	27.45627166013146	0.0
28.0	26.597490271638623	19.62367585235004	18.490366213214138	35.288467662797196	0.0
29.0	28.056627293675056	19.932849284224766	17.27069866909013	34.739824753010055	0.0
30.0	26.605010544260683	19.041187201553907	16.12114882362246	38.232653430562955	0.0
31.0	34.258072603720294	14.238370372548005	18.12709270337964	33.37646432035207	0.0
32.0	34.58239582779139	15.503712947846973	22.38477671134995	27.529114513011688	0.0
33.0	31.433570358458223	17.36104143656327	20.90683929145916	30.298548913519348	0.0
34.0	33.64140734245342	16.375479169058604	21.825072817839597	28.158040670648376	0.0
35.0	26.382790788919813	19.913267815932183	25.878939694613596	27.825001700534415	0.0
