# Position (bp)	A	C	G	T	N
0.0	33.90538725563349	18.09431428145053	21.601253544247125	26.399044918668856	0.0
1.0	24.30617726051925	26.86511489107729	23.022978215458075	25.80572963294539	0.0
2.0	30.536165156690924	22.545670577751373	17.26570622308035	29.65245804247735	0.0
3.0	32.022222222222226	18.962962962962962	20.91111111111111	28.103703703703705	0.0
4.0	33.19265511624463	17.917962387087222	18.22153117133126	30.667851325336887	0.0
5.0	28.236251942861372	21.08652209310932	18.185182443934572	32.49204352009474	0.0
6.0	27.78723089442924	23.3631723015462	19.175852630021453	29.673744174003108	0.0
7.0	33.476299637654364	19.574059010574576	17.910227020631517	29.03941433113954	0.0
8.0	32.68519887623836	18.519887623835576	17.617921040958155	31.176992458967913	0.0
9.0	28.172344985588648	22.20087207153943	18.83083290222452	30.7959500406474	0.0
10.0	26.741008788124955	16.416808212096594	19.83605346724762	37.006129532530835	0.0
11.0	26.759628154050464	17.97993212335842	19.248930205105506	36.011509517485614	0.0
12.0	27.281445960900037	17.285134636665436	20.118037624492807	35.31538177794172	0.0
13.0	28.64199351223828	21.18843998820407	19.54438218814509	30.62518431141256	0.0
14.0	26.792425023948123	18.31847321494363	25.001842163436738	29.887259597671505	0.0
15.0	28.747145908521766	19.577226191353024	20.20328496722398	31.47234293290123	0.0
16.0	26.293706293706293	18.373205741626794	19.65403018034597	35.679057784320946	0.0
17.0	28.399058269570336	20.578281341965862	19.548263684520307	31.474396703943498	0.0
18.0	25.726263146282268	19.87203059498419	19.805839523424286	34.59586673530926	0.0
19.0	27.47923252223774	23.62714107182239	19.238403293391162	29.6552231125487	0.0
20.0	27.51579256647569	18.25326869399148	19.457910973997354	34.77302776553548	0.0
21.0	26.623614882219126	18.764218096426212	21.325310046231746	33.286856975122916	0.0
22.0	28.358647002714797	18.41661163695062	22.907036466358498	30.31770489397608	0.0
23.0	26.941979021491967	18.785300374092277	19.320765788894594	34.95195481552116	0.0
24.0	32.37019653857436	16.610442945145206	19.147843942505133	31.8715165737753	0.0
25.0	28.458324169782273	17.542702147936367	20.958873982845834	33.04009969943553	0.0
26.0	32.600410436822045	17.084432717678098	17.267663441805922	33.047493403693935	0.0
27.0	27.525826067843802	18.807238625540332	16.58729577258407	37.0796395340318	0.0
28.0	27.480412975031122	21.53474408728125	16.73866881452735	34.24617412316028	0.0
29.0	29.342018590353508	15.962819292981042	17.10458903608285	37.590573080582594	0.0
30.0	27.800616649537513	17.985611510791365	20.577007781529876	33.636764058141246	0.0
31.0	30.938739532833846	14.477743499338915	17.834582047891875	36.74893491993536	0.0
32.0	27.91176470588235	18.323529411764707	17.727941176470587	36.03676470588235	0.0
33.0	29.29538099441012	22.322741982936158	17.446307737569875	30.935569285083847	0.0
34.0	29.383224288759834	16.628684848930384	19.870616775711238	34.11747408659854	0.0
35.0	27.15676153959593	21.442265152632356	17.902964164577494	33.49800914319422	0.0
36.0	28.77591677119457	16.431786320371874	18.549398657123884	36.242898251309676	0.0
37.0	33.59669201801669	18.385882005464076	18.636934209554752	29.380491766964482	0.0
38.0	31.949471817980353	19.11058580187634	16.525079411981974	32.41486296816134	0.0
39.0	34.729609929078016	18.21808510638298	16.14213947990544	30.910165484633566	0.0
40.0	27.300295857988168	21.7603550295858	19.467455621301774	31.47189349112426	0.0
41.0	27.694244870750317	16.361750981408786	25.05740315532183	30.886600992519075	0.0
42.0	33.798219584569736	17.39614243323442	19.11721068249258	29.688427299703264	0.0
43.0	33.67255979794979	18.385083939979204	17.842816817709107	30.099539444361906	0.0
44.0	30.43381203958628	21.794776397053354	16.191680928640523	31.579730634719844	0.0
45.0	30.795821170686743	17.130127515747425	18.896911968044247	33.17713934552158	0.0
46.0	30.14176156170114	17.662096211945155	18.97900689441475	33.217135331938955	0.0
47.0	30.483069276172724	17.10158434296365	19.501397949673812	32.91394843118981	0.0
48.0	27.47338151861351	18.29486282738789	18.45807103442916	35.77368461956944	0.0
49.0	28.890271405241464	18.485107706664593	18.796173885994243	33.8284470020997	0.0
50.0	27.92778772079994	21.12676056338028	18.761185899929966	32.18426581588981	0.0
51.0	28.975457732761978	19.08843007401636	18.332684067004283	33.60342812621737	0.0
52.0	28.849750623441395	17.90835411471322	19.4747506234414	33.76714463840399	0.0
53.0	30.138054753919352	19.257468216207783	19.3588643631542	31.245612666718664	0.0
54.0	28.17429330001562	22.817429330001563	18.366390754333906	30.641886615648918	0.0
55.0	30.02655835025777	17.94250898297141	18.504921106077177	33.52601156069364	0.0
56.0	28.046587977800357	19.02602986007973	19.401235050418197	33.52614711170171	0.0
57.0	30.212732676364773	17.550445800093854	19.87329892069451	32.363522602846864	0.0
58.0	30.8787855074732	18.29564128648564	18.82776430080601	31.997808905235154	0.0
59.0	29.074958878358263	18.93162058431895	19.82454766194094	32.168872875381844	0.0
60.0	29.520150541006746	17.1318801944488	19.8447545867963	33.503214677748154	0.0
61.0	29.73015374960778	17.32820834640728	20.889551302165046	32.052086601819894	0.0
62.0	28.470532841560072	19.461665227968297	21.062544141881816	31.005257788589812	0.0
63.0	32.37556916313393	17.83639503846758	19.202386559899512	30.58564923849898	0.0
64.0	27.618972828647713	18.485943144337995	21.823464740065965	32.07161928694833	0.0
65.0	29.921445404556167	18.68813825608798	19.64650432050275	31.743912018853106	0.0
66.0	28.517558331369315	17.29122476235368	21.030717259800454	33.16049964647655	0.0
67.0	28.898145237346746	18.374724929267526	20.025149324111915	32.70198050927382	0.0
68.0	27.745028688202467	19.586575493201288	20.066022164583824	32.60237365401242	0.0
69.0	28.06038210551144	20.34751159682365	20.77993552952276	30.81217076814215	0.0
70.0	26.9817552689525	20.784837999370872	19.51085246932998	32.72255426234665	0.0
71.0	28.55906874311782	18.884694038068268	19.946515652037125	32.609721566776784	0.0
72.0	28.062308236960114	18.89701833057981	21.335850837856974	31.7048225946031	0.0
73.0	28.91319745022429	17.816951286692372	20.752341229243722	32.51751003383961	0.0
74.0	29.24275818639798	17.53778337531486	21.56801007556675	31.6514483627204	0.0
75.0	29.060703881584125	18.187544287851352	21.722699000078734	31.02905283048579	0.0
76.0	29.66375305142137	19.158988896763525	18.74950783526262	32.42775021655249	0.0
77.0	28.319420381162384	18.979366829421956	18.774610174830684	33.92660261458497	0.0
78.0	28.597306450342604	19.209262030400883	19.744821611404266	32.44860990785225	0.0
79.0	29.026158209895996	19.91017964071856	18.302867948313896	32.76079420107154	0.0
80.0	29.41547684783466	17.725013804527883	20.35970655517867	32.49980279245878	0.0
81.0	26.70611439842209	17.988165680473372	20.355029585798817	34.950690335305715	0.0
82.0	29.698595549944766	17.642417547735523	20.41975698279943	32.23922991952028	0.0
83.0	29.456324469344274	17.809516294484336	22.338830584707647	30.395328651463743	0.0
84.0	27.046010575329493	18.191145134559232	21.26114750217031	33.501696787940965	0.0
85.0	29.617934954215347	17.3744868961162	21.021471424060625	31.986106725607833	0.0
86.0	30.325992580314153	17.75199305391112	20.711974110032365	31.21004025574236	0.0
87.0	31.549028896257695	17.827254066003473	21.056371387967786	29.567345649771042	0.0
88.0	32.296272899557806	18.651295009475678	16.890397978521793	32.16203411244473	0.0
89.0	31.309222994314595	16.835123183828173	18.20909665192672	33.64655716993051	0.0
90.0	30.084511491983257	16.92599320748756	19.248084669457388	33.741410631071794	0.0
91.0	29.41222942012956	19.63185337336072	17.19070943276979	33.765207773739924	0.0
92.0	28.727186537094095	17.373785257169946	18.94603776566327	34.95299044007268	0.0
93.0	32.053105737316265	17.227754069859333	19.16390074284811	31.55523944997629	0.0
94.0	29.911490437806226	16.477003319108583	18.831989884621464	34.779516358463724	0.0
95.0	30.640954714297003	16.9050817987829	20.53267999683869	31.921283490081404	0.0
96.0	30.51932653545174	16.939372381629912	19.82451980080626	32.71678128211208	0.0
97.0	30.43787543471388	17.609864053114133	19.807145115396775	32.14511539677522	0.0
98.0	31.056833451901035	19.65062050430796	18.623033752272548	30.66951229151846	0.0
99.0	29.722463825413143	18.589388787854826	20.060093302759547	31.628054083972483	0.0
100.0	31.48295003965107	16.185567010309278	18.818398096748613	33.51308485329103	0.0
101.0	32.190309491606335	18.243297000556925	19.213939056408623	30.35245445142812	0.0
102.0	31.092839466751816	17.657859024507065	20.14847928474495	31.100822223996165	0.0
103.0	30.626803462648283	18.72394998396922	19.42128887463931	31.227957678743184	0.0
104.0	28.554178071164067	18.60408951859604	19.29640959587828	33.54532281436162	0.0
105.0	29.458367016976556	17.987065481002425	19.401778496362166	33.15278900565885	0.0
106.0	30.89430894308943	19.69918699186992	17.918699186991873	31.48780487804878	0.0
107.0	30.54806828391734	18.238993710691823	18.62288654741485	32.59005145797599	0.0
108.0	33.15021318465071	18.210888816005248	17.464742538537227	31.174155460806823	0.0
109.0	28.91030392883617	18.491063339098922	20.064245119841857	32.53438761222305	0.0
110.0	26.475450487683915	18.97834352785584	20.05290130600099	34.493304678459246	0.0
111.0	31.37189808282845	18.54095775583036	19.379201593493235	30.707942567847958	0.0
112.0	28.985265961874635	18.654790643469575	19.811870473653542	32.548072921002245	0.0
113.0	29.130834098689157	18.251648993904983	17.2497286465726	35.367788260833265	0.0
114.0	30.554624664879356	16.839812332439678	19.721849865951743	32.88371313672922	0.0
115.0	26.717685644605165	19.67033891178202	18.947102850895636	34.66487259271718	0.0
116.0	29.589341428450965	18.214014672400708	18.880175394215364	33.31646850493296	0.0
117.0	29.269943321208018	18.729379917096693	19.913712883850774	32.08696387784452	0.0
118.0	29.392265193370164	17.314067148321293	21.11347216319592	32.18019549511262	0.0
119.0	26.21524816646768	19.16254477230087	23.87003240661777	30.75217465461368	0.0
120.0	26.804211968153414	20.452016094512455	20.357846074822362	32.38592586251177	0.0
121.0	29.508337631081318	19.193742478941033	18.42014784253051	32.87777204744714	0.0
122.0	27.37550703374471	17.813066367480797	20.548890998532837	34.26253560024165	0.0
123.0	30.230542555035534	18.044721788871556	18.972092217022013	32.752643439070894	0.0
124.0	30.50478677110531	17.580504786771105	20.00870322019147	31.906005221932116	0.0
125.0	28.76125535448903	17.982341113733717	18.91773756447242	34.338665967304834	0.0
126.0	30.816559725762506	19.161466115847762	18.361606750461455	31.660367407928273	0.0
127.0	30.15536723163842	17.372881355932204	20.656779661016948	31.81497175141243	0.0
128.0	29.62470055895661	18.59639783515216	20.104693461094843	31.674208144796378	0.0
129.0	30.213903743315505	18.05704099821747	18.618538324420676	33.110516934046345	0.0
130.0	30.413756045137024	18.162278344975817	17.99211893247358	33.43184667741358	0.0
131.0	29.70127766780637	19.245996041029333	19.659888429008458	31.392837862155837	0.0
132.0	30.306593108438097	17.120376232251065	21.398209279189654	31.17482138012119	0.0
133.0	28.40123681338669	19.407057111676973	19.225172790105493	32.966533284830845	0.0
134.0	27.03172136392723	18.92311911509279	19.828137855379836	34.21702166560014	0.0
135.0	28.894195444526083	16.899338721528288	21.23438648052902	32.9720793534166	0.0
136.0	27.780852241283892	18.225419664268586	19.45213060320974	34.54159749123778	0.0
137.0	29.71698113207547	16.44469108398076	18.747687754347023	35.09064002959674	0.0
138.0	29.00473054447639	18.439847880530564	18.99638252481217	33.55903905018087	0.0
139.0	30.118348709346755	18.03187028235952	19.261951355884822	32.58782965240891	0.0
140.0	28.261073134188596	19.42129412866373	19.945687798483004	32.37194493866467	0.0
141.0	29.93798158240932	18.17327570005638	19.376057132118024	32.51268558541627	0.0
142.0	32.27513227513227	17.857142857142858	17.526455026455025	32.34126984126984	0.0
143.0	31.641847671440765	20.278858010054066	18.94147775775396	29.13781656075121	0.0
144.0	30.84690864056397	18.23378108030866	17.63360960274364	33.285700676383726	0.0
145.0	30.831176301409265	18.1478285878631	18.30121752468603	32.7197775860416	0.0
146.0	29.91898148148148	18.61496913580247	18.287037037037038	33.17901234567901	0.0
147.0	28.72826192558049	18.216263480034975	18.750607208782668	34.30486738560187	0.0
148.0	29.045805254419378	18.57603281570466	19.318292802031447	33.059869127844514	0.0
149.0	29.016103692065986	18.921838177533385	19.029850746268657	33.03220738413197	0.0
150.0	28.07190833662584	17.848676412485183	19.567364677992888	34.51205057289609	0.0
151.0	29.384309831181728	18.74875868917577	20.347567030784507	31.519364448857996	0.0
152.0	29.839273235499654	18.388739143456124	17.440351402615555	34.33163621842867	0.0
153.0	30.590717299578056	18.866787221217603	19.107896323086194	31.434599156118143	0.0
154.0	30.44709690471374	17.81306898644548	19.158405826421202	32.58142828241958	0.0
155.0	29.735503560528993	20.32553407934893	18.382502543234995	31.556459816887077	0.0
156.0	31.654235209972413	17.799121283335037	20.292224379278633	30.254419127413918	0.0
157.0	30.463848606397203	19.047619047619047	19.39730535842847	31.09122698755528	0.0
158.0	28.139198678232134	20.74555968608013	18.938455183808344	32.176786451879394	0.0
159.0	32.27782392026578	16.27906976744186	19.860880398671096	31.582225913621265	0.0
160.0	27.92614229084081	18.453995409972876	20.89505528896307	32.724807010223245	0.0
161.0	29.089765100671137	16.904362416107382	20.3125	33.69337248322148	0.0
162.0	31.069806737775902	17.837152814447144	20.234449255465204	30.858591192311753	0.0
163.0	28.329787234042552	18.351063829787233	19.71276595744681	33.6063829787234	0.0
164.0	28.061716489874637	17.01489338904961	19.854280510018217	35.069109611057534	0.0
165.0	28.52536543422184	16.702493551160792	20.840498710232158	33.931642304385214	0.0
166.0	26.913099870298314	19.22827496757458	21.054907047124946	32.80371811500216	0.0
167.0	27.95745604514869	17.484263077924897	21.73865856305622	32.8196223138702	0.0
168.0	28.52147306305322	18.784832258769534	19.26565402688231	33.428040651294936	0.0
169.0	27.405696689761356	18.299791048058946	20.070383811723303	34.22412845045639	0.0
170.0	28.42920353982301	17.45575221238938	18.650442477876105	35.4646017699115	0.0
171.0	30.305054553551546	16.922734357604096	18.0917390336228	34.68047205522156	0.0
172.0	29.255735870173478	19.608282036933407	17.213206491326243	33.922775601566876	0.0
173.0	28.487848784878487	17.70927092709271	20.072007200720073	33.73087308730873	0.0
174.0	30.913826293737966	18.92197939078247	18.321820858339937	31.842373457139622	0.0
175.0	28.42489172555277	17.984955550490085	20.651926145429677	32.93822657852747	0.0
176.0	28.45519138207655	16.903506761402703	19.10382764153106	35.537474214989686	0.0
177.0	28.037383177570092	19.741548401984538	19.69539633091035	32.52567208953502	0.0
178.0	27.117462530498432	19.73974671778785	20.030207970256768	33.11258278145696	0.0
179.0	28.153864141236994	18.192447094586694	21.068630889746288	32.58505787443002	0.0
180.0	29.516299870542547	16.394021419324467	19.64222666823585	34.447452041897144	0.0
181.0	29.031875814669984	18.781846190306908	18.97144211399455	33.21483588102856	0.0
182.0	29.393505253104106	18.85148042024833	18.970869149952243	32.78414517669532	0.0
183.0	29.263309698353563	20.334094459800507	19.613027280374958	30.789568561470976	0.0
184.0	31.49291681801671	19.808693546434192	18.525245187068652	30.173144448480443	0.0
185.0	29.19824003911024	20.178440479100466	19.79956000977756	30.823759472011737	0.0
186.0	29.168722249629997	19.042920572274298	19.622594967932905	32.165762210162804	0.0
187.0	30.413715989563922	21.182755621816373	17.132563051310722	31.270965337308983	0.0
188.0	29.429504900728826	18.358884141744156	18.50967579793918	33.70193515958783	0.0
189.0	29.908675799086758	18.810248604769154	19.228817858954844	32.052257737189244	0.0
190.0	30.696364567332306	18.202764976958523	18.061955965181774	33.0389144905274	0.0
191.0	28.912398400206424	19.54586504967101	18.462133918204103	33.07960263191846	0.0
192.0	32.06245933636956	18.945998698763823	17.93103448275862	31.060507482108	0.0
193.0	30.16165067683007	18.648968326981205	18.977526613221187	32.21185438296754	0.0
194.0	29.458493313915003	19.144710710975772	21.24983450284655	30.146961472262678	0.0
195.0	30.386002404167222	19.82102310671831	19.046347001469215	30.74662748764525	0.0
196.0	30.36147828432695	19.692473698408417	18.37065012139196	31.575397895872676	0.0
197.0	27.861712263508913	20.33483054307881	20.933714441268545	30.86974275214373	0.0
198.0	27.93544796883695	20.85420144685587	20.005564830272675	31.204785754034503	0.0
199.0	28.64864864864865	21.504747991234478	18.524470416362306	31.322132943754568	0.0
200.0	24.21915002560164	18.245434374466633	23.16094896740058	34.374466632531146	0.0
201.0	30.01474926253687	18.58407079646018	19.469026548672566	31.93215339233038	0.0
202.0	30.39920654599554	18.7453508554426	21.274485494668983	29.580957103892885	0.0
203.0	29.535232383808097	19.815092453773115	19.440279860069964	31.209395302348824	0.0
204.0	32.299546142208776	18.910741301059	21.003530005042865	27.786182551689357	0.0
205.0	28.582336472384828	18.32527360651565	23.466530923899214	29.625858997200304	0.0
206.0	27.77920410783055	21.59178433889602	21.540436456996147	29.08857509627728	0.0
207.0	28.316524437548484	18.463925523661754	20.11895526247737	33.100594776312384	0.0
208.0	27.523413111342354	18.366285119667015	22.42455775234131	31.685744016649327	0.0
209.0	26.863719591943504	18.93800680094167	19.251896416426888	34.94637719068795	0.0
210.0	29.002381582429216	17.67663403016671	20.111140513363324	33.20984387404075	0.0
211.0	28.998664886515353	18.237650200267023	21.49532710280374	31.26835781041388	0.0
212.0	25.033683643222847	17.326866073834545	23.632444085152247	34.00700619779035	0.0
213.0	29.7745177940777	19.424069546318933	18.174409127954362	32.62700353164901	0.0
214.0	30.555555555555557	21.56215621562156	18.94939493949395	28.93289328932893	0.0
215.0	26.420848350429722	19.65622400887164	18.713612420293874	35.20931522040477	0.0
216.0	30.136986301369863	18.143695834498182	21.330724070450096	30.388593793681856	0.0
217.0	25.95853450724226	19.681908548707753	23.82845782448168	30.531099119568307	0.0
218.0	26.48522095405326	20.573602575358503	19.373719637108575	33.56745683347966	0.0
219.0	23.691014867485453	23.884938590820944	23.65869424692954	28.765352294764057	0.0
220.0	13.820335636722605	23.099703849950643	21.56959526159921	41.51036525172754	0.0
