# Position (bp)	A	C	G	T	N
0.0	28.933457711442784	19.35634328358209	20.444651741293534	31.265547263681594	0.0
1.0	23.538557213930346	23.569651741293534	24.067164179104477	28.824626865671643	0.0
2.0	28.425294482331058	19.528828270303784	18.273403595784252	33.7724736515809	0.0
3.0	29.891640866873065	21.25386996904025	20.03095975232198	28.823529411764703	0.0
4.0	28.931888544891642	20.526315789473685	19.5046439628483	31.037151702786375	0.0
5.0	31.749961318273247	18.16493888287173	16.81881479189231	33.26628500696271	0.0
6.0	31.554524361948953	18.71616395978345	21.129156999226606	28.60015467904099	0.0
7.0	30.592054413356006	20.54413356005565	19.40021641675684	29.463595609831504	0.0
8.0	30.757341576506953	19.412673879443588	19.613601236476043	30.216383307573413	0.0
9.0	27.36825838355741	20.166898470097358	18.08066759388039	34.38417555246484	0.0
10.0	26.78102302580745	18.28156390047906	21.61953330242621	33.31787977128728	0.0
11.0	26.560568603213845	19.066749072929543	19.947466007416566	34.42521631644005	0.0
12.0	25.923065039394405	19.527267109531902	18.770276533292137	35.77939131778155	0.0
13.0	28.286729491734896	20.083423451259076	18.986559555074926	32.6432875019311	0.0
14.0	28.864864864864863	19.243243243243242	20.123552123552123	31.76833976833977	0.0
15.0	26.474220438406913	20.03704847175054	22.630441494288362	30.858289595554183	0.0
16.0	28.295770299475148	18.724915097252236	21.67335597406607	31.305958629206543	0.0
17.0	29.252855819697437	17.61346094473603	20.669959864155604	32.46372337141093	0.0
18.0	26.46604938271605	21.75925925925926	20.185185185185187	31.589506172839503	0.0
19.0	27.645788336933048	21.598272138228943	21.721690836161677	29.034248688676335	0.0
20.0	26.68106107341147	22.964219617520047	18.9389265885256	31.415792720542875	0.0
21.0	25.75827559661278	20.98537336412625	20.01539645881447	33.2409545804465	0.0
22.0	28.56923076923077	20.984615384615385	18.8	31.646153846153847	0.0
23.0	29.45700661436702	21.73511767420397	17.48961698200277	31.31825872942624	0.0
24.0	27.770093745197478	18.656831104963885	17.289073305670815	36.28400184416782	0.0
25.0	27.469657397449687	19.0351820556153	17.114764172683977	36.38039637425104	0.0
26.0	30.855475349408696	17.877438181538935	16.78697588696053	34.48011058209185	0.0
27.0	26.12100737100737	20.362407862407863	19.302825552825553	34.21375921375922	0.0
28.0	31.157862407862407	18.304668304668304	16.907248157248155	33.63022113022113	0.0
29.0	28.417983734847326	18.24459106951051	17.185821697099893	36.15160349854227	0.0
30.0	32.774272965071546	16.340975534697648	16.69487613478997	34.189875365440834	0.0
31.0	31.770512029611353	17.45835903763109	16.841455891425046	33.92967304133251	0.0
32.0	29.1640866873065	18.97832817337461	19.860681114551085	31.9969040247678	0.0
33.0	27.692546102587944	19.77374864404153	20.595072059507206	31.938633193863318	0.0
34.0	34.434620753839	15.945400961687605	19.745618116953622	29.874360167519775	0.0
35.0	30.475448168355417	18.394388152766954	19.79734996102884	31.33281371784879	0.0
36.0	30.93121197941039	16.5496802370925	17.98471377320231	34.534394010294804	0.0
37.0	29.4677696269705	18.838770095208364	19.33822381769939	32.355236460121745	0.0
38.0	27.822138719273525	19.398778769375294	19.210897134805073	33.56818537654611	0.0
39.0	29.66327329678935	17.69772905246672	17.870007830853563	34.768989819890365	0.0
40.0	27.516462841015993	16.901850109752274	21.182188773910315	34.39949827532141	0.0
41.0	28.356336260978672	17.095357590966124	21.7534504391468	32.79485570890841	0.0
42.0	33.06122448979592	16.16954474097331	19.497645211930926	31.27158555729984	0.0
43.0	30.19934076283158	18.19180662376393	19.839899544812432	31.768953068592058	0.0
44.0	32.1978021978022	19.12087912087912	16.514913657770798	32.16640502354788	0.0
45.0	33.01367709479642	15.956610595818269	17.795944033956925	33.233768275428396	0.0
46.0	31.323784039036674	13.74153943019046	21.076656697623168	33.8580198331497	0.0
47.0	33.57491728375611	16.354183078619823	19.53678903418938	30.534110603434694	0.0
48.0	28.044745549078304	18.46541673231448	20.387584685678274	33.10225303292894	0.0
49.0	28.737986450291476	18.796281707893492	19.048369308334646	33.417362533480386	0.0
50.0	30.160731169240467	18.641664040340373	19.16167664670659	32.035928143712574	0.0
51.0	29.725465446513095	18.191858630482802	17.7816345850426	34.3010413379615	0.0
52.0	28.555625790139068	17.288242730720608	22.2819216182048	31.874209860935526	0.0
53.0	29.374505146476643	21.02929532858274	20.2375296912114	29.358669833729216	0.0
54.0	29.137603043753963	20.24413443246671	18.896639188332276	31.721623335447052	0.0
55.0	28.98366893927382	17.69462501981925	17.964166798794988	35.35753924211194	0.0
56.0	25.995241871530535	19.524187153053134	20.57097541633624	33.909595559080095	0.0
57.0	30.609330371310694	17.930815614090765	19.31132973659156	32.14852427800699	0.0
58.0	28.262940616068594	19.21244839631629	18.831375039695143	33.69323594791997	0.0
59.0	27.542911633820726	18.2453909726637	20.3432930705658	33.86840432294978	0.0
60.0	29.772691146081705	18.423144174217136	19.615323477984422	32.18884120171674	0.0
61.0	26.63380505644777	18.31769756718079	21.89537287327079	33.15312450310065	0.0
62.0	28.98043581994592	20.359471926196914	19.914108477811357	30.74598377604581	0.0
63.0	29.853596435391474	18.18905155951623	19.684914067472945	32.27243793761935	0.0
64.0	28.521406971192103	20.181441986312272	20.324685659716696	30.97246538277893	0.0
65.0	29.27411652340019	19.03852276345113	19.691181152499205	31.996179560649473	0.0
66.0	28.621458134352117	18.01973893664438	20.184654568608725	33.17414836039478	0.0
67.0	27.945859872611468	20.987261146496817	18.21656050955414	32.85031847133758	0.0
68.0	26.417197452229303	21.194267515923567	20.207006369426754	32.181528662420384	0.0
69.0	30.67240280433397	20.347355003186742	18.275971956660293	30.704270235818992	0.0
70.0	30.054209183673468	20.567602040816325	17.809311224489797	31.568877551020407	0.0
71.0	29.57409475195406	20.64125059818153	20.386026479502313	29.3986281703621	0.0
72.0	28.585101292072103	17.945445844632317	21.19955335779231	32.26989950550327	0.0
73.0	29.46713465220166	16.927249521378428	21.68155711550734	31.924058710912572	0.0
74.0	29.211869814932996	18.410976388002553	20.692405871091257	31.684747925973195	0.0
75.0	30.205840114887504	20.37657571405776	21.142492420615923	28.275091750438808	0.0
76.0	30.27449728694542	19.77338014682413	18.95946377274178	30.99265879348867	0.0
77.0	30.799936132843687	21.4912980999521	17.483634041194314	30.225131726009902	0.0
78.0	30.218814885800988	16.94617473247085	20.364159080019167	32.47085130170899	0.0
79.0	30.027152212106696	19.629452164191026	17.521162753553746	32.82223287014854	0.0
80.0	33.67933567550303	17.550303417438517	17.98147556691153	30.788885340146916	0.0
81.0	29.878633024592784	17.19897796231236	20.201213669754072	32.72117534334079	0.0
82.0	33.18428617055254	15.154902587032899	22.29319706164165	29.367614180772918	0.0
83.0	31.996805111821086	17.18849840255591	19.840255591054312	30.974440894568687	0.0
84.0	27.95973797731267	16.951589710816425	20.738137082601053	34.35053522926985	0.0
85.0	28.67870266815785	17.36699153219364	20.61032113756191	33.3439846620866	0.0
86.0	29.525483304042176	19.97124141236619	18.54928902380572	31.95398625978591	0.0
87.0	31.298929541460296	16.472279916919636	20.131011343665122	32.09777919795494	0.0
88.0	30.02077009106886	17.590669436012142	19.41204665281994	32.97651382009906	0.0
89.0	31.112176414189836	15.675934803451582	18.48833493128795	34.72355385107063	0.0
90.0	28.89101949504634	16.666666666666664	19.654841802492808	34.78747203579418	0.0
91.0	30.45076726342711	19.005754475703323	17.039641943734015	33.50383631713555	0.0
92.0	31.361892583120206	18.30242966751918	16.2883631713555	34.047314578005114	0.0
93.0	32.35294117647059	17.375319693094628	18.845907928388748	31.425831202046034	0.0
94.0	29.747442455242968	16.751918158567776	19.30946291560102	34.19117647058824	0.0
95.0	31.074168797953966	17.247442455242968	19.533248081841432	32.14514066496164	0.0
96.0	29.811381074168796	17.58312020460358	19.213554987212277	33.39194373401534	0.0
97.0	29.411764705882355	17.375319693094628	19.085677749360613	34.12723785166241	0.0
98.0	29.277262551966743	19.667412855772305	17.684681803645667	33.370642788615285	0.0
99.0	28.41835918758996	19.51063489525028	18.103310411002717	33.96769550615705	0.0
100.0	32.14457060610907	16.85590916360147	20.486166640012794	30.513353590276665	0.0
101.0	28.77939529675252	21.228603423452245	20.78067509198528	29.21132618780995	0.0
102.0	28.73379222026573	17.99263646550344	19.8495277733312	33.42404354089963	0.0
103.0	29.399519615692554	18.79903923138511	21.98558847077662	29.815852682145717	0.0
104.0	27.40693196405648	18.21245186136072	20.202182284980744	34.178433889602054	0.0
105.0	29.418380462724937	18.605398457583547	18.878534704370182	33.09768637532134	0.0
106.0	33.869152869313616	19.836039221990035	18.276804372287415	28.018003536408937	0.0
107.0	31.462119993566027	19.832716744410487	19.47884831912498	29.2263149428985	0.0
108.0	32.80772325020113	17.924376508447303	18.970233306516494	30.297666934835078	0.0
109.0	28.36902270165835	18.579938818225727	18.451135082917407	34.59990339719852	0.0
110.0	28.035426731078907	19.436392914653787	19.130434782608695	33.39774557165862	0.0
111.0	31.834300451321727	17.408123791102515	18.32688588007737	32.43068987749839	0.0
112.0	27.818093855829705	19.771004676665054	18.996935978068052	33.41396548943719	0.0
113.0	29.5920012901145	16.803741332043217	20.545073375262053	33.059184002580224	0.0
114.0	30.650104855621873	16.11550250040329	19.00306501048556	34.23132763348927	0.0
115.0	26.9702842377261	18.313953488372093	16.90891472868217	37.80684754521964	0.0
116.0	30.172831529639797	18.60765627523825	17.68696494911969	33.53254724600226	0.0
117.0	31.840956844997574	18.55503475028285	17.100371747211895	32.50363665750768	0.0
118.0	30.119702361695243	18.133290197347137	19.152377871239082	32.594629569718535	0.0
119.0	25.04854368932039	21.148867313915858	21.957928802588995	31.844660194174757	0.0
120.0	28.705501618122973	20.258899676375407	21.423948220064727	29.61165048543689	0.0
121.0	30.8514082227258	19.925542246681776	18.387827775979282	30.835221754613144	0.0
122.0	30.720647773279353	18.299595141700404	17.765182186234817	33.21457489878543	0.0
123.0	30.94119552891625	16.31297586262757	19.79588530698202	32.949943301474164	0.0
124.0	32.99837925445705	17.487844408427875	17.633711507293352	31.88006482982172	0.0
125.0	30.679422733906275	18.582779309226527	18.744932706340197	31.992865250526997	0.0
126.0	31.8447547905164	16.87236115621955	19.535563494641117	31.747320558622928	0.0
127.0	29.040116940068216	19.749878187428944	19.26262790319961	31.94737696930323	0.0
128.0	32.114415732163174	17.081098651064522	18.072484966682918	32.73200065008939	0.0
129.0	31.02943568059847	19.190112213368028	19.25516344120995	30.525288664823545	0.0
130.0	31.228641171684295	17.737998372660698	17.85191212367779	33.181448331977215	0.0
131.0	30.174238723334962	19.231395538185964	19.850187265917604	30.744178472561472	0.0
132.0	28.42482489004724	18.195145789216486	21.436716077537056	31.943313243199217	0.0
133.0	27.819426336375493	18.23663624511082	21.59387222946545	32.35006518904824	0.0
134.0	26.56555772994129	20.189171559034573	21.99934768427919	31.245923026744943	0.0
135.0	27.851199216837983	17.996410507423725	22.238538097568934	31.91385217816936	0.0
136.0	30.079973886078015	18.459278602905176	19.29165986616615	32.16908764485066	0.0
137.0	29.289795918367346	17.46938775510204	18.7265306122449	34.51428571428571	0.0
138.0	27.357411341722504	18.14021899003105	19.398594541591763	35.10377512665468	0.0
139.0	31.840470742072576	17.881660673422687	18.87871853546911	31.399150049035633	0.0
140.0	28.382136430557825	17.16015049893669	20.93898249631932	33.518730574186165	0.0
141.0	28.136757729429085	17.176509079011943	22.885653525274005	31.801079666284966	0.0
142.0	31.031096563011456	17.725040916530276	20.016366612111295	31.22749590834697	0.0
143.0	32.13759213759214	18.47665847665848	20.507780507780506	28.87796887796888	0.0
144.0	30.929355843304375	18.84936895590887	18.751024422225864	31.470250778560892	0.0
145.0	31.7749343832021	16.24015748031496	18.569553805774277	33.41535433070867	0.0
146.0	29.919579845724602	17.92220580994584	17.725258493353028	34.43295585097653	0.0
147.0	29.268693508627774	19.934264585045195	19.967132292522596	30.829909613804436	0.0
148.0	28.03092613916763	19.608488238197072	19.690738608323738	32.669847014311564	0.0
149.0	29.81243830207305	19.183942086212568	17.423494570582427	33.58012504113195	0.0
150.0	29.00889035232137	17.270332565031282	19.88804741521238	33.83272966743497	0.0
151.0	29.550321199143468	19.074287596771537	19.156646351507163	32.21874485257783	0.0
152.0	26.672158154859964	18.797364085667216	19.27512355848435	35.25535420098847	0.0
153.0	31.915595120342893	17.441477085394	17.837124958786678	32.80580283547643	0.0
154.0	30.689313984168866	17.24934036939314	18.222295514511874	33.83905013192612	0.0
155.0	29.943875866622648	17.992736876857048	19.725982172334103	32.3374050841862	0.0
156.0	31.008264462809915	15.636363636363637	19.834710743801654	33.5206611570248	0.0
157.0	31.662531017369727	18.726220016542598	20.0	29.61124896608768	0.0
158.0	30.734856007944387	19.513406156901688	18.371400198609734	31.38033763654419	0.0
159.0	30.660924300149077	16.051018717906246	21.732648666556237	31.55540831538844	0.0
160.0	28.254020892057703	18.83601392803847	23.16365445199801	29.746310727905822	0.0
161.0	28.6093594424162	17.57384666445403	21.539993362097576	32.276800531032194	0.0
162.0	29.67634854771784	17.29460580912863	24.182572614107883	28.846473029045644	0.0
163.0	28.89885401096163	17.339312406576983	21.341969772463045	32.41986380999834	0.0
164.0	31.55533399800598	17.7633765370555	21.036889332003987	29.64440013293453	0.0
165.0	32.75690056534752	17.176587961423344	20.452278017958097	29.614233455271034	0.0
166.0	31.386253952404726	18.988184390081546	20.30287901481112	29.322682642702613	0.0
167.0	28.592839300582845	18.43463780183181	21.298917568692758	31.67360532889259	0.0
168.0	28.74291430476826	18.33944648216072	19.623207735911972	33.29443147715905	0.0
169.0	26.497580510595697	17.77073252127482	20.19022192557984	35.54146504254964	0.0
170.0	28.6621012193085	16.40220477701687	19.742776014698514	35.19291798897611	0.0
171.0	28.970244065529922	16.616516215312604	20.127047810096958	34.28619190906051	0.0
172.0	28.88702928870293	20.635983263598327	18.84518828451883	31.63179916317992	0.0
173.0	26.239115874079033	18.402545210984595	19.407233757535163	35.9511051574012	0.0
174.0	28.918692372170995	18.994132439228835	19.430008382229673	32.6571668063705	0.0
175.0	29.062552406506793	17.97752808988764	20.8955223880597	32.064397115545866	0.0
176.0	29.54202315047811	15.970474752558294	18.889448079181346	35.598054017782246	0.0
177.0	29.316999496559827	18.6776304749119	19.51669743245511	32.488672596073165	0.0
178.0	31.771620486985725	16.84298908480269	19.764903442485306	31.62048698572628	0.0
179.0	26.377688172043012	19.22043010752688	22.9502688172043	31.451612903225808	0.0
180.0	30.26072329688814	17.224558452481077	19.2094196804037	33.30529857022708	0.0
181.0	29.196834483919854	18.117528203401246	18.555312342145143	34.130324970533756	0.0
182.0	33.1199460916442	17.419137466307276	19.356469002695416	30.1044474393531	0.0
183.0	30.18390416736966	22.186603678083348	18.441032562847983	29.188459591699008	0.0
184.0	31.96485892887312	20.814326744382498	17.536746071971617	29.684068254772768	0.0
185.0	30.85897869462293	20.3922894825837	19.546838011498142	29.201893811295232	0.0
186.0	32.98916723087339	16.960054163845633	21.377792823290452	28.672985781990523	0.0
187.0	30.758807588075882	20.95189701897019	19.258130081300813	29.03116531165312	0.0
188.0	31.116389548693586	18.71394638615541	20.15609093993892	30.01357312521208	0.0
189.0	32.421875	18.716032608695652	18.10461956521739	30.757472826086957	0.0
190.0	35.1631543167913	16.570360299116246	17.55608429639701	30.710401087695445	0.0
191.0	30.124170777343085	18.03027725803708	18.064296649089982	33.781255315529854	0.0
192.0	32.471068754254595	17.750170183798502	19.04356705241661	30.735194009530293	0.0
193.0	29.92675864418327	17.271333673990803	20.320218020780107	32.48168966104582	0.0
194.0	28.773665359031213	18.94934333958724	20.2456080504861	32.031383250895445	0.0
195.0	29.30828351836038	19.402220324508967	18.97523484201537	32.31426131511528	0.0
196.0	30.471956224350205	19.647742818057456	18.80984952120383	31.070451436388506	0.0
197.0	30.982540225950018	19.616569667921947	19.565217391304348	29.83567271482369	0.0
198.0	32.00205690778197	18.152211175865617	17.80939321220432	32.0363387041481	0.0
199.0	28.67684915050626	18.56873176591728	19.152222412905438	33.60219667067101	0.0
200.0	27.705255925798696	18.825145997938854	21.487461353486776	31.982136722775678	0.0
201.0	29.89513494928657	16.21110538078047	20.33694344163658	33.55681622829637	0.0
202.0	29.92085340674467	17.807983482450105	19.700619408121128	32.5705437026841	0.0
203.0	31.972437553832904	15.968992248062017	21.085271317829456	30.973298880275625	0.0
204.0	29.14798206278027	18.523628837530183	19.713694377371507	32.614694722318035	0.0
205.0	31.93509407906094	15.501467288106335	22.199205938201278	30.364232694631454	0.0
206.0	29.86003110419907	17.69483324693278	20.49421116295144	31.95092448591671	0.0
207.0	28.27968155070959	18.310834198684667	19.591554170993422	33.817930079612324	0.0
208.0	28.43766256285764	18.50182070400555	22.611409745101437	30.449106988035375	0.0
209.0	30.029508765839264	17.30602325985072	19.423711161256726	33.24075681305329	0.0
210.0	30.517900590893294	17.24018074383038	19.933958985053877	32.30795968022245	0.0
211.0	30.264531848242253	16.968325791855204	21.667246780368952	31.099895579533587	0.0
212.0	28.932682246250437	16.89919776770143	22.968259504708755	31.199860481339382	0.0
213.0	31.255456609044874	18.59612362493452	18.805657412257727	31.342762353762875	0.0
214.0	30.213435969209236	20.206438068579427	20.801259622113367	28.77886634009797	0.0
215.0	31.50973172014729	19.708925127126072	19.147816938453445	29.633526214273186	0.0
216.0	33.98279796384062	17.289801649991222	18.99245216780762	29.73494821836054	0.0
217.0	28.90570021111893	18.085855031667837	19.757213230119632	33.251231527093594	0.0
218.0	27.535211267605636	18.820422535211268	20.89788732394366	32.74647887323944	0.0
219.0	27.74739813018169	20.07408714058917	21.732227906156286	30.446286823072853	0.0
220.0	29.328621908127207	19.734982332155475	20.406360424028268	30.53003533568905	0.0
221.0	30.258498583569406	18.572946175637394	17.740793201133144	33.42776203966006	0.0
222.0	30.141843971631204	18.51063829787234	20.44326241134752	30.904255319148938	0.0
223.0	32.97815663292488	17.723317350381816	18.34487657609661	30.9536494405967	0.0
224.0	33.807576027031836	16.930464165036458	19.847056731282233	29.414903076649473	0.0
225.0	36.012116892373484	17.230933713471135	19.689950106913756	27.06699928724163	0.0
226.0	33.32737988926594	18.57474549026612	18.02107519199857	30.07679942846937	0.0
227.0	31.663685152057248	16.779964221824688	19.033989266547405	32.52236135957066	0.0
228.0	28.484414188462914	18.38050877821569	20.046578287352204	33.08849874596918	0.0
229.0	30.465241602299265	20.765223639303034	16.93910544278786	31.83042931560984	0.0
230.0	30.650099045560957	21.429857734557896	16.27948856473978	31.64055465514137	0.0
231.0	29.880909418982316	20.101046553590763	18.242511728617828	31.775532298809097	0.0
232.0	28.656770456191165	17.57784214337437	19.605358435916003	34.16002896451846	0.0
233.0	28.695809903863594	18.302194812261927	20.80536912751678	32.1966261563577	0.0
234.0	28.516902944383858	18.3206106870229	22.02835332606325	31.13413304252999	0.0
235.0	26.830601092896174	18.360655737704917	21.092896174863387	33.71584699453552	0.0
236.0	28.099324447690343	17.564360051122875	21.909804637575313	32.42651086361147	0.0
237.0	28.077556246570328	19.956100237790377	19.80976769709164	32.15657581854765	0.0
238.0	30.82996694821888	16.14028644876974	19.977965479250827	33.05178112376056	0.0
239.0	28.521515262964325	16.458256712026483	20.080912100036777	34.93931592497241	0.0
240.0	27.99704905938768	16.506824050165992	20.232386573220214	35.263740317226116	0.0
241.0	28.60576923076923	17.011834319526628	22.42973372781065	31.952662721893493	0.0
242.0	28.499999999999996	16.59259259259259	22.333333333333332	32.57407407407407	0.0
243.0	29.196809497310333	15.080690038953811	22.3149693934335	33.407531070302355	0.0
244.0	26.75348837209302	17.190697674418605	20.8	35.25581395348837	0.0
245.0	29.381058911260254	17.26323639075317	20.563012677106638	32.79269202087994	0.0
246.0	28.288859861914535	16.346333271132675	20.507557380108228	34.85724948684456	0.0
247.0	26.75397567820393	17.54911131898971	23.386342376052387	32.31057062675398	0.0
248.0	27.06964520367937	17.308053313309554	23.014830110756524	32.60747137225455	0.0
249.0	27.462799020531175	18.948954605387076	19.401017140704464	34.18722923337729	0.0
250.0	27.054600415643304	18.042697902890612	19.93198564141319	34.9707160400529	0.0
251.0	27.545023696682463	18.236966824644547	20.701421800947866	33.51658767772512	0.0
252.0	27.583586626139816	19.889817629179333	20.440729483282674	32.08586626139818	0.0
253.0	32.03809523809524	16.038095238095238	18.914285714285715	33.00952380952381	0.0
254.0	30.925076452599388	16.59021406727829	20.603975535168196	31.880733944954127	0.0
255.0	29.443378119001917	18.90595009596929	19.366602687140116	32.284069097888676	0.0
256.0	29.063281400269283	18.945951144450856	20.176957107135987	31.81381034814387	0.0
257.0	28.27134322605512	19.059549046058972	18.115243784929657	34.553863942956255	0.0
258.0	30.038610038610038	18.030888030888033	18.069498069498067	33.861003861003866	0.0
259.0	32.07620528771385	18.565318818040435	16.796267496111973	32.56220839813375	0.0
260.0	29.701230228471005	18.72681116969342	17.848076547549308	33.72388205428628	0.0
261.0	31.796783052177325	18.124754805806198	18.379756767359748	31.698705374656726	0.0
262.0	31.384130734396535	15.849576688324474	20.023626698168933	32.74266587911006	0.0
263.0	29.843966028046616	20.323918625320957	17.697017578510767	32.13509776812167	0.0
264.0	30.26394125818615	19.388767612621553	19.190315538797382	31.15697559039492	0.0
265.0	31.014550528204104	19.374127964919275	18.497109826589593	31.114211680287024	0.0
266.0	32.320607635418746	18.42894263441935	19.568259044573256	29.682190685588644	0.0
267.0	30.63153660498793	18.041029766693484	20.353982300884958	30.973451327433626	0.0
268.0	31.258897701850724	17.042912344925767	21.618873296725646	30.079316656497863	0.0
269.0	32.25806451612903	18.88525928950592	19.232339730502247	29.6243364638628	0.0
270.0	32.16338259441708	21.141215106732346	15.92775041050903	30.767651888341547	0.0
271.0	32.95524850484636	19.571045576407506	17.13755413487317	30.33615178387296	0.0
272.0	30.264791063301615	17.563094745552338	19.114604882085228	33.05750930906082	0.0
273.0	31.273408239700373	16.396171452351226	19.017894298793177	33.31252600915523	0.0
274.0	31.066945606694564	18.03347280334728	19.81171548117155	31.08786610878661	0.0
275.0	29.34371055952882	18.784181741691206	20.719394194362643	31.152713504417335	0.0
276.0	31.24867500529998	18.76192495230019	21.072715709137164	28.916684333262666	0.0
277.0	27.590618336886997	20.319829424307038	19.936034115138593	32.15351812366738	0.0
278.0	27.821803384022274	19.57592632255301	21.84621974726922	30.756050546155496	0.0
279.0	31.368330464716003	20.675559380378658	20.008605851979347	27.947504302925992	0.0
280.0	29.945828819068254	21.82015167930661	20.10834236186349	28.125677139761645	0.0
281.0	30.418665503706933	17.7932839075447	22.154382904491932	29.63366768425643	0.0
282.0	29.56788769466988	18.030269796007897	22.37332748409739	30.028515025224827	0.0
283.0	27.70791969997794	19.9867637326274	21.751599382307525	30.553717185087137	0.0
284.0	25.520602569782895	20.779796189632254	22.286220646876384	31.41338059370846	0.0
285.0	28.511017137769862	18.361896283107054	22.10104607166704	31.02604050745604	0.0
286.0	28.814698633206365	17.992381805960118	22.09276271566211	31.100156845171412	0.0
287.0	26.690712353471596	19.679891794409375	22.40757439134355	31.221821460775473	0.0
288.0	24.91475335303478	19.072516481018415	22.75517162991589	33.25755853603092	0.0
289.0	27.850125656842582	19.099840073109437	19.739547635366687	33.31048663468129	0.0
290.0	29.64326812428078	15.949367088607595	21.012658227848103	33.39470655926352	0.0
291.0	28.886310904872392	16.14849187935035	22.22737819025522	32.73781902552204	0.0
292.0	26.318245450303312	19.062062529164724	24.848343443770414	29.771348576761547	0.0
293.0	29.101149964796996	16.099507157944146	21.661581788312603	33.137761088946256	0.0
294.0	29.378262933080208	19.174181300427147	20.431893687707642	31.015662078785	0.0
295.0	30.076445293836596	17.797419971333014	21.189679885332062	30.93645484949833	0.0
296.0	28.306878306878307	18.22991822991823	22.75132275132275	30.711880711880713	0.0
297.0	28.880778588807786	18.32116788321168	22.1654501216545	30.632603406326037	0.0
298.0	27.32919254658385	20.22360248447205	22.832298136645964	29.61490683229814	0.0
299.0	28.23435843054083	18.345705196182397	21.73913043478261	31.680805938494167	0.0
300.0	31.5625	8.59375	21.770833333333332	38.072916666666664	0.0
