# Position (bp)	A	C	G	T	N
0.0	31.868544600938968	19.323943661971832	22.43505477308294	26.372456964006258	0.0
1.0	25.496087636932707	25.13928012519562	23.348982785602505	26.01564945226917	0.0
2.0	29.96004494943189	21.076289174678486	17.998501685603696	30.965164190285925	0.0
3.0	29.63678275496854	20.067285527381472	21.599900317737212	28.69603139991278	0.0
4.0	31.587469639409605	19.02596998193934	17.973469514853335	31.41309086379772	0.0
5.0	28.57943227091633	19.360059760956176	19.64018924302789	32.4203187250996	0.0
6.0	28.75280059746079	22.062484441125218	19.39880507841673	29.785909882997263	0.0
7.0	32.0248833592535	19.477449455676517	19.116640746500778	29.381026438569208	0.0
8.0	31.853233830845774	19.334577114427862	18.37686567164179	30.43532338308458	0.0
9.0	27.618988442897972	20.684727227538215	19.08164533366472	32.61463899589909	0.0
10.0	27.888495685105852	16.893276215310113	20.68665797479357	34.53157012479046	0.0
11.0	27.61591867096454	17.920902553930077	20.19588395735185	34.26729481775354	0.0
12.0	27.675642216032188	17.468276075518414	20.154750851129684	34.70133085731972	0.0
13.0	27.76781850775793	20.114978055263645	20.009890585399024	32.1073128515794	0.0
14.0	27.01851851851852	19.08641975308642	24.074074074074073	29.820987654320984	0.0
15.0	29.34367688708287	18.950868119689694	20.92722571111932	30.778229282108114	0.0
16.0	26.948391462139387	18.34286768776527	21.295441963461894	33.413298886633456	0.0
17.0	29.418633235004915	19.235496558505407	20.329400196656835	31.01647000983284	0.0
18.0	26.1654689515386	19.85750261040477	20.477857625452984	33.499170812603644	0.0
19.0	27.734806629834253	23.186003683241253	18.93186003683241	30.147329650092082	0.0
20.0	28.066515309566174	18.88691170154016	20.07731484322268	32.969258145670985	0.0
21.0	27.51455715599142	19.57707631014404	21.18296046582899	31.72540606803555	0.0
22.0	29.33570290476774	17.95563181762471	22.165706581688934	30.542958695918614	0.0
23.0	27.81793678020093	20.062484685126194	19.792942906150454	32.32663562852242	0.0
24.0	31.82068712107294	17.178026823442956	18.84989895278339	32.15138710270072	0.0
25.0	29.09625275532697	18.16678912564291	19.183198628459465	33.55375949057066	0.0
26.0	31.700746908289457	17.815599363291295	18.654340639157585	31.829313089261664	0.0
27.0	28.10625535561268	18.937446443873178	17.05839147998531	35.89790672052883	0.0
28.0	29.002263412246897	20.156603658163576	16.247629534471155	34.59350339511837	0.0
29.0	29.092798630639443	16.609609976769775	17.942291233647147	36.355300158943635	0.0
30.0	28.99889854362991	18.792069514135356	19.783380247215764	32.42565169501897	0.0
31.0	31.65595347413529	15.733088460361188	18.74502601775329	33.86593204775023	0.0
32.0	29.688360986958916	17.651380640421234	17.84118043225372	34.81907794036613	0.0
33.0	30.377809074765782	20.476394586981815	18.314861306717287	30.830935031535116	0.0
34.0	29.26426518255764	17.11821906917008	20.530854381994985	33.08666136627729	0.0
35.0	27.893866045713583	20.319872541209634	18.873705496660335	32.912555916416444	0.0
36.0	28.8830341278108	16.42668954108204	19.245144292629128	35.445132038478036	0.0
37.0	31.87028750076626	19.481395206277202	18.997118862257096	29.651198430699445	0.0
38.0	31.170662905500706	19.010241000797205	17.593671429447475	32.22542466425462	0.0
39.0	32.04294478527607	18.233128834355828	17.11042944785276	32.61349693251534	0.0
40.0	28.256599140577045	20.95764272559853	19.2756292203806	31.51012891344383	0.0
41.0	28.73074553296365	16.709796672828094	23.869377695625385	30.69008009858287	0.0
42.0	32.62197002405477	17.436624930611238	19.669401097884414	30.272003947449576	0.0
43.0	32.7037037037037	18.567901234567902	17.901234567901234	30.82716049382716	0.0
44.0	30.563284486489827	21.109256167686887	17.44883447721511	30.878624868608174	0.0
45.0	31.41292028711749	17.957436091172397	18.448558116106284	32.18108550560383	0.0
46.0	29.77364693980779	17.42539200809307	19.126201315123925	33.67475973697521	0.0
47.0	30.66734267063819	17.47892768870017	18.860510805500983	32.99321883516066	0.0
48.0	28.41298009887185	19.457472429965776	18.12650526048929	34.00304221067309	0.0
49.0	29.368501141263	18.799137712401727	19.509256910981488	32.32310423535379	0.0
50.0	28.063943161634104	21.72671910682568	18.69449378330373	31.514843948236486	0.0
51.0	29.465135460947913	19.71956094156462	18.031850770890173	32.7834528265973	0.0
52.0	28.92866209697893	17.885250063467886	19.567149022594567	33.61893881695862	0.0
53.0	29.421477106750494	18.822632882453803	20.98177430621706	30.774115704578648	0.0
54.0	28.349860157640478	21.91075514874142	18.745232646834477	30.994152046783626	0.0
55.0	29.614797864225785	18.408339689804222	19.202898550724637	32.77396389524536	0.0
56.0	27.800381436745074	19.701207883026065	20.04450095359186	32.453909726637	0.0
57.0	31.512685191072677	17.479493864055446	18.840211101926624	32.167609842945254	0.0
58.0	30.048352207660006	18.539254358060823	18.488357297366075	32.924036136913095	0.0
59.0	27.552189409368637	19.182790224032587	20.512983706720977	32.752036659877795	0.0
60.0	28.481335201936552	18.30806472162059	18.964199261052364	34.246400815390494	0.0
61.0	30.210922067163704	17.721277002485184	20.94564455489709	31.122156375454026	0.0
62.0	28.353736291762306	18.6495791889824	21.697271104310126	31.299413414945164	0.0
63.0	32.0002551345835	18.592932772037248	19.103201939022835	30.303610154356424	0.0
64.0	27.35566188197767	19.3237639553429	21.684210526315788	31.636363636363633	0.0
65.0	30.736345074017358	18.29377233282287	19.9527820316488	31.017100561510976	0.0
66.0	28.987172123300788	18.105814027698003	20.792647903503735	32.11436594549748	0.0
67.0	28.927887683471603	18.372686662412253	19.63624760689215	33.06317804722399	0.0
68.0	27.183413078149922	19.413078149920253	20.5103668261563	32.89314194577352	0.0
69.0	27.772814294830887	20.363752393107852	21.43586470963625	30.427568602425016	0.0
70.0	27.286653475457967	20.348503223335673	19.51873364396502	32.846109657241335	0.0
71.0	29.177837354781055	19.08591854972552	19.283799310608963	32.45244478488446	0.0
72.0	28.544061302681996	18.46743295019157	20.644955300127716	32.34355044699873	0.0
73.0	29.377953761655384	17.71618342061566	20.54540809809682	32.36045471963214	0.0
74.0	29.558663856422047	18.0494347576164	21.49837133550489	30.893530050456665	0.0
75.0	29.782066849875378	18.93014635393366	20.719626765514157	30.568160030676804	0.0
76.0	30.01789823574533	18.614165175147022	19.25338788033751	32.11454870877014	0.0
77.0	29.072890025575447	19.833759590792837	18.529411764705884	32.56393861892583	0.0
78.0	28.317619139247004	18.86344686036816	20.332242960682446	32.48669103970239	0.0
79.0	29.80306626467381	19.244338956956828	18.63493488998653	32.317659888382835	0.0
80.0	28.886750080205324	17.959576515880656	21.308950914340713	31.844722489573307	0.0
81.0	26.901110184175064	18.584354745556055	19.700956170185457	34.81357890008343	0.0
82.0	29.978820358128488	17.611193119825426	20.480071882420898	31.929914639625185	0.0
83.0	28.870346598202822	18.31193838254172	21.906290115532734	30.911424903722722	0.0
84.0	27.643320279899854	18.270527059125634	20.5238492649419	33.56230339603261	0.0
85.0	29.61535991780646	16.978103127207348	21.286842612213448	32.119694342772746	0.0
86.0	31.128379680174685	17.57754800590842	20.66020165692634	30.63387065699056	0.0
87.0	31.813511430773183	18.35345491908554	20.82584125353198	29.007192396609298	0.0
88.0	31.688828932999293	18.828290614761997	17.70411768484615	31.77876276739256	0.0
89.0	30.384788334296907	17.331534656645466	19.611999743046187	32.671677266011436	0.0
90.0	28.968840346932218	17.584323803405074	19.929328621908127	33.51750722775458	0.0
91.0	28.598046774608072	19.050372654844512	18.285787715240296	34.06579285530712	0.0
92.0	30.103450491550472	17.727944483711365	19.199383152348517	32.96922187238964	0.0
93.0	30.39902332455182	18.12632525862623	19.205808648718115	32.26884276810383	0.0
94.0	29.517994858611825	17.390745501285345	19.402313624678662	33.688946015424165	0.0
95.0	29.90167727009832	17.27395411605938	20.56423109054688	32.26013752329542	0.0
96.0	30.61696658097686	17.33290488431877	19.916452442159382	32.13367609254499	0.0
97.0	30.260958992158375	18.498521660881863	19.33410464069932	31.906414706260446	0.0
98.0	30.793956927033108	19.09353905496625	19.215686274509807	30.89681774349084	0.0
99.0	29.55246913580247	18.171296296296298	20.299639917695472	31.976594650205765	0.0
100.0	31.787352238227506	16.000258381241522	19.126671403656097	33.08571797687488	0.0
101.0	32.16533644799169	18.31808448510804	19.207059892284732	30.309519174615534	0.0
102.0	30.72006261414036	17.408035481346204	20.67571093138534	31.196190973128097	0.0
103.0	30.020310554936774	18.980541178012185	19.70779008058704	31.291358186463995	0.0
104.0	28.410513141426787	17.871022989262894	20.617877610170606	33.10058625913971	0.0
105.0	30.031779661016948	18.140889830508474	20.20656779661017	31.62076271186441	0.0
106.0	31.709913506320692	18.582834331337324	18.33666001330672	31.370592149035264	0.0
107.0	30.214385894610295	18.92072396981233	19.274694450010017	31.59019568556736	0.0
108.0	32.947976878612714	18.315633821750236	16.82349778195994	31.912891517677107	0.0
109.0	28.57819264069264	17.66774891774892	20.522186147186147	33.231872294372295	0.0
110.0	27.481486514029484	18.914328419050207	20.388613356885656	33.215571710034645	0.0
111.0	30.377500170660117	18.820397296743803	18.85452931940747	31.947573213188612	0.0
112.0	27.84523564519448	19.407285449681005	20.06585717225767	32.681621732866844	0.0
113.0	28.55075459995865	18.392943284404932	17.97257253118324	35.083729584453174	0.0
114.0	30.99362527716186	17.177106430155213	19.51219512195122	32.31707317073171	0.0
115.0	27.178235088943147	19.58841995116847	18.709452389257063	34.52389257063132	0.0
116.0	30.042105263157893	18.764912280701754	18.63859649122807	32.55438596491228	0.0
117.0	28.960169192809303	18.49136411702503	20.36658442016214	32.18188227000353	0.0
118.0	29.254640782202067	17.613716876859854	21.71602664021539	31.41561570072269	0.0
119.0	27.48788138009695	19.11177644710579	23.053892215568865	30.3464499572284	0.0
120.0	27.602749534583992	19.64771588142632	20.428182729485894	32.321351854503796	0.0
121.0	30.103582218385842	18.249172780894835	19.40727952812545	32.23996547259387	0.0
122.0	27.909498337429522	18.700303599826515	20.427931184039323	32.96226687870464	0.0
123.0	30.715532286212916	17.168411867364746	19.313554392088424	32.802501454333914	0.0
124.0	30.505375557668398	17.45776347546259	20.15651283551525	31.880348131353763	0.0
125.0	27.912104064084666	19.541412508267804	18.93143235099581	33.615051076651724	0.0
126.0	30.208487357681502	19.185272807925475	19.044802602395386	31.561437231997637	0.0
127.0	30.60511448111805	17.922985429675883	20.54713053820993	30.924769550996135	0.0
128.0	29.713559195273355	19.632039488445145	19.347842345374318	31.30655897090719	0.0
129.0	31.023823884197828	18.553980699638117	18.863088057901088	31.559107358262967	0.0
130.0	31.696021864561192	17.947160643789857	17.985119951412088	32.371697540236866	0.0
131.0	30.80977845683728	19.281894576012224	19.365928189457602	30.5423987776929	0.0
132.0	30.034628703347444	17.776067718353215	21.692958830319352	30.496344747979993	0.0
133.0	29.073729863692687	19.31536555142503	18.982342007434944	32.62856257744733	0.0
134.0	27.38178702188985	19.630754849263845	20.03583391758199	32.95162421126431	0.0
135.0	28.91481365487003	17.076417162543063	21.163482618227373	32.84528656435954	0.0
136.0	27.74015748031496	18.20472440944882	20.086614173228345	33.968503937007874	0.0
137.0	29.363319607222042	17.017738359201772	19.757681343047196	33.86126069052898	0.0
138.0	29.39488160727099	18.177469504903133	18.775412580722314	33.652236307103564	0.0
139.0	30.249538634357698	17.78063066677365	19.128620717323276	32.84120998154537	0.0
140.0	28.424712922529515	18.372958110949376	20.718098010674428	32.48423095584668	0.0
141.0	29.5067264573991	19.290664492458216	19.478189971463514	31.724419078679166	0.0
142.0	32.83373136786626	17.540970106234045	17.878613192785966	31.746685333113728	0.0
143.0	31.544068919814443	19.773028495692515	19.773028495692515	28.90987408880053	0.0
144.0	31.400117164616287	18.997405640639382	18.009875303372667	31.592601891371665	0.0
145.0	29.492698573478513	19.09344137756394	19.009031822402296	32.404828226555246	0.0
146.0	29.123075614527515	18.907884664455217	18.406055966658162	33.5629837543591	0.0
147.0	29.171658394660277	19.056991271607053	18.629128872154716	33.14222146157796	0.0
148.0	28.48155808341951	18.381592554291622	19.958634953464323	33.178214408824545	0.0
149.0	29.184400243203335	19.71684183097368	18.127334317727787	32.97142360809519	0.0
150.0	29.472487096491996	18.292362872889512	18.712273641851105	33.522876388767386	0.0
151.0	29.71020875539505	18.805602043512728	20.752224081740508	30.731965119351713	0.0
152.0	29.125522640334488	19.055244195356284	18.06778756338404	33.75144560092519	0.0
153.0	29.970353068008265	18.767406342646662	19.83649267810619	31.425747911238883	0.0
154.0	29.45323090826932	17.7315860822413	20.478987799367374	32.33619521012201	0.0
155.0	29.757564710171348	19.586219467736054	19.112285818446956	31.54393000364564	0.0
156.0	30.899908172635442	17.99816345270891	20.02754820936639	31.074380165289256	0.0
157.0	31.13949828751273	19.142830695177267	20.08701286679626	29.630658150513746	0.0
158.0	28.087686567164177	21.14738805970149	19.08582089552239	31.67910447761194	0.0
159.0	32.43395694274702	16.72464040612955	20.41929115352073	30.422111497602707	0.0
160.0	27.482000757862828	18.738158393330806	21.523304281924972	32.256536566881394	0.0
161.0	29.48203363914373	17.392966360856267	21.014908256880734	32.11009174311927	0.0
162.0	30.41048371555213	18.88610522258624	20.57236461746001	30.131046444401623	0.0
163.0	27.825159914712156	18.91839503779802	19.432060476836597	33.82438457065323	0.0
164.0	28.82777452701385	17.817437097717963	20.674858591769066	32.67992978349913	0.0
165.0	28.740929594038043	17.40537360266719	20.062757403412434	33.79093939988233	0.0
166.0	28.308968787040694	19.10312129593046	20.120505728960886	32.46740418806795	0.0
167.0	28.40107323859684	17.51962635396999	22.438636589486237	31.640663817946933	0.0
168.0	29.142857142857142	18.576441102756892	20.100250626566414	32.180451127819545	0.0
169.0	27.46542848490966	18.714040577369538	20.470374482689007	33.350156455031794	0.0
170.0	28.131667174641876	17.758813369907546	18.9068373463375	35.20268210911308	0.0
171.0	30.164908327358393	17.39219502202192	18.682781931783264	33.76011471883643	0.0
172.0	28.426710771139135	20.14678519743643	17.913996278685136	33.5125077527393	0.0
173.0	28.59225322782174	17.47188671386922	19.63765097875885	34.29820907955018	0.0
174.0	30.59576253408853	19.614013006083493	18.82735473043843	30.962869729389553	0.0
175.0	29.164904862579284	17.801268498942918	20.517970401691333	32.51585623678647	0.0
176.0	29.035012809564474	17.356959863364647	19.50256191289496	34.10546541417592	0.0
177.0	27.7574321413184	19.183541576906507	20.713054717794055	32.34597156398104	0.0
178.0	26.557911908646005	19.597607395323546	21.15280043501903	32.69168026101142	0.0
179.0	28.083845478489906	18.25065847234416	21.905179982440735	31.760316066725196	0.0
180.0	30.178235359238347	17.33643307871139	20.203697553415257	32.28163400863501	0.0
181.0	29.28164450899341	18.701821025583733	18.79119651435594	33.22533795106692	0.0
182.0	30.236220472440944	18.27896512935883	20.17997750281215	31.30483689538808	0.0
183.0	29.83112320072538	20.72991046129434	20.299217953077182	29.139748384903097	0.0
184.0	30.684680558735973	19.6702541790703	18.6741470116785	30.97091825051523	0.0
185.0	29.51521462455166	20.027768136063866	20.097188476223536	30.35982876316094	0.0
186.0	29.598407680599458	19.494204425711274	20.68844397611521	30.218943917574055	0.0
187.0	30.334950881761152	21.15043200378743	17.848266066990178	30.666351047461237	0.0
188.0	29.226154769046193	18.884223155368925	19.172165566886623	32.71745650869826	0.0
189.0	29.59270516717325	19.35562310030395	19.404255319148938	31.647416413373858	0.0
190.0	31.754256106587714	19.072292129286947	17.382186035035776	31.791265729089563	0.0
191.0	28.3270911360799	19.300873907615482	18.589263420724095	33.78277153558052	0.0
192.0	30.963505493117815	19.194342720040407	18.474554868038894	31.36759691880288	0.0
193.0	30.084312723556465	17.590700051098622	18.599897802759322	33.72508942258559	0.0
194.0	29.158057851239672	18.53047520661157	20.6353305785124	31.676136363636363	0.0
195.0	30.251991121556337	20.276798537668103	19.545632589110852	29.925577751664704	0.0
196.0	29.784420050257904	19.13768020103161	18.71445575982013	32.36344398889035	0.0
197.0	28.674602113146985	19.860906780794434	21.02447505684098	30.4400160492176	0.0
198.0	29.184782608695652	21.20923913043478	19.103260869565215	30.502717391304344	0.0
199.0	28.14963451340117	22.00085996846782	18.474989250394152	31.37451626773685	0.0
200.0	25.01680107526882	18.397177419354836	22.782258064516128	33.803763440860216	0.0
201.0	28.13842482100239	19.116945107398568	19.737470167064437	33.0071599045346	0.0
202.0	30.976023250181644	17.607168806006296	21.45798014046985	29.958827803342214	0.0
203.0	31.094710947109473	19.3849938499385	20.04920049200492	29.47109471094711	0.0
204.0	31.45983586172594	19.522506839094753	22.879880626709774	26.13777667246954	0.0
205.0	29.62776659959759	18.7374245472837	22.635814889336018	28.9989939637827	0.0
206.0	27.455470737913483	22.16284987277354	21.34860050890585	29.033078880407125	0.0
207.0	27.548918640576726	20.70030895983522	19.309989701338825	32.44078269824923	0.0
208.0	29.217891708082654	16.086842793617578	21.47528119278054	33.219984305519226	0.0
209.0	27.977766013763894	18.237162519851775	19.45473795659079	34.33033350979354	0.0
210.0	28.306451612903228	17.150537634408604	20.403225806451612	34.13978494623656	0.0
211.0	29.062159214830967	18.429661941112325	21.619411123227916	30.888767720828792	0.0
212.0	27.202000555709922	15.83773270352876	23.895526535148655	33.06474020561267	0.0
213.0	29.43832909963308	21.47897262207169	19.13632514817951	29.946373130115724	0.0
214.0	31.142857142857146	23.02857142857143	18.428571428571427	27.400000000000002	0.0
215.0	26.946454413892905	20.17366136034732	19.18958031837916	33.69030390738061	0.0
216.0	31.303324507208004	17.475728155339805	21.977052074139454	29.24389526331274	0.0
217.0	25.277029050613958	19.85624438454627	24.947589098532493	29.919137466307276	0.0
218.0	27.920669352339633	20.607375271149674	19.522776572668114	31.949178803842575	0.0
219.0	22.63431542461005	23.570190641247834	24.783362218370883	29.01213171577123	0.0
220.0	12.634408602150538	24.247311827956988	20.913978494623656	42.204301075268816	0.0
