# Position (bp)	A	C	G	T	N
0.0	58.30305620859158	9.38234665526822	13.934601410557812	18.37999572558239	0.0
1.0	13.377497595896997	59.21572817608719	14.01859172988567	13.388182498130142	0.0
2.0	18.600936967632027	53.20485519591141	10.615417376490631	17.57879045996593	0.0
3.0	59.2309326534948	12.162736350116846	12.916932228595709	15.68939876779265	0.0
4.0	58.822281167108756	12.328912466843502	11.957559681697614	16.891246684350133	0.0
5.0	16.51823579304495	52.820186598812555	11.577608142493638	19.083969465648856	0.0
6.0	17.16283504608539	55.535544019493585	10.77444644559805	16.52717448882297	0.0
7.0	61.15991110170388	10.71012805587893	11.906021801248809	16.22393904116838	0.0
8.0	58.64073565162246	13.592643483775499	11.647817355459255	16.118803509142797	0.0
9.0	17.791151937493403	52.49709639953542	10.347376201034738	19.364375461936437	0.0
10.0	17.302825811893715	9.658371994938845	11.387600168705188	61.65120202446225	0.0
11.0	15.192672141503474	13.160665403242788	10.960202147820594	60.686460307433144	0.0
12.0	17.368476320487243	10.962931849207184	11.372466659666072	60.296125170639506	0.0
13.0	16.59333752357008	51.75989943431804	11.418395139325371	20.228367902786506	0.0
14.0	16.42305282940071	11.453330549175194	55.63792023386929	16.485696387554814	0.0
15.0	55.98006644518272	11.887458471760798	13.766611295681063	18.365863787375417	0.0
16.0	14.435124779952366	13.078595837216527	13.658486072279175	58.82779331055193	0.0
17.0	18.716467189434585	51.24845233182006	11.432108955839867	18.60297152290549	0.0
18.0	15.875630598167403	11.82950684649439	13.723875218778955	58.570987336559256	0.0
19.0	17.65491727468914	53.694378789435824	11.458226287123626	17.192477648751414	0.0
20.0	16.813524590163933	12.950819672131148	10.993852459016393	59.24180327868852	0.0
21.0	16.569559439844628	13.267913727895328	13.472349994889093	56.690176837370956	0.0
22.0	16.357332245563942	10.422190495614931	52.78400978992453	20.436467468896595	0.0
23.0	16.856793644326746	12.986351599103688	12.701161132613567	57.455693623955995	0.0
24.0	58.03861788617887	10.701219512195122	10.884146341463415	20.3760162601626	0.0
25.0	18.90850071008318	10.8338405356056	50.82166768107121	19.435991073240007	0.0
26.0	58.978516416700444	10.853263072557763	11.11674098094852	19.051479529793273	0.0
27.0	15.07944540026313	14.613905475154338	10.312721384475255	59.99392774010728	0.0
28.0	16.30962004850445	51.81891673403395	9.690784155214228	22.18067906224737	0.0
29.0	19.02552204176334	9.936447089680218	10.69302935539191	60.34500151316453	0.0
30.0	18.643037974683544	11.351898734177215	50.551898734177215	19.453164556962026	0.0
31.0	18.008130081300813	11.097560975609756	11.554878048780488	59.33943089430894	0.0
32.0	17.884105284635787	10.997755560089779	10.416241583350336	60.7018975719241	0.0
33.0	18.73977086743044	51.36047463175123	11.354337152209492	18.54541734860884	0.0
34.0	19.611054247697034	12.006141248720573	11.299897645854658	57.082906857727735	0.0
35.0	17.152535413672755	50.821186614658174	11.270786286183537	20.755491685485527	0.0
36.0	18.089158859260785	11.654483681663748	11.232368990013384	59.02398846906208	0.0
37.0	57.37467700258399	12.4031007751938	12.237726098191215	17.984496124031008	0.0
38.0	58.340240364691255	12.971404890178201	10.091172813924574	18.597181931205967	0.0
39.0	58.01930862659608	12.6232741617357	9.695837226201599	19.661579985466627	0.0
40.0	16.526085598250546	52.171196501093405	12.173279183588463	19.129438717067583	0.0
41.0	16.58014620192817	10.265917999788114	54.8045343786418	18.34940141964191	0.0
42.0	59.668332093122146	11.16190071223557	11.044966514297863	18.124800680344425	0.0
43.0	59.88222698072805	11.862955032119913	10.588865096359742	17.66595289079229	0.0
44.0	18.367126833477133	52.86885245901639	9.976272648835202	18.78774805867127	0.0
45.0	28.331765443712765	14.612731263719034	14.612731263719034	42.44277202884917	0.0
46.0	28.093525179856115	17.12230215827338	20.359712230215827	34.42446043165467	0.0
47.0	31.593767599023842	17.439459357987612	19.222827107189786	31.743945935798763	0.0
48.0	26.910677033946516	20.197231177697706	19.230039825526266	33.66205196282951	0.0
49.0	26.88724092032706	19.68054763262978	20.155923179311657	33.27628826773151	0.0
50.0	26.509938837920487	24.216360856269112	17.79434250764526	31.479357798165136	0.0
51.0	29.30902111324376	19.309021113243762	17.754318618042227	33.62763915547025	0.0
52.0	27.99305957200694	17.486022749180645	20.51282051282051	34.0080971659919	0.0
53.0	31.3238999806164	17.87168055824772	21.61271564256639	29.191703818569493	0.0
54.0	29.115407147041594	22.280804530365163	18.121460652216363	30.48232767037688	0.0
55.0	31.020968058005096	18.557711150303742	19.41994904957868	31.001371742112482	0.0
56.0	27.029683506978575	19.402398270100253	20.975034401415375	32.592883821505794	0.0
57.0	30.99703849950642	17.90720631786772	18.95360315893386	32.142152023692006	0.0
58.0	29.962249155573218	20.30598052851182	19.63043910192728	30.10133121398768	0.0
59.0	26.060123432211824	23.053951821620544	20.067688632291457	30.818236113876168	0.0
60.0	27.555734083149225	18.45752159068086	19.642498493673425	34.34424583249648	0.0
61.0	28.73888439773646	17.906224737267586	22.029102667744542	31.325788197251413	0.0
62.0	30.002027163997568	21.285221974457734	19.987837016014595	28.724913845530104	0.0
63.0	33.72093023255814	17.60505915952672	19.461444308445532	29.212566299469607	0.0
64.0	29.78897766851055	19.79102642901045	21.655398483917228	28.76459741856177	0.0
65.0	29.950698438783895	18.549712407559575	20.193097781429746	31.306491372226787	0.0
66.0	27.64730119489081	17.470127729707457	21.69344870210136	33.18912237330037	0.0
67.0	28.642384105960268	17.673841059602648	21.419701986754966	32.264072847682115	0.0
68.0	26.5	19.041666666666668	20.0	34.458333333333336	0.0
69.0	27.082461280870657	19.694432817078276	22.205943909585603	31.017161992465464	0.0
70.0	28.790424191516166	20.516589668206635	19.466610667786643	31.226375472490552	0.0
71.0	28.064992614475624	21.143701202785397	19.62439333192657	31.166912850812405	0.0
72.0	27.57524374735057	18.33403984739296	19.287833827893174	34.80288257736329	0.0
73.0	29.893617021276597	19.5531914893617	19.148936170212767	31.404255319148938	0.0
74.0	30.496150556030795	16.873396065012834	21.899059024807528	30.731394354148843	0.0
75.0	29.588336192109775	19.66123499142367	22.169811320754718	28.580617495711834	0.0
76.0	29.001074113856067	20.644468313641244	18.689581095596132	31.66487647690655	0.0
77.0	30.49279104798795	19.345814503981064	17.92554336130837	32.23585108672262	0.0
78.0	30.146741476046614	20.500647388864913	19.054812257229177	30.2977988778593	0.0
79.0	29.434697855750485	20.532813515269655	18.84340480831709	31.189083820662766	0.0
80.0	30.795998260113095	18.29056111352762	21.20487168334058	29.708568943018705	0.0
81.0	27.159685863874344	18.86998254799302	18.19371727748691	35.776614310645726	0.0
82.0	29.792349726775956	18.120218579234972	21.530054644808743	30.557377049180328	0.0
83.0	29.522558037669732	19.250985545335087	21.156373193166885	30.0700832238283	0.0
84.0	28.527472527472526	19.538461538461537	19.648351648351646	32.285714285714285	0.0
85.0	32.592429577464785	17.869718309859156	20.444542253521128	29.09330985915493	0.0
86.0	29.50132391879965	18.358340688437778	22.440423654015888	29.699911738746692	0.0
87.0	31.70462082688481	18.792836612867568	20.53946495688702	28.963077603360603	0.0
88.0	33.30373001776199	18.849911190053287	18.206039076376555	29.64031971580817	0.0
89.0	29.950936663693128	17.216770740410347	17.84121320249777	34.99107939339875	0.0
90.0	30.88103756708408	17.08407871198569	19.476744186046513	32.55813953488372	0.0
91.0	28.561812878617904	22.481489791339467	16.333856854386358	32.622840475656275	0.0
92.0	28.9959477712742	18.887888338586222	18.280054029716343	33.83610986042323	0.0
93.0	32.99457994579946	17.637759710930442	18.066847335140018	31.300813008130078	0.0
94.0	29.08186341022162	17.005879692446857	19.56128448665762	34.350972410673904	0.0
95.0	30.530371713508615	17.611060743427018	20.30825022665458	31.550317316409792	0.0
96.0	28.512960436562075	16.984993178717602	19.64529331514325	34.85675306957708	0.0
97.0	30.11389521640091	18.26879271070615	19.453302961275625	32.16400911161731	0.0
98.0	31.89399131825451	20.08224811514736	17.569111263422435	30.45464930317569	0.0
99.0	30.44373284537969	19.64775846294602	19.64775846294602	30.260750228728273	0.0
100.0	33.41748909800321	15.308698645857241	19.41703006655956	31.856782189579985	0.0
101.0	32.98683298683299	19.173019173019174	18.826518826518825	29.01362901362901	0.0
102.0	31.46171693735499	16.357308584686773	19.86078886310905	32.32018561484919	0.0
103.0	27.68836015861908	18.98763704222067	20.99370188943317	32.330300909727086	0.0
104.0	28.41414851253221	18.66947762942141	20.402904661513237	32.513469196533144	0.0
105.0	29.32454695222405	20.334196281477997	19.510473052482936	30.830783713815013	0.0
106.0	31.076923076923073	18.201183431952664	18.98224852071006	31.7396449704142	0.0
107.0	31.092636579572446	18.313539192399052	18.45605700712589	32.13776722090261	0.0
108.0	32.210274790919954	18.2078853046595	17.084826762246117	32.49701314217443	0.0
109.0	29.399038461538463	19.71153846153846	19.87980769230769	31.009615384615387	0.0
110.0	26.656990807934207	20.4644412191582	19.327527818093856	33.55104015481374	0.0
111.0	29.815175097276263	17.97178988326848	19.917315175097276	32.295719844357976	0.0
112.0	25.55528435440566	20.405174517939955	21.33268245057359	32.70685867708079	0.0
113.0	29.705882352941178	20.53921568627451	18.602941176470587	31.151960784313726	0.0
114.0	30.467980295566505	16.92118226600985	21.00985221674877	31.600985221674875	0.0
115.0	26.430517711171664	20.26257121624969	20.36165469407976	32.94525637849888	0.0
116.0	28.453865336658353	20.074812967581046	17.830423940149625	33.64089775561097	0.0
117.0	29.358717434869742	17.78557114228457	20.165330661322646	32.690380761523045	0.0
118.0	28.73708091756995	16.73808923619864	21.905722208217796	32.61910763801361	0.0
119.0	23.656186612576064	20.689655172413794	26.72413793103448	28.93002028397566	0.0
120.0	26.113514889284804	20.666836345125986	22.575719012471367	30.643929753117842	0.0
121.0	31.01863671176921	18.91753893285678	17.66658156752617	32.397242787847844	0.0
122.0	29.02645774466992	18.597482661186746	21.474441304906243	30.901618289237092	0.0
123.0	31.472868217054263	18.39793281653747	19.302325581395348	30.82687338501292	0.0
124.0	32.103896103896105	19.584415584415584	19.480519480519483	28.83116883116883	0.0
125.0	27.42483660130719	18.64052287581699	21.15032679738562	32.78431372549019	0.0
126.0	30.48395581273014	18.805891635981062	18.83219358232509	31.877958968963704	0.0
127.0	27.275139294242507	19.846113027328204	21.650305120721676	31.228442557707613	0.0
128.0	31.316631130063964	17.67057569296375	20.282515991471215	30.730277185501066	0.0
129.0	29.769560557341908	19.962486602357984	17.631296891747052	32.636655948553056	0.0
130.0	29.937854633882733	19.778438259929747	17.454741961631992	32.828965144555525	0.0
131.0	31.215921483097052	19.27480916030534	20.065430752453654	29.443838604143945	0.0
132.0	29.058888277380294	20.1430930104568	20.225646670335717	30.57237204182719	0.0
133.0	29.201331114808653	21.65834719911259	19.883527454242927	29.25679423183583	0.0
134.0	26.24965093549288	21.334822675230384	19.798938843898352	32.61658754537839	0.0
135.0	27.313516545148627	17.106001121704992	19.57375210319686	36.006730229949525	0.0
136.0	25.225988700564972	19.576271186440678	21.412429378531073	33.78531073446327	0.0
137.0	28.997443907980685	16.87020732746379	19.199091167282024	34.9332575972735	0.0
138.0	30.27181688125894	17.625178826895567	19.88555078683834	32.21745350500716	0.0
139.0	27.771395749569212	18.581275129236072	19.87363584147042	33.7736932797243	0.0
140.0	28.59207863544377	18.242266551026308	20.410523272622143	32.755131540907776	0.0
141.0	30.160116448326058	18.922852983988356	20.0	30.91703056768559	0.0
142.0	30.613442911652477	16.671558555914295	19.078368065746993	33.636630466686235	0.0
143.0	32.544378698224854	20.473372781065088	17.958579881656807	29.023668639053252	0.0
144.0	29.68609865470852	17.87742899850523	17.727952167414053	34.7085201793722	0.0
145.0	27.49171936163806	19.00030111412225	19.241192411924118	34.26678711231557	0.0
146.0	28.44619105199516	20.133010882708586	19.407496977025392	32.01330108827086	0.0
147.0	29.850746268656714	18.306427048431313	17.94090770636613	33.90191897654584	0.0
148.0	25.77477753912243	21.632402577477755	20.343663700521635	32.24915618287819	0.0
149.0	28.726035868893014	20.25355596784168	17.965367965367964	33.05504019789734	0.0
150.0	29.136802742287315	19.881583047678404	17.108133374883142	33.873480835151135	0.0
151.0	29.435736677115987	19.184952978056426	19.467084639498434	31.912225705329156	0.0
152.0	29.287515762925597	20.39722572509458	18.06431273644388	32.25094577553594	0.0
153.0	30.866941886313114	19.371228961575106	18.29152111781518	31.4703080342966	0.0
154.0	30.756946662408176	16.384541679974447	19.035451932290005	33.82305972532737	0.0
155.0	29.455365775056396	20.10957138253303	18.11150499516597	32.3235578472446	0.0
156.0	32.56568277651638	16.672072656503406	18.196561790463832	32.56568277651638	0.0
157.0	30.605564648117838	18.23240589198036	20.29459901800327	30.867430441898524	0.0
158.0	27.206611570247937	22.8099173553719	16.958677685950413	33.02479338842975	0.0
159.0	35.298035298035295	13.819513819513821	20.37962037962038	30.502830502830502	0.0
160.0	26.46267652992603	20.107599193006052	22.999327505043713	30.43039677202421	0.0
161.0	28.47480554616165	18.97193101115996	21.81264795400744	30.740615488670954	0.0
162.0	30.143051771117168	18.66485013623978	20.16348773841962	31.028610354223435	0.0
163.0	29.448063078505314	18.20363387041481	16.900925608501886	35.447377442577995	0.0
164.0	30.17241379310345	17.482758620689655	21.96551724137931	30.379310344827587	0.0
165.0	28.18371607515658	16.84064022268615	22.372999304105775	32.602644398051496	0.0
166.0	26.96078431372549	20.938375350140056	19.537815126050422	32.563025210084035	0.0
167.0	26.610049539985848	18.966737438075018	22.4345364472753	31.988676574663838	0.0
168.0	27.240398293029873	19.452347083926032	19.879089615931722	33.428165007112376	0.0
169.0	28.489620615604867	18.11023622047244	19.89978525411596	33.50035790980673	0.0
170.0	28.262436914203313	17.80821917808219	18.385003604902668	35.544340302811825	0.0
171.0	30.05822416302766	18.704512372634643	16.70305676855895	34.53420669577875	0.0
172.0	30.76358296622614	20.337738619676944	16.262848751835534	32.63582966226138	0.0
173.0	28.38685861941676	18.19859726836471	19.416758951642674	33.99778516057586	0.0
174.0	28.539493293591654	20.380029806259316	17.58569299552906	33.494783904619965	0.0
175.0	26.576576576576578	19.594594594594593	21.77177177177177	32.05705705705706	0.0
176.0	28.20996978851964	20.506042296072508	18.617824773413897	32.66616314199396	0.0
177.0	29.87409385730637	22.54864555513163	17.47424647081267	30.103014116749332	0.0
178.0	27.702962677953057	20.23855328972682	19.776837245094267	32.28164678722585	0.0
179.0	25.029103608847496	18.742724097788127	24.602250679084207	31.625921614280173	0.0
180.0	29.409464215877986	16.19084865076261	20.297223308564725	34.10246382479468	0.0
181.0	29.33280694828267	20.963284642716147	18.712988551125147	30.990919857876037	0.0
182.0	34.23566878980891	18.312101910828023	18.789808917197455	28.662420382165603	0.0
183.0	29.41649899396378	21.08651911468813	21.89134808853119	27.605633802816904	0.0
184.0	29.45956928078017	20.642015440877692	19.01665989435189	30.88175538399025	0.0
185.0	26.592683929305384	21.660501438553226	22.975750102753803	28.771064529387587	0.0
186.0	31.803143093465675	16.583953680727877	21.7535153019024	29.859387923904052	0.0
187.0	31.901584653878235	21.309424520433694	17.431192660550458	29.357798165137616	0.0
188.0	29.142136248948695	21.068124474348192	19.13372582001682	30.656013456686292	0.0
189.0	29.965899403239554	18.243819266837168	18.755328218243818	33.03495311167946	0.0
190.0	31.064196467040066	17.83713916415338	19.81904351572598	31.27962085308057	0.0
191.0	25.850043591979077	22.53705318221447	18.875326939843067	32.737576285963385	0.0
192.0	32.409850483729116	20.316622691292878	19.349164467897978	27.924362357080035	0.0
193.0	30.60133630289532	17.14922048997773	21.73719376391982	30.51224944320713	0.0
194.0	27.018493459630132	20.34280559314389	24.08660351826793	28.55209742895805	0.0
195.0	28.695652173913043	20.320366132723112	19.77116704805492	31.212814645308924	0.0
196.0	30.776383077638307	18.549511854951188	19.8512319851232	30.822873082287312	0.0
197.0	28.341993386868207	20.35899858290033	20.878601794992914	30.420406235238545	0.0
198.0	28.13706563706564	24.276061776061773	19.594594594594593	27.99227799227799	0.0
199.0	30.337078651685395	23.391215526046988	17.21144024514811	29.06026557711951	0.0
200.0	26.465364120781526	16.163410301953817	23.20899940793369	34.162226169330964	0.0
201.0	32.015503875968996	17.5968992248062	17.364341085271317	33.02325581395349	0.0
202.0	39.12704598597038	15.666406858924395	17.537022603273577	27.669524551831643	0.0
203.0	30.267295597484278	18.160377358490564	22.72012578616352	28.852201257861637	0.0
204.0	31.47410358565737	16.01593625498008	25.338645418326696	27.171314741035857	0.0
205.0	33.65539452495974	18.115942028985508	25.201288244766506	23.027375201288244	0.0
206.0	29.707792207792206	18.66883116883117	21.834415584415584	29.788961038961038	0.0
207.0	29.125412541254125	23.432343234323433	14.76897689768977	32.67326732673268	0.0
208.0	31.973355537052456	17.90174854288093	19.900083263946712	30.224812656119898	0.0
209.0	24.01673640167364	23.09623430962343	19.497907949790793	33.38912133891213	0.0
210.0	25.57154953429297	18.966977138018628	19.813717188823034	35.64775613886537	0.0
211.0	30.2901023890785	20.05119453924915	18.771331058020476	30.887372013651877	0.0
212.0	29.13793103448276	18.79310344827586	20.517241379310345	31.551724137931036	0.0
213.0	27.61324041811847	20.209059233449477	17.59581881533101	34.58188153310105	0.0
214.0	28.35820895522388	26.163301141352065	17.647058823529413	27.831431079894642	0.0
215.0	28.825622775800714	23.487544483985765	16.90391459074733	30.782918149466195	0.0
216.0	30.215827338129497	18.43525179856115	17.89568345323741	33.45323741007194	0.0
217.0	25.987144168962352	19.19191919191919	25.252525252525253	29.56841138659321	0.0
218.0	24.904214559386972	19.82758620689655	18.486590038314176	36.7816091954023	0.0
219.0	19.402985074626866	22.388059701492537	23.773987206823026	34.43496801705757	0.0
220.0	0.16474464579901155	29.489291598023065	25.04118616144975	45.30477759472817	0.0
