# Position (bp)	A	C	G	T	N
0.0	26.029034096181203	24.110754855448725	23.962561084697224	25.89764996367284	0.0
1.0	26.399151767316464	19.91899343641696	15.545235592275683	38.13661920399089	0.0
2.0	28.64585536151066	19.014449669409263	18.558101214916373	33.78159375416371	0.0
3.0	22.906992149249806	22.358199827233634	15.226319543474403	39.50848848004216	0.0
4.0	34.13470821286029	13.230958741393763	14.744959684810743	37.8893733609352	0.0
5.0	35.015036114780365	14.812216583594322	23.055954386989637	27.116792914635678	0.0
6.0	30.922531066228064	17.412862616504846	20.792479172794053	30.872127144473037	0.0
7.0	34.775541255640505	17.048341454372476	20.082217655253547	28.09389963473347	0.0
8.0	22.28596264831125	27.173139120811417	22.689743883316083	27.851154347561252	0.0
9.0	28.042713688495454	18.43771792059201	15.509072889202894	38.01049550170964	0.0
10.0	26.061515756510325	16.193258777888794	25.65982399317097	32.08540147242991	0.0
11.0	28.265114119977465	17.8266757593305	19.648511764641913	34.25969835605013	0.0
12.0	26.15545644752915	19.48181835844019	21.47642067882902	32.886304515201644	0.0
13.0	26.27698793983837	20.788727899102224	18.820958793785884	34.113325367273525	0.0
14.0	30.791615280123004	18.186407021504575	20.593967145440793	30.428010552931635	0.0
15.0	29.928663482279266	18.241405337097152	19.964498532298894	31.86543264832469	0.0
16.0	29.720449463683945	17.766911982044718	18.88611120852475	33.62652734574659	0.0
17.0	30.381797793640114	17.842157400267133	19.680941342420784	32.09510346367197	0.0
18.0	30.777538839429237	17.49447420278408	19.016073902291172	32.711913055495515	0.0
19.0	29.85621624541003	18.319351183612383	19.902119860648124	31.922312710329454	0.0
20.0	29.882548476048115	17.655546808014332	19.865315833417544	32.59658888252	0.0
21.0	29.013743713714526	18.463756892048973	19.66257598620313	32.85992340803337	0.0
22.0	29.875045928664463	18.969665636878908	22.431822433520892	28.723466000935744	0.0
23.0	29.822088208207177	20.302381985479517	21.079860951159272	28.795668855154037	0.0
24.0	32.1335448546638	19.56164595136761	18.354444532286433	29.950364661682155	0.0
25.0	29.321323718179393	21.106571974906302	19.269681998297386	30.302422308616922	0.0
26.0	32.5031247376705	16.720563223807954	21.58352137560062	29.19279066292093	0.0
27.0	26.295805403960244	21.176489851338367	25.1103418216796	27.417362923021788	0.0
28.0	26.391029103896475	19.60391193084655	18.290843947380996	35.71421501787598	0.0
29.0	28.001498554415523	19.797744030434437	17.359684951661723	34.84107246348832	0.0
30.0	26.495210896228638	19.22620275392594	16.37707620149919	37.901510148346226	0.0
31.0	34.22850708890291	14.190017365216862	17.902377628047745	33.679097917832486	0.0
32.0	34.457709386079074	15.574322163791496	22.528761907306546	27.439206542822888	0.0
33.0	31.021759709165615	17.767622016001933	20.79177597293065	30.418842301901805	0.0
34.0	33.30678263283818	16.387509976807937	21.800077960830432	28.50562942952345	0.0
35.0	25.968524416006378	20.45231556724958	25.765114334520355	27.814045682223682	0.0
