# Position (bp)	A	C	G	T	N
0.0	40.09200387384732	11.53732788749	24.654932839277443	23.686892079666514	0.028843319718725
1.0	30.393929888017045	17.00102951052985	19.95124036018131	32.64348408258822	0.010316158683573938
2.0	31.510740840426603	18.58892944857518	19.14594758268008	30.752279379605017	0.0021027487131177872
3.0	33.74424064748352	18.64161182069041	20.05241693302141	27.56110058759046	6.300112141996128E-4
4.0	33.602395767142504	17.439146382127376	19.738864736882945	29.219173686826426	4.1942702074695753E-4
5.0	32.29276179386547	18.279601419075423	19.238985201908296	30.18781387828957	8.377068612380469E-4
6.0	28.006317198677987	18.353972304731624	17.50261473455215	36.13688658327406	2.0917876417186126E-4
7.0	28.27899417369451	19.68973722087944	18.287997894257465	33.74306180813928	2.0890302930282793E-4
8.0	27.02294660805592	19.847648202056938	19.95253864055319	33.17624096023756	6.255890963991091E-4
9.0	32.10838607594937	17.380912724850102	19.392696535642905	31.11800466355763	0.0
10.0	29.63913402138973	20.959192451465842	19.547270804286256	29.853571569570647	8.311532875229347E-4
11.0	27.635281553599384	19.901085570313228	19.535288811471585	32.927929329061556	4.147355542422263E-4
12.0	28.482167072799587	18.69936709515932	21.177157456041375	31.641308375999717	0.0
13.0	31.70302734697927	18.16201514500182	18.42510995006779	31.70964088489137	2.0667305975331505E-4
14.0	29.74304691513925	19.364024092059896	18.00425469574386	32.88805528215731	6.190148996886355E-4
15.0	28.434301396054128	18.60402828369402	20.175413294654778	32.78584496711773	4.120584793393878E-4
16.0	29.538216560509557	19.345899372932404	19.9680294277391	31.147648907980713	2.057308382297273E-4
17.0	30.07010392310758	18.526173911971497	18.724034632817347	32.67968753210357	0.0
18.0	29.08665287967568	18.39742642834868	20.40638797249167	32.1091223923712	4.103271127743037E-4
19.0	28.589693416957445	19.114365740067246	19.882718616882862	32.41219775559002	0.001024470502420824
20.0	29.589461248507902	18.650633590427656	18.506901006742325	33.2525946597817	4.0949454041403995E-4
21.0	29.605452979105234	17.505069707194995	19.56610263829404	33.32235152561865	0.0010231497870825293
22.0	29.13537678740879	18.904404306141814	20.30467753018553	31.655336867249105	2.0450901475737053E-4
23.0	30.137674954683952	17.970290656209066	18.414357268244437	33.47685969497753	8.174258850167879E-4
24.0	28.62754625990482	19.468666991978147	19.751034633422286	32.15234377392622	4.083407685381605E-4
25.0	31.25172141532473	18.44847179123083	18.939954993277556	31.359647780572846	2.0401959404181175E-4
26.0	29.495120847215027	17.40774873892353	18.51345895843443	34.58265199182798	0.001019463599032733
27.0	29.54357421453112	17.822165526179578	19.11637043890073	33.51666714215264	0.0012226782359198412
28.0	31.422746177943072	17.80062163164048	19.31905671675839	31.45696443338235	6.110402757013724E-4
29.0	29.96171046926558	19.581603926254488	18.298365214134353	32.15709903370333	0.0012213566422463191
30.0	28.859989157505574	17.605194614622693	19.7533128711822	33.78089193783093	6.114188586032748E-4
31.0	30.160852163370773	18.297265247891122	19.785163066661497	31.75590311723778	8.164048388314797E-4
32.0	29.659600380901	18.560136993579448	19.194427075031776	32.5846094742994	0.0012260761883743456
33.0	31.841002635701628	17.256033125136206	19.624052730479978	31.278294729830304	6.167788518867265E-4
34.0	29.57873798482814	18.43479478457116	19.752448335790593	32.232165654934974	0.0018532398751328154
35.0	29.1379285399826	18.063010646455417	19.68550482304479	33.11293592904843	6.200614687602697E-4
36.0	30.807116771698535	17.63727982642828	19.581473537765927	31.97309472742781	0.0010351366794471542
37.0	29.681892349700718	18.858187804387537	19.741831684707904	31.71622218398121	0.0018659772226380356
38.0	29.134569277427307	19.622740208869153	19.12495822409323	32.11731712531942	4.15164290889012E-4
39.0	29.070650376229217	18.477982737351024	19.124135879390295	33.32515066851678	0.0020803385126827835
40.0	29.943903835145964	19.042098142269865	19.004423166987564	32.008117812353646	0.0014570432429619608
41.0	30.6508668641642	18.143523205959923	18.46310254455153	32.740632408761556	0.001874976562792965
42.0	29.474820923774818	17.532375480524678	20.045071338631264	32.94606449245753	0.001667764611702704
43.0	29.26739216140276	18.84388095878781	20.380811728066718	31.507080770217588	8.343815251242707E-4
44.0	30.618591342350935	18.387642782753158	19.788286022578095	31.20464501802199	8.348342958277069E-4
45.0	30.989304812834224	18.565340909090907	18.76859124331551	31.67550969251337	0.0012533422459893048
46.0	29.181742363911134	18.619034779137117	19.571965160246563	32.626212587710775	0.0010451089944170278
47.0	28.867978603450478	18.937452538695997	18.940799671980937	33.25272320672104	0.0010459791515435514
48.0	28.91941698777015	18.805285642486176	20.24899480650025	32.024836656056294	0.0014659071871335233
49.0	29.788428976177308	18.323023017988564	20.620630689533773	31.266240842260558	0.0016764740397994936
50.0	28.54245316692772	18.78782025170808	19.731620564978396	32.93726614958867	8.398667971259758E-4
51.0	29.0561632309634	19.860538493899874	19.755363904080774	31.326461926798487	0.001472444257467396
52.0	28.964211283548615	19.161509410009838	19.40567245337311	32.467972113787596	6.347392808403948E-4
53.0	29.375750732460666	18.584057673200732	19.370433375208403	32.66848713771532	0.0012710814148830924
54.0	29.971496920649464	18.90958755365535	19.82130435520266	31.296974941042738	6.362294497887719E-4
55.0	29.578242152009445	19.658186789392794	19.36332990854979	31.39896747021712	0.0012736798308553186
56.0	29.029241754505268	18.232531451887112	19.848903434206054	32.888048282896975	0.0012750765045902754
57.0	28.004307143601952	18.28684640053456	21.23183455801769	32.47573507661991	0.001276821225876059
58.0	28.88528212390589	18.77463358869798	19.820761316521356	32.518469859577884	8.531112968997936E-4
59.0	27.326251092575614	18.708527539316695	20.063214448284043	33.901579506380216	4.274134434350364E-4
60.0	28.40515286607853	18.241248598834574	20.909666544020126	32.44307631752334	8.556735434297107E-4
61.0	29.4998126839711	18.067968959058067	20.503933636606906	31.927856569440728	4.281509232004282E-4
62.0	28.849457804741157	18.05053919615429	20.47145923574247	32.62790109810071	6.426652613719618E-4
63.0	29.159689988958803	17.719939541415204	20.273135592311895	32.84680609302475	4.287842893436384E-4
64.0	28.704836210855188	18.310566363250118	20.973722496169742	32.010445769120174	4.291606047731243E-4
65.0	29.259282328405522	18.2534381181686	19.363000414528695	33.12342001207073	8.591268264499377E-4
66.0	28.74573413701081	17.856520776123638	20.862569861234462	32.53302482210787	0.002150403523221132
67.0	29.69678966424288	17.922688467847134	20.193860022989398	32.18537030579341	0.0012915391271778578
68.0	29.759439806086725	17.159601400484785	19.42127659574468	33.659682197683814	0.0
69.0	29.681412416459207	18.032083115807275	21.030491040802854	31.25536624196951	6.471849611473295E-4
70.0	30.22258702061711	18.07177648418347	19.79890488481851	31.905867614182498	8.63996198416727E-4
71.0	29.701137494053025	18.1594654210458	20.209766013580726	31.928117295964707	0.0015137753557372085
72.0	30.8482722785139	17.237594180306573	20.006495193556766	31.90698882826708	6.495193556767992E-4
73.0	29.987729050497343	18.145178774292578	19.83124192415426	32.0354166485999	4.336024559243104E-4
74.0	28.995801548260484	19.12401279941647	20.004081225062194	31.875453167942414	6.512593184354146E-4
75.0	30.399960008346085	18.014283975518154	20.038209417165113	31.54732925302546	2.1734594519404646E-4
76.0	30.238823342219007	18.393124538188413	20.51304406581646	30.853918232920876	0.0010898208552478142
77.0	30.55360407730472	17.912606743436125	19.39752411954392	32.13539234894468	8.727107705599748E-4
78.0	30.115674974504337	18.17344039692436	20.23820702697627	31.47224084503659	4.3675655844567073E-4
79.0	29.33185848446162	18.783555726552525	19.95330616813277	31.93084241268953	4.372081635508298E-4
80.0	29.8290162359055	17.69137988779122	19.130436686097802	33.347853782723	0.0013134074824824279
81.0	29.259768885928512	18.28688995131442	20.90981993786125	31.542644796865893	8.764280299212529E-4
82.0	29.756697828881272	19.087551053534373	19.653691428270605	31.501620990844366	4.386984693810403E-4
83.0	29.757283258824668	19.242339074453042	19.04867509244052	31.95082427957877	8.782947030046461E-4
84.0	29.65179662566709	18.227596029575967	20.299408304832912	31.819660456651516	0.0015385832725226612
85.0	29.303266967330327	18.777692223077768	20.534154658453417	31.38444615553844	4.3999560004399956E-4
86.0	29.2698931384444	18.75394978189497	20.1372267081224	31.838489977738092	4.403938001360817E-4
87.0	29.335598613507504	17.751599248138525	20.513786697869357	32.39879508249102	2.2035799359639672E-4
88.0	28.978061128820553	18.900078313718137	20.416496619274	31.704702132118552	6.618060687616506E-4
89.0	29.446603656920768	18.5639519477078	19.0451373553573	32.943865382916705	4.416570974295557E-4
90.0	28.731236044480802	18.124157141909667	21.147392390511353	31.99699334556629	2.2107753189043398E-4
91.0	30.09318783844491	18.168198405339435	19.345936890743843	32.39245556925133	2.212962204818504E-4
92.0	29.688164610803913	18.183530058131293	19.46755813129165	32.66030412590387	4.430738692754856E-4
93.0	29.91769921513749	17.750001663314162	20.68475317526674	31.647545946281607	0.0
94.0	30.304476578212476	17.958479659384032	19.9545815777907	31.781352252496237	0.0011099321165517516
95.0	29.864164913083762	18.23474382875846	20.222606887081113	31.677817750332753	6.666207439043087E-4
96.0	29.748924566156422	18.487452901113468	20.393873474707842	31.36930420431241	4.448537098575133E-4
97.0	29.08419313612419	19.376622566984462	20.641055898685025	30.897460446102944	6.679521033811735E-4
98.0	30.01292623133497	18.21952306663695	19.442389124136394	32.32449297971919	6.685981724983285E-4
99.0	29.762911368965415	17.608409986859396	20.21399775561153	32.41378848758112	8.924009825334817E-4
100.0	29.468234327118083	18.968274531176014	19.825961100340393	31.736413261978573	0.0011167793869327877
101.0	30.154474344467946	17.74241157081714	20.406803311314555	31.695863540208503	4.4723319185856696E-4
102.0	29.73953144763205	18.181085528156796	20.33512799561222	31.743359563012795	8.954655861381927E-4
103.0	30.571836497750805	18.78971398089022	18.838575485421117	31.799425765254092	4.482706837696875E-4
104.0	28.773962781533935	18.85427442391712	19.730095435991913	32.64144296167974	2.2439687729305558E-4
105.0	30.163604464921523	18.832147614672508	19.827522301020533	31.17650098054852	2.24638836909958E-4
106.0	29.60591133004926	18.645882538182963	19.410666486717503	32.33663989922847	8.997458218053399E-4
107.0	29.37634137388214	18.69872376649904	19.636024601331858	32.287784236140354	0.0011260221466035795
108.0	29.275768278325824	18.917712012341166	19.991023784715175	31.814368259381048	0.0011276652367871464
109.0	30.506296813995025	18.335392001228428	19.888086748576807	31.268643740558165	0.0015806956415704888
110.0	29.93033619962602	18.41466806250523	19.23543922562615	32.418425973450425	0.0011305387921775759
111.0	29.322583055406497	18.78287291441665	19.93307114247741	31.961246470725417	2.2641697402770892E-4
112.0	29.737119537493623	18.20279997732812	19.994332029700164	32.06506829904212	6.801564359802754E-4
113.0	28.40370630212129	18.83915820351967	19.877213416613877	32.87833275436553	0.0015893233796280529
114.0	28.05611723844595	18.38571958212309	21.11788668739523	32.43982158575779	4.5490627793408865E-4
115.0	29.191824830823215	19.30005240493062	20.04215179202078	31.465515277176515	4.5569504887329397E-4
116.0	28.885083844160587	18.851409198315125	20.13173064849377	32.13154800634682	2.2830268369804685E-4
117.0	29.435579791030026	17.932395835239436	20.775997730974034	31.855340445387835	6.861973686618236E-4
118.0	29.69526621792638	18.6684976982191	20.232058030555912	31.403490270161218	6.877831373915595E-4
119.0	29.030931246280367	18.366188639011376	20.021094186230872	32.58132636014991	4.595683274700074E-4
120.0	29.99636008440918	17.86023645628876	21.296270699140244	30.84644163694837	6.911232134464932E-4
121.0	29.45146470864043	18.102657794264044	20.185562867101048	32.259159770229104	0.00115485976537869
122.0	28.753969191431413	19.09126071479029	20.084629762161185	32.069213897439106	9.264341780096952E-4
123.0	28.43632378311983	18.641375899468503	20.424871885963995	32.49626745241728	0.001160979030396753
124.0	28.31467109996577	18.35464995797214	20.95152941833905	32.37751963434596	0.0016298893770795644
125.0	28.943889301547703	17.9777537968504	18.829154578877784	34.24756725949388	0.0016350632302309176
126.0	28.103562631392688	18.394624530384668	20.981815369399477	32.51905999592199	9.374729011739505E-4
127.0	28.888178207530974	18.83190635309942	20.708183521964365	31.571261613565444	4.703038397957E-4
128.0	29.312239949428715	19.108822613667456	19.299880176244706	32.27834964005699	7.076206021379577E-4
129.0	29.438524570763136	18.291384019654718	20.467509597769435	31.802345122060906	2.3668975180712623E-4
130.0	29.28338917005251	18.84287309620548	20.756765747142822	31.11649678047853	4.7520612065483404E-4
131.0	29.087833485233837	18.84194553531806	19.281423124824045	32.78855926744191	2.3858718214222658E-4
132.0	28.771493353658244	18.61766637425639	20.920037773655274	31.6896040956613	0.001198402768789757
133.0	29.11706122213043	18.436967867955385	20.639076285004805	31.806412921219767	4.817036896094106E-4
134.0	29.4054415246728	18.18223636108327	20.304276037051565	32.10780397340732	2.421037850505755E-4
135.0	28.945284806965653	18.241727186573474	21.288471049111873	31.524029712208655	4.8724514033878153E-4
136.0	28.57847092611168	19.07479576295504	20.89778460134842	31.44870345345161	2.452561332427521E-4
137.0	29.204346665876002	18.221059289787608	20.555736748994377	32.018610213379986	2.4708196202844406E-4
138.0	28.68611212095557	18.60971807909323	21.42095905896883	31.282961738238356	2.49002744010239E-4
139.0	27.912339089481947	19.8050863422292	21.084081632653064	31.198241758241757	2.511773940345369E-4
140.0	27.18997478491149	19.451350084261477	21.106929714524654	32.250731744402636	0.001013671899747849
141.0	28.613453768990894	18.91715440035639	20.06288052188785	32.405999252397706	5.120563671648975E-4
142.0	28.95098701843522	19.177394002014694	21.513713121143144	30.357646900402163	2.589580047803648E-4
143.0	29.71477837934161	17.984633043150122	21.393980052306354	30.90660852520191	0.0
144.0	27.892464198161115	18.80999101298066	20.240203351254195	33.05601199687316	0.0013294407308733361
145.0	27.161996904862395	18.86275337380821	19.196887546941117	34.77755051242925	8.116619590273043E-4
146.0	25.6315149964827	19.468595944401656	19.96963723164957	34.9291396381492	0.0011121893168655169
147.0	27.295801787798606	18.856006822858905	19.1048781694712	34.739820288690765	0.0034929311805234156
148.0	27.36991774233566	20.435590276673306	17.752196400511487	34.433389104835584	0.008906475643969998
149.0	27.2930128957563	20.084769867436915	15.164031295945387	37.44336323247215	0.014822708389252334
150.0	26.527963012358853	12.408642304614565	11.777362852316173	49.263803680981596	0.022228149728816572
