# Position (bp)	A	C	G	T	N
0.0	32.83772302463891	18.564146134239593	23.55564995751912	25.04248088360238	0.0
1.0	24.5964316057774	25.828377230246392	25.02124044180119	24.55395072217502	0.0
2.0	30.63082133784928	21.316680779000848	17.612193056731584	30.44030482641829	0.0
3.0	30.63937539565309	18.653724414433427	21.692340156151086	29.0145600337624	0.0
4.0	32.51792492619148	18.072543230704344	18.114719527625475	31.294812315478698	0.0
5.0	29.42664418212479	20.425801011804385	18.107082630691398	32.04047217537943	0.0
6.0	28.998946259220233	21.643835616438356	20.04214963119073	29.315068493150687	0.0
7.0	32.67326732673268	19.25426585211713	18.95934274278492	29.11312407836528	0.0
8.0	32.497893850042125	18.513058129738837	18.53411962931761	30.454928390901433	0.0
9.0	29.677962534203328	19.574826352346875	20.269416964849505	30.477794148600296	0.0
10.0	27.104377104377104	16.414141414141415	21.506734006734007	34.974747474747474	0.0
11.0	26.733921815889026	18.957545187053384	19.272803699033208	35.03572929802438	0.0
12.0	26.170972484772108	17.685360218441502	20.688930896870406	35.45473639991598	0.0
13.0	29.219143576826195	20.717884130982366	19.164567590260283	30.89840470193115	0.0
14.0	27.4501573976915	19.07660020986359	23.357817418677858	30.115424973767052	0.0
15.0	29.02347024308466	19.719195305951384	20.68315171835708	30.574182732606875	0.0
16.0	25.141302072430392	20.07536110529621	20.284697508896798	34.49863931337659	0.0
17.0	29.98745294855709	20.117105813467166	19.510664993726472	30.384776244249267	0.0
18.0	27.095964875601087	21.20008362952122	18.628475851975747	33.07547564290195	0.0
19.0	28.20137873407144	23.54292876540631	18.383120952579905	29.872571547942346	0.0
20.0	27.17028380634391	19.67863105175292	19.908180300500835	33.242904841402336	0.0
21.0	27.30496453900709	21.04714226115978	20.442219440967875	31.20567375886525	0.0
22.0	27.422379662429673	18.48301729526985	22.06709731193999	32.02750573036049	0.0
23.0	27.768526228143216	18.50541215653622	20.170691090757703	33.55537052456287	0.0
24.0	31.114808652246257	17.13810316139767	18.427620632279535	33.31946755407654	0.0
25.0	30.176531671858775	18.15160955347871	19.646936656282453	32.02492211838006	0.0
26.0	34.496365524402904	16.656282450674976	17.07165109034268	31.775700934579437	0.0
27.0	28.61295681063123	19.435215946843854	16.424418604651162	35.527408637873755	0.0
28.0	27.584059775840597	20.713989207139893	15.462847654628476	36.239103362391035	0.0
29.0	31.426202321724713	14.904643449419568	17.309286898839137	36.359867330016584	0.0
30.0	28.047509897895395	19.441550322983954	18.628881016878516	33.88205876224213	0.0
31.0	32.24260108378491	14.255939974989579	18.507711546477697	34.99374739474781	0.0
32.0	27.77662012919358	19.149822879766617	19.545738695561575	33.52781829547823	0.0
33.0	28.726061615320564	22.31473771856786	17.318900915903416	31.64029975020816	0.0
34.0	31.662159350946535	17.4537133347202	19.28437695028084	31.599750364052426	0.0
35.0	27.242386316228618	21.75636211931581	17.83479349186483	33.166458072590736	0.0
36.0	29.1875	16.333333333333332	18.645833333333332	35.833333333333336	0.0
37.0	31.770833333333332	19.5	19.041666666666668	29.6875	0.0
38.0	30.222870235367633	19.704228285773798	18.10039575088523	31.97250572797334	0.0
39.0	33.201498751040795	18.401332223147378	16.902581182348044	31.49458784346378	0.0
40.0	28.964367576578454	19.67076474265472	18.274640550114608	33.09022713065222	0.0
41.0	29.60183447988326	14.738378153012299	24.515322076297686	31.144465290806757	0.0
42.0	33.27776620129194	17.691185663679935	18.628881016878516	30.402167118149613	0.0
43.0	34.757241091894144	18.19128985205251	17.62867264013336	29.422796415919983	0.0
44.0	31.60308526162185	19.678966020429435	16.260162601626014	32.4577861163227	0.0
45.0	32.82571912013537	14.657360406091371	19.014382402707277	33.50253807106599	0.0
46.0	32.963516108384894	16.727117559206313	17.196500960102412	33.11286537230637	0.0
47.0	31.45299145299145	16.923076923076923	19.594017094017094	32.02991452991453	0.0
48.0	28.550074738415542	19.666880204996797	17.48878923766816	34.294255818919495	0.0
49.0	29.72684592402902	18.608621425522834	19.419547588561674	32.244985061886474	0.0
50.0	28.175026680896476	22.668089647812167	17.630736392742797	31.52614727854856	0.0
51.0	30.317900576061447	18.711329208448902	17.068487305312566	33.902282910177085	0.0
52.0	28.56533788104882	17.86399488382008	21.125559582178642	32.44510765295246	0.0
53.0	30.641380779884937	19.177498401875134	20.34945663754528	29.831664180694652	0.0
54.0	28.14435191116805	23.08349348708093	18.556480888319456	30.215673713431563	0.0
55.0	28.79726554155095	17.752616962187567	20.358897671437724	33.09121982482375	0.0
56.0	27.595044852627083	19.69243912857753	20.52541648868005	32.18709953011534	0.0
57.0	31.11111111111111	17.905982905982906	18.632478632478634	32.35042735042735	0.0
58.0	29.771318657832868	19.128018807437485	18.422739901688395	32.67792263304125	0.0
59.0	27.126977340743906	16.844805472424113	22.637879435656263	33.390337751175714	0.0
60.0	28.085561497326207	17.88235294117647	21.219251336898395	32.81283422459893	0.0
61.0	29.148845166809238	18.242087254063303	20.209580838323355	32.39948674080411	0.0
62.0	27.383758302978357	19.412899078637242	21.384186843796872	31.819155774587532	0.0
63.0	31.961414790996784	18.327974276527332	19.614147909967848	30.09646302250804	0.0
64.0	27.385803131031526	17.413682178854813	23.31117306455072	31.889341625562945	0.0
65.0	30.066480806347844	18.957752519837015	20.844949603259703	30.130817070555437	0.0
66.0	29.91636285653013	16.12695689470298	21.55264850954321	32.404031739223676	0.0
67.0	29.05854600042891	18.507398670383875	18.37872614196869	34.05532918721853	0.0
68.0	26.8067767531632	18.12138108513832	21.338194295517905	33.73364786618057	0.0
69.0	27.633555031109204	20.038618322248443	20.9826217549882	31.34520489165415	0.0
70.0	28.062647500536364	18.579703926196096	20.21025531001931	33.14739326324823	0.0
71.0	28.185328185328185	21.14972114972115	19.96996996996997	30.694980694980696	0.0
72.0	29.37137953228921	19.738253593649432	18.686977043552886	32.20338983050847	0.0
73.0	28.7001287001287	18.16816816816817	20.656370656370658	32.47533247533247	0.0
74.0	28.243619987132746	18.636071198799055	21.72421188076346	31.39609693330474	0.0
75.0	29.723354063907355	19.558224319107868	22.260347415826722	28.458074201158052	0.0
76.0	29.93138936535163	18.674957118353344	18.39622641509434	32.997427101200685	0.0
77.0	28.724544480171488	19.056806002143624	17.942122186495176	34.27652733118971	0.0
78.0	28.865537207806135	19.62256058331546	18.485953248981343	33.025948959897065	0.0
79.0	27.385803131031526	19.493888054900278	18.678962041604116	34.44134677246408	0.0
80.0	28.72774082814847	16.71315168418794	21.2400772366445	33.31903025101909	0.0
81.0	26.576576576576578	19.154869154869157	19.026169026169025	35.24238524238525	0.0
82.0	29.815529815529818	17.138567138567137	20.742170742170742	32.3037323037323	0.0
83.0	28.479519622560584	19.87990564014583	22.281792837229254	29.358781900064336	0.0
84.0	27.4989274989275	18.79021879021879	20.484770484770483	33.226083226083226	0.0
85.0	28.807378807378807	17.953667953667953	20.84942084942085	32.38953238953239	0.0
86.0	29.858429858429858	18.082368082368085	20.742170742170742	31.31703131703132	0.0
87.0	31.609442060085836	17.918454935622318	21.50214592274678	28.96995708154507	0.0
88.0	31.007086106935795	19.132488726648056	17.393171569680053	32.46725359673609	0.0
89.0	31.47153598281418	16.713211600429645	18.625134264232006	33.190118152524164	0.0
90.0	31.09153416415986	16.287064890416847	20.369574559518693	32.2518263859046	0.0
91.0	29.329608938547487	19.703480876665232	16.351525569402664	34.61538461538461	0.0
92.0	28.98581865062312	18.693596905887407	16.84572410829394	35.47486033519553	0.0
93.0	32.07993124194242	16.75977653631285	19.660507090674688	31.499785131070045	0.0
94.0	29.759346798452945	17.554791577137944	20.068758057584873	32.617103566824234	0.0
95.0	30.746076112663946	17.35110728875511	21.22124274349602	30.681573855084928	0.0
96.0	28.10752688172043	17.892473118279568	19.978494623655916	34.02150537634409	0.0
97.0	30.06240585323865	18.119216698945557	20.03443081557994	31.78394663223585	0.0
98.0	31.274214377959535	19.328454584588894	18.68273783900129	30.71459319845028	0.0
99.0	31.080499354283255	17.864829961256994	18.8334050796384	32.221265604821355	0.0
100.0	31.41440275981026	15.4376886589047	19.27554980595084	33.87235877533419	0.0
101.0	31.1284046692607	18.071768266320795	20.57933419801124	30.220492866407263	0.0
102.0	30.034647033347774	16.587267215244694	21.048072758770033	32.330012992637506	0.0
103.0	25.700021706099413	20.316909051443453	19.644019969611463	34.33904927284567	0.0
104.0	27.04935855620787	18.02565775168515	20.091324200913242	34.833659491193735	0.0
105.0	29.15394679459224	16.681203663323156	18.970780636720452	35.19406890536415	0.0
106.0	31.053321678321677	18.793706293706293	18.116258741258743	32.03671328671329	0.0
107.0	29.772329246935204	19.680385288966725	18.607705779334502	31.939579684763576	0.0
108.0	34.82652613087396	16.469038208168644	17.30346947738252	31.40096618357488	0.0
109.0	29.495927801012545	19.04028175214616	19.41448382126348	32.04930662557781	0.0
110.0	25.573698146513678	19.991173874669023	19.483671668137685	34.95145631067961	0.0
111.0	32.39000663276586	17.996904709263763	19.67720539464957	29.935883263320807	0.0
112.0	27.009076820898827	19.769758689395616	19.9025902147443	33.31857427496126	0.0
113.0	28.49545756702858	17.194770662530466	17.66009306448039	36.64967870596056	0.0
114.0	29.65593784683685	16.9811320754717	20.244173140954494	33.11875693673696	0.0
115.0	26.352103271756068	22.568439795237037	17.627420431782774	33.45203650122413	0.0
116.0	29.957617666741022	17.82288645995985	18.35824224849431	33.86125362480482	0.0
117.0	30.67978533094812	18.805903398926656	19.968694096601073	30.545617173524146	0.0
118.0	28.504043126684635	17.273135669362087	21.024258760107816	33.19856244384546	0.0
119.0	25.725208005396897	18.68675511580841	24.735776928266247	30.852259950528442	0.0
120.0	26.51498085154314	21.53638206803334	21.040774949312908	30.90786213111061	0.0
121.0	28.22653429602888	19.855595667870034	18.907942238267147	33.00992779783393	0.0
122.0	27.50113173381621	16.953372566772295	19.82797645993662	35.717519239474875	0.0
123.0	29.55163043478261	16.508152173913043	19.202898550724637	34.73731884057971	0.0
124.0	28.86621315192744	17.64172335600907	19.65986394557823	33.832199546485256	0.0
125.0	27.912786736316146	19.305019305019304	18.192141721553487	34.59005223711106	0.0
126.0	30.60992262175694	18.411470186618114	18.639053254437872	32.33955393718707	0.0
127.0	28.115015974440894	17.183934276586033	20.880876312186217	33.82017343678685	0.0
128.0	29.617761501487756	17.532616159304187	20.553902494850078	32.295719844357976	0.0
129.0	31.64179104477612	17.336394948335247	18.346727898966705	32.67508610792193	0.0
130.0	30.919990777034815	19.045423103527785	16.278533548535854	33.756052570901545	0.0
131.0	31.20960295475531	19.159741458910435	19.64450600184672	29.98614958448754	0.0
132.0	29.63134709019244	15.859030837004406	22.095988870855553	32.4136332019476	0.0
133.0	28.697674418604652	19.953488372093023	19.232558139534884	32.11627906976744	0.0
134.0	26.14775110696807	18.59706362153344	20.15847121883011	35.096714052668375	0.0
135.0	27.927085767702735	16.896471138116382	21.640570226688478	33.53587286749241	0.0
136.0	25.879868606288127	17.17503519474425	19.75598310652276	37.18911309244486	0.0
137.0	28.762935089369705	16.345249294449673	19.77892756349953	35.11288805268109	0.0
138.0	26.756247053276756	16.80810938236681	19.919849127769922	36.51579443658652	0.0
139.0	28.59171597633136	19.19526627218935	20.16568047337278	32.04733727810651	0.0
140.0	30.159107100451198	17.810496319164095	21.13512229874139	30.895274281643314	0.0
141.0	30.816861157418433	18.575851393188856	20.409621338413906	30.197666110978805	0.0
142.0	32.58587786259542	18.869274809160306	17.962786259541986	30.582061068702288	0.0
143.0	34.86480019143336	18.353673127542475	18.592964824120603	28.188561856903565	0.0
144.0	31.725461963042957	18.430525557955363	17.59059275257979	32.25341972642188	0.0
145.0	31.013725018059233	19.287262220081868	18.637129785697088	31.061882976161808	0.0
146.0	29.780033840947546	19.603577471597777	18.3949722020788	32.221416485375876	0.0
147.0	28.30828889966069	18.031992244304412	19.36500242365487	34.29471643238003	0.0
148.0	28.20263029712616	17.31612274719922	20.43351193375548	34.047735021919145	0.0
149.0	28.94801073956554	20.600439345862824	18.354893824749816	32.09665608982182	0.0
150.0	28.928046989721	18.28193832599119	19.848262359275576	32.94175232501224	0.0
151.0	28.757048296151016	18.166217210100516	21.230693797499388	31.846040696249077	0.0
152.0	28.374723383329236	17.60511433489058	18.146053602163757	35.87410867961643	0.0
153.0	29.63510848126233	17.45562130177515	20.118343195266274	32.790927021696255	0.0
154.0	30.963586821897447	17.785484270497896	19.791924696556848	31.45900421104781	0.0
155.0	28.507462686567166	20.37313432835821	17.960199004975124	33.1592039800995	0.0
156.0	29.867533116720818	16.770807298175455	19.570107473131717	33.79155211197201	0.0
157.0	28.986960882647946	17.753259779338016	21.489468405215646	31.770310932798395	0.0
158.0	27.93155510820332	19.753397081026673	19.904378459989935	32.41066935078007	0.0
159.0	32.92898660601466	15.89588071771544	19.56027293404094	31.614859742228962	0.0
160.0	28.237684103605893	18.0802437785678	21.889283900457084	31.79278821736922	0.0
161.0	28.786333503314637	17.950025497195305	20.295767465578788	32.967873533911266	0.0
162.0	31.881086622245004	17.35007688364941	21.091747821629934	29.677088672475655	0.0
163.0	28.336333247621496	18.23090768835176	19.85086140395989	33.58189766006686	0.0
164.0	28.250193848539674	17.31713621090721	20.44455931765314	33.988110622899974	0.0
165.0	28.82719252724442	17.72184743124027	22.65179034769071	30.799169693824595	0.0
166.0	28.19578234834679	18.432699817755793	20.67170007810466	32.699817755792765	0.0
167.0	29.42715145173947	17.15929897985875	22.050745487836778	31.362804080565	0.0
168.0	27.179621848739494	19.11764705882353	21.376050420168067	32.32668067226891	0.0
169.0	25.87615283267457	17.575757575757574	22.028985507246375	34.51910408432148	0.0
170.0	26.76727561556791	17.077045274027007	20.49245432883241	35.66322478157268	0.0
171.0	30.560722827531222	17.326601116130746	17.167153866595804	34.94552218974223	0.0
172.0	29.655356665776118	19.6366550895004	16.377237510018702	34.330750734704786	0.0
173.0	29.051330287557107	18.140284869658693	19.59150765923139	33.2168771835528	0.0
174.0	31.039136302294196	18.083670715249664	19.298245614035086	31.57894736842105	0.0
175.0	27.869742198100404	18.616010854816825	22.008141112618723	31.506105834464044	0.0
176.0	29.35554341889678	17.012561441835064	18.51447296559257	35.117422173675585	0.0
177.0	26.41405820977485	20.757825370675455	19.33003844041735	33.49807797913235	0.0
178.0	27.19249862107005	19.69111969111969	20.049641478212905	33.06674020959735	0.0
179.0	28.278347657332965	18.990851122816746	20.986969780981426	31.743831438868863	0.0
180.0	29.720670391061454	16.368715083798882	19.217877094972067	34.6927374301676	0.0
181.0	29.516038266741703	18.767585818795723	18.458075407990997	33.258300506471585	0.0
182.0	30.458144796380086	18.523755656108598	19.230769230769234	31.78733031674208	0.0
183.0	29.22114837976123	21.944286526435477	18.959636156907333	29.874928936895962	0.0
184.0	30.97623819066705	19.2098482679645	17.578013169195533	32.235900372172914	0.0
185.0	28.341013824884794	19.412442396313363	23.099078341013826	29.147465437788018	0.0
186.0	29.056603773584904	17.764876632801162	20.319303338171263	32.85921625544267	0.0
187.0	28.72184849371161	22.550453348932436	17.75372916057327	30.973968996782688	0.0
188.0	28.987639788110652	18.157739846968806	19.864626250735725	32.98999411418481	0.0
189.0	29.235781990521325	19.431279620853083	19.075829383886255	32.257109004739334	0.0
190.0	31.12701252236136	17.352415026833633	18.813357185450208	32.7072152653548	0.0
191.0	27.736131934032983	19.280359820089956	18.980509745127435	34.00299850074963	0.0
192.0	31.96498641714458	17.65771204346514	18.834892846362813	31.54240869302747	0.0
193.0	29.386763812993323	18.822100789313904	20.916818457802062	30.87431693989071	0.0
194.0	29.08256880733945	18.470948012232416	20.611620795107033	31.8348623853211	0.0
195.0	28.166409861325114	20.431432973805855	19.907550077041602	31.494607087827426	0.0
196.0	29.9658066521604	19.614547715262667	17.811625738265466	32.60801989431147	0.0
197.0	28.602825745682885	20.125588697017267	19.843014128728413	31.428571428571427	0.0
198.0	27.96420581655481	21.668264621284756	20.389900926813677	29.977628635346754	0.0
199.0	30.523841504365347	21.457353928811283	18.468770987239758	29.550033579583612	0.0
200.0	23.49941153393488	19.066300510003924	21.734013338564143	35.70027461749706	0.0
201.0	31.393396754336877	17.515388919977617	18.41074426412983	32.68047006155568	0.0
202.0	31.439820022497187	20.3037120359955	19.51631046119235	28.74015748031496	0.0
203.0	31.391402714932127	19.230769230769234	18.834841628959275	30.542986425339368	0.0
204.0	32.11845102505695	17.14123006833713	22.209567198177677	28.530751708428248	0.0
205.0	30.857800805987335	16.753022452504318	23.488773747841105	28.90040299366724	0.0
206.0	29.692039511911677	22.138291690877395	21.324811156304474	26.84485764090645	0.0
207.0	28.554710356933878	19.485078993563487	20.53832650672908	31.421884142773553	0.0
208.0	26.96629213483146	17.622708456534593	23.122412773506802	32.28858663512714	0.0
209.0	27.959547888161808	18.32242712671029	18.917311124330755	34.800713860797146	0.0
210.0	28.305288461538463	17.127403846153847	21.334134615384613	33.23317307692308	0.0
211.0	31.854103343465045	18.237082066869302	18.541033434650455	31.367781155015194	0.0
212.0	26.65441176470588	18.137254901960784	22.855392156862745	32.35294117647059	0.0
213.0	29.666254635352285	19.839307787391842	16.81087762669963	33.683559950556244	0.0
214.0	31.359102244389025	22.13216957605985	19.638403990024937	26.870324189526183	0.0
215.0	27.3989898989899	19.318181818181817	17.234848484848484	36.04797979797979	0.0
216.0	29.243483788938335	18.62682771773681	23.394787031150667	28.73490146217419	0.0
217.0	25.0	20.876288659793815	22.6159793814433	31.507731958762886	0.0
218.0	25.233022636484687	18.508655126498002	20.372836218375497	35.885486018641814	0.0
219.0	22.937771345875543	22.720694645441387	22.720694645441387	31.620839363241675	0.0
220.0	12.67123287671233	25.11415525114155	21.232876712328768	40.98173515981735	0.0
