# Position (bp)	A	C	G	T	N
0.0	25.810268908747602	22.179685500294912	23.921712647131923	28.088332943825563	0.0
1.0	26.354095952457797	20.37051463250869	17.656201891152982	35.619187523880534	0.0
2.0	26.850107542831715	20.420529555736856	18.219609879107026	34.50975302232441	0.0
3.0	25.829209067823317	20.422992085117425	16.520417431277686	37.22738141578157	0.0
4.0	32.7263292499861	15.09627680275765	18.20530402713171	33.97208992012454	0.0
5.0	33.63808521440721	16.69674655440136	22.11520288173972	27.549965349451703	0.0
6.0	31.867280805445724	17.732701407751343	20.887265019658123	29.51275276714481	0.0
7.0	30.999907364520613	19.22075034738305	21.090134321445113	28.689207966651225	0.0
8.0	25.481412315707175	24.29756598229603	19.985697505956285	30.23532419604051	0.0
9.0	28.767118211999048	17.961154256580507	18.13678266540194	35.1349448660185	0.0
10.0	27.106304463809355	17.692957495998577	23.985935740115004	31.214802300077064	0.0
11.0	27.066128715549088	19.653740279275173	19.682638479806457	33.59749252536929	0.0
12.0	26.765953505603406	19.606927850328795	20.70056497175141	32.92655367231638	0.0
13.0	27.68386697636856	20.35919492325987	19.167435364548023	32.78950273582355	0.0
14.0	30.08908892222778	19.001315033987147	19.123557629975366	31.78603841380971	0.0
15.0	29.241613820897292	18.17659870799502	19.180791797546377	33.40099567356131	0.0
16.0	30.239336879064876	17.878042637668706	19.963999466658766	31.918621016607652	0.0
17.0	30.309079058468008	18.001836846549246	19.296887730161316	32.39219636482142	0.0
18.0	30.159217980523568	17.429555300477652	20.031843596104714	32.37938312289406	0.0
19.0	30.211352858205885	18.21284850638797	20.149786944176043	31.426011691230098	0.0
20.0	29.52328779292501	18.389638847658635	19.50007958158593	32.58699377783042	0.0
21.0	29.10660157739098	17.887954166096087	19.83582106124141	33.169623195271534	0.0
22.0	29.442960024277053	18.174113850503677	20.53927627732094	31.84364984789833	0.0
23.0	30.121636673808705	18.24402085623041	19.062579792843902	32.571762677116986	0.0
24.0	30.38111448235033	17.82912750684526	19.32102419891956	32.46873381188485	0.0
25.0	29.77100931280594	18.021037987516326	20.208085898332424	31.999866801345306	0.0
26.0	29.667833332100074	18.251777746535154	19.882642830187283	32.19774609117749	0.0
27.0	29.546085174236847	17.825840846784786	20.015316711864532	32.612757267113835	0.0
28.0	29.885831403393244	17.737197652995537	20.45822820400885	31.91874273960237	0.0
29.0	29.69701453886279	18.279382930709186	19.79874958381118	32.22485294661685	0.0
30.0	29.507972328067773	18.161000332951055	19.681846768525027	32.649180570456146	0.0
31.0	30.27179804003537	18.011475670616438	19.915948666535954	31.800777622812245	0.0
32.0	29.83892448614173	18.632078961776934	19.607632774464683	31.921363777616644	0.0
33.0	29.98997436248414	17.469765858819784	20.11120688698406	32.42905289171202	0.0
34.0	29.77172666395353	18.483110732916497	20.613415220688893	31.131747382441084	0.0
35.0	29.674850893161064	18.24579318918439	19.298050881321316	32.78130503633323	0.0
36.0	29.271352135398548	18.458561205384562	19.620801172230568	32.649285486986315	0.0
37.0	29.4816766325262	18.446583979634124	19.77495411757741	32.29678527026227	0.0
38.0	29.170521236521342	18.855692305415147	20.06016829360351	31.91361816446	0.0
39.0	29.52567385544487	18.122307908642814	20.043221480483727	32.30879675542859	0.0
40.0	29.92924388655338	18.48540470128486	20.702084196814493	30.883267215347267	0.0
41.0	30.695872282789704	18.01925823952158	19.627195417101497	31.657674060587222	0.0
42.0	29.67451843902078	18.780230557148936	19.60512924893141	31.940121754898875	0.0
43.0	29.266342965419234	18.70336925627665	20.947196234012317	31.0830915442918	0.0
44.0	29.147761337646095	19.22163090382893	19.56877345432744	32.06183430419754	0.0
45.0	29.38805721581762	18.380118798689885	19.725763771950927	32.50606021354157	0.0
46.0	30.08219745894753	18.35656895001166	20.03197595881615	31.52925763222466	0.0
47.0	30.01646958677992	18.693166046744018	19.67393919206499	31.616425174411074	0.0
48.0	29.982937743118654	17.96348454958973	19.634549404671578	32.41902830262004	0.0
49.0	29.545277885736493	18.79851202043196	20.219865637665873	31.436344456165678	0.0
50.0	29.76560649135276	19.243440535418145	19.238998460080552	31.751954513148544	0.0
51.0	29.565655182115343	18.621705764980696	19.642691879125312	32.169947173778645	0.0
52.0	30.063748028697717	18.382902793511178	20.075446273220646	31.47790290457046	0.0
53.0	30.873800065896884	18.58069961757596	19.362577234478138	31.182923082049026	0.0
54.0	29.726968143198267	17.728004738722397	19.796753234733355	32.74827388334598	0.0
55.0	29.415945977964697	18.597100462030568	20.326753346759862	31.660200213244877	0.0
56.0	28.973118259665544	18.4784661007223	19.68094361905749	32.867472020554665	0.0
57.0	28.74438166887574	17.92053254744574	19.96053284363453	33.37455294004398	0.0
58.0	29.29196069574747	17.92201349139942	20.460721663988625	32.32530414886449	0.0
59.0	29.13926900065162	18.19834429239974	20.549360227474676	32.113026479473966	0.0
60.0	29.64708582937792	17.931164705621004	19.680925899871895	32.740823565129176	0.0
61.0	29.066977674108628	18.289459069199157	20.30212151505054	32.341441741641674	0.0
62.0	29.066560034359302	18.78579865006461	19.795843561519067	32.351797754057024	0.0
63.0	28.66616065312772	17.984708517688873	20.104781827943054	33.244349001240344	0.0
64.0	29.275291486628085	18.444466660002	20.60678092868436	31.67346092468556	0.0
65.0	29.598815143941497	18.129408497639545	20.437285939090994	31.834490419327967	0.0
66.0	29.211394547117482	17.994586368163993	20.230394099067244	32.56362498565129	0.0
67.0	29.107774342263614	18.152228249800967	20.57766010627465	32.16233730166077	0.0
68.0	29.54363668681123	18.570772603389027	19.61947505628629	32.26611565351345	0.0
69.0	28.887457044673535	18.208244460244106	19.837584429434767	33.06671406564759	0.0
70.0	29.047500898025085	17.61166062428482	21.197095212878235	32.14374326481186	0.0
71.0	29.575534932638114	18.201781997822497	20.11154150958768	32.11114155995171	0.0
72.0	29.974336279908602	17.809436694305468	19.717736111779757	32.49849091400617	0.0
73.0	29.636734648529938	18.2928861615492	20.476033523070257	31.594345666850604	0.0
74.0	29.91493191219877	18.099096730230094	19.86860183912984	32.11736951844129	0.0
75.0	29.169228262238256	18.288310976467887	20.045997614938486	32.496463146355374	0.0
76.0	28.90957171004874	18.234544673412245	21.061539829039567	31.794343787499447	0.0
77.0	29.463921954977444	17.648278876139823	20.256446344046992	32.631352824835744	0.0
78.0	29.96492449692395	17.6233105793199	19.47042286907985	32.941342054676305	0.0
79.0	30.682302219028607	18.064841119626053	20.09756169832915	31.15529496301619	0.0
80.0	30.08745318976342	18.475551258829586	19.747530308586413	31.68946524282058	0.0
81.0	29.554487903718712	18.180538526220648	19.593716082812577	32.67125748724806	0.0
82.0	29.248749768475648	18.443415447305057	20.499722170772365	31.808112613446937	0.0
83.0	31.08644755949382	18.085232492665146	18.995421272560232	31.832898675280795	0.0
84.0	29.696599244276506	17.673927539453214	19.54989997777284	33.079573238497446	0.0
85.0	29.932058472686318	17.758892782787157	20.617326941742178	31.691721802784343	0.0
86.0	29.888825911231137	18.686952881598298	19.668292972063853	31.755928235106712	0.0
87.0	29.364170843660048	17.69081728293527	20.50931534355076	32.43569652985393	0.0
88.0	29.848921556278384	18.302053155309235	19.860628468543233	31.98839681986915	0.0
89.0	30.017412566686424	18.592916419679906	19.969620628334322	31.420050385299348	0.0
90.0	29.65707341652094	18.03810130709268	20.06098283885118	32.2438424375352	0.0
91.0	29.608977873942234	18.53075862886613	20.561080071728142	31.29918342546349	0.0
92.0	29.573764903778464	18.479203254562833	19.957910025268806	31.989121816389893	0.0
93.0	29.855535341783597	17.55288206807883	20.25061783743928	32.34096475269829	0.0
94.0	29.833154866223772	18.030612358322433	21.225976412699943	30.910256362753852	0.0
95.0	29.89499347877638	18.598085131610148	19.782650580981738	31.724270808631726	0.0
96.0	29.81158641643663	18.596439224113976	20.181929340274564	31.41004501917483	0.0
97.0	29.35226047421603	18.3672561944886	21.10368797637442	31.176795354920944	0.0
98.0	29.33719693629131	18.494899377105188	19.958201942423916	32.20970174417958	0.0
99.0	29.60406128990421	18.185388990791694	20.017786671113335	32.19276304819076	0.0
100.0	29.6879239154269	18.462922150080463	21.28859140220538	30.560562532287257	0.0
101.0	29.847902365176015	18.163716566672758	19.927437607902068	32.060943460249156	0.0
102.0	30.18670991819004	17.752647841741474	19.946010685228778	32.114631554839704	0.0
103.0	29.29947830282561	17.948418322728507	20.678658665299597	32.07344470914629	0.0
104.0	30.18002665939592	18.39308976339786	19.627222878608862	31.799660698597354	0.0
105.0	30.049008043711524	17.387201595044406	19.962026376068245	32.60176398517583	0.0
106.0	28.8900353491927	18.088468520110826	21.454858125537406	31.56663800515907	0.0
107.0	29.62906092491008	18.657509951977154	19.83332117726995	31.880107945842816	0.0
108.0	28.837963980005167	18.37574720484686	20.929829226838095	31.856459588309882	0.0
109.0	28.737419449666195	18.423882352031068	20.894737249259286	31.943960949043454	0.0
110.0	29.299108407826758	18.10044676647427	20.322634486024477	32.277810339674495	0.0
111.0	28.847352753230155	17.746372406913856	20.141518991287544	33.26475584856844	0.0
112.0	29.454650703443097	18.123682388694846	20.63550422222309	31.786162685638963	0.0
113.0	30.14416672888089	17.861114276396187	20.070963508410706	31.923755486312217	0.0
114.0	29.441884887030746	17.8074133731282	20.08061618877295	32.670085551068105	0.0
115.0	29.62504611064174	17.712832839503236	21.592473156665122	31.069647893189906	0.0
116.0	30.100995607846887	18.210297247530907	19.49964527983037	32.18906186479183	0.0
117.0	29.431227793288816	18.01011844914538	20.43598258312871	32.122671174437095	0.0
118.0	29.670816534491163	18.031585179695586	20.72933490681929	31.56826337899396	0.0
119.0	29.874466462177647	18.374393430384472	19.63378613045101	32.11735397698688	0.0
120.0	29.387900764611295	17.752600662881896	20.05833032520592	32.801168247300886	0.0
121.0	29.790403013682713	17.500020743961432	20.76968394500361	31.93989229735224	0.0
122.0	29.363540197461212	17.90373765867419	19.90731412452146	32.825408019343136	0.0
123.0	28.5159569044625	17.677072358359105	20.383288583761004	33.423682153417396	0.0
124.0	29.47971906463836	17.912424895380394	20.56522543213381	32.042630607847435	0.0
125.0	28.961972383151107	18.106895500283137	20.678660103672083	32.25247201289367	0.0
126.0	30.105482346816782	17.57862647955425	19.482690924812395	32.83320024881658	0.0
127.0	29.58044082303644	17.7789988117255	21.05434792319994	31.586212442038114	0.0
128.0	29.29034243104322	18.202508506479404	19.640013031202493	32.86713603127488	0.0
129.0	29.97109442640073	17.14728099790652	20.683747371700022	32.197877203992725	0.0
130.0	30.029130176636485	17.941962297758646	20.400400771856912	31.62850675374796	0.0
131.0	30.199450278384667	18.182159889115983	19.67627504874668	31.94211478375267	0.0
132.0	30.09139810539344	17.483219879087923	20.192316846765365	32.23306516875327	0.0
133.0	30.242211860561653	17.54708602430807	20.863621883054822	31.347080232075452	0.0
134.0	29.504334623108193	18.176029779105647	20.70284566782583	31.616789929960326	0.0
135.0	29.257750397456277	17.7091613672496	20.85304054054054	32.180047694753576	0.0
136.0	29.90971564458596	18.187360190242035	22.961548537917416	28.94137562725459	0.0
137.0	30.991595950496976	19.256123900871113	20.73476574095874	29.017514407673172	0.0
138.0	31.238937593754706	18.278079696040113	19.943734201196946	30.53924850900824	0.0
139.0	28.57044891069262	20.961650050113416	21.204831988183784	29.26306905101018	0.0
140.0	31.681226790628088	17.139803905853437	20.93558814886057	30.243381154657907	0.0
141.0	26.438078907814273	19.52835461308474	24.872619932606586	29.160946546494404	0.0
142.0	27.547860205217507	18.77817332172418	19.544157032171317	34.129809440887	0.0
143.0	27.856103023516237	19.62486002239642	18.970324748040312	33.548712206047036	0.0
144.0	27.46162336849532	18.426472763686434	18.180111289386545	35.93179257843171	0.0
145.0	33.39089355017557	15.053825540565516	19.560270744779153	31.995010164479766	0.0
146.0	33.44234424623086	16.222358649838846	22.42948725516818	27.905809848762114	0.0
147.0	32.233521150861066	17.414473764621043	20.984025324810247	29.36797975970764	0.0
148.0	31.943661224300246	17.92265691861661	22.396189237781215	27.737492619301936	0.0
149.0	23.065317483026817	23.351455401503525	24.777809570879832	28.805417544589822	0.0
