# Position (bp)	A	C	G	T	N
0.0	35.28537553896906	19.06163770866563	13.700581684281271	31.95240506808404	0.0
1.0	33.886067501881364	17.666116062342923	15.965553310015476	32.482263125760234	0.0
2.0	35.2072980264092	17.03369776137063	17.523309195891905	30.23569501632827	0.0
3.0	30.42172666092438	21.2976459786652	15.562617724730002	32.71800963568041	0.0
4.0	32.413879594705236	18.09131910100661	18.915017770689484	30.579783533598672	0.0
5.0	33.19136148635059	15.819213050052175	17.498030140623115	33.49139532297412	0.0
6.0	27.472080257429493	22.81445201590006	18.8952773045618	30.81819042210865	0.0
7.0	24.83373121121282	17.640461932669126	18.014758942788394	39.511047913329655	0.0
8.0	30.17381902664184	20.208384100539178	22.35586648086855	27.26193039195043	0.0
9.0	27.8938054772224	21.80621534152204	14.782491435925582	35.51748774532998	0.0
10.0	26.597194293960396	19.49658158075276	18.845544226538287	35.06067989874855	0.0
11.0	30.339337883070954	21.652098832601986	19.304292287130234	28.704270997196822	0.0
12.0	28.79246273828926	20.032974337260764	16.03560471480983	35.138958209640144	0.0
13.0	28.271163989876293	20.64668732407692	20.0560588499657	31.026089836081084	0.0
14.0	35.07908013027467	19.142665900345083	16.391713320040964	29.38654064933928	0.0
15.0	28.42844405342188	21.607386542359333	19.34662967719353	30.617539727025257	0.0
16.0	28.22675814183381	22.387293749275745	19.467798045155813	29.91815006373464	0.0
17.0	26.085496522580172	14.519085016470745	22.178631308365908	37.21678715258317	0.0
18.0	27.224940233956573	20.236510372452997	18.870936086394153	33.667613307196284	0.0
19.0	27.6436316862211	18.663252325487914	19.895630872832342	33.79748511545864	0.0
20.0	32.007849813212275	16.71655553979288	19.31077694235589	31.964817704638953	0.0
21.0	28.63745871427322	17.88177328254923	19.75331408833313	33.72745391484442	0.0
22.0	28.129536202143807	17.779075430392496	23.837904800631698	30.253483566832003	0.0
23.0	30.502628742175236	15.271999167880173	25.1148892713278	29.110482818616788	0.0
24.0	32.145465719587285	19.63763576839891	15.802909787143516	32.41398872487029	0.0
25.0	27.94338712879712	17.605960045759232	17.893137060252812	36.557515765190836	0.0
26.0	27.590583263809943	22.336505805695325	21.06570491989251	29.007206010602214	0.0
27.0	31.93417116065394	20.895977389060352	17.285978287070076	29.88387316321563	0.0
28.0	36.98510368816046	16.256687271971117	17.967730958997336	28.790478080871097	0.0
29.0	28.465440695226462	16.92511619005314	19.511895451398654	35.09754766332175	0.0
30.0	33.177211283254124	18.541571507931607	18.70798098882785	29.57323621998642	0.0
31.0	29.232797810549126	23.216407593571684	19.60412029713976	27.94667429873943	0.0
32.0	32.90938291759867	21.99727555098536	14.478538338404128	30.61480319301184	0.0
33.0	34.42326597487712	21.184871654833422	12.707263790278537	31.684598580010924	0.0
34.0	26.70840832899709	21.483876287721753	20.187837480486913	31.619877902794247	0.0
35.0	28.301113323011133	19.083388630833888	26.675809186758094	25.939688859396888	0.0
36.0	30.393776759331846	17.321353193029005	19.63094735572574	32.65392269191341	0.0
37.0	33.042479244956056	18.705052132305987	14.394549614744022	33.85791900799394	0.0
38.0	28.613636745600914	23.885312851884844	16.852489874119765	30.64856052839448	0.0
39.0	28.53973979041211	19.82648006946422	18.585545396062052	33.04823474406162	0.0
40.0	29.11538130487175	19.61180926149079	18.582874275549436	32.689935158088026	0.0
41.0	25.50260139485378	20.110010346033896	22.489598142179812	31.897790116932512	0.0
42.0	32.14656954539615	17.79522776910469	18.055290604646093	32.00291208085307	0.0
43.0	26.73144708011813	22.678529269232204	19.931160455782397	30.65886319486727	0.0
44.0	29.987670629678554	20.77366798767063	19.592690444738	29.645970937912814	0.0
45.0	22.63837005589492	14.929876437926975	24.13446297309072	38.297290533087384	0.0
46.0	27.701735769706293	17.566028368103893	18.549274247719552	36.182961614470265	0.0
47.0	25.282279142707786	21.955044432828018	19.529534762153684	33.23314166231051	0.0
48.0	32.5575644491404	16.513142735105184	16.754247432993687	34.175045382760736	0.0
49.0	28.283360986015644	18.955913723631195	19.8435648257881	32.917160464565065	0.0
50.0	32.43195036341977	17.06767060981902	19.013128977392167	31.48725004936903	0.0
51.0	28.845417475597714	14.392814676976199	24.20075373339872	32.56101411402737	0.0
52.0	23.653757811303695	19.022028423301567	22.859684558228395	34.46452920716634	0.0
53.0	26.907315710227714	22.853639228225944	22.613818046349905	27.625227015196437	0.0
54.0	30.8265450569198	18.942469887177573	18.105837776440374	32.125147279462254	0.0
55.0	31.43440804555202	17.83258152776751	20.834873918509206	29.898136508171262	0.0
56.0	29.754195030104903	30.196975026380585	18.914361382963314	21.1344685605512	0.0
57.0	32.28255289401536	22.09588098436937	19.601096656508393	26.02046946510688	0.0
58.0	22.968176329238986	13.921178780966786	33.03123818352585	30.079406706268376	0.0
59.0	24.238578680203045	30.147363513933488	16.340774888635657	29.273282917227807	0.0
60.0	31.717440140266284	20.316694975617775	16.13884170730371	31.82702317681223	0.0
61.0	28.09834783741909	21.735856706390003	16.84163275944455	33.324162696746356	0.0
62.0	28.98008598879352	17.537678302575006	24.12963509087805	29.352600617753428	0.0
63.0	26.32352444339336	14.889016520828408	17.696543802155478	41.09091523362276	0.0
64.0	30.254746128286342	17.239570176631755	18.81740279424052	33.688280900841384	0.0
65.0	32.97637944514203	20.190006870572628	18.567130232888722	28.266483451396624	0.0
66.0	33.110921457573646	16.931750588356998	23.00669821811881	26.950629735950553	0.0
67.0	30.417096536477523	10.529108327192336	18.364038319823138	40.689756816507	0.0
68.0	27.334868071542413	11.383035239950416	13.83035239950416	47.45174428900301	0.0
69.0	28.131176636682664	19.640192005163165	13.88407083215683	38.34456052599734	0.0
70.0	20.720605205795614	9.72346882078899	27.751421122366114	41.80450485104928	0.0
71.0	19.93414734531486	22.66428865413637	32.44157863447204	24.959985366076737	0.0
72.0	24.411011858120464	13.137961657002558	22.36848978738965	40.08253669748733	0.0
73.0	33.28524319868096	16.42621599340478	21.839791151415223	28.44874965649904	0.0
74.0	15.862508972007335	17.36980620464152	25.751654836908845	41.0160299864423	0.0
75.0	34.38870467429672	13.7661782008771	14.72884800513424	37.11626911969195	0.0
76.0	20.9520578923564	24.68340117593849	31.117141564902763	23.24739936680235	0.0
77.0	30.029296875	19.954427083333336	19.205729166666664	30.810546875	0.0
78.0	30.2569137620684	20.25855015545737	18.851251840942563	30.633284241531666	0.0
79.0	29.89317995069844	19.227608874281017	18.767460969597373	32.11175020542317	0.0
80.0	29.114342366159946	18.32452081956378	18.9358889623265	33.625247851949766	0.0
81.0	30.57577763070814	17.488418266048974	20.665122435473197	31.27068166776969	0.0
82.0	29.351422898742552	18.630046326935805	20.234943745863667	31.783587028457976	0.0
83.0	29.97518610421836	18.26302729528536	19.205955334987593	32.55583126550869	0.0
84.0	29.307488402915837	18.687872763419485	18.870112657388997	33.13452617627568	0.0
85.0	29.161140583554378	18.73342175066313	18.79973474801061	33.30570291777188	0.0
86.0	30.260321671364615	18.487812966340574	19.00182390979937	32.250041452495445	0.0
87.0	29.28773036692678	19.8406109912004	19.72438983895069	31.147268802922135	0.0
88.0	30.426839395449264	19.465205115429328	19.049991695731606	31.057963793389803	0.0
89.0	30.270809104502412	19.03970759262336	18.657584316331615	32.031898986542615	0.0
90.0	30.237580993520517	18.159162651603257	19.25569031400565	32.34756604087058	0.0
91.0	30.345859660791486	19.23844363152644	18.224143664782176	32.1915530428999	0.0
92.0	30.11486598967871	19.22756783752289	18.39520559347428	32.262360579324124	0.0
93.0	30.52456286427977	19.084096586178184	19.58368026644463	30.80766028309742	0.0
94.0	28.878520246625563	20.179970004999166	18.646892184635895	32.29461756373937	0.0
95.0	30.55	18.76666666666667	19.3	31.383333333333336	0.0
96.0	29.8432810936979	18.706235411803934	19.139713237745916	32.31077025675225	0.0
97.0	29.631482407870603	19.393029848257463	19.943304985826245	31.03218275804569	0.0
98.0	29.01286119926507	19.425421747118758	19.108067479539002	32.45364957407716	0.0
99.0	29.17572312322354	18.99347935127905	19.17739508443404	32.65340244106337	0.0
100.0	28.65802323623506	18.151203906381546	19.885502609866982	33.30527024751642	0.0
101.0	28.479403288693	19.427021529072725	20.39328699779624	31.70028818443804	0.0
102.0	30.686475409836067	18.81830601092896	19.17691256830601	31.31830601092896	0.0
103.0	29.664660361135	19.191745485812554	18.933791917454858	32.20980223559759	0.0
104.0	29.9844371433512	19.12502161507868	19.228773992737334	31.661767248832785	0.0
105.0	29.890263020379727	19.61330778609998	19.508796376937816	30.987632816582476	0.0
106.0	29.004556607080268	19.38310550297932	20.59235892043463	31.019978969505786	0.0
107.0	30.262925710252336	19.957649550026467	19.07534850891124	30.704076230809953	0.0
108.0	29.92014196983141	18.5980479148181	20.23070097604259	31.251109139307896	0.0
109.0	29.568165596002853	19.34332619557459	20.663811563169165	30.42469664525339	0.0
110.0	29.614275414563807	18.43907714491709	20.385724585436193	31.56092285508291	0.0
111.0	29.65316869438896	19.538768839658616	20.537497730161615	30.27056473579081	0.0
112.0	28.11928283937066	19.978046103183313	19.55726308086352	32.34540797658251	0.0
113.0	28.134781808138463	19.315043270116	19.351868900754926	33.19830602099061	0.0
114.0	29.38221064384072	18.887234834387794	20.11537030145143	31.61518422032006	0.0
115.0	30.512291236629764	18.690185775942954	19.797335334959655	31.00018765246763	0.0
116.0	29.68277945619335	18.84441087613293	19.108761329305135	32.364048338368576	0.0
117.0	28.61748530248435	19.34382704342879	20.36791200455149	31.670775649535372	0.0
118.0	30.0381679389313	18.16793893129771	19.82824427480916	31.96564885496183	0.0
119.0	31.177829099307157	17.879137798306388	19.053117782909933	31.88991531947652	0.0
120.0	28.862182593525876	18.840860631905407	20.37216514828455	31.924791626284165	0.0
121.0	29.908185192420394	19.906231685876147	19.86716155499121	30.31842156671225	0.0
122.0	28.859060402684566	18.535333596525856	19.561784445321752	33.04382155546782	0.0
123.0	30.89641434262948	17.86852589641434	20.318725099601593	30.916334661354583	0.0
124.0	30.158730158730158	18.7462326702833	20.413903958207754	30.681133212778782	0.0
125.0	29.604863221884496	19.61499493414387	18.378926038500506	32.401215805471125	0.0
126.0	28.183118741058657	19.374616799509504	20.00817494379726	32.43408951563458	0.0
127.0	30.737536052740012	19.03584672435105	18.912237330037083	31.31437989287186	0.0
128.0	30.602910602910605	19.334719334719335	18.295218295218298	31.76715176715177	0.0
129.0	30.23939521209576	18.85762284754305	19.99160016799664	30.911381772364553	0.0
130.0	31.16387534449862	19.88552045791817	19.291922832308668	29.658681365274536	0.0
131.0	30.641025641025642	19.18803418803419	17.82051282051282	32.35042735042735	0.0
132.0	28.980206540447504	18.97590361445783	18.73924268502582	33.304647160068846	0.0
133.0	30.12152777777778	18.684895833333336	20.1171875	31.07638888888889	0.0
134.0	30.275831873905428	18.82661996497373	18.97985989492119	31.91768826619965	0.0
135.0	29.900771775082692	19.448732083792724	18.654906284454245	31.995589856670342	0.0
136.0	31.35291499777481	19.158878504672895	19.737427681352916	29.750778816199375	0.0
137.0	30.650224215246634	18.96860986547085	19.12556053811659	31.255605381165918	0.0
138.0	30.706521739130434	19.13496376811594	20.901268115942027	29.257246376811597	0.0
139.0	29.504453071477503	20.48412879652889	18.839917789449643	31.17150034254396	0.0
140.0	31.248557581352408	18.693745672744058	16.33971843987999	33.71797830602354	0.0
141.0	34.070796460176986	17.722403353516537	17.90870982766651	30.29809035863996	0.0
142.0	35.07865696172811	18.68983329420052	16.85841746888941	29.373092275181968	0.0
143.0	33.9653946432804	20.43138184403887	16.496800189618394	29.106423323062337	0.0
144.0	29.330143540669855	23.373205741626794	21.650717703349283	25.645933014354068	0.0
145.0	28.166626301767984	25.42988617098571	22.184548316783726	24.21893921046258	0.0
146.0	26.638738294726465	26.86052242483982	23.238048299655002	23.262690980778707	0.0
147.0	25.797397295228375	27.63460066343455	22.990558816024496	23.57744322531258	0.0
148.0	25.713501646542262	30.323819978046103	21.87156970362239	22.091108671789243	0.0
149.0	20.93918398768283	30.52347959969207	21.593533487297922	26.943802925327176	0.0
