# Position (bp)	A	C	G	T	N
0.0	52.950240770465484	15.45425361155698	14.035313001605138	17.56019261637239	0.0
1.0	18.529695024077046	50.52969502407705	16.16051364365971	14.780096308186197	0.0
2.0	23.92976159958985	46.263778518328635	10.702384004101512	19.104075877980005	0.0
3.0	53.58217555541328	15.231448876368525	13.521992445098919	17.66438312311928	0.0
4.0	52.7804441031548	15.332437448006656	12.228834709157228	19.65828373968132	0.0
5.0	19.78141377987984	46.70203246836252	12.993736418253867	20.52281733350377	0.0
6.0	21.907924142775045	44.09041568226805	14.462677989911244	19.538982185045654	0.0
7.0	49.63946142556314	15.493586880224619	13.304830578776084	21.562121115436156	0.0
8.0	49.81507460783063	15.361561025379416	11.554648641754877	23.268715725035072	0.0
9.0	17.992991398534567	44.18604651162791	13.11245619624084	24.708505893596687	0.0
10.0	16.075635067167504	13.490800280129879	13.33800216463997	57.09556248806265	0.0
11.0	15.998727735368956	14.885496183206106	13.358778625954198	55.75699745547074	0.0
12.0	19.054277361128765	13.07995423922715	13.772721494851915	54.093046904792175	0.0
13.0	19.36733786444769	44.4642063139173	13.999872959410531	22.168582862224483	0.0
14.0	18.965079365079365	13.77142857142857	44.355555555555554	22.90793650793651	0.0
15.0	48.67728224322781	15.047896973926283	13.499968280149718	22.774852502696188	0.0
16.0	17.350237717908083	15.258320126782884	13.55309033280507	53.83835182250396	0.0
17.0	19.14987964018751	44.00101355631572	13.366273913594323	23.482832889902443	0.0
18.0	17.583391353883158	15.697196025064878	13.07677701120324	53.642635609848725	0.0
19.0	18.0742708926425	45.271082431833996	13.266274435376731	23.388372240146772	0.0
20.0	18.78358727950939	14.345324650692293	13.384333312258962	53.48675475753936	0.0
21.0	18.628008338070874	14.320005053376287	16.038152990967088	51.013833617585746	0.0
22.0	20.671589976645837	12.276715268572872	43.92476172442088	23.126933030360412	0.0
23.0	20.777336109533724	11.868256672345257	15.243863966180832	52.110543251940186	0.0
24.0	50.4034800151305	11.934182322531838	13.730929264909847	23.931408397427813	0.0
25.0	18.004283734408467	13.19768174373189	43.574398387299986	25.22363613455966	0.0
26.0	51.60214038401008	12.571608435631099	12.28202706956248	23.54422411079635	0.0
27.0	17.107827727129834	15.743476894058473	11.436655139893116	55.71204023891858	0.0
28.0	17.387755102040817	42.86342229199372	13.073783359497645	26.67503924646782	0.0
29.0	19.282623690976358	11.676177337430238	13.39436884680504	55.64683012478836	0.0
30.0	20.136926072482883	13.987814835751522	41.0024495948747	24.8728094968909	0.0
31.0	21.00824469758953	13.40550066083454	11.133488577002957	54.45276606457298	0.0
32.0	19.03223763379568	13.33840015200456	11.799353980619419	55.830008233580344	0.0
33.0	21.73968253968254	44.901587301587305	11.612698412698412	21.746031746031747	0.0
34.0	24.030761408414897	11.446548875047666	12.183805770941909	52.338883945595526	0.0
35.0	21.90621619902017	42.934402239613156	12.788700133613284	22.37068142775339	0.0
36.0	21.85876467192611	13.89263036367135	12.520043614906035	51.7285613494965	0.0
37.0	53.18448732012647	13.325159708330645	13.944634445376526	19.545718526166354	0.0
38.0	52.22509702457956	15.045278137128074	11.888745148771022	20.840879689521348	0.0
39.0	53.38653172440638	13.74075515764889	12.748151031529778	20.124562086414947	0.0
40.0	20.006574621959235	44.556213017751475	14.792899408284024	20.644312952005258	0.0
41.0	21.80280940017309	12.103055721989216	45.9623194194794	20.1318154583583	0.0
42.0	53.79704301075269	13.629032258064516	11.975806451612902	20.598118279569892	0.0
43.0	53.765419477952705	14.066653036188919	11.606351802630682	20.561575683227698	0.0
44.0	21.73852669582726	44.6990210372839	11.705894605290565	21.856557661598277	0.0
45.0	26.419973250111457	15.149353544360231	16.06776638430673	42.36290682122158	0.0
46.0	29.88141484359027	15.722756082600695	19.84256798200777	34.55326109180127	0.0
47.0	32.15208182663498	18.503977683645005	16.685608017357165	32.65833247236285	0.0
48.0	27.512510425354463	19.349457881567975	17.545871559633028	35.59216013344454	0.0
49.0	28.022610698209988	18.44446770647964	18.72710143410447	34.8058201612059	0.0
50.0	25.244556642473963	22.26780267171558	19.943199747554434	32.54444093825602	0.0
51.0	31.762966092743213	18.052181261223197	16.99588042674554	33.188972219288054	0.0
52.0	27.761288954844183	20.06571973712105	20.72291710833157	31.4500741997032	0.0
53.0	29.714225007967705	20.960373950918942	19.398703920110485	29.92669712100287	0.0
54.0	27.74227902023429	22.108626198083066	20.45793397231097	29.69116080937167	0.0
55.0	29.68666452785798	18.86429258902791	17.805582290664102	33.643460592450005	0.0
56.0	28.24991962276283	18.67966991747937	21.02668524273926	32.04372521701854	0.0
57.0	32.3842269259697	19.5229397227893	18.813796067476094	29.279037283764907	0.0
58.0	27.962903051871024	23.282648549552466	19.874905640030196	28.879542758546318	0.0
59.0	25.52685615476062	20.350156705933212	21.484923808494543	32.638063330811626	0.0
60.0	29.168924043775057	16.643189944739408	20.186369054068695	34.00151695741684	0.0
61.0	30.259303460995984	17.142237170445913	21.62308777259412	30.97537159596398	0.0
62.0	30.434310532030402	18.935939196525517	19.066232356134634	31.563517915309447	0.0
63.0	31.412700141596776	19.0719965145409	20.53153251279817	28.983770831064152	0.0
64.0	27.22902097902098	20.02840909090909	22.180944055944053	30.561625874125873	0.0
65.0	27.166301969365424	20.951859956236323	18.98249452954048	32.899343544857764	0.0
66.0	28.6607436656795	18.67939015026873	21.16924426894812	31.49062191510365	0.0
67.0	32.321232123212326	18.305830583058306	18.81188118811881	30.56105610561056	0.0
68.0	27.236624379481523	19.13954771097628	20.033094318808605	33.59073359073359	0.0
69.0	31.36755919451206	19.429077229475546	20.845319761009073	28.35804381500332	0.0
70.0	28.561902645032227	20.860191153589685	20.87130473438542	29.706601466992666	0.0
71.0	30.02674988854213	20.831475702184573	18.580026749888543	30.561747659384753	0.0
72.0	30.282005371530886	18.252014324082364	21.027305282005372	30.43867502238138	0.0
73.0	30.497646267652996	17.014122394082047	20.152432190091908	32.33579914817305	0.0
74.0	31.075561606535057	17.324710687542545	20.456092579986386	31.143635125936008	0.0
75.0	30.46395269501933	20.616329315442346	20.036388446668184	28.88332954287014	0.0
76.0	28.833865814696484	20.572797809219534	17.606115928799635	32.98722044728434	0.0
77.0	28.98584091170715	19.972372510648096	16.967883043628408	34.073903534016345	0.0
78.0	27.941176470588236	17.80917091245947	20.565076424270494	33.684576192681796	0.0
79.0	29.18994413407821	20.15828677839851	16.817970204841714	33.83379888268156	0.0
80.0	30.067567567567565	17.625815470643058	18.837371854613234	33.46924510717614	0.0
81.0	26.317019039831795	20.5233033524121	21.224156056535453	31.935521551220653	0.0
82.0	32.40870786516854	17.93071161048689	20.29494382022472	29.36563670411985	0.0
83.0	31.134069030288803	17.738905846442826	20.36863113406903	30.758393989199345	0.0
84.0	27.824243138178815	18.18824360937684	21.227470844622452	32.760042407821885	0.0
85.0	29.704253564274772	20.63155414162837	21.609520443030515	28.054671851066338	0.0
86.0	28.57480221986067	20.167670327075214	21.076868579525325	30.18065887353879	0.0
87.0	31.14792899408284	18.68639053254438	21.13609467455621	29.02958579881657	0.0
88.0	30.690719202468546	20.413007358177072	17.16116781390933	31.735105625445055	0.0
89.0	30.80681682755333	17.387677273268977	17.733285663210584	34.07222023596711	0.0
90.0	29.860198351057477	14.446170390727687	21.746923168837377	33.946708089377466	0.0
91.0	28.75809158475186	18.448813234236393	19.048189882522177	33.74490529848957	0.0
92.0	29.39901240515476	18.619775984583885	18.22232927857401	33.75888233168734	0.0
93.0	31.515298101342363	17.353972669004715	20.49824646269198	30.63248276696094	0.0
94.0	29.10963052695336	18.837068443367656	19.64869775893398	32.404603270745	0.0
95.0	29.86035215543412	16.782027929568912	20.364298724954462	32.9933211900425	0.0
96.0	29.037758830694276	15.651644336175396	20.755176613885506	34.55542021924482	0.0
97.0	30.255282765359716	16.89263466471235	19.653108586783926	33.19897398314401	0.0
98.0	31.120078258742968	19.809244314013206	17.424798239178283	31.64587918806554	0.0
99.0	27.79894309942239	20.36377043136291	19.577239768956616	32.26004670025808	0.0
100.0	31.980259099321408	17.483035163479332	19.04996915484269	31.486736582356574	0.0
101.0	30.096367679762785	19.61947121324438	18.48282678527304	31.801334321719793	0.0
102.0	30.165032882491627	17.111304132026305	18.69959051991562	34.02407246556645	0.0
103.0	29.37663307204181	20.007465472191114	19.049396540997883	31.566504914769194	0.0
104.0	29.245754245754245	17.057942057942057	19.193306693306695	34.502997002997006	0.0
105.0	28.444500062570395	18.783631585533726	19.121511700663245	33.65035665123264	0.0
106.0	29.994979919678716	19.10140562248996	20.06777108433735	30.835843373493976	0.0
107.0	32.264150943396224	19.91194968553459	16.90566037735849	30.918238993710688	0.0
108.0	32.3766364551863	17.157603222557903	17.623363544813696	32.8423967774421	0.0
109.0	27.357421629107392	18.909731839355405	20.735238574845777	32.997607956691425	0.0
110.0	25.574640060621366	18.0727456428391	19.499873705481182	36.85274059105835	0.0
111.0	27.463630613535738	20.02530044275775	20.999367488931057	31.51170145477546	0.0
112.0	26.051165146909828	20.212765957446805	18.55369807497467	35.18237082066869	0.0
113.0	28.196679761753895	16.259029273856292	20.14953744772526	35.39475351666456	0.0
114.0	30.092769093912825	16.088448341593594	21.73084254670225	32.08794001779133	0.0
115.0	28.25421133231241	19.2572741194487	18.172537008677896	34.315977539561	0.0
116.0	29.75946775844422	18.666837256908906	18.71801432958035	32.855680655066536	0.0
117.0	26.706801588318175	19.290380427821184	19.072627129499168	34.93019085436147	0.0
118.0	28.27258726899384	17.85164271047228	22.510266940451746	31.365503080082135	0.0
119.0	24.32571281787824	20.331363986642693	23.07988697662471	32.26303621885435	0.0
120.0	25.563716015977324	21.066872825666795	21.58227032598892	31.787140832366962	0.0
121.0	26.364812419146183	20.45278137128072	19.805950840879692	33.3764553686934	0.0
122.0	27.216174183514774	17.120269569725245	19.401244167962677	36.2623120787973	0.0
123.0	29.125455491931284	18.284747527329515	19.039562727745967	33.550234252993235	0.0
124.0	29.798903107861058	16.766779838077827	20.29250457038391	33.1418124836772	0.0
125.0	27.17277486910995	18.154450261780106	20.57591623036649	34.096858638743456	0.0
126.0	30.857067856674103	18.440740254626593	19.963249770311066	30.73894211838824	0.0
127.0	29.264763908983294	19.939497566749967	22.714717874523217	28.08102064974352	0.0
128.0	32.44098641698536	19.99208756428854	17.42054595806409	30.146380060662008	0.0
129.0	31.163343457018357	19.133764690347284	20.41463092565694	29.288260926977422	0.0
130.0	32.056025369978855	18.195031712473572	17.45507399577167	32.293868921775896	0.0
131.0	31.030832340876007	18.989016805610692	19.29337038507344	30.686780468439856	0.0
132.0	29.14786302097159	17.62675869392089	20.945049110698168	32.280329174409346	0.0
133.0	28.45366307671852	21.220582369365776	20.688738199707483	29.637016354208217	0.0
134.0	28.51046806240832	22.136284837978398	18.389118549139884	30.964128550473397	0.0
135.0	31.5564462257849	16.312625250501004	19.465597862391448	32.66533066132264	0.0
136.0	27.191221731566973	19.33627726482002	20.24621972434096	33.226281279272044	0.0
137.0	30.636070853462154	16.170155662909284	18.679549114331724	34.514224369296834	0.0
138.0	32.10158559527009	17.938726148884708	19.376511690405803	30.583176565439395	0.0
139.0	31.102733270499527	19.119429110004038	20.560118486602935	29.2177191328935	0.0
140.0	30.633423180592995	18.18059299191375	18.504043126684635	32.681940700808624	0.0
141.0	32.52263207674639	17.916497770571542	20.443183353600862	29.117686799081206	0.0
142.0	33.234100135317995	18.17320703653586	17.550744248985115	31.041948579161026	0.0
143.0	35.521497355214976	19.069578190695783	16.91306116913061	28.495863284958634	0.0
144.0	31.828687967369135	18.191706322229777	17.44391570360299	32.5356900067981	0.0
145.0	31.137724550898206	20.726728361458903	18.331518780620577	29.804028307022318	0.0
146.0	29.73120480283804	19.265929867649064	17.8741983899577	33.12866693955519	0.0
147.0	29.012852064533774	20.27618266338529	19.87968280010938	30.831282471971562	0.0
148.0	28.018067341910758	20.503695592663565	20.038324664659186	31.439912400766495	0.0
149.0	31.773905885581012	17.75277815886953	18.040883523117028	32.432432432432435	0.0
150.0	27.77777777777778	17.67051705170517	21.287128712871286	33.26457645764577	0.0
151.0	30.14665190924184	19.023242944106254	19.728832318760375	31.101272827891535	0.0
152.0	26.276150627615063	19.344490934449095	19.149232914923292	35.23012552301255	0.0
153.0	29.046283309957925	18.26086956521739	19.747545582047685	32.945301542777	0.0
154.0	29.35948081264108	17.691873589164786	21.543453724604966	31.405191873589168	0.0
155.0	28.541106551577755	18.73496533182397	19.654733267298713	33.06919484929956	0.0
156.0	30.8074357882787	16.30481055768412	19.809848162338582	33.077905491698594	0.0
157.0	31.215272830887592	17.196181792278104	20.700954551930476	30.887590824903832	0.0
158.0	30.505569837189373	18.237646386746643	20.408454727220793	30.848329048843187	0.0
159.0	31.153405838580422	15.197481396680024	20.14882655981683	33.50028620492272	0.0
160.0	28.522287516124408	18.517987673785292	23.620467249534183	29.339257560556113	0.0
161.0	28.649346921199943	17.913018515860486	22.11855892062581	31.319075642313766	0.0
162.0	29.479436295657173	17.860224331320104	20.80816796088582	31.852171412136897	0.0
163.0	30.007209805335254	16.842105263157894	18.889689978370583	34.26099495313626	0.0
164.0	29.004329004329005	17.51803751803752	20.533910533910536	32.94372294372294	0.0
165.0	29.36071738501591	16.95111368238357	24.26959791726931	29.418571015331214	0.0
166.0	32.564883282586635	18.268812527185734	20.008699434536755	29.15760475569088	0.0
167.0	30.891117895042886	18.287541793865387	18.985317633376944	31.83602267771478	0.0
168.0	27.551467367498905	18.615856329391153	21.755000730033583	32.07767557307636	0.0
169.0	27.815150628838843	19.099151798771572	19.88885639075753	33.19684118163206	0.0
170.0	27.41911872346655	18.123261601522472	20.333772507685552	34.12384716732543	0.0
171.0	28.801877108080365	19.401671799384072	18.639096641736323	33.15735445079924	0.0
172.0	30.437977660199884	21.649029982363317	18.915343915343914	28.99764844209289	0.0
173.0	28.802827271388605	17.655720806950377	18.43616551317921	35.10528640848181	0.0
174.0	28.501845018450183	19.837638376383765	20.177121771217713	31.483394833948342	0.0
175.0	28.501628664495115	19.12940479715724	19.48474977790939	32.88421676043826	0.0
176.0	30.2491103202847	17.09667852906287	18.001186239620402	34.65302491103203	0.0
177.0	26.693404634581103	18.672014260249554	20.291146761734996	34.34343434343434	0.0
178.0	28.65644993304568	16.917125427763725	20.35411397113525	34.07231066805535	0.0
179.0	27.547675804529202	19.80035756853397	19.87485101311085	32.777115613825984	0.0
180.0	28.143176733780763	18.70246085011186	19.07531692766592	34.07904548844146	0.0
181.0	27.008828370492292	18.659284752356726	20.09576537483166	34.236121502319314	0.0
182.0	32.23822382238224	16.216621662166215	18.106810681068104	33.43834383438344	0.0
183.0	29.335543167093565	20.611722163628148	19.58716287479283	30.465571794485456	0.0
184.0	31.685563114134542	19.924414210128496	18.231292517006803	30.158730158730158	0.0
185.0	28.13163481953291	19.942371853199877	20.928116469517743	30.997876857749468	0.0
186.0	31.47161771419875	16.633693501750113	21.244863795464923	30.64982498858621	0.0
187.0	29.874885566066524	19.4537686908758	20.933780897162038	29.737564845895637	0.0
188.0	30.06725771935188	18.205441760929382	18.37358605930908	33.35371446040966	0.0
189.0	31.085223789086452	19.435928877988964	19.068056407112202	30.410790925812385	0.0
190.0	31.023355869698833	18.500307314074984	18.131530424093423	32.34480639213276	0.0
191.0	27.53734791313722	16.879716617896197	19.251501617126134	36.331433851840444	0.0
192.0	31.72498843841529	16.879913673500848	18.776013565592724	32.61908432249114	0.0
193.0	28.13030724100664	16.62806855025475	22.742010189902732	32.499614018835885	0.0
194.0	27.164317794641473	17.23710701564194	21.17082236332662	34.42775282638996	0.0
195.0	26.074809871178022	19.478503802576437	20.394226292099955	34.05246003414558	0.0
196.0	31.44997658810676	16.013734977368504	17.356016856563134	35.180271577961605	0.0
197.0	27.91497342919663	19.084088777743045	18.787120975304784	34.21381681775555	0.0
198.0	28.707909162098673	18.74706342991386	20.250587314017228	32.294440093970245	0.0
199.0	28.790967539595417	19.61737494119492	20.103496942135802	31.48816057707386	0.0
200.0	26.183362163862245	18.194684698852022	21.55999370970278	34.061959427582956	0.0
201.0	30.443008040359455	17.925271953334384	19.186504808450263	32.4452151978559	0.0
202.0	31.872131666402915	18.040829245133725	18.89539484095585	31.191644247507515	0.0
203.0	32.57251545411317	17.4037089871612	19.289903312727848	30.73387224599778	0.0
204.0	33.057851239669425	19.055944055944053	19.88239033693579	28.00381436745073	0.0
205.0	31.73138128580522	17.870782940802037	20.9102482495226	29.487587523870147	0.0
206.0	29.020421186981494	19.83088704530951	17.358008934269304	33.790682833439696	0.0
207.0	27.667414290291575	18.743992310157	19.3848125600769	34.20378083947453	0.0
208.0	27.069602957723838	18.678669024272626	19.64314418903713	34.6085838289664	0.0
209.0	27.37232157241824	19.171902690510713	18.962461736748832	34.493314000322215	0.0
210.0	29.32537120723047	17.834086507424143	19.916074887023886	32.9244673983215	0.0
211.0	29.20640051721351	17.56909649264587	20.785518021658316	32.4389849684823	0.0
212.0	28.99302740392411	17.009891357223932	19.085454840278903	34.91162639857305	0.0
213.0	30.49356572731715	17.34810229679101	18.830428408535592	33.32790356735625	0.0
214.0	31.237753102547355	19.64402351404311	20.672762900065315	28.44546048334422	0.0
215.0	32.81865965834429	19.300262812089354	18.2161629434954	29.66491458607096	0.0
216.0	30.69062139442888	17.66935882643811	20.29009395088182	31.349925828251195	0.0
217.0	28.51717305151916	19.715984147952444	20.772787318361953	30.994055482166445	0.0
218.0	26.90523525513585	18.538767395626245	19.913850231941684	34.642147117296226	0.0
219.0	26.281624500665778	20.289613848202396	22.08721704394141	31.341544607190414	0.0
220.0	30.54952396859863	20.210455987973944	18.673793218640387	30.56622682478704	0.0
221.0	31.167308658516163	18.924803215541786	16.11120415340814	33.79668397253391	0.0
222.0	30.647603027754418	19.899074852817495	17.695542472666105	31.757779646761986	0.0
223.0	32.79187817258883	17.749576988155667	16.42978003384095	33.02876480541455	0.0
224.0	30.871567456933313	20.433225311274093	17.36312468019785	31.33208255159475	0.0
225.0	32.41391125578208	19.13654274456056	19.256467363371595	29.19307863628576	0.0
226.0	31.97372969236087	18.68302799861735	21.914967162115452	27.428275146906326	0.0
227.0	30.065812261863528	19.50121233113959	20.0554208520956	30.37755455490128	0.0
228.0	27.598192561696212	20.15988877302746	20.698644421272157	31.54327424400417	0.0
229.0	30.644599303135887	22.090592334494772	17.822299651567945	29.442508710801395	0.0
230.0	28.563895236421168	22.341360520302338	19.353137634030585	29.741606609245913	0.0
231.0	29.612676056338028	20.598591549295776	18.08098591549296	31.70774647887324	0.0
232.0	28.134394341290893	20.99027409372237	18.974358974358974	31.900972590627763	0.0
233.0	29.32906211069585	19.718811176365904	19.9857625912084	30.966364121729846	0.0
234.0	26.59992849481587	21.290668573471578	21.969967822667144	30.139435109045404	0.0
235.0	27.36291486291486	19.733044733044732	22.023809523809522	30.88023088023088	0.0
236.0	30.83547086844998	18.175155734701356	21.491388787101503	29.497984609747157	0.0
237.0	26.720647773279353	20.29812292970188	21.899153478100846	31.082075818917925	0.0
238.0	26.03145235892692	19.851988899167438	23.293246993524512	30.823311748381126	0.0
239.0	27.731248836776473	17.5321049692909	20.286618276568024	34.4500279173646	0.0
240.0	28.143151583286492	16.825932171632	20.367247517331837	34.66366872774967	0.0
241.0	26.820067898906075	18.97397208600528	24.688796680497926	29.51716333459072	0.0
242.0	26.643926473375025	17.58574947887057	21.337881371991664	34.43244267576274	0.0
243.0	27.82857142857143	18.514285714285712	22.228571428571428	31.428571428571427	0.0
244.0	27.862887782458827	18.958253542703947	21.696667943316736	31.482190731520493	0.0
245.0	29.304381245196005	16.94850115295926	20.58032282859339	33.16679477325135	0.0
246.0	25.998071359691416	19.286403085824492	22.48794599807136	32.22757955641273	0.0
247.0	25.412541254125415	20.326150262085033	23.937099592312173	30.324208891477383	0.0
248.0	24.41240371321351	20.383172032391865	23.010073079202055	32.19435117519257	0.0
249.0	22.719449225473323	19.879518072289155	22.33218588640275	35.06884681583477	0.0
250.0	14.705882352941178	20.72042300066094	22.67019167217449	41.9035029742234	0.0
