# Position (bp)	A	C	G	T	N
0.0	29.52052261802046	22.482435597189696	18.741525946012572	29.255515838777267	0.0
1.0	26.987550844323927	24.651793417971156	23.745840009860718	24.6148157278442	0.0
2.0	27.602950215119854	18.039336201598033	20.669944683466504	33.68776889981561	0.0
3.0	29.67167842896594	17.852101871739798	19.355630561521938	33.12058913777232	0.0
4.0	30.822547997301108	21.026804882536958	17.4691774520027	30.681469668159234	0.0
5.0	29.65551060438887	19.38212578153733	16.378570552899347	34.58379306117445	0.0
6.0	27.303921568627448	16.90563725490196	23.302696078431374	32.48774509803922	0.0
7.0	26.270978806811225	21.00330760749724	18.51035158642656	34.21536199926498	0.0
8.0	29.140897679260302	17.139183148613064	18.67613740738473	35.0437817647419	0.0
9.0	24.787266605448423	20.07346189164371	21.548821548821547	33.59044995408632	0.0
10.0	26.90824508783742	17.91026504254147	19.90573544714452	35.27575442247659	0.0
11.0	25.019886189806034	16.178180260662057	20.761182157498624	38.040751392033286	0.0
12.0	22.94751009421265	18.444879481218646	20.928667563930013	37.678942860638685	0.0
13.0	29.81651376146789	18.03669724770642	20.05504587155963	32.091743119266056	0.0
14.0	29.186281102891726	20.144280736076297	18.70758696582503	31.961851195206947	0.0
15.0	28.937236448084093	22.27586628368881	21.145266760374014	27.641630507853083	0.0
16.0	28.963284256826928	17.56979656668092	20.300568147107338	33.16635102938481	0.0
17.0	27.20444553004397	16.83561309233024	18.58207132388862	37.377870053737176	0.0
18.0	28.329061393872816	18.72330037837178	19.254241425607226	33.69339680214817	0.0
19.0	28.24813956325485	17.116018055386117	17.84799316823228	36.787849213126755	0.0
20.0	27.497255762897915	18.435175021344065	19.87437492377119	34.19319429198683	0.0
21.0	26.79440389294404	16.605839416058394	22.58515815085158	34.01459854014598	0.0
22.0	28.126325998666424	16.560586773352732	22.276777595926532	33.03630963205431	0.0
23.0	28.50893182646737	21.49714424595941	18.446955887714182	31.546968039859035	0.0
24.0	27.575702187290563	20.569061110095657	16.048254432462073	35.80698227015171	0.0
25.0	29.551289888739458	18.10123486978848	20.870522068712557	31.476953172759508	0.0
26.0	31.110838495982335	14.905232165859045	19.928847451389313	34.05508188676931	0.0
27.0	29.31911503340075	18.581847153275724	18.784090212661642	33.31494760066189	0.0
28.0	29.059250599889253	18.77191903033286	20.057835476527412	32.11099489325048	0.0
29.0	28.80187169067849	17.073020563969955	17.898042113040265	36.22706563231129	0.0
30.0	27.59301536373172	16.067131486394768	19.6334917011168	36.70636144875671	0.0
31.0	29.66321243523316	18.134715025906736	17.733777448803355	34.46829509005675	0.0
32.0	31.028532692426204	16.632772539594505	18.10562642509398	34.23306834288532	0.0
33.0	32.7790096082779	17.750677506775066	19.025622074402563	30.44469081054447	0.0
34.0	31.855409815875362	16.558901410185356	17.045384568015272	34.54030420592401	0.0
35.0	28.514254048396037	17.1602733821809	22.178437288344313	32.14703528107875	0.0
36.0	32.67454746952346	16.759019825144687	18.612239871936954	31.954192833394902	0.0
37.0	28.85633386679798	19.937215314538964	15.197587098362675	36.00886372030038	0.0
38.0	30.75455440669621	16.598966026587888	16.60512063023141	36.04135893648449	0.0
39.0	26.387692307692305	16.51076923076923	21.003076923076925	36.09846153846154	0.0
40.0	27.427797278157524	20.06896976414804	21.442207032452735	31.061025925241704	0.0
41.0	32.71954674220963	18.499815248183275	17.26197807611775	31.518659933489346	0.0
42.0	26.80793396575089	19.218923247505234	16.847357398053468	37.1257853886904	0.0
43.0	28.038937835007083	20.30065923233319	17.28174480931551	34.378658123344216	0.0
44.0	28.373787906861835	17.21326662960904	17.015625965042307	37.397319498486816	0.0
45.0	26.22565687789799	14.714064914992273	18.182380216383308	40.87789799072643	0.0
46.0	30.36454787398651	16.828619174351676	19.25481215572198	33.55202079593984	0.0
47.0	26.926417669686064	19.859784092319146	18.991189973942177	34.22260826405261	0.0
48.0	29.086956521739133	19.5527950310559	18.192546583850934	33.16770186335404	0.0
49.0	27.91852955787382	20.98857426726279	13.996522603079981	37.09637357178341	0.0
50.0	28.999813745576457	17.638293909480353	17.880424660085676	35.48146768485751	0.0
51.0	29.750527491622194	18.722849695916594	18.189152289934217	33.337470522527	0.0
52.0	30.814097791015136	17.24373293621246	18.565400843881857	33.37676842889054	0.0
53.0	32.808626673277146	15.02231036192365	18.883242439266237	33.28582052553297	0.0
54.0	33.066765854565745	18.46754695927097	17.171905027586636	31.293782158576654	0.0
55.0	29.595884467583982	17.906284864261806	16.815420850378082	35.682409817776126	0.0
56.0	30.36442248301421	17.096973440395306	18.418777022853615	34.11982705373687	0.0
57.0	26.583060480632607	17.872366714029777	21.38135540866127	34.163217396676345	0.0
58.0	28.067143915082692	17.921500863984203	21.130585040730683	32.88077018020242	0.0
59.0	28.951583097203397	16.95823580140446	16.61328076875693	37.47690033263521	0.0
60.0	30.958246089419877	17.274294863899495	20.876955290060355	30.890503756620273	0.0
61.0	28.146917681801405	18.5369755137197	18.217054263565892	35.09905254091301	0.0
62.0	27.78426911014083	18.891827070905848	20.17711087878974	33.146792940163586	0.0
63.0	29.049317427130735	15.21338088795966	19.17968269585537	36.557618989054234	0.0
64.0	30.467933345631188	18.66199348213737	18.40373854762344	32.46633462460801	0.0
65.0	30.69026983834286	17.419632429774417	16.903313049357674	34.98678468252505	0.0
66.0	31.221191076147747	17.331448589515087	21.350869645381355	30.09649068895581	0.0
67.0	31.596091205211724	15.346321676602544	21.897855079589455	31.159732038596278	0.0
68.0	27.170506912442395	16.878648233486942	20.368663594470046	35.58218125960062	0.0
69.0	27.22468043264503	19.327679449360865	21.792035398230087	31.655604719764014	0.0
70.0	31.508448540706606	17.542242703533027	18.22427035330261	32.725038402457756	0.0
71.0	32.64554163596168	15.43846720707443	18.502824858757062	33.41316629820683	0.0
72.0	32.53145136544953	14.967781528076095	19.355630561521938	33.14513654495244	0.0
73.0	27.365838699785343	18.16620668506593	17.87181846059491	36.59613615455382	0.0
74.0	30.657023780338317	15.610443736209856	16.16204952194165	37.57048296151018	0.0
75.0	29.95228190382968	15.618499938822952	19.71736204576043	34.71185611158693	0.0
76.0	29.819847328244276	20.219847328244274	14.955725190839694	35.00458015267176	0.0
77.0	30.73400097703957	17.946995603321938	14.899853444064485	36.41914997557401	0.0
78.0	28.59061221998413	19.324909967649393	20.100103766099007	31.984374046267472	0.0
79.0	30.125701732975347	15.810349035879911	18.849157920429583	35.21479131071516	0.0
80.0	29.273947528981086	19.9450884685784	16.357535082367296	34.42342892007322	0.0
81.0	32.21238938053098	16.93622215440952	19.43240768996033	31.418980775099175	0.0
82.0	28.42885133480284	16.648297820230223	18.081067842272837	36.84178300269409	0.0
83.0	25.735789022823223	18.656305451875422	19.164168145383346	36.443737379918005	0.0
84.0	24.97858803376973	21.19172886333048	19.11782699131286	34.71185611158693	0.0
85.0	26.69602985257234	19.820150486327766	19.183948125038235	34.29987153606166	0.0
86.0	28.200268981538084	19.99021885316053	18.14402738721115	33.66548477809023	0.0
87.0	24.740315287791763	18.587315165587192	20.33484052303556	36.33752902358548	0.0
88.0	28.069854063625815	17.5490016486536	17.646699639738657	36.734444647981924	0.0
89.0	29.432234432234434	15.995115995115993	17.368742368742367	37.20390720390721	0.0
90.0	30.589455699292166	15.993409812057601	19.16036123993166	34.256773248718574	0.0
91.0	32.71717911176184	18.069790141532454	18.807955100048805	30.405075646656904	0.0
92.0	27.36976942783945	21.904355251921434	16.86592655849701	33.859948761742096	0.0
93.0	28.608011706603254	18.120846289860374	20.041460886531308	33.22968111700506	0.0
94.0	33.08137762877171	16.037793355684244	20.182871075891494	30.697957939652543	0.0
95.0	25.635244652976663	19.858631405764427	16.635183718237766	37.870940223021144	0.0
96.0	32.118256629076505	19.1526973483694	18.56750990551661	30.161536117037492	0.0
97.0	31.071689831748355	18.33089490368203	16.898317483540602	33.69909778102902	0.0
98.0	27.799792720843747	16.112906175699568	21.002255684935683	35.085045418521005	0.0
99.0	28.429399207075328	14.797194266544677	20.908813662702045	35.86459286367795	0.0
100.0	28.05900716165759	17.065556711758585	19.293627961069966	35.58180816551386	0.0
101.0	27.532945142506893	18.044744100520994	21.673306772908365	32.74900398406375	0.0
102.0	28.80804858597632	17.876203913870313	19.845408257162138	33.47033924299122	0.0
103.0	32.3572744014733	17.268262737875997	18.422344996930633	31.952117863720076	0.0
104.0	26.460649996928183	18.21588744854703	19.413896909749955	35.90956564477484	0.0
105.0	28.445891968291033	18.398574325569964	19.289620844343393	33.86591286179561	0.0
106.0	30.52379195868683	19.03356694946514	19.752858723718187	30.68978236812984	0.0
107.0	31.76029040792469	14.661908570725405	20.48237248507968	33.09542853627023	0.0
108.0	28.219194970104173	17.783393946865562	19.84219934660667	34.155211736423595	0.0
109.0	29.79813568738811	18.087536267670846	18.118402370516698	33.99592567442435	0.0
110.0	28.221920177931548	18.87433584579266	21.07376745335475	31.829976522921044	0.0
111.0	24.387982195845698	20.283135509396637	21.68026706231454	33.64861523244313	0.0
112.0	29.022668153102938	19.856311160658986	18.283166109253067	32.83785457698501	0.0
113.0	27.976928801786155	22.81071694368643	16.590176134954106	32.622178119573306	0.0
114.0	28.84926059401019	20.249782527650055	16.64595501429104	34.255001864048715	0.0
115.0	30.652513268810488	17.914455198251638	16.422104277240088	35.01092725569778	0.0
116.0	26.02225834688008	20.495185694635488	18.106790046267353	35.375765912217084	0.0
117.0	25.167764189401066	21.47381624333647	16.469112574474757	36.88930699278771	0.0
118.0	31.534983042331366	15.85227986433865	18.81045094837332	33.80228614495666	0.0
119.0	28.001006099478086	16.273659058039364	23.06483053511916	32.66050430736339	0.0
120.0	31.86225132208512	16.859733064719215	19.182825484764543	32.09519012843113	0.0
121.0	28.648853037559867	18.099319384925636	19.06352407360726	34.188303503907235	0.0
122.0	29.570536671501547	17.08393769313237	20.647032856151856	32.69849277921423	0.0
123.0	28.482131582270487	15.923727743401944	22.433388054047228	33.160752620280334	0.0
124.0	29.1355996461519	19.625932010615443	17.098445595854923	34.140022747377735	0.0
125.0	33.02125506072874	17.598684210526315	18.433704453441297	30.946356275303643	0.0
126.0	30.30840352099297	19.409790386929263	18.76385282756	31.51795326451776	0.0
127.0	25.247273649505452	18.951306112097388	20.4666497590667	35.33477047933046	0.0
128.0	25.392187996189264	18.34868212130835	19.047316608447126	37.21181327405525	0.0
129.0	29.26255562619199	17.11379529561348	20.966306420851875	32.65734265734266	0.0
130.0	29.269380215300338	19.931205809287217	19.86750748455316	30.93190649085929	0.0
131.0	27.657405047157784	20.093041040020392	20.800407851134338	31.449146061687483	0.0
132.0	31.327377153797066	18.60242501595405	22.04211869814933	28.028079132099553	0.0
133.0	29.589619023267705	16.281002301201738	21.50345180260803	32.62592687292253	0.0
134.0	33.0496	17.4144	18.7776	30.7584	0.0
135.0	31.666666666666664	18.41025641025641	16.884615384615383	33.03846153846154	0.0
136.0	30.788493643251574	21.240529086939773	18.06857583151406	29.902401438294596	0.0
137.0	33.55187042036251	14.725543128936883	19.424090500064274	32.29849595063633	0.0
138.0	28.12097812097812	20.682110682110682	20.405405405405403	30.79150579150579	0.0
139.0	26.701908200103148	20.01031459515214	19.32697266632285	33.96080453842187	0.0
140.0	25.940504613796218	15.099696715493321	22.70762082983803	36.25217784087243	0.0
141.0	28.166192814680794	18.02145257172396	20.73533212716464	33.0770224864306	0.0
142.0	29.507666429449444	18.942873778870414	20.909620236785923	30.639839554894223	0.0
143.0	31.2807881773399	17.980295566502463	17.68213637542131	33.05677988073633	0.0
144.0	31.1960542540074	17.995976377441757	18.83963917191252	31.968330196638327	0.0
145.0	29.173704040535277	19.429647914771987	20.176692217747174	31.21995582694556	0.0
146.0	30.763224673043137	16.89765111588262	20.3786843646301	31.96043984644414	0.0
147.0	35.19327292875302	17.723746822241054	16.93501075549182	30.147969493514115	0.0
148.0	32.509294892701064	16.300306568390845	18.028830474202596	33.1615680647055	0.0
149.0	32.35121186385314	17.606323904096165	15.541908930554648	34.50055530149605	0.0
150.0	28.519997381684885	16.32519473718662	21.509458663350134	33.64534921777836	0.0
151.0	23.8697418424846	14.519722185820994	24.77394836849692	36.836587603197486	0.0
152.0	27.23097112860892	15.649606299212598	22.257217847769027	34.86220472440945	0.0
153.0	29.61576354679803	15.737274220032841	19.573070607553365	35.073891625615765	0.0
154.0	27.5959516298633	17.527602523659304	17.61961093585699	37.2568349106204	0.0
155.0	25.7127806676763	18.11417659840653	19.06235596233621	37.11068677158096	0.0
156.0	31.505766062602962	16.00658978583196	21.772652388797365	30.714991762767713	0.0
157.0	29.31785195936139	18.08945771209922	22.938382372344638	29.65430795619475	0.0
158.0	30.65080938222663	16.53121902874133	16.72943508424182	36.08853650479022	0.0
159.0	29.295737357691287	18.665607625099284	17.924278527932223	34.114376489277205	0.0
160.0	27.085267205940855	20.753215753878795	20.28245590770455	31.8790611324758	0.0
161.0	30.103668261562998	18.075491759702285	16.32775119617225	35.49308878256247	0.0
162.0	32.60334154296745	16.448112893563202	21.560274246155895	29.388271317313453	0.0
163.0	27.225445089017803	16.603320664132827	22.111088884443557	34.06014536240581	0.0
164.0	33.05277221108884	17.027388109552437	17.368069472277888	32.55177020708083	0.0
165.0	30.97451675473212	18.045615677881077	20.426727309210087	30.553140258176708	0.0
166.0	27.64031382015691	20.41172131697177	18.956615033863073	32.99134982900825	0.0
167.0	27.49983211335706	16.090255859243836	18.46081525753811	37.949096769860994	0.0
168.0	26.463463867581755	17.285695061229983	22.385950746871217	33.864890324317045	0.0
169.0	30.02021563342318	18.429919137466307	18.645552560646898	32.90431266846362	0.0
170.0	33.378332770840366	15.551805602429969	16.152548093148837	34.91731353358083	0.0
171.0	27.314501959724286	19.27963238275443	20.063522097580755	33.34234355994054	0.0
172.0	27.248122335746665	16.3813519182624	19.771297110765275	36.59922863522566	0.0
173.0	30.974352015198807	17.329352693716924	18.998507260143846	32.69778803094043	0.0
174.0	29.326171210987965	16.515944788196098	22.567484871149794	31.590399129666146	0.0
175.0	28.030251413776657	18.525584247462014	19.59528514001499	33.84887919874634	0.0
176.0	30.749265760535483	17.06850624957312	16.747489925551534	35.43473806433987	0.0
177.0	25.162482041458578	17.7190942053773	22.16597112950674	34.952452623657386	0.0
178.0	30.993831391363948	15.572309801233722	21.52159013022618	31.912268677176147	0.0
179.0	33.60807747784875	17.76907754653479	17.7622089429219	30.860636032694554	0.0
180.0	28.381634198389204	19.425896606319267	20.664968679011494	31.527500516280032	0.0
181.0	33.091987312094886	15.894359398703628	17.983726382567923	33.02992690663357	0.0
182.0	27.550245182678363	19.607707714621174	18.654603218454312	34.18744388424615	0.0
183.0	29.938421089047257	16.99301183145368	17.823289282501904	35.245277796997165	0.0
184.0	28.52586326445708	19.227568991818057	18.180557481625296	34.066010262099574	0.0
185.0	28.34804364445062	20.244631315588297	19.57050524706373	31.83681979289735	0.0
186.0	30.075921153444312	16.730514731489865	22.260918019084766	30.932646095981053	0.0
187.0	26.73923661991487	16.070057916404995	19.81020166073547	37.380503802944666	0.0
188.0	29.344789047219894	16.198658843252307	18.825090807488127	35.631461302039675	0.0
189.0	27.375201288244767	18.05643072183715	19.12063292025485	35.44773506966324	0.0
190.0	26.842105263157894	16.25263157894737	20.7859649122807	36.11929824561403	0.0
191.0	30.075293786503416	16.43093378368869	20.132291886566744	33.36148054324115	0.0
192.0	29.93720454385098	16.87010512947153	18.478797713963168	34.71389261271432	0.0
193.0	28.841941637815303	16.12379000918533	18.667420334911323	36.366848018088035	0.0
194.0	29.004605030109815	16.06092809068367	22.16790648246546	32.766560396741056	0.0
195.0	29.06918865107018	17.36471592121169	18.061580032709948	35.50451539500818	0.0
196.0	27.155479549665102	18.526435798774404	18.597691321077384	35.72039333048311	0.0
197.0	31.645479217254678	17.22611055563491	17.09041565490644	34.03799457220397	0.0
198.0	29.46064035527541	19.189169830241386	20.012893059236443	31.337296755246758	0.0
199.0	33.22557471264368	17.794540229885058	15.67528735632184	33.304597701149426	0.0
200.0	31.951852385757533	16.202969583393397	19.62663975782038	32.218538273028685	0.0
201.0	32.647610798325395	17.5039699725711	22.23906453009961	27.609354699003894	0.0
202.0	31.450271247739604	18.61121157323689	16.49909584086799	33.43942133815552	0.0
203.0	32.811140121845085	17.9648970118944	18.436321438932403	30.78764142732811	0.0
204.0	28.319034462701758	18.052930056710775	19.623382288788715	34.00465319179875	0.0
205.0	28.797376093294464	20.706997084548103	15.823615160349854	34.67201166180758	0.0
206.0	33.45289510284752	17.82446380206427	16.279920942829953	32.442720152258254	0.0
207.0	30.882784958871916	17.743830787309047	18.27262044653349	33.100763807285546	0.0
208.0	31.144271256556106	21.304572652729554	16.754081406515475	30.79707468419886	0.0
209.0	31.480246089985915	15.061893113927805	19.642724779482617	33.81513601660367	0.0
210.0	26.265328874024522	18.231140839836492	23.77554812337421	31.72798216276477	0.0
211.0	28.75587730427644	19.83730129114113	20.23285319799985	31.17396820658258	0.0
212.0	30.706949546442765	18.20226403778394	19.45423195142065	31.63655446435265	0.0
213.0	29.727696705280575	17.82759139461411	17.541748157063335	34.90296374304197	0.0
214.0	29.860430026405133	18.966427763108264	19.26065635609204	31.912485854394568	0.0
215.0	29.950007574609906	18.28510831692168	17.482199666717165	34.28268444175125	0.0
216.0	32.41169768325104	16.74135966578048	17.105962780098746	33.74097987086973	0.0
217.0	29.13109756097561	20.320121951219512	18.185975609756095	32.36280487804878	0.0
218.0	32.78512965654402	16.208980341161173	19.81182590071139	31.194064101583418	0.0
219.0	31.403562653562656	18.473587223587224	20.18581081081081	29.93703931203931	0.0
220.0	32.119716136994754	18.85220610922555	19.83955569268744	29.188522061092254	0.0
221.0	33.52672700549238	16.887135452927982	18.573528274154867	31.012609267424768	0.0
222.0	29.36199937907482	16.77274138466315	22.85780813411984	31.00745110214219	0.0
223.0	28.79283489096573	21.17601246105919	17.834890965732086	32.19626168224299	0.0
224.0	29.80137629027213	18.392242727557083	20.5583359399437	31.24804504222709	0.0
225.0	33.06635257165292	17.981939536709852	18.955634079308993	29.996073812328227	0.0
226.0	30.78015303305198	18.853040940285556	15.934369330283191	34.43243669637927	0.0
227.0	28.582745781509942	19.27434048958251	18.94161451319021	33.20129921571734	0.0
228.0	29.08845052497614	20.657015590200444	19.185491568565066	31.06904231625835	0.0
229.0	30.524464342820597	18.899904061400704	18.68404221298369	31.89158938279501	0.0
230.0	31.190820093082973	21.216498154389342	17.798106242978655	29.79457550954903	0.0
231.0	30.134000645786248	19.22021310946077	21.173716499838555	29.47206974491443	0.0
232.0	26.920892494929006	15.95943204868154	21.62271805273834	35.496957403651116	0.0
233.0	25.97699273884311	20.763645263930815	16.276413478012564	36.98294851921351	0.0
234.0	27.009988537743574	19.87064024889471	16.178156214180447	36.94121499918126	0.0
235.0	29.110489970404473	18.431437027293654	17.157185136468268	35.30088786583361	0.0
236.0	32.56562654779594	17.153706455340927	19.308238401849103	30.972428595014033	0.0
237.0	32.51472662407699	14.942338007135152	17.530905168837634	35.012030199950225	0.0
238.0	23.734467517304644	18.739054290718038	22.883829538820784	34.642648653156535	0.0
239.0	27.47510251903925	18.54548497782241	19.097832454598713	34.88158004853963	0.0
240.0	29.20450723175244	20.097544567776655	20.114362596703668	30.58358560376724	0.0
241.0	29.97295926990029	15.751225283082643	18.945411526111204	35.33040392090586	0.0
242.0	32.375446352661115	16.213229042679817	18.704301989457576	32.707022615201495	0.0
243.0	28.46521962057768	17.347461972312423	22.235515296530508	31.951803110579384	0.0
244.0	28.296207104154124	19.102089963017114	18.45703964909263	34.14466328373613	0.0
245.0	28.782638768805118	17.542797855784194	19.825350164274596	33.84921321113609	0.0
246.0	29.69754910481488	17.390926473144447	20.04171736485312	32.86980705718756	0.0
247.0	33.98915704791886	14.611752360965372	18.240643581671915	33.15844700944386	0.0
248.0	32.47449876890609	18.29933169187478	18.809356313753078	30.416813225466054	0.0
249.0	31.795687522092614	16.675503711558854	20.67868504772004	30.850123718628492	0.0
250.0	34.835956255001335	15.337423312883436	19.72970569929759	30.09691473281764	0.0
251.0	32.68903803131991	16.94854586129754	18.69351230425056	31.668903803131993	0.0
252.0	32.1235590778098	18.07456772334294	17.038904899135446	32.762968299711815	0.0
253.0	28.57790265566936	19.13350856521345	18.843469591226324	33.44511918789087	0.0
254.0	32.66125353526138	15.445671015418302	22.99060304716723	28.90247240215309	0.0
255.0	28.01799320664647	16.707977600293766	22.060038556871387	33.21399063618838	0.0
256.0	32.37469946365822	16.867024227852784	18.096911411133714	32.661364897355284	0.0
257.0	31.37911781127862	17.932253861902105	19.839940442955516	30.84868788386376	0.0
258.0	26.613583138173304	17.892271662763466	21.57377049180328	33.92037470725995	0.0
259.0	26.677361517410585	15.99509295083514	21.477776729263	35.84976880249127	0.0
260.0	28.788454234713257	17.318647930117738	19.084694265096847	34.80820357007216	0.0
261.0	28.852772466539196	15.487571701720842	22.543021032504782	33.116634799235186	0.0
262.0	26.621193198193872	18.05168604092612	18.589682005956384	36.73743875492362	0.0
263.0	30.987415295256532	15.614714424007744	20.00968054211036	33.388189738625364	0.0
264.0	28.713547254462107	18.540914854189015	17.331512727982055	35.414025163366816	0.0
265.0	31.472579221034042	20.21975865790248	18.48327283429805	29.82438928676543	0.0
266.0	32.47575697605383	18.207005739164853	17.26697011676232	32.050267168019	0.0
267.0	31.69905331340309	15.127055306427502	20.398604882909815	32.77528649725959	0.0
268.0	29.310344827586203	14.67522052927025	17.67241379310345	38.3420208500401	0.0
269.0	31.770885948075563	14.819678755429841	20.365693504394383	33.043741792100214	0.0
270.0	30.535205535205534	16.83964183964184	21.642246642246644	30.982905982905983	0.0
271.0	30.707610146862486	16.216493786587243	16.842970113998152	36.23292595255212	0.0
272.0	29.53651975998345	20.225532795365197	15.197599834471342	35.040347610180014	0.0
273.0	31.492003367003367	16.266835016835017	18.360690235690235	33.880471380471384	0.0
274.0	30.484693877551024	19.52593537414966	17.687074829931973	32.30229591836735	0.0
275.0	31.933045356371494	18.207343412526996	17.721382289416844	32.138228941684666	0.0
276.0	24.272269643247977	19.271175311884438	20.759465966294595	35.69708907857299	0.0
277.0	29.27288849479051	16.049656395477722	19.962314342717804	34.71514076701396	0.0
278.0	26.680130146976328	17.468865701783912	19.99326825984517	35.85773589139459	0.0
279.0	31.629026710993923	15.957812679124157	23.84500745156483	28.568153158317095	0.0
280.0	25.484439224897244	24.15736934820904	20.481503229594832	29.876688197298883	0.0
281.0	33.1145584725537	16.49164677804296	19.821002386634845	30.572792362768496	0.0
282.0	32.28602383531961	15.697604429998796	20.07945106536656	31.936920669315032	0.0
283.0	31.420233463035018	18.76215953307393	21.89931906614786	27.91828793774319	0.0
284.0	27.2760736196319	17.042944785276074	23.12883435582822	32.5521472392638	0.0
285.0	31.229853706917925	16.73692040664518	22.576245970741386	29.456979915695513	0.0
286.0	29.202207727044655	14.40040140491721	22.553938785750123	33.843452082288	0.0
287.0	27.223276407337128	16.382036685642	25.211891208096144	31.182795698924732	0.0
288.0	27.970328686532802	19.324721831436246	22.368589333674382	30.33636014835657	0.0
289.0	31.123436089255772	17.980136721269186	19.798787566103442	31.0976396233716	0.0
290.0	26.485922836287802	16.423357664233578	23.188216892596454	33.902502606882166	0.0
291.0	29.743252139565502	18.643844634628046	20.276497695852534	31.336405529953915	0.0
292.0	24.75063173294321	21.758212528261737	15.986168373453916	37.50498736534114	0.0
293.0	27.17872968980798	14.89190277964281	27.313011951121258	30.616355579427957	0.0
294.0	22.149837133550488	22.421281216069488	21.634093376764387	33.79478827361563	0.0
295.0	24.3202416918429	20.15929689645702	22.123043120021972	33.39741829167811	0.0
296.0	28.923548252332544	17.0867567191199	18.312212783734854	35.6774822448127	0.0
297.0	28.3158193694973	20.732746378869642	22.23800056802045	28.71343368361261	0.0
298.0	27.373486947644743	21.20460842934228	20.825433863205483	30.5964707598075	0.0
299.0	24.959768265207597	20.276794335371743	24.267782426778243	30.495654972642424	0.0
300.0	12.521663778162912	29.766031195840554	18.587521663778166	39.124783362218366	0.0
