# Position (bp)	A	C	G	T	N
0.0	50.75895567698846	13.479052823315119	19.854280510018217	15.907710989678204	0.0
1.0	18.87135922330097	47.45145631067961	19.235436893203882	14.441747572815533	0.0
2.0	21.581450653983353	40.84423305588585	15.933412604042807	21.640903686087988	0.0
3.0	48.148148148148145	15.22633744855967	15.7554379776602	20.870076425631982	0.0
4.0	49.0599294947121	14.806110458284373	13.102232667450059	23.031727379553466	0.0
5.0	22.40469208211144	39.589442815249264	13.48973607038123	24.516129032258064	0.0
6.0	22.176711527208894	39.96489174956115	15.681685196021064	22.176711527208894	0.0
7.0	49.5911214953271	13.960280373831777	14.018691588785046	22.429906542056074	0.0
8.0	47.785547785547784	13.81118881118881	17.307692307692307	21.095571095571096	0.0
9.0	20.76788830715532	38.85980221058755	15.066899360093078	25.30541012216405	0.0
10.0	21.22093023255814	12.034883720930232	15.348837209302326	51.3953488372093	0.0
11.0	19.281991893456862	14.418066010422697	14.82339316734221	51.47654892877823	0.0
12.0	22.202998846597463	12.168396770472894	14.705882352941178	50.92272202998846	0.0
13.0	22.292263610315185	39.02578796561605	15.300859598853869	23.3810888252149	0.0
14.0	17.928286852589643	15.822424587364825	43.02788844621514	23.22140011383039	0.0
15.0	43.03440496333897	16.300056401579244	15.736040609137056	24.929498025944728	0.0
16.0	19.764177428411006	13.419427288040428	15.328467153284672	51.487928130263896	0.0
17.0	24.8464544946957	36.23673925181463	15.466219988833055	23.450586264656618	0.0
18.0	22.884187082405344	14.866369710467705	15.64587973273942	46.60356347438753	0.0
19.0	22.512506948304615	41.578654808226794	15.56420233463035	20.344635908838242	0.0
20.0	21.479845389287686	16.84152401987852	15.405853119823302	46.27277747101049	0.0
21.0	22.702407002188185	15.645514223194748	14.660831509846828	46.991247264770244	0.0
22.0	21.428571428571427	13.249727371864775	40.6215921483097	24.700109051254092	0.0
23.0	21.689373297002724	15.5858310626703	15.69482288828338	47.0299727520436	0.0
24.0	47.875816993464056	13.398692810457517	14.43355119825708	24.29193899782135	0.0
25.0	24.319912948857453	14.036996735582155	36.7247007616975	24.918389553862895	0.0
26.0	47.41988049972841	13.036393264530147	13.307984790874524	26.23574144486692	0.0
27.0	20.629750271444085	16.666666666666664	12.052117263843648	50.65146579804561	0.0
28.0	19.587628865979383	39.175257731958766	13.185024416711883	28.05208898534997	0.0
29.0	23.91540130151844	12.147505422993492	12.039045553145336	51.89804772234273	0.0
30.0	23.574144486692013	12.873438348723521	38.02281368821293	25.529603476371538	0.0
31.0	24.00869092884302	12.819120043454642	14.014122759369908	49.158066268332426	0.0
32.0	24.2802824551874	13.905486148832155	13.199348180336774	48.61488321564367	0.0
33.0	22.439024390243905	38.9159891598916	13.333333333333334	25.31165311653116	0.0
34.0	24.025974025974026	13.41991341991342	16.72077922077922	45.83333333333333	0.0
35.0	23.551705468327018	37.19545208446129	13.318895506226314	25.93394694098538	0.0
36.0	22.606814494321252	15.467820443482964	14.169821525148729	47.75554353704705	0.0
37.0	43.62162162162162	17.945945945945947	16.0	22.432432432432435	0.0
38.0	48.89129259058951	14.872904272579774	11.303407247160626	24.932395889670094	0.0
39.0	48.29637641968632	14.872904272579774	10.924824229313142	25.905895078420766	0.0
40.0	22.324823465507876	38.02281368821293	14.82889733840304	24.823465507876154	0.0
41.0	20.26215182960131	12.179137083560896	42.05352266521027	25.50518842162753	0.0
42.0	46.830601092896174	13.661202185792352	16.775956284153004	22.73224043715847	0.0
43.0	46.2800875273523	15.262582056892779	15.919037199124727	22.538293216630198	0.0
44.0	24.945175438596493	36.56798245614035	12.993421052631579	25.493421052631575	0.0
45.0	32.306684141546526	15.203145478374836	16.84141546526868	35.64875491480996	0.0
46.0	32.4113475177305	15.886524822695037	20.78014184397163	30.921985815602838	0.0
47.0	30.659025787965614	17.048710601719197	17.550143266475647	34.742120343839545	0.0
48.0	25.787965616045845	18.83954154727794	20.773638968481375	34.59885386819484	0.0
49.0	25.573065902578797	22.922636103151863	17.908309455587393	33.59598853868195	0.0
50.0	26.843235504652828	22.763063707945598	17.25125268432355	33.142448103078024	0.0
51.0	29.563350035790982	16.893342877594847	18.038654259126698	35.50465282748747	0.0
52.0	28.418038654259124	18.82605583392985	19.112383679312813	33.64352183249821	0.0
53.0	30.851825340014315	19.89978525411596	21.045096635647816	28.203292770221903	0.0
54.0	29.0414878397711	22.889842632331902	18.240343347639485	29.82832618025751	0.0
55.0	29.79181622397703	16.295764536970566	21.249102656137833	32.663316582914575	0.0
56.0	25.718390804597703	20.474137931034484	20.617816091954023	33.189655172413794	0.0
57.0	31.012203876525486	16.798277099784638	23.043790380473798	29.145728643216078	0.0
58.0	28.71500358937545	17.80330222541278	19.454414931801868	34.02727925340991	0.0
59.0	29.124820659971306	17.93400286944046	22.094691535150645	30.84648493543759	0.0
60.0	28.83787661406026	18.65136298421808	21.233859397417504	31.276901004304158	0.0
61.0	28.14070351758794	17.30078966259871	22.46949030868629	32.08901651112706	0.0
62.0	27.048585931834662	20.88469905728789	23.71283538796229	28.35387962291516	0.0
63.0	31.834662799129802	17.548948513415517	21.82741116751269	28.788977519941987	0.0
64.0	30.60188542422045	16.89630166787527	22.33502538071066	30.166787527193616	0.0
65.0	30.456852791878177	17.91153009427121	24.36548223350254	27.26613488034808	0.0
66.0	31.544597534445252	15.51849166062364	21.82741116751269	31.10949963741842	0.0
67.0	27.338651196519216	18.491660623640318	19.361856417693982	34.807831762146485	0.0
68.0	24.80058013052937	19.651921682378536	21.39231327048586	34.15518491660624	0.0
69.0	24.18300653594771	20.043572984749456	23.02106027596224	32.752360203340594	0.0
70.0	27.450980392156865	21.060275962236748	19.89832970225127	31.590413943355124	0.0
71.0	28.75816993464052	21.4960058097313	19.535221496005807	30.21060275962237	0.0
72.0	27.66884531590414	17.647058823529413	19.89832970225127	34.78576615831518	0.0
73.0	29.266521423384166	16.485112563543936	21.4960058097313	32.752360203340594	0.0
74.0	29.578488372093027	16.13372093023256	23.691860465116278	30.59593023255814	0.0
75.0	28.156748911465897	20.827285921625542	21.91582002902758	29.10014513788099	0.0
76.0	26.61348803480783	20.304568527918782	20.232052211747643	32.849891225525745	0.0
77.0	30.094271211022477	19.071791153009425	18.709209572153735	32.12472806381436	0.0
78.0	29.296591733139955	22.044960116026104	19.071791153009425	29.586656997824512	0.0
79.0	29.927536231884055	19.275362318840582	18.985507246376812	31.81159420289855	0.0
80.0	28.840579710144926	16.884057971014492	21.521739130434785	32.7536231884058	0.0
81.0	28.80986937590711	17.706821480406386	19.230769230769234	34.25253991291727	0.0
82.0	30.93681917211329	18.30065359477124	23.311546840958606	27.450980392156865	0.0
83.0	26.797385620915033	18.51851851851852	23.3841684822077	31.29992737835875	0.0
84.0	26.2164124909223	19.89832970225127	20.915032679738562	32.97022512708787	0.0
85.0	34.0843023255814	18.023255813953487	18.8953488372093	28.997093023255815	0.0
86.0	30.981818181818184	18.181818181818183	20.436363636363637	30.4	0.0
87.0	32.72727272727273	20.872727272727275	20.8	25.6	0.0
88.0	35.56363636363636	17.963636363636365	17.89090909090909	28.581818181818182	0.0
89.0	29.672727272727272	17.236363636363635	19.563636363636363	33.52727272727273	0.0
90.0	30.567685589519648	18.12227074235808	18.995633187772924	32.314410480349345	0.0
91.0	30.131004366812224	20.378457059679768	16.448326055312958	33.04221251819505	0.0
92.0	30.05822416302766	18.049490538573508	17.46724890829694	34.425036390101894	0.0
93.0	31.195335276967928	17.346938775510203	17.93002915451895	33.52769679300292	0.0
94.0	31.318281136198106	17.771303714493808	20.46613255644574	30.444282592862344	0.0
95.0	31.924198250728864	16.690962099125365	19.67930029154519	31.705539358600582	0.0
96.0	27.769679300291543	19.752186588921283	18.513119533527696	33.965014577259474	0.0
97.0	32.043795620437955	16.35036496350365	17.88321167883212	33.72262773722628	0.0
98.0	30.072992700729927	19.854014598540147	19.562043795620436	30.51094890510949	0.0
99.0	30.336257309941523	20.029239766081872	17.105263157894736	32.52923976608187	0.0
100.0	30.86510263929619	14.149560117302054	20.307917888563047	34.67741935483871	0.0
101.0	31.176470588235293	17.352941176470587	20.514705882352942	30.955882352941178	0.0
102.0	31.102941176470587	15.073529411764705	21.61764705882353	32.20588235294118	0.0
103.0	25.81120943952802	16.224188790560472	20.64896755162242	37.315634218289084	0.0
104.0	27.01107011070111	18.523985239852397	20.51660516605166	33.94833948339483	0.0
105.0	30.074074074074076	19.11111111111111	18.592592592592595	32.22222222222222	0.0
106.0	31.59851301115242	17.695167286245354	19.33085501858736	31.37546468401487	0.0
107.0	31.818181818181817	18.4053651266766	19.374068554396423	30.402384500745157	0.0
108.0	35.495898583146904	16.181953765846384	16.703952274422072	31.61819537658464	0.0
109.0	26.437640029873037	22.47946228528753	20.463032113517553	30.61986557132188	0.0
110.0	26.81105302464526	20.537714712471995	19.342793129200896	33.30843913368185	0.0
111.0	30.097087378640776	17.32636295743092	21.28454070201643	31.292008961911876	0.0
112.0	26.103216155572177	19.970082273747195	21.39117427075542	32.53552729992521	0.0
113.0	31.488406881077037	19.3717277486911	17.87584143605086	31.264023934181	0.0
114.0	28.539325842696627	18.202247191011235	19.176029962546817	34.08239700374532	0.0
115.0	27.661169415292353	18.89055472263868	19.11544227886057	34.33283358320839	0.0
116.0	30.12772351615327	17.95642374154771	19.00826446280992	32.90758827948911	0.0
117.0	32.95711060948081	17.607223476297968	18.735891647855528	30.699774266365687	0.0
118.0	27.128862094951018	18.538055764883197	21.175584024114542	33.157498116051244	0.0
119.0	24.07547169811321	21.58490566037736	26.113207547169807	28.226415094339625	0.0
120.0	27.89115646258503	22.071050642479214	20.181405895691608	29.856386999244144	0.0
121.0	30.63540090771558	17.700453857791228	18.38124054462935	33.28290468986384	0.0
122.0	30.734292202876606	18.54655563966692	21.34746404239213	29.371688115064345	0.0
123.0	32.8030303030303	19.090909090909093	18.484848484848484	29.62121212121212	0.0
124.0	28.495440729483285	18.9209726443769	20.820668693009118	31.762917933130698	0.0
125.0	29.559270516717323	18.9209726443769	17.02127659574468	34.4984802431611	0.0
126.0	29.855293221629854	17.66945925361767	19.573495811119574	32.901751713632905	0.0
127.0	28.29900839054157	19.75591151792525	21.73913043478261	30.205949656750576	0.0
128.0	31.417624521072796	15.632183908045977	19.386973180076627	33.5632183908046	0.0
129.0	29.9079754601227	18.25153374233129	16.794478527607364	35.04601226993865	0.0
130.0	30.822444273635664	19.6771714066103	16.372021521906227	33.128362797847814	0.0
131.0	29.82321291314374	20.445810914681015	18.754803996925443	30.976172175249804	0.0
132.0	29.452582883577488	18.966846569005398	22.35929067077872	29.221279876638395	0.0
133.0	28.8476411446249	20.5723124516628	20.10827532869296	30.471771075019333	0.0
134.0	26.356589147286826	19.379844961240313	22.248062015503876	32.015503875968996	0.0
135.0	29.092319627618306	18.076027928626843	19.78277734678045	33.0488750969744	0.0
136.0	25.019425019425018	17.17171717171717	23.310023310023308	34.4988344988345	0.0
137.0	29.540140296180827	14.964925954793454	19.719407638347622	35.77552611067809	0.0
138.0	28.59375	16.953125	20.9375	33.515625	0.0
139.0	28.4037558685446	18.857589984350547	19.640062597809077	33.098591549295776	0.0
140.0	27.92156862745098	16.784313725490197	21.96078431372549	33.33333333333333	0.0
141.0	33.0188679245283	16.11635220125786	18.867924528301888	31.99685534591195	0.0
142.0	32.781717888100864	14.263199369582349	21.35539795114263	31.599684791174155	0.0
143.0	32.46239113222486	17.339667458432302	20.031670625494854	30.16627078384798	0.0
144.0	31.825396825396822	17.77777777777778	18.253968253968253	32.142857142857146	0.0
145.0	28.095238095238095	18.174603174603174	20.952380952380953	32.77777777777778	0.0
146.0	28.92430278884462	18.00796812749004	18.804780876494025	34.26294820717131	0.0
147.0	29.63258785942492	18.53035143769968	19.169329073482427	32.66773162939297	0.0
148.0	29.23694779116466	19.116465863453815	19.196787148594378	32.44979919678715	0.0
149.0	32.20883534136546	18.55421686746988	15.66265060240964	33.57429718875502	0.0
150.0	28.23813354786806	20.434432823813356	19.388576025744168	31.938857602574416	0.0
151.0	27.375201288244767	19.32367149758454	20.531400966183575	32.769726247987116	0.0
152.0	30.701047542304593	17.888799355358582	17.485898468976632	33.92425463336019	0.0
153.0	30.663430420711972	17.233009708737864	19.983818770226538	32.11974110032362	0.0
154.0	33.116883116883116	16.233766233766232	19.886363636363637	30.762987012987015	0.0
155.0	31.239804241435564	19.820554649265905	16.476345840130506	32.46329526916802	0.0
156.0	30.27823240589198	14.893617021276595	19.639934533551553	35.188216039279865	0.0
157.0	32.37232289950577	16.72158154859967	19.192751235584844	31.713344316309723	0.0
158.0	30.74380165289256	21.074380165289256	16.694214876033058	31.48760330578512	0.0
159.0	34.93377483443709	14.23841059602649	20.447019867549667	30.38079470198676	0.0
160.0	26.141078838174277	18.008298755186722	23.485477178423235	32.365145228215766	0.0
161.0	28.297161936560933	19.69949916527546	21.702838063439064	30.30050083472454	0.0
162.0	32.016806722689076	19.15966386554622	19.831932773109244	28.991596638655466	0.0
163.0	30.58129738837405	15.838247683235046	16.427969671440607	37.1524852569503	0.0
164.0	30.185497470489036	15.261382799325462	24.367622259696457	30.185497470489036	0.0
165.0	31.445477599323752	18.850380388841927	21.21724429416737	28.48689771766695	0.0
166.0	28.535139712108382	20.321761219305674	20.660457239627434	30.482641828958513	0.0
167.0	27.125850340136054	20.578231292517007	21.343537414965986	30.952380952380953	0.0
168.0	29.27659574468085	18.21276595744681	20.340425531914892	32.170212765957444	0.0
169.0	25.726495726495724	18.37606837606838	21.367521367521366	34.52991452991453	0.0
170.0	31.01970865467009	16.795201371036846	18.337617823479004	33.84747215081405	0.0
171.0	30.960548885077188	18.181818181818183	18.010291595197256	32.84734133790737	0.0
172.0	27.405498281786944	19.93127147766323	17.525773195876287	35.13745704467354	0.0
173.0	28.485370051635112	18.9328743545611	21.17039586919105	31.411359724612737	0.0
174.0	33.1028522039758	16.248919619706136	18.409680207433016	32.238547968885044	0.0
175.0	27.69097222222222	20.48611111111111	21.961805555555554	29.86111111111111	0.0
176.0	31.064572425828967	17.10296684118674	18.237347294938917	33.595113438045374	0.0
177.0	28.396143733567047	22.261174408413673	17.616126205083262	31.72655565293602	0.0
178.0	25.97173144876325	21.73144876325088	21.46643109540636	30.830388692579508	0.0
179.0	26.619343389529725	18.722271517302573	22.005323868677905	32.6530612244898	0.0
180.0	31.27792672028597	16.175156389633603	20.464700625558535	32.0822162645219	0.0
181.0	28.994614003590662	18.043087971274684	20.287253141831236	32.675044883303414	0.0
182.0	33.092876465284036	18.12443642921551	20.28854824165915	28.4941388638413	0.0
183.0	31.941923774954628	19.96370235934664	21.32486388384755	26.76950998185118	0.0
184.0	28.28282828282828	21.21212121212121	20.9366391184573	29.56841138659321	0.0
185.0	27.516158818097875	17.451523545706372	26.777469990766388	28.254847645429365	0.0
186.0	28.49213691026827	18.68640148011101	23.774283071230343	29.047178538390376	0.0
187.0	28.412256267409468	21.91272051996286	17.548746518105848	32.12627669452182	0.0
188.0	30.130597014925375	18.19029850746269	20.33582089552239	31.343283582089555	0.0
189.0	30.646672914714152	19.0253045923149	20.33739456419869	29.990627928772255	0.0
190.0	28.934967012252592	17.05937794533459	20.82940622054665	33.17624882186617	0.0
191.0	29.688972667295005	18.473138548539115	19.886899151743638	31.950989632422242	0.0
192.0	30.834914611005694	20.777988614800762	21.25237191650854	27.13472485768501	0.0
193.0	31.649189704480456	18.970448045757866	20.30505243088656	29.075309818875116	0.0
194.0	28.831417624521073	20.689655172413794	21.839080459770116	28.639846743295017	0.0
195.0	26.601941747572816	20.58252427184466	19.514563106796118	33.300970873786405	0.0
196.0	29.6368989205103	17.664376840039253	21.589793915603533	31.108930323846906	0.0
197.0	32.34126984126984	19.1468253968254	20.238095238095237	28.273809523809522	0.0
198.0	28.907048008171603	23.595505617977526	20.531154239019408	26.96629213483146	0.0
199.0	25.841476655808904	26.167209554831704	20.955483170466884	27.035830618892508	0.0
200.0	28.1413612565445	17.277486910994764	18.586387434554975	35.99476439790576	0.0
201.0	33.931777378815084	18.491921005385997	16.337522441651707	31.23877917414722	0.0
202.0	35.85585585585586	16.936936936936934	19.45945945945946	27.74774774774775	0.0
203.0	34.177215189873415	15.370705244122965	20.43399638336347	30.018083182640144	0.0
204.0	34.0	19.272727272727273	21.818181818181817	24.90909090909091	0.0
205.0	35.88342440801457	16.39344262295082	21.67577413479053	26.04735883424408	0.0
206.0	29.77941176470588	22.24264705882353	18.933823529411764	29.044117647058826	0.0
207.0	24.814814814814813	22.037037037037038	17.77777777777778	35.37037037037037	0.0
208.0	23.88059701492537	18.470149253731343	22.201492537313435	35.44776119402985	0.0
209.0	23.220973782771537	17.415730337078653	23.40823970037453	35.95505617977528	0.0
210.0	29.135338345864664	16.917293233082706	19.172932330827066	34.774436090225564	0.0
211.0	31.568998109640834	17.20226843100189	20.415879017013232	30.812854442344044	0.0
212.0	26.755218216318788	14.990512333965844	25.996204933586338	32.25806451612903	0.0
213.0	25.9047619047619	20.952380952380953	19.238095238095237	33.904761904761905	0.0
214.0	28.023032629558543	26.103646833013432	16.698656429942417	29.174664107485604	0.0
215.0	28.26923076923077	23.076923076923077	16.346153846153847	32.30769230769231	0.0
216.0	32.495164410058024	18.3752417794971	17.408123791102515	31.721470019342355	0.0
217.0	28.82703777335984	17.296222664015904	21.47117296222664	32.40556660039761	0.0
218.0	23.92638036809816	17.38241308793456	19.222903885480573	39.46830265848671	0.0
219.0	22.573363431151243	24.37923250564334	21.44469525959368	31.60270880361174	0.0
220.0	0.0	31.316725978647685	21.70818505338078	46.97508896797153	0.0
