# Position (bp)	A	C	G	T	N
0.0	25.894803054824035	24.04985903686111	24.07988094948867	25.975456958826186	0.0
1.0	26.122677640198045	20.06829602320415	15.598420118540107	38.2106062180577	0.0
2.0	28.339135769243995	19.184870782390437	18.63713226277855	33.838861185587014	0.0
3.0	22.72131425505561	22.381666963036782	15.352788067414865	39.54423071449275	0.0
4.0	33.77842124615164	13.245910935840207	14.830478438228143	38.14518937978001	0.0
5.0	34.33693347569529	14.966665908699026	23.223115661001657	27.473284954604026	0.0
6.0	30.582095999923325	17.40126694703001	21.12868828231522	30.887948770731445	0.0
7.0	34.8853235633367	17.110350982316756	20.077198307868883	27.92712714647766	0.0
8.0	22.760858063943193	26.812137903526995	22.555097187628817	27.871906844900995	0.0
9.0	27.73780185475368	18.778216161991242	15.789825170037439	37.69415681321764	0.0
10.0	26.122057461944024	16.597687170670188	25.181966493226387	32.098288874159394	0.0
11.0	28.043950302952076	17.94126562361879	19.925852267136975	34.08893180629215	0.0
12.0	25.862391538651103	19.704553034175106	21.433643825180436	32.99941160199336	0.0
13.0	26.505867106063658	20.750465921294552	18.743081531409047	34.000585441232744	0.0
14.0	30.784400509503122	18.300044647285933	20.26898078066376	30.646574062547188	0.0
15.0	29.93540876430607	18.388034160322604	20.035395642347407	31.641161433023925	0.0
16.0	29.6921988171477	17.55814929200049	18.808018403776433	33.94163348707538	0.0
17.0	30.283482227290882	17.96044387089828	19.670611308926084	32.08546259288475	0.0
18.0	30.9316988287199	17.53981729380351	18.831692986542496	32.69679089093409	0.0
19.0	29.67512089891636	18.29792392669362	20.01980630683952	32.0071488675505	0.0
20.0	29.638365140573697	17.875421327536426	19.696427003828614	32.78978652806126	0.0
21.0	29.162069647930817	18.376410980153217	19.560813039413695	32.900706332502274	0.0
22.0	29.630942618500615	19.23988072170161	22.232227673221836	28.896948986575943	0.0
23.0	29.7907511500576	20.162608290569718	21.084040996383866	28.962599562988817	0.0
24.0	32.173207407391544	19.39196085802316	18.34774046906873	30.087091265516563	0.0
25.0	29.218156590134143	21.24775450864688	19.3687552807727	30.165333620446276	0.0
26.0	31.901622626538963	16.900827866105452	21.64595038716915	29.551599120186435	0.0
27.0	26.118437962856188	21.073753462356752	24.973248843009273	27.834559731777787	0.0
28.0	26.268356595497117	19.710935587496188	18.546384696472376	35.474323120534315	0.0
29.0	27.639718527359385	20.101484636959654	17.57744988854492	34.68134694713604	0.0
30.0	26.43098664701917	19.169750379168427	16.277987104493565	38.12127586931883	0.0
31.0	34.030164203401995	14.398205427300578	18.188527553100126	33.3831028161973	0.0
32.0	33.821886419897865	15.917819523329122	22.608601580231795	27.65169247654122	0.0
33.0	31.10892616090996	17.925717386538224	20.561899237862118	30.4034572146897	0.0
34.0	33.44481790058788	16.673724149971502	21.742353431926205	28.13910451751441	0.0
35.0	26.179983803824364	20.598111353849358	25.414713780900307	27.807191061425975	0.0
