# Position (bp)	A	C	G	T	N
0.0	27.079604094042264	24.08997548030799	24.19629597983047	24.633799968201192	3.244776180747013E-4
1.0	27.045131030086633	20.30336442278496	15.216028977579846	37.435367894237004	1.07675311558514E-4
2.0	28.104122163940264	20.18101858358752	17.68825793216953	34.0260648735756	5.364467270848734E-4
3.0	23.72612861613895	22.06007876727714	14.906846249783401	39.304165338547406	0.002781028253107799
4.0	34.064575403876056	14.261778408285469	14.269985429872067	37.402275156919316	0.0013856010470880528
5.0	36.042575373944125	14.653396880784697	22.267601438328473	27.031851741526413	0.004574565416285453
6.0	32.03149311924413	17.602351044407083	20.268624029381684	30.097213179698347	3.186272687589149E-4
7.0	35.00845356057183	17.251203333057557	20.455919507678207	27.283893262395548	5.303362968525601E-4
8.0	23.41031798407061	26.88813303659481	21.68030837643704	28.021240602897546	0.0
9.0	28.6706619017333	18.464504809203362	15.849364893080017	37.01462179840607	8.465975772493832E-4
10.0	26.958116046845067	17.290189012810917	24.66249222843947	31.08729947259124	0.0019032393133112558
11.0	28.24394980027236	18.666848381313393	19.534747115544103	33.55445470287014	0.0
12.0	26.36611920901748	20.2940794550831	20.965407447211703	32.37439388868772	0.0
13.0	27.17230088252855	21.254739134012265	18.220005527671056	33.352427006259774	5.274495283546318E-4
14.0	31.133130370754824	18.84893634528112	20.220832568531517	29.796678755809857	4.219596226837054E-4
15.0	29.734545201369684	18.514638834209954	19.22732863692273	32.523381837591955	1.0548990567092635E-4
16.0	30.3821477322835	17.539595636093583	19.072891415020496	33.005048746885414	3.1646971701277906E-4
17.0	29.698784123347238	18.477822857130803	20.33950871241131	31.48356783739364	3.1646971701277906E-4
18.0	31.872298139791006	18.154074336626728	18.287097107677766	31.6865304159045	0.0
19.0	30.620238449382782	18.403979923161152	19.628084788566582	31.347696838889487	0.0
20.0	30.27760723576361	17.866614343673454	19.87841233472369	31.976627656499552	7.384293396964845E-4
21.0	29.83592100071944	17.529363115243502	19.286086514381438	33.34757447059891	0.0010548990567092636
22.0	28.637133712675034	18.908432652079522	19.87408724859118	32.58013540684292	2.109798113418527E-4
23.0	29.75163456608837	17.468284459860037	20.025992712757315	32.75261140261488	0.001476858679392969
24.0	30.78701799024851	17.949423919625133	18.621605598560272	32.64184700166041	1.0548990567092635E-4
25.0	29.228193654149237	18.212199274651407	19.032910740771218	33.526485350616795	2.109798113418527E-4
26.0	31.091778327731816	17.449085297027928	20.69363832574861	30.76518157977463	3.1646971701277906E-4
27.0	28.80602305165419	18.322436226077528	19.769335772259954	33.10199397019699	2.109798113418527E-4
28.0	29.834549631945716	18.009553165857557	20.22557961428671	31.92979013838166	5.274495283546318E-4
29.0	29.107561239850497	18.752828463014517	19.127847055708457	33.01123578911613	5.274523103993553E-4
30.0	30.190110378163627	18.211289313583485	18.930651540262236	32.66657734858211	0.0013714194085384572
31.0	30.40096887448518	18.426760515832825	19.43646192019445	31.733171291607587	0.0026373978799540884
32.0	29.208166779021592	18.647331069355168	19.35585284774905	32.788016318366395	6.329855077967989E-4
33.0	29.535822689057014	17.75683679573434	19.639731645019406	33.06750336815252	1.0550203671681883E-4
34.0	29.403727415835608	18.31095139419364	19.303050893237728	32.98058215550313	0.0016881412298952931
35.0	30.386700588698883	17.32477877510433	19.37935375355044	32.908426380903514	7.405017428237448E-4
36.0	31.068199597113527	17.40393338294433	18.95789381199831	32.569443929868534	5.292780752908648E-4
37.0	28.88658688748933	18.931136969789407	19.51030922375242	32.67069587525129	0.001271043717548665
38.0	30.642085322325368	18.223354397302284	19.201392532944915	31.932637702914292	5.300445131382134E-4
39.0	29.921539898925552	18.899435172208772	19.262857264195013	31.915318299571073	8.49365099588058E-4
40.0	29.556525279743163	18.86830060691849	19.25703115173815	32.316544124700755	0.0015988368994502133
41.0	29.1751220520377	18.14862131260421	20.71452512949456	31.960660639114693	0.001070866748837842
42.0	28.89080778268957	18.64713691020866	19.68430616952997	32.777641736799374	1.074007724263553E-4
43.0	29.54471805549425	18.449205633184153	20.31354799952199	31.692312992475667	2.1531932394038667E-4
44.0	29.49149544111635	18.861255259731784	19.720178493804816	31.926962941070506	1.0786427653811762E-4
45.0	29.45707279484794	18.72864879352512	19.77231143662751	32.04121046278014	7.565122192934392E-4
46.0	29.93426642608734	17.64610377310498	19.57698015220575	32.84243317050573	2.1647809620503071E-4
47.0	29.96553592717026	18.63585130594993	19.42646580687114	31.971605072071096	5.418879375745096E-4
48.0	30.245251713701908	18.155094227833104	18.624849844228645	32.973936104989136	8.68109247208215E-4
49.0	28.789118573600348	18.517963112077517	20.13655029573582	32.55615068563114	2.1733295517399135E-4
50.0	29.726255145108958	18.60148911274244	19.03009384853061	32.64118135405976	9.805395582342443E-4
51.0	30.110168221723256	18.12979791737985	19.421783624931507	32.33825023596539	0.0
52.0	29.261036879496512	18.348348711233463	19.885442974703636	32.504841868900975	3.2956566540955675E-4
53.0	30.97586425213595	18.25501697510098	19.136751589968036	31.632367182795036	0.0
54.0	29.63738506421352	18.944427966195487	19.05521344743168	32.36208812370787	8.853984514381084E-4
55.0	28.73085276000053	18.46651092763909	18.2906383375599	34.511886944124925	1.1103067555504234E-4
56.0	29.49333434277533	18.068863242134704	20.660085995551032	31.777716419538937	0.0
57.0	28.324628768243603	19.01875879335872	19.424773478616448	33.23128109404166	5.578657395681896E-4
58.0	30.427990588993058	17.831934802834038	21.824791562298717	29.914947577470834	3.354684033493165E-4
59.0	29.224536647811984	20.540844716764976	20.970736005273032	29.26377053333423	1.1209681577785101E-4
60.0	30.79455588747093	18.874416678109867	20.06120799688445	30.26981943753475	0.0
61.0	28.883928319139194	21.214008397805042	19.41486626241163	30.484710456567072	0.0024865640770608812
62.0	30.619674274507574	16.843248159622544	21.474689480715117	31.06193332006935	4.547650854105676E-4
63.0	26.08454156073204	20.37838704505371	25.265924551638836	28.270688746879223	4.580956961909343E-4
64.0	26.324609985073682	20.38301281127715	18.05254755963324	35.23913807709819	6.915669177438782E-4
65.0	27.52994465066604	19.54064575382592	18.714406481890574	34.21407540636477	9.277072526993383E-4
66.0	26.946665359788284	19.333281991682654	17.21987295275168	36.496562443115785	0.0036172526615978456
67.0	33.45566790096651	14.37394003767451	17.72427189023925	34.443655483636235	0.0024646874834953966
68.0	34.33029862654585	15.489827320909558	22.93269504758648	27.24516061624969	0.0020183887084211927
69.0	31.901118877040176	17.034319681931738	20.37478978526504	30.689285610133076	4.8604562996374106E-4
70.0	32.58249850169633	16.41590024772828	22.26892354258002	28.732546565442103	1.3114255326682658E-4
71.0	26.024865228998706	20.014800336491955	25.01041167169137	28.949424993653444	4.97769164527642E-4
