# Position (bp)	A	C	G	T	N
0.0	27.245720040281974	23.30941591137966	23.981621349446122	25.46324269889225	0.0
1.0	26.32429993231217	20.211085762992305	15.848980922058715	37.615633382636815	0.0
2.0	27.40785151322117	20.570564944230025	17.26808308664643	34.753500455902376	0.0
3.0	24.717758498363185	20.56286486015509	15.45949040939021	39.25988623209151	0.0
4.0	32.46108310938835	15.586570731526086	14.603276820765581	37.34906933831998	0.0
5.0	34.48612691033187	14.734902814184677	21.75799990108314	29.007369306098223	0.01360106830209209
6.0	31.488175279734516	17.214621448574498	21.407863408134816	29.881937847740538	0.00740201581564046
7.0	33.8892241750933	17.997068640612877	19.70538606495794	28.407089455727853	0.0012316636080353734
8.0	25.728053892583624	26.019398379780444	21.011223523916065	27.23886560045238	0.002458603267483743
9.0	27.86621465595598	18.75107475372786	16.311690863979166	37.0697914363623	0.0012282899746972266
10.0	26.752131509538124	17.586947187634177	23.816475495307614	31.843219039440594	0.0012267680794945716
11.0	27.357889057825297	19.30084849673844	20.243758889597334	33.09382510177056	0.0036784540683702
12.0	26.460603238022866	20.635348620592453	20.29218192737122	32.60696383268172	0.004902381331731889
13.0	26.67572962976571	21.490245067421096	18.59866994892898	33.235355353884216	0.0
14.0	31.21455952774614	18.910974758423045	19.71806836413516	30.153947900209428	0.0024494494862279705
15.0	29.75468763395427	17.961813082509707	19.57722501867705	32.706274264858976	0.0
16.0	29.940845794907595	17.454777038860517	18.951390674945806	33.652986491286086	0.0
17.0	29.3897196605063	18.20920748061873	21.062816132074317	31.333357827828195	0.004898898972455941
18.0	31.597898372340815	18.64276003968108	18.6182655448188	31.130053520471275	0.011022522688025867
19.0	29.905328777357287	18.625613893277485	20.250823627389742	31.21823370197548	0.0
20.0	30.032700150641144	17.465799561548543	20.629263573011965	31.872236714798348	0.0
21.0	29.43870865023086	17.6458340987863	19.255122411238073	33.65911011500165	0.0012247247431139852
22.0	28.025376296677322	18.942817601744007	20.21285716035321	32.818948941225464	0.0
23.0	29.46442786983625	17.223304062411973	20.548431739966443	32.76261160304222	0.0012247247431139852
24.0	30.76141137279396	17.574800063685686	18.48232109833315	33.17779329095786	0.0036741742293419553
25.0	29.172943380975124	17.773205472070153	18.841165448065546	34.212685698889175	0.0
26.0	30.995333798728737	17.359248508897625	20.808073385506606	30.83734430686703	0.0
27.0	28.443007434079192	18.42108486117745	19.942192992125022	33.19371471261834	0.0
28.0	29.71182226794528	17.149820577825135	20.966062877368312	32.16984482737505	0.0024494494862279705
29.0	28.888807240572685	18.896278061505676	18.72481659746972	33.487648650965696	0.0024494494862279705
30.0	30.09797917942437	17.806491120636863	19.15248009797918	32.940600122473974	0.002449479485609308
31.0	29.828536436007347	18.593998775260257	18.81077770973668	32.7642375995101	0.002449479485609308
32.0	29.003772290809327	18.028610621203214	19.160297864001567	33.80731922398589	0.0
33.0	29.57020197689943	17.13680291023113	20.15849491077006	33.13205051259753	0.0024496895018556396
34.0	29.140638396903558	18.075255383258618	19.451997746258055	33.33210847357977	0.0
35.0	30.413255551742736	16.67728810235796	19.869846561105938	33.03960978479337	0.0
36.0	31.78720274577102	17.430742829124785	18.282667320421673	32.498161314047564	0.001225790634959549
37.0	28.378063582751984	19.3040962200998	19.665779826637078	32.65083432438728	0.0012260461238551793
38.0	30.363975277150985	18.577700382615518	18.72363386637889	32.33469047385461	0.0
39.0	30.147338461349722	18.31364322255346	19.031320157520888	32.507698158575934	0.0
40.0	29.508116205397705	18.973011468284177	19.16210309177083	32.355541366862305	0.0012278676849782667
41.0	28.639022711631107	17.85222691967358	21.67068134893324	31.836840035394747	0.0012289843673188477
42.0	28.29928793673828	18.904726181545385	19.867671835991786	32.92339478312201	0.0049192626025358795
43.0	29.53135768435562	18.3789504775032	20.087132027173375	31.995175740868365	0.00738407009943881
44.0	28.574066550947297	18.971821102780957	20.161022269823096	32.29309007644864	0.0
45.0	29.643134308133877	18.448120819423742	19.757572771283215	32.14994025548479	0.0012318456743739144
46.0	29.901290251025912	17.22799364116973	19.946516815162607	32.924199292641745	0.0
47.0	30.25185221711313	18.93144639356994	19.284014842392043	31.531453790110824	0.0012327568140632897
48.0	30.153777854509134	18.699979035897943	18.207939228767682	32.938303880825245	0.0
49.0	27.879086983343615	19.680444170265268	20.133251079580504	32.304750154225786	0.0024676125848241827
50.0	28.955879811372	19.06031651976397	18.833172851393723	33.15063081747031	0.0
51.0	30.948762617838565	17.564278389364567	19.20382519737574	32.28313379542113	0.0
52.0	29.34700592506463	18.3330653241468	20.037603750479324	32.28232500030924	0.0
53.0	30.56346749226006	18.439628482972136	19.06501547987616	31.91950464396285	0.01238390092879257
54.0	30.000867721981876	19.521265386570143	19.1568221541818	31.316086325941168	0.004958411325011466
55.0	29.25900191081222	18.513785145296175	17.99141375288483	34.2345584038514	0.0012407871553713676
56.0	30.259938648020963	17.63931494429886	20.6547522944895	31.44475217029521	0.0012419428954656665
57.0	27.810849437643697	19.149940968122785	19.80239855837942	33.236811035854096	0.0
58.0	30.82080177121037	17.48448325186263	21.88887645061383	29.80583852631317	0.0
59.0	27.6680530995492	22.30704092052502	20.842569300889142	29.172374287066326	0.009962391970312071
60.0	30.20186141677271	18.753898744916036	20.544202410360057	30.50003742795119	0.0
61.0	29.298208324477066	20.917467898625926	19.07202960703167	30.712294169865345	0.0
62.0	30.382364367801685	16.82979709999624	21.763813868384442	31.024024663817627	0.0
63.0	25.791718567168687	20.785364687527522	25.727550673762885	27.69410787755256	0.0012581939883491236
64.0	26.00974402988842	21.49618821628717	17.640228202150755	34.85131519159893	0.002524360074721058
65.0	26.85487752362135	19.407503103072678	19.425234946931123	34.30478506472123	0.007599361653621096
66.0	26.902108299762357	19.05857235445869	17.76487183723265	36.27063503158002	0.0038124769662849956
67.0	32.2029358874619	14.769988139116682	18.128021017995383	34.89777959162851	0.0012753637975232435
68.0	34.135613770331105	15.95789962465658	22.799210617962313	27.107275987050006	0.0
69.0	32.65852853843616	16.679643681953152	20.340481689211483	30.32134609039921	0.0
70.0	31.324463860206514	16.747985929876318	23.764609100192896	28.162941109724272	0.0
71.0	25.54119518778713	19.906687402799378	24.06821472622942	30.483902683184066	0.0
