# Position (bp)	A	C	G	T	N
0.0	30.81134892981583	18.387257341961174	18.924838227974117	31.876555500248884	0.0
1.0	22.628173220507716	25.25634644101543	24.081632653061224	28.03384768541563	0.0
2.0	28.788480635551146	19.10625620655412	19.622641509433965	32.48262164846077	0.0
3.0	30.84473527662106	20.99940511600238	19.700575054531033	28.455284552845526	0.0
4.0	30.47571853320119	18.82061446977205	19.147670961347867	31.55599603567889	0.0
5.0	31.79477020602219	18.17551505546751	17.541600633914424	32.48811410459588	0.0
6.0	31.831683168316832	18.504950495049506	20.683168316831683	28.98019801980198	0.0
7.0	31.752944669900028	19.320993764228447	18.925071760863112	30.000989805008416	0.0
8.0	30.599525128611	20.132568262762167	18.796992481203006	30.47091412742382	0.0
9.0	28.449896132159463	19.556830547037293	17.44979721040657	34.543476110396675	0.0
10.0	26.824925816023736	18.001978239366963	21.4540059347181	33.7190900098912	0.0
11.0	26.310583580613255	18.84272997032641	21.641938674579624	33.204747774480715	0.0
12.0	27.89317507418398	19.129574678536102	19.228486646884274	33.74876360039565	0.0
13.0	28.417408506429275	20.207715133531156	18.733926805143422	32.640949554896146	0.0
14.0	29.24248417721519	19.303797468354432	20.19382911392405	31.25988924050633	0.0
15.0	26.470879066548008	20.132502719272225	21.378423810936418	32.01819440324335	0.0
16.0	28.93019576824204	18.6770812734823	21.435633774965396	30.957089183310266	0.0
17.0	30.245204666798497	17.67846549337552	19.735020763298397	32.34130907652759	0.0
18.0	27.669039145907476	19.958481613285883	20.35389482008699	32.018584420719655	0.0
19.0	26.994168231689237	20.964712859543344	21.65661757437976	30.384501334387664	0.0
20.0	27.30058317683108	21.24147474547791	19.274488484728675	32.183453592962344	0.0
21.0	26.44007509139413	20.057306590257877	20.264795968777786	33.2378223495702	0.0
22.0	28.821090047393366	19.530015797788312	20.250789889415483	31.398104265402843	0.0
23.0	29.8756415317805	21.59494670351362	17.81484405842874	30.71456770627714	0.0
24.0	29.56384448391553	18.442865600947307	17.91987369252023	34.073416222616935	0.0
25.0	27.956989247311824	19.492946631153202	16.977409489987174	35.57265463154779	0.0
26.0	30.384615384615383	17.761341222879683	16.73570019723866	35.11834319526627	0.0
27.0	27.758603687999212	18.873878315747955	18.154028202346908	35.21348979390593	0.0
28.0	29.63912443305068	18.122658252810098	16.801419838296194	35.43679747584303	0.0
29.0	29.330572808833676	17.53918958887903	17.026520753228827	36.103716849058465	0.0
30.0	30.53171549768176	16.819571865443425	18.06254315872546	34.58616947814935	0.0
31.0	30.375123395853898	16.60414610069102	18.035538005923	34.98519249753208	0.0
32.0	29.21770051363098	19.44883445278546	19.35993678387989	31.973528249703676	0.0
33.0	28.677269584115383	19.233428825447003	19.885409463597746	32.20389212683987	0.0
34.0	33.214709371293	15.62870699881376	20.096876235666272	31.059707394226965	0.0
35.0	29.928811548348822	17.737789203084834	19.903104607474788	32.43029464109156	0.0
36.0	30.954028670291645	17.36035590706871	17.666831438457738	34.01878398418191	0.0
37.0	29.30471763425972	19.800217584808625	18.91998813173771	31.975076649193944	0.0
38.0	27.9184804115552	19.410368025326473	18.24297586070439	34.42817570241393	0.0
39.0	30.714427073025924	17.425291905798534	17.405501682169007	34.45477933900653	0.0
40.0	27.85198377362224	17.73028594043732	20.005936479667557	34.411793806272875	0.0
41.0	27.991685637929326	16.915767593784025	21.854894585766605	33.237652182520044	0.0
42.0	31.139265564683754	15.71810353360388	20.32069682272592	32.821934078986445	0.0
43.0	29.513064133016627	18.319477434679335	20.724465558194773	31.442992874109265	0.0
44.0	31.330429617897448	19.332805385072263	16.966937240150465	32.36982775687983	0.0
45.0	33.673772930094195	15.488349033217649	17.788795240456125	33.04908279623203	0.0
46.0	30.583101943673146	15.608885362951211	20.239984133280444	33.5680285600952	0.0
47.0	32.959619009822404	17.035420180573468	18.870919734100607	31.13404107550352	0.0
48.0	28.765628100813657	17.850764040484222	20.430641000198452	32.95296685850367	0.0
49.0	29.592140518011313	18.447950779001687	19.10290761139228	32.857001091594725	0.0
50.0	28.828202581926515	19.23535253227408	19.45382323733863	32.48262164846077	0.0
51.0	29.76060395351147	17.72126750769842	18.55567696433893	33.96245157445117	0.0
52.0	28.710510629843032	17.405126167295847	21.349095966620308	32.53526723624081	0.0
53.0	29.238719936394354	21.158815344861857	19.290399522957664	30.312065195786126	0.0
54.0	29.623372751664512	20.39153333995826	18.11587001888105	31.869223889496173	0.0
55.0	29.741550695825048	17.98210735586481	18.20079522862823	34.07554671968191	0.0
56.0	26.274977631971367	18.898498856745203	20.439407495774926	34.387116015508504	0.0
57.0	29.953275673526196	17.86459886668655	19.68386519534745	32.49826026443981	0.0
58.0	28.579952267303106	19.759347653142402	18.75497215592681	32.90572792362769	0.0
59.0	28.53306812531079	18.89607160616609	19.78120338140229	32.789656887120834	0.0
60.0	29.82996917569852	17.94769812071194	19.459083225614	32.763249477975535	0.0
61.0	29.10410659242319	18.116734612707567	21.755990852142787	31.02316794272646	0.0
62.0	28.761810044753854	19.9801093983093	20.16907011437096	31.08901044256589	0.0
63.0	30.442565887618102	18.23968175037295	19.97016409746395	31.347588264545003	0.0
64.0	28.889773179466772	19.419021090330283	19.488658973338637	32.2025467568643	0.0
65.0	28.92956625547155	19.846796657381617	18.961400716275367	32.26223637087146	0.0
66.0	29.37313432835821	18.47761194029851	19.791044776119403	32.35820895522388	0.0
67.0	29.4228855721393	20.139303482587064	18.696517412935325	31.74129353233831	0.0
68.0	27.984071677451468	20.75659532105525	19.581881533101043	31.67745146839224	0.0
69.0	29.03225806451613	19.59378733572282	20.14137793707686	31.232576662684192	0.0
70.0	29.908403026682596	20.649143767423336	18.80724810832338	30.63520509757069	0.0
71.0	29.27412127850244	21.07935875734342	19.914368216668326	29.732151747485812	0.0
72.0	28.706561784327395	19.117793488001595	20.003982873643334	32.17166185402768	0.0
73.0	30.00996015936255	16.89243027888446	21.02589641434263	32.07171314741036	0.0
74.0	30.494122335126516	18.439928272564256	20.422394899382347	30.643554492926878	0.0
75.0	29.44106804822158	19.69712065358175	21.161701703696323	29.70010959450035	0.0
76.0	30.646607552057386	20.73328683869682	18.621101922885323	29.999003686360464	0.0
77.0	31.055096144266216	20.922586430208227	18.431802331373916	29.590515094151637	0.0
78.0	28.43762455161419	18.324033479473893	21.602231964926265	31.63611000398565	0.0
79.0	29.656203288490286	20.25909317389138	18.026905829596412	32.05779770802192	0.0
80.0	31.71898355754858	16.920777279521673	18.644743398106627	32.715495764823125	0.0
81.0	29.74588938714499	18.076731439960138	19.72097658196313	32.45640259093174	0.0
82.0	31.53961136023916	15.645241654210265	22.341803687095165	30.473343298455408	0.0
83.0	31.878425510712503	16.611858495266567	20.239162929745888	31.270553064275035	0.0
84.0	28.171400099651223	17.179870453413056	20.378674638764323	34.2700548081714	0.0
85.0	29.054121399382037	17.213196451709358	21.40934914781222	32.32333300109638	0.0
86.0	28.668261562998403	20.1555023923445	19.437799043062203	31.738437001594892	0.0
87.0	31.22632103688933	17.357926221335994	20.40877367896311	31.006979062811563	0.0
88.0	30.73778664007976	17.966101694915253	19.062811565304088	32.2333000997009	0.0
89.0	31.592064599740805	16.518791745588675	18.622270960023926	33.266872694646594	0.0
90.0	29.309141660851363	16.00039876383212	18.881467450902203	35.80899212441432	0.0
91.0	29.548399960123618	18.39298175655468	17.186721164390388	34.87189711893131	0.0
92.0	30.296082145349416	18.432858139766722	16.897617386103082	34.373442328780776	0.0
93.0	32.80829428770811	16.817864619678996	20.13757352208155	30.236267570531357	0.0
94.0	30.625062306848772	16.279533446316417	19.988037085036385	33.10736716179842	0.0
95.0	30.907278165503488	16.660019940179463	19.122632103688932	33.31006979062812	0.0
96.0	29.663974474025327	17.439425665569846	18.885232824808057	34.01136703559677	0.0
97.0	29.115564861900488	17.63884734270615	19.852427958919133	33.393159836474226	0.0
98.0	31.229434639545318	19.563266527071494	17.210090736863094	31.99720809652009	0.0
99.0	29.45458171303221	18.974972579519395	17.6687605942766	33.9016851131718	0.0
100.0	31.427716252618975	17.220393095879476	20.323256510026937	31.02863414147461	0.0
101.0	30.66174268889111	20.30142728815251	18.92404431579998	30.1127857071564	0.0
102.0	29.664402716739914	18.64762285257691	19.38673591689972	32.30123851378346	0.0
103.0	29.569301488957727	19.256520435695013	20.94533826321575	30.228839812131508	0.0
104.0	29.138344662135147	17.24310275889644	20.76169532187125	32.85685725709716	0.0
105.0	29.992999299929995	18.991899189918993	18.701870187018702	32.313231323132314	0.0
106.0	32.355884707766215	20.036028823058448	17.684147317854286	29.923939151321054	0.0
107.0	31.240612796635624	19.325122659457293	18.774406728747373	30.659857815159707	0.0
108.0	31.367050575863797	18.15723585378067	19.639459188783174	30.83625438157236	0.0
109.0	27.781672508763144	18.067100650976464	19.24887330996495	34.90235353029544	0.0
110.0	28.720312656578816	19.290510071149413	18.52891071249624	33.46026655977553	0.0
111.0	31.481852817325045	19.219971927010228	18.1572087427311	31.140966512933627	0.0
112.0	28.88376291244609	19.095376592117137	19.07531842342794	32.94554207200883	0.0
113.0	30.354097702878924	17.24345470959976	19.721135520112348	32.68131206740897	0.0
114.0	31.216134858518963	16.84728075456552	18.342364037728277	33.59422034918724	0.0
115.0	27.489959839357432	19.2570281124498	16.566265060240966	36.68674698795181	0.0
116.0	29.682475884244376	17.815514469453376	17.77532154340836	34.726688102893895	0.0
117.0	31.832344959292392	17.881194089858276	17.800783998391797	32.48567695245753	0.0
118.0	30.646946372874535	18.30164000402455	19.871214407888118	31.180199215212802	0.0
119.0	25.42799597180262	20.372608257804632	21.832829808660627	32.36656596173212	0.0
120.0	28.829101168883515	19.85086658605401	20.163240628778716	31.15679161628376	0.0
121.0	31.438363068239088	18.828747102106643	19.050498941638946	30.68239088801532	0.0
122.0	29.764065335753177	18.86469046178665	18.824359749949586	32.54688445251059	0.0
123.0	31.080399475436295	16.796126298799557	19.711489962675273	32.411984263088875	0.0
124.0	32.75809869815319	17.872641033403976	19.09375315369866	30.275507114744173	0.0
125.0	30.916069083930914	18.765781234218764	18.907181092818906	31.410968589031413	0.0
126.0	30.503335354760463	17.606630280978372	20.032342834040833	31.857691530220333	0.0
127.0	29.565217391304348	19.03943377148635	19.332659251769464	32.06268958543984	0.0
128.0	30.89455575794374	17.28395061728395	18.62983201781016	33.19166160696215	0.0
129.0	30.38064385503138	19.467503543227373	20.23689005871634	29.914962543024902	0.0
130.0	30.44358922422524	18.989264735669433	17.98663155762609	32.58051448247924	0.0
131.0	29.39925032924729	18.812683618680985	20.160064836389424	31.6280012156823	0.0
132.0	27.184269207378875	18.23434015811879	21.548753294141495	33.032637340360836	0.0
133.0	27.266274589332795	19.13404988846076	20.92881768403975	32.6708578381667	0.0
134.0	26.54490106544901	19.58396752917301	21.572805682394723	32.29832572298326	0.0
135.0	28.031687995124926	18.46435100548446	20.952671135486494	32.551289863904124	0.0
136.0	29.990856446205427	18.317586101798234	18.845880321040333	32.845677130956005	0.0
137.0	28.834231121048887	18.111596706982418	18.457160280516312	34.59701189145238	0.0
138.0	28.32164277726949	18.48124428179323	18.72522110399512	34.471891836942156	0.0
139.0	30.345879959308242	17.87385554425229	19.03357070193286	32.74669379450661	0.0
140.0	28.80407124681934	17.414758269720103	21.19083969465649	32.590330788804074	0.0
141.0	28.955406230910203	17.878232539197718	21.380574221136225	31.785787008755857	0.0
142.0	31.958027709861454	17.970660146699267	18.84678076609617	31.224531377343112	0.0
143.0	32.86121866721011	18.066028123089463	19.02384348889342	30.04890972080701	0.0
144.0	30.25390027531355	19.404506984806773	18.01774242887733	32.323850311002346	0.0
145.0	32.173469387755105	16.775510204081634	17.520408163265305	33.53061224489796	0.0
146.0	30.46452271567126	18.141909137314958	17.805002552322613	33.58856559469117	0.0
147.0	30.051072522982636	18.85597548518897	19.244126659856995	31.848825331971398	0.0
148.0	29.06323424251711	19.29717029318623	18.96005720706916	32.679538257227506	0.0
149.0	29.27228127555192	18.550695012264924	18.693785772690106	33.48323793949305	0.0
150.0	29.094254753629116	16.86771621345328	19.719893682273565	34.31813535064404	0.0
151.0	29.950900163666123	19.128477905073648	19.148936170212767	31.771685761047465	0.0
152.0	28.188331627430912	19.355168884339815	18.843398157625384	33.61310133060389	0.0
153.0	31.526639344262296	18.063524590163933	17.83811475409836	32.57172131147541	0.0
154.0	30.41115554188455	16.456474930790527	19.10181482620732	34.0305547011176	0.0
155.0	30.376371654189317	18.285304071377297	19.423648856527535	31.91467541790586	0.0
156.0	31.244230177454096	16.668376243717304	19.63278284952303	32.45461072930557	0.0
157.0	31.60270880361174	18.64354607018264	19.761953621998767	29.991791504206855	0.0
158.0	31.403940886699505	18.7192118226601	18.729474548440063	31.14737274220033	0.0
159.0	31.35079609655881	15.880842321520289	21.08885464817668	31.67950693374422	0.0
160.0	28.11921891058582	18.29393627954779	22.857142857142858	30.729701952723538	0.0
161.0	29.17823716959786	17.278617710583152	21.762830402139258	31.78031471767973	0.0
162.0	29.406317522378846	18.962856260932195	21.14415063278115	30.486675583907807	0.0
163.0	30.077200205867214	16.12969634585692	20.277920741121978	33.51518270715388	0.0
164.0	31.54210417953469	16.96520485896644	21.96829318509368	29.524397776405188	0.0
165.0	31.82567484030497	17.123428806923553	21.728827529363283	29.322068823408205	0.0
166.0	30.847002991849788	18.6732693696482	20.870731455689672	29.608996182812337	0.0
167.0	28.37823887684526	18.302880148652832	20.966243419015175	32.35263755548674	0.0
168.0	29.019931839306	17.99029226479397	20.004130951151502	32.98564494474853	0.0
169.0	28.63049095607235	17.59173126614987	19.431524547803615	34.34625322997416	0.0
170.0	28.852119958634955	16.58738366080662	20.279214064115823	34.281282316442606	0.0
171.0	29.568724790567796	17.48888199400145	19.009204674733684	33.933188540697074	0.0
172.0	29.081315952824333	19.79102007034968	18.963376784605835	32.16428719222015	0.0
173.0	28.043478260869563	17.56728778467909	19.648033126293996	34.741200828157346	0.0
174.0	29.025906735751295	18.207253886010363	20.010362694300518	32.75647668393783	0.0
175.0	28.799502384408044	17.25067385444744	20.29856935517313	33.651254405971386	0.0
176.0	29.22933305673685	16.149776994087752	19.012550565294056	35.60833938388134	0.0
177.0	30.006225357958083	17.897904129487447	19.66175555094418	32.43411496161029	0.0
178.0	31.146179401993358	17.296511627906977	19.77782392026578	31.779485049833887	0.0
179.0	25.99979225096084	18.666251168588346	22.364184065648697	32.96977251480212	0.0
180.0	30.225548279804592	17.32668121816859	18.459619582164017	33.9881509198628	0.0
181.0	30.04782699105843	17.425660220420045	18.964441671865252	33.56207111665627	0.0
182.0	33.78757931967128	18.13169666077187	19.2967856028295	28.783938416727352	0.0
183.0	31.248048298115954	20.932653273654626	18.153429790777558	29.665868637451858	0.0
184.0	31.13079729025534	20.614903595622717	18.843147472642002	29.41115164147994	0.0
185.0	29.95305164319249	20.1773604590506	20.584246218049035	29.285341679707876	0.0
186.0	33.476036337057536	17.750861438863943	20.19421530750757	28.57888691657095	0.0
187.0	31.105076248172132	20.50344683517861	18.383120952579905	30.008355964069356	0.0
188.0	31.117382669593397	18.30249817079544	19.38956830772447	31.190550851886695	0.0
189.0	31.456676433654245	19.17120133947258	19.097948932607785	30.27417329426538	0.0
190.0	33.954364664015074	17.039983253087712	17.448189240108857	31.557462842788357	0.0
191.0	30.58872826314687	17.630421118793212	18.583699979048816	33.197150639011106	0.0
192.0	32.60618772941793	17.31515469323545	18.332459360251704	31.74619821709491	0.0
193.0	30.17639647207056	17.209155816883662	19.70810583788324	32.90634187316254	0.0
194.0	28.23072073965119	19.00609371716747	20.844715276318553	31.918470266862787	0.0
195.0	30.228156870991484	20.428976974030068	17.884554726106614	31.45831142887183	0.0
196.0	30.976430976430976	19.581228956228955	17.897727272727273	31.544612794612792	0.0
197.0	31.157207539222913	17.73191534168685	20.216910603348424	30.89396651574181	0.0
198.0	31.377712239309037	18.843480092690122	18.06404044659785	31.71476722140299	0.0
199.0	30.255112797807293	18.954248366013072	19.18616909129243	31.604469744887204	0.0
200.0	29.38318546683566	18.916349809885933	19.930291508238277	31.77017321504014	0.0
201.0	31.649582584803976	16.199936595160096	18.704427771319878	33.44605304871605	0.0
202.0	30.696001692405332	17.791411042944784	19.705944573725407	31.806642690924473	0.0
203.0	31.65025934158992	16.0474224621573	21.594156875198475	30.708161321054302	0.0
204.0	30.064598115005825	18.21455046065869	20.247802605104308	31.473048819231174	0.0
205.0	31.94871251457031	16.477694182473243	20.652749814559712	30.920843488396738	0.0
206.0	30.93723494486853	17.069550466497034	19.67769296013571	32.31552162849873	0.0
207.0	29.80687606112054	18.548387096774192	19.407894736842106	32.23684210526316	0.0
208.0	30.027606710554256	17.413463580378	21.61817795710342	30.940751751964324	0.0
209.0	29.892633145529924	16.955458700967366	19.698097161688104	33.453810991814606	0.0
210.0	29.694648366847538	17.938078518991382	20.33195020746888	32.0353229066922	0.0
211.0	29.590207557211283	16.274614156466207	22.56519425226184	31.56998403406067	0.0
212.0	29.624893435635123	17.242114236999146	21.611253196930946	31.521739130434785	0.0
213.0	30.92750533049041	18.66737739872068	19.701492537313435	30.703624733475483	0.0
214.0	30.24546424759872	20.13874066168623	19.957310565635005	29.65848452508004	0.0
215.0	32.52484239769206	19.799123838016882	19.457206966556257	28.218826797734803	0.0
216.0	34.523682240992194	17.363412808724473	18.347054421041378	29.765850529241956	0.0
217.0	29.2630676949443	18.969580119965723	19.794344473007712	31.973007712082264	0.0
218.0	28.048911294647645	18.223747720690763	19.821945725624797	33.905395259036794	0.0
219.0	29.12194074710176	18.366251610133105	21.26449119793903	31.247316444826108	0.0
220.0	30.654346191039	19.179112495970774	19.60889652949393	30.55764478349629	0.0
221.0	30.892473118279568	18.559139784946236	17.462365591397848	33.086021505376344	0.0
222.0	30.656462218389564	18.831518809960116	20.243613237037835	30.26840573461248	0.0
223.0	32.12513484358144	18.18770226537217	18.047464940668824	31.63969795037756	0.0
224.0	33.62516212710766	17.0990056204064	19.379593601383487	29.896238651102465	0.0
225.0	34.53502219335282	18.00368084876042	18.696546497780663	28.764750460106097	0.0
226.0	32.98253227731366	17.60876640989476	18.31398502766627	31.094716285125312	0.0
227.0	31.751547399283307	16.950808991204255	18.438484091649475	32.85915951786296	0.0
228.0	31.32883862548934	17.583732057416267	18.562418442801217	32.52501087429317	0.0
229.0	31.28333514749102	19.90856645259606	16.53423315554588	32.27386524436704	0.0
230.0	30.590417985375968	20.877441885845247	16.959511077158133	31.57262905162065	0.0
231.0	30.083078268473983	20.004372540446	17.763445561871446	32.14910362920857	0.0
232.0	29.72410772936282	17.801620319684694	18.23954455879133	34.234727392161155	0.0
233.0	30.06027397260274	18.684931506849313	19.276712328767122	31.97808219178082	0.0
234.0	27.15995169612471	18.695795367219233	21.176858052475573	32.96739488418048	0.0
235.0	27.48267898383372	18.673705047838997	21.434070163862312	32.409545804464976	0.0
236.0	28.483313140213678	17.84337482101553	21.18074677827955	32.49256526049125	0.0
237.0	29.22873220787819	18.59207767847291	20.39059913935783	31.788590974291075	0.0
238.0	29.830770932418982	15.772591527485897	20.307488109722378	34.08914943037274	0.0
239.0	27.974739641037004	16.530024374030578	19.79836029248837	35.69687569244405	0.0
240.0	27.539127539127538	16.894216894216893	19.791319791319793	35.775335775335776	0.0
241.0	28.33147942157953	17.563959955506117	22.102335928809786	32.002224694104555	0.0
242.0	29.161088799643014	16.12003569834895	21.3632307005801	33.355644801427935	0.0
243.0	28.047416685305297	16.305077163945427	21.024379333482443	34.62312681726683	0.0
244.0	27.070956170832865	17.307476740275753	20.177110189440643	35.444456899450735	0.0
245.0	28.893879842784955	17.989893318360473	20.280741156653566	32.83548568220101	0.0
246.0	27.671541057367826	16.164229471316087	20.47244094488189	35.691788526434195	0.0
247.0	25.695617888926435	17.979046975329503	21.921820434831588	34.40351470091247	0.0
248.0	25.943502824858754	17.75141242937853	22.474576271186443	33.83050847457627	0.0
249.0	28.474422815753737	18.23223177908556	19.443186962426438	33.85015844273427	0.0
250.0	26.309226932668327	17.69440036272954	21.038313307639992	34.958059396962135	0.0
251.0	27.555656519763744	18.230349840981372	20.263516583371192	33.95047705588369	0.0
252.0	29.13960113960114	18.928774928774928	19.521367521367523	32.41025641025641	0.0
253.0	31.570531125071387	16.04797258709309	19.645916619074814	32.73557966876071	0.0
254.0	30.666055256219188	17.90668348045397	20.42875157629256	30.998509687034275	0.0
255.0	29.55041968494883	19.37449695297229	19.144532597447395	31.930550764631484	0.0
256.0	28.80867258678353	19.66324530042671	18.498443086149233	33.02963902664053	0.0
257.0	29.243755781683628	18.142923219241442	17.8422756706753	34.77104532839963	0.0
258.0	31.006493506493506	18.819573283858997	18.28617810760668	31.887755102040817	0.0
259.0	31.001868285847735	19.103222793087344	16.837926202709014	33.05698271835591	0.0
260.0	30.617515848790795	18.478516083587696	17.140173749706502	33.763794317915	0.0
261.0	31.27499411903082	17.572335920959777	19.019054340155257	32.13361561985415	0.0
262.0	31.060516692226024	16.857378789666157	19.85372183555503	32.22838268255279	0.0
263.0	30.979741736761046	20.471508115152233	17.10697784622675	31.44177230185997	0.0
264.0	30.782029950083196	18.861421440456382	18.82576657951034	31.530782029950082	0.0
265.0	30.644391408114558	18.50835322195704	18.699284009546542	32.14797136038186	0.0
266.0	31.983708672735983	18.49544801149976	19.154288452323907	30.366554863440342	0.0
267.0	31.262790417719994	18.26170699410136	19.86276634163958	30.612736246539065	0.0
268.0	31.59494286408947	16.934111354242646	20.678336980306344	30.79260880136154	0.0
269.0	31.550018321729574	19.10345669964578	19.48210577745206	29.86441920117259	0.0
270.0	31.500122759636636	19.187331205499632	17.468696292658976	31.84384974220476	0.0
271.0	31.993093241243216	18.56191415885545	17.686235816477552	31.75875678342378	0.0
272.0	30.006191950464395	18.65015479876161	18.823529411764707	32.520123839009294	0.0
273.0	30.658205798183403	16.22495956202563	18.7632201070051	34.35361453278586	0.0
274.0	31.872111902085678	18.596228300237293	19.120769326839017	30.410890470838016	0.0
275.0	30.408623715216848	18.776635748307847	19.992479318124843	30.822261218350466	0.0
276.0	31.594860166288736	19.07281431090955	19.375157470395564	29.957168052406146	0.0
277.0	28.678051865907655	19.392789373814043	20.139152435167613	31.79000632511069	0.0
278.0	27.585328578706065	20.593479368313805	21.281202241467142	30.539989811512992	0.0
279.0	30.294117647058822	20.639386189258314	18.695652173913043	30.37084398976982	0.0
280.0	31.553210654999358	19.572770557199846	20.5250289538026	28.3489898339982	0.0
281.0	29.627232720683406	18.00414185865907	21.045819311415997	31.322806109241526	0.0
282.0	29.727970844722112	18.261095926070546	21.502017441103735	30.508915788103607	0.0
283.0	29.29028885113057	19.39615736505032	21.330545026793885	29.983008757025225	0.0
284.0	27.547268907563026	19.734768907563023	21.481092436974787	31.23686974789916	0.0
285.0	28.871564482029598	19.040697674418606	20.77167019027484	31.316067653276956	0.0
286.0	28.317173595431	18.103333776065877	21.224598220215167	32.354894408287954	0.0
287.0	28.291316526610643	19.461117780445512	21.541950113378686	30.70561557956516	0.0
288.0	27.66528094407939	18.47928121228376	21.389298645567923	32.46613919806893	0.0
289.0	29.73119005808456	18.41145481561529	19.883830879373228	31.97352424692692	0.0
290.0	29.64878845630275	16.40348488973591	20.814048461747888	33.13367819221345	0.0
291.0	29.887578831916645	16.97285440087743	22.34713463120373	30.792432136002194	0.0
292.0	28.634543697362968	18.983846472456165	22.766809333149247	29.614800497031617	0.0
293.0	28.666666666666668	17.430555555555554	20.59722222222222	33.30555555555556	0.0
294.0	30.450021029020046	19.03827281648675	19.61306603112295	30.898640123370253	0.0
295.0	32.26990400903445	17.12309429700734	21.132128740824392	29.474872953133826	0.0
296.0	29.677052212263476	17.740788163323373	22.66325224071703	29.918907383696116	0.0
297.0	30.21448107096589	17.388800921260977	22.671656830286455	29.725061177486683	0.0
298.0	27.881642867657884	20.005888414544383	22.449580450463714	29.66288826733402	0.0
299.0	28.01266825019794	18.52731591448931	22.612826603325413	30.847189231987333	0.0
300.0	31.97384806973848	9.402241594022415	20.76587795765878	37.858032378580326	0.0
