# Position (bp)	A	C	G	T	N
0.0	26.694774469255183	24.206317381391564	25.4585658146489	23.640342334704354	0.0
1.0	26.540192559676406	20.90810687631744	15.607588446419415	36.94297271121745	0.0011394063692816044
2.0	27.582255502609488	20.504878602223737	17.846607669616517	34.06512366689358	0.0011345586566825505
3.0	24.293364061546804	22.26100906030412	15.301972480173523	38.13461668813123	0.009037709844325448
4.0	33.43134174260448	15.191677514925708	14.56322664631683	36.813754096152984	0.0
5.0	35.1857654431513	14.979856759176366	22.32430617726052	27.50111906893465	0.008952551477170993
6.0	31.230002564131148	17.674667499080257	21.397117024715996	29.6982129120726	0.0
7.0	35.154291545577564	17.637597888058213	19.897065022073342	27.31104554429088	0.0
8.0	24.792125687839768	26.760703727897784	21.42406359680687	27.023106987455574	0.0
9.0	27.790860946189483	18.949218879564828	16.91930080599688	36.33840812851725	0.0022112397315554966
10.0	26.470360924337278	17.182824903668863	25.682046526006648	30.663663564196835	0.0011040817903790314
11.0	27.02979906037012	19.86126122151885	20.548338002073365	32.560601716037674	0.0
12.0	27.03420461056993	20.7596861638824	21.059417287433334	31.14669193811434	0.0
13.0	26.43565555274252	22.133917465629025	18.975860512730193	32.45346571708477	0.0011007518134886127
14.0	30.211234273008465	20.03478375730624	20.360606294098872	29.393375675586427	0.0
15.0	29.46932755071714	19.251048466102347	19.685845432430348	31.592677798936673	0.0011007518134886127
16.0	29.4924433388004	18.295595891994232	19.307186808590266	32.90367320880161	0.0011007518134886127
17.0	29.755523022224178	18.89330412671855	21.192774665096263	30.157297434147523	0.0011007518134886127
18.0	32.15296047200238	18.396865058835186	18.689665041223154	30.76050942793928	0.0
19.0	30.65153499840391	19.213622904443735	20.333087498761653	29.800653846577212	0.0011007518134886127
20.0	30.584389137781105	17.36876286503682	20.8504408511013	31.196407146080773	0.0
21.0	28.704305040342554	18.008299668673704	19.5262364194745	33.76115887150924	0.0
22.0	28.264004314947112	19.536143185795897	20.556540116899843	31.64331238235715	0.0
23.0	29.963565114973527	17.308221515294946	20.331986746948168	32.39512587096987	0.0011007518134886127
24.0	30.472112452805266	18.068841018415576	19.842152189945732	31.615793587019937	0.0011007518134886127
25.0	29.03232908076216	18.67755677127478	19.419463493566106	32.870650654396954	0.0
26.0	30.167204200468923	17.550386914262443	22.021640780653186	30.260768104615455	0.0
27.0	29.12259072946823	18.721586843814325	20.254934120003963	31.899787554899994	0.0011007518134886127
28.0	29.759926029478134	18.117274098209077	20.454170198245404	31.66862967406739	0.0
29.0	29.836978656422335	18.72709060288177	19.309388312217244	32.12434092485167	0.0022015036269772254
30.0	30.03489613720677	18.19332680177453	19.14554000946709	32.62403540251648	0.0022016490351273103
31.0	30.023999823854503	18.642798951934296	19.6600391923729	31.670960213136052	0.002201818702248057
32.0	29.118955342200298	19.68422443407029	18.893684488681405	32.303135735048	0.0
33.0	30.116302121192096	17.39355492411727	19.601753342584637	32.888389612105996	0.0
34.0	29.172312743056704	19.063357239647026	19.375130823721232	32.38699584669112	0.0022033468839166696
35.0	30.181130991192106	18.124150430448573	19.66359808591289	32.03112049244643	0.0
36.0	31.139453336725552	18.388770284171983	18.509341504153625	31.96132871696736	0.0011061579814829155
37.0	28.2512402551382	20.065556343019136	19.409992912827782	32.27210311835578	0.0011073706591070162
38.0	30.43160123726427	18.580028603421326	19.953658022816217	31.03471213649819	0.0
39.0	30.486409632665755	18.70549946127273	19.15647527963833	31.650504848545435	0.0011107778777477869
40.0	29.216554894718637	20.38787283662698	19.109097604249197	31.28424294497696	0.0022317194282334826
41.0	29.337390659914437	17.992970793985876	20.896729061163075	31.772909484936612	0.0
42.0	28.349882222998634	19.650162859107148	19.68397443844602	32.3159804794482	0.0
43.0	29.8638440313023	19.01320848599991	20.349889175374315	30.77305830732347	0.0
44.0	29.024763415878052	19.64526548421828	20.398934663115543	30.929903099677	0.0011333371111237037
45.0	29.872549242338188	18.86998205238885	20.417111570529567	30.83922120998705	0.0011359247563441398
46.0	29.83486405590267	17.9464417813286	19.71843809393743	32.5002560688313	0.0
47.0	30.60112404382175	19.06314481469237	19.23528539997036	31.10044574151552	0.0
48.0	30.136767358494875	18.937370139507273	19.213644770189738	31.711076101102815	0.0011416307052994497
49.0	27.76888238254266	19.517132531222835	20.645958186559312	32.06802689967519	0.0
50.0	29.33671420539945	18.799407964936837	19.579609210964122	32.28312126392602	0.0011473547735695354
51.0	30.63673779960571	18.419626696180497	18.725140940061564	32.21618879627388	0.002305767878347687
52.0	28.785454208121706	19.13309677868225	20.417913216911337	31.6635357962847	0.0
53.0	30.424341338307297	18.99044066215901	19.938214035905805	30.647003963627885	0.0
54.0	30.34142000749344	18.70902023229674	19.084863244660923	31.864696515548896	0.0
55.0	28.8869548854495	18.940819494754667	18.69501811168086	33.47720750811497	0.0
56.0	29.959389904141286	18.36662416772914	21.303772961231523	30.369032440855648	0.0011805260424044954
57.0	27.557376660903344	20.00781601572677	19.495038014258306	32.939769309111576	0.0
58.0	30.2515118033527	17.902840645828135	22.12044528400518	29.72401420916943	0.0011880576445569139
59.0	27.989645835072945	21.67933103505863	21.56362204912264	28.766208204602115	0.0011928761436700028
60.0	30.651101966383127	19.360295617329125	20.014156998716274	29.974445417571477	0.0
61.0	28.677509327344513	21.22891537170524	20.122915685635288	29.96824476883882	0.0024148464761352796
62.0	30.822301177844835	16.902316752652585	21.572325513481942	30.703056556020634	0.0
63.0	25.74644287715332	20.748040203474797	24.799105497259973	28.70641142211191	0.0
64.0	26.161860465116277	21.769922480620156	18.155658914728683	33.91255813953488	0.0
65.0	27.530734369914118	19.64245474348381	19.536042464758758	33.29076842184331	0.0
66.0	27.37612825853689	19.207220854636116	17.90948683961371	35.505901660039136	0.0012623871741463107
67.0	33.75128756183476	14.165087681371363	18.286557218612103	33.79198087414321	0.005086664038556913
68.0	34.11048967307767	16.258282850463065	23.264314961443574	26.36562084242886	0.0012916725868326896
69.0	32.10144831515762	17.134641631441557	20.76139239667669	30.001192574237745	0.0013250824863847775
70.0	31.63368812058004	16.852632330880777	23.881705836131154	27.63197371240803	0.0
71.0	25.64717859220477	19.68259162303665	25.768979057591622	28.901250727166953	0.0
