# Position (bp)	A	C	G	T	N
0.0	25.855204017657798	24.14338704386338	23.88455590884274	26.116853029636083	0.0
1.0	26.196724934527637	19.91840851695136	15.412613644352573	38.47225290416843	0.0
2.0	28.586018833568094	18.88466766622074	18.477486570255085	34.05182692995608	0.0
3.0	22.784575119109174	22.40932136854264	15.190575640983978	39.61552787136421	0.0
4.0	33.95172521066553	13.302830965559236	14.729388502287149	38.01605532148808	0.0
5.0	34.862981752689265	14.823527172558897	22.964740040419702	27.348751034332135	0.0
6.0	30.697898455129785	17.498532182969782	20.835975147656434	30.967594214244	0.0
7.0	34.56276547109909	17.25636640404245	19.927370452410624	28.253497672447835	0.0
8.0	22.14801324668823	27.15681630390022	22.524887525035556	28.17028292437599	0.0
9.0	27.91768766622283	18.48621828429011	15.68943567770083	37.90665837178623	0.0
10.0	25.879430990683254	16.27098728430203	25.566777312066552	32.28280441294816	0.0
11.0	27.952446188693408	17.787077904076476	19.63594100432905	34.62453490290107	0.0
12.0	26.112032408477237	19.397101123846078	21.49380133274326	32.99706513493343	0.0
13.0	25.97328669129241	20.769255317880912	18.749416045287585	34.508041945539084	0.0
14.0	30.544157357675576	18.280579713711276	20.70143005943169	30.473832869181454	0.0
15.0	29.82603244154397	18.202459549961723	19.826843730066237	32.14466427842807	0.0
16.0	29.47912008646567	17.639517594771764	18.817894948517782	34.06346737024478	0.0
17.0	30.1099738119141	17.808090661300117	19.886979049915777	32.19495647687001	0.0
18.0	30.492682831173934	17.517045710148526	18.78611627725458	33.204155181422955	0.0
19.0	29.62192224626182	18.2775614128109	19.859602868500897	32.24091347242638	0.0
20.0	29.71114475886467	17.528542168355056	19.82842977990242	32.93188329287785	0.0
21.0	28.766080142233104	18.33402478697909	19.53897087858702	33.360924192200784	0.0
22.0	29.73929954656277	18.82087479972516	22.44631557739327	28.993510076318795	0.0
23.0	29.751824534057008	20.210446704688287	21.01370885354166	29.024019907713043	0.0
24.0	31.962230097573784	19.55270703141071	18.313588775150425	30.17147409586508	0.0
25.0	29.10918597770456	21.021129644290355	19.178216634029287	30.6914677439758	0.0
26.0	32.090940444886016	16.759663657465527	21.66744014632415	29.4819557513243	0.0
27.0	26.222229228610722	21.012757223639948	24.9890322250722	27.77598132267713	0.0
28.0	26.073380854590567	19.57150893128694	18.40681966824836	35.94829054587414	0.0
29.0	27.89348358448032	19.765381895808254	17.278378853284046	35.06275566642738	0.0
30.0	26.39285027120797	19.27583438123117	16.377511704709097	37.95380364285176	0.0
31.0	33.955241879082834	14.197684036793486	17.84190462178623	34.00516946233744	0.0
32.0	34.245177273782886	15.643399384357457	22.37939159012322	27.732031751736436	0.0
33.0	30.873598130447405	17.79237011051204	20.7367013391515	30.597330419889058	0.0
34.0	33.2058629492341	16.333345505138613	21.55153682526458	28.90925472036271	0.0
35.0	25.954667252987303	20.270911935115798	25.724242146766947	28.05017866512995	0.0
