# Position (bp)	A	C	G	T	N
0.0	25.816623989341874	24.390243902439025	23.84389266092611	25.949239447292992	0.0
1.0	25.336886042375834	20.039601298042548	14.722149226002406	39.90136343357921	0.0
2.0	27.47899570144588	18.79640484564283	18.897762797967957	34.826836654943335	0.0
3.0	23.378612575668814	22.908733645772312	15.177699668033586	38.53495411052529	0.0
4.0	33.11025567505902	13.645154008992247	14.270462850554235	38.974127465394496	0.0
5.0	34.58561783773565	15.448230436612246	22.82532460800039	27.14082711765172	0.0
6.0	32.39975120737597	17.639884872432802	20.43270403434314	29.527659885848088	0.0
7.0	34.060560237070284	17.385763588248924	19.488176973451544	29.065499201229255	0.0
8.0	23.11613245453049	26.46651748968057	21.9192615129473	28.498088542841636	0.0
9.0	29.475673698329473	18.59834166565053	15.545055481038897	36.380929154981104	0.0
10.0	26.321083690987123	16.796112953570034	24.473883144752243	32.408920210690596	0.0
11.0	27.842429636493314	18.07535920897824	19.70543949378509	34.37677166074335	0.0
12.0	26.152101823856434	19.582683117136447	20.979225592509508	33.28598946649761	0.0
13.0	26.618674338937183	21.043680739268776	18.289709485900985	34.04793543589306	0.0
14.0	30.15280901615862	17.943325958027806	20.19066079080342	31.71320423501015	0.0
15.0	29.637372013651873	18.867016089712337	18.719527059970744	32.77608483666504	0.0
16.0	29.24576018135394	16.87030390191287	18.614373030914265	35.26956288581893	0.0
17.0	29.88771848593587	18.22091981893616	20.14548467476133	31.745877020366635	0.0
18.0	30.74589589742028	17.562208753388358	18.361404684311516	33.33049066487985	0.0
19.0	29.480409533032457	18.083648522721045	19.377295400975715	33.05864654327078	0.0
20.0	30.366919399531074	17.718096282086414	19.30270089217746	32.612283426205046	0.0
21.0	29.757591626224677	17.392389801920512	19.413981866562747	33.43603670529207	0.0
22.0	28.810618283661604	18.318365855886025	19.346098815793482	33.52491704465889	0.0
23.0	29.15553066231576	17.594988341440548	20.39304261005619	32.8564383861875	0.0
24.0	30.64284409813113	18.639435076398613	17.996590978267488	32.721129847202775	0.0
25.0	29.64365283239387	17.622566624867602	18.798621848330267	33.93515869440826	0.0
26.0	30.937279345523606	17.862969004893962	19.720727520635	31.47902412894743	0.0
27.0	29.49644228837855	18.380799922089462	19.39607160465272	32.72668618487927	0.0
28.0	29.442912702905033	17.59027638298002	19.42897486929477	33.53783604482018	0.0
29.0	29.41333998770564	18.234603141756388	19.60037248254749	32.75168438799048	0.0
30.0	29.98289682708753	17.863990212846247	19.36371327534891	32.78939968471731	0.0
31.0	29.613556268374186	18.186410863518226	19.243059655615273	32.956973212492315	0.0
32.0	29.700891118036623	18.152877873003508	19.51572847682119	32.630502532138685	0.0
33.0	30.55954612968419	17.66600112006623	19.441671333609293	32.33278141664029	0.0
34.0	29.58099725453671	17.745067601706936	19.549403120453395	33.124532023302955	0.0
35.0	30.161136171326646	18.046398938339696	19.41973933317506	32.3727255571586	0.0
36.0	29.682458511402515	17.673594623223874	18.55998344108802	34.08396342428559	0.0
37.0	28.802167361724145	18.842044382210588	18.926668898968067	33.4291193570972	0.0
38.0	29.750923913374365	17.89256424774882	19.351951633819795	33.00456020505702	0.0
39.0	28.404683475708886	18.931787599627366	19.932171191631607	32.73135773303214	0.0
40.0	30.41312753067251	17.806192346333	19.264468596827715	32.51621152616677	0.0
41.0	29.39818902576406	18.22787585022622	20.531478921696984	31.842456202312736	0.0
42.0	30.126050420168067	18.734015345268542	18.649981731823164	32.48995250274022	0.0
43.0	29.650040494705244	18.075253168025622	19.33576504545759	32.938941291811545	0.0
44.0	29.608315977931237	18.022823876161596	20.499470203514925	31.869389942392246	0.0
45.0	29.258341300627844	19.248171582030654	19.268876398336307	32.22461071900519	0.0
46.0	29.73782771535581	17.62492006942541	19.024390243902438	33.61286197131634	0.0
47.0	29.740379169432586	17.931681293049373	19.566872308938436	32.761067228579606	0.0
48.0	30.014981912081755	18.62872872994799	19.04225386423708	32.31403549373317	0.0
49.0	29.057091002107267	18.09201310644725	19.104839397298317	33.74605649414717	0.0
50.0	29.288019976856084	18.53706072233388	19.86113648821487	32.313782812595164	0.0
51.0	29.745351337194787	18.46796640416111	18.935116665753075	32.851565592891035	0.0
52.0	29.331043177956033	18.421132774194334	19.19710563341678	33.05071841443285	0.0
53.0	30.612878861709387	17.846091998830524	19.74892797972907	31.79210115973102	0.0
54.0	30.086371776286136	18.188020027531763	19.055392449474336	32.67021574670776	0.0
55.0	29.18161605701581	17.429415527061188	18.691560320409344	34.69740809551366	0.0
56.0	28.897417153996102	18.36318226120858	20.105384990253413	32.63401559454191	0.0
57.0	28.57577972709552	17.973927875243664	19.144736842105264	34.30555555555556	0.0
58.0	29.305838993634065	18.048186165514302	19.047851116322985	33.59812372452865	0.0
59.0	29.482790130977765	17.421870240633567	20.269875114224796	32.825464514163876	0.0
60.0	29.464443456170386	18.040536835884907	19.665909215520237	32.829110492424476	0.0
61.0	29.980383078272737	17.703967248269812	19.336679988302954	32.978969685154496	0.0
62.0	28.676045011179685	18.239641275276142	19.896184285078927	33.188129428465245	0.0
63.0	28.898867368138863	17.857686847700922	19.519773839189426	33.72367194497078	0.0
64.0	28.35887281035796	18.106321401370906	19.56313785224676	33.97166793602437	0.0
65.0	29.39843164494489	17.877663431248898	20.588468264268435	32.13543665953778	0.0
66.0	30.015173027354102	17.994966698556432	20.152705247186287	31.83715502690318	0.0
67.0	29.032631546875475	17.71487766978459	19.254745437372414	33.99774534596752	0.0
68.0	29.294437402496097	17.77008580343214	19.935891185647424	32.99958560842434	0.0
69.0	29.298020025229594	17.786255355194918	19.210447733906992	33.705276885668496	0.0
70.0	28.402705832165275	17.795721859954902	19.85922359680663	33.94234871107319	0.0
71.0	29.41438174582376	17.50150838295253	20.52802545053418	32.55608442068953	0.0
72.0	29.682291063560072	17.86739476234299	19.70612075743078	32.74419341666616	0.0
73.0	29.51577022703032	17.605972878256896	19.122962060033522	33.75529483467926	0.0
74.0	29.2948440538086	17.95956431370876	20.521385077683576	32.224206554799075	0.0
75.0	30.386999640368895	17.758461997964123	18.991570003108677	32.862968358558305	0.0
76.0	28.674359490152334	18.0610671201897	19.683143451042067	33.581429938615905	0.0
77.0	29.126941552266466	17.962863621955087	20.91024359318232	31.999951232596135	0.0
78.0	29.821994635454768	18.04986588636918	18.201658132162887	33.92648134601316	0.0
79.0	29.777726297307844	17.859929769801013	18.729881974248926	33.63246195864222	0.0
80.0	30.727445648860545	17.918500725494738	19.56945850048163	31.784595125163083	0.0
81.0	30.079868308742835	18.247774661626632	19.255578587977077	32.416778441653456	0.0
82.0	29.823128090380873	17.934116585475895	17.893876854228523	34.34887846991471	0.0
83.0	29.763922591973856	18.324655212359918	19.897081956418354	32.014340239247865	0.0
84.0	30.649065577268985	18.08054632480717	18.61284716929362	32.657540928630226	0.0
85.0	29.66517680201467	16.839332426812685	18.690585803398843	34.8049049677738	0.0
86.0	30.496847445638252	17.350634779321194	19.934875666182908	32.21764210885764	0.0
87.0	29.872616514119503	18.461763611861482	19.51302799509735	32.15259187892166	0.0
88.0	29.897246699393236	17.39000518340092	18.962100192090737	33.7506479251151	0.0
89.0	29.473286213478556	18.338933643942212	20.001341635209386	32.18643850736985	0.0
90.0	30.166309896262145	18.375200492770063	19.388184496038935	32.07030511492886	0.0
91.0	29.977556322652255	18.16718100093922	19.008818901479575	32.84644377492894	0.0
92.0	28.803976579653572	18.318492315198828	20.442181019760916	32.43535008538668	0.0
93.0	30.04080338137439	18.302969681074917	19.245899839592088	32.410327097958614	0.0
94.0	29.831902020103445	17.258709866302333	19.32516834195374	33.58421977164048	0.0
95.0	30.321199404689292	18.039866299070436	20.20213726303462	31.43679703320565	0.0
96.0	29.647747720272044	18.93256884930922	19.010033852816495	32.409649577602245	0.0
97.0	29.75765671796561	18.234608792187434	19.043436358202037	32.964298131644924	0.0
98.0	28.59190757086823	17.80017202359529	20.898426777119642	32.70949362841684	0.0
99.0	29.331275469119838	18.28835313925966	19.330909445840756	33.049461945779754	0.0
100.0	29.41136952166903	18.222015928079347	19.157668441882052	33.20894610836957	0.0
101.0	29.610257727859445	18.441030911437785	20.21264230700998	31.736069053692795	0.0
102.0	29.94301819741437	17.506280252435513	19.006801053856996	33.54390049629312	0.0
103.0	29.562666470277765	17.207963569859213	19.191491450945737	34.03787850891729	0.0
104.0	29.984135378106824	17.885209007169824	19.569441540713047	32.56121407401031	0.0
105.0	30.11314615327729	17.908028693272858	19.19047501663914	32.788350136810706	0.0
106.0	28.75604319611754	17.81068048086244	19.41911224445693	34.01416407856309	0.0
107.0	29.59820793188161	18.071051540522646	20.083415325400214	32.24732520219553	0.0
108.0	29.15259070087462	18.335430523099046	20.121864288060895	32.39011448796544	0.0
109.0	28.24620887514438	18.058298247575046	19.820038004396586	33.875454872883985	0.0
110.0	29.216934902116865	17.631402203925276	20.973980746747596	32.17768214721027	0.0
111.0	28.880459426464363	18.506614844158754	19.839549542815856	32.77337618656102	0.0
112.0	29.074208122207523	18.00102338816364	18.6387689389212	34.285999550707636	0.0
113.0	30.253845191946983	17.55595848443166	20.19694885582093	31.993247467800423	0.0
114.0	30.115665609844733	18.360505770749008	18.21451396634043	33.30931465306583	0.0
115.0	28.9947814291725	17.12645771450461	20.199197432789706	33.67956342353318	0.0
116.0	30.11794174659517	17.712660171688945	20.038139113360018	32.131258968355866	0.0
117.0	29.99217754450599	18.001110284005602	19.07606707124743	32.93064510024098	0.0
118.0	29.21926458782404	17.664683906774464	19.684317654569934	33.431733850831556	0.0
119.0	29.949515104295333	17.892049737440534	19.556087642285693	32.60234751597844	0.0
120.0	28.997683789700794	18.374845321572487	19.30894437922391	33.31852650950281	0.0
121.0	29.097058000864546	17.489256744730085	19.464362905891626	33.949322348513746	0.0
122.0	29.461363086367864	17.908499229426976	19.785895329435892	32.84424235476928	0.0
123.0	28.504052587912437	18.72231795264535	19.11800370157636	33.65562575786585	0.0
124.0	28.846498298405876	17.78165860648397	19.263836646964	34.108006448146156	0.0
125.0	28.349510828450164	18.096141763582043	19.947043813871186	33.60730359409661	0.0
126.0	29.101273795292997	17.935320505404952	19.563233460584325	33.40017223871772	0.0
127.0	29.797211986910256	17.45084902986421	18.31276250354299	34.43917647968255	0.0
128.0	28.638500684559943	17.61966882798171	20.78931053189016	32.952519955568185	0.0
129.0	29.999093663412484	18.022503042701402	18.500919284253047	33.47748400963306	0.0
130.0	29.838013869697498	17.585582780296985	19.324809113260546	33.25159423674497	0.0
131.0	30.083985543045845	17.859278712395017	19.76520450349723	32.29153124106191	0.0
132.0	30.469472559823885	18.057238136178306	18.543123998593146	32.93016530540467	0.0
133.0	29.959400537844967	18.21297094070651	19.246233779796874	32.58139474165166	0.0
134.0	30.297319932998324	17.182265494137354	20.0003925879397	32.520021984924625	0.0
135.0	29.004965008821582	18.22230384279877	19.88561459201007	32.88711655636958	0.0
136.0	28.393023898146808	18.384606279017767	19.403269718930435	33.81910010390499	0.0
137.0	30.71155367976787	17.436692165655497	23.15418095489317	28.69757319968346	0.0
138.0	30.04093996574006	20.087038763996638	19.479883860129497	30.392137410133802	0.0
139.0	30.456239967098718	18.808124494209107	19.258527136925057	31.47710840176712	0.0
140.0	28.45810115303286	21.398268455840306	19.604218477783835	30.539411913342995	0.0
141.0	30.865028834294478	16.863228774292477	20.92736424547485	31.344378145938194	0.0
142.0	26.699943869777886	19.611498676930477	24.37789003822201	29.31066741506963	0.0
143.0	26.785714285714285	18.859179080484406	18.853820598006646	35.501286035794664	0.0
144.0	27.454153544496744	19.138335090417065	18.108258741211785	35.2992526238744	0.0
145.0	26.849824499942738	19.22416174300863	16.29758881111343	37.6284249459352	0.0
146.0	33.53102683401861	13.680750919714345	19.13546851330881	33.65275373295823	0.0
147.0	34.541334807504626	15.794107409758196	21.907823345140354	27.75673443759683	0.0
148.0	31.49074415466062	16.81635094993287	20.645300423661013	31.047604471745498	0.0
149.0	33.118150316467435	16.80430959642054	22.52966186585936	27.547878221252663	0.0
150.0	26.55286509249511	18.620281245300045	25.426755903143327	29.40009775906151	0.0
