# Position (bp)	A	C	G	T	N
0.0	26.12681560714634	24.025379242785196	24.102164908697404	25.745640241371053	0.0
1.0	26.35265774427433	20.09536927265155	15.782972632676886	37.76900035039723	0.0
2.0	28.47632263155855	19.255884332052126	18.472671897184046	33.79512113920528	0.0
3.0	22.795754073488713	22.47554310889913	15.425123694609827	39.30357912300232	0.0
4.0	33.98617986900816	13.184989030096345	14.959858812349891	37.868972288545606	0.0
5.0	34.65677595928395	15.027526769058202	23.194071120198632	27.12162615145922	0.0
6.0	30.95325940676137	17.374163452922247	21.180451281658655	30.492125858657726	0.0
7.0	34.99577917599219	17.06284330633634	20.172843678147263	27.768533839524206	0.0
8.0	22.795353727492515	26.86044615990818	22.596588887781525	27.747611224817785	0.0
9.0	27.746225184095906	18.70544456596135	15.752374804771765	37.79595544517098	0.0
10.0	26.303345792299375	16.41523227952437	25.46782724476445	31.8135946834118	0.0
11.0	28.190913249031258	17.961558710594915	19.98831325664348	33.859214783730344	0.0
12.0	25.990408598204617	19.516949407973605	21.512540038426327	32.980101955395455	0.0
13.0	26.785984972238484	20.784637652654233	18.871164434811092	33.55821294029619	0.0
14.0	31.073789947948672	18.124539498970478	20.365239330731537	30.436431222349313	0.0
15.0	29.93297943093568	18.359319396803876	20.19840842923965	31.50929274302079	0.0
16.0	29.800315533270368	17.5508726446383	19.030933128815324	33.61787869327601	0.0
17.0	30.48373261206414	17.828905813252792	19.61996743464323	32.06739414003984	0.0
18.0	31.28703121297704	17.502515223897277	19.04954567565195	32.16090788747373	0.0
19.0	29.991072137699405	18.272702852009793	20.034382610161085	31.701842400129713	0.0
20.0	29.805595688401326	17.858551684248482	19.790450443434025	32.54540218391616	0.0
21.0	29.337839945737603	18.3169901531707	19.994539439568733	32.35063046152296	0.0
22.0	29.775872815143313	19.175829385867356	22.345484510334916	28.702813288654422	0.0
23.0	29.871245617196234	20.19042219460408	21.21629033461003	28.72204185358966	0.0
24.0	32.380815348354936	19.381557430157297	18.360177422012658	29.87744979947511	0.0
25.0	29.26601883563339	21.255858497122645	19.501724960679347	29.97639770656462	0.0
26.0	32.25355260937566	16.738377773538986	21.833166458430547	29.174903158654804	0.0
27.0	26.227696569725218	21.059007713646626	25.0779097889896	27.635385927638556	0.0
28.0	26.50577373963247	19.643519126591936	18.720350003883112	35.130357129892474	0.0
29.0	27.610107184949094	20.13716963004373	17.652493630262857	34.60022955474432	0.0
30.0	26.5174953149798	19.08506489277758	16.39700321789016	38.000436574352456	0.0
31.0	34.15081284686796	14.451653976092452	18.298629400294633	33.09890377674496	0.0
32.0	34.23423132684361	15.79820763338255	22.56540873980148	27.40215229997236	0.0
33.0	31.32958565781838	18.036465930001548	20.728158265949702	29.905790146230366	0.0
34.0	33.704291234295	16.68577074354832	21.710715741658156	27.899222280498527	0.0
35.0	26.327867595636384	20.44130736406712	25.48358907425899	27.747235966037504	0.0
