# Position (bp)	A	C	G	T	N
0.0	31.296992481203006	18.93796992481203	21.00563909774436	28.7593984962406	0.0
1.0	23.731203007518797	24.201127819548873	23.919172932330827	28.148496240601506	0.0
2.0	28.243559718969557	19.859484777517565	19.484777517564403	32.412177985948475	0.0
3.0	31.837307152875177	21.271622253389435	20.85086489013558	26.04020570359981	0.0
4.0	25.666199158485277	19.635343618513325	22.393641888733054	32.30481533426835	0.0
5.0	29.73352033660589	18.653576437587656	18.79382889200561	32.81907433380084	0.0
6.0	32.149532710280376	18.17757009345794	19.485981308411215	30.186915887850468	0.0
7.0	29.51891639420832	21.952358710882766	19.33675852405418	29.19196637085474	0.0
8.0	31.66744511910322	21.11163007940215	17.888836992059783	29.332087809434842	0.0
9.0	29.378794955628212	19.850537132181223	18.5894441849603	32.18122372723027	0.0
10.0	25.396825396825395	17.833800186741364	25.49019607843137	31.279178338001866	0.0
11.0	25.957049486461255	22.128851540616246	20.49486461251167	31.41923436041083	0.0
12.0	27.54435107376284	20.07469654528478	19.88795518207283	32.49299719887955	0.0
13.0	30.377974801679887	21.13859076061596	19.55202986467569	28.931404573028463	0.0
14.0	29.958002799813343	19.645356976201587	20.718618758749415	29.67802146523565	0.0
15.0	26.644890340643958	18.945403639757348	20.90527298180121	33.50443303779748	0.0
16.0	24.96500233317779	18.245450303313113	24.4050396640224	32.384507699486704	0.0
17.0	27.344843677088193	19.738684087727485	19.87867475501633	33.03779748016799	0.0
18.0	28.125	19.169776119402986	20.708955223880597	31.99626865671642	0.0
19.0	24.253731343283583	22.574626865671643	22.99440298507463	30.17723880597015	0.0
20.0	25.419776119402986	23.973880597014926	18.61007462686567	31.99626865671642	0.0
21.0	25.151656556229586	23.891740550629958	20.158656089594025	30.797946803546427	0.0
22.0	28.478057889822594	21.521942110177406	14.612511671335202	35.3874883286648	0.0
23.0	28.711484593837532	21.33520074696545	17.833800186741364	32.11951447245565	0.0
24.0	28.104575163398692	19.187675070028014	16.57329598506069	36.134453781512605	0.0
25.0	27.684407096171803	19.00093370681606	15.639589169000933	37.675070028011206	0.0
26.0	28.664799253034545	18.720821661998134	16.666666666666664	35.947712418300654	0.0
27.0	28.851540616246496	21.84873949579832	16.1531279178338	33.14659197012138	0.0
28.0	30.485527544351076	16.293183940242763	18.207282913165265	35.01400560224089	0.0
29.0	27.030812324929972	17.74042950513539	18.11391223155929	37.11484593837535	0.0
30.0	34.39252336448598	17.19626168224299	17.33644859813084	31.074766355140188	0.0
31.0	33.36448598130841	16.91588785046729	14.392523364485982	35.32710280373832	0.0
32.0	31.650303880317903	16.082281439925197	19.54184198223469	32.7255726975222	0.0
33.0	27.61682242990654	20.654205607476637	19.953271028037385	31.775700934579437	0.0
34.0	32.60261194029851	16.884328358208954	17.957089552238806	32.55597014925373	0.0
35.0	30.797946803546427	19.645356976201587	15.165655622958468	34.39104059729352	0.0
36.0	30.083955223880597	19.58955223880597	19.682835820895523	30.64365671641791	0.0
37.0	27.873429502093998	20.567705909725454	17.729176361098183	33.829688227082364	0.0
38.0	25.3953488372093	22.930232558139537	18.23255813953488	33.44186046511628	0.0
39.0	29.209302325581394	19.86046511627907	18.41860465116279	32.51162790697674	0.0
40.0	30.20446096654275	15.148698884758364	19.28438661710037	35.36245353159851	0.0
41.0	26.753367394333488	18.067812354853693	21.040408732001858	34.13841151881096	0.0
42.0	31.197771587743734	17.36304549675023	19.498607242339833	31.940575673166204	0.0
43.0	31.417979610750695	18.164967562557923	19.27710843373494	31.139944392956444	0.0
44.0	31.974050046339205	19.972196478220575	17.655236329935125	30.3985171455051	0.0
45.0	34.21296296296296	16.435185185185187	18.84259259259259	30.50925925925926	0.0
46.0	31.235539102267467	13.049514113836185	21.93428968070338	33.780657103192965	0.0
47.0	31.14298935677927	16.149930587690882	21.05506709856548	31.65201295696437	0.0
48.0	28.02960222016651	17.622571692876964	22.756706753006476	31.591119333950047	0.0
49.0	27.877947295423024	17.105871474803514	21.96024040684235	33.05594082293111	0.0
50.0	27.64678687008784	17.891816920943135	21.128062875635692	33.33333333333333	0.0
51.0	26.49098474341193	17.383263985205733	18.816458622283864	37.309292649098474	0.0
52.0	28.419593345656192	17.698706099815155	22.13493530499076	31.746765249537894	0.0
53.0	29.62107208872458	19.731977818853974	17.929759704251385	32.71719038817005	0.0
54.0	30.22181146025878	17.652495378927913	18.66913123844732	33.45656192236599	0.0
55.0	30.868761552680223	19.68576709796673	17.190388170055453	32.25508317929759	0.0
56.0	28.419593345656192	21.626617375231053	17.421441774491683	32.53234750462107	0.0
57.0	30.822550831792977	19.547134935304992	17.837338262476894	31.79297597042514	0.0
58.0	29.20517560073937	19.038817005545287	18.946395563770796	32.809611829944544	0.0
59.0	27.2181146025878	18.715341959334566	20.42513863216266	33.64140480591497	0.0
60.0	30.097087378640776	17.42949607027277	17.93804900601017	34.535367545076284	0.0
61.0	29.819694868238557	15.53398058252427	20.758206195099397	33.88811835413777	0.0
62.0	29.403606102635226	20.527045769764214	19.27877947295423	30.79056865464632	0.0
63.0	28.802588996763756	18.261673601479426	20.110957004160888	32.82478039759593	0.0
64.0	27.382053654024052	19.935245143385753	19.8427382053654	32.839962997224795	0.0
65.0	27.937095282146164	18.038852913968547	20.259019426456984	33.765032377428305	0.0
66.0	29.139685476410733	17.483811285846436	19.611470860314522	33.765032377428305	0.0
67.0	28.61111111111111	21.11111111111111	18.47222222222222	31.805555555555554	0.0
68.0	26.38888888888889	20.555555555555554	19.76851851851852	33.28703703703704	0.0
69.0	31.203703703703706	20.555555555555554	16.712962962962962	31.52777777777778	0.0
70.0	30.138888888888886	20.13888888888889	17.73148148148148	31.99074074074074	0.0
71.0	29.02777777777778	19.953703703703702	19.49074074074074	31.52777777777778	0.0
72.0	24.965261695229273	20.889300602130618	20.6113941639648	33.53404353867531	0.0
73.0	27.420101899027326	19.453450671607225	20.981936081519223	32.144511347846226	0.0
74.0	30.01389532190829	17.508105604446502	18.619731357109774	33.85826771653544	0.0
75.0	30.708661417322837	18.249189439555348	24.363131079203335	26.67901806391848	0.0
76.0	30.94025011579435	17.4617878647522	21.630384437239464	29.967577582213988	0.0
77.0	34.9698934691987	18.017600741083836	18.20287169986105	28.809634089856416	0.0
78.0	28.85595182955072	15.933302454840204	21.167207040296436	34.04353867531265	0.0
79.0	31.959240389069016	19.870310328855954	15.886984715145902	32.28346456692913	0.0
80.0	35.108846688281616	16.118573413617415	17.091245947197777	31.681333950903195	0.0
81.0	29.319129226493747	17.369152385363595	19.777674849467346	33.53404353867531	0.0
82.0	34.228809634089856	15.423807318202872	22.88096340898564	27.46641963872163	0.0
83.0	31.681333950903195	18.017600741083836	19.777674849467346	30.523390458545624	0.0
84.0	31.357109773043074	17.091245947197777	20.379805465493284	31.17183881426586	0.0
85.0	30.060213061602592	16.35016211208893	21.72301991662807	31.866604909680408	0.0
86.0	28.253821213524784	20.704029643353405	19.175544233441407	31.866604909680408	0.0
87.0	30.630213160333643	15.19925857275255	20.52826691380908	33.64226135310472	0.0
88.0	32.29842446709917	16.589434661723818	19.32344763670065	31.788693234476366	0.0
89.0	30.120481927710845	14.59684893419833	20.435588507877664	34.84708063021316	0.0
90.0	31.23262279888786	17.88693234476367	18.999073215940683	31.881371640407785	0.0
91.0	29.74976830398517	15.801668211306765	16.172381835032436	38.27618164967563	0.0
92.0	30.30583873957368	18.76737720111214	17.88693234476367	33.03985171455051	0.0
93.0	33.08619091751622	15.987025023169602	21.455050973123264	29.471733086190916	0.0
94.0	29.935125115848006	17.747914735866544	20.389249304911957	31.92771084337349	0.0
95.0	34.56904541241891	17.46987951807229	17.747914735866544	30.213160333642264	0.0
96.0	30.213160333642264	17.84059314179796	18.39666357738647	33.549582947173306	0.0
97.0	27.201112140871174	20.435588507877664	18.76737720111214	33.59592215013902	0.0
98.0	26.55236329935125	18.39666357738647	19.230769230769234	35.82020389249305	0.0
99.0	29.332715477293792	17.979610750695088	20.296570898980537	32.39110287303058	0.0
100.0	33.85899814471243	16.883116883116884	19.52690166975881	29.73098330241187	0.0
101.0	33.45707656612529	17.447795823665892	21.25290023201856	27.842227378190255	0.0
102.0	29.480037140204274	19.54503249767874	19.127205199628598	31.847725162488395	0.0
103.0	28.133704735376046	17.595171773444754	24.512534818941504	29.758588672237696	0.0
104.0	25.998142989786444	17.595171773444754	19.96285979572888	36.44382544103992	0.0
105.0	31.505576208178436	16.635687732342006	17.05390334572491	34.80483271375465	0.0
106.0	33.95348837209302	18.744186046511626	19.023255813953487	28.27906976744186	0.0
107.0	32.16945996275605	18.71508379888268	21.415270018621975	27.700186219739294	0.0
108.0	29.510489510489514	18.554778554778554	19.34731934731935	32.58741258741259	0.0
109.0	28.771602055114432	19.89724427837459	15.740308267164876	35.5908453993461	0.0
110.0	25.688930406352174	21.578701541335825	19.476879962634282	33.25548808967772	0.0
111.0	31.355140186915886	19.299065420560748	19.299065420560748	30.046728971962615	0.0
112.0	26.414212248714353	21.131369798971484	20.476858345021036	31.977559607293127	0.0
113.0	28.811973807296535	17.399438727782975	19.78484565014032	34.00374181478017	0.0
114.0	32.19466541881142	14.553111839026672	19.04539073467478	34.20683200748713	0.0
115.0	28.277153558052436	18.867041198501873	16.05805243445693	36.79775280898877	0.0
116.0	29.461358313817332	19.578454332552695	18.688524590163937	32.27166276346604	0.0
117.0	32.052483598875355	17.197750702905342	18.837863167760073	31.91190253045923	0.0
118.0	29.254571026722925	17.674636661978436	17.76840131270511	35.30239099859353	0.0
119.0	23.545966228893057	21.71669793621013	21.71669793621013	33.02063789868668	0.0
120.0	26.478873239436616	22.535211267605636	19.342723004694836	31.643192488262912	0.0
121.0	28.853383458646615	20.394736842105264	18.139097744360903	32.61278195488722	0.0
122.0	30.997177798682973	16.886171213546568	18.438381937911572	33.67826904985889	0.0
123.0	28.974600188146756	14.675446848541862	22.483537158984007	33.866415804327374	0.0
124.0	33.27058823529412	18.870588235294118	18.541176470588237	29.317647058823532	0.0
125.0	31.84173339613754	19.736222326895902	18.511540273198303	29.910504003768253	0.0
126.0	34.071630537229034	18.99151743638077	18.378887841658813	28.55796418473139	0.0
127.0	29.971724787935912	18.14326107445806	19.839773798303487	32.045240339302545	0.0
128.0	30.283018867924525	20.0	20.0	29.71698113207547	0.0
129.0	28.867924528301884	22.40566037735849	19.90566037735849	28.820754716981135	0.0
130.0	28.42304060434372	19.452313503305003	16.147308781869686	35.977337110481585	0.0
131.0	27.538970240906945	19.17808219178082	19.792158715162966	33.490788852149265	0.0
132.0	29.078014184397162	15.36643026004728	21.134751773049647	34.42080378250591	0.0
133.0	27.698863636363637	18.276515151515152	21.022727272727273	33.00189393939394	0.0
134.0	24.301279014684983	18.33254381809569	23.685457129322597	33.680720037896734	0.0
135.0	26.95405021316911	16.816674561819042	22.35907153008053	33.87020369493131	0.0
136.0	30.080530554239697	18.948365703458077	19.61155850307911	31.35954523922312	0.0
137.0	29.57345971563981	20.379146919431278	17.677725118483412	32.3696682464455	0.0
138.0	26.966824644549764	19.66824644549763	16.966824644549764	36.39810426540284	0.0
139.0	32.132701421800945	19.431279620853083	16.350710900473935	32.08530805687204	0.0
140.0	28.13092979127135	19.11764705882353	19.402277039848197	33.34914611005693	0.0
141.0	28.99857617465591	19.55386805885145	20.550545799715238	30.89700996677741	0.0
142.0	32.47863247863248	16.286799620132953	21.41500474833808	29.81956315289649	0.0
143.0	29.263657957244654	19.57244655581948	18.47980997624703	32.68408551068884	0.0
144.0	28.0893536121673	19.676806083650188	19.91444866920152	32.31939163498099	0.0
145.0	25.797239409804856	18.705378391242267	19.276534983341264	36.22084721561161	0.0
146.0	29.68080038113387	17.103382563125297	19.437827536922345	33.77798951881849	0.0
147.0	30.478468899521534	19.617224880382775	19.330143540669855	30.574162679425836	0.0
148.0	27.95595978937291	21.44566778362853	17.807563427477263	32.7908089995213	0.0
149.0	25.99329822881762	23.40832934418382	18.429870751555768	32.1685016754428	0.0
150.0	27.468839884947265	18.312559923298178	19.415148609779482	34.80345158197507	0.0
151.0	29.160671462829736	19.424460431654676	15.731414868105514	35.68345323741007	0.0
152.0	26.980316850696113	20.739318290926548	19.15506481036966	33.12530004800768	0.0
153.0	32.8207592503604	16.098029793368575	16.338298894762136	34.74291206150889	0.0
154.0	31.945788964181993	14.666021297192644	20.764762826718297	32.62342691190707	0.0
155.0	29.912875121006778	17.473378509196515	20.377541142303972	32.23620522749274	0.0
156.0	31.38014527845036	15.012106537530268	21.501210653753027	32.106537530266344	0.0
157.0	27.54607177497575	18.574199806013578	21.387002909796315	32.49272550921435	0.0
158.0	32.15324927255092	15.470417070805043	19.64112512124151	32.73520853540252	0.0
159.0	30.194174757281555	16.116504854368934	27.427184466019416	26.2621359223301	0.0
160.0	27.427184466019416	18.446601941747574	23.20388349514563	30.922330097087382	0.0
161.0	26.737967914438503	17.938745746232378	20.807000486144872	34.51628585318425	0.0
162.0	26.289926289926292	17.73955773955774	24.324324324324326	31.646191646191646	0.0
163.0	31.858407079646017	15.585054080629302	20.403146509341198	32.15339233038348	0.0
164.0	30.62530773018218	19.547021171836533	19.596258000984736	30.23141309699655	0.0
165.0	33.31690487925086	15.524889107934944	23.262690980778707	27.895515032035483	0.0
166.0	33.777120315581854	16.074950690335303	19.82248520710059	30.325443786982248	0.0
167.0	30.91358024691358	17.382716049382715	18.17283950617284	33.53086419753086	0.0
168.0	28.55731225296443	20.454545454545457	19.466403162055336	31.521739130434785	0.0
169.0	26.26112759643917	17.26013847675569	20.969337289812067	35.509396636993074	0.0
170.0	29.00990099009901	13.613861386138614	19.95049504950495	37.42574257425743	0.0
171.0	27.092620108964834	15.354135710747896	21.644378405151066	35.908865775136206	0.0
172.0	24.219910846953937	21.34720158494304	18.623080733036158	35.809806835066865	0.0
173.0	24.23191278493558	19.177403369672945	18.334985133795836	38.255698711595635	0.0
174.0	29.39121756487026	21.407185628742514	20.65868263473054	28.542914171656687	0.0
175.0	27.95806290564154	19.570644033949076	22.76585122316525	29.705441837244134	0.0
176.0	31.46853146853147	17.132867132867133	16.183816183816184	35.214785214785216	0.0
177.0	26.823176823176826	22.927072927072928	16.683316683316683	33.56643356643357	0.0
178.0	29.9	18.65	18.35	33.1	0.0
179.0	31.431431431431434	15.665665665665665	20.22022022022022	32.68268268268268	0.0
180.0	31.181181181181184	16.566566566566568	17.217217217217218	35.03503503503504	0.0
181.0	30.961923847695388	18.837675350701403	18.13627254509018	32.06412825651302	0.0
182.0	35.040160642570285	19.57831325301205	17.419678714859437	27.96184738955823	0.0
183.0	31.024096385542173	21.084337349397593	21.536144578313255	26.35542168674699	0.0
184.0	29.2817679558011	21.747865394274235	18.031140130587644	30.939226519337016	0.0
185.0	31.991951710261567	24.396378269617706	18.259557344064387	25.352112676056336	0.0
186.0	35.16372795969773	16.977329974811084	18.58942065491184	29.269521410579348	0.0
187.0	31.237322515212984	19.776876267748477	19.878296146044626	29.107505070993916	0.0
188.0	31.845841784989858	19.066937119675455	20.08113590263692	29.006085192697768	0.0
189.0	33.72270187912646	20.822752666328086	17.420010157440323	28.03453529710513	0.0
190.0	36.571719226856565	16.683621566632755	16.93794506612411	29.80671414038657	0.0
191.0	33.68956743002545	18.880407124681934	16.539440203562343	30.890585241730278	0.0
192.0	37.086092715231786	17.014773306164034	19.307182883341824	26.591951095262356	0.0
193.0	31.16016427104723	16.427104722792606	22.638603696098563	29.774127310061605	0.0
194.0	28.960905349794235	17.644032921810698	22.890946502057613	30.504115226337447	0.0
195.0	32.02883625128734	17.559217301750774	19.92790937178167	30.484037075180225	0.0
196.0	30.329557157569514	17.97116374871267	19.77342945417096	31.92584963954686	0.0
197.0	27.545219638242894	19.53488372093023	24.8062015503876	28.11369509043928	0.0
198.0	29.38437661665804	18.67563372995344	17.847904811174338	34.09208484221418	0.0
199.0	26.501035196687372	15.424430641821946	21.73913043478261	36.33540372670808	0.0
200.0	24.688796680497926	17.012448132780083	21.887966804979254	36.410788381742734	0.0
201.0	25.597092419522326	16.095534787123572	21.651090342679126	36.65628245067498	0.0
202.0	30.337662337662337	15.636363636363637	19.376623376623375	34.64935064935065	0.0
203.0	30.857142857142854	12.987012987012985	21.818181818181817	34.33766233766234	0.0
204.0	26.611226611226613	18.295218295218298	22.03742203742204	33.056133056133056	0.0
205.0	28.563995837669093	17.221644120707598	22.216441207075963	31.997918834547345	0.0
206.0	29.656607700312176	18.314255983350677	20.187304890738815	31.841831425598333	0.0
207.0	27.135416666666668	19.375	20.104166666666668	33.385416666666664	0.0
208.0	27.36787022501308	18.995290423861853	21.978021978021978	31.658817373103087	0.0
209.0	30.853850183342065	17.28653745416448	20.900995285489785	30.95861707700367	0.0
210.0	31.98741478762454	15.416885159937074	20.5558468799161	32.039853172522285	0.0
211.0	28.369166229680125	17.881489250131096	22.863135815416886	30.886208704771896	0.0
212.0	30.36182485579444	15.99370739381227	24.646040901940218	28.998426848453068	0.0
213.0	28.01678908709339	16.94648478488982	21.878279118572927	33.15844700944386	0.0
214.0	29.01364113326338	17.785939139559286	22.402938090241342	30.79748163693599	0.0
215.0	31.861198738170348	17.718191377497373	22.344900105152472	28.075709779179807	0.0
216.0	32.19178082191781	17.597471022128556	21.443624868282402	28.767123287671232	0.0
217.0	28.09699525566684	16.605166051660518	18.766473379019505	36.53136531365313	0.0
218.0	28.059071729957807	17.29957805907173	24.63080168776371	30.010548523206754	0.0
219.0	26.546800634584876	18.191433104177683	23.9555790586991	31.30618720253834	0.0
220.0	25.396825396825395	27.037037037037038	17.67195767195767	29.894179894179896	0.0
221.0	28.98781134075252	19.76682564917859	17.276099629040807	33.969263381028085	0.0
222.0	28.42720510095643	18.65037194473964	22.422954303931988	30.49946865037195	0.0
223.0	33.72340425531915	17.393617021276594	16.54255319148936	32.340425531914896	0.0
224.0	33.01384451544196	16.56017039403621	19.861554845580404	30.564430244941427	0.0
225.0	36.906666666666666	16.906666666666666	17.599999999999998	28.586666666666666	0.0
226.0	31.22994652406417	21.06951871657754	17.593582887700535	30.106951871657756	0.0
227.0	29.351901446170324	20.567755757900375	16.06855918585967	34.01178361006963	0.0
228.0	29.37701396348013	19.226638023630503	19.924812030075188	31.47153598281418	0.0
229.0	32.885545405695865	20.150456743686192	15.421816227834498	31.54218162278345	0.0
230.0	32.937365010799134	24.676025917926566	13.06695464362851	29.319654427645787	0.0
231.0	29.65964343598055	21.339816315505132	17.07185305240411	31.92868719611021	0.0
232.0	27.759740259740262	17.424242424242426	20.77922077922078	34.03679653679654	0.0
233.0	32.33857840477483	16.223548562126965	20.510037981551818	30.927835051546392	0.0
234.0	30.16304347826087	17.065217391304348	20.815217391304348	31.956521739130434	0.0
235.0	26.57608695652174	20.0	19.021739130434785	34.40217391304348	0.0
236.0	29.1008174386921	14.986376021798364	22.45231607629428	33.46049046321526	0.0
237.0	28.879072335726118	17.725013804527883	22.52898950855881	30.86692435118719	0.0
238.0	32.31707317073171	16.24168514412417	18.4589800443459	32.98226164079823	0.0
239.0	26.6777592900721	16.74986134220743	20.24403771491958	36.32834165280089	0.0
240.0	29.516397998888273	15.17509727626459	20.066703724291273	35.24180100055587	0.0
241.0	27.369601794727988	15.030846887268648	26.360067302299495	31.239484015703873	0.0
242.0	27.262507026419335	17.088251826869026	21.52894884766723	34.12029229904441	0.0
243.0	28.636106395019805	15.563101301641199	23.14657611771364	32.65421618562535	0.0
244.0	31.10481586402266	17.053824362606232	19.886685552407933	31.954674220963174	0.0
245.0	31.53409090909091	16.704545454545457	21.704545454545453	30.056818181818183	0.0
246.0	28.246013667425967	16.343963553530752	21.12756264236902	34.28246013667426	0.0
247.0	27.34018264840183	17.86529680365297	22.773972602739725	32.02054794520548	0.0
248.0	24.013722126929675	16.752429959977132	25.78616352201258	33.44768439108062	0.0
249.0	26.548165137614678	20.584862385321102	18.405963302752294	34.461009174311926	0.0
250.0	24.611845888441632	17.88384128809661	23.634272570442782	33.87004025301897	0.0
251.0	27.393310265282583	19.319492502883506	22.952710495963093	30.33448673587082	0.0
252.0	28.339140534262487	23.34494773519164	19.802555168408826	28.513356562137048	0.0
253.0	32.1865889212828	13.177842565597667	17.551020408163264	37.08454810495627	0.0
254.0	29.865575686732903	15.604909409701929	20.1052016364699	34.424313267095265	0.0
255.0	31.631455399061032	19.248826291079812	20.070422535211268	29.049295774647888	0.0
256.0	31.145584725536995	18.73508353221957	18.01909307875895	32.10023866348449	0.0
257.0	30.041891083183724	17.0556552962298	15.260323159784562	37.642130460801916	0.0
258.0	31.366646598434677	18.121613485851896	19.446116797110175	31.065623118603252	0.0
259.0	31.257557436517537	18.07738814993954	16.807738814993954	33.85731559854897	0.0
260.0	29.800121138703815	20.109024833434283	18.534221683827983	31.55663234403392	0.0
261.0	29.78723404255319	23.343465045592705	17.811550151975684	29.05775075987842	0.0
262.0	32.987804878048784	17.865853658536583	21.402439024390244	27.743902439024392	0.0
263.0	29.473039215686274	18.811274509803923	18.07598039215686	33.63970588235294	0.0
264.0	29.914004914004916	15.04914004914005	21.62162162162162	33.415233415233416	0.0
265.0	30.934809348093477	19.557195571955717	19.68019680196802	29.82779827798278	0.0
266.0	34.60826650215916	18.32202344231956	21.591610117211598	25.478099938309683	0.0
267.0	30.22249690976514	22.126081582200246	18.912237330037083	28.73918417799753	0.0
268.0	28.988206083178152	18.311607697082557	20.670391061452513	32.02979515828678	0.0
269.0	31.94271481942715	17.559153175591533	22.04234122042341	28.455790784557912	0.0
270.0	32.85266457680251	21.755485893416928	16.112852664576803	29.27899686520376	0.0
271.0	37.594458438287155	16.435768261964736	15.74307304785894	30.22670025188917	0.0
272.0	33.71140516698173	16.068052930056712	17.328292375551353	32.89224952741021	0.0
273.0	31.479140328697852	14.791403286978507	20.480404551201012	33.24905183312263	0.0
274.0	34.51551614946168	18.429385687143764	18.999366687777076	28.055731475617478	0.0
275.0	35.00635324015248	17.026683608640404	20.330368487928844	27.636594663278274	0.0
276.0	30.739549839228296	20.90032154340836	20.45016077170418	27.90996784565916	0.0
277.0	29.25257731958763	17.461340206185564	20.36082474226804	32.925257731958766	0.0
278.0	28.33117723156533	17.529107373868047	23.73868046571798	30.40103492884864	0.0
279.0	32.038834951456316	18.899676375404532	20.129449838187703	28.932038834951456	0.0
280.0	31.66123778501629	20.325732899022803	19.283387622149835	28.729641693811075	0.0
281.0	26.53997378768021	18.610747051114025	23.001310615989514	31.847968545216254	0.0
282.0	31.886916502301116	17.02827087442472	23.076923076923077	28.007889546351084	0.0
283.0	26.591511936339522	21.021220159151195	20.22546419098143	32.16180371352785	0.0
284.0	26.153846153846157	18.127090301003346	23.411371237458194	32.30769230769231	0.0
285.0	28.715534633490247	20.376597175521184	21.116341627437794	29.791526563550775	0.0
286.0	29.727891156462583	21.020408163265305	19.25170068027211	30.0	0.0
287.0	25.905673274094326	20.164046479835953	20.164046479835953	33.76623376623377	0.0
288.0	25.60386473429952	18.70255348516218	20.70393374741201	34.989648033126294	0.0
289.0	29.570637119113574	17.451523545706372	21.46814404432133	31.509695290858726	0.0
290.0	30.368311327310632	13.551077136900624	24.600416956219597	31.480194579569144	0.0
291.0	32.77428371767994	14.884696016771489	23.619846261355697	28.721174004192875	0.0
292.0	29.07303370786517	18.469101123595504	23.384831460674157	29.07303370786517	0.0
293.0	27.695560253699792	16.49048625792812	25.299506694855534	30.51444679351656	0.0
294.0	29.836995038979445	20.90715804394047	21.119773210489015	28.13607370659107	0.0
295.0	28.632784538296352	18.682891911238368	27.773801002147458	24.91052254831782	0.0
296.0	27.84172661870504	16.69064748201439	23.16546762589928	32.302158273381295	0.0
297.0	26.56023222060958	19.738751814223512	25.25399129172714	28.44702467343977	0.0
298.0	26.448736998514118	19.46508172362556	24.73997028231798	29.34621099554235	0.0
299.0	23.79421221864952	16.559485530546624	27.170418006430868	32.475884244372985	0.0
300.0	27.09497206703911	8.659217877094973	21.92737430167598	42.31843575418994	0.0
