# Position (bp)	A	C	G	T	N
0.0	64.86025176018775	9.067633880947302	11.649242585875827	14.422871772989119	0.0
1.0	12.417324514614894	63.92148495839556	11.499893321954342	12.161297205035204	0.0
2.0	14.533898305084747	61.038135593220346	9.110169491525424	15.317796610169493	0.0
3.0	65.73898376554924	10.436432637571158	9.761754164031204	14.062829432848408	0.0
4.0	64.89787323647084	10.191619288271216	9.749420930722257	15.161086544535692	0.0
5.0	13.943217665615142	60.0	9.926393270241851	16.130389064143007	0.0
6.0	16.14802354920101	60.91253153910849	8.957106812447435	13.98233809924306	0.0
7.0	65.76955424726661	11.35407905803196	9.92430613961312	12.95206055508831	0.0
8.0	65.43469130617387	11.969760604787904	9.533809323813523	13.061738765224696	0.0
9.0	15.991605456453307	59.72717733473243	9.024134312696747	15.257082896117524	0.0
10.0	14.09987410826689	9.378934116659671	10.449013848090642	66.0721779269828	0.0
11.0	13.262099308610937	10.475591870940708	9.805153991200504	66.45715482924786	0.0
12.0	13.959815822519882	9.60652992884052	10.69485140226036	65.73880284637924	0.0
13.0	14.707112970711297	59.456066945606686	10.355648535564853	15.481171548117153	0.0
14.0	13.671467334585682	8.89167188478397	60.65539553329159	16.78146524733876	0.0
15.0	61.94542803582587	10.310352009997917	10.539470943553427	17.204749010622784	0.0
16.0	12.895174708818635	10.128951747088186	11.10648918469218	65.869384359401	0.0
17.0	14.950166112956811	58.4717607973422	10.485880398671096	16.0921926910299	0.0
18.0	13.45914558274575	9.68477810037329	11.115719618415595	65.74035669846536	0.0
19.0	14.368650217706822	61.372589674476465	9.662036077130416	14.596724030686294	0.0
20.0	15.113871635610765	10.890269151138716	9.440993788819876	64.55486542443064	0.0
21.0	14.37125748502994	11.191410282882511	11.067520132149495	63.36981209993805	0.0
22.0	14.164948453608247	9.175257731958762	59.134020618556704	17.525773195876287	0.0
23.0	14.179719703215168	10.263808738664467	10.572959604286893	64.98351195383347	0.0
24.0	64.53141091658084	8.094747682801236	10.030895983522143	17.342945417095777	0.0
25.0	15.188310351924263	10.104959868285656	58.16011525005145	16.54661452973863	0.0
26.0	65.21291915243776	9.051635465953508	9.812795721045052	15.922649660563671	0.0
27.0	13.924310983134514	12.25832990538873	7.8362813656931305	65.98107774578362	0.0
28.0	14.626129827444537	58.155299917830725	7.806080525883321	19.412489728841415	0.0
29.0	16.718011912096937	8.420620250564797	8.09201067981105	66.76935715752721	0.0
30.0	15.32906952754281	9.964926758819889	57.478852898700225	17.227150814937076	0.0
31.0	15.236716973330577	9.448004961753153	9.427330990283235	65.88794707463303	0.0
32.0	14.549989607150279	9.623778840157971	9.436707545208895	66.38952400748285	0.0
33.0	14.680628272251308	60.31413612565445	8.25130890052356	16.75392670157068	0.0
34.0	16.771885521885523	8.67003367003367	10.606060606060606	63.9520202020202	0.0
35.0	14.593453009503696	59.97888067581837	9.186906019007392	16.24076029567054	0.0
36.0	13.724662162162163	9.58614864864865	9.353885135135135	67.33530405405406	0.0
37.0	64.63104325699746	9.626802374893979	10.708227311280746	15.03392705682782	0.0
38.0	65.72340425531915	9.851063829787234	8.51063829787234	15.914893617021278	0.0
39.0	65.97916223687008	10.652774824580055	6.612800340208377	16.755262598341485	0.0
40.0	13.063829787234043	59.765957446808514	11.170212765957446	16.0	0.0
41.0	13.985413985413986	9.523809523809524	61.4972114972115	14.993564993564993	0.0
42.0	66.11374407582939	9.32787591555364	9.823352003446791	14.735028005170186	0.0
43.0	66.50790214332106	9.742368478025547	9.785667893483438	13.964061485169951	0.0
44.0	16.46752118183793	60.46056919400391	8.08168585704975	14.990223767108407	0.0
45.0	26.742976066597297	12.417620534165799	15.088449531737774	45.750953867499135	0.0
46.0	31.370863773098414	16.201117318435752	20.11173184357542	32.31628706489042	0.0
47.0	34.27167113494191	16.890080428954423	16.219839142091153	32.618409294012515	0.0
48.0	27.174402884182065	20.279405137449302	19.558359621451103	32.98783235691753	0.0
49.0	27.752502274795273	21.155595996360326	18.653321201091902	32.43858052775251	0.0
50.0	25.591985428051	24.59016393442623	16.39344262295082	33.42440801457195	0.0
51.0	29.107551487414185	20.0	17.57437070938215	33.318077803203664	0.0
52.0	28.165137614678898	17.98165137614679	19.495412844036696	34.357798165137616	0.0
53.0	31.413857677902623	20.45880149812734	21.254681647940075	26.872659176029963	0.0
54.0	30.0376647834275	22.316384180790962	17.749529190207156	29.896421845574388	0.0
55.0	32.46814535158094	17.46106654082114	19.773478055686645	30.297310051911282	0.0
56.0	27.735849056603772	20.754716981132077	20.235849056603776	31.27358490566038	0.0
57.0	33.11226906679299	18.379914732354337	18.52202747513027	29.985788725722408	0.0
58.0	30.831353919239906	17.957244655581945	20.57007125890736	30.641330166270787	0.0
59.0	27.05938697318008	23.227969348659002	22.03065134099617	27.68199233716475	0.0
60.0	29.451395572666023	17.901828681424448	19.345524542829644	33.301251203079886	0.0
61.0	26.2953995157385	17.869249394673123	24.358353510895885	31.476997578692494	0.0
62.0	29.857353664535168	21.200196753566157	20.462370880472207	28.480078701426464	0.0
63.0	33.1358024691358	16.641975308641975	22.271604938271604	27.950617283950617	0.0
64.0	32.1215139442231	19.571713147410357	20.318725099601593	27.98804780876494	0.0
65.0	29.44416624937406	20.480721081622434	20.881321982974463	29.193790686029043	0.0
66.0	28.77950778503265	15.5700652938222	21.898543445504774	33.75188347564038	0.0
67.0	29.061553985872855	17.759838546922303	19.424823410696266	33.75378405650858	0.0
68.0	26.53061224489796	18.316326530612244	20.408163265306122	34.744897959183675	0.0
69.0	27.52808988764045	20.122574055158324	21.195097037793666	31.15423901940756	0.0
70.0	28.96764252696456	20.955315870570107	19.157678479712377	30.91936312275295	0.0
71.0	29.866117404737384	21.266735324407826	20.133882595262616	28.733264675592174	0.0
72.0	28.438948995363216	17.980422462648118	20.607934054611025	32.97269448737764	0.0
73.0	29.24187725631769	18.050541516245488	21.248066013408973	31.45951521402785	0.0
74.0	30.681818181818183	16.528925619834713	22.417355371900825	30.37190082644628	0.0
75.0	29.855371900826444	20.09297520661157	21.332644628099175	28.719008264462808	0.0
76.0	27.789256198347108	19.9896694214876	19.731404958677686	32.489669421487605	0.0
77.0	30.522503879979308	20.07242628039317	18.41696844283497	30.98810139679255	0.0
78.0	29.849974133471292	21.417485773409208	17.071908949818933	31.66063114330057	0.0
79.0	29.869451697127936	21.514360313315926	18.328981723237597	30.287206266318538	0.0
80.0	29.300368227248818	19.35823250920568	20.30510257759074	31.036296685954763	0.0
81.0	27.89473684210526	20.210526315789473	17.05263157894737	34.8421052631579	0.0
82.0	31.31578947368421	18.31578947368421	20.42105263157895	29.947368421052634	0.0
83.0	30.42105263157895	18.684210526315788	21.947368421052634	28.947368421052634	0.0
84.0	30.263157894736842	18.63157894736842	19.263157894736842	31.842105263157894	0.0
85.0	31.875658587987353	18.124341412012647	21.232876712328768	28.767123287671232	0.0
86.0	29.0458618871903	17.343173431734318	22.509225092250922	31.10173958882446	0.0
87.0	32.630469161834476	18.133895624670533	20.50606220347918	28.729573010015812	0.0
88.0	33.79164463246959	17.87414066631412	17.97990481226864	30.354309888947643	0.0
89.0	30.948595654478005	17.75304716481187	17.965023847376788	33.33333333333333	0.0
90.0	31.336161187698835	16.01272534464475	19.565217391304348	33.085896076352064	0.0
91.0	30.56884635832004	21.637426900584796	16.21477937267411	31.57894736842105	0.0
92.0	30.49494411921235	17.881852048962212	17.509313464608834	34.113890367216605	0.0
93.0	32.14475784992017	19.53166577967004	18.99946780202235	29.32410856838744	0.0
94.0	30.830670926517573	16.719914802981894	20.12779552715655	32.32161874334398	0.0
95.0	31.023454157782517	16.36460554371002	21.162046908315567	31.449893390191896	0.0
96.0	28.74732334047109	18.201284796573873	18.52248394004283	34.528907922912204	0.0
97.0	32.49329758713137	18.230563002680967	18.016085790884716	31.260053619302948	0.0
98.0	31.041890440386684	21.052631578947366	17.185821697099893	30.71965628356606	0.0
99.0	32.6530612244898	19.011815252416756	19.172932330827066	29.16219119226638	0.0
100.0	33.49488422186322	13.839526117393646	19.009154550350026	33.656435110393105	0.0
101.0	31.43631436314363	18.428184281842817	20.43360433604336	29.701897018970193	0.0
102.0	31.07007061379685	15.263443780554049	20.912547528517113	32.75393807713199	0.0
103.0	27.595628415300546	18.469945355191257	21.530054644808743	32.404371584699454	0.0
104.0	29.73121228743829	18.86999451453648	20.24136039495337	31.15743280307186	0.0
105.0	29.21719955898567	19.01874310915105	18.19184123484013	33.57221609702316	0.0
106.0	32.00663349917081	17.02598120508568	19.126589275843006	31.8407960199005	0.0
107.0	31.097560975609756	17.627494456762747	19.290465631929045	31.984478935698448	0.0
108.0	32.313681868743046	17.96440489432703	18.186874304783093	31.53503893214683	0.0
109.0	28.547579298831387	21.03505843071786	19.198664440734557	31.21869782971619	0.0
110.0	26.744835287548856	19.709659408151868	20.435510887772192	33.10999441652708	0.0
111.0	28.403361344537814	20.280112044817926	19.271708683473392	32.04481792717087	0.0
112.0	26.247896803140776	18.73247335950645	21.3684800897364	33.65114974761638	0.0
113.0	28.89263631253513	18.54974704890388	18.999437886453062	33.55817875210793	0.0
114.0	29.909706546275395	17.55079006772009	19.920993227990973	32.61851015801354	0.0
115.0	27.473148671565855	19.446014697569247	17.806670435274167	35.27416619559073	0.0
116.0	27.75255391600454	18.728717366628832	19.863791146424518	33.65493757094211	0.0
117.0	31.62684869169511	18.31626848691695	17.974971558589306	32.081911262798634	0.0
118.0	29.381443298969074	15.349369988545247	21.1340206185567	34.13516609392898	0.0
119.0	23.05045871559633	21.731651376146786	26.949541284403672	28.268348623853214	0.0
120.0	27.816091954022987	21.89655172413793	23.160919540229884	27.126436781609197	0.0
121.0	29.740634005763688	20.691642651296828	18.67435158501441	30.89337175792507	0.0
122.0	29.428736295441432	18.638199653779573	21.119446047316792	30.813618003462206	0.0
123.0	33.75796178343949	16.96583671105964	17.602779386218874	31.67342211928199	0.0
124.0	28.463768115942027	19.420289855072465	21.565217391304348	30.55072463768116	0.0
125.0	27.425915165601396	19.639744334689134	20.162696106914584	32.77164439279488	0.0
126.0	30.773705642815592	19.488074461896453	17.9173938336242	31.82082606166376	0.0
127.0	28.504672897196258	19.158878504672895	22.25467289719626	30.081775700934582	0.0
128.0	31.09292811221508	17.592051431911162	19.579193454120396	31.735827001753357	0.0
129.0	29.584065612185118	18.687756297598128	17.75043936731107	33.977738722905684	0.0
130.0	31.040564373897706	19.223985890652557	17.46031746031746	32.27513227513227	0.0
131.0	31.544811320754718	19.221698113207548	18.632075471698112	30.60141509433962	0.0
132.0	29.793510324483773	18.466076696165192	20.235988200589972	31.504424778761063	0.0
133.0	27.860106698280973	21.991701244813278	21.339656194427977	28.80853586247777	0.0
134.0	27.153891859774216	20.380273321449792	20.558526440879383	31.907308377896616	0.0
135.0	26.535480023852116	18.127608825283247	19.7376267143709	35.59928443649374	0.0
136.0	24.910179640718564	18.38323353293413	21.49700598802395	35.20958083832335	0.0
137.0	30.21021021021021	16.276276276276278	19.81981981981982	33.693693693693696	0.0
138.0	27.349397590361445	18.132530120481928	20.36144578313253	34.1566265060241	0.0
139.0	30.03021148036254	17.764350453172206	19.395770392749245	32.809667673716014	0.0
140.0	29.283110571081412	17.861482381530987	20.473876063183475	32.38153098420413	0.0
141.0	30.633373934226555	17.90499390986602	19.914738124238735	31.5468940316687	0.0
142.0	32.11233211233211	14.896214896214897	18.925518925518926	34.065934065934066	0.0
143.0	33.987730061349694	18.404907975460123	17.975460122699385	29.631901840490798	0.0
144.0	31.234567901234566	19.938271604938272	17.530864197530864	31.296296296296294	0.0
145.0	29.57920792079208	19.492574257425744	18.378712871287128	32.54950495049505	0.0
146.0	27.221876942200122	19.266625233064012	18.89372280919826	34.6177750155376	0.0
147.0	29.831144465290805	18.01125703564728	16.948092557848653	35.20950594121326	0.0
148.0	27.432517263025737	20.59008160703076	20.025109855618332	31.952291274325173	0.0
149.0	29.937106918238992	19.81132075471698	17.861635220125784	32.38993710691824	0.0
150.0	29.31904161412358	19.924337957124845	17.591424968474147	33.16519546027743	0.0
151.0	27.071473750790638	19.101834282099937	21.062618595825427	32.764073371284	0.0
152.0	26.446280991735538	20.53401144310235	18.37253655435474	34.64717101080738	0.0
153.0	29.572976418100698	18.992989165073297	19.821542383683873	31.612492033142132	0.0
154.0	30.429212043561822	17.680973734785393	20.11531069827034	31.774503523382446	0.0
155.0	31.93548387096774	20.70967741935484	16.0	31.35483870967742	0.0
156.0	31.148604802076573	16.09344581440623	17.975340687865025	34.78260869565217	0.0
157.0	30.352480417754567	18.603133159268932	19.386422976501304	31.657963446475197	0.0
158.0	27.290575916230363	21.531413612565444	17.670157068062828	33.50785340314136	0.0
159.0	34.45101906640368	15.187376725838265	18.211702827087443	32.149901380670606	0.0
160.0	26.666666666666668	19.075907590759076	23.3003300330033	30.957095709570957	0.0
161.0	28.174603174603174	19.510582010582013	21.891534391534393	30.423280423280424	0.0
162.0	31.78191489361702	17.88563829787234	20.14627659574468	30.186170212765955	0.0
163.0	30.274614869390486	17.81647689216343	17.280643000669794	34.62826523777629	0.0
164.0	28.33109017496635	15.746971736204577	22.34185733512786	33.58008075370121	0.0
165.0	29.77717758271438	17.150573936529373	21.404456448345712	31.667792032410535	0.0
166.0	25.559322033898308	20.135593220338983	21.966101694915256	32.33898305084746	0.0
167.0	27.834351663272233	19.212491513917175	23.150033944331298	29.803122878479293	0.0
168.0	28.133514986376024	18.869209809264305	19.482288828337875	33.5149863760218	0.0
169.0	27.465753424657535	18.013698630136986	19.65753424657534	34.863013698630134	0.0
170.0	30.06896551724138	16.413793103448278	17.17241379310345	36.3448275862069	0.0
171.0	30.152143845089903	19.363762102351316	16.044260027662517	34.439834024896264	0.0
172.0	32.314107018763025	20.29186935371786	14.59346768589298	32.80055594162613	0.0
173.0	29.5391061452514	18.71508379888268	19.203910614525142	32.54189944134078	0.0
174.0	30.915492957746476	19.718309859154928	18.87323943661972	30.492957746478872	0.0
175.0	26.865671641791046	19.54513148542999	20.966595593461264	32.6226012793177	0.0
176.0	29.512893982808023	19.054441260744987	19.340974212034386	32.09169054441261	0.0
177.0	28.746397694524497	22.55043227665706	18.587896253602306	30.11527377521614	0.0
178.0	26.342525399129173	22.641509433962266	19.88388969521045	31.132075471698112	0.0
179.0	25.56610664718773	19.64937910883857	23.447772096420746	31.33674214755296	0.0
180.0	28.749999999999996	17.647058823529413	21.544117647058826	32.05882352941177	0.0
181.0	28.433556050482554	17.59465478841871	20.786933927245734	33.18485523385301	0.0
182.0	33.30843913368185	17.849141150112025	19.41747572815534	29.424943988050785	0.0
183.0	29.849624060150376	22.932330827067666	19.69924812030075	27.518796992481203	0.0
184.0	30.966767371601208	19.561933534743204	17.97583081570997	31.49546827794562	0.0
185.0	27.857683573050718	21.271763815291443	21.877365632096897	28.993186979560935	0.0
186.0	31.406844106463875	17.41444866920152	21.216730038022813	29.96197718631179	0.0
187.0	30.910482019892882	21.499617444529456	17.82708492731446	29.7628156082632	0.0
188.0	30.277349768875194	20.647149460708782	21.64869029275809	27.426810477657938	0.0
189.0	31.313131313131315	19.425019425019425	19.813519813519815	29.448329448329446	0.0
190.0	29.56318252730109	17.94071762870515	18.252730109204368	34.24336973478939	0.0
191.0	26.042486231313926	20.14162077104642	20.06294256490952	33.75295043273013	0.0
192.0	29.984177215189874	21.598101265822788	19.77848101265823	28.639240506329116	0.0
193.0	29.552715654952078	19.009584664536742	20.686900958466452	30.75079872204473	0.0
194.0	29.31726907630522	19.839357429718877	22.248995983935743	28.594377510040157	0.0
195.0	28.57142857142857	20.373376623376625	19.56168831168831	31.493506493506494	0.0
196.0	29.077429983525537	20.675453047775946	18.86326194398682	31.3838550247117	0.0
197.0	30.303030303030305	21.801346801346803	20.033670033670035	27.86195286195286	0.0
198.0	28.321678321678323	22.98951048951049	20.367132867132867	28.321678321678323	0.0
199.0	28.413284132841326	23.70848708487085	18.726937269372694	29.15129151291513	0.0
200.0	28.02617230098146	16.466739367502726	20.610687022900763	34.89640130861505	0.0
201.0	32.436472346786246	19.43198804185351	15.695067264573993	32.436472346786246	0.0
202.0	38.066465256797585	15.861027190332328	18.731117824773413	27.341389728096676	0.0
203.0	33.94495412844037	16.972477064220186	21.712538226299692	27.370030581039757	0.0
204.0	33.17972350230415	17.357910906298002	24.11674347158218	25.34562211981567	0.0
205.0	34.52012383900929	17.18266253869969	24.613003095975234	23.684210526315788	0.0
206.0	31.669266770670827	18.720748829953198	20.904836193447736	28.70514820592824	0.0
207.0	29.08805031446541	22.955974842767297	15.40880503144654	32.54716981132076	0.0
208.0	28.188976377952756	16.062992125984252	22.83464566929134	32.91338582677165	0.0
209.0	23.02839116719243	21.451104100946374	22.239747634069403	33.2807570977918	0.0
210.0	25.914149443561207	16.69316375198728	19.554848966613672	37.83783783783784	0.0
211.0	29.712460063897762	19.488817891373802	20.447284345047922	30.35143769968051	0.0
212.0	25.961538461538463	17.147435897435898	25.0	31.89102564102564	0.0
213.0	26.451612903225808	22.096774193548388	19.193548387096772	32.25806451612903	0.0
214.0	28.52512155591572	24.311183144246353	19.124797406807133	28.038897893030796	0.0
215.0	28.96890343698854	24.222585924713584	18.657937806873978	28.150572831423897	0.0
216.0	31.960461285008236	18.945634266886326	18.780889621087315	30.31301482701812	0.0
217.0	26.13065326633166	17.08542713567839	24.623115577889447	32.1608040201005	0.0
218.0	25.689655172413794	17.75862068965517	21.03448275862069	35.51724137931034	0.0
219.0	17.92452830188679	23.77358490566038	22.641509433962266	35.660377358490564	0.0
220.0	0.0	32.38636363636363	23.295454545454543	44.31818181818182	0.0
