# Position (bp)	A	C	G	T	N
0.0	39.75029835674286	17.313871293491236	19.4895804645185	23.446249885247404	0.0
1.0	22.041678141926006	33.70972183971358	21.894794822362982	22.353805195997428	0.0
2.0	29.184941520467838	28.463084795321635	14.857456140350877	27.494517543859647	0.0
3.0	37.18404963956565	17.702345104480337	19.426955014143626	25.686650241810383	0.0
4.0	39.22838380153229	16.836920831813206	15.71506749361547	28.219627873039038	0.0
5.0	25.937072503419973	27.770177838577293	15.786593707250343	30.506155950752394	0.0
6.0	26.144446470910086	29.99270472369141	17.60897318985957	26.25387561553894	0.0
7.0	39.144706847816174	18.154463390170513	16.27610103036382	26.424728731649495	0.0
8.0	38.38512713022874	17.716212521644035	16.531486375649322	27.3671739724779	0.0
9.0	25.758542141230066	26.924829157175402	17.503416856492027	29.813211845102504	0.0
10.0	23.862395340371314	14.133600291226792	19.220968329086276	42.78303603931562	0.0
11.0	22.850905121440917	17.320112799053945	18.02965523514964	41.7993268443555	0.0
12.0	24.474952268388037	15.292299299936357	18.819892717519775	41.41285571415583	0.0
13.0	26.45829547519535	27.194257677630386	19.053243685262583	27.294203161911685	0.0
14.0	24.94551398474392	16.899745731928807	30.593897566291318	27.56084271703596	0.0
15.0	34.041008891308294	17.45599709671566	19.13445835601524	29.368535655960805	0.0
16.0	23.7037708484409	17.585206671501087	17.929659173313993	40.78136330674402	0.0
17.0	25.94237042406669	27.40123233055455	17.51540413193186	29.1409931134469	0.0
18.0	23.27687709446608	18.748301784258672	17.380672040576034	40.59414908069921	0.0
19.0	25.142650122271533	30.658454850104157	17.63427225794765	26.56462276967666	0.0
20.0	24.201574233239846	17.207997828643805	17.56084320998824	41.02958472812811	0.0
21.0	24.296952708201463	16.999728727733068	19.088525183108782	39.614793380956684	0.0
22.0	25.436138479616737	16.857995118864686	28.96140287444635	28.744463527072224	0.0
23.0	24.324568537092254	17.638022951115932	18.433179723502306	39.60422878828951	0.0
24.0	37.1996386630533	15.636856368563686	18.238482384823847	28.92502258355917	0.0
25.0	27.0929287455974	16.869863632258646	26.542039194436917	29.495168427707036	0.0
26.0	37.48984198645598	15.792325056433409	15.99097065462754	30.72686230248307	0.0
27.0	24.921021752865784	17.754309955772182	14.78472786352559	42.53994042783645	0.0
28.0	25.376635092467296	27.04555705908886	14.948128101037438	32.629679747406406	0.0
29.0	26.9875608436993	14.494321254732286	15.494862087614928	43.02325581395349	0.0
30.0	25.63708657148021	16.202783300198806	26.41424182179649	31.74588830652449	0.0
31.0	28.46153846153846	13.918552036199095	16.16289592760181	41.457013574660635	0.0
32.0	26.42773101638157	17.11467101095122	15.413159561951309	41.0444384107159	0.0
33.0	26.84096254749412	28.3698208793197	15.487606296363307	29.30161027682287	0.0
34.0	26.266365688487586	16.306997742663658	18.428893905191874	38.99774266365689	0.0
35.0	25.472555434387495	28.271537622682665	15.74881861141403	30.507088331515813	0.0
36.0	26.922377749500093	14.606435193601165	17.487729503726595	40.98345755317215	0.0
37.0	39.63037144938092	17.370721048798252	16.46941005098325	26.52949745083758	0.0
38.0	36.701012127290966	19.348955958785446	15.300446794930245	28.649585118993343	0.0
39.0	40.25938441866837	16.768654671659515	14.97853685268061	27.993424056991508	0.0
40.0	25.31332906412954	28.6616046107401	17.793431525020583	28.231634800109777	0.0
41.0	25.572449166514012	14.315808756182452	31.36105513830372	28.750686938999813	0.0
42.0	39.37167003490722	15.340804703288628	17.52709902627228	27.760426235531877	0.0
43.0	38.684719535783366	17.325227963525837	16.91995947315096	27.070093027539837	0.0
44.0	28.18181818181818	28.098330241187387	14.74025974025974	28.97959183673469	0.0
45.0	31.981842566800783	15.815536985453422	18.322500773754253	33.88011967399154	0.0
46.0	30.307160079672922	17.192577838347837	18.74410315546703	33.756158926512214	0.0
47.0	30.425643720441407	17.477666841828693	19.33788754598003	32.75880189174987	0.0
48.0	27.995791688584955	17.906365071015255	18.695423461336137	35.40241977906365	0.0
49.0	30.144195347858123	17.819176928744344	18.819071676665615	33.21755604673192	0.0
50.0	27.85383319292334	21.324768323504635	18.06023588879528	32.76116259477675	0.0
51.0	30.664700305488257	18.94027177920573	17.644580217002	32.750447698304015	0.0
52.0	28.50969645868465	17.78035413153457	20.51011804384486	33.199831365935914	0.0
53.0	30.30143338954469	20.077993254637434	18.981871838111296	30.63870151770658	0.0
54.0	27.47600464086067	23.119924058643605	18.384136694441512	31.01993460605421	0.0
55.0	29.880814260099147	18.71110642337306	19.090813205358085	32.31726611116971	0.0
56.0	27.69100886449979	18.98480371464753	19.512452511608274	33.81173490924441	0.0
57.0	29.80474934036939	18.24802110817942	19.377308707124012	32.56992084432718	0.0
58.0	30.514201245908563	18.139583993242532	18.28740365325731	33.058811107591595	0.0
59.0	28.097602197105736	18.87609591211577	20.61899228900391	32.407309601774585	0.0
60.0	28.458205643030755	17.43633097326429	20.77565254147733	33.32981084222762	0.0
61.0	30.024315466751244	17.221693625118935	20.435564013109207	32.318426895020615	0.0
62.0	28.657569025706124	19.676293240241193	20.596635988575056	31.069501745477623	0.0
63.0	32.19083888712578	18.32222574843965	19.96191685179308	29.525018512641488	0.0
64.0	27.66497461928934	18.009729272419627	22.55710659898477	31.76818950930626	0.0
65.0	29.92909302571701	18.446396444068156	20.753518890887925	30.87099163932691	0.0
66.0	29.490843654070076	17.201227903038003	21.530644649094953	31.777283793796972	0.0
67.0	28.712137259055286	18.343571277271764	19.286168184706632	33.65812327896632	0.0
68.0	25.85019599533849	19.874986757071724	20.002118868524207	34.27269837906558	0.0
69.0	26.912481457936003	19.5910150455605	21.667726213180757	31.82877728332274	0.0
70.0	27.095475256967255	20.0593408922327	19.836812546360072	33.00837130443997	0.0
71.0	28.211106401017382	19.097075031793132	19.87070792708775	32.821110640101736	0.0
72.0	28.33969465648855	19.1793893129771	21.63910093299406	30.841815097540287	0.0
73.0	27.947413061916883	18.691687871077185	20.928753180661577	32.43214588634436	0.0
74.0	29.638273045507585	17.842367667338497	21.067147554895513	31.452211732258405	0.0
75.0	28.965517241379313	18.185676392572944	22.323607427055702	30.525198938992045	0.0
76.0	29.478602527344165	17.818838271211636	19.326749495593077	33.375809705851125	0.0
77.0	28.0595427963849	19.53216374269006	18.617756512493354	33.790536948431686	0.0
78.0	27.787234042553195	19.72340425531915	19.70212765957447	32.787234042553195	0.0
79.0	28.454332552693206	19.938258462848626	18.149882903981265	33.4575260804769	0.0
80.0	27.71264122788318	17.84267746749094	21.008313792368366	33.43636751225751	0.0
81.0	26.068877279027614	18.008316451647296	19.756903721079006	36.16590254824608	0.0
82.0	28.38255677577567	17.46454845932402	21.729395457937947	32.42349930696236	0.0
83.0	28.633891436493546	18.428068678681882	22.11794817105684	30.820091713767727	0.0
84.0	27.86133333333333	17.578666666666667	20.36266666666667	34.19733333333333	0.0
85.0	29.467619758881895	16.792915822042033	21.57260215512643	32.16686226394964	0.0
86.0	30.065080550517443	17.03830150432092	21.668622639496427	31.227995305665207	0.0
87.0	32.74647887323944	16.7520273154076	21.468203158344004	29.033290653008965	0.0
88.0	32.21533860286264	18.916898098696862	17.752616962187567	31.115146336252934	0.0
89.0	32.03717551543638	16.600790513833992	18.139087704305094	33.22294626642452	0.0
90.0	29.97755690926579	16.618574329379072	19.664422357593246	33.73944640376189	0.0
91.0	29.770176376269376	19.36932121859968	16.80384820951363	34.05665419561732	0.0
92.0	28.922616502778965	17.35784523300556	18.287729799059427	35.43180846515605	0.0
93.0	30.921333903377512	17.325780247969217	19.5382642154767	32.21462163317657	0.0
94.0	30.164670658682635	17.514970059880238	19.41830624465355	32.90205303678357	0.0
95.0	30.510105871029836	16.650625601539943	20.115495668912416	32.723772858517805	0.0
96.0	30.069555912252543	17.442482611021937	19.646869983948637	32.84109149277688	0.0
97.0	30.433386837881223	17.902621722846444	20.278223649010165	31.38576779026217	0.0
98.0	31.767098362410362	19.683185272396447	18.38809804131435	30.16161832387884	0.0
99.0	30.98908156711625	19.150074930421752	19.289231427959752	30.571612074502248	0.0
100.0	32.297268229726825	16.283071628307162	18.735211873521187	32.684448268444825	0.0
101.0	32.14362734526633	18.352383006254044	19.38753504420962	30.116454604270004	0.0
102.0	31.38591366439468	17.375311046197123	19.48501568754733	31.75375960186087	0.0
103.0	28.540446757753195	20.52700065061809	19.702884406853176	31.229668184775537	0.0
104.0	27.87009883784077	17.63875312262409	19.65895514282611	34.832192896709024	0.0
105.0	29.424585876198776	17.513077593722755	19.452920662598082	33.60941586748039	0.0
106.0	31.952792044585294	19.33122063162496	17.62648890831603	31.08949841547372	0.0
107.0	29.740387775221823	18.54529521305729	18.830101873151495	32.884215138569395	0.0
108.0	33.36993521467003	17.6347864280224	17.085758207971892	31.909520149335673	0.0
109.0	28.24410663141661	18.296981714033926	20.511125798634062	32.9477858559154	0.0
110.0	26.480335837384004	17.741935483870968	21.47591692443659	34.301811754308446	0.0
111.0	30.97639366064502	18.552587831098304	19.882522442646568	30.58849606561011	0.0
112.0	27.599243856332706	18.303124652507506	20.293561659068164	33.80406983209163	0.0
113.0	28.43913868124512	18.163561307597902	18.25281713711927	35.144482874037706	0.0
114.0	30.724508050089444	17.508944543828264	18.77236135957066	32.99418604651162	0.0
115.0	25.960784313725487	20.705882352941178	18.34173669467787	34.991596638655466	0.0
116.0	29.748902150658708	17.47550951469429	18.792928724242767	33.982659610404234	0.0
117.0	29.09132007233273	18.953435804701627	20.12884267631103	31.82640144665461	0.0
118.0	30.198525241066363	16.903006239364718	20.27226318774816	32.62620533182076	0.0
119.0	24.897587619481108	19.27628584433318	24.226217569412835	31.599908966772873	0.0
120.0	26.958604173794047	20.526855969893944	20.834758809442352	31.679781046869653	0.0
121.0	29.895964330627645	17.98330856293586	19.33234251743455	32.78838458900194	0.0
122.0	26.78141135972461	17.555938037865747	20.080321285140563	35.58232931726907	0.0
123.0	29.260709350529712	17.906494702901888	18.724090280976508	34.10870566559189	0.0
124.0	31.14526753727031	17.057667860857507	20.02773604530221	31.769328556569974	0.0
125.0	27.75136263481387	17.592485213962657	19.505972399396963	35.15017975182651	0.0
126.0	30.55329062317996	18.48573092603378	17.775189283634248	33.18578916715201	0.0
127.0	30.257009345794394	17.056074766355138	21.098130841121495	31.588785046728972	0.0
128.0	29.23654274656972	18.38864782455729	20.28849536765568	32.08631406121731	0.0
129.0	31.029203956665096	18.170042392840323	18.040508714083845	32.760244936410736	0.0
130.0	30.37974683544304	18.159233408257425	17.508576836626048	33.95244291967349	0.0
131.0	29.979807578097162	19.503503979094905	20.097398740943103	30.419289701864834	0.0
132.0	29.724573745081674	17.097889591033745	22.53487540240849	30.642661261476096	0.0
133.0	28.75598086124402	20.311004784688997	19.114832535885167	31.818181818181817	0.0
134.0	25.86186186186186	20.192192192192195	19.44744744744745	34.4984984984985	0.0
135.0	28.55248885139207	17.741352296010607	20.706279378088468	32.99987947450886	0.0
136.0	27.780470075115094	17.894354252483645	19.857039011388416	34.46813666101284	0.0
137.0	30.232275325307068	16.149823665328956	19.044144472820136	34.57375653654384	0.0
138.0	28.99169921875	17.90771484375	19.03076171875	34.06982421875	0.0
139.0	29.774454523167442	18.791370433929885	18.80362834027948	32.63054670262319	0.0
140.0	28.826279527559056	18.713090551181104	20.903051181102363	31.55757874015748	0.0
141.0	30.735984193628056	18.263768831810324	19.350456902938998	31.649790071622625	0.0
142.0	32.9899466302594	17.487898721608538	17.47548715402755	32.046667494104504	0.0
143.0	32.835449340303704	20.587503111774957	18.38436644261887	28.192681105302462	0.0
144.0	31.6072545340838	18.323952470293932	17.335834896810507	32.73295809881176	0.0
145.0	30.023848374544997	19.580770679051085	17.509727626459142	32.88565331994477	0.0
146.0	28.629083112624542	19.51065708159919	18.33774750914365	33.52251229663262	0.0
147.0	28.958702812262477	19.128451988852294	17.89967063592602	34.01317456295921	0.0
148.0	28.531397274232585	19.628072856960895	19.386065469366958	32.454464399439566	0.0
149.0	30.177817577075604	19.61110400409364	18.255085070999105	31.95599334783165	0.0
150.0	28.088443244632987	18.26712945108626	20.169687620516775	33.474739683763985	0.0
151.0	29.84245867768595	18.68543388429752	20.196280991735538	31.27582644628099	0.0
152.0	29.137953452086858	19.490313353270057	17.12391106488103	34.24782212976206	0.0
153.0	30.59593975114604	18.886705959397514	19.42370661427636	31.09364767518009	0.0
154.0	30.73587385019711	18.055190538764784	19.053876478318003	32.155059132720105	0.0
155.0	28.293907757367514	20.62904717853839	18.14457512884895	32.932469935245145	0.0
156.0	31.209345546263105	16.859153059869904	19.72653657241471	32.20496482145228	0.0
157.0	30.404593403658698	19.174789691547602	20.189611430097475	30.23100547469622	0.0
158.0	27.695617101371333	21.13471363269696	18.580263511696693	32.58940575423501	0.0
159.0	33.63550263834394	15.47828439994588	19.807874441888785	31.0783385198214	0.0
160.0	27.786093346033475	18.46509729214859	21.227377874540753	32.521431487277184	0.0
161.0	28.951336531871146	16.98423577793009	20.644276901987663	33.4201507882111	0.0
162.0	30.86572925282603	17.714364488558036	20.78853046594982	30.631375792666116	0.0
163.0	29.020204815942428	18.032106282867424	19.070024910047053	33.877663991143095	0.0
164.0	28.587303792193357	17.43297680233366	19.933324072787887	34.046395332685094	0.0
165.0	28.2190635451505	16.485507246376812	21.544035674470457	33.751393534002226	0.0
166.0	26.444662095984327	19.65859801315237	21.071778368546244	32.82496152231706	0.0
167.0	28.57142857142857	17.407199100112486	21.836332958380204	32.18503937007874	0.0
168.0	29.375972831470214	18.437809537285975	19.86698740625442	32.31923022498939	0.0
169.0	27.736602052451538	17.873432155074116	20.5672748004561	33.822690992018245	0.0
170.0	26.823327124229834	18.082819888236138	19.257773319959878	35.83607966757415	0.0
171.0	29.260218767990786	17.37190558434082	18.293033966609094	35.0748416810593	0.0
172.0	28.22779307346761	20.67816258513259	17.51920011592523	33.57484422547457	0.0
173.0	28.933566433566433	16.71037296037296	19.58041958041958	34.77564102564102	0.0
174.0	30.425219941348974	18.70967741935484	18.900293255131963	31.964809384164223	0.0
175.0	28.406909788867562	17.56976229145135	20.49313450465082	33.53019341503027	0.0
176.0	28.310570071258905	17.26543942992874	17.799881235154395	36.62410926365796	0.0
177.0	27.19390043354761	19.80864105247421	19.61429212139333	33.38316639258484	0.0
178.0	26.397235576923077	20.3125	19.591346153846153	33.698918269230774	0.0
179.0	27.72741009368389	17.633726201269265	21.50196433967966	33.13689936536718	0.0
180.0	29.14764079147641	16.316590563165907	19.969558599695585	34.566210045662096	0.0
181.0	28.49709213345577	18.181818181818183	18.91643709825528	34.40465258647077	0.0
182.0	30.203515263644775	18.239284613012643	19.441874807277213	32.11532531606537	0.0
183.0	29.883630721489528	20.79131109387122	18.91388673390225	30.411171450737008	0.0
184.0	31.270511017346458	20.081262697296452	17.26832317549617	31.37990310986092	0.0
185.0	28.72675701229121	20.45382918373779	19.965332492908917	30.85408131106209	0.0
186.0	30.32904148783977	17.83500238435861	20.88698140200286	30.948974725798763	0.0
187.0	30.262736302467157	21.64370394104454	17.782761935277154	30.31079782121115	0.0
188.0	29.67793880837359	18.244766505636072	19.098228663446054	32.97906602254429	0.0
189.0	30.284321689683185	18.91145410235581	19.43135662063363	31.372867587327374	0.0
190.0	31.227436823104693	18.14899901542501	18.099770265835247	32.52379389563505	0.0
191.0	28.56906534325889	19.13978494623656	19.43755169561621	32.853598014888334	0.0
192.0	32.08992506244796	17.81848459616986	18.218151540383015	31.873438800999164	0.0
193.0	30.539223920712246	18.310095750041995	19.788342012430707	31.362338316815052	0.0
194.0	28.9504816630049	19.841135710664187	20.162244380598278	31.046138245732635	0.0
195.0	28.853687617101002	20.45648100834611	20.235053653551354	30.45477772100153	0.0
196.0	30.574673090158296	19.184445973847215	17.377838953888507	32.86304198210599	0.0
197.0	28.89780258109522	20.544122776421347	20.352284618067667	30.205790024415762	0.0
198.0	28.374070138150902	21.661353170386114	19.69535954658165	30.26921714488133	0.0
199.0	29.498141263940518	21.728624535315983	18.62453531598513	30.148698884758364	0.0
200.0	24.600086467790746	18.482490272373543	22.11413748378729	34.80328577604842	0.0
201.0	30.87686567164179	18.75	19.27860696517413	31.094527363184078	0.0
202.0	31.14805520702635	18.03638644918444	20.545796737766626	30.269761606022584	0.0
203.0	30.849714648065945	19.18199112238427	20.038046924540268	29.930247305009512	0.0
204.0	32.59615384615385	19.19871794871795	21.955128205128204	26.25	0.0
205.0	29.983792544570502	16.628849270664507	23.630470016207454	29.756888168557538	0.0
206.0	28.49638870650033	21.831910702560737	21.175311884438607	28.49638870650033	0.0
207.0	28.52892561983471	18.8099173553719	19.90082644628099	32.760330578512395	0.0
208.0	28.414390406395736	18.32111925383078	21.452365089940038	31.812125249833446	0.0
209.0	25.28658125421443	18.54349291975725	20.364126770060686	35.80579905596763	0.0
210.0	28.508023216114715	17.20723796517583	21.338340730624786	32.94639808808467	0.0
211.0	29.76149325959212	18.078119599032146	20.94711372277912	31.21327341859661	0.0
212.0	25.53191489361702	17.370073247296826	24.0320892919428	33.06592256714336	0.0
213.0	27.105449398443028	21.302193913658883	17.905166312809627	33.68719037508846	0.0
214.0	30.771992818671457	21.723518850987432	19.820466786355475	27.684021543985637	0.0
215.0	26.777939042089987	20.682148040638605	18.650217706821483	33.88969521044993	0.0
216.0	29.441997063142438	18.28193832599119	20.92511013215859	31.35095447870778	0.0
217.0	25.139873181648635	20.552032823573292	23.834390152928012	30.473703841850057	0.0
218.0	24.76958525345622	20.929339477726575	19.969278033794165	34.331797235023046	0.0
219.0	23.344797936371453	23.4737747205503	23.387790197764403	29.793637145313845	0.0
220.0	12.894736842105264	24.671052631578945	21.907894736842103	40.526315789473685	0.0
