# Position (bp)	A	C	G	T	N
0.0	29.22077922077922	24.675324675324674	20.12987012987013	25.97402597402597	0.0
1.0	25.97402597402597	22.727272727272727	16.233766233766232	35.064935064935064	0.0
2.0	25.97402597402597	15.584415584415584	21.428571428571427	37.01298701298701	0.0
3.0	28.387096774193548	20.64516129032258	20.64516129032258	30.32258064516129	0.0
4.0	25.477707006369428	21.656050955414013	23.56687898089172	29.29936305732484	0.0
5.0	29.11392405063291	25.949367088607595	15.822784810126583	29.11392405063291	0.0
6.0	24.528301886792452	27.044025157232703	23.89937106918239	24.528301886792452	0.0
7.0	26.70807453416149	24.84472049689441	18.633540372670808	29.81366459627329	0.0
8.0	25.308641975308642	22.22222222222222	19.1358024691358	33.33333333333333	0.0
9.0	33.95061728395062	17.901234567901234	25.308641975308642	22.839506172839506	0.0
10.0	32.098765432098766	16.049382716049383	20.98765432098765	30.864197530864196	0.0
11.0	32.098765432098766	22.22222222222222	14.814814814814813	30.864197530864196	0.0
12.0	31.901840490797547	19.018404907975462	24.539877300613497	24.539877300613497	0.0
13.0	30.67484662576687	19.631901840490798	20.858895705521473	28.834355828220858	0.0
14.0	23.31288343558282	23.31288343558282	28.22085889570552	25.153374233128833	0.0
15.0	32.515337423312886	21.472392638036812	18.404907975460123	27.607361963190186	0.0
16.0	25.766871165644172	23.31288343558282	20.858895705521473	30.061349693251532	0.0
17.0	29.268292682926827	18.902439024390244	23.78048780487805	28.04878048780488	0.0
18.0	23.78048780487805	20.121951219512198	25.0	31.097560975609756	0.0
19.0	27.10843373493976	15.66265060240964	26.506024096385545	30.72289156626506	0.0
20.0	26.94610778443114	17.964071856287426	21.55688622754491	33.532934131736525	0.0
21.0	23.952095808383234	21.55688622754491	25.149700598802394	29.34131736526946	0.0
22.0	23.353293413173652	22.15568862275449	22.75449101796407	31.736526946107784	0.0
23.0	30.357142857142854	22.61904761904762	20.833333333333336	26.190476190476193	0.0
24.0	35.714285714285715	18.452380952380953	23.809523809523807	22.023809523809522	0.0
25.0	29.166666666666668	20.833333333333336	25.0	25.0	0.0
26.0	35.11904761904761	21.428571428571427	19.047619047619047	24.404761904761905	0.0
27.0	23.952095808383234	23.353293413173652	19.760479041916167	32.93413173652694	0.0
28.0	24.404761904761905	19.047619047619047	23.809523809523807	32.73809523809524	0.0
29.0	25.443786982248522	17.159763313609467	26.627218934911244	30.76923076923077	0.0
30.0	28.994082840236686	25.443786982248522	23.076923076923077	22.485207100591715	0.0
31.0	28.994082840236686	17.159763313609467	20.710059171597635	33.13609467455622	0.0
32.0	24.705882352941178	24.705882352941178	19.411764705882355	31.176470588235293	0.0
33.0	28.235294117647058	14.705882352941178	24.11764705882353	32.94117647058823	0.0
34.0	25.294117647058822	21.176470588235293	20.588235294117645	32.94117647058823	0.0
35.0	28.823529411764703	28.823529411764703	19.411764705882355	22.941176470588236	0.0
36.0	33.52941176470588	19.411764705882355	22.941176470588236	24.11764705882353	0.0
37.0	27.647058823529413	20.0	25.294117647058822	27.058823529411764	0.0
38.0	32.16374269005848	19.298245614035086	23.391812865497073	25.146198830409354	0.0
39.0	26.900584795321635	19.298245614035086	27.485380116959064	26.31578947368421	0.0
40.0	21.052631578947366	20.46783625730994	28.07017543859649	30.409356725146196	0.0
41.0	27.325581395348834	21.511627906976745	24.418604651162788	26.744186046511626	0.0
42.0	35.08771929824561	16.95906432748538	23.391812865497073	24.561403508771928	0.0
43.0	28.654970760233915	19.883040935672515	17.543859649122805	33.91812865497076	0.0
44.0	24.561403508771928	19.298245614035086	24.561403508771928	31.57894736842105	0.0
45.0	30.23255813953488	18.6046511627907	21.511627906976745	29.651162790697676	0.0
46.0	26.744186046511626	19.767441860465116	23.837209302325583	29.651162790697676	0.0
47.0	33.72093023255814	16.86046511627907	20.930232558139537	28.488372093023255	0.0
48.0	26.16279069767442	23.25581395348837	27.906976744186046	22.674418604651162	0.0
49.0	25.730994152046783	20.46783625730994	25.730994152046783	28.07017543859649	0.0
50.0	26.31578947368421	17.543859649122805	21.052631578947366	35.08771929824561	0.0
51.0	24.561403508771928	19.298245614035086	24.561403508771928	31.57894736842105	0.0
52.0	29.651162790697676	18.6046511627907	25.0	26.744186046511626	0.0
53.0	30.23255813953488	18.023255813953487	19.767441860465116	31.976744186046513	0.0
54.0	31.03448275862069	18.96551724137931	20.689655172413794	29.310344827586203	0.0
55.0	28.57142857142857	18.857142857142858	21.714285714285715	30.857142857142854	0.0
56.0	19.318181818181817	21.022727272727273	22.727272727272727	36.93181818181818	0.0
57.0	28.32369942196532	21.965317919075144	25.43352601156069	24.277456647398843	0.0
58.0	23.563218390804597	28.735632183908045	19.54022988505747	28.160919540229884	0.0
59.0	29.142857142857142	16.57142857142857	20.0	34.285714285714285	0.0
60.0	26.436781609195403	16.666666666666664	25.287356321839084	31.60919540229885	0.0
61.0	21.714285714285715	25.142857142857146	28.57142857142857	24.571428571428573	0.0
62.0	28.000000000000004	20.57142857142857	21.142857142857142	30.28571428571429	0.0
63.0	28.735632183908045	22.988505747126435	24.71264367816092	23.563218390804597	0.0
64.0	22.857142857142858	24.571428571428573	23.42857142857143	29.142857142857142	0.0
65.0	25.71428571428571	22.285714285714285	18.857142857142858	33.14285714285714	0.0
66.0	30.28571428571429	20.57142857142857	24.571428571428573	24.571428571428573	0.0
67.0	30.857142857142854	22.857142857142858	18.857142857142858	27.42857142857143	0.0
68.0	29.142857142857142	13.142857142857142	21.142857142857142	36.57142857142857	0.0
69.0	25.568181818181817	23.863636363636363	19.886363636363637	30.681818181818183	0.0
70.0	23.863636363636363	17.613636363636363	25.0	33.52272727272727	0.0
71.0	28.97727272727273	18.181818181818183	26.704545454545453	26.136363636363637	0.0
72.0	20.0	20.57142857142857	26.857142857142858	32.57142857142858	0.0
73.0	24.137931034482758	19.54022988505747	22.413793103448278	33.90804597701149	0.0
74.0	26.436781609195403	25.287356321839084	19.54022988505747	28.735632183908045	0.0
75.0	24.71264367816092	15.517241379310345	34.48275862068966	25.287356321839084	0.0
76.0	35.26011560693642	16.184971098265898	20.23121387283237	28.32369942196532	0.0
77.0	29.47976878612717	23.121387283236995	20.23121387283237	27.167630057803464	0.0
78.0	27.74566473988439	16.184971098265898	26.589595375722542	29.47976878612717	0.0
79.0	27.74566473988439	17.91907514450867	23.121387283236995	31.213872832369944	0.0
80.0	27.167630057803464	19.07514450867052	25.43352601156069	28.32369942196532	0.0
81.0	27.74566473988439	20.23121387283237	24.277456647398843	27.74566473988439	0.0
82.0	27.74566473988439	20.809248554913296	24.85549132947977	26.589595375722542	0.0
83.0	30.057803468208093	20.809248554913296	21.38728323699422	27.74566473988439	0.0
84.0	31.213872832369944	20.23121387283237	21.965317919075144	26.589595375722542	0.0
85.0	27.167630057803464	23.121387283236995	23.699421965317917	26.011560693641616	0.0
86.0	27.167630057803464	20.23121387283237	24.85549132947977	27.74566473988439	0.0
87.0	26.011560693641616	20.23121387283237	24.85549132947977	28.901734104046245	0.0
88.0	20.809248554913296	19.653179190751445	19.07514450867052	40.46242774566474	0.0
89.0	28.32369942196532	16.184971098265898	24.85549132947977	30.63583815028902	0.0
90.0	29.47976878612717	17.91907514450867	18.497109826589593	34.104046242774565	0.0
91.0	22.54335260115607	19.653179190751445	22.54335260115607	35.26011560693642	0.0
92.0	24.277456647398843	19.653179190751445	27.167630057803464	28.901734104046245	0.0
93.0	28.32369942196532	21.38728323699422	19.653179190751445	30.63583815028902	0.0
94.0	29.47976878612717	22.54335260115607	23.699421965317917	24.277456647398843	0.0
95.0	25.43352601156069	20.23121387283237	27.167630057803464	27.167630057803464	0.0
96.0	26.011560693641616	20.23121387283237	21.965317919075144	31.79190751445087	0.0
97.0	27.167630057803464	13.294797687861271	27.167630057803464	32.369942196531795	0.0
98.0	21.511627906976745	20.348837209302324	26.16279069767442	31.976744186046513	0.0
99.0	28.488372093023255	15.11627906976744	31.3953488372093	25.0	0.0
100.0	20.930232558139537	26.744186046511626	20.930232558139537	31.3953488372093	0.0
101.0	22.674418604651162	19.186046511627907	26.744186046511626	31.3953488372093	0.0
102.0	26.16279069767442	20.348837209302324	25.581395348837212	27.906976744186046	0.0
103.0	25.0	16.27906976744186	38.372093023255815	20.348837209302324	0.0
104.0	28.488372093023255	21.511627906976745	23.837209302325583	26.16279069767442	0.0
105.0	27.906976744186046	23.837209302325583	25.581395348837212	22.674418604651162	0.0
106.0	29.651162790697676	15.11627906976744	23.25581395348837	31.976744186046513	0.0
107.0	21.511627906976745	18.6046511627907	20.348837209302324	39.53488372093023	0.0
108.0	27.325581395348834	20.348837209302324	20.930232558139537	31.3953488372093	0.0
109.0	23.837209302325583	16.27906976744186	26.744186046511626	33.13953488372093	0.0
110.0	25.146198830409354	18.71345029239766	21.052631578947366	35.08771929824561	0.0
111.0	32.94117647058823	16.470588235294116	22.35294117647059	28.235294117647058	0.0
112.0	28.823529411764703	17.058823529411764	24.705882352941178	29.411764705882355	0.0
113.0	27.647058823529413	15.88235294117647	28.823529411764703	27.647058823529413	0.0
114.0	25.882352941176475	18.823529411764707	23.52941176470588	31.76470588235294	0.0
115.0	24.85207100591716	19.526627218934912	28.402366863905325	27.218934911242602	0.0
116.0	27.218934911242602	14.792899408284024	21.301775147928996	36.68639053254438	0.0
117.0	24.85207100591716	23.668639053254438	23.668639053254438	27.810650887573964	0.0
118.0	24.85207100591716	22.485207100591715	21.893491124260358	30.76923076923077	0.0
119.0	28.402366863905325	20.118343195266274	15.976331360946746	35.50295857988166	0.0
120.0	24.2603550295858	18.34319526627219	26.035502958579883	31.360946745562128	0.0
121.0	33.72781065088758	14.792899408284024	21.301775147928996	30.17751479289941	0.0
122.0	23.809523809523807	19.047619047619047	30.952380952380953	26.190476190476193	0.0
123.0	26.190476190476193	18.452380952380953	25.0	30.357142857142854	0.0
124.0	16.666666666666664	29.761904761904763	33.92857142857143	19.642857142857142	0.0
125.0	23.214285714285715	21.428571428571427	23.809523809523807	31.547619047619047	0.0
126.0	23.214285714285715	20.238095238095237	30.952380952380953	25.595238095238095	0.0
127.0	25.595238095238095	22.023809523809522	21.428571428571427	30.952380952380953	0.0
128.0	32.73809523809524	17.857142857142858	18.452380952380953	30.952380952380953	0.0
129.0	29.6969696969697	15.757575757575756	24.242424242424242	30.303030303030305	0.0
130.0	19.753086419753085	20.98765432098765	26.543209876543212	32.71604938271605	0.0
131.0	21.604938271604937	18.51851851851852	24.074074074074073	35.80246913580247	0.0
132.0	20.37037037037037	22.839506172839506	24.074074074074073	32.71604938271605	0.0
133.0	20.496894409937887	19.25465838509317	24.22360248447205	36.024844720496894	0.0
134.0	30.434782608695656	16.77018633540373	25.465838509316768	27.32919254658385	0.0
135.0	26.08695652173913	20.496894409937887	25.465838509316768	27.95031055900621	0.0
136.0	23.60248447204969	25.465838509316768	21.73913043478261	29.19254658385093	0.0
137.0	19.25465838509317	19.875776397515526	27.32919254658385	33.54037267080746	0.0
138.0	26.25	21.25	25.0	27.500000000000004	0.0
139.0	24.375	26.25	22.5	26.875	0.0
140.0	25.157232704402517	21.38364779874214	23.89937106918239	29.559748427672954	0.0
141.0	23.89937106918239	20.754716981132077	23.89937106918239	31.446540880503143	0.0
142.0	26.582278481012654	17.72151898734177	22.78481012658228	32.91139240506329	0.0
143.0	27.848101265822784	19.62025316455696	23.417721518987342	29.11392405063291	0.0
144.0	26.582278481012654	19.62025316455696	26.582278481012654	27.21518987341772	0.0
145.0	20.51282051282051	23.076923076923077	25.64102564102564	30.76923076923077	0.0
146.0	25.0	19.230769230769234	19.230769230769234	36.53846153846153	0.0
147.0	21.29032258064516	16.129032258064516	29.03225806451613	33.5483870967742	0.0
148.0	23.48993288590604	12.080536912751679	24.161073825503358	40.26845637583892	0.0
149.0	27.659574468085108	24.822695035460992	19.148936170212767	28.368794326241137	0.0
150.0	31.818181818181817	14.545454545454545	37.27272727272727	16.363636363636363	0.0
