# Position (bp)	A	C	G	T	N
0.0	25.742903367766058	23.96128280092245	24.012774108592716	26.283039722718776	0.0
1.0	25.71325588813231	19.6631018619598	15.683602012062824	38.94004023784506	0.0
2.0	27.87549453352393	18.859803443276096	18.478971193332296	34.78573082986768	0.0
3.0	22.847481374845493	22.112215230496243	15.184353623405242	39.855949771253016	0.0
4.0	33.542710542685185	13.47687136918673	14.547290686898034	38.43312740123005	0.0
5.0	35.00031533562364	14.890350559465054	22.604802220644597	27.504531884266715	0.0
6.0	30.45991503062645	17.439185729167768	20.75137419281918	31.3495250473866	0.0
7.0	34.22018425832684	17.468907219627006	19.90257529790468	28.40833322414148	0.0
8.0	21.914666937675527	27.30567658096757	22.188786433194238	28.590870048162664	0.0
9.0	27.548455350704533	18.430285580911857	15.611889320578445	38.409369747805165	0.0
10.0	25.693429537217217	16.356801486117135	25.21344344559641	32.73632553106924	0.0
11.0	27.80169523285403	17.570780557713647	19.242545152430232	35.38497905700209	0.0
12.0	26.221033930756597	19.0366892091921	21.435490463715972	33.30678639633533	0.0
13.0	25.62888383446003	20.881019547259676	18.652504323198517	34.83759229508178	0.0
14.0	30.38662332655492	17.99234634335651	20.794805919199945	30.82622441088863	0.0
15.0	29.692930130954593	18.086400479293655	19.887331049572357	32.333338340179395	0.0
16.0	29.47532407876429	17.909722730452607	18.358730293666436	34.256222897116665	0.0
17.0	29.89129711082611	18.02332487176349	19.526678340074998	32.5586996773354	0.0
18.0	29.98830209008126	17.63386681810778	18.650554849093126	33.727276242717835	0.0
19.0	29.699076833461753	17.924381071266914	19.4995987598788	32.87694333539253	0.0
20.0	29.547603760759262	17.56903348802357	19.83937185600694	33.04399089521023	0.0
21.0	28.632032714519116	18.397272355487775	19.281502675946165	33.689192254046944	0.0
22.0	29.42584152565204	18.95825217182601	22.31963556126265	29.2962707412593	0.0
23.0	29.78158326486205	20.12705244735168	21.033419419127025	29.05794486865924	0.0
24.0	31.71167981070287	19.562748937456718	18.298914462509217	30.426656789331197	0.0
25.0	28.909710266601767	20.9760537466815	19.108553429492474	31.005682557224258	0.0
26.0	32.42276913315622	16.224631402917204	21.29227336058549	30.06032610334109	0.0
27.0	26.043141755423665	21.17231145948817	25.019401528494228	27.765145256593936	0.0
28.0	26.03942390590027	19.25153616961575	18.13389094684466	36.57514897763932	0.0
29.0	27.713691923648366	19.535925025995653	17.214527481033375	35.53585556932261	0.0
30.0	26.02419444846948	19.35664713523466	16.499660367767397	38.11949804852846	0.0
31.0	33.5317976952581	14.258299314949987	17.457876019480842	34.75202697031107	0.0
32.0	34.52480237362838	15.460489595334117	22.02627317673213	27.98843485430537	0.0
33.0	30.57018190650509	17.669317619191567	20.815707319205	30.94479315509835	0.0
34.0	33.05413244422759	16.37527946606513	20.823719229268832	29.746868860438447	0.0
35.0	25.25950043677395	20.406543646024875	25.527295958996337	28.806659958204833	0.0
