# Position (bp)	A	C	G	T	N
0.0	26.936063903698077	24.26321037607139	23.16059079962418	25.64013492060635	0.0
1.0	27.456378211627815	20.13305026802074	15.326263878844218	37.08412818336315	1.7945814407976555E-4
2.0	28.006671152276922	20.055688374157157	17.857500751578314	34.07996077476987	1.7894721772865877E-4
3.0	23.93840718701769	21.91576486961487	15.119144266711867	39.0257915443702	8.921322853752755E-4
4.0	34.27690523124657	14.013030080913172	14.719863934927876	36.98877747809936	0.0014232748130172713
5.0	36.20027544537741	15.064551956994979	22.317650717490782	26.407570305211248	0.009951574925585321
6.0	32.66660515164636	17.537459098426396	19.855806426426852	29.933918672411224	0.0062106510891707534
7.0	35.565676155763484	16.813570980311514	20.650751835712995	26.969114638548024	8.863896639874061E-4
8.0	23.179864599953603	26.793129766936957	22.330736660545387	27.694852283614047	0.001416688950003276
9.0	28.79769847715197	18.18075659378865	15.9878695874492	37.033498410271925	1.7693133825556317E-4
10.0	26.48696715978842	17.230326987808674	24.976133567165444	31.305688343280625	8.839419568353464E-4
11.0	28.55136149438387	18.58509185294341	19.580393632754316	33.28209287245189	0.001060147466512592
12.0	26.547439506373422	19.466568242744472	21.142306157264006	32.83750516548993	0.006180928128167726
13.0	27.667381462949724	21.328638621943362	18.619648955603207	32.3841544665943	1.7649290939736497E-4
14.0	31.7950211350259	18.292078115761697	20.379459755204334	29.53220554364228	0.0012354503657815547
15.0	29.940257150168993	18.807966889930196	19.59018346437932	31.659827566427516	0.0017649290939736495
16.0	30.56857190762361	17.888438831969925	19.061234214915416	32.47928414475948	0.0024709007315631094
17.0	30.121162382301293	18.210714884529512	20.52030109690343	31.144291778077815	0.003529858187947299
18.0	31.590818838853146	18.370264474624733	18.4860438231894	31.546872104413204	0.006000758919510409
19.0	30.38660771803493	18.63765123236174	19.888985959989057	31.086755089614275	0.0
20.0	30.061684271834377	18.428330641816466	19.495759757851726	32.014225328497425	0.0
21.0	30.512623655344644	17.40467176731175	19.487994069838244	32.59400453586777	7.059716375894599E-4
22.0	28.465305906335214	19.480051888915362	19.717964330783012	32.336324888147615	3.5298581879472993E-4
23.0	30.22441073429875	17.911382910191584	20.155490253179078	31.707480651964808	0.0012354503657815547
24.0	31.155057845551053	17.988157325779436	18.523989798709835	32.331559579593886	0.0012354503657815547
25.0	29.614451239421456	18.249366831687535	19.520468765167358	32.61518368499546	5.294787281920948E-4
26.0	32.17465738313963	17.877672764496687	20.09512967816518	29.85218718837971	3.5298581879472993E-4
27.0	28.988960368517198	18.317316601805523	20.219380686380926	32.47416585038696	1.7649290939736497E-4
28.0	30.482619860747096	18.177181231744015	20.11736778474925	31.220183729118684	0.0026473936409604744
29.0	29.360830928617442	18.567760040240383	19.618422329882897	32.449809828890125	0.003176872369152569
30.0	30.337756865181408	18.28373553409779	19.352407645020836	32.0246880024568	0.0014119532431683525
31.0	30.857804463929572	18.445390461465692	19.450180555114315	31.243624092370798	0.003000427119625264
32.0	29.36611452827025	18.34287882665443	19.629358348703196	32.66164829637213	0.0
33.0	29.68550062391565	18.388479710827895	19.677787720422252	32.24664347500719	0.001588469827015636
34.0	29.77159326975857	18.082802514044868	19.773305305368908	32.37229891082766	0.0
35.0	30.445792387359944	17.65246029013147	19.535401160172704	32.36616957592774	1.7658640814416515E-4
36.0	31.157940841946125	17.652928585052948	19.233608613028334	31.95534534767896	1.766122936285349E-4
37.0	29.28380163771116	18.928705162534705	19.28567391319707	32.501112767505774	7.06519051286218E-4
38.0	30.701886099182286	18.494618337399242	19.110775867398942	31.692366394683518	3.5330133600900213E-4
39.0	29.67029666055876	19.23390224637899	19.449652167306024	31.645795527032348	3.5339872387720806E-4
40.0	30.001679973827777	18.494036092911394	19.49176370726014	32.00756872419251	0.004951501808182357
41.0	29.659386389262078	18.39026747452434	20.560013169283707	31.388208888912487	0.002124078017385579
42.0	29.366909686058623	18.224151734790034	19.677662762769145	32.72897315450507	0.002302661877129962
43.0	29.57666856877541	18.540598207292046	20.14244549749595	31.738870005635437	0.0014177208011540248
44.0	29.578708308291272	18.91495627168465	19.818066096860036	31.688092034230948	1.7728893309292953E-4
45.0	29.38181082921846	18.371679720756003	19.786168340995516	32.460341109030026	0.0
46.0	30.398079594628403	17.504005280050244	19.55179896066753	32.54487421735142	0.0012419473024017486
47.0	29.56671428698191	18.183980052707703	20.045076621383	32.20280930282084	0.0014197361065511947
48.0	30.153444150163665	17.81240902345331	19.03850660001562	32.99422010466297	0.0014201217044300695
49.0	29.5286174958093	17.752755916697446	20.316184618007217	32.40173168167742	7.102878086200528E-4
50.0	29.717494047830566	18.48672755054902	19.787320990725277	32.00827973419565	1.776766994776305E-4
51.0	30.181236806490453	18.164050342964558	19.59726339713642	32.05744945340857	0.0
52.0	29.811357708160852	18.11055025861532	19.917919682361635	32.15963820562811	5.341452340891489E-4
53.0	31.598271175867755	17.540613999910885	19.37405872655171	31.475114735106715	0.01194136256293722
54.0	30.295223754915046	18.306085020445153	19.4701743368705	31.92477039341759	0.003746494351713753
55.0	29.140406568803538	18.337731341791315	18.177581940432276	34.34410161006388	1.7853890898443498E-4
56.0	29.06850631889092	18.492650146246632	20.32283252124909	32.11511763160857	8.933820047849541E-4
57.0	28.171642791635605	18.740871443103057	19.93238834333564	33.154918649697606	1.7877222809191038E-4
58.0	30.839051755597374	17.979578255922952	21.904180947815075	29.277189040664602	0.0
59.0	29.60864045666074	20.320722520944905	21.193255372979593	28.868249867051993	0.009131782362768112
60.0	31.25414612281488	18.94683998207082	19.691080233079337	30.10775437023756	1.7929179740026893E-4
61.0	29.188775702595983	21.00488598471177	19.76193169677087	30.043867918599243	5.386973221356117E-4
62.0	31.0443871747988	16.49815713319032	21.7821817815339	30.675273910476985	0.0
63.0	26.404640525473393	20.357216407314137	25.692520025001897	27.544177845862585	0.0014451963479888287
64.0	26.448190746284332	19.885039361522956	18.3194522165418	35.34550670150981	0.001810974141100239
65.0	27.724433773625684	19.643710079020156	18.493549986469773	34.13394743007415	0.004358730810233573
66.0	26.526864953877094	19.612254266186735	16.938510077090104	36.91544862359919	0.006922079246877778
67.0	33.4977889851259	14.331030954208238	17.856960128640864	34.31348901801703	7.309140079669627E-4
68.0	34.41913654258631	15.522391920027934	23.106141081751154	26.952330455634605	0.0
69.0	31.975379184322332	17.19044359332658	20.441349241819935	30.392827980531152	0.0
70.0	33.0900159347184	16.16937489216154	22.082068874521703	28.658540298598357	0.0
71.0	25.48242169571736	20.43509745326221	25.793242016583882	28.289238834436546	0.0
