# Position (bp)	A	C	G	T	N
0.0	31.16036028985828	14.603069557990795	25.981512560723846	28.24519036516393	0.00986722626315382
1.0	28.04133971291866	17.036980329611907	20.061669324827218	34.85439659755449	0.005614035087719299
2.0	29.561219969851887	18.87351820662085	19.126197826377133	32.43574821479128	0.00331578235884757
3.0	31.24485932391188	18.333350327303872	20.037760602538217	30.383689866835244	3.3987941078505345E-4
4.0	31.880680969008573	18.036184970312906	19.86666281708129	30.21579190500129	6.7933859594299E-4
5.0	32.07967474293337	18.140837803411603	19.667495763290795	30.111143075600545	8.486147636904899E-4
6.0	28.041320176238354	17.863003939495457	17.62392024323946	36.47150120644398	2.5443458274848716E-4
7.0	27.683558831556983	19.550365413923874	19.392366909145775	33.37303074020265	6.781051707214531E-4
8.0	27.09960457701261	19.41443852985325	19.501096138272676	33.984691336272185	1.6941858928529074E-4
9.0	30.80350038430414	17.282597286508047	19.502588550784015	32.41063659049431	6.77187909487064E-4
10.0	29.043550648069584	20.24941436437914	21.230168969306686	29.476189227350137	6.767908944553061E-4
11.0	27.384315174409707	19.986793612572615	19.920508031631073	32.70779134584248	5.918355441209171E-4
12.0	28.433528072722236	18.835670262332037	19.977996758662297	32.75238241701043	4.2248927299735857E-4
13.0	29.024013158728003	18.49660857090506	20.702282934605748	31.777095335761192	0.0
14.0	29.173804223633514	18.450760561193405	19.98082774845871	32.39452308180442	8.438490995286258E-5
15.0	29.168068551981065	18.42334491100874	20.441891115883845	31.966020829696863	6.745914294845363E-4
16.0	29.457275507882606	18.822959411521836	20.452481062361496	31.267031235517656	2.5278271640307045E-4
17.0	29.108417298599154	19.332291925439687	19.65961961945103	31.899418523867467	2.526326426637586E-4
18.0	29.001688145783085	18.762991401060013	19.924243826822835	32.310824161860026	2.524644740407612E-4
19.0	28.717194299912357	18.53369602336289	20.505781003184474	32.24299222638856	3.364471517225253E-4
20.0	28.786919591775312	18.586935229346846	19.542424479357145	33.083468480624965	2.522188957352307E-4
21.0	28.745501700151443	18.253054473759846	20.047247906116006	32.95360763227649	5.88287696214957E-4
22.0	29.247098813817484	18.54457194849318	19.71117938584663	32.49664577258128	5.040792614230661E-4
23.0	28.750098681282132	18.326415845442437	18.70593985732786	34.21720967966796	3.3593627960648424E-4
24.0	29.014367820916874	18.027694617062394	18.954710385229536	34.00289136234882	3.3581444237172305E-4
25.0	30.21221416971259	17.890699421310384	19.147954023760267	32.748628811944755	5.035732720092993E-4
26.0	28.995706987641228	18.369914005491296	18.86005249625746	33.77390694333492	4.195672750951579E-4
27.0	29.650170720044294	18.214528401607367	18.78809741529014	33.346616219662586	5.872433956090972E-4
28.0	29.741115414485392	17.886083401965536	18.95850701054895	33.41370709508817	5.870779119483775E-4
29.0	29.69080755891306	18.35855793470415	18.702785087737684	33.247430242862066	4.191757830413215E-4
30.0	29.856199589333404	18.06672996658301	19.18868184075262	32.88805309140687	3.3551192409378227E-4
31.0	30.059076757827253	18.195725326642442	19.213960240670655	32.53073417976453	5.034950951186151E-4
32.0	29.85985926313394	18.584789301915926	18.90115758213359	32.65327027238067	9.235804358795885E-4
33.0	30.298658214403357	17.758912185645045	19.60311111409883	32.33839415960257	9.243262501932683E-4
34.0	30.447889677806607	18.47639495802558	19.53504481586907	31.53991394949619	7.565988025562952E-4
35.0	29.776783686433905	18.66938312687899	19.092329925420717	32.46099855148292	5.047097834626793E-4
36.0	29.998678505684527	18.14815718880282	19.60028584679588	32.25203674259227	8.417161245032823E-4
37.0	29.785424494380884	18.478822857739523	20.234364079443967	31.50088332825286	5.052401827622154E-4
38.0	30.26312574203448	18.219016137064354	19.155675357756465	32.36142440285447	7.583602902329093E-4
39.0	30.194884914370284	18.238028419767442	19.153515851432843	32.41238954032406	0.0011812741053747128
40.0	30.152883911962924	18.144764118826735	19.73721335322452	31.963618055473425	0.0015205605123951025
41.0	30.265592703727634	18.13378078030331	19.297672892359007	32.302023321820144	9.303017899006437E-4
42.0	30.095468869325504	17.886866511220724	19.48382803411683	32.53197394333166	0.0018626420052865165
43.0	30.280892258959497	18.13880807856543	19.502974846215576	32.07579947138326	0.0015253448762394487
44.0	30.598100264836752	18.048332071196395	18.964787651467034	32.38759278402533	0.0011872284744877321
45.0	30.276364531309007	17.755137545774335	19.32277323511565	32.643518184557024	0.0022065032439840962
46.0	29.75877505825131	18.20735426983771	19.689365994823614	32.34255164496253	0.00195303212483102
47.0	29.762252711212916	18.737531479297584	19.246892853137393	32.25213345522888	0.0011895011232289177
48.0	29.561177947163802	18.3075512834903	19.502862215691678	32.62679292388173	0.0016156297724853148
49.0	29.99654515717833	18.367510181574968	19.70060298069543	31.933809976837235	0.001531703714041128
50.0	29.031733421209715	18.916327550692834	19.357497634916214	32.692993817147304	0.0014475760339311822
51.0	29.530948822259223	17.978761297227653	19.950950901477437	32.53771991567236	0.0016190633633229316
52.0	29.21262938139978	18.39051542769523	20.232406815970336	32.16342500718489	0.0010233677497592955
53.0	29.93017759862489	18.599506523499876	19.185413851992898	32.28362182050326	0.0012802053790816148
54.0	29.12706364927764	18.33445661115197	19.892353254216992	32.64561396315478	5.125221986177276E-4
55.0	29.287748264828355	18.641201809929996	19.927096717386085	32.14249992947325	0.001453278382313089
56.0	29.779411135544926	18.187714449511848	19.333270585013988	32.69857703924907	0.0010267906801632596
57.0	29.49269963605224	18.0190965532006	20.132733889959322	32.35452793834297	9.419824448726183E-4
58.0	29.442519312506484	18.382214923577074	20.15511716068228	32.018177283366946	0.0019713198672187504
59.0	29.133405681784062	18.21199239912324	19.77943731206918	32.87413514290249	0.0010294641210306652
60.0	29.458259729262977	18.124334987045398	20.005049589892575	32.41089577835392	0.001459915445132513
61.0	29.378089989080248	18.18964257155877	20.664299287206692	31.766850382191347	0.0011177699629416266
62.0	29.39557814844111	18.412819186432333	19.671705021685785	32.51860656676028	0.0012910766804869252
63.0	29.330737154082087	17.78991625598787	19.94839232174243	32.93017886066789	7.754075197298135E-4
64.0	29.09691785724758	18.240337795532284	20.47273091060251	32.18949598022627	5.17456391362618E-4
65.0	29.088078956206136	18.708932732344365	19.50103296777296	32.70178267877508	1.726649014558241E-4
66.0	29.37807008369557	18.26660362631825	19.754073492714777	32.600907054958334	3.457423130679358E-4
67.0	29.383338395099862	18.827262241903988	20.25580524052909	31.53246928546027	0.0011248370067914197
68.0	29.524259994161213	18.227329862979047	19.521565834942464	32.72632453443456	5.197734827162323E-4
69.0	29.496266213066562	18.197321249667127	19.95921415690319	32.346851414449915	3.4696591320127233E-4
70.0	29.78583321969358	18.410334760996058	20.203179191504553	31.600392252577308	2.605752285027608E-4
71.0	30.017984422776557	18.76093588570673	19.307686688396394	31.913132107238646	2.608958816715425E-4
72.0	29.740765607488356	18.103563134011356	19.796001717256953	32.359495377252266	1.7416399107235382E-4
73.0	29.582657065037747	18.19649384141614	20.242174547427158	31.97841290551024	2.6164060871559756E-4
74.0	29.666208428896578	18.93567145225273	18.857939886424575	32.54018023242612	0.0
75.0	29.7238687418646	17.996381933461166	19.758702254818257	32.52078463756351	2.624322924685431E-4
76.0	30.075561497982168	18.5065213848502	19.522360911294097	31.895293352796145	2.6285307739621244E-4
77.0	29.74430569242096	18.125961409368	19.37929261330481	32.75008928547924	3.509994269934354E-4
78.0	29.733295363255863	17.80814212059367	19.772917842244876	32.6854688865099	1.757873956921541E-4
79.0	29.81202054143156	18.038032643687878	20.00773121438182	32.14168727149771	5.283290010355248E-4
80.0	29.510999296059165	18.16978911767456	19.70902014611624	32.609573948190665	6.174919593725576E-4
81.0	29.282289461706046	18.205215454573576	20.038358028892258	32.47351837694276	6.186778853589878E-4
82.0	29.466841756196388	18.51235293232164	20.117379642920074	31.90227454050067	0.001151128061225845
83.0	29.655265413161626	18.214385203506787	19.576094806003624	32.553101262790705	0.0011533145372635927
84.0	29.234542309422263	18.222376694928062	20.27940201284652	32.26270118242733	9.77800375830908E-4
85.0	29.75433208060124	18.062057004506453	20.135344949684352	32.04773149785367	5.344673542886106E-4
86.0	29.662415657472263	18.05186725139987	19.45651232768863	32.82813360552646	0.0010711579127773965
87.0	30.033434402989684	17.47016894349255	19.558812608983896	32.93633148461454	0.0012525599193351413
88.0	29.715312542872592	17.8549940236168	20.199816538934364	32.22826286760585	0.0016140269703906751
89.0	29.52869276052667	18.21902664809239	19.08228104075855	33.16820204017436	0.001797510448029479
90.0	29.931617878289014	17.567780658194817	19.67294801823403	32.825941414299784	0.0017120309823543671
91.0	29.791316429190225	18.178713932503275	19.36671343023902	32.66163017271205	0.001626035355428745
92.0	29.927838795001144	17.808758771131533	19.179722058473306	33.081144908284	0.0025354671100112016
93.0	29.591600506584232	17.624501246033798	19.60081525562985	33.18208434899841	9.986427537120005E-4
94.0	29.989814151502436	17.797380807822442	19.947059075190495	32.26465364929186	0.0010923161927683207
95.0	29.426735777025982	18.163378203946152	19.638667720727447	32.7701228540704	0.0010954442300213794
96.0	29.374772873108267	18.047857524044556	19.63621251662546	32.94079093707635	3.6614914536212606E-4
97.0	30.131566630385503	18.152909498383867	19.534928113740527	32.17940270071345	0.001193056776654265
98.0	29.480465694169624	18.398601076802723	19.385854309511757	32.73415857530716	9.203442087340666E-4
99.0	29.122875356068818	17.953252756706462	19.929515451032806	32.99315646351437	0.0011999726775451882
100.0	29.36663342952662	18.49484824329216	19.912935357928816	32.22428681337299	0.0012961558794093602
101.0	29.491610411075932	18.39534602991838	19.52949588181219	32.582433398642436	0.0011142785510664575
102.0	29.089376368124448	18.499091798239487	19.117227888780214	33.29272041358111	0.001583531274742676
103.0	29.896837868593007	18.417738430463192	19.55866937480497	32.126100336897885	6.539892409427162E-4
104.0	29.402231426881542	18.71901512019954	19.117196309512764	32.75968246737361	0.0018746760325481253
105.0	29.409717748344494	18.349414213309682	19.4705771153356	32.76793968800052	0.0023512350097011957
106.0	29.926901205728985	18.48139496472476	19.29855359713079	32.29164012175267	0.001510110662797008
107.0	29.80986252326402	18.345164635850033	18.890146474524418	32.95406865786146	7.577085000686673E-4
108.0	28.903630169798266	18.566409903504702	19.40475556805998	33.12387365123299	0.0013307074040559961
109.0	29.83243900693997	18.068350385156567	19.4237199208223	32.67463213374353	8.585533376261E-4
110.0	29.17574310278627	18.346641184023685	19.127302462439115	33.34983449368089	4.787570700450319E-4
111.0	29.143530397645918	17.886474195972607	19.503466356068863	33.46633684870081	1.9220161180271659E-4
112.0	29.020196991099894	18.20643154327706	20.074450593983745	32.69834194011532	5.789315239793437E-4
113.0	29.14026202700465	18.143728407760275	19.20824338080115	33.50766933110183	9.685333209361068E-5
114.0	28.70108907040062	17.602003111629717	20.080124465188643	33.61649163749514	2.917152858809802E-4
115.0	29.477273548169187	17.971571068911018	20.175833358551863	32.37522440424882	9.762011911606935E-5
116.0	28.68919386505834	18.35061934602314	20.27183198407354	32.687374594315365	9.802105296175512E-4
117.0	28.599527078776234	18.055175455349108	20.385523333996183	32.95898658612699	7.875457514860003E-4
118.0	28.94748288344929	18.040142586848084	20.75140817363488	32.26047208662764	4.94269440111349E-4
119.0	29.038406935208773	18.29109688999728	19.9360446992155	32.7337565250887	6.94950489741538E-4
120.0	29.467617290721442	17.994814777883033	20.195542703295608	32.34162636486015	3.98863239766665E-4
121.0	29.969919796139756	17.98431582310877	20.057576094501723	31.987286781638552	9.015046111960863E-4
122.0	30.04061841435211	17.9419466646807	19.47359098585199	32.542434971287335	0.0014089638278729274
123.0	29.98517802546225	17.947732824303994	19.460969474416423	32.60500752220263	0.0011121536147014575
124.0	29.91969401051585	17.966116499036673	19.58147853614988	32.53200001218758	7.109421100152446E-4
125.0	29.862135044596165	18.226316482265105	19.162116575528792	32.749227819517415	2.0407809252288481E-4
126.0	29.60800940884058	18.05059815247941	19.36297555608647	32.97790419511655	5.126874769931495E-4
127.0	29.17501380885251	18.45779849792661	19.96718851762999	32.398865613071834	0.0011335625190644605
128.0	29.264269457221136	18.803210822027598	19.35657230666001	32.574601287725194	0.0013461263660593911
129.0	29.069999812651048	18.399019956826475	19.791022654651353	32.73870858287173	0.0012489929993942384
130.0	28.879239101098207	18.755609767324113	20.349672881260187	32.01537363927182	1.0461104567109031E-4
131.0	28.934767522553784	18.78893024625155	19.675940529514435	32.60015141000568	2.1029167455260446E-4
132.0	28.474570897099856	18.60911473746512	20.075357233448887	32.84074575124715	2.1138073898706352E-4
133.0	28.720191285866097	18.45058448459086	20.612008501594048	32.21710945802338	1.0626992561105207E-4
134.0	28.487562603716203	18.76652914418703	19.75760995119929	32.98765717045628	6.411304411939131E-4
135.0	28.7829007449874	17.850581356620545	20.29118327721396	33.074689982530295	6.446386478059724E-4
136.0	28.995266070190066	18.553396610843315	20.54041557465068	31.910813713056008	1.08031259925372E-4
137.0	29.454285953248093	18.65090528725994	19.804007399144297	32.09058412181868	2.1723852899102478E-4
138.0	29.616217361761997	18.210558282918985	20.439058174771198	31.733729219784713	4.369607631082767E-4
139.0	29.00290001537887	18.720697761276007	21.36663224729222	30.908891183513852	8.787925390513435E-4
140.0	28.67728702477138	18.860876549661533	20.070222965649744	32.39139249400906	2.209659082748418E-4
141.0	29.262852074715084	18.05003234274867	19.390644832162252	33.296359606907785	1.1114346620905197E-4
142.0	30.37782068583069	18.110527616251442	21.279623979365375	30.23202771855249	0.0
143.0	30.60830321457939	18.24932141406847	19.86656632706436	31.27400923079346	0.0017998134943266505
144.0	30.812033497075177	17.926392022651395	19.168437486202325	32.09279735899767	3.3963507343476345E-4
145.0	27.81457558258964	18.60577910665784	19.70431150571748	33.874534955378536	7.988496564946477E-4
146.0	27.999602380170792	18.78788369157647	19.626815296342357	33.58454276031384	0.0011558715965360841
147.0	27.946729991354108	18.682785249682553	19.73525192058971	33.63311259214237	0.002120246231262324
148.0	29.27928093095681	18.710926471181384	19.456371483153237	32.548409925088826	0.005011189619748487
149.0	29.889167522056052	20.608084404194223	16.256512869820565	33.239608643114224	0.006626560814937048
150.0	26.00669550059443	24.78885104334571	12.155287476204716	37.04041369149642	0.008752288358727125
