# Position (bp)	A	C	G	T	N
0.0	27.10618012073286	24.273916809372995	23.51368327790377	25.105823079415245	3.967125751274439E-4
1.0	27.17368109069354	20.128828294803398	15.215306592899955	37.4819205690575	2.6345254561022194E-4
2.0	28.473134824099954	19.805149197005164	18.021533101136782	33.69952646082307	6.564169350317903E-4
3.0	23.9758280629591	22.333513558094996	15.20198046503225	38.486976033597735	0.0017018803159213522
4.0	34.835938173468506	13.53585170827532	14.4351158398487	37.19152693351584	0.001567344891631162
5.0	36.71935031473207	14.85848472000261	23.016600893643393	25.401128469391082	0.004435602230847005
6.0	32.62688391941263	17.683784379126113	20.072678264428447	29.616523095812532	1.3034122028057253E-4
7.0	35.84969815086464	16.735886566215306	20.235486619367848	27.178277284321823	6.513792303824117E-4
8.0	22.722484593038775	27.52588877300302	22.617536266417705	27.134090367540498	0.0
9.0	29.117527238460667	18.20678452753912	15.81646399160752	36.85831314825975	9.110941329442528E-4
10.0	26.45149706675618	17.067458753088395	25.66474499839319	30.81486801378605	0.0014311679761853649
11.0	28.188542746509924	18.782086383992155	19.924351898941627	33.105018970556294	0.0
12.0	26.65709611898687	19.590234920535845	21.138947187741376	32.61359173812069	1.300346152145701E-4
13.0	26.90056654940472	22.17927817601772	18.849272897930106	32.070752374489416	1.3000215803582338E-4
14.0	31.79020771744811	18.19796208617063	20.786955063454055	29.22474513076917	1.3000215803582338E-4
15.0	29.812744891565202	19.099267047832992	19.94571109880424	31.142276961797567	0.0
16.0	30.34315369635136	17.665473246855896	19.331710906401046	32.65940214607562	2.6000431607164676E-4
17.0	30.0373886206511	18.319904110408235	20.538780943763665	31.103406316544856	5.200086321432935E-4
18.0	31.187127706319924	18.337324399585032	18.380485116052927	32.09506277804211	0.0
19.0	30.508646443530964	18.570028262469158	19.688176823735272	31.23301846810657	1.3000215803582338E-4
20.0	30.238631961290558	18.427935903736	19.130597567919626	32.202054554105594	7.800129482149403E-4
21.0	30.189621147711055	17.766224919333663	19.312340584853708	32.73142334162747	3.9000647410747017E-4
22.0	28.88023941197424	19.403082091162712	19.76396808187016	31.95271041499289	0.0
23.0	30.03127851922342	18.092660338161615	20.534230868232413	31.340530252802196	0.001300021580358234
24.0	31.164377328663655	18.457576395768168	18.858113044676543	31.519803228733593	1.3000215803582338E-4
25.0	29.447698831800608	18.41363566635206	19.522294070081564	32.616111427449695	2.6000431607164676E-4
26.0	32.25171537847528	18.184441861734904	19.726527460355843	29.836535286485756	7.800129482149403E-4
27.0	29.637761986848982	18.25750307455104	20.12004399273028	31.984690945869705	0.0
28.0	30.362654020056734	18.14843126395898	19.76487809697641	31.723646612533766	3.9000647410747017E-4
29.0	29.54198880159955	18.70356479380981	19.63971155083676	32.11460485142684	1.3000232704165406E-4
30.0	30.11407882164053	18.606743325901416	19.63455775768488	31.643060042511422	0.0015600522617507688
31.0	30.494438348613357	18.4760451172393	19.534422955917606	31.493663513590814	0.0014300646389216794
32.0	28.98379078305547	18.728353909037015	19.925454242893842	32.36214105190901	2.600131046604749E-4
33.0	29.47504040000884	18.9039539355394	19.63537935705807	31.985626307393687	0.0
34.0	29.817011733350668	18.24123248935548	19.673936360386126	32.26703936035363	7.800565541001722E-4
35.0	29.9525835517928	17.908467111269122	19.64898024032495	32.489838867422776	1.3022919035210066E-4
36.0	30.77256797425642	17.55045142462577	19.037612204750054	32.63897755253593	3.908438318329273E-4
37.0	29.252605032159686	18.797025799430443	19.246283878451383	32.703172958495436	9.12331463053834E-4
38.0	30.421045356686925	18.670138757584333	19.505865999371476	31.402558689333492	3.9119702377304313E-4
39.0	29.123765167811865	19.128934232785447	19.828585451431675	31.917931956308347	7.831916626636871E-4
40.0	29.8837425424807	18.6446490417464	19.76206619423713	31.707709746411624	0.0018324751241501898
41.0	29.951747273885097	18.555044215253112	20.64363228140202	30.84852582997971	0.0010503994800522573
42.0	29.307567590331	18.53680619893877	19.61856733765687	32.536664069738066	3.948033352985766E-4
43.0	28.93931744816141	18.600862317818553	20.411044311430917	32.04824867231791	5.272502712043583E-4
44.0	29.674206376450336	18.837303871604885	20.36989115567221	31.118598596272566	0.0
45.0	29.46822984359857	18.52845940160487	19.681802616078052	32.3211114827924	3.966559261056454E-4
46.0	30.230957307249867	17.670411598300813	19.31902872702771	32.77960236742161	0.0
47.0	29.39109465162346	17.945317106457402	20.36424345613907	32.29894728473662	3.97501043440239E-4
48.0	30.17103741658975	18.259152583728504	18.69901233782078	32.86960419252517	0.0011934693357945323
49.0	29.780059896773647	17.55379027633228	20.159538879802895	32.50647819714959	1.327499415900257E-4
50.0	29.75196279109359	19.031658693139576	19.836592570720995	31.37912093027586	6.650147699780413E-4
51.0	30.075207029462426	18.50410456672239	19.462437177381588	31.95798439290703	2.668335265652788E-4
52.0	29.99430840414348	17.855540601166442	19.96290418700575	32.18697896787931	2.678398050126219E-4
53.0	31.369898356831484	17.514364958638595	19.546422063716452	31.569314620813465	0.0
54.0	30.168507371355098	18.344956235527533	19.506123252184178	31.98000878793842	4.043529947730636E-4
55.0	28.867949518457554	18.440791767691923	18.635679281646244	34.055444281362426	1.351508418545939E-4
56.0	29.091426326555492	18.80803045286444	20.396103984069143	31.703761904116828	6.773323940990802E-4
57.0	28.277668453552284	18.418809798466445	20.009364185383728	33.2940218497659	1.3571283164823234E-4
58.0	30.521995538220807	18.4127920650479	21.945645686878805	29.11915886897568	4.0784087680350634E-4
59.0	30.003350777353106	20.274790985046813	21.11016974547713	28.61155228166144	1.3621046150828566E-4
60.0	31.293140417535053	19.446136448684925	19.50008331034332	29.760230100436765	4.097229999371758E-4
61.0	29.205764052103962	20.957797435915005	19.7333132336113	30.100795537861707	0.002329740508020474
62.0	31.103736496767485	16.423097842925305	22.189709658985286	30.282492099447133	9.639018747891464E-4
63.0	26.372772633039602	20.285917265962883	25.89541294313645	27.445897157861065	0.0
64.0	26.037616106396182	19.333437250355594	18.986196664820284	35.64177575634427	9.742220836661926E-4
65.0	27.38200162843209	19.36197359253943	18.880858648177526	34.37404693353926	0.0011191973116880575
66.0	26.372048051896947	19.863708675537268	16.848238528087425	36.913053499052786	0.0029512454255695903
67.0	33.56495596205962	14.346488256549234	17.947577913279133	34.13857836495032	0.0023995031616982835
68.0	34.09003858796627	15.439045305130769	22.948263541517793	27.521223381449193	0.0014291839359725598
69.0	31.929725209045174	17.150680372887837	20.63566663115076	30.28319800799546	7.297789207737408E-4
70.0	32.71298016010701	16.119971928678748	22.059222951916087	29.107667960857146	1.5699844100548082E-4
71.0	25.649375027168436	19.765778439919227	26.267827433995517	28.31662392166006	3.9517725675851904E-4
