# Position (bp)	A	C	G	T	N
0.0	37.817782053043835	16.682698914387796	21.684760203380513	23.814758829187852	0.0
1.0	22.042050295451425	31.33159268929504	23.965920021987085	22.660436993266455	0.0
2.0	28.145106091718002	27.25530458590007	16.01642710472279	28.583162217659137	0.0
3.0	34.822404371584696	18.346994535519126	19.41256830601093	27.418032786885245	0.0
4.0	36.06937995083311	16.552854411363015	16.621141764545204	30.756623873258672	0.0
5.0	26.154056268779023	26.91887462441956	16.785031412182462	30.142037694618956	0.0
6.0	26.901543083435755	27.570667759115118	18.44872320087396	27.079065956575178	0.0
7.0	38.65901952751605	18.47603441212618	17.137785060767445	25.727160999590332	0.0
8.0	38.0172060630889	17.28799672265465	16.646183258227502	28.04861395602895	0.0
9.0	26.92885429468797	26.05489553461696	17.656698074559607	29.359552096135467	0.0
10.0	26.375426621160408	15.235494880546074	18.525597269624576	39.86348122866894	0.0
11.0	24.805460750853243	16.9419795221843	19.071672354948806	39.18088737201365	0.0
12.0	25.215017064846418	16.832764505119453	18.293515358361777	39.658703071672356	0.0
13.0	26.289926289926292	25.743925743925743	19.737919737919736	28.22822822822823	0.0
14.0	28.76637554585153	16.088973799126638	27.565502183406114	27.57914847161572	0.0
15.0	33.742666120889616	18.09250920998772	18.351753308773368	29.813071360349298	0.0
16.0	24.96930004093328	16.9054441260745	18.911174785100286	39.21408104789194	0.0
17.0	27.24048560905743	26.24471422725413	18.796889919519845	27.717910244168596	0.0
18.0	23.547859285519497	19.78456503954186	18.83010635396782	37.837469320970825	0.0
19.0	28.057259713701434	28.13905930470348	16.550783912747104	27.252897068847986	0.0
20.0	26.971802206783817	17.1638741315897	18.049312082822507	37.815011578803976	0.0
21.0	25.86793737236215	19.101429543907418	19.155888359428182	35.874744724302246	0.0
22.0	26.487001497209743	17.27235606369947	26.187559548114876	30.053082890975908	0.0
23.0	26.65033346944331	18.00734993875051	18.456512862392813	36.88580372941336	0.0
24.0	36.127364267247245	15.172132262892909	18.737243162335012	29.963260307524838	0.0
25.0	26.29574207590804	18.69133451231125	24.255203373690655	30.75772003809006	0.0
26.0	39.23568611451108	15.23187814497484	15.653474772201822	29.878960968312253	0.0
27.0	25.62219502243982	19.175846593227256	16.115871073031414	39.08608731130151	0.0
28.0	25.781887408213215	26.149034539026378	14.277943976067448	33.791134076692956	0.0
29.0	28.109283675411174	15.67214897376648	16.3381813239092	39.88038602691314	0.0
30.0	26.41817439804108	16.283498843694737	24.6361039314379	32.66222282682628	0.0
31.0	28.503401360544217	15.496598639455783	16.707482993197278	39.29251700680272	0.0
32.0	26.027210884353742	19.020408163265305	16.74829931972789	38.20408163265306	0.0
33.0	28.019060585432264	26.317222600408442	16.85500340367597	28.80871341048332	0.0
34.0	28.71920511773513	14.84959847556826	18.63345583231251	37.7977405743841	0.0
35.0	24.95575221238938	25.622872702518716	16.3784887678693	33.0428863172226	0.0
36.0	26.432557506465226	15.257928406152171	18.96011977677964	39.34939431060297	0.0
37.0	37.019885589757564	17.107055298283846	18.509942794878782	27.363116317079815	0.0
38.0	35.172319847432234	17.940335104209236	15.352131862144121	31.53521318621441	0.0
39.0	36.734693877551024	16.585034013605444	17.156462585034014	29.523809523809526	0.0
40.0	24.00382096069869	25.85971615720524	18.49072052401747	31.645742358078603	0.0
41.0	26.954140999315534	14.688569472963723	28.91170431211499	29.445585215605753	0.0
42.0	38.1213200054772	17.21210461454197	16.883472545529234	27.783102834451594	0.0
43.0	39.80542614414908	17.12798026856673	16.79912304741025	26.267470539873937	0.0
44.0	29.37868605129612	26.484707173227267	14.785351803593471	29.351254971883144	0.0
45.0	30.896057347670254	15.068100358422939	16.67383512544803	37.36200716845878	0.0
46.0	29.878927644854425	16.171807437301815	17.238397232631883	36.71086768521188	0.0
47.0	31.033962264150944	16.33207547169811	18.7622641509434	33.87169811320755	0.0
48.0	28.621054221416703	18.834012988974475	18.728288778130192	33.81664401147863	0.0
49.0	29.546827794561935	18.323262839879153	18.27794561933535	33.85196374622356	0.0
50.0	28.603807796917497	21.668177697189485	17.02931399214264	32.69870051375038	0.0
51.0	27.99032209284742	19.28020565552699	17.495841524270375	35.233630727355205	0.0
52.0	28.977616454930427	18.617664851784635	20.916515426497277	31.488203266787657	0.0
53.0	29.75936643314042	20.408163265306122	19.402985074626866	30.429485226926587	0.0
54.0	28.88719512195122	22.04268292682927	19.618902439024392	29.45121951219512	0.0
55.0	30.562757358548115	18.209547048955315	19.155101418331554	32.07259417416501	0.0
56.0	28.27943868212325	20.210494203782794	19.371568029286152	32.13849908480781	0.0
57.0	30.129672006102208	17.818459191456903	18.947368421052634	33.10450038138825	0.0
58.0	30.34188034188034	17.963980463980462	18.543956043956044	33.150183150183146	0.0
59.0	27.679389312977097	18.793893129770993	21.83206106870229	31.694656488549615	0.0
60.0	28.13740458015267	18.885496183206108	20.412213740458014	32.5648854961832	0.0
61.0	28.115455100794133	17.593158216249236	21.120952962736713	33.17043372021992	0.0
62.0	26.830759822657086	19.125515976150435	22.657086072465983	31.386638128726496	0.0
63.0	31.31977366569812	17.342101238721515	19.29958709282765	32.038538002752716	0.0
64.0	27.657947070521644	18.0510937739024	22.120238641578705	32.170720513997246	0.0
65.0	29.81784784938007	17.863156283483853	21.368437165161488	30.95055870197459	0.0
66.0	29.459500842137498	16.628387689480935	20.701270862042566	33.210840606339	0.0
67.0	28.901822637463624	18.83902588451524	19.007504977791392	33.25164650022974	0.0
68.0	25.723472668810288	18.787322002756085	22.599908130454754	32.88929719797887	0.0
69.0	28.201593137254903	19.92953431372549	19.715073529411764	32.153799019607845	0.0
70.0	27.33956195435748	19.206616633481392	19.436360851585235	34.01746056057589	0.0
71.0	28.591117917304746	19.05053598774885	18.98928024502297	33.36906584992343	0.0
72.0	28.28251876819366	18.339206373525357	21.510648077217713	31.867626781063272	0.0
73.0	28.803431898268727	17.665083499310555	20.637352535621265	32.89413206679945	0.0
74.0	29.46674839105118	18.5105730922464	21.820410665032178	30.202267851670246	0.0
75.0	30.844703357350912	17.461290817108694	21.677142419132302	30.016863406408095	0.0
76.0	29.84502071505294	20.11661807580175	18.55148074267301	31.486880466472307	0.0
77.0	30.871968068774947	17.976665643229968	18.391157506908197	32.76020878108689	0.0
78.0	29.043157733067115	17.969589924742742	20.626631853785902	32.36062048840424	0.0
79.0	26.90238278247502	19.554189085318985	18.201383551114528	35.34204458109147	0.0
80.0	28.68789417012767	16.628211044454698	19.673896323642516	35.00999846177511	0.0
81.0	26.2216741174657	18.375211962386313	19.176815168799134	36.22629875134885	0.0
82.0	30.91861898890259	16.53822441430333	20.28360049321825	32.25955610357583	0.0
83.0	28.545006165228116	19.852034525277436	21.23921085080148	30.363748458692974	0.0
84.0	26.336877793188474	17.783942055786717	20.65033132994298	35.22884882108183	0.0
85.0	29.164096236890806	18.32202344231956	20.249845774213448	32.264034546576184	0.0
86.0	31.991362023754434	17.73870121857165	19.89819527996298	30.371741477710934	0.0
87.0	31.394631286639925	19.207034865782166	20.518358531317496	28.879975316260413	0.0
88.0	31.734032705954952	17.91113853748843	17.093489663684046	33.261339092872575	0.0
89.0	30.787037037037035	18.88888888888889	17.978395061728396	32.34567901234568	0.0
90.0	28.968499073502162	18.885114268066708	19.008647313156267	33.137739345274866	0.0
91.0	29.494512289380122	19.956716648631936	16.24671510279796	34.30205595918998	0.0
92.0	29.186302230600063	17.310713163682063	17.68771599120327	35.815268614514615	0.0
93.0	30.510604870384917	16.936370777690495	20.439905734485468	32.11311861743912	0.0
94.0	29.92299229922992	17.05170517051705	19.141914191419144	33.88338833883388	0.0
95.0	30.363036303630363	17.193147886217194	20.304887631620304	32.13892817853214	0.0
96.0	29.269442262372348	17.39198743126473	20.062843676355065	33.27572663000786	0.0
97.0	30.21209740769835	17.470542026708564	20.738413197172033	31.57894736842105	0.0
98.0	29.916679767332184	18.77063354818425	18.487659173085994	32.82502751139758	0.0
99.0	29.71698113207547	17.92452830188679	19.70125786163522	32.65723270440252	0.0
100.0	31.306270731322066	16.442900015795292	19.017532775232983	33.23329647764966	0.0
101.0	31.694942127794512	18.741081338195656	19.898525447915016	29.665451086094812	0.0
102.0	30.544530877917133	16.939196697888555	20.76520082552786	31.751071598666453	0.0
103.0	27.653142402545743	20.286396181384248	19.07716785998409	32.98329355608592	0.0
104.0	28.086124401913874	18.995215311004785	18.86762360446571	34.05103668261563	0.0
105.0	29.7729453149984	17.444835305404542	19.02782219379597	33.75439718580109	0.0
106.0	33.15165117024688	18.066688041038795	18.32318050657262	30.458480282141714	0.0
107.0	30.477415206558433	19.530622086481273	18.09998392541392	31.891978781546378	0.0
108.0	34.5	16.82258064516129	16.56451612903226	32.11290322580645	0.0
109.0	29.112081513828237	18.356784732330585	20.087336244541483	32.44379750929969	0.0
110.0	25.81847649918963	20.178282009724473	20.0	34.0032414910859	0.0
111.0	32.32044198895028	17.93955151121222	19.954501137471564	29.78550536236594	0.0
112.0	28.301579547305	18.7917277316398	18.824295717309887	34.08239700374532	0.0
113.0	29.418490689317217	17.788304475661548	17.984318850049004	34.808885984972235	0.0
114.0	30.687397708674304	17.250409165302784	19.72176759410802	32.340425531914896	0.0
115.0	27.050123253903042	20.887428101889892	18.800328677074774	33.26211996713229	0.0
116.0	31.08108108108108	18.770599868160843	17.765326301911667	32.382992748846405	0.0
117.0	30.0132362673726	19.771674387822635	19.358041032428854	30.857048312375913	0.0
118.0	28.370087879290335	17.44321008124689	20.775990714641022	33.410711324821754	0.0
119.0	26.64451827242525	19.767441860465116	24.13621262458472	29.45182724252492	0.0
120.0	27.139527139527143	20.929070929070928	20.61272061272061	31.318681318681318	0.0
121.0	30.03003003003003	18.76876876876877	19.31931931931932	31.88188188188188	0.0
122.0	28.353964536634322	16.995650719304116	19.672131147540984	34.978253596520574	0.0
123.0	29.916107382550333	17.04697986577181	19.36241610738255	33.6744966442953	0.0
124.0	30.4822718870778	17.610485632666776	19.626953453201143	32.28028902705427	0.0
125.0	28.867194075071538	18.46490489816529	18.70055546204343	33.96734556471974	0.0
126.0	30.84064821066847	17.792032410533423	18.906144496961513	32.4611748818366	0.0
127.0	29.405789740985274	17.538513627899103	21.144404943287626	31.911291687828005	0.0
128.0	30.10022082554782	17.258365890946152	19.738406658739596	32.903006624766434	0.0
129.0	30.47554116243395	16.737685358786432	18.936424066814386	33.85034941196523	0.0
130.0	29.859444634898868	18.51217003770998	16.900925608501886	34.72745971888927	0.0
131.0	30.222145686240744	19.0631995867057	19.75202342001033	30.962631307043225	0.0
132.0	28.218420597891825	16.8481078278901	21.807499567997233	33.12597200622084	0.0
133.0	27.57123002084781	21.594857539958305	19.38846421125782	31.44544822793607	0.0
134.0	26.55160390516039	20.153417015341702	19.17712691771269	34.117852161785216	0.0
135.0	28.61387869253627	17.024995630134594	21.27250480685195	33.088620870477186	0.0
136.0	28.390723822909347	17.427969079409696	18.675333801827126	35.505973295853835	0.0
137.0	28.67206762944699	16.74885523071504	19.038393800634026	35.540683339203945	0.0
138.0	26.98076583730369	17.293100405858482	19.99294159167108	35.733192165166756	0.0
139.0	28.492907801418436	17.80141843971631	20.28368794326241	33.42198581560284	0.0
140.0	29.077635327635328	18.287037037037038	21.331908831908834	31.303418803418804	0.0
141.0	31.461277052405652	18.297263459130747	18.476122339474156	31.76533714898945	0.0
142.0	31.50709538350997	17.657625291898686	18.268367163642896	32.56691216094845	0.0
143.0	34.277467075590835	19.06909615731553	18.581995309399243	28.07144145769439	0.0
144.0	30.749728359290113	18.109380659181458	17.49366171676929	33.64722926475914	0.0
145.0	29.762120936989284	18.431087706555292	19.012166333757037	32.79462502269838	0.0
146.0	30.372126960963154	19.31776723823422	17.475373951112733	32.834731849689895	0.0
147.0	29.409607627429406	18.646864686468646	18.096809680968097	33.846718005133845	0.0
148.0	28.868445262189514	19.135234590616378	20.073597056117755	31.922723091076357	0.0
149.0	30.928597854236035	18.830928597854236	17.684054753977062	32.556418793932664	0.0
150.0	28.613898179115573	18.22742474916388	19.825343738387215	33.33333333333333	0.0
151.0	30.513538748832868	18.412698412698415	19.439775910364148	31.633986928104573	0.0
152.0	28.316422397594888	18.207440811724915	17.624953025178506	35.851183765501695	0.0
153.0	29.104618284637134	18.491988689915175	19.811498586239395	32.591894439208296	0.0
154.0	30.818802122820316	17.721758908263833	18.858984078847612	32.60045489006823	0.0
155.0	28.702115494568325	20.411663807890225	18.56298837430913	32.323232323232325	0.0
156.0	31.303848363009763	16.523071031973963	19.77790541834195	32.39517518667432	0.0
157.0	31.062355658198616	17.859892224788297	19.399538106235568	31.678214010777523	0.0
158.0	27.66821345707657	20.765661252900234	18.948182521268368	32.61794276875483	0.0
159.0	32.46500777604977	15.299377916018663	20.256609642301708	31.979004665629862	0.0
160.0	28.359374999999996	17.48046875	21.19140625	32.96875	0.0
161.0	29.711141678129298	17.095696600510905	21.458046767537827	31.73511495382197	0.0
162.0	29.7649614852854	18.961090262690107	20.28441635394035	30.989531898084138	0.0
163.0	29.174930583101943	17.92939309797699	18.82189607298691	34.07378024593415	0.0
164.0	27.374079235516625	17.559227553255027	19.888512840931714	35.17818037029664	0.0
165.0	29.1625024985009	16.470117929242452	21.587047771337197	32.78033180091945	0.0
166.0	27.926119253162017	18.229271230676574	20.578197149166837	33.26641236699458	0.0
167.0	28.389830508474578	17.35270379338176	21.004842615012105	33.25262308313155	0.0
168.0	28.638021888933928	18.544791244426428	18.60559383867045	34.211593027969194	0.0
169.0	26.267562614538793	18.061494603950315	21.462024027692934	34.208918753817954	0.0
170.0	28.393039918116685	17.482088024564995	18.096212896622312	36.02865916069601	0.0
171.0	31.694775812422872	17.503085150143974	16.988893459481694	33.81324557795146	0.0
172.0	30.899689762150985	19.68976215098242	16.73216132368149	32.67838676318511	0.0
173.0	28.910149750415975	16.534941763727122	18.82279534109817	35.732113144758735	0.0
174.0	30.67754077791719	19.907988289418654	18.130489335006274	31.283981597657885	0.0
175.0	29.429051217464313	17.611251049538204	20.63392107472712	32.325776658270364	0.0
176.0	29.49883696341721	16.85345739056883	16.895749629942905	36.751956016071055	0.0
177.0	27.838125665601705	18.849840255591054	19.06283280085197	34.24920127795527	0.0
178.0	28.17928372292516	19.42955179069269	19.729787690328116	32.66137679605404	0.0
179.0	27.79931093884582	18.023255813953487	21.44702842377261	32.730404823428074	0.0
180.0	30.825926728809883	15.673097767179708	19.228267938434858	34.27270756557555	0.0
181.0	29.99345121152587	18.380266317397947	17.790875354726044	33.83540711635014	0.0
182.0	30.08558262014483	17.73096335308317	20.210664911125743	31.97278911564626	0.0
183.0	28.50828729281768	22.14364640883978	18.718232044198896	30.629834254143645	0.0
184.0	31.68779186124083	18.90148988214365	18.145430286857906	31.265287969757615	0.0
185.0	28.715534633490247	19.323021744003587	21.43017260703878	30.531271015467382	0.0
186.0	29.174187725631768	18.050541516245488	21.750902527075812	31.024368231046935	0.0
187.0	29.175187457396046	21.813224267211996	18.586684844353556	30.424903431038402	0.0
188.0	29.44686711039706	18.15469359651136	19.761303649299975	32.637135643791595	0.0
189.0	30.535590076512868	18.33990261998609	19.105031300718757	32.01947600278229	0.0
190.0	31.485380116959067	16.39766081871345	18.923976608187136	33.19298245614035	0.0
191.0	28.180316261505784	18.29124380457871	19.046495161670993	34.48194477224451	0.0
192.0	31.91337458353165	17.68205616373156	18.419800095192766	31.984769157544022	0.0
193.0	30.07428708363288	18.811406661873953	19.9137311286844	31.200575125808772	0.0
194.0	29.28657799274486	18.694074969770256	19.975816203143893	32.04353083434099	0.0
195.0	29.613313754282917	20.75379344101811	19.383259911894275	30.2496328928047	0.0
196.0	28.610219698839796	22.043939767958527	18.7114292767218	30.634411256479883	0.0
197.0	29.106340489266103	19.595606590114826	19.84523215177234	31.452820768846728	0.0
198.0	28.321056642113284	21.43764287528575	19.98983997967996	30.251460502921006	0.0
199.0	27.889713679745494	22.401908801696713	19.69777306468717	30.010604453870627	0.0
200.0	22.85361334156887	18.56084002470661	22.01976528721433	36.56578134651019	0.0
201.0	32.071269487750556	15.902004454342986	20.22271714922049	31.804008908685972	0.0
202.0	31.02517985611511	19.379496402877695	20.638489208633093	28.9568345323741	0.0
203.0	31.4596554850408	18.5856754306437	19.31097008159565	30.643699002719853	0.0
204.0	31.600547195622436	19.151846785225718	22.52621979024168	26.72138622891017	0.0
205.0	29.636447307869307	16.9811320754717	24.114127933732167	29.268292682926827	0.0
206.0	29.13165266106443	22.455648926237163	21.1484593837535	27.26423902894491	0.0
207.0	29.7029702970297	18.293257897218293	20.65063649222065	31.353135313531354	0.0
208.0	28.203906622201046	18.056217246307764	22.820390662220106	30.91948546927108	0.0
209.0	27.434052757793765	18.321342925659472	20.239808153477217	34.00479616306954	0.0
210.0	29.082125603864732	18.164251207729468	20.966183574879228	31.78743961352657	0.0
211.0	30.874450415241817	18.466047874938933	21.201758671226184	29.457743038593065	0.0
212.0	27.078148332503734	17.770034843205575	20.955699352911896	34.1961174713788	0.0
213.0	30.846774193548388	20.010080645161292	17.489919354838708	31.653225806451612	0.0
214.0	30.67484662576687	21.779141104294478	19.938650306748464	27.607361963190186	0.0
215.0	29.49117341640706	18.743509865005194	18.38006230529595	33.3852544132918	0.0
216.0	29.751191106405507	17.893065113816835	22.869242985706723	29.486500794070935	0.0
217.0	26.431246655965758	21.294810058855003	23.167469234884965	29.106474050294274	0.0
218.0	26.836002208724462	16.95196024295969	21.258972943125347	34.953064605190505	0.0
219.0	22.78869778869779	21.56019656019656	25.307125307125304	30.34398034398034	0.0
220.0	13.549618320610687	24.236641221374043	22.137404580152673	40.0763358778626	0.0
