# Position (bp)	A	C	G	T	N
0.0	25.991074566639007	23.81015605990552	23.828256204569207	26.370513168886262	0.0
1.0	25.990982920336908	19.62503602845251	15.57291769291432	38.81106335829626	0.0
2.0	28.14008754383377	18.89018902467519	18.55072072014287	34.41900271134817	0.0
3.0	22.80870365893863	22.195992984178215	15.292208152841122	39.703095204042036	0.0
4.0	33.75756616804873	13.346818900616375	14.680312369336622	38.21530256199827	0.0
5.0	34.858603261460615	14.815422392920718	22.793408392336882	27.53256595328178	0.0
6.0	30.59624053015235	17.448249738746046	20.854389999350943	31.10111973175066	0.0
7.0	34.40279275295444	17.349975440010724	19.885749974844753	28.361481832190083	0.0
8.0	22.026126425506764	27.247473686584318	22.36902760414586	28.35737228376306	0.0
9.0	27.623606116152782	18.471309800082487	15.6169479608684	38.28813612289633	0.0
10.0	25.762266858964534	16.286621199111284	25.441596162345707	32.50951577957847	0.0
11.0	27.81617108450754	17.71559933070452	19.299114798689935	35.16911478609801	0.0
12.0	26.121091106857076	19.24380187947164	21.448408626022278	33.18669838764901	0.0
13.0	25.779311754808088	20.752109177079525	18.646944344694727	34.82163472341766	0.0
14.0	30.35215166912343	18.175754282429917	20.728001352602345	30.744092695844312	0.0
15.0	29.68421840681622	18.046767118987912	19.907797301503376	32.3612171726925	0.0
16.0	29.54664583579687	17.67438937433327	18.529152552733578	34.24981223713628	0.0
17.0	29.918393983895836	17.88357569175777	19.654791063804115	32.54323926054228	0.0
18.0	30.221962548620596	17.554491295713145	18.668453652478497	33.55509250318776	0.0
19.0	29.620308632810477	18.043332955956974	19.627260523506102	32.70909788772645	0.0
20.0	29.707730976368037	17.456457388389985	19.810427332366196	33.02538430287578	0.0
21.0	28.801913240907794	18.325231951956518	19.471017552808554	33.401837254327134	0.0
22.0	29.618168004521188	18.841203500144747	22.39596288951851	29.14466560581555	0.0
23.0	29.662193974577804	20.199621028662325	20.939580136938396	29.19860485982147	0.0
24.0	31.81199147915469	19.500322410672556	18.23822170796267	30.44946440221009	0.0
25.0	28.972888771008066	20.96516465151888	19.212860070562893	30.84908650691017	0.0
26.0	32.16498909710474	16.507174596168184	21.545641228638218	29.782195078088865	0.0
27.0	26.083361102357177	20.93311246323013	25.045728742559458	27.937797691853238	0.0
28.0	26.02325180210567	19.392672846862773	18.339850039258206	36.244225311773356	0.0
29.0	27.753680764554584	19.640676653746965	17.276667506510314	35.32897507518814	0.0
30.0	26.226387675331885	19.223316885076315	16.528087767299482	38.02220767229232	0.0
31.0	33.7729592787154	14.22083931252994	17.798460674793645	34.20774073396102	0.0
32.0	34.09889570192808	15.67130077810584	22.229823973804212	27.999979546161875	0.0
33.0	30.709114122524245	17.688713808935937	20.78380950980722	30.81836255873259	0.0
34.0	32.96021962791765	16.4165435229332	21.215313451380275	29.407923397768876	0.0
35.0	25.665445515525832	20.02803465239669	25.5100403578865	28.796479474190978	0.0
