# Position (bp)	A	C	G	T	N
0.0	54.57439678284183	10.933310991957104	15.298257372654156	19.194034852546917	0.0
1.0	15.996649916247907	52.30318257956449	17.22780569514238	14.472361809045225	0.0
2.0	19.983319432860718	47.964970809007504	12.618849040867389	19.432860717264386	0.0
3.0	53.82247733133683	13.942267698194827	13.010564844854839	19.22469012561351	0.0
4.0	54.785643070787636	12.861415752741776	12.670322366234629	19.682618810235958	0.0
5.0	20.537714712471995	45.50659696290764	12.787320554310847	21.16836777030952	0.0
6.0	19.091059877259912	47.337866976281305	12.854536407364407	20.716536739094376	0.0
7.0	53.854442970822284	11.73740053050398	13.569297082228115	20.838859416445622	0.0
8.0	54.48521494243352	13.451503354592893	12.747452994284766	19.31582870868881	0.0
9.0	18.983359549631594	46.94097193476281	12.211275767861578	21.86439274774402	0.0
10.0	18.065316246382803	10.52501033484911	14.51012815212898	56.89954526663911	0.0
11.0	17.40529834117356	13.138565651563919	12.106957167615747	57.349178839646775	0.0
12.0	17.55932762030323	12.104482531311799	12.244561634805537	58.09162821357944	0.0
13.0	18.693508627773213	45.15201314708299	13.71405094494659	22.440427280197206	0.0
14.0	17.37847364538077	13.853594556930895	49.61062382162472	19.157307976063613	0.0
15.0	52.77210745488691	12.48469012819466	13.48085245366212	21.26234996325631	0.0
16.0	17.131441617742986	13.568166992824526	15.843118069145468	53.45727332028702	0.0
17.0	20.341741253051264	45.63873067534581	12.872253864930839	21.14727420667209	0.0
18.0	18.271885658599967	14.073412376157219	13.699853824914731	53.95484814032808	0.0
19.0	19.19429358839264	47.34538380481478	13.29334522169085	20.166977385101724	0.0
20.0	18.553535353535352	14.254545454545456	13.34141414141414	53.85050505050505	0.0
21.0	17.315284827975184	13.544436387075981	15.123680605914108	54.01659817903472	0.0
22.0	20.91245574509173	11.490183456710653	47.272288381074986	20.325072417122627	0.0
23.0	18.64801864801865	15.23993248131179	13.013423358250945	53.09862551241862	0.0
24.0	52.842916800513976	10.022486347574686	13.684548666880822	23.450048185030518	0.0
25.0	19.752888318356867	12.179075738125803	45.19415917843389	22.87387676508344	0.0
26.0	53.61552028218695	10.365560365560365	12.954946288279622	23.063973063973066	0.0
27.0	17.129815007607913	14.671258108432768	11.908384720108915	56.2905421638504	0.0
28.0	18.426948311729877	45.759321491438634	10.929748759801567	24.883981437029927	0.0
29.0	19.200063867156313	9.899409228804087	12.685613923040076	58.21491298099952	0.0
30.0	19.131342324983944	11.929993577392421	44.8538856775851	24.084778420038536	0.0
31.0	21.262002743484228	10.481723553618979	13.26555313483418	54.99072056806261	0.0
32.0	18.46415828738242	12.795977943561464	11.903989620499514	56.8358741485566	0.0
33.0	19.754191762982256	45.79195832655055	13.202018557707959	21.251831352759236	0.0
34.0	21.598430987987253	11.6858707199477	13.173163357031953	53.54253493503309	0.0
35.0	21.23124846298877	45.62669071235347	11.402573981473891	21.739486843183865	0.0
36.0	19.52122408687068	12.438302073050346	12.569924317209608	55.47054952286936	0.0
37.0	53.32507228418009	13.28376703841388	13.82899628252788	19.56216439487815	0.0
38.0	53.90023988750103	14.112002647034494	11.109272892712383	20.878484572752086	0.0
39.0	54.84888741281966	13.002324809033544	10.104616406509466	22.04417137163733	0.0
40.0	19.42014496375906	46.15512788469549	13.205032075314504	21.219695076230945	0.0
41.0	19.49045657109224	10.939207937442193	49.23904817960145	20.33128731186412	0.0
42.0	56.540476592868	12.066925806996789	12.278181510900794	19.11441608923441	0.0
43.0	55.6029700435265	13.262780575232568	12.18741998805155	18.946829393189383	0.0
44.0	20.673076923076923	47.40728021978022	10.817307692307693	21.102335164835164	0.0
45.0	26.11844908393694	14.209629314017896	14.806135492117598	44.86578610992757	0.0
46.0	29.433341765747535	14.874778649127245	21.33822413356944	34.35365545155578	0.0
47.0	32.401337792642146	18.662207357859533	18.662207357859533	30.274247491638796	0.0
48.0	27.96208530805687	19.431279620853083	19.025050778605284	33.58158429248477	0.0
49.0	26.266211604095563	20.423208191126278	20.55972696245734	32.75085324232082	0.0
50.0	26.096521380448234	23.992850268114946	19.483019386772995	30.427608964663825	0.0
51.0	28.186342272601607	20.376002211777717	16.09068288636992	35.346972629250764	0.0
52.0	27.337327574195346	17.765082903720216	21.34596628117598	33.551623240908455	0.0
53.0	29.86228218100056	19.027543563799888	21.711635750421586	29.398538504777967	0.0
54.0	31.696935300794554	21.538024971623155	18.345629965947786	28.419409761634505	0.0
55.0	30.095700614197973	18.740179974289386	18.040279960005716	33.123839451506925	0.0
56.0	26.888217522658607	20.054668393036973	21.680333764925912	31.376780319378504	0.0
57.0	32.605552342394446	18.001735106998265	19.693464430306534	29.69924812030075	0.0
58.0	30.36105832480632	20.318666861569945	17.21970472153194	32.1005700920918	0.0
59.0	27.27941176470588	21.14705882352941	19.044117647058822	32.529411764705884	0.0
60.0	29.065641632170312	17.238320520402127	18.923713778829097	34.772324068598465	0.0
61.0	28.628852166145602	18.013994342712518	22.52493672770582	30.832216763436058	0.0
62.0	28.706624605678233	19.843773471533723	20.910319963947725	30.53928195884032	0.0
63.0	34.937746735499545	17.051320983905256	18.06863042818099	29.94230185241421	0.0
64.0	27.66967979163475	19.08993411981002	21.21954956335223	32.020836525203	0.0
65.0	29.43903569772833	18.66790295163035	22.11404728789986	29.77901406274146	0.0
66.0	27.660900732429482	16.939379772479352	22.393641888733054	33.00607760635811	0.0
67.0	29.33709449929478	17.599122394608997	18.77448675756151	34.28929634853471	0.0
68.0	25.251730648206422	19.304594084329768	20.26431718061674	35.179358086847074	0.0
69.0	25.730994152046783	19.740793425003954	22.475106685633	32.053105737316265	0.0
70.0	28.13591616386154	20.165131787869164	20.117497618291523	31.581454429977775	0.0
71.0	27.684429508721397	20.467274763962234	19.315090414466315	32.53320531285006	0.0
72.0	28.039184197848083	18.612493977838447	20.684117552593545	32.664204271719925	0.0
73.0	28.920142256708697	17.927578402845135	21.694148076301325	31.458131264144846	0.0
74.0	29.995122744269224	16.062428873353927	22.3540887660543	31.58835961632255	0.0
75.0	28.216851730894838	20.068582625734813	21.685173089483996	30.029392553886346	0.0
76.0	29.647251845775223	19.310910582444627	18.539786710418376	32.50205086136177	0.0
77.0	30.60551064180828	19.683220590661605	18.495297805642632	31.21597096188748	0.0
78.0	30.866246266179886	17.98871556588118	19.29970129439097	31.845336873547957	0.0
79.0	30.551839464882942	19.2809364548495	18.210702341137125	31.956521739130434	0.0
80.0	29.304830836559503	18.448072715031138	22.08382427200808	30.16327217640128	0.0
81.0	27.887705056654827	18.704549298156603	18.061897513952307	35.34584813123626	0.0
82.0	32.30533310615096	16.783097631623786	21.059805759073097	29.851763503152156	0.0
83.0	29.00854700854701	18.153846153846153	21.675213675213676	31.162393162393165	0.0
84.0	27.719539439766283	19.17855301598213	21.361058601134218	31.74084894311737	0.0
85.0	33.027998617352225	17.075699965433806	19.063256135499483	30.833045281714483	0.0
86.0	30.708935725483364	18.463682285316146	21.19839749172618	29.62898449747431	0.0
87.0	30.83245890171389	18.590416229450856	22.193074501573975	28.38405036726128	0.0
88.0	34.436619718309856	17.799295774647888	17.024647887323944	30.739436619718308	0.0
89.0	30.474000707463745	16.30703926423771	18.04032543332154	35.17863459497701	0.0
90.0	30.91135192751821	17.729614496358145	18.155977971220466	33.203055604903184	0.0
91.0	28.102124620603462	20.58560971255133	18.03249419746474	33.27977146938047	0.0
92.0	28.832378223495702	16.815902578796564	17.693409742120345	36.65830945558739	0.0
93.0	32.07988485066571	18.729758906081322	17.2544080604534	31.935948182799567	0.0
94.0	31.711287988422576	16.696816208393635	19.37409551374819	32.2178002894356	0.0
95.0	30.861287398005437	16.899365367180415	20.70716228467815	31.532184950135996	0.0
96.0	28.55842737531853	18.4564979978158	19.384783400072806	33.60029122679287	0.0
97.0	32.44875549048316	16.178623718887263	19.070278184480234	32.302342606149345	0.0
98.0	30.698697964423253	20.57582981844856	17.494956904456263	31.230515312671926	0.0
99.0	30.46040515653775	19.171270718232044	19.76058931860037	30.607734806629832	0.0
100.0	32.02893175074184	14.224777448071215	18.82418397626113	34.92210682492581	0.0
101.0	32.82300224047797	17.9798356982823	19.697535474234503	29.499626587005228	0.0
102.0	31.064309890936443	16.698006769462204	20.722075968409175	31.51560737119218	0.0
103.0	30.91012084592145	17.352719033232628	20.562688821752264	31.174471299093653	0.0
104.0	28.033314404694305	19.004353586977096	19.761499148211243	33.20083286011736	0.0
105.0	29.275252044892525	17.99505421342971	19.688035000951114	33.041658740726646	0.0
106.0	30.976495318173132	18.6317599847124	18.937511943435887	31.45423275367858	0.0
107.0	32.24317045017314	19.738360908041557	18.276260100038478	29.742208541746823	0.0
108.0	34.14020139426801	17.370255615801707	16.47947327652982	32.01006971340046	0.0
109.0	31.314508276533594	18.948393378773126	19.7078870496592	30.02921129503408	0.0
110.0	25.98671355998437	20.457209847596715	19.18718249316139	34.368894099257524	0.0
111.0	30.564849439086792	17.772092107852785	19.012005510726233	32.65105294233418	0.0
112.0	26.830233478432923	18.678274633953304	20.656905421448357	33.83458646616541	0.0
113.0	29.642147117296226	19.244532803180913	17.892644135188867	33.22067594433399	0.0
114.0	30.689310689310688	17.142857142857142	19.94005994005994	32.22777222777223	0.0
115.0	28.146958442079907	18.851636217626982	18.691025898413972	34.31037944187914	0.0
116.0	30.002014910336488	19.423735643763855	17.48942172073343	33.084827725166235	0.0
117.0	29.584599797365758	19.77710233029382	19.574468085106382	31.06382978723404	0.0
118.0	28.86178861788618	15.772357723577235	21.504065040650406	33.86178861788618	0.0
119.0	24.080882352941178	20.547385620915033	25.428921568627448	29.942810457516337	0.0
120.0	26.50133224021316	21.951219512195124	21.356835417093667	30.190612830498054	0.0
121.0	29.72027972027972	18.69600987248046	19.415878239407654	32.16783216783217	0.0
122.0	29.374096261103077	17.764924602354885	21.441850857260896	31.41912827928114	0.0
123.0	31.867219917012445	17.053941908713693	18.40248962655602	32.67634854771784	0.0
124.0	31.112036651395254	17.05539358600583	20.887130362349023	30.945439400249896	0.0
125.0	27.820808038517896	18.798409043332637	19.88695834205568	33.493824576093786	0.0
126.0	28.88375026277065	19.25583350851377	19.402985074626866	32.45743115408871	0.0
127.0	29.714889123548044	18.01478352692714	20.82365364308342	31.44667370644139	0.0
128.0	31.299004026276755	17.29179910998093	19.813519813519815	31.595677050222505	0.0
129.0	31.37380191693291	17.550585729499467	17.7209797657082	33.35463258785942	0.0
130.0	30.63101604278075	19.9572192513369	16.32085561497326	33.09090909090909	0.0
131.0	29.546918617135493	20.20614129267769	18.101782263259608	32.1451578269272	0.0
132.0	29.354629829484136	17.1379235916253	21.994388085473776	31.51305849341679	0.0
133.0	28.404163052905464	20.22983521248916	19.66608846487424	31.699913269731134	0.0
134.0	25.861317051897075	21.282163105102487	19.581334496293064	33.27518534670737	0.0
135.0	27.350427350427353	16.787201402586017	20.249835634451017	35.61253561253561	0.0
136.0	25.79295154185022	16.696035242290748	21.784140969162998	35.72687224669603	0.0
137.0	28.865295288652952	15.416943154169433	20.880336208803364	34.83742534837425	0.0
138.0	30.09320905459387	18.086995117620948	19.751442521083	32.06835330670217	0.0
139.0	28.030303030303028	18.426916221033867	19.385026737967912	34.157754010695186	0.0
140.0	29.364368845120858	16.4503133393017	21.01611459265891	33.16920322291853	0.0
141.0	30.211616389013958	17.69473210265646	18.865375956776226	33.22827555155335	0.0
142.0	31.598008148483476	15.663196016296968	18.854685377999093	33.88411045722046	0.0
143.0	33.37124658780709	18.471337579617835	18.471337579617835	29.68607825295723	0.0
144.0	30.561282932416955	18.373424971363118	17.70904925544101	33.35624284077892	0.0
145.0	27.66789328426863	18.491260349586017	19.158233670653175	34.68261269549218	0.0
146.0	28.237742830712303	17.738205365402404	19.495837187789082	34.52821461609621	0.0
147.0	30.524605385329618	17.618384401114206	17.66480965645311	34.192200557103064	0.0
148.0	25.92852137351086	20.882971268395234	21.2333566923616	31.955150665732308	0.0
149.0	31.152941176470588	18.564705882352943	17.36470588235294	32.917647058823526	0.0
150.0	28.892569805963085	18.551822053951728	18.173213440605775	34.38239469947941	0.0
151.0	28.489892984542216	19.61950059453032	20.214030915576693	31.676575505350772	0.0
152.0	27.614261785116057	19.430485762144052	16.367552045944006	36.58770040679589	0.0
153.0	30.802498798654494	18.236424795771264	18.116290245074484	32.84478616049976	0.0
154.0	30.534720541979194	15.72707476409388	22.453423663198645	31.284781030728286	0.0
155.0	30.51219512195122	19.04878048780488	16.78048780487805	33.65853658536586	0.0
156.0	31.26075202752519	16.465962152863113	18.35831899729663	33.914966822315066	0.0
157.0	29.727722772277225	18.861386138613863	21.18811881188119	30.222772277227723	0.0
158.0	28.12033814022874	21.705619094977624	18.075584286424665	32.09845847836897	0.0
159.0	35.02373220084936	13.614788908318761	18.9108168873345	32.45066200349738	0.0
160.0	25.50403225806452	19.430443548387096	23.639112903225808	31.42641129032258	0.0
161.0	29.903699949315765	18.829194120628483	20.90724784591992	30.359858084135833	0.0
162.0	31.096938775510203	18.494897959183675	20.0	30.408163265306122	0.0
163.0	29.247697031729786	18.27021494370522	16.45342886386899	36.02865916069601	0.0
164.0	30.903940252382178	15.271697141385527	21.658511460211177	32.16585114602112	0.0
165.0	31.015766347893514	16.85189971568881	21.039028172654433	31.093305763763247	0.0
166.0	29.08004158004158	18.3991683991684	20.504158004158004	32.016632016632016	0.0
167.0	28.096360303744433	20.267085624509036	21.314480230426813	30.322073841319718	0.0
168.0	27.313354363827553	18.980021030494218	20.031545741324923	33.67507886435332	0.0
169.0	26.931216931216934	18.88888888888889	20.185185185185187	33.99470899470899	0.0
170.0	29.518232632419483	16.901783337769498	19.377162629757784	34.20282140005323	0.0
171.0	31.134352373290426	16.519174041297934	16.84097613301153	35.50549745240011	0.0
172.0	28.94238571814985	20.61130646470111	17.176088720584257	33.27021909656479	0.0
173.0	28.228882833787466	18.74659400544959	19.20980926430518	33.81471389645777	0.0
174.0	29.581728123280133	20.528343423225095	18.79471656576775	31.09521188772702	0.0
175.0	28.357380688124305	19.783573806881243	20.39400665926748	31.465038845726973	0.0
176.0	30.01954761239877	18.123429209717955	17.704551801172858	34.152471376710416	0.0
177.0	28.47495779403489	21.468767585818796	18.683173888576253	31.373100731570062	0.0
178.0	27.3992049971607	19.875070982396366	20.897217490062463	31.82850653038047	0.0
179.0	25.093096533944433	18.33285591521054	23.746777427671155	32.827270123173875	0.0
180.0	29.720380513116172	15.970020178725857	20.005765350245028	34.30383395791294	0.0
181.0	27.75036284470247	19.41944847605225	20.754716981132077	32.075471698113205	0.0
182.0	32.31083844580777	16.038562664329536	19.865614957639497	31.7849839322232	0.0
183.0	27.14958775029446	22.585394581861014	21.319199057714957	28.945818610129564	0.0
184.0	30.74866310160428	19.31075460487225	19.22162804515746	30.718954248366014	0.0
185.0	26.31578947368421	22.36842105263158	23.175837320574164	28.13995215311005	0.0
186.0	28.820697954271964	19.28399518652226	22.322503008423585	29.572803850782194	0.0
187.0	29.687973341411695	21.357164495607392	18.570130263556496	30.384731899424416	0.0
188.0	29.46918852959121	19.066503965832826	19.524100061012813	31.940207443563146	0.0
189.0	29.990743597655044	19.870410367170628	19.191607528540576	30.947238506633756	0.0
190.0	31.25	16.324626865671643	20.366915422885572	32.058457711442784	0.0
191.0	28.115216030056356	19.411396368190356	19.192235441452723	33.281152160300564	0.0
192.0	30.4210193099082	19.78474200696423	21.019309908198796	28.774928774928775	0.0
193.0	31.819635433322674	17.204988807163417	21.522225775503678	29.453149984010235	0.0
194.0	30.00323310701584	19.236986744261237	22.243776268994502	28.51600387972842	0.0
195.0	28.90625	18.5546875	20.247395833333336	32.29166666666667	0.0
196.0	29.23784494086728	17.47700394218134	22.371879106438897	30.913272010512483	0.0
197.0	28.771228771228774	19.147519147519148	23.143523143523144	28.93772893772894	0.0
198.0	27.198364008179958	21.779141104294478	19.80231765507839	31.22017723244717	0.0
199.0	26.621037463976943	23.703170028818445	19.6685878962536	30.00720461095101	0.0
200.0	28.59560067681895	14.678510998307953	21.23519458544839	35.49069373942471	0.0
201.0	30.187573270808908	17.35052754982415	18.874560375146544	33.5873388042204	0.0
202.0	35.584263065179094	16.911332941867293	17.8508514386377	29.653552554315915	0.0
203.0	36.08308605341246	16.61721068249258	17.98219584569733	29.317507418397625	0.0
204.0	33.35325762104005	17.393903167961746	22.95277943813509	26.300059772863122	0.0
205.0	36.204819277108435	16.265060240963855	23.433734939759034	24.096385542168676	0.0
206.0	31.00303951367781	19.51367781155015	19.817629179331306	29.66565349544073	0.0
207.0	26.180257510729614	23.605150214592275	16.30901287553648	33.90557939914164	0.0
208.0	27.987616099071204	14.98452012383901	22.043343653250773	34.984520123839005	0.0
209.0	25.328330206378986	20.137585991244528	21.200750469043154	33.33333333333333	0.0
210.0	26.474278544542035	18.06775407779172	19.00878293601004	36.449184441656215	0.0
211.0	30.189873417721518	18.417721518987342	21.32911392405063	30.063291139240505	0.0
212.0	27.365728900255753	15.409207161125318	25.31969309462916	31.905370843989772	0.0
213.0	29.27143778207608	20.24500322372663	16.892327530625405	33.591231463571894	0.0
214.0	29.45383615084525	24.512353706111835	18.14044213263979	27.89336801040312	0.0
215.0	30.45751633986928	22.418300653594773	17.18954248366013	29.934640522875817	0.0
216.0	32.49835201054713	16.61173368490442	17.139090309822016	33.75082399472643	0.0
217.0	25.935828877005346	17.31283422459893	24.46524064171123	32.286096256684495	0.0
218.0	26.875852660300136	16.64392905866303	19.84993178717599	36.63028649386085	0.0
219.0	18.74062968515742	23.013493253373312	24.512743628185905	33.733133433283356	0.0
220.0	0.0	30.63457330415755	24.72647702407002	44.63894967177243	0.0
