# Position (bp)	A	C	G	T	N
0.0	29.19711129991504	25.11045029736618	16.720475785896348	28.971962616822427	0.0
1.0	27.016688385388203	20.29929799487158	15.162470049182394	37.52154357055782	0.0
2.0	28.06455638284597	19.462584751050287	18.06497233892101	34.40788652718273	0.0
3.0	25.209119238969986	21.64999179924553	15.253403313104805	37.88748564867968	0.0
4.0	34.527856657201134	13.722353317601888	16.066072071351435	35.68371795384554	0.0
5.0	34.525077936940136	15.36640227299633	23.361351170040646	26.747168620022887	0.0
6.0	32.112456071846935	18.26630222569309	19.945333853963295	29.67590784849668	0.0
7.0	32.648004026793664	18.170906415766446	20.102992991830256	29.078096565609634	0.0
8.0	24.161409447607323	24.39221418679797	21.553315894753037	29.89306047084167	0.0
9.0	29.21713215909525	18.030030947923432	16.66985060940664	36.08298628357468	0.0
10.0	27.963976288189695	16.628666970664234	23.069615443076454	32.337741298069616	0.0
11.0	28.4011803874092	18.670550847457626	20.297366828087167	32.630901937046005	0.0
12.0	27.516197076992615	19.918637938827782	20.44221786951936	32.122947114660235	0.0
13.0	28.219455486387158	19.950498762469064	18.600465011625293	33.22958073951849	0.0
14.0	30.851103559024533	18.624192403928745	20.282331851962503	30.242372185084214	0.0
15.0	29.90553406724189	18.833680452246355	19.209312704552218	32.05147277595954	0.0
16.0	29.97554831061055	17.734884410195615	18.935240071132185	33.35432720806165	0.0
17.0	29.933202937594565	18.887699745359264	19.987452485515	31.191644831531168	0.0
18.0	30.61810154525386	18.370125091979396	18.47682119205298	32.53495217071376	0.0
19.0	29.816261414897127	18.256500531778343	19.155022554736494	32.77221549858804	0.0
20.0	29.953175299970734	18.10067310506292	20.024875621890548	31.921275973075797	0.0
21.0	30.090819564503775	18.419228945544734	19.1377612430244	32.35219024692709	0.0
22.0	29.695800887853867	18.022705771050145	19.423622734881015	32.85787060621498	0.0
23.0	30.030869802070093	17.962593063373888	20.19248229526058	31.81405483929544	0.0
24.0	30.340501142256226	19.030351379773	18.638720673024622	31.990426804946146	0.0
25.0	29.275446283086502	18.30032226527139	19.516964188724337	32.90726726291776	0.0
26.0	30.35016640138909	17.90985385617132	20.09477644335118	31.645203299088408	0.0
27.0	29.62052764727141	18.48211058908565	19.277195518612213	32.62016624503072	0.0
28.0	29.657039711191334	17.906137184115522	19.324909747292416	33.111913357400724	0.0
29.0	29.960682465822604	18.208707571330667	19.94733614688165	31.883273815965087	0.0
30.0	30.047253183277423	18.64156115860477	18.72091764960502	32.59026800851279	0.0
31.0	29.80557659704938	17.765032644374706	19.63712440933521	32.7922663492407	0.0
32.0	30.296143995960033	18.562204667604515	20.102442015654873	31.039209320780582	0.0
33.0	30.281715543050897	18.219528911012517	19.391840709879883	32.1069148360567	0.0
34.0	29.895754427731486	18.24838581683079	19.078021859106155	32.77783789633156	0.0
35.0	30.35385780759658	17.91292428669336	19.74894491938102	31.984272986329042	0.0
36.0	29.50831499585152	18.938710724721332	19.310270192273006	32.242704087154145	0.0
37.0	29.520202020202017	18.661616161616163	19.20634920634921	32.61183261183261	0.0
38.0	29.795447166203687	18.59374436307226	20.32540856452253	31.285399906201523	0.0
39.0	30.23776021935996	18.41469134466212	19.587256918136884	31.76029151784104	0.0
40.0	29.63150106471289	18.313061681163607	19.363337784675352	32.69209946944815	0.0
41.0	29.691280014443038	18.263224408738036	20.32135764578444	31.724137931034484	0.0
42.0	29.72221218798541	18.93580898024058	19.098363616660045	32.24361521511397	0.0
43.0	29.532068654019874	18.052393857271905	19.44354110207769	32.97199638663053	0.0
44.0	29.626951995373048	18.594563331405435	20.5320994794679	31.246385193753618	0.0
45.0	29.58235400470078	19.323811245706022	19.077924425962756	32.01591032363045	0.0
46.0	29.555812775808437	17.73493452940751	19.45308543731462	33.256167257469436	0.0
47.0	29.86430251492672	18.422290573548036	19.978288402388277	31.73511850913696	0.0
48.0	30.543887601390495	18.6558516801854	18.949159907300118	31.851100811123985	0.0
49.0	29.34589599565139	18.36202210545389	19.518028628374708	32.77405327052002	0.0
50.0	29.764150943396228	18.425253991291726	20.3410740203193	31.469521044992742	0.0
51.0	30.33054849255358	18.746821649110064	18.993824918270978	31.92880494006538	0.0
52.0	29.728549596099263	17.949930863838148	19.45273269776581	32.86878684229678	0.0
53.0	29.890670553935863	18.126822157434404	20.411807580174926	31.570699708454807	0.0
54.0	30.05875269131117	18.52716855818706	19.0891508229026	32.32492792759917	0.0
55.0	29.433907100829586	18.17052223805869	19.223038409531117	33.1725322515806	0.0
56.0	29.931201053941304	17.920661640928053	20.888531069311277	31.259606235819366	0.0
57.0	29.578187415252682	18.360391395169863	19.64671821746619	32.414702972111265	0.0
58.0	29.84001174225745	17.899603698811095	19.576544840745633	32.68383971818582	0.0
59.0	29.66257443211056	18.315812688377562	20.429317062412704	31.59229581709917	0.0
60.0	29.988954344624446	18.792341678939618	19.462444771723124	31.756259204712812	0.0
61.0	29.840437319937944	17.64792790130753	19.254635443599025	33.2569993351555	0.0
62.0	29.485185185185188	18.462962962962962	20.237037037037037	31.814814814814813	0.0
63.0	29.43296670630202	18.31524970273484	19.12158145065398	33.13020214030916	0.0
64.0	29.23059734842842	18.054521078504397	19.555340384328915	33.15954118873827	0.0
65.0	29.57693887457526	18.0202382285949	20.536947836152496	31.865875060677347	0.0
66.0	30.354068418294784	18.481922299573323	18.949771689497716	32.214237592634184	0.0
67.0	29.886265530573176	18.047370594196916	19.034570774370334	33.03179310085958	0.0
68.0	29.438760156485106	17.913030394222087	20.41077339753235	32.23743605176046	0.0
69.0	29.807547169811322	18.445283018867926	19.347169811320754	32.4	0.0
70.0	29.17517972001513	17.93416572077185	19.863791146424518	33.0268634127885	0.0
71.0	29.75281922770247	18.100011390819	20.947716140790522	31.19945324068801	0.0
72.0	29.998094149037545	18.27711072994092	19.428244711263577	32.296550409757955	0.0
73.0	29.99272114316362	17.59567865762556	19.43071677584952	32.9808834233613	0.0
74.0	29.873826742575783	18.44129866133251	20.34928450530851	31.3355900907832	0.0
75.0	30.175113069697325	18.431327071011637	18.949321581816072	32.444238277474966	0.0
76.0	29.73654599774958	18.069297326659683	19.516548325767275	32.67760834982346	0.0
77.0	29.88783299579374	18.441346004050473	20.38479513942982	31.286025860725967	0.0
78.0	29.806265135536286	18.55323802827904	18.717287711897505	32.92320912428717	0.0
79.0	29.725705329153605	17.766457680250785	19.141849529780565	33.36598746081505	0.0
80.0	30.393892889466024	18.28985165072994	20.009443985361823	31.306811474442213	0.0
81.0	30.030041900545495	18.89872717210847	18.882915645505573	32.18831528184046	0.0
82.0	29.53108220976017	17.794217078312055	19.5879568866086	33.086743825319175	0.0
83.0	29.716207020774128	18.112316375135094	20.073650082055796	32.097826522034985	0.0
84.0	30.259342783505154	18.339239690721648	18.705702319587626	32.69571520618557	0.0
85.0	30.11994489018559	17.550044574114594	19.296539427830457	33.03347110786935	0.0
86.0	30.20998980632008	17.96941896024465	20.110091743119266	31.710499490316003	0.0
87.0	30.337815677271234	18.61265988848803	19.252213840603478	31.797310593637256	0.0
88.0	30.224603338141353	17.931176591798888	19.171646404286008	32.67257366577375	0.0
89.0	30.101470283702632	18.123835162559537	20.42244771174156	31.352246841996273	0.0
90.0	30.06541394108579	18.370067913836923	19.336694304403984	32.2278238406733	0.0
91.0	29.726446315613085	18.088894474466926	19.73943278455029	32.4452264253697	0.0
92.0	30.156454265592714	18.13773035887488	20.035423607304008	31.670391768228395	0.0
93.0	30.190201239704507	18.08185446208712	19.06257960431349	32.66536469389488	0.0
94.0	29.235965624866388	18.504425157125144	19.44931377998204	32.81029543802642	0.0
95.0	30.012942191544433	17.95513373597929	20.56514236410699	31.466781708369286	0.0
96.0	29.926022628372493	18.32463011314186	19.39077458659704	32.358572671888595	0.0
97.0	30.058766774844315	17.937023068151916	19.71756863433032	32.28664152267345	0.0
98.0	29.724113537890172	18.264214342559022	20.435051728711645	31.576620390839157	0.0
99.0	30.12198379485353	18.854064642507346	19.05440299171935	31.969548570919777	0.0
100.0	29.999551509171635	17.863389693680766	19.58110956630937	32.55594923083823	0.0
101.0	29.61891415397134	18.575109624338864	20.320057863568554	31.48591835812124	0.0
102.0	29.796736851699933	18.13872937744964	19.556102451918694	32.50843131893173	0.0
103.0	29.711710883259002	17.99163179916318	19.5319325026438	32.76472481493402	0.0
104.0	30.902004454342986	17.83593170007424	20.12806236080178	31.134001484780992	0.0
105.0	29.862088376020264	18.60868749413641	18.885448916408667	32.64377521343466	0.0
106.0	29.388915206063476	17.40881099005211	19.44102321174799	33.76125059213643	0.0
107.0	30.172619901496677	17.82623248696983	20.15014584229905	31.85100176923445	0.0
108.0	29.6869724593643	18.554960690686347	19.5340761105484	32.22399073940095	0.0
109.0	29.282655246252677	17.54915320225813	19.773213938096166	33.39497761339303	0.0
110.0	29.46375957572186	18.0612846199175	20.821056766843448	31.653899037517185	0.0
111.0	29.554675903018307	18.332508659079664	19.86640277090549	32.24641266699654	0.0
112.0	29.89953516269306	17.80876693157395	19.21327535362623	33.078422552106765	0.0
113.0	30.23197048567241	18.00171829989387	20.119270227927426	31.64704098650629	0.0
114.0	29.77223981207231	18.751915024001633	18.98171790419773	32.49412725972832	0.0
115.0	29.38051271470573	17.79027183163976	19.709083406406354	33.120132047248156	0.0
116.0	30.262058884944665	17.56629776571309	20.082480684902904	32.08916266443934	0.0
117.0	30.301589816722124	17.815454497438335	19.352453388263875	32.530502297575666	0.0
118.0	29.809488233096747	17.871818133304874	19.451411494743585	32.8672821388548	0.0
119.0	29.8921832884097	17.61725067385445	20.194070080862534	32.296495956873315	0.0
120.0	30.42863359442994	17.803524804177545	19.397302001740645	32.37053959965187	0.0
121.0	29.44994499449945	17.8987898789879	19.548954895489548	33.102310231023104	0.0
122.0	29.752894033837933	17.909617097061442	20.491985752448798	31.845503116651823	0.0
123.0	29.73567040523023	18.14800202896917	19.421743786281915	32.69458377951868	0.0
124.0	29.20718453266217	18.012813179270108	19.671662281203524	33.1083400068642	0.0
125.0	29.975015978153507	17.9478240660043	20.07437104177561	32.002788914066585	0.0
126.0	29.79062223532881	18.24240636980242	19.593040401061636	32.373930993807136	0.0
127.0	30.157683314347384	17.369146831344807	19.437616164038612	33.0355536902692	0.0
128.0	29.436414429733997	17.61812219118183	20.9218996720515	32.02356370703267	0.0
129.0	29.89170563622939	18.305439330543933	19.191484125030765	32.611370908195916	0.0
130.0	29.25538538164612	17.893163989540533	19.96638027642884	32.88507035238451	0.0
131.0	29.369835362391978	18.236295969217185	20.570239071469125	31.82362959692172	0.0
132.0	30.278221937959703	18.11320754716981	19.168532139430763	32.44003837543972	0.0
133.0	29.224574620080528	17.9309001168983	19.97012599038836	32.87439927263281	0.0
134.0	29.85419278221284	17.668404037738338	20.56475555848783	31.912647621560996	0.0
135.0	29.504564983888294	18.065252416756174	19.50187969924812	32.92830290010741	0.0
136.0	28.891163425452067	17.952917093142272	19.959058341862846	33.19686113954282	0.0
137.0	30.221420142986048	17.6025543138752	22.072603595474423	30.103421947664327	0.0
138.0	30.602749383151217	18.611209023616496	19.626365879450123	31.159675713782164	0.0
139.0	30.479329368775527	18.19875331374937	19.724869241240956	31.597048076234145	0.0
140.0	29.7053473990542	19.81811567842852	19.883594034194253	30.592942888323027	0.0
141.0	31.538461538461537	16.84171597633136	19.837278106508876	31.782544378698223	0.0
142.0	28.955314009661837	19.104770531400966	22.539251207729468	29.40066425120773	0.0
143.0	28.104826314171532	18.71349523516754	19.38210882262527	33.799569628035655	0.0
144.0	28.653182815929757	18.70492317340859	18.94794606459705	33.6939479460646	0.0
145.0	27.16336514556099	19.231694602614485	18.116929986366188	35.488010265458335	0.0
146.0	32.587146869320996	15.28167850652569	18.941020981331572	33.19015364282174	0.0
147.0	33.47661623108666	15.689477303988998	21.913686382393397	28.92022008253095	0.0
148.0	31.09457251769831	16.554728625884916	20.947540388455256	31.403158467961518	0.0
149.0	33.9526009238803	13.707571801566578	22.283591082546696	30.056236192006423	0.0
150.0	29.490422840621612	15.395735453559812	24.47897843633297	30.634863269485603	0.0
