# Position (bp)	A	C	G	T	N
0.0	45.4612617867211	10.440361621463984	22.327209098862642	21.74394867308253	0.02721881986973851
1.0	38.253363403064	16.253207869974336	16.57788319464966	28.905824714207945	0.009720818104051636
2.0	39.368244146518464	16.435583056414956	18.861006073106452	25.33516672396012	0.0
3.0	39.10854961546379	17.99928893546154	19.2698489923467	23.622312456727983	0.0
4.0	38.57035392547199	17.976992092178413	18.215511072784984	25.237142909564614	0.0
5.0	37.347250967335555	18.421668316386214	18.63223252047152	25.59884819580671	0.0
6.0	30.8164637599094	19.498513590033976	17.38568799546999	32.29933465458664	0.0
7.0	33.083881721737015	19.344364766551493	19.068289549077143	28.503463962634346	0.0
8.0	32.28832135392772	20.06932762399959	18.142427486363868	29.49992353570882	0.0
9.0	37.03672787979966	18.582637729549248	19.148580968280466	25.232053422370615	0.0
10.0	34.06933889957927	20.614135220638595	19.20680995401324	26.10971592576889	0.0
11.0	32.232614366609404	21.039320481007824	18.51180250683973	28.216262645543043	0.0
12.0	32.671972092009156	19.666412296958466	18.70551774618056	28.956097864851817	0.0
13.0	34.95406814117359	18.78544242850374	20.11372147409932	26.14676795622335	0.0
14.0	34.58900005991253	18.375172248517167	20.036247079264275	26.999580612306033	0.0
15.0	31.20940120467698	19.900791307428843	20.59761426715484	28.292193220739343	0.0
16.0	30.484417491965154	20.353969431234823	21.09419309803237	28.06741997876765	0.0
17.0	31.13069227230911	19.149609015639374	20.585614075436983	29.13408463661454	0.0
18.0	31.39653270737295	18.38570095308125	21.14737407732119	29.07039226222461	0.0
19.0	27.80353865766359	19.416387655324097	22.303629715758653	30.47644397125366	0.0
20.0	31.14799716166015	16.87003464444228	20.433264229961182	31.548703963936386	0.0
21.0	31.089246119733925	17.432095343680707	21.468957871396896	30.009700665188472	0.0
22.0	31.408071748878925	18.028285615729562	21.524663677130047	29.03897895826147	0.0
23.0	29.40812793669112	17.610529497430825	20.61385431264254	32.36748825323551	0.0
24.0	30.688171453628588	16.373876342907256	21.91953518965139	31.01841701381276	0.0
25.0	32.28454547950471	16.705103917854103	22.850945830931003	28.159404771710182	0.0
26.0	31.323979206956615	16.72358693714082	21.259378128900412	30.693055727002154	0.0
27.0	31.93503058356753	16.734170937345016	21.22251611836667	30.10828236072078	0.0
28.0	33.11581706559978	16.25853624887908	22.105263157894736	28.520383527626404	0.0
29.0	32.32761000386463	16.7200353337382	21.156075746701262	29.796278915695908	0.0
30.0	29.732720934093297	17.13380554479553	22.213767915444635	30.919705605666536	0.0
31.0	29.691690861330017	17.688372736070786	23.76883727360708	28.851099128992118	0.0
32.0	29.818298002389355	17.099158169644095	21.89592420748479	31.185230461478618	0.0013891590031394993
33.0	30.22394462876101	16.7486557602105	23.910307745109254	29.11709186591923	0.0
34.0	30.380511375075496	17.271132330524317	21.933331415916477	30.415024878483703	0.0
35.0	29.324229691876752	18.277310924369747	22.53297152194211	29.865487861811392	0.0
36.0	30.2316676239709	16.524543807714398	23.897259164347044	29.346529403967658	0.0
37.0	31.055578598092076	16.349173431297032	22.6062096344137	29.989038336197194	0.0
38.0	29.16337982050099	18.783395597362585	21.435694405167666	30.61753017696876	0.0
39.0	31.15055628663716	18.565318818040435	21.001315946883597	29.28280894843881	0.0
40.0	29.49205873539107	19.553491159724302	21.508840275696734	29.44560982918789	0.0
41.0	30.349562860249325	16.59194828793137	21.779538582982084	31.278950268837225	0.0
42.0	29.096264840455753	18.70719818176381	22.605341068811864	29.591195908968572	0.0
43.0	29.21173496102808	20.438939006328262	21.504121598372304	28.845204434271356	0.0
44.0	31.98647152135524	17.711232827511896	20.301697045883095	30.000598605249767	0.0
45.0	31.358195073655153	18.175272269058834	20.783954876841378	29.682577780444632	0.0
46.0	28.11009838836241	19.41208426389811	22.845113780406834	29.632703567332648	0.0
47.0	29.025536510060988	20.36076594320826	20.552403838841656	30.061293707889092	0.0
48.0	29.705274439255913	19.93263415754421	22.210824466049147	28.15126693715073	0.0
49.0	29.802246915847796	18.279915511066214	22.851807634615973	29.066029938470017	0.0
50.0	29.408136199611384	18.67501465009407	21.011319125312276	30.905530024982262	0.0
51.0	30.224772835963655	18.456981533762207	22.262846916894215	29.055398713379923	0.0
52.0	28.696528208307505	19.53812771233726	22.300061996280224	29.463732176069435	0.0015499070055796653
53.0	30.375734220095097	17.343133293967743	22.92320601672002	29.357926469217144	0.0
54.0	30.330334987593048	17.64423076923077	22.676799007444167	29.34863523573201	0.0
55.0	30.081490830333912	19.13242649464778	22.60085074557098	28.18523192944733	0.0
56.0	28.709576628651774	17.98937665989689	23.521324793001096	29.779721918450242	0.0
57.0	27.456883035434306	17.800250862339293	24.963938538726875	29.77892756349953	0.0
58.0	27.37201580032419	18.381253639267896	21.670364949719087	32.576365610688825	0.0
59.0	26.0601936831445	19.246471295651624	22.85745933286917	31.835875688334703	0.0
60.0	27.648521516020207	17.081360173585264	23.033307464483123	32.2368108459114	0.0
61.0	28.09678239857561	18.09741828818517	23.411865700114458	30.393933613124762	0.0
62.0	28.341369488073077	17.803663213507107	22.67309559045846	31.181871707961363	0.0
63.0	27.446076401057763	18.01860642941345	23.192723101921178	31.34259406760761	0.0
64.0	26.67722683562937	18.54429670874734	25.648410374565994	29.130066081057297	0.0
65.0	28.686693347477377	18.036870951669158	21.27232106980407	32.00411463104939	0.0
66.0	28.307087248754854	17.63188858980352	24.482197256652857	29.57882690478877	0.0
67.0	30.70041105827356	16.830821310550494	22.93382767792375	29.5349399532522	0.0
68.0	30.86911469464413	16.613237484618875	21.93834596204909	30.579301858687906	0.0
69.0	31.26964224650307	18.10099167901516	22.017228183875854	28.612137890605915	0.0
70.0	31.634469356761436	17.08444241226709	21.173473553570552	30.107614677400917	0.0
71.0	29.310656181767435	19.355474200909494	21.758902040615304	29.57496757670776	0.0
72.0	31.578514436127335	15.062926708891997	22.15678210084725	31.20177675413342	0.0
73.0	29.782389916354578	18.22546318446538	21.645521587778198	30.346625311401844	0.0
74.0	30.08245852236977	20.96731463390403	21.417690499056196	27.53253634467	0.0
75.0	33.260793727262154	18.18529162582853	20.707011977341065	27.84690266956825	0.0
76.0	32.87369369970953	17.88754966445194	23.464992821608625	25.77376381422991	0.0
77.0	34.36747793527681	17.121890879914414	21.75381117945975	26.756820005349024	0.0
78.0	33.53311508436162	18.267438932258877	20.01175186770755	28.187694115671956	0.0
79.0	29.94185556585489	19.329232324934694	22.88868290216567	27.840229207044747	0.0
80.0	30.834727079215448	17.5966752825503	20.264220431469937	31.30437720676431	0.0
81.0	31.35534244250191	18.10574556564542	23.199524739030807	27.33938725282186	0.0
82.0	30.13453373574096	20.434122802530393	21.79992156461541	27.631421897113235	0.0
83.0	31.512453992981253	18.810237096636136	21.102456560814858	28.57485234956775	0.0
84.0	32.74746083663281	17.414357032191425	21.90738509209847	27.927354105698054	0.003442933379239112
85.0	30.958899392186233	18.959312636672003	22.669903748471857	27.410162370645867	0.001721852024037054
86.0	30.58821498247613	17.881252050206314	24.490253966609693	27.040279000707862	0.0
87.0	31.090310279077833	18.356734269370776	22.757843647079216	27.795111804472178	0.0
88.0	30.814814814814817	19.294117647058822	21.692374727668845	28.198692810457516	0.0
89.0	30.880990261727014	18.518453765057608	22.497683444935923	28.10112418483487	0.0017483434445862546
90.0	28.68869711639655	20.013330526906618	22.465445871044693	28.830772468953903	0.0017540166982389672
91.0	32.64705363910384	17.627046940826002	20.658899014648078	29.06700040542208	0.0
92.0	31.60078000354547	17.362169828044674	22.607693671334868	28.429356497074988	0.0
93.0	30.942502537438344	17.569757296248152	23.59194430100251	27.894015206823486	0.0017806584875086806
94.0	33.4136675235647	17.02370751213939	22.102613538988862	27.45822622107969	0.0017852042273636104
95.0	32.1803028945246	17.725602652567435	21.437404785375033	28.65668966753293	0.0
96.0	31.529411764705884	18.209250112258644	22.7067804220925	27.55276156264032	0.001796138302649304
97.0	30.662127598256422	19.995316834179906	23.062790446341726	26.27976512122195	0.0
98.0	30.747256323563978	18.769097253611527	21.387116020900756	29.09472237791318	0.0018080240105588603
99.0	32.136383410672856	16.6056409512761	20.433947215777263	30.82402842227378	0.0
100.0	31.610738255033553	18.94975512425177	20.397242880464354	29.04226374025032	0.0
101.0	31.949599000669842	17.059217553451493	21.94905588645292	29.042127559425744	0.0
102.0	33.31336673201191	17.432658099179555	20.137225005445437	29.116750163363104	0.0
103.0	31.220567646684483	18.634884270623104	20.693103510972925	29.451444571719488	0.0
104.0	29.89765815638999	21.03106675893215	21.001930291000473	28.069344793677388	0.0
105.0	30.63842209936687	19.139890889849838	20.542996332585254	29.678690678198038	0.0
106.0	29.089246525237744	17.23299195318215	22.399414776883685	31.278346744696417	0.0
107.0	30.10177930731493	20.734788020795197	20.396133850772497	28.767298821117375	0.0
108.0	31.504819739898664	18.32232810813777	21.799491503722265	28.373360648241295	0.0
109.0	33.58634471884568	17.40094970940359	20.625928166767505	28.386777404983228	0.0
110.0	31.772080188593044	18.263555125089088	20.681274099523034	29.28309058679483	0.0
111.0	30.983207281117803	19.151390847327264	20.96800776457231	28.89739410698262	0.0
112.0	31.878672499954234	17.369895110655513	22.063372933789747	28.6862289260283	0.0018305295722052391
113.0	30.087169459622448	17.57095082326712	22.463039783629686	29.87701248149705	0.0018274519836991281
114.0	27.52472335575898	18.98459615455314	22.42748428366604	31.063196206021836	0.0
115.0	30.24932689115922	19.21034190240844	22.389628591450595	28.150702614981743	0.0
116.0	29.893021451139074	17.334589730798367	22.801766347024373	29.97062247103819	0.0
117.0	30.600626773230477	17.058245405826394	22.03905279359134	30.302075027351787	0.0
118.0	30.44676611356314	17.52611877758534	21.870868018697507	30.156247090154015	0.0
119.0	31.64270624964947	16.503710904638165	20.121141874334	31.732440971378363	0.0
120.0	33.47538767694214	15.627229377088575	22.22055344872902	28.674952127060415	0.001877370179852063
121.0	32.12330957172682	16.640021065698647	20.853160795230124	30.38162770139372	0.001880865950683695
122.0	31.19333496691987	19.282604188264564	20.313648615535406	29.210412229280152	0.0
123.0	31.51065276518586	16.75732849803566	21.998715624055606	29.733303112722876	0.0
124.0	28.632924354768363	17.448277169893615	23.154381506836327	30.764416968501695	0.0
125.0	28.745571597272484	16.936497657232106	20.031617843129784	34.28631290236562	0.0
126.0	27.77384618327181	18.14165216227072	21.886655318172256	32.19784633628522	0.0
127.0	30.907061336823265	18.545391558728998	21.996189303104373	28.549433206951637	0.0019245943917319424
128.0	31.690890441446847	19.281608639275415	20.162179946198062	28.865320973079676	0.0
129.0	32.19558814924616	17.916561018899575	21.290788164849523	28.597062667004742	0.0
130.0	32.1458079238305	18.359759216272572	22.250855726482275	27.241609946099064	0.0019671873155761893
131.0	33.52420717765185	17.614076946018493	20.72770653146436	28.134009344865298	0.0
132.0	32.64294636740944	18.12265785550228	21.785469637748317	27.448926139339967	0.0
133.0	30.102415537783582	17.861514607475108	24.400195854414886	27.63587400032642	0.0
134.0	33.81263706707494	17.94595936607771	20.054206148880706	28.187197417966647	0.0
135.0	32.80793560725469	17.979110186411113	23.304541537944225	25.908412668389968	0.0
136.0	30.87424689142418	18.636499594069136	21.772849634662222	28.716403879844464	0.0
137.0	32.49902144130822	17.679293698082024	21.552211542643413	28.269473317966337	0.0
138.0	32.08364649188735	18.132985543127457	22.377205004642114	27.40616296034307	0.0
139.0	32.152074870390734	19.743250218820837	22.194043584621944	25.910631326166484	0.0
140.0	29.994532780536698	18.46781174540981	23.383753246161557	28.15390222789193	0.0
141.0	29.421191991452595	19.048172062990663	23.788730431551073	27.741905514005666	0.0
142.0	33.20022683238032	19.342186097065355	21.237181607674497	26.220405462879825	0.0
143.0	33.779948041951315	18.024150870778406	22.633022226498607	25.562878860771672	0.0
144.0	30.01896505012192	19.053717888721952	21.755621782714712	29.17169527844142	0.0
145.0	30.918238993710688	18.233962264150943	18.983647798742137	31.864150943396226	0.0
146.0	28.567714426851783	19.221069599355225	20.991602319111873	31.20921404986611	0.01039960481501703
147.0	31.031099239554088	18.381531249148246	20.924527787620267	29.651939273351687	0.010902450325710704
148.0	29.381766126867674	20.381139840744385	19.903969461095702	30.32715994154663	0.005964629745608542
149.0	29.853676606779032	21.470642711613262	14.358214484163733	34.31746619744397	0.0
150.0	33.96928804094928	12.897471692259966	13.021560415697223	40.09616876066387	0.015511090429657206
