# Position (bp)	A	C	G	T	N
0.0	47.252507631923244	14.108155255124291	16.09245529873528	22.546881814217183	0.0
1.0	16.499564080209243	47.71142109851787	18.722755013077595	17.06625980819529	0.0
2.0	21.362162162162164	45.27567567567567	14.032432432432431	19.32972972972973	0.0
3.0	47.57699763084213	16.368727116088735	15.054921387034245	20.99935386603489	0.0
4.0	48.396815149558854	13.621691413815364	15.558424790187217	22.423068646438562	0.0
5.0	21.78494623655914	42.62365591397849	13.741935483870968	21.8494623655914	0.0
6.0	20.610358908231248	46.91596819256394	12.142703632065334	20.33096926713948	0.0
7.0	51.17078410311493	16.19763694951665	13.512352309344791	19.11922663802363	0.0
8.0	51.78188063546586	15.693430656934307	13.439244310863034	19.085444396736797	0.0
9.0	21.416309012875537	42.06008583690987	13.841201716738198	22.682403433476395	0.0
10.0	18.30079382106844	11.95022527354645	15.812057498390903	53.93692340699421	0.0
11.0	17.313049067923718	15.706020998500106	14.120419970002143	52.86050996357403	0.0
12.0	19.061897622617263	13.921610623259797	16.748768472906402	50.26772328121653	0.0
13.0	17.63951250801796	41.11610006414368	15.608295916185588	25.63609151165277	0.0
14.0	20.418624519436136	13.220845792396412	45.27979495941905	21.0807347287484	0.0
15.0	45.09678791746437	16.570942352690917	16.634758562008084	21.69751116783663	0.0
16.0	18.542905692438403	15.526762956669499	15.84536958368734	50.08496176720476	0.0
17.0	19.736842105263158	42.08404074702886	14.282682512733446	23.896434634974533	0.0
18.0	20.14846235418876	14.528101802757156	15.949098621420996	49.374337221633084	0.0
19.0	19.911035797500528	45.94365600508367	13.132810845159923	21.012497352255878	0.0
20.0	21.307659754549302	15.509944985188321	13.965298349555649	49.21709691070673	0.0
21.0	20.059184104840412	16.698372437116888	15.218769816106532	48.02367364193616	0.0
22.0	19.39636977627691	11.629379485014773	42.021950189953564	26.95230054875475	0.0
23.0	19.341910989242773	15.31322505800464	17.106095760388104	48.238768192364475	0.0
24.0	47.807757166947724	13.427487352445194	12.963743676222597	25.801011804384487	0.0
25.0	20.657672849915684	14.98735244519393	40.93591905564924	23.419055649241148	0.0
26.0	50.56842105263157	13.136842105263158	13.915789473684208	22.378947368421052	0.0
27.0	20.54736842105263	17.03157894736842	11.010526315789473	51.410526315789475	0.0
28.0	20.748370821946605	43.49379861257095	10.952280849274754	24.805549716207693	0.0
29.0	23.64552708945821	11.675766484670307	13.166736665266695	51.51196976060479	0.0
30.0	22.35815228854672	16.135836321451173	39.000210925964986	22.505800464037122	0.0
31.0	22.478813559322035	11.991525423728813	13.177966101694915	52.351694915254235	0.0
32.0	22.101217168481742	11.830023489216314	13.602391629297458	52.46636771300448	0.0
33.0	24.436253252385082	42.0858629661752	12.22896790980052	21.248915871639202	0.0
34.0	22.438704028021018	13.704028021015763	14.864273204903677	48.992994746059544	0.0
35.0	19.13158474763059	43.20035265594005	15.142164425832046	22.525898170597312	0.0
36.0	20.07943512797882	13.239187996469552	12.62135922330097	54.06001765225066	0.0
37.0	47.4745237040319	14.576871953921133	15.66238369517058	22.286220646876384	0.0
38.0	48.8243123336291	16.21561668145519	11.180124223602485	23.77994676131322	0.0
39.0	50.95301418439716	14.184397163120568	8.865248226950355	25.997340425531917	0.0
40.0	19.363454262185623	42.79991097262408	15.20142443801469	22.635210327175606	0.0
41.0	20.204313280363223	12.326901248581159	46.31101021566402	21.157775255391602	0.0
42.0	51.56000910954225	12.821680710544294	12.981097699840582	22.637212480072876	0.0
43.0	51.42987874628232	14.504690002287807	15.1681537405628	18.897277510867077	0.0
44.0	23.24299494717501	42.69637115296279	12.264584290307763	21.796049609554434	0.0
45.0	31.255487269534683	14.866842259291776	15.715539947322213	38.16213052385133	0.0
46.0	26.04889827950498	16.9332930878358	19.559311801992152	37.45849683066707	0.0
47.0	30.23255813953488	19.02454780361757	20.73643410852713	30.006459948320412	0.0
48.0	25.844155844155843	18.993506493506494	17.662337662337663	37.5	0.0
49.0	26.795039164490863	19.22323759791123	22.42167101827676	31.56005221932115	0.0
50.0	24.51655195018027	23.2055063913471	20.485086856768273	31.792854801704358	0.0
51.0	29.7556142668428	19.550858652575958	17.073976221928667	33.61955085865257	0.0
52.0	29.07707575256368	17.23453522990407	20.37710883228581	33.311280185246446	0.0
53.0	31.0	18.933333333333334	22.5	27.566666666666666	0.0
54.0	28.946482665769103	23.291820935711883	16.526422080107707	31.23527431841131	0.0
55.0	30.899256254225826	19.70926301555105	18.39080459770115	31.000676132521974	0.0
56.0	27.75330396475771	20.908166723144696	18.298881735005082	33.03964757709251	0.0
57.0	32.12576896787423	19.343814080656184	18.3526999316473	30.177717019822282	0.0
58.0	27.994477045219192	20.331377286848465	18.674490852606144	32.9996548153262	0.0
59.0	25.71032571032571	22.55717255717256	21.205821205821206	30.52668052668053	0.0
60.0	26.838619728128265	18.089926803764378	21.680027884280236	33.391425583827115	0.0
61.0	29.14625612316305	17.879636109167247	22.60321903428971	30.370888733379985	0.0
62.0	28.06462943449245	23.182297154899896	19.564453811029153	29.1886195995785	0.0
63.0	34.56659619450317	18.745595489781536	17.441860465116278	29.245947850599013	0.0
64.0	29.922371206774876	20.395201129146084	21.806633733239238	27.875793930839805	0.0
65.0	28.783592644978782	22.418670438472418	20.685997171145686	28.111739745403113	0.0
66.0	29.276082327892123	16.394606103619587	20.191625266146204	34.13768630234208	0.0
67.0	27.335016227912007	16.119725928597187	21.16840966462315	35.376848178867654	0.0
68.0	26.110706482155866	18.026219956300075	22.032046613255645	33.83102694828842	0.0
69.0	26.544789762340038	20.80438756855576	22.084095063985377	30.56672760511883	0.0
70.0	29.765395894428153	20.967741935483872	19.758064516129032	29.508797653958947	0.0
71.0	30.599485104817948	21.000367782272892	17.616770871643986	30.78337624126517	0.0
72.0	27.99704905938768	19.9926226484692	18.369605311693103	33.640722980450015	0.0
73.0	27.44082840236686	19.933431952662723	21.597633136094675	31.02810650887574	0.0
74.0	30.15636634400596	16.269545793000745	22.85927029039464	30.71481757259866	0.0
75.0	27.77155655095185	21.50055991041433	23.665546845837998	27.062336692795817	0.0
76.0	29.047976011994002	20.464767616191903	17.916041979010494	32.5712143928036	0.0
77.0	30.153961697333838	20.27788208787082	16.823131806233572	32.745024408561775	0.0
78.0	27.941176470588236	21.19155354449472	18.96681749622926	31.90045248868778	0.0
79.0	28.106060606060606	21.022727272727273	18.712121212121215	32.15909090909091	0.0
80.0	29.402814758463293	19.703309243058197	20.502092050209207	30.391783948269303	0.0
81.0	27.303884234577303	18.2025894897182	18.84996191926885	35.64356435643564	0.0
82.0	31.960335621662857	19.52707856598017	21.20518688024409	27.307398932112893	0.0
83.0	30.32849503437739	18.563789152024444	22.61268143621085	28.49503437738732	0.0
84.0	27.998472116119178	18.29640947288006	21.275783040488925	32.42933537051184	0.0
85.0	34.036838066001536	17.728319263238678	20.606293169608595	27.62854950115119	0.0
86.0	31.384615384615383	17.923076923076923	23.961538461538463	26.73076923076923	0.0
87.0	32.00772200772201	19.15057915057915	20.694980694980693	28.146718146718147	0.0
88.0	32.843326885880074	18.8394584139265	16.595744680851062	31.721470019342355	0.0
89.0	29.996119518820336	18.315871168024835	16.880093131548314	34.807916181606515	0.0
90.0	29.87923646279704	18.19244253992988	18.776782236073235	33.151538761199845	0.0
91.0	31.839438815276694	20.303975058456743	15.939204988308653	31.91738113795791	0.0
92.0	29.30359937402191	18.661971830985916	16.97965571205008	35.0547730829421	0.0
93.0	31.58307210031348	17.63322884012539	18.456112852664578	32.327586206896555	0.0
94.0	30.871956009426547	16.69285153181461	19.560094265514532	32.875098193244305	0.0
95.0	31.171383647798738	17.21698113207547	20.20440251572327	31.407232704402517	0.0
96.0	27.95275590551181	17.440944881889763	19.566929133858267	35.039370078740156	0.0
97.0	30.493096646942803	18.65877712031558	19.092702169625248	31.755424063116372	0.0
98.0	32.014246141669965	20.577760189948556	17.134942619707164	30.273051048674315	0.0
99.0	30.683624801271858	19.91255961844197	18.60095389507154	30.802861685214626	0.0
100.0	33.99840383080607	14.565043894652833	18.196328810853952	33.24022346368715	0.0
101.0	31.48148148148148	21.256038647342994	18.075684380032207	29.186795491143318	0.0
102.0	32.445520581113804	14.5682001614205	19.693301049233252	33.29297820823244	0.0
103.0	26.50993109039319	18.038102959059586	21.483583299554116	33.96838265099311	0.0
104.0	26.08695652173913	18.69158878504673	22.30800487606664	32.9134498171475	0.0
105.0	29.987709954936502	19.21343711593609	18.271200327734537	32.52765260139287	0.0
106.0	30.52933935166188	18.506360279031597	18.54739433729996	32.416906032006565	0.0
107.0	30.65843621399177	19.670781893004115	19.50617283950617	30.164609053497944	0.0
108.0	33.47107438016529	18.388429752066116	15.78512396694215	32.35537190082645	0.0
109.0	28.50641290856434	21.017790649565576	19.23872569300786	31.237070748862227	0.0
110.0	24.180837826627954	20.821236001659063	21.236001659062627	33.76192451265035	0.0
111.0	28.535877229365408	19.079220240564084	19.45250933222729	32.93239319784322	0.0
112.0	24.1995841995842	19.41787941787942	21.87110187110187	34.511434511434516	0.0
113.0	28.70216306156406	19.051580698835274	19.384359400998335	32.86189683860233	0.0
114.0	29.357798165137616	16.930775646371977	19.5162635529608	34.195162635529606	0.0
115.0	30.354906054279752	19.54070981210856	18.872651356993735	31.231732776617953	0.0
116.0	30.054416073670993	19.757220594390958	18.334030975303474	31.854332356634572	0.0
117.0	32.96934061318774	17.933641327173454	17.933641327173454	31.163376732465352	0.0
118.0	28.070915998311524	14.858590122414522	22.24567327986492	34.82482059940904	0.0
119.0	23.060618906316236	22.043238660449344	28.86816447647308	26.02797795676134	0.0
120.0	26.199575371549894	22.123142250530787	22.1656050955414	29.511677282377917	0.0
121.0	30.890498508734552	17.767362590541115	18.534299105240734	32.807839795483595	0.0
122.0	29.794520547945208	17.38013698630137	22.30308219178082	30.522260273972602	0.0
123.0	32.63203091455561	18.07642765135251	17.732932589094034	31.558608844997853	0.0
124.0	30.8753773178094	18.06813281586891	20.353600689952568	30.702889176369126	0.0
125.0	29.74492001729356	20.14699524427151	21.78988326848249	28.31820146995244	0.0
126.0	31.631328429251404	18.866291648636953	18.087408048463868	31.414971873647772	0.0
127.0	29.37853107344633	18.687527162103436	23.12038244241634	28.8135593220339	0.0
128.0	30.67190226876091	18.891797556719023	20.898778359511343	29.537521815008727	0.0
129.0	29.27256792287467	20.552147239263803	17.616126205083262	32.559158632778264	0.0
130.0	30.444346678398592	19.533655961284644	17.333919929608445	32.68807743070832	0.0
131.0	31.332744924977934	18.711385701676964	20.962047661076788	28.993821712268314	0.0
132.0	27.03900709219858	18.572695035460992	21.49822695035461	32.89007092198582	0.0
133.0	29.398663697104677	21.469933184855233	19.331848552338528	29.79955456570156	0.0
134.0	25.48055431381314	20.518551631649533	20.518551631649533	33.4823424228878	0.0
135.0	25.91928251121076	16.09865470852018	20.0	37.98206278026906	0.0
136.0	23.807380738073807	20.027002700270028	20.837083708370837	35.328532853285324	0.0
137.0	28.35888187556357	15.419296663660957	21.235347159603247	34.98647430117223	0.0
138.0	30.058850158442734	17.564508827523767	19.782707107288367	32.59393390674513	0.0
139.0	29.43585077343039	19.017288444040037	20.427661510464056	31.11919927206551	0.0
140.0	29.849383842994065	17.98265632131447	19.671382930168875	32.496576905522595	0.0
141.0	31.25572868927589	19.156736938588452	19.019248395967004	30.568285976168653	0.0
142.0	32.39889705882353	15.119485294117647	19.669117647058822	32.8125	0.0
143.0	32.77854831252889	20.804438280166433	17.753120665742024	28.66389274156265	0.0
144.0	29.04872389791183	17.865429234338748	18.14385150812065	34.94199535962877	0.0
145.0	28.471575023299163	17.56756756756757	19.850885368126747	34.10997204100653	0.0
146.0	27.51992498827942	19.831223628691983	20.30004688232536	32.34880450070324	0.0
147.0	29.10202162670428	19.13493182886695	17.959567465914432	33.803479078514336	0.0
148.0	23.92434988179669	22.5531914893617	20.425531914893615	33.09692671394799	0.0
149.0	28.65302237029986	20.37125178486435	18.5149928605426	32.460732984293195	0.0
150.0	27.6555023923445	19.521531100478466	16.88995215311005	35.933014354066984	0.0
151.0	28.7223823246878	20.172910662824208	20.36503362151777	30.739673390970225	0.0
152.0	29.474191992281717	20.164013506994692	17.221418234442837	33.140376266280754	0.0
153.0	31.398161586840835	18.19061441702951	18.819545234639573	31.591678761490083	0.0
154.0	33.349514563106794	16.2621359223301	19.466019417475728	30.922330097087382	0.0
155.0	30.496108949416346	21.498054474708173	17.704280155642024	30.30155642023346	0.0
156.0	31.506849315068493	14.579256360078277	18.786692759295498	35.12720156555773	0.0
157.0	28.486939379004433	17.742730409068507	22.326269098077873	31.444061113849187	0.0
158.0	26.271604938271604	23.506172839506174	16.691358024691358	33.53086419753086	0.0
159.0	32.522343594836144	13.356504468718967	21.598808341608738	32.522343594836144	0.0
160.0	26.032852165256347	18.516674962667995	24.041811846689896	31.408661025385765	0.0
161.0	26.626626626626624	19.61961961961962	23.673673673673672	30.08008008008008	0.0
162.0	30.498238550578762	18.117765475591344	19.577252138902868	31.806743834927026	0.0
163.0	28.419452887537993	17.57852077001013	17.52786220871327	36.474164133738604	0.0
164.0	30.0	15.255102040816325	23.26530612244898	31.479591836734695	0.0
165.0	29.342240493319633	18.499486125385406	23.17574511819116	28.982528263103802	0.0
166.0	26.714801444043324	21.50593089221248	21.04177411036617	30.73749355337803	0.0
167.0	27.220779220779225	19.532467532467532	23.532467532467532	29.714285714285715	0.0
168.0	27.059436913451513	21.16788321167883	17.88321167883212	33.889468196037534	0.0
169.0	27.979002624671917	17.270341207349084	19.42257217847769	35.328083989501316	0.0
170.0	31.09820485744456	16.578669482576558	18.479408658922914	33.843717001055964	0.0
171.0	28.7758346581876	18.335983041865394	16.428192898781134	36.45998940116587	0.0
172.0	31.35683760683761	19.925213675213676	17.94871794871795	30.76923076923077	0.0
173.0	28.19407008086253	17.681940700808628	19.946091644204852	34.17789757412399	0.0
174.0	28.9516567083107	20.260727865290605	18.794133623030962	31.993481803367736	0.0
175.0	26.710454296661197	19.81390257252326	22.550629447181173	30.925013683634372	0.0
176.0	28.547763666482606	21.31419105466593	20.430701270016566	29.707344008834895	0.0
177.0	29.03942254303165	22.376457523598	19.43364797334814	29.150471960022212	0.0
178.0	29.217877094972067	21.396648044692736	20.05586592178771	29.329608938547487	0.0
179.0	24.70455824423185	20.258863252673045	24.70455824423185	30.332020258863253	0.0
180.0	30.277306168647428	16.015846066779854	20.99603848330504	32.710809281267686	0.0
181.0	28.848346636259976	20.011402508551882	18.70011402508552	32.440136830102624	0.0
182.0	32.872769142199196	18.94070236039148	19.40126655152562	28.785261945883704	0.0
183.0	29.80825101685067	21.615339918651948	20.91807088901801	27.658338175479376	0.0
184.0	28.496196606202457	19.719133996489173	20.187244002340552	31.597425394967814	0.0
185.0	27.813789039481442	23.86564525633471	22.569239835002946	25.751325869180906	0.0
186.0	32.229450029568305	15.43465405085748	22.885866351271435	29.450029568302778	0.0
187.0	32.519356759976176	19.058963668850506	16.914830256104825	31.506849315068493	0.0
188.0	28.117505995203835	21.282973621103118	20.623501199040767	29.97601918465228	0.0
189.0	31.01991550995776	18.708509354254677	18.648159324079664	31.623415811707904	0.0
190.0	30.755176613885503	17.72228989037759	19.244823386114497	32.27771010962241	0.0
191.0	26.776960784313726	21.875	19.485294117647058	31.862745098039213	0.0
192.0	31.93846153846154	19.26153846153846	19.753846153846155	29.046153846153842	0.0
193.0	29.12801484230056	18.738404452690165	21.459492888064315	30.67408781694496	0.0
194.0	27.363184079601986	22.263681592039802	22.885572139303484	27.487562189054728	0.0
195.0	29.0282131661442	20.37617554858934	18.683385579937305	31.912225705329156	0.0
196.0	28.769716088328074	19.305993690851736	20.25236593059937	31.671924290220822	0.0
197.0	27.692307692307693	19.743589743589745	23.076923076923077	29.48717948717949	0.0
198.0	24.637681159420293	24.110671936758894	21.080368906455863	30.171277997364953	0.0
199.0	28.591256072172104	21.859819569743234	20.194309507286608	29.354614850798054	0.0
200.0	26.84509326845093	15.896188158961882	21.41119221411192	35.847526358475264	0.0
201.0	33.48571428571429	16.34285714285714	17.257142857142856	32.91428571428571	0.0
202.0	36.478711162255465	17.03107019562716	18.9873417721519	27.502876869965476	0.0
203.0	31.134259259259263	15.50925925925926	22.916666666666664	30.439814814814813	0.0
204.0	29.418604651162788	18.13953488372093	29.069767441860467	23.372093023255815	0.0
205.0	33.840749414519905	18.0327868852459	26.11241217798595	22.01405152224824	0.0
206.0	27.72511848341232	20.734597156398106	25.0	26.540284360189574	0.0
207.0	26.435406698564595	26.19617224880383	14.952153110047847	32.41626794258373	0.0
208.0	29.24187725631769	18.65222623345367	19.7352587244284	32.37063778580024	0.0
209.0	21.844660194174757	22.451456310679614	21.2378640776699	34.46601941747573	0.0
210.0	23.651960784313726	18.504901960784316	18.014705882352942	39.82843137254902	0.0
211.0	33.62282878411911	17.121588089330025	18.610421836228287	30.64516129032258	0.0
212.0	28.179551122194514	17.70573566084788	25.187032418952622	28.92768079800499	0.0
213.0	28.030303030303028	19.94949494949495	18.055555555555554	33.964646464646464	0.0
214.0	28.89733840304182	25.602027883396705	19.898605830164765	25.602027883396705	0.0
215.0	32.18390804597701	23.243933588761177	15.070242656449553	29.50191570881226	0.0
216.0	29.987129987129986	19.176319176319176	17.88931788931789	32.94723294723295	0.0
217.0	26.848249027237355	16.342412451361866	25.810635538262	30.99870298313878	0.0
218.0	24.899598393574294	20.615796519410978	19.67871485943775	34.805890227576974	0.0
219.0	17.569546120058565	23.42606149341142	26.79355783308931	32.210834553440705	0.0
220.0	0.0	29.438202247191008	27.415730337078653	43.146067415730336	0.0
