# Position (bp)	A	C	G	T	N
0.0	0.0	0.8928571428571428	71.42857142857143	27.67857142857143	0.0
1.0	27.67857142857143	0.0	0.8928571428571428	71.42857142857143	0.0
2.0	67.85714285714286	26.785714285714285	3.571428571428571	1.7857142857142856	0.0
3.0	26.785714285714285	68.75	2.6785714285714284	1.7857142857142856	0.0
4.0	95.57522123893806	0.8849557522123894	2.6548672566371683	0.8849557522123894	0.0
5.0	93.91304347826087	0.0	5.217391304347826	0.8695652173913043	0.0
6.0	69.56521739130434	1.7391304347826086	2.608695652173913	26.08695652173913	0.0
7.0	25.217391304347824	0.0	3.4782608695652173	71.30434782608695	0.0
8.0	70.43478260869566	23.47826086956522	4.3478260869565215	1.7391304347826086	0.0
9.0	3.4782608695652173	92.17391304347827	3.4782608695652173	0.8695652173913043	0.0
10.0	6.956521739130435	68.69565217391305	0.0	24.347826086956523	0.0
11.0	27.82608695652174	4.3478260869565215	0.0	67.82608695652173	0.0
12.0	71.30434782608695	25.217391304347824	1.7391304347826086	1.7391304347826086	0.0
13.0	27.82608695652174	69.56521739130434	0.0	2.608695652173913	0.0
14.0	94.78260869565217	3.4782608695652173	0.8695652173913043	0.8695652173913043	0.0
15.0	68.69565217391305	28.695652173913043	0.8695652173913043	1.7391304347826086	0.0
16.0	1.7391304347826086	69.56521739130434	3.4782608695652173	25.217391304347824	0.0
17.0	1.7391304347826086	5.217391304347826	1.7391304347826086	91.30434782608695	0.0
18.0	4.3478260869565215	1.7391304347826086	23.47826086956522	70.43478260869566	0.0
19.0	4.3478260869565215	2.608695652173913	67.82608695652173	25.217391304347824	0.0
20.0	6.956521739130435	0.0	25.217391304347824	67.82608695652173	0.0
21.0	2.608695652173913	26.08695652173913	68.69565217391305	2.608695652173913	0.0
22.0	0.8695652173913043	66.95652173913044	4.3478260869565215	27.82608695652174	0.0
23.0	25.217391304347824	0.0	3.4782608695652173	71.30434782608695	0.0
24.0	93.91304347826087	0.0	0.8695652173913043	5.217391304347826	0.0
25.0	70.43478260869566	0.8695652173913043	0.8695652173913043	27.82608695652174	0.0
26.0	2.608695652173913	0.0	24.347826086956523	73.04347826086956	0.0
27.0	26.956521739130434	1.7391304347826086	68.69565217391305	2.608695652173913	0.0
28.0	69.56521739130434	26.08695652173913	3.4782608695652173	0.8695652173913043	0.0
29.0	1.7391304347826086	92.17391304347827	2.608695652173913	3.4782608695652173	0.0
30.0	2.857142857142857	87.14285714285714	0.0	10.0	0.0
31.0	30.0	20.0	0.0	50.0	0.0
32.0	55.55555555555556	11.11111111111111	0.0	33.33333333333333	0.0
33.0	55.55555555555556	22.22222222222222	0.0	22.22222222222222	0.0
34.0	37.5	37.5	25.0	0.0	0.0
35.0	33.33333333333333	50.0	16.666666666666664	0.0	0.0
