# Position (bp)	A	C	G	T	N
0.0	26.255369472835582	23.68188830479892	24.13512244197197	25.927619780393528	0.0
1.0	26.72618026072567	20.38804536274047	15.697527511003132	37.18824686553073	0.0
2.0	28.82179609811839	19.383930042605275	17.985335845568173	33.80893801370816	0.0
3.0	23.30884270061037	22.45503105340919	15.057674437261417	39.178451808719025	0.0
4.0	34.25785188399497	13.030407059269555	14.899175636066037	37.81256542066944	0.0
5.0	35.11202033839133	14.710221896810813	23.313553362949158	26.864204401848696	0.0
6.0	31.317196702427392	17.244121439180375	21.149854902902625	30.28882695548961	0.0
7.0	35.02524848537823	17.073985018639494	20.21330269006664	27.68746380591564	0.0
8.0	22.50236593871534	26.998417985223927	22.765442553163624	27.733773522897113	0.0
9.0	27.686554986073002	18.42842061411897	15.62162408511579	38.263400314692234	0.0
10.0	26.678767335571436	16.452873481184955	25.245651998715356	31.622707184528252	0.0
11.0	28.158486419358077	18.23644578735941	19.523722269467488	34.081345523815024	0.0
12.0	26.19956534354526	19.544090525940724	21.139456934703034	33.11688719581098	0.0
13.0	26.442447446490224	20.746646287718196	19.1693092608341	33.64159700495748	0.0
14.0	30.679980342761404	18.310354224562168	20.364059863963035	30.645605568713396	0.0
15.0	29.624132160581517	18.4958336624464	20.173889311891067	31.706144865081015	0.0
16.0	30.102305047785883	17.43719219575017	18.765713060716784	33.69478969574716	0.0
17.0	30.39449062719395	17.795815178654603	19.674572998347685	32.13512119580377	0.0
18.0	31.661238472856557	17.752485856157072	19.097712968230997	31.488562702755367	0.0
19.0	30.0877372003083	18.38971558082075	20.013415784677058	31.509131434193893	0.0
20.0	29.639635557897105	17.952693521491117	20.147199411512425	32.26047150909936	0.0
21.0	29.302610411253006	18.28308962928303	20.305040034182316	32.10925992528164	0.0
22.0	29.763154866509733	18.97376597969242	22.84349413964899	28.419585014148858	0.0
23.0	29.80236776972002	20.198708112593692	21.094831207429976	28.904092910256313	0.0
24.0	32.983250583950166	19.290743629807743	17.912464878456706	29.81354090778539	0.0
25.0	29.590826586348378	20.89367462726024	19.61644862341192	29.899050162979464	0.0
26.0	32.26076553904845	16.57214272053349	22.175230890358772	28.991860850059293	0.0
27.0	26.392569275126633	21.02775228404469	25.132330183337025	27.44734825749165	0.0
28.0	26.752461932811215	19.696571784538598	18.782325752840297	34.76864052980989	0.0
29.0	28.080448197870396	20.1200150062194	17.499767114915326	34.29976968099488	0.0
30.0	26.726853464793454	18.89676758171559	16.07045352724219	38.30592542624876	0.0
31.0	34.45833137935635	14.302359002252999	18.45364075964175	32.78566885874889	0.0
32.0	34.63204832958708	15.478486791833882	22.611352184814667	27.278112693764367	0.0
33.0	31.457116945155857	17.195186343775323	21.11280166804056	30.234895043028263	0.0
34.0	33.37947819475064	16.420263209622536	22.052736676204614	28.147521919422214	0.0
35.0	26.449873986602395	20.30874087579832	25.8049635050878	27.436421632511475	0.0
