# Position (bp)	A	C	G	T	N
0.0	22.92971776425014	27.20309905921417	33.98450470392916	15.882678472606528	0.0
1.0	23.953514111787495	22.17819590481461	14.748201438848922	39.12008854454898	0.0
2.0	26.1906078876044	21.567564577686817	17.100503346424027	35.14132418828475	0.0
3.0	19.867747393097652	24.602744573330533	13.938495903044243	41.591012130527574	0.0
4.0	35.23820050845584	11.534210235437161	12.663866475074611	40.56372278103238	0.0
5.0	38.152255556046484	13.374276498917508	24.279812662925817	24.193655282110193	0.0
6.0	32.73032491772138	16.9063238574868	21.75468822476973	28.608663000022087	0.0
7.0	37.140680043731294	17.256192506046183	20.346095656687243	25.25703179353528	0.0
8.0	20.412107024150004	31.493280623681798	22.31142128336223	25.783191068805973	0.0
9.0	28.329615970673323	18.451736854890356	13.940109975045821	39.2785371993905	0.0
10.0	25.722077463233674	16.360464602746987	27.353928366382547	30.5635295676368	0.0
11.0	27.226055754899253	17.702456527739443	18.69721225503726	36.37427546232404	0.0
12.0	24.924099404939334	19.968204550723677	22.56483290829	32.54286313604698	0.0
13.0	25.13964630296072	23.143752897798777	17.259841476607864	34.456759322632635	0.0
14.0	31.42081328093956	18.790012804097312	19.53949401739591	30.249679897567223	0.0
15.0	30.060232989144826	17.80293001500309	19.70810166799047	32.42873532786162	0.0
16.0	31.18912897212755	17.421660434796994	18.012860814224105	33.37634977885135	0.0
17.0	29.946842534794982	18.12647506451684	19.21719566799744	32.70948673269074	0.0
18.0	31.900933981717333	17.291342750339076	18.89907042905819	31.9086528388854	0.0
19.0	30.92681205759774	18.38298529184767	18.98388057068513	31.70632207986946	0.0
20.0	30.966397671649688	17.93777836574503	18.245358733518543	32.85046522908674	0.0
21.0	30.604978283396168	16.43186277752056	19.92415724144013	33.039001697643144	0.0
22.0	29.51013029387773	18.640181661853216	19.894618488061905	31.95506955620715	0.0
23.0	29.491192874936615	17.559136703335465	20.002865898018122	32.946804523709794	0.0
24.0	30.842316425280515	18.063179242995393	18.648457994400722	32.44604633732337	0.0
25.0	29.081351524101294	18.39721407947808	19.317405391108856	33.20402900531177	0.0
26.0	31.640074047954865	17.331849435825106	19.375881523272216	31.652194992947813	0.0
27.0	29.262299597818302	17.679466696049804	20.002203735331385	33.0560299708005	0.0
28.0	30.32426536211285	17.669872960257386	19.929703941206935	32.076157736422836	0.0
29.0	29.074482150727192	18.586381665932127	18.99955927721463	33.33957690612605	0.0
30.0	29.759241915046005	17.767616109305273	18.880502451655556	33.59263952399317	0.0
31.0	30.634462392842188	18.19203561275536	20.174317385459595	30.99918460894286	0.0
32.0	29.568044077134985	18.34159779614325	18.960881542699724	33.129476584022036	0.0
33.0	29.822802106979925	17.814559319419036	20.254336279285038	32.108302294316005	0.0
34.0	29.47918273787221	18.19003328117079	20.129598201494346	32.201185779462655	0.0
35.0	29.993167592347703	17.326765405977255	18.49488671427312	34.18518028740192	0.0
36.0	30.412547256114365	16.917413395937352	19.241918240033506	33.42812110791478	0.0
37.0	28.264368069487006	19.72950331782809	18.77383655563149	33.232292057053414	0.0
38.0	29.62015828575208	18.514803465532065	19.69312845836732	32.171909790348536	0.0
39.0	29.671516754850085	18.516313932980598	19.94378306878307	31.868386243386244	0.0
40.0	30.068010714167613	18.101652318647282	20.439589510697633	31.39074745648747	0.0
41.0	29.652899485246298	18.142036749225664	20.16467709401144	32.04038667151659	0.0
42.0	29.382392169398486	18.95261295620639	20.026234278722676	31.638760595672444	0.0
43.0	30.678924567611364	18.438660890461545	20.10648500281094	30.775929539116152	0.0
44.0	29.33913906189715	18.780797001598412	19.87543405170038	32.00462988480406	0.0
45.0	30.04089821745505	18.58829495221192	20.19445944903156	31.17634738130147	0.0
46.0	30.311080735482165	17.598880021164952	19.990960800740773	32.099078442612104	0.0
47.0	29.591128063232393	17.64025001929161	19.474606726709514	33.29401519076649	0.0
48.0	29.86881269981259	18.373938926248485	19.34296108477566	32.41428728916327	0.0
49.0	28.297081877211745	20.151252907649734	19.328842782965307	32.22282243217322	0.0
50.0	29.66617423323705	18.794787555398763	18.961259453619387	32.5777787577448	0.0
51.0	30.03980022711487	18.151549562859	20.012568492773116	31.79608171725301	0.0
52.0	29.349503858875416	17.940463065049613	19.772877618522603	32.93715545755237	0.0
53.0	31.230774319452255	17.713535981653603	18.852468053672037	32.20322164522211	0.0
54.0	29.84189287525634	18.05001212816159	20.203312090674547	31.90478290590752	0.0
55.0	29.45962931519234	17.978543943019062	19.06678280428239	33.4950439375062	0.0
56.0	30.154144706375284	17.729949059474716	19.168853507398506	32.947052726751494	0.0
57.0	28.465100893152496	17.763810783989413	19.648252288014113	34.12283603484397	0.0
58.0	29.54031733430364	18.151345748845003	19.0356477346653	33.272689182186056	0.0
59.0	29.707140651876678	17.690645260882988	19.670974286596394	32.93123980064394	0.0
60.0	29.445038647715872	17.473619212490764	19.56092666306469	33.52041547672867	0.0
61.0	29.43290955001048	18.233341786946884	19.784763647991532	32.54898501505111	0.0
62.0	29.60745396405337	18.37688830080494	19.438747381188666	32.576910353953025	0.0
63.0	29.039123147494706	17.913064573041638	20.27721418489767	32.77059809456598	0.0
64.0	29.600141152599193	19.379810767296707	19.953243201517388	31.066804878586712	0.0
65.0	29.631018283672617	17.732295273593436	19.544121214794558	33.09256522793939	0.0
66.0	30.64919883988928	17.746826788412125	20.357075903441736	31.246898468256855	0.0
67.0	28.8178209086899	17.940008822232027	19.912880458756067	33.32928981032201	0.0
68.0	30.942114491778693	17.71523726551903	19.149968570451815	32.19267967225047	0.0
69.0	29.68713814664917	17.71523726551903	19.53263710451152	33.06498748332029	0.0
70.0	29.005933081894174	16.89384415183396	20.300403626017335	33.79981914025453	0.0
71.0	30.06760109838	18.31956682363061	18.711057687005813	32.901774390983576	0.0
72.0	30.469930409272884	18.01638856109316	20.34563762090148	31.168043408732476	0.0
73.0	30.63306496084703	17.962942538877247	18.74600198522113	32.65799051505459	0.0
74.0	29.54339913973751	18.868423955001653	19.266571081945514	32.321605823315316	0.0
75.0	30.329333392156	17.69753385979618	18.7144306701372	33.25870207791062	0.0
76.0	29.68412229231923	18.331715710063087	19.022146733136278	32.9620152644814	0.0
77.0	29.420264278308444	17.478105490723784	20.284132271513975	32.817497959453796	0.0
78.0	29.71652327377013	17.841385395985	18.957643944407675	33.48444738583719	0.0
79.0	30.604365906659165	18.28319931169132	17.909262384592477	33.20317239705704	0.0
80.0	30.381115217031603	18.25933484088026	19.131873586674754	32.22767635541338	0.0
81.0	29.831663945638265	18.726558708026296	19.24833428937034	32.1934430569651	0.0
82.0	30.180582674212086	18.267862461528278	18.927535272639023	32.62401959162061	0.0
83.0	29.89266527672061	18.854728574422786	19.268402996105944	31.984203152750656	0.0
84.0	30.3350211249738	17.781381341628887	18.330740973624117	33.5528565597732	0.0
85.0	29.925646456623422	17.687097343570734	19.389286029476658	32.99797017032918	0.0
86.0	29.688465272261936	17.521622098667372	18.962359897625984	33.82755273144471	0.0
87.0	29.670038721634473	18.03810385340938	20.657054287510892	31.634803137445257	0.0
88.0	29.868281705056926	18.855352572588473	18.18241990998147	33.093945812373136	0.0
89.0	30.379383763389857	19.337650446236502	19.121427074255077	31.16153871611857	0.0
90.0	31.17946228611145	18.624714539456992	18.9832640137683	31.21255916066326	0.0
91.0	29.746695792237592	18.90404006972485	19.622250171002406	31.727013967035152	0.0
92.0	28.219017883739145	17.891461921205636	19.67321631491268	34.21630388014254	0.0
93.0	29.67829483021116	18.434059266123874	19.845104918249817	32.04254098541515	0.0
94.0	29.850400476600253	18.025859976611283	19.42146025021513	32.70227929657333	0.0
95.0	30.963912578193092	18.29966571419115	18.874460784854534	31.861960922761224	0.0
96.0	29.60016770008164	19.014100046338182	18.8265407445001	32.55919150908008	0.0
97.0	29.457389999558675	18.247716139282407	19.4050928990688	32.88980096209012	0.0
98.0	29.097569318018824	18.000066201052597	19.576754603731533	33.325609877197046	0.0
99.0	29.337643852544936	18.650351425009106	20.010813077203167	32.0011916452428	0.0
100.0	30.620911409247142	18.90675241157556	19.419004324204458	31.05333185497284	0.0
101.0	30.261061404583895	19.029738492908	19.163444718047	31.54575538446111	0.0
102.0	29.084352461586704	18.150562200421092	20.647986381758724	32.117098956233484	0.0
103.0	28.68014589994146	17.967307605709912	19.312604133831673	34.03994236051695	0.0
104.0	30.356050825575863	17.431088763561416	19.09922765056284	33.11363276029988	0.0
105.0	30.356004008746357	17.44601858600583	19.6098305393586	32.588146865889215	0.0
106.0	29.15249579167955	18.623106255797175	20.447284345047922	31.77711360747535	0.0
107.0	30.29273964245013	17.594308671678043	19.1817564378547	32.93119524801713	0.0
108.0	28.371312897628687	19.072296124927703	21.082706766917294	31.473684210526315	0.0
109.0	29.515956457015257	18.01614253814663	19.61644026795683	32.851460736881286	0.0
110.0	29.821303433777157	17.64424199953282	20.939032936229854	31.595421630460173	0.0
111.0	29.62241797942594	18.547147900953632	20.317173589199207	31.513260530421217	0.0
112.0	29.329246728751624	18.17399504892137	19.49310385476836	33.003654367558646	0.0
113.0	30.675129969328424	18.215837902490435	19.203486375424845	31.905545752756296	0.0
114.0	30.092289371836856	17.71598690086335	18.923489133670735	33.26823459362905	0.0
115.0	28.76471011192867	18.28967236296527	20.757136351652566	32.18848117345349	0.0
116.0	30.246772190811445	17.964822606116865	18.319248713095686	33.46915648997601	0.0
117.0	30.577389616690926	16.77947598253275	21.14264919941776	31.500485201358565	0.0
118.0	30.733324395802608	17.20880915528147	19.301410098597213	32.7564563503187	0.0
119.0	31.288726702750363	18.37329480051921	18.598613798339496	31.739364698390926	0.0
120.0	30.29034918212365	17.672037121370636	19.221632798749493	32.815980897756226	0.0
121.0	29.96052615297044	18.49454914432084	19.547597539999753	31.99732716270897	0.0
122.0	29.44315891617526	18.82013386081461	19.60513547809211	32.13157174491801	0.0
123.0	28.569283327702067	18.807172979940184	19.590544480734817	33.03299921162293	0.0
124.0	29.251580723984176	19.01780991006877	19.50903090913671	32.22157845681034	0.0
125.0	29.12773967827399	18.49227375866746	19.54441162675726	32.83557493630129	0.0
126.0	30.40326697294538	18.256763654925983	19.203675344563553	32.136294027565086	0.0
127.0	30.286485097636177	18.381294964028775	19.307553956834532	32.02466598150052	0.0
128.0	29.68456992098082	18.054136544107184	19.684957903857843	32.57633563105415	0.0
129.0	30.346075725222644	16.750429665121608	20.703348783917505	32.20014582573824	0.0
130.0	29.571597012969995	18.83270011790908	18.41477793790122	33.1809249312197	0.0
131.0	29.59197130347629	17.96170280107612	19.627314448488683	32.8190114469589	0.0
132.0	30.415914640620024	17.881409916126977	20.069805711859008	31.632869731393992	0.0
133.0	30.598222043981018	17.838379787447366	19.449234676826414	32.11416349174521	0.0
134.0	31.379198966408268	17.17942506459948	20.079672695951768	31.36170327304048	0.0
135.0	30.782264514117628	16.61719057107614	20.366529760210376	32.23401515459586	0.0
136.0	28.550926685255046	19.60390355912744	19.396151112569022	32.4490186430485	0.0
137.0	30.49247927823211	17.714862938824083	20.69547649687963	31.097181286064178	0.0
138.0	30.414341517857142	17.885044642857142	19.839564732142854	31.861049107142858	0.0
139.0	29.038823013977417	19.58534137965148	19.671551931257685	31.704283675113416	0.0
140.0	29.993996912697956	17.827739980561432	19.108398604996857	33.06986450174376	0.0
141.0	29.2928711274905	18.032362086836347	19.849130484855465	32.82563630081769	0.0
142.0	30.77168459820781	16.83003218977467	19.77061160571876	32.62767160629876	0.0
143.0	30.356490879616782	18.122471631153886	20.340864282271845	31.180173206957484	0.0
144.0	30.21309763666044	17.23458387870053	21.21122990720179	31.341088577437237	0.0
145.0	30.98875671185737	19.077991040968286	19.328665934913523	30.604586312260825	0.0
146.0	29.715851248577756	17.614827235163784	19.659859871848614	33.009461644409846	0.0
147.0	29.59203709577537	18.052471793012824	19.719969187548145	32.63552192366366	0.0
148.0	30.360001829742462	17.821691596907733	19.514203375874846	32.30410319747495	0.0
149.0	30.465492036623836	18.593521581903516	20.45087327844887	30.490113103023774	0.0
150.0	30.767679900744415	18.28939205955335	18.700372208436725	32.242555831265506	0.0
151.0	29.64068580716753	17.684384914742978	20.628917056093023	32.04601222199647	0.0
152.0	28.80080596920946	18.411359128545794	19.349557661429966	33.438277240814784	0.0
153.0	30.045846090391358	18.4954867776068	20.50859019306122	30.950076938940622	0.0
154.0	30.29324294074382	17.576988263886665	20.03453679127626	32.09523200409325	0.0
155.0	30.896694015055047	17.869404729283193	19.79722432663325	31.43667692902851	0.0
156.0	30.523610455942872	17.873351009320558	18.86884525920263	32.73419327553394	0.0
157.0	30.524932227059885	17.765546701716914	19.750266984309537	31.959254086913663	0.0
158.0	29.172750199097425	18.8080700822936	19.9180382267056	32.10114149190338	0.0
159.0	30.86630800945246	17.485377176663818	19.533410427874703	32.114904386009016	0.0
160.0	30.43058962862702	18.198121986295575	19.539802047204127	31.831486337873276	0.0
161.0	29.87359070720875	18.36692859583191	19.967543559959005	31.791937137000343	0.0
162.0	30.149022310276507	18.23240589198036	18.94220001722801	32.67637178051512	0.0
163.0	30.146100793912755	17.733613605962162	19.429147195246944	32.69113840487813	0.0
164.0	31.4010931259197	17.815850325835612	19.728820685305866	31.054235862938828	0.0
165.0	29.27700826124644	18.279113375435617	19.71908224097366	32.72479612234429	0.0
166.0	30.795631267540173	17.60184473481937	19.1337611497417	32.46876284789875	0.0
167.0	29.68324158469452	18.51096471437596	19.08852991607256	32.71726378485697	0.0
168.0	29.89596641722942	17.62182880087607	19.631319583865668	32.85088519802884	0.0
169.0	29.79544363622937	17.80821917808219	20.165786655835763	32.23055052985268	0.0
170.0	31.543574042267192	17.94115450675827	19.925696363229033	30.5895750877455	0.0
171.0	29.5544955788918	18.395203710337285	20.391772402481102	31.658528308289814	0.0
172.0	29.13072455488908	18.821289155479388	20.051413881748072	31.996572407883463	0.0
173.0	30.73042038167498	18.315392170078375	18.371237651408652	32.58294979683799	0.0
174.0	29.87172011661808	18.454810495626823	20.388726919339163	31.28474246841594	0.0
175.0	29.395469459124936	19.033772765673195	18.92375095777913	32.64700681742274	0.0
176.0	30.13317984240716	17.599190203044678	21.130143103824704	31.137486850723455	0.0
177.0	29.599839534650485	18.571858389329055	19.763313609467456	32.064988466553004	0.0
178.0	28.351153401367448	18.27791190732212	20.85455172553714	32.516382965773296	0.0
179.0	30.137352469465807	18.42538142040548	19.328042110457705	32.10922399967101	0.0
180.0	28.897972803870857	18.207224493200968	20.18645198965546	32.70835071327271	0.0
181.0	31.007555075868197	17.95653186041098	19.539500137557404	31.49641292616342	0.0
182.0	29.842113155808818	17.646050686604255	20.263930247006147	32.247905910580776	0.0
183.0	30.084029973578204	18.053449993502838	19.948455840949453	31.914064191969505	0.0
184.0	30.033965158321465	18.183411854935905	19.156349293305578	32.62627369343705	0.0
185.0	29.132584070404118	19.842167098933743	20.598080290838155	30.427168539823988	0.0
186.0	30.428731762065098	19.326599326599325	18.906846240179572	31.337822671156008	0.0
187.0	28.914922656960872	18.78070973612375	20.138762511373976	32.1656050955414	0.0
188.0	30.57138243639132	18.33175705289382	19.37440889483518	31.72245161587968	0.0
189.0	30.33847161469907	17.255736707913265	21.18313021917616	31.222661458211505	0.0
190.0	29.130589491163562	19.070098446210416	20.0877713201281	31.711540742497924	0.0
191.0	30.269997112330348	17.38136490518818	18.991240735393205	33.357397247088265	0.0
192.0	28.01664015661324	19.12394469595008	20.646029609690444	32.213385537746234	0.0
193.0	30.46582003465846	17.655122468509944	19.5768564260404	32.3022010707912	0.0
194.0	30.832046483628655	18.015023425026826	20.31826628628262	30.8346638050619	0.0
195.0	30.068687511602622	18.72596600100777	19.940594584559896	31.264751902829712	0.0
196.0	30.69346895939291	18.322973009337744	18.748149942143648	32.23540808912569	0.0
197.0	29.09076033598778	18.547507363368602	19.5865604887095	32.775171811934115	0.0
198.0	29.64582057136493	18.371665645709196	20.070167622654118	31.91234616027176	0.0
199.0	29.975531381739923	18.560773562100174	20.00530644733351	31.458388608826393	0.0
200.0	29.26880431525322	18.48666466886425	19.96104285286185	32.28348816302068	0.0
201.0	31.280082861146653	17.35514531164321	19.572899530859683	31.791872296350455	0.0
202.0	29.83585152023876	19.28433749922278	20.487471242927317	30.39233973761114	0.0
203.0	29.410214168039538	18.243822075782536	19.97364085667216	32.37232289950577	0.0
204.0	29.957523662998764	18.930399010000336	19.74647981537844	31.36559751162246	0.0
205.0	30.724588494824367	18.832513151196334	18.86645172238249	31.57644663159681	0.0
206.0	30.5143763359305	17.975591256981314	20.01654830035165	31.493484106736535	0.0
207.0	29.520372770907056	18.953859089794346	21.11901341835126	30.406754720947344	0.0
208.0	30.470924009989297	18.276846236175526	19.98572957545487	31.26650017838031	0.0
209.0	28.684897722326998	18.91048890178442	19.904250689104888	32.500362686783696	0.0
210.0	29.479811376363102	17.690834070144415	21.850132625994696	30.97922192749779	0.0
211.0	28.149851128783027	20.3972411713715	20.58568574982098	30.867221950024497	0.0
212.0	29.103762281332372	19.278696381500122	19.542295710520012	32.0752456266475	0.0
213.0	30.113867425782836	18.710858072387147	18.840992273281824	32.33428222854819	0.0
214.0	29.406369851592462	17.921460730365183	18.96781724195431	33.704352176088044	0.0
215.0	31.505753765495182	18.73639312213978	19.72275292131337	30.035100191051672	0.0
216.0	29.910439274036865	17.495142870681892	21.49457423115197	31.09984362412927	0.0
217.0	29.565827031899445	19.159697531173318	19.85577645350293	31.41869898342431	0.0
218.0	29.580528223718282	19.243915069911964	19.86017607457276	31.315380631796998	0.0
219.0	29.51128963544519	19.457123729535635	20.899519201509342	30.132067433509828	0.0
220.0	31.3158892681077	17.4061433447099	20.720515737580584	30.55745164960182	0.0
221.0	29.183640215088808	17.247840964640705	22.535440769105424	31.033078051165063	0.0
222.0	28.54623330813807	19.333165364911398	19.963046947173932	32.157554379776606	0.0
223.0	25.989607935758148	21.983939537080772	22.06896551724138	29.9574870099197	0.0
224.0	27.760754994484614	20.08824610859174	19.74506679740164	32.405932099522	0.0
225.0	29.98991935483871	18.14516129032258	19.556451612903224	32.30846774193548	0.0
226.0	28.52193995381062	20.87503207595586	19.065948165255325	31.53707980497819	0.0
227.0	28.321953781512605	18.172268907563023	19.393382352941178	34.11239495798319	0.0
228.0	28.789706473663045	18.46937407854175	22.718134298351426	30.022785149443777	0.0
229.0	27.242152466367713	19.61883408071749	18.567825112107624	34.571188340807176	0.0
230.0	30.348027842227378	17.014694508894046	19.969064191802012	32.66821345707657	0.0
231.0	27.599151297535503	18.410314999183942	20.858495185245634	33.13203851803493	0.0
232.0	32.76066350710901	15.185624012638229	20.55687203791469	31.49684044233807	0.0
233.0	29.545454545454547	17.99586776859504	22.43801652892562	30.02066115702479	0.0
234.0	26.95829094608342	21.439471007121057	21.74465920651068	29.857578840284845	0.0
235.0	30.47583081570997	17.82477341389728	23.527190332326285	28.172205438066467	0.0
236.0	22.255703831252692	23.159707275075334	22.944468359879465	31.64012053379251	0.0
237.0	28.934967012252592	20.075400565504243	21.77191328934967	29.2177191328935	0.0
238.0	28.391472868217054	18.7984496124031	19.57364341085271	33.23643410852713	0.0
239.0	28.2329713721619	20.236920039486673	17.966436327739387	33.563672260612044	0.0
240.0	30.992978936810434	19.95987963891675	16.24874623871615	32.79839518555667	0.0
241.0	32.19814241486068	14.138286893704851	22.187822497420022	31.475748194014447	0.0
242.0	27.388535031847134	17.40976645435244	24.203821656050955	30.997876857749468	0.0
243.0	27.40174672489083	18.44978165938865	19.541484716157207	34.60698689956332	0.0
244.0	27.815315315315313	19.256756756756758	19.03153153153153	33.8963963963964	0.0
245.0	24.6558197747184	23.52941176470588	20.650813516896118	31.1639549436796	0.0
246.0	33.679833679833685	16.424116424116423	20.582120582120584	29.313929313929314	0.0
247.0	38.02197802197802	15.384615384615385	19.78021978021978	26.813186813186814	0.0
248.0	33.02752293577982	19.03669724770642	19.724770642201836	28.211009174311926	0.0
249.0	32.65822784810127	15.69620253164557	24.050632911392405	27.59493670886076	0.0
250.0	25.118483412322274	18.48341232227488	27.014218009478675	29.383886255924168	0.0
