# Position (bp)	A	C	G	T	N
0.0	26.204289446253014	24.194149057531806	24.374048326558285	25.22751316965689	0.0
1.0	26.801878859133723	21.19528817423586	15.566007680889188	36.43682528574123	0.0
2.0	28.72699527421913	20.372179685218462	17.370151407064093	33.53067363349832	0.0
3.0	23.260103706652203	22.54078145461263	15.210512146430952	38.98860269230421	0.0
4.0	33.613041523973955	13.567395265456256	15.292148032400815	37.52741517816898	0.0
5.0	34.73738219692879	15.10060246760849	23.951606769387737	26.21040856607498	0.0
6.0	31.307438668706595	17.53959646544845	21.493486274808063	29.659478591036887	0.0
7.0	35.265026235166424	17.631998372986875	20.28612656161955	26.816848830227148	0.0
8.0	23.235003809110015	26.99860619769302	22.60377986411583	27.162610129081138	0.0
9.0	27.232531354248913	18.91921703355	15.77557723879233	38.07267437340875	0.0
10.0	26.33275779985133	17.18227967565628	24.61122075988068	31.873741764611708	0.0
11.0	27.965443619499116	19.08651953235138	19.18173677768202	33.76630007046749	0.0
12.0	25.84177549487966	20.462442343352713	20.332516605240478	33.363265556527146	0.0
13.0	26.90693963957794	21.459534141433327	18.89211415480408	32.74141206418466	0.0
14.0	30.543263547972728	18.71857169089608	19.989969833865658	30.748194927265537	0.0
15.0	29.302624020882245	18.801287996029952	20.59198990176152	31.304098081326288	0.0
16.0	29.144881064584272	18.65274741251548	18.72422337646403	33.478148146436226	0.0
17.0	29.66313432817006	18.185800528695225	19.91099330579905	32.24007183733566	0.0
18.0	32.109515799717705	17.6315781733164	19.314141693850083	30.94476433311581	0.0
19.0	30.325495068746765	18.57074544682142	20.384663384346975	30.719096100084837	0.0
20.0	29.63149329298296	17.64821808026738	20.60087712479216	32.1194115019575	0.0
21.0	29.193435136508167	18.85068246729481	20.13590517942316	31.819977216773864	0.0
22.0	29.938617232136366	18.839484146076533	22.789991348088783	28.431907273698314	0.0
23.0	29.61874023298391	20.20656175401427	21.554646336846343	28.620051676155477	0.0
24.0	32.84805874055234	19.858006127351597	17.68551080102243	29.60842433107364	0.0
25.0	28.91244761685858	21.073496704163887	20.280642955919795	29.733412723057747	0.0
26.0	31.06445820925187	16.915221775083083	22.817031196884134	29.20328881878091	0.0
27.0	25.967751356089387	20.90184513877304	24.903994880287215	28.226408624850357	0.0
28.0	26.951522824615804	20.074787137351926	19.27464292482502	33.69904711320725	0.0
29.0	27.63737272677231	20.786584369160536	17.35979302645031	34.216249877616846	0.0
30.0	26.723878546302615	19.182111110783808	16.104275825617247	37.989734517296334	0.0
31.0	34.25857394537584	14.960056778480094	18.924329920810408	31.857039355333654	0.0
32.0	33.85818207002392	15.529109645062157	23.050055511485333	27.562652773428585	0.0
33.0	31.324729274403083	17.785510795762427	20.93598365732569	29.953776272508797	0.0
34.0	32.67895186985143	17.10927805352386	21.89371482243274	28.31805525419197	0.0
35.0	26.705007305638436	20.81482705046451	25.07671142772667	27.40345421617039	0.0
