# Position (bp)	A	C	G	T	N
0.0	26.28531084561655	24.0691669923828	23.953058402683077	25.692463759317576	0.0
1.0	26.62770314724855	20.400860065478	15.542749259034828	37.42868752823862	0.0
2.0	28.701782922520213	19.44395667472548	17.91779807732417	33.936462325430135	0.0
3.0	23.00621785284673	22.653471636587117	15.346913935716804	38.99339657484935	0.0
4.0	33.96628489237231	13.222830651291822	14.955478115093095	37.85540634124277	0.0
5.0	34.65455272188645	14.976445315420813	23.151485600990547	27.217516361702188	0.0
6.0	30.944123265963867	17.522772535526403	21.267735116482417	30.26536908202731	0.0
7.0	35.229784947377425	17.011282195949594	20.07197338258047	27.686959474092514	0.0
8.0	22.766955904132853	26.874231943774383	22.62045025180074	27.738361900292023	0.0
9.0	27.656502475567308	18.587644070028627	15.712378585484618	38.043474868919446	0.0
10.0	26.441280716787986	16.56457539012107	25.01257287367398	31.98157101941696	0.0
11.0	28.216761459913787	18.167986573955897	19.403242546929057	34.212009419201266	0.0
12.0	26.06346414655808	19.844769166533002	20.91846574118167	33.17330094572725	0.0
13.0	26.596174526090977	20.95674918973774	18.82050280260557	33.626573481565714	0.0
14.0	30.65440730868106	18.38434360487287	20.12768222865342	30.833566857792654	0.0
15.0	29.472376188868342	18.650480353051535	20.039169697283647	31.837973760796473	0.0
16.0	30.012039252080967	17.64360193951165	18.568858093479268	33.77550071492811	0.0
17.0	30.517737768987413	17.914369649351322	19.569807378207894	31.998085203453375	0.0
18.0	31.630054816356157	17.7541957948122	18.831374952488954	31.784374436342688	0.0
19.0	30.052244986609534	18.194336870630778	20.09168305498674	31.661735087772954	0.0
20.0	29.6256722539864	17.879930772740238	20.078177123673512	32.41621984959985	0.0
21.0	29.23303910291657	18.313506118548876	20.017250644246655	32.436204134287905	0.0
22.0	29.639040879158742	19.049005185803296	22.5651907712798	28.74676316375817	0.0
23.0	29.778905907222242	20.22700449802435	21.14772954934252	28.846360045410886	0.0
24.0	32.704038485663055	19.455880728396597	17.83725352767561	30.002827258264738	0.0
25.0	29.122345388604465	21.19393930694101	19.661989728252426	30.0217255762021	0.0
26.0	31.961112404424004	16.676280176925204	21.9528553124058	29.409752106244998	0.0
27.0	26.144200157402768	21.086291292481427	24.984762138955062	27.784746411160743	0.0
28.0	26.56534305627243	19.663462648672905	18.788435577518992	34.98275871753568	0.0
29.0	27.90488928444153	20.180158139227178	17.447990618245864	34.46696195808543	0.0
30.0	26.526235062216646	19.029481360011864	16.087771690682896	38.3565118870886	0.0
31.0	34.32381873943917	14.540413759424997	18.35378801005835	32.78197949107749	0.0
32.0	34.378723950022824	15.653756468311835	22.36397357333581	27.603546008329527	0.0
33.0	31.455029583751738	17.64154387245333	20.74596387472639	30.15746266906854	0.0
34.0	33.568327049454105	16.659624506716625	21.526109827455628	28.24593861637364	0.0
35.0	26.485675741113795	20.21820209848834	25.48499706046333	27.811125099934536	0.0
