# Position (bp)	A	C	G	T	N
0.0	22.541993923063693	27.695923866307403	34.212004815685376	15.550077394943532	0.0
1.0	23.771140285501346	22.16361864358195	15.403313650174855	38.66192742074184	0.0
2.0	26.140204154112297	22.327494357693585	16.280774914935787	35.25152657325833	0.0
3.0	19.445494211014534	24.861144512774704	15.264369395678015	40.42899188053275	0.0
4.0	34.37492848806609	11.51971440994073	13.980869127439988	40.12448797455319	0.0
5.0	37.767101349805536	13.217799130633722	24.615648592999314	24.39945092656143	0.0
6.0	32.031196395489786	15.987009125631818	23.518514283100426	28.46328019577797	0.0
7.0	36.708513411538725	17.24634698497633	21.134892867759714	24.91024673572523	0.0
8.0	20.466238309743215	31.25671689570805	21.971966249742756	26.305078544805983	0.0
9.0	27.56354576209198	18.883148943951724	14.280652829843651	39.272652464112646	0.0
10.0	25.247700131421063	16.552197017313297	28.757213873492944	29.442888977772697	0.0
11.0	26.870736640043873	18.75249945726071	19.19240393514551	35.1843599675499	0.0
12.0	25.01742319512836	20.282884138608658	22.33367989306157	32.36601277320141	0.0
13.0	24.545007940225524	21.221538004547064	18.860034959841883	35.37341909538553	0.0
14.0	30.741904163573018	21.048603575304128	19.154720429493402	29.05477183162945	0.0
15.0	28.22849192591917	16.59406076087948	22.786470212571846	32.390977100629506	0.0
16.0	29.44268351082024	18.498164321711172	18.489042938909538	33.57010922855905	0.0
17.0	28.45223576077417	17.221569990767442	20.741340202660343	33.584854045798046	0.0
18.0	31.478357987828502	17.20648234677364	18.496569644200306	32.818590021197544	0.0
19.0	30.62784867821331	19.576116681859617	19.38468550592525	30.411349134001824	0.0
20.0	30.389622222475314	17.05294807694498	19.27952347869663	33.27790622188308	0.0
21.0	28.46633870820807	16.954769062585406	22.379748565181742	32.199143664024774	0.0
22.0	28.345327017671707	19.172435780652215	22.47904900710512	30.003188194570964	0.0
23.0	28.91803577324635	17.361751545581853	20.31970488779588	33.400507793375915	0.0
24.0	30.55748454594096	17.747976457462915	19.530743047096458	32.163795949499665	0.0
25.0	28.90112891478514	17.751957392571015	19.01288237436271	34.33403131828114	0.0
26.0	29.755920020017747	16.54193489684038	21.028866495302655	32.67327858783922	0.0
27.0	30.299205076592408	16.904916243048685	20.915924624429962	31.879954055928945	0.0
28.0	29.564347203111318	17.163423814776486	21.601828581825625	31.670400400286567	0.0
29.0	29.605121033302634	18.153289900057988	18.76954213141408	33.47204693522529	0.0
30.0	29.74543221948086	17.441133332575355	18.918058508521597	33.89537593942219	0.0
31.0	29.20257395575161	18.201869073876168	21.09756929443598	31.49798767593624	0.0
32.0	30.112796488754462	17.400450276305914	20.59900393423237	31.887749300707252	0.0
33.0	28.411920544861225	17.49195556515708	21.42377969050245	32.67234419947924	0.0
34.0	28.074845020758687	18.747653983961783	22.022408007734747	31.155092987544787	0.0
35.0	29.417251538487786	16.859096131314626	18.440240697978638	35.28341163221895	0.0
36.0	31.137247764861115	16.661737607207044	19.792069522487886	32.40894510544396	0.0
37.0	26.636550868768705	18.870543791176907	19.304074735728182	35.188830604326206	0.0
38.0	28.244196631770595	17.957441966317706	21.327947200728264	32.47041420118343	0.0
39.0	29.87299708667152	18.03191005098325	19.625136562272395	32.46995630007283	0.0
40.0	29.139638101741212	17.90713554114032	20.991237054739955	31.961989302378512	0.0
41.0	28.9149359886202	16.885348506401137	21.69900426742532	32.50071123755334	0.0
42.0	27.804900253775333	18.51877140873761	22.64745712562448	31.028871211862572	0.0
43.0	29.550730574900996	18.321270881696936	21.66575629295826	30.462242250443804	0.0
44.0	28.355490803132398	19.262201784738664	21.04466399562921	31.337643416499727	0.0
45.0	28.785895582694998	19.282031436733856	21.148658646239998	30.783414334331145	0.0
46.0	28.789500045533195	18.212139149439942	20.97031235770877	32.0280484473181	0.0
47.0	29.453949390431312	16.74464137326549	19.20682079477285	34.594588441530355	0.0
48.0	30.22493397686914	18.767644112558056	19.66350969857026	31.34391221200255	0.0
49.0	27.042256727835706	21.16365374982924	20.608123491644278	31.18596603069077	0.0
50.0	29.37024725650016	19.268248258276035	18.46455079459041	32.896953690633396	0.0
51.0	28.677483632223172	18.056362083689155	21.496157130657558	31.76999715343012	0.0
52.0	27.47668234463438	17.27385575510483	20.618615403887986	34.63084649637281	0.0
53.0	31.452283102423696	18.220420987921358	19.698090868728727	30.629205040926216	0.0
54.0	27.792704585819028	18.873810282799763	20.770526891024183	32.562958240357034	0.0
55.0	27.998132926523827	18.32578155240329	20.986361255948452	32.68972426512443	0.0
56.0	31.25853902905547	18.297431460060114	18.894024956735585	31.55000455414883	0.0
57.0	28.19943525982602	16.898938834995672	20.34658650999681	34.55503939518149	0.0
58.0	30.284087674352406	17.530315969257046	19.85083973811557	32.33475661827498	0.0
59.0	28.686134712193343	17.151089952392883	21.169221657821005	32.993553677592764	0.0
60.0	29.1681379640282	17.838958435374924	20.32896310555752	32.663940495039355	0.0
61.0	30.056525504854815	18.381045721839815	19.672243242011213	31.89018553129416	0.0
62.0	28.47827821665926	18.839984952635	19.822623485288922	32.85911334541682	0.0
63.0	27.83401732786138	17.66073871409029	21.989284085727316	32.51595987232102	0.0
64.0	29.28973838469083	18.75555961042812	20.86422005793399	31.09048194694706	0.0
65.0	30.093289539710778	17.605264358377813	19.119793805027143	33.181652296884266	0.0
66.0	30.757911067509298	17.58686774200908	21.419771394675003	30.23544979580662	0.0
67.0	29.071160450443255	18.511757390441204	19.68806690474289	32.729015254372655	0.0
68.0	31.302482657904346	17.278203723986856	19.841867469879517	31.57744614822928	0.0
69.0	27.658214848118313	18.282858251363628	20.965606956204212	33.09331994431385	0.0
70.0	28.00725712590429	17.89976950637851	21.35260959857596	32.74036376914124	0.0
71.0	28.768514503503205	18.789510920419016	19.093046078006253	33.34892849807152	0.0
72.0	30.19744350604885	17.0703035836567	20.91189226204063	31.820360648253825	0.0
73.0	30.470462016070126	19.109523374726077	17.753606647187727	32.666407962016066	0.0
74.0	29.112118064670767	18.26098866606554	20.934107952016255	31.69278531724744	0.0
75.0	29.510460776368802	17.178957460650818	20.297216166550626	33.01336559642976	0.0
76.0	29.87558497888369	17.824449263782675	19.5194612487159	32.78050450861774	0.0
77.0	29.100891460922963	16.88411008001461	21.396203586389525	32.6187948726729	0.0
78.0	28.785042461875626	18.908090585334673	19.151219066751896	33.155647886037805	0.0
79.0	30.329665312086206	18.254874206657227	18.036847632528193	33.378612848728366	0.0
80.0	29.34287573194535	17.873734433676905	20.091543106301867	32.69184672807589	0.0
81.0	29.992808301275097	19.51804203148366	20.331959680825562	30.157189986415677	0.0
82.0	29.591790141777587	18.358028355516996	19.598867605762425	32.45131389694299	0.0
83.0	30.46396931226596	18.766554023198463	19.48008950589095	31.289387158644626	0.0
84.0	29.8118420752175	18.266617952640832	18.791816043659946	33.12972392848172	0.0
85.0	30.612011874857277	18.617264215574334	19.60493263302124	31.165791276547157	0.0
86.0	29.014946505440804	17.626371618767056	19.09704381187271	34.26163806391943	0.0
87.0	30.193203617429432	17.275280898876407	20.390289577053075	32.14122590664109	0.0
88.0	29.35198401370254	18.182129603197257	19.40279760205538	33.06308878104482	0.0
89.0	28.947608824738502	19.678664413282785	20.26104234230119	31.11268441967752	0.0
90.0	29.83864521359811	19.146749494695733	19.89813979513766	31.116465496568495	0.0
91.0	28.56506645959896	20.527109121637054	19.855661627004064	31.052162791759923	0.0
92.0	29.302272467740092	17.550531003768413	20.230672604773325	32.91652392371817	0.0
93.0	30.560155313195914	17.86101752983498	19.941757551533147	31.637069605435965	0.0
94.0	29.448714581025364	18.27910323324844	19.560524903208123	32.711657282518075	0.0
95.0	30.762729287068552	18.20362290700596	18.496013888571625	32.537633917353865	0.0
96.0	28.492455998081162	18.27807156807876	19.556154557810697	33.67331787602937	0.0
97.0	27.454026270702457	18.395202741290692	20.929754426042262	33.22101656196459	0.0
98.0	27.558911213405366	18.628850788719202	19.60889579311684	34.203342204758584	0.0
99.0	29.9450580830868	18.060013478474417	20.519263938227468	31.475664500211316	0.0
100.0	30.25901857677559	19.55153964499759	20.100346735860754	30.089095042366072	0.0
101.0	30.64342884861924	19.744060612360396	18.996800757654505	30.615709781365858	0.0
102.0	29.207489278616507	19.16134955777925	21.44044256941297	30.190718594191274	0.0
103.0	28.044686202257708	16.781891559922794	20.34625957770369	34.82716266011581	0.0
104.0	29.92163968373494	18.568806475903614	19.301816641566266	32.207737198795186	0.0
105.0	30.648350997690805	17.80093552016105	20.248682574456748	31.302030907691396	0.0
106.0	29.81241359584307	17.563283596319778	21.05997044381942	31.564332364017734	0.0
107.0	29.861410828178197	17.720471874550427	20.232100896753465	32.18601640051791	0.0
108.0	27.315049328219597	19.218708541380224	21.963721446317873	31.502520684082302	0.0
109.0	29.959209440101002	18.04132472199291	19.53819258971495	32.461273248191134	0.0
110.0	29.762325768569443	18.034706047339732	21.352877333756084	30.850090850334745	0.0
111.0	29.620818208574512	17.89708623565192	21.10149121946434	31.380604336309233	0.0
112.0	29.325773450018488	18.365586096388512	19.837298163441393	32.471342290151604	0.0
113.0	31.111579312652598	19.412049028963775	19.06874713398689	30.40762452439674	0.0
114.0	28.98841660328425	18.36012019800252	19.40748868467974	33.24397451403349	0.0
115.0	27.173899398702	20.136578752463564	20.569663950992332	32.11985789784211	0.0
116.0	30.815438702987073	17.12067177580494	18.225965551255786	33.8379239699522	0.0
117.0	29.462171178283125	15.569533219587969	24.367821946064325	30.60047365606458	0.0
118.0	31.60921012191374	17.945138817744084	18.808267595533245	31.637383464808934	0.0
119.0	31.53270377861661	18.70112469563649	19.283441336751654	30.482730188995244	0.0
120.0	30.978908638648495	17.345960511996683	18.97833860185521	32.69679224749961	0.0
121.0	30.393089340855497	17.521595809826582	20.88702427329937	31.198290576018557	0.0
122.0	29.482776700047186	18.45540816861532	21.040213914958315	31.021601216379175	0.0
123.0	27.70458292120013	19.33663039894494	20.93636663369601	32.02242004615891	0.0
124.0	28.074273655150446	19.393971570019776	20.73052572899938	31.801229045830404	0.0
125.0	27.76330032474041	18.34850124951556	20.089804754841037	33.798393670902996	0.0
126.0	30.709710410162554	18.859672731187427	19.311820432769945	31.118796425880074	0.0
127.0	29.916788637718874	18.03138721743373	19.688838293489454	32.36298585135795	0.0
128.0	30.740983427526142	17.644087694869906	19.81871297130532	31.79621590629863	0.0
129.0	30.53887277874744	17.364594642881684	21.4793232824375	30.617209295933375	0.0
130.0	31.18772143489814	17.800597874224977	18.26976306465899	32.74191762621789	0.0
131.0	29.46170897988205	17.922121376887365	19.84190053954578	32.77426910368481	0.0
132.0	30.688179586110138	18.596983514556296	21.520869870220974	29.193967029112596	0.0
133.0	30.623992306169207	16.869855457811216	21.025089808502813	31.48106242751676	0.0
134.0	31.731193980933924	17.66675691465865	19.086025335936274	31.51602376847115	0.0
135.0	31.028198321016	15.501183898973956	19.955514099160506	33.51510368084954	0.0
136.0	29.002693076187995	18.32450120174905	20.329829438508092	32.34297628355486	0.0
137.0	29.62713156698582	17.404436885089662	22.01873872817114	30.949692819753377	0.0
138.0	30.50539382296439	16.395744052017143	21.492537313432834	31.606324811585633	0.0
139.0	28.757642345695622	19.063635140589263	22.144490784340103	30.034231729375012	0.0
140.0	29.285272043611542	17.39931441687682	19.493816161036527	33.821597378475104	0.0
141.0	30.586607047801557	16.544235068668158	20.75861964076592	32.11053824276437	0.0
142.0	31.64179104477612	15.592805204745503	19.883658629927286	32.881745120551095	0.0
143.0	30.159072692521114	17.317652136383256	21.37153955237684	31.151735618718785	0.0
144.0	31.50733811163859	15.903378944428932	22.541810170964037	30.04747277296844	0.0
145.0	32.43831072305935	18.762615594047787	19.394764430674865	29.404309252218	0.0
146.0	30.248064465160375	16.356454416179492	20.23226418075525	33.163216937904885	0.0
147.0	30.23677966911355	17.50609066734606	19.913695641789143	32.34343402175124	0.0
148.0	31.373400218663576	17.13936587561901	19.44658820502926	32.040645700688145	0.0
149.0	30.840197159348854	17.783254426357093	20.727673649393605	30.648874764900448	0.0
150.0	31.189316420935633	17.288894700709406	19.364804341429924	32.15698453692504	0.0
151.0	29.569812811774582	17.2980359230174	22.487282066478983	30.64486919872903	0.0
152.0	29.01428073841867	17.176693038762004	20.02288898840623	33.7861372344131	0.0
153.0	30.084682066442852	19.56706919877737	22.007315728816955	28.34093300596282	0.0
154.0	31.692867001043524	16.92867001043525	20.11310465546841	31.265358333052816	0.0
155.0	30.14002848036889	17.625618769919306	20.338034854546688	31.896317895165115	0.0
156.0	30.077757839870117	18.065453302571992	19.42920618644792	32.427582671109974	0.0
157.0	30.68379753384496	17.40967491592653	18.5530740708804	33.353453479348104	0.0
158.0	29.61893664017253	19.404490669078385	20.24279527627528	30.7337774144738	0.0
159.0	31.477748759924985	17.89914640772615	20.144427111633043	30.478677720715826	0.0
160.0	31.216856395389946	18.440217775578024	19.359400410096868	30.983525418935166	0.0
161.0	29.66142447503874	19.356332484371382	19.59142964005201	31.390813400537876	0.0
162.0	31.014294950075428	17.877666834279147	18.538538898067667	32.56949931757776	0.0
163.0	29.50149280738261	17.78702614674749	21.203293223559214	31.508187822310685	0.0
164.0	30.90902462587266	17.76307395052952	20.118116694919888	31.20978472867793	0.0
165.0	30.541410056071328	17.900542329258204	19.472377975916906	32.08566963875356	0.0
166.0	31.4708283847981	18.399272565320665	19.56836401425178	30.561535035629454	0.0
167.0	30.60724046273071	17.668750701957993	18.887349780989105	32.83665905432219	0.0
168.0	30.523745528193675	16.573602619674055	20.12454808729723	32.778103764835045	0.0
169.0	29.200381679389313	18.03435114503817	20.948473282442748	31.81679389312977	0.0
170.0	32.09438618136953	16.737353485502776	20.180444170265268	30.98781616286243	0.0
171.0	29.12462821484808	18.500806749479988	21.276802550494743	31.097762485177192	0.0
172.0	29.603327186408755	19.280417467728647	20.025895554596463	31.09035979126614	0.0
173.0	31.215967368275148	18.291982654495772	18.44840900540562	32.04364097182346	0.0
174.0	29.066544359582824	16.820547590085148	21.949468562426468	32.163439487905556	0.0
175.0	30.004833642149357	18.690082977523563	19.022395875292034	32.28268750503504	0.0
176.0	28.83353312879696	16.717800759900033	21.68762825852856	32.76103785277445	0.0
177.0	29.695191992123398	18.388989169675092	20.325319986872334	31.590498851329173	0.0
178.0	27.86705322012839	17.935390349968937	21.836819217229237	32.36073721267343	0.0
179.0	29.841376135269744	17.791821872514962	20.1711798434688	32.195622148746494	0.0
180.0	30.086658050299807	17.664258321503485	21.058541856473926	31.190541771722778	0.0
181.0	32.319856013370185	15.825673330333611	20.918771828330225	30.935698827965975	0.0
182.0	31.56238470386527	17.44254183215053	20.12934869891703	30.86572476506717	0.0
183.0	30.46724047075356	17.77621640611277	21.702090286316526	30.05445283681714	0.0
184.0	30.991074996669777	17.66351405355002	19.14657430842325	32.198836641356955	0.0
185.0	28.546417669240437	20.261716645717364	20.342521098940562	30.849344586101633	0.0
186.0	29.963694122986155	19.493986839119582	19.473564783299295	31.06875425459496	0.0
187.0	29.41702801293964	17.97095464243926	20.767660082134583	31.844357262486522	0.0
188.0	30.653767631774315	19.084075723830736	19.2511135857461	31.011043058648852	0.0
189.0	30.23839103630951	16.73425376807857	20.798856098075525	32.22849909753639	0.0
190.0	29.65772257513985	18.42230018014601	20.45605385417654	31.463923390537595	0.0
191.0	31.61875945537065	17.06169104051101	19.030809499795883	32.288740004322456	0.0
192.0	27.971261568436432	18.57525572333171	21.43935703848027	32.01412566975158	0.0
193.0	31.26933401508373	16.198389364693853	20.046018151604244	32.48625846861818	0.0
194.0	30.011363049429264	17.938123030835186	20.435411394039566	31.61510252569599	0.0
195.0	30.214022525936183	17.320406616667103	20.200172472365225	32.26539838503149	0.0
196.0	32.13850474222434	16.92894611349547	20.229958141260003	30.702591003020185	0.0
197.0	29.644226386766405	18.011206734765008	19.791415319445562	32.55315155902303	0.0
198.0	31.09232237828992	17.531705986635757	20.804582026455748	30.57138960861857	0.0
199.0	30.4366548962191	17.81643843481756	18.84707030689289	32.89983636207045	0.0
200.0	29.361776432583454	18.35220162393411	19.58033817409272	32.705683769389715	0.0
201.0	31.30794213167995	16.14112784174786	19.802184824328315	32.748745202243875	0.0
202.0	30.02676128333885	18.47129927534053	20.73849114472141	30.76344829659921	0.0
203.0	30.594056265660186	18.310127184496814	19.8452218592407	31.250594690602302	0.0
204.0	31.519820253570856	18.093403948001928	20.39480019258546	29.99197560584176	0.0
205.0	31.432287432937734	18.55308079986994	18.962770281255082	31.051861485937245	0.0
206.0	30.517810026385224	17.54617414248021	20.850923482849602	31.08509234828496	0.0
207.0	31.017543859649123	18.45279866332498	19.93316624895572	30.596491228070178	0.0
208.0	30.995597697257026	19.1432441584829	20.42668472739587	29.434473416864204	0.0
209.0	29.894288852278965	18.77402526084569	20.356260296540363	30.975425590334982	0.0
210.0	29.63569239342435	16.21969908052382	22.878935636667595	31.265672889384227	0.0
211.0	29.029964810009595	20.06895816301141	21.039348807450324	29.861728219528665	0.0
212.0	30.054542034982134	17.961256347564415	20.872672559714125	31.11152905773933	0.0
213.0	30.155886724854213	16.823569767885047	20.665472424438768	32.355071082821965	0.0
214.0	29.6408818259718	17.9208537820363	20.10594375632936	32.33232063566254	0.0
215.0	33.03148625072693	18.41405665863587	20.042369361136494	28.512087729500706	0.0
216.0	31.781295729679393	17.161101503259278	20.01685069398253	31.0407520730788	0.0
217.0	29.535904379493882	16.897002521243813	21.56130357643104	32.005789522831265	0.0
218.0	28.28151361773921	19.272113762352376	19.980718245360325	32.46565437454809	0.0
219.0	28.32816464617987	18.235128277417537	22.650126867775587	30.786580208627008	0.0
220.0	31.617134086786663	16.27598716338775	22.205943909585603	29.90093484023999	0.0
221.0	30.485436893203882	17.39357729648992	22.55414488424197	29.566840926064224	0.0
222.0	28.72503840245776	20.207373271889402	20.74500768049155	30.32258064516129	0.0
223.0	24.848222029488294	20.884648742411102	22.766695576756288	31.500433651344316	0.0
224.0	29.64879445117252	17.95662226136739	21.28151491797864	31.11306836948145	0.0
225.0	28.14364516492176	17.831813576494426	22.92018462231228	31.10435663627153	0.0
226.0	30.788600206020373	19.846629277784135	20.65926519400252	28.70550532219297	0.0
227.0	29.969704031694246	18.259147051969236	17.862969004893962	33.90817991144255	0.0
228.0	29.912301493244847	17.219720312870347	22.30386347475705	30.564114719127755	0.0
229.0	29.756279532454617	18.080079582193484	18.73911962198458	33.424521263367325	0.0
230.0	31.527701590784424	15.277015907844213	20.54306088864509	32.65222161272627	0.0
231.0	27.563268257411423	16.963123644251628	22.863340563991326	32.610267534345624	0.0
232.0	33.198309263825294	14.934836209933074	20.00704473406129	31.859809792180343	0.0
233.0	28.933259382510627	18.15492697356258	22.53651321870956	30.375300425217233	0.0
234.0	24.619640387275243	21.138773628400184	23.78976486860304	30.45182111572153	0.0
235.0	29.29547088425593	18.22429906542056	25.26959022286125	27.21063982746226	0.0
236.0	24.674267100977197	23.208469055374593	22.39413680781759	29.723127035830622	0.0
237.0	29.957805907172997	20.253164556962027	23.459915611814345	26.329113924050635	0.0
238.0	28.608470181503886	18.582541054451166	20.224719101123593	32.58426966292135	0.0
239.0	28.45744680851064	19.060283687943265	19.060283687943265	33.42198581560284	0.0
240.0	26.840215439856372	16.337522441651707	22.082585278276483	34.73967684021544	0.0
241.0	31.747483989021042	15.55352241537054	23.055809698078683	29.643183897529735	0.0
242.0	29.40074906367041	17.696629213483146	23.127340823970037	29.775280898876407	0.0
243.0	29.914529914529915	16.619183285849953	22.22222222222222	31.24406457739791	0.0
244.0	29.91202346041056	19.452590420332356	20.332355816226784	30.303030303030305	0.0
245.0	24.392935982339957	21.08167770419426	22.185430463576157	32.33995584988962	0.0
246.0	33.744855967078195	14.609053497942387	21.193415637860085	30.45267489711934	0.0
247.0	36.034115138592746	15.13859275053305	18.336886993603414	30.49040511727079	0.0
248.0	31.004366812227076	15.502183406113538	27.292576419213976	26.200873362445414	0.0
249.0	27.659574468085108	17.494089834515368	25.53191489361702	29.314420803782504	0.0
250.0	25.0	18.859649122807017	26.75438596491228	29.385964912280706	0.0
