# Position (bp)	A	C	G	T	N
0.0	26.71228118921923	23.327660461239233	24.927063073075857	25.032995276465687	0.0
1.0	27.17331214152443	20.421878239237095	15.809204616128808	36.59560500310967	0.0
2.0	27.70014455840848	19.974874371859297	17.784126110002067	34.540854959730154	0.0
3.0	25.323395870812988	20.908078471686796	16.004454724578085	37.76235757731517	0.0017133556069562237
4.0	32.43579051282487	16.426395247902235	14.853709597807772	36.282402600718264	0.0017020407468554797
5.0	34.52176719379002	15.10709493316121	20.868649465799262	29.4922969782413	0.0101914290082041
6.0	31.80571080174779	17.305151915455745	21.300342106154524	29.582020797344445	0.006774379297496866
7.0	34.24421550413781	18.425941563925015	19.920621516635702	27.407532511400102	0.0016889039013680122
8.0	26.18405528400472	25.801449519635934	20.234282824877802	27.778526883532784	0.0016854879487611663
9.0	27.735407512163913	19.335993400340083	17.30895499772716	35.61964408976884	0.0
10.0	26.987676322735755	17.62470788009213	23.756283730392237	31.631332066779873	0.0
11.0	27.12049447411737	19.62612113272196	20.44072693069972	32.80929826329403	0.0033591991669186068
12.0	26.768626397609374	20.44790652385589	20.449585333915323	32.328845314441125	0.0050364301782896284
13.0	27.120548818329727	21.578691356782233	19.084520035559134	32.2162397893289	0.0
14.0	30.366158439423675	19.394823797782585	20.159680638722556	30.077659806437545	0.0016773176336402824
15.0	29.42853788221876	18.531005216457842	19.65480803099683	32.383971552692934	0.0016773176336402824
16.0	29.946829031013607	18.27605293614452	19.154967376172024	32.61711870376893	0.005031952900920848
17.0	29.666716986195674	18.75744309699928	21.114074372263875	30.45505627400661	0.0067092705345611296
18.0	32.08708633153861	18.123417031483253	18.63164427447626	31.156175044868245	0.0016773176336402824
19.0	30.45505627400661	18.77757090860296	19.960079840319363	30.807292977071064	0.0
20.0	30.11791542964491	17.73931129337963	21.08220533722471	31.06056793975075	0.0
21.0	29.27590197755749	18.136835572552375	19.552491655344774	33.034770794545366	0.0
22.0	28.719032523188915	19.154967376172024	20.570623458964423	31.553699324040995	0.0016773176336402824
23.0	30.124624700179474	17.066706922289875	19.955047887418438	32.85362049011221	0.0
24.0	30.649625119508883	18.04458310270216	19.165031281973867	32.14076049581509	0.0
25.0	29.235646354350127	17.688991764370417	19.269024975259565	33.80465958838626	0.0016773176336402824
26.0	30.374545027591875	17.239470638554824	21.60888307418776	30.77710125966554	0.0
27.0	28.942115768463072	18.490749593250474	20.55217296499438	32.01496167329207	0.0
28.0	29.971988795518207	17.79466277528976	20.857444774316914	31.375903654875124	0.0
29.0	29.787483855817776	18.46726714637951	19.07277881212365	32.66911555041178	0.0033546352672805648
30.0	29.740338164251206	18.094135802469136	19.2481884057971	32.91733762748256	0.0
31.0	30.062903631636335	18.381279879225026	19.448125471777235	32.106013587184435	0.0016774301769688837
32.0	29.53954541642204	18.70502390338002	18.827476306298752	32.92795437389919	0.0
33.0	29.741654084885088	17.55074651904043	19.96812615332998	32.73779567186714	0.0016775708773695687
34.0	28.396946564885496	18.80211391661773	19.32891535944971	33.47202415904706	0.0
35.0	30.143010608298642	17.533906270981603	20.24137236471062	32.08171075600913	0.0
36.0	31.292071645599368	18.12459082439442	18.648335599536686	31.935001930469525	0.0
37.0	28.668323148210327	19.69142435027869	19.35397219797193	32.28628030353905	0.0
38.0	30.595110155830195	18.303331542181624	19.30413756045137	31.79574153680817	0.0016792047286405159
39.0	30.71186212920348	18.485235327711898	19.20583196156818	31.597070581516444	0.0
40.0	28.785866769763498	19.781143366223464	19.48025751794389	31.94768956648905	0.005042779580104554
41.0	30.06158713064549	17.24103116376119	21.087702766372754	31.607996230732986	0.0016827084875816111
42.0	28.293627409714624	19.137974576984597	20.31484131660914	32.25187305328731	0.0016836434043269635
43.0	30.34177236511867	18.62987855205754	20.711843279936666	30.31650580288713	0.0
44.0	28.935130581297386	18.92839090143218	20.058972198820555	32.07750631844987	0.0
45.0	29.656160458452725	18.457778526883533	20.45002528231923	31.436035732344514	0.0
46.0	29.78468697836753	17.435802323424777	20.015511979632098	32.76231263383298	0.0016860847426191639
47.0	30.075885328836428	19.541315345699832	19.124789207419898	31.256323777403033	0.0016863406408094434
48.0	29.71523044739861	18.486402591267968	18.997570686281126	32.79910925163641	0.0016870234158850126
49.0	27.63228941684665	19.23596112311015	20.403617710583152	32.72813174946004	0.0
50.0	29.010959320488354	18.55485570509465	19.280974011719213	33.153210962697784	0.0
51.0	31.01017613847662	17.69836708475608	18.95432570404679	32.33713107272051	0.0
52.0	28.611797353548347	19.00571931368236	20.753663406545062	31.627127821584487	0.0016921046397509224
53.0	30.340961059638545	19.25337488778604	19.700536933213638	30.689882958722205	0.01524416063957723
54.0	30.05797985962771	19.22320550639135	18.96212660631336	31.754992710134612	0.001695317532973926
55.0	28.919056507721024	18.225012726964195	18.686577295095876	34.16935347021891	0.0
56.0	30.33452199015113	17.72117507216845	21.2888436067244	30.65545933095602	0.0
57.0	27.64052198735812	19.59491606062666	19.52355060150887	33.23931217290831	0.0016991775980425474
58.0	29.968202145930046	18.09076841979969	22.13776802870309	29.803261405567177	0.0
59.0	27.21901551139943	21.87771364356132	21.40096371592515	29.488685702610205	0.01362142650389062
60.0	30.277967257844473	18.5112551159618	20.903819918144613	30.306957708049115	0.0
61.0	28.839418427841657	20.911995352889925	20.0867916146999	30.16179460456852	0.0
62.0	31.269588449879258	16.237647502098	21.276267790165956	31.2113583037901	0.005137954066690644
63.0	25.682665704318534	21.12697839872145	25.170559021154475	28.019796875805536	0.0
64.0	26.08171004999138	22.303051198069298	17.579727633166694	34.03206343733839	0.0034476814342354768
65.0	27.48532950198203	19.025775069674047	18.947878620021118	34.53582371167928	0.005193096643528536
66.0	27.18033356497568	19.166087560806115	18.60145934676859	35.05211952744961	0.0
67.0	33.29204898300945	14.569305376269057	18.19942085615602	33.93922478456547	0.0
68.0	34.756592650121796	16.22303809086737	22.59858085925089	26.421788399759947	0.0
69.0	31.97561902005824	17.527898858724157	20.81788420843206	29.67859791278554	0.0
70.0	31.34258719234807	17.42680508573428	23.966717212955402	27.263890508962245	0.0
71.0	25.5685174246899	20.754577672770232	24.296121283717266	29.380783618822605	0.0
