# Position (bp)	A	C	G	T	N
0.0	41.833810888252145	15.524876269861942	19.588434488147954	23.052878353737952	0.0
1.0	23.026829903620737	25.709820265694187	31.28418859077885	19.979161239906226	0.0
2.0	27.242094349403835	20.99533437013997	16.329704510108865	35.43286677034733	0.0
3.0	38.10139679255044	18.33936885669943	17.977237454733576	25.581996896016555	0.0
4.0	32.36814891416753	17.166494312306103	15.382626680455017	35.082730093071355	0.0
5.0	27.81799379524302	20.01034126163392	25.10341261633919	27.06825232678387	0.0
6.0	23.552223371251294	23.086866597724924	18.355739400206826	35.00517063081696	0.0
7.0	40.17580144777663	16.75284384694933	18.304033092037226	24.767321613236813	0.0
8.0	31.127197518097212	24.819027921406413	17.76111685625646	26.292657704239918	0.0
9.0	33.341948823985526	23.391057120703024	15.404497286120444	27.862496769191004	0.0
10.0	31.190291763490833	16.16318099664343	17.712367673638006	34.93415956622773	0.0
11.0	29.821843532145625	17.041053446940357	17.50580945003873	35.631293570875286	0.0
12.0	24.103225806451615	15.587096774193549	16.387096774193548	43.92258064516129	0.0
13.0	32.33548387096774	22.78709677419355	16.87741935483871	28.000000000000004	0.0
14.0	23.92258064516129	25.574193548387097	24.0258064516129	26.47741935483871	0.0
15.0	29.44516129032258	28.103225806451615	17.13548387096774	25.31612903225807	0.0
16.0	23.826714801444044	17.74110366168128	16.529138731304798	41.90304280556988	0.0
17.0	35.068281370780724	22.05617108992528	17.263591857768617	25.611955681525377	0.0
18.0	24.909840288511077	27.202472952086552	17.078825347758887	30.808861411643484	0.0
19.0	32.86118980169972	26.191089363893898	15.58073654390935	25.36698429049704	0.0
20.0	32.18420375611011	16.69668124517623	18.394648829431436	32.72446616928222	0.0
21.0	23.567206373682858	25.931637111282445	20.123361603700847	30.37779491133385	0.0
22.0	23.79239465570401	15.673175745118192	21.685508735868446	38.84892086330935	0.0
23.0	23.53545734840699	16.855087358684482	18.602261048304214	41.007194244604314	0.0
24.0	30.369989722507707	16.906474820143885	24.33196300102775	28.391572456320656	0.0
25.0	25.552131484334872	14.997431946584488	20.313302516692346	39.13713405238829	0.0
26.0	34.017971758664956	14.35173299101412	22.798459563543002	28.831835686777918	0.0
27.0	23.157894736842106	26.418485237483953	14.634146341463413	35.78947368421053	0.0
28.0	24.210526315789473	21.309370988446727	13.401797175866495	41.078305519897306	0.0
29.0	36.49897330595483	13.552361396303903	14.296714579055442	35.65195071868583	0.0
30.0	32.90455364033959	16.439413429379986	19.98970928736815	30.666323642912275	0.0
31.0	27.483702737940025	14.55019556714472	15.593220338983052	42.3728813559322	0.0
32.0	25.18248175182482	15.980187695516163	25.67778936392075	33.15954118873827	0.0
33.0	33.15954118873827	22.70594369134515	14.80709071949948	29.3274244004171	0.0
34.0	26.57634184471079	22.45961438249088	17.222511724856695	33.74153204794163	0.0
35.0	24.191866527632953	29.744525547445257	17.231491136600628	28.832116788321166	0.0
36.0	26.336375488917863	21.851368970013038	16.427640156453716	35.38461538461539	0.0
37.0	32.59452411994785	16.401564537157757	16.714471968709258	34.289439374185136	0.0
38.0	30.263501174015133	18.053743803809027	24.002087138012	27.68066788416384	0.0
39.0	33.95142334813267	14.938626273178377	15.173674588665447	35.9362757900235	0.0
40.0	22.854893728680135	21.306743636840725	26.948307530831805	28.890055103647338	0.0
41.0	25.735294117647058	15.231092436974789	33.77100840336135	25.262605042016805	0.0
42.0	30.926752428458915	14.36072459963245	25.571016014702018	29.141506957206616	0.0
43.0	32.66171792152704	16.14528101802757	15.509013785790032	35.68398727465535	0.0
44.0	29.36023360764534	21.422882930714096	13.007698433766922	36.209185027873644	0.0
45.0	31.50224215246637	13.565022421524663	16.56390134529148	38.36883408071749	0.0
46.0	31.549453628467354	14.317736060521154	16.05491734379378	38.07789296721771	0.0
47.0	38.79551820728292	16.5266106442577	17.22689075630252	27.450980392156865	0.0
48.0	27.32378545352429	25.83543948329121	16.315641673687168	30.525133389497334	0.0
49.0	36.08536927829262	16.961527660769445	18.197135636057286	28.75596742488065	0.0
50.0	25.715889949466593	30.123526108927567	15.721504772599662	28.439079169006177	0.0
51.0	26.128399215026633	16.063919259882255	17.129240257919818	40.678441267171294	0.0
52.0	25.52594670406732	18.457223001402525	18.59747545582048	37.41935483870968	0.0
53.0	35.944959281100815	18.028643639427127	17.382757652344846	28.64363942712721	0.0
54.0	28.297806611059624	21.62496138399753	17.82514674080939	32.252085264133456	0.0
55.0	29.02627511591963	18.76352395672334	18.423493044822255	33.78670788253478	0.0
56.0	26.668726823238565	21.22991347342398	19.870210135970336	32.23114956736712	0.0
57.0	31.1495673671199	18.41779975278121	19.561186650185412	30.871446229913474	0.0
58.0	31.572443620636392	19.184430027803522	16.991041087426627	32.252085264133456	0.0
59.0	27.55637936360828	21.06889094840902	20.14210688909484	31.23262279888786	0.0
60.0	30.460302749459377	17.85603954278653	19.616929255483473	32.066728452270624	0.0
61.0	29.533518690145193	17.54711152301514	20.821748532591904	32.09762125424776	0.0
62.0	28.01977139326537	17.701575532900833	23.632993512511586	30.645659561322212	0.0
63.0	31.809759110562077	18.159357628165534	20.660901791229154	29.36998147004324	0.0
64.0	27.300802964793082	17.356392835083383	24.397776405188388	30.945027794935143	0.0
65.0	31.448872412727834	18.134074760580784	19.987642879209144	30.429409947482238	0.0
66.0	30.510046367851622	16.816074188562595	20.927357032457497	31.746522411128286	0.0
67.0	28.09891808346213	20.463678516228747	17.465224111282843	33.97217928902628	0.0
68.0	24.86805339956535	20.459484632101834	20.52157714995343	34.15088481837938	0.0
69.0	25.527950310559007	20.527950310559007	21.39751552795031	32.546583850931675	0.0
70.0	27.77260018639329	19.54022988505747	20.192606399502953	32.49456352904629	0.0
71.0	29.779297482126204	18.433322971712776	21.572894000621698	30.214485545539322	0.0
72.0	28.691327323593406	18.588747280074603	20.049735778675785	32.670189617656206	0.0
73.0	30.951628201074925	17.831172937085046	20.486879544736013	30.730319317104016	0.0
74.0	28.106228264306036	18.621561808409737	22.004426177679417	31.267783749604806	0.0
75.0	29.28526249209361	18.374446552814675	22.51739405439595	29.82289690069576	0.0
76.0	30.211958241062952	19.803859538120847	19.01297057893072	30.971211641885475	0.0
77.0	27.025316455696203	20.79113924050633	18.955696202531648	33.22784810126582	0.0
78.0	28.860759493670884	18.259493670886076	19.303797468354432	33.57594936708861	0.0
79.0	29.050632911392405	19.272151898734176	18.417721518987342	33.25949367088607	0.0
80.0	28.069620253164558	17.753164556962027	20.474683544303797	33.70253164556962	0.0
81.0	25.759493670886073	18.037974683544302	19.968354430379748	36.234177215189874	0.0
82.0	29.610882632078457	16.29231255931667	21.986713065485606	32.11009174311927	0.0
83.0	29.84508378122036	18.14732848561492	21.751501738855517	30.256085994309203	0.0
84.0	26.12270714737508	19.892473118279568	21.884882985452244	32.09993674889311	0.0
85.0	29.83233154065169	17.74754824422651	21.259095223030684	31.161024992091114	0.0
86.0	30.148687124327743	18.34862385321101	19.772223979753242	31.730465042708005	0.0
87.0	32.23663397658969	18.15881050300538	21.132552989560267	28.47200253084467	0.0
88.0	32.2682695349573	18.032268269534956	17.114837076874405	32.58462511863334	0.0
89.0	30.771663504111324	16.413662239089184	17.773561037318153	35.04111321948134	0.0
90.0	30.36053130929791	16.382036685642	18.943706514864008	34.31372549019608	0.0
91.0	28.74762808349146	18.690702087286528	17.04617330803289	35.51549652118912	0.0
92.0	28.589500316255535	17.10942441492726	17.836812144212523	36.46426312460468	0.0
93.0	30.04427577482606	17.20430107526882	19.987349778621123	32.764073371284	0.0
94.0	31.319202783929136	16.67193925972793	18.79152167035748	33.217336285985446	0.0
95.0	30.55028462998102	16.824794433902593	20.43010752688172	32.19481340923466	0.0
96.0	29.127134724857683	18.27956989247312	19.54459203036053	33.048703352308664	0.0
97.0	30.771663504111324	17.33080328905756	18.627450980392158	33.270082226438966	0.0
98.0	30.37013603290098	19.455868396077193	19.58241062954761	30.591584941474213	0.0
99.0	28.205128205128204	19.056663501107945	19.848053181386515	32.890155112377336	0.0
100.0	30.120481927710845	16.582117945466074	19.720989220038046	33.576410906785036	0.0
101.0	31.408629441624363	17.73477157360406	20.368020304568528	30.488578680203045	0.0
102.0	30.123927550047664	17.667619955513185	20.781696854146805	31.426755640292342	0.0
103.0	26.528662420382165	21.24203821656051	18.980891719745223	33.2484076433121	0.0
104.0	27.77777777777778	18.837803320561942	19.25287356321839	34.13154533844189	0.0
105.0	28.72680742162508	18.170185540627	18.58605246321177	34.51695457453614	0.0
106.0	32.521627683434794	18.583787247677026	16.629285485421338	32.26529958346684	0.0
107.0	31.023419955085018	18.735964068014116	18.63971767725377	31.600898299647096	0.0
108.0	33.96590543583146	17.240270183338694	17.07944676744934	31.714377613380506	0.0
109.0	28.971962616822427	18.24041250402836	18.82049629390912	33.96712858524009	0.0
110.0	26.098191214470283	18.92764857881137	19.670542635658915	35.30361757105943	0.0
111.0	32.28626943005181	18.134715025906736	19.397668393782382	30.181347150259068	0.0
112.0	27.487844408427875	18.833063209076176	20.777957860615885	32.90113452188007	0.0
113.0	29.805194805194805	17.5	18.181818181818183	34.51298701298701	0.0
114.0	29.583875162548768	17.88036410923277	19.505851755526656	33.02990897269181	0.0
115.0	27.752442996742673	20.94462540716612	18.11074918566775	33.192182410423456	0.0
116.0	30.0	19.052287581699346	18.986928104575163	31.960784313725487	0.0
117.0	29.161205766710353	19.46264744429882	19.757536041939712	31.61861074705111	0.0
118.0	27.03058204537981	17.494245314041436	20.388030253206182	35.08714238737258	0.0
119.0	25.016458196181702	20.24358130348914	23.337722185648452	31.40223831468071	0.0
120.0	27.602108036890645	19.894598155467722	20.948616600790515	31.554677206851117	0.0
121.0	30.165016501650165	18.976897689768975	18.58085808580858	32.27722772277228	0.0
122.0	28.09917355371901	18.214876033057852	18.710743801652892	34.97520661157025	0.0
123.0	30.043060616098042	16.19741636303412	19.60914210003312	34.15038092083471	0.0
124.0	29.43321179980113	18.296320848525024	19.754723235001656	32.51574411667219	0.0
125.0	27.860696517412936	18.673300165837478	18.640132669983416	34.82587064676617	0.0
126.0	30.249584026622294	17.437603993344425	19.600665557404326	32.712146422628955	0.0
127.0	30.766666666666666	17.5	21.266666666666666	30.466666666666665	0.0
128.0	31.354236157438294	17.34489659773182	20.513675783855902	30.787191460973983	0.0
129.0	30.85177733065057	16.566063044936286	18.947015425888665	33.63514419852448	0.0
130.0	30.577956989247312	18.783602150537636	16.22983870967742	34.40860215053764	0.0
131.0	31.018206338503035	18.577208361429534	20.128118678354685	30.276466621712743	0.0
132.0	29.344151453684926	16.801893171061526	21.29817444219067	32.55578093306288	0.0
133.0	26.77725118483412	19.194312796208532	21.022342586323628	33.00609343263371	0.0
134.0	26.496598639455783	19.761904761904763	19.79591836734694	33.945578231292515	0.0
135.0	28.537333787930447	18.17251960450051	19.843163995908625	33.44698261166042	0.0
136.0	28.032899246058946	17.20356408498972	20.150788211103496	34.61274845784784	0.0
137.0	29.003436426116842	15.532646048109966	18.79725085910653	36.666666666666664	0.0
138.0	27.99586776859504	16.735537190082646	19.318181818181817	35.9504132231405	0.0
139.0	28.26011760636458	18.125216188170185	21.307506053268767	32.307160152196474	0.0
140.0	30.25356026398055	17.054532823897187	20.736366794025702	31.955540118096557	0.0
141.0	31.33495991634716	18.647612408504706	18.99616591146741	31.021261763680723	0.0
142.0	34.41649196366178	18.029350104821802	16.3172606568833	31.236897274633122	0.0
143.0	34.70319634703196	19.14295749912188	18.229715489989463	27.92413066385669	0.0
144.0	31.48996125396266	19.091229306093695	16.484677703416693	32.93413173652694	0.0
145.0	30.505478967833156	19.05266878755744	17.956875220926122	32.48497702368328	0.0
146.0	27.49822820694543	21.013465627214742	18.993621545003545	32.49468462083628	0.0
147.0	28.617134731603272	18.414504088162104	19.232136509065057	33.736224671169566	0.0
148.0	27.954302034987506	18.529096751160303	19.957158157800787	33.55944305605141	0.0
149.0	30.526692941597993	19.168756718022216	17.950555356503045	32.35399498387675	0.0
150.0	29.238505747126435	18.354885057471265	18.929597701149426	33.47701149425287	0.0
151.0	29.71119133574007	18.4115523465704	21.227436823104693	30.64981949458484	0.0
152.0	29.379760609357998	18.208197315923105	16.575988393180992	35.836053681537905	0.0
153.0	29.04987258827812	18.674918092464505	19.330178376410633	32.94503094284674	0.0
154.0	30.84795321637427	17.945906432748536	19.956140350877195	31.25	0.0
155.0	28.78676470588235	20.772058823529413	18.198529411764707	32.24264705882353	0.0
156.0	30.834564254062037	17.872968980797637	19.387001477104874	31.90546528803545	0.0
157.0	29.60624071322437	19.46508172362556	20.468053491827636	30.460624071322435	0.0
158.0	29.334828101644245	20.328849028400597	18.684603886397607	31.651718983557547	0.0
159.0	33.23330832708177	15.566391597899475	20.4801200300075	30.720180045011254	0.0
160.0	27.20422004521477	18.764129615674456	20.798794272795778	33.232856066314994	0.0
161.0	29.871601208459214	18.089123867069485	20.58157099697885	31.457703927492446	0.0
162.0	31.13885735906167	18.274687854710557	20.128641695043513	30.45781309118426	0.0
163.0	29.465301478953354	16.53394008342814	18.733409177095183	35.267349260523325	0.0
164.0	27.220739611132288	17.956538314906595	20.320243995425084	34.50247807853602	0.0
165.0	29.136276391554706	16.429942418426105	22.072936660268713	32.36084452975048	0.0
166.0	27.321772639691716	18.921001926782274	20.423892100192678	33.33333333333333	0.0
167.0	30.182099961255325	16.73769856644711	21.73576133281674	31.344440139480824	0.0
168.0	28.96794370602033	18.686473807662235	19.390148553557466	32.95543393275997	0.0
169.0	25.294579732914375	17.91044776119403	22.152395915161037	34.642576590730556	0.0
170.0	27.2763106030745	16.436736302719748	19.74773354355538	36.53921955065037	0.0
171.0	31.40134974196109	15.56173084557364	17.427550615323543	35.60936879714172	0.0
172.0	27.45411013567438	20.47086991221069	16.75977653631285	35.31524341580207	0.0
173.0	30.818619582664525	16.89406099518459	17.81701444622793	34.47030497592296	0.0
174.0	30.669895076674734	20.581113801452787	18.321226795803067	30.42776432606941	0.0
175.0	28.646677471636956	17.05834683954619	20.94813614262561	33.34683954619125	0.0
176.0	29.57689178193653	15.541090317331163	19.243287225386492	35.63873067534581	0.0
177.0	27.466230045026606	20.957838722881704	19.0749079001228	32.501023331968895	0.0
178.0	28.92358258011504	20.131470829909613	19.186524239934265	31.758422350041084	0.0
179.0	30.041322314049584	17.93388429752066	19.958677685950413	32.06611570247934	0.0
180.0	31.486880466472307	16.826322365680966	18.700541441066225	32.986255726780506	0.0
181.0	29.68553459119497	18.57442348008386	17.861635220125784	33.878406708595385	0.0
182.0	30.847029077117572	18.373367045933417	19.174041297935105	31.605562579013906	0.0
183.0	30.093378607809846	21.64685908319185	19.269949066213922	28.98981324278438	0.0
184.0	31.64179104477612	19.445628997867804	17.526652452025587	31.385927505330493	0.0
185.0	28.620541469703483	20.79931241942415	20.49849591749033	30.081650193382035	0.0
186.0	30.532698137721958	17.843222174101342	20.18189692507579	31.442182763100913	0.0
187.0	28.221930974224552	22.76103101791175	18.34862385321101	30.668414154652684	0.0
188.0	30.18867924528302	17.200526546731023	20.53532250987275	32.075471698113205	0.0
189.0	29.51833848873177	20.01767565178966	19.133893062306672	31.330092797171893	0.0
190.0	31.834372217275153	18.388245770258237	17.76491540516474	32.01246660730187	0.0
191.0	27.101123595505616	19.146067415730336	19.59550561797753	34.157303370786515	0.0
192.0	31.75033921302578	18.136589778380824	17.367706919945725	32.74536408864767	0.0
193.0	28.62351868732908	18.732907930720145	19.78122151321787	32.86235186873291	0.0
194.0	29.160935350756535	19.944979367262725	19.899128839981657	30.994956441999083	0.0
195.0	29.879740980573544	20.397779833487512	18.45513413506013	31.267345050878813	0.0
196.0	28.678537956888473	22.071227741330834	18.556701030927837	30.693533270852857	0.0
197.0	29.47867298578199	19.952606635071092	19.431279620853083	31.137440758293838	0.0
198.0	27.153920619554693	22.12003872216844	20.90997095837367	29.816069699903196	0.0
199.0	27.95156407669021	23.20887991927346	19.677093844601412	29.162462159434916	0.0
200.0	22.332361516034986	19.416909620991255	21.516034985422742	36.734693877551024	0.0
201.0	31.920415224913494	15.916955017301039	22.058823529411764	30.103806228373703	0.0
202.0	29.242819843342037	18.97302001740644	21.148825065274153	30.63533507397737	0.0
203.0	30.438596491228072	19.473684210526315	20.175438596491226	29.912280701754383	0.0
204.0	29.629629629629626	19.576719576719576	23.633156966490297	27.160493827160494	0.0
205.0	28.230088495575224	17.787610619469028	24.778761061946902	29.20353982300885	0.0
206.0	29.270462633451956	22.24199288256228	22.508896797153024	25.97864768683274	0.0
207.0	28.661275831087153	19.227313566936207	22.731356693620842	29.380053908355798	0.0
208.0	27.264492753623188	17.844202898550723	22.916666666666664	31.974637681159418	0.0
209.0	28.284671532846716	20.164233576642335	18.97810218978102	32.57299270072993	0.0
210.0	29.944547134935306	18.576709796672827	18.946395563770796	32.53234750462107	0.0
211.0	29.636533084808946	18.266542404473437	22.087604846225535	30.00931966449208	0.0
212.0	25.98870056497175	18.267419962335214	25.235404896421848	30.508474576271187	0.0
213.0	29.714285714285715	21.047619047619047	17.71428571428571	31.523809523809526	0.0
214.0	30.931796349663788	21.613832853025936	20.557156580211338	26.89721421709894	0.0
215.0	27.65335929892892	19.961051606621226	18.792599805258035	33.59298928919182	0.0
216.0	30.383480825958703	19.567354965585054	20.45231071779744	29.5968534906588	0.0
217.0	26.984126984126984	21.23015873015873	22.22222222222222	29.563492063492063	0.0
218.0	27.17948717948718	19.076923076923077	19.17948717948718	34.56410256410257	0.0
219.0	23.825503355704697	24.720357941834454	23.2662192393736	28.187919463087248	0.0
220.0	18.092105263157894	25.32894736842105	19.736842105263158	36.84210526315789	0.0
