# Position (bp)	A	C	G	T	N
0.0	31.42800139657838	10.579081250935209	37.283655045139405	20.689311187590402	0.019951119756596337
1.0	27.472042377869332	19.59485972140475	27.231704924465372	25.701392976260546	0.0
2.0	29.90488829904888	21.181154611811547	26.538376465383767	22.375580623755805	0.0
3.0	28.44451432839341	18.0981956837926	31.404536341837336	22.05275364597665	0.0
4.0	28.880638834407396	18.20537965816755	27.241524236480807	25.672457270944243	0.0
5.0	29.81625486015302	17.549855763200803	26.55838454784899	26.075504828797193	0.0
6.0	23.359940491517182	21.334363287843676	26.409750236031243	28.89308499985695	0.0028609847509512773
7.0	22.015181132746058	21.941560254880557	26.389276738341245	29.653981874032137	0.0
8.0	24.63565674908041	17.304558364762304	27.317595567351123	30.74218931880616	0.0
9.0	26.392784706339274	18.720062141285116	26.179174038751995	28.707979113623615	0.0
10.0	27.84610784411442	21.612678162065187	24.570915977274993	25.9702980165454	0.0
11.0	27.39650717440305	18.922831644340192	26.265828583994576	27.414832597262183	0.0
12.0	28.683329038907495	19.4571845744224	23.6640041226488	28.195482264021297	0.0
13.0	28.107312285293634	19.77915916898413	23.99149353836087	28.12203500736136	0.0
14.0	27.925685933856098	17.918016622059447	25.660891205334085	28.49540623875037	0.0
15.0	26.744847831296433	17.295710520009585	26.74784327821711	29.211598370476878	0.0
16.0	25.234320718063614	18.144435148816697	26.54169561703274	30.079548516086952	0.0
17.0	25.23884700182368	18.174147363836795	24.940798606385584	31.646207027953942	0.0
18.0	26.051976163465422	20.37710753823886	25.044008919140946	28.52690737915477	0.0
19.0	25.261510895761567	19.193448663108352	23.889919370102586	31.65512107102749	0.0
20.0	26.031231037856177	18.36464279964831	26.312335145443512	29.291791017052	0.0
21.0	27.98660670642292	18.201925896959626	25.359272656173626	28.452194740443836	0.0
22.0	27.502803332650082	19.719787308438935	23.564874543328067	29.212534815582913	0.0
23.0	27.109598853868196	19.77196752626552	23.878939828080227	29.239493791786053	0.0
24.0	26.061360939097327	16.565808490887513	23.767669764873155	33.605160805142006	0.0
25.0	27.355004677268475	18.18171188026193	26.368101028999064	28.095182413470532	0.0
26.0	25.096733344276906	20.519194240555308	24.94782262035973	29.436249794808056	0.0
27.0	25.9575485799701	18.258893871449924	23.87085201793722	31.91270553064275	0.0
28.0	26.627574439451106	18.690971137439618	24.755473312345295	29.92598111076398	0.0
29.0	25.941061562983116	19.7979459031914	23.58735903550927	30.673633498316217	0.0
30.0	26.137573734400615	19.714754059131103	24.638357442837144	29.509314763631146	0.0
31.0	23.768486265623682	19.05697445972495	28.334156953969654	28.84038232068172	0.0
32.0	25.117840221987958	19.881978019314893	21.695929816908404	33.30425194178875	0.0
33.0	24.467035977354357	18.752054544347722	24.826200767029892	31.954708711268033	0.0
34.0	27.721278292338837	18.410108568975037	23.069373734895418	30.79923940379071	0.0
35.0	26.362529809220987	18.23206478537361	22.95931041335453	32.446094992050874	0.0
36.0	26.17081270756313	18.22043987718529	23.67065605614387	31.938091359107712	0.0
37.0	25.84289298598195	19.042328768833244	26.40711013468812	28.707668110496687	0.0
38.0	27.337823289351793	19.575123306877646	23.333166420470196	29.75388698330037	0.0
39.0	26.20713081548952	18.827214855446243	23.23050600105679	31.735148328007444	0.0
40.0	24.40105915293104	18.867111781175964	24.259163066475782	32.47266599941721	0.0
41.0	27.654974799805558	19.731624325223223	24.297080870877785	28.31632000409343	0.0
42.0	25.358312725766147	18.439349016662998	22.755933037274882	33.44640522029597	0.0
43.0	28.131842352205194	20.020070899801897	23.399541236575956	28.448545511416956	0.0
44.0	28.478832500657376	18.778595845385222	22.691296344990796	30.05127530896661	0.0
45.0	29.261044707125407	19.088687842567523	22.076206828237467	29.574060622069602	0.0
46.0	25.30736473949086	21.34666470878776	24.48505559931118	28.860914952410194	0.0
47.0	27.91150012156577	20.14885052813572	23.017802631223493	28.921846719075017	0.0
48.0	29.358817798877624	21.11935895500885	21.69015244027936	27.831670805834168	0.0
49.0	24.807317106919978	19.947695415738423	23.18698197013934	32.05800550720226	0.0
50.0	29.030623020063356	19.859204505455825	22.078141499472018	29.032030975008798	0.0
51.0	26.225175025003573	23.799114159165597	21.32876125160737	28.646949564223462	0.0
52.0	28.03358809623947	18.496657143271502	23.785767116731687	29.68398764375734	0.0
53.0	25.826464462761432	21.548209204775453	23.435804171188877	29.189522161274233	0.0
54.0	26.67298915298441	20.458182680339043	23.62485922589058	29.243968940785965	0.0
55.0	26.075976007576557	20.85506832428857	23.36555373491078	29.703401933224093	0.0
56.0	25.284636541032217	22.795507275325356	22.520473856460214	29.39938232718221	0.0
57.0	26.66043327364067	20.123294401039605	22.18506838243451	31.031203942885217	0.0
58.0	25.25397259832885	20.7283499428461	23.172282774942442	30.8453946838826	0.0
59.0	25.79761045099455	21.30243550187094	22.33145145407996	30.568502593054554	0.0
60.0	27.504544620670103	18.80222144393856	23.80880905922183	29.884424876169508	0.0
61.0	26.652165785851444	21.651061226570597	23.41155878804357	28.285214199534387	0.0
62.0	26.775408646369698	20.418495351971526	24.079897708815704	28.726198292843076	0.0
63.0	26.69746851009258	19.573810234878696	22.727192874584965	31.001528380443755	0.0
64.0	24.357788372589482	21.458051661566927	24.686899594392656	29.497260371450935	0.0
65.0	26.278196858715063	19.99016070842899	23.379250027331366	30.35239240552458	0.0
66.0	27.588963670843714	20.308258654668503	21.200684192912654	30.902093481575132	0.0
67.0	27.34889851252118	17.96648465449068	24.549049143287515	30.135567689700622	0.0
68.0	27.955256240526488	20.363015407049254	23.148947600683055	28.53278075174121	0.0
69.0	29.604194791727807	19.46352057287081	21.177437342255093	29.75484729314629	0.0
70.0	27.01757890531362	19.6763883339992	23.098282061526167	30.207750699161007	0.0
71.0	27.797658761448414	19.910636663229614	21.631184165301956	30.660520410020016	0.0
72.0	28.417369239584183	18.31873618728002	22.57714659900139	30.686747974134406	0.0
73.0	26.83894555350132	19.616111676603172	22.700928561041984	30.844014208853526	0.0
74.0	27.851241406857696	19.917169466226586	21.737759370992496	30.493829755923223	0.0
75.0	28.748927038626608	19.32188841201717	22.55793991416309	29.371244635193133	0.0
76.0	29.663615259953573	19.298322456309407	21.446717182777803	29.59134510095922	0.0
77.0	28.04414087703295	19.351680868578548	23.38087080339066	29.223307450997844	0.0
78.0	28.605643119454392	18.512351451837322	22.405967017175705	30.476038411532585	0.0
79.0	28.702186431949062	19.87920782808184	22.760897045741842	28.657708694227257	0.0
80.0	26.38195118486778	20.091853886034894	22.364527354939515	31.15930020596103	0.0023673681967756443
81.0	30.07384093935359	18.83791308558286	22.43796150587096	28.647863454787554	0.00242101440503571
82.0	28.032977069088933	20.598326463110606	21.8793967368499	29.489299730950556	0.0
83.0	28.87900535732336	19.139795815222886	22.824219144849895	29.15697968260386	0.0
84.0	28.687066587610527	19.566394266711352	21.208527751282514	30.53801139439561	0.0
85.0	27.007050559589025	20.464969989253795	23.87492464550625	28.653054805650928	0.0
86.0	26.58349328214971	19.129878438899553	23.064619321817016	31.222008957133717	0.0
87.0	27.55397649631047	20.390817163159333	22.56627493850779	29.488931402022413	0.0
88.0	29.436378443651883	19.13842006234379	23.381729338088686	28.043472155915637	0.0
89.0	27.621350837795823	22.34410088098117	22.17999654517188	27.854551736051132	0.0
90.0	27.563064786742412	20.89600565154682	22.459011568009892	29.081917993700877	0.0
91.0	28.740492850623667	20.063888043808944	23.51080012169151	27.684818983875875	0.0
92.0	29.38616794741228	18.856278739622876	23.121315927537573	28.636237385427275	0.0
93.0	27.554870762845102	20.79114521099302	22.841330733916106	28.81265329224577	0.0
94.0	27.840307840307844	19.605579605579607	23.443963443963444	29.11014911014911	0.0
95.0	28.30133420110641	20.244061178001953	21.776765375854215	29.677839245037426	0.0
96.0	26.317355371900824	19.368595041322315	24.26115702479339	30.05289256198347	0.0
97.0	25.063393853331984	20.881090036176758	24.028806166954052	30.026709943537206	0.0
98.0	26.92693038521334	19.65451718776991	23.17498704439454	30.24356538262222	0.0
99.0	27.317090546413052	19.47709624563653	23.081855097243	30.123958110707417	0.0
100.0	29.440371633882556	18.91195470712056	23.7279523844088	27.919721274588085	0.0
101.0	27.959447004608297	19.848847926267283	23.229493087557604	28.96221198156682	0.0
102.0	30.101694915254235	19.887005649717516	22.278719397363464	27.732580037664782	0.0
103.0	27.50019158556211	20.98245076251054	24.542110506552227	26.975247145375125	0.0
104.0	27.36535096247327	20.742757145634844	22.418821699397242	29.473070192494653	0.0
105.0	25.451729478575114	20.71403041976093	23.20003176998531	30.634208331678646	0.0
106.0	24.676427762497976	20.478077980909237	23.976702798899854	30.86879145769293	0.0
107.0	27.299216152993804	20.162514876677474	22.497640251159353	30.04062871916937	0.0
108.0	26.42604745078243	20.885916203937406	23.645465253239102	29.042571092041058	0.0
109.0	27.911449207231076	20.620539339288005	22.783024915594684	28.684986537886235	0.0
110.0	27.896605472809142	20.458087980602702	23.15985452026325	28.485452026324904	0.0
111.0	26.37870855148342	19.716404886561957	25.25305410122164	28.651832460732983	0.0
112.0	27.90666725812891	19.979594552632747	23.47957237279865	28.629729849620727	0.004435966818968194
113.0	27.01151981497131	20.504381087933105	24.547435840412756	27.936663256682827	0.0
114.0	25.9538537950964	19.966586896645143	24.19289294261074	29.88666636564772	0.0
115.0	26.677352873826425	19.972521181589194	24.378291733455463	28.97183421112892	0.0
116.0	25.391878692032186	20.307921298665054	24.94069491604261	29.359505093260154	0.0
117.0	25.421060165084214	19.552459563910492	24.75308936495062	30.273390906054676	0.0
118.0	26.007700930935325	20.60730126236779	23.848515864892526	29.53648194180436	0.0
119.0	26.271901523800068	19.86399960291855	23.68094505385417	30.18315381942721	0.0
120.0	26.099824429395536	18.620516679207423	25.994482066716827	29.28517682468021	0.0
121.0	26.31472184187839	20.391500583193874	24.21522389573508	29.07855367919266	0.0
122.0	26.78498363338789	19.11313420621931	24.447626841243864	29.649140752864156	0.005114566284779051
123.0	25.769409817410644	19.552061242435215	25.624579734133345	29.053949206020796	0.0
124.0	26.314407269289354	18.677451546824937	23.88780923367824	31.12033195020747	0.0
125.0	25.147692798978127	20.03299803076268	23.817127042418438	31.00218212784076	0.0
126.0	24.2473555736371	20.15730946569026	24.05207485760781	31.543260103064824	0.0
127.0	25.530738611233968	20.140424590888987	24.618531623175585	29.710305174701457	0.0
128.0	25.40787221905305	20.758699372504278	23.308613804905875	30.524814603536793	0.0
129.0	24.473248106060606	20.99313446969697	23.656486742424242	30.877130681818183	0.0
130.0	27.371838059655783	18.643963986035402	23.892938078030255	30.09125987627856	0.0
131.0	24.79570990806946	20.81843718079673	24.170071501532174	30.215781409601632	0.0
132.0	26.451612903225808	18.877688172043012	23.971774193548388	30.698924731182796	0.0
133.0	26.187939484338372	18.694509553235314	25.847006179416155	29.270544783010155	0.0
134.0	25.315979536563347	17.995786939512488	24.977430033102618	31.710803490821547	0.0
135.0	25.892569958185913	19.23448054036668	24.71855902219363	30.154390479253777	0.0
136.0	24.30721861101608	21.390694491960318	24.640780020526858	29.661306876496752	0.0
137.0	24.86268766019773	19.14134016843647	25.51263273526181	30.48333943610399	0.0
138.0	23.840258168616376	18.858410649455426	25.56474384832594	31.736587333602255	0.0
139.0	22.897094166484596	21.608040201005025	26.949967227441558	28.544898405068825	0.0
140.0	21.431947069943288	21.90453686200378	24.574669187145556	32.088846880907376	0.0
141.0	22.96037296037296	21.535871535871536	26.28852628852629	29.215229215229215	0.0
142.0	23.65451388888889	22.59837962962963	23.683449074074073	30.06365740740741	0.0
143.0	25.654696565783286	19.021483456170614	24.19633056296064	31.127489415085464	0.0
144.0	23.23919107391911	21.321478382147838	24.77336122733612	30.66596931659693	0.0
145.0	21.180088410532385	21.814337881991158	24.197578320199884	32.80799538727657	0.0
146.0	18.890621519269324	21.38560926709735	24.23702383604366	35.48674537758966	0.0
147.0	16.319082377476537	24.009384775808133	26.876955161626693	32.79457768508863	0.0
148.0	19.22831632653061	22.64030612244898	23.309948979591837	34.82142857142857	0.0
149.0	20.952380952380953	27.81746031746032	20.27777777777778	30.952380952380953	0.0
150.0	20.50929112181693	22.436338609772882	23.60633172746043	33.37921541637991	0.06882312456985547
