# Position (bp)	A	C	G	T	N
0.0	26.451256916437433	23.91538257951808	23.86725459308572	25.76610591095877	0.0
1.0	26.92999417015712	20.280803273429537	15.801747037652266	36.98745551876108	0.0
2.0	29.18600059561818	19.459760445274114	18.175962250221705	33.178276708886	0.0
3.0	23.415031396008274	22.710709105469594	14.845598055830825	39.02866144269131	0.0
4.0	34.49217359533401	12.900138769726913	14.9771629817355	37.63052465320358	0.0
5.0	35.29794674025462	14.729114126234322	23.46081421527117	26.51212491823988	0.0
6.0	31.84970688155969	17.20426222096824	20.77250280083621	30.17352809663586	0.0
7.0	35.23582298385167	17.028226159067696	20.215932509334746	27.520018347745882	0.0
8.0	22.590794117501474	27.13080523834745	22.93332937338818	27.3450712707629	0.0
9.0	27.968465636750935	18.492547878211887	15.43835767874615	38.100628806291034	0.0
10.0	26.80340027290622	16.223565303620543	25.55540705761225	31.417627365860984	0.0
11.0	28.41291998105826	18.26323405420835	19.671836045070776	33.65200991966261	0.0
12.0	26.19340372135846	19.6511123320942	21.253405140338806	32.902078806208536	0.0
13.0	26.795843377569224	20.801014405950475	19.14227587947907	33.26086633700123	0.0
14.0	31.088935418244457	18.121055523381003	20.586154381761812	30.20385467661273	0.0
15.0	29.807002173019903	18.650747687144534	20.254772971394345	31.287477168441217	0.0
16.0	30.129275709531424	17.62093095010634	19.006070265926816	33.24372307443542	0.0
17.0	30.7196870323346	17.686897036476047	19.675861989311446	31.91755394187791	0.0
18.0	31.817103333118833	17.760634515211965	19.220385797656704	31.201876354012498	0.0
19.0	30.24144115603999	18.468755207740372	20.03928595588951	31.250517680330127	0.0
20.0	29.87029529641014	18.151514101529695	19.8546865125918	32.12350408946836	0.0
21.0	29.421468512661097	18.48764744608287	20.350884140254657	31.73999990100137	0.0
22.0	30.080832380471527	19.047880686852487	22.739292060804956	28.131994871871026	0.0
23.0	30.07033852581142	20.350158150309618	21.1534330249526	28.42607029892636	0.0
24.0	33.2118455159396	19.372761187257556	17.994667273858255	29.42072602294458	0.0
25.0	29.890524016242377	21.039947596725785	19.548170257841928	29.521358129189913	0.0
26.0	32.7430375089305	16.644969467172878	22.1204516317449	28.49154139215172	0.0
27.0	26.614263392452013	21.24769621940736	24.992401855234306	27.145638532906318	0.0
28.0	27.115806946073796	19.620224759887076	18.71343031899008	34.550537975049046	0.0
29.0	28.221473132597115	20.118484858984704	17.494097206753686	34.1659448016645	0.0
30.0	26.808604823034354	18.972153389346243	16.12800154454527	38.09124024307414	0.0
31.0	34.777742751406755	14.17760448476107	18.323149614029106	32.72150314980307	0.0
32.0	34.860337489770835	15.475108952483597	22.649128764090033	27.01542479365553	0.0
33.0	31.47793584649774	17.608036991910776	21.08518915170151	29.828838009889978	0.0
34.0	33.698789089070516	16.501962410472977	22.107599748287665	27.691648752168835	0.0
35.0	26.72360489753607	19.989281534144393	26.163761068823067	27.123352499496473	0.0
