# Position (bp)	A	C	G	T	N
0.0	28.728275152057	22.432979775402664	21.045840614459298	27.792904458081036	0.0
1.0	27.077747083893367	19.60258549072317	14.803420304342247	38.51624712104122	0.0
2.0	28.2303626140534	20.087539140096293	17.359011481094914	34.322750075755025	3.366890003703579E-4
3.0	24.580069633066643	21.484184833152593	15.7644696773847	38.170604370700396	6.714856956759679E-4
4.0	33.48193218671245	14.730028682256158	14.644684746193828	37.142350338530946	0.001004046306615661
5.0	35.480075673001714	15.172035750813887	21.393332486580075	27.945531482508972	0.009024607095346646
6.0	32.29866135974329	17.820043207794768	19.7346760917982	30.139941165274823	0.0066781753889202395
7.0	35.129156462494244	16.340578017710218	20.00407054725505	28.525527669711792	6.673028286966908E-4
8.0	25.036669111274083	25.731715447696512	21.2360824054937	27.99419961330755	0.0013334222281485431
9.0	29.6404483154862	18.914516961713325	16.769863606841305	34.67517111595917	0.0
10.0	26.863823384508862	17.59064459860721	24.43542695836274	31.110105058521192	0.0
11.0	28.840599962735237	18.85197902526019	20.560502009635602	31.745920838989594	9.981633793819372E-4
12.0	26.765362979906115	19.457558147266514	21.36288681729324	32.409870074604044	0.004321980930090296
13.0	27.9221253996424	21.175895830425333	18.847833456300226	32.05414531363204	0.0
14.0	31.29706807048329	18.260251118334033	20.050914940145034	30.390436499232287	0.0013293718053533803
15.0	29.44392377382068	19.04590985529788	19.434418765412403	32.0754152625177	3.323429513383451E-4
16.0	30.272454751507176	17.41277659242125	19.223048648361214	33.090390635905	0.0013293718053533803
17.0	29.95407020412504	18.220702307124768	19.91133090058293	31.9099084727512	0.003988115416060141
18.0	31.461245488444433	18.090756213151476	18.299799929543294	32.13856042327198	0.009637945588812006
19.0	30.4399555989817	18.264903919652767	19.406834300451322	31.88830618091421	0.0
20.0	29.696172073886483	18.274209522290242	18.550386514852406	33.479231888970865	0.0
21.0	29.778593125818393	17.44534620165241	19.180841093541247	33.59488723603661	3.323429513383451E-4
22.0	28.94208591729978	18.428748994662573	19.671711632667982	32.95645642651565	9.970288540150352E-4
23.0	29.98796918516155	17.157204862842065	20.13167427732025	32.722154645822116	9.970288540150352E-4
24.0	31.285103724235114	17.762069034277854	18.5520482296091	32.39845261121857	0.0023264006593684155
25.0	29.951411460514333	17.541060971637854	19.186158580762662	33.32103664413382	3.323429513383451E-4
26.0	32.02489913391427	17.635114026866606	19.412484130624076	30.927502708595057	0.0
27.0	29.513715793601737	18.28417981083039	19.60790178601102	32.59420260955685	0.0
28.0	30.003921646825795	17.896667929569883	19.648115283122962	32.447971710967984	0.0033234295133834505
29.0	29.520030309677164	18.257592374723323	18.94321588333433	33.27716737455715	0.0019940577080300704
30.0	29.60511010521978	18.32040519252627	19.453029970687354	32.620457702712585	9.970288540150352E-4
31.0	30.714803219738513	17.994044414312015	19.404175556840613	31.884650408449488	0.0023264006593684155
32.0	29.422321481983687	18.101058844642964	19.604578356497637	32.87204131687571	0.0
33.0	29.409790191197537	18.675409530962835	19.548145021652218	32.36466119185225	0.0019940643351623335
34.0	30.186910918203207	17.89977799343286	19.337503157279023	32.57580793108491	0.0
35.0	30.31337459365672	17.033511271247846	19.454619184056053	33.19849495103938	0.0
36.0	30.507708365188375	16.932808583907832	19.307144614116382	33.25167363599497	6.648007924425446E-4
37.0	28.765656995452492	18.567335053054276	18.94263755551419	33.72403797569343	3.3242028561550937E-4
38.0	29.963031177483597	18.268316522271057	18.933555855502437	32.834431537863125	6.649068797914853E-4
39.0	30.141313383208647	18.049210307564422	19.513549459684125	32.29592684954281	0.0
40.0	29.965242553757633	18.9556135770235	19.101628111955563	31.973857078711482	0.003658678551828508
41.0	30.15930581526115	18.208375200463145	19.64871537227919	31.98260545525929	9.981567372252574E-4
42.0	29.188271707658004	18.55260092521716	19.145338968948646	33.110127466968414	0.0036609312077744865
43.0	28.98559891342703	18.14816540942895	20.719455115614828	32.143118704101944	0.003661857427245551
44.0	29.425612679808204	18.449986680873735	20.09556473095365	32.028835908364414	0.0
45.0	30.15263489187668	18.62891703495982	18.946309685971112	32.27213838719239	0.0
46.0	30.65140481441259	17.319825972243503	18.337875022486358	33.69089419085755	0.0
47.0	29.524529911397085	17.84154107089899	18.938831001356203	33.69276548385054	0.0023325324971759697
48.0	29.99613335911094	17.58154945633696	18.78220811861254	33.639442403717304	6.666622222518516E-4
49.0	30.287551014964393	17.29840753287631	19.69010909866894	32.72193176665155	0.0020005868388060497
50.0	29.949997164615738	18.337263954260248	19.08347037690596	32.628934929599076	3.3357461897439144E-4
51.0	30.307531569302252	18.56138113819727	19.368180012617707	31.762907279882768	0.0
52.0	30.61523812705678	18.046205502564188	19.288041027011676	32.05051534336735	0.0
53.0	31.04001711962337	18.33839343034453	18.96700460089878	31.645556922747698	0.009027926385619516
54.0	30.131100805075388	18.20521057104807	19.183280130096968	32.478400824482854	0.002007669296713445
55.0	29.42844706355053	18.722292908323844	18.39985267528293	33.448737695037835	6.696578048617156E-4
56.0	29.378417497587648	18.441755119545405	20.43227993995926	31.746542296558378	0.0010051463493084593
57.0	28.474389880004424	18.579365052755808	20.01300874066673	32.9318952192878	0.0013411072852300503
58.0	29.93448089613226	18.697602329568138	21.63036221698129	29.737219078035835	3.3547928247691064E-4
59.0	29.11515273649386	20.41950056258082	20.814146808403446	29.64381077132349	0.00738912119838111
60.0	30.424891808398225	19.10027662051838	19.967828562582866	30.50666648718863	3.3652131189468233E-4
61.0	28.732099102469473	20.731505916691102	19.70960859849749	30.82611230759379	6.740747481488223E-4
62.0	30.16759776536313	17.03539075746624	20.927428343680127	31.869245370964585	3.3776252592327387E-4
63.0	26.704672403637176	19.303371090814302	24.811269016973938	29.178994834018297	0.0016926545562875347
64.0	26.740394110401134	18.927072269409447	18.478803077142345	35.8513551574711	0.002375385575980101
65.0	27.858610181481787	18.81581095420782	18.837917993088997	34.48153892199276	0.006121949228634397
66.0	26.930580947963	19.115821213196167	17.829904221355093	36.118236144841326	0.00545747264441837
67.0	32.680957988716656	14.608095525004108	18.269704770772854	34.440214712165194	0.0010270033411842034
68.0	33.334951523641756	15.161518509785427	22.59594712678752	28.907582839785288	0.0
69.0	32.19721207793172	16.772783997907116	20.389375775552125	30.640628148609046	0.0
70.0	34.02703766096347	14.883701386262668	22.274555643414583	28.81470530935928	0.0
71.0	27.26270053475936	18.403361344537817	24.60991214667685	29.724025974025974	0.0
