# Position (bp)	A	C	G	T	N
0.0	26.35061052749951	25.238260348042846	23.41183195734273	24.999297167114918	0.0
1.0	26.20629550842931	20.744815436084377	14.458678111909737	38.59021094357657	0.0
2.0	28.415361984802917	20.24716342955655	18.437005181250058	32.90046940439048	0.0
3.0	23.389852725008662	23.304652316795714	15.557969046972579	37.74752591122304	0.0
4.0	33.868778492328715	13.920638040944706	14.792140563715165	37.41844290301141	0.0
5.0	35.06929822098693	15.546010088248781	23.370485789419504	26.014205901344788	0.0
6.0	32.51792097924348	18.4160287484325	20.485129798424076	28.58092047389994	0.0
7.0	34.696474859864686	17.720215981508687	20.034437259617636	27.548871899008994	0.0
8.0	22.9281483630103	26.592310499377763	22.35644175797442	28.123099379637512	0.0
9.0	29.910083553991974	18.515676899613574	15.156675430635216	36.41756411575924	0.0
10.0	26.95733532934132	17.01440868263473	24.52750748502994	31.500748502994014	0.0
11.0	28.292354328056586	18.742749148609708	19.959956588451032	33.00493993488268	0.0
12.0	26.150247918420806	20.74188417999813	20.86163345495369	32.246234446627376	0.0
13.0	26.76931135764129	21.112004938918304	18.308607561783248	33.810076141657156	0.0
14.0	30.359180619212424	18.593209241418016	19.888691422691984	31.15891871667758	0.0
15.0	29.8102195242861	18.79378560137682	18.469222638968134	32.926772235368944	0.0
16.0	29.945568815233248	17.027047248512964	18.636601698402604	34.390782237851184	0.0
17.0	30.519316555845467	18.146620654827032	20.248950238008398	31.0851125513191	0.0
18.0	31.76866613679929	17.582869699378183	18.520734957221002	32.12772920660152	0.0
19.0	30.376291310241665	18.048894498200347	19.701771607535175	31.87304258402281	0.0
20.0	30.42677683478521	17.990802706845628	19.175047668897445	32.407372789471715	0.0
21.0	29.81477327950357	17.754476468169415	19.875892490000375	32.55485776232664	0.0
22.0	28.699300176590953	18.676595625402935	19.59598979696712	33.02811440103899	0.0
23.0	29.74530981388743	17.984341131624188	20.120150982883622	32.15019807160475	0.0
24.0	31.47852399764647	18.301532599254713	17.88032463833086	32.33961876476796	0.0
25.0	29.389790619921925	17.89443209622892	19.07861558863632	33.63716169521284	0.0
26.0	31.023533806499813	17.542958535674263	20.410907732536423	31.0225999252895	0.0
27.0	28.526203727914535	18.067124873930744	19.72937133465317	33.677300063501555	0.0
28.0	30.042766168039293	17.357648421013316	20.186938577324593	32.4126468336228	0.0
29.0	29.094457309329947	18.143534772540523	20.16135056397998	32.60065735414955	0.0
30.0	29.721376683037963	17.913499785243424	19.224448635828868	33.140674895889745	0.0
31.0	29.786558607682394	17.81759444268081	20.177027506489143	32.21881944314766	0.0
32.0	29.71615312791783	18.169000933706815	19.666666666666664	32.44817927170868	0.0
33.0	30.943554787805223	18.149306690321676	19.764694897054017	31.142443624819087	0.0
34.0	30.21635805062984	17.873584148060996	19.83733460328132	32.072723198027845	0.0
35.0	30.10719554783648	18.540721235550077	19.535174706332757	31.81690851028069	0.0
36.0	30.531043691813505	17.740986637532565	18.78495858662259	32.94301108403134	0.0
37.0	28.487519726582562	19.63413609240912	19.286761478769996	32.59158270223833	0.0
38.0	30.428245928582097	18.240138951142985	19.512923950395937	31.818691169878978	0.0
39.0	28.559555493299715	19.04094877900733	20.142877153662976	32.25661857402998	0.0
40.0	30.698330282768666	18.460274177281384	19.352097418848754	31.48929812110119	0.0
41.0	30.531171790370177	17.63662171753016	20.89574539613761	30.93646109596205	0.0
42.0	30.574699762798602	18.963971535832354	19.258138622737714	31.203190078631327	0.0
43.0	29.846564750049026	18.4028912692261	19.470307524210646	32.280236456514224	0.0
44.0	29.48674847313274	18.95276517061691	20.528193347154517	31.032293009095834	0.0
45.0	29.38709948543626	19.848525882276032	19.449762329451538	31.31461230283617	0.0
46.0	30.250562668683866	18.01380289319101	19.25307483260023	32.48255960552489	0.0
47.0	29.844320548380164	18.71702201178569	19.974037859897834	31.464619579936308	0.0
48.0	30.490287635412777	18.70377288008965	19.312663429211803	31.49327605528577	0.0
49.0	29.373091398100502	18.86235653383887	19.150923132955427	32.6136289351052	0.0
50.0	30.284550947413642	18.47853494083918	19.97366479580878	31.263249315938403	0.0
51.0	30.598694470644265	19.113211247350186	19.165507129983283	31.122587152022263	0.0
52.0	29.88391964961104	18.981892212437316	19.046329414181788	32.087858723769855	0.0
53.0	31.761299962644753	18.581434441539034	19.03156518490848	30.62570041090773	0.0
54.0	30.219092624068438	18.406208558247258	19.86869384934347	31.506004968340832	0.0
55.0	29.819007060405696	17.84620269714969	18.719414247823977	33.61537599462064	0.0
56.0	29.690681211125014	18.831835926555467	20.297177652838226	31.180305209481297	0.0
57.0	28.470425613389494	18.74492149922013	19.394969599043606	33.38968328834677	0.0
58.0	29.853645779824223	18.229366109704955	19.103568726708943	32.81341938376187	0.0
59.0	29.304080622414002	17.72815153128415	20.744020099563826	32.22374774673803	0.0
60.0	29.60174842156387	18.624612395860574	19.936862554638175	31.836776627937386	0.0
61.0	30.680788665041515	17.547890573192486	19.081509708873885	32.68981105289212	0.0
62.0	29.354516330895606	18.39502367676315	19.975342542520107	32.27511744982114	0.0
63.0	29.7122362632744	18.237178589107756	19.88007509316596	32.17051005445188	0.0
64.0	28.141928494041167	18.92255389098517	19.907908992416033	33.02760862255762	0.0
65.0	30.238075223925204	17.770181288352152	20.946696928091757	31.045046559630883	0.0
66.0	29.723065427544014	18.046046794003644	20.666884602811376	31.564003175640963	0.0
67.0	29.09661510872002	17.734252409773593	19.574273331838903	33.594859149667485	0.0
68.0	29.44379582496614	18.578433661794236	19.823471722785225	32.15429879045439	0.0
69.0	29.822627798585877	17.680244342116325	19.90697066213351	32.59015719716429	0.0
70.0	28.688448031084214	18.27318239557648	19.931069266980497	33.10730030635881	0.0
71.0	30.001027432446314	17.496240531275976	21.064233208484723	31.438498827792984	0.0
72.0	30.078832825839235	18.11567129326932	20.05940483084568	31.746091050045766	0.0
73.0	30.27526363475028	17.4825566732984	18.93686776697397	33.305311924977346	0.0
74.0	29.312261234249632	18.139191675773624	21.183250670178683	31.36529641979806	0.0
75.0	30.12824704135103	17.88266283077555	19.65271485816232	32.33637526971109	0.0
76.0	28.381811728222083	18.36107530497487	19.340918007061592	33.916194959741446	0.0
77.0	28.82362831362439	17.75859814306264	22.11231295185787	31.3054605914551	0.0
78.0	29.74396816649075	17.812940769870256	18.695648112687635	33.74744295095136	0.0
79.0	30.638170677028842	17.361941413839485	19.01714990285458	32.98273800627709	0.0
80.0	31.30884770587356	17.76360035869078	20.10069496338365	30.826856972052006	0.0
81.0	30.266402630399043	18.740659094305784	19.203033926169482	31.789904349125692	0.0
82.0	30.15394100173744	17.95449025725335	18.826013040147963	33.065555700861246	0.0
83.0	29.562544955208264	18.221221660703776	20.551886484012293	31.664346900075664	0.0
84.0	31.249591316288498	17.893340557304462	18.804121400080334	32.0529467263267	0.0
85.0	29.628487888723853	17.469570009995422	19.02866911414399	33.87327298713673	0.0
86.0	30.05100515656528	17.742508033779238	19.903220984978702	32.30326582467678	0.0
87.0	29.764217920932666	18.898998580076228	19.988229579254167	31.348553919736936	0.0
88.0	29.782245182022848	17.93978345960186	18.779601483460535	33.49836987491476	0.0
89.0	29.969079002681063	18.82724410772838	19.95385204629742	31.249824843293133	0.0
90.0	31.027492596709855	18.327463637467652	19.08507478023672	31.559968985585773	0.0
91.0	30.047549207357516	18.007977804142104	20.183657645707026	31.760815342793354	0.0
92.0	29.146348298862172	18.337910804700783	20.67148702426994	31.844253872167105	0.0
93.0	30.31687311996712	18.416381742428488	19.781215552192517	31.485529585411882	0.0
94.0	30.64505581764678	17.111495165584568	20.309215750385352	31.9342332663833	0.0
95.0	30.355741564216583	18.330779866223235	21.06049848660364	30.252980082956544	0.0
96.0	29.97300150406846	18.64110684491279	19.41929878646899	31.96659286454976	0.0
97.0	30.101921657651598	18.519660323421427	19.835953775585512	31.542464243341463	0.0
98.0	28.742794682312056	18.26717364698848	21.039060529339775	31.95097114135969	0.0
99.0	30.32726389446837	18.19990844458562	19.216360392006653	32.25646726893936	0.0
100.0	29.792988563834765	18.585172291163644	19.925318659104946	31.696520485896645	0.0
101.0	29.843329551740627	18.532304490094415	20.922208575152123	30.702157383012835	0.0
102.0	30.436988527994135	18.14756701399002	19.832194901957102	31.58324955605874	0.0
103.0	29.945784153159767	17.419664539447677	19.577003444965268	33.05754786242729	0.0
104.0	30.371111257890714	17.973372083148547	20.160597854291886	31.49491880466885	0.0
105.0	30.903671461014383	17.82361847085541	19.211771385314155	32.06093868281605	0.0
106.0	29.16220087071165	17.578321366580987	20.361184091965363	32.898293670742	0.0
107.0	29.516846668694857	18.108267417097657	20.440371159111653	31.934514755095833	0.0
108.0	29.310361257492445	19.553264277342073	20.220318470730614	30.91605599443486	0.0
109.0	28.89453233151619	18.630361933494363	20.182732974995943	32.29237275999351	0.0
110.0	29.458862242799338	17.789533092912695	21.539329819493204	31.212274844794763	0.0
111.0	28.76613853983955	18.884128399037678	20.068819430466498	32.28091363065628	0.0
112.0	28.85439280705462	17.664406063284087	18.930472037040595	34.5507290926207	0.0
113.0	30.412470393406636	17.25462633109318	20.731355067300843	31.601548208199343	0.0
114.0	29.897693272850113	18.268506900878293	19.027120934272755	32.80667889199884	0.0
115.0	29.31711753550834	17.388443825225433	20.3036108208522	32.990827818414026	0.0
116.0	30.041331936197462	17.90371405285831	20.422439554468895	31.632514456475334	0.0
117.0	30.53314780036393	18.50399447293392	19.10827405684704	31.854583669855106	0.0
118.0	30.227658453795282	17.889818770605334	19.787947952634557	32.09457482296483	0.0
119.0	30.602588667735503	17.695420951785085	19.826574903218237	31.875415477261175	0.0
120.0	29.825489677337174	18.228049031423616	19.738969399453246	32.20749189178596	0.0
121.0	29.88962862585675	17.126220075021113	19.860955635420964	33.123195663701175	0.0
122.0	29.67387667539215	17.858056643508043	20.366470507193608	32.1015961739062	0.0
123.0	28.116368084602637	18.63309920290427	19.56041354273538	33.690119169757715	0.0
124.0	29.128413138108428	17.522754254056196	19.184804115552037	34.164028492283336	0.0
125.0	28.853060819525744	17.981942653040978	20.3661077487846	32.798888778648674	0.0
126.0	29.95072910964017	18.091872791519435	19.38685114218882	32.57054695665157	0.0
127.0	30.02484856347361	17.65545321185147	18.44781302703404	33.871885197640886	0.0
128.0	29.676773741619133	17.55028519963975	21.518062643850698	31.254878414890424	0.0
129.0	29.932232317654737	18.03523919481954	19.347422318156717	32.68510616936901	0.0
130.0	29.867750961170714	17.7670645544395	19.482074920992773	32.88310956339701	0.0
131.0	30.216553310863993	17.730933015802538	20.867222345556925	31.185291327776543	0.0
132.0	30.57422175444278	18.191110391450433	18.896490304821274	32.33817754928551	0.0
133.0	30.172422541786336	17.93032059023514	20.180236865339925	31.717020002638602	0.0
134.0	31.069502391370712	17.155795257962755	20.189274447949526	31.585427902717004	0.0
135.0	29.813816756491917	18.28556263269639	20.451576024824433	31.449044585987263	0.0
136.0	27.845430616864164	18.913548889275802	20.052438062659387	33.18858243120065	0.0
137.0	30.948634891254052	17.736644557560798	23.208391176924266	28.106329374260884	0.0
138.0	30.724458204334365	19.862745098039216	19.67595459236326	29.736842105263158	0.0
139.0	30.976622784757684	18.90788942173242	20.001657223942743	30.113830569567153	0.0
140.0	28.940343004352474	21.453873082156917	20.353807639170224	29.25197627432038	0.0
141.0	31.913740450058892	16.94339347320805	20.846752759450922	30.296113317282135	0.0
142.0	26.43514793023086	19.996446748252115	24.777660497246227	28.790744824270796	0.0
143.0	28.021217712177123	19.079168064407916	18.94288829251929	33.95672593089567	0.0
144.0	28.14189260248617	19.472898218454873	18.666260017247545	33.71894916181141	0.0
145.0	27.275702611963936	19.67313499018138	16.82256804408877	36.228594353765914	0.0
146.0	33.575132830644904	13.900289523082307	19.825437731326822	32.69913991494597	0.0
147.0	34.369173399627094	16.185894001414457	22.485587535629325	26.95934506332912	0.0
148.0	32.51848449052807	16.807761298508115	20.833880211751325	29.839873999212497	0.0
149.0	33.088398241132765	17.201441617971238	23.239674819506163	26.47048532138983	0.0
150.0	28.044791513186972	17.68822749373803	25.959923382937973	28.307057610137026	0.0
