# Position (bp)	A	C	G	T	N
0.0	24.900309345115403	24.24332080830794	29.48936687804702	21.36700296852964	0.0
1.0	28.592726280527696	20.91580618755979	13.330440414081943	37.16102711783058	0.0
2.0	37.08800736339505	22.49122720511493	14.470550528833115	25.950214902656903	0.0
3.0	18.60030930393467	33.84955206807974	13.07129603607779	34.47884259190781	0.0
4.0	36.47671714640219	11.975283280881518	14.984839645354523	36.563159927361774	0.0
5.0	33.82544821126321	18.28751253019572	28.633099436346605	19.253939822194468	0.0
6.0	33.498481621706894	18.20755771152127	19.073723510543196	29.22023715622864	0.0
7.0	44.64820949676605	15.487951569648208	18.998461902508282	20.865377031077458	0.0
8.0	23.648248935163274	28.940224535941528	26.468915969921646	20.942610558973552	0.0
9.0	29.025345743282326	15.385411736867013	15.57882420991744	40.010418309933215	0.0
10.0	34.442702581900406	14.624907977073146	23.423285744334017	27.50910369669243	0.0
11.0	29.15269890098333	25.4254417100489	21.35161960351265	24.07023978545512	0.0
12.0	24.672661303044645	27.730451701109534	17.53398275227428	30.06290424357154	0.0
13.0	28.851816795498763	14.8331098490824	24.53429825945207	31.780775095966767	0.0
14.0	32.66961797339223	15.525089393700373	27.570068885733818	24.23522374717358	0.0
15.0	35.38314402902666	21.277672608718515	16.83838802124415	26.500795341010676	0.0
16.0	35.68501209444182	18.150207708892044	17.8560629962665	28.30871720039964	0.0
17.0	29.659153651995585	21.431482357890307	22.450143292843244	26.45922069727086	0.0
18.0	33.19874980280802	15.803951727401799	20.319319556186567	30.677978913603614	0.0
19.0	33.43669479939002	16.494123678813693	20.780584477046855	29.288597044749437	0.0
20.0	24.732969185465635	21.916410317084715	27.113733764526476	26.236886732923175	0.0
21.0	26.77768575485092	25.462250880790872	17.440973865488772	30.319089498869435	0.0
22.0	35.89830809275911	18.680654151548616	18.527501708997214	26.89353604669506	0.0
23.0	37.81172766472104	16.25272782247463	22.48399458379345	23.451549929010884	0.0
24.0	39.985769311668506	19.958786874901406	14.19519377399169	25.860250039438398	0.0
25.0	34.93453226060893	15.75941920387022	16.521401903559973	32.78464663196088	0.0
26.0	25.528310196140296	16.86155807961298	29.552341326181836	28.057790398064892	0.0
27.0	28.492598727454382	22.37833254456539	17.440645212178577	31.68842351580165	0.0
28.0	30.603045958878898	21.19189409475732	20.508295209549352	27.696764736814426	0.0
29.0	26.241816532576117	23.345394909817532	17.971255981490245	32.4415325761161	0.0
30.0	24.953152838658045	16.42927478288934	14.824450760257799	43.79312161819481	0.0
31.0	31.847487882377397	14.262994479841357	17.648009872274155	36.241507765507095	0.0
32.0	30.74647525327949	12.544789019151978	26.69064373558478	30.018091991983752	0.0
33.0	34.796959782075874	23.136289081913215	17.500080568149627	24.56667056786128	0.0
34.0	37.54392240390365	10.775328661525148	25.757633239571987	25.923115694999215	0.0
35.0	24.107171538212537	17.295408663765734	29.994539124332526	28.602880673689207	0.0
