# Position (bp)	A	C	G	T	N
0.0	29.560505719446116	16.49608669476219	21.794099939795302	32.14930764599639	0.0
1.0	25.185631145896046	20.810756572345976	26.81115793698575	27.192454344772226	0.0
2.0	30.292116846738697	20.448179271708682	17.9671868747499	31.292517006802722	0.0
3.0	37.6898481215028	19.06474820143885	17.306155075939248	25.939248601119104	0.0
4.0	26.233766233766232	21.958041958041957	19.420579420579422	32.387612387612386	0.0
5.0	34.36563436563437	17.042957042957045	18.121878121878122	30.46953046953047	0.0
6.0	29.010989010989015	18.84115884115884	22.337662337662337	29.810189810189808	0.0
7.0	28.006392329204953	18.25809029165002	25.169796244506593	28.565721134638434	0.0
8.0	29.984019176987616	18.977227327207352	22.033559728326008	29.005193767479025	0.0
9.0	24.790251697962447	24.510587295245706	17.039552536955654	33.65960846983619	0.0
10.0	24.33080303635637	19.81622053535757	20.435477427087495	35.41749900119856	0.0
11.0	23.24745356500899	18.83363291392051	19.073297383662872	38.84561613740763	0.0
12.0	25.704014379868184	18.47413620930697	22.36868384262033	33.45316556820451	0.0
13.0	32.0223597524456	20.922339788380913	19.54481932521461	27.510481133958876	0.0
14.0	30.904372130165704	18.66640047913755	21.64104611698942	28.788181273707323	0.0
15.0	24.595727690157716	21.66101018167299	22.279896186863645	31.46336594130565	0.0
16.0	24.99500898382911	16.610101816729888	26.452385705729686	31.94250349371132	0.0
17.0	24.715512078259135	21.042124176482332	22.239968057496505	32.00239568776203	0.0
18.0	29.706528249151525	18.985825514074666	21.181872629267318	30.12577360750649	0.0
19.0	25.29446995408265	25.713715312437614	20.922339788380913	28.069474945098822	0.0
20.0	23.16440542697526	27.932960893854748	19.333599361532322	29.569034317637673	0.0
21.0	27.579325483935342	19.896228297744962	17.76092596288166	34.76352025543804	0.0
22.0	25.059808612440193	17.723285486443384	21.96969696969697	35.24720893141946	0.0
23.0	27.00278995615783	22.63850139497808	16.97887604623356	33.37983260263053	0.0
24.0	27.589641434262944	17.01195219123506	16.83266932270916	38.56573705179283	0.0
25.0	31.34833698466441	17.108145787691694	18.382792272455685	33.16072495518821	0.0
26.0	28.94684451522994	17.818037029663547	15.38920963567589	37.84590881943062	0.0
27.0	27.732430818236114	21.521003384431616	19.55006967947442	31.19649611785785	0.0
28.0	33.127612980290664	16.36472227752339	14.652598048974715	35.85506669321123	0.0
29.0	31.793748755723673	16.981883336651403	16.523989647620944	34.70037826000399	0.0
30.0	26.670656293636547	17.693995611410333	19.549172152403752	36.08617594254937	0.0
31.0	29.916067146282977	15.767386091127097	19.764188649080737	34.55235811350919	0.0
32.0	28.651460584233696	17.90716286514606	20.548219287715085	32.89315726290516	0.0
33.0	28.064903846153843	18.58974358974359	20.352564102564102	32.99278846153847	0.0
34.0	35.74152117198474	14.348785871964681	17.338952438290185	32.570740517760385	0.0
35.0	28.623115577889447	18.35175879396985	18.35175879396985	34.67336683417086	0.0
36.0	31.795285109812614	15.051380213580495	15.494660487608304	37.65867418899859	0.0
37.0	29.49989876493217	17.493419720591213	22.39319700344199	30.61348451103462	0.0
38.0	28.29040762522815	18.677752991279657	17.33928209288177	35.692557290610424	0.0
39.0	26.87779131140885	21.55907429963459	20.259845716605763	31.303288672350792	0.0
40.0	28.577235772357724	17.621951219512194	22.804878048780488	30.99593495934959	0.0
41.0	29.363406408094434	15.999156829679595	21.521922428330523	33.11551433389545	0.0
42.0	33.11173064550719	13.85374222603474	22.882264636500107	30.152262491957966	0.0
43.0	32.567625590382136	16.616573636753973	20.352082438814943	30.46371833404895	0.0
44.0	30.286083028608303	19.617121961712197	14.884921488492148	35.21187352118736	0.0
45.0	33.87931034482759	15.926724137931034	18.426724137931032	31.767241379310345	0.0
46.0	31.66522864538395	13.718723037100949	23.813632441760138	30.802415875754964	0.0
47.0	32.656587473002155	16.825053995680346	21.814254859611232	28.704103671706267	0.0
48.0	29.65606748864374	18.472853125675968	19.035258490157904	32.83582089552239	0.0
49.0	28.119584055459274	21.100519930675908	18.630849220103986	32.14904679376083	0.0
50.0	25.677727174148774	20.429407937540663	21.036651485577966	32.8562134027326	0.0
51.0	28.63359442993908	16.405570060922543	17.602262837249782	37.3585726718886	0.0
52.0	29.88152698551996	17.288284335234753	24.06757349714787	28.762615182097413	0.0
53.0	31.97891500109818	18.4493740390951	19.39380628157259	30.17790467823413	0.0
54.0	29.413057814904377	18.487579687843482	20.641899318531546	31.457463178720594	0.0
55.0	29.237194987909433	19.38887667619257	17.52033413937129	33.85359419652671	0.0
56.0	25.731895223420647	18.64406779661017	22.826326216156726	32.79771076381246	0.0
57.0	30.428067078552516	20.05736981465137	18.137687555163286	31.376875551632832	0.0
58.0	30.130329136293348	21.0293792798763	16.346366246962667	32.49392533686768	0.0
59.0	25.53050397877984	20.932802829354554	19.76127320954907	33.775419982316535	0.0
60.0	27.991120976692564	19.267480577136514	21.53163152053274	31.209766925638178	0.0
61.0	25.939097577239384	17.781729273171816	22.73838630806846	33.54078684152034	0.0
62.0	27.894033837934106	19.479073909171863	24.04274265360641	28.584149599287624	0.0
63.0	27.530093624609897	17.030762371823453	20.731163620151584	34.70798038341507	0.0
64.0	26.91877377489371	21.97359588274782	20.161109867979413	30.946520474379057	0.0
65.0	25.639300134589504	17.990130103185283	22.454015253476893	33.91655450874832	0.0
66.0	26.522814115531578	16.520566419420092	20.409080692290402	36.54753877275792	0.0
67.0	27.765287769784173	22.97661870503597	18.41276978417266	30.845323741007196	0.0
68.0	26.996625421822273	19.595050618672666	18.987626546681664	34.4206974128234	0.0
69.0	33.693693693693696	21.306306306306304	17.25225225225225	27.74774774774775	0.0
70.0	27.22147045557059	18.042399639152006	19.17004961659901	35.56608028867839	0.0
71.0	29.306331471135938	21.019553072625698	21.298882681564248	28.375232774674114	0.0
72.0	29.979035639413	19.892848823666434	19.543442813883065	30.584672723037503	0.0
73.0	31.756756756756754	15.284249767008387	21.03914259086673	31.919850885368128	0.0
74.0	28.727865796831313	18.59273066169618	21.7381174277726	30.941286113699906	0.0
75.0	29.188054129724684	19.272048530097994	23.728418105459635	27.811479234717684	0.0
76.0	30.385064177362892	18.64644107351225	20.233372228704784	30.73512252042007	0.0
77.0	33.232205367561264	19.39323220536756	17.852975495915985	29.52158693115519	0.0
78.0	30.343377715487037	18.009810791871057	20.205559448726934	31.441252043914975	0.0
79.0	31.058658565085302	18.99976630053751	19.046506193035757	30.895068941341435	0.0
80.0	33.88642206122926	15.727973825660202	18.205188128067306	32.18041598504324	0.0
81.0	30.01893939393939	17.826704545454543	20.170454545454543	31.983901515151516	0.0
82.0	31.72314347512617	14.924297043979811	23.383801970680125	29.96875751021389	0.0
83.0	32.17976447969238	17.159336697909154	20.76423936553713	29.89665945686133	0.0
84.0	28.640076886112446	17.755886592984144	20.83133109082172	32.772705430081686	0.0
85.0	30.305215092525835	17.303532804614274	20.78827204998798	31.602980052871903	0.0
86.0	30.088920932468156	19.92309540975727	19.00985340062485	30.978130257149722	0.0
87.0	32.85267964431627	15.380918048546022	19.466474405191057	32.299927901946646	0.0
88.0	31.699110790675316	17.59192501802451	19.25018024513338	31.458783946166786	0.0
89.0	30.60096153846154	15.913461538461537	19.302884615384617	34.18269230769231	0.0
90.0	29.254807692307693	15.841346153846153	20.16826923076923	34.73557692307692	0.0
91.0	28.894230769230766	17.860576923076923	17.52403846153846	35.72115384615385	0.0
92.0	30.33653846153846	18.197115384615383	16.971153846153847	34.49519230769231	0.0
93.0	29.862947823996155	17.961048328925223	19.98076460687665	32.19523924020197	0.0
94.0	29.935080548208703	16.855013224332772	19.860543399855736	33.34936282760279	0.0
95.0	32.24332772301034	17.071411396970426	18.27362346717961	32.411637412839625	0.0
96.0	29.06948785765809	18.369800432796346	19.211348881942776	33.34936282760279	0.0
97.0	29.591346153846153	17.1875	19.08653846153846	34.13461538461539	0.0
98.0	30.233117039173273	20.475847152126892	16.96707522230233	32.3239605863975	0.0
99.0	27.305475504322768	20.14889529298751	18.51585014409222	34.029779058597505	0.0
100.0	31.209425342630443	17.263765328203895	21.663861505169514	29.862947823996155	0.0
101.0	29.05242905242905	21.284271284271284	21.043771043771045	28.619528619528616	0.0
102.0	28.265576136636998	19.41303824873707	20.086600914120762	32.23478470050517	0.0
103.0	27.14148219441771	19.87487969201155	21.2223291626564	31.76130895091434	0.0
104.0	27.000964320154292	17.189006750241077	21.311475409836063	34.49855351976856	0.0
105.0	27.726833976833976	17.784749034749034	19.184362934362934	35.30405405405405	0.0
106.0	32.04633204633205	19.522200772200772	18.677606177606176	29.753861003861005	0.0
107.0	31.521739130434785	20.217391304347824	20.193236714975846	28.067632850241548	0.0
108.0	32.551957467375544	18.608023199613342	18.92218463025616	29.917834702754952	0.0
109.0	28.402223833695917	18.709209572153735	18.153251148175006	34.735315445975345	0.0
110.0	27.36511008952335	19.743527703847086	18.388579724171304	34.50278248245826	0.0
111.0	32.79244369096633	16.78372487285057	19.350932429159602	31.07289900702349	0.0
112.0	26.320891904992727	21.1100339311682	19.43771206980126	33.13136209403781	0.0
113.0	30.642424242424244	16.55757575757576	20.024242424242424	32.775757575757574	0.0
114.0	31.732168850072778	17.29742843279961	17.05482775351771	33.9155749636099	0.0
115.0	27.347731133220094	18.878912885222032	14.753700558116961	39.019655423440916	0.0
116.0	30.024271844660195	18.54368932038835	17.160194174757283	34.271844660194176	0.0
117.0	33.90776699029126	17.69417475728155	15.655339805825244	32.74271844660194	0.0
118.0	29.84458474987858	17.994171928120448	17.969888295288975	34.191355026711996	0.0
119.0	23.706582462958465	21.71484090357056	22.297789652659702	32.28078698081127	0.0
120.0	28.804083616917843	18.765192027224114	21.390374331550802	31.040350024307244	0.0
121.0	29.700802724397956	19.314035514473364	19.67891024081732	31.306251520311363	0.0
122.0	29.754078402727053	18.894570245921596	19.454589724859993	31.896761626491354	0.0
123.0	31.99317738791423	16.349902534113063	18.079922027290447	33.57699805068226	0.0
124.0	32.1385028041941	18.117532309192878	17.410387710314556	32.33357717629846	0.0
125.0	32.20297633569163	17.858014149792634	18.10197609172969	31.837033422786043	0.0
126.0	32.9104659673091	17.736033178824105	19.32178580141498	30.03171505245182	0.0
127.0	28.06931901391262	20.039052965584574	19.477666585306324	32.413961435196484	0.0
128.0	31.640625	17.7734375	19.140625	31.4453125	0.0
129.0	31.329423264907135	19.525904203323556	19.574780058651026	29.56989247311828	0.0
130.0	31.288193595697873	17.599608897580055	17.45294549010022	33.659252016621856	0.0
131.0	30.464547677261617	19.119804400977994	20.293398533007334	30.12224938875306	0.0
132.0	28.73225648556045	17.9637787567303	22.001957905041607	31.302006852667645	0.0
133.0	27.019089574155654	19.23641703377386	20.97405775819873	32.770435633871756	0.0
134.0	25.238678090575274	19.877600979192167	22.594859241126073	32.28886168910648	0.0
135.0	26.94757471827536	18.863302302792746	22.390984811366977	31.79813816756492	0.0
136.0	29.29936305732484	19.279764821166097	18.348848603625672	33.072023517883395	0.0
137.0	29.394459426329984	17.185584702132875	19.58813434665359	33.83182152488355	0.0
138.0	27.520235467255333	18.19965661025264	18.8373804267844	35.44272749570763	0.0
139.0	32.033357861172426	18.56757419671327	17.635516311013	31.7635516311013	0.0
140.0	28.417177914110432	17.619631901840492	20.61349693251534	33.34969325153374	0.0
141.0	27.098674521354933	18.335787923416788	21.207658321060382	33.35787923416789	0.0
142.0	33.09599803584582	17.775595384237665	18.413945494721336	30.71446108519519	0.0
143.0	32.82592683525657	17.235452983059172	19.1013994598576	30.837220721826665	0.0
144.0	30.336526651928274	18.668631785802013	18.447555883075413	32.547285679194296	0.0
145.0	31.098010316875463	16.973716531564726	18.64406779661017	33.28420535494964	0.0
146.0	29.55773955773956	18.5012285012285	18.77149877149877	33.169533169533175	0.0
147.0	27.174447174447174	20.737100737100736	19.68058968058968	32.40786240786241	0.0
148.0	29.343819120176946	18.50577537478496	18.653231752273285	33.49717375276481	0.0
149.0	29.259896729776248	18.514875829850013	18.195229899188593	34.029997541185146	0.0
150.0	28.374723383329236	17.973936562576835	19.27710843373494	34.374231620358984	0.0
151.0	27.706692913385826	19.168307086614174	20.02952755905512	33.09547244094488	0.0
152.0	26.08267716535433	19.611220472440944	20.12795275590551	34.178149606299215	0.0
153.0	30.494708343588485	18.33620477479695	17.573221757322173	33.595865124292395	0.0
154.0	31.093057607090103	16.765140324963074	18.045297882816346	34.09650418513048	0.0
155.0	29.10613149470574	18.025116966264466	20.16744644176311	32.70130509726668	0.0
156.0	30.886699507389164	14.384236453201972	20.418719211822662	34.310344827586206	0.0
157.0	29.275505174963033	19.122720551996057	20.10842779694431	31.4933464760966	0.0
158.0	29.719073435189745	17.66880236569739	19.319862000985708	33.292262198127155	0.0
159.0	31.17139334155364	15.265104808877927	22.19482120838471	31.368680641183722	0.0
160.0	26.51702022693636	17.9575727676369	23.704982733103108	31.820424272323635	0.0
161.0	27.887462981243832	17.053307008884502	23.39585389930898	31.663376110562684	0.0
162.0	30.06422924901186	18.231225296442688	22.109683794466402	29.594861660079054	0.0
163.0	30.48418972332016	16.057312252964426	20.380434782608695	33.07806324110672	0.0
164.0	32.59149357072206	17.977250247279922	21.01879327398615	28.41246290801187	0.0
165.0	32.17111770524234	16.716122650840752	21.834817012858558	29.277942631058355	0.0
166.0	31.09846610588817	18.010885700148442	21.227115289460663	29.66353290450272	0.0
167.0	30.039623576027736	17.161961367013372	21.89202575532442	30.906389301634473	0.0
168.0	26.55437205845925	19.370819915779045	21.055239038890264	33.01956898687144	0.0
169.0	26.660059464816648	17.74033696729435	20.515361744301288	35.08424182358771	0.0
170.0	28.221010901883055	15.113974231912785	20.862239841427154	35.802775024777006	0.0
171.0	29.141865079365083	16.071428571428573	19.518849206349206	35.267857142857146	0.0
172.0	27.302060064532142	20.89848597666915	19.061801935964258	32.73765202283445	0.0
173.0	26.904939190866216	17.42367833209233	18.267560188632416	37.40382228840903	0.0
174.0	28.72393247269116	19.28997020854022	19.463753723932474	32.522343594836144	0.0
175.0	27.93642910355103	19.716910851750683	20.784703253041968	31.56195679165632	0.0
176.0	30.004967709885744	15.87183308494784	17.93343268753105	36.18976651763537	0.0
177.0	29.366459627329196	19.304347826086957	19.03105590062112	32.298136645962735	0.0
178.0	31.228244654400793	17.503729487817008	19.14470412729985	32.123321730482346	0.0
179.0	27.580203929370807	18.154687888584927	22.929619497637404	31.335488684406865	0.0
180.0	31.218905472636816	17.288557213930346	17.81094527363184	33.681592039801	0.0
181.0	30.462916874066696	17.57093081134893	19.13887506222001	32.82727725236436	0.0
182.0	32.95171727227476	17.29716276754604	19.711299153807865	30.03982080637133	0.0
183.0	31.175298804780876	21.140438247011954	18.102589641434264	29.58167330677291	0.0
184.0	31.064572425828967	21.81500872600349	17.37721266517078	29.743206182996758	0.0
185.0	31.49625935162095	20.997506234413965	20.22443890274314	27.281795511221947	0.0
186.0	33.14200149737959	17.71899176441228	21.262790117294735	27.876216620913404	0.0
187.0	29.78032950574139	21.09335996005991	19.99500748876685	29.13130304543185	0.0
188.0	31.26718320419895	18.92026993251687	20.169957510622343	29.642589352661837	0.0
189.0	31.273455091318485	19.564673505128845	18.06354766074556	31.098323742807104	0.0
190.0	34.593241551939926	17.09637046307885	16.62077596996245	31.689612015018774	0.0
191.0	31.087174348697395	17.910821643286575	18.336673346693384	32.66533066132264	0.0
192.0	33.676028084252756	16.775325977933804	19.157472417251757	30.391173520561686	0.0
193.0	29.44277108433735	15.612449799196787	21.43574297188755	33.50903614457831	0.0
194.0	29.74127103742778	18.86460688269279	20.422004521477017	30.972117558402413	0.0
195.0	29.997485541865725	19.63791802866482	19.386472215237617	30.978124214231833	0.0
196.0	30.823470158650213	19.46612943842861	17.375975824729288	32.334424578191886	0.0
197.0	30.5345436207766	18.784669692385275	20.776601109430157	29.904185577407965	0.0
198.0	30.532424930608126	18.975523593237448	18.77365632096896	31.718395155185462	0.0
199.0	28.416266734023743	18.666329881283154	19.82823945440768	33.08916393028542	0.0
200.0	27.387569479535117	18.873168266801414	20.843860535624053	32.895401718039416	0.0
201.0	30.273141122913504	16.059686393525542	19.32220536165908	34.344967121901874	0.0
202.0	29.57995951417004	17.054655870445345	20.673076923076923	32.69230769230769	0.0
203.0	31.231003039513677	16.641337386018236	20.84599797365755	31.28166160081054	0.0
204.0	28.806688624271597	20.015201418799087	19.25513047884469	31.922979478084624	0.0
205.0	30.24081115335868	16.958174904942965	21.08998732572877	31.711026615969583	0.0
206.0	29.292416941415166	17.905148364189703	20.162312959675376	32.640121734719756	0.0
207.0	28.179741051028177	19.091139883219093	19.801980198019802	32.92713886773292	0.0
208.0	27.10873983739837	18.419715447154474	22.002032520325205	32.46951219512195	0.0
209.0	29.45066124109868	16.861648016276703	20.39674465920651	33.29094608341811	0.0
210.0	30.04324599338591	16.45891630628339	20.40193335029255	33.09590435003816	0.0
211.0	31.221374045801525	15.928753180661579	22.519083969465647	30.330788804071247	0.0
212.0	30.669381522015783	16.390939170272333	23.084754390430135	29.85492491728175	0.0
213.0	32.18566692170365	17.801581229278245	19.28079571537873	30.731956133639375	0.0
214.0	31.324993617564463	18.33035486341588	22.644881286699004	27.699770232320652	0.0
215.0	31.74846625766871	19.964212678936605	19.529652351738243	28.757668711656443	0.0
216.0	34.32300998208344	17.558228820066546	19.068338878935247	29.05042231891477	0.0
217.0	29.95639907668633	18.9279302385227	19.158758656065658	31.956912028725316	0.0
218.0	26.45624839620221	19.040287400564537	21.272773928663074	33.230690274570186	0.0
219.0	26.406370408425378	19.804777806319034	23.76059594143334	30.028255843822244	0.0
220.0	30.13381369016984	20.252187339166237	19.71178589809573	29.902213072568195	0.0
221.0	30.24993558361247	20.819376449368722	16.902860087606285	32.02782787941253	0.0
222.0	29.868454990972403	17.952024761413465	19.26747485168945	32.912045395924686	0.0
223.0	33.14389046757943	17.101524153965382	17.463187806768275	32.2913975716869	0.0
224.0	34.41944659943108	15.51590380139643	20.48099301784329	29.583656581329198	0.0
225.0	36.914315298990424	16.256795236862544	18.275951333160755	28.552938130986284	0.0
226.0	33.8860103626943	18.471502590673573	18.341968911917096	29.300518134715027	0.0
227.0	32.71076523994812	15.745784695201037	19.273670557717253	32.26977950713359	0.0
228.0	29.6132883467428	17.804308331170514	19.127952245003893	33.454451077082794	0.0
229.0	31.583051728619704	20.925396412789183	16.506368598908242	30.98518325968287	0.0
230.0	31.00755011715699	22.8325956782088	15.178338974225461	30.981515230408746	0.0
231.0	30.09379885356957	20.635747785304847	18.18655549765503	31.083897863470554	0.0
232.0	28.09076682316119	17.136150234741784	19.3792383933229	35.393844548774126	0.0
233.0	29.892866475045725	18.39561013848968	20.825712045989025	30.885811340475566	0.0
234.0	26.6038229903116	18.72217858078031	22.51898402723226	32.15501440167583	0.0
235.0	25.360608444794124	19.06635195384212	21.03330710726462	34.539732494099134	0.0
236.0	28.207150368033652	18.40168243953733	21.608832807570977	31.782334384858046	0.0
237.0	28.323242958673333	18.768096867596736	20.189523558831272	32.71913661489866	0.0
238.0	30.509369226708895	17.075745579308524	19.635787806809184	32.779097387173394	0.0
239.0	28.09611829944547	15.315553208344335	20.121468180617903	36.46686031159229	0.0
240.0	28.027498677948177	15.230037017451084	20.544685351665784	36.197778952934954	0.0
241.0	27.142857142857142	17.22222222222222	22.169312169312168	33.46560846560847	0.0
242.0	26.813128639491797	17.125463208046586	22.604552673372154	33.45685547908946	0.0
243.0	26.85577942735949	15.455991516436903	23.568398727465535	34.11983032873807	0.0
244.0	27.236527740907885	16.246349880541544	21.024688080700823	35.49243429784975	0.0
245.0	28.41181165203512	17.238627294493217	20.88321362064379	33.46634743282788	0.0
246.0	28.910205169197972	15.42765787370104	20.49027444710898	35.17186250999201	0.0
247.0	26.675567423230973	17.997329773030707	22.67022696929239	32.65687583444593	0.0
248.0	27.65900587920898	17.39711384286478	23.062533404596472	31.88134687332977	0.0
249.0	28.093197643277986	19.576861274772362	18.371719335832886	33.95822174611676	0.0
250.0	26.060118089103597	18.54535695115405	20.263016639828237	35.13150831991412	0.0
251.0	26.715092816787735	18.21361312886737	21.28060263653484	33.79069141781006	0.0
252.0	26.9811320754717	19.460916442048518	21.212938005390836	32.34501347708895	0.0
253.0	30.237580993520517	15.415766738660908	19.89740820734341	34.44924406047516	0.0
254.0	30.03791982665222	16.60346695557963	20.287107258938246	33.0715059588299	0.0
255.0	28.699429812652728	18.979093130600056	19.3320662503394	32.98941080640782	0.0
256.0	27.656675749318797	19.155313351498638	19.291553133514984	33.89645776566758	0.0
257.0	30.073750341436767	17.70008194482382	17.809341709915323	34.41682600382409	0.0
258.0	28.997809419496168	18.83899233296824	18.099671412924426	34.063526834611174	0.0
259.0	30.00275254610515	16.845582163501238	18.607211670795486	34.54445361959812	0.0
260.0	30.85224128389596	17.54288876591035	17.515218594355286	34.089651355838406	0.0
261.0	30.41308566675908	18.824507901303022	18.96312725256446	31.799279179373443	0.0
262.0	31.350750416898276	16.0366870483602	20.678154530294606	31.93440800444691	0.0
263.0	31.465997770345595	19.258639910813823	18.450390189520625	30.824972129319956	0.0
264.0	30.581980973698936	17.991046446558478	20.369334079462785	31.0576385002798	0.0
265.0	29.66601178781925	19.898961549256246	18.9166432781364	31.518383384788102	0.0
266.0	32.56207674943566	19.35665914221219	20.005643340857787	28.075620767494357	0.0
267.0	31.909476661951906	18.896746817538897	19.29278642149929	29.9009900990099	0.0
268.0	30.134247357897742	17.90916880891174	21.25107112253642	30.705512710654098	0.0
269.0	31.201605965012906	19.7017493547462	20.246630341267565	28.850014338973327	0.0
270.0	32.700057570523896	19.372481289579735	15.975820379965459	31.951640759930918	0.0
271.0	34.71098265895954	19.826589595375722	16.560693641618496	28.901734104046245	0.0
272.0	30.744711677774557	18.139669660967837	18.54534917415242	32.570269487105186	0.0
273.0	29.456237278278568	16.632742076184936	19.569642337888922	34.341378307647574	0.0
274.0	30.80970476468869	18.79567377959661	18.62028646594563	31.77433498976907	0.0
275.0	30.868544600938968	18.104460093896712	21.537558685446008	29.48943661971831	0.0
276.0	31.52781866352664	19.10509272887842	19.605534294966144	29.76155431262879	0.0
277.0	28.369212621645534	20.082571512828075	19.994102034797994	31.554113830728397	0.0
278.0	27.016607354685647	18.060498220640568	23.517200474495848	31.405693950177938	0.0
279.0	31.75595238095238	19.851190476190474	19.553571428571427	28.83928571428571	0.0
280.0	29.608604720645353	20.79474155960562	21.571556617866747	28.025097101882285	0.0
281.0	29.666366095581605	17.46318004207995	22.51277427111512	30.357679591223324	0.0
282.0	27.906976744186046	17.33615221987315	23.95046813651465	30.806402899426153	0.0
283.0	28.588770864946888	19.423368740515933	21.88163884673748	30.106221547799695	0.0
284.0	25.810397553516818	20.33639143730887	21.896024464831804	31.95718654434251	0.0
285.0	27.127496159754223	19.600614439324115	22.91858678955453	30.353302611367127	0.0
286.0	27.614933662449857	18.63622338784326	22.4622030237581	31.286639925948784	0.0
287.0	23.83756974581525	20.489770613763174	24.5505269683819	31.122132672039676	0.0
288.0	24.844333748443336	18.835616438356166	21.91780821917808	34.40224159402241	0.0
289.0	26.825446568473833	19.61767471012222	22.062049514258852	31.4948292071451	0.0
290.0	28.701953371140515	16.036546943919344	20.573408947700063	34.688090737240074	0.0
291.0	29.667194928684626	15.277337559429476	23.264659270998415	31.79080824088748	0.0
292.0	27.666348296720788	18.27443489334607	25.62878064310729	28.43043616682585	0.0
293.0	27.2523244629689	17.601795447258738	23.052260339852516	32.093619749919846	0.0
294.0	31.12475759534583	18.58435681965094	20.782159017453136	29.5087265675501	0.0
295.0	30.24390243902439	17.6260162601626	22.991869918699187	29.13821138211382	0.0
296.0	29.642974123812643	17.45823779888634	25.024566000655092	27.87422207664592	0.0
297.0	30.350066050198148	18.725231175693526	22.457067371202115	28.46763540290621	0.0
298.0	27.64090448869389	21.22848464394195	22.34222072224097	28.788390145123188	0.0
299.0	28.752719361856414	17.04133430021755	22.044960116026104	32.160986221899925	0.0
300.0	29.266521423384166	8.569353667392884	22.80319535221496	39.36092955700799	0.0
