# Position (bp)	A	C	G	T	N
0.0	26.83718718600263	21.442080327385625	27.55452661837069	24.166205868241057	0.0
1.0	26.856996433986037	19.92803911938673	17.64877965450236	35.56618479212487	0.0
2.0	27.61380064695832	19.689833088144894	19.070219991266487	33.626146273630305	0.0
3.0	25.047654151966718	22.07845821705018	17.268600916223477	35.60528671475962	0.0
4.0	32.02048561279012	15.694757674782528	16.921132901249806	35.36362381117755	0.0
5.0	32.862804656049434	17.091321398479188	22.24501471919112	27.800859226280256	0.0
6.0	31.58885160243206	17.91005844151811	20.7913515662037	29.709738389846123	0.0
7.0	31.69667605726686	18.678913603043462	20.17838705622201	29.446023283467664	0.0
8.0	25.501033068491513	24.066066944486217	20.898264898124822	29.53463508889745	0.0
9.0	29.472277531488533	18.86182109448516	17.230409366358284	34.43549200766803	0.0
10.0	27.935473512605597	17.95638678018015	22.59703262140399	31.511107085810263	0.0
11.0	28.56654791379818	18.628352916237038	19.453037048013616	33.35206212195117	0.0
12.0	27.91016858822537	19.513886459647267	21.02157097969657	31.554373972430795	0.0
13.0	28.086017788695965	21.110034379957163	18.611057960369433	32.19288987097743	0.0
14.0	30.224463936017905	18.621126598318167	19.954498329685517	31.199911135978407	0.0
15.0	30.159898816440272	18.82816275745766	19.5847772213596	31.427161204742465	0.0
16.0	29.799884050343532	18.29599233580994	19.04226406095169	32.861859552894835	0.0
17.0	29.798901604840832	18.774253485924756	19.56680807682189	31.860036832412526	0.0
18.0	30.74090513060775	18.323922013447092	19.289096020121317	31.646076835823838	0.0
19.0	29.978657102419206	18.63713582011984	19.442578567129473	31.941628510331483	0.0
20.0	29.956793875572934	18.674327676561912	19.144173744476024	32.224704703389136	0.0
21.0	29.85896232904136	18.210059687947222	19.948134931308555	31.982843051702865	0.0
22.0	29.637940308190068	18.977134152600485	19.00382260799586	32.38110293121358	0.0
23.0	29.74488141132227	18.24545413490001	19.959108768213227	32.05055568556449	0.0
24.0	30.029577600663394	18.901749409371646	19.407709059859236	31.66096393010573	0.0
25.0	29.927793832714855	18.759441397655248	19.31381563823848	31.998949131391413	0.0
26.0	30.210473385532648	18.243763276447712	19.829445749997436	31.716317588022207	0.0
27.0	29.290497622404605	18.93333497517737	19.77170158663703	32.004465815780996	0.0
28.0	29.634372588615804	18.861744569768017	19.661298001937315	31.842584839678867	0.0
29.0	29.249377679364812	18.72687460623983	19.866444758654513	32.157302955740846	0.0
30.0	30.043937506541376	19.00230461559299	19.21327031724891	31.740487560616724	0.0
31.0	29.8484428710687	18.66399876866246	19.48591657688164	32.0016417833872	0.0
32.0	29.49764604959098	18.72078084660124	19.398029002639216	32.38354410116856	0.0
33.0	30.017013958013084	18.530026865224414	20.083243201086923	31.369715975675582	0.0
34.0	29.813168702319842	18.808942780734395	19.869425385494765	31.508463131451	0.0
35.0	29.74273981785543	19.057939574392833	19.422722216167642	31.776598391584088	0.0
36.0	30.143481538543927	18.302856036482126	19.60893762693152	31.944724798042422	0.0
37.0	29.436961473705058	19.53736258294543	18.838722722921002	32.186953220428514	0.0
38.0	29.71351454127606	18.56596068316717	19.624315923482634	32.096208852074135	0.0
39.0	29.39666345074884	18.843139122261466	20.362970845565552	31.397226581424142	0.0
40.0	29.80138493412334	19.266926454149722	19.762167946593557	31.169520665133383	0.0
41.0	30.0012880279876	18.637349487697254	19.613965547328796	31.74739693698635	0.0
42.0	29.936010155136355	19.464150079597122	19.775047081959027	30.824792683307496	0.0
43.0	30.144922098118432	19.04374762875595	19.299946217057947	31.511384056067676	0.0
44.0	30.029632444916853	19.049965856908077	19.485786241273672	31.434615456901394	0.0
45.0	29.751089337151683	19.426913478494612	19.66873272906412	31.153264455289587	0.0
46.0	29.569419298598536	19.124673104003218	19.571640514986925	31.73426708241132	0.0
47.0	29.620215436540253	18.981881837339536	19.465690513571833	31.932212212548382	0.0
48.0	30.12966591266471	18.639264721958273	19.96009956189403	31.270969803482984	0.0
49.0	30.19531455646223	18.968570676493815	19.582205843643063	31.253908923400896	0.0
50.0	29.828566124193568	18.620385567993385	19.77945240737381	31.771595900439237	0.0
51.0	30.320846347947743	19.17047418985346	19.74847100294599	30.76020845925281	0.0
52.0	29.768018866726226	19.534005411058374	19.417146873399016	31.280828848816384	0.0
53.0	30.592209907491064	18.89010480953169	19.26654535737463	31.251139925602622	0.0
54.0	29.700174643171284	18.91925196632914	20.25138418523224	31.129189205267338	0.0
55.0	29.883200742339305	18.655744403723613	18.910923539902864	32.55013131403422	0.0
56.0	29.854392734559877	18.95772485982902	19.83946958876074	31.348412816850363	0.0
57.0	29.158997048887674	18.662689142383694	20.04877236289713	32.1295414458315	0.0
58.0	29.44850094746793	18.86872756981962	19.747755377896407	31.935016104816043	0.0
59.0	29.60436386697576	18.344610084372096	19.99841454165256	32.05261150699958	0.0
60.0	29.599574184049498	18.891934178812654	19.89959843667168	31.608893200466166	0.0
61.0	29.876915931258708	18.86428927766596	20.06093994598407	31.19785484509126	0.0
62.0	29.805300127301276	18.751413561140154	19.682156065765867	31.7611302457927	0.0
63.0	29.38159456252023	18.8218793828892	20.16873449131514	31.627791563275437	0.0
64.0	28.927050686263918	19.30746784826543	19.61569220793256	32.149789257538096	0.0
65.0	29.541669824701973	18.182487521249065	20.094416232662386	32.181426421386575	0.0
66.0	29.508001136666834	18.59296264400853	20.825515133504123	31.073521085820516	0.0
67.0	29.27117009072896	18.15513435533771	20.064440157124483	32.50925539680885	0.0
68.0	29.257693236741254	18.58215077677699	19.847582405386408	32.31257358109534	0.0
69.0	29.769559739653946	18.522845671289133	19.984349592609867	31.723244996447054	0.0
70.0	29.252407661724344	18.58926633727569	20.001004329533618	32.15732167146634	0.0
71.0	29.640021256262617	18.4317164432062	20.201540860353788	31.726721440177396	0.0
72.0	30.17243267634264	18.567398132855523	19.75068232696495	31.509486863836887	0.0
73.0	29.64452548178086	18.461373056255855	19.443475360773395	32.45062610118989	0.0
74.0	29.359473619437754	18.785052479825595	19.635322350955537	32.220151549781114	0.0
75.0	29.784039956240083	18.387310503921444	19.96733414484357	31.861315394994904	0.0
76.0	29.337087346960374	18.97040958287676	19.670428764504727	32.02207430565814	0.0
77.0	29.876399258881385	18.31662724781319	20.393791033701465	31.413182459603956	0.0
78.0	29.62275709998253	18.702684292124943	19.722923195672223	31.95163541222031	0.0
79.0	30.193514377916724	18.50158696408123	19.360518814328525	31.944379843673516	0.0
80.0	30.36868945660396	18.43646922338087	19.399618023437657	31.795223296577518	0.0
81.0	29.742337775428012	18.719885907993326	19.810157654005327	31.727618662573338	0.0
82.0	30.094977051106063	18.816980624147618	19.13824289118242	31.949799433563896	0.0
83.0	29.847061549704996	18.685941427069036	19.599026755316302	31.867970267909662	0.0
84.0	30.159456353147284	18.510773625539798	19.434928640771282	31.89484138054164	0.0
85.0	29.992020723767293	18.286400139469702	19.49938423232434	32.222194904438666	0.0
86.0	29.852186312851035	18.558754989243607	19.738488642545178	31.850570055360176	0.0
87.0	29.97154982815558	18.815450528312294	19.87498963104454	31.338010012487583	0.0
88.0	30.3822901489964	18.650030194389007	19.33787858039228	31.629801076222314	0.0
89.0	30.234147547801847	18.70010454019177	20.006070075651127	31.05967783635526	0.0
90.0	30.223479032236277	18.467077031146573	19.76233682608441	31.54710711053274	0.0
91.0	29.930096737096086	18.486256116535504	19.72827925226058	31.855367894107832	0.0
92.0	29.115230519759162	18.678943588492757	19.615296014743148	32.59052987700494	0.0
93.0	29.62080001809484	19.01360505750766	20.41143141490336	30.954163509494137	0.0
94.0	30.10887146099792	18.6254921415918	19.345638572121114	31.91999782528917	0.0
95.0	29.556793302553512	18.705886356675325	20.28949667056141	31.44782367020975	0.0
96.0	29.969779595546463	18.801408770733925	20.273119745512382	30.955691888207227	0.0
97.0	29.544254714920264	19.116589601689363	19.613340129614794	31.725815553775575	0.0
98.0	29.67161934278292	18.680324506631422	20.047627728909347	31.600428421676312	0.0
99.0	30.292657100083982	18.77761346624311	19.871198013656112	31.058531420016795	0.0
100.0	29.944937520428432	18.58204400884108	19.811064152702954	31.661954318027536	0.0
101.0	29.935095410890693	18.38391007223068	20.44528897995627	31.235705536922353	0.0
102.0	29.90890769481212	18.587140692099755	19.880958658813118	31.62299295427501	0.0
103.0	29.670470985372127	18.585206788068064	19.81215697981491	31.932165246744898	0.0
104.0	30.23049890063386	18.221648773217787	19.43693134251465	32.110920983633704	0.0
105.0	30.07325669791979	18.672395125434818	20.11518348729526	31.139164689350135	0.0
106.0	29.251077536479343	18.653610093309585	19.74591366786957	32.34939870234151	0.0
107.0	29.468711795388526	18.507382662010663	19.740098866890225	32.28380667571059	0.0
108.0	29.298662697429794	18.875943600415752	20.602144962024497	31.223248740129954	0.0
109.0	29.23534198744775	18.83046575952258	19.980663873670643	31.95352837935903	0.0
110.0	29.559635967590992	18.319125170393455	20.68942294964714	31.431815912368418	0.0
111.0	29.594741689692704	18.80855359252747	20.011024589020067	31.58568012875976	0.0
112.0	29.155873199276915	18.714241786093666	19.278918727520082	32.85096628710934	0.0
113.0	30.36291846935775	17.889929665877915	19.6895870962322	32.05756476853213	0.0
114.0	29.710976713087756	18.42427019457582	19.63993070735077	32.22482238498566	0.0
115.0	29.95011826420927	18.132128053207186	20.284302475351865	31.633451207231683	0.0
116.0	29.81701309060198	18.587716417210153	19.657486041383194	31.937784450804674	0.0
117.0	30.015326895410393	18.60995401931377	19.713866608994913	31.660852476280926	0.0
118.0	29.858230698388695	18.523988194920424	19.507352265741478	32.1104288409494	0.0
119.0	30.083802772028612	18.478617431259778	18.99332834591594	32.44425145079566	0.0
120.0	30.39714759269023	18.024026991944503	20.14820034000014	31.43062507536512	0.0
121.0	30.011109874048614	18.347163428852983	19.6419730567788	31.999753640319607	0.0
122.0	29.67994703357151	18.29453795571418	19.562457433453805	32.46305757726051	0.0
123.0	29.342618636068597	19.045490533603747	19.8365165373651	31.775374292962553	0.0
124.0	29.199464435465426	18.998961271632233	19.203371578867117	32.598202714035224	0.0
125.0	29.39197658344654	18.85405002757557	19.72309830034213	32.03087508863576	0.0
126.0	29.790425249439643	18.731595528625455	19.596829945674664	31.881149276260235	0.0
127.0	29.954472768770096	18.326928194518032	19.465468590046342	32.25313044666554	0.0
128.0	29.861004343313986	17.770832532574854	20.35736249375408	32.010800630357075	0.0
129.0	29.456416281270087	18.324253141152653	19.82555438124288	32.39377619633438	0.0
130.0	29.94848035134711	18.50170726704552	19.38224683582486	32.16756554578251	0.0
131.0	29.291341248975073	18.70124781408804	20.069030071859967	31.938380865076926	0.0
132.0	30.450510737241267	18.296831319721754	19.44414137226235	31.808516570774632	0.0
133.0	30.120022166912964	18.700173057478416	19.693795208835656	31.486009566772964	0.0
134.0	30.311572627998657	18.16175073215182	19.375100503369605	32.15157613647992	0.0
135.0	29.302368751434976	18.380172636988476	20.37253244881709	31.944926162759458	0.0
136.0	27.892313385105115	19.369328527003745	20.06283189527364	32.6755261926175	0.0
137.0	30.344222704301615	18.333157262433268	21.712735822402607	29.609884210862507	0.0
138.0	30.097462909400885	20.16491827996196	20.227741945020668	29.509876865616487	0.0
139.0	30.47224191990196	19.298592391452058	19.622018684107143	30.607147004538838	0.0
140.0	28.760006348513556	21.686869488448682	19.2015256271637	30.351598535874064	0.0
141.0	31.597924173138086	16.5541473021462	20.2728812168503	31.575047307865418	0.0
142.0	27.80070982658383	20.47323435001983	24.572570165834044	27.1534856575623	0.0
143.0	27.645011078711367	20.035211795951643	18.6572501788099	33.66252694652709	0.0
144.0	28.02809058128958	20.19936551772796	19.319959985788405	32.45258391519406	0.0
145.0	26.348696416861944	21.022279605748068	17.32476985873825	35.304254118651734	0.0
146.0	32.271788887891574	15.75570287355585	17.519330144767718	34.453178093784864	0.0
147.0	33.6452641696655	16.514716969400205	22.897899648430112	26.942119212504178	0.0
148.0	31.06727232265581	18.10160882826511	20.26024008063777	30.570878768441307	0.0
149.0	33.031784581773444	17.798888547157205	21.283049283600768	27.886277587468584	0.0
150.0	22.62500923678571	26.882172719366555	21.98070790725699	28.512110136590746	0.0
