# Position (bp)	A	C	G	T	N
0.0	26.055334515549138	23.790993657659676	24.344655260758916	25.809016566032273	0.0
1.0	26.37884133925496	19.911224274939418	15.594172982433507	38.11576140337212	0.0
2.0	28.199548660620096	18.982403215494966	18.273720566264707	34.54432755762024	0.0
3.0	22.763533356178904	22.258108505766927	15.297665773645624	39.68069236440854	0.0
4.0	33.656681100879226	13.18497996996072	14.793987424562763	38.364351504597295	0.0
5.0	34.11655819969224	14.841524071447873	23.216022484147057	27.82589524471283	0.0
6.0	30.361744176559203	17.365646554014543	21.51448675401063	30.758122515415625	0.0
7.0	34.81954741760084	16.95679247506159	20.12786782427592	28.095792283061655	0.0
8.0	22.642677901804255	26.830611186020946	22.403766262996626	28.122944649178176	0.0
9.0	27.24718660509212	18.74511564439569	15.83186009758558	38.17583765292662	0.0
10.0	25.993313927437157	16.662092633950966	25.038020000338037	32.306573438273844	0.0
11.0	28.041888817322942	17.845172174333022	19.738201579506516	34.37473742883751	0.0
12.0	25.778721470104248	19.67719691277719	21.186068367785303	33.358013249333254	0.0
13.0	26.343230470086134	20.705582139798572	18.597911638929222	34.353275751186075	0.0
14.0	30.445997980778362	18.379136282382664	20.068541181068344	31.10632455577063	0.0
15.0	29.700456993898683	18.3175357957072	20.02311295007357	31.95889426032054	0.0
16.0	29.70848232378534	17.383825142166895	18.802825062035193	34.10486747201257	0.0
17.0	30.237898744899205	17.91039621904822	19.76812633231116	32.08357870374142	0.0
18.0	30.957235813739874	17.5706207750742	18.736701207605435	32.73544220358049	0.0
19.0	29.78540389478987	18.263194584701946	19.941607213361056	32.009794307147125	0.0
20.0	29.65521115676497	17.593018741212415	19.92479049937129	32.82697960265132	0.0
21.0	29.115933307563107	18.170757375916544	19.807328852848403	32.905980463671945	0.0
22.0	29.56937660574995	19.172075353956565	22.337156024937375	28.921392015356105	0.0
23.0	29.918758126406487	19.943808099284517	20.829913955088063	29.307519819220936	0.0
24.0	32.32201611851029	19.205003525673334	18.1012531552618	30.371727200554577	0.0
25.0	29.251549223056873	21.026704771581482	19.473949353602237	30.247796651759412	0.0
26.0	31.79394941196827	16.63895293277777	21.80788551891236	29.7592121363416	0.0
27.0	25.98514268246165	21.06347537397125	24.928778237153608	28.02260370641349	0.0
28.0	26.289898505112074	19.581172624724267	18.59847098010314	35.53045789006052	0.0
29.0	27.56675280926065	20.001760708738768	17.471714664016524	34.959771817984056	0.0
30.0	26.34929109084707	18.78786137001335	16.302919456029876	38.5599280831097	0.0
31.0	33.84673838479662	14.315689679711824	18.48237416290331	33.35519777258825	0.0
32.0	33.9172831414599	15.666063869456476	22.49128230814162	27.92537068094201	0.0
33.0	30.99064247634764	17.67039154013313	20.521190011013996	30.817775972505235	0.0
34.0	33.070782368109484	16.75104369167507	21.660816419069608	28.517357521145843	0.0
35.0	26.138907618298717	20.701703595026647	24.959195483119633	28.200193303555004	0.0
