# Position (bp)	A	C	G	T	N
0.0	26.337004237294252	23.819004695954874	23.83841966606514	26.005571400685735	0.0
1.0	26.87739413557635	20.50696044400028	15.543777344554547	37.07186807586882	0.0
2.0	29.164806185800284	19.736558534337455	17.683755790459585	33.41487948940268	0.0
3.0	23.511586801307423	22.697603297770303	15.003781407234658	38.787028493687615	0.0
4.0	34.375974281590345	13.08833486419105	14.923054717228709	37.6126361369899	0.0
5.0	35.20160229559152	14.825682126964738	23.401624207101822	26.57109137034192	0.0
6.0	31.716849753555298	17.30582746233792	20.92552787133628	30.051794912770504	0.0
7.0	35.38399307984173	17.195105454872746	20.073549642072315	27.347351823213206	0.0
8.0	22.661497802813013	26.922412330645116	22.876302958189225	27.539786908352642	0.0
9.0	27.754578943453055	18.596836360377765	15.508520241502294	38.14006445466689	0.0
10.0	27.074620650185764	16.518361629176134	25.003978723635957	31.40303899700215	0.0
11.0	28.158250468951458	18.59705940506634	19.314253041050325	33.930437084931874	0.0
12.0	26.19079951155837	19.953354795480486	20.852329852655366	33.003515840305774	0.0
13.0	26.5249466955995	20.941114758985123	19.10842215432042	33.42551639109496	0.0
14.0	30.717032256591658	18.396122381209352	20.37691665908971	30.509928703109285	0.0
15.0	29.602333624734662	18.666531265420424	20.09490945107259	31.636225658772325	0.0
16.0	29.92790014840344	17.86748022872839	18.606597845571994	33.598021777296175	0.0
17.0	30.468416150482213	17.813713338505348	19.7643834631519	31.953487047860534	0.0
18.0	31.954090580547273	17.96165756841141	19.0042078036514	31.08004404738991	0.0
19.0	30.27250419225612	18.474397946624357	19.895730544172626	31.357367316946892	0.0
20.0	29.685936022123933	18.04174373188664	20.05331817679073	32.2190020691987	0.0
21.0	29.309633391941603	18.630975318005966	20.15574816995113	31.9036431201013	0.0
22.0	29.924239591455603	18.90908580411087	22.777795927492633	28.388878676940895	0.0
23.0	29.647362411275775	20.427679006154854	21.233565706538005	28.69139287603137	0.0
24.0	33.24157012439727	19.454233263546588	17.595273866732896	29.708922745323246	0.0
25.0	29.766678199389098	20.94255798932298	19.451937215281813	29.838826596006108	0.0
26.0	32.07898248587504	16.711032879279948	22.299063304149904	28.91092133069511	0.0
27.0	26.531952922876002	21.10566925805234	24.78385985656127	27.578517962510386	0.0
28.0	26.969829007381595	19.775430735374403	18.826191901614724	34.428548355629275	0.0
29.0	28.140026405867076	20.26902863119705	17.380271907219708	34.21067305571617	0.0
30.0	26.745608236576544	19.044993303601647	15.966490273627626	38.24290818619418	0.0
31.0	34.57384687100082	14.428097665263817	18.34326090632643	32.654794557408934	0.0
32.0	34.580249009673416	15.5185745722125	22.598813957720843	27.302362460393244	0.0
33.0	31.471132856240313	17.335192046367105	21.141096839972402	30.052578257420176	0.0
34.0	33.27360854646228	16.50363453115488	21.995774776194725	28.226982146188117	0.0
35.0	26.649043032957064	20.075284580004794	25.867998174806168	27.40767421223197	0.0
