# Position (bp)	A	C	G	T	N
0.0	26.27735591798314	23.729885648981014	23.95925329481025	26.033505138225593	0.0
1.0	26.631566123929197	20.19214907315133	15.242810253894474	37.933474549025	0.0
2.0	28.885573214352473	19.084030302818675	18.0729093277584	33.95748715507045	0.0
3.0	23.182471054872217	22.600159445153867	14.947151447841678	39.270218052132236	0.0
4.0	34.3454952102394	12.988781044326334	14.544662679785429	38.12106106564884	0.0
5.0	34.84418155432857	14.8252142090424	23.20285532666622	27.127748909962808	0.0
6.0	31.08066518897993	17.269409831407387	21.00309074140838	30.646834238204306	0.0
7.0	35.15955485439803	16.912467591767548	20.084337369186535	27.84364018464788	0.0
8.0	22.38449036642963	26.9915613356339	22.688380421937325	27.93556787599914	0.0
9.0	27.763004560352606	18.54010613721791	15.497448403465967	38.19944089896351	0.0
10.0	26.467568362173953	16.539829378919887	25.015521459444233	31.97708079946192	0.0
11.0	28.019919616907384	18.19325489931993	19.159763449673108	34.62706203409957	0.0
12.0	26.097383607532098	19.69732743463125	21.088930982064912	33.11635797577174	0.0
13.0	26.2327446949869	20.743352668089603	18.6565889416582	34.3673136952653	0.0
14.0	30.410049857555705	18.566344794849833	20.17161478201383	30.85199056558063	0.0
15.0	29.59150844769802	18.557998930743906	19.816171307637788	32.03432131392028	0.0
16.0	29.966302418801828	17.52989728735806	18.433406369054318	34.070393924785805	0.0
17.0	30.447734564976198	17.75908518653263	19.801820116961178	31.991360131529994	0.0
18.0	31.227287546944204	17.710775670564004	18.74679202640455	32.31514475608724	0.0
19.0	29.70545566980846	18.420779784982617	20.045564517122468	31.82820002808645	0.0
20.0	29.564540938465218	17.73456086999012	20.008485475116803	32.69241271642787	0.0
21.0	29.00612769151551	18.3470323215915	19.769504274150034	32.877335712742955	0.0
22.0	29.803255236028836	18.83824750404256	22.696479913671123	28.66201734625748	0.0
23.0	29.73144795506825	20.098585904708095	20.94191853451143	29.228047605712227	0.0
24.0	32.69602617788578	19.278987146753344	17.931309740167485	30.093676935193393	0.0
25.0	29.50065863547483	21.069631812914675	19.2834321149672	30.14627743664329	0.0
26.0	32.00067095409344	16.518877461773272	21.936698314566602	29.543753269566686	0.0
27.0	26.299634794020378	21.12766277206696	24.986151819583156	27.586550614329507	0.0
28.0	26.433004371467124	19.638321251505953	18.51505827938463	35.4136160976423	0.0
29.0	28.14373199941856	19.83323259440784	17.344912697949937	34.67812270822366	0.0
30.0	26.618720793266327	18.898029842090192	15.966777910827462	38.51647145381602	0.0
31.0	34.38344166948937	14.225754095812631	18.14319445209895	33.24760978259905	0.0
32.0	34.28580482379471	15.55616392527996	22.456105172002687	27.70192607892264	0.0
33.0	31.277364786675633	17.233972877075114	20.777317981525528	30.711344354723725	0.0
34.0	33.16131635738257	16.30853484763163	21.98942676929929	28.540722025686506	0.0
35.0	26.371740436762714	20.262678898954483	25.407098193951683	27.95848247033112	0.0
