# Position (bp)	A	C	G	T	N
0.0	27.26692830808818	23.73621066819471	23.440332421552622	25.556528602164484	0.0
1.0	27.07730779042069	20.03851556970348	15.52766689780799	37.35650974206784	0.0
2.0	27.880878439126434	20.159612002421404	17.85641367304613	34.103095885406034	0.0
3.0	24.3125149608606	21.661539780705045	15.08197658424349	38.94361139990782	3.572742830398325E-4
4.0	33.3218277507535	14.848250854912232	14.55645979154731	37.27310576002676	3.558427602011223E-4
5.0	35.660652924015054	14.684216324166432	21.864816940347037	27.7782318388407	0.012081972630778471
6.0	31.772110134706054	17.700524704388148	20.484402550084614	30.038350604704956	0.004612006116229649
7.0	34.54678797670167	17.353641426810086	20.116420787098054	27.98244122273713	7.08586653061803E-4
8.0	24.23402072795444	26.128895334441655	21.802553853772416	27.833822645113365	7.074387181210428E-4
9.0	28.561786158543477	18.62066040936334	16.112673866334955	36.704172792038904	7.067737193260206E-4
10.0	27.00015535187199	17.50603753866143	24.115200474529356	31.378253562500884	3.530724363410397E-4
11.0	27.741985562369013	19.084699357151425	19.58888739918003	33.582310726609414	0.002116954690113116
12.0	27.029981206652774	20.434327300422055	20.47029205496261	32.05834752530755	0.007051912655009855
13.0	27.10042662025865	20.94737175851391	18.74980183823659	33.20204749541145	3.522875793968132E-4
14.0	31.127073652764224	18.881909680510393	20.007468496683213	29.982491307303977	0.0010568627381904395
15.0	29.681637714499097	18.300282886926254	19.0798953001314	32.93712723570505	0.0010568627381904395
16.0	30.419327905756028	17.589366551703485	18.89564889610687	33.09424749611603	0.0014091503175872528
17.0	29.47378804265498	18.577533211911547	20.803286138540614	31.14222201867829	0.003170588214571319
18.0	32.26954227274809	18.204108377750924	18.33375020696895	31.18414424062651	0.008454901905523516
19.0	30.33055143574803	18.41477635023022	19.806312288847632	31.448359925174117	0.0
20.0	30.21006908359432	17.858161974783254	20.00782078426261	31.923948157359817	0.0
21.0	29.78239196220659	17.39455152029705	19.325792030550378	33.49655991178719	7.045751587936264E-4
22.0	28.744905040882973	18.683571773309986	19.990910980451563	32.580259917776075	3.522875793968132E-4
23.0	29.679171701443323	17.481918839987458	20.107165881652513	32.73139128933732	3.522875793968132E-4
24.0	30.92979260830201	18.03677177753744	18.4390841932086	32.593294558213756	0.0010568627381904395
25.0	29.296235102638985	18.008588771185693	18.968220137462612	33.72660370113331	3.522875793968132E-4
26.0	30.838550125238235	17.410404461369904	20.954769797681244	30.796275615710616	0.0
27.0	28.51944099006901	18.49545020591209	19.821460654761694	33.1636481492572	0.0
28.0	29.687626603348843	17.859571125100842	20.236103135711744	32.213528547624	0.003170588214571319
29.0	29.11128412345566	18.434504454676443	19.178183534783113	33.27144814855263	0.004579738532158571
30.0	30.21616442023829	18.038596763170318	18.949263364076405	32.794566297233125	0.0014091552818662851
31.0	30.19220878044656	18.202058775866806	19.17789880855921	32.42466303574322	0.0031705993841991418
32.0	29.500376954349772	18.690946754317363	19.006249691742937	32.80242659958993	0.0
33.0	29.81775649900828	17.597965129592637	19.3129493995089	33.27132897189018	0.0
34.0	29.132743113415938	18.318542605399347	19.203520181504956	33.34519409967976	0.0
35.0	30.406505784564626	17.229260520434565	19.393625346333625	32.97025584625254	3.525024146415403E-4
36.0	31.002838054610514	17.85400765040808	18.52103862222144	32.62211567275997	0.0
37.0	28.860515793259566	18.875043194335724	19.35423586575553	32.909852539826936	3.5260682223679665E-4
38.0	31.051666372773763	18.539940045847295	18.690178099100688	31.717862810791747	3.5267148651031563E-4
39.0	30.179859160892452	18.740562509702094	19.012926715682816	32.065593203595775	0.0010584101268680938
40.0	29.40449366775677	19.024982871511614	19.33047034475939	32.23722779830057	0.0028253176716557067
41.0	29.431167361945835	18.305522166442763	20.419995757618608	31.84190058686276	0.0014141271300289896
42.0	28.617068700777654	18.788873714823488	19.76925199719791	32.82162139213008	0.0031841950708660304
43.0	29.849229865160027	18.372079027764503	20.286176513276903	31.488620554157244	0.0038940396413235487
44.0	29.469601714275594	19.040147342695736	19.87001257371562	31.620238369313054	0.0
45.0	29.534427949207743	18.71998695817046	19.45855143548724	32.28703365713456	0.0
46.0	30.27419166114123	17.512028904828934	19.493385431994582	32.7193302816377	0.0010637203975477699
47.0	29.998545774410594	18.95813603748355	19.6873769671948	31.35523184257476	7.093783362949879E-4
48.0	30.446861960316784	18.16330296062903	18.403871810156406	32.98525362627381	7.096426239745664E-4
49.0	28.6831391118226	18.80819102451699	19.929150264621633	32.578809681850615	7.099171881600012E-4
50.0	29.680061955579557	18.49040114816762	19.027183721029374	32.80164267545791	7.104997655350773E-4
51.0	30.38061569977523	18.086892195635475	19.20683130850428	32.32566079608502	0.0
52.0	29.33327160581758	18.375450492158233	19.8764974857908	32.414780416233384	0.0
53.0	31.036671468713006	17.99055756037028	19.203668573221698	31.76018770771228	0.00891468998274116
54.0	30.004926741496014	19.07005969211436	18.771242110073402	32.151986405049556	0.0017850512666723788
55.0	28.9897647025188	18.49286674100123	18.069731537867742	34.44620750779083	0.0014295108213969179
56.0	29.628953967112725	17.909150417976758	20.640933463537475	31.819531336631364	0.0014308147416842835
57.0	27.981600472517048	19.419734746111576	19.093626389361205	33.50468042454941	3.5796746075781715E-4
58.0	30.68062527094955	17.584760185015995	21.933567648713236	29.80068861492381	3.582803974046168E-4
59.0	28.51695477650114	21.361619393695904	21.009000218817594	29.104533828841596	0.007891782143766747
60.0	31.028758080686487	18.67065295899557	19.815873540625326	30.48435607843701	3.5934125561021534E-4
61.0	28.882752363602325	21.033000424836366	19.545353082223837	30.538174067700197	7.200616372761508E-4
62.0	30.928925452766777	16.572870452929223	21.38950757890253	31.10869651540147	0.0
63.0	26.08058979814492	20.932179737650014	25.287522971028416	27.698257645229457	0.0014498479471965378
64.0	26.05786920889781	20.959226859224678	17.76289476937397	35.216736839808895	0.0032723226946486618
65.0	27.503693839951843	19.483409642290365	18.677514091315373	34.32699148136663	0.008390945075792123
66.0	26.70023067628428	19.621031818681118	17.284244443630772	36.38753615759217	0.006956903811650984
67.0	32.84092036282546	14.471871475438745	17.931865523866904	34.75277097102466	0.002571666844234139
68.0	34.56054495467987	15.833293139462837	22.84891680610848	26.756874079405772	3.710203430454092E-4
69.0	31.91493401689927	16.906484382417165	20.361910187031235	30.81667141365233	0.0
70.0	32.25848622635112	16.735504271199737	22.51827158375514	28.487737918694005	0.0
71.0	25.563789655954324	20.30312712580652	24.639257075714784	29.493826142524377	0.0
