# Position (bp)	A	C	G	T	N
0.0	27.263083383369363	23.712475373639673	23.112234817021587	25.91220642596937	0.0
1.0	27.41807380868993	20.067251915263352	15.102207983342042	37.41246629270468	0.0
2.0	28.30612942202744	19.906925783046976	17.96145322524304	33.82530068736722	1.9088231532613198E-4
3.0	23.777612216160804	22.19933576340525	15.21437159521582	38.80829933709721	3.81088120911639E-4
4.0	34.31261053952798	13.79894642755263	14.476732023657837	37.4111404826655	5.705265960481525E-4
5.0	36.2216753916753	15.094676636295404	22.62548335914416	26.05246406278206	0.005700550103084948
6.0	32.967285460373404	17.56820909353305	19.854884773725068	29.604683488538136	0.004937183830343172
7.0	35.598917408765494	16.654709575542245	20.283022448964097	27.462970976533736	3.795901944260976E-4
8.0	23.292803927855253	27.13946124790602	22.27953717176968	27.28592107484818	0.0022765776208625572
9.0	28.908442691344916	18.39490252598043	16.134036258818174	36.56242888568611	1.8963817037093226E-4
10.0	26.55352985340624	17.096412130956082	25.208742539492345	31.140746695383775	5.68780761559521E-4
11.0	28.428375691947917	18.94264862785378	19.834482078999084	32.79278801236362	0.001705588835594502
12.0	26.865821480458617	19.550850395222103	21.06316923991961	32.51333981145264	0.006819072947032851
13.0	27.304284261498456	21.522813223772793	18.935174576601792	32.23772793812695	0.0
14.0	31.9481714765107	18.19035733426254	20.81227310344305	29.04900870941901	1.8937636469342807E-4
15.0	30.16424612109861	18.928735780202217	19.5631466019252	31.343113991315203	7.575054587737123E-4
16.0	30.696014953157757	17.560302168927507	19.15655554692841	32.585233567339394	0.0018937636469342808
17.0	30.152694162852313	18.261752223751962	20.695806639156594	30.885391317851184	0.004355656387948846
18.0	31.431742129991726	18.288264914809044	18.515516552441156	31.756522595440956	0.007953807317123978
19.0	30.590532318023516	18.37424178437986	19.854028698094307	31.18119719950232	0.0
20.0	30.459483873655664	18.2952718403027	19.040657211736033	32.2045870743056	0.0
21.0	30.42501737528146	17.756306706385203	19.166592494257163	32.652083424076174	0.0
22.0	28.904514543157926	19.29574717497808	19.7850957013459	32.014074451424015	5.681290940802843E-4
23.0	30.194167586720173	17.705175087917976	20.470070012442026	31.62945105473166	0.0011362581881605685
24.0	31.13650437743467	18.178615999651548	18.671183924219154	32.01199131141239	0.0017043872822408526
25.0	29.514495813835456	18.132218790301657	19.449142030379758	32.90376461275374	3.7875272938685614E-4
26.0	32.22106281803393	17.989997140416893	19.705936380904046	30.082814284280435	1.8937636469342807E-4
27.0	29.474916153614533	17.992837785887296	20.021816157212683	32.510240526920796	1.8937636469342807E-4
28.0	30.102698802573247	18.01139666962725	19.845128008953715	32.03869337883416	0.0020831400116277086
29.0	29.566819683059116	18.4449140987183	19.633821167772627	32.35236190649335	0.002083143956610005
30.0	29.922373746077497	18.28733644797867	19.75615622212585	32.032429177169284	0.001704406648700958
31.0	30.23174336841268	18.35520347851777	19.606810834764723	31.803591009031496	0.002651309273332942
32.0	28.90960705553946	18.519086658371826	19.902128441270435	32.66917784481828	0.0
33.0	29.43343200028786	18.739335541503564	19.504430543956033	32.32223377439924	5.681398533062899E-4
34.0	29.935705019553627	17.925516301002776	19.770469760527238	32.36793015614495	3.7876277140719836E-4
35.0	30.139722071691406	17.593157521761704	19.54157366388637	32.72554674266052	0.0
36.0	30.933533958835135	17.43546788507494	18.992463278142367	32.638534877947556	0.0
37.0	29.245844468452077	18.760068990352725	19.09630219290764	32.89721574647941	5.686018081537499E-4
38.0	30.356811107361814	18.487751798083814	19.37854735301589	31.775941885021215	9.478565172718414E-4
39.0	29.306918301013035	18.81852971406682	20.02859711070571	31.845575602189157	3.792720252746878E-4
40.0	29.797838882277354	18.44978808291434	19.814105155668425	31.935041197136982	0.003226682002896422
41.0	29.718027006024773	18.52859534091924	20.630520569911862	31.121337115519438	0.001519967624689594
42.0	29.30465055700588	18.636072381292816	19.366007715753028	32.690037019643036	0.0032323263052418823
43.0	29.37103113454858	18.401838471694308	20.18323840396915	32.0408481624795	0.0030438273084576546
44.0	29.39454444746875	18.895527558515568	20.315661444345256	31.394266549670423	0.0
45.0	29.860225087121282	18.271856492678005	19.37139375011902	32.496143812008455	3.808580732390075E-4
46.0	30.20247758345128	17.750553865437844	19.161362956641337	32.885415099048096	1.9049542144254563E-4
47.0	29.61157648421839	17.833868152473	20.088683430261362	32.46510972049666	7.62212550591858E-4
48.0	30.40871799563871	17.924539091449745	18.57682571633347	33.08934534974153	5.718468365433002E-4
49.0	29.65593645006655	17.457354348845815	20.191709982876908	32.693664456046285	0.0013347621644503257
50.0	29.652669381399626	18.766959130165976	19.721631740240507	31.858739748193887	0.0
51.0	30.17914587647378	18.564846299027288	19.241848843517662	32.01415898098127	0.0
52.0	30.04621729781845	17.8984902859504	19.70509691093988	32.35000420852877	1.9129676249359155E-4
53.0	31.389482635776506	17.485462777816085	19.301945191416337	31.812000582255013	0.011108812736062271
54.0	30.16649760598571	18.53812685878863	19.313760644590985	31.97912212445039	0.0024927661842844514
55.0	28.805133333461296	18.36494960526846	18.39431694072981	34.43521623380238	3.8388673805680366E-4
56.0	29.57514864514394	18.463888115112336	20.421873649226278	31.538321150354925	7.684401625250944E-4
57.0	28.183824434055115	18.69232898622047	19.890348179133856	33.233113927165356	3.8447342519685036E-4
58.0	30.563485406936035	18.032802653144454	22.007710123962173	29.395809447595013	1.9236836232965784E-4
59.0	29.86846944335868	20.212882716180125	21.111511186162623	28.79616133336671	0.010975320931862511
60.0	31.155303030303028	19.186261803369746	19.627730975745234	30.030704190581993	0.0
61.0	29.070396310017266	21.027145633018236	19.556869850075138	30.345588206889357	0.0
62.0	30.960299515262268	16.368609747409828	22.042402936302675	30.62771987424695	9.67926778275077E-4
63.0	26.363562231093024	20.06240195088613	25.925738960252247	27.646355291157327	0.0019415666112672994
64.0	26.0365846536022	19.61227119990344	18.66455890884596	35.68424905287175	0.002336184776641267
65.0	27.496243682557026	19.273323316486817	18.941596581263294	34.28278728510937	0.006049134583487814
66.0	26.186591225681237	19.698392574854047	17.113521466247203	36.99562536194456	0.005869371272949242
67.0	33.472172901367664	14.108271319852228	18.074322004469288	34.344056613583255	0.001177160727563807
68.0	33.95051204687915	15.858783695380673	23.004246242412467	27.186259778053547	1.982372741581854E-4
69.0	32.32140620770731	17.19118009461441	20.306143472938743	30.181270224739524	0.0
70.0	33.096308848769254	16.088552868843557	22.108018857676683	28.706902170370853	2.1725433965543461E-4
71.0	26.06423008965382	19.776737997076978	25.850184324760594	28.308847588508605	0.0
