# Position (bp)	A	C	G	T	N
0.0	27.11445835887556	23.150888869428147	24.436465539889657	25.29818723180664	0.0
1.0	26.687598116169546	20.777952206523633	15.471829757544043	37.06261991976278	0.0
2.0	27.64726324934839	20.16159860990443	17.62293657688966	34.568201563857514	0.0
3.0	24.856623061595773	20.96855236940137	15.491639954951053	38.68318461405181	0.0
4.0	31.909097179115804	16.356300434512725	14.919994482378096	36.812883647148084	0.001724256845299676
5.0	34.26909241122911	15.074269780891235	21.2206750546481	29.432520353190245	0.0034424000413088
6.0	31.135216779375924	17.218770382067213	21.077202979643676	30.561944320483335	0.006865538429851361
7.0	34.86409375907608	17.89588778979379	19.53257136999641	27.70744708113372	0.0
8.0	25.895279204272093	26.442939279681983	20.507395970177264	27.154385545868664	0.0
9.0	27.47179714392829	19.60907944514502	16.877407041341467	36.04171636958522	0.0
10.0	26.736128845531777	17.603895330030475	24.97403680814478	30.685939016292966	0.0
11.0	26.723712638007584	19.80504567647109	20.339213718251877	33.1269244509467	0.005103516322746372
12.0	27.151383244631106	21.48407610821105	19.525258880141468	31.8324803183078	0.006801448708574926
13.0	26.16673179184859	22.474983435551554	18.598053040213383	32.76023173238647	0.0
14.0	30.740218480827714	19.92830566928866	19.277620155960655	30.05385569392297	0.0
15.0	28.898591597152613	18.859686379776083	19.619102631623655	32.62092047365827	0.0016989177893681725
16.0	29.82959854572637	17.660250420482154	19.461103277212416	33.045649921000326	0.003397835578736345
17.0	29.070182293878798	18.531795246428025	22.017974550211516	30.374951156113557	0.005096753368104517
18.0	32.726253376599104	18.049302594247465	18.292247838127114	30.923701602079472	0.008494588946840863
19.0	30.301897691170726	18.939535515876386	19.95209051833982	30.806476274613072	0.0
20.0	29.778631012045327	17.111499974516235	21.080171930480283	32.02969708295816	0.0
21.0	28.188443961196718	17.711217954163196	19.33878119637791	34.76155688826218	0.0
22.0	27.71274698017363	19.41183466132074	20.743786208185387	32.12823431474151	0.003397835578736345
23.0	30.162586432442534	16.76152290990639	20.312261089685872	32.761930650175835	0.0016989177893681725
24.0	30.239037732964103	17.55831535312006	19.530758906576512	32.67018908954996	0.0016989177893681725
25.0	28.572399381593925	18.115560388032822	18.849492873039875	34.46254735733338	0.0
26.0	29.476223645537793	17.31706902702978	21.924534071796266	31.28217325563616	0.0
27.0	29.071881211668167	17.926980513412957	19.872241382239515	33.128896892679364	0.0
28.0	29.197601128081413	17.13188698798865	21.04619357469292	32.62261939144765	0.0016989177893681725
29.0	29.549277110480627	18.338118618440053	18.790030750411987	33.32257352066733	0.0
30.0	29.337410805300713	17.556914712878015	19.068977234114847	34.03329935440027	0.0033978933061501867
31.0	29.5565749235474	18.440366972477065	19.223581379544683	32.77607883112471	0.0033978933061501867
32.0	28.434054265278036	19.319050612480673	18.619072699162405	33.62612344756112	0.001698975517762789
33.0	29.755857218097486	16.87592381793778	20.452267282828455	32.91595168113627	0.0
34.0	28.72192204438101	18.35729092330173	19.34278043973222	33.57800659258504	0.0
35.0	30.526512640043524	16.711718603899968	20.453579503918668	32.30818925213784	0.0
36.0	31.592640457080666	18.060467963542376	18.24751734457897	32.09937423479799	0.0
37.0	27.609313083555843	20.124491913127773	18.9271926393306	33.337301654790046	0.0017007091957346213
38.0	30.06770549809472	18.319610778443113	19.180389221556887	32.43059335873707	0.0017011431682090366
39.0	30.08849557522124	18.696392103471748	18.454731109598367	32.75867937372362	0.0017018379850238258
40.0	28.90539803707743	19.94615594329335	18.855643402399128	32.289394765539804	0.0034078516902944387
41.0	29.281984779715387	17.79339999317476	20.63269972357779	32.290209193597924	0.0017063099341364364
42.0	27.896731892224157	19.260321688351603	20.037222962128197	32.80230850664208	0.00341495065396305
43.0	30.238201018420423	18.46997710262807	20.004442773657768	31.285670346194593	0.0017087590991422031
44.0	28.47837237134553	19.206702000341938	20.071807146520772	32.24311848179176	0.0
45.0	30.297121157694875	17.986349874275156	19.931236208754555	31.785292759275414	0.0
46.0	29.710306120702928	17.648568641878136	19.57016478157458	33.07096045584436	0.0
47.0	30.55988223815963	18.780274891737843	18.69982712287969	31.958304092566287	0.0017116546565564932
48.0	29.34851468196216	19.10624090403219	18.130297063607568	33.4132351682219	0.001712182176183546
49.0	27.445102942687814	19.346716453701486	20.895138912678565	32.31132883422973	0.0017128567024082767
50.0	28.545230178589794	18.90103863161142	18.841051657354402	33.71267953244438	0.0
51.0	30.723304968432615	17.463285753499864	18.748284381004666	33.06512489706286	0.0
52.0	28.311121797073575	18.547777701449476	20.99505392594628	32.146046575530676	0.0
53.0	30.356897263099984	19.00873332416449	19.43680374088846	31.188969880346583	0.008595791500481365
54.0	30.13488868242662	19.04786483603455	19.001410825504973	31.815835656033858	0.0
55.0	29.053146419591496	18.895739331105982	18.615024282712774	33.43608996658974	0.0
56.0	30.700408557292835	18.140288575910635	20.889861917978244	30.265993207950494	0.0034477408677963768
57.0	27.07765550074171	20.210784144616554	19.374202228585226	33.335633214889434	0.0017249111670748956
58.0	30.20617488603398	17.253764332090068	22.121494681585855	30.418566100290096	0.0
59.0	27.19364991526303	22.30830422301387	21.175595752775568	29.313803479403727	0.008646629543803826
60.0	29.985269907287066	18.847586864223203	20.251278052161858	30.915865176327873	0.0
61.0	28.107892038443488	20.90929630337684	19.491127756825804	31.491683901353863	0.0
62.0	30.85137889583805	15.98578421978711	21.351544398181215	31.811292486193622	0.0
63.0	25.315791315301446	21.17988732985759	25.079603904965186	28.42471744987578	0.0
64.0	25.961504688981773	21.96094271363844	17.59509676512943	34.47543114045871	0.007024691791647641
65.0	26.732236969664925	19.448997937708214	19.602347839881553	34.20936668253045	0.007050570214866128
66.0	27.081307568551882	18.802043738839878	18.646465003624275	35.46664780863816	0.0035358803458090974
67.0	32.89182048690533	14.740145752433639	18.80773800024824	33.56029576041279	0.0
68.0	33.83928090855267	16.610151246030462	22.073308574196673	27.477259271220195	0.0
69.0	32.33008103191665	16.763133234110576	20.138544365433734	30.768241368539034	0.0
70.0	30.439839914831534	17.019892356524654	24.0482621296059	28.492005599037913	0.0
71.0	24.98433623217463	20.067166236435177	24.58334377584522	30.36515375554497	0.0
