# Position (bp)	A	C	G	T	N
0.0	41.72827728754273	14.150568407663567	16.781938150886397	27.3392161539073	0.0
1.0	17.028380634390654	45.82240241672629	18.832975594244374	18.316241354638684	0.0
2.0	30.60126582278481	31.795886075949365	15.253164556962027	22.349683544303797	0.0
3.0	40.41965764770845	18.4586258578528	15.066656148931134	26.055060345507613	0.0
4.0	40.80812854442344	13.720856962822936	19.321045998739763	26.149968494013866	0.0
5.0	21.476351617218857	33.839615959707245	20.7129928385929	23.971039584480994	0.0
6.0	19.855311787371235	42.399937092081466	16.654871431941494	21.0898796886058	0.0
7.0	46.504320502749415	15.443833464257658	18.366064414768264	19.685781618224667	0.0
8.0	44.98272613065327	16.73209798994975	16.410175879396984	21.875	0.0
9.0	26.330246429132004	35.17501177209229	15.633338565374352	22.86140323340135	0.0
10.0	22.372136805773454	13.821775964857233	15.539692500784435	48.26639472858488	0.0
11.0	24.459078080903105	16.10222640326121	12.676387582314206	46.76230793352148	0.0
12.0	20.62211078899945	17.495886547050066	16.367625166496904	45.51437749745358	0.0
13.0	20.516836335160534	35.53641346906813	14.698512137823021	29.248238057948317	0.0
14.0	23.9906103286385	14.49921752738654	37.97339593114241	23.53677621283255	0.0
15.0	41.883548261039465	18.874560375146544	15.45134818288394	23.79054318093005	0.0
16.0	21.076058097766673	18.709979697017022	18.694362017804153	41.519600187412145	0.0
17.0	24.07147315855181	32.88857677902622	17.61860174781523	25.42134831460674	0.0
18.0	21.1006313820251	14.84916984955959	22.480318029464495	41.569880738950815	0.0
19.0	22.752765228228697	38.51846081944228	14.784234304408786	23.944539647920237	0.0
20.0	27.77734527053328	16.348773841961854	14.223433242506811	41.65044764499805	0.0
21.0	22.05116242904906	19.189798615970766	20.62048052250991	38.13855843247026	0.0
22.0	21.06652177287899	14.057284793914459	34.48730885663277	30.388884576573776	0.0
23.0	24.63970246397025	16.488454982178833	17.859910119324347	41.01193243452658	0.0
24.0	40.403962234948146	12.784398699891659	15.717381210338957	31.094257854821233	0.0
25.0	26.234448651572524	13.584730700873193	32.85681168379569	27.324008963758594	0.0
26.0	46.8081821690467	16.549594751061367	14.07178695484369	22.570436125048243	0.0
27.0	22.5888520545833	19.905944028987744	10.145709660010793	47.35949425641816	0.0
28.0	21.229609110495538	36.54970760233918	11.549707602339181	30.6709756848261	0.0
29.0	24.671734623358674	14.697074406818706	15.764416801044307	44.86677416877832	0.0
30.0	25.95854114713217	14.892456359102244	31.17986284289277	27.96913965087282	0.0
31.0	25.699604743083004	11.960474308300395	14.181818181818182	48.158102766798415	0.0
32.0	21.23484365028717	12.476068921506062	19.057115507338864	47.2319719208679	0.0
33.0	27.963305705319065	35.447010541562726	13.856924438722137	22.732759314396073	0.0
34.0	28.83525028349263	13.542847885954965	14.563421351044873	43.05848047950753	0.0
35.0	21.372676882947506	31.98565373328986	20.410824910335833	26.2308444734268	0.0
36.0	24.7434529184796	14.637550283227979	15.08086364009523	45.53813315819719	0.0
37.0	38.9925681255161	15.730800990916599	20.982658959537574	24.293971924029726	0.0
38.0	41.991450842343475	20.76104266197301	12.211885005447993	25.03562149023552	0.0
39.0	45.23749047498095	15.621031242062482	10.126153585640504	29.015324697316064	0.0
40.0	20.65981148243359	36.16109682947729	16.666666666666664	26.51242502142245	0.0
41.0	25.135893389444153	12.13396458004559	41.67105032439068	21.059091706119588	0.0
42.0	48.69773210489015	12.278525868178598	15.060240963855422	23.96350106307583	0.0
43.0	48.66487455197132	14.847670250896059	14.00537634408602	22.482078853046595	0.0
44.0	27.65223704510391	37.38996279154188	11.843179961884019	23.11462020147019	0.0
45.0	32.62562680038408	14.403072655499841	14.488424197162061	38.482876346954015	0.0
46.0	28.5048404446038	14.80817497310864	26.186207720807936	30.500776861479622	0.0
47.0	32.44712990936556	22.525679758308158	16.3987915407855	28.62839879154079	0.0
48.0	23.919980363279333	18.6426116838488	17.881688757977418	39.55571919489445	0.0
49.0	24.57264957264957	23.42885872297637	21.292106586224232	30.706385118149825	0.0
50.0	25.152439024390244	29.077743902439025	18.978658536585368	26.791158536585364	0.0
51.0	28.324365872405842	15.949269792467332	14.0148603638227	41.711503971304126	0.0
52.0	24.31559917355372	17.820247933884296	21.448863636363637	36.41528925619835	0.0
53.0	28.383583477221407	18.714304688537656	27.785894541107716	25.116217293133218	0.0
54.0	28.826252723311548	27.137799564270153	16.843681917211327	27.19226579520697	0.0
55.0	34.08306885607838	18.518007451359182	16.806954601904238	30.591969090658207	0.0
56.0	28.958391510751184	20.385367215861493	19.030996928232337	31.625244345154986	0.0
57.0	32.833073764689225	17.443012884043608	22.313464533484357	27.41044881778281	0.0
58.0	26.690544412607448	21.103151862464184	19.78510028653295	32.421203438395416	0.0
59.0	25.208513085993673	24.44636180615473	19.269485188380788	31.07563991947081	0.0
60.0	29.01915264074289	15.554265815438189	22.06906558328497	33.35751596053395	0.0
61.0	28.767123287671232	18.706731477389894	23.67064368831934	28.855501546619532	0.0
62.0	32.278192056003654	17.9729112768224	20.149140161314868	29.599756505859077	0.0
63.0	30.193014705882355	19.347426470588236	18.35171568627451	32.1078431372549	0.0
64.0	26.914762198888205	20.55281037677579	22.359481161210624	30.17294626312539	0.0
65.0	29.0121533187909	18.354627609847306	17.762542848239327	34.870676223122466	0.0
66.0	24.920785804816223	19.027249683143218	21.292775665399237	34.75918884664132	0.0
67.0	29.7029702970297	15.97143320889466	19.461126440512906	34.864470053562734	0.0
68.0	26.095551894563428	19.093904448105437	19.373970345963755	35.43657331136738	0.0
69.0	27.4464196710417	22.312676524339594	22.312676524339594	27.928227280279117	0.0
70.0	28.318733153638814	22.911051212938006	19.390161725067383	29.380053908355798	0.0
71.0	28.027857992186174	20.383896721589945	20.57074910820452	31.017496178019364	0.0
72.0	27.297621085059042	19.390723943179875	19.27092247133322	34.040732500427865	0.0
73.0	28.092025601107075	19.287320532779795	19.840857983047915	32.77979588306522	0.0
74.0	27.59350741002117	18.560338743824982	22.93577981651376	30.910374029640085	0.0
75.0	28.13450187801824	18.887497764263998	22.840279019853334	30.137721337864427	0.0
76.0	27.81818181818182	19.581818181818182	18.927272727272726	33.67272727272727	0.0
77.0	28.50347603366264	23.929747530186606	17.306988657153312	30.25978777899744	0.0
78.0	28.42304060434372	19.735599622285175	20.151085930122758	31.690273843248345	0.0
79.0	27.797902764537657	22.459485224022878	16.587225929456626	33.15538608198284	0.0
80.0	28.081123244929795	20.495319812792513	18.876755070202808	32.54680187207488	0.0
81.0	26.907868722815344	19.177540529853697	17.793594306049823	36.120996441281136	0.0
82.0	31.279904306220097	18.819776714513555	18.859649122807017	31.04066985645933	0.0
83.0	29.093478699777915	19.503331314354934	20.37149202503533	31.031697960831817	0.0
84.0	29.671665991082286	18.686663964329146	19.781110660721524	31.86055938386704	0.0
85.0	33.0130825838103	18.11120196238757	19.869174161896975	29.00654129190515	0.0
86.0	29.51259809995869	18.546055349029327	23.068979760429574	28.872366790582404	0.0
87.0	30.256303396540947	17.46197124400917	22.02542196290894	30.256303396540947	0.0
88.0	33.45240596764026	17.69279260348813	17.14645934019752	31.70834208867409	0.0
89.0	30.995140502852315	18.022395943376292	17.198394253116415	33.78406930065497	0.0
90.0	31.57109358345768	17.927947132807503	19.079087614581113	31.4218716691537	0.0
91.0	29.275610801543078	22.160308615516502	16.78096870981569	31.78311187312473	0.0
92.0	29.654283873738457	18.101782263259608	18.144728365900793	34.09920549710114	0.0
93.0	31.410671851371784	18.49211492763016	19.140203067617197	30.95701015338086	0.0
94.0	29.018925386121385	16.684794431150753	20.100065259952142	34.196214922775724	0.0
95.0	30.98529734474435	17.050691244239633	20.89093701996928	31.073074391046738	0.0
96.0	27.597617471872933	16.898301345687184	20.78093977498345	34.72314140745643	0.0
97.0	29.387032529320646	19.495463598141182	19.694622704138084	31.422881168400092	0.0
98.0	32.61449533125834	20.453534904401955	17.452200978212538	29.47976878612717	0.0
99.0	31.06297454220634	19.093345243412237	20.075926753014738	29.76775346136668	0.0
100.0	35.56805399325084	14.37570303712036	19.100112485939256	30.956130483689538	0.0
101.0	33.05277525022748	19.1992720655141	18.26660600545951	29.481346678798907	0.0
102.0	28.988815338963708	16.708514037890893	22.004108650992922	32.29856197215248	0.0
103.0	28.36814321781042	17.856323158136334	19.99081937112692	33.78471425292632	0.0
104.0	26.45563770794824	18.20702402957486	21.395563770794823	33.94177449168207	0.0
105.0	27.93399953520799	21.07831745293981	18.731117824773413	32.256565187078785	0.0
106.0	29.334582942830366	19.0253045923149	20.7825679475164	30.857544517338333	0.0
107.0	30.36723163841808	19.915254237288135	17.77306967984934	31.944444444444443	0.0
108.0	32.45676380004738	20.184790334044063	16.46529258469557	30.89315328121298	0.0
109.0	28.31858407079646	19.660368332934706	19.87562784022961	32.145419756039225	0.0
110.0	26.820475847152125	19.25018024513338	19.466474405191057	34.46286950252343	0.0
111.0	28.927620430888407	19.777293633502786	19.946744129750666	31.348341805858144	0.0
112.0	24.88468074775431	19.203690216071863	22.28696285506191	33.62466618111192	0.0
113.0	28.553951553706874	19.574259848299487	18.155126009297774	33.71666258869587	0.0
114.0	30.174747723357125	16.859463450652225	20.42825498400197	32.53753384198868	0.0
115.0	27.121999505073003	19.549616431576343	19.27740658252908	34.05097748082158	0.0
116.0	28.290619557103756	19.830803682508087	18.98482209504852	32.893754665339635	0.0
117.0	31.705484598046578	18.031555221637866	17.95642374154771	32.30653643876784	0.0
118.0	28.18181818181818	15.505050505050505	21.96969696969697	34.34343434343434	0.0
119.0	24.866785079928952	21.162141588429336	25.45039330119259	28.520680030449125	0.0
120.0	28.749681690858157	21.135727018079958	22.128851540616246	27.98573975044563	0.0
121.0	29.200819672131146	20.056352459016395	18.084016393442624	32.65881147540984	0.0
122.0	28.255275347400925	19.222851260936697	21.976325270200718	30.545548121461657	0.0
123.0	30.558428128231647	18.562564632885213	20.01034126163392	30.868665977249226	0.0
124.0	31.346003644884146	18.276490497266337	19.838583702160896	30.538922155688624	0.0
125.0	28.69861220214716	18.381775333857032	21.209740769835037	31.709871694160775	0.0
126.0	30.30542390731964	18.562401263823062	19.694576092680357	31.437598736176938	0.0
127.0	29.288369622942113	19.702602230483272	22.676579925650557	28.332448220924057	0.0
128.0	31.697506033789217	19.469026548672566	18.932689729149907	29.90077768838831	0.0
129.0	29.838274932614556	19.433962264150946	18.194070080862534	32.53369272237197	0.0
130.0	30.627705627705627	19.345238095238095	17.045454545454543	32.981601731601735	0.0
131.0	29.451682953311618	19.84256243213898	18.729641693811075	31.976112920738327	0.0
132.0	28.061085355876735	19.825470411780746	22.634305972184347	29.479138260158166	0.0
133.0	29.660087719298247	20.285087719298247	19.106359649122805	30.948464912280706	0.0
134.0	27.097130242825607	20.584988962472405	20.52980132450331	31.788079470198678	0.0
135.0	25.839578129336665	17.513183458229253	20.06661115736886	36.580627255065224	0.0
136.0	25.111607142857146	19.252232142857142	20.061383928571427	35.574776785714285	0.0
137.0	28.078541374474053	17.419354838709676	20.869565217391305	33.632538569424966	0.0
138.0	29.52622673434856	18.02030456852792	20.135363790186126	32.31810490693739	0.0
139.0	28.745743473325767	18.898978433598185	20.2894438138479	32.06583427922815	0.0
140.0	28.58776443682104	18.753573470554603	18.553459119496853	34.105202973127504	0.0
141.0	29.47610823258492	18.767990788716176	20.149683362118594	31.606217616580313	0.0
142.0	28.83275261324042	15.476190476190476	20.121951219512198	35.56910569105691	0.0
143.0	31.041544763019306	19.163253364540665	18.402574605032182	31.392627267407843	0.0
144.0	29.39617083946981	18.20324005891016	17.43740795287187	34.963181148748156	0.0
145.0	28.579899199525645	19.77468129261785	19.44856211088052	32.196857396975986	0.0
146.0	28.405017921146953	20.698924731182796	18.070489844683394	32.82556750298686	0.0
147.0	29.587225067791508	18.52967761373908	17.173847544441095	34.70924977402832	0.0
148.0	26.181818181818183	21.151515151515152	19.484848484848484	33.18181818181819	0.0
149.0	28.81510813280536	19.82942430703625	19.616204690831555	31.739262869326833	0.0
150.0	28.03193122505373	19.834203254528706	18.114829597789377	34.01903592262819	0.0
151.0	29.477265697494587	18.43489019486545	21.125889266934735	30.961954840705225	0.0
152.0	26.791277258566975	20.87227414330218	17.75700934579439	34.57943925233645	0.0
153.0	29.8306148055207	19.636135508155583	18.85194479297365	31.681304893350067	0.0
154.0	31.721958925750393	16.682464454976305	19.399684044233805	32.195892575039494	0.0
155.0	29.349904397705544	21.2874442319949	17.39961759082218	31.963033779477374	0.0
156.0	31.876606683804624	15.809768637532134	19.248071979434446	33.06555269922879	0.0
157.0	29.00194426441996	17.692806221646144	21.289695398574207	32.01555411535969	0.0
158.0	27.81758957654723	21.465798045602604	18.078175895765472	32.63843648208469	0.0
159.0	32.73868516683185	15.493888338288736	19.920713577799802	31.846712917079618	0.0
160.0	26.878130217028378	19.23205342237062	22.90484140233723	30.984974958263773	0.0
161.0	28.75882946518668	18.903464513958966	21.99798183652876	30.339724184325593	0.0
162.0	30.084889643463498	18.33616298811545	19.015280135823428	32.56366723259762	0.0
163.0	29.801097393689986	17.969821673525377	18.175582990397803	34.05349794238683	0.0
164.0	29.15371329879102	16.37305699481865	22.625215889464595	31.848013816925736	0.0
165.0	29.13907284768212	17.741373300801673	22.133147438131754	30.986406413384454	0.0
166.0	28.601546029515106	20.62543921293043	19.53619114546732	31.23682361208714	0.0
167.0	26.664305949008497	19.511331444759207	22.839943342776202	30.984419263456093	0.0
168.0	28.454123527311676	20.20706890396287	18.88611210282042	32.45269546590504	0.0
169.0	27.417027417027416	18.21789321789322	19.624819624819626	34.74025974025974	0.0
170.0	30.45372050816697	17.568058076225046	17.93103448275862	34.047186932849364	0.0
171.0	30.569758948137327	19.101533966398833	16.837107377647918	33.49159970781592	0.0
172.0	32.49815770081061	19.565217391304348	16.912306558585115	31.02431834929993	0.0
173.0	28.736059479553905	18.88475836431227	20.483271375464685	31.895910780669144	0.0
174.0	29.74990668159761	19.186263531168347	17.73049645390071	33.33333333333333	0.0
175.0	27.088036117381492	18.397291196388263	21.25658389766742	33.25808878856283	0.0
176.0	28.533535430087152	20.651762031072376	19.51496779082986	31.29973474801061	0.0
177.0	30.27980068991951	21.157531621310845	18.206209275584513	30.356458413185127	0.0
178.0	26.73611111111111	21.026234567901234	19.830246913580247	32.407407407407405	0.0
179.0	24.83404919953143	19.328387348691916	23.62358453729012	32.21397891448653	0.0
180.0	29.861932938856018	16.528599605522682	19.763313609467456	33.84615384615385	0.0
181.0	29.4	19.68	18.88	32.04	0.0
182.0	32.37787646346387	18.08639483245862	18.974566007266855	30.561162696810655	0.0
183.0	28.426189507930054	22.407482716551446	19.31679544530297	29.849532330215535	0.0
184.0	29.082682023858496	20.07404360345537	18.922254216371865	31.921020156314274	0.0
185.0	28.8981288981289	23.076923076923077	21.24740124740125	26.777546777546778	0.0
186.0	31.947942905121746	15.70109151973132	21.788413098236774	30.56255247691016	0.0
187.0	30.814940577249576	19.56706281833616	18.463497453310694	31.154499151103565	0.0
188.0	28.03257608229747	21.68881268752679	19.674239177025292	30.604372053150453	0.0
189.0	29.335071707953063	19.382877009995656	19.6870925684485	31.594958713602782	0.0
190.0	31.266490765171508	18.64555848724714	18.86543535620053	31.222515391380828	0.0
191.0	26.467971530249113	23.354092526690394	19.26156583629893	30.916370106761565	0.0
192.0	31.42088749439713	19.677274764679517	19.184222321828777	29.717615419094578	0.0
193.0	29.537205081669693	18.19419237749546	22.0508166969147	30.217785843920147	0.0
194.0	28.7292817679558	20.303867403314918	22.099447513812155	28.867403314917127	0.0
195.0	27.349228611500703	20.897615708274895	20.710612435717625	31.042543244506778	0.0
196.0	30.875356803044717	19.457659372026644	19.743101807802095	29.923882017126544	0.0
197.0	29.77173385138417	20.446818844099077	20.738222438076736	29.04322486644002	0.0
198.0	26.234413965087285	24.089775561097255	20.947630922693268	28.728179551122196	0.0
199.0	29.16884474647151	23.680083638264506	18.1913225300575	28.959749085206482	0.0
200.0	28.841463414634145	16.28048780487805	21.402439024390244	33.47560975609756	0.0
201.0	30.946291560102303	20.375106564364877	15.515771526001704	33.16283034953112	0.0
202.0	35.6401384083045	17.1280276816609	16.43598615916955	30.79584775086505	0.0
203.0	34.797891036906854	18.014059753954307	18.98066783831283	28.207381370826013	0.0
204.0	32.94951284322409	18.86625332152347	22.586359610274577	25.597874224977858	0.0
205.0	35.15695067264574	20.986547085201792	20.179372197309416	23.67713004484305	0.0
206.0	30.171635049683832	17.073170731707318	23.577235772357724	29.17795844625113	0.0
207.0	26.146788990825687	24.678899082568808	17.06422018348624	32.11009174311927	0.0
208.0	30.297397769516728	18.12267657992565	20.53903345724907	31.04089219330855	0.0
209.0	25.09398496240601	20.582706766917294	19.924812030075188	34.3984962406015	0.0
210.0	27.29857819905213	18.862559241706162	18.767772511848342	35.07109004739337	0.0
211.0	29.541108986615676	17.97323135755258	19.59847036328872	32.88718929254302	0.0
212.0	26.923076923076923	18.076923076923077	24.519230769230766	30.480769230769234	0.0
213.0	28.668610301263364	21.574344023323615	17.784256559766764	31.97278911564626	0.0
214.0	28.767123287671232	26.125244618395303	17.5146771037182	27.59295499021526	0.0
215.0	28.98120672601385	22.255192878338278	18.595450049455984	30.16815034619189	0.0
216.0	29.2	18.0	20.1	32.7	0.0
217.0	26.95035460992908	18.33839918946302	25.53191489361702	29.17933130699088	0.0
218.0	24.476987447698743	20.502092050209207	20.397489539748953	34.62343096234309	0.0
219.0	18.109339407744876	22.55125284738041	25.854214123006834	33.48519362186788	0.0
220.0	0.0	28.4452296819788	25.618374558303884	45.936395759717314	0.0
