# Position (bp)	A	C	G	T	N
0.0	25.909915473387624	26.220232351692463	24.25875178509398	23.61110038982593	0.0
1.0	25.960091088038904	21.641900497896486	14.049172102358254	38.34883631170636	0.0
2.0	28.229484162197615	20.05401442956904	18.252247386087426	33.464254022145916	0.0
3.0	23.47708686931029	23.33667643882117	15.231445764542508	37.95479092732603	0.0
4.0	34.13224925559653	13.89681719302035	14.445284416125398	37.52564913525773	0.0
5.0	35.78193934532441	15.210717921821493	23.08718723968778	25.920155493166323	0.0
6.0	32.79190479495901	17.987459219324833	20.393037013042104	28.827598972674057	0.0
7.0	35.01488485446777	17.64048063426447	19.787601610340733	27.557032900927027	0.0
8.0	22.598830842317955	26.640753937038237	22.51708235003779	28.243332870606018	0.0
9.0	29.92742949246917	18.34468291855291	14.963714746234585	36.764172842743335	0.0
10.0	26.913347934725607	17.019619335533825	24.330598142949686	31.736434586790878	0.0
11.0	28.61384458771632	18.355338248449886	19.350957830767808	33.679859333065984	0.0
12.0	26.149824171756432	20.62742920599667	21.039237460669998	32.1835091615769	0.0
13.0	27.00037015330516	21.145007557296648	18.11591967673278	33.73870261266541	0.0
14.0	30.550050509334586	18.697707416004132	19.70789410775839	31.04434796690289	0.0
15.0	29.947179704669008	19.24046728611636	18.5672976828469	32.24505532636774	0.0
16.0	29.9093306194199	17.09379963300489	18.188616983546897	34.80825276402831	0.0
17.0	30.18633731911711	18.1804164642937	20.05920854823415	31.574037668355036	0.0
18.0	31.097269545643762	17.687824732890334	18.636777107969348	32.57812861349655	0.0
19.0	30.203716692744663	18.117913657419894	19.527667085456184	32.15070256437925	0.0
20.0	30.511348310277057	18.107202034603674	19.210820392277757	32.17062926284151	0.0
21.0	29.98196781949325	17.59139387214105	20.001078848406387	32.42555945995932	0.0
22.0	28.834521286842612	18.56366788672703	19.4051242535157	33.19668657291466	0.0
23.0	29.62366502797084	17.39817226340366	20.388663718041578	32.58949899058392	0.0
24.0	31.31462561447306	18.175303961906522	18.153729986285118	32.356340437335305	0.0
25.0	29.48169721625099	18.221112729121884	18.988512123523567	33.30867793110356	0.0
26.0	30.972101301322898	17.714633526207518	20.279526315383965	31.033738857085623	0.0
27.0	28.784073223723748	18.281276484275082	19.49319691202983	33.441453379971335	0.0
28.0	30.085441111890106	17.46342365385949	20.136829048437175	32.31430618581323	0.0
29.0	29.42209758314907	17.823986686903396	20.042836121019747	32.71107960892779	0.0
30.0	29.985439473663938	17.77231651040423	19.42019830050153	32.822045715430306	0.0
31.0	30.271186440677965	17.999229583975346	19.60092449922958	32.12865947611711	0.0
32.0	29.57980862571072	18.512611904651845	19.212930861800643	32.69464860783679	0.0
33.0	30.7153588350861	18.247236026041065	19.65946299934512	31.377942139527715	0.0
34.0	30.2207326938634	18.187141261219615	19.325860010015795	32.26626603490119	0.0
35.0	30.183751300127128	18.486074193921183	19.314303324473208	32.01587118147848	0.0
36.0	30.301325957486153	17.68200134059618	19.086545499372075	32.93012720254559	0.0
37.0	28.83514519272996	19.669781883460587	18.781444299769635	32.71362862403982	0.0
38.0	30.337771203155818	18.02268244575937	19.46576060157791	32.173785749506905	0.0
39.0	28.82228300651077	19.03840967754363	20.097854143390993	32.041453172554604	0.0
40.0	30.69508333140704	18.350631438632178	19.152739572979513	31.80154565698127	0.0
41.0	30.442353775147744	17.698774107548754	20.652936054799163	31.205936062504335	0.0
42.0	30.29749659046254	19.16969094565544	19.239807987178597	31.293004476703416	0.0
43.0	29.67768779713517	18.67453633428622	19.153034727733644	32.494741140844965	0.0
44.0	29.392501040237946	19.05253586894543	20.00955477815963	31.545408312656996	0.0
45.0	29.38193978902271	19.74309777541475	19.503455928246144	31.3715065073164	0.0
46.0	30.122366575739363	18.27561761215652	18.895926764991447	32.70608904711268	0.0
47.0	29.85806093670535	18.61852142956216	20.171220737589966	31.352196896142527	0.0
48.0	30.743683200665778	18.654881986237505	19.322201074183383	31.27923373891333	0.0
49.0	29.15157586499191	19.143869923711183	18.861061878708483	32.843492332588426	0.0
50.0	29.976033968574445	18.265814883599067	19.894888530982453	31.863262616844036	0.0
51.0	30.208758775343505	19.07418681174721	19.19131982707468	31.525734585834613	0.0
52.0	29.624863215326048	19.011913752446713	18.96028235439175	32.40294067783549	0.0
53.0	31.034801639900127	18.718596837335472	19.12163620110354	31.124965321660863	0.0
54.0	30.505378995715297	18.013470608181006	20.08029962085016	31.400850775253534	0.0
55.0	29.893498967356123	17.951820227489904	18.702413612404058	33.452267192749915	0.0
56.0	29.377177029068154	18.501279245399342	20.269874541475293	31.85166918405721	0.0
57.0	28.299167694204684	18.565813810110974	19.529130702836007	33.605887792848335	0.0
58.0	29.85920051788315	18.401035766305228	18.914294962199154	32.82546875361246	0.0
59.0	29.309946207555605	18.028946192142296	20.553646017971914	32.10746158233018	0.0
60.0	29.70452688851554	18.899798085667165	19.495522434069574	31.900152591747716	0.0
61.0	30.26141373038626	17.556028237615216	19.21683775702087	32.96572027497765	0.0
62.0	29.066639950060498	18.51075471843523	19.426312260610217	32.996293070894055	0.0
63.0	29.375905545793646	18.40685594500447	19.73396220598662	32.48327630321526	0.0
64.0	27.923394088859776	19.314091942507034	19.6277600092482	33.134753959384994	0.0
65.0	30.415247314148314	18.0595588575304	20.57971237880913	30.94548144951215	0.0
66.0	30.113137167254962	18.1767036083666	20.378562510596975	31.33159671378146	0.0
67.0	29.482713442360158	17.90310896003206	19.273394269155478	33.340783328452304	0.0
68.0	29.495271785623455	18.563732630459413	19.530954968285897	32.41004061563124	0.0
69.0	30.005780124079994	17.802782166390504	19.671688952256176	32.51974875727332	0.0
70.0	28.41277792763285	18.596585873376746	19.8720665870294	33.118569611961	0.0
71.0	30.26650430815235	17.698105646068715	20.561986528353653	31.47340351742528	0.0
72.0	30.450699015059268	18.200594972023985	19.693419856035266	31.655286156881484	0.0
73.0	30.522608340462266	17.43312293357379	18.70014566137199	33.344123064591955	0.0
74.0	29.731104483133336	18.33406549366874	20.704723590206005	31.230106432991917	0.0
75.0	30.21456316665639	17.94885627967199	19.698347616992418	32.1382329366792	0.0
76.0	28.696282138232938	18.637092299155313	18.812041432887355	33.854584129724394	0.0
77.0	28.686484111875828	17.94514107791077	21.79790521845689	31.570469591756517	0.0
78.0	30.38766859344894	17.45510597302505	18.77919075144509	33.37803468208092	0.0
79.0	30.36139563920553	17.672084903697197	19.043985602749967	32.92253385434731	0.0
80.0	31.504389311506237	17.569577716633137	19.681379916298642	31.244653055561976	0.0
81.0	30.568187073204566	18.60558321643827	19.18594792903057	31.64028178132659	0.0
82.0	30.200545681562435	18.214048988022753	18.651827416644828	32.93357791376998	0.0
83.0	29.758289528448767	18.204590649134435	20.40434092275439	31.632778899662405	0.0
84.0	31.463211604569068	17.948698185629944	18.690940481879423	31.89714972792157	0.0
85.0	30.033913981809775	17.42947433328195	18.795282873439188	33.74132881146909	0.0
86.0	30.503314320949592	17.72853399105904	19.722521967010945	32.04562972098042	0.0
87.0	29.472020965006934	18.88160937259134	19.93756744257746	31.70880221982426	0.0
88.0	30.1318020656698	17.823338985663632	18.585632804069675	33.45922614459689	0.0
89.0	30.122552797903502	18.60027747803299	19.917527362417143	31.359642361646365	0.0
90.0	30.628950208108524	18.335902574379528	19.01803607214429	32.01711114536766	0.0
91.0	30.32958732214155	18.00397724645054	19.500840154773467	32.16559527663445	0.0
92.0	29.243777796619312	18.24768570261375	20.23478267572088	32.27375382504605	0.0
93.0	30.079470913337392	18.34460006320674	19.839979033861855	31.735949989594015	0.0
94.0	30.348415940800123	17.505588530023896	19.831187851691976	32.314807677484005	0.0
95.0	30.461728204732907	18.402065829029524	21.009018731210976	30.127187235026593	0.0
96.0	29.78647961150081	19.06575194635011	19.43266784860865	31.71510059354043	0.0
97.0	29.790793043907254	18.609706462752836	19.686574987666503	31.912925505673407	0.0
98.0	28.92359398125308	18.342994573260977	20.848236309817462	31.885175135668476	0.0
99.0	30.331154415392202	18.40003700049334	19.376695855944746	31.892112728169707	0.0
100.0	29.93577407312945	18.49103851236987	19.96491146714894	31.608275947351743	0.0
101.0	30.038429355068647	18.374810177580812	20.738680385533208	30.848080081817336	0.0
102.0	30.124778568542748	18.048606147248034	20.117630605712154	31.708984678497064	0.0
103.0	29.993296542262964	17.496024693667568	19.628659620241322	32.88201914382814	0.0
104.0	30.21504535502033	17.969971848608072	20.54738817641539	31.267594619956206	0.0
105.0	31.207192788382326	17.810153694071126	19.33611065345478	31.64654286409176	0.0
106.0	29.320555021813426	17.66178948860504	19.673034822736366	33.34462066684517	0.0
107.0	29.99952584912519	18.31802879676313	20.029713454821323	31.652731899290355	0.0
108.0	29.38452143984393	19.41997034029358	20.14401611457846	31.05149210528403	0.0
109.0	29.13739747496042	18.34989379559431	19.98472565850709	32.52798307093818	0.0
110.0	29.69799460761634	17.601027424578422	20.923405816754677	31.77757215105056	0.0
111.0	29.363073625617815	18.777491642540667	19.89075321102385	31.968681520817672	0.0
112.0	28.911572814599033	17.955076197125454	18.826588342923177	34.306762645352336	0.0
113.0	30.683510873853635	17.328920988429672	20.63737449374784	31.350193643968854	0.0
114.0	30.14421755509208	18.309324020630225	19.135503063814653	32.41095536046305	0.0
115.0	29.6680918730782	17.38237990540091	20.294182074851733	32.65534614666915	0.0
116.0	30.362944927158576	17.795457691712606	19.903746712160324	31.937850668968494	0.0
117.0	30.595391885925466	18.207610419766816	19.395614278939707	31.80138341536801	0.0
118.0	30.083089756642256	18.118821636178527	19.63364970935006	32.16443889782916	0.0
119.0	30.888059517041945	17.72658740947626	19.520172685105088	31.865180388376714	0.0
120.0	30.06456519762241	18.17580582492167	19.696105420665823	32.06352355679009	0.0
121.0	30.106679496963867	17.337492119321766	19.762252380794372	32.79357600292	0.0
122.0	29.7695683674914	18.183862290658652	20.09260570124668	31.953963640603266	0.0
123.0	28.94052526401164	18.676053747167572	19.630927197170497	32.752493791650295	0.0
124.0	29.21325660520015	17.987986726593018	19.23467887596085	33.564077792245975	0.0
125.0	29.302576736808355	18.16371644082955	19.9659135012909	32.56779332107119	0.0
126.0	30.148299515843203	18.205482588161477	19.463781510467452	32.182436385527865	0.0
127.0	29.8644654007684	17.934694642507264	18.56338436113028	33.63745559559406	0.0
128.0	29.52233468228369	17.44338258570683	21.253240475355277	31.781042256654203	0.0
129.0	30.160912035326763	17.95462160327838	19.419410819680582	32.46505554171428	0.0
130.0	30.047025324647308	17.796281116527894	19.559946503300402	32.596747055524396	0.0
131.0	30.253987517337034	17.761789181692095	20.725554785020805	31.25866851595007	0.0
132.0	30.97302756447091	17.913423531665188	19.000853227463477	32.11269567640043	0.0
133.0	30.406575150826264	17.798373699396695	19.972894989944916	31.822156159832122	0.0
134.0	31.030061387408114	17.37641283251513	20.23676745676974	31.356758323307016	0.0
135.0	29.557884337179352	18.096573868247415	20.615010056102467	31.73053173847077	0.0
136.0	28.463011561103624	18.498652386694094	19.81346194765586	33.22487410454642	0.0
137.0	30.61379181194767	18.030301679166037	23.01697001043348	28.33893649845281	0.0
138.0	30.93324012583013	19.630037910359476	19.736688803448676	29.700033160361716	0.0
139.0	30.572731697643814	19.179391033152456	19.89778442789926	30.350092841304466	0.0
140.0	29.03065106336727	21.43310024999094	20.0056157385602	29.530632948081593	0.0
141.0	31.959522791180188	17.089062599532255	20.79826006242663	30.15315454686092	0.0
142.0	26.957149779212113	20.22197639443779	24.48231411305437	28.33855971329573	0.0
143.0	27.91592794348653	19.238648159545836	18.964899548957824	33.880524348009814	0.0
144.0	28.460757156048018	19.686980609418285	18.210526315789473	33.64173591874423	0.0
145.0	27.42781786606488	19.616638341737943	16.46746347941567	36.488080312781506	0.0
146.0	33.29001738870295	14.38400987229587	19.759549763476244	32.56642297552494	0.0
147.0	34.48223648098726	16.219976151269094	22.521908655575114	26.775878712168534	0.0
148.0	31.780374102946013	16.838501266998087	21.431611118633576	29.949513511422328	0.0
149.0	32.35130169085617	17.10262815616161	23.668889485310814	26.877180667671407	0.0
150.0	27.14383327639221	17.504139181624662	27.12018080996557	28.23184673201756	0.0
