# Position (bp)	A	C	G	T	N
0.0	21.525715845875567	27.93931947715095	34.69250196239036	15.84246271458312	0.0
1.0	22.9667929422204	22.072625507661854	14.683799187741034	40.276782362376714	0.0
2.0	25.415810606900198	21.391974492971073	18.026274285811716	35.165940614317016	0.0
3.0	18.645900745938214	25.286964814877894	13.58612350556899	42.481010933614904	0.0
4.0	35.006085572511935	11.280864066183794	12.683524695508591	41.02952566579568	0.0
5.0	37.871916823360245	13.091642347255664	24.19065283792637	24.84578799145772	0.0
6.0	32.605126372831755	17.39529898170125	22.320904473878976	27.67867017158802	0.0
7.0	36.58132017693093	17.946580469547467	20.230520585233073	25.241578768288537	0.0
8.0	20.961348712190805	31.195774216596917	22.115613623217993	25.727263447994286	0.0
9.0	28.36171262353922	18.91234456597547	13.945260006464014	38.780682804021296	0.0
10.0	25.455225848153155	16.289473460396838	27.920802184063483	30.334498507386527	0.0
11.0	27.249455708259628	18.285651108994422	19.516260715743638	34.94863246700231	0.0
12.0	24.7444510587635	20.146270941406584	22.866740369079004	32.24253763075091	0.0
13.0	25.00382672585336	23.24268244978485	17.63950541694304	34.113985407418745	0.0
14.0	30.91300244045544	18.9241588081734	19.9989796005136	30.163859150857558	0.0
15.0	29.981724680181905	17.664159122784646	19.78494623655914	32.56916996047431	0.0
16.0	31.003272001019845	17.268516551225936	18.239068542047338	33.489142905706885	0.0
17.0	29.92861998640381	18.360808973487426	19.379673691366417	32.330897348742354	0.0
18.0	31.6716937847827	17.505416542758827	18.754407578911593	32.068482093546876	0.0
19.0	30.63043164306406	18.87726929056264	18.858579766041135	31.633719300332164	0.0
20.0	31.14710929138139	17.32046686260852	18.4638385348533	33.068585311156795	0.0
21.0	30.444384045661483	16.615138954950055	20.355711082421692	32.584765916966774	0.0
22.0	29.486852833265388	18.648933278978124	19.695271096616388	32.1689427911401	0.0
23.0	29.45257830015626	17.697363951355392	20.105815612473673	32.74424213601467	0.0
24.0	30.722328843900204	17.95546799368196	18.45564632551504	32.8665568369028	0.0
25.0	28.759690580713094	18.025966086151705	19.50598204960558	33.70836128352962	0.0
26.0	30.93584431463117	17.00431327265317	19.935300910202418	32.124541502513246	0.0
27.0	29.018016335263454	17.770117675026746	19.85023178414359	33.36163420556622	0.0
28.0	29.95356102861897	17.574646189372523	20.259956362648467	32.21183641936004	0.0
29.0	29.18934062295722	18.42554311376737	18.970567011622084	33.41454925165333	0.0
30.0	29.798035536916455	18.06049595476811	18.946796498943062	33.194672009372375	0.0
31.0	30.185411572942133	18.413814180929094	20.193221950556914	31.207552295571855	0.0
32.0	29.58400543339842	17.885219458358094	19.37006537057475	33.16070973766873	0.0
33.0	29.384646732209262	17.825548027779192	20.29188528348021	32.497919956531334	0.0
34.0	29.750747079597932	18.08611790274382	20.155867970660147	32.0072670469981	0.0
35.0	30.032854802149572	17.569254017709333	18.655924476403122	33.74196670373797	0.0
36.0	30.093980015451095	17.609155198614495	19.045597711200347	33.251267074734066	0.0
37.0	27.54548464601357	19.85023814173041	18.49864586074864	34.105631351507384	0.0
38.0	29.68069481351932	18.665047925492626	19.379897611790774	32.27435964919728	0.0
39.0	29.212548287133338	18.992231608439106	19.955851763806937	31.839368340620624	0.0
40.0	30.621168639304454	18.595153594049822	19.3711898656795	31.412487900966223	0.0
41.0	29.70299551691346	18.33480505366119	19.891998369786716	32.070201059638634	0.0
42.0	29.53258331564424	19.04393971555933	20.226703459987263	31.196773508809173	0.0
43.0	30.857792985167137	18.538958557977228	19.87451073620934	30.728737720646293	0.0
44.0	29.624724061810152	19.10001698081168	19.844625573102395	31.43063338427577	0.0
45.0	31.03536103918156	18.522732096616718	19.257970030139663	31.183936834062067	0.0
46.0	30.462946455101918	17.74189440440109	19.76839942609242	32.02675971440458	0.0
47.0	29.54859961456503	18.073843907325813	19.38126650196538	32.996289976143785	0.0
48.0	29.84693227835743	18.110042363168663	19.831735871161634	32.21128948731227	0.0
49.0	28.040477443672852	20.443316297943866	19.20895801144371	32.30724824693957	0.0
50.0	29.884120718196865	19.025425527399296	18.93968334818965	32.150770406214185	0.0
51.0	30.33711680660141	18.06728752981926	19.54954878473254	32.04604687884679	0.0
52.0	29.53740884432861	17.585085701187676	19.759238664436765	33.118266790046945	0.0
53.0	31.592172842650367	17.719767392503925	19.164650452056538	31.52340931278917	0.0
54.0	30.129636389876985	17.710181592821183	20.47355061082765	31.68663140647418	0.0
55.0	29.59318810805304	18.245411481060156	18.87956941779717	33.28183099308963	0.0
56.0	30.13668392902623	17.515918159436286	19.436284913829695	32.91111299770779	0.0
57.0	27.73443137920788	17.905505794456	20.081504436048732	34.27855839028739	0.0
58.0	28.893077275737355	18.075153244018814	19.538824648090607	33.49294483215323	0.0
59.0	29.36077362607507	17.193482930473838	20.27796880704346	33.16777463640763	0.0
60.0	28.847476333998383	17.932673939805575	19.996603981831303	33.22324574436473	0.0
61.0	29.28810969138685	17.732308867852442	19.74105361463684	33.23852782612387	0.0
62.0	29.407719345910245	18.479054524460444	19.568355096704078	32.54487103292523	0.0
63.0	28.366205075521517	18.0385630959153	20.719810495750586	32.87542133281259	0.0
64.0	28.935303107488537	19.06265919510953	20.478009848870776	31.524027848531162	0.0
65.0	29.859401266747042	17.389753952216807	20.003905520368136	32.746939260668015	0.0
66.0	29.800728483006306	18.140755143107008	20.751577106275313	31.306939267611373	0.0
67.0	28.353583467060634	18.22936566562232	20.215322176655885	33.20172869066116	0.0
68.0	30.40713224368499	17.817023986414775	19.428571428571427	32.347272341328804	0.0
69.0	29.220619327010432	17.25522827812826	20.165063299737632	33.359089095123664	0.0
70.0	28.600905161799794	17.018909899888765	20.023096060932843	34.3570888773786	0.0
71.0	29.613307519869576	18.706269954486785	19.360946946538956	32.319475579104676	0.0
72.0	30.07353440662999	17.92931866041709	21.08127844575776	30.915868487195162	0.0
73.0	30.673278592474972	17.810592101352672	18.666519483386686	32.849609822785666	0.0
74.0	29.284343528692492	18.805937197493332	19.693290083725355	32.21642919008882	0.0
75.0	29.88578949603023	17.748057572283784	19.054048316562646	33.31210461512334	0.0
76.0	29.2252953015005	18.14862305856778	19.590526575012102	33.03555506491963	0.0
77.0	29.487092391304348	17.23335597826087	20.637737771739133	32.64181385869565	0.0
78.0	29.22978940217391	18.102921195652176	19.00475543478261	33.662533967391305	0.0
79.0	30.37220085089038	17.80840530235481	18.39010181812006	33.429292028634755	0.0
80.0	29.79270871370704	18.3496522499724	19.457017417223604	32.40062161909695	0.0
81.0	30.03328917422467	18.2606406467611	19.080131797955094	32.625938381059136	0.0
82.0	30.368137234087722	18.174175194259266	18.89431446647701	32.563373105176005	0.0
83.0	29.98140174772617	18.70185897599212	19.079768668314184	32.23697060796752	0.0
84.0	30.2584310694783	17.75216774664753	18.712685458050597	33.27671572582357	0.0
85.0	29.93027423203988	17.524013350658617	18.986470992891537	33.55924142440996	0.0
86.0	29.767465561462807	17.582762896404127	19.131010819900464	33.51876072223261	0.0
87.0	30.118476368423288	17.79183829461973	20.529958809291266	31.559726527665717	0.0
88.0	30.628572399208448	18.654187510085528	17.90934492921023	32.8078951614958	0.0
89.0	29.96747097442692	19.813828657816735	19.316975395146976	30.901724972609372	0.0
90.0	31.038143690705716	19.129600217430077	18.972473012340856	30.85978307952335	0.0
91.0	29.62629522677085	19.06488873789706	19.132835060302362	32.17598097502973	0.0
92.0	28.29770428312992	17.964005741415477	19.492785011168582	34.24550496428601	0.0
93.0	29.905978477819584	18.64717723099398	19.76150638276187	31.685337908424565	0.0
94.0	30.421968165525676	18.258107258735794	18.9214670358605	32.39845753987803	0.0
95.0	31.04391404060138	18.33772190605623	19.283105410685465	31.335258642656928	0.0
96.0	29.361000925839413	19.384868896042672	19.112213435713617	32.1419167424043	0.0
97.0	29.468176374153764	18.356876502416608	19.67687956033875	32.498067563090885	0.0
98.0	28.600795080017665	17.97849206618871	20.10889878019775	33.31181407359587	0.0
99.0	29.975619908425998	18.55605297360664	19.989126649054104	31.47920046891326	0.0
100.0	30.881025763277535	19.19559997956647	19.12578541386415	30.79758884329184	0.0
101.0	30.377422935701475	18.828451882845187	19.08718299035095	31.70694219110238	0.0
102.0	29.324941612858908	18.426294820717132	20.69652424783624	31.552239318587716	0.0
103.0	28.66949167140372	17.764801130001896	19.483919866329042	34.08178733226534	0.0
104.0	30.682329720558194	17.694518508258597	19.139340004847814	32.4838117663354	0.0
105.0	30.3440295131034	17.84881495144955	19.459332474854698	32.347823060592354	0.0
106.0	29.552262267594685	18.52692801439188	20.042092761267675	31.878716956745755	0.0
107.0	30.129362477869904	17.540184753457556	19.247489000683622	33.08296376798892	0.0
108.0	28.699882983309728	18.97078102042073	20.93718931188907	31.392146684380474	0.0
109.0	29.198710873692114	18.423027680897093	19.483466513619707	32.89479493179109	0.0
110.0	29.814550641940084	17.42851826583142	21.56546548409105	31.19146560813744	0.0
111.0	29.734078967255527	18.50689474292522	20.549090036185174	31.209936253634073	0.0
112.0	29.51567002399793	17.890501637033534	19.884381718751392	32.70944662021714	0.0
113.0	30.827545467564082	18.22730201918946	19.0194042675068	31.925748245739655	0.0
114.0	30.392764440133284	17.63892256980932	18.78766649601667	33.18064649404072	0.0
115.0	28.442905950545832	18.006688842613876	21.212285114170072	32.338120092670216	0.0
116.0	30.03901052650634	17.70860675398025	18.731388539413306	33.520994180100104	0.0
117.0	29.964941599607638	17.05418611832664	21.237579698824728	31.743292583240994	0.0
118.0	30.944156329465805	17.572481930785568	19.20030624242369	32.28305549732494	0.0
119.0	31.375525882568134	18.32174867386135	18.37570879824401	31.927016645326507	0.0
120.0	30.73500949375797	17.69691521661362	19.280125482714023	32.28794980691439	0.0
121.0	30.4259410914913	18.369112139643164	19.60856482972478	31.596381939140755	0.0
122.0	29.616869562004695	17.9927216300593	19.810466813219293	32.57994199471671	0.0
123.0	28.30061059790414	19.134229618167836	19.370500430846775	33.19465935308125	0.0
124.0	29.32786244626807	18.586129254359033	19.652393978302538	32.43361432107036	0.0
125.0	28.921527407947227	18.515196531845916	19.90638226308266	32.6568937971242	0.0
126.0	30.1862887710572	18.211252404861337	18.931068462296466	32.671390361784994	0.0
127.0	30.425848775614078	18.361076026919523	19.002959639564914	32.21011555790148	0.0
128.0	29.721722669190726	17.886417415996213	19.53147184098438	32.86038807382868	0.0
129.0	30.088588103340115	16.896374731479195	20.854323897876547	32.160713267304146	0.0
130.0	29.22729050785685	18.497705437302624	18.47671567458235	33.79828838025817	0.0
131.0	29.33635858846956	17.495739751469547	20.23378712160377	32.93411453845712	0.0
132.0	30.33445458913984	17.88467083133109	19.999038923594426	31.78183565593465	0.0
133.0	30.878536768890903	17.434715080888665	19.519394950849403	32.16735319937103	0.0
134.0	31.103941402162537	17.246056660078285	20.037398752083092	31.612603185676086	0.0
135.0	31.462282059519293	16.489977901735735	19.97605210128209	32.07168793746288	0.0
136.0	28.49803802608789	19.573747712661337	19.289970937344044	32.63824332390672	0.0
137.0	30.796320889282374	17.46397127539226	20.36495991343269	31.374747921892677	0.0
138.0	29.891207595687863	17.91316388092177	20.39857580852537	31.797052714865	0.0
139.0	28.54785642575271	19.481526395833125	20.550082999512938	31.420534178901228	0.0
140.0	30.264380100078903	17.98224148779976	19.33660271072003	32.416775701401306	0.0
141.0	28.95446660449819	18.432953303452358	20.209768472560636	32.402811619488816	0.0
142.0	30.170365298642714	17.3295340126465	19.885013492287246	32.61508719642354	0.0
143.0	30.71112953619349	18.233753627438094	20.149849846813417	30.905266989555003	0.0
144.0	29.630796434995577	17.64717838233351	21.181695307974515	31.540329874696393	0.0
145.0	31.161930453797655	19.375044705353403	18.86923556400274	30.593789276846206	0.0
146.0	30.270525742584432	17.52612273834109	20.43275899269488	31.7705925263796	0.0
147.0	30.01715797742589	18.3559350064084	19.48360689626659	32.14330011989912	0.0
148.0	30.747784112188427	18.250384919479007	19.334401398193997	31.667429570138573	0.0
149.0	30.000418445058163	18.96079169805005	20.71512260440204	30.32366725248975	0.0
150.0	30.4562385572087	19.076579894358044	18.532586965213916	31.934594583219344	0.0
151.0	30.141851468194407	18.215546582669177	20.16574001648944	31.476861932646976	0.0
152.0	29.367812426928552	18.052632697744617	19.641604489509596	32.93795038581723	0.0
153.0	30.092058609936352	18.87094707163911	20.53270109786834	30.504293220556196	0.0
154.0	30.309079201545398	17.24404378622022	19.93024254131788	32.51663447091651	0.0
155.0	31.060900340972854	17.580603392464067	20.21019465665329	31.148301609909794	0.0
156.0	29.99728659032941	18.83106311390894	19.159928365984698	32.01172192977696	0.0
157.0	30.813331294909034	17.57485749230131	19.77198768209317	31.83982353069649	0.0
158.0	29.333304010292387	18.625262532850968	20.496805621226947	31.544627835629697	0.0
159.0	31.451140047128582	17.474084809328364	19.399055215674128	31.675719927868922	0.0
160.0	30.35217071703829	18.168756821776224	19.592141313790567	31.886931147394915	0.0
161.0	29.45070454087233	18.418871390488135	19.776428683438247	32.35399538520129	0.0
162.0	30.150555568076808	18.794653925037753	18.825080574274832	32.229709932610604	0.0
163.0	30.107563444297096	17.823342060820384	19.619844265360946	32.449250229521574	0.0
164.0	31.73706670317884	17.610278177129686	19.822687752447457	30.829967367244016	0.0
165.0	28.927423059255858	18.36242535599449	20.184887459807076	32.52526412494258	0.0
166.0	30.737581767330052	17.5323024293276	19.195386357857753	32.534729445484594	0.0
167.0	29.499767333643558	18.557468590041882	19.507910656119126	32.434853420195445	0.0
168.0	30.402174932033375	17.340864347989125	19.58610668416612	32.67085403581138	0.0
169.0	30.26995776010572	17.90239988673101	19.542440474785852	32.28520187837742	0.0
170.0	31.333935490004993	17.621401915808992	20.603265907632338	30.441396686553684	0.0
171.0	29.35438310911093	18.410973332694976	20.658782975056255	31.57586058313784	0.0
172.0	29.14969020468189	18.843270088478505	19.672605414788205	32.3344342920514	0.0
173.0	30.814609810276394	18.571792724227084	19.00392071179734	31.609676753699183	0.0
174.0	29.978369526695914	18.80995735008371	20.205550599420743	31.00612252379963	0.0
175.0	29.415964938198652	19.191658048948636	18.907273354015857	32.485103658836856	0.0
176.0	29.371782945736435	17.912558139534884	21.428837209302326	31.286821705426355	0.0
177.0	29.486762424303087	18.34617886992643	19.901406336019217	32.265652369751265	0.0
178.0	28.796821793416573	18.423508639172656	19.959641821162823	32.820027746247945	0.0
179.0	31.036456610781794	18.4432798229323	18.8859490675961	31.634314498689804	0.0
180.0	29.15415222692851	18.31087151841869	20.517263509177255	32.01771274547555	0.0
181.0	31.01779359430605	17.534778388870915	19.417664186347462	32.029763830475574	0.0
182.0	29.573915200898394	17.228816547185332	20.996069521160603	32.20119873075567	0.0
183.0	30.792610720770508	18.26004578826873	19.525801952580196	31.42154153838057	0.0
184.0	30.881201650677387	17.706301500736433	18.62983161498348	32.7826652336027	0.0
185.0	29.832938753126548	19.63003089763653	20.848548078595027	29.6884822706419	0.0
186.0	31.227217496962332	19.11300121506683	19.14000270014851	30.519778587822334	0.0
187.0	28.537761551874457	18.92028116826504	20.005993897122927	32.53596338273758	0.0
188.0	30.157462974178273	18.04217364972747	20.408247536199966	31.39211583989429	0.0
189.0	30.132321463319713	17.921774664331583	20.76835404331026	31.177549829038448	0.0
190.0	29.75279700155818	19.02382189030981	19.501101955444504	31.72227915268751	0.0
191.0	31.490875085014736	17.124801632282928	18.961119927454092	32.42320335524824	0.0
192.0	29.13393713067491	18.883690317780545	20.460431242935428	31.52194130860912	0.0
193.0	31.00854799751226	17.622470675016995	19.72692691534445	31.642054412126296	0.0
194.0	31.160679094346232	18.156869042231726	20.25020802008671	30.43224384333533	0.0
195.0	30.55903550531327	18.359887397013956	20.26706362658256	30.814013471090213	0.0
196.0	30.531507502495863	18.116255159362847	18.925362459209367	32.42687487893192	0.0
197.0	29.69718860995726	18.93173198482933	19.845283246041777	31.52579615917163	0.0
198.0	29.652516704464166	18.13518820109283	20.095584542092208	32.1167105523508	0.0
199.0	29.658707800304807	17.918995058421466	19.44457273049154	32.97772441078218	0.0
200.0	28.55098389982111	18.201757797308858	20.94267714085712	32.304581162012916	0.0
201.0	30.95125711948142	17.503697410239464	20.187859907486075	31.35718556279304	0.0
202.0	29.98489546068845	18.519755147468004	20.042928690674934	31.452420701168617	0.0
203.0	28.87704838865458	18.925662406232895	19.66936029104021	32.527928914072305	0.0
204.0	30.419528586252902	18.914200062591622	19.5285862529031	31.137685098252376	0.0
205.0	30.355921173388513	17.642543676684074	19.643244505998766	32.35829064392865	0.0
206.0	30.035317775487098	17.405410885986107	20.046639741791576	32.51263159673522	0.0
207.0	29.049714863082905	18.993715000085626	21.45805147877314	30.498518658058327	0.0
208.0	29.97102153429697	18.095056308455813	20.109667007930035	31.82425514931718	0.0
209.0	28.774803592456543	18.500096665905055	20.12408387085435	32.60101587078405	0.0
210.0	28.81304634228845	18.20221118410511	21.456675390339868	31.52806708326657	0.0
211.0	29.25569382484151	19.423122076327054	19.829501327505554	31.49168277132588	0.0
212.0	29.384415441782135	18.438249345609638	20.30898207977156	31.868353132836667	0.0
213.0	30.69159988127041	17.649896111605816	20.46972395369546	31.188780053428317	0.0
214.0	29.739966082532504	17.3487846240814	19.003203316374602	33.90804597701149	0.0
215.0	30.978520286396183	19.052983293556085	19.469212410501193	30.49928400954654	0.0
216.0	30.075726763891307	16.439099025816823	20.63215385509267	32.85302035519919	0.0
217.0	28.621346263324238	18.88851808955458	20.093834043305	32.39630160381618	0.0
218.0	29.792709933563433	17.469026195558925	20.166390678929833	32.57187319194781	0.0
219.0	30.94890510948905	17.80008110300081	20.52108678021087	30.729927007299267	0.0
220.0	29.97981296090306	17.422650681827545	20.15202076381164	32.44551559345775	0.0
221.0	29.844223732357555	17.904861474124413	20.57710402509148	31.673810768426552	0.0
222.0	29.140510288766414	18.577234907326623	18.821952205647648	33.46030259825932	0.0
223.0	27.94384841668109	18.69700640249178	20.72590413566361	32.63324104516352	0.0
224.0	29.989667831783507	17.832882674932403	20.426916397370793	31.750533095913298	0.0
225.0	29.491041345917846	18.733962558850436	19.869692304259544	31.905303790972177	0.0
226.0	30.059847660500544	18.89961915125136	18.91095393543707	32.12957925281103	0.0
227.0	30.50796651986442	18.289561668472874	19.811386013050797	31.39108579861191	0.0
228.0	29.833982085072456	18.2033484969282	21.040660319842424	30.92200909815692	0.0
229.0	29.459491707433482	19.34852642882711	19.38670803006801	31.8052738336714	0.0
230.0	29.790915293888293	17.664977093283944	19.914221659031096	32.629885953796666	0.0
231.0	29.24696999801311	16.91585535465925	20.318398569441683	33.51877607788595	0.0
232.0	31.103416902547515	17.167913465426608	19.47280630812778	32.2558633238981	0.0
233.0	28.640951694304256	17.367906066536204	20.746214852198992	33.244927386960555	0.0
234.0	29.529180327868854	18.26360655737705	20.435409836065574	31.771803278688527	0.0
235.0	29.322986352689323	17.043082686647043	21.763446614931762	31.87048434573187	0.0
236.0	28.740437158469945	19.10382513661202	21.101092896174865	31.05464480874317	0.0
237.0	29.91538912624613	19.05559744212672	21.147133562313254	29.8818798693139	0.0
238.0	30.172019659389644	19.92513430106298	19.49365641787633	30.409189621671047	0.0
239.0	28.941836019621586	20.380752160710113	19.34419528147629	31.333216538192012	0.0
240.0	31.77670745205971	17.928620576180933	20.13641666915966	30.158255302599695	0.0
241.0	29.28700776526196	17.74653939412541	22.718762468923607	30.247690371689025	0.0
242.0	26.256082917272327	19.496934841686155	22.63793212412311	31.609050116918407	0.0
243.0	26.680297277123294	20.15058579171129	17.356310648103072	35.81280628306234	0.0
244.0	26.143287579511217	19.414127887512556	18.55708068295949	35.88550385001674	0.0
245.0	31.309618099796825	16.415854540445608	16.305657908330176	35.968869451427395	0.0
246.0	34.29871006716179	14.89286095021499	20.695781955154402	30.11264702746882	0.0
247.0	35.55662188099808	17.233869777055958	19.45223682267828	27.75727151926768	0.0
248.0	32.45872412991241	18.060615456166186	21.808386946748314	27.672273467173085	0.0
249.0	26.99534563006378	21.625581796242027	23.952766764350976	27.426305809343216	0.0
250.0	19.279338123231003	21.04289135641193	35.488787284998914	24.18898323535815	0.0
