# Position (bp)	A	C	G	T	N
0.0	26.43839241819956	23.691994327013465	23.97641676598627	25.89319648880071	0.0
1.0	26.735667846721128	20.708209388038934	15.50450192870774	37.0516208365322	0.0
2.0	28.824875266841648	19.97774852939451	17.658350202533935	33.53902600122991	0.0
3.0	23.339976037682753	22.66230426070206	14.985598732903801	39.012120968711386	0.0
4.0	34.04818947885586	13.2008230770717	14.833480081369254	37.91750736270318	0.0
5.0	35.25416768038605	14.949236291535527	23.545457016895384	26.251139011183046	0.0
6.0	31.439246847536083	17.291763781792007	21.044982208095046	30.22400716257686	0.0
7.0	35.12911102297727	17.20310094977558	20.20752208566996	27.460265941577195	0.0
8.0	22.503289149573718	27.14204572269799	22.75420841409586	27.600456713632436	0.0
9.0	27.362467732938995	18.697701003815055	15.463998474309307	38.47583278893664	0.0
10.0	26.622502226575556	16.787455113147573	24.98507566492984	31.604966995347027	0.0
11.0	28.10913987531177	18.766381924429183	19.083235976713897	34.04124222354515	0.0
12.0	26.07177149304345	20.17975716457781	20.690869066869578	33.057602275509154	0.0
13.0	26.323132346767856	20.97478332459815	18.916756847461567	33.78532748117243	0.0
14.0	30.31974922149204	18.756128775139192	20.438694033053505	30.48542797031527	0.0
15.0	29.55360575523207	18.68421873348353	20.054732221687715	31.707443289596682	0.0
16.0	29.58512418454344	18.244037096804906	18.496253529608694	33.67458518904296	0.0
17.0	30.170105680575897	17.99238645016652	19.877613552593413	31.959894316664165	0.0
18.0	31.725093058024544	17.869610852275443	19.12311700154308	31.282179088156937	0.0
19.0	29.93400725365463	18.550141211947086	20.12265416086046	31.393197373537824	0.0
20.0	29.586766344389346	17.785791701821307	20.254854928287294	32.37258702550206	0.0
21.0	28.986619019191746	18.861475399203538	19.955595445780162	32.19631013582456	0.0
22.0	30.07245926822597	18.809685265575887	22.683388545783277	28.434466920414863	0.0
23.0	29.584103009513214	20.31881636430226	21.384164114419075	28.712916511765453	0.0
24.0	33.14242880133095	19.482405016232544	17.68026568214354	29.694900500292963	0.0
25.0	29.40490059137074	20.997814961428563	19.598584375414852	29.998700071785844	0.0
26.0	31.750318841203693	16.506549181859405	22.479898721516463	29.263233255420438	0.0
27.0	26.127011542313767	21.36240204654516	24.810013145558564	27.700573265582513	0.0
28.0	26.66152767232536	19.95767919482833	18.886632184069835	34.49416094877648	0.0
29.0	27.97434477132165	20.40655461892646	17.22225488142364	34.39684572832825	0.0
30.0	26.73112262233191	19.157004125074266	15.85641943775025	38.25545381484358	0.0
31.0	34.33591128920498	14.479316124734574	18.464926256293975	32.719846329766476	0.0
32.0	34.269974067541696	15.496159007723879	22.754635933142573	27.47923099159185	0.0
33.0	31.167939713977876	17.155648444076366	21.245931327953375	30.430480513992382	0.0
34.0	32.78785059234711	16.51366448391552	22.158045399583497	28.54043952415387	0.0
35.0	26.6869289355273	20.287047937813075	25.466920323932374	27.559102802727253	0.0
