# Position (bp)	A	C	G	T	N
0.0	26.241092939988132	24.252946748259856	24.45299941438414	25.05296089736787	0.0
1.0	27.370786781043893	20.038874672288863	15.524592540922255	37.06555006485643	1.9594088855274142E-4
2.0	27.925733008485253	19.81247643255853	17.68872025617931	34.573070302776905	0.0
3.0	23.90926655967091	21.839599856646462	14.827742025959456	39.42319678389454	1.9477382863019463E-4
4.0	33.8467368175591	14.437481174881706	14.661536518300444	37.05210792743949	0.002137561819259432
5.0	36.09441151977389	14.436794014935483	22.590939708705637	26.868925301223527	0.008929455361458529
6.0	31.915797148380765	17.71063801732379	20.198484798538704	30.170814047511474	0.0042659882452632985
7.0	34.892430618523946	17.314756690149032	20.64607503506855	27.146156409600646	5.812466578317175E-4
8.0	23.096874594734796	27.07742573605839	21.98139118955863	27.843534241643553	7.742380046338144E-4
9.0	28.540426791174827	18.662684881271748	15.409045280559203	37.38764963125289	1.9341574133352417E-4
10.0	26.743181418435057	17.112412128193778	24.709059034777617	31.434960850295628	3.865682979204559E-4
11.0	28.486149292830554	18.390269441122662	19.473095491541205	33.64894026007144	0.001545514434138868
12.0	26.951125562105272	19.771817600821752	20.453970601580558	32.81883846701897	0.004247768473448551
13.0	27.429922323539348	21.150769527669226	18.912915520818256	32.50600665798234	3.8596999083321274E-4
14.0	31.85178752352005	18.620157282771267	20.2080378250591	29.319245428667923	7.719399816664255E-4
15.0	29.935060549042312	18.406908862835913	19.78945337000048	31.867419308148794	0.0011579099724996383
16.0	30.470979881314225	18.008780817291456	19.444010228204757	32.07333429825831	0.0028947749312490953
17.0	29.85226998600859	18.26506489120471	20.70285135330728	31.175761084575676	0.004052684903748734
18.0	32.37342596613113	18.270854441067208	18.285135330728036	31.06209292227529	0.00849133979833068
19.0	30.849616442321608	18.393978868143	19.519853331403482	31.236551358131905	0.0
20.0	29.924832344285228	18.399575433010085	19.786365610073815	31.889226612630868	0.0
21.0	30.381434843440925	17.22275293095962	19.609591354272204	32.78602788633184	1.9298499541660637E-4
22.0	28.33888165195156	19.740049211173833	19.73657548125633	32.18333574564578	0.0011579099724996383
23.0	30.46808510638298	17.85844550586192	20.040719834032906	31.631398658754286	0.0013508949679162444
24.0	30.88744150142326	17.963043373377722	18.29787234042553	32.84971293481932	0.0019298499541660634
25.0	29.174506682105466	18.229555652048056	19.63487238867178	32.96087229217928	1.9298499541660637E-4
26.0	31.960245090944177	17.691320499831136	20.264582428716167	30.083658995513098	1.9298499541660637E-4
27.0	28.986153326578858	17.997973657548126	19.96352583586626	33.052347180006755	0.0
28.0	30.615139672890436	17.91807786944565	20.271915858542	31.192164809186085	0.0027017899358324888
29.0	29.010083466010517	18.59024460848169	19.083514256766538	33.31345587880542	0.0027017899358324888
30.0	30.25821641546211	18.013779261632283	19.43628538896501	32.29036802593743	0.0013509080031649844
31.0	30.986861404023408	18.321857003906068	19.187599388615276	31.502910253045346	7.719504099056677E-4
32.0	29.01747892088844	18.364542705344032	19.141319304394145	33.47646608139847	1.929879749192828E-4
33.0	29.42659080908747	18.01842659852865	19.437668382982995	33.11577029666283	0.0015439127380520454
34.0	29.577350625289483	18.31113941639648	19.367569862590706	32.74394009572333	0.0
35.0	30.477505576531254	17.502872758524127	19.60157977577999	32.41784876254116	1.9312662347067857E-4
36.0	31.275871194049166	17.77852036568806	18.803999930462865	32.14160850979991	0.0
37.0	29.065393658269883	19.251804898970093	19.377766272103614	32.30464878607624	3.863845801641748E-4
38.0	30.734895153000103	18.671306780853154	18.745893846760293	31.847131296423687	7.729229627683008E-4
39.0	29.597448412506644	19.283622481032232	19.171700575073697	31.947228531387427	0.0
40.0	29.687442555258215	18.241644269264185	19.209908649557565	32.85810205475609	0.002902471163948986
41.0	29.60916583039184	18.14548469713936	20.31431017982169	31.9292957080697	0.0017435845774132178
42.0	29.13409489243559	18.091294030059093	19.648341166069518	33.123167837699505	0.0031020737362927116
43.0	30.03812091994607	18.513381121899645	20.03627792381636	31.40853404207851	0.0036859922594162553
44.0	29.302821248461647	18.716442594756604	19.568795835096534	32.41174620798895	1.941136962741817E-4
45.0	29.838470039173494	18.232667623507204	19.71240403271385	32.216264087987895	1.9421661756223186E-4
46.0	30.516226681977237	17.738892548141845	19.725964051239902	32.01833382878971	5.82889851304799E-4
47.0	30.185510581722617	18.35318540173226	19.613701037179865	31.84527049091107	0.0023324884541821517
48.0	30.308674620086794	18.073291751567094	18.574333888102533	33.04253316949495	0.001166570748627335
49.0	29.197406836133904	17.846382466384373	20.43935182573752	32.516080844781676	7.780269625243863E-4
50.0	29.757773344362803	18.48338280375651	19.02291859276921	32.73592525911148	0.0
51.0	30.09852331939405	17.8039588602785	19.48739034019385	32.6101274801336	0.0
52.0	29.262096443748952	18.1869090313089	20.263567646037313	32.28723175923794	1.9511966689170467E-4
53.0	31.09960634151583	18.01764137028318	18.91768337354576	31.95451925800748	0.010549656647748918
54.0	30.19482297354382	18.651728022278892	19.275583960448706	31.875518250230765	0.002346793497817482
55.0	29.023985340986506	18.406380429590534	18.287550018402072	34.281301144060826	7.830669600557543E-4
56.0	29.297216376469116	18.416081764777346	20.31931528269278	31.96719062902916	1.9594703159841833E-4
57.0	28.175213968490503	19.094910834207507	19.638630993813784	33.090459897451986	7.843060362153312E-4
58.0	30.59067548660428	17.63078317827799	21.862312427517104	29.916032676416744	1.9623118388235547E-4
59.0	29.12927661045717	20.514764815891624	20.62654209426223	29.721951564489007	0.0074649148999701405
60.0	31.32289440226098	18.617668245102323	20.063452326126065	29.995985026510635	0.0
61.0	29.096440055438688	20.820263905509762	19.71267302410952	30.37042586455374	1.9715038828768973E-4
62.0	31.071242233078785	16.69552087780044	21.828013091116066	30.404630903255388	5.928947493241E-4
63.0	26.405290224275035	20.799604780724728	25.34542005936225	27.448692919384793	9.920162531942922E-4
64.0	26.399332826451282	20.287290662356842	18.277211405642312	35.034174731000874	0.001990374548682571
65.0	27.333527652557226	19.61432957871326	18.477362475893102	34.56899064472723	0.005789648109180785
66.0	26.5498055542755	19.62549412856058	17.098801669368136	36.719286892094146	0.0066117557016375115
67.0	33.327906775760574	14.438863799434431	17.977582287716082	34.25444123540608	0.0012059016828357984
68.0	34.3742199438664	15.786814083323694	22.915537804944872	26.923428167865037	0.0
69.0	31.844588858700728	17.38049328238476	20.21469801346221	30.560219845452302	0.0
70.0	32.60338784655284	16.533343460089043	22.22763308679151	28.635635606566606	0.0
71.0	25.784444011816387	20.558203051156386	25.42555082486182	28.231802112165404	0.0
