# Position (bp)	A	C	G	T	N
0.0	26.479400895375456	24.28295739544187	24.673609863193505	24.56325054105367	7.813049355032776E-4
1.0	27.016461545642667	20.134469667501673	15.127740349457767	37.720939459476284	3.8897792161316923E-4
2.0	28.072725299598467	20.202354929228097	17.80343549912407	33.92148427204936	0.0
3.0	23.678949147631236	22.205244603274256	14.91650166610325	39.197566040469404	0.0017385425218525135
4.0	34.668257848439936	13.751275191038054	14.235944026331493	37.34317556252767	0.0013473716628491137
5.0	36.033556041355304	14.661269935185434	22.73427564824171	26.565903773229703	0.004994601987851591
6.0	32.20521002730815	17.389194869749318	20.424158510018103	29.980861280721673	5.753122027553619E-4
7.0	35.47739020685983	16.868240571033493	20.35159085381152	27.302012291698986	7.66076596168468E-4
8.0	23.131571849672618	26.801573896426596	22.23214781006888	27.83470644383191	0.0
9.0	28.71216927981164	18.0530604756408	15.763723788920062	37.47085534312339	1.9111250410891882E-4
10.0	26.946799572257866	16.79632600061106	24.932210510235258	31.323136266422242	0.001527650473571647
11.0	28.332003953791023	18.534921973689734	19.574891137172887	33.55818293534636	0.0
12.0	26.497809664936906	19.862343591768077	21.221362108061616	32.41829392255921	1.9071267419218878E-4
13.0	27.5594422518785	21.34204092211002	18.18245917603139	32.91567651828575	3.811316943400038E-4
14.0	31.48490813773337	18.537102217614766	20.29812121131275	29.679487301644773	3.811316943400038E-4
15.0	29.771530605827884	18.721569957675325	19.236478876728672	32.27042055976812	0.0
16.0	30.523884570455053	17.708521914119597	18.902798078333998	32.86460487124418	1.905658471700019E-4
17.0	30.132081188673528	18.39894197841651	19.99092906567471	31.477857201388083	1.905658471700019E-4
18.0	31.931022785958348	18.052112136567107	18.27774209961639	31.739122977858152	0.0
19.0	30.642225961547627	18.287270391974893	19.508035208945923	31.56227787168439	1.905658471700019E-4
20.0	30.32150364076051	18.09575171556904	19.764155707542404	31.818207804433708	3.811316943400038E-4
21.0	30.33255645989637	17.205999775132298	19.18026195181352	33.28022898392196	9.528292358500094E-4
22.0	28.781350463932554	18.893841483517008	19.819229237374536	32.50519768348156	3.811316943400038E-4
23.0	30.04308693804514	17.641442735915756	19.904412171059526	32.40934306235505	0.0017150926245300168
24.0	30.945225658547926	17.973027309991558	18.41132875848256	32.670418272977955	0.0
25.0	29.64918733194474	18.017810284076507	19.347769331475952	32.98466135496129	5.716975415100057E-4
26.0	31.55122505254853	17.44839953273254	20.352051346061863	30.647942936962725	3.811316943400038E-4
27.0	28.936471063528934	18.28631756273904	19.90765179046142	32.86936901742343	1.905658471700019E-4
28.0	30.395443189462473	17.830674622155566	20.058008243878547	31.715492812809075	3.811316943400038E-4
29.0	29.477846593616007	18.601429252024772	19.191233920914723	32.729109099571225	3.8113387327298715E-4
30.0	30.284983572566563	18.346889459762316	19.02094783622878	32.34584511712646	0.001334014315879344
31.0	30.837648341302675	18.11369513968429	19.29680457540131	31.750136739855044	0.0017152037566773833
32.0	29.38846843618913	18.469446292064593	19.221687100604345	32.92020758568246	1.9058545947295497E-4
33.0	29.580519676064903	18.055817623548382	19.420286540378484	32.943376160008235	0.0
34.0	29.686529099843323	18.21565944015157	19.474613164786657	32.62205465822409	0.0011436369943694938
35.0	30.624358408221553	17.475191784566626	19.210572094365844	32.68968654956004	1.9116328594395474E-4
36.0	31.02516815757455	17.410335090793613	19.00754509071709	32.556569049823615	3.826110911303097E-4
37.0	29.23410910886957	19.02656984947134	19.40293935779799	32.335807366198345	5.743176627568397E-4
38.0	30.99293973387491	18.43103068389742	18.99067891595697	31.584775882054277	5.747842164254169E-4
39.0	30.157478048078307	18.884122642867425	19.394462837675736	31.56259296578859	0.001343505589942901
40.0	29.856706012100553	18.765689650518457	19.370524472962707	32.00573021706185	0.0013496473564264422
41.0	29.64929214929215	18.068800297715963	20.556938177420108	31.724387899086693	5.814764850909429E-4
42.0	29.131266921856035	18.713822238819905	19.458967416674447	32.69555441446488	3.8900818473220673E-4
43.0	29.338395534545427	18.533158263373632	20.256868992131608	31.871382109697066	1.9510025226462615E-4
44.0	29.605517899537308	18.679818677471964	19.72410502313466	31.99016728137455	3.9111848152160734E-4
45.0	29.314542211419724	18.673383382009916	19.882000117607856	32.12948624968148	5.880392810239725E-4
46.0	30.039944854890592	17.408022749321486	19.809427299971325	32.74240871009933	1.9638571725955515E-4
47.0	29.8443139684694	18.51631113602612	19.6270616351459	32.01211656290876	1.966974498175631E-4
48.0	30.476912772831138	17.910133165235205	19.04124970451501	32.5705224174612	0.0011819399574501616
49.0	29.111133914018133	18.28841379909148	20.0160628939257	32.58419206011548	1.9733284921007662E-4
50.0	29.82613155075767	18.410334292338977	19.480552909984812	32.28238723103456	5.940158839847378E-4
51.0	30.343241048827473	18.152890325251143	19.271090379380066	32.232579243150305	1.9900339101778294E-4
52.0	29.635271439637933	18.450609215396224	19.602383616539594	32.311535559082984	2.0016934326440167E-4
53.0	31.19883576519655	17.931510626863147	19.236443930943	31.633209676997303	0.0
54.0	30.23324947623015	18.34003381247826	19.189997007029437	32.23611302103978	6.066832223777129E-4
55.0	29.298923263757732	18.473682714138913	18.38392084709208	33.84347317501127	0.0
56.0	29.21437425584316	18.10095252075484	20.42027531764284	32.263990148586714	4.077571724486634E-4
57.0	28.190569270592665	18.97759475916104	19.536192294952585	33.29564367529371	0.0
58.0	30.717983944554373	17.714918441206926	21.924602971180168	29.6422895926674	2.0505039113362107E-4
59.0	29.349078104045486	20.53553063524843	20.975909760331735	29.139275811852595	2.0568852175773184E-4
60.0	31.393835474941124	18.85241498987729	19.488906333925545	30.264016857414372	8.263438416725199E-4
61.0	29.289910101530438	20.941690622974793	19.505973844696655	30.260556007909734	0.0018694228883829906
62.0	31.214983392945715	16.610402901577828	21.44999361669621	30.724201511482622	4.1857729762310883E-4
63.0	26.42969109799431	20.486147787913485	25.10045336048708	27.98349649522345	2.1125838167629303E-4
64.0	26.47503008743996	20.110551372306777	18.130212049886573	35.28314144824428	0.0010650421224159415
65.0	27.75649395272127	19.46532263606377	18.553721137987907	34.22338853765805	0.0010737355689939528
66.0	27.06050582689566	19.342005352047472	16.988964917480253	36.606576917835035	0.001946985741574419
67.0	33.550110349305115	14.23081196609128	17.555234565803264	34.66101085628011	0.0028322625202343373
68.0	34.4202107121187	15.36036185117767	23.316674940702743	26.900987368304925	0.0017651276959567545
69.0	31.628989436818618	17.111450036716942	20.449415353329943	30.809693272326726	4.519008077726939E-4
70.0	33.06575138330748	16.122097497221173	21.91452198023672	28.897140553811578	4.885854230539031E-4
71.0	26.23091688587069	19.983679474775826	25.37254380731889	28.412550731178076	3.091008565184734E-4
