# Position (bp)	A	C	G	T	N
0.0	30.066569454130477	20.782983579534648	26.999302605718633	22.151144360616243	0.0
1.0	26.473720915488492	20.391808787167946	15.0580105243137	38.07645977302986	0.0
2.0	28.680635097422524	19.507919733203394	17.307607120482462	34.503838048891616	0.0
3.0	25.850395988328767	20.818123255314582	15.86100620192247	37.47047455443418	0.0
4.0	34.37921174944263	14.196823317504503	15.343678754518775	36.080286178534095	0.0
5.0	35.78045522111905	15.015774057790127	22.108768870853428	27.095001850237395	0.0
6.0	32.422614991215845	16.79868956591871	21.69468636485836	29.08400907800709	0.0
7.0	34.8319160078805	17.196189431157887	19.553480136661765	28.418414424299858	0.0
8.0	24.846266835959867	24.037144919959168	22.492966863345533	28.623621380735432	0.0
9.0	29.28599389823347	18.070425073165275	17.830579667820327	34.81300136078092	0.0
10.0	27.94063816454793	16.415086145389346	24.199502422742132	31.444773267320592	0.0
11.0	28.304983956689256	17.464909129201303	20.32235285372713	33.90775406038231	0.0
12.0	27.226914658125473	18.979632217454213	22.013776387222833	31.779676737197484	0.0
13.0	27.174738401703863	21.340864894897678	18.780751304133098	32.70364539926536	0.0
14.0	30.89938216034234	18.214554378522365	20.09828706729643	30.787776393838868	0.0
15.0	30.65295693131792	18.361604531601145	19.942739279007483	31.04269925807345	0.0
16.0	30.404333550584735	17.69943063736642	19.15235061916649	32.74388519288235	0.0
17.0	30.388833621949573	18.01517998599904	19.8807462264962	31.715240165555187	0.0
18.0	30.56245515261909	18.00702838954205	19.683170502842636	31.747345954996227	0.0
19.0	30.18629811373926	18.287968731812807	19.703736376835565	31.82199677761237	0.0
20.0	30.31621061131605	17.826227923678786	20.008319722023405	31.849241742981764	0.0
21.0	29.80966450163598	17.91644283830639	20.150046393514675	32.12384626654295	0.0
22.0	29.530626541987754	18.886418324144863	19.41214096433249	32.17081416953489	0.0
23.0	29.34361994694444	18.198909683856993	20.11852320572416	32.33894716347441	0.0
24.0	29.734213212775266	18.839020951825386	19.610130766613192	31.81663506878615	0.0
25.0	29.90052981981271	18.14981823478361	19.48680912528145	32.462842820122226	0.0
26.0	30.15898993205196	17.951375629625588	19.951630207480953	31.9380042308415	0.0
27.0	30.132997560399783	18.37569843393405	20.038016598967257	31.45328740669891	0.0
28.0	30.156206550519276	18.243039015366758	19.600174100180144	32.00058033393382	0.0
29.0	29.531359347474602	18.514563575375853	20.05900238905379	31.895074688095754	0.0
30.0	30.278154476689874	18.651116535575447	19.78241870837477	31.288310279359916	0.0
31.0	30.453849030654716	18.556900025334475	19.484021184447045	31.505229759563765	0.0
32.0	29.783305273448107	18.541248031282244	20.01544802283411	31.659998672435535	0.0
33.0	29.773679697595494	18.253565692064296	20.374865644964554	31.597888965375653	0.0
34.0	29.807047739831503	18.492617084880877	19.547060422139687	32.15327475314793	0.0
35.0	29.8438707496136	18.075009659969087	19.95508114374034	32.12603844667697	0.0
36.0	30.0231197822032	18.09620968374794	19.930097368691108	31.950573165357753	0.0
37.0	29.555983739739183	19.285804888950633	19.120906998797995	32.03730437251219	0.0
38.0	29.963678558262373	18.306369245831494	20.141176186188183	31.58877600971795	0.0
39.0	29.379876349967066	18.558987592692198	20.506808004012886	31.55432805332785	0.0
40.0	30.034162711249508	18.473259364513105	19.71158206608822	31.78099585814917	0.0
41.0	29.821062745880095	18.617693093299977	20.349655843410265	31.21158831740967	0.0
42.0	30.12371171366987	18.59660562589433	19.837949126652056	31.441733533783744	0.0
43.0	29.607104932908584	18.397046046915726	19.874022589053	32.1218264311227	0.0
44.0	29.754049913754628	17.971002255648166	20.279121382820886	31.995826447776317	0.0
45.0	29.451910138123715	18.593901798806428	20.294350142709735	31.659837920360122	0.0
46.0	29.969090338315908	18.23730409794499	19.544323971891526	32.24928159184758	0.0
47.0	30.029654593442167	18.203451045762293	19.93501355897399	31.831880801821555	0.0
48.0	30.397250178206814	18.54679892230183	19.546569367758458	31.509381531732895	0.0
49.0	29.998790956353528	18.853826623141096	19.37129730383267	31.776085116672714	0.0
50.0	29.351870337767938	18.547894319714928	19.947244556569927	32.15299078594721	0.0
51.0	29.93273881956931	18.44990525315268	19.81571284137622	31.801643085901794	0.0
52.0	29.345567971896674	18.494897186638806	19.617213288513373	32.54232155295115	0.0
53.0	29.966925527919457	18.083740201839085	19.99248858143226	31.9568456888092	0.0
54.0	29.766824621574784	18.598281482917844	19.978064062632555	31.656829832874823	0.0
55.0	29.28130570274891	18.161976015229968	19.788041567134318	32.76867671488681	0.0
56.0	30.14929357024563	18.23128673950365	19.986896622847194	31.63252306740353	0.0
57.0	29.59718833084459	18.520474438819488	20.16182879897051	31.720508431365406	0.0
58.0	29.754696239971334	18.147255136559917	19.464570946171648	32.6334776772971	0.0
59.0	29.921087641923783	18.431108114182962	19.99720556699653	31.650598676896724	0.0
60.0	29.771525794494746	18.553806890684815	20.07230965546576	31.60235765935468	0.0
61.0	29.9115528403392	18.442600528859305	19.64377982432145	32.002066806480045	0.0
62.0	29.10013013390414	18.63894530727412	20.119674543619183	32.14125001520256	0.0
63.0	28.93539360019467	18.349555907044653	20.26645577320842	32.44859471955226	0.0
64.0	29.324150015819317	18.72398938888754	19.505828810630582	32.44603178466256	0.0
65.0	29.229786068591945	18.909954048872525	19.83810596147409	32.02215392106144	0.0
66.0	29.615604719404836	18.64444958540832	20.501893362880345	31.23805233230649	0.0
67.0	29.49583772295738	18.444337537222996	19.633646544427055	32.426178195392566	0.0
68.0	29.669405880883776	17.91799413982785	20.07565835561864	32.33694162366974	0.0
69.0	29.92329391408187	18.68606556877654	19.975873224762843	31.41476729237874	0.0
70.0	29.496556347900288	18.04656549033949	20.04997866764186	32.40689949411836	0.0
71.0	29.52966931112073	18.436987395649762	20.327944826240465	31.705398466989042	0.0
72.0	29.692037385002074	18.89260352863662	20.08589765489641	31.329461431464896	0.0
73.0	29.809277280552877	18.387281895993844	19.696211186949782	32.1072296365035	0.0
74.0	29.264180335379823	18.893674211185434	19.805125385625708	32.03702006780904	0.0
75.0	29.890447137075576	18.619095944343233	19.781872424712972	31.70858449386822	0.0
76.0	29.579351775947927	18.843523265346075	19.71039140595368	31.866733552752326	0.0
77.0	29.58417247690697	18.579709967495305	19.901934978360806	31.934182577236918	0.0
78.0	29.76731369787521	19.18192394831915	19.424407568428144	31.626354785377504	0.0
79.0	29.748173013899184	18.787481546368387	19.106629830869785	32.35771560886264	0.0
80.0	29.855154159109848	18.559751972942504	19.571957256997205	32.01313661095044	0.0
81.0	30.228424684820514	18.60187177082759	20.00294187949326	31.16676166485864	0.0
82.0	30.00269753298347	18.56638383442052	19.047648241698955	32.38327039089705	0.0
83.0	29.957503173464318	18.767285415555186	19.5430211380319	31.73219027294859	0.0
84.0	29.83506406678402	18.837903982629285	19.521201229198997	31.805830721387697	0.0
85.0	30.078956570818583	18.404181569438226	19.28761173244336	32.22925012729983	0.0
86.0	30.475389817195524	17.905511134565938	20.045900552893023	31.573198495345512	0.0
87.0	29.185310672043506	18.57526040228086	20.380429778849873	31.858999146825763	0.0
88.0	29.582264025835286	18.927663650093933	19.38935890666634	32.100713417404435	0.0
89.0	29.65173762719775	19.108679231378616	19.534258184564933	31.7053249568587	0.0
90.0	29.981387177423812	18.85976497472219	19.707477686112867	31.451370161741128	0.0
91.0	29.970260771253717	18.620198097672475	19.556615135055424	31.85292599601838	0.0
92.0	29.377381684081133	18.372464658881377	20.20221266133989	32.0479409956976	0.0
93.0	29.76223415048051	18.474658599720854	20.034555057520027	31.728552192278602	0.0
94.0	29.665963453412637	18.749961559042237	19.524316212243292	32.05975877530184	0.0
95.0	29.852022765728346	18.356560529149363	20.212890324565453	31.578526380556838	0.0
96.0	29.691769861394913	18.721534257367242	20.043575666559985	31.54312021467786	0.0
97.0	29.780736052017463	18.779362958493167	19.303970887954335	32.13593010153503	0.0
98.0	29.515467346712498	18.189377979820378	20.572618299639032	31.722536373828092	0.0
99.0	29.443044370367176	18.61201653798993	20.136419931851652	31.808519159791242	0.0
100.0	29.742484485897958	18.569234389902515	19.846902753520865	31.841378370678658	0.0
101.0	29.79587008896055	18.714709928844012	19.611163335055686	31.878256647139754	0.0
102.0	30.09130334111404	18.47781873251688	19.930912345037765	31.499965581331313	0.0
103.0	29.71275363778259	18.381501434973064	19.50556366748905	32.4001812597553	0.0
104.0	29.9259399924041	18.54222053424484	19.905051272312953	31.62678820103811	0.0
105.0	29.836445474397255	18.76388685515652	19.963329152686967	31.43633851775926	0.0
106.0	29.826201069039467	18.865665909163653	19.360496751272287	31.947636270524598	0.0
107.0	30.041017121589686	18.01855751089819	19.95093399269805	31.989491374814072	0.0
108.0	29.427078274046586	18.73992190080236	20.622462261768305	31.210537563382744	0.0
109.0	29.473787103711185	18.54941187970415	19.53536867485582	32.44143234172884	0.0
110.0	29.664061680478337	18.432681212629813	20.485419070596876	31.417838036294977	0.0
111.0	29.350178123763033	19.16413774904341	19.8885077186964	31.597176408497162	0.0
112.0	29.872578899490716	18.85752607849777	18.97438962039269	32.295505401618826	0.0
113.0	29.974336354158314	18.365546555457534	19.925415029272596	31.73470206111156	0.0
114.0	30.324951045374714	18.583243050461956	19.474856500703197	31.616949403460133	0.0
115.0	29.58419141556471	18.63822349880772	19.71331021027531	32.06427487535227	0.0
116.0	29.89126727513336	18.352910680909698	19.674211107927803	32.08161093602914	0.0
117.0	30.164727217772402	18.56925000343468	19.963042851058567	31.30297992773435	0.0
118.0	29.976145203111493	18.270008643042353	19.40743301642178	32.34641313742437	0.0
119.0	30.014547530052134	18.64102403474702	19.58556940703154	31.758859028169304	0.0
120.0	30.24662372886107	18.586136088080902	19.78666591910966	31.380574263948365	0.0
121.0	29.747447305469503	18.531115705686847	19.64957343362994	32.07186355521371	0.0
122.0	29.214752700397955	19.19201250710631	19.65108015918135	31.942154633314384	0.0
123.0	29.623197106794173	18.88159869634204	19.43908400874823	32.05612018811556	0.0
124.0	29.306590587339116	18.669378310205314	19.280935373294145	32.743095729161425	0.0
125.0	29.52670806555386	18.47407268179485	19.851947169429405	32.147272083221885	0.0
126.0	30.081359924965646	18.352152511687763	20.105135345397965	31.461352217948622	0.0
127.0	29.576043068640644	18.814003159927438	19.435016677394813	32.1749370940371	0.0
128.0	29.251920982129715	18.413460123060617	20.476491889186562	31.858127005623103	0.0
129.0	29.94274116488026	18.68356530692365	19.68207642906349	31.691617099132596	0.0
130.0	29.827492336721832	18.947501883190014	19.185417769855533	32.03958801023262	0.0
131.0	29.855174796809038	18.547841894145396	19.428210867899583	32.16877244114598	0.0
132.0	29.934175682832713	18.30218657789211	19.893319210108192	31.87031852916698	0.0
133.0	29.860211283708594	18.791444991539503	19.280781719233524	32.067562005518376	0.0
134.0	29.64741127669381	18.015824243355354	19.899370102934398	32.43739437701644	0.0
135.0	29.01181974501572	18.707108887270923	19.75663408362121	32.52443728409214	0.0
136.0	28.82070500058555	18.632158332357417	20.59023304836632	31.956903618690713	0.0
137.0	29.838246290684406	18.868904718800426	22.041796213939943	29.251052776575232	0.0
138.0	30.555577611738833	20.01730969263385	19.941083523237072	29.486029172390243	0.0
139.0	30.220154244115736	20.349652029759664	19.054674173320414	30.37551955280418	0.0
140.0	29.901164529137475	20.041861630340794	19.157756927776564	30.89921691274517	0.0
141.0	30.12904645835541	18.480626727208993	21.4830152687313	29.907311545704296	0.0
142.0	27.310741066945432	20.003786413361098	21.53152189123116	31.153950628462308	0.0
143.0	26.915592515592518	19.9027027027027	18.074012474012473	35.107692307692304	0.0
144.0	28.210490807893407	19.633159048743465	17.14623039298364	35.010119750379495	0.0
145.0	29.277768269724458	18.682183809686805	15.956700325175424	36.083347595413315	0.0
146.0	34.104573573364846	15.075241537499132	18.565371515951902	32.25481337318413	0.0
147.0	34.24815395934721	16.28327527059011	21.209300676364474	28.2592700936982	0.0
148.0	32.75520680551482	17.29246113229686	19.84177911410971	30.110552948078617	0.0
149.0	31.250502775319767	19.612259673397155	21.277451532459175	27.859786018823907	0.0
150.0	17.68653968466508	25.171559602316474	23.072674321293476	34.069226391724975	0.0
