# Position (bp)	A	C	G	T	N
0.0	35.178507032095204	17.2646952758745	22.376487558600793	25.1803101334295	0.0
1.0	23.81896862603678	27.776776054814277	24.224666426253155	24.179588892895783	0.0
2.0	29.734338538861966	22.796625381439597	17.23209477652127	30.23694130317717	0.0
3.0	32.103188821211035	18.81046219992834	20.100322465066284	28.98602651379434	0.0
4.0	34.33357219634539	16.72339663203153	17.278753135077032	31.66427803654604	0.0
5.0	28.938647559337216	21.182266009852217	18.101209135691896	31.77787729511867	0.0
6.0	27.256446991404008	24.95522922636103	19.43051575931232	28.357808022922637	0.0
7.0	36.34410527258079	19.19255214394414	16.936711127025333	27.526631456449735	0.0
8.0	34.30284589224987	18.25666726328978	18.41775550384822	29.022731340612136	0.0
9.0	28.39119541875447	22.181460272011453	18.56657122405154	30.860773085182537	0.0
10.0	26.079957070029515	16.08085144441463	19.586799034075664	38.25239245148019	0.0
11.0	25.61695278969957	17.65021459227468	19.304363376251786	37.42846924177397	0.0
12.0	25.94082417091267	16.420845624385446	19.585232859569143	38.05309734513274	0.0
13.0	27.634283671463045	22.665117526141746	19.259987487711143	30.440611314684062	0.0
14.0	28.083966056275123	17.8472532380527	25.288075033497098	28.780705672175078	0.0
15.0	30.85438800107133	18.900098205517367	19.766092313186324	30.47942148022498	0.0
16.0	25.551093261936636	18.732708612226684	19.2235609103079	36.49263721552878	0.0
17.0	29.461099214846538	21.663097787294788	18.47787294789436	30.397930049964312	0.0
18.0	26.034975017844395	19.61099214846538	19.307637401855818	35.046395431834405	0.0
19.0	28.16625044595077	24.491616125579736	17.980734926864077	29.361398501605425	0.0
20.0	27.214400285154163	18.33897700944573	19.17661735875958	35.270005346640524	0.0
21.0	27.578834847675036	18.555139853910564	20.185284161767324	33.68074113664707	0.0
22.0	27.756992695528236	17.913771601639052	24.31854623196152	30.010689470871192	0.0
23.0	25.603348472704607	19.271529076498354	18.942025113545284	36.18309733725176	0.0
24.0	33.514379841510106	16.65034280117532	18.110586768765025	31.72469058854955	0.0
25.0	28.65283590063218	17.44279227139168	22.09064197311014	31.813729854865997	0.0
26.0	35.300925925925924	16.524216524216524	16.6488603988604	31.525997150997153	0.0
27.0	27.098726965191844	18.71272144574023	16.2823822665361	37.906169322531824	0.0
28.0	28.17591026439954	22.238048606783583	15.160687260749578	34.425353868067305	0.0
29.0	29.425901201602134	14.944370271473076	17.12505562972853	38.504672897196265	0.0
30.0	28.32709780865847	16.47069303402815	22.48352039907358	32.7186887582398	0.0
31.0	30.079273180725036	14.66108488465307	18.134853478222144	37.12478845639975	0.0
32.0	27.14069321928183	18.230419673883986	17.43740532834358	37.1914817784906	0.0
33.0	28.501425516749823	23.565573770491806	17.132929436920886	30.800071275837492	0.0
34.0	29.338438251268812	16.2674739560146	19.517407176564866	34.876680616151724	0.0
35.0	27.033045337133693	22.35681838425225	18.05468958760132	32.55544669101273	0.0
36.0	28.19096820165672	15.676494165850183	18.34862385321101	37.78391377928209	0.0
37.0	33.90026714158504	19.04719501335708	18.0053428317008	29.04719501335708	0.0
38.0	33.05416963649323	19.280114041339985	16.117248752672843	31.548467569493944	0.0
39.0	35.474387527839646	17.265033407572382	15.420935412026726	31.839643652561243	0.0
40.0	26.276329882184935	22.420564084255624	19.305605141021065	31.997500892538376	0.0
41.0	28.094302554027507	15.154491873548848	26.44222182532595	30.308983747097695	0.0
42.0	35.32511611289746	16.45230439442658	19.265809217577708	28.956770275098247	0.0
43.0	34.98034310221587	17.539313795568262	17.878842030021445	29.601501072194424	0.0
44.0	29.885468861846814	21.904080171796707	16.114889047959913	32.09556191839656	0.0
45.0	32.33538518933035	15.948517067711249	18.26151837343779	33.45457936952061	0.0
46.0	30.970637740789225	16.57939031232467	18.77688423414999	33.67308771273612	0.0
47.0	30.97554065539711	17.29152894513174	19.104731324959864	32.62819907451128	0.0
48.0	28.354263053536023	18.345765272401096	18.732886412992166	34.567085261070716	0.0
49.0	29.63627775153519	18.08219178082192	18.403401039206425	33.878129428436466	0.0
50.0	27.841284837033538	20.831365139348136	18.601794992914503	32.72555503070382	0.0
51.0	29.28949357520786	18.905895691609977	18.527966742252456	33.276643990929706	0.0
52.0	29.554043839758126	17.819349962207102	20.105820105820104	32.520786092214664	0.0
53.0	29.7713529856387	19.057067271352985	19.973544973544975	31.19803476946334	0.0
54.0	27.734190377162303	22.119292938841102	19.151148501748747	30.99536818224785	0.0
55.0	28.364839319470697	18.85633270321361	18.80907372400756	33.969754253308125	0.0
56.0	28.263540977408073	18.49891294073164	19.87900557708668	33.35854050477361	0.0
57.0	29.277746265834754	17.92399319342031	19.59727736812252	33.20098317262242	0.0
58.0	31.52420574886536	17.77609682299546	17.78555219364599	32.91414523449319	0.0
59.0	28.2053706505295	18.419062027231465	20.905824508320727	32.46974281391831	0.0
60.0	28.819969742813917	17.057488653555218	21.236762481089258	32.88577912254161	0.0
61.0	30.16263237518911	17.388426626323753	20.385779122541603	32.06316187594554	0.0
62.0	28.087762436164176	19.75600529600908	20.767921316436542	31.388310951390203	0.0
63.0	32.545162205618084	18.112172514896436	19.199848671143478	30.142816608342006	0.0
64.0	27.98638040291308	17.960843658375104	22.14130331977679	31.911472618935022	0.0
65.0	29.830700841766767	18.54724297739525	20.514518112172514	31.10753806866547	0.0
66.0	28.96329928111994	16.827468785471055	21.471812334468407	32.7374195989406	0.0
67.0	29.35389272538076	18.38993472708353	19.042663891779394	33.213508655756314	0.0
68.0	25.910509885535898	18.957525305079937	20.357582064137738	34.77438274524643	0.0
69.0	27.10245009932835	19.837290700974364	21.871156938794815	31.18910226090247	0.0
70.0	26.98893198372907	19.685933213508655	19.742692271308297	33.58244253145398	0.0
71.0	29.00936701674709	19.06519065190652	19.509887406566374	32.41555492478002	0.0
72.0	28.82013435518971	18.989497587283566	20.257356419718043	31.933011637808683	0.0
73.0	29.1686415774007	17.49928903213575	20.01137548582804	33.32069390463551	0.0
74.0	29.436860068259385	18.52483883200607	21.065604854000757	30.97269624573379	0.0
75.0	29.89192263936291	18.06977626090254	22.136897990140312	29.901403109594238	0.0
76.0	30.107119158214047	19.05393876196796	19.05393876196796	31.785003317850034	0.0
77.0	29.05885698038101	19.201971377120653	18.254193915268697	33.48497772722965	0.0
78.0	28.584968249455027	18.76599374466875	19.116671405553976	33.53236660032224	0.0
79.0	27.09004739336493	20.05687203791469	18.104265402843602	34.74881516587678	0.0
80.0	28.916690361103214	16.974694341768554	21.2586484693394	32.84996682778883	0.0
81.0	26.5377689318548	17.685527438157518	19.893848924272582	35.8828547057151	0.0
82.0	29.099526066350712	17.260663507109005	21.38388625592417	32.25592417061611	0.0
83.0	28.99526066350711	18.29383886255924	20.95734597156398	31.753554502369667	0.0
84.0	27.566593989951656	17.75523746326666	20.14408948715518	34.53407905962651	0.0
85.0	29.75919605612438	16.6003033750474	20.62950322335988	33.01099734546833	0.0
86.0	29.702313234736444	17.311338642396663	20.809632157755026	32.17671596511187	0.0
87.0	31.743623779273726	17.97667583199014	21.570114724566228	28.709585664169907	0.0
88.0	31.395789872937605	18.879195903660158	17.0586004172198	32.66641380618244	0.0
89.0	30.950123269486063	16.916366394841646	18.15854352361085	33.974966812061446	0.0
90.0	29.641570263607054	16.404323914280297	19.77052911056325	34.1835767115494	0.0
91.0	28.620199146514935	19.497392128971075	16.76623992413466	35.11616880037933	0.0
92.0	28.146040777619724	17.259364627785683	18.207681365576104	36.38691322901849	0.0
93.0	30.835625533529353	16.788390401214077	19.463150905814285	32.912833159442286	0.0
94.0	30.152707957886747	17.0919093237219	19.5200607037845	33.23532201460685	0.0
95.0	29.965850882185546	17.017643710870804	20.12900777841017	32.88749762853349	0.0
96.0	29.703064225405555	16.81054928374917	19.542737880656485	33.94364861018879	0.0
97.0	30.272270183094584	17.028744900863295	20.16886443411441	32.53012048192771	0.0
98.0	30.967741935483872	19.079696394686906	18.62428842504744	31.328273244781784	0.0
99.0	30.309356614158283	18.846080850256218	19.358512051622697	31.486050483962803	0.0
100.0	30.952833777101556	16.764929631038417	18.723849372384937	33.55838721947508	0.0
101.0	31.543304082411293	18.294544067149943	19.782525753529185	30.37962609690958	0.0
102.0	30.747153927102268	16.932937912560988	20.472591600497463	31.84731655983928	0.0
103.0	29.493573757912912	19.259543449069632	19.211586418568963	32.0352963744485	0.0
104.0	27.933121937157683	18.151244354761218	19.53492841356779	34.380705294513305	0.0
105.0	30.3731559155337	17.413942724905986	19.217047536399576	32.995853823160736	0.0
106.0	32.859628770301626	19.286542923433874	17.29505027068832	30.55877803557618	0.0
107.0	30.79682047305157	19.01899961225281	18.766963939511438	31.41721597518418	0.0
108.0	34.37712729748128	17.29067392784207	16.726636195662746	31.605562579013906	0.0
109.0	29.08382066276803	18.57699805068226	19.76608187134503	32.57309941520467	0.0
110.0	26.841435977697348	18.399686980338455	19.70067494864521	35.05820209331898	0.0
111.0	32.15405723245786	17.84594276754214	19.11015288122305	30.88984711877695	0.0
112.0	28.805896805896808	17.59213759213759	19.46928746928747	34.13267813267814	0.0
113.0	29.20161847429192	18.11901707293003	17.53676107766703	35.14260337511102	0.0
114.0	30.4055390702275	17.27992087042532	19.19881305637982	33.11572700296736	0.0
115.0	26.89484126984127	20.476190476190474	18.125	34.50396825396825	0.0
116.0	30.140396295927513	18.002588867868166	17.425072189584785	34.43194264661953	0.0
117.0	29.778531524341577	18.964485235434957	19.622905027932962	31.6340782122905	0.0
118.0	29.57069948964275	16.931852296607623	20.494346042229562	33.00310217152006	0.0
119.0	25.834921271687893	19.346103700732122	24.059773342693813	30.75920168488617	0.0
120.0	27.264501859857244	20.81029456117422	19.654167085553436	32.2710364934151	0.0
121.0	31.056714012289717	18.001410295154628	18.2331016419865	32.708774050569154	0.0
122.0	27.096383107698525	17.60961810466761	19.377652050919377	35.91634673671449	0.0
123.0	30.578344981262028	16.762888686316217	18.849387217664336	33.80937911475742	0.0
124.0	31.00680686782485	16.702224931423345	19.831352230011177	32.45961597074063	0.0
125.0	28.06481198410272	17.81310506471008	19.035972689289718	35.08611026189749	0.0
126.0	30.116421568627448	17.90236928104575	18.35171568627451	33.62949346405229	0.0
127.0	28.802456499488226	17.277379733879222	21.668372569089048	32.2517911975435	0.0
128.0	30.435676120016442	18.05384299219071	19.369091656391284	32.14138923140156	0.0
129.0	30.60255881139084	17.581510524143624	18.107717705323978	33.70821295914156	0.0
130.0	30.397433243634858	18.898778720761747	17.01511074311737	33.68867729248603	0.0
131.0	30.628761153766344	18.593069101473333	19.495746005395308	31.28242373936501	0.0
132.0	29.384182557049076	16.67187662811295	21.642179847869127	32.30176096696884	0.0
133.0	28.45179524756621	20.035590913849052	19.627342196168744	31.885271642415997	0.0
134.0	26.609261787251913	19.510658405964506	19.773180720361232	34.106899086422345	0.0
135.0	29.10565679974718	17.265353418308226	21.173496260402402	32.45549352154219	0.0
136.0	28.784512853062523	17.666349307098276	18.925208928382524	34.62392891145668	0.0
137.0	28.603268945022286	16.673742305243046	19.719804712375293	35.00318403735937	0.0
138.0	27.100415291236292	17.580662336279413	20.07240975401981	35.246512618464486	0.0
139.0	29.061564771269772	18.07396323215049	19.2176143651133	33.64685763146644	0.0
140.0	28.11426116838488	17.300257731958762	21.585051546391753	33.0004295532646	0.0
141.0	30.288979943929267	18.03968082812163	18.92387319387535	32.74746603407375	0.0
142.0	32.43418914527137	16.83457913552161	18.654533636659085	32.076698082547935	0.0
143.0	33.27163854109962	19.499183451279258	19.172563962983126	28.056614044637996	0.0
144.0	31.663019693654267	18.08533916849015	17.921225382932164	32.330415754923415	0.0
145.0	29.9945085118067	18.769906644700715	18.231740801757276	33.003844041735306	0.0
146.0	30.09259259259259	18.860229276895943	17.581569664903	33.46560846560847	0.0
147.0	28.6156567890314	19.48252985404688	18.13356921716055	33.768244139761165	0.0
148.0	28.87112887112887	18.714618714618712	19.26961926961927	33.14463314463315	0.0
149.0	29.902890947650405	19.488782230159615	17.78100234401161	32.82732447817837	0.0
150.0	28.78584229390681	18.156362007168457	19.892473118279568	33.16532258064516	0.0
151.0	29.931283091134393	19.004168074800045	19.961698772107695	31.10285006195787	0.0
152.0	29.107183322003173	18.32087015635622	17.18785406752776	35.384092454112846	0.0
153.0	29.890685493053976	18.344340696879982	19.756319744932817	32.00865406513323	0.0
154.0	30.934675666399723	17.698203866834458	19.105365518819355	32.26175494794646	0.0
155.0	28.745684695051782	19.86191024165708	17.180667433831992	34.21173762945915	0.0
156.0	30.933919685221618	16.491146858002544	19.511630598310383	33.063302858465455	0.0
157.0	30.689615071519942	18.80451215257588	19.292941039655773	31.2129317362484	0.0
158.0	28.603156049094096	20.981881940385737	18.10637054354179	32.30859146697838	0.0
159.0	33.37246155652072	15.588684117854209	19.4389012794929	31.599953046132175	0.0
160.0	28.05941994812544	18.27399198302287	20.19570855930205	33.47087950954963	0.0
161.0	30.07224920052114	17.49378183110269	19.898140471396424	32.53582849697975	0.0
162.0	30.759162303664922	18.46739647786768	20.133269871489766	30.64017134697763	0.0
163.0	28.410991636798087	18.291517323775388	19.0442054958184	34.25328554360812	0.0
164.0	28.21437154530161	18.33693823600096	18.673395818312905	34.775294400384524	0.0
165.0	29.435922212827638	16.74115231308129	20.884164754197368	32.93876071989371	0.0
166.0	26.753907669938204	19.459590451956863	19.980613110384102	33.80588876772082	0.0
167.0	27.37559313785132	17.994889889280934	21.36512957780752	33.264387395060226	0.0
168.0	30.190522716170005	17.684416218856864	19.394235466536394	32.73082559843674	0.0
169.0	26.82119205298013	17.7336276674025	21.7439293598234	33.70125091979397	0.0
170.0	27.761341222879683	17.184418145956606	18.93491124260355	36.11932938856015	0.0
171.0	30.22476095864895	16.6770147771017	18.254066807400967	34.84415745684838	0.0
172.0	28.9437585733882	19.8029679511161	17.333832148646962	33.919441326848734	0.0
173.0	28.831429647295092	16.442826659972386	18.94063009915903	35.78511359357349	0.0
174.0	30.683825384809488	18.723189502901842	18.382538480948778	32.21044663133989	0.0
175.0	28.228875919817302	17.406749555950267	21.21289012940878	33.15148439482365	0.0
176.0	28.89796960796833	16.421912910228578	17.647809985953263	37.03230749584983	0.0
177.0	27.195685670261945	19.06779661016949	19.41448382126348	34.32203389830508	0.0
178.0	27.45933384972889	20.1136070229796	20.255615801704106	32.171443325587404	0.0
179.0	28.808936225483826	17.404857773736847	20.976750227302247	32.809455773477076	0.0
180.0	30.64157846596106	15.53639095779433	19.95295962367699	33.86907095256762	0.0
181.0	28.941145559642667	18.917498686284816	18.36573830793484	33.77561744613768	0.0
182.0	29.81226864093072	18.0327868852459	19.30195663670016	32.852987837123216	0.0
183.0	29.961348793815805	21.191523390643745	19.15233906437425	29.6947887511662	0.0
184.0	31.255863825224502	19.36737702720815	17.919849886074253	31.4569092614931	0.0
185.0	28.745267712276906	19.361817198485667	20.21362898864251	31.679286100594915	0.0
186.0	28.93947655398037	17.52998909487459	21.687568157033805	31.842966194111234	0.0
187.0	29.449704954027723	22.20392479758474	17.894881295457665	30.45148895292987	0.0
188.0	30.069156293222683	17.579529737206087	19.460580912863072	32.89073305670816	0.0
189.0	30.85491506544138	18.198273461431356	20.286828181565024	30.659983291562238	0.0
190.0	32.20196353436185	17.53155680224404	17.868162692847125	32.398316970546986	0.0
191.0	28.005657708628007	18.189533239038187	20.084865629420083	33.719943422913715	0.0
192.0	31.63148887621221	17.812321734169995	18.7250427837992	31.831146605818596	0.0
193.0	30.61870503597122	18.89208633093525	18.66187050359712	31.8273381294964	0.0
194.0	29.502026635784595	18.384481760277936	20.48349739432542	31.629994209612043	0.0
195.0	29.18310682449218	20.239660967411954	19.289785181937745	31.287447026158116	0.0
196.0	29.141510823148288	20.954204093653363	17.655720806950377	32.248564276247976	0.0
197.0	28.917993749069804	19.36300044649501	20.047626134841494	31.67137966959369	0.0
198.0	28.733717055437747	21.03907906694941	19.645561950923963	30.581641926688878	0.0
199.0	28.252906513776075	21.898391463608853	19.54132823698041	30.307373785634656	0.0
200.0	23.50084065010275	18.92396786848496	21.25910704277975	36.31608443863254	0.0
201.0	31.5121412803532	17.604856512141282	19.56401766004415	31.31898454746137	0.0
202.0	30.514603616133517	17.88595271210014	20.806675938803895	30.79276773296245	0.0
203.0	30.91216216216216	18.890765765765767	19.81981981981982	30.37725225225225	0.0
204.0	29.954571266325953	18.5122089721749	22.714366837024418	28.81885292447473	0.0
205.0	30.91065785693766	16.173513358230394	23.01062912956047	29.905199655271474	0.0
206.0	29.80880648899189	20.770567786790266	20.422943221320974	28.997682502896872	0.0
207.0	29.373902867173783	17.934464599180806	20.860152135751903	31.831480397893504	0.0
208.0	26.88330871491876	16.89807976366322	22.540620384047266	33.67799113737075	0.0
209.0	26.756352765321374	19.073243647234676	20.807174887892376	33.36322869955157	0.0
210.0	29.511164755582374	17.16958358479179	19.43270971635486	33.88654194327097	0.0
211.0	29.84117287721442	18.78436163714111	20.34208918753818	31.03237629810629	0.0
212.0	26.398763523956724	17.094281298299848	22.782071097372487	33.72488408037094	0.0
213.0	28.84012539184953	19.843260188087775	17.86833855799373	33.44827586206897	0.0
214.0	26.918199112238426	21.972098922003806	20.513633481293596	30.596068484464173	0.0
215.0	27.974276527331188	20.22508038585209	18.84244372990354	32.958199356913184	0.0
216.0	31.919060052219322	18.113577023498696	20.85509138381201	29.112271540469976	0.0
217.0	25.141149119893726	20.657588840916638	23.845898372633677	30.355363666555963	0.0
218.0	24.914559125085443	19.617224880382775	19.958988380041013	35.509227614490776	0.0
219.0	22.260536398467433	23.18007662835249	24.75095785440613	29.808429118773944	0.0
220.0	13.529411764705882	24.0	23.411764705882355	39.05882352941176	0.0
