# Position (bp)	A	C	G	T	N
0.0	52.31129315389117	11.527208894090112	15.21357519016969	20.947922761849032	0.0
1.0	17.67115272088941	49.61966062024576	18.197776477472203	14.511410181392629	0.0
2.0	19.735327963176065	47.986191024165706	12.543153049482164	19.735327963176065	0.0
3.0	53.12679288582903	15.146299483648882	13.826735513482502	17.900172117039588	0.0
4.0	56.65137614678899	11.869266055045872	12.557339449541285	18.922018348623855	0.0
5.0	21.20343839541547	48.939828080229226	12.378223495702006	17.478510028653297	0.0
6.0	22.0125786163522	47.284162378502	11.663807890222985	19.039451114922812	0.0
7.0	54.77415666094912	11.606632361349343	15.323041738136078	18.296169239565465	0.0
8.0	55.39691604797259	12.67846944603084	14.563106796116504	17.36150770988007	0.0
9.0	21.245002855511135	45.345516847515704	12.335808109651628	21.07367218732153	0.0
10.0	17.33181299885975	10.718358038768528	15.621436716077536	56.32839224629419	0.0
11.0	19.954389965792473	13.397947548460662	13.911060433295324	52.736602052451545	0.0
12.0	18.51851851851852	12.250712250712251	13.96011396011396	55.27065527065527	0.0
13.0	19.55656623081296	44.855031267765774	13.757816941444002	21.83058555997726	0.0
14.0	17.31748726655348	14.148273910582908	49.85851726089417	18.675721561969443	0.0
15.0	49.209039548022595	13.163841807909604	12.655367231638417	24.97175141242938	0.0
16.0	17.653694303440496	12.408347433728144	15.115623237450649	54.82233502538071	0.0
17.0	19.98873873873874	44.932432432432435	15.653153153153154	19.425675675675674	0.0
18.0	19.775280898876403	15.337078651685394	14.157303370786517	50.73033707865169	0.0
19.0	19.269662921348317	50.337078651685395	13.93258426966292	16.46067415730337	0.0
20.0	17.89709172259508	15.715883668903805	14.317673378076062	52.069351230425056	0.0
21.0	19.687674288901285	15.002788622420523	14.500836586726157	50.80870050195203	0.0
22.0	20.779944289693596	12.311977715877436	45.34818941504179	21.559888579387188	0.0
23.0	18.98663697104677	13.64142538975501	15.979955456570154	51.39198218262806	0.0
24.0	52.47634947134112	10.740122426266	13.132999443516974	23.650528658875906	0.0
25.0	19.47690595436839	14.691151919866444	44.74123539232053	21.09070673344463	0.0
26.0	54.894327030033374	12.569521690767518	13.181312569521692	19.35483870967742	0.0
27.0	17.741935483870968	15.795328142380422	10.511679644048943	55.951056729699665	0.0
28.0	16.518353726362626	45.272525027808676	12.013348164627363	26.195773081201335	0.0
29.0	24.916759156492784	10.710321864594894	10.9322974472808	53.440621531631514	0.0
30.0	19.34758155230596	15.12935883014623	44.03824521934758	21.484814398200225	0.0
31.0	21.541057367829023	11.642294713160855	12.823397075365579	53.993250843644546	0.0
32.0	19.460067491563553	12.092238470191226	12.879640044994375	55.56805399325084	0.0
33.0	20.011273957158963	47.463359639233374	10.710259301014656	21.81510710259301	0.0
34.0	21.04670793472144	10.973550928531232	15.70061902082161	52.279122115925716	0.0
35.0	22.028169014084504	11.830985915492958	12.56338028169014	53.5774647887324	0.0
36.0	18.48314606741573	13.707865168539326	13.03370786516854	54.7752808988764	0.0
37.0	53.17237507018528	13.812464907355418	12.745648512071869	20.26951151038742	0.0
38.0	52.3463687150838	14.30167597765363	11.005586592178771	22.3463687150838	0.0
39.0	54.4543429844098	13.41870824053452	9.910913140311804	22.216035634743875	0.0
40.0	20.18909899888765	43.159065628476085	14.238042269187986	22.413793103448278	0.0
41.0	19.165727170236753	10.992108229988725	49.154453213077794	20.68771138669673	0.0
42.0	52.917847025495746	11.388101983002832	14.277620396600565	21.416430594900852	0.0
43.0	53.20476460578559	12.422007941009642	13.44299489506523	20.930232558139537	0.0
44.0	22.962962962962962	45.86894586894587	10.94017094017094	20.22792022792023	0.0
45.0	31.575037147102524	13.7444279346211	15.304606240713225	39.37592867756315	0.0
46.0	28.885400313971743	14.599686028257459	17.50392464678179	39.010989010989015	0.0
47.0	31.784232365145225	15.103734439834025	18.423236514522824	34.68879668049792	0.0
48.0	27.250000000000004	18.0	17.833333333333336	36.916666666666664	0.0
49.0	27.242246437552385	20.368818105616093	19.865884325230514	32.52305113160101	0.0
50.0	28.27181208053691	20.889261744966444	19.966442953020135	30.87248322147651	0.0
51.0	29.194630872483224	18.70805369127517	17.701342281879196	34.395973154362416	0.0
52.0	27.348993288590606	18.120805369127517	21.05704697986577	33.47315436241611	0.0
53.0	31.711409395973156	18.70805369127517	19.71476510067114	29.86577181208054	0.0
54.0	31.313131313131315	21.127946127946128	15.572390572390574	31.986531986531986	0.0
55.0	32.07070707070707	17.003367003367003	20.117845117845118	30.808080808080806	0.0
56.0	25.695029486099408	20.05054759898905	22.072451558550966	32.18197135636057	0.0
57.0	27.95608108108108	21.368243243243242	20.18581081081081	30.489864864864863	0.0
58.0	26.942567567567565	18.83445945945946	20.01689189189189	34.20608108108108	0.0
59.0	26.79628064243449	18.93491124260355	25.10566356720203	29.163144547759934	0.0
60.0	24.703891708967852	18.527918781725887	20.304568527918782	36.46362098138748	0.0
61.0	27.918781725888326	17.93570219966159	21.74280879864636	32.40270727580372	0.0
62.0	29.695431472081218	18.781725888324875	22.25042301184433	29.272419627749578	0.0
63.0	32.31810490693739	18.189509306260575	22.081218274111674	27.411167512690355	0.0
64.0	30.287648054145517	20.050761421319795	20.642978003384094	29.018612521150594	0.0
65.0	27.66497461928934	19.37394247038917	23.519458544839257	29.441624365482234	0.0
66.0	30.03384094754653	13.705583756345177	21.31979695431472	34.940778341793575	0.0
67.0	27.303465765004226	18.08960270498732	19.357565511411664	35.24936601859679	0.0
68.0	26.22673434856176	18.8663282571912	19.627749576988155	35.27918781725889	0.0
69.0	26.627218934911244	21.47083685545224	21.21724429416737	30.684699915469142	0.0
70.0	30.600169061707522	19.357565511411664	18.512256973795434	31.53000845308538	0.0
71.0	26.756985605419136	22.269263336155802	22.09991532599492	28.87383573243014	0.0
72.0	26.418289585097376	20.745131244707874	20.067739204064353	32.7688399661304	0.0
73.0	27.85774767146486	18.966977138018628	23.962743437764605	29.212531752751904	0.0
74.0	32.713440405748095	16.06086221470837	22.40067624683009	28.82502113271344	0.0
75.0	29.31623931623932	21.367521367521366	20.51282051282051	28.8034188034188	0.0
76.0	29.14529914529915	20.51282051282051	18.37606837606838	31.965811965811962	0.0
77.0	29.02397260273973	20.54794520547945	19.34931506849315	31.07876712328767	0.0
78.0	28.852739726027398	19.606164383561644	18.15068493150685	33.39041095890411	0.0
79.0	29.36643835616438	19.9486301369863	18.75	31.934931506849317	0.0
80.0	30.78902229845626	16.380789022298455	23.07032590051458	29.759862778730707	0.0
81.0	28.871391076115486	17.585301837270343	18.722659667541556	34.820647419072614	0.0
82.0	33.24584426946632	15.748031496062993	22.57217847769029	28.433945756780403	0.0
83.0	28.809106830122595	17.950963222416814	26.53239929947461	26.70753064798599	0.0
84.0	28.7215411558669	18.301225919439577	19.96497373029772	33.012259194395796	0.0
85.0	32.54593175853018	17.497812773403325	21.69728783902012	28.258967629046367	0.0
86.0	32.60297984224365	16.56441717791411	23.751095530236636	27.081507449605606	0.0
87.0	33.21647677475899	17.703768624014025	21.56003505696757	27.51971954425942	0.0
88.0	31.375985977212974	18.31726555652936	19.10604732690622	31.200701139351445	0.0
89.0	31.638913234005255	16.739702015775634	20.3330411919369	31.28834355828221	0.0
90.0	28.92199824715162	18.054338299737072	19.98247151621385	33.041191936897455	0.0
91.0	30.560420315236424	19.001751313485112	15.849387040280211	34.58844133099825	0.0
92.0	30.755711775043938	17.75043936731107	17.66256590509666	33.83128295254833	0.0
93.0	30.228471001757466	18.98066783831283	17.926186291739896	32.86467486818981	0.0
94.0	32.10202286719437	17.678100263852244	20.22867194371152	29.991204925241867	0.0
95.0	32.71767810026385	17.41424802110818	19.525065963060687	30.343007915567284	0.0
96.0	29.929577464788732	19.102112676056336	17.253521126760564	33.71478873239437	0.0
97.0	32.13028169014084	17.16549295774648	18.485915492957748	32.21830985915493	0.0
98.0	30.599647266313934	20.01763668430335	19.31216931216931	30.070546737213405	0.0
99.0	33.24514991181658	17.989417989417987	19.223985890652557	29.541446208112877	0.0
100.0	32.685512367491164	15.901060070671377	18.374558303886925	33.03886925795053	0.0
101.0	32.0353982300885	17.345132743362832	21.061946902654867	29.557522123893804	0.0
102.0	31.620903454384415	16.82905225863596	20.726306465899025	30.823737821080606	0.0
103.0	24.822064056939503	18.594306049822066	21.441281138790035	35.1423487544484	0.0
104.0	26.827094474153295	19.607843137254903	21.479500891265594	32.0855614973262	0.0
105.0	28.89087656529517	19.67799642218247	19.58855098389982	31.84257602862254	0.0
106.0	31.932021466905187	16.636851520572453	19.58855098389982	31.84257602862254	0.0
107.0	31.899641577060933	17.20430107526882	23.476702508960575	27.419354838709676	0.0
108.0	34.76702508960574	16.48745519713262	17.741935483870968	31.00358422939068	0.0
109.0	27.533632286995513	20.717488789237667	20.35874439461883	31.390134529147986	0.0
110.0	25.765765765765764	19.18918918918919	23.153153153153152	31.891891891891895	0.0
111.0	29.629629629629626	17.52484191508582	20.867208672086722	31.978319783197833	0.0
112.0	27.371273712737125	18.157181571815716	21.499548328816623	32.97199638663053	0.0
113.0	29.347826086956523	17.21014492753623	20.742753623188406	32.69927536231884	0.0
114.0	28.195829555757022	17.497733454215776	19.31097008159565	34.99546690843155	0.0
115.0	28.921124206708974	18.31368993653672	16.86310063463282	35.902085222121485	0.0
116.0	29.038112522686028	18.784029038112525	20.87114337568058	31.306715063520873	0.0
117.0	33.2425068119891	17.983651226158038	17.34786557674841	31.42597638510445	0.0
118.0	28.519527702089007	15.531335149863759	22.434150772025433	33.5149863760218	0.0
119.0	23.15405651777575	21.1485870556062	29.626253418413857	26.071103008204194	0.0
120.0	26.368613138686133	22.08029197080292	24.27007299270073	27.28102189781022	0.0
121.0	30.00914913083257	19.304666056724614	20.219579139981704	30.466605672461117	0.0
122.0	29.908256880733948	18.53211009174312	21.28440366972477	30.275229357798167	0.0
123.0	32.474701011959525	18.215271389144434	16.927322907083717	32.38270469181232	0.0
124.0	27.952029520295202	17.343173431734318	19.74169741697417	34.96309963099631	0.0
125.0	26.456984273820538	19.611470860314522	20.07400555041628	33.85753931544866	0.0
126.0	30.555555555555557	20.555555555555554	16.666666666666664	32.22222222222222	0.0
127.0	28.61111111111111	18.51851851851852	22.037037037037038	30.833333333333336	0.0
128.0	30.269266480965644	19.127205199628598	22.284122562674096	28.319405756731662	0.0
129.0	28.624535315985128	19.981412639405207	18.029739776951672	33.36431226765799	0.0
130.0	29.209302325581394	20.837209302325583	17.488372093023255	32.46511627906977	0.0
131.0	30.568499534016773	19.384902143522833	19.94408201304753	30.102516309412863	0.0
132.0	27.07749766573296	19.607843137254903	23.34267040149393	29.971988795518207	0.0
133.0	28.999064546304957	20.205799812909262	21.234798877455567	29.560336763330213	0.0
134.0	25.328330206378986	21.013133208255162	21.951219512195124	31.70731707317073	0.0
135.0	26.246472248353715	17.591721542803388	20.696142991533396	35.4656632173095	0.0
136.0	23.6569274269557	17.342130065975496	21.86616399622997	37.134778510838835	0.0
137.0	29.90566037735849	15.0	19.90566037735849	35.18867924528302	0.0
138.0	28.706326723323887	17.469310670443818	21.624173748819643	32.200188857412655	0.0
139.0	29.678638941398866	17.67485822306238	20.793950850661624	31.852551984877124	0.0
140.0	30.96590909090909	14.962121212121213	22.916666666666664	31.155303030303028	0.0
141.0	31.1787072243346	16.34980988593156	19.676806083650188	32.79467680608365	0.0
142.0	32.666666666666664	18.19047619047619	19.142857142857142	30.0	0.0
143.0	31.614135625596944	19.866284622731616	19.29321872015282	29.22636103151863	0.0
144.0	32.4712643678161	17.81609195402299	17.337164750957854	32.37547892720307	0.0
145.0	29.298751200768493	19.88472622478386	18.251681075888566	32.564841498559076	0.0
146.0	30.2504816955684	18.11175337186898	19.845857418111752	31.79190751445087	0.0
147.0	31.334622823984525	19.729206963249517	15.860735009671178	33.07543520309478	0.0
148.0	26.77012609117362	20.659553831231815	20.85354025218235	31.71677982541222	0.0
149.0	30.709426627793974	21.768707482993197	18.172983479105927	29.348882410106903	0.0
150.0	28.891050583657584	20.136186770428015	18.385214007782103	32.5875486381323	0.0
151.0	28.585365853658534	18.926829268292682	20.0	32.487804878048784	0.0
152.0	28.207639569049952	18.90303623898139	18.31537708129285	34.5739471106758	0.0
153.0	33.136676499508354	16.519174041297934	18.780727630285153	31.563421828908556	0.0
154.0	30.83743842364532	16.059113300492612	21.87192118226601	31.231527093596057	0.0
155.0	31.05835806132542	18.397626112759642	18.199802176063304	32.34421364985163	0.0
156.0	31.21272365805169	14.512922465208748	18.986083499005964	35.288270377733596	0.0
157.0	29.681274900398407	18.426294820717132	21.314741035856574	30.57768924302789	0.0
158.0	27.800000000000004	19.900000000000002	17.599999999999998	34.699999999999996	0.0
159.0	34.57286432160804	15.07537688442211	19.899497487437188	30.452261306532662	0.0
160.0	27.391742195367573	16.51560926485398	23.564954682779458	32.527693856998994	0.0
161.0	28.225806451612907	15.625	25.30241935483871	30.846774193548388	0.0
162.0	31.749241658240646	19.716885743174924	21.03134479271992	27.502527805864506	0.0
163.0	28.47011144883485	19.250253292806484	18.237082066869302	34.04255319148936	0.0
164.0	31.16751269035533	15.83756345177665	22.538071065989847	30.456852791878177	0.0
165.0	30.41709053916582	18.006103763987795	22.99084435401831	28.585961342828075	0.0
166.0	26.299694189602445	21.202854230377167	19.673802242609582	32.82364933741081	0.0
167.0	27.282051282051285	19.692307692307693	23.384615384615383	29.641025641025642	0.0
168.0	27.572016460905353	21.296296296296298	18.00411522633745	33.1275720164609	0.0
169.0	24.76780185758514	19.401444788441694	19.298245614035086	36.53250773993808	0.0
170.0	29.771784232365146	16.182572614107883	19.294605809128633	34.75103734439834	0.0
171.0	31.879543094496366	19.003115264797508	15.160955347871235	33.95638629283489	0.0
172.0	28.884254431699684	21.480709071949946	15.641293013555787	33.99374348279458	0.0
173.0	29.123173277661795	16.910229645093946	19.41544885177453	34.55114822546973	0.0
174.0	29.497907949790797	17.468619246861923	18.828451882845187	34.20502092050209	0.0
175.0	27.89473684210526	18.526315789473685	23.789473684210527	29.789473684210527	0.0
176.0	29.523809523809526	17.883597883597886	20.529100529100532	32.06349206349206	0.0
177.0	25.77209797657082	24.068157614483493	20.12779552715655	30.031948881789138	0.0
178.0	26.20837808807734	21.374865735767994	21.267454350161117	31.149301825993554	0.0
179.0	24.97308934337998	20.129171151776106	23.681377825618945	31.216361679224974	0.0
180.0	25.865800865800864	17.532467532467532	22.07792207792208	34.523809523809526	0.0
181.0	26.885245901639344	16.721311475409838	21.85792349726776	34.53551912568306	0.0
182.0	31.0989010989011	18.24175824175824	22.087912087912088	28.57142857142857	0.0
183.0	28.066298342541433	22.320441988950275	21.43646408839779	28.176795580110497	0.0
184.0	28.792912513842744	21.59468438538206	18.93687707641196	30.67552602436323	0.0
185.0	28.938547486033517	21.899441340782122	24.24581005586592	24.916201117318433	0.0
186.0	30.52749719416386	15.937149270482603	24.242424242424242	29.292929292929294	0.0
187.0	31.29943502824859	20.677966101694913	18.418079096045197	29.6045197740113	0.0
188.0	31.590909090909093	17.5	23.068181818181817	27.84090909090909	0.0
189.0	29.061784897025174	20.938215102974826	20.938215102974826	29.061784897025174	0.0
190.0	27.963176064441885	16.340621403912543	21.173762945914845	34.52243958573072	0.0
191.0	27.598152424942263	16.97459584295612	22.28637413394919	33.14087759815242	0.0
192.0	29.871645274212366	19.603267211201867	19.83663943990665	30.688448074679116	0.0
193.0	27.816901408450708	19.014084507042252	21.830985915492956	31.338028169014088	0.0
194.0	26.690391459074732	22.182680901542113	21.70818505338078	29.418742586002374	0.0
195.0	27.403846153846157	19.591346153846153	21.27403846153846	31.73076923076923	0.0
196.0	27.85888077858881	19.22141119221411	20.92457420924574	31.995133819951338	0.0
197.0	28.098159509202453	20.61349693251534	19.018404907975462	32.26993865030675	0.0
198.0	25.9165613147914	23.13527180783818	21.491782553729458	29.45638432364096	0.0
199.0	26.43524699599466	25.233644859813083	20.160213618157545	28.17089452603471	0.0
200.0	28.205128205128204	17.147435897435898	20.673076923076923	33.97435897435898	0.0
201.0	35.32008830022075	20.309050772626932	12.582781456953644	31.788079470198678	0.0
202.0	37.250554323725055	18.403547671840354	17.073170731707318	27.27272727272727	0.0
203.0	35.714285714285715	16.964285714285715	19.642857142857142	27.67857142857143	0.0
204.0	33.856502242152466	17.48878923766816	24.887892376681613	23.766816143497756	0.0
205.0	34.61538461538461	17.420814479638008	24.20814479638009	23.755656108597282	0.0
206.0	30.52391799544419	21.4123006833713	22.55125284738041	25.512528473804103	0.0
207.0	24.367816091954023	22.528735632183906	20.0	33.10344827586207	0.0
208.0	25.0	18.287037037037038	24.537037037037038	32.175925925925924	0.0
209.0	23.953488372093023	20.0	24.186046511627907	31.86046511627907	0.0
210.0	25.46728971962617	17.990654205607477	17.523364485981308	39.018691588785046	0.0
211.0	30.117647058823525	19.058823529411764	22.11764705882353	28.705882352941174	0.0
212.0	24.822695035460992	16.548463356973993	26.004728132387704	32.62411347517731	0.0
213.0	25.118483412322274	21.80094786729858	16.350710900473935	36.72985781990521	0.0
214.0	28.878281622911693	19.570405727923628	18.377088305489263	33.17422434367542	0.0
215.0	29.297820823244553	20.581113801452787	18.886198547215496	31.234866828087167	0.0
216.0	33.81995133819951	18.491484184914842	16.54501216545012	31.143552311435524	0.0
217.0	25.36945812807882	17.733990147783253	26.108374384236456	30.78817733990148	0.0
218.0	28.10126582278481	17.468354430379744	19.746835443037973	34.68354430379747	0.0
219.0	20.786516853932586	23.595505617977526	23.595505617977526	32.02247191011236	0.0
220.0	0.0	29.411764705882355	26.47058823529412	44.11764705882353	0.0
