# Position (bp)	A	C	G	T	N
0.0	35.20156612529002	17.49564965197216	22.49854988399072	24.8042343387471	0.0
1.0	23.859928949467122	27.796708475313565	23.664177481331112	24.679185093888204	0.0
2.0	30.49758070340146	20.950386365277677	17.288943453455623	31.26308947786524	0.0
3.0	31.623746663781287	19.19497944167929	21.35901320060593	27.822260693933494	0.0
4.0	33.97519111495745	17.200346170488967	17.243617481609693	31.580845232943894	0.0
5.0	28.554946639746177	21.430631670031726	17.832419959619266	32.18200173060283	0.0
6.0	27.83906554185594	23.498449780085082	19.53277092796885	29.12971375009013	0.0
7.0	34.8014128162618	20.0677575145967	17.047502342680026	28.083327326461472	0.0
8.0	33.7080270932411	17.62501801412307	18.172647355526735	30.494307537109094	0.0
9.0	29.45328819419434	21.16257293092271	18.281351292948212	31.102787581934738	0.0
10.0	26.76938584491324	15.82547339621283	20.59183526531788	36.81330549355605	0.0
11.0	26.265025552436477	18.009069315482616	18.987979558050817	36.737925574030086	0.0
12.0	25.90807739336834	16.701431345752717	20.686182838236352	36.7043084226426	0.0
13.0	28.253055355859097	21.639108554996405	19.98562185478073	30.122214234363764	0.0
14.0	27.69794510705561	17.9982756143124	24.90300330507257	29.40077597355942	0.0
15.0	29.494543365881675	18.954623779437103	20.225445146467546	31.32538770821367	0.0
16.0	25.34634986720264	18.964898427966407	19.933960232574833	35.75479147225612	0.0
17.0	28.96606156274665	20.563966420320014	19.76752529238717	30.702446724546174	0.0
18.0	26.35202983789987	19.301391478984364	19.846506957394922	34.500071725720844	0.0
19.0	28.443392844339282	24.277622427762243	17.98236179823618	29.29662292966229	0.0
20.0	27.137226800429953	18.41633823002508	19.613041920458617	34.83339304908635	0.0
21.0	26.65043677502506	18.68824287555492	21.05828440498353	33.603035944436485	0.0
22.0	27.8402176247405	17.660534039659247	24.425513637339826	30.073734698260434	0.0
23.0	25.93944599527593	19.790995633812898	19.533319017965788	34.73623935294539	0.0
24.0	32.89680835837985	15.564620008587376	19.43609560612566	32.10247602690711	0.0
25.0	29.39114259140016	17.922300922944835	21.284968161980398	31.401588323674606	0.0
26.0	33.50980111603949	16.49019888396051	16.905136643296608	33.09486335670339	0.0
27.0	26.597038414765006	18.763860075828028	16.975463194792187	37.66363831461478	0.0
28.0	27.267525035765377	21.659513590844064	15.858369098712446	35.21459227467811	0.0
29.0	29.21195652173913	15.274599542334096	16.568935926773456	38.94450800915332	0.0
30.0	28.62251466170791	16.206551280217422	21.32026891717923	33.85066514089544	0.0
31.0	30.704830053667266	14.754919499105545	17.788908765652952	36.75134168157424	0.0
32.0	27.425586720091587	18.775042930738408	17.20091585575272	36.598454493417286	0.0
33.0	29.034566664281115	22.414656838187934	17.69126171902956	30.859514778501396	0.0
34.0	30.12022327179047	16.00114498354086	19.793902962644914	34.08472878202376	0.0
35.0	26.504041776951144	21.532298447671508	18.291723299234565	33.67193647614278	0.0
36.0	28.993490235353033	14.858001287645756	18.613634737821016	37.5348737391802	0.0
37.0	34.33028048082427	18.68918145392101	18.18116771608472	28.799370349170005	0.0
38.0	31.932712956335003	19.577666428060127	16.234788833214033	32.25483178239084	0.0
39.0	35.360263572554075	16.75261423864776	16.53058301102994	31.356539177768227	0.0
40.0	26.82104961284772	21.902781760825928	18.884427874964153	32.3917407513622	0.0
41.0	28.0022970353887	15.13172062307085	25.095111621563422	31.77087071997703	0.0
42.0	34.894411722453675	16.599626490446777	19.127998850739836	29.37796293635972	0.0
43.0	34.84107579462103	17.639867683014526	18.23673234575004	29.28232417661441	0.0
44.0	30.80964375674703	22.10147535084563	16.005757466714645	31.083123425692694	0.0
45.0	32.978404319136175	16.384223155368925	18.63377324535093	32.00359928014397	0.0
46.0	30.723072307230726	17.124212421242124	18.66186618661866	33.49084908490849	0.0
47.0	30.873844766699225	17.19137425802089	19.287700052595987	32.6470809226839	0.0
48.0	28.174096068555965	17.995940765240924	19.176125685935503	34.653837480267605	0.0
49.0	29.787874228975475	17.7298029186099	19.30946291560102	33.172859936813595	0.0
50.0	28.52409638554217	20.39156626506024	19.058734939759038	32.02560240963855	0.0
51.0	30.100158144438588	19.34633632050606	17.98328187363506	32.570223661420286	0.0
52.0	29.115830697394184	17.32188582617864	20.018075011296883	33.544208465130296	0.0
53.0	30.24254293461886	19.734859897559506	19.546550165712564	30.47604700210907	0.0
54.0	27.947269303201505	22.78719397363465	19.284369114877588	29.981167608286253	0.0
55.0	29.235404896421848	18.342749529190208	18.252354048964218	34.16949152542373	0.0
56.0	27.96112115732369	18.437311633514163	19.695599758890896	33.90596745027125	0.0
57.0	30.61439879381832	17.58009800226159	19.660761402186207	32.144741801733886	0.0
58.0	31.614265249189476	17.71092513006107	18.02759556661389	32.64721405413557	0.0
59.0	29.154101326899877	18.199638118214718	20.159831121833534	32.486429433051875	0.0
60.0	29.339466143869704	17.418187302066055	20.283516814960038	32.9588297391042	0.0
61.0	30.487252979333235	17.64217830743702	20.357519987931816	31.51304872529793	0.0
62.0	28.311707905853957	19.85515992757996	20.481291490645745	31.35184067592034	0.0
63.0	32.953688339116006	17.544124302308038	19.20349977372153	30.298687584854427	0.0
64.0	28.44105890338638	17.512632928576817	22.58843050003771	31.457877667999096	0.0
65.0	30.060331825037707	18.401206636500756	19.260935143288087	32.27752639517345	0.0
66.0	28.716904276985744	16.700610997963338	22.25993814588519	32.322546579165724	0.0
67.0	29.00135767084025	18.622718358726807	19.52028963644592	32.85563433398703	0.0
68.0	27.02784275258432	18.908926280842074	19.99547272315702	34.067758243416584	0.0
69.0	27.08270449743435	20.26863869604588	21.400543314216723	31.248113492303048	0.0
70.0	27.857843507130458	19.31638119671018	20.04074549158681	32.78502980457255	0.0
71.0	29.004753640685127	19.044744586131443	19.527654116049195	32.422847657134234	0.0
72.0	28.757923332327195	18.683972230606702	21.18170842137036	31.376396015695747	0.0
73.0	29.788679245283017	17.433962264150942	20.08301886792453	32.69433962264151	0.0
74.0	29.249698067632853	17.821557971014492	21.369263285024154	31.559480676328505	0.0
75.0	29.842971463083195	17.612864260908953	22.097236901706175	30.446927374301673	0.0
76.0	29.7568710359408	19.193597100573847	18.86137118695258	32.18816067653277	0.0
77.0	29.34692336730842	19.086447716119288	18.6560966402416	32.91053227633069	0.0
78.0	29.308261591904543	18.244978099984895	19.732668781150885	32.71409152695967	0.0
79.0	28.38368580060423	20.430513595166165	17.545317220543808	33.6404833836858	0.0
80.0	28.573587186461168	17.860380779691752	19.93049259595044	33.63553943789665	0.0
81.0	26.892851745504004	18.014205833459272	19.993954964485418	35.098987456551306	0.0
82.0	28.87696493349456	17.54081015719468	20.896311970979443	32.68591293833132	0.0
83.0	29.18681983071342	17.427448609431682	21.667170495767834	31.718561064087066	0.0
84.0	27.637545344619106	17.253627569528415	20.11789600967352	34.99093107617896	0.0
85.0	29.352180814876405	17.280217703530123	21.074911179983367	32.2926903016101	0.0
86.0	29.972031143699446	17.506992214075137	20.054425882530804	32.46655075969461	0.0
87.0	31.625094482237337	16.90854119425548	22.169312169312168	29.297052154195015	0.0
88.0	30.962279839746014	18.988585682969234	17.748885025323155	32.3002494519616	0.0
89.0	31.892055332980572	16.76619547962809	18.36117620379469	32.980572983596645	0.0
90.0	29.911557940887445	16.43359286416207	19.585758560737773	34.069090634212714	0.0
91.0	29.02079395085066	19.274102079395085	16.52173913043478	35.18336483931947	0.0
92.0	29.302782819116757	16.75741076830006	18.171506352087114	35.76830006049607	0.0
93.0	31.21597096188748	17.64216575922565	19.147005444646098	31.994857834240776	0.0
94.0	30.378885275656053	16.584738712848825	19.609770853815323	33.4266051576798	0.0
95.0	30.87568058076225	16.47761645493043	19.910768300060496	32.73593466424683	0.0
96.0	29.59013914095584	16.863278886872354	20.183000604960675	33.36358136721113	0.0
97.0	29.972772651641204	17.576765996067163	20.496142792315837	31.954318559975796	0.0
98.0	31.19279933439226	18.863928598441873	18.833673700930337	31.109598366235534	0.0
99.0	29.402420574886534	18.623298033282904	20.431164901664147	31.543116490166412	0.0
100.0	31.690087352829472	16.16407140144322	18.807443980250664	33.338397265476644	0.0
101.0	31.817142857142855	18.11809523809524	19.48952380952381	30.575238095238095	0.0
102.0	30.836330247149746	17.02502104216084	20.62131762185324	31.517331088836176	0.0
103.0	31.163647528400368	18.590727663494015	18.851704022106233	31.393920785999384	0.0
104.0	28.207103783034132	17.682410046998996	19.454503428615453	34.655982741351416	0.0
105.0	29.444057836542182	17.320034021495402	20.026289337354054	33.20961880460837	0.0
106.0	32.358190424458755	18.95708853883759	17.374097928144643	31.31062310855901	0.0
107.0	30.04047952670092	18.706212050443717	17.974466760080958	33.278841662774404	0.0
108.0	33.35938721275598	17.461309989057373	17.054869470064094	32.12443332812256	0.0
109.0	28.833346391914127	17.723105852855912	20.347880592337226	33.09566716289274	0.0
110.0	26.546655137174753	18.92146843801588	19.70757015957865	34.82430626523072	0.0
111.0	32.15215847210165	17.83600347249625	19.966853444874122	30.044984610527976	0.0
112.0	28.68333597088147	18.713404019623358	19.488843171387877	33.114416838107296	0.0
113.0	29.002781088597533	18.363130711164082	17.099721891140245	35.53436630909813	0.0
114.0	31.07159942592888	17.198214000956785	19.661935895391487	32.06825067772285	0.0
115.0	27.280006405636957	20.201777564256545	17.927776443270076	34.59043958683641	0.0
116.0	29.775957600578174	18.49353569421023	17.2729462780053	34.457560427206296	0.0
117.0	30.133010882708582	18.806932688432084	20.04030632809351	31.01975010076582	0.0
118.0	30.380975491385588	16.8163067216695	20.253983660923723	32.548734126021195	0.0
119.0	25.249250222906706	19.44557023587582	23.06881737861717	32.23636216260031	0.0
120.0	26.74843635772886	21.04621882868979	20.055235155551944	32.1501096580294	0.0
121.0	29.767631471667343	17.945373012637585	19.323277619241743	32.96371789645332	0.0
122.0	26.84761281883584	17.732177894048398	19.792347939829956	35.62786134728581	0.0
123.0	30.053344275748874	17.111202297907262	19.384489125974557	33.45096430036931	0.0
124.0	31.766158913132976	16.261836146562374	20.36228900782215	31.6097159324825	0.0
125.0	28.39444995044599	17.401717872481004	18.929633300297326	35.274198876775685	0.0
126.0	31.112768249233575	18.410804540558455	17.789377744635015	32.687049465572954	0.0
127.0	29.515820945104227	17.216178058300805	20.621210862885142	32.64679013370982	0.0
128.0	29.439719859929962	17.75887943971986	20.210105052526263	32.59129564782391	0.0
129.0	31.40918230563003	17.367627345844504	18.53217158176944	32.69101876675603	0.0
130.0	30.07234185733513	19.237886944818307	17.02557200538358	33.66419919246299	0.0
131.0	30.880364988171678	19.55052382561676	18.840824602906387	30.72828658330517	0.0
132.0	29.76756023074313	17.008822531387853	22.166610111978283	31.057007125890735	0.0
133.0	28.593350383631716	19.641943734015346	19.89769820971867	31.867007672634273	0.0
134.0	27.51798561151079	19.570058239122986	18.979102432339843	33.932853717026376	0.0
135.0	28.680704770090244	17.04340352385045	21.61581435324452	32.66007735281478	0.0
136.0	27.645788336933048	17.019438444924408	19.57667386609071	35.758099352051836	0.0
137.0	29.345000866400973	16.470282446716343	19.190781493675274	34.99393519320741	0.0
138.0	28.131255983984683	18.139089563930717	19.77543737488032	33.954217077204284	0.0
139.0	29.14590436226943	18.63799283154122	18.611766762828918	33.60433604336043	0.0
140.0	29.247519536394766	17.947141979102643	20.598823426112915	32.20651505838967	0.0
141.0	29.71398305084746	18.343926553672315	19.54449152542373	32.3975988700565	0.0
142.0	32.63624280017723	17.27071333628711	18.02392556490917	32.0691182986265	0.0
143.0	32.780748663101605	19.66131907308378	18.511586452762923	29.046345811051694	0.0
144.0	31.660543059413925	18.146787346536428	18.209516981808406	31.983152612241238	0.0
145.0	30.781685706575512	17.765584240352613	17.98146982099487	33.471260232077	0.0
146.0	29.347924391788005	18.58551144071629	18.178529438364837	33.888034729130865	0.0
147.0	29.741026805997272	18.13721035892776	17.982735120399816	34.139027714675144	0.0
148.0	29.979916012415558	18.577688515610735	19.09804637575315	32.34434909622056	0.0
149.0	30.563961485557083	19.220541036221917	17.79917469050894	32.41632278771206	0.0
150.0	29.0141622218135	17.39010483722641	19.25694316718779	34.3387897737723	0.0
151.0	28.881499953819155	19.285120532003326	19.737692805024476	32.09568670915304	0.0
152.0	30.08077244452697	18.401262649707547	16.31232011883762	35.20564478692786	0.0
153.0	29.840291398150743	18.95021948258149	19.59465770056972	31.614831418698046	0.0
154.0	30.38533834586466	17.528195488721803	18.768796992481203	33.31766917293233	0.0
155.0	28.782148260211798	19.619894099848715	18.00302571860817	33.594931921331316	0.0
156.0	30.73263558515699	17.402473834443388	20.12369172216936	31.741198858230256	0.0
157.0	30.775862068965516	18.61111111111111	19.42528735632184	31.18773946360153	0.0
158.0	28.32080200501253	20.83092346250241	18.295739348370926	32.552535184114134	0.0
159.0	33.701122725512974	16.144018583042975	19.396051103368176	30.758807588075882	0.0
160.0	27.91986774287659	18.496547700087522	21.08334143732374	32.500243119712145	0.0
161.0	30.51179176044623	16.586750171249633	19.874743125550445	33.02671494275369	0.0
162.0	30.38223445023091	18.669548983000883	20.487373489240444	30.46084307752776	0.0
163.0	28.149392352534335	17.66623851398083	19.345914435332475	34.838454698152354	0.0
164.0	27.999602701628923	17.47119586809694	19.169646404449743	35.3595550258244	0.0
165.0	29.80423491809828	16.400319616460248	20.78505793048342	33.01038753495805	0.0
166.0	27.145007526342198	19.799297541394882	20.481685900652284	32.574009031610636	0.0
167.0	28.82946518668012	17.850655903128153	20.332996972754795	32.986881937436934	0.0
168.0	29.6773538961039	17.045454545454543	20.07913961038961	33.19805194805195	0.0
169.0	27.0512689837937	18.58118438487412	20.446437672000815	33.92110895933136	0.0
170.0	28.40267077555213	17.02105803800719	18.654340010272215	35.921931176168464	0.0
171.0	31.14465929066281	16.978595801881916	17.82649157274325	34.050253334712025	0.0
172.0	28.516477804345563	20.012475309283708	17.569393907890632	33.90165297848009	0.0
173.0	29.577317430424777	16.321406151914626	19.313663946432307	34.78761247122829	0.0
174.0	31.136842105263156	18.694736842105264	18.705263157894734	31.46315789473684	0.0
175.0	28.295106225557554	17.30261071768312	20.727195856674772	33.675087200084555	0.0
176.0	29.685668620138518	16.56899307405434	17.474693660095898	36.27064464571124	0.0
177.0	27.1802014141847	18.67366616670238	20.14141847010928	34.00471394900364	0.0
178.0	27.341308330639073	19.689621726479146	20.077594568380214	32.89147537450156	0.0
179.0	28.47854356306892	16.363242306025143	21.30472475075856	33.85348938014738	0.0
180.0	29.83853371154266	16.037530002181978	19.365044730525856	34.75889155574951	0.0
181.0	28.562005277044854	18.755496921723836	18.920404573438873	33.762093227792434	0.0
182.0	30.2721841115291	17.63664527550343	19.041823412259347	33.04934720070813	0.0
183.0	29.284044093085406	20.554503952789222	19.930965371339497	30.230486582785883	0.0
184.0	32.1203953279425	19.485624438454625	17.744833782569632	30.649146451033243	0.0
185.0	28.146556598439442	19.72181386407328	20.49078367069999	31.640845866787288	0.0
186.0	29.70387243735763	18.109339407744876	21.12756264236902	31.05922551252847	0.0
187.0	29.89548639026071	21.454002526702652	17.9625588606868	30.687952222349836	0.0
188.0	29.832078749276203	17.15112912565142	19.038795599305153	33.97799652576723	0.0
189.0	29.897148200093504	18.045815801776534	20.546984572230016	31.510051425899952	0.0
190.0	31.703581526861452	17.7191328934967	18.049010367577758	32.52827521206409	0.0
191.0	28.982748364069007	18.381915526472337	18.2034503271862	34.43188578227246	0.0
192.0	31.722815010190626	17.68373096750989	19.218319146385326	31.375134875914156	0.0
193.0	31.34075508228461	18.756050338818973	18.223620522749272	31.679574056147143	0.0
194.0	29.608463035019454	18.9931906614786	19.24854085603113	32.14980544747082	0.0
195.0	29.067911089279136	20.17683900282451	19.145278153014857	31.609971754881492	0.0
196.0	29.65534341681131	19.26605504587156	18.33622613439127	32.74237540292586	0.0
197.0	27.963335007533903	19.31190356604721	20.554997488699144	32.169763937719736	0.0
198.0	28.414040481680757	20.445810914681015	19.04944914168588	32.09069946195234	0.0
199.0	28.355007373642575	21.316530366000805	18.80949188899316	31.51897037136345	0.0
200.0	23.292606516290725	19.078947368421055	22.274436090225564	35.35401002506266	0.0
201.0	30.486438018381527	17.03653889262497	19.6592692221475	32.817753866846	0.0
202.0	29.1893115942029	18.52355072463768	20.47101449275362	31.816123188405797	0.0
203.0	30.09842069123369	18.104829480430304	19.821469443808652	31.97528038452735	0.0
204.0	31.460156609857208	18.654997696913863	22.524182404421925	27.360663288807004	0.0
205.0	28.478513356562136	17.235772357723576	23.507549361207897	30.77816492450639	0.0
206.0	30.34208059981256	20.196813495782568	20.970009372071228	28.49109653233365	0.0
207.0	28.5207100591716	19.029585798816566	19.266272189349113	33.18343195266272	0.0
208.0	28.188561856903565	17.109356305336203	21.368748504426897	33.33333333333333	0.0
209.0	26.78614676677162	18.261080164688785	20.53766045047227	34.415112618067326	0.0
210.0	28.316201664219285	17.1071953010279	21.145374449339208	33.431228585413606	0.0
211.0	29.739776951672862	18.736059479553905	21.635687732342006	29.888475836431226	0.0
212.0	26.27352572145546	17.340025094102888	22.534504391468005	33.851944792973654	0.0
213.0	28.473456946913895	20.853441706883412	17.399034798069597	33.2740665481331	0.0
214.0	30.257731958762886	21.391752577319586	18.84020618556701	29.510309278350515	0.0
215.0	28.881338212232095	18.94929430214323	18.5572399372713	33.61212754835337	0.0
216.0	30.979559331032654	18.0780461906026	20.679585877355986	30.26280860100876	0.0
217.0	25.923927704343136	19.125977879687078	23.684920420825463	31.265173995144323	0.0
218.0	25.30657748049052	17.94871794871795	20.735785953177256	36.00891861761427	0.0
219.0	23.06027820710974	22.34930448222566	23.863987635239567	30.726429675425038	0.0
220.0	13.95891690009337	24.556489262371613	21.942110177404295	39.54248366013072	0.0
