# Position (bp)	A	C	G	T	N
0.0	37.423135835904716	11.853175572180168	28.849867915732457	21.85051168779275	0.02330898838990388
1.0	31.82277048689305	16.41170140776322	22.211375259310206	29.54971545211497	0.0044373939185516345
2.0	34.39885548287047	17.271506110279905	21.519761486124914	26.804416438236483	0.00546048248823266
3.0	33.28090729149949	17.726421655165034	24.844594233135396	24.14486706253678	0.003209757663296421
4.0	33.23341054639597	17.801628811303154	22.56333392727997	26.40162671502091	0.0
5.0	33.60107645058907	18.328420144416942	21.499224503630966	26.571278901363026	0.0
6.0	27.21734059879758	18.267548710111996	20.875475036695956	33.63963565439447	0.0
7.0	27.206147664882053	20.792253006055997	21.501223876812652	30.5003754522493	0.0
8.0	27.773971299151157	19.309314453199345	21.6179437402459	31.2987705074036	0.0
9.0	31.266000726142046	18.5426887736578	22.71148887047674	27.479821629723418	0.0
10.0	28.73986134396665	22.655308351080702	21.608591236576196	26.996239068376454	0.0
11.0	28.253699490272854	19.65800659646895	20.833553803552217	31.25474010970598	0.0
12.0	29.711098794512957	19.83424553138423	21.025010392129694	29.429645281973123	0.0
13.0	30.616439524451188	19.74005151210193	21.055145240247665	28.588363723199205	0.0
14.0	29.857533602939945	19.486349067843538	20.836339838571643	29.81977749064487	0.0
15.0	27.296908817552495	19.47064946222347	22.309052158540815	30.92338956168322	0.0
16.0	27.08919464556459	20.802354524595216	21.876646910497254	30.231803919342937	0.0
17.0	28.04647263145287	19.312492514073544	21.192158741565855	31.44887611290773	0.0
18.0	28.28894712889001	20.76866339197439	21.590998258031107	29.3513912211045	0.0
19.0	26.914307871267933	19.661108956960064	21.226056611089568	32.19852656068243	0.0
20.0	28.733798757840557	17.819439949450583	21.63376331160325	31.81299798110561	0.0
21.0	29.43233048118502	18.34268715306529	21.688594473579293	30.536387892170392	0.0
22.0	29.31014723073279	19.344758295576966	21.18227730110098	30.162817172589257	0.0
23.0	28.757208919633403	19.125254264404507	20.18726049626317	31.93027631969892	0.0
24.0	28.459629120774853	18.311687325889434	21.59919842721704	31.629485126118674	0.0
25.0	29.061028235133517	17.534905238250527	23.364705703906505	30.039360822709448	0.0
26.0	27.484193567998055	18.681226822299227	21.152501671834152	32.68207793786856	0.0
27.0	28.121121105781754	17.71763948695159	21.516465666518535	32.644773740748114	0.0
28.0	29.61058723168792	17.646154673798602	21.60099601134346	31.14226208317002	0.0
29.0	28.46660423990298	18.69809496031807	21.254777950048357	31.580522849730592	0.0
30.0	29.347834465110186	18.261559925079197	22.00837078088749	30.382234828923128	0.0
31.0	28.599550492133613	18.435247616833294	22.720297605208092	30.244904285825	0.0
32.0	27.236094288642505	18.912078014845182	21.256871331407808	32.59495636510451	0.0
33.0	29.189801257272265	17.60415446487837	21.920268634571084	31.285775643278278	0.0
34.0	28.965772229171094	18.0358561662694	21.919618625067848	31.078752979491657	0.0
35.0	28.590997268300406	18.9920424403183	20.93115325230611	31.48580703907518	0.0
36.0	28.035082688079534	18.05197081222318	21.98084950450881	31.93209699518848	0.0
37.0	28.336013501679748	17.716974222618497	22.965593007148886	30.98141926855287	0.0
38.0	29.167397020157754	18.470241415026692	20.827025735001197	31.533742331288344	0.0015934985260138636
39.0	29.119969281720227	18.826945691041303	20.615645523850663	31.43743950338781	0.0
40.0	28.997847251228993	18.365838768756227	21.162002377662823	31.474311602351957	0.0
41.0	29.699989535454684	17.84687955308342	20.812370702492977	31.64076020896892	0.0
42.0	28.698869109778112	17.99143534821219	21.36548720564069	31.943398822967517	8.095134014943617E-4
43.0	29.10988386258426	19.107447413303014	21.679525704539916	30.10314301957281	0.0
44.0	29.537357864428287	18.353586127242856	20.826216387682397	31.282839620646463	0.0
45.0	30.916908717078424	18.382232955843477	20.205770046669493	30.49427238014425	8.159002643516856E-4
46.0	27.415605251956386	19.357584885891097	22.470613273959593	30.756196588192918	0.0
47.0	27.306573302431087	20.570540953695943	20.590265792198824	31.532619951674146	0.0
48.0	30.265961840257706	19.838110184190963	20.716114644420582	29.17981333113075	0.0
49.0	28.045321093330028	19.650167473018236	22.457924988628374	29.846586445023366	0.0
50.0	28.865455998135726	19.219501639562562	20.105864141019026	31.809178221282686	0.0
51.0	28.78297316969104	20.784914121259277	21.136293284474895	29.295819424574788	0.0
52.0	28.121321179913224	20.196091621539807	20.643436144092025	31.039151054454944	0.0
53.0	28.151788197810163	18.62793853623176	21.200448419153904	32.01982484680417	0.0
54.0	28.181080121103463	19.23363158161798	21.012127260118735	31.57316103715982	0.0
55.0	28.84530405520242	20.098405792175125	21.294061660831435	29.76222849179102	0.0
56.0	27.603992631624042	18.987276699653	20.030844364477574	33.377886304245386	0.0
57.0	28.235446313065975	19.473048727899958	21.983613626563173	30.307891332470895	0.0
58.0	27.902842574446314	19.174803586604	20.445203697601418	32.47715014134827	0.0
59.0	25.39177298532323	19.94139756346417	20.781191408464213	33.88563804274838	0.0
60.0	27.351616148361984	18.465643178935398	22.76254209858724	31.420198574115382	0.0
61.0	28.506675820065308	18.975699486881595	22.73915454281414	29.778470150238956	0.0
62.0	28.274006439945303	19.085174893035155	21.009218825812713	31.631599841206825	0.0
63.0	28.548628782706615	17.940647083337026	22.600037239654913	30.91068689430145	0.0
64.0	26.49817497077276	19.835256530391867	23.13905027085397	30.527518227981403	0.0
65.0	28.36031787459613	19.657465823081008	19.994960085678542	31.986356231944058	8.999847002600955E-4
66.0	28.954657319033394	18.861756132114024	20.974054868912155	31.2086235549461	9.081249943242188E-4
67.0	28.980228928199793	17.452580462602917	22.203662120963177	31.361702904503712	0.0018255837303977945
68.0	29.387627424281455	18.357376807860746	20.70529569793545	31.548780039009312	9.20030913038678E-4
69.0	30.970880095055094	18.485616419282074	20.576085846630836	29.96648936663975	9.282723922507822E-4
70.0	30.260925003984664	18.8910452938805	20.63304550014532	30.21404663460186	9.375673876559878E-4
71.0	29.6081675095713	19.472515006853524	19.46400718438342	31.45531029919176	0.0
72.0	29.543308888740548	16.823855888158835	21.28968272889389	32.34315249420673	0.0
73.0	29.131897711978468	19.279946164199195	21.05172082291867	30.536435300903676	0.0
74.0	29.356240662773324	19.55142507906327	21.057992666032867	30.034341592130538	0.0
75.0	29.504966027080286	18.17869853813497	21.29950094614336	31.016834488641376	0.0
76.0	30.23403600401148	19.045585884362186	21.397861206819513	29.32251690480682	0.0
77.0	29.33424473014948	18.598526351765663	21.254309868216044	30.81291904986882	0.0
78.0	29.25145014271246	18.343921676948103	21.405845584098046	30.99878259624139	0.0
79.0	29.11308180939212	19.207377296308234	21.489390458170025	30.19015043612962	0.0
80.0	27.16169953584105	18.804738201751622	20.34738411778296	33.68512801125743	0.001050133366937601
81.0	29.363469422617015	18.56743252476939	22.012726340963443	30.05530406559617	0.0010676460539801845
82.0	29.38798513043384	20.27441502563158	20.019724934701795	30.31787490923279	0.0
83.0	29.80090058273	18.976249337806816	20.682500441462125	30.540349638001057	0.0
84.0	28.252378004165024	19.377497607924806	21.34856756908876	31.02043113637643	0.0011256824449822707
85.0	28.053358435982506	19.040512461398936	21.5901915990311	31.31478951658267	0.0011479870047871057
86.0	27.088112739360458	18.664263308207314	21.778875415515706	32.467578070134365	0.0011704667821527224
87.0	28.53960307098969	18.809212969062532	21.463391263729026	31.187792696218754	0.0
88.0	29.065964353524837	20.64065658112329	21.07796900839101	29.21541005696086	0.0
89.0	28.55748535962761	20.265028279693677	19.919665648931378	31.257820711747335	0.0
90.0	28.129579637485534	19.876590821442345	22.172515747525388	29.82131379354673	0.0
91.0	28.932258744205647	19.96418036241045	20.764854614412137	30.337389380530972	0.0013168984407922462
92.0	29.660149728012065	18.43189529810955	21.170625302956857	30.737329670921525	0.0
93.0	29.18434830531827	18.57260953430697	22.471755304491595	29.77128685588316	0.0
94.0	28.745212885785087	19.707422842982652	21.89823158369002	29.64913268754224	0.0
95.0	29.144273302306818	19.11732922207974	20.389608518363758	31.348788957249685	0.0
96.0	27.81790196542742	18.31636277527824	23.064172389296708	30.801562869997635	0.0
97.0	26.937684197733418	20.049828335308238	23.291708443472185	29.72077902348616	0.0
98.0	27.406206649313404	19.085992175444613	21.177735866701997	32.328506632167965	0.0015586763720248763
99.0	26.74814505508624	19.20791443163203	22.442424437092473	31.601516076189252	0.0
100.0	29.622588484237323	19.645897736853417	21.634623332396554	29.096890446512703	0.0
101.0	28.79085520745131	17.935647756138863	22.4419983065199	30.831498729889923	0.0
102.0	29.80073569149771	19.649239030002963	21.261832952703056	29.288192325796274	0.0
103.0	29.579789715434025	19.996770373560125	21.437542613126638	28.98410306096817	0.0017942369110417339
104.0	26.936101704324656	19.658024759895632	21.756509187808803	31.64936434797091	0.0
105.0	26.073590345802067	20.23257146130492	22.73013690783067	30.963701285062346	0.0
106.0	26.588868588043457	19.233413881849078	21.612541993281077	32.56517553682639	0.0
107.0	27.641456130438293	19.311485995641295	21.002502219711033	32.044555654209375	0.0
108.0	27.650718997773293	19.409818325598817	22.40650947911681	30.53295319751108	0.0
109.0	29.107035735710003	19.063330191104637	21.57211414859885	30.255377495929388	0.0021424286571257176
110.0	28.036497476472793	19.247129350053996	21.678090494346858	31.036078725233068	0.0022039538932845525
111.0	27.193477720815736	19.282278280900652	23.05833465073737	30.465909347546237	0.0
112.0	28.14034275127374	18.872163038443723	22.012505789717462	30.974988420565076	0.0
113.0	25.860355029585797	18.662721893491124	22.16568047337278	33.3112426035503	0.0
114.0	25.465265814184846	19.229369373741296	23.62118748938442	31.684177322689443	0.0
115.0	27.420798726811558	20.107425274779928	23.009399711543242	29.462376286865272	0.0
116.0	26.190476190476193	19.190680564071123	22.897506642141835	31.721336603310853	0.0
117.0	25.892998469899226	18.770115548989605	23.69545718355933	31.64142879755184	0.0
118.0	27.303754266211605	19.004279755133	23.09713418928436	30.594831789371042	0.0
119.0	27.252064970342037	19.18343588890737	21.456289151283332	32.10820998946727	0.0
120.0	28.14131668558456	17.31838819523269	24.554483541430194	29.985811577752553	0.0
121.0	27.830531114789324	19.325144466707318	22.815576269709904	30.02874814879345	0.0
122.0	27.025904275837515	19.47123230764666	21.444467523218897	32.05839589329694	0.0
123.0	26.344363228291527	18.728579660914136	23.326559703982287	31.600497406812046	0.0
124.0	26.27948168173767	18.364873683229234	22.799167210465804	32.55647742456729	0.0
125.0	25.537823172677943	19.198850941589534	21.01500159591446	34.245132460900095	0.003191828917969997
126.0	25.718306171869887	18.495974867465147	22.989069965311863	32.7966489953531	0.0
127.0	25.271421413061635	19.381994321028895	24.222482044429597	31.12076165024219	0.0033405712376816435
128.0	26.99183631290689	22.28996589852227	20.76401088491612	29.954186903654712	0.0
129.0	26.025545237841108	20.59273490589533	22.378766855231795	30.999395168463373	0.0035578325683993314
130.0	26.852461414673396	19.80103869504791	22.990271377368153	30.356228512910537	0.0
131.0	26.65509171887975	20.559371933267908	21.280289876953272	31.505246470899074	0.0
132.0	27.23893736061661	18.443601079854453	23.345983802183184	30.97147775734575	0.0
133.0	27.35595703125	19.25048828125	24.4873046875	28.90625	0.0
134.0	27.389799020435735	19.2239486573214	22.728424252660023	30.657828069582845	0.0
135.0	28.075737560546017	19.295464553060327	22.382210479964773	30.246587406428887	0.0
136.0	24.93581514762516	19.78268842838804	24.66073720887585	30.620759215110947	0.0
137.0	26.499162479061976	17.822445561139027	23.809523809523807	31.868868150275187	0.0
138.0	26.657570244592684	19.082272084091368	22.58944815039418	31.66565595310289	0.005053567818880129
139.0	26.254826254826252	21.457661183688582	23.996403448458242	28.285820066641985	0.0052890463849367955
140.0	25.013804527885146	19.668691330756488	22.766427388183324	32.55107675317504	0.0
141.0	25.90270521305004	18.83199814234297	24.068268895855102	31.19122257053292	0.005805178218971322
142.0	26.495988240338093	21.032645311447297	22.998713786978627	29.472652661235987	0.0
143.0	28.29633420766426	18.188215725161538	22.25705329153605	31.251999232294796	0.006397543343356151
144.0	24.64954054597894	19.43792340197196	22.120866590649943	33.79166946139915	0.0
145.0	23.581062096094406	21.213824107895476	19.317223939308796	35.88086541163248	0.007024445068839562
146.0	22.338438550616363	20.134478894284648	19.9626447515876	37.56443780351139	0.0
147.0	24.2179374349948	19.64957196575726	20.417633410672853	35.69885590847267	0.016001280102408193
148.0	24.483029404065963	21.50772183928104	19.431114213419423	34.56068405898264	0.017450484250937964
149.0	22.033731137193016	27.54709537429727	14.242035703718315	36.15741197356741	0.019725811223986586
150.0	26.364147759234953	24.957809863116445	12.957059816238514	35.70223138946184	0.018751171948246766
