# Position (bp)	A	C	G	T	N
0.0	26.30267754998787	23.916787189423175	23.52972876515714	26.250806495431817	0.0
1.0	26.436511996703054	19.99171904000247	15.29566649554464	38.27610246774984	0.0
2.0	28.769056250432328	19.088016416185454	18.24926084711863	33.893666486263584	0.0
3.0	22.997886786493602	22.545931002792386	14.968076197984864	39.488106012729155	0.0
4.0	34.13921519942809	12.987153688392905	14.68824108127538	38.18539003090363	0.0
5.0	34.90082027827992	14.711093546569376	23.061108824851527	27.326977350299174	0.0
6.0	30.939650162559783	17.200202301896404	20.924177747859893	30.93596978768392	0.0
7.0	34.9444916363481	16.81548440559868	20.078952945219992	28.161071012833226	0.0
8.0	22.430148562487126	26.744260247617994	22.913642971582163	27.911948218312716	0.0
9.0	27.75608137427572	18.512983115983452	15.5158371873388	38.21509832240203	0.0
10.0	26.4019705439416	16.239030850445594	25.169059800749256	32.18993880486355	0.0
11.0	28.17331419538398	17.93019278634652	19.50232130741162	34.394171710857876	0.0
12.0	26.051652280556166	19.55607258886473	21.205370260552733	33.186904870026375	0.0
13.0	26.38675931713612	20.712600713161674	18.65046292586241	34.2501770438398	0.0
14.0	30.672466818749257	18.263815800799115	20.299552834452584	30.764164545999044	0.0
15.0	29.836606195733022	18.507507074333482	19.76714505603964	31.888741673893854	0.0
16.0	29.821573051582828	17.440910690954766	18.699673099605786	34.03784315785662	0.0
17.0	30.452579260137803	17.74994345875695	19.61580447949111	32.18167280161414	0.0
18.0	31.106216806135066	17.62254015912279	18.757371879917677	32.51387115482447	0.0
19.0	29.819020533523766	18.268920836917246	20.05704877862011	31.85500985093888	0.0
20.0	29.708149240388433	17.800400211087307	19.641003175213744	32.850447373310516	0.0
21.0	29.259959717703378	18.309390120330452	19.620523669856127	32.81012649211005	0.0
22.0	29.756320598642656	19.058925176197945	22.349759083847847	28.834995141311552	0.0
23.0	29.855171312546336	20.184541119581908	20.97279431275232	28.98749325511943	0.0
24.0	32.63373562205162	19.321359649200915	18.070136072956902	29.97476865579057	0.0
25.0	29.696455146024807	20.99058773805941	19.24328524508032	30.069671870835464	0.0
26.0	32.41052385387487	16.663550220199202	21.67403928859541	29.251886637330514	0.0
27.0	26.37923532495039	21.3332187668251	24.780231163158735	27.507314745065774	0.0
28.0	26.413842720960506	19.62739469230582	18.317433520260764	35.64132906647291	0.0
29.0	28.097673587552258	19.817082400625427	17.299082696242635	34.786161315579676	0.0
30.0	26.599745533797048	18.9503588734571	16.022659651973836	38.42723594077202	0.0
31.0	34.27443824150041	14.06808914641223	18.02872351007921	33.62874910200815	0.0
32.0	34.31151563462879	15.518000520916603	22.472357267724863	27.698126576729738	0.0
33.0	31.23089660240276	17.28097618972054	20.80529365523067	30.682833552646034	0.0
34.0	33.61393092073469	16.196725092779864	21.861612775657026	28.327731210828418	0.0
35.0	26.342019913657094	20.080737757472146	25.67180219502093	27.90544013384983	0.0
