# Position (bp)	A	C	G	T	N
0.0	25.913549234064355	23.821090041359813	24.006832363925607	26.258528360650228	0.0
1.0	26.11722924905614	19.79778911893721	15.54563939662135	38.5393422353853	0.0
2.0	28.40855180662191	18.82412977173959	18.569409568727167	34.19790885291133	0.0
3.0	22.880766627697934	22.150796517300105	15.259910746079392	39.70852610892256	0.0
4.0	34.02282685088791	13.280566712439477	14.628669507711326	38.06793692896129	0.0
5.0	34.985009440197196	14.822929181597633	22.91321253511603	27.278848843089136	0.0
6.0	30.637684681583917	17.370435804958177	20.863606491045132	31.128273022412774	0.0
7.0	34.530352258868184	17.09076126062219	19.97420835753553	28.40467812297409	0.0
8.0	22.06811563868034	27.10737250346253	22.47781721525333	28.346694642603797	0.0
9.0	27.757533112740777	18.39026814019609	15.571052030535167	38.281146716527964	0.0
10.0	25.83018360163046	16.235247263216625	25.50158509810558	32.43298403704733	0.0
11.0	27.976806607851884	17.732931168633698	19.35032290449267	34.939939319021754	0.0
12.0	26.26768722003121	19.208106235609897	21.462183815394443	33.06202272896444	0.0
13.0	26.003548736597605	20.63317400706312	18.6860894996714	34.67718775666788	0.0
14.0	30.511614827840468	18.060282715591473	20.655784637876813	30.772317818691242	0.0
15.0	29.80599009941934	18.067891695460123	19.872657741596246	32.25346046352429	0.0
16.0	29.49274952014439	17.640847243367112	18.582350347716385	34.28405288877211	0.0
17.0	30.084557651700855	17.831962423345573	19.684265507590847	32.39921441736273	0.0
18.0	30.470096263774575	17.383223471794288	18.745383556841816	33.401296707589324	0.0
19.0	29.650069632345033	18.13106658684448	19.717602509690952	32.50126127111953	0.0
20.0	29.808127739248658	17.442530253011306	19.85249012773034	32.8968518800097	0.0
21.0	28.838771696885217	18.234194984562553	19.577103587099597	33.34992973145263	0.0
22.0	29.66407880765504	18.77403810979198	22.440599378939286	29.121283703613692	0.0
23.0	29.643274991458984	20.228689289597394	20.99449875845115	29.133536960492474	0.0
24.0	31.926528810104422	19.45460919045162	18.2960974712866	30.322764528157357	0.0
25.0	29.193403599760025	21.00749001003291	19.18609363498655	30.61301275522052	0.0
26.0	32.28506699528638	16.539695526288835	21.545958938229205	29.629278540195582	0.0
27.0	26.260319997048022	20.99601291999692	25.03705560471986	27.7066114782352	0.0
28.0	26.0664945951431	19.46321064595531	18.34200583143056	36.128288927471026	0.0
29.0	27.8374274013616	19.505543549003804	17.310022031686692	35.3470070179479	0.0
30.0	26.287641226904206	19.132896860842493	16.541660669939677	38.03780124231362	0.0
31.0	33.944705905842156	14.120873663889027	17.753208995682773	34.18121143458605	0.0
32.0	34.17538400799096	15.4964787026452	22.40022131807438	27.92791597128947	0.0
33.0	30.83804940198386	17.598095146603	20.85023361830541	30.713621833107734	0.0
34.0	33.14733208514479	16.25078011783746	21.429761186977938	29.172126610039804	0.0
35.0	25.71921928282081	20.343344096777592	25.44463017087918	28.49280644952242	0.0
