# Position (bp)	A	C	G	T	N
0.0	27.05504299534217	23.801504836975994	23.22599426728771	25.917457900394126	0.0
1.0	27.12496401769994	19.96978602525567	15.308488252476362	37.596761704568024	0.0
2.0	27.846710783790513	20.05906002063543	17.864989148610665	34.22924004696339	0.0
3.0	23.994757570919152	21.68977415863892	15.024526762112583	39.290497986410486	4.435219188532298E-4
4.0	33.43031996745494	14.54357323522649	14.51416771317898	37.510391425084464	0.0015476590551320374
5.0	35.46352469511926	14.733841983027348	22.218101217756818	27.573935235471254	0.010596868625321217
6.0	32.08813442770367	17.5255005333733	20.135503266360455	30.24689453314408	0.003967239418490862
7.0	35.11221374717376	17.119964457582235	20.21826915463591	27.549112759200117	4.3988140797241067E-4
8.0	24.02851689731589	26.14114809942259	21.645959117873794	28.182618836877815	0.0017570485099130482
9.0	28.6929393671472	18.365806730450693	16.145797910967094	36.79523660129572	2.193901392907994E-4
10.0	27.105911546015715	17.205036475869807	24.111119879349047	31.576836069023567	0.0010960297418630752
11.0	28.142781425624086	18.63854783107673	19.77524497027942	33.44233068907062	0.0010950839491355407
12.0	26.815514094770425	20.179746070926825	20.523745125585915	32.474648670176684	0.006346038540148541
13.0	27.38057756554897	20.969110213219988	18.364642913365167	33.285450665547216	2.186423186580609E-4
14.0	31.13182382676532	18.831662906018785	20.122527155375977	29.91289290024663	0.0010932115932903047
15.0	29.737323118364205	18.763227860278814	18.972249916915917	32.52654317748509	6.559269559741828E-4
16.0	30.34252505640972	17.764688390967446	18.847186510643507	33.042320407199455	0.0032796347798709135
17.0	29.904365849818966	18.40859001941544	20.373965821832748	31.310673243427612	0.00240506550523867
18.0	32.020823494428996	18.16611568802365	18.124573647478616	31.68280246978363	0.0056847002851095835
19.0	30.64097182137797	18.363986986409195	19.623366741879625	31.37167445033321	0.0
20.0	30.032927533189902	18.02137447307201	19.93821168074723	32.00748631299085	0.0
21.0	29.745412884154554	17.561351034615452	19.22019030627416	33.473045774955835	0.0
22.0	28.62924384740515	18.614988368228648	20.01976526560669	32.73512794948488	8.745692746322435E-4
23.0	29.716333455773032	17.558945969110212	20.046876913120286	32.676750450403176	0.0010932115932903047
24.0	30.824631369050742	17.76578160256074	18.518129821063127	32.88970806877613	0.001749138549264487
25.0	29.225262808067026	18.074067271868604	19.072825383498625	33.627844536565746	0.0
26.0	31.067980269717165	17.545390145353412	20.640272165958265	30.746357418971154	0.0
27.0	28.693087404453305	18.141627748333946	19.68021374473072	33.48507110248203	0.0
28.0	29.922294519948927	17.622133599202392	20.12690000174914	32.325173602001016	0.003498277098528974
29.0	29.27445732976509	18.503480785713037	19.34656556645852	32.87396582183275	0.0015304962306064262
30.0	29.95264145250371	18.08392476856407	18.9930514559583	32.968633161478216	0.001749161495707995
31.0	30.34226717567266	18.28332917907478	19.21672548222196	32.15636629190882	0.0013118711217809961
32.0	29.204565331467553	18.67391114220745	19.26228791324121	32.85923561308379	0.0
33.0	29.69575056575308	17.662209880727225	19.34558493948902	33.294705425763354	0.001749188267319697
34.0	29.536524623427624	18.1023682133338	19.223393950790317	33.137494561046374	2.1865140188346318E-4
35.0	30.254891323369847	17.37951069266039	19.40866612999195	32.956931853977814	0.0
36.0	30.94070236542955	17.48431360537669	18.652151464501053	32.922176230189635	6.563345030672699E-4
37.0	28.8599047769084	18.88620490468939	19.26889145617812	32.98478005916435	2.1880305974198742E-4
38.0	30.778775431601385	18.231533982112257	18.944067436827215	32.04452896417857	0.0010941852805819315
39.0	30.0311956129117	18.688251841635743	19.043115620792697	32.237218008078024	2.189165818364912E-4
40.0	29.63324101179729	18.627841954879308	19.47867547811454	32.25739302680246	0.0028485284064017386
41.0	29.28074530892248	18.08904932759029	20.573412402515945	32.05459984385006	0.0021931171212267423
42.0	28.8668368119485	18.55783220573681	19.465249325746285	33.108326073264884	0.0017555833035249918
43.0	29.646836679803712	18.322995685633046	20.179600619161057	31.847712726833606	0.0028542885685742827
44.0	29.492961025895603	18.843011876964574	19.919560857636775	31.744466239503044	0.0
45.0	29.347916858959987	18.658825494358663	19.696110620305298	32.29714702637605	0.0
46.0	29.846565813570535	17.6351480588234	19.419021090330283	33.09904518602713	2.1985124864516668E-4
47.0	30.00301296896202	18.712516576827408	19.500726851271494	31.78154435552154	0.00219924741753372
48.0	30.330876691233087	18.18039819601804	18.416235837641622	33.072049279507205	4.3999560004399956E-4
49.0	28.799716534323995	18.301802912125638	20.050354772259098	32.84702537105833	0.001100410232934838
50.0	29.634727532197537	18.2462252682394	19.17581352737011	32.94323367219295	0.0
51.0	30.187102577896933	18.082319842662738	19.24779736654114	32.482780212899186	0.0
52.0	29.4829626228466	18.074012591500296	19.88017765847542	32.56284712717768	0.0
53.0	30.97167736731018	17.948791619241266	19.257843148088803	31.810637286861965	0.011050578497784359
54.0	30.08783185840708	18.928318584070798	18.858849557522124	32.122566371681415	0.0024336283185840708
55.0	28.897924473145714	18.39870844295623	17.957780789639198	34.74536483386041	2.214603984515489E-4
56.0	29.323231606759702	18.086464632135193	20.781169648715267	31.808469136240312	6.649761495221039E-4
57.0	27.97282998107771	19.015907593541133	19.257926622314997	33.752892138485464	4.4366458070369636E-4
58.0	30.412879275662856	17.647946926940172	21.883312092860095	30.055861704536873	0.0
59.0	29.00397485261033	20.791280222662884	21.236561530184872	28.959735721208997	0.00844767333291836
60.0	31.258103177113732	18.583508948580747	19.740341903951457	30.41804597035407	0.0
61.0	29.06851877898112	21.100819117656908	19.395830961263258	30.434831142098716	0.0
62.0	30.74258822265109	16.76510229394565	21.309783411768393	31.18207829774277	4.477738920954475E-4
63.0	26.24856386769821	20.39319110283719	25.01984167133199	28.337054349316837	0.001349008815772611
64.0	26.09137948923846	20.219561598599714	17.96913415949005	35.71834582192368	0.0015789307480973884
65.0	27.708967468175388	19.31315417256011	18.66048090523338	34.31241867043847	0.004978783592644979
66.0	26.920053258444327	19.471823465525155	17.05088180896941	36.55133396043788	0.005907506623223772
67.0	33.34960247047608	14.003621783614395	17.70226566740714	34.94314164640627	0.0013684320961186703
68.0	34.382229595833905	15.580671920364994	23.052214387759804	26.984884096041288	0.0
69.0	31.996231525643292	16.927044691750574	20.37920273214391	30.69752105046223	0.0
70.0	32.67836994419427	16.19763765920896	22.390396129176533	28.733596267420232	0.0
71.0	25.665674781314934	20.183156760639253	25.050983762152732	29.100184695893084	0.0
