# Position (bp)	A	C	G	T	N
0.0	31.86637381125848	15.223938890933535	26.170178749813566	26.73092460833093	0.008583939663488105
1.0	27.83917646124694	17.046861621197067	20.207987742199922	34.90093113785947	0.005043037496593267
2.0	29.84625908544581	19.08621778479703	18.795440631389564	32.26929481179363	0.002787686573965366
3.0	31.25205533745026	18.287602632974306	19.986288823784605	30.4736247315341	4.284742567310628E-4
4.0	32.041561299063495	17.953783441617162	19.76708720959476	30.23713997990212	4.280698224687429E-4
5.0	32.228147907382535	17.998520241893406	19.72055666276056	30.05245443114848	3.2075681501312963E-4
6.0	28.247349113664967	17.848055019645294	17.709501742331497	36.19488047242715	2.136519310929792E-4
7.0	27.647618224258668	19.56107572948586	19.384541164893314	33.40644468565854	3.2019570361404887E-4
8.0	26.853793737292104	19.261094721084635	19.50227156171067	34.382839979912596	0.0
9.0	30.399019279967447	17.39510619851699	19.676068428866913	32.52927355570656	5.325369420876726E-4
10.0	28.888952731172914	20.39324718881143	21.076678839262154	29.640163606493186	9.576342603232974E-4
11.0	27.221230697602234	19.9777624472363	20.01475416980689	32.78593379119448	3.1889416009124626E-4
12.0	28.48576954079568	18.906189100123513	20.157560425952653	32.45037473170866	1.0620141948817289E-4
13.0	29.146315588466187	18.486240478665845	20.87320447264009	31.494239460227874	0.0
14.0	29.126311349091782	18.694554496371996	20.118198949860837	32.06072322664479	2.119780305969089E-4
15.0	29.30350260471814	18.489581127440598	20.71481512854178	31.49178349074584	3.176485536402524E-4
16.0	29.511999314596864	19.005763521110524	20.619739821816342	30.862391570387622	1.0577208864970294E-4
17.0	29.064808874957333	19.5299578424731	19.72822186970587	31.67690572841422	1.0568444948441842E-4
18.0	28.915866181554033	19.03965014454132	20.118483762593257	31.925894329630232	1.0558168115599271E-4
19.0	28.43646799396491	18.796357842982093	20.723472499182307	32.04338513805801	3.165258126800241E-4
20.0	28.654239983464834	18.734933279340957	19.587316853003642	33.02298261487617	5.272693144022559E-4
21.0	28.74133421018795	18.462321599079303	20.258398096213718	32.53710296507547	8.431294435556454E-4
22.0	29.21760455588832	18.588673274502597	19.773996420433658	32.41898834586743	7.374033079912396E-4
23.0	28.625258999713626	18.360131731886867	18.914770143018377	34.09941798763539	4.2113774573387464E-4
24.0	28.91678602285535	18.112428794079793	18.968741482388076	34.00183322686867	2.1047380811313387E-4
25.0	30.153938075532118	18.117440634855182	19.116028957273084	32.61185598784821	7.363444914068598E-4
26.0	28.874276923271058	18.519281870845695	18.688056733591246	33.91775353822567	6.309340663385108E-4
27.0	29.713116907960707	18.368022636162785	18.757764889142084	33.16004448190978	0.0010510848246475188
28.0	29.89414626202346	18.00900413433706	18.743939019841665	33.351859926348915	0.0010506574488986483
29.0	29.772751139394703	18.41944426942222	18.623485182618193	33.18358431520803	7.350933568563208E-4
30.0	29.908583677457994	18.200779665647428	19.192278998413347	32.69751704861877	8.406098624552112E-4
31.0	29.977323118749272	18.369955918329588	19.172109854087886	32.47977005621385	8.410526194058173E-4
32.0	29.895054871069814	18.750946778428602	18.868873291590923	32.48428347808524	8.415808254224735E-4
33.0	30.405053906794638	17.834208436797734	19.830202548014853	31.928850191975165	0.0016849164176149587
34.0	30.43685770938384	18.73629024950956	19.44524633827183	31.380552119703903	0.0010535831308697752
35.0	29.699792382143386	18.943626848816454	19.200170396371906	32.15535593967378	0.0010544329944737166
36.0	30.098250153268552	18.12103836409432	19.70004737871208	32.07950337823935	0.0011607256856986988
37.0	29.679550591690678	18.502514249879383	20.395776609188545	31.421419529751343	7.39019490055437E-4
38.0	30.25771545753923	18.23416364767794	19.3331494998991	32.17349227529797	0.001479119585761995
39.0	30.183768410962415	18.265431034209133	19.30303642675238	32.24628289268344	0.0014812353926384717
40.0	30.091492577946653	18.296079177043488	19.861950761166977	31.74846479543141	0.0020126884114697817
41.0	30.226367106503798	18.313855134809497	19.41127370342441	32.047019193953645	0.001484861308650696
42.0	30.189971759662942	17.930967828956383	19.633990787638826	32.242839284974636	0.0022303387672174186
43.0	30.472900999508855	18.149664810527057	19.545171379305213	31.8296051078921	0.0026577027667748884
44.0	30.770752943504505	17.92040223373346	18.99120273290842	32.316046261985996	0.0015958278676228867
45.0	30.425978389669456	17.79695573065552	19.467396592896847	32.30626239655564	0.0034068902225444573
46.0	29.82185128918643	18.33210107238663	19.629490738866505	32.21474579557537	0.0018111039850679804
47.0	29.68401863479846	18.81816146605119	19.44991098365724	32.0458833939213	0.0020255215718047396
48.0	29.59770176273603	18.397636879366022	19.587841197951906	32.41532613497875	0.001494024967291525
49.0	30.04426361680202	18.465136394944658	19.6962949911099	31.79238281354285	0.0019221836005702479
50.0	28.96815218552955	18.990167788821203	19.474724804958853	32.56471091161697	0.002244309073420968
51.0	29.670059313376797	17.88547009461259	19.990693843496118	32.451851336824035	0.0019254116904579806
52.0	29.060988430976632	18.553583014112796	20.332831573605585	32.050669881354885	0.0019270999501095234
53.0	30.022297631050815	18.74597522937844	19.136853451739718	32.093159309662774	0.0017143781682512165
54.0	28.958706860314493	18.516715421767366	20.08552874263312	32.43819111427567	8.578610093592636E-4
55.0	29.22278335933928	18.864008550842527	19.871050547412747	32.04065513533468	0.0015024070707569343
56.0	29.794439622949554	18.14845287299037	19.42039664194815	32.635099719016644	0.0016111430952851509
57.0	29.57094595683985	17.996687264671646	20.256591881111284	32.17341019337904	0.002364703998177028
58.0	29.47699212916941	18.387684667587585	20.16066564246892	31.971537630660524	0.0031199301135654564
59.0	29.14187755137202	18.25864384111851	19.811191740419332	32.78581019891952	0.0024766681706144397
60.0	29.418973362965968	18.26868979075367	20.106681784769663	32.20382278191777	0.0018322795929321433
61.0	29.453695292388893	18.20404323311921	20.76650533724897	31.573166810877762	0.0025893263651683815
62.0	29.2895916412637	18.65090549017194	19.753302385449096	32.30414880900318	0.0020516741120840364
63.0	29.216985649294568	17.9026590472567	20.027756730845102	32.85065300735748	0.0019455652461518342
64.0	28.894458771808363	18.37506057878704	20.626644281362502	32.10178101633897	0.0020553517031293273
65.0	29.015234933699723	18.781053723415198	19.67386349733272	32.52908994251847	7.579030338858446E-4
66.0	29.2699181934726	18.25610893954943	20.15318811383342	32.31915924259878	0.001625510545770584
67.0	29.497238701783047	18.98228451731249	20.21252938387957	31.30610327721785	0.0018441198070399815
68.0	29.582997648213578	18.27998201958302	19.580847815748502	32.55476101029097	0.0014115061639388405
69.0	29.44487136706662	18.47273051376001	20.021064736565798	32.060355144067366	9.782385402072344E-4
70.0	29.853125690326664	18.418758821218585	20.378824069670895	31.348856138915217	4.352798686325356E-4
71.0	29.91224104025146	18.962472285927515	19.485430705285694	31.639638069193936	2.178993413992406E-4
72.0	29.74367085155815	18.16228362002203	19.944807425909968	32.14912902627646	1.0907623337950894E-4
73.0	29.651017369943872	18.349904483330732	20.35209552322273	31.646654950537766	3.276729649051332E-4
74.0	29.747960180179984	19.22280705015972	18.780230944457628	32.24867374803017	3.280771724996965E-4
75.0	29.741068250882908	18.070139896514906	19.853368740931366	32.33498507953021	4.3803214060831713E-4
76.0	30.13228728811608	18.772117791943888	19.51662446443004	31.578641464492545	3.2899101744858695E-4
77.0	29.754633564599764	18.25719989721492	19.331172211131097	32.65666488769412	3.2943936009698695E-4
78.0	29.85799816119056	17.92817205625525	19.879597573475394	32.33357234923302	6.598598457687587E-4
79.0	29.87802460215357	18.191340782122907	20.06866485733923	31.86141902966005	5.507287242479249E-4
80.0	29.566738852955098	18.241692049542667	19.768636142494188	32.42238135321159	5.516017964567307E-4
81.0	29.446167890270225	18.22994316128469	20.22012707204912	32.10232515988997	0.0014367165059938707
82.0	29.571068366513405	18.612015664328233	20.25913881614338	31.555895485547687	0.0018816674672977262
83.0	29.858580081052082	18.260883059760392	19.549158885134833	32.32916101341704	0.0022169606356469535
84.0	29.28774865505582	18.401279154336855	20.374308096314103	31.935331641858994	0.0013324524342240409
85.0	29.96371499698552	18.07464788419055	20.221158316963184	31.739588918279765	8.898835809805183E-4
86.0	29.82977082906219	18.104258960485616	19.55407043596852	32.51011703673331	0.0017827377503632329
87.0	30.314800631476935	17.364052706441377	19.654608017613473	32.66441734641244	0.0021212980557745085
88.0	29.83336782695761	17.894360012753317	20.192306616622943	32.07694502089195	0.0030205227741823613
89.0	29.59718572594459	18.29065137260881	19.142534281588837	32.967498632323796	0.002129987533967696
90.0	30.068266248479258	17.613523389924186	19.694762135317028	32.62019049844359	0.0032577278359363325
91.0	30.083574239681553	18.20970559893371	19.300651122578554	32.403367285368205	0.0027017534379812497
92.0	29.912254378820112	17.848077560901867	19.10898371663286	33.126397465778304	0.004286877866849574
93.0	29.763248174439667	17.575922730572398	19.650356292388167	33.00855056502478	0.0019222375749955336
94.0	30.118956824463606	17.806919826250738	19.824437541717614	32.24775928950014	0.0019265180679063623
95.0	29.406158341114754	18.278386281071725	19.71050843914929	32.60222060156628	0.002726337097950476
96.0	29.533586720623433	18.065003176829865	19.65512608257025	32.745373101018636	9.109189578176203E-4
97.0	30.242469343218986	18.233822441768094	19.495247399994522	32.02594983518841	0.002510979829983838
98.0	29.589495928596843	18.405694129330694	19.277982387191184	32.72499693943981	0.0018306154414700756
99.0	29.22510249451107	17.966307008628583	19.9373905941355	32.86913510003969	0.002064802685161181
100.0	29.36743800892487	18.6782904724663	19.85531582095045	32.09746055113401	0.0014951465243593872
101.0	29.507622097105784	18.502423090094215	19.457361570240785	32.531901425258944	6.91817300275228E-4
102.0	29.020300659730975	18.677578165286544	19.197755111007307	33.103441099412876	9.24964562295207E-4
103.0	29.91840288041658	18.55624451546566	19.482920710876794	32.041736364447814	6.955287931532146E-4
104.0	29.428046961553978	18.918545024198057	19.05897862456449	32.59256934199651	0.0018600476869725746
105.0	29.574734230752643	18.439996595915332	19.443035790686096	32.54071786549902	0.001515517146910735
106.0	30.126920585780127	18.582010854188635	19.110573831631473	32.17967633847672	8.183899230479648E-4
107.0	29.91094144599389	18.430759201896542	18.906535415899693	32.751763936209876	0.0
108.0	28.882312673929256	18.720374687427224	19.493485077663898	32.903592322765654	2.3523821397738418E-4
109.0	29.931166140442784	18.182451023422864	19.45942884650781	32.426836002208724	1.1798741782176348E-4
110.0	29.19879113737495	18.383661177540155	19.077466881165208	33.33972567388883	3.551300308607997E-4
111.0	29.16756736212233	17.88745543042157	19.700169370336674	33.24457029106518	2.37546054241266E-4
112.0	29.137513022292254	18.151704638915973	19.938589611250308	32.771954333175195	2.3839436626433641E-4
113.0	29.24540374015301	18.099092408352856	19.206045667801604	33.449338590643755	1.1959304877363309E-4
114.0	28.874331287695693	17.479641625405907	20.248212567111235	33.397694517579126	1.2000220804062796E-4
115.0	29.50479004354804	18.016752209608498	20.31057927200007	32.16787847484339	0.0
116.0	28.58770674838323	18.48494881436871	20.354263535916942	32.57271839686023	3.625044708884743E-4
117.0	28.56574536316047	18.167241571698177	20.60064234114913	32.666370723992216	0.0
118.0	29.007721885494007	18.112582217016396	20.819990697697072	32.059583441900784	1.2175789173775298E-4
119.0	29.126636060059358	18.27828055404804	19.932553011523925	32.662408143508806	1.2223085986965302E-4
120.0	29.48329572740178	18.09673497081706	20.37284471388205	32.04700189317952	1.2269471958735312E-4
121.0	30.08083112429418	18.08069808922219	19.970658375789586	31.867196507583	6.159031110497946E-4
122.0	30.059017593947573	18.030734670702607	19.653440177733135	32.25618905422172	6.18503394965135E-4
123.0	30.112529567274244	18.033179947921845	19.543595579319803	32.31032220874992	3.726967341827506E-4
124.0	30.047663014997628	17.962343722706063	19.65787437925785	32.33137024929504	7.486337434182617E-4
125.0	29.90539543055794	18.309474367537938	19.15075198664583	32.63387693260129	5.012826569985951E-4
126.0	29.830932621029007	18.03851126045893	19.423929749741006	32.706374611822255	2.5175694880648326E-4
127.0	29.340613208978628	18.687978595344788	19.93131492964585	32.03971393022244	3.793358082887403E-4
128.0	29.416061082975446	18.827904991635513	19.42554972518504	32.33010313023574	3.8106996825687165E-4
129.0	29.000629241476837	18.63167420352452	19.963675025495128	32.40300044799951	0.0010210815040020012
130.0	28.92778218840221	18.874722162725107	20.448823432087142	31.74854395953227	1.2825725326831547E-4
131.0	28.94055115776124	18.857601682704082	19.765586536305214	32.43548732172179	7.733015076801728E-4
132.0	28.522233518315858	18.684573493320556	20.367418036767706	32.42564544224207	1.2950935381307916E-4
133.0	28.745436204484072	18.63603527382773	20.62373499072598	31.99479353096222	0.0
134.0	28.270162029160012	18.7926340863283	20.075255869957857	32.86155537523231	3.9263932151925243E-4
135.0	28.730160609756577	17.82009128454912	20.564680063312373	32.883883895737206	0.0011841466447204821
136.0	28.898586948615712	18.708218444387136	20.69416066599221	31.698769448466933	2.644925380042716E-4
137.0	29.333161353463844	18.871156050455703	19.969655304470855	31.8260272916096	0.0
138.0	29.653580973492144	18.31578131120758	20.53513056057286	31.494838676037844	6.684786895678552E-4
139.0	29.12063685808077	18.983952187250473	21.369750316573956	30.52458522762407	0.0010754104707340485
140.0	28.942109831513086	18.93416003958672	20.073359814613013	32.049288709943454	0.0010816043437230445
141.0	29.407197605783757	18.160173719370334	19.442944962124663	32.98900384668205	6.798660391956369E-4
142.0	30.696479925826957	18.102515784334773	21.299997401755594	29.900596638965737	4.102491169387758E-4
143.0	30.750851129681212	18.194160734550707	19.94910416451735	31.10505863337804	8.253378726916331E-4
144.0	30.829325009862206	18.043476756337764	19.1502584936086	31.97583240478646	0.0011073354049733202
145.0	28.043890174104014	18.692531582340123	19.631420765789777	33.630901718715556	0.0012557590505345348
146.0	28.10254366176479	18.94360861871081	19.779811274883954	33.172198947255346	0.0018374973850998752
147.0	28.07018555132203	18.70774081610302	19.87687554400143	33.34289238715032	0.0023057014231942035
148.0	29.564156357616984	18.644214795087542	19.576851703703483	32.20864629330287	0.006130850289121927
149.0	29.88680280528711	20.841235232287918	16.139651875162492	33.123537583797344	0.008772503465138868
150.0	25.069821480438815	25.047925464173204	12.80760551422124	37.06392296177135	0.010724579395401838
