# Position (bp)	A	C	G	T	N
0.0	48.91792568395263	14.577378521845652	16.932081121546208	19.572614672655504	0.0
1.0	19.68150265414455	42.50714577378522	19.245950728188376	18.565400843881857	0.0
2.0	26.710097719869708	38.46362649294245	12.567861020629751	22.258414766558086	0.0
3.0	46.683811586356256	15.741743367623172	16.445587439090417	21.128857606930158	0.0
4.0	46.698240866035185	14.587280108254397	14.032476319350472	24.682002706359945	0.0
5.0	22.19215155615697	38.741542625169146	14.451962110960759	24.614343707713125	0.0
6.0	22.467198701474366	40.51129446773976	14.86541322872988	22.156093602056	0.0
7.0	47.00473292765382	16.52467883705206	14.50980392156863	21.96078431372549	0.0
8.0	47.4651885899689	14.735703663647426	14.816817628768419	22.98229011761525	0.0
9.0	21.369714980413345	37.86302850195867	14.993921383223018	25.773335134404974	0.0
10.0	18.852901484480434	13.441295546558704	15.492577597840757	52.21322537112011	0.0
11.0	19.735599622285175	15.459328207203562	14.798327262916496	50.00674490759477	0.0
12.0	20.35839396389113	13.783346806790622	16.707087038534087	49.15117219078415	0.0
13.0	22.676529926025555	38.09011432414257	16.462676529926025	22.77067921990585	0.0
14.0	22.328269928753866	14.854147062777253	40.287673074337945	22.52990993413093	0.0
15.0	43.71474617244158	15.71313456889605	15.202793446145582	25.369325812516784	0.0
16.0	20.50972501676727	15.533199195171028	14.486921529175051	49.47015425888665	0.0
17.0	23.47499664834428	36.92183938865799	14.532779192921302	25.07038477007642	0.0
18.0	19.313764910869857	17.490952955367913	15.185631952821337	48.009650180940895	0.0
19.0	20.33739456419869	40.35346097201767	15.370196813495781	23.938947650287858	0.0
20.0	20.9174802728367	15.861976728634481	15.286879764611475	47.93366323391734	0.0
21.0	21.748998664886514	15.95460614152203	15.580774365821096	46.71562082777036	0.0
22.0	22.828552368245496	14.209472981987991	37.638425617078056	25.323549032688458	0.0
23.0	21.884174005871362	15.092073658927141	14.918601547904991	48.1051507872965	0.0
24.0	45.94558548946386	13.843691651106962	14.670578821018939	25.540144038410244	0.0
25.0	24.170110651913078	14.704706039194773	36.12851619784029	24.99666711105186	0.0
26.0	46.6693312017053	13.42925659472422	13.629096722621902	26.272315480948578	0.0
27.0	22.352471027041428	16.278140402291193	12.947915279072866	48.421473291594516	0.0
28.0	22.117177097203726	36.830892143808256	12.14380825565912	28.908122503328894	0.0
29.0	23.959026207263538	12.864174537714515	13.96833843288546	49.20846082213649	0.0
30.0	21.860837110103972	15.049320181284992	36.057051452945885	27.032791255665156	0.0
31.0	24.933262146289376	12.159636946075814	13.614522156967432	49.292578750667374	0.0
32.0	22.195480679235192	14.82818558630833	13.143468378125418	49.83286535633106	0.0
33.0	23.0944102701257	39.34207007221182	12.797539449050548	24.76598020861193	0.0
34.0	23.67754830113258	13.937375083277814	15.296469020652898	47.08860759493671	0.0
35.0	22.52071638599305	37.48997594226143	13.686180165731088	26.303127506014434	0.0
36.0	23.777718407694362	12.610205717339031	14.480363344910499	49.131712530056106	0.0
37.0	48.1882604626287	15.376387217542453	14.066051611177965	22.36930070865089	0.0
38.0	46.08788853161844	16.532690246516612	13.22347266881029	24.155948553054664	0.0
39.0	47.43469524447421	15.271265907568655	13.154722036168787	24.139316811788344	0.0
40.0	22.52836304700162	36.41274986493787	16.61264181523501	24.4462452728255	0.0
41.0	23.148774874780017	12.373087857046162	41.13984025991606	23.33829700825775	0.0
42.0	49.12399837022953	13.554257775363304	14.437050115442077	22.884693738965094	0.0
43.0	48.150675583458444	14.658113825576635	14.04394704517538	23.147263545789546	0.0
44.0	25.103050288540807	37.70266556746359	12.572135201978565	24.622148942017038	0.0
45.0	31.44858216604031	14.878715408267851	17.287324906047147	36.385377519644685	0.0
46.0	29.517753047164813	17.965023847376788	18.177000529941704	34.34022257551669	0.0
47.0	30.776140855192242	17.840459935321597	18.68487243981315	32.698526769673016	0.0
48.0	28.144682382580527	19.488932877451862	17.43746625877272	34.928918481194884	0.0
49.0	28.120490620490617	19.01154401154401	19.246031746031747	33.62193362193362	0.0
50.0	28.0923187883159	22.232239451857193	17.958889289578075	31.71655247024883	0.0
51.0	29.44995491433724	19.47700631199279	18.340847610459875	32.7321911632101	0.0
52.0	29.0892696122633	18.701532912533814	19.76555455365194	32.443642921550946	0.0
53.0	29.529475392103837	19.091400757166035	20.335316387236343	31.043807463493778	0.0
54.0	26.827947282903054	21.104892579888066	19.534211951615816	32.53294818559307	0.0
55.0	29.13883372449901	18.46903773244268	18.884275139916955	33.50785340314136	0.0
56.0	27.01824092468846	19.450966227198844	21.13057612425501	32.40021672385768	0.0
57.0	30.667870036101082	18.465703971119133	19.56678700361011	31.299638989169676	0.0
58.0	29.27269445948385	19.85201227215304	18.3360404259159	32.53925284244721	0.0
59.0	29.076479076479078	17.496392496392495	22.023809523809522	31.403318903318905	0.0
60.0	28.061316501352568	19.062218214607753	20.595130748422	32.281334535617674	0.0
61.0	27.67454447050334	17.571712069276565	21.197907270431173	33.55583618978892	0.0
62.0	27.68259693417493	18.990081154192968	21.496844003606853	31.830477908025244	0.0
63.0	33.26114419779823	18.317993142032122	20.285147085363654	28.135715574805992	0.0
64.0	28.95829572124932	17.873262321718723	23.307456219534213	29.860985737497742	0.0
65.0	29.14636347229742	18.516513264753655	21.367984118390183	30.969139144558746	0.0
66.0	29.54873646209386	16.823104693140795	21.660649819494584	31.967509025270758	0.0
67.0	27.93427230046948	17.497291440953415	19.880823401950163	34.68761285662694	0.0
68.0	25.13542795232936	20.51282051282051	20.260021668472373	34.091729866377754	0.0
69.0	27.402456647398843	19.635115606936417	20.104768786127167	32.857658959537574	0.0
70.0	28.57142857142857	19.42133815551537	19.746835443037973	32.260397830018086	0.0
71.0	29.07250045199783	20.104863496655216	20.376062194901465	30.44657385644549	0.0
72.0	29.025844930417495	19.59154165913609	20.73016446773902	30.652448942707395	0.0
73.0	29.42877801879971	18.203181489515547	20.19161243673174	32.176428054953	0.0
74.0	29.511754068716094	18.047016274864376	21.464737793851718	30.976491862567812	0.0
75.0	28.876424823593272	18.21964899583861	22.99620047041795	29.907725710150174	0.0
76.0	29.37873573627966	19.543560949103423	17.75040753486687	33.327295779750045	0.0
77.0	28.949275362318836	20.416666666666668	19.293478260869566	31.34057971014493	0.0
78.0	28.762905270784277	18.963955805107773	19.108857091106685	33.16428183300127	0.0
79.0	28.607640774941157	19.627014303820385	17.798298026434907	33.96704689480355	0.0
80.0	28.35387962291516	17.621464829586657	20.467730239303844	33.556925308194344	0.0
81.0	26.750090678273487	18.1537903518317	20.20311933260791	34.892999637286906	0.0
82.0	29.722373434948285	17.69188894937398	21.175830157866084	31.40990745781165	0.0
83.0	30.22875816993464	17.93754538852578	21.4960058097313	30.33769063180828	0.0
84.0	26.566188487379698	18.521881242055567	21.79044852006537	33.12148175049936	0.0
85.0	31.219334908231872	16.2820279847356	20.661457386879885	31.83717972015264	0.0
86.0	30.282074613284806	17.961783439490446	21.8926296633303	29.86351228389445	0.0
87.0	33.32120109190173	18.03457688808007	21.328480436760692	27.31574158325751	0.0
88.0	33.729216152019006	18.454229855655033	17.21176685547232	30.604787136853645	0.0
89.0	31.030701754385966	17.178362573099413	19.22514619883041	32.56578947368421	0.0
90.0	30.124223602484474	16.660577274388018	20.149799050054803	33.06540007307271	0.0
91.0	28.98100803506209	19.868517165814463	16.617969320672024	34.53250547845143	0.0
92.0	28.77237851662404	17.29996346364633	19.053708439897697	34.87394957983193	0.0
93.0	32.510964912280706	16.374269005847953	19.883040935672515	31.23172514619883	0.0
94.0	28.866544789762337	17.93418647166362	19.46983546617916	33.729433272394886	0.0
95.0	30.634253335770428	16.943885944068725	20.617802961067447	31.8040577590934	0.0
96.0	28.258088100895634	18.369585084993602	20.380186437579965	32.9921403765308	0.0
97.0	30.805773798647905	17.97917047323223	19.47743467933492	31.73762104878494	0.0
98.0	30.003658982802783	18.679107208196122	19.758507135016465	31.558726673984633	0.0
99.0	29.769315269132186	19.0040278286342	19.113877700476017	32.1127792017576	0.0
100.0	31.294765840220386	15.849403122130395	18.934802571166205	33.92102846648301	0.0
101.0	31.2039764359352	19.072164948453608	20.158321060382917	29.56553755522828	0.0
102.0	31.096774193548388	16.16589861751152	20.57142857142857	32.165898617511516	0.0
103.0	27.938734083779295	19.94832995017531	18.98874331057391	33.12419265547149	0.0
104.0	27.200443786982248	18.509615384615387	19.600591715976332	34.68934911242604	0.0
105.0	29.797886148711296	18.54255516410161	19.78490636009642	31.874652327090676	0.0
106.0	31.474251719650493	18.274772262502324	18.070273284997214	32.18070273284997	0.0
107.0	31.04733507267984	18.971300782705928	18.430860976518822	31.550503168095418	0.0
108.0	33.75724705442304	18.440246867402283	17.28071815971573	30.521787918458948	0.0
109.0	28.61706125516723	17.681322810973317	19.560315670800453	34.141300263059	0.0
110.0	26.323723384209536	19.257584322592802	20.10552100998681	34.31317128321085	0.0
111.0	30.770683792973173	18.322629391764263	20.476010578012847	30.430676237249717	0.0
112.0	27.965138309965898	19.609700644183402	19.78021978021978	32.64494126563092	0.0
113.0	29.494488787533257	18.396047130368682	18.70011402508552	33.409350057012546	0.0
114.0	30.45549838002668	17.381360777587194	19.611206403659235	32.551934438726896	0.0
115.0	26.43853947619958	20.206461479640602	18.658000382336073	34.69699866182374	0.0
116.0	28.869731800766285	18.14176245210728	19.75095785440613	33.2375478927203	0.0
117.0	30.792858514110193	18.794394317527356	19.523900940679592	30.88884622768286	0.0
118.0	27.853705486044273	17.170356111645813	20.346487006737245	34.629451395572666	0.0
119.0	24.85515643105446	19.17728852838934	25.26071842410197	30.70683661645423	0.0
120.0	26.64601084430674	21.26258714175058	21.61115414407436	30.48024786986832	0.0
121.0	31.172360248447205	19.17701863354037	17.77950310559006	31.87111801242236	0.0
122.0	27.1523178807947	19.029996104402024	18.97156213478769	34.84612388001558	0.0
123.0	30.928641251221894	17.575757575757574	18.70967741935484	32.78592375366569	0.0
124.0	30.635045080360644	18.365346922775384	18.75735005880047	32.24225793806351	0.0
125.0	28.051896992333397	18.301552978179675	18.773343817574208	34.873206211912716	0.0
126.0	30.412472863627393	18.551411091375567	18.373791197947504	32.66232484704953	0.0
127.0	29.855187462805	17.813925808371355	21.18627256496727	31.144614163856378	0.0
128.0	31.597774244833065	16.89189189189189	19.51510333863275	31.995230524642288	0.0
129.0	30.211661341853034	16.733226837060702	19.20926517571885	33.84584664536741	0.0
130.0	30.068108974358974	18.329326923076923	17.728365384615387	33.874198717948715	0.0
131.0	30.74602855419264	18.278705007038003	19.726523225417253	31.248743213352103	0.0
132.0	29.188534517561564	16.128381106176825	22.991522002422286	31.69156237383932	0.0
133.0	28.57142857142857	20.060790273556233	20.182370820668694	31.185410334346503	0.0
134.0	27.403943891034764	18.946940435047775	19.312868469201057	34.33624720471641	0.0
135.0	29.24739955129513	16.806037120130533	21.558229655313074	32.388333673261265	0.0
136.0	28.3022731927094	17.079664140896988	19.51669055908253	35.10137210731108	0.0
137.0	28.62132730634888	17.07417300184919	18.964454489418532	35.34004520238339	0.0
138.0	29.38261408218047	17.674994837910386	19.512698740450134	33.42969233945901	0.0
139.0	29.681027340513673	19.594034797017397	20.091135045567523	30.633802816901408	0.0
140.0	29.040981901393803	18.36904514250052	21.28146453089245	31.308508425213233	0.0
141.0	32.58779264214047	18.373745819397993	20.777591973244146	28.26086956521739	0.0
142.0	33.73949579831933	17.247899159663866	17.1218487394958	31.890756302521005	0.0
143.0	34.40202488926386	19.91141109470576	18.287281164311327	27.399282851719047	0.0
144.0	32.252595888959526	18.20300911210002	17.546090273363003	31.998304725577455	0.0
145.0	30.04474749627104	19.092265075644576	18.453015128915407	32.40997229916898	0.0
146.0	29.443254817987153	20.321199143468952	19.05781584582441	31.177730192719487	0.0
147.0	27.96300279630028	19.638631963863197	18.541621854162184	33.856743385674335	0.0
148.0	28.027681660899656	18.923010380622838	19.852941176470587	33.19636678200692	0.0
149.0	32.58646943658908	19.22993256471612	17.163367413530565	31.02023058516424	0.0
150.0	27.256830601092897	19.43169398907104	20.19672131147541	33.114754098360656	0.0
151.0	29.098090849242926	18.872064955014263	20.95676980469607	31.073074391046738	0.0
152.0	28.67857930730201	18.5748952128833	17.648356496801235	35.09816898301346	0.0
153.0	30.086340491476644	17.932255922072173	20.301084790790348	31.68031879566084	0.0
154.0	31.494661921708182	16.70373665480427	19.372775800711743	32.428825622775804	0.0
155.0	29.03153656900022	20.599418474614183	19.011406844106464	31.357638112279133	0.0
156.0	30.150866921864445	17.315919837874354	20.288223373114164	32.24498986714704	0.0
157.0	30.40326234707748	18.10149524241051	20.344358858178524	31.150883552333486	0.0
158.0	28.486916951080776	20.13651877133106	19.112627986348123	32.26393629124005	0.0
159.0	34.619776204612926	15.049097967572505	19.936058460835806	30.39506736697876	0.0
160.0	28.387689480937066	19.269637115296277	21.336701883325677	31.005971520440973	0.0
161.0	30.65743944636678	17.73933102652826	20.507497116493656	31.095732410611305	0.0
162.0	29.589231840334186	18.264098398700394	20.72406590856347	31.42260385240195	0.0
163.0	28.348474260423945	18.006056370836244	20.26554856743536	33.37992080130444	0.0
164.0	29.627896091738826	16.896793821670958	19.424292066463845	34.05101802012637	0.0
165.0	27.356051703877792	16.70975323149236	23.619271445358404	32.31492361927145	0.0
166.0	27.492304049254084	19.393795879706367	19.29907648591049	33.814823585129055	0.0
167.0	29.315263908701855	17.45126010461246	21.588207322872087	31.645268663813596	0.0
168.0	29.85146142788692	17.96837565884044	18.375658840440824	33.80450407283181	0.0
169.0	27.552986512524086	17.87090558766859	20.423892100192678	34.152215799614645	0.0
170.0	28.1945788964182	17.44917715392062	19.603097773475316	34.753146176185865	0.0
171.0	30.212143379663498	18.141916605705926	17.38600341380151	34.259936600829064	0.0
172.0	29.097154072620217	21.074582924435724	16.952894995093228	32.87536800785084	0.0
173.0	28.462108121451497	18.760799802517898	19.081708220192546	33.69538385583806	0.0
174.0	31.060981655924643	19.137332672285574	18.765493306891422	31.036192364898362	0.0
175.0	27.87909068198851	17.91156632525606	20.909318011491383	33.30002498126405	0.0
176.0	29.391041771514846	17.765475591343733	17.815802717664823	35.0276799194766	0.0
177.0	28.904665314401623	19.97971602434077	18.53448275862069	32.581135902636916	0.0
178.0	27.791942886282513	20.14278429372769	18.58745537990821	33.477817440081594	0.0
179.0	28.784374196864558	18.3757388846055	21.125674633770238	31.714212284759704	0.0
180.0	31.85703185703186	15.358715358715358	19.70991970991971	33.074333074333076	0.0
181.0	29.634464751958223	18.590078328981726	17.702349869451698	34.07310704960835	0.0
182.0	29.348397267472414	18.707304256437205	20.388859695218077	31.555438780872308	0.0
183.0	30.862890418210693	20.169401799894125	19.5076760190577	29.46003176283748	0.0
184.0	31.779435269046353	19.49920085242408	17.368140649973363	31.353223228556203	0.0
185.0	30.117899249732048	19.935691318327976	20.44480171489818	29.5016077170418	0.0
186.0	29.4579945799458	17.940379403794037	20.16260162601626	32.4390243902439	0.0
187.0	29.5882192527952	21.434415053176984	17.371148077447504	31.606217616580313	0.0
188.0	30.390539053905393	17.876787678767876	19.801980198019802	31.93069306930693	0.0
189.0	29.367720465890184	19.82806433721575	19.52301719356628	31.281198003327788	0.0
190.0	31.1484593837535	19.411764705882355	18.403361344537817	31.03641456582633	0.0
191.0	28.81738639570985	18.543607112616428	20.43465989274626	32.204346598927465	0.0
192.0	31.127520590741263	19.823913660891794	18.659471740982674	30.389094007384266	0.0
193.0	30.953740719588808	17.875499714448885	19.988577955454026	31.18218161050828	0.0
194.0	29.29350947731189	19.9310740953475	20.93624353819644	29.839172889144173	0.0
195.0	28.890176760359314	21.50101419878296	19.64647928136772	29.962329759490004	0.0
196.0	29.821480831138423	21.334503950834065	17.88118232367574	30.96283289435177	0.0
197.0	31.371969248965108	19.308101714961563	20.34299231224128	28.976936723832054	0.0
198.0	26.323706377858002	23.315282791817086	21.450060168471722	28.910950661853192	0.0
199.0	28.647631000941328	22.18387197991842	19.328522121117036	29.83997489802322	0.0
200.0	23.2626188734455	18.141916605705926	21.762984637893197	36.832479882955376	0.0
201.0	30.629225169006762	18.61674466978679	19.34477379095164	31.409256370254813	0.0
202.0	31.43006809848088	18.124672603457306	20.429544264012574	30.01571503404924	0.0
203.0	30.623020063357977	19.00739176346357	18.479408658922914	31.890179514255546	0.0
204.0	31.047315257841575	18.50079744816587	22.647527910685806	27.804359383306753	0.0
205.0	30.6373861810391	16.38993036957686	23.620782003213712	29.351901446170324	0.0
206.0	29.03575297941495	20.36836403033586	20.96424702058505	29.63163596966414	0.0
207.0	28.10098792535675	19.81339187705818	20.911086717892427	31.174533479692645	0.0
208.0	25.997782705099777	17.849223946784925	23.66962305986696	32.48337028824834	0.0
209.0	26.707726763717805	19.42889137737962	20.044792833146698	33.81858902575588	0.0
210.0	28.10198300283286	18.13031161473088	20.113314447592067	33.654390934844194	0.0
211.0	31.612162937464145	18.359150889271373	18.818129661503153	31.210556511761332	0.0
212.0	25.4088785046729	18.049065420560748	21.72897196261682	34.81308411214953	0.0
213.0	28.865373309817755	20.22339800117578	18.636096413874192	32.27513227513227	0.0
214.0	28.258293838862556	23.341232227488153	21.860189573459714	26.540284360189574	0.0
215.0	27.937649880095922	19.964028776978417	18.465227817745802	33.63309352517986	0.0
216.0	30.727272727272727	17.81818181818182	21.454545454545453	30.0	0.0
217.0	25.63154651879236	23.228589032655574	22.36598890942699	28.773875539125076	0.0
218.0	25.441919191919194	20.012626262626263	21.338383838383837	33.207070707070706	0.0
219.0	21.95467422096317	24.858356940509914	22.521246458923514	30.665722379603398	0.0
220.0	13.290460878885316	26.152197213290464	18.435155412647376	42.12218649517685	0.0
