# Position (bp)	A	C	G	T	N
0.0	26.414336676388317	23.745879722548523	24.050952555174838	25.788831045888323	0.0
1.0	27.05812617157708	20.760939133716946	15.934397569442138	36.24653712526384	0.0
2.0	29.2915164596515	19.965696799190543	17.70320422648845	33.039582514669505	0.0
3.0	23.462479342983997	22.811646922415406	15.09657528643668	38.629298448163915	0.0
4.0	34.56797925246791	13.205297103338756	15.05640251366083	37.17032113053251	0.0
5.0	35.1736689968764	14.88936468800603	23.80421001260294	26.132756302514633	0.0
6.0	31.72449908925319	17.455525197328477	21.22683287795993	29.59314283545841	0.0
7.0	35.40347981177899	17.33287795992714	20.319691105039468	26.9439511232544	0.0
8.0	22.598550394656954	27.297093199757132	22.930479659987856	27.173876745598058	0.0
9.0	27.710306618093504	18.736889040680023	15.584870218579235	37.96793412264724	0.0
10.0	26.96146402550091	16.774514268366726	25.356026108075287	30.907995598057074	0.0
11.0	28.074833029751062	18.941826047358834	19.40431466302368	33.579026259866424	0.0
12.0	25.89848967820279	20.227933363691562	20.886042805100182	32.98753415300546	0.0
13.0	26.461160443230114	21.167956891317548	19.384600789313904	32.986281876138435	0.0
14.0	30.710610200364297	18.630559350333943	20.334984061930783	30.323846387370978	0.0
15.0	29.51652625986642	18.921144505160896	20.35536202185792	31.206967213114755	0.0
16.0	29.69970021250759	18.24795081967213	18.674863387978142	33.37748557984214	0.0
17.0	30.416059502125076	17.872400576806314	20.034115057680633	31.677424863387976	0.0
18.0	32.0722525804493	17.99066484517304	19.299389040680023	30.63769353369763	0.0
19.0	30.21922434729812	18.71476548269581	20.143252884031572	30.9227572859745	0.0
20.0	29.659171979356408	18.158204310868246	20.440630692167577	31.741993017607772	0.0
21.0	29.181143746205223	19.024020947176684	20.379990133576197	31.414845173041893	0.0
22.0	30.08959471766849	18.863824377656343	22.997400576806314	28.04918032786885	0.0
23.0	29.841605950212507	20.384809502125076	21.41626821493625	28.357316332726167	0.0
24.0	33.28227459016394	19.578267304189435	17.83690042501518	29.302557680631452	0.0
25.0	29.710761991499695	21.018461596842744	19.883025956284154	29.387750455373407	0.0
26.0	31.836805555555554	16.60107392228294	22.713513205828782	28.848607316332725	0.0
27.0	26.35911885245902	21.157748937462053	25.060868245294476	27.422263964784456	0.0
28.0	27.12342516697025	19.898774286581663	19.132703400121436	33.84509714632665	0.0
29.0	28.098948846387373	20.520396933819065	17.5131299332119	33.86752428658166	0.0
30.0	26.6707280795378	19.127068683180333	16.093934587175756	38.10826865010611	0.0
31.0	34.687296967449555	14.494316137728125	18.72061690993376	32.09776998488856	0.0
32.0	34.54880540123312	15.622671919530015	22.81619209915628	27.01233058008059	0.0
33.0	31.545335631069925	17.5509823291383	21.110591298413347	29.793090741378425	0.0
34.0	33.030594934515946	16.744359851398187	22.23888603874393	27.98615917534194	0.0
35.0	27.035549589729158	20.232549957782155	25.602849163220682	27.12905128926801	0.0
