# Position (bp)	A	C	G	T	N
0.0	27.014522087397104	21.39039643876481	26.780865636792374	24.814215837045708	0.0
1.0	27.081100510273586	19.89853614342151	17.61650207375579	35.40386127254912	0.0
2.0	27.69641867891941	19.706716199041942	18.91175416300062	33.68511095903803	0.0
3.0	25.149780085116852	21.839968012380634	17.330782094055905	35.679469808446605	0.0
4.0	31.800423651801324	15.874557891841729	17.05463885855273	35.27037959780422	0.0
5.0	32.42063771380305	17.216864925740833	21.97332300978391	28.389174350672203	0.0
6.0	31.214568517979014	18.01738122642876	20.71912874174758	30.048921513844647	0.0
7.0	31.425880771267405	18.687158543584346	20.16713330395051	29.71982738119774	0.0
8.0	25.603501832059134	23.742598861460827	20.79783322556515	29.85606608091489	0.0
9.0	29.311076822665015	18.798218127322787	17.34521882118857	34.54548622882363	0.0
10.0	27.66781581710297	18.003867099722715	22.394973087076252	31.933343996098063	0.0
11.0	28.517169260777393	18.667464611010047	19.39701372495935	33.4183524032532	0.0
12.0	27.83471864528047	19.38798284756398	20.996221588705605	31.781076918449948	0.0
13.0	27.8335000253203	20.96505165341571	18.708221502000306	32.49322681926369	0.0
14.0	29.91660694198558	18.6970685069779	19.964813856758855	31.421510694277664	0.0
15.0	29.86592095710641	18.764581115685683	19.49595010747518	31.873547819732728	0.0
16.0	29.777616152672483	18.23357814266402	18.986979516653097	33.001826188010405	0.0
17.0	29.452280006196784	18.787643103072153	19.51244573860313	32.24763115212793	0.0
18.0	30.451067219161587	18.22774927856427	19.25277274695543	32.06841075531871	0.0
19.0	29.675002883000722	18.564628977553667	19.514676448332676	32.24569169111293	0.0
20.0	29.704935740929667	18.549535862846604	19.269824926012845	32.475703470210895	0.0
21.0	29.729183476576132	18.085225648855925	19.853878134932977	32.331712739634966	0.0
22.0	29.479306120386976	18.90787213619945	19.05721917704413	32.555602566369444	0.0
23.0	29.594112716475586	18.220965712761306	19.765083243751786	32.41983832701133	0.0
24.0	29.848628342330397	18.848533636392332	19.272816238911513	32.03002178236575	0.0
25.0	29.7379967802014	18.62827109441586	19.38429243347328	32.249439691909465	0.0
26.0	30.038808933472428	18.302697055161083	19.684762245962467	31.973731765404022	0.0
27.0	29.130874617486036	18.874686926426328	19.72359568648927	32.27084276959837	0.0
28.0	29.575791051842497	18.624003787579895	19.767221652331727	32.03298350824588	0.0
29.0	29.058276573852552	18.718477183635596	19.757033651691422	32.46621259082043	0.0
30.0	29.807027677041216	18.906805793588422	19.252098108467237	32.034068420903125	0.0
31.0	29.658632351571907	18.596811839843955	19.395193298582672	32.34936251000147	0.0
32.0	29.4473473651983	18.747169191971	19.26748551652087	32.53799792630983	0.0
33.0	29.852201977479147	18.434114277146936	20.038981432528193	31.674702312845724	0.0
34.0	29.604530117135347	18.82372251138684	19.75329295199376	31.81845441948405	0.0
35.0	29.570331025324858	18.844098770116034	19.41809731575453	32.167472888804575	0.0
36.0	29.952668475050793	18.39437025635666	19.558260214124083	32.094701054468466	0.0
37.0	29.454526420310795	19.268038506256712	18.939222102553284	32.33821297087921	0.0
38.0	29.62497457670209	18.511338790867953	19.57339706106676	32.290289571363196	0.0
39.0	29.323623049984082	18.7510347023241	20.120343839541547	31.80499840815027	0.0
40.0	29.68582822682618	19.031605332772056	19.776732824037975	31.50583361636378	0.0
41.0	29.809305044838393	18.699862306038405	19.542479066364656	31.948353582758543	0.0
42.0	29.926583307463606	19.398296758336187	19.72937595811344	30.94574397608677	0.0
43.0	29.95528822183711	19.011563501466078	19.31279487890627	31.72035339779054	0.0
44.0	29.921323082952906	18.99923861048019	19.36933174416027	31.710106562406633	0.0
45.0	29.727263803759957	19.328723631934064	19.540006082617392	31.404006481688583	0.0
46.0	29.60400317261747	19.049730134062433	19.509018100685466	31.837248592634626	0.0
47.0	29.643648389409567	18.880757529760558	19.432369412023075	32.0432246688068	0.0
48.0	30.22644109910802	18.60366175219275	19.681351852391074	31.488545296308157	0.0
49.0	30.19074611531624	18.9499970021212	19.542766766649976	31.316490115912575	0.0
50.0	29.808788147397745	18.639989869570723	19.649298824935144	31.90192315809639	0.0
51.0	30.227168493057118	19.063743140871136	19.587752938000307	31.121335428071443	0.0
52.0	29.836282486446496	19.343989284300097	19.32720526529342	31.492522963959985	0.0
53.0	30.524614518117037	18.81788276779665	19.191243092344237	31.466259621742076	0.0
54.0	29.718242371415066	18.884089991054534	19.962615477453994	31.435052160076403	0.0
55.0	29.677879180115674	18.756738158045646	18.98595841593892	32.57942424589976	0.0
56.0	29.752216688934773	18.889702285791195	19.751264686282298	31.606816338991734	0.0
57.0	29.113014481362665	18.73237514408191	19.735234584263047	32.41937579029237	0.0
58.0	29.5275836965151	18.78761525462254	19.597485892735374	32.087315156126984	0.0
59.0	29.761197674341865	18.406455615170895	19.770898915704795	32.06144779478245	0.0
60.0	29.669060039272466	18.88797429438483	19.677555850870405	31.765409815472296	0.0
61.0	29.995280011261727	18.942225681707146	19.85425999685334	31.208234310177787	0.0
62.0	29.840403819157512	18.726748373008366	19.32593927446627	32.10690853336785	0.0
63.0	29.381782636450687	18.609027556122992	19.975196829449942	32.03399297797638	0.0
64.0	29.03644857478328	19.270528866571734	19.555488937187206	32.13753362145778	0.0
65.0	29.651613936777533	18.151719902744937	19.806958376234256	32.38970778424328	0.0
66.0	29.739939757223617	18.561762218217922	20.343972212100038	31.354325812458423	0.0
67.0	29.483373766698644	18.125700049725506	19.86826926779612	32.52265691577973	0.0
68.0	29.229153842154084	18.64744233791633	19.62666201489796	32.496741805031625	0.0
69.0	29.633325773039992	18.414354476953708	19.843417924615476	32.108901825390824	0.0
70.0	29.128047005044188	18.694805511748736	19.892821497637797	32.28432598556928	0.0
71.0	29.663074821672485	18.42886291968095	19.957504932463195	31.95055732618337	0.0
72.0	30.066037257849317	18.550051512438987	19.562228715229104	31.821682514482596	0.0
73.0	29.6648192135128	18.41362648963599	19.331262561666364	32.59029173518485	0.0
74.0	29.58244089578137	18.63274048367856	19.49812249213751	32.28669612840256	0.0
75.0	29.703508069170137	18.38630176048449	19.843640733523888	32.06654943682148	0.0
76.0	29.460241570206342	18.733592676723024	19.500571280893375	32.30559447217726	0.0
77.0	29.82961367177854	18.426928022207274	20.06829077223069	31.675167533783494	0.0
78.0	29.582783286771253	18.682651275596353	19.62463799261147	32.10992744502092	0.0
79.0	30.06323276215463	18.48951928069744	19.335526495586347	32.11172146156159	0.0
80.0	30.510863745148054	18.263169329357687	19.319179073455377	31.90678785203889	0.0
81.0	29.84833712304895	18.51208967832254	19.606337935253265	32.03323526337524	0.0
82.0	30.19379838309717	18.613259564215344	19.06682294553636	32.126119107151126	0.0
83.0	29.86074472271822	18.590914637185264	19.500894512795572	32.047446127300944	0.0
84.0	30.097316314166118	18.352404163912755	19.379957038995375	32.170322482925755	0.0
85.0	29.94558106903809	18.213880016341193	19.50773017725368	32.33280873736704	0.0
86.0	29.754483130102706	18.42973480172713	19.649981786070057	32.16580028210011	0.0
87.0	29.852418622746725	18.54320667444776	19.720226516232223	31.88414818657329	0.0
88.0	30.331803619360986	18.633301584552775	19.276820503939735	31.758074292146503	0.0
89.0	30.08014874608232	18.688654815775827	19.869292155274536	31.361904282867314	0.0
90.0	30.29212358927948	18.407590314775025	19.55510082841018	31.74518526753532	0.0
91.0	29.88268779434612	18.410169957428003	19.64261792547204	32.06452432275383	0.0
92.0	29.29346613879053	18.612861404633783	19.436389996375496	32.65728246020018	0.0
93.0	29.508228190496133	18.775107760501193	20.33628256810289	31.38038148089978	0.0
94.0	29.998881427857338	18.559908277084304	19.328052740676526	32.113157554381836	0.0
95.0	29.662662117713783	18.612137581901283	20.08692957933856	31.638270721046375	0.0
96.0	30.03869275637238	18.619508372327054	20.076579048407144	31.26521982289342	0.0
97.0	29.64260194631568	19.00001580086694	19.55146605710433	31.805916195713046	0.0
98.0	29.59853988929604	18.507571335129168	20.075643018406115	31.81824575716868	0.0
99.0	30.153696066380924	18.677734849632134	19.785374924719214	31.383194159267724	0.0
100.0	29.952450828230383	18.404492479611704	19.705569038011117	31.937487654146796	0.0
101.0	29.755908836358046	18.252160993818666	20.449281788647472	31.542648381175812	0.0
102.0	29.85662238941451	18.49311069077114	19.909723242106978	31.74054367770737	0.0
103.0	29.660396620449227	18.456905764980494	19.925312424120506	31.95738519044977	0.0
104.0	30.026501751103645	18.22496844818313	19.541713188215684	32.20681661249753	0.0
105.0	29.970895656394507	18.661093519705435	19.90171728072624	31.466293543173812	0.0
106.0	29.209929787760668	18.485246170201023	19.820044410176234	32.484779631862075	0.0
107.0	29.60915973355448	18.3178620154624	19.517045201216305	32.555933049766814	0.0
108.0	29.24877815250943	18.765719675317253	20.500600205784842	31.484901966388477	0.0
109.0	29.265526414179632	18.631697015558167	19.943148377725183	32.15962819253701	0.0
110.0	29.48141776869871	18.235673583485646	20.54725298355016	31.73565566426549	0.0
111.0	29.480416212694237	18.575026161376655	20.027857603133263	31.916700022795848	0.0
112.0	29.169274036352128	18.70491048630142	19.268641794158054	32.8571736831884	0.0
113.0	30.21200012970776	17.887240719589837	19.639556543576404	32.261202607126	0.0
114.0	29.659458591312415	18.40179591335873	19.615733731302342	32.32301176402651	0.0
115.0	29.94918443825394	18.088062229629937	20.136773582415753	31.825979749700366	0.0
116.0	29.83684883522964	18.5301905724418	19.627585007769966	32.0053755845586	0.0
117.0	30.01027077836531	18.430421827763038	19.669084957120408	31.89022243675124	0.0
118.0	29.851023023714518	18.338802185116844	19.433723879036876	32.37645091213176	0.0
119.0	29.9496852137923	18.386757119123263	19.07662712407823	32.58693054300621	0.0
120.0	30.241119994159092	17.905851859964226	20.052750702734276	31.80027744314241	0.0
121.0	29.999158760232035	18.137312275516997	19.663065185109325	32.20046377914164	0.0
122.0	29.741095757371415	18.266959611377935	19.503667611590494	32.48827701966015	0.0
123.0	29.49434746604532	18.880950675972187	19.60346882155179	32.02123303643071	0.0
124.0	29.316426627509646	18.720846144928814	19.303601231385233	32.6591259961763	0.0
125.0	29.386058724176333	18.7272740682829	19.630042114424377	32.25662509311639	0.0
126.0	29.879680132440544	18.69189097305367	19.47918052414527	31.949248370360518	0.0
127.0	30.00855419322108	18.29430868417252	19.316368133963852	32.38076898864255	0.0
128.0	29.907411016029084	17.88420531036518	20.074679910102017	32.13370376350372	0.0
129.0	29.448823877354386	18.133642353063724	19.827422648963754	32.59011112061814	0.0
130.0	29.752905946889324	18.37375119799222	19.515433123133093	32.357909731985366	0.0
131.0	29.490632657753217	18.693936601513652	19.92235470479274	31.89307603594039	0.0
132.0	30.582177728062238	18.156727618169658	19.324980372978978	31.93611428078913	0.0
133.0	29.982172812882162	18.593812519607088	19.616856366221892	31.807158301288858	0.0
134.0	30.221823817765113	18.127632969056904	19.329500364401973	32.321042848776	0.0
135.0	29.160467065958716	18.309718204545284	20.262686837712707	32.26712789178329	0.0
136.0	27.839798099222406	19.319835387203856	20.089657890349084	32.750708623224654	0.0
137.0	30.337661449367882	18.212096685324305	21.52316245064846	29.927079414659357	0.0
138.0	30.09421054838009	19.92789386831103	20.071382021487018	29.906513561821864	0.0
139.0	30.637251154398946	19.075869239472798	19.68823583376655	30.5986437723617	0.0
140.0	28.962692222829787	21.414414673688857	19.07771414318742	30.545178960293935	0.0
141.0	31.55068071390773	16.541684706787898	20.197623514696687	31.710011064607684	0.0
142.0	28.165656947760315	20.277304388272462	24.353686615933036	27.203352048034183	0.0
143.0	27.655587603321784	19.92837646876633	18.68870864708957	33.727327280822315	0.0
144.0	28.084536882951184	19.901830149771452	19.334310089527314	32.67932287775005	0.0
145.0	26.45727115485652	20.806858811514523	17.473676339500937	35.262193694128015	0.0
146.0	31.898864378744285	15.884400547258643	17.704690816737852	34.51204425725922	0.0
147.0	33.63405887213883	16.565511099700743	22.521722038140933	27.278707990019495	0.0
148.0	30.96119461079058	18.108100437477955	20.32103340482726	30.609671546904206	0.0
149.0	32.88254985316165	17.8072823609143	21.11309633828271	28.197071447641342	0.0
150.0	22.871246763263734	26.414853176133548	21.743595394193157	28.970304666409564	0.0
