# Position (bp)	A	C	G	T	N
0.0	26.917789536850144	24.255632535049916	23.030931209426655	25.795101194697505	5.455239757787354E-4
1.0	27.420082022868623	19.98153127461365	15.328498872864554	37.26988782965317	0.0
2.0	27.95414939331291	19.970342147704763	17.890504075248682	34.18446318204943	5.412016842196413E-4
3.0	24.402623601626804	21.584840933363537	14.944388707293655	39.06598919058869	0.0021575671273072485
4.0	33.84555847590177	14.747031727859566	14.361116038075581	37.043606322997455	0.0026874351656266293
5.0	35.49333862737628	14.95710215535512	22.019820467556997	27.52544628245508	0.004292467256523208
6.0	31.89263283019474	17.590396281878977	20.40575923238792	30.111211655538362	0.0
7.0	35.10729292518898	17.119289204417882	19.987383592254808	27.785499684589805	5.345935485250564E-4
8.0	23.662667833585928	26.131342455226587	21.73991931180225	28.46553674728371	5.336521015219757E-4
9.0	28.448592949555152	18.52647515072685	16.097787207275402	36.92607854321369	0.0010661492289075702
10.0	27.251959614893075	16.97143648291727	24.03031013035699	31.744696259691572	0.0015975121410922723
11.0	28.0850271363201	18.846972438012134	19.70362881770778	33.36437160795999	0.0
12.0	27.00616217308316	19.980008825890696	20.532424514708932	32.48140448631721	0.0
13.0	27.39542665923034	21.138289113749238	18.466523251799323	32.9997609752211	0.0
14.0	31.157145512973734	18.538761851645287	20.40209279473083	29.901468674474806	5.311661753379545E-4
15.0	29.699625527846386	18.503173717897646	19.26167901628024	32.53552173797573	0.0
16.0	30.343930098531324	18.101080923166812	18.838339574535894	32.71611823759063	5.311661753379545E-4
17.0	29.724059171911932	18.614187448543277	20.278331075877087	31.3834223036677	0.0
18.0	31.993732239131013	18.35338485645234	18.064430457068497	31.588452447348153	0.0
19.0	30.743367062385467	18.412875468090192	19.363662921945128	31.480094547579213	0.0
20.0	30.50699811436008	17.887020954505616	19.998406501473987	31.607574429660318	0.0
21.0	29.78195628502377	17.544418771412637	19.35357076461371	33.319523012774546	5.311661753379545E-4
22.0	28.464133004010307	18.786816455528115	20.045680291079066	32.70283908320718	5.311661753379545E-4
23.0	29.910498499455556	17.61134570950522	19.86773962234085	32.6093538363477	0.001062332350675909
24.0	30.987172336865587	18.061774626191802	18.640745757310174	32.31030727963243	0.0
25.0	29.591267628077446	18.042652643879638	19.118795315114333	33.247284412928586	0.0
26.0	31.45884790056569	17.41056489522747	20.578439964943033	30.55055374073779	0.0015934985260138636
27.0	28.705282447613733	18.373569171115182	19.949008047167556	32.97214033410352	0.0
28.0	30.162271266565742	17.83656016784851	20.210872971609167	31.790295593976577	0.0
29.0	29.555305315939318	18.3981005396677	19.155547529001826	32.8899842773977	0.001062337993455998
30.0	30.123444986242575	18.29896633415134	19.009678001933477	32.56631715375381	0.0015935239187940212
31.0	30.558108158354624	18.005853575621078	19.17869340968124	32.25415779157659	0.0031870647664678296
32.0	29.15998257710164	18.619129067556226	19.165188199173475	33.05570015616866	0.0
33.0	29.737267067547755	17.794233261798016	19.27735163504239	33.19114803561184	0.0
34.0	29.37932939526582	18.493157961837575	19.16620628107603	32.960243933534485	0.001062428286090689
35.0	30.407301877564908	17.44189755257394	19.199855408365053	32.9509451614961	0.0
36.0	31.12349335133957	17.688999005758095	18.72949708373431	32.45747887900555	5.316801624814576E-4
37.0	29.185699624038158	19.05334191256627	19.3319897261913	32.42790519593089	0.0010635412733779666
38.0	31.214795193795975	18.280702314275533	18.887062715749945	31.617439776178546	0.0
39.0	30.30117596977598	18.852764327143085	19.061884744319695	31.782578619698825	0.0015963390624168573
40.0	29.79774035977393	18.583703103942383	19.240500934858225	32.37645755317505	0.001598048250403507
41.0	29.525648273581584	17.97085835582246	20.551685884649437	31.950207468879665	0.001600017066848713
42.0	28.728747964875755	18.830437451624096	19.443243387514347	32.99703739290576	5.338030800437719E-4
43.0	29.671315858355456	18.364218139860363	20.147328272819056	31.817137728965122	0.0
44.0	29.523381919834947	18.839162110011813	19.76225219013411	31.87466927505091	5.345049682236797E-4
45.0	29.263870615794374	18.677063611761813	19.762752837232185	32.29577811293307	5.348222785568356E-4
46.0	30.0238127090301	17.43304347826087	19.63505016722408	32.90755852842809	5.351170568561873E-4
47.0	30.096624822676056	18.998956130724554	19.357618907416825	31.54680013918257	0.0
48.0	30.47572118732124	17.868734802309515	18.609471575632277	33.04500123188328	0.0010712028536844023
49.0	28.629684803926825	18.580599526294918	19.882216768302484	32.907498901475776	0.0
50.0	29.66679359222572	18.56581269005315	18.99485683333244	32.77146427403049	0.0010726103581982292
51.0	30.3400052630731	18.022803069767942	19.02493515142076	32.612256515738196	0.0
52.0	29.324877492509692	18.44685783752091	19.825504149924424	32.40276052004497	0.0
53.0	31.001880175195694	18.19082970138077	19.024248333970835	31.783041789452703	0.0
54.0	30.267444871186296	18.61757217451344	19.088486600785398	32.02541751175937	0.0010788417554913046
55.0	29.207311144959004	18.341057134523773	18.19036199241663	34.261269728100594	0.0
56.0	29.33768101835329	18.120761818240812	20.666104279549657	31.875452883856248	0.0
57.0	28.102148296896907	19.059707389946468	19.190153233270728	33.647991079885905	0.0
58.0	30.522038306287758	17.7005391054642	22.00904830276596	29.76837428548208	0.0
59.0	28.856183080170837	20.98833770194661	20.78266013274072	29.37281908514183	0.0
60.0	31.240890203841886	18.748776296038464	19.591228490003697	30.419105010115956	0.0
61.0	29.14070464072917	21.235710664464325	19.311386222273104	30.310563069324743	0.0016354032086610952
62.0	31.235404463841355	16.424114150081763	21.14062576908563	31.1993087116551	5.469053361553649E-4
63.0	26.305550823473812	20.930028081088953	25.07020272238189	27.694218373055346	0.0
64.0	26.25962790492375	20.59433691598067	17.64748074419015	35.497450950100415	0.001103484805014235
65.0	27.8135457990736	19.2654196493872	18.559539903814187	34.36094058199065	5.540657343587243E-4
66.0	27.08649764380574	19.28240393014315	17.10313287600354	36.5229582895198	0.00500726052776526
67.0	33.24223574713992	14.19557478105841	17.48682438285577	35.074806208049004	5.588808968920633E-4
68.0	34.31989782077945	15.412220815625282	23.070576001446785	27.19504475992404	0.002260602224432589
69.0	31.84055146569821	16.911768958079122	20.373465339663777	30.87421423655889	0.0
70.0	32.54213386745537	16.21584520444519	22.34639311631506	28.89562781178438	0.0
71.0	26.10825797914238	20.239295503954125	24.94407511263745	28.70758372979615	7.876744698950818E-4
