# Position (bp)	A	C	G	T	N
0.0	36.31779355768241	18.133168673458886	21.302871256560667	24.246166512298036	0.0
1.0	24.480345750154353	27.979008026342868	22.84420662687796	24.69643959662482	0.0
2.0	30.200655200655202	23.167485667485668	17.014742014742016	29.617117117117115	0.0
3.0	32.98621745788668	18.60132720775906	20.132720775906073	28.27973455844819	0.0
4.0	35.024499795835034	17.711310739077174	17.262147815434872	30.002041649652924	0.0
5.0	28.00571545213309	22.045315370483774	17.6056338028169	32.34333537456624	0.0
6.0	28.02612778117983	24.658093488467035	19.075321494182486	28.240457236170645	0.0
7.0	35.02755664421311	19.37130026536028	16.92182077975097	28.679322310675648	0.0
8.0	33.8469387755102	17.908163265306122	17.387755102040817	30.857142857142854	0.0
9.0	28.430072426808117	22.86034887279404	18.535142303376517	30.17443639702132	0.0
10.0	26.068332483426822	15.80826109127996	19.500254971953083	38.623151453340135	0.0
11.0	25.438417618270798	17.822185970636216	19.03548123980424	37.70391517128874	0.0
12.0	27.170811251528743	16.85690990623726	19.75132490827558	36.22095393395842	0.0
13.0	27.679299103504484	22.44295028524857	19.45802770986145	30.419722901385494	0.0
14.0	26.93678102412705	17.621907767484476	26.04092436119312	29.40038684719536	0.0
15.0	29.47518307567128	19.54841334418226	20.341741253051264	30.634662327095196	0.0
16.0	25.132167547783652	18.26962179747865	18.716958113054087	37.881252541683615	0.0
17.0	28.630958430734832	21.679032421994105	18.96534200630145	30.724667140969608	0.0
18.0	25.401341190814875	19.284698232066653	19.122129648445437	36.191830928673035	0.0
19.0	26.831250634969013	25.17525144772935	18.23631006806868	29.757187849232956	0.0
20.0	26.174769105856083	18.035116208261442	19.283466964376334	36.50664772150614	0.0
21.0	27.164875278848104	17.71445954167512	20.3914013384709	34.72926384100588	0.0
22.0	27.955789900628673	17.542080713851146	24.457513688906914	30.044615696613263	0.0
23.0	26.001013684744045	18.641662442980234	19.706031424227067	35.65129244804866	0.0
24.0	34.11025537089583	16.690312119983787	18.565058775841102	30.634373733279286	0.0
25.0	28.017023001317256	17.722160299929072	22.65680413415746	31.60401256459621	0.0
26.0	33.542700840846926	17.242427312329045	16.77641576334718	32.43845608347685	0.0
27.0	27.643841166936788	18.385332252836303	16.10615883306321	37.86466774716369	0.0
28.0	26.551898734177215	22.744303797468355	15.868354430379746	34.835443037974684	0.0
29.0	28.96335290544645	14.790443409597085	16.764527232233245	39.48167645272322	0.0
30.0	27.072775187512672	17.119399959456718	22.42043381309548	33.38739103993513	0.0
31.0	29.923896499238968	14.95687468290208	17.442922374429223	37.67630644342973	0.0
32.0	27.496954933008528	18.229801055623224	17.21477872513195	37.0584652862363	0.0
33.0	28.15829528158295	23.033992897006595	17.43277524099442	31.374936580416033	0.0
34.0	29.140886499644996	16.48240186631504	19.170301247591034	35.20641038644893	0.0
35.0	26.079886167293427	23.020632178066876	17.766033133448524	33.13344852119118	0.0
36.0	28.95619473523732	15.387742656774062	17.552596808618762	38.10346579936986	0.0
37.0	35.02135448444173	18.48688224527151	17.79540370144397	28.696359568842787	0.0
38.0	32.60427263479146	18.514750762970497	16.795523906408953	32.08545269582909	0.0
39.0	35.56527933245141	18.143889284623995	15.7525185712832	30.538312811641394	0.0
40.0	27.296801792625793	22.65227133835812	18.639234059889997	31.411692809126095	0.0
41.0	28.081632653061224	15.816326530612246	25.173469387755105	30.928571428571427	0.0
42.0	35.45482451652512	16.48419113885194	18.755755653330606	29.305228691292335	0.0
43.0	34.21133545147074	18.335553961258583	17.720610843496974	29.7324997437737	0.0
44.0	30.69337442218798	22.16743708269132	16.12737544940935	31.01181304571135	0.0
45.0	32.445546689670046	16.778089281863274	17.996549493206814	32.77981453525987	0.0
46.0	31.308411214953267	16.757226689850032	18.13736144316453	33.79700065203217	0.0
47.0	29.65704953728906	17.73543821448013	19.259662493195428	33.347849755035384	0.0
48.0	28.132490738723032	18.206580954456307	18.33732839398562	35.32359991283504	0.0
49.0	31.193460490463217	17.82016348773842	18.397820163487737	32.58855585831063	0.0
50.0	27.657254987463208	20.68025727679058	18.521748610051237	33.14073912569497	0.0
51.0	30.516790231138245	18.676406454426516	18.07675534234627	32.73004797208897	0.0
52.0	28.753680078508342	18.024206738632646	20.215897939156037	33.006215243702975	0.0
53.0	30.154920357844205	19.157756927776564	19.343224961815405	31.344097752563822	0.0
54.0	27.525638228234783	23.161684486144445	18.775910975343663	30.536766310277113	0.0
55.0	29.732678668848884	18.02509547190398	19.43262411347518	32.80960174577196	0.0
56.0	27.464250627660736	18.9389804606484	19.997816832223556	33.59895207946731	0.0
57.0	30.198776758409785	17.518567059851463	18.81826124945391	33.46439493228484	0.0
58.0	30.24603608529251	18.950246036085293	18.545653362493166	32.25806451612903	0.0
59.0	27.3025596149639	19.251804856705316	20.640997593524393	32.80463793480639	0.0
60.0	29.854501695656932	17.197243190022974	19.95405316704956	32.99420194727054	0.0
61.0	29.240534033705405	17.62967826657912	21.05493543444955	32.074852265265925	0.0
62.0	28.619897121593517	18.76983692678122	20.936850169639925	31.673415781985337	0.0
63.0	31.925139542519425	17.91616504323082	19.50311918572836	30.655576228521397	0.0
64.0	27.77716974937069	18.102221735799496	21.965634234431434	32.15497428039838	0.0
65.0	30.481927710843376	18.203723986856517	19.802847754654984	31.511500547645127	0.0
66.0	29.356994194325775	17.32938985650126	21.546719246357764	31.766896702815206	0.0
67.0	28.82655856250685	18.6589240714364	18.735619590226797	33.778897775829954	0.0
68.0	26.380368098159508	19.522348816827346	20.3330411919369	33.764241893076246	0.0
69.0	26.945845209383908	20.18197763648323	21.026090769568075	31.846086384564785	0.0
70.0	26.603794275688124	19.903498190591073	20.12282048470227	33.36988704901853	0.0
71.0	29.455662862159787	18.426251097453907	19.183494293239683	32.93459174714662	0.0
72.0	27.61497091427944	19.438041927340578	21.742948084732742	31.204039073647238	0.0
73.0	29.421451311889342	18.190800307388297	20.430343616203757	31.95740476451861	0.0
74.0	29.27873531671973	17.32352618289604	21.396421121967286	32.00131737841695	0.0
75.0	29.4750713815067	17.94421260707226	22.23808477926642	30.34263123215462	0.0
76.0	29.37170474516696	18.310632688927946	19.035588752196837	33.282073813708266	0.0
77.0	28.325096101043385	19.209225700164744	19.055464030752333	33.41021416803954	0.0
78.0	29.335529928610654	18.87973640856672	19.42888522789676	32.35584843492587	0.0
79.0	28.590264806065267	20.272497527744203	18.547412372266784	32.589825293923745	0.0
80.0	29.597448306203255	17.509898812142545	20.501539815222174	32.39111306643203	0.0
81.0	27.068661971830988	17.319542253521128	19.817341549295776	35.79445422535211	0.0
82.0	28.8654121272147	17.145372510179378	20.964014526246284	33.02520083635964	0.0
83.0	29.090108922873803	17.757729123115855	22.43371107932666	30.718450874683683	0.0
84.0	27.6139115122166	18.54501430772617	20.724191063174114	33.116883116883116	0.0
85.0	30.20592445765885	16.94747274529237	20.955841867635723	31.89076092941306	0.0
86.0	29.742233972240584	17.558933685833882	21.128001762502755	31.570830579422783	0.0
87.0	32.19125261650325	17.671036686129778	21.350666519775256	28.787044177591714	0.0
88.0	32.30853994490358	19.18457300275482	16.738292011019283	31.76859504132231	0.0
89.0	31.35331716993608	17.191977077363894	17.720960987436634	33.73374476526339	0.0
90.0	29.743137471061626	16.425972880608533	19.799360599713374	34.03152904861647	0.0
91.0	28.188733325983904	19.85448131407783	17.418145739168782	34.53863962076949	0.0
92.0	28.580879920608666	16.83757856434006	18.877494762377328	35.704046752673946	0.0
93.0	32.25984338811073	17.436858939009596	19.300761001433774	31.002536671445903	0.0
94.0	30.26693139201412	17.71453783366424	19.589675711449374	32.428855062872266	0.0
95.0	30.987313844456704	16.646442360728074	20.330943188086046	32.03530060672918	0.0
96.0	30.52399338113624	16.8450082735797	19.34914506343078	33.28185328185328	0.0
97.0	29.875289703123276	17.470477872199535	20.163337379980135	32.490895044697055	0.0
98.0	31.14790286975718	19.02869757174393	18.785871964679913	31.037527593818986	0.0
99.0	29.785824685361007	17.995142415544272	20.755133583572533	31.46389931552219	0.0
100.0	30.5844587115342	16.006198804516274	19.437679876023907	33.97166260792561	0.0
101.0	32.009319871297016	17.59680461555531	18.87273937645623	31.521136136691446	0.0
102.0	31.98619461144511	17.15653529280784	19.739478957915832	31.11779113783122	0.0
103.0	28.976764968722073	19.7609472743521	18.487488829311886	32.77479892761394	0.0
104.0	28.80331355647599	17.586477107354753	19.399977611104894	34.21023172506437	0.0
105.0	30.186349348899867	17.613381230354737	20.475976650202064	31.724292770543332	0.0
106.0	32.238100596376725	18.723978845504668	17.238663215933386	31.799257342185218	0.0
107.0	29.86017140279657	18.64005412719892	18.876860622462786	32.622913847541724	0.0
108.0	32.572074618428495	17.671000565291127	17.456189937817975	32.30073487846241	0.0
109.0	28.550362976406536	18.058076225045372	20.530852994555353	32.86070780399274	0.0
110.0	26.84258416742493	18.585077343039128	19.438125568698815	35.13421292083713	0.0
111.0	31.342603145657627	18.532026441759744	19.500797811716435	30.624572600866195	0.0
112.0	28.764302059496565	17.780320366132724	20.4233409610984	33.03203661327231	0.0
113.0	29.6831955922865	18.790174471992653	16.747015610651975	34.77961432506887	0.0
114.0	31.568650017263206	17.550926458740935	18.448613189089656	32.4318103349062	0.0
115.0	25.951557093425603	20.19607843137255	19.192618223760093	34.65974625144175	0.0
116.0	28.920263858349728	17.625274852447635	18.09975697257262	35.35470431663002	0.0
117.0	30.42721151613652	18.853029951242164	19.746923612723474	30.972834919897842	0.0
118.0	29.72626674432149	17.49563191613279	20.337798485730925	32.44030285381479	0.0
119.0	26.83638911596403	18.696718439799138	23.2979096111176	31.168982833119234	0.0
120.0	27.367435327168444	20.449490811190447	20.71871707830973	31.464356783331382	0.0
121.0	30.30978643510913	19.385120863647032	18.880544473128374	31.42454822811547	0.0
122.0	26.477513538968683	17.694843418883917	19.649164115846478	36.17847892630092	0.0
123.0	30.57031526744598	16.48364623922541	19.045932223403	33.900106269925615	0.0
124.0	30.93772199857921	17.404688609992895	19.20435709211461	32.453232299313285	0.0
125.0	27.589073634204276	17.980997624703086	18.301662707838478	36.12826603325416	0.0
126.0	29.90709861838971	18.580276322058122	18.90185802763221	32.61076703191996	0.0
127.0	29.634495938843763	17.20019111323459	20.592451027233636	32.572861920688005	0.0
128.0	29.71223021582734	17.75779376498801	20.107913669064747	32.42206235011991	0.0
129.0	30.579308683608335	18.22232927857401	18.82452125737685	32.3738407804408	0.0
130.0	29.870601040029026	19.687991292780264	16.78558471399202	33.655822953198694	0.0
131.0	29.214710523121738	19.759679572763687	19.941740502488166	31.083869401626412	0.0
132.0	30.534909223833314	16.290971122212746	21.432923114414525	31.741196539539416	0.0
133.0	28.30994508846858	19.71934106162294	19.9633923123856	32.007321537522884	0.0
134.0	27.201469687691365	19.2896509491733	19.88977342314758	33.619105939987755	0.0
135.0	29.82693015834049	17.748864612740885	20.731557628574933	31.692647600343687	0.0
136.0	28.546776778010603	17.046715148527056	19.216072969308517	35.19043510415383	0.0
137.0	29.620472246260356	16.491531709729262	19.001112622079365	34.88688342193102	0.0
138.0	29.136690647482016	18.246092780947656	19.039940461423967	33.577276110146364	0.0
139.0	29.826963774430475	18.62317938503672	18.436449645213496	33.113407195319304	0.0
140.0	29.55966975231424	18.20115086314736	21.09081811358519	31.148361270953217	0.0
141.0	30.891759688950206	18.387056315063337	19.44061206572181	31.280571930264646	0.0
142.0	32.73345079285175	17.618927762396176	17.216209413541407	32.43141203121067	0.0
143.0	32.979931843998486	19.096301905843745	19.399217468130757	28.524548782027008	0.0
144.0	31.765749778172136	18.443402205602737	17.289897325389784	32.50095069083534	0.0
145.0	30.288767332400457	18.572700674214477	17.936649281261925	33.20188271212314	0.0
146.0	29.04008169517488	18.777125351033956	18.39417921878989	33.78861373500128	0.0
147.0	29.484060939700424	17.692997055434642	19.152477275636922	33.67046472922801	0.0
148.0	29.55684007707129	17.94476557482338	19.07514450867052	33.42324983943481	0.0
149.0	30.62120625080718	18.64910241508459	18.067932325971846	32.66175900813638	0.0
150.0	28.46582803786798	17.274024121385033	20.37349241343535	33.88665542731164	0.0
151.0	29.928338762214985	18.97068403908795	19.86970684039088	31.23127035830619	0.0
152.0	28.930159560554536	18.44101490975674	17.1200627779231	35.50876275176563	0.0
153.0	30.33368365738308	18.260641093011035	19.403573305307408	32.00210194429848	0.0
154.0	30.768215417106653	18.28141499472017	18.782998944033793	32.16737064413939	0.0
155.0	29.003582327185885	20.61828313652647	17.99124320021229	32.386891336075365	0.0
156.0	31.041833200106584	16.71995736743938	19.984012789768187	32.25419664268585	0.0
157.0	31.103678929765888	18.996655518394647	19.331103678929765	30.5685618729097	0.0
158.0	27.699530516431924	20.496311200536553	18.61837692823608	33.18578135479544	0.0
159.0	33.47257781970085	15.49656380541706	19.929928581053765	31.100929793828325	0.0
160.0	26.95793318003517	18.585148113079942	21.263357229811987	33.193561477072905	0.0
161.0	29.23452768729642	16.870249728555915	20.765472312703583	33.12975027144408	0.0
162.0	30.2205281786006	18.867410835829023	20.33759869316635	30.574462292404032	0.0
163.0	28.669035255534297	17.901065864990436	19.56818802951626	33.861710849959	0.0
164.0	27.748044462741866	17.64786606285165	19.047619047619047	35.55647042678743	0.0
165.0	28.72311086596801	16.409266409266408	21.566464423607282	33.3011583011583	0.0
166.0	27.152960754402994	18.887810289834974	20.274580502010817	33.684648453751215	0.0
167.0	27.883944762170454	18.147579857720743	20.574696610405915	33.393778769702884	0.0
168.0	29.329413411731764	18.017639647207055	19.459610807783847	33.193336133277334	0.0
169.0	27.513376513658123	18.375105604055193	20.219656434807096	33.891861447479585	0.0
170.0	27.59597676724749	17.892052698682534	18.430372574018982	36.081597960051	0.0
171.0	30.31468033603873	16.27509611277232	18.624519436138403	34.78570411505055	0.0
172.0	27.76426834501502	19.62523244171077	17.55113717636962	35.05936203690459	0.0
173.0	29.035503809113123	17.263188155814287	19.189305735230704	34.51200229984189	0.0
174.0	30.493273542600896	18.89194271662086	18.978735715318965	31.636048025459278	0.0
175.0	28.953488372093023	17.5	20.828488372093023	32.718023255813954	0.0
176.0	28.277071459886017	17.580008768084173	17.843051293292415	36.299868478737395	0.0
177.0	26.98692522403408	18.95107977082415	20.214485088879094	33.847509916262666	0.0
178.0	27.18274486630226	18.7472300192052	20.992761116856258	33.07726399763628	0.0
179.0	28.425115036366332	17.069912423927562	21.137004601454652	33.36796793825145	0.0
180.0	29.890898221491558	16.439994021820358	19.832610969959646	33.836496786728446	0.0
181.0	29.70535177390258	17.75405892964522	18.265183403487672	34.27540589296452	0.0
182.0	28.992294908596467	18.70373168152289	19.126756307599337	33.17721710228131	0.0
183.0	30.030395136778115	19.878419452887538	19.544072948328267	30.547112462006076	0.0
184.0	31.268165825302123	20.085666207740555	17.546275049716993	31.099892917240325	0.0
185.0	29.45975065414807	19.408957980606434	19.97845159304294	31.152839772202555	0.0
186.0	29.47743836253683	18.654054892231354	20.85594665839665	31.012560086835165	0.0
187.0	30.590256089943786	21.830106183635227	17.286071205496565	30.29356652092442	0.0
188.0	30.26108839257628	17.584145957848378	18.606480025165144	33.54828562441019	0.0
189.0	29.620253164556964	18.781645569620252	19.95253164556962	31.645569620253166	0.0
190.0	30.978954081632654	17.98469387755102	17.777423469387756	33.25892857142857	0.0
191.0	28.289156626506024	18.69879518072289	18.50602409638554	34.50602409638554	0.0
192.0	31.356069177307255	18.15096169387425	19.072248262485857	31.420720866332637	0.0
193.0	30.257161458333332	18.5546875	18.9453125	32.24283854166667	0.0
194.0	29.395379321645095	19.138128789120103	19.957398000983122	31.509093888251677	0.0
195.0	29.257425742574256	20.165016501650165	19.026402640264024	31.551155115511552	0.0
196.0	29.316935349842115	18.946318763503406	18.497590161209907	33.239155725444576	0.0
197.0	28.276556469206245	19.298540023493874	20.30542037254573	32.11948313475415	0.0
198.0	28.220440197918446	21.08855144173349	19.02405732810101	31.66695103224706	0.0
199.0	29.20809659090909	22.0703125	18.5546875	30.16690340909091	0.0
200.0	23.278008298755186	18.734439834024897	22.219917012448132	35.767634854771785	0.0
201.0	30.955223880597018	17.34328358208955	20.388059701492537	31.313432835820898	0.0
202.0	30.167765128819653	19.41282204913122	20.401437986818454	30.017974835230675	0.0
203.0	29.843561973525873	18.71239470517449	20.276774969915763	31.167268351383875	0.0
204.0	31.338773043215472	18.283469326080386	22.423692958597762	27.954064672106377	0.0
205.0	29.118541033434653	17.659574468085108	23.282674772036476	29.93920972644377	0.0
206.0	29.56841138659321	22.161003979185796	19.712274257728804	28.558310376492198	0.0
207.0	28.89710412815773	19.47011706715958	20.455945779420826	31.176833025261864	0.0
208.0	27.74512836374884	17.32137333745747	23.10547479121559	31.828023507578102	0.0
209.0	26.223885251013407	19.519800436545058	19.550982226379794	34.70533208606174	0.0
210.0	28.884711779448622	16.917293233082706	20.739348370927317	33.45864661654135	0.0
211.0	30.37574992106094	18.629617934954215	20.271550363119673	30.723081780865176	0.0
212.0	24.539097266369993	17.768595041322314	23.744437380801017	33.94787031150667	0.0
213.0	28.896728672225784	19.91661321359846	18.441308531109684	32.745349583066066	0.0
214.0	30.235559858018718	21.039044853178446	19.393352694417555	29.33204259438529	0.0
215.0	26.212959947899705	18.723542819928362	19.798111364376425	35.26538586779551	0.0
216.0	29.365340348569553	17.987504110489972	21.473199605392963	31.173955935547514	0.0
217.0	24.757768125626463	21.984630805212163	23.32108252589375	29.936518543267628	0.0
218.0	26.481671805412816	19.253168893456664	18.53374443302501	35.73141486810552	0.0
219.0	22.31404958677686	24.267468069120962	23.628850488354622	29.789631855747555	0.0
220.0	13.859154929577464	24.225352112676056	20.507042253521128	41.40845070422535	0.0
